Date,Open,High,Low,Close,Volume,Dividends,Stock Splits,Capital Gains
2023-12-07 00:00:00-05:00,30.188550199445466,30.347488403320312,30.15356362249577,30.347488403320312,9712300,0.0,0.0,0.0
2023-12-08 00:00:00-05:00,30.498434681280525,30.56041145324707,30.498434681280525,30.56041145324707,2100,0.0,0.0,0.0
2023-12-11 00:00:00-05:00,30.364484287108734,30.574405670166016,30.364484287108734,30.574405670166016,1800,0.0,0.0,0.0
2023-12-12 00:00:00-05:00,30.598396089936927,30.849300384521484,30.598396089936927,30.849300384521484,3000,0.0,0.0,0.0
2023-12-13 00:00:00-05:00,30.978252513961266,31.098207864949167,30.968256075826805,31.094209671020508,8800,0.0,0.0,0.0
2023-12-14 00:00:00-05:00,30.96825635876843,30.96825635876843,30.658374400271406,30.818313598632812,4000,0.0,0.0,0.0
2023-12-15 00:00:00-05:00,30.944263458251953,30.944263458251953,30.944263458251953,30.944263458251953,0,0.0,0.0,0.0
2023-12-18 00:00:00-05:00,31.048225351029522,31.229156494140625,31.048225351029522,31.229156494140625,600,0.0,0.0,0.0
2023-12-19 00:00:00-05:00,31.258145246301495,31.376100540161133,31.258145246301495,31.376100540161133,4000,0.0,0.0,0.0
2023-12-20 00:00:00-05:00,31.243150618596438,31.243150618596438,30.961257934570312,30.961257934570312,3600,0.0,0.0,0.0
2023-12-21 00:00:00-05:00,31.193170274268144,31.30812644958496,31.193170274268144,31.30812644958496,200,0.0,0.0,0.0
2023-12-22 00:00:00-05:00,31.418084979061145,31.418084979061145,31.307126998901367,31.307126998901367,8100,0.0,0.0,0.0
2023-12-26 00:00:00-05:00,31.428081523878024,31.498054681581984,31.42308235168457,31.42308235168457,6600,0.0,0.0,0.0
2023-12-27 00:00:00-05:00,31.429080963134766,31.429080963134766,31.429080963134766,31.429080963134766,0,0.0,0.0,0.0
2023-12-28 00:00:00-05:00,31.49005699157715,31.49005699157715,31.49005699157715,31.49005699157715,0,0.0,0.0,0.0
2023-12-29 00:00:00-05:00,31.458068148498594,31.458068148498594,31.431079864501953,31.431079864501953,300,0.0,0.0,0.0
2024-01-02 00:00:00-05:00,30.90028190612793,30.90028190612793,30.90028190612793,30.90028190612793,100,0.0,0.0,0.0
2024-01-03 00:00:00-05:00,30.69536018371582,30.69536018371582,30.69536018371582,30.69536018371582,0,0.0,0.0,0.0
2024-01-04 00:00:00-05:00,30.569406509399414,30.569406509399414,30.569406509399414,30.569406509399414,100,0.0,0.0,0.0
2024-01-05 00:00:00-05:00,30.55840933269619,30.630382537841797,30.55840933269619,30.630382537841797,400,0.0,0.0,0.0
2024-01-08 00:00:00-05:00,31.329116821289062,31.329116821289062,31.329116821289062,31.329116821289062,100,0.0,0.0,0.0
2024-01-09 00:00:00-05:00,31.405088424682617,31.405088424682617,31.405088424682617,31.405088424682617,100,0.0,0.0,0.0
2024-01-10 00:00:00-05:00,31.80093765258789,31.80093765258789,31.80093765258789,31.80093765258789,100,0.0,0.0,0.0
2024-01-11 00:00:00-05:00,31.917896589484485,31.943885803222656,31.917896589484485,31.943885803222656,800,0.0,0.0,0.0
2024-01-12 00:00:00-05:00,31.9678760317937,32.02785465876558,31.9678760317937,31.97687339782715,2300,0.0,0.0,0.0
2024-01-16 00:00:00-05:00,31.957878953747812,31.957878953747812,31.92489242553711,31.92489242553711,600,0.0,0.0,0.0
2024-01-17 00:00:00-05:00,31.70797393172141,31.839923858642578,31.70797393172141,31.839923858642578,800,0.0,0.0,0.0
2024-01-18 00:00:00-05:00,32.32674026489258,32.32674026489258,32.32674026489258,32.32674026489258,100,0.0,0.0,0.0
2024-01-19 00:00:00-05:00,32.852542877197266,32.852542877197266,32.852542877197266,32.852542877197266,100,0.0,0.0,0.0
2024-01-22 00:00:00-05:00,33.02747667383566,33.03247203297978,32.955501556396484,32.955501556396484,700,0.0,0.0,0.0
2024-01-23 00:00:00-05:00,33.00648498535156,33.00648498535156,33.00648498535156,33.00648498535156,100,0.0,0.0,0.0
2024-01-24 00:00:00-05:00,33.289371490478516,33.289371490478516,33.289371490478516,33.289371490478516,0,0.0,0.0,0.0
2024-01-25 00:00:00-05:00,33.467306243030606,33.467306243030606,33.39433587196394,33.422325134277344,300,0.0,0.0,0.0
2024-01-26 00:00:00-05:00,33.42732003702387,33.42732003702387,33.290374755859375,33.290374755859375,400,0.0,0.0,0.0
2024-01-29 00:00:00-05:00,33.707218170166016,33.707218170166016,33.707218170166016,33.707218170166016,100,0.0,0.0,0.0
2024-01-30 00:00:00-05:00,33.572269439697266,33.572269439697266,33.572269439697266,33.572269439697266,100,0.0,0.0,0.0
2024-01-31 00:00:00-05:00,33.20740784066772,33.20740784066772,33.01348114013672,33.01348114013672,9200,0.0,0.0,0.0
2024-02-01 00:00:00-05:00,33.407326342827666,33.47930145263672,33.407326342827666,33.47930145263672,1000,0.0,0.0,0.0
2024-02-02 00:00:00-05:00,34.2770007353434,34.37696129759086,34.263006104098714,34.307987213134766,1700,0.0,0.0,0.0
2024-02-05 00:00:00-05:00,34.45693322879576,34.46692775984506,34.23701541320056,34.44993591308594,1300,0.0,0.0,0.0
2024-02-06 00:00:00-05:00,34.31698757656235,34.33098220825195,34.3019900598225,34.33098220825195,2000,0.0,0.0,0.0
2024-02-07 00:00:00-05:00,34.79479975929696,34.826789119962605,34.79479975929696,34.81479263305664,800,0.0,0.0,0.0
2024-02-08 00:00:00-05:00,34.90675706829362,34.90675706829362,34.86577606201172,34.86577606201172,400,0.0,0.0,0.0
2024-02-09 00:00:00-05:00,35.09668837064953,35.30060958862305,35.09668837064953,35.30060958862305,500,0.0,0.0,0.0
2024-02-12 00:00:00-05:00,35.24663217350887,35.24663217350887,35.016719818115234,35.016719818115234,800,0.0,0.0,0.0
2024-02-13 00:00:00-05:00,34.42694250589012,34.561893463134766,34.42694250589012,34.561893463134766,200,0.0,0.0,0.0
2024-02-14 00:00:00-05:00,34.81679599868392,35.02971267700195,34.81679599868392,35.02971267700195,2000,0.0,0.0,0.0
2024-02-15 00:00:00-05:00,34.906761169433594,34.906761169433594,34.906761169433594,34.906761169433594,100,0.0,0.0,0.0
2024-02-16 00:00:00-05:00,34.95674231404112,35.006722593847044,34.697837829589844,34.697837829589844,1200,0.0,0.0,0.0
2024-02-20 00:00:00-05:00,34.509912206646874,34.509912206646874,34.15205001831055,34.15205001831055,400,0.0,0.0,0.0
2024-02-21 00:00:00-05:00,33.987109455729716,34.11606216430664,33.987109455729716,34.11606216430664,100,0.0,0.0,0.0
2024-02-22 00:00:00-05:00,35.34659216931506,35.417564392089844,35.33659382587451,35.417564392089844,300,0.0,0.0,0.0
2024-02-23 00:00:00-05:00,35.69646250977049,35.69646250977049,35.4295654296875,35.4295654296875,500,0.0,0.0,0.0
2024-02-26 00:00:00-05:00,35.360591888427734,35.360591888427734,35.360591888427734,35.360591888427734,100,0.0,0.0,0.0
2024-02-27 00:00:00-05:00,35.258628845214844,35.258628845214844,35.258628845214844,35.258628845214844,100,0.0,0.0,0.0
2024-02-28 00:00:00-05:00,35.06969835754367,35.06969835754367,35.0597038269043,35.0597038269043,100,0.0,0.0,0.0
2024-02-29 00:00:00-05:00,35.18665412298373,35.420562744140625,35.18665412298373,35.420562744140625,300,0.0,0.0,0.0
2024-03-01 00:00:00-05:00,35.879390716552734,35.879390716552734,35.879390716552734,35.879390716552734,100,0.0,0.0,0.0
2024-03-04 00:00:00-05:00,35.98635136374635,35.98635136374635,35.83640670776367,35.83640670776367,500,0.0,0.0,0.0
2024-03-05 00:00:00-05:00,35.26762390136719,35.26762390136719,35.26762390136719,35.26762390136719,100,0.0,0.0,0.0
2024-03-06 00:00:00-05:00,35.59650335509077,35.63448715209961,35.58650500996908,35.63448715209961,5100,0.0,0.0,0.0
2024-03-07 00:00:00-05:00,36.136297000003196,36.241256736737924,36.136297000003196,36.231258392333984,500,0.0,0.0,0.0
2024-03-08 00:00:00-05:00,36.06132376293199,36.06132376293199,35.806419372558594,35.806419372558594,700,0.0,0.0,0.0
2024-03-11 00:00:00-04:00,35.706459707473876,35.706459707473876,35.42656326293945,35.42656326293945,400,0.0,0.0,0.0
2024-03-12 00:00:00-04:00,36.338218688964844,36.338218688964844,36.338218688964844,36.338218688964844,100,0.0,0.0,0.0
2024-03-13 00:00:00-04:00,36.196271361868625,36.196271361868625,36.099308013916016,36.099308013916016,500,0.0,0.0,0.0
2024-03-14 00:00:00-04:00,36.117305755615234,36.117305755615234,36.117305755615234,36.117305755615234,100,0.0,0.0,0.0
2024-03-15 00:00:00-04:00,35.59349822998047,35.59349822998047,35.59349822998047,35.59349822998047,100,0.0,0.0,0.0
2024-03-18 00:00:00-04:00,35.96735763549805,35.96735763549805,35.96735763549805,35.96735763549805,100,0.0,0.0,0.0
2024-03-19 00:00:00-04:00,36.242252349853516,36.242252349853516,36.242252349853516,36.242252349853516,100,0.0,0.0,0.0
2024-03-20 00:00:00-04:00,36.106303999657975,36.50815200805664,36.106303999657975,36.50815200805664,415200,0.0,0.0,0.0
2024-03-21 00:00:00-04:00,36.68008804321289,36.68008804321289,36.68008804321289,36.68008804321289,100,0.0,0.0,0.0
2024-03-22 00:00:00-04:00,36.57613062284685,36.598121643066406,36.57613062284685,36.598121643066406,200,0.0,0.0,0.0
2024-03-25 00:00:00-04:00,36.484161376953125,36.484161376953125,36.484161376953125,36.484161376953125,100,0.0,0.0,0.0
2024-03-26 00:00:00-04:00,36.60611333939825,36.60611333939825,36.31422424316406,36.31422424316406,400,0.0,0.0,0.0
2024-03-27 00:00:00-04:00,36.25725173950195,36.25725173950195,36.25725173950195,36.25725173950195,100,0.0,0.0,0.0
2024-03-28 00:00:00-04:00,36.26024627685547,36.26024627685547,36.26024627685547,36.26024627685547,100,0.0,0.0,0.0
2024-04-01 00:00:00-04:00,36.29323196411133,36.29323196411133,36.29323196411133,36.29323196411133,100,0.0,0.0,0.0
2024-04-02 00:00:00-04:00,35.92637380743923,36.03033447265625,35.92637380743923,36.03033447265625,300,0.0,0.0,0.0
2024-04-03 00:00:00-04:00,36.14029312133789,36.14029312133789,36.14029312133789,36.14029312133789,100,0.0,0.0,0.0
2024-04-04 00:00:00-04:00,35.6414794921875,35.6414794921875,35.6414794921875,35.6414794921875,100,0.0,0.0,0.0
2024-04-05 00:00:00-04:00,36.296234130859375,36.296234130859375,36.296234130859375,36.296234130859375,100,0.0,0.0,0.0
2024-04-08 00:00:00-04:00,36.20726776123047,36.20726776123047,36.20726776123047,36.20726776123047,100,0.0,0.0,0.0
2024-04-09 00:00:00-04:00,36.20626894604861,36.20626894604861,35.98135196350092,36.09730911254883,5600,0.0,0.0,0.0
2024-04-10 00:00:00-04:00,36.06232452392578,36.06232452392578,36.06232452392578,36.06232452392578,100,0.0,0.0,0.0
2024-04-11 00:00:00-04:00,36.53813934326172,36.53813934326172,36.53813934326172,36.53813934326172,100,0.0,0.0,0.0
2024-04-12 00:00:00-04:00,36.27624276647426,36.27624276647426,35.978355407714844,35.978355407714844,300,0.0,0.0,0.0
2024-04-15 00:00:00-04:00,35.421566009521484,35.421566009521484,35.421566009521484,35.421566009521484,100,0.0,0.0,0.0
2024-04-16 00:00:00-04:00,35.536521911621094,35.536521911621094,35.536521911621094,35.536521911621094,100,0.0,0.0,0.0
2024-04-17 00:00:00-04:00,35.05670166015625,35.05670166015625,35.05670166015625,35.05670166015625,100,0.0,0.0,0.0
2024-04-18 00:00:00-04:00,34.78480885307647,34.78480885307647,34.733829498291016,34.733829498291016,300,0.0,0.0,0.0
2024-04-19 00:00:00-04:00,33.833168029785156,33.833168029785156,33.833168029785156,33.833168029785156,100,0.0,0.0,0.0
2024-04-22 00:00:00-04:00,34.150047302246094,34.150047302246094,34.150047302246094,34.150047302246094,100,0.0,0.0,0.0
2024-04-23 00:00:00-04:00,34.70783996582031,34.70783996582031,34.70783996582031,34.70783996582031,100,0.0,0.0,0.0
2024-04-24 00:00:00-04:00,34.711831437896514,34.711831437896514,34.644859313964844,34.644859313964844,300,0.0,0.0,0.0
2024-04-25 00:00:00-04:00,34.487917854607545,34.49691331339387,34.42494201660156,34.42494201660156,700,0.0,0.0,0.0
2024-04-26 00:00:00-04:00,35.01572036743164,35.01572036743164,35.01572036743164,35.01572036743164,100,0.0,0.0,0.0
2024-04-29 00:00:00-04:00,34.93175506591797,34.93175506591797,34.93175506591797,34.93175506591797,100,0.0,0.0,0.0
2024-04-30 00:00:00-04:00,34.39695739746094,34.39695739746094,34.39695739746094,34.39695739746094,500,0.0,0.0,0.0
2024-05-01 00:00:00-04:00,34.185035705566406,34.185035705566406,34.185035705566406,34.185035705566406,100,0.0,0.0,0.0
2024-05-02 00:00:00-04:00,34.56888961791992,34.56888961791992,34.56888961791992,34.56888961791992,100,0.0,0.0,0.0
2024-05-03 00:00:00-04:00,35.24763107299805,35.24763107299805,35.24763107299805,35.24763107299805,100,0.0,0.0,0.0
2024-05-06 00:00:00-04:00,35.74944305419922,35.74944305419922,35.74944305419922,35.74944305419922,100,0.0,0.0,0.0
2024-05-07 00:00:00-04:00,35.79142761230469,35.79142761230469,35.79142761230469,35.79142761230469,100,0.0,0.0,0.0
2024-05-08 00:00:00-04:00,35.753440856933594,35.753440856933594,35.753440856933594,35.753440856933594,100,0.0,0.0,0.0
2024-05-09 00:00:00-04:00,35.75644108012401,35.77143478393555,35.73345098849641,35.77143478393555,5300,0.0,0.0,0.0
2024-05-10 00:00:00-04:00,35.86040115356445,35.86040115356445,35.86040115356445,35.86040115356445,100,0.0,0.0,0.0
2024-05-13 00:00:00-04:00,35.75444412231445,35.75444412231445,35.75444412231445,35.75444412231445,100,0.0,0.0,0.0
2024-05-14 00:00:00-04:00,35.66647238245124,35.93537139892578,35.66647238245124,35.93537139892578,400,0.0,0.0,0.0
2024-05-15 00:00:00-04:00,36.636104583740234,36.636104583740234,36.636104583740234,36.636104583740234,100,0.0,0.0,0.0
2024-05-16 00:00:00-04:00,36.51215362548828,36.51215362548828,36.51215362548828,36.51215362548828,100,0.0,0.0,0.0
2024-05-17 00:00:00-04:00,36.40919271895802,36.40919271895802,36.383201599121094,36.383201599121094,400,0.0,0.0,0.0
2024-05-20 00:00:00-04:00,36.68608709176116,36.68608709176116,36.66209411621094,36.66209411621094,300,0.0,0.0,0.0
2024-05-21 00:00:00-04:00,36.7950439453125,36.7950439453125,36.7950439453125,36.7950439453125,100,0.0,0.0,0.0
2024-05-22 00:00:00-04:00,36.66909408569336,36.66909408569336,36.66909408569336,36.66909408569336,0,0.0,0.0,0.0
2024-05-23 00:00:00-04:00,37.17590086680472,37.17590086680472,36.76705551147461,36.76705551147461,1100,0.0,0.0,0.0
2024-05-24 00:00:00-04:00,37.08293533325195,37.08293533325195,37.08293533325195,37.08293533325195,100,0.0,0.0,0.0
2024-05-28 00:00:00-04:00,37.41080856323242,37.41080856323242,37.41080856323242,37.41080856323242,100,0.0,0.0,0.0
2024-05-29 00:00:00-04:00,37.33283996582031,37.33283996582031,37.33283996582031,37.33283996582031,100,0.0,0.0,0.0
2024-05-30 00:00:00-04:00,36.61011505126953,36.61011505126953,36.61011505126953,36.61011505126953,200,0.0,0.0,0.0
2024-05-31 00:00:00-04:00,36.55013656616211,36.55013656616211,36.55013656616211,36.55013656616211,100,0.0,0.0,0.0
2024-06-03 00:00:00-04:00,36.77804946899414,36.77804946899414,36.77804946899414,36.77804946899414,100,0.0,0.0,0.0
2024-06-04 00:00:00-04:00,36.98097229003906,36.98097229003906,36.98097229003906,36.98097229003906,100,0.0,0.0,0.0
2024-06-05 00:00:00-04:00,37.83765411376953,37.83765411376953,37.83765411376953,37.83765411376953,100,0.0,0.0,0.0
2024-06-06 00:00:00-04:00,37.812660217285156,37.812660217285156,37.812660217285156,37.812660217285156,100,0.0,0.0,0.0
2024-06-07 00:00:00-04:00,37.8326530456543,37.8326530456543,37.8326530456543,37.8326530456543,100,0.0,0.0,0.0
2024-06-10 00:00:00-04:00,38.075562329432536,38.075562329432536,37.985596290950234,38.05756759643555,700,0.0,0.0,0.0
2024-06-11 00:00:00-04:00,37.98559416289996,38.31346893310547,37.98559416289996,38.31346893310547,400,0.0,0.0,0.0
2024-06-12 00:00:00-04:00,38.75530087321358,38.93223190307617,38.75530087321358,38.93223190307617,500,0.0,0.0,0.0
2024-06-13 00:00:00-04:00,38.95722579956055,38.95722579956055,38.95722579956055,38.95722579956055,100,0.0,0.0,0.0
2024-06-14 00:00:00-04:00,39.03519655131741,39.0911750793457,39.03519655131741,39.0911750793457,100,0.0,0.0,0.0
2024-06-17 00:00:00-04:00,39.0851745465094,39.53200748600064,39.0851745465094,39.417049407958984,1000,0.0,0.0,0.0
2024-06-18 00:00:00-04:00,39.64396667480469,39.64396667480469,39.64396667480469,39.64396667480469,100,0.0,0.0,0.0
2024-06-20 00:00:00-04:00,39.327083587646484,39.327083587646484,39.327083587646484,39.327083587646484,100,0.0,0.0,0.0
2024-06-21 00:00:00-04:00,39.187137603759766,39.187137603759766,39.187137603759766,39.187137603759766,100,0.0,0.0,0.0
2024-06-24 00:00:00-04:00,38.622352600097656,38.622352600097656,38.622352600097656,38.622352600097656,100,0.0,0.0,0.0
2024-06-25 00:00:00-04:00,39.213130950927734,39.213130950927734,39.213130950927734,39.213130950927734,100,0.0,0.0,0.0
2024-06-26 00:00:00-04:00,39.42804718017578,39.42804718017578,39.42804718017578,39.42804718017578,100,0.0,0.0,0.0
2024-06-27 00:00:00-04:00,39.44704055786133,39.44704055786133,39.44704055786133,39.44704055786133,100,0.0,0.0,0.0
2024-06-28 00:00:00-04:00,39.74492459584424,39.74492459584424,39.237117767333984,39.237117767333984,600,0.0,0.0,0.0
2024-07-01 00:00:00-04:00,39.45003890991211,39.45003890991211,39.45003890991211,39.45003890991211,100,0.0,0.0,0.0
2024-07-02 00:00:00-04:00,39.6479606628418,39.6479606628418,39.6479606628418,39.6479606628418,100,0.0,0.0,0.0
2024-07-03 00:00:00-04:00,39.88887023925781,39.88887023925781,39.88887023925781,39.88887023925781,100,0.0,0.0,0.0
2024-07-05 00:00:00-04:00,40.33869934082031,40.33869934082031,40.33869934082031,40.33869934082031,200,0.0,0.0,0.0
2024-07-08 00:00:00-04:00,40.27272415161133,40.27272415161133,40.27272415161133,40.27272415161133,100,0.0,0.0,0.0
2024-07-09 00:00:00-04:00,40.30471491315408,40.32670593261719,40.30471491315408,40.32670593261719,200,0.0,0.0,0.0
2024-07-10 00:00:00-04:00,40.61460006260622,40.742549896240234,40.61460006260622,40.742549896240234,200,0.0,0.0,0.0
2024-07-11 00:00:00-04:00,39.8748779296875,39.8748779296875,39.8748779296875,39.8748779296875,100,0.0,0.0,0.0
2024-07-12 00:00:00-04:00,39.954848295631194,40.03281784057617,39.954848295631194,40.03281784057617,1000,0.0,0.0,0.0
2024-07-15 00:00:00-04:00,40.039817810058594,40.039817810058594,40.039817810058594,40.039817810058594,100,0.0,0.0,0.0
2024-07-16 00:00:00-04:00,39.98183822631836,39.98183822631836,39.98183822631836,39.98183822631836,100,0.0,0.0,0.0
2024-07-17 00:00:00-04:00,38.734310150146484,38.734310150146484,38.734310150146484,38.734310150146484,100,0.0,0.0,0.0
2024-07-18 00:00:00-04:00,38.373443603515625,38.373443603515625,38.373443603515625,38.373443603515625,100,0.0,0.0,0.0
2024-07-19 00:00:00-04:00,38.234500885009766,38.234500885009766,38.234500885009766,38.234500885009766,100,0.0,0.0,0.0
2024-07-22 00:00:00-04:00,38.903242789970406,39.014200763284045,38.60535544660357,38.94023132324219,3100,0.0,0.0,0.0
2024-07-23 00:00:00-04:00,38.90024948120117,38.90024948120117,38.90024948120117,38.90024948120117,100,0.0,0.0,0.0
2024-07-24 00:00:00-04:00,37.54875946044922,37.54875946044922,37.54875946044922,37.54875946044922,100,0.0,0.0,0.0
2024-07-25 00:00:00-04:00,37.102928161621094,37.102928161621094,37.102928161621094,37.102928161621094,100,0.0,0.0,0.0
2024-07-26 00:00:00-04:00,36.86201858520508,36.86201858520508,36.86201858520508,36.86201858520508,100,0.0,0.0,0.0
2024-07-29 00:00:00-04:00,36.95598609321993,36.95598609321993,36.925994873046875,36.925994873046875,600,0.0,0.0,0.0
2024-07-30 00:00:00-04:00,36.44218063354492,36.44218063354492,36.44218063354492,36.44218063354492,100,0.0,0.0,0.0
2024-07-31 00:00:00-04:00,37.38582475584756,37.4727897644043,37.29585871853811,37.4727897644043,687500,0.0,0.0,0.0
2024-08-01 00:00:00-04:00,36.89101028442383,36.89101028442383,36.89101028442383,36.89101028442383,100,0.0,0.0,0.0
2024-08-02 00:00:00-04:00,36.015342712402344,36.015342712402344,36.015342712402344,36.015342712402344,100,0.0,0.0,0.0
2024-08-05 00:00:00-04:00,33.787183892712875,35.11668145063641,33.787183892712875,34.717830657958984,1100,0.0,0.0,0.0
2024-08-06 00:00:00-04:00,35.274620056152344,35.274620056152344,35.274620056152344,35.274620056152344,100,0.0,0.0,0.0
2024-08-07 00:00:00-04:00,34.9867290124323,34.9867290124323,34.83678436279297,34.83678436279297,200,0.0,0.0,0.0
2024-08-08 00:00:00-04:00,35.83540725708008,35.83540725708008,35.83540725708008,35.83540725708008,100,0.0,0.0,0.0
2024-08-09 00:00:00-04:00,36.15428924560547,36.15428924560547,36.15428924560547,36.15428924560547,100,0.0,0.0,0.0
2024-08-12 00:00:00-04:00,36.38320297793473,36.38320297793473,36.276245092381096,36.28623962402344,800,0.0,0.0,0.0
2024-08-13 00:00:00-04:00,37.08493423461914,37.08493423461914,37.08493423461914,37.08493423461914,100,0.0,0.0,0.0
2024-08-14 00:00:00-04:00,37.354835510253906,37.354835510253906,37.354835510253906,37.354835510253906,100,0.0,0.0,0.0
2024-08-15 00:00:00-04:00,38.067562103271484,38.067562103271484,38.067562103271484,38.067562103271484,100,0.0,0.0,0.0
2024-08-16 00:00:00-04:00,38.115543365478516,38.115543365478516,38.115543365478516,38.115543365478516,100,0.0,0.0,0.0
2024-08-19 00:00:00-04:00,38.38144073962121,38.54637908935547,38.38144073962121,38.54637908935547,900,0.0,0.0,0.0
2024-08-20 00:00:00-04:00,38.550376892089844,38.550376892089844,38.550376892089844,38.550376892089844,100,0.0,0.0,0.0
2024-08-21 00:00:00-04:00,38.55537574098792,38.69032669067383,38.55537574098792,38.69032669067383,500,0.0,0.0,0.0
2024-08-22 00:00:00-04:00,38.05856704711914,38.05856704711914,38.05856704711914,38.05856704711914,100,0.0,0.0,0.0
2024-08-23 00:00:00-04:00,38.456417083740234,38.456417083740234,38.456417083740234,38.456417083740234,100,0.0,0.0,0.0
2024-08-26 00:00:00-04:00,38.15053176879883,38.15053176879883,38.15053176879883,38.15053176879883,100,0.0,0.0,0.0
2024-08-27 00:00:00-04:00,38.29547882080078,38.29547882080078,38.29547882080078,38.29547882080078,100,0.0,0.0,0.0
2024-08-28 00:00:00-04:00,38.195511708013896,38.195511708013896,37.99658966064453,37.99658966064453,200,0.0,0.0,0.0
2024-08-29 00:00:00-04:00,37.828651428222656,37.828651428222656,37.828651428222656,37.828651428222656,100,0.0,0.0,0.0
2024-08-30 00:00:00-04:00,38.29447555541992,38.29447555541992,38.29447555541992,38.29447555541992,100,0.0,0.0,0.0
2024-09-03 00:00:00-04:00,38.11554687195947,38.11554687195947,37.12892150878906,37.12892150878906,200,0.0,0.0,0.0
2024-09-04 00:00:00-04:00,36.987972259521484,36.987972259521484,36.987972259521484,36.987972259521484,100,0.0,0.0,0.0
2024-09-05 00:00:00-04:00,36.85702133178711,36.85702133178711,36.85702133178711,36.85702133178711,100,0.0,0.0,0.0
2024-09-06 00:00:00-04:00,36.186279296875,36.186279296875,36.186279296875,36.186279296875,100,0.0,0.0,0.0
2024-09-09 00:00:00-04:00,36.598121643066406,36.598121643066406,36.598121643066406,36.598121643066406,100,0.0,0.0,0.0
2024-09-10 00:00:00-04:00,36.856021881103516,36.856021881103516,36.856021881103516,36.856021881103516,100,0.0,0.0,0.0
2024-09-11 00:00:00-04:00,37.68870544433594,37.68870544433594,37.68870544433594,37.68870544433594,0,0.0,0.0,0.0
2024-09-12 00:00:00-04:00,38.000587463378906,38.000587463378906,38.000587463378906,38.000587463378906,100,0.0,0.0,0.0
2024-09-13 00:00:00-04:00,38.16652297973633,38.16652297973633,38.16652297973633,38.16652297973633,100,0.0,0.0,0.0
2024-09-16 00:00:00-04:00,38.08555221557617,38.08555221557617,38.08555221557617,38.08555221557617,100,0.0,0.0,0.0
2024-09-17 00:00:00-04:00,38.08055877685547,38.08055877685547,38.08055877685547,38.08055877685547,100,0.0,0.0,0.0
2024-09-18 00:00:00-04:00,37.90562438964844,37.90562438964844,37.90562438964844,37.90562438964844,100,0.0,0.0,0.0
2024-09-19 00:00:00-04:00,38.71132278442383,38.71132278442383,38.71132278442383,38.71132278442383,100,0.0,0.0,0.0
2024-09-20 00:00:00-04:00,38.715318343158444,38.715318343158444,38.538387298583984,38.538387298583984,1400,0.0,0.0,0.0
2024-09-23 00:00:00-04:00,38.685328580690225,38.685328580690225,38.562374114990234,38.562374114990234,300,0.0,0.0,0.0
2024-09-24 00:00:00-04:00,38.64634323120117,38.64634323120117,38.64634323120117,38.64634323120117,100,0.0,0.0,0.0
2024-09-25 00:00:00-04:00,38.68532801288846,38.69532254364983,38.64134216308594,38.64134216308594,1800,0.0,0.0,0.0
2024-09-26 00:00:00-04:00,38.80128860473633,38.80128860473633,38.80128860473633,38.80128860473633,100,0.0,0.0,0.0
2024-09-27 00:00:00-04:00,38.5513801574707,38.5513801574707,38.5513801574707,38.5513801574707,100,0.0,0.0,0.0
2024-09-30 00:00:00-04:00,38.69532318625987,38.69532318625987,38.69332504272461,38.69332504272461,200,0.0,0.0,0.0
2024-10-01 00:00:00-04:00,38.1765251159668,38.1765251159668,38.1765251159668,38.1765251159668,100,0.0,0.0,0.0
2024-10-02 00:00:00-04:00,38.25448989868164,38.25448989868164,38.25448989868164,38.25448989868164,100,0.0,0.0,0.0
2024-10-03 00:00:00-04:00,38.23149871826172,38.23149871826172,38.23149871826172,38.23149871826172,100,0.0,0.0,0.0
2024-10-04 00:00:00-04:00,38.5673713684082,38.5673713684082,38.5673713684082,38.5673713684082,100,0.0,0.0,0.0
2024-10-07 00:00:00-04:00,38.149532318115234,38.149532318115234,38.149532318115234,38.149532318115234,100,0.0,0.0,0.0
2024-10-08 00:00:00-04:00,38.807281494140625,38.807281494140625,38.807281494140625,38.807281494140625,100,0.0,0.0,0.0
2024-10-09 00:00:00-04:00,39.05618667602539,39.05618667602539,39.05618667602539,39.05618667602539,100,0.0,0.0,0.0
2024-10-10 00:00:00-04:00,39.058189392089844,39.058189392089844,39.058189392089844,39.058189392089844,0,0.0,0.0,0.0
2024-10-11 00:00:00-04:00,39.258111064856855,39.311092376708984,39.258111064856855,39.311092376708984,700,0.0,0.0,0.0
2024-10-14 00:00:00-04:00,39.75791931152344,39.75791931152344,39.75791931152344,39.75791931152344,100,0.0,0.0,0.0
2024-10-15 00:00:00-04:00,39.04219436645508,39.04219436645508,39.04219436645508,39.04219436645508,100,0.0,0.0,0.0
2024-10-16 00:00:00-04:00,39.133155822753906,39.133155822753906,39.133155822753906,39.133155822753906,100,0.0,0.0,0.0
2024-10-17 00:00:00-04:00,39.29509749050678,39.29509749050678,39.2351188659668,39.2351188659668,1200,0.0,0.0,0.0
2024-10-18 00:00:00-04:00,39.58498380337996,39.5949821472168,39.58498380337996,39.5949821472168,1000,0.0,0.0,0.0
2024-10-21 00:00:00-04:00,39.68994903564453,39.68994903564453,39.68994903564453,39.68994903564453,100,0.0,0.0,0.0
2024-10-22 00:00:00-04:00,39.784908294677734,39.784908294677734,39.784908294677734,39.784908294677734,100,0.0,0.0,0.0
2024-10-23 00:00:00-04:00,39.200130462646484,39.200130462646484,39.200130462646484,39.200130462646484,100,0.0,0.0,0.0
2024-10-24 00:00:00-04:00,39.37806701660156,39.37806701660156,39.37806701660156,39.37806701660156,700,0.0,0.0,0.0
2024-10-25 00:00:00-04:00,39.440040588378906,39.440040588378906,39.440040588378906,39.440040588378906,100,0.0,0.0,0.0
2024-10-28 00:00:00-04:00,39.50701904296875,39.50701904296875,39.50701904296875,39.50701904296875,100,0.0,0.0,0.0
2024-10-29 00:00:00-04:00,39.80690002441406,39.80690002441406,39.80690002441406,39.80690002441406,100,0.0,0.0,0.0
2024-10-30 00:00:00-04:00,39.6839485168457,39.6839485168457,39.6839485168457,39.6839485168457,100,0.0,0.0,0.0
2024-10-31 00:00:00-04:00,38.61935043334961,38.61935043334961,38.61935043334961,38.61935043334961,100,0.0,0.0,0.0
2024-11-01 00:00:00-04:00,38.91123962402344,38.91123962402344,38.91123962402344,38.91123962402344,100,0.0,0.0,0.0
2024-11-04 00:00:00-05:00,38.78928756713867,38.78928756713867,38.78928756713867,38.78928756713867,100,0.0,0.0,0.0
2024-11-05 00:00:00-05:00,39.31009292602539,39.31009292602539,39.31009292602539,39.31009292602539,100,0.0,0.0,0.0
2024-11-06 00:00:00-05:00,40.10478973388672,40.10478973388672,40.10478973388672,40.10478973388672,100,0.0,0.0,0.0
2024-11-07 00:00:00-05:00,40.66557693481445,40.66557693481445,40.66557693481445,40.66557693481445,100,0.0,0.0,0.0
2024-11-08 00:00:00-05:00,40.520633697509766,40.520633697509766,40.520633697509766,40.520633697509766,100,0.0,0.0,0.0
2024-11-11 00:00:00-05:00,40.409671783447266,40.409671783447266,40.409671783447266,40.409671783447266,100,0.0,0.0,0.0
2024-11-12 00:00:00-05:00,40.5836067199707,40.5836067199707,40.5836067199707,40.5836067199707,100,0.0,0.0,0.0
2024-11-13 00:00:00-05:00,40.54762268066406,40.54762268066406,40.54762268066406,40.54762268066406,100,0.0,0.0,0.0
2024-11-14 00:00:00-05:00,40.405677795410156,40.405677795410156,40.405677795410156,40.405677795410156,100,0.0,0.0,0.0
2024-11-15 00:00:00-05:00,39.469032287597656,39.469032287597656,39.469032287597656,39.469032287597656,100,0.0,0.0,0.0
2024-11-18 00:00:00-05:00,39.49002233750517,39.51001521188798,39.46403121948242,39.46403121948242,400,0.0,0.0,0.0
2024-11-19 00:00:00-05:00,39.95384979248047,39.95384979248047,39.95384979248047,39.95384979248047,100,0.0,0.0,0.0
2024-11-20 00:00:00-05:00,39.63497094944647,39.91486358642578,39.63497094944647,39.91486358642578,6900,0.0,0.0,0.0
2024-11-21 00:00:00-05:00,40.137779235839844,40.137779235839844,40.137779235839844,40.137779235839844,100,0.0,0.0,0.0
2024-11-22 00:00:00-05:00,40.128780364990234,40.128780364990234,40.128780364990234,40.128780364990234,100,0.0,0.0,0.0
2024-11-25 00:00:00-05:00,40.00482815213711,40.05181121826172,40.00482815213711,40.05181121826172,200,0.0,0.0,0.0
2024-11-26 00:00:00-05:00,40.2847205733335,40.463653564453125,40.2847205733335,40.463653564453125,300,0.0,0.0,0.0
2024-11-27 00:00:00-05:00,40.16876220703125,40.16876220703125,40.16876220703125,40.16876220703125,100,0.0,0.0,0.0
2024-11-29 00:00:00-05:00,40.55961608886719,40.55961608886719,40.55961608886719,40.55961608886719,100,0.0,0.0,0.0
2024-12-02 00:00:00-05:00,40.81752014160156,40.81752014160156,40.81752014160156,40.81752014160156,100,0.0,0.0,0.0
2024-12-03 00:00:00-05:00,41.04443359375,41.04443359375,41.04443359375,41.04443359375,100,0.0,0.0,0.0
2024-12-04 00:00:00-05:00,41.62520980834961,41.62520980834961,41.62520980834961,41.62520980834961,100,0.0,0.0,0.0
2024-12-05 00:00:00-05:00,41.526248931884766,41.526248931884766,41.526248931884766,41.526248931884766,100,0.0,0.0,0.0
2024-12-06 00:00:00-05:00,41.79814529418945,41.79814529418945,41.79814529418945,41.79814529418945,100,0.0,0.0,0.0
2024-12-09 00:00:00-05:00,41.34831619262695,41.34831619262695,41.34831619262695,41.34831619262695,100,0.0,0.0,0.0
2024-12-10 00:00:00-05:00,41.2503547668457,41.2503547668457,41.2503547668457,41.2503547668457,100,0.0,0.0,0.0
2024-12-11 00:00:00-05:00,41.88911056518555,41.88911056518555,41.88911056518555,41.88911056518555,100,0.0,0.0,0.0
2024-12-12 00:00:00-05:00,41.62022018432617,41.62022018432617,41.62022018432617,41.62022018432617,100,0.0,0.0,0.0
2024-12-13 00:00:00-05:00,41.37331008911133,41.37331008911133,41.37331008911133,41.37331008911133,100,0.0,0.0,0.0
2024-12-16 00:00:00-05:00,41.646206684600614,41.646206684600614,41.63821029663086,41.63821029663086,100,0.0,0.0,0.0
2024-12-17 00:00:00-05:00,41.449283599853516,41.449283599853516,41.449283599853516,41.449283599853516,100,0.0,0.0,0.0
2024-12-18 00:00:00-05:00,41.57423609592765,41.57423609592765,40.090797424316406,40.090797424316406,100,0.0,0.0,0.0
2024-12-19 00:00:00-05:00,40.25473434908419,40.25473434908419,39.963844299316406,39.963844299316406,200,0.0,0.0,0.0
2024-12-20 00:00:00-05:00,40.291717529296875,40.291717529296875,40.291717529296875,40.291717529296875,100,0.0,0.0,0.0
2024-12-23 00:00:00-05:00,40.7005615234375,40.7005615234375,40.7005615234375,40.7005615234375,100,0.0,0.0,0.0
2024-12-24 00:00:00-05:00,41.11440841027725,41.14939498901367,41.11440841027725,41.14939498901367,200,0.0,0.0,0.0
2024-12-26 00:00:00-05:00,41.172386169433594,41.172386169433594,41.172386169433594,41.172386169433594,100,0.0,0.0,0.0
2024-12-27 00:00:00-05:00,40.56061553955078,40.56061553955078,40.56061553955078,40.56061553955078,100,0.0,0.0,0.0
2024-12-30 00:00:00-05:00,39.893722551889205,40.18467712402344,39.893722551889205,40.18467712402344,400,0.009,0.0,0.0
2024-12-31 00:00:00-05:00,39.75874328613281,39.75874328613281,39.75874328613281,39.75874328613281,100,0.0,0.0,0.0
2025-01-02 00:00:00-05:00,39.87172317504883,39.87172317504883,39.87172317504883,39.87172317504883,100,0.0,0.0,0.0
2025-01-03 00:00:00-05:00,40.41963577270508,40.41963577270508,40.41963577270508,40.41963577270508,100,0.0,0.0,0.0
2025-01-06 00:00:00-05:00,40.7935797757629,40.967552185058594,40.7935797757629,40.967552185058594,100,0.0,0.0,0.0
2025-01-07 00:00:00-05:00,40.01370490966101,40.126686096191406,39.98870731677328,40.126686096191406,1400,0.0,0.0,0.0
2025-01-08 00:00:00-05:00,40.21767044067383,40.21767044067383,40.21767044067383,40.21767044067383,100,0.0,0.0,0.0
2025-01-10 00:00:00-05:00,39.49478530883789,39.49478530883789,39.49478530883789,39.49478530883789,100,0.0,0.0,0.0
2025-01-13 00:00:00-05:00,39.241825103759766,39.241825103759766,39.241825103759766,39.241825103759766,100,0.0,0.0,0.0
2025-01-14 00:00:00-05:00,39.11884307861328,39.11884307861328,39.11884307861328,39.11884307861328,100,0.0,0.0,0.0
2025-01-15 00:00:00-05:00,40.182674407958984,40.182674407958984,40.182674407958984,40.182674407958984,100,0.0,0.0,0.0
2025-01-16 00:00:00-05:00,39.99070739746094,39.99070739746094,39.99070739746094,39.99070739746094,100,0.0,0.0,0.0
2025-01-17 00:00:00-05:00,40.42963790893555,40.42963790893555,40.42963790893555,40.42963790893555,100,0.0,0.0,0.0
2025-01-21 00:00:00-05:00,40.813575744628906,40.813575744628906,40.813575744628906,40.813575744628906,100,0.0,0.0,0.0
2025-01-22 00:00:00-05:00,41.59945297241211,41.59945297241211,41.59945297241211,41.59945297241211,100,0.0,0.0,0.0
2025-01-23 00:00:00-05:00,41.72743225097656,41.72743225097656,41.72743225097656,41.72743225097656,100,0.0,0.0,0.0
2025-01-24 00:00:00-05:00,41.73343544325495,41.73343544325495,41.54346289165873,41.653446197509766,2200,0.0,0.0,0.0
2025-01-27 00:00:00-05:00,40.09368876959211,40.1166877746582,39.91371678732865,40.1166877746582,600,0.0,0.0,0.0
2025-01-28 00:00:00-05:00,40.99355025175315,41.12052917480469,40.99355025175315,41.12052917480469,3000,0.0,0.0,0.0
2025-01-29 00:00:00-05:00,40.95055653037091,40.99155044555664,40.93355709978077,40.99155044555664,1900,0.0,0.0,0.0
2025-01-30 00:00:00-05:00,40.80057907104492,40.80057907104492,40.80057907104492,40.80057907104492,100,0.0,0.0,0.0
2025-01-31 00:00:00-05:00,40.70359420776367,40.70359420776367,40.70359420776367,40.70359420776367,100,0.0,0.0,0.0
2025-02-03 00:00:00-05:00,40.58361470147551,40.58361470147551,40.36764907836914,40.36764907836914,200,0.0,0.0,0.0
2025-02-04 00:00:00-05:00,40.513623982771406,40.64560317993164,40.513623982771406,40.64560317993164,800,0.0,0.0,0.0
2025-02-05 00:00:00-05:00,40.961551666259766,40.961551666259766,40.961551666259766,40.961551666259766,200,0.0,0.0,0.0
2025-02-06 00:00:00-05:00,41.01354756322615,41.12052917480469,41.01354756322615,41.12052917480469,500,0.0,0.0,0.0
2025-02-07 00:00:00-05:00,40.73358917236328,40.73358917236328,40.73358917236328,40.73358917236328,100,0.0,0.0,0.0
2025-02-10 00:00:00-05:00,41.241512298583984,41.241512298583984,41.241512298583984,41.241512298583984,100,0.0,0.0,0.0
2025-02-11 00:00:00-05:00,41.03654098510742,41.03654098510742,41.03654098510742,41.03654098510742,100,0.0,0.0,0.0
2025-02-12 00:00:00-05:00,40.74858856201172,40.74858856201172,40.74858856201172,40.74858856201172,100,0.0,0.0,0.0
2025-02-13 00:00:00-05:00,40.51362555265196,40.752586364746094,40.51362555265196,40.752586364746094,300,0.0,0.0,0.0
2025-02-14 00:00:00-05:00,40.864566802978516,40.864566802978516,40.864566802978516,40.864566802978516,100,0.0,0.0,0.0
2025-02-18 00:00:00-05:00,40.78358149125752,40.836570739746094,40.78358149125752,40.836570739746094,300,0.0,0.0,0.0
2025-02-19 00:00:00-05:00,40.7615852355957,40.7615852355957,40.7615852355957,40.7615852355957,100,0.0,0.0,0.0
2025-02-20 00:00:00-05:00,40.49962615966797,40.49962615966797,40.49962615966797,40.49962615966797,100,0.0,0.0,0.0
2025-02-21 00:00:00-05:00,39.50678253173828,39.50678253173828,39.50678253173828,39.50678253173828,740700,0.0,0.0,0.0
2025-02-24 00:00:00-05:00,39.031856536865234,39.031856536865234,39.031856536865234,39.031856536865234,100,0.0,0.0,0.0
2025-02-25 00:00:00-05:00,38.1440002210749,38.720909118652344,38.1440002210749,38.720909118652344,300,0.0,0.0,0.0
2025-02-26 00:00:00-05:00,39.05885314941406,39.05885314941406,39.05885314941406,39.05885314941406,100,0.0,0.0,0.0
2025-02-27 00:00:00-05:00,38.09300231933594,38.09300231933594,38.09300231933594,38.09300231933594,100,0.0,0.0,0.0
2025-02-28 00:00:00-05:00,38.6969108581543,38.6969108581543,38.6969108581543,38.6969108581543,0,0.0,0.0,0.0
2025-03-03 00:00:00-05:00,37.6850700378418,37.6850700378418,37.6850700378418,37.6850700378418,100,0.0,0.0,0.0
2025-03-04 00:00:00-05:00,37.375118255615234,37.375118255615234,37.375118255615234,37.375118255615234,100,0.0,0.0,0.0
2025-03-05 00:00:00-05:00,37.92802810668945,37.92802810668945,37.92802810668945,37.92802810668945,100,0.0,0.0,0.0
2025-03-06 00:00:00-05:00,36.679229736328125,36.679229736328125,36.679229736328125,36.679229736328125,100,0.0,0.0,0.0
2025-03-07 00:00:00-05:00,36.59223937988281,36.59223937988281,36.59223937988281,36.59223937988281,100,0.0,0.0,0.0
2025-03-10 00:00:00-04:00,35.22445564247026,35.22445564247026,35.14447021484375,35.14447021484375,400,0.0,0.0,0.0
2025-03-11 00:00:00-04:00,34.97449584545218,35.19845962524414,34.97449584545218,35.19845962524414,200,0.0,0.0,0.0
2025-03-12 00:00:00-04:00,35.679386138916016,35.679386138916016,35.679386138916016,35.679386138916016,100,0.0,0.0,0.0
2025-03-13 00:00:00-04:00,34.8645133972168,34.8645133972168,34.8645133972168,34.8645133972168,100,0.0,0.0,0.0
2025-03-14 00:00:00-04:00,35.74937635645124,35.810367584228516,35.74937635645124,35.810367584228516,200,0.0,0.0,0.0
2025-03-17 00:00:00-04:00,35.991336822509766,35.991336822509766,35.991336822509766,35.991336822509766,100,0.0,0.0,0.0
2025-03-18 00:00:00-04:00,35.45042037963867,35.45042037963867,35.45042037963867,35.45042037963867,100,0.0,0.0,0.0
2025-03-19 00:00:00-04:00,35.544403823381224,35.98533630371094,35.544403823381224,35.98533630371094,500,0.0,0.0,0.0
2025-03-20 00:00:00-04:00,35.869354248046875,35.869354248046875,35.869354248046875,35.869354248046875,100,0.0,0.0,0.0
2025-03-21 00:00:00-04:00,35.97433853149414,35.97433853149414,35.97433853149414,35.97433853149414,100,0.0,0.0,0.0
2025-03-24 00:00:00-04:00,36.64423438086771,36.818206787109375,36.64423438086771,36.818206787109375,556100,0.0,0.0,0.0
2025-03-25 00:00:00-04:00,36.989178923596526,37.021175384521484,36.989178923596526,37.021175384521484,600,0.0,0.0,0.0
2025-03-26 00:00:00-04:00,36.52425056489459,36.52425056489459,36.18830490112305,36.18830490112305,200,0.0,0.0,0.0
2025-03-27 00:00:00-04:00,36.28429065830628,36.28429065830628,36.06832504272461,36.06832504272461,200,0.0,0.0,0.0
2025-03-28 00:00:00-04:00,35.514409678494964,35.514409678494964,35.01548767089844,35.01548767089844,2300,0.0,0.0,0.0
2025-03-31 00:00:00-04:00,34.55456394850666,35.0784797668457,34.55456394850666,35.0784797668457,400,0.0,0.0,0.0
2025-04-01 00:00:00-04:00,35.308441162109375,35.308441162109375,35.308441162109375,35.308441162109375,100,0.0,0.0,0.0
2025-04-02 00:00:00-04:00,35.651390075683594,35.651390075683594,35.651390075683594,35.651390075683594,100,0.0,0.0,0.0
2025-04-03 00:00:00-04:00,33.66469808090242,33.87666650964656,33.4857292175293,33.4857292175293,2000,0.0,0.0,0.0
2025-04-04 00:00:00-04:00,32.32991056420879,32.32991056420879,31.544034957885742,31.544034957885742,1500,0.0,0.0,0.0
2025-04-07 00:00:00-04:00,31.755002937084015,31.77899932861328,31.625022324046448,31.77899932861328,3700,0.0,0.0,0.0
2025-04-08 00:00:00-04:00,33.22477003737218,33.22477003737218,31.245082093612524,31.325069427490234,2200,0.0,0.0,0.0
2025-04-09 00:00:00-04:00,31.34506684883702,34.68254089355469,31.34506684883702,34.68254089355469,440000,0.0,0.0,0.0
2025-04-10 00:00:00-04:00,33.3247567414674,33.374748110227216,32.90482085287162,33.34975051879883,1700,0.0,0.0,0.0
2025-04-11 00:00:00-04:00,33.76568603515625,33.76568603515625,33.76568603515625,33.76568603515625,200,0.0,0.0,0.0
2025-04-14 00:00:00-04:00,33.884666442871094,33.884666442871094,33.884666442871094,33.884666442871094,100,0.0,0.0,0.0
2025-04-15 00:00:00-04:00,33.985652923583984,33.985652923583984,33.985652923583984,33.985652923583984,100,0.0,0.0,0.0
2025-04-16 00:00:00-04:00,33.019805908203125,33.019805908203125,33.019805908203125,33.019805908203125,100,0.0,0.0,0.0
2025-04-17 00:00:00-04:00,33.01780319213867,33.01780319213867,33.01780319213867,33.01780319213867,100,0.0,0.0,0.0
2025-04-21 00:00:00-04:00,32.20093536376953,32.20093536376953,32.20093536376953,32.20093536376953,100,0.0,0.0,0.0
2025-04-22 00:00:00-04:00,33.02579879760742,33.02579879760742,33.02579879760742,33.02579879760742,100,0.0,0.0,0.0
2025-04-23 00:00:00-04:00,33.88166809082031,33.88166809082031,33.88166809082031,33.88166809082031,100,0.0,0.0,0.0
2025-04-24 00:00:00-04:00,34.774525693018084,35.1544669630107,34.734534886253314,35.14447021484375,10600,0.0,0.0,0.0
2025-04-25 00:00:00-04:00,35.4044296422448,35.47241973876953,35.4044296422448,35.47241973876953,200,0.0,0.0,0.0
2025-04-28 00:00:00-04:00,35.409427642822266,35.409427642822266,35.409427642822266,35.409427642822266,100,0.0,0.0,0.0
2025-04-29 00:00:00-04:00,35.474417345187106,35.674386641280925,35.474417345187106,35.587398529052734,800,0.0,0.0,0.0
2025-04-30 00:00:00-04:00,35.73637771606445,35.73637771606445,35.73637771606445,35.73637771606445,100,0.0,0.0,0.0
2025-05-01 00:00:00-04:00,36.202301025390625,36.202301025390625,36.202301025390625,36.202301025390625,100,0.0,0.0,0.0
2025-05-02 00:00:00-04:00,36.83720016479492,36.83720016479492,36.83720016479492,36.83720016479492,100,0.0,0.0,0.0
2025-05-05 00:00:00-04:00,36.38427163018905,36.687225341796875,36.38427163018905,36.687225341796875,500,0.0,0.0,0.0
2025-05-06 00:00:00-04:00,36.43426513671875,36.43426513671875,36.43426513671875,36.43426513671875,100,0.0,0.0,0.0
2025-05-07 00:00:00-04:00,36.53824996948242,36.53824996948242,36.53824996948242,36.53824996948242,100,0.0,0.0,0.0
2025-05-08 00:00:00-04:00,36.627235412597656,36.627235412597656,36.627235412597656,36.627235412597656,100,0.0,0.0,0.0
2025-05-09 00:00:00-04:00,36.46925735473633,36.46925735473633,36.46925735473633,36.46925735473633,100,0.0,0.0,0.0
2025-05-12 00:00:00-04:00,37.800052642822266,37.800052642822266,37.800052642822266,37.800052642822266,100,0.0,0.0,0.0
2025-05-13 00:00:00-04:00,38.17399279768427,38.57393138453373,37.959026474719664,38.46894454956055,6100,0.0,0.0,0.0
2025-05-14 00:00:00-04:00,38.71390911030034,38.7379035949707,38.71390911030034,38.7379035949707,500,0.0,0.0,0.0
2025-05-15 00:00:00-04:00,38.68891143798828,38.68891143798828,38.68891143798828,38.68891143798828,100,0.0,0.0,0.0
2025-05-16 00:00:00-04:00,38.84388548340064,38.904876708984375,38.84388548340064,38.904876708984375,500,0.0,0.0,0.0
2025-05-19 00:00:00-04:00,38.946868896484375,38.946868896484375,38.946868896484375,38.946868896484375,100,0.0,0.0,0.0
2025-05-20 00:00:00-04:00,38.64391865731005,38.65391540527344,38.64391865731005,38.65391540527344,385100,0.0,0.0,0.0
2025-05-21 00:00:00-04:00,38.02101516723633,38.02101516723633,38.02101516723633,38.02101516723633,100,0.0,0.0,0.0
2025-05-22 00:00:00-04:00,38.07600784301758,38.07600784301758,38.07600784301758,38.07600784301758,100,0.0,0.0,0.0
2025-05-23 00:00:00-04:00,37.7060661315918,37.7060661315918,37.7060661315918,37.7060661315918,100,0.0,0.0,0.0
2025-05-27 00:00:00-04:00,38.423954010009766,38.423954010009766,38.423954010009766,38.423954010009766,100,0.0,0.0,0.0
2025-05-28 00:00:00-04:00,38.40495681762695,38.40495681762695,38.40495681762695,38.40495681762695,100,0.0,0.0,0.0
2025-05-29 00:00:00-04:00,38.406951904296875,38.406951904296875,38.406951904296875,38.406951904296875,100,0.0,0.0,0.0
2025-05-30 00:00:00-04:00,38.52393474510538,38.52393474510538,38.483943939208984,38.483943939208984,300,0.0,0.0,0.0
2025-06-02 00:00:00-04:00,38.75590133666992,38.75590133666992,38.75590133666992,38.75590133666992,100,0.0,0.0,0.0
2025-06-03 00:00:00-04:00,39.02985763549805,39.02985763549805,39.02985763549805,39.02985763549805,100,0.0,0.0,0.0
2025-06-04 00:00:00-04:00,39.27381896972656,39.27381896972656,39.27381896972656,39.27381896972656,100,0.0,0.0,0.0
2025-06-05 00:00:00-04:00,39.25282287597656,39.25282287597656,39.25282287597656,39.25282287597656,100,0.0,0.0,0.0
2025-06-06 00:00:00-04:00,39.65776062011719,39.65776062011719,39.65776062011719,39.65776062011719,100,0.0,0.0,0.0
2025-06-09 00:00:00-04:00,39.5767707824707,39.5767707824707,39.5767707824707,39.5767707824707,100,0.0,0.0,0.0
2025-06-10 00:00:00-04:00,39.643760681152344,39.643760681152344,39.643760681152344,39.643760681152344,100,0.0,0.0,0.0
2025-06-11 00:00:00-04:00,39.58877182006836,39.58877182006836,39.58877182006836,39.58877182006836,100,0.0,0.0,0.0
2025-06-12 00:00:00-04:00,39.650760650634766,39.650760650634766,39.650760650634766,39.650760650634766,100,0.0,0.0,0.0
2025-06-13 00:00:00-04:00,39.040855407714844,39.040855407714844,39.040855407714844,39.040855407714844,100,0.0,0.0,0.0
2025-06-16 00:00:00-04:00,39.5987663269043,39.5987663269043,39.5987663269043,39.5987663269043,100,0.0,0.0,0.0
2025-06-17 00:00:00-04:00,39.563773232113995,39.563773232113995,39.31581115722656,39.31581115722656,500,0.0,0.0,0.0
2025-06-18 00:00:00-04:00,39.06985092163086,39.06985092163086,39.06985092163086,39.06985092163086,100,0.0,0.0,0.0
2025-06-20 00:00:00-04:00,38.714908599853516,38.714908599853516,38.714908599853516,38.714908599853516,100,0.0,0.0,0.0
2025-06-23 00:00:00-04:00,39.13383901409386,39.20882797241211,39.13383901409386,39.20882797241211,200,0.0,0.0,0.0
2025-06-24 00:00:00-04:00,39.74374368108212,39.98470687866211,39.74374368108212,39.98470687866211,200,0.0,0.0,0.0
2025-06-25 00:00:00-04:00,40.14368438720703,40.14368438720703,40.14368438720703,40.14368438720703,100,0.0,0.0,0.0
2025-06-26 00:00:00-04:00,40.6576042175293,40.6576042175293,40.6576042175293,40.6576042175293,100,0.0,0.0,0.0
2025-06-27 00:00:00-04:00,40.952552795410156,40.952552795410156,40.952552795410156,40.952552795410156,100,0.0,0.0,0.0
2025-06-30 00:00:00-04:00,41.231510162353516,41.231510162353516,41.231510162353516,41.231510162353516,100,0.0,0.0,0.0
2025-07-01 00:00:00-04:00,40.99354770982009,40.99354770982009,40.619606018066406,40.619606018066406,485300,0.0,0.0,0.0
2025-07-02 00:00:00-04:00,40.78757858276367,40.78757858276367,40.78757858276367,40.78757858276367,100,0.0,0.0,0.0
2025-07-03 00:00:00-04:00,41.27350431558181,41.27350431558181,41.237510681152344,41.237510681152344,100,0.0,0.0,0.0
2025-07-07 00:00:00-04:00,41.12352838940252,41.12352838940252,41.080535888671875,41.080535888671875,300,0.0,0.0,0.0
2025-07-08 00:00:00-04:00,41.25350529263045,41.25350529263045,40.91156005859375,40.91156005859375,300,0.0,0.0,0.0
2025-07-09 00:00:00-04:00,41.24350731104118,41.291500091552734,41.24350731104118,41.291500091552734,300,0.0,0.0,0.0
2025-07-10 00:00:00-04:00,40.98455260199686,41.26850832101028,40.98455260199686,41.24051284790039,1200,0.0,0.0,0.0
2025-07-11 00:00:00-04:00,41.079532623291016,41.079532623291016,41.079532623291016,41.079532623291016,100,0.0,0.0,0.0
2025-07-14 00:00:00-04:00,41.20951461791992,41.20951461791992,41.20951461791992,41.20951461791992,100,0.0,0.0,0.0
2025-07-15 00:00:00-04:00,41.35849380493164,41.35849380493164,41.35849380493164,41.35849380493164,100,0.0,0.0,0.0
2025-07-16 00:00:00-04:00,41.38348507105353,41.439476013183594,41.38348507105353,41.439476013183594,100,0.0,0.0,0.0
2025-07-17 00:00:00-04:00,41.713436126708984,41.713436126708984,41.713436126708984,41.713436126708984,100,0.0,0.0,0.0
2025-07-18 00:00:00-04:00,41.61745071411133,41.61745071411133,41.61745071411133,41.61745071411133,100,0.0,0.0,0.0
2025-07-21 00:00:00-04:00,41.84341426604072,41.84341426604072,41.77042770385742,41.77042770385742,100,0.0,0.0,0.0
2025-07-22 00:00:00-04:00,41.293499307513585,41.29549789428711,41.293499307513585,41.29549789428711,100,0.0,0.0,0.0
2025-07-23 00:00:00-04:00,41.29349880671477,41.41347885131836,41.29349880671477,41.41347885131836,100,0.0,0.0,0.0
2025-07-24 00:00:00-04:00,41.64344846952539,41.768428802490234,41.64344846952539,41.768428802490234,100,0.0,0.0,0.0
2025-07-25 00:00:00-04:00,41.83341594692741,41.8574104309082,41.83341594692741,41.8574104309082,100,0.0,0.0,0.0
2025-07-28 00:00:00-04:00,42.063380841519944,42.08537673950195,42.063380841519944,42.08537673950195,100,0.0,0.0,0.0
2025-07-29 00:00:00-04:00,42.10337347923105,42.10337347923105,41.83041763305664,41.83041763305664,100,0.0,0.0,0.0
2025-07-30 00:00:00-04:00,41.8994026184082,41.8994026184082,41.8994026184082,41.8994026184082,200,0.0,0.0,0.0
2025-07-31 00:00:00-04:00,42.483317222090015,42.483317222090015,41.99139404296875,41.99139404296875,100,0.0,0.0,0.0
2025-08-01 00:00:00-04:00,41.0665397644043,41.0665397644043,41.0665397644043,41.0665397644043,100,0.0,0.0,0.0
2025-08-04 00:00:00-04:00,41.74043273925781,41.74043273925781,41.74043273925781,41.74043273925781,100,0.0,0.0,0.0
2025-08-05 00:00:00-04:00,41.36049270629883,41.36049270629883,41.36049270629883,41.36049270629883,100,0.0,0.0,0.0
2025-08-06 00:00:00-04:00,42.12736892700195,42.12736892700195,42.12736892700195,42.12736892700195,100,0.0,0.0,0.0
2025-08-07 00:00:00-04:00,41.92639923095703,41.92639923095703,41.92639923095703,41.92639923095703,100,0.0,0.0,0.0
2025-08-08 00:00:00-04:00,42.264347076416016,42.264347076416016,42.264347076416016,42.264347076416016,100,0.0,0.0,0.0
2025-08-11 00:00:00-04:00,42.09937286376953,42.09937286376953,42.09937286376953,42.09937286376953,100,0.0,0.0,0.0
2025-08-12 00:00:00-04:00,42.64728927612305,42.64728927612305,42.64728927612305,42.64728927612305,100,0.0,0.0,0.0
2025-08-13 00:00:00-04:00,42.513309478759766,42.513309478759766,42.513309478759766,42.513309478759766,100,0.0,0.0,0.0
2025-08-14 00:00:00-04:00,42.652286529541016,42.652286529541016,42.652286529541016,42.652286529541016,100,0.0,0.0,0.0
2025-08-15 00:00:00-04:00,42.50330722257199,42.50330722257199,42.47831344604492,42.47831344604492,100,0.0,0.0,0.0
2025-08-18 00:00:00-04:00,42.39332813703583,42.52930450439453,42.39332813703583,42.52930450439453,100,0.0,0.0,0.0
2025-08-19 00:00:00-04:00,41.865413665771484,41.865413665771484,41.865413665771484,41.865413665771484,100,0.0,0.0,0.0
2025-08-20 00:00:00-04:00,41.223510392742575,41.77342306595858,41.11352709528,41.75442886352539,56600,0.0,0.0,0.0
2025-08-21 00:00:00-04:00,41.53346468864908,41.773424789287816,41.52346412623253,41.57145690917969,8100,0.0,0.0,0.0
2025-08-22 00:00:00-04:00,42.25334957803247,42.353336133542875,42.04338353260628,42.1823616027832,4700,0.0,0.0,0.0
2025-08-25 00:00:00-04:00,42.27234467355138,42.3433326438935,42.113369303261805,42.11537170410156,2800,0.0,0.0,0.0
2025-08-26 00:00:00-04:00,42.15436350981872,42.33533477783203,42.15436350981872,42.33533477783203,1300,0.0,0.0,0.0
2025-08-27 00:00:00-04:00,42.38133078563781,42.395328521728516,42.34333475105044,42.395328521728516,1900,0.0,0.0,0.0
2025-08-28 00:00:00-04:00,42.573301619820604,42.78126525878906,42.573301619820604,42.78126525878906,400,0.0,0.0,0.0
2025-08-29 00:00:00-04:00,42.1733637174508,42.26334970944353,42.138369376903455,42.252349853515625,59300,0.0,0.0,0.0
2025-09-02 00:00:00-04:00,41.513468871853775,41.823421478271484,41.31349957139386,41.823421478271484,10700,0.0,0.0,0.0
2025-09-03 00:00:00-04:00,41.953396753669736,42.133368736119465,41.893408635584514,42.080379486083984,2100,0.0,0.0,0.0
2025-09-04 00:00:00-04:00,42.24335330688907,42.57330322265625,42.24335330688907,42.57330322265625,7400,0.0,0.0,0.0
2025-09-05 00:00:00-04:00,42.61529670603641,42.61529670603641,42.21335951818334,42.30834197998047,85300,0.0,0.0,0.0
2025-09-08 00:00:00-04:00,42.413322812498976,42.72327540291034,42.413322812498976,42.585296630859375,22900,0.0,0.0,0.0
2025-09-09 00:00:00-04:00,42.664287531671945,42.7852668762207,42.523307062156654,42.7852668762207,3400,0.0,0.0,0.0
2025-09-10 00:00:00-04:00,43.093215545780666,43.093215545780666,42.89325007236484,43.0422248840332,2500,0.0,0.0,0.0
2025-09-11 00:00:00-04:00,43.223197269401474,43.283189201431426,43.16320533737153,43.243194580078125,7200,0.0,0.0,0.0
2025-09-12 00:00:00-04:00,43.11321321517656,43.17320514615933,43.08321915673365,43.11721420288086,4300,0.0,0.0,0.0
2025-09-15 00:00:00-04:00,43.33318140520488,43.51515197753906,43.33318140520488,43.51515197753906,600,0.0,0.0,0.0
2025-09-16 00:00:00-04:00,43.43316402568835,43.43316402568835,43.363175344215904,43.39317321777344,600,0.0,0.0,0.0
2025-09-17 00:00:00-04:00,43.11321306419072,43.31318235266937,43.06322169559529,43.213199615478516,580400,0.0,0.0,0.0
2025-09-18 00:00:00-04:00,43.703119723591676,43.72311703355463,43.621131896972656,43.621131896972656,4900,0.0,0.0,0.0
2025-09-19 00:00:00-04:00,43.70312146944767,43.92308807373047,43.70312146944767,43.92308807373047,300,0.0,0.0,0.0
2025-09-22 00:00:00-04:00,44.224037170410156,44.224037170410156,44.224037170410156,44.224037170410156,300,0.0,0.0,0.0
2025-09-23 00:00:00-04:00,43.449164559215454,43.5411491394043,43.449164559215454,43.5411491394043,900,0.0,0.0,0.0
2025-09-24 00:00:00-04:00,43.46316134148488,43.46316134148488,43.23319798901264,43.24419403076172,300,0.0,0.0,0.0
2025-09-25 00:00:00-04:00,43.13321237330405,43.13321237330405,43.0242283622838,43.05622482299805,300,0.0,0.0,0.0
2025-09-26 00:00:00-04:00,42.873254878795336,43.104217529296875,42.873254878795336,43.104217529296875,300,0.0,0.0,0.0
2025-09-29 00:00:00-04:00,43.41316750119333,43.553148680771336,43.37317669255391,43.398170471191406,2000,0.0,0.0,0.0
2025-09-30 00:00:00-04:00,43.373175560518376,43.60913848876953,43.373175560518376,43.60913848876953,300,0.0,0.0,0.0
2025-10-01 00:00:00-04:00,43.4731581507906,43.80210494995117,43.4731581507906,43.80210494995117,200,0.0,0.0,0.0
2025-10-02 00:00:00-04:00,43.99507522583008,43.99507522583008,43.99507522583008,43.99507522583008,100,0.0,0.0,0.0
2025-10-03 00:00:00-04:00,43.96908187866211,43.96908187866211,43.96908187866211,43.96908187866211,100,0.0,0.0,0.0
2025-10-06 00:00:00-04:00,44.073066910876896,44.313027016797996,44.073066910876896,44.24403762817383,300,0.0,0.0,0.0
2025-10-07 00:00:00-04:00,44.023071798297366,44.023071798297366,43.90509033203125,43.90509033203125,300,0.0,0.0,0.0
2025-10-08 00:00:00-04:00,44.35302156532651,44.486000061035156,44.35302156532651,44.486000061035156,500,0.0,0.0,0.0
2025-10-09 00:00:00-04:00,44.38301492013747,44.529991149902344,44.38301492013747,44.529991149902344,400,0.0,0.0,0.0
2025-10-10 00:00:00-04:00,44.4430078124446,44.4430078124446,43.05722427368164,43.05722427368164,300,0.0,0.0,0.0
2025-10-13 00:00:00-04:00,43.84510040283203,43.84510040283203,43.84510040283203,43.84510040283203,100,0.0,0.0,0.0
2025-10-14 00:00:00-04:00,43.39317203496035,43.39317203496035,43.337181091308594,43.337181091308594,200,0.0,0.0,0.0
2025-10-15 00:00:00-04:00,43.88309411005858,43.88309411005858,43.51515197753906,43.51515197753906,300,0.0,0.0,0.0
2025-10-16 00:00:00-04:00,43.77310961153524,43.77310961153524,43.153208241934,43.36217498779297,1100,0.0,0.0,0.0
2025-10-17 00:00:00-04:00,43.42316688850882,43.53614807128906,43.42316688850882,43.53614807128906,400,0.0,0.0,0.0
2025-10-20 00:00:00-04:00,44.02307133069992,44.11305732313682,44.02307133069992,44.09606170654297,400,0.0,0.0,0.0
2025-10-21 00:00:00-04:00,43.91308755684906,44.09305953979492,43.91308755684906,44.09305953979492,300,0.0,0.0,0.0
2025-10-22 00:00:00-04:00,43.24419385215863,43.655128479003906,43.24419385215863,43.655128479003906,500,0.0,0.0,0.0
2025-10-23 00:00:00-04:00,44.0230688537199,44.083060783334716,44.0230688537199,44.05606460571289,500,0.0,0.0,0.0
2025-10-24 00:00:00-04:00,44.49899673461914,44.49899673461914,44.49899673461914,44.49899673461914,100,0.0,0.0,0.0
2025-10-27 00:00:00-04:00,45.229881286621094,45.229881286621094,45.229881286621094,45.229881286621094,100,0.0,0.0,0.0
2025-10-28 00:00:00-04:00,45.67381286621094,45.67381286621094,45.67381286621094,45.67381286621094,100,0.0,0.0,0.0
2025-10-29 00:00:00-04:00,46.042752451970195,46.042752451970195,46.012758393513934,46.0257568359375,200,0.0,0.0,0.0
2025-10-30 00:00:00-04:00,45.33586502075195,45.33586502075195,45.33586502075195,45.33586502075195,100,0.0,0.0,0.0
2025-10-31 00:00:00-04:00,45.372859954833984,45.372859954833984,45.372859954833984,45.372859954833984,100,0.0,0.0,0.0
2025-11-03 00:00:00-05:00,45.46284571662179,45.5168342590332,45.46284571662179,45.5168342590332,200,0.0,0.0,0.0
2025-11-04 00:00:00-05:00,44.63797378540039,44.63797378540039,44.63797378540039,44.63797378540039,100,0.0,0.0,0.0
2025-11-05 00:00:00-05:00,44.65297329395118,44.67797088623047,44.65297329395118,44.67797088623047,2100,0.0,0.0,0.0
2025-11-06 00:00:00-05:00,44.133052097364256,44.133052097364256,43.88609313964844,43.88609313964844,400,0.0,0.0,0.0
2025-11-07 00:00:00-05:00,43.718116760253906,43.718116760253906,43.718116760253906,43.718116760253906,100,0.0,0.0,0.0
2025-11-10 00:00:00-05:00,44.69496709471186,44.80295181274414,44.69496709471186,44.80295181274414,500,0.0,0.0,0.0
2025-11-11 00:00:00-05:00,44.596981048583984,44.596981048583984,44.596981048583984,44.596981048583984,100,0.0,0.0,0.0
2025-11-12 00:00:00-05:00,44.62897872924805,44.62897872924805,44.62897872924805,44.62897872924805,100,0.0,0.0,0.0
2025-11-13 00:00:00-05:00,43.597137451171875,43.597137451171875,43.597137451171875,43.597137451171875,100,0.0,0.0,0.0
2025-11-14 00:00:00-05:00,43.627132415771484,43.627132415771484,43.627132415771484,43.627132415771484,100,0.0,0.0,0.0
2025-11-17 00:00:00-05:00,43.142208099365234,43.142208099365234,43.142208099365234,43.142208099365234,400,0.0,0.0,0.0
2025-11-18 00:00:00-05:00,42.62129211425781,42.62129211425781,42.62129211425781,42.62129211425781,200,0.0,0.0,0.0
2025-11-19 00:00:00-05:00,43.02922821044922,43.02922821044922,43.02922821044922,43.02922821044922,100,0.0,0.0,0.0
2025-11-20 00:00:00-05:00,42.016387939453125,42.016387939453125,42.016387939453125,42.016387939453125,200,0.0,0.0,0.0
2025-11-21 00:00:00-05:00,41.75242739196413,42.17236328125,41.68343800616925,42.17236328125,431400,0.0,0.0,0.0
2025-11-24 00:00:00-05:00,43.240196228027344,43.240196228027344,43.240196228027344,43.240196228027344,100,0.0,0.0,0.0
2025-11-25 00:00:00-05:00,43.49315643310547,43.49315643310547,43.49315643310547,43.49315643310547,100,0.0,0.0,0.0
2025-11-26 00:00:00-05:00,43.88509298051141,43.88509298051141,43.83210372924805,43.83210372924805,300,0.0,0.0,0.0
2025-11-28 00:00:00-05:00,43.95208327314609,43.99307718849778,43.9500846862793,43.9500846862793,200,0.0,0.0,0.0
2025-12-01 00:00:00-05:00,43.69312286376953,43.69312286376953,43.69312286376953,43.69312286376953,100,0.0,0.0,0.0
2025-12-02 00:00:00-05:00,43.98907470703125,43.98907470703125,43.98907470703125,43.98907470703125,100,0.0,0.0,0.0
2025-12-03 00:00:00-05:00,43.89908981323242,43.89908981323242,43.89908981323242,43.89908981323242,100,0.0,0.0,0.0
2025-12-04 00:00:00-05:00,43.89409255981445,43.89409255981445,43.89409255981445,43.89409255981445,100,0.0,0.0,0.0
2025-12-05 00:00:00-05:00,43.97507858276367,43.97507858276367,43.97507858276367,43.97507858276367,100,0.0,0.0,0.0
2025-12-08 00:00:00-05:00,44.15304925699878,44.15304925699878,43.89309185806175,43.98207473754883,23600,0.0,0.0,0.0
2025-12-09 00:00:00-05:00,44.10905838012695,44.10905838012695,44.10905838012695,44.10905838012695,100,0.0,0.0,0.0
2025-12-10 00:00:00-05:00,44.344024658203125,44.344024658203125,44.344024658203125,44.344024658203125,100,0.0,0.0,0.0
2025-12-11 00:00:00-05:00,44.28303075854477,44.333022126954965,44.28303075854477,44.327022552490234,2300,0.0,0.0,0.0
2025-12-12 00:00:00-05:00,43.54314646290885,43.54314646290885,43.40316910274871,43.43616485595703,4800,0.0,0.0,0.0
2025-12-15 00:00:00-05:00,43.47315860318511,43.47315860318511,43.22319793701172,43.22319793701172,1600,0.0,0.0,0.0
2025-12-16 00:00:00-05:00,43.05222259028085,43.33917999267578,43.05222259028085,43.33917999267578,200,0.0,0.0,0.0
2025-12-17 00:00:00-05:00,42.476318359375,42.476318359375,42.476318359375,42.476318359375,100,0.0,0.0,0.0
2025-12-18 00:00:00-05:00,43.1532065014331,43.15720748901367,43.124211737288604,43.15720748901367,800,0.0,0.0,0.0
2025-12-19 00:00:00-05:00,43.79310765285876,43.80310821533203,43.79310765285876,43.80310821533203,100,0.0,0.0,0.0
2025-12-22 00:00:00-05:00,44.158050537109375,44.158050537109375,44.158050537109375,44.158050537109375,100,0.0,0.0,0.0
2025-12-23 00:00:00-05:00,44.43300585719507,44.502994537353516,44.43300585719507,44.502994537353516,200,0.0,0.0,0.0
2025-12-24 00:00:00-05:00,44.56098937988281,44.56098937988281,44.56098937988281,44.56098937988281,200,0.0,0.0,0.0
2025-12-26 00:00:00-05:00,44.64897155761719,44.64897155761719,44.64897155761719,44.64897155761719,100,0.0,0.0,0.0
2025-12-29 00:00:00-05:00,44.4030105799278,44.47100067138672,44.4030105799278,44.47100067138672,200,0.0,0.0,0.0
2025-12-30 00:00:00-05:00,44.43000030517578,44.43000030517578,44.3849983215332,44.3849983215332,200,0.007,0.0,0.0
2025-12-31 00:00:00-05:00,44.06999969482422,44.06999969482422,44.06999969482422,44.06999969482422,100,0.0,0.0,0.0
2026-01-02 00:00:00-05:00,44.119998931884766,44.119998931884766,44.119998931884766,44.119998931884766,100,0.0,0.0,0.0
2026-01-05 00:00:00-05:00,44.452999114990234,44.452999114990234,44.452999114990234,44.452999114990234,100,0.0,0.0,0.0
2026-01-06 00:00:00-05:00,44.917999267578125,44.917999267578125,44.917999267578125,44.917999267578125,100,0.0,0.0,0.0
2026-01-07 00:00:00-05:00,44.94499969482422,44.94499969482422,44.94499969482422,44.94499969482422,100,0.0,0.0,0.0
2026-01-08 00:00:00-05:00,44.47700119018555,44.47700119018555,44.47700119018555,44.47700119018555,100,0.0,0.0,0.0
2026-01-09 00:00:00-05:00,44.64899826049805,44.64899826049805,44.64899826049805,44.64899826049805,100,0.0,0.0,0.0
2026-01-12 00:00:00-05:00,44.69900131225586,44.69900131225586,44.69900131225586,44.69900131225586,100,0.0,0.0,0.0
2026-01-13 00:00:00-05:00,44.43600082397461,44.43600082397461,44.43600082397461,44.43600082397461,100,0.0,0.0,0.0
2026-01-14 00:00:00-05:00,43.832000732421875,43.832000732421875,43.832000732421875,43.832000732421875,100,0.0,0.0,0.0
2026-01-15 00:00:00-05:00,44.08000183105469,44.08000183105469,43.99399948120117,43.99399948120117,100,0.0,0.0,0.0
2026-01-16 00:00:00-05:00,44.14799880981445,44.14799880981445,44.14799880981445,44.14799880981445,100,0.0,0.0,0.0
2026-01-20 00:00:00-05:00,43.04399871826172,43.04399871826172,43.04399871826172,43.04399871826172,100,0.0,0.0,0.0
2026-01-21 00:00:00-05:00,43.42599868774414,43.42599868774414,43.42599868774414,43.42599868774414,100,0.0,0.0,0.0
2026-01-22 00:00:00-05:00,43.768001556396484,43.768001556396484,43.768001556396484,43.768001556396484,100,0.0,0.0,0.0
2026-01-23 00:00:00-05:00,43.91899871826172,43.91899871826172,43.91899871826172,43.91899871826172,100,0.0,0.0,0.0
2026-01-26 00:00:00-05:00,44.21799850463867,44.21799850463867,44.21799850463867,44.21799850463867,100,0.0,0.0,0.0
2026-01-27 00:00:00-05:00,44.70399856567383,44.70399856567383,44.70399856567383,44.70399856567383,100,0.0,0.0,0.0
2026-01-28 00:00:00-05:00,44.862998962402344,44.862998962402344,44.862998962402344,44.862998962402344,100,0.0,0.0,0.0
2026-01-29 00:00:00-05:00,44.345001220703125,44.6349983215332,44.345001220703125,44.6349983215332,200,0.0,0.0,0.0
2026-01-30 00:00:00-05:00,44.051998138427734,44.051998138427734,44.051998138427734,44.051998138427734,100,0.0,0.0,0.0
2026-02-02 00:00:00-05:00,44.242000579833984,44.242000579833984,44.242000579833984,44.242000579833984,100,0.0,0.0,0.0
2026-02-03 00:00:00-05:00,43.18899917602539,43.18899917602539,43.18899917602539,43.18899917602539,100,0.0,0.0,0.0
2026-02-04 00:00:00-05:00,42.604000091552734,42.604000091552734,42.604000091552734,42.604000091552734,100,0.0,0.0,0.0
2026-02-05 00:00:00-05:00,41.90299987792969,41.90299987792969,41.90299987792969,41.90299987792969,100,0.0,0.0,0.0
2026-02-06 00:00:00-05:00,42.94900131225586,42.94900131225586,42.94900131225586,42.94900131225586,100,0.0,0.0,0.0
2026-02-09 00:00:00-05:00,43.38600158691406,43.38600158691406,43.38600158691406,43.38600158691406,100,0.0,0.0,0.0
2026-02-10 00:00:00-05:00,43.1609992980957,43.1609992980957,43.1609992980957,43.1609992980957,100,0.0,0.0,0.0
2026-02-11 00:00:00-05:00,43.209999084472656,43.209999084472656,43.209999084472656,43.209999084472656,100,0.0,0.0,0.0
2026-02-12 00:00:00-05:00,42.560001373291016,42.560001373291016,42.39500045776367,42.39500045776367,231500,0.0,0.0,0.0
2026-02-13 00:00:00-05:00,42.16600036621094,42.16600036621094,42.16600036621094,42.16600036621094,100,0.0,0.0,0.0
2026-02-17 00:00:00-05:00,42.402000427246094,42.402000427246094,42.402000427246094,42.402000427246094,100,0.0,0.0,0.0
2026-02-18 00:00:00-05:00,42.77899932861328,42.77899932861328,42.77899932861328,42.77899932861328,100,0.0,0.0,0.0
2026-02-19 00:00:00-05:00,42.52299880981445,42.52299880981445,42.52299880981445,42.52299880981445,100,0.0,0.0,0.0
2026-02-20 00:00:00-05:00,42.84700012207031,42.84700012207031,42.84700012207031,42.84700012207031,100,0.0,0.0,0.0
2026-02-23 00:00:00-05:00,42.209999084472656,42.209999084472656,42.18000030517578,42.202999114990234,466800,0.0,0.0,0.0
2026-02-24 00:00:00-05:00,42.60300064086914,42.60300064086914,42.60300064086914,42.60300064086914,100,0.0,0.0,0.0
2026-02-25 00:00:00-05:00,43.229000091552734,43.229000091552734,43.229000091552734,43.229000091552734,100,0.0,0.0,0.0
2026-02-26 00:00:00-05:00,42.696998596191406,42.696998596191406,42.696998596191406,42.696998596191406,100,0.0,0.0,0.0
2026-02-27 00:00:00-05:00,42.19200134277344,42.19200134277344,42.19200134277344,42.19200134277344,100,0.0,0.0,0.0
2026-03-02 00:00:00-05:00,42.33300018310547,42.33300018310547,42.33300018310547,42.33300018310547,100,0.0,0.0,0.0
2026-03-03 00:00:00-05:00,41.87699890136719,41.87699890136719,41.87699890136719,41.87699890136719,100,0.0,0.0,0.0
2026-03-04 00:00:00-05:00,42.433998107910156,42.433998107910156,42.433998107910156,42.433998107910156,100,0.0,0.0,0.0
2026-03-05 00:00:00-05:00,42.43299865722656,42.43299865722656,42.43299865722656,42.43299865722656,100,0.0,0.0,0.0
2026-03-06 00:00:00-05:00,41.71099853515625,41.71099853515625,41.71099853515625,41.71099853515625,100,0.0,0.0,0.0
2026-03-09 00:00:00-04:00,42.37699890136719,42.37699890136719,42.37699890136719,42.37699890136719,100,0.0,0.0,0.0
2026-03-10 00:00:00-04:00,42.395999908447266,42.395999908447266,42.395999908447266,42.395999908447266,100,0.0,0.0,0.0
2026-03-11 00:00:00-04:00,42.41899871826172,42.41899871826172,42.41899871826172,42.41899871826172,100,0.0,0.0,0.0
2026-03-12 00:00:00-04:00,41.64400100708008,41.64400100708008,41.64400100708008,41.64400100708008,100,0.0,0.0,0.0
2026-03-13 00:00:00-04:00,41.13999938964844,41.13999938964844,41.13999938964844,41.13999938964844,100,0.0,0.0,0.0
2026-03-16 00:00:00-04:00,41.652000427246094,41.652000427246094,41.652000427246094,41.652000427246094,100,0.0,0.0,0.0
2026-03-17 00:00:00-04:00,41.70500183105469,41.70500183105469,41.70500183105469,41.70500183105469,100,0.0,0.0,0.0
2026-03-18 00:00:00-04:00,41.233001708984375,41.233001708984375,41.233001708984375,41.233001708984375,100,0.0,0.0,0.0
2026-03-19 00:00:00-04:00,41.029998779296875,41.224998474121094,40.93000030517578,41.224998474121094,4100,0.0,0.0,0.0
2026-03-20 00:00:00-04:00,40.41699981689453,40.41699981689453,40.41699981689453,40.41699981689453,100,0.0,0.0,0.0
2026-03-23 00:00:00-04:00,41.02299880981445,41.02299880981445,41.02299880981445,41.02299880981445,100,0.0,0.0,0.0
2026-03-24 00:00:00-04:00,40.5369987487793,40.5369987487793,40.5369987487793,40.5369987487793,100,0.0,0.0,0.0
2026-03-25 00:00:00-04:00,40.814998626708984,40.814998626708984,40.814998626708984,40.814998626708984,100,0.0,0.0,0.0
2026-03-26 00:00:00-04:00,39.571998596191406,39.571998596191406,39.571998596191406,39.571998596191406,100,0.0,0.0,0.0
2026-03-27 00:00:00-04:00,38.849998474121094,38.875,38.6609992980957,38.6609992980957,11000,0.0,0.0,0.0
2026-03-30 00:00:00-04:00,38.65999984741211,38.65999984741211,38.2599983215332,38.43000030517578,8200,0.0,0.0,0.0
2026-03-31 00:00:00-04:00,39.87699890136719,39.87699890136719,39.87699890136719,39.87699890136719,100,0.0,0.0,0.0
2026-04-01 00:00:00-04:00,40.41999816894531,40.41999816894531,40.3489990234375,40.3489990234375,1200,0.0,0.0,0.0
2026-04-02 00:00:00-04:00,40.25,40.36899948120117,40.25,40.36899948120117,1200,0.0,0.0,0.0
2026-04-06 00:00:00-04:00,40.474998474121094,40.51599884033203,40.474998474121094,40.51599884033203,700,0.0,0.0,0.0
2026-04-07 00:00:00-04:00,40.18000030517578,40.6879997253418,40.18000030517578,40.6879997253418,100,0.0,0.0,0.0
2026-04-08 00:00:00-04:00,42.060001373291016,42.060001373291016,42.00600051879883,42.00600051879883,100,0.0,0.0,0.0
2026-04-09 00:00:00-04:00,41.880001068115234,42.23899841308594,41.880001068115234,42.23899841308594,100,0.0,0.0,0.0
2026-04-10 00:00:00-04:00,42.3129997253418,42.3129997253418,42.3129997253418,42.3129997253418,100,0.0,0.0,0.0
2026-04-13 00:00:00-04:00,42.41999816894531,42.902000427246094,42.41999816894531,42.902000427246094,200,0.0,0.0,0.0
2026-04-14 00:00:00-04:00,43.7400016784668,43.77000045776367,43.70399856567383,43.70399856567383,512900,0.0,0.0,0.0
2026-04-15 00:00:00-04:00,44.361000061035156,44.361000061035156,44.361000061035156,44.361000061035156,100,0.0,0.0,0.0
2026-04-16 00:00:00-04:00,44.33100128173828,44.33100128173828,44.33100128173828,44.33100128173828,100,0.0,0.0,0.0
2026-04-17 00:00:00-04:00,45.03200149536133,45.03200149536133,45.03200149536133,45.03200149536133,100,0.0,0.0,0.0
2026-04-20 00:00:00-04:00,44.95899963378906,44.95899963378906,44.95899963378906,44.95899963378906,100,0.0,0.0,0.0
2026-04-21 00:00:00-04:00,44.678001403808594,44.678001403808594,44.678001403808594,44.678001403808594,100,0.0,0.0,0.0
2026-04-22 00:00:00-04:00,45.465999603271484,45.465999603271484,45.465999603271484,45.465999603271484,100,0.0,0.0,0.0
2026-04-23 00:00:00-04:00,44.797000885009766,44.797000885009766,44.797000885009766,44.797000885009766,100,0.0,0.0,0.0
2026-04-24 00:00:00-04:00,45.507999420166016,45.507999420166016,45.507999420166016,45.507999420166016,100,0.0,0.0,0.0
2026-04-27 00:00:00-04:00,45.59400177001953,45.59400177001953,45.59400177001953,45.59400177001953,100,0.0,0.0,0.0
2026-04-28 00:00:00-04:00,45.104000091552734,45.104000091552734,45.104000091552734,45.104000091552734,100,0.0,0.0,0.0
2026-04-29 00:00:00-04:00,45.00199890136719,45.00199890136719,45.00199890136719,45.00199890136719,100,0.0,0.0,0.0
2026-04-30 00:00:00-04:00,45.2400016784668,45.2400016784668,45.2400016784668,45.2400016784668,200,0.0,0.0,0.0
2026-05-01 00:00:00-04:00,45.48899841308594,45.48899841308594,45.48899841308594,45.48899841308594,100,0.0,0.0,0.0
2026-05-04 00:00:00-04:00,45.40999984741211,45.40999984741211,45.40999984741211,45.40999984741211,100,0.0,0.0,0.0
2026-05-05 00:00:00-04:00,45.5620002746582,45.5620002746582,45.5620002746582,45.5620002746582,100,0.0,0.0,0.0
2026-05-06 00:00:00-04:00,46.28799819946289,46.28799819946289,46.28799819946289,46.28799819946289,100,0.0,0.0,0.0
2026-05-07 00:00:00-04:00,46.04999923706055,46.04999923706055,46.0,46.029998779296875,1100,0.0,0.0,0.0
2026-05-08 00:00:00-04:00,46.26499938964844,46.26499938964844,46.26499938964844,46.26499938964844,100,0.0,0.0,0.0
2026-05-11 00:00:00-04:00,46.26499938964844,46.26499938964844,46.262001037597656,46.262001037597656,1000,0.0,0.0,0.0
2026-05-12 00:00:00-04:00,46.189998626708984,46.29600143432617,46.189998626708984,46.29600143432617,100,0.0,0.0,0.0
2026-05-13 00:00:00-04:00,46.59000015258789,46.70500183105469,46.59000015258789,46.70500183105469,100,0.0,0.0,0.0
2026-05-14 00:00:00-04:00,47.334999084472656,47.334999084472656,47.334999084472656,47.334999084472656,100,0.0,0.0,0.0
2026-05-15 00:00:00-04:00,46.6870002746582,46.6870002746582,46.6870002746582,46.6870002746582,100,0.0,0.0,0.0
2026-05-18 00:00:00-04:00,46.492000579833984,46.492000579833984,46.492000579833984,46.492000579833984,100,0.0,0.0,0.0
2026-05-19 00:00:00-04:00,46.06399917602539,46.06399917602539,46.06399917602539,46.06399917602539,100,0.0,0.0,0.0
2026-05-20 00:00:00-04:00,46.577999114990234,46.577999114990234,46.577999114990234,46.577999114990234,100,0.0,0.0,0.0
2026-05-21 00:00:00-04:00,46.599998474121094,46.755001068115234,46.599998474121094,46.755001068115234,200,0.0,0.0,0.0
2026-05-22 00:00:00-04:00,46.93000030517578,47.06999969482422,46.823001861572266,46.823001861572266,26000,0.0,0.0,0.0
2026-05-26 00:00:00-04:00,47.04999923706055,47.16699981689453,47.04999923706055,47.16699981689453,3000,0.0,0.0,0.0
2026-05-27 00:00:00-04:00,46.959999084472656,47.06700134277344,46.959999084472656,47.06700134277344,1000,0.0,0.0,0.0
2026-05-28 00:00:00-04:00,47.77899932861328,47.77899932861328,47.77899932861328,47.77899932861328,100,0.0,0.0,0.0
2026-05-29 00:00:00-04:00,47.97800064086914,47.97800064086914,47.97800064086914,47.97800064086914,100,0.0,0.0,0.0
2026-06-01 00:00:00-04:00,48.5099983215332,48.5099983215332,48.5099983215332,48.5099983215332,100,0.0,0.0,0.0
2026-06-02 00:00:00-04:00,48.28900146484375,48.28900146484375,48.28900146484375,48.28900146484375,100,0.0,0.0,0.0
2026-06-03 00:00:00-04:00,47.744998931884766,47.744998931884766,47.744998931884766,47.744998931884766,100,0.0,0.0,0.0
2026-06-04 00:00:00-04:00,47.803001403808594,47.803001403808594,47.803001403808594,47.803001403808594,100,0.0,0.0,0.0
2026-06-05 00:00:00-04:00,46.12099838256836,46.12099838256836,46.12099838256836,46.12099838256836,100,0.0,0.0,0.0
2026-06-08 00:00:00-04:00,46.24300003051758,46.24300003051758,46.24300003051758,46.24300003051758,100,0.0,0.0,0.0
2026-06-09 00:00:00-04:00,45.84299850463867,45.84299850463867,45.84299850463867,45.84299850463867,100,0.0,0.0,0.0
2026-06-10 00:00:00-04:00,44.992000579833984,44.992000579833984,44.992000579833984,44.992000579833984,100,0.0,0.0,0.0
2026-06-11 00:00:00-04:00,45.85599899291992,45.85599899291992,45.85599899291992,45.85599899291992,100,0.0,0.0,0.0
2026-06-12 00:00:00-04:00,45.96099853515625,45.96099853515625,45.96099853515625,45.96099853515625,100,0.0,0.0,0.0
2026-06-15 00:00:00-04:00,47.16400146484375,47.16400146484375,47.16400146484375,47.16400146484375,100,0.0,0.0,0.0
2026-06-16 00:00:00-04:00,46.81100082397461,46.81100082397461,46.81100082397461,46.81100082397461,100,0.0,0.0,0.0
2026-06-17 00:00:00-04:00,46.63999938964844,46.75,46.25,46.250999450683594,2800,0.0,0.0,0.0
2026-06-18 00:00:00-04:00,47.0,47.03900146484375,47.0,47.03900146484375,400,0.0,0.0,0.0
2026-06-22 00:00:00-04:00,46.698001861572266,46.698001861572266,46.698001861572266,46.698001861572266,100,0.0,0.0,0.0
2026-06-23 00:00:00-04:00,45.665000915527344,45.665000915527344,45.665000915527344,45.665000915527344,100,0.0,0.0,0.0
2026-06-24 00:00:00-04:00,45.56100082397461,45.56100082397461,45.56100082397461,45.56100082397461,100,0.0,0.0,0.0
2026-06-25 00:00:00-04:00,45.279998779296875,45.279998779296875,45.279998779296875,45.279998779296875,100,0.0,0.0,0.0
2026-06-26 00:00:00-04:00,45.52000045776367,45.52000045776367,45.43600082397461,45.43600082397461,1000,0.0,0.0,0.0
2026-06-29 00:00:00-04:00,46.270999908447266,46.270999908447266,46.270999908447266,46.270999908447266,100,0.0,0.0,0.0
2026-06-30 00:00:00-04:00,46.849998474121094,47.13800048828125,46.81999969482422,47.13800048828125,14200,0.0,0.0,0.0
2026-07-01 00:00:00-04:00,46.94200134277344,46.94200134277344,46.94200134277344,46.94200134277344,100,0.0,0.0,0.0
2026-07-02 00:00:00-04:00,46.95000076293945,46.95000076293945,46.61199951171875,46.61199951171875,200,0.0,0.0,0.0
2026-07-06 00:00:00-04:00,46.9119987487793,47.27000045776367,46.9119987487793,47.23500061035156,400,0.0,0.0,0.0
2026-07-07 00:00:00-04:00,47.000999450683594,47.000999450683594,47.000999450683594,47.000999450683594,100,0.0,0.0,0.0
2026-07-08 00:00:00-04:00,47.27399826049805,47.27399826049805,47.27399826049805,47.27399826049805,100,0.0,0.0,0.0
2026-07-09 00:00:00-04:00,47.69300079345703,47.69300079345703,47.69300079345703,47.69300079345703,100,0.0,0.0,0.0
2026-07-10 00:00:00-04:00,47.7599983215332,47.90700149536133,47.7599983215332,47.90700149536133,1100,0.0,0.0,0.0
2026-07-13 00:00:00-04:00,47.26300048828125,47.26300048828125,47.26300048828125,47.26300048828125,100,0.0,0.0,0.0
2026-07-14 00:00:00-04:00,47.6870002746582,47.6870002746582,47.6870002746582,47.6870002746582,100,0.0,0.0,0.0
2026-07-15 00:00:00-04:00,47.68000030517578,47.92100143432617,47.47999954223633,47.92100143432617,1100,0.0,0.0,0.0
2026-07-16 00:00:00-04:00,47.263999938964844,47.263999938964844,47.263999938964844,47.263999938964844,100,0.0,0.0,0.0
2026-07-17 00:00:00-04:00,46.733001708984375,46.733001708984375,46.733001708984375,46.733001708984375,100,0.0,0.0,0.0
