Date,Open,High,Low,Close,Volume,Dividends,Stock Splits
2005-11-21 00:00:00-05:00,13.242631991730436,13.242631991730436,13.128000259399412,13.128000259399414,2800,0.0,0.0
2005-11-22 00:00:00-05:00,13.231714485574969,13.231714485574969,13.128000259399412,13.128000259399414,800,0.0,0.0
2005-11-23 00:00:00-05:00,13.20987606048584,13.20987606048584,13.20987606048584,13.20987606048584,700,0.0,0.0
2005-11-25 00:00:00-05:00,13.20987606048584,13.20987606048584,13.20987606048584,13.20987606048584,0,0.0,0.0
2005-11-28 00:00:00-05:00,13.20987606048584,13.20987606048584,13.20987606048584,13.20987606048584,0,0.0,0.0
2005-11-29 00:00:00-05:00,13.20987606048584,13.20987606048584,13.20987606048584,13.20987606048584,0,0.0,0.0
2005-11-30 00:00:00-05:00,13.291751861572266,13.291751861572266,13.291751861572266,13.291751861572266,100,0.0,0.0
2005-12-01 00:00:00-05:00,13.291751861572266,13.291751861572266,13.291751861572266,13.291751861572266,0,0.0,0.0
2005-12-02 00:00:00-05:00,13.373637199401857,13.373637199401857,13.373637199401857,13.373637199401855,300,0.0,0.0
2005-12-05 00:00:00-05:00,13.373637199401857,13.373637199401857,13.373637199401857,13.373637199401855,0,0.0,0.0
2005-12-06 00:00:00-05:00,13.3627230103248,13.63565444946289,13.3627230103248,13.63565444946289,2600,0.0,0.0
2005-12-07 00:00:00-05:00,13.63565444946289,13.63565444946289,13.63565444946289,13.63565444946289,0,0.0,0.0
2005-12-08 00:00:00-05:00,13.646568298339846,13.646568298339846,13.646568298339846,13.646568298339844,10000,0.0,0.0
2005-12-09 00:00:00-05:00,13.701154779763312,13.701154779763312,13.646568298339846,13.646568298339844,36600,0.0,0.0
2005-12-12 00:00:00-05:00,13.641103744506838,13.641103744506838,13.641103744506838,13.641103744506836,100,0.01,0.0
2005-12-13 00:00:00-05:00,13.624717538300171,13.646560230547964,13.488197326660154,13.488197326660156,3000,0.0,0.0
2005-12-14 00:00:00-05:00,13.378984451293944,13.378984451293944,13.378984451293944,13.378984451293945,800,0.0,0.0
2005-12-15 00:00:00-05:00,13.378984451293944,13.378984451293944,13.378984451293944,13.378984451293945,0,0.0,0.0
2005-12-16 00:00:00-05:00,13.488205311687631,13.488205311687631,13.297076693930016,13.368066787719727,1400,0.0,0.0
2005-12-19 00:00:00-05:00,13.269768427917455,13.346220479320234,13.02403259277344,13.024032592773438,6600,0.0,0.0
2005-12-20 00:00:00-05:00,12.914812846931904,12.920273780822754,12.914812846931904,12.920273780822754,1800,0.0,0.0
2005-12-21 00:00:00-05:00,13.00219840807381,13.10595417022705,13.00219840807381,13.10595417022705,2400,0.0,0.0
2005-12-22 00:00:00-05:00,13.10595417022705,13.10595417022705,13.10595417022705,13.10595417022705,12000,0.0,0.0
2005-12-23 00:00:00-05:00,12.974880086777638,13.182390334947986,12.969419153724933,13.149625778198242,8400,0.0,0.0
2005-12-27 00:00:00-05:00,13.100476832119732,13.187849667224487,13.100476832119732,13.111398696899414,6800,0.0,0.0
2005-12-28 00:00:00-05:00,13.10595417022705,13.10595417022705,13.10595417022705,13.10595417022705,400,0.0,0.0
2005-12-29 00:00:00-05:00,13.111402396715306,13.111402396715306,12.996724867301284,13.02949047088623,12100,0.0,0.0
2005-12-30 00:00:00-05:00,13.127785198507778,13.127785198507778,13.029490470886232,13.02949047088623,4000,0.0,0.0
2006-01-03 00:00:00-05:00,13.100483467266624,13.100483467266624,13.024032458220562,13.05679702758789,5000,0.0,0.0
2006-01-04 00:00:00-05:00,13.056797027587892,13.056797027587892,13.056797027587892,13.05679702758789,300,0.0,0.0
2006-01-05 00:00:00-05:00,13.056800085909925,13.056800085909925,13.051339149475098,13.051339149475098,1200,0.0,0.0
2006-01-06 00:00:00-05:00,13.07865051566614,13.10595417022705,13.07865051566614,13.10595417022705,38200,0.0,0.0
2006-01-09 00:00:00-05:00,13.111398951897346,13.236997274607345,13.111398951897346,13.16054630279541,2500,0.0,0.0
2006-01-10 00:00:00-05:00,13.297066231888609,13.378978134603523,13.111398696899414,13.111398696899414,3100,0.0,0.0
2006-01-11 00:00:00-05:00,13.111398696899414,13.111398696899414,13.111398696899414,13.111398696899414,0,0.0,0.0
2006-01-12 00:00:00-05:00,13.002183853862702,13.002183853862702,12.83289909362793,12.83289909362793,1100,0.0,0.0
2006-01-13 00:00:00-05:00,12.969433814287186,13.111415109452764,12.969433814287186,13.10595417022705,4100,0.0,0.0
2006-01-17 00:00:00-05:00,13.10595417022705,13.10595417022705,13.10595417022705,13.10595417022705,0,0.0,0.0
2006-01-18 00:00:00-05:00,13.16135519742799,13.166841506958008,13.16135519742799,13.166841506958008,800,0.111,0.0
2006-01-19 00:00:00-05:00,13.166841506958008,13.166841506958008,13.166841506958008,13.166841506958008,300,0.0,0.0
2006-01-20 00:00:00-05:00,13.221703555851644,13.243647747565168,13.166841506958008,13.166841506958008,5200,0.0,0.0
2006-01-23 00:00:00-05:00,13.166841506958008,13.166841506958008,13.166841506958008,13.166841506958008,0,0.0,0.0
2006-01-24 00:00:00-05:00,13.172327816488027,13.172327816488027,13.166841506958008,13.166841506958008,1200,0.0,0.0
2006-01-25 00:00:00-05:00,13.029687881469728,13.029687881469728,13.029687881469728,13.029687881469727,1000,0.0,0.0
2006-01-26 00:00:00-05:00,13.221694058353174,13.303986549377441,13.221694058353174,13.303986549377441,1600,0.0,0.0
2006-01-27 00:00:00-05:00,13.166837752443094,13.331422805786133,13.084545225771574,13.331422805786133,6100,0.0,0.0
2006-01-30 00:00:00-05:00,13.331422805786133,13.331422805786133,13.331422805786133,13.331422805786133,900,0.0,0.0
2006-01-31 00:00:00-05:00,13.331422805786133,13.331422805786133,13.331422805786133,13.331422805786133,5000,0.0,0.0
2006-02-01 00:00:00-05:00,13.166842490748357,13.166842490748357,12.837671219198322,13.029687881469727,2100,0.0,0.0
2006-02-02 00:00:00-05:00,13.111975719193332,13.331422805786133,13.111975719193332,13.331422805786133,3400,0.0,0.0
2006-02-03 00:00:00-05:00,13.47407341003418,13.479559721964188,13.47407341003418,13.47407341003418,600,0.0,0.0
2006-02-06 00:00:00-05:00,13.38629052581238,13.38629052581238,13.276567459106447,13.276567459106445,2200,0.0,0.0
2006-02-07 00:00:00-05:00,13.287535667419435,13.287535667419435,13.287535667419435,13.287535667419434,100,0.0,0.0
2006-02-08 00:00:00-05:00,13.221700668334961,13.227186976666813,13.221700668334961,13.221700668334961,2300,0.0,0.0
2006-02-09 00:00:00-05:00,13.183297556418323,13.221700668334961,13.183297556418323,13.221700668334961,5800,0.0,0.0
2006-02-10 00:00:00-05:00,13.24365590650234,13.353380071886697,13.24365590650234,13.26560115814209,3900,0.0,0.0
2006-02-13 00:00:00-05:00,13.265601158142088,13.265601158142088,13.265601158142088,13.26560115814209,0,0.0,0.0
2006-02-14 00:00:00-05:00,13.272213182994083,13.27772045135498,13.272213182994083,13.27772045135498,300,0.092,0.0
2006-02-15 00:00:00-05:00,13.310759544372559,13.310759544372559,13.310759544372559,13.310759544372559,400,0.0,0.0
2006-02-16 00:00:00-05:00,13.492497444152834,13.575104361281143,13.492497444152834,13.492497444152832,9200,0.0,0.0
2006-02-17 00:00:00-05:00,13.542046546936035,13.542046546936035,13.542046546936035,13.542046546936035,500,0.0,0.0
2006-02-21 00:00:00-05:00,13.492480486251722,13.547552045255722,13.492480486251722,13.497987747192383,10600,0.0,0.0
2006-02-22 00:00:00-05:00,13.492487198085518,13.547558784484863,13.492487198085518,13.547558784484863,1200,0.0,0.0
2006-02-23 00:00:00-05:00,13.54756907237302,13.54756907237302,13.486990176290421,13.492497444152832,8800,0.0,0.0
2006-02-24 00:00:00-05:00,13.54756907237302,13.54756907237302,13.492497444152834,13.492497444152832,3400,0.0,0.0
2006-02-27 00:00:00-05:00,13.54755416774333,13.54755416774333,13.503497123718262,13.503497123718262,2100,0.0,0.0
2006-02-28 00:00:00-05:00,13.492497444152834,13.492497444152834,13.354818898804336,13.492497444152832,8300,0.0,0.0
2006-03-01 00:00:00-05:00,13.54756907237302,13.54756907237302,13.492497444152834,13.492497444152832,2200,0.0,0.0
2006-03-02 00:00:00-05:00,13.492497444152834,13.492497444152834,13.492497444152834,13.492497444152832,400,0.0,0.0
2006-03-03 00:00:00-05:00,13.492497444152834,13.492497444152834,13.492497444152834,13.492497444152832,1000,0.0,0.0
2006-03-06 00:00:00-05:00,13.492493442422088,13.536550521850588,13.492493442422088,13.536550521850586,4400,0.0,0.0
2006-03-07 00:00:00-05:00,13.536550521850588,13.536550521850588,13.536550521850588,13.536550521850586,0,0.0,0.0
2006-03-08 00:00:00-05:00,13.498004712015247,13.498004712015247,13.492497444152834,13.492497444152832,3000,0.0,0.0
2006-03-09 00:00:00-05:00,13.492487198085518,13.547558784484863,13.492487198085518,13.547558784484863,4300,0.0,0.0
2006-03-10 00:00:00-05:00,13.547552045255722,13.547552045255722,13.497987747192385,13.497987747192383,3300,0.0,0.0
2006-03-13 00:00:00-05:00,13.54204478431506,13.547552045255722,13.497987747192385,13.497987747192383,7300,0.0,0.0
2006-03-14 00:00:00-05:00,13.498004712015247,13.498004712015247,13.492497444152834,13.492497444152832,800,0.0,0.0
2006-03-15 00:00:00-05:00,13.5527925491333,13.5527925491333,13.5527925491333,13.5527925491333,100,0.109,0.0
2006-03-16 00:00:00-05:00,13.5527925491333,13.5527925491333,13.5527925491333,13.5527925491333,2000,0.0,0.0
2006-03-17 00:00:00-05:00,13.5527925491333,13.5527925491333,13.5527925491333,13.5527925491333,0,0.0,0.0
2006-03-20 00:00:00-05:00,13.558315658284725,13.558315658284725,13.469807766965552,13.497466087341309,200100,0.0,0.0
2006-03-21 00:00:00-05:00,13.497466087341309,13.497466087341309,13.497466087341309,13.497466087341309,0,0.0,0.0
2006-03-22 00:00:00-05:00,13.497466087341309,13.497466087341309,13.497466087341309,13.497466087341309,0,0.0,0.0
2006-03-23 00:00:00-05:00,13.497466087341309,13.497466087341309,13.497466087341309,13.497466087341309,0,0.0,0.0
2006-03-24 00:00:00-05:00,13.502997962435918,13.502997962435918,13.497466087341309,13.497466087341309,1200,0.0,0.0
2006-03-27 00:00:00-05:00,13.502997962435918,13.552783783190115,13.497466087341309,13.497466087341309,10700,0.0,0.0
2006-03-28 00:00:00-05:00,13.497466087341309,13.497466087341309,13.497466087341309,13.497466087341309,200,0.0,0.0
2006-03-29 00:00:00-05:00,13.386831750740988,13.497466087341309,13.386831750740988,13.497466087341309,10400,0.0,0.0
2006-03-30 00:00:00-05:00,13.46980567244161,13.46980567244161,13.442146301269531,13.442146301269531,6200,0.0,0.0
2006-03-31 00:00:00-05:00,13.442146301269531,13.442146301269531,13.442146301269531,13.442146301269531,0,0.0,0.0
2006-04-03 00:00:00-04:00,13.414483408272206,13.414483408272206,13.392355918884277,13.392355918884277,1900,0.0,0.0
2006-04-04 00:00:00-04:00,13.392355918884277,13.392355918884277,13.392355918884277,13.392355918884277,0,0.0,0.0
2006-04-05 00:00:00-04:00,13.386831283569336,13.414489602979877,13.386831283569336,13.386831283569336,4900,0.0,0.0
2006-04-06 00:00:00-04:00,13.386831283569336,13.386831283569336,13.386831283569336,13.386831283569336,1800,0.0,0.0
2006-04-07 00:00:00-04:00,13.40342585317676,13.414489602979877,13.386831283569336,13.386831283569336,4400,0.0,0.0
2006-04-10 00:00:00-04:00,13.386831283569336,13.386831283569336,13.386831283569336,13.386831283569336,800,0.0,0.0
2006-04-11 00:00:00-04:00,13.386831283569336,13.386831283569336,13.386831283569336,13.386831283569336,700,0.0,0.0
2006-04-12 00:00:00-04:00,13.386831283569336,13.386831283569336,13.386831283569336,13.386831283569336,2600,0.0,0.0
2006-04-13 00:00:00-04:00,13.359166145324707,13.359166145324707,13.359166145324707,13.359166145324707,1500,0.0,0.0
2006-04-17 00:00:00-04:00,13.421975135803223,13.421975135803223,13.421975135803223,13.421975135803223,500,0.113,0.0
2006-04-18 00:00:00-04:00,13.421974363110802,13.421974363110802,13.394186019897463,13.394186019897461,3600,0.0,0.0
2006-04-19 00:00:00-04:00,13.394186019897463,13.394186019897463,13.394186019897463,13.394186019897461,12000,0.0,0.0
2006-04-20 00:00:00-04:00,13.394186019897463,13.394186019897463,13.394186019897463,13.394186019897461,800,0.0,0.0
2006-04-21 00:00:00-04:00,13.338613510131836,13.338613510131836,13.338613510131836,13.338613510131836,900,0.0,0.0
2006-04-24 00:00:00-04:00,13.199669619401295,13.338613510131836,13.199669619401295,13.338613510131836,6700,0.0,0.0
2006-04-25 00:00:00-04:00,13.338613510131836,13.338613510131836,13.338613510131836,13.338613510131836,0,0.0,0.0
2006-04-26 00:00:00-04:00,13.338613510131836,13.338613510131836,13.338613510131836,13.338613510131836,7500,0.0,0.0
2006-04-27 00:00:00-04:00,13.283034324645998,13.283034324645998,13.283034324645998,13.283034324645996,1800,0.0,0.0
2006-04-28 00:00:00-04:00,13.283029271535899,13.310818672180176,13.283029271535899,13.310818672180176,700,0.0,0.0
2006-05-01 00:00:00-04:00,13.310818672180176,13.310818672180176,13.310818672180176,13.310818672180176,0,0.0,0.0
2006-05-02 00:00:00-04:00,13.310818672180176,13.310818672180176,13.310818672180176,13.310818672180176,800,0.0,0.0
2006-05-03 00:00:00-04:00,13.283034324645998,13.283034324645998,13.283034324645998,13.283034324645996,200,0.0,0.0
2006-05-04 00:00:00-04:00,13.283034324645998,13.283034324645998,13.283034324645998,13.283034324645996,0,0.0,0.0
2006-05-05 00:00:00-04:00,13.283029271535899,13.310818672180176,13.283029271535899,13.310818672180176,2300,0.0,0.0
2006-05-08 00:00:00-04:00,13.310818672180176,13.310818672180176,13.310818672180176,13.310818672180176,800,0.0,0.0
2006-05-09 00:00:00-04:00,13.283034324645998,13.283034324645998,13.283034324645998,13.283034324645996,600,0.0,0.0
2006-05-10 00:00:00-04:00,13.22745764262578,13.38863306066896,13.22745764262578,13.288593292236328,2500,0.0,0.0
2006-05-11 00:00:00-04:00,13.288593292236328,13.288593292236328,13.288593292236328,13.288593292236328,0,0.0,0.0
2006-05-12 00:00:00-04:00,13.288593292236328,13.288593292236328,13.288593292236328,13.288593292236328,0,0.0,0.0
2006-05-15 00:00:00-04:00,13.305260792051321,13.310818672180176,13.305260792051321,13.310818672180176,700,0.0,0.0
2006-05-16 00:00:00-04:00,13.375601768493652,13.375601768493652,13.375601768493652,13.375601768493652,200,0.116,0.0
2006-05-17 00:00:00-04:00,13.375601768493652,13.375601768493652,13.375601768493652,13.375601768493652,0,0.0,0.0
2006-05-18 00:00:00-04:00,13.347683906555178,13.347683906555178,13.347683906555178,13.347683906555176,1000,0.0,0.0
2006-05-19 00:00:00-04:00,13.375608571040205,13.375608571040205,13.347683906555178,13.347683906555176,5200,0.0,0.0
2006-05-22 00:00:00-04:00,13.347683906555178,13.347683906555178,13.347683906555178,13.347683906555176,1000,0.0,0.0
2006-05-23 00:00:00-04:00,13.347683906555178,13.347683906555178,13.347683906555178,13.347683906555176,600,0.0,0.0
2006-05-24 00:00:00-04:00,13.347683906555178,13.347683906555178,13.347683906555178,13.347683906555176,1000,0.0,0.0
2006-05-25 00:00:00-04:00,13.347683906555178,13.347683906555178,13.347683906555178,13.347683906555176,400,0.0,0.0
2006-05-26 00:00:00-04:00,13.370016838437023,13.375601768493652,13.347677118210507,13.375601768493652,1800,0.0,0.0
2006-05-30 00:00:00-04:00,13.375601768493652,13.375601768493652,13.375601768493652,13.375601768493652,800,0.0,0.0
2006-05-31 00:00:00-04:00,13.353268839452182,13.353268839452182,13.347683906555178,13.347683906555176,1600,0.0,0.0
2006-06-01 00:00:00-04:00,13.347683906555178,13.347683906555178,13.347683906555178,13.347683906555176,600,0.0,0.0
2006-06-02 00:00:00-04:00,13.347683906555178,13.347683906555178,13.347683906555178,13.347683906555176,0,0.0,0.0
2006-06-05 00:00:00-04:00,13.347683906555178,13.347683906555178,13.347683906555178,13.347683906555176,0,0.0,0.0
2006-06-06 00:00:00-04:00,13.347683906555178,13.347683906555178,13.347683906555178,13.347683906555176,1000,0.0,0.0
2006-06-07 00:00:00-04:00,13.347683906555178,13.347683906555178,13.347683906555178,13.347683906555176,0,0.0,0.0
2006-06-08 00:00:00-04:00,13.347683906555178,13.347683906555178,13.347683906555178,13.347683906555176,0,0.0,0.0
2006-06-09 00:00:00-04:00,13.347683906555178,13.347683906555178,13.347683906555178,13.347683906555176,0,0.0,0.0
2006-06-12 00:00:00-04:00,13.347683906555178,13.347683906555178,13.347683906555178,13.347683906555176,1000,0.0,0.0
2006-06-13 00:00:00-04:00,13.413911819458008,13.413911819458008,13.413911819458008,13.413911819458008,3400,0.118,0.0
2006-06-14 00:00:00-04:00,13.189401365451088,13.21746349334717,13.189401365451088,13.217463493347168,4200,0.0,0.0
2006-06-15 00:00:00-04:00,13.21746349334717,13.223076133026698,13.21746349334717,13.217463493347168,11300,0.0,0.0
2006-06-16 00:00:00-04:00,13.21746349334717,13.21746349334717,13.21746349334717,13.217463493347168,0,0.0,0.0
2006-06-19 00:00:00-04:00,13.195024490356445,13.195024490356445,13.195024490356445,13.195024490356445,400,0.0,0.0
2006-06-20 00:00:00-04:00,13.200626644810145,13.21746349334717,13.189401365451088,13.217463493347168,3900,0.0,0.0
2006-06-21 00:00:00-04:00,13.217471400665632,13.217471400665632,13.189409255981445,13.189409255981445,7500,0.0,0.0
2006-06-22 00:00:00-04:00,13.133279415237958,13.16134262084961,13.133279415237958,13.16134262084961,5500,0.0,0.0
2006-06-23 00:00:00-04:00,13.133287429809572,13.133287429809572,13.133287429809572,13.13328742980957,2000,0.0,0.0
2006-06-26 00:00:00-04:00,13.16135065254677,13.16135065254677,13.133287429809572,13.13328742980957,2600,0.0,0.0
2006-06-27 00:00:00-04:00,13.133287429809572,13.133287429809572,13.133287429809572,13.13328742980957,2000,0.0,0.0
2006-06-28 00:00:00-04:00,13.133287429809572,13.133287429809572,13.133287429809572,13.13328742980957,1000,0.0,0.0
2006-06-29 00:00:00-04:00,13.357785224914553,13.357785224914553,13.357785224914553,13.35778522491455,300,0.0,0.0
2006-06-30 00:00:00-04:00,13.49808857259649,13.694526672363281,13.49808857259649,13.694526672363281,1000,0.0,0.0
2006-07-03 00:00:00-04:00,13.660854001557983,13.660854001557983,13.049090120997944,13.077152252197266,5900,0.0,0.0
2006-07-05 00:00:00-04:00,13.043479921084797,13.04909256247512,13.02103042602539,13.02103042602539,3400,0.0,0.0
2006-07-06 00:00:00-04:00,13.02103042602539,13.02103042602539,13.02103042602539,13.02103042602539,3200,0.0,0.0
2006-07-07 00:00:00-04:00,13.021030959990451,13.032255172729492,13.021030959990451,13.032255172729492,1000,0.0,0.0
2006-07-10 00:00:00-04:00,13.032255172729492,13.032255172729492,13.032255172729492,13.032255172729492,400,0.0,0.0
2006-07-11 00:00:00-04:00,13.032255172729492,13.032255172729492,13.032255172729492,13.032255172729492,0,0.0,0.0
2006-07-12 00:00:00-04:00,13.02103042602539,13.02103042602539,13.02103042602539,13.02103042602539,3000,0.0,0.0
2006-07-13 00:00:00-04:00,13.077154724951434,13.127667427062988,13.077154724951434,13.127667427062988,2000,0.0,0.0
2006-07-14 00:00:00-04:00,13.133285529859021,13.296048986680836,13.049098014831543,13.049098014831543,11300,0.0,0.0
2006-07-17 00:00:00-04:00,13.089150428771973,13.089150428771973,13.089150428771973,13.089150428771973,700,0.121,0.0
2006-07-18 00:00:00-04:00,13.230200548647925,13.25840950012207,13.230200548647925,13.25840950012207,1200,0.0,0.0
2006-07-19 00:00:00-04:00,13.286612927645292,13.343031883239746,13.286612927645292,13.343031883239746,1400,0.0,0.0
2006-07-20 00:00:00-04:00,13.156864284734183,13.24149227142334,13.128655314538877,13.24149227142334,1700,0.0,0.0
2006-07-21 00:00:00-04:00,13.269694328308105,13.269694328308105,13.269694328308105,13.269694328308105,100,0.0,0.0
2006-07-24 00:00:00-04:00,13.14556256476044,13.14556256476044,13.100427627563477,13.100427627563477,600,0.0,0.0
2006-07-25 00:00:00-04:00,13.201984405517578,13.201984405517578,13.201984405517578,13.201984405517578,500,0.0,0.0
2006-07-26 00:00:00-04:00,13.258419388295524,13.314838409423828,13.258419388295524,13.314838409423828,300,0.0,0.0
2006-07-27 00:00:00-04:00,13.173779487609863,13.173779487609863,13.173779487609863,13.173779487609863,300,0.0,0.0
2006-07-28 00:00:00-04:00,13.286612927645292,13.343031883239746,13.168134089388806,13.343031883239746,2700,0.0,0.0
2006-07-31 00:00:00-04:00,13.39946144004008,13.39946144004008,13.145576477050781,13.145576477050781,1200,0.0,0.0
2006-08-01 00:00:00-04:00,13.094796809975245,13.218918800354004,13.08915587959685,13.218918800354004,1300,0.0,0.0
2006-08-02 00:00:00-04:00,13.286620906244897,13.399458885192871,13.286620906244897,13.399458885192871,1000,0.0,0.0
2006-08-03 00:00:00-04:00,13.512293403963929,13.7661771774292,13.512293403963929,13.7661771774292,1200,0.0,0.0
2006-08-04 00:00:00-04:00,13.596914820520016,13.596914820520016,13.540495872497559,13.540495872497559,600,0.0,0.0
2006-08-07 00:00:00-04:00,13.3994564253608,13.65334129333496,13.3994564253608,13.653341293334961,700,0.0,0.0
2006-08-08 00:00:00-04:00,13.619489669799805,13.619489669799805,13.619489669799805,13.619489669799805,100,0.0,0.0
2006-08-09 00:00:00-04:00,13.540495872497559,13.540495872497559,13.540495872497559,13.540495872497559,1600,0.0,0.0
2006-08-10 00:00:00-04:00,13.540495872497559,13.540495872497559,13.540495872497559,13.540495872497559,0,0.0,0.0
2006-08-11 00:00:00-04:00,13.537664205313819,13.628406732796535,13.537664205313819,13.583035469055176,1300,0.125,0.0
2006-08-14 00:00:00-04:00,13.497955322265625,13.497955322265625,13.497955322265625,13.497955322265625,200,0.0,0.0
2006-08-15 00:00:00-04:00,13.639752170737303,13.668109893798828,13.639752170737303,13.668109893798828,600,0.0,0.0
2006-08-16 00:00:00-04:00,13.69078063964844,13.69078063964844,13.69078063964844,13.690780639648438,200,0.0,0.0
2006-08-17 00:00:00-04:00,13.69078063964844,13.69078063964844,13.69078063964844,13.690780639648438,0,0.0,0.0
2006-08-18 00:00:00-04:00,13.611388206481934,13.611388206481934,13.611388206481934,13.611388206481934,200,0.0,0.0
2006-08-21 00:00:00-04:00,13.611388206481934,13.611388206481934,13.611388206481934,13.611388206481934,0,0.0,0.0
2006-08-22 00:00:00-04:00,13.611388206481934,13.611388206481934,13.611388206481934,13.611388206481934,0,0.0,0.0
2006-08-23 00:00:00-04:00,13.611388206481934,13.611388206481934,13.611388206481934,13.611388206481934,0,0.0,0.0
2006-08-24 00:00:00-04:00,13.67944562347816,13.67944562347816,13.611388206481934,13.611388206481934,1100,0.0,0.0
2006-08-25 00:00:00-04:00,13.560349048829954,13.560349048829954,13.412892173927673,13.435578346252441,1600,0.0,0.0
2006-08-28 00:00:00-04:00,13.395871201192383,13.395871201192383,13.390199661254883,13.390199661254883,1800,0.0,0.0
2006-08-29 00:00:00-04:00,13.480957518723253,13.480957518723253,13.220071792602539,13.220071792602539,1900,0.0,0.0
2006-08-30 00:00:00-04:00,13.327828407287598,13.327828407287598,13.327828407287598,13.327828407287598,200,0.0,0.0
2006-08-31 00:00:00-04:00,13.42424774169922,13.42424774169922,13.42424774169922,13.424247741699219,500,0.0,0.0
2006-09-01 00:00:00-04:00,13.42424774169922,13.42424774169922,13.42424774169922,13.424247741699219,0,0.0,0.0
2006-09-05 00:00:00-04:00,13.526335651836146,13.577378513603398,13.526335651836146,13.549020767211914,1500,0.0,0.0
2006-09-06 00:00:00-04:00,13.571699483137134,13.571699483137134,13.327828407287598,13.327828407287598,4300,0.0,0.0
2006-09-07 00:00:00-04:00,13.327825209092078,13.327825209092078,13.214396476745605,13.214396476745605,2800,0.0,0.0
2006-09-08 00:00:00-04:00,13.299460073445246,13.299460073445246,13.157674789428713,13.157674789428711,3000,0.0,0.0
2006-09-11 00:00:00-04:00,13.242754605868319,13.242754605868319,13.112312316894531,13.112312316894531,1000,0.0,0.0
2006-09-12 00:00:00-04:00,13.112312316894531,13.112312316894531,13.112312316894531,13.112312316894531,0,0.0,0.0
2006-09-13 00:00:00-04:00,13.327821773736808,13.327821773736808,13.299465138827625,13.322150230407715,2100,0.0,0.0
2006-09-14 00:00:00-04:00,13.271105766296387,13.310805482910272,13.271105766296387,13.271105766296387,1200,0.0,0.0
2006-09-15 00:00:00-04:00,13.352643966674803,13.352643966674803,13.352643966674803,13.352643966674805,100,0.123,0.0
2006-09-18 00:00:00-04:00,13.255717277526854,13.255717277526854,13.255717277526854,13.255717277526855,300,0.0,0.0
2006-09-19 00:00:00-04:00,13.255717277526854,13.255717277526854,13.255717277526854,13.255717277526855,0,0.0,0.0
2006-09-20 00:00:00-04:00,13.255717277526854,13.255717277526854,13.255717277526854,13.255717277526855,0,0.0,0.0
2006-09-21 00:00:00-04:00,13.34123605773649,13.369743625326002,13.329833030700684,13.329833030700684,1200,0.0,0.0
2006-09-22 00:00:00-04:00,13.307025791998923,13.307025791998923,13.284219741821287,13.284219741821289,1400,0.0,0.0
2006-09-25 00:00:00-04:00,13.238618348657585,13.238618348657585,13.232916831970213,13.232916831970215,400,0.0,0.0
2006-09-26 00:00:00-04:00,13.324140011515045,13.324140011515045,13.232916831970213,13.232916831970215,1400,0.0,0.0
2006-09-27 00:00:00-04:00,13.284219471290484,13.324130058288574,13.284219471290484,13.324130058288574,500,0.0,0.0
2006-09-28 00:00:00-04:00,13.267121458403464,13.267121458403464,13.153093338012695,13.153093338012695,1100,0.0,0.0
2006-09-29 00:00:00-04:00,13.170199289905584,13.221511840820312,13.124588254365031,13.221511840820312,700,0.0,0.0
2006-10-02 00:00:00-04:00,13.221511840820312,13.221511840820312,13.221511840820312,13.221511840820312,0,0.0,0.0
2006-10-03 00:00:00-04:00,13.141687740306068,13.141687740306068,13.056167210451974,13.073271751403809,8200,0.0,0.0
2006-10-04 00:00:00-04:00,13.08467960357666,13.08467960357666,13.08467960357666,13.08467960357666,1000,0.0,0.0
2006-10-05 00:00:00-04:00,13.153089157955225,13.153089157955225,13.10747814178467,13.107478141784668,1500,0.0,0.0
2006-10-06 00:00:00-04:00,13.10747814178467,13.10747814178467,13.10747814178467,13.107478141784668,200,0.0,0.0
2006-10-09 00:00:00-04:00,13.07326736938606,13.07326736938606,13.056162834167482,13.05616283416748,900,0.0,0.0
2006-10-10 00:00:00-04:00,13.061874389648438,13.061874389648438,13.061874389648438,13.061874389648438,100,0.0,0.0
2006-10-11 00:00:00-04:00,13.113171577453613,13.113171577453613,13.113171577453613,13.113171577453613,1000,0.0,0.0
2006-10-12 00:00:00-04:00,13.113171577453613,13.113171577453613,13.113171577453613,13.113171577453613,500,0.0,0.0
2006-10-13 00:00:00-04:00,13.113171577453613,13.113171577453613,13.113171577453613,13.113171577453613,400,0.0,0.0
2006-10-16 00:00:00-04:00,13.113188625957287,13.164501190185547,13.113188625957287,13.164501190185547,1300,0.0,0.0
2006-10-17 00:00:00-04:00,13.131821142791832,13.223531723022461,13.126089094867874,13.223531723022461,4500,0.123,0.0
2006-10-18 00:00:00-04:00,13.24073654177159,13.24073654177159,13.126097694736812,13.137561798095703,4400,0.0,0.0
2006-10-19 00:00:00-04:00,13.131814972751341,13.223525509891376,13.12608292752061,13.217793464660645,1600,0.0,0.0
2006-10-20 00:00:00-04:00,13.177675967205719,13.177675967205719,13.131820678710938,13.131820678710938,1200,0.0,0.0
2006-10-23 00:00:00-04:00,13.137562935191992,13.171954154968262,13.13183088301642,13.171954154968262,1500,0.0,0.0
2006-10-24 00:00:00-04:00,13.131820678710938,13.131820678710938,13.12608863098955,13.131820678710938,2500,0.0,0.0
2006-10-25 00:00:00-04:00,13.131820678710938,13.131820678710938,13.131820678710938,13.131820678710938,200,0.0,0.0
2006-10-26 00:00:00-04:00,13.131820678710938,13.131820678710938,13.131820678710938,13.131820678710938,0,0.0,0.0
2006-10-27 00:00:00-04:00,13.166207264251538,13.613296990573932,13.131816083234717,13.533050537109375,13800,0.0,0.0
2006-10-30 00:00:00-05:00,13.470010263466806,13.584649085998535,13.441351104472293,13.584649085998535,900,0.0,0.0
2006-10-31 00:00:00-05:00,13.52159596771944,13.670625981441974,13.412689208984375,13.412689208984375,8300,0.0,0.0
2006-11-01 00:00:00-05:00,13.326714796768991,13.613310813903809,13.326714796768991,13.613310813903809,3100,0.0,0.0
2006-11-02 00:00:00-05:00,13.550248128031308,13.550248128031308,13.452805519104004,13.452805519104004,1300,0.0,0.0
2006-11-03 00:00:00-05:00,13.452805519104004,13.452805519104004,13.452805519104004,13.452805519104004,0,0.0,0.0
2006-11-06 00:00:00-05:00,13.366839408874512,13.366839408874512,13.366839408874512,13.366839408874512,900,0.0,0.0
2006-11-07 00:00:00-05:00,13.372550964355467,13.372550964355467,13.372550964355467,13.372550964355469,100,0.0,0.0
2006-11-08 00:00:00-05:00,13.361100196838379,13.361100196838379,13.361100196838379,13.361100196838379,1800,0.0,0.0
2006-11-09 00:00:00-05:00,13.355365545444448,13.355365545444448,13.183408480831105,13.223531723022461,2700,0.0,0.0
2006-11-10 00:00:00-05:00,13.22352366193797,13.24071979522705,13.12608109318455,13.24071979522705,6800,0.0,0.0
2006-11-13 00:00:00-05:00,13.183416366577147,13.183416366577147,13.183416366577147,13.183416366577148,100,0.0,0.0
2006-11-14 00:00:00-05:00,13.183416366577147,13.183416366577147,13.183416366577147,13.183416366577148,0,0.0,0.0
2006-11-15 00:00:00-05:00,13.212072410355006,13.23500061035156,13.131825896920564,13.235000610351562,5500,0.0,0.0
2006-11-16 00:00:00-05:00,13.207339052524397,13.241912930667226,13.19581406011553,13.224626541137695,5400,0.122,0.0
2006-11-17 00:00:00-05:00,13.19581318310552,13.25919953805778,13.19581318310552,13.253437042236328,5700,0.0,0.0
2006-11-20 00:00:00-05:00,13.3340974719634,13.345622452963356,13.3340974719634,13.339859962463379,10600,0.0,0.0
2006-11-21 00:00:00-05:00,13.201568996200335,13.201568996200335,13.195806503295898,13.195806503295898,5400,0.0,0.0
2006-11-22 00:00:00-05:00,13.19581619083818,13.311063935368308,13.19581619083818,13.264965057373047,2400,0.0,0.0
2006-11-24 00:00:00-05:00,13.380210253383307,13.380210253383307,13.230388641357422,13.230388641357422,800,0.0,0.0
2006-11-27 00:00:00-05:00,13.22461896781808,13.22461896781808,13.195806503295898,13.195806503295898,1100,0.0,0.0
2006-11-28 00:00:00-05:00,13.201577184103897,13.25920104980469,13.201577184103897,13.259201049804688,4300,0.0,0.0
2006-11-29 00:00:00-05:00,13.311062184783239,13.311062184783239,13.218864440917969,13.218864440917969,1500,0.0,0.0
2006-11-30 00:00:00-05:00,13.236138106790179,13.328335762023926,13.207326751685663,13.328335762023926,3900,0.0,0.0
2006-12-01 00:00:00-05:00,13.253437923076094,13.253437923076094,13.224626541137697,13.224626541137695,500,0.0,0.0
2006-12-04 00:00:00-05:00,13.253424803129073,13.339859962463379,13.253424803129073,13.339859962463379,7800,0.0,0.0
2006-12-05 00:00:00-05:00,13.264966837187757,13.397500991821289,13.253441841371599,13.397500991821289,3000,0.0,0.0
2006-12-06 00:00:00-05:00,13.293761137546236,13.339859962463379,13.287998647046258,13.339859962463379,700,0.0,0.0
2006-12-07 00:00:00-05:00,13.236142920687447,13.311054229736328,13.236142920687447,13.311054229736328,2300,0.0,0.0
2006-12-08 00:00:00-05:00,13.391737606845712,13.432073990446293,13.391737606845712,13.426311492919922,1400,0.0,0.0
2006-12-11 00:00:00-05:00,13.455119132995604,13.455119132995604,13.455119132995604,13.455119132995605,500,0.0,0.0
2006-12-12 00:00:00-05:00,13.43782901763916,13.43782901763916,13.43782901763916,13.43782901763916,200,0.0,0.0
2006-12-13 00:00:00-05:00,13.55882772084114,13.57611409009113,13.55882772084114,13.570351600646973,7500,0.0,0.0
2006-12-14 00:00:00-05:00,13.483935369099616,13.483935369099616,13.42631149291992,13.426311492919922,3500,0.0,0.0
2006-12-15 00:00:00-05:00,13.316815376281737,13.316815376281737,13.311052883931117,13.316815376281738,600,0.0,0.0
2006-12-18 00:00:00-05:00,13.28322029219349,13.49755859375,13.28322029219349,13.49755859375,4700,0.122,0.0
2006-12-19 00:00:00-05:00,13.49755859375,13.49755859375,13.49755859375,13.49755859375,0,0.0,0.0
2006-12-20 00:00:00-05:00,13.61341545287135,13.735066720175556,13.61341545287135,13.72927474975586,3700,0.0,0.0
2006-12-21 00:00:00-05:00,13.61921611406884,13.61921611406884,13.555493354797363,13.555493354797363,2000,0.0,0.0
2006-12-22 00:00:00-05:00,13.700310707092285,13.700310707092285,13.700310707092285,13.700310707092285,400,0.0,0.0
2006-12-26 00:00:00-05:00,13.619214518008178,13.619214518008178,13.613421440124513,13.613421440124512,1800,0.0,0.0
2006-12-27 00:00:00-05:00,13.61340990867993,13.677132606506348,13.61340990867993,13.677132606506348,3100,0.0,0.0
2006-12-28 00:00:00-05:00,13.56127771392348,13.758237838745117,13.56127771392348,13.758237838745117,3400,0.0,0.0
2006-12-29 00:00:00-05:00,13.781415444927456,13.781415444927456,13.775622367858887,13.775622367858887,11400,0.0,0.0
2007-01-03 00:00:00-05:00,13.897275815599302,13.932033178456548,13.798795700073242,13.798795700073242,2600,0.0,0.0
2007-01-04 00:00:00-05:00,13.787214770488665,13.793007850646973,13.787214770488665,13.793007850646973,700,0.0,0.0
2007-01-05 00:00:00-05:00,13.781418633962062,13.781418633962062,13.613422674848582,13.65976619720459,1800,0.0,0.0
2007-01-08 00:00:00-05:00,13.706109540074975,13.711902618408203,13.706109540074975,13.711902618408203,200,0.0,0.0
2007-01-09 00:00:00-05:00,13.555487369728171,13.555487369728171,13.520730018615723,13.520730018615723,1400,0.0,0.0
2007-01-10 00:00:00-05:00,13.630800991585804,13.677144510819026,13.630800991585804,13.671351432800293,6100,0.0,0.0
2007-01-11 00:00:00-05:00,13.671351432800291,13.671351432800291,13.671351432800291,13.671351432800293,0,0.0,0.0
2007-01-12 00:00:00-05:00,13.706109540074975,13.781418453490248,13.700316461741744,13.711902618408203,3800,0.0,0.0
2007-01-16 00:00:00-05:00,13.765471636050462,13.794587090911092,13.765471636050462,13.788763999938965,2500,0.122,0.0
2007-01-17 00:00:00-05:00,13.905210494995115,13.905210494995115,13.905210494995115,13.905210494995117,200,0.0,0.0
2007-01-18 00:00:00-05:00,13.89939022064209,13.89939022064209,13.89939022064209,13.89939022064209,100,0.0,0.0
2007-01-19 00:00:00-05:00,13.78877136057431,13.78877136057431,13.590790604401343,13.660665512084961,1500,0.0,0.0
2007-01-22 00:00:00-05:00,13.625717913255004,13.701416969299316,13.503436360532229,13.701416969299316,8100,0.0,0.0
2007-01-23 00:00:00-05:00,13.614081382751465,13.614081382751465,13.614081382751465,13.614081382751465,200,0.0,0.0
2007-01-24 00:00:00-05:00,13.538374900817871,13.538374900817871,13.538374900817871,13.538374900817871,300,0.0,0.0
2007-01-25 00:00:00-05:00,13.625728607177736,13.625728607177736,13.625728607177736,13.625728607177734,200,0.0,0.0
2007-01-26 00:00:00-05:00,13.625728607177736,13.625728607177736,13.625728607177736,13.625728607177734,0,0.0,0.0
2007-01-29 00:00:00-05:00,13.713063500510026,14.004211354963665,13.713063500510026,13.829523086547852,102500,0.0,0.0
2007-01-30 00:00:00-05:00,13.817876905815885,13.829523086547852,13.713063500510026,13.829523086547852,1100,0.0,0.0
2007-01-31 00:00:00-05:00,13.806228637695314,13.806228637695314,13.806228637695314,13.806228637695312,400,0.0,0.0
2007-02-01 00:00:00-05:00,13.812058448791506,13.812058448791506,13.812058448791506,13.812058448791504,100,0.0,0.0
2007-02-02 00:00:00-05:00,13.934339567040318,13.945985750342496,13.934339567040318,13.940162658691406,1100,0.0,0.0
2007-02-05 00:00:00-05:00,13.940162658691406,13.940162658691406,13.940162658691406,13.940162658691406,0,0.0,0.0
2007-02-06 00:00:00-05:00,13.940162658691406,13.940162658691406,13.940162658691406,13.940162658691406,0,0.0,0.0
2007-02-07 00:00:00-05:00,13.829524526102807,13.829524526102807,13.788763999938965,13.788763999938965,900,0.0,0.0
2007-02-08 00:00:00-05:00,13.806228637695314,13.806228637695314,13.806228637695314,13.806228637695312,200,0.0,0.0
2007-02-09 00:00:00-05:00,13.812058448791506,13.812058448791506,13.812058448791506,13.812058448791504,200,0.0,0.0
2007-02-12 00:00:00-05:00,13.759649942002866,13.759649942002866,13.742181777954103,13.742181777954102,2000,0.0,0.0
2007-02-13 00:00:00-05:00,13.801883349748364,13.813590049743652,13.801883349748364,13.813590049743652,2300,0.122,0.0
2007-02-14 00:00:00-05:00,13.813590049743652,13.813590049743652,13.813590049743652,13.813590049743652,0,0.0,0.0
2007-02-15 00:00:00-05:00,13.813590049743652,13.813590049743652,13.813590049743652,13.813590049743652,0,0.0,0.0
2007-02-16 00:00:00-05:00,13.825296749738943,13.825296749738943,13.813590049743652,13.813590049743652,1300,0.0,0.0
2007-02-20 00:00:00-05:00,13.813590049743652,13.813590049743652,13.813590049743652,13.813590049743652,0,0.0,0.0
2007-02-21 00:00:00-05:00,13.813590049743652,13.813590049743652,13.813590049743652,13.813590049743652,0,0.0,0.0
2007-02-22 00:00:00-05:00,13.737511905223952,13.79604434967041,13.46241086766318,13.79604434967041,14000,0.0,0.0
2007-02-23 00:00:00-05:00,13.725797470987846,13.790182113647461,13.725797470987846,13.790182113647461,500,0.0,0.0
2007-02-26 00:00:00-05:00,13.790169338830896,13.819436073303224,13.790169338830896,13.819436073303223,1800,0.0,0.0
2007-02-27 00:00:00-05:00,13.725790023803711,13.725790023803711,13.725790023803711,13.725790023803711,200,0.0,0.0
2007-02-28 00:00:00-05:00,13.579458179791795,13.749200820922852,13.579458179791795,13.749200820922852,3200,0.0,0.0
2007-03-01 00:00:00-05:00,13.755060195922852,13.755060195922852,13.60872976830665,13.755060195922852,2800,0.0,0.0
2007-03-02 00:00:00-05:00,13.702378074840814,13.784322738647461,13.702378074840814,13.784322738647461,400,0.0,0.0
2007-03-05 00:00:00-05:00,13.78432329975543,13.813590049743652,13.749204316181922,13.813590049743652,1500,0.0,0.0
2007-03-06 00:00:00-05:00,13.813590049743652,13.813590049743652,13.813590049743652,13.813590049743652,0,0.0,0.0
2007-03-07 00:00:00-05:00,13.901386260986328,13.901386260986328,13.901386260986328,13.901386260986328,800,0.0,0.0
2007-03-08 00:00:00-05:00,13.901386260986328,13.901386260986328,13.901386260986328,13.901386260986328,0,0.0,0.0
2007-03-09 00:00:00-05:00,13.901386260986328,13.901386260986328,13.901386260986328,13.901386260986328,0,0.0,0.0
2007-03-12 00:00:00-04:00,13.901386260986328,13.901386260986328,13.901386260986328,13.901386260986328,0,0.0,0.0
2007-03-13 00:00:00-04:00,13.901386260986328,13.901386260986328,13.901386260986328,13.901386260986328,0,0.0,0.0
2007-03-14 00:00:00-04:00,13.842853885026047,13.901386260986328,13.755055879291735,13.901386260986328,1800,0.0,0.0
2007-03-15 00:00:00-04:00,13.831968206737509,13.967287063598633,13.831968206737509,13.967287063598633,900,0.122,0.0
2007-03-16 00:00:00-04:00,13.949629783630371,13.949629783630371,13.949629783630371,13.949629783630371,100,0.0,0.0
2007-03-19 00:00:00-04:00,13.949629783630371,13.949629783630371,13.949629783630371,13.949629783630371,0,0.0,0.0
2007-03-20 00:00:00-04:00,13.94962314710957,13.94962314710957,13.773120554827496,13.914322853088379,4000,0.0,0.0
2007-03-21 00:00:00-04:00,13.914322853088379,13.914322853088379,13.914322853088379,13.914322853088379,0,0.0,0.0
2007-03-22 00:00:00-04:00,13.914335846526322,13.920219421386719,13.914335846526322,13.920219421386719,1900,0.0,0.0
2007-03-23 00:00:00-04:00,13.9966981927822,14.002580642700195,13.9966981927822,14.002580642700195,1600,0.0,0.0
2007-03-26 00:00:00-04:00,14.032001495361328,14.032001495361328,14.032001495361328,14.032001495361328,4100,0.0,0.0
2007-03-27 00:00:00-04:00,13.973163515997598,14.090832710266113,13.91432891886334,14.090832710266113,12900,0.0,0.0
2007-03-28 00:00:00-04:00,14.090832710266113,14.090832710266113,14.090832710266113,14.090832710266113,0,0.0,0.0
2007-03-29 00:00:00-04:00,14.090832710266113,14.090832710266113,14.090832710266113,14.090832710266113,0,0.0,0.0
2007-03-30 00:00:00-04:00,14.090832710266113,14.090832710266113,14.090832710266113,14.090832710266113,0,0.0,0.0
2007-04-02 00:00:00-04:00,14.14967155456543,14.14967155456543,14.14967155456543,14.14967155456543,300,0.0,0.0
2007-04-03 00:00:00-04:00,14.067297851523524,14.184967041015623,14.067297851523524,14.184967041015625,1100,0.0,0.0
2007-04-04 00:00:00-04:00,14.184967041015623,14.184967041015623,14.184967041015623,14.184967041015625,0,0.0,0.0
2007-04-05 00:00:00-04:00,14.184967041015623,14.184967041015623,14.184967041015623,14.184967041015625,0,0.0,0.0
2007-04-09 00:00:00-04:00,14.184967041015623,14.184967041015623,14.184967041015623,14.184967041015625,0,0.0,0.0
2007-04-10 00:00:00-04:00,14.120252851246242,14.120252851246242,14.032001495361328,14.032001495361328,1200,0.0,0.0
2007-04-11 00:00:00-04:00,14.090832710266113,14.090832710266113,14.090832710266113,14.090832710266113,400,0.0,0.0
2007-04-12 00:00:00-04:00,14.14967155456543,14.14967155456543,14.14967155456543,14.14967155456543,300,0.0,0.0
2007-04-13 00:00:00-04:00,14.237924744571766,14.385010739362064,14.149672249955918,14.284992218017578,9000,0.0,0.0
2007-04-16 00:00:00-04:00,14.197471600348921,14.315733909606932,14.16199302035589,14.315733909606934,3500,0.122,0.0
2007-04-17 00:00:00-04:00,14.256608338861984,14.392610549926758,14.256608338861984,14.392610549926758,2500,0.0,0.0
2007-04-18 00:00:00-04:00,14.481291171689932,14.605467796325684,14.428072779395016,14.605467796325684,5200,0.0,0.0
2007-04-19 00:00:00-04:00,14.54635238647461,14.694181168597636,14.428088909638547,14.54635238647461,4100,0.0,0.0
2007-04-20 00:00:00-04:00,14.593657551640213,14.664614735466568,14.54635238647461,14.54635238647461,2900,0.0,0.0
2007-04-23 00:00:00-04:00,14.575901396249153,14.694164740869596,14.575901396249153,14.605467796325684,3400,0.0,0.0
2007-04-24 00:00:00-04:00,14.605467796325684,14.605467796325684,14.487204451705239,14.605467796325684,1500,0.0,0.0
2007-04-25 00:00:00-04:00,14.5759057322795,14.635037422180176,14.5759057322795,14.635037422180176,3300,0.0,0.0
2007-04-26 00:00:00-04:00,14.605478340113697,14.605478340113697,14.575911918692977,14.59365177154541,4100,0.0,0.0
2007-04-27 00:00:00-04:00,14.522692770119326,14.522692770119326,14.463561058044435,14.463561058044434,2800,0.0,0.0
2007-04-30 00:00:00-04:00,14.540420527479467,14.540420527479467,14.445810317993162,14.445810317993164,800,0.0,0.0
2007-05-01 00:00:00-04:00,14.439910409825233,14.516780853271483,14.36895212308402,14.516780853271484,900,0.0,0.0
2007-05-02 00:00:00-04:00,14.516780853271483,14.516780853271483,14.516780853271483,14.516780853271484,0,0.0,0.0
2007-05-03 00:00:00-04:00,14.516780853271483,14.516780853271483,14.516780853271483,14.516780853271484,0,0.0,0.0
2007-05-04 00:00:00-04:00,14.49313735961914,14.49313735961914,14.49313735961914,14.49313735961914,300,0.0,0.0
2007-05-07 00:00:00-04:00,14.428088909638547,14.54635238647461,14.428088909638547,14.54635238647461,1900,0.0,0.0
2007-05-08 00:00:00-04:00,14.487222671508789,14.487222671508789,14.487222671508789,14.487222671508789,500,0.0,0.0
2007-05-09 00:00:00-04:00,14.428081512451174,14.428081512451174,14.428081512451174,14.428081512451172,400,0.0,0.0
2007-05-10 00:00:00-04:00,14.38078498840332,14.38078498840332,14.38078498840332,14.38078498840332,500,0.0,0.0
2007-05-11 00:00:00-04:00,14.374868833392236,14.374868833392236,14.30982494354248,14.30982494354248,1900,0.0,0.0
2007-05-14 00:00:00-04:00,14.280253845136611,14.280253845136611,14.250688552856445,14.250688552856445,1000,0.0,0.0
2007-05-15 00:00:00-04:00,14.250688552856445,14.250688552856445,14.250688552856445,14.250688552856445,0,0.0,0.0
2007-05-16 00:00:00-04:00,14.329155500621294,14.329155500621294,14.275666236877441,14.275666236877441,500,0.122,0.0
2007-05-17 00:00:00-04:00,14.269710540771484,14.269710540771484,14.269710540771484,14.269710540771484,700,0.0,0.0
2007-05-18 00:00:00-04:00,14.275666236877441,14.275666236877441,14.275666236877441,14.275666236877441,100,0.0,0.0
2007-05-21 00:00:00-04:00,14.352922439575194,14.352922439575194,14.352922439575194,14.352922439575195,1000,0.0,0.0
2007-05-22 00:00:00-04:00,14.442070800848,14.442070800848,14.352922439575194,14.352922439575195,1500,0.0,0.0
2007-05-23 00:00:00-04:00,14.293482780456541,14.293482780456541,14.293482780456541,14.293482780456543,500,0.0,0.0
2007-05-24 00:00:00-04:00,14.293482780456541,14.293482780456541,14.293482780456541,14.293482780456543,0,0.0,0.0
2007-05-25 00:00:00-04:00,14.293482780456541,14.293482780456541,14.293482780456541,14.293482780456543,0,0.0,0.0
2007-05-29 00:00:00-04:00,14.275653913121543,14.275653913121543,14.269710540771484,14.269710540771484,400,0.0,0.0
2007-05-30 00:00:00-04:00,14.269710540771484,14.269710540771484,14.269710540771484,14.269710540771484,0,0.0,0.0
2007-05-31 00:00:00-04:00,14.275666236877441,14.275666236877441,14.275666236877441,14.275666236877441,100,0.0,0.0
2007-06-01 00:00:00-04:00,14.275656316660514,14.275656316660514,14.21622371673584,14.21622371673584,2300,0.0,0.0
2007-06-04 00:00:00-04:00,14.222177130953847,14.263779640197754,14.222177130953847,14.263779640197754,600,0.0,0.0
2007-06-05 00:00:00-04:00,14.31725025177002,14.31725025177002,14.31725025177002,14.31725025177002,100,0.0,0.0
2007-06-06 00:00:00-04:00,14.31725025177002,14.31725025177002,14.31725025177002,14.31725025177002,0,0.0,0.0
2007-06-07 00:00:00-04:00,14.31725025177002,14.31725025177002,14.31725025177002,14.31725025177002,0,0.0,0.0
2007-06-08 00:00:00-04:00,14.31725025177002,14.31725025177002,14.31725025177002,14.31725025177002,0,0.0,0.0
2007-06-11 00:00:00-04:00,14.31725025177002,14.31725025177002,14.31725025177002,14.31725025177002,0,0.0,0.0
2007-06-12 00:00:00-04:00,14.263779640197754,14.263779640197754,14.263779640197754,14.263779640197754,500,0.0,0.0
2007-06-13 00:00:00-04:00,14.263779640197754,14.263779640197754,14.263779640197754,14.263779640197754,0,0.0,0.0
2007-06-14 00:00:00-04:00,14.187312651874631,14.27691650390625,14.187312651874631,14.27691650390625,3000,0.122,0.0
2007-06-15 00:00:00-04:00,14.27691650390625,14.27691650390625,14.27691650390625,14.27691650390625,0,0.0,0.0
2007-06-18 00:00:00-04:00,14.336645432740665,14.420275499831906,14.300804138183592,14.300804138183594,2000,0.0,0.0
2007-06-19 00:00:00-04:00,14.33664608001709,14.33664608001709,14.33664608001709,14.33664608001709,100,0.0,0.0
2007-06-20 00:00:00-04:00,14.33664608001709,14.33664608001709,14.33664608001709,14.33664608001709,0,0.0,0.0
2007-06-21 00:00:00-04:00,14.33664608001709,14.33664608001709,14.33664608001709,14.33664608001709,0,0.0,0.0
2007-06-22 00:00:00-04:00,14.33664608001709,14.33664608001709,14.33664608001709,14.33664608001709,0,0.0,0.0
2007-06-25 00:00:00-04:00,14.28886398801041,14.28886398801041,14.193286393926712,14.27691650390625,5100,0.0,0.0
2007-06-26 00:00:00-04:00,14.27691650390625,14.27691650390625,14.27691650390625,14.27691650390625,0,0.0,0.0
2007-06-27 00:00:00-04:00,14.223145794114682,14.247040748596191,14.145489470798056,14.247040748596191,3100,0.0,0.0
2007-06-28 00:00:00-04:00,14.247040748596191,14.247040748596191,14.247040748596191,14.247040748596191,0,0.0,0.0
2007-06-29 00:00:00-04:00,14.22314739227295,14.22314739227295,14.22314739227295,14.22314739227295,200,0.0,0.0
2007-07-02 00:00:00-04:00,14.22314739227295,14.22314739227295,14.22314739227295,14.22314739227295,0,0.0,0.0
2007-07-03 00:00:00-04:00,14.22314739227295,14.22314739227295,14.22314739227295,14.22314739227295,0,0.0,0.0
2007-07-05 00:00:00-04:00,14.22314739227295,14.22314739227295,14.22314739227295,14.22314739227295,0,0.0,0.0
2007-07-06 00:00:00-04:00,14.247040748596191,14.247040748596191,14.247040748596191,14.247040748596191,2000,0.0,0.0
2007-07-09 00:00:00-04:00,14.247040748596191,14.247040748596191,14.247040748596191,14.247040748596191,0,0.0,0.0
2007-07-10 00:00:00-04:00,14.33664608001709,14.33664608001709,14.330672340758838,14.33664608001709,300,0.0,0.0
2007-07-11 00:00:00-04:00,14.409895896911621,14.409895896911621,14.409895896911621,14.409895896911621,0,0.122,0.0
2007-07-12 00:00:00-04:00,14.34986114501953,14.34986114501953,14.34986114501953,14.349861145019531,9900,0.0,0.0
2007-07-13 00:00:00-04:00,14.499958001992146,14.559999465942385,14.499958001992146,14.559999465942383,1000,0.0,0.0
2007-07-16 00:00:00-04:00,14.499956423921297,14.52397346496582,14.43991496650554,14.52397346496582,600,0.0,0.0
2007-07-17 00:00:00-04:00,14.52397346496582,14.52397346496582,14.52397346496582,14.52397346496582,0,0.0,0.0
2007-07-18 00:00:00-04:00,14.52397346496582,14.52397346496582,14.52397346496582,14.52397346496582,0,0.0,0.0
2007-07-19 00:00:00-04:00,14.493953256514336,14.493953256514336,14.409895896911621,14.409895896911621,600,0.0,0.0
2007-07-20 00:00:00-04:00,14.409895896911621,14.409895896911621,14.409895896911621,14.409895896911621,0,0.0,0.0
2007-07-23 00:00:00-04:00,14.409895896911621,14.409895896911621,14.409895896911621,14.409895896911621,0,0.0,0.0
2007-07-24 00:00:00-04:00,14.349854832379084,14.379876136779785,14.349854832379084,14.379876136779785,200,0.0,0.0
2007-07-25 00:00:00-04:00,14.319818464737374,14.319818464737374,14.229756943866194,14.259777069091797,4200,0.0,0.0
2007-07-26 00:00:00-04:00,14.229775403069244,14.229775403069244,14.157725405790709,14.163729667663574,700,0.0,0.0
2007-07-27 00:00:00-04:00,14.163729667663574,14.163729667663574,14.163729667663574,14.163729667663574,0,0.0,0.0
2007-07-30 00:00:00-04:00,14.133706973810906,14.133706973810906,14.08567288742523,14.127702713012695,900,0.0,0.0
2007-07-31 00:00:00-04:00,14.0916805267334,14.0916805267334,14.0916805267334,14.091680526733398,100,0.0,0.0
2007-08-01 00:00:00-04:00,14.079664241939135,14.079664241939135,14.019622802734377,14.019622802734375,700,0.0,0.0
2007-08-02 00:00:00-04:00,14.037647386345569,14.04965591430664,14.037647386345569,14.04965591430664,200,0.0,0.0
2007-08-03 00:00:00-04:00,14.031633079863708,14.031633079863708,14.007616043090819,14.00761604309082,300,0.0,0.0
2007-08-06 00:00:00-04:00,14.025640003580753,14.04965591430664,13.929574070284687,14.04965591430664,1900,0.0,0.0
2007-08-07 00:00:00-04:00,14.019623457305649,14.019623457305649,13.995606422424316,13.995606422424316,400,0.0,0.0
2007-08-08 00:00:00-04:00,13.995606422424316,13.995606422424316,13.995606422424316,13.995606422424316,0,0.0,0.0
2007-08-09 00:00:00-04:00,13.96558492283058,13.96558492283058,13.857510566711426,13.857510566711426,1300,0.0,0.0
2007-08-10 00:00:00-04:00,13.88153198037595,13.887535095214846,13.88153198037595,13.887535095214844,500,0.0,0.0
2007-08-13 00:00:00-04:00,14.003431546831328,14.003431546831328,13.882711852821204,13.979287147521973,2300,0.122,0.0
2007-08-14 00:00:00-04:00,13.912886292853132,13.912886292853132,13.846491520710126,13.852527618408203,3800,0.0,0.0
2007-08-15 00:00:00-04:00,13.822341327718117,13.858556747436523,13.774053717671098,13.858556747436523,1300,0.0,0.0
2007-08-16 00:00:00-04:00,13.858556747436523,13.858556747436523,13.858556747436523,13.858556747436523,0,0.0,0.0
2007-08-17 00:00:00-04:00,13.858556747436523,13.858556747436523,13.858556747436523,13.858556747436523,0,0.0,0.0
2007-08-20 00:00:00-04:00,13.858556747436523,13.858556747436523,13.858556747436523,13.858556747436523,0,0.0,0.0
2007-08-21 00:00:00-04:00,13.858556747436523,13.858556747436523,13.858556747436523,13.858556747436523,0,0.0,0.0
2007-08-22 00:00:00-04:00,13.858556747436523,13.858556747436523,13.858556747436523,13.858556747436523,0,0.0,0.0
2007-08-23 00:00:00-04:00,13.912876301617619,13.973236083984375,13.8344093904278,13.973236083984375,3700,0.0,0.0
2007-08-24 00:00:00-04:00,13.973236083984375,13.973236083984375,13.973236083984375,13.973236083984375,0,0.0,0.0
2007-08-27 00:00:00-04:00,13.882701074795063,13.943060874938963,13.731802150069031,13.943060874938965,3900,0.0,0.0
2007-08-28 00:00:00-04:00,13.943060874938963,13.943060874938963,13.943060874938963,13.943060874938965,0,0.0,0.0
2007-08-29 00:00:00-04:00,13.943060874938963,13.943060874938963,13.943060874938963,13.943060874938965,0,0.0,0.0
2007-08-30 00:00:00-04:00,13.852527563765921,14.00342655181885,13.852527563765921,14.003426551818848,400,0.0,0.0
2007-08-31 00:00:00-04:00,14.00342655181885,14.00342655181885,14.00342655181885,14.003426551818848,0,0.0,0.0
2007-09-04 00:00:00-04:00,14.00342655181885,14.00342655181885,14.00342655181885,14.003426551818848,0,0.0,0.0
2007-09-05 00:00:00-04:00,13.973236083984375,13.973236083984375,13.973236083984375,13.973236083984375,100,0.0,0.0
2007-09-06 00:00:00-04:00,13.973236083984375,13.973236083984375,13.973236083984375,13.973236083984375,0,0.0,0.0
2007-09-07 00:00:00-04:00,13.882696151733398,13.882696151733398,13.882696151733398,13.882696151733398,500,0.0,0.0
2007-09-10 00:00:00-04:00,13.91287612915039,13.91287612915039,13.91287612915039,13.91287612915039,100,0.0,0.0
2007-09-11 00:00:00-04:00,13.943071152612998,14.033610343933104,13.943071152612998,14.033610343933105,1000,0.0,0.0
2007-09-12 00:00:00-04:00,13.9887056350708,13.9887056350708,13.9887056350708,13.9887056350708,500,0.126,0.0
2007-09-13 00:00:00-04:00,13.970489058431301,13.988694862497303,13.745941162109377,13.745941162109375,3600,0.0,0.0
2007-09-14 00:00:00-04:00,13.745941162109377,13.745941162109377,13.745941162109377,13.745941162109375,0,0.0,0.0
2007-09-17 00:00:00-04:00,13.733807268687867,13.733807268687867,13.624568939208984,13.624568939208984,1000,0.0,0.0
2007-09-18 00:00:00-04:00,13.624568939208984,13.624568939208984,13.624568939208984,13.624568939208984,0,0.0,0.0
2007-09-19 00:00:00-04:00,13.624568939208984,13.624568939208984,13.624568939208984,13.624568939208984,0,0.0,0.0
2007-09-20 00:00:00-04:00,13.624568939208984,13.624568939208984,13.624568939208984,13.624568939208984,0,0.0,0.0
2007-09-21 00:00:00-04:00,13.636701422603704,13.636701422603704,13.400016714363742,13.50318717956543,2400,0.0,0.0
2007-09-24 00:00:00-04:00,13.50318717956543,13.50318717956543,13.50318717956543,13.50318717956543,0,0.0,0.0
2007-09-25 00:00:00-04:00,13.442498466351333,13.50318717956543,13.442498466351333,13.50318717956543,400,0.0,0.0
2007-09-26 00:00:00-04:00,13.51532406967356,13.551736831665037,13.51532406967356,13.551736831665039,500,0.0,0.0
2007-09-27 00:00:00-04:00,13.563876286737882,13.58815107820402,13.466774805791415,13.515325546264648,2000,0.0,0.0
2007-09-28 00:00:00-04:00,13.533531716845552,13.533531716845552,13.497118949890135,13.497118949890137,1200,0.0,0.0
2007-10-01 00:00:00-04:00,13.515329047454934,13.582085609436035,13.515329047454934,13.582085609436035,1200,0.0,0.0
2007-10-02 00:00:00-04:00,13.582085609436035,13.582085609436035,13.582085609436035,13.582085609436035,0,0.0,0.0
2007-10-03 00:00:00-04:00,13.582085609436035,13.582085609436035,13.582085609436035,13.582085609436035,0,0.0,0.0
2007-10-04 00:00:00-04:00,13.594215113462846,13.606353083544871,13.533526420593262,13.533526420593262,700,0.0,0.0
2007-10-05 00:00:00-04:00,13.503191726592066,13.521398693949536,13.472847938537598,13.472847938537598,600,0.0,0.0
2007-10-08 00:00:00-04:00,13.472847938537598,13.472847938537598,13.472847938537598,13.472847938537598,0,0.0,0.0
2007-10-09 00:00:00-04:00,13.460705632837,13.460705632837,13.333259217389902,13.351466178894043,7200,0.0,0.0
2007-10-10 00:00:00-04:00,13.381813585582117,13.381813585582117,13.290781068460445,13.3454008102417,3100,0.0,0.0
2007-10-11 00:00:00-04:00,13.290778722555109,13.290778722555109,13.278640747070312,13.278640747070312,900,0.0,0.0
2007-10-12 00:00:00-04:00,13.339324951171873,13.339324951171873,13.339324951171873,13.339324951171875,200,0.0,0.0
2007-10-15 00:00:00-04:00,13.418081283569336,13.418081283569336,13.418081283569336,13.418081283569336,0,0.129,0.0
2007-10-16 00:00:00-04:00,13.369243908622877,13.430290918399667,13.369243908622877,13.418081283569336,1300,0.0,0.0
2007-10-17 00:00:00-04:00,13.418081283569336,13.418081283569336,13.418081283569336,13.418081283569336,0,0.0,0.0
2007-10-18 00:00:00-04:00,13.418081283569336,13.418081283569336,13.418081283569336,13.418081283569336,0,0.0,0.0
2007-10-19 00:00:00-04:00,13.460820198059082,13.460820198059082,13.460820198059082,13.460820198059082,100,0.0,0.0
2007-10-22 00:00:00-04:00,13.430278852295249,13.430278852295249,13.411964416503908,13.411964416503906,1000,0.0,0.0
2007-10-23 00:00:00-04:00,13.442496992741408,13.527962085167017,13.430287361145018,13.43028736114502,3100,0.0,0.0
2007-10-24 00:00:00-04:00,13.460819761772866,13.52186679840088,13.125062806881854,13.521866798400879,148600,0.0,0.0
2007-10-25 00:00:00-04:00,13.491338628846831,13.491338628846831,13.405872344970703,13.405872344970703,2000,0.0,0.0
2007-10-26 00:00:00-04:00,13.405872344970703,13.405872344970703,13.405872344970703,13.405872344970703,0,0.0,0.0
2007-10-29 00:00:00-04:00,13.405872344970703,13.405872344970703,13.405872344970703,13.405872344970703,0,0.0,0.0
2007-10-30 00:00:00-04:00,13.36923530303559,13.36923530303559,13.234932899475098,13.234932899475098,2000,0.0,0.0
2007-10-31 00:00:00-04:00,13.228839874267578,13.228839874267578,13.228839874267578,13.228839874267578,400,0.0,0.0
2007-11-01 00:00:00-04:00,13.228839874267578,13.228839874267578,13.228839874267578,13.228839874267578,200,0.0,0.0
2007-11-02 00:00:00-04:00,13.15557312383013,13.15557312383013,12.697722534865635,12.98464298248291,14700,0.0,0.0
2007-11-05 00:00:00-05:00,12.984642982482912,12.984642982482912,12.984642982482912,12.98464298248291,0,0.0,0.0
2007-11-06 00:00:00-05:00,12.984642982482912,12.984642982482912,12.984642982482912,12.98464298248291,0,0.0,0.0
2007-11-07 00:00:00-05:00,12.941914558410645,12.941914558410645,12.941914558410645,12.941914558410645,200,0.0,0.0
2007-11-08 00:00:00-05:00,12.880871652113067,12.880871652113067,12.758777618408203,12.758777618408203,700,0.0,0.0
2007-11-09 00:00:00-05:00,12.703833142774357,12.728252410888672,12.703833142774357,12.728252410888672,400,0.0,0.0
2007-11-12 00:00:00-05:00,12.789299964904787,12.789299964904787,12.783195147614576,12.789299964904785,700,0.0,0.0
2007-11-13 00:00:00-05:00,12.734353109011437,12.770980834960938,12.72824829395745,12.770980834960938,300,0.0,0.0
2007-11-14 00:00:00-05:00,12.819814682006834,12.819814682006834,12.819814682006834,12.819814682006836,2100,0.0,0.0
2007-11-15 00:00:00-05:00,12.86280183926653,12.954898034916011,12.86280183926653,12.899640083312988,5700,0.12,0.0
2007-11-16 00:00:00-05:00,12.954888800410924,12.98558712005615,12.954888800410924,12.985587120056152,1900,0.0,0.0
2007-11-19 00:00:00-05:00,13.04085351242611,13.04085351242611,12.887359472254804,12.893499374389648,6500,0.0,0.0
2007-11-20 00:00:00-05:00,12.83824142624265,12.893499374389648,12.740005334218342,12.893499374389648,2500,0.0,0.0
2007-11-21 00:00:00-05:00,12.893499374389648,12.893499374389648,12.893499374389648,12.893499374389648,700,0.0,0.0
2007-11-23 00:00:00-05:00,12.838236808776855,12.838236808776855,12.838236808776855,12.838236808776855,200,0.0,0.0
2007-11-26 00:00:00-05:00,12.893499374389648,12.893499374389648,12.893499374389648,12.893499374389648,100,0.0,0.0
2007-11-27 00:00:00-05:00,12.893493161618753,12.893493161618753,12.715439598703753,12.764558792114258,5500,0.0,0.0
2007-11-28 00:00:00-05:00,12.862802418489126,12.924199104309082,12.807544464397793,12.924199104309082,11400,0.0,0.0
2007-11-29 00:00:00-05:00,12.89349872627747,12.89349872627747,12.340920443650313,12.488274574279785,13900,0.0,0.0
2007-11-30 00:00:00-05:00,12.402323296477393,12.709311485290526,12.402323296477393,12.709311485290527,5600,0.0,0.0
2007-12-03 00:00:00-05:00,12.684745936351975,12.89349790081235,12.67246613348573,12.727724075317383,15900,0.0,0.0
2007-12-04 00:00:00-05:00,12.660185966891802,12.70316410064697,12.647906165514236,12.703164100646973,2800,0.0,0.0
2007-12-05 00:00:00-05:00,12.770708186199549,12.776848090503853,12.709311485290526,12.709311485290527,2700,0.0,0.0
2007-12-06 00:00:00-05:00,12.770698097320931,12.82595602133878,12.660183420351316,12.739999771118164,4800,0.0,0.0
2007-12-07 00:00:00-05:00,12.74614239432211,12.856658265974174,12.740002493556291,12.795260429382324,5600,0.0,0.0
2007-12-10 00:00:00-05:00,12.74000387818363,12.764563483916126,12.463714169025355,12.727724075317383,21400,0.0,0.0
2007-12-11 00:00:00-05:00,12.703168505619612,12.715447140188624,12.678608894348145,12.678608894348145,1400,0.0,0.0
2007-12-12 00:00:00-05:00,12.623347563297216,12.623347563297216,12.463713645935059,12.463713645935059,2800,0.0,0.0
2007-12-13 00:00:00-05:00,12.402316004941557,12.40845473456979,12.254960730405,12.31635856628418,4300,0.0,0.0
2007-12-14 00:00:00-05:00,12.360813713420065,12.360813713420065,12.280548031663056,12.348464965820312,2300,0.112,0.0
2007-12-17 00:00:00-05:00,12.286724671128669,12.286724671128669,12.070626258850098,12.070626258850098,1300,0.0,0.0
2007-12-18 00:00:00-05:00,12.132374082606619,12.169419170632125,12.101503372192385,12.101503372192383,1000,0.0,0.0
2007-12-19 00:00:00-05:00,12.039750767900896,12.101493315059384,12.039750767900896,12.04592514038086,4500,0.0,0.0
2007-12-20 00:00:00-05:00,12.027401119827212,12.033575491843553,11.823651553852148,11.885394096374512,4000,0.0,0.0
2007-12-21 00:00:00-05:00,11.885394341830638,11.978007568706298,11.854523658752441,11.854523658752441,3700,0.0,0.0
2007-12-24 00:00:00-05:00,11.879225394502967,11.978013038635254,11.879225394502967,11.978013038635254,2200,0.0,0.0
2007-12-26 00:00:00-05:00,12.03974914472419,12.03974914472419,11.947135925292969,11.947135925292969,1000,0.0,0.0
2007-12-27 00:00:00-05:00,11.885404315430806,12.00888950664795,11.79896538816404,11.916275024414062,4400,0.0,0.0
2007-12-28 00:00:00-05:00,11.971835967005852,12.1632380148351,11.971835967005852,12.107669830322266,9900,0.0,0.0
2007-12-31 00:00:00-05:00,12.101503372192385,12.107677749803655,12.101503372192385,12.101503372192383,2200,0.0,0.0
2008-01-02 00:00:00-05:00,12.107670525243662,12.317594528198242,12.107670525243662,12.317594528198242,24100,0.0,0.0
2008-01-03 00:00:00-05:00,12.397862606497037,12.737445026848777,12.317598077599232,12.663354873657227,6300,0.0,0.0
2008-01-04 00:00:00-05:00,12.749795944157707,13.212863602015556,12.749795944157707,13.083205223083496,17200,0.0,0.0
2008-01-07 00:00:00-05:00,13.083201655474113,13.083201655474113,12.965890884399414,12.965890884399414,1000,0.0,0.0
2008-01-08 00:00:00-05:00,13.052329780116755,13.052329780116755,12.564565925886807,12.965890884399414,6800,0.0,0.0
2008-01-09 00:00:00-05:00,12.842405529736045,12.935019976662744,12.842405529736045,12.90414810180664,1600,0.0,0.0
2008-01-10 00:00:00-05:00,12.990588000915087,13.404260519708222,12.935019804555079,13.157291412353516,2700,0.0,0.0
2008-01-11 00:00:00-05:00,13.225208209010045,13.225208209010045,13.089375495910645,13.089375495910645,7000,0.0,0.0
2008-01-14 00:00:00-05:00,13.160144534523715,13.358788029020754,13.160144534523715,13.191182136535645,6000,0.114,0.0
2008-01-15 00:00:00-05:00,13.160144362460953,13.160144362460953,13.004953986413105,13.01736831665039,5000,0.0,0.0
2008-01-16 00:00:00-05:00,13.129103544777141,13.184972166227938,12.973913192749023,12.973913192749023,7300,0.0,0.0
2008-01-17 00:00:00-05:00,13.098065947974886,13.098065947974886,12.973913192749023,12.973913192749023,1200,0.0,0.0
2008-01-18 00:00:00-05:00,12.973912986671166,13.153934360488366,12.837345905298688,12.998744010925293,20000,0.0,0.0
2008-01-22 00:00:00-05:00,12.91183889349105,13.035991668701172,12.893216806015559,13.035991668701172,3500,0.0,0.0
2008-01-23 00:00:00-05:00,13.129101117265606,13.408444172870318,12.60145378112793,12.60145378112793,13400,0.0,0.0
2008-01-24 00:00:00-05:00,12.539382192878731,12.700779133476539,12.402813911437987,12.402813911437988,5900,0.0,0.0
2008-01-25 00:00:00-05:00,12.322107446263383,12.384183789913612,12.222785770026126,12.365560531616211,4000,0.0,0.0
2008-01-28 00:00:00-05:00,12.315898648702898,12.477296654898506,12.315898648702898,12.346936225891113,5900,0.0,0.0
2008-01-29 00:00:00-05:00,12.415232101446335,12.564214744582637,12.247626183914699,12.315910339355469,21800,0.0,0.0
2008-01-30 00:00:00-05:00,12.427641695531227,12.558001002151707,12.328319980770415,12.390395164489746,11900,0.0,0.0
2008-01-31 00:00:00-05:00,12.477306183151812,12.495928270082368,12.272454938855661,12.415229797363281,4700,0.0,0.0
2008-02-01 00:00:00-05:00,12.508344458440158,12.688365868532056,12.446268069304724,12.558005332946777,14200,0.0,0.0
2008-02-04 00:00:00-05:00,12.508343512431306,12.526966782966047,12.390398500395053,12.446267127990723,3400,0.0,0.0
2008-02-05 00:00:00-05:00,12.526963548009453,12.663530611304889,12.415226321673076,12.632493019104004,8600,0.0,0.0
2008-02-06 00:00:00-05:00,12.632498861654268,12.632498861654268,12.564214706420898,12.564214706420898,400,0.0,0.0
2008-02-07 00:00:00-05:00,12.564214706420898,12.564214706420898,12.564214706420898,12.564214706420898,0,0.0,0.0
2008-02-08 00:00:00-05:00,12.632491311189249,12.632491311189249,12.58283045997704,12.607660293579102,400,0.0,0.0
2008-02-11 00:00:00-05:00,12.557998082017379,12.570413589477537,12.557998082017379,12.570413589477539,400,0.0,0.0
2008-02-12 00:00:00-05:00,12.582832386468853,12.719399452209473,12.582832386468853,12.719399452209473,4000,0.0,0.0
2008-02-13 00:00:00-05:00,12.781155792863286,13.005715282264301,12.75620539946149,12.99947738647461,3900,0.099,0.0
2008-02-14 00:00:00-05:00,12.918383194908891,13.230270779795228,12.26341974255027,12.756202697753906,10800,0.0,0.0
2008-02-15 00:00:00-05:00,12.849777328537542,13.39869932153529,12.787399531893874,13.068099021911621,17700,0.0,0.0
2008-02-19 00:00:00-05:00,13.13670288800137,13.442352535275942,12.930857158622308,13.011948585510254,14600,0.0,0.0
2008-02-20 00:00:00-05:00,13.093050261188239,13.348798172945376,12.993246256100457,13.217805862426758,2500,0.0,0.0
2008-02-21 00:00:00-05:00,13.224043846130373,13.224043846130373,13.224043846130373,13.224043846130371,800,0.0,0.0
2008-02-22 00:00:00-05:00,13.130472442958517,13.149186134338379,12.993242275444539,13.149186134338379,1800,0.0,0.0
2008-02-25 00:00:00-05:00,13.236517002715086,13.404936690065432,13.236517002715086,13.292656898498535,2300,0.0,0.0
2008-02-26 00:00:00-05:00,13.261467933654787,13.261467933654787,13.261467933654787,13.261467933654785,1000,0.0,0.0
2008-02-27 00:00:00-05:00,13.330083538108754,13.330083538108754,12.68135641881743,12.837300300598145,13300,0.0,0.0
2008-02-28 00:00:00-05:00,12.83729057758611,12.83729057758611,12.77491283416748,12.77491283416748,200,0.0,0.0
2008-02-29 00:00:00-05:00,12.77491283416748,12.77491283416748,12.77491283416748,12.77491283416748,200,0.0,0.0
2008-03-03 00:00:00-05:00,12.77491283416748,12.77491283416748,12.77491283416748,12.77491283416748,0,0.0,0.0
2008-03-04 00:00:00-05:00,12.725009270238337,12.725009270238337,12.388171401930148,12.50045108795166,2200,0.0,0.0
2008-03-05 00:00:00-05:00,12.413129889691891,12.413129889691891,12.176095767531535,12.213521957397461,2200,0.0,0.0
2008-03-06 00:00:00-05:00,12.25717453269746,12.282126095679883,12.16360855102539,12.16360855102539,1600,0.0,0.0
2008-03-07 00:00:00-05:00,11.614687252728169,12.16360855102539,11.58349779900014,12.16360855102539,2400,0.0,0.0
2008-03-10 00:00:00-04:00,12.16360855102539,12.16360855102539,12.16360855102539,12.16360855102539,0,0.0,0.0
2008-03-11 00:00:00-04:00,12.076283391368657,12.169849395751953,11.995191981748517,12.169849395751953,2600,0.0,0.0
2008-03-12 00:00:00-04:00,12.184885860517518,12.184885860517518,12.097225189208984,12.097225189208984,1200,0.074,0.0
2008-03-13 00:00:00-04:00,12.053388829428945,12.053388829428945,11.921897888183594,11.921897888183594,1000,0.0,0.0
2008-03-14 00:00:00-04:00,11.802926676286786,11.802926676286786,11.640127547628582,11.652650833129883,7900,0.0,0.0
2008-03-17 00:00:00-04:00,11.590034752016036,11.590034752016036,11.183037557288388,11.233129501342773,5500,0.0,0.0
2008-03-18 00:00:00-04:00,11.27070283236569,11.477332336520929,11.27070283236569,11.427240371704102,9100,0.0,0.0
2008-03-19 00:00:00-04:00,11.446020117080085,11.702741469662262,11.446020117080085,11.583772659301758,13600,0.0,0.0
2008-03-20 00:00:00-04:00,11.583772659301758,11.702741469662262,11.583772659301758,11.583772659301758,11700,0.0,0.0
2008-03-24 00:00:00-04:00,11.508634148998778,11.677694901465902,11.471065490990341,11.583772659301758,8800,0.0,0.0
2008-03-25 00:00:00-04:00,11.646396997932339,11.946948885731189,11.646396997932339,11.884333610534668,11800,0.0,0.0
2008-03-26 00:00:00-04:00,11.83423230073051,11.959462752408841,11.765356627164918,11.946939468383789,12400,0.0,0.0
2008-03-27 00:00:00-04:00,11.997037337447582,12.0346060137978,11.90937669453484,11.953207015991211,3900,0.0,0.0
2008-03-28 00:00:00-04:00,11.953207015991211,11.953207015991211,11.953207015991211,11.953207015991211,100,0.0,0.0
2008-03-31 00:00:00-04:00,11.953209628752433,12.109747207762508,11.82797908782959,11.82797908782959,8200,0.0,0.0
2008-04-01 00:00:00-04:00,11.884322145743736,12.015814216234896,11.802923202514648,11.802923202514648,4600,0.0,0.0
2008-04-02 00:00:00-04:00,11.865546909631183,12.197405755256836,11.865546909631183,11.971992492675781,6800,0.0,0.0
2008-04-03 00:00:00-04:00,12.022087097167969,12.022087097167969,12.022087097167969,12.022087097167969,600,0.0,0.0
2008-04-04 00:00:00-04:00,12.08470630645752,12.328905856698793,12.08470630645752,12.08470630645752,6900,0.0,0.0
2008-04-07 00:00:00-04:00,12.090963542074507,12.184885860517518,12.078441442092627,12.097225189208984,4000,0.0,0.0
2008-04-08 00:00:00-04:00,12.159843090672975,12.209935084272857,12.034612509529602,12.147319793701172,7400,0.0,0.0
2008-04-09 00:00:00-04:00,12.209931849190326,12.241238889037545,12.134793281555176,12.134793281555176,2900,0.0,0.0
2008-04-10 00:00:00-04:00,12.178153038024902,12.178153038024902,12.178153038024902,12.178153038024902,0,0.069,0.0
2008-04-11 00:00:00-04:00,12.278692684016141,12.278692684016141,12.134162643892765,12.140446662902832,300,0.0,0.0
2008-04-14 00:00:00-04:00,12.077607949406648,12.197001916238444,11.977066040039062,11.977066040039062,1500,0.0,0.0
2008-04-15 00:00:00-04:00,12.039900110291482,12.291254780939335,12.039900110291482,12.109023094177246,12000,0.0,0.0
2008-04-16 00:00:00-04:00,12.065041542053223,12.222138430889572,12.065041542053223,12.065041542053223,9400,0.0,0.0
2008-04-17 00:00:00-04:00,12.134163589830251,12.253557563220904,12.096460671384738,12.21585464477539,3000,0.0,0.0
2008-04-18 00:00:00-04:00,12.197006287127884,12.37923931225753,12.197006287127884,12.24727725982666,3400,0.0,0.0
2008-04-21 00:00:00-04:00,12.184440350370926,12.310118403118333,12.184440350370926,12.19072437286377,2300,0.0,0.0
2008-04-22 00:00:00-04:00,12.253549575805662,12.530040260803405,12.190710620321623,12.253549575805664,4800,0.0,0.0
2008-04-23 00:00:00-04:00,12.25355990259806,12.442075729370117,12.25355990259806,12.442075729370117,1800,0.0,0.0
2008-04-24 00:00:00-04:00,12.448359750069772,12.454643770769426,12.442075729370117,12.442075729370117,400,0.0,0.0
2008-04-25 00:00:00-04:00,12.504913732679103,12.59917163848877,12.504913732679103,12.59917163848877,1000,0.0,0.0
2008-04-28 00:00:00-04:00,12.59917163848877,12.59917163848877,12.59917163848877,12.59917163848877,400,0.0,0.0
2008-04-29 00:00:00-04:00,12.599172651198296,12.599172651198296,12.442075729370117,12.442075729370117,1500,0.0,0.0
2008-04-30 00:00:00-04:00,12.498624379439653,12.580315408557727,12.47977352545378,12.561463356018066,1100,0.0,0.0
2008-05-01 00:00:00-04:00,12.592873509430348,12.624292373657227,12.592873509430348,12.624292373657227,1600,0.0,0.0
2008-05-02 00:00:00-04:00,12.687146676501744,12.787688602140186,12.687146676501744,12.756268501281738,2800,0.0,0.0
2008-05-05 00:00:00-04:00,12.756268501281738,12.756268501281738,12.756268501281738,12.756268501281738,0,0.0,0.0
2008-05-06 00:00:00-04:00,12.756268501281738,12.756268501281738,12.756268501281738,12.756268501281738,0,0.0,0.0
2008-05-07 00:00:00-04:00,12.756268501281738,12.756268501281738,12.756268501281738,12.756268501281738,0,0.0,0.0
2008-05-08 00:00:00-04:00,12.718550164890708,12.718550164890708,12.624292373657227,12.624292373657227,600,0.0,0.0
2008-05-09 00:00:00-04:00,12.5677490234375,12.5677490234375,12.5677490234375,12.5677490234375,600,0.0,0.0
2008-05-12 00:00:00-04:00,12.609990119934082,12.609990119934082,12.609990119934082,12.609990119934082,0,0.067,0.0
2008-05-13 00:00:00-04:00,12.546937942504883,12.546937942504883,12.546937942504883,12.546937942504883,300,0.0,0.0
2008-05-14 00:00:00-04:00,12.546937942504883,12.546937942504883,12.546937942504883,12.546937942504883,700,0.0,0.0
2008-05-15 00:00:00-04:00,12.546937942504883,12.546937942504883,12.546937942504883,12.546937942504883,0,0.0,0.0
2008-05-16 00:00:00-04:00,12.515413453228657,12.546937942504883,12.515413453228657,12.546937942504883,1700,0.0,0.0
2008-05-19 00:00:00-04:00,12.546937942504883,12.546937942504883,12.546937942504883,12.546937942504883,0,0.0,0.0
2008-05-20 00:00:00-04:00,12.609990119934082,12.609990119934082,12.609990119934082,12.609990119934082,200,0.0,0.0
2008-05-21 00:00:00-04:00,12.55955052753922,12.55955052753922,12.540635108947754,12.540635108947754,200,0.0,0.0
2008-05-22 00:00:00-04:00,12.490196228027344,12.490196228027344,12.490196228027344,12.490196228027344,200,0.0,0.0
2008-05-23 00:00:00-04:00,12.490196228027344,12.490196228027344,12.490196228027344,12.490196228027344,0,0.0,0.0
2008-05-27 00:00:00-04:00,12.490196228027344,12.490196228027344,12.490196228027344,12.490196228027344,0,0.0,0.0
2008-05-28 00:00:00-04:00,12.483892838333635,12.483892838333635,12.326267922685066,12.458673477172852,3400,0.0,0.0
2008-05-29 00:00:00-04:00,12.546937942504883,12.546937942504883,12.546937942504883,12.546937942504883,500,0.0,0.0
2008-05-30 00:00:00-04:00,12.609991155532503,12.609991155532503,12.559551239013672,12.559551239013672,2100,0.0,0.0
2008-06-02 00:00:00-04:00,12.559551239013672,12.559551239013672,12.559551239013672,12.559551239013672,0,0.0,0.0
2008-06-03 00:00:00-04:00,12.502805709838867,12.502805709838867,12.40192588061577,12.502805709838867,8000,0.0,0.0
2008-06-04 00:00:00-04:00,12.458674678418264,12.54694425486582,12.420845031738281,12.420845031738281,2200,0.0,0.0
2008-06-05 00:00:00-04:00,12.45236953687447,12.565859679497205,12.420845031738281,12.420845031738281,7700,0.0,0.0
2008-06-06 00:00:00-04:00,12.48388776137025,12.546937942504883,12.48388776137025,12.546937942504883,1100,0.0,0.0
2008-06-09 00:00:00-04:00,12.546937942504883,12.546937942504883,12.546937942504883,12.546937942504883,0,0.0,0.0
2008-06-10 00:00:00-04:00,12.609990119934082,12.609990119934082,12.609990119934082,12.609990119934082,1700,0.0,0.0
2008-06-11 00:00:00-04:00,12.651741027832031,12.651741027832031,12.651741027832031,12.651741027832031,0,0.066,0.0
2008-06-12 00:00:00-04:00,12.670719146728516,12.670719146728516,12.670719146728516,12.670719146728516,100,0.0,0.0
2008-06-13 00:00:00-04:00,12.670719146728516,12.670719146728516,12.670719146728516,12.670719146728516,0,0.0,0.0
2008-06-16 00:00:00-04:00,12.607466487886766,12.607466487886766,12.525229454040526,12.525229454040527,700,0.0,0.0
2008-06-17 00:00:00-04:00,12.525229454040526,12.525229454040526,12.525229454040526,12.525229454040527,0,0.0,0.0
2008-06-18 00:00:00-04:00,12.588488578796388,12.588488578796388,12.53155561826067,12.588488578796387,1000,0.0,0.0
2008-06-19 00:00:00-04:00,12.525229008875566,12.525229008875566,12.46829605102539,12.46829605102539,1000,0.0,0.0
2008-06-20 00:00:00-04:00,12.417690997311226,12.417690997311226,12.2848482131958,12.2848482131958,2000,0.0,0.0
2008-06-23 00:00:00-04:00,12.335448438577293,12.398707389831543,12.335448438577293,12.398707389831543,1700,0.0,0.0
2008-06-24 00:00:00-04:00,12.335456584691519,12.335456584691519,12.183635725360032,12.208938598632812,4000,0.0,0.0
2008-06-25 00:00:00-04:00,12.253211055109317,12.27851390838623,12.253211055109317,12.27851390838623,300,0.0,0.0
2008-06-26 00:00:00-04:00,12.27851390838623,12.27851390838623,12.27851390838623,12.27851390838623,0,0.0,0.0
2008-06-27 00:00:00-04:00,12.27851390838623,12.27851390838623,12.27851390838623,12.27851390838623,0,0.0,0.0
2008-06-30 00:00:00-04:00,12.215258249556353,12.215258249556353,11.92426872253418,11.92426872253418,1100,0.0,0.0
2008-07-01 00:00:00-04:00,11.94957095040839,12.088740896459795,11.943244934082031,11.943244934082031,4100,0.0,0.0
2008-07-02 00:00:00-04:00,12.006500071621389,12.430333378155904,12.006500071621389,12.17097282409668,12600,0.0,0.0
2008-07-03 00:00:00-04:00,12.22791077543629,12.272191687282989,11.557368667691238,11.59532356262207,5300,0.0,0.0
2008-07-07 00:00:00-04:00,11.7661282789342,12.208938825228282,11.639610290527344,11.639610290527344,6000,0.0,0.0
2008-07-08 00:00:00-04:00,11.702872150822689,12.019165992736816,11.702872150822689,12.019165992736816,1100,0.0,0.0
2008-07-09 00:00:00-04:00,12.139350561053204,12.335452285184743,11.829382930469636,11.987529754638672,5800,0.0,0.0
2008-07-10 00:00:00-04:00,12.049736891748244,12.221150725002767,12.049736891748244,12.09417724609375,700,0.068,0.0
2008-07-11 00:00:00-04:00,12.030691874841454,12.094177404217156,11.649772644042969,11.649772644042969,17300,0.0,0.0
2008-07-14 00:00:00-04:00,11.675175596377672,11.675175596377672,11.618037607251045,11.637084007263184,4700,0.0,0.0
2008-07-15 00:00:00-04:00,11.700560569763184,11.700560569763184,11.700560569763184,11.700560569763184,100,0.0,0.0
2008-07-16 00:00:00-04:00,11.637075245817591,12.221151086436905,11.300596364393693,11.998948097229004,17200,0.0,0.0
2008-07-17 00:00:00-04:00,11.935471976072815,11.935471976072815,11.351395615742701,11.871986389160156,7500,0.0,0.0
2008-07-18 00:00:00-04:00,11.808495282621825,12.189414719656629,11.605338572445799,12.011651992797852,8800,0.0,0.0
2008-07-21 00:00:00-04:00,12.011653972982158,12.13862754322919,11.694221258274288,12.049745559692383,5400,0.0,0.0
2008-07-22 00:00:00-04:00,12.049745559692383,12.049745559692383,12.049745559692383,12.049745559692383,0,0.0,0.0
2008-07-23 00:00:00-04:00,12.087833680441019,12.329081917478021,10.75461655231749,11.808492660522461,7600,0.0,0.0
2008-07-24 00:00:00-04:00,11.80848908414159,12.41161009952432,11.80848908414159,11.998948097229004,12200,0.0,0.0
2008-07-25 00:00:00-04:00,12.024354996679712,12.348136603202683,11.935472987829646,12.062446594238281,7600,0.0,0.0
2008-07-28 00:00:00-04:00,12.119584596031162,12.221162996794048,11.871987395535383,12.062446594238281,10900,0.0,0.0
2008-07-29 00:00:00-04:00,12.087829661966252,12.348124203911786,11.99259894733007,12.09417724609375,6300,0.0,0.0
2008-07-30 00:00:00-04:00,12.157668404098011,12.55128536304397,12.094181641570048,12.221155166625977,21600,0.0,0.0
2008-07-31 00:00:00-04:00,12.183071399235478,12.284649799998366,11.935472987829646,12.062446594238281,8900,0.0,0.0
2008-08-01 00:00:00-04:00,12.125923529033162,12.405264509250769,12.125923529033162,12.195757865905762,4500,0.0,0.0
2008-08-04 00:00:00-04:00,12.202104267089435,12.202104267089435,12.03069164576649,12.08782958984375,1600,0.0,0.0
2008-08-05 00:00:00-04:00,12.087829589843748,12.087829589843748,12.087829589843748,12.08782958984375,0,0.0,0.0
2008-08-06 00:00:00-04:00,12.100531609797908,12.170367176427098,11.90372371673584,11.90372371673584,8800,0.0,0.0
2008-08-07 00:00:00-04:00,11.960863034987833,12.208460128699802,11.891027460490802,11.922771453857422,8100,0.0,0.0
2008-08-08 00:00:00-04:00,11.986256839035693,12.316387099640982,11.783100128173828,11.783100128173828,14200,0.0,0.0
2008-08-11 00:00:00-04:00,11.846586903045539,11.967211654210839,11.649778990761796,11.783100128173828,8100,0.0,0.0
2008-08-12 00:00:00-04:00,11.839815054591911,12.037357377457969,11.623155262250497,11.9417724609375,6000,0.069,0.0
2008-08-13 00:00:00-04:00,11.878039266527633,11.878039266527633,11.635890924219217,11.744220733642578,11000,0.0,0.0
2008-08-14 00:00:00-04:00,11.71236985317122,11.71236985317122,11.680508613586426,11.680508613586426,200,0.0,0.0
2008-08-15 00:00:00-04:00,11.744232426681474,11.95451977017667,10.724656949111765,11.661391258239746,3200,0.0,0.0
2008-08-18 00:00:00-04:00,11.69324784035464,11.820693951395182,11.667757888889861,11.731481552124023,2800,0.0,0.0
2008-08-19 00:00:00-04:00,11.788831626506212,11.884416504716674,11.756970405578613,11.756970405578613,3600,0.0,0.0
2008-08-20 00:00:00-04:00,11.693253806088519,11.782466250874613,11.565806414598326,11.604040145874023,9500,0.0,0.0
2008-08-21 00:00:00-04:00,11.59766877842721,11.66776374930668,11.59766877842721,11.661391258239746,2000,0.0,0.0
2008-08-22 00:00:00-04:00,11.725109969419975,11.725109969419975,11.59766384854077,11.648642539978027,5300,0.0,0.0
2008-08-25 00:00:00-04:00,11.705992772063217,11.948141232929023,11.705992772063217,11.878045082092285,6000,0.0,0.0
2008-08-26 00:00:00-04:00,11.820691940624549,11.820691940624549,11.610404738522378,11.79520320892334,3900,0.0,0.0
2008-08-27 00:00:00-04:00,11.79520320892334,11.79520320892334,11.79520320892334,11.79520320892334,0,0.0,0.0
2008-08-28 00:00:00-04:00,11.79520320892334,11.79520320892334,11.79520320892334,11.79520320892334,0,0.0,0.0
2008-08-29 00:00:00-04:00,11.79520320892334,11.79520320892334,11.79520320892334,11.79520320892334,0,0.0,0.0
2008-09-02 00:00:00-04:00,11.858934835029471,11.858934835029471,11.59766877842721,11.661391258239746,8700,0.0,0.0
2008-09-03 00:00:00-04:00,11.718737565611994,11.725110054016113,11.718737565611994,11.725110054016113,300,0.0,0.0
2008-09-04 00:00:00-04:00,11.731484223488676,11.948143998563541,11.731484223488676,11.852559089660645,900,0.0,0.0
2008-09-05 00:00:00-04:00,11.878049619498134,11.916284561157227,11.878049619498134,11.916284561157227,500,0.0,0.0
2008-09-08 00:00:00-04:00,11.980001159581093,12.362341880722541,11.980001159581093,12.126565933227539,17300,0.0,0.0
2008-09-09 00:00:00-04:00,12.13931740844085,12.190296122635733,12.062849944862736,12.113828659057617,700,0.0,0.0
2008-09-10 00:00:00-04:00,12.113182300408512,12.164346694946287,12.049226502272445,12.164346694946289,2900,0.069,0.0
2008-09-11 00:00:00-04:00,12.030040742730003,12.324236959126816,11.895734649488682,11.991667747497559,3200,0.0,0.0
2008-09-12 00:00:00-04:00,11.927717493433766,12.26668256533395,11.703872680664062,11.703872680664062,17800,0.0,0.0
2008-09-15 00:00:00-04:00,11.51200465215618,11.697476423749531,11.000360488891602,11.000360488891602,12500,0.0,0.0
2008-09-16 00:00:00-04:00,11.019538939199816,11.019538939199816,10.552663803100586,10.552663803100586,4000,0.0,0.0
2008-09-17 00:00:00-04:00,10.360804903568114,10.360804903568114,9.753226378906948,10.200915336608887,1000,0.0,0.0
2008-09-18 00:00:00-04:00,10.041026323184546,11.281764354410514,9.913115280263513,11.128271102905273,26200,0.0,0.0
2008-09-19 00:00:00-04:00,10.808487483648944,11.831776506566273,10.488709740228234,11.480021476745605,8500,0.0,0.0
2008-09-22 00:00:00-04:00,11.512007597535202,11.63991928100586,10.763727054901166,11.63991928100586,12000,0.0,0.0
2008-09-23 00:00:00-04:00,11.703866054443406,11.959689249833422,10.968377417335612,11.25617790222168,7500,0.0,0.0
2008-09-24 00:00:00-04:00,11.12826607701487,11.243386268615723,11.12826607701487,11.243386268615723,300,0.0,0.0
2008-09-25 00:00:00-04:00,11.025941204217602,11.025941204217602,10.674186022622214,10.872447967529297,3600,0.0,0.0
2008-09-26 00:00:00-04:00,10.936404663519552,11.000360488891602,10.930008958996757,11.000360488891602,500,0.0,0.0
2008-09-29 00:00:00-04:00,10.872447239794074,10.872447239794074,10.316033226668093,10.6102294921875,5400,0.0,0.0
2008-09-30 00:00:00-04:00,10.546278219422568,10.546278219422568,10.360807615052638,10.411972045898438,4900,0.0,0.0
2008-10-01 00:00:00-04:00,10.488713924038908,11.262577006125627,10.232891871229329,10.840470314025879,7700,0.0,0.0
2008-10-02 00:00:00-04:00,10.936405181884766,11.256183104045983,10.61662725972355,10.936405181884766,11900,0.0,0.0
2008-10-03 00:00:00-04:00,11.064316982011913,11.166645832122423,10.55906843707328,10.584650039672852,2100,0.0,0.0
2008-10-06 00:00:00-04:00,10.744533009411336,10.744533009411336,10.200911144847105,10.328822135925293,1000,0.0,0.0
2008-10-07 00:00:00-04:00,10.232888227020567,10.232888227020567,10.111372947692871,10.111372947692871,1500,0.0,0.0
2008-10-08 00:00:00-04:00,9.88753301917708,9.983466148376465,9.88753301917708,9.983466148376465,4600,0.0,0.0
2008-10-09 00:00:00-04:00,9.66804428084913,10.663756592439311,9.66804428084913,10.143416404724121,8500,0.069,0.0
2008-10-10 00:00:00-04:00,10.207666046373562,10.978540624349126,10.07918643951416,10.07918643951416,8200,0.0,0.0
2008-10-13 00:00:00-04:00,10.014937535114067,10.143416404724121,9.507445540677669,10.143416404724121,4100,0.0,0.0
2008-10-14 00:00:00-04:00,10.207666400232227,10.541711796792638,9.918587887413555,10.284753799438477,5600,0.0,0.0
2008-10-15 00:00:00-04:00,10.348983103731927,10.850050383809375,9.552412894960677,10.336134910583496,8500,0.0,0.0
2008-10-16 00:00:00-04:00,10.5095881479559,10.946417174927937,9.796528928912027,10.304021835327148,16200,0.0,0.0
2008-10-17 00:00:00-04:00,10.239781379699707,10.239781379699707,10.239781379699707,10.239781379699707,100,0.0,0.0
2008-10-20 00:00:00-04:00,10.368261103744215,10.952840805053711,10.23978214949531,10.952840805053711,11800,0.0,0.0
2008-10-21 00:00:00-04:00,10.792236740649047,11.58880770972948,10.792236740649047,11.402512550354004,3500,0.0,0.0
2008-10-22 00:00:00-04:00,11.338270887823663,11.338270887823663,11.241911888122559,11.241911888122559,300,0.0,0.0
2008-10-23 00:00:00-04:00,11.306152884888123,11.820068423862962,11.113433638819087,11.22906494140625,11000,0.0,0.0
2008-10-24 00:00:00-04:00,10.97853578479867,11.235493659973145,10.927144209763775,11.235493659973145,2000,0.0,0.0
2008-10-27 00:00:00-04:00,11.274031146265875,11.274031146265875,11.171248049881875,11.241911888122559,800,0.0,0.0
2008-10-28 00:00:00-04:00,11.177681424601266,11.177681424601266,10.991387367248535,10.991387367248535,600,0.0,0.0
2008-10-29 00:00:00-04:00,11.11343765258789,11.11343765258789,11.055621980413394,11.11343765258789,1100,0.0,0.0
2008-10-30 00:00:00-04:00,11.081319893107695,11.081319893107695,10.920721054077148,10.920721054077148,600,0.0,0.0
2008-10-31 00:00:00-04:00,10.920721054077148,10.920721054077148,10.920721054077148,10.920721054077148,0,0.0,0.0
2008-11-03 00:00:00-05:00,10.978530883789062,10.978530883789062,10.978530883789062,10.978530883789062,100,0.0,0.0
2008-11-04 00:00:00-05:00,10.978530883789062,10.978530883789062,10.978530883789062,10.978530883789062,0,0.0,0.0
2008-11-05 00:00:00-05:00,10.93998908996582,10.93998908996582,10.93998908996582,10.93998908996582,100,0.0,0.0
2008-11-06 00:00:00-05:00,10.85647219375934,10.85647219375934,10.727993965148926,10.727993965148926,200,0.0,0.0
2008-11-07 00:00:00-05:00,10.792242050170897,10.792242050170897,10.792242050170897,10.792242050170898,100,0.0,0.0
2008-11-10 00:00:00-05:00,10.856482371634861,10.914298057556152,10.856482371634861,10.914298057556152,400,0.0,0.0
2008-11-11 00:00:00-05:00,10.914298057556152,10.914298057556152,10.914298057556152,10.914298057556152,0,0.0,0.0
2008-11-12 00:00:00-05:00,10.848995048656771,10.848995048656771,10.525723457336426,10.525723457336426,300,0.109,0.0
2008-11-13 00:00:00-05:00,10.525723457336426,10.525723457336426,10.525723457336426,10.525723457336426,0,0.0,0.0
2008-11-14 00:00:00-05:00,10.732612609863281,10.732612609863281,10.732612609863281,10.732612609863281,500,0.0,0.0
2008-11-17 00:00:00-05:00,10.926579109372696,10.926579109372696,10.861924547020024,10.887786865234375,1900,0.0,0.0
2008-11-18 00:00:00-05:00,10.861925836397598,10.861925836397598,10.674428939819336,10.674428939819336,300,0.0,0.0
2008-11-19 00:00:00-05:00,10.674428939819336,10.674428939819336,10.674428939819336,10.674428939819336,0,0.0,0.0
2008-11-20 00:00:00-05:00,10.609772682189941,10.609772682189941,10.609772682189941,10.609772682189941,100,0.0,0.0
2008-11-21 00:00:00-05:00,10.609769111017108,10.991229528605691,10.286497654293413,10.732612609863281,2600,0.0,0.0
2008-11-24 00:00:00-05:00,10.667964935302734,10.667964935302734,10.667964935302734,10.667964935302734,1000,0.0,0.0
2008-11-25 00:00:00-05:00,10.506327658639341,10.732618039462093,10.506327658639341,10.538654327392578,1500,0.0,0.0
2008-11-26 00:00:00-05:00,10.667964935302734,10.667964935302734,10.667964935302734,10.667964935302734,100,0.0,0.0
2008-11-28 00:00:00-05:00,10.7326121373033,10.823127746582031,10.7326121373033,10.823127746582031,700,0.0,0.0
2008-12-01 00:00:00-05:00,10.829600497361023,10.829600497361023,10.713222503662111,10.71322250366211,500,0.0,0.0
2008-12-02 00:00:00-05:00,10.777880224965461,10.958912849426268,10.777880224965461,10.95891284942627,1600,0.0,0.0
2008-12-03 00:00:00-05:00,10.958909586052142,11.152872085571289,10.958909586052142,11.152872085571289,2700,0.0,0.0
2008-12-04 00:00:00-05:00,11.217526782893579,12.723972660337335,10.603310139219943,11.50847053527832,4100,0.0,0.0
2008-12-05 00:00:00-05:00,11.443821198504978,11.799419653699044,11.443821198504978,11.73476505279541,1600,0.0,0.0
2008-12-08 00:00:00-05:00,11.670102829169926,11.702430725097656,11.637776166425333,11.702430725097656,700,0.0,0.0
2008-12-09 00:00:00-05:00,11.702430725097656,11.702430725097656,11.702430725097656,11.702430725097656,0,0.0,0.0
2008-12-10 00:00:00-05:00,11.67325496673584,11.997512049145168,11.67325496673584,11.67325496673584,2700,0.055,0.0
2008-12-11 00:00:00-05:00,11.54354941470216,11.867806434631348,11.54354941470216,11.867806434631348,1500,0.0,0.0
2008-12-12 00:00:00-05:00,11.867806434631348,11.867806434631348,11.867806434631348,11.867806434631348,400,0.0,0.0
2008-12-15 00:00:00-05:00,11.867806434631348,11.867806434631348,11.867806434631348,11.867806434631348,200,0.0,0.0
2008-12-16 00:00:00-05:00,11.867806434631348,11.867806434631348,11.867806434631348,11.867806434631348,800,0.0,0.0
2008-12-17 00:00:00-05:00,11.867794429657485,11.997497601203701,11.478687388901069,11.640815734863281,2900,0.0,0.0
2008-12-18 00:00:00-05:00,11.705678622062454,11.997510452162297,11.478699684143066,11.478699684143066,1200,0.0,0.0
2008-12-19 00:00:00-05:00,11.543549537658691,11.543549537658691,11.543549537658691,11.543549537658691,300,0.0,0.0
2008-12-22 00:00:00-05:00,11.472213833635244,11.543549537658691,10.823699786869197,11.543549537658691,3200,0.0,0.0
2008-12-23 00:00:00-05:00,11.54354941470216,11.867806434631348,11.54354941470216,11.867806434631348,800,0.0,0.0
2008-12-24 00:00:00-05:00,11.867806434631348,11.867806434631348,11.867806434631348,11.867806434631348,0,0.0,0.0
2008-12-26 00:00:00-05:00,11.867806434631348,11.867806434631348,11.867806434631348,11.867806434631348,0,0.0,0.0
2008-12-29 00:00:00-05:00,11.867806434631348,11.867806434631348,11.867806434631348,11.867806434631348,0,0.0,0.0
2008-12-30 00:00:00-05:00,11.673253112668224,11.673253112668224,10.862610535399597,10.895035743713379,3300,0.0,0.0
2008-12-31 00:00:00-05:00,10.96636962890625,10.96636962890625,10.96636962890625,10.96636962890625,100,0.0,0.0
2009-01-02 00:00:00-05:00,10.96636962890625,10.96636962890625,10.96636962890625,10.96636962890625,0,0.0,0.0
2009-01-05 00:00:00-05:00,11.018247004924895,11.031217575073242,10.966365961273153,11.031217575073242,700,0.0,0.0
2009-01-06 00:00:00-05:00,11.031221117685936,11.06364631652832,11.031221117685936,11.06364631652832,500,0.0,0.0
2009-01-07 00:00:00-05:00,10.998795509338379,10.998795509338379,10.998795509338379,10.998795509338379,100,0.0,0.0
2009-01-08 00:00:00-05:00,10.998795509338379,10.998795509338379,10.998795509338379,10.998795509338379,0,0.0,0.0
2009-01-09 00:00:00-05:00,11.063644545796606,11.16092136369669,11.063644545796606,11.128496170043945,1100,0.0,0.0
2009-01-12 00:00:00-05:00,11.058241194573002,11.285911114366225,10.602901354986555,11.22086238861084,2300,0.052,0.0
2009-01-13 00:00:00-05:00,11.155817204458693,11.285914697271116,10.941157209809342,11.058244705200195,1100,0.0,0.0
2009-01-14 00:00:00-05:00,11.058244705200195,11.058244705200195,11.058244705200195,11.058244705200195,0,0.0,0.0
2009-01-15 00:00:00-05:00,11.032224143993385,11.103777885437012,11.032224143993385,11.103777885437012,200,0.0,0.0
2009-01-16 00:00:00-05:00,11.058247406427787,11.175334930419922,10.746014836250058,11.175334930419922,1300,0.0,0.0
2009-01-20 00:00:00-05:00,11.110288815292822,11.285920143127441,11.110288815292822,11.285920143127441,200,0.0,0.0
2009-01-21 00:00:00-05:00,11.350963754173167,11.897371253809226,11.246886253356935,11.246886253356934,1100,0.0,0.0
2009-01-22 00:00:00-05:00,11.18183633601855,11.507078802237926,11.18183633601855,11.318437576293945,500,0.0,0.0
2009-01-23 00:00:00-05:00,11.253392725760383,11.253392725760383,9.9589280318822,10.147568702697754,3300,0.0,0.0
2009-01-26 00:00:00-05:00,10.147568702697754,10.147568702697754,10.147568702697754,10.147568702697754,0,0.0,0.0
2009-01-27 00:00:00-05:00,10.505334787966008,11.175334930419922,10.505334787966008,11.175334930419922,1000,0.0,0.0
2009-01-28 00:00:00-05:00,11.806294169438473,11.871342871669976,11.546100601213265,11.67619800567627,1700,0.0,0.0
2009-01-29 00:00:00-05:00,11.611162487951498,11.90388011932373,11.611162487951498,11.90388011932373,500,0.0,0.0
2009-01-30 00:00:00-05:00,10.414269474339449,11.90388011932373,10.414269474339449,11.90388011932373,1500,0.0,0.0
2009-02-02 00:00:00-05:00,11.643683130418143,11.643683130418143,11.188344301376087,11.19484806060791,1000,0.0,0.0
2009-02-03 00:00:00-05:00,11.253386228209992,11.903871009972448,11.006202557048812,11.611153602600098,2400,0.0,0.0
2009-02-04 00:00:00-05:00,11.676211264046064,11.90388011932373,11.676211264046064,11.90388011932373,400,0.0,0.0
2009-02-05 00:00:00-05:00,11.708730638921681,11.708730638921681,11.44853687286377,11.44853687286377,200,0.0,0.0
2009-02-06 00:00:00-05:00,11.643687086348868,11.780289649963379,11.643687086348868,11.780289649963379,200,0.0,0.0
2009-02-09 00:00:00-05:00,11.585141023694632,11.708733558654785,11.350967196198932,11.708733558654785,300,0.0,0.0
2009-02-10 00:00:00-05:00,11.773780795081734,11.903877073278737,11.51358699798584,11.51358699798584,800,0.0,0.0
2009-02-11 00:00:00-05:00,11.574193505259464,11.860941886901855,11.4438529927804,11.860941886901855,600,0.033,0.0
2009-02-12 00:00:00-05:00,11.873975290490872,11.873975290490872,11.567676693145238,11.821839332580566,300,0.0,0.0
2009-02-13 00:00:00-05:00,11.821839332580566,11.821839332580566,11.821839332580566,11.821839332580566,0,0.0,0.0
2009-02-17 00:00:00-05:00,11.372162400904697,11.46991712568516,11.078896983544542,11.274406433105469,700,0.0,0.0
2009-02-18 00:00:00-05:00,11.469918048824983,11.8804884231546,11.469918048824983,11.632843017578125,1100,0.0,0.0
2009-02-19 00:00:00-05:00,11.632846159194667,11.86094142565323,10.915975854475986,11.535091400146484,2600,0.0,0.0
2009-02-20 00:00:00-05:00,11.339580134706313,11.339580134706313,11.144070625305176,11.144070625305176,200,0.0,0.0
2009-02-23 00:00:00-05:00,11.339578628540039,11.339578628540039,11.339578628540039,11.339578628540039,100,0.0,0.0
2009-02-24 00:00:00-05:00,11.144068601816784,11.144068601816784,10.492368698120117,10.492368698120117,2000,0.0,0.0
2009-02-25 00:00:00-05:00,10.687881239923888,10.74653434753418,10.362031194541945,10.74653434753418,600,0.0,0.0
2009-02-26 00:00:00-05:00,10.551018612414584,10.753045173693327,10.225168137157029,10.52495002746582,800,0.0,0.0
2009-02-27 00:00:00-05:00,10.362028987049168,10.720464706420898,10.362028987049168,10.720464706420898,400,0.0,0.0
2009-03-02 00:00:00-05:00,10.915976520295104,10.915976520295104,8.732780967632227,10.74653434753418,3700,0.0,0.0
2009-03-03 00:00:00-05:00,10.459782701809308,10.590123176574707,10.459782701809308,10.590123176574707,900,0.0,0.0
2009-03-04 00:00:00-05:00,10.785632576326732,11.79576814171378,10.655293345418613,11.40474796295166,2400,0.0,0.0
2009-03-05 00:00:00-05:00,11.724080756752041,11.802285289712017,11.40474796295166,11.40474796295166,1100,0.0,0.0
2009-03-06 00:00:00-05:00,11.20923705937849,11.274406044976134,10.88338715931538,11.24833869934082,1300,0.0,0.0
2009-03-09 00:00:00-04:00,11.111484750529506,11.111484750529506,10.73349879182285,11.052831649780273,900,0.0,0.0
2009-03-10 00:00:00-04:00,10.857325717007454,11.802291546379202,10.590128722526803,11.372169494628906,1800,0.0,0.0
2009-03-11 00:00:00-04:00,11.565459824794768,11.826679577282793,11.565459824794768,11.591582298278809,700,0.036,0.0
2009-03-12 00:00:00-04:00,11.591582298278809,11.591582298278809,11.591582298278809,11.591582298278809,0,0.0,0.0
2009-03-13 00:00:00-04:00,11.3956771159284,11.3956771159284,10.945074081420898,10.945074081420898,800,0.0,0.0
2009-03-16 00:00:00-04:00,10.945074081420898,10.945074081420898,10.945074081420898,10.945074081420898,0,0.0,0.0
2009-03-17 00:00:00-04:00,11.10179615020752,11.10179615020752,11.10179615020752,11.10179615020752,500,0.0,0.0
2009-03-18 00:00:00-04:00,11.10179615020752,11.10179615020752,11.10179615020752,11.10179615020752,0,0.0,0.0
2009-03-19 00:00:00-04:00,11.09526553241331,11.10179615020752,11.09526553241331,11.10179615020752,300,0.0,0.0
2009-03-20 00:00:00-04:00,10.775279998779297,10.775279998779297,10.775279998779297,10.775279998779297,100,0.0,0.0
2009-03-23 00:00:00-04:00,10.768743012831301,10.768743012831301,10.612011909484863,10.612011909484863,500,0.0,0.0
2009-03-24 00:00:00-04:00,10.572835798500497,11.389144897460938,9.756526076745638,11.389144897460938,5700,0.0,0.0
2009-03-25 00:00:00-04:00,10.664263770452957,10.775281875968313,10.664263770452957,10.742630004882812,500,0.0,0.0
2009-03-26 00:00:00-04:00,10.742630004882812,10.742630004882812,10.742630004882812,10.742630004882812,0,0.0,0.0
2009-03-27 00:00:00-04:00,10.742630004882812,10.742630004882812,10.742630004882812,10.742630004882812,0,0.0,0.0
2009-03-30 00:00:00-04:00,10.742630004882812,10.742630004882812,10.742630004882812,10.742630004882812,0,0.0,0.0
2009-03-31 00:00:00-04:00,10.775278462957283,11.291186332702637,10.775278462957283,11.291186332702637,1300,0.0,0.0
2009-04-01 00:00:00-04:00,11.395669937133789,11.395669937133789,11.395669937133789,11.395669937133789,300,0.0,0.0
2009-04-02 00:00:00-04:00,11.23240819732149,11.395669937133789,11.23240819732149,11.395669937133789,1600,0.0,0.0
2009-04-03 00:00:00-04:00,11.395669937133789,11.395669937133789,11.395669937133789,11.395669937133789,500,0.0,0.0
2009-04-06 00:00:00-04:00,11.395669937133789,11.395669937133789,11.395669937133789,11.395669937133789,200,0.0,0.0
2009-04-07 00:00:00-04:00,11.395669937133789,11.395669937133789,11.395669937133789,11.395669937133789,200,0.0,0.0
2009-04-08 00:00:00-04:00,11.395669937133789,11.395669937133789,11.395669937133789,11.395669937133789,0,0.0,0.0
2009-04-09 00:00:00-04:00,11.19802703846329,11.19802703846329,11.17839241027832,11.17839241027832,400,0.038,0.0
2009-04-13 00:00:00-04:00,11.381270859064363,11.420540088811858,11.12602710723877,11.12602710723877,500,0.0,0.0
2009-04-14 00:00:00-04:00,11.12602710723877,11.12602710723877,11.12602710723877,11.12602710723877,200,0.0,0.0
2009-04-15 00:00:00-04:00,11.420543670654295,11.420543670654295,11.420543670654295,11.420543670654297,100,0.0,0.0
2009-04-16 00:00:00-04:00,11.420543670654295,11.420543670654295,11.420543670654295,11.420543670654297,0,0.0,0.0
2009-04-17 00:00:00-04:00,11.420543670654295,11.420543670654295,11.420543670654295,11.420543670654297,600,0.0,0.0
2009-04-20 00:00:00-04:00,11.420543670654295,11.420543670654295,11.420543670654295,11.420543670654297,0,0.0,0.0
2009-04-21 00:00:00-04:00,11.420543670654295,11.420543670654295,11.420543670654295,11.420543670654297,0,0.0,0.0
2009-04-22 00:00:00-04:00,11.132579040849633,11.139123916625977,11.132579040849633,11.139123916625977,1100,0.0,0.0
2009-04-23 00:00:00-04:00,11.250381725638523,11.911399047621163,10.510827160675701,10.73334789276123,9800,0.0,0.0
2009-04-24 00:00:00-04:00,10.73334789276123,10.73334789276123,10.73334789276123,10.73334789276123,0,0.0,0.0
2009-04-27 00:00:00-04:00,10.700622532580725,10.700622532580725,10.504280090332031,10.504280090332031,1400,0.0,0.0
2009-04-28 00:00:00-04:00,10.700632267240689,10.785713195800781,10.700632267240689,10.785713195800781,700,0.0,0.0
2009-04-29 00:00:00-04:00,10.759529333133075,10.877334594726562,10.759529333133075,10.877334594726562,400,0.0,0.0
2009-04-30 00:00:00-04:00,10.56318208929259,10.60245132446289,10.235946576867587,10.60245132446289,2900,0.0,0.0
2009-05-01 00:00:00-04:00,10.60245132446289,10.60245132446289,10.60245132446289,10.60245132446289,0,0.0,0.0
2009-05-04 00:00:00-04:00,10.47156047821045,10.47156047821045,10.47156047821045,10.47156047821045,500,0.0,0.0
2009-05-05 00:00:00-04:00,10.484643964638206,10.726797956976464,10.478099093452505,10.615537643432617,1000,0.0,0.0
2009-05-06 00:00:00-04:00,10.615537643432617,10.615537643432617,10.615537643432617,10.615537643432617,0,0.0,0.0
2009-05-07 00:00:00-04:00,10.726806539640059,10.798798931978327,10.667903900146484,10.667903900146484,1100,0.0,0.0
2009-05-08 00:00:00-04:00,10.667903900146484,10.667903900146484,10.667903900146484,10.667903900146484,0,0.0,0.0
2009-05-11 00:00:00-04:00,10.667903900146484,10.667903900146484,10.667903900146484,10.667903900146484,0,0.0,0.0
2009-05-12 00:00:00-04:00,10.690201759338379,10.690201759338379,10.690201759338379,10.690201759338379,0,0.034,0.0
2009-05-13 00:00:00-04:00,10.624614303574843,10.624614303574843,10.598380088806152,10.598380088806152,300,0.0,0.0
2009-05-14 00:00:00-04:00,10.434417406884755,10.434417406884755,10.119614413368565,10.296690940856934,900,0.0,0.0
2009-05-15 00:00:00-04:00,10.427860649831583,10.67708066745188,10.303251266479492,10.303251266479492,2500,0.0,0.0
2009-05-18 00:00:00-04:00,10.23111068148524,10.23111068148524,10.165526390075684,10.165526390075684,200,0.0,0.0
2009-05-19 00:00:00-04:00,10.16553517372624,10.231119521804729,10.145860119486175,10.185210227966309,400,0.0,0.0
2009-05-20 00:00:00-04:00,10.408189034128005,10.427864074707031,10.231112418000238,10.427864074707031,1200,0.0,0.0
2009-05-21 00:00:00-04:00,10.427864074707031,10.427864074707031,10.427864074707031,10.427864074707031,0,0.0,0.0
2009-05-22 00:00:00-04:00,10.480333189971565,10.486891746520996,10.480333189971565,10.486891746520996,300,0.0,0.0
2009-05-26 00:00:00-04:00,10.486889720007758,10.552474021911621,10.486889720007758,10.552474021911621,200,0.0,0.0
2009-05-27 00:00:00-04:00,10.552474021911621,10.552474021911621,10.552474021911621,10.552474021911621,0,0.0,0.0
2009-05-28 00:00:00-04:00,10.552474021911621,10.552474021911621,10.552474021911621,10.552474021911621,0,0.0,0.0
2009-05-29 00:00:00-04:00,10.552474021911621,10.552474021911621,10.552474021911621,10.552474021911621,0,0.0,0.0
2009-06-01 00:00:00-04:00,10.493446350097656,10.493446350097656,10.493446350097656,10.493446350097656,1000,0.0,0.0
2009-06-02 00:00:00-04:00,10.532798767089844,10.532798767089844,10.532798767089844,10.532798767089844,1000,0.0,0.0
2009-06-03 00:00:00-04:00,10.6574068334908,10.716432571411133,10.6574068334908,10.716432571411133,400,0.0,0.0
2009-06-04 00:00:00-04:00,10.82137354602319,11.47065580867453,10.618063241778934,10.79513931274414,2500,0.0,0.0
2009-06-05 00:00:00-04:00,11.057465553283691,11.057465553283691,11.057465553283691,11.057465553283691,100,0.0,0.0
2009-06-08 00:00:00-04:00,11.057465553283691,11.057465553283691,11.057465553283691,11.057465553283691,0,0.0,0.0
2009-06-09 00:00:00-04:00,11.254216194152832,11.254216194152832,11.254216194152832,11.254216194152832,100,0.0,0.0
2009-06-10 00:00:00-04:00,11.27326774597168,11.27326774597168,11.27326774597168,11.27326774597168,0,0.029,0.0
2009-06-11 00:00:00-04:00,11.056482900575181,11.148455619812012,10.81998019049839,11.148455619812012,600,0.0,0.0
2009-06-12 00:00:00-04:00,10.596616985109875,11.141886157260624,10.590048579078024,10.708298683166504,1800,0.0,0.0
2009-06-15 00:00:00-04:00,10.833117689564736,10.846257005259483,10.833117689564736,10.83968734741211,500,0.0,0.0
2009-06-16 00:00:00-04:00,10.83968734741211,10.83968734741211,10.83968734741211,10.83968734741211,0,0.0,0.0
2009-06-17 00:00:00-04:00,10.938228744575731,11.14188310775063,10.74771369593702,11.076189041137695,3700,0.0,0.0
2009-06-18 00:00:00-04:00,11.20757852554369,11.233857154846191,11.20757852554369,11.233857154846191,200,0.0,0.0
2009-06-19 00:00:00-04:00,11.063054355801656,11.063054355801656,10.53749408477989,10.675453186035156,3500,0.0,0.0
2009-06-22 00:00:00-04:00,10.806840311209353,10.83968734741211,10.806840311209353,10.83968734741211,200,0.0,0.0
2009-06-23 00:00:00-04:00,10.997358409332273,11.135318756103516,10.997358409332273,11.135318756103516,200,0.0,0.0
2009-06-24 00:00:00-04:00,11.135318756103516,11.135318756103516,11.135318756103516,11.135318756103516,0,0.0,0.0
2009-06-25 00:00:00-04:00,11.168158175340338,11.332395795565931,11.003920555114744,11.003920555114746,900,0.0,0.0
2009-06-26 00:00:00-04:00,11.201010704040526,11.201010704040526,11.201010704040526,11.201010704040527,200,0.0,0.0
2009-06-29 00:00:00-04:00,11.299546241760254,11.299546241760254,11.299546241760254,11.299546241760254,100,0.0,0.0
2009-06-30 00:00:00-04:00,11.33240032196045,11.33240032196045,11.33240032196045,11.33240032196045,400,0.0,0.0
2009-07-01 00:00:00-04:00,10.839690733698129,11.16816621047686,10.721439361572266,10.721439361572266,1000,0.0,0.0
2009-07-02 00:00:00-04:00,10.721439361572266,10.721439361572266,10.721439361572266,10.721439361572266,0,0.0,0.0
2009-07-06 00:00:00-04:00,10.741145133972168,10.741145133972168,10.741145133972168,10.741145133972168,600,0.0,0.0
2009-07-07 00:00:00-04:00,10.898815155029297,10.898815155029297,10.898815155029297,10.898815155029297,100,0.0,0.0
2009-07-08 00:00:00-04:00,10.898815155029297,10.898815155029297,10.898815155029297,10.898815155029297,0,0.0,0.0
2009-07-09 00:00:00-04:00,10.898815155029297,10.898815155029297,10.898815155029297,10.898815155029297,0,0.0,0.0
2009-07-10 00:00:00-04:00,11.046178817749023,11.046178817749023,11.046178817749023,11.046178817749023,100,0.024,0.0
2009-07-13 00:00:00-04:00,11.065925598144531,11.065925598144531,11.065925598144531,11.065925598144531,200,0.0,0.0
2009-07-14 00:00:00-04:00,11.065925598144531,11.065925598144531,11.065925598144531,11.065925598144531,0,0.0,0.0
2009-07-15 00:00:00-04:00,11.065925598144531,11.065925598144531,11.065925598144531,11.065925598144531,0,0.0,0.0
2009-07-16 00:00:00-04:00,11.065925598144531,11.065925598144531,11.065925598144531,11.065925598144531,0,0.0,0.0
2009-07-17 00:00:00-04:00,11.065925598144531,11.065925598144531,11.065925598144531,11.065925598144531,0,0.0,0.0
2009-07-20 00:00:00-04:00,11.065925598144531,11.065925598144531,11.065925598144531,11.065925598144531,0,0.0,0.0
2009-07-21 00:00:00-04:00,11.184333801269531,11.184333801269531,11.184333801269531,11.184333801269531,100,0.0,0.0
2009-07-22 00:00:00-04:00,11.184333801269531,11.184333801269531,11.184333801269531,11.184333801269531,0,0.0,0.0
2009-07-23 00:00:00-04:00,11.184333801269531,11.184333801269531,11.184333801269531,11.184333801269531,0,0.0,0.0
2009-07-24 00:00:00-04:00,11.065917865349142,11.065917865349142,10.940916061401367,10.940916061401367,600,0.0,0.0
2009-07-27 00:00:00-04:00,10.940916061401367,10.940916061401367,10.940916061401367,10.940916061401367,0,0.0,0.0
2009-07-28 00:00:00-04:00,10.940916061401367,10.940916061401367,10.940916061401367,10.940916061401367,0,0.0,0.0
2009-07-29 00:00:00-04:00,10.861969947814941,10.861969947814941,10.861969947814941,10.861969947814941,200,0.0,0.0
2009-07-30 00:00:00-04:00,10.861969947814941,10.861969947814941,10.861969947814941,10.861969947814941,0,0.0,0.0
2009-07-31 00:00:00-04:00,10.776443926632552,10.789602279663086,10.776443926632552,10.789602279663086,1800,0.0,0.0
2009-08-03 00:00:00-04:00,10.78960194777535,10.86197163236758,10.78960194777535,10.855392456054688,3700,0.0,0.0
2009-08-04 00:00:00-04:00,10.85538738651994,10.921177864074707,10.85538738651994,10.921177864074707,4000,0.0,0.0
2009-08-05 00:00:00-04:00,10.921177864074707,10.921177864074707,10.921177864074707,10.921177864074707,0,0.0,0.0
2009-08-06 00:00:00-04:00,11.348816871643066,11.348816871643066,11.348816871643066,11.348816871643066,1000,0.0,0.0
2009-08-07 00:00:00-04:00,11.348816871643066,11.348816871643066,11.348816871643066,11.348816871643066,0,0.0,0.0
2009-08-10 00:00:00-04:00,10.934340089456567,10.934340089456567,10.894865036010742,10.894865036010742,300,0.0,0.0
2009-08-11 00:00:00-04:00,10.973809995148724,11.151443908091897,10.921177864074707,10.921177864074707,1200,0.0,0.0
2009-08-12 00:00:00-04:00,11.000887609762158,11.000887609762158,10.908663749694822,10.908663749694824,900,0.021,0.0
2009-08-13 00:00:00-04:00,10.902075955633006,10.902075955633006,10.869139671325684,10.869139671325684,3800,0.0,0.0
2009-08-14 00:00:00-04:00,10.869139671325684,10.869139671325684,10.869139671325684,10.869139671325684,1900,0.0,0.0
2009-08-17 00:00:00-04:00,10.869139671325684,10.869139671325684,10.869139671325684,10.869139671325684,200,0.0,0.0
2009-08-18 00:00:00-04:00,10.77032956196501,10.869139671325684,10.638581911858306,10.869139671325684,500,0.0,0.0
2009-08-19 00:00:00-04:00,10.869139671325684,10.869139671325684,10.869139671325684,10.869139671325684,400,0.0,0.0
2009-08-20 00:00:00-04:00,10.869139671325684,10.869139671325684,10.869139671325684,10.869139671325684,0,0.0,0.0
2009-08-21 00:00:00-04:00,10.869139671325684,10.869139671325684,10.869139671325684,10.869139671325684,0,0.0,0.0
2009-08-24 00:00:00-04:00,10.99429988861084,10.99429988861084,10.99429988861084,10.99429988861084,600,0.0,0.0
2009-08-25 00:00:00-04:00,10.99429988861084,10.99429988861084,10.99429988861084,10.99429988861084,0,0.0,0.0
2009-08-26 00:00:00-04:00,11.11945915222168,11.11945915222168,11.11945915222168,11.11945915222168,100,0.0,0.0
2009-08-27 00:00:00-04:00,11.11945915222168,11.11945915222168,11.11945915222168,11.11945915222168,0,0.0,0.0
2009-08-28 00:00:00-04:00,10.967953931692827,11.033827781677246,10.842793742366354,11.033827781677246,3900,0.0,0.0
2009-08-31 00:00:00-04:00,10.875725002188116,11.086520195007324,10.875725002188116,11.086520195007324,400,0.0,0.0
2009-09-01 00:00:00-04:00,11.086520195007324,11.086520195007324,11.086520195007324,11.086520195007324,0,0.0,0.0
2009-09-02 00:00:00-04:00,11.086520195007324,11.086520195007324,11.086520195007324,11.086520195007324,0,0.0,0.0
2009-09-03 00:00:00-04:00,11.086520195007324,11.086520195007324,11.086520195007324,11.086520195007324,0,0.0,0.0
2009-09-04 00:00:00-04:00,10.941602806596114,10.941602806596114,10.60564737428743,10.631996154785156,1100,0.0,0.0
2009-09-08 00:00:00-04:00,10.526597017103995,10.539772033691406,10.408025008914137,10.539772033691406,5500,0.0,0.0
2009-09-09 00:00:00-04:00,10.671515413099126,10.803261756896973,10.605641612981085,10.803261756896973,12700,0.0,0.0
2009-09-10 00:00:00-04:00,10.81645792347477,10.84943568488986,10.750503658617557,10.763694763183594,7700,0.02,0.0
2009-09-11 00:00:00-04:00,10.86921994952392,10.882411052713417,10.81645679473877,10.81645679473877,1900,0.0,0.0
2009-09-14 00:00:00-04:00,10.816457693333206,10.88241195678711,10.816457693333206,10.88241195678711,2200,0.0,0.0
2009-09-15 00:00:00-04:00,10.882411052713417,10.882411052713417,10.81645679473877,10.81645679473877,500,0.0,0.0
2009-09-16 00:00:00-04:00,10.88241350720978,11.007726499828305,10.86262684796271,10.915390014648438,2300,0.0,0.0
2009-09-17 00:00:00-04:00,10.98134708404541,10.98134708404541,10.98134708404541,10.98134708404541,100,0.0,0.0
2009-09-18 00:00:00-04:00,10.948369026184082,10.948369026184082,10.948369026184082,10.948369026184082,1000,0.0,0.0
2009-09-21 00:00:00-04:00,10.948369026184082,10.948369026184082,10.948369026184082,10.948369026184082,0,0.0,0.0
2009-09-22 00:00:00-04:00,10.948369026184082,10.948369026184082,10.948369026184082,10.948369026184082,0,0.0,0.0
2009-09-23 00:00:00-04:00,10.948369026184082,10.948369026184082,10.948369026184082,10.948369026184082,0,0.0,0.0
2009-09-24 00:00:00-04:00,10.948369026184082,10.948369026184082,10.948369026184082,10.948369026184082,1200,0.0,0.0
2009-09-25 00:00:00-04:00,10.948369026184082,10.948369026184082,10.948369026184082,10.948369026184082,0,0.0,0.0
2009-09-28 00:00:00-04:00,10.928581120813151,10.941772226977864,10.915390014648438,10.915390014648438,2000,0.0,0.0
2009-09-29 00:00:00-04:00,11.014323234558105,11.014323234558105,11.014323234558105,11.014323234558105,200,0.0,0.0
2009-09-30 00:00:00-04:00,10.915385491169621,10.941767692565918,10.915385491169621,10.941767692565918,1500,0.0,0.0
2009-10-01 00:00:00-04:00,10.935164451599121,10.935164451599121,10.935164451599121,10.935164451599121,200,0.0,0.0
2009-10-02 00:00:00-04:00,11.014323234558105,11.014323234558105,11.014323234558105,11.014323234558105,300,0.0,0.0
2009-10-05 00:00:00-04:00,11.014309742153127,11.014309742153127,10.91537781446769,10.935164451599121,1800,0.0,0.0
2009-10-06 00:00:00-04:00,11.047297477722168,11.080273981929153,11.047297477722168,11.047297477722168,700,0.0,0.0
2009-10-07 00:00:00-04:00,11.047297477722168,11.047297477722168,11.047297477722168,11.047297477722168,0,0.0,0.0
2009-10-08 00:00:00-04:00,11.106655120849608,11.106655120849608,11.106655120849608,11.10665512084961,300,0.0,0.0
2009-10-09 00:00:00-04:00,11.190499018433911,11.223508834838867,11.045252804067037,11.223508834838867,2300,0.017,0.0
2009-10-12 00:00:00-04:00,11.223508834838867,11.223508834838867,11.223508834838867,11.223508834838867,0,0.0,0.0
2009-10-13 00:00:00-04:00,11.223508834838867,11.223508834838867,11.177294588174417,11.223508834838867,1500,0.0,0.0
2009-10-14 00:00:00-04:00,11.223508622939855,11.698856770113085,11.223508622939855,11.322539329528809,3800,0.0,0.0
2009-10-15 00:00:00-04:00,11.7516771015048,11.7516771015048,11.619636535644531,11.619636535644531,400,0.0,0.0
2009-10-16 00:00:00-04:00,11.77148056226848,11.778082777658524,11.652643203735352,11.652643203735352,400,0.0,0.0
2009-10-19 00:00:00-04:00,11.764885152979435,11.78469181060791,11.639445506488203,11.78469181060791,9300,0.0,0.0
2009-10-20 00:00:00-04:00,11.745073318481445,11.784685352787072,11.745073318481445,11.745073318481445,1300,0.0,0.0
2009-10-21 00:00:00-04:00,11.850714323596595,11.850714323596595,11.75168228149414,11.75168228149414,700,0.0,0.0
2009-10-22 00:00:00-04:00,11.758284501583953,11.7846933819432,11.75168228149414,11.75168228149414,400,0.0,0.0
2009-10-23 00:00:00-04:00,11.75168228149414,11.75168228149414,11.75168228149414,11.75168228149414,0,0.0,0.0
2009-10-26 00:00:00-04:00,11.745078529965907,11.8243026337302,11.745078529965907,11.758281707763672,700,0.0,0.0
2009-10-27 00:00:00-04:00,11.778083137195491,11.863909421398327,11.745073318481445,11.745073318481445,2000,0.0,0.0
2009-10-28 00:00:00-04:00,11.745073318481445,11.745073318481445,11.745073318481445,11.745073318481445,0,0.0,0.0
2009-10-29 00:00:00-04:00,11.771484883045483,11.771484883045483,11.573423385620117,11.573423385620117,1600,0.0,0.0
2009-10-30 00:00:00-04:00,11.55361802728523,11.619638953575746,10.933023334945469,11.170698165893555,9200,0.0,0.0
2009-11-02 00:00:00-05:00,11.249917768622366,11.302734230760526,11.243315553449621,11.289529800415039,3000,0.0,0.0
2009-11-03 00:00:00-05:00,11.289529800415039,11.289529800415039,11.289529800415039,11.289529800415039,0,0.0,0.0
2009-11-04 00:00:00-05:00,11.289529800415039,11.289529800415039,11.289529800415039,11.289529800415039,0,0.0,0.0
2009-11-05 00:00:00-05:00,11.348951410135497,11.375359018406039,11.348951410135497,11.35555362701416,1600,0.0,0.0
2009-11-06 00:00:00-05:00,11.421576125601485,11.467791655277262,11.4149751663208,11.4149751663208,5200,0.0,0.0
2009-11-09 00:00:00-05:00,11.4149751663208,11.4149751663208,11.4149751663208,11.4149751663208,0,0.0,0.0
2009-11-10 00:00:00-05:00,11.41232554734671,11.41232554734671,11.39910888671875,11.39910888671875,700,0.016,0.0
2009-11-11 00:00:00-05:00,11.39910888671875,11.39910888671875,11.39250055640477,11.39910888671875,700,0.0,0.0
2009-11-12 00:00:00-05:00,11.39910888671875,11.39910888671875,11.39910888671875,11.39910888671875,600,0.0,0.0
2009-11-13 00:00:00-05:00,11.41893387766069,11.41893387766069,11.101740324640295,11.39910888671875,3200,0.0,0.0
2009-11-16 00:00:00-05:00,11.438755368027678,11.47840534214651,11.42553997039795,11.42553997039795,6900,0.0,0.0
2009-11-17 00:00:00-05:00,11.42553997039795,11.42553997039795,11.42553997039795,11.42553997039795,4000,0.0,0.0
2009-11-18 00:00:00-05:00,11.438761711120605,11.438761711120605,11.438761711120605,11.438761711120605,200,0.0,0.0
2009-11-19 00:00:00-05:00,11.425552348060549,11.432159423828125,11.425552348060549,11.432159423828125,2200,0.0,0.0
2009-11-20 00:00:00-05:00,11.4387576081925,11.44536593850648,11.260337731355557,11.39910888671875,43100,0.0,0.0
2009-11-23 00:00:00-05:00,11.432149922437754,11.511448630266347,11.366069136392495,11.385892868041992,16300,0.0,0.0
2009-11-24 00:00:00-05:00,11.385903766507909,11.524676322937012,11.385903766507909,11.524676322937012,2500,0.0,0.0
2009-11-25 00:00:00-05:00,11.498239233370727,11.643620079505009,11.46519881947348,11.478415489196777,7200,0.0,0.0
2009-11-27 00:00:00-05:00,11.478415489196777,11.478415489196777,11.478415489196777,11.478415489196777,0,0.0,0.0
2009-11-30 00:00:00-05:00,11.42554220797467,11.42554220797467,11.372675565462828,11.39910888671875,900,0.0,0.0
2009-12-01 00:00:00-05:00,11.432152001501983,11.557707786560059,11.432152001501983,11.557707786560059,500,0.0,0.0
2009-12-02 00:00:00-05:00,11.45197582244873,11.45197582244873,11.425543758017044,11.45197582244873,700,0.0,0.0
2009-12-03 00:00:00-05:00,11.45197582244873,11.45197582244873,11.45197582244873,11.45197582244873,0,0.0,0.0
2009-12-04 00:00:00-05:00,11.656831741333008,11.656831741333008,11.656831741333008,11.656831741333008,100,0.0,0.0
2009-12-07 00:00:00-05:00,11.656831741333008,11.656831741333008,11.656831741333008,11.656831741333008,0,0.0,0.0
2009-12-08 00:00:00-05:00,11.656831741333008,11.656831741333008,11.656831741333008,11.656831741333008,0,0.0,0.0
2009-12-09 00:00:00-05:00,11.570925843985423,11.63700791041783,11.438761711120605,11.438761711120605,2700,0.0,0.0
2009-12-10 00:00:00-05:00,11.47580051422119,11.47580051422119,11.47580051422119,11.475800514221191,300,0.016,0.0
2009-12-11 00:00:00-05:00,11.515485925574263,11.515485925574263,11.47580051422119,11.475800514221191,200,0.0,0.0
2009-12-14 00:00:00-05:00,11.462565054852321,11.462565054852321,11.383193016052246,11.383193016052246,5300,0.0,0.0
2009-12-15 00:00:00-05:00,11.515489809523219,11.515489809523219,11.317061424255371,11.317061424255371,1700,0.0,0.0
2009-12-16 00:00:00-05:00,11.3170645208079,11.376593304991783,11.3170645208079,11.323678970336914,1100,0.0,0.0
2009-12-17 00:00:00-05:00,11.323678970336914,11.323678970336914,11.323678970336914,11.323678970336914,0,0.0,0.0
2009-12-18 00:00:00-05:00,11.475800195636003,11.475800195636003,11.350128258000884,11.42288589477539,1800,0.0,0.0
2009-12-21 00:00:00-05:00,11.429503440856934,11.429503440856934,11.429503440856934,11.429503440856934,500,0.0,0.0
2009-12-22 00:00:00-05:00,11.508868763916531,11.515483207843738,11.436112403869629,11.436112403869629,700,0.0,0.0
2009-12-23 00:00:00-05:00,11.42950296438647,11.475802830573274,11.416274070739746,11.416274070739746,400,0.0,0.0
2009-12-24 00:00:00-05:00,11.416274070739746,11.416274070739746,11.416274070739746,11.416274070739746,0,0.0,0.0
2009-12-28 00:00:00-05:00,11.350127089800038,11.634541900743871,11.350127089800038,11.575013160705566,2500,0.0,0.0
2009-12-29 00:00:00-05:00,11.80651766983345,11.826359748840332,11.575017075998138,11.826359748840332,1500,0.0,0.0
2009-12-30 00:00:00-05:00,11.475806817168904,11.85943603515625,11.475806817168904,11.85943603515625,3000,0.0,0.0
2009-12-31 00:00:00-05:00,11.905730652631982,12.031402607206772,11.872659683227539,11.872659683227539,7500,0.0,0.0
2010-01-04 00:00:00-05:00,12.071081888170735,12.090925216674805,11.93218237337017,12.090925216674805,700,0.0,0.0
2010-01-05 00:00:00-05:00,12.084318638847197,12.104160718689393,12.057860850288543,12.071089744567871,1800,0.0,0.0
2010-01-06 00:00:00-05:00,12.071089744567871,12.071089744567871,12.071089744567871,12.071089744567871,0,0.0,0.0
2010-01-07 00:00:00-05:00,12.051245620117896,12.084317853667342,12.031403541564941,12.031403541564941,600,0.0,0.0
2010-01-08 00:00:00-05:00,12.124001677893053,12.124001677893053,11.925573348999023,11.925573348999023,1200,0.0,0.0
2010-01-11 00:00:00-05:00,11.925572546741586,11.991714477539062,11.925572546741586,11.991714477539062,400,0.0,0.0
2010-01-12 00:00:00-05:00,12.114850871770717,12.267114990797012,12.101611556687079,12.161192893981934,10600,0.016,0.0
2010-01-13 00:00:00-05:00,12.15457065056153,12.194291114807129,12.15457065056153,12.194291114807129,1400,0.0,0.0
2010-01-14 00:00:00-05:00,12.20091348121365,12.220773085374395,11.982448996608408,12.042030334472656,5200,0.0,0.0
2010-01-15 00:00:00-05:00,12.068511301178887,12.068511301178887,12.048651695251465,12.048651695251465,500,0.0,0.0
2010-01-19 00:00:00-05:00,11.955959723328563,11.955959723328563,11.856657981872559,11.856657981872559,1800,0.0,0.0
2010-01-20 00:00:00-05:00,11.856673429224243,12.147960011326546,11.750751265312823,11.830193519592285,6800,0.0,0.0
2010-01-21 00:00:00-05:00,11.982450912608027,11.982450912608027,11.91624927520752,11.91624927520752,200,0.0,0.0
2010-01-22 00:00:00-05:00,11.91625253466745,11.949352731076015,11.810330390930176,11.810330390930176,400,0.0,0.0
2010-01-25 00:00:00-05:00,11.962590854245963,11.962590854245963,11.744126319885254,11.744126319885254,700,0.0,0.0
2010-01-26 00:00:00-05:00,11.9162502550099,12.081753730773926,11.810328131536227,12.081753730773926,2100,0.0,0.0
2010-01-27 00:00:00-05:00,12.220766137644953,12.240626993205444,12.147945525970394,12.154565811157227,500,0.0,0.0
2010-01-28 00:00:00-05:00,11.975827508448925,12.141330927567687,11.757363045719792,11.903005599975586,1300,0.0,0.0
2010-01-29 00:00:00-05:00,11.903011486165482,12.108236736496666,11.903011486165482,11.949352264404297,12200,0.0,0.0
2010-02-01 00:00:00-05:00,11.9162477869694,11.9162477869694,11.816945974616198,11.850046157836914,1200,0.0,0.0
2010-02-02 00:00:00-05:00,11.883150093280365,12.02217240716195,11.883150093280365,11.955970764160156,800,0.0,0.0
2010-02-03 00:00:00-05:00,11.97582439805581,12.015544854774562,11.92948365476884,11.942724227905273,1500,0.0,0.0
2010-02-04 00:00:00-05:00,11.949345984120422,12.313454252486075,11.936106670647238,12.167810440063477,2500,0.0,0.0
2010-02-05 00:00:00-05:00,12.227398380474867,12.286979742732958,12.220778088813798,12.25387954711914,2900,0.0,0.0
2010-02-08 00:00:00-05:00,12.386278269587232,12.386278269587232,12.220774810532193,12.320077896118164,700,0.0,0.0
2010-02-09 00:00:00-05:00,12.36642720620303,12.485589981079102,12.35980691174413,12.485589981079102,3200,0.0,0.0
2010-02-10 00:00:00-05:00,12.529311180114746,12.529311180114746,12.529311180114746,12.529311180114746,2200,0.016,0.0
2010-02-11 00:00:00-05:00,12.5624416530245,12.628699512631805,12.5624416530245,12.615448951721191,4600,0.0,0.0
2010-02-12 00:00:00-05:00,12.628697395324707,12.628697395324707,12.628697395324707,12.628697395324707,1000,0.0,0.0
2010-02-16 00:00:00-05:00,12.628702594089395,12.64195442199707,12.628702594089395,12.64195442199707,3300,0.0,0.0
2010-02-17 00:00:00-05:00,12.628702594089395,12.64195442199707,12.628702594089395,12.64195442199707,2200,0.0,0.0
2010-02-18 00:00:00-05:00,12.6419492177771,12.6419492177771,12.628697395324707,12.628697395324707,7900,0.0,0.0
2010-02-19 00:00:00-05:00,12.628697395324707,12.675077510144737,12.628697395324707,12.628697395324707,4200,0.0,0.0
2010-02-22 00:00:00-05:00,12.628695255373719,12.655198895787425,12.602192878723145,12.602192878723145,3800,0.0,0.0
2010-02-23 00:00:00-05:00,12.469686197309473,12.555821827011838,12.469686197309473,12.489563941955566,500,0.0,0.0
2010-02-24 00:00:00-05:00,12.396795483903796,12.529311180114746,12.396795483903796,12.529311180114746,2400,0.0,0.0
2010-02-25 00:00:00-05:00,12.376921197858405,12.509435653686523,12.323915162774446,12.509435653686523,3200,0.0,0.0
2010-02-26 00:00:00-05:00,12.615445951224709,12.615445951224709,12.370292308114843,12.456426620483398,4800,0.0,0.0
2010-03-01 00:00:00-05:00,12.509427784026666,12.509427784026666,12.410041688738312,12.482925415039062,1000,0.0,0.0
2010-03-02 00:00:00-05:00,12.456432106196841,12.456432106196841,12.065512045473161,12.125144004821777,2400,0.0,0.0
2010-03-03 00:00:00-05:00,12.085382048485984,12.317283823719295,12.065504320175814,12.198019981384277,1600,0.0,0.0
2010-03-04 00:00:00-05:00,12.224519200397843,12.32390527849812,12.224519200397843,12.304027557373047,1500,0.0,0.0
2010-03-05 00:00:00-05:00,12.297405682791897,12.310657501220703,12.297405682791897,12.310657501220703,300,0.0,0.0
2010-03-08 00:00:00-05:00,12.310661169484503,12.310661169484503,12.257655143737793,12.257655143737793,700,0.0,0.0
2010-03-09 00:00:00-05:00,12.304035402988344,12.32391313678837,12.164895057678223,12.164895057678223,3100,0.0,0.0
2010-03-10 00:00:00-05:00,12.162236788462513,12.301498433471627,12.056132316589357,12.056132316589355,3500,0.016,0.0
2010-03-11 00:00:00-05:00,12.168875214503432,12.195400714727517,12.148980140686035,12.148980140686035,500,0.0,0.0
2010-03-12 00:00:00-05:00,12.148980775205427,12.148980775205427,12.135717391967773,12.135717391967773,500,0.0,0.0
2010-03-15 00:00:00-04:00,12.036244547417056,12.135717391967773,12.036244547417056,12.135717391967773,400,0.0,0.0
2010-03-16 00:00:00-04:00,12.115825345889444,12.115825345889444,12.036246299743652,12.036246299743652,500,0.0,0.0
2010-03-17 00:00:00-04:00,12.089296815501829,12.135717391967773,12.069403005511191,12.135717391967773,1100,0.0,0.0
2010-03-18 00:00:00-04:00,12.089295075367007,12.14234733581543,12.089295075367007,12.14234733581543,400,0.0,0.0
2010-03-19 00:00:00-04:00,12.19539737701416,12.202029066471622,12.19539737701416,12.19539737701416,200,0.0,0.0
2010-03-22 00:00:00-04:00,12.142346122901554,12.3943452835083,12.142346122901554,12.3943452835083,700,0.0,0.0
2010-03-23 00:00:00-04:00,12.14897902647969,12.34129426114626,12.12245352868831,12.14234733581543,1900,0.0,0.0
2010-03-24 00:00:00-04:00,12.248448636625117,12.294870459070758,12.102555274963379,12.102555274963379,3400,0.0,0.0
2010-03-25 00:00:00-04:00,12.129085219707816,12.168874098828882,12.115821838378906,12.115821838378906,1000,0.0,0.0
2010-03-26 00:00:00-04:00,12.328025909275313,12.328025909275313,12.102553577061395,12.2020263671875,700,0.0,0.0
2010-03-29 00:00:00-04:00,12.268343593951553,12.268343593951553,12.089291789282962,12.228554725646973,800,0.0,0.0
2010-03-30 00:00:00-04:00,12.208668267242285,12.208668267242285,12.095932006835938,12.095932006835938,300,0.0,0.0
2010-03-31 00:00:00-04:00,12.076033432264174,12.135717391967773,12.009719045807591,12.135717391967773,2400,0.0,0.0
2010-04-01 00:00:00-04:00,12.274983886682296,12.274983886682296,12.255088806152344,12.255088806152344,200,0.0,0.0
2010-04-05 00:00:00-04:00,12.241815625548888,12.686128616333008,12.241815625548888,12.686128616333008,2600,0.0,0.0
2010-04-06 00:00:00-04:00,12.666236877441406,12.666236877441406,12.666236877441406,12.666236877441406,200,0.0,0.0
2010-04-07 00:00:00-04:00,12.646343686500956,12.646343686500956,12.507081985473633,12.507081985473633,500,0.0,0.0
2010-04-08 00:00:00-04:00,12.639716361988539,12.639716361988539,12.328034400939941,12.328034400939941,900,0.0,0.0
2010-04-09 00:00:00-04:00,12.560135834515759,12.560135834515759,12.520345687866211,12.520345687866211,200,0.0,0.0
2010-04-12 00:00:00-04:00,12.623876133889624,12.623876133889624,12.29865550994873,12.29865550994873,600,0.016,0.0
2010-04-13 00:00:00-04:00,12.345123549282789,12.36503422826947,12.345123549282789,12.351760864257812,400,0.0,0.0
2010-04-14 00:00:00-04:00,12.384943962097168,12.384943962097168,12.384943962097168,12.384943962097168,200,0.0,0.0
2010-04-15 00:00:00-04:00,12.371664970964476,12.530956647928317,12.371664970964476,12.524320602416992,2400,0.0,0.0
2010-04-16 00:00:00-04:00,12.623882729033014,12.623882729033014,12.610608100891113,12.610608100891113,200,0.0,0.0
2010-04-19 00:00:00-04:00,12.643799756593767,12.643799756593767,12.404862659706783,12.411499977111816,1300,0.0,0.0
2010-04-20 00:00:00-04:00,12.358396706651558,12.424767316616535,12.338484764099121,12.338484764099121,5500,0.0,0.0
2010-04-21 00:00:00-04:00,12.338484764099121,12.338484764099121,12.338484764099121,12.338484764099121,0,0.0,0.0
2010-04-22 00:00:00-04:00,12.338484764099121,12.338484764099121,12.338484764099121,12.338484764099121,0,0.0,0.0
2010-04-23 00:00:00-04:00,12.34511947631836,12.351756789103566,12.34511947631836,12.34511947631836,1700,0.0,0.0
2010-04-26 00:00:00-04:00,12.34511947631836,12.34511947631836,12.34511947631836,12.34511947631836,0,0.0,0.0
2010-04-27 00:00:00-04:00,12.34511947631836,12.34511947631836,12.34511947631836,12.34511947631836,300,0.0,0.0
2010-04-28 00:00:00-04:00,12.34511947631836,12.34511947631836,12.34511947631836,12.34511947631836,0,0.0,0.0
2010-04-29 00:00:00-04:00,12.34511947631836,12.34511947631836,12.34511947631836,12.34511947631836,0,0.0,0.0
2010-04-30 00:00:00-04:00,12.43803882598877,12.471225388587545,12.391578904288405,12.43803882598877,1600,0.0,0.0
2010-05-03 00:00:00-04:00,12.524325763440478,12.530961811686385,12.338484764099121,12.338484764099121,3000,0.0,0.0
2010-05-04 00:00:00-04:00,12.245564857097953,12.444679218214086,12.245564857097953,12.378307342529297,2800,0.0,0.0
2010-05-05 00:00:00-04:00,12.298659552759878,12.404854025447255,12.278747614404256,12.34511947631836,2600,0.0,0.0
2010-05-06 00:00:00-04:00,12.365032755975456,12.444679260253906,12.365032755975456,12.444679260253906,2400,0.0,0.0
2010-05-07 00:00:00-04:00,12.365024845216873,12.424759368724859,12.331839561462404,12.331839561462402,4800,0.0,0.0
2010-05-10 00:00:00-04:00,12.245566356534216,12.511052625843208,12.245566356534216,12.351760864257812,1800,0.0,0.0
2010-05-11 00:00:00-04:00,12.351759392467413,12.351759392467413,12.338484764099121,12.338484764099121,800,0.0,0.0
2010-05-12 00:00:00-04:00,12.475999543104892,12.475999543104892,12.070761680603027,12.070761680603027,1600,0.017,0.0
2010-05-13 00:00:00-04:00,12.070761680603027,12.070761680603027,12.070761680603027,12.070761680603027,0,0.0,0.0
2010-05-14 00:00:00-04:00,11.991046168111104,11.991046168111104,11.844895362854004,11.844895362854004,900,0.0,0.0
2010-05-17 00:00:00-04:00,11.8382472656051,11.8382472656051,11.798388201306883,11.818318367004395,500,0.0,0.0
2010-05-18 00:00:00-04:00,11.818318367004395,11.818318367004395,11.818318367004395,11.818318367004395,0,0.0,0.0
2010-05-19 00:00:00-04:00,11.665526390075684,11.665526390075684,11.665526390075684,11.665526390075684,400,0.0,0.0
2010-05-20 00:00:00-04:00,11.665522294121002,11.698739235042222,11.426366654971902,11.459582328796387,500,0.0,0.0
2010-05-21 00:00:00-04:00,11.625665636623607,11.625665636623607,11.293503761291504,11.293503761291504,3900,0.0,0.0
2010-05-24 00:00:00-04:00,11.300143597163885,11.419722037413758,10.894905831227453,11.160634994506836,7700,0.0,0.0
2010-05-25 00:00:00-04:00,11.280221939086914,11.280221939086914,11.280221939086914,11.280221939086914,100,0.0,0.0
2010-05-26 00:00:00-04:00,11.286861485959022,11.286861485959022,11.21378546070094,11.260289192199707,1900,0.0,0.0
2010-05-27 00:00:00-04:00,11.506089210510254,11.506089210510254,11.506089210510254,11.506089210510254,100,0.0,0.0
2010-05-28 00:00:00-04:00,11.35992803030084,11.625657081604004,11.35992803030084,11.625657081604004,5000,0.0,0.0
2010-06-01 00:00:00-04:00,11.658881187438965,11.658881187438965,11.658881187438965,11.658881187438965,2200,0.0,0.0
2010-06-02 00:00:00-04:00,11.658881187438965,11.658881187438965,11.658881187438965,11.658881187438965,0,0.0,0.0
2010-06-03 00:00:00-04:00,11.612378275470574,11.82496166229248,11.612378275470574,11.82496166229248,1900,0.0,0.0
2010-06-04 00:00:00-04:00,11.658883859348594,11.891397476196289,11.658883859348594,11.891397476196289,200,0.0,0.0
2010-06-07 00:00:00-04:00,11.75854160879834,11.75854160879834,11.725324630737305,11.725324630737305,400,0.0,0.0
2010-06-08 00:00:00-04:00,11.612377122753864,11.824960488473424,11.56587466988981,11.818318367004395,1300,0.0,0.0
2010-06-09 00:00:00-04:00,11.991037653946137,11.991037653946137,11.884746004304123,11.924606323242188,500,0.0,0.0
2010-06-10 00:00:00-04:00,11.891358623847879,11.90466022491455,11.891358623847879,11.90466022491455,300,0.02,0.0
2010-06-11 00:00:00-04:00,11.891355442352824,11.937911033630371,11.891355442352824,11.937911033630371,200,0.0,0.0
2010-06-14 00:00:00-04:00,12.070923816120402,12.070923816120402,11.771645468057384,12.037671089172363,800,0.0,0.0
2010-06-15 00:00:00-04:00,11.871410076400048,12.031025518433516,11.871410076400048,12.011073112487793,600,0.0,0.0
2010-06-16 00:00:00-04:00,12.064275741577148,12.064275741577148,12.064275741577148,12.064275741577148,100,0.0,0.0
2010-06-17 00:00:00-04:00,12.064275741577148,12.064275741577148,12.064275741577148,12.064275741577148,0,0.0,0.0
2010-06-18 00:00:00-04:00,11.93791168962708,11.93791168962708,11.651933670043945,11.651933670043945,1500,0.0,0.0
2010-06-21 00:00:00-04:00,11.738391521575712,11.904657694030071,11.651933670043945,11.651933670043945,1600,0.0,0.0
2010-06-22 00:00:00-04:00,11.432462940232474,11.631981849670412,11.432462940232474,11.63198184967041,200,0.0,0.0
2010-06-23 00:00:00-04:00,11.631981849670412,11.631981849670412,11.631981849670412,11.63198184967041,0,0.0,0.0
2010-06-24 00:00:00-04:00,11.605380526829213,11.605380526829213,11.412511138251793,11.545524597167969,500,0.0,0.0
2010-06-25 00:00:00-04:00,11.71843802158958,11.725087550853273,11.711787223815918,11.711787223815918,1100,0.0,0.0
2010-06-28 00:00:00-04:00,11.545521609538223,11.804896391945075,11.538870811462402,11.538870811462402,700,0.0,0.0
2010-06-29 00:00:00-04:00,11.518920472652963,11.771645770589926,11.518920472652963,11.66523551940918,1600,0.0,0.0
2010-06-30 00:00:00-04:00,11.518925666809082,11.671890313293002,11.518925666809082,11.518925666809082,700,0.0,0.0
2010-07-01 00:00:00-04:00,11.51891936074662,11.618678803035138,11.51891936074662,11.572124481201172,600,0.0,0.0
2010-07-02 00:00:00-04:00,11.651933670043945,11.651933670043945,11.651933670043945,11.651933670043945,100,0.0,0.0
2010-07-06 00:00:00-04:00,11.638634428724803,11.638634428724803,11.505620956420898,11.505620956420898,700,0.0,0.0
2010-07-07 00:00:00-04:00,11.518918417234941,11.645281043655471,11.518918417234941,11.538870811462402,500,0.0,0.0
2010-07-08 00:00:00-04:00,11.645283448569018,11.645283448569018,11.631981849670412,11.63198184967041,300,0.0,0.0
2010-07-09 00:00:00-04:00,11.638637570495915,11.638637570495915,11.518925666809082,11.518925666809082,200,0.0,0.0
2010-07-12 00:00:00-04:00,11.533578872680664,11.533578872680664,11.533578872680664,11.533578872680664,0,0.022,0.0
2010-07-13 00:00:00-04:00,11.626788907318927,11.713357925415039,11.626788907318927,11.713357925415039,1400,0.0,0.0
2010-07-14 00:00:00-04:00,11.59350299835205,11.59350299835205,11.59350299835205,11.59350299835205,100,0.0,0.0
2010-07-15 00:00:00-04:00,11.59350299835205,11.59350299835205,11.59350299835205,11.59350299835205,0,0.0,0.0
2010-07-16 00:00:00-04:00,11.606825793675347,11.606825793675347,11.580188751220705,11.580188751220703,500,0.0,0.0
2010-07-19 00:00:00-04:00,11.57353002175114,11.57353002175114,11.147347483910794,11.17398452758789,16300,0.0,0.0
2010-07-20 00:00:00-04:00,11.227256384876192,11.413710594177244,11.220597124526291,11.413710594177246,3400,0.0,0.0
2010-07-21 00:00:00-04:00,11.387070655822754,11.387070655822754,11.273865811549642,11.387070655822754,2300,0.0,0.0
2010-07-22 00:00:00-04:00,11.387070655822754,11.387070655822754,11.387070655822754,11.387070655822754,0,0.0,0.0
2010-07-23 00:00:00-04:00,11.387070655822754,11.387070655822754,11.387070655822754,11.387070655822754,0,0.0,0.0
2010-07-26 00:00:00-04:00,11.447002929563114,11.520252227783203,11.300501792875732,11.520252227783203,2300,0.0,0.0
2010-07-27 00:00:00-04:00,11.540228843688967,11.540228843688967,11.540228843688967,11.540228843688965,100,0.0,0.0
2010-07-28 00:00:00-04:00,11.52691650390625,11.540235025789242,11.52691650390625,11.52691650390625,500,0.0,0.0
2010-07-29 00:00:00-04:00,11.713357925415039,11.713357925415039,11.713357925415039,11.713357925415039,100,0.0,0.0
2010-07-30 00:00:00-04:00,11.520256429821618,11.720030433593246,11.520256429821618,11.573529243469238,700,0.0,0.0
2010-08-02 00:00:00-04:00,11.573529243469238,11.573529243469238,11.573529243469238,11.573529243469238,0,0.0,0.0
2010-08-03 00:00:00-04:00,11.779960632324219,11.779960632324219,11.779960632324219,11.779960632324219,1600,0.0,0.0
2010-08-04 00:00:00-04:00,11.779960632324219,11.779960632324219,11.779960632324219,11.779960632324219,0,0.0,0.0
2010-08-05 00:00:00-04:00,11.633459465523426,11.779960632324219,11.633459465523426,11.779960632324219,500,0.0,0.0
2010-08-06 00:00:00-04:00,11.826574117010871,11.846551895141602,11.786619830873267,11.846551895141602,1500,0.0,0.0
2010-08-09 00:00:00-04:00,11.913139545584272,11.986390113830566,11.913139545584272,11.986390113830566,1200,0.0,0.0
2010-08-10 00:00:00-04:00,12.152873992919922,12.152873992919922,12.152873992919922,12.152873992919922,300,0.0,0.0
2010-08-11 00:00:00-04:00,12.120206470035447,12.166873727453888,12.120206470035447,12.16020679473877,300,0.021,0.0
2010-08-12 00:00:00-04:00,12.040204069829345,12.040204069829345,12.020204544067383,12.020204544067383,500,0.0,0.0
2010-08-13 00:00:00-04:00,12.00020060595736,12.00020060595736,11.980199813842773,11.980199813842773,800,0.0,0.0
2010-08-16 00:00:00-04:00,11.980202879600775,11.986869812011719,11.980202879600775,11.986869812011719,800,0.0,0.0
2010-08-17 00:00:00-04:00,12.026871476517151,12.113539055189461,12.000203746718075,12.020204544067383,1400,0.0,0.0
2010-08-18 00:00:00-04:00,12.040201187133789,12.040201187133789,12.040201187133789,12.040201187133789,100,0.0,0.0
2010-08-19 00:00:00-04:00,12.040201187133789,12.040201187133789,12.040201187133789,12.040201187133789,100,0.0,0.0
2010-08-20 00:00:00-04:00,12.073534965515138,12.073534965515138,12.073534965515138,12.073534965515137,100,0.0,0.0
2010-08-23 00:00:00-04:00,12.080202502828696,12.080202502828696,11.980199813842773,11.980199813842773,900,0.0,0.0
2010-08-24 00:00:00-04:00,12.006861713724891,12.006861713724891,11.926859855651855,11.926859855651855,2000,0.0,0.0
2010-08-25 00:00:00-04:00,11.926859855651855,11.926859855651855,11.926859855651855,11.926859855651855,2000,0.0,0.0
2010-08-26 00:00:00-04:00,11.926861272729695,11.926861272729695,11.813526035419148,11.840193748474121,400,0.0,0.0
2010-08-27 00:00:00-04:00,11.94019603729248,11.94019603729248,11.94019603729248,11.94019603729248,400,0.0,0.0
2010-08-30 00:00:00-04:00,11.880196778699077,11.900197568090125,11.880196778699077,11.886863708496094,300,0.0,0.0
2010-08-31 00:00:00-04:00,12.066872644699549,12.066872644699549,11.933536529541016,11.933536529541016,600,0.0,0.0
2010-09-01 00:00:00-04:00,11.933536529541016,11.933536529541016,11.933536529541016,11.933536529541016,0,0.0,0.0
2010-09-02 00:00:00-04:00,11.933536529541016,11.933536529541016,11.933536529541016,11.933536529541016,0,0.0,0.0
2010-09-03 00:00:00-04:00,12.166874885559082,12.506880856869316,12.106873756999185,12.166874885559082,2400,0.0,0.0
2010-09-07 00:00:00-04:00,12.23354294746869,12.266876342629734,12.166874885559082,12.166874885559082,3700,0.0,0.0
2010-09-08 00:00:00-04:00,12.21353436679516,12.21353436679516,12.193534851074219,12.193534851074219,300,0.0,0.0
2010-09-09 00:00:00-04:00,12.206865650255974,12.40020275115967,12.206865650255974,12.400202751159668,2100,0.0,0.0
2010-09-10 00:00:00-04:00,12.412215232849121,12.412215232849121,12.412215232849121,12.412215232849121,0,0.018,0.0
2010-09-13 00:00:00-04:00,12.412215232849121,12.412215232849121,12.292096819730908,12.412215232849121,2300,0.0,0.0
2010-09-14 00:00:00-04:00,12.612419852625145,12.712518170340589,12.605746461734894,12.679152488708496,3100,0.0,0.0
2010-09-15 00:00:00-04:00,12.679152488708496,12.679152488708496,12.679152488708496,12.679152488708496,0,0.0,0.0
2010-09-16 00:00:00-04:00,12.418898172909037,12.65913391113281,12.418898172909037,12.659133911132812,1000,0.0,0.0
2010-09-17 00:00:00-04:00,12.51231575012207,12.51231575012207,12.51231575012207,12.51231575012207,700,0.0,0.0
2010-09-20 00:00:00-04:00,12.51231575012207,12.51231575012207,12.51231575012207,12.51231575012207,0,0.0,0.0
2010-09-21 00:00:00-04:00,12.51231575012207,12.51231575012207,12.51231575012207,12.51231575012207,0,0.0,0.0
2010-09-22 00:00:00-04:00,12.51231575012207,12.51231575012207,12.51231575012207,12.51231575012207,0,0.0,0.0
2010-09-23 00:00:00-04:00,12.51231575012207,12.51231575012207,12.51231575012207,12.51231575012207,0,0.0,0.0
2010-09-24 00:00:00-04:00,12.512315880187492,12.639107704162596,12.512315880187492,12.639107704162598,900,0.0,0.0
2010-09-27 00:00:00-04:00,12.512318835713563,12.512318835713563,12.225369453430176,12.225369453430176,800,0.0,0.0
2010-09-28 00:00:00-04:00,12.512314046242043,12.512314046242043,12.485620498657227,12.485620498657227,200,0.0,0.0
2010-09-29 00:00:00-04:00,12.245386548747506,12.252059936523438,12.245386548747506,12.252059936523438,1300,0.0,0.0
2010-09-30 00:00:00-04:00,12.252059936523438,12.252059936523438,12.252059936523438,12.252059936523438,0,0.0,0.0
2010-10-01 00:00:00-04:00,12.312116979523392,12.452254279615744,12.312116979523392,12.412215232849121,1400,0.0,0.0
2010-10-04 00:00:00-04:00,12.412215232849121,12.412215232849121,12.412215232849121,12.412215232849121,0,0.0,0.0
2010-10-05 00:00:00-04:00,12.385529653633249,12.679152488708496,12.358837362891409,12.679152488708496,4200,0.0,0.0
2010-10-06 00:00:00-04:00,12.679152488708496,12.679152488708496,12.679152488708496,12.679152488708496,0,0.0,0.0
2010-10-07 00:00:00-04:00,12.579046079331453,12.579046079331453,12.178651793210188,12.412215232849121,5500,0.0,0.0
2010-10-08 00:00:00-04:00,12.392191886901855,12.392191886901855,12.392191886901855,12.392191886901855,200,0.0,0.0
2010-10-11 00:00:00-04:00,12.425562006044112,12.585719465928948,12.412215232849121,12.412215232849121,4000,0.0,0.0
2010-10-12 00:00:00-04:00,12.423575401306152,12.423575401306152,12.423575401306152,12.423575401306152,1000,0.017,0.0
2010-10-13 00:00:00-04:00,12.450293100575804,12.490370069909027,12.43025588989258,12.430255889892578,2900,0.0,0.0
2010-10-14 00:00:00-04:00,12.523761329194791,12.664026844569989,12.450288188388994,12.557157516479492,1300,0.0,0.0
2010-10-15 00:00:00-04:00,12.60391271714251,12.61059093475342,12.60391271714251,12.610590934753418,500,0.0,0.0
2010-10-18 00:00:00-04:00,12.470322469546339,12.563832781668536,12.470322469546339,12.543795585632324,2200,0.0,0.0
2010-10-19 00:00:00-04:00,12.543795585632324,12.543795585632324,12.543795585632324,12.543795585632324,0,0.0,0.0
2010-10-20 00:00:00-04:00,12.61059093475342,12.61059093475342,12.61059093475342,12.610590934753418,900,0.0,0.0
2010-10-21 00:00:00-04:00,12.690751669405167,12.744186362317004,12.690751669405167,12.737506866455078,2300,0.0,0.0
2010-10-22 00:00:00-04:00,12.750856443518153,12.757535934448242,12.750856443518153,12.757535934448242,1900,0.0,0.0
2010-10-25 00:00:00-04:00,12.69074229912998,12.757535934448242,12.69074229912998,12.757535934448242,1700,0.0,0.0
2010-10-26 00:00:00-04:00,12.590558323575861,12.590558323575861,12.336742646424508,12.376819610595703,1200,0.0,0.0
2010-10-27 00:00:00-04:00,12.550472073506874,12.550472073506874,12.523754119873047,12.523754119873047,600,0.0,0.0
2010-10-28 00:00:00-04:00,12.523754119873047,12.523754119873047,12.523754119873047,12.523754119873047,0,0.0,0.0
2010-10-29 00:00:00-04:00,12.690747261047363,12.690747261047363,12.690747261047363,12.690747261047363,100,0.0,0.0
2010-11-01 00:00:00-04:00,12.690747261047363,12.690747261047363,12.690747261047363,12.690747261047363,0,0.0,0.0
2010-11-02 00:00:00-04:00,12.684070587158203,12.684070587158203,12.657353881035503,12.684070587158203,2000,0.0,0.0
2010-11-03 00:00:00-04:00,12.684070587158203,12.684070587158203,12.677391092131675,12.684070587158203,1100,0.0,0.0
2010-11-04 00:00:00-04:00,12.684070587158203,12.684070587158203,12.684070587158203,12.684070587158203,2100,0.0,0.0
2010-11-05 00:00:00-04:00,12.684070587158203,12.684070587158203,12.684070587158203,12.684070587158203,1600,0.0,0.0
2010-11-08 00:00:00-05:00,12.684070587158203,12.684070587158203,12.684070587158203,12.684070587158203,1100,0.0,0.0
2010-11-09 00:00:00-05:00,12.694761276245117,12.694761276245117,12.694761276245117,12.694761276245117,800,0.016,0.0
2010-11-10 00:00:00-05:00,12.694761276245117,12.694761276245117,12.694761276245117,12.694761276245117,100,0.0,0.0
2010-11-11 00:00:00-05:00,12.694761276245117,12.694761276245117,12.694761276245117,12.694761276245117,0,0.0,0.0
2010-11-12 00:00:00-05:00,12.761611086122475,12.761611086122475,12.57443141937256,12.574431419372559,1400,0.0,0.0
2010-11-15 00:00:00-05:00,12.57443141937256,12.57443141937256,12.57443141937256,12.574431419372559,0,0.0,0.0
2010-11-16 00:00:00-05:00,12.761606067173805,12.761606067173805,12.534317016601562,12.534317016601562,500,0.0,0.0
2010-11-17 00:00:00-05:00,12.534317016601562,12.534317016601562,12.534317016601562,12.534317016601562,0,0.0,0.0
2010-11-18 00:00:00-05:00,12.68807540113037,12.928734779357908,12.68807540113037,12.92873477935791,1300,0.0,0.0
2010-11-19 00:00:00-05:00,12.928738185894256,12.982217920140725,12.5677490234375,12.5677490234375,2100,0.0,0.0
2010-11-22 00:00:00-05:00,12.761611249156775,12.761611249156775,12.694761276245117,12.694761276245117,400,0.0,0.0
2010-11-23 00:00:00-05:00,12.694761276245117,12.694761276245117,12.694761276245117,12.694761276245117,1000,0.0,0.0
2010-11-24 00:00:00-05:00,12.694761276245117,12.694761276245117,12.694761276245117,12.694761276245117,0,0.0,0.0
2010-11-26 00:00:00-05:00,12.694761276245117,12.694761276245117,12.694761276245117,12.694761276245117,0,0.0,0.0
2010-11-29 00:00:00-05:00,12.541009793842985,12.5677490234375,12.534324667679996,12.5677490234375,700,0.0,0.0
2010-11-30 00:00:00-05:00,12.541012799629245,12.541012799629245,12.460792541503906,12.460792541503906,2700,0.0,0.0
2010-12-01 00:00:00-05:00,12.447415084377075,12.447415084377075,12.43404483795166,12.43404483795166,500,0.0,0.0
2010-12-02 00:00:00-05:00,12.43404483795166,12.43404483795166,12.43404483795166,12.43404483795166,0,0.0,0.0
2010-12-03 00:00:00-05:00,12.454098932532904,12.454098932532904,12.43404483795166,12.43404483795166,1000,0.0,0.0
2010-12-06 00:00:00-05:00,12.373885154724121,12.373885154724121,12.36720002872873,12.373885154724121,500,0.0,0.0
2010-12-07 00:00:00-05:00,12.36051764641238,12.407312263709766,12.36051764641238,12.400627136230469,3400,0.0,0.0
2010-12-08 00:00:00-05:00,12.400627136230469,12.400627136230469,12.400627136230469,12.400627136230469,0,0.0,0.0
2010-12-09 00:00:00-05:00,12.400627136230469,12.400627136230469,12.400627136230469,12.400627136230469,0,0.0,0.0
2010-12-10 00:00:00-05:00,12.38456916809082,12.38456916809082,12.38456916809082,12.38456916809082,100,0.016,0.0
2010-12-13 00:00:00-05:00,12.551836967468262,12.551836967468262,12.518382478920621,12.551836967468262,1100,0.0,0.0
2010-12-14 00:00:00-05:00,12.551836967468262,12.551836967468262,12.551836967468262,12.551836967468262,0,0.0,0.0
2010-12-15 00:00:00-05:00,12.551836967468262,12.551836967468262,12.551836967468262,12.551836967468262,0,0.0,0.0
2010-12-16 00:00:00-05:00,12.551836967468262,12.551836967468262,12.551836967468262,12.551836967468262,0,0.0,0.0
2010-12-17 00:00:00-05:00,12.551836967468262,12.551836967468262,12.551836967468262,12.551836967468262,0,0.0,0.0
2010-12-20 00:00:00-05:00,12.505002016215688,12.712414741516113,12.505002016215688,12.712414741516113,1100,0.0,0.0
2010-12-21 00:00:00-05:00,12.712414741516113,12.712414741516113,12.712414741516113,12.712414741516113,0,0.0,0.0
2010-12-22 00:00:00-05:00,12.464858991224734,12.464858991224734,12.357807159423828,12.357807159423828,1200,0.0,0.0
2010-12-23 00:00:00-05:00,12.357805110832658,12.357805110832658,11.929597854614258,11.929597854614258,800,0.0,0.0
2010-12-27 00:00:00-05:00,11.929597854614258,11.929597854614258,11.929597854614258,11.929597854614258,0,0.0,0.0
2010-12-28 00:00:00-05:00,11.956360735452114,11.956360735452114,11.94966983795166,11.94966983795166,300,0.0,0.0
2010-12-29 00:00:00-05:00,11.94966983795166,11.94966983795166,11.94966983795166,11.94966983795166,0,0.0,0.0
2010-12-30 00:00:00-05:00,11.94966983795166,11.94966983795166,11.94966983795166,11.94966983795166,0,0.0,0.0
2010-12-31 00:00:00-05:00,11.94966983795166,11.94966983795166,11.94966983795166,11.94966983795166,0,0.0,0.0
2011-01-03 00:00:00-05:00,11.92290114735414,11.92290114735414,11.648580847980359,11.722179412841797,2100,0.0,0.0
2011-01-04 00:00:00-05:00,11.722179412841797,11.722179412841797,11.722179412841797,11.722179412841797,0,0.0,0.0
2011-01-05 00:00:00-05:00,11.956352233886719,11.956352233886719,11.956352233886719,11.956352233886719,500,0.0,0.0
2011-01-06 00:00:00-05:00,12.070111904450656,12.096874237060547,12.070111904450656,12.096874237060547,4100,0.0,0.0
2011-01-07 00:00:00-05:00,12.096874237060547,12.096874237060547,12.096874237060547,12.096874237060547,0,0.0,0.0
2011-01-10 00:00:00-05:00,11.896142549260652,11.896142549260652,11.467934092187456,11.70880126953125,1300,0.0,0.0
2011-01-11 00:00:00-05:00,11.896140098571777,11.896140098571777,11.896140098571777,11.896140098571777,300,0.0,0.0
2011-01-12 00:00:00-05:00,12.021381454765736,12.03477478027344,12.021381454765736,12.034774780273438,600,0.017,0.0
2011-01-13 00:00:00-05:00,12.215594646853614,12.222291946411133,12.215594646853614,12.222291946411133,500,0.0,0.0
2011-01-14 00:00:00-05:00,12.054868488581715,12.054868488581715,11.954411506652832,11.954411506652832,700,0.0,0.0
2011-01-18 00:00:00-05:00,11.954411506652832,11.954411506652832,11.954411506652832,11.954411506652832,0,0.0,0.0
2011-01-19 00:00:00-05:00,12.12853014595922,12.12853014595922,12.121832847595215,12.121832847595215,700,0.0,0.0
2011-01-20 00:00:00-05:00,12.128533198397024,12.15532112121582,12.128533198397024,12.15532112121582,300,0.0,0.0
2011-01-21 00:00:00-05:00,12.15532112121582,12.15532112121582,12.15532112121582,12.15532112121582,0,0.0,0.0
2011-01-24 00:00:00-05:00,12.188811025020605,12.195507049560547,12.188811025020605,12.195507049560547,4500,0.0,0.0
2011-01-25 00:00:00-05:00,12.195507049560547,12.195507049560547,12.195507049560547,12.195507049560547,0,0.0,0.0
2011-01-26 00:00:00-05:00,12.195507049560547,12.195507049560547,12.195507049560547,12.195507049560547,0,0.0,0.0
2011-01-27 00:00:00-05:00,12.228992462158203,12.235689763477094,12.222295160839312,12.228992462158203,1000,0.0,0.0
2011-01-28 00:00:00-05:00,12.228992462158203,12.228992462158203,12.228992462158203,12.228992462158203,0,0.0,0.0
2011-01-31 00:00:00-05:00,12.470088604478034,12.470088604478034,12.463391304016113,12.463391304016113,600,0.0,0.0
2011-02-01 00:00:00-05:00,12.463391304016113,12.463391304016113,12.463391304016113,12.463391304016113,0,0.0,0.0
2011-02-02 00:00:00-05:00,12.66430682884916,12.66430682884916,12.228992462158203,12.228992462158203,1200,0.0,0.0
2011-02-03 00:00:00-05:00,12.269178992955617,12.269178992955617,12.255784385950635,12.262481689453125,1300,0.0,0.0
2011-02-04 00:00:00-05:00,12.255777374199692,12.490177753162055,12.255777374199692,12.483480453491211,1600,0.0,0.0
2011-02-07 00:00:00-05:00,12.65760448400037,12.758061408996582,12.65760448400037,12.758061408996582,600,0.0,0.0
2011-02-08 00:00:00-05:00,12.58393867117458,12.58393867117458,12.329446393199683,12.483480453491211,1000,0.0,0.0
2011-02-09 00:00:00-05:00,12.503573771956548,12.510271072387695,12.503573771956548,12.510271072387695,200,0.0,0.0
2011-02-10 00:00:00-05:00,12.581997871398926,12.581997871398926,12.581997871398926,12.581997871398926,200,0.017,0.0
2011-02-11 00:00:00-05:00,12.581997871398926,12.581997871398926,12.581997871398926,12.581997871398926,0,0.0,0.0
2011-02-14 00:00:00-05:00,12.581997871398926,12.581997871398926,12.581997871398926,12.581997871398926,0,0.0,0.0
2011-02-15 00:00:00-05:00,12.347375869750977,12.347375869750977,12.07254295978519,12.347375869750977,500,0.0,0.0
2011-02-16 00:00:00-05:00,12.347375869750977,12.347375869750977,12.347375869750977,12.347375869750977,0,0.0,0.0
2011-02-17 00:00:00-05:00,12.354076385498047,12.354076385498047,12.354076385498047,12.354076385498047,600,0.0,0.0
2011-02-18 00:00:00-05:00,12.354076385498047,12.354076385498047,12.354076385498047,12.354076385498047,0,0.0,0.0
2011-02-22 00:00:00-05:00,12.40101146697998,12.40101146697998,12.40101146697998,12.40101146697998,1500,0.0,0.0
2011-02-23 00:00:00-05:00,12.454631718419327,12.769683837890625,12.454631718419327,12.769683837890625,1100,0.0,0.0
2011-02-24 00:00:00-05:00,12.722761154174805,12.722761154174805,12.722761154174805,12.722761154174805,300,0.0,0.0
2011-02-25 00:00:00-05:00,12.722761154174805,12.722761154174805,12.722761154174805,12.722761154174805,0,0.0,0.0
2011-02-28 00:00:00-05:00,12.54178024951477,12.54178024951477,12.401012611944918,12.434528350830078,1300,0.0,0.0
2011-03-01 00:00:00-05:00,12.434528350830076,12.434528350830076,12.434528350830076,12.434528350830078,0,0.0,0.0
2011-03-02 00:00:00-05:00,12.47474877174445,12.47474877174445,12.434528350830076,12.434528350830078,2400,0.0,0.0
2011-03-03 00:00:00-05:00,12.441221195129891,12.454627990722656,12.43451779733351,12.454627990722656,600,0.0,0.0
2011-03-04 00:00:00-05:00,12.454627990722656,12.454627990722656,12.454627990722656,12.454627990722656,0,0.0,0.0
2011-03-07 00:00:00-05:00,12.588696759024632,12.602102279663086,12.588696759024632,12.602102279663086,500,0.0,0.0
2011-03-08 00:00:00-05:00,12.421118488585996,12.762984275817871,12.421118488585996,12.762984275817871,2300,0.0,0.0
2011-03-09 00:00:00-05:00,12.56859270302025,12.56859270302025,12.40101146697998,12.40101146697998,2000,0.0,0.0
2011-03-10 00:00:00-05:00,12.405711645635233,12.405711645635233,12.399002075195312,12.399002075195312,3800,0.017,0.0
2011-03-11 00:00:00-05:00,12.378867149353027,12.392285002389906,12.378867149353027,12.378867149353027,1100,0.0,0.0
2011-03-14 00:00:00-04:00,12.311772624618794,12.385575294494627,12.211131689537986,12.385575294494629,1400,0.0,0.0
2011-03-15 00:00:00-04:00,12.452669143676756,12.452669143676756,12.452669143676756,12.452669143676758,200,0.0,0.0
2011-03-16 00:00:00-04:00,12.378867149353027,12.378867149353027,12.378867149353027,12.378867149353027,800,0.0,0.0
2011-03-17 00:00:00-04:00,12.385575294494627,12.385575294494627,12.385575294494627,12.385575294494629,100,0.0,0.0
2011-03-18 00:00:00-04:00,12.432548027396429,12.432548027396429,12.251393492362595,12.412419319152832,1000,0.0,0.0
2011-03-21 00:00:00-04:00,12.412419319152832,12.412419319152832,12.412419319152832,12.412419319152832,0,0.0,0.0
2011-03-22 00:00:00-04:00,12.405709749738298,12.412419319152832,12.405709749738298,12.412419319152832,300,0.0,0.0
2011-03-23 00:00:00-04:00,12.425838457981897,12.425838457981897,12.412419319152832,12.412419319152832,600,0.0,0.0
2011-03-24 00:00:00-04:00,12.42582607269287,12.42582607269287,12.42582607269287,12.425826072692871,400,0.0,0.0
2011-03-25 00:00:00-04:00,12.425826910777047,12.606981277465819,12.425826910777047,12.60698127746582,5700,0.0,0.0
2011-03-28 00:00:00-04:00,12.459378019746056,12.714336395263672,12.445958888462226,12.714336395263672,1600,0.0,0.0
2011-03-29 00:00:00-04:00,12.526475108790692,12.774723972419451,12.526475108790692,12.747885704040527,800,0.0,0.0
2011-03-30 00:00:00-04:00,12.747885704040527,12.747885704040527,12.747885704040527,12.747885704040527,0,0.0,0.0
2011-03-31 00:00:00-04:00,12.774720580040565,12.814976692199705,12.761301449414608,12.814976692199707,4200,0.0,0.0
2011-04-01 00:00:00-04:00,12.814976692199705,12.814976692199705,12.814976692199705,12.814976692199707,1200,0.0,0.0
2011-04-04 00:00:00-04:00,13.009552422139677,13.143741204596154,11.949465135834544,12.747885704040527,2100,0.0,0.0
2011-04-05 00:00:00-04:00,12.747885704040527,12.747885704040527,12.747885704040527,12.747885704040527,0,0.0,0.0
2011-04-06 00:00:00-04:00,12.747885704040527,12.747885704040527,12.747885704040527,12.747885704040527,0,0.0,0.0
2011-04-07 00:00:00-04:00,12.747885704040527,12.747885704040527,12.747885704040527,12.747885704040527,0,0.0,0.0
2011-04-08 00:00:00-04:00,12.747885704040527,12.747885704040527,12.747885704040527,12.747885704040527,0,0.0,0.0
2011-04-11 00:00:00-04:00,12.747885704040527,12.747885704040527,12.747885704040527,12.747885704040527,0,0.0,0.0
2011-04-12 00:00:00-04:00,12.759299278259277,12.759299278259277,12.759299278259277,12.759299278259277,0,0.017,0.0
2011-04-13 00:00:00-04:00,12.759299278259277,12.759299278259277,12.759299278259277,12.759299278259277,0,0.0,0.0
2011-04-14 00:00:00-04:00,12.759299278259277,12.759299278259277,12.759299278259277,12.759299278259277,0,0.0,0.0
2011-04-15 00:00:00-04:00,12.759299278259277,12.759299278259277,12.759299278259277,12.759299278259277,0,0.0,0.0
2011-04-18 00:00:00-04:00,12.759299278259277,12.759299278259277,12.759299278259277,12.759299278259277,0,0.0,0.0
2011-04-19 00:00:00-04:00,12.759299278259277,12.759299278259277,12.759299278259277,12.759299278259277,0,0.0,0.0
2011-04-20 00:00:00-04:00,12.678713284101882,12.678713284101882,12.396665573120119,12.396665573120117,600,0.0,0.0
2011-04-21 00:00:00-04:00,12.329515642203939,12.463823318481445,12.329515642203939,12.463823318481445,600,0.0,0.0
2011-04-25 00:00:00-04:00,12.463823318481445,12.463823318481445,12.463823318481445,12.463823318481445,0,0.0,0.0
2011-04-26 00:00:00-04:00,12.463820697224516,12.577982902526855,12.463820697224516,12.577982902526855,1900,0.0,0.0
2011-04-27 00:00:00-04:00,12.537690542164183,12.537690542164183,12.497398376464844,12.497398376464844,200,0.0,0.0
2011-04-28 00:00:00-04:00,12.477251653182748,12.497398376464844,12.477251653182748,12.497398376464844,500,0.0,0.0
2011-04-29 00:00:00-04:00,12.604847510471592,12.645139684177995,12.497400860011112,12.591416358947754,8200,0.0,0.0
2011-05-02 00:00:00-04:00,12.52425823642485,12.692143739006589,12.490681648254396,12.490681648254395,600,0.0,0.0
2011-05-03 00:00:00-04:00,12.490681648254396,12.490681648254396,12.490681648254396,12.490681648254395,0,0.0,0.0
2011-05-04 00:00:00-04:00,12.490694806039969,12.490694806039969,12.483979225158691,12.483979225158691,500,0.0,0.0
2011-05-05 00:00:00-04:00,12.483979225158691,12.483979225158691,12.483979225158691,12.483979225158691,0,0.0,0.0
2011-05-06 00:00:00-04:00,12.483979225158691,12.483979225158691,12.483979225158691,12.483979225158691,0,0.0,0.0
2011-05-09 00:00:00-04:00,12.483979225158691,12.483979225158691,12.483979225158691,12.483979225158691,0,0.0,0.0
2011-05-10 00:00:00-04:00,12.672008514404297,12.672008514404297,12.672008514404297,12.672008514404297,200,0.0,0.0
2011-05-11 00:00:00-04:00,12.682760238647461,12.682760238647461,12.682760238647461,12.682760238647461,0,0.016,0.0
2011-05-12 00:00:00-04:00,12.494556201036476,12.494556201036476,12.487834930419922,12.487834930419922,500,0.0,0.0
2011-05-13 00:00:00-04:00,12.602101236216726,12.676033973693846,12.602101236216726,12.676033973693848,600,0.0,0.0
2011-05-16 00:00:00-04:00,12.676033973693846,12.676033973693846,12.676033973693846,12.676033973693848,0,0.0,0.0
2011-05-17 00:00:00-04:00,12.676033973693846,12.676033973693846,12.676033973693846,12.676033973693848,0,0.0,0.0
2011-05-18 00:00:00-04:00,12.676033973693846,12.676033973693846,12.676033973693846,12.676033973693848,0,0.0,0.0
2011-05-19 00:00:00-04:00,12.676033973693846,12.676033973693846,12.676033973693846,12.676033973693848,0,0.0,0.0
2011-05-20 00:00:00-04:00,12.676033973693846,12.676033973693846,12.676033973693846,12.676033973693848,0,0.0,0.0
2011-05-23 00:00:00-04:00,12.33324901841642,12.622257232666016,12.33324901841642,12.622257232666016,3200,0.0,0.0
2011-05-24 00:00:00-04:00,12.447518177502625,12.615546226501465,12.373585425718405,12.615546226501465,600,0.0,0.0
2011-05-25 00:00:00-04:00,12.602099418640137,12.602099418640137,12.602099418640137,12.602099418640137,100,0.0,0.0
2011-05-26 00:00:00-04:00,12.602099418640137,12.602099418640137,12.602099418640137,12.602099418640137,0,0.0,0.0
2011-05-27 00:00:00-04:00,12.487834930419922,12.487834930419922,12.487834930419922,12.487834930419922,100,0.0,0.0
2011-05-31 00:00:00-04:00,12.548328399658203,12.548328399658203,12.548328399658203,12.548328399658203,100,0.0,0.0
2011-06-01 00:00:00-04:00,12.548328670439142,12.602097568787904,12.548328670439142,12.575212478637695,800,0.0,0.0
2011-06-02 00:00:00-04:00,12.57521097183635,12.57521097183635,12.568490982055666,12.568490982055664,1000,0.0,0.0
2011-06-03 00:00:00-04:00,12.494568832319718,12.669318199157715,12.494568832319718,12.669318199157715,1600,0.0,0.0
2011-06-06 00:00:00-04:00,12.669318199157715,12.669318199157715,12.669318199157715,12.669318199157715,0,0.0,0.0
2011-06-07 00:00:00-04:00,12.669318199157715,12.669318199157715,12.669318199157715,12.669318199157715,0,0.0,0.0
2011-06-08 00:00:00-04:00,12.60210670699655,12.696202026850628,12.60210670699655,12.669318199157715,1800,0.0,0.0
2011-06-09 00:00:00-04:00,12.669318199157715,12.669318199157715,12.669318199157715,12.669318199157715,0,0.0,0.0
2011-06-10 00:00:00-04:00,12.680078506469727,12.680078506469727,12.680078506469727,12.680078506469727,1600,0.016,0.0
2011-06-13 00:00:00-04:00,12.330284118652346,12.330284118652346,12.330284118652346,12.330284118652344,200,0.0,0.0
2011-06-14 00:00:00-04:00,12.330284118652346,12.330284118652346,12.330284118652346,12.330284118652344,0,0.0,0.0
2011-06-15 00:00:00-04:00,12.390821819830734,12.390821819830734,12.168836464876156,12.28319263458252,1000,0.0,0.0
2011-06-16 00:00:00-04:00,12.28319263458252,12.28319263458252,12.28319263458252,12.28319263458252,0,0.0,0.0
2011-06-17 00:00:00-04:00,12.283192970673184,12.411003112792969,12.27646598603097,12.411003112792969,1600,0.0,0.0
2011-06-20 00:00:00-04:00,12.411003112792969,12.411003112792969,12.411003112792969,12.411003112792969,0,0.0,0.0
2011-06-21 00:00:00-04:00,12.283185720906198,12.283185720906198,12.276458740234375,12.276458740234375,800,0.0,0.0
2011-06-22 00:00:00-04:00,12.343735694885254,12.444637907799706,12.343735694885254,12.343735694885254,600,0.0,0.0
2011-06-23 00:00:00-04:00,12.498448924028724,12.532082557678223,12.484994957352573,12.532082557678223,2200,0.0,0.0
2011-06-24 00:00:00-04:00,12.276461940520731,12.283188922946174,12.141924858093262,12.141924858093262,1000,0.0,0.0
2011-06-27 00:00:00-04:00,12.07466269943297,12.343735694885254,12.07466269943297,12.343735694885254,900,0.0,0.0
2011-06-28 00:00:00-04:00,12.343735694885254,12.343735694885254,12.343735694885254,12.343735694885254,0,0.0,0.0
2011-06-29 00:00:00-04:00,12.511902809143066,12.511902809143066,12.511902809143066,12.511902809143066,300,0.0,0.0
2011-06-30 00:00:00-04:00,12.478273391723635,12.478273391723635,12.478273391723635,12.478273391723633,3100,0.0,0.0
2011-07-01 00:00:00-04:00,12.43791507944086,12.444642066955566,12.43791507944086,12.444642066955566,500,0.0,0.0
2011-07-05 00:00:00-04:00,12.491729696516838,12.491729696516838,12.444642066955566,12.444642066955566,1500,0.0,0.0
2011-07-06 00:00:00-04:00,12.686805754790193,12.686805754790193,12.404278755187988,12.404278755187988,900,0.0,0.0
2011-07-07 00:00:00-04:00,12.337010529414389,12.478273391723635,12.310102584379425,12.478273391723633,1200,0.0,0.0
2011-07-08 00:00:00-04:00,12.478273391723635,12.478273391723635,12.478273391723635,12.478273391723633,0,0.0,0.0
2011-07-11 00:00:00-04:00,12.478273391723635,12.478273391723635,12.478273391723635,12.478273391723633,0,0.0,0.0
2011-07-12 00:00:00-04:00,12.489044189453125,12.489044189453125,12.489044189453125,12.489044189453125,0,0.016,0.0
2011-07-13 00:00:00-04:00,12.75835076293102,12.75835076293102,12.489044189453125,12.489044189453125,200,0.0,0.0
2011-07-14 00:00:00-04:00,12.489044189453125,12.489044189453125,12.489044189453125,12.489044189453125,0,0.0,0.0
2011-07-15 00:00:00-04:00,12.489044189453125,12.489044189453125,12.489044189453125,12.489044189453125,0,0.0,0.0
2011-07-18 00:00:00-04:00,12.489044189453125,12.489044189453125,12.489044189453125,12.489044189453125,0,0.0,0.0
2011-07-19 00:00:00-04:00,12.334189991821397,12.468843236892212,12.30052732262795,12.38805103302002,1600,0.0,0.0
2011-07-20 00:00:00-04:00,12.421717643737793,12.421717643737793,12.421717643737793,12.421717643737793,100,0.0,0.0
2011-07-21 00:00:00-04:00,12.42844915169774,12.42844915169774,12.421717643737793,12.421717643737793,1900,0.0,0.0
2011-07-22 00:00:00-04:00,12.421722081229774,12.435186386108398,12.421722081229774,12.435186386108398,300,0.0,0.0
2011-07-25 00:00:00-04:00,12.435186386108398,12.435186386108398,12.435186386108398,12.435186386108398,0,0.0,0.0
2011-07-26 00:00:00-04:00,12.421717643737793,12.421717643737793,12.421717643737793,12.421717643737793,600,0.0,0.0
2011-07-27 00:00:00-04:00,12.421718830232564,12.489044189453125,12.421718830232564,12.489044189453125,1100,0.0,0.0
2011-07-28 00:00:00-04:00,12.57656800979238,12.590033594009856,12.421717643737793,12.421717643737793,500,0.0,0.0
2011-07-29 00:00:00-04:00,12.441914799702579,12.441914799702579,12.233203379856857,12.253401756286621,800,0.0,0.0
2011-08-01 00:00:00-04:00,12.253401756286621,12.253401756286621,12.253401756286621,12.253401756286621,0,0.0,0.0
2011-08-02 00:00:00-04:00,12.253401756286621,12.253401756286621,12.253401756286621,12.253401756286621,0,0.0,0.0
2011-08-03 00:00:00-04:00,12.186077241801355,12.32072925567627,12.186077241801355,12.32072925567627,500,0.0,0.0
2011-08-04 00:00:00-04:00,12.495776181006448,12.495776181006448,12.367856979370117,12.367856979370117,400,0.0,0.0
2011-08-05 00:00:00-04:00,12.52944199602827,12.556371885143644,12.32072925567627,12.32072925567627,700,0.0,0.0
2011-08-08 00:00:00-04:00,12.32072925567627,12.32072925567627,12.32072925567627,12.32072925567627,200,0.0,0.0
2011-08-09 00:00:00-04:00,12.489044189453125,12.489044189453125,12.489044189453125,12.489044189453125,300,0.0,0.0
2011-08-10 00:00:00-04:00,12.13594942759848,12.13594942759848,11.313858934516114,11.630565643310547,2000,0.016,0.0
2011-08-11 00:00:00-04:00,11.805760607480845,11.805760607480845,11.475576826408053,11.623822212219238,4000,0.0,0.0
2011-08-12 00:00:00-04:00,11.502534262873398,11.792287826538086,11.502534262873398,11.792287826538086,800,0.0,0.0
2011-08-15 00:00:00-04:00,11.79227869510409,11.79227869510409,11.63729476928711,11.63729476928711,1300,0.0,0.0
2011-08-16 00:00:00-04:00,11.63729476928711,11.63729476928711,11.63729476928711,11.63729476928711,0,0.0,0.0
2011-08-17 00:00:00-04:00,11.812502291789762,12.627854054398954,11.812502291789762,12.277454376220703,2800,0.0,0.0
2011-08-18 00:00:00-04:00,12.1494272375951,12.1494272375951,11.731642723083496,11.731642723083496,1100,0.0,0.0
2011-08-19 00:00:00-04:00,11.879887054681621,11.879887054681621,11.670995459802668,11.78554916381836,1000,0.0,0.0
2011-08-22 00:00:00-04:00,11.630565643310545,11.630565643310545,11.630565643310545,11.630565643310547,100,0.0,0.0
2011-08-23 00:00:00-04:00,11.630565643310545,11.630565643310545,11.630565643310545,11.630565643310547,0,0.0,0.0
2011-08-24 00:00:00-04:00,11.630565643310545,11.630565643310545,11.630565643310545,11.630565643310547,300,0.0,0.0
2011-08-25 00:00:00-04:00,11.66425623680346,11.751856803894043,11.66425623680346,11.751856803894043,300,0.0,0.0
2011-08-26 00:00:00-04:00,11.832719460135403,11.859673880749233,11.758597373962402,11.758597373962402,500,0.0,0.0
2011-08-29 00:00:00-04:00,11.644038017889493,11.644038017889493,11.623822212219238,11.623822212219238,300,0.0,0.0
2011-08-30 00:00:00-04:00,11.623822212219238,11.623822212219238,11.623822212219238,11.623822212219238,700,0.0,0.0
2011-08-31 00:00:00-04:00,11.46210442329065,11.563180923461914,10.997150980193924,11.563180923461914,1900,0.0,0.0
2011-09-01 00:00:00-04:00,11.502538681030273,11.502538681030273,11.502538681030273,11.502538681030273,300,0.0,0.0
2011-09-02 00:00:00-04:00,11.677729742083022,11.684468343973107,11.623822212219238,11.623822212219238,800,0.0,0.0
2011-09-06 00:00:00-04:00,11.623830503497336,11.738384246826172,11.623830503497336,11.738384246826172,1100,0.0,0.0
2011-09-07 00:00:00-04:00,11.4553657679264,12.910870962677631,11.4553657679264,11.879887580871582,5200,0.0,0.0
2011-09-08 00:00:00-04:00,11.879887580871582,11.879887580871582,11.879887580871582,11.879887580871582,0,0.0,0.0
2011-09-09 00:00:00-04:00,11.893362045288084,11.893362045288084,11.893362045288084,11.893362045288086,100,0.0,0.0
2011-09-12 00:00:00-04:00,11.90415096282959,11.90415096282959,11.90415096282959,11.90415096282959,0,0.016,0.0
2011-09-13 00:00:00-04:00,11.843452498135331,11.843452498135331,11.816474914550781,11.816474914550781,200,0.0,0.0
2011-09-14 00:00:00-04:00,11.661349404718294,12.106490435383105,11.479245904967263,11.951364517211914,3300,0.0,0.0
2011-09-15 00:00:00-04:00,11.688333680244346,11.863692563423205,11.688333680244346,11.749034881591797,1000,0.0,0.0
2011-09-16 00:00:00-04:00,11.93787956237793,11.93787956237793,11.93787956237793,11.93787956237793,100,0.0,0.0
2011-09-19 00:00:00-04:00,11.762514114379883,11.762514114379883,11.762514114379883,11.762514114379883,200,0.0,0.0
2011-09-20 00:00:00-04:00,12.119980812072754,12.119980812072754,12.119980812072754,12.119980812072754,100,0.0,0.0
2011-09-21 00:00:00-04:00,11.958108737195085,12.099745215477872,11.870429992675781,11.870429992675781,1000,0.0,0.0
2011-09-22 00:00:00-04:00,12.045789869794056,12.045789869794056,11.802985191345215,11.802985191345215,2600,0.0,0.0
2011-09-23 00:00:00-04:00,11.802985191345215,11.802985191345215,11.802985191345215,11.802985191345215,0,0.0,0.0
2011-09-26 00:00:00-04:00,11.735541343688965,11.735541343688965,11.735541343688965,11.735541343688965,400,0.0,0.0
2011-09-27 00:00:00-04:00,11.836712840088968,11.836712840088968,11.82996940612793,11.82996940612793,200,0.0,0.0
2011-09-28 00:00:00-04:00,11.82996940612793,11.82996940612793,11.82996940612793,11.82996940612793,0,0.0,0.0
2011-09-29 00:00:00-04:00,11.82996940612793,11.82996940612793,11.82996940612793,11.82996940612793,0,0.0,0.0
2011-09-30 00:00:00-04:00,11.661352112270155,11.661352112270155,11.485993288804792,11.533205032348633,2600,0.0,0.0
2011-10-03 00:00:00-04:00,11.479241371154785,11.485986085491676,11.479241371154785,11.479241371154785,1900,0.0,0.0
2011-10-04 00:00:00-04:00,11.330866074182895,11.330866074182895,10.595709198900957,11.061083793640137,2200,0.0,0.0
2011-10-05 00:00:00-04:00,11.061083793640137,11.061083793640137,11.061083793640137,11.061083793640137,0,0.0,0.0
2011-10-06 00:00:00-04:00,11.12852954864502,11.12852954864502,11.12852954864502,11.12852954864502,500,0.0,0.0
2011-10-07 00:00:00-04:00,11.330861862161138,11.330861862161138,11.222948990058491,11.243183135986328,600,0.0,0.0
2011-10-10 00:00:00-04:00,11.411797728802112,11.411797728802112,10.959912071918405,11.101547241210938,1600,0.0,0.0
2011-10-11 00:00:00-04:00,11.263424485489429,11.297146797180176,11.263424485489429,11.297146797180176,1100,0.0,0.0
2011-10-12 00:00:00-04:00,11.424076867539585,11.430828840525633,11.099989891052246,11.099989891052246,400,0.018,0.0
2011-10-13 00:00:00-04:00,11.052724746046042,11.181008338928223,11.052724746046042,11.181008338928223,1600,0.0,0.0
2011-10-14 00:00:00-04:00,11.181008338928223,11.181008338928223,11.181008338928223,11.181008338928223,0,0.0,0.0
2011-10-17 00:00:00-04:00,11.113498441461193,11.343060493469238,11.086491823005579,11.343060493469238,800,0.0,0.0
2011-10-18 00:00:00-04:00,11.201267968767993,11.417325973510742,11.18776402151975,11.417325973510742,1400,0.0,0.0
2011-10-19 00:00:00-04:00,11.538852838672579,12.63939820293915,11.538852838672579,12.16677188873291,18100,0.0,0.0
2011-10-20 00:00:00-04:00,12.126264862133633,12.173528671264648,12.126264862133633,12.173528671264648,200,0.0,0.0
2011-10-21 00:00:00-04:00,12.08575689612713,12.234297752380371,12.08575689612713,12.234297752380371,1200,0.0,0.0
2011-10-24 00:00:00-04:00,12.234297752380371,12.234297752380371,12.234297752380371,12.234297752380371,0,0.0,0.0
2011-10-25 00:00:00-04:00,12.153272367780747,12.288309242545587,11.957469028152438,11.964221000671387,3700,0.0,0.0
2011-10-26 00:00:00-04:00,11.815687702755401,12.153278779976983,11.707658661069114,12.11952018737793,2200,0.0,0.0
2011-10-27 00:00:00-04:00,11.957472482935707,12.38283785987764,11.95072179627341,12.268056869506836,4700,0.0,0.0
2011-10-28 00:00:00-04:00,12.106012344360352,12.106012344360352,12.106012344360352,12.106012344360352,100,0.0,0.0
2011-10-31 00:00:00-04:00,11.775167465209961,11.775167465209961,11.775167465209961,11.775167465209961,100,0.0,0.0
2011-11-01 00:00:00-04:00,11.680648993506859,12.153276945395255,11.680648993506859,11.86970043182373,5000,0.0,0.0
2011-11-02 00:00:00-04:00,11.694146640177184,11.957467086625652,11.518599246609249,11.815679550170898,2300,0.0,0.0
2011-11-03 00:00:00-04:00,11.761672985284543,11.92371654510498,11.65364394540425,11.92371654510498,3300,0.0,0.0
2011-11-04 00:00:00-04:00,11.613132347665289,11.896708874158277,11.586124446186137,11.748167991638184,3500,0.0,0.0
2011-11-07 00:00:00-05:00,11.916956545896703,11.964219058048288,11.815679550170898,11.815679550170898,500,0.0,0.0
2011-11-08 00:00:00-05:00,11.815679550170898,11.815679550170898,11.815679550170898,11.815679550170898,0,0.0,0.0
2011-11-09 00:00:00-05:00,11.835286259708136,12.044819804643963,11.835286259708136,11.889359474182129,3200,0.019,0.0
2011-11-10 00:00:00-05:00,11.862318810862584,12.01778038582242,11.713617836125737,11.79472827911377,5200,0.0,0.0
2011-11-11 00:00:00-05:00,11.84880757432754,12.132692337036133,11.84880757432754,12.132692337036133,700,0.0,0.0
2011-11-14 00:00:00-05:00,11.89611746097671,12.071855710727863,11.89611746097671,12.004263877868652,1400,0.0,0.0
2011-11-15 00:00:00-05:00,12.004263877868654,12.004263877868654,12.004263877868654,12.004263877868652,0,0.0,0.0
2011-11-16 00:00:00-05:00,11.84879532713321,11.875831267956585,11.700093140383347,11.869071960449219,3500,0.0,0.0
2011-11-17 00:00:00-05:00,11.727137240894582,12.119168281555176,11.727137240894582,12.119168281555176,3200,0.0,0.0
2011-11-18 00:00:00-05:00,12.200278230694659,12.200278230694659,11.936671512432719,12.044817924499512,3800,0.0,0.0
2011-11-21 00:00:00-05:00,11.673066679477438,12.06509780883789,11.673066679477438,12.06509780883789,800,0.0,0.0
2011-11-22 00:00:00-05:00,12.06509780883789,12.06509780883789,12.06509780883789,12.06509780883789,0,0.0,0.0
2011-11-23 00:00:00-05:00,12.06509780883789,12.06509780883789,12.06509780883789,12.06509780883789,0,0.0,0.0
2011-11-25 00:00:00-05:00,12.05157546372222,12.098889350891113,12.05157546372222,12.098889350891113,600,0.0,0.0
2011-11-28 00:00:00-05:00,12.166487505865623,12.234079360961914,12.119173594060442,12.234079360961914,700,0.0,0.0
2011-11-29 00:00:00-05:00,12.038058235363652,12.038058235363652,12.017781589490856,12.024540901184082,2400,0.0,0.0
2011-11-30 00:00:00-05:00,11.896114682126093,12.403051376342773,11.896114682126093,12.403051376342773,14400,0.0,0.0
2011-12-01 00:00:00-05:00,12.240840911865236,12.240840911865236,12.240840911865236,12.240840911865234,200,0.0,0.0
2011-12-02 00:00:00-05:00,12.240840911865236,12.240840911865236,12.240840911865236,12.240840911865234,0,0.0,0.0
2011-12-05 00:00:00-05:00,12.504448528781753,12.504448528781753,12.112417221069336,12.112417221069336,600,0.0,0.0
2011-12-06 00:00:00-05:00,12.294908815592061,12.294908815592061,12.038060088536955,12.281390190124512,2000,0.0,0.0
2011-12-07 00:00:00-05:00,12.281390190124512,12.281390190124512,12.281390190124512,12.281390190124512,0,0.0,0.0
2011-12-08 00:00:00-05:00,12.45036578301251,12.45036578301251,12.098889350891113,12.098889350891113,800,0.0,0.0
2011-12-09 00:00:00-05:00,12.044818955871236,12.22055721282959,12.03805964338741,12.22055721282959,1700,0.0,0.0
2011-12-12 00:00:00-05:00,12.193491134821379,12.247624227813388,12.112290850015995,12.146124839782715,1000,0.02,0.0
2011-12-13 00:00:00-05:00,12.322059631347656,12.322059631347656,12.322059631347656,12.322059631347656,800,0.0,0.0
2011-12-14 00:00:00-05:00,12.166427787999345,12.166427787999345,11.936361747416186,12.105527877807617,2000,0.0,0.0
2011-12-15 00:00:00-05:00,11.97696050292377,12.152892112731934,11.97696050292377,12.152892112731934,3500,0.0,0.0
2011-12-16 00:00:00-05:00,12.0040267139623,12.085227012634277,12.0040267139623,12.085227012634277,800,0.0,0.0
2011-12-19 00:00:00-05:00,11.74012490938263,12.146123714527041,11.645391037447006,12.004023551940918,9600,0.0,0.0
2011-12-20 00:00:00-05:00,11.84839004227607,12.288221504697995,11.84839004227607,12.22732162475586,2900,0.0,0.0
2011-12-21 00:00:00-05:00,12.261161015185706,12.457393044371074,12.031094987426945,12.322059631347656,1900,0.0,0.0
2011-12-22 00:00:00-05:00,12.626549888554774,12.775415501000293,11.922820013517441,12.355884552001953,4200,0.0,0.0
2011-12-23 00:00:00-05:00,12.179960566674774,12.349126685656369,11.983727249151295,12.220560073852539,5400,0.0,0.0
2011-12-27 00:00:00-05:00,12.17996280351322,12.193496405269597,12.037863856977177,12.139363288879395,1900,0.0,0.0
2011-12-28 00:00:00-05:00,12.044630892845428,12.247631072998047,12.044630892845428,12.247631072998047,7200,0.0,0.0
2011-12-29 00:00:00-05:00,12.274686337761077,12.376186985076412,12.274686337761077,12.308520317077637,3500,0.0,0.0
2011-12-30 00:00:00-05:00,12.308520317077637,12.308520317077637,12.308520317077637,12.308520317077637,0,0.0,0.0
2012-01-03 00:00:00-05:00,12.078459726074678,12.254392623901367,12.078459726074678,12.254392623901367,900,0.0,0.0
2012-01-04 00:00:00-05:00,12.254392623901367,12.254392623901367,12.254392623901367,12.254392623901367,0,0.0,0.0
2012-01-05 00:00:00-05:00,12.213786125510993,12.613018035888672,12.213786125510993,12.613018035888672,6800,0.0,0.0
2012-01-06 00:00:00-05:00,12.646853737379697,12.646853737379697,12.396487425834353,12.497986793518066,5900,0.0,0.0
2012-01-09 00:00:00-05:00,12.410022112395882,12.47092199649851,12.355889025486283,12.450621604919434,2000,0.0,0.0
2012-01-10 00:00:00-05:00,12.68745101872362,12.68745101872362,12.220552459856997,12.619784355163574,5900,0.0,0.0
2012-01-11 00:00:00-05:00,12.668569012294174,12.668569012294174,12.458554379608893,12.46532917022705,2800,0.022,0.0
2012-01-12 00:00:00-05:00,12.241761127987791,12.478873531807269,12.241761127987791,12.329832077026367,1500,0.0,0.0
2012-01-13 00:00:00-05:00,12.58727135282765,12.58727135282765,12.566946983337402,12.566946983337402,600,0.0,0.0
2012-01-17 00:00:00-05:00,12.553396838101165,12.553396838101165,12.356931838580087,12.533072471618652,1500,0.0,0.0
2012-01-18 00:00:00-05:00,12.499198913574219,12.499198913574219,12.465324971892219,12.499198913574219,1900,0.0,0.0
2012-01-19 00:00:00-05:00,12.417902745696168,12.499198913574219,12.397578380686967,12.499198913574219,500,0.0,0.0
2012-01-20 00:00:00-05:00,12.499198913574219,12.499198913574219,12.499198913574219,12.499198913574219,0,0.0,0.0
2012-01-23 00:00:00-05:00,12.499198913574219,12.499198913574219,12.499198913574219,12.499198913574219,0,0.0,0.0
2012-01-24 00:00:00-05:00,12.411127957359769,12.499198913574219,12.411127957359769,12.499198913574219,400,0.0,0.0
2012-01-25 00:00:00-05:00,12.499199819639978,12.533072471618652,12.499199819639978,12.533072471618652,700,0.0,0.0
2012-01-26 00:00:00-05:00,12.533072471618652,12.533072471618652,12.533072471618652,12.533072471618652,0,0.0,0.0
2012-01-27 00:00:00-05:00,12.533072471618652,12.533072471618652,12.533072471618652,12.533072471618652,0,0.0,0.0
2012-01-30 00:00:00-05:00,12.533072471618652,12.533072471618652,12.533072471618652,12.533072471618652,0,0.0,0.0
2012-01-31 00:00:00-05:00,12.370478403833582,12.485647201538088,12.370478403833582,12.485647201538086,400,0.0,0.0
2012-02-01 00:00:00-05:00,12.600819067734847,12.600819067734847,12.533072471618652,12.533072471618652,900,0.0,0.0
2012-02-02 00:00:00-05:00,12.533072471618652,12.533072471618652,12.519522893963645,12.533072471618652,4700,0.0,0.0
2012-02-03 00:00:00-05:00,12.533072471618652,12.533072471618652,12.533072471618652,12.533072471618652,0,0.0,0.0
2012-02-06 00:00:00-05:00,12.865032759320217,12.865032759320217,12.790511354750723,12.804060935974121,1400,0.0,0.0
2012-02-07 00:00:00-05:00,12.804060935974121,12.804060935974121,12.804060935974121,12.804060935974121,100,0.0,0.0
2012-02-08 00:00:00-05:00,12.804060935974121,12.804060935974121,12.804060935974121,12.804060935974121,0,0.0,0.0
2012-02-09 00:00:00-05:00,12.770184516906738,12.770184516906738,12.770184516906738,12.770184516906738,500,0.0,0.0
2012-02-10 00:00:00-05:00,12.785104751586914,12.785104751586914,12.785104751586914,12.785104751586914,0,0.022,0.0
2012-02-13 00:00:00-05:00,12.785104751586914,12.785104751586914,12.785104751586914,12.785104751586914,0,0.0,0.0
2012-02-14 00:00:00-05:00,12.60876158980129,12.751194530546783,12.60876158980129,12.71728229522705,2500,0.0,0.0
2012-02-15 00:00:00-05:00,12.791890233337947,12.805454350700417,12.737629882881672,12.75119400024414,7100,0.0,0.0
2012-02-16 00:00:00-05:00,12.75119400024414,12.75119400024414,12.75119400024414,12.75119400024414,0,0.0,0.0
2012-02-17 00:00:00-05:00,12.608758926391602,12.608758926391602,12.608758926391602,12.608758926391602,900,0.0,0.0
2012-02-21 00:00:00-05:00,12.51380908207002,12.58163356781006,12.507026374762189,12.581633567810059,5000,0.0,0.0
2012-02-22 00:00:00-05:00,12.58163356781006,12.58163356781006,12.58163356781006,12.581633567810059,0,0.0,0.0
2012-02-23 00:00:00-05:00,12.58163356781006,12.58163356781006,12.58163356781006,12.581633567810059,0,0.0,0.0
2012-02-24 00:00:00-05:00,12.615543365478516,12.615543365478516,12.615543365478516,12.615543365478516,800,0.0,0.0
2012-02-27 00:00:00-05:00,12.486678299068783,12.486678299068783,12.479895591735838,12.47989559173584,1100,0.0,0.0
2012-02-28 00:00:00-05:00,12.717292463968423,12.778335571289062,12.696944330304914,12.778335571289062,2500,0.0,0.0
2012-02-29 00:00:00-05:00,12.547728564448844,12.778335571289062,12.547728564448844,12.778335571289062,800,0.0,0.0
2012-03-01 00:00:00-05:00,12.75119400024414,12.75119400024414,12.75119400024414,12.75119400024414,500,0.0,0.0
2012-03-02 00:00:00-05:00,12.75119400024414,12.75119400024414,12.75119400024414,12.75119400024414,0,0.0,0.0
2012-03-05 00:00:00-05:00,12.683370359369889,12.71728259549031,12.554501533508299,12.5545015335083,1400,0.0,0.0
2012-03-06 00:00:00-05:00,12.615543365478516,12.615543365478516,12.615543365478516,12.615543365478516,100,0.0,0.0
2012-03-07 00:00:00-05:00,12.601977695166783,12.601977695166783,12.588412284851074,12.588412284851074,700,0.0,0.0
2012-03-08 00:00:00-05:00,12.588412284851074,12.588412284851074,12.588412284851074,12.588412284851074,100,0.0,0.0
2012-03-09 00:00:00-05:00,12.690147399902346,12.690147399902346,12.690147399902346,12.690147399902344,200,0.0,0.0
2012-03-12 00:00:00-04:00,12.514279689949841,12.514279689949841,12.500699043273926,12.500699043273926,600,0.021,0.0
2012-03-13 00:00:00-04:00,12.500699043273926,12.500699043273926,12.500699043273926,12.500699043273926,0,0.0,0.0
2012-03-14 00:00:00-04:00,12.500699043273926,12.500699043273926,12.500699043273926,12.500699043273926,800,0.0,0.0
2012-03-15 00:00:00-04:00,12.500699043273926,12.500699043273926,12.500699043273926,12.500699043273926,0,0.0,0.0
2012-03-16 00:00:00-04:00,12.765531809383663,12.792693138122557,12.765531809383663,12.792693138122559,1200,0.0,0.0
2012-03-19 00:00:00-04:00,12.813064134676729,12.819853171738014,12.792693138122557,12.792693138122559,2500,0.0,0.0
2012-03-20 00:00:00-04:00,12.792693138122557,12.792693138122557,12.792693138122557,12.792693138122559,0,0.0,0.0
2012-03-21 00:00:00-04:00,12.792693138122557,12.792693138122557,12.792693138122557,12.792693138122559,0,0.0,0.0
2012-03-22 00:00:00-04:00,12.629709231822318,12.711190499927222,12.575387954711914,12.575387954711914,1600,0.0,0.0
2012-03-23 00:00:00-04:00,12.616128588764365,12.697611151990674,12.575387954711914,12.575387954711914,1700,0.0,0.0
2012-03-26 00:00:00-04:00,12.731567829906577,12.806260108947752,12.731567829906577,12.806260108947754,1600,0.0,0.0
2012-03-27 00:00:00-04:00,12.731571197509766,12.731571197509766,12.731571197509766,12.731571197509766,800,0.0,0.0
2012-03-28 00:00:00-04:00,12.588973208031529,12.765516451951944,12.57539256000015,12.704404830932617,4700,0.0,0.0
2012-03-29 00:00:00-04:00,12.697622063506723,12.819844070693774,12.697622063506723,12.813055038452148,1300,0.0,0.0
2012-03-30 00:00:00-04:00,12.643299296768157,12.643299296768157,12.58218765258789,12.58218765258789,1000,0.0,0.0
2012-04-02 00:00:00-04:00,12.609346848393079,12.677248814771401,12.582186838915122,12.629717826843262,700,0.0,0.0
2012-04-03 00:00:00-04:00,12.575393191417684,12.731566766254472,12.235884744317564,12.663664817810059,3100,0.0,0.0
2012-04-04 00:00:00-04:00,12.71799476259385,12.819847106933594,12.71799476259385,12.819847106933594,500,0.0,0.0
2012-04-05 00:00:00-04:00,12.758736736428007,12.819847106933594,12.697625070799596,12.819847106933594,1200,0.0,0.0
2012-04-09 00:00:00-04:00,12.636511595989656,12.83342592750437,12.568609611110478,12.697623252868652,2000,0.0,0.0
2012-04-10 00:00:00-04:00,12.697623252868652,12.697623252868652,12.697623252868652,12.697623252868652,0,0.0,0.0
2012-04-11 00:00:00-04:00,12.745211374648932,12.745211374648932,12.602465629577637,12.602465629577637,800,0.02,0.0
2012-04-12 00:00:00-04:00,12.602465629577637,12.602465629577637,12.602465629577637,12.602465629577637,0,0.0,0.0
2012-04-13 00:00:00-04:00,12.602465629577637,12.602465629577637,12.602465629577637,12.602465629577637,0,0.0,0.0
2012-04-16 00:00:00-04:00,12.602465629577637,12.602465629577637,12.602465629577637,12.602465629577637,0,0.0,0.0
2012-04-17 00:00:00-04:00,12.602465629577637,12.602465629577637,12.602465629577637,12.602465629577637,0,0.0,0.0
2012-04-18 00:00:00-04:00,12.41892846776469,12.507294654846191,12.41892846776469,12.507294654846191,1200,0.0,0.0
2012-04-19 00:00:00-04:00,12.514081954956055,12.514081954956055,12.514081954956055,12.514081954956055,100,0.0,0.0
2012-04-20 00:00:00-04:00,12.527689742962794,12.527689742962794,12.520892143249512,12.520892143249512,700,0.0,0.0
2012-04-23 00:00:00-04:00,12.520892143249512,12.520892143249512,12.520892143249512,12.520892143249512,0,0.0,0.0
2012-04-24 00:00:00-04:00,12.772387511855039,12.826766967773438,12.772387511855039,12.826766967773438,1500,0.0,0.0
2012-04-25 00:00:00-04:00,12.602452071893426,12.602452071893426,12.466502778213744,12.486895561218262,1800,0.0,0.0
2012-04-26 00:00:00-04:00,12.486895561218262,12.486895561218262,12.486895561218262,12.486895561218262,0,0.0,0.0
2012-04-27 00:00:00-04:00,12.49369185904455,12.49369185904455,12.486895561218262,12.486895561218262,1100,0.0,0.0
2012-04-30 00:00:00-04:00,12.486895561218262,12.486895561218262,12.486895561218262,12.486895561218262,0,0.0,0.0
2012-05-01 00:00:00-04:00,12.493696242185031,12.636443180279198,12.473304748535156,12.473304748535156,3600,0.0,0.0
2012-05-02 00:00:00-04:00,12.548074730566,12.636442184448242,12.500492853787364,12.636442184448242,3200,0.0,0.0
2012-05-03 00:00:00-04:00,12.636442184448242,12.636442184448242,12.636442184448242,12.636442184448242,0,0.0,0.0
2012-05-04 00:00:00-04:00,12.636442184448242,12.636442184448242,12.636442184448242,12.636442184448242,0,0.0,0.0
2012-05-07 00:00:00-04:00,12.636442184448242,12.636442184448242,12.636442184448242,12.636442184448242,0,0.0,0.0
2012-05-08 00:00:00-04:00,12.582062915485638,12.636442389329893,12.582062915485638,12.588860511779785,700,0.0,0.0
2012-05-09 00:00:00-04:00,12.58885784814336,12.704414367675781,12.58885784814336,12.704414367675781,600,0.0,0.0
2012-05-10 00:00:00-04:00,12.520694732666016,12.520694732666016,12.520694732666016,12.520694732666016,200,0.02,0.0
2012-05-11 00:00:00-04:00,12.520694732666016,12.520694732666016,12.520694732666016,12.520694732666016,0,0.0,0.0
2012-05-14 00:00:00-04:00,12.520694732666016,12.520694732666016,12.520694732666016,12.520694732666016,0,0.0,0.0
2012-05-15 00:00:00-04:00,12.520694732666016,12.520694732666016,12.520694732666016,12.520694732666016,0,0.0,0.0
2012-05-16 00:00:00-04:00,12.588738441467285,12.588738441467285,12.588738441467285,12.588738441467285,1800,0.0,0.0
2012-05-17 00:00:00-04:00,12.588738441467285,12.588738441467285,12.588738441467285,12.588738441467285,0,0.0,0.0
2012-05-18 00:00:00-04:00,12.779266848321164,12.779266848321164,12.718024253845215,12.718024253845215,2000,0.0,0.0
2012-05-21 00:00:00-04:00,12.718024253845215,12.718024253845215,12.718024253845215,12.718024253845215,0,0.0,0.0
2012-05-22 00:00:00-04:00,12.711224555969238,12.711224555969238,12.711224555969238,12.711224555969238,700,0.0,0.0
2012-05-23 00:00:00-04:00,12.711224555969238,12.711224555969238,12.711224555969238,12.711224555969238,0,0.0,0.0
2012-05-24 00:00:00-04:00,12.792878150939941,12.792878150939941,12.792878150939941,12.792878150939941,300,0.0,0.0
2012-05-25 00:00:00-04:00,12.602356010412233,12.847325325012207,12.595551126965178,12.847325325012207,1800,0.0,0.0
2012-05-29 00:00:00-04:00,12.847325325012207,12.847325325012207,12.847325325012207,12.847325325012207,0,0.0,0.0
2012-05-30 00:00:00-04:00,12.799688578544009,12.799688578544009,12.75886058807373,12.75886058807373,900,0.0,0.0
2012-05-31 00:00:00-04:00,12.772470766675125,12.772470766675125,12.752056121826172,12.752056121826172,200,0.0,0.0
2012-06-01 00:00:00-04:00,12.752050178170173,12.792878150939941,12.724831962289612,12.792878150939941,1700,0.0,0.0
2012-06-04 00:00:00-04:00,12.792878150939941,12.792878150939941,12.792878150939941,12.792878150939941,0,0.0,0.0
2012-06-05 00:00:00-04:00,12.792878150939941,12.792878150939941,12.792878150939941,12.792878150939941,0,0.0,0.0
2012-06-06 00:00:00-04:00,12.792878150939941,12.792878150939941,12.792878150939941,12.792878150939941,0,0.0,0.0
2012-06-07 00:00:00-04:00,12.615957958385824,12.615957958385824,12.588738441467285,12.588738441467285,900,0.0,0.0
2012-06-08 00:00:00-04:00,12.75886058807373,12.75886058807373,12.75886058807373,12.75886058807373,100,0.0,0.0
2012-06-11 00:00:00-04:00,12.75886058807373,12.75886058807373,12.75886058807373,12.75886058807373,0,0.0,0.0
2012-06-12 00:00:00-04:00,12.608987746092927,12.72479157387898,12.581739175186387,12.717979431152344,1300,0.02,0.0
2012-06-13 00:00:00-04:00,12.649864894911879,12.73160934448242,12.649864894911879,12.731609344482422,1600,0.0,0.0
2012-06-14 00:00:00-04:00,12.629430762018545,12.677114486694336,12.629430762018545,12.677114486694336,800,0.0,0.0
2012-06-15 00:00:00-04:00,12.63624060343613,12.73160934448242,12.63624060343613,12.731609344482422,800,0.0,0.0
2012-06-18 00:00:00-04:00,12.656676193140168,12.71117205611009,12.656676193140168,12.670300483703613,900,0.0,0.0
2012-06-19 00:00:00-04:00,12.649864894911879,12.73160934448242,12.649864894911879,12.731609344482422,800,0.0,0.0
2012-06-20 00:00:00-04:00,12.73160934448242,12.73160934448242,12.73160934448242,12.731609344482422,0,0.0,0.0
2012-06-21 00:00:00-04:00,12.73160934448242,12.73160934448242,12.73160934448242,12.731609344482422,0,0.0,0.0
2012-06-22 00:00:00-04:00,12.63624055374219,12.738421440124512,12.63624055374219,12.738421440124512,900,0.0,0.0
2012-06-25 00:00:00-04:00,12.656673487904113,12.697545051574705,12.656673487904113,12.697545051574707,400,0.0,0.0
2012-06-26 00:00:00-04:00,12.779294943513666,12.935970420659242,12.66349104751821,12.874662399291992,2400,0.0,0.0
2012-06-27 00:00:00-04:00,12.874660542057626,12.874660542057626,12.786105245792887,12.86784839630127,800,0.0,0.0
2012-06-28 00:00:00-04:00,12.847408355200088,12.922339331355271,12.799724652387665,12.888279914855957,1700,0.0,0.0
2012-06-29 00:00:00-04:00,12.77929859751125,12.895102526618638,12.77929859751125,12.847418785095215,800,0.0,0.0
2012-07-02 00:00:00-04:00,13.010896682739258,13.010896682739258,13.010896682739258,13.010896682739258,800,0.0,0.0
2012-07-03 00:00:00-04:00,12.840600059449988,12.976839065551758,12.840600059449988,12.976839065551758,400,0.0,0.0
2012-07-05 00:00:00-04:00,12.976839065551758,12.976839065551758,12.976839065551758,12.976839065551758,0,0.0,0.0
2012-07-06 00:00:00-04:00,12.976839065551758,12.976839065551758,12.976839065551758,12.976839065551758,0,0.0,0.0
2012-07-09 00:00:00-04:00,12.990467782642968,13.14033242949253,12.990467782642968,13.113083839416504,5800,0.0,0.0
2012-07-10 00:00:00-04:00,13.113079770439217,13.242507934570312,13.113079770439217,13.242507934570312,2700,0.0,0.0
2012-07-11 00:00:00-04:00,13.25615406036377,13.25615406036377,13.25615406036377,13.25615406036377,0,0.02,0.0
2012-07-12 00:00:00-04:00,12.990203160201618,12.990203160201618,12.96292781829834,12.96292781829834,300,0.0,0.0
2012-07-13 00:00:00-04:00,12.96292781829834,12.96292781829834,12.96292781829834,12.96292781829834,0,0.0,0.0
2012-07-16 00:00:00-04:00,13.133408799870898,13.133408799870898,13.017485618591309,13.017485618591309,400,0.0,0.0
2012-07-17 00:00:00-04:00,13.133404731750488,13.133404731750488,13.133404731750488,13.133404731750488,100,0.0,0.0
2012-07-18 00:00:00-04:00,13.03111409529801,13.03111409529801,12.819724082946777,12.819724082946777,2800,0.0,0.0
2012-07-19 00:00:00-04:00,13.044764064551204,13.044764064551204,12.847013473510742,12.847013473510742,300,0.0,0.0
2012-07-20 00:00:00-04:00,12.765180222207828,13.024303208161252,12.758361059354073,12.860647201538086,7800,0.0,0.0
2012-07-23 00:00:00-04:00,12.860647201538086,12.860647201538086,12.860647201538086,12.860647201538086,0,0.0,0.0
2012-07-24 00:00:00-04:00,12.642439723236295,12.77881908416748,12.63562056009638,12.77881908416748,4200,0.0,0.0
2012-07-25 00:00:00-04:00,12.656074523925781,12.717445680773451,12.635618338724658,12.656074523925781,2600,0.0,0.0
2012-07-26 00:00:00-04:00,12.649261587592441,12.819736818156343,12.533338378784077,12.758365631103516,5000,0.0,0.0
2012-07-27 00:00:00-04:00,12.942471050160634,12.942471050160634,12.669711112976074,12.669711112976074,300,0.0,0.0
2012-07-30 00:00:00-04:00,12.669711112976074,12.669711112976074,12.669711112976074,12.669711112976074,0,0.0,0.0
2012-07-31 00:00:00-04:00,12.608343856488274,12.628801345825195,12.608343856488274,12.628801345825195,500,0.0,0.0
2012-08-01 00:00:00-04:00,12.628801345825195,12.628801345825195,12.628801345825195,12.628801345825195,0,0.0,0.0
2012-08-02 00:00:00-04:00,12.669711112976074,12.669711112976074,12.669711112976074,12.669711112976074,200,0.0,0.0
2012-08-03 00:00:00-04:00,12.724266633654377,12.765180310437373,12.512877786216183,12.6356201171875,2700,0.0,0.0
2012-08-06 00:00:00-04:00,12.683352234084781,12.683352234084781,12.499238748119884,12.519696235656738,900,0.0,0.0
2012-08-07 00:00:00-04:00,12.601517540323135,12.683346150599721,12.581061363220215,12.581061363220215,800,0.0,0.0
2012-08-08 00:00:00-04:00,12.594707264620878,12.690174260717106,12.594707264620878,12.615164756774902,1300,0.0,0.0
2012-08-09 00:00:00-04:00,12.574242203978697,12.581061363220215,12.574242203978697,12.581061363220215,200,0.0,0.0
2012-08-10 00:00:00-04:00,12.594721653480102,12.601546914808308,12.560588836669922,12.560588836669922,800,0.02,0.0
2012-08-13 00:00:00-04:00,12.560588836669922,12.560588836669922,12.560588836669922,12.560588836669922,300,0.0,0.0
2012-08-14 00:00:00-04:00,12.560588836669922,12.560588836669922,12.560588836669922,12.560588836669922,400,0.0,0.0
2012-08-15 00:00:00-04:00,12.560588836669922,12.560588836669922,12.560588836669922,12.560588836669922,0,0.0,0.0
2012-08-16 00:00:00-04:00,12.49914566322146,12.533278465270996,12.49914566322146,12.533278465270996,500,0.0,0.0
2012-08-17 00:00:00-04:00,12.533278465270996,12.533278465270996,12.533278465270996,12.533278465270996,0,0.0,0.0
2012-08-20 00:00:00-04:00,12.628852844238281,12.628852844238281,12.628852844238281,12.628852844238281,200,0.0,0.0
2012-08-21 00:00:00-04:00,12.49915074775502,12.628852844238281,12.49915074775502,12.628852844238281,900,0.0,0.0
2012-08-22 00:00:00-04:00,12.628852844238281,12.628852844238281,12.628852844238281,12.628852844238281,100,0.0,0.0
2012-08-23 00:00:00-04:00,12.758560015518702,12.765386581420898,12.758560015518702,12.765386581420898,500,0.0,0.0
2012-08-24 00:00:00-04:00,12.744903559568339,12.799514770507812,12.676639220385502,12.799514770507812,1000,0.0,0.0
2012-08-27 00:00:00-04:00,12.799503840771283,12.833635330200195,12.799503840771283,12.833635330200195,600,0.0,0.0
2012-08-28 00:00:00-04:00,12.779027807920215,12.779027807920215,12.478666969650865,12.505971908569336,2200,0.0,0.0
2012-08-29 00:00:00-04:00,12.526457000502567,12.628852844238281,12.526457000502567,12.628852844238281,4800,0.0,0.0
2012-08-30 00:00:00-04:00,12.526452064514158,12.526452064514158,12.526452064514158,12.52645206451416,200,0.0,0.0
2012-08-31 00:00:00-04:00,12.54010932870728,12.54010932870728,12.512803077697754,12.512803077697754,1600,0.0,0.0
2012-09-04 00:00:00-04:00,12.526456537148485,12.608372688293457,12.383101319594164,12.608372688293457,5200,0.0,0.0
2012-09-05 00:00:00-04:00,12.308011403261172,12.553761152178328,12.308011403261172,12.512803077697754,1100,0.0,0.0
2012-09-06 00:00:00-04:00,12.594716367450012,12.594716367450012,12.526452064514158,12.52645206451416,1100,0.0,0.0
2012-09-07 00:00:00-04:00,12.526452064514158,12.526452064514158,12.526452064514158,12.52645206451416,0,0.0,0.0
2012-09-10 00:00:00-04:00,12.553762738155491,12.581068992614746,12.553762738155491,12.581068992614746,200,0.0,0.0
2012-09-11 00:00:00-04:00,12.560589300945294,12.690291405550479,12.560589300945294,12.635680198669434,2000,0.0,0.0
2012-09-12 00:00:00-04:00,12.648661868008938,12.675994873046875,12.436826191321568,12.675994873046875,700,0.019,0.0
2012-09-13 00:00:00-04:00,12.648661868008938,12.675994873046875,12.648661868008938,12.675994873046875,3200,0.0,0.0
2012-09-14 00:00:00-04:00,12.71699256919863,12.71699256919863,12.395821057367982,12.587157249450684,4100,0.0,0.0
2012-09-17 00:00:00-04:00,12.634989472581552,12.634989472581552,12.361653018729287,12.607656478881836,2600,0.0,0.0
2012-09-18 00:00:00-04:00,12.662326980948851,12.716994285583496,12.655493404948102,12.716994285583496,2600,0.0,0.0
2012-09-19 00:00:00-04:00,12.778495999478473,12.819496154785156,12.778495999478473,12.819496154785156,800,0.0,0.0
2012-09-20 00:00:00-04:00,12.86049747467041,12.86049747467041,12.86049747467041,12.86049747467041,100,0.0,0.0
2012-09-21 00:00:00-04:00,12.89466747341657,12.90149974822998,12.89466747341657,12.90149974822998,200,0.0,0.0
2012-09-24 00:00:00-04:00,12.484655589629828,12.894660949707031,12.477822014901912,12.894660949707031,900,0.0,0.0
2012-09-25 00:00:00-04:00,12.894660949707031,12.894660949707031,12.894660949707031,12.894660949707031,200,0.0,0.0
2012-09-26 00:00:00-04:00,12.90149974822998,12.90149974822998,12.90149974822998,12.90149974822998,400,0.0,0.0
2012-09-27 00:00:00-04:00,12.90149974822998,12.90149974822998,12.90149974822998,12.90149974822998,200,0.0,0.0
2012-09-28 00:00:00-04:00,12.539326667785645,12.539326667785645,12.539326667785645,12.539326667785645,100,0.0,0.0
2012-10-01 00:00:00-04:00,12.546165075992425,12.812668156570039,12.539331496570947,12.7648344039917,4200,0.0,0.0
2012-10-02 00:00:00-04:00,12.7648344039917,12.7648344039917,12.7648344039917,12.7648344039917,0,0.0,0.0
2012-10-03 00:00:00-04:00,12.874166738861026,12.90149974822998,12.778499251012033,12.90149974822998,2100,0.0,0.0
2012-10-04 00:00:00-04:00,12.90149974822998,12.90149974822998,12.90149974822998,12.90149974822998,500,0.0,0.0
2012-10-05 00:00:00-04:00,12.86049083940065,12.867324412940087,12.846823692321777,12.846823692321777,600,0.0,0.0
2012-10-08 00:00:00-04:00,12.846823692321777,12.846823692321777,12.846823692321777,12.846823692321777,0,0.0,0.0
2012-10-09 00:00:00-04:00,12.846823692321777,12.846823692321777,12.846823692321777,12.846823692321777,600,0.0,0.0
2012-10-10 00:00:00-04:00,12.859819412231445,12.859819412231445,12.859819412231445,12.859819412231445,0,0.019,0.0
2012-10-11 00:00:00-04:00,12.859819412231445,12.859819412231445,12.859819412231445,12.859819412231445,0,0.0,0.0
2012-10-12 00:00:00-04:00,12.859831007103212,12.91455364227295,12.859831007103212,12.91455364227295,600,0.0,0.0
2012-10-15 00:00:00-04:00,12.914545462366386,12.97610855102539,12.914545462366386,12.97610855102539,2800,0.0,0.0
2012-10-16 00:00:00-04:00,13.08555556253969,13.229203224182129,12.91454724920196,13.229203224182129,4900,0.0,0.0
2012-10-17 00:00:00-04:00,13.229201309586722,13.229201309586722,13.003470420837402,13.003470420837402,1600,0.0,0.0
2012-10-18 00:00:00-04:00,13.229205347208284,13.236045837402344,12.982952918982534,13.236045837402344,3400,0.0,0.0
2012-10-19 00:00:00-04:00,13.201843263296913,13.201843263296913,13.133440971374512,13.133440971374512,1500,0.0,0.0
2012-10-22 00:00:00-04:00,13.133437169092689,13.133437169092689,12.97610855102539,12.97610855102539,3300,0.0,0.0
2012-10-23 00:00:00-04:00,13.126598303850761,13.386530362233508,12.88718640776489,12.996631622314453,6500,0.0,0.0
2012-10-24 00:00:00-04:00,13.29076832871138,13.29076832871138,13.160801625632198,13.20184326171875,5200,0.0,0.0
2012-10-25 00:00:00-04:00,13.256568968454257,13.338653564453125,13.201846339351809,13.338653564453125,4200,0.0,0.0
2012-10-26 00:00:00-04:00,13.23603889943558,13.338643589183727,13.09923177664511,13.324962615966797,5200,0.0,0.0
2012-10-31 00:00:00-04:00,13.495976923424783,13.495976923424783,13.33180908521961,13.461775779724121,11700,0.0,0.0
2012-11-01 00:00:00-04:00,13.461775779724121,13.461775779724121,13.461775779724121,13.461775779724121,0,0.0,0.0
2012-11-02 00:00:00-04:00,13.030844732871037,13.448105812072754,13.030844732871037,13.448105812072754,1200,0.0,0.0
2012-11-05 00:00:00-05:00,13.448093955650322,13.448093955650322,13.03083324432373,13.03083324432373,3300,0.0,0.0
2012-11-06 00:00:00-05:00,13.003472035426809,13.12659822724902,12.996631546471145,13.092395782470703,1500,0.0,0.0
2012-11-07 00:00:00-05:00,13.051355794050544,13.304448698465734,13.051355794050544,13.06503677368164,900,0.0,0.0
2012-11-08 00:00:00-05:00,13.06503677368164,13.06503677368164,13.06503677368164,13.06503677368164,0,0.0,0.0
2012-11-09 00:00:00-05:00,13.008893013000488,13.008893013000488,13.008893013000488,13.008893013000488,100,0.018,0.0
2012-11-12 00:00:00-05:00,13.378620147705078,13.378620147705078,13.378620147705078,13.378620147705078,500,0.0,0.0
2012-11-13 00:00:00-05:00,13.378620147705078,13.378620147705078,13.378620147705078,13.378620147705078,0,0.0,0.0
2012-11-14 00:00:00-05:00,13.002051252560163,13.317004203796387,13.002051252560163,13.317004203796387,800,0.0,0.0
2012-11-15 00:00:00-05:00,13.317004203796387,13.317004203796387,13.317004203796387,13.317004203796387,0,0.0,0.0
2012-11-16 00:00:00-05:00,13.008893013000488,13.008893013000488,13.008893013000488,13.008893013000488,100,0.0,0.0
2012-11-19 00:00:00-05:00,12.913029869996274,12.913029869996274,12.871948242187502,12.8719482421875,500,0.0,0.0
2012-11-20 00:00:00-05:00,12.94042574978653,12.94042574978653,12.871957626110452,12.899345397949219,900,0.0,0.0
2012-11-21 00:00:00-05:00,12.899335994060015,12.940416315948902,12.871948242187502,12.8719482421875,1100,0.0,0.0
2012-11-23 00:00:00-05:00,12.871948242187502,12.871948242187502,12.871948242187502,12.8719482421875,0,0.0,0.0
2012-11-26 00:00:00-05:00,13.227987350420177,13.282761573791504,13.227987350420177,13.282761573791504,700,0.0,0.0
2012-11-27 00:00:00-05:00,13.255378723144531,13.255378723144531,13.255378723144531,13.255378723144531,200,0.0,0.0
2012-11-28 00:00:00-05:00,13.255378723144531,13.255378723144531,13.255378723144531,13.255378723144531,0,0.0,0.0
2012-11-29 00:00:00-05:00,13.255378723144531,13.255378723144531,13.255378723144531,13.255378723144531,0,0.0,0.0
2012-11-30 00:00:00-05:00,13.070520401000977,13.070520401000977,13.070520401000977,13.070520401000977,100,0.0,0.0
2012-12-03 00:00:00-05:00,13.070520401000977,13.070520401000977,13.070520401000977,13.070520401000977,0,0.0,0.0
2012-12-04 00:00:00-05:00,12.858267932225827,13.214299904597384,12.858267932225827,12.954122543334961,4100,0.0,0.0
2012-12-05 00:00:00-05:00,12.878809488289752,13.049979209899902,12.878809488289752,13.049979209899902,400,0.0,0.0
2012-12-06 00:00:00-05:00,12.892497602226285,13.008893013000488,12.892497602226285,13.008893013000488,200,0.0,0.0
2012-12-07 00:00:00-05:00,13.008893013000488,13.008893013000488,13.008893013000488,13.008893013000488,0,0.0,0.0
2012-12-10 00:00:00-05:00,13.070510612422572,13.316995251525144,13.070510612422572,13.296454429626465,1000,0.0,0.0
2012-12-11 00:00:00-05:00,13.145828738786784,13.207449913024902,13.145828738786784,13.207449913024902,400,0.0,0.0
2012-12-12 00:00:00-05:00,13.15742588043213,13.15742588043213,13.15742588043213,13.157425880432129,0,0.017,0.0
2012-12-13 00:00:00-05:00,13.102598190307615,13.102598190307615,13.102598190307615,13.102598190307617,200,0.0,0.0
2012-12-14 00:00:00-05:00,12.903870926627901,12.903870926627901,12.835342407226562,12.835342407226562,2400,0.0,0.0
2012-12-17 00:00:00-05:00,12.835340957951589,12.862752885446081,12.75996077148702,12.773665428161621,1400,0.0,0.0
2012-12-18 00:00:00-05:00,12.883316052356053,12.883316052356053,12.814788818359375,12.814788818359375,300,0.0,0.0
2012-12-19 00:00:00-05:00,12.773666739991222,12.773666739991222,12.75996208190918,12.75996208190918,700,0.0,0.0
2012-12-20 00:00:00-05:00,12.75996208190918,12.75996208190918,12.75996208190918,12.75996208190918,0,0.0,0.0
2012-12-21 00:00:00-05:00,12.636601448059082,12.636601448059082,12.636601448059082,12.636601448059082,800,0.0,0.0
2012-12-24 00:00:00-05:00,12.636601448059082,12.636601448059082,12.636601448059082,12.636601448059082,0,0.0,0.0
2012-12-26 00:00:00-05:00,12.636601583532094,12.643454560997604,12.526956558227539,12.526956558227539,1700,0.0,0.0
2012-12-27 00:00:00-05:00,12.568073115948796,12.568073115948796,12.52010358076203,12.526956558227539,2200,0.0,0.0
2012-12-28 00:00:00-05:00,12.506404876708984,12.506404876708984,12.506404876708984,12.506404876708984,700,0.0,0.0
2012-12-31 00:00:00-05:00,12.588634015791323,12.636603558475128,12.526958516034426,12.59548568725586,7000,0.0,0.0
2013-01-02 00:00:00-05:00,12.82163616282405,12.82163616282405,12.574935328251442,12.62975788116455,1200,0.0,0.0
2013-01-03 00:00:00-05:00,12.609192200493332,12.636604115848593,12.540663719177246,12.540663719177246,1700,0.0,0.0
2013-01-04 00:00:00-05:00,12.540667656521789,12.629755102324758,12.540667656521789,12.547520637512207,8400,0.0,0.0
2013-01-07 00:00:00-05:00,12.54752493463691,12.616053460937444,12.54752493463691,12.609200477600098,7500,0.0,0.0
2013-01-08 00:00:00-05:00,12.609200477600098,12.609200477600098,12.609200477600098,12.609200477600098,1500,0.0,0.0
2013-01-09 00:00:00-05:00,12.643462647609233,12.787371345211865,12.609197738366246,12.616050720214844,4900,0.0,0.0
2013-01-10 00:00:00-05:00,12.75117972534558,12.75117972534558,12.7237424548302,12.73746109008789,1200,0.017,0.0
2013-01-11 00:00:00-05:00,12.662004470825195,12.662004470825195,12.662004470825195,12.662004470825195,200,0.0,0.0
2013-01-14 00:00:00-05:00,12.785468826803939,12.847201347351074,12.723736306256802,12.847201347351074,4100,0.0,0.0
2013-01-15 00:00:00-05:00,12.6825833365028,12.812907708433285,12.6825833365028,12.806048393249512,1900,0.0,0.0
2013-01-16 00:00:00-05:00,12.83348631211266,12.83348631211266,12.716881860963625,12.778613090515137,2600,0.0,0.0
2013-01-17 00:00:00-05:00,12.799189340998922,13.011822882941603,12.730597496032715,12.730597496032715,4000,0.0,0.0
2013-01-18 00:00:00-05:00,12.785470008850098,13.004962854074563,12.771752687233985,12.785470008850098,4400,0.0,0.0
2013-01-22 00:00:00-05:00,12.792334322837586,12.943236694110048,12.73746109008789,12.73746109008789,5300,0.0,0.0
2013-01-23 00:00:00-05:00,12.76489454807696,12.867781665217926,12.73745728575634,12.854063034057617,6000,0.0,0.0
2013-01-24 00:00:00-05:00,12.744318436691202,13.01182524143846,12.744318436691202,12.881502151489258,1400,0.0,0.0
2013-01-25 00:00:00-05:00,12.88836129896761,13.121571517815307,12.88836129896761,13.018684387207031,5000,0.0,0.0
2013-01-28 00:00:00-05:00,13.100993156433105,13.100993156433105,13.018682677785774,13.100993156433105,4500,0.0,0.0
2013-01-29 00:00:00-05:00,13.100993156433105,13.100993156433105,13.100993156433105,13.100993156433105,0,0.0,0.0
2013-01-30 00:00:00-05:00,13.100992018224636,13.135287284851072,13.06669544331764,13.135287284851074,2700,0.0,0.0
2013-01-31 00:00:00-05:00,13.128430610400487,13.183303833007814,13.128430610400487,13.183303833007812,1500,0.0,0.0
2013-02-01 00:00:00-05:00,13.245030731887114,13.299903931127963,13.046115875244142,13.04611587524414,700,0.0,0.0
2013-02-04 00:00:00-05:00,13.087270867263804,13.354777558605827,13.087270867263804,13.293045043945312,1900,0.0,0.0
2013-02-05 00:00:00-05:00,13.368496141208045,13.368496141208045,13.286186994122891,13.32048225402832,2400,0.0,0.0
2013-02-06 00:00:00-05:00,13.3410662240268,13.375361499430932,13.306769640341773,13.34792423248291,5200,0.0,0.0
2013-02-07 00:00:00-05:00,13.491961681051214,13.526256942255392,13.443947792053223,13.443947792053223,4800,0.0,0.0
2013-02-08 00:00:00-05:00,13.526259886270308,13.539978517050006,13.382218187925401,13.533119201660156,2300,0.0,0.0
2013-02-11 00:00:00-05:00,13.4851126668481,13.581140518188477,13.47139402857623,13.581140518188477,4500,0.0,0.0
2013-02-12 00:00:00-05:00,13.654589653015137,13.654589653015137,13.654589653015137,13.654589653015137,1600,0.017,0.0
2013-02-13 00:00:00-05:00,13.654600264482328,13.654600264482328,13.620275497436525,13.620275497436523,2200,0.0,0.0
2013-02-14 00:00:00-05:00,13.682050095498012,13.682050095498012,13.572209358215332,13.572209358215332,400,0.0,0.0
2013-02-15 00:00:00-05:00,13.68891408364279,13.68891408364279,13.661453247070312,13.661453247070312,2500,0.0,0.0
2013-02-19 00:00:00-05:00,13.709508071025233,13.709508071025233,13.551612192755853,13.558477401733398,1500,0.0,0.0
2013-02-20 00:00:00-05:00,13.558477401733398,13.558477401733398,13.558477401733398,13.558477401733398,0,0.0,0.0
2013-02-21 00:00:00-05:00,13.709511646466835,13.709511646466835,13.613401314525062,13.647726058959961,1000,0.0,0.0
2013-02-22 00:00:00-05:00,13.647726058959961,13.647726058959961,13.647726058959961,13.647726058959961,0,0.0,0.0
2013-02-25 00:00:00-05:00,13.647726058959961,13.647726058959961,13.647726058959961,13.647726058959961,0,0.0,0.0
2013-02-26 00:00:00-05:00,13.496697341037564,13.517292976379395,13.489832129256955,13.517292976379395,700,0.0,0.0
2013-02-27 00:00:00-05:00,13.695788919286477,13.695788919286477,13.263289605108007,13.469242095947266,2100,0.0,0.0
2013-02-28 00:00:00-05:00,13.544750516250193,13.661456480495948,13.41431543987352,13.647726058959961,1100,0.0,0.0
2013-03-01 00:00:00-05:00,13.386857032775879,13.386857032775879,13.386857032775879,13.386857032775879,100,0.0,0.0
2013-03-04 00:00:00-05:00,13.263284683227539,13.400586292835706,13.263284683227539,13.263284683227539,500,0.0,0.0
2013-03-05 00:00:00-05:00,13.283878570144688,13.283878570144688,13.1122522354126,13.112252235412598,600,0.0,0.0
2013-03-06 00:00:00-05:00,13.393716812133787,13.393716812133787,13.393716812133787,13.393716812133789,400,0.0,0.0
2013-03-07 00:00:00-05:00,13.352532386779785,13.352532386779785,13.352532386779785,13.352532386779785,400,0.0,0.0
2013-03-08 00:00:00-05:00,13.393718639511683,13.421178170783861,13.393718639511683,13.414314270019531,1900,0.0,0.0
2013-03-11 00:00:00-04:00,13.414314270019531,13.414314270019531,13.414314270019531,13.414314270019531,0,0.0,0.0
2013-03-12 00:00:00-04:00,13.425305366516115,13.425305366516115,13.425305366516115,13.425305366516113,0,0.016,0.0
2013-03-13 00:00:00-04:00,13.658911916023422,13.68639526636614,13.652042388916016,13.652042388916016,1400,0.0,0.0
2013-03-14 00:00:00-04:00,13.679525375366213,13.679525375366213,13.679525375366213,13.679525375366211,100,0.0,0.0
2013-03-15 00:00:00-04:00,13.700128555297852,13.700128555297852,13.700128555297852,13.700128555297852,1000,0.0,0.0
2013-03-18 00:00:00-04:00,13.700128555297852,13.700128555297852,13.700128555297852,13.700128555297852,100,0.0,0.0
2013-03-19 00:00:00-04:00,13.631431579589844,13.631431579589844,13.631431579589844,13.631431579589844,100,0.0,0.0
2013-03-20 00:00:00-04:00,13.700133048990873,13.700133048990873,13.555848121643066,13.555848121643066,2000,0.0,0.0
2013-03-21 00:00:00-04:00,13.569590087421943,13.569590087421943,13.191703292722883,13.34972858428955,2500,0.0,0.0
2013-03-22 00:00:00-04:00,13.370339781159506,13.370339781159506,13.349728584289549,13.34972858428955,600,0.0,0.0
2013-03-25 00:00:00-04:00,13.267278534496082,13.507752520853705,13.219183999320117,13.370338439941406,1500,0.0,0.0
2013-03-26 00:00:00-04:00,13.074909543177807,13.349736586839404,13.074909543177807,13.322253227233887,1000,0.0,0.0
2013-03-27 00:00:00-04:00,13.122992878282139,13.356595993041994,13.122992878282139,13.356595993041992,2900,0.0,0.0
2013-03-28 00:00:00-04:00,13.349724595358172,13.363466262817383,13.29475923599886,13.363466262817383,600,0.0,0.0
2013-04-01 00:00:00-04:00,13.363466262817383,13.363466262817383,13.363466262817383,13.363466262817383,0,0.0,0.0
2013-04-02 00:00:00-04:00,13.212314994043618,13.212314994043618,13.191703796386719,13.191703796386719,600,0.0,0.0
2013-04-03 00:00:00-04:00,13.356601324605133,13.535239148991854,13.356601324605133,13.377212524414062,1700,0.0,0.0
2013-04-04 00:00:00-04:00,13.439047483492061,13.528367042541504,13.439047483492061,13.528367042541504,3100,0.0,0.0
2013-04-05 00:00:00-04:00,13.445913927213372,13.658904535365798,13.390948566707019,13.500879287719727,1100,0.0,0.0
2013-04-08 00:00:00-04:00,13.500879287719727,13.500879287719727,13.500879287719727,13.500879287719727,0,0.0,0.0
2013-04-09 00:00:00-04:00,13.500879287719727,13.500879287719727,13.500879287719727,13.500879287719727,0,0.0,0.0
2013-04-10 00:00:00-04:00,13.580644626119112,13.745675086975098,13.408737732117604,13.745675086975098,1800,0.016,0.0
2013-04-11 00:00:00-04:00,13.745671119969979,13.848814964294432,13.745671119969979,13.848814964294434,3900,0.0,0.0
2013-04-12 00:00:00-04:00,13.848814964294432,13.848814964294432,13.848814964294432,13.848814964294434,500,0.0,0.0
2013-04-15 00:00:00-04:00,13.848814964294432,13.848814964294432,13.848814964294432,13.848814964294434,0,0.0,0.0
2013-04-16 00:00:00-04:00,13.56002345380741,13.800693511962889,13.56002345380741,13.80069351196289,1500,0.0,0.0
2013-04-17 00:00:00-04:00,13.841949034901578,13.841949034901578,13.553145264753075,13.6494140625,2300,0.0,0.0
2013-04-18 00:00:00-04:00,13.84194564819336,13.84194564819336,13.84194564819336,13.84194564819336,1300,0.0,0.0
2013-04-19 00:00:00-04:00,13.766307763158146,13.766307763158146,13.752554893493652,13.752554893493652,400,0.0,0.0
2013-04-22 00:00:00-04:00,13.828201293945312,13.828201293945312,13.828201293945312,13.828201293945312,200,0.0,0.0
2013-04-23 00:00:00-04:00,13.828204742168207,13.883214950561523,13.828204742168207,13.883214950561523,4300,0.0,0.0
2013-04-24 00:00:00-04:00,13.883214950561523,13.883214950561523,13.855709190591455,13.883214950561523,4400,0.0,0.0
2013-04-25 00:00:00-04:00,13.876320324412957,13.876320324412957,13.869443893432615,13.869443893432617,600,0.0,0.0
2013-04-26 00:00:00-04:00,13.883214950561523,13.883214950561523,13.883214950561523,13.883214950561523,100,0.0,0.0
2013-04-29 00:00:00-04:00,13.745675086975098,13.752551520120619,13.745675086975098,13.745675086975098,900,0.0,0.0
2013-04-30 00:00:00-04:00,13.621914863586426,13.621914863586426,13.621914863586426,13.621914863586426,200,0.0,0.0
2013-05-01 00:00:00-04:00,13.883200369645406,13.883200369645406,13.48437644977442,13.807560920715332,1600,0.0,0.0
2013-05-02 00:00:00-04:00,13.601279258728027,13.601279258728027,13.601279258728027,13.601279258728027,600,0.0,0.0
2013-05-03 00:00:00-04:00,13.56689861979247,13.85570240020752,13.56689861979247,13.85570240020752,1200,0.0,0.0
2013-05-06 00:00:00-04:00,13.85570240020752,13.85570240020752,13.85570240020752,13.85570240020752,0,0.0,0.0
2013-05-07 00:00:00-04:00,13.814446386496643,13.814446386496643,13.800693511962889,13.80069351196289,500,0.0,0.0
2013-05-08 00:00:00-04:00,13.807557688873679,13.848814964294432,13.807557688873679,13.848814964294434,400,0.0,0.0
2013-05-09 00:00:00-04:00,13.70441722869873,13.70441722869873,13.70441722869873,13.70441722869873,800,0.0,0.0
2013-05-10 00:00:00-04:00,13.894362449645996,13.894362449645996,13.894362449645996,13.894362449645996,200,0.016,0.0
2013-05-13 00:00:00-04:00,13.894362449645996,13.894362449645996,13.887480488230032,13.894362449645996,1100,0.0,0.0
2013-05-14 00:00:00-04:00,13.894362449645996,13.894362449645996,13.894362449645996,13.894362449645996,400,0.0,0.0
2013-05-15 00:00:00-04:00,13.88747978210449,13.88747978210449,13.88747978210449,13.887479782104492,300,0.0,0.0
2013-05-16 00:00:00-04:00,13.894362449645996,13.928770944125882,13.894362449645996,13.894362449645996,2200,0.0,0.0
2013-05-17 00:00:00-04:00,13.894362449645996,13.894362449645996,13.887480488230032,13.894362449645996,2200,0.0,0.0
2013-05-20 00:00:00-04:00,13.928770065307619,13.928770065307619,13.928770065307619,13.928770065307617,300,0.0,0.0
2013-05-21 00:00:00-04:00,13.85994338989258,13.85994338989258,13.85994338989258,13.859943389892578,200,0.0,0.0
2013-05-22 00:00:00-04:00,13.7911376953125,13.7911376953125,13.7911376953125,13.7911376953125,300,0.0,0.0
2013-05-23 00:00:00-04:00,13.7911376953125,13.7911376953125,13.7911376953125,13.7911376953125,0,0.0,0.0
2013-05-24 00:00:00-04:00,13.928770065307619,13.928770065307619,13.908124182362357,13.928770065307617,6400,0.0,0.0
2013-05-28 00:00:00-04:00,13.928770065307619,13.928770065307619,13.928770065307619,13.928770065307617,0,0.0,0.0
2013-05-29 00:00:00-04:00,13.928770065307619,13.928770065307619,13.928770065307619,13.928770065307617,0,0.0,0.0
2013-05-30 00:00:00-04:00,14.224684194263405,14.224684194263405,14.148983955383303,14.1489839553833,400,0.0,0.0
2013-05-31 00:00:00-04:00,14.245335578918459,14.245335578918459,14.245335578918459,14.245335578918457,500,0.0,0.0
2013-06-03 00:00:00-04:00,14.245335578918459,14.245335578918459,14.245335578918459,14.245335578918457,0,0.0,0.0
2013-06-04 00:00:00-04:00,14.79588317871094,14.79588317871094,14.79588317871094,14.795883178710938,200,0.0,0.0
2013-06-05 00:00:00-04:00,14.79588317871094,14.79588317871094,14.79588317871094,14.795883178710938,0,0.0,0.0
2013-06-06 00:00:00-04:00,14.224694161008449,14.224694161008449,13.92189430592629,14.066412925720215,800,0.0,0.0
2013-06-07 00:00:00-04:00,14.17650192429605,14.17650192429605,13.990693092346193,13.990693092346191,900,0.0,0.0
2013-06-10 00:00:00-04:00,13.990693092346193,13.990693092346193,13.990693092346193,13.990693092346191,0,0.0,0.0
2013-06-11 00:00:00-04:00,13.990693092346193,13.990693092346193,13.990693092346193,13.990693092346191,0,0.0,0.0
2013-06-12 00:00:00-04:00,14.001716613769531,14.001716613769531,14.001716613769531,14.001716613769531,0,0.016,0.0
2013-06-13 00:00:00-04:00,14.001716613769531,14.001716613769531,14.001716613769531,14.001716613769531,0,0.0,0.0
2013-06-14 00:00:00-04:00,14.187682151794434,14.187682151794434,14.17390738808634,14.187682151794434,600,0.0,0.0
2013-06-17 00:00:00-04:00,14.187682151794434,14.187682151794434,14.187682151794434,14.187682151794434,0,0.0,0.0
2013-06-18 00:00:00-04:00,14.187682151794434,14.187682151794434,14.187682151794434,14.187682151794434,0,0.0,0.0
2013-06-19 00:00:00-04:00,14.187682151794434,14.187682151794434,14.187682151794434,14.187682151794434,0,0.0,0.0
2013-06-20 00:00:00-04:00,14.187682151794434,14.187682151794434,14.187682151794434,14.187682151794434,0,0.0,0.0
2013-06-21 00:00:00-04:00,14.187682151794434,14.187682151794434,14.187682151794434,14.187682151794434,0,0.0,0.0
2013-06-24 00:00:00-04:00,14.187682151794434,14.187682151794434,14.187682151794434,14.187682151794434,0,0.0,0.0
2013-06-25 00:00:00-04:00,14.17390738808634,14.187682151794434,14.17390738808634,14.187682151794434,300,0.0,0.0
2013-06-26 00:00:00-04:00,13.98106050960678,13.987947889427543,13.967287063598631,13.967287063598633,600,0.0,0.0
2013-06-27 00:00:00-04:00,13.967287063598631,13.967287063598631,13.967287063598631,13.967287063598633,0,0.0,0.0
2013-06-28 00:00:00-04:00,13.967287063598631,13.967287063598631,13.967287063598631,13.967287063598633,0,0.0,0.0
2013-07-01 00:00:00-04:00,13.967287063598631,13.967287063598631,13.967287063598631,13.967287063598633,0,0.0,0.0
2013-07-02 00:00:00-04:00,13.967287063598631,13.967287063598631,13.967287063598631,13.967287063598633,0,0.0,0.0
2013-07-03 00:00:00-04:00,13.967287063598631,13.967287063598631,13.967287063598631,13.967287063598633,0,0.0,0.0
2013-07-05 00:00:00-04:00,13.650473594665527,13.650473594665527,13.650473594665527,13.650473594665527,200,0.0,0.0
2013-07-08 00:00:00-04:00,13.58159780579234,13.58159780579234,13.567824363708496,13.567824363708496,1200,0.0,0.0
2013-07-09 00:00:00-04:00,13.567824363708496,13.567824363708496,13.547162230133221,13.567824363708496,1100,0.0,0.0
2013-07-10 00:00:00-04:00,13.578855514526367,13.578855514526367,13.578855514526367,13.578855514526367,0,0.016,0.0
2013-07-11 00:00:00-04:00,13.585747177380643,13.585747177380643,13.578855514526367,13.578855514526367,600,0.0,0.0
2013-07-12 00:00:00-04:00,13.578855514526367,13.578855514526367,13.578855514526367,13.578855514526367,1100,0.0,0.0
2013-07-15 00:00:00-04:00,13.578855514526367,13.578855514526367,13.578855514526367,13.578855514526367,0,0.0,0.0
2013-07-16 00:00:00-04:00,13.578852563019833,13.578852563019833,13.399639129638672,13.399639129638672,2000,0.0,0.0
2013-07-17 00:00:00-04:00,13.571972846984863,13.571972846984863,13.558186881401657,13.571972846984863,1000,0.0,0.0
2013-07-18 00:00:00-04:00,13.578855514526367,13.578855514526367,13.578855514526367,13.578855514526367,200,0.0,0.0
2013-07-19 00:00:00-04:00,13.578855514526367,13.578855514526367,13.578855514526367,13.578855514526367,0,0.0,0.0
2013-07-22 00:00:00-04:00,13.578855514526367,13.578855514526367,13.578855514526367,13.578855514526367,0,0.0,0.0
2013-07-23 00:00:00-04:00,13.613316535949709,13.613316535949709,13.613316535949709,13.613316535949707,2000,0.0,0.0
2013-07-24 00:00:00-04:00,13.613316535949709,13.613316535949709,13.613316535949709,13.613316535949707,0,0.0,0.0
2013-07-25 00:00:00-04:00,13.613316535949709,13.613316535949709,13.613316535949709,13.613316535949707,0,0.0,0.0
2013-07-26 00:00:00-04:00,13.613316535949709,13.613316535949709,13.613316535949709,13.613316535949707,0,0.0,0.0
2013-07-29 00:00:00-04:00,13.613316535949709,13.613316535949709,13.613316535949709,13.613316535949707,300,0.0,0.0
2013-07-30 00:00:00-04:00,13.634010920852754,13.634010920852754,13.620224952697754,13.620224952697754,500,0.0,0.0
2013-07-31 00:00:00-04:00,13.613319757102005,13.627105712890625,13.613319757102005,13.627105712890625,3200,0.0,0.0
2013-08-01 00:00:00-04:00,13.627105712890625,13.627105712890625,13.627105712890625,13.627105712890625,0,0.0,0.0
2013-08-02 00:00:00-04:00,13.613319087601905,13.613319087601905,13.578855514526367,13.578855514526367,1200,0.0,0.0
2013-08-05 00:00:00-04:00,13.578855514526367,13.578855514526367,13.578855514526367,13.578855514526367,0,0.0,0.0
2013-08-06 00:00:00-04:00,13.682251930236818,13.682251930236818,13.682251930236818,13.682251930236816,200,0.0,0.0
2013-08-07 00:00:00-04:00,13.7925403737333,13.90282544769534,13.78564739227295,13.78564739227295,700,0.0,0.0
2013-08-08 00:00:00-04:00,13.633999992232901,13.633999992232901,13.544392585754395,13.544392585754395,800,0.0,0.0
2013-08-09 00:00:00-04:00,13.53749923199393,13.737391660366313,13.447893142700195,13.447893142700195,1600,0.0,0.0
2013-08-12 00:00:00-04:00,13.458932876586912,13.458932876586912,13.458932876586912,13.458932876586914,0,0.016,0.0
2013-08-13 00:00:00-04:00,13.458932876586912,13.458932876586912,13.458932876586912,13.458932876586914,0,0.0,0.0
2013-08-14 00:00:00-04:00,13.769370079040527,13.769370079040527,13.769370079040527,13.769370079040527,500,0.0,0.0
2013-08-15 00:00:00-04:00,13.796951293945312,13.796951293945312,13.796951293945312,13.796951293945312,300,0.0,0.0
2013-08-16 00:00:00-04:00,13.465838432312012,13.465838432312012,13.465838432312012,13.465838432312012,400,0.0,0.0
2013-08-19 00:00:00-04:00,13.465838432312012,13.465838432312012,13.465838432312012,13.465838432312012,0,0.0,0.0
2013-08-20 00:00:00-04:00,13.465838432312012,13.465838432312012,13.465838432312012,13.465838432312012,0,0.0,0.0
2013-08-21 00:00:00-04:00,13.465838432312012,13.465838432312012,13.465838432312012,13.465838432312012,0,0.0,0.0
2013-08-22 00:00:00-04:00,13.486526108769985,13.486526108769985,13.458932876586912,13.458932876586914,1500,0.0,0.0
2013-08-23 00:00:00-04:00,13.389946693965626,13.389946693965626,13.383048057556152,13.383048057556152,300,0.0,0.0
2013-08-26 00:00:00-04:00,13.383048057556152,13.383048057556152,13.383048057556152,13.383048057556152,800,0.0,0.0
2013-08-27 00:00:00-04:00,13.383048057556152,13.383048057556152,13.383048057556152,13.383048057556152,2600,0.0,0.0
2013-08-28 00:00:00-04:00,13.452039711470869,13.452039711470869,13.3140695470921,13.424445152282715,900,0.0,0.0
2013-08-29 00:00:00-04:00,13.60379695892334,13.60379695892334,13.60379695892334,13.60379695892334,200,0.0,0.0
2013-08-30 00:00:00-04:00,13.60379695892334,13.60379695892334,13.60379695892334,13.60379695892334,0,0.0,0.0
2013-09-03 00:00:00-04:00,13.334758026374137,13.334758026374137,13.314062118530272,13.314062118530273,1000,0.0,0.0
2013-09-04 00:00:00-04:00,13.314062118530272,13.314062118530272,13.314062118530272,13.314062118530273,0,0.0,0.0
2013-09-05 00:00:00-04:00,13.314062118530272,13.314062118530272,13.314062118530272,13.314062118530273,0,0.0,0.0
2013-09-06 00:00:00-04:00,13.314062118530272,13.314062118530272,13.314062118530272,13.314062118530273,0,0.0,0.0
2013-09-09 00:00:00-04:00,13.314062118530272,13.314062118530272,13.314062118530272,13.314062118530273,0,0.0,0.0
2013-09-10 00:00:00-04:00,13.327859390426182,13.327859390426182,13.314062118530272,13.314062118530273,1400,0.0,0.0
2013-09-11 00:00:00-04:00,13.32511043548584,13.32511043548584,13.32511043548584,13.32511043548584,300,0.016,0.0
2013-09-12 00:00:00-04:00,13.32511043548584,13.32511043548584,13.32511043548584,13.32511043548584,0,0.0,0.0
2013-09-13 00:00:00-04:00,13.32511043548584,13.32511043548584,13.32511043548584,13.32511043548584,0,0.0,0.0
2013-09-16 00:00:00-04:00,13.32511043548584,13.32511043548584,13.32511043548584,13.32511043548584,0,0.0,0.0
2013-09-17 00:00:00-04:00,13.256070137023926,13.256070137023926,13.256070137023926,13.256070137023926,800,0.0,0.0
2013-09-18 00:00:00-04:00,13.256070137023926,13.256070137023926,13.256070137023926,13.256070137023926,0,0.0,0.0
2013-09-19 00:00:00-04:00,13.256067348260187,13.256067348260187,13.18702507019043,13.18702507019043,1200,0.0,0.0
2013-09-20 00:00:00-04:00,13.52533983746983,13.52533983746983,13.428681373596191,13.428681373596191,1600,0.0,0.0
2013-09-23 00:00:00-04:00,13.428681373596191,13.428681373596191,13.428681373596191,13.428681373596191,0,0.0,0.0
2013-09-24 00:00:00-04:00,13.428681373596191,13.428681373596191,13.428681373596191,13.428681373596191,0,0.0,0.0
2013-09-25 00:00:00-04:00,13.428681373596191,13.428681373596191,13.428681373596191,13.428681373596191,0,0.0,0.0
2013-09-26 00:00:00-04:00,13.573668479919432,13.573668479919432,13.573668479919432,13.573668479919434,1000,0.0,0.0
2013-09-27 00:00:00-04:00,13.401062942551283,13.42177603339192,13.193937301635744,13.193937301635742,900,0.0,0.0
2013-09-30 00:00:00-04:00,13.193937301635744,13.193937301635744,13.193937301635744,13.193937301635742,0,0.0,0.0
2013-10-01 00:00:00-04:00,13.193937301635744,13.193937301635744,13.193937301635744,13.193937301635742,0,0.0,0.0
2013-10-02 00:00:00-04:00,13.214649075603672,13.214649075603672,13.193937301635744,13.193937301635742,700,0.0,0.0
2013-10-03 00:00:00-04:00,13.214649324439806,13.262978553771973,13.193937550081868,13.262978553771973,500,0.0,0.0
2013-10-04 00:00:00-04:00,13.200841665249289,13.214649075603672,13.193937301635744,13.193937301635742,900,0.0,0.0
2013-10-07 00:00:00-04:00,13.18702507019043,13.18702507019043,13.18702507019043,13.18702507019043,1000,0.0,0.0
2013-10-08 00:00:00-04:00,13.18702507019043,13.18702507019043,13.18702507019043,13.18702507019043,0,0.0,0.0
2013-10-09 00:00:00-04:00,13.204988302099752,13.218807277288402,13.198078155517578,13.198078155517578,3000,0.016,0.0
2013-10-10 00:00:00-04:00,13.198078155517578,13.198078155517578,13.198078155517578,13.198078155517578,0,0.0,0.0
2013-10-11 00:00:00-04:00,13.198078155517578,13.198078155517578,13.198078155517578,13.198078155517578,100,0.0,0.0
2013-10-14 00:00:00-04:00,13.198081756972897,13.198081756972897,13.128981590270996,13.128981590270996,3000,0.0,0.0
2013-10-15 00:00:00-04:00,13.128981590270996,13.128981590270996,13.128981590270996,13.128981590270996,0,0.0,0.0
2013-10-16 00:00:00-04:00,13.066792312861033,13.080612610580168,13.059882164001465,13.059882164001465,1900,0.0,0.0
2013-10-17 00:00:00-04:00,12.997689979986074,12.997689979986074,12.928589820861815,12.928589820861816,1600,0.0,0.0
2013-10-18 00:00:00-04:00,12.928589820861815,12.928589820861815,12.928589820861815,12.928589820861816,0,0.0,0.0
2013-10-21 00:00:00-04:00,12.928589820861815,12.928589820861815,12.928589820861815,12.928589820861816,0,0.0,0.0
2013-10-22 00:00:00-04:00,12.928589820861815,12.928589820861815,12.928589820861815,12.928589820861816,0,0.0,0.0
2013-10-23 00:00:00-04:00,12.928589820861815,12.928589820861815,12.928589820861815,12.928589820861816,0,0.0,0.0
2013-10-24 00:00:00-04:00,12.928589820861815,12.928589820861815,12.928589820861815,12.928589820861816,0,0.0,0.0
2013-10-25 00:00:00-04:00,13.135891914367676,13.135891914367676,13.135891914367676,13.135891914367676,1000,0.0,0.0
2013-10-28 00:00:00-04:00,12.970053607941617,12.990782737731934,12.956233309430601,12.990782737731934,1400,0.0,0.0
2013-10-29 00:00:00-04:00,12.956231117248535,12.956231117248535,12.956231117248535,12.956231117248535,500,0.0,0.0
2013-10-30 00:00:00-04:00,12.96314811706543,12.96314811706543,12.96314811706543,12.96314811706543,1300,0.0,0.0
2013-10-31 00:00:00-04:00,12.956231117248535,12.956231117248535,12.956231117248535,12.956231117248535,400,0.0,0.0
2013-11-01 00:00:00-04:00,12.956231117248535,12.956231117248535,12.956231117248535,12.956231117248535,0,0.0,0.0
2013-11-04 00:00:00-05:00,12.96314811706543,12.96314811706543,12.96314811706543,12.96314811706543,500,0.0,0.0
2013-11-05 00:00:00-05:00,12.96314811706543,12.96314811706543,12.96314811706543,12.96314811706543,0,0.0,0.0
2013-11-06 00:00:00-05:00,12.96314811706543,12.96314811706543,12.96314811706543,12.96314811706543,0,0.0,0.0
2013-11-07 00:00:00-05:00,12.956233309430601,12.990782737731934,12.956233309430601,12.990782737731934,900,0.0,0.0
2013-11-08 00:00:00-05:00,12.990782737731934,12.990782737731934,12.990782737731934,12.990782737731934,0,0.0,0.0
2013-11-11 00:00:00-05:00,12.928591150194086,12.928591150194086,12.859492301940916,12.859492301940918,1000,0.0,0.0
2013-11-12 00:00:00-05:00,13.001264442265382,13.001264442265382,12.932109832763674,12.932109832763672,300,0.015,0.0
2013-11-13 00:00:00-05:00,12.627819804377047,12.627819804377047,12.496423721313477,12.496423721313477,1100,0.0,0.0
2013-11-14 00:00:00-05:00,12.731558719508325,12.731558719508325,12.655487060546875,12.655487060546875,900,0.0,0.0
2013-11-15 00:00:00-05:00,12.66240406036377,12.66240406036377,12.66240406036377,12.66240406036377,700,0.0,0.0
2013-11-18 00:00:00-05:00,12.655487060546875,12.655487060546875,12.655487060546875,12.655487060546875,100,0.0,0.0
2013-11-19 00:00:00-05:00,13.049668312072754,13.049668312072754,13.049668312072754,13.049668312072754,100,0.0,0.0
2013-11-20 00:00:00-05:00,13.049668312072754,13.049668312072754,13.049668312072754,13.049668312072754,0,0.0,0.0
2013-11-21 00:00:00-05:00,13.077332496643066,13.077332496643066,13.077332496643066,13.077332496643066,600,0.0,0.0
2013-11-22 00:00:00-05:00,13.077332496643066,13.077332496643066,13.077332496643066,13.077332496643066,0,0.0,0.0
2013-11-25 00:00:00-05:00,12.662402785819708,12.669318511092543,12.655487060546875,12.655487060546875,1400,0.0,0.0
2013-11-26 00:00:00-05:00,12.627819612443457,12.627819612443457,12.579410877060848,12.586326599121094,9100,0.0,0.0
2013-11-27 00:00:00-05:00,12.586331422048282,12.600161552429197,12.586331422048282,12.6001615524292,1200,0.0,0.0
2013-11-29 00:00:00-05:00,12.59323787689209,12.60015359723607,12.59323787689209,12.59323787689209,2400,0.0,0.0
2013-12-02 00:00:00-05:00,12.593241002142229,12.593241002142229,12.524086419617992,12.586326599121094,4100,0.0,0.0
2013-12-03 00:00:00-05:00,12.517169952392578,12.531001395689664,12.46876121989181,12.517169952392578,13500,0.0,0.0
2013-12-04 00:00:00-05:00,12.46876121989181,12.565578684893346,12.46876121989181,12.517169952392578,1800,0.0,0.0
2013-12-05 00:00:00-05:00,12.517169952392578,12.517169952392578,12.517169952392578,12.517169952392578,0,0.0,0.0
2013-12-06 00:00:00-05:00,12.531005915065558,12.544836044311523,12.531005915065558,12.544836044311523,1500,0.0,0.0
2013-12-09 00:00:00-05:00,12.544836044311523,12.55175176845426,12.544836044311523,12.544836044311523,1000,0.0,0.0
2013-12-10 00:00:00-05:00,12.544836044311523,12.544836044311523,12.544836044311523,12.544836044311523,0,0.0,0.0
2013-12-11 00:00:00-05:00,12.59674668619399,12.59674668619399,12.527533531188963,12.527533531188965,1100,0.015,0.0
2013-12-12 00:00:00-05:00,12.541380882263184,12.541380882263184,12.541380882263184,12.541380882263184,500,0.0,0.0
2013-12-13 00:00:00-05:00,12.541380882263184,12.541380882263184,12.541380882263184,12.541380882263184,0,0.0,0.0
2013-12-16 00:00:00-05:00,12.541380882263184,12.541380882263184,12.541380882263184,12.541380882263184,0,0.0,0.0
2013-12-17 00:00:00-05:00,12.534456625131568,12.555219650268555,12.527535176708804,12.555219650268555,3500,0.0,0.0
2013-12-18 00:00:00-05:00,12.555219650268555,12.555219650268555,12.555219650268555,12.555219650268555,0,0.0,0.0
2013-12-19 00:00:00-05:00,12.534458847337794,12.562143325805664,12.534458847337794,12.562143325805664,600,0.0,0.0
2013-12-20 00:00:00-05:00,12.562143325805664,12.562143325805664,12.562143325805664,12.562143325805664,0,0.0,0.0
2013-12-23 00:00:00-05:00,12.575985908508303,12.575985908508303,12.575985908508303,12.5759859085083,500,0.0,0.0
2013-12-24 00:00:00-05:00,12.575985908508303,12.575985908508303,12.575985908508303,12.5759859085083,0,0.0,0.0
2013-12-26 00:00:00-05:00,12.638266040730667,12.700557708740234,12.638266040730667,12.700557708740234,800,0.0,0.0
2013-12-27 00:00:00-05:00,12.575985908508303,12.575985908508303,12.575985908508303,12.5759859085083,500,0.0,0.0
2013-12-30 00:00:00-05:00,12.555222462077303,12.555222462077303,12.541380882263184,12.541380882263184,1100,0.0,0.0
2013-12-31 00:00:00-05:00,12.555222462077303,12.555222462077303,12.541380882263184,12.541380882263184,2000,0.0,0.0
2014-01-02 00:00:00-05:00,12.541380882263184,12.541380882263184,12.541380882263184,12.541380882263184,0,0.0,0.0
2014-01-03 00:00:00-05:00,12.555222462077303,12.555222462077303,12.541380882263184,12.541380882263184,600,0.0,0.0
2014-01-06 00:00:00-05:00,12.541380882263184,12.541380882263184,12.541380882263184,12.541380882263184,0,0.0,0.0
2014-01-07 00:00:00-05:00,12.665960311889648,12.665960311889648,12.665960311889648,12.665960311889648,100,0.0,0.0
2014-01-08 00:00:00-05:00,12.665960311889648,12.665960311889648,12.665960311889648,12.665960311889648,2900,0.0,0.0
2014-01-09 00:00:00-05:00,12.665960311889648,12.665960311889648,12.665960311889648,12.665960311889648,0,0.0,0.0
2014-01-10 00:00:00-05:00,12.620931403259325,12.634785652160645,12.620931403259325,12.634785652160645,400,0.015,0.0
2014-01-13 00:00:00-05:00,12.634785652160645,12.634785652160645,12.634785652160645,12.634785652160645,0,0.0,0.0
2014-01-14 00:00:00-05:00,12.676342746798756,12.690196990966797,12.676342746798756,12.690196990966797,600,0.0,0.0
2014-01-15 00:00:00-05:00,12.676348686218262,12.676348686218262,12.676348686218262,12.676348686218262,600,0.0,0.0
2014-01-16 00:00:00-05:00,12.697132110595703,12.697132110595703,12.697132110595703,12.697132110595703,600,0.0,0.0
2014-01-17 00:00:00-05:00,12.683275811547942,12.683275811547942,12.676348686218262,12.676348686218262,5000,0.0,0.0
2014-01-21 00:00:00-05:00,12.717913489937333,12.717913489937333,12.697132110595703,12.697132110595703,300,0.0,0.0
2014-01-22 00:00:00-05:00,12.752540588378906,12.752540588378906,12.752540588378906,12.752540588378906,2000,0.0,0.0
2014-01-23 00:00:00-05:00,12.752540588378906,12.752540588378906,12.752540588378906,12.752540588378906,0,0.0,0.0
2014-01-24 00:00:00-05:00,12.683277857701281,12.697132110595703,12.683277857701281,12.697132110595703,800,0.0,0.0
2014-01-27 00:00:00-05:00,12.697132110595703,12.697132110595703,12.697132110595703,12.697132110595703,0,0.0,0.0
2014-01-28 00:00:00-05:00,12.752540588378906,12.752540588378906,12.752540588378906,12.752540588378906,400,0.0,0.0
2014-01-29 00:00:00-05:00,12.752540588378906,12.752540588378906,12.752540588378906,12.752540588378906,0,0.0,0.0
2014-01-30 00:00:00-05:00,12.856455665367452,12.856455665367452,12.842602729797363,12.842602729797363,500,0.0,0.0
2014-01-31 00:00:00-05:00,12.94649887084961,12.94649887084961,12.94649887084961,12.94649887084961,2100,0.0,0.0
2014-02-03 00:00:00-05:00,12.932646751403809,12.932646751403809,12.932646751403809,12.932646751403809,1100,0.0,0.0
2014-02-04 00:00:00-05:00,12.801037788391112,12.801037788391112,12.801037788391112,12.801037788391113,200,0.0,0.0
2014-02-05 00:00:00-05:00,12.77332878112793,12.77332878112793,12.77332878112793,12.77332878112793,500,0.0,0.0
2014-02-06 00:00:00-05:00,12.77332878112793,12.77332878112793,12.77332878112793,12.77332878112793,0,0.0,0.0
2014-02-07 00:00:00-05:00,12.766401290893555,12.766401290893555,12.766401290893555,12.766401290893555,200,0.0,0.0
2014-02-10 00:00:00-05:00,12.766401290893555,12.766401290893555,12.766401290893555,12.766401290893555,0,0.0,0.0
2014-02-11 00:00:00-05:00,12.766401290893555,12.766401290893555,12.766401290893555,12.766401290893555,700,0.0,0.0
2014-02-12 00:00:00-05:00,12.776800155639648,12.776800155639648,12.776800155639648,12.776800155639648,0,0.015,0.0
2014-02-13 00:00:00-05:00,12.776800155639648,12.776800155639648,12.776800155639648,12.776800155639648,0,0.0,0.0
2014-02-14 00:00:00-05:00,12.776800155639648,12.776800155639648,12.776800155639648,12.776800155639648,0,0.0,0.0
2014-02-18 00:00:00-05:00,12.776800155639648,12.776800155639648,12.776800155639648,12.776800155639648,0,0.0,0.0
2014-02-19 00:00:00-05:00,12.776800155639648,12.776800155639648,12.776800155639648,12.776800155639648,0,0.0,0.0
2014-02-20 00:00:00-05:00,12.776800155639648,12.776800155639648,12.776800155639648,12.776800155639648,0,0.0,0.0
2014-02-21 00:00:00-05:00,12.776800155639648,12.776800155639648,12.776800155639648,12.776800155639648,200,0.0,0.0
2014-02-24 00:00:00-05:00,12.776800155639648,12.776800155639648,12.776800155639648,12.776800155639648,0,0.0,0.0
2014-02-25 00:00:00-05:00,12.776800155639648,12.776800155639648,12.776800155639648,12.776800155639648,200,0.0,0.0
2014-02-26 00:00:00-05:00,12.776800155639648,12.776800155639648,12.776800155639648,12.776800155639648,0,0.0,0.0
2014-02-27 00:00:00-05:00,12.776800155639648,12.776800155639648,12.776800155639648,12.776800155639648,7200,0.0,0.0
2014-02-28 00:00:00-05:00,13.026371955871582,13.026371955871582,13.026371955871582,13.026371955871582,2700,0.0,0.0
2014-03-03 00:00:00-05:00,13.026371955871582,13.026371955871582,13.026371955871582,13.026371955871582,0,0.0,0.0
2014-03-04 00:00:00-05:00,12.95705252863436,12.970916748046875,12.943186986931009,12.970916748046875,800,0.0,0.0
2014-03-05 00:00:00-05:00,12.970916748046875,12.970916748046875,12.970916748046875,12.970916748046875,0,0.0,0.0
2014-03-06 00:00:00-05:00,12.977845191955566,12.977845191955566,12.977845191955566,12.977845191955566,500,0.0,0.0
2014-03-07 00:00:00-05:00,12.977845191955566,12.977845191955566,12.96398097716552,12.977845191955566,3500,0.0,0.0
2014-03-10 00:00:00-04:00,12.859987398411326,12.859987398411326,12.853055953979492,12.853055953979492,500,0.0,0.0
2014-03-11 00:00:00-04:00,12.915450984268691,12.929316520690918,12.915450984268691,12.929316520690918,500,0.0,0.0
2014-03-12 00:00:00-04:00,13.120113214994173,13.12705156169773,13.043792724609375,13.043792724609375,5100,0.015,0.0
2014-03-13 00:00:00-04:00,13.120115280151367,13.120115280151367,13.120115280151367,13.120115280151367,1400,0.0,0.0
2014-03-14 00:00:00-04:00,13.120114240187503,13.307445645758461,12.97441291809082,12.97441291809082,11000,0.0,0.0
2014-03-17 00:00:00-04:00,12.988293647766113,13.002170347982604,12.988293647766113,12.988293647766113,700,0.0,0.0
2014-03-18 00:00:00-04:00,12.988293647766113,12.988293647766113,12.988293647766113,12.988293647766113,0,0.0,0.0
2014-03-19 00:00:00-04:00,12.988290046421964,13.106239318847656,12.988290046421964,13.106239318847656,3400,0.0,0.0
2014-03-20 00:00:00-04:00,13.22418212890625,13.22418212890625,13.22418212890625,13.22418212890625,500,0.0,0.0
2014-03-21 00:00:00-04:00,13.161739349365234,13.161739349365234,13.161739349365234,13.161739349365234,300,0.0,0.0
2014-03-24 00:00:00-04:00,13.161739349365234,13.161739349365234,13.161739349365234,13.161739349365234,0,0.0,0.0
2014-03-25 00:00:00-04:00,13.01603983563888,13.286628723144531,13.01603983563888,13.286628723144531,800,0.0,0.0
2014-03-26 00:00:00-04:00,13.286628723144531,13.286628723144531,13.286628723144531,13.286628723144531,0,0.0,0.0
2014-03-27 00:00:00-04:00,13.016036987304688,13.029913676795031,13.016036987304688,13.016036987304688,7500,0.0,0.0
2014-03-28 00:00:00-04:00,13.016036987304688,13.016036987304688,13.016036987304688,13.016036987304688,0,0.0,0.0
2014-03-31 00:00:00-04:00,13.085426182550327,13.113178253173828,13.078487834055785,13.113178253173828,1500,0.0,0.0
2014-04-01 00:00:00-04:00,13.127048806371405,13.182554244995117,13.127048806371405,13.182554244995117,800,0.0,0.0
2014-04-02 00:00:00-04:00,13.182554244995117,13.182554244995117,13.182554244995117,13.182554244995117,0,0.0,0.0
2014-04-03 00:00:00-04:00,13.217251777648926,13.217251777648926,13.217251777648926,13.217251777648926,1300,0.0,0.0
2014-04-04 00:00:00-04:00,13.217253469321081,13.217253469321081,13.113180867860862,13.196439743041992,1500,0.0,0.0
2014-04-07 00:00:00-04:00,13.196439743041994,13.196439743041994,13.196439743041994,13.196439743041992,0,0.0,0.0
2014-04-08 00:00:00-04:00,13.189492590242336,13.210307625983996,13.182554244995117,13.182554244995117,1000,0.0,0.0
2014-04-09 00:00:00-04:00,13.182554244995117,13.182554244995117,13.182554244995117,13.182554244995117,100,0.0,0.0
2014-04-10 00:00:00-04:00,13.074937430792296,13.158262097333795,13.074937430792296,13.095768928527832,4900,0.015,0.0
2014-04-11 00:00:00-04:00,13.109648137381027,13.213804244995117,13.088817975378149,13.213804244995117,2100,0.0,0.0
2014-04-14 00:00:00-04:00,13.213804244995117,13.213804244995117,13.213804244995117,13.213804244995117,0,0.0,0.0
2014-04-15 00:00:00-04:00,13.213804244995117,13.213804244995117,13.213804244995117,13.213804244995117,0,0.0,0.0
2014-04-16 00:00:00-04:00,13.130481719970703,13.130481719970703,13.130481719970703,13.130481719970703,500,0.0,0.0
2014-04-17 00:00:00-04:00,13.130481719970703,13.130481719970703,13.130481719970703,13.130481719970703,0,0.0,0.0
2014-04-21 00:00:00-04:00,13.033279692181509,13.186040081798387,13.033279692181509,13.158266067504883,3600,0.0,0.0
2014-04-22 00:00:00-04:00,13.192968368530273,13.192968368530273,13.192968368530273,13.192968368530273,100,0.0,0.0
2014-04-23 00:00:00-04:00,13.130481719970703,13.130481719970703,13.130481719970703,13.130481719970703,1100,0.0,0.0
2014-04-24 00:00:00-04:00,13.123538970947266,13.192975951360793,13.123538970947266,13.123538970947266,1900,0.0,0.0
2014-04-25 00:00:00-04:00,13.095762305138765,13.1860294342041,13.095762305138765,13.186029434204102,800,0.0,0.0
2014-04-28 00:00:00-04:00,13.074929687965238,13.102705001831055,13.074929687965238,13.102705001831055,900,0.0,0.0
2014-04-29 00:00:00-04:00,13.102705001831055,13.102705001831055,13.102705001831055,13.102705001831055,0,0.0,0.0
2014-04-30 00:00:00-04:00,13.102705001831055,13.102705001831055,13.102705001831055,13.102705001831055,0,0.0,0.0
2014-05-01 00:00:00-04:00,13.165193062568985,13.192968368530273,13.151306733987823,13.192968368530273,1100,0.0,0.0
2014-05-02 00:00:00-04:00,13.192968368530273,13.192968368530273,13.192968368530273,13.192968368530273,0,0.0,0.0
2014-05-05 00:00:00-04:00,13.192968368530273,13.192968368530273,13.192968368530273,13.192968368530273,0,0.0,0.0
2014-05-06 00:00:00-04:00,13.165200233459473,13.165200233459473,13.165200233459473,13.165200233459473,400,0.0,0.0
2014-05-07 00:00:00-04:00,13.165200233459473,13.165200233459473,13.165200233459473,13.165200233459473,0,0.0,0.0
2014-05-08 00:00:00-04:00,13.297125417434593,13.297125417434593,13.172139167785645,13.172139167785645,6800,0.0,0.0
2014-05-09 00:00:00-04:00,13.262409588304305,13.262409588304305,13.241578102111816,13.241578102111816,1000,0.0,0.0
2014-05-12 00:00:00-04:00,13.252003669738771,13.252003669738771,13.252003669738771,13.25200366973877,0,0.015,0.0
2014-05-13 00:00:00-04:00,13.252003669738771,13.252003669738771,13.252003669738771,13.25200366973877,0,0.0,0.0
2014-05-14 00:00:00-04:00,13.252003669738771,13.252003669738771,13.252003669738771,13.25200366973877,0,0.0,0.0
2014-05-15 00:00:00-04:00,13.265905380249023,13.265905380249023,13.265905380249023,13.265905380249023,700,0.0,0.0
2014-05-16 00:00:00-04:00,13.245059967041014,13.245059967041014,13.231162694904445,13.245059967041016,1000,0.0,0.0
2014-05-19 00:00:00-04:00,13.245059967041014,13.245059967041014,13.245059967041014,13.245059967041016,0,0.0,0.0
2014-05-20 00:00:00-04:00,13.238110668251121,13.245059967041014,13.231162694904445,13.245059967041016,5800,0.0,0.0
2014-05-21 00:00:00-04:00,13.245059967041014,13.245059967041014,13.245059967041014,13.245059967041016,0,0.0,0.0
2014-05-22 00:00:00-04:00,13.245059967041014,13.245059967041014,13.245059967041014,13.245059967041016,0,0.0,0.0
2014-05-23 00:00:00-04:00,13.245059967041014,13.245059967041014,13.245059967041014,13.245059967041016,0,0.0,0.0
2014-05-27 00:00:00-04:00,13.245059967041014,13.245059967041014,13.245059967041014,13.245059967041016,0,0.0,0.0
2014-05-28 00:00:00-04:00,13.245059967041014,13.245059967041014,13.245059967041014,13.245059967041016,0,0.0,0.0
2014-05-29 00:00:00-04:00,13.20335586240897,13.272847474141678,13.133864250676261,13.2381010055542,3300,0.0,0.0
2014-05-30 00:00:00-04:00,13.2381010055542,13.2381010055542,13.2381010055542,13.2381010055542,0,0.0,0.0
2014-06-02 00:00:00-04:00,13.2381010055542,13.2381010055542,13.2381010055542,13.2381010055542,0,0.0,0.0
2014-06-03 00:00:00-04:00,13.335398345243698,13.349295616149902,13.335398345243698,13.349295616149902,2200,0.0,0.0
2014-06-04 00:00:00-04:00,13.349295616149902,13.349295616149902,13.349295616149902,13.349295616149902,0,0.0,0.0
2014-06-05 00:00:00-04:00,13.578614995749309,13.578614995749309,13.453530311584473,13.453530311584473,700,0.0,0.0
2014-06-06 00:00:00-04:00,13.390987396240234,13.390987396240234,13.390987396240234,13.390987396240234,300,0.0,0.0
2014-06-09 00:00:00-04:00,13.390987396240234,13.390987396240234,13.390987396240234,13.390987396240234,0,0.0,0.0
2014-06-10 00:00:00-04:00,13.293700159280304,13.342345237731934,13.293700159280304,13.342345237731934,600,0.0,0.0
2014-06-11 00:00:00-04:00,13.331915147824894,13.331915147824894,13.304096221923828,13.304096221923828,500,0.015,0.0
2014-06-12 00:00:00-04:00,13.304096221923828,13.304096221923828,13.304096221923828,13.304096221923828,0,0.0,0.0
2014-06-13 00:00:00-04:00,13.304096221923828,13.304096221923828,13.304096221923828,13.304096221923828,0,0.0,0.0
2014-06-16 00:00:00-04:00,13.297139167785645,13.297139167785645,13.297139167785645,13.297139167785645,800,0.0,0.0
2014-06-17 00:00:00-04:00,13.304095853940765,13.345824241638184,13.304095853940765,13.345824241638184,2800,0.0,0.0
2014-06-18 00:00:00-04:00,13.28323323125294,13.318005561828613,13.262369037019905,13.318005561828613,13400,0.0,0.0
2014-06-19 00:00:00-04:00,13.318005561828613,13.318005561828613,13.318005561828613,13.318005561828613,100,0.0,0.0
2014-06-20 00:00:00-04:00,13.304096221923828,13.304096221923828,13.304096221923828,13.304096221923828,100,0.0,0.0
2014-06-23 00:00:00-04:00,13.304096221923828,13.304096221923828,13.304096221923828,13.304096221923828,0,0.0,0.0
2014-06-24 00:00:00-04:00,13.304096221923828,13.304096221923828,13.304096221923828,13.304096221923828,0,0.0,0.0
2014-06-25 00:00:00-04:00,13.547504866687257,13.547504866687257,13.283231735229492,13.283231735229492,300,0.0,0.0
2014-06-26 00:00:00-04:00,13.30409609900659,13.318005561828613,13.30409609900659,13.318005561828613,700,0.0,0.0
2014-06-27 00:00:00-04:00,13.318005561828613,13.318005561828613,13.318005561828613,13.318005561828613,100,0.0,0.0
2014-06-30 00:00:00-04:00,13.304096221923828,13.304096221923828,13.304096221923828,13.304096221923828,300,0.0,0.0
2014-07-01 00:00:00-04:00,13.304096221923828,13.304096221923828,13.304096221923828,13.304096221923828,0,0.0,0.0
2014-07-02 00:00:00-04:00,13.304096221923828,13.304096221923828,13.304096221923828,13.304096221923828,0,0.0,0.0
2014-07-03 00:00:00-04:00,13.373642846646431,13.561416625976562,13.373642846646431,13.561416625976562,11300,0.0,0.0
2014-07-07 00:00:00-04:00,13.415369641270415,13.582279205322266,13.415369641270415,13.582279205322266,900,0.0,0.0
2014-07-08 00:00:00-04:00,13.582279205322266,13.582279205322266,13.582279205322266,13.582279205322266,0,0.0,0.0
2014-07-09 00:00:00-04:00,13.582279205322266,13.582279205322266,13.582279205322266,13.582279205322266,0,0.0,0.0
2014-07-10 00:00:00-04:00,13.592720985412598,13.592720985412598,13.592720985412598,13.592720985412598,0,0.015,0.0
2014-07-11 00:00:00-04:00,13.592720985412598,13.592720985412598,13.592720985412598,13.592720985412598,0,0.0,0.0
2014-07-14 00:00:00-04:00,13.474400520324709,13.474400520324709,13.474400520324709,13.474400520324707,700,0.0,0.0
2014-07-15 00:00:00-04:00,13.474400520324709,13.474400520324709,13.474400520324709,13.474400520324707,0,0.0,0.0
2014-07-16 00:00:00-04:00,13.488317532263343,13.543996810913086,13.488317532263343,13.543996810913086,500,0.0,0.0
2014-07-17 00:00:00-04:00,13.543996810913086,13.543996810913086,13.543996810913086,13.543996810913086,0,0.0,0.0
2014-07-18 00:00:00-04:00,13.571833872487057,13.571833872487057,13.50223445892334,13.50223445892334,600,0.0,0.0
2014-07-21 00:00:00-04:00,13.50223445892334,13.50223445892334,13.50223445892334,13.50223445892334,0,0.0,0.0
2014-07-22 00:00:00-04:00,13.50223445892334,13.50223445892334,13.50223445892334,13.50223445892334,0,0.0,0.0
2014-07-23 00:00:00-04:00,13.50223445892334,13.50223445892334,13.50223445892334,13.50223445892334,0,0.0,0.0
2014-07-24 00:00:00-04:00,13.488322721814104,13.50920295715332,13.488322721814104,13.50920295715332,600,0.0,0.0
2014-07-25 00:00:00-04:00,13.50920295715332,13.50920295715332,13.50920295715332,13.50920295715332,0,0.0,0.0
2014-07-28 00:00:00-04:00,13.467433291463358,13.467433291463358,13.453513145446777,13.453513145446777,400,0.0,0.0
2014-07-29 00:00:00-04:00,13.48136043548584,13.48136043548584,13.48136043548584,13.48136043548584,400,0.0,0.0
2014-07-30 00:00:00-04:00,13.453513303375638,13.453513303375638,13.446553230285643,13.446553230285645,900,0.0,0.0
2014-07-31 00:00:00-04:00,13.446553230285643,13.446553230285643,13.446553230285643,13.446553230285645,0,0.0,0.0
2014-08-01 00:00:00-04:00,13.446553230285643,13.446553230285643,13.446553230285643,13.446553230285645,0,0.0,0.0
2014-08-04 00:00:00-04:00,13.48136043548584,13.48136043548584,13.48136043548584,13.48136043548584,200,0.0,0.0
2014-08-05 00:00:00-04:00,13.48136043548584,13.48136043548584,13.48136043548584,13.48136043548584,0,0.0,0.0
2014-08-06 00:00:00-04:00,13.48136043548584,13.48136043548584,13.48136043548584,13.48136043548584,0,0.0,0.0
2014-08-07 00:00:00-04:00,13.48136043548584,13.48136043548584,13.48136043548584,13.48136043548584,0,0.0,0.0
2014-08-08 00:00:00-04:00,13.45352351625162,13.571842193603516,13.45352351625162,13.571842193603516,600,0.0,0.0
2014-08-11 00:00:00-04:00,13.571842193603516,13.571842193603516,13.571842193603516,13.571842193603516,100,0.0,0.0
2014-08-12 00:00:00-04:00,13.578800989870075,13.613617897033691,13.578800989870075,13.613617897033691,400,0.01,0.0
2014-08-13 00:00:00-04:00,13.488278293088605,13.578803062438965,13.47435099682545,13.578803062438965,1100,0.0,0.0
2014-08-14 00:00:00-04:00,13.578794565454466,13.585758209228516,13.578794565454466,13.585758209228516,1200,0.0,0.0
2014-08-15 00:00:00-04:00,13.578803062438965,13.578803062438965,13.495240613040108,13.578803062438965,500,0.0,0.0
2014-08-18 00:00:00-04:00,13.488274574279785,13.488274574279785,13.488274574279785,13.488274574279785,500,0.0,0.0
2014-08-19 00:00:00-04:00,13.592730358702122,15.062025581783066,13.56487576617581,13.578803062438965,4200,0.0,0.0
2014-08-20 00:00:00-04:00,13.85733441492139,13.996604641475097,13.829481166518235,13.926969528198242,4100,0.0,0.0
2014-08-21 00:00:00-04:00,13.926982667376315,13.926982667376315,13.85734748840332,13.85734748840332,700,0.0,0.0
2014-08-22 00:00:00-04:00,13.718065516546995,13.926969528198242,13.718065516546995,13.926969528198242,300,0.0,0.0
2014-08-25 00:00:00-04:00,13.92697661080657,14.010539054870604,13.92697661080657,14.010539054870605,1200,0.0,0.0
2014-08-26 00:00:00-04:00,13.989644050598145,13.989644050598145,13.989644050598145,13.989644050598145,500,0.0,0.0
2014-08-27 00:00:00-04:00,13.989644050598145,13.989644050598145,13.989644050598145,13.989644050598145,0,0.0,0.0
2014-08-28 00:00:00-04:00,14.184621532864899,14.184621532864899,13.996607092546295,14.066242218017578,3500,0.0,0.0
2014-08-29 00:00:00-04:00,14.06624221801758,14.06624221801758,14.06624221801758,14.066242218017578,0,0.0,0.0
2014-09-02 00:00:00-04:00,13.933939930953798,13.982684135437012,13.933939930953798,13.982684135437012,400,0.0,0.0
2014-09-03 00:00:00-04:00,13.982684135437012,13.982684135437012,13.982684135437012,13.982684135437012,0,0.0,0.0
2014-09-04 00:00:00-04:00,13.982684135437012,13.982684135437012,13.982684135437012,13.982684135437012,0,0.0,0.0
2014-09-05 00:00:00-04:00,14.017498016357422,14.101060440403312,13.933936920491204,14.017498016357422,6600,0.0,0.0
2014-09-08 00:00:00-04:00,14.031426762220867,14.094098254703894,14.031426762220867,14.059281349182129,3200,0.0,0.0
2014-09-09 00:00:00-04:00,14.017498016357422,14.017498016357422,14.017498016357422,14.017498016357422,100,0.0,0.0
2014-09-10 00:00:00-04:00,14.195196151733397,14.195196151733397,14.195196151733397,14.195196151733398,100,0.015,0.0
2014-09-11 00:00:00-04:00,14.195196151733397,14.195196151733397,14.195196151733397,14.195196151733398,0,0.0,0.0
2014-09-12 00:00:00-04:00,14.007043838500977,14.007043838500977,14.007043838500977,14.007043838500977,500,0.0,0.0
2014-09-15 00:00:00-04:00,14.007043838500977,14.007043838500977,14.007043838500977,14.007043838500977,0,0.0,0.0
2014-09-16 00:00:00-04:00,14.007045577070812,14.153387203514928,14.007045577070812,14.076732635498047,1000,0.0,0.0
2014-09-17 00:00:00-04:00,14.243980407714844,14.243980407714844,14.237011569136381,14.243980407714844,2300,0.0,0.0
2014-09-18 00:00:00-04:00,14.00704792347827,14.111577864044538,14.00704792347827,14.02098560333252,1800,0.0,0.0
2014-09-19 00:00:00-04:00,14.014014415830545,14.090668983847426,14.014014415830545,14.076732635498047,3600,0.0,0.0
2014-09-22 00:00:00-04:00,14.076732635498047,14.076732635498047,14.076732635498047,14.076732635498047,0,0.0,0.0
2014-09-23 00:00:00-04:00,14.076732635498047,14.076732635498047,14.076732635498047,14.076732635498047,0,0.0,0.0
2014-09-24 00:00:00-04:00,14.014013978136981,14.132481575012207,14.014013978136981,14.132481575012207,800,0.0,0.0
2014-09-25 00:00:00-04:00,14.132481575012207,14.132481575012207,14.132481575012207,14.132481575012207,0,0.0,0.0
2014-09-26 00:00:00-04:00,14.014023780822754,14.04886666873539,14.014023780822754,14.014023780822754,2700,0.0,0.0
2014-09-29 00:00:00-04:00,14.014023780822754,14.014023780822754,14.014023780822754,14.014023780822754,0,0.0,0.0
2014-09-30 00:00:00-04:00,13.937362670898438,13.937362670898438,13.937362670898438,13.937362670898438,800,0.0,0.0
2014-10-01 00:00:00-04:00,13.937362670898438,13.937362670898438,13.937362670898438,13.937362670898438,300,0.0,0.0
2014-10-02 00:00:00-04:00,13.95130035257025,13.95130035257025,13.937362670898438,13.937362670898438,1000,0.0,0.0
2014-10-03 00:00:00-04:00,14.2161067308477,14.2161067308477,14.069765090942381,14.069765090942383,400,0.0,0.0
2014-10-06 00:00:00-04:00,13.937359538280337,14.237012981020593,13.923421859741213,13.923421859741211,1500,0.0,0.0
2014-10-07 00:00:00-04:00,13.923421859741213,13.923421859741213,13.923421859741213,13.923421859741211,0,0.0,0.0
2014-10-08 00:00:00-04:00,13.86767578125,13.86767578125,13.86767578125,13.86767578125,400,0.0,0.0
2014-10-09 00:00:00-04:00,13.878134727478027,13.878134727478027,13.878134727478027,13.878134727478027,0,0.015,0.0
2014-10-10 00:00:00-04:00,13.947871208190918,13.947871208190918,13.947871208190918,13.947871208190918,1100,0.0,0.0
2014-10-13 00:00:00-04:00,13.947871208190918,13.947871208190918,13.947871208190918,13.947871208190918,0,0.0,0.0
2014-10-14 00:00:00-04:00,13.947874365339315,13.947874365339315,13.878134727478027,13.878134727478027,2900,0.0,0.0
2014-10-15 00:00:00-04:00,13.878132950679477,14.003664016723633,13.878132950679477,14.003664016723633,800,0.0,0.0
2014-10-16 00:00:00-04:00,13.88510882428145,14.171040142357072,13.878134727478027,13.878134727478027,900,0.0,0.0
2014-10-17 00:00:00-04:00,14.212877685850524,14.212877685850524,14.087347984313967,14.087347984313965,800,0.0,0.0
2014-10-20 00:00:00-04:00,14.087347984313967,14.087347984313967,14.087347984313967,14.087347984313965,0,0.0,0.0
2014-10-21 00:00:00-04:00,14.017614003200602,14.017614003200602,13.878134727478027,13.878134727478027,600,0.0,0.0
2014-10-22 00:00:00-04:00,13.919977978125617,13.919977978125617,13.878134727478027,13.878134727478027,700,0.0,0.0
2014-10-23 00:00:00-04:00,13.878134727478027,13.878134727478027,13.878134727478027,13.878134727478027,0,0.0,0.0
2014-10-24 00:00:00-04:00,13.878134727478027,13.878134727478027,13.878134727478027,13.878134727478027,0,0.0,0.0
2014-10-27 00:00:00-04:00,13.878134727478027,13.878134727478027,13.878134727478027,13.878134727478027,0,0.0,0.0
2014-10-28 00:00:00-04:00,13.878134727478027,13.878134727478027,13.878134727478027,13.878134727478027,0,0.0,0.0
2014-10-29 00:00:00-04:00,13.878134727478027,13.878134727478027,13.878134727478027,13.878134727478027,0,0.0,0.0
2014-10-30 00:00:00-04:00,13.878134727478027,13.878134727478027,13.878134727478027,13.878134727478027,0,0.0,0.0
2014-10-31 00:00:00-04:00,13.885114025303388,14.024593353271484,13.878139925887636,14.024593353271484,1400,0.0,0.0
2014-11-03 00:00:00-05:00,13.864186533871178,13.878134727478027,13.80839508961674,13.878134727478027,2500,0.0,0.0
2014-11-04 00:00:00-05:00,13.878134727478027,13.878134727478027,13.878134727478027,13.878134727478027,0,0.0,0.0
2014-11-05 00:00:00-05:00,13.822343283223589,13.878134727478027,13.822343283223589,13.878134727478027,2000,0.0,0.0
2014-11-06 00:00:00-05:00,13.878134727478027,13.878134727478027,13.878134727478027,13.878134727478027,0,0.0,0.0
2014-11-07 00:00:00-05:00,13.8223352432251,13.8223352432251,13.8223352432251,13.822335243225098,600,0.0,0.0
2014-11-10 00:00:00-05:00,13.8223352432251,13.8223352432251,13.8223352432251,13.822335243225098,0,0.0,0.0
2014-11-11 00:00:00-05:00,13.836283428718746,13.836283428718746,13.8223352432251,13.822335243225098,600,0.0,0.0
2014-11-12 00:00:00-05:00,13.846775671854783,13.846775671854783,13.8049007152547,13.81885814666748,4700,0.015,0.0
2014-11-13 00:00:00-05:00,13.839796290557958,14.00729744813916,13.81885814666748,13.81885814666748,1800,0.0,0.0
2014-11-14 00:00:00-05:00,13.951455598126921,13.951455598126921,13.825829470359901,13.860726356506348,2000,0.0,0.0
2014-11-17 00:00:00-05:00,13.832816909261131,13.832816909261131,13.81885814666748,13.81885814666748,3700,0.0,0.0
2014-11-18 00:00:00-05:00,13.81885591206764,13.81885591206764,13.783960342407227,13.783960342407227,5400,0.0,0.0
2014-11-19 00:00:00-05:00,13.783960342407227,13.783960342407227,13.783960342407227,13.783960342407227,2000,0.0,0.0
2014-11-20 00:00:00-05:00,13.783960342407227,13.783960342407227,13.783960342407227,13.783960342407227,500,0.0,0.0
2014-11-21 00:00:00-05:00,13.81885814666748,13.81885814666748,13.81885814666748,13.81885814666748,300,0.0,0.0
2014-11-24 00:00:00-05:00,13.783959044839243,13.783959044839243,13.756041526794434,13.756041526794434,1400,0.0,0.0
2014-11-25 00:00:00-05:00,13.797917756867802,13.818854564149571,13.763020859430645,13.790938377380371,1300,0.0,0.0
2014-11-26 00:00:00-05:00,13.763014793395996,13.763014793395996,13.763014793395996,13.763014793395996,100,0.0,0.0
2014-11-28 00:00:00-05:00,13.763014793395996,13.763014793395996,13.763014793395996,13.763014793395996,0,0.0,0.0
2014-12-01 00:00:00-05:00,13.783952922629831,13.797911675452388,13.763014793395996,13.763014793395996,6200,0.0,0.0
2014-12-02 00:00:00-05:00,13.763022201902585,13.783960342407227,13.763022201902585,13.783960342407227,800,0.0,0.0
2014-12-03 00:00:00-05:00,13.763015492533729,13.825828552246094,13.763015492533729,13.825828552246094,5300,0.0,0.0
2014-12-04 00:00:00-05:00,13.81885814666748,13.81885814666748,13.81885814666748,13.81885814666748,2600,0.0,0.0
2014-12-05 00:00:00-05:00,13.88166223519264,13.88166223519264,13.825828552246094,13.825828552246094,1400,0.0,0.0
2014-12-08 00:00:00-05:00,13.81885814666748,13.81885814666748,13.81885814666748,13.81885814666748,400,0.0,0.0
2014-12-09 00:00:00-05:00,13.81885814666748,13.81885814666748,13.81885814666748,13.81885814666748,0,0.0,0.0
2014-12-10 00:00:00-05:00,13.871241343449578,14.05283881642711,13.86425667154391,13.934102058410645,3000,0.015,0.0
2014-12-11 00:00:00-05:00,13.955055236816406,13.955055236816406,13.955055236816406,13.955055236816406,600,0.0,0.0
2014-12-12 00:00:00-05:00,13.829327120968845,13.829327120968845,13.815359115600586,13.815359115600586,900,0.0,0.0
2014-12-15 00:00:00-05:00,13.829327120968845,14.094739205806041,13.815359115600586,13.815359115600586,2400,0.0,0.0
2014-12-16 00:00:00-05:00,13.815359115600586,13.815359115600586,13.815359115600586,13.815359115600586,0,0.0,0.0
2014-12-17 00:00:00-05:00,13.822343784379392,13.829327120968845,13.815359115600586,13.815359115600586,700,0.0,0.0
2014-12-18 00:00:00-05:00,13.815359785148031,13.864251136779785,13.815359785148031,13.864251136779785,1900,0.0,0.0
2014-12-19 00:00:00-05:00,13.864251136779785,13.864251136779785,13.864251136779785,13.864251136779785,0,0.0,0.0
2014-12-22 00:00:00-05:00,13.843296458526456,13.843296458526456,13.815359115600586,13.815359115600586,2600,0.0,0.0
2014-12-23 00:00:00-05:00,13.815359115600586,13.815359115600586,13.815359115600586,13.815359115600586,0,0.0,0.0
2014-12-24 00:00:00-05:00,13.815359115600586,13.815359115600586,13.815359115600586,13.815359115600586,0,0.0,0.0
2014-12-26 00:00:00-05:00,13.829327120968845,13.829327120968845,13.815359115600586,13.815359115600586,400,0.0,0.0
2014-12-29 00:00:00-05:00,13.815357317295211,14.052830696105957,13.766464642207792,14.052830696105957,3100,0.0,0.0
2014-12-30 00:00:00-05:00,14.038867912667378,14.045852583796936,13.79440975189209,13.79440975189209,4400,0.0,0.0
2014-12-31 00:00:00-05:00,13.878216884799375,13.878216884799375,13.808371543884277,13.808371543884277,600,0.0,0.0
2015-01-02 00:00:00-05:00,14.038861274719238,14.038861274719238,14.038861274719238,14.038861274719238,200,0.0,0.0
2015-01-05 00:00:00-05:00,14.052830696105957,14.052830696105957,14.052830696105957,14.052830696105957,100,0.0,0.0
2015-01-06 00:00:00-05:00,14.052830696105957,14.052830696105957,14.052830696105957,14.052830696105957,0,0.0,0.0
2015-01-07 00:00:00-05:00,14.052830696105957,14.052830696105957,14.052830696105957,14.052830696105957,0,0.0,0.0
2015-01-08 00:00:00-05:00,14.06679439544678,14.06679439544678,14.06679439544678,14.066794395446777,1500,0.0,0.0
2015-01-09 00:00:00-05:00,13.969019601880168,14.017910957336426,13.969019601880168,14.017910957336426,400,0.0,0.0
2015-01-12 00:00:00-05:00,14.028389930725098,14.028389930725098,14.028389930725098,14.028389930725098,0,0.015,0.0
2015-01-13 00:00:00-05:00,13.909568786621094,13.909568786621094,13.909568786621094,13.909568786621094,0,0.0,0.0
2015-01-14 00:00:00-05:00,13.909568786621094,13.909568786621094,13.909568786621094,13.909568786621094,0,0.0,0.0
2015-01-15 00:00:00-05:00,13.97946834564209,13.97946834564209,13.97946834564209,13.97946834564209,200,0.0,0.0
2015-01-16 00:00:00-05:00,13.937528359320648,14.11926158231034,13.909568786621094,13.909568786621094,5300,0.0,0.0
2015-01-20 00:00:00-05:00,13.979466385184177,13.979466385184177,13.909568786621094,13.909568786621094,700,0.0,0.0
2015-01-21 00:00:00-05:00,13.909568786621094,13.909568786621094,13.909568786621094,13.909568786621094,400,0.0,0.0
2015-01-22 00:00:00-05:00,13.909568786621094,13.909568786621094,13.909568786621094,13.909568786621094,0,0.0,0.0
2015-01-23 00:00:00-05:00,13.846661982252776,13.909569691734454,13.818703740919748,13.839672088623047,4200,0.0,0.0
2015-01-26 00:00:00-05:00,13.839672088623047,13.839672088623047,13.839672088623047,13.839672088623047,0,0.0,0.0
2015-01-27 00:00:00-05:00,13.825693959951769,13.825693959951769,13.811714172363281,13.811714172363281,500,0.0,0.0
2015-01-28 00:00:00-05:00,13.811714172363281,13.811714172363281,13.811714172363281,13.811714172363281,0,0.0,0.0
2015-01-29 00:00:00-05:00,13.811714172363281,13.811714172363281,13.811714172363281,13.811714172363281,300,0.0,0.0
2015-01-30 00:00:00-05:00,13.811714172363281,13.811714172363281,13.811714172363281,13.811714172363281,0,0.0,0.0
2015-02-02 00:00:00-05:00,14.238089096638305,14.238089096638305,13.96548855733181,13.97946834564209,3200,0.0,0.0
2015-02-03 00:00:00-05:00,13.853652000427246,13.853652000427246,13.853652000427246,13.853652000427246,400,0.0,0.0
2015-02-04 00:00:00-05:00,13.853652000427246,13.853652000427246,13.853652000427246,13.853652000427246,0,0.0,0.0
2015-02-05 00:00:00-05:00,13.853657305168996,13.979472773439781,13.853657305168996,13.860647201538086,2500,0.0,0.0
2015-02-06 00:00:00-05:00,13.825697898864746,13.8606460446067,13.825697898864746,13.825697898864746,4200,0.0,0.0
2015-02-09 00:00:00-05:00,13.839672088623047,13.860641769512236,13.839672088623047,13.839672088623047,1900,0.0,0.0
2015-02-10 00:00:00-05:00,13.860641769512236,13.860641769512236,13.839672088623047,13.839672088623047,200,0.0,0.0
2015-02-11 00:00:00-05:00,13.871852834303139,13.962792281286262,13.787907600402832,13.787907600402832,8000,0.016,0.0
2015-02-12 00:00:00-05:00,13.864857286956095,13.864857286956095,13.787907600402832,13.787907600402832,2100,0.0,0.0
2015-02-13 00:00:00-05:00,13.787905826640603,13.85086441040039,13.787905826640603,13.85086441040039,200,0.0,0.0
2015-02-17 00:00:00-05:00,13.85086441040039,13.85086441040039,13.85086441040039,13.85086441040039,0,0.0,0.0
2015-02-18 00:00:00-05:00,13.85086441040039,13.85086441040039,13.85086441040039,13.85086441040039,600,0.0,0.0
2015-02-19 00:00:00-05:00,13.85086441040039,13.85086441040039,13.85086441040039,13.85086441040039,0,0.0,0.0
2015-02-20 00:00:00-05:00,13.85086441040039,13.85086441040039,13.85086441040039,13.85086441040039,600,0.0,0.0
2015-02-23 00:00:00-05:00,13.850868368506305,13.850868368506305,13.801900863647461,13.801900863647461,1200,0.0,0.0
2015-02-24 00:00:00-05:00,13.801900863647461,13.801900863647461,13.801900863647461,13.801900863647461,0,0.0,0.0
2015-02-25 00:00:00-05:00,13.913817405700684,13.913817405700684,13.913817405700684,13.913817405700684,500,0.0,0.0
2015-02-26 00:00:00-05:00,13.913817405700684,13.913817405700684,13.913817405700684,13.913817405700684,900,0.0,0.0
2015-02-27 00:00:00-05:00,13.857863285032769,13.906830787658691,13.850867736905583,13.906830787658691,2000,0.0,0.0
2015-03-02 00:00:00-05:00,13.913817405700684,13.913817405700684,13.913817405700684,13.913817405700684,4100,0.0,0.0
2015-03-03 00:00:00-05:00,13.892838478088379,13.892838478088379,13.892838478088379,13.892838478088379,400,0.0,0.0
2015-03-04 00:00:00-05:00,13.892838478088379,13.892838478088379,13.892838478088379,13.892838478088379,0,0.0,0.0
2015-03-05 00:00:00-05:00,13.654997825622559,13.654997825622559,13.654997825622559,13.654997825622559,0,0.0,0.0
2015-03-06 00:00:00-05:00,13.550065040588379,13.550065040588379,13.550065040588379,13.550065040588379,0,0.0,0.0
2015-03-09 00:00:00-04:00,13.885841931418037,13.920818328857424,13.885841931418037,13.920818328857422,1500,0.0,0.0
2015-03-10 00:00:00-04:00,14.186647502723778,14.186647502723778,14.130684451469547,14.165660858154297,1600,0.0,0.0
2015-03-11 00:00:00-04:00,14.176859855651855,14.176859855651855,14.176859855651855,14.176859855651855,0,0.016,0.0
2015-03-12 00:00:00-04:00,13.889822006225586,13.889822006225586,13.889822006225586,13.889822006225586,0,0.0,0.0
2015-03-13 00:00:00-04:00,13.889822006225586,13.889822006225586,13.889822006225586,13.889822006225586,0,0.0,0.0
2015-03-16 00:00:00-04:00,13.882820927691213,13.889822006225586,13.882820927691213,13.889822006225586,1300,0.0,0.0
2015-03-17 00:00:00-04:00,13.889822006225586,13.889822006225586,13.889822006225586,13.889822006225586,0,0.0,0.0
2015-03-18 00:00:00-04:00,13.889822006225586,13.889822006225586,13.889822006225586,13.889822006225586,0,0.0,0.0
2015-03-19 00:00:00-04:00,13.917824745178223,13.917824745178223,13.917824745178223,13.917824745178223,700,0.0,0.0
2015-03-20 00:00:00-04:00,13.917824745178223,13.917824745178223,13.917824745178223,13.917824745178223,0,0.0,0.0
2015-03-23 00:00:00-04:00,14.015841794508024,14.015841794508024,13.882823944091797,13.882823944091797,2300,0.0,0.0
2015-03-24 00:00:00-04:00,13.882823944091797,13.882823944091797,13.882823944091797,13.882823944091797,0,0.0,0.0
2015-03-25 00:00:00-04:00,13.882823944091797,13.882823944091797,13.882823944091797,13.882823944091797,900,0.0,0.0
2015-03-26 00:00:00-04:00,13.882823944091797,13.882823944091797,13.882823944091797,13.882823944091797,400,0.0,0.0
2015-03-27 00:00:00-04:00,13.882823944091797,13.882823944091797,13.882823944091797,13.882823944091797,0,0.0,0.0
2015-03-30 00:00:00-04:00,13.882823944091797,13.882823944091797,13.882823944091797,13.882823944091797,800,0.0,0.0
2015-03-31 00:00:00-04:00,13.882823944091797,13.882823944091797,13.882823944091797,13.882823944091797,300,0.0,0.0
2015-04-01 00:00:00-04:00,13.882823944091797,13.882823944091797,13.882823944091797,13.882823944091797,0,0.0,0.0
2015-04-02 00:00:00-04:00,13.882823944091797,13.882823944091797,13.882823944091797,13.882823944091797,0,0.0,0.0
2015-04-06 00:00:00-04:00,13.882823944091797,13.882823944091797,13.882823944091797,13.882823944091797,0,0.0,0.0
2015-04-07 00:00:00-04:00,13.882823944091797,13.882823944091797,13.882823944091797,13.882823944091797,0,0.0,0.0
2015-04-08 00:00:00-04:00,13.882819639904833,13.882819639904833,13.86181640625,13.86181640625,1300,0.0,0.0
2015-04-09 00:00:00-04:00,13.86181640625,13.86181640625,13.86181640625,13.86181640625,0,0.0,0.0
2015-04-10 00:00:00-04:00,14.335433164356438,14.335433164356438,14.038983967849425,14.046042442321777,5800,0.161,0.0
2015-04-13 00:00:00-04:00,14.046037937702847,14.229554176330565,14.046037937702847,14.229554176330566,2400,0.0,0.0
2015-04-14 00:00:00-04:00,14.046041652875896,14.300141334533691,14.046041652875896,14.300141334533691,600,0.0,0.0
2015-04-15 00:00:00-04:00,14.081335067749023,14.088392196081854,14.046042694753002,14.081335067749023,3900,0.0,0.0
2015-04-16 00:00:00-04:00,14.046038592021524,14.335429234728418,13.975455212912676,14.116621971130371,5000,0.0,0.0
2015-04-17 00:00:00-04:00,14.286022146362406,14.356605529785156,14.286022146362406,14.356605529785156,1500,0.0,0.0
2015-04-20 00:00:00-04:00,13.989575992809316,14.046042442321777,13.975459043864612,14.046042442321777,1900,0.0,0.0
2015-04-21 00:00:00-04:00,14.046042442321777,14.046042442321777,14.046042442321777,14.046042442321777,0,0.0,0.0
2015-04-22 00:00:00-04:00,14.187211036682129,14.187211036682129,14.187211036682129,14.187211036682129,100,0.0,0.0
2015-04-23 00:00:00-04:00,14.547185790336282,14.547185790336282,14.293086051940918,14.293086051940918,400,0.0,0.0
2015-04-24 00:00:00-04:00,13.996634467281668,14.05310091679413,13.982517518336964,14.046042442321777,3300,0.0,0.0
2015-04-27 00:00:00-04:00,14.116622505910492,14.413071632385254,14.116622505910492,14.413071632385254,1000,0.0,0.0
2015-04-28 00:00:00-04:00,14.081335067749023,14.081335067749023,14.081335067749023,14.081335067749023,100,0.0,0.0
2015-04-29 00:00:00-04:00,14.081335067749023,14.081335067749023,14.081335067749023,14.081335067749023,0,0.0,0.0
2015-04-30 00:00:00-04:00,14.194263749640589,14.307196617126465,14.194263749640589,14.307196617126465,1400,0.0,0.0
2015-05-01 00:00:00-04:00,14.22249984741211,14.22249984741211,14.22249984741211,14.22249984741211,100,0.0,0.0
2015-05-04 00:00:00-04:00,14.22249984741211,14.22249984741211,14.22249984741211,14.22249984741211,300,0.0,0.0
2015-05-05 00:00:00-04:00,14.18014972661038,14.222499224077659,14.18014972661038,14.21544075012207,4200,0.0,0.0
2015-05-06 00:00:00-04:00,14.088392196081854,14.088392196081854,14.081335067749023,14.081335067749023,1900,0.0,0.0
2015-05-07 00:00:00-04:00,14.081335067749023,14.081335067749023,14.081335067749023,14.081335067749023,0,0.0,0.0
2015-05-08 00:00:00-04:00,14.215441373147167,14.243675270206937,14.215441373147167,14.22249984741211,2600,0.0,0.0
2015-05-11 00:00:00-04:00,14.151915550231934,14.151915550231934,14.151915550231934,14.151915550231934,800,0.0,0.0
2015-05-12 00:00:00-04:00,14.163220405578612,14.163220405578612,14.163220405578612,14.163220405578613,0,0.016,0.0
2015-05-13 00:00:00-04:00,14.163220405578612,14.163220405578612,14.163220405578612,14.163220405578613,0,0.0,0.0
2015-05-14 00:00:00-04:00,14.403395517623252,14.403395517623252,14.198541641235352,14.198541641235352,1400,0.0,0.0
2015-05-15 00:00:00-04:00,14.198541641235352,14.198541641235352,14.198541641235352,14.198541641235352,0,0.0,0.0
2015-05-18 00:00:00-04:00,14.198538964184324,14.198538964184324,14.05019532198018,14.099642753601074,1900,0.0,0.0
2015-05-19 00:00:00-04:00,14.396325745937885,14.396325745937885,14.036065575721205,14.127896308898926,3900,0.0,0.0
2015-05-20 00:00:00-04:00,14.622378966577337,14.622378966577337,14.106709524618035,14.198541641235352,2000,0.0,0.0
2015-05-21 00:00:00-04:00,14.134967736286175,14.41046142578125,14.134967736286175,14.41046142578125,800,0.0,0.0
2015-05-22 00:00:00-04:00,14.41046142578125,14.41046142578125,14.41046142578125,14.41046142578125,0,0.0,0.0
2015-05-26 00:00:00-04:00,14.41046142578125,14.41046142578125,14.41046142578125,14.41046142578125,0,0.0,0.0
2015-05-27 00:00:00-04:00,14.41046142578125,14.41046142578125,14.41046142578125,14.41046142578125,0,0.0,0.0
2015-05-28 00:00:00-04:00,14.41046142578125,14.41046142578125,14.41046142578125,14.41046142578125,0,0.0,0.0
2015-05-29 00:00:00-04:00,14.41046142578125,14.41046142578125,14.41046142578125,14.41046142578125,0,0.0,0.0
2015-06-01 00:00:00-04:00,14.41046142578125,14.41046142578125,14.41046142578125,14.41046142578125,0,0.0,0.0
2015-06-02 00:00:00-04:00,14.41046142578125,14.41046142578125,14.41046142578125,14.41046142578125,0,0.0,0.0
2015-06-03 00:00:00-04:00,14.290380477905273,14.290380477905273,14.290380477905273,14.290380477905273,200,0.0,0.0
2015-06-04 00:00:00-04:00,14.304502487182617,14.304502487182617,14.304502487182617,14.304502487182617,100,0.0,0.0
2015-06-05 00:00:00-04:00,14.198539850928805,14.233859062194826,14.198539850928805,14.233859062194824,1100,0.0,0.0
2015-06-08 00:00:00-04:00,14.233859062194826,14.233859062194826,14.233859062194826,14.233859062194824,0,0.0,0.0
2015-06-09 00:00:00-04:00,14.156155586242676,14.156155586242676,14.156155586242676,14.156155586242676,1000,0.0,0.0
2015-06-10 00:00:00-04:00,14.160391349325709,14.160391349325709,14.139182090759277,14.139182090759277,3600,0.016,0.0
2015-06-11 00:00:00-04:00,14.188678989580303,14.351279374341807,14.188678989580303,14.330071449279785,5400,0.0,0.0
2015-06-12 00:00:00-04:00,14.372478841750503,14.450244776368828,14.372478841750503,14.414896011352539,1300,0.0,0.0
2015-06-15 00:00:00-04:00,14.365409088747246,14.414896011352539,14.365409088747246,14.414896011352539,700,0.0,0.0
2015-06-16 00:00:00-04:00,14.414896011352539,14.414896011352539,14.414896011352539,14.414896011352539,0,0.0,0.0
2015-06-17 00:00:00-04:00,14.337135314941404,14.337135314941404,14.337135314941404,14.337135314941406,100,0.0,0.0
2015-06-18 00:00:00-04:00,14.337135314941404,14.337135314941404,14.337135314941404,14.337135314941406,0,0.0,0.0
2015-06-19 00:00:00-04:00,14.40783692990115,14.40783692990115,14.351280212402346,14.351280212402344,200,0.0,0.0
2015-06-22 00:00:00-04:00,14.351280212402346,14.351280212402346,14.351280212402346,14.351280212402344,0,0.0,0.0
2015-06-23 00:00:00-04:00,14.379544258117678,14.379544258117678,14.379544258117678,14.379544258117676,600,0.0,0.0
2015-06-24 00:00:00-04:00,14.379544258117678,14.379544258117678,14.379544258117678,14.379544258117676,0,0.0,0.0
2015-06-25 00:00:00-04:00,14.379544258117678,14.379544258117678,14.379544258117678,14.379544258117676,0,0.0,0.0
2015-06-26 00:00:00-04:00,14.386617660522461,14.386617660522461,14.386617660522461,14.386617660522461,600,0.0,0.0
2015-06-29 00:00:00-04:00,14.386617660522461,14.386617660522461,14.386617660522461,14.386617660522461,0,0.0,0.0
2015-06-30 00:00:00-04:00,14.386617660522461,14.386617660522461,14.386617660522461,14.386617660522461,0,0.0,0.0
2015-07-01 00:00:00-04:00,14.386617660522461,14.386617660522461,14.386617660522461,14.386617660522461,0,0.0,0.0
2015-07-02 00:00:00-04:00,14.386617660522461,14.386617660522461,14.386617660522461,14.386617660522461,0,0.0,0.0
2015-07-06 00:00:00-04:00,14.330071449279787,14.330071449279787,14.330071449279787,14.330071449279785,400,0.0,0.0
2015-07-07 00:00:00-04:00,14.330071449279787,14.330071449279787,14.330071449279787,14.330071449279785,0,0.0,0.0
2015-07-08 00:00:00-04:00,14.330071449279787,14.330071449279787,14.330071449279787,14.330071449279785,0,0.0,0.0
2015-07-09 00:00:00-04:00,14.330071449279787,14.330071449279787,14.330071449279787,14.330071449279785,100,0.0,0.0
2015-07-10 00:00:00-04:00,14.341391563415527,14.341391563415527,14.341391563415527,14.341391563415527,0,0.016,0.0
2015-07-13 00:00:00-04:00,14.341391563415527,14.341391563415527,14.341391563415527,14.341391563415527,0,0.0,0.0
2015-07-14 00:00:00-04:00,14.369682312011719,14.369682312011719,14.369682312011719,14.369682312011719,200,0.0,0.0
2015-07-15 00:00:00-04:00,14.341391563415527,14.341391563415527,14.341391563415527,14.341391563415527,500,0.0,0.0
2015-07-16 00:00:00-04:00,14.397984504699707,14.397984504699707,14.397984504699707,14.397984504699707,300,0.0,0.0
2015-07-17 00:00:00-04:00,14.397984504699707,14.397984504699707,14.397984504699707,14.397984504699707,0,0.0,0.0
2015-07-20 00:00:00-04:00,14.397984504699707,14.397984504699707,14.397984504699707,14.397984504699707,0,0.0,0.0
2015-07-21 00:00:00-04:00,14.397984504699707,14.397984504699707,14.397984504699707,14.397984504699707,0,0.0,0.0
2015-07-22 00:00:00-04:00,14.397984504699707,14.397984504699707,14.397984504699707,14.397984504699707,0,0.0,0.0
2015-07-23 00:00:00-04:00,14.341383663826557,14.341383663826557,14.16450424424157,14.214030265808105,5800,0.0,0.0
2015-07-24 00:00:00-04:00,14.164505106704086,14.235257148742676,14.164505106704086,14.235257148742676,700,0.0,0.0
2015-07-27 00:00:00-04:00,14.235257148742676,14.235257148742676,14.235257148742676,14.235257148742676,0,0.0,0.0
2015-07-28 00:00:00-04:00,14.164509773254395,14.164509773254395,14.164509773254395,14.164509773254395,1200,0.0,0.0
2015-07-29 00:00:00-04:00,14.164509773254395,14.164509773254395,14.164509773254395,14.164509773254395,0,0.0,0.0
2015-07-30 00:00:00-04:00,14.164509773254395,14.164509773254395,14.164509773254395,14.164509773254395,0,0.0,0.0
2015-07-31 00:00:00-04:00,14.164509773254395,14.164509773254395,14.164509773254395,14.164509773254395,0,0.0,0.0
2015-08-03 00:00:00-04:00,14.164509773254395,14.164509773254395,14.164509773254395,14.164509773254395,0,0.0,0.0
2015-08-04 00:00:00-04:00,14.39798444733073,14.412135124206543,14.39798444733073,14.412135124206543,5000,0.0,0.0
2015-08-05 00:00:00-04:00,14.426288604736328,14.426288604736328,14.426288604736328,14.426288604736328,5000,0.0,0.0
2015-08-06 00:00:00-04:00,14.426288604736328,14.426288604736328,14.426288604736328,14.426288604736328,0,0.0,0.0
2015-08-07 00:00:00-04:00,14.433365261746529,14.433365261746529,14.291862487792969,14.291862487792969,400,0.0,0.0
2015-08-10 00:00:00-04:00,14.291862487792969,14.291862487792969,14.291862487792969,14.291862487792969,700,0.0,0.0
2015-08-11 00:00:00-04:00,14.291862487792969,14.291862487792969,14.291862487792969,14.291862487792969,0,0.0,0.0
2015-08-12 00:00:00-04:00,14.28903007507324,14.296111024978556,14.28903007507324,14.289030075073242,1500,0.016,0.0
2015-08-13 00:00:00-04:00,14.28903007507324,14.28903007507324,14.28903007507324,14.289030075073242,0,0.0,0.0
2015-08-14 00:00:00-04:00,14.28903007507324,14.28903007507324,14.28903007507324,14.289030075073242,0,0.0,0.0
2015-08-17 00:00:00-04:00,14.168654441833496,14.168654441833496,14.168654441833496,14.168654441833496,100,0.0,0.0
2015-08-18 00:00:00-04:00,14.168654441833496,14.168654441833496,14.168654441833496,14.168654441833496,0,0.0,0.0
2015-08-19 00:00:00-04:00,14.168654441833496,14.168654441833496,14.168654441833496,14.168654441833496,0,0.0,0.0
2015-08-20 00:00:00-04:00,14.168654441833496,14.168654441833496,14.168654441833496,14.168654441833496,0,0.0,0.0
2015-08-21 00:00:00-04:00,14.303193092346191,14.303193092346191,14.303193092346191,14.303193092346191,100,0.0,0.0
2015-08-24 00:00:00-04:00,14.168654441833496,14.168654441833496,14.168654441833496,14.168654441833496,200,0.0,0.0
2015-08-25 00:00:00-04:00,14.168654441833496,14.168654441833496,14.168654441833496,14.168654441833496,0,0.0,0.0
2015-08-26 00:00:00-04:00,14.232375926984528,14.232375926984528,14.161567817785132,14.21821403503418,900,0.0,0.0
2015-08-27 00:00:00-04:00,14.218214035034178,14.218214035034178,14.218214035034178,14.21821403503418,0,0.0,0.0
2015-08-28 00:00:00-04:00,14.161568517087106,14.161568517087106,14.012872695922852,14.012872695922852,1600,0.0,0.0
2015-08-31 00:00:00-04:00,14.062438011169434,14.062438011169434,14.062438011169434,14.062438011169434,300,0.0,0.0
2015-09-01 00:00:00-04:00,14.18989051604767,14.18989051604767,14.147404843447111,14.161566734313965,2100,0.0,0.0
2015-09-02 00:00:00-04:00,14.041195172132204,14.062438011169434,14.041195172132204,14.062438011169434,300,0.0,0.0
2015-09-03 00:00:00-04:00,14.062438011169434,14.062438011169434,14.062438011169434,14.062438011169434,0,0.0,0.0
2015-09-04 00:00:00-04:00,14.168652282287713,14.168652282287713,14.147409439086914,14.147409439086914,700,0.0,0.0
2015-09-08 00:00:00-04:00,14.147409439086914,14.147409439086914,14.147409439086914,14.147409439086914,0,0.0,0.0
2015-09-09 00:00:00-04:00,14.147409439086914,14.147409439086914,14.147409439086914,14.147409439086914,0,0.0,0.0
2015-09-10 00:00:00-04:00,14.166552290219443,14.173639272059901,14.102770805358887,14.102770805358887,600,0.017,0.0
2015-09-11 00:00:00-04:00,14.102770805358887,14.102770805358887,14.102770805358887,14.102770805358887,0,0.0,0.0
2015-09-14 00:00:00-04:00,14.102770805358887,14.102770805358887,14.102770805358887,14.102770805358887,0,0.0,0.0
2015-09-15 00:00:00-04:00,14.102770805358887,14.102770805358887,14.102770805358887,14.102770805358887,0,0.0,0.0
2015-09-16 00:00:00-04:00,14.138202886052568,14.173636436462402,14.138202886052568,14.173636436462402,2000,0.0,0.0
2015-09-17 00:00:00-04:00,14.173636436462402,14.173636436462402,14.173636436462402,14.173636436462402,0,0.0,0.0
2015-09-18 00:00:00-04:00,14.145283699035645,14.145283699035645,14.145283699035645,14.145283699035645,100,0.0,0.0
2015-09-21 00:00:00-04:00,14.14528419342779,14.14528419342779,14.074417114257812,14.074417114257812,10400,0.0,0.0
2015-09-22 00:00:00-04:00,14.13110969552183,14.159456253051756,14.13110969552183,14.159456253051758,1200,0.0,0.0
2015-09-23 00:00:00-04:00,14.159456253051756,14.159456253051756,14.159456253051756,14.159456253051758,0,0.0,0.0
2015-09-24 00:00:00-04:00,14.074417114257812,14.074417114257812,14.074417114257812,14.074417114257812,400,0.0,0.0
2015-09-25 00:00:00-04:00,14.074417114257812,14.074417114257812,14.074417114257812,14.074417114257812,0,0.0,0.0
2015-09-28 00:00:00-04:00,14.074417114257812,14.074417114257812,14.074417114257812,14.074417114257812,0,0.0,0.0
2015-09-29 00:00:00-04:00,14.074417114257812,14.074417114257812,14.074417114257812,14.074417114257812,0,0.0,0.0
2015-09-30 00:00:00-04:00,14.074413538204649,14.109847068786621,14.074413538204649,14.109847068786621,800,0.0,0.0
2015-10-01 00:00:00-04:00,14.109847068786621,14.109847068786621,14.109847068786621,14.109847068786621,0,0.0,0.0
2015-10-02 00:00:00-04:00,14.081504092515388,14.14528419342779,14.074417114257812,14.074417114257812,700,0.0,0.0
2015-10-05 00:00:00-04:00,14.074417114257812,14.074417114257812,14.074417114257812,14.074417114257812,0,0.0,0.0
2015-10-06 00:00:00-04:00,14.074417114257812,14.074417114257812,14.074417114257812,14.074417114257812,0,0.0,0.0
2015-10-07 00:00:00-04:00,14.074417114257812,14.074417114257812,14.074417114257812,14.074417114257812,0,0.0,0.0
2015-10-08 00:00:00-04:00,14.074417114257812,14.074417114257812,14.074417114257812,14.074417114257812,0,0.0,0.0
2015-10-09 00:00:00-04:00,14.114848136901855,14.114848136901855,14.114848136901855,14.114848136901855,400,0.017,0.0
2015-10-12 00:00:00-04:00,14.114848136901855,14.114848136901855,14.114848136901855,14.114848136901855,0,0.0,0.0
2015-10-13 00:00:00-04:00,14.086478764080425,14.270894050598143,14.086478764080425,14.270894050598145,2600,0.0,0.0
2015-10-14 00:00:00-04:00,14.121933533135852,14.136119627426936,14.086469650268553,14.086469650268555,1800,0.0,0.0
2015-10-15 00:00:00-04:00,14.086469650268553,14.086469650268553,14.086469650268553,14.086469650268555,0,0.0,0.0
2015-10-16 00:00:00-04:00,14.086469650268553,14.086469650268553,14.086469650268553,14.086469650268555,0,0.0,0.0
2015-10-19 00:00:00-04:00,14.086469650268553,14.086469650268553,14.086469650268553,14.086469650268555,0,0.0,0.0
2015-10-20 00:00:00-04:00,14.086469650268553,14.086469650268553,14.086469650268553,14.086469650268555,0,0.0,0.0
2015-10-21 00:00:00-04:00,14.086470077461854,14.185770034790039,14.079377030101204,14.185770034790039,6900,0.0,0.0
2015-10-22 00:00:00-04:00,14.185770034790039,14.185770034790039,14.185770034790039,14.185770034790039,0,0.0,0.0
2015-10-23 00:00:00-04:00,14.185770034790039,14.185770034790039,14.185770034790039,14.185770034790039,0,0.0,0.0
2015-10-26 00:00:00-04:00,14.185770034790039,14.185770034790039,14.185770034790039,14.185770034790039,0,0.0,0.0
2015-10-27 00:00:00-04:00,14.143209841238312,14.150302886962892,14.143209841238312,14.15030288696289,1200,0.0,0.0
2015-10-28 00:00:00-04:00,14.150313195033348,14.150313195033348,14.129034042358397,14.129034042358398,400,0.0,0.0
2015-10-29 00:00:00-04:00,14.100663559857189,14.12194271512938,14.079385757446289,14.079385757446289,900,0.0,0.0
2015-10-30 00:00:00-04:00,14.079385757446289,14.079385757446289,14.079385757446289,14.079385757446289,0,0.0,0.0
2015-11-02 00:00:00-05:00,14.079385757446289,14.079385757446289,14.079385757446289,14.079385757446289,0,0.0,0.0
2015-11-03 00:00:00-05:00,14.079385757446289,14.079385757446289,14.079385757446289,14.079385757446289,0,0.0,0.0
2015-11-04 00:00:00-05:00,14.079385757446289,14.079385757446289,14.079385757446289,14.079385757446289,0,0.0,0.0
2015-11-05 00:00:00-05:00,14.185770034790039,14.185770034790039,14.185770034790039,14.185770034790039,1300,0.0,0.0
2015-11-06 00:00:00-05:00,14.086469650268553,14.086469650268553,14.086469650268553,14.086469650268555,200,0.0,0.0
2015-11-09 00:00:00-05:00,14.086478809203687,14.086478809203687,14.079385757446289,14.079385757446289,400,0.0,0.0
2015-11-10 00:00:00-05:00,14.098542213439941,14.098542213439941,14.098542213439941,14.098542213439941,200,0.017,0.0
2015-11-11 00:00:00-05:00,14.098542213439941,14.098542213439941,14.098542213439941,14.098542213439941,0,0.0,0.0
2015-11-12 00:00:00-05:00,14.098542213439941,14.098542213439941,14.098542213439941,14.098542213439941,0,0.0,0.0
2015-11-13 00:00:00-05:00,14.098542213439941,14.098542213439941,14.098542213439941,14.098542213439941,0,0.0,0.0
2015-11-16 00:00:00-05:00,14.098542213439941,14.098542213439941,14.098542213439941,14.098542213439941,0,0.0,0.0
2015-11-17 00:00:00-05:00,14.197929357874235,14.197929357874235,14.19083023071289,14.19083023071289,200,0.0,0.0
2015-11-18 00:00:00-05:00,14.098549906051831,14.176637627916222,14.098549906051831,14.169538497924805,4400,0.0,0.0
2015-11-19 00:00:00-05:00,14.162434149186264,14.197928428649902,14.162434149186264,14.197928428649902,700,0.0,0.0
2015-11-20 00:00:00-05:00,14.197928428649902,14.197928428649902,14.197928428649902,14.197928428649902,0,0.0,0.0
2015-11-23 00:00:00-05:00,14.268925666809082,14.268925666809082,14.268925666809082,14.268925666809082,400,0.0,0.0
2015-11-24 00:00:00-05:00,14.268925666809082,14.268925666809082,14.268925666809082,14.268925666809082,0,0.0,0.0
2015-11-25 00:00:00-05:00,14.268916023317724,14.432191848754883,14.268916023317724,14.432191848754883,2800,0.0,0.0
2015-11-27 00:00:00-05:00,14.432191848754883,14.432191848754883,14.432191848754883,14.432191848754883,0,0.0,0.0
2015-11-30 00:00:00-05:00,14.432191848754883,14.432191848754883,14.432191848754883,14.432191848754883,0,0.0,0.0
2015-12-01 00:00:00-05:00,14.432191848754883,14.432191848754883,14.432191848754883,14.432191848754883,0,0.0,0.0
2015-12-02 00:00:00-05:00,14.432191848754883,14.432191848754883,14.432191848754883,14.432191848754883,0,0.0,0.0
2015-12-03 00:00:00-05:00,14.410904884338379,14.410904884338379,14.410904884338379,14.410904884338379,300,0.0,0.0
2015-12-04 00:00:00-05:00,14.410904884338379,14.410904884338379,14.410904884338379,14.410904884338379,0,0.0,0.0
2015-12-07 00:00:00-05:00,14.410904884338379,14.410904884338379,14.410904884338379,14.410904884338379,0,0.0,0.0
2015-12-08 00:00:00-05:00,14.410904884338379,14.410904884338379,14.410904884338379,14.410904884338379,0,0.0,0.0
2015-12-09 00:00:00-05:00,14.410904884338379,14.410904884338379,14.410904884338379,14.410904884338379,0,0.0,0.0
2015-12-10 00:00:00-05:00,14.423694610595705,14.423694610595705,14.423694610595705,14.423694610595703,0,0.018,0.0
2015-12-11 00:00:00-05:00,14.359741162199498,14.359741162199498,14.210531234741211,14.210531234741211,2000,0.0,0.0
2015-12-14 00:00:00-05:00,14.210531234741211,14.210531234741211,14.210531234741211,14.210531234741211,0,0.0,0.0
2015-12-15 00:00:00-05:00,14.210531234741211,14.210531234741211,14.210531234741211,14.210531234741211,0,0.0,0.0
2015-12-16 00:00:00-05:00,14.246057020739316,14.246057020739316,14.210531234741211,14.210531234741211,1200,0.0,0.0
2015-12-17 00:00:00-05:00,14.210531234741211,14.210531234741211,14.210531234741211,14.210531234741211,0,0.0,0.0
2015-12-18 00:00:00-05:00,14.210531234741211,14.210531234741211,14.210531234741211,14.210531234741211,0,0.0,0.0
2015-12-21 00:00:00-05:00,14.210531234741211,14.210531234741211,14.210531234741211,14.210531234741211,200,0.0,0.0
2015-12-22 00:00:00-05:00,14.281583324057385,14.402372886674824,14.253161612748912,14.317109107971191,13700,0.0,0.0
2015-12-23 00:00:00-05:00,14.317109107971191,14.317109107971191,14.317109107971191,14.317109107971191,0,0.0,0.0
2015-12-24 00:00:00-05:00,14.317109107971191,14.317109107971191,14.317109107971191,14.317109107971191,0,0.0,0.0
2015-12-28 00:00:00-05:00,14.317109107971191,14.317109107971191,14.317109107971191,14.317109107971191,0,0.0,0.0
2015-12-29 00:00:00-05:00,14.317109107971191,14.317109107971191,14.317109107971191,14.317109107971191,0,0.0,0.0
2015-12-30 00:00:00-05:00,14.317109107971191,14.317109107971191,14.317109107971191,14.317109107971191,0,0.0,0.0
2015-12-31 00:00:00-05:00,14.317109107971191,14.317109107971191,14.317109107971191,14.317109107971191,300,0.0,0.0
2016-01-04 00:00:00-05:00,14.210525764489208,14.302893585660996,14.210525764489208,14.231842041015625,4200,0.0,0.0
2016-01-05 00:00:00-05:00,14.210526972242224,14.210526972242224,14.1039482909947,14.125263214111328,6200,0.0,0.0
2016-01-06 00:00:00-05:00,14.125263214111328,14.125263214111328,14.125263214111328,14.125263214111328,0,0.0,0.0
2016-01-07 00:00:00-05:00,14.125263214111328,14.125263214111328,14.125263214111328,14.125263214111328,0,0.0,0.0
2016-01-08 00:00:00-05:00,14.125263214111328,14.125263214111328,14.125263214111328,14.125263214111328,0,0.0,0.0
2016-01-11 00:00:00-05:00,14.125263214111328,14.125263214111328,14.125263214111328,14.125263214111328,0,0.0,0.0
2016-01-12 00:00:00-05:00,14.239781018822073,14.239781018822073,14.161540031433105,14.161540031433105,300,0.021,0.0
2016-01-13 00:00:00-05:00,14.161540031433105,14.161540031433105,14.161540031433105,14.161540031433105,0,0.0,0.0
2016-01-14 00:00:00-05:00,14.161540031433105,14.161540031433105,14.161540031433105,14.161540031433105,0,0.0,0.0
2016-01-15 00:00:00-05:00,14.161540031433105,14.161540031433105,14.161540031433105,14.161540031433105,0,0.0,0.0
2016-01-19 00:00:00-05:00,14.190003209910797,14.353596900026057,14.182890263820253,14.282468795776367,28400,0.0,0.0
2016-01-20 00:00:00-05:00,14.282468795776369,14.282468795776369,14.282468795776369,14.282468795776367,0,0.0,0.0
2016-01-21 00:00:00-05:00,14.282468795776369,14.282468795776369,14.282468795776369,14.282468795776367,0,0.0,0.0
2016-01-22 00:00:00-05:00,14.282468795776369,14.282468795776369,14.282468795776369,14.282468795776367,0,0.0,0.0
2016-01-25 00:00:00-05:00,14.382040023803711,14.382040023803711,14.382040023803711,14.382040023803711,1200,0.0,0.0
2016-01-26 00:00:00-05:00,14.417601429219442,14.417601429219442,14.204217273781763,14.38914966583252,7600,0.0,0.0
2016-01-27 00:00:00-05:00,14.175771199551402,14.175771199551402,14.168658256530763,14.168658256530762,500,0.0,0.0
2016-01-28 00:00:00-05:00,14.225553512573242,14.225553512573242,14.225553512573242,14.225553512573242,100,0.0,0.0
2016-01-29 00:00:00-05:00,14.225553512573242,14.225553512573242,14.225553512573242,14.225553512573242,0,0.0,0.0
2016-02-01 00:00:00-05:00,14.239779391682895,14.35358371125112,14.225553512573242,14.225553512573242,600,0.0,0.0
2016-02-02 00:00:00-05:00,14.225553512573242,14.225553512573242,14.225553512573242,14.225553512573242,0,0.0,0.0
2016-02-03 00:00:00-05:00,14.225553512573242,14.225553512573242,14.225553512573242,14.225553512573242,0,0.0,0.0
2016-02-04 00:00:00-05:00,14.289577149942147,14.510072981270149,14.289577149942147,14.332253456115723,53400,0.0,0.0
2016-02-05 00:00:00-05:00,14.296683547427936,14.545631039984443,14.239781379699707,14.239781379699707,32300,0.0,0.0
2016-02-08 00:00:00-05:00,14.239781379699707,14.239781379699707,14.239781379699707,14.239781379699707,0,0.0,0.0
2016-02-09 00:00:00-05:00,14.239781379699707,14.239781379699707,14.239781379699707,14.239781379699707,0,0.0,0.0
2016-02-10 00:00:00-05:00,14.434187326287548,14.590847969055176,14.434187326287548,14.590847969055176,700,0.023,0.0
2016-02-11 00:00:00-05:00,14.590847969055176,14.590847969055176,14.590847969055176,14.590847969055176,0,0.0,0.0
2016-02-12 00:00:00-05:00,14.40570636649435,14.412827491760254,14.256166810557646,14.412827491760254,800,0.0,0.0
2016-02-16 00:00:00-05:00,14.412827491760254,14.412827491760254,14.412827491760254,14.412827491760254,500,0.0,0.0
2016-02-17 00:00:00-05:00,14.313143730163574,14.313143730163574,14.313143730163574,14.313143730163574,100,0.0,0.0
2016-02-18 00:00:00-05:00,14.412827491760254,14.412827491760254,14.412827491760254,14.412827491760254,4000,0.0,0.0
2016-02-19 00:00:00-05:00,14.412827491760254,14.412827491760254,14.412827491760254,14.412827491760254,0,0.0,0.0
2016-02-22 00:00:00-05:00,14.412827491760254,14.412827491760254,14.412827491760254,14.412827491760254,0,0.0,0.0
2016-02-23 00:00:00-05:00,14.412827491760254,14.412827491760254,14.412827491760254,14.412827491760254,0,0.0,0.0
2016-02-24 00:00:00-05:00,14.412827491760254,14.412827491760254,14.412827491760254,14.412827491760254,0,0.0,0.0
2016-02-25 00:00:00-05:00,14.341626891470062,14.59086100443091,14.313143730163574,14.313143730163574,400,0.0,0.0
2016-02-26 00:00:00-05:00,14.313143730163574,14.313143730163574,14.313143730163574,14.313143730163574,0,0.0,0.0
2016-02-29 00:00:00-05:00,14.427079091822822,14.427079091822822,14.313143730163574,14.313143730163574,1200,0.0,0.0
2016-03-01 00:00:00-05:00,14.313143730163574,14.313143730163574,14.313143730163574,14.313143730163574,0,0.0,0.0
2016-03-02 00:00:00-05:00,14.419944763183594,14.419944763183594,14.419944763183594,14.419944763183594,700,0.0,0.0
2016-03-03 00:00:00-05:00,14.419944763183594,14.419944763183594,14.419944763183594,14.419944763183594,0,0.0,0.0
2016-03-04 00:00:00-05:00,14.419944763183594,14.419944763183594,14.419944763183594,14.419944763183594,0,0.0,0.0
2016-03-07 00:00:00-05:00,14.419944763183594,14.419944763183594,14.419944763183594,14.419944763183594,0,0.0,0.0
2016-03-08 00:00:00-05:00,14.419944763183594,14.419944763183594,14.419944763183594,14.419944763183594,0,0.0,0.0
2016-03-09 00:00:00-05:00,14.419944763183594,14.419944763183594,14.419944763183594,14.419944763183594,0,0.0,0.0
2016-03-10 00:00:00-05:00,14.40069580078125,14.40069580078125,14.40069580078125,14.40069580078125,1400,0.023,0.0
2016-03-11 00:00:00-05:00,14.436354825767502,14.436354825767502,14.329419136047363,14.329419136047363,6200,0.0,0.0
2016-03-14 00:00:00-04:00,14.329419136047363,14.329419136047363,14.329419136047363,14.329419136047363,0,0.0,0.0
2016-03-15 00:00:00-04:00,14.329419136047363,14.329419136047363,14.329419136047363,14.329419136047363,0,0.0,0.0
2016-03-16 00:00:00-04:00,14.329419136047363,14.329419136047363,14.329419136047363,14.329419136047363,0,0.0,0.0
2016-03-17 00:00:00-04:00,14.265239715576172,14.265239715576172,14.265239715576172,14.265239715576172,1200,0.0,0.0
2016-03-18 00:00:00-04:00,14.4363431930542,14.4363431930542,14.4363431930542,14.4363431930542,400,0.0,0.0
2016-03-21 00:00:00-04:00,14.4363431930542,14.4363431930542,14.4363431930542,14.4363431930542,0,0.0,0.0
2016-03-22 00:00:00-04:00,14.4363431930542,14.4363431930542,14.4363431930542,14.4363431930542,1000,0.0,0.0
2016-03-23 00:00:00-04:00,14.4363431930542,14.4363431930542,14.4363431930542,14.4363431930542,0,0.0,0.0
2016-03-24 00:00:00-04:00,14.4363431930542,14.4363431930542,14.4363431930542,14.4363431930542,0,0.0,0.0
2016-03-28 00:00:00-04:00,14.4363431930542,14.4363431930542,14.4363431930542,14.4363431930542,0,0.0,0.0
2016-03-29 00:00:00-04:00,14.422084749977925,14.4363431930542,14.40782630690165,14.4363431930542,6300,0.0,0.0
2016-03-30 00:00:00-04:00,14.4363431930542,14.4363431930542,14.4363431930542,14.4363431930542,0,0.0,0.0
2016-03-31 00:00:00-04:00,14.4363431930542,14.4363431930542,14.4363431930542,14.4363431930542,0,0.0,0.0
2016-04-01 00:00:00-04:00,14.4363431930542,14.4363431930542,14.4363431930542,14.4363431930542,0,0.0,0.0
2016-04-04 00:00:00-04:00,14.4363431930542,14.4363431930542,14.4363431930542,14.4363431930542,0,0.0,0.0
2016-04-05 00:00:00-04:00,14.422084749977925,14.4363431930542,14.422084749977925,14.4363431930542,2300,0.0,0.0
2016-04-06 00:00:00-04:00,14.4363431930542,14.4363431930542,14.4363431930542,14.4363431930542,0,0.0,0.0
2016-04-07 00:00:00-04:00,14.40069580078125,14.40069580078125,14.40069580078125,14.40069580078125,1000,0.0,0.0
2016-04-08 00:00:00-04:00,14.40069580078125,14.40069580078125,14.40069580078125,14.40069580078125,0,0.0,0.0
2016-04-11 00:00:00-04:00,14.40069580078125,14.40069580078125,14.40069580078125,14.40069580078125,0,0.0,0.0
2016-04-12 00:00:00-04:00,14.417827606201172,14.417827606201172,14.417827606201172,14.417827606201172,0,0.024,0.0
2016-04-13 00:00:00-04:00,14.6248140335083,14.6248140335083,14.6248140335083,14.6248140335083,800,0.0,0.0
2016-04-14 00:00:00-04:00,14.603407049396086,14.62482016075728,14.603407049396086,14.617682456970215,1200,0.0,0.0
2016-04-15 00:00:00-04:00,14.617682456970215,14.617682456970215,14.617682456970215,14.617682456970215,0,0.0,0.0
2016-04-18 00:00:00-04:00,14.617682456970215,14.617682456970215,14.617682456970215,14.617682456970215,0,0.0,0.0
2016-04-19 00:00:00-04:00,14.617682456970215,14.617682456970215,14.617682456970215,14.617682456970215,0,0.0,0.0
2016-04-20 00:00:00-04:00,14.474926400910636,14.6248140335083,14.474926400910636,14.6248140335083,1300,0.0,0.0
2016-04-21 00:00:00-04:00,14.489209175109863,14.489209175109863,14.489209175109863,14.489209175109863,3000,0.0,0.0
2016-04-22 00:00:00-04:00,14.489209175109863,14.489209175109863,14.489209175109863,14.489209175109863,300,0.0,0.0
2016-04-25 00:00:00-04:00,14.489209175109863,14.489209175109863,14.489209175109863,14.489209175109863,0,0.0,0.0
2016-04-26 00:00:00-04:00,14.50347900390625,14.50347900390625,14.50347900390625,14.50347900390625,100,0.0,0.0
2016-04-27 00:00:00-04:00,14.474931023045901,14.474931023045901,14.45351791381836,14.45351791381836,1900,0.0,0.0
2016-04-28 00:00:00-04:00,14.45351791381836,14.45351791381836,14.45351791381836,14.45351791381836,0,0.0,0.0
2016-04-29 00:00:00-04:00,14.45351791381836,14.45351791381836,14.45351791381836,14.45351791381836,0,0.0,0.0
2016-05-02 00:00:00-04:00,14.474928855895996,14.474928855895996,14.474928855895996,14.474928855895996,100,0.0,0.0
2016-05-03 00:00:00-04:00,14.474928855895996,14.474928855895996,14.474928855895996,14.474928855895996,0,0.0,0.0
2016-05-04 00:00:00-04:00,14.474928855895996,14.474928855895996,14.474928855895996,14.474928855895996,0,0.0,0.0
2016-05-05 00:00:00-04:00,14.474928855895996,14.474928855895996,14.474928855895996,14.474928855895996,0,0.0,0.0
2016-05-06 00:00:00-04:00,14.417827606201172,14.417827606201172,14.417827606201172,14.417827606201172,600,0.0,0.0
2016-05-09 00:00:00-04:00,14.417827606201172,14.417827606201172,14.417827606201172,14.417827606201172,100,0.0,0.0
2016-05-10 00:00:00-04:00,14.417827606201172,14.417827606201172,14.417827606201172,14.417827606201172,0,0.0,0.0
2016-05-11 00:00:00-04:00,14.434976577758789,14.434976577758789,14.434976577758789,14.434976577758789,0,0.024,0.0
2016-05-12 00:00:00-04:00,14.434976577758789,14.434976577758789,14.434976577758789,14.434976577758789,0,0.0,0.0
2016-05-13 00:00:00-04:00,14.434976577758789,14.434976577758789,14.434976577758789,14.434976577758789,0,0.0,0.0
2016-05-16 00:00:00-04:00,14.434976577758789,14.434976577758789,14.434976577758789,14.434976577758789,0,0.0,0.0
2016-05-17 00:00:00-04:00,14.627928733825685,14.627928733825685,14.627928733825685,14.627928733825684,100,0.0,0.0
2016-05-18 00:00:00-04:00,14.627928733825685,14.627928733825685,14.627928733825685,14.627928733825684,0,0.0,0.0
2016-05-19 00:00:00-04:00,14.627928733825685,14.627928733825685,14.627928733825685,14.627928733825684,0,0.0,0.0
2016-05-20 00:00:00-04:00,14.484998553851568,14.599334888634097,14.434976577758789,14.434976577758789,2100,0.0,0.0
2016-05-23 00:00:00-04:00,14.434976577758789,14.434976577758789,14.434976577758789,14.434976577758789,0,0.0,0.0
2016-05-24 00:00:00-04:00,14.470706171254596,14.470706171254596,14.434976577758789,14.434976577758789,500,0.0,0.0
2016-05-25 00:00:00-04:00,14.434976577758789,14.434976577758789,14.434976577758789,14.434976577758789,0,0.0,0.0
2016-05-26 00:00:00-04:00,14.434990443767685,14.506449699401855,14.434990443767685,14.506449699401855,1400,0.0,0.0
2016-05-27 00:00:00-04:00,14.506449699401855,14.506449699401855,14.506449699401855,14.506449699401855,1000,0.0,0.0
2016-05-31 00:00:00-04:00,14.506449699401855,14.506449699401855,14.506449699401855,14.506449699401855,0,0.0,0.0
2016-06-01 00:00:00-04:00,14.506449699401855,14.506449699401855,14.506449699401855,14.506449699401855,0,0.0,0.0
2016-06-02 00:00:00-04:00,14.434990443767685,14.506449699401855,14.420698047441677,14.506449699401855,1600,0.0,0.0
2016-06-03 00:00:00-04:00,14.506446183930604,14.506446183930604,14.363526344299316,14.363526344299316,3200,0.0,0.0
2016-06-06 00:00:00-04:00,14.506449699401855,14.506449699401855,14.506449699401855,14.506449699401855,200,0.0,0.0
2016-06-07 00:00:00-04:00,14.506437157286205,14.506437157286205,14.427831771450435,14.456415176391602,1800,0.0,0.0
2016-06-08 00:00:00-04:00,14.377818737161727,14.377818737161727,14.363526344299316,14.363526344299316,1400,0.0,0.0
2016-06-09 00:00:00-04:00,14.499292373657227,14.499292373657227,14.499292373657227,14.499292373657227,100,0.0,0.0
2016-06-10 00:00:00-04:00,14.37982177734375,14.37982177734375,14.37982177734375,14.37982177734375,100,0.023,0.0
2016-06-13 00:00:00-04:00,14.37982177734375,14.37982177734375,14.37982177734375,14.37982177734375,200,0.0,0.0
2016-06-14 00:00:00-04:00,14.379814235076307,14.544359042476412,14.379814235076307,14.53720474243164,1100,0.0,0.0
2016-06-15 00:00:00-04:00,14.48713360521433,14.844840607812214,14.315434407712615,14.37982177734375,57400,0.0,0.0
2016-06-16 00:00:00-04:00,14.379820926256194,14.801915273503035,14.379820926256194,14.40843677520752,13100,0.0,0.0
2016-06-17 00:00:00-04:00,14.422745235238558,14.65883178599672,14.272508959548743,14.444208145141602,23300,0.0,0.0
2016-06-20 00:00:00-04:00,14.594441280759293,14.637365726786125,14.458512276373527,14.522899627685547,54800,0.0,0.0
2016-06-21 00:00:00-04:00,14.572986443113997,14.594447993727256,14.565832138061522,14.565832138061523,500,0.0,0.0
2016-06-22 00:00:00-04:00,14.59444219949005,14.615905106126341,14.365509986877441,14.365509986877441,23500,0.0,0.0
2016-06-23 00:00:00-04:00,14.458507888704817,14.630208349793934,14.34404182434082,14.34404182434082,12800,0.0,0.0
2016-06-24 00:00:00-04:00,14.351209866747078,14.351209866747078,14.336902618408203,14.336902618408203,600,0.0,0.0
2016-06-27 00:00:00-04:00,14.501439798868853,14.522901342144081,14.35120217322377,14.358356475830078,7300,0.0,0.0
2016-06-28 00:00:00-04:00,14.358355684665344,14.623059408338438,14.358355684665344,14.365509986877441,1200,0.0,0.0
2016-06-29 00:00:00-04:00,14.472824997619872,14.572983886237148,14.351204562154834,14.37982177734375,8500,0.0,0.0
2016-06-30 00:00:00-04:00,14.358360816525623,14.515752792358397,14.351206511756487,14.515752792358398,500,0.0,0.0
2016-07-01 00:00:00-04:00,14.544364212206373,14.544364212206373,14.379819346319524,14.422743797302246,600,0.0,0.0
2016-07-05 00:00:00-04:00,14.508595348086331,14.508595348086331,14.415590770756856,14.437053680419922,400,0.0,0.0
2016-07-06 00:00:00-04:00,14.580141066890038,14.623066902160643,14.522907984406887,14.623066902160645,1100,0.0,0.0
2016-07-07 00:00:00-04:00,14.501438086943898,14.580132677235836,14.43705073563188,14.522899627685547,2800,0.0,0.0
2016-07-08 00:00:00-04:00,14.644520028547854,14.644520028547854,14.487129483420441,14.522899627685547,1000,0.0,0.0
2016-07-11 00:00:00-04:00,14.451365986310263,14.637372459497936,14.451365986310263,14.565832138061523,3900,0.0,0.0
2016-07-12 00:00:00-04:00,14.575860135029188,14.575860135029188,14.497071266174316,14.497071266174316,1000,0.024,0.0
2016-07-13 00:00:00-04:00,14.668966333325805,14.668966333325805,14.439763947829148,14.518552780151367,2200,0.0,0.0
2016-07-14 00:00:00-04:00,14.540043383240288,14.633157730102539,14.50423101361901,14.633157730102539,1300,0.0,0.0
2016-07-15 00:00:00-04:00,14.597336104762036,14.60449884804584,14.475572201244555,14.511385917663574,1200,0.0,0.0
2016-07-18 00:00:00-04:00,14.61882848226766,14.61882848226766,14.504227289519331,14.518552780151367,1100,0.0,0.0
2016-07-19 00:00:00-04:00,14.575858513987002,14.640321878398183,14.461257280845897,14.468420028686523,4400,0.0,0.0
2016-07-20 00:00:00-04:00,14.647475307748662,14.647475307748662,14.46124808083054,14.511385917663574,4000,0.0,0.0
2016-07-21 00:00:00-04:00,14.590178867157567,14.690454569273859,14.468414929093221,14.518552780151367,2600,0.0,0.0
2016-07-22 00:00:00-04:00,14.597340246319606,14.597340246319606,14.482739053571276,14.518552780151367,3500,0.0,0.0
2016-07-25 00:00:00-04:00,14.668968880539554,14.668968880539554,14.489904315007125,14.568693161010742,1100,0.0,0.0
2016-07-26 00:00:00-04:00,14.547204971313477,14.683294424108887,14.540042224729063,14.547204971313477,2400,0.0,0.0
2016-07-27 00:00:00-04:00,14.475572201244555,14.575849241064216,14.475572201244555,14.511385917663574,800,0.0,0.0
2016-07-28 00:00:00-04:00,14.66897110910914,14.66897110910914,14.475581021076499,14.61167049407959,2600,0.0,0.0
2016-07-29 00:00:00-04:00,14.583015532659775,14.604502401585739,14.504226703520777,14.5400390625,4100,0.0,0.0
2016-08-01 00:00:00-04:00,14.454091948362326,14.568693161010742,14.425440962123114,14.568693161010742,700,0.0,0.0
2016-08-02 00:00:00-04:00,14.754920959472656,14.754920959472656,14.754920959472656,14.754920959472656,900,0.0,0.0
2016-08-03 00:00:00-04:00,14.59733965655911,14.59733965655911,14.468414344541555,14.5400390625,500,0.0,0.0
2016-08-04 00:00:00-04:00,14.711945359898372,14.711945359898372,14.568693161010742,14.568693161010742,700,0.0,0.0
2016-08-05 00:00:00-04:00,14.568693161010742,14.568693161010742,14.568693161010742,14.568693161010742,0,0.0,0.0
2016-08-08 00:00:00-04:00,14.568693161010742,14.568693161010742,14.568693161010742,14.568693161010742,0,0.0,0.0
2016-08-09 00:00:00-04:00,14.633150114345868,14.647475601200478,14.554361302799142,14.575849533081055,3200,0.0,0.0
2016-08-10 00:00:00-04:00,14.604499140636651,14.633150114345868,14.561524046226445,14.575849533081055,2200,0.0,0.0
2016-08-11 00:00:00-04:00,14.654644958680377,14.67613320066374,14.547206481072287,14.6188325881958,2400,0.0,0.0
2016-08-12 00:00:00-04:00,14.654643321599854,14.719106674194334,14.518555236037473,14.719106674194336,2200,0.0,0.0
2016-08-15 00:00:00-04:00,14.668963712163613,14.690451944271986,14.56152528392922,14.640314102172852,700,0.0,0.0
2016-08-16 00:00:00-04:00,14.68328795218338,14.690450695610684,14.561524046226445,14.575849533081055,3400,0.0,0.0
2016-08-17 00:00:00-04:00,14.690454878762813,14.690454878762813,14.58301642906706,14.654641151428223,2000,0.0,0.0
2016-08-18 00:00:00-04:00,14.618830894143027,14.704782485961914,14.618830894143027,14.704782485961914,700,0.0,0.0
2016-08-19 00:00:00-04:00,14.6689719065511,14.71194839477539,14.547207922224608,14.71194839477539,400,0.0,0.0
2016-08-22 00:00:00-04:00,14.71194839477539,14.71194839477539,14.71194839477539,14.71194839477539,0,0.0,0.0
2016-08-23 00:00:00-04:00,14.554361302799142,14.575849533081055,14.554361302799142,14.575849533081055,4400,0.0,0.0
2016-08-24 00:00:00-04:00,14.647484232319576,14.647484232319576,14.604507746431594,14.61167049407959,700,0.0,0.0
2016-08-25 00:00:00-04:00,14.604502632195551,14.64747910303394,14.604502632195551,14.625990867614746,5500,0.0,0.0
2016-08-26 00:00:00-04:00,14.676135170875556,14.676135170875556,14.51139605868397,14.597346305847168,2100,0.0,0.0
2016-08-29 00:00:00-04:00,14.583020217711226,14.6188325881958,14.583020217711226,14.6188325881958,1600,0.0,0.0
2016-08-30 00:00:00-04:00,14.783566973969478,15.52131332011982,14.783566973969478,15.027094841003418,3200,0.0,0.0
2016-08-31 00:00:00-04:00,14.984115673411758,14.984115673411758,14.618823971922161,14.790725708007812,1400,0.0,0.0
2016-09-01 00:00:00-04:00,14.905335470479363,14.912498217720625,14.726270887910855,14.848034858703613,1800,0.0,0.0
2016-09-02 00:00:00-04:00,14.726277213852729,14.876692238224063,14.726277213852729,14.8408784866333,3200,0.0,0.0
2016-09-06 00:00:00-04:00,14.86951581275704,14.962628748949346,14.683288574218752,14.68328857421875,3100,0.0,0.0
2016-09-07 00:00:00-04:00,14.891007184755233,14.898168563842775,14.776404627045089,14.898168563842773,1200,0.0,0.0
2016-09-08 00:00:00-04:00,14.797888451113911,14.891002745339613,14.733425129312597,14.790725708007812,1500,0.0,0.0
2016-09-09 00:00:00-04:00,14.926818220232958,14.926818220232958,14.74059095894111,14.876680374145508,1200,0.0,0.0
2016-09-12 00:00:00-04:00,14.888875316854946,14.888875316854946,14.695233548703888,14.845844268798828,1600,0.027,0.0
2016-09-13 00:00:00-04:00,14.77413170473664,14.831506917713106,14.759787559509277,14.759787559509277,1400,0.0,0.0
2016-09-14 00:00:00-04:00,14.939084236660786,14.939084236660786,14.766958609649471,14.867364883422852,1400,0.0,0.0
2016-09-15 00:00:00-04:00,14.824332750177193,14.931911088313857,14.788473760109234,14.831504821777344,1100,0.0,0.0
2016-09-16 00:00:00-04:00,14.924725646735645,14.924725646735645,14.788460512201212,14.853006362915039,1400,0.0,0.0
2016-09-19 00:00:00-04:00,14.83150449987375,14.93908283567553,14.802816214095804,14.87453556060791,1900,0.0,0.0
2016-09-20 00:00:00-04:00,14.91039547639589,14.91039547639589,14.81715991831064,14.881707191467285,2000,0.0,0.0
2016-09-21 00:00:00-04:00,15.032311923232331,15.053828130258337,14.809983255692764,14.910390853881836,3900,0.0,0.0
2016-09-22 00:00:00-04:00,14.874534508628992,15.061004249199572,14.874534508628992,14.96059799194336,4600,0.0,0.0
2016-09-23 00:00:00-04:00,14.974940177360923,15.017972601293236,14.817158726740258,14.939081192016602,1600,0.0,0.0
2016-09-26 00:00:00-04:00,14.903217808247431,15.003624031924472,14.817154353715539,14.917560577392578,3000,0.0,0.0
2016-09-27 00:00:00-04:00,14.982104893544445,15.010793162083383,14.709573182084213,14.896042823791504,3100,0.0,0.0
2016-09-28 00:00:00-04:00,15.046660280969089,15.046660280969089,14.731097363684233,14.88887882232666,4800,0.0,0.0
2016-09-29 00:00:00-04:00,14.88887882232666,14.88887882232666,14.88887882232666,14.88887882232666,0,0.0,0.0
2016-09-30 00:00:00-04:00,15.082515770943456,15.10403060913086,15.075343702236909,15.10403060913086,500,0.0,0.0
2016-10-03 00:00:00-04:00,15.10403060913086,15.10403060913086,15.10403060913086,15.10403060913086,0,0.0,0.0
2016-10-04 00:00:00-04:00,15.061008895659668,15.061008895659668,15.053836822509766,15.053836822509766,400,0.0,0.0
2016-10-05 00:00:00-04:00,15.039483070373533,15.039483070373533,15.039483070373533,15.039483070373535,200,0.0,0.0
2016-10-06 00:00:00-04:00,15.039483070373533,15.039483070373533,15.039483070373533,15.039483070373535,0,0.0,0.0
2016-10-07 00:00:00-04:00,14.738257525170072,14.896040238890416,14.515928954301591,14.551789283752441,3900,0.0,0.0
2016-10-10 00:00:00-04:00,14.551789283752441,14.551789283752441,14.551789283752441,14.551789283752441,0,0.0,0.0
2016-10-11 00:00:00-04:00,14.558956772006818,14.558956772006818,14.494409561157227,14.494409561157227,500,0.0,0.0
2016-10-12 00:00:00-04:00,14.65098921725852,14.751536155055671,14.550443649291994,14.550443649291992,2600,0.028,0.0
2016-10-13 00:00:00-04:00,14.528896269587953,14.528896269587953,14.478623490150635,14.48580551147461,1800,0.0,0.0
2016-10-14 00:00:00-04:00,14.48580551147461,14.48580551147461,14.48580551147461,14.48580551147461,700,0.0,0.0
2016-10-17 00:00:00-04:00,14.48580551147461,14.48580551147461,14.48580551147461,14.48580551147461,0,0.0,0.0
2016-10-18 00:00:00-04:00,14.485802681189416,14.485802681189416,14.22007342344346,14.449893951416016,16400,0.0,0.0
2016-10-19 00:00:00-04:00,14.449893951416016,14.449893951416016,14.449893951416016,14.449893951416016,0,0.0,0.0
2016-10-20 00:00:00-04:00,14.2990760259814,14.478622436523438,14.2990760259814,14.478622436523438,2700,0.0,0.0
2016-10-21 00:00:00-04:00,14.478622436523438,14.478622436523438,14.478622436523438,14.478622436523438,0,0.0,0.0
2016-10-24 00:00:00-04:00,14.37089146887256,14.37089146887256,14.363709449768066,14.363709449768066,4500,0.0,0.0
2016-10-25 00:00:00-04:00,14.449893748502049,14.449893748502049,14.378074920133537,14.435529708862305,11900,0.0,0.0
2016-10-26 00:00:00-04:00,14.399615907601698,14.44989003341526,14.399615907601698,14.442708015441895,2000,0.0,0.0
2016-10-27 00:00:00-04:00,14.378077270349914,14.399621963500977,14.363713228362247,14.399621963500977,16000,0.0,0.0
2016-10-28 00:00:00-04:00,14.320624351501465,14.320624351501465,14.320624351501465,14.320624351501465,1200,0.0,0.0
2016-10-31 00:00:00-04:00,14.421165669222558,14.435529708862305,14.313438111584897,14.435529708862305,2200,0.0,0.0
2016-11-01 00:00:00-04:00,14.485805473814242,14.521714210510254,14.406804609286414,14.521714210510254,1700,0.0,0.0
2016-11-02 00:00:00-04:00,14.61507511138916,14.61507511138916,14.61507511138916,14.61507511138916,500,0.0,0.0
2016-11-03 00:00:00-04:00,14.61507511138916,14.61507511138916,14.61507511138916,14.61507511138916,0,0.0,0.0
2016-11-04 00:00:00-04:00,14.61507511138916,14.61507511138916,14.61507511138916,14.61507511138916,0,0.0,0.0
2016-11-07 00:00:00-05:00,14.61507511138916,14.61507511138916,14.61507511138916,14.61507511138916,0,0.0,0.0
2016-11-08 00:00:00-05:00,14.61507511138916,14.61507511138916,14.61507511138916,14.61507511138916,0,0.0,0.0
2016-11-09 00:00:00-05:00,14.614354133605957,14.614354133605957,14.614354133605957,14.614354133605957,100,0.029,0.0
2016-11-10 00:00:00-05:00,14.614354133605957,14.614354133605957,14.614354133605957,14.614354133605957,0,0.0,0.0
2016-11-11 00:00:00-05:00,14.369826439710605,14.384210979918986,14.3410587310791,14.341058731079102,2000,0.0,0.0
2016-11-14 00:00:00-05:00,14.3410587310791,14.3410587310791,14.3410587310791,14.341058731079102,0,0.0,0.0
2016-11-15 00:00:00-05:00,14.45612907409668,14.45612907409668,14.45612907409668,14.45612907409668,500,0.0,0.0
2016-11-16 00:00:00-05:00,14.45612907409668,14.45612907409668,14.45612907409668,14.45612907409668,0,0.0,0.0
2016-11-17 00:00:00-05:00,14.45613793325578,14.45613793325578,14.441753387451172,14.441753387451172,1700,0.0,0.0
2016-11-18 00:00:00-05:00,14.441753387451172,14.441753387451172,14.441753387451172,14.441753387451172,0,0.0,0.0
2016-11-21 00:00:00-05:00,14.441753387451172,14.441753387451172,14.441753387451172,14.441753387451172,0,0.0,0.0
2016-11-22 00:00:00-05:00,14.441753387451172,14.441753387451172,14.441753387451172,14.441753387451172,0,0.0,0.0
2016-11-23 00:00:00-05:00,14.441753387451172,14.441753387451172,14.441753387451172,14.441753387451172,0,0.0,0.0
2016-11-25 00:00:00-05:00,14.441753387451172,14.441753387451172,14.441753387451172,14.441753387451172,0,0.0,0.0
2016-11-28 00:00:00-05:00,14.441753387451172,14.441753387451172,14.441753387451172,14.441753387451172,0,0.0,0.0
2016-11-29 00:00:00-05:00,14.463319778442383,14.463319778442383,14.463319778442383,14.463319778442383,600,0.0,0.0
2016-11-30 00:00:00-05:00,14.463319778442383,14.463319778442383,14.463319778442383,14.463319778442383,0,0.0,0.0
2016-12-01 00:00:00-05:00,14.484899520874023,14.484899520874023,14.484899520874023,14.484899520874023,100,0.0,0.0
2016-12-02 00:00:00-05:00,14.484899520874023,14.484899520874023,14.484899520874023,14.484899520874023,0,0.0,0.0
2016-12-05 00:00:00-05:00,14.484899520874023,14.484899520874023,14.484899520874023,14.484899520874023,0,0.0,0.0
2016-12-06 00:00:00-05:00,14.484899520874023,14.484899520874023,14.484899520874023,14.484899520874023,0,0.0,0.0
2016-12-07 00:00:00-05:00,14.348249657505402,14.384209632873535,14.319480579782793,14.384209632873535,1400,0.0,0.0
2016-12-08 00:00:00-05:00,14.384209632873535,14.384209632873535,14.384209632873535,14.384209632873535,0,0.0,0.0
2016-12-09 00:00:00-05:00,14.312293052673342,14.312293052673342,14.312293052673342,14.31229305267334,200,0.0,0.0
2016-12-12 00:00:00-05:00,14.354786537873405,14.361989304994855,14.347583770751953,14.347583770751953,400,0.029,0.0
2016-12-13 00:00:00-05:00,14.383591531931657,14.383591531931657,14.29716110229492,14.297161102294922,11400,0.0,0.0
2016-12-14 00:00:00-05:00,14.325973510742186,14.325973510742186,14.325973510742186,14.325973510742188,700,0.0,0.0
2016-12-15 00:00:00-05:00,14.304370880126953,14.311573648425831,14.304370880126953,14.304370880126953,600,0.0,0.0
2016-12-16 00:00:00-05:00,14.304370880126953,14.304370880126953,14.304370880126953,14.304370880126953,0,0.0,0.0
2016-12-19 00:00:00-05:00,14.304370880126953,14.304370880126953,14.304370880126953,14.304370880126953,200,0.0,0.0
2016-12-20 00:00:00-05:00,14.419607162475586,14.419607162475586,14.419607162475586,14.419607162475586,1200,0.0,0.0
2016-12-21 00:00:00-05:00,14.419607162475586,14.419607162475586,14.419607162475586,14.419607162475586,0,0.0,0.0
2016-12-22 00:00:00-05:00,14.419607162475586,14.426809928145603,14.369189176572545,14.419607162475586,6700,0.0,0.0
2016-12-23 00:00:00-05:00,14.405190540122453,14.426798820495605,14.369178113286555,14.426798820495605,14300,0.0,0.0
2016-12-27 00:00:00-05:00,14.426798820495605,14.426798820495605,14.426798820495605,14.426798820495605,0,0.0,0.0
2016-12-28 00:00:00-05:00,14.405206680297852,14.405206680297852,14.405206680297852,14.405206680297852,100,0.0,0.0
2016-12-29 00:00:00-05:00,14.405206680297852,14.405206680297852,14.405206680297852,14.405206680297852,0,0.0,0.0
2016-12-30 00:00:00-05:00,14.405206680297852,14.405206680297852,14.405206680297852,14.405206680297852,0,0.0,0.0
2017-01-03 00:00:00-05:00,14.405206680297852,14.405206680297852,14.405206680297852,14.405206680297852,0,0.0,0.0
2017-01-04 00:00:00-05:00,14.664494514465332,14.664494514465332,14.664494514465332,14.664494514465332,300,0.0,0.0
2017-01-05 00:00:00-05:00,14.664494514465332,14.664494514465332,14.664494514465332,14.664494514465332,0,0.0,0.0
2017-01-06 00:00:00-05:00,14.707716398878683,14.866173181282043,14.700513630525675,14.801349639892578,1900,0.0,0.0
2017-01-09 00:00:00-05:00,14.873366670032317,15.053431645150836,14.765327959718553,15.024621963500977,4400,0.0,0.0
2017-01-10 00:00:00-05:00,15.096650153030014,15.77369499206543,15.096650153030014,15.77369499206543,1000,0.0,0.0
2017-01-11 00:00:00-05:00,15.795332908630371,15.795332908630371,15.795332908630371,15.795332908630371,0,0.03,0.0
2017-01-12 00:00:00-05:00,15.110152120492902,15.398651159348475,15.110152120492902,15.369800567626953,6800,0.0,0.0
2017-01-13 00:00:00-05:00,15.506837466692536,15.506837466692536,15.470775604248047,15.470775604248047,2500,0.0,0.0
2017-01-17 00:00:00-05:00,15.535689718702535,15.593389530187745,15.535689718702535,15.578964233398438,1000,0.0,0.0
2017-01-18 00:00:00-05:00,15.578964233398438,15.578964233398438,15.578964233398438,15.578964233398438,0,0.0,0.0
2017-01-19 00:00:00-05:00,15.470775604248047,15.48519952382272,15.470775604248047,15.470775604248047,2000,0.0,0.0
2017-01-20 00:00:00-05:00,15.470775604248047,15.470775604248047,15.470775604248047,15.470775604248047,0,0.0,0.0
2017-01-23 00:00:00-05:00,15.470775604248047,15.470775604248047,15.470775604248047,15.470775604248047,0,0.0,0.0
2017-01-24 00:00:00-05:00,15.506831169128418,15.506831169128418,15.506831169128418,15.506831169128418,100,0.0,0.0
2017-01-25 00:00:00-05:00,15.43471622467041,15.514053992688256,15.398654353210782,15.43471622467041,2900,0.0,0.0
2017-01-26 00:00:00-05:00,15.434708602285323,15.492408393529189,15.427495956420898,15.427495956420898,6200,0.0,0.0
2017-01-27 00:00:00-05:00,15.43471622467041,15.43471622467041,15.43471622467041,15.43471622467041,100,0.0,0.0
2017-01-30 00:00:00-05:00,15.578964233398438,15.578964233398438,15.578964233398438,15.578964233398438,100,0.0,0.0
2017-01-31 00:00:00-05:00,15.542892456054688,15.542892456054688,15.542892456054688,15.542892456054688,200,0.0,0.0
2017-02-01 00:00:00-05:00,15.615027348028693,15.615027348028693,15.449140548706055,15.449140548706055,1400,0.0,0.0
2017-02-02 00:00:00-05:00,15.449140548706055,15.449140548706055,15.449140548706055,15.449140548706055,0,0.0,0.0
2017-02-03 00:00:00-05:00,15.470775604248047,15.51405011431581,15.470775604248047,15.470775604248047,600,0.0,0.0
2017-02-06 00:00:00-05:00,15.470775604248047,15.470775604248047,15.470775604248047,15.470775604248047,0,0.0,0.0
2017-02-07 00:00:00-05:00,15.470775604248047,15.470775604248047,15.470775604248047,15.470775604248047,1300,0.0,0.0
2017-02-08 00:00:00-05:00,15.470763764146184,15.470763764146184,15.391426076680867,15.413064002990723,2900,0.0,0.0
2017-02-09 00:00:00-05:00,15.413064002990723,15.413064002990723,15.413064002990723,15.413064002990723,0,0.0,0.0
2017-02-10 00:00:00-05:00,15.414523124694824,15.414523124694824,15.414523124694824,15.414523124694824,100,0.032,0.0
2017-02-13 00:00:00-05:00,15.493969336054716,15.493969336054716,15.465075492858887,15.465075492858887,400,0.0,0.0
2017-02-14 00:00:00-05:00,15.530092239379885,15.530092239379885,15.530092239379885,15.530092239379883,700,0.0,0.0
2017-02-15 00:00:00-05:00,15.530092239379885,15.530092239379885,15.530092239379885,15.530092239379883,2100,0.0,0.0
2017-02-16 00:00:00-05:00,15.530092239379885,15.530092239379885,15.530092239379885,15.530092239379883,800,0.0,0.0
2017-02-17 00:00:00-05:00,15.493976593017578,15.493976593017578,15.493976593017578,15.493976593017578,200,0.0,0.0
2017-02-21 00:00:00-05:00,15.551763534545897,15.551763534545897,15.551763534545897,15.551763534545898,100,0.0,0.0
2017-02-22 00:00:00-05:00,15.78291071663362,15.804579734802248,15.66011456198258,15.804579734802246,700,0.0,0.0
2017-02-23 00:00:00-05:00,15.537309627776768,15.710668563842773,15.537309627776768,15.710668563842773,600,0.0,0.0
2017-02-24 00:00:00-05:00,15.710668563842773,15.710668563842773,15.710668563842773,15.710668563842773,100,0.0,0.0
2017-02-27 00:00:00-05:00,15.703444837254674,15.71066829835215,15.544532826313173,15.57342529296875,2300,0.0,0.0
2017-02-28 00:00:00-05:00,15.57342529296875,15.57342529296875,15.57342529296875,15.57342529296875,0,0.0,0.0
2017-03-01 00:00:00-05:00,15.746792793273926,15.746792793273926,15.746792793273926,15.746792793273926,100,0.0,0.0
2017-03-02 00:00:00-05:00,15.746792793273926,15.746792793273926,15.746792793273926,15.746792793273926,0,0.0,0.0
2017-03-03 00:00:00-05:00,15.746792793273926,15.746792793273926,15.746792793273926,15.746792793273926,0,0.0,0.0
2017-03-06 00:00:00-05:00,15.746790001824674,15.746790001824674,15.602324860090176,15.623993873596191,600,0.0,0.0
2017-03-07 00:00:00-05:00,15.623993873596191,15.623993873596191,15.623993873596191,15.623993873596191,0,0.0,0.0
2017-03-08 00:00:00-05:00,15.623993873596191,15.623993873596191,15.623993873596191,15.623993873596191,0,0.0,0.0
2017-03-09 00:00:00-05:00,15.623993873596191,15.623993873596191,15.623993873596191,15.623993873596191,0,0.0,0.0
2017-03-10 00:00:00-05:00,15.64714241027832,15.64714241027832,15.64714241027832,15.64714241027832,0,0.032,0.0
2017-03-13 00:00:00-04:00,15.59649658203125,15.59649658203125,15.59649658203125,15.59649658203125,200,0.0,0.0
2017-03-14 00:00:00-04:00,15.59649658203125,15.59649658203125,15.59649658203125,15.59649658203125,0,0.0,0.0
2017-03-15 00:00:00-04:00,15.610969934765489,15.610969934765489,15.574800491333008,15.574800491333008,700,0.0,0.0
2017-03-16 00:00:00-04:00,15.574800491297664,15.574800491297664,15.524161338806152,15.524161338806152,1300,0.0,0.0
2017-03-17 00:00:00-04:00,15.524161338806152,15.524161338806152,15.524161338806152,15.524161338806152,100,0.0,0.0
2017-03-20 00:00:00-04:00,15.524161338806152,15.524161338806152,15.524161338806152,15.524161338806152,0,0.0,0.0
2017-03-21 00:00:00-04:00,15.524161338806152,15.524161338806152,15.524161338806152,15.524161338806152,0,0.0,0.0
2017-03-22 00:00:00-04:00,15.762887954711914,15.762887954711914,15.762887954711914,15.762887954711914,100,0.0,0.0
2017-03-23 00:00:00-04:00,15.748422359256445,15.770123481750488,15.748422359256445,15.770123481750488,500,0.0,0.0
2017-03-24 00:00:00-04:00,15.770123481750488,15.770123481750488,15.770123481750488,15.770123481750488,1700,0.0,0.0
2017-03-27 00:00:00-04:00,15.654374122619629,15.654374122619629,15.654374122619629,15.654374122619629,100,0.0,0.0
2017-03-28 00:00:00-04:00,15.654374122619629,15.654374122619629,15.654374122619629,15.654374122619629,0,0.0,0.0
2017-03-29 00:00:00-04:00,15.654374122619629,15.654374122619629,15.654374122619629,15.654374122619629,0,0.0,0.0
2017-03-30 00:00:00-04:00,15.589265420302647,15.632670402526854,15.589265420302647,15.632670402526855,800,0.0,0.0
2017-03-31 00:00:00-04:00,15.770123481750488,15.770123481750488,15.770123481750488,15.770123481750488,200,0.0,0.0
2017-04-03 00:00:00-04:00,15.770123481750488,15.770123481750488,15.770123481750488,15.770123481750488,0,0.0,0.0
2017-04-04 00:00:00-04:00,15.770123481750488,15.770123481750488,15.770123481750488,15.770123481750488,0,0.0,0.0
2017-04-05 00:00:00-04:00,15.770123481750488,15.770123481750488,15.770123481750488,15.770123481750488,0,0.0,0.0
2017-04-06 00:00:00-04:00,15.770123481750488,15.770123481750488,15.770123481750488,15.770123481750488,0,0.0,0.0
2017-04-07 00:00:00-04:00,15.770123481750488,15.770123481750488,15.770123481750488,15.770123481750488,0,0.0,0.0
2017-04-10 00:00:00-04:00,15.87863540649414,15.87863540649414,15.87863540649414,15.87863540649414,200,0.0,0.0
2017-04-11 00:00:00-04:00,15.903268814086916,15.903268814086916,15.903268814086916,15.903268814086914,0,0.034,0.0
2017-04-12 00:00:00-04:00,15.75835930056969,15.75835930056969,15.656926625445989,15.729377746582031,500,0.0,0.0
2017-04-13 00:00:00-04:00,15.72937774658203,15.72937774658203,15.72937774658203,15.729377746582031,0,0.0,0.0
2017-04-17 00:00:00-04:00,15.917753219604492,15.917753219604492,15.917753219604492,15.917753219604492,100,0.0,0.0
2017-04-18 00:00:00-04:00,15.917759866435436,15.939496040344238,15.917759866435436,15.939496040344238,500,0.0,0.0
2017-04-19 00:00:00-04:00,15.823572515172371,15.823572515172371,15.794590950012207,15.794590950012207,1100,0.0,0.0
2017-04-20 00:00:00-04:00,15.794590950012207,15.794590950012207,15.794590950012207,15.794590950012207,100,0.0,0.0
2017-04-21 00:00:00-04:00,15.794590950012207,15.794590950012207,15.794590950012207,15.794590950012207,3000,0.0,0.0
2017-04-24 00:00:00-04:00,15.758358357095824,16.106128692626953,15.758358357095824,16.106128692626953,2700,0.0,0.0
2017-04-25 00:00:00-04:00,16.011948571456493,16.011948571456493,15.939496040344238,15.939496040344238,8600,0.0,0.0
2017-04-26 00:00:00-04:00,15.939496040344238,15.939496040344238,15.939496040344238,15.939496040344238,0,0.0,0.0
2017-04-27 00:00:00-04:00,16.178586959838867,16.178586959838867,16.178586959838867,16.178586959838867,200,0.0,0.0
2017-04-28 00:00:00-04:00,16.178592057358053,16.178592057358053,15.93949961835936,16.17134666442871,1100,0.0,0.0
2017-05-01 00:00:00-04:00,16.178585076880353,16.178585076880353,16.156848907470703,16.156848907470703,200,0.0,0.0
2017-05-02 00:00:00-04:00,16.156848907470703,16.156848907470703,16.156848907470703,16.156848907470703,0,0.0,0.0
2017-05-03 00:00:00-04:00,16.17134666442871,16.17134666442871,16.17134666442871,16.17134666442871,100,0.0,0.0
2017-05-04 00:00:00-04:00,16.17134666442871,16.17134666442871,16.17134666442871,16.17134666442871,0,0.0,0.0
2017-05-05 00:00:00-04:00,16.178586959838867,16.178586959838867,16.178586959838867,16.178586959838867,100,0.0,0.0
2017-05-08 00:00:00-04:00,16.178586959838867,16.178586959838867,16.178586959838867,16.178586959838867,0,0.0,0.0
2017-05-09 00:00:00-04:00,16.178586959838867,16.178586959838867,16.178586959838867,16.178586959838867,0,0.0,0.0
2017-05-10 00:00:00-04:00,16.178586959838867,16.178586959838867,16.178586959838867,16.178586959838867,100,0.0,0.0
2017-05-11 00:00:00-04:00,16.178586959838867,16.178586959838867,16.178586959838867,16.178586959838867,0,0.0,0.0
2017-05-12 00:00:00-04:00,16.178586959838867,16.178586959838867,16.178586959838867,16.178586959838867,0,0.0,0.0
2017-05-15 00:00:00-04:00,16.178586959838867,16.178586959838867,16.178586959838867,16.178586959838867,100,0.0,0.0
2017-05-16 00:00:00-04:00,16.178586959838867,16.178586959838867,16.178586959838867,16.178586959838867,0,0.0,0.0
2017-05-17 00:00:00-04:00,16.011940002441406,16.011940002441406,16.011940002441406,16.011940002441406,2400,0.0,0.0
2017-05-18 00:00:00-04:00,16.011940002441406,16.011940002441406,16.011940002441406,16.011940002441406,0,0.0,0.0
2017-05-19 00:00:00-04:00,16.011940002441406,16.011940002441406,16.011940002441406,16.011940002441406,0,0.0,0.0
2017-05-22 00:00:00-04:00,16.011940002441406,16.011940002441406,16.011940002441406,16.011940002441406,0,0.0,0.0
2017-05-23 00:00:00-04:00,16.011940002441406,16.011940002441406,16.011940002441406,16.011940002441406,0,0.0,0.0
2017-05-24 00:00:00-04:00,16.011940002441406,16.011940002441406,16.011940002441406,16.011940002441406,0,0.0,0.0
2017-05-25 00:00:00-04:00,15.881531063296492,15.896021842956545,15.881531063296492,15.896021842956543,3000,0.0,0.0
2017-05-26 00:00:00-04:00,15.881531715393066,15.881531715393066,15.881531715393066,15.881531715393066,100,0.0,0.0
2017-05-30 00:00:00-04:00,15.881531715393066,15.881531715393066,15.881531715393066,15.881531715393066,0,0.0,0.0
2017-05-31 00:00:00-04:00,15.881531715393066,15.881531715393066,15.881531715393066,15.881531715393066,0,0.0,0.0
2017-06-01 00:00:00-04:00,15.881531715393066,15.881531715393066,15.881531715393066,15.881531715393066,0,0.0,0.0
2017-06-02 00:00:00-04:00,15.881531715393066,15.881531715393066,15.881531715393066,15.881531715393066,0,0.0,0.0
2017-06-05 00:00:00-04:00,15.881531715393066,15.881531715393066,15.881531715393066,15.881531715393066,0,0.0,0.0
2017-06-06 00:00:00-04:00,15.881531715393066,15.881531715393066,15.881531715393066,15.881531715393066,0,0.0,0.0
2017-06-07 00:00:00-04:00,15.881531715393066,15.881531715393066,15.881531715393066,15.881531715393066,0,0.0,0.0
2017-06-08 00:00:00-04:00,15.881531715393066,15.881531715393066,15.881531715393066,15.881531715393066,0,0.0,0.0
2017-06-09 00:00:00-04:00,15.881531715393066,15.881531715393066,15.881531715393066,15.881531715393066,0,0.0,0.0
2017-06-12 00:00:00-04:00,15.906929016113281,15.906929016113281,15.906929016113281,15.906929016113281,0,0.035,0.0
2017-06-13 00:00:00-04:00,15.906929016113281,15.906929016113281,15.906929016113281,15.906929016113281,0,0.0,0.0
2017-06-14 00:00:00-04:00,15.906929016113281,15.906929016113281,15.906929016113281,15.906929016113281,0,0.0,0.0
2017-06-15 00:00:00-04:00,15.906929016113281,15.906929016113281,15.906929016113281,15.906929016113281,0,0.0,0.0
2017-06-16 00:00:00-04:00,15.906929016113281,15.906929016113281,15.906929016113281,15.906929016113281,200,0.0,0.0
2017-06-19 00:00:00-04:00,15.906929016113281,15.906929016113281,15.906929016113281,15.906929016113281,0,0.0,0.0
2017-06-20 00:00:00-04:00,15.906929016113281,15.906929016113281,15.906929016113281,15.906929016113281,0,0.0,0.0
2017-06-21 00:00:00-04:00,15.906922849544673,15.928693771362305,15.906922849544673,15.928693771362305,900,0.0,0.0
2017-06-22 00:00:00-04:00,15.928693771362305,15.928693771362305,15.928693771362305,15.928693771362305,0,0.0,0.0
2017-06-23 00:00:00-04:00,15.906920910121308,15.93594741821289,15.892406964012475,15.93594741821289,2900,0.0,0.0
2017-06-26 00:00:00-04:00,15.93594741821289,15.93594741821289,15.93594741821289,15.93594741821289,0,0.0,0.0
2017-06-27 00:00:00-04:00,15.93594741821289,15.93594741821289,15.93594741821289,15.93594741821289,0,0.0,0.0
2017-06-28 00:00:00-04:00,15.93594741821289,15.93594741821289,15.93594741821289,15.93594741821289,0,0.0,0.0
2017-06-29 00:00:00-04:00,15.93594741821289,15.93594741821289,15.93594741821289,15.93594741821289,0,0.0,0.0
2017-06-30 00:00:00-04:00,15.957722663879396,15.957722663879396,15.957722663879396,15.957722663879395,600,0.0,0.0
2017-07-03 00:00:00-04:00,15.957722663879396,15.957722663879396,15.957722663879396,15.957722663879395,0,0.0,0.0
2017-07-05 00:00:00-04:00,15.877897262573242,15.877897262573242,15.877897262573242,15.877897262573242,100,0.0,0.0
2017-07-06 00:00:00-04:00,15.877897262573242,15.877897262573242,15.877897262573242,15.877897262573242,0,0.0,0.0
2017-07-07 00:00:00-04:00,15.877897262573242,15.877897262573242,15.877897262573242,15.877897262573242,0,0.0,0.0
2017-07-10 00:00:00-04:00,15.877897262573242,15.877897262573242,15.877897262573242,15.877897262573242,100,0.0,0.0
2017-07-11 00:00:00-04:00,15.877897262573242,15.877897262573242,15.877897262573242,15.877897262573242,600,0.0,0.0
2017-07-12 00:00:00-04:00,15.904065132141113,15.904065132141113,15.904065132141113,15.904065132141113,0,0.036,0.0
2017-07-13 00:00:00-04:00,15.904065132141113,15.904065132141113,15.904065132141113,15.904065132141113,0,0.0,0.0
2017-07-14 00:00:00-04:00,15.904065132141113,15.904065132141113,15.904065132141113,15.904065132141113,0,0.0,0.0
2017-07-17 00:00:00-04:00,16.063976287841797,16.063976287841797,16.063976287841797,16.063976287841797,100,0.0,0.0
2017-07-18 00:00:00-04:00,16.063976287841797,16.063976287841797,16.063976287841797,16.063976287841797,0,0.0,0.0
2017-07-19 00:00:00-04:00,16.063976287841797,16.063976287841797,16.063976287841797,16.063976287841797,0,0.0,0.0
2017-07-20 00:00:00-04:00,15.911333084106445,15.911333084106445,15.911333084106445,15.911333084106445,100,0.0,0.0
2017-07-21 00:00:00-04:00,15.904061851259721,15.904061851259721,15.787761688232424,15.787761688232422,1100,0.0,0.0
2017-07-24 00:00:00-04:00,15.809571266174315,15.809571266174315,15.809571266174315,15.809571266174316,100,0.0,0.0
2017-07-25 00:00:00-04:00,16.063976287841797,16.063976287841797,16.063976287841797,16.063976287841797,100,0.0,0.0
2017-07-26 00:00:00-04:00,16.063976287841797,16.063976287841797,16.063976287841797,16.063976287841797,0,0.0,0.0
2017-07-27 00:00:00-04:00,16.063976287841797,16.063976287841797,16.063976287841797,16.063976287841797,0,0.0,0.0
2017-07-28 00:00:00-04:00,16.063976287841797,16.063976287841797,16.063976287841797,16.063976287841797,0,0.0,0.0
2017-07-31 00:00:00-04:00,16.063976287841797,16.063976287841797,16.063976287841797,16.063976287841797,0,0.0,0.0
2017-08-01 00:00:00-04:00,16.063976287841797,16.063976287841797,16.063976287841797,16.063976287841797,0,0.0,0.0
2017-08-02 00:00:00-04:00,16.063976287841797,16.063976287841797,16.063976287841797,16.063976287841797,0,0.0,0.0
2017-08-03 00:00:00-04:00,16.063976287841797,16.063976287841797,16.063976287841797,16.063976287841797,0,0.0,0.0
2017-08-04 00:00:00-04:00,16.063976287841797,16.063976287841797,16.063976287841797,16.063976287841797,0,0.0,0.0
2017-08-07 00:00:00-04:00,16.063976287841797,16.063976287841797,16.063976287841797,16.063976287841797,0,0.0,0.0
2017-08-08 00:00:00-04:00,16.063976287841797,16.063976287841797,16.063976287841797,16.063976287841797,0,0.0,0.0
2017-08-09 00:00:00-04:00,16.063976287841797,16.063976287841797,16.063976287841797,16.063976287841797,0,0.0,0.0
2017-08-10 00:00:00-04:00,16.091651916503906,16.091651916503906,16.091651916503906,16.091651916503906,0,0.038,0.0
2017-08-11 00:00:00-04:00,16.091651916503906,16.091651916503906,16.091651916503906,16.091651916503906,0,0.0,0.0
2017-08-14 00:00:00-04:00,16.091651916503906,16.091651916503906,16.091651916503906,16.091651916503906,0,0.0,0.0
2017-08-15 00:00:00-04:00,15.836812019348145,15.836812019348145,15.829530559810118,15.836812019348145,300,0.0,0.0
2017-08-16 00:00:00-04:00,15.829517364501953,15.829517364501953,15.829517364501953,15.829517364501953,200,0.0,0.0
2017-08-17 00:00:00-04:00,15.829517364501953,15.829517364501953,15.829517364501953,15.829517364501953,0,0.0,0.0
2017-08-18 00:00:00-04:00,15.829517364501953,15.829517364501953,15.829517364501953,15.829517364501953,0,0.0,0.0
2017-08-21 00:00:00-04:00,15.829517364501953,15.829517364501953,15.829517364501953,15.829517364501953,0,0.0,0.0
2017-08-22 00:00:00-04:00,15.829517364501953,15.829517364501953,15.829517364501953,15.829517364501953,0,0.0,0.0
2017-08-23 00:00:00-04:00,15.829517364501953,15.829517364501953,15.829517364501953,15.829517364501953,0,0.0,0.0
2017-08-24 00:00:00-04:00,15.829517364501953,15.829517364501953,15.829517364501953,15.829517364501953,0,0.0,0.0
2017-08-25 00:00:00-04:00,15.829517364501953,15.829517364501953,15.829517364501953,15.829517364501953,0,0.0,0.0
2017-08-28 00:00:00-04:00,15.829517364501953,15.829517364501953,15.829517364501953,15.829517364501953,0,0.0,0.0
2017-08-29 00:00:00-04:00,15.829517364501953,15.829517364501953,15.829517364501953,15.829517364501953,0,0.0,0.0
2017-08-30 00:00:00-04:00,15.822240069586227,15.858647346496582,15.822240069586227,15.858647346496582,3400,0.0,0.0
2017-08-31 00:00:00-04:00,15.858647346496582,15.858647346496582,15.858647346496582,15.858647346496582,0,0.0,0.0
2017-09-01 00:00:00-04:00,15.96059322357178,15.96059322357178,15.96059322357178,15.960593223571777,200,0.0,0.0
2017-09-05 00:00:00-04:00,15.96059322357178,15.96059322357178,15.96059322357178,15.960593223571777,0,0.0,0.0
2017-09-06 00:00:00-04:00,15.96059322357178,15.96059322357178,15.96059322357178,15.960593223571777,0,0.0,0.0
2017-09-07 00:00:00-04:00,15.96059322357178,15.96059322357178,15.96059322357178,15.960593223571777,0,0.0,0.0
2017-09-08 00:00:00-04:00,15.96059322357178,15.96059322357178,15.96059322357178,15.960593223571777,300,0.0,0.0
2017-09-11 00:00:00-04:00,15.96059322357178,15.96059322357178,15.96059322357178,15.960593223571777,0,0.0,0.0
2017-09-12 00:00:00-04:00,15.96059322357178,15.96059322357178,15.96059322357178,15.960593223571777,0,0.0,0.0
2017-09-13 00:00:00-04:00,15.988303184509277,15.988303184509277,15.988303184509277,15.988303184509277,0,0.038,0.0
2017-09-14 00:00:00-04:00,15.988303184509277,15.988303184509277,15.988303184509277,15.988303184509277,0,0.0,0.0
2017-09-15 00:00:00-04:00,15.908065598417329,15.908065598417329,15.886184692382814,15.886184692382812,400,0.0,0.0
2017-09-18 00:00:00-04:00,15.886184692382814,15.886184692382814,15.886184692382814,15.886184692382812,0,0.0,0.0
2017-09-19 00:00:00-04:00,15.886178780766036,15.915353775024414,15.878884684399784,15.915353775024414,1200,0.0,0.0
2017-09-20 00:00:00-04:00,15.915353775024414,15.915353775024414,15.915353775024414,15.915353775024414,0,0.0,0.0
2017-09-21 00:00:00-04:00,15.915353775024414,15.915353775024414,15.915353775024414,15.915353775024414,0,0.0,0.0
2017-09-22 00:00:00-04:00,15.915353775024414,15.915353775024414,15.915353775024414,15.915353775024414,0,0.0,0.0
2017-09-25 00:00:00-04:00,15.908059678658162,15.915353775024414,15.908059678658162,15.915353775024414,1500,0.0,0.0
2017-09-26 00:00:00-04:00,15.893476526869314,15.908063331744863,15.893476526869314,15.900769233703613,500,0.0,0.0
2017-09-27 00:00:00-04:00,16.06124194849161,16.06124194849161,16.046653747558594,16.046653747558594,1000,0.0,0.0
2017-09-28 00:00:00-04:00,16.04664736015618,16.119586944580078,16.04664736015618,16.119586944580078,400,0.0,0.0
2017-09-29 00:00:00-04:00,16.119586944580078,16.119586944580078,16.119586944580078,16.119586944580078,0,0.0,0.0
2017-10-02 00:00:00-04:00,16.119586944580078,16.119586944580078,16.119586944580078,16.119586944580078,0,0.0,0.0
2017-10-03 00:00:00-04:00,16.119586944580078,16.119586944580078,16.119586944580078,16.119586944580078,0,0.0,0.0
2017-10-04 00:00:00-04:00,16.119586944580078,16.119586944580078,16.119586944580078,16.119586944580078,0,0.0,0.0
2017-10-05 00:00:00-04:00,16.046653747558594,16.046653747558594,16.046653747558594,16.046653747558594,100,0.0,0.0
2017-10-06 00:00:00-04:00,16.046653747558594,16.046653747558594,16.046653747558594,16.046653747558594,0,0.0,0.0
2017-10-09 00:00:00-04:00,16.046653747558594,16.046653747558594,16.046653747558594,16.046653747558594,0,0.0,0.0
2017-10-10 00:00:00-04:00,16.046653747558594,16.046653747558594,16.046653747558594,16.046653747558594,0,0.0,0.0
2017-10-11 00:00:00-04:00,16.046653747558594,16.046653747558594,16.046653747558594,16.046653747558594,200,0.0,0.0
2017-10-12 00:00:00-04:00,16.045197428956122,16.045197428956122,15.906373858652252,15.95751953125,1300,0.038,0.0
2017-10-13 00:00:00-04:00,15.95751152539624,15.95751152539624,15.928284645080566,15.928284645080566,200,0.0,0.0
2017-10-16 00:00:00-04:00,15.928284645080566,15.928284645080566,15.928284645080566,15.928284645080566,0,0.0,0.0
2017-10-17 00:00:00-04:00,15.928284645080566,15.928284645080566,15.928284645080566,15.928284645080566,0,0.0,0.0
2017-10-18 00:00:00-04:00,15.906371116638184,15.906371116638184,15.906371116638184,15.906371116638184,100,0.0,0.0
2017-10-19 00:00:00-04:00,16.001352310180664,16.001352310180664,16.001352310180664,16.001352310180664,200,0.0,0.0
2017-10-20 00:00:00-04:00,16.14748306500882,16.18401527404785,16.14748306500882,16.18401527404785,400,0.0,0.0
2017-10-23 00:00:00-04:00,16.18401527404785,16.18401527404785,16.18401527404785,16.18401527404785,0,0.0,0.0
2017-10-24 00:00:00-04:00,16.18401527404785,16.18401527404785,16.18401527404785,16.18401527404785,0,0.0,0.0
2017-10-25 00:00:00-04:00,15.91368293762207,15.91368293762207,15.91368293762207,15.91368293762207,100,0.0,0.0
2017-10-26 00:00:00-04:00,15.91368293762207,15.91368293762207,15.91368293762207,15.91368293762207,0,0.0,0.0
2017-10-27 00:00:00-04:00,15.906368611757154,16.074419021606445,15.906368611757154,16.074419021606445,300,0.0,0.0
2017-10-30 00:00:00-04:00,16.220548629760742,16.220548629760742,16.220548629760742,16.220548629760742,4000,0.0,0.0
2017-10-31 00:00:00-04:00,15.92829329220114,15.972133636474611,15.92829329220114,15.97213363647461,400,0.0,0.0
2017-11-01 00:00:00-04:00,15.972133636474611,15.972133636474611,15.972133636474611,15.97213363647461,0,0.0,0.0
2017-11-02 00:00:00-04:00,15.972133636474611,15.972133636474611,15.972133636474611,15.97213363647461,0,0.0,0.0
2017-11-03 00:00:00-04:00,15.972133636474611,15.972133636474611,15.972133636474611,15.97213363647461,0,0.0,0.0
2017-11-06 00:00:00-05:00,15.972133636474611,15.972133636474611,15.972133636474611,15.97213363647461,0,0.0,0.0
2017-11-07 00:00:00-05:00,15.972133636474611,15.972133636474611,15.972133636474611,15.97213363647461,0,0.0,0.0
2017-11-08 00:00:00-05:00,15.972133636474611,15.972133636474611,15.972133636474611,15.97213363647461,0,0.0,0.0
2017-11-09 00:00:00-05:00,15.972133636474611,15.972133636474611,15.972133636474611,15.97213363647461,0,0.0,0.0
2017-11-10 00:00:00-05:00,15.972133636474611,15.972133636474611,15.972133636474611,15.97213363647461,0,0.0,0.0
2017-11-13 00:00:00-05:00,16.000673294067383,16.000673294067383,16.000673294067383,16.000673294067383,0,0.039,0.0
2017-11-14 00:00:00-05:00,16.000673294067383,16.000673294067383,16.000673294067383,16.000673294067383,0,0.0,0.0
2017-11-15 00:00:00-05:00,16.000673294067383,16.000673294067383,16.000673294067383,16.000673294067383,0,0.0,0.0
2017-11-16 00:00:00-05:00,16.43253328396132,16.439851669074667,16.139747619628906,16.139747619628906,1400,0.0,0.0
2017-11-17 00:00:00-05:00,16.139747619628906,16.139747619628906,16.139747619628906,16.139747619628906,0,0.0,0.0
2017-11-20 00:00:00-05:00,16.139747619628906,16.139747619628906,16.139747619628906,16.139747619628906,0,0.0,0.0
2017-11-21 00:00:00-05:00,16.234901428222656,16.234901428222656,16.234901428222656,16.234901428222656,200,0.0,0.0
2017-11-22 00:00:00-05:00,16.234901428222656,16.234901428222656,16.234901428222656,16.234901428222656,0,0.0,0.0
2017-11-24 00:00:00-05:00,16.234901428222656,16.234901428222656,16.234901428222656,16.234901428222656,0,0.0,0.0
2017-11-27 00:00:00-05:00,16.234901428222656,16.234901428222656,16.234901428222656,16.234901428222656,0,0.0,0.0
2017-11-28 00:00:00-05:00,16.234901428222656,16.234901428222656,16.234901428222656,16.234901428222656,0,0.0,0.0
2017-11-29 00:00:00-05:00,16.234901428222656,16.234901428222656,16.234901428222656,16.234901428222656,0,0.0,0.0
2017-11-30 00:00:00-05:00,16.234901428222656,16.234901428222656,16.234901428222656,16.234901428222656,0,0.0,0.0
2017-12-01 00:00:00-05:00,16.234901428222656,16.234901428222656,16.234901428222656,16.234901428222656,0,0.0,0.0
2017-12-04 00:00:00-05:00,15.956754698210716,16.103147506713867,15.956754698210716,16.103147506713867,900,0.0,0.0
2017-12-05 00:00:00-05:00,16.381290980741024,16.381290980741024,16.359333038330078,16.359333038330078,200,0.0,0.0
2017-12-06 00:00:00-05:00,16.359333038330078,16.359333038330078,16.359333038330078,16.359333038330078,0,0.0,0.0
2017-12-07 00:00:00-05:00,16.359333038330078,16.359333038330078,16.359333038330078,16.359333038330078,0,0.0,0.0
2017-12-08 00:00:00-05:00,16.359333038330078,16.359333038330078,16.359333038330078,16.359333038330078,0,0.0,0.0
2017-12-11 00:00:00-05:00,16.359333038330078,16.359333038330078,16.359333038330078,16.359333038330078,0,0.0,0.0
2017-12-12 00:00:00-05:00,16.359333038330078,16.359333038330078,16.359333038330078,16.359333038330078,0,0.0,0.0
2017-12-13 00:00:00-05:00,16.388669967651367,16.388669967651367,16.388669967651367,16.388669967651367,0,0.04,0.0
2017-12-14 00:00:00-05:00,16.315336227416992,16.315336227416992,16.315336227416992,16.315336227416992,500,0.0,0.0
2017-12-15 00:00:00-05:00,16.315336227416992,16.315336227416992,16.315336227416992,16.315336227416992,0,0.0,0.0
2017-12-18 00:00:00-05:00,16.315336227416992,16.315336227416992,16.315336227416992,16.315336227416992,0,0.0,0.0
2017-12-19 00:00:00-05:00,16.176013863527608,16.498654611994713,16.176013863527608,16.315336227416992,4500,0.0,0.0
2017-12-20 00:00:00-05:00,16.278675079345703,16.278675079345703,16.278675079345703,16.278675079345703,100,0.0,0.0
2017-12-21 00:00:00-05:00,16.278675079345703,16.278675079345703,16.278675079345703,16.278675079345703,0,0.0,0.0
2017-12-22 00:00:00-05:00,16.417990982939955,16.4986515045166,16.417990982939955,16.4986515045166,200,0.0,0.0
2017-12-26 00:00:00-05:00,16.4986515045166,16.4986515045166,16.4986515045166,16.4986515045166,0,0.0,0.0
2017-12-27 00:00:00-05:00,16.315336227416992,16.315336227416992,16.315336227416992,16.315336227416992,100,0.0,0.0
2017-12-28 00:00:00-05:00,16.315336227416992,16.315336227416992,16.315336227416992,16.315336227416992,0,0.0,0.0
2017-12-29 00:00:00-05:00,16.315336227416992,16.315336227416992,16.315336227416992,16.315336227416992,0,0.0,0.0
2018-01-02 00:00:00-05:00,16.249347686767578,16.249347686767578,16.249347686767578,16.249347686767578,100,0.0,0.0
2018-01-03 00:00:00-05:00,16.447324752807617,16.447324752807617,16.447324752807617,16.447324752807617,200,0.0,0.0
2018-01-04 00:00:00-05:00,16.13202667236328,16.205354346050378,16.080697720365027,16.13202667236328,2700,0.0,0.0
2018-01-05 00:00:00-05:00,16.22733964352734,16.337331771850586,16.22733964352734,16.337331771850586,600,0.0,0.0
2018-01-08 00:00:00-05:00,16.329994201660156,16.329994201660156,16.329994201660156,16.329994201660156,100,0.0,0.0
2018-01-09 00:00:00-05:00,16.095352172851562,16.095352172851562,16.095352172851562,16.095352172851562,300,0.0,0.0
2018-01-10 00:00:00-05:00,16.095352172851562,16.095352172851562,16.095352172851562,16.095352172851562,0,0.0,0.0
2018-01-11 00:00:00-05:00,16.127681732177734,16.127681732177734,16.127681732177734,16.127681732177734,0,0.044,0.0
2018-01-12 00:00:00-05:00,16.127681732177734,16.127681732177734,16.127681732177734,16.127681732177734,0,0.0,0.0
2018-01-16 00:00:00-05:00,16.127681732177734,16.127681732177734,16.127681732177734,16.127681732177734,0,0.0,0.0
2018-01-17 00:00:00-05:00,16.127681732177734,16.127681732177734,16.127681732177734,16.127681732177734,0,0.0,0.0
2018-01-18 00:00:00-05:00,16.45832633972168,16.45832633972168,16.45832633972168,16.45832633972168,400,0.0,0.0
2018-01-19 00:00:00-05:00,16.53179168701172,16.53179168701172,16.53179168701172,16.53179168701172,1500,0.0,0.0
2018-01-22 00:00:00-05:00,16.53179168701172,16.53179168701172,16.53179168701172,16.53179168701172,0,0.0,0.0
2018-01-23 00:00:00-05:00,16.53179168701172,16.53179168701172,16.53179168701172,16.53179168701172,0,0.0,0.0
2018-01-24 00:00:00-05:00,16.53179168701172,16.53179168701172,16.53179168701172,16.53179168701172,0,0.0,0.0
2018-01-25 00:00:00-05:00,16.53179168701172,16.53179168701172,16.53179168701172,16.53179168701172,0,0.0,0.0
2018-01-26 00:00:00-05:00,16.53179168701172,16.53179168701172,16.53179168701172,16.53179168701172,0,0.0,0.0
2018-01-29 00:00:00-05:00,16.53179168701172,16.53179168701172,16.53179168701172,16.53179168701172,100,0.0,0.0
2018-01-30 00:00:00-05:00,16.252592128212246,16.252592128212246,16.17911720275879,16.17911720275879,1000,0.0,0.0
2018-01-31 00:00:00-05:00,16.17911720275879,16.17911720275879,16.17911720275879,16.17911720275879,0,0.0,0.0
2018-02-01 00:00:00-05:00,16.17911720275879,16.17911720275879,16.17911720275879,16.17911720275879,0,0.0,0.0
2018-02-02 00:00:00-05:00,16.42159080505371,16.458327583467995,16.42159080505371,16.42159080505371,2400,0.0,0.0
2018-02-05 00:00:00-05:00,16.42159080505371,16.42159080505371,16.42159080505371,16.42159080505371,0,0.0,0.0
2018-02-06 00:00:00-05:00,16.17911720275879,16.17911720275879,16.17911720275879,16.17911720275879,100,0.0,0.0
2018-02-07 00:00:00-05:00,16.17911720275879,16.17911720275879,16.17911720275879,16.17911720275879,0,0.0,0.0
2018-02-08 00:00:00-05:00,16.42159080505371,16.42159080505371,16.42159080505371,16.42159080505371,100,0.0,0.0
2018-02-09 00:00:00-05:00,16.42157869026613,16.42157869026613,16.31136703491211,16.31136703491211,1400,0.0,0.0
2018-02-12 00:00:00-05:00,16.31135991385372,16.31135991385372,16.23053741455078,16.23053741455078,500,0.0,0.0
2018-02-13 00:00:00-05:00,16.29386329650879,16.29386329650879,16.29386329650879,16.29386329650879,200,0.046,0.0
2018-02-14 00:00:00-05:00,16.345407485961914,16.345407485961914,16.345407485961914,16.345407485961914,1300,0.0,0.0
2018-02-15 00:00:00-05:00,16.21288098255345,16.22024394882452,16.12452679164281,16.190792083740234,2000,0.0,0.0
2018-02-16 00:00:00-05:00,16.190792083740234,16.190792083740234,16.190792083740234,16.190792083740234,0,0.0,0.0
2018-02-20 00:00:00-05:00,16.198152542114258,16.198152542114258,16.198152542114258,16.198152542114258,300,0.0,0.0
2018-02-21 00:00:00-05:00,16.448487739203383,16.448487739203383,16.198152542114258,16.198152542114258,600,0.0,0.0
2018-02-22 00:00:00-05:00,16.345407485961914,16.345407485961914,16.345407485961914,16.345407485961914,800,0.0,0.0
2018-02-23 00:00:00-05:00,16.345407485961914,16.345407485961914,16.345407485961914,16.345407485961914,0,0.0,0.0
2018-02-26 00:00:00-05:00,16.345407485961914,16.345407485961914,16.345407485961914,16.345407485961914,0,0.0,0.0
2018-02-27 00:00:00-05:00,16.345407485961914,16.345407485961914,16.345407485961914,16.345407485961914,0,0.0,0.0
2018-02-28 00:00:00-05:00,16.2202447604113,16.23496928934797,16.168703993934933,16.22760772705078,7500,0.0,0.0
2018-03-01 00:00:00-05:00,16.22760772705078,16.22760772705078,16.22760772705078,16.22760772705078,0,0.0,0.0
2018-03-02 00:00:00-05:00,16.22760772705078,16.22760772705078,16.22760772705078,16.22760772705078,0,0.0,0.0
2018-03-05 00:00:00-05:00,16.382221221923828,16.382221221923828,16.382221221923828,16.382221221923828,1100,0.0,0.0
2018-03-06 00:00:00-05:00,16.382221221923828,16.382221221923828,16.382221221923828,16.382221221923828,400,0.0,0.0
2018-03-07 00:00:00-05:00,16.455856323242188,16.455856323242188,16.455856323242188,16.455856323242188,1000,0.0,0.0
2018-03-08 00:00:00-05:00,16.455856323242188,16.455856323242188,16.455856323242188,16.455856323242188,0,0.0,0.0
2018-03-09 00:00:00-05:00,16.455856323242188,16.455856323242188,16.455856323242188,16.455856323242188,0,0.0,0.0
2018-03-12 00:00:00-04:00,16.455856323242188,16.455856323242188,16.455856323242188,16.455856323242188,0,0.0,0.0
2018-03-13 00:00:00-04:00,16.49200439453125,16.49200439453125,16.49200439453125,16.49200439453125,0,0.049,0.0
2018-03-14 00:00:00-04:00,16.49200439453125,16.49200439453125,16.49200439453125,16.49200439453125,0,0.0,0.0
2018-03-15 00:00:00-04:00,16.49200439453125,16.49200439453125,16.49200439453125,16.49200439453125,0,0.0,0.0
2018-03-16 00:00:00-04:00,16.49200439453125,16.49200439453125,16.49200439453125,16.49200439453125,0,0.0,0.0
2018-03-19 00:00:00-04:00,16.49200439453125,16.49200439453125,16.49200439453125,16.49200439453125,0,0.0,0.0
2018-03-20 00:00:00-04:00,16.462491989135742,16.462491989135742,16.462491989135742,16.462491989135742,200,0.0,0.0
2018-03-21 00:00:00-04:00,16.492013004772566,16.602697372436523,16.492013004772566,16.602697372436523,3100,0.0,0.0
2018-03-22 00:00:00-04:00,16.44773292541504,16.44773292541504,16.44773292541504,16.44773292541504,300,0.0,0.0
2018-03-23 00:00:00-04:00,16.270641326904297,16.270641326904297,16.270641326904297,16.270641326904297,300,0.0,0.0
2018-03-26 00:00:00-04:00,16.29277914872583,16.29277914872583,16.27802085876465,16.27802085876465,300,0.0,0.0
2018-03-27 00:00:00-04:00,16.27802085876465,16.27802085876465,16.27802085876465,16.27802085876465,0,0.0,0.0
2018-03-28 00:00:00-04:00,16.27802085876465,16.27802085876465,16.27802085876465,16.27802085876465,0,0.0,0.0
2018-03-29 00:00:00-04:00,16.27802085876465,16.27802085876465,16.27802085876465,16.27802085876465,0,0.0,0.0
2018-04-02 00:00:00-04:00,16.595314025878906,16.595314025878906,16.595314025878906,16.595314025878906,200,0.0,0.0
2018-04-03 00:00:00-04:00,16.595314025878906,16.595314025878906,16.595314025878906,16.595314025878906,0,0.0,0.0
2018-04-04 00:00:00-04:00,16.595314025878906,16.595314025878906,16.595314025878906,16.595314025878906,0,0.0,0.0
2018-04-05 00:00:00-04:00,16.595314025878906,16.595314025878906,16.595314025878906,16.595314025878906,0,0.0,0.0
2018-04-06 00:00:00-04:00,16.595314025878906,16.595314025878906,16.595314025878906,16.595314025878906,0,0.0,0.0
2018-04-09 00:00:00-04:00,16.595314025878906,16.595314025878906,16.595314025878906,16.595314025878906,0,0.0,0.0
2018-04-10 00:00:00-04:00,16.595314025878906,16.595314025878906,16.595314025878906,16.595314025878906,0,0.0,0.0
2018-04-11 00:00:00-04:00,16.595314025878906,16.595314025878906,16.595314025878906,16.595314025878906,0,0.0,0.0
2018-04-12 00:00:00-04:00,16.6359920501709,16.6359920501709,16.6359920501709,16.6359920501709,0,0.055,0.0
2018-04-13 00:00:00-04:00,16.6359920501709,16.6359920501709,16.6359920501709,16.6359920501709,0,0.0,0.0
2018-04-16 00:00:00-04:00,16.6359920501709,16.6359920501709,16.6359920501709,16.6359920501709,0,0.0,0.0
2018-04-17 00:00:00-04:00,16.6359920501709,16.6359920501709,16.6359920501709,16.6359920501709,0,0.0,0.0
2018-04-18 00:00:00-04:00,16.6359920501709,16.6359920501709,16.6359920501709,16.6359920501709,0,0.0,0.0
2018-04-19 00:00:00-04:00,16.6359920501709,16.6359920501709,16.6359920501709,16.6359920501709,0,0.0,0.0
2018-04-20 00:00:00-04:00,16.6359920501709,16.6359920501709,16.6359920501709,16.6359920501709,0,0.0,0.0
2018-04-23 00:00:00-04:00,16.6359920501709,16.6359920501709,16.6359920501709,16.6359920501709,0,0.0,0.0
2018-04-24 00:00:00-04:00,16.917090145360653,16.917090145360653,16.38450050354004,16.38450050354004,5500,0.0,0.0
2018-04-25 00:00:00-04:00,16.38450050354004,16.38450050354004,16.38450050354004,16.38450050354004,0,0.0,0.0
2018-04-26 00:00:00-04:00,16.38450050354004,16.38450050354004,16.38450050354004,16.38450050354004,0,0.0,0.0
2018-04-27 00:00:00-04:00,16.38450050354004,16.38450050354004,16.38450050354004,16.38450050354004,0,0.0,0.0
2018-04-30 00:00:00-04:00,16.917085654107236,16.917085654107236,16.39189338684082,16.39189338684082,4600,0.0,0.0
2018-05-01 00:00:00-04:00,16.71736733401059,16.93927872167482,16.71736733401059,16.924484252929688,5600,0.0,0.0
2018-05-02 00:00:00-04:00,16.739560745560055,16.739560745560055,16.724767684936523,16.724767684936523,1100,0.0,0.0
2018-05-03 00:00:00-04:00,16.724767684936523,16.724767684936523,16.724767684936523,16.724767684936523,0,0.0,0.0
2018-05-04 00:00:00-04:00,16.90229071614943,16.90229071614943,16.680377960205078,16.680377960205078,200,0.0,0.0
2018-05-07 00:00:00-04:00,16.93927001953125,16.93927001953125,16.93927001953125,16.93927001953125,700,0.0,0.0
2018-05-08 00:00:00-04:00,16.93927001953125,16.93927001953125,16.93927001953125,16.93927001953125,900,0.0,0.0
2018-05-09 00:00:00-04:00,16.93927001953125,16.93927001953125,16.93927001953125,16.93927001953125,100,0.0,0.0
2018-05-10 00:00:00-04:00,16.93927001953125,16.93927001953125,16.93927001953125,16.93927001953125,0,0.0,0.0
2018-05-11 00:00:00-04:00,16.983030319213867,16.983030319213867,16.983030319213867,16.983030319213867,0,0.059,0.0
2018-05-14 00:00:00-04:00,16.983030319213867,16.983030319213867,16.983030319213867,16.983030319213867,100,0.0,0.0
2018-05-15 00:00:00-04:00,16.983030319213867,16.983030319213867,16.983030319213867,16.983030319213867,200,0.0,0.0
2018-05-16 00:00:00-04:00,16.983030319213867,16.983030319213867,16.983030319213867,16.983030319213867,0,0.0,0.0
2018-05-17 00:00:00-04:00,16.730886522750666,16.90887451171875,16.730886522750666,16.90887451171875,200,0.0,0.0
2018-05-18 00:00:00-04:00,16.90887451171875,16.90887451171875,16.90887451171875,16.90887451171875,0,0.0,0.0
2018-05-21 00:00:00-04:00,16.983030319213867,16.983030319213867,16.983030319213867,16.983030319213867,100,0.0,0.0
2018-05-22 00:00:00-04:00,16.983030319213867,16.983030319213867,16.983030319213867,16.983030319213867,0,0.0,0.0
2018-05-23 00:00:00-04:00,16.983030319213867,16.983030319213867,16.983030319213867,16.983030319213867,0,0.0,0.0
2018-05-24 00:00:00-04:00,16.983030319213867,16.983030319213867,16.983030319213867,16.983030319213867,0,0.0,0.0
2018-05-25 00:00:00-04:00,16.983030319213867,16.983030319213867,16.983030319213867,16.983030319213867,0,0.0,0.0
2018-05-29 00:00:00-04:00,16.98302993070185,16.98302993070185,16.901453018188477,16.901453018188477,2200,0.0,0.0
2018-05-30 00:00:00-04:00,16.901453018188477,16.901453018188477,16.901453018188477,16.901453018188477,0,0.0,0.0
2018-05-31 00:00:00-04:00,16.901453018188477,16.901453018188477,16.901453018188477,16.901453018188477,0,0.0,0.0
2018-06-01 00:00:00-04:00,16.901453018188477,16.901453018188477,16.901453018188477,16.901453018188477,0,0.0,0.0
2018-06-04 00:00:00-04:00,16.98303042856148,17.049776077270508,16.98303042856148,17.049776077270508,1100,0.0,0.0
2018-06-05 00:00:00-04:00,17.14618492126465,17.14618492126465,17.14618492126465,17.14618492126465,100,0.0,0.0
2018-06-06 00:00:00-04:00,17.14618492126465,17.14618492126465,17.14618492126465,17.14618492126465,0,0.0,0.0
2018-06-07 00:00:00-04:00,17.109105603371848,17.18326759338379,17.07944165608046,17.18326759338379,3500,0.0,0.0
2018-06-08 00:00:00-04:00,17.18326759338379,17.18326759338379,17.18326759338379,17.18326759338379,0,0.0,0.0
2018-06-11 00:00:00-04:00,17.18326759338379,17.18326759338379,17.18326759338379,17.18326759338379,0,0.0,0.0
2018-06-12 00:00:00-04:00,17.18326759338379,17.18326759338379,17.18326759338379,17.18326759338379,0,0.0,0.0
2018-06-13 00:00:00-04:00,17.227134704589844,17.227134704589844,17.227134704589844,17.227134704589844,0,0.059,0.0
2018-06-14 00:00:00-04:00,17.227134704589844,17.227134704589844,17.227134704589844,17.227134704589844,0,0.0,0.0
2018-06-15 00:00:00-04:00,17.212265014648438,17.212265014648438,17.212265014648438,17.212265014648438,100,0.0,0.0
2018-06-18 00:00:00-04:00,17.212265014648438,17.212265014648438,17.212265014648438,17.212265014648438,0,0.0,0.0
2018-06-19 00:00:00-04:00,17.212265014648438,17.212265014648438,17.212265014648438,17.212265014648438,0,0.0,0.0
2018-06-20 00:00:00-04:00,17.20482359493201,17.22712940889386,17.0635576942393,17.219694137573242,2500,0.0,0.0
2018-06-21 00:00:00-04:00,16.862815131173935,16.89999008178711,16.862815131173935,16.89999008178711,600,0.0,0.0
2018-06-22 00:00:00-04:00,16.89999008178711,16.89999008178711,16.89999008178711,16.89999008178711,0,0.0,0.0
2018-06-25 00:00:00-04:00,16.833075792810373,17.10817527770996,16.80333611284301,17.10817527770996,1800,0.0,0.0
2018-06-26 00:00:00-04:00,17.10817527770996,17.10817527770996,17.10817527770996,17.10817527770996,0,0.0,0.0
2018-06-27 00:00:00-04:00,17.10817527770996,17.10817527770996,17.10817527770996,17.10817527770996,0,0.0,0.0
2018-06-28 00:00:00-04:00,17.10817527770996,17.10817527770996,17.10817527770996,17.10817527770996,0,0.0,0.0
2018-06-29 00:00:00-04:00,17.10817527770996,17.10817527770996,17.10817527770996,17.10817527770996,0,0.0,0.0
2018-07-02 00:00:00-04:00,17.03382110595703,17.03382110595703,17.03382110595703,17.03382110595703,100,0.0,0.0
2018-07-03 00:00:00-04:00,17.03382110595703,17.03382110595703,17.03382110595703,17.03382110595703,0,0.0,0.0
2018-07-05 00:00:00-04:00,17.03382110595703,17.03382110595703,17.03382110595703,17.03382110595703,0,0.0,0.0
2018-07-06 00:00:00-04:00,17.100741164903788,17.100741164903788,17.063566207885742,17.063566207885742,600,0.0,0.0
2018-07-09 00:00:00-04:00,17.063566207885742,17.063566207885742,17.063566207885742,17.063566207885742,0,0.0,0.0
2018-07-10 00:00:00-04:00,17.063566207885742,17.063566207885742,17.063566207885742,17.063566207885742,0,0.0,0.0
2018-07-11 00:00:00-04:00,17.063566207885742,17.063566207885742,17.063566207885742,17.063566207885742,0,0.0,0.0
2018-07-12 00:00:00-04:00,17.092637222715823,17.092637222715823,16.89137163993779,16.906280517578125,900,0.059,0.0
2018-07-13 00:00:00-04:00,16.906280517578125,16.906280517578125,16.906280517578125,16.906280517578125,0,0.0,0.0
2018-07-16 00:00:00-04:00,17.413166046142578,17.413166046142578,17.413166046142578,17.413166046142578,100,0.0,0.0
2018-07-17 00:00:00-04:00,17.062815262389098,17.10008744730439,16.883913040161133,16.883913040161133,900,0.0,0.0
2018-07-18 00:00:00-04:00,16.883913040161133,16.883913040161133,16.883913040161133,16.883913040161133,0,0.0,0.0
2018-07-19 00:00:00-04:00,16.913726290097014,16.921180725097656,16.913726290097014,16.921180725097656,1100,0.0,0.0
2018-07-20 00:00:00-04:00,16.921180725097656,16.921180725097656,16.921180725097656,16.921180725097656,0,0.0,0.0
2018-07-23 00:00:00-04:00,17.144813537597656,17.144813537597656,17.144813537597656,17.144813537597656,200,0.0,0.0
2018-07-24 00:00:00-04:00,17.144813537597656,17.144813537597656,17.144813537597656,17.144813537597656,0,0.0,0.0
2018-07-25 00:00:00-04:00,17.14480400875307,17.271526530037104,16.868995666503906,16.868995666503906,300,0.0,0.0
2018-07-26 00:00:00-04:00,16.868995666503906,16.868995666503906,16.868995666503906,16.868995666503906,0,0.0,0.0
2018-07-27 00:00:00-04:00,16.84663779687932,16.921180725097656,16.84663779687932,16.921180725097656,300,0.0,0.0
2018-07-30 00:00:00-04:00,16.921180725097656,16.921180725097656,16.921180725097656,16.921180725097656,0,0.0,0.0
2018-07-31 00:00:00-04:00,16.921180725097656,16.921180725097656,16.921180725097656,16.921180725097656,0,0.0,0.0
2018-08-01 00:00:00-04:00,16.921180725097656,16.921180725097656,16.921180725097656,16.921180725097656,0,0.0,0.0
2018-08-02 00:00:00-04:00,16.85409938663961,16.995729446411133,16.85409938663961,16.995729446411133,400,0.0,0.0
2018-08-03 00:00:00-04:00,16.883913040161133,16.883913040161133,16.883913040161133,16.883913040161133,100,0.0,0.0
2018-08-06 00:00:00-04:00,17.03299903869629,17.03299903869629,17.03299903869629,17.03299903869629,700,0.0,0.0
2018-08-07 00:00:00-04:00,16.846641540527344,16.846641540527344,16.846641540527344,16.846641540527344,200,0.0,0.0
2018-08-08 00:00:00-04:00,16.846641540527344,16.846641540527344,16.846641540527344,16.846641540527344,0,0.0,0.0
2018-08-09 00:00:00-04:00,16.846641540527344,16.846641540527344,16.846641540527344,16.846641540527344,0,0.0,0.0
2018-08-10 00:00:00-04:00,16.846641540527344,16.846641540527344,16.846641540527344,16.846641540527344,0,0.0,0.0
2018-08-13 00:00:00-04:00,16.8907413482666,16.8907413482666,16.8907413482666,16.8907413482666,0,0.059,0.0
2018-08-14 00:00:00-04:00,16.8907413482666,16.8907413482666,16.8907413482666,16.8907413482666,0,0.0,0.0
2018-08-15 00:00:00-04:00,17.44379425048828,17.44379425048828,17.44379425048828,17.44379425048828,100,0.0,0.0
2018-08-16 00:00:00-04:00,17.017794115231258,17.0925321858981,16.95800394379981,17.04021453857422,1600,0.0,0.0
2018-08-17 00:00:00-04:00,16.958000537483382,17.24947738647461,16.958000537483382,17.24947738647461,1700,0.0,0.0
2018-08-20 00:00:00-04:00,17.24947738647461,17.24947738647461,17.24947738647461,17.24947738647461,0,0.0,0.0
2018-08-21 00:00:00-04:00,17.040216937865885,17.040216937865885,17.025270462036133,17.025270462036133,1400,0.0,0.0
2018-08-22 00:00:00-04:00,17.10747623149682,17.11495018005371,17.070107914222284,17.11495018005371,7200,0.0,0.0
2018-08-23 00:00:00-04:00,17.00284767150879,17.00284767150879,17.00284767150879,17.00284767150879,500,0.0,0.0
2018-08-24 00:00:00-04:00,17.00284767150879,17.00284767150879,17.00284767150879,17.00284767150879,0,0.0,0.0
2018-08-27 00:00:00-04:00,17.00284767150879,17.00284767150879,17.00284767150879,17.00284767150879,0,0.0,0.0
2018-08-28 00:00:00-04:00,17.30179209959213,17.44379425048828,17.30179209959213,17.44379425048828,400,0.0,0.0
2018-08-29 00:00:00-04:00,17.44379425048828,17.44379425048828,17.44379425048828,17.44379425048828,0,0.0,0.0
2018-08-30 00:00:00-04:00,17.44379425048828,17.44379425048828,17.44379425048828,17.44379425048828,0,0.0,0.0
2018-08-31 00:00:00-04:00,17.44379425048828,17.44379425048828,17.44379425048828,17.44379425048828,0,0.0,0.0
2018-09-04 00:00:00-04:00,17.44379425048828,17.44379425048828,17.44379425048828,17.44379425048828,0,0.0,0.0
2018-09-05 00:00:00-04:00,17.44379425048828,17.44379425048828,17.44379425048828,17.44379425048828,0,0.0,0.0
2018-09-06 00:00:00-04:00,17.44379425048828,17.44379425048828,17.44379425048828,17.44379425048828,0,0.0,0.0
2018-09-07 00:00:00-04:00,17.44379425048828,17.44379425048828,17.44379425048828,17.44379425048828,0,0.0,0.0
2018-09-10 00:00:00-04:00,17.44379425048828,17.44379425048828,17.44379425048828,17.44379425048828,0,0.0,0.0
2018-09-11 00:00:00-04:00,17.44379425048828,17.44379425048828,17.44379425048828,17.44379425048828,100,0.0,0.0
2018-09-12 00:00:00-04:00,17.44379425048828,17.44379425048828,17.44379425048828,17.44379425048828,0,0.0,0.0
2018-09-13 00:00:00-04:00,17.488006591796875,17.488006591796875,17.488006591796875,17.488006591796875,0,0.059,0.0
2018-09-14 00:00:00-04:00,17.510482788085938,17.510482788085938,17.510482788085938,17.510482788085938,900,0.0,0.0
2018-09-17 00:00:00-04:00,17.45803857800321,17.592907778634462,17.39809686984744,17.58541488647461,2300,0.0,0.0
2018-09-18 00:00:00-04:00,17.547948304600567,17.60039710998535,17.547948304600567,17.60039710998535,2400,0.0,0.0
2018-09-19 00:00:00-04:00,17.60039710998535,17.60039710998535,17.60039710998535,17.60039710998535,100,0.0,0.0
2018-09-20 00:00:00-04:00,17.600400420847517,17.600400420847517,17.458038330078125,17.458038330078125,400,0.0,0.0
2018-09-21 00:00:00-04:00,17.60039710998535,17.60039710998535,17.60039710998535,17.60039710998535,200,0.0,0.0
2018-09-24 00:00:00-04:00,17.420576095581055,17.51048937521112,17.420576095581055,17.420576095581055,1800,0.0,0.0
2018-09-25 00:00:00-04:00,17.420576095581055,17.420576095581055,17.420576095581055,17.420576095581055,200,0.0,0.0
2018-09-26 00:00:00-04:00,17.600398472519693,17.600398472519693,17.540456771850586,17.540456771850586,1800,0.0,0.0
2018-09-27 00:00:00-04:00,17.547954559326172,17.547954559326172,17.547954559326172,17.547954559326172,100,0.0,0.0
2018-09-28 00:00:00-04:00,17.60039710998535,17.60039710998535,17.60039710998535,17.60039710998535,300,0.0,0.0
2018-10-01 00:00:00-04:00,17.600405664992174,17.600405664992174,17.398101806640625,17.398101806640625,1200,0.0,0.0
2018-10-02 00:00:00-04:00,17.240746933813025,17.60039710998535,17.240746933813025,17.60039710998535,300,0.0,0.0
2018-10-03 00:00:00-04:00,17.60039710998535,17.60039710998535,17.60039710998535,17.60039710998535,0,0.0,0.0
2018-10-04 00:00:00-04:00,17.60039710998535,17.60039710998535,17.60039710998535,17.60039710998535,0,0.0,0.0
2018-10-05 00:00:00-04:00,17.60039710998535,17.60039710998535,17.60039710998535,17.60039710998535,100,0.0,0.0
2018-10-08 00:00:00-04:00,17.60039710998535,17.60039710998535,17.60039710998535,17.60039710998535,100,0.0,0.0
2018-10-09 00:00:00-04:00,17.60039710998535,17.60039710998535,17.60039710998535,17.60039710998535,0,0.0,0.0
2018-10-10 00:00:00-04:00,17.28569984436035,17.28569984436035,17.28569984436035,17.28569984436035,100,0.0,0.0
2018-10-11 00:00:00-04:00,17.33002281188965,17.33002281188965,17.33002281188965,17.33002281188965,0,0.059,0.0
2018-10-12 00:00:00-04:00,17.299978256225586,17.299978256225586,17.299978256225586,17.299978256225586,100,0.0,0.0
2018-10-15 00:00:00-04:00,17.299978256225586,17.299978256225586,17.299978256225586,17.299978256225586,0,0.0,0.0
2018-10-16 00:00:00-04:00,17.48025894165039,17.48025894165039,17.48025894165039,17.48025894165039,400,0.0,0.0
2018-10-17 00:00:00-04:00,17.299978256225586,17.299978256225586,17.299978256225586,17.299978256225586,100,0.0,0.0
2018-10-18 00:00:00-04:00,17.299978256225586,17.299978256225586,17.299978256225586,17.299978256225586,0,0.0,0.0
2018-10-19 00:00:00-04:00,17.29997367327809,17.29997367327809,17.1271982106641,17.13471031188965,2800,0.0,0.0
2018-10-22 00:00:00-04:00,17.007011054596184,17.277441024780273,17.007011054596184,17.277441024780273,1400,0.0,0.0
2018-10-23 00:00:00-04:00,17.01452275484594,17.224857330322266,17.01452275484594,17.224857330322266,1900,0.0,0.0
2018-10-24 00:00:00-04:00,17.224857330322266,17.224857330322266,17.224857330322266,17.224857330322266,600,0.0,0.0
2018-10-25 00:00:00-04:00,17.224857330322266,17.224857330322266,17.224857330322266,17.224857330322266,0,0.0,0.0
2018-10-26 00:00:00-04:00,17.194805145263672,17.194805145263672,17.194805145263672,17.194805145263672,100,0.0,0.0
2018-10-29 00:00:00-04:00,17.127206802368164,17.127206802368164,17.127206802368164,17.127206802368164,300,0.0,0.0
2018-10-30 00:00:00-04:00,17.127206802368164,17.127206802368164,17.127206802368164,17.127206802368164,100,0.0,0.0
2018-10-31 00:00:00-04:00,17.127206802368164,17.127206802368164,17.127206802368164,17.127206802368164,0,0.0,0.0
2018-11-01 00:00:00-04:00,17.127206802368164,17.127206802368164,17.127206802368164,17.127206802368164,0,0.0,0.0
2018-11-02 00:00:00-04:00,17.127206802368164,17.127206802368164,17.127206802368164,17.127206802368164,0,0.0,0.0
2018-11-05 00:00:00-05:00,17.04456468310497,17.089635848999023,17.037052583324872,17.089635848999023,600,0.0,0.0
2018-11-06 00:00:00-05:00,17.089635848999023,17.089635848999023,17.089635848999023,17.089635848999023,100,0.0,0.0
2018-11-07 00:00:00-05:00,17.089635848999023,17.089635848999023,17.089635848999023,17.089635848999023,0,0.0,0.0
2018-11-08 00:00:00-05:00,17.089635848999023,17.089635848999023,17.089635848999023,17.089635848999023,500,0.0,0.0
2018-11-09 00:00:00-05:00,17.029542922973633,17.029542922973633,17.029542922973633,17.029542922973633,100,0.0,0.0
2018-11-12 00:00:00-05:00,17.029542922973633,17.029542922973633,17.029542922973633,17.029542922973633,600,0.0,0.0
2018-11-13 00:00:00-05:00,17.07549285888672,17.07549285888672,17.07549285888672,17.07549285888672,0,0.061,0.0
2018-11-14 00:00:00-05:00,17.07549285888672,17.07549285888672,17.07549285888672,17.07549285888672,0,0.0,0.0
2018-11-15 00:00:00-05:00,17.075492926125126,17.075492926125126,17.03030014038086,17.03030014038086,100,0.0,0.0
2018-11-16 00:00:00-05:00,17.07549285888672,17.07549285888672,17.07549285888672,17.07549285888672,200,0.0,0.0
2018-11-19 00:00:00-05:00,17.07549344324511,17.158348083496094,17.07549344324511,17.158348083496094,300,0.0,0.0
2018-11-20 00:00:00-05:00,17.429500579833984,17.429500579833984,17.429500579833984,17.429500579833984,200,0.0,0.0
2018-11-21 00:00:00-05:00,17.429500579833984,17.429500579833984,17.429500579833984,17.429500579833984,0,0.0,0.0
2018-11-23 00:00:00-05:00,17.429500579833984,17.429500579833984,17.429500579833984,17.429500579833984,0,0.0,0.0
2018-11-26 00:00:00-05:00,17.429500579833984,17.429500579833984,17.429500579833984,17.429500579833984,0,0.0,0.0
2018-11-27 00:00:00-05:00,17.07549285888672,17.07549285888672,17.07549285888672,17.07549285888672,1200,0.0,0.0
2018-11-28 00:00:00-05:00,17.07549285888672,17.07549285888672,17.07549285888672,17.07549285888672,0,0.0,0.0
2018-11-29 00:00:00-05:00,17.07549285888672,17.07549285888672,17.07549285888672,17.07549285888672,1000,0.0,0.0
2018-11-30 00:00:00-05:00,17.07549285888672,17.07549285888672,17.07549285888672,17.07549285888672,0,0.0,0.0
2018-12-03 00:00:00-05:00,17.090553283691406,17.090553283691406,17.07548854675607,17.090553283691406,400,0.0,0.0
2018-12-04 00:00:00-05:00,17.07549285888672,17.07549285888672,17.07549285888672,17.07549285888672,100,0.0,0.0
2018-12-06 00:00:00-05:00,17.07549285888672,17.07549285888672,17.07549285888672,17.07549285888672,0,0.0,0.0
2018-12-07 00:00:00-05:00,17.022769927978516,17.022769927978516,17.022769927978516,17.022769927978516,1000,0.0,0.0
2018-12-10 00:00:00-05:00,16.99263903966288,17.00770378112793,16.99263903966288,17.00770378112793,300,0.0,0.0
2018-12-11 00:00:00-05:00,17.00770378112793,17.00770378112793,17.00770378112793,17.00770378112793,0,0.0,0.0
2018-12-12 00:00:00-05:00,16.99263903966288,17.00770378112793,16.99263903966288,17.00770378112793,800,0.0,0.0
2018-12-13 00:00:00-05:00,17.05680274963379,17.05680274963379,17.05680274963379,17.05680274963379,0,0.065,0.0
2018-12-14 00:00:00-05:00,17.05680274963379,17.05680274963379,17.05680274963379,17.05680274963379,0,0.0,0.0
2018-12-17 00:00:00-05:00,17.041696548461914,17.25320749031177,17.041696548461914,17.041696548461914,2900,0.0,0.0
2018-12-18 00:00:00-05:00,17.041696548461914,17.10212804030467,17.041696548461914,17.041696548461914,1100,0.0,0.0
2018-12-19 00:00:00-05:00,17.041696548461914,17.041696548461914,17.041696548461914,17.041696548461914,0,0.0,0.0
2018-12-20 00:00:00-05:00,17.041696548461914,17.041696548461914,17.041696548461914,17.041696548461914,200,0.0,0.0
2018-12-21 00:00:00-05:00,17.041696548461914,17.041696548461914,17.041696548461914,17.041696548461914,200,0.0,0.0
2018-12-24 00:00:00-05:00,17.041696548461914,17.041696548461914,17.041696548461914,17.041696548461914,0,0.0,0.0
2018-12-26 00:00:00-05:00,17.041696548461914,17.041696548461914,17.041696548461914,17.041696548461914,0,0.0,0.0
2018-12-27 00:00:00-05:00,17.041696548461914,17.041696548461914,17.041696548461914,17.041696548461914,100,0.0,0.0
2018-12-28 00:00:00-05:00,17.041696548461914,17.041696548461914,17.041696548461914,17.041696548461914,0,0.0,0.0
2018-12-31 00:00:00-05:00,17.041696548461914,17.041696548461914,17.041696548461914,17.041696548461914,0,0.0,0.0
2019-01-02 00:00:00-05:00,17.041696548461914,17.041696548461914,17.041696548461914,17.041696548461914,100,0.0,0.0
2019-01-03 00:00:00-05:00,17.04169451827285,17.05680274963379,17.04169451827285,17.05680274963379,1200,0.0,0.0
2019-01-04 00:00:00-05:00,17.11724090576172,17.11724090576172,17.11724090576172,17.11724090576172,100,0.0,0.0
2019-01-07 00:00:00-05:00,17.056804781622706,17.056804781622706,17.041696548461914,17.041696548461914,2400,0.0,0.0
2019-01-08 00:00:00-05:00,17.041696548461914,17.041696548461914,17.041696548461914,17.041696548461914,300,0.0,0.0
2019-01-09 00:00:00-05:00,17.041696548461914,17.041696548461914,17.041696548461914,17.041696548461914,0,0.0,0.0
2019-01-10 00:00:00-05:00,17.041696548461914,17.041696548461914,17.041696548461914,17.041696548461914,100,0.0,0.0
2019-01-11 00:00:00-05:00,17.09397446096539,17.09397446096539,17.086397171020508,17.086397171020508,1100,0.069,0.0
2019-01-14 00:00:00-05:00,17.086397171020508,17.086397171020508,17.086397171020508,17.086397171020508,0,0.0,0.0
2019-01-15 00:00:00-05:00,17.093971252441406,17.093971252441406,17.093971252441406,17.093971252441406,100,0.0,0.0
2019-01-16 00:00:00-05:00,17.093971252441406,17.093971252441406,17.093971252441406,17.093971252441406,100,0.0,0.0
2019-01-17 00:00:00-05:00,17.093971252441406,17.093971252441406,17.093971252441406,17.093971252441406,100,0.0,0.0
2019-01-18 00:00:00-05:00,17.093971252441406,17.093971252441406,17.093971252441406,17.093971252441406,100,0.0,0.0
2019-01-22 00:00:00-05:00,17.35158920288086,17.35158920288086,17.35158920288086,17.35158920288086,100,0.0,0.0
2019-01-23 00:00:00-05:00,17.35158920288086,17.35158920288086,17.35158920288086,17.35158920288086,0,0.0,0.0
2019-01-24 00:00:00-05:00,17.35158920288086,17.35158920288086,17.35158920288086,17.35158920288086,0,0.0,0.0
2019-01-25 00:00:00-05:00,17.35158920288086,17.35158920288086,17.35158920288086,17.35158920288086,0,0.0,0.0
2019-01-28 00:00:00-05:00,17.35158920288086,17.35158920288086,17.35158920288086,17.35158920288086,0,0.0,0.0
2019-01-29 00:00:00-05:00,17.35158920288086,17.35158920288086,17.35158920288086,17.35158920288086,0,0.0,0.0
2019-01-30 00:00:00-05:00,17.4273681640625,17.4273681640625,17.4273681640625,17.4273681640625,100,0.0,0.0
2019-01-31 00:00:00-05:00,17.4273681640625,17.4273681640625,17.4273681640625,17.4273681640625,0,0.0,0.0
2019-02-01 00:00:00-05:00,17.4273681640625,17.4273681640625,17.4273681640625,17.4273681640625,1300,0.0,0.0
2019-02-04 00:00:00-05:00,17.4273681640625,17.4273681640625,17.4273681640625,17.4273681640625,0,0.0,0.0
2019-02-05 00:00:00-05:00,17.4273681640625,17.4273681640625,17.4273681640625,17.4273681640625,0,0.0,0.0
2019-02-06 00:00:00-05:00,17.472832240030687,17.503141403198242,17.4652549492388,17.503141403198242,6200,0.0,0.0
2019-02-07 00:00:00-05:00,17.65468546449447,17.65468546449447,17.450104364085462,17.54102897644043,5000,0.0,0.0
2019-02-08 00:00:00-05:00,17.442528127176253,17.631956100463867,17.442528127176253,17.631956100463867,1800,0.0,0.0
2019-02-11 00:00:00-05:00,17.654682159423828,17.654682159423828,17.654682159423828,17.654682159423828,200,0.0,0.0
2019-02-12 00:00:00-05:00,17.654682159423828,17.654682159423828,17.654682159423828,17.654682159423828,0,0.0,0.0
2019-02-13 00:00:00-05:00,17.691162184276575,17.706359675187553,17.62276840209961,17.62276840209961,1900,0.068,0.0
2019-02-14 00:00:00-05:00,17.478382110595703,17.478382110595703,17.478382110595703,17.478382110595703,1200,0.0,0.0
2019-02-15 00:00:00-05:00,17.55437456709016,17.721558562213612,17.478381314961055,17.53157615661621,1800,0.0,0.0
2019-02-19 00:00:00-05:00,17.592370986938477,17.592370986938477,17.592370986938477,17.592370986938477,200,0.0,0.0
2019-02-20 00:00:00-05:00,17.592365799536093,17.653160095214844,17.592365799536093,17.653160095214844,700,0.0,0.0
2019-02-21 00:00:00-05:00,17.744356155395508,17.744356155395508,17.744356155395508,17.744356155395508,500,0.0,0.0
2019-02-22 00:00:00-05:00,17.51637840270996,17.51637840270996,17.51637840270996,17.51637840270996,200,0.0,0.0
2019-02-25 00:00:00-05:00,17.51637840270996,17.51637840270996,17.51637840270996,17.51637840270996,0,0.0,0.0
2019-02-26 00:00:00-05:00,17.51637840270996,17.51637840270996,17.51637840270996,17.51637840270996,0,0.0,0.0
2019-02-27 00:00:00-05:00,17.51637840270996,17.51637840270996,17.51637840270996,17.51637840270996,0,0.0,0.0
2019-02-28 00:00:00-05:00,17.51637840270996,17.51637840270996,17.51637840270996,17.51637840270996,0,0.0,0.0
2019-03-01 00:00:00-05:00,17.51637840270996,17.51637840270996,17.51637840270996,17.51637840270996,100,0.0,0.0
2019-03-04 00:00:00-05:00,17.51637840270996,17.51637840270996,17.51637840270996,17.51637840270996,0,0.0,0.0
2019-03-05 00:00:00-05:00,17.51637840270996,17.51637840270996,17.51637840270996,17.51637840270996,500,0.0,0.0
2019-03-06 00:00:00-05:00,17.516368158702235,17.729148864746094,17.516368158702235,17.729148864746094,3200,0.0,0.0
2019-03-07 00:00:00-05:00,17.615169398084376,17.62276886846634,17.592370986938477,17.592370986938477,8400,0.0,0.0
2019-03-08 00:00:00-05:00,17.653160095214844,17.653160095214844,17.653160095214844,17.653160095214844,100,0.0,0.0
2019-03-11 00:00:00-04:00,17.713959898414032,17.858346939086914,17.66836452484131,17.858346939086914,2100,0.0,0.0
2019-03-12 00:00:00-04:00,17.554378499112417,17.774757385253906,17.554378499112417,17.774757385253906,500,0.0,0.0
2019-03-13 00:00:00-04:00,18.2228946685791,18.379314967120745,18.2228946685791,18.2228946685791,2900,0.663,0.0
2019-03-14 00:00:00-04:00,18.28546303886944,18.30110536754034,18.222895215920406,18.262001037597656,3500,0.0,0.0
2019-03-15 00:00:00-04:00,18.379319904514283,18.379319904514283,18.01173404344857,18.16033172607422,5700,0.0,0.0
2019-03-18 00:00:00-04:00,18.26200090605055,18.26200090605055,18.02737045288086,18.02737045288086,400,0.0,0.0
2019-03-19 00:00:00-04:00,18.02736988108231,18.238536834716797,18.02736988108231,18.238536834716797,400,0.0,0.0
2019-03-20 00:00:00-04:00,18.043017470633043,18.050838636944793,18.03519630432129,18.03519630432129,700,0.0,0.0
2019-03-21 00:00:00-04:00,18.050834460920555,18.16814894498648,18.050834460920555,18.12122344970703,400,0.0,0.0
2019-03-22 00:00:00-04:00,18.050825119018555,18.23852849472822,18.011720808479225,18.050825119018555,4800,0.0,0.0
2019-03-25 00:00:00-04:00,18.011728940946917,18.363672369908176,18.011728940946917,18.144685745239258,4500,0.0,0.0
2019-03-26 00:00:00-04:00,18.152504467432003,18.301103591918945,18.011727998256102,18.301103591918945,800,0.0,0.0
2019-03-27 00:00:00-04:00,18.01173973083496,18.01173973083496,18.01173973083496,18.01173973083496,500,0.0,0.0
2019-03-28 00:00:00-04:00,18.168142318725586,18.168142318725586,18.168142318725586,18.168142318725586,400,0.0,0.0
2019-03-29 00:00:00-04:00,18.0351919699619,18.136865615844727,18.01172996840016,18.136865615844727,1600,0.0,0.0
2019-04-01 00:00:00-04:00,18.129047600233722,18.129047600233722,18.011733096844996,18.058658599853516,800,0.0,0.0
2019-04-02 00:00:00-04:00,18.050833945718196,18.050833945718196,18.02737045288086,18.02737045288086,1100,0.0,0.0
2019-04-03 00:00:00-04:00,18.02737045288086,18.02737045288086,18.02737045288086,18.02737045288086,0,0.0,0.0
2019-04-04 00:00:00-04:00,18.02737045288086,18.02737045288086,18.02737045288086,18.02737045288086,0,0.0,0.0
2019-04-05 00:00:00-04:00,18.02737045288086,18.02737045288086,18.02737045288086,18.02737045288086,0,0.0,0.0
2019-04-08 00:00:00-04:00,18.066478729248047,18.066478729248047,18.066478729248047,18.066478729248047,100,0.0,0.0
2019-04-09 00:00:00-04:00,18.058658599853516,18.058658599853516,18.058658599853516,18.058658599853516,400,0.0,0.0
2019-04-10 00:00:00-04:00,17.996084903250583,18.074295043945312,17.996084903250583,18.074295043945312,3000,0.0,0.0
2019-04-11 00:00:00-04:00,18.046846389770508,18.046846389770508,18.046846389770508,18.046846389770508,700,0.065,0.0
2019-04-12 00:00:00-04:00,18.046846389770508,18.046846389770508,18.046846389770508,18.046846389770508,0,0.0,0.0
2019-04-15 00:00:00-04:00,18.11743927001953,18.11743927001953,18.11743927001953,18.11743927001953,200,0.0,0.0
2019-04-16 00:00:00-04:00,18.046846389770508,18.07037606287323,18.046846389770508,18.046846389770508,1400,0.0,0.0
2019-04-17 00:00:00-04:00,18.046846389770508,18.046846389770508,18.046846389770508,18.046846389770508,200,0.0,0.0
2019-04-18 00:00:00-04:00,18.046850865471814,18.078222274780273,18.046850865471814,18.078222274780273,1600,0.0,0.0
2019-04-22 00:00:00-04:00,18.078222274780273,18.078222274780273,18.078222274780273,18.078222274780273,0,0.0,0.0
2019-04-23 00:00:00-04:00,18.070381405842323,18.11743927001953,18.04685172578245,18.11743927001953,5300,0.0,0.0
2019-04-24 00:00:00-04:00,18.117437988331826,18.117437988331826,18.093908309936523,18.093908309936523,800,0.0,0.0
2019-04-25 00:00:00-04:00,18.093908309936523,18.093908309936523,18.093908309936523,18.093908309936523,0,0.0,0.0
2019-04-26 00:00:00-04:00,18.101749420166016,18.101749420166016,18.101749420166016,18.101749420166016,1300,0.0,0.0
2019-04-29 00:00:00-04:00,18.101749420166016,18.101749420166016,18.101749420166016,18.101749420166016,100,0.0,0.0
2019-04-30 00:00:00-04:00,18.062536239624023,18.062536239624023,18.062536239624023,18.062536239624023,1000,0.0,0.0
2019-05-01 00:00:00-04:00,18.062536239624023,18.062536239624023,18.062536239624023,18.062536239624023,0,0.0,0.0
2019-05-02 00:00:00-04:00,18.062536239624023,18.062536239624023,18.062536239624023,18.062536239624023,0,0.0,0.0
2019-05-03 00:00:00-04:00,18.062536239624023,18.062536239624023,18.062536239624023,18.062536239624023,0,0.0,0.0
2019-05-06 00:00:00-04:00,18.062536239624023,18.062536239624023,18.062536239624023,18.062536239624023,0,0.0,0.0
2019-05-07 00:00:00-04:00,18.062536239624023,18.062536239624023,18.062536239624023,18.062536239624023,0,0.0,0.0
2019-05-08 00:00:00-04:00,18.125274658203125,18.125274658203125,18.125274658203125,18.125274658203125,300,0.0,0.0
2019-05-09 00:00:00-04:00,18.125274658203125,18.125274658203125,18.125274658203125,18.125274658203125,0,0.0,0.0
2019-05-10 00:00:00-04:00,18.0546932220459,18.0546932220459,18.0546932220459,18.0546932220459,2000,0.0,0.0
2019-05-13 00:00:00-04:00,18.105815907962697,18.176603317260742,18.105815907962697,18.176603317260742,300,0.065,0.0
2019-05-14 00:00:00-04:00,18.17660569495596,18.184471130371094,18.17660569495596,18.184471130371094,1000,0.0,0.0
2019-05-15 00:00:00-04:00,18.18447021326012,18.18447021326012,18.137277603149414,18.137277603149414,700,0.0,0.0
2019-05-16 00:00:00-04:00,18.105815887451172,18.12941069040498,18.105815887451172,18.105815887451172,1900,0.0,0.0
2019-05-17 00:00:00-04:00,18.121545791625977,18.121545791625977,18.105814923708625,18.121545791625977,1800,0.0,0.0
2019-05-20 00:00:00-04:00,18.121545791625977,18.121545791625977,18.121545791625977,18.121545791625977,0,0.0,0.0
2019-05-21 00:00:00-04:00,18.121545791625977,18.121545791625977,18.121545791625977,18.121545791625977,0,0.0,0.0
2019-05-22 00:00:00-04:00,18.129411697387695,18.129411697387695,18.129411697387695,18.129411697387695,200,0.0,0.0
2019-05-23 00:00:00-04:00,18.129411697387695,18.129411697387695,18.129411697387695,18.129411697387695,0,0.0,0.0
2019-05-24 00:00:00-04:00,18.129411697387695,18.129411697387695,18.129411697387695,18.129411697387695,0,0.0,0.0
2019-05-28 00:00:00-04:00,18.129411697387695,18.129411697387695,18.129411697387695,18.129411697387695,0,0.0,0.0
2019-05-29 00:00:00-04:00,18.129411697387695,18.129411697387695,18.129411697387695,18.129411697387695,0,0.0,0.0
2019-05-30 00:00:00-04:00,18.129411697387695,18.129411697387695,18.129411697387695,18.129411697387695,600,0.0,0.0
2019-05-31 00:00:00-04:00,18.129411697387695,18.129411697387695,18.129411697387695,18.129411697387695,0,0.0,0.0
2019-06-03 00:00:00-04:00,18.160873413085938,18.160873413085938,18.160873413085938,18.160873413085938,200,0.0,0.0
2019-06-04 00:00:00-04:00,18.160873413085938,18.160873413085938,18.160873413085938,18.160873413085938,0,0.0,0.0
2019-06-05 00:00:00-04:00,18.13727135490563,18.13727135490563,18.074349396612806,18.09008026123047,6700,0.0,0.0
2019-06-06 00:00:00-04:00,18.074349396612806,18.09008026123047,18.074349396612806,18.09008026123047,900,0.0,0.0
2019-06-07 00:00:00-04:00,18.090078839016698,18.09794427070716,18.066482543945312,18.066482543945312,1600,0.0,0.0
2019-06-10 00:00:00-04:00,18.074352264404297,18.074352264404297,18.074352264404297,18.074352264404297,300,0.0,0.0
2019-06-11 00:00:00-04:00,18.074352264404297,18.074352264404297,18.074352264404297,18.074352264404297,0,0.0,0.0
2019-06-12 00:00:00-04:00,18.074352264404297,18.074352264404297,18.074352264404297,18.074352264404297,0,0.0,0.0
2019-06-13 00:00:00-04:00,18.124038696289062,18.124038696289062,18.124038696289062,18.124038696289062,0,0.063,0.0
2019-06-14 00:00:00-04:00,18.124038696289062,18.124038696289062,18.124038696289062,18.124038696289062,0,0.0,0.0
2019-06-17 00:00:00-04:00,18.534160614013672,18.534160614013672,18.534160614013672,18.534160614013672,100,0.0,0.0
2019-06-18 00:00:00-04:00,18.195024490356445,18.195024490356445,18.195024490356445,18.195024490356445,300,0.0,0.0
2019-06-19 00:00:00-04:00,18.195024490356445,18.195024490356445,18.195024490356445,18.195024490356445,0,0.0,0.0
2019-06-20 00:00:00-04:00,18.21868133544922,18.21868133544922,18.21868133544922,18.21868133544922,100,0.0,0.0
2019-06-21 00:00:00-04:00,18.25812530517578,18.25812530517578,18.25812530517578,18.25812530517578,400,0.0,0.0
2019-06-24 00:00:00-04:00,18.25812530517578,18.25812530517578,18.25812530517578,18.25812530517578,0,0.0,0.0
2019-06-25 00:00:00-04:00,18.25812530517578,18.25812530517578,18.25812530517578,18.25812530517578,0,0.0,0.0
2019-06-26 00:00:00-04:00,18.25812530517578,18.25812530517578,18.25812530517578,18.25812530517578,0,0.0,0.0
2019-06-27 00:00:00-04:00,18.25812530517578,18.25812530517578,18.25812530517578,18.25812530517578,0,0.0,0.0
2019-06-28 00:00:00-04:00,18.25812530517578,18.25812530517578,18.25812530517578,18.25812530517578,0,0.0,0.0
2019-07-01 00:00:00-04:00,18.25812530517578,18.25812530517578,18.25812530517578,18.25812530517578,0,0.0,0.0
2019-07-02 00:00:00-04:00,18.29755911353069,18.376426696777344,18.163482115987563,18.376426696777344,3000,0.0,0.0
2019-07-03 00:00:00-04:00,18.376426696777344,18.376426696777344,18.376426696777344,18.376426696777344,0,0.0,0.0
2019-07-05 00:00:00-04:00,18.273895263671875,18.273895263671875,18.273895263671875,18.273895263671875,100,0.0,0.0
2019-07-08 00:00:00-04:00,18.187133113757262,18.21868133544922,18.17924605833427,18.21868133544922,5300,0.0,0.0
2019-07-09 00:00:00-04:00,18.17924605833427,18.21868133544922,18.155586396367312,18.21868133544922,3200,0.0,0.0
2019-07-10 00:00:00-04:00,18.21868133544922,18.21868133544922,18.21868133544922,18.21868133544922,0,0.0,0.0
2019-07-11 00:00:00-04:00,18.26692008972168,18.26692008972168,18.26692008972168,18.26692008972168,0,0.061,0.0
2019-07-12 00:00:00-04:00,18.26692008972168,18.26692008972168,18.26692008972168,18.26692008972168,0,0.0,0.0
2019-07-15 00:00:00-04:00,18.22738265991211,18.22738265991211,18.22738265991211,18.22738265991211,300,0.0,0.0
2019-07-16 00:00:00-04:00,18.22738265991211,18.22738265991211,18.22738265991211,18.22738265991211,0,0.0,0.0
2019-07-17 00:00:00-04:00,18.172028591978492,18.22738265991211,18.172028591978492,18.22738265991211,1300,0.0,0.0
2019-07-18 00:00:00-04:00,18.22738265991211,18.22738265991211,18.22738265991211,18.22738265991211,0,0.0,0.0
2019-07-19 00:00:00-04:00,18.22738265991211,18.22738265991211,18.22738265991211,18.22738265991211,0,0.0,0.0
2019-07-22 00:00:00-04:00,18.22738265991211,18.22738265991211,18.22738265991211,18.22738265991211,0,0.0,0.0
2019-07-23 00:00:00-04:00,18.22738265991211,18.22738265991211,18.22738265991211,18.22738265991211,0,0.0,0.0
2019-07-24 00:00:00-04:00,18.22738265991211,18.22738265991211,18.22738265991211,18.22738265991211,0,0.0,0.0
2019-07-25 00:00:00-04:00,18.22738265991211,18.22738265991211,18.22738265991211,18.22738265991211,0,0.0,0.0
2019-07-26 00:00:00-04:00,18.22738265991211,18.22738265991211,18.22738265991211,18.22738265991211,0,0.0,0.0
2019-07-29 00:00:00-04:00,18.22738265991211,18.22738265991211,18.22738265991211,18.22738265991211,100,0.0,0.0
2019-07-30 00:00:00-04:00,18.22738265991211,18.22738265991211,18.22738265991211,18.22738265991211,0,0.0,0.0
2019-07-31 00:00:00-04:00,18.22738265991211,18.22738265991211,18.22738265991211,18.22738265991211,100,0.0,0.0
2019-08-01 00:00:00-04:00,18.22738265991211,18.22738265991211,18.22738265991211,18.22738265991211,100,0.0,0.0
2019-08-02 00:00:00-04:00,18.17203316190274,18.195756986248337,18.164125220454203,18.187849044799805,2300,0.0,0.0
2019-08-05 00:00:00-04:00,18.164113998413086,18.164113998413086,18.164113998413086,18.164113998413086,100,0.0,0.0
2019-08-06 00:00:00-04:00,18.164113998413086,18.164113998413086,18.164113998413086,18.164113998413086,100,0.0,0.0
2019-08-07 00:00:00-04:00,18.164113998413086,18.164113998413086,18.164113998413086,18.164113998413086,100,0.0,0.0
2019-08-08 00:00:00-04:00,18.164113998413086,18.164113998413086,18.164113998413086,18.164113998413086,0,0.0,0.0
2019-08-09 00:00:00-04:00,18.164113998413086,18.164113998413086,18.164113998413086,18.164113998413086,100,0.0,0.0
2019-08-12 00:00:00-04:00,18.164113998413086,18.164113998413086,18.164113998413086,18.164113998413086,100,0.0,0.0
2019-08-13 00:00:00-04:00,18.36865795009951,18.36865795009951,18.162535582574602,18.31316375732422,1200,0.058,0.0
2019-08-14 00:00:00-04:00,18.130828857421875,18.130828857421875,18.130828857421875,18.130828857421875,600,0.0,0.0
2019-08-15 00:00:00-04:00,18.31316375732422,18.31316375732422,18.31316375732422,18.31316375732422,200,0.0,0.0
2019-08-16 00:00:00-04:00,18.31316375732422,18.31316375732422,18.31316375732422,18.31316375732422,0,0.0,0.0
2019-08-19 00:00:00-04:00,17.88506238275937,18.31316301616292,17.88506238275937,18.075328826904297,600,0.0,0.0
2019-08-20 00:00:00-04:00,18.075328826904297,18.075328826904297,18.075328826904297,18.075328826904297,0,0.0,0.0
2019-08-21 00:00:00-04:00,18.075328826904297,18.075328826904297,18.075328826904297,18.075328826904297,0,0.0,0.0
2019-08-22 00:00:00-04:00,18.075328826904297,18.075328826904297,18.075328826904297,18.075328826904297,0,0.0,0.0
2019-08-23 00:00:00-04:00,17.996055603027344,18.18632208234869,17.996055603027344,17.996055603027344,1100,0.0,0.0
2019-08-26 00:00:00-04:00,17.996055603027344,17.996055603027344,17.996055603027344,17.996055603027344,0,0.0,0.0
2019-08-27 00:00:00-04:00,17.996055603027344,17.996055603027344,17.996055603027344,17.996055603027344,0,0.0,0.0
2019-08-28 00:00:00-04:00,17.996055603027344,17.996055603027344,17.996055603027344,17.996055603027344,0,0.0,0.0
2019-08-29 00:00:00-04:00,17.996055603027344,17.996055603027344,17.996055603027344,17.996055603027344,0,0.0,0.0
2019-08-30 00:00:00-04:00,18.368661880493164,18.368661880493164,18.368661880493164,18.368661880493164,200,0.0,0.0
2019-09-03 00:00:00-04:00,18.368661880493164,18.368661880493164,18.368661880493164,18.368661880493164,0,0.0,0.0
2019-09-04 00:00:00-04:00,18.368661880493164,18.368661880493164,18.368661880493164,18.368661880493164,0,0.0,0.0
2019-09-05 00:00:00-04:00,18.368661880493164,18.368661880493164,18.368661880493164,18.368661880493164,0,0.0,0.0
2019-09-06 00:00:00-04:00,18.368661880493164,18.368661880493164,18.368661880493164,18.368661880493164,0,0.0,0.0
2019-09-09 00:00:00-04:00,18.368661880493164,18.368661880493164,18.368661880493164,18.368661880493164,0,0.0,0.0
2019-09-10 00:00:00-04:00,18.368661880493164,18.368661880493164,18.368661880493164,18.368661880493164,0,0.0,0.0
2019-09-11 00:00:00-04:00,18.368661880493164,18.368661880493164,18.368661880493164,18.368661880493164,0,0.0,0.0
2019-09-12 00:00:00-04:00,18.369455337524414,18.369455337524414,18.369455337524414,18.369455337524414,0,0.111,0.0
2019-09-13 00:00:00-04:00,18.369455337524414,18.369455337524414,18.369455337524414,18.369455337524414,0,0.0,0.0
2019-09-16 00:00:00-04:00,18.457077026367188,18.457077026367188,18.457077026367188,18.457077026367188,100,0.0,0.0
2019-09-17 00:00:00-04:00,18.457077026367188,18.457077026367188,18.457077026367188,18.457077026367188,0,0.0,0.0
2019-09-18 00:00:00-04:00,18.16233592417658,18.457076264494706,18.16233592417658,18.3216552734375,300,0.0,0.0
2019-09-19 00:00:00-04:00,18.3216552734375,18.3216552734375,18.3216552734375,18.3216552734375,0,0.0,0.0
2019-09-20 00:00:00-04:00,18.3216552734375,18.3216552734375,18.3216552734375,18.3216552734375,0,0.0,0.0
2019-09-23 00:00:00-04:00,18.3216552734375,18.3216552734375,18.3216552734375,18.3216552734375,0,0.0,0.0
2019-09-24 00:00:00-04:00,18.3216552734375,18.3216552734375,18.3216552734375,18.3216552734375,0,0.0,0.0
2019-09-25 00:00:00-04:00,18.3216552734375,18.3216552734375,18.3216552734375,18.3216552734375,0,0.0,0.0
2019-09-26 00:00:00-04:00,18.3216552734375,18.3216552734375,18.3216552734375,18.3216552734375,500,0.0,0.0
2019-09-27 00:00:00-04:00,18.257924757858415,18.345550537109375,18.257924757858415,18.345550537109375,1500,0.0,0.0
2019-09-30 00:00:00-04:00,18.345550537109375,18.345550537109375,18.345550537109375,18.345550537109375,0,0.0,0.0
2019-10-01 00:00:00-04:00,18.345550537109375,18.345550537109375,18.345550537109375,18.345550537109375,100,0.0,0.0
2019-10-02 00:00:00-04:00,18.345550537109375,18.345550537109375,18.345550537109375,18.345550537109375,0,0.0,0.0
2019-10-03 00:00:00-04:00,18.345550537109375,18.345550537109375,18.345550537109375,18.345550537109375,0,0.0,0.0
2019-10-04 00:00:00-04:00,18.345550537109375,18.345550537109375,18.345550537109375,18.345550537109375,0,0.0,0.0
2019-10-07 00:00:00-04:00,18.385385513305664,18.385385513305664,18.385385513305664,18.385385513305664,300,0.0,0.0
2019-10-08 00:00:00-04:00,18.544696807861328,18.544696807861328,18.544696807861328,18.544696807861328,100,0.0,0.0
2019-10-09 00:00:00-04:00,18.544696807861328,18.544696807861328,18.544696807861328,18.544696807861328,0,0.0,0.0
2019-10-10 00:00:00-04:00,18.58861541748047,18.58861541748047,18.58861541748047,18.58861541748047,100,0.055,0.0
2019-10-11 00:00:00-04:00,18.58861541748047,18.58861541748047,18.58861541748047,18.58861541748047,0,0.0,0.0
2019-10-14 00:00:00-04:00,18.58861541748047,18.58861541748047,18.58861541748047,18.58861541748047,100,0.0,0.0
2019-10-15 00:00:00-04:00,18.58861863272424,18.58861863272424,18.173408584910288,18.36504364013672,600,0.0,0.0
2019-10-16 00:00:00-04:00,18.36504364013672,18.36504364013672,18.36504364013672,18.36504364013672,0,0.0,0.0
2019-10-17 00:00:00-04:00,18.36504364013672,18.36504364013672,18.36504364013672,18.36504364013672,100,0.0,0.0
2019-10-18 00:00:00-04:00,18.36504364013672,18.36504364013672,18.36504364013672,18.36504364013672,0,0.0,0.0
2019-10-21 00:00:00-04:00,19.115623474121094,19.115623474121094,19.115623474121094,19.115623474121094,200,0.0,0.0
2019-10-22 00:00:00-04:00,19.115623474121094,19.115623474121094,19.115623474121094,19.115623474121094,0,0.0,0.0
2019-10-23 00:00:00-04:00,19.115623474121094,19.115623474121094,19.115623474121094,19.115623474121094,0,0.0,0.0
2019-10-24 00:00:00-04:00,18.476831436157227,18.476831436157227,18.42093806554512,18.476831436157227,2200,0.0,0.0
2019-10-25 00:00:00-04:00,18.476831436157227,18.476831436157227,18.476831436157227,18.476831436157227,0,0.0,0.0
2019-10-28 00:00:00-04:00,18.476831436157227,18.476831436157227,18.476831436157227,18.476831436157227,0,0.0,0.0
2019-10-29 00:00:00-04:00,18.476831436157227,18.476831436157227,18.476831436157227,18.476831436157227,0,0.0,0.0
2019-10-30 00:00:00-04:00,18.476831436157227,18.476831436157227,18.476831436157227,18.476831436157227,0,0.0,0.0
2019-10-31 00:00:00-04:00,18.88405418395996,18.88405418395996,18.88405418395996,18.88405418395996,200,0.0,0.0
2019-11-01 00:00:00-04:00,18.88405418395996,18.88405418395996,18.88405418395996,18.88405418395996,0,0.0,0.0
2019-11-04 00:00:00-05:00,18.88405418395996,18.88405418395996,18.88405418395996,18.88405418395996,0,0.0,0.0
2019-11-05 00:00:00-05:00,18.88405418395996,18.88405418395996,18.88405418395996,18.88405418395996,0,0.0,0.0
2019-11-06 00:00:00-05:00,18.88405418395996,18.88405418395996,18.88405418395996,18.88405418395996,0,0.0,0.0
2019-11-07 00:00:00-05:00,18.88405418395996,18.88405418395996,18.88405418395996,18.88405418395996,0,0.0,0.0
2019-11-08 00:00:00-05:00,18.88405418395996,18.88405418395996,18.88405418395996,18.88405418395996,0,0.0,0.0
2019-11-11 00:00:00-05:00,18.63652584536314,18.804205937038,18.620555877685547,18.620555877685547,1500,0.0,0.0
2019-11-12 00:00:00-05:00,18.644511493111413,18.68443489074707,18.644511493111413,18.68443489074707,300,0.0,0.0
2019-11-13 00:00:00-05:00,18.726049423217773,18.726049423217773,18.726049423217773,18.726049423217773,0,0.052,0.0
2019-11-14 00:00:00-05:00,18.726049423217773,18.726049423217773,18.726049423217773,18.726049423217773,0,0.0,0.0
2019-11-15 00:00:00-05:00,19.20619773864746,19.20619773864746,19.20619773864746,19.20619773864746,100,0.0,0.0
2019-11-18 00:00:00-05:00,19.20619773864746,19.20619773864746,19.20619773864746,19.20619773864746,100,0.0,0.0
2019-11-19 00:00:00-05:00,18.614015097806565,18.894105911254883,18.614015097806565,18.894105911254883,300,0.0,0.0
2019-11-20 00:00:00-05:00,18.63002586364746,18.63002586364746,18.63002586364746,18.63002586364746,300,0.0,0.0
2019-11-21 00:00:00-05:00,18.63002586364746,18.63002586364746,18.63002586364746,18.63002586364746,0,0.0,0.0
2019-11-22 00:00:00-05:00,18.63002586364746,18.63002586364746,18.63002586364746,18.63002586364746,100,0.0,0.0
2019-11-25 00:00:00-05:00,18.63002586364746,18.63002586364746,18.63002586364746,18.63002586364746,0,0.0,0.0
2019-11-26 00:00:00-05:00,18.806066513061523,18.806066513061523,18.806066513061523,18.806066513061523,400,0.0,0.0
2019-11-27 00:00:00-05:00,18.806066513061523,18.806066513061523,18.806066513061523,18.806066513061523,0,0.0,0.0
2019-11-29 00:00:00-05:00,18.806066513061523,18.806066513061523,18.806066513061523,18.806066513061523,0,0.0,0.0
2019-12-02 00:00:00-05:00,19.166196823120117,19.166196823120117,19.166196823120117,19.166196823120117,300,0.0,0.0
2019-12-03 00:00:00-05:00,19.166196823120117,19.166196823120117,19.166196823120117,19.166196823120117,0,0.0,0.0
2019-12-04 00:00:00-05:00,18.758059988760728,18.83008337710444,18.654025527210038,18.750057220458984,2000,0.0,0.0
2019-12-05 00:00:00-05:00,18.886108968209232,18.886108968209232,18.662035943053155,18.718053817749023,1300,0.0,0.0
2019-12-06 00:00:00-05:00,18.718053817749023,18.718053817749023,18.718053817749023,18.718053817749023,0,0.0,0.0
2019-12-09 00:00:00-05:00,18.886096954345703,18.886096954345703,18.886096954345703,18.886096954345703,200,0.0,0.0
2019-12-10 00:00:00-05:00,18.886096954345703,18.886096954345703,18.886096954345703,18.886096954345703,0,0.0,0.0
2019-12-11 00:00:00-05:00,18.886096954345703,18.886096954345703,18.886096954345703,18.886096954345703,100,0.0,0.0
2019-12-12 00:00:00-05:00,18.669574047121696,18.76580810546875,18.669574047121696,18.76580810546875,500,0.05,0.0
2019-12-13 00:00:00-05:00,18.76580810546875,18.76580810546875,18.76580810546875,18.76580810546875,0,0.0,0.0
2019-12-16 00:00:00-05:00,19.19886589050293,19.19886589050293,19.19886589050293,19.19886589050293,100,0.0,0.0
2019-12-17 00:00:00-05:00,19.19886589050293,19.19886589050293,19.19886589050293,19.19886589050293,0,0.0,0.0
2019-12-18 00:00:00-05:00,19.19886589050293,19.19886589050293,19.19886589050293,19.19886589050293,0,0.0,0.0
2019-12-19 00:00:00-05:00,19.19886589050293,19.19886589050293,19.19886589050293,19.19886589050293,0,0.0,0.0
2019-12-20 00:00:00-05:00,18.709676403695777,18.805912017822266,18.709676403695777,18.805912017822266,300,0.0,0.0
2019-12-23 00:00:00-05:00,18.805912017822266,18.805912017822266,18.805912017822266,18.805912017822266,0,0.0,0.0
2019-12-24 00:00:00-05:00,18.845998764038086,18.845998764038086,18.845998764038086,18.845998764038086,200,0.0,0.0
2019-12-26 00:00:00-05:00,18.845998764038086,18.845998764038086,18.845998764038086,18.845998764038086,0,0.0,0.0
2019-12-27 00:00:00-05:00,19.046488112591682,19.046488112591682,18.845998764038086,18.845998764038086,500,0.0,0.0
2019-12-30 00:00:00-05:00,18.845998764038086,18.845998764038086,18.845998764038086,18.845998764038086,0,0.0,0.0
2019-12-31 00:00:00-05:00,18.845998764038086,18.845998764038086,18.845998764038086,18.845998764038086,0,0.0,0.0
2020-01-02 00:00:00-05:00,18.845998764038086,18.845998764038086,18.845998764038086,18.845998764038086,0,0.0,0.0
2020-01-03 00:00:00-05:00,18.845998764038086,18.845998764038086,18.845998764038086,18.845998764038086,0,0.0,0.0
2020-01-06 00:00:00-05:00,18.845998764038086,18.845998764038086,18.845998764038086,18.845998764038086,0,0.0,0.0
2020-01-07 00:00:00-05:00,19.246984481811523,19.246984481811523,19.246984481811523,19.246984481811523,100,0.0,0.0
2020-01-08 00:00:00-05:00,19.246984481811523,19.246984481811523,19.246984481811523,19.246984481811523,0,0.0,0.0
2020-01-09 00:00:00-05:00,19.094615936279297,19.094615936279297,19.094615936279297,19.094615936279297,100,0.0,0.0
2020-01-10 00:00:00-05:00,19.094615936279297,19.094615936279297,19.094615936279297,19.094615936279297,0,0.0,0.0
2020-01-13 00:00:00-05:00,19.094615936279297,19.094615936279297,19.094615936279297,19.094615936279297,0,0.0,0.0
2020-01-14 00:00:00-05:00,19.094615936279297,19.094615936279297,19.094615936279297,19.094615936279297,0,0.0,0.0
2020-01-15 00:00:00-05:00,19.23896643792614,19.23896643792614,18.84600731991551,18.91016387939453,500,0.0,0.0
2020-01-16 00:00:00-05:00,18.805912017822266,18.805912017822266,18.805912017822266,18.805912017822266,200,0.0,0.0
2020-01-17 00:00:00-05:00,18.926194809381993,18.926194809381993,18.845998764038086,18.845998764038086,1200,0.0,0.0
2020-01-21 00:00:00-05:00,18.84601176402852,18.958285387189,18.84601176402852,18.94224739074707,1100,0.0,0.0
2020-01-22 00:00:00-05:00,18.94224739074707,18.94224739074707,18.94224739074707,18.94224739074707,0,0.0,0.0
2020-01-23 00:00:00-05:00,18.94224739074707,18.94224739074707,18.94224739074707,18.94224739074707,0,0.0,0.0
2020-01-24 00:00:00-05:00,18.94224739074707,18.94224739074707,18.94224739074707,18.94224739074707,0,0.0,0.0
2020-01-27 00:00:00-05:00,19.04649543762207,19.04649543762207,19.04649543762207,19.04649543762207,200,0.0,0.0
2020-01-28 00:00:00-05:00,19.04649543762207,19.04649543762207,19.04649543762207,19.04649543762207,1100,0.0,0.0
2020-01-29 00:00:00-05:00,19.04649065592785,19.04649065592785,18.958274841308594,18.958274841308594,1700,0.0,0.0
2020-01-30 00:00:00-05:00,18.958274841308594,18.958274841308594,18.958274841308594,18.958274841308594,0,0.0,0.0
2020-01-31 00:00:00-05:00,18.95827516039534,18.95827516039534,18.886098861694336,18.886098861694336,1700,0.0,0.0
2020-02-03 00:00:00-05:00,18.966299057006836,18.966299057006836,18.966299057006836,18.966299057006836,200,0.0,0.0
2020-02-04 00:00:00-05:00,19.046493546576723,19.0865908158823,19.046493546576723,19.070552825927734,3900,0.0,0.0
2020-02-05 00:00:00-05:00,19.086596183777033,19.118675231933594,19.086596183777033,19.118675231933594,400,0.0,0.0
2020-02-06 00:00:00-05:00,19.102636337280273,19.102636337280273,19.102636337280273,19.102636337280273,300,0.0,0.0
2020-02-07 00:00:00-05:00,19.022437434030127,19.062536239624023,19.022437434030127,19.062536239624023,600,0.0,0.0
2020-02-10 00:00:00-05:00,19.230941772460938,19.230941772460938,19.230941772460938,19.230941772460938,500,0.0,0.0
2020-02-11 00:00:00-05:00,19.230941772460938,19.230941772460938,19.230941772460938,19.230941772460938,0,0.0,0.0
2020-02-12 00:00:00-05:00,19.222931265536904,19.222931265536904,19.014422017644065,19.150754928588867,400,0.0,0.0
2020-02-13 00:00:00-05:00,19.27048110961914,19.27048110961914,19.27048110961914,19.27048110961914,300,0.049,0.0
2020-02-14 00:00:00-05:00,19.27048110961914,19.27048110961914,19.27048110961914,19.27048110961914,0,0.0,0.0
2020-02-18 00:00:00-05:00,19.27048110961914,19.27048110961914,19.27048110961914,19.27048110961914,400,0.0,0.0
2020-02-19 00:00:00-05:00,19.27048110961914,19.27048110961914,19.27048110961914,19.27048110961914,400,0.0,0.0
2020-02-20 00:00:00-05:00,19.270481000466933,19.270481000466933,19.061543153660068,19.125831604003906,2200,0.0,0.0
2020-02-21 00:00:00-05:00,19.26245257069205,19.26245257069205,19.149948120117188,19.149948120117188,800,0.0,0.0
2020-02-24 00:00:00-05:00,19.021366119384766,19.021366119384766,19.021366119384766,19.021366119384766,400,0.0,0.0
2020-02-25 00:00:00-05:00,18.949045181274414,18.949045181274414,18.949045181274414,18.949045181274414,400,0.0,0.0
2020-02-26 00:00:00-05:00,19.166012341720602,19.174048589397906,19.085651397705078,19.085651397705078,1200,0.0,0.0
2020-02-27 00:00:00-05:00,18.852607138172512,18.86064338684082,18.852607138172512,18.86064338684082,1100,0.0,0.0
2020-02-28 00:00:00-05:00,18.965112686157227,18.965112686157227,18.965112686157227,18.965112686157227,400,0.0,0.0
2020-03-02 00:00:00-05:00,18.844575578243422,18.98922348022461,18.82046682820091,18.98922348022461,3400,0.0,0.0
2020-03-03 00:00:00-05:00,19.246383666992188,19.246383666992188,19.246383666992188,19.246383666992188,300,0.0,0.0
2020-03-04 00:00:00-05:00,18.836540901257937,19.04547882080078,18.836540901257937,19.04547882080078,4200,0.0,0.0
2020-03-05 00:00:00-05:00,19.04547882080078,19.04547882080078,19.04547882080078,19.04547882080078,0,0.0,0.0
2020-03-06 00:00:00-05:00,19.013328502628507,19.013328502628507,18.804390641497047,18.941003799438477,600,0.0,0.0
2020-03-09 00:00:00-04:00,18.80439567565918,18.876720398211408,18.80439567565918,18.80439567565918,900,0.0,0.0
2020-03-10 00:00:00-04:00,18.80439567565918,18.80439567565918,18.80439567565918,18.80439567565918,0,0.0,0.0
2020-03-11 00:00:00-04:00,18.80439567565918,18.80439567565918,18.80439567565918,18.80439567565918,0,0.0,0.0
2020-03-12 00:00:00-04:00,18.624033349629375,18.82533073425293,18.624033349629375,18.82533073425293,200,0.046,0.0
2020-03-13 00:00:00-04:00,18.82533073425293,18.82533073425293,18.82533073425293,18.82533073425293,0,0.0,0.0
2020-03-16 00:00:00-04:00,18.012086755735666,18.696496486792107,16.933132884675405,16.96533966064453,2200,0.0,0.0
2020-03-17 00:00:00-04:00,17.070025215964304,17.585346221923828,17.070025215964304,17.585346221923828,3800,0.0,0.0
2020-03-18 00:00:00-04:00,17.585346221923828,17.585346221923828,17.585346221923828,17.585346221923828,0,0.0,0.0
2020-03-19 00:00:00-04:00,16.989498992231606,17.561182807968738,16.989498992231606,17.545080184936523,800,0.0,0.0
2020-03-20 00:00:00-04:00,17.15053619482624,17.15053619482624,16.828460693359375,16.828460693359375,7400,0.0,0.0
2020-03-23 00:00:00-04:00,16.788196563720703,16.788196563720703,16.788196563720703,16.788196563720703,2000,0.0,0.0
2020-03-24 00:00:00-04:00,16.788196563720703,16.788196563720703,16.788196563720703,16.788196563720703,0,0.0,0.0
2020-03-25 00:00:00-04:00,16.788196563720703,16.788196563720703,16.788196563720703,16.788196563720703,0,0.0,0.0
2020-03-26 00:00:00-04:00,18.342215754363536,18.342215754363536,18.116762161254883,18.116762161254883,400,0.0,0.0
2020-03-27 00:00:00-04:00,16.9089796272403,16.99755096435547,16.9089796272403,16.99755096435547,1500,0.0,0.0
2020-03-30 00:00:00-04:00,16.99755096435547,16.99755096435547,16.99755096435547,16.99755096435547,0,0.0,0.0
2020-03-31 00:00:00-04:00,17.029755161679997,17.029755161679997,16.93313329565073,16.949235916137695,500,0.0,0.0
2020-04-01 00:00:00-04:00,16.949235916137695,16.949235916137695,16.949235916137695,16.949235916137695,0,0.0,0.0
2020-04-02 00:00:00-04:00,16.949235916137695,16.949235916137695,16.949235916137695,16.949235916137695,0,0.0,0.0
2020-04-03 00:00:00-04:00,16.86871959306076,17.126379971355533,16.812355041503906,16.812355041503906,5500,0.0,0.0
2020-04-06 00:00:00-04:00,16.812355041503906,16.812355041503906,16.812355041503906,16.812355041503906,0,0.0,0.0
2020-04-07 00:00:00-04:00,17.070012659309626,17.070012659309626,16.119889101646745,16.586898803710938,2900,0.0,0.0
2020-04-08 00:00:00-04:00,16.90897560119629,16.90897560119629,16.90897560119629,16.90897560119629,2000,0.0,0.0
2020-04-09 00:00:00-04:00,17.029757745993738,17.029757745993738,16.9089796272403,16.99755096435547,700,0.0,0.0
2020-04-13 00:00:00-04:00,17.252302169799805,17.252302169799805,17.252302169799805,17.252302169799805,500,0.026,0.0
2020-04-14 00:00:00-04:00,17.413542092448658,17.413542092448658,17.324861526489258,17.324861526489258,400,0.0,0.0
2020-04-15 00:00:00-04:00,17.49415780002847,17.49415780002847,17.252302169799805,17.252302169799805,200,0.0,0.0
2020-04-16 00:00:00-04:00,16.88952204585595,16.92983055114746,16.849212002893527,16.92983055114746,400,0.0,0.0
2020-04-17 00:00:00-04:00,16.929830163582462,17.332921357953474,16.929830163582462,17.17168426513672,14800,0.0,0.0
2020-04-20 00:00:00-04:00,17.17168426513672,17.17168426513672,17.17168426513672,17.17168426513672,0,0.0,0.0
2020-04-21 00:00:00-04:00,17.461912611303298,17.461912611303298,17.324861526489258,17.324861526489258,700,0.0,0.0
2020-04-22 00:00:00-04:00,17.324861526489258,17.324861526489258,17.324861526489258,17.324861526489258,0,0.0,0.0
2020-04-23 00:00:00-04:00,17.324861526489258,17.324861526489258,17.324861526489258,17.324861526489258,0,0.0,0.0
2020-04-24 00:00:00-04:00,17.050747629132104,17.357097625732422,17.050747629132104,17.357097625732422,500,0.0,0.0
2020-04-27 00:00:00-04:00,17.357097625732422,17.357097625732422,17.357097625732422,17.357097625732422,0,0.0,0.0
2020-04-28 00:00:00-04:00,17.357097625732422,17.357097625732422,17.357097625732422,17.357097625732422,0,0.0,0.0
2020-04-29 00:00:00-04:00,17.357097625732422,17.357097625732422,17.357097625732422,17.357097625732422,0,0.0,0.0
2020-04-30 00:00:00-04:00,17.357097625732422,17.357097625732422,17.357097625732422,17.357097625732422,0,0.0,0.0
2020-05-01 00:00:00-04:00,17.332921981811523,17.332921981811523,17.332921981811523,17.332921981811523,1000,0.0,0.0
2020-05-04 00:00:00-04:00,17.332921981811523,17.332921981811523,17.332921981811523,17.332921981811523,0,0.0,0.0
2020-05-05 00:00:00-04:00,17.332921981811523,17.332921981811523,17.332921981811523,17.332921981811523,0,0.0,0.0
2020-05-06 00:00:00-04:00,17.332921981811523,17.332921981811523,17.332921981811523,17.332921981811523,0,0.0,0.0
2020-05-07 00:00:00-04:00,17.494155883789062,17.494155883789062,17.453845847664272,17.494155883789062,1700,0.0,0.0
2020-05-08 00:00:00-04:00,17.413537349210134,17.494155883789062,17.413537349210134,17.494155883789062,700,0.0,0.0
2020-05-11 00:00:00-04:00,17.51028060913086,17.51028060913086,17.51028060913086,17.51028060913086,100,0.0,0.0
2020-05-12 00:00:00-04:00,17.332921981811523,17.332921981811523,17.332921981811523,17.332921981811523,500,0.0,0.0
2020-05-13 00:00:00-04:00,17.76576042175293,17.76576042175293,17.76576042175293,17.76576042175293,3700,0.036,0.0
2020-05-14 00:00:00-04:00,17.55579376220703,17.55579376220703,17.55579376220703,17.55579376220703,100,0.0,0.0
2020-05-15 00:00:00-04:00,17.67692828147668,17.67692828147668,17.378141403198242,17.378141403198242,1300,0.0,0.0
2020-05-18 00:00:00-04:00,17.378141403198242,17.378141403198242,17.378141403198242,17.378141403198242,0,0.0,0.0
2020-05-19 00:00:00-04:00,17.361989974975586,17.361989974975586,17.361989974975586,17.361989974975586,100,0.0,0.0
2020-05-20 00:00:00-04:00,17.361989974975586,17.361989974975586,17.361989974975586,17.361989974975586,0,0.0,0.0
2020-05-21 00:00:00-04:00,17.361989974975586,17.361989974975586,17.361989974975586,17.361989974975586,0,0.0,0.0
2020-05-22 00:00:00-04:00,17.361989974975586,17.361989974975586,17.361989974975586,17.361989974975586,0,0.0,0.0
2020-05-26 00:00:00-04:00,17.361989974975586,17.361989974975586,17.361989974975586,17.361989974975586,200,0.0,0.0
2020-05-27 00:00:00-04:00,17.361989974975586,17.361989974975586,17.361989974975586,17.361989974975586,0,0.0,0.0
2020-05-28 00:00:00-04:00,17.361989974975586,17.361989974975586,17.361989974975586,17.361989974975586,0,0.0,0.0
2020-05-29 00:00:00-04:00,17.361989974975586,17.361989974975586,17.361989974975586,17.361989974975586,0,0.0,0.0
2020-06-01 00:00:00-04:00,17.361989974975586,17.361989974975586,17.361989974975586,17.361989974975586,0,0.0,0.0
2020-06-02 00:00:00-04:00,17.361989974975586,17.361989974975586,17.361989974975586,17.361989974975586,0,0.0,0.0
2020-06-03 00:00:00-04:00,17.4831292153836,17.571958541870117,17.4831292153836,17.571958541870117,1000,0.0,0.0
2020-06-04 00:00:00-04:00,17.571958541870117,17.571958541870117,17.571958541870117,17.571958541870117,0,0.0,0.0
2020-06-05 00:00:00-04:00,17.571958541870117,17.571958541870117,17.571958541870117,17.571958541870117,0,0.0,0.0
2020-06-08 00:00:00-04:00,17.571958541870117,17.571958541870117,17.571958541870117,17.571958541870117,0,0.0,0.0
2020-06-09 00:00:00-04:00,17.571958541870117,17.571958541870117,17.571958541870117,17.571958541870117,0,0.0,0.0
2020-06-10 00:00:00-04:00,17.515424360406378,17.539649410509714,17.483122239935422,17.4992733001709,2200,0.0,0.0
2020-06-11 00:00:00-04:00,17.56311992627257,17.740934371948242,17.56311992627257,17.740934371948242,200,0.019,0.0
2020-06-12 00:00:00-04:00,17.215581610473503,17.336819338312043,17.215581610473503,17.280241012573242,5400,0.0,0.0
2020-06-15 00:00:00-04:00,17.280241012573242,17.280241012573242,17.280241012573242,17.280241012573242,0,0.0,0.0
2020-06-16 00:00:00-04:00,17.61970029744176,17.61970029744176,17.60353660583496,17.60353660583496,300,0.0,0.0
2020-06-17 00:00:00-04:00,17.619698123497287,17.668193817138672,17.619698123497287,17.668193817138672,1100,0.0,0.0
2020-06-18 00:00:00-04:00,17.78135582267702,17.78135582267702,17.749025344848633,17.749025344848633,200,0.0,0.0
2020-06-19 00:00:00-04:00,17.749025344848633,17.749025344848633,17.749025344848633,17.749025344848633,0,0.0,0.0
2020-06-22 00:00:00-04:00,17.749025344848633,17.749025344848633,17.749025344848633,17.749025344848633,0,0.0,0.0
2020-06-23 00:00:00-04:00,17.749025344848633,17.749025344848633,17.749025344848633,17.749025344848633,0,0.0,0.0
2020-06-24 00:00:00-04:00,17.78135871887207,17.78135871887207,17.78135871887207,17.78135871887207,100,0.0,0.0
2020-06-25 00:00:00-04:00,17.78135871887207,17.78135871887207,17.78135871887207,17.78135871887207,0,0.0,0.0
2020-06-26 00:00:00-04:00,17.78135871887207,17.78135871887207,17.78135871887207,17.78135871887207,0,0.0,0.0
2020-06-29 00:00:00-04:00,17.78135871887207,17.78135871887207,17.78135871887207,17.78135871887207,0,0.0,0.0
2020-06-30 00:00:00-04:00,17.78135871887207,17.78135871887207,17.78135871887207,17.78135871887207,100,0.0,0.0
2020-07-01 00:00:00-04:00,17.78135871887207,17.78135871887207,17.78135871887207,17.78135871887207,0,0.0,0.0
2020-07-02 00:00:00-04:00,17.78135871887207,17.78135871887207,17.78135871887207,17.78135871887207,0,0.0,0.0
2020-07-06 00:00:00-04:00,17.417634963989258,17.417634963989258,17.417634963989258,17.417634963989258,200,0.0,0.0
2020-07-07 00:00:00-04:00,17.41764849207241,17.78135871887207,17.41764849207241,17.78135871887207,400,0.0,0.0
2020-07-08 00:00:00-04:00,17.781349546321643,17.781349546321643,17.60353660583496,17.60353660583496,400,0.0,0.0
2020-07-09 00:00:00-04:00,17.60353660583496,17.60353660583496,17.60353660583496,17.60353660583496,0,0.0,0.0
2020-07-10 00:00:00-04:00,17.538878120024766,17.57120704650879,17.538878120024766,17.57120704650879,500,0.0,0.0
2020-07-13 00:00:00-04:00,17.584959030151367,17.584959030151367,17.584959030151367,17.584959030151367,0,0.017,0.0
2020-07-14 00:00:00-04:00,17.584959030151367,17.584959030151367,17.584959030151367,17.584959030151367,0,0.0,0.0
2020-07-15 00:00:00-04:00,17.795272827148438,17.795272827148438,17.795272827148438,17.795272827148438,100,0.0,0.0
2020-07-16 00:00:00-04:00,17.795272827148438,17.795272827148438,17.795272827148438,17.795272827148438,0,0.0,0.0
2020-07-17 00:00:00-04:00,17.795272827148438,17.795272827148438,17.795272827148438,17.795272827148438,0,0.0,0.0
2020-07-20 00:00:00-04:00,17.795272827148438,17.795272827148438,17.795272827148438,17.795272827148438,0,0.0,0.0
2020-07-21 00:00:00-04:00,17.795272827148438,17.795272827148438,17.795272827148438,17.795272827148438,0,0.0,0.0
2020-07-22 00:00:00-04:00,17.795272827148438,17.795272827148438,17.795272827148438,17.795272827148438,0,0.0,0.0
2020-07-23 00:00:00-04:00,17.795272827148438,17.795272827148438,17.795272827148438,17.795272827148438,0,0.0,0.0
2020-07-24 00:00:00-04:00,17.795272827148438,17.795272827148438,17.795272827148438,17.795272827148438,0,0.0,0.0
2020-07-27 00:00:00-04:00,17.795272827148438,17.795272827148438,17.795272827148438,17.795272827148438,0,0.0,0.0
2020-07-28 00:00:00-04:00,17.795272827148438,17.795272827148438,17.795272827148438,17.795272827148438,0,0.0,0.0
2020-07-29 00:00:00-04:00,17.795272827148438,17.795272827148438,17.795272827148438,17.795272827148438,0,0.0,0.0
2020-07-30 00:00:00-04:00,17.471715927124023,17.471715927124023,17.471715927124023,17.471715927124023,100,0.0,0.0
2020-07-31 00:00:00-04:00,17.471715927124023,17.471715927124023,17.471715927124023,17.471715927124023,0,0.0,0.0
2020-08-03 00:00:00-04:00,17.593042373657227,17.593042373657227,17.593042373657227,17.593042373657227,100,0.0,0.0
2020-08-04 00:00:00-04:00,17.593042373657227,17.593042373657227,17.593042373657227,17.593042373657227,0,0.0,0.0
2020-08-05 00:00:00-04:00,17.754829642391996,17.795272827148438,17.754829642391996,17.795272827148438,1000,0.0,0.0
2020-08-06 00:00:00-04:00,17.795272827148438,17.795272827148438,17.795272827148438,17.795272827148438,0,0.0,0.0
2020-08-07 00:00:00-04:00,17.754829642391996,17.795272827148438,17.754829642391996,17.795272827148438,1900,0.0,0.0
2020-08-10 00:00:00-04:00,17.916595301191318,18.078371047973633,17.795264262508514,18.078371047973633,4600,0.0,0.0
2020-08-11 00:00:00-04:00,18.078371047973633,18.078371047973633,18.078371047973633,18.078371047973633,0,0.0,0.0
2020-08-12 00:00:00-04:00,18.15926742553711,18.1754437735446,18.07029056885727,18.15926742553711,14300,0.0,0.0
2020-08-13 00:00:00-04:00,18.188400268554688,18.20458969189587,18.188400268554688,18.188400268554688,15100,0.016,0.0
2020-08-14 00:00:00-04:00,18.20458984375,18.20458984375,18.20458984375,18.20458984375,1100,0.0,0.0
2020-08-17 00:00:00-04:00,18.20458984375,18.20458984375,18.20458984375,18.20458984375,1900,0.0,0.0
2020-08-18 00:00:00-04:00,18.20459754684674,18.21269226201005,18.17222023010254,18.17222023010254,4000,0.0,0.0
2020-08-19 00:00:00-04:00,18.156026995682623,18.212688446044922,18.156026995682623,18.212688446044922,1000,0.0,0.0
2020-08-20 00:00:00-04:00,18.212688446044922,18.212688446044922,18.212688446044922,18.212688446044922,1400,0.0,0.0
2020-08-21 00:00:00-04:00,18.21268912193455,18.366485595703125,18.21268912193455,18.366485595703125,1800,0.0,0.0
2020-08-24 00:00:00-04:00,18.374568939208984,18.374568939208984,18.374568939208984,18.374568939208984,300,0.0,0.0
2020-08-25 00:00:00-04:00,18.228876979665557,18.617413943602667,18.228876979665557,18.520278930664062,1300,0.0,0.0
2020-08-26 00:00:00-04:00,18.665979310255736,18.665979310255736,18.61741257929978,18.65788459777832,600,0.0,0.0
2020-08-27 00:00:00-04:00,18.65788459777832,18.65788459777832,18.65788459777832,18.65788459777832,0,0.0,0.0
2020-08-28 00:00:00-04:00,18.65788459777832,18.65788459777832,18.65788459777832,18.65788459777832,0,0.0,0.0
2020-08-31 00:00:00-04:00,18.61741065979004,18.61741065979004,18.61741065979004,18.61741065979004,900,0.0,0.0
2020-09-01 00:00:00-04:00,18.61741065979004,18.61741065979004,18.61741065979004,18.61741065979004,1900,0.0,0.0
2020-09-02 00:00:00-04:00,18.78738784790039,18.78738784790039,18.78738784790039,18.78738784790039,400,0.0,0.0
2020-09-03 00:00:00-04:00,18.78738784790039,18.78738784790039,18.78738784790039,18.78738784790039,0,0.0,0.0
2020-09-04 00:00:00-04:00,18.78738784790039,18.78738784790039,18.78738784790039,18.78738784790039,0,0.0,0.0
2020-09-08 00:00:00-04:00,18.779300689697266,18.779300689697266,18.779300689697266,18.779300689697266,100,0.0,0.0
2020-09-09 00:00:00-04:00,18.779300689697266,18.779300689697266,18.779300689697266,18.779300689697266,0,0.0,0.0
2020-09-10 00:00:00-04:00,18.779300689697266,18.779300689697266,18.779300689697266,18.779300689697266,0,0.0,0.0
2020-09-11 00:00:00-04:00,18.784158919446963,18.792259216308594,18.784158919446963,18.792259216308594,700,0.016,0.0
2020-09-14 00:00:00-04:00,18.79226562607519,18.832765579223633,18.735563528703516,18.832765579223633,1700,0.0,0.0
2020-09-15 00:00:00-04:00,19.035267204817323,19.035267204817323,18.87326431274414,18.87326431274414,700,0.0,0.0
2020-09-16 00:00:00-04:00,19.035261154174805,19.035261154174805,19.035261154174805,19.035261154174805,200,0.0,0.0
2020-09-17 00:00:00-04:00,18.848960876464844,18.848960876464844,18.848960876464844,18.848960876464844,100,0.0,0.0
2020-09-18 00:00:00-04:00,18.848960876464844,18.848960876464844,18.848960876464844,18.848960876464844,0,0.0,0.0
2020-09-21 00:00:00-04:00,18.840865081315528,18.88946533203125,18.840865081315528,18.88946533203125,2600,0.0,0.0
2020-09-22 00:00:00-04:00,18.88946533203125,18.88946533203125,18.88946533203125,18.88946533203125,0,0.0,0.0
2020-09-23 00:00:00-04:00,18.88946533203125,18.88946533203125,18.88946533203125,18.88946533203125,0,0.0,0.0
2020-09-24 00:00:00-04:00,18.670759992488154,18.670759992488154,18.614059448242188,18.614059448242188,3000,0.0,0.0
2020-09-25 00:00:00-04:00,18.614059448242188,18.614059448242188,18.614059448242188,18.614059448242188,0,0.0,0.0
2020-09-28 00:00:00-04:00,18.670760415773458,18.670760415773458,18.630260467529297,18.630260467529297,1500,0.0,0.0
2020-09-29 00:00:00-04:00,18.95426468840457,19.03526612986689,18.630260467529297,18.630260467529297,1500,0.0,0.0
2020-09-30 00:00:00-04:00,18.792259216308594,18.792259216308594,18.792259216308594,18.792259216308594,100,0.0,0.0
2020-10-01 00:00:00-04:00,18.9542640986152,18.9542640986152,18.630259887821786,18.69506072998047,3300,0.0,0.0
2020-10-02 00:00:00-04:00,18.63025636902328,18.792259216308594,18.63025636902328,18.792259216308594,900,0.0,0.0
2020-10-05 00:00:00-04:00,18.614059448242188,18.614059448242188,18.614059448242188,18.614059448242188,500,0.0,0.0
2020-10-06 00:00:00-04:00,18.686956902081043,18.792259216308594,18.63025636902328,18.792259216308594,1200,0.0,0.0
2020-10-07 00:00:00-04:00,18.792259216308594,18.792259216308594,18.792259216308594,18.792259216308594,0,0.0,0.0
2020-10-08 00:00:00-04:00,18.792259216308594,18.792259216308594,18.792259216308594,18.792259216308594,0,0.0,0.0
2020-10-09 00:00:00-04:00,18.792259216308594,18.792259216308594,18.792259216308594,18.792259216308594,0,0.0,0.0
2020-10-12 00:00:00-04:00,18.792259216308594,18.792259216308594,18.792259216308594,18.792259216308594,0,0.0,0.0
2020-10-13 00:00:00-04:00,18.886289596557617,18.886289596557617,18.886289596557617,18.886289596557617,1000,0.016,0.0
2020-10-14 00:00:00-04:00,18.886289596557617,18.886289596557617,18.886289596557617,18.886289596557617,0,0.0,0.0
2020-10-15 00:00:00-04:00,19.453689575195312,19.453689575195312,19.453689575195312,19.453689575195312,200,0.0,0.0
2020-10-16 00:00:00-04:00,19.453687951919882,19.453687951919882,19.048402786254883,19.048402786254883,600,0.0,0.0
2020-10-19 00:00:00-04:00,18.845760345458984,18.845760345458984,18.845760345458984,18.845760345458984,100,0.0,0.0
2020-10-20 00:00:00-04:00,18.845760345458984,18.845760345458984,18.845760345458984,18.845760345458984,0,0.0,0.0
2020-10-21 00:00:00-04:00,18.845760345458984,18.845760345458984,18.845760345458984,18.845760345458984,0,0.0,0.0
2020-10-22 00:00:00-04:00,18.845760345458984,18.845760345458984,18.845760345458984,18.845760345458984,0,0.0,0.0
2020-10-23 00:00:00-04:00,18.845760345458984,18.845760345458984,18.845760345458984,18.845760345458984,0,0.0,0.0
2020-10-26 00:00:00-04:00,19.007869720458984,19.007869720458984,19.007869720458984,19.007869720458984,500,0.0,0.0
2020-10-27 00:00:00-04:00,19.007869720458984,19.007869720458984,19.007869720458984,19.007869720458984,0,0.0,0.0
2020-10-28 00:00:00-04:00,19.007869720458984,19.007869720458984,19.007869720458984,19.007869720458984,0,0.0,0.0
2020-10-29 00:00:00-04:00,19.007869720458984,19.007869720458984,19.007869720458984,19.007869720458984,0,0.0,0.0
2020-10-30 00:00:00-04:00,19.007869720458984,19.007869720458984,19.007869720458984,19.007869720458984,0,0.0,0.0
2020-11-02 00:00:00-05:00,18.96733856201172,18.96733856201172,18.96733856201172,18.96733856201172,400,0.0,0.0
2020-11-03 00:00:00-05:00,18.96734028728704,19.007869720458984,18.96734028728704,19.007869720458984,600,0.0,0.0
2020-11-04 00:00:00-05:00,19.048402786254883,19.048402786254883,19.048402786254883,19.048402786254883,600,0.0,0.0
2020-11-05 00:00:00-05:00,19.048402786254883,19.048402786254883,19.048402786254883,19.048402786254883,0,0.0,0.0
2020-11-06 00:00:00-05:00,19.048402786254883,19.048402786254883,19.048402786254883,19.048402786254883,0,0.0,0.0
2020-11-09 00:00:00-05:00,19.048402786254883,19.048402786254883,19.048402786254883,19.048402786254883,0,0.0,0.0
2020-11-10 00:00:00-05:00,19.323989868164062,19.323989868164062,19.323989868164062,19.323989868164062,100,0.0,0.0
2020-11-11 00:00:00-05:00,19.323989868164062,19.323989868164062,19.323989868164062,19.323989868164062,0,0.0,0.0
2020-11-12 00:00:00-05:00,19.336156845092773,19.336156845092773,19.336156845092773,19.336156845092773,0,0.015,0.0
2020-11-13 00:00:00-05:00,19.060392379760742,19.060392379760742,19.060392379760742,19.060392379760742,700,0.0,0.0
2020-11-16 00:00:00-05:00,19.425384521484375,19.425384521484375,19.425384521484375,19.425384521484375,100,0.0,0.0
2020-11-17 00:00:00-05:00,19.425384521484375,19.425384521484375,19.425384521484375,19.425384521484375,0,0.0,0.0
2020-11-18 00:00:00-05:00,19.22261433460881,19.425384521484375,19.06039756630286,19.425384521484375,3400,0.0,0.0
2020-11-19 00:00:00-05:00,19.465932846069336,19.465932846069336,19.465932846069336,19.465932846069336,200,0.0,0.0
2020-11-20 00:00:00-05:00,19.465932846069336,19.465932846069336,19.465932846069336,19.465932846069336,0,0.0,0.0
2020-11-23 00:00:00-05:00,19.668711289123124,19.668711289123124,19.100954055786133,19.100954055786133,2000,0.0,0.0
2020-11-24 00:00:00-05:00,19.10094588789568,19.26316261291504,19.10094588789568,19.26316261291504,4200,0.0,0.0
2020-11-25 00:00:00-05:00,19.26316261291504,19.26316261291504,19.26316261291504,19.26316261291504,0,0.0,0.0
2020-11-27 00:00:00-05:00,19.26316261291504,19.26316261291504,19.26316261291504,19.26316261291504,0,0.0,0.0
2020-11-30 00:00:00-05:00,19.26316261291504,19.26316261291504,19.26316261291504,19.26316261291504,0,0.0,0.0
2020-12-01 00:00:00-05:00,19.26316261291504,19.26316261291504,19.26316261291504,19.26316261291504,1300,0.0,0.0
2020-12-02 00:00:00-05:00,19.14149988555186,19.255050659179688,19.14149988555186,19.255050659179688,900,0.0,0.0
2020-12-03 00:00:00-05:00,19.26317085017213,19.26317085017213,19.100954055786133,19.100954055786133,600,0.0,0.0
2020-12-04 00:00:00-05:00,19.100954055786133,19.100954055786133,19.100954055786133,19.100954055786133,0,0.0,0.0
2020-12-07 00:00:00-05:00,19.060387352669647,19.66058659855897,19.060387352669647,19.133384704589844,2200,0.0,0.0
2020-12-08 00:00:00-05:00,19.36859745371315,19.506481170654297,19.36859745371315,19.506481170654297,1200,0.0,0.0
2020-12-09 00:00:00-05:00,19.506481170654297,19.506481170654297,19.506481170654297,19.506481170654297,0,0.0,0.0
2020-12-10 00:00:00-05:00,19.125274636402583,19.125274636402583,19.109052658081055,19.109052658081055,200,0.0,0.0
2020-12-11 00:00:00-05:00,19.121234893798828,19.121234893798828,19.121234893798828,19.121234893798828,0,0.015,0.0
2020-12-14 00:00:00-05:00,19.316015243530273,19.316015243530273,19.316015243530273,19.316015243530273,600,0.0,0.0
2020-12-15 00:00:00-05:00,19.4783334107993,19.4783334107993,19.283550262451172,19.283550262451172,300,0.0,0.0
2020-12-16 00:00:00-05:00,19.283550262451172,19.283550262451172,19.283550262451172,19.283550262451172,0,0.0,0.0
2020-12-17 00:00:00-05:00,19.283550262451172,19.283550262451172,19.283550262451172,19.283550262451172,0,0.0,0.0
2020-12-18 00:00:00-05:00,19.307892948569013,19.462095260620117,19.275428326243482,19.462095260620117,1600,0.0,0.0
2020-12-21 00:00:00-05:00,19.356590270996094,19.356590270996094,19.356590270996094,19.356590270996094,700,0.0,0.0
2020-12-22 00:00:00-05:00,19.356590270996094,19.356590270996094,19.356590270996094,19.356590270996094,0,0.0,0.0
2020-12-23 00:00:00-05:00,19.356590270996094,19.356590270996094,19.356590270996094,19.356590270996094,700,0.0,0.0
2020-12-24 00:00:00-05:00,19.356590270996094,19.356590270996094,19.356590270996094,19.356590270996094,0,0.0,0.0
2020-12-28 00:00:00-05:00,19.356590270996094,19.356590270996094,19.11311022318569,19.356590270996094,1000,0.0,0.0
2020-12-29 00:00:00-05:00,19.340361923408345,19.36471039758092,19.137462615966797,19.137462615966797,800,0.0,0.0
2020-12-30 00:00:00-05:00,19.08065453539135,19.11311762553963,18.975146009411354,19.072538375854492,13000,0.0,0.0
2020-12-31 00:00:00-05:00,19.153698667590604,19.24297332763672,19.153698667590604,19.24297332763672,3100,0.0,0.0
2021-01-04 00:00:00-05:00,19.24297332763672,19.24297332763672,19.24297332763672,19.24297332763672,0,0.0,0.0
2021-01-05 00:00:00-05:00,19.23485113460487,19.23485113460487,19.048182632449034,19.104995727539062,400,0.0,0.0
2021-01-06 00:00:00-05:00,19.16181985134361,19.17805062688086,19.11312288073313,19.153703689575195,4400,0.0,0.0
2021-01-07 00:00:00-05:00,19.153699007944823,19.27543830871582,19.153699007944823,19.27543830871582,500,0.0,0.0
2021-01-08 00:00:00-05:00,19.316015243530273,19.316015243530273,19.316015243530273,19.316015243530273,400,0.0,0.0
2021-01-11 00:00:00-05:00,19.316015243530273,19.316015243530273,19.316015243530273,19.316015243530273,0,0.0,0.0
2021-01-12 00:00:00-05:00,19.316015243530273,19.316015243530273,19.316015243530273,19.316015243530273,0,0.0,0.0
2021-01-13 00:00:00-05:00,19.328195571899414,19.328195571899414,19.328195571899414,19.328195571899414,0,0.015,0.0
2021-01-14 00:00:00-05:00,19.328195571899414,19.328195571899414,19.328195571899414,19.328195571899414,500,0.0,0.0
2021-01-15 00:00:00-05:00,19.401285513348267,19.401285513348267,19.328195571899414,19.328195571899414,500,0.0,0.0
2021-01-19 00:00:00-05:00,19.45001317363094,19.45001317363094,19.328195571899414,19.328195571899414,200,0.0,0.0
2021-01-20 00:00:00-05:00,19.328195571899414,19.328195571899414,19.328195571899414,19.328195571899414,0,0.0,0.0
2021-01-21 00:00:00-05:00,19.328195571899414,19.328195571899414,19.328195571899414,19.328195571899414,0,0.0,0.0
2021-01-22 00:00:00-05:00,19.328195571899414,19.328195571899414,19.328195571899414,19.328195571899414,0,0.0,0.0
2021-01-25 00:00:00-05:00,19.328195571899414,19.328195571899414,19.328195571899414,19.328195571899414,0,0.0,0.0
2021-01-26 00:00:00-05:00,19.328195571899414,19.328195571899414,19.328195571899414,19.328195571899414,0,0.0,0.0
2021-01-27 00:00:00-05:00,19.12517584675109,19.12517584675109,19.052085876464844,19.052085876464844,3000,0.0,0.0
2021-01-28 00:00:00-05:00,19.052085876464844,19.052085876464844,19.052085876464844,19.052085876464844,0,0.0,0.0
2021-01-29 00:00:00-05:00,19.287588977529687,19.3200740814209,19.287588977529687,19.3200740814209,1200,0.0,0.0
2021-02-01 00:00:00-05:00,19.3200740814209,19.3200740814209,19.3200740814209,19.3200740814209,0,0.0,0.0
2021-02-02 00:00:00-05:00,19.328195571899414,19.352559402040747,19.328195571899414,19.328195571899414,1400,0.0,0.0
2021-02-03 00:00:00-05:00,19.06020164489746,19.06020164489746,19.06020164489746,19.06020164489746,100,0.0,0.0
2021-02-04 00:00:00-05:00,19.125167846679688,19.125167846679688,19.125167846679688,19.125167846679688,300,0.0,0.0
2021-02-05 00:00:00-05:00,19.125167846679688,19.125167846679688,19.125167846679688,19.125167846679688,400,0.0,0.0
2021-02-08 00:00:00-05:00,19.125167846679688,19.125167846679688,19.125167846679688,19.125167846679688,0,0.0,0.0
2021-02-09 00:00:00-05:00,19.28759002685547,19.28759002685547,19.28759002685547,19.28759002685547,1100,0.0,0.0
2021-02-10 00:00:00-05:00,19.28759002685547,19.28759002685547,19.28759002685547,19.28759002685547,0,0.0,0.0
2021-02-11 00:00:00-05:00,19.299779891967773,19.299779891967773,19.299779891967773,19.299779891967773,600,0.015,0.0
2021-02-12 00:00:00-05:00,19.299779891967773,19.299779891967773,19.299779891967773,19.299779891967773,0,0.0,0.0
2021-02-16 00:00:00-05:00,19.064117431640625,19.064117431640625,19.064117431640625,19.064117431640625,200,0.0,0.0
2021-02-17 00:00:00-05:00,19.064117431640625,19.064117431640625,19.064117431640625,19.064117431640625,0,0.0,0.0
2021-02-18 00:00:00-05:00,19.064117431640625,19.064117431640625,19.064117431640625,19.064117431640625,100,0.0,0.0
2021-02-19 00:00:00-05:00,19.064117431640625,19.064117431640625,19.064117431640625,19.064117431640625,0,0.0,0.0
2021-02-22 00:00:00-05:00,19.064117431640625,19.064117431640625,19.064117431640625,19.064117431640625,0,0.0,0.0
2021-02-23 00:00:00-05:00,19.064117431640625,19.064117431640625,19.064117431640625,19.064117431640625,0,0.0,0.0
2021-02-24 00:00:00-05:00,19.38103675842285,19.38103675842285,19.38103675842285,19.38103675842285,400,0.0,0.0
2021-02-25 00:00:00-05:00,19.340412139892578,19.340412139892578,19.340412139892578,19.340412139892578,1000,0.0,0.0
2021-02-26 00:00:00-05:00,19.446053614519098,19.45418002423551,19.356664657592773,19.356664657592773,2800,0.0,0.0
2021-03-01 00:00:00-05:00,19.356664657592773,19.356664657592773,19.356664657592773,19.356664657592773,0,0.0,0.0
2021-03-02 00:00:00-05:00,19.356664657592773,19.356664657592773,19.356664657592773,19.356664657592773,0,0.0,0.0
2021-03-03 00:00:00-05:00,19.23476453723456,19.38103675842285,19.218511723779507,19.38103675842285,1400,0.0,0.0
2021-03-04 00:00:00-05:00,19.38103675842285,19.38103675842285,19.38103675842285,19.38103675842285,100,0.0,0.0
2021-03-05 00:00:00-05:00,19.38103675842285,19.38103675842285,19.38103675842285,19.38103675842285,0,0.0,0.0
2021-03-08 00:00:00-05:00,19.38103675842285,19.38103675842285,19.38103675842285,19.38103675842285,0,0.0,0.0
2021-03-09 00:00:00-05:00,19.38103675842285,19.38103675842285,19.38103675842285,19.38103675842285,0,0.0,0.0
2021-03-10 00:00:00-05:00,19.38103675842285,19.38103675842285,19.38103675842285,19.38103675842285,0,0.0,0.0
2021-03-11 00:00:00-05:00,19.39323616027832,19.39323616027832,19.39323616027832,19.39323616027832,0,0.015,0.0
2021-03-12 00:00:00-05:00,19.23061180114746,19.23061180114746,19.23061180114746,19.23061180114746,500,0.0,0.0
2021-03-15 00:00:00-04:00,19.39323916241847,19.39323916241847,19.23061180114746,19.23061180114746,1100,0.0,0.0
2021-03-16 00:00:00-04:00,19.39323616027832,19.39323616027832,19.39323616027832,19.39323616027832,300,0.0,0.0
2021-03-17 00:00:00-04:00,19.39323616027832,19.39323616027832,19.39323616027832,19.39323616027832,0,0.0,0.0
2021-03-18 00:00:00-04:00,19.279395000283507,19.279395000283507,19.271265029907227,19.271265029907227,1600,0.0,0.0
2021-03-19 00:00:00-04:00,19.27127034960994,19.352582483251282,19.189956665039062,19.189956665039062,3400,0.0,0.0
2021-03-22 00:00:00-04:00,19.189956665039062,19.189956665039062,19.189956665039062,19.189956665039062,0,0.0,0.0
2021-03-23 00:00:00-04:00,19.189956665039062,19.189956665039062,19.189956665039062,19.189956665039062,200,0.0,0.0
2021-03-24 00:00:00-04:00,19.271265029907227,19.271265029907227,19.108637705657646,19.271265029907227,2600,0.0,0.0
2021-03-25 00:00:00-04:00,19.271265029907227,19.271265029907227,19.271265029907227,19.271265029907227,0,0.0,0.0
2021-03-26 00:00:00-04:00,19.311925481782964,19.311925481782964,19.23061180114746,19.23061180114746,600,0.0,0.0
2021-03-29 00:00:00-04:00,19.230612731859733,19.230612731859733,19.189956665039062,19.189956665039062,1700,0.0,0.0
2021-03-30 00:00:00-04:00,19.189956665039062,19.189956665039062,19.189956665039062,19.189956665039062,0,0.0,0.0
2021-03-31 00:00:00-04:00,19.189956665039062,19.189956665039062,19.189956665039062,19.189956665039062,0,0.0,0.0
2021-04-01 00:00:00-04:00,19.189956665039062,19.189956665039062,19.189956665039062,19.189956665039062,0,0.0,0.0
2021-04-05 00:00:00-04:00,19.189956665039062,19.189956665039062,19.189956665039062,19.189956665039062,0,0.0,0.0
2021-04-06 00:00:00-04:00,19.2143497467041,19.2143497467041,19.2143497467041,19.2143497467041,600,0.0,0.0
2021-04-07 00:00:00-04:00,19.2143497467041,19.2143497467041,19.2143497467041,19.2143497467041,1800,0.0,0.0
2021-04-08 00:00:00-04:00,19.214351675971713,19.214351675971713,19.157432556152344,19.157432556152344,4900,0.0,0.0
2021-04-09 00:00:00-04:00,19.22247886657715,19.22247886657715,19.22247886657715,19.22247886657715,600,0.0,0.0
2021-04-12 00:00:00-04:00,19.22247886657715,19.22247886657715,19.22247886657715,19.22247886657715,100,0.0,0.0
2021-04-13 00:00:00-04:00,19.233875274658203,19.233875274658203,19.233875274658203,19.233875274658203,0,0.014,0.0
2021-04-14 00:00:00-04:00,19.233875274658203,19.233875274658203,19.233875274658203,19.233875274658203,0,0.0,0.0
2021-04-15 00:00:00-04:00,19.233875274658203,19.233875274658203,19.233875274658203,19.233875274658203,100,0.0,0.0
2021-04-16 00:00:00-04:00,19.233875274658203,19.233875274658203,19.233875274658203,19.233875274658203,0,0.0,0.0
2021-04-19 00:00:00-04:00,19.233875274658203,19.233875274658203,19.233875274658203,19.233875274658203,0,0.0,0.0
2021-04-20 00:00:00-04:00,19.233875274658203,19.233875274658203,19.233875274658203,19.233875274658203,0,0.0,0.0
2021-04-21 00:00:00-04:00,19.233874287910783,19.24201063097887,19.087423216382728,19.168785095214844,5400,0.0,0.0
2021-04-22 00:00:00-04:00,19.168785095214844,19.168785095214844,19.168785095214844,19.168785095214844,300,0.0,0.0
2021-04-23 00:00:00-04:00,19.225736618041992,19.225736618041992,19.225736618041992,19.225736618041992,3400,0.0,0.0
2021-04-26 00:00:00-04:00,19.079282458731544,19.209460803414334,19.079282458731544,19.201324462890625,1800,0.0,0.0
2021-04-27 00:00:00-04:00,19.242000579833984,19.242000579833984,19.103685923623296,19.242000579833984,3800,0.0,0.0
2021-04-28 00:00:00-04:00,19.242000579833984,19.242000579833984,19.242000579833984,19.242000579833984,100,0.0,0.0
2021-04-29 00:00:00-04:00,19.07928466796875,19.07928466796875,19.07928466796875,19.07928466796875,2600,0.0,0.0
2021-04-30 00:00:00-04:00,19.07928466796875,19.07928466796875,19.07928466796875,19.07928466796875,0,0.0,0.0
2021-05-03 00:00:00-04:00,19.242000579833984,19.242000579833984,19.242000579833984,19.242000579833984,300,0.0,0.0
2021-05-04 00:00:00-04:00,19.242000579833984,19.242000579833984,19.242000579833984,19.242000579833984,0,0.0,0.0
2021-05-05 00:00:00-04:00,19.25014318320593,19.32336870455,19.07928466796875,19.07928466796875,100,0.0,0.0
2021-05-06 00:00:00-04:00,19.1606502532959,19.1606502532959,19.1606502532959,19.1606502532959,400,0.0,0.0
2021-05-07 00:00:00-04:00,19.1606502532959,19.1606502532959,19.1606502532959,19.1606502532959,0,0.0,0.0
2021-05-10 00:00:00-04:00,19.28268923319162,19.28268923319162,19.266416549682617,19.266416549682617,700,0.0,0.0
2021-05-11 00:00:00-04:00,19.201329848815465,19.32337188720703,19.201329848815465,19.32337188720703,1000,0.0,0.0
2021-05-12 00:00:00-04:00,19.250139236450195,19.250139236450195,19.250139236450195,19.250139236450195,300,0.0,0.0
2021-05-13 00:00:00-04:00,19.253400905994063,19.253400905994063,19.13128662109375,19.13128662109375,800,0.014,0.0
2021-05-14 00:00:00-04:00,19.481349336347236,19.481349336347236,19.342952728271484,19.342952728271484,4500,0.0,0.0
2021-05-17 00:00:00-04:00,19.489488492865046,19.69301280424861,19.489488492865046,19.538333892822266,600,0.0,0.0
2021-05-18 00:00:00-04:00,19.53833335749738,19.53833335749738,19.017311631516293,19.277822494506836,12500,0.0,0.0
2021-05-19 00:00:00-04:00,19.375517842572204,19.375517842572204,19.334813592957225,19.36737823486328,2000,0.0,0.0
2021-05-20 00:00:00-04:00,19.212692260742188,19.24525533796467,19.212692260742188,19.212692260742188,1200,0.0,0.0
2021-05-21 00:00:00-04:00,19.212692260742188,19.212692260742188,19.212692260742188,19.212692260742188,0,0.0,0.0
2021-05-24 00:00:00-04:00,19.212692260742188,19.212692260742188,19.212692260742188,19.212692260742188,0,0.0,0.0
2021-05-25 00:00:00-04:00,19.25339649546205,19.25339649546205,19.212692260742188,19.212692260742188,700,0.0,0.0
2021-05-26 00:00:00-04:00,19.212696661949753,19.212696661949753,19.13128662109375,19.13128662109375,2900,0.0,0.0
2021-05-27 00:00:00-04:00,19.171992895366905,19.26968526529277,19.155712127685547,19.155712127685547,11500,0.0,0.0
2021-05-28 00:00:00-04:00,19.15570426474148,19.717430114746094,19.147563107858776,19.717430114746094,2900,0.0,0.0
2021-06-01 00:00:00-04:00,19.456924438476562,19.456924438476562,19.456924438476562,19.456924438476562,300,0.0,0.0
2021-06-02 00:00:00-04:00,19.334810946850066,19.334810946850066,19.009172336193437,19.13128662109375,6600,0.0,0.0
2021-06-03 00:00:00-04:00,19.171993492387017,19.212699294776858,19.139430403242734,19.147571563720703,4400,0.0,0.0
2021-06-04 00:00:00-04:00,19.513913620837688,19.513913620837688,19.074301843499565,19.180133819580078,15400,0.0,0.0
2021-06-07 00:00:00-04:00,19.432500733431915,19.481346130371094,19.432500733431915,19.481346130371094,400,0.0,0.0
2021-06-08 00:00:00-04:00,19.481346130371094,19.481346130371094,19.481346130371094,19.481346130371094,0,0.0,0.0
2021-06-09 00:00:00-04:00,19.212695305162015,20.02679255069628,19.212695305162015,19.538333892822266,1500,0.0,0.0
2021-06-10 00:00:00-04:00,19.538333892822266,19.538333892822266,19.538333892822266,19.538333892822266,0,0.0,0.0
2021-06-11 00:00:00-04:00,19.794099807739258,19.794099807739258,19.794099807739258,19.794099807739258,100,0.014,0.0
2021-06-14 00:00:00-04:00,19.549739211731147,19.549739211731147,19.207618713378906,19.207618713378906,1100,0.0,0.0
2021-06-15 00:00:00-04:00,19.207618713378906,19.207618713378906,19.207618713378906,19.207618713378906,0,0.0,0.0
2021-06-16 00:00:00-04:00,19.321664810180664,19.321664810180664,19.321664810180664,19.321664810180664,200,0.0,0.0
2021-06-17 00:00:00-04:00,19.321664810180664,19.321664810180664,19.321664810180664,19.321664810180664,0,0.0,0.0
2021-06-18 00:00:00-04:00,19.30536613371499,19.346094131469727,19.30536613371499,19.346094131469727,300,0.0,0.0
2021-06-21 00:00:00-04:00,19.468279678407463,19.468279678407463,19.346094131469727,19.346094131469727,400,0.0,0.0
2021-06-22 00:00:00-04:00,19.158745582034836,19.207619497029537,19.142453759145354,19.183181762695312,2000,0.0,0.0
2021-06-23 00:00:00-04:00,19.134307111569345,19.134307111569345,19.11801528930664,19.11801528930664,800,0.0,0.0
2021-06-24 00:00:00-04:00,19.142452978153415,19.207618713378906,19.142452978153415,19.207618713378906,700,0.0,0.0
2021-06-25 00:00:00-04:00,19.207618713378906,19.207618713378906,19.207618713378906,19.207618713378906,0,0.0,0.0
2021-06-28 00:00:00-04:00,19.142453759145354,19.215765408474276,19.142453759145354,19.183181762695312,1000,0.0,0.0
2021-06-29 00:00:00-04:00,19.183181762695312,19.183181762695312,19.183181762695312,19.183181762695312,0,0.0,0.0
2021-06-30 00:00:00-04:00,19.30536272294331,19.30536272294331,19.264633178710938,19.264633178710938,3100,0.0,0.0
2021-07-01 00:00:00-04:00,19.264633178710938,19.264633178710938,19.264633178710938,19.264633178710938,0,0.0,0.0
2021-07-02 00:00:00-04:00,19.264633178710938,19.264633178710938,19.264633178710938,19.264633178710938,0,0.0,0.0
2021-07-06 00:00:00-04:00,19.264633178710938,19.264633178710938,19.264633178710938,19.264633178710938,0,0.0,0.0
2021-07-07 00:00:00-04:00,19.264633178710938,19.264633178710938,19.264633178710938,19.264633178710938,0,0.0,0.0
2021-07-08 00:00:00-04:00,19.346094131469727,19.346094131469727,19.346094131469727,19.346094131469727,900,0.0,0.0
2021-07-09 00:00:00-04:00,19.346094131469727,19.346094131469727,19.346094131469727,19.346094131469727,0,0.0,0.0
2021-07-12 00:00:00-04:00,19.346094131469727,19.346094131469727,19.346094131469727,19.346094131469727,0,0.0,0.0
2021-07-13 00:00:00-04:00,19.356691360473633,19.356691360473633,19.356691360473633,19.356691360473633,0,0.013,0.0
2021-07-14 00:00:00-04:00,19.356691360473633,19.356691360473633,19.356691360473633,19.356691360473633,0,0.0,0.0
2021-07-15 00:00:00-04:00,19.698997976621673,19.698997976621673,19.250738405922473,19.487092971801758,2000,0.0,0.0
2021-07-16 00:00:00-04:00,19.487092971801758,19.487092971801758,19.487092971801758,19.487092971801758,0,0.0,0.0
2021-07-19 00:00:00-04:00,19.25074005126953,19.25074005126953,19.25074005126953,19.25074005126953,1000,0.0,0.0
2021-07-20 00:00:00-04:00,19.25074005126953,19.25074005126953,19.25074005126953,19.25074005126953,0,0.0,0.0
2021-07-21 00:00:00-04:00,19.25074005126953,19.25074005126953,19.25074005126953,19.25074005126953,0,0.0,0.0
2021-07-22 00:00:00-04:00,19.275189614418583,19.35669178547287,19.25074005126953,19.25074005126953,900,0.0,0.0
2021-07-23 00:00:00-04:00,19.25074005126953,19.25074005126953,19.25074005126953,19.25074005126953,0,0.0,0.0
2021-07-26 00:00:00-04:00,19.25074005126953,19.25074005126953,19.25074005126953,19.25074005126953,0,0.0,0.0
2021-07-27 00:00:00-04:00,19.25074005126953,19.25074005126953,19.25074005126953,19.25074005126953,0,0.0,0.0
2021-07-28 00:00:00-04:00,19.25074005126953,19.25074005126953,19.25074005126953,19.25074005126953,0,0.0,0.0
2021-07-29 00:00:00-04:00,19.234439500851465,19.29149055480957,19.234439500851465,19.29149055480957,1000,0.0,0.0
2021-07-30 00:00:00-04:00,19.25074005126953,19.25074005126953,19.25074005126953,19.25074005126953,300,0.0,0.0
2021-08-02 00:00:00-04:00,19.267039241860694,19.291490359534365,19.25074005126953,19.25074005126953,2000,0.0,0.0
2021-08-03 00:00:00-04:00,19.43819236755371,19.43819236755371,19.43819236755371,19.43819236755371,100,0.0,0.0
2021-08-04 00:00:00-04:00,19.43819236755371,19.43819236755371,19.43819236755371,19.43819236755371,100,0.0,0.0
2021-08-05 00:00:00-04:00,19.43819236755371,19.43819236755371,19.43819236755371,19.43819236755371,100,0.0,0.0
2021-08-06 00:00:00-04:00,19.43819236755371,19.43819236755371,19.43819236755371,19.43819236755371,100,0.0,0.0
2021-08-09 00:00:00-04:00,19.397438049316406,19.397438049316406,19.397438049316406,19.397438049316406,800,0.0,0.0
2021-08-10 00:00:00-04:00,19.397438049316406,19.397438049316406,19.397438049316406,19.397438049316406,0,0.0,0.0
2021-08-11 00:00:00-04:00,19.397438049316406,19.397438049316406,19.397438049316406,19.397438049316406,0,0.0,0.0
2021-08-12 00:00:00-04:00,19.399891542852878,19.408044815063477,19.342807749758403,19.408044815063477,2200,0.013,0.0
2021-08-13 00:00:00-04:00,19.408044815063477,19.408044815063477,19.408044815063477,19.408044815063477,0,0.0,0.0
2021-08-16 00:00:00-04:00,19.546676635742188,19.546676635742188,19.546676635742188,19.546676635742188,100,0.0,0.0
2021-08-17 00:00:00-04:00,19.546676635742188,19.546676635742188,19.546676635742188,19.546676635742188,0,0.0,0.0
2021-08-18 00:00:00-04:00,19.244953155517578,19.244953155517578,19.244953155517578,19.244953155517578,100,0.0,0.0
2021-08-19 00:00:00-04:00,19.244953155517578,19.244953155517578,19.244953155517578,19.244953155517578,500,0.0,0.0
2021-08-20 00:00:00-04:00,19.32649803161621,19.32649803161621,19.293878724007964,19.32649803161621,500,0.0,0.0
2021-08-23 00:00:00-04:00,19.32649803161621,19.32649803161621,19.32649803161621,19.32649803161621,0,0.0,0.0
2021-08-24 00:00:00-04:00,19.32649803161621,19.32649803161621,19.32649803161621,19.32649803161621,0,0.0,0.0
2021-08-25 00:00:00-04:00,19.399887084960938,19.399887084960938,19.399887084960938,19.399887084960938,100,0.0,0.0
2021-08-26 00:00:00-04:00,19.701609665137816,19.701609665137816,19.644527435302734,19.644527435302734,600,0.0,0.0
2021-08-27 00:00:00-04:00,19.644527435302734,19.644527435302734,19.644527435302734,19.644527435302734,0,0.0,0.0
2021-08-30 00:00:00-04:00,19.367267782116816,19.399887084960938,19.269411428958417,19.399887084960938,2000,0.0,0.0
2021-08-31 00:00:00-04:00,19.399887084960938,19.399887084960938,19.399887084960938,19.399887084960938,0,0.0,0.0
2021-09-01 00:00:00-04:00,19.36727523803711,19.36727523803711,19.36727523803711,19.36727523803711,800,0.0,0.0
2021-09-02 00:00:00-04:00,19.36727523803711,19.36727523803711,19.36727523803711,19.36727523803711,300,0.0,0.0
2021-09-03 00:00:00-04:00,19.489586965078654,19.489586965078654,19.448814392089844,19.448814392089844,600,0.0,0.0
2021-09-07 00:00:00-04:00,19.448814392089844,19.448814392089844,19.448814392089844,19.448814392089844,0,0.0,0.0
2021-09-08 00:00:00-04:00,19.26126480102539,19.26126480102539,19.26126480102539,19.26126480102539,100,0.0,0.0
2021-09-09 00:00:00-04:00,19.26126480102539,19.26126480102539,19.26126480102539,19.26126480102539,0,0.0,0.0
2021-09-10 00:00:00-04:00,19.26126480102539,19.26126480102539,19.26126480102539,19.26126480102539,500,0.0,0.0
2021-09-13 00:00:00-04:00,19.271875381469727,19.271875381469727,19.271875381469727,19.271875381469727,0,0.013,0.0
2021-09-14 00:00:00-04:00,19.271875381469727,19.271875381469727,19.271875381469727,19.271875381469727,0,0.0,0.0
2021-09-15 00:00:00-04:00,19.418733596801758,19.418733596801758,19.418733596801758,19.418733596801758,100,0.0,0.0
2021-09-16 00:00:00-04:00,19.27186552392957,19.27186552392957,19.25554689062121,19.26370620727539,1700,0.0,0.0
2021-09-17 00:00:00-04:00,19.29634666442871,19.29634666442871,19.29634666442871,19.29634666442871,600,0.0,0.0
2021-09-20 00:00:00-04:00,19.29634666442871,19.29634666442871,19.29634666442871,19.29634666442871,0,0.0,0.0
2021-09-21 00:00:00-04:00,19.255549415975356,19.337141036987305,19.255549415975356,19.337141036987305,3900,0.0,0.0
2021-09-22 00:00:00-04:00,19.337141036987305,19.337141036987305,19.337141036987305,19.337141036987305,200,0.0,0.0
2021-09-23 00:00:00-04:00,19.337141036987305,19.337141036987305,19.337141036987305,19.337141036987305,0,0.0,0.0
2021-09-24 00:00:00-04:00,19.337141036987305,19.337141036987305,19.337141036987305,19.337141036987305,0,0.0,0.0
2021-09-27 00:00:00-04:00,19.500316619873047,19.500316619873047,19.500316619873047,19.500316619873047,100,0.0,0.0
2021-09-28 00:00:00-04:00,19.255546873150866,19.280023266860667,19.214750289916992,19.214750289916992,2500,0.0,0.0
2021-09-29 00:00:00-04:00,19.214750289916992,19.214750289916992,19.214750289916992,19.214750289916992,0,0.0,0.0
2021-09-30 00:00:00-04:00,19.214750289916992,19.214750289916992,19.214750289916992,19.214750289916992,0,0.0,0.0
2021-10-01 00:00:00-04:00,19.214750289916992,19.214750289916992,19.214750289916992,19.214750289916992,0,0.0,0.0
2021-10-04 00:00:00-04:00,19.214750289916992,19.214750289916992,19.214750289916992,19.214750289916992,0,0.0,0.0
2021-10-05 00:00:00-04:00,19.214750289916992,19.214750289916992,19.214750289916992,19.214750289916992,0,0.0,0.0
2021-10-06 00:00:00-04:00,19.214750289916992,19.214750289916992,19.214750289916992,19.214750289916992,0,0.0,0.0
2021-10-07 00:00:00-04:00,19.475850774691697,19.475850774691697,19.361621856689453,19.361621856689453,500,0.0,0.0
2021-10-08 00:00:00-04:00,19.361621856689453,19.361621856689453,19.361621856689453,19.361621856689453,0,0.0,0.0
2021-10-11 00:00:00-04:00,19.361621856689453,19.361621856689453,19.361621856689453,19.361621856689453,0,0.0,0.0
2021-10-12 00:00:00-04:00,19.361621856689453,19.361621856689453,19.361621856689453,19.361621856689453,0,0.0,0.0
2021-10-13 00:00:00-04:00,19.511010359166058,19.511010359166058,19.445701599121094,19.445701599121094,900,0.013,0.0
2021-10-14 00:00:00-04:00,19.53550369771159,19.53550369771159,19.266104840729135,19.32324981689453,1400,0.0,0.0
2021-10-15 00:00:00-04:00,19.429370880126953,19.429370880126953,19.429370880126953,19.429370880126953,100,0.0,0.0
2021-10-18 00:00:00-04:00,19.48652131085808,19.511011123657227,19.48652131085808,19.511011123657227,1000,0.0,0.0
2021-10-19 00:00:00-04:00,19.511011123657227,19.511011123657227,19.511011123657227,19.511011123657227,0,0.0,0.0
2021-10-20 00:00:00-04:00,19.511011123657227,19.511011123657227,19.511011123657227,19.511011123657227,0,0.0,0.0
2021-10-21 00:00:00-04:00,19.511011123657227,19.511011123657227,19.511011123657227,19.511011123657227,0,0.0,0.0
2021-10-22 00:00:00-04:00,19.511011123657227,19.511011123657227,19.511011123657227,19.511011123657227,0,0.0,0.0
2021-10-25 00:00:00-04:00,19.511011123657227,19.511011123657227,19.511011123657227,19.511011123657227,0,0.0,0.0
2021-10-26 00:00:00-04:00,19.511011123657227,19.511011123657227,19.511011123657227,19.511011123657227,0,0.0,0.0
2021-10-27 00:00:00-04:00,19.511011123657227,19.511011123657227,19.511011123657227,19.511011123657227,0,0.0,0.0
2021-10-28 00:00:00-04:00,19.511011123657227,19.511011123657227,19.511011123657227,19.511011123657227,0,0.0,0.0
2021-10-29 00:00:00-04:00,19.511011123657227,19.511011123657227,19.511011123657227,19.511011123657227,0,0.0,0.0
2021-11-01 00:00:00-04:00,19.511011123657227,19.511011123657227,19.511011123657227,19.511011123657227,0,0.0,0.0
2021-11-02 00:00:00-04:00,19.511011123657227,19.511011123657227,19.511011123657227,19.511011123657227,0,0.0,0.0
2021-11-03 00:00:00-04:00,19.298757553100586,19.298757553100586,19.298757553100586,19.298757553100586,700,0.0,0.0
2021-11-04 00:00:00-04:00,19.470197677612305,19.470197677612305,19.462033885996522,19.470197677612305,700,0.0,0.0
2021-11-05 00:00:00-04:00,19.462033885996522,19.470197677612305,19.462033885996522,19.470197677612305,900,0.0,0.0
2021-11-08 00:00:00-05:00,19.535503387451172,19.535503387451172,19.535503387451172,19.535503387451172,1000,0.0,0.0
2021-11-09 00:00:00-05:00,19.535503387451172,19.535503387451172,19.535503387451172,19.535503387451172,100,0.0,0.0
2021-11-10 00:00:00-05:00,19.54612159729004,19.54612159729004,19.54612159729004,19.54612159729004,0,0.013,0.0
2021-11-11 00:00:00-05:00,19.54612159729004,19.54612159729004,19.54612159729004,19.54612159729004,0,0.0,0.0
2021-11-12 00:00:00-05:00,19.54612159729004,19.54612159729004,19.54612159729004,19.54612159729004,0,0.0,0.0
2021-11-15 00:00:00-05:00,19.54612159729004,19.54612159729004,19.54612159729004,19.54612159729004,100,0.0,0.0
2021-11-16 00:00:00-05:00,19.54612159729004,19.54612159729004,19.54612159729004,19.54612159729004,0,0.0,0.0
2021-11-17 00:00:00-05:00,19.26840971340328,19.292914398364278,19.26840971340328,19.284746170043945,1000,0.0,0.0
2021-11-18 00:00:00-05:00,19.268417358398438,19.268417358398438,19.268417358398438,19.268417358398438,1100,0.0,0.0
2021-11-19 00:00:00-05:00,19.268417358398438,19.268417358398438,19.268417358398438,19.268417358398438,0,0.0,0.0
2021-11-22 00:00:00-05:00,19.268417358398438,19.268417358398438,19.268417358398438,19.268417358398438,0,0.0,0.0
2021-11-23 00:00:00-05:00,19.268417358398438,19.268417358398438,19.268417358398438,19.268417358398438,0,0.0,0.0
2021-11-24 00:00:00-05:00,19.268417358398438,19.268417358398438,19.268417358398438,19.268417358398438,0,0.0,0.0
2021-11-26 00:00:00-05:00,19.268417358398438,19.268417358398438,19.268417358398438,19.268417358398438,0,0.0,0.0
2021-11-29 00:00:00-05:00,19.268417358398438,19.268417358398438,19.268417358398438,19.268417358398438,0,0.0,0.0
2021-11-30 00:00:00-05:00,19.268417358398438,19.268417358398438,19.268417358398438,19.268417358398438,0,0.0,0.0
2021-12-01 00:00:00-05:00,19.268417358398438,19.268417358398438,19.268417358398438,19.268417358398438,600,0.0,0.0
2021-12-02 00:00:00-05:00,19.268417358398438,19.268417358398438,19.268417358398438,19.268417358398438,0,0.0,0.0
2021-12-03 00:00:00-05:00,19.268417358398438,19.268417358398438,19.268417358398438,19.268417358398438,0,0.0,0.0
2021-12-06 00:00:00-05:00,19.268417358398438,19.268417358398438,19.268417358398438,19.268417358398438,0,0.0,0.0
2021-12-07 00:00:00-05:00,19.40726089477539,19.40726089477539,19.40726089477539,19.40726089477539,500,0.0,0.0
2021-12-08 00:00:00-05:00,19.40726089477539,19.40726089477539,19.40726089477539,19.40726089477539,0,0.0,0.0
2021-12-09 00:00:00-05:00,19.40726089477539,19.40726089477539,19.40726089477539,19.40726089477539,0,0.0,0.0
2021-12-10 00:00:00-05:00,19.40726089477539,19.40726089477539,19.40726089477539,19.40726089477539,0,0.0,0.0
2021-12-13 00:00:00-05:00,19.41870880126953,19.41870880126953,19.41870880126953,19.41870880126953,0,0.014,0.0
2021-12-14 00:00:00-05:00,19.45957246353432,19.45957246353432,19.41870880126953,19.41870880126953,300,0.0,0.0
2021-12-15 00:00:00-05:00,19.557651031428787,19.557651031428787,19.279773712158203,19.279773712158203,400,0.0,0.0
2021-12-16 00:00:00-05:00,19.279773712158203,19.279773712158203,19.279773712158203,19.279773712158203,0,0.0,0.0
2021-12-17 00:00:00-05:00,19.328812166714947,19.328812166714947,19.30429458618164,19.30429458618164,1100,0.0,0.0
2021-12-20 00:00:00-05:00,19.30429458618164,19.30429458618164,19.30429458618164,19.30429458618164,0,0.0,0.0
2021-12-21 00:00:00-05:00,19.30429458618164,19.30429458618164,19.30429458618164,19.30429458618164,0,0.0,0.0
2021-12-22 00:00:00-05:00,19.30429458618164,19.30429458618164,19.30429458618164,19.30429458618164,0,0.0,0.0
2021-12-23 00:00:00-05:00,19.557639571049148,19.590330175946026,19.557639571049148,19.582157135009766,1700,0.0,0.0
2021-12-27 00:00:00-05:00,19.582157135009766,19.582157135009766,19.582157135009766,19.582157135009766,0,0.0,0.0
2021-12-28 00:00:00-05:00,19.582157135009766,19.582157135009766,19.582157135009766,19.582157135009766,0,0.0,0.0
2021-12-29 00:00:00-05:00,19.582157135009766,19.582157135009766,19.582157135009766,19.582157135009766,0,0.0,0.0
2021-12-30 00:00:00-05:00,19.582157135009766,19.582157135009766,19.582157135009766,19.582157135009766,0,0.0,0.0
2021-12-31 00:00:00-05:00,19.582157135009766,19.582157135009766,19.582157135009766,19.582157135009766,0,0.0,0.0
2022-01-03 00:00:00-05:00,19.582157135009766,19.582157135009766,19.582157135009766,19.582157135009766,0,0.0,0.0
2022-01-04 00:00:00-05:00,19.369667053222656,19.394184620660553,19.369667053222656,19.369667053222656,1400,0.0,0.0
2022-01-05 00:00:00-05:00,19.369667053222656,19.369667053222656,19.369667053222656,19.369667053222656,0,0.0,0.0
2022-01-06 00:00:00-05:00,19.369667053222656,19.369667053222656,19.369667053222656,19.369667053222656,0,0.0,0.0
2022-01-07 00:00:00-05:00,19.369667053222656,19.369667053222656,19.369667053222656,19.369667053222656,200,0.0,0.0
2022-01-10 00:00:00-05:00,19.27976720899553,19.345149993896484,19.27976720899553,19.345149993896484,1600,0.0,0.0
2022-01-11 00:00:00-05:00,19.345149993896484,19.345149993896484,19.345149993896484,19.345149993896484,0,0.0,0.0
2022-01-12 00:00:00-05:00,19.304292849334697,19.304292849334697,19.279773712158203,19.279773712158203,800,0.0,0.0
2022-01-13 00:00:00-05:00,19.292036056518555,19.292036056518555,19.292036056518555,19.292036056518555,0,0.015,0.0
2022-01-14 00:00:00-05:00,19.292036056518555,19.292036056518555,19.292036056518555,19.292036056518555,0,0.0,0.0
2022-01-18 00:00:00-05:00,19.349282204367604,19.349282204367604,19.292036056518555,19.292036056518555,400,0.0,0.0
2022-01-19 00:00:00-05:00,19.316570281982422,19.316570281982422,19.316570281982422,19.316570281982422,500,0.0,0.0
2022-01-20 00:00:00-05:00,19.610975734168473,19.61915397644043,19.610975734168473,19.61915397644043,500,0.0,0.0
2022-01-21 00:00:00-05:00,19.61915397644043,19.61915397644043,19.61915397644043,19.61915397644043,0,0.0,0.0
2022-01-24 00:00:00-05:00,19.61915397644043,19.61915397644043,19.61915397644043,19.61915397644043,0,0.0,0.0
2022-01-25 00:00:00-05:00,19.61915397644043,19.61915397644043,19.61915397644043,19.61915397644043,0,0.0,0.0
2022-01-26 00:00:00-05:00,19.471951092429663,19.627334594726562,19.471951092429663,19.627334594726562,1000,0.0,0.0
2022-01-27 00:00:00-05:00,19.33292520962443,19.341103453365687,19.316570281982422,19.316570281982422,2000,0.0,0.0
2022-01-28 00:00:00-05:00,19.373810284242964,19.381988525390625,19.373810284242964,19.381988525390625,600,0.0,0.0
2022-01-31 00:00:00-05:00,19.381988525390625,19.381988525390625,19.381988525390625,19.381988525390625,0,0.0,0.0
2022-02-01 00:00:00-05:00,19.381994753299242,19.381994753299242,19.357460021972656,19.357460021972656,400,0.0,0.0
2022-02-02 00:00:00-05:00,19.357460021972656,19.357460021972656,19.357460021972656,19.357460021972656,0,0.0,0.0
2022-02-03 00:00:00-05:00,19.357460021972656,19.357460021972656,19.357460021972656,19.357460021972656,0,0.0,0.0
2022-02-04 00:00:00-05:00,19.357460021972656,19.357460021972656,19.357460021972656,19.357460021972656,0,0.0,0.0
2022-02-07 00:00:00-05:00,19.357460021972656,19.357460021972656,19.357460021972656,19.357460021972656,0,0.0,0.0
2022-02-08 00:00:00-05:00,19.357460021972656,19.357460021972656,19.357460021972656,19.357460021972656,0,0.0,0.0
2022-02-09 00:00:00-05:00,19.357460021972656,19.357460021972656,19.357460021972656,19.357460021972656,0,0.0,0.0
2022-02-10 00:00:00-05:00,19.357460021972656,19.357460021972656,19.357460021972656,19.357460021972656,0,0.0,0.0
2022-02-11 00:00:00-05:00,19.3533727641715,19.386106491088867,19.3533727641715,19.386106491088867,800,0.015,0.0
2022-02-14 00:00:00-05:00,19.386106491088867,19.386106491088867,19.386106491088867,19.386106491088867,0,0.0,0.0
2022-02-15 00:00:00-05:00,19.459755815822938,19.459755815822938,19.386106491088867,19.386106491088867,600,0.0,0.0
2022-02-16 00:00:00-05:00,19.386106491088867,19.386106491088867,19.386106491088867,19.386106491088867,0,0.0,0.0
2022-02-17 00:00:00-05:00,19.30426788330078,19.30426788330078,19.30426788330078,19.30426788330078,200,0.0,0.0
2022-02-18 00:00:00-05:00,19.30426788330078,19.30426788330078,19.30426788330078,19.30426788330078,0,0.0,0.0
2022-02-22 00:00:00-05:00,19.30426788330078,19.30426788330078,19.30426788330078,19.30426788330078,0,0.0,0.0
2022-02-23 00:00:00-05:00,19.312448501586914,19.312448501586914,19.312448501586914,19.312448501586914,200,0.0,0.0
2022-02-24 00:00:00-05:00,19.459749917370036,19.459749917370036,19.23880201013944,19.30426788330078,2600,0.0,0.0
2022-02-25 00:00:00-05:00,19.30426788330078,19.30426788330078,19.30426788330078,19.30426788330078,0,0.0,0.0
2022-02-28 00:00:00-05:00,19.30426788330078,19.30426788330078,19.30426788330078,19.30426788330078,0,0.0,0.0
2022-03-01 00:00:00-05:00,19.30426788330078,19.30426788330078,19.30426788330078,19.30426788330078,0,0.0,0.0
2022-03-02 00:00:00-05:00,19.30426788330078,19.30426788330078,19.30426788330078,19.30426788330078,0,0.0,0.0
2022-03-03 00:00:00-05:00,19.287904725205422,19.402469635009766,19.287904725205422,19.402469635009766,3400,0.0,0.0
2022-03-04 00:00:00-05:00,19.402469635009766,19.402469635009766,19.402469635009766,19.402469635009766,0,0.0,0.0
2022-03-07 00:00:00-05:00,19.459753706624728,19.459753706624728,19.353370666503906,19.353370666503906,200,0.0,0.0
2022-03-08 00:00:00-05:00,19.296085357666016,19.296085357666016,19.296085357666016,19.296085357666016,100,0.0,0.0
2022-03-09 00:00:00-05:00,19.287904739379883,19.296088170204754,19.287904739379883,19.287904739379883,2000,0.0,0.0
2022-03-10 00:00:00-05:00,19.287904739379883,19.287904739379883,19.287904739379883,19.287904739379883,0,0.0,0.0
2022-03-11 00:00:00-05:00,19.30510139465332,19.30510139465332,19.30510139465332,19.30510139465332,0,0.021,0.0
2022-03-14 00:00:00-04:00,19.23958160359443,19.575393676757812,19.23958160359443,19.575393676757812,300,0.0,0.0
2022-03-15 00:00:00-04:00,19.616342544555664,19.616342544555664,19.616342544555664,19.616342544555664,100,0.0,0.0
2022-03-16 00:00:00-04:00,19.616342544555664,19.616342544555664,19.616342544555664,19.616342544555664,0,0.0,0.0
2022-03-17 00:00:00-04:00,19.591770363884972,19.616342544555664,19.58357963699474,19.616342544555664,1000,0.0,0.0
2022-03-18 00:00:00-04:00,19.616342544555664,19.616342544555664,19.616342544555664,19.616342544555664,0,0.0,0.0
2022-03-21 00:00:00-04:00,19.616342544555664,19.616342544555664,19.616342544555664,19.616342544555664,0,0.0,0.0
2022-03-22 00:00:00-04:00,19.616342544555664,19.616342544555664,19.616342544555664,19.616342544555664,0,0.0,0.0
2022-03-23 00:00:00-04:00,19.616342544555664,19.616342544555664,19.616342544555664,19.616342544555664,0,0.0,0.0
2022-03-24 00:00:00-04:00,19.40338706970215,19.40338706970215,19.40338706970215,19.40338706970215,100,0.0,0.0
2022-03-25 00:00:00-04:00,19.3951963433448,19.40338706970215,19.3951963433448,19.40338706970215,1700,0.0,0.0
2022-03-28 00:00:00-04:00,19.40338706970215,19.40338706970215,19.40338706970215,19.40338706970215,0,0.0,0.0
2022-03-29 00:00:00-04:00,19.40338706970215,19.40338706970215,19.40338706970215,19.40338706970215,0,0.0,0.0
2022-03-30 00:00:00-04:00,19.23957633972168,19.23957633972168,19.23957633972168,19.23957633972168,100,0.0,0.0
2022-03-31 00:00:00-04:00,19.329669952392578,19.329669952392578,19.329669952392578,19.329669952392578,100,0.0,0.0
2022-04-01 00:00:00-04:00,19.4361515045166,19.4361515045166,19.4361515045166,19.4361515045166,300,0.0,0.0
2022-04-04 00:00:00-04:00,19.4361515045166,19.4361515045166,19.4361515045166,19.4361515045166,0,0.0,0.0
2022-04-05 00:00:00-04:00,19.280533409988628,19.280533409988628,19.264151953780903,19.272342681884766,500,0.0,0.0
2022-04-06 00:00:00-04:00,19.468909076515363,19.48529052734375,19.468909076515363,19.48529052734375,300,0.0,0.0
2022-04-07 00:00:00-04:00,19.567196086732544,19.591768264770508,19.567196086732544,19.591768264770508,400,0.0,0.0
2022-04-08 00:00:00-04:00,19.591768264770508,19.591768264770508,19.591768264770508,19.591768264770508,0,0.0,0.0
2022-04-11 00:00:00-04:00,19.591768264770508,19.591768264770508,19.591768264770508,19.591768264770508,0,0.0,0.0
2022-04-12 00:00:00-04:00,19.591768264770508,19.591768264770508,19.591768264770508,19.591768264770508,0,0.0,0.0
2022-04-13 00:00:00-04:00,19.614728927612305,19.614728927612305,19.614728927612305,19.614728927612305,0,0.028,0.0
2022-04-14 00:00:00-04:00,19.442523009137577,19.590125717284614,19.270320892333984,19.270320892333984,1500,0.0,0.0
2022-04-18 00:00:00-04:00,19.442533202515225,19.442533202515225,19.42613410949707,19.42613410949707,400,0.0,0.0
2022-04-19 00:00:00-04:00,19.42613410949707,19.42613410949707,19.42613410949707,19.42613410949707,0,0.0,0.0
2022-04-20 00:00:00-04:00,19.43432424895334,19.43432424895334,19.270320892333984,19.270320892333984,400,0.0,0.0
2022-04-21 00:00:00-04:00,19.270320892333984,19.270320892333984,19.270320892333984,19.270320892333984,0,0.0,0.0
2022-04-22 00:00:00-04:00,19.475324630737305,19.475324630737305,19.475324630737305,19.475324630737305,200,0.0,0.0
2022-04-25 00:00:00-04:00,19.311323165893555,19.311323165893555,19.311323165893555,19.311323165893555,1000,0.0,0.0
2022-04-26 00:00:00-04:00,19.28672154517809,19.28672154517809,19.155519485473633,19.155519485473633,3100,0.0,0.0
2022-04-27 00:00:00-04:00,19.18832778930664,19.18832778930664,19.18832778930664,19.18832778930664,1800,0.0,0.0
2022-04-28 00:00:00-04:00,19.18832778930664,19.18832778930664,19.18832778930664,19.18832778930664,0,0.0,0.0
2022-04-29 00:00:00-04:00,19.18832778930664,19.18832778930664,19.18832778930664,19.18832778930664,0,0.0,0.0
2022-05-02 00:00:00-04:00,19.352322570643665,19.43432424895334,19.270320892333984,19.270320892333984,1300,0.0,0.0
2022-05-03 00:00:00-04:00,19.270320892333984,19.270320892333984,19.270320892333984,19.270320892333984,0,0.0,0.0
2022-05-04 00:00:00-04:00,19.270320892333984,19.270320892333984,19.270320892333984,19.270320892333984,0,0.0,0.0
2022-05-05 00:00:00-04:00,19.270320892333984,19.270320892333984,19.270320892333984,19.270320892333984,0,0.0,0.0
2022-05-06 00:00:00-04:00,19.196521759033203,19.196521759033203,19.196521759033203,19.196521759033203,200,0.0,0.0
2022-05-09 00:00:00-04:00,19.163723946266586,19.196523686246675,19.032520294189453,19.032520294189453,3300,0.0,0.0
2022-05-10 00:00:00-04:00,19.196521759033203,19.196521759033203,19.196521759033203,19.196521759033203,300,0.0,0.0
2022-05-11 00:00:00-04:00,19.032520294189453,19.032520294189453,19.032520294189453,19.032520294189453,600,0.0,0.0
2022-05-12 00:00:00-04:00,19.058799743652344,19.058799743652344,19.058799743652344,19.058799743652344,0,0.032,0.0
2022-05-13 00:00:00-04:00,19.058799743652344,19.058799743652344,19.058799743652344,19.058799743652344,700,0.0,0.0
2022-05-16 00:00:00-04:00,19.116273880004883,19.116273880004883,19.116273880004883,19.116273880004883,100,0.0,0.0
2022-05-17 00:00:00-04:00,19.058790766181637,19.058790766181637,18.96846580505371,18.96846580505371,1200,0.0,0.0
2022-05-18 00:00:00-04:00,18.927413554750633,19.132700042616523,18.927413554750633,19.050586700439453,7700,0.0,0.0
2022-05-19 00:00:00-04:00,19.09163734565442,19.14090564865248,18.96846580505371,18.96846580505371,5600,0.0,0.0
2022-05-20 00:00:00-04:00,19.108068466186523,19.108068466186523,19.108068466186523,19.108068466186523,200,0.0,0.0
2022-05-23 00:00:00-04:00,19.108068466186523,19.108068466186523,19.108068466186523,19.108068466186523,0,0.0,0.0
2022-05-24 00:00:00-04:00,19.108061279148135,19.108061279148135,18.92740821838379,18.92740821838379,900,0.0,0.0
2022-05-25 00:00:00-04:00,19.173763275146484,19.173763275146484,19.173763275146484,19.173763275146484,400,0.0,0.0
2022-05-26 00:00:00-04:00,19.00953483581543,19.00953483581543,19.00953483581543,19.00953483581543,700,0.0,0.0
2022-05-27 00:00:00-04:00,19.00953483581543,19.00953483581543,19.00953483581543,19.00953483581543,0,0.0,0.0
2022-05-31 00:00:00-04:00,19.05058349389106,19.05058349389106,18.984891891479492,18.984891891479492,2500,0.0,0.0
2022-06-01 00:00:00-04:00,19.001313617423875,19.001313617423875,18.984891891479492,18.984891891479492,600,0.0,0.0
2022-06-02 00:00:00-04:00,19.15734072968723,19.24766731262207,19.15734072968723,19.24766731262207,500,0.0,0.0
2022-06-03 00:00:00-04:00,19.24766731262207,19.24766731262207,19.24766731262207,19.24766731262207,0,0.0,0.0
2022-06-06 00:00:00-04:00,19.24766731262207,19.24766731262207,19.24766731262207,19.24766731262207,0,0.0,0.0
2022-06-07 00:00:00-04:00,19.24766731262207,19.24766731262207,19.24766731262207,19.24766731262207,0,0.0,0.0
2022-06-08 00:00:00-04:00,19.24766731262207,19.24766731262207,19.24766731262207,19.24766731262207,0,0.0,0.0
2022-06-09 00:00:00-04:00,18.984894342492158,19.00131607055664,18.984894342492158,19.00131607055664,200,0.0,0.0
2022-06-10 00:00:00-04:00,19.00131607055664,19.00131607055664,19.00131607055664,19.00131607055664,0,0.0,0.0
2022-06-13 00:00:00-04:00,19.22340704633517,19.22340704633517,19.08357048034668,19.08357048034668,4600,0.04,0.0
2022-06-14 00:00:00-04:00,19.05889129638672,19.05889129638672,19.05889129638672,19.05889129638672,4000,0.0,0.0
2022-06-15 00:00:00-04:00,19.198729005132215,19.198729005132215,19.141149520874023,19.141149520874023,1100,0.0,0.0
2022-06-16 00:00:00-04:00,19.050668716430664,19.050668716430664,19.050668716430664,19.050668716430664,300,0.0,0.0
2022-06-17 00:00:00-04:00,18.9190673828125,18.9190673828125,18.9190673828125,18.9190673828125,100,0.0,0.0
2022-06-21 00:00:00-04:00,18.919065003963517,18.97664451599121,18.919065003963517,18.97664451599121,1100,0.0,0.0
2022-06-22 00:00:00-04:00,19.00131607055664,19.00131607055664,19.00131607055664,19.00131607055664,200,0.0,0.0
2022-06-23 00:00:00-04:00,19.001318967156937,19.001318967156937,18.943739464689674,18.95196533203125,1300,0.0,0.0
2022-06-24 00:00:00-04:00,18.935513002242356,19.04244613647461,18.935513002242356,19.04244613647461,2600,0.0,0.0
2022-06-27 00:00:00-04:00,19.04244613647461,19.04244613647461,19.04244613647461,19.04244613647461,0,0.0,0.0
2022-06-28 00:00:00-04:00,19.04244613647461,19.04244613647461,19.04244613647461,19.04244613647461,0,0.0,0.0
2022-06-29 00:00:00-04:00,19.04244613647461,19.04244613647461,19.04244613647461,19.04244613647461,0,0.0,0.0
2022-06-30 00:00:00-04:00,19.264541098943454,19.264541098943454,19.256315231323242,19.256315231323242,400,0.0,0.0
2022-07-01 00:00:00-04:00,19.256315231323242,19.256315231323242,19.256315231323242,19.256315231323242,0,0.0,0.0
2022-07-05 00:00:00-04:00,19.100027084350586,19.100027084350586,19.100027084350586,19.100027084350586,200,0.0,0.0
2022-07-06 00:00:00-04:00,18.968412399291992,18.968412399291992,18.968412399291992,18.968412399291992,100,0.0,0.0
2022-07-07 00:00:00-04:00,18.968412399291992,18.968412399291992,18.968412399291992,18.968412399291992,0,0.0,0.0
2022-07-08 00:00:00-04:00,18.968412399291992,18.968412399291992,18.968412399291992,18.968412399291992,0,0.0,0.0
2022-07-11 00:00:00-04:00,18.968412399291992,18.968412399291992,18.968412399291992,18.968412399291992,0,0.0,0.0
2022-07-12 00:00:00-04:00,18.968412399291992,18.968412399291992,18.968412399291992,18.968412399291992,0,0.0,0.0
2022-07-13 00:00:00-04:00,19.0829953483022,19.330292131783064,18.967591126036563,19.12421226501465,1500,0.049,0.0
2022-07-14 00:00:00-04:00,19.115961822699905,19.173663912525008,19.115961822699905,19.165420532226562,10000,0.0,0.0
2022-07-15 00:00:00-04:00,19.264345169067383,19.264345169067383,19.264345169067383,19.264345169067383,100,0.0,0.0
2022-07-18 00:00:00-04:00,19.264344737578643,19.264344737578643,19.140695571899414,19.140695571899414,300,0.0,0.0
2022-07-19 00:00:00-04:00,19.231376823803252,19.239620208740234,19.231376823803252,19.239620208740234,300,0.0,0.0
2022-07-20 00:00:00-04:00,19.239620208740234,19.239620208740234,19.239620208740234,19.239620208740234,0,0.0,0.0
2022-07-21 00:00:00-04:00,19.239620208740234,19.239620208740234,19.239620208740234,19.239620208740234,0,0.0,0.0
2022-07-22 00:00:00-04:00,19.239620208740234,19.239620208740234,19.239620208740234,19.239620208740234,0,0.0,0.0
2022-07-25 00:00:00-04:00,19.239620208740234,19.239620208740234,19.239620208740234,19.239620208740234,0,0.0,0.0
2022-07-26 00:00:00-04:00,19.28907485223286,19.371507111842554,19.280831469045435,19.346776962280273,2100,0.0,0.0
2022-07-27 00:00:00-04:00,19.37150746720095,19.37150746720095,19.363264083862305,19.363264083862305,500,0.0,0.0
2022-07-28 00:00:00-04:00,19.363264083862305,19.363264083862305,19.363264083862305,19.363264083862305,0,0.0,0.0
2022-07-29 00:00:00-04:00,19.363264083862305,19.363264083862305,19.363264083862305,19.363264083862305,0,0.0,0.0
2022-08-01 00:00:00-04:00,19.363264083862305,19.363264083862305,19.363264083862305,19.363264083862305,0,0.0,0.0
2022-08-02 00:00:00-04:00,19.371505737304688,19.371505737304688,19.371505737304688,19.371505737304688,2300,0.0,0.0
2022-08-03 00:00:00-04:00,19.371505737304688,19.371505737304688,19.371505737304688,19.371505737304688,0,0.0,0.0
2022-08-04 00:00:00-04:00,19.371505737304688,19.371505737304688,19.371505737304688,19.371505737304688,100,0.0,0.0
2022-08-05 00:00:00-04:00,19.371505737304688,19.371505737304688,19.371505737304688,19.371505737304688,0,0.0,0.0
2022-08-08 00:00:00-04:00,19.61880574612811,19.61880574612811,19.190160751342773,19.190160751342773,1300,0.0,0.0
2022-08-09 00:00:00-04:00,19.132453276162952,19.206642150878906,19.132453276162952,19.206642150878906,500,0.0,0.0
2022-08-10 00:00:00-04:00,19.206642150878906,19.206642150878906,19.206642150878906,19.206642150878906,0,0.0,0.0
2022-08-11 00:00:00-04:00,19.258710861206055,19.258710861206055,19.258710861206055,19.258710861206055,0,0.063,0.0
2022-08-12 00:00:00-04:00,19.465349751767985,19.465349751767985,19.424022674560547,19.424022674560547,500,0.0,0.0
2022-08-15 00:00:00-04:00,19.424022674560547,19.424022674560547,19.424022674560547,19.424022674560547,0,0.0,0.0
2022-08-16 00:00:00-04:00,19.424028333406504,19.424028333406504,19.28351402282715,19.28351402282715,2500,0.0,0.0
2022-08-17 00:00:00-04:00,19.30004664528796,19.54801234868102,19.30004664528796,19.506685256958008,3000,0.0,0.0
2022-08-18 00:00:00-04:00,19.53147402121605,19.605864021410987,19.38269559735311,19.424022674560547,4600,0.0,0.0
2022-08-19 00:00:00-04:00,19.424022674560547,19.424022674560547,19.424022674560547,19.424022674560547,0,0.0,0.0
2022-08-22 00:00:00-04:00,19.424022674560547,19.424022674560547,19.424022674560547,19.424022674560547,0,0.0,0.0
2022-08-23 00:00:00-04:00,19.465351104736328,19.465351104736328,19.465351104736328,19.465351104736328,500,0.0,0.0
2022-08-24 00:00:00-04:00,19.4570903903918,19.50668321056226,19.22565460205078,19.22565460205078,1900,0.0,0.0
2022-08-25 00:00:00-04:00,19.514950787330548,19.75465075457667,19.316577911376953,19.316577911376953,5300,0.0,0.0
2022-08-26 00:00:00-04:00,19.62240518704359,19.75465379134245,19.62240518704359,19.705060958862305,2900,0.0,0.0
2022-08-29 00:00:00-04:00,19.746379852294922,19.746379852294922,19.746379852294922,19.746379852294922,1800,0.0,0.0
2022-08-30 00:00:00-04:00,19.746379852294922,19.746379852294922,19.746379852294922,19.746379852294922,0,0.0,0.0
2022-08-31 00:00:00-04:00,19.746386289220563,19.75465202331543,19.746386289220563,19.75465202331543,1100,0.0,0.0
2022-09-01 00:00:00-04:00,19.630664825439453,19.630664825439453,19.630664825439453,19.630664825439453,200,0.0,0.0
2022-09-02 00:00:00-04:00,19.63066205207557,19.75464486552012,19.622396320975668,19.738113403320312,1500,0.0,0.0
2022-09-06 00:00:00-04:00,19.738113403320312,19.738113403320312,19.738113403320312,19.738113403320312,0,0.0,0.0
2022-09-07 00:00:00-04:00,19.75465202331543,19.762917757410296,19.75465202331543,19.75465202331543,4700,0.0,0.0
2022-09-08 00:00:00-04:00,19.76291418299359,19.77944564819336,19.76291418299359,19.77944564819336,6400,0.0,0.0
2022-09-09 00:00:00-04:00,19.713319778442383,19.713319778442383,19.713319778442383,19.713319778442383,2300,0.0,0.0
2022-09-12 00:00:00-04:00,19.713319778442383,19.713319778442383,19.713319778442383,19.713319778442383,900,0.0,0.0
2022-09-13 00:00:00-04:00,19.772185922831298,19.83021724184466,19.639542456162225,19.6478328704834,3400,0.071,0.0
2022-09-14 00:00:00-04:00,19.77218246459961,19.77218246459961,19.77218246459961,19.77218246459961,600,0.0,0.0
2022-09-15 00:00:00-04:00,19.730731964111328,19.730731964111328,19.730731964111328,19.730731964111328,800,0.0,0.0
2022-09-16 00:00:00-04:00,19.730731001883125,19.838504791259766,19.730731001883125,19.838504791259766,2300,0.0,0.0
2022-09-19 00:00:00-04:00,19.838504791259766,19.838504791259766,19.54834665686024,19.838504791259766,2100,0.0,0.0
2022-09-20 00:00:00-04:00,19.680985138582944,19.730726023541653,19.50689125061035,19.50689125061035,1300,0.0,0.0
2022-09-21 00:00:00-04:00,19.6478328704834,19.6478328704834,19.6478328704834,19.6478328704834,500,0.0,0.0
2022-09-22 00:00:00-04:00,19.622957087519293,19.622957087519293,19.482023239135742,19.482023239135742,1000,0.0,0.0
2022-09-23 00:00:00-04:00,19.482027065399464,19.52347755432129,19.465446237336817,19.52347755432129,900,0.0,0.0
2022-09-26 00:00:00-04:00,19.40741124927656,19.622957229614258,19.40741124927656,19.622957229614258,600,0.0,0.0
2022-09-27 00:00:00-04:00,19.622957229614258,19.622957229614258,19.622957229614258,19.622957229614258,300,0.0,0.0
2022-09-28 00:00:00-04:00,19.622957229614258,19.622957229614258,19.622957229614258,19.622957229614258,0,0.0,0.0
2022-09-29 00:00:00-04:00,19.622957229614258,19.622957229614258,19.622957229614258,19.622957229614258,0,0.0,0.0
2022-09-30 00:00:00-04:00,19.482023239135742,19.482023239135742,19.482023239135742,19.482023239135742,400,0.0,0.0
2022-10-03 00:00:00-04:00,19.399118423461914,19.399118423461914,19.399118423461914,19.399118423461914,1300,0.0,0.0
2022-10-04 00:00:00-04:00,19.606376404688014,19.622957229614258,19.606376404688014,19.622957229614258,1200,0.0,0.0
2022-10-05 00:00:00-04:00,19.614667648492095,19.631248474121094,19.598086822863092,19.631248474121094,1400,0.0,0.0
2022-10-06 00:00:00-04:00,19.622957087519293,19.622957087519293,19.482023239135742,19.482023239135742,800,0.0,0.0
2022-10-07 00:00:00-04:00,19.606375572995972,19.614665985107422,19.457151317458774,19.614665985107422,2800,0.0,0.0
2022-10-10 00:00:00-04:00,19.614665985107422,19.614665985107422,19.614665985107422,19.614665985107422,400,0.0,0.0
2022-10-11 00:00:00-04:00,19.614665985107422,19.614665985107422,19.614665985107422,19.614665985107422,0,0.0,0.0
2022-10-12 00:00:00-04:00,19.589796897770114,19.598087310791016,19.589796897770114,19.598087310791016,1100,0.0,0.0
2022-10-13 00:00:00-04:00,19.613893508911133,19.613893508911133,19.613893508911133,19.613893508911133,600,0.079,0.0
2022-10-14 00:00:00-04:00,19.613893508911133,19.613893508911133,19.613893508911133,19.613893508911133,600,0.0,0.0
2022-10-17 00:00:00-04:00,19.622209548950195,19.622209548950195,19.622209548950195,19.622209548950195,2000,0.0,0.0
2022-10-18 00:00:00-04:00,19.622218259726893,19.63885468808614,19.539037704467773,19.539037704467773,4500,0.0,0.0
2022-10-19 00:00:00-04:00,19.43921714293356,19.50576125215453,19.38098965914559,19.42258071899414,7200,0.0,0.0
2022-10-20 00:00:00-04:00,19.489126730405623,19.522397994995117,19.489126730405623,19.522397994995117,5900,0.0,0.0
2022-10-21 00:00:00-04:00,19.439213604533986,19.514074325561523,19.439213604533986,19.514074325561523,900,0.0,0.0
2022-10-24 00:00:00-04:00,19.514074325561523,19.514074325561523,19.514074325561523,19.514074325561523,0,0.0,0.0
2022-10-25 00:00:00-04:00,19.5140830619289,19.539037704467773,19.489130005927155,19.539037704467773,4400,0.0,0.0
2022-10-26 00:00:00-04:00,19.539031718178446,19.54734992980957,19.514077083285073,19.54734992980957,2300,0.0,0.0
2022-10-27 00:00:00-04:00,19.54734992980957,19.54734992980957,19.54734992980957,19.54734992980957,3100,0.0,0.0
2022-10-28 00:00:00-04:00,19.54734809707559,19.755298608746607,19.54734809707559,19.70539093017578,4900,0.0,0.0
2022-10-31 00:00:00-04:00,19.755298614501953,19.755298614501953,19.755298614501953,19.755298614501953,500,0.0,0.0
2022-11-01 00:00:00-04:00,19.755300256099773,19.79688972728744,19.71371078491211,19.71371078491211,2800,0.0,0.0
2022-11-02 00:00:00-04:00,19.680437351921835,19.68875556321867,19.672119140625,19.672119140625,1000,0.0,0.0
2022-11-03 00:00:00-04:00,19.672119140625,19.672119140625,19.672119140625,19.672119140625,0,0.0,0.0
2022-11-04 00:00:00-04:00,19.74697892674715,19.74697892674715,19.530710220336914,19.530710220336914,1600,0.0,0.0
2022-11-07 00:00:00-05:00,19.713710786501736,19.76361846923828,19.67211972877409,19.76361846923828,3800,0.0,0.0
2022-11-08 00:00:00-05:00,19.613893508911133,19.613893508911133,19.613893508911133,19.613893508911133,200,0.0,0.0
2022-11-09 00:00:00-05:00,19.763617094109915,19.79688835144043,19.763617094109915,19.79688835144043,2800,0.0,0.0
2022-11-10 00:00:00-05:00,19.630528624770292,19.755298614501953,19.4808040024777,19.755298614501953,2800,0.0,0.0
2022-11-11 00:00:00-05:00,19.755298614501953,19.755298614501953,19.755298614501953,19.755298614501953,0,0.0,0.0
2022-11-14 00:00:00-05:00,19.755298614501953,19.755298614501953,19.755298614501953,19.755298614501953,0,0.0,0.0
2022-11-15 00:00:00-05:00,19.871749877929688,19.871749877929688,19.871749877929688,19.871749877929688,500,0.0,0.0
2022-11-16 00:00:00-05:00,19.871749877929688,19.871749877929688,19.871749877929688,19.871749877929688,0,0.0,0.0
2022-11-17 00:00:00-05:00,19.913343103984552,19.913343103984552,19.76361846923828,19.76361846923828,1300,0.0,0.0
2022-11-18 00:00:00-05:00,19.76361846923828,19.76361846923828,19.76361846923828,19.76361846923828,0,0.0,0.0
2022-11-21 00:00:00-05:00,19.605567932128906,19.605567932128906,19.605567932128906,19.605567932128906,100,0.0,0.0
2022-11-22 00:00:00-05:00,19.871749877929688,19.871749877929688,19.871749877929688,19.871749877929688,600,0.0,0.0
2022-11-23 00:00:00-05:00,19.746981455759933,19.746981455759933,19.630529670677408,19.672119140625,4800,0.0,0.0
2022-11-25 00:00:00-05:00,19.755295295691543,19.780249924060197,19.638843536376953,19.638843536376953,1900,0.0,0.0
2022-11-28 00:00:00-05:00,19.846793866410955,19.855112075805664,19.71370568916809,19.855112075805664,1400,0.0,0.0
2022-11-29 00:00:00-05:00,19.855112075805664,19.855112075805664,19.855112075805664,19.855112075805664,0,0.0,0.0
2022-11-30 00:00:00-05:00,19.855112075805664,19.855112075805664,19.855112075805664,19.855112075805664,1500,0.0,0.0
2022-12-01 00:00:00-05:00,19.563982009887695,19.563982009887695,19.563982009887695,19.563982009887695,1000,0.0,0.0
2022-12-02 00:00:00-05:00,19.688753128051758,19.688753128051758,19.688753128051758,19.688753128051758,200,0.0,0.0
2022-12-05 00:00:00-05:00,19.688753128051758,19.688753128051758,19.688753128051758,19.688753128051758,0,0.0,0.0
2022-12-06 00:00:00-05:00,19.58893542996948,19.813522338867188,19.56398238667173,19.813522338867188,1100,0.0,0.0
2022-12-07 00:00:00-05:00,19.813522338867188,19.813522338867188,19.813522338867188,19.813522338867188,800,0.0,0.0
2022-12-08 00:00:00-05:00,19.813522338867188,19.813522338867188,19.813522338867188,19.813522338867188,0,0.0,0.0
2022-12-09 00:00:00-05:00,19.813522338867188,19.813522338867188,19.813522338867188,19.813522338867188,400,0.0,0.0
2022-12-12 00:00:00-05:00,19.588937564795195,19.70539093017578,19.57230272962925,19.70539093017578,1000,0.0,0.0
2022-12-13 00:00:00-05:00,19.793956756591797,19.793956756591797,19.793956756591797,19.793956756591797,0,0.106,0.0
2022-12-14 00:00:00-05:00,19.910932621711396,19.944355010986328,19.910932621711396,19.944355010986328,900,0.0,0.0
2022-12-15 00:00:00-05:00,19.944355010986328,19.944355010986328,19.944355010986328,19.944355010986328,100,0.0,0.0
2022-12-16 00:00:00-05:00,19.944355010986328,19.944355010986328,19.944355010986328,19.944355010986328,0,0.0,0.0
2022-12-19 00:00:00-05:00,19.944355010986328,19.944355010986328,19.944355010986328,19.944355010986328,0,0.0,0.0
2022-12-20 00:00:00-05:00,19.944355010986328,19.944355010986328,19.944355010986328,19.944355010986328,0,0.0,0.0
2022-12-21 00:00:00-05:00,19.885862350463867,19.885862350463867,19.885862350463867,19.885862350463867,200,0.0,0.0
2022-12-22 00:00:00-05:00,19.885862350463867,19.885862350463867,19.885862350463867,19.885862350463867,0,0.0,0.0
2022-12-23 00:00:00-05:00,19.885862350463867,19.885862350463867,19.885862350463867,19.885862350463867,0,0.0,0.0
2022-12-27 00:00:00-05:00,19.885862350463867,19.885862350463867,19.885862350463867,19.885862350463867,0,0.0,0.0
2022-12-28 00:00:00-05:00,19.768887195802407,19.885862350463867,19.768887195802407,19.885862350463867,1100,0.0,0.0
2022-12-29 00:00:00-05:00,19.885862350463867,19.885862350463867,19.885862350463867,19.885862350463867,200,0.0,0.0
2022-12-30 00:00:00-05:00,19.885862350463867,19.885862350463867,19.885862350463867,19.885862350463867,0,0.0,0.0
2023-01-03 00:00:00-05:00,19.860797882080078,19.860797882080078,19.860797882080078,19.860797882080078,200,0.0,0.0
2023-01-04 00:00:00-05:00,19.85245132446289,19.860806924429124,19.85245132446289,19.85245132446289,1100,0.0,0.0
2023-01-05 00:00:00-05:00,19.710402149652698,19.852444110125415,19.710402149652698,19.827377319335938,1200,0.0,0.0
2023-01-06 00:00:00-05:00,19.827377319335938,19.827377319335938,19.827377319335938,19.827377319335938,0,0.0,0.0
2023-01-09 00:00:00-05:00,19.827377319335938,19.827377319335938,19.827377319335938,19.827377319335938,0,0.0,0.0
2023-01-10 00:00:00-05:00,19.827377319335938,19.827377319335938,19.827377319335938,19.827377319335938,0,0.0,0.0
2023-01-11 00:00:00-05:00,19.85244142105822,19.95270538330078,19.85244142105822,19.95270538330078,1700,0.0,0.0
2023-01-12 00:00:00-05:00,20.036649703979492,20.036649703979492,20.036649703979492,20.036649703979492,600,0.11,0.0
2023-01-13 00:00:00-05:00,19.994678497314453,19.994678497314453,19.994678497314453,19.994678497314453,2600,0.0,0.0
2023-01-17 00:00:00-05:00,19.75964513341464,19.768037796020508,19.742856606118732,19.768037796020508,1000,0.0,0.0
2023-01-18 00:00:00-05:00,19.768037796020508,19.768037796020508,19.768037796020508,19.768037796020508,0,0.0,0.0
2023-01-19 00:00:00-05:00,20.028257369995117,20.028257369995117,20.019863105423415,20.028257369995117,800,0.0,0.0
2023-01-20 00:00:00-05:00,20.036649703979492,20.036649703979492,20.036649703979492,20.036649703979492,400,0.0,0.0
2023-01-23 00:00:00-05:00,20.036649703979492,20.036649703979492,20.036649703979492,20.036649703979492,600,0.0,0.0
2023-01-24 00:00:00-05:00,20.036649375380723,20.045042037963867,20.036649375380723,20.045042037963867,1100,0.0,0.0
2023-01-25 00:00:00-05:00,20.045042037963867,20.045042037963867,20.045042037963867,20.045042037963867,0,0.0,0.0
2023-01-26 00:00:00-05:00,20.045042037963867,20.045042037963867,20.045042037963867,20.045042037963867,0,0.0,0.0
2023-01-27 00:00:00-05:00,20.045042037963867,20.045042037963867,20.045042037963867,20.045042037963867,800,0.0,0.0
2023-01-30 00:00:00-05:00,20.045041446335357,20.045041446335357,19.893949508666992,19.893949508666992,300,0.0,0.0
2023-01-31 00:00:00-05:00,20.045042037963867,20.045042037963867,20.045042037963867,20.045042037963867,600,0.0,0.0
2023-02-01 00:00:00-05:00,20.12058448791504,20.12058448791504,20.12058448791504,20.12058448791504,1200,0.0,0.0
2023-02-02 00:00:00-05:00,20.12058448791504,20.12058448791504,20.12058448791504,20.12058448791504,1900,0.0,0.0
2023-02-03 00:00:00-05:00,20.12058823645293,20.145771026611328,19.935919245084126,20.145771026611328,1200,0.0,0.0
2023-02-06 00:00:00-05:00,20.128978729248047,20.128978729248047,20.128978729248047,20.128978729248047,100,0.0,0.0
2023-02-07 00:00:00-05:00,20.128978729248047,20.128978729248047,20.128978729248047,20.128978729248047,0,0.0,0.0
2023-02-08 00:00:00-05:00,20.128978729248047,20.128978729248047,20.128978729248047,20.128978729248047,700,0.0,0.0
2023-02-09 00:00:00-05:00,20.12898249983906,20.145771026611328,20.12898249983906,20.145771026611328,1400,0.0,0.0
2023-02-10 00:00:00-05:00,20.019861221313477,20.019861221313477,20.019861221313477,20.019861221313477,100,0.0,0.0
2023-02-13 00:00:00-05:00,19.994678497314453,19.994678497314453,19.994678497314453,19.994678497314453,300,0.0,0.0
2023-02-14 00:00:00-05:00,19.826797023148476,20.145771026611328,19.810008496376213,20.145771026611328,2300,0.0,0.0
2023-02-15 00:00:00-05:00,20.112197805019143,20.145774864961066,20.112197805019143,20.137380599975586,500,0.0,0.0
2023-02-16 00:00:00-05:00,20.137380599975586,20.137380599975586,20.137380599975586,20.137380599975586,0,0.0,0.0
2023-02-17 00:00:00-05:00,19.810009002685547,19.810009002685547,19.810009002685547,19.810009002685547,500,0.0,0.0
2023-02-21 00:00:00-05:00,19.977888960972752,20.187740742499955,19.977888960972752,20.145771026611328,1100,0.0,0.0
2023-02-22 00:00:00-05:00,20.229711532592773,20.229711532592773,20.229711532592773,20.229711532592773,300,0.0,0.0
2023-02-23 00:00:00-05:00,20.229721997595806,20.347238540649414,20.229721997595806,20.347238540649414,900,0.0,0.0
2023-02-24 00:00:00-05:00,20.347234273147734,20.397598266601562,20.347234273147734,20.397598266601562,900,0.0,0.0
2023-02-27 00:00:00-05:00,20.33044134138539,20.506717681884766,20.33044134138539,20.506717681884766,4200,0.0,0.0
2023-02-28 00:00:00-05:00,21.195036264864566,21.195036264864566,20.372417419824973,20.6158447265625,3700,0.0,0.0
2023-03-01 00:00:00-05:00,20.649417992279655,20.73335903473229,20.607446670532227,20.607446670532227,1300,0.0,0.0
2023-03-02 00:00:00-05:00,20.64941553182658,20.64941553182658,20.439563751220703,20.439563751220703,3000,0.0,0.0
2023-03-03 00:00:00-05:00,20.439567589510578,20.439567589510578,20.40599052980812,20.43117332458496,1300,0.0,0.0
2023-03-06 00:00:00-05:00,20.313655946201365,20.397595389771627,20.280078887939453,20.280078887939453,2300,0.0,0.0
2023-03-07 00:00:00-05:00,20.221320637023368,20.280078887939453,20.221320637023368,20.280078887939453,400,0.0,0.0
2023-03-08 00:00:00-05:00,20.280078887939453,20.280078887939453,20.162562386107282,20.280078887939453,1700,0.0,0.0
2023-03-09 00:00:00-05:00,20.280079758008565,20.43117332458496,20.280079758008565,20.43117332458496,1200,0.0,0.0
2023-03-10 00:00:00-05:00,20.43117332458496,20.43117332458496,20.43117332458496,20.43117332458496,0,0.0,0.0
2023-03-13 00:00:00-04:00,20.525618959790723,20.525618959790723,20.255767202928148,20.508752822875977,2300,0.112,0.0
2023-03-14 00:00:00-04:00,20.525627371142974,20.525627371142974,20.365402221679688,20.365402221679688,1000,0.0,0.0
2023-03-15 00:00:00-04:00,20.365402221679688,20.365402221679688,20.365402221679688,20.365402221679688,1600,0.0,0.0
2023-03-16 00:00:00-04:00,20.365402221679688,20.365402221679688,20.365402221679688,20.365402221679688,700,0.0,0.0
2023-03-17 00:00:00-04:00,19.98592363624854,20.365402221679688,19.98592363624854,20.365402221679688,2100,0.0,0.0
2023-03-20 00:00:00-04:00,19.985916137695312,19.985916137695312,19.985916137695312,19.985916137695312,400,0.0,0.0
2023-03-21 00:00:00-04:00,20.365402221679688,20.365402221679688,20.365402221679688,20.365402221679688,300,0.0,0.0
2023-03-22 00:00:00-04:00,20.525618959790723,20.534052028248098,20.365393875987316,20.508752822875977,1800,0.0,0.0
2023-03-23 00:00:00-04:00,20.753307342529297,20.753307342529297,20.500320109753066,20.753307342529297,1900,0.0,0.0
2023-03-24 00:00:00-04:00,20.7533068128666,20.7533068128666,20.41599051110723,20.668977737426758,3600,0.0,0.0
2023-03-27 00:00:00-04:00,20.753306114979733,20.753306114979733,20.744873046875,20.744873046875,2100,0.0,0.0
2023-03-28 00:00:00-04:00,20.74487754319915,20.74487754319915,20.618384711098177,20.7364444732666,1400,0.0,0.0
2023-03-29 00:00:00-04:00,20.7364444732666,20.7364444732666,20.7364444732666,20.7364444732666,0,0.0,0.0
2023-03-30 00:00:00-04:00,20.643686834955588,20.660552978515625,20.449731009347097,20.660552978515625,1200,0.0,0.0
2023-03-31 00:00:00-04:00,20.61838922805951,20.660552978515625,20.61838922805951,20.660552978515625,500,0.0,0.0
2023-04-03 00:00:00-04:00,20.660552978515625,20.660552978515625,20.660552978515625,20.660552978515625,0,0.0,0.0
2023-04-04 00:00:00-04:00,20.618378485017164,20.652109146118164,20.618378485017164,20.652109146118164,800,0.0,0.0
2023-04-05 00:00:00-04:00,20.652112127730128,20.753307342529297,20.643679059126583,20.753307342529297,900,0.0,0.0
2023-04-06 00:00:00-04:00,20.601514237277264,20.719573974609375,20.550917436769687,20.719573974609375,1300,0.0,0.0
2023-04-10 00:00:00-04:00,20.517186379146896,20.728008270263672,20.491887173173264,20.728008270263672,1900,0.0,0.0
2023-04-11 00:00:00-04:00,20.694278440539744,20.73644217709001,20.60994935899577,20.626813888549805,2800,0.0,0.0
2023-04-12 00:00:00-04:00,20.626813888549805,20.626813888549805,20.626813888549805,20.626813888549805,1000,0.0,0.0
2023-04-13 00:00:00-04:00,20.54378923572221,20.814882278442383,20.41671457392738,20.814882278442383,1200,0.112,0.0
2023-04-14 00:00:00-04:00,20.797943115234375,20.797943115234375,20.797943115234375,20.797943115234375,900,0.0,0.0
2023-04-17 00:00:00-04:00,20.80641655333219,20.84877586364746,20.755586996796335,20.84877586364746,2800,0.0,0.0
2023-04-18 00:00:00-04:00,20.840304748108714,20.840304748108714,20.713230044295877,20.831832885742188,3600,0.0,0.0
2023-04-19 00:00:00-04:00,20.84029769897461,20.84029769897461,20.84029769897461,20.84029769897461,1200,0.0,0.0
2023-04-20 00:00:00-04:00,20.7979435710286,20.7979435710286,20.755585878837312,20.77252960205078,1500,0.0,0.0
2023-04-21 00:00:00-04:00,20.84029769897461,20.84029769897461,20.84029769897461,20.84029769897461,1600,0.0,0.0
2023-04-24 00:00:00-04:00,20.84029769897461,20.84029769897461,20.84029769897461,20.84029769897461,1100,0.0,0.0
2023-04-25 00:00:00-04:00,20.77252960205078,20.77252960205078,20.687812601825826,20.77252960205078,900,0.0,0.0
2023-04-26 00:00:00-04:00,20.75558853149414,20.75558853149414,20.75558853149414,20.75558853149414,1000,0.0,0.0
2023-04-27 00:00:00-04:00,20.840299636157486,20.840299636157486,20.78099822998047,20.78099822998047,1000,0.0,0.0
2023-04-28 00:00:00-04:00,20.780995312340732,20.780995312340732,20.738636016845703,20.738636016845703,1200,0.0,0.0
2023-05-01 00:00:00-04:00,20.738636016845703,20.738636016845703,20.738636016845703,20.738636016845703,1400,0.0,0.0
2023-05-02 00:00:00-04:00,20.73864037930616,20.806413650512695,20.73864037930616,20.806413650512695,1500,0.0,0.0
2023-05-03 00:00:00-04:00,20.755577255555096,20.755577255555096,20.213391264724226,20.670860290527344,1000,0.0,0.0
2023-05-04 00:00:00-04:00,20.670860290527344,20.670860290527344,20.670860290527344,20.670860290527344,0,0.0,0.0
2023-05-05 00:00:00-04:00,20.670860290527344,20.670860290527344,20.670860290527344,20.670860290527344,0,0.0,0.0
2023-05-08 00:00:00-04:00,20.670860290527344,20.670860290527344,20.670860290527344,20.670860290527344,0,0.0,0.0
2023-05-09 00:00:00-04:00,20.670860290527344,20.670860290527344,20.670860290527344,20.670860290527344,0,0.0,0.0
2023-05-10 00:00:00-04:00,20.84029769897461,20.84029769897461,20.84029769897461,20.84029769897461,2200,0.0,0.0
2023-05-11 00:00:00-04:00,20.84029769897461,20.84029769897461,20.83182583947365,20.84029769897461,1400,0.0,0.0
2023-05-12 00:00:00-04:00,20.84029769897461,20.84029769897461,20.84029769897461,20.84029769897461,800,0.0,0.0
2023-05-15 00:00:00-04:00,20.75558853149414,20.75558853149414,20.75558853149414,20.75558853149414,1000,0.0,0.0
2023-05-16 00:00:00-04:00,20.70475255094827,20.713224411010742,20.70475255094827,20.713224411010742,600,0.0,0.0
2023-05-17 00:00:00-04:00,20.586147413146417,20.71322369384154,20.348941802978516,20.348941802978516,1400,0.0,0.0
2023-05-18 00:00:00-04:00,20.620037078857422,20.620037078857422,20.620037078857422,20.620037078857422,300,0.0,0.0
2023-05-19 00:00:00-04:00,20.840299080263637,20.840299080263637,20.713224411010742,20.713224411010742,600,0.0,0.0
2023-05-22 00:00:00-04:00,20.64545114635306,20.713224411010742,20.64545114635306,20.713224411010742,900,0.0,0.0
2023-05-23 00:00:00-04:00,20.408238601173544,20.670859731398355,20.408238601173544,20.543785095214844,3900,0.0,0.0
2023-05-24 00:00:00-04:00,20.543785095214844,20.543785095214844,20.543785095214844,20.543785095214844,0,0.0,0.0
2023-05-25 00:00:00-04:00,20.670860290527344,20.670860290527344,20.670860290527344,20.670860290527344,600,0.0,0.0
2023-05-26 00:00:00-04:00,20.68780883082333,20.713224411010742,20.68780883082333,20.713224411010742,300,0.0,0.0
2023-05-30 00:00:00-04:00,20.53531858138302,20.713224411010742,20.501432756975223,20.713224411010742,1500,0.0,0.0
2023-05-31 00:00:00-04:00,20.6962806908858,20.713224411010742,20.501432756975223,20.713224411010742,1900,0.0,0.0
2023-06-01 00:00:00-04:00,20.68780443716008,20.704748153686523,20.68780443716008,20.704748153686523,700,0.0,0.0
2023-06-02 00:00:00-04:00,20.704748153686523,20.704748153686523,20.704748153686523,20.704748153686523,0,0.0,0.0
2023-06-05 00:00:00-04:00,20.806411640013753,20.806411640013753,20.713224411010742,20.713224411010742,200,0.0,0.0
2023-06-06 00:00:00-04:00,20.84876607866979,20.84876607866979,20.670860290527344,20.670860290527344,1100,0.0,0.0
2023-06-07 00:00:00-04:00,20.713224411010742,20.713224411010742,20.713224411010742,20.713224411010742,500,0.0,0.0
2023-06-08 00:00:00-04:00,20.713219580962075,20.755577255555096,20.543785650906575,20.670860290527344,1300,0.0,0.0
2023-06-09 00:00:00-04:00,20.662388432440398,20.670860290527344,20.662388432440398,20.670860290527344,1300,0.0,0.0
2023-06-12 00:00:00-04:00,20.543795170668506,20.636984036965867,20.145627351125846,20.611568450927734,2900,0.0,0.0
2023-06-13 00:00:00-04:00,20.706068459952917,20.81675148010254,20.612413846582967,20.81675148010254,1500,0.121,0.0
2023-06-14 00:00:00-04:00,20.81675148010254,20.81675148010254,20.81675148010254,20.81675148010254,600,0.0,0.0
2023-06-15 00:00:00-04:00,20.952980041503906,20.952980041503906,20.952980041503906,20.952980041503906,200,0.0,0.0
2023-06-16 00:00:00-04:00,20.952980041503906,20.952980041503906,20.816756005489072,20.952980041503906,2600,0.0,0.0
2023-06-20 00:00:00-04:00,20.952980041503906,20.952980041503906,20.952980041503906,20.952980041503906,1100,0.0,0.0
2023-06-21 00:00:00-04:00,20.952980041503906,20.952980041503906,20.952980041503906,20.952980041503906,400,0.0,0.0
2023-06-22 00:00:00-04:00,20.952980041503906,20.952980041503906,20.859325407774232,20.952980041503906,1100,0.0,0.0
2023-06-23 00:00:00-04:00,20.952983874495008,20.952983874495008,20.859329223632812,20.859329223632812,1400,0.0,0.0
2023-06-26 00:00:00-04:00,20.952980041503906,20.952980041503906,20.952980041503906,20.952980041503906,200,0.0,0.0
2023-06-27 00:00:00-04:00,20.714579759812654,20.77417755126953,20.714579759812654,20.77417755126953,1000,0.0,0.0
2023-06-28 00:00:00-04:00,20.952980041503906,20.952980041503906,20.952980041503906,20.952980041503906,1000,0.0,0.0
2023-06-29 00:00:00-04:00,20.952980041503906,20.952980041503906,20.952980041503906,20.952980041503906,0,0.0,0.0
2023-06-30 00:00:00-04:00,20.952980041503906,20.952980041503906,20.952980041503906,20.952980041503906,0,0.0,0.0
2023-07-03 00:00:00-04:00,20.77417755126953,20.782691753465944,20.77417755126953,20.77417755126953,1500,0.0,0.0
2023-07-05 00:00:00-04:00,20.77417755126953,20.77417755126953,20.77417755126953,20.77417755126953,0,0.0,0.0
2023-07-06 00:00:00-04:00,20.850811202533478,20.952980041503906,20.510251112496395,20.952980041503906,1600,0.0,0.0
2023-07-07 00:00:00-04:00,20.93594741821289,20.93594741821289,20.93594741821289,20.93594741821289,300,0.0,0.0
2023-07-10 00:00:00-04:00,20.93594741821289,20.93594741821289,20.93594741821289,20.93594741821289,400,0.0,0.0
2023-07-11 00:00:00-04:00,20.706068794725418,20.93594741821289,20.706068794725418,20.93594741821289,2000,0.0,0.0
2023-07-12 00:00:00-04:00,20.93594741821289,20.93594741821289,20.93594741821289,20.93594741821289,0,0.0,0.0
2023-07-13 00:00:00-04:00,21.04377790067895,21.060894012451172,21.01810373302062,21.060894012451172,1900,0.126,0.0
2023-07-14 00:00:00-04:00,21.060894012451172,21.060894012451172,21.060894012451172,21.060894012451172,800,0.0,0.0
2023-07-17 00:00:00-04:00,21.060894012451172,21.060894012451172,20.47040121456763,21.060894012451172,1800,0.0,0.0
2023-07-18 00:00:00-04:00,21.060894012451172,21.060894012451172,21.060894012451172,21.060894012451172,1400,0.0,0.0
2023-07-19 00:00:00-04:00,21.060894012451172,21.060894012451172,21.060894012451172,21.060894012451172,400,0.0,0.0
2023-07-20 00:00:00-04:00,21.060894012451172,21.060894012451172,21.060894012451172,21.060894012451172,0,0.0,0.0
2023-07-21 00:00:00-04:00,21.060894012451172,21.060894012451172,21.060894012451172,21.060894012451172,0,0.0,0.0
2023-07-24 00:00:00-04:00,21.060894012451172,21.060894012451172,21.060894012451172,21.060894012451172,800,0.0,0.0
2023-07-25 00:00:00-04:00,21.223491668701172,21.223491668701172,21.223491668701172,21.223491668701172,300,0.0,0.0
2023-07-26 00:00:00-04:00,21.223491668701172,21.223491668701172,21.223491668701172,21.223491668701172,300,0.0,0.0
2023-07-27 00:00:00-04:00,21.137920289801855,21.2320556640625,21.137920289801855,21.2320556640625,1300,0.0,0.0
2023-07-28 00:00:00-04:00,21.2320556640625,21.2320556640625,21.2320556640625,21.2320556640625,0,0.0,0.0
2023-07-31 00:00:00-04:00,21.2320556640625,21.2320556640625,21.2320556640625,21.2320556640625,700,0.0,0.0
2023-08-01 00:00:00-04:00,21.317628860473633,21.317628860473633,21.317628860473633,21.317628860473633,600,0.0,0.0
2023-08-02 00:00:00-04:00,21.317628860473633,21.317628860473633,21.317628860473633,21.317628860473633,1500,0.0,0.0
2023-08-03 00:00:00-04:00,21.394651412963867,21.394651412963867,21.394651412963867,21.394651412963867,600,0.0,0.0
2023-08-04 00:00:00-04:00,21.309070587158203,21.309070587158203,21.309070587158203,21.309070587158203,1600,0.0,0.0
2023-08-07 00:00:00-04:00,21.309070587158203,21.309070587158203,21.309070587158203,21.309070587158203,0,0.0,0.0
2023-08-08 00:00:00-04:00,20.76136729363743,21.36897453320103,20.66723031703039,21.095123291015625,5600,0.0,0.0
2023-08-09 00:00:00-04:00,21.095123291015625,21.095123291015625,21.095123291015625,21.095123291015625,0,0.0,0.0
2023-08-10 00:00:00-04:00,21.180699425773028,21.180699425773028,21.146467208862305,21.146467208862305,5100,0.0,0.0
2023-08-11 00:00:00-04:00,21.206377029418945,21.206377029418945,21.206377029418945,21.206377029418945,400,0.0,0.0
2023-08-14 00:00:00-04:00,21.13791226166986,21.30051040649414,21.13791226166986,21.30051040649414,1300,0.0,0.0
2023-08-15 00:00:00-04:00,21.30051040649414,21.30051040649414,21.30051040649414,21.30051040649414,0,0.0,0.0
2023-08-16 00:00:00-04:00,21.30051040649414,21.30051040649414,21.30051040649414,21.30051040649414,100,0.0,0.0
2023-08-17 00:00:00-04:00,21.30051040649414,21.30051040649414,21.30051040649414,21.30051040649414,1000,0.0,0.0
2023-08-18 00:00:00-04:00,20.958196374914003,21.30051040649414,20.958196374914003,21.30051040649414,500,0.0,0.0
2023-08-21 00:00:00-04:00,21.39464737728445,21.39464737728445,21.30051040649414,21.30051040649414,700,0.0,0.0
2023-08-22 00:00:00-04:00,20.96676093562556,21.249170303344727,20.96676093562556,21.249170303344727,900,0.0,0.0
2023-08-23 00:00:00-04:00,21.249170303344727,21.249170303344727,21.249170303344727,21.249170303344727,0,0.0,0.0
2023-08-24 00:00:00-04:00,21.249170303344727,21.249170303344727,21.249170303344727,21.249170303344727,0,0.0,0.0
2023-08-25 00:00:00-04:00,21.30051040649414,21.30051040649414,21.30051040649414,21.30051040649414,100,0.0,0.0
2023-08-28 00:00:00-04:00,21.30051040649414,21.30051040649414,21.30051040649414,21.30051040649414,1300,0.0,0.0
2023-08-29 00:00:00-04:00,20.915409819639102,21.73696357739143,20.915409819639102,21.309070587158203,2900,0.0,0.0
2023-08-30 00:00:00-04:00,21.548694036658073,21.548694036658073,21.137917104647453,21.428884506225586,4000,0.0,0.0
2023-08-31 00:00:00-04:00,21.428884506225586,21.428884506225586,21.428884506225586,21.428884506225586,0,0.0,0.0
2023-09-01 00:00:00-04:00,21.428885981692925,21.428885981692925,21.41176986694336,21.41176986694336,500,0.0,0.0
2023-09-05 00:00:00-04:00,21.40321033586901,21.428884506225586,21.40321033586901,21.428884506225586,1000,0.0,0.0
2023-09-06 00:00:00-04:00,21.428884506225586,21.428884506225586,21.428884506225586,21.428884506225586,300,0.0,0.0
2023-09-07 00:00:00-04:00,21.428884506225586,21.428884506225586,21.428884506225586,21.428884506225586,0,0.0,0.0
2023-09-08 00:00:00-04:00,21.428884506225586,21.428884506225586,21.428884506225586,21.428884506225586,0,0.0,0.0
2023-09-11 00:00:00-04:00,21.445993423461914,21.445993423461914,21.445993423461914,21.445993423461914,400,0.0,0.0
2023-09-12 00:00:00-04:00,21.445993423461914,21.445993423461914,21.445993423461914,21.445993423461914,0,0.0,0.0
2023-09-13 00:00:00-04:00,21.55610466003418,21.55610466003418,21.55610466003418,21.55610466003418,0,0.128,0.0
2023-09-14 00:00:00-04:00,21.55610466003418,21.55610466003418,21.55610466003418,21.55610466003418,0,0.0,0.0
2023-09-15 00:00:00-04:00,21.55610466003418,21.55610466003418,21.55610466003418,21.55610466003418,100,0.0,0.0
2023-09-18 00:00:00-04:00,21.55610466003418,21.55610466003418,21.55610466003418,21.55610466003418,0,0.0,0.0
2023-09-19 00:00:00-04:00,21.55610466003418,21.55610466003418,21.55610466003418,21.55610466003418,0,0.0,0.0
2023-09-20 00:00:00-04:00,21.55610466003418,21.55610466003418,21.55610466003418,21.55610466003418,0,0.0,0.0
2023-09-21 00:00:00-04:00,21.55610466003418,21.55610466003418,21.55610466003418,21.55610466003418,900,0.0,0.0
2023-09-22 00:00:00-04:00,21.55609323718917,21.55609323718917,20.8335424792354,20.867950439453125,2600,0.0,0.0
2023-09-25 00:00:00-04:00,21.33245772209124,21.55610466003418,21.33245772209124,21.55610466003418,500,0.0,0.0
2023-09-26 00:00:00-04:00,21.55610466003418,21.55610466003418,21.55610466003418,21.55610466003418,0,0.0,0.0
2023-09-27 00:00:00-04:00,21.49588981242836,21.504491806030273,21.46148347868322,21.504491806030273,800,0.0,0.0
2023-09-28 00:00:00-04:00,21.495887756347656,21.495887756347656,21.495887756347656,21.495887756347656,600,0.0,0.0
2023-09-29 00:00:00-04:00,21.495887756347656,21.495887756347656,21.495887756347656,21.495887756347656,0,0.0,0.0
2023-10-02 00:00:00-04:00,21.504491806030273,21.504491806030273,21.504491806030273,21.504491806030273,300,0.0,0.0
2023-10-03 00:00:00-04:00,21.289450080649672,21.4700870513916,21.289450080649672,21.4700870513916,400,0.0,0.0
2023-10-04 00:00:00-04:00,21.100208282470703,21.100208282470703,21.100208282470703,21.100208282470703,1700,0.0,0.0
2023-10-05 00:00:00-04:00,21.341057208918937,21.504491806030273,21.315252868775715,21.504491806030273,2300,0.0,0.0
2023-10-06 00:00:00-04:00,21.504491806030273,21.504491806030273,21.504491806030273,21.504491806030273,0,0.0,0.0
2023-10-09 00:00:00-04:00,21.50448999754858,21.50448999754858,21.229232788085938,21.229232788085938,600,0.0,0.0
2023-10-10 00:00:00-04:00,21.50448687223731,21.564699172973633,21.50448687223731,21.564699172973633,400,0.0,0.0
2023-10-11 00:00:00-04:00,21.564699172973633,21.564699172973633,21.564699172973633,21.564699172973633,0,0.0,0.0
2023-10-12 00:00:00-04:00,21.67624282732385,21.67624282732385,21.287160873413086,21.287160873413086,2100,0.129,0.0
2023-10-13 00:00:00-04:00,21.5984218099349,21.5984218099349,21.555191040039062,21.555191040039062,900,0.0,0.0
2023-10-16 00:00:00-04:00,21.555191040039062,21.555191040039062,21.555191040039062,21.555191040039062,0,0.0,0.0
2023-10-17 00:00:00-04:00,21.598419039129283,21.676235734277423,21.166104799038717,21.17475128173828,1200,0.0,0.0
2023-10-18 00:00:00-04:00,21.676239013671875,21.676239013671875,21.676239013671875,21.676239013671875,500,0.0,0.0
2023-10-19 00:00:00-04:00,21.598421096801758,21.598421096801758,21.598421096801758,21.598421096801758,100,0.0,0.0
2023-10-20 00:00:00-04:00,21.650301210797004,21.676239013671875,21.650301210797004,21.676239013671875,700,0.0,0.0
2023-10-23 00:00:00-04:00,21.15746427354198,21.243927475734697,21.15746427354198,21.235280990600586,600,0.0,0.0
2023-10-24 00:00:00-04:00,21.494673008441087,21.494673008441087,21.148820160872592,21.39091682434082,700,0.0,0.0
2023-10-25 00:00:00-04:00,21.607067108154297,21.607067108154297,21.607067108154297,21.607067108154297,700,0.0,0.0
2023-10-26 00:00:00-04:00,21.607067108154297,21.607067108154297,21.607067108154297,21.607067108154297,0,0.0,0.0
2023-10-27 00:00:00-04:00,21.676239013671875,21.676239013671875,21.676239013671875,21.676239013671875,1100,0.0,0.0
2023-10-30 00:00:00-04:00,21.676239013671875,21.676239013671875,21.676239013671875,21.676239013671875,0,0.0,0.0
2023-10-31 00:00:00-04:00,21.676239013671875,21.676239013671875,21.676239013671875,21.676239013671875,0,0.0,0.0
2023-11-01 00:00:00-04:00,21.243925565006,21.243925565006,21.14017105102539,21.14017105102539,400,0.0,0.0
2023-11-02 00:00:00-04:00,21.140170434257627,21.64165496826172,21.140170434257627,21.64165496826172,300,0.0,0.0
2023-11-03 00:00:00-04:00,21.589778900146484,21.589778900146484,21.589778900146484,21.589778900146484,1000,0.0,0.0
2023-11-06 00:00:00-05:00,21.589778900146484,21.589778900146484,21.589778900146484,21.589778900146484,0,0.0,0.0
2023-11-07 00:00:00-05:00,21.589778900146484,21.589778900146484,21.589778900146484,21.589778900146484,0,0.0,0.0
2023-11-08 00:00:00-05:00,21.589778900146484,21.589778900146484,21.589778900146484,21.589778900146484,0,0.0,0.0
2023-11-09 00:00:00-05:00,21.676239013671875,21.676239013671875,21.676239013671875,21.676239013671875,600,0.0,0.0
2023-11-10 00:00:00-05:00,21.676239013671875,21.676239013671875,21.676239013671875,21.676239013671875,0,0.0,0.0
2023-11-13 00:00:00-05:00,21.674503326416016,21.674503326416016,21.674503326416016,21.674503326416016,0,0.128,0.0
2023-11-14 00:00:00-05:00,21.787479400634766,21.787479400634766,21.787479400634766,21.787479400634766,0,0.0,0.0
2023-11-15 00:00:00-05:00,21.787479400634766,21.787479400634766,21.787479400634766,21.787479400634766,100,0.0,0.0
2023-11-16 00:00:00-05:00,21.787479400634766,21.787479400634766,21.787479400634766,21.787479400634766,0,0.0,0.0
2023-11-17 00:00:00-05:00,21.483306884765625,21.483306884765625,21.483306884765625,21.483306884765625,100,0.0,0.0
2023-11-20 00:00:00-05:00,21.483306884765625,21.483306884765625,21.483306884765625,21.483306884765625,0,0.0,0.0
2023-11-21 00:00:00-05:00,21.292117598936873,21.526765823364258,21.27473588062109,21.526765823364258,1100,0.0,0.0
2023-11-22 00:00:00-05:00,21.526765823364258,21.526765823364258,21.526765823364258,21.526765823364258,0,0.0,0.0
2023-11-24 00:00:00-05:00,21.526765823364258,21.526765823364258,21.526765823364258,21.526765823364258,0,0.0,0.0
2023-11-27 00:00:00-05:00,21.266042709350586,21.266042709350586,21.266042709350586,21.266042709350586,200,0.0,0.0
2023-11-28 00:00:00-05:00,21.283424377441406,21.283424377441406,21.283424377441406,21.283424377441406,300,0.0,0.0
2023-11-29 00:00:00-05:00,21.30950164794922,21.30950164794922,21.27473820751545,21.30950164794922,800,0.0,0.0
2023-11-30 00:00:00-05:00,21.30950164794922,21.30950164794922,21.30950164794922,21.30950164794922,0,0.0,0.0
2023-12-01 00:00:00-05:00,21.30950164794922,21.30950164794922,21.30950164794922,21.30950164794922,0,0.0,0.0
2023-12-04 00:00:00-05:00,21.30950164794922,21.30950164794922,21.30950164794922,21.30950164794922,0,0.0,0.0
2023-12-05 00:00:00-05:00,21.30950164794922,21.30950164794922,21.30950164794922,21.30950164794922,0,0.0,0.0
2023-12-06 00:00:00-05:00,21.457233857720507,21.457233857720507,21.266038331616762,21.38770866394043,1200,0.0,0.0
2023-12-07 00:00:00-05:00,21.405087444268425,21.596282958984375,21.405087444268425,21.596282958984375,2600,0.0,0.0
2023-12-08 00:00:00-05:00,21.405087444268425,21.596282958984375,21.405087444268425,21.596282958984375,2400,0.0,0.0
2023-12-11 00:00:00-05:00,21.596282958984375,21.596282958984375,21.596282958984375,21.596282958984375,0,0.0,0.0
2023-12-12 00:00:00-05:00,21.405087444268425,21.596282958984375,21.405087444268425,21.596282958984375,3000,0.0,0.0
2023-12-13 00:00:00-05:00,21.673161289418335,21.708104711933867,21.280057783283173,21.358678817749023,2200,0.128,0.0
2023-12-14 00:00:00-05:00,21.358678817749023,21.358678817749023,21.358678817749023,21.358678817749023,0,0.0,0.0
2023-12-15 00:00:00-05:00,21.585802875952453,21.70810317993164,21.585802875952453,21.70810317993164,1900,0.0,0.0
2023-12-18 00:00:00-05:00,21.70810317993164,21.70810317993164,21.70810317993164,21.70810317993164,300,0.0,0.0
2023-12-19 00:00:00-05:00,21.70810317993164,21.751780788799508,21.70810317993164,21.70810317993164,900,0.0,0.0
2023-12-20 00:00:00-05:00,21.681898188770578,21.75178337097168,21.664426476671757,21.75178337097168,1200,0.0,0.0
2023-12-21 00:00:00-05:00,21.75178337097168,21.75178337097168,21.75178337097168,21.75178337097168,0,0.0,0.0
2023-12-22 00:00:00-05:00,22.013857608790833,22.013857608790833,21.384889201217447,21.402360916137695,800,0.0,0.0
2023-12-26 00:00:00-05:00,21.402360916137695,21.402360916137695,21.402360916137695,21.402360916137695,0,0.0,0.0
2023-12-27 00:00:00-05:00,21.402360916137695,21.402360916137695,21.402360916137695,21.402360916137695,0,0.0,0.0
2023-12-28 00:00:00-05:00,22.01385498046875,22.01385498046875,22.01385498046875,22.01385498046875,400,0.0,0.0
2023-12-29 00:00:00-05:00,21.935230255126953,21.935230255126953,21.935230255126953,21.935230255126953,100,0.0,0.0
2024-01-02 00:00:00-05:00,21.935230255126953,21.935230255126953,21.935230255126953,21.935230255126953,0,0.0,0.0
2024-01-03 00:00:00-05:00,21.935230255126953,21.935230255126953,21.935230255126953,21.935230255126953,0,0.0,0.0
2024-01-04 00:00:00-05:00,21.961435317993164,21.961435317993164,21.961435317993164,21.961435317993164,100,0.0,0.0
2024-01-05 00:00:00-05:00,21.961435317993164,21.961435317993164,21.961435317993164,21.961435317993164,500,0.0,0.0
2024-01-08 00:00:00-05:00,21.961435317993164,21.961435317993164,21.961435317993164,21.961435317993164,0,0.0,0.0
2024-01-09 00:00:00-05:00,21.961435317993164,21.961435317993164,21.961435317993164,21.961435317993164,0,0.0,0.0
2024-01-10 00:00:00-05:00,21.961435317993164,21.961435317993164,21.961435317993164,21.961435317993164,0,0.0,0.0
2024-01-11 00:00:00-05:00,22.1791934967041,22.1791934967041,22.1791934967041,22.1791934967041,200,0.128,0.0
2024-01-12 00:00:00-05:00,21.53822556931236,21.880659103393555,21.50310332237023,21.880659103393555,2100,0.0,0.0
2024-01-16 00:00:00-05:00,21.880659103393555,21.880659103393555,21.880659103393555,21.880659103393555,0,0.0,0.0
2024-01-17 00:00:00-05:00,21.827974319458008,21.827974319458008,21.827974319458008,21.827974319458008,300,0.0,0.0
2024-01-18 00:00:00-05:00,21.827974319458008,21.827974319458008,21.827974319458008,21.827974319458008,0,0.0,0.0
2024-01-19 00:00:00-05:00,21.731396758972114,21.863101858930733,21.538229390680886,21.72261619567871,2400,0.0,0.0
2024-01-22 00:00:00-05:00,21.757734298706055,21.757734298706055,21.757734298706055,21.757734298706055,100,0.0,0.0
2024-01-23 00:00:00-05:00,21.66114442238412,22.11772346496582,21.66114442238412,22.11772346496582,1700,0.0,0.0
2024-01-24 00:00:00-05:00,22.11772346496582,22.11772346496582,22.11772346496582,22.11772346496582,0,0.0,0.0
2024-01-25 00:00:00-05:00,22.11772346496582,22.11772346496582,22.11772346496582,22.11772346496582,0,0.0,0.0
2024-01-26 00:00:00-05:00,22.11772346496582,22.11772346496582,22.11772346496582,22.11772346496582,0,0.0,0.0
2024-01-29 00:00:00-05:00,21.775297164916992,21.775297164916992,21.775297164916992,21.775297164916992,100,0.0,0.0
2024-01-30 00:00:00-05:00,22.11772346496582,22.11772346496582,22.11772346496582,22.11772346496582,300,0.0,0.0
2024-01-31 00:00:00-05:00,22.11772346496582,22.11772346496582,22.11772346496582,22.11772346496582,0,0.0,0.0
2024-02-01 00:00:00-05:00,21.775286595196043,21.784067153930664,21.775286595196043,21.784067153930664,300,0.0,0.0
2024-02-02 00:00:00-05:00,22.11772346496582,22.11772346496582,22.11772346496582,22.11772346496582,300,0.0,0.0
2024-02-05 00:00:00-05:00,21.775293022638778,21.810415267944336,21.775293022638778,21.810415267944336,300,0.0,0.0
2024-02-06 00:00:00-05:00,22.249432482203687,22.25821304321289,22.249432482203687,22.25821304321289,800,0.0,0.0
2024-02-07 00:00:00-05:00,22.25821304321289,22.25821304321289,22.25821304321289,22.25821304321289,0,0.0,0.0
2024-02-08 00:00:00-05:00,22.25821304321289,22.25821304321289,22.25821304321289,22.25821304321289,0,0.0,0.0
2024-02-09 00:00:00-05:00,22.25821304321289,22.25821304321289,22.25821304321289,22.25821304321289,0,0.0,0.0
2024-02-12 00:00:00-05:00,22.25821304321289,22.25821304321289,22.25821304321289,22.25821304321289,0,0.0,0.0
2024-02-13 00:00:00-05:00,22.37028694152832,22.37028694152832,22.37028694152832,22.37028694152832,0,0.127,0.0
2024-02-14 00:00:00-05:00,22.37028694152832,22.37028694152832,22.37028694152832,22.37028694152832,0,0.0,0.0
2024-02-15 00:00:00-05:00,22.37028960661157,22.37028960661157,21.98200798034668,21.98200798034668,300,0.0,0.0
2024-02-16 00:00:00-05:00,21.98200798034668,21.98200798034668,21.98200798034668,21.98200798034668,0,0.0,0.0
2024-02-20 00:00:00-05:00,21.98200798034668,21.98200798034668,21.98200798034668,21.98200798034668,0,0.0,0.0
2024-02-21 00:00:00-05:00,21.99965476989746,21.99965476989746,21.99965476989746,21.99965476989746,600,0.0,0.0
2024-02-22 00:00:00-05:00,21.770219802856445,21.770219802856445,21.770219802856445,21.770219802856445,100,0.0,0.0
2024-02-23 00:00:00-05:00,21.770219802856445,21.770219802856445,21.770219802856445,21.770219802856445,0,0.0,0.0
2024-02-26 00:00:00-05:00,21.770219802856445,21.770219802856445,21.770219802856445,21.770219802856445,0,0.0,0.0
2024-02-27 00:00:00-05:00,21.770219802856445,21.770219802856445,21.770219802856445,21.770219802856445,0,0.0,0.0
2024-02-28 00:00:00-05:00,21.770219802856445,21.770219802856445,21.770219802856445,21.770219802856445,0,0.0,0.0
2024-02-29 00:00:00-05:00,21.796688079833984,21.796688079833984,21.796688079833984,21.796688079833984,400,0.0,0.0
2024-03-01 00:00:00-05:00,21.796688079833984,21.796688079833984,21.796688079833984,21.796688079833984,0,0.0,0.0
2024-03-04 00:00:00-05:00,21.796688079833984,21.796688079833984,21.796688079833984,21.796688079833984,0,0.0,0.0
2024-03-05 00:00:00-05:00,21.796688079833984,21.796688079833984,21.796688079833984,21.796688079833984,0,0.0,0.0
2024-03-06 00:00:00-05:00,22.132020991655427,22.132020991655427,21.796688079833984,21.796688079833984,1100,0.0,0.0
2024-03-07 00:00:00-05:00,21.796688079833984,21.796688079833984,21.796688079833984,21.796688079833984,0,0.0,0.0
2024-03-08 00:00:00-05:00,21.796688079833984,21.796688079833984,21.796688079833984,21.796688079833984,0,0.0,0.0
2024-03-11 00:00:00-04:00,21.796688079833984,21.796688079833984,21.796688079833984,21.796688079833984,0,0.0,0.0
2024-03-12 00:00:00-04:00,22.0614266785468,22.105548858642578,22.052601905896985,22.105548858642578,2000,0.0,0.0
2024-03-13 00:00:00-04:00,22.19956567258843,22.20843505859375,22.19956567258843,22.20843505859375,300,0.126,0.0
2024-03-14 00:00:00-04:00,22.190692046420804,22.21729850769043,22.155214509178524,22.21729850769043,2000,0.0,0.0
2024-03-15 00:00:00-04:00,22.21729850769043,22.21729850769043,22.21729850769043,22.21729850769043,1400,0.0,0.0
2024-03-18 00:00:00-04:00,22.12860870361328,22.12860870361328,22.12860870361328,22.12860870361328,100,0.0,0.0
2024-03-19 00:00:00-04:00,22.21729850769043,22.21729850769043,22.21729850769043,22.21729850769043,1700,0.0,0.0
2024-03-20 00:00:00-04:00,22.21729850769043,22.21729850769043,22.21729850769043,22.21729850769043,1000,0.0,0.0
2024-03-21 00:00:00-04:00,22.21729850769043,22.21729850769043,22.21729850769043,22.21729850769043,400,0.0,0.0
2024-03-22 00:00:00-04:00,22.39468002319336,22.39468002319336,22.39468002319336,22.39468002319336,1900,0.0,0.0
2024-03-25 00:00:00-04:00,22.39468002319336,22.39468002319336,22.39468002319336,22.39468002319336,0,0.0,0.0
2024-03-26 00:00:00-04:00,22.39468002319336,22.39468002319336,22.39468002319336,22.39468002319336,0,0.0,0.0
2024-03-27 00:00:00-04:00,22.572062593016017,22.572062593016017,22.172948837280273,22.172948837280273,1300,0.0,0.0
2024-03-28 00:00:00-04:00,22.172948837280273,22.172948837280273,22.172948837280273,22.172948837280273,0,0.0,0.0
2024-04-01 00:00:00-04:00,22.172948837280273,22.172948837280273,22.172948837280273,22.172948837280273,0,0.0,0.0
2024-04-02 00:00:00-04:00,22.172948837280273,22.172948837280273,22.172948837280273,22.172948837280273,0,0.0,0.0
2024-04-03 00:00:00-04:00,22.172948837280273,22.172948837280273,22.172948837280273,22.172948837280273,0,0.0,0.0
2024-04-04 00:00:00-04:00,22.172948837280273,22.172948837280273,22.172948837280273,22.172948837280273,0,0.0,0.0
2024-04-05 00:00:00-04:00,22.172948837280273,22.172948837280273,22.172948837280273,22.172948837280273,0,0.0,0.0
2024-04-08 00:00:00-04:00,22.172948837280273,22.172948837280273,22.172948837280273,22.172948837280273,0,0.0,0.0
2024-04-09 00:00:00-04:00,22.172948837280273,22.172948837280273,22.172948837280273,22.172948837280273,0,0.0,0.0
2024-04-10 00:00:00-04:00,22.172948837280273,22.172948837280273,22.172948837280273,22.172948837280273,0,0.0,0.0
2024-04-11 00:00:00-04:00,22.179191172092395,22.295080184936523,22.179191172092395,22.295080184936523,300,0.127,0.0
2024-04-12 00:00:00-04:00,22.295080184936523,22.295080184936523,22.295080184936523,22.295080184936523,0,0.0,0.0
2024-04-15 00:00:00-04:00,22.669490814208984,22.669490814208984,22.669490814208984,22.669490814208984,100,0.0,0.0
2024-04-16 00:00:00-04:00,22.669490814208984,22.669490814208984,22.669490814208984,22.669490814208984,0,0.0,0.0
2024-04-17 00:00:00-04:00,22.669490814208984,22.669490814208984,22.669490814208984,22.669490814208984,100,0.0,0.0
2024-04-18 00:00:00-04:00,22.375314712524414,22.375314712524414,22.375314712524414,22.375314712524414,100,0.0,0.0
2024-04-19 00:00:00-04:00,22.197023431069024,22.669490814208984,22.197023431069024,22.669490814208984,300,0.0,0.0
2024-04-22 00:00:00-04:00,22.669490814208984,22.669490814208984,22.669490814208984,22.669490814208984,0,0.0,0.0
2024-04-23 00:00:00-04:00,22.669490814208984,22.669490814208984,22.669490814208984,22.669490814208984,0,0.0,0.0
2024-04-24 00:00:00-04:00,22.669490814208984,22.669490814208984,22.669490814208984,22.669490814208984,100,0.0,0.0
2024-04-25 00:00:00-04:00,22.669490814208984,22.669490814208984,22.669490814208984,22.669490814208984,0,0.0,0.0
2024-04-26 00:00:00-04:00,22.669490814208984,22.669490814208984,22.669490814208984,22.669490814208984,0,0.0,0.0
2024-04-29 00:00:00-04:00,22.286163330078125,22.286163330078125,22.286163330078125,22.286163330078125,400,0.0,0.0
2024-04-30 00:00:00-04:00,22.286163330078125,22.286163330078125,22.286163330078125,22.286163330078125,0,0.0,0.0
2024-05-01 00:00:00-04:00,22.286163330078125,22.286163330078125,22.286163330078125,22.286163330078125,0,0.0,0.0
2024-05-02 00:00:00-04:00,22.286163330078125,22.286163330078125,22.286163330078125,22.286163330078125,0,0.0,0.0
2024-05-03 00:00:00-04:00,22.286163330078125,22.286163330078125,22.286163330078125,22.286163330078125,0,0.0,0.0
2024-05-06 00:00:00-04:00,22.295079839824105,22.41988182067871,22.295079839824105,22.41988182067871,200,0.0,0.0
2024-05-07 00:00:00-04:00,22.41988182067871,22.41988182067871,22.41988182067871,22.41988182067871,0,0.0,0.0
2024-05-08 00:00:00-04:00,22.41988182067871,22.41988182067871,22.41988182067871,22.41988182067871,0,0.0,0.0
2024-05-09 00:00:00-04:00,22.41988182067871,22.41988182067871,22.41988182067871,22.41988182067871,0,0.0,0.0
2024-05-10 00:00:00-04:00,22.41988182067871,22.41988182067871,22.41988182067871,22.41988182067871,0,0.0,0.0
2024-05-13 00:00:00-04:00,22.255919022785946,22.282798767089844,22.24695910801798,22.282798767089844,1000,0.127,0.0
2024-05-14 00:00:00-04:00,22.282798767089844,22.282798767089844,22.282798767089844,22.282798767089844,0,0.0,0.0
2024-05-15 00:00:00-04:00,22.551591873168945,22.551591873168945,22.551591873168945,22.551591873168945,100,0.0,0.0
2024-05-16 00:00:00-04:00,22.551591873168945,22.551591873168945,22.551591873168945,22.551591873168945,0,0.0,0.0
2024-05-17 00:00:00-04:00,22.551591873168945,22.551591873168945,22.551591873168945,22.551591873168945,0,0.0,0.0
2024-05-20 00:00:00-04:00,22.551591873168945,22.551591873168945,22.551591873168945,22.551591873168945,100,0.0,0.0
2024-05-21 00:00:00-04:00,22.712866148983235,22.775583848197723,22.712866148983235,22.739744186401367,500,0.0,0.0
2024-05-22 00:00:00-04:00,22.273844851820186,22.461997985839844,22.273844851820186,22.461997985839844,2500,0.0,0.0
2024-05-23 00:00:00-04:00,22.461997985839844,22.461997985839844,22.461997985839844,22.461997985839844,0,0.0,0.0
2024-05-24 00:00:00-04:00,22.461997985839844,22.461997985839844,22.461997985839844,22.461997985839844,0,0.0,0.0
2024-05-28 00:00:00-04:00,22.461997985839844,22.461997985839844,22.461997985839844,22.461997985839844,0,0.0,0.0
2024-05-29 00:00:00-04:00,22.461997985839844,22.461997985839844,22.461997985839844,22.461997985839844,0,0.0,0.0
2024-05-30 00:00:00-04:00,22.461997985839844,22.461997985839844,22.461997985839844,22.461997985839844,0,0.0,0.0
2024-05-31 00:00:00-04:00,22.461997985839844,22.461997985839844,22.461997985839844,22.461997985839844,0,0.0,0.0
2024-06-03 00:00:00-04:00,22.461997985839844,22.461997985839844,22.461997985839844,22.461997985839844,0,0.0,0.0
2024-06-04 00:00:00-04:00,22.461997985839844,22.461997985839844,22.461997985839844,22.461997985839844,0,0.0,0.0
2024-06-05 00:00:00-04:00,22.399274826049805,22.399274826049805,22.399274826049805,22.399274826049805,2500,0.0,0.0
2024-06-06 00:00:00-04:00,22.399280014162752,22.40823993123995,22.32760238647461,22.32760238647461,1000,0.0,0.0
2024-06-07 00:00:00-04:00,22.32760238647461,22.32760238647461,22.32760238647461,22.32760238647461,0,0.0,0.0
2024-06-10 00:00:00-04:00,22.399274826049805,22.399274826049805,22.399274826049805,22.399274826049805,1000,0.0,0.0
2024-06-11 00:00:00-04:00,22.399274826049805,22.399274826049805,22.3903149110479,22.399274826049805,2000,0.0,0.0
2024-06-12 00:00:00-04:00,22.399274826049805,22.399274826049805,22.399274826049805,22.399274826049805,0,0.0,0.0
2024-06-13 00:00:00-04:00,22.784547805786133,22.784547805786133,22.784547805786133,22.784547805786133,200,0.0,0.0
2024-06-14 00:00:00-04:00,22.85387904665346,22.88089370727539,22.85387904665346,22.88089370727539,200,0.127,0.0
2024-06-17 00:00:00-04:00,22.898908615112305,22.898908615112305,22.898908615112305,22.898908615112305,100,0.0,0.0
2024-06-18 00:00:00-04:00,22.745819091796875,22.745819091796875,22.745819091796875,22.745819091796875,100,0.0,0.0
2024-06-20 00:00:00-04:00,22.745819091796875,22.745819091796875,22.745819091796875,22.745819091796875,0,0.0,0.0
2024-06-21 00:00:00-04:00,22.745819091796875,22.745819091796875,22.745819091796875,22.745819091796875,0,0.0,0.0
2024-06-24 00:00:00-04:00,22.745819091796875,22.745819091796875,22.745819091796875,22.745819091796875,0,0.0,0.0
2024-06-25 00:00:00-04:00,22.745819091796875,22.745819091796875,22.745819091796875,22.745819091796875,0,0.0,0.0
2024-06-26 00:00:00-04:00,22.745819091796875,22.745819091796875,22.745819091796875,22.745819091796875,0,0.0,0.0
2024-06-27 00:00:00-04:00,22.745819091796875,22.745819091796875,22.745819091796875,22.745819091796875,0,0.0,0.0
2024-06-28 00:00:00-04:00,22.745819091796875,22.745819091796875,22.745819091796875,22.745819091796875,0,0.0,0.0
2024-07-01 00:00:00-04:00,22.745819091796875,22.745819091796875,22.745819091796875,22.745819091796875,0,0.0,0.0
2024-07-02 00:00:00-04:00,22.79985529940827,22.871892689078326,22.79985529940827,22.82686996459961,1700,0.0,0.0
2024-07-03 00:00:00-04:00,22.82686996459961,22.82686996459961,22.82686996459961,22.82686996459961,0,0.0,0.0
2024-07-05 00:00:00-04:00,22.952932357788086,22.952932357788086,22.952932357788086,22.952932357788086,100,0.0,0.0
2024-07-08 00:00:00-04:00,22.952932357788086,22.952932357788086,22.952932357788086,22.952932357788086,0,0.0,0.0
2024-07-09 00:00:00-04:00,22.952932357788086,22.952932357788086,22.952932357788086,22.952932357788086,0,0.0,0.0
2024-07-10 00:00:00-04:00,22.736816377390547,22.736816377390547,22.52070426940918,22.52070426940918,2100,0.0,0.0
2024-07-11 00:00:00-04:00,22.52070426940918,22.52070426940918,22.52070426940918,22.52070426940918,0,0.0,0.0
2024-07-12 00:00:00-04:00,22.63564682006836,22.63564682006836,22.63564682006836,22.63564682006836,0,0.127,0.0
2024-07-15 00:00:00-04:00,22.64470100402832,22.64470100402832,22.64470100402832,22.64470100402832,100,0.0,0.0
2024-07-16 00:00:00-04:00,22.92526846861178,23.024826049804688,22.92526846861178,23.024826049804688,500,0.0,0.0
2024-07-17 00:00:00-04:00,22.943376541137695,22.943376541137695,22.943376541137695,22.943376541137695,100,0.0,0.0
2024-07-18 00:00:00-04:00,22.943376541137695,22.943376541137695,22.943376541137695,22.943376541137695,0,0.0,0.0
2024-07-19 00:00:00-04:00,22.943376541137695,22.943376541137695,22.943376541137695,22.943376541137695,0,0.0,0.0
2024-07-22 00:00:00-04:00,22.943376541137695,22.943376541137695,22.943376541137695,22.943376541137695,0,0.0,0.0
2024-07-23 00:00:00-04:00,22.943376541137695,22.943376541137695,22.943376541137695,22.943376541137695,0,0.0,0.0
2024-07-24 00:00:00-04:00,22.22837142397835,22.490840813384267,22.22837142397835,22.35508155822754,8900,0.0,0.0
2024-07-25 00:00:00-04:00,22.35508155822754,22.35508155822754,22.35508155822754,22.35508155822754,300,0.0,0.0
2024-07-26 00:00:00-04:00,22.51799495427338,22.671855926513672,22.51799495427338,22.671855926513672,1900,0.0,0.0
2024-07-29 00:00:00-04:00,22.617549413617034,22.680903618143866,22.617549413617034,22.662803649902344,1400,0.0,0.0
2024-07-30 00:00:00-04:00,22.662806804269692,22.671855926513672,22.662806804269692,22.671855926513672,1400,0.0,0.0
2024-07-31 00:00:00-04:00,23.07008171081543,23.07008171081543,23.07008171081543,23.07008171081543,600,0.0,0.0
2024-08-01 00:00:00-04:00,23.169639587402344,23.169639587402344,23.169639587402344,23.169639587402344,300,0.0,0.0
2024-08-02 00:00:00-04:00,23.169639587402344,23.169639587402344,23.169639587402344,23.169639587402344,0,0.0,0.0
2024-08-05 00:00:00-04:00,22.699003696954627,22.699003696954627,22.689952850341797,22.689952850341797,800,0.0,0.0
2024-08-06 00:00:00-04:00,22.689952850341797,22.689952850341797,22.689952850341797,22.689952850341797,0,0.0,0.0
2024-08-07 00:00:00-04:00,22.689957623547315,22.689957623547315,22.671855926513672,22.671855926513672,1600,0.0,0.0
2024-08-08 00:00:00-04:00,22.671855926513672,22.671855926513672,22.671855926513672,22.671855926513672,0,0.0,0.0
2024-08-09 00:00:00-04:00,22.671855926513672,22.671855926513672,22.671855926513672,22.671855926513672,0,0.0,0.0
2024-08-12 00:00:00-04:00,22.898117065429688,22.898117065429688,22.898117065429688,22.898117065429688,100,0.0,0.0
2024-08-13 00:00:00-04:00,23.024826049804688,23.024826049804688,23.024826049804688,23.024826049804688,100,0.0,0.0
2024-08-14 00:00:00-04:00,23.139432907104492,23.139432907104492,23.139432907104492,23.139432907104492,0,0.126,0.0
2024-08-15 00:00:00-04:00,23.194007873535156,23.194007873535156,23.194007873535156,23.194007873535156,100,0.0,0.0
2024-08-16 00:00:00-04:00,23.194007873535156,23.194007873535156,23.194007873535156,23.194007873535156,0,0.0,0.0
2024-08-19 00:00:00-04:00,22.984810292320443,22.984810292320443,22.666460778090425,22.693748474121094,1400,0.0,0.0
2024-08-20 00:00:00-04:00,22.693748474121094,22.693748474121094,22.693748474121094,22.693748474121094,0,0.0,0.0
2024-08-21 00:00:00-04:00,22.693748474121094,22.693748474121094,22.693748474121094,22.693748474121094,0,0.0,0.0
2024-08-22 00:00:00-04:00,22.748315811157227,22.748315811157227,22.748315811157227,22.748315811157227,100,0.0,0.0
2024-08-23 00:00:00-04:00,22.748315811157227,22.748315811157227,22.748315811157227,22.748315811157227,0,0.0,0.0
2024-08-26 00:00:00-04:00,22.748315811157227,22.748315811157227,22.748315811157227,22.748315811157227,0,0.0,0.0
2024-08-27 00:00:00-04:00,22.748315811157227,22.748315811157227,22.748315811157227,22.748315811157227,0,0.0,0.0
2024-08-28 00:00:00-04:00,22.9211368560791,22.9211368560791,22.9211368560791,22.9211368560791,500,0.0,0.0
2024-08-29 00:00:00-04:00,23.121245171555795,23.14853286743164,23.121245171555795,23.14853286743164,500,0.0,0.0
2024-08-30 00:00:00-04:00,23.194007873535156,23.194007873535156,23.194007873535156,23.194007873535156,200,0.0,0.0
2024-09-03 00:00:00-04:00,23.112150192260742,23.112150192260742,23.112150192260742,23.112150192260742,100,0.0,0.0
2024-09-04 00:00:00-04:00,23.112150192260742,23.112150192260742,23.112150192260742,23.112150192260742,0,0.0,0.0
2024-09-05 00:00:00-04:00,23.112150192260742,23.112150192260742,23.112150192260742,23.112150192260742,0,0.0,0.0
2024-09-06 00:00:00-04:00,22.74832270037539,22.74832270037539,22.72103500366211,22.72103500366211,800,0.0,0.0
2024-09-09 00:00:00-04:00,22.72103500366211,22.72103500366211,22.72103500366211,22.72103500366211,100,0.0,0.0
2024-09-10 00:00:00-04:00,22.72103500366211,22.72103500366211,22.72103500366211,22.72103500366211,0,0.0,0.0
2024-09-11 00:00:00-04:00,22.72103500366211,22.72103500366211,22.72103500366211,22.72103500366211,0,0.0,0.0
2024-09-12 00:00:00-04:00,22.78470113795283,22.811988830566406,22.78470113795283,22.811988830566406,300,0.0,0.0
2024-09-13 00:00:00-04:00,22.860431671142578,22.860431671142578,22.860431671142578,22.860431671142578,200,0.123,0.0
2024-09-16 00:00:00-04:00,23.006681442260742,23.006681442260742,23.006681442260742,23.006681442260742,200,0.0,0.0
2024-09-17 00:00:00-04:00,23.006681442260742,23.006681442260742,23.006681442260742,23.006681442260742,0,0.0,0.0
2024-09-18 00:00:00-04:00,23.006681442260742,23.006681442260742,23.006681442260742,23.006681442260742,0,0.0,0.0
2024-09-19 00:00:00-04:00,22.75989002711713,22.896997451782227,22.75989002711713,22.896997451782227,1300,0.0,0.0
2024-09-20 00:00:00-04:00,22.896997451782227,22.896997451782227,22.896997451782227,22.896997451782227,0,0.0,0.0
2024-09-23 00:00:00-04:00,22.896997451782227,22.896997451782227,22.896997451782227,22.896997451782227,0,0.0,0.0
2024-09-24 00:00:00-04:00,22.75989002711713,22.896997451782227,22.659345512184323,22.896997451782227,1300,0.0,0.0
2024-09-25 00:00:00-04:00,22.723323822021484,22.723323822021484,22.723323822021484,22.723323822021484,600,0.0,0.0
2024-09-26 00:00:00-04:00,22.924421077692685,22.95184326171875,22.8421562690301,22.95184326171875,2500,0.0,0.0
2024-09-27 00:00:00-04:00,22.95184326171875,22.95184326171875,22.95184326171875,22.95184326171875,0,0.0,0.0
2024-09-30 00:00:00-04:00,22.95184326171875,22.95184326171875,22.95184326171875,22.95184326171875,0,0.0,0.0
2024-10-01 00:00:00-04:00,22.73246667020027,22.887855529785156,22.73246667020027,22.887855529785156,900,0.0,0.0
2024-10-02 00:00:00-04:00,22.887855529785156,22.887855529785156,22.887855529785156,22.887855529785156,0,0.0,0.0
2024-10-03 00:00:00-04:00,22.887855529785156,22.887855529785156,22.887855529785156,22.887855529785156,0,0.0,0.0
2024-10-04 00:00:00-04:00,22.887855529785156,22.887855529785156,22.887855529785156,22.887855529785156,0,0.0,0.0
2024-10-07 00:00:00-04:00,22.732464158882014,22.750743865966797,22.732464158882014,22.750743865966797,400,0.0,0.0
2024-10-08 00:00:00-04:00,22.750743865966797,22.750743865966797,22.750743865966797,22.750743865966797,100,0.0,0.0
2024-10-09 00:00:00-04:00,22.750743865966797,22.750743865966797,22.750743865966797,22.750743865966797,0,0.0,0.0
2024-10-10 00:00:00-04:00,22.750743865966797,22.750743865966797,22.750743865966797,22.750743865966797,0,0.0,0.0
2024-10-11 00:00:00-04:00,22.86003875732422,22.86003875732422,22.86003875732422,22.86003875732422,0,0.119,0.0
2024-10-14 00:00:00-04:00,22.86003875732422,22.86003875732422,22.86003875732422,22.86003875732422,0,0.0,0.0
2024-10-15 00:00:00-04:00,23.172311782836914,23.172311782836914,23.172311782836914,23.172311782836914,100,0.0,0.0
2024-10-16 00:00:00-04:00,22.915147737764975,22.915147737764975,22.713089207875505,22.869224548339844,5300,0.0,0.0
2024-10-17 00:00:00-04:00,22.99780772693966,22.99780772693966,22.869224548339844,22.869224548339844,1700,0.0,0.0
2024-10-18 00:00:00-04:00,22.869224548339844,22.869224548339844,22.84167238647532,22.869224548339844,3100,0.0,0.0
2024-10-21 00:00:00-04:00,22.869226969468926,22.88759624718371,22.8416748046875,22.8416748046875,3700,0.0,0.0
2024-10-22 00:00:00-04:00,22.8416748046875,22.8416748046875,22.8416748046875,22.8416748046875,2900,0.0,0.0
2024-10-23 00:00:00-04:00,22.82330322265625,22.82330322265625,22.82330322265625,22.82330322265625,6200,0.0,0.0
2024-10-24 00:00:00-04:00,22.795753479003906,23.09883957897924,22.795753479003906,22.795753479003906,3200,0.0,0.0
2024-10-25 00:00:00-04:00,22.795753479003906,23.09883957897924,22.795753479003906,22.795753479003906,400,0.0,0.0
2024-10-28 00:00:00-04:00,22.795753479003906,22.795753479003906,22.795753479003906,22.795753479003906,0,0.0,0.0
2024-10-29 00:00:00-04:00,23.089656196467683,23.089656196467683,22.79575472010137,23.052919387817383,2600,0.0,0.0
2024-10-30 00:00:00-04:00,23.052919387817383,23.052919387817383,23.052919387817383,23.052919387817383,0,0.0,0.0
2024-10-31 00:00:00-04:00,23.052919387817383,23.052919387817383,23.052919387817383,23.052919387817383,0,0.0,0.0
2024-11-01 00:00:00-04:00,23.052919387817383,23.052919387817383,23.052919387817383,23.052919387817383,0,0.0,0.0
2024-11-04 00:00:00-05:00,23.052919387817383,23.052919387817383,23.052919387817383,23.052919387817383,0,0.0,0.0
2024-11-05 00:00:00-05:00,23.052919387817383,23.052919387817383,23.052919387817383,23.052919387817383,0,0.0,0.0
2024-11-06 00:00:00-05:00,22.768202250007022,22.942705154418945,22.768202250007022,22.942705154418945,700,0.0,0.0
2024-11-07 00:00:00-05:00,22.915149688720703,22.915149688720703,22.915149688720703,22.915149688720703,500,0.0,0.0
2024-11-08 00:00:00-05:00,22.860042493300515,22.951887130737305,22.860042493300515,22.951887130737305,1000,0.0,0.0
2024-11-11 00:00:00-05:00,22.951887130737305,22.951887130737305,22.951887130737305,22.951887130737305,0,0.0,0.0
2024-11-12 00:00:00-05:00,22.951887130737305,22.951887130737305,22.951887130737305,22.951887130737305,900,0.0,0.0
2024-11-13 00:00:00-05:00,22.970256408582816,22.970256408582816,22.951887130737305,22.951887130737305,2500,0.0,0.0
2024-11-14 00:00:00-05:00,23.056140899658203,23.056140899658203,23.056140899658203,23.056140899658203,0,0.113,0.0
2024-11-15 00:00:00-05:00,23.148406799696662,23.148406799696662,22.78858757019043,22.78858757019043,1200,0.0,0.0
2024-11-18 00:00:00-05:00,22.89006805419922,22.89006805419922,22.89006805419922,22.89006805419922,300,0.0,0.0
2024-11-19 00:00:00-05:00,22.89006805419922,22.89006805419922,22.89006805419922,22.89006805419922,0,0.0,0.0
2024-11-20 00:00:00-05:00,22.89006805419922,22.89006805419922,22.89006805419922,22.89006805419922,0,0.0,0.0
2024-11-21 00:00:00-05:00,22.89006805419922,22.89006805419922,22.89006805419922,22.89006805419922,0,0.0,0.0
2024-11-22 00:00:00-05:00,23.102277755737305,23.102277755737305,23.102277755737305,23.102277755737305,300,0.0,0.0
2024-11-25 00:00:00-05:00,22.991557272785272,23.037687301635742,22.991557272785272,23.037687301635742,700,0.0,0.0
2024-11-26 00:00:00-05:00,23.019236345944236,23.037687301635742,23.019236345944236,23.037687301635742,2000,0.0,0.0
2024-11-27 00:00:00-05:00,22.926973796459006,23.019235610961914,22.890068366758744,23.019235610961914,1200,0.0,0.0
2024-11-29 00:00:00-05:00,23.074593102862853,23.074593102862853,22.890069465003762,23.065366744995117,1000,0.0,0.0
2024-12-02 00:00:00-05:00,23.093042373657227,23.093042373657227,23.093042373657227,23.093042373657227,200,0.0,0.0
2024-12-03 00:00:00-05:00,22.908518302281383,23.00078010559082,22.890065589669987,23.00078010559082,1600,0.0,0.0
2024-12-04 00:00:00-05:00,23.00078010559082,23.00078010559082,23.00078010559082,23.00078010559082,0,0.0,0.0
2024-12-05 00:00:00-05:00,23.00078010559082,23.00078010559082,23.00078010559082,23.00078010559082,0,0.0,0.0
2024-12-06 00:00:00-05:00,23.056136483677474,23.056136483677474,23.00078010559082,23.00078010559082,300,0.0,0.0
2024-12-09 00:00:00-05:00,23.00078010559082,23.00078010559082,23.00078010559082,23.00078010559082,0,0.0,0.0
2024-12-10 00:00:00-05:00,22.90852304669073,22.917749404907227,22.90852304669073,22.917749404907227,200,0.0,0.0
2024-12-11 00:00:00-05:00,22.917749404907227,22.917749404907227,22.917749404907227,22.917749404907227,0,0.0,0.0
2024-12-12 00:00:00-05:00,23.05613928091443,23.05613928091443,23.019235610961914,23.019235610961914,300,0.0,0.0
2024-12-13 00:00:00-05:00,23.139707431770077,23.167509078979492,23.139707431770077,23.167509078979492,2400,0.11,0.0
2024-12-16 00:00:00-05:00,23.167511219956864,23.167511219956864,23.047040939331055,23.047040939331055,3600,0.0,0.0
2024-12-17 00:00:00-05:00,23.047040939331055,23.047040939331055,23.047040939331055,23.047040939331055,0,0.0,0.0
2024-12-18 00:00:00-05:00,23.121174177513826,23.158241271972656,23.121174177513826,23.158241271972656,1000,0.0,0.0
2024-12-19 00:00:00-05:00,23.158241271972656,23.158241271972656,23.158241271972656,23.158241271972656,0,0.0,0.0
2024-12-20 00:00:00-05:00,22.9821720123291,23.000706446796467,22.9821720123291,22.9821720123291,3600,0.0,0.0
2024-12-23 00:00:00-05:00,23.028505325317383,23.028505325317383,23.028505325317383,23.028505325317383,800,0.0,0.0
2024-12-24 00:00:00-05:00,23.16750816796226,23.16750816796226,23.121173858642578,23.121173858642578,1000,0.0,0.0
2024-12-26 00:00:00-05:00,23.121173858642578,23.121173858642578,23.121173858642578,23.121173858642578,0,0.0,0.0
2024-12-27 00:00:00-05:00,23.121173858642578,23.121173858642578,23.121173858642578,23.121173858642578,400,0.0,0.0
2024-12-30 00:00:00-05:00,23.121173858642578,23.121173858642578,23.121173858642578,23.121173858642578,0,0.0,0.0
2024-12-31 00:00:00-05:00,22.991435464401878,23.074838638305664,22.982168248685827,23.074838638305664,2900,0.0,0.0
2025-01-02 00:00:00-05:00,23.074838638305664,23.074838638305664,23.074838638305664,23.074838638305664,0,0.0,0.0
2025-01-03 00:00:00-05:00,23.074838638305664,23.074838638305664,23.074838638305664,23.074838638305664,0,0.0,0.0
2025-01-06 00:00:00-05:00,23.074838638305664,23.074838638305664,23.074838638305664,23.074838638305664,0,0.0,0.0
2025-01-07 00:00:00-05:00,23.158241271972656,23.16750848747252,23.13970684097293,23.158241271972656,2200,0.0,0.0
2025-01-08 00:00:00-05:00,23.074838638305664,23.074838638305664,23.074838638305664,23.074838638305664,100,0.0,0.0
2025-01-10 00:00:00-05:00,23.148974596493396,23.148974596493396,23.074838638305664,23.074838638305664,900,0.0,0.0
2025-01-13 00:00:00-05:00,23.158241271972656,23.158241271972656,23.13970684097293,23.158241271972656,600,0.0,0.0
2025-01-14 00:00:00-05:00,23.25782585144043,23.25782585144043,23.25782585144043,23.25782585144043,0,0.107,0.0
2025-01-15 00:00:00-05:00,23.257822630447727,23.257822630447727,23.053072528179513,23.174060821533203,1600,0.0,0.0
2025-01-16 00:00:00-05:00,23.24851878525642,23.25782585144043,23.239211719072404,23.25782585144043,700,0.0,0.0
2025-01-17 00:00:00-05:00,23.25782585144043,23.25782585144043,23.25782585144043,23.25782585144043,0,0.0,0.0
2025-01-21 00:00:00-05:00,23.071694573111383,23.174068771796158,23.062387505023363,23.155454635620117,2500,0.0,0.0
2025-01-22 00:00:00-05:00,23.220600790538146,23.22990608215332,23.220600790538146,23.22990608215332,800,0.0,0.0
2025-01-23 00:00:00-05:00,23.099610697843186,23.22990608215332,23.099610697843186,23.22990608215332,2100,0.0,0.0
2025-01-24 00:00:00-05:00,23.23921089379026,23.285746223057743,23.201984405517578,23.201984405517578,7100,0.0,0.0
2025-01-27 00:00:00-05:00,23.211291471371073,23.211291471371073,23.155449076250093,23.201984405517578,1300,0.0,0.0
2025-01-28 00:00:00-05:00,23.201984405517578,23.201984405517578,23.201984405517578,23.201984405517578,0,0.0,0.0
2025-01-29 00:00:00-05:00,23.090302972438923,23.220600128173828,23.090302972438923,23.220600128173828,1000,0.0,0.0
2025-01-30 00:00:00-05:00,23.127527272198964,23.248515565552655,23.127527272198964,23.174060821533203,8500,0.0,0.0
2025-01-31 00:00:00-05:00,23.164756774902344,23.164756774902344,23.164756774902344,23.164756774902344,100,0.0,0.0
2025-02-03 00:00:00-05:00,23.164756774902344,23.164756774902344,23.164756774902344,23.164756774902344,0,0.0,0.0
2025-02-04 00:00:00-05:00,23.16475626575598,23.16475626575598,23.090301513671875,23.090301513671875,1900,0.0,0.0
2025-02-05 00:00:00-05:00,23.090301513671875,23.090301513671875,23.090301513671875,23.090301513671875,0,0.0,0.0
2025-02-06 00:00:00-05:00,23.090301513671875,23.090301513671875,23.090301513671875,23.090301513671875,1700,0.0,0.0
2025-02-07 00:00:00-05:00,23.099607467651367,23.099607467651367,23.099607467651367,23.099607467651367,2100,0.0,0.0
2025-02-10 00:00:00-05:00,23.239215333934073,23.332284235109718,23.090305802109697,23.118227005004883,5100,0.0,0.0
2025-02-11 00:00:00-05:00,23.118227005004883,23.164760568021883,23.118227005004883,23.118227005004883,1800,0.0,0.0
2025-02-12 00:00:00-05:00,23.118228138409762,23.332285379009065,23.10892107032174,23.155454635620117,6500,0.0,0.0
2025-02-13 00:00:00-05:00,23.155447453527948,23.155447453527948,23.12752803306534,23.1368350982666,2300,0.0,0.0
2025-02-14 00:00:00-05:00,23.23590850830078,23.263947481510325,23.23590850830078,23.23590850830078,1700,0.106,0.0
2025-02-18 00:00:00-05:00,23.291990280151367,23.291990280151367,23.291990280151367,23.291990280151367,100,0.0,0.0
2025-02-19 00:00:00-05:00,23.32003402709961,23.32003402709961,23.32003402709961,23.32003402709961,600,0.0,0.0
2025-02-20 00:00:00-05:00,23.32003402709961,23.32003402709961,23.32003402709961,23.32003402709961,0,0.0,0.0
2025-02-21 00:00:00-05:00,23.32003402709961,23.32003402709961,23.32003402709961,23.32003402709961,0,0.0,0.0
2025-02-24 00:00:00-05:00,23.32003402709961,23.32003402709961,23.32003402709961,23.32003402709961,0,0.0,0.0
2025-02-25 00:00:00-05:00,23.179833852476076,23.338727951049805,23.179833852476076,23.338727951049805,3200,0.0,0.0
2025-02-26 00:00:00-05:00,23.432192756666634,23.432192756666634,22.432095452960965,23.09571075439453,21800,0.0,0.0
2025-02-27 00:00:00-05:00,23.179828643798828,23.179828643798828,23.179828643798828,23.179828643798828,1100,0.0,0.0
2025-02-28 00:00:00-05:00,23.179828643798828,23.179828643798828,23.179828643798828,23.179828643798828,0,0.0,0.0
2025-03-03 00:00:00-05:00,23.563047409057617,23.563047409057617,23.563047409057617,23.563047409057617,300,0.0,0.0
2025-03-04 00:00:00-05:00,23.563047409057617,23.563047409057617,23.563047409057617,23.563047409057617,0,0.0,0.0
2025-03-05 00:00:00-05:00,23.563047409057617,23.563047409057617,23.563047409057617,23.563047409057617,0,0.0,0.0
2025-03-06 00:00:00-05:00,23.563047409057617,23.563047409057617,23.563047409057617,23.563047409057617,0,0.0,0.0
2025-03-07 00:00:00-05:00,23.348074041135842,23.36676788330078,23.348074041135842,23.36676788330078,300,0.0,0.0
2025-03-10 00:00:00-04:00,23.36676788330078,23.36676788330078,23.36676788330078,23.36676788330078,0,0.0,0.0
2025-03-11 00:00:00-04:00,23.376115798950195,23.376115798950195,23.376115798950195,23.376115798950195,200,0.0,0.0
2025-03-12 00:00:00-04:00,23.376115798950195,23.376115798950195,23.376115798950195,23.376115798950195,0,0.0,0.0
2025-03-13 00:00:00-04:00,23.133098602294922,23.133098602294922,23.133098602294922,23.133098602294922,800,0.0,0.0
2025-03-14 00:00:00-04:00,23.23259925842285,23.23259925842285,23.23259925842285,23.23259925842285,0,0.106,0.0
2025-03-17 00:00:00-04:00,23.23259925842285,23.23259925842285,23.23259925842285,23.23259925842285,0,0.0,0.0
2025-03-18 00:00:00-04:00,23.23259925842285,23.23259925842285,23.23259925842285,23.23259925842285,0,0.0,0.0
2025-03-19 00:00:00-04:00,23.420337677001953,23.420337677001953,23.420337677001953,23.420337677001953,300,0.0,0.0
2025-03-20 00:00:00-04:00,23.420337677001953,23.420337677001953,23.420337677001953,23.420337677001953,0,0.0,0.0
2025-03-21 00:00:00-04:00,23.420337677001953,23.420337677001953,23.420337677001953,23.420337677001953,0,0.0,0.0
2025-03-24 00:00:00-04:00,23.420337677001953,23.420337677001953,23.420337677001953,23.420337677001953,0,0.0,0.0
2025-03-25 00:00:00-04:00,23.420337677001953,23.420337677001953,23.420337677001953,23.420337677001953,0,0.0,0.0
2025-03-26 00:00:00-04:00,23.373397827148438,23.373397827148438,23.373397827148438,23.373397827148438,400,0.0,0.0
2025-03-27 00:00:00-04:00,23.373397827148438,23.373397827148438,23.373397827148438,23.373397827148438,0,0.0,0.0
2025-03-28 00:00:00-04:00,23.439111709594727,23.439111709594727,23.439111709594727,23.439111709594727,100,0.0,0.0
2025-03-31 00:00:00-04:00,23.439111709594727,23.439111709594727,23.439111709594727,23.439111709594727,0,0.0,0.0
2025-04-01 00:00:00-04:00,23.439111709594727,23.439111709594727,23.439111709594727,23.439111709594727,0,0.0,0.0
2025-04-02 00:00:00-04:00,23.439111709594727,23.439111709594727,23.439111709594727,23.439111709594727,0,0.0,0.0
2025-04-03 00:00:00-04:00,23.439111709594727,23.439111709594727,23.439111709594727,23.439111709594727,0,0.0,0.0
2025-04-04 00:00:00-04:00,23.51420783996582,23.51420783996582,23.51420783996582,23.51420783996582,200,0.0,0.0
2025-04-07 00:00:00-04:00,23.232597046590424,23.232597046590424,23.1856632232666,23.1856632232666,900,0.0,0.0
2025-04-08 00:00:00-04:00,23.1856632232666,23.1856632232666,23.1856632232666,23.1856632232666,0,0.0,0.0
2025-04-09 00:00:00-04:00,23.1856632232666,23.1856632232666,23.1856632232666,23.1856632232666,100,0.0,0.0
2025-04-10 00:00:00-04:00,23.1856632232666,23.1856632232666,23.1856632232666,23.1856632232666,0,0.0,0.0
2025-04-11 00:00:00-04:00,23.1856632232666,23.1856632232666,23.1856632232666,23.1856632232666,0,0.0,0.0
2025-04-14 00:00:00-04:00,23.011262893676758,23.011262893676758,23.011262893676758,23.011262893676758,100,0.105,0.0
2025-04-15 00:00:00-04:00,23.4166259765625,23.4166259765625,23.4166259765625,23.4166259765625,100,0.0,0.0
2025-04-16 00:00:00-04:00,23.52974510192871,23.52974510192871,23.52974510192871,23.52974510192871,100,0.0,0.0
2025-04-17 00:00:00-04:00,23.52974510192871,23.52974510192871,23.52974510192871,23.52974510192871,0,0.0,0.0
2025-04-21 00:00:00-04:00,23.52974510192871,23.52974510192871,23.52974510192871,23.52974510192871,0,0.0,0.0
2025-04-22 00:00:00-04:00,23.52974510192871,23.52974510192871,23.52974510192871,23.52974510192871,0,0.0,0.0
2025-04-23 00:00:00-04:00,23.52974510192871,23.52974510192871,23.52974510192871,23.52974510192871,0,0.0,0.0
2025-04-24 00:00:00-04:00,23.52974510192871,23.52974510192871,23.52974510192871,23.52974510192871,0,0.0,0.0
2025-04-25 00:00:00-04:00,23.397771009596706,23.397771009596706,23.388343811035156,23.388343811035156,1300,0.0,0.0
2025-04-28 00:00:00-04:00,23.388343811035156,23.388343811035156,23.388343811035156,23.388343811035156,0,0.0,0.0
2025-04-29 00:00:00-04:00,23.388343811035156,23.388343811035156,23.388343811035156,23.388343811035156,0,0.0,0.0
2025-04-30 00:00:00-04:00,23.388343811035156,23.388343811035156,23.388343811035156,23.388343811035156,0,0.0,0.0
2025-05-01 00:00:00-04:00,23.388343811035156,23.388343811035156,23.388343811035156,23.388343811035156,0,0.0,0.0
2025-05-02 00:00:00-04:00,23.388343811035156,23.388343811035156,23.388343811035156,23.388343811035156,0,0.0,0.0
2025-05-05 00:00:00-04:00,23.388343811035156,23.388343811035156,23.388343811035156,23.388343811035156,0,0.0,0.0
2025-05-06 00:00:00-04:00,23.28464698791504,23.28464698791504,23.28464698791504,23.28464698791504,600,0.0,0.0
2025-05-07 00:00:00-04:00,23.28464698791504,23.28464698791504,23.28464698791504,23.28464698791504,0,0.0,0.0
2025-05-08 00:00:00-04:00,23.237510997607444,23.28464698791504,23.096106622793016,23.28464698791504,5700,0.0,0.0
2025-05-09 00:00:00-04:00,23.19980615951913,23.26579475402832,23.19980615951913,23.26579475402832,1100,0.0,0.0
2025-05-12 00:00:00-04:00,23.199800988051138,23.47318250408606,23.199800988051138,23.36005973815918,4400,0.0,0.0
2025-05-13 00:00:00-04:00,23.303500668415637,23.303500668415637,23.199805081030696,23.27522087097168,3200,0.0,0.0
2025-05-14 00:00:00-04:00,23.46930173885661,23.47876739501953,23.46930173885661,23.47876739501953,900,0.105,0.0
2025-05-15 00:00:00-04:00,23.56397247314453,23.56397247314453,23.56397247314453,23.56397247314453,100,0.0,0.0
2025-05-16 00:00:00-04:00,23.56397247314453,23.56397247314453,23.56397247314453,23.56397247314453,0,0.0,0.0
2025-05-19 00:00:00-04:00,23.56397247314453,23.56397247314453,23.56397247314453,23.56397247314453,0,0.0,0.0
2025-05-20 00:00:00-04:00,23.56397247314453,23.56397247314453,23.56397247314453,23.56397247314453,0,0.0,0.0
2025-05-21 00:00:00-04:00,23.55450439453125,23.55450439453125,23.55450439453125,23.55450439453125,300,0.0,0.0
2025-05-22 00:00:00-04:00,23.526105880737305,23.563973924483435,23.526105880737305,23.526105880737305,1800,0.0,0.0
2025-05-23 00:00:00-04:00,23.526105880737305,23.526105880737305,23.526105880737305,23.526105880737305,0,0.0,0.0
2025-05-27 00:00:00-04:00,23.526105880737305,23.526105880737305,23.526105880737305,23.526105880737305,0,0.0,0.0
2025-05-28 00:00:00-04:00,23.526105880737305,23.526105880737305,23.526105880737305,23.526105880737305,0,0.0,0.0
2025-05-29 00:00:00-04:00,23.526105880737305,23.526105880737305,23.526105880737305,23.526105880737305,0,0.0,0.0
2025-05-30 00:00:00-04:00,23.829050064086914,23.829050064086914,23.829050064086914,23.829050064086914,200,0.0,0.0
2025-06-02 00:00:00-04:00,23.829050064086914,23.829050064086914,23.829050064086914,23.829050064086914,0,0.0,0.0
2025-06-03 00:00:00-04:00,23.829050064086914,23.829050064086914,23.829050064086914,23.829050064086914,0,0.0,0.0
2025-06-04 00:00:00-04:00,24.01840043460777,24.01840043460777,23.72491455078125,23.72491455078125,700,0.0,0.0
2025-06-05 00:00:00-04:00,23.72491455078125,23.72491455078125,23.72491455078125,23.72491455078125,0,0.0,0.0
2025-06-06 00:00:00-04:00,23.72491455078125,23.72491455078125,23.72491455078125,23.72491455078125,0,0.0,0.0
2025-06-09 00:00:00-04:00,23.72491455078125,23.72491455078125,23.72491455078125,23.72491455078125,0,0.0,0.0
2025-06-10 00:00:00-04:00,23.72491455078125,23.72491455078125,23.72491455078125,23.72491455078125,0,0.0,0.0
2025-06-11 00:00:00-04:00,23.61131005583878,23.620777517735416,23.47876739501953,23.47876739501953,1100,0.0,0.0
2025-06-12 00:00:00-04:00,23.639711380004883,23.639711380004883,23.639711380004883,23.639711380004883,200,0.0,0.0
2025-06-13 00:00:00-04:00,23.74049186706543,23.74049186706543,23.74049186706543,23.74049186706543,0,0.106,0.0
2025-06-16 00:00:00-04:00,23.74049186706543,23.74049186706543,23.74049186706543,23.74049186706543,200,0.0,0.0
2025-06-17 00:00:00-04:00,23.74049186706543,23.74049186706543,23.74049186706543,23.74049186706543,0,0.0,0.0
2025-06-18 00:00:00-04:00,23.74049186706543,23.74049186706543,23.74049186706543,23.74049186706543,0,0.0,0.0
2025-06-20 00:00:00-04:00,23.74049186706543,23.74049186706543,23.74049186706543,23.74049186706543,0,0.0,0.0
2025-06-23 00:00:00-04:00,23.57886090151058,23.57886090151058,23.445755004882812,23.445755004882812,3700,0.0,0.0
2025-06-24 00:00:00-04:00,23.445755004882812,23.445755004882812,23.445755004882812,23.445755004882812,0,0.0,0.0
2025-06-25 00:00:00-04:00,23.51230812072754,23.51230812072754,23.51230812072754,23.51230812072754,700,0.0,0.0
2025-06-26 00:00:00-04:00,23.902119444514067,23.997195861396182,23.721476247213047,23.864089965820312,3100,0.0,0.0
2025-06-27 00:00:00-04:00,23.864089965820312,23.864089965820312,23.864089965820312,23.864089965820312,0,0.0,0.0
2025-06-30 00:00:00-04:00,23.873598098754883,23.873598098754883,23.873598098754883,23.873598098754883,200,0.0,0.0
2025-07-01 00:00:00-04:00,23.550340033445867,23.550340033445867,23.53132438659668,23.53132438659668,500,0.0,0.0
2025-07-02 00:00:00-04:00,23.70246124267578,23.70246124267578,23.70246124267578,23.70246124267578,100,0.0,0.0
2025-07-03 00:00:00-04:00,23.70246124267578,23.70246124267578,23.70246124267578,23.70246124267578,0,0.0,0.0
2025-07-07 00:00:00-04:00,23.70246124267578,23.70246124267578,23.70246124267578,23.70246124267578,0,0.0,0.0
2025-07-08 00:00:00-04:00,23.81655180628835,23.81655180628835,23.71196937561035,23.71196937561035,600,0.0,0.0
2025-07-09 00:00:00-04:00,23.71196937561035,23.71196937561035,23.71196937561035,23.71196937561035,0,0.0,0.0
2025-07-10 00:00:00-04:00,23.721476771765,23.721476771765,23.578861236572266,23.578861236572266,700,0.0,0.0
2025-07-11 00:00:00-04:00,23.578861236572266,23.578861236572266,23.578861236572266,23.578861236572266,100,0.0,0.0
2025-07-14 00:00:00-04:00,23.77555551961251,23.77555551961251,23.718265533447266,23.718265533447266,400,0.106,0.0
2025-07-15 00:00:00-04:00,23.775556564331055,23.775556564331055,23.775556564331055,23.775556564331055,200,0.0,0.0
2025-07-16 00:00:00-04:00,23.775556564331055,23.823299739246487,23.775556564331055,23.775556564331055,2100,0.0,0.0
2025-07-17 00:00:00-04:00,23.775556564331055,23.775556564331055,23.775556564331055,23.775556564331055,0,0.0,0.0
2025-07-18 00:00:00-04:00,23.775556564331055,23.775556564331055,23.775556564331055,23.775556564331055,0,0.0,0.0
2025-07-21 00:00:00-04:00,23.775556564331055,23.775556564331055,23.775556564331055,23.775556564331055,0,0.0,0.0
2025-07-22 00:00:00-04:00,23.775556564331055,23.775556564331055,23.775556564331055,23.775556564331055,0,0.0,0.0
2025-07-23 00:00:00-04:00,23.775556564331055,23.775556564331055,23.775556564331055,23.775556564331055,0,0.0,0.0
2025-07-24 00:00:00-04:00,23.775556564331055,23.775556564331055,23.775556564331055,23.775556564331055,0,0.0,0.0
2025-07-25 00:00:00-04:00,23.775556564331055,23.775556564331055,23.775556564331055,23.775556564331055,0,0.0,0.0
2025-07-28 00:00:00-04:00,23.775556564331055,23.775556564331055,23.775556564331055,23.775556564331055,0,0.0,0.0
2025-07-29 00:00:00-04:00,23.775556564331055,23.775556564331055,23.775556564331055,23.775556564331055,0,0.0,0.0
2025-07-30 00:00:00-04:00,23.775556564331055,23.775556564331055,23.775556564331055,23.775556564331055,0,0.0,0.0
2025-07-31 00:00:00-04:00,23.775556564331055,23.775556564331055,23.775556564331055,23.775556564331055,0,0.0,0.0
2025-08-01 00:00:00-04:00,23.775556564331055,23.775556564331055,23.775556564331055,23.775556564331055,0,0.0,0.0
2025-08-04 00:00:00-04:00,23.775556564331055,23.775556564331055,23.775556564331055,23.775556564331055,0,0.0,0.0
2025-08-05 00:00:00-04:00,23.775556564331055,23.775556564331055,23.775556564331055,23.775556564331055,0,0.0,0.0
2025-08-06 00:00:00-04:00,23.775556564331055,23.775556564331055,23.775556564331055,23.775556564331055,0,0.0,0.0
2025-08-07 00:00:00-04:00,23.775556564331055,23.775556564331055,23.775556564331055,23.775556564331055,0,0.0,0.0
2025-08-08 00:00:00-04:00,23.775556564331055,23.775556564331055,23.775556564331055,23.775556564331055,0,0.0,0.0
2025-08-11 00:00:00-04:00,23.775556564331055,23.775556564331055,23.775556564331055,23.775556564331055,0,0.0,0.0
2025-08-12 00:00:00-04:00,23.775556564331055,23.775556564331055,23.775556564331055,23.775556564331055,0,0.0,0.0
2025-08-13 00:00:00-04:00,23.775556564331055,23.775556564331055,23.775556564331055,23.775556564331055,0,0.0,0.0
2025-08-14 00:00:00-04:00,23.87720489501953,23.87720489501953,23.87720489501953,23.87720489501953,0,0.106,0.0
2025-08-15 00:00:00-04:00,23.87720489501953,23.87720489501953,23.87720489501953,23.87720489501953,0,0.0,0.0
2025-08-18 00:00:00-04:00,23.98268955661145,23.98268955661145,23.474459176112234,23.858028411865234,3200,0.0,0.0
2025-08-19 00:00:00-04:00,23.85802597793786,23.87720489501953,23.85802597793786,23.87720489501953,1500,0.0,0.0
2025-08-20 00:00:00-04:00,23.87720489501953,23.87720489501953,23.87720489501953,23.87720489501953,0,0.0,0.0
2025-08-21 00:00:00-04:00,23.87720489501953,23.87720489501953,23.87720489501953,23.87720489501953,0,0.0,0.0
2025-08-22 00:00:00-04:00,23.97309684753418,23.97309684753418,23.97309684753418,23.97309684753418,200,0.0,0.0
2025-08-25 00:00:00-04:00,23.97309684753418,23.97309684753418,23.97309684753418,23.97309684753418,0,0.0,0.0
2025-08-26 00:00:00-04:00,23.97309684753418,23.97309684753418,23.97309684753418,23.97309684753418,0,0.0,0.0
2025-08-27 00:00:00-04:00,24.068988800048828,24.068988800048828,24.068988800048828,24.068988800048828,800,0.0,0.0
2025-08-28 00:00:00-04:00,24.068988800048828,24.068988800048828,24.068988800048828,24.068988800048828,0,0.0,0.0
2025-08-29 00:00:00-04:00,24.068988800048828,24.068988800048828,24.068988800048828,24.068988800048828,0,0.0,0.0
2025-09-02 00:00:00-04:00,24.241596221923828,24.241596221923828,24.241596221923828,24.241596221923828,200,0.0,0.0
2025-09-03 00:00:00-04:00,24.241596221923828,24.241596221923828,24.241596221923828,24.241596221923828,0,0.0,0.0
2025-09-04 00:00:00-04:00,24.241596221923828,24.241596221923828,24.241596221923828,24.241596221923828,0,0.0,0.0
2025-09-05 00:00:00-04:00,24.241596221923828,24.241596221923828,24.241596221923828,24.241596221923828,0,0.0,0.0
2025-09-08 00:00:00-04:00,24.241596221923828,24.241596221923828,24.241596221923828,24.241596221923828,0,0.0,0.0
2025-09-09 00:00:00-04:00,24.241596221923828,24.241596221923828,24.241596221923828,24.241596221923828,0,0.0,0.0
2025-09-10 00:00:00-04:00,24.241596221923828,24.241596221923828,24.241596221923828,24.241596221923828,0,0.0,0.0
2025-09-11 00:00:00-04:00,24.241596221923828,24.241596221923828,24.241596221923828,24.241596221923828,0,0.0,0.0
2025-09-12 00:00:00-04:00,24.34173583984375,24.34173583984375,24.34173583984375,24.34173583984375,0,0.104,0.0
2025-09-15 00:00:00-04:00,24.34173583984375,24.34173583984375,24.34173583984375,24.34173583984375,0,0.0,0.0
2025-09-16 00:00:00-04:00,24.34173583984375,24.34173583984375,24.34173583984375,24.34173583984375,100,0.0,0.0
2025-09-17 00:00:00-04:00,24.34173583984375,24.34173583984375,24.34173583984375,24.34173583984375,0,0.0,0.0
2025-09-18 00:00:00-04:00,24.34173583984375,24.34173583984375,24.34173583984375,24.34173583984375,0,0.0,0.0
2025-09-19 00:00:00-04:00,24.34173583984375,24.34173583984375,24.34173583984375,24.34173583984375,0,0.0,0.0
2025-09-22 00:00:00-04:00,24.34173583984375,24.34173583984375,24.34173583984375,24.34173583984375,0,0.0,0.0
2025-09-23 00:00:00-04:00,24.34173583984375,24.34173583984375,24.34173583984375,24.34173583984375,0,0.0,0.0
2025-09-24 00:00:00-04:00,24.34173583984375,24.34173583984375,24.34173583984375,24.34173583984375,0,0.0,0.0
2025-09-25 00:00:00-04:00,24.34173583984375,24.34173583984375,24.34173583984375,24.34173583984375,0,0.0,0.0
2025-09-26 00:00:00-04:00,24.34173583984375,24.34173583984375,24.34173583984375,24.34173583984375,0,0.0,0.0
2025-09-29 00:00:00-04:00,23.619571685791016,23.619571685791016,23.619571685791016,23.619571685791016,600,0.0,0.0
2025-09-30 00:00:00-04:00,23.73511505126953,23.73511505126953,23.73511505126953,23.73511505126953,200,0.0,0.0
2025-10-01 00:00:00-04:00,23.73511505126953,23.73511505126953,23.73511505126953,23.73511505126953,0,0.0,0.0
2025-10-02 00:00:00-04:00,23.927694990133315,24.312848661016115,23.927694990133315,24.129899978637695,1300,0.0,0.0
2025-10-03 00:00:00-04:00,24.129899978637695,24.129899978637695,24.129899978637695,24.129899978637695,0,0.0,0.0
2025-10-06 00:00:00-04:00,24.129899978637695,24.129899978637695,24.129899978637695,24.129899978637695,0,0.0,0.0
2025-10-07 00:00:00-04:00,23.73512035634187,24.05287240615768,23.65808961203979,23.927698135375977,16100,0.0,0.0
2025-10-08 00:00:00-04:00,23.927698135375977,23.927698135375977,23.927698135375977,23.927698135375977,0,0.0,0.0
2025-10-09 00:00:00-04:00,23.956583516640624,23.956583516640624,23.91806906276849,23.927698135375977,1200,0.0,0.0
2025-10-10 00:00:00-04:00,23.927698135375977,23.927698135375977,23.927698135375977,23.927698135375977,0,0.0,0.0
2025-10-13 00:00:00-04:00,23.879550534908194,24.072128295898438,23.754376275854884,24.072128295898438,2400,0.0,0.0
2025-10-14 00:00:00-04:00,24.31381607055664,24.31381607055664,24.31381607055664,24.31381607055664,100,0.1,0.0
2025-10-15 00:00:00-04:00,24.217140953888958,24.362155253535466,23.733764872223045,24.19780731201172,1000,0.0,0.0
2025-10-16 00:00:00-04:00,24.12046463528539,24.12046463528539,24.033456802368164,24.033456802368164,1100,0.0,0.0
2025-10-17 00:00:00-04:00,23.898113250732422,23.898113250732422,23.898113250732422,23.898113250732422,200,0.0,0.0
2025-10-20 00:00:00-04:00,23.782101729469503,24.014122009277344,23.782101729469503,24.014122009277344,300,0.0,0.0
2025-10-21 00:00:00-04:00,23.97544814678458,24.12046241760254,23.907775803833825,24.12046241760254,3800,0.0,0.0
2025-10-22 00:00:00-04:00,24.12046241760254,24.12046241760254,24.12046241760254,24.12046241760254,0,0.0,0.0
2025-10-23 00:00:00-04:00,24.12046241760254,24.12046241760254,24.12046241760254,24.12046241760254,0,0.0,0.0
2025-10-24 00:00:00-04:00,24.217140197753906,24.217140197753906,24.217140197753906,24.217140197753906,200,0.0,0.0
2025-10-27 00:00:00-04:00,24.12046241760254,24.12046241760254,24.12046241760254,24.12046241760254,400,0.0,0.0
2025-10-28 00:00:00-04:00,24.12046241760254,24.12046241760254,24.12046241760254,24.12046241760254,0,0.0,0.0
2025-10-29 00:00:00-04:00,24.12046241760254,24.12046241760254,24.12046241760254,24.12046241760254,0,0.0,0.0
2025-10-30 00:00:00-04:00,24.12046241760254,24.12046241760254,24.12046241760254,24.12046241760254,0,0.0,0.0
2025-10-31 00:00:00-04:00,24.12046241760254,24.12046241760254,24.12046241760254,24.12046241760254,100,0.0,0.0
2025-11-03 00:00:00-05:00,24.12046241760254,24.12046241760254,24.12046241760254,24.12046241760254,0,0.0,0.0
2025-11-04 00:00:00-05:00,23.849776259324766,24.11079978942871,23.849776259324766,24.11079978942871,500,0.0,0.0
2025-11-05 00:00:00-05:00,24.023794174194336,24.023794174194336,24.023794174194336,24.023794174194336,300,0.0,0.0
2025-11-06 00:00:00-05:00,24.023794174194336,24.023794174194336,24.023794174194336,24.023794174194336,0,0.0,0.0
2025-11-07 00:00:00-05:00,24.023794174194336,24.023794174194336,24.023794174194336,24.023794174194336,0,0.0,0.0
2025-11-10 00:00:00-05:00,24.023794174194336,24.023794174194336,24.023794174194336,24.023794174194336,0,0.0,0.0
2025-11-11 00:00:00-05:00,24.023794174194336,24.023794174194336,24.023794174194336,24.023794174194336,0,0.0,0.0
2025-11-12 00:00:00-05:00,24.04312515258789,24.04312515258789,24.04312515258789,24.04312515258789,200,0.0,0.0
2025-11-13 00:00:00-05:00,23.946449658158382,24.014122009277344,23.898110947406785,24.014122009277344,1400,0.0,0.0
2025-11-14 00:00:00-05:00,24.10826301574707,24.10826301574707,24.10826301574707,24.10826301574707,0,0.097,0.0
2025-11-17 00:00:00-05:00,24.14708497118744,24.14708497118744,23.904449462890625,23.904449462890625,5600,0.0,0.0
2025-11-18 00:00:00-05:00,24.127678971489434,24.13738461534215,24.11797332763672,24.11797332763672,6400,0.0,0.0
2025-11-19 00:00:00-05:00,24.11797332763672,24.11797332763672,24.11797332763672,24.11797332763672,2300,0.0,0.0
2025-11-20 00:00:00-05:00,24.040328979492188,24.040328979492188,24.040328979492188,24.040328979492188,700,0.0,0.0
2025-11-21 00:00:00-05:00,23.914156616446814,24.030622482299805,23.914156616446814,24.030622482299805,2400,0.0,0.0
2025-11-24 00:00:00-05:00,24.030622482299805,24.030622482299805,24.030622482299805,24.030622482299805,0,0.0,0.0
2025-11-25 00:00:00-05:00,24.030622482299805,24.030622482299805,24.030622482299805,24.030622482299805,0,0.0,0.0
2025-11-26 00:00:00-05:00,24.030624384124565,24.20532227114887,23.914158509054268,24.11797332763672,8400,0.0,0.0
2025-11-28 00:00:00-05:00,24.11797332763672,24.11797332763672,24.11797332763672,24.11797332763672,0,0.0,0.0
2025-12-01 00:00:00-05:00,24.11797332763672,24.11797332763672,24.11797332763672,24.11797332763672,0,0.0,0.0
2025-12-02 00:00:00-05:00,24.07914924621582,24.07914924621582,24.07914924621582,24.07914924621582,800,0.0,0.0
2025-12-03 00:00:00-05:00,24.07914924621582,24.282964052050847,24.07914924621582,24.07914924621582,1200,0.0,0.0
2025-12-04 00:00:00-05:00,24.07914924621582,24.07914924621582,24.07914924621582,24.07914924621582,0,0.0,0.0
2025-12-05 00:00:00-05:00,24.09856053270719,24.09856053270719,24.07914924621582,24.07914924621582,1000,0.0,0.0
2025-12-08 00:00:00-05:00,24.07914924621582,24.07914924621582,24.07914924621582,24.07914924621582,0,0.0,0.0
2025-12-09 00:00:00-05:00,24.07914924621582,24.07914924621582,24.07914924621582,24.07914924621582,0,0.0,0.0
2025-12-10 00:00:00-05:00,24.07914924621582,24.07914924621582,24.07914924621582,24.07914924621582,0,0.0,0.0
2025-12-11 00:00:00-05:00,24.07914924621582,24.07914924621582,24.07914924621582,24.07914924621582,0,0.0,0.0
2025-12-12 00:00:00-05:00,24.172683715820312,24.172683715820312,24.172683715820312,24.172683715820312,0,0.096,0.0
2025-12-15 00:00:00-05:00,24.26037334431344,24.26037334431344,24.192171787829892,24.211658477783203,2000,0.0,0.0
2025-12-16 00:00:00-05:00,24.211658477783203,24.211658477783203,24.211658477783203,24.211658477783203,1000,0.0,0.0
2025-12-17 00:00:00-05:00,24.357803336147292,24.357803336147292,24.08499526977539,24.08499526977539,7200,0.0,0.0
2025-12-18 00:00:00-05:00,24.08499526977539,24.08499526977539,24.08499526977539,24.08499526977539,0,0.0,0.0
2025-12-19 00:00:00-05:00,24.221400240669027,24.357803344726562,24.221400240669027,24.357803344726562,2200,0.0,0.0
2025-12-22 00:00:00-05:00,24.357803344726562,24.357803344726562,24.357803344726562,24.357803344726562,0,0.0,0.0
2025-12-23 00:00:00-05:00,24.357803344726562,24.357803344726562,24.357803344726562,24.357803344726562,0,0.0,0.0
2025-12-24 00:00:00-05:00,24.357803344726562,24.357803344726562,24.357803344726562,24.357803344726562,0,0.0,0.0
2025-12-26 00:00:00-05:00,24.08499526977539,24.08499526977539,24.08499526977539,24.08499526977539,2000,0.0,0.0
2025-12-29 00:00:00-05:00,24.162940174627582,24.357803344726562,24.162940174627582,24.357803344726562,600,0.0,0.0
2025-12-30 00:00:00-05:00,24.357803344726562,24.357803344726562,24.357803344726562,24.357803344726562,0,0.0,0.0
2025-12-31 00:00:00-05:00,24.357803344726562,24.357803344726562,24.357803344726562,24.357803344726562,0,0.0,0.0
2026-01-02 00:00:00-05:00,24.357803344726562,24.357803344726562,24.357803344726562,24.357803344726562,0,0.0,0.0
2026-01-05 00:00:00-05:00,24.357803344726562,24.357803344726562,24.357803344726562,24.357803344726562,0,0.0,0.0
2026-01-06 00:00:00-05:00,24.357803344726562,24.357803344726562,24.357803344726562,24.357803344726562,0,0.0,0.0
2026-01-07 00:00:00-05:00,24.357803344726562,24.357803344726562,24.357803344726562,24.357803344726562,0,0.0,0.0
2026-01-08 00:00:00-05:00,24.357803344726562,24.357803344726562,24.357803344726562,24.357803344726562,0,0.0,0.0
2026-01-09 00:00:00-05:00,24.036277770996094,24.036277770996094,24.036277770996094,24.036277770996094,500,0.0,0.0
2026-01-12 00:00:00-05:00,23.968076744297566,24.03627829029787,23.968076744297566,23.997304916381836,5400,0.0,0.0
2026-01-13 00:00:00-05:00,24.0655093494061,24.162939071655273,23.695269714789053,24.162939071655273,7800,0.0,0.0
2026-01-14 00:00:00-05:00,24.293011066799448,24.293011066799448,24.116974457346892,24.253890991210938,1600,0.093,0.0
2026-01-15 00:00:00-05:00,24.351690763146074,24.351690763146074,24.107195872220213,24.204994201660156,1700,0.0,0.0
2026-01-16 00:00:00-05:00,24.204992869266434,24.204992869266434,24.14631462097168,24.14631462097168,700,0.0,0.0
2026-01-20 00:00:00-05:00,24.253890991210938,24.253890991210938,24.253890991210938,24.253890991210938,1800,0.0,0.0
2026-01-21 00:00:00-05:00,24.253890991210938,24.263671010108066,24.253890991210938,24.253890991210938,2300,0.0,0.0
2026-01-22 00:00:00-05:00,24.263669967651367,24.263669967651367,24.263669967651367,24.263669967651367,100,0.0,0.0
2026-01-23 00:00:00-05:00,24.253890991210938,24.253890991210938,24.253890991210938,24.253890991210938,100,0.0,0.0
2026-01-26 00:00:00-05:00,24.478829366678486,24.478829366678486,24.381031036376953,24.381031036376953,700,0.0,0.0
2026-01-27 00:00:00-05:00,24.47883041440752,24.47883041440752,24.371252059936523,24.371252059936523,3000,0.0,0.0
2026-01-28 00:00:00-05:00,24.371252059936523,24.371252059936523,24.371252059936523,24.371252059936523,0,0.0,0.0
2026-01-29 00:00:00-05:00,24.371252059936523,24.371252059936523,24.371252059936523,24.371252059936523,0,0.0,0.0
2026-01-30 00:00:00-05:00,24.263671010108066,24.263671010108066,24.253890991210938,24.253890991210938,500,0.0,0.0
2026-02-02 00:00:00-05:00,24.253890991210938,24.253890991210938,24.253890991210938,24.253890991210938,0,0.0,0.0
2026-02-03 00:00:00-05:00,24.253890991210938,24.253890991210938,24.253890991210938,24.253890991210938,0,0.0,0.0
2026-02-04 00:00:00-05:00,24.253890991210938,24.253890991210938,24.253890991210938,24.253890991210938,0,0.0,0.0
2026-02-05 00:00:00-05:00,24.253890991210938,24.253890991210938,24.253890991210938,24.253890991210938,0,0.0,0.0
2026-02-06 00:00:00-05:00,24.253890991210938,24.253890991210938,24.253890991210938,24.253890991210938,0,0.0,0.0
2026-02-09 00:00:00-05:00,24.253890991210938,24.253890991210938,24.253890991210938,24.253890991210938,0,0.0,0.0
2026-02-10 00:00:00-05:00,24.253890991210938,24.253890991210938,24.253890991210938,24.253890991210938,0,0.0,0.0
2026-02-11 00:00:00-05:00,24.253890991210938,24.253890991210938,24.253890991210938,24.253890991210938,0,0.0,0.0
2026-02-12 00:00:00-05:00,24.253890991210938,24.253890991210938,24.253890991210938,24.253890991210938,0,0.0,0.0
2026-02-13 00:00:00-05:00,24.344202041625977,24.344202041625977,24.344202041625977,24.344202041625977,0,0.092,0.0
2026-02-17 00:00:00-05:00,24.432546615600586,24.432546615600586,24.432546615600586,24.432546615600586,100,0.0,0.0
2026-02-18 00:00:00-05:00,24.432546615600586,24.432546615600586,24.432546615600586,24.432546615600586,0,0.0,0.0
2026-02-19 00:00:00-05:00,24.344202041625977,24.344202041625977,24.344202041625977,24.344202041625977,1100,0.0,0.0
2026-02-20 00:00:00-05:00,24.540525188599744,24.677951530521987,24.540525188599744,24.619054794311523,1600,0.0,0.0
2026-02-23 00:00:00-05:00,24.619054794311523,24.619054794311523,24.619054794311523,24.619054794311523,0,0.0,0.0
2026-02-24 00:00:00-05:00,24.619054794311523,24.619054794311523,24.619054794311523,24.619054794311523,500,0.0,0.0
2026-02-25 00:00:00-05:00,24.619055638662587,24.619055638662587,24.255855029605616,24.275487899780273,800,0.0,0.0
2026-02-26 00:00:00-05:00,24.275487899780273,24.275487899780273,24.275487899780273,24.275487899780273,0,0.0,0.0
2026-02-27 00:00:00-05:00,24.491445541381836,24.491445541381836,24.491445541381836,24.491445541381836,400,0.0,0.0
2026-03-02 00:00:00-05:00,24.491445541381836,24.491445541381836,24.491445541381836,24.491445541381836,0,0.0,0.0
2026-03-03 00:00:00-05:00,24.491445541381836,24.491445541381836,24.491445541381836,24.491445541381836,0,0.0,0.0
2026-03-04 00:00:00-05:00,24.246042251586914,24.246042251586914,24.246042251586914,24.246042251586914,600,0.0,0.0
2026-03-05 00:00:00-05:00,24.344200980381284,24.383466720581055,24.334386417624888,24.383466720581055,2100,0.0,0.0
2026-03-06 00:00:00-05:00,24.383466720581055,24.383466720581055,24.383466720581055,24.383466720581055,0,0.0,0.0
2026-03-09 00:00:00-04:00,24.383466720581055,24.383466720581055,24.383466720581055,24.383466720581055,0,0.0,0.0
2026-03-10 00:00:00-04:00,24.599421924810205,24.619054794311523,24.35401667292421,24.619054794311523,3700,0.0,0.0
2026-03-11 00:00:00-04:00,24.373651348059596,24.373651348059596,24.31475460748598,24.344202041625977,3000,0.0,0.0
2026-03-12 00:00:00-04:00,24.383467783537473,24.383467783537473,24.344202041625977,24.344202041625977,2900,0.0,0.0
2026-03-13 00:00:00-04:00,24.631902852578406,24.631902852578406,24.42499577066397,24.434846878051758,1600,0.092,0.0
2026-03-16 00:00:00-04:00,24.444699864704596,24.454552851357434,24.434846878051758,24.434846878051758,3400,0.0,0.0
2026-03-17 00:00:00-04:00,24.434846878051758,24.434846878051758,24.434846878051758,24.434846878051758,0,0.0,0.0
2026-03-18 00:00:00-04:00,24.434846878051758,24.434846878051758,24.434846878051758,24.434846878051758,0,0.0,0.0
2026-03-19 00:00:00-04:00,24.434846878051758,24.434846878051758,24.434846878051758,24.434846878051758,0,0.0,0.0
2026-03-20 00:00:00-04:00,24.434846878051758,24.434846878051758,24.434846878051758,24.434846878051758,0,0.0,0.0
2026-03-23 00:00:00-04:00,24.63190269470215,24.63190269470215,24.63190269470215,24.63190269470215,2000,0.0,0.0
2026-03-24 00:00:00-04:00,24.63190269470215,24.63190269470215,24.63190269470215,24.63190269470215,0,0.0,0.0
2026-03-25 00:00:00-04:00,24.710723876953125,24.710723876953125,24.612195893635523,24.710723876953125,3100,0.0,0.0
2026-03-26 00:00:00-04:00,24.710723876953125,24.710723876953125,24.710723876953125,24.710723876953125,0,0.0,0.0
2026-03-27 00:00:00-04:00,24.513668060302734,24.513668060302734,24.513668060302734,24.513668060302734,700,0.0,0.0
2026-03-30 00:00:00-04:00,24.513668682056856,24.700871668327327,24.50381757475344,24.68116569519043,1000,0.0,0.0
2026-03-31 00:00:00-04:00,24.68116569519043,24.68116569519043,24.68116569519043,24.68116569519043,0,0.0,0.0
2026-04-01 00:00:00-04:00,24.35602378845215,24.35602378845215,24.35602378845215,24.35602378845215,600,0.0,0.0
2026-04-02 00:00:00-04:00,24.257495880126953,24.257495880126953,24.257495880126953,24.257495880126953,300,0.0,0.0
2026-04-06 00:00:00-04:00,24.23779296875,24.23779296875,24.23779296875,24.23779296875,1000,0.0,0.0
2026-04-07 00:00:00-04:00,24.49396324157715,24.49396324157715,24.49396324157715,24.49396324157715,100,0.0,0.0
2026-04-08 00:00:00-04:00,24.49396324157715,24.49396324157715,24.49396324157715,24.49396324157715,0,0.0,0.0
2026-04-09 00:00:00-04:00,24.49396324157715,24.49396324157715,24.49396324157715,24.49396324157715,0,0.0,0.0
2026-04-10 00:00:00-04:00,24.49396324157715,24.49396324157715,24.49396324157715,24.49396324157715,0,0.0,0.0
2026-04-13 00:00:00-04:00,24.49396324157715,24.49396324157715,24.49396324157715,24.49396324157715,0,0.0,0.0
2026-04-14 00:00:00-04:00,24.58494758605957,24.58494758605957,24.58494758605957,24.58494758605957,0,0.092,0.0
2026-04-15 00:00:00-04:00,24.58494758605957,24.58494758605957,24.58494758605957,24.58494758605957,0,0.0,0.0
2026-04-16 00:00:00-04:00,24.58494758605957,24.58494758605957,24.58494758605957,24.58494758605957,0,0.0,0.0
2026-04-17 00:00:00-04:00,24.58494758605957,24.58494758605957,24.58494758605957,24.58494758605957,0,0.0,0.0
2026-04-20 00:00:00-04:00,24.58494758605957,24.58494758605957,24.58494758605957,24.58494758605957,0,0.0,0.0
2026-04-21 00:00:00-04:00,24.58494758605957,24.58494758605957,24.58494758605957,24.58494758605957,0,0.0,0.0
2026-04-22 00:00:00-04:00,24.575056111784207,24.59483528137207,24.56516652699027,24.59483528137207,3200,0.0,0.0
2026-04-23 00:00:00-04:00,24.565166630540602,24.664060592651367,24.456383083594215,24.664060592651367,4300,0.0,0.0
2026-04-24 00:00:00-04:00,24.664060592651367,24.664060592651367,24.664060592651367,24.664060592651367,0,0.0,0.0
2026-04-27 00:00:00-04:00,24.743175506591797,24.743175506591797,24.743175506591797,24.743175506591797,600,0.0,0.0
2026-04-28 00:00:00-04:00,24.743175506591797,24.743175506591797,24.743175506591797,24.743175506591797,0,0.0,0.0
2026-04-29 00:00:00-04:00,24.397049377243334,24.693729400634766,24.397049377243334,24.693729400634766,600,0.0,0.0
2026-04-30 00:00:00-04:00,24.693729400634766,24.693729400634766,24.693729400634766,24.693729400634766,0,0.0,0.0
2026-05-01 00:00:00-04:00,24.693729400634766,24.693729400634766,24.693729400634766,24.693729400634766,0,0.0,0.0
2026-05-04 00:00:00-04:00,24.693729400634766,24.693729400634766,24.693729400634766,24.693729400634766,0,0.0,0.0
2026-05-05 00:00:00-04:00,24.693729400634766,24.693729400634766,24.693729400634766,24.693729400634766,0,0.0,0.0
2026-05-06 00:00:00-04:00,24.693729400634766,24.693729400634766,24.693729400634766,24.693729400634766,0,0.0,0.0
2026-05-07 00:00:00-04:00,24.693729400634766,24.693729400634766,24.693729400634766,24.693729400634766,0,0.0,0.0
2026-05-08 00:00:00-04:00,24.693729400634766,24.693729400634766,24.693729400634766,24.693729400634766,0,0.0,0.0
2026-05-11 00:00:00-04:00,24.693729400634766,24.693729400634766,24.693729400634766,24.693729400634766,0,0.0,0.0
2026-05-12 00:00:00-04:00,24.693729400634766,24.693729400634766,24.693729400634766,24.693729400634766,0,0.0,0.0
2026-05-13 00:00:00-04:00,24.575056076049805,24.575056076049805,24.575056076049805,24.575056076049805,200,0.0,0.0
2026-05-14 00:00:00-04:00,24.6663761138916,24.6663761138916,24.6663761138916,24.6663761138916,0,0.092,0.0
2026-05-15 00:00:00-04:00,24.716005891268292,24.716005891268292,24.6663761138916,24.6663761138916,200,0.0,0.0
2026-05-18 00:00:00-04:00,24.716008435158486,24.716008435158486,24.041032791137695,24.041032791137695,1200,0.0,0.0
2026-05-19 00:00:00-04:00,24.041032791137695,24.041032791137695,24.041032791137695,24.041032791137695,0,0.0,0.0
2026-05-20 00:00:00-04:00,24.041032791137695,24.041032791137695,24.041032791137695,24.041032791137695,0,0.0,0.0
2026-05-21 00:00:00-04:00,24.041032791137695,24.041032791137695,24.041032791137695,24.041032791137695,0,0.0,0.0
2026-05-22 00:00:00-04:00,24.041032791137695,24.041032791137695,24.041032791137695,24.041032791137695,0,0.0,0.0
2026-05-26 00:00:00-04:00,24.041032791137695,24.041032791137695,24.041032791137695,24.041032791137695,0,0.0,0.0
2026-05-27 00:00:00-04:00,24.041032791137695,24.041032791137695,24.041032791137695,24.041032791137695,0,0.0,0.0
2026-05-28 00:00:00-04:00,24.041032791137695,24.041032791137695,24.041032791137695,24.041032791137695,0,0.0,0.0
2026-05-29 00:00:00-04:00,24.041032791137695,24.041032791137695,24.041032791137695,24.041032791137695,0,0.0,0.0
2026-06-01 00:00:00-04:00,24.219701843206575,24.219701843206575,24.17999839782715,24.17999839782715,300,0.0,0.0
2026-06-02 00:00:00-04:00,24.69615338554461,24.85497283935547,24.5671148275632,24.85497283935547,11900,0.0,0.0
2026-06-03 00:00:00-04:00,24.71600701585071,24.71600701585071,24.567115783691406,24.567115783691406,7000,0.0,0.0
2026-06-04 00:00:00-04:00,24.567115352698632,24.577041687102408,24.189924111628663,24.537336349487305,3100,0.0,0.0
2026-06-05 00:00:00-04:00,24.537336349487305,24.537336349487305,24.537336349487305,24.537336349487305,0,0.0,0.0
2026-06-08 00:00:00-04:00,24.537336349487305,24.537336349487305,24.537336349487305,24.537336349487305,0,0.0,0.0
2026-06-09 00:00:00-04:00,24.70608139038086,24.70608139038086,24.70608139038086,24.70608139038086,1300,0.0,0.0
2026-06-10 00:00:00-04:00,24.70608139038086,24.70608139038086,24.70608139038086,24.70608139038086,0,0.0,0.0
2026-06-11 00:00:00-04:00,24.537336995205617,24.716007232666016,24.537336995205617,24.716007232666016,3800,0.0,0.0
2026-06-12 00:00:00-04:00,24.807666778564453,24.817629925135158,24.807666778564453,24.807666778564453,3400,0.092,0.0
2026-06-15 00:00:00-04:00,24.807666778564453,24.807666778564453,24.807666778564453,24.807666778564453,0,0.0,0.0
2026-06-16 00:00:00-04:00,24.747888565063477,24.747888565063477,24.747888565063477,24.747888565063477,100,0.0,0.0
2026-06-17 00:00:00-04:00,24.747888565063477,24.747888565063477,24.747888565063477,24.747888565063477,0,0.0,0.0
2026-06-18 00:00:00-04:00,24.747888565063477,24.747888565063477,24.747888565063477,24.747888565063477,0,0.0,0.0
2026-06-22 00:00:00-04:00,24.857481002807617,24.907294832362027,24.857481002807617,24.857481002807617,300,0.0,0.0
2026-06-23 00:00:00-04:00,24.857481002807617,24.857481002807617,24.857481002807617,24.857481002807617,0,0.0,0.0
2026-06-24 00:00:00-04:00,24.698074340820312,24.698074340820312,24.698074340820312,24.698074340820312,100,0.0,0.0
2026-06-25 00:00:00-04:00,24.698074340820312,24.698074340820312,24.698074340820312,24.698074340820312,0,0.0,0.0
2026-06-26 00:00:00-04:00,24.628332138061523,24.628332138061523,24.628332138061523,24.628332138061523,100,0.0,0.0
2026-06-29 00:00:00-04:00,24.628332138061523,24.628332138061523,24.628332138061523,24.628332138061523,0,0.0,0.0
2026-06-30 00:00:00-04:00,24.80766638611087,24.80766638611087,24.64825984405316,24.75785255432129,1600,0.0,0.0
2026-07-01 00:00:00-04:00,24.75785255432129,24.75785255432129,24.75785255432129,24.75785255432129,0,0.0,0.0
2026-07-02 00:00:00-04:00,24.698074340820312,24.698074340820312,24.698074340820312,24.698074340820312,100,0.0,0.0
2026-07-06 00:00:00-04:00,24.698074340820312,24.698074340820312,24.698074340820312,24.698074340820312,0,0.0,0.0
2026-07-07 00:00:00-04:00,24.638296970053897,24.64826011657715,24.62833382353065,24.64826011657715,1700,0.0,0.0
2026-07-08 00:00:00-04:00,24.867442020751184,25.19622013379203,24.777777508429594,24.877405166625977,4100,0.0,0.0
2026-07-09 00:00:00-04:00,24.877405166625977,24.877405166625977,24.877405166625977,24.877405166625977,0,0.0,0.0
2026-07-10 00:00:00-04:00,24.877405166625977,24.877405166625977,24.877405166625977,24.877405166625977,0,0.0,0.0
2026-07-13 00:00:00-04:00,24.708035358815692,24.717998504638672,24.708035358815692,24.717998504638672,300,0.0,0.0
2026-07-14 00:00:00-04:00,24.809999465942383,24.809999465942383,24.809999465942383,24.809999465942383,0,0.092,0.0
2026-07-15 00:00:00-04:00,24.969999313354492,24.969999313354492,24.729999542236328,24.729999542236328,1300,0.0,0.0
2026-07-16 00:00:00-04:00,24.729999542236328,24.729999542236328,24.729999542236328,24.729999542236328,0,0.0,0.0
2026-07-17 00:00:00-04:00,24.729999542236328,24.729999542236328,24.729999542236328,24.729999542236328,0,0.0,0.0
