Date,Open,High,Low,Close,Volume,Dividends,Stock Splits
2015-06-25 00:00:00-04:00,29.110000610351562,31.950000762939453,28.0,31.219999313354492,7554700,0.0,0.0
2015-06-26 00:00:00-04:00,30.389999389648438,30.389999389648438,27.510000228881836,28.0,1116500,0.0,0.0
2015-06-29 00:00:00-04:00,27.700000762939453,28.479000091552734,27.510000228881836,28.0,386900,0.0,0.0
2015-06-30 00:00:00-04:00,27.389999389648438,29.889999389648438,27.389999389648438,28.979999542236328,223900,0.0,0.0
2015-07-01 00:00:00-04:00,28.829999923706055,29.0,27.8700008392334,28.0,150000,0.0,0.0
2015-07-02 00:00:00-04:00,27.799999237060547,28.209999084472656,27.040000915527344,28.09000015258789,178700,0.0,0.0
2015-07-06 00:00:00-04:00,28.0,30.989999771118164,28.0,30.010000228881836,165500,0.0,0.0
2015-07-07 00:00:00-04:00,30.450000762939453,30.94499969482422,28.549999237060547,29.0,63200,0.0,0.0
2015-07-08 00:00:00-04:00,29.56999969482422,29.729999542236328,27.510000228881836,29.0,345300,0.0,0.0
2015-07-09 00:00:00-04:00,29.100000381469727,30.6299991607666,29.0,30.239999771118164,107800,0.0,0.0
2015-07-10 00:00:00-04:00,30.989999771118164,33.349998474121094,30.329999923706055,30.75,163000,0.0,0.0
2015-07-13 00:00:00-04:00,31.0,31.25,29.770000457763672,30.0,170800,0.0,0.0
2015-07-14 00:00:00-04:00,29.899999618530273,30.200000762939453,29.540000915527344,29.75,136900,0.0,0.0
2015-07-15 00:00:00-04:00,29.649999618530273,29.799999237060547,29.100000381469727,29.18000030517578,74100,0.0,0.0
2015-07-16 00:00:00-04:00,29.149999618530273,29.979999542236328,28.059999465942383,28.639999389648438,1030500,0.0,0.0
2015-07-17 00:00:00-04:00,28.31999969482422,32.71500015258789,28.31999969482422,31.950000762939453,1023500,0.0,0.0
2015-07-20 00:00:00-04:00,31.290000915527344,31.950000762939453,29.780000686645508,31.010000228881836,228600,0.0,0.0
2015-07-21 00:00:00-04:00,31.450000762939453,32.25,30.09000015258789,31.979999542236328,168300,0.0,0.0
2015-07-22 00:00:00-04:00,32.099998474121094,32.099998474121094,30.649999618530273,30.719999313354492,35500,0.0,0.0
2015-07-23 00:00:00-04:00,30.3799991607666,32.290000915527344,30.3799991607666,32.0,131900,0.0,0.0
2015-07-24 00:00:00-04:00,32.400001525878906,32.90999984741211,31.079999923706055,32.119998931884766,153900,0.0,0.0
2015-07-27 00:00:00-04:00,31.729999542236328,31.729999542236328,30.570999145507812,30.610000610351562,149900,0.0,0.0
2015-07-28 00:00:00-04:00,30.530000686645508,30.780000686645508,28.5,30.770000457763672,144800,0.0,0.0
2015-07-29 00:00:00-04:00,30.770000457763672,32.7599983215332,29.829999923706055,32.0,126100,0.0,0.0
2015-07-30 00:00:00-04:00,31.700000762939453,33.439998626708984,31.299999237060547,32.31999969482422,187400,0.0,0.0
2015-07-31 00:00:00-04:00,32.25,32.75,31.760000228881836,31.790000915527344,174600,0.0,0.0
2015-08-03 00:00:00-04:00,32.18000030517578,33.25,31.3799991607666,31.690000534057617,131500,0.0,0.0
2015-08-04 00:00:00-04:00,31.760000228881836,33.09000015258789,31.559999465942383,32.2599983215332,118700,0.0,0.0
2015-08-05 00:00:00-04:00,33.08000183105469,33.099998474121094,32.130001068115234,32.29999923706055,61300,0.0,0.0
2015-08-06 00:00:00-04:00,32.540000915527344,32.540000915527344,29.5,30.200000762939453,173800,0.0,0.0
2015-08-07 00:00:00-04:00,30.649999618530273,31.030000686645508,29.5,30.600000381469727,67900,0.0,0.0
2015-08-10 00:00:00-04:00,31.06999969482422,31.860000610351562,30.899999618530273,31.479999542236328,71100,0.0,0.0
2015-08-11 00:00:00-04:00,32.0,32.86000061035156,30.260000228881836,32.7400016784668,351900,0.0,0.0
2015-08-12 00:00:00-04:00,32.689998626708984,33.47999954223633,30.610000610351562,31.8700008392334,230700,0.0,0.0
2015-08-13 00:00:00-04:00,30.299999237060547,33.130001068115234,30.25,32.72999954223633,228800,0.0,0.0
2015-08-14 00:00:00-04:00,32.68000030517578,32.900001525878906,31.030000686645508,31.799999237060547,100900,0.0,0.0
2015-08-17 00:00:00-04:00,32.0,32.95000076293945,31.31999969482422,31.8700008392334,105800,0.0,0.0
2015-08-18 00:00:00-04:00,32.16999816894531,33.56999969482422,31.90999984741211,32.90999984741211,112200,0.0,0.0
2015-08-19 00:00:00-04:00,32.75,33.91999816894531,32.310001373291016,32.849998474121094,135200,0.0,0.0
2015-08-20 00:00:00-04:00,32.849998474121094,32.849998474121094,31.65999984741211,32.0099983215332,90600,0.0,0.0
2015-08-21 00:00:00-04:00,32.04999923706055,33.189998626708984,31.549999237060547,32.63999938964844,151100,0.0,0.0
2015-08-24 00:00:00-04:00,31.299999237060547,31.979999542236328,28.799999237060547,28.799999237060547,221300,0.0,0.0
2015-08-25 00:00:00-04:00,29.0,30.399999618530273,27.84000015258789,27.84000015258789,195300,0.0,0.0
2015-08-26 00:00:00-04:00,28.0,28.649999618530273,27.610000610351562,28.110000610351562,120200,0.0,0.0
2015-08-27 00:00:00-04:00,28.850000381469727,29.81999969482422,27.81999969482422,27.850000381469727,165500,0.0,0.0
2015-08-28 00:00:00-04:00,28.100000381469727,28.799999237060547,27.913000106811523,28.739999771118164,82900,0.0,0.0
2015-08-31 00:00:00-04:00,28.920000076293945,29.610000610351562,28.260000228881836,29.3700008392334,102800,0.0,0.0
2015-09-01 00:00:00-04:00,29.219999313354492,30.079999923706055,28.329999923706055,29.510000228881836,131400,0.0,0.0
2015-09-02 00:00:00-04:00,29.479999542236328,30.979999542236328,29.479999542236328,29.850000381469727,225900,0.0,0.0
2015-09-03 00:00:00-04:00,29.68000030517578,30.56999969482422,29.670000076293945,29.899999618530273,128600,0.0,0.0
2015-09-04 00:00:00-04:00,29.6299991607666,30.479999542236328,29.440000534057617,30.260000228881836,102200,0.0,0.0
2015-09-08 00:00:00-04:00,30.309999465942383,32.59000015258789,30.309999465942383,32.189998626708984,150500,0.0,0.0
2015-09-09 00:00:00-04:00,32.47999954223633,33.7400016784668,30.790000915527344,31.290000915527344,121400,0.0,0.0
2015-09-10 00:00:00-04:00,31.1299991607666,32.11000061035156,31.1299991607666,31.739999771118164,77000,0.0,0.0
2015-09-11 00:00:00-04:00,31.579999923706055,32.18000030517578,31.399999618530273,31.700000762939453,82000,0.0,0.0
2015-09-14 00:00:00-04:00,31.690000534057617,32.29999923706055,30.639999389648438,30.899999618530273,122400,0.0,0.0
2015-09-15 00:00:00-04:00,30.600000381469727,31.950000762939453,30.600000381469727,31.450000762939453,190800,0.0,0.0
2015-09-16 00:00:00-04:00,31.5,32.220001220703125,30.600000381469727,31.389999389648438,136400,0.0,0.0
2015-09-17 00:00:00-04:00,31.149999618530273,31.959999084472656,30.5,31.700000762939453,244600,0.0,0.0
2015-09-18 00:00:00-04:00,31.5,32.0,30.510000228881836,30.549999237060547,679100,0.0,0.0
2015-09-21 00:00:00-04:00,29.149999618530273,29.68000030517578,26.1200008392334,27.280000686645508,707200,0.0,0.0
2015-09-22 00:00:00-04:00,27.399999618530273,28.200000762939453,26.8700008392334,27.510000228881836,326800,0.0,0.0
2015-09-23 00:00:00-04:00,27.690000534057617,27.920000076293945,26.559999465942383,26.899999618530273,142500,0.0,0.0
2015-09-24 00:00:00-04:00,26.6299991607666,26.75,25.350000381469727,25.639999389648438,156200,0.0,0.0
2015-09-25 00:00:00-04:00,25.56999969482422,25.825000762939453,24.329999923706055,24.719999313354492,193700,0.0,0.0
2015-09-28 00:00:00-04:00,24.479999542236328,24.479999542236328,21.59000015258789,22.690000534057617,209400,0.0,0.0
2015-09-29 00:00:00-04:00,22.59000015258789,25.25,22.59000015258789,23.5,285500,0.0,0.0
2015-09-30 00:00:00-04:00,23.56999969482422,25.309999465942383,22.670000076293945,24.190000534057617,1224800,0.0,0.0
2015-10-01 00:00:00-04:00,24.1299991607666,24.280000686645508,22.360000610351562,22.450000762939453,102600,0.0,0.0
2015-10-02 00:00:00-04:00,22.350000381469727,22.350000381469727,21.459999084472656,22.010000228881836,130100,0.0,0.0
2015-10-05 00:00:00-04:00,22.110000610351562,22.540000915527344,20.979999542236328,21.0,154100,0.0,0.0
2015-10-06 00:00:00-04:00,21.030000686645508,21.030000686645508,20.1299991607666,20.43000030517578,183900,0.0,0.0
2015-10-07 00:00:00-04:00,20.649999618530273,21.549999237060547,20.530000686645508,21.43000030517578,107300,0.0,0.0
2015-10-08 00:00:00-04:00,21.280000686645508,21.479999542236328,20.5,20.850000381469727,139400,0.0,0.0
2015-10-09 00:00:00-04:00,20.959999084472656,20.959999084472656,20.31999969482422,20.68000030517578,111500,0.0,0.0
2015-10-12 00:00:00-04:00,20.489999771118164,21.06999969482422,20.040000915527344,20.850000381469727,121900,0.0,0.0
2015-10-13 00:00:00-04:00,20.6299991607666,22.0,20.6299991607666,21.93000030517578,173400,0.0,0.0
2015-10-14 00:00:00-04:00,21.920000076293945,22.149999618530273,21.25,21.700000762939453,168800,0.0,0.0
2015-10-15 00:00:00-04:00,21.5,22.399999618530273,21.5,22.34000015258789,79100,0.0,0.0
2015-10-16 00:00:00-04:00,22.34000015258789,22.979999542236328,22.149999618530273,22.8799991607666,138700,0.0,0.0
2015-10-19 00:00:00-04:00,22.770000457763672,23.280000686645508,22.739999771118164,23.010000228881836,186700,0.0,0.0
2015-10-20 00:00:00-04:00,22.989999771118164,23.094999313354492,22.25,22.43000030517578,192400,0.0,0.0
2015-10-21 00:00:00-04:00,22.510000228881836,22.510000228881836,21.860000610351562,21.93000030517578,198300,0.0,0.0
2015-10-22 00:00:00-04:00,21.93000030517578,22.059999465942383,20.790000915527344,21.270000457763672,233600,0.0,0.0
2015-10-23 00:00:00-04:00,21.559999465942383,22.1200008392334,21.139999389648438,21.959999084472656,173700,0.0,0.0
2015-10-26 00:00:00-04:00,21.899999618530273,22.148000717163086,21.43000030517578,21.709999084472656,140500,0.0,0.0
2015-10-27 00:00:00-04:00,21.6200008392334,22.0,20.780000686645508,21.0,207000,0.0,0.0
2015-10-28 00:00:00-04:00,21.040000915527344,21.040000915527344,19.790000915527344,20.31999969482422,171400,0.0,0.0
2015-10-29 00:00:00-04:00,20.290000915527344,20.90999984741211,20.1200008392334,20.290000915527344,188200,0.0,0.0
2015-10-30 00:00:00-04:00,20.510000228881836,20.59000015258789,19.709999084472656,20.040000915527344,427000,0.0,0.0
2015-11-02 00:00:00-05:00,20.110000610351562,20.209999084472656,19.299999237060547,19.559999465942383,259200,0.0,0.0
2015-11-03 00:00:00-05:00,19.549999237060547,20.510000228881836,19.399999618530273,20.34000015258789,175900,0.0,0.0
2015-11-04 00:00:00-05:00,20.309999465942383,21.149999618530273,20.270000457763672,20.850000381469727,121900,0.0,0.0
2015-11-05 00:00:00-05:00,20.850000381469727,21.040000915527344,19.170000076293945,19.459999084472656,128400,0.0,0.0
2015-11-06 00:00:00-05:00,19.5,19.639999389648438,19.0310001373291,19.540000915527344,90600,0.0,0.0
2015-11-09 00:00:00-05:00,19.700000762939453,19.700000762939453,18.84000015258789,19.06999969482422,217800,0.0,0.0
2015-11-10 00:00:00-05:00,19.110000610351562,19.280000686645508,18.530000686645508,18.760000228881836,170900,0.0,0.0
2015-11-11 00:00:00-05:00,22.84000015258789,22.84000015258789,20.545000076293945,21.989999771118164,867200,0.0,0.0
2015-11-12 00:00:00-05:00,21.989999771118164,22.18000030517578,21.520000457763672,21.989999771118164,289300,0.0,0.0
2015-11-13 00:00:00-05:00,22.18000030517578,24.299999237060547,22.18000030517578,24.110000610351562,294500,0.0,0.0
2015-11-16 00:00:00-05:00,24.09000015258789,24.670000076293945,23.860000610351562,24.270000457763672,153000,0.0,0.0
2015-11-17 00:00:00-05:00,24.459999084472656,24.729999542236328,23.799999237060547,24.540000915527344,97600,0.0,0.0
2015-11-18 00:00:00-05:00,24.540000915527344,25.68000030517578,24.540000915527344,25.6200008392334,123700,0.0,0.0
2015-11-19 00:00:00-05:00,25.56999969482422,25.89900016784668,25.309999465942383,25.610000610351562,77800,0.0,0.0
2015-11-20 00:00:00-05:00,25.950000762939453,27.639999389648438,25.799999237060547,25.90999984741211,177200,0.0,0.0
2015-11-23 00:00:00-05:00,26.0,26.510000228881836,25.09000015258789,25.329999923706055,111200,0.0,0.0
2015-11-24 00:00:00-05:00,25.1200008392334,26.520000457763672,25.1200008392334,26.34000015258789,84000,0.0,0.0
2015-11-25 00:00:00-05:00,26.40999984741211,26.969999313354492,26.260000228881836,26.8700008392334,98600,0.0,0.0
2015-11-27 00:00:00-05:00,26.93000030517578,26.93000030517578,26.200000762939453,26.260000228881836,21900,0.0,0.0
2015-11-30 00:00:00-05:00,26.270000457763672,26.270000457763672,25.479999542236328,25.899999618530273,130500,0.0,0.0
2015-12-01 00:00:00-05:00,25.8799991607666,25.8799991607666,24.549999237060547,24.809999465942383,134000,0.0,0.0
2015-12-02 00:00:00-05:00,24.719999313354492,25.219999313354492,24.350000381469727,24.6200008392334,96900,0.0,0.0
2015-12-03 00:00:00-05:00,24.530000686645508,24.920000076293945,23.200000762939453,23.329999923706055,121800,0.0,0.0
2015-12-04 00:00:00-05:00,23.229999542236328,23.760000228881836,23.030000686645508,23.670000076293945,71900,0.0,0.0
2015-12-07 00:00:00-05:00,23.59000015258789,23.889999389648438,23.1200008392334,23.450000762939453,62600,0.0,0.0
2015-12-08 00:00:00-05:00,23.450000762939453,23.68000030517578,23.170000076293945,23.530000686645508,71900,0.0,0.0
2015-12-09 00:00:00-05:00,23.59000015258789,23.959999084472656,23.350000381469727,23.81999969482422,73000,0.0,0.0
2015-12-10 00:00:00-05:00,23.950000762939453,24.229999542236328,23.479999542236328,23.739999771118164,88100,0.0,0.0
2015-12-11 00:00:00-05:00,23.43000030517578,23.649999618530273,22.049999237060547,22.209999084472656,71600,0.0,0.0
2015-12-14 00:00:00-05:00,22.18000030517578,22.3799991607666,21.81999969482422,21.969999313354492,67100,0.0,0.0
2015-12-15 00:00:00-05:00,22.200000762939453,23.3799991607666,22.200000762939453,23.149999618530273,89400,0.0,0.0
2015-12-16 00:00:00-05:00,23.489999771118164,24.799999237060547,23.31999969482422,24.780000686645508,113600,0.0,0.0
2015-12-17 00:00:00-05:00,24.799999237060547,24.969999313354492,24.459999084472656,24.81999969482422,86300,0.0,0.0
2015-12-18 00:00:00-05:00,24.649999618530273,24.950000762939453,24.079999923706055,24.360000610351562,163300,0.0,0.0
2015-12-21 00:00:00-05:00,24.31999969482422,25.459999084472656,24.31999969482422,24.43000030517578,127000,0.0,0.0
2015-12-22 00:00:00-05:00,24.25,25.299999237060547,24.149999618530273,25.209999084472656,86900,0.0,0.0
2015-12-23 00:00:00-05:00,24.639999389648438,26.360000610351562,24.25,25.90999984741211,114700,0.0,0.0
2015-12-24 00:00:00-05:00,25.979999542236328,26.33799934387207,25.81999969482422,25.979999542236328,25000,0.0,0.0
2015-12-28 00:00:00-05:00,25.809999465942383,26.010000228881836,25.1299991607666,25.579999923706055,111600,0.0,0.0
2015-12-29 00:00:00-05:00,25.530000686645508,25.600000381469727,24.235000610351562,25.030000686645508,108700,0.0,0.0
2015-12-30 00:00:00-05:00,24.889999389648438,25.239999771118164,24.7549991607666,24.860000610351562,54900,0.0,0.0
2015-12-31 00:00:00-05:00,24.850000381469727,25.09000015258789,24.329999923706055,24.690000534057617,71600,0.0,0.0
2016-01-04 00:00:00-05:00,24.15999984741211,24.479999542236328,23.43000030517578,23.850000381469727,135900,0.0,0.0
2016-01-05 00:00:00-05:00,23.889999389648438,25.190000534057617,23.68000030517578,24.8700008392334,65500,0.0,0.0
2016-01-06 00:00:00-05:00,24.649999618530273,25.469999313354492,24.464000701904297,24.84000015258789,101100,0.0,0.0
2016-01-07 00:00:00-05:00,24.299999237060547,25.34000015258789,24.100000381469727,25.0,110700,0.0,0.0
2016-01-08 00:00:00-05:00,25.09000015258789,25.5,24.709999084472656,24.940000534057617,210600,0.0,0.0
2016-01-11 00:00:00-05:00,25.079999923706055,25.19499969482422,24.639999389648438,25.020000457763672,125200,0.0,0.0
2016-01-12 00:00:00-05:00,24.950000762939453,25.969999313354492,24.860000610351562,25.1200008392334,121100,0.0,0.0
2016-01-13 00:00:00-05:00,25.1200008392334,25.1200008392334,18.145000457763672,18.59000015258789,790900,0.0,0.0
2016-01-14 00:00:00-05:00,18.579999923706055,19.709999084472656,18.0,19.530000686645508,295000,0.0,0.0
2016-01-15 00:00:00-05:00,19.059999465942383,19.270000457763672,18.530000686645508,19.1200008392334,124400,0.0,0.0
2016-01-19 00:00:00-05:00,19.0,19.18000030517578,16.139999389648438,16.229999542236328,370900,0.0,0.0
2016-01-20 00:00:00-05:00,16.1299991607666,16.31999969482422,15.020000457763672,16.239999771118164,273800,0.0,0.0
2016-01-21 00:00:00-05:00,16.25,16.950000762939453,15.680000305175781,16.190000534057617,248500,0.0,0.0
2016-01-22 00:00:00-05:00,16.389999389648438,16.440000534057617,15.930000305175781,16.34000015258789,157000,0.0,0.0
2016-01-25 00:00:00-05:00,16.149999618530273,16.40999984741211,15.65999984741211,15.739999771118164,175500,0.0,0.0
2016-01-26 00:00:00-05:00,15.859999656677246,15.859999656677246,15.140000343322754,15.399999618530273,171800,0.0,0.0
2016-01-27 00:00:00-05:00,15.34000015258789,15.369999885559082,14.329999923706055,14.920000076293945,223500,0.0,0.0
2016-01-28 00:00:00-05:00,15.0,15.180000305175781,14.359999656677246,15.0,215800,0.0,0.0
2016-01-29 00:00:00-05:00,15.079999923706055,16.459999084472656,15.079999923706055,16.31999969482422,186900,0.0,0.0
2016-02-01 00:00:00-05:00,16.100000381469727,17.079999923706055,15.890000343322754,16.459999084472656,451700,0.0,0.0
2016-02-02 00:00:00-05:00,16.334999084472656,17.010000228881836,16.209999084472656,16.850000381469727,276000,0.0,0.0
2016-02-03 00:00:00-05:00,16.920000076293945,16.920000076293945,16.40999984741211,16.690000534057617,332000,0.0,0.0
2016-02-04 00:00:00-05:00,16.68000030517578,17.3799991607666,16.670000076293945,16.75,138700,0.0,0.0
2016-02-05 00:00:00-05:00,16.639999389648438,16.700000762939453,15.640000343322754,15.819999694824219,270000,0.0,0.0
2016-02-08 00:00:00-05:00,15.529999732971191,15.529999732971191,14.25,14.8100004196167,342700,0.0,0.0
2016-02-09 00:00:00-05:00,14.960000038146973,15.84000015258789,14.704999923706055,14.90999984741211,262300,0.0,0.0
2016-02-10 00:00:00-05:00,15.3100004196167,16.280000686645508,14.869999885559082,15.600000381469727,191500,0.0,0.0
2016-02-11 00:00:00-05:00,15.279999732971191,16.010000228881836,14.989999771118164,15.489999771118164,200300,0.0,0.0
2016-02-12 00:00:00-05:00,15.710000038146973,16.450000762939453,15.25,15.359999656677246,207000,0.0,0.0
2016-02-16 00:00:00-05:00,15.510000228881836,15.720000267028809,14.960000038146973,15.479999542236328,168100,0.0,0.0
2016-02-17 00:00:00-05:00,15.579999923706055,16.700000762939453,15.380000114440918,16.299999237060547,229100,0.0,0.0
2016-02-18 00:00:00-05:00,16.280000686645508,17.190000534057617,15.680000305175781,16.18000030517578,204900,0.0,0.0
2016-02-19 00:00:00-05:00,16.170000076293945,17.010000228881836,15.8100004196167,16.56999969482422,122100,0.0,0.0
2016-02-22 00:00:00-05:00,16.600000381469727,17.09000015258789,16.38800048828125,16.729999542236328,193700,0.0,0.0
2016-02-23 00:00:00-05:00,16.59000015258789,16.860000610351562,16.270000457763672,16.510000228881836,98200,0.0,0.0
2016-02-24 00:00:00-05:00,16.270000457763672,16.799999237060547,16.020000457763672,16.440000534057617,146400,0.0,0.0
2016-02-25 00:00:00-05:00,16.450000762939453,16.549999237060547,16.0,16.100000381469727,200800,0.0,0.0
2016-02-26 00:00:00-05:00,16.09000015258789,16.889999389648438,16.020000457763672,16.579999923706055,391400,0.0,0.0
2016-02-29 00:00:00-05:00,16.559999465942383,16.8799991607666,16.219999313354492,16.459999084472656,303700,0.0,0.0
2016-03-01 00:00:00-05:00,16.600000381469727,17.0,16.3799991607666,16.8700008392334,208900,0.0,0.0
2016-03-02 00:00:00-05:00,16.3700008392334,16.459999084472656,15.744999885559082,15.989999771118164,480800,0.0,0.0
2016-03-03 00:00:00-05:00,15.869999885559082,16.243999481201172,15.694000244140625,15.90999984741211,179400,0.0,0.0
2016-03-04 00:00:00-05:00,15.90999984741211,16.530000686645508,15.739999771118164,16.399999618530273,275600,0.0,0.0
2016-03-07 00:00:00-05:00,16.239999771118164,17.309999465942383,16.239999771118164,17.190000534057617,214700,0.0,0.0
2016-03-08 00:00:00-05:00,17.190000534057617,17.450000762939453,17.0,17.15999984741211,123400,0.0,0.0
2016-03-09 00:00:00-05:00,17.350000381469727,17.459999084472656,16.9689998626709,17.1200008392334,110300,0.0,0.0
2016-03-10 00:00:00-05:00,17.100000381469727,17.399999618530273,16.0049991607666,16.489999771118164,136000,0.0,0.0
2016-03-11 00:00:00-05:00,16.56999969482422,17.219999313354492,16.56999969482422,17.139999389648438,104500,0.0,0.0
2016-03-14 00:00:00-04:00,17.059999465942383,17.469999313354492,16.889999389648438,16.950000762939453,121600,0.0,0.0
2016-03-15 00:00:00-04:00,16.75,16.770000457763672,15.649999618530273,15.75,178500,0.0,0.0
2016-03-16 00:00:00-04:00,15.5,15.710000038146973,15.0,15.65999984741211,446600,0.0,0.0
2016-03-17 00:00:00-04:00,15.680000305175781,16.610000610351562,15.520000457763672,16.350000381469727,263000,0.0,0.0
2016-03-18 00:00:00-04:00,16.219999313354492,16.889999389648438,16.219999313354492,16.670000076293945,396700,0.0,0.0
2016-03-21 00:00:00-04:00,16.559999465942383,16.780000686645508,16.270000457763672,16.280000686645508,92600,0.0,0.0
2016-03-22 00:00:00-04:00,16.200000762939453,16.34000015258789,16.09000015258789,16.270000457763672,41000,0.0,0.0
2016-03-23 00:00:00-04:00,16.15999984741211,16.65999984741211,15.920000076293945,16.360000610351562,147900,0.0,0.0
2016-03-24 00:00:00-04:00,16.299999237060547,16.459999084472656,15.979999542236328,16.010000228881836,79500,0.0,0.0
2016-03-28 00:00:00-04:00,16.0,16.274999618530273,15.75,15.930000305175781,173700,0.0,0.0
2016-03-29 00:00:00-04:00,15.84000015258789,16.1200008392334,15.180000305175781,15.800000190734863,186800,0.0,0.0
2016-03-30 00:00:00-04:00,15.920000076293945,17.31999969482422,15.920000076293945,17.100000381469727,409300,0.0,0.0
2016-03-31 00:00:00-04:00,17.100000381469727,17.270000457763672,16.799999237060547,16.860000610351562,125100,0.0,0.0
2016-04-01 00:00:00-04:00,16.739999771118164,17.219999313354492,16.59000015258789,17.139999389648438,166600,0.0,0.0
2016-04-04 00:00:00-04:00,17.040000915527344,17.399999618530273,16.59000015258789,17.270000457763672,139700,0.0,0.0
2016-04-05 00:00:00-04:00,17.219999313354492,17.25,16.420000076293945,16.489999771118164,167800,0.0,0.0
2016-04-06 00:00:00-04:00,16.5,17.229999542236328,16.350000381469727,17.190000534057617,178100,0.0,0.0
2016-04-07 00:00:00-04:00,17.0,17.469999313354492,16.809999465942383,17.100000381469727,92400,0.0,0.0
2016-04-08 00:00:00-04:00,17.329999923706055,17.329999923706055,16.264999389648438,16.559999465942383,224600,0.0,0.0
2016-04-11 00:00:00-04:00,16.579999923706055,16.68000030517578,16.260000228881836,16.5,127100,0.0,0.0
2016-04-12 00:00:00-04:00,16.5,17.100000381469727,16.299999237060547,16.989999771118164,211900,0.0,0.0
2016-04-13 00:00:00-04:00,17.06999969482422,17.81999969482422,17.0,17.420000076293945,181500,0.0,0.0
2016-04-14 00:00:00-04:00,17.739999771118164,18.25,17.6299991607666,18.229999542236328,229100,0.0,0.0
2016-04-15 00:00:00-04:00,18.15999984741211,18.59000015258789,17.790000915527344,18.549999237060547,133400,0.0,0.0
2016-04-18 00:00:00-04:00,18.559999465942383,19.260000228881836,18.391000747680664,19.110000610351562,148800,0.0,0.0
2016-04-19 00:00:00-04:00,19.100000381469727,19.354999542236328,18.68000030517578,18.829999923706055,173000,0.0,0.0
2016-04-20 00:00:00-04:00,18.639999389648438,18.690000534057617,17.700000762939453,18.18000030517578,426700,0.0,0.0
2016-04-21 00:00:00-04:00,17.979999542236328,18.84000015258789,17.790000915527344,17.989999771118164,179000,0.0,0.0
2016-04-22 00:00:00-04:00,18.260000228881836,18.739999771118164,18.059999465942383,18.450000762939453,146100,0.0,0.0
2016-04-25 00:00:00-04:00,18.489999771118164,18.739999771118164,18.239999771118164,18.739999771118164,250400,0.0,0.0
2016-04-26 00:00:00-04:00,18.600000381469727,18.860000610351562,18.540000915527344,18.84000015258789,238000,0.0,0.0
2016-04-27 00:00:00-04:00,18.829999923706055,19.030000686645508,18.628999710083008,18.81999969482422,156800,0.0,0.0
2016-04-28 00:00:00-04:00,18.760000228881836,18.934999465942383,18.65999984741211,18.75,118500,0.0,0.0
2016-04-29 00:00:00-04:00,18.799999237060547,18.940000534057617,18.389999389648438,18.84000015258789,158300,0.0,0.0
2016-05-02 00:00:00-04:00,19.3700008392334,19.989999771118164,19.290000915527344,19.780000686645508,546300,0.0,0.0
2016-05-03 00:00:00-04:00,19.799999237060547,20.079999923706055,19.56999969482422,19.8700008392334,269400,0.0,0.0
2016-05-04 00:00:00-04:00,24.350000381469727,25.329999923706055,23.6200008392334,24.770000457763672,3200400,0.0,0.0
2016-05-05 00:00:00-04:00,24.790000915527344,24.93000030517578,23.219999313354492,23.5,578600,0.0,0.0
2016-05-06 00:00:00-04:00,23.3799991607666,23.610000610351562,23.0,23.030000686645508,180400,0.0,0.0
2016-05-09 00:00:00-04:00,23.329999923706055,24.559999465942383,23.149999618530273,24.079999923706055,276600,0.0,0.0
2016-05-10 00:00:00-04:00,24.100000381469727,24.329999923706055,23.700000762939453,24.25,211100,0.0,0.0
2016-05-11 00:00:00-04:00,23.989999771118164,24.25,23.200000762939453,23.6299991607666,322100,0.0,0.0
2016-05-12 00:00:00-04:00,23.729999542236328,24.149999618530273,23.454999923706055,24.0,228900,0.0,0.0
2016-05-13 00:00:00-04:00,24.0,24.329999923706055,23.850000381469727,24.229999542236328,372900,0.0,0.0
2016-05-16 00:00:00-04:00,24.06999969482422,24.729999542236328,23.940000534057617,24.440000534057617,322800,0.0,0.0
2016-05-17 00:00:00-04:00,24.31999969482422,24.770000457763672,23.959999084472656,24.440000534057617,271400,0.0,0.0
2016-05-18 00:00:00-04:00,24.15999984741211,24.5,24.030000686645508,24.200000762939453,183200,0.0,0.0
2016-05-19 00:00:00-04:00,24.139999389648438,24.3799991607666,23.6299991607666,23.90999984741211,190400,0.0,0.0
2016-05-20 00:00:00-04:00,24.030000686645508,24.219999313354492,23.75,24.200000762939453,221300,0.0,0.0
2016-05-23 00:00:00-04:00,24.149999618530273,24.790000915527344,23.90999984741211,23.959999084472656,137700,0.0,0.0
2016-05-24 00:00:00-04:00,23.760000228881836,24.790000915527344,23.760000228881836,24.549999237060547,312100,0.0,0.0
2016-05-25 00:00:00-04:00,24.690000534057617,25.0,24.420000076293945,24.790000915527344,244100,0.0,0.0
2016-05-26 00:00:00-04:00,24.8799991607666,24.940000534057617,24.260000228881836,24.469999313354492,94200,0.0,0.0
2016-05-27 00:00:00-04:00,24.420000076293945,24.68000030517578,24.219999313354492,24.360000610351562,131800,0.0,0.0
2016-05-31 00:00:00-04:00,24.360000610351562,24.479999542236328,24.1299991607666,24.350000381469727,217400,0.0,0.0
2016-06-01 00:00:00-04:00,24.0,24.350000381469727,23.469999313354492,24.31999969482422,424500,0.0,0.0
2016-06-02 00:00:00-04:00,24.299999237060547,24.760000228881836,24.25,24.690000534057617,406700,0.0,0.0
2016-06-03 00:00:00-04:00,24.920000076293945,25.079999923706055,24.6299991607666,24.809999465942383,394100,0.0,0.0
2016-06-06 00:00:00-04:00,24.860000610351562,26.579999923706055,24.739999771118164,26.200000762939453,610900,0.0,0.0
2016-06-07 00:00:00-04:00,26.299999237060547,27.0,26.260000228881836,26.950000762939453,407200,0.0,0.0
2016-06-08 00:00:00-04:00,26.860000610351562,27.110000610351562,26.799999237060547,26.899999618530273,226500,0.0,0.0
2016-06-09 00:00:00-04:00,26.780000686645508,26.979999542236328,26.579999923706055,26.959999084472656,234800,0.0,0.0
2016-06-10 00:00:00-04:00,26.719999313354492,27.600000381469727,26.5,27.290000915527344,279600,0.0,0.0
2016-06-13 00:00:00-04:00,27.18000030517578,27.649999618530273,26.450000762939453,26.459999084472656,241300,0.0,0.0
2016-06-14 00:00:00-04:00,26.43000030517578,27.280000686645508,26.22100067138672,27.209999084472656,296100,0.0,0.0
2016-06-15 00:00:00-04:00,27.399999618530273,29.670000076293945,27.389999389648438,28.75,851500,0.0,0.0
2016-06-16 00:00:00-04:00,28.760000228881836,29.3799991607666,28.43000030517578,29.079999923706055,364200,0.0,0.0
2016-06-17 00:00:00-04:00,29.18000030517578,29.280000686645508,28.450000762939453,28.8799991607666,309500,0.0,0.0
2016-06-20 00:00:00-04:00,29.3700008392334,30.010000228881836,29.25,29.530000686645508,396100,0.0,0.0
2016-06-21 00:00:00-04:00,29.5,29.950000762939453,28.90999984741211,29.280000686645508,358500,0.0,0.0
2016-06-22 00:00:00-04:00,29.389999389648438,29.770000457763672,29.200000762939453,29.31999969482422,236500,0.0,0.0
2016-06-23 00:00:00-04:00,29.59000015258789,29.690000534057617,28.59000015258789,28.75,271600,0.0,0.0
2016-06-24 00:00:00-04:00,28.360000610351562,29.209999084472656,27.84000015258789,28.170000076293945,1376600,0.0,0.0
2016-06-27 00:00:00-04:00,28.020000457763672,28.020000457763672,26.959999084472656,27.299999237060547,458200,0.0,0.0
2016-06-28 00:00:00-04:00,27.760000228881836,28.079999923706055,27.59000015258789,27.860000610351562,234800,0.0,0.0
2016-06-29 00:00:00-04:00,28.059999465942383,28.809999465942383,27.979999542236328,28.780000686645508,357000,0.0,0.0
2016-06-30 00:00:00-04:00,28.8799991607666,29.350000381469727,28.610000610351562,29.15999984741211,315600,0.0,0.0
2016-07-01 00:00:00-04:00,29.06999969482422,29.489999771118164,28.780000686645508,29.309999465942383,219300,0.0,0.0
2016-07-05 00:00:00-04:00,29.190000534057617,29.290000915527344,28.850000381469727,28.8799991607666,114500,0.0,0.0
2016-07-06 00:00:00-04:00,28.799999237060547,29.329999923706055,28.639999389648438,28.950000762939453,182300,0.0,0.0
2016-07-07 00:00:00-04:00,29.110000610351562,29.309999465942383,28.700000762939453,28.959999084472656,135800,0.0,0.0
2016-07-08 00:00:00-04:00,28.979999542236328,29.788000106811523,28.979999542236328,29.239999771118164,266200,0.0,0.0
2016-07-11 00:00:00-04:00,29.329999923706055,29.520000457763672,29.149999618530273,29.15999984741211,197800,0.0,0.0
2016-07-12 00:00:00-04:00,29.200000762939453,30.049999237060547,28.979999542236328,29.709999084472656,528300,0.0,0.0
2016-07-13 00:00:00-04:00,29.780000686645508,30.700000762939453,29.520000457763672,30.040000915527344,632900,0.0,0.0
2016-07-14 00:00:00-04:00,30.190000534057617,31.020000457763672,29.889999389648438,30.850000381469727,263300,0.0,0.0
2016-07-15 00:00:00-04:00,31.0,31.479999542236328,30.3799991607666,31.450000762939453,341900,0.0,0.0
2016-07-18 00:00:00-04:00,31.360000610351562,32.970001220703125,31.200000762939453,32.869998931884766,602400,0.0,0.0
2016-07-19 00:00:00-04:00,33.2400016784668,33.900001525878906,32.43000030517578,32.779998779296875,480500,0.0,0.0
2016-07-20 00:00:00-04:00,32.77000045776367,33.369998931884766,32.720001220703125,32.849998474121094,309800,0.0,0.0
2016-07-21 00:00:00-04:00,32.77000045776367,34.380001068115234,32.77000045776367,33.79999923706055,572600,0.0,0.0
2016-07-22 00:00:00-04:00,33.90999984741211,34.18000030517578,33.54999923706055,34.11000061035156,185900,0.0,0.0
2016-07-25 00:00:00-04:00,34.0,34.52000045776367,33.86000061035156,34.2599983215332,284000,0.0,0.0
2016-07-26 00:00:00-04:00,34.150001525878906,35.0,34.08000183105469,35.0,382800,0.0,0.0
2016-07-27 00:00:00-04:00,35.0,35.11000061035156,34.66999816894531,35.08000183105469,326900,0.0,0.0
2016-07-28 00:00:00-04:00,35.150001525878906,35.369998931884766,34.630001068115234,34.75,164700,0.0,0.0
2016-07-29 00:00:00-04:00,34.83000183105469,35.36000061035156,34.45000076293945,34.959999084472656,280600,0.0,0.0
2016-08-01 00:00:00-04:00,34.43000030517578,34.47999954223633,32.875,33.93000030517578,713100,0.0,0.0
2016-08-02 00:00:00-04:00,36.5,36.5,32.72999954223633,34.209999084472656,1928500,0.0,0.0
2016-08-03 00:00:00-04:00,33.56999969482422,33.79999923706055,30.5,32.900001525878906,1592600,0.0,0.0
2016-08-04 00:00:00-04:00,32.650001525878906,33.709999084472656,32.400001525878906,33.22999954223633,596700,0.0,0.0
2016-08-05 00:00:00-04:00,33.189998626708984,33.50299835205078,32.7400016784668,33.040000915527344,357200,0.0,0.0
2016-08-08 00:00:00-04:00,33.040000915527344,33.650001525878906,32.72999954223633,33.630001068115234,506900,0.0,0.0
2016-08-09 00:00:00-04:00,33.66999816894531,34.209999084472656,32.9900016784668,33.59000015258789,437100,0.0,0.0
2016-08-10 00:00:00-04:00,33.689998626708984,33.970001220703125,33.369998931884766,33.65999984741211,449400,0.0,0.0
2016-08-11 00:00:00-04:00,33.65999984741211,34.11000061035156,33.40999984741211,33.43000030517578,419000,0.0,0.0
2016-08-12 00:00:00-04:00,33.34000015258789,33.95000076293945,33.310001373291016,33.720001220703125,178500,0.0,0.0
2016-08-15 00:00:00-04:00,33.63999938964844,34.209999084472656,33.5,33.68000030517578,236700,0.0,0.0
2016-08-16 00:00:00-04:00,33.5,33.650001525878906,31.079999923706055,31.3700008392334,804500,0.0,0.0
2016-08-17 00:00:00-04:00,31.229999542236328,31.56999969482422,30.81999969482422,31.489999771118164,362000,0.0,0.0
2016-08-18 00:00:00-04:00,31.549999237060547,31.81999969482422,31.190000534057617,31.639999389648438,245800,0.0,0.0
2016-08-19 00:00:00-04:00,31.3799991607666,31.3799991607666,30.0,30.350000381469727,727900,0.0,0.0
2016-08-22 00:00:00-04:00,29.940000534057617,31.280000686645508,29.700000762939453,30.899999618530273,639500,0.0,0.0
2016-08-23 00:00:00-04:00,30.969999313354492,31.530000686645508,30.889999389648438,30.969999313354492,244300,0.0,0.0
2016-08-24 00:00:00-04:00,31.0,31.290000915527344,29.760000228881836,29.809999465942383,440100,0.0,0.0
2016-08-25 00:00:00-04:00,29.75,29.920000076293945,28.260000228881836,29.020000457763672,1253800,0.0,0.0
2016-08-26 00:00:00-04:00,29.139999389648438,29.950000762939453,29.059999465942383,29.760000228881836,535200,0.0,0.0
2016-08-29 00:00:00-04:00,29.829999923706055,30.25,29.690000534057617,30.020000457763672,352100,0.0,0.0
2016-08-30 00:00:00-04:00,30.0,30.329999923706055,29.829999923706055,30.0,378900,0.0,0.0
2016-08-31 00:00:00-04:00,30.09000015258789,30.267000198364258,29.670000076293945,29.84000015258789,233900,0.0,0.0
2016-09-01 00:00:00-04:00,29.899999618530273,30.290000915527344,29.68000030517578,30.06999969482422,386900,0.0,0.0
2016-09-02 00:00:00-04:00,30.010000228881836,30.899999618530273,29.93000030517578,30.690000534057617,564000,0.0,0.0
2016-09-06 00:00:00-04:00,30.850000381469727,31.520000457763672,30.790000915527344,31.260000228881836,549300,0.0,0.0
2016-09-07 00:00:00-04:00,31.31999969482422,31.469999313354492,30.690000534057617,30.989999771118164,464600,0.0,0.0
2016-09-08 00:00:00-04:00,30.989999771118164,31.739999771118164,30.399999618530273,31.690000534057617,408000,0.0,0.0
2016-09-09 00:00:00-04:00,31.389999389648438,32.79999923706055,31.389999389648438,32.04999923706055,646900,0.0,0.0
2016-09-12 00:00:00-04:00,32.060001373291016,33.72999954223633,32.02000045776367,33.68000030517578,1067800,0.0,0.0
2016-09-13 00:00:00-04:00,33.63999938964844,34.25,33.231998443603516,34.13999938964844,983000,0.0,0.0
2016-09-14 00:00:00-04:00,34.0,35.130001068115234,33.88999938964844,35.119998931884766,1154100,0.0,0.0
2016-09-15 00:00:00-04:00,35.20000076293945,37.75,35.150001525878906,37.41999816894531,1463400,0.0,0.0
2016-09-16 00:00:00-04:00,37.369998931884766,37.529998779296875,36.2599983215332,37.29999923706055,931600,0.0,0.0
2016-09-19 00:00:00-04:00,37.720001220703125,37.970001220703125,36.75,36.9900016784668,675100,0.0,0.0
2016-09-20 00:00:00-04:00,37.09000015258789,37.5,36.869998931884766,37.16999816894531,500200,0.0,0.0
2016-09-21 00:00:00-04:00,37.25,37.90999984741211,37.060001373291016,37.84000015258789,484500,0.0,0.0
2016-09-22 00:00:00-04:00,38.08000183105469,39.060001373291016,37.849998474121094,38.95000076293945,553500,0.0,0.0
2016-09-23 00:00:00-04:00,39.0,39.81999969482422,38.95000076293945,39.150001525878906,365500,0.0,0.0
2016-09-26 00:00:00-04:00,38.970001220703125,39.0,37.60100173950195,38.2400016784668,336600,0.0,0.0
2016-09-27 00:00:00-04:00,38.130001068115234,39.290000915527344,38.040000915527344,39.2599983215332,394600,0.0,0.0
2016-09-28 00:00:00-04:00,39.25,39.400001525878906,38.63999938964844,39.25,350400,0.0,0.0
2016-09-29 00:00:00-04:00,39.16999816894531,39.16999816894531,37.189998626708984,37.56999969482422,507900,0.0,0.0
2016-09-30 00:00:00-04:00,37.79999923706055,38.33000183105469,37.63999938964844,37.7400016784668,314700,0.0,0.0
2016-10-03 00:00:00-04:00,37.900001525878906,38.4900016784668,37.41999816894531,38.47999954223633,333400,0.0,0.0
2016-10-04 00:00:00-04:00,38.349998474121094,38.5099983215332,37.619998931884766,38.33000183105469,429200,0.0,0.0
2016-10-05 00:00:00-04:00,38.470001220703125,38.90999984741211,38.310001373291016,38.72999954223633,218000,0.0,0.0
2016-10-06 00:00:00-04:00,38.61000061035156,39.02000045776367,38.310001373291016,38.68000030517578,258400,0.0,0.0
2016-10-07 00:00:00-04:00,38.79999923706055,38.79999923706055,37.27000045776367,38.16999816894531,527600,0.0,0.0
2016-10-10 00:00:00-04:00,38.279998779296875,38.31999969482422,37.599998474121094,37.95000076293945,370000,0.0,0.0
2016-10-11 00:00:00-04:00,37.9900016784668,37.9900016784668,36.0099983215332,36.15999984741211,516600,0.0,0.0
2016-10-12 00:00:00-04:00,36.33000183105469,36.47999954223633,35.08000183105469,35.779998779296875,560900,0.0,0.0
2016-10-13 00:00:00-04:00,34.90999984741211,35.965999603271484,33.540000915527344,35.72999954223633,498100,0.0,0.0
2016-10-14 00:00:00-04:00,36.0,36.16999816894531,35.599998474121094,35.619998931884766,171300,0.0,0.0
2016-10-17 00:00:00-04:00,35.33000183105469,36.0,34.66999816894531,35.5,381900,0.0,0.0
2016-10-18 00:00:00-04:00,35.869998931884766,36.220001220703125,35.119998931884766,35.27000045776367,457200,0.0,0.0
2016-10-19 00:00:00-04:00,35.22999954223633,35.459999084472656,34.209999084472656,34.52000045776367,323400,0.0,0.0
2016-10-20 00:00:00-04:00,34.5,35.380001068115234,34.060001373291016,34.68000030517578,359000,0.0,0.0
2016-10-21 00:00:00-04:00,34.2599983215332,34.97999954223633,34.099998474121094,34.880001068115234,343200,0.0,0.0
2016-10-24 00:00:00-04:00,35.0,36.15999984741211,35.0,36.08000183105469,415200,0.0,0.0
2016-10-25 00:00:00-04:00,36.08000183105469,36.70000076293945,35.599998474121094,35.630001068115234,450400,0.0,0.0
2016-10-26 00:00:00-04:00,34.84000015258789,34.91999816894531,33.45000076293945,34.52000045776367,801600,0.0,0.0
2016-10-27 00:00:00-04:00,35.310001373291016,35.349998474121094,33.630001068115234,33.70000076293945,369400,0.0,0.0
2016-10-28 00:00:00-04:00,33.630001068115234,33.76599884033203,31.670000076293945,32.650001525878906,605900,0.0,0.0
2016-10-31 00:00:00-04:00,32.650001525878906,33.43000030517578,32.040000915527344,33.400001525878906,343300,0.0,0.0
2016-11-01 00:00:00-04:00,33.470001220703125,33.73899841308594,32.70000076293945,33.18000030517578,256800,0.0,0.0
2016-11-02 00:00:00-04:00,34.099998474121094,34.86000061035156,33.029998779296875,33.130001068115234,562500,0.0,0.0
2016-11-03 00:00:00-04:00,33.119998931884766,33.150001525878906,31.5,31.540000915527344,339800,0.0,0.0
2016-11-04 00:00:00-04:00,31.43000030517578,32.650001525878906,31.201000213623047,32.13999938964844,231400,0.0,0.0
2016-11-07 00:00:00-05:00,32.97999954223633,33.79999923706055,32.970001220703125,33.63999938964844,331100,0.0,0.0
2016-11-08 00:00:00-05:00,33.029998779296875,33.9900016784668,32.66999816894531,33.59000015258789,320800,0.0,0.0
2016-11-09 00:00:00-05:00,32.84000015258789,35.47999954223633,32.84000015258789,35.16999816894531,645400,0.0,0.0
2016-11-10 00:00:00-05:00,35.380001068115234,35.529998779296875,34.439998626708984,34.779998779296875,519200,0.0,0.0
2016-11-11 00:00:00-05:00,34.310001373291016,34.70000076293945,28.719999313354492,34.0099983215332,2709300,0.0,0.0
2016-11-14 00:00:00-05:00,34.2599983215332,34.349998474121094,33.13999938964844,33.779998779296875,1283500,0.0,0.0
2016-11-15 00:00:00-05:00,33.22999954223633,34.27000045776367,33.099998474121094,33.900001525878906,422200,0.0,0.0
2016-11-16 00:00:00-05:00,33.83000183105469,34.31999969482422,33.0,33.2400016784668,380900,0.0,0.0
2016-11-17 00:00:00-05:00,33.47999954223633,34.439998626708984,33.31999969482422,33.650001525878906,367200,0.0,0.0
2016-11-18 00:00:00-05:00,33.70000076293945,33.810001373291016,33.040000915527344,33.189998626708984,279300,0.0,0.0
2016-11-21 00:00:00-05:00,33.349998474121094,33.59000015258789,32.349998474121094,32.59000015258789,223400,0.0,0.0
2016-11-22 00:00:00-05:00,32.58000183105469,32.93000030517578,32.029998779296875,32.720001220703125,332000,0.0,0.0
2016-11-23 00:00:00-05:00,32.47999954223633,33.33000183105469,32.45500183105469,32.9900016784668,185900,0.0,0.0
2016-11-25 00:00:00-05:00,33.099998474121094,33.099998474121094,32.4900016784668,32.70000076293945,78700,0.0,0.0
2016-11-28 00:00:00-05:00,32.56999969482422,32.70000076293945,31.239999771118164,31.350000381469727,246300,0.0,0.0
2016-11-29 00:00:00-05:00,31.3700008392334,32.0,31.149999618530273,31.209999084472656,198500,0.0,0.0
2016-11-30 00:00:00-05:00,31.270000457763672,31.3799991607666,30.760000228881836,31.209999084472656,286500,0.0,0.0
2016-12-01 00:00:00-05:00,31.209999084472656,31.469999313354492,30.25,30.610000610351562,418100,0.0,0.0
2016-12-02 00:00:00-05:00,30.56999969482422,32.86000061035156,30.56999969482422,32.040000915527344,443600,0.0,0.0
2016-12-05 00:00:00-05:00,32.29999923706055,32.599998474121094,31.889999389648438,32.150001525878906,417500,0.0,0.0
2016-12-06 00:00:00-05:00,32.189998626708984,33.0099983215332,31.360000610351562,32.9900016784668,419900,0.0,0.0
2016-12-07 00:00:00-05:00,32.7599983215332,34.683998107910156,32.630001068115234,34.27000045776367,522600,0.0,0.0
2016-12-08 00:00:00-05:00,34.13999938964844,34.13999938964844,33.04999923706055,33.560001373291016,584200,0.0,0.0
2016-12-09 00:00:00-05:00,33.59000015258789,34.0099983215332,32.779998779296875,33.150001525878906,486200,0.0,0.0
2016-12-12 00:00:00-05:00,32.81999969482422,33.130001068115234,32.09000015258789,33.0099983215332,401700,0.0,0.0
2016-12-13 00:00:00-05:00,32.900001525878906,34.34000015258789,32.900001525878906,34.099998474121094,1137700,0.0,0.0
2016-12-14 00:00:00-05:00,34.22999954223633,34.45000076293945,33.15999984741211,33.810001373291016,461900,0.0,0.0
2016-12-15 00:00:00-05:00,33.72999954223633,34.22999954223633,33.43000030517578,34.02000045776367,347800,0.0,0.0
2016-12-16 00:00:00-05:00,34.20000076293945,34.5,33.22999954223633,34.0,771500,0.0,0.0
2016-12-19 00:00:00-05:00,34.11000061035156,34.349998474121094,34.029998779296875,34.119998931884766,374700,0.0,0.0
2016-12-20 00:00:00-05:00,34.16999816894531,34.45000076293945,33.7400016784668,34.189998626708984,219800,0.0,0.0
2016-12-21 00:00:00-05:00,34.27000045776367,34.4900016784668,33.52000045776367,33.779998779296875,265800,0.0,0.0
2016-12-22 00:00:00-05:00,33.77000045776367,34.18000030517578,33.220001220703125,33.93000030517578,313400,0.0,0.0
2016-12-23 00:00:00-05:00,33.939998626708984,35.12200164794922,33.90999984741211,34.9900016784668,425900,0.0,0.0
2016-12-27 00:00:00-05:00,35.599998474121094,35.83000183105469,34.279998779296875,35.41999816894531,479900,0.0,0.0
2016-12-28 00:00:00-05:00,35.4900016784668,36.0,35.0099983215332,35.08000183105469,326200,0.0,0.0
2016-12-29 00:00:00-05:00,35.119998931884766,35.4900016784668,34.32099914550781,34.599998474121094,330000,0.0,0.0
2016-12-30 00:00:00-05:00,34.65999984741211,34.86000061035156,34.09000015258789,34.29999923706055,361700,0.0,0.0
2017-01-03 00:00:00-05:00,34.81999969482422,34.84000015258789,33.47999954223633,33.720001220703125,344200,0.0,0.0
2017-01-04 00:00:00-05:00,33.88999938964844,34.435001373291016,33.17900085449219,34.20000076293945,479900,0.0,0.0
2017-01-05 00:00:00-05:00,34.27000045776367,34.45000076293945,33.529998779296875,33.61000061035156,264400,0.0,0.0
2017-01-06 00:00:00-05:00,35.619998931884766,36.433998107910156,34.90999984741211,36.31999969482422,940200,0.0,0.0
2017-01-09 00:00:00-05:00,36.650001525878906,38.95000076293945,36.54999923706055,38.349998474121094,1235600,0.0,0.0
2017-01-10 00:00:00-05:00,38.5,38.7400016784668,37.400001525878906,38.209999084472656,637900,0.0,0.0
2017-01-11 00:00:00-05:00,38.400001525878906,39.130001068115234,37.279998779296875,38.880001068115234,519000,0.0,0.0
2017-01-12 00:00:00-05:00,38.650001525878906,40.060001373291016,38.45000076293945,39.970001220703125,650800,0.0,0.0
2017-01-13 00:00:00-05:00,40.060001373291016,41.0,39.35599899291992,39.47999954223633,805300,0.0,0.0
2017-01-17 00:00:00-05:00,39.470001220703125,39.58100128173828,38.303001403808594,38.560001373291016,450400,0.0,0.0
2017-01-18 00:00:00-05:00,39.0,39.2599983215332,38.40999984741211,38.72999954223633,267000,0.0,0.0
2017-01-19 00:00:00-05:00,38.869998931884766,38.939998626708984,37.959999084472656,38.130001068115234,333200,0.0,0.0
2017-01-20 00:00:00-05:00,38.13999938964844,38.5,37.7599983215332,38.439998626708984,357700,0.0,0.0
2017-01-23 00:00:00-05:00,38.380001068115234,38.779998779296875,37.81999969482422,38.0,394600,0.0,0.0
2017-01-24 00:00:00-05:00,38.45000076293945,38.810001373291016,37.849998474121094,38.52000045776367,369700,0.0,0.0
2017-01-25 00:00:00-05:00,38.79999923706055,39.209999084472656,38.54999923706055,38.9900016784668,393300,0.0,0.0
2017-01-26 00:00:00-05:00,39.029998779296875,39.04999923706055,38.409000396728516,38.9900016784668,578900,0.0,0.0
2017-01-27 00:00:00-05:00,39.13999938964844,39.33000183105469,38.58000183105469,38.810001373291016,247300,0.0,0.0
2017-01-30 00:00:00-05:00,38.52000045776367,38.60300064086914,37.5099983215332,38.04999923706055,294100,0.0,0.0
2017-01-31 00:00:00-05:00,38.20000076293945,41.41999816894531,38.189998626708984,41.220001220703125,1305700,0.0,0.0
2017-02-01 00:00:00-05:00,41.349998474121094,41.439998626708984,40.81999969482422,41.11000061035156,515300,0.0,0.0
2017-02-02 00:00:00-05:00,41.189998626708984,42.95000076293945,41.0099983215332,42.83000183105469,654200,0.0,0.0
2017-02-03 00:00:00-05:00,43.0,43.77000045776367,43.0,43.59000015258789,501000,0.0,0.0
2017-02-06 00:00:00-05:00,43.599998474121094,44.11000061035156,42.349998474121094,43.959999084472656,513800,0.0,0.0
2017-02-07 00:00:00-05:00,44.08000183105469,44.630001068115234,43.599998474121094,44.33000183105469,537200,0.0,0.0
2017-02-08 00:00:00-05:00,44.33000183105469,45.2599983215332,43.95000076293945,45.099998474121094,425600,0.0,0.0
2017-02-09 00:00:00-05:00,45.5,45.720001220703125,44.970001220703125,45.08000183105469,423400,0.0,0.0
2017-02-10 00:00:00-05:00,45.130001068115234,45.35499954223633,44.59000015258789,44.59000015258789,304500,0.0,0.0
2017-02-13 00:00:00-05:00,44.86000061035156,45.2400016784668,44.619998931884766,44.66999816894531,255100,0.0,0.0
2017-02-14 00:00:00-05:00,44.77000045776367,46.09000015258789,44.619998931884766,45.97999954223633,335600,0.0,0.0
2017-02-15 00:00:00-05:00,45.97999954223633,46.43000030517578,45.599998474121094,45.77000045776367,278500,0.0,0.0
2017-02-16 00:00:00-05:00,45.91999816894531,46.150001525878906,45.08000183105469,45.439998626708984,276400,0.0,0.0
2017-02-17 00:00:00-05:00,45.4900016784668,45.75,44.900001525878906,45.619998931884766,205200,0.0,0.0
2017-02-21 00:00:00-05:00,45.70000076293945,46.0620002746582,44.98400115966797,45.599998474121094,258800,0.0,0.0
2017-02-22 00:00:00-05:00,46.27000045776367,46.81999969482422,45.599998474121094,46.099998474121094,221400,0.0,0.0
2017-02-23 00:00:00-05:00,46.060001373291016,46.165000915527344,44.130001068115234,44.880001068115234,480700,0.0,0.0
2017-02-24 00:00:00-05:00,44.619998931884766,46.31999969482422,43.5,46.189998626708984,462100,0.0,0.0
2017-02-27 00:00:00-05:00,46.04999923706055,46.63999938964844,45.84000015258789,46.29999923706055,329100,0.0,0.0
2017-02-28 00:00:00-05:00,46.619998931884766,47.5,45.40999984741211,45.5,684900,0.0,0.0
2017-03-01 00:00:00-05:00,45.93000030517578,46.5,44.58000183105469,45.790000915527344,889000,0.0,0.0
2017-03-02 00:00:00-05:00,51.90999984741211,52.4900016784668,47.029998779296875,47.70000076293945,2058000,0.0,0.0
2017-03-03 00:00:00-05:00,46.720001220703125,47.220001220703125,44.400001525878906,44.709999084472656,1554400,0.0,0.0
2017-03-06 00:00:00-05:00,44.279998779296875,45.56999969482422,44.0,44.880001068115234,534700,0.0,0.0
2017-03-07 00:00:00-05:00,44.439998626708984,44.70000076293945,43.619998931884766,44.06999969482422,450900,0.0,0.0
2017-03-08 00:00:00-05:00,44.0,44.20500183105469,42.130001068115234,42.43000030517578,608300,0.0,0.0
2017-03-09 00:00:00-05:00,42.400001525878906,45.689998626708984,42.310001373291016,45.540000915527344,716800,0.0,0.0
2017-03-10 00:00:00-05:00,45.720001220703125,46.33000183105469,45.36000061035156,46.02000045776367,718800,0.0,0.0
2017-03-13 00:00:00-04:00,45.79999923706055,46.279998779296875,44.970001220703125,45.0099983215332,576900,0.0,0.0
2017-03-14 00:00:00-04:00,44.54999923706055,44.900001525878906,43.650001525878906,44.310001373291016,375500,0.0,0.0
2017-03-15 00:00:00-04:00,44.560001373291016,46.27000045776367,44.560001373291016,45.709999084472656,451000,0.0,0.0
2017-03-16 00:00:00-04:00,46.43000030517578,48.599998474121094,46.099998474121094,47.7599983215332,924300,0.0,0.0
2017-03-17 00:00:00-04:00,47.65999984741211,49.380001068115234,47.02000045776367,48.88999938964844,918100,0.0,0.0
2017-03-20 00:00:00-04:00,49.060001373291016,49.36000061035156,47.5,48.400001525878906,293000,0.0,0.0
2017-03-21 00:00:00-04:00,48.7599983215332,49.27000045776367,47.720001220703125,47.970001220703125,360200,0.0,0.0
2017-03-22 00:00:00-04:00,48.040000915527344,48.5,47.22999954223633,48.2599983215332,317700,0.0,0.0
2017-03-23 00:00:00-04:00,48.40999984741211,49.36000061035156,47.939998626708984,48.900001525878906,369900,0.0,0.0
2017-03-24 00:00:00-04:00,49.0,50.439998626708984,49.0,50.290000915527344,384400,0.0,0.0
2017-03-27 00:00:00-04:00,49.790000915527344,51.09000015258789,49.20000076293945,50.790000915527344,530300,0.0,0.0
2017-03-28 00:00:00-04:00,51.130001068115234,51.459999084472656,49.9900016784668,50.25,297700,0.0,0.0
2017-03-29 00:00:00-04:00,50.27000045776367,51.29999923706055,50.119998931884766,50.2400016784668,392500,0.0,0.0
2017-03-30 00:00:00-04:00,50.29999923706055,51.7400016784668,49.7599983215332,51.27000045776367,384700,0.0,0.0
2017-03-31 00:00:00-04:00,51.04999923706055,52.31999969482422,50.9900016784668,51.29999923706055,439100,0.0,0.0
2017-04-03 00:00:00-04:00,51.31999969482422,52.29999923706055,51.099998474121094,52.22999954223633,333200,0.0,0.0
2017-04-04 00:00:00-04:00,52.2400016784668,52.47999954223633,51.720001220703125,52.0,342700,0.0,0.0
2017-04-05 00:00:00-04:00,52.220001220703125,52.38999938964844,50.060001373291016,50.45000076293945,396600,0.0,0.0
2017-04-06 00:00:00-04:00,50.33000183105469,50.56999969482422,49.38999938964844,50.54999923706055,350300,0.0,0.0
2017-04-07 00:00:00-04:00,50.54999923706055,51.5099983215332,50.0880012512207,51.5,322400,0.0,0.0
2017-04-10 00:00:00-04:00,49.470001220703125,50.5,47.29999923706055,47.58000183105469,1370500,0.0,0.0
2017-04-11 00:00:00-04:00,47.459999084472656,49.040000915527344,47.099998474121094,48.86000061035156,517200,0.0,0.0
2017-04-12 00:00:00-04:00,48.84000015258789,48.84000015258789,47.36000061035156,47.91999816894531,534000,0.0,0.0
2017-04-13 00:00:00-04:00,47.5,47.5,43.5,44.279998779296875,1300900,0.0,0.0
2017-04-17 00:00:00-04:00,44.08000183105469,45.84000015258789,43.06999969482422,44.56999969482422,1152300,0.0,0.0
2017-04-18 00:00:00-04:00,44.529998779296875,44.529998779296875,42.22999954223633,43.2599983215332,984000,0.0,0.0
2017-04-19 00:00:00-04:00,43.38999938964844,44.45000076293945,43.27000045776367,44.15999984741211,541200,0.0,0.0
2017-04-20 00:00:00-04:00,44.29999923706055,45.90999984741211,44.209999084472656,45.33000183105469,384400,0.0,0.0
2017-04-21 00:00:00-04:00,45.349998474121094,45.88999938964844,44.939998626708984,45.630001068115234,418500,0.0,0.0
2017-04-24 00:00:00-04:00,46.400001525878906,46.689998626708984,45.18899917602539,46.439998626708984,340500,0.0,0.0
2017-04-25 00:00:00-04:00,46.65999984741211,47.138999938964844,46.41999816894531,46.599998474121094,265800,0.0,0.0
2017-04-26 00:00:00-04:00,46.66999816894531,47.04999923706055,46.33000183105469,46.869998931884766,291500,0.0,0.0
2017-04-27 00:00:00-04:00,46.939998626708984,47.68000030517578,46.5,47.36000061035156,229400,0.0,0.0
2017-04-28 00:00:00-04:00,47.40999984741211,47.90999984741211,47.150001525878906,47.529998779296875,217900,0.0,0.0
2017-05-01 00:00:00-04:00,47.529998779296875,48.29999923706055,47.5099983215332,48.16999816894531,330800,0.0,0.0
2017-05-02 00:00:00-04:00,48.20000076293945,48.88999938964844,47.5,48.18000030517578,372800,0.0,0.0
2017-05-03 00:00:00-04:00,47.7400016784668,48.38999938964844,46.529998779296875,47.619998931884766,1090000,0.0,0.0
2017-05-04 00:00:00-04:00,42.70000076293945,45.0,42.130001068115234,42.61000061035156,3579400,0.0,0.0
2017-05-05 00:00:00-04:00,42.75,43.25,40.56999969482422,41.689998626708984,1465800,0.0,0.0
2017-05-08 00:00:00-04:00,42.27000045776367,42.97999954223633,40.68000030517578,40.77000045776367,802800,0.0,0.0
2017-05-09 00:00:00-04:00,40.83000183105469,41.279998779296875,39.880001068115234,41.029998779296875,701600,0.0,0.0
2017-05-10 00:00:00-04:00,41.130001068115234,43.0,40.66999816894531,42.5099983215332,787000,0.0,0.0
2017-05-11 00:00:00-04:00,42.369998931884766,42.77000045776367,40.91999816894531,40.95000076293945,495800,0.0,0.0
2017-05-12 00:00:00-04:00,40.900001525878906,41.08000183105469,39.47999954223633,39.529998779296875,627500,0.0,0.0
2017-05-15 00:00:00-04:00,39.54999923706055,40.4900016784668,39.54999923706055,40.13999938964844,521900,0.0,0.0
2017-05-16 00:00:00-04:00,40.29999923706055,40.540000915527344,38.83000183105469,40.52000045776367,512700,0.0,0.0
2017-05-17 00:00:00-04:00,40.06999969482422,40.06999969482422,37.040000915527344,37.29999923706055,1040200,0.0,0.0
2017-05-18 00:00:00-04:00,37.189998626708984,37.97999954223633,36.79999923706055,37.290000915527344,754800,0.0,0.0
2017-05-19 00:00:00-04:00,37.25,37.400001525878906,36.5099983215332,36.83000183105469,519700,0.0,0.0
2017-05-22 00:00:00-04:00,36.650001525878906,37.560001373291016,36.59000015258789,37.119998931884766,656500,0.0,0.0
2017-05-23 00:00:00-04:00,37.27000045776367,39.08000183105469,37.02000045776367,39.0099983215332,866200,0.0,0.0
2017-05-24 00:00:00-04:00,39.130001068115234,40.70500183105469,39.04999923706055,40.029998779296875,599800,0.0,0.0
2017-05-25 00:00:00-04:00,40.27000045776367,40.31800079345703,39.529998779296875,39.91999816894531,357100,0.0,0.0
2017-05-26 00:00:00-04:00,40.0,40.31999969482422,39.5,39.95000076293945,304900,0.0,0.0
2017-05-30 00:00:00-04:00,40.0,40.59000015258789,39.689998626708984,40.52000045776367,445700,0.0,0.0
2017-05-31 00:00:00-04:00,40.41999816894531,41.16999816894531,40.2599983215332,40.709999084472656,572400,0.0,0.0
2017-06-01 00:00:00-04:00,40.52000045776367,41.7400016784668,40.43000030517578,41.2599983215332,435000,0.0,0.0
2017-06-02 00:00:00-04:00,41.33000183105469,41.88999938964844,40.439998626708984,40.9900016784668,791000,0.0,0.0
2017-06-05 00:00:00-04:00,40.849998474121094,40.849998474121094,37.5099983215332,37.70000076293945,1063000,0.0,0.0
2017-06-06 00:00:00-04:00,37.52000045776367,39.26900100708008,37.2599983215332,39.02000045776367,630700,0.0,0.0
2017-06-07 00:00:00-04:00,39.189998626708984,39.59000015258789,38.83000183105469,39.439998626708984,534700,0.0,0.0
2017-06-08 00:00:00-04:00,39.43000030517578,40.720001220703125,39.27000045776367,40.68000030517578,377600,0.0,0.0
2017-06-09 00:00:00-04:00,40.59000015258789,42.61000061035156,40.11000061035156,40.9900016784668,762000,0.0,0.0
2017-06-12 00:00:00-04:00,40.540000915527344,40.58000183105469,38.31999969482422,39.220001220703125,717100,0.0,0.0
2017-06-13 00:00:00-04:00,39.349998474121094,41.560001373291016,39.349998474121094,41.09000015258789,549200,0.0,0.0
2017-06-14 00:00:00-04:00,41.349998474121094,41.77000045776367,40.63999938964844,40.970001220703125,392200,0.0,0.0
2017-06-15 00:00:00-04:00,40.68000030517578,41.43000030517578,40.2599983215332,40.9900016784668,289400,0.0,0.0
2017-06-16 00:00:00-04:00,40.63999938964844,40.939998626708984,40.18000030517578,40.54999923706055,503000,0.0,0.0
2017-06-19 00:00:00-04:00,40.529998779296875,41.290000915527344,39.68000030517578,41.16999816894531,795200,0.0,0.0
2017-06-20 00:00:00-04:00,41.11000061035156,42.72999954223633,40.91999816894531,41.790000915527344,490400,0.0,0.0
2017-06-21 00:00:00-04:00,41.90999984741211,43.38999938964844,41.79999923706055,43.25,401400,0.0,0.0
2017-06-22 00:00:00-04:00,43.279998779296875,44.0099983215332,43.27000045776367,43.9900016784668,404000,0.0,0.0
2017-06-23 00:00:00-04:00,43.790000915527344,44.66999816894531,43.349998474121094,44.22999954223633,1705800,0.0,0.0
2017-06-26 00:00:00-04:00,44.279998779296875,44.7599983215332,43.84000015258789,44.150001525878906,401800,0.0,0.0
2017-06-27 00:00:00-04:00,44.13999938964844,44.13999938964844,41.34000015258789,41.470001220703125,685100,0.0,0.0
2017-06-28 00:00:00-04:00,42.029998779296875,43.220001220703125,41.349998474121094,42.40999984741211,331000,0.0,0.0
2017-06-29 00:00:00-04:00,42.400001525878906,42.42499923706055,41.369998931884766,41.40999984741211,325500,0.0,0.0
2017-06-30 00:00:00-04:00,41.59000015258789,42.029998779296875,40.93000030517578,41.470001220703125,317900,0.0,0.0
2017-07-03 00:00:00-04:00,41.529998779296875,41.7599983215332,40.119998931884766,41.150001525878906,164300,0.0,0.0
2017-07-05 00:00:00-04:00,41.220001220703125,42.7400016784668,41.095001220703125,42.709999084472656,367400,0.0,0.0
2017-07-06 00:00:00-04:00,42.279998779296875,42.70000076293945,41.81999969482422,42.029998779296875,362500,0.0,0.0
2017-07-07 00:00:00-04:00,42.20000076293945,43.4900016784668,41.91999816894531,42.81999969482422,214700,0.0,0.0
2017-07-10 00:00:00-04:00,42.0099983215332,42.459999084472656,40.220001220703125,40.22999954223633,666400,0.0,0.0
2017-07-11 00:00:00-04:00,40.33000183105469,40.630001068115234,37.97999954223633,39.189998626708984,768600,0.0,0.0
2017-07-12 00:00:00-04:00,39.47999954223633,40.52000045776367,39.22999954223633,40.0,374600,0.0,0.0
2017-07-13 00:00:00-04:00,39.9900016784668,40.43000030517578,39.349998474121094,39.790000915527344,347400,0.0,0.0
2017-07-14 00:00:00-04:00,39.689998626708984,40.36000061035156,39.599998474121094,39.779998779296875,280100,0.0,0.0
2017-07-17 00:00:00-04:00,39.93000030517578,40.65999984741211,39.5,40.119998931884766,531500,0.0,0.0
2017-07-18 00:00:00-04:00,40.11000061035156,41.650001525878906,40.0099983215332,41.2400016784668,543800,0.0,0.0
2017-07-19 00:00:00-04:00,41.22999954223633,41.68000030517578,40.630001068115234,40.810001373291016,403500,0.0,0.0
2017-07-20 00:00:00-04:00,40.880001068115234,41.119998931884766,40.599998474121094,40.66999816894531,246900,0.0,0.0
2017-07-21 00:00:00-04:00,40.86000061035156,40.90999984741211,39.90999984741211,40.33000183105469,365300,0.0,0.0
2017-07-24 00:00:00-04:00,40.29999923706055,41.349998474121094,39.95000076293945,41.310001373291016,240400,0.0,0.0
2017-07-25 00:00:00-04:00,41.31999969482422,42.43000030517578,41.09000015258789,42.279998779296875,363000,0.0,0.0
2017-07-26 00:00:00-04:00,42.22999954223633,42.81999969482422,41.95000076293945,42.599998474121094,374500,0.0,0.0
2017-07-27 00:00:00-04:00,42.540000915527344,42.56999969482422,40.79999923706055,41.08000183105469,305100,0.0,0.0
2017-07-28 00:00:00-04:00,40.84000015258789,41.58000183105469,40.47999954223633,41.11000061035156,356600,0.0,0.0
2017-07-31 00:00:00-04:00,41.15999984741211,41.15999984741211,39.400001525878906,40.18000030517578,450800,0.0,0.0
2017-08-01 00:00:00-04:00,40.56999969482422,40.68000030517578,39.2599983215332,39.380001068115234,350300,0.0,0.0
2017-08-02 00:00:00-04:00,39.36000061035156,40.209999084472656,39.04999923706055,39.72999954223633,997500,0.0,0.0
2017-08-03 00:00:00-04:00,37.29999923706055,38.599998474121094,33.79999923706055,36.7599983215332,3147500,0.0,0.0
2017-08-04 00:00:00-04:00,37.0,37.34000015258789,35.55500030517578,36.2599983215332,1014300,0.0,0.0
2017-08-07 00:00:00-04:00,36.04999923706055,37.5,36.0,37.41999816894531,435900,0.0,0.0
2017-08-08 00:00:00-04:00,37.209999084472656,38.959999084472656,37.0,38.540000915527344,380200,0.0,0.0
2017-08-09 00:00:00-04:00,38.25,38.41999816894531,36.689998626708984,36.720001220703125,353000,0.0,0.0
2017-08-10 00:00:00-04:00,36.470001220703125,36.880001068115234,35.91999816894531,36.310001373291016,409300,0.0,0.0
2017-08-11 00:00:00-04:00,36.02000045776367,37.54999923706055,35.810001373291016,37.5,267500,0.0,0.0
2017-08-14 00:00:00-04:00,37.869998931884766,38.06999969482422,37.16999816894531,37.540000915527344,254300,0.0,0.0
2017-08-15 00:00:00-04:00,37.7599983215332,38.84000015258789,37.2400016784668,37.970001220703125,352600,0.0,0.0
2017-08-16 00:00:00-04:00,37.91999816894531,38.279998779296875,37.540000915527344,37.810001373291016,352100,0.0,0.0
2017-08-17 00:00:00-04:00,37.66999816894531,38.36000061035156,37.5,37.59000015258789,547800,0.0,0.0
2017-08-18 00:00:00-04:00,37.40999984741211,37.90999984741211,36.82500076293945,37.45000076293945,333200,0.0,0.0
2017-08-21 00:00:00-04:00,37.560001373291016,37.66999816894531,36.65999984741211,37.119998931884766,245500,0.0,0.0
2017-08-22 00:00:00-04:00,37.22999954223633,38.1349983215332,37.11000061035156,37.84000015258789,498500,0.0,0.0
2017-08-23 00:00:00-04:00,37.650001525878906,37.869998931884766,35.47999954223633,35.75,693400,0.0,0.0
2017-08-24 00:00:00-04:00,35.849998474121094,36.689998626708984,35.84000015258789,36.13999938964844,315800,0.0,0.0
2017-08-25 00:00:00-04:00,36.31999969482422,36.369998931884766,35.130001068115234,35.25,283000,0.0,0.0
2017-08-28 00:00:00-04:00,35.40999984741211,36.560001373291016,35.279998779296875,36.5099983215332,328800,0.0,0.0
2017-08-29 00:00:00-04:00,36.099998474121094,36.970001220703125,36.040000915527344,36.90999984741211,256800,0.0,0.0
2017-08-30 00:00:00-04:00,36.959999084472656,37.59000015258789,36.5,37.20000076293945,307600,0.0,0.0
2017-08-31 00:00:00-04:00,37.349998474121094,38.375,37.16999816894531,37.75,660500,0.0,0.0
2017-09-01 00:00:00-04:00,37.810001373291016,38.029998779296875,37.45000076293945,37.83000183105469,722600,0.0,0.0
2017-09-05 00:00:00-04:00,37.849998474121094,41.400001525878906,37.58000183105469,39.34000015258789,1903100,0.0,0.0
2017-09-06 00:00:00-04:00,38.97999954223633,40.41999816894531,38.97999954223633,40.25,526200,0.0,0.0
2017-09-07 00:00:00-04:00,40.33000183105469,42.099998474121094,40.290000915527344,41.45000076293945,672500,0.0,0.0
2017-09-08 00:00:00-04:00,41.290000915527344,43.1510009765625,40.720001220703125,42.0,559500,0.0,0.0
2017-09-11 00:00:00-04:00,42.45000076293945,43.209999084472656,41.290000915527344,42.029998779296875,740700,0.0,0.0
2017-09-12 00:00:00-04:00,42.11000061035156,42.11000061035156,40.54999923706055,40.75,542200,0.0,0.0
2017-09-13 00:00:00-04:00,40.63999938964844,41.40999984741211,40.290000915527344,41.33000183105469,642400,0.0,0.0
2017-09-14 00:00:00-04:00,36.060001373291016,36.79999923706055,32.70000076293945,33.84000015258789,6153000,0.0,0.0
2017-09-15 00:00:00-04:00,33.689998626708984,33.77000045776367,30.809999465942383,31.399999618530273,4627900,0.0,0.0
2017-09-18 00:00:00-04:00,31.549999237060547,33.119998931884766,31.5,32.15999984741211,1747100,0.0,0.0
2017-09-19 00:00:00-04:00,32.20000076293945,32.560001373291016,30.219999313354492,32.529998779296875,1389400,0.0,0.0
2017-09-20 00:00:00-04:00,32.5,33.4900016784668,32.310001373291016,32.75,881700,0.0,0.0
2017-09-21 00:00:00-04:00,32.61000061035156,32.79999923706055,32.130001068115234,32.20000076293945,525800,0.0,0.0
2017-09-22 00:00:00-04:00,32.27000045776367,32.650001525878906,31.5,32.189998626708984,715600,0.0,0.0
2017-09-25 00:00:00-04:00,32.189998626708984,32.27899932861328,30.790000915527344,31.260000228881836,709100,0.0,0.0
2017-09-26 00:00:00-04:00,31.59000015258789,32.75,31.59000015258789,32.5,450800,0.0,0.0
2017-09-27 00:00:00-04:00,32.650001525878906,33.43000030517578,32.52000045776367,33.2599983215332,437900,0.0,0.0
2017-09-28 00:00:00-04:00,33.22999954223633,33.33300018310547,32.709999084472656,33.0099983215332,276200,0.0,0.0
2017-09-29 00:00:00-04:00,32.91999816894531,33.29999923706055,32.540000915527344,33.0,244800,0.0,0.0
2017-10-02 00:00:00-04:00,33.0,33.97999954223633,32.97999954223633,33.45000076293945,430400,0.0,0.0
2017-10-03 00:00:00-04:00,33.47999954223633,33.68000030517578,32.4900016784668,33.47999954223633,348000,0.0,0.0
2017-10-04 00:00:00-04:00,33.47999954223633,33.93000030517578,33.189998626708984,33.810001373291016,405100,0.0,0.0
2017-10-05 00:00:00-04:00,33.86000061035156,34.55500030517578,33.61000061035156,34.20000076293945,405600,0.0,0.0
2017-10-06 00:00:00-04:00,34.11000061035156,34.279998779296875,33.400001525878906,33.59000015258789,303800,0.0,0.0
2017-10-09 00:00:00-04:00,33.58000183105469,33.86000061035156,32.52000045776367,32.84000015258789,350200,0.0,0.0
2017-10-10 00:00:00-04:00,33.0,33.0,32.04999923706055,32.290000915527344,298900,0.0,0.0
2017-10-11 00:00:00-04:00,32.34000015258789,32.75,32.0099983215332,32.25,328000,0.0,0.0
2017-10-12 00:00:00-04:00,32.150001525878906,33.40999984741211,32.040000915527344,33.31999969482422,481000,0.0,0.0
2017-10-13 00:00:00-04:00,33.45000076293945,33.529998779296875,32.959999084472656,33.33000183105469,283500,0.0,0.0
2017-10-16 00:00:00-04:00,33.349998474121094,33.63999938964844,32.849998474121094,32.95000076293945,386800,0.0,0.0
2017-10-17 00:00:00-04:00,32.970001220703125,33.560001373291016,32.58000183105469,32.599998474121094,256300,0.0,0.0
2017-10-18 00:00:00-04:00,32.63999938964844,33.779998779296875,32.630001068115234,33.619998931884766,336000,0.0,0.0
2017-10-19 00:00:00-04:00,33.560001373291016,33.560001373291016,32.220001220703125,32.72999954223633,502000,0.0,0.0
2017-10-20 00:00:00-04:00,32.86000061035156,33.709999084472656,32.86000061035156,33.619998931884766,319900,0.0,0.0
2017-10-23 00:00:00-04:00,33.58000183105469,34.0,33.2859992980957,33.68000030517578,335100,0.0,0.0
2017-10-24 00:00:00-04:00,33.72999954223633,34.040000915527344,33.34000015258789,33.970001220703125,346100,0.0,0.0
2017-10-25 00:00:00-04:00,33.779998779296875,34.029998779296875,33.439998626708984,33.72999954223633,449100,0.0,0.0
2017-10-26 00:00:00-04:00,33.7599983215332,34.16999816894531,33.540000915527344,34.150001525878906,403900,0.0,0.0
2017-10-27 00:00:00-04:00,34.150001525878906,35.279998779296875,34.099998474121094,35.20000076293945,514700,0.0,0.0
2017-10-30 00:00:00-04:00,35.040000915527344,35.56999969482422,34.86000061035156,35.349998474121094,415100,0.0,0.0
2017-10-31 00:00:00-04:00,35.25,35.86000061035156,34.869998931884766,35.310001373291016,971000,0.0,0.0
2017-11-01 00:00:00-04:00,35.400001525878906,35.400001525878906,34.63999938964844,35.040000915527344,435500,0.0,0.0
2017-11-02 00:00:00-04:00,35.029998779296875,35.619998931884766,34.8849983215332,35.290000915527344,432700,0.0,0.0
2017-11-03 00:00:00-04:00,35.16999816894531,36.060001373291016,35.13999938964844,36.0099983215332,485900,0.0,0.0
2017-11-06 00:00:00-05:00,36.0099983215332,36.20000076293945,35.119998931884766,35.380001068115234,732400,0.0,0.0
2017-11-07 00:00:00-05:00,34.81999969482422,35.0,30.0,31.510000228881836,2422800,0.0,0.0
2017-11-08 00:00:00-05:00,32.31999969482422,33.470001220703125,29.045000076293945,29.65999984741211,1909500,0.0,0.0
2017-11-09 00:00:00-05:00,29.639999389648438,30.979999542236328,29.229999542236328,30.780000686645508,620400,0.0,0.0
2017-11-10 00:00:00-05:00,30.559999465942383,31.049999237060547,30.06999969482422,30.09000015258789,461000,0.0,0.0
2017-11-13 00:00:00-05:00,29.850000381469727,30.229999542236328,28.739999771118164,30.0,662000,0.0,0.0
2017-11-14 00:00:00-05:00,30.010000228881836,30.100000381469727,28.625,28.649999618530273,696200,0.0,0.0
2017-11-15 00:00:00-05:00,28.43000030517578,28.479999542236328,26.6200008392334,27.389999389648438,1241600,0.0,0.0
2017-11-16 00:00:00-05:00,27.510000228881836,27.540000915527344,26.860000610351562,27.06999969482422,1280600,0.0,0.0
2017-11-17 00:00:00-05:00,27.0,27.139999389648438,26.440000534057617,26.450000762939453,903600,0.0,0.0
2017-11-20 00:00:00-05:00,26.709999084472656,28.270000457763672,26.559999465942383,28.209999084472656,1683900,0.0,0.0
2017-11-21 00:00:00-05:00,28.149999618530273,28.149999618530273,25.200000762939453,25.350000381469727,1355500,0.0,0.0
2017-11-22 00:00:00-05:00,25.450000762939453,25.450000762939453,23.440000534057617,24.5,1915400,0.0,0.0
2017-11-24 00:00:00-05:00,24.639999389648438,25.420000076293945,24.270000457763672,25.290000915527344,478600,0.0,0.0
2017-11-27 00:00:00-05:00,25.280000686645508,25.81999969482422,24.8799991607666,25.790000915527344,1108700,0.0,0.0
2017-11-28 00:00:00-05:00,25.950000762939453,27.6200008392334,25.579999923706055,27.549999237060547,677500,0.0,0.0
2017-11-29 00:00:00-05:00,27.549999237060547,27.959999084472656,27.190000534057617,27.299999237060547,456200,0.0,0.0
2017-11-30 00:00:00-05:00,27.389999389648438,27.809999465942383,26.60099983215332,26.770000457763672,637900,0.0,0.0
2017-12-01 00:00:00-05:00,26.579999923706055,26.940000534057617,25.399999618530273,26.3700008392334,513000,0.0,0.0
2017-12-04 00:00:00-05:00,26.5,27.010000228881836,25.780000686645508,25.8700008392334,883100,0.0,0.0
2017-12-05 00:00:00-05:00,25.969999313354492,26.65999984741211,25.43000030517578,25.549999237060547,477600,0.0,0.0
2017-12-06 00:00:00-05:00,25.389999389648438,25.75,25.1299991607666,25.530000686645508,407400,0.0,0.0
2017-12-07 00:00:00-05:00,25.5,26.489999771118164,25.209999084472656,25.959999084472656,769100,0.0,0.0
2017-12-08 00:00:00-05:00,26.219999313354492,26.25,25.59000015258789,25.959999084472656,373400,0.0,0.0
2017-12-11 00:00:00-05:00,23.75,25.975000381469727,23.075000762939453,24.850000381469727,2325000,0.0,0.0
2017-12-12 00:00:00-05:00,24.81999969482422,26.260000228881836,24.809999465942383,25.899999618530273,708600,0.0,0.0
2017-12-13 00:00:00-05:00,25.979999542236328,27.229999542236328,25.489999771118164,25.770000457763672,544000,0.0,0.0
2017-12-14 00:00:00-05:00,25.8799991607666,26.75,25.75,25.899999618530273,714900,0.0,0.0
2017-12-15 00:00:00-05:00,25.790000915527344,26.850000381469727,25.790000915527344,26.469999313354492,578700,0.0,0.0
2017-12-18 00:00:00-05:00,26.559999465942383,27.1200008392334,26.1299991607666,26.389999389648438,251200,0.0,0.0
2017-12-19 00:00:00-05:00,26.420000076293945,27.729999542236328,26.18000030517578,26.709999084472656,404400,0.0,0.0
2017-12-20 00:00:00-05:00,26.760000228881836,27.06999969482422,26.6200008392334,27.010000228881836,281100,0.0,0.0
2017-12-21 00:00:00-05:00,27.020000457763672,27.270000457763672,26.540000915527344,26.600000381469727,147900,0.0,0.0
2017-12-22 00:00:00-05:00,26.56999969482422,26.700000762939453,26.100000381469727,26.479999542236328,148800,0.0,0.0
2017-12-26 00:00:00-05:00,26.239999771118164,26.510000228881836,25.920000076293945,26.059999465942383,203500,0.0,0.0
2017-12-27 00:00:00-05:00,26.0,26.34000015258789,25.969999313354492,26.030000686645508,282200,0.0,0.0
2017-12-28 00:00:00-05:00,26.149999618530273,26.860000610351562,25.444000244140625,26.049999237060547,584600,0.0,0.0
2017-12-29 00:00:00-05:00,25.920000076293945,26.145000457763672,25.520000457763672,25.649999618530273,471300,0.0,0.0
2018-01-02 00:00:00-05:00,25.899999618530273,27.450000762939453,25.709999084472656,27.079999923706055,401400,0.0,0.0
2018-01-03 00:00:00-05:00,27.079999923706055,27.579999923706055,26.530000686645508,27.170000076293945,441600,0.0,0.0
2018-01-04 00:00:00-05:00,27.34000015258789,27.5,25.290000915527344,26.049999237060547,649000,0.0,0.0
2018-01-05 00:00:00-05:00,26.229999542236328,26.385000228881836,25.25,26.25,411500,0.0,0.0
2018-01-08 00:00:00-05:00,26.25,27.15999984741211,25.549999237060547,26.790000915527344,312000,0.0,0.0
2018-01-09 00:00:00-05:00,26.84000015258789,27.479999542236328,26.479999542236328,27.309999465942383,337800,0.0,0.0
2018-01-10 00:00:00-05:00,27.350000381469727,28.59000015258789,27.30500030517578,28.200000762939453,504900,0.0,0.0
2018-01-11 00:00:00-05:00,28.25,29.329999923706055,28.200000762939453,28.559999465942383,665200,0.0,0.0
2018-01-12 00:00:00-05:00,28.610000610351562,28.8700008392334,28.0,28.329999923706055,434700,0.0,0.0
2018-01-16 00:00:00-05:00,28.600000381469727,29.610000610351562,28.149999618530273,28.469999313354492,555700,0.0,0.0
2018-01-17 00:00:00-05:00,28.530000686645508,29.690000534057617,28.450000762939453,29.6200008392334,781700,0.0,0.0
2018-01-18 00:00:00-05:00,29.579999923706055,29.68000030517578,28.479999542236328,28.549999237060547,1111600,0.0,0.0
2018-01-19 00:00:00-05:00,28.649999618530273,28.729999542236328,27.559999465942383,28.540000915527344,514000,0.0,0.0
2018-01-22 00:00:00-05:00,28.56999969482422,29.020000457763672,28.125,29.0,359900,0.0,0.0
2018-01-23 00:00:00-05:00,29.0,29.739999771118164,28.6200008392334,29.65999984741211,553500,0.0,0.0
2018-01-24 00:00:00-05:00,29.75,30.299999237060547,29.010000228881836,29.969999313354492,1048300,0.0,0.0
2018-01-25 00:00:00-05:00,30.06999969482422,30.25,29.510000228881836,29.760000228881836,568100,0.0,0.0
2018-01-26 00:00:00-05:00,30.06999969482422,31.34000015258789,30.020000457763672,31.290000915527344,513400,0.0,0.0
2018-01-29 00:00:00-05:00,31.110000610351562,31.3700008392334,30.459999084472656,31.1200008392334,460400,0.0,0.0
2018-01-30 00:00:00-05:00,30.649999618530273,31.110000610351562,30.5,30.809999465942383,325800,0.0,0.0
2018-01-31 00:00:00-05:00,30.889999389648438,30.93000030517578,29.75,30.010000228881836,261500,0.0,0.0
2018-02-01 00:00:00-05:00,29.8799991607666,30.149999618530273,29.430999755859375,30.149999618530273,321400,0.0,0.0
2018-02-02 00:00:00-05:00,29.979999542236328,30.19499969482422,29.610000610351562,29.90999984741211,268300,0.0,0.0
2018-02-05 00:00:00-05:00,29.709999084472656,29.969999313354492,28.639999389648438,28.959999084472656,410300,0.0,0.0
2018-02-06 00:00:00-05:00,28.280000686645508,29.709999084472656,28.070999145507812,29.520000457763672,445600,0.0,0.0
2018-02-07 00:00:00-05:00,29.34000015258789,29.639999389648438,28.979999542236328,29.260000228881836,237700,0.0,0.0
2018-02-08 00:00:00-05:00,29.329999923706055,29.531999588012695,28.399999618530273,28.40999984741211,327900,0.0,0.0
2018-02-09 00:00:00-05:00,28.600000381469727,29.315000534057617,27.989999771118164,29.059999465942383,299500,0.0,0.0
2018-02-12 00:00:00-05:00,29.290000915527344,29.719999313354492,28.774999618530273,29.34000015258789,199000,0.0,0.0
2018-02-13 00:00:00-05:00,29.139999389648438,29.790000915527344,29.0,29.690000534057617,271700,0.0,0.0
2018-02-14 00:00:00-05:00,29.469999313354492,31.209999084472656,29.469999313354492,31.010000228881836,393000,0.0,0.0
2018-02-15 00:00:00-05:00,31.229999542236328,31.799999237060547,31.020000457763672,31.280000686645508,274600,0.0,0.0
2018-02-16 00:00:00-05:00,31.239999771118164,31.459999084472656,31.020000457763672,31.06999969482422,179900,0.0,0.0
2018-02-20 00:00:00-05:00,31.010000228881836,31.709999084472656,31.010000228881836,31.229999542236328,354600,0.0,0.0
2018-02-21 00:00:00-05:00,31.309999465942383,31.780000686645508,31.219999313354492,31.260000228881836,235200,0.0,0.0
2018-02-22 00:00:00-05:00,31.3700008392334,32.02000045776367,30.940000534057617,31.049999237060547,245800,0.0,0.0
2018-02-23 00:00:00-05:00,31.31999969482422,31.5,30.8799991607666,31.270000457763672,195000,0.0,0.0
2018-02-26 00:00:00-05:00,30.600000381469727,30.760000228881836,29.8799991607666,30.530000686645508,674200,0.0,0.0
2018-02-27 00:00:00-05:00,31.0,34.47999954223633,31.0,31.5,1417500,0.0,0.0
2018-02-28 00:00:00-05:00,31.43000030517578,32.66999816894531,31.270000457763672,31.299999237060547,1037800,0.0,0.0
2018-03-01 00:00:00-05:00,31.309999465942383,34.75,30.570999145507812,33.7400016784668,1541100,0.0,0.0
2018-03-02 00:00:00-05:00,33.33000183105469,33.529998779296875,31.40999984741211,32.290000915527344,1302600,0.0,0.0
2018-03-05 00:00:00-05:00,32.20000076293945,33.38999938964844,31.639999389648438,31.739999771118164,1105500,0.0,0.0
2018-03-06 00:00:00-05:00,31.739999771118164,32.5099983215332,29.389999389648438,29.770000457763672,1475900,0.0,0.0
2018-03-07 00:00:00-05:00,29.850000381469727,31.600000381469727,29.850000381469727,31.59000015258789,531300,0.0,0.0
2018-03-08 00:00:00-05:00,31.59000015258789,31.790000915527344,30.709999084472656,31.18000030517578,406300,0.0,0.0
2018-03-09 00:00:00-05:00,31.219999313354492,32.27000045776367,31.149999618530273,31.360000610351562,427300,0.0,0.0
2018-03-12 00:00:00-04:00,31.420000076293945,32.09000015258789,31.420000076293945,31.790000915527344,218600,0.0,0.0
2018-03-13 00:00:00-04:00,31.93000030517578,32.560001373291016,31.6299991607666,31.75,378300,0.0,0.0
2018-03-14 00:00:00-04:00,31.75,32.2400016784668,30.239999771118164,30.920000076293945,511400,0.0,0.0
2018-03-15 00:00:00-04:00,30.90999984741211,32.15999984741211,30.864999771118164,32.119998931884766,404300,0.0,0.0
2018-03-16 00:00:00-04:00,32.15999984741211,33.90999984741211,31.959999084472656,33.7599983215332,605400,0.0,0.0
2018-03-19 00:00:00-04:00,33.5099983215332,33.68000030517578,32.34000015258789,32.790000915527344,631900,0.0,0.0
2018-03-20 00:00:00-04:00,32.77000045776367,33.93000030517578,32.52000045776367,33.84000015258789,340100,0.0,0.0
2018-03-21 00:00:00-04:00,33.84000015258789,34.70000076293945,33.619998931884766,34.5,619300,0.0,0.0
2018-03-22 00:00:00-04:00,34.310001373291016,34.880001068115234,34.02000045776367,34.349998474121094,485100,0.0,0.0
2018-03-23 00:00:00-04:00,32.400001525878906,32.5,29.059999465942383,29.610000610351562,2590000,0.0,0.0
2018-03-26 00:00:00-04:00,29.850000381469727,30.520000457763672,29.309999465942383,30.290000915527344,1161000,0.0,0.0
2018-03-27 00:00:00-04:00,30.420000076293945,30.8700008392334,29.979999542236328,30.31999969482422,628200,0.0,0.0
2018-03-28 00:00:00-04:00,30.40999984741211,31.0,30.18000030517578,30.5,355600,0.0,0.0
2018-03-29 00:00:00-04:00,30.549999237060547,31.768999099731445,30.510000228881836,30.829999923706055,496200,0.0,0.0
2018-04-02 00:00:00-04:00,30.829999923706055,31.104999542236328,30.459999084472656,30.780000686645508,427400,0.0,0.0
2018-04-03 00:00:00-04:00,31.0,31.579999923706055,30.809999465942383,31.510000228881836,317900,0.0,0.0
2018-04-04 00:00:00-04:00,31.139999389648438,32.2400016784668,31.139999389648438,32.119998931884766,284500,0.0,0.0
2018-04-05 00:00:00-04:00,32.36000061035156,32.53499984741211,31.719999313354492,31.950000762939453,501400,0.0,0.0
2018-04-06 00:00:00-04:00,31.799999237060547,32.2599983215332,31.100000381469727,31.3799991607666,254800,0.0,0.0
2018-04-09 00:00:00-04:00,31.479999542236328,31.729999542236328,31.149999618530273,31.190000534057617,322200,0.0,0.0
2018-04-10 00:00:00-04:00,31.639999389648438,31.729999542236328,31.149999618530273,31.200000762939453,470500,0.0,0.0
2018-04-11 00:00:00-04:00,31.200000762939453,31.479999542236328,30.770000457763672,31.18000030517578,417400,0.0,0.0
2018-04-12 00:00:00-04:00,31.270000457763672,31.270000457763672,30.059999465942383,30.670000076293945,648000,0.0,0.0
2018-04-13 00:00:00-04:00,27.280000686645508,28.40999984741211,27.0,27.6200008392334,3470000,0.0,0.0
2018-04-16 00:00:00-04:00,26.950000762939453,29.128000259399414,26.75,28.84000015258789,1022100,0.0,0.0
2018-04-17 00:00:00-04:00,28.8700008392334,29.59000015258789,27.959999084472656,29.510000228881836,546300,0.0,0.0
2018-04-18 00:00:00-04:00,29.5,29.84000015258789,29.31999969482422,29.700000762939453,320600,0.0,0.0
2018-04-19 00:00:00-04:00,29.5,29.780000686645508,29.09000015258789,29.540000915527344,337000,0.0,0.0
2018-04-20 00:00:00-04:00,29.420000076293945,29.950000762939453,29.219999313354492,29.75,396300,0.0,0.0
2018-04-23 00:00:00-04:00,29.780000686645508,30.489999771118164,29.780000686645508,30.309999465942383,197900,0.0,0.0
2018-04-24 00:00:00-04:00,30.469999313354492,30.690000534057617,30.25,30.6299991607666,282700,0.0,0.0
2018-04-25 00:00:00-04:00,30.5,31.530000686645508,30.280000686645508,31.520000457763672,264000,0.0,0.0
2018-04-26 00:00:00-04:00,31.649999618530273,32.38999938964844,31.389999389648438,32.31999969482422,342100,0.0,0.0
2018-04-27 00:00:00-04:00,32.529998779296875,33.11000061035156,32.25,33.02000045776367,328300,0.0,0.0
2018-04-30 00:00:00-04:00,33.22999954223633,34.22999954223633,33.09000015258789,33.68000030517578,515200,0.0,0.0
2018-05-01 00:00:00-04:00,33.790000915527344,34.09000015258789,33.34000015258789,33.9900016784668,411400,0.0,0.0
2018-05-02 00:00:00-04:00,33.29999923706055,34.90999984741211,33.27000045776367,34.81999969482422,392700,0.0,0.0
2018-05-03 00:00:00-04:00,34.7400016784668,35.060001373291016,34.06999969482422,35.0,381000,0.0,0.0
2018-05-04 00:00:00-04:00,34.790000915527344,34.959999084472656,34.40999984741211,34.45000076293945,321400,0.0,0.0
2018-05-07 00:00:00-04:00,34.70000076293945,36.599998474121094,34.540000915527344,35.79999923706055,588300,0.0,0.0
2018-05-08 00:00:00-04:00,35.81999969482422,36.0,35.45000076293945,35.689998626708984,598000,0.0,0.0
2018-05-09 00:00:00-04:00,35.75,36.220001220703125,34.470001220703125,34.9900016784668,827400,0.0,0.0
2018-05-10 00:00:00-04:00,36.119998931884766,36.119998931884766,32.31999969482422,34.06999969482422,1256700,0.0,0.0
2018-05-11 00:00:00-04:00,33.689998626708984,33.900001525878906,31.0939998626709,31.75,793500,0.0,0.0
2018-05-14 00:00:00-04:00,31.68000030517578,32.79999923706055,31.520000457763672,32.72999954223633,450900,0.0,0.0
2018-05-15 00:00:00-04:00,32.779998779296875,33.689998626708984,32.4900016784668,33.5,308900,0.0,0.0
2018-05-16 00:00:00-04:00,33.5,34.375,33.35599899291992,33.91999816894531,346700,0.0,0.0
2018-05-17 00:00:00-04:00,33.83000183105469,34.72999954223633,33.8120002746582,34.5,349200,0.0,0.0
2018-05-18 00:00:00-04:00,34.59000015258789,34.970001220703125,34.387001037597656,34.619998931884766,309600,0.0,0.0
2018-05-21 00:00:00-04:00,34.54999923706055,34.9900016784668,34.470001220703125,34.5,187800,0.0,0.0
2018-05-22 00:00:00-04:00,34.5,34.70000076293945,34.0,34.16999816894531,339600,0.0,0.0
2018-05-23 00:00:00-04:00,34.08000183105469,35.0,34.07500076293945,34.959999084472656,468200,0.0,0.0
2018-05-24 00:00:00-04:00,35.0,36.18000030517578,35.0,35.4900016784668,370300,0.0,0.0
2018-05-25 00:00:00-04:00,35.38999938964844,36.61000061035156,35.15999984741211,36.61000061035156,408800,0.0,0.0
2018-05-29 00:00:00-04:00,36.599998474121094,37.29999923706055,35.709999084472656,37.279998779296875,480300,0.0,0.0
2018-05-30 00:00:00-04:00,37.470001220703125,37.75,37.0,37.15999984741211,388000,0.0,0.0
2018-05-31 00:00:00-04:00,37.20000076293945,38.189998626708984,36.91999816894531,37.77000045776367,525000,0.0,0.0
2018-06-01 00:00:00-04:00,38.04999923706055,38.970001220703125,38.04999923706055,38.349998474121094,454900,0.0,0.0
2018-06-04 00:00:00-04:00,38.33000183105469,38.400001525878906,37.029998779296875,37.630001068115234,357700,0.0,0.0
2018-06-05 00:00:00-04:00,37.59000015258789,38.5099983215332,37.5099983215332,38.2400016784668,300600,0.0,0.0
2018-06-06 00:00:00-04:00,38.279998779296875,39.0,38.17499923706055,38.959999084472656,288200,0.0,0.0
2018-06-07 00:00:00-04:00,38.95000076293945,39.16999816894531,37.1150016784668,37.790000915527344,300700,0.0,0.0
2018-06-08 00:00:00-04:00,37.83000183105469,40.04999923706055,37.83000183105469,39.939998626708984,478300,0.0,0.0
2018-06-11 00:00:00-04:00,39.880001068115234,40.56999969482422,39.61000061035156,40.220001220703125,356300,0.0,0.0
2018-06-12 00:00:00-04:00,40.150001525878906,41.650001525878906,40.040000915527344,41.52000045776367,420300,0.0,0.0
2018-06-13 00:00:00-04:00,41.56999969482422,42.0099983215332,41.529998779296875,41.91999816894531,386700,0.0,0.0
2018-06-14 00:00:00-04:00,42.0099983215332,43.810001373291016,41.709999084472656,43.790000915527344,647900,0.0,0.0
2018-06-15 00:00:00-04:00,43.689998626708984,44.099998474121094,42.31999969482422,43.02000045776367,416700,0.0,0.0
2018-06-18 00:00:00-04:00,42.95000076293945,43.959999084472656,42.900001525878906,43.83000183105469,375000,0.0,0.0
2018-06-19 00:00:00-04:00,43.56999969482422,44.04999923706055,42.75,43.439998626708984,537700,0.0,0.0
2018-06-20 00:00:00-04:00,43.900001525878906,45.0,43.810001373291016,44.5099983215332,389200,0.0,0.0
2018-06-21 00:00:00-04:00,41.939998626708984,42.5,39.43000030517578,40.650001525878906,880600,0.0,0.0
2018-06-22 00:00:00-04:00,40.65999984741211,41.11000061035156,40.5,40.880001068115234,867300,0.0,0.0
2018-06-25 00:00:00-04:00,42.61000061035156,44.11000061035156,40.5,41.2400016784668,835400,0.0,0.0
2018-06-26 00:00:00-04:00,41.119998931884766,42.810001373291016,41.119998931884766,42.0,475500,0.0,0.0
2018-06-27 00:00:00-04:00,41.88999938964844,42.150001525878906,40.68000030517578,40.83000183105469,327800,0.0,0.0
2018-06-28 00:00:00-04:00,40.849998474121094,41.189998626708984,40.34000015258789,41.029998779296875,278600,0.0,0.0
2018-06-29 00:00:00-04:00,41.13999938964844,41.13999938964844,40.1150016784668,40.63999938964844,561600,0.0,0.0
2018-07-02 00:00:00-04:00,40.59000015258789,40.779998779296875,39.4900016784668,40.540000915527344,352200,0.0,0.0
2018-07-03 00:00:00-04:00,40.630001068115234,41.08000183105469,40.47999954223633,40.9900016784668,157400,0.0,0.0
2018-07-05 00:00:00-04:00,41.099998474121094,42.029998779296875,40.935001373291016,41.9900016784668,201400,0.0,0.0
2018-07-06 00:00:00-04:00,41.83000183105469,43.15999984741211,41.58000183105469,42.709999084472656,394400,0.0,0.0
2018-07-09 00:00:00-04:00,43.0099983215332,43.10499954223633,42.41999816894531,42.79999923706055,524100,0.0,0.0
2018-07-10 00:00:00-04:00,41.650001525878906,41.849998474121094,40.0,40.38999938964844,393800,0.0,0.0
2018-07-11 00:00:00-04:00,40.060001373291016,41.790000915527344,40.02000045776367,41.36000061035156,355600,0.0,0.0
2018-07-12 00:00:00-04:00,41.68000030517578,43.599998474121094,41.459999084472656,43.25,422200,0.0,0.0
2018-07-13 00:00:00-04:00,43.20000076293945,43.20000076293945,41.849998474121094,42.130001068115234,211100,0.0,0.0
2018-07-16 00:00:00-04:00,42.18000030517578,42.18000030517578,40.95000076293945,41.4900016784668,308900,0.0,0.0
2018-07-17 00:00:00-04:00,41.5,42.709999084472656,41.279998779296875,42.5099983215332,223600,0.0,0.0
2018-07-18 00:00:00-04:00,42.5099983215332,42.689998626708984,41.7599983215332,42.439998626708984,273100,0.0,0.0
2018-07-19 00:00:00-04:00,42.380001068115234,42.869998931884766,41.70000076293945,41.83000183105469,242300,0.0,0.0
2018-07-20 00:00:00-04:00,41.97999954223633,42.529998779296875,41.790000915527344,42.09000015258789,364400,0.0,0.0
2018-07-23 00:00:00-04:00,42.06999969482422,42.9900016784668,42.0099983215332,42.779998779296875,234600,0.0,0.0
2018-07-24 00:00:00-04:00,42.779998779296875,42.779998779296875,39.939998626708984,40.11000061035156,246000,0.0,0.0
2018-07-25 00:00:00-04:00,39.97999954223633,40.869998931884766,39.97999954223633,40.470001220703125,313900,0.0,0.0
2018-07-26 00:00:00-04:00,40.58000183105469,40.849998474121094,39.439998626708984,40.380001068115234,391400,0.0,0.0
2018-07-27 00:00:00-04:00,40.380001068115234,40.61000061035156,39.13999938964844,39.77000045776367,239300,0.0,0.0
2018-07-30 00:00:00-04:00,39.97999954223633,40.70000076293945,39.349998474121094,39.54999923706055,231600,0.0,0.0
2018-07-31 00:00:00-04:00,39.650001525878906,41.66999816894531,39.380001068115234,41.61000061035156,349000,0.0,0.0
2018-08-01 00:00:00-04:00,41.470001220703125,43.709999084472656,41.29999923706055,43.5099983215332,307400,0.0,0.0
2018-08-02 00:00:00-04:00,43.209999084472656,46.5,42.702999114990234,45.0099983215332,842400,0.0,0.0
2018-08-03 00:00:00-04:00,41.0099983215332,43.834999084472656,39.064998626708984,39.38999938964844,1195700,0.0,0.0
2018-08-06 00:00:00-04:00,39.2599983215332,39.81999969482422,36.88999938964844,38.130001068115234,661100,0.0,0.0
2018-08-07 00:00:00-04:00,38.54999923706055,40.83000183105469,38.040000915527344,40.2400016784668,447000,0.0,0.0
2018-08-08 00:00:00-04:00,40.2599983215332,40.90999984741211,39.79999923706055,40.4900016784668,264800,0.0,0.0
2018-08-09 00:00:00-04:00,40.56999969482422,41.709999084472656,40.56999969482422,41.16999816894531,188800,0.0,0.0
2018-08-10 00:00:00-04:00,41.060001373291016,42.810001373291016,41.060001373291016,41.95000076293945,252300,0.0,0.0
2018-08-13 00:00:00-04:00,41.83000183105469,41.83000183105469,40.459999084472656,40.61000061035156,343000,0.0,0.0
2018-08-14 00:00:00-04:00,40.56999969482422,41.42100143432617,40.220001220703125,40.45000076293945,309500,0.0,0.0
2018-08-15 00:00:00-04:00,40.5,40.68000030517578,39.369998931884766,39.5,262600,0.0,0.0
2018-08-16 00:00:00-04:00,39.5,40.13999938964844,39.04999923706055,39.9900016784668,330600,0.0,0.0
2018-08-17 00:00:00-04:00,40.040000915527344,40.2599983215332,39.189998626708984,40.16999816894531,253400,0.0,0.0
2018-08-20 00:00:00-04:00,40.369998931884766,40.45000076293945,39.8849983215332,40.13999938964844,255700,0.0,0.0
2018-08-21 00:00:00-04:00,40.34000015258789,40.7400016784668,39.93000030517578,40.20000076293945,196700,0.0,0.0
2018-08-22 00:00:00-04:00,40.11000061035156,41.400001525878906,40.060001373291016,41.310001373291016,324300,0.0,0.0
2018-08-23 00:00:00-04:00,41.400001525878906,43.41999816894531,41.400001525878906,42.720001220703125,295700,0.0,0.0
2018-08-24 00:00:00-04:00,42.689998626708984,43.869998931884766,42.16999816894531,43.83000183105469,225000,0.0,0.0
2018-08-27 00:00:00-04:00,43.66999816894531,45.86000061035156,43.40999984741211,45.36000061035156,460300,0.0,0.0
2018-08-28 00:00:00-04:00,45.36000061035156,45.58000183105469,44.65999984741211,44.79999923706055,433700,0.0,0.0
2018-08-29 00:00:00-04:00,62.33000183105469,70.91000366210938,58.95000076293945,62.86000061035156,11054300,0.0,0.0
2018-08-30 00:00:00-04:00,62.349998474121094,69.19999694824219,62.0,67.4000015258789,3187800,0.0,0.0
2018-08-31 00:00:00-04:00,67.08999633789062,69.81999969482422,66.52999877929688,68.37000274658203,1331100,0.0,0.0
2018-09-04 00:00:00-04:00,68.19999694824219,70.4800033569336,66.91999816894531,67.5,1249600,0.0,0.0
2018-09-05 00:00:00-04:00,67.98999786376953,68.16999816894531,62.849998474121094,64.77999877929688,1740900,0.0,0.0
2018-09-06 00:00:00-04:00,64.62999725341797,65.0999984741211,61.04999923706055,63.09000015258789,850100,0.0,0.0
2018-09-07 00:00:00-04:00,62.61000061035156,64.02999877929688,60.689998626708984,61.5099983215332,767300,0.0,0.0
2018-09-10 00:00:00-04:00,62.150001525878906,64.31999969482422,61.599998474121094,63.75,762100,0.0,0.0
2018-09-11 00:00:00-04:00,63.47999954223633,64.36000061035156,62.290000915527344,64.08999633789062,540400,0.0,0.0
2018-09-12 00:00:00-04:00,64.29000091552734,64.41899871826172,61.130001068115234,62.970001220703125,561900,0.0,0.0
2018-09-13 00:00:00-04:00,63.5,66.0790023803711,61.35300064086914,62.77000045776367,702200,0.0,0.0
2018-09-14 00:00:00-04:00,62.720001220703125,63.29999923706055,61.31999969482422,61.689998626708984,563300,0.0,0.0
2018-09-17 00:00:00-04:00,61.5099983215332,61.939998626708984,60.27000045776367,60.47999954223633,786600,0.0,0.0
2018-09-18 00:00:00-04:00,60.459999084472656,62.57500076293945,59.720001220703125,62.34000015258789,429800,0.0,0.0
2018-09-19 00:00:00-04:00,62.16999816894531,63.16600036621094,59.27000045776367,59.939998626708984,494200,0.0,0.0
2018-09-20 00:00:00-04:00,60.34000015258789,60.84000015258789,59.77000045776367,60.45000076293945,313300,0.0,0.0
2018-09-21 00:00:00-04:00,60.279998779296875,60.86000061035156,58.11000061035156,58.84000015258789,712100,0.0,0.0
2018-09-24 00:00:00-04:00,58.68000030517578,61.16999816894531,58.22999954223633,60.720001220703125,318900,0.0,0.0
2018-09-25 00:00:00-04:00,60.75,63.29999923706055,60.369998931884766,63.099998474121094,525900,0.0,0.0
2018-09-26 00:00:00-04:00,63.29999923706055,65.33999633789062,61.45000076293945,64.11000061035156,448100,0.0,0.0
2018-09-27 00:00:00-04:00,64.61000061035156,66.25,64.47000122070312,65.0999984741211,467800,0.0,0.0
2018-09-28 00:00:00-04:00,65.05999755859375,66.43000030517578,64.58999633789062,64.9000015258789,421600,0.0,0.0
2018-10-01 00:00:00-04:00,65.1500015258789,65.55999755859375,61.709999084472656,62.2599983215332,487500,0.0,0.0
2018-10-02 00:00:00-04:00,62.56999969482422,63.2400016784668,60.779998779296875,61.58000183105469,432800,0.0,0.0
2018-10-03 00:00:00-04:00,61.9900016784668,63.2400016784668,61.68000030517578,62.59000015258789,402200,0.0,0.0
2018-10-04 00:00:00-04:00,62.189998626708984,62.189998626708984,60.2400016784668,61.41999816894531,330300,0.0,0.0
2018-10-05 00:00:00-04:00,61.33000183105469,62.650001525878906,59.630001068115234,61.369998931884766,365400,0.0,0.0
2018-10-08 00:00:00-04:00,60.97999954223633,62.790000915527344,59.880001068115234,60.90999984741211,605400,0.0,0.0
2018-10-09 00:00:00-04:00,60.369998931884766,61.86000061035156,60.029998779296875,60.400001525878906,366700,0.0,0.0
2018-10-10 00:00:00-04:00,60.369998931884766,60.369998931884766,57.119998931884766,57.310001373291016,383100,0.0,0.0
2018-10-11 00:00:00-04:00,57.02000045776367,59.05799865722656,55.90999984741211,56.599998474121094,563200,0.0,0.0
2018-10-12 00:00:00-04:00,57.58000183105469,59.4900016784668,57.58000183105469,58.86000061035156,437100,0.0,0.0
2018-10-15 00:00:00-04:00,58.720001220703125,60.33000183105469,57.060001373291016,59.810001373291016,337400,0.0,0.0
2018-10-16 00:00:00-04:00,61.220001220703125,64.02999877929688,59.81999969482422,63.2400016784668,493400,0.0,0.0
2018-10-17 00:00:00-04:00,63.29999923706055,64.58000183105469,61.540000915527344,64.2699966430664,267400,0.0,0.0
2018-10-18 00:00:00-04:00,64.18000030517578,64.5,61.915000915527344,62.31999969482422,324700,0.0,0.0
2018-10-19 00:00:00-04:00,62.20000076293945,62.9900016784668,59.36000061035156,60.0,504000,0.0,0.0
2018-10-22 00:00:00-04:00,60.060001373291016,62.30500030517578,59.470001220703125,61.84000015258789,472000,0.0,0.0
2018-10-23 00:00:00-04:00,60.900001525878906,62.2400016784668,59.560001373291016,61.36000061035156,296800,0.0,0.0
2018-10-24 00:00:00-04:00,61.27000045776367,62.5099983215332,58.41999816894531,58.61000061035156,317500,0.0,0.0
2018-10-25 00:00:00-04:00,58.599998474121094,60.619998931884766,57.45000076293945,59.81999969482422,364400,0.0,0.0
2018-10-26 00:00:00-04:00,58.56999969482422,59.790000915527344,55.8849983215332,58.40999984741211,559700,0.0,0.0
2018-10-29 00:00:00-04:00,59.5099983215332,60.709999084472656,55.15999984741211,56.25,381100,0.0,0.0
2018-10-30 00:00:00-04:00,55.630001068115234,57.61000061035156,54.310001373291016,57.52000045776367,449100,0.0,0.0
2018-10-31 00:00:00-04:00,58.369998931884766,59.040000915527344,57.09000015258789,57.939998626708984,464700,0.0,0.0
2018-11-01 00:00:00-04:00,58.279998779296875,60.709999084472656,57.400001525878906,60.459999084472656,616500,0.0,0.0
2018-11-02 00:00:00-04:00,61.0,61.65999984741211,59.470001220703125,60.08000183105469,332800,0.0,0.0
2018-11-05 00:00:00-05:00,60.2599983215332,60.59000015258789,56.529998779296875,57.900001525878906,470300,0.0,0.0
2018-11-06 00:00:00-05:00,57.540000915527344,59.15999984741211,57.11000061035156,58.779998779296875,330000,0.0,0.0
2018-11-07 00:00:00-05:00,59.209999084472656,62.08000183105469,58.5099983215332,61.84000015258789,519200,0.0,0.0
2018-11-08 00:00:00-05:00,59.130001068115234,61.7400016784668,53.130001068115234,59.810001373291016,945300,0.0,0.0
2018-11-09 00:00:00-05:00,59.06999969482422,62.810001373291016,57.61000061035156,61.279998779296875,724000,0.0,0.0
2018-11-12 00:00:00-05:00,60.89500045776367,60.970001220703125,55.720001220703125,57.15999984741211,691700,0.0,0.0
2018-11-13 00:00:00-05:00,57.150001525878906,58.89500045776367,56.31999969482422,56.68000030517578,334800,0.0,0.0
2018-11-14 00:00:00-05:00,57.34000015258789,57.834999084472656,55.8390007019043,57.11000061035156,342400,0.0,0.0
2018-11-15 00:00:00-05:00,56.77000045776367,60.27000045776367,56.529998779296875,59.470001220703125,422500,0.0,0.0
2018-11-16 00:00:00-05:00,58.90999984741211,62.790000915527344,58.7599983215332,61.36000061035156,469700,0.0,0.0
2018-11-19 00:00:00-05:00,61.209999084472656,61.209999084472656,55.86000061035156,56.560001373291016,601400,0.0,0.0
2018-11-20 00:00:00-05:00,55.439998626708984,57.099998474121094,54.650001525878906,55.29999923706055,385200,0.0,0.0
2018-11-21 00:00:00-05:00,56.06999969482422,57.869998931884766,54.51499938964844,57.08000183105469,341600,0.0,0.0
2018-11-23 00:00:00-05:00,56.29999923706055,59.900001525878906,56.20000076293945,57.91999816894531,178600,0.0,0.0
2018-11-26 00:00:00-05:00,58.619998931884766,59.689998626708984,57.22999954223633,58.77000045776367,353600,0.0,0.0
2018-11-27 00:00:00-05:00,58.5099983215332,59.540000915527344,57.22999954223633,58.95000076293945,221300,0.0,0.0
2018-11-28 00:00:00-05:00,59.45000076293945,62.45000076293945,58.63999938964844,62.38999938964844,415900,0.0,0.0
2018-11-29 00:00:00-05:00,62.04999923706055,64.79000091552734,62.04999923706055,64.26000213623047,615500,0.0,0.0
2018-11-30 00:00:00-05:00,64.08000183105469,66.0,63.75,65.87999725341797,463200,0.0,0.0
2018-12-03 00:00:00-05:00,67.02999877929688,68.0,66.11000061035156,67.93000030517578,517400,0.0,0.0
2018-12-04 00:00:00-05:00,67.73999786376953,69.18000030517578,64.87000274658203,65.31999969482422,865500,0.0,0.0
2018-12-06 00:00:00-05:00,64.23999786376953,66.58000183105469,63.0,66.5199966430664,807000,0.0,0.0
2018-12-07 00:00:00-05:00,66.29000091552734,66.37200164794922,64.01000213623047,64.37000274658203,773900,0.0,0.0
2018-12-10 00:00:00-05:00,64.12999725341797,67.05000305175781,63.91999816894531,65.25,485600,0.0,0.0
2018-12-11 00:00:00-05:00,66.5,67.7300033569336,65.36000061035156,66.29000091552734,341300,0.0,0.0
2018-12-12 00:00:00-05:00,66.5,67.5199966430664,65.3499984741211,65.79000091552734,484900,0.0,0.0
2018-12-13 00:00:00-05:00,66.22000122070312,66.95999908447266,62.51499938964844,64.16999816894531,393200,0.0,0.0
2018-12-14 00:00:00-05:00,63.599998474121094,66.0,63.560001373291016,64.58999633789062,354000,0.0,0.0
2018-12-17 00:00:00-05:00,63.880001068115234,64.31999969482422,62.0,63.36000061035156,917800,0.0,0.0
2018-12-18 00:00:00-05:00,64.12999725341797,64.12999725341797,59.83000183105469,60.43000030517578,695300,0.0,0.0
2018-12-19 00:00:00-05:00,60.0,60.2599983215332,56.470001220703125,57.72999954223633,848300,0.0,0.0
2018-12-20 00:00:00-05:00,57.70000076293945,57.90999984741211,52.540000915527344,54.68000030517578,900400,0.0,0.0
2018-12-21 00:00:00-05:00,54.65999984741211,54.9900016784668,52.119998931884766,53.58000183105469,790700,0.0,0.0
2018-12-24 00:00:00-05:00,53.0099983215332,53.310001373291016,51.5,52.18000030517578,228000,0.0,0.0
2018-12-26 00:00:00-05:00,52.5,54.75,52.04999923706055,54.63999938964844,431800,0.0,0.0
2018-12-27 00:00:00-05:00,53.70000076293945,55.2400016784668,52.709999084472656,55.16999816894531,318000,0.0,0.0
2018-12-28 00:00:00-05:00,55.66999816894531,57.0,54.650001525878906,55.79999923706055,343100,0.0,0.0
2018-12-31 00:00:00-05:00,56.369998931884766,58.06700134277344,55.869998931884766,56.16999816894531,555900,0.0,0.0
2019-01-02 00:00:00-05:00,55.029998779296875,55.939998626708984,53.25,53.75,672400,0.0,0.0
2019-01-03 00:00:00-05:00,53.4900016784668,53.72999954223633,50.599998474121094,50.75,668300,0.0,0.0
2019-01-04 00:00:00-05:00,51.18000030517578,54.369998931884766,51.18000030517578,53.0099983215332,879800,0.0,0.0
2019-01-07 00:00:00-05:00,53.0,55.154998779296875,53.0,54.279998779296875,550100,0.0,0.0
2019-01-08 00:00:00-05:00,55.38999938964844,55.54999923706055,53.72999954223633,55.40999984741211,318700,0.0,0.0
2019-01-09 00:00:00-05:00,55.7400016784668,57.65999984741211,55.61000061035156,57.220001220703125,477300,0.0,0.0
2019-01-10 00:00:00-05:00,56.68000030517578,59.31999969482422,56.290000915527344,59.119998931884766,370600,0.0,0.0
2019-01-11 00:00:00-05:00,59.0,59.05099868774414,56.66999816894531,57.619998931884766,313500,0.0,0.0
2019-01-14 00:00:00-05:00,57.060001373291016,58.09000015258789,55.689998626708984,57.47999954223633,260900,0.0,0.0
2019-01-15 00:00:00-05:00,57.970001220703125,61.06999969482422,57.90999984741211,60.86000061035156,299200,0.0,0.0
2019-01-16 00:00:00-05:00,60.77000045776367,62.689998626708984,60.72999954223633,60.81999969482422,297400,0.0,0.0
2019-01-17 00:00:00-05:00,60.7400016784668,63.2400016784668,60.7400016784668,62.38999938964844,176100,0.0,0.0
2019-01-18 00:00:00-05:00,62.970001220703125,63.11000061035156,61.40999984741211,62.68000030517578,291300,0.0,0.0
2019-01-22 00:00:00-05:00,62.41999816894531,62.650001525878906,60.72999954223633,61.36000061035156,258000,0.0,0.0
2019-01-23 00:00:00-05:00,61.65999984741211,61.803001403808594,59.75,60.88999938964844,159900,0.0,0.0
2019-01-24 00:00:00-05:00,61.470001220703125,62.779998779296875,61.08000183105469,62.189998626708984,270500,0.0,0.0
2019-01-25 00:00:00-05:00,62.380001068115234,63.65999984741211,62.25,62.349998474121094,290700,0.0,0.0
2019-01-28 00:00:00-05:00,61.599998474121094,62.064998626708984,60.29999923706055,61.220001220703125,156600,0.0,0.0
2019-01-29 00:00:00-05:00,61.04999923706055,61.70000076293945,59.13999938964844,61.0099983215332,281400,0.0,0.0
2019-01-30 00:00:00-05:00,61.529998779296875,62.47999954223633,59.38999938964844,62.369998931884766,206000,0.0,0.0
2019-01-31 00:00:00-05:00,62.70000076293945,65.00499725341797,61.709999084472656,63.790000915527344,540700,0.0,0.0
2019-02-01 00:00:00-05:00,63.84000015258789,64.75,62.59000015258789,64.69000244140625,226500,0.0,0.0
2019-02-04 00:00:00-05:00,64.62000274658203,66.94000244140625,64.62000274658203,66.87000274658203,282400,0.0,0.0
2019-02-05 00:00:00-05:00,67.0999984741211,69.04000091552734,66.94999694824219,68.0999984741211,366900,0.0,0.0
2019-02-06 00:00:00-05:00,68.4000015258789,68.68000030517578,67.0250015258789,67.68000030517578,228200,0.0,0.0
2019-02-07 00:00:00-05:00,67.08999633789062,68.7300033569336,65.8499984741211,66.30000305175781,280200,0.0,0.0
2019-02-08 00:00:00-05:00,65.58999633789062,66.97000122070312,64.51499938964844,66.91999816894531,201300,0.0,0.0
2019-02-11 00:00:00-05:00,67.7300033569336,68.86000061035156,67.20999908447266,68.0,214400,0.0,0.0
2019-02-12 00:00:00-05:00,68.56999969482422,69.4800033569336,67.31999969482422,69.4000015258789,210000,0.0,0.0
2019-02-13 00:00:00-05:00,69.4800033569336,69.76499938964844,67.87999725341797,68.8499984741211,208000,0.0,0.0
2019-02-14 00:00:00-05:00,68.36000061035156,69.16999816894531,68.1500015258789,68.7699966430664,227200,0.0,0.0
2019-02-15 00:00:00-05:00,68.80000305175781,69.41000366210938,68.5,69.25,184600,0.0,0.0
2019-02-19 00:00:00-05:00,69.08999633789062,70.41000366210938,68.88999938964844,69.94000244140625,267100,0.0,0.0
2019-02-20 00:00:00-05:00,69.70999908447266,70.12999725341797,68.52999877929688,69.31999969482422,236500,0.0,0.0
2019-02-21 00:00:00-05:00,69.20999908447266,69.20999908447266,67.20999908447266,68.01000213623047,201400,0.0,0.0
2019-02-22 00:00:00-05:00,68.20999908447266,68.8499984741211,67.63999938964844,68.66000366210938,156500,0.0,0.0
2019-02-25 00:00:00-05:00,69.2300033569336,69.30999755859375,68.25,68.31999969482422,250700,0.0,0.0
2019-02-26 00:00:00-05:00,68.18000030517578,68.18000030517578,65.12000274658203,66.4800033569336,353000,0.0,0.0
2019-02-27 00:00:00-05:00,66.20999908447266,68.75,66.20999908447266,67.86000061035156,1427900,0.0,0.0
2019-02-28 00:00:00-05:00,72.0,75.51000213623047,67.55000305175781,74.16999816894531,1340800,0.0,0.0
2019-03-01 00:00:00-05:00,74.23999786376953,74.6500015258789,72.4800033569336,72.69999694824219,732400,0.0,0.0
2019-03-04 00:00:00-05:00,72.91999816894531,73.0,67.83999633789062,68.29000091552734,822300,0.0,0.0
2019-03-05 00:00:00-05:00,68.36000061035156,68.36000061035156,67.11100006103516,67.73999786376953,544800,0.0,0.0
2019-03-06 00:00:00-05:00,67.91000366210938,67.92500305175781,65.25,66.7699966430664,373800,0.0,0.0
2019-03-07 00:00:00-05:00,66.41000366210938,66.95500183105469,65.75,66.0199966430664,224000,0.0,0.0
2019-03-08 00:00:00-05:00,65.51000213623047,66.08999633789062,63.119998931884766,66.02999877929688,527000,0.0,0.0
2019-03-11 00:00:00-04:00,65.9800033569336,68.16999816894531,65.97000122070312,67.80999755859375,264500,0.0,0.0
2019-03-12 00:00:00-04:00,67.8499984741211,69.27999877929688,66.29000091552734,69.16000366210938,249400,0.0,0.0
2019-03-13 00:00:00-04:00,69.41000366210938,72.1510009765625,69.125,71.4000015258789,421300,0.0,0.0
2019-03-14 00:00:00-04:00,71.30999755859375,71.32499694824219,68.95099639892578,69.30000305175781,338400,0.0,0.0
2019-03-15 00:00:00-04:00,69.5,72.38500213623047,69.43000030517578,72.23999786376953,649800,0.0,0.0
2019-03-18 00:00:00-04:00,72.45999908447266,73.66999816894531,70.69000244140625,73.08000183105469,503200,0.0,0.0
2019-03-19 00:00:00-04:00,73.7300033569336,75.81999969482422,72.45999908447266,75.1500015258789,485900,0.0,0.0
2019-03-20 00:00:00-04:00,75.5,78.4800033569336,74.69999694824219,77.51000213623047,505400,0.0,0.0
2019-03-21 00:00:00-04:00,77.30999755859375,82.23999786376953,77.30999755859375,80.54000091552734,606400,0.0,0.0
2019-03-22 00:00:00-04:00,79.8499984741211,80.80999755859375,79.02999877929688,80.0999984741211,449000,0.0,0.0
2019-03-25 00:00:00-04:00,80.05000305175781,81.05000305175781,78.28500366210938,80.06999969482422,533000,0.0,0.0
2019-03-26 00:00:00-04:00,80.95999908447266,83.13999938964844,79.5,79.93000030517578,494200,0.0,0.0
2019-03-27 00:00:00-04:00,79.66000366210938,79.66000366210938,74.27999877929688,76.02999877929688,406600,0.0,0.0
2019-03-28 00:00:00-04:00,76.18000030517578,77.8499984741211,75.01000213623047,76.6500015258789,320500,0.0,0.0
2019-03-29 00:00:00-04:00,77.31999969482422,78.72000122070312,75.9800033569336,78.37000274658203,314100,0.0,0.0
2019-04-01 00:00:00-04:00,79.20999908447266,79.70999908447266,75.30999755859375,76.77999877929688,314700,0.0,0.0
2019-04-02 00:00:00-04:00,76.58000183105469,78.38999938964844,75.33000183105469,78.3499984741211,470500,0.0,0.0
2019-04-03 00:00:00-04:00,78.88999938964844,80.31999969482422,77.69999694824219,78.70999908447266,298800,0.0,0.0
2019-04-04 00:00:00-04:00,78.8499984741211,79.27999877929688,76.63400268554688,77.2699966430664,319600,0.0,0.0
2019-04-05 00:00:00-04:00,77.41999816894531,78.41999816894531,76.7509994506836,78.12999725341797,264100,0.0,0.0
2019-04-08 00:00:00-04:00,77.97000122070312,77.98999786376953,75.91000366210938,77.48999786376953,368800,0.0,0.0
2019-04-09 00:00:00-04:00,77.19999694824219,78.41999816894531,75.93000030517578,76.08999633789062,361900,0.0,0.0
2019-04-10 00:00:00-04:00,76.56999969482422,77.05999755859375,75.91999816894531,76.72000122070312,380400,0.0,0.0
2019-04-11 00:00:00-04:00,76.95999908447266,76.95999908447266,74.80999755859375,75.33999633789062,344600,0.0,0.0
2019-04-12 00:00:00-04:00,75.7300033569336,76.44300079345703,75.45999908447266,76.23999786376953,188200,0.0,0.0
2019-04-15 00:00:00-04:00,76.30000305175781,77.38999938964844,75.83000183105469,76.05000305175781,192800,0.0,0.0
2019-04-16 00:00:00-04:00,76.54000091552734,76.54000091552734,72.55500030517578,72.98999786376953,397700,0.0,0.0
2019-04-17 00:00:00-04:00,73.4000015258789,73.4000015258789,67.76499938964844,69.0999984741211,699400,0.0,0.0
2019-04-18 00:00:00-04:00,68.81999969482422,69.74500274658203,67.41000366210938,69.44999694824219,355400,0.0,0.0
2019-04-22 00:00:00-04:00,69.04000091552734,71.625,69.04000091552734,70.41000366210938,248000,0.0,0.0
2019-04-23 00:00:00-04:00,70.30999755859375,72.76000213623047,69.4800033569336,71.62999725341797,278500,0.0,0.0
2019-04-24 00:00:00-04:00,71.69000244140625,71.77999877929688,70.16000366210938,71.01000213623047,198900,0.0,0.0
2019-04-25 00:00:00-04:00,70.7300033569336,71.95999908447266,70.08999633789062,71.37999725341797,254600,0.0,0.0
2019-04-26 00:00:00-04:00,71.48999786376953,73.80999755859375,70.4000015258789,73.30000305175781,280400,0.0,0.0
2019-04-29 00:00:00-04:00,73.27999877929688,73.36000061035156,71.18000030517578,71.37000274658203,320100,0.0,0.0
2019-04-30 00:00:00-04:00,70.77999877929688,72.55000305175781,69.80000305175781,72.12999725341797,377900,0.0,0.0
2019-05-01 00:00:00-04:00,72.30999755859375,72.30999755859375,68.7300033569336,68.9000015258789,313200,0.0,0.0
2019-05-02 00:00:00-04:00,68.76000213623047,71.4000015258789,68.11299896240234,71.12000274658203,334700,0.0,0.0
2019-05-03 00:00:00-04:00,71.61000061035156,75.56999969482422,71.56999969482422,75.37999725341797,333300,0.0,0.0
2019-05-06 00:00:00-04:00,73.8499984741211,75.9800033569336,72.93000030517578,75.63999938964844,427300,0.0,0.0
2019-05-07 00:00:00-04:00,75.41000366210938,76.19999694824219,72.87999725341797,73.47000122070312,436100,0.0,0.0
2019-05-08 00:00:00-04:00,73.37999725341797,75.7300033569336,72.5,73.47000122070312,415200,0.0,0.0
2019-05-09 00:00:00-04:00,76.0,76.0,67.4000015258789,69.91000366210938,1521300,0.0,0.0
2019-05-10 00:00:00-04:00,69.43000030517578,70.33000183105469,67.12999725341797,69.0999984741211,691200,0.0,0.0
2019-05-13 00:00:00-04:00,65.0,68.5,64.40599822998047,65.81999969482422,543000,0.0,0.0
2019-05-14 00:00:00-04:00,66.23999786376953,67.11000061035156,65.5999984741211,66.2300033569336,505200,0.0,0.0
2019-05-15 00:00:00-04:00,65.63999938964844,67.86000061035156,65.6050033569336,67.25,463400,0.0,0.0
2019-05-16 00:00:00-04:00,67.25,69.1500015258789,67.25,68.83999633789062,432500,0.0,0.0
2019-05-17 00:00:00-04:00,67.98999786376953,69.63999938964844,66.95999908447266,67.2300033569336,442900,0.0,0.0
2019-05-20 00:00:00-04:00,66.33000183105469,67.8499984741211,65.04000091552734,66.33000183105469,317300,0.0,0.0
2019-05-21 00:00:00-04:00,67.0199966430664,68.06999969482422,66.33999633789062,66.6500015258789,260400,0.0,0.0
2019-05-22 00:00:00-04:00,66.1500015258789,67.9800033569336,66.1500015258789,66.55000305175781,168500,0.0,0.0
2019-05-23 00:00:00-04:00,65.68000030517578,66.16000366210938,63.459999084472656,64.48999786376953,284100,0.0,0.0
2019-05-24 00:00:00-04:00,64.80000305175781,66.33999633789062,64.59300231933594,65.48999786376953,187000,0.0,0.0
2019-05-28 00:00:00-04:00,65.77999877929688,68.94999694824219,65.5,67.5,658500,0.0,0.0
2019-05-29 00:00:00-04:00,67.01000213623047,67.01000213623047,64.19999694824219,64.33999633789062,311900,0.0,0.0
2019-05-30 00:00:00-04:00,64.55000305175781,66.48999786376953,64.50499725341797,65.95999908447266,266300,0.0,0.0
2019-05-31 00:00:00-04:00,64.7300033569336,66.05999755859375,64.26000213623047,64.4800033569336,370200,0.0,0.0
2019-06-03 00:00:00-04:00,64.37999725341797,66.0,63.0,63.59000015258789,266500,0.0,0.0
2019-06-04 00:00:00-04:00,64.30999755859375,66.83999633789062,63.630001068115234,66.66999816894531,249600,0.0,0.0
2019-06-05 00:00:00-04:00,67.47000122070312,68.66000366210938,66.41999816894531,67.69999694824219,334500,0.0,0.0
2019-06-06 00:00:00-04:00,67.58999633789062,68.4000015258789,65.79000091552734,68.18000030517578,239400,0.0,0.0
2019-06-07 00:00:00-04:00,68.56999969482422,69.73999786376953,68.44000244140625,69.1500015258789,282400,0.0,0.0
2019-06-10 00:00:00-04:00,69.22000122070312,72.26699829101562,69.1500015258789,71.6500015258789,405700,0.0,0.0
2019-06-11 00:00:00-04:00,71.6500015258789,72.86000061035156,70.30999755859375,72.31999969482422,508800,0.0,0.0
2019-06-12 00:00:00-04:00,72.12999725341797,73.69999694824219,71.83000183105469,72.94000244140625,446300,0.0,0.0
2019-06-13 00:00:00-04:00,73.23999786376953,74.18499755859375,72.30000305175781,73.56999969482422,328700,0.0,0.0
2019-06-14 00:00:00-04:00,73.06999969482422,73.87999725341797,72.66999816894531,73.33000183105469,390500,0.0,0.0
2019-06-17 00:00:00-04:00,73.56999969482422,75.29000091552734,72.93000030517578,75.18000030517578,373100,0.0,0.0
2019-06-18 00:00:00-04:00,75.94000244140625,78.56999969482422,75.66000366210938,77.33999633789062,359800,0.0,0.0
2019-06-19 00:00:00-04:00,77.33999633789062,78.41999816894531,76.94999694824219,77.94999694824219,429000,0.0,0.0
2019-06-20 00:00:00-04:00,79.12999725341797,79.12999725341797,77.41999816894531,77.48999786376953,405200,0.0,0.0
2019-06-21 00:00:00-04:00,76.97000122070312,76.97000122070312,75.2249984741211,75.6500015258789,541300,0.0,0.0
2019-06-24 00:00:00-04:00,75.86000061035156,75.95800018310547,73.25,73.45999908447266,232400,0.0,0.0
2019-06-25 00:00:00-04:00,73.25,74.76000213623047,72.75,74.5,500200,0.0,0.0
2019-06-26 00:00:00-04:00,74.5,75.13999938964844,73.5,74.3499984741211,378000,0.0,0.0
2019-06-27 00:00:00-04:00,75.0,76.08000183105469,74.4000015258789,75.8499984741211,214800,0.0,0.0
2019-06-28 00:00:00-04:00,75.9800033569336,76.69999694824219,75.03500366210938,75.4000015258789,532700,0.0,0.0
2019-07-01 00:00:00-04:00,76.27999877929688,77.61499786376953,75.83999633789062,77.0199966430664,280200,0.0,0.0
2019-07-02 00:00:00-04:00,77.0,78.25,76.41000366210938,77.80999755859375,228200,0.0,0.0
2019-07-03 00:00:00-04:00,78.12999725341797,78.7249984741211,77.55000305175781,77.79000091552734,101900,0.0,0.0
2019-07-05 00:00:00-04:00,77.19999694824219,78.23999786376953,76.23999786376953,78.02999877929688,174800,0.0,0.0
2019-07-08 00:00:00-04:00,76.97000122070312,77.11000061035156,75.43499755859375,76.80000305175781,466900,0.0,0.0
2019-07-09 00:00:00-04:00,76.7300033569336,78.83999633789062,76.1050033569336,77.41000366210938,332500,0.0,0.0
2019-07-10 00:00:00-04:00,77.91000366210938,78.08999633789062,77.16999816894531,77.37999725341797,244600,0.0,0.0
2019-07-11 00:00:00-04:00,77.95999908447266,78.18499755859375,76.25,77.08000183105469,258600,0.0,0.0
2019-07-12 00:00:00-04:00,76.76000213623047,77.70999908447266,75.12999725341797,75.16000366210938,229100,0.0,0.0
2019-07-15 00:00:00-04:00,75.4000015258789,76.0,74.33999633789062,75.55000305175781,308500,0.0,0.0
2019-07-16 00:00:00-04:00,75.83999633789062,76.1500015258789,75.04000091552734,75.58999633789062,238100,0.0,0.0
2019-07-17 00:00:00-04:00,75.45999908447266,77.12999725341797,74.36499786376953,76.75,400800,0.0,0.0
2019-07-18 00:00:00-04:00,76.69999694824219,77.25,76.0999984741211,76.23999786376953,335700,0.0,0.0
2019-07-19 00:00:00-04:00,76.51000213623047,77.22000122070312,75.12999725341797,75.13999938964844,188200,0.0,0.0
2019-07-22 00:00:00-04:00,75.19000244140625,75.97000122070312,74.02999877929688,75.83000183105469,231600,0.0,0.0
2019-07-23 00:00:00-04:00,76.0999984741211,76.1500015258789,74.25,75.5,548400,0.0,0.0
2019-07-24 00:00:00-04:00,75.58999633789062,76.68000030517578,75.41999816894531,76.44999694824219,376200,0.0,0.0
2019-07-25 00:00:00-04:00,75.95999908447266,76.31999969482422,75.12999725341797,75.44000244140625,217900,0.0,0.0
2019-07-26 00:00:00-04:00,75.94000244140625,76.56999969482422,75.23999786376953,76.23999786376953,328600,0.0,0.0
2019-07-29 00:00:00-04:00,76.26000213623047,76.7699966430664,75.43000030517578,76.63999938964844,627400,0.0,0.0
2019-07-30 00:00:00-04:00,76.13999938964844,78.93000030517578,76.01000213623047,78.87999725341797,517700,0.0,0.0
2019-07-31 00:00:00-04:00,78.69999694824219,83.3499984741211,78.69999694824219,81.68000030517578,597400,0.0,0.0
2019-08-01 00:00:00-04:00,81.70999908447266,84.6500015258789,80.68000030517578,83.91000366210938,475800,0.0,0.0
2019-08-02 00:00:00-04:00,83.01000213623047,83.66999816894531,80.58000183105469,81.08000183105469,491200,0.0,0.0
2019-08-05 00:00:00-04:00,79.97000122070312,80.37899780273438,73.70999908447266,75.05999755859375,663700,0.0,0.0
2019-08-06 00:00:00-04:00,75.81999969482422,76.69499969482422,75.06999969482422,76.31999969482422,351500,0.0,0.0
2019-08-07 00:00:00-04:00,75.13999938964844,75.13999938964844,70.70999908447266,73.0999984741211,576100,0.0,0.0
2019-08-08 00:00:00-04:00,62.29999923706055,68.73500061035156,61.09000015258789,64.52999877929688,3034100,0.0,0.0
2019-08-09 00:00:00-04:00,64.05999755859375,65.2699966430664,62.939998626708984,63.29999923706055,964300,0.0,0.0
2019-08-12 00:00:00-04:00,62.95000076293945,63.11000061035156,60.38999938964844,60.63999938964844,586500,0.0,0.0
2019-08-13 00:00:00-04:00,60.4900016784668,62.900001525878906,60.0,62.029998779296875,778800,0.0,0.0
2019-08-14 00:00:00-04:00,61.09000015258789,61.40999984741211,60.36000061035156,60.52000045776367,639900,0.0,0.0
2019-08-15 00:00:00-04:00,60.72999954223633,61.16999816894531,60.130001068115234,60.70000076293945,295700,0.0,0.0
2019-08-16 00:00:00-04:00,61.33000183105469,63.220001220703125,60.88999938964844,62.939998626708984,384600,0.0,0.0
2019-08-19 00:00:00-04:00,63.689998626708984,64.43000030517578,62.66400146484375,63.7400016784668,535000,0.0,0.0
2019-08-20 00:00:00-04:00,63.59000015258789,64.5999984741211,62.880001068115234,63.0,534500,0.0,0.0
2019-08-21 00:00:00-04:00,63.79999923706055,63.84000015258789,62.83000183105469,63.029998779296875,389400,0.0,0.0
2019-08-22 00:00:00-04:00,63.20000076293945,63.400001525878906,60.81999969482422,61.15999984741211,385400,0.0,0.0
2019-08-23 00:00:00-04:00,60.880001068115234,60.880001068115234,58.25,58.58000183105469,367100,0.0,0.0
2019-08-26 00:00:00-04:00,59.15999984741211,60.02000045776367,57.529998779296875,59.2599983215332,764700,0.0,0.0
2019-08-27 00:00:00-04:00,59.61000061035156,60.7400016784668,59.22999954223633,59.630001068115234,527500,0.0,0.0
2019-08-28 00:00:00-04:00,59.38999938964844,62.279998779296875,59.16999816894531,62.0,514200,0.0,0.0
2019-08-29 00:00:00-04:00,62.599998474121094,66.08000183105469,62.40999984741211,65.77999877929688,1037700,0.0,0.0
2019-08-30 00:00:00-04:00,66.11000061035156,66.54000091552734,61.9900016784668,64.30999755859375,914700,0.0,0.0
2019-09-03 00:00:00-04:00,63.7400016784668,64.04000091552734,62.400001525878906,63.2400016784668,440800,0.0,0.0
2019-09-04 00:00:00-04:00,63.41999816894531,63.790000915527344,62.599998474121094,63.36000061035156,281100,0.0,0.0
2019-09-05 00:00:00-04:00,64.38999938964844,66.25,63.20500183105469,66.0199966430664,674100,0.0,0.0
2019-09-06 00:00:00-04:00,66.22000122070312,66.5199966430664,64.5199966430664,64.95999908447266,318800,0.0,0.0
2019-09-09 00:00:00-04:00,65.12000274658203,66.79000091552734,63.16999816894531,65.04000091552734,545800,0.0,0.0
2019-09-10 00:00:00-04:00,64.68000030517578,69.47000122070312,63.95000076293945,68.87000274658203,563000,0.0,0.0
2019-09-11 00:00:00-04:00,69.0999984741211,72.76000213623047,69.0999984741211,72.20999908447266,628400,0.0,0.0
2019-09-12 00:00:00-04:00,72.5199966430664,74.29000091552734,70.6500015258789,73.01000213623047,597100,0.0,0.0
2019-09-13 00:00:00-04:00,73.06999969482422,76.05999755859375,73.06999969482422,73.98999786376953,561800,0.0,0.0
2019-09-16 00:00:00-04:00,73.5,74.91999816894531,70.25,70.55999755859375,647000,0.0,0.0
2019-09-17 00:00:00-04:00,70.69999694824219,71.99500274658203,70.12999725341797,71.79000091552734,453600,0.0,0.0
2019-09-18 00:00:00-04:00,72.11000061035156,73.70999908447266,70.88999938964844,73.23999786376953,535000,0.0,0.0
2019-09-19 00:00:00-04:00,73.4800033569336,75.18499755859375,72.44000244140625,72.66999816894531,384000,0.0,0.0
2019-09-20 00:00:00-04:00,72.55000305175781,74.45999908447266,71.94000244140625,73.7300033569336,482700,0.0,0.0
2019-09-23 00:00:00-04:00,73.63999938964844,74.19000244140625,72.05000305175781,72.58000183105469,282700,0.0,0.0
2019-09-24 00:00:00-04:00,73.04000091552734,73.125,68.91999816894531,69.2300033569336,372300,0.0,0.0
2019-09-25 00:00:00-04:00,69.06999969482422,69.66999816894531,67.06999969482422,67.97000122070312,490400,0.0,0.0
2019-09-26 00:00:00-04:00,67.91000366210938,68.16500091552734,65.18000030517578,66.37999725341797,326700,0.0,0.0
2019-09-27 00:00:00-04:00,66.05000305175781,66.86000061035156,60.58000183105469,61.16999816894531,765700,0.0,0.0
2019-09-30 00:00:00-04:00,59.75,62.84000015258789,59.0,62.5099983215332,696700,0.0,0.0
2019-10-01 00:00:00-04:00,62.349998474121094,62.709999084472656,58.619998931884766,60.38999938964844,552200,0.0,0.0
2019-10-02 00:00:00-04:00,59.75,59.97999954223633,57.63999938964844,58.13999938964844,535300,0.0,0.0
2019-10-03 00:00:00-04:00,58.0,60.70000076293945,56.61000061035156,59.41999816894531,403500,0.0,0.0
2019-10-04 00:00:00-04:00,59.65999984741211,60.060001373291016,57.97999954223633,59.41999816894531,248200,0.0,0.0
2019-10-07 00:00:00-04:00,59.29999923706055,60.09000015258789,58.61000061035156,58.83000183105469,466100,0.0,0.0
2019-10-08 00:00:00-04:00,58.459999084472656,58.93000030517578,57.15999984741211,58.34000015258789,335800,0.0,0.0
2019-10-09 00:00:00-04:00,58.0,60.599998474121094,58.0,60.02000045776367,279700,0.0,0.0
2019-10-10 00:00:00-04:00,60.70000076293945,61.380001068115234,57.650001525878906,59.290000915527344,475300,0.0,0.0
2019-10-11 00:00:00-04:00,60.54999923706055,62.400001525878906,60.5,61.689998626708984,442200,0.0,0.0
2019-10-14 00:00:00-04:00,61.70000076293945,61.93000030517578,60.76499938964844,61.5,238100,0.0,0.0
2019-10-15 00:00:00-04:00,61.93000030517578,64.63999938964844,61.93000030517578,63.02000045776367,476900,0.0,0.0
2019-10-16 00:00:00-04:00,62.689998626708984,63.939998626708984,62.4900016784668,63.83000183105469,231600,0.0,0.0
2019-10-17 00:00:00-04:00,64.33000183105469,65.61000061035156,63.90999984741211,64.97000122070312,356700,0.0,0.0
2019-10-18 00:00:00-04:00,64.80000305175781,65.69000244140625,63.80799865722656,64.76000213623047,294100,0.0,0.0
2019-10-21 00:00:00-04:00,65.79000091552734,66.0999984741211,63.0099983215332,63.20000076293945,442800,0.0,0.0
2019-10-22 00:00:00-04:00,63.38999938964844,63.400001525878906,61.0099983215332,61.33000183105469,274900,0.0,0.0
2019-10-23 00:00:00-04:00,61.650001525878906,63.27000045776367,61.5099983215332,62.58000183105469,398000,0.0,0.0
2019-10-24 00:00:00-04:00,62.939998626708984,63.77000045776367,62.4900016784668,62.97999954223633,193900,0.0,0.0
2019-10-25 00:00:00-04:00,62.900001525878906,65.01000213623047,62.709999084472656,64.44999694824219,315000,0.0,0.0
2019-10-28 00:00:00-04:00,64.68000030517578,66.30000305175781,64.38999938964844,65.63999938964844,266200,0.0,0.0
2019-10-29 00:00:00-04:00,65.3499984741211,65.9000015258789,64.5,65.22000122070312,254700,0.0,0.0
2019-10-30 00:00:00-04:00,65.0,65.2699966430664,63.415000915527344,64.95999908447266,384600,0.0,0.0
2019-10-31 00:00:00-04:00,64.93000030517578,65.55999755859375,63.5,63.83000183105469,406100,0.0,0.0
2019-11-01 00:00:00-04:00,64.06999969482422,66.5,63.5,65.43000030517578,412200,0.0,0.0
2019-11-04 00:00:00-05:00,66.05999755859375,66.69999694824219,64.94999694824219,65.44000244140625,630700,0.0,0.0
2019-11-05 00:00:00-05:00,65.63999938964844,66.11000061035156,64.2699966430664,64.6500015258789,330600,0.0,0.0
2019-11-06 00:00:00-05:00,64.44000244140625,65.1500015258789,62.04999923706055,62.43000030517578,434300,0.0,0.0
2019-11-07 00:00:00-05:00,62.2599983215332,62.75,56.16999816894531,58.959999084472656,1606400,0.0,0.0
2019-11-08 00:00:00-05:00,58.79999923706055,62.569000244140625,58.79999923706055,62.209999084472656,933000,0.0,0.0
2019-11-11 00:00:00-05:00,61.52000045776367,64.12999725341797,61.52000045776367,62.810001373291016,641800,0.0,0.0
2019-11-12 00:00:00-05:00,62.939998626708984,64.87999725341797,62.939998626708984,64.26000213623047,363300,0.0,0.0
2019-11-13 00:00:00-05:00,63.77000045776367,64.4800033569336,62.31999969482422,62.689998626708984,282900,0.0,0.0
2019-11-14 00:00:00-05:00,62.849998474121094,64.61000061035156,62.5,62.70000076293945,288500,0.0,0.0
2019-11-15 00:00:00-05:00,63.27000045776367,64.2699966430664,62.869998931884766,63.779998779296875,380600,0.0,0.0
2019-11-18 00:00:00-05:00,63.54999923706055,63.70000076293945,60.880001068115234,61.4900016784668,254900,0.0,0.0
2019-11-19 00:00:00-05:00,62.02000045776367,63.060001373291016,61.189998626708984,62.650001525878906,302700,0.0,0.0
2019-11-20 00:00:00-05:00,62.15999984741211,63.119998931884766,60.900001525878906,63.099998474121094,714000,0.0,0.0
2019-11-21 00:00:00-05:00,63.16999816894531,63.97999954223633,62.439998626708984,63.06999969482422,1109300,0.0,0.0
2019-11-22 00:00:00-05:00,63.310001373291016,63.310001373291016,59.43000030517578,61.5,401400,0.0,0.0
2019-11-25 00:00:00-05:00,61.77000045776367,64.37999725341797,61.52000045776367,62.40999984741211,615900,0.0,0.0
2019-11-26 00:00:00-05:00,62.5099983215332,64.81999969482422,62.34000015258789,63.279998779296875,551900,0.0,0.0
2019-11-27 00:00:00-05:00,63.77000045776367,64.2699966430664,63.279998779296875,63.709999084472656,218500,0.0,0.0
2019-11-29 00:00:00-05:00,63.560001373291016,64.30000305175781,62.849998474121094,64.12999725341797,125000,0.0,0.0
2019-12-02 00:00:00-05:00,64.25,64.36000061035156,61.61000061035156,62.689998626708984,226100,0.0,0.0
2019-12-03 00:00:00-05:00,62.06999969482422,62.380001068115234,60.33000183105469,61.099998474121094,341000,0.0,0.0
2019-12-04 00:00:00-05:00,61.599998474121094,61.599998474121094,59.33000183105469,59.61000061035156,426100,0.0,0.0
2019-12-05 00:00:00-05:00,59.81999969482422,60.380001068115234,59.31999969482422,59.68000030517578,398700,0.0,0.0
2019-12-06 00:00:00-05:00,60.11000061035156,60.16999816894531,58.790000915527344,59.939998626708984,295000,0.0,0.0
2019-12-09 00:00:00-05:00,59.959999084472656,60.060001373291016,58.16999816894531,58.34000015258789,270800,0.0,0.0
2019-12-10 00:00:00-05:00,58.27000045776367,59.310001373291016,57.7599983215332,59.25,434500,0.0,0.0
2019-12-11 00:00:00-05:00,59.65999984741211,59.869998931884766,56.959999084472656,57.31999969482422,344900,0.0,0.0
2019-12-12 00:00:00-05:00,54.5,57.689998626708984,53.720001220703125,56.9900016784668,471500,0.0,0.0
2019-12-13 00:00:00-05:00,56.849998474121094,57.150001525878906,54.68000030517578,56.529998779296875,628400,0.0,0.0
2019-12-16 00:00:00-05:00,56.970001220703125,58.130001068115234,55.439998626708984,56.38999938964844,421300,0.0,0.0
2019-12-17 00:00:00-05:00,56.630001068115234,56.970001220703125,55.71500015258789,56.45000076293945,452700,0.0,0.0
2019-12-18 00:00:00-05:00,56.83000183105469,57.7869987487793,55.82500076293945,56.599998474121094,392000,0.0,0.0
2019-12-19 00:00:00-05:00,56.869998931884766,56.869998931884766,55.869998931884766,56.38999938964844,361000,0.0,0.0
2019-12-20 00:00:00-05:00,56.5,56.790000915527344,55.25,55.29999923706055,472800,0.0,0.0
2019-12-23 00:00:00-05:00,55.40999984741211,56.974998474121094,55.209999084472656,56.810001373291016,340300,0.0,0.0
2019-12-24 00:00:00-05:00,56.880001068115234,57.18000030517578,56.22999954223633,56.7400016784668,78800,0.0,0.0
2019-12-26 00:00:00-05:00,56.7400016784668,56.91899871826172,54.970001220703125,55.400001525878906,216400,0.0,0.0
2019-12-27 00:00:00-05:00,55.36000061035156,55.439998626708984,54.689998626708984,54.970001220703125,272400,0.0,0.0
2019-12-30 00:00:00-05:00,54.709999084472656,54.78499984741211,53.529998779296875,54.18000030517578,292500,0.0,0.0
2019-12-31 00:00:00-05:00,53.939998626708984,54.810001373291016,53.53499984741211,54.470001220703125,355900,0.0,0.0
2020-01-02 00:00:00-05:00,55.0,55.42499923706055,53.689998626708984,54.43000030517578,423200,0.0,0.0
2020-01-03 00:00:00-05:00,53.61000061035156,54.86000061035156,53.18899917602539,54.4900016784668,336200,0.0,0.0
2020-01-06 00:00:00-05:00,55.20000076293945,56.5099983215332,54.400001525878906,55.29999923706055,614100,0.0,0.0
2020-01-07 00:00:00-05:00,55.15999984741211,55.599998474121094,54.66999816894531,55.0,469400,0.0,0.0
2020-01-08 00:00:00-05:00,55.189998626708984,55.54499816894531,53.369998931884766,55.040000915527344,756600,0.0,0.0
2020-01-09 00:00:00-05:00,54.65999984741211,57.310001373291016,54.099998474121094,57.220001220703125,427900,0.0,0.0
2020-01-10 00:00:00-05:00,57.43000030517578,58.400001525878906,57.189998626708984,58.25,403400,0.0,0.0
2020-01-13 00:00:00-05:00,58.310001373291016,59.13999938964844,57.52000045776367,58.939998626708984,308900,0.0,0.0
2020-01-14 00:00:00-05:00,58.75,59.56999969482422,58.13999938964844,59.529998779296875,267000,0.0,0.0
2020-01-15 00:00:00-05:00,59.54999923706055,60.84000015258789,57.77000045776367,57.9900016784668,275800,0.0,0.0
2020-01-16 00:00:00-05:00,58.439998626708984,59.68000030517578,57.86000061035156,58.779998779296875,276400,0.0,0.0
2020-01-17 00:00:00-05:00,59.150001525878906,59.5,57.2599983215332,57.349998474121094,258600,0.0,0.0
2020-01-21 00:00:00-05:00,57.20000076293945,58.15999984741211,56.20000076293945,57.91999816894531,339600,0.0,0.0
2020-01-22 00:00:00-05:00,58.45000076293945,58.689998626708984,57.689998626708984,57.959999084472656,210300,0.0,0.0
2020-01-23 00:00:00-05:00,58.0,58.279998779296875,56.720001220703125,57.61000061035156,532300,0.0,0.0
2020-01-24 00:00:00-05:00,57.709999084472656,58.04999923706055,57.02000045776367,57.650001525878906,531900,0.0,0.0
2020-01-27 00:00:00-05:00,56.560001373291016,57.619998931884766,56.09000015258789,56.529998779296875,283700,0.0,0.0
2020-01-28 00:00:00-05:00,56.77000045776367,58.06999969482422,55.849998474121094,57.959999084472656,238200,0.0,0.0
2020-01-29 00:00:00-05:00,58.20000076293945,58.4900016784668,57.380001068115234,57.5099983215332,186100,0.0,0.0
2020-01-30 00:00:00-05:00,56.86000061035156,57.56999969482422,55.70500183105469,57.45000076293945,279400,0.0,0.0
2020-01-31 00:00:00-05:00,57.220001220703125,57.220001220703125,54.939998626708984,56.25,277700,0.0,0.0
2020-02-03 00:00:00-05:00,56.689998626708984,57.4900016784668,56.4900016784668,57.45000076293945,207100,0.0,0.0
2020-02-04 00:00:00-05:00,58.58000183105469,59.93000030517578,57.27000045776367,59.599998474121094,486300,0.0,0.0
2020-02-05 00:00:00-05:00,60.439998626708984,61.130001068115234,59.220001220703125,60.630001068115234,536400,0.0,0.0
2020-02-06 00:00:00-05:00,60.91999816894531,62.209999084472656,59.68000030517578,62.209999084472656,515100,0.0,0.0
2020-02-07 00:00:00-05:00,62.029998779296875,63.58000183105469,61.45000076293945,63.54999923706055,566800,0.0,0.0
2020-02-10 00:00:00-05:00,63.689998626708984,65.26000213623047,62.369998931884766,65.20999908447266,534800,0.0,0.0
2020-02-11 00:00:00-05:00,65.8499984741211,67.80000305175781,65.37000274658203,66.7300033569336,505100,0.0,0.0
2020-02-12 00:00:00-05:00,67.08999633789062,70.25,66.26000213623047,69.80999755859375,527700,0.0,0.0
2020-02-13 00:00:00-05:00,69.58000183105469,70.95999908447266,68.08000183105469,70.13999938964844,530300,0.0,0.0
2020-02-14 00:00:00-05:00,70.31999969482422,70.56999969482422,66.9000015258789,67.33000183105469,482500,0.0,0.0
2020-02-18 00:00:00-05:00,67.11000061035156,68.06999969482422,65.83999633789062,67.88999938964844,484700,0.0,0.0
2020-02-19 00:00:00-05:00,67.91000366210938,68.81999969482422,67.20500183105469,67.3499984741211,342600,0.0,0.0
2020-02-20 00:00:00-05:00,66.9800033569336,67.20999908447266,65.18000030517578,65.5,699700,0.0,0.0
2020-02-21 00:00:00-05:00,65.31999969482422,65.31999969482422,61.810001373291016,63.970001220703125,657200,0.0,0.0
2020-02-24 00:00:00-05:00,61.29999923706055,62.90999984741211,61.04999923706055,62.810001373291016,521700,0.0,0.0
2020-02-25 00:00:00-05:00,62.880001068115234,63.5099983215332,60.03499984741211,60.439998626708984,426100,0.0,0.0
2020-02-26 00:00:00-05:00,60.880001068115234,61.89500045776367,59.70000076293945,61.25,321700,0.0,0.0
2020-02-27 00:00:00-05:00,59.86000061035156,63.59000015258789,56.88999938964844,61.470001220703125,948700,0.0,0.0
2020-02-28 00:00:00-05:00,43.25,45.0,40.0,43.97999954223633,5813800,0.0,0.0
2020-03-02 00:00:00-05:00,44.150001525878906,44.310001373291016,42.25,44.27000045776367,1646100,0.0,0.0
2020-03-03 00:00:00-05:00,44.439998626708984,46.04999923706055,42.279998779296875,42.77000045776367,1236800,0.0,0.0
2020-03-04 00:00:00-05:00,43.4900016784668,44.25,41.470001220703125,42.27000045776367,746800,0.0,0.0
2020-03-05 00:00:00-05:00,40.689998626708984,41.47999954223633,39.07500076293945,39.90999984741211,837800,0.0,0.0
2020-03-06 00:00:00-05:00,38.970001220703125,40.08000183105469,38.41999816894531,39.5,935500,0.0,0.0
2020-03-09 00:00:00-04:00,37.060001373291016,37.560001373291016,35.689998626708984,35.79999923706055,665200,0.0,0.0
2020-03-10 00:00:00-04:00,39.0,42.04999923706055,38.75,41.470001220703125,2459900,0.0,0.0
2020-03-11 00:00:00-04:00,40.45000076293945,40.810001373291016,37.47999954223633,38.63999938964844,1548600,0.0,0.0
2020-03-12 00:00:00-04:00,35.75,39.2400016784668,32.47800064086914,39.099998474121094,9501500,0.0,0.0
2020-03-13 00:00:00-04:00,40.630001068115234,40.90700149536133,35.529998779296875,40.25,1716000,0.0,0.0
2020-03-16 00:00:00-04:00,36.25,38.2400016784668,32.849998474121094,33.349998474121094,1473800,0.0,0.0
2020-03-17 00:00:00-04:00,33.790000915527344,37.13999938964844,28.219999313354492,35.91999816894531,1614100,0.0,0.0
2020-03-18 00:00:00-04:00,33.900001525878906,34.189998626708984,26.479999542236328,30.790000915527344,1274200,0.0,0.0
2020-03-19 00:00:00-04:00,30.540000915527344,30.709999084472656,27.0,28.690000534057617,1259800,0.0,0.0
2020-03-20 00:00:00-04:00,28.969999313354492,30.1200008392334,24.170000076293945,25.530000686645508,1223400,0.0,0.0
2020-03-23 00:00:00-04:00,25.479999542236328,27.93000030517578,23.309999465942383,27.6200008392334,863400,0.0,0.0
2020-03-24 00:00:00-04:00,29.399999618530273,32.33000183105469,28.389999389648438,30.81999969482422,1042600,0.0,0.0
2020-03-25 00:00:00-04:00,31.110000610351562,33.93000030517578,29.030000686645508,32.869998931884766,1098700,0.0,0.0
2020-03-26 00:00:00-04:00,32.939998626708984,37.41999816894531,32.88999938964844,37.20000076293945,869900,0.0,0.0
2020-03-27 00:00:00-04:00,35.439998626708984,35.49300003051758,33.08000183105469,33.34000015258789,853100,0.0,0.0
2020-03-30 00:00:00-04:00,33.25,34.529998779296875,33.0,33.36000061035156,654200,0.0,0.0
2020-03-31 00:00:00-04:00,33.310001373291016,34.38999938964844,30.34000015258789,30.860000610351562,732700,0.0,0.0
2020-04-01 00:00:00-04:00,29.530000686645508,30.8799991607666,27.90999984741211,28.780000686645508,684600,0.0,0.0
2020-04-02 00:00:00-04:00,28.510000228881836,30.25,27.579999923706055,30.040000915527344,960400,0.0,0.0
2020-04-03 00:00:00-04:00,29.8799991607666,30.875,28.40999984741211,29.209999084472656,673800,0.0,0.0
2020-04-06 00:00:00-04:00,30.639999389648438,31.389999389648438,29.68000030517578,30.25,915600,0.0,0.0
2020-04-07 00:00:00-04:00,32.040000915527344,32.28499984741211,29.68000030517578,30.520000457763672,694600,0.0,0.0
2020-04-08 00:00:00-04:00,30.829999923706055,33.88999938964844,30.440000534057617,32.61000061035156,526100,0.0,0.0
2020-04-09 00:00:00-04:00,33.29999923706055,34.08000183105469,32.70000076293945,33.88999938964844,819600,0.0,0.0
2020-04-13 00:00:00-04:00,33.529998779296875,33.529998779296875,31.420000076293945,33.099998474121094,405000,0.0,0.0
2020-04-14 00:00:00-04:00,33.810001373291016,35.150001525878906,33.13999938964844,34.93000030517578,755000,0.0,0.0
2020-04-15 00:00:00-04:00,32.90999984741211,33.869998931884766,31.440000534057617,33.470001220703125,537300,0.0,0.0
2020-04-16 00:00:00-04:00,33.5,34.78499984741211,32.810001373291016,34.65999984741211,541800,0.0,0.0
2020-04-17 00:00:00-04:00,35.630001068115234,37.13999938964844,35.400001525878906,35.689998626708984,734000,0.0,0.0
2020-04-20 00:00:00-04:00,35.20000076293945,36.16999816894531,34.119998931884766,34.150001525878906,445100,0.0,0.0
2020-04-21 00:00:00-04:00,32.9900016784668,33.68000030517578,31.5,32.34000015258789,457800,0.0,0.0
2020-04-22 00:00:00-04:00,33.2599983215332,34.224998474121094,32.630001068115234,34.0099983215332,565000,0.0,0.0
2020-04-23 00:00:00-04:00,34.279998779296875,35.81999969482422,34.20000076293945,34.970001220703125,517800,0.0,0.0
2020-04-24 00:00:00-04:00,35.099998474121094,35.7599983215332,34.540000915527344,35.06999969482422,464600,0.0,0.0
2020-04-27 00:00:00-04:00,35.880001068115234,36.29999923706055,34.79999923706055,35.0,607300,0.0,0.0
2020-04-28 00:00:00-04:00,35.93000030517578,35.93000030517578,34.5099983215332,35.040000915527344,470700,0.0,0.0
2020-04-29 00:00:00-04:00,36.2400016784668,39.040000915527344,35.81999969482422,37.4900016784668,959700,0.0,0.0
2020-04-30 00:00:00-04:00,37.0099983215332,37.9900016784668,35.849998474121094,36.689998626708984,455900,0.0,0.0
2020-05-01 00:00:00-04:00,35.93000030517578,35.970001220703125,34.7599983215332,35.84000015258789,477300,0.0,0.0
2020-05-04 00:00:00-04:00,35.459999084472656,36.290000915527344,34.41999816894531,34.58000183105469,943100,0.0,0.0
2020-05-05 00:00:00-04:00,35.02000045776367,38.84000015258789,34.7400016784668,38.439998626708984,1186400,0.0,0.0
2020-05-06 00:00:00-04:00,41.279998779296875,44.279998779296875,40.369998931884766,40.709999084472656,1487700,0.0,0.0
2020-05-07 00:00:00-04:00,42.18000030517578,42.61000061035156,40.720001220703125,41.15999984741211,671100,0.0,0.0
2020-05-08 00:00:00-04:00,40.34000015258789,41.0,38.5099983215332,39.900001525878906,677200,0.0,0.0
2020-05-11 00:00:00-04:00,39.16999816894531,39.77000045776367,37.810001373291016,39.18000030517578,749300,0.0,0.0
2020-05-12 00:00:00-04:00,39.209999084472656,39.380001068115234,37.22999954223633,37.939998626708984,628300,0.0,0.0
2020-05-13 00:00:00-04:00,37.709999084472656,37.709999084472656,35.040000915527344,35.7400016784668,676200,0.0,0.0
2020-05-14 00:00:00-04:00,35.0,35.60499954223633,34.119998931884766,34.630001068115234,915100,0.0,0.0
2020-05-15 00:00:00-04:00,34.38999938964844,36.5099983215332,34.099998474121094,35.54999923706055,904800,0.0,0.0
2020-05-18 00:00:00-04:00,36.790000915527344,37.70000076293945,35.279998779296875,35.7599983215332,808200,0.0,0.0
2020-05-19 00:00:00-04:00,35.59000015258789,37.130001068115234,35.04999923706055,35.369998931884766,927800,0.0,0.0
2020-05-20 00:00:00-04:00,36.209999084472656,38.130001068115234,35.599998474121094,37.54999923706055,805600,0.0,0.0
2020-05-21 00:00:00-04:00,37.22999954223633,37.810001373291016,36.150001525878906,37.439998626708984,436800,0.0,0.0
2020-05-22 00:00:00-04:00,37.709999084472656,37.7400016784668,36.59000015258789,37.5,238800,0.0,0.0
2020-05-26 00:00:00-04:00,38.959999084472656,39.83000183105469,38.27000045776367,39.20000076293945,810400,0.0,0.0
2020-05-27 00:00:00-04:00,40.0,41.06999969482422,39.06999969482422,40.880001068115234,682100,0.0,0.0
2020-05-28 00:00:00-04:00,41.369998931884766,42.189998626708984,40.0,40.119998931884766,790700,0.0,0.0
2020-05-29 00:00:00-04:00,40.099998474121094,40.4900016784668,37.672000885009766,38.97999954223633,559200,0.0,0.0
2020-06-01 00:00:00-04:00,38.970001220703125,41.279998779296875,38.51900100708008,40.38999938964844,420300,0.0,0.0
2020-06-02 00:00:00-04:00,40.7599983215332,41.279998779296875,39.869998931884766,41.209999084472656,328600,0.0,0.0
2020-06-03 00:00:00-04:00,41.84000015258789,45.3650016784668,41.66400146484375,44.869998931884766,927300,0.0,0.0
2020-06-04 00:00:00-04:00,44.630001068115234,44.630001068115234,42.43000030517578,42.720001220703125,585700,0.0,0.0
2020-06-05 00:00:00-04:00,44.040000915527344,47.81999969482422,43.380001068115234,46.83000183105469,697700,0.0,0.0
2020-06-08 00:00:00-04:00,46.439998626708984,46.85499954223633,42.650001525878906,43.150001525878906,2107600,0.0,0.0
2020-06-09 00:00:00-04:00,42.22999954223633,42.369998931884766,40.5,40.72999954223633,2111400,0.0,0.0
2020-06-10 00:00:00-04:00,40.45000076293945,41.380001068115234,39.2599983215332,39.349998474121094,793900,0.0,0.0
2020-06-11 00:00:00-04:00,37.970001220703125,38.79999923706055,36.34000015258789,37.599998474121094,1039700,0.0,0.0
2020-06-12 00:00:00-04:00,39.2599983215332,39.75,36.75,38.63999938964844,756800,0.0,0.0
2020-06-15 00:00:00-04:00,37.11000061035156,40.52000045776367,37.0099983215332,39.79999923706055,708100,0.0,0.0
2020-06-16 00:00:00-04:00,41.5,41.88999938964844,39.33000183105469,39.88999938964844,639900,0.0,0.0
2020-06-17 00:00:00-04:00,40.25,41.06999969482422,39.380001068115234,39.869998931884766,441000,0.0,0.0
2020-06-18 00:00:00-04:00,39.34000015258789,40.03099822998047,39.34000015258789,39.939998626708984,424600,0.0,0.0
2020-06-19 00:00:00-04:00,40.43000030517578,41.540000915527344,39.88999938964844,40.439998626708984,829100,0.0,0.0
2020-06-22 00:00:00-04:00,40.130001068115234,41.31999969482422,39.90999984741211,41.25,516900,0.0,0.0
2020-06-23 00:00:00-04:00,41.650001525878906,41.939998626708984,40.54999923706055,40.7599983215332,450800,0.0,0.0
2020-06-24 00:00:00-04:00,40.15999984741211,40.25,38.165000915527344,38.72999954223633,484100,0.0,0.0
2020-06-25 00:00:00-04:00,38.540000915527344,39.04999923706055,37.130001068115234,37.65999984741211,615700,0.0,0.0
2020-06-26 00:00:00-04:00,37.470001220703125,37.7400016784668,36.77000045776367,36.88999938964844,1008400,0.0,0.0
2020-06-29 00:00:00-04:00,37.18000030517578,38.38999938964844,36.61000061035156,38.18000030517578,255400,0.0,0.0
2020-06-30 00:00:00-04:00,37.939998626708984,38.72999954223633,37.79499816894531,38.41999816894531,479600,0.0,0.0
2020-07-01 00:00:00-04:00,38.52000045776367,39.349998474121094,38.2599983215332,38.77000045776367,285400,0.0,0.0
2020-07-02 00:00:00-04:00,39.630001068115234,39.630001068115234,38.54999923706055,38.63999938964844,403800,0.0,0.0
2020-07-06 00:00:00-04:00,39.4900016784668,39.77000045776367,37.970001220703125,38.91999816894531,965000,0.0,0.0
2020-07-07 00:00:00-04:00,38.470001220703125,38.904998779296875,37.0,37.22999954223633,984400,0.0,0.0
2020-07-08 00:00:00-04:00,37.5,38.060001373291016,36.3849983215332,37.31999969482422,879400,0.0,0.0
2020-07-09 00:00:00-04:00,37.290000915527344,37.84000015258789,35.650001525878906,37.43000030517578,1118500,0.0,0.0
2020-07-10 00:00:00-04:00,37.43000030517578,38.150001525878906,37.16999816894531,37.959999084472656,341400,0.0,0.0
2020-07-13 00:00:00-04:00,38.290000915527344,40.152000427246094,38.099998474121094,39.0,775000,0.0,0.0
2020-07-14 00:00:00-04:00,38.970001220703125,40.25,38.61000061035156,40.22999954223633,562700,0.0,0.0
2020-07-15 00:00:00-04:00,41.0,43.04999923706055,40.959999084472656,42.65999984741211,813200,0.0,0.0
2020-07-16 00:00:00-04:00,42.15999984741211,42.540000915527344,38.95000076293945,39.31999969482422,813500,0.0,0.0
2020-07-17 00:00:00-04:00,39.33000183105469,39.91999816894531,38.459999084472656,39.56999969482422,911300,0.0,0.0
2020-07-20 00:00:00-04:00,39.36000061035156,40.380001068115234,39.33000183105469,39.779998779296875,269000,0.0,0.0
2020-07-21 00:00:00-04:00,40.2400016784668,41.040000915527344,39.630001068115234,39.9900016784668,420200,0.0,0.0
2020-07-22 00:00:00-04:00,39.91999816894531,40.67900085449219,39.91999816894531,40.560001373291016,330600,0.0,0.0
2020-07-23 00:00:00-04:00,40.310001373291016,41.61000061035156,40.310001373291016,41.09000015258789,572900,0.0,0.0
2020-07-24 00:00:00-04:00,40.91999816894531,40.91999816894531,39.58000183105469,40.060001373291016,478100,0.0,0.0
2020-07-27 00:00:00-04:00,40.209999084472656,41.310001373291016,39.599998474121094,41.16999816894531,267200,0.0,0.0
2020-07-28 00:00:00-04:00,41.0,41.45000076293945,40.4900016784668,41.130001068115234,538300,0.0,0.0
2020-07-29 00:00:00-04:00,41.27000045776367,42.810001373291016,41.2599983215332,42.29999923706055,395100,0.0,0.0
2020-07-30 00:00:00-04:00,41.650001525878906,43.689998626708984,41.45000076293945,43.66999816894531,316900,0.0,0.0
2020-07-31 00:00:00-04:00,43.47999954223633,43.810001373291016,42.369998931884766,43.70000076293945,458800,0.0,0.0
2020-08-03 00:00:00-04:00,44.2599983215332,47.36000061035156,43.810001373291016,46.84000015258789,1077700,0.0,0.0
2020-08-04 00:00:00-04:00,46.84000015258789,48.45000076293945,46.4900016784668,47.2599983215332,911000,0.0,0.0
2020-08-05 00:00:00-04:00,47.93000030517578,50.25,47.689998626708984,50.040000915527344,803900,0.0,0.0
2020-08-06 00:00:00-04:00,50.220001220703125,50.66999816894531,48.52000045776367,49.09000015258789,498600,0.0,0.0
2020-08-07 00:00:00-04:00,48.83000183105469,49.92499923706055,43.11000061035156,43.45000076293945,822300,0.0,0.0
2020-08-10 00:00:00-04:00,43.189998626708984,43.68000030517578,41.4109992980957,41.75,595800,0.0,0.0
2020-08-11 00:00:00-04:00,42.33000183105469,42.45500183105469,40.5099983215332,40.720001220703125,432500,0.0,0.0
2020-08-12 00:00:00-04:00,41.40999984741211,43.31999969482422,40.709999084472656,42.38999938964844,412000,0.0,0.0
2020-08-13 00:00:00-04:00,41.97999954223633,42.88999938964844,41.665000915527344,42.439998626708984,385400,0.0,0.0
2020-08-14 00:00:00-04:00,42.310001373291016,43.39899826049805,41.86000061035156,41.91999816894531,233800,0.0,0.0
2020-08-17 00:00:00-04:00,41.91999816894531,42.5,41.369998931884766,41.9900016784668,337400,0.0,0.0
2020-08-18 00:00:00-04:00,42.15999984741211,42.220001220703125,40.814998626708984,41.59000015258789,349200,0.0,0.0
2020-08-19 00:00:00-04:00,41.95000076293945,42.709999084472656,41.11000061035156,41.56999969482422,427100,0.0,0.0
2020-08-20 00:00:00-04:00,41.04999923706055,41.56999969482422,40.400001525878906,40.599998474121094,272200,0.0,0.0
2020-08-21 00:00:00-04:00,40.61000061035156,40.900001525878906,40.15999984741211,40.61000061035156,287100,0.0,0.0
2020-08-24 00:00:00-04:00,41.150001525878906,41.540000915527344,40.65999984741211,40.95000076293945,317300,0.0,0.0
2020-08-25 00:00:00-04:00,41.0,41.45500183105469,40.07500076293945,40.720001220703125,275800,0.0,0.0
2020-08-26 00:00:00-04:00,40.63999938964844,44.90999984741211,40.63999938964844,44.77000045776367,596300,0.0,0.0
2020-08-27 00:00:00-04:00,44.560001373291016,45.119998931884766,43.709999084472656,44.349998474121094,361300,0.0,0.0
2020-08-28 00:00:00-04:00,44.5,47.619998931884766,44.3650016784668,47.20000076293945,572900,0.0,0.0
2020-08-31 00:00:00-04:00,46.970001220703125,48.27000045776367,46.59000015258789,47.83000183105469,520800,0.0,0.0
2020-09-01 00:00:00-04:00,47.45000076293945,47.65999984741211,44.9900016784668,45.0,437700,0.0,0.0
2020-09-02 00:00:00-04:00,45.11000061035156,47.59000015258789,44.77000045776367,47.279998779296875,980500,0.0,0.0
2020-09-03 00:00:00-04:00,47.34000015258789,48.2599983215332,45.209999084472656,48.11000061035156,886200,0.0,0.0
2020-09-04 00:00:00-04:00,48.58000183105469,49.95000076293945,47.72999954223633,48.33000183105469,900900,0.0,0.0
2020-09-08 00:00:00-04:00,47.5,49.290000915527344,46.540000915527344,48.380001068115234,473200,0.0,0.0
2020-09-09 00:00:00-04:00,48.61000061035156,50.5099983215332,48.470001220703125,49.4900016784668,402700,0.0,0.0
2020-09-10 00:00:00-04:00,49.90999984741211,50.209999084472656,47.599998474121094,47.91999816894531,1094200,0.0,0.0
2020-09-11 00:00:00-04:00,48.52000045776367,48.755001068115234,46.52000045776367,47.0099983215332,463300,0.0,0.0
2020-09-14 00:00:00-04:00,47.38999938964844,48.86000061035156,47.15999984741211,48.7400016784668,398100,0.0,0.0
2020-09-15 00:00:00-04:00,48.9900016784668,50.15999984741211,48.058998107910156,49.439998626708984,343000,0.0,0.0
2020-09-16 00:00:00-04:00,50.029998779296875,51.209999084472656,49.11000061035156,49.189998626708984,541500,0.0,0.0
2020-09-17 00:00:00-04:00,48.52000045776367,49.040000915527344,47.689998626708984,48.7599983215332,560500,0.0,0.0
2020-09-18 00:00:00-04:00,49.15999984741211,49.83000183105469,46.41999816894531,46.900001525878906,1433600,0.0,0.0
2020-09-21 00:00:00-04:00,45.349998474121094,47.54999923706055,43.65999984741211,47.459999084472656,830400,0.0,0.0
2020-09-22 00:00:00-04:00,47.93000030517578,49.189998626708984,46.494998931884766,48.209999084472656,763700,0.0,0.0
2020-09-23 00:00:00-04:00,47.9900016784668,48.09000015258789,46.0099983215332,46.09000015258789,544400,0.0,0.0
2020-09-24 00:00:00-04:00,45.220001220703125,48.22999954223633,45.060001373291016,47.58000183105469,423300,0.0,0.0
2020-09-25 00:00:00-04:00,47.29999923706055,49.11000061035156,47.25,48.849998474121094,835800,0.0,0.0
2020-09-28 00:00:00-04:00,49.400001525878906,51.709999084472656,49.38999938964844,50.54999923706055,498600,0.0,0.0
2020-09-29 00:00:00-04:00,50.20000076293945,52.029998779296875,50.17499923706055,50.970001220703125,515900,0.0,0.0
2020-09-30 00:00:00-04:00,51.15999984741211,51.5,48.709999084472656,49.52000045776367,561700,0.0,0.0
2020-10-01 00:00:00-04:00,50.220001220703125,50.7400016784668,49.6349983215332,49.849998474121094,250200,0.0,0.0
2020-10-02 00:00:00-04:00,49.279998779296875,50.36000061035156,48.68000030517578,49.15999984741211,547900,0.0,0.0
2020-10-05 00:00:00-04:00,49.59000015258789,50.220001220703125,49.15999984741211,49.47999954223633,287200,0.0,0.0
2020-10-06 00:00:00-04:00,49.70000076293945,50.40999984741211,48.880001068115234,48.900001525878906,454000,0.0,0.0
2020-10-07 00:00:00-04:00,49.459999084472656,53.02000045776367,49.430999755859375,52.540000915527344,579900,0.0,0.0
2020-10-08 00:00:00-04:00,52.0,52.9900016784668,51.43000030517578,52.459999084472656,561100,0.0,0.0
2020-10-09 00:00:00-04:00,53.0,55.43000030517578,52.77000045776367,54.59000015258789,619600,0.0,0.0
2020-10-12 00:00:00-04:00,54.7599983215332,55.029998779296875,53.099998474121094,54.0,593600,0.0,0.0
2020-10-13 00:00:00-04:00,53.689998626708984,54.5,53.29999923706055,54.45000076293945,501100,0.0,0.0
2020-10-14 00:00:00-04:00,54.599998474121094,54.900001525878906,53.72999954223633,54.5,450200,0.0,0.0
2020-10-15 00:00:00-04:00,53.779998779296875,55.18000030517578,53.779998779296875,54.75,292600,0.0,0.0
2020-10-16 00:00:00-04:00,54.81999969482422,55.0,54.2599983215332,54.84000015258789,410700,0.0,0.0
2020-10-19 00:00:00-04:00,55.52000045776367,56.08000183105469,54.709999084472656,55.0,519700,0.0,0.0
2020-10-20 00:00:00-04:00,55.2599983215332,56.2599983215332,54.724998474121094,55.849998474121094,468300,0.0,0.0
2020-10-21 00:00:00-04:00,55.95000076293945,56.65999984741211,55.0,56.0,382100,0.0,0.0
2020-10-22 00:00:00-04:00,56.279998779296875,57.900001525878906,56.06999969482422,57.869998931884766,426600,0.0,0.0
2020-10-23 00:00:00-04:00,58.25,58.290000915527344,57.400001525878906,58.25,541500,0.0,0.0
2020-10-26 00:00:00-04:00,57.310001373291016,58.72999954223633,56.779998779296875,57.75,884000,0.0,0.0
2020-10-27 00:00:00-04:00,57.599998474121094,59.77000045776367,57.349998474121094,59.56999969482422,865800,0.0,0.0
2020-10-28 00:00:00-04:00,58.40999984741211,58.9900016784668,55.7400016784668,55.849998474121094,877500,0.0,0.0
2020-10-29 00:00:00-04:00,55.81999969482422,57.849998474121094,54.650001525878906,57.38999938964844,437800,0.0,0.0
2020-10-30 00:00:00-04:00,57.27000045776367,57.630001068115234,54.779998779296875,55.91999816894531,290600,0.0,0.0
2020-11-02 00:00:00-05:00,56.310001373291016,57.0099983215332,53.2400016784668,54.4900016784668,689300,0.0,0.0
2020-11-03 00:00:00-05:00,55.189998626708984,55.689998626708984,53.93000030517578,55.25,1022800,0.0,0.0
2020-11-04 00:00:00-05:00,54.95000076293945,57.709999084472656,54.95000076293945,56.02000045776367,470300,0.0,0.0
2020-11-05 00:00:00-05:00,57.290000915527344,58.06999969482422,55.9900016784668,56.5,804200,0.0,0.0
2020-11-06 00:00:00-05:00,58.63999938964844,63.369998931884766,57.5,60.310001373291016,910600,0.0,0.0
2020-11-09 00:00:00-05:00,64.62000274658203,66.55999755859375,63.06999969482422,63.16999816894531,939300,0.0,0.0
2020-11-10 00:00:00-05:00,61.959999084472656,65.88999938964844,61.959999084472656,64.5999984741211,751200,0.0,0.0
2020-11-11 00:00:00-05:00,65.0,66.45999908447266,64.08000183105469,66.0,500500,0.0,0.0
2020-11-12 00:00:00-05:00,65.36000061035156,67.26000213623047,63.959999084472656,65.12999725341797,686100,0.0,0.0
2020-11-13 00:00:00-05:00,66.02999877929688,67.12000274658203,65.44000244140625,66.61000061035156,260000,0.0,0.0
2020-11-16 00:00:00-05:00,67.5999984741211,68.05000305175781,65.27999877929688,66.05999755859375,494900,0.0,0.0
2020-11-17 00:00:00-05:00,66.94000244140625,67.69999694824219,65.68000030517578,67.63999938964844,466300,0.0,0.0
2020-11-18 00:00:00-05:00,67.69999694824219,68.94999694824219,66.12000274658203,66.63999938964844,481000,0.0,0.0
2020-11-19 00:00:00-05:00,65.83000183105469,68.41000366210938,65.83000183105469,68.33000183105469,292500,0.0,0.0
2020-11-20 00:00:00-05:00,67.83000183105469,68.1500015258789,63.630001068115234,64.29000091552734,710700,0.0,0.0
2020-11-23 00:00:00-05:00,64.98999786376953,67.8499984741211,64.63999938964844,67.0199966430664,581900,0.0,0.0
2020-11-24 00:00:00-05:00,67.68000030517578,68.54000091552734,66.66999816894531,66.76000213623047,261200,0.0,0.0
2020-11-25 00:00:00-05:00,66.51000213623047,67.70999908447266,65.73999786376953,66.0999984741211,179700,0.0,0.0
2020-11-27 00:00:00-05:00,65.72000122070312,68.27999877929688,65.72000122070312,67.97000122070312,117900,0.0,0.0
2020-11-30 00:00:00-05:00,68.22000122070312,68.75,67.01000213623047,67.4800033569336,290400,0.0,0.0
2020-12-01 00:00:00-05:00,68.12000274658203,69.61499786376953,67.68000030517578,67.94999694824219,377900,0.0,0.0
2020-12-02 00:00:00-05:00,67.5,69.69000244140625,67.20999908447266,69.54000091552734,254200,0.0,0.0
2020-12-03 00:00:00-05:00,69.44999694824219,71.95999908447266,69.44999694824219,70.87000274658203,343000,0.0,0.0
2020-12-04 00:00:00-05:00,71.16999816894531,71.29000091552734,67.80999755859375,70.2300033569336,437300,0.0,0.0
2020-12-07 00:00:00-05:00,70.19000244140625,70.52999877929688,68.72000122070312,68.83000183105469,301800,0.0,0.0
2020-12-08 00:00:00-05:00,68.27999877929688,69.98999786376953,68.27999877929688,69.48999786376953,354300,0.0,0.0
2020-12-09 00:00:00-05:00,70.08999633789062,70.98999786376953,66.97000122070312,67.27999877929688,712800,0.0,0.0
2020-12-10 00:00:00-05:00,67.0999984741211,69.45999908447266,66.37999725341797,68.19000244140625,365200,0.0,0.0
2020-12-11 00:00:00-05:00,67.61000061035156,69.70999908447266,66.80999755859375,67.44000244140625,308800,0.0,0.0
2020-12-14 00:00:00-05:00,68.31999969482422,69.86000061035156,68.0,68.01000213623047,438300,0.0,0.0
2020-12-15 00:00:00-05:00,68.5999984741211,71.72000122070312,68.38999938964844,70.88999938964844,375900,0.0,0.0
2020-12-16 00:00:00-05:00,72.20999908447266,73.16000366210938,71.1500015258789,71.94000244140625,331300,0.0,0.0
2020-12-17 00:00:00-05:00,72.08000183105469,74.17500305175781,72.0199966430664,72.98999786376953,297800,0.0,0.0
2020-12-18 00:00:00-05:00,73.27999877929688,73.83000183105469,72.0999984741211,72.26000213623047,965500,0.0,0.0
2020-12-21 00:00:00-05:00,70.69000244140625,74.72000122070312,70.41999816894531,74.66000366210938,343300,0.0,0.0
2020-12-22 00:00:00-05:00,74.80999755859375,75.73500061035156,74.08499908447266,74.13999938964844,490000,0.0,0.0
2020-12-23 00:00:00-05:00,74.11000061035156,75.23999786376953,73.48200225830078,74.87000274658203,313300,0.0,0.0
2020-12-24 00:00:00-05:00,75.0,75.51000213623047,73.38999938964844,73.98999786376953,217900,0.0,0.0
2020-12-28 00:00:00-05:00,74.98999786376953,75.12999725341797,72.91999816894531,72.9800033569336,358700,0.0,0.0
2020-12-29 00:00:00-05:00,73.55999755859375,74.08999633789062,72.47000122070312,72.58000183105469,328300,0.0,0.0
2020-12-30 00:00:00-05:00,73.58000183105469,76.19999694824219,73.45999908447266,74.79000091552734,306700,0.0,0.0
2020-12-31 00:00:00-05:00,75.0,75.61000061035156,74.08999633789062,75.26000213623047,292800,0.0,0.0
2021-01-04 00:00:00-05:00,75.70999908447266,75.70999908447266,69.88999938964844,70.43000030517578,642400,0.0,0.0
2021-01-05 00:00:00-05:00,70.58999633789062,73.4800033569336,70.58999633789062,72.44999694824219,514700,0.0,0.0
2021-01-06 00:00:00-05:00,72.62000274658203,76.4800033569336,72.62000274658203,75.44999694824219,552700,0.0,0.0
2021-01-07 00:00:00-05:00,75.79000091552734,77.41000366210938,75.5999984741211,76.51000213623047,534000,0.0,0.0
2021-01-08 00:00:00-05:00,76.80000305175781,79.5,76.80000305175781,78.2300033569336,392200,0.0,0.0
2021-01-11 00:00:00-05:00,76.83999633789062,78.5199966430664,76.53500366210938,77.19000244140625,197600,0.0,0.0
2021-01-12 00:00:00-05:00,76.73999786376953,78.9000015258789,76.56999969482422,77.98999786376953,233800,0.0,0.0
2021-01-13 00:00:00-05:00,78.06999969482422,84.47000122070312,76.31999969482422,84.18000030517578,737100,0.0,0.0
2021-01-14 00:00:00-05:00,84.05000305175781,88.20999908447266,83.78500366210938,86.70999908447266,1116800,0.0,0.0
2021-01-15 00:00:00-05:00,86.25,87.44000244140625,85.375,86.33999633789062,297500,0.0,0.0
2021-01-19 00:00:00-05:00,86.88999938964844,89.41000366210938,86.88999938964844,88.5,433400,0.0,0.0
2021-01-20 00:00:00-05:00,89.45999908447266,90.2699966430664,88.5199966430664,89.95999908447266,541000,0.0,0.0
2021-01-21 00:00:00-05:00,90.44000244140625,90.70999908447266,88.20999908447266,88.73999786376953,455800,0.0,0.0
2021-01-22 00:00:00-05:00,87.58999633789062,88.12000274658203,86.6500015258789,87.16999816894531,469600,0.0,0.0
2021-01-25 00:00:00-05:00,87.0,87.26000213623047,83.12000274658203,84.97000122070312,474100,0.0,0.0
2021-01-26 00:00:00-05:00,85.62999725341797,86.48999786376953,84.58999633789062,85.56999969482422,308700,0.0,0.0
2021-01-27 00:00:00-05:00,84.0999984741211,88.4800033569336,81.31400299072266,88.37000274658203,781100,0.0,0.0
2021-01-28 00:00:00-05:00,89.38999938964844,92.19000244140625,87.88999938964844,90.63999938964844,664900,0.0,0.0
2021-01-29 00:00:00-05:00,89.58999633789062,91.5199966430664,87.24500274658203,88.69000244140625,590200,0.0,0.0
2021-02-01 00:00:00-05:00,89.62999725341797,90.12000274658203,86.25,89.5199966430664,337600,0.0,0.0
2021-02-02 00:00:00-05:00,91.72000122070312,92.93499755859375,91.27999877929688,92.11000061035156,238600,0.0,0.0
2021-02-03 00:00:00-05:00,91.97000122070312,93.16999816894531,91.08999633789062,92.63999938964844,223000,0.0,0.0
2021-02-04 00:00:00-05:00,93.7699966430664,96.70999908447266,93.57499694824219,95.18000030517578,450000,0.0,0.0
2021-02-05 00:00:00-05:00,96.25,96.4800033569336,94.02999877929688,95.83999633789062,246100,0.0,0.0
2021-02-08 00:00:00-05:00,96.5,97.18599700927734,95.63999938964844,96.66999816894531,240000,0.0,0.0
2021-02-09 00:00:00-05:00,96.9800033569336,97.44999694824219,95.87000274658203,96.66999816894531,340800,0.0,0.0
2021-02-10 00:00:00-05:00,97.19999694824219,97.78500366210938,95.1500015258789,95.5199966430664,363800,0.0,0.0
2021-02-11 00:00:00-05:00,96.05000305175781,96.05000305175781,93.75,95.30000305175781,389300,0.0,0.0
2021-02-12 00:00:00-05:00,95.0,96.08999633789062,94.4000015258789,94.95999908447266,430600,0.0,0.0
2021-02-16 00:00:00-05:00,95.19999694824219,96.20999908447266,94.21499633789062,94.73999786376953,585200,0.0,0.0
2021-02-17 00:00:00-05:00,94.0,94.0,89.6500015258789,90.7300033569336,354100,0.0,0.0
2021-02-18 00:00:00-05:00,89.80000305175781,90.31999969482422,87.80000305175781,88.91000366210938,241200,0.0,0.0
2021-02-19 00:00:00-05:00,89.2699966430664,94.55500030517578,88.9000015258789,93.36000061035156,576000,0.0,0.0
2021-02-22 00:00:00-05:00,92.63999938964844,94.94000244140625,91.91000366210938,94.91000366210938,433200,0.0,0.0
2021-02-23 00:00:00-05:00,93.55999755859375,94.87000274658203,91.2300033569336,94.06999969482422,436700,0.0,0.0
2021-02-24 00:00:00-05:00,94.5,97.48999786376953,93.30000305175781,96.43000030517578,597700,0.0,0.0
2021-02-25 00:00:00-05:00,96.66999816894531,98.23999786376953,91.56999969482422,92.11000061035156,319700,0.0,0.0
2021-02-26 00:00:00-05:00,92.87999725341797,97.48999786376953,91.05999755859375,94.55999755859375,492000,0.0,0.0
2021-03-01 00:00:00-05:00,93.98999786376953,98.26000213623047,93.02999877929688,97.41999816894531,482900,0.0,0.0
2021-03-02 00:00:00-05:00,97.30000305175781,99.0,95.57499694824219,96.08000183105469,309500,0.0,0.0
2021-03-03 00:00:00-05:00,95.8499984741211,96.45500183105469,88.2020034790039,89.0199966430664,445000,0.0,0.0
2021-03-04 00:00:00-05:00,87.7699966430664,88.27999877929688,82.26499938964844,83.7300033569336,526600,0.0,0.0
2021-03-05 00:00:00-05:00,85.26000213623047,86.0,79.68000030517578,85.76000213623047,510700,0.0,0.0
2021-03-08 00:00:00-05:00,86.13999938964844,87.62000274658203,81.6500015258789,81.80999755859375,366200,0.0,0.0
2021-03-09 00:00:00-05:00,83.51000213623047,86.44999694824219,83.37000274658203,85.19999694824219,403900,0.0,0.0
2021-03-10 00:00:00-05:00,87.08999633789062,88.2300033569336,86.33999633789062,87.05000305175781,312000,0.0,0.0
2021-03-11 00:00:00-05:00,88.9000015258789,89.43499755859375,87.30500030517578,89.13999938964844,362700,0.0,0.0
2021-03-12 00:00:00-05:00,88.45999908447266,89.0199966430664,86.5199966430664,88.8499984741211,278900,0.0,0.0
2021-03-15 00:00:00-04:00,87.87999725341797,90.63999938964844,87.87999725341797,89.22000122070312,186500,0.0,0.0
2021-03-16 00:00:00-04:00,89.0999984741211,90.8499984741211,88.30999755859375,88.94000244140625,288000,0.0,0.0
2021-03-17 00:00:00-04:00,87.56999969482422,90.30999755859375,86.30999755859375,89.73999786376953,206900,0.0,0.0
2021-03-18 00:00:00-04:00,88.9800033569336,88.9800033569336,85.43000030517578,85.94000244140625,267900,0.0,0.0
2021-03-19 00:00:00-04:00,86.23999786376953,88.63999938964844,85.91999816894531,88.43000030517578,707400,0.0,0.0
2021-03-22 00:00:00-04:00,89.16000366210938,90.25,87.29000091552734,87.55000305175781,339900,0.0,0.0
2021-03-23 00:00:00-04:00,86.62999725341797,87.55000305175781,83.31999969482422,84.33000183105469,533600,0.0,0.0
2021-03-24 00:00:00-04:00,85.30000305175781,85.7300033569336,81.63999938964844,81.87999725341797,289500,0.0,0.0
2021-03-25 00:00:00-04:00,80.77999877929688,85.62000274658203,80.5,85.0,327100,0.0,0.0
2021-03-26 00:00:00-04:00,85.61000061035156,86.2300033569336,83.01000213623047,85.58000183105469,286500,0.0,0.0
2021-03-29 00:00:00-04:00,84.91999816894531,86.9800033569336,82.83999633789062,82.95999908447266,291200,0.0,0.0
2021-03-30 00:00:00-04:00,82.56999969482422,85.01000213623047,81.81999969482422,84.4800033569336,276600,0.0,0.0
2021-03-31 00:00:00-04:00,85.37999725341797,86.83000183105469,83.62999725341797,83.93000030517578,679300,0.0,0.0
2021-04-01 00:00:00-04:00,84.91999816894531,85.18000030517578,81.0,81.97000122070312,720200,0.0,0.0
2021-04-05 00:00:00-04:00,82.52999877929688,82.52999877929688,78.87000274658203,80.41999816894531,1089600,0.0,0.0
2021-04-06 00:00:00-04:00,80.44999694824219,82.98999786376953,80.0,81.73999786376953,541300,0.0,0.0
2021-04-07 00:00:00-04:00,81.8499984741211,81.91999816894531,79.44999694824219,79.94999694824219,282000,0.0,0.0
2021-04-08 00:00:00-04:00,82.55000305175781,85.8499984741211,82.44000244140625,85.83999633789062,754100,0.0,0.0
2021-04-09 00:00:00-04:00,85.55999755859375,85.80999755859375,80.33999633789062,83.12999725341797,386800,0.0,0.0
2021-04-12 00:00:00-04:00,82.79000091552734,82.95999908447266,80.91500091552734,82.5,320200,0.0,0.0
2021-04-13 00:00:00-04:00,82.1500015258789,84.11000061035156,82.1500015258789,82.94000244140625,275800,0.0,0.0
2021-04-14 00:00:00-04:00,83.36000061035156,86.0,83.23999786376953,84.47000122070312,267100,0.0,0.0
2021-04-15 00:00:00-04:00,85.4000015258789,86.44999694824219,84.61000061035156,85.9000015258789,140300,0.0,0.0
2021-04-16 00:00:00-04:00,86.5,86.5,84.81999969482422,85.0199966430664,282200,0.0,0.0
2021-04-19 00:00:00-04:00,84.23999786376953,85.73999786376953,83.93000030517578,84.01000213623047,401500,0.0,0.0
2021-04-20 00:00:00-04:00,83.27999877929688,86.66999816894531,83.27999877929688,86.58000183105469,304700,0.0,0.0
2021-04-21 00:00:00-04:00,86.6500015258789,90.79000091552734,86.6500015258789,90.56999969482422,398500,0.0,0.0
2021-04-22 00:00:00-04:00,91.26000213623047,93.0999984741211,89.80999755859375,91.75,260200,0.0,0.0
2021-04-23 00:00:00-04:00,92.19000244140625,96.03500366210938,92.19000244140625,94.98999786376953,292500,0.0,0.0
2021-04-26 00:00:00-04:00,95.48999786376953,96.2300033569336,93.08999633789062,95.83999633789062,349900,0.0,0.0
2021-04-27 00:00:00-04:00,96.86000061035156,96.86000061035156,95.06500244140625,95.98999786376953,298400,0.0,0.0
2021-04-28 00:00:00-04:00,95.98999786376953,98.28500366210938,95.18000030517578,97.69999694824219,318600,0.0,0.0
2021-04-29 00:00:00-04:00,98.22000122070312,98.22000122070312,94.11000061035156,95.04000091552734,230900,0.0,0.0
2021-04-30 00:00:00-04:00,94.06999969482422,95.66000366210938,92.81999969482422,94.16000366210938,382900,0.0,0.0
2021-05-03 00:00:00-04:00,94.23999786376953,95.25,92.69000244140625,92.87000274658203,530000,0.0,0.0
2021-05-04 00:00:00-04:00,91.5,91.5,88.69999694824219,90.77999877929688,387900,0.0,0.0
2021-05-05 00:00:00-04:00,90.76000213623047,92.4800033569336,89.77999877929688,90.44000244140625,371900,0.0,0.0
2021-05-06 00:00:00-04:00,87.16999816894531,88.2699966430664,81.05999755859375,82.62999725341797,930100,0.0,0.0
2021-05-07 00:00:00-04:00,82.54000091552734,85.33499908447266,82.5,83.04000091552734,371700,0.0,0.0
2021-05-10 00:00:00-04:00,82.19000244140625,82.33000183105469,76.37000274658203,76.41000366210938,482500,0.0,0.0
2021-05-11 00:00:00-04:00,74.70999908447266,78.19999694824219,72.97000122070312,77.51000213623047,414500,0.0,0.0
2021-05-12 00:00:00-04:00,76.91000366210938,77.20999908447266,74.88999938964844,75.76000213623047,466600,0.0,0.0
2021-05-13 00:00:00-04:00,76.62999725341797,78.2300033569336,73.4000015258789,74.37999725341797,339600,0.0,0.0
2021-05-14 00:00:00-04:00,74.48999786376953,75.76000213623047,73.93000030517578,74.76000213623047,310000,0.0,0.0
2021-05-17 00:00:00-04:00,74.33000183105469,74.88500213623047,72.16999816894531,73.75,241500,0.0,0.0
2021-05-18 00:00:00-04:00,73.8499984741211,76.44999694824219,73.52999877929688,74.69999694824219,363500,0.0,0.0
2021-05-19 00:00:00-04:00,73.51000213623047,74.45999908447266,72.61000061035156,74.30000305175781,267300,0.0,0.0
2021-05-20 00:00:00-04:00,74.30000305175781,75.25,73.61000061035156,74.5,307400,0.0,0.0
2021-05-21 00:00:00-04:00,75.62000274658203,77.06999969482422,74.68000030517578,74.91999816894531,320800,0.0,0.0
2021-05-24 00:00:00-04:00,75.36000061035156,76.18000030517578,74.83999633789062,75.94999694824219,699300,0.0,0.0
2021-05-25 00:00:00-04:00,76.66999816894531,77.82499694824219,74.93000030517578,75.0,262700,0.0,0.0
2021-05-26 00:00:00-04:00,74.72000122070312,75.61000061035156,73.2699966430664,74.66000366210938,510300,0.0,0.0
2021-05-27 00:00:00-04:00,75.33999633789062,75.66000366210938,73.95999908447266,74.55000305175781,295300,0.0,0.0
2021-05-28 00:00:00-04:00,74.69999694824219,75.6500015258789,73.37999725341797,73.58000183105469,229300,0.0,0.0
2021-06-01 00:00:00-04:00,73.93000030517578,74.83000183105469,72.38999938964844,73.05999755859375,358900,0.0,0.0
2021-06-02 00:00:00-04:00,73.04000091552734,73.9800033569336,72.62999725341797,73.62000274658203,424200,0.0,0.0
2021-06-03 00:00:00-04:00,72.93000030517578,73.79000091552734,71.47000122070312,73.4800033569336,259800,0.0,0.0
2021-06-04 00:00:00-04:00,74.26000213623047,74.93000030517578,72.83999633789062,73.6500015258789,210000,0.0,0.0
2021-06-07 00:00:00-04:00,73.43000030517578,76.62000274658203,73.36900329589844,76.33999633789062,226700,0.0,0.0
2021-06-08 00:00:00-04:00,76.88999938964844,78.30000305175781,76.88999938964844,78.08000183105469,376300,0.0,0.0
2021-06-09 00:00:00-04:00,78.73999786376953,79.44000244140625,77.51000213623047,78.54000091552734,222700,0.0,0.0
2021-06-10 00:00:00-04:00,78.62000274658203,79.0999984741211,77.73999786376953,78.5199966430664,165300,0.0,0.0
2021-06-11 00:00:00-04:00,79.0199966430664,79.97000122070312,78.4800033569336,79.91000366210938,130400,0.0,0.0
2021-06-14 00:00:00-04:00,80.66000366210938,81.47000122070312,79.83999633789062,80.55000305175781,345300,0.0,0.0
2021-06-15 00:00:00-04:00,80.4800033569336,80.4800033569336,79.26000213623047,80.0199966430664,339000,0.0,0.0
2021-06-16 00:00:00-04:00,80.04000091552734,80.73999786376953,78.88999938964844,80.11000061035156,149000,0.0,0.0
2021-06-17 00:00:00-04:00,80.0,82.41000366210938,79.80999755859375,81.70999908447266,193900,0.0,0.0
2021-06-18 00:00:00-04:00,80.66000366210938,82.3499984741211,80.66000366210938,81.9000015258789,489700,0.0,0.0
2021-06-21 00:00:00-04:00,82.54000091552734,84.1500015258789,81.37999725341797,83.87999725341797,203700,0.0,0.0
2021-06-22 00:00:00-04:00,83.95999908447266,85.4800033569336,83.83999633789062,84.79000091552734,378200,0.0,0.0
2021-06-23 00:00:00-04:00,84.76000213623047,86.55000305175781,84.56500244140625,86.37000274658203,201000,0.0,0.0
2021-06-24 00:00:00-04:00,87.0,87.23999786376953,85.98999786376953,86.25,138000,0.0,0.0
2021-06-25 00:00:00-04:00,86.23999786376953,87.17500305175781,85.4000015258789,86.25,310000,0.0,0.0
2021-06-28 00:00:00-04:00,86.52999877929688,86.61499786376953,84.1500015258789,84.38999938964844,233700,0.0,0.0
2021-06-29 00:00:00-04:00,84.68000030517578,84.68000030517578,81.72000122070312,82.08000183105469,392000,0.0,0.0
2021-06-30 00:00:00-04:00,82.20999908447266,84.91999816894531,81.76000213623047,84.83000183105469,569400,0.0,0.0
2021-07-01 00:00:00-04:00,85.06999969482422,86.3499984741211,84.0199966430664,84.2300033569336,210300,0.0,0.0
2021-07-02 00:00:00-04:00,84.31999969482422,84.80999755859375,81.70999908447266,82.44999694824219,206400,0.0,0.0
2021-07-06 00:00:00-04:00,82.33000183105469,82.6500015258789,81.01000213623047,82.52999877929688,156400,0.0,0.0
2021-07-07 00:00:00-04:00,82.69999694824219,84.0999984741211,79.87999725341797,81.08000183105469,192600,0.0,0.0
2021-07-08 00:00:00-04:00,79.62000274658203,79.66999816894531,75.55999755859375,77.16999816894531,678900,0.0,0.0
2021-07-09 00:00:00-04:00,77.93000030517578,77.93000030517578,74.12000274658203,76.47000122070312,700400,0.0,0.0
2021-07-12 00:00:00-04:00,76.76000213623047,78.19999694824219,75.9800033569336,77.0,246200,0.0,0.0
2021-07-13 00:00:00-04:00,76.02999877929688,76.63999938964844,73.5,73.56999969482422,358800,0.0,0.0
2021-07-14 00:00:00-04:00,54.34000015258789,61.0,53.000999450683594,57.81999969482422,4003700,0.0,0.0
2021-07-15 00:00:00-04:00,57.209999084472656,57.209999084472656,54.051998138427734,56.029998779296875,2056800,0.0,0.0
2021-07-16 00:00:00-04:00,56.189998626708984,57.85599899291992,55.43000030517578,57.0099983215332,1697800,0.0,0.0
2021-07-19 00:00:00-04:00,56.38999938964844,57.52000045776367,55.5,56.310001373291016,700100,0.0,0.0
2021-07-20 00:00:00-04:00,50.40999984741211,50.474998474121094,46.5,47.93000030517578,3344900,0.0,0.0
2021-07-21 00:00:00-04:00,48.0,49.720001220703125,46.709999084472656,49.720001220703125,1453600,0.0,0.0
2021-07-22 00:00:00-04:00,50.29999923706055,50.72999954223633,49.654998779296875,50.0,417400,0.0,0.0
2021-07-23 00:00:00-04:00,49.88999938964844,50.39500045776367,48.880001068115234,49.91999816894531,309300,0.0,0.0
2021-07-26 00:00:00-04:00,48.939998626708984,48.94599914550781,47.88999938964844,47.97999954223633,362800,0.0,0.0
2021-07-27 00:00:00-04:00,47.81999969482422,48.54499816894531,46.31999969482422,48.20000076293945,738100,0.0,0.0
2021-07-28 00:00:00-04:00,48.720001220703125,49.7599983215332,48.5099983215332,49.15999984741211,756400,0.0,0.0
2021-07-29 00:00:00-04:00,49.56999969482422,50.15999984741211,48.47999954223633,49.45000076293945,799300,0.0,0.0
2021-07-30 00:00:00-04:00,49.63999938964844,51.790000915527344,49.36000061035156,51.0,605800,0.0,0.0
2021-08-02 00:00:00-04:00,51.189998626708984,52.150001525878906,50.310001373291016,51.0099983215332,409900,0.0,0.0
2021-08-03 00:00:00-04:00,50.90999984741211,51.44499969482422,49.07099914550781,49.40999984741211,562200,0.0,0.0
2021-08-04 00:00:00-04:00,49.40999984741211,50.9900016784668,49.029998779296875,49.15999984741211,281200,0.0,0.0
2021-08-05 00:00:00-04:00,49.15999984741211,51.58000183105469,48.75,50.959999084472656,809900,0.0,0.0
2021-08-06 00:00:00-04:00,48.70000076293945,51.20000076293945,46.84000015258789,51.02000045776367,1352000,0.0,0.0
2021-08-09 00:00:00-04:00,51.65999984741211,54.79999923706055,51.5,54.34000015258789,908800,0.0,0.0
2021-08-10 00:00:00-04:00,54.970001220703125,54.970001220703125,49.959999084472656,50.31999969482422,423200,0.0,0.0
2021-08-11 00:00:00-04:00,50.560001373291016,50.917999267578125,48.790000915527344,50.20000076293945,529600,0.0,0.0
2021-08-12 00:00:00-04:00,50.709999084472656,50.709999084472656,49.099998474121094,49.54999923706055,541100,0.0,0.0
2021-08-13 00:00:00-04:00,49.5,50.720001220703125,48.61000061035156,48.959999084472656,305800,0.0,0.0
2021-08-16 00:00:00-04:00,48.790000915527344,49.94499969482422,47.67499923706055,49.18000030517578,290800,0.0,0.0
2021-08-17 00:00:00-04:00,48.209999084472656,49.209999084472656,47.84000015258789,49.16999816894531,196300,0.0,0.0
2021-08-18 00:00:00-04:00,49.25,49.77000045776367,47.709999084472656,47.75,313400,0.0,0.0
2021-08-19 00:00:00-04:00,47.2400016784668,47.65999984741211,46.380001068115234,47.43000030517578,359900,0.0,0.0
2021-08-20 00:00:00-04:00,47.459999084472656,48.959999084472656,47.43000030517578,48.939998626708984,375600,0.0,0.0
2021-08-23 00:00:00-04:00,49.61000061035156,50.47999954223633,49.33000183105469,49.95000076293945,387800,0.0,0.0
2021-08-24 00:00:00-04:00,50.0,51.849998474121094,50.0,51.33000183105469,417200,0.0,0.0
2021-08-25 00:00:00-04:00,51.29999923706055,52.7400016784668,51.095001220703125,52.630001068115234,608600,0.0,0.0
2021-08-26 00:00:00-04:00,52.42499923706055,54.869998931884766,52.28499984741211,54.25,552000,0.0,0.0
2021-08-27 00:00:00-04:00,54.2400016784668,57.279998779296875,53.84000015258789,56.81999969482422,459100,0.0,0.0
2021-08-30 00:00:00-04:00,56.93000030517578,58.1349983215332,56.630001068115234,57.09000015258789,323300,0.0,0.0
2021-08-31 00:00:00-04:00,57.189998626708984,59.959999084472656,57.189998626708984,59.630001068115234,574500,0.0,0.0
2021-09-01 00:00:00-04:00,60.0,60.07500076293945,57.36000061035156,58.31999969482422,517400,0.0,0.0
2021-09-02 00:00:00-04:00,58.31999969482422,60.040000915527344,58.220001220703125,59.79999923706055,609600,0.0,0.0
2021-09-03 00:00:00-04:00,59.79999923706055,59.79999923706055,57.79999923706055,59.09000015258789,376500,0.0,0.0
2021-09-07 00:00:00-04:00,59.47999954223633,60.040000915527344,58.939998626708984,59.5,540800,0.0,0.0
2021-09-08 00:00:00-04:00,59.27000045776367,59.81999969482422,57.31999969482422,57.36000061035156,566500,0.0,0.0
2021-09-09 00:00:00-04:00,57.0099983215332,57.380001068115234,54.880001068115234,55.099998474121094,462600,0.0,0.0
2021-09-10 00:00:00-04:00,55.22999954223633,55.42499923706055,52.31999969482422,52.369998931884766,421300,0.0,0.0
2021-09-13 00:00:00-04:00,52.29999923706055,52.36000061035156,50.189998626708984,50.25,778300,0.0,0.0
2021-09-14 00:00:00-04:00,50.86000061035156,51.060001373291016,49.5,50.02000045776367,998600,0.0,0.0
2021-09-15 00:00:00-04:00,52.4900016784668,52.720001220703125,50.970001220703125,51.779998779296875,1115500,0.0,0.0
2021-09-16 00:00:00-04:00,51.63999938964844,53.15999984741211,51.400001525878906,52.83000183105469,1052200,0.0,0.0
2021-09-17 00:00:00-04:00,53.41999816894531,53.97999954223633,52.75,53.939998626708984,941600,0.0,0.0
2021-09-20 00:00:00-04:00,53.0,53.939998626708984,51.22999954223633,51.77000045776367,394500,0.0,0.0
2021-09-21 00:00:00-04:00,52.0,52.83000183105469,50.7599983215332,50.93000030517578,453000,0.0,0.0
2021-09-22 00:00:00-04:00,50.939998626708984,52.040000915527344,50.40999984741211,51.25,583700,0.0,0.0
2021-09-23 00:00:00-04:00,51.599998474121094,52.59299850463867,51.34000015258789,52.560001373291016,1072300,0.0,0.0
2021-09-24 00:00:00-04:00,52.06999969482422,52.599998474121094,50.5099983215332,50.599998474121094,446800,0.0,0.0
2021-09-27 00:00:00-04:00,50.599998474121094,51.369998931884766,49.959999084472656,50.619998931884766,494500,0.0,0.0
2021-09-28 00:00:00-04:00,50.599998474121094,50.599998474121094,49.36000061035156,49.970001220703125,542600,0.0,0.0
2021-09-29 00:00:00-04:00,50.11000061035156,50.54999923706055,48.45500183105469,48.790000915527344,316100,0.0,0.0
2021-09-30 00:00:00-04:00,49.040000915527344,49.540000915527344,48.0,48.16999816894531,404600,0.0,0.0
2021-10-01 00:00:00-04:00,48.439998626708984,49.09000015258789,47.0099983215332,48.5099983215332,584800,0.0,0.0
2021-10-04 00:00:00-04:00,48.0099983215332,48.0099983215332,45.5099983215332,46.13999938964844,355600,0.0,0.0
2021-10-05 00:00:00-04:00,45.88999938964844,46.86000061035156,45.88999938964844,46.349998474121094,454500,0.0,0.0
2021-10-06 00:00:00-04:00,45.77000045776367,46.43199920654297,45.5,45.689998626708984,323200,0.0,0.0
2021-10-07 00:00:00-04:00,45.90999984741211,46.79999923706055,45.72999954223633,45.95000076293945,609200,0.0,0.0
2021-10-08 00:00:00-04:00,46.0,46.22999954223633,45.11000061035156,45.15999984741211,336800,0.0,0.0
2021-10-11 00:00:00-04:00,44.93000030517578,45.88999938964844,44.369998931884766,44.66999816894531,2272700,0.0,0.0
2021-10-12 00:00:00-04:00,44.63999938964844,47.650001525878906,44.63999938964844,47.25,2107700,0.0,0.0
2021-10-13 00:00:00-04:00,47.869998931884766,48.0,46.25,47.0,771200,0.0,0.0
2021-10-14 00:00:00-04:00,46.439998626708984,47.65999984741211,46.38999938964844,47.20000076293945,355700,0.0,0.0
2021-10-15 00:00:00-04:00,48.2599983215332,48.2599983215332,44.77000045776367,44.81999969482422,515100,0.0,0.0
2021-10-18 00:00:00-04:00,44.59000015258789,45.560001373291016,43.709999084472656,45.369998931884766,416200,0.0,0.0
2021-10-19 00:00:00-04:00,45.720001220703125,46.650001525878906,45.54999923706055,45.93000030517578,374300,0.0,0.0
2021-10-20 00:00:00-04:00,45.755001068115234,46.415000915527344,45.220001220703125,46.27000045776367,233900,0.0,0.0
2021-10-21 00:00:00-04:00,46.220001220703125,46.70000076293945,45.40999984741211,45.779998779296875,237600,0.0,0.0
2021-10-22 00:00:00-04:00,45.540000915527344,45.540000915527344,44.70000076293945,44.90999984741211,254800,0.0,0.0
2021-10-25 00:00:00-04:00,44.84000015258789,45.709999084472656,44.52000045776367,45.02000045776367,210200,0.0,0.0
2021-10-26 00:00:00-04:00,45.20000076293945,45.27000045776367,44.209999084472656,44.279998779296875,306900,0.0,0.0
2021-10-27 00:00:00-04:00,44.0,44.099998474121094,42.685001373291016,42.779998779296875,222000,0.0,0.0
2021-10-28 00:00:00-04:00,43.150001525878906,45.810001373291016,43.0,45.75,547900,0.0,0.0
2021-10-29 00:00:00-04:00,45.5,46.029998779296875,44.9640007019043,45.709999084472656,279800,0.0,0.0
2021-11-01 00:00:00-04:00,46.029998779296875,47.97999954223633,45.720001220703125,46.38999938964844,556500,0.0,0.0
2021-11-02 00:00:00-04:00,46.400001525878906,46.400001525878906,44.75,45.060001373291016,397300,0.0,0.0
2021-11-03 00:00:00-04:00,56.5,58.290000915527344,50.895999908447266,53.459999084472656,3736300,0.0,0.0
2021-11-04 00:00:00-04:00,53.2599983215332,56.599998474121094,53.2599983215332,55.0099983215332,1154600,0.0,0.0
2021-11-05 00:00:00-04:00,54.310001373291016,57.59000015258789,52.290000915527344,56.9900016784668,590900,0.0,0.0
2021-11-08 00:00:00-05:00,56.9900016784668,57.26900100708008,52.91999816894531,53.75,739700,0.0,0.0
2021-11-09 00:00:00-05:00,53.52000045776367,54.31999969482422,52.0,52.06999969482422,497100,0.0,0.0
2021-11-10 00:00:00-05:00,51.849998474121094,52.540000915527344,50.5,50.70000076293945,424900,0.0,0.0
2021-11-11 00:00:00-05:00,50.5,51.63999938964844,50.459999084472656,51.310001373291016,325500,0.0,0.0
2021-11-12 00:00:00-05:00,51.68000030517578,52.4900016784668,50.70000076293945,50.70000076293945,392300,0.0,0.0
2021-11-15 00:00:00-05:00,50.9900016784668,50.9900016784668,48.959999084472656,49.0,903600,0.0,0.0
2021-11-16 00:00:00-05:00,48.959999084472656,50.54999923706055,48.65299987792969,50.11000061035156,520800,0.0,0.0
2021-11-17 00:00:00-05:00,49.7400016784668,49.779998779296875,48.61000061035156,49.66999816894531,356500,0.0,0.0
2021-11-18 00:00:00-05:00,49.66999816894531,50.2400016784668,46.810001373291016,47.20000076293945,671300,0.0,0.0
2021-11-19 00:00:00-05:00,47.15999984741211,48.27000045776367,46.650001525878906,48.11000061035156,342200,0.0,0.0
2021-11-22 00:00:00-05:00,48.720001220703125,49.04999923706055,46.970001220703125,46.970001220703125,305700,0.0,0.0
2021-11-23 00:00:00-05:00,46.56999969482422,47.22999954223633,45.38199996948242,46.66999816894531,389100,0.0,0.0
2021-11-24 00:00:00-05:00,46.130001068115234,49.0099983215332,45.970001220703125,48.540000915527344,996300,0.0,0.0
2021-11-26 00:00:00-05:00,47.279998779296875,47.90999984741211,44.790000915527344,45.5,351400,0.0,0.0
2021-11-29 00:00:00-05:00,45.95000076293945,46.290000915527344,43.875,44.0099983215332,375000,0.0,0.0
2021-11-30 00:00:00-05:00,43.81999969482422,44.099998474121094,41.93000030517578,43.029998779296875,394200,0.0,0.0
2021-12-01 00:00:00-05:00,44.0,44.40999984741211,41.56999969482422,41.72999954223633,471400,0.0,0.0
2021-12-02 00:00:00-05:00,41.9900016784668,43.20000076293945,41.400001525878906,41.59000015258789,521500,0.0,0.0
2021-12-03 00:00:00-05:00,41.65999984741211,41.65999984741211,39.349998474121094,40.27000045776367,471200,0.0,0.0
2021-12-06 00:00:00-05:00,40.400001525878906,42.150001525878906,39.41999816894531,41.45000076293945,305700,0.0,0.0
2021-12-07 00:00:00-05:00,42.58000183105469,44.099998474121094,42.23699951171875,43.380001068115234,368900,0.0,0.0
2021-12-08 00:00:00-05:00,43.72999954223633,44.61000061035156,43.345001220703125,44.060001373291016,414800,0.0,0.0
2021-12-09 00:00:00-05:00,43.5,44.439998626708984,42.369998931884766,42.61000061035156,383400,0.0,0.0
2021-12-10 00:00:00-05:00,43.0,43.36000061035156,40.85499954223633,41.290000915527344,303800,0.0,0.0
2021-12-13 00:00:00-05:00,41.060001373291016,42.125999450683594,40.63999938964844,41.130001068115234,414200,0.0,0.0
2021-12-14 00:00:00-05:00,41.0,43.29999923706055,40.650001525878906,43.2599983215332,1012700,0.0,0.0
2021-12-15 00:00:00-05:00,42.93000030517578,44.04999923706055,42.060001373291016,44.0099983215332,556300,0.0,0.0
2021-12-16 00:00:00-05:00,44.54999923706055,44.689998626708984,41.220001220703125,41.93000030517578,675900,0.0,0.0
2021-12-17 00:00:00-05:00,41.97999954223633,43.81999969482422,41.380001068115234,43.779998779296875,1105600,0.0,0.0
2021-12-20 00:00:00-05:00,42.810001373291016,43.349998474121094,40.7599983215332,42.900001525878906,508400,0.0,0.0
2021-12-21 00:00:00-05:00,43.25,44.95000076293945,43.13999938964844,44.83000183105469,380800,0.0,0.0
2021-12-22 00:00:00-05:00,44.75,45.68000030517578,44.0,45.650001525878906,432600,0.0,0.0
2021-12-23 00:00:00-05:00,46.04999923706055,47.41999816894531,45.2400016784668,46.79999923706055,489400,0.0,0.0
2021-12-27 00:00:00-05:00,46.90999984741211,47.06999969482422,45.52000045776367,46.310001373291016,330900,0.0,0.0
2021-12-28 00:00:00-05:00,46.189998626708984,46.63999938964844,45.43000030517578,45.939998626708984,334600,0.0,0.0
2021-12-29 00:00:00-05:00,45.869998931884766,46.72999954223633,45.44499969482422,46.029998779296875,324100,0.0,0.0
2021-12-30 00:00:00-05:00,45.810001373291016,46.75899887084961,45.369998931884766,45.84000015258789,248800,0.0,0.0
2021-12-31 00:00:00-05:00,45.630001068115234,46.279998779296875,44.34000015258789,44.439998626708984,221100,0.0,0.0
2022-01-03 00:00:00-05:00,44.939998626708984,47.540000915527344,44.22999954223633,47.41999816894531,423000,0.0,0.0
2022-01-04 00:00:00-05:00,47.5,48.0,45.869998931884766,46.540000915527344,244500,0.0,0.0
2022-01-05 00:00:00-05:00,46.58000183105469,47.72999954223633,44.05500030517578,44.33000183105469,457900,0.0,0.0
2022-01-06 00:00:00-05:00,44.689998626708984,46.099998474121094,43.095001220703125,45.34000015258789,450700,0.0,0.0
2022-01-07 00:00:00-05:00,45.790000915527344,48.869998931884766,45.70000076293945,47.54999923706055,773800,0.0,0.0
2022-01-10 00:00:00-05:00,46.880001068115234,48.95000076293945,46.0620002746582,48.150001525878906,626600,0.0,0.0
2022-01-11 00:00:00-05:00,48.150001525878906,53.86000061035156,47.5099983215332,53.34000015258789,1013100,0.0,0.0
2022-01-12 00:00:00-05:00,53.34000015258789,53.79999923706055,50.189998626708984,50.58000183105469,690600,0.0,0.0
2022-01-13 00:00:00-05:00,50.9900016784668,53.060001373291016,49.91999816894531,51.95000076293945,593400,0.0,0.0
2022-01-14 00:00:00-05:00,50.54999923706055,53.849998474121094,50.0,53.70000076293945,413800,0.0,0.0
2022-01-18 00:00:00-05:00,54.88999938964844,54.95000076293945,51.220001220703125,51.849998474121094,965300,0.0,0.0
2022-01-19 00:00:00-05:00,52.900001525878906,53.4900016784668,51.599998474121094,51.7599983215332,542200,0.0,0.0
2022-01-20 00:00:00-05:00,52.31999969482422,55.869998931884766,52.23500061035156,53.20000076293945,470500,0.0,0.0
2022-01-21 00:00:00-05:00,53.0099983215332,53.529998779296875,50.68000030517578,51.380001068115234,482200,0.0,0.0
2022-01-24 00:00:00-05:00,50.2599983215332,51.939998626708984,47.900001525878906,51.15999984741211,574500,0.0,0.0
2022-01-25 00:00:00-05:00,49.93000030517578,51.56999969482422,49.5,50.529998779296875,635700,0.0,0.0
2022-01-26 00:00:00-05:00,51.619998931884766,51.83000183105469,48.380001068115234,48.83000183105469,447800,0.0,0.0
2022-01-27 00:00:00-05:00,49.16999816894531,50.83000183105469,48.16999816894531,48.54999923706055,753600,0.0,0.0
2022-01-28 00:00:00-05:00,48.22999954223633,51.619998931884766,47.185001373291016,51.59000015258789,431400,0.0,0.0
2022-01-31 00:00:00-05:00,50.97999954223633,53.27000045776367,50.720001220703125,53.2400016784668,436000,0.0,0.0
2022-02-01 00:00:00-05:00,53.25,54.40999984741211,51.81999969482422,54.349998474121094,283300,0.0,0.0
2022-02-02 00:00:00-05:00,54.529998779296875,54.65999984741211,52.060001373291016,52.900001525878906,1492600,0.0,0.0
2022-02-03 00:00:00-05:00,52.91999816894531,54.88999938964844,52.880001068115234,53.5,414600,0.0,0.0
2022-02-04 00:00:00-05:00,53.560001373291016,54.55500030517578,52.33000183105469,54.13999938964844,320400,0.0,0.0
2022-02-07 00:00:00-05:00,54.0,56.38999938964844,54.0,54.900001525878906,289900,0.0,0.0
2022-02-08 00:00:00-05:00,54.56999969482422,56.44499969482422,53.86000061035156,56.040000915527344,272700,0.0,0.0
2022-02-09 00:00:00-05:00,56.279998779296875,57.18000030517578,55.9900016784668,56.77000045776367,255900,0.0,0.0
2022-02-10 00:00:00-05:00,55.619998931884766,57.529998779296875,55.13100051879883,55.83000183105469,298700,0.0,0.0
2022-02-11 00:00:00-05:00,55.86000061035156,57.33000183105469,54.189998626708984,54.97999954223633,269800,0.0,0.0
2022-02-14 00:00:00-05:00,54.81999969482422,56.150001525878906,53.63999938964844,53.79999923706055,270600,0.0,0.0
2022-02-15 00:00:00-05:00,54.2400016784668,56.16999816894531,54.2400016784668,55.5,298100,0.0,0.0
2022-02-16 00:00:00-05:00,55.5,56.2599983215332,53.875,55.22999954223633,477100,0.0,0.0
2022-02-17 00:00:00-05:00,54.709999084472656,54.709999084472656,51.63999938964844,52.25,333500,0.0,0.0
2022-02-18 00:00:00-05:00,51.68000030517578,52.630001068115234,49.18000030517578,50.02000045776367,502900,0.0,0.0
2022-02-22 00:00:00-05:00,49.7599983215332,51.33000183105469,48.185001373291016,49.06999969482422,612200,0.0,0.0
2022-02-23 00:00:00-05:00,49.06999969482422,53.970001220703125,47.150001525878906,50.959999084472656,829200,0.0,0.0
2022-02-24 00:00:00-05:00,48.459999084472656,54.470001220703125,48.15999984741211,54.25,478800,0.0,0.0
2022-02-25 00:00:00-05:00,54.38999938964844,54.900001525878906,53.130001068115234,54.849998474121094,239700,0.0,0.0
2022-02-28 00:00:00-05:00,54.36000061035156,55.849998474121094,54.29999923706055,55.310001373291016,312300,0.0,0.0
2022-03-01 00:00:00-05:00,54.95000076293945,56.369998931884766,54.40999984741211,55.0099983215332,284000,0.0,0.0
2022-03-02 00:00:00-05:00,54.59000015258789,55.47999954223633,53.91999816894531,54.72999954223633,248100,0.0,0.0
2022-03-03 00:00:00-05:00,55.2400016784668,55.5099983215332,53.150001525878906,53.58000183105469,255900,0.0,0.0
2022-03-04 00:00:00-05:00,52.810001373291016,54.959999084472656,52.22999954223633,54.34000015258789,294000,0.0,0.0
2022-03-07 00:00:00-05:00,54.709999084472656,55.525001525878906,53.11000061035156,55.15999984741211,426800,0.0,0.0
2022-03-08 00:00:00-05:00,54.81999969482422,55.7400016784668,52.95500183105469,53.09000015258789,366300,0.0,0.0
2022-03-09 00:00:00-05:00,53.93000030517578,55.43899917602539,53.349998474121094,53.84000015258789,368500,0.0,0.0
2022-03-10 00:00:00-05:00,52.77000045776367,54.380001068115234,52.029998779296875,54.290000915527344,260000,0.0,0.0
2022-03-11 00:00:00-05:00,54.5,54.650001525878906,50.40999984741211,50.65999984741211,295000,0.0,0.0
2022-03-14 00:00:00-04:00,50.400001525878906,51.72999954223633,47.91999816894531,48.59000015258789,414400,0.0,0.0
2022-03-15 00:00:00-04:00,48.900001525878906,49.970001220703125,48.33000183105469,49.47999954223633,330400,0.0,0.0
2022-03-16 00:00:00-04:00,50.16999816894531,53.58000183105469,50.08000183105469,53.43000030517578,458800,0.0,0.0
2022-03-17 00:00:00-04:00,52.91999816894531,55.7400016784668,52.91999816894531,55.459999084472656,202100,0.0,0.0
2022-03-18 00:00:00-04:00,55.540000915527344,56.970001220703125,55.119998931884766,55.59000015258789,549600,0.0,0.0
2022-03-21 00:00:00-04:00,55.209999084472656,56.0,54.314998626708984,54.97999954223633,169600,0.0,0.0
2022-03-22 00:00:00-04:00,54.66999816894531,56.90999984741211,54.66999816894531,56.31999969482422,226100,0.0,0.0
2022-03-23 00:00:00-04:00,56.0,56.2400016784668,54.09000015258789,55.060001373291016,204000,0.0,0.0
2022-03-24 00:00:00-04:00,55.459999084472656,55.459999084472656,53.65999984741211,55.18000030517578,189600,0.0,0.0
2022-03-25 00:00:00-04:00,55.52000045776367,57.20000076293945,54.97999954223633,56.619998931884766,279900,0.0,0.0
2022-03-28 00:00:00-04:00,56.630001068115234,58.470001220703125,55.65999984741211,56.459999084472656,266200,0.0,0.0
2022-03-29 00:00:00-04:00,57.349998474121094,58.13999938964844,56.650001525878906,57.75,274700,0.0,0.0
2022-03-30 00:00:00-04:00,57.849998474121094,58.459999084472656,56.941001892089844,57.310001373291016,235300,0.0,0.0
2022-03-31 00:00:00-04:00,57.0,59.68000030517578,57.0,57.81999969482422,469500,0.0,0.0
2022-04-01 00:00:00-04:00,58.0,60.84000015258789,57.5,60.779998779296875,573800,0.0,0.0
2022-04-04 00:00:00-04:00,60.72999954223633,62.060001373291016,59.46500015258789,61.900001525878906,463200,0.0,0.0
2022-04-05 00:00:00-04:00,62.220001220703125,62.66999816894531,59.34000015258789,61.369998931884766,532100,0.0,0.0
2022-04-06 00:00:00-04:00,60.33000183105469,60.95000076293945,59.36000061035156,60.470001220703125,640500,0.0,0.0
2022-04-07 00:00:00-04:00,60.40999984741211,62.5099983215332,60.40999984741211,61.7400016784668,510200,0.0,0.0
2022-04-08 00:00:00-04:00,60.939998626708984,64.48999786376953,60.939998626708984,63.77000045776367,912700,0.0,0.0
2022-04-11 00:00:00-04:00,63.209999084472656,64.31999969482422,61.95000076293945,62.18000030517578,702100,0.0,0.0
2022-04-12 00:00:00-04:00,62.779998779296875,63.20000076293945,60.56999969482422,60.59000015258789,513700,0.0,0.0
2022-04-13 00:00:00-04:00,60.599998474121094,62.08000183105469,60.38999938964844,61.27000045776367,292700,0.0,0.0
2022-04-14 00:00:00-04:00,61.86000061035156,61.86000061035156,59.724998474121094,60.97999954223633,403200,0.0,0.0
2022-04-18 00:00:00-04:00,61.4900016784668,61.81999969482422,58.689998626708984,59.2599983215332,302500,0.0,0.0
2022-04-19 00:00:00-04:00,59.349998474121094,62.58000183105469,59.349998474121094,60.9900016784668,353700,0.0,0.0
2022-04-20 00:00:00-04:00,61.33000183105469,61.845001220703125,59.959999084472656,61.2599983215332,233000,0.0,0.0
2022-04-21 00:00:00-04:00,61.86000061035156,61.86000061035156,59.849998474121094,59.95000076293945,201100,0.0,0.0
2022-04-22 00:00:00-04:00,59.59000015258789,60.0099983215332,55.58000183105469,57.0,332500,0.0,0.0
2022-04-25 00:00:00-04:00,57.0,57.439998626708984,54.88999938964844,55.16999816894531,694500,0.0,0.0
2022-04-26 00:00:00-04:00,54.380001068115234,55.189998626708984,52.220001220703125,52.93000030517578,977700,0.0,0.0
2022-04-27 00:00:00-04:00,52.70000076293945,53.400001525878906,46.75,47.0099983215332,1152600,0.0,0.0
2022-04-28 00:00:00-04:00,47.08000183105469,48.15999984741211,45.68000030517578,48.15999984741211,862000,0.0,0.0
2022-04-29 00:00:00-04:00,47.61000061035156,48.90999984741211,46.68000030517578,47.290000915527344,721300,0.0,0.0
2022-05-02 00:00:00-04:00,47.61000061035156,48.20000076293945,46.72999954223633,48.040000915527344,551200,0.0,0.0
2022-05-03 00:00:00-04:00,48.380001068115234,49.01499938964844,47.470001220703125,48.310001373291016,456400,0.0,0.0
2022-05-04 00:00:00-04:00,47.70000076293945,48.10499954223633,44.95000076293945,47.5099983215332,652100,0.0,0.0
2022-05-05 00:00:00-04:00,46.27000045776367,47.400001525878906,43.029998779296875,44.90999984741211,1043700,0.0,0.0
2022-05-06 00:00:00-04:00,44.810001373291016,44.810001373291016,41.27000045776367,41.349998474121094,952800,0.0,0.0
2022-05-09 00:00:00-04:00,40.68000030517578,40.775001525878906,34.814998626708984,35.209999084472656,1313600,0.0,0.0
2022-05-10 00:00:00-04:00,35.849998474121094,36.63999938964844,33.33000183105469,36.41999816894531,951100,0.0,0.0
2022-05-11 00:00:00-04:00,36.959999084472656,37.9900016784668,34.7599983215332,34.86000061035156,895100,0.0,0.0
2022-05-12 00:00:00-04:00,34.779998779296875,36.310001373291016,34.209999084472656,35.16999816894531,423400,0.0,0.0
2022-05-13 00:00:00-04:00,35.790000915527344,39.040000915527344,35.75,38.630001068115234,551400,0.0,0.0
2022-05-16 00:00:00-04:00,38.58000183105469,39.79999923706055,38.13999938964844,38.369998931884766,428800,0.0,0.0
2022-05-17 00:00:00-04:00,38.560001373291016,41.45000076293945,38.560001373291016,40.869998931884766,561500,0.0,0.0
2022-05-18 00:00:00-04:00,39.86000061035156,40.560001373291016,38.7599983215332,39.119998931884766,510500,0.0,0.0
2022-05-19 00:00:00-04:00,38.720001220703125,39.939998626708984,38.439998626708984,39.029998779296875,395400,0.0,0.0
2022-05-20 00:00:00-04:00,39.810001373291016,40.58000183105469,38.439998626708984,39.34000015258789,380700,0.0,0.0
2022-05-23 00:00:00-04:00,39.65999984741211,40.86000061035156,38.48500061035156,40.45000076293945,385200,0.0,0.0
2022-05-24 00:00:00-04:00,40.0,40.19499969482422,38.50199890136719,38.939998626708984,407800,0.0,0.0
2022-05-25 00:00:00-04:00,38.70000076293945,40.029998779296875,38.60100173950195,39.83000183105469,262200,0.0,0.0
2022-05-26 00:00:00-04:00,40.18000030517578,41.33000183105469,40.0,40.650001525878906,199800,0.0,0.0
2022-05-27 00:00:00-04:00,41.20000076293945,42.0,40.68000030517578,41.599998474121094,218200,0.0,0.0
2022-05-31 00:00:00-04:00,41.5,41.88999938964844,40.130001068115234,40.83000183105469,381700,0.0,0.0
2022-06-01 00:00:00-04:00,41.34000015258789,41.79999923706055,39.5099983215332,40.9900016784668,306500,0.0,0.0
2022-06-02 00:00:00-04:00,41.2400016784668,43.77000045776367,40.650001525878906,43.540000915527344,325000,0.0,0.0
2022-06-03 00:00:00-04:00,42.959999084472656,43.2400016784668,41.64500045776367,42.880001068115234,288500,0.0,0.0
2022-06-06 00:00:00-04:00,43.4900016784668,44.459999084472656,42.83000183105469,43.61000061035156,326800,0.0,0.0
2022-06-07 00:00:00-04:00,42.79999923706055,45.369998931884766,42.79999923706055,45.31999969482422,363300,0.0,0.0
2022-06-08 00:00:00-04:00,44.790000915527344,46.9900016784668,44.790000915527344,45.72999954223633,325300,0.0,0.0
2022-06-09 00:00:00-04:00,45.08000183105469,46.2400016784668,43.63999938964844,43.75,401400,0.0,0.0
2022-06-10 00:00:00-04:00,42.83000183105469,44.13999938964844,42.54999923706055,43.81999969482422,470500,0.0,0.0
2022-06-13 00:00:00-04:00,42.09000015258789,43.83000183105469,41.41999816894531,43.16999816894531,510500,0.0,0.0
2022-06-14 00:00:00-04:00,43.0,44.2400016784668,41.529998779296875,42.06999969482422,467600,0.0,0.0
2022-06-15 00:00:00-04:00,42.529998779296875,45.334999084472656,42.474998474121094,44.09000015258789,408300,0.0,0.0
2022-06-16 00:00:00-04:00,42.81999969482422,42.81999969482422,41.2400016784668,42.220001220703125,428100,0.0,0.0
2022-06-17 00:00:00-04:00,42.810001373291016,45.36000061035156,42.810001373291016,43.4900016784668,595400,0.0,0.0
2022-06-21 00:00:00-04:00,44.75,44.79999923706055,43.20000076293945,43.25,323600,0.0,0.0
2022-06-22 00:00:00-04:00,42.369998931884766,44.25,42.23500061035156,43.939998626708984,325100,0.0,0.0
2022-06-23 00:00:00-04:00,44.189998626708984,46.119998931884766,44.15999984741211,45.15999984741211,458100,0.0,0.0
2022-06-24 00:00:00-04:00,45.83000183105469,47.5,45.3650016784668,47.2599983215332,681200,0.0,0.0
2022-06-27 00:00:00-04:00,47.61000061035156,48.91999816894531,46.80500030517578,47.650001525878906,317500,0.0,0.0
2022-06-28 00:00:00-04:00,47.59000015258789,48.369998931884766,45.529998779296875,45.61000061035156,273000,0.0,0.0
2022-06-29 00:00:00-04:00,45.459999084472656,45.779998779296875,44.70000076293945,45.75,344200,0.0,0.0
2022-06-30 00:00:00-04:00,44.9900016784668,45.689998626708984,43.560001373291016,45.41999816894531,418200,0.0,0.0
2022-07-01 00:00:00-04:00,45.279998779296875,47.75,45.11000061035156,47.65999984741211,278100,0.0,0.0
2022-07-05 00:00:00-04:00,46.630001068115234,47.61000061035156,45.790000915527344,47.36000061035156,468700,0.0,0.0
2022-07-06 00:00:00-04:00,47.33000183105469,47.790000915527344,46.650001525878906,46.84000015258789,188000,0.0,0.0
2022-07-07 00:00:00-04:00,47.0,48.16999816894531,46.9900016784668,47.369998931884766,420300,0.0,0.0
2022-07-08 00:00:00-04:00,46.29999923706055,49.529998779296875,46.0099983215332,48.83000183105469,576600,0.0,0.0
2022-07-11 00:00:00-04:00,48.22999954223633,48.41999816894531,45.834999084472656,47.060001373291016,459200,0.0,0.0
2022-07-12 00:00:00-04:00,49.58000183105469,51.150001525878906,47.310001373291016,48.41999816894531,1056700,0.0,0.0
2022-07-13 00:00:00-04:00,47.630001068115234,49.27000045776367,47.11000061035156,48.66999816894531,257800,0.0,0.0
2022-07-14 00:00:00-04:00,47.869998931884766,49.224998474121094,47.810001373291016,49.099998474121094,161300,0.0,0.0
2022-07-15 00:00:00-04:00,49.970001220703125,50.43000030517578,48.970001220703125,50.41999816894531,352700,0.0,0.0
2022-07-18 00:00:00-04:00,51.38999938964844,51.880001068115234,48.7400016784668,49.18000030517578,284700,0.0,0.0
2022-07-19 00:00:00-04:00,49.88999938964844,50.959999084472656,49.540000915527344,50.2400016784668,379800,0.0,0.0
2022-07-20 00:00:00-04:00,50.36000061035156,51.07500076293945,49.779998779296875,50.09000015258789,474900,0.0,0.0
2022-07-21 00:00:00-04:00,50.189998626708984,51.05500030517578,49.77000045776367,50.58000183105469,506100,0.0,0.0
2022-07-22 00:00:00-04:00,50.41999816894531,51.11000061035156,48.65999984741211,49.9900016784668,453400,0.0,0.0
2022-07-25 00:00:00-04:00,49.9900016784668,51.56999969482422,49.47999954223633,51.029998779296875,432400,0.0,0.0
2022-07-26 00:00:00-04:00,50.95000076293945,51.7400016784668,49.67499923706055,50.95000076293945,419800,0.0,0.0
2022-07-27 00:00:00-04:00,51.029998779296875,52.90999984741211,50.9900016784668,52.61000061035156,223200,0.0,0.0
2022-07-28 00:00:00-04:00,53.029998779296875,54.08000183105469,52.09000015258789,53.70000076293945,314800,0.0,0.0
2022-07-29 00:00:00-04:00,53.130001068115234,54.06999969482422,52.7400016784668,53.849998474121094,540300,0.0,0.0
2022-08-01 00:00:00-04:00,53.47999954223633,55.099998474121094,52.790000915527344,52.84000015258789,472100,0.0,0.0
2022-08-02 00:00:00-04:00,52.4900016784668,53.880001068115234,52.19900131225586,53.27000045776367,849900,0.0,0.0
2022-08-03 00:00:00-04:00,54.209999084472656,54.38999938964844,53.125,53.349998474121094,598300,0.0,0.0
2022-08-04 00:00:00-04:00,53.0,54.25,50.099998474121094,53.5,1331500,0.0,0.0
2022-08-05 00:00:00-04:00,51.630001068115234,53.435001373291016,51.630001068115234,52.97999954223633,635700,0.0,0.0
2022-08-08 00:00:00-04:00,53.02000045776367,54.14500045776367,51.84000015258789,52.33000183105469,392800,0.0,0.0
2022-08-09 00:00:00-04:00,51.65999984741211,52.52000045776367,49.91999816894531,50.06999969482422,409500,0.0,0.0
2022-08-10 00:00:00-04:00,50.939998626708984,51.33000183105469,48.9900016784668,50.369998931884766,671500,0.0,0.0
2022-08-11 00:00:00-04:00,50.400001525878906,51.43000030517578,49.88999938964844,50.0,637400,0.0,0.0
2022-08-12 00:00:00-04:00,50.16999816894531,50.88999938964844,50.0,50.380001068115234,420900,0.0,0.0
2022-08-15 00:00:00-04:00,49.79999923706055,53.119998931884766,49.79999923706055,52.72999954223633,676400,0.0,0.0
2022-08-16 00:00:00-04:00,52.529998779296875,53.060001373291016,51.08000183105469,52.7599983215332,530700,0.0,0.0
2022-08-17 00:00:00-04:00,52.349998474121094,52.42399978637695,50.619998931884766,51.09000015258789,615400,0.0,0.0
2022-08-18 00:00:00-04:00,50.54999923706055,51.25,49.900001525878906,51.119998931884766,398900,0.0,0.0
2022-08-19 00:00:00-04:00,50.72999954223633,50.72999954223633,49.25,50.08000183105469,392000,0.0,0.0
2022-08-22 00:00:00-04:00,49.290000915527344,50.11000061035156,48.810001373291016,49.04999923706055,243200,0.0,0.0
2022-08-23 00:00:00-04:00,49.5099983215332,49.7599983215332,48.439998626708984,49.40999984741211,260300,0.0,0.0
2022-08-24 00:00:00-04:00,50.290000915527344,52.68000030517578,49.26900100708008,52.0,628200,0.0,0.0
2022-08-25 00:00:00-04:00,52.81999969482422,52.84000015258789,52.040000915527344,52.59000015258789,349400,0.0,0.0
2022-08-26 00:00:00-04:00,52.310001373291016,52.58000183105469,49.47999954223633,49.88999938964844,550400,0.0,0.0
2022-08-29 00:00:00-04:00,49.13999938964844,49.310001373291016,47.81999969482422,48.0,276600,0.0,0.0
2022-08-30 00:00:00-04:00,48.25,48.54499816894531,47.7599983215332,48.029998779296875,381100,0.0,0.0
2022-08-31 00:00:00-04:00,48.68000030517578,49.165000915527344,48.02000045776367,48.54999923706055,260000,0.0,0.0
2022-09-01 00:00:00-04:00,48.209999084472656,48.91999816894531,46.900001525878906,48.84000015258789,372500,0.0,0.0
2022-09-02 00:00:00-04:00,49.59000015258789,50.900001525878906,48.41999816894531,48.83000183105469,650900,0.0,0.0
2022-09-06 00:00:00-04:00,49.20000076293945,49.20000076293945,47.630001068115234,48.099998474121094,334400,0.0,0.0
2022-09-07 00:00:00-04:00,52.7599983215332,60.91999816894531,51.4900016784668,57.0099983215332,4560500,0.0,0.0
2022-09-08 00:00:00-04:00,56.439998626708984,59.599998474121094,56.439998626708984,58.380001068115234,1106900,0.0,0.0
2022-09-09 00:00:00-04:00,58.369998931884766,58.529998779296875,55.86000061035156,56.29999923706055,1291100,0.0,0.0
2022-09-12 00:00:00-04:00,56.599998474121094,58.81999969482422,56.599998474121094,58.4900016784668,628600,0.0,0.0
2022-09-13 00:00:00-04:00,56.189998626708984,57.345001220703125,55.779998779296875,56.27000045776367,475000,0.0,0.0
2022-09-14 00:00:00-04:00,56.25,56.84000015258789,55.279998779296875,56.83000183105469,683600,0.0,0.0
2022-09-15 00:00:00-04:00,56.9900016784668,57.290000915527344,56.119998931884766,56.84000015258789,538100,0.0,0.0
2022-09-16 00:00:00-04:00,55.91999816894531,57.709999084472656,55.33000183105469,57.66999816894531,905700,0.0,0.0
2022-09-19 00:00:00-04:00,56.68000030517578,57.369998931884766,55.099998474121094,57.040000915527344,446100,0.0,0.0
2022-09-20 00:00:00-04:00,56.95000076293945,57.040000915527344,55.5,56.2400016784668,724900,0.0,0.0
2022-09-21 00:00:00-04:00,56.369998931884766,56.9900016784668,54.279998779296875,54.63999938964844,408200,0.0,0.0
2022-09-22 00:00:00-04:00,54.08000183105469,54.08000183105469,50.16999816894531,51.369998931884766,671400,0.0,0.0
2022-09-23 00:00:00-04:00,50.4900016784668,50.81999969482422,49.38999938964844,50.38999938964844,436100,0.0,0.0
2022-09-26 00:00:00-04:00,49.900001525878906,51.3849983215332,49.689998626708984,50.25,382200,0.0,0.0
2022-09-27 00:00:00-04:00,51.11000061035156,52.025001525878906,50.470001220703125,51.11000061035156,364000,0.0,0.0
2022-09-28 00:00:00-04:00,51.470001220703125,53.470001220703125,51.33000183105469,53.0099983215332,309900,0.0,0.0
2022-09-29 00:00:00-04:00,52.040000915527344,54.08000183105469,51.61000061035156,53.529998779296875,591700,0.0,0.0
2022-09-30 00:00:00-04:00,53.599998474121094,55.91999816894531,53.22999954223633,53.2400016784668,483800,0.0,0.0
2022-10-03 00:00:00-04:00,53.900001525878906,54.95000076293945,52.81999969482422,53.060001373291016,387400,0.0,0.0
2022-10-04 00:00:00-04:00,55.790000915527344,56.880001068115234,55.54999923706055,56.36000061035156,349800,0.0,0.0
2022-10-05 00:00:00-04:00,55.56999969482422,57.2400016784668,55.08000183105469,56.900001525878906,331300,0.0,0.0
2022-10-06 00:00:00-04:00,57.040000915527344,57.18000030517578,56.16999816894531,56.81999969482422,285900,0.0,0.0
2022-10-07 00:00:00-04:00,56.16999816894531,56.40999984741211,54.91999816894531,55.33000183105469,254000,0.0,0.0
2022-10-10 00:00:00-04:00,55.060001373291016,55.09000015258789,52.7599983215332,53.58000183105469,231000,0.0,0.0
2022-10-11 00:00:00-04:00,53.11000061035156,54.20000076293945,51.08000183105469,52.650001525878906,311400,0.0,0.0
2022-10-12 00:00:00-04:00,52.58000183105469,52.5989990234375,51.48500061035156,52.130001068115234,232700,0.0,0.0
2022-10-13 00:00:00-04:00,50.970001220703125,54.36000061035156,50.18000030517578,53.290000915527344,290100,0.0,0.0
2022-10-14 00:00:00-04:00,53.90999984741211,54.9900016784668,53.564998626708984,53.779998779296875,298200,0.0,0.0
2022-10-17 00:00:00-04:00,54.970001220703125,56.29999923706055,53.93000030517578,54.72999954223633,319800,0.0,0.0
2022-10-18 00:00:00-04:00,56.310001373291016,57.165000915527344,54.31999969482422,54.84000015258789,444700,0.0,0.0
2022-10-19 00:00:00-04:00,53.779998779296875,53.810001373291016,51.709999084472656,53.349998474121094,403400,0.0,0.0
2022-10-20 00:00:00-04:00,53.400001525878906,54.68000030517578,53.07500076293945,54.619998931884766,292100,0.0,0.0
2022-10-21 00:00:00-04:00,54.900001525878906,55.25,53.86000061035156,54.9900016784668,241700,0.0,0.0
2022-10-24 00:00:00-04:00,55.29999923706055,55.29999923706055,53.880001068115234,54.150001525878906,213300,0.0,0.0
2022-10-25 00:00:00-04:00,54.439998626708984,56.189998626708984,53.380001068115234,54.2599983215332,314900,0.0,0.0
2022-10-26 00:00:00-04:00,54.90999984741211,57.08000183105469,54.79999923706055,56.130001068115234,330900,0.0,0.0
2022-10-27 00:00:00-04:00,56.290000915527344,57.0099983215332,55.59000015258789,57.0,325200,0.0,0.0
2022-10-28 00:00:00-04:00,57.0,58.25,56.66999816894531,57.75,336900,0.0,0.0
2022-10-31 00:00:00-04:00,57.25,57.599998474121094,56.040000915527344,56.06999969482422,346200,0.0,0.0
2022-11-01 00:00:00-04:00,56.66999816894531,56.90999984741211,54.439998626708984,54.58000183105469,386300,0.0,0.0
2022-11-02 00:00:00-04:00,54.41999816894531,55.93000030517578,53.380001068115234,53.40999984741211,474400,0.0,0.0
2022-11-03 00:00:00-04:00,51.540000915527344,52.02000045776367,46.84000015258789,48.2599983215332,1392600,0.0,0.0
2022-11-04 00:00:00-04:00,48.84000015258789,48.84000015258789,46.22999954223633,48.66999816894531,690900,0.0,0.0
2022-11-07 00:00:00-05:00,48.54999923706055,49.08000183105469,47.04999923706055,47.04999923706055,407900,0.0,0.0
2022-11-08 00:00:00-05:00,47.0,48.869998931884766,46.02000045776367,48.81999969482422,438900,0.0,0.0
2022-11-09 00:00:00-05:00,48.459999084472656,49.970001220703125,47.65999984741211,49.29999923706055,504300,0.0,0.0
2022-11-10 00:00:00-05:00,51.61000061035156,53.06999969482422,51.29499816894531,51.91999816894531,554500,0.0,0.0
2022-11-11 00:00:00-05:00,52.790000915527344,52.790000915527344,51.5099983215332,51.97999954223633,372400,0.0,0.0
2022-11-14 00:00:00-05:00,51.63999938964844,52.099998474121094,50.290000915527344,50.40999984741211,366900,0.0,0.0
2022-11-15 00:00:00-05:00,51.290000915527344,52.20000076293945,50.54999923706055,50.70000076293945,290000,0.0,0.0
2022-11-16 00:00:00-05:00,50.599998474121094,50.849998474121094,49.470001220703125,50.130001068115234,298400,0.0,0.0
2022-11-17 00:00:00-05:00,49.20000076293945,49.540000915527344,47.86000061035156,48.15999984741211,402500,0.0,0.0
2022-11-18 00:00:00-05:00,49.11000061035156,49.39500045776367,47.93899917602539,48.880001068115234,362800,0.0,0.0
2022-11-21 00:00:00-05:00,48.45000076293945,49.220001220703125,47.20000076293945,47.27000045776367,203600,0.0,0.0
2022-11-22 00:00:00-05:00,47.27000045776367,47.529998779296875,46.529998779296875,47.220001220703125,241500,0.0,0.0
2022-11-23 00:00:00-05:00,47.189998626708984,48.209999084472656,46.709999084472656,47.439998626708984,241000,0.0,0.0
2022-11-25 00:00:00-05:00,47.290000915527344,47.65999984741211,47.08000183105469,47.130001068115234,164900,0.0,0.0
2022-11-28 00:00:00-05:00,46.86000061035156,47.279998779296875,46.310001373291016,46.459999084472656,258200,0.0,0.0
2022-11-29 00:00:00-05:00,46.25,46.68000030517578,45.41999816894531,45.619998931884766,216100,0.0,0.0
2022-11-30 00:00:00-05:00,45.689998626708984,46.93000030517578,44.71500015258789,46.56999969482422,642500,0.0,0.0
2022-12-01 00:00:00-05:00,46.9900016784668,49.220001220703125,46.724998474121094,48.65999984741211,669300,0.0,0.0
2022-12-02 00:00:00-05:00,47.380001068115234,48.07500076293945,46.540000915527344,47.81999969482422,558000,0.0,0.0
2022-12-05 00:00:00-05:00,47.09000015258789,47.369998931884766,45.279998779296875,45.880001068115234,291400,0.0,0.0
2022-12-06 00:00:00-05:00,45.68000030517578,45.68000030517578,43.380001068115234,44.04999923706055,406800,0.0,0.0
2022-12-07 00:00:00-05:00,44.04999923706055,45.31999969482422,43.54999923706055,45.27000045776367,404600,0.0,0.0
2022-12-08 00:00:00-05:00,45.689998626708984,46.029998779296875,44.86000061035156,45.41999816894531,324100,0.0,0.0
2022-12-09 00:00:00-05:00,45.0099983215332,45.4900016784668,44.775001525878906,45.459999084472656,596300,0.0,0.0
2022-12-12 00:00:00-05:00,45.68000030517578,46.540000915527344,44.689998626708984,45.060001373291016,314500,0.0,0.0
2022-12-13 00:00:00-05:00,46.75,48.040000915527344,45.459999084472656,45.5099983215332,444400,0.0,0.0
2022-12-14 00:00:00-05:00,45.189998626708984,46.02000045776367,43.95000076293945,44.220001220703125,251100,0.0,0.0
2022-12-15 00:00:00-05:00,43.54999923706055,43.790000915527344,42.88999938964844,43.31999969482422,303700,0.0,0.0
2022-12-16 00:00:00-05:00,42.599998474121094,42.95000076293945,41.79999923706055,42.47999954223633,825700,0.0,0.0
2022-12-19 00:00:00-05:00,42.290000915527344,42.65999984741211,41.33000183105469,42.290000915527344,417300,0.0,0.0
2022-12-20 00:00:00-05:00,42.150001525878906,44.040000915527344,42.150001525878906,42.599998474121094,450200,0.0,0.0
2022-12-21 00:00:00-05:00,42.7400016784668,44.08000183105469,42.6150016784668,43.58000183105469,218500,0.0,0.0
2022-12-22 00:00:00-05:00,43.0,43.27000045776367,41.40999984741211,43.08000183105469,261200,0.0,0.0
2022-12-23 00:00:00-05:00,42.720001220703125,43.16999816894531,42.09000015258789,42.630001068115234,174300,0.0,0.0
2022-12-27 00:00:00-05:00,42.59000015258789,42.59000015258789,40.689998626708984,40.81999969482422,251700,0.0,0.0
2022-12-28 00:00:00-05:00,40.7400016784668,41.369998931884766,40.45000076293945,41.279998779296875,198500,0.0,0.0
2022-12-29 00:00:00-05:00,41.709999084472656,42.959999084472656,41.52000045776367,42.529998779296875,214700,0.0,0.0
2022-12-30 00:00:00-05:00,41.86000061035156,43.97999954223633,41.86000061035156,43.68000030517578,380300,0.0,0.0
2023-01-03 00:00:00-05:00,44.310001373291016,44.5,42.47999954223633,43.880001068115234,846200,0.0,0.0
2023-01-04 00:00:00-05:00,44.599998474121094,45.43000030517578,44.0,44.349998474121094,376400,0.0,0.0
2023-01-05 00:00:00-05:00,44.400001525878906,45.040000915527344,43.44499969482422,44.63999938964844,398800,0.0,0.0
2023-01-06 00:00:00-05:00,45.11000061035156,45.959999084472656,44.279998779296875,45.16999816894531,241100,0.0,0.0
2023-01-09 00:00:00-05:00,45.5,45.5,44.125,44.68000030517578,337400,0.0,0.0
2023-01-10 00:00:00-05:00,44.7599983215332,45.79999923706055,44.029998779296875,45.34000015258789,814000,0.0,0.0
2023-01-11 00:00:00-05:00,45.65999984741211,46.63999938964844,45.040000915527344,46.150001525878906,409400,0.0,0.0
2023-01-12 00:00:00-05:00,46.349998474121094,48.5099983215332,45.45000076293945,48.45000076293945,341300,0.0,0.0
2023-01-13 00:00:00-05:00,48.279998779296875,50.22999954223633,48.279998779296875,49.209999084472656,255900,0.0,0.0
2023-01-17 00:00:00-05:00,48.9900016784668,49.58000183105469,48.5,49.11000061035156,225300,0.0,0.0
2023-01-18 00:00:00-05:00,49.36000061035156,49.7599983215332,48.20000076293945,48.68000030517578,401500,0.0,0.0
2023-01-19 00:00:00-05:00,48.43000030517578,48.959999084472656,47.79999923706055,48.33000183105469,280500,0.0,0.0
2023-01-20 00:00:00-05:00,48.68000030517578,48.68000030517578,47.310001373291016,48.529998779296875,292900,0.0,0.0
2023-01-23 00:00:00-05:00,48.63999938964844,49.5,48.290000915527344,49.13999938964844,262600,0.0,0.0
2023-01-24 00:00:00-05:00,48.599998474121094,49.47999954223633,48.16999816894531,48.16999816894531,178700,0.0,0.0
2023-01-25 00:00:00-05:00,47.540000915527344,48.189998626708984,47.040000915527344,47.95000076293945,261200,0.0,0.0
2023-01-26 00:00:00-05:00,48.380001068115234,48.38999938964844,47.060001373291016,48.18000030517578,210200,0.0,0.0
2023-01-27 00:00:00-05:00,48.060001373291016,48.279998779296875,47.150001525878906,48.040000915527344,332000,0.0,0.0
2023-01-30 00:00:00-05:00,47.63999938964844,48.768001556396484,47.369998931884766,48.279998779296875,400100,0.0,0.0
2023-01-31 00:00:00-05:00,48.36000061035156,49.5,48.15999984741211,49.04999923706055,478400,0.0,0.0
2023-02-01 00:00:00-05:00,49.09000015258789,49.9900016784668,48.349998474121094,49.7599983215332,330000,0.0,0.0
2023-02-02 00:00:00-05:00,50.0,52.790000915527344,49.5,52.47999954223633,855800,0.0,0.0
2023-02-03 00:00:00-05:00,51.709999084472656,53.32400131225586,51.52000045776367,51.52000045776367,419900,0.0,0.0
2023-02-06 00:00:00-05:00,50.869998931884766,51.22999954223633,48.88999938964844,49.90999984741211,410100,0.0,0.0
2023-02-07 00:00:00-05:00,49.54999923706055,49.79999923706055,48.349998474121094,49.52000045776367,384600,0.0,0.0
2023-02-08 00:00:00-05:00,49.209999084472656,49.72999954223633,48.54999923706055,48.91999816894531,177100,0.0,0.0
2023-02-09 00:00:00-05:00,49.40999984741211,51.16999816894531,49.16999816894531,49.290000915527344,404700,0.0,0.0
2023-02-10 00:00:00-05:00,49.02000045776367,50.59000015258789,48.7400016784668,50.45000076293945,211900,0.0,0.0
2023-02-13 00:00:00-05:00,50.810001373291016,50.85499954223633,49.82500076293945,50.2599983215332,183500,0.0,0.0
2023-02-14 00:00:00-05:00,49.900001525878906,51.9900016784668,49.80500030517578,50.47999954223633,524200,0.0,0.0
2023-02-15 00:00:00-05:00,50.290000915527344,52.709999084472656,50.290000915527344,52.2400016784668,487400,0.0,0.0
2023-02-16 00:00:00-05:00,51.33000183105469,53.0,51.040000915527344,51.63999938964844,437200,0.0,0.0
2023-02-17 00:00:00-05:00,51.7400016784668,52.29999923706055,51.040000915527344,51.599998474121094,366500,0.0,0.0
2023-02-21 00:00:00-05:00,50.880001068115234,50.95500183105469,49.801998138427734,50.220001220703125,273200,0.0,0.0
2023-02-22 00:00:00-05:00,50.08000183105469,50.68000030517578,49.13999938964844,50.43000030517578,543200,0.0,0.0
2023-02-23 00:00:00-05:00,47.58000183105469,49.720001220703125,46.029998779296875,48.849998474121094,1025200,0.0,0.0
2023-02-24 00:00:00-05:00,48.2599983215332,48.310001373291016,47.20000076293945,47.599998474121094,442100,0.0,0.0
2023-02-27 00:00:00-05:00,47.97999954223633,48.630001068115234,47.36000061035156,47.5099983215332,333500,0.0,0.0
2023-02-28 00:00:00-05:00,47.439998626708984,48.2400016784668,46.869998931884766,47.22999954223633,466900,0.0,0.0
2023-03-01 00:00:00-05:00,47.209999084472656,49.36000061035156,46.974998474121094,48.5099983215332,511600,0.0,0.0
2023-03-02 00:00:00-05:00,48.02000045776367,49.34000015258789,48.02000045776367,49.150001525878906,595300,0.0,0.0
2023-03-03 00:00:00-05:00,49.09000015258789,50.900001525878906,48.880001068115234,50.369998931884766,607500,0.0,0.0
2023-03-06 00:00:00-05:00,50.4900016784668,51.11000061035156,48.689998626708984,48.70000076293945,395600,0.0,0.0
2023-03-07 00:00:00-05:00,48.880001068115234,49.52000045776367,47.0099983215332,47.20000076293945,549300,0.0,0.0
2023-03-08 00:00:00-05:00,47.189998626708984,47.68000030517578,46.7599983215332,47.619998931884766,338200,0.0,0.0
2023-03-09 00:00:00-05:00,47.91999816894531,49.119998931884766,46.2400016784668,46.58000183105469,293100,0.0,0.0
2023-03-10 00:00:00-05:00,46.470001220703125,46.4900016784668,44.54499816894531,45.36000061035156,563800,0.0,0.0
2023-03-13 00:00:00-04:00,44.86000061035156,46.560001373291016,44.2599983215332,45.25,583900,0.0,0.0
2023-03-14 00:00:00-04:00,46.400001525878906,47.59000015258789,45.939998626708984,47.400001525878906,618700,0.0,0.0
2023-03-15 00:00:00-04:00,46.52000045776367,48.59000015258789,46.38199996948242,48.16999816894531,420600,0.0,0.0
2023-03-16 00:00:00-04:00,47.75,50.810001373291016,47.619998931884766,49.40999984741211,507800,0.0,0.0
2023-03-17 00:00:00-04:00,49.45000076293945,49.75,47.86000061035156,48.02000045776367,939700,0.0,0.0
2023-03-20 00:00:00-04:00,48.0099983215332,48.915000915527344,48.0099983215332,48.540000915527344,269700,0.0,0.0
2023-03-21 00:00:00-04:00,49.279998779296875,50.17499923706055,49.15999984741211,49.27000045776367,325900,0.0,0.0
2023-03-22 00:00:00-04:00,49.439998626708984,50.17499923706055,48.400001525878906,48.459999084472656,321000,0.0,0.0
2023-03-23 00:00:00-04:00,48.81999969482422,49.11000061035156,47.91999816894531,48.209999084472656,393200,0.0,0.0
2023-03-24 00:00:00-04:00,48.060001373291016,49.57500076293945,47.79999923706055,49.349998474121094,289100,0.0,0.0
2023-03-27 00:00:00-04:00,50.040000915527344,51.06999969482422,49.41999816894531,50.83000183105469,420400,0.0,0.0
2023-03-28 00:00:00-04:00,50.779998779296875,51.0,49.17499923706055,49.560001373291016,406600,0.0,0.0
2023-03-29 00:00:00-04:00,49.959999084472656,50.38999938964844,48.880001068115234,49.189998626708984,314200,0.0,0.0
2023-03-30 00:00:00-04:00,49.619998931884766,50.14500045776367,49.13100051879883,49.25,256200,0.0,0.0
2023-03-31 00:00:00-04:00,49.560001373291016,50.9900016784668,49.560001373291016,50.099998474121094,370800,0.0,0.0
2023-04-03 00:00:00-04:00,50.130001068115234,50.4900016784668,49.310001373291016,49.5099983215332,276300,0.0,0.0
2023-04-04 00:00:00-04:00,49.689998626708984,50.2599983215332,49.029998779296875,49.849998474121094,297800,0.0,0.0
2023-04-05 00:00:00-04:00,49.59000015258789,49.84000015258789,47.849998474121094,48.16999816894531,520100,0.0,0.0
2023-04-06 00:00:00-04:00,48.38999938964844,49.21900177001953,48.02000045776367,49.11000061035156,239200,0.0,0.0
2023-04-10 00:00:00-04:00,48.81999969482422,49.09000015258789,48.290000915527344,48.689998626708984,215800,0.0,0.0
2023-04-11 00:00:00-04:00,48.970001220703125,50.220001220703125,48.970001220703125,49.650001525878906,267000,0.0,0.0
2023-04-12 00:00:00-04:00,50.099998474121094,50.209999084472656,48.02000045776367,48.029998779296875,377500,0.0,0.0
2023-04-13 00:00:00-04:00,48.310001373291016,50.005001068115234,47.79999923706055,49.25,307200,0.0,0.0
2023-04-14 00:00:00-04:00,49.439998626708984,49.58000183105469,48.16999816894531,48.65999984741211,162600,0.0,0.0
2023-04-17 00:00:00-04:00,48.810001373291016,49.25,48.810001373291016,48.970001220703125,165100,0.0,0.0
2023-04-18 00:00:00-04:00,49.43000030517578,49.43000030517578,47.415000915527344,48.33000183105469,196200,0.0,0.0
2023-04-19 00:00:00-04:00,48.18000030517578,49.619998931884766,47.75,49.59000015258789,257700,0.0,0.0
2023-04-20 00:00:00-04:00,49.36000061035156,50.0,48.810001373291016,49.310001373291016,196300,0.0,0.0
2023-04-21 00:00:00-04:00,49.59000015258789,50.16999816894531,49.130001068115234,49.56999969482422,287600,0.0,0.0
2023-04-24 00:00:00-04:00,49.68000030517578,49.709999084472656,47.61000061035156,48.13999938964844,220000,0.0,0.0
2023-04-25 00:00:00-04:00,47.630001068115234,48.04999923706055,46.61000061035156,47.43000030517578,285600,0.0,0.0
2023-04-26 00:00:00-04:00,47.25,47.529998779296875,46.68000030517578,46.88999938964844,188000,0.0,0.0
2023-04-27 00:00:00-04:00,46.86000061035156,47.439998626708984,46.16999816894531,47.40999984741211,202500,0.0,0.0
2023-04-28 00:00:00-04:00,47.130001068115234,48.0,47.06999969482422,47.5099983215332,212300,0.0,0.0
2023-05-01 00:00:00-04:00,47.459999084472656,47.952999114990234,47.15999984741211,47.400001525878906,277800,0.0,0.0
2023-05-02 00:00:00-04:00,47.060001373291016,47.189998626708984,45.380001068115234,45.439998626708984,322900,0.0,0.0
2023-05-03 00:00:00-04:00,45.689998626708984,47.279998779296875,45.470001220703125,46.459999084472656,315400,0.0,0.0
2023-05-04 00:00:00-04:00,50.599998474121094,51.849998474121094,49.189998626708984,50.56999969482422,734800,0.0,0.0
2023-05-05 00:00:00-04:00,50.75,54.4900016784668,50.650001525878906,54.4900016784668,967300,0.0,0.0
2023-05-08 00:00:00-04:00,54.630001068115234,58.88999938964844,54.584999084472656,58.65999984741211,1177500,0.0,0.0
2023-05-09 00:00:00-04:00,58.279998779296875,58.599998474121094,57.08000183105469,57.59000015258789,595900,0.0,0.0
2023-05-10 00:00:00-04:00,58.349998474121094,59.63999938964844,58.279998779296875,59.16999816894531,458300,0.0,0.0
2023-05-11 00:00:00-04:00,58.470001220703125,59.2400016784668,58.099998474121094,58.900001525878906,266100,0.0,0.0
2023-05-12 00:00:00-04:00,59.20000076293945,59.439998626708984,58.369998931884766,58.810001373291016,315100,0.0,0.0
2023-05-15 00:00:00-04:00,58.79999923706055,60.268001556396484,58.400001525878906,59.90999984741211,467800,0.0,0.0
2023-05-16 00:00:00-04:00,59.63999938964844,60.04999923706055,58.900001525878906,59.900001525878906,251700,0.0,0.0
2023-05-17 00:00:00-04:00,60.349998474121094,60.540000915527344,59.04999923706055,59.66999816894531,268300,0.0,0.0
2023-05-18 00:00:00-04:00,59.150001525878906,61.0,58.111000061035156,59.970001220703125,576300,0.0,0.0
2023-05-19 00:00:00-04:00,60.459999084472656,61.005001068115234,58.56999969482422,58.689998626708984,443700,0.0,0.0
2023-05-22 00:00:00-04:00,58.65999984741211,59.7599983215332,58.65999984741211,59.29999923706055,384100,0.0,0.0
2023-05-23 00:00:00-04:00,58.880001068115234,60.09000015258789,57.63999938964844,58.2599983215332,467800,0.0,0.0
2023-05-24 00:00:00-04:00,57.88999938964844,57.97999954223633,56.61000061035156,56.65999984741211,309900,0.0,0.0
2023-05-25 00:00:00-04:00,56.43000030517578,56.43000030517578,54.84000015258789,55.22999954223633,414700,0.0,0.0
2023-05-26 00:00:00-04:00,55.310001373291016,55.84000015258789,54.7599983215332,54.849998474121094,248700,0.0,0.0
2023-05-30 00:00:00-04:00,54.900001525878906,55.98500061035156,54.380001068115234,55.630001068115234,298900,0.0,0.0
2023-05-31 00:00:00-04:00,55.95000076293945,57.27000045776367,55.349998474121094,57.02000045776367,629600,0.0,0.0
2023-06-01 00:00:00-04:00,56.959999084472656,58.83000183105469,56.529998779296875,58.83000183105469,291400,0.0,0.0
2023-06-02 00:00:00-04:00,59.63999938964844,63.61000061035156,58.880001068115234,62.119998931884766,1627700,0.0,0.0
2023-06-05 00:00:00-04:00,62.16999816894531,63.16999816894531,61.694000244140625,62.61000061035156,572800,0.0,0.0
2023-06-06 00:00:00-04:00,62.349998474121094,65.20999908447266,61.80500030517578,64.81999969482422,759400,0.0,0.0
2023-06-07 00:00:00-04:00,67.05000305175781,68.66999816894531,65.5719985961914,66.55000305175781,911000,0.0,0.0
2023-06-08 00:00:00-04:00,66.12000274658203,70.05000305175781,65.52200317382812,68.26000213623047,809600,0.0,0.0
2023-06-09 00:00:00-04:00,68.06999969482422,68.9000015258789,66.25,67.3499984741211,740700,0.0,0.0
2023-06-12 00:00:00-04:00,67.5,68.33000183105469,66.69999694824219,66.93000030517578,323100,0.0,0.0
2023-06-13 00:00:00-04:00,66.75,67.18499755859375,65.93000030517578,66.55999755859375,417600,0.0,0.0
2023-06-14 00:00:00-04:00,67.95999908447266,68.29000091552734,65.69000244140625,66.86000061035156,654400,0.0,0.0
2023-06-15 00:00:00-04:00,66.94000244140625,68.43499755859375,66.44000244140625,67.48999786376953,608500,0.0,0.0
2023-06-16 00:00:00-04:00,69.30999755859375,69.30999755859375,66.80999755859375,67.72000122070312,1113600,0.0,0.0
2023-06-20 00:00:00-04:00,67.33000183105469,67.76000213623047,66.55000305175781,66.58999633789062,449800,0.0,0.0
2023-06-21 00:00:00-04:00,66.37000274658203,66.5199966430664,64.77999877929688,64.91000366210938,409500,0.0,0.0
2023-06-22 00:00:00-04:00,64.83999633789062,67.93000030517578,64.41000366210938,67.12999725341797,341100,0.0,0.0
2023-06-23 00:00:00-04:00,66.33999633789062,68.33999633789062,66.05999755859375,67.47000122070312,717400,0.0,0.0
2023-06-26 00:00:00-04:00,68.25,68.9000015258789,67.44000244140625,68.79000091552734,440900,0.0,0.0
2023-06-27 00:00:00-04:00,68.86000061035156,69.81999969482422,68.63200378417969,69.5199966430664,393500,0.0,0.0
2023-06-28 00:00:00-04:00,69.48999786376953,70.58000183105469,69.06999969482422,70.33999633789062,541100,0.0,0.0
2023-06-29 00:00:00-04:00,69.80999755859375,71.86000061035156,69.30000305175781,70.80999755859375,536800,0.0,0.0
2023-06-30 00:00:00-04:00,71.36000061035156,71.75,70.48999786376953,71.20999908447266,306500,0.0,0.0
2023-07-03 00:00:00-04:00,70.69999694824219,70.98999786376953,68.8499984741211,69.69000244140625,230000,0.0,0.0
2023-07-05 00:00:00-04:00,69.63999938964844,70.16000366210938,68.77999877929688,69.66999816894531,293000,0.0,0.0
2023-07-06 00:00:00-04:00,69.0999984741211,69.45999908447266,68.3550033569336,69.25,233600,0.0,0.0
2023-07-07 00:00:00-04:00,69.58000183105469,70.33300018310547,68.25,69.2300033569336,320500,0.0,0.0
2023-07-10 00:00:00-04:00,70.4800033569336,71.45500183105469,70.06999969482422,70.75,375100,0.0,0.0
2023-07-11 00:00:00-04:00,70.93000030517578,71.61000061035156,70.58000183105469,71.2300033569336,392300,0.0,0.0
2023-07-12 00:00:00-04:00,71.83999633789062,73.375,71.1500015258789,71.97000122070312,451600,0.0,0.0
2023-07-13 00:00:00-04:00,71.72000122070312,72.11499786376953,70.94000244140625,71.63999938964844,339600,0.0,0.0
2023-07-14 00:00:00-04:00,75.0,79.88999938964844,75.0,79.08999633789062,1677500,0.0,0.0
2023-07-17 00:00:00-04:00,78.41999816894531,78.72799682617188,76.79000091552734,78.23999786376953,605700,0.0,0.0
2023-07-18 00:00:00-04:00,78.69999694824219,79.30699920654297,77.44000244140625,78.76000213623047,376100,0.0,0.0
2023-07-19 00:00:00-04:00,79.63999938964844,80.27999877929688,76.66999816894531,77.38999938964844,326300,0.0,0.0
2023-07-20 00:00:00-04:00,77.13999938964844,77.67500305175781,75.87999725341797,76.11000061035156,551000,0.0,0.0
2023-07-21 00:00:00-04:00,76.70999908447266,76.94999694824219,74.75,74.86000061035156,866000,0.0,0.0
2023-07-24 00:00:00-04:00,74.29000091552734,75.26000213623047,72.98999786376953,73.02999877929688,656600,0.0,0.0
2023-07-25 00:00:00-04:00,73.04000091552734,75.0,73.04000091552734,74.2699966430664,1101700,0.0,0.0
2023-07-26 00:00:00-04:00,74.62999725341797,76.5199966430664,74.1500015258789,75.95999908447266,321300,0.0,0.0
2023-07-27 00:00:00-04:00,76.69999694824219,78.0,76.22000122070312,77.80000305175781,427500,0.0,0.0
2023-07-28 00:00:00-04:00,78.33999633789062,78.9000015258789,76.1500015258789,76.3499984741211,465100,0.0,0.0
2023-07-31 00:00:00-04:00,76.73999786376953,77.94000244140625,75.73999786376953,77.13999938964844,437500,0.0,0.0
2023-08-01 00:00:00-04:00,76.4000015258789,77.2699966430664,76.08000183105469,76.69999694824219,321000,0.0,0.0
2023-08-02 00:00:00-04:00,75.76000213623047,76.37000274658203,74.37000274658203,74.72000122070312,668800,0.0,0.0
2023-08-03 00:00:00-04:00,73.16000366210938,76.95500183105469,73.1449966430664,74.43000030517578,749900,0.0,0.0
2023-08-04 00:00:00-04:00,74.18000030517578,75.5999984741211,72.58999633789062,74.41999816894531,521900,0.0,0.0
2023-08-07 00:00:00-04:00,74.55000305175781,75.80999755859375,74.05000305175781,75.18000030517578,436200,0.0,0.0
2023-08-08 00:00:00-04:00,74.79000091552734,75.16000366210938,73.70999908447266,74.77999877929688,331500,0.0,0.0
2023-08-09 00:00:00-04:00,74.58999633789062,75.22000122070312,71.5999984741211,72.4800033569336,399500,0.0,0.0
2023-08-10 00:00:00-04:00,72.72000122070312,74.26000213623047,72.4800033569336,73.83999633789062,268100,0.0,0.0
2023-08-11 00:00:00-04:00,73.1500015258789,74.5199966430664,72.9800033569336,74.38999938964844,193000,0.0,0.0
2023-08-14 00:00:00-04:00,74.0,74.5199966430664,73.37999725341797,73.80999755859375,417900,0.0,0.0
2023-08-15 00:00:00-04:00,73.68000030517578,75.31999969482422,72.55000305175781,75.02999877929688,584000,0.0,0.0
2023-08-16 00:00:00-04:00,74.94999694824219,76.16000366210938,73.77999877929688,74.18000030517578,261100,0.0,0.0
2023-08-17 00:00:00-04:00,73.87999725341797,74.06999969482422,72.05999755859375,72.11000061035156,450900,0.0,0.0
2023-08-18 00:00:00-04:00,71.5199966430664,72.86000061035156,71.43000030517578,71.80000305175781,532100,0.0,0.0
2023-08-21 00:00:00-04:00,72.05999755859375,73.3499984741211,71.83000183105469,72.93000030517578,412000,0.0,0.0
2023-08-22 00:00:00-04:00,73.20999908447266,74.62999725341797,72.83000183105469,74.44999694824219,273800,0.0,0.0
2023-08-23 00:00:00-04:00,75.0,75.2300033569336,74.01499938964844,74.98999786376953,223300,0.0,0.0
2023-08-24 00:00:00-04:00,74.97000122070312,74.97000122070312,72.9000015258789,73.4000015258789,330400,0.0,0.0
2023-08-25 00:00:00-04:00,74.0,74.37999725341797,72.67500305175781,73.87999725341797,180000,0.0,0.0
2023-08-28 00:00:00-04:00,74.44000244140625,74.81999969482422,73.52999877929688,74.0199966430664,271300,0.0,0.0
2023-08-29 00:00:00-04:00,73.81999969482422,76.23999786376953,73.81999969482422,75.61000061035156,353100,0.0,0.0
2023-08-30 00:00:00-04:00,75.5999984741211,76.91999816894531,75.44999694824219,75.70999908447266,252800,0.0,0.0
2023-08-31 00:00:00-04:00,75.81999969482422,75.9000015258789,74.55000305175781,75.13999938964844,203900,0.0,0.0
2023-09-01 00:00:00-04:00,75.36000061035156,76.11000061035156,74.87999725341797,74.88999938964844,206700,0.0,0.0
2023-09-05 00:00:00-04:00,74.05999755859375,74.31500244140625,71.61000061035156,73.58000183105469,464900,0.0,0.0
2023-09-06 00:00:00-04:00,74.11000061035156,77.23999786376953,73.80000305175781,76.75,492000,0.0,0.0
2023-09-07 00:00:00-04:00,76.75,77.81500244140625,74.80000305175781,75.4000015258789,409200,0.0,0.0
2023-09-08 00:00:00-04:00,75.55000305175781,76.0199966430664,73.77999877929688,74.37999725341797,266300,0.0,0.0
2023-09-11 00:00:00-04:00,75.16000366210938,76.11000061035156,74.41999816894531,75.97000122070312,279200,0.0,0.0
2023-09-12 00:00:00-04:00,76.22000122070312,78.94999694824219,76.22000122070312,76.80999755859375,503400,0.0,0.0
2023-09-13 00:00:00-04:00,76.44999694824219,76.6500015258789,75.27999877929688,76.12000274658203,227400,0.0,0.0
2023-09-14 00:00:00-04:00,76.37999725341797,76.86000061035156,74.44999694824219,75.44000244140625,235700,0.0,0.0
2023-09-15 00:00:00-04:00,75.2699966430664,75.2699966430664,73.95999908447266,75.12000274658203,793000,0.0,0.0
2023-09-18 00:00:00-04:00,74.94999694824219,76.34500122070312,74.77999877929688,75.52999877929688,198900,0.0,0.0
2023-09-19 00:00:00-04:00,75.79000091552734,77.2300033569336,75.41999816894531,76.56999969482422,615000,0.0,0.0
2023-09-20 00:00:00-04:00,77.08999633789062,78.06999969482422,75.70999908447266,75.7699966430664,645100,0.0,0.0
2023-09-21 00:00:00-04:00,75.25,75.74500274658203,74.86000061035156,75.25,581000,0.0,0.0
2023-09-22 00:00:00-04:00,75.56999969482422,76.44999694824219,75.05999755859375,75.27999877929688,486200,0.0,0.0
2023-09-25 00:00:00-04:00,75.05000305175781,76.63999938964844,74.6449966430664,76.37000274658203,303000,0.0,0.0
2023-09-26 00:00:00-04:00,75.9800033569336,77.44999694824219,75.4000015258789,75.45999908447266,480200,0.0,0.0
2023-09-27 00:00:00-04:00,75.8499984741211,78.83999633789062,75.8499984741211,78.37999725341797,644100,0.0,0.0
2023-09-28 00:00:00-04:00,78.98999786376953,79.69000244140625,76.11000061035156,76.19999694824219,514300,0.0,0.0
2023-09-29 00:00:00-04:00,76.26000213623047,76.26000213623047,74.19999694824219,75.25,783200,0.0,0.0
2023-10-02 00:00:00-04:00,74.80000305175781,74.80000305175781,70.08999633789062,71.0999984741211,778100,0.0,0.0
2023-10-03 00:00:00-04:00,70.80999755859375,71.78500366210938,69.98999786376953,71.3499984741211,730500,0.0,0.0
2023-10-04 00:00:00-04:00,71.37999725341797,71.41000366210938,68.69999694824219,69.25,443500,0.0,0.0
2023-10-05 00:00:00-04:00,69.23999786376953,70.94999694824219,68.11000061035156,70.0,422700,0.0,0.0
2023-10-06 00:00:00-04:00,69.61000061035156,72.81999969482422,69.55999755859375,71.98999786376953,451000,0.0,0.0
2023-10-09 00:00:00-04:00,71.38999938964844,72.71499633789062,70.875,71.70999908447266,225600,0.0,0.0
2023-10-10 00:00:00-04:00,71.66000366210938,72.8010025024414,71.55000305175781,72.47000122070312,313800,0.0,0.0
2023-10-11 00:00:00-04:00,72.41999816894531,72.75,70.0,71.02999877929688,400300,0.0,0.0
2023-10-12 00:00:00-04:00,70.87999725341797,70.88999938964844,65.80999755859375,66.0,642500,0.0,0.0
2023-10-13 00:00:00-04:00,65.7300033569336,66.06500244140625,64.66999816894531,65.58999633789062,388200,0.0,0.0
2023-10-16 00:00:00-04:00,66.33000183105469,67.56999969482422,65.51000213623047,67.0199966430664,752000,0.0,0.0
2023-10-17 00:00:00-04:00,66.16000366210938,70.70999908447266,66.05999755859375,68.83000183105469,400600,0.0,0.0
2023-10-18 00:00:00-04:00,68.66000366210938,69.1500015258789,67.04499816894531,67.62000274658203,214800,0.0,0.0
2023-10-19 00:00:00-04:00,67.48999786376953,68.125,66.26000213623047,66.61000061035156,260400,0.0,0.0
2023-10-20 00:00:00-04:00,66.73999786376953,68.66999816894531,66.6500015258789,67.79000091552734,496200,0.0,0.0
2023-10-23 00:00:00-04:00,67.69999694824219,69.38999938964844,67.55000305175781,68.55999755859375,555500,0.0,0.0
2023-10-24 00:00:00-04:00,68.95999908447266,69.79000091552734,64.41999816894531,66.80999755859375,644500,0.0,0.0
2023-10-25 00:00:00-04:00,65.81999969482422,67.05999755859375,64.75,65.29000091552734,375900,0.0,0.0
2023-10-26 00:00:00-04:00,65.9800033569336,69.48500061035156,65.9800033569336,67.83000183105469,905000,0.0,0.0
2023-10-27 00:00:00-04:00,68.41000366210938,68.41000366210938,66.61000061035156,67.44999694824219,411600,0.0,0.0
2023-10-30 00:00:00-04:00,68.61000061035156,69.25,66.80999755859375,66.81999969482422,433300,0.0,0.0
2023-10-31 00:00:00-04:00,67.27999877929688,69.26000213623047,67.27999877929688,68.19999694824219,511100,0.0,0.0
2023-11-01 00:00:00-04:00,68.19999694824219,69.5,67.9000015258789,69.43000030517578,637100,0.0,0.0
2023-11-02 00:00:00-04:00,66.06999969482422,68.125,60.7599983215332,64.16999816894531,1965700,0.0,0.0
2023-11-03 00:00:00-04:00,65.44999694824219,67.3499984741211,63.7599983215332,64.20999908447266,657400,0.0,0.0
2023-11-06 00:00:00-05:00,63.900001525878906,66.29000091552734,63.779998779296875,64.01000213623047,843000,0.0,0.0
2023-11-07 00:00:00-05:00,63.790000915527344,64.33999633789062,62.09000015258789,62.29999923706055,700300,0.0,0.0
2023-11-08 00:00:00-05:00,65.05000305175781,65.68599700927734,63.70000076293945,64.18000030517578,904000,0.0,0.0
2023-11-09 00:00:00-05:00,64.1500015258789,64.43000030517578,61.70500183105469,62.40999984741211,402400,0.0,0.0
2023-11-10 00:00:00-05:00,62.439998626708984,62.93000030517578,60.11000061035156,60.540000915527344,570400,0.0,0.0
2023-11-13 00:00:00-05:00,61.08000183105469,64.06999969482422,59.880001068115234,63.4900016784668,507600,0.0,0.0
2023-11-14 00:00:00-05:00,65.2300033569336,66.94000244140625,64.75,66.01000213623047,472900,0.0,0.0
2023-11-15 00:00:00-05:00,65.3499984741211,67.94000244140625,65.3499984741211,65.66999816894531,393200,0.0,0.0
2023-11-16 00:00:00-05:00,65.72000122070312,66.3499984741211,64.19000244140625,64.73999786376953,446200,0.0,0.0
2023-11-17 00:00:00-05:00,65.1500015258789,65.91000366210938,63.529998779296875,64.05999755859375,512300,0.0,0.0
2023-11-20 00:00:00-05:00,64.45999908447266,64.87899780273438,63.709999084472656,63.91999816894531,316800,0.0,0.0
2023-11-21 00:00:00-05:00,63.7400016784668,63.7400016784668,61.7400016784668,62.849998474121094,455100,0.0,0.0
2023-11-22 00:00:00-05:00,63.63999938964844,64.06999969482422,62.34000015258789,63.04999923706055,499500,0.0,0.0
2023-11-24 00:00:00-05:00,63.09000015258789,64.02999877929688,63.09000015258789,63.119998931884766,134600,0.0,0.0
2023-11-27 00:00:00-05:00,62.59000015258789,62.810001373291016,59.220001220703125,59.529998779296875,1057900,0.0,0.0
2023-11-28 00:00:00-05:00,60.529998779296875,61.209999084472656,59.599998474121094,59.75,898200,0.0,0.0
2023-11-29 00:00:00-05:00,59.720001220703125,62.59000015258789,59.720001220703125,62.0,645400,0.0,0.0
2023-11-30 00:00:00-05:00,61.9900016784668,63.939998626708984,61.685001373291016,63.88999938964844,695900,0.0,0.0
2023-12-01 00:00:00-05:00,63.86000061035156,65.25,63.540000915527344,65.12999725341797,449400,0.0,0.0
2023-12-04 00:00:00-05:00,64.56999969482422,65.47000122070312,63.06999969482422,64.01000213623047,511600,0.0,0.0
2023-12-05 00:00:00-05:00,63.77000045776367,65.23999786376953,62.290000915527344,65.0199966430664,401200,0.0,0.0
2023-12-06 00:00:00-05:00,65.33999633789062,65.41999816894531,62.10499954223633,62.279998779296875,467200,0.0,0.0
2023-12-07 00:00:00-05:00,62.06999969482422,63.459999084472656,61.61000061035156,62.86000061035156,300000,0.0,0.0
2023-12-08 00:00:00-05:00,62.290000915527344,63.97999954223633,62.150001525878906,63.630001068115234,421700,0.0,0.0
2023-12-11 00:00:00-05:00,63.369998931884766,63.58000183105469,62.189998626708984,62.630001068115234,498700,0.0,0.0
2023-12-12 00:00:00-05:00,62.45000076293945,62.64500045776367,61.56999969482422,62.41999816894531,574500,0.0,0.0
2023-12-13 00:00:00-05:00,62.63999938964844,64.38999938964844,59.57500076293945,60.41999816894531,965000,0.0,0.0
2023-12-14 00:00:00-05:00,65.0,77.44000244140625,65.0,75.73999786376953,3434200,0.0,0.0
2023-12-15 00:00:00-05:00,75.22000122070312,81.83999633789062,74.55000305175781,81.4800033569336,3191600,0.0,0.0
2023-12-18 00:00:00-05:00,80.77999877929688,81.28500366210938,77.79000091552734,79.05000305175781,681900,0.0,0.0
2023-12-19 00:00:00-05:00,79.77999877929688,81.66000366210938,78.44000244140625,81.23999786376953,792600,0.0,0.0
2023-12-20 00:00:00-05:00,81.22000122070312,81.8499984741211,79.30999755859375,79.5999984741211,804400,0.0,0.0
2023-12-21 00:00:00-05:00,81.87000274658203,85.75,80.58999633789062,85.11000061035156,1330800,0.0,0.0
2023-12-22 00:00:00-05:00,85.70999908447266,86.52999877929688,79.5,82.33999633789062,1096500,0.0,0.0
2023-12-26 00:00:00-05:00,80.0,82.08000183105469,79.12999725341797,79.79000091552734,643400,0.0,0.0
2023-12-27 00:00:00-05:00,79.8499984741211,80.51000213623047,79.13999938964844,80.47000122070312,487100,0.0,0.0
2023-12-28 00:00:00-05:00,80.80000305175781,82.25499725341797,79.54499816894531,80.41999816894531,297100,0.0,0.0
2023-12-29 00:00:00-05:00,80.41999816894531,80.41999816894531,77.83999633789062,79.48999786376953,459900,0.0,0.0
2024-01-02 00:00:00-05:00,79.02999877929688,79.30999755859375,76.1500015258789,77.08000183105469,611000,0.0,0.0
2024-01-03 00:00:00-05:00,76.5999984741211,77.52999877929688,74.74500274658203,76.4000015258789,568000,0.0,0.0
2024-01-04 00:00:00-05:00,76.30000305175781,77.70999908447266,75.9000015258789,77.16000366210938,539900,0.0,0.0
2024-01-05 00:00:00-05:00,76.48999786376953,79.26000213623047,76.24500274658203,79.11000061035156,801300,0.0,0.0
2024-01-08 00:00:00-05:00,79.98999786376953,84.53500366210938,79.98999786376953,82.0,985200,0.0,0.0
2024-01-09 00:00:00-05:00,81.47000122070312,88.26100158691406,81.37000274658203,86.55000305175781,956900,0.0,0.0
2024-01-10 00:00:00-05:00,86.73999786376953,88.25,85.66999816894531,87.16000366210938,594300,0.0,0.0
2024-01-11 00:00:00-05:00,87.0,88.01000213623047,85.87899780273438,87.8499984741211,482900,0.0,0.0
2024-01-12 00:00:00-05:00,88.66999816894531,89.25,88.05999755859375,88.48999786376953,637000,0.0,0.0
2024-01-16 00:00:00-05:00,87.6500015258789,89.94999694824219,87.18000030517578,89.25,828000,0.0,0.0
2024-01-17 00:00:00-05:00,88.25,89.37999725341797,87.58999633789062,89.37000274658203,395000,0.0,0.0
2024-01-18 00:00:00-05:00,90.0,91.55999755859375,89.45999908447266,90.80999755859375,511200,0.0,0.0
2024-01-19 00:00:00-05:00,90.54000091552734,91.44000244140625,88.87000274658203,91.29000091552734,389000,0.0,0.0
2024-01-22 00:00:00-05:00,92.4000015258789,94.12300109863281,91.75,93.2300033569336,701100,0.0,0.0
2024-01-23 00:00:00-05:00,93.48999786376953,93.55000305175781,89.12999725341797,92.55999755859375,8922200,0.0,0.0
2024-01-24 00:00:00-05:00,93.5,93.73999786376953,91.11000061035156,92.02999877929688,2187300,0.0,0.0
2024-01-25 00:00:00-05:00,93.48999786376953,93.55000305175781,90.66999816894531,90.69999694824219,885100,0.0,0.0
2024-01-26 00:00:00-05:00,91.9000015258789,92.72000122070312,90.8499984741211,92.5199966430664,546800,0.0,0.0
2024-01-29 00:00:00-05:00,92.3499984741211,94.23999786376953,92.2699966430664,94.16999816894531,462100,0.0,0.0
2024-01-30 00:00:00-05:00,93.7699966430664,93.88999938964844,90.08999633789062,91.05000305175781,433500,0.0,0.0
2024-01-31 00:00:00-05:00,91.45999908447266,92.58999633789062,88.23999786376953,89.02999877929688,671500,0.0,0.0
2024-02-01 00:00:00-05:00,89.36000061035156,92.4000015258789,88.84500122070312,91.87000274658203,416800,0.0,0.0
2024-02-02 00:00:00-05:00,90.51000213623047,92.48999786376953,90.1050033569336,91.94000244140625,262300,0.0,0.0
2024-02-05 00:00:00-05:00,91.29000091552734,91.76000213623047,90.72000122070312,91.08000183105469,300700,0.0,0.0
2024-02-06 00:00:00-05:00,91.62999725341797,94.7699966430664,91.01000213623047,93.30999755859375,369700,0.0,0.0
2024-02-07 00:00:00-05:00,93.41999816894531,95.41999816894531,92.79000091552734,94.30000305175781,529000,0.0,0.0
2024-02-08 00:00:00-05:00,93.9000015258789,96.41999816894531,93.9000015258789,95.98999786376953,552500,0.0,0.0
2024-02-09 00:00:00-05:00,96.31999969482422,97.0199966430664,95.33000183105469,96.25,308700,0.0,0.0
2024-02-12 00:00:00-05:00,96.1500015258789,97.23999786376953,95.08999633789062,96.33000183105469,474100,0.0,0.0
2024-02-13 00:00:00-05:00,93.55000305175781,95.80999755859375,92.5,93.56999969482422,367000,0.0,0.0
2024-02-14 00:00:00-05:00,94.80999755859375,96.2699966430664,94.26000213623047,94.7300033569336,398300,0.0,0.0
2024-02-15 00:00:00-05:00,95.38999938964844,96.16999816894531,93.43000030517578,96.11000061035156,351300,0.0,0.0
2024-02-16 00:00:00-05:00,94.79000091552734,96.0,91.95999908447266,92.62999725341797,644600,0.0,0.0
2024-02-20 00:00:00-05:00,92.5999984741211,93.13500213623047,91.37999725341797,92.12999725341797,467900,0.0,0.0
2024-02-21 00:00:00-05:00,91.13999938964844,92.83000183105469,90.20999908447266,92.79000091552734,528600,0.0,0.0
2024-02-22 00:00:00-05:00,95.58000183105469,95.98999786376953,90.61000061035156,91.45999908447266,984000,0.0,0.0
2024-02-23 00:00:00-05:00,90.37000274658203,95.16500091552734,88.48999786376953,89.56999969482422,1195900,0.0,0.0
2024-02-26 00:00:00-05:00,90.11000061035156,91.66000366210938,89.61000061035156,91.62999725341797,611800,0.0,0.0
2024-02-27 00:00:00-05:00,91.58999633789062,92.83000183105469,90.08999633789062,90.47000122070312,332600,0.0,0.0
2024-02-28 00:00:00-05:00,89.87999725341797,91.13999938964844,88.87000274658203,90.04000091552734,453000,0.0,0.0
2024-02-29 00:00:00-05:00,91.44000244140625,91.69000244140625,88.30000305175781,88.58999633789062,568900,0.0,0.0
2024-03-01 00:00:00-05:00,88.58999633789062,88.88999938964844,86.63500213623047,88.81999969482422,853300,0.0,0.0
2024-03-04 00:00:00-05:00,88.97000122070312,90.04000091552734,87.91999816894531,88.55999755859375,588200,0.0,0.0
2024-03-05 00:00:00-05:00,88.12000274658203,88.12000274658203,83.9000015258789,84.30999755859375,774500,0.0,0.0
2024-03-06 00:00:00-05:00,84.87000274658203,86.2249984741211,83.99500274658203,85.5,373300,0.0,0.0
2024-03-07 00:00:00-05:00,86.22000122070312,89.13999938964844,85.9800033569336,88.91000366210938,687300,0.0,0.0
2024-03-08 00:00:00-05:00,89.31999969482422,90.31999969482422,87.44999694824219,87.45999908447266,356600,0.0,0.0
2024-03-11 00:00:00-04:00,87.23999786376953,87.73999786376953,86.20999908447266,86.86000061035156,288700,0.0,0.0
2024-03-12 00:00:00-04:00,86.37999725341797,88.41000366210938,85.4229965209961,87.0,416700,0.0,0.0
2024-03-13 00:00:00-04:00,86.91000366210938,89.38500213623047,86.80000305175781,87.61000061035156,294700,0.0,0.0
2024-03-14 00:00:00-04:00,87.01000213623047,87.5199966430664,84.5199966430664,85.77999877929688,369800,0.0,0.0
2024-03-15 00:00:00-04:00,84.79000091552734,86.29000091552734,84.08000183105469,85.48999786376953,645500,0.0,0.0
2024-03-18 00:00:00-04:00,86.05000305175781,87.07499694824219,85.04000091552734,85.44999694824219,343300,0.0,0.0
2024-03-19 00:00:00-04:00,85.52999877929688,88.52300262451172,85.2300033569336,87.62000274658203,288800,0.0,0.0
2024-03-20 00:00:00-04:00,87.08000183105469,88.2699966430664,85.30999755859375,87.29000091552734,406400,0.0,0.0
2024-03-21 00:00:00-04:00,88.18000030517578,88.88999938964844,86.73999786376953,87.5199966430664,360100,0.0,0.0
2024-03-22 00:00:00-04:00,87.30999755859375,91.13999938964844,87.30999755859375,88.08000183105469,790500,0.0,0.0
2024-03-25 00:00:00-04:00,88.72000122070312,90.83000183105469,87.83000183105469,88.72000122070312,764100,0.0,0.0
2024-03-26 00:00:00-04:00,90.08999633789062,90.41000366210938,87.58999633789062,89.69999694824219,459900,0.0,0.0
2024-03-27 00:00:00-04:00,90.48999786376953,92.70999908447266,89.61499786376953,92.69000244140625,452700,0.0,0.0
2024-03-28 00:00:00-04:00,92.91000366210938,94.3550033569336,92.29000091552734,94.29000091552734,458700,0.0,0.0
2024-04-01 00:00:00-04:00,94.55000305175781,94.95999908447266,91.51000213623047,93.0999984741211,352300,0.0,0.0
2024-04-02 00:00:00-04:00,91.54000091552734,92.22000122070312,88.16000366210938,89.4800033569336,822300,0.0,0.0
2024-04-03 00:00:00-04:00,89.94000244140625,97.75,89.94000244140625,94.30999755859375,913100,0.0,0.0
2024-04-04 00:00:00-04:00,94.94999694824219,96.77999877929688,94.08999633789062,94.12000274658203,482800,0.0,0.0
2024-04-05 00:00:00-04:00,93.80999755859375,97.7699966430664,93.18000030517578,96.7699966430664,545700,0.0,0.0
2024-04-08 00:00:00-04:00,97.36000061035156,102.31999969482422,97.01000213623047,100.62999725341797,1304900,0.0,0.0
2024-04-09 00:00:00-04:00,100.16999816894531,102.33000183105469,99.69000244140625,101.30999755859375,394900,0.0,0.0
2024-04-10 00:00:00-04:00,99.13999938964844,101.04000091552734,98.83999633789062,99.70999908447266,417900,0.0,0.0
2024-04-11 00:00:00-04:00,100.45999908447266,100.97000122070312,98.0,99.26000213623047,374200,0.0,0.0
2024-04-12 00:00:00-04:00,98.41999816894531,99.33000183105469,97.08999633789062,98.2300033569336,353700,0.0,0.0
2024-04-15 00:00:00-04:00,98.98999786376953,99.4800033569336,95.79000091552734,96.83999633789062,336600,0.0,0.0
2024-04-16 00:00:00-04:00,95.9800033569336,98.36000061035156,95.79499816894531,96.94999694824219,430300,0.0,0.0
2024-04-17 00:00:00-04:00,96.98999786376953,98.63500213623047,96.1500015258789,96.88999938964844,288700,0.0,0.0
2024-04-18 00:00:00-04:00,96.68000030517578,97.28500366210938,94.13999938964844,95.12999725341797,382000,0.0,0.0
2024-04-19 00:00:00-04:00,95.0,98.69999694824219,94.16000366210938,96.5,697800,0.0,0.0
2024-04-22 00:00:00-04:00,97.13999938964844,99.83000183105469,96.36499786376953,98.94999694824219,363700,0.0,0.0
2024-04-23 00:00:00-04:00,99.48999786376953,101.23999786376953,98.30999755859375,101.0999984741211,351100,0.0,0.0
2024-04-24 00:00:00-04:00,101.23999786376953,103.66000366210938,100.75,100.93000030517578,521700,0.0,0.0
2024-04-25 00:00:00-04:00,99.06999969482422,100.26000213623047,97.18000030517578,100.11000061035156,288500,0.0,0.0
2024-04-26 00:00:00-04:00,100.27999877929688,100.5999984741211,98.52999877929688,99.4800033569336,288900,0.0,0.0
2024-04-29 00:00:00-04:00,99.91000366210938,100.2300033569336,95.78500366210938,97.19999694824219,638000,0.0,0.0
2024-04-30 00:00:00-04:00,96.77999877929688,97.4800033569336,95.9800033569336,96.0,448800,0.0,0.0
2024-05-01 00:00:00-04:00,96.27999877929688,102.94999694824219,95.38999938964844,98.91000366210938,664400,0.0,0.0
2024-05-02 00:00:00-04:00,96.88999938964844,108.22000122070312,96.88999938964844,105.02999877929688,849200,0.0,0.0
2024-05-03 00:00:00-04:00,105.66000366210938,107.25,101.56999969482422,106.51000213623047,507500,0.0,0.0
2024-05-06 00:00:00-04:00,110.0,110.7300033569336,104.66000366210938,105.01000213623047,535600,0.0,0.0
2024-05-07 00:00:00-04:00,104.81999969482422,110.22000122070312,103.41000366210938,107.9800033569336,558400,0.0,0.0
2024-05-08 00:00:00-04:00,107.08999633789062,108.0,105.22000122070312,106.91000366210938,397900,0.0,0.0
2024-05-09 00:00:00-04:00,106.91000366210938,108.23500061035156,106.83000183105469,107.62000274658203,242300,0.0,0.0
2024-05-10 00:00:00-04:00,108.05000305175781,111.38999938964844,107.83000183105469,110.45999908447266,322600,0.0,0.0
2024-05-13 00:00:00-04:00,110.9000015258789,111.47000122070312,106.66999816894531,108.36000061035156,437300,0.0,0.0
2024-05-14 00:00:00-04:00,109.0999984741211,111.19999694824219,106.80999755859375,110.97000122070312,501000,0.0,0.0
2024-05-15 00:00:00-04:00,112.27999877929688,113.97000122070312,111.33000183105469,111.38999938964844,397100,0.0,0.0
2024-05-16 00:00:00-04:00,110.83999633789062,112.13999938964844,109.69000244140625,110.41000366210938,461400,0.0,0.0
2024-05-17 00:00:00-04:00,110.83999633789062,110.83999633789062,107.41000366210938,109.79000091552734,463800,0.0,0.0
2024-05-20 00:00:00-04:00,109.80999755859375,110.37999725341797,108.45999908447266,109.2699966430664,270800,0.0,0.0
2024-05-21 00:00:00-04:00,109.08999633789062,109.08999633789062,107.22000122070312,108.52999877929688,327500,0.0,0.0
2024-05-22 00:00:00-04:00,109.11000061035156,109.98999786376953,107.54000091552734,107.7300033569336,375300,0.0,0.0
2024-05-23 00:00:00-04:00,108.62000274658203,108.80799865722656,106.12999725341797,107.44000244140625,290400,0.0,0.0
2024-05-24 00:00:00-04:00,108.08999633789062,109.62300109863281,107.27999877929688,108.88999938964844,435800,0.0,0.0
2024-05-28 00:00:00-04:00,109.55999755859375,109.55999755859375,107.41000366210938,109.30000305175781,273400,0.0,0.0
2024-05-29 00:00:00-04:00,108.20999908447266,111.03199768066406,107.66999816894531,110.33999633789062,341200,0.0,0.0
2024-05-30 00:00:00-04:00,110.93000030517578,115.0999984741211,110.26000213623047,110.69999694824219,411100,0.0,0.0
2024-05-31 00:00:00-04:00,110.6500015258789,113.5999984741211,110.6500015258789,112.72000122070312,629200,0.0,0.0
2024-06-03 00:00:00-04:00,113.0,115.61499786376953,112.41000366210938,114.33999633789062,464900,0.0,0.0
2024-06-04 00:00:00-04:00,113.19999694824219,113.6449966430664,111.05000305175781,111.62999725341797,420600,0.0,0.0
2024-06-05 00:00:00-04:00,113.01000213623047,115.77999877929688,110.37000274658203,114.70999908447266,443100,0.0,0.0
2024-06-06 00:00:00-04:00,114.2300033569336,115.12000274658203,113.16000366210938,113.95999908447266,243400,0.0,0.0
2024-06-07 00:00:00-04:00,113.22000122070312,115.55000305175781,113.22000122070312,113.91000366210938,308500,0.0,0.0
2024-06-10 00:00:00-04:00,112.62000274658203,113.80000305175781,110.52999877929688,113.0,402800,0.0,0.0
2024-06-11 00:00:00-04:00,112.52999877929688,114.33000183105469,110.80000305175781,113.16999816894531,269100,0.0,0.0
2024-06-12 00:00:00-04:00,115.66000366210938,116.25,112.76000213623047,113.4800033569336,425100,0.0,0.0
2024-06-13 00:00:00-04:00,113.43000030517578,114.83999633789062,112.62000274658203,113.62999725341797,347000,0.0,0.0
2024-06-14 00:00:00-04:00,112.19999694824219,112.62999725341797,110.33000183105469,112.5999984741211,499000,0.0,0.0
2024-06-17 00:00:00-04:00,112.0,112.0199966430664,108.44000244140625,111.98999786376953,474100,0.0,0.0
2024-06-18 00:00:00-04:00,111.86000061035156,114.80000305175781,110.86000061035156,113.38999938964844,573200,0.0,0.0
2024-06-20 00:00:00-04:00,113.0,113.29000091552734,109.9000015258789,111.66000366210938,531900,0.0,0.0
2024-06-21 00:00:00-04:00,111.6500015258789,113.20999908447266,110.25,113.0199966430664,874500,0.0,0.0
2024-06-24 00:00:00-04:00,112.75,114.31999969482422,111.77999877929688,111.9800033569336,629800,0.0,0.0
2024-06-25 00:00:00-04:00,111.7300033569336,113.61000061035156,111.43000030517578,112.51000213623047,249900,0.0,0.0
2024-06-26 00:00:00-04:00,112.69999694824219,116.91000366210938,112.41999816894531,116.66000366210938,1033200,0.0,0.0
2024-06-27 00:00:00-04:00,117.0,117.91000366210938,115.30999755859375,117.37999725341797,607200,0.0,0.0
2024-06-28 00:00:00-04:00,118.11000061035156,119.88999938964844,116.37000274658203,118.3499984741211,1197100,0.0,0.0
2024-07-01 00:00:00-04:00,118.23999786376953,118.69499969482422,115.86000061035156,117.41999816894531,624900,0.0,0.0
2024-07-02 00:00:00-04:00,118.04000091552734,121.04000091552734,117.4800033569336,118.9800033569336,569000,0.0,0.0
2024-07-03 00:00:00-04:00,119.51000213623047,119.66999816894531,117.1500015258789,119.29000091552734,265100,0.0,0.0
2024-07-05 00:00:00-04:00,118.69999694824219,121.98999786376953,118.61000061035156,121.7699966430664,543500,0.0,0.0
2024-07-08 00:00:00-04:00,122.55000305175781,123.16500091552734,120.97000122070312,122.56999969482422,391400,0.0,0.0
2024-07-09 00:00:00-04:00,122.56999969482422,123.54000091552734,121.63999938964844,121.75,396600,0.0,0.0
2024-07-10 00:00:00-04:00,120.04000091552734,121.1500015258789,116.62000274658203,120.12999725341797,760600,0.0,0.0
2024-07-11 00:00:00-04:00,121.37999725341797,123.55999755859375,118.08499908447266,123.23999786376953,689800,0.0,0.0
2024-07-12 00:00:00-04:00,123.9000015258789,125.47000122070312,120.87999725341797,121.08999633789062,455000,0.0,0.0
2024-07-15 00:00:00-04:00,121.93000030517578,123.81999969482422,121.68000030517578,123.16999816894531,399300,0.0,0.0
2024-07-16 00:00:00-04:00,124.62999725341797,126.37000274658203,123.18000030517578,125.69000244140625,774800,0.0,0.0
2024-07-17 00:00:00-04:00,124.73999786376953,126.95999908447266,123.0,124.16000366210938,575000,0.0,0.0
2024-07-18 00:00:00-04:00,123.75,125.0,112.87999725341797,118.70999908447266,1044200,0.0,0.0
2024-07-19 00:00:00-04:00,119.41999816894531,121.47000122070312,118.36000061035156,120.7300033569336,406200,0.0,0.0
2024-07-22 00:00:00-04:00,121.44000244140625,123.94999694824219,120.22000122070312,122.7699966430664,526300,0.0,0.0
2024-07-23 00:00:00-04:00,122.7300033569336,126.0,121.58999633789062,125.27999877929688,641600,0.0,0.0
2024-07-24 00:00:00-04:00,124.48999786376953,125.38999938964844,121.98500061035156,122.5999984741211,563900,0.0,0.0
2024-07-25 00:00:00-04:00,121.9000015258789,123.0,117.01000213623047,117.6500015258789,590100,0.0,0.0
2024-07-26 00:00:00-04:00,119.16000366210938,120.1500015258789,117.44999694824219,119.81999969482422,617600,0.0,0.0
2024-07-29 00:00:00-04:00,120.12999725341797,122.4000015258789,116.88999938964844,119.69000244140625,572500,0.0,0.0
2024-07-30 00:00:00-04:00,120.41000366210938,121.12999725341797,116.01000213623047,117.88999938964844,418800,0.0,0.0
2024-07-31 00:00:00-04:00,117.9800033569336,119.83999633789062,116.12999725341797,117.16999816894531,837000,0.0,0.0
2024-08-01 00:00:00-04:00,111.04000091552734,118.2699966430664,107.22000122070312,117.61000061035156,1353700,0.0,0.0
2024-08-02 00:00:00-04:00,113.5,116.31999969482422,111.61000061035156,116.02999877929688,690500,0.0,0.0
2024-08-05 00:00:00-04:00,112.04000091552734,114.8499984741211,110.11900329589844,113.62000274658203,856600,0.0,0.0
2024-08-06 00:00:00-04:00,114.55000305175781,118.5199966430664,113.54000091552734,116.7300033569336,627200,0.0,0.0
2024-08-07 00:00:00-04:00,117.19000244140625,118.0199966430664,114.43000030517578,115.93000030517578,639100,0.0,0.0
2024-08-08 00:00:00-04:00,117.20999908447266,122.5199966430664,116.19200134277344,120.45999908447266,631300,0.0,0.0
2024-08-09 00:00:00-04:00,120.72000122070312,123.0199966430664,119.83000183105469,121.62000274658203,532200,0.0,0.0
2024-08-12 00:00:00-04:00,121.2699966430664,123.05000305175781,120.94999694824219,121.4800033569336,329100,0.0,0.0
2024-08-13 00:00:00-04:00,121.66000366210938,122.36000061035156,120.2300033569336,121.37999725341797,349600,0.0,0.0
2024-08-14 00:00:00-04:00,121.75,122.29000091552734,119.68000030517578,121.83000183105469,315800,0.0,0.0
2024-08-15 00:00:00-04:00,124.12000274658203,127.51000213623047,123.19999694824219,125.16000366210938,487700,0.0,0.0
2024-08-16 00:00:00-04:00,125.16000366210938,128.41000366210938,125.16000366210938,127.43000030517578,360800,0.0,0.0
2024-08-19 00:00:00-04:00,127.05999755859375,128.50900268554688,125.94999694824219,126.5,404000,0.0,0.0
2024-08-20 00:00:00-04:00,126.66999816894531,127.66999816894531,124.0,124.69000244140625,316500,0.0,0.0
2024-08-21 00:00:00-04:00,125.30999755859375,130.1300048828125,123.57499694824219,130.0,718300,0.0,0.0
2024-08-22 00:00:00-04:00,130.0,131.30999755859375,129.14999389648438,130.05999755859375,474900,0.0,0.0
2024-08-23 00:00:00-04:00,130.66000366210938,133.33999633789062,130.02000427246094,132.88999938964844,412700,0.0,0.0
2024-08-26 00:00:00-04:00,133.05999755859375,134.50999450683594,131.9199981689453,133.41000366210938,456100,0.0,0.0
2024-08-27 00:00:00-04:00,132.85000610351562,135.6300048828125,132.10000610351562,135.25999450683594,407400,0.0,0.0
2024-08-28 00:00:00-04:00,135.47999572753906,136.36000061035156,134.72500610351562,135.38999938964844,322300,0.0,0.0
2024-08-29 00:00:00-04:00,136.0,136.3300018310547,132.52000427246094,132.58999633789062,594400,0.0,0.0
2024-08-30 00:00:00-04:00,132.9499969482422,134.02000427246094,131.74000549316406,133.88999938964844,448800,0.0,0.0
2024-09-03 00:00:00-04:00,135.6300048828125,136.60499572753906,131.99000549316406,133.0,626200,0.0,0.0
2024-09-04 00:00:00-04:00,133.0,133.57000732421875,130.72999572753906,130.80999755859375,385400,0.0,0.0
2024-09-05 00:00:00-04:00,130.67999267578125,131.1999969482422,126.13999938964844,128.35000610351562,624100,0.0,0.0
2024-09-06 00:00:00-04:00,128.30999755859375,129.89999389648438,125.68000030517578,129.27999877929688,719400,0.0,0.0
2024-09-09 00:00:00-04:00,129.0399932861328,131.63999938964844,128.7100067138672,129.39999389648438,448700,0.0,0.0
2024-09-10 00:00:00-04:00,129.69000244140625,130.83999633789062,124.01000213623047,125.73999786376953,661600,0.0,0.0
2024-09-11 00:00:00-04:00,124.77999877929688,126.12999725341797,123.93000030517578,125.5,515300,0.0,0.0
2024-09-12 00:00:00-04:00,125.41999816894531,127.47000122070312,123.01000213623047,126.2699966430664,539000,0.0,0.0
2024-09-13 00:00:00-04:00,126.76000213623047,128.6300048828125,125.97000122070312,126.27999877929688,339900,0.0,0.0
2024-09-16 00:00:00-04:00,125.95999908447266,126.8499984741211,123.66999816894531,124.2699966430664,350000,0.0,0.0
2024-09-17 00:00:00-04:00,124.51000213623047,125.61000061035156,119.54000091552734,121.58000183105469,1127900,0.0,0.0
2024-09-18 00:00:00-04:00,121.12999725341797,125.05599975585938,120.37000274658203,122.30999755859375,393000,0.0,0.0
2024-09-19 00:00:00-04:00,124.93000030517578,130.27000427246094,123.88999938964844,130.07000732421875,749500,0.0,0.0
2024-09-20 00:00:00-04:00,131.4499969482422,132.2899932861328,127.4800033569336,127.77999877929688,1633500,0.0,0.0
2024-09-23 00:00:00-04:00,127.79000091552734,130.2100067138672,127.25,127.9800033569336,509800,0.0,0.0
2024-09-24 00:00:00-04:00,127.58000183105469,128.13999938964844,125.18000030517578,127.72000122070312,553300,0.0,0.0
2024-09-25 00:00:00-04:00,128.0,128.09500122070312,125.97000122070312,126.29000091552734,350700,0.0,0.0
2024-09-26 00:00:00-04:00,127.11000061035156,127.55500030517578,125.80999755859375,127.4800033569336,234500,0.0,0.0
2024-09-27 00:00:00-04:00,127.94999694824219,129.11000061035156,126.74500274658203,128.2899932861328,344700,0.0,0.0
2024-09-30 00:00:00-04:00,128.2899932861328,130.30999755859375,127.38999938964844,130.27999877929688,363200,0.0,0.0
2024-10-01 00:00:00-04:00,129.85000610351562,130.11000061035156,124.91000366210938,126.55000305175781,343400,0.0,0.0
2024-10-02 00:00:00-04:00,125.86000061035156,129.52000427246094,125.5999984741211,128.47000122070312,384600,0.0,0.0
2024-10-03 00:00:00-04:00,128.0500030517578,128.5399932861328,125.95500183105469,126.80000305175781,311700,0.0,0.0
2024-10-04 00:00:00-04:00,128.86000061035156,131.63999938964844,128.47999572753906,130.97999572753906,397900,0.0,0.0
2024-10-07 00:00:00-04:00,130.05999755859375,130.82000732421875,126.18000030517578,126.41999816894531,417600,0.0,0.0
2024-10-08 00:00:00-04:00,127.52999877929688,130.2899932861328,127.44499969482422,129.27000427246094,298300,0.0,0.0
2024-10-09 00:00:00-04:00,128.99000549316406,130.6300048828125,128.33999633789062,129.5800018310547,331900,0.0,0.0
2024-10-10 00:00:00-04:00,127.81999969482422,128.4499969482422,126.77999877929688,128.24000549316406,454700,0.0,0.0
2024-10-11 00:00:00-04:00,128.3000030517578,130.30999755859375,126.69000244140625,126.9000015258789,583200,0.0,0.0
2024-10-14 00:00:00-04:00,127.1500015258789,130.22000122070312,126.70999908447266,130.0399932861328,904000,0.0,0.0
2024-10-15 00:00:00-04:00,129.89999389648438,130.36000061035156,127.54000091552734,127.61000061035156,292000,0.0,0.0
2024-10-16 00:00:00-04:00,127.69999694824219,129.7100067138672,127.01000213623047,128.1999969482422,242200,0.0,0.0
2024-10-17 00:00:00-04:00,128.3699951171875,130.38999938964844,128.3699951171875,129.25,476400,0.0,0.0
2024-10-18 00:00:00-04:00,129.61000061035156,134.55999755859375,128.25,133.3699951171875,563500,0.0,0.0
2024-10-21 00:00:00-04:00,133.5800018310547,134.75,131.13499450683594,132.44000244140625,528800,0.0,0.0
2024-10-22 00:00:00-04:00,132.0,133.22000122070312,130.38999938964844,131.67999267578125,349000,0.0,0.0
2024-10-23 00:00:00-04:00,130.77999877929688,131.8699951171875,129.52999877929688,129.94000244140625,301900,0.0,0.0
2024-10-24 00:00:00-04:00,130.02000427246094,133.07000732421875,130.02000427246094,130.47000122070312,368300,0.0,0.0
2024-10-25 00:00:00-04:00,130.9199981689453,131.91000366210938,130.00999450683594,130.58999633789062,586000,0.0,0.0
2024-10-28 00:00:00-04:00,131.72999572753906,135.72000122070312,131.3800048828125,134.0800018310547,471800,0.0,0.0
2024-10-29 00:00:00-04:00,133.7899932861328,137.80999755859375,133.0590057373047,137.75,447100,0.0,0.0
2024-10-30 00:00:00-04:00,137.0,139.5050048828125,136.6699981689453,138.67999267578125,449500,0.0,0.0
2024-10-31 00:00:00-04:00,137.52000427246094,138.28799438476562,131.6300048828125,132.25,679000,0.0,0.0
2024-11-01 00:00:00-04:00,133.00999450683594,134.16000366210938,129.0800018310547,131.77000427246094,645900,0.0,0.0
2024-11-04 00:00:00-05:00,130.39999389648438,133.77499389648438,128.9600067138672,131.3800048828125,815500,0.0,0.0
2024-11-05 00:00:00-05:00,125.0,131.08999633789062,124.5999984741211,127.86000061035156,1672700,0.0,0.0
2024-11-06 00:00:00-05:00,133.74000549316406,142.4499969482422,130.91000366210938,140.63999938964844,1428600,0.0,0.0
2024-11-07 00:00:00-05:00,141.1199951171875,143.24000549316406,136.05999755859375,139.3300018310547,667400,0.0,0.0
2024-11-08 00:00:00-05:00,139.02000427246094,143.5800018310547,137.92999267578125,141.75,681600,0.0,0.0
2024-11-11 00:00:00-05:00,143.1300048828125,145.50999450683594,141.5500030517578,143.0399932861328,423700,0.0,0.0
2024-11-12 00:00:00-05:00,142.25999450683594,144.42999267578125,141.69000244140625,143.6300048828125,412100,0.0,0.0
2024-11-13 00:00:00-05:00,144.0,145.83999633789062,143.1999969482422,143.25,341200,0.0,0.0
2024-11-14 00:00:00-05:00,143.67999267578125,143.67999267578125,138.16000366210938,138.6199951171875,403800,0.0,0.0
2024-11-15 00:00:00-05:00,139.36000061035156,139.4499969482422,137.0,138.44000244140625,336700,0.0,0.0
2024-11-18 00:00:00-05:00,139.0,139.8000030517578,136.64999389648438,136.97999572753906,389900,0.0,0.0
2024-11-19 00:00:00-05:00,135.74000549316406,144.99000549316406,135.74000549316406,144.2100067138672,420000,0.0,0.0
2024-11-20 00:00:00-05:00,144.25,144.4949951171875,139.86500549316406,141.44000244140625,362100,0.0,0.0
2024-11-21 00:00:00-05:00,141.86000061035156,144.13999938964844,140.69000244140625,140.8300018310547,241800,0.0,0.0
2024-11-22 00:00:00-05:00,141.17999267578125,146.0850067138672,141.17999267578125,144.0,549000,0.0,0.0
2024-11-25 00:00:00-05:00,145.19000244140625,146.86000061035156,141.74000549316406,142.94000244140625,662000,0.0,0.0
2024-11-26 00:00:00-05:00,144.0,144.0,139.5399932861328,140.72999572753906,597100,0.0,0.0
2024-11-27 00:00:00-05:00,141.75,144.50999450683594,141.55999755859375,142.69000244140625,348800,0.0,0.0
2024-11-29 00:00:00-05:00,143.5,144.4199981689453,142.14999389648438,143.64999389648438,165900,0.0,0.0
2024-12-02 00:00:00-05:00,140.0,142.38499450683594,138.72000122070312,139.0800018310547,478800,0.0,0.0
2024-12-03 00:00:00-05:00,138.75,138.75,133.3000030517578,136.0,490600,0.0,0.0
2024-12-04 00:00:00-05:00,136.47000122070312,140.16000366210938,135.52000427246094,138.27000427246094,770500,0.0,0.0
2024-12-05 00:00:00-05:00,137.36000061035156,137.89100646972656,134.61000061035156,135.6999969482422,453700,0.0,0.0
2024-12-06 00:00:00-05:00,136.5,142.8000030517578,136.5,140.27999877929688,762200,0.0,0.0
2024-12-09 00:00:00-05:00,140.9600067138672,142.63999938964844,136.90499877929688,138.69000244140625,432700,0.0,0.0
2024-12-10 00:00:00-05:00,139.55999755859375,141.55999755859375,136.13999938964844,136.3800048828125,387700,0.0,0.0
2024-12-11 00:00:00-05:00,140.91000366210938,147.64999389648438,140.5050048828125,142.88999938964844,798900,0.0,0.0
2024-12-12 00:00:00-05:00,143.30999755859375,145.7899932861328,140.05499267578125,140.32000732421875,360100,0.0,0.0
2024-12-13 00:00:00-05:00,139.8699951171875,142.75,138.82000732421875,138.92999267578125,610000,0.0,0.0
2024-12-16 00:00:00-05:00,138.3699951171875,144.97500610351562,137.60000610351562,144.1300048828125,697300,0.0,0.0
2024-12-17 00:00:00-05:00,144.9199981689453,147.5,143.2100067138672,146.35000610351562,703600,0.0,0.0
2024-12-18 00:00:00-05:00,146.44000244140625,147.35000610351562,143.80999755859375,145.13999938964844,1557900,0.0,0.0
2024-12-19 00:00:00-05:00,146.35000610351562,148.6699981689453,143.72000122070312,143.74000549316406,593000,0.0,0.0
2024-12-20 00:00:00-05:00,141.52999877929688,151.1199951171875,141.52999877929688,150.8800048828125,1054000,0.0,0.0
2024-12-23 00:00:00-05:00,150.8800048828125,151.9199981689453,147.07000732421875,148.36000061035156,446700,0.0,0.0
2024-12-24 00:00:00-05:00,148.9600067138672,151.9199981689453,148.64999389648438,151.22000122070312,239700,0.0,0.0
2024-12-26 00:00:00-05:00,150.69000244140625,153.5,150.00999450683594,152.6699981689453,331100,0.0,0.0
2024-12-27 00:00:00-05:00,151.27000427246094,152.9499969482422,148.5800018310547,151.16000366210938,537800,0.0,0.0
2024-12-30 00:00:00-05:00,148.86000061035156,151.66000366210938,148.22999572753906,149.50999450683594,643100,0.0,0.0
2024-12-31 00:00:00-05:00,152.4499969482422,153.49000549316406,149.94000244140625,149.94000244140625,768800,0.0,0.0
2025-01-02 00:00:00-05:00,150.91000366210938,152.17999267578125,148.00999450683594,149.67999267578125,571100,0.0,0.0
2025-01-03 00:00:00-05:00,150.5500030517578,151.9199981689453,149.27499389648438,151.4499969482422,372400,0.0,0.0
2025-01-06 00:00:00-05:00,150.9199981689453,155.75999450683594,150.9199981689453,155.1999969482422,603400,0.0,0.0
2025-01-07 00:00:00-05:00,155.1999969482422,157.30599975585938,153.33999633789062,156.60000610351562,670000,0.0,0.0
2025-01-08 00:00:00-05:00,156.0399932861328,159.1199951171875,155.35000610351562,158.1199951171875,761400,0.0,0.0
2025-01-10 00:00:00-05:00,156.25999450683594,161.1300048828125,154.88999938964844,156.52999877929688,882000,0.0,0.0
2025-01-13 00:00:00-05:00,153.6699981689453,153.75,149.552001953125,151.8699951171875,671300,0.0,0.0
2025-01-14 00:00:00-05:00,152.49000549316406,154.75999450683594,147.2100067138672,147.9499969482422,693900,0.0,0.0
2025-01-15 00:00:00-05:00,149.5500030517578,150.77000427246094,142.7100067138672,149.77000427246094,801400,0.0,0.0
2025-01-16 00:00:00-05:00,149.7100067138672,158.00999450683594,149.55999755859375,156.50999450683594,517500,0.0,0.0
2025-01-17 00:00:00-05:00,157.24000549316406,157.8300018310547,153.6750030517578,156.38999938964844,529100,0.0,0.0
2025-01-21 00:00:00-05:00,158.1300048828125,161.30499267578125,157.29100036621094,159.33999633789062,393500,0.0,0.0
2025-01-22 00:00:00-05:00,159.39999389648438,160.39999389648438,158.6300048828125,160.1199951171875,531800,0.0,0.0
2025-01-23 00:00:00-05:00,159.27999877929688,163.7100067138672,158.25,161.22000122070312,530800,0.0,0.0
2025-01-24 00:00:00-05:00,159.42999267578125,161.3300018310547,158.2949981689453,160.22000122070312,369700,0.0,0.0
2025-01-27 00:00:00-05:00,159.2100067138672,161.22500610351562,153.02000427246094,157.02999877929688,534400,0.0,0.0
2025-01-28 00:00:00-05:00,157.5399932861328,160.1699981689453,156.13999938964844,159.67999267578125,353700,0.0,0.0
2025-01-29 00:00:00-05:00,160.08999633789062,161.1300048828125,157.875,159.00999450683594,232600,0.0,0.0
2025-01-30 00:00:00-05:00,160.39999389648438,161.26499938964844,157.66000366210938,157.75,350000,0.0,0.0
2025-01-31 00:00:00-05:00,158.0800018310547,159.4199981689453,154.25,156.44000244140625,476000,0.0,0.0
2025-02-03 00:00:00-05:00,154.6199951171875,158.88999938964844,153.8000030517578,156.0800018310547,546800,0.0,0.0
2025-02-04 00:00:00-05:00,156.24000549316406,157.86000061035156,153.7899932861328,154.32000732421875,519900,0.0,0.0
2025-02-05 00:00:00-05:00,155.08999633789062,157.77999877929688,152.99000549316406,157.11000061035156,511400,0.0,0.0
2025-02-06 00:00:00-05:00,156.77000427246094,156.77000427246094,152.5,155.27999877929688,467200,0.0,0.0
2025-02-07 00:00:00-05:00,155.35000610351562,156.8000030517578,152.45700073242188,153.0800018310547,550600,0.0,0.0
2025-02-10 00:00:00-05:00,153.80999755859375,153.80999755859375,149.77499389648438,150.00999450683594,310200,0.0,0.0
2025-02-11 00:00:00-05:00,148.64999389648438,148.9949951171875,143.63999938964844,145.33999633789062,553900,0.0,0.0
2025-02-12 00:00:00-05:00,142.9499969482422,144.69500732421875,142.50999450683594,143.63999938964844,373700,0.0,0.0
2025-02-13 00:00:00-05:00,144.22000122070312,146.76499938964844,142.67999267578125,146.3800048828125,509900,0.0,0.0
2025-02-14 00:00:00-05:00,146.97000122070312,154.05999755859375,146.82000732421875,153.1999969482422,747300,0.0,0.0
2025-02-18 00:00:00-05:00,154.0,157.3300018310547,152.8800048828125,152.9600067138672,634900,0.0,0.0
2025-02-19 00:00:00-05:00,156.6999969482422,161.77999877929688,153.99000549316406,160.5800018310547,1149100,0.0,0.0
2025-02-20 00:00:00-05:00,160.02000427246094,161.5800018310547,156.85499572753906,157.36000061035156,1118100,0.0,0.0
2025-02-21 00:00:00-05:00,141.35000610351562,142.9499969482422,124.94999694824219,125.87999725341797,4140400,0.0,0.0
2025-02-24 00:00:00-05:00,126.76000213623047,130.69000244140625,124.11000061035156,124.23999786376953,1895100,0.0,0.0
2025-02-25 00:00:00-05:00,123.13999938964844,125.30000305175781,116.20500183105469,120.51000213623047,1640800,0.0,0.0
2025-02-26 00:00:00-05:00,121.52999877929688,124.30000305175781,119.41000366210938,120.48999786376953,948200,0.0,0.0
2025-02-27 00:00:00-05:00,120.25,122.3550033569336,118.30000305175781,118.33000183105469,519700,0.0,0.0
2025-02-28 00:00:00-05:00,117.97000122070312,120.19000244140625,116.43000030517578,120.0199966430664,610800,0.0,0.0
2025-03-03 00:00:00-05:00,120.0,120.22000122070312,108.38999938964844,109.1500015258789,1907500,0.0,0.0
2025-03-04 00:00:00-05:00,107.18000030517578,113.41999816894531,105.5260009765625,112.20999908447266,1017200,0.0,0.0
2025-03-05 00:00:00-05:00,112.20999908447266,113.69400024414062,110.44000244140625,112.12000274658203,810100,0.0,0.0
2025-03-06 00:00:00-05:00,109.19999694824219,110.22000122070312,102.97000122070312,103.19999694824219,1378600,0.0,0.0
2025-03-07 00:00:00-05:00,102.87999725341797,106.0199966430664,99.75,104.19000244140625,1401800,0.0,0.0
2025-03-10 00:00:00-04:00,100.87000274658203,101.8949966430664,91.77999877929688,96.66999816894531,2681700,0.0,0.0
2025-03-11 00:00:00-04:00,96.51000213623047,100.0199966430664,96.0,97.79000091552734,1004800,0.0,0.0
2025-03-12 00:00:00-04:00,100.55000305175781,103.94000244140625,99.7300033569336,103.33999633789062,1403500,0.0,0.0
2025-03-13 00:00:00-04:00,102.80000305175781,103.2750015258789,96.26000213623047,96.5999984741211,707100,0.0,0.0
2025-03-14 00:00:00-04:00,97.91999816894531,103.3499984741211,97.75,102.19000244140625,1090400,0.0,0.0
2025-03-17 00:00:00-04:00,101.91999816894531,104.47000122070312,101.60700225830078,103.3499984741211,747600,0.0,0.0
2025-03-18 00:00:00-04:00,102.55999755859375,103.69000244140625,99.5199966430664,100.54000091552734,840500,0.0,0.0
2025-03-19 00:00:00-04:00,101.33000183105469,102.91000366210938,100.08000183105469,101.23999786376953,966000,0.0,0.0
2025-03-20 00:00:00-04:00,100.25,102.44000244140625,99.58999633789062,100.62999725341797,772900,0.0,0.0
2025-03-21 00:00:00-04:00,98.23999786376953,102.37999725341797,98.0270004272461,102.26000213623047,1040800,0.0,0.0
2025-03-24 00:00:00-04:00,104.7300033569336,108.62000274658203,104.7300033569336,107.61000061035156,753900,0.0,0.0
2025-03-25 00:00:00-04:00,107.55999755859375,108.41000366210938,105.77999877929688,106.91000366210938,527100,0.0,0.0
2025-03-26 00:00:00-04:00,106.88999938964844,107.12000274658203,102.6500015258789,103.12999725341797,480000,0.0,0.0
2025-03-27 00:00:00-04:00,103.19999694824219,105.06999969482422,102.19999694824219,103.62000274658203,426400,0.0,0.0
2025-03-28 00:00:00-04:00,102.58000183105469,102.75599670410156,99.1500015258789,102.0,676500,0.0,0.0
2025-03-31 00:00:00-04:00,100.47000122070312,100.47000122070312,95.98999786376953,98.41999816894531,956900,0.0,0.0
2025-04-01 00:00:00-04:00,98.05999755859375,98.38999938964844,94.25,97.08999633789062,908000,0.0,0.0
2025-04-02 00:00:00-04:00,95.08000183105469,100.56500244140625,94.1500015258789,100.04000091552734,810100,0.0,0.0
2025-04-03 00:00:00-04:00,92.81999969482422,95.37999725341797,86.72000122070312,87.0,2049800,0.0,0.0
2025-04-04 00:00:00-04:00,83.08999633789062,85.47000122070312,77.91000366210938,83.6500015258789,1715800,0.0,0.0
2025-04-07 00:00:00-04:00,79.4800033569336,89.93000030517578,78.77999877929688,86.06999969482422,1996200,0.0,0.0
2025-04-08 00:00:00-04:00,90.33000183105469,91.76499938964844,80.45999908447266,82.2699966430664,1309700,0.0,0.0
2025-04-09 00:00:00-04:00,81.4000015258789,94.45999908447266,80.5,93.55000305175781,1689300,0.0,0.0
2025-04-10 00:00:00-04:00,91.1500015258789,91.41500091552734,87.66000366210938,89.66000366210938,858000,0.0,0.0
2025-04-11 00:00:00-04:00,89.66000366210938,91.25399780273438,86.31500244140625,90.06999969482422,533100,0.0,0.0
2025-04-14 00:00:00-04:00,92.05999755859375,93.2300033569336,90.1500015258789,92.91000366210938,712700,0.0,0.0
2025-04-15 00:00:00-04:00,93.02999877929688,94.55000305175781,92.66999816894531,94.5199966430664,595700,0.0,0.0
2025-04-16 00:00:00-04:00,92.8499984741211,92.9800033569336,86.15499877929688,88.80000305175781,1692100,0.0,0.0
2025-04-17 00:00:00-04:00,89.25,91.43000030517578,88.02999877929688,90.26000213623047,662600,0.0,0.0
2025-04-21 00:00:00-04:00,88.94000244140625,89.85900115966797,87.16500091552734,88.30000305175781,772000,0.0,0.0
2025-04-22 00:00:00-04:00,89.80999755859375,90.50199890136719,88.13999938964844,89.7300033569336,512100,0.0,0.0
2025-04-23 00:00:00-04:00,93.81999969482422,98.86000061035156,91.86000061035156,92.61000061035156,904500,0.0,0.0
2025-04-24 00:00:00-04:00,93.79000091552734,95.43000030517578,93.0,95.43000030517578,693800,0.0,0.0
2025-04-25 00:00:00-04:00,94.93000030517578,96.70999908447266,93.19999694824219,96.68000030517578,545200,0.0,0.0
2025-04-28 00:00:00-04:00,96.54000091552734,97.37999725341797,92.79000091552734,93.80999755859375,961800,0.0,0.0
2025-04-29 00:00:00-04:00,94.05000305175781,94.72000122070312,92.81999969482422,93.83000183105469,915200,0.0,0.0
2025-04-30 00:00:00-04:00,91.69999694824219,94.5,90.30999755859375,94.25,1382500,0.0,0.0
2025-05-01 00:00:00-04:00,84.41999816894531,85.43000030517578,77.10199737548828,83.54000091552734,4556200,0.0,0.0
2025-05-02 00:00:00-04:00,84.58999633789062,89.62000274658203,84.38099670410156,87.61000061035156,2188300,0.0,0.0
2025-05-05 00:00:00-04:00,85.66000366210938,87.66999816894531,84.73999786376953,86.86000061035156,1135600,0.0,0.0
2025-05-06 00:00:00-04:00,85.12999725341797,87.55999755859375,84.26100158691406,87.19999694824219,760800,0.0,0.0
2025-05-07 00:00:00-04:00,87.70999908447266,89.47000122070312,86.4000015258789,88.23999786376953,962400,0.0,0.0
2025-05-08 00:00:00-04:00,89.70999908447266,92.2699966430664,88.2249984741211,90.54000091552734,771400,0.0,0.0
2025-05-09 00:00:00-04:00,90.75,91.83000183105469,89.55000305175781,89.95999908447266,512000,0.0,0.0
2025-05-12 00:00:00-04:00,93.44999694824219,96.20999908447266,93.41999816894531,94.63999938964844,735300,0.0,0.0
2025-05-13 00:00:00-04:00,94.83999633789062,95.78500366210938,92.12000274658203,92.36000061035156,901900,0.0,0.0
2025-05-14 00:00:00-04:00,91.87000274658203,93.69999694824219,91.12000274658203,91.56999969482422,692100,0.0,0.0
2025-05-15 00:00:00-04:00,90.2699966430664,92.62000274658203,89.0,91.62000274658203,505800,0.0,0.0
2025-05-16 00:00:00-04:00,92.5999984741211,95.54499816894531,91.52999877929688,95.47000122070312,773100,0.0,0.0
2025-05-19 00:00:00-04:00,93.22000122070312,95.87999725341797,92.63999938964844,95.8499984741211,782400,0.0,0.0
2025-05-20 00:00:00-04:00,95.11000061035156,98.00499725341797,94.41999816894531,97.48999786376953,754200,0.0,0.0
2025-05-21 00:00:00-04:00,96.41000366210938,97.7020034790039,94.53500366210938,94.81999969482422,1079500,0.0,0.0
2025-05-22 00:00:00-04:00,93.86000061035156,97.48999786376953,93.5199966430664,97.19000244140625,864300,0.0,0.0
2025-05-23 00:00:00-04:00,94.77999877929688,96.80000305175781,94.63999938964844,96.0199966430664,829100,0.0,0.0
2025-05-27 00:00:00-04:00,98.13999938964844,101.56999969482422,96.56999969482422,96.97000122070312,1111100,0.0,0.0
2025-05-28 00:00:00-04:00,97.33999633789062,97.33999633789062,94.66999816894531,94.95999908447266,591500,0.0,0.0
2025-05-29 00:00:00-04:00,96.16000366210938,97.03500366210938,94.00499725341797,94.87000274658203,1197100,0.0,0.0
2025-05-30 00:00:00-04:00,93.79000091552734,95.13999938964844,91.97000122070312,94.29000091552734,1146100,0.0,0.0
2025-06-02 00:00:00-04:00,94.0199966430664,95.19999694824219,91.37000274658203,94.79000091552734,598300,0.0,0.0
2025-06-03 00:00:00-04:00,95.12000274658203,96.91000366210938,93.875,94.48999786376953,740400,0.0,0.0
2025-06-04 00:00:00-04:00,93.87999725341797,94.98999786376953,90.91999816894531,90.95999908447266,907300,0.0,0.0
2025-06-05 00:00:00-04:00,91.01000213623047,93.80999755859375,90.9000015258789,92.69000244140625,811300,0.0,0.0
2025-06-06 00:00:00-04:00,94.33999633789062,95.0,92.91999816894531,92.98999786376953,653300,0.0,0.0
2025-06-09 00:00:00-04:00,94.05999755859375,94.87999725341797,92.31999969482422,94.63999938964844,683600,0.0,0.0
2025-06-10 00:00:00-04:00,94.66999816894531,96.38999938964844,94.17500305175781,95.63999938964844,778400,0.0,0.0
2025-06-11 00:00:00-04:00,96.11000061035156,102.56300354003906,96.0999984741211,99.1500015258789,1778600,0.0,0.0
2025-06-12 00:00:00-04:00,98.0,98.83999633789062,96.01000213623047,97.5999984741211,847300,0.0,0.0
2025-06-13 00:00:00-04:00,96.20999908447266,99.69999694824219,96.01000213623047,97.5999984741211,797600,0.0,0.0
2025-06-16 00:00:00-04:00,98.31999969482422,101.87999725341797,98.31999969482422,100.13999938964844,1250300,0.0,0.0
2025-06-17 00:00:00-04:00,98.79000091552734,101.73999786376953,97.54000091552734,99.80999755859375,813200,0.0,0.0
2025-06-18 00:00:00-04:00,99.80000305175781,102.81999969482422,98.18000030517578,102.33999633789062,1056100,0.0,0.0
2025-06-20 00:00:00-04:00,103.12000274658203,103.12000274658203,99.76000213623047,100.1500015258789,1880500,0.0,0.0
2025-06-23 00:00:00-04:00,97.97000122070312,99.76000213623047,96.04000091552734,96.80000305175781,684700,0.0,0.0
2025-06-24 00:00:00-04:00,97.81999969482422,100.30999755859375,96.8550033569336,100.19999694824219,549800,0.0,0.0
2025-06-25 00:00:00-04:00,100.9800033569336,101.31500244140625,98.79000091552734,99.30999755859375,404100,0.0,0.0
2025-06-26 00:00:00-04:00,99.93000030517578,101.29000091552734,98.91000366210938,101.05999755859375,453400,0.0,0.0
2025-06-27 00:00:00-04:00,101.0999984741211,103.63999938964844,100.45999908447266,101.41999816894531,1956500,0.0,0.0
2025-06-30 00:00:00-04:00,102.47000122070312,104.58000183105469,101.98999786376953,103.29000091552734,984100,0.0,0.0
2025-07-01 00:00:00-04:00,102.27999877929688,103.05999755859375,100.91999816894531,102.5199966430664,512300,0.0,0.0
2025-07-02 00:00:00-04:00,103.22000122070312,106.5199966430664,101.95999908447266,103.62999725341797,875300,0.0,0.0
2025-07-03 00:00:00-04:00,103.9800033569336,104.38999938964844,102.19999694824219,103.5,289900,0.0,0.0
2025-07-07 00:00:00-04:00,103.76000213623047,106.47000122070312,101.38999938964844,101.45999908447266,962900,0.0,0.0
2025-07-08 00:00:00-04:00,102.36000061035156,104.05999755859375,101.45999908447266,102.43000030517578,816800,0.0,0.0
2025-07-09 00:00:00-04:00,102.54000091552734,105.5199966430664,101.30000305175781,104.72000122070312,678500,0.0,0.0
2025-07-10 00:00:00-04:00,104.0,106.81999969482422,103.38999938964844,106.55000305175781,441400,0.0,0.0
2025-07-11 00:00:00-04:00,104.9800033569336,105.48500061035156,103.08000183105469,103.80999755859375,660500,0.0,0.0
2025-07-14 00:00:00-04:00,103.61000061035156,105.41000366210938,103.5,104.19000244140625,662700,0.0,0.0
2025-07-15 00:00:00-04:00,103.13999938964844,104.72000122070312,98.06500244140625,98.26000213623047,1125000,0.0,0.0
2025-07-16 00:00:00-04:00,99.16000366210938,100.19000244140625,97.5,98.5,1130600,0.0,0.0
2025-07-17 00:00:00-04:00,99.22000122070312,100.33000183105469,98.63999938964844,99.0,872100,0.0,0.0
2025-07-18 00:00:00-04:00,100.0999984741211,100.31999969482422,97.69000244140625,97.69999694824219,599100,0.0,0.0
2025-07-21 00:00:00-04:00,97.47000122070312,98.63500213623047,96.69000244140625,96.7300033569336,618800,0.0,0.0
2025-07-22 00:00:00-04:00,96.73999786376953,97.41500091552734,95.33999633789062,96.36000061035156,1116200,0.0,0.0
2025-07-23 00:00:00-04:00,97.75,98.20999908447266,95.93000030517578,96.0,1115100,0.0,0.0
2025-07-24 00:00:00-04:00,96.16999816894531,96.18499755859375,92.41999816894531,94.37999725341797,1117000,0.0,0.0
2025-07-25 00:00:00-04:00,94.72000122070312,94.91000366210938,93.27999877929688,94.30000305175781,851500,0.0,0.0
2025-07-28 00:00:00-04:00,95.25,95.4749984741211,94.05000305175781,94.91999816894531,894800,0.0,0.0
2025-07-29 00:00:00-04:00,95.43000030517578,95.43000030517578,93.56999969482422,93.76000213623047,1149400,0.0,0.0
2025-07-30 00:00:00-04:00,95.25,97.76000213623047,94.0199966430664,94.05000305175781,2445000,0.0,0.0
2025-07-31 00:00:00-04:00,93.5,94.80999755859375,83.47000122070312,86.08999633789062,4830000,0.0,0.0
2025-08-01 00:00:00-04:00,84.41000366210938,86.44000244140625,82.87999725341797,86.16000366210938,1508200,0.0,0.0
2025-08-04 00:00:00-04:00,86.43000030517578,87.8949966430664,85.43000030517578,87.5,794000,0.0,0.0
2025-08-05 00:00:00-04:00,87.12999725341797,89.375,84.58000183105469,88.05999755859375,1764500,0.0,0.0
2025-08-06 00:00:00-04:00,88.91000366210938,90.00499725341797,87.37100219726562,88.48999786376953,1141600,0.0,0.0
2025-08-07 00:00:00-04:00,89.04000091552734,90.30000305175781,85.9800033569336,88.0,1142000,0.0,0.0
2025-08-08 00:00:00-04:00,88.33000183105469,88.91000366210938,84.5999984741211,84.6500015258789,812000,0.0,0.0
2025-08-11 00:00:00-04:00,84.62000274658203,87.08999633789062,84.37000274658203,87.0199966430664,884100,0.0,0.0
2025-08-12 00:00:00-04:00,87.83000183105469,89.50499725341797,85.9280014038086,89.33999633789062,1015900,0.0,0.0
2025-08-13 00:00:00-04:00,90.02999877929688,92.69499969482422,90.01000213623047,91.79000091552734,984700,0.0,0.0
2025-08-14 00:00:00-04:00,91.22000122070312,91.36499786376953,88.94000244140625,91.08000183105469,666500,0.0,0.0
2025-08-15 00:00:00-04:00,91.3499984741211,92.22000122070312,89.12999725341797,89.86000061035156,907200,0.0,0.0
2025-08-18 00:00:00-04:00,90.02999877929688,91.36000061035156,89.38999938964844,89.5199966430664,579600,0.0,0.0
2025-08-19 00:00:00-04:00,89.5,91.02999877929688,88.20999908447266,91.02999877929688,842100,0.0,0.0
2025-08-20 00:00:00-04:00,90.88999938964844,91.34500122070312,89.23999786376953,90.94000244140625,666900,0.0,0.0
2025-08-21 00:00:00-04:00,89.87000274658203,90.38999938964844,88.84500122070312,89.79000091552734,400200,0.0,0.0
2025-08-22 00:00:00-04:00,90.79000091552734,94.70999908447266,89.4800033569336,94.1500015258789,688100,0.0,0.0
2025-08-25 00:00:00-04:00,94.05000305175781,94.17500305175781,91.52999877929688,91.55000305175781,571200,0.0,0.0
2025-08-26 00:00:00-04:00,91.43000030517578,94.05000305175781,91.43000030517578,93.79000091552734,584400,0.0,0.0
2025-08-27 00:00:00-04:00,93.7699966430664,96.4000015258789,93.7699966430664,95.12000274658203,421900,0.0,0.0
2025-08-28 00:00:00-04:00,95.30000305175781,96.66999816894531,94.7239990234375,96.55999755859375,549200,0.0,0.0
2025-08-29 00:00:00-04:00,96.08999633789062,97.0,94.98999786376953,95.81999969482422,488500,0.0,0.0
2025-09-02 00:00:00-04:00,94.4800033569336,95.56999969482422,93.16000366210938,93.94999694824219,467100,0.0,0.0
2025-09-03 00:00:00-04:00,93.87000274658203,94.76000213623047,93.05000305175781,94.47000122070312,678600,0.0,0.0
2025-09-04 00:00:00-04:00,93.91000366210938,94.13500213623047,89.83000183105469,90.13999938964844,1169200,0.0,0.0
2025-09-05 00:00:00-04:00,93.0,95.31999969482422,92.01000213623047,93.94000244140625,758700,0.0,0.0
2025-09-08 00:00:00-04:00,94.13999938964844,94.31999969482422,91.7300033569336,91.87999725341797,662700,0.0,0.0
2025-09-09 00:00:00-04:00,91.36000061035156,91.87999725341797,90.16999816894531,90.91000366210938,646900,0.0,0.0
2025-09-10 00:00:00-04:00,90.37000274658203,90.94999694824219,86.80999755859375,87.5199966430664,867000,0.0,0.0
2025-09-11 00:00:00-04:00,87.54000091552734,89.33000183105469,87.13999938964844,87.47000122070312,786200,0.0,0.0
2025-09-12 00:00:00-04:00,87.19999694824219,87.37000274658203,82.52999877929688,82.76000213623047,883600,0.0,0.0
2025-09-15 00:00:00-04:00,83.16999816894531,83.93000030517578,80.5199966430664,80.63999938964844,1212500,0.0,0.0
2025-09-16 00:00:00-04:00,81.02999877929688,83.26000213623047,80.85299682617188,82.3499984741211,903400,0.0,0.0
2025-09-17 00:00:00-04:00,82.48999786376953,83.62000274658203,80.52999877929688,82.0999984741211,1119400,0.0,0.0
2025-09-18 00:00:00-04:00,83.1500015258789,86.18000030517578,81.80000305175781,85.83999633789062,947500,0.0,0.0
2025-09-19 00:00:00-04:00,86.4000015258789,86.94000244140625,81.16000366210938,83.47000122070312,1721400,0.0,0.0
2025-09-22 00:00:00-04:00,81.86000061035156,85.1050033569336,81.46399688720703,84.62000274658203,594100,0.0,0.0
2025-09-23 00:00:00-04:00,84.79000091552734,85.58000183105469,84.05999755859375,84.69000244140625,765200,0.0,0.0
2025-09-24 00:00:00-04:00,84.69000244140625,85.16000366210938,82.70999908447266,82.79000091552734,497500,0.0,0.0
2025-09-25 00:00:00-04:00,82.27999877929688,82.51000213623047,80.88999938964844,81.47000122070312,542300,0.0,0.0
2025-09-26 00:00:00-04:00,81.43000030517578,82.13999938964844,79.3499984741211,79.91999816894531,1184500,0.0,0.0
2025-09-29 00:00:00-04:00,80.55999755859375,81.61000061035156,79.0199966430664,81.27999877929688,575000,0.0,0.0
2025-09-30 00:00:00-04:00,80.83000183105469,81.68000030517578,79.66000366210938,81.55000305175781,770900,0.0,0.0
2025-10-01 00:00:00-04:00,82.86000061035156,84.4800033569336,80.1989974975586,83.19000244140625,790300,0.0,0.0
2025-10-02 00:00:00-04:00,83.44999694824219,85.12000274658203,83.0,84.48999786376953,817700,0.0,0.0
2025-10-03 00:00:00-04:00,84.55999755859375,88.5,83.87999725341797,87.41000366210938,882900,0.0,0.0
2025-10-06 00:00:00-04:00,88.2699966430664,89.29000091552734,85.5999984741211,86.62000274658203,967100,0.0,0.0
2025-10-07 00:00:00-04:00,86.66000366210938,86.9000015258789,83.76499938964844,84.08999633789062,465100,0.0,0.0
2025-10-08 00:00:00-04:00,86.4000015258789,87.66000366210938,84.58999633789062,87.58999633789062,409900,0.0,0.0
2025-10-09 00:00:00-04:00,87.58999633789062,87.83200073242188,86.18000030517578,87.0199966430664,354200,0.0,0.0
2025-10-10 00:00:00-04:00,87.0,87.0,82.37000274658203,82.55999755859375,703700,0.0,0.0
2025-10-13 00:00:00-04:00,83.58000183105469,84.69999694824219,82.19000244140625,83.08999633789062,719100,0.0,0.0
2025-10-14 00:00:00-04:00,83.22000122070312,86.73999786376953,82.45999908447266,85.31999969482422,1121000,0.0,0.0
2025-10-15 00:00:00-04:00,85.73999786376953,86.37000274658203,83.3499984741211,85.5999984741211,753700,0.0,0.0
2025-10-16 00:00:00-04:00,85.88999938964844,87.4800033569336,84.54000091552734,85.33000183105469,749300,0.0,0.0
2025-10-17 00:00:00-04:00,84.79000091552734,88.93499755859375,84.79000091552734,87.16999816894531,707700,0.0,0.0
2025-10-20 00:00:00-04:00,88.80000305175781,89.75,75.36000061035156,79.47000122070312,3190300,0.0,0.0
2025-10-21 00:00:00-04:00,79.51000213623047,79.7300033569336,73.7300033569336,75.87999725341797,3138700,0.0,0.0
2025-10-22 00:00:00-04:00,76.98999786376953,76.98999786376953,74.44000244140625,76.62999725341797,1689700,0.0,0.0
2025-10-23 00:00:00-04:00,76.20999908447266,77.06999969482422,75.01000213623047,75.26000213623047,883900,0.0,0.0
2025-10-24 00:00:00-04:00,75.80000305175781,76.08000183105469,74.55000305175781,74.66999816894531,1309100,0.0,0.0
2025-10-27 00:00:00-04:00,79.5,79.5,74.51000213623047,75.68000030517578,2699400,0.0,0.0
2025-10-28 00:00:00-04:00,75.0,77.83000183105469,73.16000366210938,77.79000091552734,1468400,0.0,0.0
2025-10-29 00:00:00-04:00,77.06999969482422,80.99800109863281,76.875,77.08999633789062,2372100,0.0,0.0
2025-10-30 00:00:00-04:00,95.06999969482422,102.80000305175781,85.8499984741211,87.80000305175781,4834300,0.0,0.0
2025-10-31 00:00:00-04:00,86.52999877929688,90.61499786376953,85.86299896240234,88.06999969482422,1634400,0.0,0.0
2025-11-03 00:00:00-05:00,88.08999633789062,88.66999816894531,83.45999908447266,87.38999938964844,1373900,0.0,0.0
2025-11-04 00:00:00-05:00,85.86000061035156,88.29000091552734,85.16000366210938,85.94999694824219,767500,0.0,0.0
2025-11-05 00:00:00-05:00,85.25,86.81999969482422,83.36000061035156,84.3499984741211,691800,0.0,0.0
2025-11-06 00:00:00-05:00,83.94999694824219,84.07499694824219,81.61000061035156,81.79000091552734,597400,0.0,0.0
2025-11-07 00:00:00-05:00,81.80000305175781,84.36000061035156,80.90499877929688,83.86000061035156,988300,0.0,0.0
2025-11-10 00:00:00-05:00,83.77999877929688,88.61000061035156,83.77999877929688,88.3499984741211,1140700,0.0,0.0
2025-11-11 00:00:00-05:00,88.81999969482422,92.13999938964844,88.72000122070312,89.88999938964844,1530400,0.0,0.0
2025-11-12 00:00:00-05:00,90.87000274658203,93.0,88.5999984741211,92.61000061035156,1679700,0.0,0.0
2025-11-13 00:00:00-05:00,91.16999816894531,97.22000122070312,91.16999816894531,91.80999755859375,2607500,0.0,0.0
2025-11-14 00:00:00-05:00,90.6500015258789,93.13999938964844,88.75499725341797,90.02999877929688,1131100,0.0,0.0
2025-11-17 00:00:00-05:00,89.51000213623047,92.5999984741211,88.27999877929688,88.4000015258789,984500,0.0,0.0
2025-11-18 00:00:00-05:00,88.19999694824219,92.48999786376953,87.31999969482422,91.63999938964844,889600,0.0,0.0
2025-11-19 00:00:00-05:00,92.0,97.79000091552734,91.83499908447266,96.48999786376953,1524200,0.0,0.0
2025-11-20 00:00:00-05:00,97.19999694824219,98.44999694824219,95.05000305175781,95.19999694824219,790600,0.0,0.0
2025-11-21 00:00:00-05:00,94.94000244140625,99.7300033569336,93.7750015258789,99.62000274658203,1286100,0.0,0.0
2025-11-24 00:00:00-05:00,98.70999908447266,100.33999633789062,96.3499984741211,98.05999755859375,1129200,0.0,0.0
2025-11-25 00:00:00-05:00,98.66999816894531,106.04000091552734,98.66999816894531,104.3499984741211,1340400,0.0,0.0
2025-11-26 00:00:00-05:00,103.2300033569336,106.99500274658203,103.18000030517578,105.38999938964844,1075600,0.0,0.0
2025-11-28 00:00:00-05:00,105.0,107.18000030517578,104.82499694824219,106.29000091552734,244200,0.0,0.0
2025-12-01 00:00:00-05:00,105.29000091552734,106.61100006103516,104.11000061035156,106.11000061035156,570200,0.0,0.0
2025-12-02 00:00:00-05:00,106.25,107.82499694824219,104.83999633789062,106.06999969482422,655800,0.0,0.0
2025-12-03 00:00:00-05:00,106.5,109.30999755859375,106.02999877929688,107.45999908447266,763100,0.0,0.0
2025-12-04 00:00:00-05:00,107.5199966430664,110.0199966430664,107.30000305175781,108.8499984741211,702000,0.0,0.0
2025-12-05 00:00:00-05:00,109.16999816894531,112.0,107.6500015258789,108.51000213623047,467800,0.0,0.0
2025-12-08 00:00:00-05:00,109.44999694824219,109.73999786376953,107.27999877929688,108.45999908447266,642400,0.0,0.0
2025-12-09 00:00:00-05:00,108.95999908447266,110.0199966430664,106.5199966430664,106.87000274658203,738000,0.0,0.0
2025-12-10 00:00:00-05:00,106.70999908447266,109.37999725341797,105.87999725341797,108.72000122070312,1023800,0.0,0.0
2025-12-11 00:00:00-05:00,109.19999694824219,110.87000274658203,108.15499877929688,109.2300033569336,787700,0.0,0.0
2025-12-12 00:00:00-05:00,108.95999908447266,110.37000274658203,108.44999694824219,108.87999725341797,477200,0.0,0.0
2025-12-15 00:00:00-05:00,109.93000030517578,112.63999938964844,109.33000183105469,111.7300033569336,1466100,0.0,0.0
2025-12-16 00:00:00-05:00,111.55999755859375,114.80999755859375,111.08999633789062,113.76000213623047,1188000,0.0,0.0
2025-12-17 00:00:00-05:00,113.56999969482422,115.81999969482422,111.80999755859375,112.41999816894531,871500,0.0,0.0
2025-12-18 00:00:00-05:00,114.31999969482422,116.72000122070312,113.11000061035156,113.20999908447266,739500,0.0,0.0
2025-12-19 00:00:00-05:00,113.26000213623047,116.37999725341797,112.66999816894531,116.22000122070312,1150100,0.0,0.0
2025-12-22 00:00:00-05:00,117.22000122070312,118.16999816894531,115.20999908447266,117.08999633789062,602000,0.0,0.0
2025-12-23 00:00:00-05:00,116.83000183105469,117.12999725341797,115.06999969482422,116.18000030517578,378400,0.0,0.0
2025-12-24 00:00:00-05:00,116.37999725341797,117.94000244140625,116.19999694824219,116.63999938964844,200100,0.0,0.0
2025-12-26 00:00:00-05:00,116.11000061035156,116.80000305175781,115.22000122070312,116.20999908447266,255800,0.0,0.0
2025-12-29 00:00:00-05:00,116.08999633789062,116.7750015258789,115.0,115.55000305175781,309900,0.0,0.0
2025-12-30 00:00:00-05:00,115.33999633789062,115.88999938964844,114.05000305175781,114.23999786376953,359600,0.0,0.0
2025-12-31 00:00:00-05:00,114.13999938964844,114.62000274658203,112.62999725341797,112.91000366210938,341600,0.0,0.0
2026-01-02 00:00:00-05:00,114.47000122070312,114.47000122070312,110.45999908447266,110.72000122070312,517300,0.0,0.0
2026-01-05 00:00:00-05:00,110.70999908447266,113.97000122070312,110.70999908447266,112.51000213623047,487700,0.0,0.0
2026-01-06 00:00:00-05:00,111.37999725341797,113.80999755859375,109.06999969482422,112.27999877929688,718600,0.0,0.0
2026-01-07 00:00:00-05:00,112.62999725341797,114.56500244140625,112.55000305175781,113.7300033569336,388000,0.0,0.0
2026-01-08 00:00:00-05:00,112.4000015258789,115.0,111.97000122070312,114.1500015258789,625700,0.0,0.0
2026-01-09 00:00:00-05:00,113.9000015258789,114.7699966430664,110.70999908447266,112.91999816894531,575600,0.0,0.0
2026-01-12 00:00:00-05:00,112.11000061035156,112.11000061035156,109.23999786376953,110.91000366210938,293700,0.0,0.0
2026-01-13 00:00:00-05:00,110.69999694824219,111.52999877929688,108.70999908447266,110.2300033569336,691600,0.0,0.0
2026-01-14 00:00:00-05:00,94.80999755859375,105.0999984741211,93.95999908447266,104.43000030517578,2222100,0.0,0.0
2026-01-15 00:00:00-05:00,104.55999755859375,114.66999816894531,103.11000061035156,114.4800033569336,1356700,0.0,0.0
2026-01-16 00:00:00-05:00,114.56999969482422,121.62999725341797,113.96700286865234,120.23999786376953,1467700,0.0,0.0
2026-01-20 00:00:00-05:00,118.56999969482422,124.44400024414062,118.25599670410156,123.44999694824219,1231800,0.0,0.0
2026-01-21 00:00:00-05:00,121.30999755859375,124.83000183105469,119.69000244140625,124.16000366210938,910200,0.0,0.0
2026-01-22 00:00:00-05:00,126.9800033569336,130.22999572753906,125.05000305175781,125.9000015258789,1437300,0.0,0.0
2026-01-23 00:00:00-05:00,124.94999694824219,125.04000091552734,119.86000061035156,119.9800033569336,792000,0.0,0.0
2026-01-26 00:00:00-05:00,121.44999694824219,124.38999938964844,118.55000305175781,124.2699966430664,872400,0.0,0.0
2026-01-27 00:00:00-05:00,123.56999969482422,124.0,116.7300033569336,118.69999694824219,793200,0.0,0.0
2026-01-28 00:00:00-05:00,122.0999984741211,128.83999633789062,121.8499984741211,123.94000244140625,1063200,0.0,0.0
2026-01-29 00:00:00-05:00,123.94000244140625,123.94000244140625,118.66999816894531,119.06999969482422,753100,0.0,0.0
2026-01-30 00:00:00-05:00,120.13999938964844,123.54000091552734,116.62999725341797,119.37999725341797,761100,0.0,0.0
2026-02-02 00:00:00-05:00,119.63999938964844,121.73999786376953,117.41000366210938,117.47000122070312,530500,0.0,0.0
2026-02-03 00:00:00-05:00,118.5199966430664,119.56999969482422,116.4000015258789,118.13999938964844,501600,0.0,0.0
2026-02-04 00:00:00-05:00,117.94999694824219,118.0999984741211,110.72000122070312,114.66999816894531,930100,0.0,0.0
2026-02-05 00:00:00-05:00,114.9000015258789,116.75499725341797,112.66999816894531,113.5199966430664,787400,0.0,0.0
2026-02-06 00:00:00-05:00,114.37000274658203,114.9749984741211,110.6500015258789,112.5199966430664,951600,0.0,0.0
2026-02-09 00:00:00-05:00,112.62999725341797,113.51000213623047,110.38800048828125,113.2699966430664,538800,0.0,0.0
2026-02-10 00:00:00-05:00,113.41999816894531,115.19000244140625,112.63500213623047,113.02999877929688,435300,0.0,0.0
2026-02-11 00:00:00-05:00,114.98999786376953,114.98999786376953,106.43000030517578,109.02999877929688,869200,0.0,0.0
2026-02-12 00:00:00-05:00,108.87000274658203,109.33999633789062,105.37000274658203,106.73999786376953,498100,0.0,0.0
2026-02-13 00:00:00-05:00,107.58999633789062,110.62000274658203,106.75,109.47000122070312,606800,0.0,0.0
2026-02-17 00:00:00-05:00,109.7300033569336,111.77999877929688,106.58000183105469,106.63999938964844,1263500,0.0,0.0
2026-02-18 00:00:00-05:00,103.55000305175781,121.69499969482422,103.55000305175781,121.0,1789600,0.0,0.0
2026-02-19 00:00:00-05:00,119.47000122070312,120.19000244140625,114.9000015258789,117.0999984741211,1128600,0.0,0.0
2026-02-20 00:00:00-05:00,116.33000183105469,120.80000305175781,116.30000305175781,120.2699966430664,756200,0.0,0.0
2026-02-23 00:00:00-05:00,119.12000274658203,120.73999786376953,118.22000122070312,120.41000366210938,665700,0.0,0.0
2026-02-24 00:00:00-05:00,121.26000213623047,122.4800033569336,118.77300262451172,119.16999816894531,540600,0.0,0.0
2026-02-25 00:00:00-05:00,120.0999984741211,121.72000122070312,117.95999908447266,120.88999938964844,797500,0.0,0.0
2026-02-26 00:00:00-05:00,122.0,123.16000366210938,120.69999694824219,121.43000030517578,637600,0.0,0.0
2026-02-27 00:00:00-05:00,119.69000244140625,121.02999877929688,118.43000030517578,120.4000015258789,614600,0.0,0.0
2026-03-02 00:00:00-05:00,119.04000091552734,121.2699966430664,116.94999694824219,121.12000274658203,1171400,0.0,0.0
2026-03-03 00:00:00-05:00,118.5199966430664,118.5199966430664,112.66000366210938,117.75,589500,0.0,0.0
2026-03-04 00:00:00-05:00,117.19000244140625,117.73999786376953,114.83899688720703,115.37000274658203,301900,0.0,0.0
2026-03-05 00:00:00-05:00,113.27999877929688,114.4000015258789,111.4000015258789,112.0999984741211,436800,0.0,0.0
2026-03-06 00:00:00-05:00,110.0,110.01499938964844,106.5,107.7300033569336,622700,0.0,0.0
2026-03-09 00:00:00-04:00,105.83000183105469,106.22000122070312,99.83999633789062,105.77999877929688,953000,0.0,0.0
2026-03-10 00:00:00-04:00,105.80999755859375,106.77999877929688,102.30000305175781,103.1500015258789,875000,0.0,0.0
2026-03-11 00:00:00-04:00,102.77999877929688,104.13999938964844,100.46499633789062,102.86000061035156,508200,0.0,0.0
2026-03-12 00:00:00-04:00,100.75,101.91000366210938,97.13999938964844,97.79000091552734,866900,0.0,0.0
2026-03-13 00:00:00-04:00,98.43000030517578,100.7300033569336,95.87000274658203,97.0199966430664,646400,0.0,0.0
2026-03-16 00:00:00-04:00,97.98999786376953,99.54000091552734,96.47000122070312,98.94000244140625,477000,0.0,0.0
2026-03-17 00:00:00-04:00,99.1500015258789,103.08000183105469,98.91999816894531,102.93000030517578,816100,0.0,0.0
2026-03-18 00:00:00-04:00,101.69999694824219,104.64299774169922,101.28500366210938,103.22000122070312,562200,0.0,0.0
2026-03-19 00:00:00-04:00,102.98999786376953,104.55000305175781,100.45999908447266,102.08999633789062,603100,0.0,0.0
2026-03-20 00:00:00-04:00,104.5199966430664,105.36000061035156,100.1500015258789,100.98999786376953,1143400,0.0,0.0
2026-03-23 00:00:00-04:00,104.12999725341797,107.83999633789062,102.23500061035156,106.83999633789062,1085900,0.0,0.0
2026-03-24 00:00:00-04:00,105.23999786376953,107.16500091552734,103.69000244140625,105.2300033569336,781900,0.0,0.0
2026-03-25 00:00:00-04:00,106.45999908447266,109.66999816894531,105.3949966430664,109.5999984741211,706200,0.0,0.0
2026-03-26 00:00:00-04:00,108.51000213623047,110.12999725341797,107.30999755859375,107.75,885500,0.0,0.0
2026-03-27 00:00:00-04:00,106.73999786376953,106.73999786376953,102.12000274658203,103.18000030517578,625300,0.0,0.0
2026-03-30 00:00:00-04:00,103.48999786376953,105.47000122070312,102.12000274658203,105.01000213623047,608000,0.0,0.0
2026-03-31 00:00:00-04:00,106.75,108.9000015258789,104.77999877929688,107.66000366210938,627600,0.0,0.0
2026-04-01 00:00:00-04:00,108.69000244140625,113.65499877929688,107.68000030517578,112.63999938964844,1000400,0.0,0.0
2026-04-02 00:00:00-04:00,109.79000091552734,113.8949966430664,108.72000122070312,112.7699966430664,591400,0.0,0.0
2026-04-06 00:00:00-04:00,112.26000213623047,116.80999755859375,110.5,116.69000244140625,845900,0.0,0.0
2026-04-07 00:00:00-04:00,115.01000213623047,117.47000122070312,113.25499725341797,115.05999755859375,707000,0.0,0.0
2026-04-08 00:00:00-04:00,119.8499984741211,123.01000213623047,117.44499969482422,118.62000274658203,799000,0.0,0.0
2026-04-09 00:00:00-04:00,118.27999877929688,120.66999816894531,115.27999877929688,119.44999694824219,536000,0.0,0.0
2026-04-10 00:00:00-04:00,120.66999816894531,120.95999908447266,116.09500122070312,116.4000015258789,522100,0.0,0.0
2026-04-13 00:00:00-04:00,116.33000183105469,119.66999816894531,116.0,119.48999786376953,543400,0.0,0.0
2026-04-14 00:00:00-04:00,119.5,122.0,119.5,120.5199966430664,579100,0.0,0.0
2026-04-15 00:00:00-04:00,121.0199966430664,122.0,118.56700134277344,121.0,491800,0.0,0.0
2026-04-16 00:00:00-04:00,121.12999725341797,123.3949966430664,120.40499877929688,121.62000274658203,793500,0.0,0.0
2026-04-17 00:00:00-04:00,123.80000305175781,127.0,123.41100311279297,124.79000091552734,585700,0.0,0.0
2026-04-20 00:00:00-04:00,123.77999877929688,127.0,122.52999877929688,124.55000305175781,442200,0.0,0.0
2026-04-21 00:00:00-04:00,123.9800033569336,125.30000305175781,121.16999816894531,122.11000061035156,496800,0.0,0.0
2026-04-22 00:00:00-04:00,123.5,126.38999938964844,120.63500213623047,121.6500015258789,459700,0.0,0.0
2026-04-23 00:00:00-04:00,121.25,123.20500183105469,119.83499908447266,120.87000274658203,473900,0.0,0.0
2026-04-24 00:00:00-04:00,121.0999984741211,122.27999877929688,119.0250015258789,121.4800033569336,455000,0.0,0.0
2026-04-27 00:00:00-04:00,121.56999969482422,124.375,120.81999969482422,122.06999969482422,802400,0.0,0.0
2026-04-28 00:00:00-04:00,122.20999908447266,123.05000305175781,118.69999694824219,119.62999725341797,494500,0.0,0.0
2026-04-29 00:00:00-04:00,117.83999633789062,120.06999969482422,113.0,116.95999908447266,1164200,0.0,0.0
2026-04-30 00:00:00-04:00,141.5,145.5,130.8990020751953,143.6699981689453,2674200,0.0,0.0
2026-05-01 00:00:00-04:00,143.5399932861328,146.75,140.22000122070312,140.22000122070312,1317300,0.0,0.0
2026-05-04 00:00:00-04:00,139.67999267578125,141.22000122070312,134.74000549316406,135.85000610351562,942700,0.0,0.0
2026-05-05 00:00:00-04:00,137.10000610351562,137.8699951171875,131.93499755859375,133.4199981689453,888200,0.0,0.0
2026-05-06 00:00:00-04:00,133.69000244140625,136.41000366210938,131.35000610351562,135.27000427246094,889300,0.0,0.0
2026-05-07 00:00:00-04:00,136.35000610351562,137.33999633789062,132.1199951171875,134.14999389648438,549200,0.0,0.0
2026-05-08 00:00:00-04:00,135.1199951171875,135.2550048828125,130.0399932861328,133.52000427246094,454500,0.0,0.0
2026-05-11 00:00:00-04:00,132.36000061035156,136.25999450683594,130.63999938964844,135.3699951171875,814300,0.0,0.0
2026-05-12 00:00:00-04:00,135.10000610351562,137.1999969482422,133.11000061035156,136.36000061035156,667100,0.0,0.0
2026-05-13 00:00:00-04:00,135.17999267578125,138.33999633789062,133.22000122070312,137.2899932861328,490200,0.0,0.0
2026-05-14 00:00:00-04:00,137.72999572753906,142.1999969482422,136.33999633789062,142.14999389648438,536300,0.0,0.0
2026-05-15 00:00:00-04:00,142.27000427246094,144.16000366210938,140.91000366210938,144.00999450683594,978700,0.0,0.0
2026-05-18 00:00:00-04:00,144.99000549316406,148.11000061035156,141.52000427246094,142.17999267578125,814300,0.0,0.0
2026-05-19 00:00:00-04:00,141.32000732421875,142.85000610351562,137.32000732421875,139.89999389648438,728900,0.0,0.0
2026-05-20 00:00:00-04:00,140.9499969482422,146.7100067138672,137.8300018310547,143.82000732421875,951700,0.0,0.0
2026-05-21 00:00:00-04:00,140.63999938964844,140.63999938964844,133.6199951171875,139.02999877929688,1309000,0.0,0.0
2026-05-22 00:00:00-04:00,139.13999938964844,139.42999267578125,118.63999938964844,120.2300033569336,2709800,0.0,0.0
2026-05-26 00:00:00-04:00,119.70999908447266,120.54499816894531,106.23999786376953,114.97000122070312,2705700,0.0,0.0
2026-05-27 00:00:00-04:00,114.08999633789062,114.51000213623047,109.2699966430664,109.87999725341797,1231500,0.0,0.0
2026-05-28 00:00:00-04:00,108.30000305175781,111.05000305175781,105.92400360107422,106.5199966430664,1563800,0.0,0.0
2026-05-29 00:00:00-04:00,106.56999969482422,108.41999816894531,101.47000122070312,103.3499984741211,1708700,0.0,0.0
2026-06-01 00:00:00-04:00,103.51000213623047,105.04499816894531,99.4800033569336,103.12000274658203,1431300,0.0,0.0
2026-06-02 00:00:00-04:00,101.7699966430664,113.08999633789062,100.26000213623047,110.77999877929688,1867000,0.0,0.0
2026-06-03 00:00:00-04:00,108.76000213623047,115.4749984741211,108.76000213623047,113.63999938964844,1095200,0.0,0.0
2026-06-04 00:00:00-04:00,114.19000244140625,123.44000244140625,113.12999725341797,121.69000244140625,1584200,0.0,0.0
2026-06-05 00:00:00-04:00,122.66999816894531,128.0500030517578,120.61000061035156,125.0,1444700,0.0,0.0
2026-06-08 00:00:00-04:00,124.18000030517578,126.23500061035156,121.83000183105469,121.95999908447266,962100,0.0,0.0
2026-06-09 00:00:00-04:00,123.79000091552734,129.0,123.58000183105469,126.33999633789062,1082300,0.0,0.0
2026-06-10 00:00:00-04:00,122.0,125.95999908447266,119.66000366210938,122.48999786376953,1542200,0.0,0.0
2026-06-11 00:00:00-04:00,125.08000183105469,127.29000091552734,123.0,124.26000213623047,629400,0.0,0.0
2026-06-12 00:00:00-04:00,124.97000122070312,128.27000427246094,122.69000244140625,126.80999755859375,708000,0.0,0.0
2026-06-15 00:00:00-04:00,128.5800018310547,130.6699981689453,127.82599639892578,130.13999938964844,802000,0.0,0.0
2026-06-16 00:00:00-04:00,130.67999267578125,132.24000549316406,127.08999633789062,127.52999877929688,724500,0.0,0.0
2026-06-17 00:00:00-04:00,128.63999938964844,131.77999877929688,126.66999816894531,127.41000366210938,1040700,0.0,0.0
2026-06-18 00:00:00-04:00,128.97000122070312,131.72999572753906,125.43000030517578,130.67999267578125,984200,0.0,0.0
2026-06-22 00:00:00-04:00,130.0,131.84300231933594,128.47999572753906,131.19000244140625,806500,0.0,0.0
2026-06-23 00:00:00-04:00,131.69000244140625,135.22999572753906,131.25,134.64999389648438,546300,0.0,0.0
2026-06-24 00:00:00-04:00,133.07000732421875,140.77000427246094,133.02000427246094,137.75999450683594,761400,0.0,0.0
2026-06-25 00:00:00-04:00,139.60000610351562,145.38999938964844,137.52000427246094,142.57000732421875,787700,0.0,0.0
2026-06-26 00:00:00-04:00,142.57000732421875,145.0,140.90499877929688,144.4199981689453,1989600,0.0,0.0
2026-06-29 00:00:00-04:00,143.50999450683594,143.6999969482422,139.86000061035156,142.19000244140625,1244200,0.0,0.0
2026-06-30 00:00:00-04:00,141.42999267578125,141.73500061035156,136.17999267578125,139.75999450683594,1086100,0.0,0.0
2026-07-01 00:00:00-04:00,139.05999755859375,141.39999389648438,136.22500610351562,137.57000732421875,707700,0.0,0.0
2026-07-02 00:00:00-04:00,137.57000732421875,148.6199951171875,136.17999267578125,148.33999633789062,1241000,0.0,0.0
2026-07-06 00:00:00-04:00,150.0,150.25999450683594,146.69000244140625,148.6999969482422,713000,0.0,0.0
2026-07-07 00:00:00-04:00,148.52999877929688,151.47000122070312,146.47000122070312,150.64999389648438,710200,0.0,0.0
2026-07-08 00:00:00-04:00,151.38999938964844,154.61000061035156,149.4499969482422,152.9600067138672,1058800,0.0,0.0
2026-07-09 00:00:00-04:00,153.2899932861328,155.6999969482422,152.1649932861328,155.07000732421875,781000,0.0,0.0
2026-07-10 00:00:00-04:00,154.0500030517578,156.60000610351562,143.11000061035156,152.72000122070312,672300,0.0,0.0
2026-07-13 00:00:00-04:00,153.0,155.13499450683594,151.0,152.72000122070312,442200,0.0,0.0
2026-07-14 00:00:00-04:00,151.1300048828125,153.9499969482422,146.72000122070312,152.4499969482422,517400,0.0,0.0
2026-07-15 00:00:00-04:00,151.4499969482422,157.7100067138672,150.50999450683594,156.83999633789062,630500,0.0,0.0
2026-07-16 00:00:00-04:00,157.72999572753906,161.52999877929688,155.05999755859375,155.38999938964844,705800,0.0,0.0
2026-07-17 00:00:00-04:00,153.2100067138672,157.76499938964844,152.05999755859375,156.8300018310547,375800,0.0,0.0
