Date,Open,High,Low,Close,Volume,Dividends,Stock Splits
2013-03-22 00:00:00+09:00,237.82228212098818,297.2778526512352,233.8585774189717,293.31414794921875,109598000,0.0,0.0
2013-03-25 00:00:00+09:00,271.5137719543505,283.8012565245474,248.9206551639885,251.10069274902344,16786800,0.0,0.0
2013-03-26 00:00:00+09:00,261.6044406233163,270.32458864409347,249.11877413902164,252.88429260253906,5815200,0.0,0.0
2013-03-27 00:00:00+09:00,250.7042662655306,251.89337740987304,237.82222886848754,250.10971069335938,2333200,0.0,0.0
2013-03-28 00:00:00+09:00,247.73147924622492,267.15362721912896,243.56959039488834,265.5681457519531,3978400,0.0,0.0
2013-03-29 00:00:00+09:00,269.53186199229253,314.1235303366056,268.5409360290856,294.8995666503906,12181200,0.0,0.0
2013-04-01 00:00:00+09:00,300.8451701362106,303.2233928250344,272.901053542531,297.07965087890625,4821200,0.0,0.0
2013-04-02 00:00:00+09:00,291.3322357784044,302.8269770540149,281.4229760580505,299.2596435546875,3391200,0.0,0.0
2013-04-03 00:00:00+09:00,307.18705510518635,334.7347974662321,303.22335116834523,328.9874267578125,8558400,0.0,0.0
2013-04-04 00:00:00+09:00,321.6546142578125,336.518505859375,313.1326497395833,329.9783935546875,4492000,0.0,0.0
2013-04-05 00:00:00+09:00,342.8604069671068,342.8604069671068,315.11447807959524,322.2491455078125,3999600,0.0,0.0
2013-04-08 00:00:00+09:00,322.24910521565556,327.0055495730822,287.76488362431235,324.23095703125,3685200,0.0,0.0
2013-04-09 00:00:00+09:00,336.7166602180118,336.7166602180118,323.0418811979748,332.9511413574219,2348800,0.0,0.0
2013-04-10 00:00:00+09:00,327.00556310807696,332.1583780419012,313.13259982470396,319.0781555175781,1895600,0.0,0.0
2013-04-11 00:00:00+09:00,311.15082551003695,320.2673465122419,299.4578963985133,316.70001220703125,2377200,0.0,0.0
2013-04-12 00:00:00+09:00,317.09634379976114,317.09634379976114,308.3761943452677,311.1507873535156,1157600,0.0,0.0
2013-04-15 00:00:00+09:00,303.2234346835963,310.9526594892566,299.4579149064797,308.3762512207031,1181600,0.0,0.0
2013-04-16 00:00:00+09:00,300.44881484985353,324.0328577041626,300.44881484985353,317.09637451171875,2039600,0.0,0.0
2013-04-17 00:00:00+09:00,317.6908944743461,339.0948973459802,315.1144867212791,336.7166748046875,3736400,0.0,0.0
2013-04-18 00:00:00+09:00,338.5003541816122,356.3370238984419,336.9148724290051,353.95880126953125,6372800,0.0,0.0
2013-04-19 00:00:00+09:00,356.53523941712234,361.29168507916285,342.86045813875575,359.9043884277344,3490000,0.0,0.0
2013-04-22 00:00:00+09:00,360.6970820037412,360.6970820037412,345.2386356321523,351.77874755859375,2508400,0.0,0.0
2013-04-23 00:00:00+09:00,350.78785650371253,358.12071000124774,339.09492795358875,339.6894836425781,1913200,0.0,0.0
2013-04-24 00:00:00+09:00,341.27491602052413,358.71521370333835,338.89669360923125,355.54425048828125,3194800,0.0,0.0
2013-04-25 00:00:00+09:00,361.09343234741885,362.6789139384064,351.58054280149344,358.7152099609375,3073600,0.0,0.0
2013-04-26 00:00:00+09:00,360.49893611626567,368.6245306081661,343.05863574340617,357.3279724121094,7641600,0.0,0.0
2013-04-30 00:00:00+09:00,356.73342079221874,367.0390529484384,354.7515684544842,357.1297912597656,2592400,0.0,0.0
2013-05-01 00:00:00+09:00,356.7333550989275,356.9315402962047,326.0146495209643,334.9329833984375,4988400,0.0,0.0
2013-05-02 00:00:00+09:00,336.32025662772486,343.25673805493193,327.7982937314419,342.067626953125,2034000,0.0,0.0
2013-05-07 00:00:00+09:00,345.23861853893993,361.2916197454004,342.06765533766384,360.1025085449219,2194800,0.0,0.0
2013-05-08 00:00:00+09:00,360.30072268837375,377.54283648039166,356.73338880037005,376.5519104003906,4077600,0.0,0.0
2013-05-09 00:00:00+09:00,386.46118948498514,402.3160075151384,378.73196569528545,400.9287109375,4258800,0.0,0.0
2013-05-10 00:00:00+09:00,416.58531318033545,437.592945529106,408.45971953599974,421.7381286621094,4446400,0.0,0.0
2013-05-13 00:00:00+09:00,436.00751362149674,520.8307935442243,435.2147726876395,499.4267883300781,5084400,0.0,0.0
2013-05-14 00:00:00+09:00,509.3360591008113,550.360403160682,477.82460641714243,515.2816162109375,5116400,0.0,0.0
2013-05-15 00:00:00+09:00,517.263427734375,517.263427734375,416.18896484375,416.18896484375,5465600,0.0,0.0
2013-05-16 00:00:00+09:00,426.0982106475982,443.73669471626624,327.0056035202498,397.5595397949219,4775200,0.0,0.0
2013-05-17 00:00:00+09:00,393.5958401022518,432.83651298253676,386.4611723058364,421.1435852050781,1756800,0.0,0.0
2013-05-20 00:00:00+09:00,432.04375957166184,465.53706019900625,426.09820324728116,458.9969482421875,1938400,0.0,0.0
2013-05-21 00:00:00+09:00,469.6988849018895,477.82447742550875,415.19795943859015,426.09814453125,3452800,0.0,0.0
2013-05-22 00:00:00+09:00,416.38709780965866,434.02558029659804,396.17220776844727,405.2887268066406,1932000,0.0,0.0
2013-05-23 00:00:00+09:00,406.27969939961383,425.5036656638883,366.6426555557491,377.74102783203125,2599600,0.0,0.0
2013-05-24 00:00:00+09:00,378.5337791882787,390.0285222212212,344.2477353141571,360.8952941894531,2987200,0.0,0.0
2013-05-27 00:00:00+09:00,344.24770653099966,346.0313734042173,330.5729271696646,335.5275573730469,1734800,0.0,0.0
2013-05-28 00:00:00+09:00,341.27492955796714,361.8861912734309,341.27492955796714,353.3642272949219,1276800,0.0,0.0
2013-05-29 00:00:00+09:00,358.7151938105103,368.6244533080382,349.00411950293295,359.5079345703125,1024800,0.0,0.0
2013-05-30 00:00:00+09:00,345.23864329302756,363.6698682219894,338.89671643575036,342.46405029296875,814800,0.0,0.0
2013-05-31 00:00:00+09:00,358.31884202440165,358.31884202440165,342.4640260056228,343.65313720703125,361600,0.0,0.0
2013-06-03 00:00:00+09:00,335.72577099922376,344.4459208953075,333.1493630753808,340.0858459472656,476000,0.0,0.0
2013-06-04 00:00:00+09:00,334.3384496692317,344.04952497082763,321.4564110038493,326.4110412597656,929600,0.0,0.0
2013-06-05 00:00:00+09:00,327.00553617228525,331.3656099879157,309.1688705628879,311.3489074707031,1174800,0.0,0.0
2013-06-06 00:00:00+09:00,303.61971426764836,309.56527003006966,261.60445354653774,275.4774169921875,1668000,0.0,0.0
2013-06-07 00:00:00+09:00,287.3685498918806,297.2778102329799,275.4774374825614,277.45928955078125,2267600,0.0,0.0
2013-06-10 00:00:00+09:00,301.2414820988973,314.51988953351974,289.3503709634145,304.4124450683594,954000,0.0,0.0
2013-06-11 00:00:00+09:00,295.0978216443743,303.22341646466936,283.6030777522496,288.5577087402344,998800,0.0,0.0
2013-06-12 00:00:00+09:00,279.63936527252196,318.68185638427735,279.63936527252196,317.09637451171875,840800,0.0,0.0
2013-06-13 00:00:00+09:00,306.9888589420674,322.4473037435401,301.63785881848065,319.0781555175781,783600,0.0,0.0
2013-06-14 00:00:00+09:00,321.65470181089455,325.02385149098404,293.31420744308315,313.92547607421875,1590000,0.0,0.0
2013-06-17 00:00:00+09:00,312.141719363198,312.9344602377712,294.70142012258754,297.47601318359375,608000,0.0,0.0
2013-06-18 00:00:00+09:00,295.09779055987417,302.0342732123897,293.71049402937103,297.47601318359375,497600,0.0,0.0
2013-06-19 00:00:00+09:00,298.2687356538862,300.84514333727526,291.53043863579177,296.8814392089844,987200,0.0,0.0
2013-06-20 00:00:00+09:00,291.3322564620006,291.3322564620006,281.8193664550781,281.8193664550781,816400,0.0,0.0
2013-06-21 00:00:00+09:00,277.4593450091212,278.6484564877317,271.11741712319844,273.2974548339844,1339600,0.0,0.0
2013-06-24 00:00:00+09:00,275.4773951970248,282.61206154745133,271.51369166901003,278.0538024902344,646800,0.0,0.0
2013-06-25 00:00:00+09:00,274.4865663125949,276.4684187769457,270.72104663032826,273.2974548339844,704000,0.0,0.0
2013-06-26 00:00:00+09:00,273.69381406844656,273.8919993067293,260.4154031035038,262.0008850097656,704800,0.0,0.0
2013-06-27 00:00:00+09:00,261.60447340745196,285.78306867692856,245.74965683730332,283.40484619140625,1235200,0.0,0.0
2013-06-28 00:00:00+09:00,289.3503677136011,300.448737982068,283.00844184590574,286.5757751464844,1096800,0.0,0.0
2013-07-01 00:00:00+09:00,287.56675618489584,296.48509114583334,287.56675618489584,294.3050537109375,498800,0.0,0.0
2013-07-02 00:00:00+09:00,296.48506446413194,316.50177001953125,296.28687926061315,316.50177001953125,872800,0.0,0.0
2013-07-03 00:00:00+09:00,328.9874466646635,330.57292833533654,318.0872601787861,322.05096435546875,828800,0.0,0.0
2013-07-04 00:00:00+09:00,320.8618608481984,320.8618608481984,309.56530367194927,312.73626708984375,511200,0.0,0.0
2013-07-05 00:00:00+09:00,317.0962949810606,327.00555419921875,308.77251723780773,327.00555419921875,974000,0.0,0.0
2013-07-08 00:00:00+09:00,338.89670508081605,343.05859444145767,317.0963322393601,323.6364440917969,1120800,0.0,0.0
2013-07-09 00:00:00+09:00,336.9148618566108,338.6985287723223,320.2673039766371,332.1584167480469,372800,0.0,0.0
2013-07-10 00:00:00+09:00,332.1583666531545,332.1583666531545,312.73621872236146,315.11444091796875,928000,0.0,0.0
2013-07-11 00:00:00+09:00,311.1507134688528,314.51986132170026,301.241455078125,308.7724914550781,501600,0.0,0.0
2013-07-12 00:00:00+09:00,308.7725971920389,312.53811666999064,305.2052629497689,309.5653381347656,250400,0.0,0.0
2013-07-16 00:00:00+09:00,310.95264108121125,313.52904919724426,304.4125281712814,307.78167724609375,450000,0.0,0.0
2013-07-17 00:00:00+09:00,306.5924854120932,321.0600041160899,297.6741519644241,311.74530029296875,583600,0.0,0.0
2013-07-18 00:00:00+09:00,312.33991656644616,340.87858914612144,312.33991656644616,329.58203125,7673600,0.0,0.0
2013-07-19 00:00:00+09:00,334.93302191651776,334.93302191651776,310.5562398480375,313.7272033691406,677600,0.0,0.0
2013-07-22 00:00:00+09:00,319.8708935024156,323.4382268872009,305.40337477523076,314.71807861328125,513200,0.0,0.0
2013-07-23 00:00:00+09:00,309.1689393578506,319.0782002347048,309.1689393578506,316.8981628417969,216000,0.0,0.0
2013-07-24 00:00:00+09:00,315.5108784273646,320.0691386056494,310.1598773485086,319.2763977050781,220000,0.0,0.0
2013-07-25 00:00:00+09:00,321.6545915990343,327.0055921986485,313.52899809591634,317.6908874511719,482400,0.0,0.0
2013-07-26 00:00:00+09:00,312.1416532076322,320.0690602732229,306.59246826171875,306.59246826171875,766400,0.0,0.0
2013-07-29 00:00:00+09:00,303.22327427522816,318.48353056228217,299.45775649011097,307.3851623535156,516400,0.0,0.0
2013-07-30 00:00:00+09:00,307.5834313217474,334.1402482013313,307.5834313217474,330.1765441894531,706400,0.0,0.0
2013-07-31 00:00:00+09:00,330.17658084028386,330.96932173065665,317.29454137172536,325.4201354980469,458400,0.0,0.0
2013-08-01 00:00:00+09:00,332.9511191169377,369.0208236879393,328.19467455812435,359.5079345703125,3565200,0.0,0.0
2013-08-02 00:00:00+09:00,351.5805748019156,367.6335773717888,342.8604252577869,363.0753173828125,2459200,0.0,0.0
2013-08-05 00:00:00+09:00,369.4172716930142,375.5610138724581,350.1933042283026,354.3551940917969,1289600,0.0,0.0
2013-08-06 00:00:00+09:00,346.82411714033645,360.49889661615543,335.5275601820512,348.80596923828125,1039200,0.0,0.0
2013-08-07 00:00:00+09:00,336.9148619847492,347.81504869602054,334.53663942956274,335.1311950683594,1311600,0.0,0.0
2013-08-08 00:00:00+09:00,337.11304134446743,347.4186722380079,336.9148561349763,339.88763427734375,753600,0.0,0.0
2013-08-09 00:00:00+09:00,341.4731426306891,343.8513653303805,332.95117795679494,334.1402893066406,534400,0.0,0.0
2013-08-12 00:00:00+09:00,337.90575950811274,338.10394470430515,317.0963139079064,336.5184631347656,668800,0.0,0.0
2013-08-13 00:00:00+09:00,336.9148619847492,337.11304719768145,332.1584168743763,335.1311950683594,108000,0.0,0.0
2013-08-14 00:00:00+09:00,336.91484436986076,345.6349932829631,336.7166591672903,343.4549560546875,380400,0.0,0.0
2013-08-15 00:00:00+09:00,331.3656941562128,340.0858440024289,328.98747147088113,332.75299072265625,214000,0.0,0.0
2013-08-16 00:00:00+09:00,323.43825059506634,345.43680808039255,323.24006539249586,343.4549560546875,647600,0.0,0.0
2013-08-19 00:00:00+09:00,344.6440635231851,349.7968787339975,341.6712855169472,346.62591552734375,634400,0.0,0.0
2013-08-20 00:00:00+09:00,342.2658544496467,347.8150402774349,328.9874455045823,335.5275573730469,484800,0.0,0.0
2013-08-21 00:00:00+09:00,335.52761242046256,339.29313199281273,325.6183503879622,334.3385009765625,635200,0.0,0.0
2013-08-22 00:00:00+09:00,335.1312032529446,345.83320501264836,335.1312032529446,337.7076110839844,867600,0.0,0.0
2013-08-23 00:00:00+09:00,346.4277296881817,347.81502608853486,337.9057660860125,340.68035888671875,1034800,0.0,0.0
2013-08-26 00:00:00+09:00,346.8241414645405,355.5442913070775,342.464066543272,344.64410400390625,1058000,0.0,0.0
2013-08-27 00:00:00+09:00,352.5714845385783,361.68800409381976,348.6077803841255,354.94970703125,1462400,0.0,0.0
2013-08-28 00:00:00+09:00,346.82407529335325,355.1478531003937,337.905741928667,352.3732604980469,976000,0.0,0.0
2013-08-29 00:00:00+09:00,352.7696763161857,368.6244932292727,352.5714911047721,365.0571594238281,1724800,0.0,0.0
2013-08-30 00:00:00+09:00,361.093417888992,368.6244551446351,356.7333436883565,357.9224548339844,1018800,0.0,0.0
2013-09-02 00:00:00+09:00,356.7333543157003,365.84987337043486,349.20231683570216,361.88616943359375,846800,0.0,0.0
2013-09-03 00:00:00+09:00,363.86808812341025,380.51564771075584,363.86808812341025,374.9664611816406,2020800,0.0,0.0
2013-09-04 00:00:00+09:00,371.5972649804145,395.18130473117145,368.62448686057115,392.2085266113281,1893600,0.0,0.0
2013-09-05 00:00:00+09:00,384.4793132676561,392.40672178863866,383.0920167764841,387.25390625,1126800,0.0,0.0
2013-09-06 00:00:00+09:00,385.4702637223956,390.42489436150095,380.51563308329025,383.092041015625,1053600,0.0,0.0
2013-09-09 00:00:00+09:00,391.01937817894037,392.40667450294063,378.33552607379477,388.0466003417969,707200,0.0,0.0
2013-09-10 00:00:00+09:00,384.4793294270833,390.4248860677083,380.515625,383.4884033203125,794800,0.0,0.0
2013-09-11 00:00:00+09:00,375.560988326994,376.55191441756654,370.6063578741313,373.3809509277344,804800,0.0,0.0
2013-09-12 00:00:00+09:00,365.849886190679,372.38999791564777,364.46258976417045,367.2371826171875,854000,0.0,0.0
2013-09-13 00:00:00+09:00,375.1645574526067,391.4157427199674,367.83170556367565,389.83026123046875,773200,0.0,0.0
2013-09-17 00:00:00+09:00,381.90292760897154,389.830336588919,381.90292760897154,384.6775207519531,316000,0.0,0.0
2013-09-18 00:00:00+09:00,387.65026642519,392.40671141200215,383.884747477297,386.2629699707031,556800,0.0,0.0
2013-09-19 00:00:00+09:00,386.263016964611,386.263016964611,379.32653384826347,382.49749755859375,686800,0.0,0.0
2013-09-20 00:00:00+09:00,378.5337169157377,400.928643623318,378.33553172363526,399.7395324707031,1686800,0.0,0.0
2013-09-24 00:00:00+09:00,399.3432128172728,399.7395832518309,394.3885823852967,395.77587890625,507600,0.0,0.0
2013-09-25 00:00:00+09:00,399.3432484502378,415.79262295215824,397.1632108656459,414.80169677734375,1052800,0.0,0.0
2013-09-26 00:00:00+09:00,416.1889176342369,430.85462235087186,415.19799163986966,430.458251953125,1312400,0.0,0.0
2013-09-27 00:00:00+09:00,434.8183244617707,435.8092504518841,430.45825010527165,432.0437316894531,1088400,0.0,0.0
2013-09-30 00:00:00+09:00,422.1345092945126,427.0891396852933,417.37806411936316,422.72906494140625,870000,0.0,0.0
2013-10-01 00:00:00+09:00,422.92729377401673,438.3857421875,422.92729377401673,438.3857421875,1423200,0.0,0.0
2013-10-02 00:00:00+09:00,437.5930199318032,455.62787718442735,434.0256855301853,452.25872802734375,1296400,0.0,0.0
2013-10-03 00:00:00+09:00,443.9348480586258,450.87133005954183,430.06188405679376,434.8183288574219,1192400,0.0,0.0
2013-10-04 00:00:00+09:00,427.8818128581471,440.3674794677178,426.098146199637,435.0164794921875,735600,0.0,0.0
2013-10-07 00:00:00+09:00,436.403839478028,457.80784250419833,436.403839478028,445.3221740722656,898400,0.0,0.0
2013-10-08 00:00:00+09:00,422.1345866052179,436.40392474398584,402.71243191633937,435.2148132324219,991200,0.0,0.0
2013-10-09 00:00:00+09:00,432.0437643001436,434.62017206890596,427.4855044015641,433.4310607910156,417200,0.0,0.0
2013-10-10 00:00:00+09:00,435.2146461483185,435.2146461483185,408.65783258553404,416.3870544433594,734000,0.0,0.0
2013-10-11 00:00:00+09:00,421.73815510876585,427.08915613693154,414.40530184794613,421.93634033203125,712000,0.0,0.0
2013-10-15 00:00:00+09:00,426.09812555900845,448.4930502976912,424.31445898690095,440.5656433105469,1194800,0.0,0.0
2013-10-16 00:00:00+09:00,430.4583494748623,438.18757398200756,430.26016423108933,431.6474609375,560800,0.0,0.0
2013-10-17 00:00:00+09:00,443.9348409262048,443.9348409262048,424.7108768325254,427.68365478515625,461200,0.0,0.0
2013-10-18 00:00:00+09:00,427.881989942573,443.9349965129058,423.3237288176637,439.5749206542969,741600,0.0,0.0
2013-10-21 00:00:00+09:00,440.76390884742017,462.7624672476286,439.9711680041694,458.9969482421875,1350400,0.0,0.0
2013-10-22 00:00:00+09:00,463.95153001043667,469.6989005231674,457.2132335472351,464.347900390625,1015200,0.0,0.0
2013-10-23 00:00:00+09:00,466.7262401880394,469.89720402795814,451.8623471884203,454.2405700683594,640000,0.0,0.0
2013-10-24 00:00:00+09:00,452.0604369420561,452.0604369420561,436.9983618839254,451.46588134765625,535600,0.0,0.0
2013-10-25 00:00:00+09:00,451.6640852474199,451.6640852474199,424.3145267725871,429.66552734375,1184800,0.0,0.0
2013-10-28 00:00:00+09:00,430.2600695712365,440.9620703804704,430.0618843710655,437.7911071777344,480400,0.0,0.0
2013-10-29 00:00:00+09:00,437.79106098745063,441.35839421414784,430.06183899627337,431.0527648925781,526000,0.0,0.0
2013-10-30 00:00:00+09:00,423.7200176244414,431.05287106321805,397.95593797468587,419.9544982910156,1552400,0.0,0.0
2013-10-31 00:00:00+09:00,415.39612856415096,439.9710903685187,411.2342398714758,416.3870544433594,914400,0.0,0.0
2013-11-01 00:00:00+09:00,410.4415808657302,412.4234330186309,382.1010950792505,398.94683837890625,1098400,0.0,0.0
2013-11-05 00:00:00+09:00,393.9921454973118,393.9921454973118,370.8044789866551,387.0556640625,1235600,0.0,0.0
2013-11-06 00:00:00+09:00,380.91190402186004,386.8574592355207,370.6062749848482,372.9844970703125,1038000,0.0,0.0
2013-11-07 00:00:00+09:00,376.74999756697235,383.29010799291143,373.97540526505884,375.3627014160156,705600,0.0,0.0
2013-11-08 00:00:00+09:00,367.43541993452476,388.8394249792544,367.23723470262917,382.49749755859375,752000,0.0,0.0
2013-11-11 00:00:00+09:00,382.49743185683315,391.81213615593737,358.7152081144394,360.3006896972656,845200,0.0,0.0
2013-11-12 00:00:00+09:00,360.4988917637538,410.2433787525951,358.51703969248524,368.4263000488281,2451200,0.0,0.0
2013-11-13 00:00:00+09:00,368.0299069887632,399.3431677880225,359.11157321682225,381.5065002441406,1491600,0.0,0.0
2013-11-14 00:00:00+09:00,381.30833530426025,387.4520766735077,372.5881862640381,380.5155944824219,902800,0.0,0.0
2013-11-15 00:00:00+09:00,380.51562099564325,390.42488195907146,380.51562099564325,386.65936279296875,572800,0.0,0.0
2013-11-18 00:00:00+09:00,387.25390800205304,389.6321305691076,377.1464620920711,379.7228698730469,698400,0.0,0.0
2013-11-19 00:00:00+09:00,376.75012020255224,380.11926909442144,369.8136371898803,372.3900451660156,520800,0.0,0.0
2013-11-20 00:00:00+09:00,376.1555260710751,386.2629717136593,376.1555260710751,381.7047119140625,366800,0.0,0.0
2013-11-21 00:00:00+09:00,380.5156327236777,405.88334157192287,374.3718907369933,400.9287109375,1288800,0.0,0.0
2013-11-22 00:00:00+09:00,400.9286568240091,413.2161391389318,394.3885452692922,408.0633239746094,1473200,0.0,0.0
2013-11-25 00:00:00+09:00,408.26155197128924,423.5218138653617,405.4869588996397,413.41436767578125,932400,0.0,0.0
2013-11-26 00:00:00+09:00,420.15265506948936,429.8637305876049,403.30691182377865,421.3417663574219,3359600,0.0,0.0
2013-11-27 00:00:00+09:00,408.0633958523383,408.0633958523383,394.38861473829684,397.1632080078125,958000,0.0,0.0
2013-11-28 00:00:00+09:00,398.35223163180035,402.9104909987314,393.39760188513617,396.9649353027344,263600,0.0,0.0
2013-11-29 00:00:00+09:00,394.58675950524093,398.35227855627033,392.4067221599081,396.1722412109375,220800,0.0,0.0
2013-12-02 00:00:00+09:00,400.33413056404356,403.1087235481508,391.41579597227036,393.199462890625,534400,0.0,0.0
2013-12-03 00:00:00+09:00,398.3523194090335,404.4960616486753,396.568652307202,397.1632080078125,726000,0.0,0.0
2013-12-04 00:00:00+09:00,394.38852459586406,396.5685616664945,389.4338948898859,389.632080078125,413600,0.0,0.0
2013-12-05 00:00:00+09:00,386.4611297128088,388.2447964653295,377.5427959502055,378.5337219238281,592800,0.0,0.0
2013-12-06 00:00:00+09:00,377.7410114378917,384.8756790201394,371.20089948749796,375.56097412109375,712000,0.0,0.0
2013-12-09 00:00:00+09:00,377.1464700719101,377.34465529002455,368.8226909111007,373.3809509277344,1024400,0.0,0.0
2013-12-10 00:00:00+09:00,381.3083385120739,400.3341183962522,380.51559768356645,396.76678466796875,1115600,0.0,0.0
2013-12-11 00:00:00+09:00,398.94678991247105,407.66693832585844,393.793974940924,401.32501220703125,1144800,0.0,0.0
2013-12-12 00:00:00+09:00,403.70326985893416,411.8288634103413,395.1813058903852,410.0451965332031,798800,0.0,0.0
2013-12-13 00:00:00+09:00,413.61248785505944,414.6034137962551,389.2357097016467,389.632080078125,888000,0.0,0.0
2013-12-16 00:00:00+09:00,388.4430251475505,392.8030999196148,361.0934652136923,363.0753173828125,1675200,0.0,0.0
2013-12-17 00:00:00+09:00,372.19183961904736,381.50654487042925,371.79546918281835,373.3809509277344,1358000,0.0,0.0
2013-12-18 00:00:00+09:00,372.5882121323288,380.5156209011018,370.0118042824776,377.74102783203125,579600,0.0,0.0
2013-12-19 00:00:00+09:00,382.4974611374104,389.63212880629476,378.53375687691914,387.25390625,822800,0.0,0.0
2013-12-20 00:00:00+09:00,384.6774155194642,388.4429337548428,378.7318604109717,386.8574523925781,783600,0.0,0.0
2013-12-24 00:00:00+09:00,387.6503010777509,393.39767261724717,383.4884113422535,389.03759765625,586800,0.0,0.0
2013-12-25 00:00:00+09:00,381.5064957727006,385.4701996248845,376.94823634268914,378.7319030761719,590800,0.0,0.0
2013-12-26 00:00:00+09:00,397.041098266917,407.121416305818,394.1610073986596,398.0697021484375,592800,17.5,0.0
2013-12-27 00:00:00+09:00,399.09826484063063,401.9783554116455,390.66371388265856,399.3039855957031,478000,0.0,0.0
2013-12-30 00:00:00+09:00,401.1554706231696,406.09276872314706,397.2467762940208,399.50970458984375,359600,0.0,0.0
2014-01-06 00:00:00+09:00,403.41843184411704,409.3843342018322,400.9497825926487,402.80126953125,402800,0.0,0.0
2014-01-07 00:00:00+09:00,402.38981117686643,405.6813433746322,395.6010260189745,397.6582336425781,444400,0.0,0.0
2014-01-08 00:00:00+09:00,404.2413298050682,419.2589466375211,404.2413298050682,411.64727783203125,758800,0.0,0.0
2014-01-09 00:00:00+09:00,415.55592406102306,425.84196178530584,410.41290519888173,424.40191650390625,725600,0.0,0.0
2014-01-10 00:00:00+09:00,421.7275509356003,421.9332716921542,403.8298451154065,406.0927734375,722800,0.0,0.0
2014-01-14 00:00:00+09:00,401.1554969667764,401.56693850212696,391.0751793506882,392.9266662597656,756400,0.0,0.0
2014-01-15 00:00:00+09:00,393.7495730672284,402.1841250503822,393.13241072699765,400.74407958984375,482400,0.0,0.0
2014-01-16 00:00:00+09:00,397.04108340631547,402.80126492723616,391.2809018853949,392.720947265625,508400,0.0,0.0
2014-01-17 00:00:00+09:00,391.280907197614,398.2754134251213,388.81225794084673,392.1037902832031,514400,0.0,0.0
2014-01-20 00:00:00+09:00,390.6636884897663,390.6636884897663,384.0806247553416,387.98931884765625,501600,0.0,0.0
2014-01-21 00:00:00+09:00,385.10923818689616,386.9607249089485,381.8177062365808,383.25775146484375,439200,0.0,0.0
2014-01-22 00:00:00+09:00,381.20060095848976,390.86947750735595,378.114789293958,380.1719970703125,610800,0.0,0.0
2014-01-23 00:00:00+09:00,380.583436624452,384.28641060241966,376.6747418699306,376.8804626464844,584000,0.0,0.0
2014-01-24 00:00:00+09:00,370.50311279296875,373.5889243931323,368.44590505952635,370.50311279296875,983200,0.0,0.0
2014-01-27 00:00:00+09:00,354.45687193913244,357.95412488339554,344.582275390625,344.582275390625,1012000,0.0,0.0
2014-01-28 00:00:00+09:00,351.98830889576317,359.8056997420747,345.19952210817684,345.4052429199219,508000,0.0,0.0
2014-01-29 00:00:00+09:00,349.3138860818614,356.9255549776381,347.6681198341259,354.86834716796875,272400,0.0,0.0
2014-01-30 00:00:00+09:00,344.5822860324647,346.84521447805105,340.2621499090726,343.34796142578125,527200,0.0,0.0
2014-01-31 00:00:00+09:00,345.61091698692775,347.6681248261356,337.1763648461753,343.7594299316406,597600,0.0,0.0
2014-02-03 00:00:00+09:00,335.9420141029358,336.35345563888546,327.09602108001707,329.1532287597656,593200,0.0,0.0
2014-02-04 00:00:00+09:00,313.1070130263078,323.5987723327084,304.6724614270446,318.0443115234375,1112400,0.0,0.0
2014-02-05 00:00:00+09:00,323.80447564243286,335.32483818117254,318.4557358923037,323.5987548828125,610400,0.0,0.0
2014-02-06 00:00:00+09:00,321.33583557793133,347.87381431644167,321.33583557793133,340.26214599609375,500000,0.0,0.0
2014-02-07 00:00:00+09:00,343.34796105631904,343.34796105631904,331.41615653788494,339.8507080078125,682000,0.0,0.0
2014-02-10 00:00:00+09:00,346.0223535863904,363.50861996858015,346.0223535863904,354.86834716796875,622400,0.0,0.0
2014-02-12 00:00:00+09:00,360.01128628127447,368.0343949469715,355.8968715809171,360.6284484863281,579600,0.0,0.0
2014-02-13 00:00:00+09:00,359.8055952167285,359.8055952167285,340.46784453040914,346.4337463378906,519200,0.0,0.0
2014-02-14 00:00:00+09:00,319.8957877798179,325.0388068759564,311.87267798984175,319.27862548828125,1294000,0.0,0.0
2014-02-17 00:00:00+09:00,322.15873366135816,323.39305831140166,303.64386391070536,310.2269287109375,899200,0.0,0.0
2014-02-18 00:00:00+09:00,307.75825639204544,325.038800200155,306.7296525939437,323.5987548828125,1106000,0.0,0.0
2014-02-19 00:00:00+09:00,321.7472907985408,325.8617062818981,314.95850525100127,317.4271545410156,1680000,0.0,0.0
2014-02-20 00:00:00+09:00,310.2269132959151,315.57565318032744,298.500829703165,301.38092041015625,1397600,0.0,0.0
2014-02-21 00:00:00+09:00,302.4095764160156,308.5812004245057,300.7638100137516,302.4095764160156,1299600,0.0,0.0
2014-02-24 00:00:00+09:00,302.40953800633014,303.43814187709995,289.4491292346303,292.74066162109375,1199600,0.0,0.0
2014-02-25 00:00:00+09:00,293.35787303673163,295.209360313962,285.5404823106476,287.1862487792969,2108800,0.0,0.0
2014-02-26 00:00:00+09:00,285.7461727106372,286.56905585739213,283.0718024836838,283.68896484375,1168000,0.0,0.0
2014-02-27 00:00:00+09:00,278.7515794690642,280.8087866976182,268.87698477200513,272.3742370605469,1528800,0.0,0.0
2014-02-28 00:00:00+09:00,266.2027164390371,284.9233093261719,265.5855540361645,284.9233093261719,1880400,0.0,0.0
2014-03-03 00:00:00+09:00,278.9574207081514,289.2434612947352,277.7230958377614,279.7803039550781,1180000,0.0,0.0
2014-03-04 00:00:00+09:00,276.6944772878709,287.3919589376622,274.02010687542304,284.9233093261719,1012400,0.0,0.0
2014-03-05 00:00:00+09:00,287.3919354658441,289.44914330740346,284.7175652718169,287.59765625,735600,0.0,0.0
2014-03-06 00:00:00+09:00,287.80342533206596,296.03225807923013,287.80342533206596,289.0377502441406,779600,0.0,0.0
2014-03-07 00:00:00+09:00,290.6834734949388,297.6779802881645,290.6834734949388,293.9750061035156,724400,0.0,0.0
2014-03-10 00:00:00+09:00,293.3577873928484,296.2378778721611,286.3632819430891,289.86053466796875,1054400,0.0,0.0
2014-03-11 00:00:00+09:00,293.15205422210164,304.0552534317658,288.62619794639204,298.50079345703125,1429200,0.0,0.0
2014-03-12 00:00:00+09:00,290.47771862844763,293.97497161476747,286.5690241143255,290.88916015625,1091600,0.0,0.0
2014-03-13 00:00:00+09:00,291.9177656289537,316.80997820196524,291.9177656289537,304.878173828125,2091200,0.0,0.0
2014-03-14 00:00:00+09:00,311.0498795395883,312.2842044583962,300.96955936932386,302.6153259277344,1691200,0.0,0.0
2014-03-17 00:00:00+09:00,299.1179574269262,308.58111151333514,295.2092633477573,298.2950744628906,977200,0.0,0.0
2014-03-18 00:00:00+09:00,302.40952921408683,310.4326391728279,292.94637387813583,297.2665100097656,1266800,0.0,0.0
2014-03-19 00:00:00+09:00,296.23795278225106,301.3809727958318,291.50637436975677,295.4150695800781,1298000,0.0,0.0
2014-03-20 00:00:00+09:00,298.29508393962146,303.0266611331465,296.23787646417577,300.76373291015625,1934400,0.0,0.0
2014-03-24 00:00:00+09:00,303.02669324687884,323.5987701814938,303.02669324687884,314.7527770996094,2888800,0.0,0.0
2014-03-25 00:00:00+09:00,317.4271386136714,336.76489041515237,317.4271386136714,319.27862548828125,1442400,0.0,0.0
2014-03-26 00:00:00+09:00,319.2786613843609,324.62740184569685,310.6383883314336,318.6614990234375,1174400,0.0,0.0
2014-03-27 00:00:00+09:00,318.45574021339417,319.8957855502764,309.60974742968875,315.9870910644531,512800,0.0,0.0
2014-03-28 00:00:00+09:00,318.24997240431765,330.79893705633015,313.31267483631274,328.7417297363281,769200,0.0,0.0
2014-03-31 00:00:00+09:00,336.3534650021688,341.0850427973063,324.4216601274741,331.62188720703125,913600,0.0,0.0
2014-04-01 00:00:00+09:00,337.38208051125446,347.87384033203125,334.09054801846173,347.87384033203125,1204000,0.0,0.0
2014-04-02 00:00:00+09:00,344.7879918891693,356.7197959044269,340.05641443484296,352.1939392089844,1095600,0.0,0.0
2014-04-03 00:00:00+09:00,349.72532358829613,355.27978460999265,342.73081711653026,344.78802490234375,1092800,0.0,0.0
2014-04-04 00:00:00+09:00,347.8738237177195,356.51409609864453,338.61638902387125,342.7308044433594,576400,0.0,0.0
2014-04-07 00:00:00+09:00,337.5878043248284,337.7935251074761,331.4161808453983,333.473388671875,366000,0.0,0.0
2014-04-08 00:00:00+09:00,330.38755305560494,349.7253052269791,327.50746230667687,343.34796142578125,1275200,0.0,0.0
2014-04-09 00:00:00+09:00,335.94196862414054,344.99368118964094,335.32480640376554,337.9991760253906,667600,0.0,0.0
2014-04-10 00:00:00+09:00,346.2280639989416,354.86833654080465,329.358960464828,331.4161682128906,772400,0.0,0.0
2014-04-11 00:00:00+09:00,327.0960217852925,341.0850340377453,324.01021025901616,336.1477355957031,650800,0.0,0.0
2014-04-14 00:00:00+09:00,336.3534457509111,347.8738084188322,332.65047203622214,337.3820495605469,578400,0.0,0.0
2014-04-15 00:00:00+09:00,333.88482089018703,335.94202865907295,327.09603525286343,327.5074768066406,1055600,0.0,0.0
2014-04-16 00:00:00+09:00,324.2159129646254,332.44474324291537,322.9815884228819,331.2104187011719,795600,0.0,0.0
2014-04-17 00:00:00+09:00,332.23903051236783,342.525068608726,331.62186822658634,337.3820495605469,826000,0.0,0.0
2014-04-18 00:00:00+09:00,341.49643893447217,344.3765293833171,335.32481654409014,343.965087890625,402000,0.0,0.0
2014-04-21 00:00:00+09:00,343.3479215948855,343.3479215948855,330.79895621604305,333.6790466308594,344000,0.0,0.0
2014-04-22 00:00:00+09:00,335.73630809606124,339.0278405283756,329.56468478547185,331.0047302246094,359200,0.0,0.0
2014-04-23 00:00:00+09:00,329.5646520927128,335.1191125212416,325.86167847369353,327.7131652832031,565200,0.0,0.0
2014-04-24 00:00:00+09:00,325.86167847369353,330.79897663238586,324.42163317740824,327.7131652832031,551600,0.0,0.0
2014-04-25 00:00:00+09:00,329.15323263351394,339.43927115331127,328.1246287815342,332.2390441894531,872400,0.0,0.0
2014-04-28 00:00:00+09:00,331.2104474380844,340.46788230436624,329.7704020144405,331.4161682128906,1973600,0.0,0.0
2014-04-30 00:00:00+09:00,329.7704077103832,343.55369986047407,329.7704077103832,337.79351806640625,1471200,0.0,0.0
2014-05-01 00:00:00+09:00,349.93105151588463,358.1598828272517,330.7990187169562,340.4678955078125,2974000,0.0,0.0
2014-05-02 00:00:00+09:00,340.26215131957196,348.28526129627284,334.50196979783794,339.6449890136719,686000,0.0,0.0
2014-05-07 00:00:00+09:00,339.4392753559383,342.31936617714024,336.14774298885044,338.8221130371094,624000,0.0,0.0
2014-05-08 00:00:00+09:00,339.8507258500019,341.0850505201593,336.970634952968,337.79351806640625,702800,0.0,0.0
2014-05-09 00:00:00+09:00,335.7362593614886,337.3820253387508,322.57013154339097,333.0618896484375,861600,0.0,0.0
2014-05-12 00:00:00+09:00,331.21044988017854,343.347975683241,325.03882659048577,341.70220947265625,734800,0.0,0.0
2014-05-13 00:00:00+09:00,347.66811198602596,351.3710859598416,340.8793263673639,341.70220947265625,452000,0.0,0.0
2014-05-14 00:00:00+09:00,339.43927034905516,349.31386730466403,337.38206264997,342.9365234375,252800,0.0,0.0
2014-05-15 00:00:00+09:00,336.55914102216656,346.02229535408566,335.5305372904362,343.965087890625,274800,0.0,0.0
2014-05-16 00:00:00+09:00,335.7362979220361,342.31936258717406,335.7362979220361,339.2335510253906,431200,0.0,0.0
2014-05-19 00:00:00+09:00,340.0564485924954,347.8738382153114,340.0564485924954,341.0850524902344,594000,0.0,0.0
2014-05-20 00:00:00+09:00,339.43925670687236,340.67358127671554,331.41614700289176,333.8847961425781,537200,0.0,0.0
2014-05-21 00:00:00+09:00,328.94746701061206,333.6790440845608,325.03877290604566,330.38751220703125,408000,0.0,0.0
2014-05-22 00:00:00+09:00,335.3248338403169,337.17632065293213,329.1532111315994,331.2104187011719,453600,0.0,0.0
2014-05-23 00:00:00+09:00,335.9420560425176,342.525121439554,330.79903620108286,338.41070556640625,492000,0.0,0.0
2014-05-26 00:00:00+09:00,339.8507439108456,349.725341796875,334.7077241785386,349.725341796875,714000,0.0,0.0
2014-05-27 00:00:00+09:00,345.8166345476828,356.1026736478518,345.8166345476828,354.6626281738281,647200,0.0,0.0
2014-05-28 00:00:00+09:00,357.954117429525,359.59988348667224,351.9882154723663,356.1026306152344,788400,0.0,0.0
2014-05-29 00:00:00+09:00,357.7484334593095,372.1488879401328,355.4855048980373,369.4745178222656,1108000,0.0,0.0
2014-05-30 00:00:00+09:00,370.2974152524616,371.9431815424725,361.03997987115,364.3315124511719,656800,0.0,0.0
2014-06-02 00:00:00+09:00,364.3315124511719,364.3315124511719,364.3315124511719,364.3315124511719,0,0.0,0.0
2014-06-03 00:00:00+09:00,380.1719601872076,380.1719601872076,372.35457139547935,373.79461669921875,726000,0.0,0.0
2014-06-04 00:00:00+09:00,370.29738525658615,376.8804498833699,367.8287360215423,374.8232421875,539600,0.0,0.0
2014-06-05 00:00:00+09:00,378.32053878405867,379.9663051300469,368.4459407081289,373.38323974609375,500400,0.0,0.0
2014-06-06 00:00:00+09:00,373.3831915032374,378.5262106699486,372.3545876698951,375.4403991699219,602400,0.0,0.0
2014-06-09 00:00:00+09:00,375.44038276063526,377.0861488220517,372.1488506378023,373.79461669921875,274400,0.0,0.0
2014-06-10 00:00:00+09:00,373.7946451664765,378.9376645000824,364.74293113933015,370.50311279296875,584400,0.0,0.0
2014-06-11 00:00:00+09:00,370.09164781947237,372.76601770365977,365.565791092386,369.6802062988281,335200,0.0,0.0
2014-06-12 00:00:00+09:00,367.82877482096353,377.0862104288737,364.948683742947,370.29742431640625,444800,0.0,0.0
2014-06-13 00:00:00+09:00,366.18295776967864,379.3490865883637,366.18295776967864,376.2632751464844,852800,0.0,0.0
2014-06-16 00:00:00+09:00,375.23470339677664,377.4976319808581,369.2688007660165,372.5603332519531,274400,0.0,0.0
2014-06-17 00:00:00+09:00,375.4403855607316,383.669215929186,373.79461948704073,380.5834045410156,773200,0.0,0.0
2014-06-18 00:00:00+09:00,384.2863840258685,394.77814290451903,380.1719687793388,383.4635009765625,600400,0.0,0.0
2014-06-19 00:00:00+09:00,383.8749141045712,393.9552307128906,383.8749141045712,393.9552307128906,822400,0.0,0.0
2014-06-20 00:00:00+09:00,394.7781478315514,396.62963471559726,388.40080411983797,393.5438232421875,733200,0.0,0.0
2014-06-23 00:00:00+09:00,391.07518006940927,402.59554308039657,390.8694593013559,399.9211730957031,586800,0.0,0.0
2014-06-24 00:00:00+09:00,401.155460357666,413.498705291748,401.155460357666,411.4414978027344,1171600,0.0,0.0
2014-06-25 00:00:00+09:00,407.7385626302083,411.2358156901041,382.02346660156246,385.7264404296875,1010000,0.0,0.0
2014-06-26 00:00:00+09:00,392.03256085404877,399.1795351538008,390.35091984234236,398.1285095214844,412800,10.0,0.0
2014-06-27 00:00:00+09:00,399.3897398939644,402.12240653534417,386.98763744462553,399.8101501464844,938000,0.0,0.0
2014-06-30 00:00:00+09:00,400.4407636365488,409.26937889782704,396.2366611311782,408.2183532714844,645200,0.0,0.0
2014-07-01 00:00:00+09:00,408.00817746595726,416.2061779405437,405.4857157814691,412.2122802734375,486800,0.0,0.0
2014-07-02 00:00:00+09:00,412.21230894612427,422.5123615409025,410.9510780161514,417.2572326660156,809600,0.0,0.0
2014-07-03 00:00:00+09:00,420.41027687283844,427.7674567181131,418.72863576534706,425.4552001953125,728800,0.0,0.0
2014-07-04 00:00:00+09:00,423.5633545527984,425.2449956626854,412.4224821997967,423.3531494140625,450400,0.0,0.0
2014-07-07 00:00:00+09:00,422.7225966833588,423.35321219308037,414.5245950569784,419.35931396484375,475600,0.0,0.0
2014-07-08 00:00:00+09:00,416.2061787630743,416.2061787630743,403.59387031570844,409.4796142578125,1614800,0.0,0.0
2014-07-09 00:00:00+09:00,409.90002142184375,423.3531503300478,409.90002142184375,420.2000732421875,1121600,0.0,0.0
2014-07-10 00:00:00+09:00,418.30829564614186,419.149116340908,401.28167657712805,402.75311279296875,725200,0.0,0.0
2014-07-11 00:00:00+09:00,402.7530202944416,410.1101996839539,401.9121997927831,406.9571228027344,748000,0.0,0.0
2014-07-14 00:00:00+09:00,407.7979428798803,410.74081463262166,404.22445575155143,408.8489685058594,672400,0.0,0.0
2014-07-15 00:00:00+09:00,408.849001260328,408.849001260328,393.7142310337246,401.4918212890625,821200,0.0,0.0
2014-07-16 00:00:00+09:00,401.2816449119931,406.7469789967033,398.548977869638,406.1163635253906,367600,0.0,0.0
2014-07-17 00:00:00+09:00,405.9061287570671,409.9000264506892,401.0714104963667,403.1734619140625,403600,0.0,0.0
2014-07-18 00:00:00+09:00,394.1346119276716,407.5877400148028,389.51009914772027,398.9693298339844,464000,0.0,0.0
2014-07-22 00:00:00+09:00,397.4979233378029,406.74694958151696,397.4979233378029,402.3326416015625,339600,0.0,0.0
2014-07-23 00:00:00+09:00,403.38366407392465,416.41638276729793,402.3326383728462,413.2633056640625,720800,0.0,0.0
2014-07-24 00:00:00+09:00,413.6836851633847,420.2000440252063,411.3714287930609,414.3143005371094,887200,0.0,0.0
2014-07-25 00:00:00+09:00,417.25723390593754,417.25723390593754,408.63882252551264,413.8939514160156,494800,0.0,0.0
2014-07-28 00:00:00+09:00,414.1041565716357,416.416413283457,407.587796747412,413.8939514160156,440000,0.0,0.0
2014-07-29 00:00:00+09:00,411.79186900577344,418.3082283417504,410.95104844629253,415.5755615234375,545600,0.0,0.0
2014-07-30 00:00:00+09:00,409.9000205349662,426.92663677257246,409.2694051187585,423.3531494140625,3568800,0.0,0.0
2014-07-31 00:00:00+09:00,416.6266195389926,428.81851859714675,404.22451532466334,410.9510803222656,1368800,0.0,0.0
2014-08-01 00:00:00+09:00,394.1346864799315,395.18571231054466,356.5079617439807,364.4957580566406,4754400,0.0,0.0
2014-08-04 00:00:00+09:00,364.49569973979595,366.5977510647083,353.1446225852695,353.9854431152344,1723600,0.0,0.0
2014-08-05 00:00:00+09:00,351.46298323006465,353.1446242981511,347.2588805598486,347.4690856933594,860000,0.0,0.0
2014-08-06 00:00:00+09:00,347.4691168792056,348.52014264109073,341.7935777650262,345.5772705078125,704800,0.0,0.0
2014-08-07 00:00:00+09:00,343.26501280781156,353.5650652435634,338.8507046210608,348.5201416015625,628000,0.0,0.0
2014-08-08 00:00:00+09:00,342.63430778662166,347.8894352066619,340.5322568186056,343.4751281738281,981600,0.0,0.0
2014-08-11 00:00:00+09:00,348.9405513181835,356.92834707125036,347.6793204098045,350.2017822265625,462800,0.0,0.0
2014-08-12 00:00:00+09:00,350.2017806355987,361.1324484585586,345.997677626768,354.8262939453125,763200,0.0,0.0
2014-08-13 00:00:00+09:00,350.20178186130124,355.24670548955527,344.94665308186995,351.2528076171875,385200,0.0,0.0
2014-08-14 00:00:00+09:00,354.8262939453125,359.66101240546783,352.72424244089717,354.8262939453125,285200,0.0,0.0
2014-08-15 00:00:00+09:00,354.8262931549809,359.0303961544475,352.09362620532755,357.1385498046875,332800,0.0,0.0
2014-08-18 00:00:00+09:00,357.1385488777517,360.92224156745124,353.98547163633543,359.8712158203125,286800,0.0,0.0
2014-08-19 00:00:00+09:00,361.5528576638652,363.02429371249724,354.8262928701189,357.9793701171875,363200,0.0,0.0
2014-08-20 00:00:00+09:00,355.246642387841,360.08136000613706,352.51397590793454,359.24053955078125,432400,0.0,0.0
2014-08-21 00:00:00+09:00,359.2405692191746,363.02426158075747,354.1956460703974,362.6038513183594,251200,0.0,0.0
2014-08-22 00:00:00+09:00,364.7059006967014,374.3753366805909,364.07528530644777,370.3814392089844,516400,0.0,0.0
2014-08-25 00:00:00+09:00,369.96108736310686,377.5284732409886,367.438625403813,376.6876525878906,376000,0.0,0.0
2014-08-26 00:00:00+09:00,374.16513282767096,376.4773892664937,364.075286549172,365.3365173339844,407600,0.0,0.0
2014-08-27 00:00:00+09:00,373.7447820108039,378.1590904597504,368.69985806915076,372.4835510253906,306800,0.0,0.0
2014-08-28 00:00:00+09:00,370.17132693989197,372.06317358524063,367.4386595632772,367.64886474609375,171600,0.0,0.0
2014-08-29 00:00:00+09:00,363.65487530208406,370.5916445997539,360.71200347883024,369.3304138183594,313200,0.0,0.0
2014-09-01 00:00:00+09:00,371.85293062419464,385.5162661191481,369.5406738481256,384.8856506347656,491600,0.0,0.0
2014-09-02 00:00:00+09:00,381.7325109268295,393.2937929207588,380.4712801638554,392.4529724121094,442400,0.0,0.0
2014-09-03 00:00:00+09:00,392.4530037856282,395.60608094512713,386.9876700424968,389.7203369140625,261600,0.0,0.0
2014-09-04 00:00:00+09:00,383.8345924951697,394.13464453912553,367.8590015698505,390.9815673828125,225600,0.0,0.0
2014-09-05 00:00:00+09:00,392.2427991741011,392.2427991741011,383.2039779712681,388.0386962890625,170400,0.0,0.0
2014-09-08 00:00:00+09:00,390.56115618433995,395.81628476593767,389.7203356112843,393.9244384765625,241200,0.0,0.0
2014-09-09 00:00:00+09:00,397.7081311211125,398.5489516943072,392.6632076819441,393.7142333984375,350000,0.0,0.0
2014-09-10 00:00:00+09:00,393.0835878919341,395.3958442912984,388.45907509320546,392.0325622558594,384800,0.0,0.0
2014-09-11 00:00:00+09:00,392.0325957916595,394.1346472436255,380.8917230962397,382.5733642578125,546800,0.0,0.0
2014-09-12 00:00:00+09:00,379.420257164376,391.82235975312847,379.420257164376,381.1018981933594,462000,0.0,0.0
2014-09-16 00:00:00+09:00,380.8916934193963,387.6182575415931,377.3182062294792,379.6304626464844,530000,0.0,0.0
2014-09-17 00:00:00+09:00,382.15298571811155,396.2367316164138,378.5794979528707,379.4203186035156,1034000,0.0,0.0
2014-09-18 00:00:00+09:00,382.78363006993345,388.87958024677476,379.4203472137451,383.41424560546875,398400,0.0,0.0
2014-09-19 00:00:00+09:00,384.8855908669506,384.8855908669506,377.7386164871165,379.6304626464844,623200,0.0,0.0
2014-09-22 00:00:00+09:00,376.687653702923,382.5733982920312,369.1202678026411,373.9549865722656,411600,0.0,0.0
2014-09-24 00:00:00+09:00,372.27331689453126,373.32434263392855,365.75695731026786,367.8590087890625,460000,0.0,0.0
2014-09-25 00:00:00+09:00,370.3815321227085,373.5346098649563,365.1264025522955,367.64886474609375,446800,0.0,0.0
2014-09-26 00:00:00+09:00,367.4385984933036,375.0059838169643,366.3875727539062,367.8590087890625,324800,0.0,0.0
2014-09-29 00:00:00+09:00,369.33044581259446,372.69372818766647,363.0242913593345,364.9161376953125,422400,0.0,0.0
2014-09-30 00:00:00+09:00,357.34875032072836,375.2161878367648,356.29772458449094,371.2222900390625,1322800,0.0,0.0
2014-10-01 00:00:00+09:00,367.85906961519424,372.27337845057656,356.928400118057,368.27947998046875,858400,0.0,0.0
2014-10-02 00:00:00+09:00,356.29776229401546,358.18960881947044,348.30996585320565,351.0426330566406,1330800,0.0,0.0
2014-10-03 00:00:00+09:00,348.94055073691385,357.13855162772086,347.4691146795895,351.8834228515625,336400,0.0,0.0
2014-10-06 00:00:00+09:00,353.98550487873376,357.7691979237559,351.46304284871906,352.3038635253906,300000,0.0,0.0
2014-10-07 00:00:00+09:00,354.19568032581833,356.5079369926338,348.73034638607277,349.5711669921875,307600,0.0,0.0
2014-10-08 00:00:00+09:00,344.7364498242781,349.3609631755794,343.47521891028686,345.7874755859375,358800,0.0,0.0
2014-10-09 00:00:00+09:00,345.78744462527294,350.62216269602146,345.15682922474053,347.4690856933594,268000,0.0,0.0
2014-10-10 00:00:00+09:00,341.79354780243665,345.9976504814334,341.37313753453697,344.7364196777344,393600,0.0,0.0
2014-10-14 00:00:00+09:00,334.2261952236109,342.6344013927583,332.9649642982388,337.1690673828125,552400,0.0,0.0
2014-10-15 00:00:00+09:00,340.5323164506392,348.73031666148796,340.5323164506392,346.8384704589844,277200,0.0,0.0
2014-10-16 00:00:00+09:00,339.4812631277376,340.5322887101764,333.59551986608017,334.43634033203125,407600,0.0,0.0
2014-10-17 00:00:00+09:00,334.22613552380267,339.27105832416197,331.9138792403047,332.75469970703125,438800,0.0,0.0
2014-10-20 00:00:00+09:00,340.3221115353331,347.6792912164551,338.00985506412326,345.9976501464844,233200,0.0,0.0
2014-10-21 00:00:00+09:00,351.04257508079604,351.25278021557494,337.1690361853873,339.6914978027344,254000,0.0,0.0
2014-10-22 00:00:00+09:00,342.634428724311,347.88955799922377,342.634428724311,345.3670959472656,234400,0.0,0.0
2014-10-23 00:00:00+09:00,340.7425532607704,346.2078872427445,336.7486553508663,342.0037841796875,311200,0.0,0.0
2014-10-24 00:00:00+09:00,346.83849958690644,353.1446541248502,343.265012015405,350.8323974609375,408800,0.0,0.0
2014-10-27 00:00:00+09:00,351.252808574313,355.24670645756373,346.6282952358122,348.5201416015625,294000,0.0,0.0
2014-10-28 00:00:00+09:00,344.3160387851681,349.99157788602247,343.05480787386705,347.8895263671875,166000,0.0,0.0
2014-10-29 00:00:00+09:00,351.2528015761652,376.2672141360477,351.2528015761652,369.5406494140625,1384000,0.0,0.0
2014-10-30 00:00:00+09:00,364.9160776244331,367.85894921817857,359.24053955078125,359.24053955078125,640800,0.0,0.0
2014-10-31 00:00:00+09:00,366.80798403129046,371.6427024454565,361.5528553202405,364.9161376953125,522000,0.0,0.0
2014-11-04 00:00:00+09:00,381.7325459957657,383.20398202107975,371.2222886720937,375.4263916015625,899200,0.0,0.0
2014-11-05 00:00:00+09:00,370.17126590906037,375.63659976121005,364.7059320569107,366.3875732421875,615600,0.0,0.0
2014-11-06 00:00:00+09:00,366.59783988193647,375.21625240209664,361.9733258467285,365.54681396484375,513200,0.0,0.0
2014-11-07 00:00:00+09:00,365.7569582890805,369.9610612579205,363.0242913593345,364.9161376953125,317600,0.0,0.0
2014-11-10 00:00:00+09:00,365.7569576580408,372.4835223965795,364.4957267695648,366.8079833984375,421200,0.0,0.0
2014-11-11 00:00:00+09:00,365.9671324108719,369.7508247620469,363.86508110466355,366.5977478027344,215200,0.0,0.0
2014-11-12 00:00:00+09:00,366.5978155992702,366.5978155992702,350.41201754815563,351.0426330566406,634400,0.0,0.0
2014-11-13 00:00:00+09:00,351.0426018124535,357.7691666376023,349.991576058524,353.1446533203125,166000,0.0,0.0
2014-11-14 00:00:00+09:00,353.1446533203125,359.2406026931036,349.1507554553804,353.1446533203125,280000,0.0,0.0
2014-11-17 00:00:00+09:00,350.8323378861316,351.2527481172714,341.79351791662674,342.63433837890625,503200,0.0,0.0
2014-11-18 00:00:00+09:00,338.4302922108727,355.4569093966371,335.06700980380816,354.8262939453125,706000,0.0,0.0
2014-11-19 00:00:00+09:00,352.30380342838777,352.5140085616983,339.48129029644764,348.7303161621094,598800,0.0,0.0
2014-11-20 00:00:00+09:00,346.20782618736155,346.20782618736155,335.6975703832522,338.00982666015625,666800,0.0,0.0
2014-11-21 00:00:00+09:00,338.00988597390403,345.9976817867202,336.5384499031221,342.8446044921875,643200,0.0,0.0
2014-11-25 00:00:00+09:00,339.2710580112498,342.84454499154174,334.0159300990557,334.43634033203125,978800,0.0,0.0
2014-11-26 00:00:00+09:00,337.37924171575776,340.5323187411387,335.06698523047845,338.2200622558594,936800,0.0,0.0
2014-11-27 00:00:00+09:00,336.9588331198391,337.58944852804837,332.1241149902344,332.1241149902344,545200,0.0,0.0
2014-11-28 00:00:00+09:00,336.32824244588096,349.99157729524484,336.11803729435223,349.5711669921875,1263200,0.0,0.0
2014-12-01 00:00:00+09:00,347.88955846840065,351.04263603760063,342.6344291864006,344.3160705566406,517600,0.0,0.0
2014-12-02 00:00:00+09:00,339.6914981439247,340.5323186838849,332.754728689253,338.4302673339844,1578800,0.0,0.0
2014-12-03 00:00:00+09:00,338.4302673339844,343.05478030376554,337.5894467940242,338.4302673339844,763200,0.0,0.0
2014-12-04 00:00:00+09:00,341.3732280835809,349.9916408615531,340.11199694534105,344.94671630859375,1166000,0.0,0.0
2014-12-05 00:00:00+09:00,349.5712200250346,366.59783988193647,348.940604474779,365.54681396484375,2973600,0.0,0.0
2014-12-08 00:00:00+09:00,362.18347318584296,364.0753195344631,355.24670324090226,357.7691650390625,902000,0.0,0.0
2014-12-09 00:00:00+09:00,360.08136000613706,363.8650520552383,356.5078730708748,359.24053955078125,628800,0.0,0.0
2014-12-10 00:00:00+09:00,349.1506949314378,357.76910461969123,340.53228524318433,354.19561767578125,694000,0.0,0.0
2014-12-11 00:00:00+09:00,349.3609611839769,356.08752602025083,347.0487045215078,351.4630126953125,762400,0.0,0.0
2014-12-12 00:00:00+09:00,354.19567657559674,363.44470314492986,353.1446508290816,360.5018310546875,727600,0.0,0.0
2014-12-15 00:00:00+09:00,353.1446193419781,371.0120554396377,353.1446193419781,367.0181579589844,1176800,0.0,0.0
2014-12-16 00:00:00+09:00,358.61001740495715,359.45083807882577,354.195708867147,355.0365295410156,608400,0.0,0.0
2014-12-17 00:00:00+09:00,353.56503285025195,359.2405714275152,352.0935969228133,353.9854431152344,564800,0.0,0.0
2014-12-18 00:00:00+09:00,353.1447114592487,361.1325085041602,351.8834803468942,358.82025146484375,786000,0.0,0.0
2014-12-19 00:00:00+09:00,364.70593020336776,373.74475152829274,361.13244270281604,372.0631103515625,820400,0.0,0.0
2014-12-22 00:00:00+09:00,373.3243724630424,373.9549879570678,366.1773968640877,370.5917053222656,286000,0.0,0.0
2014-12-24 00:00:00+09:00,369.54065247471755,369.54065247471755,358.8201898602633,360.5018310546875,461600,0.0,0.0
2014-12-25 00:00:00+09:00,352.5140367184045,365.33655087453013,352.09362641820366,356.5079345703125,772400,0.0,0.0
2014-12-26 00:00:00+09:00,365.7651304888821,376.9598254773588,365.7651304888821,374.3764343261719,566800,10.0,0.0
2014-12-29 00:00:00+09:00,369.85542253057855,372.0082480400697,366.41090171539275,370.716552734375,447600,0.0,0.0
2014-12-30 00:00:00+09:00,374.37638252186326,374.37638252186326,364.9039496115918,365.1192321777344,662400,0.0,0.0
2015-01-05 00:00:00+09:00,365.9803366134945,377.17502926284845,364.90392385874895,370.716552734375,718000,0.0,0.0
2015-01-06 00:00:00+09:00,368.13314234956783,369.2095550464964,362.96636140431076,364.258056640625,508000,0.0,0.0
2015-01-07 00:00:00+09:00,359.9524845580683,361.8900278361919,352.63287661849034,353.70928955078125,1171600,0.0,0.0
2015-01-08 00:00:00+09:00,355.21622763100197,362.1052696214214,353.9245322577983,356.72320556640625,570000,0.0,0.0
2015-01-09 00:00:00+09:00,359.3065856008819,359.73715071244675,352.20226126006156,355.2162170410156,576800,0.0,0.0
2015-01-13 00:00:00+09:00,347.03552441406254,352.20230641526445,343.8062856633113,349.8341979980469,775200,0.0,0.0
2015-01-14 00:00:00+09:00,349.8342041575581,353.7092907266879,345.95911758842817,351.9870300292969,562800,0.0,0.0
2015-01-15 00:00:00+09:00,353.92450608019385,360.5982650147961,353.06337589508394,356.07733154296875,959200,0.0,0.0
2015-01-16 00:00:00+09:00,347.466045032848,355.6467821525805,343.37567647298175,355.2162170410156,1080000,0.0,0.0
2015-01-19 00:00:00+09:00,352.20225303760475,357.15375170500386,346.8201892686927,356.5079040527344,623200,0.0,0.0
2015-01-20 00:00:00+09:00,355.21627628527665,363.8275799527985,353.70929814346033,363.1817321777344,439600,0.0,0.0
2015-01-21 00:00:00+09:00,361.6747025366109,363.39696302488045,355.86207338870105,360.167724609375,395600,0.0,0.0
2015-01-22 00:00:00+09:00,360.5982809355765,361.24412860292375,353.27867403897375,355.2162170410156,256400,0.0,0.0
2015-01-23 00:00:00+09:00,358.44547362124183,363.827537789729,357.7996259210234,363.39697265625,291200,0.0,0.0
2015-01-26 00:00:00+09:00,363.3969736735026,364.90395164489746,360.3830177307129,361.6747131347656,187600,0.0,0.0
2015-01-27 00:00:00+09:00,363.3969573353973,370.9318468536075,362.3205445470815,370.50128173828125,607200,0.0,0.0
2015-01-28 00:00:00+09:00,370.0707663198088,382.98772151421747,368.77907080036795,381.4807434082031,1229600,0.0,0.0
2015-01-29 00:00:00+09:00,381.4807129584042,389.4461680258201,379.9737349726769,387.7239074707031,980400,0.0,0.0
2015-01-30 00:00:00+09:00,388.58502324282927,395.6893477674904,388.58502324282927,393.10595703125,864000,0.0,0.0
2015-02-02 00:00:00+09:00,392.8906555175781,393.9670682724208,384.49463602980524,392.8906555175781,708400,0.0,0.0
2015-02-03 00:00:00+09:00,394.3976618280474,396.1199223600476,388.1544673995466,390.0920104980469,534400,0.0,0.0
2015-02-04 00:00:00+09:00,393.7517854422171,401.7172398224041,393.7517854422171,400.8561096191406,825600,0.0,0.0
2015-02-05 00:00:00+09:00,401.0714598483387,404.5159812426347,394.39769964689026,396.76580810546875,399200,0.0,0.0
2015-02-06 00:00:00+09:00,405.5923567458727,407.96046498589635,401.0714228331002,407.0993347167969,628000,0.0,0.0
2015-02-09 00:00:00+09:00,408.6062663297226,410.32852667252433,405.3770281869692,407.9604187011719,357600,0.0,0.0
2015-02-10 00:00:00+09:00,409.6826659166663,416.35642453117845,408.6062532369063,411.6202087402344,972400,0.0,0.0
2015-02-12 00:00:00+09:00,417.6481372918287,417.6481372918287,412.4813562119298,415.280029296875,387200,0.0,0.0
2015-02-13 00:00:00+09:00,380.8348462596443,393.1059521029454,380.1889985836811,381.2654113769531,1549200,0.0,0.0
2015-02-16 00:00:00+09:00,381.6960080010551,390.73787621089394,381.26544284820557,385.786376953125,839200,0.0,0.0
2015-02-17 00:00:00+09:00,384.0641121441939,390.95315451449335,382.9876992738346,386.4322204589844,467600,0.0,0.0
2015-02-18 00:00:00+09:00,390.73787826580354,396.9810730149541,387.07807444733595,388.5850524902344,563600,0.0,0.0
2015-02-19 00:00:00+09:00,386.43225042443527,394.18242369200055,385.3558374706068,392.6754455566406,379600,0.0,0.0
2015-02-20 00:00:00+09:00,389.6614443600833,394.182378244924,388.3697489644145,391.81427001953125,327200,0.0,0.0
2015-02-23 00:00:00+09:00,392.02953361691584,398.27272772723467,390.9531208392747,391.5989685058594,426800,0.0,0.0
2015-02-24 00:00:00+09:00,389.8766931488498,400.21025541894636,388.8002804123814,398.7032775878906,708800,0.0,0.0
2015-02-25 00:00:00+09:00,398.2727011189166,415.92586949283617,396.9810058720444,414.8494567871094,769200,0.0,0.0
2015-02-26 00:00:00+09:00,413.3425429444876,416.5717815612414,408.1757611576815,415.9259338378906,375200,0.0,0.0
2015-02-27 00:00:00+09:00,411.62023660959295,417.0023003727937,407.7451507000884,416.7870178222656,312000,0.0,0.0
2015-03-02 00:00:00+09:00,413.7730767948112,421.09268377245087,413.7730767948112,417.6481628417969,169600,0.0,0.0
2015-03-03 00:00:00+09:00,417.64821032765497,419.1551884061568,412.48142834422003,415.0648193359375,213600,0.0,0.0
2015-03-04 00:00:00+09:00,410.974427344762,417.86346960512464,410.974427344762,415.495361328125,366400,0.0,0.0
2015-03-05 00:00:00+09:00,416.5717399667162,430.56510590875064,416.5717399667162,422.3843688964844,418400,0.0,0.0
2015-03-06 00:00:00+09:00,423.0301710680143,424.10658371704227,418.72452047190217,421.523193359375,252400,0.0,0.0
2015-03-09 00:00:00+09:00,428.4123034697669,444.55849581159237,425.18306500140187,442.4056701660156,934400,0.0,0.0
2015-03-10 00:00:00+09:00,447.7877671852333,451.8781362124061,441.5445723542854,445.2043762207031,574800,0.0,0.0
2015-03-11 00:00:00+09:00,440.25285603821334,456.1837662322612,437.02361748536583,442.1903991699219,1158400,0.0,0.0
2015-03-12 00:00:00+09:00,448.00303071873793,462.8575281332468,446.71133529138933,451.2322692871094,1162400,0.0,0.0
2015-03-13 00:00:00+09:00,453.1698294289968,456.18378553921343,445.2043739948529,448.6488952636719,735200,0.0,0.0
2015-03-16 00:00:00+09:00,448.86414410920025,450.3711220510537,444.1279277205181,447.57244873046875,334000,0.0,0.0
2015-03-17 00:00:00+09:00,447.5724140793858,450.3710871832973,445.20430606838374,448.21826171875,381600,0.0,0.0
2015-03-18 00:00:00+09:00,443.2668024337192,447.357171178858,434.87078237790814,438.9611511230469,583200,0.0,0.0
2015-03-19 00:00:00+09:00,445.63493279689726,459.19773509941155,445.63493279689726,452.7392578125,856000,0.0,0.0
2015-03-20 00:00:00+09:00,461.99642494076585,489.3373130896369,457.26020809607957,485.8927917480469,2385600,0.0,0.0
2015-03-23 00:00:00+09:00,490.84426773177995,498.80972295374306,486.7538988340151,492.5665283203125,1143200,0.0,0.0
2015-03-24 00:00:00+09:00,488.6914336546255,500.9625401384641,476.6356097406788,493.85821533203125,1085600,0.0,0.0
2015-03-25 00:00:00+09:00,493.8582174485516,497.5180211523988,492.1359568820353,496.6568908691406,400000,0.0,0.0
2015-03-26 00:00:00+09:00,494.7192886066145,498.1638093279835,491.2747678852456,493.2123107910156,201600,0.0,0.0
2015-03-27 00:00:00+09:00,493.21238744073577,506.77518988890967,493.21238744073577,498.5944519042969,748800,0.0,0.0
2015-03-30 00:00:00+09:00,505.26822907394836,516.6782061258951,493.4276868502299,496.0110778808594,945200,0.0,0.0
2015-03-31 00:00:00+09:00,497.94865993259305,508.712790065161,497.94865993259305,505.4835510253906,583600,0.0,0.0
2015-04-01 00:00:00+09:00,500.53198449727915,505.91404884671226,497.73331103557393,503.3306579589844,444400,0.0,0.0
2015-04-02 00:00:00+09:00,497.3027417537574,498.3791546146963,486.53861314436875,491.4901123046875,473200,0.0,0.0
2015-04-03 00:00:00+09:00,491.4900625606404,499.4555169253989,489.9830847078482,499.240234375,145600,0.0,0.0
2015-04-06 00:00:00+09:00,495.1499536723646,502.25427909462024,492.56656260972613,498.1639099121094,203200,0.0,0.0
2015-04-07 00:00:00+09:00,496.8722296598542,498.80977301641343,489.5526214239638,492.7818603515625,254400,0.0,0.0
2015-04-08 00:00:00+09:00,503.5458836165434,506.55983931155475,498.8096675243827,502.68475341796875,415200,0.0,0.0
2015-04-09 00:00:00+09:00,500.7472828110774,502.68482603777545,496.4416311961928,502.46954345703125,272400,0.0,0.0
2015-04-10 00:00:00+09:00,502.46954122340424,508.28217087765955,500.9625631648936,505.9140625,374400,0.0,0.0
2015-04-13 00:00:00+09:00,514.0948438427116,514.0948438427116,505.26825732782424,510.2197570800781,165600,0.0,0.0
2015-04-14 00:00:00+09:00,503.54593633367944,506.5598923442273,496.2263288794917,497.7333068847656,308400,0.0,0.0
2015-04-15 00:00:00+09:00,495.3652547336517,495.3652547336517,475.98982104133154,483.0941467285156,824800,0.0,0.0
2015-04-16 00:00:00+09:00,480.080093836206,485.24687511516066,474.6980300039615,479.2189636230469,618000,0.0,0.0
2015-04-17 00:00:00+09:00,468.4549230867929,478.78848756664866,463.0728582535347,471.8994445800781,940800,0.0,0.0
2015-04-20 00:00:00+09:00,463.9339956327768,484.60112490458494,463.9339956327768,483.0941467285156,618400,0.0,0.0
2015-04-21 00:00:00+09:00,479.64963879625054,493.643007971186,475.34398674242425,490.198486328125,570800,0.0,0.0
2015-04-22 00:00:00+09:00,483.3093088583704,494.7192836332005,483.3093088583704,487.6149597167969,280800,0.0,0.0
2015-04-23 00:00:00+09:00,487.6150143913049,488.6914272266058,481.80238508068004,485.4621887207031,275600,0.0,0.0
2015-04-24 00:00:00+09:00,477.92729887359684,501.82366381727667,477.2814511724163,485.4621887207031,520800,0.0,0.0
2015-04-27 00:00:00+09:00,485.8927580594593,491.92066998930636,481.8023892499202,484.81634521484375,329200,0.0,0.0
2015-04-28 00:00:00+09:00,411.6202453462577,436.37773918246046,395.9046188241464,435.9471740722656,5618800,0.0,0.0
2015-04-30 00:00:00+09:00,427.1205921448635,430.5651130492576,399.34914235318644,402.36309814453125,2661600,0.0,0.0
2015-05-01 00:00:00+09:00,408.60633525672074,409.2521829942182,393.1059895567819,395.9046630859375,1298000,0.0,0.0
2015-05-07 00:00:00+09:00,407.96046589313335,408.17574846088695,389.8767302018282,399.1338806152344,958400,0.0,0.0
2015-05-08 00:00:00+09:00,398.7032627254337,398.7032627254337,380.18896434833476,397.8421325683594,1398000,0.0,0.0
2015-05-11 00:00:00+09:00,401.5020449299458,401.9326101255811,389.0156542565212,390.7379150390625,796000,0.0,0.0
2015-05-12 00:00:00+09:00,387.2933134974401,387.2933134974401,368.77901390834626,370.0707092285156,1531600,0.0,0.0
2015-05-13 00:00:00+09:00,378.68206978274793,386.00167772624616,376.0986787438662,381.4807434082031,1033600,0.0,0.0
2015-05-14 00:00:00+09:00,380.18902602184573,387.2933509701588,367.4873541445587,367.70263671875,986800,0.0,0.0
2015-05-15 00:00:00+09:00,365.1192105011998,371.1471219953234,361.88997220077647,370.0707092285156,808800,0.0,0.0
2015-05-18 00:00:00+09:00,365.1192713945762,378.251509339782,365.1192713945762,374.5917053222656,563600,0.0,0.0
2015-05-19 00:00:00+09:00,366.41088446381565,369.4248400351984,358.2301479129197,359.0912780761719,1736400,0.0,0.0
2015-05-20 00:00:00+09:00,367.0568278064466,381.0501966084519,362.5358932704142,377.17510986328125,1405600,0.0,0.0
2015-05-21 00:00:00+09:00,375.88332387941693,381.91123514437896,373.0846507921131,375.4527587890625,623200,0.0,0.0
2015-05-22 00:00:00+09:00,373.30001218578934,379.3279247239681,369.6402081447522,371.1471862792969,612000,0.0,0.0
2015-05-25 00:00:00+09:00,371.14713902627267,374.8069426013577,370.7165738997921,373.73052978515625,298000,0.0,0.0
2015-05-26 00:00:00+09:00,377.39031604280854,377.39031604280854,367.7026011415385,370.0707092285156,687600,0.0,0.0
2015-05-27 00:00:00+09:00,367.70261875666756,369.42487926606645,362.96640235582055,365.76507568359375,702800,0.0,0.0
2015-05-28 00:00:00+09:00,368.99435232836385,373.94585180534887,365.5498309530699,366.1956787109375,406400,0.0,0.0
2015-05-29 00:00:00+09:00,365.7650627422503,372.00825686792734,361.45941162109375,361.45941162109375,622400,0.0,0.0
2015-06-01 00:00:00+09:00,365.9803624423045,370.28601376515513,361.02886342102624,365.1192321777344,523600,0.0,0.0
2015-06-02 00:00:00+09:00,368.1331838840173,368.1331838840173,362.1052721011211,365.76507568359375,357600,0.0,0.0
2015-06-03 00:00:00+09:00,365.98034017890166,369.20957847459783,363.6122320953911,363.8275146484375,296400,0.0,0.0
2015-06-04 00:00:00+09:00,363.82752525855597,366.8414810891002,355.6467880042216,365.3345031738281,1089200,0.0,0.0
2015-06-05 00:00:00+09:00,365.334520122202,376.7444962957298,364.9039549835783,375.2375183105469,694800,0.0,0.0
2015-06-08 00:00:00+09:00,377.6056412018097,387.9392049291112,376.74451089120123,382.34185791015625,1255600,0.0,0.0
2015-06-09 00:00:00+09:00,382.3418176706239,384.2793606655764,375.0222108008034,379.1125793457031,688000,0.0,0.0
2015-06-10 00:00:00+09:00,379.32787250501536,385.140501652368,372.00826543057127,380.61956787109375,740800,0.0,0.0
2015-06-11 00:00:00+09:00,384.70990652604536,390.091970131614,377.39030002247205,378.89727783203125,678400,0.0,0.0
2015-06-12 00:00:00+09:00,385.3558160260511,387.50864181390614,380.8348818715555,385.1405334472656,924000,0.0,0.0
2015-06-15 00:00:00+09:00,383.20297665297176,400.6408649163935,382.34184636835835,395.04351806640625,1121600,0.0,0.0
2015-06-16 00:00:00+09:00,395.0434984770897,405.1617788195546,393.75180311422184,402.7936706542969,1048000,0.0,0.0
2015-06-17 00:00:00+09:00,394.1823708142909,403.8700860991861,389.8767195765597,391.3836975097656,693200,0.0,0.0
2015-06-18 00:00:00+09:00,385.78641374143837,388.58508750183944,373.7305883120184,377.17510986328125,1212400,0.0,0.0
2015-06-19 00:00:00+09:00,381.05013073000134,386.2169121636285,374.8069364977019,377.8208923339844,804800,0.0,0.0
2015-06-22 00:00:00+09:00,384.925237188731,385.3558023310003,377.17506462788407,382.55712890625,306400,0.0,0.0
2015-06-23 00:00:00+09:00,383.2029902381961,386.21694634119314,377.3903606109875,385.1405334472656,404400,0.0,0.0
2015-06-24 00:00:00+09:00,387.07809185278927,389.23091772516295,378.6820709505319,379.75848388671875,395200,0.0,0.0
2015-06-25 00:00:00+09:00,378.8973262392241,379.7584565261315,366.6262196507947,368.3484802246094,1062400,0.0,0.0
2015-06-26 00:00:00+09:00,368.89061753103664,373.22795577361205,368.6737506189079,371.2761535644531,1140000,3.125,0.0
2015-06-29 00:00:00+09:00,365.420721718542,365.420721718542,345.0352333852821,346.11956787109375,2802800,0.0,0.0
2015-06-30 00:00:00+09:00,345.0352623110912,358.4810110623719,345.0352623110912,357.1798095703125,1572000,0.0,0.0
2015-07-01 00:00:00+09:00,357.39668755243287,358.697889084784,349.37261143626785,355.44488525390625,1327600,0.0,0.0
2015-07-02 00:00:00+09:00,357.8304228311311,359.3484912916268,354.79428591013965,357.6135559082031,641600,0.0,0.0
2015-07-03 00:00:00+09:00,353.49303330047223,354.3605008668537,338.3123508887955,342.6496887207031,1732400,0.0,0.0
2015-07-06 00:00:00+09:00,340.481041191048,346.98704834756484,339.3967066649618,342.8665771484375,759200,0.0,0.0
2015-07-07 00:00:00+09:00,346.9870546730413,353.7099288573315,346.9870546730413,351.541259765625,790800,0.0,0.0
2015-07-08 00:00:00+09:00,354.5773529149004,359.13155744775236,341.9990737289284,343.7340087890625,3380800,0.0,0.0
2015-07-09 00:00:00+09:00,340.48103440251674,341.34850200609003,325.30035133998416,337.8786315917969,1774400,0.0,0.0
2015-07-10 00:00:00+09:00,294.5052644666599,294.5052644666599,258.72222423322927,269.1318359375,10940800,0.0,0.0
2015-07-13 00:00:00+09:00,271.7342995931936,272.38490047011265,259.5897498907045,261.1078186035156,4430400,0.0,0.0
2015-07-14 00:00:00+09:00,271.734259887193,273.2523283781829,261.32464737754793,263.4933166503906,4032400,0.0,0.0
2015-07-15 00:00:00+09:00,264.57763081688154,272.60170650559024,263.05956244334203,269.1318359375,2785200,0.0,0.0
2015-07-16 00:00:00+09:00,266.31251596149644,266.74624970084744,261.3245779589603,263.7101135253906,3690000,0.0,0.0
2015-07-17 00:00:00+09:00,263.92703945755665,269.7824462491376,262.40897103010974,265.2282409667969,1121600,0.0,0.0
2015-07-21 00:00:00+09:00,266.74629100854844,277.80650307475656,266.74629100854844,269.34869384765625,1483200,0.0,0.0
2015-07-22 00:00:00+09:00,264.57768994708397,267.3969604137332,260.24035076762357,261.1078186035156,2487200,0.0,0.0
2015-07-23 00:00:00+09:00,261.97526038182923,261.97526038182923,252.64998207353565,253.3005828857422,2580000,0.0,0.0
2015-07-24 00:00:00+09:00,251.56558944675976,256.7703947456582,248.3125861349482,252.86679077148438,1817600,0.0,0.0
2015-07-27 00:00:00+09:00,249.83067183530906,258.93908174597135,248.31260351686535,256.11981201171875,1250000,0.0,0.0
2015-07-28 00:00:00+09:00,251.9993543877345,256.770426501788,248.96321758788227,253.95115661621094,860000,0.0,0.0
2015-07-29 00:00:00+09:00,258.0716168870352,258.7222176018764,250.91500902378127,255.6860809326172,1284800,0.0,0.0
2015-07-30 00:00:00+09:00,251.34872253366373,257.85472915662314,248.31258610961603,256.55352783203125,2671600,0.0,0.0
2015-07-31 00:00:00+09:00,256.1198494195336,259.80658730279526,252.43311153627184,257.4210510253906,1798400,0.0,0.0
2015-08-03 00:00:00+09:00,263.9270449631326,270.8667864905116,258.7222388175983,264.36077880859375,4058000,0.0,0.0
2015-08-04 00:00:00+09:00,261.7583634873602,262.1920973125257,255.2523561098782,255.46922302246094,1807200,0.0,0.0
2015-08-05 00:00:00+09:00,255.03549634639302,262.40897158089757,250.04755721716936,261.54150390625,2402800,0.0,0.0
2015-08-06 00:00:00+09:00,265.6619281228255,272.38480140593373,265.4450612427252,267.8305969238281,2061200,0.0,0.0
2015-08-07 00:00:00+09:00,267.83069986780197,271.51743824654903,261.97529185449775,266.09576416015625,1046400,0.0,0.0
2015-08-10 00:00:00+09:00,261.7583846670066,264.57765475869763,260.6740500163562,264.1439208984375,574400,0.0,0.0
2015-08-11 00:00:00+09:00,265.01138310485163,277.5896647906793,265.01138310485163,274.55352783203125,2400000,0.0,0.0
2015-08-12 00:00:00+09:00,271.08362502032907,280.6257686210447,271.08362502032907,276.0715637207031,1324400,0.0,0.0
2015-08-13 00:00:00+09:00,271.30052394776544,274.55352783203125,271.08365702214775,274.55352783203125,877200,0.0,0.0
2015-08-14 00:00:00+09:00,274.5535728501977,280.6258477631563,274.33670588902066,279.32464599609375,942800,0.0,0.0
2015-08-17 00:00:00+09:00,277.37277853671435,277.37277853671435,267.39690065345485,269.1318359375,872000,0.0,0.0
2015-08-18 00:00:00+09:00,268.9149947275168,268.9149947275168,261.1077852031695,266.3125915527344,860400,0.0,0.0
2015-08-19 00:00:00+09:00,265.8788486912155,270.64992101683276,261.32464328949,266.5294494628906,907200,0.0,0.0
2015-08-20 00:00:00+09:00,263.27646256719754,272.8186078332245,262.4089948157406,269.782470703125,522400,0.0,0.0
2015-08-21 00:00:00+09:00,261.32467764395255,265.66201669198495,255.25240297670717,257.637939453125,999600,0.0,0.0
2015-08-24 00:00:00+09:00,246.3608258282697,251.99936585602939,232.69820960715967,234.21627807617188,1462400,0.0,0.0
2015-08-25 00:00:00+09:00,221.2042261229141,251.34872360437,217.95122279757712,239.2041778564453,1468000,0.0,0.0
2015-08-26 00:00:00+09:00,238.55364386764487,253.08372944867415,231.18016760264496,250.04759216308594,1456000,0.0,0.0
2015-08-27 00:00:00+09:00,250.04756113346792,261.97524184668623,250.04756113346792,258.50537109375,1052000,0.0,0.0
2015-08-28 00:00:00+09:00,262.1920454376622,269.1317852672778,258.28844178350346,263.7101135253906,1167600,0.0,0.0
2015-08-31 00:00:00+09:00,268.04750940333884,270.6499124072547,258.72223197264015,263.0595703125,623200,0.0,0.0
2015-09-01 00:00:00+09:00,260.45719404984504,262.8427303816921,250.9150487224569,251.7825164794922,613200,0.0,0.0
2015-09-02 00:00:00+09:00,245.92708072146854,251.3487535768801,237.90300489545945,240.72227478027344,1006000,0.0,0.0
2015-09-03 00:00:00+09:00,242.02346438888407,256.7704138319344,242.02346438888407,253.5174102783203,554800,0.0,0.0
2015-09-04 00:00:00+09:00,254.1680291094903,254.1680291094903,234.65000639630418,235.083740234375,1560800,0.0,0.0
2015-09-07 00:00:00+09:00,232.9150713656811,248.3126226384589,232.9150713656811,244.62588500976562,534800,0.0,0.0
2015-09-08 00:00:00+09:00,244.6258947150025,252.21623719286163,242.02349157973651,245.4933624267578,796000,0.0,0.0
2015-09-09 00:00:00+09:00,253.08367318335152,256.1198097939487,243.3246626492891,249.18006896972656,965200,0.0,0.0
2015-09-10 00:00:00+09:00,242.67405553517608,258.07160508209074,242.67405553517608,256.336669921875,808000,0.0,0.0
2015-09-11 00:00:00+09:00,251.99939869068288,262.192145453559,251.99939869068288,257.637939453125,698400,0.0,0.0
2015-09-14 00:00:00+09:00,255.4692438440794,258.071647007177,250.6981713784005,254.60177612304688,518000,0.0,0.0
2015-09-15 00:00:00+09:00,254.60175567626953,265.4451013183594,254.60175567626953,260.24029541015625,674000,0.0,0.0
2015-09-16 00:00:00+09:00,263.710209546589,263.9270764952293,253.9511968577761,260.674072265625,326400,0.0,0.0
2015-09-17 00:00:00+09:00,266.74631433579526,269.99931816915864,260.8909074357412,268.0475158691406,498000,0.0,0.0
2015-09-18 00:00:00+09:00,268.26433237518387,269.7824005454557,260.89085840529197,262.62579345703125,408000,0.0,0.0
2015-09-24 00:00:00+09:00,254.60172584514342,266.96313842876623,254.60172584514342,256.55352783203125,762400,0.0,0.0
2015-09-25 00:00:00+09:00,256.55354137634964,271.73422429802713,256.55354137634964,270.2161560058594,780800,0.0,0.0
2015-09-28 00:00:00+09:00,269.56560782086126,270.43307558536924,258.28852688225726,260.89093017578125,676400,0.0,0.0
2015-09-29 00:00:00+09:00,257.2041672479539,263.27644101097474,250.48129272460938,250.48129272460938,509600,0.0,0.0
2015-09-30 00:00:00+09:00,263.49330414648597,263.49330414648597,255.25236130075226,263.0595703125,555200,0.0,0.0
2015-10-01 00:00:00+09:00,262.40902035735377,262.6258873163268,255.03554375227108,261.1078186035156,578400,0.0,0.0
2015-10-02 00:00:00+09:00,259.5896996406121,271.08364624124073,255.68609513473825,263.0595703125,917600,0.0,0.0
2015-10-05 00:00:00+09:00,265.87882369060907,268.0474927256059,256.1198130331234,265.6619567871094,765200,0.0,0.0
2015-10-06 00:00:00+09:00,269.5655747798451,275.42098147256905,268.48124020711845,271.95111083984375,1139200,0.0,0.0
2015-10-07 00:00:00+09:00,272.8185495321496,278.6739556031893,268.9149454847897,277.8064880371094,799600,0.0,0.0
2015-10-08 00:00:00+09:00,277.8065331198953,281.49327087402344,274.98726307262075,276.7221984863281,497600,0.0,0.0
2015-10-09 00:00:00+09:00,278.6739414099491,290.16788607510654,277.80647388805045,286.2642822265625,1058400,0.0,0.0
2015-10-13 00:00:00+09:00,286.26431030004363,297.9751229941363,286.26431030004363,295.1558532714844,980800,0.0,0.0
2015-10-14 00:00:00+09:00,290.8185272919967,299.27633681055585,281.92698395197294,282.3607177734375,535600,0.0,0.0
2015-10-15 00:00:00+09:00,286.2643302317416,290.38480165174394,282.3607257285815,289.517333984375,412400,0.0,0.0
2015-10-16 00:00:00+09:00,291.25227080277796,295.5896091617173,288.64986778741434,291.6860046386719,474800,0.0,0.0
2015-10-19 00:00:00+09:00,292.33658736355676,297.9751268824384,288.43298308125406,292.1197204589844,645200,0.0,0.0
2015-10-20 00:00:00+09:00,292.5534737787563,297.75827983560595,286.9149338838359,293.85467529296875,497200,0.0,0.0
2015-10-21 00:00:00+09:00,287.3487028830721,294.2884451413803,286.26436815521146,287.1318359375,725600,0.0,0.0
2015-10-22 00:00:00+09:00,289.3004932672205,297.32456991706096,286.6980900294344,292.5534973144531,554800,0.0,0.0
2015-10-23 00:00:00+09:00,298.40885652893684,306.2160649846358,294.93898610418177,298.84259033203125,678400,0.0,0.0
2015-10-26 00:00:00+09:00,298.6257629394531,301.8787668930419,293.8546904741895,298.6257629394531,684000,0.0,0.0
2015-10-27 00:00:00+09:00,301.44501836531066,305.9992236787434,298.40888148968884,299.7100830078125,396800,0.0,0.0
2015-10-28 00:00:00+09:00,300.5775701070003,302.09563864289424,298.408900770009,301.4450378417969,191600,0.0,0.0
2015-10-29 00:00:00+09:00,297.9751694699551,305.7823791503906,297.1077017276845,305.7823791503906,805200,0.0,0.0
2015-10-30 00:00:00+09:00,300.57758252374055,303.8305866636079,298.84264698247796,301.8787841796875,461200,0.0,0.0
2015-11-02 00:00:00+09:00,278.89085505910583,298.4088775749064,269.13184380120555,289.517333984375,2007600,0.0,0.0
2015-11-04 00:00:00+09:00,290.3847910563151,292.98719396346655,286.48118669558795,287.5655212402344,386800,0.0,0.0
2015-11-05 00:00:00+09:00,286.48122309295223,287.34869083888094,275.42100933236134,277.15594482421875,1275200,0.0,0.0
2015-11-06 00:00:00+09:00,271.5173872587033,275.63785879058463,262.1921095812878,264.36077880859375,1624400,0.0,0.0
2015-11-09 00:00:00+09:00,263.9270400115309,266.52944303547366,258.7222339636453,261.54150390625,806400,0.0,0.0
2015-11-10 00:00:00+09:00,260.2403211714143,260.2403211714143,252.86684540489088,257.4210510253906,548400,0.0,0.0
2015-11-11 00:00:00+09:00,257.8547469506877,260.0234159746632,252.64994129314644,259.8065490722656,492800,0.0,0.0
2015-11-12 00:00:00+09:00,257.85476334621694,259.80656559189896,256.1198280167218,257.20416259765625,346400,0.0,0.0
2015-11-13 00:00:00+09:00,255.68609268811284,256.3366934328663,251.78248821959204,255.03549194335938,469600,0.0,0.0
2015-11-16 00:00:00+09:00,252.86685548099786,260.0234645983846,251.56565382329117,259.37286376953125,312400,0.0,0.0
2015-11-17 00:00:00+09:00,258.72227200821845,265.22828052477047,257.6379372554598,265.01141357421875,392800,0.0,0.0
2015-11-18 00:00:00+09:00,270.86675860364176,273.902895209287,266.529420595577,268.6980895996094,615600,0.0,0.0
2015-11-19 00:00:00+09:00,268.9149785763108,270.86678084017115,260.4571687662494,265.2282409667969,663600,0.0,0.0
2015-11-20 00:00:00+09:00,264.7945311322473,269.99933764098927,260.8909262506908,269.782470703125,626000,0.0,0.0
2015-11-24 00:00:00+09:00,271.08368818966727,274.11982549739156,264.1439457720118,265.01141357421875,470400,0.0,0.0
2015-11-25 00:00:00+09:00,262.4089750758472,266.31257966375233,260.8909066249952,262.1921081542969,414800,0.0,0.0
2015-11-26 00:00:00+09:00,258.9390762522251,259.58967694632616,254.6017382915513,256.9872741699219,426800,0.0,0.0
2015-11-27 00:00:00+09:00,257.20414652489285,259.372815551241,254.38487679064022,256.11981201171875,300400,0.0,0.0
2015-11-30 00:00:00+09:00,249.61383194626163,250.69816657678405,244.1921587936495,247.0114288330078,842800,0.0,0.0
2015-12-01 00:00:00+09:00,248.96325419125358,257.8547989837984,248.96325419125358,255.2523956298828,524000,0.0,0.0
2015-12-02 00:00:00+09:00,253.5174054389219,260.4571462208257,252.86680474061845,259.15594482421875,410000,0.0,0.0
2015-12-03 00:00:00+09:00,259.15594836507296,263.493286413024,256.7704124386999,259.8065490722656,847600,0.0,0.0
2015-12-04 00:00:00+09:00,258.07167226617986,268.04755203445234,256.3367366543064,267.1800842285156,1027600,0.0,0.0
2015-12-07 00:00:00+09:00,269.9993432567966,272.6017465652958,266.7463391211725,268.9150085449219,531600,0.0,0.0
2015-12-08 00:00:00+09:00,266.7463163867823,269.782453321266,263.9270463761903,266.5294494628906,388400,0.0,0.0
2015-12-09 00:00:00+09:00,265.2282520686648,266.0957197778019,262.192115086685,263.4933166503906,513600,0.0,0.0
2015-12-10 00:00:00+09:00,257.20416259765625,260.24029942427273,253.30055810629216,257.20416259765625,540000,0.0,0.0
2015-12-11 00:00:00+09:00,251.99939479504602,257.85480241937154,251.78252784599692,255.9029998779297,544000,0.0,0.0
2015-12-14 00:00:00+09:00,250.9150041757821,253.08367318335152,248.09573446594186,249.18006896972656,594000,0.0,0.0
2015-12-15 00:00:00+09:00,249.83066967199738,254.16800768713622,248.74633516821268,249.18006896972656,496400,0.0,0.0
2015-12-16 00:00:00+09:00,252.6499898740724,254.81865931505155,249.83071960079948,250.91505432128906,628800,0.0,0.0
2015-12-17 00:00:00+09:00,251.5656116472576,255.03548215273705,251.1318778340727,254.1680145263672,530400,0.0,0.0
2015-12-18 00:00:00+09:00,253.73436171773804,262.192173774996,250.48135708033112,251.1319580078125,962000,0.0,0.0
2015-12-21 00:00:00+09:00,251.56563217935346,251.99936602793855,243.10782213194418,248.5294952392578,892000,0.0,0.0
2015-12-22 00:00:00+09:00,247.01143022755554,247.66203100954206,243.541559390294,244.40902709960938,464400,0.0,0.0
2015-12-24 00:00:00+09:00,242.6741283531085,243.97533011371496,238.3367891510869,238.77052307128906,714800,0.0,0.0
2015-12-25 00:00:00+09:00,238.77052307128906,238.77052307128906,238.77052307128906,238.77052307128906,0,0.0,0.0
2015-12-28 00:00:00+09:00,233.61555859407207,250.06735849506308,233.61555859407207,249.40928649902344,785600,3.125,0.0
2015-12-29 00:00:00+09:00,250.06741309751402,259.7191378135584,249.84805571760393,259.0610656738281,830400,0.0,0.0
2015-12-30 00:00:00+09:00,258.40294132200717,263.00944536934344,257.74486931524484,261.91265869140625,525600,0.0,0.0
2016-01-04 00:00:00+09:00,256.6481066710197,267.39661712134443,256.20939195876156,261.4739685058594,507200,0.0,0.0
2016-01-05 00:00:00+09:00,261.4739496284852,266.29981111491696,259.499733565854,264.5449523925781,362000,0.0,0.0
2016-01-06 00:00:00+09:00,264.1062320472807,267.17723474550485,255.9900106305453,261.91265869140625,467600,0.0,0.0
2016-01-07 00:00:00+09:00,260.3771919412816,261.6933361296958,255.55132991709607,257.7449035644531,435600,0.0,0.0
2016-01-08 00:00:00+09:00,256.20943325844956,261.91272543714797,254.235216735054,255.55136108398438,638000,0.0,0.0
2016-01-12 00:00:00+09:00,252.04164022927753,252.69971239697801,239.31891165373526,239.53826904296875,684400,0.0,0.0
2016-01-13 00:00:00+09:00,240.63501820607226,246.9963814950204,240.63501820607226,243.48666381835938,498800,0.0,0.0
2016-01-14 00:00:00+09:00,239.0995097853027,239.0995097853027,228.78971440923917,234.05429077148438,612000,0.0,0.0
2016-01-15 00:00:00+09:00,238.44143538833458,240.85436619723217,228.78971215274422,230.54457092285156,535600,0.0,0.0
2016-01-18 00:00:00+09:00,224.4025696308412,227.69292988935794,220.6734946711889,224.18321228027344,526800,0.0,0.0
2016-01-19 00:00:00+09:00,224.84126884958178,228.5703435524529,222.6476954949517,225.2799835205078,366000,0.0,0.0
2016-01-20 00:00:00+09:00,225.2799912656161,226.81549266664757,216.5056975454363,216.9444122314453,496400,0.0,0.0
2016-01-21 00:00:00+09:00,215.40897410539176,221.98969632857074,210.8024685491665,211.46054077148438,590800,0.0,0.0
2016-01-22 00:00:00+09:00,219.13800430297852,227.47358404623495,218.69928957964922,227.2542266845703,396000,0.0,0.0
2016-01-25 00:00:00+09:00,233.6155976030163,235.5898139207883,227.47359128105907,233.396240234375,494400,0.0,0.0
2016-01-26 00:00:00+09:00,229.00907678270156,230.76393560862263,224.84128707113896,225.49935913085938,382000,0.0,0.0
2016-01-27 00:00:00+09:00,231.86071090343387,236.0285004087936,230.7639241914971,235.80914306640625,365600,0.0,0.0
2016-01-28 00:00:00+09:00,233.396240234375,235.15109918350564,231.42202391660302,233.396240234375,318000,0.0,0.0
2016-01-29 00:00:00+09:00,235.80916860829228,242.60924695885697,232.73816548223078,242.1705322265625,555600,0.0,0.0
2016-02-01 00:00:00+09:00,244.36409864238664,246.55767223881742,242.60923976524202,246.11895751953125,280400,0.0,0.0
2016-02-02 00:00:00+09:00,242.17054669090834,247.43512379288458,241.7318319324103,244.36412048339844,179200,0.0,0.0
2016-02-03 00:00:00+09:00,239.53823466240604,243.2673097441468,237.7833758004104,242.60923767089844,193600,0.0,0.0
2016-02-04 00:00:00+09:00,240.41566496655878,244.36409742038913,238.66080609818974,239.31887817382812,340400,0.0,0.0
2016-02-05 00:00:00+09:00,235.8091621947803,244.14474188166557,234.71237539387434,243.92538452148438,376000,0.0,0.0
2016-02-08 00:00:00+09:00,238.88019057863272,250.06741713465684,238.88019057863272,248.09320068359375,420000,0.0,0.0
2016-02-09 00:00:00+09:00,241.51248554607014,243.9254168276385,235.80919342599944,239.53826904296875,494000,0.0,0.0
2016-02-10 00:00:00+09:00,245.89959472106383,247.87381091418567,230.32522253088047,243.48666381835938,891200,0.0,0.0
2016-02-12 00:00:00+09:00,237.12528833583713,270.24824720606046,232.29942677858605,260.3771667480469,2202400,0.0,0.0
2016-02-15 00:00:00+09:00,269.8095593873527,279.4612834629978,267.615985733797,275.7322082519531,1257200,0.0,0.0
2016-02-16 00:00:00+09:00,274.63544886886694,289.3323938163223,274.196734094316,275.51287841796875,1220800,0.0,0.0
2016-02-17 00:00:00+09:00,275.07411004976655,282.3129024194972,264.10624282290183,269.3708190917969,1033200,0.0,0.0
2016-02-18 00:00:00+09:00,275.9515517098563,275.9515517098563,268.2740443093436,270.2482604980469,563600,0.0,0.0
2016-02-19 00:00:00+09:00,267.177252097208,271.3450417440446,264.7643212490395,267.615966796875,719200,0.0,0.0
2016-02-22 00:00:00+09:00,274.19671416282654,282.971009016037,271.5644257068634,280.7774353027344,871600,0.0,0.0
2016-02-23 00:00:00+09:00,280.558026310036,282.5322422887618,271.34501840931546,279.24188232421875,760000,0.0,0.0
2016-02-24 00:00:00+09:00,276.390271985853,285.16456633461024,274.8547704748205,284.0677795410156,689200,0.0,0.0
2016-02-25 00:00:00+09:00,282.53226709253295,288.67427289889235,278.1451200879905,278.8031921386719,620800,0.0,0.0
2016-02-26 00:00:00+09:00,284.28718224158655,292.6227632023738,282.97103787935697,285.16461181640625,964000,0.0,0.0
2016-02-29 00:00:00+09:00,290.6485077358356,291.9646519218092,280.1193542480469,280.1193542480469,730000,0.0,0.0
2016-03-01 00:00:00+09:00,282.53227744851534,286.9194246138649,277.0483434918283,286.2613525390625,1240800,0.0,0.0
2016-03-02 00:00:00+09:00,290.42911709703634,291.5259037930221,286.26132765229033,288.89361572265625,974400,0.0,0.0
2016-03-03 00:00:00+09:00,286.0420000321439,288.2355736520223,278.58384972455735,279.8999938964844,1197600,0.0,0.0
2016-03-04 00:00:00+09:00,280.7774017787334,281.8741885044316,279.2419003627559,280.55804443359375,838000,0.0,0.0
2016-03-07 00:00:00+09:00,298.32600158474196,309.73258399827625,292.183995669762,308.19708251953125,4246000,0.0,0.0
2016-03-08 00:00:00+09:00,310.3906070035726,312.58418019794414,303.809887420458,306.8808898925781,1750000,0.0,0.0
2016-03-09 00:00:00+09:00,301.3969813252664,307.7583441043295,293.9388318601579,304.2486267089844,998400,0.0,0.0
2016-03-10 00:00:00+09:00,307.10028773968884,309.2938612235438,302.9324981203645,303.15185546875,673600,0.0,0.0
2016-03-11 00:00:00+09:00,303.5905786220318,312.584230156355,303.5905786220318,306.0035095214844,1738000,0.0,0.0
2016-03-14 00:00:00+09:00,309.07453287356975,312.1455360390985,307.31967392183907,309.73260498046875,1323600,0.0,0.0
2016-03-15 00:00:00+09:00,307.53895258462614,311.92609884118286,305.12602214351995,308.4163818359375,774000,0.0,0.0
2016-03-16 00:00:00+09:00,307.1003328840819,311.48748049671167,304.4680443165041,306.4422607421875,484800,0.0,0.0
2016-03-17 00:00:00+09:00,306.00353861964027,308.1971123731861,290.8678797201742,292.40338134765625,806400,0.0,0.0
2016-03-18 00:00:00+09:00,293.500088358244,299.20337856550435,291.3065152016054,295.47430419921875,780000,0.0,0.0
2016-03-22 00:00:00+09:00,301.17765067026744,306.661584586332,297.00986089405836,306.2228698730469,1086800,0.0,0.0
2016-03-23 00:00:00+09:00,311.0486541053987,319.16487427599094,310.17122489776716,318.2874450683594,2188000,0.0,0.0
2016-03-24 00:00:00+09:00,316.31328380125177,316.31328380125177,301.396984703828,302.2744140625,898000,0.0,0.0
2016-03-25 00:00:00+09:00,302.49375044397357,304.2486090397327,296.1323880343469,298.5453186035156,571600,0.0,0.0
2016-03-28 00:00:00+09:00,299.42278917761575,300.9582906605779,291.08720969867846,292.6227111816406,588800,0.0,0.0
2016-03-29 00:00:00+09:00,292.6226973707658,300.738919111934,291.9646253376982,300.5195617675781,522800,0.0,0.0
2016-03-30 00:00:00+09:00,301.17761289113025,305.1260448154131,296.79046630859375,296.79046630859375,410400,0.0,0.0
2016-03-31 00:00:00+09:00,298.1066589355469,301.61637677437596,293.5001542720837,298.1066589355469,556400,0.0,0.0
2016-04-01 00:00:00+09:00,298.3259691427235,298.3259691427235,285.6032439881074,285.8226013183594,605200,0.0,0.0
2016-04-04 00:00:00+09:00,283.4097408718533,288.23560333251953,281.8742391798231,284.28717041015625,492800,0.0,0.0
2016-04-05 00:00:00+09:00,282.31292814220535,286.26136070363475,268.7127715417261,268.93212890625,584400,0.0,0.0
2016-04-06 00:00:00+09:00,268.93214455244487,270.02893143887405,265.20306913858553,267.8353576660156,413200,0.0,0.0
2016-04-07 00:00:00+09:00,264.9836946479512,268.49341245785786,261.9126915642829,264.32562255859375,668800,0.0,0.0
2016-04-08 00:00:00+09:00,258.8416593527492,263.0094487830053,255.33194193779667,259.9384460449219,564800,0.0,0.0
2016-04-11 00:00:00+09:00,262.7901552130147,264.3256569546601,258.8417221630696,262.3514404296875,659600,0.0,0.0
2016-04-12 00:00:00+09:00,263.88690977705284,263.88690977705284,256.6481167407746,257.7449035644531,647200,0.0,0.0
2016-04-13 00:00:00+09:00,257.0868213832779,261.91268321811754,257.0868213832779,261.4739685058594,398000,0.0,0.0
2016-04-14 00:00:00+09:00,263.448208694458,265.86113983154297,260.5965628051758,263.2288513183594,1027600,0.0,0.0
2016-04-15 00:00:00+09:00,261.03525217360533,262.5707536569795,255.3319609496442,255.7706756591797,659200,0.0,0.0
2016-04-18 00:00:00+09:00,252.04159899259867,252.91902840597587,248.75123869243419,250.0673828125,540400,0.0,0.0
2016-04-19 00:00:00+09:00,257.52557760737994,259.49979413077557,254.89328890951919,255.55136108398438,438000,0.0,0.0
2016-04-20 00:00:00+09:00,262.13206677559094,263.22885366586536,255.77070281199917,256.64813232421875,566800,0.0,0.0
2016-04-21 00:00:00+09:00,257.74493499886836,257.74493499886836,252.2610002116584,255.55136108398438,574000,0.0,0.0
2016-04-22 00:00:00+09:00,255.5513034807357,257.52551955912764,251.6028713239518,253.57708740234375,514400,0.0,0.0
2016-04-25 00:00:00+09:00,255.98999676816456,255.98999676816456,247.8737757909391,252.04156494140625,469600,0.0,0.0
2016-04-26 00:00:00+09:00,250.06737729336353,252.0415934298901,244.80280092929272,247.43508911132812,497200,0.0,0.0
2016-04-27 00:00:00+09:00,244.36410786764964,248.75125522613527,243.92539313180106,245.6802520751953,952000,0.0,0.0
2016-04-28 00:00:00+09:00,239.09954239340388,244.80283423031076,238.00275550169104,238.66082763671875,1192000,0.0,0.0
2016-05-02 00:00:00+09:00,235.37044200042638,235.37044200042638,229.44779341327677,230.10586547851562,1189600,0.0,0.0
2016-05-06 00:00:00+09:00,232.7381725548557,237.12532001112066,228.1316677257775,229.22845458984375,885600,0.0,0.0
2016-05-09 00:00:00+09:00,234.71239600132697,237.56404193405336,232.73817958636255,235.37046813964844,951600,0.0,0.0
2016-05-10 00:00:00+09:00,237.34465352414045,239.5382270317573,234.05429326271522,236.46722412109375,584800,0.0,0.0
2016-05-11 00:00:00+09:00,240.85440913405372,240.85440913405372,233.83497280227803,234.71240234375,527600,0.0,0.0
2016-05-12 00:00:00+09:00,233.83495497165765,234.9317418148643,231.20266654796168,233.396240234375,325200,0.0,0.0
2016-05-13 00:00:00+09:00,234.27362708503037,236.24784304361208,230.10583783913563,231.42198181152344,488000,0.0,0.0
2016-05-16 00:00:00+09:00,231.42202297923413,232.95752455350393,226.37680352091905,226.59616088867188,339600,0.0,0.0
2016-05-17 00:00:00+09:00,228.35103357211815,231.42203690546077,228.35103357211815,230.9833221435547,492000,0.0,0.0
2016-05-18 00:00:00+09:00,232.2994420514788,235.3704450625465,228.57036696661086,230.32522583007812,532800,0.0,0.0
2016-05-19 00:00:00+09:00,231.42201532017103,234.49301836707377,230.32522851770577,231.64137268066406,286800,0.0,0.0
2016-05-20 00:00:00+09:00,232.73818038122226,235.37046894349808,231.86075086046364,233.17689514160156,277200,0.0,0.0
2016-05-23 00:00:00+09:00,234.05432466236016,234.49303942273949,231.86075086046364,233.17689514160156,322400,0.0,0.0
2016-05-24 00:00:00+09:00,232.73812578391124,233.17684044137386,230.32519516786692,231.42198181152344,281200,0.0,0.0
2016-05-25 00:00:00+09:00,233.61559226032446,234.49302171482333,230.54458916957842,230.76394653320312,139200,0.0,0.0
2016-05-26 00:00:00+09:00,234.27365827287946,234.27365827287946,227.91229489281065,230.32522583007812,459200,0.0,0.0
2016-05-27 00:00:00+09:00,230.32523606859831,237.34467183449846,230.32523606859831,236.6865997314453,312400,0.0,0.0
2016-05-30 00:00:00+09:00,239.31889977174646,241.2931161768296,237.12532598832075,238.66082763671875,259600,0.0,0.0
2016-05-31 00:00:00+09:00,239.31891165373526,239.75762643220222,235.58983603676594,239.53826904296875,404400,0.0,0.0
2016-06-01 00:00:00+09:00,238.2220590021938,238.2220590021938,230.54455249659824,231.42198181152344,433600,0.0,0.0
2016-06-02 00:00:00+09:00,230.54457666292532,232.9575075318998,227.0348590353261,232.080078125,343600,0.0,0.0
2016-06-03 00:00:00+09:00,232.0800900791549,234.931735798464,231.2026606270598,232.95751953125,362400,0.0,0.0
2016-06-06 00:00:00+09:00,230.76395619953647,230.98331357234972,224.4025923879523,229.22845458984375,517600,0.0,0.0
2016-06-07 00:00:00+09:00,230.10584720582452,232.5187779200896,228.35098850454082,229.88648986816406,320400,0.0,0.0
2016-06-08 00:00:00+09:00,230.98330389682783,232.29944807857615,227.25422871520766,230.76394653320312,283200,0.0,0.0
2016-06-09 00:00:00+09:00,229.44778419153445,231.2026429616418,227.91228276769056,230.54457092285156,244400,0.0,0.0
2016-06-10 00:00:00+09:00,231.4220096089933,231.4220096089933,227.03486250740102,230.10586547851562,418000,0.0,0.0
2016-06-13 00:00:00+09:00,227.47356924908433,227.47356924908433,223.74449434336165,225.06063842773438,601600,0.0,0.0
2016-06-14 00:00:00+09:00,223.30577756967116,226.59613774997084,218.47991597189832,220.45413208007812,687600,0.0,0.0
2016-06-15 00:00:00+09:00,217.38311108229064,224.40254554710728,217.38311108229064,221.33154296875,388400,0.0,0.0
2016-06-16 00:00:00+09:00,221.3315871852612,227.91230831069018,214.97022343067985,216.72508239746094,541600,0.0,0.0
2016-06-17 00:00:00+09:00,218.47990682653068,223.30576822229744,217.82183481801704,220.89283752441406,582400,0.0,0.0
2016-06-20 00:00:00+09:00,224.18322362126528,230.54458710953995,224.18322362126528,227.2542266845703,440400,0.0,0.0
2016-06-21 00:00:00+09:00,233.6155895430089,233.6155895430089,225.06065246115224,229.4477996826172,557200,0.0,0.0
2016-06-22 00:00:00+09:00,227.2542199080084,227.2542199080084,216.94442421720106,217.8218536376953,474400,0.0,0.0
2016-06-23 00:00:00+09:00,215.18957073283647,216.06700017517218,206.1959189488953,209.2669219970703,1182800,0.0,0.0
2016-06-24 00:00:00+09:00,210.58306242290297,214.53149484333238,195.66676216794733,200.0539093017578,940800,0.0,0.0
2016-06-27 00:00:00+09:00,201.58942333189378,210.36371814503389,201.58942333189378,208.82821655273438,477600,0.0,0.0
2016-06-28 00:00:00+09:00,205.52045407290137,209.9307642461396,200.44859737367742,206.62303161621094,420800,1.25,0.0
2016-06-29 00:00:00+09:00,208.16665199579134,210.1512916864292,204.63840365687963,207.94613647460938,347600,0.0,0.0
2016-06-30 00:00:00+09:00,209.93076249792222,213.67952611395654,206.623029895539,207.28457641601562,613600,0.0,0.0
2016-07-01 00:00:00+09:00,207.94615702824638,215.2231699465201,205.52048605548848,209.7102813720703,833600,0.0,0.0
2016-07-04 00:00:00+09:00,209.9307711417215,213.90005042801454,207.28458495085945,213.67953491210938,387200,0.0,0.0
2016-07-05 00:00:00+09:00,213.9000693189516,214.5616159250927,210.3718207528658,212.35646057128906,299600,0.0,0.0
2016-07-06 00:00:00+09:00,209.71027060116037,212.57697251263787,205.74099103142234,209.9307861328125,229600,0.0,0.0
2016-07-07 00:00:00+09:00,208.3871657550965,210.37180542895456,206.1820105619209,208.60768127441406,258000,0.0,0.0
2016-07-08 00:00:00+09:00,211.91542318802846,213.01800083208687,207.0640815541714,209.04872131347656,480000,0.0,0.0
2016-07-11 00:00:00+09:00,209.04872131347656,209.04872131347656,209.04872131347656,209.04872131347656,0,0.0,0.0
2016-07-12 00:00:00+09:00,214.782127829159,218.97192293054917,212.35645698098574,217.42831420898438,492800,0.0,0.0
2016-07-13 00:00:00+09:00,219.63347042579304,221.83862575135322,216.32573743745277,218.971923828125,272000,0.0,0.0
2016-07-14 00:00:00+09:00,220.07452886701844,220.07452886701844,215.00267098731763,216.54627990722656,506400,0.0,0.0
2016-07-15 00:00:00+09:00,218.31038532952067,218.97193195173134,215.66419884067798,217.86935424804688,242400,0.0,0.0
2016-07-19 00:00:00+09:00,219.63347842088388,221.6181182861328,217.4283230150517,221.6181182861328,299200,0.0,0.0
2016-07-20 00:00:00+09:00,220.73603916168213,222.50016335078647,217.86933735438754,222.27964782714844,347200,0.0,0.0
2016-07-21 00:00:00+09:00,223.6027356713219,225.80789085545723,221.17706496877304,224.2642822265625,352000,0.0,0.0
2016-07-22 00:00:00+09:00,222.5001660674928,224.04377475180644,220.7360418568487,223.16171264648438,212000,0.0,0.0
2016-07-25 00:00:00+09:00,224.2642956901999,224.92584228515625,220.73604718376606,221.1770782470703,138800,0.0,0.0
2016-07-26 00:00:00+09:00,218.7514355070965,218.9719510670835,214.34112430735664,216.54627990722656,302800,0.0,0.0
2016-07-27 00:00:00+09:00,218.97193195173134,219.633478573942,215.22316775920422,217.86935424804688,255200,0.0,0.0
2016-07-28 00:00:00+09:00,218.08986711889747,221.1770846514198,211.03336990170362,216.98728942871094,1566800,0.0,0.0
2016-07-29 00:00:00+09:00,220.51551427407279,231.54128998777642,220.51551427407279,227.7925262451172,922400,0.0,0.0
2016-08-01 00:00:00+09:00,223.60274215421867,236.39264259302013,221.39758690614946,231.32078552246094,844400,0.0,0.0
2016-08-02 00:00:00+09:00,228.45410500192142,236.17214908982416,228.45410500192142,230.87977600097656,529200,0.0,0.0
2016-08-03 00:00:00+09:00,226.68995666503906,231.32078262804083,225.80789457684824,226.68995666503906,454800,0.0,0.0
2016-08-04 00:00:00+09:00,226.469459045765,230.87976983536123,226.0284279668054,227.57203674316406,459200,0.0,0.0
2016-08-05 00:00:00+09:00,226.02841635661284,228.89511822259914,224.70532318769608,226.24893188476562,385200,0.0,0.0
2016-08-08 00:00:00+09:00,227.79253108477351,227.79253108477351,217.64881721265388,218.31036376953125,649200,0.0,0.0
2016-08-09 00:00:00+09:00,216.32574014469068,216.98728675063774,213.23852265027102,216.105224609375,375600,0.0,0.0
2016-08-10 00:00:00+09:00,216.10522280874477,218.5308936770062,214.34109854091827,216.7667694091797,530400,0.0,0.0
2016-08-12 00:00:00+09:00,218.0898817320938,225.14637942211098,215.66421065115037,224.48483276367188,360400,0.0,0.0
2016-08-15 00:00:00+09:00,220.51549726916897,220.9565282637073,216.98724931286228,218.75137329101562,489600,0.0,0.0
2016-08-16 00:00:00+09:00,220.29503686855017,226.68998788875834,218.7514280016034,219.1924591064453,750800,0.0,0.0
2016-08-17 00:00:00+09:00,217.64881200475378,222.5001533057716,217.42829649107117,220.2949981689453,387600,0.0,0.0
2016-08-18 00:00:00+09:00,218.31037723045694,221.83862575135322,216.76676850256482,218.971923828125,464800,0.0,0.0
2016-08-19 00:00:00+09:00,220.51552363804407,224.70531858716691,219.6334615434919,222.27964782714844,356400,0.0,0.0
2016-08-22 00:00:00+09:00,220.9565282637073,221.6180747555148,215.8846718265164,218.75137329101562,490000,0.0,0.0
2016-08-23 00:00:00+09:00,218.971930833638,226.4694591804091,218.971930833638,223.82327270507812,671600,0.0,0.0
2016-08-24 00:00:00+09:00,223.16171018633412,230.43872247501895,223.16171018633412,229.7771759033203,462000,0.0,0.0
2016-08-25 00:00:00+09:00,229.99769499495224,232.64388132279444,226.4694465578293,228.45408630371094,508000,0.0,0.0
2016-08-26 00:00:00+09:00,227.35150146484375,230.21820322919191,226.0284083428369,227.35150146484375,313200,0.0,0.0
2016-08-29 00:00:00+09:00,231.32080260471906,233.52595801563155,228.45410057053283,230.6592559814453,334000,0.0,0.0
2016-08-30 00:00:00+09:00,230.43874044035405,232.4233803101753,228.89513165271532,230.6592559814453,381600,0.0,0.0
2016-08-31 00:00:00+09:00,232.2028716440951,236.83369814411978,231.54132500123444,235.51060485839844,444800,0.0,0.0
2016-09-01 00:00:00+09:00,237.93626509691828,237.93626509691828,230.65925235530725,231.9823455810547,316400,0.0,0.0
2016-09-02 00:00:00+09:00,231.54131364594235,232.8644068667763,229.1156427410801,230.43873596191406,201600,0.0,0.0
2016-09-05 00:00:00+09:00,234.8490491534204,241.6850308658674,234.40801807519802,238.81832885742188,757200,0.0,0.0
2016-09-06 00:00:00+09:00,239.70040422719677,254.9159772646177,239.70040422719677,252.26979064941406,1331600,0.0,0.0
2016-09-07 00:00:00+09:00,252.49030735746342,269.69052043508975,252.49030735746342,259.10577392578125,1825600,0.0,0.0
2016-09-08 00:00:00+09:00,257.78266583642926,259.1057590742553,245.8748266959954,247.85946655273438,792800,0.0,0.0
2016-09-09 00:00:00+09:00,248.07997398975633,253.15183123576912,248.07997398975633,252.71080017089844,520000,0.0,0.0
2016-09-12 00:00:00+09:00,248.5210172638387,256.23906127824364,248.5210172638387,255.5775146484375,245600,0.0,0.0
2016-09-13 00:00:00+09:00,256.68009070517195,256.68009070517195,249.84410890804108,252.49029541015625,390000,0.0,0.0
2016-09-14 00:00:00+09:00,250.28513202179036,253.59286504410477,249.40306988250651,249.84410095214844,370800,0.0,0.0
2016-09-15 00:00:00+09:00,249.84408471766417,249.84408471766417,247.63892951274215,248.30047607421875,176400,0.0,0.0
2016-09-16 00:00:00+09:00,249.84411806089688,251.16721136042503,247.85947811160466,249.1825714111328,262400,0.0,0.0
2016-09-20 00:00:00+09:00,246.09532147477822,246.9773835589172,240.14140240684003,242.3465576171875,385600,0.0,0.0
2016-09-21 00:00:00+09:00,241.4645418163665,244.55175970260316,238.15680836682725,243.8902130126953,337200,0.0,0.0
2016-09-23 00:00:00+09:00,239.92089573483625,242.56708208485284,238.37728703065991,239.03883361816406,440000,0.0,0.0
2016-09-26 00:00:00+09:00,238.37727281830925,242.34655210668072,238.37727281830925,240.58242797851562,299600,0.0,0.0
2016-09-27 00:00:00+09:00,241.02343919386558,241.24395469175568,236.39261373817374,240.3618927001953,416400,0.0,0.0
2016-09-28 00:00:00+09:00,239.47986467650017,241.4645044390126,237.93625597232383,239.03883361816406,416800,0.0,0.0
2016-09-29 00:00:00+09:00,239.25935447699752,245.21327389716242,237.49523020435606,244.55172729492188,269600,0.0,0.0
2016-09-30 00:00:00+09:00,239.2593967903793,246.75692627505478,238.15681892498586,243.66970825195312,272800,0.0,0.0
2016-10-03 00:00:00+09:00,248.96204625005308,249.84410841568655,242.7876110906186,243.44915771484375,242000,0.0,0.0
2016-10-04 00:00:00+09:00,246.09534421174422,246.09534421174422,241.02348675935164,243.44915771484375,172800,0.0,0.0
2016-10-05 00:00:00+09:00,243.6696562039066,245.4337804117177,243.00810962597745,244.11068725585938,160000,0.0,0.0
2016-10-06 00:00:00+09:00,244.77225096329397,245.4337975875191,242.3465800078019,243.44915771484375,187200,0.0,0.0
2016-10-07 00:00:00+09:00,242.126016683316,242.5670476790962,238.59776871707462,240.3618927001953,189200,0.0,0.0
2016-10-11 00:00:00+09:00,239.25933213220787,243.44912688844008,238.15675456477834,239.7003631591797,243600,0.0,0.0
2016-10-12 00:00:00+09:00,238.59782781210976,241.02349888968203,237.05421894456376,237.2747344970703,173200,0.0,0.0
2016-10-13 00:00:00+09:00,237.93624277583888,243.22861518234504,237.93624277583888,242.12603759765625,214000,0.0,0.0
2016-10-14 00:00:00+09:00,242.78760302228042,245.65430496532278,242.34657195412007,244.55172729492188,270400,0.0,0.0
2016-10-17 00:00:00+09:00,243.44918051918785,243.8902116433168,239.47990040202717,240.80299377441406,159200,0.0,0.0
2016-10-18 00:00:00+09:00,240.3619500320323,242.34658998642524,240.3619500320323,241.68504333496094,121200,0.0,0.0
2016-10-19 00:00:00+09:00,241.4645380939511,246.31588041182044,241.4645380939511,245.2133026123047,168400,0.0,0.0
2016-10-20 00:00:00+09:00,244.5517026574944,251.16716801342298,244.33118714563008,250.06459045410156,279600,0.0,0.0
2016-10-21 00:00:00+09:00,251.16721136042503,251.38772691034637,247.1979314618406,249.1825714111328,151600,0.0,0.0
2016-10-24 00:00:00+09:00,248.74149423275352,249.1825252508967,244.77221506946492,245.4337615966797,128400,0.0,0.0
2016-10-25 00:00:00+09:00,247.4184582113362,248.08000489104566,244.7722714924984,245.2133026123047,150400,0.0,0.0
2016-10-26 00:00:00+09:00,245.43380552722562,246.9774143670195,242.34658784763786,246.09535217285156,201200,0.0,0.0
2016-10-27 00:00:00+09:00,248.30046953669978,248.30046953669978,243.44912821360262,244.99273681640625,125600,0.0,0.0
2016-10-28 00:00:00+09:00,249.1825622825123,254.2544197448997,244.55173590381074,252.49029541015625,701200,0.0,0.0
2016-10-31 00:00:00+09:00,262.8545653676704,264.6186899674534,258.22373829324,260.42889404296875,785200,0.0,0.0
2016-11-01 00:00:00+09:00,259.10570383681664,260.42879679257913,256.4595179252917,258.6646728515625,434800,0.0,0.0
2016-11-02 00:00:00+09:00,256.68007418303273,257.12110523833,247.19790649414062,247.19790649414062,675600,0.0,0.0
2016-11-04 00:00:00+09:00,244.33120160702245,244.77223265685464,234.6285185107147,235.06954956054688,713600,0.0,0.0
2016-11-07 00:00:00+09:00,236.17212968251656,238.81831600949153,224.705322265625,224.705322265625,779600,0.0,0.0
2016-11-08 00:00:00+09:00,225.58740363063583,226.46946581491983,219.19245279457675,219.63348388671875,748400,0.0,0.0
2016-11-09 00:00:00+09:00,218.53086795601794,219.6334454936366,202.874266921833,205.0794219970703,1151600,0.0,0.0
2016-11-10 00:00:00+09:00,211.69493758751273,217.86937326714852,208.16668862772084,216.54627990722656,640800,0.0,0.0
2016-11-11 00:00:00+09:00,215.00265320385893,217.42832416308195,213.9000754951212,215.66419982910156,742000,0.0,0.0
2016-11-14 00:00:00+09:00,216.3257365507238,221.83862484202663,216.3257365507238,217.42831420898438,639200,0.0,0.0
2016-11-15 00:00:00+09:00,217.4283105781751,217.8693416341146,212.57696896284054,215.0026397705078,506400,0.0,0.0
2016-11-16 00:00:00+09:00,215.00263076892003,215.88469284386943,211.91541350659708,214.5615997314453,752800,0.0,0.0
2016-11-17 00:00:00+09:00,214.3411107810147,220.29503052493178,214.3411107810147,219.63348388671875,440800,0.0,0.0
2016-11-18 00:00:00+09:00,220.51555242097115,222.05916128791796,217.8693657919195,219.1924591064453,390400,0.0,0.0
2016-11-21 00:00:00+09:00,252.26979064941406,252.26979064941406,243.6696841500022,252.26979064941406,14756400,0.0,0.0
2016-11-22 00:00:00+09:00,269.02893017460656,281.5983146171906,264.6186198438753,274.98284912109375,11888800,0.0,0.0
2016-11-24 00:00:00+09:00,277.62906860929183,284.24453489863157,276.5264908944019,279.61370849609375,3935200,0.0,0.0
2016-11-25 00:00:00+09:00,281.3777991006541,282.4803766833369,271.01356982343566,274.98284912109375,3492000,0.0,0.0
2016-11-28 00:00:00+09:00,279.17264492484554,293.28563803321055,276.7469742343453,289.9779052734375,4358000,0.0,0.0
2016-11-29 00:00:00+09:00,292.18306381336964,304.3114174056227,290.1984241346373,302.10626220703125,2669200,0.0,0.0
2016-11-30 00:00:00+09:00,305.41396299881353,306.51654048256376,298.136951606062,300.5626220703125,2534000,0.0,0.0
2016-12-01 00:00:00+09:00,302.10627383919126,303.64988253763966,296.15235457374735,299.68060302734375,1819200,0.0,0.0
2016-12-02 00:00:00+09:00,300.3421728355358,303.64990601654387,298.798564017732,302.3268127441406,1654000,0.0,0.0
2016-12-05 00:00:00+09:00,307.6191979353127,310.70641569236955,304.53198017825576,308.9422912597656,1749200,0.0,0.0
2016-12-06 00:00:00+09:00,310.04479186757055,317.1012878417969,308.0601523748194,317.1012878417969,2105200,0.0,0.0
2016-12-07 00:00:00+09:00,316.4397491037029,322.39366772795375,312.2499545162671,321.95263671875,2202400,0.0,0.0
2016-12-08 00:00:00+09:00,321.95271197693427,324.8194142068659,311.8089963940994,315.1167297363281,2156800,0.0,0.0
2016-12-09 00:00:00+09:00,313.5730754171664,319.0859635222502,309.3832804573027,318.8654479980469,1569600,0.0,0.0
2016-12-12 00:00:00+09:00,318.42445856516434,318.8654896712103,314.014147504705,314.8962097167969,1464800,0.0,0.0
2016-12-13 00:00:00+09:00,312.0295075274983,315.5577563758658,307.83971202006194,314.8962097167969,1478800,0.0,0.0
2016-12-14 00:00:00+09:00,314.8961669588805,325.0398810205811,312.2499806819151,323.2757568359375,1425800,0.0,2.0
2016-12-15 00:00:00+09:00,325.03986936235157,325.48090039269397,303.8703799059162,312.2499694824219,2534800,0.0,0.0
2016-12-16 00:00:00+09:00,312.6910275506012,313.5730896875563,306.0755615234375,306.0755615234375,1678600,0.0,0.0
2016-12-19 00:00:00+09:00,300.78318517348345,302.10627836339614,291.0805017807904,292.4035949707031,2423600,0.0,0.0
2016-12-20 00:00:00+09:00,291.08052994840034,299.4601209620664,291.08052994840034,296.8139343261719,1551400,0.0,0.0
2016-12-21 00:00:00+09:00,298.5780150810636,301.2242013299356,289.3163632100114,290.19842529296875,2314600,0.0,0.0
2016-12-22 00:00:00+09:00,291.52154201407336,294.16772847713605,282.70092047053106,285.34710693359375,2138000,0.0,0.0
2016-12-26 00:00:00+09:00,287.9932790012389,292.8446206076916,287.5522479461068,290.63946533203125,1557800,0.0,0.0
2016-12-27 00:00:00+09:00,291.5216215614961,291.5216215614961,282.7009976110726,283.14202880859375,3476600,0.0,0.0
2016-12-28 00:00:00+09:00,285.61578235834514,289.21409142742664,282.0174732892636,288.31451416015625,2414400,6.25,0.0
2016-12-29 00:00:00+09:00,289.66390388634557,289.66390388634557,281.1179191443571,282.46728515625,1331400,0.0,0.0
2016-12-30 00:00:00+09:00,282.91705254663395,286.96515027782584,281.11789799943756,284.26641845703125,667200,0.0,0.0
2017-01-04 00:00:00+09:00,286.9651083953714,288.31447410882924,283.36679982615044,286.51531982421875,1026800,0.0,0.0
2017-01-05 00:00:00+09:00,288.31451218825123,295.5111302771935,287.4149349271334,292.36260986328125,1423800,0.0,0.0
2017-01-06 00:00:00+09:00,296.8604435332834,298.6595977365154,293.2621351268193,295.5110778808594,1655400,0.0,0.0
2017-01-10 00:00:00+09:00,297.7600835515973,302.2579700100806,291.91283115556894,292.8124084472656,1545800,0.0,0.0
2017-01-11 00:00:00+09:00,294.1617657205333,294.1617657205333,288.7643021293308,289.66387939453125,911000,0.0,0.0
2017-01-12 00:00:00+09:00,289.66383792071935,294.611512170918,288.7642607843196,291.91278076171875,877600,0.0,0.0
2017-01-13 00:00:00+09:00,290.56341505711913,295.0613007391179,289.2140493525195,291.91278076171875,578600,0.0,0.0
2017-01-16 00:00:00+09:00,295.51114032235563,299.5592381349906,291.91283115556894,292.8124084472656,1144800,0.0,0.0
2017-01-17 00:00:00+09:00,292.8123790652253,293.71195626665457,289.6638588602229,290.1136474609375,674000,0.0,0.0
2017-01-18 00:00:00+09:00,290.1136586666107,291.9128131389618,286.0655611038208,287.8647155761719,671400,0.0,0.0
2017-01-19 00:00:00+09:00,289.6638780799279,292.81239849384013,288.7643008188101,292.36260986328125,605000,0.0,0.0
2017-01-20 00:00:00+09:00,292.36259868126785,295.06133036140267,290.5634442278447,294.6115417480469,568000,0.0,0.0
2017-01-23 00:00:00+09:00,296.4107127870832,304.0571196419852,294.161769594465,302.2579650878906,1088400,0.0,0.0
2017-01-24 00:00:00+09:00,302.2579532398897,306.75583944881663,300.4587987563189,305.85626220703125,763800,0.0,0.0
2017-01-25 00:00:00+09:00,307.6553845232561,312.60305883576456,301.8081330630188,309.9043273925781,1106600,0.0,0.0
2017-01-26 00:00:00+09:00,309.90436852689743,313.50267759542453,307.2056367255021,309.0047912597656,915800,0.0,0.0
2017-01-27 00:00:00+09:00,307.20559594939164,310.8039045403069,304.9566530800696,309.9043273925781,822600,0.0,0.0
2017-01-30 00:00:00+09:00,311.2537402620396,318.4503585339943,309.0047970520538,317.55078125,1232200,0.0,0.0
2017-01-31 00:00:00+09:00,317.55083332985555,323.3980866347962,314.85210103526754,315.7516784667969,976600,0.0,0.0
2017-02-01 00:00:00+09:00,314.8520421500158,315.3018307816587,306.75584678044396,311.7035217285156,1289400,0.0,0.0
2017-02-02 00:00:00+09:00,313.9525064338651,320.24954811018904,310.35419690453716,310.8039855957031,870200,0.0,0.0
2017-02-03 00:00:00+09:00,311.7034933619562,311.7034933619562,304.9566645013078,306.3060302734375,801600,0.0,0.0
2017-02-06 00:00:00+09:00,308.55504213987314,314.8520838161971,307.65546475754115,310.8039855957031,868400,0.0,0.0
2017-02-07 00:00:00+09:00,309.90433633738553,314.85201079269933,309.90433633738553,313.0528564453125,791200,0.0,0.0
2017-02-08 00:00:00+09:00,314.4022007558288,318.45029776126864,313.50262364350885,316.20135498046875,756600,0.0,0.0
2017-02-09 00:00:00+09:00,317.55079265599926,318.0005813141522,314.8520607070814,315.3018493652344,443400,0.0,0.0
2017-02-10 00:00:00+09:00,317.5507726055358,318.4503498650416,313.5026749377599,314.4022521972656,529800,0.0,0.0
2017-02-13 00:00:00+09:00,314.8520351441439,327.8959051715441,313.0528806576059,326.5465393066406,1467000,0.0,0.0
2017-02-14 00:00:00+09:00,327.8959373474121,327.8959373474121,320.69931869506837,323.84783935546875,993600,0.0,0.0
2017-02-15 00:00:00+09:00,296.86050916501614,298.65966376601625,286.9651588595156,287.4149475097656,4995200,0.0,0.0
2017-02-16 00:00:00+09:00,288.31451550581323,289.21409277728225,282.01747460553025,285.61578369140625,1566000,0.0,0.0
2017-02-17 00:00:00+09:00,285.6158042931782,287.8647476340694,284.26643828864354,285.166015625,904000,0.0,0.0
2017-02-20 00:00:00+09:00,285.1660056935291,286.5153716510694,282.9170624309618,284.7162170410156,1307000,0.0,0.0
2017-02-21 00:00:00+09:00,285.61576431516613,286.0655529203869,282.91703268384174,283.3668212890625,892800,0.0,0.0
2017-02-22 00:00:00+09:00,284.26643828864354,285.6158042931782,282.46728361593057,285.166015625,806000,0.0,0.0
2017-02-23 00:00:00+09:00,286.06557099198034,289.66388006106183,284.71620509107476,288.31451416015625,707800,0.0,0.0
2017-02-24 00:00:00+09:00,288.3144722161197,292.8123578981185,288.3144722161197,291.91278076171875,1248000,0.0,0.0
2017-02-27 00:00:00+09:00,293.26219231741766,303.1575423649379,293.26219231741766,302.2579650878906,1915200,0.0,0.0
2017-02-28 00:00:00+09:00,301.808164618997,311.70351427863625,301.808164618997,305.85626220703125,1412400,0.0,0.0
2017-03-01 00:00:00+09:00,304.9566645013078,307.2056074548573,301.8081443663385,306.3060302734375,554600,0.0,0.0
2017-03-02 00:00:00+09:00,308.1052452221251,311.2537659762198,307.2056678638123,307.65545654296875,582400,0.0,0.0
2017-03-03 00:00:00+09:00,309.9043876780251,315.7516402757237,308.55502169394083,311.2537536621094,806400,0.0,0.0
2017-03-06 00:00:00+09:00,312.6030778269173,314.4022322316765,309.9043462197784,313.5026550292969,430800,0.0,0.0
2017-03-07 00:00:00+09:00,318.0005798339844,321.59888908245944,316.20142520974684,318.0005798339844,788800,0.0,0.0
2017-03-08 00:00:00+09:00,316.2014054102255,317.1009826660156,311.25373050337987,317.1009826660156,847000,0.0,0.0
2017-03-09 00:00:00+09:00,317.5507625372157,318.0005511527075,313.50266499778945,313.95245361328125,521400,0.0,0.0
2017-03-10 00:00:00+09:00,316.6512138658062,322.4984663945782,315.3018478976281,318.0005798339844,1103200,0.0,0.0
2017-03-13 00:00:00+09:00,318.00055992180575,319.3499258054909,316.2014054102255,317.1009826660156,444600,0.0,0.0
2017-03-14 00:00:00+09:00,317.1010446140909,320.69935434020823,315.3018897510322,315.7516784667969,638800,0.0,0.0
2017-03-15 00:00:00+09:00,316.6512558983262,317.55083332985555,313.9525236037382,315.7516784667969,382600,0.0,0.0
2017-03-16 00:00:00+09:00,313.95243003345104,322.4984130859375,313.5026414517412,322.4984130859375,691200,0.0,0.0
2017-03-17 00:00:00+09:00,321.59887426657065,327.4461265259629,320.24950836055706,326.996337890625,1343000,0.0,0.0
2017-03-21 00:00:00+09:00,324.74736717309844,324.74736717309844,318.9001154095939,320.2494812011719,694400,0.0,0.0
2017-03-22 00:00:00+09:00,315.7516056544344,323.39801205917144,315.7516056544344,319.34991455078125,701000,0.0,0.0
2017-03-23 00:00:00+09:00,319.7996711996235,325.19713400468044,319.7996711996235,323.3979797363281,503400,0.0,0.0
2017-03-24 00:00:00+09:00,322.04864501953125,324.2975880713436,319.7997019677189,322.04864501953125,357600,0.0,0.0
2017-03-27 00:00:00+09:00,321.598876953125,325.64697470498254,321.1490883140297,321.598876953125,532000,0.0,0.0
2017-03-28 00:00:00+09:00,323.84783635373975,330.1448776161736,322.9482590305349,329.24530029296875,1280600,0.0,0.0
2017-03-29 00:00:00+09:00,337.34145937229806,343.1887113347512,335.09251630981606,341.3895568847656,975200,0.0,0.0
2017-03-30 00:00:00+09:00,343.18874128847295,348.58620510952363,340.0402207261934,342.73895263671875,794200,0.0,0.0
2017-03-31 00:00:00+09:00,346.3372618507525,351.73472567180323,342.73895263671875,342.73895263671875,1017400,0.0,0.0
2017-04-03 00:00:00+09:00,337.34147965640767,337.34147965640767,299.1094452953481,300.9085998535156,3453800,0.0,0.0
2017-04-04 00:00:00+09:00,302.70775441168314,306.75585216756,297.7600793767225,300.9085998535156,1342600,0.0,0.0
2017-04-05 00:00:00+09:00,300.9086204574494,306.75587317186915,298.65967710574944,300.4588317871094,767200,0.0,0.0
2017-04-06 00:00:00+09:00,301.3583715707978,305.4064690993607,291.013233442248,293.2621765136719,1211400,0.0,0.0
2017-04-07 00:00:00+09:00,293.7119615697149,303.6073109641004,293.7119615697149,301.3583679199219,917800,0.0,0.0
2017-04-10 00:00:00+09:00,304.95667560283954,307.65540724534253,302.25794396033655,304.0570983886719,585600,0.0,0.0
2017-04-11 00:00:00+09:00,303.1575638091493,303.1575638091493,297.3103110947295,300.4588317871094,875800,0.0,0.0
2017-04-12 00:00:00+09:00,297.3102622292259,298.6596280184659,294.61153065074575,296.8604736328125,533800,0.0,0.0
2017-04-13 00:00:00+09:00,294.6115472925995,304.50689697265625,294.6115472925995,304.50689697265625,741200,0.0,0.0
2017-04-14 00:00:00+09:00,303.1575444424314,304.9566990088553,296.86050345994767,298.2098693847656,557200,0.0,0.0
2017-04-17 00:00:00+09:00,298.20986405418427,309.4545798933315,297.7600754206184,309.0047912597656,666200,0.0,0.0
2017-04-18 00:00:00+09:00,312.1533309848322,312.6031196461937,307.2056557098565,311.2537536621094,457200,0.0,0.0
2017-04-19 00:00:00+09:00,313.05287281228175,322.9482222402562,312.1532955915568,322.04864501953125,884400,0.0,0.0
2017-04-20 00:00:00+09:00,320.69930174398013,324.74739952195466,314.85204939801696,317.55078125,666200,0.0,0.0
2017-04-21 00:00:00+09:00,319.79972445998584,320.69930174398013,316.2014153240085,317.55078125,284800,0.0,0.0
2017-04-24 00:00:00+09:00,318.90015788511795,319.34994654221964,316.2014259425076,316.6512145996094,403800,0.0,0.0
2017-04-25 00:00:00+09:00,316.6512138658062,320.69931177034067,314.85205924156867,318.0005798339844,721200,0.0,0.0
2017-04-26 00:00:00+09:00,321.14904734080807,326.54651032132585,319.79968159567863,322.4984130859375,1046800,0.0,0.0
2017-04-27 00:00:00+09:00,323.84783635373975,330.1448776161736,322.4984703689325,329.24530029296875,502000,0.0,0.0
2017-04-28 00:00:00+09:00,328.3456944298118,328.79548305231833,323.84780820474583,325.1971740722656,386800,0.0,0.0
2017-05-01 00:00:00+09:00,324.7473960590759,327.8959165194825,323.8478187846741,324.297607421875,403800,0.0,0.0
2017-05-02 00:00:00+09:00,325.6469107849957,329.69500774226776,324.7473336833797,328.34564208984375,550000,0.0,0.0
2017-05-08 00:00:00+09:00,330.5946256165302,334.1929344667782,328.79547119140625,328.79547119140625,525000,0.0,0.0
2017-05-09 00:00:00+09:00,330.14487686676233,331.4942428485066,327.4461449032738,330.59466552734375,382000,0.0,0.0
2017-05-10 00:00:00+09:00,331.044400954629,337.7912297784326,330.14482377812186,336.4418640136719,740600,0.0,0.0
2017-05-11 00:00:00+09:00,335.9920842657026,341.3895474667581,335.54229566561463,339.59039306640625,669000,0.0,0.0
2017-05-12 00:00:00+09:00,339.5904054949361,339.5904054949361,332.3937876301427,334.6427307128906,479600,0.0,0.0
2017-05-15 00:00:00+09:00,308.55498269631045,310.8039257188783,304.05709665117473,308.1051940917969,2116800,0.0,0.0
2017-05-16 00:00:00+09:00,308.1052139926338,312.1533116947268,305.8562708248044,309.0047912597656,1106400,0.0,0.0
2017-05-17 00:00:00+09:00,310.35415583358696,312.6030989918014,307.6554240437297,311.7035217285156,686000,0.0,0.0
2017-05-18 00:00:00+09:00,309.004799790616,313.05289760446686,306.7558565606988,312.1533203125,767000,0.0,0.0
2017-05-19 00:00:00+09:00,314.40222220585264,314.85201079269933,312.15327927161906,313.0528564453125,596400,0.0,0.0
2017-05-22 00:00:00+09:00,314.8520208328663,314.8520208328663,310.80392342215805,313.5026550292969,642400,0.0,0.0
2017-05-23 00:00:00+09:00,313.9524635675127,316.2014067162772,313.052886308007,314.4022521972656,412200,0.0,0.0
2017-05-24 00:00:00+09:00,316.2014259425076,316.6512145996094,312.15332802859217,316.6512145996094,514600,0.0,0.0
2017-05-25 00:00:00+09:00,315.75160869351396,316.2013973098865,312.1532997625337,312.60308837890625,595200,0.0,0.0
2017-05-26 00:00:00+09:00,313.5026550292969,314.8520208328663,311.70350062453764,313.5026550292969,351600,0.0,0.0
2017-05-29 00:00:00+09:00,314.40226007415816,320.69930104846173,313.0528941510931,318.900146484375,622800,0.0,0.0
2017-05-30 00:00:00+09:00,319.3499351253967,320.2495124074401,313.95247143313645,318.900146484375,516400,0.0,0.0
2017-05-31 00:00:00+09:00,319.3498930139688,324.7473559944866,318.900104432259,322.4984130859375,592800,0.0,0.0
2017-06-01 00:00:00+09:00,323.3979797363281,323.8477683034162,318.9000940654474,323.3979797363281,622600,0.0,0.0
2017-06-02 00:00:00+09:00,324.7474166870117,325.1972053527832,320.24953002929686,323.84783935546875,641000,0.0,0.0
2017-06-05 00:00:00+09:00,324.2976131542309,334.1929633475639,323.8478245090794,332.8435974121094,636400,0.0,0.0
2017-06-06 00:00:00+09:00,333.2933801658937,333.2933801658937,323.8478187846741,324.297607421875,680600,0.0,0.0
2017-06-07 00:00:00+09:00,323.8478287039041,326.54656060977,321.5988854490159,324.7474060058594,450800,0.0,0.0
2017-06-08 00:00:00+09:00,324.7473766817061,324.7473766817061,320.6992791884438,322.04864501953125,343800,0.0,0.0
2017-06-09 00:00:00+09:00,322.0486862225359,325.1972068978959,320.2495315509016,321.14910888671875,467400,0.0,0.0
2017-06-12 00:00:00+09:00,319.799714433386,319.799714433386,313.95246227075023,317.1009826660156,683600,0.0,0.0
2017-06-13 00:00:00+09:00,320.24949117395687,326.9963203419475,319.7997025627575,320.69927978515625,842400,0.0,0.0
2017-06-14 00:00:00+09:00,321.5988395954,322.9482053559402,313.0528564453125,313.0528564453125,1003800,0.0,0.0
2017-06-15 00:00:00+09:00,313.50271774269913,314.8520838161971,309.90440821337114,310.8039855957031,620600,0.0,0.0
2017-06-16 00:00:00+09:00,310.35419690453716,311.25377428686915,304.0571552282132,310.8039855957031,1211000,0.0,0.0
2017-06-19 00:00:00+09:00,313.9524436304867,313.9524436304867,309.9043462197784,313.5026550292969,445400,0.0,0.0
2017-06-20 00:00:00+09:00,314.4022316632952,316.2013860648019,312.15328866141186,314.8520202636719,504200,0.0,0.0
2017-06-21 00:00:00+09:00,314.8520607070814,317.10100399784625,313.0529060744695,315.3018493652344,526800,0.0,0.0
2017-06-22 00:00:00+09:00,315.7516259972232,320.2495124074401,314.8520487151798,318.900146484375,640200,0.0,0.0
2017-06-23 00:00:00+09:00,320.249513101983,321.5988790279745,314.85204939801696,317.55078125,489400,0.0,0.0
2017-06-26 00:00:00+09:00,319.3498826325354,326.54649970594465,318.0005169312712,323.3979797363281,1098000,0.0,0.0
2017-06-27 00:00:00+09:00,323.84778038930085,324.2975689731749,318.0005287989385,318.4503173828125,633000,0.0,0.0
2017-06-28 00:00:00+09:00,320.73479073002653,322.5623393951549,314.3383704020773,314.7952575683594,898200,5.5,0.0
2017-06-29 00:00:00+09:00,318.4503760903569,323.93302245059255,314.3383913201801,323.47613525390625,711400,0.0,0.0
2017-06-30 00:00:00+09:00,319.3640949199726,320.2778691543645,315.708997982405,316.6227722167969,758000,0.0,0.0
2017-07-03 00:00:00+09:00,318.9072643335315,319.364151531717,313.42461795530454,315.2521667480469,1065400,0.0,0.0
2017-07-04 00:00:00+09:00,317.07970696765335,317.07970696765335,312.96772229516216,315.70904541015625,748400,0.0,0.0
2017-07-05 00:00:00+09:00,314.7952204831533,318.9072044952699,312.96767203332365,318.4503173828125,647800,0.0,0.0
2017-07-06 00:00:00+09:00,319.8210109363903,322.1054467287931,316.62280082702637,321.6485595703125,603800,0.0,0.0
2017-07-07 00:00:00+09:00,319.8210229177844,323.01923314696216,317.53658703980017,319.3641357421875,420800,0.0,0.0
2017-07-10 00:00:00+09:00,320.2779015677316,320.2779015677316,317.993465750558,319.8210144042969,472800,0.0,0.0
2017-07-11 00:00:00+09:00,320.73474832599084,325.3036193847656,319.82097411423587,325.3036193847656,692200,0.0,0.0
2017-07-12 00:00:00+09:00,325.303656838157,325.303656838157,321.191672411832,321.6485595703125,393800,0.0,0.0
2017-07-13 00:00:00+09:00,324.38984517301066,325.76050649064314,323.01918385537823,325.3036193847656,396200,0.0,0.0
2017-07-14 00:00:00+09:00,325.76056992208396,325.76056992208396,319.82103638914276,320.2779235839844,635600,0.0,0.0
2017-07-17 00:00:00+09:00,320.2779235839844,320.2779235839844,320.2779235839844,320.2779235839844,0,0.0,0.0
2017-07-18 00:00:00+09:00,320.27788122247364,322.56231689453125,318.9072198192391,322.56231689453125,639800,0.0,0.0
2017-07-19 00:00:00+09:00,323.0192275701785,327.1312120795584,323.0192275701785,326.2174377441406,681000,0.0,0.0
2017-07-20 00:00:00+09:00,327.1312232079444,354.0875670197722,323.47612574193386,351.8031311035156,3594400,0.0,0.0
2017-07-21 00:00:00+09:00,349.06174612435075,349.06174612435075,333.0706975453556,335.3551330566406,2317400,0.0,0.0
2017-07-24 00:00:00+09:00,333.5275963467989,334.89825770164873,328.04495092739944,333.0707092285156,1245800,0.0,0.0
2017-07-25 00:00:00+09:00,335.3551800944011,342.6653747558594,335.3551800944011,342.6653747558594,1136000,0.0,0.0
2017-07-26 00:00:00+09:00,342.20849110293966,342.6653782739716,337.63961939262003,340.83782958984375,480800,0.0,0.0
2017-07-27 00:00:00+09:00,342.2084806739183,348.14801371632274,340.8378192025942,346.3204650878906,739600,0.0,0.0
2017-07-28 00:00:00+09:00,348.1480344407102,348.60492162501555,342.20850104474005,343.57916259765625,475600,0.0,0.0
2017-07-31 00:00:00+09:00,342.66538183001495,343.57915618156164,337.63962289650806,339.0102844238281,796600,0.0,0.0
2017-08-01 00:00:00+09:00,338.09646752963175,339.0102417661983,331.70004787366577,333.0707092285156,685200,0.0,0.0
2017-08-02 00:00:00+09:00,336.268961369188,339.9240587753748,333.98452549032123,339.0102844238281,425600,0.0,0.0
2017-08-03 00:00:00+09:00,339.0102774251302,342.6653747558594,338.0965030924479,342.6653747558594,404200,0.0,0.0
2017-08-04 00:00:00+09:00,342.20849110293966,343.12226544500356,339.0102809057159,340.83782958984375,422000,0.0,0.0
2017-08-07 00:00:00+09:00,340.8378469717673,351.34625244140625,340.3809597774352,351.34625244140625,1241600,0.0,0.0
2017-08-08 00:00:00+09:00,350.43245563070286,364.13907058366385,350.43245563070286,359.1133117675781,1325800,0.0,0.0
2017-08-09 00:00:00+09:00,360.02712033258786,368.7079772949219,358.6564587069562,368.7079772949219,1647000,0.0,0.0
2017-08-10 00:00:00+09:00,365.50970262096774,369.16479964717746,352.25997590095767,354.0875244140625,1554000,0.0,0.0
2017-08-11 00:00:00+09:00,354.0875244140625,354.0875244140625,354.0875244140625,354.0875244140625,0,0.0,0.0
2017-08-14 00:00:00+09:00,351.80308397510385,361.3977135380612,349.0617612428303,360.9408264160156,793800,0.0,0.0
2017-08-15 00:00:00+09:00,361.85462255678306,371.4492527003341,361.85462255678306,369.6217041015625,1055800,0.0,0.0
2017-08-16 00:00:00+09:00,369.6216990279205,371.4492476016061,364.59594045028496,368.25103759765625,665800,0.0,0.0
2017-08-17 00:00:00+09:00,369.62172402534065,376.9319188144698,368.25106250237894,375.1043701171875,905800,0.0,0.0
2017-08-18 00:00:00+09:00,369.62168204430304,371.90611765644337,366.8803593097347,369.164794921875,519200,0.0,0.0
2017-08-21 00:00:00+09:00,372.362991629295,378.75941111740553,372.362991629295,376.4749755859375,700800,0.0,0.0
2017-08-22 00:00:00+09:00,376.47506598072215,381.04393814068237,372.363081036758,373.27685546875,566400,0.0,0.0
2017-08-23 00:00:00+09:00,375.5612418668816,383.32832351133044,375.5612418668816,379.2163391113281,556000,0.0,0.0
2017-08-24 00:00:00+09:00,381.50075955669416,385.61274379143697,380.5869852823069,383.32830810546875,481200,0.0,0.0
2017-08-25 00:00:00+09:00,383.78518654482207,383.78518654482207,375.56121826171875,375.56121826171875,646800,0.0,0.0
2017-08-28 00:00:00+09:00,378.7594519557723,381.50077488910716,376.4750161779932,379.2163391113281,347600,0.0,0.0
2017-08-29 00:00:00+09:00,377.84569603468844,383.32834216820265,377.3888088568956,381.50079345703125,449800,0.0,0.0
2017-08-30 00:00:00+09:00,382.4146085626939,383.7852702421301,371.90620235368317,372.8199768066406,613800,0.0,0.0
2017-08-31 00:00:00+09:00,372.3630117029316,377.3887701430939,369.16480178646475,373.7336730957031,697400,0.0,0.0
2017-09-01 00:00:00+09:00,376.4750316401492,376.9319188144698,372.81993424558465,375.1043701171875,378400,0.0,0.0
2017-09-04 00:00:00+09:00,376.47506598072215,378.7595020607023,370.5355321727739,373.27685546875,484600,0.0,0.0
2017-09-05 00:00:00+09:00,373.27679964669625,380.13010686175187,366.4234924316406,366.4234924316406,692600,0.0,0.0
2017-09-06 00:00:00+09:00,363.22532596872816,369.16485960092115,352.26003310929485,367.3373107910156,547600,0.0,0.0
2017-09-07 00:00:00+09:00,368.7079651555404,371.4492883165482,364.5959804140288,370.9924011230469,563800,0.0,0.0
2017-09-08 00:00:00+09:00,368.2510392492841,374.6474592858722,363.22528064910773,371.4492492675781,843000,0.0,0.0
2017-09-11 00:00:00+09:00,376.9319067855724,379.67322974401293,374.64747098687195,377.3887939453125,430800,0.0,0.0
2017-09-12 00:00:00+09:00,381.5008357533237,391.0954675507127,380.13017406798247,390.6385803222656,739400,0.0,0.0
2017-09-13 00:00:00+09:00,392.46605939062954,396.12115656772505,390.1816236549449,391.09539794921875,427400,0.0,0.0
2017-09-14 00:00:00+09:00,392.9229345355594,392.9229345355594,384.2420790051226,385.1558532714844,316200,0.0,0.0
2017-09-15 00:00:00+09:00,385.6127105961001,393.8366783576283,384.24204930251204,393.3797912597656,621000,0.0,0.0
2017-09-18 00:00:00+09:00,393.3797912597656,393.3797912597656,393.3797912597656,393.3797912597656,0,0.0,0.0
2017-09-19 00:00:00+09:00,397.94873542698355,400.2331713364381,395.207412335638,399.31939697265625,460200,0.0,0.0
2017-09-20 00:00:00+09:00,398.8624794505467,399.31936659768365,390.1816236549449,391.09539794921875,479000,0.0,0.0
2017-09-21 00:00:00+09:00,391.5523128192385,392.0091999987242,384.2421179474675,384.6990051269531,382600,0.0,0.0
2017-09-22 00:00:00+09:00,383.7851692866353,383.7851692866353,375.5612013733503,376.4749755859375,604600,0.0,0.0
2017-09-25 00:00:00+09:00,394.7505191200658,434.0428161621094,393.3798575953433,434.0428161621094,4656400,0.0,0.0
2017-09-26 00:00:00+09:00,421.249940735812,444.0942976086869,419.422392185982,440.8960876464844,2506400,0.0,0.0
2017-09-27 00:00:00+09:00,441.8098500989147,448.2062698521565,439.52541447275695,443.1805114746094,947400,0.0,0.0
2017-09-28 00:00:00+09:00,443.6374037175115,447.29250076152806,437.2409838904825,444.5511779785156,1214200,0.0,0.0
2017-09-29 00:00:00+09:00,442.2667626397686,443.6374240942307,437.69789112489497,441.80987548828125,770000,0.0,0.0
2017-10-02 00:00:00+09:00,439.06855947357275,440.89610810821824,434.4996878869591,438.15478515625,1140000,0.0,0.0
2017-10-03 00:00:00+09:00,441.3529883367939,446.83563415464226,439.9823268823318,441.80987548828125,658000,0.0,0.0
2017-10-04 00:00:00+09:00,442.723692547011,445.0081285250658,439.5254821777344,439.5254821777344,373800,0.0,0.0
2017-10-05 00:00:00+09:00,440.43922130815787,441.80988278525797,429.0170423323239,429.9308166503906,760200,0.0,0.0
2017-10-06 00:00:00+09:00,429.4739329725854,432.67214311174297,426.7326099961646,428.103271484375,531400,0.0,0.0
2017-10-09 00:00:00+09:00,428.103271484375,428.103271484375,428.103271484375,428.103271484375,0,0.0,0.0
2017-10-10 00:00:00+09:00,431.7583228468139,436.32719398805006,431.3014357326903,432.2152099609375,350800,0.0,0.0
2017-10-11 00:00:00+09:00,432.67214311174297,435.4134660881637,428.103271484375,428.103271484375,373000,0.0,0.0
2017-10-12 00:00:00+09:00,429.4738868187214,429.4738868187214,423.5343543414412,423.9912414550781,561600,0.0,0.0
2017-10-13 00:00:00+09:00,424.4481233833932,426.27567181561443,417.137929654508,422.6205749511719,617200,0.0,0.0
2017-10-16 00:00:00+09:00,424.905053180197,425.8188274881114,418.9655201787534,420.336181640625,570400,0.0,0.0
2017-10-17 00:00:00+09:00,422.16373879450316,425.36194893688577,418.9655286521206,419.8793029785156,355400,0.0,0.0
2017-10-18 00:00:00+09:00,421.24996446810815,422.6206259577007,417.59486716252803,419.8793029785156,381200,0.0,0.0
2017-10-19 00:00:00+09:00,423.53436613237875,424.90502751144794,419.87926912152756,421.7068176269531,293400,0.0,0.0
2017-10-20 00:00:00+09:00,420.3361459646776,420.3361459646776,413.02595212181365,418.9654846191406,588200,0.0,0.0
2017-10-23 00:00:00+09:00,421.2499354694383,421.2499354694383,413.4828542297632,414.853515625,776600,0.0,0.0
2017-10-24 00:00:00+09:00,418.05174245462786,423.99127540753517,415.31041955328607,422.1637268066406,556400,0.0,0.0
2017-10-25 00:00:00+09:00,426.27571115865334,430.38769551066605,421.70683965641695,422.1637268066406,600800,0.0,0.0
2017-10-26 00:00:00+09:00,423.0774672278042,426.2756770232628,420.79303165961954,423.9912414550781,374400,0.0,0.0
2017-10-27 00:00:00+09:00,424.4482250766775,426.27577394676007,423.07756342411557,425.36199951171875,399200,0.0,0.0
2017-10-30 00:00:00+09:00,425.3619860761004,425.81887327918963,422.62066285756487,424.4482116699219,1056200,0.0,0.0
2017-10-31 00:00:00+09:00,423.9912550403226,427.6463520665323,422.16370652721776,424.905029296875,576600,0.0,0.0
2017-11-01 00:00:00+09:00,427.64634024064173,428.56011447192515,425.8187917780749,427.189453125,546800,0.0,0.0
2017-11-02 00:00:00+09:00,427.18952994624686,427.18952994624686,421.24999637480175,423.0775451660156,576200,0.0,0.0
2017-11-03 00:00:00+09:00,423.0775451660156,423.0775451660156,423.0775451660156,423.0775451660156,0,0.0,0.0
2017-11-06 00:00:00+09:00,424.44820047570107,425.36197485778007,418.051779801148,418.5086669921875,1189000,0.0,0.0
2017-11-07 00:00:00+09:00,415.76736794378525,425.36199951171875,415.31048072626464,425.36199951171875,1154200,0.0,0.0
2017-11-08 00:00:00+09:00,423.5343491672825,424.4481233833932,421.7068007350612,422.6205749511719,732800,0.0,0.0
2017-11-09 00:00:00+09:00,424.4481625577588,428.5601469097715,417.59485530440423,422.1637268066406,1467400,0.0,0.0
2017-11-10 00:00:00+09:00,416.68106415198235,419.42238694245594,413.9397413615088,414.853515625,864600,0.0,0.0
2017-11-13 00:00:00+09:00,449.12008935246894,483.3866271972656,443.63744329730144,483.3866271972656,4399800,0.0,0.0
2017-11-14 00:00:00+09:00,477.90397423606424,511.2567372563632,473.33510258944796,487.0417175292969,2604800,0.0,0.0
2017-11-15 00:00:00+09:00,473.79200783221177,486.1279617487689,467.39558728288586,469.6800231933594,1084600,0.0,0.0
2017-11-16 00:00:00+09:00,479.7315220218388,505.3172031963369,479.2746348580085,503.4896545410156,1646400,0.0,0.0
2017-11-17 00:00:00+09:00,502.5758395229813,504.86027515717666,487.49856433729184,500.748291015625,1376000,0.0,0.0
2017-11-20 00:00:00+09:00,506.6878909182294,520.8513937301908,505.31722935578154,513.5411987304688,997800,0.0,0.0
2017-11-21 00:00:00+09:00,498.0069444639882,499.8344928840395,469.2230568481797,475.6194763183594,2861800,0.0,0.0
2017-11-22 00:00:00+09:00,488.8692623026231,498.4638926842634,482.0159548871658,497.0932312011719,1498400,0.0,0.0
2017-11-23 00:00:00+09:00,497.0932312011719,497.0932312011719,497.0932312011719,497.0932312011719,0,0.0,0.0
2017-11-24 00:00:00+09:00,494.3518879836394,502.57585654528964,489.32612941818655,499.83453369140625,811000,0.0,0.0
2017-11-27 00:00:00+09:00,501.66216280099883,520.8514258589605,500.74838836966734,516.7394409179688,1712800,0.0,0.0
2017-11-28 00:00:00+09:00,516.7393976538805,531.3597873310902,505.7741053959732,527.247802734375,1829200,0.0,0.0
2017-11-29 00:00:00+09:00,520.8513234856873,530.4459531288447,515.8255651011764,522.2219848632812,1731800,0.0,0.0
2017-11-30 00:00:00+09:00,520.394495073183,528.1615770892006,513.0843002345781,527.247802734375,1633800,0.0,0.0
2017-12-01 00:00:00+09:00,534.557905490081,542.7818732668516,529.0752603055674,535.4716796875,1848000,0.0,0.0
2017-12-04 00:00:00+09:00,534.1011678312854,534.1011678312854,513.9981298632986,514.4550170898438,1231800,0.0,0.0
2017-12-05 00:00:00+09:00,509.429211315808,514.9118575362472,498.9208060599662,507.144775390625,1189800,0.0,0.0
2017-12-06 00:00:00+09:00,508.5153503417969,520.8513022368809,504.4033663767689,508.5153503417969,1163800,0.0,0.0
2017-12-07 00:00:00+09:00,507.6015394144458,516.7392808980542,506.687765266085,512.17041015625,953800,0.0,0.0
2017-12-08 00:00:00+09:00,508.05852921461974,513.5411752133386,506.68786771494,509.8860778808594,873000,0.0,0.0
2017-12-11 00:00:00+09:00,509.4292027621952,513.0843001811168,504.8603309885432,507.6016540527344,1372600,0.0,0.0
2017-12-12 00:00:00+09:00,506.68779029914435,512.6273225569341,506.2309032023913,510.7997741699219,947200,0.0,0.0
2017-12-13 00:00:00+09:00,508.5154369457348,510.34298568588116,505.3172266504786,507.144775390625,1207800,0.0,0.0
2017-12-14 00:00:00+09:00,507.60157409297415,531.3597035734734,507.14468698758,526.7908325195312,1671000,0.0,0.0
2017-12-15 00:00:00+09:00,524.0495333667399,528.1615174995216,517.1962264787702,522.2219848632812,1290200,0.0,0.0
2017-12-18 00:00:00+09:00,522.2219967163301,525.4202066699734,518.1100124902172,519.9375610351562,951600,0.0,0.0
2017-12-19 00:00:00+09:00,522.2220524968327,523.135826866906,506.2310010205518,507.144775390625,1291000,0.0,0.0
2017-12-20 00:00:00+09:00,508.0584475752236,511.2566572272259,503.48957664379174,504.4033508300781,745800,0.0,0.0
2017-12-21 00:00:00+09:00,507.14473492532807,507.14473492532807,495.72255621079364,496.179443359375,1029200,0.0,0.0
2017-12-22 00:00:00+09:00,497.5500694503576,507.14469888879427,496.63629521812555,503.03271484375,871800,0.0,0.0
2017-12-25 00:00:00+09:00,504.86028883192273,508.515385945638,497.09320746527777,501.6620788574219,1098800,0.0,0.0
2017-12-26 00:00:00+09:00,501.20532780675705,510.79996033541875,501.20532780675705,505.7742004394531,2479400,0.0,0.0
2017-12-27 00:00:00+09:00,503.0052513234756,503.46672403111177,484.5463430180269,502.0823059082031,3251200,5.5,0.0
2017-12-28 00:00:00+09:00,504.38967088118216,507.61997984382464,481.7775081426845,483.16192626953125,941000,0.0,0.0
2017-12-29 00:00:00+09:00,482.70046764111703,486.392249420399,481.31604947388627,483.6234130859375,554000,0.0,0.0
2018-01-01 00:00:00+09:00,483.6234130859375,483.6234130859375,483.6234130859375,483.6234130859375,0,0.0,0.0
2018-01-02 00:00:00+09:00,483.6234130859375,483.6234130859375,483.6234130859375,483.6234130859375,0,0.0,0.0
2018-01-03 00:00:00+09:00,483.6234130859375,483.6234130859375,483.6234130859375,483.6234130859375,0,0.0,0.0
2018-01-04 00:00:00+09:00,488.6995558464664,491.0069191885177,474.8553757941586,481.7774658203125,867000,0.0,0.0
2018-01-05 00:00:00+09:00,485.0078453740355,492.39140914756985,480.3931180155766,484.08489990234375,710800,0.0,0.0
2018-01-08 00:00:00+09:00,484.08489990234375,484.08489990234375,484.08489990234375,484.08489990234375,0,0.0,0.0
2018-01-09 00:00:00+09:00,485.4692435736481,490.0839702235877,483.1618802486783,489.62249755859375,732200,0.0,0.0
2018-01-10 00:00:00+09:00,487.31518577525725,495.16022190989685,485.9307676338503,493.3143310546875,612400,0.0,0.0
2018-01-11 00:00:00+09:00,492.8527961533888,500.2363586425781,492.3913234978145,500.2363586425781,592400,0.0,0.0
2018-01-12 00:00:00+09:00,500.69787825904064,504.85113254874693,495.62167857162177,499.7749328613281,772200,0.0,0.0
2018-01-15 00:00:00+09:00,502.0822855447559,510.85026663423236,498.3905040333974,510.3887939453125,759400,0.0,0.0
2018-01-16 00:00:00+09:00,514.542090757351,519.1568180287175,504.38969076034505,511.77325439453125,849200,0.0,0.0
2018-01-17 00:00:00+09:00,511.31172515731055,511.31172515731055,502.0822716346154,509.92730712890625,443200,0.0,0.0
2018-01-18 00:00:00+09:00,510.3887865588923,515.0035133813054,506.6970051009618,507.1584777832031,668800,0.0,0.0
2018-01-19 00:00:00+09:00,508.5429031896333,514.080575456671,506.697012433954,510.3887939453125,504200,0.0,0.0
2018-01-22 00:00:00+09:00,510.38890058144756,522.8486657855154,507.62006386943244,521.9257202148438,849600,0.0,0.0
2018-01-23 00:00:00+09:00,523.3100537109375,527.9247808159722,516.8494357638889,519.1567993164062,503800,0.0,0.0
2018-01-24 00:00:00+09:00,520.5411474997242,525.1558739846508,517.3108389602755,522.8485107421875,399800,0.0,0.0
2018-01-25 00:00:00+09:00,522.8485571049067,524.6944478625587,514.0805760060601,516.387939453125,394000,0.0,0.0
2018-01-26 00:00:00+09:00,517.3108661944003,520.5411749039105,514.0805574848903,517.7723388671875,295800,0.0,0.0
2018-01-29 00:00:00+09:00,518.23382053341,522.38707466057,512.6961483638634,514.08056640625,288000,0.0,0.0
2018-01-30 00:00:00+09:00,514.0806603740446,515.9265514346336,506.6970961316884,513.15771484375,376800,0.0,0.0
2018-01-31 00:00:00+09:00,508.0814494471396,521.9256306309853,506.69703132875503,515.0035400390625,699200,0.0,0.0
2018-02-01 00:00:00+09:00,514.0805819559346,533.9239078303557,511.7732184821646,532.5394897460938,833200,0.0,0.0
2018-02-02 00:00:00+09:00,532.5395038555195,539.4615944602273,525.1559405438311,533.0009765625,560400,0.0,0.0
2018-02-05 00:00:00+09:00,512.6961905429058,521.4641721993552,511.31177238662434,515.4650268554688,370000,0.0,0.0
2018-02-06 00:00:00+09:00,489.1610664852782,495.62168434451775,464.70301316101427,479.0086669921875,1092400,0.0,0.0
2018-02-07 00:00:00+09:00,491.0070054469021,498.852042188065,477.62429571197714,478.5472412109375,620000,0.0,0.0
2018-02-08 00:00:00+09:00,478.0857124985062,486.39222101682003,477.16276710758245,482.700439453125,525600,0.0,0.0
2018-02-09 00:00:00+09:00,468.856193128061,521.9255456966899,468.3947204970295,518.2337646484375,1637200,0.0,0.0
2018-02-12 00:00:00+09:00,518.2337646484375,518.2337646484375,518.2337646484375,518.2337646484375,0,0.0,0.0
2018-02-13 00:00:00+09:00,516.8493886194924,516.8493886194924,481.31599315190226,481.7774658203125,842200,0.0,0.0
2018-02-14 00:00:00+09:00,484.5463311494287,487.7766400237582,455.9350239767957,463.7800598144531,856400,0.0,0.0
2018-02-15 00:00:00+09:00,546.8451274865582,565.7655074249118,510.8502583355443,563.9196166992188,4222600,0.0,0.0
2018-02-16 00:00:00+09:00,566.2270136507135,591.6080126326118,565.7655409419517,574.9949951171875,2201800,0.0,0.0
2018-02-19 00:00:00+09:00,570.8416971223904,581.4555686129443,557.4589895908227,561.6122436523438,1567200,0.0,0.0
2018-02-20 00:00:00+09:00,561.6122514847112,596.2227024800713,559.3048880850205,589.7620849609375,1263000,0.0,0.0
2018-02-21 00:00:00+09:00,585.6089102719363,592.9924741524335,577.763873648908,582.3786010742188,624200,0.0,0.0
2018-02-22 00:00:00+09:00,577.7638355054353,582.3785626260858,558.3819815987035,561.1508178710938,632800,0.0,0.0
2018-02-23 00:00:00+09:00,568.9958446727079,570.8417354907865,559.3049178777957,564.8425903320312,446400,0.0,0.0
2018-02-26 00:00:00+09:00,566.2269374230927,575.4563903558245,561.6122109567268,562.53515625,447800,0.0,0.0
2018-02-27 00:00:00+09:00,564.842519483183,568.5343006562756,556.5360118437244,562.53515625,424600,0.0,0.0
2018-02-28 00:00:00+09:00,556.0746459960938,564.8426279661566,551.9213913786955,556.0746459960938,493200,0.0,0.0
2018-03-01 00:00:00+09:00,550.998403121014,552.382821219308,536.6927494386426,542.69189453125,754600,0.0,0.0
2018-03-02 00:00:00+09:00,535.3083268505031,556.5360708462989,534.3853814593816,544.5377807617188,1011200,0.0,0.0
2018-03-05 00:00:00+09:00,541.3073962000153,544.5377046172362,515.4649288622481,518.2337646484375,717000,0.0,0.0
2018-03-06 00:00:00+09:00,529.7707575655531,534.3854854189116,521.0027746441721,521.9257202148438,474000,0.0,0.0
2018-03-07 00:00:00+09:00,516.3879155984143,519.1567516069849,503.4666808917516,513.6190795898438,969200,0.0,0.0
2018-03-08 00:00:00+09:00,515.0035304800011,523.3100390361302,509.4658581092484,512.6961669921875,504000,0.0,0.0
2018-03-09 00:00:00+09:00,519.6183241764058,519.6183241764058,504.85119595824864,510.850341796875,592000,0.0,0.0
2018-03-12 00:00:00+09:00,515.4649614101005,517.7723247109515,507.1584535270371,517.3108520507812,632600,0.0,0.0
2018-03-13 00:00:00+09:00,517.3108400141798,528.84765625,512.6961135198517,528.84765625,452000,0.0,0.0
2018-03-14 00:00:00+09:00,526.0788396815527,534.3853476765246,521.0026403512921,533.46240234375,492400,0.0,0.0
2018-03-15 00:00:00+09:00,534.8468717497975,534.8468717497975,519.6182722953166,525.1559448242188,277800,0.0,0.0
2018-03-16 00:00:00+09:00,530.232144642379,530.232144642379,513.6191270556726,525.1559448242188,446400,0.0,0.0
2018-03-19 00:00:00+09:00,521.925620943442,521.925620943442,506.69702192387206,512.6961669921875,471200,0.0,0.0
2018-03-20 00:00:00+09:00,500.2363859823833,515.9264571294322,497.0060772168144,514.08056640625,356000,0.0,0.0
2018-03-21 00:00:00+09:00,514.08056640625,514.08056640625,514.08056640625,514.08056640625,0,0.0,0.0
2018-03-22 00:00:00+09:00,512.2346299604936,512.2346299604936,501.6207592496005,507.6199035644531,396000,0.0,0.0
2018-03-23 00:00:00+09:00,497.4675241959542,499.3134148237685,478.5471452608576,480.3930358886719,732800,0.0,0.0
2018-03-26 00:00:00+09:00,475.31687586028255,480.85454820040235,466.54889465509285,476.7012939453125,349200,0.0,0.0
2018-03-27 00:00:00+09:00,485.46927980176446,485.46927980176446,471.62509881882437,474.85540771484375,1187200,0.0,0.0
2018-03-28 00:00:00+09:00,467.0103623867035,479.93159770965576,467.0103623867035,472.54803466796875,553300,0.0,2.0
2018-03-29 00:00:00+09:00,485.4692895177255,486.39223493505955,470.7021628403802,477.16278076171875,467000,0.0,0.0
2018-03-30 00:00:00+09:00,479.9315898585184,490.0839888747563,476.2398083980683,488.23809814453125,521900,0.0,0.0
2018-04-02 00:00:00+09:00,490.0839992456007,491.006944630244,471.6250915527344,471.6250915527344,546900,0.0,0.0
2018-04-03 00:00:00+09:00,470.7021131624287,486.3921836011763,469.7791678425024,485.46923828125,627200,0.0,0.0
2018-04-04 00:00:00+09:00,486.392249420399,490.08403119968096,481.77752219629656,483.6234130859375,379600,0.0,0.0
2018-04-05 00:00:00+09:00,485.46925166203425,485.46925166203425,478.08568889911356,479.93157958984375,466500,0.0,0.0
2018-04-06 00:00:00+09:00,479.93164533813945,481.7775362817477,474.3939725073148,478.08575439453125,442500,0.0,0.0
2018-04-09 00:00:00+09:00,479.0086444934059,491.9298796049814,477.16275376318083,488.23809814453125,587000,0.0,0.0
2018-04-10 00:00:00+09:00,493.7757328578404,497.46751403808594,487.3151157924107,491.00689697265625,413900,0.0,0.0
2018-04-11 00:00:00+09:00,491.00690372800364,491.00690372800364,472.5479975728155,475.31683349609375,526500,0.0,0.0
2018-04-12 00:00:00+09:00,480.8545624310551,484.5463441003914,475.3168899270506,477.16278076171875,204900,0.0,0.0
2018-04-13 00:00:00+09:00,479.9316078229967,481.7774986223159,476.23982622435824,480.85455322265625,216700,0.0,0.0
2018-04-16 00:00:00+09:00,479.9316069835753,479.9316069835753,466.08742601289526,468.85626220703125,463400,0.0,0.0
2018-04-17 00:00:00+09:00,468.85627141074525,471.62510765923395,461.4727080814422,465.16448974609375,320100,0.0,0.0
2018-04-18 00:00:00+09:00,468.85624422768285,479.008643216865,465.1644627770712,476.23980712890625,318400,0.0,0.0
2018-04-19 00:00:00+09:00,479.0086785698679,479.0086785698679,471.62511512370423,474.3939514160156,182200,0.0,0.0
2018-04-20 00:00:00+09:00,474.393935425039,482.7004440219755,474.393935425039,480.85455322265625,178100,0.0,0.0
2018-04-23 00:00:00+09:00,487.315185546875,490.0840218283913,481.7775129838423,487.315185546875,313100,0.0,0.0
2018-04-24 00:00:00+09:00,489.1610571895913,490.08400258051506,480.8545486712775,482.700439453125,264600,0.0,0.0
2018-04-25 00:00:00+09:00,491.9298933623626,491.9298933623626,480.8545486712775,482.700439453125,255100,0.0,0.0
2018-04-26 00:00:00+09:00,486.3922401197029,490.0840218283913,482.70045841101444,487.315185546875,245300,0.0,0.0
2018-04-27 00:00:00+09:00,489.1610285148767,489.1610285148767,479.93157514667143,481.7774658203125,321400,0.0,0.0
2018-04-30 00:00:00+09:00,481.7774658203125,481.7774658203125,481.7774658203125,481.7774658203125,0,0.0,0.0
2018-05-01 00:00:00+09:00,485.4693039755785,487.3151948652195,478.08574041701456,483.6234130859375,281300,0.0,0.0
2018-05-02 00:00:00+09:00,488.2380503507078,495.6216125488281,485.46921452641266,495.6216125488281,269700,0.0,0.0
2018-05-03 00:00:00+09:00,495.6216125488281,495.6216125488281,495.6216125488281,495.6216125488281,0,0.0,0.0
2018-05-04 00:00:00+09:00,495.6216125488281,495.6216125488281,495.6216125488281,495.6216125488281,0,0.0,0.0
2018-05-07 00:00:00+09:00,503.9282588635461,504.8512043926002,488.2381848696262,490.0840759277344,338700,0.0,0.0
2018-05-08 00:00:00+09:00,495.6216103933114,502.08222728856873,492.85277458105827,496.5445556640625,286100,0.0,0.0
2018-05-09 00:00:00+09:00,501.15927768283416,503.00516820836947,496.54455136899594,498.39044189453125,357300,0.0,0.0
2018-05-10 00:00:00+09:00,502.0822229456018,502.0822229456018,491.00687979239,498.39044189453125,405500,0.0,0.0
2018-05-11 00:00:00+09:00,500.2364831385022,503.928265301886,497.46764651596436,499.31353759765625,316100,0.0,0.0
2018-05-14 00:00:00+09:00,507.61994581956134,530.6935797204504,507.61994581956134,527.9247436523438,928500,0.0,0.0
2018-05-15 00:00:00+09:00,535.3083313403486,552.8442939187394,535.3083313403486,542.69189453125,1020900,0.0,0.0
2018-05-16 00:00:00+09:00,549.1524940849151,563.9196199762741,548.2295487167052,550.075439453125,715400,0.0,0.0
2018-05-17 00:00:00+09:00,553.7672221366995,567.611402690117,553.7672221366995,562.07373046875,474500,0.0,0.0
2018-05-18 00:00:00+09:00,562.073697749904,565.7654790159132,556.5360258508902,562.9966430664062,341700,0.0,0.0
2018-05-21 00:00:00+09:00,564.8425336994109,566.6884243324155,546.3836273693648,562.9966430664062,582800,0.0,0.0
2018-05-22 00:00:00+09:00,565.7655074249118,578.686742504763,562.9966713363722,563.9196166992188,525000,0.0,0.0
2018-05-23 00:00:00+09:00,570.3802297072543,576.8408471958478,562.9966668631474,565.7655029296875,448800,0.0,0.0
2018-05-24 00:00:00+09:00,574.9949951171875,584.2244492924232,573.1491042821403,574.9949951171875,592800,0.0,0.0
2018-05-25 00:00:00+09:00,581.4556274414062,587.9162455240885,577.7638456798735,581.4556274414062,469900,0.0,0.0
2018-05-28 00:00:00+09:00,580.5325974606114,581.4555427665902,551.9212929752713,552.84423828125,719900,0.0,0.0
2018-05-29 00:00:00+09:00,554.6902418247305,565.7655877513474,548.2296233675373,556.5361328125,561400,0.0,0.0
2018-05-30 00:00:00+09:00,545.460777822167,556.536123564749,542.6919413865214,548.2296142578125,428100,0.0,0.0
2018-05-31 00:00:00+09:00,551.921319756841,552.8442651076049,535.3083034430898,541.7689208984375,645200,0.0,0.0
2018-06-01 00:00:00+09:00,539.0000760099408,550.0754200375424,532.5394586605066,545.460693359375,635900,0.0,0.0
2018-06-04 00:00:00+09:00,550.0754577221513,556.53607551419,540.8460037335246,542.69189453125,581200,0.0,0.0
2018-06-05 00:00:00+09:00,542.6919229196948,558.3819955211145,540.8460320254101,555.6131591796875,505700,0.0,0.0
2018-06-06 00:00:00+09:00,548.2295814321823,556.5360902417608,545.4607451623227,549.1525268554688,337900,0.0,0.0
2018-06-07 00:00:00+09:00,550.0754450840456,562.9966803712547,547.3066089510721,560.2278442382812,429000,0.0,0.0
2018-06-08 00:00:00+09:00,559.3048943580665,565.7655119496613,556.536058247383,562.07373046875,387300,0.0,0.0
2018-06-11 00:00:00+09:00,565.7654790159132,568.5343149654201,559.304861800397,562.9966430664062,283300,0.0,0.0
2018-06-12 00:00:00+09:00,565.7655175978138,574.0720260127898,559.3048999417213,572.2261352539062,398100,0.0,0.0
2018-06-13 00:00:00+09:00,574.0721016054433,575.91799260739,564.8426465957094,566.6885375976562,301800,0.0,0.0
2018-06-14 00:00:00+09:00,565.7655060937174,565.7655060937174,551.9213256835938,551.9213256835938,365200,0.0,0.0
2018-06-15 00:00:00+09:00,557.4590500739722,560.2278864153992,550.9984319439758,555.6131591796875,426100,0.0,0.0
2018-06-18 00:00:00+09:00,556.5360195051649,560.2278007290797,548.2295117513564,552.84423828125,515000,0.0,0.0
2018-06-19 00:00:00+09:00,550.9983949267174,561.1507941632232,548.2295587713069,558.3819580078125,533800,0.0,0.0
2018-06-20 00:00:00+09:00,555.6131591796875,556.5361046268298,541.7689774725525,555.6131591796875,491200,0.0,0.0
2018-06-21 00:00:00+09:00,558.3819035121372,574.0719735281808,558.3819035121372,568.5343017578125,480200,0.0,0.0
2018-06-22 00:00:00+09:00,565.7654376270325,569.4572186229675,557.4589303861788,567.611328125,376200,0.0,0.0
2018-06-25 00:00:00+09:00,575.9179494121287,580.5326765708797,556.5360953453744,559.304931640625,425000,0.0,0.0
2018-06-26 00:00:00+09:00,559.3048999417213,572.2261352539062,553.7672276650705,572.2261352539062,443100,0.0,0.0
2018-06-27 00:00:00+09:00,576.4166128507225,610.8712407594086,575.4854066910282,606.2152099609375,731200,5.5,0.0
2018-06-28 00:00:00+09:00,606.2151852119259,613.6648341853444,588.5222689000572,610.8712158203125,639600,0.0,0.0
2018-06-29 00:00:00+09:00,620.1831960194146,637.8761100199685,618.3207840193563,623.9080200195312,901500,0.0,0.0
2018-07-02 00:00:00+09:00,623.908056640625,630.4264990234375,604.3527294921874,605.283935546875,478600,0.0,0.0
2018-07-03 00:00:00+09:00,607.1464233398438,622.0457220721098,600.6279801444773,607.1464233398438,591800,0.0,0.0
2018-07-04 00:00:00+09:00,604.3527021736934,604.3527021736934,591.3158179973734,594.1094360351562,587700,0.0,0.0
2018-07-05 00:00:00+09:00,591.3158622581469,593.1782744227395,570.8293284476284,576.4165649414062,603200,0.0,0.0
2018-07-06 00:00:00+09:00,581.0725662231446,597.8342748641968,580.1413601875305,595.9718627929688,397400,0.0,0.0
2018-07-09 00:00:00+09:00,598.7654527903685,615.5271606445312,590.3845988632871,615.5271606445312,369900,0.0,0.0
2018-07-10 00:00:00+09:00,616.4584850475101,617.3896912182767,606.215217169077,607.1464233398438,330700,0.0,0.0
2018-07-11 00:00:00+09:00,600.6278977027307,600.6278977027307,581.0725708007812,581.0725708007812,435400,0.0,0.0
2018-07-12 00:00:00+09:00,587.590998217224,588.5222042365856,574.5541139461603,579.2101440429688,428100,0.0,0.0
2018-07-13 00:00:00+09:00,587.5910326379491,593.1782690814161,583.8662083423044,591.3158569335938,242700,0.0,0.0
2018-07-16 00:00:00+09:00,591.3158569335938,591.3158569335938,591.3158569335938,591.3158569335938,0,0.0,0.0
2018-07-17 00:00:00+09:00,594.1095156912075,607.1464016154661,593.1783095537605,604.352783203125,440400,0.0,0.0
2018-07-18 00:00:00+09:00,613.6647633456176,623.9080295016144,609.9399392888917,617.3895874023438,399600,0.0,0.0
2018-07-19 00:00:00+09:00,622.04564453125,622.04564453125,604.3527294921874,605.283935546875,302900,0.0,0.0
2018-07-20 00:00:00+09:00,608.0775829630161,613.6648195599197,603.4215524655963,609.0087890625,241800,0.0,0.0
2018-07-23 00:00:00+09:00,609.9399906128876,610.8711967054264,600.6279296875,600.6279296875,189900,0.0,0.0
2018-07-24 00:00:00+09:00,605.283935546875,609.008759765625,600.6279052734375,605.283935546875,224000,0.0,0.0
2018-07-25 00:00:00+09:00,698.4044799804688,698.4044799804688,672.3307127278646,698.4044799804688,4352000,0.0,0.0
2018-07-26 00:00:00+09:00,706.7853701238763,710.5101942088506,677.9179834653254,679.7803955078125,1832100,0.0,0.0
2018-07-27 00:00:00+09:00,676.0555781291497,676.0555781291497,649.050603245203,657.4314575195312,1227400,0.0,0.0
2018-07-30 00:00:00+09:00,659.2939324063876,660.2251385256056,633.2201610682819,634.1513671875,891800,0.0,0.0
2018-07-31 00:00:00+09:00,634.1512691339797,645.3257408367812,627.6328273073456,629.4952392578125,1071900,0.0,0.0
2018-08-01 00:00:00+09:00,636.9449654339029,652.7754689607689,623.9080801764838,647.188232421875,706000,0.0,0.0
2018-08-02 00:00:00+09:00,650.913139802337,657.4315832624463,639.7386652992926,649.98193359375,598900,0.0,0.0
2018-08-03 00:00:00+09:00,652.7754865626985,652.7754865626985,632.2889520343399,641.6010131835938,649900,0.0,0.0
2018-08-06 00:00:00+09:00,624.8392742318167,669.5371656820807,623.9080681599362,661.1563110351562,1962600,0.0,0.0
2018-08-07 00:00:00+09:00,660.2251837470315,665.8124208450317,649.981915734031,655.5691528320312,741200,0.0,0.0
2018-08-08 00:00:00+09:00,651.8442646840984,674.1932109018389,648.119440314475,663.0187377929688,1002100,0.0,0.0
2018-08-09 00:00:00+09:00,664.8810813678467,681.64278930149,656.5002274010252,662.0874633789062,1060400,0.0,0.0
2018-08-10 00:00:00+09:00,658.3627083013498,658.3627083013498,637.8761742382244,639.7385864257812,821300,0.0,0.0
2018-08-13 00:00:00+09:00,633.2200896434294,635.0825016717926,612.7335573314361,617.3895874023438,918800,0.0,0.0
2018-08-14 00:00:00+09:00,626.7016913774034,647.1882251222814,626.7016913774034,646.2570190429688,969300,0.0,0.0
2018-08-15 00:00:00+09:00,643.4634008050308,654.6378737567825,639.7385764877803,646.2570190429688,698300,0.0,0.0
2018-08-16 00:00:00+09:00,636.0137692828512,649.050654743993,626.7017082391783,640.6697998046875,817900,0.0,0.0
2018-08-17 00:00:00+09:00,645.3257958984375,654.6378564453124,639.7385595703124,651.84423828125,756700,0.0,0.0
2018-08-20 00:00:00+09:00,647.1882055235119,647.1882055235119,635.0825268590434,636.0137329101562,543400,0.0,0.0
2018-08-21 00:00:00+09:00,629.4952392578125,637.8760930349135,621.1143854807115,629.4952392578125,512500,0.0,0.0
2018-08-22 00:00:00+09:00,627.6328954429007,635.082544053499,626.7016893665759,630.426513671875,304500,0.0,0.0
2018-08-23 00:00:00+09:00,631.3577026545914,636.9449389612693,628.5640845012525,636.0137329101562,248400,0.0,0.0
2018-08-24 00:00:00+09:00,636.9449535954608,638.8073657404767,627.6328928703809,637.8761596679688,346200,0.0,0.0
2018-08-27 00:00:00+09:00,635.0825487142401,646.2570217121447,635.0825487142401,638.807373046875,412900,0.0,0.0
2018-08-28 00:00:00+09:00,642.5321655273438,649.9818138233129,635.0825172313745,642.5321655273438,504700,0.0,0.0
2018-08-29 00:00:00+09:00,640.6697897931655,652.7754689607689,637.8761715237185,647.188232421875,642100,0.0,0.0
2018-08-30 00:00:00+09:00,651.8442528879541,659.2939014923878,645.3258103590745,653.7066650390625,739300,0.0,0.0
2018-08-31 00:00:00+09:00,649.9818849339979,676.9868629613417,649.9818849339979,675.1244506835938,1111100,0.0,0.0
2018-09-03 00:00:00+09:00,675.1243946414404,676.0556007030148,658.3626855331012,660.22509765625,859100,0.0,0.0
2018-09-04 00:00:00+09:00,660.2251840027956,672.3308643864858,655.5691530859917,671.399658203125,757100,0.0,0.0
2018-09-05 00:00:00+09:00,670.4684517600319,670.4684517600319,652.7755342830311,655.5691528320312,691300,0.0,0.0
2018-09-06 00:00:00+09:00,644.3945574978139,645.3257635057587,626.7016433468624,632.2888793945312,896500,0.0,0.0
2018-09-07 00:00:00+09:00,628.5641232658835,635.0825660256779,625.7705049402574,633.2201538085938,636100,0.0,0.0
2018-09-10 00:00:00+09:00,631.3577197481998,633.2201319008493,625.7704832902511,630.426513671875,371700,0.0,0.0
2018-09-11 00:00:00+09:00,630.4265634516726,632.2889757513822,619.2520896534155,621.114501953125,530100,0.0,0.0
2018-09-12 00:00:00+09:00,620.183229950786,622.0456420527403,606.2151391861287,612.7335815429688,669100,0.0,0.0
2018-09-13 00:00:00+09:00,614.5959862835331,616.4583983631802,609.9399560844154,611.8023681640625,489800,0.0,0.0
2018-09-14 00:00:00+09:00,614.5960660466177,623.9081276533847,609.9400352432342,622.0457153320312,754100,0.0,0.0
2018-09-17 00:00:00+09:00,622.0457153320312,622.0457153320312,622.0457153320312,622.0457153320312,0,0.0,0.0
2018-09-18 00:00:00+09:00,623.9080883316062,625.7705005355812,616.4584395157065,624.8392944335938,548800,0.0,0.0
2018-09-19 00:00:00+09:00,624.8392407553537,627.6328588213239,618.320798601423,625.7704467773438,798500,0.0,0.0
2018-09-20 00:00:00+09:00,627.6328440196478,628.564050019677,615.5271660192689,623.9080200195312,1114100,0.0,0.0
2018-09-21 00:00:00+09:00,626.7017294943074,643.4634399414062,624.8393172224075,643.4634399414062,1418800,0.0,0.0
2018-09-24 00:00:00+09:00,643.4634399414062,643.4634399414062,643.4634399414062,643.4634399414062,0,0.0,0.0
2018-09-25 00:00:00+09:00,650.9131119277451,678.8492969890217,650.9131119277451,677.9180908203125,1520800,0.0,0.0
2018-09-26 00:00:00+09:00,677.917939724034,705.8541185588156,668.6058801124401,704.9229125976562,1772500,0.0,0.0
2018-09-27 00:00:00+09:00,700.2669840811446,730.0655791484274,696.5421596977343,717.9598999023438,1702900,0.0,0.0
2018-09-28 00:00:00+09:00,730.0655118616615,767.3137522627668,728.2030998416063,763.5889282226562,2014800,0.0,0.0
2018-10-01 00:00:00+09:00,761.7265676750507,775.6946587693365,745.8960644348601,746.8272705078125,1997700,0.0,0.0
2018-10-02 00:00:00+09:00,744.9648829595358,762.6577989298247,737.5152341299404,742.1712646484375,1599900,0.0,0.0
2018-10-03 00:00:00+09:00,743.1023442195012,745.8959620549128,723.5470193716196,726.3406372070312,1329100,0.0,0.0
2018-10-04 00:00:00+09:00,740.3087908492805,748.6896450853101,710.5101980100642,718.8910522460938,1446400,0.0,0.0
2018-10-05 00:00:00+09:00,702.1293899433724,715.1662751677852,692.8173290687919,693.74853515625,1804500,0.0,0.0
2018-10-08 00:00:00+09:00,693.74853515625,693.74853515625,693.74853515625,693.74853515625,0,0.0,0.0
2018-10-09 00:00:00+09:00,679.780454916506,685.367691532258,663.0187450692497,663.949951171875,1583300,0.0,0.0
2018-10-10 00:00:00+09:00,674.1931572477346,690.0236595588002,666.7435091013508,687.2300415039062,1623800,0.0,0.0
2018-10-11 00:00:00+09:00,653.7066723320257,670.4683818790007,647.1882297304243,654.6378784179688,1905800,0.0,0.0
2018-10-12 00:00:00+09:00,648.1194376627604,674.1932081434462,647.1882315741645,670.4683837890625,1599400,0.0,0.0
2018-10-15 00:00:00+09:00,670.4683743990385,672.3307865501469,652.7754589635083,653.7066650390625,1346100,0.0,0.0
2018-10-16 00:00:00+09:00,651.8442746426197,663.0187479222075,644.3946257895611,656.5003051757812,1327100,0.0,0.0
2018-10-17 00:00:00+09:00,674.1932256789435,677.9180501302084,663.0187523251489,664.8811645507812,1443600,0.0,0.0
2018-10-18 00:00:00+09:00,666.7436057598146,675.124461139477,660.2251626867438,668.6060180664062,1053800,0.0,0.0
2018-10-19 00:00:00+09:00,660.2250513862792,663.0186693752197,651.8441974194576,662.0874633789062,1296500,0.0,0.0
2018-10-22 00:00:00+09:00,663.9500087362387,674.1932767532073,659.2939778194349,671.399658203125,1111300,0.0,0.0
2018-10-23 00:00:00+09:00,664.8812146620318,667.6748332110319,653.7067404660312,655.5691528320312,1209800,0.0,0.0
2018-10-24 00:00:00+09:00,662.0875097793988,670.4683643335684,654.6378612868036,660.22509765625,822900,0.0,0.0
2018-10-25 00:00:00+09:00,641.6010447062419,641.6010447062419,621.1145091713546,622.0457153320312,2015200,0.0,0.0
2018-10-26 00:00:00+09:00,628.5641200771273,630.4265322847632,597.8343186511344,601.5591430664062,1798400,0.0,0.0
2018-10-29 00:00:00+09:00,600.6279001607523,607.1463424880783,572.6917187579267,573.6229248046875,2041900,0.0,0.0
2018-10-30 00:00:00+09:00,556.8611693945936,584.7973484612121,554.0675514879318,582.9349365234375,2052900,0.0,0.0
2018-10-31 00:00:00+09:00,590.3847122660444,609.008835681377,581.0726505583781,607.1464233398438,1383300,0.0,0.0
2018-11-01 00:00:00+09:00,606.2151217035284,607.1463277276506,591.3158253175739,595.0406494140625,1081300,0.0,0.0
2018-11-02 00:00:00+09:00,603.4214931482419,654.6378235852069,599.6966691164627,632.2888793945312,2337300,0.0,0.0
2018-11-05 00:00:00+09:00,614.595975920628,622.0456241136053,587.5910012210852,595.0406494140625,2356300,0.0,0.0
2018-11-06 00:00:00+09:00,602.4903607252168,620.1832770370855,596.9031239951529,610.8712158203125,1262700,0.0,0.0
2018-11-07 00:00:00+09:00,617.3895780193271,631.3576680197644,607.1463120190065,623.9080200195312,1433700,0.0,0.0
2018-11-08 00:00:00+09:00,641.6009912963511,645.325815628986,635.0825487142401,638.807373046875,640200,0.0,0.0
2018-11-09 00:00:00+09:00,638.8073657404767,650.9130446830806,631.3577171604129,637.8761596679688,744500,0.0,0.0
2018-11-12 00:00:00+09:00,630.4264966034784,641.6009692168341,625.7704663479136,636.0137329101562,560800,0.0,0.0
2018-11-13 00:00:00+09:00,614.5959862835331,622.0456346021214,601.5591017260036,611.8023681640625,1175700,0.0,0.0
2018-11-14 00:00:00+09:00,610.871240080343,615.5272708736384,588.5222922725256,590.3847045898438,1331200,0.0,0.0
2018-11-15 00:00:00+09:00,586.6598338001179,601.5591311664701,578.2789790315448,592.2470703125,762200,0.0,0.0
2018-11-16 00:00:00+09:00,589.4534200528773,592.2470381573933,572.6917114257812,572.6917114257812,967500,0.0,0.0
2018-11-19 00:00:00+09:00,572.6917236328125,585.7286083984375,569.8981054687499,582.0037841796875,641000,0.0,0.0
2018-11-20 00:00:00+09:00,573.6228822220204,573.6228822220204,558.7235865798899,560.5859985351562,1089100,0.0,0.0
2018-11-21 00:00:00+09:00,551.2739331919266,559.6547869059931,538.2370496367122,552.2051391601562,1122400,0.0,0.0
2018-11-22 00:00:00+09:00,559.6548146145403,565.2420507005423,551.2739604855371,563.379638671875,580100,0.0,0.0
2018-11-23 00:00:00+09:00,563.379638671875,563.379638671875,563.379638671875,563.379638671875,0,0.0,0.0
2018-11-26 00:00:00+09:00,566.1732764306006,577.3477489917309,556.8612159629921,573.6229248046875,798300,0.0,0.0
2018-11-27 00:00:00+09:00,580.1413819149474,582.0037940559264,570.8293212100526,575.4853515625,555800,0.0,0.0
2018-11-28 00:00:00+09:00,578.2789358956474,590.3846141028026,578.2789358956474,586.6597900390625,517900,0.0,0.0
2018-11-29 00:00:00+09:00,593.1782865054278,599.6967292142787,584.7974315940481,585.7286376953125,646100,0.0,0.0
2018-11-30 00:00:00+09:00,585.7286204901268,594.1094751553272,582.003796194482,591.3158569335938,506600,0.0,0.0
2018-12-03 00:00:00+09:00,596.903076171875,600.627900360155,592.247045936525,596.903076171875,629200,0.0,0.0
2018-12-04 00:00:00+09:00,601.5591013461728,609.9399556992929,587.5910107576394,588.522216796875,828300,0.0,0.0
2018-12-05 00:00:00+09:00,580.1414580292754,594.1095509192259,575.4854270659587,593.1783447265625,734800,0.0,0.0
2018-12-06 00:00:00+09:00,588.5221497855638,591.3157675851788,571.7604429878737,580.1412963867188,932800,0.0,0.0
2018-12-07 00:00:00+09:00,585.728691538428,589.4535162858903,580.1414544172347,584.7974853515625,516200,0.0,0.0
2018-12-10 00:00:00+09:00,577.3477737251944,582.9350102451156,565.2420945986984,568.9669189453125,797900,0.0,0.0
2018-12-11 00:00:00+09:00,572.6916934019767,573.6228994075084,552.20516128028,554.998779296875,767900,0.0,0.0
2018-12-12 00:00:00+09:00,564.3109029300061,572.6917579240161,558.7236662673328,570.829345703125,834100,0.0,0.0
2018-12-13 00:00:00+09:00,577.347763703479,577.347763703479,568.9669090690736,575.4853515625,563300,0.0,0.0
2018-12-14 00:00:00+09:00,571.7605250607711,572.6917311276453,557.7924340576578,559.6548461914062,1059800,0.0,0.0
2018-12-17 00:00:00+09:00,559.6548093245333,563.3796333466601,554.0675732913434,554.998779296875,764400,0.0,0.0
2018-12-18 00:00:00+09:00,550.3427884813765,550.3427884813765,526.1314306124835,528.925048828125,1256100,0.0,0.0
2018-12-19 00:00:00+09:00,529.8562355696951,548.4803563278566,523.3377933043386,541.9619140625,1023100,0.0,0.0
2018-12-20 00:00:00+09:00,536.3747628348215,539.1683813912528,518.6818453107561,521.4754638671875,1306000,0.0,0.0
2018-12-21 00:00:00+09:00,517.7505929750056,525.2002417947898,506.5761197453292,523.3378295898438,2254200,0.0,0.0
2018-12-24 00:00:00+09:00,523.3378295898438,523.3378295898438,523.3378295898438,523.3378295898438,0,0.0,0.0
2018-12-25 00:00:00+09:00,508.4385169883827,509.36972306345297,487.02077726176583,501.9200744628906,3079300,0.0,0.0
2018-12-26 00:00:00+09:00,483.53990949984797,490.13791996085956,464.68845103981494,472.2290344238281,3575200,6.5,0.0
2018-12-27 00:00:00+09:00,491.0804258662673,506.1615905761719,491.0804258662673,506.1615905761719,1065600,0.0,0.0
2018-12-28 00:00:00+09:00,499.5636387121834,506.1616490347971,493.9082012928002,502.391357421875,658100,0.0,0.0
2018-12-31 00:00:00+09:00,502.391357421875,502.391357421875,502.391357421875,502.391357421875,0,0.0,0.0
2019-01-04 00:00:00+09:00,476.94188406808036,494.85076904296875,476.94188406808036,494.85076904296875,824100,0.0,0.0
2019-01-07 00:00:00+09:00,512.7596715856481,512.7596715856481,505.21908817997684,508.9893798828125,635300,0.0,0.0
2019-01-08 00:00:00+09:00,514.644782334074,518.4150737797448,506.1616265813145,513.7022094726562,691600,0.0,0.0
2019-01-09 00:00:00+09:00,518.415151323591,531.6111733572824,517.4725783211844,527.8408813476562,540400,0.0,0.0
2019-01-10 00:00:00+09:00,533.496333734109,533.496333734109,520.3003113449261,525.9557495117188,598700,0.0,0.0
2019-01-11 00:00:00+09:00,535.3813683974005,540.0942325558283,530.6685042389727,532.5536499023438,566400,0.0,0.0
2019-01-15 00:00:00+09:00,539.1517801849684,541.9794993118127,532.5537688889985,541.0369262695312,491000,0.0,0.0
2019-01-16 00:00:00+09:00,546.6922957710598,548.5774416185462,540.0942853048574,541.9794311523438,517500,0.0,0.0
2019-01-17 00:00:00+09:00,552.3477453906921,552.3477453906921,544.8071618358704,548.5774536132812,434600,0.0,0.0
2019-01-18 00:00:00+09:00,553.2903091843064,559.8883196856525,552.3477362555427,558.003173828125,489100,0.0,0.0
2019-01-21 00:00:00+09:00,565.5437165083829,567.4288622300775,550.462550734826,555.1754150390625,611100,0.0,0.0
2019-01-22 00:00:00+09:00,562.7160082365338,562.7160082365338,535.3813947711075,537.2665405273438,601900,0.0,0.0
2019-01-23 00:00:00+09:00,539.1517792021994,542.9220713644524,523.1280375126235,525.01318359375,690700,0.0,0.0
2019-01-24 00:00:00+09:00,531.6111032586349,537.2665405273438,521.2428015993353,537.2665405273438,356700,0.0,0.0
2019-01-25 00:00:00+09:00,537.2665295101675,539.1516752277471,519.3576451931619,522.1853637695312,713900,0.0,0.0
2019-01-28 00:00:00+09:00,515.5874921542286,520.3003577132251,509.9320534834326,511.81719970703125,525600,0.0,0.0
2019-01-29 00:00:00+09:00,508.9893382984203,514.644775390625,503.33390120621567,514.644775390625,464900,0.0,0.0
2019-01-30 00:00:00+09:00,513.7022562777058,513.7022562777058,500.5062350155262,503.3339538574219,572000,0.0,0.0
2019-01-31 00:00:00+09:00,508.98938954305305,525.0131295842233,507.1042436558566,524.070556640625,503100,0.0,0.0
2019-02-01 00:00:00+09:00,526.8983296748765,529.7260487965665,520.3003183909336,525.01318359375,405300,0.0,0.0
2019-02-04 00:00:00+09:00,525.9557575930287,541.0369262695312,525.9557575930287,541.0369262695312,401400,0.0,0.0
2019-02-05 00:00:00+09:00,546.6922957710598,548.5774416185462,539.1517123811142,541.9794311523438,365500,0.0,0.0
2019-02-06 00:00:00+09:00,544.8071758401805,551.4051866202519,541.036883965854,546.6923217773438,335000,0.0,0.0
2019-02-07 00:00:00+09:00,546.6922978377595,546.6922978377595,528.7834122189363,533.4962768554688,350400,0.0,0.0
2019-02-08 00:00:00+09:00,526.8982210726351,531.6110853040541,520.3002111486486,523.1279296875,319000,0.0,0.0
2019-02-12 00:00:00+09:00,525.9556796651491,536.3239815940319,525.0131067625234,535.3814086914062,433200,0.0,0.0
2019-02-13 00:00:00+09:00,541.0368180708451,541.9793909246271,532.5536623868076,539.1516723632812,363000,0.0,0.0
2019-02-14 00:00:00+09:00,543.8646270202537,580.6249744271686,538.2091889576513,575.912109375,1502400,0.0,0.0
2019-02-15 00:00:00+09:00,561.7735123816074,561.7735123816074,519.3577270507812,519.3577270507812,1299900,0.0,0.0
2019-02-18 00:00:00+09:00,534.438875589187,546.6923242358527,526.8982918066235,538.2091674804688,620100,0.0,0.0
2019-02-19 00:00:00+09:00,543.8646053173914,543.8646053173914,533.4963026163665,538.2091674804688,286800,0.0,0.0
2019-02-20 00:00:00+09:00,541.0369262695312,541.9794993118127,533.49634193128,541.0369262695312,348300,0.0,0.0
2019-02-21 00:00:00+09:00,545.7498026074724,551.4052409764616,538.2092181154865,547.6349487304688,446800,0.0,0.0
2019-02-22 00:00:00+09:00,546.6922937680597,551.4051583695085,543.8645750071904,550.4625854492188,283500,0.0,0.0
2019-02-25 00:00:00+09:00,556.1180279705976,561.7734655431799,551.405163326779,558.003173828125,429700,0.0,0.0
2019-02-26 00:00:00+09:00,557.0605817671114,558.9457275598936,548.577425699592,552.3477172851562,265700,0.0,0.0
2019-02-27 00:00:00+09:00,555.1754500506676,555.1754500506676,545.7497208477699,550.4625854492188,226300,0.0,0.0
2019-02-28 00:00:00+09:00,552.3477362555427,560.8308926144161,550.4625903980152,558.003173828125,423000,0.0,0.0
2019-03-01 00:00:00+09:00,559.8883196856525,572.1417677595808,551.405163326779,558.003173828125,525300,0.0,0.0
2019-03-04 00:00:00+09:00,565.5437482155835,567.4288940429688,564.6011753018907,567.4288940429688,366800,0.0,0.0
2019-03-05 00:00:00+09:00,563.6586093490016,568.3714739756656,559.8883176476705,566.486328125,370800,0.0,0.0
2019-03-06 00:00:00+09:00,565.5437551996672,566.486328125,559.8883176476705,566.486328125,247800,0.0,0.0
2019-03-07 00:00:00+09:00,559.8882653870559,561.7734110617597,554.2328283629441,557.060546875,277100,0.0,0.0
2019-03-08 00:00:00+09:00,547.6348972086731,548.5774701814935,531.6111566707257,538.2091674804688,818700,0.0,0.0
2019-03-11 00:00:00+09:00,541.9794709624716,549.5200549062973,536.3240330046024,544.8071899414062,338900,0.0,0.0
2019-03-12 00:00:00+09:00,549.520026557634,554.2328912793976,545.7497347802231,548.5774536132812,252100,0.0,0.0
2019-03-13 00:00:00+09:00,556.1180676372111,567.4289435891544,553.2903486492253,560.8309326171875,441600,0.0,0.0
2019-03-14 00:00:00+09:00,560.8308875724061,562.7160334129857,543.8645750071904,550.4625854492188,169200,0.0,0.0
2019-03-15 00:00:00+09:00,547.6349487304688,549.5200948534653,541.9795103614794,547.6349487304688,453600,0.0,0.0
2019-03-18 00:00:00+09:00,551.4052026572348,560.8309326171875,551.4052026572348,560.8309326171875,248400,0.0,0.0
2019-03-19 00:00:00+09:00,560.8308733526757,561.7734462490668,550.4625714923741,552.3477172851562,316200,0.0,0.0
2019-03-20 00:00:00+09:00,550.4625645496167,553.290283203125,544.8071272426001,553.290283203125,341000,0.0,0.0
2019-03-22 00:00:00+09:00,556.1179878999098,563.6585707866882,551.4051235956732,555.1754150390625,448700,0.0,0.0
2019-03-25 00:00:00+09:00,550.4625053204636,550.4625053204636,534.4387680080528,536.3239135742188,346900,0.0,0.0
2019-03-26 00:00:00+09:00,540.0943249765152,550.4626278992755,538.2091789905588,544.8071899414062,361900,0.0,0.0
2019-03-27 00:00:00+09:00,546.6922456641286,560.8308382244078,546.6922456641286,557.060546875,297300,0.0,0.0
2019-03-28 00:00:00+09:00,549.5200948534653,550.4626679149634,543.8646564844759,547.6349487304688,283800,0.0,0.0
2019-03-29 00:00:00+09:00,549.520026557634,549.520026557634,544.8071618358704,548.5774536132812,215100,0.0,0.0
2019-04-01 00:00:00+09:00,553.2903183350448,558.0031830568084,546.6923077245758,548.5774536132812,309800,0.0,0.0
2019-04-02 00:00:00+09:00,547.6348947459254,549.5200406830886,544.8071758401805,546.6923217773438,258700,0.0,0.0
2019-04-03 00:00:00+09:00,541.9794569344357,548.5774677145071,540.0943109972724,546.6923217773438,209300,0.0,0.0
2019-04-04 00:00:00+09:00,547.6349089203409,552.347773885232,544.8071899414062,544.8071899414062,224700,0.0,0.0
2019-04-05 00:00:00+09:00,545.7497512630322,546.6923242358527,534.438875589187,538.2091674804688,458700,0.0,0.0
2019-04-08 00:00:00+09:00,537.2664863573018,542.9219230557997,536.3239135742188,536.3239135742188,218500,0.0,0.0
2019-04-09 00:00:00+09:00,539.1516597241427,541.9793782191994,530.6685042389727,532.5536499023438,222600,0.0,0.0
2019-04-10 00:00:00+09:00,528.783447265625,535.3814581940732,526.8983012860684,528.783447265625,252000,0.0,0.0
2019-04-11 00:00:00+09:00,527.8408884447674,530.6686074900073,525.0131693995276,526.8983154296875,195500,0.0,0.0
2019-04-12 00:00:00+09:00,532.5537179716936,534.4388638760181,530.6685720673689,531.6111450195312,283300,0.0,0.0
2019-04-15 00:00:00+09:00,534.4389149735614,544.807218438657,534.4389149735614,541.0369262695312,379300,0.0,0.0
2019-04-16 00:00:00+09:00,538.209139457371,544.8071499235734,536.3239936098845,541.9794311523438,242100,0.0,0.0
2019-04-17 00:00:00+09:00,541.9794709624716,553.2903468782101,539.151751983537,544.8071899414062,349700,0.0,0.0
2019-04-18 00:00:00+09:00,546.6923242358527,546.6923242358527,536.3240215348279,538.2091674804688,355100,0.0,0.0
2019-04-19 00:00:00+09:00,538.2091414920012,542.9220061285336,530.6685580735493,533.4962768554688,312700,0.0,0.0
2019-04-22 00:00:00+09:00,532.5536499023438,537.2665140607716,530.6685042389727,532.5536499023438,190700,0.0,0.0
2019-04-23 00:00:00+09:00,536.323941229086,541.9793782191994,532.5536499023438,532.5536499023438,372800,0.0,0.0
2019-04-24 00:00:00+09:00,532.5536899835291,540.0942732045348,532.5536899835291,535.3814086914062,257300,0.0,0.0
2019-04-25 00:00:00+09:00,537.2665405273438,539.15168628358,534.4388218929893,537.2665405273438,236900,0.0,0.0
2019-04-26 00:00:00+09:00,532.5537296435461,540.0943134261096,530.6685836979052,538.2091674804688,256500,0.0,0.0
2019-05-07 00:00:00+09:00,538.209139457371,548.5774416185462,538.209139457371,541.9794311523438,408200,0.0,0.0
2019-05-08 00:00:00+09:00,536.3239135742188,539.1516319234677,532.5536224418868,536.3239135742188,308400,0.0,0.0
2019-05-09 00:00:00+09:00,535.3814653669084,536.324038369315,526.8983083452497,527.8408813476562,422100,0.0,0.0
2019-05-10 00:00:00+09:00,526.8982408766778,565.5437290268457,519.3576578229865,561.7734375,1206100,0.0,0.0
2019-05-13 00:00:00+09:00,564.6012081803947,583.4526675520273,543.8646028715989,546.6923217773438,1631300,0.0,0.0
2019-05-14 00:00:00+09:00,528.7833792798459,535.3813893599867,498.62104748491714,529.7259521484375,1199300,0.0,0.0
2019-05-15 00:00:00+09:00,529.7259821657275,529.7259821657275,507.1042320376537,517.4725341796875,552400,0.0,0.0
2019-05-16 00:00:00+09:00,518.4151071016905,524.070544633709,514.6448154136783,517.4725341796875,473500,0.0,0.0
2019-05-17 00:00:00+09:00,523.1279215854881,533.4962227340293,521.242775922117,532.5536499023438,402200,0.0,0.0
2019-05-20 00:00:00+09:00,538.209177163408,542.9220421122996,526.8983012860684,528.783447265625,272400,0.0,0.0
2019-05-21 00:00:00+09:00,526.8983083452497,531.6111733572824,521.2428703308105,527.8408813476562,282000,0.0,0.0
2019-05-22 00:00:00+09:00,527.8408254704005,541.0368461071605,526.8982525677749,535.3814086914062,309500,0.0,0.0
2019-05-23 00:00:00+09:00,538.2090925978948,552.3476852230584,538.2090925978948,540.09423828125,502100,0.0,0.0
2019-05-24 00:00:00+09:00,538.2091118214662,545.7496948242188,534.4388203200899,545.7496948242188,306500,0.0,0.0
2019-05-27 00:00:00+09:00,544.8072041405572,545.7497771581014,539.1517660352919,542.9220581054688,148200,0.0,0.0
2019-05-28 00:00:00+09:00,541.9794311523438,543.8645769998302,536.3239936098845,541.9794311523438,323200,0.0,0.0
2019-05-29 00:00:00+09:00,536.3239797926032,546.6922816866605,535.3814068931434,543.8645629882812,267700,0.0,0.0
2019-05-30 00:00:00+09:00,539.1517573765345,541.0369033813477,527.8408813476562,527.8408813476562,330100,0.0,0.0
2019-05-31 00:00:00+09:00,524.070556640625,529.7259943022144,520.300264866232,524.070556640625,306900,0.0,0.0
2019-06-03 00:00:00+09:00,515.587361021455,518.4150796376604,500.5061950683594,500.5061950683594,612200,0.0,0.0
2019-06-04 00:00:00+09:00,500.50627743114126,503.33399651267314,489.1954011050138,497.6785583496094,584100,0.0,0.0
2019-06-05 00:00:00+09:00,507.1042410261335,508.989386903554,499.5636575164512,508.04681396484375,384100,0.0,0.0
2019-06-06 00:00:00+09:00,507.1042410261335,515.587397474526,505.2190951487129,508.04681396484375,238700,0.0,0.0
2019-06-07 00:00:00+09:00,513.702235551314,518.4151000976562,510.87451682350854,518.4151000976562,205000,0.0,0.0
2019-06-10 00:00:00+09:00,519.3577129232948,522.1854318684307,515.5874209964469,521.2428588867188,193300,0.0,0.0
2019-06-11 00:00:00+09:00,522.1854318684307,524.0705778318546,520.3002859050068,521.2428588867188,216500,0.0,0.0
2019-06-12 00:00:00+09:00,521.2428703308105,528.7834543500627,521.2428703308105,527.8408813476562,282800,0.0,0.0
2019-06-13 00:00:00+09:00,522.1854058704237,523.1279788052078,512.7596765225821,516.5299682617188,318200,0.0,0.0
2019-06-14 00:00:00+09:00,518.4151000976562,521.2428188254617,512.7596626420454,518.4151000976562,252400,0.0,0.0
2019-06-17 00:00:00+09:00,516.5299491178506,519.3576678174009,509.93193881889994,510.87451171875,262700,0.0,0.0
2019-06-18 00:00:00+09:00,513.7021729311242,516.5298913142312,506.1615905761719,506.1615905761719,219900,0.0,0.0
2019-06-19 00:00:00+09:00,513.7023459306299,513.7023459306299,506.1617610362353,511.81719970703125,273800,0.0,0.0
2019-06-20 00:00:00+09:00,513.7022025419242,516.5299210880265,512.7596296932235,514.644775390625,251400,0.0,0.0
2019-06-21 00:00:00+09:00,518.4150667854282,518.4150667854282,509.9319111471211,514.644775390625,432800,0.0,0.0
2019-06-24 00:00:00+09:00,513.7022564485261,516.529975291362,510.87453760569014,515.58740234375,208600,0.0,0.0
2019-06-25 00:00:00+09:00,520.300240717251,520.300240717251,508.9893659190498,510.87451171875,274900,0.0,0.0
2019-06-26 00:00:00+09:00,509.443516028084,515.1676004778377,505.62745972824814,508.489501953125,292900,6.5,0.0
2019-06-27 00:00:00+09:00,513.2595764389612,513.2595764389612,503.7194356129582,507.5354919433594,326100,0.0,0.0
2019-06-28 00:00:00+09:00,505.6274637781588,511.3515482737606,502.7654215303579,507.5354919433594,305800,0.0,0.0
2019-07-01 00:00:00+09:00,518.9836368388337,527.5697631835938,512.3055385706868,527.5697631835938,568400,0.0,0.0
2019-07-02 00:00:00+09:00,531.385815987478,543.7879984072935,531.385815987478,542.833984375,476400,0.0,0.0
2019-07-03 00:00:00+09:00,543.7879984072935,545.6960264718805,539.9719422781195,542.833984375,247800,0.0,0.0
2019-07-04 00:00:00+09:00,543.7879718189508,543.7879718189508,538.0638879050671,541.8799438476562,198400,0.0,0.0
2019-07-05 00:00:00+09:00,542.8340885445423,544.7421169752788,536.1559890369645,539.9720458984375,270900,0.0,0.0
2019-07-08 00:00:00+09:00,539.9719480242048,539.9719480242048,532.3398356846401,534.2478637695312,295100,0.0,0.0
2019-07-09 00:00:00+09:00,534.2478800162994,534.2478800162994,529.4778096590111,530.4318237304688,222200,0.0,0.0
2019-07-10 00:00:00+09:00,537.10991038678,549.5120930422474,532.3398401346772,547.6040649414062,529800,0.0,0.0
2019-07-11 00:00:00+09:00,547.6041111611912,559.0522807325053,545.6960828993056,558.0982666015625,358200,0.0,0.0
2019-07-12 00:00:00+09:00,562.86831058868,567.6383810173976,554.2821838169882,557.1442260742188,556300,0.0,0.0
2019-07-16 00:00:00+09:00,558.0981710909169,559.0521850585938,547.6040174464724,559.0521850585938,323000,0.0,0.0
2019-07-17 00:00:00+09:00,553.3281942717344,554.2822083997892,547.6041095034061,551.420166015625,303400,0.0,0.0
2019-07-18 00:00:00+09:00,546.6500733727439,547.6040874623997,535.201904296875,535.201904296875,333200,0.0,0.0
2019-07-19 00:00:00+09:00,535.201890211839,547.6040730509725,535.201890211839,545.696044921875,298500,0.0,0.0
2019-07-22 00:00:00+09:00,544.7419989224138,555.2361530172413,540.925942887931,553.328125,403800,0.0,0.0
2019-07-23 00:00:00+09:00,554.2821919549372,558.0982483539384,550.4661355559359,555.2362060546875,223100,0.0,0.0
2019-07-24 00:00:00+09:00,548.5579911742951,553.3280606627673,544.7419355835174,546.6499633789062,448700,0.0,0.0
2019-07-25 00:00:00+09:00,551.420064686463,551.420064686463,538.0638693480365,539.0178833007812,407000,0.0,0.0
2019-07-26 00:00:00+09:00,537.1099507216866,540.9260072099402,533.2938942334331,538.06396484375,332800,0.0,0.0
2019-07-29 00:00:00+09:00,537.1099866365132,546.6501284950658,535.2019582648027,543.7880859375,382000,0.0,0.0
2019-07-30 00:00:00+09:00,547.6040832413751,551.4201395705833,542.8340128298648,550.4661254882812,353200,0.0,0.0
2019-07-31 00:00:00+09:00,547.6040568881565,551.4201130337185,544.742014778985,549.5120849609375,344100,0.0,0.0
2019-08-01 00:00:00+09:00,544.7420490828805,550.4661336616848,543.7880349864131,548.55810546875,342700,0.0,0.0
2019-08-02 00:00:00+09:00,543.7879530645049,574.3163995523369,538.0638693480365,539.0178833007812,1723500,0.0,0.0
2019-08-05 00:00:00+09:00,537.1099538750217,538.063968002686,509.44354417275594,516.1216430664062,1356700,0.0,0.0
2019-08-06 00:00:00+09:00,497.0412838166531,514.2135354648292,492.271213914382,513.259521484375,1012600,0.0,0.0
2019-08-07 00:00:00+09:00,514.2135979959239,548.55810546875,512.3055698029891,548.55810546875,903700,0.0,0.0
2019-08-08 00:00:00+09:00,546.6500451429835,560.9602557488207,540.9259609006485,556.190185546875,591900,0.0,0.0
2019-08-09 00:00:00+09:00,559.0522229239895,560.0062369562829,539.9719422781195,542.833984375,446100,0.0,0.0
2019-08-13 00:00:00+09:00,533.2939175088263,534.2479316725272,524.7077900355179,525.6618041992188,476300,0.0,0.0
2019-08-14 00:00:00+09:00,534.2478614517405,534.2478614517405,522.7996929920604,527.5697631835938,319500,0.0,0.0
2019-08-15 00:00:00+09:00,508.4895397367932,525.6617943620507,508.4895397367932,520.8917236328125,414800,0.0,0.0
2019-08-16 00:00:00+09:00,519.9376668738972,528.5237934828239,518.0296387385802,523.7537231445312,309900,0.0,0.0
2019-08-19 00:00:00+09:00,528.5237955875534,535.2018940877571,523.753725230265,530.4318237304688,378200,0.0,0.0
2019-08-20 00:00:00+09:00,533.2938942334331,538.06396484375,533.2938942334331,538.06396484375,290400,0.0,0.0
2019-08-21 00:00:00+09:00,532.3398172320326,537.1098872789147,526.6157331757743,531.3858032226562,251100,0.0,0.0
2019-08-22 00:00:00+09:00,533.2937666459517,533.2937666459517,521.8455999200994,524.7076416015625,301900,0.0,0.0
2019-08-23 00:00:00+09:00,527.5697794151654,527.5697794151654,519.9376668738972,523.7537231445312,261400,0.0,0.0
2019-08-26 00:00:00+09:00,514.2136148110776,520.891713704728,513.2596006834133,516.1216430664062,400800,0.0,0.0
2019-08-27 00:00:00+09:00,520.8916809415557,527.5697794151654,517.0756246709216,523.7537231445312,355400,0.0,0.0
2019-08-28 00:00:00+09:00,525.6618041992188,535.2019458362282,521.845747544415,525.6618041992188,375200,0.0,0.0
2019-08-29 00:00:00+09:00,519.9376033768882,520.8916173280385,512.3054917676862,517.0755615234375,521900,0.0,0.0
2019-08-30 00:00:00+09:00,520.891683015892,530.4318237304688,517.0756267300612,530.4318237304688,612200,0.0,0.0
2019-09-02 00:00:00+09:00,527.5697977922965,533.2938823976378,524.7077554896258,526.6157836914062,797300,0.0,0.0
2019-09-03 00:00:00+09:00,523.7536990603885,531.3858112507039,522.7996850365992,529.477783203125,759300,0.0,0.0
2019-09-04 00:00:00+09:00,529.4777110706676,530.4317249644887,523.7536277077415,524.7076416015625,325300,0.0,0.0
2019-09-05 00:00:00+09:00,529.4778377451795,539.9719930878767,528.5238236231162,538.06396484375,662800,0.0,0.0
2019-09-06 00:00:00+09:00,543.7879960138179,544.7420100419123,534.2478557328736,536.1558837890625,491400,0.0,0.0
2019-09-09 00:00:00+09:00,534.2479606062279,539.9720458984375,531.3859179601232,539.9720458984375,477700,0.0,0.0
2019-09-10 00:00:00+09:00,539.0179152976674,539.9719293070439,530.4317892132798,531.3858032226562,522100,0.0,0.0
2019-09-11 00:00:00+09:00,529.4777912602071,534.2478614517405,524.7077210686738,527.5697631835938,479100,0.0,0.0
2019-09-12 00:00:00+09:00,530.4318318831791,534.2478882276624,527.5697896248167,528.5238037109375,443700,0.0,0.0
2019-09-13 00:00:00+09:00,530.4318098441634,542.8339924484334,529.4777957976811,540.9259643554688,1005100,0.0,0.0
2019-09-17 00:00:00+09:00,540.9259586334229,551.4201130337185,539.9719445970323,549.5120849609375,714300,0.0,0.0
2019-09-18 00:00:00+09:00,554.2821838169882,574.3164796176022,553.3281697312447,557.1442260742188,1242500,0.0,0.0
2019-09-19 00:00:00+09:00,561.9142823291426,570.5004088842568,559.0522401441045,567.6383666992188,591600,0.0,0.0
2019-09-20 00:00:00+09:00,572.4084370076155,573.3624510692949,563.8223104525013,567.6383666992188,631100,0.0,0.0
2019-09-24 00:00:00+09:00,569.546446202165,569.546446202165,561.9143330202264,562.8683471679688,361200,0.0,0.0
2019-09-25 00:00:00+09:00,562.86831058868,562.86831058868,553.3281697312447,557.1442260742188,440100,0.0,0.0
2019-09-26 00:00:00+09:00,563.8222790948275,563.8222790948275,551.4200969827587,553.328125,505600,0.0,0.0
2019-09-27 00:00:00+09:00,560.0062417084316,560.0062417084316,549.512087264151,556.190185546875,512000,0.0,0.0
2019-09-30 00:00:00+09:00,553.3281778551868,555.2362060546875,550.4661355559359,555.2362060546875,335800,0.0,0.0
2019-10-01 00:00:00+09:00,560.0062226505818,576.2244607852664,558.0981946347365,575.2704467773438,529600,0.0,0.0
2019-10-02 00:00:00+09:00,571.4543776123842,595.3047272623168,570.5003636263868,585.7645874023438,1461000,0.0,0.0
2019-10-03 00:00:00+09:00,577.1784885509594,578.1325025816221,560.9602500296928,564.7763061523438,1050900,0.0,0.0
2019-10-04 00:00:00+09:00,567.6383868761299,577.1785278320312,565.7303586849496,577.1785278320312,511300,0.0,0.0
2019-10-07 00:00:00+09:00,580.9944881023747,580.9944881023747,570.5003347868967,578.1324462890625,462300,0.0,0.0
2019-10-08 00:00:00+09:00,581.9485680364794,595.3047646799396,581.9485680364794,591.4887084960938,640400,0.0,0.0
2019-10-09 00:00:00+09:00,583.8566182622014,586.7186605085848,574.3164774409236,579.0865478515625,738300,0.0,0.0
2019-10-10 00:00:00+09:00,583.8566265011622,587.6726828835227,572.4084573540806,577.1785278320312,534000,0.0,0.0
2019-10-11 00:00:00+09:00,577.178552592537,577.178552592537,569.5464395004043,571.4544677734375,484500,0.0,0.0
2019-10-15 00:00:00+09:00,577.1785258927872,580.0405681699415,570.5004272460938,570.5004272460938,492100,0.0,0.0
2019-10-16 00:00:00+09:00,575.2705326559555,576.2245468062971,566.6844053028816,569.5464477539062,558700,0.0,0.0
2019-10-17 00:00:00+09:00,566.6844053028816,571.4544760545893,565.73039115254,569.5464477539062,305800,0.0,0.0
2019-10-18 00:00:00+09:00,569.5463387030384,577.1784504444526,546.6500034787956,559.0521850585938,2052000,0.0,0.0
2019-10-21 00:00:00+09:00,558.0982340769261,568.5923889057229,556.1902059262358,565.7303466796875,1178900,0.0,0.0
2019-10-23 00:00:00+09:00,569.5463495399746,574.3164194691202,560.9602236675127,563.822265625,969900,0.0,0.0
2019-10-24 00:00:00+09:00,569.546413153709,574.3164836156328,567.6383849689395,570.5004272460938,555900,0.0,0.0
2019-10-25 00:00:00+09:00,571.4544311317585,572.4084452071037,564.7763326043423,565.7303466796875,1075800,0.0,0.0
2019-10-28 00:00:00+09:00,570.5004272460938,572.4084554308633,568.5923990613243,570.5004272460938,405500,0.0,0.0
2019-10-29 00:00:00+09:00,571.4544432584904,583.8566265011622,571.4544432584904,577.1785278320312,818500,0.0,0.0
2019-10-30 00:00:00+09:00,577.1785297269136,585.7646566154131,577.1785297269136,583.8566284179688,638600,0.0,0.0
2019-10-31 00:00:00+09:00,590.5346385000576,592.4426664112048,580.9944989443215,582.9025268554688,613300,0.0,0.0
2019-11-01 00:00:00+09:00,580.9946175580048,587.6727166103957,565.73039115254,569.5464477539062,1063300,0.0,0.0
2019-11-05 00:00:00+09:00,579.0866521367964,584.8107376603891,573.3625666132036,576.224609375,778400,0.0,0.0
2019-11-06 00:00:00+09:00,576.224458220821,577.1784722244979,567.6383321877294,568.5923461914062,453600,0.0,0.0
2019-11-07 00:00:00+09:00,574.3164955014089,581.9486083984375,573.3624813892802,581.9486083984375,667000,0.0,0.0
2019-11-08 00:00:00+09:00,587.6726663523707,589.5806944898784,580.0405538023399,580.9945678710938,609200,0.0,0.0
2019-11-11 00:00:00+09:00,584.8106525241845,591.4887513295178,582.9026242940893,588.626708984375,640400,0.0,0.0
2019-11-12 00:00:00+09:00,591.4887710887659,608.6610257332785,588.6267286480138,598.1668701171875,1129900,0.0,0.0
2019-11-13 00:00:00+09:00,601.0289125579396,602.9369408517744,595.3048276764354,598.1668701171875,549300,0.0,0.0
2019-11-14 00:00:00+09:00,596.2588219047558,598.1668501348511,584.8106525241845,588.626708984375,600900,0.0,0.0
2019-11-15 00:00:00+09:00,585.7645874023438,589.580643346333,583.8565594303491,585.7645874023438,559300,0.0,0.0
2019-11-18 00:00:00+09:00,591.4887971331359,600.0749248334556,589.5807687552871,599.1209106445312,634300,0.0,0.0
2019-11-19 00:00:00+09:00,603.8909828486405,606.7530254213829,601.9829544668122,605.7990112304688,565800,0.0,0.0
2019-11-20 00:00:00+09:00,604.8448992851997,605.7989133219271,597.2127869913802,600.0748291015625,828200,0.0,0.0
2019-11-21 00:00:00+09:00,600.0749151190058,600.0749151190058,581.9486458228832,594.350830078125,964700,0.0,0.0
2019-11-22 00:00:00+09:00,596.2587545474116,598.1667825619634,590.5346705037565,597.2127685546875,763100,0.0,0.0
2019-11-25 00:00:00+09:00,601.9829267048569,601.9829267048569,598.1668701171875,598.1668701171875,312900,0.0,0.0
2019-11-26 00:00:00+09:00,599.1208842641048,600.0748984110222,594.3508135295181,598.1668701171875,404100,0.0,0.0
2019-11-27 00:00:00+09:00,617.2471584253918,665.9018803414582,613.4311018045238,660.1777954101562,4192800,0.0,0.0
2019-11-28 00:00:00+09:00,660.1777741507198,684.0281272631013,644.9135481587956,679.258056640625,3425100,0.0,0.0
2019-11-29 00:00:00+09:00,681.1660259814521,694.5222225693237,681.1660259814521,685.9360961914062,1980100,0.0,0.0
2019-12-02 00:00:00+09:00,694.5222639721438,700.2463485653209,675.4419819948871,676.39599609375,1313800,0.0,0.0
2019-12-03 00:00:00+09:00,676.3960005855147,680.2120570063074,661.1317749023438,661.1317749023438,1566100,0.0,0.0
2019-12-04 00:00:00+09:00,657.3156602260045,670.671856515067,656.3616462053571,667.809814453125,929500,0.0,0.0
2019-12-05 00:00:00+09:00,668.7638775137968,672.579933876215,653.4996520641238,656.3616943359375,1075200,0.0,0.0
2019-12-06 00:00:00+09:00,657.3157529445053,664.9478661862412,654.4537104788543,660.1777954101562,857000,0.0,0.0
2019-12-09 00:00:00+09:00,665.9018803414582,667.8099086518922,658.2697670997223,660.1777954101562,1137100,0.0,0.0
2019-12-10 00:00:00+09:00,661.1317586146263,667.8098571864913,661.1317586146263,664.9478149414062,646900,0.0,0.0
2019-12-11 00:00:00+09:00,663.9937184429585,665.9017463695187,654.4535788101574,655.4075927734375,882700,0.0,0.0
2019-12-12 00:00:00+09:00,658.2697810051349,658.2697810051349,642.0515400238489,643.0055541992188,825900,0.0,0.0
2019-12-13 00:00:00+09:00,651.5915635646735,652.5455775669643,633.4652975211467,634.4193115234375,1049900,0.0,0.0
2019-12-16 00:00:00+09:00,642.0514709653233,654.4536539111617,642.0514709653233,644.9135131835938,674300,0.0,0.0
2019-12-17 00:00:00+09:00,652.5457069686133,656.3617637345117,648.729650202715,654.4537353515625,589800,0.0,0.0
2019-12-18 00:00:00+09:00,652.5456094180836,653.4996234669404,640.1434267829446,648.7295532226562,640600,0.0,0.0
2019-12-19 00:00:00+09:00,644.9134548293375,652.5455667208089,644.9134548293375,651.591552734375,668500,0.0,0.0
2019-12-20 00:00:00+09:00,655.4076984146052,661.1317831169162,654.4536842975533,659.2237548828125,767000,0.0,0.0
2019-12-23 00:00:00+09:00,657.3156715012716,659.2236995752955,645.8675030571275,650.6375732421875,1196800,0.0,0.0
2019-12-24 00:00:00+09:00,643.0055444372431,645.8675869199014,631.5573745066097,638.2354736328125,1672100,0.0,0.0
2019-12-25 00:00:00+09:00,639.1894185596358,645.8675169624977,637.2813904445323,640.1434326171875,1021100,0.0,0.0
2019-12-26 00:00:00+09:00,642.0514628992671,648.7295613246681,636.3273785346378,646.821533203125,3064800,0.0,0.0
2019-12-27 00:00:00+09:00,644.4134489166214,644.4134489166214,627.0749704704342,636.7074584960938,3693000,6.5,0.0
2019-12-30 00:00:00+09:00,638.6339433432698,643.4501872598858,630.9279530766844,642.4869384765625,907600,0.0,0.0
2020-01-06 00:00:00+09:00,637.6707233411694,649.2297092627616,635.7442256875707,638.6339721679688,849900,0.0,0.0
2020-01-07 00:00:00+09:00,633.817614351105,633.817614351105,623.2218791567857,625.1483764648438,1053300,0.0,0.0
2020-01-08 00:00:00+09:00,620.3321945238565,620.3321945238565,602.0304682879042,610.69970703125,1254700,0.0,0.0
2020-01-09 00:00:00+09:00,625.1484874725342,626.1117362976074,615.5159992218017,616.479248046875,565600,0.0,0.0
2020-01-10 00:00:00+09:00,616.4792272286821,622.2587199839511,615.5159784361374,621.2954711914062,663900,0.0,0.0
2020-01-14 00:00:00+09:00,622.2587328986942,626.1117281488409,611.6629959607908,615.5159912109375,508000,0.0,0.0
2020-01-15 00:00:00+09:00,614.5527136818988,621.2954550545842,611.6629673793193,619.3689575195312,722300,0.0,0.0
2020-01-16 00:00:00+09:00,638.6339987916125,651.1562340620363,634.7810033237898,649.229736328125,1893300,0.0,0.0
2020-01-17 00:00:00+09:00,653.0827026367188,661.7519420522505,650.1929561648749,653.0827026367188,1056000,0.0,0.0
2020-01-20 00:00:00+09:00,654.0458865037605,654.0458865037605,637.6706581229594,645.3766479492188,730600,0.0,0.0
2020-01-21 00:00:00+09:00,640.5603637695312,645.3766071061443,632.8543744309504,640.5603637695312,751500,0.0,0.0
2020-01-22 00:00:00+09:00,645.376692903256,654.0459320616579,640.560448926366,643.4501953125,726800,0.0,0.0
2020-01-23 00:00:00+09:00,636.7074764863944,636.7074764863944,619.368997550305,624.1852416992188,1134100,0.0,0.0
2020-01-24 00:00:00+09:00,621.2954142699048,622.2586629741992,609.7364298183717,614.5526733398438,794000,0.0,0.0
2020-01-27 00:00:00+09:00,599.1406901041667,614.5526692708333,599.1406901041667,606.8466796875,988200,0.0,0.0
2020-01-28 00:00:00+09:00,600.1039671486559,610.6997033262405,598.1774696618223,602.9937133789062,596700,0.0,0.0
2020-01-29 00:00:00+09:00,601.0672898815524,603.9570364675214,590.471552399666,597.2142944335938,535800,0.0,0.0
2020-01-30 00:00:00+09:00,602.0304948533386,603.9569924368693,575.0595286839091,584.6920166015625,1323400,0.0,0.0
2020-01-31 00:00:00+09:00,585.6551759410802,595.2876623874796,584.6919272964402,588.544921875,542100,0.0,0.0
2020-02-03 00:00:00+09:00,570.2432973039726,583.728780686161,570.2432973039726,578.9125366210938,936300,0.0,0.0
2020-02-04 00:00:00+09:00,577.9492625599001,590.4714965820312,571.2065211633679,590.4714965820312,767100,0.0,0.0
2020-02-05 00:00:00+09:00,603.9570605429562,604.9203094433437,591.4348248379189,600.1040649414062,760200,0.0,0.0
2020-02-06 00:00:00+09:00,605.8834552493706,610.699698931798,596.2509678845157,609.7364501953125,721900,0.0,0.0
2020-02-07 00:00:00+09:00,614.5526857013944,616.4791831487341,604.9201984646954,608.773193359375,401000,0.0,0.0
2020-02-10 00:00:00+09:00,602.0304074387558,605.8834020463638,592.3979209197357,596.2509155273438,620200,0.0,0.0
2020-02-12 00:00:00+09:00,598.177490234375,604.9202316701892,590.4715000220159,598.177490234375,531400,0.0,0.0
2020-02-13 00:00:00+09:00,591.4346722678337,596.2509155273438,586.6184290083237,596.2509155273438,398600,0.0,0.0
2020-02-14 00:00:00+09:00,596.250988987514,599.1407352992467,527.8603262765067,539.4193115234375,2346500,0.0,0.0
2020-02-17 00:00:00+09:00,527.8602989853991,528.8235477061754,511.4850707322024,514.3748168945312,1318700,0.0,0.0
2020-02-18 00:00:00+09:00,507.63212187008884,508.59537067819144,489.33039451613877,497.9996337890625,2484700,0.0,0.0
2020-02-19 00:00:00+09:00,507.6321202328331,518.2278570877878,505.7056226228413,512.4483642578125,1264800,0.0,0.0
2020-02-20 00:00:00+09:00,510.52185525401825,513.4116016045127,500.8893674190368,503.77911376953125,1287300,0.0,0.0
2020-02-21 00:00:00+09:00,499.9261152248938,503.7791103326001,493.18337378640774,496.0731201171875,1348200,0.0,0.0
2020-02-25 00:00:00+09:00,471.99187613404064,483.5508608556906,465.2491350464115,474.8816223144531,1742400,0.0,0.0
2020-02-26 00:00:00+09:00,470.06542817423167,473.9184234871352,456.57994457906926,466.2124328613281,1449500,0.0,0.0
2020-02-27 00:00:00+09:00,466.21240994040033,471.02865384474336,445.02093676129124,448.8739318847656,1364300,0.0,0.0
2020-02-28 00:00:00+09:00,425.75595898768165,432.4987004196133,419.97646633174026,426.7192077636719,1937700,0.0,0.0
2020-03-02 00:00:00+09:00,423.8294619605655,453.69017405324166,422.86621318338234,445.02093505859375,1573200,0.0,0.0
2020-03-03 00:00:00+09:00,467.1756636343231,468.1389124253217,441.1679462773608,442.1311950683594,1930500,0.0,0.0
2020-03-04 00:00:00+09:00,434.4252254133183,446.9474602921944,431.5354789028084,437.3149719238281,1374500,0.0,0.0
2020-03-05 00:00:00+09:00,445.0209297688802,446.9474273003472,430.5721982828776,433.4619445800781,736600,0.0,0.0
2020-03-06 00:00:00+09:00,425.75594727125036,430.5721910186627,415.1602110269432,418.0499572753906,1045800,0.0,0.0
2020-03-09 00:00:00+09:00,399.7482391129111,403.6012341886982,383.3730100408159,386.26275634765625,1247200,0.0,0.0
2020-03-10 00:00:00+09:00,366.9978006018213,402.63800695947856,366.03455178134413,399.7482604980469,1749500,0.0,0.0
2020-03-11 00:00:00+09:00,398.78501358032224,401.674760055542,385.2995300292969,385.2995300292969,1049400,0.0,0.0
2020-03-12 00:00:00+09:00,369.8874979760363,385.2994770583711,368.92424928339034,371.8139953613281,1445700,0.0,0.0
2020-03-13 00:00:00+09:00,347.7328232670597,368.92429726117416,340.0268327237454,359.29180908203125,1939500,0.0,0.0
2020-03-16 00:00:00+09:00,364.10805625615154,388.1892769080134,364.10805625615154,366.997802734375,1424600,0.0,0.0
2020-03-17 00:00:00+09:00,351.5858211517334,388.1892765045166,349.6593235015869,385.2995300292969,1096800,0.0,0.0
2020-03-18 00:00:00+09:00,391.07899478704934,422.86620372294254,391.07899478704934,407.4542236328125,1466500,0.0,0.0
2020-03-19 00:00:00+09:00,422.8662494312633,434.425235748291,414.19700969349253,423.8294982910156,1368500,0.0,0.0
2020-03-23 00:00:00+09:00,439.24142897845906,448.87391645605686,424.7926977620624,432.4986877441406,1391200,0.0,0.0
2020-03-24 00:00:00+09:00,440.20467698985135,448.8739157051876,432.49868702066357,446.9474182128906,1531700,0.0,0.0
2020-03-25 00:00:00+09:00,457.5431544205238,457.5431544205238,436.3516820052575,446.9474182128906,1291100,0.0,0.0
2020-03-26 00:00:00+09:00,445.02093505859375,454.65342283042474,438.278193618312,445.02093505859375,795400,0.0,0.0
2020-03-27 00:00:00+09:00,452.72693364946673,464.2859191894531,445.02094328947584,464.2859191894531,1075500,0.0,0.0
2020-03-30 00:00:00+09:00,457.54314374320114,466.2123822562302,444.0576616118226,456.57989501953125,744200,0.0,0.0
2020-03-31 00:00:00+09:00,457.5431726333943,467.17566047830786,450.8004311419548,452.7269287109375,555000,0.0,0.0
2020-04-01 00:00:00+09:00,445.0209297688802,450.80042236328126,431.5354470486111,433.4619445800781,562700,0.0,0.0
2020-04-02 00:00:00+09:00,425.7559606906285,436.35169726890206,425.7559606906285,430.57220458984375,506400,0.0,0.0
2020-04-03 00:00:00+09:00,433.4619327467315,442.13117140166617,422.8661966129225,424.7926940917969,629700,0.0,0.0
2020-04-06 00:00:00+09:00,419.0132137859808,455.61666694429636,419.0132137859808,451.763671875,959800,0.0,0.0
2020-04-07 00:00:00+09:00,456.57993844839245,462.3594313401442,444.05770384959686,450.8004455566406,681000,0.0,0.0
2020-04-08 00:00:00+09:00,450.8004265551297,464.285909400796,446.94743145636795,459.46966552734375,594100,0.0,0.0
2020-04-09 00:00:00+09:00,465.24917437082314,484.5141505352464,464.28592556260196,479.6979064941406,839100,0.0,0.0
2020-04-10 00:00:00+09:00,474.88162421796403,480.6611166019555,464.28588818064634,478.734619140625,512600,0.0,0.0
2020-04-13 00:00:00+09:00,471.02862740723646,478.73461722166974,462.359388865999,474.8816223144531,589100,0.0,0.0
2020-04-14 00:00:00+09:00,474.8816624530348,483.5509017270253,470.06541841192893,479.6979064941406,571200,0.0,0.0
2020-04-15 00:00:00+09:00,476.8081649500581,479.6979114043009,470.0654232234916,472.9551696777344,582700,0.0,0.0
2020-04-16 00:00:00+09:00,466.2124216180099,476.80815847296464,464.28592400801807,475.84490966796875,464200,0.0,0.0
2020-04-17 00:00:00+09:00,479.6979048879523,490.2936417429071,475.84490966796875,475.84490966796875,638100,0.0,0.0
2020-04-20 00:00:00+09:00,475.84487294862925,481.6243653326207,473.91837548729876,478.734619140625,577300,0.0,0.0
2020-04-21 00:00:00+09:00,473.91841849581533,479.6979114043009,468.13892558732977,472.9551696777344,568200,0.0,0.0
2020-04-22 00:00:00+09:00,468.13889175320264,472.9551354955195,461.396150513959,465.2491455078125,641600,0.0,0.0
2020-04-23 00:00:00+09:00,467.17568319351943,475.8449226754611,466.2124343621926,470.0654296875,415500,0.0,0.0
2020-04-24 00:00:00+09:00,474.8816688614662,476.80816650390625,464.2859318280461,476.80816650390625,801100,0.0,0.0
2020-04-27 00:00:00+09:00,476.80813235179113,483.55087361737196,469.1021423339844,469.1021423339844,539400,0.0,0.0
2020-04-28 00:00:00+09:00,471.99189394413827,480.6611328125,467.17565012838173,480.6611328125,388100,0.0,0.0
2020-04-30 00:00:00+09:00,491.25685457697887,497.03634698376686,481.6243672323322,482.5876159667969,567900,0.0,0.0
2020-05-01 00:00:00+09:00,481.62439931737316,488.3671409078164,479.6979017201037,486.4406433105469,488400,0.0,0.0
2020-05-07 00:00:00+09:00,494.1466369628906,499.92612979286594,490.2936417429071,494.1466369628906,537300,0.0,0.0
2020-05-08 00:00:00+09:00,497.99961134273576,498.9628601074219,490.29362122524657,498.9628601074219,387600,0.0,0.0
2020-05-11 00:00:00+09:00,500.88937394915354,519.1911010742188,498.9628763570414,519.1911010742188,549700,0.0,0.0
2020-05-12 00:00:00+09:00,524.9705938505551,524.9705938505551,515.3381058899945,519.1911010742188,471500,0.0,0.0
2020-05-13 00:00:00+09:00,512.4483882155374,546.1620979665596,502.81589971524534,515.338134765625,1140800,0.0,0.0
2020-05-14 00:00:00+09:00,511.48512648831013,527.8603565265423,509.55862883675337,521.1176147460938,466100,0.0,0.0
2020-05-15 00:00:00+09:00,524.0072760783451,547.125244140625,523.0440274090835,547.125244140625,630200,0.0,0.0
2020-05-18 00:00:00+09:00,547.1253085666233,554.831298828125,531.7133280436198,554.831298828125,747400,0.0,0.0
2020-05-19 00:00:00+09:00,564.4638296605841,564.4638296605841,541.3458571147581,545.1988525390625,471900,0.0,0.0
2020-05-20 00:00:00+09:00,547.1252971023479,548.088545864852,542.3090532898273,546.1620483398438,349000,0.0,0.0
2020-05-21 00:00:00+09:00,546.1620985461819,546.1620985461819,533.6398634825129,537.4928588867188,368200,0.0,0.0
2020-05-22 00:00:00+09:00,539.4193405041592,544.2355846158034,534.6030963925149,535.5663452148438,360700,0.0,0.0
2020-05-25 00:00:00+09:00,541.34584121163,545.198836522745,534.6030994171792,543.2723388671875,336300,0.0,0.0
2020-05-26 00:00:00+09:00,548.0885504586356,550.0150479997908,535.5663164411272,539.4193115234375,347900,0.0,0.0
2020-05-27 00:00:00+09:00,540.3825602940151,541.3458090645927,535.5663164411272,539.4193115234375,255000,0.0,0.0
2020-05-28 00:00:00+09:00,537.4928459005152,543.2723388671875,533.6398505894005,543.2723388671875,391200,0.0,0.0
2020-05-29 00:00:00+09:00,541.3458623186633,550.0151021066846,537.4928668573206,538.4561157226562,522700,0.0,0.0
2020-06-01 00:00:00+09:00,540.3824836770901,557.7209590891894,540.3824836770901,551.9414672851562,384800,0.0,0.0
2020-06-02 00:00:00+09:00,553.8680628726357,554.8313116776316,545.1988236276727,549.0518188476562,278800,0.0,0.0
2020-06-03 00:00:00+09:00,553.8680922437472,554.8313410998232,540.3826082586821,545.1988525390625,350600,0.0,0.0
2020-06-04 00:00:00+09:00,549.051761932102,550.0150106372461,538.4560261755175,542.3090209960938,320000,0.0,0.0
2020-06-05 00:00:00+09:00,537.4927897427626,539.4192871970378,524.9705562899742,536.529541015625,564600,0.0,0.0
2020-06-08 00:00:00+09:00,538.4560787974727,544.2355715931523,536.5295811989129,541.3458251953125,320100,0.0,0.0
2020-06-09 00:00:00+09:00,544.2355715931523,544.2355715931523,534.6030836003531,541.3458251953125,303100,0.0,0.0
2020-06-10 00:00:00+09:00,538.4561157226562,548.0886043760132,536.5296179919849,538.4561157226562,391700,0.0,0.0
2020-06-11 00:00:00+09:00,532.6766357421875,538.4561290775458,530.7501379637348,532.6766357421875,330300,0.0,0.0
2020-06-12 00:00:00+09:00,500.88936113132723,510.5218488453912,497.03636604570164,506.6688537597656,736200,0.0,0.0
2020-06-15 00:00:00+09:00,506.6688714278372,510.52186664782073,494.1466369628906,494.1466369628906,409800,0.0,0.0
2020-06-16 00:00:00+09:00,501.85260009765625,503.7790976028296,496.07310758213623,501.85260009765625,502600,0.0,0.0
2020-06-17 00:00:00+09:00,497.0363722850442,504.7423625530294,495.10987471804793,503.77911376953125,489700,0.0,0.0
2020-06-18 00:00:00+09:00,503.77911376953125,506.66886012002567,497.0363722850442,503.77911376953125,263600,0.0,0.0
2020-06-19 00:00:00+09:00,507.6321439653913,518.2278813157126,502.81589971524534,515.338134765625,439600,0.0,0.0
2020-06-22 00:00:00+09:00,510.52182201142614,516.3013143360838,507.6320758490973,514.3748168945312,194100,0.0,0.0
2020-06-23 00:00:00+09:00,520.1543818521236,531.7133681155042,520.1543818521236,523.0441284179688,361300,0.0,0.0
2020-06-24 00:00:00+09:00,529.7867960834329,531.7132935237363,524.9705524826745,528.8235473632812,290100,0.0,0.0
2020-06-25 00:00:00+09:00,529.7868167652804,529.7868167652804,522.0808267032398,524.00732421875,456000,0.0,0.0
2020-06-26 00:00:00+09:00,529.7867431640625,531.7132404119318,522.0807541725852,529.7867431640625,278200,0.0,0.0
2020-06-29 00:00:00+09:00,522.5722391183036,526.4720319475447,510.87286063058036,511.8478088378906,405200,6.6,0.0
2020-06-30 00:00:00+09:00,522.5722637719402,529.3969015450813,510.87288473226994,513.7977294921875,351400,0.0,0.0
2020-07-01 00:00:00+09:00,518.6725048456809,522.5722981151972,508.9230216718899,512.8228149414062,294200,0.0,0.0
2020-07-02 00:00:00+09:00,518.6724305350825,523.5471714235701,513.7976896465949,516.7225341796875,498100,0.0,0.0
2020-07-03 00:00:00+09:00,521.5972984848867,528.4219360351562,520.6223502634197,528.4219360351562,348000,0.0,0.0
2020-07-06 00:00:00+09:00,532.3217373206967,540.1213232155054,531.3467890838456,535.24658203125,377400,0.0,0.0
2020-07-07 00:00:00+09:00,541.0962650693696,541.0962650693696,534.2716274919181,537.1964721679688,246400,0.0,0.0
2020-07-08 00:00:00+09:00,539.1463436338257,551.8206699760314,537.1964472734863,544.9960327148438,485600,0.0,0.0
2020-07-09 00:00:00+09:00,545.9710061961207,547.9209026468211,535.2465757172683,537.1964721679688,293500,0.0,0.0
2020-07-10 00:00:00+09:00,537.1964358616051,542.0711766588973,529.3968505859375,529.3968505859375,289300,0.0,0.0
2020-07-13 00:00:00+09:00,538.1714162588968,550.845743091081,534.2716233874555,547.9208984375,401300,0.0,0.0
2020-07-14 00:00:00+09:00,545.9709998022153,550.8457408718779,536.2215176628899,539.1463623046875,347800,0.0,0.0
2020-07-15 00:00:00+09:00,544.9960265134108,547.9208710206384,541.0962338371073,546.9459228515625,275500,0.0,0.0
2020-07-16 00:00:00+09:00,544.0211097454203,545.9710061961207,536.2215239426185,537.1964721679688,196500,0.0,0.0
2020-07-17 00:00:00+09:00,539.1463813851477,540.1213296335837,528.4219506523509,533.2966918945312,187300,0.0,0.0
2020-07-20 00:00:00+09:00,531.3467557040128,537.1964447576349,525.4970666503906,536.2214965820312,186200,0.0,0.0
2020-07-21 00:00:00+09:00,536.2215341504078,552.795654296875,536.2215341504078,552.795654296875,359400,0.0,0.0
2020-07-22 00:00:00+09:00,552.7956670893234,554.7455636222663,544.9960809575516,548.8958740234375,277200,0.0,0.0
2020-07-27 00:00:00+09:00,546.9459774904946,548.8958740234375,542.0712361581373,548.8958740234375,123200,0.0,0.0
2020-07-28 00:00:00+09:00,549.8707673587901,550.845715527866,544.9960265134108,546.9459228515625,137400,0.0,0.0
2020-07-29 00:00:00+09:00,546.9459628853747,547.920911125812,539.1463769618756,544.0211181640625,135000,0.0,0.0
2020-07-30 00:00:00+09:00,543.0461363545044,549.8707736156921,542.0711881743347,544.9960327148438,222600,0.0,0.0
2020-07-31 00:00:00+09:00,546.9459565298898,555.7204905918667,543.0461636134556,545.9710083007812,412600,0.0,0.0
2020-08-03 00:00:00+09:00,550.8457705563804,551.8207188228519,544.0211326910802,548.8958740234375,267000,0.0,0.0
2020-08-04 00:00:00+09:00,550.8457473228717,558.6453331256735,535.2465757172683,537.1964721679688,379100,0.0,0.0
2020-08-05 00:00:00+09:00,539.1462892159097,548.8957700335573,538.171341134145,543.0460815429688,188700,0.0,0.0
2020-08-06 00:00:00+09:00,538.1713929332386,539.1463411088423,530.3718075284091,536.2214965820312,228000,0.0,0.0
2020-08-07 00:00:00+09:00,538.171399439504,547.920881313408,484.54924913303165,486.4991455078125,1050200,0.0,0.0
2020-08-11 00:00:00+09:00,487.47406908746296,500.148394883737,481.62438025841345,494.2987060546875,651600,0.0,0.0
2020-08-12 00:00:00+09:00,497.2236184855454,512.82279083019,496.2486702140051,510.8728942871094,455500,0.0,0.0
2020-08-13 00:00:00+09:00,518.6724869885207,520.6223835561467,503.0733144475126,508.9230041503906,461700,0.0,0.0
2020-08-14 00:00:00+09:00,512.8227686190561,526.4720438294491,512.8227686190561,517.697509765625,369100,0.0,0.0
2020-08-17 00:00:00+09:00,518.6725048456809,527.4470397020928,512.8228149414062,512.8228149414062,359900,0.0,0.0
2020-08-18 00:00:00+09:00,517.6974886113946,519.6473849903454,509.89790309559214,514.7726440429688,259600,0.0,0.0
2020-08-19 00:00:00+09:00,507.9480067166415,515.747592232444,504.04821395874023,514.7726440429688,329600,0.0,0.0
2020-08-20 00:00:00+09:00,506.9730504105002,508.9229467582329,498.1985168457031,498.1985168457031,418400,0.0,0.0
2020-08-21 00:00:00+09:00,504.0482469591289,513.7977294921875,503.07329870582305,513.7977294921875,273300,0.0,0.0
2020-08-24 00:00:00+09:00,514.7727115761645,519.6474531630599,509.897969989269,512.8228149414062,291400,0.0,0.0
2020-08-25 00:00:00+09:00,519.6474062242526,519.6474062242526,514.7726650776837,517.697509765625,200600,0.0,0.0
2020-08-26 00:00:00+09:00,518.672452674997,519.647400894311,507.9480222625441,509.8979187011719,309100,0.0,0.0
2020-08-27 00:00:00+09:00,508.9229682892677,509.89791650438127,500.1484343532459,501.1233825683594,315900,0.0,0.0
2020-08-28 00:00:00+09:00,504.0482217539912,505.0231699585444,487.47410227658725,493.32379150390625,935900,0.0,0.0
2020-08-31 00:00:00+09:00,497.22358432211894,497.22358432211894,492.34884329935306,493.32379150390625,424300,0.0,0.0
2020-09-01 00:00:00+09:00,495.27366007091933,502.0982971191406,492.3488156216816,502.0982971191406,344500,0.0,0.0
2020-09-02 00:00:00+09:00,504.0481872558594,504.0481872558594,499.1734465667311,504.0481872558594,216000,0.0,0.0
2020-09-03 00:00:00+09:00,504.04823038499023,505.0231786062378,499.1734892787524,500.1484375,280500,0.0,0.0
2020-09-04 00:00:00+09:00,487.474089977788,497.22357177734375,485.52419361787685,497.22357177734375,493100,0.0,0.0
2020-09-07 00:00:00+09:00,489.4240018032565,498.19853570012765,489.4240018032565,492.3488464355469,369200,0.0,0.0
2020-09-08 00:00:00+09:00,493.3237637714275,503.0732452688865,493.3237637714275,502.0982971191406,294700,0.0,0.0
2020-09-09 00:00:00+09:00,492.34884329935306,494.29873970845944,488.4490504811404,493.32379150390625,500300,0.0,0.0
2020-09-10 00:00:00+09:00,496.2486023310373,500.148394883737,492.3488097783376,494.2987060546875,489400,0.0,0.0
2020-09-11 00:00:00+09:00,494.2987481725146,502.0983339424951,491.3739035087719,500.1484375,552900,0.0,0.0
2020-09-14 00:00:00+09:00,501.1233397966186,505.99808045611877,501.1233397966186,505.02313232421875,340800,0.0,0.0
2020-09-15 00:00:00+09:00,502.09828792851863,505.99808045611877,500.14839166471853,505.02313232421875,210200,0.0,0.0
2020-09-16 00:00:00+09:00,506.97310120094824,512.82279083019,505.998152929408,510.8728942871094,335100,0.0,0.0
2020-09-17 00:00:00+09:00,516.7225404219193,522.5722295587713,511.8477994745428,514.7726440429688,391000,0.0,0.0
2020-09-18 00:00:00+09:00,521.5972800150405,535.2465546322564,518.6724354542084,534.2716064453125,745900,0.0,0.0
2020-09-23 00:00:00+09:00,537.1964323959626,542.0711731618062,533.2966397832878,540.1212768554688,471600,0.0,0.0
2020-09-24 00:00:00+09:00,536.22152822989,538.1714246961806,526.4720458984375,526.4720458984375,402100,0.0,0.0
2020-09-25 00:00:00+09:00,526.472033332376,538.1714118508731,526.472033332376,530.371826171875,827300,0.0,0.0
2020-09-28 00:00:00+09:00,537.1964658768225,540.12131051862,528.4219319514298,539.1463623046875,630800,0.0,0.0
2020-09-29 00:00:00+09:00,532.3217269517348,548.8958466553603,531.3467787338745,547.9208984375,747200,0.0,0.0
2020-09-30 00:00:00+09:00,545.9710256594036,545.9710256594036,531.3468017578125,531.3468017578125,516200,0.0,0.0
2020-10-02 00:00:00+09:00,532.3216986405222,535.246543138547,514.7726316523731,518.6724243164062,1784100,0.0,0.0
2020-10-05 00:00:00+09:00,516.7225778562213,532.3217500179186,516.7225778562213,531.3468017578125,402400,0.0,0.0
2020-10-06 00:00:00+09:00,536.2214781397538,547.9208558446212,536.2214781397538,542.0711669921875,664500,0.0,0.0
2020-10-07 00:00:00+09:00,532.3217225916246,534.2716190113741,526.472033332376,530.371826171875,594900,0.0,0.0
2020-10-08 00:00:00+09:00,534.2716274919181,541.0962650693696,531.3467828158674,537.1964721679688,312200,0.0,0.0
2020-10-09 00:00:00+09:00,536.2215239426185,538.171420393319,529.396886365167,537.1964721679688,609700,0.0,0.0
2020-10-12 00:00:00+09:00,539.1463644767571,548.8958466553603,536.2215198231761,547.9208984375,389600,0.0,0.0
2020-10-13 00:00:00+09:00,550.8457558471242,552.795652327999,544.0211181640625,544.0211181640625,293700,0.0,0.0
2020-10-14 00:00:00+09:00,543.0461151342597,547.9208558446212,540.121270708043,542.0711669921875,331200,0.0,0.0
2020-10-15 00:00:00+09:00,541.0962843588733,542.0712326189794,529.3969052376003,531.3468017578125,379600,0.0,0.0
2020-10-16 00:00:00+09:00,527.4469114619704,530.3717557029795,520.622274899616,523.547119140625,465300,0.0,0.0
2020-10-19 00:00:00+09:00,521.5972653102699,531.3467469048544,521.5972653102699,529.3968505859375,350900,0.0,0.0
2020-10-20 00:00:00+09:00,534.2716064453125,543.0461401278085,533.2966582583684,534.2716064453125,834800,0.0,0.0
2020-10-21 00:00:00+09:00,531.3467806995575,536.2215218068928,525.497091370755,528.4219360351562,474000,0.0,0.0
2020-10-22 00:00:00+09:00,528.4218534848243,531.3466976923049,522.5721650698632,525.4970092773438,619800,0.0,0.0
2020-10-23 00:00:00+09:00,522.5722529658565,528.421942364728,514.7726671006944,526.4720458984375,963500,0.0,0.0
2020-10-26 00:00:00+09:00,528.421942364728,532.321735297309,523.5472011990017,526.4720458984375,509000,0.0,0.0
2020-10-27 00:00:00+09:00,516.7225573775513,528.4219360351562,513.7977127131501,528.4219360351562,561600,0.0,0.0
2020-10-28 00:00:00+09:00,520.6223379281851,532.3217163085938,519.6473897298176,532.3217163085938,584300,0.0,0.0
2020-10-29 00:00:00+09:00,525.4970934637662,538.171420393319,524.522145238416,537.1964721679688,412400,0.0,0.0
2020-10-30 00:00:00+09:00,539.1463536971654,544.9960428873698,529.3968717134916,532.3217163085938,690500,0.0,0.0
2020-11-02 00:00:00+09:00,527.446963001598,539.1463411088423,526.4720148259943,536.2214965820312,769400,0.0,0.0
2020-11-04 00:00:00+09:00,528.4219101219846,557.6703553316886,522.5722210800438,555.720458984375,1048600,0.0,0.0
2020-11-05 00:00:00+09:00,563.5200722249349,587.893777770996,557.6703828938802,584.9689331054688,1334100,0.0,0.0
2020-11-06 00:00:00+09:00,580.0941375426225,585.943826324565,563.520019327119,583.0189819335938,1111300,0.0,0.0
2020-11-09 00:00:00+09:00,583.9939424148714,584.9688905658144,572.294564603555,579.1192016601562,652200,0.0,0.0
2020-11-10 00:00:00+09:00,582.0440821853587,587.8937714535532,571.3196518603353,586.9188232421875,860800,0.0,0.0
2020-11-11 00:00:00+09:00,589.8436553250052,600.5680854218234,584.968914371906,590.818603515625,927500,0.0,0.0
2020-11-12 00:00:00+09:00,590.8185997565716,603.4929261539899,588.868703387738,601.5430297851562,605100,0.0,0.0
2020-11-13 00:00:00+09:00,601.5430446023727,606.4177856445312,593.7434589349189,606.4177856445312,574900,0.0,0.0
2020-11-16 00:00:00+09:00,605.4428437263734,607.3927401634954,594.7184133222027,604.4678955078125,572800,0.0,0.0
2020-11-17 00:00:00+09:00,603.4929387402185,603.4929387402185,591.7935602832191,597.6432495117188,936600,0.0,0.0
2020-11-18 00:00:00+09:00,594.7183562310588,618.1171112303135,589.843615606214,613.2423706054688,766800,0.0,0.0
2020-11-19 00:00:00+09:00,611.2925141063361,611.2925141063361,600.5680840342951,610.3175659179688,843500,0.0,0.0
2020-11-20 00:00:00+09:00,612.2674286034689,612.2674286034689,604.4678435257177,611.29248046875,499000,0.0,0.0
2020-11-24 00:00:00+09:00,609.3426177296013,614.2173586714382,603.4929285993971,610.3175659179688,635400,0.0,0.0
2020-11-25 00:00:00+09:00,617.1421906970796,617.1421906970796,610.317553517175,614.2173461914062,540500,0.0,0.0
2020-11-26 00:00:00+09:00,615.1923635533691,621.0420532226562,610.3176221622964,621.0420532226562,539500,0.0,0.0
2020-11-27 00:00:00+09:00,622.9919056694628,638.591077016429,622.0169574602775,634.6912841796875,672000,0.0,0.0
2020-11-30 00:00:00+09:00,637.6161075168186,640.5409520467122,631.7664184570312,631.7664184570312,653500,0.0,0.0
2020-12-01 00:00:00+09:00,639.5660274621213,644.4407685250948,632.7413899739583,643.4658203125,767700,0.0,0.0
2020-12-02 00:00:00+09:00,646.3906586523142,649.3155032616007,639.5660212306458,645.4157104492188,493900,0.0,0.0
2020-12-03 00:00:00+09:00,640.5409360859728,646.390625,631.7664027149322,646.390625,601700,0.0,0.0
2020-12-04 00:00:00+09:00,648.3405617324984,674.6641634870509,646.3906653062353,671.7393188476562,1096900,0.0,0.0
2020-12-07 00:00:00+09:00,661.9898009447274,667.8394899074201,659.064956463381,663.939697265625,1788500,0.0,0.0
2020-12-08 00:00:00+09:00,665.8896049160184,681.4887757486044,661.9898122078719,679.5388793945312,1245300,0.0,0.0
2020-12-09 00:00:00+09:00,679.5388965633516,693.1881713867188,678.5639483616825,693.1881713867188,1409800,0.0,0.0
2020-12-10 00:00:00+09:00,692.2132107394558,698.0628998442963,683.4386770821951,697.0879516601562,910600,0.0,0.0
2020-12-11 00:00:00+09:00,699.0378542949575,701.9626988735974,681.4887868231175,695.1380615234375,642900,0.0,0.0
2020-12-14 00:00:00+09:00,696.1130391354383,707.8124179444372,687.338505028689,704.8875732421875,781200,0.0,0.0
2020-12-15 00:00:00+09:00,703.9125914178501,705.8624877929688,697.0879541049346,705.8624877929688,613500,0.0,0.0
2020-12-16 00:00:00+09:00,705.8624665449462,719.5117407599038,702.9376220703125,702.9376220703125,567100,0.0,0.0
2020-12-17 00:00:00+09:00,708.7872924804688,709.7622406131792,700.9877074187855,708.7872924804688,421000,0.0,0.0
2020-12-18 00:00:00+09:00,708.7872895052175,711.7121338910712,693.1881194473309,700.0127563476562,757000,0.0,0.0
2020-12-21 00:00:00+09:00,699.0378392106396,700.9877355543233,684.4136166330111,690.2633056640625,667200,0.0,0.0
2020-12-22 00:00:00+09:00,683.4386846809332,691.2382702407726,674.6641509261138,675.6390991210938,742400,0.0,0.0
2020-12-23 00:00:00+09:00,675.639074393584,688.3134004644593,672.7142299156897,683.4386596679688,588100,0.0,0.0
2020-12-24 00:00:00+09:00,685.3886065656732,696.113037109375,682.4637618719363,696.113037109375,663500,0.0,0.0
2020-12-25 00:00:00+09:00,696.1130223025388,698.0629187235543,690.2633330394922,691.23828125,677500,0.0,0.0
2020-12-28 00:00:00+09:00,701.9627179654349,704.8875626236243,685.3885982356954,689.2883911132812,2756700,0.0,0.0
2020-12-29 00:00:00+09:00,679.0533558238636,681.0216264204546,647.5610262784091,649.529296875,2691400,6.6,0.0
2020-12-30 00:00:00+09:00,655.4340729028249,678.0691835285982,650.5133966798307,671.1802368164062,976500,0.0,0.0
2021-01-04 00:00:00+09:00,677.0850991723745,677.0850991723745,639.6879570669236,646.576904296875,544300,0.0,0.0
2021-01-05 00:00:00+09:00,648.5451974693251,651.4976035276073,641.65625,641.65625,339900,0.0,0.0
2021-01-06 00:00:00+09:00,647.5610307105937,661.3389249810318,637.7196776602807,648.545166015625,363500,0.0,0.0
2021-01-07 00:00:00+09:00,650.5134188967053,655.4340952877545,648.5451483402857,652.481689453125,296100,0.0,0.0
2021-01-08 00:00:00+09:00,650.5134485956448,659.3706665039062,648.5451779493645,659.3706665039062,263500,0.0,0.0
2021-01-12 00:00:00+09:00,656.4182757016894,656.4182757016894,642.640380859375,642.640380859375,190400,0.0,0.0
2021-01-13 00:00:00+09:00,642.6403554044028,642.6403554044028,627.8783258009327,634.7672729492188,219600,0.0,0.0
2021-01-14 00:00:00+09:00,634.7672729492188,640.6720847906068,630.8307317216266,634.7672729492188,191300,0.0,0.0
2021-01-15 00:00:00+09:00,638.7037571498327,638.7037571498327,620.0051879882812,620.0051879882812,269200,0.0,0.0
2021-01-18 00:00:00+09:00,615.084524930379,620.9893363697106,612.1321192107132,617.0527954101562,163100,0.0,0.0
2021-01-19 00:00:00+09:00,621.9734764348448,621.9734764348448,600.322500989328,602.290771484375,298600,0.0,0.0
2021-01-20 00:00:00+09:00,607.2114647377725,613.116276388383,605.2431941875691,612.1321411132812,241400,0.0,0.0
2021-01-21 00:00:00+09:00,616.0686645507812,621.9734760320986,613.1162588101225,616.0686645507812,219600,0.0,0.0
2021-01-22 00:00:00+09:00,620.0052829958358,629.8466366941824,620.0052829958358,625.9100952148438,307400,0.0,0.0
2021-01-25 00:00:00+09:00,635.7514290065941,643.62451171875,628.8624816334576,643.62451171875,461600,0.0,0.0
2021-01-26 00:00:00+09:00,643.6244727841512,643.6244727841512,628.8624435918541,638.7037963867188,203400,0.0,0.0
2021-01-27 00:00:00+09:00,645.5927914110429,650.5134681748466,639.6879792944785,641.65625,179300,0.0,0.0
2021-01-28 00:00:00+09:00,631.8148670285246,642.6403554044028,628.8624611078307,634.7672729492188,284500,0.0,0.0
2021-01-29 00:00:00+09:00,627.8783270447454,634.7672742066784,618.0369739562698,620.9893798828125,240900,0.0,0.0
2021-02-01 00:00:00+09:00,615.084524930379,620.9893363697106,613.1162544506018,617.0527954101562,149300,0.0,0.0
2021-02-02 00:00:00+09:00,615.0845205707915,621.9734672011843,614.1003853378782,618.0369262695312,247400,0.0,0.0
2021-02-03 00:00:00+09:00,612.1322088873349,623.9418334960938,611.1480735032716,623.9418334960938,407400,0.0,0.0
2021-02-04 00:00:00+09:00,614.1004796554613,626.8942396482835,614.1004796554613,623.9418334960938,193400,0.0,0.0
2021-02-05 00:00:00+09:00,630.8307229090696,639.6879405474184,628.8624523227697,636.7355346679688,320600,0.0,0.0
2021-02-08 00:00:00+09:00,639.6879792944785,644.6086560582822,638.7038439417178,641.65625,280000,0.0,0.0
2021-02-09 00:00:00+09:00,649.5293192390268,649.5293192390268,633.7831539241413,644.608642578125,241700,0.0,0.0
2021-02-10 00:00:00+09:00,640.6721028582355,642.6403735275388,628.8624788424155,630.8307495117188,587500,0.0,0.0
2021-02-12 00:00:00+09:00,630.8307229090696,636.7355346679688,615.0845582186715,636.7355346679688,502800,0.0,0.0
2021-02-15 00:00:00+09:00,539.306168532286,555.0523340368784,538.3220331882491,549.1475219726562,1429500,0.0,0.0
2021-02-16 00:00:00+09:00,541.274396435018,554.0681548962094,529.4647732400722,545.2109375,1520300,0.0,0.0
2021-02-17 00:00:00+09:00,546.195087113194,546.195087113194,522.5758401028936,528.4806518554688,935500,0.0,0.0
2021-02-18 00:00:00+09:00,525.5282707438311,525.5282707438311,502.8931579589844,502.8931579589844,879700,0.0,0.0
2021-02-19 00:00:00+09:00,502.8931401817544,509.78208730753187,497.9724636633419,506.8296813964844,518900,0.0,0.0
2021-02-22 00:00:00+09:00,506.82969031975284,508.7979609617713,496.00420178865136,504.8614196777344,517400,0.0,0.0
2021-02-24 00:00:00+09:00,496.0041764967512,503.8772586633663,493.05177068427054,496.9883117675781,525800,0.0,0.0
2021-02-25 00:00:00+09:00,505.8455292050201,505.8455292050201,496.0041764967512,496.9883117675781,423200,0.0,0.0
2021-02-26 00:00:00+09:00,493.05177996235506,496.0041858303931,485.17869764758694,488.131103515625,521900,0.0,0.0
2021-03-01 00:00:00+09:00,495.0200796688304,504.8614331413718,494.03594432157627,501.9090270996094,324900,0.0,0.0
2021-03-02 00:00:00+09:00,509.78206517146185,512.7344709543081,500.9248478229229,511.7503356933594,500600,0.0,0.0
2021-03-03 00:00:00+09:00,505.84555499874364,507.8138256407621,497.9724724306698,504.8614196777344,342900,0.0,0.0
2021-03-04 00:00:00+09:00,495.0200621014903,506.82968584943836,494.0359267891613,505.8455505371094,240900,0.0,0.0
2021-03-05 00:00:00+09:00,505.84552412766675,511.7503356933594,499.9407125619742,511.7503356933594,271900,0.0,0.0
2021-03-08 00:00:00+09:00,513.7186466821719,514.7027820206436,501.9090226205128,502.8931579589844,276300,0.0,0.0
2021-03-09 00:00:00+09:00,506.82971874722045,518.6393432617188,506.82971874722045,518.6393432617188,387200,0.0,0.0
2021-03-10 00:00:00+09:00,519.6233823926344,523.5599231683361,511.75030084123085,512.7344360351562,282000,0.0,0.0
2021-03-11 00:00:00+09:00,514.702801756886,521.5917493903434,511.7503956282614,518.6393432617188,201700,0.0,0.0
2021-03-12 00:00:00+09:00,521.5917313570357,522.5758666992188,512.7345132773879,522.5758666992188,245400,0.0,0.0
2021-03-15 00:00:00+09:00,523.5600155917081,525.5282863270153,516.671068018133,519.6234741210938,426300,0.0,0.0
2021-03-16 00:00:00+09:00,521.5916960933876,531.4330488498666,519.6234255420918,530.4489135742188,334100,0.0,0.0
2021-03-17 00:00:00+09:00,532.4172007520776,540.290283203125,531.4330654456967,540.290283203125,302300,0.0,0.0
2021-03-18 00:00:00+09:00,540.2902787642046,547.1792258522727,536.3537375710227,541.2744140625,385800,0.0,0.0
2021-03-19 00:00:00+09:00,543.2426749185623,557.0205688476562,540.2902690766135,557.0205688476562,535900,0.0,0.0
2021-03-22 00:00:00+09:00,547.1792512845823,555.0523340368784,542.2585745643971,549.1475219726562,326300,0.0,0.0
2021-03-23 00:00:00+09:00,551.1157761177008,551.1157761177008,539.30615234375,539.30615234375,270300,0.0,0.0
2021-03-24 00:00:00+09:00,536.3537477643303,537.337883081329,525.5282592773438,525.5282592773438,305900,0.0,0.0
2021-03-25 00:00:00+09:00,540.2902611687726,549.147478564982,536.3537201037907,545.2109375,404200,0.0,0.0
2021-03-26 00:00:00+09:00,557.0205688476562,561.9412452509041,548.1633513218101,557.0205688476562,520400,0.0,0.0
2021-03-29 00:00:00+09:00,560.9571415281893,561.9412768642037,541.2744348079019,550.1316528320312,432700,0.0,0.0
2021-03-30 00:00:00+09:00,549.1474964488636,549.1474964488636,539.3061434659091,541.2744140625,218500,0.0,0.0
2021-03-31 00:00:00+09:00,537.3379041134323,541.2744455355088,533.4013626913559,534.385498046875,192800,0.0,0.0
2021-04-01 00:00:00+09:00,534.3854757712705,542.2585582872377,534.3854757712705,539.30615234375,134100,0.0,0.0
2021-04-02 00:00:00+09:00,544.2267934675697,550.1316049699303,542.2585229667828,547.17919921875,148200,0.0,0.0
2021-04-05 00:00:00+09:00,547.1792512845823,549.1475219726562,543.2427099084341,549.1475219726562,109600,0.0,0.0
2021-04-06 00:00:00+09:00,548.163356663311,553.0840331145077,536.353733180439,542.258544921875,178900,0.0,0.0
2021-04-07 00:00:00+09:00,546.1950595931048,550.1316005631452,542.2585186230644,548.163330078125,148700,0.0,0.0
2021-04-08 00:00:00+09:00,547.1792348597172,547.1792348597172,537.3378817147583,539.30615234375,131100,0.0,0.0
2021-04-09 00:00:00+09:00,546.1951159405452,554.0681986928414,542.2585745643971,549.1475219726562,251700,0.0,0.0
2021-04-12 00:00:00+09:00,549.1475174960169,551.1157881680456,543.2427054799307,550.1316528320312,129500,0.0,0.0
2021-04-13 00:00:00+09:00,551.1157926607303,553.0840633488043,548.1633866286193,549.1475219726562,157400,0.0,0.0
2021-04-14 00:00:00+09:00,552.0998710481654,555.0522767756956,546.1950595931048,548.163330078125,109900,0.0,0.0
2021-04-15 00:00:00+09:00,546.1951070513044,551.1157836914062,546.1951070513044,551.1157836914062,97200,0.0,0.0
2021-04-16 00:00:00+09:00,550.131618285912,550.131618285912,543.2426713664105,544.226806640625,134700,0.0,0.0
2021-04-19 00:00:00+09:00,544.2267934675697,548.1633344691435,542.2585229667828,547.17919921875,124300,0.0,0.0
2021-04-20 00:00:00+09:00,541.2744229727418,549.1475054887089,535.3696110857665,539.30615234375,233900,0.0,0.0
2021-04-21 00:00:00+09:00,531.4330830705276,539.3061657826835,528.4806770534691,536.353759765625,232300,0.0,0.0
2021-04-22 00:00:00+09:00,541.2744096316356,548.163356663311,535.3695978901997,542.258544921875,170300,0.0,0.0
2021-04-23 00:00:00+09:00,545.2109687428588,545.2109687428588,537.3378861617344,538.322021484375,147900,0.0,0.0
2021-04-26 00:00:00+09:00,540.290296617445,541.2744319482601,533.40134930174,537.337890625,146000,0.0,0.0
2021-04-27 00:00:00+09:00,537.3379041134323,541.2744455355088,534.385498046875,534.385498046875,175200,0.0,0.0
2021-04-28 00:00:00+09:00,536.353759765625,539.3061657826835,533.4013537485665,536.353759765625,196000,0.0,0.0
2021-04-30 00:00:00+09:00,534.3854757712705,545.2109642307254,534.3854757712705,539.30615234375,304000,0.0,0.0
2021-05-06 00:00:00+09:00,536.353759765625,544.226842477781,534.385489087586,536.353759765625,248600,0.0,0.0
2021-05-07 00:00:00+09:00,541.2744455355088,542.2585808910278,531.4330919803177,534.385498046875,179600,0.0,0.0
2021-05-10 00:00:00+09:00,537.337833744069,564.8936200899187,537.337833744069,563.9094848632812,704800,0.0,0.0
2021-05-11 00:00:00+09:00,556.0364665460149,563.9095492581708,535.3696244266056,536.353759765625,516200,0.0,0.0
2021-05-12 00:00:00+09:00,538.322009300118,540.2902799008498,525.5282503953621,527.4965209960938,295000,0.0,0.0
2021-05-13 00:00:00+09:00,523.5599930926068,535.3696169969512,518.6393164657965,524.5441284179688,341700,0.0,0.0
2021-05-14 00:00:00+09:00,530.4489313713858,534.3854726060529,524.5441195193853,526.5123901367188,144200,0.0,0.0
2021-05-17 00:00:00+09:00,527.496552494388,530.448958571782,518.6393342622061,520.6076049804688,188600,0.0,0.0
2021-05-18 00:00:00+09:00,523.5599842107184,529.4647960627191,523.5599842107184,526.5123901367188,146500,0.0,0.0
2021-05-19 00:00:00+09:00,520.6075960148526,525.528272725768,519.6234606726695,522.5758666992188,180500,0.0,0.0
2021-05-20 00:00:00+09:00,520.6075608177397,533.4013194011625,520.6075608177397,530.4489135742188,163400,0.0,0.0
2021-05-21 00:00:00+09:00,528.4806607540522,531.4330666800525,524.5441195193853,526.5123901367188,154600,0.0,0.0
2021-05-24 00:00:00+09:00,526.5124152027222,538.3220394689514,524.5441444916839,534.385498046875,203100,0.0,0.0
2021-05-25 00:00:00+09:00,541.2744592737268,541.2744592737268,530.4489700882524,531.43310546875,131600,0.0,0.0
2021-05-26 00:00:00+09:00,532.4172019887193,532.4172019887193,525.528254828052,526.5123901367188,105100,0.0,0.0
2021-05-27 00:00:00+09:00,523.560029296875,526.5124354771206,516.6710815429688,516.6710815429688,366300,0.0,0.0
2021-05-28 00:00:00+09:00,522.5758666992188,524.5441373835849,516.6710546461203,522.5758666992188,194400,0.0,0.0
2021-05-31 00:00:00+09:00,523.5600339001372,527.4965755084089,515.6869506835938,515.6869506835938,162100,0.0,0.0
2021-06-01 00:00:00+09:00,516.6710815429688,521.5917585100447,513.7186753627232,516.6710815429688,133600,0.0,0.0
2021-06-02 00:00:00+09:00,517.6551561981555,519.623426754042,509.7820739746094,509.7820739746094,243500,0.0,0.0
2021-06-03 00:00:00+09:00,508.79800735969616,514.7028198242188,507.8138719489424,514.7028198242188,158700,0.0,0.0
2021-06-04 00:00:00+09:00,511.75030084123085,515.6868416169326,510.7661656473054,512.7344360351562,124800,0.0,0.0
2021-06-07 00:00:00+09:00,512.7344709543081,514.7027414762057,511.7503356933594,511.7503356933594,116400,0.0,0.0
2021-06-08 00:00:00+09:00,511.75030084123085,515.6868416169326,511.75030084123085,512.7344360351562,134100,0.0,0.0
2021-06-09 00:00:00+09:00,513.7186798794579,520.6076276939334,513.7186798794579,515.6869506835938,84200,0.0,0.0
2021-06-10 00:00:00+09:00,515.6868985347821,516.6710338373294,511.7503573245929,513.7186279296875,115400,0.0,0.0
2021-06-11 00:00:00+09:00,515.6869416327531,519.6234831719345,515.6869416327531,517.6552124023438,163200,0.0,0.0
2021-06-14 00:00:00+09:00,516.6710860856617,517.6552214877296,511.75040907532207,515.6869506835938,87700,0.0,0.0
2021-06-15 00:00:00+09:00,515.6869552349725,518.6393614672338,513.718684413465,514.7028198242188,111900,0.0,0.0
2021-06-16 00:00:00+09:00,515.6869193039372,523.5600020414018,515.6869193039372,522.5758666992188,121600,0.0,0.0
2021-06-17 00:00:00+09:00,519.623478637927,523.5600201427598,517.6552078855105,518.6393432617188,82300,0.0,0.0
2021-06-18 00:00:00+09:00,523.5599633365697,524.5440986059994,510.7662048339844,510.7662048339844,206000,0.0,0.0
2021-06-21 00:00:00+09:00,506.82970837666153,509.78211444487505,500.9248962402344,500.9248962402344,251200,0.0,0.0
2021-06-22 00:00:00+09:00,512.7344709543081,515.6868767371544,507.8137946495643,511.7503356933594,206500,0.0,0.0
2021-06-23 00:00:00+09:00,511.75034010341403,519.6234222588512,508.7979342951251,510.7662048339844,195600,0.0,0.0
2021-06-24 00:00:00+09:00,509.7820917864254,512.7344977234123,504.86141522478033,505.8455505371094,130800,0.0,0.0
2021-06-25 00:00:00+09:00,509.7821007966995,509.7821007966995,503.8772888183594,503.8772888183594,170500,0.0,0.0
2021-06-28 00:00:00+09:00,504.86142414808273,505.8455594778061,500.9248828291893,503.8772888183594,181700,0.0,0.0
2021-06-29 00:00:00+09:00,504.3727316856384,509.3272771835327,503.38182258605957,507.345458984375,174100,3.5,0.0
2021-06-30 00:00:00+09:00,513.2908968602666,523.1999875332447,511.30907872567093,512.2999877929688,244600,0.0,0.0
2021-07-01 00:00:00+09:00,512.2999877929688,514.2818059275644,510.31816965837317,512.2999877929688,118400,0.0,0.0
2021-07-02 00:00:00+09:00,512.3000318739149,518.2454867892795,511.30912272135413,517.2545776367188,124900,0.0,0.0
2021-07-05 00:00:00+09:00,515.2727083709658,518.2454355346445,514.2817993164062,514.2817993164062,82700,0.0,0.0
2021-07-06 00:00:00+09:00,516.2636141263522,517.2545231745793,513.2908869816706,515.272705078125,79200,0.0,0.0
2021-07-07 00:00:00+09:00,514.2817960298978,517.2545231745793,512.2999779334435,515.272705078125,106500,0.0,0.0
2021-07-08 00:00:00+09:00,513.2909035099362,517.2545398304763,510.31817626953125,510.31817626953125,214800,0.0,0.0
2021-07-09 00:00:00+09:00,507.34544501972385,508.336354092028,497.4363542966824,502.3908996582031,423800,0.0,0.0
2021-07-12 00:00:00+09:00,510.31815658832926,517.2545198817628,507.345429462572,516.2636108398438,263900,0.0,0.0
2021-07-13 00:00:00+09:00,518.245476655506,521.2182040550595,516.2636583891369,520.227294921875,239500,0.0,0.0
2021-07-14 00:00:00+09:00,515.2727017979247,519.236337965601,512.2999746721674,516.2636108398438,167700,0.0,0.0
2021-07-15 00:00:00+09:00,517.2545465837445,518.2454556768168,508.33636474609375,508.33636474609375,223000,0.0,0.0
2021-07-16 00:00:00+09:00,507.3454724409449,507.3454724409449,502.3909268116388,503.3818359375,370700,0.0,0.0
2021-07-19 00:00:00+09:00,501.399997220181,502.3909063055964,497.4363608785195,500.4090881347656,273300,0.0,0.0
2021-07-20 00:00:00+09:00,498.42727995488747,499.41818906016556,496.4454617443312,497.4363708496094,215900,0.0,0.0
2021-07-21 00:00:00+09:00,501.399990585899,505.3636268751156,498.42726336898653,502.3908996582031,272800,0.0,0.0
2021-07-26 00:00:00+09:00,507.3454656862745,509.3272839116115,503.3818292356005,505.3636474609375,175900,0.0,0.0
2021-07-27 00:00:00+09:00,505.3636275890262,511.30908203125,504.37271851532216,511.30908203125,184800,0.0,0.0
2021-07-28 00:00:00+09:00,506.354546017117,507.345455109127,499.4181823730469,499.4181823730469,283900,0.0,0.0
2021-07-29 00:00:00+09:00,499.41819610295926,505.36365081847066,498.42728698370735,504.37274169921875,142000,0.0,0.0
2021-07-30 00:00:00+09:00,500.4090914650569,503.38181874108693,497.43636418902685,499.4181823730469,388000,0.0,0.0
2021-08-02 00:00:00+09:00,499.418182908443,508.33636474609375,499.418182908443,508.33636474609375,339800,0.0,0.0
2021-08-03 00:00:00+09:00,506.3545359474197,509.3272631643321,501.399990585899,502.3908996582031,127200,0.0,0.0
2021-08-04 00:00:00+09:00,505.3636541892225,505.3636541892225,499.4181994340551,503.3818359375,107200,0.0,0.0
2021-08-05 00:00:00+09:00,499.4181823730469,505.36363692510696,498.4272732810369,499.4181823730469,171600,0.0,0.0
2021-08-06 00:00:00+09:00,501.40001064765,502.3909197596019,495.4545559759387,496.4454650878906,264000,0.0,0.0
2021-08-10 00:00:00+09:00,496.44545509701686,502.39090964907695,496.44545509701686,499.4181823730469,318900,0.0,0.0
2021-08-11 00:00:00+09:00,501.4000143414631,514.2818328917378,501.4000143414631,504.37274169921875,327700,0.0,0.0
2021-08-12 00:00:00+09:00,500.4090914650569,505.36363692510696,496.44545509701686,499.4181823730469,255900,0.0,0.0
2021-08-13 00:00:00+09:00,500.40910522221117,504.37274169921875,498.42728698370735,504.37274169921875,255100,0.0,0.0
2021-08-16 00:00:00+09:00,504.37273120311335,504.37273120311335,497.4363675126973,498.4272766113281,204300,0.0,0.0
2021-08-17 00:00:00+09:00,502.3909163759999,504.3727345865561,497.4363708496094,497.4363708496094,143100,0.0,0.0
2021-08-18 00:00:00+09:00,497.4363608785195,500.4090881347656,495.45454270768874,500.4090881347656,241000,0.0,0.0
2021-08-19 00:00:00+09:00,496.4454684448242,498.4272866821289,495.4545593261719,495.4545593261719,187400,0.0,0.0
2021-08-20 00:00:00+09:00,496.4454617443312,500.40909816544365,494.46364353377504,497.4363708496094,385600,0.0,0.0
2021-08-23 00:00:00+09:00,498.4272732810369,501.4000005570669,496.44545509701686,499.4181823730469,277900,0.0,0.0
2021-08-24 00:00:00+09:00,501.399997220181,502.3909063055964,497.4363608785195,500.4090881347656,249200,0.0,0.0
2021-08-25 00:00:00+09:00,503.38183257996684,506.35455993772257,499.41819610295926,504.37274169921875,409900,0.0,0.0
2021-08-26 00:00:00+09:00,502.390923460715,505.36365081847066,499.41819610295926,504.37274169921875,253000,0.0,0.0
2021-08-27 00:00:00+09:00,505.36364411654534,507.3454623287671,502.39091679821274,506.35455322265625,368300,0.0,0.0
2021-08-30 00:00:00+09:00,507.3454761904762,520.227294921875,506.35456705729166,520.227294921875,479100,0.0,0.0
2021-08-31 00:00:00+09:00,517.2545675223214,525.1818405877976,512.3000218563988,520.227294921875,311400,0.0,0.0
2021-09-01 00:00:00+09:00,526.1727261650831,530.1363625203757,523.1999988986137,527.1636352539062,337500,0.0,0.0
2021-09-02 00:00:00+09:00,525.1818270764414,528.1545543995156,523.2000088610586,524.19091796875,354400,0.0,0.0
2021-09-03 00:00:00+09:00,516.263648408832,527.1636486631451,516.263648408832,523.2000122070312,972200,0.0,0.0
2021-09-06 00:00:00+09:00,524.1909079874368,528.1545443427293,522.2090898097906,527.1636352539062,361300,0.0,0.0
2021-09-07 00:00:00+09:00,530.1363525390625,535.0908978898949,528.1545343987295,530.1363525390625,376100,0.0,0.0
2021-09-08 00:00:00+09:00,530.1363492367873,535.0908945567572,527.1636220448053,531.1272583007812,261400,0.0,0.0
2021-09-09 00:00:00+09:00,531.1272783387383,532.1181874401165,523.2000055277123,525.1818237304688,243000,0.0,0.0
2021-09-10 00:00:00+09:00,519.2363527672313,530.1363525390625,519.2363527672313,530.1363525390625,748700,0.0,0.0
2021-09-13 00:00:00+09:00,526.1727402236435,542.0272860684238,526.1727402236435,541.036376953125,418600,0.0,0.0
2021-09-14 00:00:00+09:00,543.0181719209144,551.9363535765498,542.0272628480659,547.9727172851562,254800,0.0,0.0
2021-09-15 00:00:00+09:00,545.0000100423475,545.0000100423475,539.0545553873401,542.0272827148438,200500,0.0,0.0
2021-09-16 00:00:00+09:00,547.9727480199414,556.8909301757812,545.0000206346614,556.8909301757812,501300,0.0,0.0
2021-09-17 00:00:00+09:00,560.8545671134159,574.727294921875,547.9727484341325,574.727294921875,963700,0.0,0.0
2021-09-21 00:00:00+09:00,561.8454326596468,576.7090684442935,557.8817964504076,569.772705078125,622000,0.0,0.0
2021-09-22 00:00:00+09:00,572.7454624782603,575.7181897921613,560.8545532226562,560.8545532226562,424600,0.0,0.0
2021-09-24 00:00:00+09:00,575.7182142234551,575.7182142234551,562.836395316562,571.7545776367188,1073900,0.0,0.0
2021-09-27 00:00:00+09:00,572.7454556747222,573.736364767585,561.8454556532309,562.8363647460938,439900,0.0,0.0
2021-09-28 00:00:00+09:00,565.8091055146346,568.7818328640985,552.9272870002909,558.8727416992188,459500,0.0,0.0
2021-09-29 00:00:00+09:00,551.9363485339633,567.7908935546875,549.9545304063727,567.7908935546875,802300,0.0,0.0
2021-09-30 00:00:00+09:00,564.8181630842362,571.7545264905339,558.8727087359811,568.7817993164062,547600,0.0,0.0
2021-10-01 00:00:00+09:00,568.7818466186524,568.7818466186524,549.9545729500907,554.9091186523438,1694400,0.0,0.0
2021-10-04 00:00:00+09:00,557.8818460736956,562.8363917759486,553.9182095118931,554.9091186523438,449400,0.0,0.0
2021-10-05 00:00:00+09:00,548.9636601400639,548.9636601400639,532.1182048650078,538.0636596679688,500700,0.0,0.0
2021-10-06 00:00:00+09:00,540.0454847297034,547.9727579000477,532.1182115593591,536.0818481445312,352600,0.0,0.0
2021-10-07 00:00:00+09:00,536.0818447662016,544.009117886589,535.0909356261532,537.07275390625,231200,0.0,0.0
2021-10-08 00:00:00+09:00,545.9909124322276,548.9636397231471,542.0272760443348,544.0090942382812,429700,0.0,0.0
2021-10-11 00:00:00+09:00,545.0000140683871,558.8727416992188,544.0091049518991,558.8727416992188,205000,0.0,0.0
2021-10-12 00:00:00+09:00,552.9272559913429,554.9090741131756,549.9545288085938,549.9545288085938,214300,0.0,0.0
2021-10-13 00:00:00+09:00,553.9181617352602,554.9090707902428,550.9454345703125,550.9454345703125,157800,0.0,0.0
2021-10-14 00:00:00+09:00,548.9636164603473,551.9363436252951,545.9908892953996,550.9454345703125,234100,0.0,0.0
2021-10-15 00:00:00+09:00,556.8909101889167,565.8090920246823,552.9272738174653,562.8363647460938,358200,0.0,0.0
2021-10-18 00:00:00+09:00,567.7909343502064,573.7363891601562,565.8091160802231,573.7363891601562,237000,0.0,0.0
2021-10-19 00:00:00+09:00,571.7545398377536,572.7454489189281,563.8272671883566,564.8181762695312,230300,0.0,0.0
2021-10-20 00:00:00+09:00,562.8363781651707,566.8000146311226,558.8727416992188,558.8727416992188,223000,0.0,0.0
2021-10-21 00:00:00+09:00,559.8636575610612,562.8363849463412,555.9000210473546,556.8909301757812,126000,0.0,0.0
2021-10-22 00:00:00+09:00,551.9363436252951,554.9090707902428,548.9636164603473,550.9454345703125,291700,0.0,0.0
2021-10-25 00:00:00+09:00,550.9454445037014,555.8999898679433,547.9727172851562,547.9727172851562,262100,0.0,0.0
2021-10-26 00:00:00+09:00,548.9636164603473,555.8999798452254,547.9727074053648,550.9454345703125,202500,0.0,0.0
2021-10-27 00:00:00+09:00,554.9091220371198,561.8454860625839,545.9909397186661,553.918212890625,702100,0.0,0.0
2021-10-28 00:00:00+09:00,544.9999933657439,549.9545387599779,537.0727207349694,546.9818115234375,862000,0.0,0.0
2021-10-29 00:00:00+09:00,544.0091042990213,546.9818316449175,538.0636496072286,541.036376953125,529300,0.0,0.0
2021-11-01 00:00:00+09:00,545.9908991394594,548.9636263580046,543.0181719209144,547.9727172851562,586700,0.0,0.0
2021-11-02 00:00:00+09:00,546.9818350415711,547.9727441630232,539.054562069954,540.0454711914062,438500,0.0,0.0
2021-11-04 00:00:00+09:00,548.9636164603473,550.9454345703125,544.0090711854344,550.9454345703125,445000,0.0,0.0
2021-11-05 00:00:00+09:00,552.9272493811013,554.9090674792415,546.9817950866809,551.9363403320312,308900,0.0,0.0
2021-11-08 00:00:00+09:00,551.9363569176716,551.9363569176716,539.054538892663,546.9818115234375,595000,0.0,0.0
2021-11-09 00:00:00+09:00,548.9636213425774,576.7090751288449,548.9636213425774,567.7908935546875,956700,0.0,0.0
2021-11-10 00:00:00+09:00,565.8090987458246,573.736371582894,559.8636441180226,560.8545532226562,370300,0.0,0.0
2021-11-11 00:00:00+09:00,562.8363853717673,574.727294921875,562.8363853717673,574.727294921875,353200,0.0,0.0
2021-11-12 00:00:00+09:00,575.7182011930691,593.5545654296875,574.7272920688126,593.5545654296875,651600,0.0,0.0
2021-11-15 00:00:00+09:00,603.4636538607402,612.3818359375,602.4727447411003,612.3818359375,672200,0.0,0.0
2021-11-16 00:00:00+09:00,607.4273000745917,607.4273000745917,588.6000264996859,591.57275390625,703000,0.0,0.0
2021-11-17 00:00:00+09:00,591.5727249440494,591.5727249440494,562.836361420804,563.8272705078125,937400,0.0,0.0
2021-11-18 00:00:00+09:00,560.8545803493923,563.8273078070746,549.9545796712239,552.9273071289062,515400,0.0,0.0
2021-11-19 00:00:00+09:00,549.954555588187,550.945464697355,536.0818280598363,542.0272827148438,714900,0.0,0.0
2021-11-22 00:00:00+09:00,536.0818341307668,542.0272888531043,520.2272882045334,522.2091064453125,862600,0.0,0.0
2021-11-24 00:00:00+09:00,521.218169398649,526.1727147351381,510.31816965837317,512.2999877929688,695600,0.0,0.0
2021-11-25 00:00:00+09:00,517.2545602494935,517.2545602494935,502.390923460715,504.37274169921875,643000,0.0,0.0
2021-11-26 00:00:00+09:00,504.3727345865561,504.3727345865561,494.46364353377504,497.4363708496094,672200,0.0,0.0
2021-11-29 00:00:00+09:00,489.5090869692072,498.4272687156097,480.5909052228046,482.5727233886719,728300,0.0,0.0
2021-11-30 00:00:00+09:00,488.5181704203288,497.4363520304362,474.6454434712728,475.6363525390625,796200,0.0,0.0
2021-12-01 00:00:00+09:00,477.61819794272185,481.5818344401718,468.7000158234594,476.6272888183594,635900,0.0,0.0
2021-12-02 00:00:00+09:00,476.6272783460115,478.6090965511924,468.7000055252878,470.68182373046875,731500,0.0,0.0
2021-12-03 00:00:00+09:00,470.68181439346847,482.5727233886719,468.6999962276012,482.5727233886719,447800,0.0,0.0
2021-12-06 00:00:00+09:00,482.5727193748777,482.5727193748777,472.6636286279603,474.64544677734375,497700,0.0,0.0
2021-12-07 00:00:00+09:00,476.6272727272727,491.4909090909091,476.6272727272727,490.5,487800,0.0,0.0
2021-12-08 00:00:00+09:00,498.42729006597176,499.41819919135145,492.4818353136938,494.4636535644531,499000,0.0,0.0
2021-12-09 00:00:00+09:00,500.40909090909093,500.40909090909093,490.5,490.5,918200,0.0,0.0
2021-12-10 00:00:00+09:00,490.49999268328554,490.49999268328554,481.5818109981349,483.5636291503906,537300,0.0,0.0
2021-12-13 00:00:00+09:00,482.5727233886719,488.5181778862736,480.5909052228046,482.5727233886719,335800,0.0,0.0
2021-12-14 00:00:00+09:00,482.57274356453433,484.5545618132593,476.6272888183594,476.6272888183594,596700,0.0,0.0
2021-12-15 00:00:00+09:00,476.62727547871697,483.5636391551224,474.6454572854583,480.5909118652344,584700,0.0,0.0
2021-12-16 00:00:00+09:00,484.5545516211139,485.5454607246336,478.6090969999959,479.6000061035156,405800,0.0,0.0
2021-12-17 00:00:00+09:00,476.62726346427604,476.62726346427604,456.80908203125,456.80908203125,1416400,0.0,0.0
2021-12-20 00:00:00+09:00,453.836360812717,461.7636334906684,444.9181790500217,445.9090881347656,796600,0.0,0.0
2021-12-21 00:00:00+09:00,449.87274142490344,451.854559669066,437.981831959928,440.9545593261719,1136300,0.0,0.0
2021-12-22 00:00:00+09:00,440.9545626941028,444.91819921270144,435.00910791620475,439.9636535644531,939900,0.0,0.0
2021-12-23 00:00:00+09:00,440.9545394322296,449.8727211286118,437.9818122001022,446.8999938964844,822600,0.0,0.0
2021-12-24 00:00:00+09:00,448.8818357313001,449.8727448609498,437.98183530515377,439.9636535644531,617900,0.0,0.0
2021-12-27 00:00:00+09:00,439.963625578287,440.9545346449048,427.0818077122561,430.0545349121094,974700,0.0,0.0
2021-12-28 00:00:00+09:00,431.04545454545456,436.0,429.06363636363636,436.0,1946300,0.0,0.0
2021-12-29 00:00:00+09:00,436.0,440.0,431.0,439.0,2615700,4.0,0.0
2021-12-30 00:00:00+09:00,440.0,442.0,434.0,436.0,424400,0.0,0.0
2022-01-04 00:00:00+09:00,440.0,443.0,434.0,440.0,435900,0.0,0.0
2022-01-05 00:00:00+09:00,440.0,441.0,420.0,422.0,659300,0.0,0.0
2022-01-06 00:00:00+09:00,414.0,414.0,405.0,407.0,606000,0.0,0.0
2022-01-07 00:00:00+09:00,405.0,413.0,395.0,397.0,607400,0.0,0.0
2022-01-11 00:00:00+09:00,394.0,397.0,389.0,390.0,520000,0.0,0.0
2022-01-12 00:00:00+09:00,397.0,404.0,397.0,399.0,318400,0.0,0.0
2022-01-13 00:00:00+09:00,390.0,391.0,378.0,378.0,819900,0.0,0.0
2022-01-14 00:00:00+09:00,379.0,382.0,373.0,376.0,504000,0.0,0.0
2022-01-17 00:00:00+09:00,376.0,380.0,373.0,373.0,282200,0.0,0.0
2022-01-18 00:00:00+09:00,373.0,380.0,371.0,373.0,406900,0.0,0.0
2022-01-19 00:00:00+09:00,369.0,369.0,354.0,355.0,701900,0.0,0.0
2022-01-20 00:00:00+09:00,347.0,369.0,346.0,365.0,1102100,0.0,0.0
2022-01-21 00:00:00+09:00,362.0,364.0,355.0,363.0,409800,0.0,0.0
2022-01-24 00:00:00+09:00,362.0,365.0,357.0,365.0,404000,0.0,0.0
2022-01-25 00:00:00+09:00,368.0,370.0,352.0,356.0,397000,0.0,0.0
2022-01-26 00:00:00+09:00,356.0,362.0,355.0,356.0,237800,0.0,0.0
2022-01-27 00:00:00+09:00,362.0,362.0,341.0,343.0,586100,0.0,0.0
2022-01-28 00:00:00+09:00,350.0,351.0,341.0,343.0,363400,0.0,0.0
2022-01-31 00:00:00+09:00,342.0,350.0,342.0,349.0,351000,0.0,0.0
2022-02-01 00:00:00+09:00,355.0,359.0,348.0,348.0,369400,0.0,0.0
2022-02-02 00:00:00+09:00,358.0,366.0,354.0,366.0,334400,0.0,0.0
2022-02-03 00:00:00+09:00,360.0,362.0,355.0,357.0,267100,0.0,0.0
2022-02-04 00:00:00+09:00,353.0,358.0,347.0,357.0,425800,0.0,0.0
2022-02-07 00:00:00+09:00,357.0,359.0,347.0,349.0,363000,0.0,0.0
2022-02-08 00:00:00+09:00,351.0,357.0,350.0,350.0,269800,0.0,0.0
2022-02-09 00:00:00+09:00,350.0,357.0,347.0,355.0,342700,0.0,0.0
2022-02-10 00:00:00+09:00,315.0,329.0,312.0,323.0,1236300,0.0,0.0
2022-02-14 00:00:00+09:00,316.0,331.0,314.0,331.0,868600,0.0,0.0
2022-02-15 00:00:00+09:00,329.0,331.0,322.0,325.0,581400,0.0,0.0
2022-02-16 00:00:00+09:00,330.0,333.0,324.0,328.0,415200,0.0,0.0
2022-02-17 00:00:00+09:00,329.0,331.0,326.0,326.0,351100,0.0,0.0
2022-02-18 00:00:00+09:00,324.0,335.0,323.0,333.0,602500,0.0,0.0
2022-02-21 00:00:00+09:00,327.0,329.0,323.0,328.0,425100,0.0,0.0
2022-02-22 00:00:00+09:00,325.0,332.0,325.0,330.0,354600,0.0,0.0
2022-02-24 00:00:00+09:00,330.0,336.0,327.0,331.0,565200,0.0,0.0
2022-02-25 00:00:00+09:00,338.0,346.0,336.0,345.0,531400,0.0,0.0
2022-02-28 00:00:00+09:00,342.0,348.0,340.0,348.0,369000,0.0,0.0
2022-03-01 00:00:00+09:00,352.0,360.0,349.0,356.0,352600,0.0,0.0
2022-03-02 00:00:00+09:00,350.0,350.0,343.0,343.0,487900,0.0,0.0
2022-03-03 00:00:00+09:00,349.0,354.0,348.0,350.0,355700,0.0,0.0
2022-03-04 00:00:00+09:00,350.0,353.0,345.0,350.0,395300,0.0,0.0
2022-03-07 00:00:00+09:00,345.0,351.0,341.0,347.0,458700,0.0,0.0
2022-03-08 00:00:00+09:00,340.0,355.0,340.0,352.0,648300,0.0,0.0
2022-03-09 00:00:00+09:00,355.0,355.0,347.0,349.0,482600,0.0,0.0
2022-03-10 00:00:00+09:00,357.0,360.0,355.0,357.0,364200,0.0,0.0
2022-03-11 00:00:00+09:00,355.0,355.0,348.0,352.0,352300,0.0,0.0
2022-03-14 00:00:00+09:00,351.0,355.0,349.0,351.0,217300,0.0,0.0
2022-03-15 00:00:00+09:00,347.0,351.0,342.0,349.0,422000,0.0,0.0
2022-03-16 00:00:00+09:00,353.0,353.0,340.0,344.0,519600,0.0,0.0
2022-03-17 00:00:00+09:00,350.0,352.0,345.0,349.0,657700,0.0,0.0
2022-03-18 00:00:00+09:00,353.0,360.0,348.0,360.0,702200,0.0,0.0
2022-03-22 00:00:00+09:00,355.0,357.0,343.0,343.0,725400,0.0,0.0
2022-03-23 00:00:00+09:00,350.0,367.0,349.0,364.0,626100,0.0,0.0
2022-03-24 00:00:00+09:00,364.0,364.0,356.0,363.0,565900,0.0,0.0
2022-03-25 00:00:00+09:00,366.0,367.0,360.0,365.0,255600,0.0,0.0
2022-03-28 00:00:00+09:00,361.0,362.0,358.0,359.0,333400,0.0,0.0
2022-03-29 00:00:00+09:00,364.0,366.0,359.0,364.0,564600,0.0,0.0
2022-03-30 00:00:00+09:00,362.0,370.0,358.0,369.0,594200,0.0,0.0
2022-03-31 00:00:00+09:00,370.0,371.0,366.0,369.0,354000,0.0,0.0
2022-04-01 00:00:00+09:00,367.0,375.0,363.0,374.0,331700,0.0,0.0
2022-04-04 00:00:00+09:00,375.0,385.0,373.0,383.0,365300,0.0,0.0
2022-04-05 00:00:00+09:00,392.0,392.0,383.0,388.0,353900,0.0,0.0
2022-04-06 00:00:00+09:00,385.0,387.0,379.0,382.0,364000,0.0,0.0
2022-04-07 00:00:00+09:00,379.0,380.0,374.0,375.0,280300,0.0,0.0
2022-04-08 00:00:00+09:00,379.0,383.0,376.0,382.0,279400,0.0,0.0
2022-04-11 00:00:00+09:00,376.0,378.0,368.0,369.0,378500,0.0,0.0
2022-04-12 00:00:00+09:00,367.0,372.0,365.0,368.0,268600,0.0,0.0
2022-04-13 00:00:00+09:00,370.0,379.0,367.0,379.0,290800,0.0,0.0
2022-04-14 00:00:00+09:00,381.0,386.0,379.0,380.0,243000,0.0,0.0
2022-04-15 00:00:00+09:00,376.0,378.0,368.0,370.0,283300,0.0,0.0
2022-04-18 00:00:00+09:00,368.0,371.0,363.0,369.0,218400,0.0,0.0
2022-04-19 00:00:00+09:00,370.0,373.0,367.0,369.0,151900,0.0,0.0
2022-04-20 00:00:00+09:00,374.0,374.0,362.0,362.0,427600,0.0,0.0
2022-04-21 00:00:00+09:00,365.0,371.0,365.0,369.0,332000,0.0,0.0
2022-04-22 00:00:00+09:00,364.0,368.0,363.0,364.0,199700,0.0,0.0
2022-04-25 00:00:00+09:00,370.0,370.0,359.0,359.0,524500,0.0,0.0
2022-04-26 00:00:00+09:00,362.0,368.0,360.0,366.0,310800,0.0,0.0
2022-04-27 00:00:00+09:00,359.0,372.0,357.0,370.0,654300,0.0,0.0
2022-04-28 00:00:00+09:00,370.0,372.0,367.0,369.0,336300,0.0,0.0
2022-05-02 00:00:00+09:00,369.0,376.0,369.0,374.0,357800,0.0,0.0
2022-05-06 00:00:00+09:00,370.0,372.0,361.0,368.0,503100,0.0,0.0
2022-05-09 00:00:00+09:00,364.0,369.0,362.0,362.0,518700,0.0,0.0
2022-05-10 00:00:00+09:00,358.0,362.0,348.0,360.0,862000,0.0,0.0
2022-05-11 00:00:00+09:00,360.0,370.0,359.0,366.0,470300,0.0,0.0
2022-05-12 00:00:00+09:00,361.0,363.0,342.0,343.0,735000,0.0,0.0
2022-05-13 00:00:00+09:00,340.0,350.0,337.0,343.0,1132200,0.0,0.0
2022-05-16 00:00:00+09:00,350.0,362.0,348.0,359.0,823100,0.0,0.0
2022-05-17 00:00:00+09:00,359.0,366.0,355.0,362.0,597300,0.0,0.0
2022-05-18 00:00:00+09:00,360.0,365.0,356.0,364.0,513400,0.0,0.0
2022-05-19 00:00:00+09:00,355.0,362.0,351.0,360.0,469000,0.0,0.0
2022-05-20 00:00:00+09:00,360.0,369.0,357.0,367.0,681400,0.0,0.0
2022-05-23 00:00:00+09:00,374.0,383.0,371.0,383.0,682400,0.0,0.0
2022-05-24 00:00:00+09:00,381.0,382.0,372.0,375.0,541100,0.0,0.0
2022-05-25 00:00:00+09:00,375.0,378.0,369.0,370.0,626000,0.0,0.0
2022-05-26 00:00:00+09:00,370.0,378.0,369.0,373.0,600300,0.0,0.0
2022-05-27 00:00:00+09:00,378.0,379.0,363.0,365.0,490900,0.0,0.0
2022-05-30 00:00:00+09:00,373.0,388.0,372.0,387.0,1156700,0.0,0.0
2022-05-31 00:00:00+09:00,387.0,395.0,380.0,390.0,4736200,0.0,0.0
2022-06-01 00:00:00+09:00,390.0,402.0,383.0,397.0,973900,0.0,0.0
2022-06-02 00:00:00+09:00,398.0,404.0,393.0,402.0,917100,0.0,0.0
2022-06-03 00:00:00+09:00,407.0,419.0,404.0,417.0,894300,0.0,0.0
2022-06-06 00:00:00+09:00,415.0,421.0,412.0,413.0,525200,0.0,0.0
2022-06-07 00:00:00+09:00,414.0,418.0,408.0,415.0,360500,0.0,0.0
2022-06-08 00:00:00+09:00,423.0,429.0,418.0,427.0,626800,0.0,0.0
2022-06-09 00:00:00+09:00,430.0,437.0,427.0,431.0,503500,0.0,0.0
2022-06-10 00:00:00+09:00,429.0,430.0,422.0,425.0,480600,0.0,0.0
2022-06-13 00:00:00+09:00,425.0,428.0,422.0,425.0,580400,0.0,0.0
2022-06-14 00:00:00+09:00,419.0,426.0,416.0,425.0,465200,0.0,0.0
2022-06-15 00:00:00+09:00,423.0,426.0,421.0,422.0,404200,0.0,0.0
2022-06-16 00:00:00+09:00,426.0,426.0,422.0,425.0,437000,0.0,0.0
2022-06-17 00:00:00+09:00,418.0,424.0,414.0,420.0,1291900,0.0,0.0
2022-06-20 00:00:00+09:00,428.0,429.0,418.0,423.0,587300,0.0,0.0
2022-06-21 00:00:00+09:00,425.0,430.0,424.0,427.0,432600,0.0,0.0
2022-06-22 00:00:00+09:00,428.0,434.0,427.0,433.0,417300,0.0,0.0
2022-06-23 00:00:00+09:00,431.0,435.0,426.0,430.0,433600,0.0,0.0
2022-06-24 00:00:00+09:00,437.0,442.0,434.0,440.0,533600,0.0,0.0
2022-06-27 00:00:00+09:00,442.0,443.0,436.0,440.0,433000,0.0,0.0
2022-06-28 00:00:00+09:00,440.0,443.0,440.0,441.0,399800,0.0,0.0
2022-06-29 00:00:00+09:00,440.0,449.0,437.0,447.0,799600,0.0,0.0
2022-06-30 00:00:00+09:00,449.0,450.0,441.0,443.0,483600,0.0,0.0
2022-07-01 00:00:00+09:00,440.0,443.0,438.0,441.0,551400,0.0,0.0
2022-07-04 00:00:00+09:00,445.0,447.0,438.0,442.0,345900,0.0,0.0
2022-07-05 00:00:00+09:00,446.0,452.0,445.0,448.0,446100,0.0,0.0
2022-07-06 00:00:00+09:00,450.0,451.0,443.0,445.0,268600,0.0,0.0
2022-07-07 00:00:00+09:00,448.0,452.0,446.0,449.0,280300,0.0,0.0
2022-07-08 00:00:00+09:00,451.0,459.0,447.0,453.0,389800,0.0,0.0
2022-07-11 00:00:00+09:00,460.0,461.0,457.0,461.0,293100,0.0,0.0
2022-07-12 00:00:00+09:00,460.0,460.0,453.0,459.0,287300,0.0,0.0
2022-07-13 00:00:00+09:00,456.0,458.0,449.0,451.0,268000,0.0,0.0
2022-07-14 00:00:00+09:00,445.0,448.0,441.0,445.0,325700,0.0,0.0
2022-07-15 00:00:00+09:00,442.0,446.0,441.0,443.0,438000,0.0,0.0
2022-07-19 00:00:00+09:00,445.0,445.0,438.0,438.0,274300,0.0,0.0
2022-07-20 00:00:00+09:00,444.0,448.0,442.0,444.0,335200,0.0,0.0
2022-07-21 00:00:00+09:00,440.0,449.0,440.0,449.0,220900,0.0,0.0
2022-07-22 00:00:00+09:00,447.0,448.0,443.0,444.0,253800,0.0,0.0
2022-07-25 00:00:00+09:00,449.0,458.0,445.0,458.0,467700,0.0,0.0
2022-07-26 00:00:00+09:00,459.0,462.0,456.0,459.0,314800,0.0,0.0
2022-07-27 00:00:00+09:00,459.0,463.0,458.0,458.0,242300,0.0,0.0
2022-07-28 00:00:00+09:00,461.0,469.0,460.0,469.0,339900,0.0,0.0
2022-07-29 00:00:00+09:00,470.0,471.0,467.0,469.0,227700,0.0,0.0
2022-08-01 00:00:00+09:00,468.0,469.0,460.0,469.0,228000,0.0,0.0
2022-08-02 00:00:00+09:00,468.0,469.0,464.0,466.0,143500,0.0,0.0
2022-08-03 00:00:00+09:00,469.0,473.0,467.0,473.0,233000,0.0,0.0
2022-08-04 00:00:00+09:00,473.0,476.0,470.0,475.0,194900,0.0,0.0
2022-08-05 00:00:00+09:00,472.0,475.0,470.0,475.0,170300,0.0,0.0
2022-08-08 00:00:00+09:00,476.0,477.0,471.0,476.0,220400,0.0,0.0
2022-08-09 00:00:00+09:00,476.0,476.0,467.0,470.0,403700,0.0,0.0
2022-08-10 00:00:00+09:00,470.0,493.0,470.0,472.0,812500,0.0,0.0
2022-08-12 00:00:00+09:00,488.0,495.0,472.0,495.0,1083700,0.0,0.0
2022-08-15 00:00:00+09:00,497.0,498.0,492.0,493.0,306600,0.0,0.0
2022-08-16 00:00:00+09:00,498.0,505.0,492.0,500.0,362000,0.0,0.0
2022-08-17 00:00:00+09:00,500.0,503.0,496.0,499.0,281900,0.0,0.0
2022-08-18 00:00:00+09:00,499.0,504.0,499.0,504.0,288600,0.0,0.0
2022-08-19 00:00:00+09:00,505.0,509.0,504.0,505.0,596700,0.0,0.0
2022-08-22 00:00:00+09:00,505.0,507.0,501.0,507.0,333600,0.0,0.0
2022-08-23 00:00:00+09:00,505.0,508.0,500.0,500.0,230400,0.0,0.0
2022-08-24 00:00:00+09:00,500.0,502.0,496.0,500.0,314800,0.0,0.0
2022-08-25 00:00:00+09:00,505.0,510.0,501.0,510.0,274700,0.0,0.0
2022-08-26 00:00:00+09:00,513.0,513.0,507.0,507.0,735900,0.0,0.0
2022-08-29 00:00:00+09:00,505.0,509.0,501.0,507.0,517800,0.0,0.0
2022-08-30 00:00:00+09:00,509.0,519.0,508.0,516.0,331700,0.0,0.0
2022-08-31 00:00:00+09:00,516.0,519.0,515.0,516.0,236800,0.0,0.0
2022-09-01 00:00:00+09:00,516.0,520.0,514.0,516.0,339400,0.0,0.0
2022-09-02 00:00:00+09:00,521.0,521.0,515.0,516.0,1205400,0.0,0.0
2022-09-05 00:00:00+09:00,516.0,516.0,497.0,498.0,588600,0.0,0.0
2022-09-06 00:00:00+09:00,504.0,514.0,501.0,507.0,384600,0.0,0.0
2022-09-07 00:00:00+09:00,507.0,512.0,505.0,512.0,233300,0.0,0.0
2022-09-08 00:00:00+09:00,516.0,524.0,515.0,524.0,409400,0.0,0.0
2022-09-09 00:00:00+09:00,529.0,530.0,520.0,530.0,1539600,0.0,0.0
2022-09-12 00:00:00+09:00,534.0,537.0,531.0,536.0,450000,0.0,0.0
2022-09-13 00:00:00+09:00,538.0,538.0,533.0,535.0,247500,0.0,0.0
2022-09-14 00:00:00+09:00,525.0,537.0,523.0,534.0,339200,0.0,0.0
2022-09-15 00:00:00+09:00,537.0,539.0,535.0,535.0,197200,0.0,0.0
2022-09-16 00:00:00+09:00,540.0,540.0,529.0,532.0,1051900,0.0,0.0
2022-09-20 00:00:00+09:00,533.0,534.0,515.0,517.0,499700,0.0,0.0
2022-09-21 00:00:00+09:00,518.0,520.0,515.0,519.0,382900,0.0,0.0
2022-09-22 00:00:00+09:00,519.0,521.0,503.0,508.0,896200,0.0,0.0
2022-09-26 00:00:00+09:00,503.0,506.0,495.0,495.0,657000,0.0,0.0
2022-09-27 00:00:00+09:00,503.0,506.0,500.0,502.0,611200,0.0,0.0
2022-09-28 00:00:00+09:00,504.0,507.0,498.0,507.0,551100,0.0,0.0
2022-09-29 00:00:00+09:00,510.0,523.0,509.0,522.0,632100,0.0,0.0
2022-09-30 00:00:00+09:00,518.0,524.0,504.0,504.0,622600,0.0,0.0
2022-10-03 00:00:00+09:00,510.0,513.0,502.0,511.0,425800,0.0,0.0
2022-10-04 00:00:00+09:00,520.0,534.0,519.0,533.0,560800,0.0,0.0
2022-10-05 00:00:00+09:00,536.0,539.0,532.0,534.0,426300,0.0,0.0
2022-10-06 00:00:00+09:00,539.0,551.0,539.0,550.0,698200,0.0,0.0
2022-10-07 00:00:00+09:00,538.0,544.0,517.0,517.0,746100,0.0,0.0
2022-10-11 00:00:00+09:00,513.0,520.0,508.0,514.0,312500,0.0,0.0
2022-10-12 00:00:00+09:00,517.0,527.0,516.0,525.0,270000,0.0,0.0
2022-10-13 00:00:00+09:00,525.0,527.0,513.0,514.0,229700,0.0,0.0
2022-10-14 00:00:00+09:00,519.0,529.0,519.0,525.0,293300,0.0,0.0
2022-10-17 00:00:00+09:00,521.0,524.0,515.0,520.0,208700,0.0,0.0
2022-10-18 00:00:00+09:00,529.0,533.0,526.0,526.0,209800,0.0,0.0
2022-10-19 00:00:00+09:00,525.0,529.0,523.0,527.0,206400,0.0,0.0
2022-10-20 00:00:00+09:00,525.0,528.0,515.0,516.0,218600,0.0,0.0
2022-10-21 00:00:00+09:00,520.0,523.0,518.0,520.0,166500,0.0,0.0
2022-10-24 00:00:00+09:00,519.0,520.0,506.0,509.0,260600,0.0,0.0
2022-10-25 00:00:00+09:00,519.0,521.0,514.0,517.0,236100,0.0,0.0
2022-10-26 00:00:00+09:00,527.0,532.0,523.0,527.0,313400,0.0,0.0
2022-10-27 00:00:00+09:00,528.0,530.0,524.0,525.0,243900,0.0,0.0
2022-10-28 00:00:00+09:00,521.0,543.0,521.0,540.0,932600,0.0,0.0
2022-10-31 00:00:00+09:00,547.0,552.0,544.0,545.0,325700,0.0,0.0
2022-11-01 00:00:00+09:00,550.0,554.0,546.0,550.0,313200,0.0,0.0
2022-11-02 00:00:00+09:00,550.0,554.0,545.0,550.0,501800,0.0,0.0
2022-11-04 00:00:00+09:00,543.0,550.0,533.0,534.0,299500,0.0,0.0
2022-11-07 00:00:00+09:00,534.0,542.0,533.0,541.0,265300,0.0,0.0
2022-11-08 00:00:00+09:00,547.0,551.0,543.0,550.0,344200,0.0,0.0
2022-11-09 00:00:00+09:00,545.0,555.0,487.0,501.0,3648100,0.0,0.0
2022-11-10 00:00:00+09:00,492.0,515.0,481.0,493.0,2472300,0.0,0.0
2022-11-11 00:00:00+09:00,500.0,508.0,495.0,506.0,920500,0.0,0.0
2022-11-14 00:00:00+09:00,500.0,505.0,495.0,495.0,481500,0.0,0.0
2022-11-15 00:00:00+09:00,494.0,502.0,492.0,497.0,371900,0.0,0.0
2022-11-16 00:00:00+09:00,500.0,503.0,498.0,501.0,339200,0.0,0.0
2022-11-17 00:00:00+09:00,500.0,516.0,500.0,514.0,417000,0.0,0.0
2022-11-18 00:00:00+09:00,513.0,516.0,502.0,502.0,215300,0.0,0.0
2022-11-21 00:00:00+09:00,500.0,504.0,498.0,500.0,281800,0.0,0.0
2022-11-22 00:00:00+09:00,504.0,504.0,499.0,500.0,305300,0.0,0.0
2022-11-24 00:00:00+09:00,502.0,508.0,501.0,503.0,277700,0.0,0.0
2022-11-25 00:00:00+09:00,516.0,527.0,500.0,501.0,417900,0.0,0.0
2022-11-28 00:00:00+09:00,498.0,502.0,494.0,494.0,276000,0.0,0.0
2022-11-29 00:00:00+09:00,495.0,498.0,493.0,496.0,254800,0.0,0.0
2022-11-30 00:00:00+09:00,495.0,499.0,493.0,496.0,241200,0.0,0.0
2022-12-01 00:00:00+09:00,499.0,503.0,496.0,497.0,233600,0.0,0.0
2022-12-02 00:00:00+09:00,494.0,495.0,473.0,474.0,381800,0.0,0.0
2022-12-05 00:00:00+09:00,472.0,472.0,452.0,453.0,393800,0.0,0.0
2022-12-06 00:00:00+09:00,450.0,452.0,441.0,443.0,385000,0.0,0.0
2022-12-07 00:00:00+09:00,440.0,445.0,435.0,439.0,616300,0.0,0.0
2022-12-08 00:00:00+09:00,437.0,437.0,424.0,432.0,671600,0.0,0.0
2022-12-09 00:00:00+09:00,430.0,444.0,427.0,440.0,739100,0.0,0.0
2022-12-12 00:00:00+09:00,437.0,449.0,433.0,439.0,371600,0.0,0.0
2022-12-13 00:00:00+09:00,444.0,445.0,435.0,435.0,224100,0.0,0.0
2022-12-14 00:00:00+09:00,465.0,473.0,442.0,449.0,1091600,0.0,0.0
2022-12-15 00:00:00+09:00,444.0,452.0,440.0,442.0,268300,0.0,0.0
2022-12-16 00:00:00+09:00,436.0,440.0,433.0,433.0,240700,0.0,0.0
2022-12-19 00:00:00+09:00,430.0,436.0,429.0,435.0,213200,0.0,0.0
2022-12-20 00:00:00+09:00,432.0,435.0,415.0,418.0,466800,0.0,0.0
2022-12-21 00:00:00+09:00,416.0,421.0,411.0,411.0,358000,0.0,0.0
2022-12-22 00:00:00+09:00,412.0,420.0,412.0,420.0,291000,0.0,0.0
2022-12-23 00:00:00+09:00,419.0,419.0,412.0,416.0,239400,0.0,0.0
2022-12-26 00:00:00+09:00,415.0,418.0,412.0,416.0,196200,0.0,0.0
2022-12-27 00:00:00+09:00,424.0,431.0,424.0,428.0,207500,0.0,0.0
2022-12-28 00:00:00+09:00,428.0,432.0,423.0,431.0,274900,0.0,0.0
2022-12-29 00:00:00+09:00,422.0,446.0,422.0,445.0,296000,0.0,0.0
2022-12-30 00:00:00+09:00,445.0,451.0,438.0,439.0,188300,0.0,0.0
2023-01-04 00:00:00+09:00,437.0,441.0,434.0,436.0,223500,0.0,0.0
2023-01-05 00:00:00+09:00,437.0,442.0,435.0,440.0,193700,0.0,0.0
2023-01-06 00:00:00+09:00,437.0,438.0,427.0,431.0,153100,0.0,0.0
2023-01-10 00:00:00+09:00,433.0,439.0,430.0,432.0,200300,0.0,0.0
2023-01-11 00:00:00+09:00,437.0,440.0,437.0,438.0,97900,0.0,0.0
2023-01-12 00:00:00+09:00,438.0,440.0,430.0,434.0,138600,0.0,0.0
2023-01-13 00:00:00+09:00,435.0,438.0,426.0,427.0,181000,0.0,0.0
2023-01-16 00:00:00+09:00,423.0,431.0,422.0,427.0,139900,0.0,0.0
2023-01-17 00:00:00+09:00,430.0,433.0,429.0,431.0,131400,0.0,0.0
2023-01-18 00:00:00+09:00,433.0,447.0,433.0,442.0,200800,0.0,0.0
2023-01-19 00:00:00+09:00,442.0,442.0,436.0,439.0,119700,0.0,0.0
2023-01-20 00:00:00+09:00,438.0,443.0,438.0,441.0,93200,0.0,0.0
2023-01-23 00:00:00+09:00,441.0,447.0,441.0,446.0,118800,0.0,0.0
2023-01-24 00:00:00+09:00,448.0,458.0,446.0,456.0,313200,0.0,0.0
2023-01-25 00:00:00+09:00,459.0,460.0,451.0,458.0,184600,0.0,0.0
2023-01-26 00:00:00+09:00,460.0,462.0,456.0,458.0,124400,0.0,0.0
2023-01-27 00:00:00+09:00,461.0,461.0,455.0,458.0,125300,0.0,0.0
2023-01-30 00:00:00+09:00,456.0,463.0,456.0,458.0,208500,0.0,0.0
2023-01-31 00:00:00+09:00,461.0,463.0,453.0,457.0,200300,0.0,0.0
2023-02-01 00:00:00+09:00,460.0,462.0,455.0,457.0,104500,0.0,0.0
2023-02-02 00:00:00+09:00,457.0,459.0,455.0,459.0,116200,0.0,0.0
2023-02-03 00:00:00+09:00,457.0,460.0,452.0,454.0,123400,0.0,0.0
2023-02-06 00:00:00+09:00,459.0,461.0,452.0,458.0,154500,0.0,0.0
2023-02-07 00:00:00+09:00,460.0,462.0,455.0,457.0,121400,0.0,0.0
2023-02-08 00:00:00+09:00,458.0,461.0,456.0,457.0,141600,0.0,0.0
2023-02-09 00:00:00+09:00,455.0,458.0,451.0,457.0,216200,0.0,0.0
2023-02-10 00:00:00+09:00,450.0,451.0,433.0,434.0,225000,0.0,0.0
2023-02-13 00:00:00+09:00,438.0,451.0,438.0,443.0,315900,0.0,0.0
2023-02-14 00:00:00+09:00,451.0,460.0,443.0,445.0,210700,0.0,0.0
2023-02-15 00:00:00+09:00,445.0,446.0,434.0,437.0,160200,0.0,0.0
2023-02-16 00:00:00+09:00,440.0,448.0,440.0,446.0,155600,0.0,0.0
2023-02-17 00:00:00+09:00,443.0,445.0,439.0,439.0,129000,0.0,0.0
2023-02-20 00:00:00+09:00,439.0,443.0,436.0,439.0,121900,0.0,0.0
2023-02-21 00:00:00+09:00,440.0,440.0,432.0,432.0,91700,0.0,0.0
2023-02-22 00:00:00+09:00,430.0,433.0,426.0,433.0,166800,0.0,0.0
2023-02-24 00:00:00+09:00,440.0,442.0,437.0,441.0,324200,0.0,0.0
2023-02-27 00:00:00+09:00,438.0,439.0,427.0,427.0,94700,0.0,0.0
2023-02-28 00:00:00+09:00,427.0,440.0,427.0,439.0,197900,0.0,0.0
2023-03-01 00:00:00+09:00,439.0,440.0,433.0,434.0,212900,0.0,0.0
2023-03-02 00:00:00+09:00,440.0,443.0,435.0,443.0,189200,0.0,0.0
2023-03-03 00:00:00+09:00,446.0,459.0,446.0,457.0,256700,0.0,0.0
2023-03-06 00:00:00+09:00,454.0,467.0,451.0,462.0,307900,0.0,0.0
2023-03-07 00:00:00+09:00,464.0,471.0,463.0,470.0,258400,0.0,0.0
2023-03-08 00:00:00+09:00,470.0,472.0,461.0,461.0,254200,0.0,0.0
2023-03-09 00:00:00+09:00,462.0,464.0,456.0,459.0,250100,0.0,0.0
2023-03-10 00:00:00+09:00,456.0,459.0,437.0,437.0,340900,0.0,0.0
2023-03-13 00:00:00+09:00,428.0,428.0,415.0,424.0,294200,0.0,0.0
2023-03-14 00:00:00+09:00,412.0,418.0,406.0,412.0,291700,0.0,0.0
2023-03-15 00:00:00+09:00,413.0,417.0,406.0,406.0,260100,0.0,0.0
2023-03-16 00:00:00+09:00,399.0,408.0,399.0,406.0,257300,0.0,0.0
2023-03-17 00:00:00+09:00,406.0,429.0,406.0,426.0,339700,0.0,0.0
2023-03-20 00:00:00+09:00,420.0,420.0,392.0,394.0,698700,0.0,0.0
2023-03-22 00:00:00+09:00,410.0,410.0,400.0,402.0,260900,0.0,0.0
2023-03-23 00:00:00+09:00,398.0,406.0,397.0,403.0,259900,0.0,0.0
2023-03-24 00:00:00+09:00,403.0,403.0,392.0,400.0,212200,0.0,0.0
2023-03-27 00:00:00+09:00,402.0,405.0,396.0,401.0,253700,0.0,0.0
2023-03-28 00:00:00+09:00,404.0,404.0,389.0,390.0,282700,0.0,0.0
2023-03-29 00:00:00+09:00,400.0,409.0,399.0,409.0,463200,0.0,0.0
2023-03-30 00:00:00+09:00,413.0,417.0,409.0,411.0,350100,0.0,0.0
2023-03-31 00:00:00+09:00,414.0,418.0,405.0,410.0,238400,0.0,0.0
2023-04-03 00:00:00+09:00,415.0,427.0,414.0,424.0,221200,0.0,0.0
2023-04-04 00:00:00+09:00,424.0,424.0,410.0,413.0,654100,0.0,0.0
2023-04-05 00:00:00+09:00,410.0,420.0,400.0,400.0,302400,0.0,0.0
2023-04-06 00:00:00+09:00,400.0,404.0,398.0,401.0,262600,0.0,0.0
2023-04-07 00:00:00+09:00,401.0,405.0,395.0,395.0,172600,0.0,0.0
2023-04-10 00:00:00+09:00,403.0,405.0,399.0,401.0,293500,0.0,0.0
2023-04-11 00:00:00+09:00,405.0,412.0,405.0,411.0,286200,0.0,0.0
2023-04-12 00:00:00+09:00,414.0,418.0,411.0,412.0,351300,0.0,0.0
2023-04-13 00:00:00+09:00,411.0,418.0,411.0,415.0,187400,0.0,0.0
2023-04-14 00:00:00+09:00,418.0,426.0,418.0,423.0,290100,0.0,0.0
2023-04-17 00:00:00+09:00,427.0,427.0,420.0,423.0,176400,0.0,0.0
2023-04-18 00:00:00+09:00,425.0,437.0,425.0,431.0,281800,0.0,0.0
2023-04-19 00:00:00+09:00,432.0,434.0,422.0,427.0,226900,0.0,0.0
2023-04-20 00:00:00+09:00,427.0,432.0,424.0,430.0,192800,0.0,0.0
2023-04-21 00:00:00+09:00,425.0,425.0,416.0,417.0,203600,0.0,0.0
2023-04-24 00:00:00+09:00,421.0,427.0,420.0,423.0,213500,0.0,0.0
2023-04-25 00:00:00+09:00,425.0,425.0,414.0,416.0,259600,0.0,0.0
2023-04-26 00:00:00+09:00,412.0,413.0,406.0,408.0,185400,0.0,0.0
2023-04-27 00:00:00+09:00,405.0,410.0,405.0,407.0,215500,0.0,0.0
2023-04-28 00:00:00+09:00,415.0,427.0,413.0,427.0,324900,0.0,0.0
2023-05-01 00:00:00+09:00,424.0,429.0,423.0,425.0,159100,0.0,0.0
2023-05-02 00:00:00+09:00,428.0,430.0,425.0,426.0,173300,0.0,0.0
2023-05-08 00:00:00+09:00,423.0,431.0,423.0,426.0,445500,0.0,0.0
2023-05-09 00:00:00+09:00,428.0,443.0,428.0,439.0,366600,0.0,0.0
2023-05-10 00:00:00+09:00,440.0,444.0,433.0,440.0,498800,0.0,0.0
2023-05-11 00:00:00+09:00,448.0,460.0,442.0,442.0,527200,0.0,0.0
2023-05-12 00:00:00+09:00,438.0,440.0,428.0,430.0,284500,0.0,0.0
2023-05-15 00:00:00+09:00,430.0,431.0,425.0,429.0,205400,0.0,0.0
2023-05-16 00:00:00+09:00,430.0,432.0,420.0,426.0,177300,0.0,0.0
2023-05-17 00:00:00+09:00,425.0,428.0,423.0,424.0,162200,0.0,0.0
2023-05-18 00:00:00+09:00,428.0,428.0,419.0,419.0,266200,0.0,0.0
2023-05-19 00:00:00+09:00,417.0,430.0,417.0,423.0,266700,0.0,0.0
2023-05-22 00:00:00+09:00,420.0,424.0,417.0,423.0,197100,0.0,0.0
2023-05-23 00:00:00+09:00,429.0,430.0,422.0,426.0,276300,0.0,0.0
2023-05-24 00:00:00+09:00,424.0,430.0,424.0,425.0,193900,0.0,0.0
2023-05-25 00:00:00+09:00,426.0,427.0,416.0,416.0,255100,0.0,0.0
2023-05-26 00:00:00+09:00,416.0,416.0,402.0,402.0,320500,0.0,0.0
2023-05-29 00:00:00+09:00,409.0,409.0,398.0,400.0,335600,0.0,0.0
2023-05-30 00:00:00+09:00,397.0,401.0,395.0,397.0,252200,0.0,0.0
2023-05-31 00:00:00+09:00,397.0,413.0,392.0,408.0,703900,0.0,0.0
2023-06-01 00:00:00+09:00,405.0,408.0,401.0,405.0,295200,0.0,0.0
2023-06-02 00:00:00+09:00,402.0,406.0,397.0,400.0,344000,0.0,0.0
2023-06-05 00:00:00+09:00,407.0,426.0,404.0,424.0,506900,0.0,0.0
2023-06-06 00:00:00+09:00,417.0,427.0,417.0,426.0,384200,0.0,0.0
2023-06-07 00:00:00+09:00,431.0,444.0,430.0,435.0,507800,0.0,0.0
2023-06-08 00:00:00+09:00,436.0,439.0,430.0,433.0,326900,0.0,0.0
2023-06-09 00:00:00+09:00,440.0,446.0,436.0,438.0,482100,0.0,0.0
2023-06-12 00:00:00+09:00,441.0,445.0,436.0,440.0,434800,0.0,0.0
2023-06-13 00:00:00+09:00,439.0,443.0,433.0,437.0,254700,0.0,0.0
2023-06-14 00:00:00+09:00,440.0,444.0,437.0,442.0,336000,0.0,0.0
2023-06-15 00:00:00+09:00,443.0,452.0,437.0,438.0,426400,0.0,0.0
2023-06-16 00:00:00+09:00,438.0,450.0,430.0,450.0,1709300,0.0,0.0
2023-06-19 00:00:00+09:00,451.0,458.0,449.0,455.0,520200,0.0,0.0
2023-06-20 00:00:00+09:00,451.0,453.0,440.0,450.0,401900,0.0,0.0
2023-06-21 00:00:00+09:00,459.0,479.0,459.0,467.0,868800,0.0,0.0
2023-06-22 00:00:00+09:00,464.0,476.0,464.0,470.0,519400,0.0,0.0
2023-06-23 00:00:00+09:00,476.0,479.0,453.0,454.0,423700,0.0,0.0
2023-06-26 00:00:00+09:00,452.0,456.0,439.0,440.0,409300,0.0,0.0
2023-06-27 00:00:00+09:00,440.0,440.0,432.0,439.0,262600,0.0,0.0
2023-06-28 00:00:00+09:00,441.0,454.0,440.0,453.0,331900,0.0,0.0
2023-06-29 00:00:00+09:00,455.0,463.0,453.0,457.0,249500,0.0,0.0
2023-06-30 00:00:00+09:00,456.0,461.0,450.0,460.0,455300,0.0,0.0
2023-07-03 00:00:00+09:00,461.0,463.0,451.0,460.0,347400,0.0,0.0
2023-07-04 00:00:00+09:00,460.0,460.0,450.0,454.0,351400,0.0,0.0
2023-07-05 00:00:00+09:00,456.0,456.0,449.0,449.0,336800,0.0,0.0
2023-07-06 00:00:00+09:00,445.0,446.0,439.0,440.0,455000,0.0,0.0
2023-07-07 00:00:00+09:00,435.0,438.0,430.0,430.0,485600,0.0,0.0
2023-07-10 00:00:00+09:00,431.0,441.0,431.0,434.0,581500,0.0,0.0
2023-07-11 00:00:00+09:00,439.0,442.0,436.0,438.0,401000,0.0,0.0
2023-07-12 00:00:00+09:00,440.0,442.0,433.0,439.0,383500,0.0,0.0
2023-07-13 00:00:00+09:00,442.0,444.0,437.0,442.0,410800,0.0,0.0
2023-07-14 00:00:00+09:00,442.0,448.0,434.0,442.0,506600,0.0,0.0
2023-07-18 00:00:00+09:00,444.0,446.0,438.0,440.0,283400,0.0,0.0
2023-07-19 00:00:00+09:00,445.0,445.0,438.0,443.0,334600,0.0,0.0
2023-07-20 00:00:00+09:00,443.0,443.0,436.0,437.0,319500,0.0,0.0
2023-07-21 00:00:00+09:00,434.0,437.0,426.0,435.0,415900,0.0,0.0
2023-07-24 00:00:00+09:00,437.0,441.0,436.0,439.0,365500,0.0,0.0
2023-07-25 00:00:00+09:00,441.0,442.0,437.0,440.0,377500,0.0,0.0
2023-07-26 00:00:00+09:00,438.0,441.0,425.0,440.0,407400,0.0,0.0
2023-07-27 00:00:00+09:00,440.0,454.0,438.0,454.0,443600,0.0,0.0
2023-07-28 00:00:00+09:00,449.0,461.0,443.0,461.0,2260300,0.0,0.0
2023-07-31 00:00:00+09:00,472.0,494.0,472.0,481.0,866200,0.0,0.0
2023-08-01 00:00:00+09:00,481.0,481.0,469.0,474.0,263600,0.0,0.0
2023-08-02 00:00:00+09:00,470.0,470.0,462.0,464.0,192600,0.0,0.0
2023-08-03 00:00:00+09:00,460.0,463.0,453.0,454.0,184400,0.0,0.0
2023-08-04 00:00:00+09:00,452.0,460.0,451.0,454.0,203100,0.0,0.0
2023-08-07 00:00:00+09:00,454.0,465.0,451.0,464.0,192600,0.0,0.0
2023-08-08 00:00:00+09:00,467.0,468.0,462.0,465.0,168800,0.0,0.0
2023-08-09 00:00:00+09:00,458.0,459.0,449.0,450.0,223100,0.0,0.0
2023-08-10 00:00:00+09:00,449.0,449.0,432.0,435.0,456500,0.0,0.0
2023-08-14 00:00:00+09:00,440.0,457.0,436.0,442.0,332300,0.0,0.0
2023-08-15 00:00:00+09:00,447.0,454.0,439.0,451.0,306900,0.0,0.0
2023-08-16 00:00:00+09:00,447.0,453.0,443.0,453.0,264600,0.0,0.0
2023-08-17 00:00:00+09:00,452.0,458.0,445.0,454.0,340600,0.0,0.0
2023-08-18 00:00:00+09:00,453.0,455.0,445.0,452.0,268800,0.0,0.0
2023-08-21 00:00:00+09:00,456.0,474.0,456.0,471.0,319300,0.0,0.0
2023-08-22 00:00:00+09:00,477.0,484.0,475.0,483.0,272800,0.0,0.0
2023-08-23 00:00:00+09:00,485.0,497.0,485.0,496.0,336800,0.0,0.0
2023-08-24 00:00:00+09:00,510.0,513.0,500.0,510.0,428600,0.0,0.0
2023-08-25 00:00:00+09:00,512.0,520.0,511.0,515.0,397700,0.0,0.0
2023-08-28 00:00:00+09:00,523.0,529.0,516.0,529.0,309100,0.0,0.0
2023-08-29 00:00:00+09:00,530.0,536.0,526.0,536.0,326400,0.0,0.0
2023-08-30 00:00:00+09:00,532.0,538.0,529.0,536.0,291200,0.0,0.0
2023-08-31 00:00:00+09:00,535.0,540.0,533.0,537.0,248400,0.0,0.0
2023-09-01 00:00:00+09:00,537.0,537.0,528.0,531.0,261500,0.0,0.0
2023-09-04 00:00:00+09:00,531.0,533.0,524.0,529.0,210900,0.0,0.0
2023-09-05 00:00:00+09:00,524.0,527.0,521.0,526.0,286200,0.0,0.0
2023-09-06 00:00:00+09:00,526.0,533.0,524.0,533.0,168500,0.0,0.0
2023-09-07 00:00:00+09:00,533.0,534.0,527.0,533.0,181900,0.0,0.0
2023-09-08 00:00:00+09:00,535.0,560.0,534.0,554.0,780300,0.0,0.0
2023-09-11 00:00:00+09:00,553.0,566.0,549.0,558.0,364800,0.0,0.0
2023-09-12 00:00:00+09:00,555.0,561.0,545.0,547.0,210900,0.0,0.0
2023-09-13 00:00:00+09:00,546.0,546.0,533.0,540.0,175100,0.0,0.0
2023-09-14 00:00:00+09:00,540.0,542.0,532.0,539.0,156700,0.0,0.0
2023-09-15 00:00:00+09:00,542.0,544.0,534.0,541.0,190900,0.0,0.0
2023-09-19 00:00:00+09:00,527.0,531.0,504.0,510.0,277200,0.0,0.0
2023-09-20 00:00:00+09:00,517.0,518.0,509.0,512.0,312200,0.0,0.0
2023-09-21 00:00:00+09:00,505.0,517.0,505.0,505.0,137300,0.0,0.0
2023-09-22 00:00:00+09:00,499.0,509.0,496.0,501.0,261800,0.0,0.0
2023-09-25 00:00:00+09:00,515.0,515.0,510.0,511.0,167700,0.0,0.0
2023-09-26 00:00:00+09:00,511.0,511.0,494.0,496.0,233800,0.0,0.0
2023-09-27 00:00:00+09:00,495.0,506.0,491.0,505.0,251900,0.0,0.0
2023-09-28 00:00:00+09:00,496.0,501.0,491.0,496.0,234900,0.0,0.0
2023-09-29 00:00:00+09:00,501.0,519.0,499.0,501.0,423500,0.0,0.0
2023-10-02 00:00:00+09:00,508.0,510.0,489.0,491.0,247400,0.0,0.0
2023-10-03 00:00:00+09:00,497.0,521.0,492.0,516.0,566300,0.0,0.0
2023-10-04 00:00:00+09:00,519.0,534.0,517.0,527.0,647300,0.0,0.0
2023-10-05 00:00:00+09:00,528.0,536.0,525.0,527.0,364200,0.0,0.0
2023-10-06 00:00:00+09:00,533.0,542.0,528.0,538.0,301000,0.0,0.0
2023-10-10 00:00:00+09:00,541.0,555.0,537.0,553.0,301300,0.0,0.0
2023-10-11 00:00:00+09:00,555.0,557.0,542.0,546.0,239900,0.0,0.0
2023-10-12 00:00:00+09:00,543.0,563.0,541.0,547.0,278000,0.0,0.0
2023-10-13 00:00:00+09:00,541.0,541.0,526.0,526.0,192700,0.0,0.0
2023-10-16 00:00:00+09:00,521.0,531.0,519.0,521.0,181500,0.0,0.0
2023-10-17 00:00:00+09:00,525.0,538.0,525.0,528.0,125600,0.0,0.0
2023-10-18 00:00:00+09:00,535.0,537.0,520.0,528.0,161100,0.0,0.0
2023-10-19 00:00:00+09:00,516.0,532.0,514.0,522.0,152500,0.0,0.0
2023-10-20 00:00:00+09:00,520.0,521.0,512.0,518.0,113600,0.0,0.0
2023-10-23 00:00:00+09:00,515.0,515.0,502.0,502.0,157900,0.0,0.0
2023-10-24 00:00:00+09:00,507.0,520.0,494.0,517.0,213300,0.0,0.0
2023-10-25 00:00:00+09:00,525.0,528.0,514.0,520.0,210400,0.0,0.0
2023-10-26 00:00:00+09:00,525.0,528.0,517.0,520.0,150000,0.0,0.0
2023-10-27 00:00:00+09:00,523.0,533.0,520.0,527.0,167200,0.0,0.0
2023-10-30 00:00:00+09:00,522.0,527.0,514.0,515.0,215800,0.0,0.0
2023-10-31 00:00:00+09:00,517.0,532.0,511.0,530.0,146200,0.0,0.0
2023-11-01 00:00:00+09:00,536.0,539.0,530.0,539.0,173400,0.0,0.0
2023-11-02 00:00:00+09:00,545.0,549.0,540.0,549.0,137300,0.0,0.0
2023-11-06 00:00:00+09:00,555.0,562.0,545.0,546.0,393600,0.0,0.0
2023-11-07 00:00:00+09:00,538.0,545.0,533.0,542.0,183800,0.0,0.0
2023-11-08 00:00:00+09:00,546.0,546.0,524.0,538.0,227000,0.0,0.0
2023-11-09 00:00:00+09:00,533.0,536.0,495.0,536.0,671000,0.0,0.0
2023-11-10 00:00:00+09:00,529.0,529.0,484.0,505.0,722200,0.0,0.0
2023-11-13 00:00:00+09:00,503.0,507.0,493.0,494.0,433800,0.0,0.0
2023-11-14 00:00:00+09:00,496.0,499.0,487.0,488.0,232800,0.0,0.0
2023-11-15 00:00:00+09:00,491.0,519.0,488.0,514.0,337300,0.0,0.0
2023-11-16 00:00:00+09:00,508.0,519.0,507.0,513.0,194500,0.0,0.0
2023-11-17 00:00:00+09:00,513.0,546.0,513.0,534.0,545600,0.0,0.0
2023-11-20 00:00:00+09:00,549.0,575.0,547.0,574.0,666100,0.0,0.0
2023-11-21 00:00:00+09:00,574.0,600.0,573.0,592.0,618800,0.0,0.0
2023-11-22 00:00:00+09:00,590.0,590.0,566.0,569.0,375600,0.0,0.0
2023-11-24 00:00:00+09:00,574.0,579.0,567.0,575.0,261100,0.0,0.0
2023-11-27 00:00:00+09:00,570.0,570.0,553.0,557.0,382600,0.0,0.0
2023-11-28 00:00:00+09:00,560.0,565.0,550.0,562.0,164400,0.0,0.0
2023-11-29 00:00:00+09:00,552.0,571.0,546.0,568.0,188400,0.0,0.0
2023-11-30 00:00:00+09:00,570.0,572.0,557.0,566.0,193100,0.0,0.0
2023-12-01 00:00:00+09:00,566.0,567.0,555.0,557.0,170100,0.0,0.0
2023-12-04 00:00:00+09:00,555.0,564.0,552.0,559.0,113900,0.0,0.0
2023-12-05 00:00:00+09:00,554.0,562.0,549.0,549.0,132700,0.0,0.0
2023-12-06 00:00:00+09:00,548.0,558.0,548.0,556.0,98700,0.0,0.0
2023-12-07 00:00:00+09:00,548.0,554.0,539.0,550.0,258800,0.0,0.0
2023-12-08 00:00:00+09:00,553.0,558.0,550.0,553.0,238400,0.0,0.0
2023-12-11 00:00:00+09:00,557.0,571.0,556.0,560.0,331500,0.0,0.0
2023-12-12 00:00:00+09:00,563.0,574.0,554.0,559.0,202100,0.0,0.0
2023-12-13 00:00:00+09:00,559.0,565.0,555.0,556.0,170500,0.0,0.0
2023-12-14 00:00:00+09:00,569.0,590.0,569.0,574.0,502800,0.0,0.0
2023-12-15 00:00:00+09:00,577.0,596.0,577.0,590.0,424600,0.0,0.0
2023-12-18 00:00:00+09:00,582.0,584.0,575.0,581.0,200900,0.0,0.0
2023-12-19 00:00:00+09:00,580.0,582.0,573.0,582.0,118700,0.0,0.0
2023-12-20 00:00:00+09:00,582.0,585.0,562.0,565.0,216400,0.0,0.0
2023-12-21 00:00:00+09:00,557.0,581.0,557.0,577.0,196600,0.0,0.0
2023-12-22 00:00:00+09:00,577.0,581.0,574.0,577.0,119300,0.0,0.0
2023-12-25 00:00:00+09:00,583.0,583.0,570.0,575.0,106200,0.0,0.0
2023-12-26 00:00:00+09:00,572.0,580.0,562.0,562.0,199100,0.0,0.0
2023-12-27 00:00:00+09:00,565.0,578.0,562.0,570.0,185300,0.0,0.0
2023-12-28 00:00:00+09:00,571.0,581.0,564.0,571.0,202300,0.0,0.0
2023-12-29 00:00:00+09:00,570.0,587.0,567.0,577.0,300300,0.0,0.0
2024-01-04 00:00:00+09:00,570.0,576.0,556.0,568.0,222400,0.0,0.0
2024-01-05 00:00:00+09:00,575.0,584.0,574.0,574.0,248900,0.0,0.0
2024-01-09 00:00:00+09:00,574.0,595.0,572.0,595.0,229900,0.0,0.0
2024-01-10 00:00:00+09:00,595.0,595.0,585.0,587.0,176500,0.0,0.0
2024-01-11 00:00:00+09:00,588.0,589.0,577.0,580.0,145900,0.0,0.0
2024-01-12 00:00:00+09:00,580.0,580.0,558.0,560.0,180500,0.0,0.0
2024-01-15 00:00:00+09:00,557.0,572.0,557.0,568.0,43300,0.0,0.0
2024-01-16 00:00:00+09:00,579.0,584.0,574.0,577.0,202200,0.0,0.0
2024-01-17 00:00:00+09:00,577.0,584.0,568.0,568.0,149200,0.0,0.0
2024-01-18 00:00:00+09:00,565.0,569.0,557.0,561.0,191600,0.0,0.0
2024-01-19 00:00:00+09:00,565.0,568.0,557.0,562.0,143400,0.0,0.0
2024-01-22 00:00:00+09:00,565.0,578.0,562.0,576.0,138700,0.0,0.0
2024-01-23 00:00:00+09:00,579.0,584.0,569.0,569.0,139000,0.0,0.0
2024-01-24 00:00:00+09:00,566.0,583.0,566.0,581.0,164600,0.0,0.0
2024-01-25 00:00:00+09:00,582.0,606.0,579.0,606.0,364300,0.0,0.0
2024-01-26 00:00:00+09:00,606.0,613.0,600.0,607.0,382800,0.0,0.0
2024-01-29 00:00:00+09:00,608.0,615.0,604.0,610.0,157100,0.0,0.0
2024-01-30 00:00:00+09:00,610.0,614.0,600.0,604.0,131200,0.0,0.0
2024-01-31 00:00:00+09:00,597.0,610.0,597.0,610.0,122300,0.0,0.0
2024-02-01 00:00:00+09:00,605.0,629.0,603.0,624.0,361400,0.0,0.0
2024-02-02 00:00:00+09:00,630.0,637.0,626.0,636.0,272100,0.0,0.0
2024-02-05 00:00:00+09:00,640.0,642.0,623.0,633.0,248100,0.0,0.0
2024-02-06 00:00:00+09:00,624.0,631.0,618.0,623.0,178800,0.0,0.0
2024-02-07 00:00:00+09:00,623.0,632.0,618.0,628.0,146400,0.0,0.0
2024-02-08 00:00:00+09:00,631.0,633.0,616.0,631.0,169300,0.0,0.0
2024-02-09 00:00:00+09:00,635.0,644.0,621.0,630.0,260600,0.0,0.0
2024-02-13 00:00:00+09:00,600.0,604.0,577.0,586.0,1102000,0.0,0.0
2024-02-14 00:00:00+09:00,581.0,583.0,562.0,577.0,578800,0.0,0.0
2024-02-15 00:00:00+09:00,587.0,594.0,572.0,573.0,257100,0.0,0.0
2024-02-16 00:00:00+09:00,575.0,591.0,563.0,580.0,451500,0.0,0.0
2024-02-19 00:00:00+09:00,570.0,580.0,550.0,576.0,610800,0.0,0.0
2024-02-20 00:00:00+09:00,582.0,597.0,578.0,580.0,222400,0.0,0.0
2024-02-21 00:00:00+09:00,570.0,573.0,548.0,552.0,280200,0.0,0.0
2024-02-22 00:00:00+09:00,570.0,570.0,531.0,533.0,425900,0.0,0.0
2024-02-26 00:00:00+09:00,535.0,566.0,529.0,548.0,507300,0.0,0.0
2024-02-27 00:00:00+09:00,552.0,563.0,546.0,548.0,313200,0.0,0.0
2024-02-28 00:00:00+09:00,545.0,558.0,545.0,550.0,202800,0.0,0.0
2024-02-29 00:00:00+09:00,550.0,563.0,550.0,555.0,217700,0.0,0.0
2024-03-01 00:00:00+09:00,556.0,563.0,554.0,562.0,192200,0.0,0.0
2024-03-04 00:00:00+09:00,569.0,605.0,567.0,605.0,489300,0.0,0.0
2024-03-05 00:00:00+09:00,585.0,607.0,585.0,599.0,320000,0.0,0.0
2024-03-06 00:00:00+09:00,585.0,601.0,577.0,591.0,416200,0.0,0.0
2024-03-07 00:00:00+09:00,595.0,596.0,568.0,569.0,256000,0.0,0.0
2024-03-08 00:00:00+09:00,579.0,596.0,566.0,589.0,317400,0.0,0.0
2024-03-11 00:00:00+09:00,582.0,590.0,575.0,582.0,222100,0.0,0.0
2024-03-12 00:00:00+09:00,572.0,573.0,528.0,535.0,500400,0.0,0.0
2024-03-13 00:00:00+09:00,536.0,536.0,519.0,522.0,444100,0.0,0.0
2024-03-14 00:00:00+09:00,522.0,528.0,508.0,526.0,459600,0.0,0.0
2024-03-15 00:00:00+09:00,524.0,535.0,518.0,535.0,314800,0.0,0.0
2024-03-18 00:00:00+09:00,535.0,537.0,525.0,535.0,329300,0.0,0.0
2024-03-19 00:00:00+09:00,528.0,532.0,510.0,517.0,334600,0.0,0.0
2024-03-21 00:00:00+09:00,530.0,543.0,530.0,536.0,350500,0.0,0.0
2024-03-22 00:00:00+09:00,538.0,568.0,537.0,564.0,366400,0.0,0.0
2024-03-25 00:00:00+09:00,569.0,578.0,560.0,561.0,403300,0.0,0.0
2024-03-26 00:00:00+09:00,551.0,554.0,530.0,530.0,281700,0.0,0.0
2024-03-27 00:00:00+09:00,527.0,541.0,521.0,532.0,343400,0.0,0.0
2024-03-28 00:00:00+09:00,536.0,541.0,524.0,524.0,270900,0.0,0.0
2024-03-29 00:00:00+09:00,521.0,533.0,521.0,530.0,66800,0.0,0.0
2024-04-01 00:00:00+09:00,530.0,530.0,510.0,511.0,185800,0.0,0.0
2024-04-02 00:00:00+09:00,516.0,530.0,508.0,527.0,346900,0.0,0.0
2024-04-03 00:00:00+09:00,527.0,537.0,527.0,530.0,376400,0.0,0.0
2024-04-04 00:00:00+09:00,535.0,553.0,533.0,548.0,313500,0.0,0.0
2024-04-05 00:00:00+09:00,540.0,554.0,538.0,550.0,216900,0.0,0.0
2024-04-08 00:00:00+09:00,559.0,571.0,551.0,566.0,257300,0.0,0.0
2024-04-09 00:00:00+09:00,564.0,567.0,557.0,562.0,176800,0.0,0.0
2024-04-10 00:00:00+09:00,562.0,582.0,562.0,576.0,172000,0.0,0.0
2024-04-11 00:00:00+09:00,573.0,580.0,568.0,574.0,185400,0.0,0.0
2024-04-12 00:00:00+09:00,587.0,593.0,569.0,582.0,288100,0.0,0.0
2024-04-15 00:00:00+09:00,575.0,584.0,572.0,577.0,165100,0.0,0.0
2024-04-16 00:00:00+09:00,567.0,573.0,563.0,570.0,273500,0.0,0.0
2024-04-17 00:00:00+09:00,576.0,580.0,561.0,561.0,205400,0.0,0.0
2024-04-18 00:00:00+09:00,567.0,579.0,566.0,578.0,160700,0.0,0.0
2024-04-19 00:00:00+09:00,575.0,575.0,555.0,561.0,233100,0.0,0.0
2024-04-22 00:00:00+09:00,569.0,581.0,563.0,580.0,192300,0.0,0.0
2024-04-23 00:00:00+09:00,578.0,586.0,575.0,576.0,169000,0.0,0.0
2024-04-24 00:00:00+09:00,580.0,594.0,577.0,589.0,209900,0.0,0.0
2024-04-25 00:00:00+09:00,580.0,582.0,563.0,572.0,308200,0.0,0.0
2024-04-26 00:00:00+09:00,572.0,573.0,561.0,572.0,186000,0.0,0.0
2024-04-30 00:00:00+09:00,575.0,586.0,572.0,579.0,191800,0.0,0.0
2024-05-01 00:00:00+09:00,577.0,578.0,569.0,574.0,135300,0.0,0.0
2024-05-02 00:00:00+09:00,575.0,575.0,557.0,564.0,163900,0.0,0.0
2024-05-07 00:00:00+09:00,566.0,583.0,566.0,582.0,264100,0.0,0.0
2024-05-08 00:00:00+09:00,586.0,586.0,566.0,566.0,408100,0.0,0.0
2024-05-09 00:00:00+09:00,570.0,582.0,561.0,568.0,342000,0.0,0.0
2024-05-10 00:00:00+09:00,558.0,572.0,528.0,528.0,401400,0.0,0.0
2024-05-13 00:00:00+09:00,528.0,536.0,524.0,532.0,205700,0.0,0.0
2024-05-14 00:00:00+09:00,534.0,548.0,529.0,537.0,159200,0.0,0.0
2024-05-15 00:00:00+09:00,541.0,549.0,534.0,534.0,229900,0.0,0.0
2024-05-16 00:00:00+09:00,533.0,548.0,528.0,538.0,160700,0.0,0.0
2024-05-17 00:00:00+09:00,538.0,539.0,520.0,521.0,160700,0.0,0.0
2024-05-20 00:00:00+09:00,522.0,532.0,512.0,514.0,214900,0.0,0.0
2024-05-21 00:00:00+09:00,510.0,514.0,466.0,477.0,509500,0.0,0.0
2024-05-22 00:00:00+09:00,469.0,472.0,449.0,464.0,386600,0.0,0.0
2024-05-23 00:00:00+09:00,468.0,480.0,465.0,475.0,227000,0.0,0.0
2024-05-24 00:00:00+09:00,472.0,495.0,468.0,494.0,279700,0.0,0.0
2024-05-27 00:00:00+09:00,502.0,522.0,502.0,509.0,486000,0.0,0.0
2024-05-28 00:00:00+09:00,503.0,521.0,502.0,505.0,236700,0.0,0.0
2024-05-29 00:00:00+09:00,501.0,504.0,479.0,482.0,210100,0.0,0.0
2024-05-30 00:00:00+09:00,478.0,508.0,478.0,505.0,272900,0.0,0.0
2024-05-31 00:00:00+09:00,505.0,514.0,497.0,512.0,271900,0.0,0.0
2024-06-03 00:00:00+09:00,512.0,517.0,504.0,504.0,158200,0.0,0.0
2024-06-04 00:00:00+09:00,502.0,517.0,498.0,509.0,186000,0.0,0.0
2024-06-05 00:00:00+09:00,505.0,518.0,502.0,518.0,178700,0.0,0.0
2024-06-06 00:00:00+09:00,531.0,541.0,522.0,530.0,310600,0.0,0.0
2024-06-07 00:00:00+09:00,548.0,562.0,545.0,547.0,344500,0.0,0.0
2024-06-10 00:00:00+09:00,543.0,545.0,535.0,536.0,210800,0.0,0.0
2024-06-11 00:00:00+09:00,533.0,545.0,530.0,535.0,168800,0.0,0.0
2024-06-12 00:00:00+09:00,526.0,537.0,526.0,537.0,110500,0.0,0.0
2024-06-13 00:00:00+09:00,537.0,537.0,523.0,525.0,167100,0.0,0.0
2024-06-14 00:00:00+09:00,534.0,546.0,530.0,546.0,309200,0.0,0.0
2024-06-17 00:00:00+09:00,537.0,540.0,524.0,536.0,227800,0.0,0.0
2024-06-18 00:00:00+09:00,529.0,537.0,528.0,532.0,110800,0.0,0.0
2024-06-19 00:00:00+09:00,542.0,550.0,538.0,540.0,224000,0.0,0.0
2024-06-20 00:00:00+09:00,540.0,544.0,531.0,539.0,202500,0.0,0.0
2024-06-21 00:00:00+09:00,544.0,563.0,542.0,548.0,391900,0.0,0.0
2024-06-24 00:00:00+09:00,548.0,559.0,543.0,555.0,229700,0.0,0.0
2024-06-25 00:00:00+09:00,561.0,570.0,556.0,567.0,336400,0.0,0.0
2024-06-26 00:00:00+09:00,560.0,583.0,559.0,579.0,294300,0.0,0.0
2024-06-27 00:00:00+09:00,573.0,594.0,571.0,593.0,258600,0.0,0.0
2024-06-28 00:00:00+09:00,593.0,597.0,577.0,582.0,178600,0.0,0.0
2024-07-01 00:00:00+09:00,592.0,592.0,566.0,567.0,195200,0.0,0.0
2024-07-02 00:00:00+09:00,567.0,586.0,562.0,581.0,230700,0.0,0.0
2024-07-03 00:00:00+09:00,577.0,590.0,574.0,587.0,179200,0.0,0.0
2024-07-04 00:00:00+09:00,587.0,588.0,570.0,571.0,212900,0.0,0.0
2024-07-05 00:00:00+09:00,569.0,580.0,561.0,574.0,203000,0.0,0.0
2024-07-08 00:00:00+09:00,569.0,580.0,560.0,573.0,317600,0.0,0.0
2024-07-09 00:00:00+09:00,572.0,590.0,569.0,580.0,273100,0.0,0.0
2024-07-10 00:00:00+09:00,576.0,587.0,574.0,583.0,322700,0.0,0.0
2024-07-11 00:00:00+09:00,585.0,602.0,578.0,599.0,333800,0.0,0.0
2024-07-12 00:00:00+09:00,603.0,611.0,596.0,603.0,222000,0.0,0.0
2024-07-16 00:00:00+09:00,601.0,608.0,599.0,605.0,178400,0.0,0.0
2024-07-17 00:00:00+09:00,606.0,619.0,602.0,613.0,439100,0.0,0.0
2024-07-18 00:00:00+09:00,598.0,619.0,598.0,613.0,385800,0.0,0.0
2024-07-19 00:00:00+09:00,609.0,619.0,605.0,617.0,169900,0.0,0.0
2024-07-22 00:00:00+09:00,610.0,619.0,606.0,618.0,237200,0.0,0.0
2024-07-23 00:00:00+09:00,616.0,625.0,613.0,622.0,269000,0.0,0.0
2024-07-24 00:00:00+09:00,612.0,625.0,612.0,619.0,248200,0.0,0.0
2024-07-25 00:00:00+09:00,612.0,615.0,598.0,604.0,440700,0.0,0.0
2024-07-26 00:00:00+09:00,606.0,617.0,604.0,614.0,184000,0.0,0.0
2024-07-29 00:00:00+09:00,623.0,627.0,605.0,625.0,250400,0.0,0.0
2024-07-30 00:00:00+09:00,620.0,626.0,608.0,614.0,1340200,0.0,0.0
2024-07-31 00:00:00+09:00,613.0,621.0,608.0,618.0,238300,0.0,0.0
2024-08-01 00:00:00+09:00,608.0,610.0,573.0,579.0,495800,0.0,0.0
2024-08-02 00:00:00+09:00,559.0,562.0,540.0,542.0,560500,0.0,0.0
2024-08-05 00:00:00+09:00,510.0,552.0,498.0,499.0,519500,0.0,0.0
2024-08-06 00:00:00+09:00,537.0,571.0,532.0,561.0,380400,0.0,0.0
2024-08-07 00:00:00+09:00,551.0,589.0,550.0,576.0,342200,0.0,0.0
2024-08-08 00:00:00+09:00,582.0,595.0,570.0,591.0,376500,0.0,0.0
2024-08-09 00:00:00+09:00,621.0,659.0,613.0,654.0,763200,0.0,0.0
2024-08-13 00:00:00+09:00,656.0,679.0,655.0,673.0,431100,0.0,0.0
2024-08-14 00:00:00+09:00,675.0,688.0,668.0,688.0,432800,0.0,0.0
2024-08-15 00:00:00+09:00,700.0,716.0,690.0,710.0,744800,0.0,0.0
2024-08-16 00:00:00+09:00,710.0,713.0,682.0,707.0,498100,0.0,0.0
2024-08-19 00:00:00+09:00,705.0,713.0,698.0,701.0,241600,0.0,0.0
2024-08-20 00:00:00+09:00,705.0,741.0,704.0,734.0,421600,0.0,0.0
2024-08-21 00:00:00+09:00,730.0,733.0,711.0,712.0,426300,0.0,0.0
2024-08-22 00:00:00+09:00,712.0,712.0,693.0,707.0,359600,0.0,0.0
2024-08-23 00:00:00+09:00,712.0,713.0,697.0,700.0,184600,0.0,0.0
2024-08-26 00:00:00+09:00,694.0,711.0,688.0,704.0,334500,0.0,0.0
2024-08-27 00:00:00+09:00,704.0,729.0,701.0,729.0,313300,0.0,0.0
2024-08-28 00:00:00+09:00,732.0,743.0,717.0,736.0,325000,0.0,0.0
2024-08-29 00:00:00+09:00,733.0,752.0,731.0,737.0,262700,0.0,0.0
2024-08-30 00:00:00+09:00,735.0,748.0,728.0,739.0,290200,0.0,0.0
2024-09-02 00:00:00+09:00,745.0,753.0,713.0,719.0,189700,0.0,0.0
2024-09-03 00:00:00+09:00,720.0,735.0,716.0,735.0,157900,0.0,0.0
2024-09-04 00:00:00+09:00,700.0,715.0,700.0,709.0,196400,0.0,0.0
2024-09-05 00:00:00+09:00,699.0,715.0,696.0,701.0,166200,0.0,0.0
2024-09-06 00:00:00+09:00,707.0,710.0,688.0,697.0,174300,0.0,0.0
2024-09-09 00:00:00+09:00,677.0,691.0,676.0,682.0,170100,0.0,0.0
2024-09-10 00:00:00+09:00,681.0,697.0,681.0,687.0,136600,0.0,0.0
2024-09-11 00:00:00+09:00,687.0,694.0,673.0,681.0,171900,0.0,0.0
2024-09-12 00:00:00+09:00,683.0,690.0,673.0,680.0,162400,0.0,0.0
2024-09-13 00:00:00+09:00,672.0,672.0,656.0,656.0,301500,0.0,0.0
2024-09-17 00:00:00+09:00,649.0,664.0,633.0,645.0,279200,0.0,0.0
2024-09-18 00:00:00+09:00,655.0,682.0,655.0,682.0,368400,0.0,0.0
2024-09-19 00:00:00+09:00,688.0,699.0,687.0,690.0,299900,0.0,0.0
2024-09-20 00:00:00+09:00,687.0,688.0,670.0,679.0,322500,0.0,0.0
2024-09-24 00:00:00+09:00,680.0,680.0,661.0,676.0,185400,0.0,0.0
2024-09-25 00:00:00+09:00,679.0,679.0,662.0,674.0,148000,0.0,0.0
2024-09-26 00:00:00+09:00,681.0,691.0,678.0,690.0,228000,0.0,0.0
2024-09-27 00:00:00+09:00,684.0,688.0,678.0,683.0,164600,0.0,0.0
2024-09-30 00:00:00+09:00,663.0,677.0,663.0,667.0,191900,0.0,0.0
2024-10-01 00:00:00+09:00,666.0,667.0,656.0,656.0,95800,0.0,0.0
2024-10-02 00:00:00+09:00,655.0,659.0,639.0,642.0,232800,0.0,0.0
2024-10-03 00:00:00+09:00,659.0,665.0,645.0,647.0,136200,0.0,0.0
2024-10-04 00:00:00+09:00,642.0,647.0,627.0,627.0,220900,0.0,0.0
2024-10-07 00:00:00+09:00,630.0,632.0,620.0,621.0,252000,0.0,0.0
2024-10-08 00:00:00+09:00,611.0,612.0,601.0,608.0,413400,0.0,0.0
2024-10-09 00:00:00+09:00,615.0,644.0,611.0,643.0,155200,0.0,0.0
2024-10-10 00:00:00+09:00,646.0,646.0,630.0,635.0,99400,0.0,0.0
2024-10-11 00:00:00+09:00,639.0,643.0,622.0,623.0,171500,0.0,0.0
2024-10-15 00:00:00+09:00,622.0,623.0,613.0,621.0,240000,0.0,0.0
2024-10-16 00:00:00+09:00,617.0,630.0,616.0,619.0,168000,0.0,0.0
2024-10-17 00:00:00+09:00,620.0,630.0,610.0,612.0,180100,0.0,0.0
2024-10-18 00:00:00+09:00,608.0,617.0,595.0,599.0,131400,0.0,0.0
2024-10-21 00:00:00+09:00,600.0,603.0,596.0,596.0,105700,0.0,0.0
2024-10-22 00:00:00+09:00,592.0,597.0,581.0,582.0,169400,0.0,0.0
2024-10-23 00:00:00+09:00,576.0,582.0,567.0,571.0,205400,0.0,0.0
2024-10-24 00:00:00+09:00,565.0,576.0,561.0,571.0,178200,0.0,0.0
2024-10-25 00:00:00+09:00,573.0,577.0,558.0,559.0,161700,0.0,0.0
2024-10-28 00:00:00+09:00,556.0,580.0,555.0,578.0,221900,0.0,0.0
2024-10-29 00:00:00+09:00,558.0,561.0,548.0,552.0,298800,0.0,0.0
2024-10-30 00:00:00+09:00,557.0,564.0,552.0,555.0,313800,0.0,0.0
2024-10-31 00:00:00+09:00,555.0,571.0,555.0,570.0,154700,0.0,0.0
2024-11-01 00:00:00+09:00,555.0,563.0,551.0,555.0,193200,0.0,0.0
2024-11-05 00:00:00+09:00,562.0,571.0,558.0,558.0,174000,0.0,0.0
2024-11-06 00:00:00+09:00,553.0,573.0,553.0,559.0,184000,0.0,0.0
2024-11-07 00:00:00+09:00,564.0,572.0,561.0,563.0,229100,0.0,0.0
2024-11-08 00:00:00+09:00,573.0,580.0,570.0,570.0,166400,0.0,0.0
2024-11-11 00:00:00+09:00,575.0,580.0,567.0,572.0,230900,0.0,0.0
2024-11-12 00:00:00+09:00,579.0,595.0,577.0,580.0,349400,0.0,0.0
2024-11-13 00:00:00+09:00,670.0,670.0,616.0,621.0,468600,0.0,0.0
2024-11-14 00:00:00+09:00,612.0,654.0,601.0,647.0,410300,0.0,0.0
2024-11-15 00:00:00+09:00,652.0,660.0,634.0,645.0,221200,0.0,0.0
2024-11-18 00:00:00+09:00,645.0,654.0,622.0,627.0,138300,0.0,0.0
2024-11-19 00:00:00+09:00,631.0,665.0,631.0,662.0,237100,0.0,0.0
2024-11-20 00:00:00+09:00,663.0,674.0,659.0,670.0,168900,0.0,0.0
2024-11-21 00:00:00+09:00,680.0,684.0,669.0,680.0,137400,0.0,0.0
2024-11-22 00:00:00+09:00,710.0,719.0,696.0,699.0,268400,0.0,0.0
2024-11-25 00:00:00+09:00,708.0,710.0,683.0,683.0,198300,0.0,0.0
2024-11-26 00:00:00+09:00,689.0,694.0,682.0,694.0,153800,0.0,0.0
2024-11-27 00:00:00+09:00,694.0,699.0,684.0,694.0,155900,0.0,0.0
2024-11-28 00:00:00+09:00,691.0,718.0,691.0,717.0,189900,0.0,0.0
2024-11-29 00:00:00+09:00,710.0,714.0,688.0,688.0,149800,0.0,0.0
