Date,Open,High,Low,Close,Volume,Dividends,Stock Splits
2020-09-23 00:00:00-04:00,46.70000076293945,51.779998779296875,45.5,50.5,22724400,0.0,0.0
2020-09-24 00:00:00-04:00,49.119998931884766,50.0,46.150001525878906,46.70000076293945,5098300,0.0,0.0
2020-09-25 00:00:00-04:00,47.5,52.9900016784668,47.30500030517578,52.040000915527344,4213000,0.0,0.0
2020-09-28 00:00:00-04:00,53.47999954223633,60.88999938964844,52.5,56.790000915527344,7039600,0.0,0.0
2020-09-29 00:00:00-04:00,59.369998931884766,64.21900177001953,53.09000015258789,56.0,10504600,0.0,0.0
2020-09-30 00:00:00-04:00,57.06999969482422,58.38999938964844,53.20000076293945,55.599998474121094,2829900,0.0,0.0
2020-10-01 00:00:00-04:00,56.404998779296875,56.790000915527344,49.810001373291016,50.04999923706055,5361700,0.0,0.0
2020-10-02 00:00:00-04:00,48.0,50.97999954223633,47.77000045776367,48.75,2693500,0.0,0.0
2020-10-05 00:00:00-04:00,50.0,53.54999923706055,48.540000915527344,52.970001220703125,2511000,0.0,0.0
2020-10-06 00:00:00-04:00,53.779998779296875,57.16999816894531,51.39400100708008,57.15999984741211,2512600,0.0,0.0
2020-10-07 00:00:00-04:00,57.439998626708984,58.650001525878906,54.560001373291016,56.459999084472656,1697900,0.0,0.0
2020-10-08 00:00:00-04:00,57.380001068115234,57.47999954223633,53.650001525878906,54.959999084472656,1299600,0.0,0.0
2020-10-09 00:00:00-04:00,55.869998931884766,55.88999938964844,53.25,53.63999938964844,975300,0.0,0.0
2020-10-12 00:00:00-04:00,54.119998931884766,54.95000076293945,52.099998474121094,53.5,978700,0.0,0.0
2020-10-13 00:00:00-04:00,53.448001861572266,53.7599983215332,51.95100021362305,52.130001068115234,1131900,0.0,0.0
2020-10-14 00:00:00-04:00,51.619998931884766,52.279998779296875,49.20199966430664,51.26499938964844,1733700,0.0,0.0
2020-10-15 00:00:00-04:00,49.88999938964844,51.810001373291016,49.33000183105469,51.560001373291016,1212200,0.0,0.0
2020-10-16 00:00:00-04:00,51.560001373291016,53.04999923706055,50.5,53.02000045776367,1051900,0.0,0.0
2020-10-19 00:00:00-04:00,52.09000015258789,52.198001861572266,49.95000076293945,50.13999938964844,1854200,0.0,0.0
2020-10-20 00:00:00-04:00,50.70000076293945,50.70000076293945,47.75,49.04999923706055,1798900,0.0,0.0
2020-10-21 00:00:00-04:00,48.88999938964844,51.970001220703125,48.61000061035156,51.09000015258789,1205700,0.0,0.0
2020-10-22 00:00:00-04:00,51.13999938964844,54.0099983215332,50.900001525878906,54.0,1392300,0.0,0.0
2020-10-23 00:00:00-04:00,54.0,54.150001525878906,51.25,52.5,908400,0.0,0.0
2020-10-26 00:00:00-04:00,51.939998626708984,53.290000915527344,49.04999923706055,49.599998474121094,1420800,0.0,0.0
2020-10-27 00:00:00-04:00,50.0,50.564998626708984,48.77000045776367,49.15999984741211,888200,0.0,0.0
2020-10-28 00:00:00-04:00,48.0,49.13999938964844,47.349998474121094,48.2599983215332,1225100,0.0,0.0
2020-10-29 00:00:00-04:00,48.70000076293945,50.88999938964844,48.70000076293945,49.779998779296875,1119300,0.0,0.0
2020-10-30 00:00:00-04:00,48.86000061035156,49.779998779296875,46.810001373291016,48.38999938964844,1902100,0.0,0.0
2020-11-02 00:00:00-05:00,48.54999923706055,48.935001373291016,46.369998931884766,46.83000183105469,1698500,0.0,0.0
2020-11-03 00:00:00-05:00,47.189998626708984,48.189998626708984,46.900001525878906,47.5,701300,0.0,0.0
2020-11-04 00:00:00-05:00,48.93000030517578,50.959999084472656,48.45000076293945,50.5,1083700,0.0,0.0
2020-11-05 00:00:00-05:00,51.779998779296875,51.779998779296875,49.22999954223633,50.66999816894531,982500,0.0,0.0
2020-11-06 00:00:00-05:00,50.0,50.790000915527344,49.77000045776367,50.2400016784668,882000,0.0,0.0
2020-11-09 00:00:00-05:00,51.66899871826172,55.0,48.75,52.310001373291016,1826500,0.0,0.0
2020-11-10 00:00:00-05:00,52.40999984741211,53.400001525878906,49.11000061035156,50.349998474121094,1085800,0.0,0.0
2020-11-11 00:00:00-05:00,50.20000076293945,52.849998474121094,50.20000076293945,51.099998474121094,1702900,0.0,0.0
2020-11-12 00:00:00-05:00,48.25,50.0369987487793,47.540000915527344,47.77000045776367,3556700,0.0,0.0
2020-11-13 00:00:00-05:00,48.380001068115234,49.650001525878906,47.23500061035156,47.349998474121094,1349100,0.0,0.0
2020-11-16 00:00:00-05:00,48.58000183105469,48.72999954223633,46.54999923706055,46.720001220703125,1725400,0.0,0.0
2020-11-17 00:00:00-05:00,37.959999084472656,40.5,36.02000045776367,36.209999084472656,23138800,0.0,0.0
2020-11-18 00:00:00-05:00,34.650001525878906,35.72999954223633,33.5099983215332,33.7599983215332,14594000,0.0,0.0
2020-11-19 00:00:00-05:00,35.9900016784668,38.36000061035156,34.29999923706055,38.0,15791400,0.0,0.0
2020-11-20 00:00:00-05:00,37.9900016784668,41.16999816894531,37.25,38.79999923706055,8568400,0.0,0.0
2020-11-23 00:00:00-05:00,37.9900016784668,39.16999816894531,36.52000045776367,39.06999969482422,5519400,0.0,0.0
2020-11-24 00:00:00-05:00,38.9900016784668,39.970001220703125,37.803001403808594,38.04499816894531,3037900,0.0,0.0
2020-11-25 00:00:00-05:00,37.88999938964844,38.77000045776367,37.11000061035156,38.56999969482422,2038100,0.0,0.0
2020-11-27 00:00:00-05:00,38.52000045776367,39.380001068115234,37.79999923706055,38.20000076293945,1366100,0.0,0.0
2020-11-30 00:00:00-05:00,38.0,38.09000015258789,36.209999084472656,37.70000076293945,2339700,0.0,0.0
2020-12-01 00:00:00-05:00,37.45000076293945,37.79999923706055,36.43000030517578,36.810001373291016,2239800,0.0,0.0
2020-12-02 00:00:00-05:00,36.18000030517578,37.189998626708984,35.611000061035156,36.79999923706055,1609700,0.0,0.0
2020-12-03 00:00:00-05:00,36.810001373291016,38.150001525878906,36.5099983215332,37.41999816894531,2047700,0.0,0.0
2020-12-04 00:00:00-05:00,37.54999923706055,39.540000915527344,37.4900016784668,39.0,2561200,0.0,0.0
2020-12-07 00:00:00-05:00,39.58000183105469,40.4900016784668,37.709999084472656,37.88999938964844,2373800,0.0,0.0
2020-12-08 00:00:00-05:00,38.02000045776367,38.400001525878906,37.279998779296875,37.790000915527344,1724000,0.0,0.0
2020-12-09 00:00:00-05:00,38.63999938964844,39.650001525878906,37.560001373291016,37.88999938964844,2549100,0.0,0.0
2020-12-10 00:00:00-05:00,37.939998626708984,39.4900016784668,37.540000915527344,38.91999816894531,1897500,0.0,0.0
2020-12-11 00:00:00-05:00,38.95000076293945,43.27000045776367,38.45000076293945,42.650001525878906,5923600,0.0,0.0
2020-12-14 00:00:00-05:00,42.709999084472656,45.4900016784668,42.599998474121094,45.0099983215332,3449100,0.0,0.0
2020-12-15 00:00:00-05:00,44.11000061035156,44.5,42.209999084472656,43.029998779296875,2232800,0.0,0.0
2020-12-16 00:00:00-05:00,43.56999969482422,43.86000061035156,40.33000183105469,42.45000076293945,2723100,0.0,0.0
2020-12-17 00:00:00-05:00,43.130001068115234,45.900001525878906,42.58599853515625,45.630001068115234,2786300,0.0,0.0
2020-12-18 00:00:00-05:00,45.58000183105469,46.54999923706055,44.380001068115234,44.61000061035156,4365300,0.0,0.0
2020-12-21 00:00:00-05:00,44.369998931884766,47.31999969482422,43.72999954223633,46.689998626708984,2276300,0.0,0.0
2020-12-22 00:00:00-05:00,47.040000915527344,49.4900016784668,47.040000915527344,48.31999969482422,1851400,0.0,0.0
2020-12-23 00:00:00-05:00,49.0,49.09000015258789,47.040000915527344,47.59000015258789,1337100,0.0,0.0
2020-12-24 00:00:00-05:00,47.79999923706055,48.380001068115234,45.599998474121094,46.31999969482422,686100,0.0,0.0
2020-12-28 00:00:00-05:00,46.86000061035156,47.4900016784668,43.0099983215332,43.58000183105469,2162200,0.0,0.0
2020-12-29 00:00:00-05:00,43.58000183105469,43.959999084472656,41.83000183105469,42.150001525878906,1355900,0.0,0.0
2020-12-30 00:00:00-05:00,42.7400016784668,43.27799987792969,41.720001220703125,42.290000915527344,1916500,0.0,0.0
2020-12-31 00:00:00-05:00,42.33000183105469,42.58000183105469,39.641998291015625,40.34000015258789,3069100,0.0,0.0
2021-01-04 00:00:00-05:00,40.95000076293945,42.279998779296875,39.38999938964844,41.650001525878906,3191500,0.0,0.0
2021-01-05 00:00:00-05:00,41.619998931884766,42.25,39.849998474121094,40.689998626708984,1851900,0.0,0.0
2021-01-06 00:00:00-05:00,39.83300018310547,41.650001525878906,39.29999923706055,40.59000015258789,1989000,0.0,0.0
2021-01-07 00:00:00-05:00,41.0099983215332,42.150001525878906,40.07500076293945,41.68000030517578,1461700,0.0,0.0
2021-01-08 00:00:00-05:00,42.26499938964844,42.41999816894531,40.849998474121094,41.77000045776367,1485300,0.0,0.0
2021-01-11 00:00:00-05:00,41.709999084472656,43.09000015258789,40.599998474121094,42.2400016784668,1491200,0.0,0.0
2021-01-12 00:00:00-05:00,42.2400016784668,44.33000183105469,41.959999084472656,43.790000915527344,1771400,0.0,0.0
2021-01-13 00:00:00-05:00,43.84000015258789,44.29999923706055,41.93000030517578,43.33000183105469,1495100,0.0,0.0
2021-01-14 00:00:00-05:00,43.650001525878906,44.790000915527344,43.45000076293945,44.2599983215332,1299600,0.0,0.0
2021-01-15 00:00:00-05:00,43.970001220703125,44.52000045776367,42.130001068115234,42.900001525878906,1084200,0.0,0.0
2021-01-19 00:00:00-05:00,43.5,43.5,41.13999938964844,42.4900016784668,1332300,0.0,0.0
2021-01-20 00:00:00-05:00,42.70000076293945,43.29999923706055,41.30500030517578,41.900001525878906,1161200,0.0,0.0
2021-01-21 00:00:00-05:00,41.95000076293945,43.45000076293945,41.400001525878906,42.720001220703125,1194200,0.0,0.0
2021-01-22 00:00:00-05:00,43.43000030517578,44.68000030517578,41.93000030517578,44.47999954223633,1878700,0.0,0.0
2021-01-25 00:00:00-05:00,45.599998474121094,50.83000183105469,45.45000076293945,49.880001068115234,4968700,0.0,0.0
2021-01-26 00:00:00-05:00,48.79999923706055,52.2400016784668,48.11000061035156,50.7400016784668,2762300,0.0,0.0
2021-01-27 00:00:00-05:00,49.869998931884766,53.79999923706055,49.0099983215332,50.209999084472656,4064800,0.0,0.0
2021-01-28 00:00:00-05:00,49.72999954223633,50.9900016784668,47.869998931884766,48.2400016784668,2160300,0.0,0.0
2021-01-29 00:00:00-05:00,48.2400016784668,50.099998474121094,45.880001068115234,46.619998931884766,2109900,0.0,0.0
2021-02-01 00:00:00-05:00,47.470001220703125,50.78499984741211,47.0,49.970001220703125,2289500,0.0,0.0
2021-02-02 00:00:00-05:00,51.5,51.880001068115234,50.05500030517578,51.18000030517578,1242600,0.0,0.0
2021-02-03 00:00:00-05:00,51.34000015258789,51.88999938964844,50.099998474121094,51.5,846600,0.0,0.0
2021-02-04 00:00:00-05:00,52.0,56.70000076293945,50.68000030517578,51.7599983215332,2702700,0.0,0.0
2021-02-05 00:00:00-05:00,52.45000076293945,57.5,52.04999923706055,56.630001068115234,2705900,0.0,0.0
2021-02-08 00:00:00-05:00,56.869998931884766,58.900001525878906,55.0,55.59000015258789,1433900,0.0,0.0
2021-02-09 00:00:00-05:00,55.5099983215332,56.88999938964844,54.310001373291016,56.68000030517578,783900,0.0,0.0
2021-02-10 00:00:00-05:00,57.0,59.66999816894531,54.849998474121094,56.9900016784668,1132700,0.0,0.0
2021-02-11 00:00:00-05:00,57.0099983215332,57.25,53.18000030517578,54.08000183105469,1128400,0.0,0.0
2021-02-12 00:00:00-05:00,54.099998474121094,56.3390007019043,54.099998474121094,55.86000061035156,746300,0.0,0.0
2021-02-16 00:00:00-05:00,56.90999984741211,56.9900016784668,54.2599983215332,55.90999984741211,962000,0.0,0.0
2021-02-17 00:00:00-05:00,56.13999938964844,56.13999938964844,52.06999969482422,55.0,777300,0.0,0.0
2021-02-18 00:00:00-05:00,54.2400016784668,54.86000061035156,52.689998626708984,54.029998779296875,906700,0.0,0.0
2021-02-19 00:00:00-05:00,54.630001068115234,54.68000030517578,51.66999816894531,52.27000045776367,1129200,0.0,0.0
2021-02-22 00:00:00-05:00,51.25,51.779998779296875,49.2400016784668,49.63999938964844,1644000,0.0,0.0
2021-02-23 00:00:00-05:00,48.5,49.900001525878906,44.0,47.81999969482422,2426800,0.0,0.0
2021-02-24 00:00:00-05:00,48.11000061035156,49.290000915527344,46.0,47.599998474121094,1305400,0.0,0.0
2021-02-25 00:00:00-05:00,47.79999923706055,49.59000015258789,44.90999984741211,45.54999923706055,1898600,0.0,0.0
2021-02-26 00:00:00-05:00,45.400001525878906,46.15999984741211,43.099998474121094,44.52000045776367,1821900,0.0,0.0
2021-03-01 00:00:00-05:00,45.43000030517578,46.650001525878906,45.060001373291016,46.130001068115234,1130300,0.0,0.0
2021-03-02 00:00:00-05:00,46.5,47.34000015258789,45.150001525878906,45.61000061035156,1890300,0.0,0.0
2021-03-03 00:00:00-05:00,45.5,45.75,42.16999816894531,43.529998779296875,1956000,0.0,0.0
2021-03-04 00:00:00-05:00,42.650001525878906,44.04600143432617,39.18000030517578,42.040000915527344,2299600,0.0,0.0
2021-03-05 00:00:00-05:00,41.709999084472656,41.77000045776367,36.810001373291016,41.310001373291016,2638800,0.0,0.0
2021-03-08 00:00:00-05:00,41.5099983215332,42.779998779296875,39.5,40.0099983215332,1513700,0.0,0.0
2021-03-09 00:00:00-05:00,41.4900016784668,42.630001068115234,40.83000183105469,42.36000061035156,1407300,0.0,0.0
2021-03-10 00:00:00-05:00,42.79999923706055,42.9900016784668,40.540000915527344,40.619998931884766,1708800,0.0,0.0
2021-03-11 00:00:00-05:00,41.599998474121094,43.70000076293945,40.75,43.59000015258789,3006200,0.0,0.0
2021-03-12 00:00:00-05:00,40.560001373291016,40.599998474121094,37.720001220703125,39.04999923706055,8187800,0.0,0.0
2021-03-15 00:00:00-04:00,38.98899841308594,39.5,37.75,39.029998779296875,4155400,0.0,0.0
2021-03-16 00:00:00-04:00,39.04999923706055,39.04999923706055,36.91999816894531,37.459999084472656,2765800,0.0,0.0
2021-03-17 00:00:00-04:00,37.0,37.900001525878906,36.220001220703125,37.41999816894531,3673300,0.0,0.0
2021-03-18 00:00:00-04:00,36.86000061035156,38.68000030517578,36.27000045776367,36.880001068115234,2952900,0.0,0.0
2021-03-19 00:00:00-04:00,37.0,37.58000183105469,36.16999816894531,37.310001373291016,2873700,0.0,0.0
2021-03-22 00:00:00-04:00,36.40999984741211,37.9900016784668,33.939998626708984,37.619998931884766,3982400,0.0,0.0
2021-03-23 00:00:00-04:00,37.25,37.619998931884766,36.290000915527344,36.7599983215332,2457700,0.0,0.0
2021-03-24 00:00:00-04:00,36.91999816894531,36.959999084472656,34.75,35.029998779296875,4960300,0.0,0.0
2021-03-25 00:00:00-04:00,34.13999938964844,38.15999984741211,33.38999938964844,36.52000045776367,8308000,0.0,0.0
2021-03-26 00:00:00-04:00,37.16999816894531,38.380001068115234,36.310001373291016,38.029998779296875,2895600,0.0,0.0
2021-03-29 00:00:00-04:00,38.5099983215332,38.59000015258789,36.36000061035156,37.18000030517578,1927700,0.0,0.0
2021-03-30 00:00:00-04:00,37.0,38.40999984741211,36.29999923706055,37.939998626708984,3830800,0.0,0.0
2021-03-31 00:00:00-04:00,38.5,39.63999938964844,38.02000045776367,39.02000045776367,3177100,0.0,0.0
2021-04-01 00:00:00-04:00,39.619998931884766,40.59000015258789,38.810001373291016,39.029998779296875,3035300,0.0,0.0
2021-04-05 00:00:00-04:00,39.97999954223633,40.630001068115234,39.7599983215332,40.02000045776367,1564300,0.0,0.0
2021-04-06 00:00:00-04:00,40.5099983215332,41.880001068115234,39.849998474121094,41.150001525878906,2117900,0.0,0.0
2021-04-07 00:00:00-04:00,41.349998474121094,41.5,40.02000045776367,40.43000030517578,1191800,0.0,0.0
2021-04-08 00:00:00-04:00,40.900001525878906,41.21500015258789,39.400001525878906,39.459999084472656,1311000,0.0,0.0
2021-04-09 00:00:00-04:00,39.310001373291016,40.20000076293945,39.099998474121094,40.150001525878906,1141700,0.0,0.0
2021-04-12 00:00:00-04:00,40.34000015258789,41.029998779296875,39.20000076293945,40.61000061035156,1214000,0.0,0.0
2021-04-13 00:00:00-04:00,40.61000061035156,40.95000076293945,38.779998779296875,39.0,1402700,0.0,0.0
2021-04-14 00:00:00-04:00,39.880001068115234,39.880001068115234,37.56999969482422,37.66999816894531,1569600,0.0,0.0
2021-04-15 00:00:00-04:00,38.0,39.08000183105469,37.68000030517578,38.2599983215332,1777900,0.0,0.0
2021-04-16 00:00:00-04:00,38.40999984741211,38.849998474121094,37.689998626708984,38.13999938964844,1140000,0.0,0.0
2021-04-19 00:00:00-04:00,38.02000045776367,38.290000915527344,37.2599983215332,38.20000076293945,1512700,0.0,0.0
2021-04-20 00:00:00-04:00,38.310001373291016,38.970001220703125,38.130001068115234,38.63999938964844,986400,0.0,0.0
2021-04-21 00:00:00-04:00,38.650001525878906,38.94300079345703,38.099998474121094,38.81999969482422,614300,0.0,0.0
2021-04-22 00:00:00-04:00,39.04999923706055,39.560001373291016,38.52000045776367,39.27000045776367,1611200,0.0,0.0
2021-04-23 00:00:00-04:00,39.415000915527344,40.09000015258789,39.2599983215332,39.58000183105469,974200,0.0,0.0
2021-04-26 00:00:00-04:00,39.779998779296875,40.380001068115234,39.310001373291016,39.599998474121094,1137600,0.0,0.0
2021-04-27 00:00:00-04:00,40.45000076293945,41.599998474121094,40.0099983215332,41.18000030517578,1699100,0.0,0.0
2021-04-28 00:00:00-04:00,40.650001525878906,41.25,39.90999984741211,40.150001525878906,762100,0.0,0.0
2021-04-29 00:00:00-04:00,40.15999984741211,40.650001525878906,39.060001373291016,40.47999954223633,925300,0.0,0.0
2021-04-30 00:00:00-04:00,40.369998931884766,40.47999954223633,39.720001220703125,40.0099983215332,727300,0.0,0.0
2021-05-03 00:00:00-04:00,39.9900016784668,40.209999084472656,38.65999984741211,38.849998474121094,2061200,0.0,0.0
2021-05-04 00:00:00-04:00,38.66600036621094,38.849998474121094,37.380001068115234,38.08000183105469,1319400,0.0,0.0
2021-05-05 00:00:00-04:00,38.400001525878906,38.400001525878906,36.61000061035156,36.70000076293945,1038200,0.0,0.0
2021-05-06 00:00:00-04:00,36.20000076293945,36.5,34.0099983215332,35.08000183105469,2906000,0.0,0.0
2021-05-07 00:00:00-04:00,34.93000030517578,36.22999954223633,34.650001525878906,34.7400016784668,1082800,0.0,0.0
2021-05-10 00:00:00-04:00,34.56999969482422,34.650001525878906,31.350000381469727,31.450000762939453,3092100,0.0,0.0
2021-05-11 00:00:00-04:00,29.795000076293945,31.3700008392334,29.399999618530273,30.59000015258789,3020300,0.0,0.0
2021-05-12 00:00:00-04:00,30.350000381469727,30.8700008392334,28.84000015258789,29.479999542236328,2407900,0.0,0.0
2021-05-13 00:00:00-04:00,29.959999084472656,30.1299991607666,27.674999237060547,28.270000457763672,4653000,0.0,0.0
2021-05-14 00:00:00-04:00,26.979999542236328,31.25,26.660999298095703,30.969999313354492,6690800,0.0,0.0
2021-05-17 00:00:00-04:00,30.489999771118164,30.610000610351562,29.229000091552734,30.40999984741211,3480600,0.0,0.0
2021-05-18 00:00:00-04:00,29.25,31.389999389648438,28.799999237060547,30.200000762939453,4143200,0.0,0.0
2021-05-19 00:00:00-04:00,29.649999618530273,30.489999771118164,29.389999389648438,29.850000381469727,1671000,0.0,0.0
2021-05-20 00:00:00-04:00,30.139999389648438,30.90999984741211,29.5,30.469999313354492,1543800,0.0,0.0
2021-05-21 00:00:00-04:00,30.90999984741211,32.97999954223633,30.559999465942383,30.84000015258789,1886900,0.0,0.0
2021-05-24 00:00:00-04:00,31.770000457763672,33.02000045776367,31.56999969482422,32.45000076293945,1992700,0.0,0.0
2021-05-25 00:00:00-04:00,32.540000915527344,34.83000183105469,32.540000915527344,34.0099983215332,2817800,0.0,0.0
2021-05-26 00:00:00-04:00,34.09000015258789,35.380001068115234,33.88999938964844,35.25,2730100,0.0,0.0
2021-05-27 00:00:00-04:00,35.27000045776367,37.5,34.88999938964844,37.5,3723200,0.0,0.0
2021-05-28 00:00:00-04:00,37.5,39.33000183105469,37.02000045776367,37.11000061035156,2309500,0.0,0.0
2021-06-01 00:00:00-04:00,37.43000030517578,37.939998626708984,35.895999908447266,37.459999084472656,1252100,0.0,0.0
2021-06-02 00:00:00-04:00,37.529998779296875,40.29999923706055,37.0099983215332,39.5099983215332,2652100,0.0,0.0
2021-06-03 00:00:00-04:00,38.68000030517578,39.32699966430664,37.43000030517578,38.630001068115234,1317500,0.0,0.0
2021-06-04 00:00:00-04:00,39.11000061035156,39.380001068115234,38.27000045776367,38.36000061035156,1312200,0.0,0.0
2021-06-07 00:00:00-04:00,38.41999816894531,39.84000015258789,38.31999969482422,39.630001068115234,1400000,0.0,0.0
2021-06-08 00:00:00-04:00,40.0,40.0,38.04999923706055,39.06999969482422,1500000,0.0,0.0
2021-06-09 00:00:00-04:00,39.54999923706055,40.59000015258789,38.11600112915039,38.33000183105469,1644500,0.0,0.0
2021-06-10 00:00:00-04:00,38.4900016784668,38.75,37.04999923706055,37.06999969482422,2090700,0.0,0.0
2021-06-11 00:00:00-04:00,37.369998931884766,37.41999816894531,36.599998474121094,36.779998779296875,1607900,0.0,0.0
2021-06-14 00:00:00-04:00,37.650001525878906,39.2400016784668,37.25,38.33000183105469,2463600,0.0,0.0
2021-06-15 00:00:00-04:00,38.439998626708984,38.59000015258789,36.939998626708984,37.45000076293945,1002500,0.0,0.0
2021-06-16 00:00:00-04:00,37.47999954223633,38.20000076293945,36.81999969482422,37.13999938964844,1762800,0.0,0.0
2021-06-17 00:00:00-04:00,37.060001373291016,38.7400016784668,37.0,37.88999938964844,1349200,0.0,0.0
2021-06-18 00:00:00-04:00,37.66999816894531,38.5099983215332,37.09000015258789,37.630001068115234,2790100,0.0,0.0
2021-06-21 00:00:00-04:00,37.54999923706055,38.56999969482422,36.72999954223633,38.08000183105469,1070900,0.0,0.0
2021-06-22 00:00:00-04:00,37.959999084472656,38.400001525878906,37.310001373291016,37.75,845600,0.0,0.0
2021-06-23 00:00:00-04:00,37.77000045776367,38.75,36.900001525878906,38.2400016784668,1252200,0.0,0.0
2021-06-24 00:00:00-04:00,38.619998931884766,39.04999923706055,38.0,38.939998626708984,1557000,0.0,0.0
2021-06-25 00:00:00-04:00,38.75,39.04999923706055,36.720001220703125,37.310001373291016,2102300,0.0,0.0
2021-06-28 00:00:00-04:00,37.72999954223633,37.970001220703125,37.000999450683594,37.130001068115234,934600,0.0,0.0
2021-06-29 00:00:00-04:00,37.130001068115234,37.20500183105469,35.77000045776367,36.06999969482422,1692200,0.0,0.0
2021-06-30 00:00:00-04:00,35.83000183105469,36.459999084472656,35.369998931884766,36.0099983215332,2446000,0.0,0.0
2021-07-01 00:00:00-04:00,35.88999938964844,36.290000915527344,34.18000030517578,34.599998474121094,2455900,0.0,0.0
2021-07-02 00:00:00-04:00,34.7599983215332,34.880001068115234,33.70000076293945,33.86000061035156,1158000,0.0,0.0
2021-07-06 00:00:00-04:00,33.849998474121094,33.869998931884766,32.18000030517578,33.060001373291016,2969800,0.0,0.0
2021-07-07 00:00:00-04:00,33.75,33.94499969482422,31.801000595092773,32.380001068115234,2429300,0.0,0.0
2021-07-08 00:00:00-04:00,31.649999618530273,33.79999923706055,31.40999984741211,33.13999938964844,2224700,0.0,0.0
2021-07-09 00:00:00-04:00,33.29999923706055,33.46099853515625,32.279998779296875,32.849998474121094,1301400,0.0,0.0
2021-07-12 00:00:00-04:00,33.0,33.310001373291016,31.8799991607666,32.0,1198400,0.0,0.0
2021-07-13 00:00:00-04:00,31.899999618530273,32.084999084472656,30.920000076293945,31.280000686645508,1439500,0.0,0.0
2021-07-14 00:00:00-04:00,31.1200008392334,31.68000030517578,30.100000381469727,30.3700008392334,1276300,0.0,0.0
2021-07-15 00:00:00-04:00,30.309999465942383,30.700000762939453,29.450000762939453,29.940000534057617,1757700,0.0,0.0
2021-07-16 00:00:00-04:00,30.299999237060547,30.479999542236328,28.940000534057617,29.6299991607666,1557000,0.0,0.0
2021-07-19 00:00:00-04:00,29.260000228881836,30.3799991607666,28.900999069213867,30.219999313354492,1343900,0.0,0.0
2021-07-20 00:00:00-04:00,30.290000915527344,31.739999771118164,30.18000030517578,30.829999923706055,2540000,0.0,0.0
2021-07-21 00:00:00-04:00,30.829999923706055,31.739999771118164,30.334999084472656,31.350000381469727,2071100,0.0,0.0
2021-07-22 00:00:00-04:00,31.420000076293945,31.799999237060547,30.950000762939453,31.469999313354492,1060200,0.0,0.0
2021-07-23 00:00:00-04:00,31.219999313354492,32.064998626708984,30.584999084472656,31.8799991607666,1736400,0.0,0.0
2021-07-26 00:00:00-04:00,31.639999389648438,31.68000030517578,30.790000915527344,31.1299991607666,1421200,0.0,0.0
2021-07-27 00:00:00-04:00,30.969999313354492,32.0,30.940000534057617,31.690000534057617,1246600,0.0,0.0
2021-07-28 00:00:00-04:00,31.6299991607666,33.029998779296875,31.6299991607666,32.81999969482422,1419100,0.0,0.0
2021-07-29 00:00:00-04:00,32.77000045776367,33.18000030517578,32.25,32.52000045776367,1045800,0.0,0.0
2021-07-30 00:00:00-04:00,32.084999084472656,33.060001373291016,31.59000015258789,32.06999969482422,1416200,0.0,0.0
2021-08-02 00:00:00-04:00,31.8700008392334,32.38999938964844,31.190000534057617,31.860000610351562,1459700,0.0,0.0
2021-08-03 00:00:00-04:00,31.8700008392334,32.33000183105469,30.969999313354492,31.639999389648438,1039400,0.0,0.0
2021-08-04 00:00:00-04:00,31.3700008392334,32.130001068115234,31.274999618530273,31.780000686645508,1327100,0.0,0.0
2021-08-05 00:00:00-04:00,31.540000915527344,32.04499816894531,31.350000381469727,31.739999771118164,1208600,0.0,0.0
2021-08-06 00:00:00-04:00,31.770000457763672,32.040000915527344,31.25,31.299999237060547,1471700,0.0,0.0
2021-08-09 00:00:00-04:00,31.56999969482422,31.90999984741211,30.790000915527344,31.459999084472656,1909200,0.0,0.0
2021-08-10 00:00:00-04:00,31.549999237060547,31.760000228881836,30.25,31.09000015258789,1737500,0.0,0.0
2021-08-11 00:00:00-04:00,31.1299991607666,32.09000015258789,30.739999771118164,30.90999984741211,2361700,0.0,0.0
2021-08-12 00:00:00-04:00,30.780000686645508,35.85900115966797,30.200000762939453,35.529998779296875,6179300,0.0,0.0
2021-08-13 00:00:00-04:00,36.099998474121094,37.16999816894531,34.18000030517578,37.08000183105469,2944500,0.0,0.0
2021-08-16 00:00:00-04:00,36.939998626708984,37.0,33.150001525878906,33.470001220703125,3062400,0.0,0.0
2021-08-17 00:00:00-04:00,33.15999984741211,35.52000045776367,33.099998474121094,35.0099983215332,2030000,0.0,0.0
2021-08-18 00:00:00-04:00,35.0099983215332,36.150001525878906,34.86000061035156,34.90999984741211,1207200,0.0,0.0
2021-08-19 00:00:00-04:00,34.72999954223633,34.779998779296875,32.83000183105469,33.150001525878906,1034000,0.0,0.0
2021-08-20 00:00:00-04:00,33.13999938964844,34.04999923706055,33.13999938964844,33.61000061035156,1190500,0.0,0.0
2021-08-23 00:00:00-04:00,33.650001525878906,34.439998626708984,33.06999969482422,34.119998931884766,794600,0.0,0.0
2021-08-24 00:00:00-04:00,34.08000183105469,36.61000061035156,33.650001525878906,36.029998779296875,1457400,0.0,0.0
2021-08-25 00:00:00-04:00,36.15999984741211,36.72999954223633,35.68000030517578,36.18000030517578,894900,0.0,0.0
2021-08-26 00:00:00-04:00,36.09000015258789,37.79999923706055,35.310001373291016,35.38999938964844,1301800,0.0,0.0
2021-08-27 00:00:00-04:00,35.10499954223633,37.68000030517578,34.90999984741211,37.22999954223633,1424600,0.0,0.0
2021-08-30 00:00:00-04:00,37.608001708984375,37.970001220703125,36.665000915527344,36.779998779296875,1048800,0.0,0.0
2021-08-31 00:00:00-04:00,37.470001220703125,38.04999923706055,36.849998474121094,38.02000045776367,2818300,0.0,0.0
2021-09-01 00:00:00-04:00,38.31999969482422,39.02000045776367,37.439998626708984,37.970001220703125,1324700,0.0,0.0
2021-09-02 00:00:00-04:00,38.13999938964844,39.97999954223633,37.869998931884766,39.72999954223633,2208700,0.0,0.0
2021-09-03 00:00:00-04:00,40.0,42.31999969482422,39.81999969482422,41.709999084472656,3086800,0.0,0.0
2021-09-07 00:00:00-04:00,42.0,42.84000015258789,41.10300064086914,41.650001525878906,1600300,0.0,0.0
2021-09-08 00:00:00-04:00,41.540000915527344,42.11000061035156,39.58000183105469,39.93000030517578,1481100,0.0,0.0
2021-09-09 00:00:00-04:00,40.209999084472656,43.040000915527344,39.91999816894531,42.09000015258789,1711800,0.0,0.0
2021-09-10 00:00:00-04:00,41.696998596191406,43.209999084472656,41.65999984741211,42.38999938964844,1283200,0.0,0.0
2021-09-13 00:00:00-04:00,42.09000015258789,44.29999923706055,41.150001525878906,44.220001220703125,2251200,0.0,0.0
2021-09-14 00:00:00-04:00,44.459999084472656,45.11000061035156,43.65999984741211,44.61000061035156,1972900,0.0,0.0
2021-09-15 00:00:00-04:00,44.43000030517578,45.310001373291016,44.1879997253418,44.290000915527344,1491500,0.0,0.0
2021-09-16 00:00:00-04:00,44.0,46.56999969482422,43.292999267578125,45.93000030517578,1883800,0.0,0.0
2021-09-17 00:00:00-04:00,45.81999969482422,47.65999984741211,45.81999969482422,46.97999954223633,2759400,0.0,0.0
2021-09-20 00:00:00-04:00,44.630001068115234,46.630001068115234,44.5,46.04999923706055,1609400,0.0,0.0
2021-09-21 00:00:00-04:00,46.02000045776367,48.04999923706055,45.689998626708984,46.36000061035156,1366900,0.0,0.0
2021-09-22 00:00:00-04:00,46.869998931884766,47.224998474121094,44.93000030517578,45.529998779296875,1046300,0.0,0.0
2021-09-23 00:00:00-04:00,46.20500183105469,47.380001068115234,45.86000061035156,46.33000183105469,1191900,0.0,0.0
2021-09-24 00:00:00-04:00,46.2599983215332,46.36000061035156,43.869998931884766,44.130001068115234,1694300,0.0,0.0
2021-09-27 00:00:00-04:00,43.91999816894531,43.91999816894531,42.15999984741211,42.790000915527344,2089600,0.0,0.0
2021-09-28 00:00:00-04:00,42.04999923706055,42.18000030517578,39.630001068115234,40.02000045776367,2299300,0.0,0.0
2021-09-29 00:00:00-04:00,39.65999984741211,41.279998779296875,39.439998626708984,40.88999938964844,2073900,0.0,0.0
2021-09-30 00:00:00-04:00,41.13999938964844,41.77000045776367,40.40999984741211,41.02000045776367,2000700,0.0,0.0
2021-10-01 00:00:00-04:00,41.529998779296875,44.47999954223633,41.040000915527344,43.970001220703125,2398600,0.0,0.0
2021-10-04 00:00:00-04:00,43.540000915527344,43.59000015258789,39.88999938964844,40.900001525878906,1360600,0.0,0.0
2021-10-05 00:00:00-04:00,41.02000045776367,44.14899826049805,40.66999816894531,43.119998931884766,1495800,0.0,0.0
2021-10-06 00:00:00-04:00,42.59000015258789,43.58000183105469,42.27000045776367,42.900001525878906,871500,0.0,0.0
2021-10-07 00:00:00-04:00,43.29999923706055,45.189998626708984,41.099998474121094,42.2400016784668,1620500,0.0,0.0
2021-10-08 00:00:00-04:00,42.189998626708984,42.779998779296875,39.900001525878906,40.54999923706055,1220500,0.0,0.0
2021-10-11 00:00:00-04:00,40.20000076293945,41.2599983215332,40.20000076293945,40.939998626708984,730100,0.0,0.0
2021-10-12 00:00:00-04:00,41.439998626708984,41.52000045776367,40.13999938964844,40.630001068115234,992100,0.0,0.0
2021-10-13 00:00:00-04:00,42.029998779296875,43.689998626708984,41.209999084472656,42.11000061035156,1477400,0.0,0.0
2021-10-14 00:00:00-04:00,43.029998779296875,44.43000030517578,42.7400016784668,43.0,1730800,0.0,0.0
2021-10-15 00:00:00-04:00,43.08000183105469,43.400001525878906,42.16299819946289,42.41999816894531,1166000,0.0,0.0
2021-10-18 00:00:00-04:00,42.33000183105469,42.630001068115234,41.47999954223633,42.060001373291016,1358300,0.0,0.0
2021-10-19 00:00:00-04:00,42.439998626708984,45.029998779296875,42.099998474121094,44.5099983215332,1822000,0.0,0.0
2021-10-20 00:00:00-04:00,44.88600158691406,46.61000061035156,44.54999923706055,46.099998474121094,1417900,0.0,0.0
2021-10-21 00:00:00-04:00,46.150001525878906,47.53499984741211,46.029998779296875,47.0,1199400,0.0,0.0
2021-10-22 00:00:00-04:00,47.0,47.290000915527344,45.38999938964844,47.15999984741211,1121800,0.0,0.0
2021-10-25 00:00:00-04:00,47.099998474121094,47.099998474121094,44.040000915527344,45.38999938964844,942000,0.0,0.0
2021-10-26 00:00:00-04:00,45.709999084472656,45.81999969482422,43.7400016784668,44.349998474121094,611000,0.0,0.0
2021-10-27 00:00:00-04:00,44.279998779296875,44.77000045776367,42.34000015258789,42.41999816894531,793400,0.0,0.0
2021-10-28 00:00:00-04:00,42.5,43.95000076293945,41.25,43.790000915527344,1020600,0.0,0.0
2021-10-29 00:00:00-04:00,43.93000030517578,45.900001525878906,43.43000030517578,44.599998474121094,884300,0.0,0.0
2021-11-01 00:00:00-04:00,44.849998474121094,45.11000061035156,43.58000183105469,43.90999984741211,767300,0.0,0.0
2021-11-02 00:00:00-04:00,43.75,43.75,41.66999816894531,42.650001525878906,1379500,0.0,0.0
2021-11-03 00:00:00-04:00,42.689998626708984,45.810001373291016,42.505001068115234,45.029998779296875,1867200,0.0,0.0
2021-11-04 00:00:00-04:00,44.97999954223633,45.7400016784668,44.0099983215332,45.0,1403900,0.0,0.0
2021-11-05 00:00:00-04:00,45.0099983215332,46.0,43.529998779296875,43.75,843100,0.0,0.0
2021-11-08 00:00:00-05:00,43.86000061035156,43.900001525878906,42.20000076293945,43.20000076293945,1141100,0.0,0.0
2021-11-09 00:00:00-05:00,43.2599983215332,43.77000045776367,41.7400016784668,42.20000076293945,1093800,0.0,0.0
2021-11-10 00:00:00-05:00,41.22200012207031,43.63999938964844,41.22200012207031,41.95000076293945,2212300,0.0,0.0
2021-11-11 00:00:00-05:00,41.22999954223633,42.369998931884766,39.2400016784668,39.779998779296875,2745100,0.0,0.0
2021-11-12 00:00:00-05:00,40.0,42.34000015258789,39.46799850463867,41.720001220703125,1386100,0.0,0.0
2021-11-15 00:00:00-05:00,41.70000076293945,41.70000076293945,39.95000076293945,40.040000915527344,838900,0.0,0.0
2021-11-16 00:00:00-05:00,40.0,40.58000183105469,39.75,39.95000076293945,971600,0.0,0.0
2021-11-17 00:00:00-05:00,39.5,43.0,39.5,42.099998474121094,1384900,0.0,0.0
2021-11-18 00:00:00-05:00,42.150001525878906,42.25,40.209999084472656,40.88999938964844,1341700,0.0,0.0
2021-11-19 00:00:00-05:00,41.0,41.64099884033203,39.77000045776367,39.9900016784668,774400,0.0,0.0
2021-11-22 00:00:00-05:00,40.0,40.0099983215332,35.970001220703125,37.130001068115234,1844300,0.0,0.0
2021-11-23 00:00:00-05:00,36.720001220703125,37.779998779296875,36.400001525878906,37.099998474121094,1092900,0.0,0.0
2021-11-24 00:00:00-05:00,36.689998626708984,38.20000076293945,36.369998931884766,37.689998626708984,684600,0.0,0.0
2021-11-26 00:00:00-05:00,37.5,37.95000076293945,36.45000076293945,36.81999969482422,440600,0.0,0.0
2021-11-29 00:00:00-05:00,37.33000183105469,40.25,37.31999969482422,40.099998474121094,1879200,0.0,0.0
2021-11-30 00:00:00-05:00,39.900001525878906,40.56999969482422,39.34000015258789,39.91999816894531,1943800,0.0,0.0
2021-12-01 00:00:00-05:00,39.90999984741211,40.53799819946289,37.810001373291016,38.06999969482422,2576900,0.0,0.0
2021-12-02 00:00:00-05:00,38.349998474121094,39.97999954223633,37.599998474121094,39.65999984741211,1449700,0.0,0.0
2021-12-03 00:00:00-05:00,39.70000076293945,39.79999923706055,36.790000915527344,38.41999816894531,2025100,0.0,0.0
2021-12-06 00:00:00-05:00,37.75,39.22999954223633,37.650001525878906,38.58000183105469,1185100,0.0,0.0
2021-12-07 00:00:00-05:00,39.130001068115234,42.11000061035156,39.0,39.9900016784668,2008800,0.0,0.0
2021-12-08 00:00:00-05:00,39.86000061035156,41.72999954223633,38.77000045776367,41.61000061035156,970200,0.0,0.0
2021-12-09 00:00:00-05:00,41.141998291015625,42.869998931884766,40.560001373291016,40.959999084472656,1006700,0.0,0.0
2021-12-10 00:00:00-05:00,41.209999084472656,41.31999969482422,39.70000076293945,39.93000030517578,746100,0.0,0.0
2021-12-13 00:00:00-05:00,39.5,40.5,38.599998474121094,39.16999816894531,1247500,0.0,0.0
2021-12-14 00:00:00-05:00,38.529998779296875,40.0,38.47999954223633,39.439998626708984,730900,0.0,0.0
2021-12-15 00:00:00-05:00,39.41999816894531,39.779998779296875,35.04999923706055,37.56999969482422,3545800,0.0,0.0
2021-12-16 00:00:00-05:00,37.75,37.91999816894531,33.97999954223633,34.099998474121094,1890300,0.0,0.0
2021-12-17 00:00:00-05:00,33.689998626708984,35.29999923706055,32.4900016784668,33.689998626708984,2242400,0.0,0.0
2021-12-20 00:00:00-05:00,32.630001068115234,33.90999984741211,32.43000030517578,33.689998626708984,2888200,0.0,0.0
2021-12-21 00:00:00-05:00,34.59000015258789,36.189998626708984,34.27899932861328,35.83000183105469,1492000,0.0,0.0
2021-12-22 00:00:00-05:00,35.65999984741211,35.81999969482422,34.900001525878906,34.9900016784668,1464600,0.0,0.0
2021-12-23 00:00:00-05:00,34.86000061035156,34.86000061035156,33.560001373291016,33.56999969482422,1769800,0.0,0.0
2021-12-27 00:00:00-05:00,33.279998779296875,33.65999984741211,33.06999969482422,33.369998931884766,1201700,0.0,0.0
2021-12-28 00:00:00-05:00,33.369998931884766,33.470001220703125,32.720001220703125,33.0099983215332,1270600,0.0,0.0
2021-12-29 00:00:00-05:00,32.900001525878906,33.0,31.649999618530273,32.11000061035156,1407900,0.0,0.0
2021-12-30 00:00:00-05:00,32.09000015258789,33.88999938964844,31.799999237060547,33.119998931884766,2438400,0.0,0.0
2021-12-31 00:00:00-05:00,32.90999984741211,33.65399932861328,32.43000030517578,32.68000030517578,1047200,0.0,0.0
2022-01-03 00:00:00-05:00,32.72999954223633,33.150001525878906,31.600000381469727,32.45000076293945,990500,0.0,0.0
2022-01-04 00:00:00-05:00,32.34000015258789,32.880001068115234,30.239999771118164,30.979999542236328,1558500,0.0,0.0
2022-01-05 00:00:00-05:00,30.219999313354492,30.493999481201172,28.010000228881836,28.350000381469727,2587200,0.0,0.0
2022-01-06 00:00:00-05:00,28.010000228881836,28.78499984741211,26.719999313354492,27.270000457763672,2082800,0.0,0.0
2022-01-07 00:00:00-05:00,27.809999465942383,28.59000015258789,26.270000457763672,26.3700008392334,1832000,0.0,0.0
2022-01-10 00:00:00-05:00,26.1200008392334,28.040000915527344,25.07200050354004,27.8700008392334,3260300,0.0,0.0
2022-01-11 00:00:00-05:00,27.75,28.649999618530273,27.190000534057617,28.280000686645508,1685500,0.0,0.0
2022-01-12 00:00:00-05:00,28.739999771118164,28.75,27.670000076293945,27.739999771118164,1231000,0.0,0.0
2022-01-13 00:00:00-05:00,27.700000762939453,27.860000610351562,26.75,27.209999084472656,1845900,0.0,0.0
2022-01-14 00:00:00-05:00,26.649999618530273,27.959999084472656,26.440000534057617,26.850000381469727,1321800,0.0,0.0
2022-01-18 00:00:00-05:00,26.209999084472656,26.700000762939453,25.6200008392334,25.899999618530273,2149300,0.0,0.0
2022-01-19 00:00:00-05:00,25.739999771118164,26.573999404907227,25.395000457763672,25.559999465942383,1384700,0.0,0.0
2022-01-20 00:00:00-05:00,25.639999389648438,26.600000381469727,24.940000534057617,25.040000915527344,1606400,0.0,0.0
2022-01-21 00:00:00-05:00,24.940000534057617,25.145000457763672,23.149999618530273,23.510000228881836,1422400,0.0,0.0
2022-01-24 00:00:00-05:00,22.709999084472656,24.389999389648438,21.459999084472656,24.229999542236328,1874000,0.0,0.0
2022-01-25 00:00:00-05:00,23.459999084472656,24.719999313354492,23.260000228881836,23.950000762939453,1685300,0.0,0.0
2022-01-26 00:00:00-05:00,24.520000457763672,24.950000762939453,22.329999923706055,22.459999084472656,1508200,0.0,0.0
2022-01-27 00:00:00-05:00,22.8799991607666,22.8799991607666,21.139999389648438,21.670000076293945,1337100,0.0,0.0
2022-01-28 00:00:00-05:00,21.75,22.389999389648438,21.1299991607666,22.020000457763672,1221100,0.0,0.0
2022-01-31 00:00:00-05:00,22.139999389648438,24.110000610351562,22.06999969482422,24.010000228881836,1686700,0.0,0.0
2022-02-01 00:00:00-05:00,24.479999542236328,26.540000915527344,23.700000762939453,26.450000762939453,2588800,0.0,0.0
2022-02-02 00:00:00-05:00,26.850000381469727,28.139999389648438,26.440000534057617,27.899999618530273,3564500,0.0,0.0
2022-02-03 00:00:00-05:00,26.75,27.714000701904297,26.059999465942383,26.559999465942383,2344600,0.0,0.0
2022-02-04 00:00:00-05:00,26.5,26.8700008392334,25.6299991607666,26.479999542236328,1410600,0.0,0.0
2022-02-07 00:00:00-05:00,26.59000015258789,28.520000457763672,26.479999542236328,28.100000381469727,1429200,0.0,0.0
2022-02-08 00:00:00-05:00,27.920000076293945,29.114999771118164,27.437999725341797,28.760000228881836,1198600,0.0,0.0
2022-02-09 00:00:00-05:00,29.079999923706055,30.09000015258789,28.92099952697754,30.09000015258789,1266800,0.0,0.0
2022-02-10 00:00:00-05:00,29.549999237060547,30.889999389648438,29.020000457763672,29.34000015258789,1144700,0.0,0.0
2022-02-11 00:00:00-05:00,29.350000381469727,30.360000610351562,28.100000381469727,28.3799991607666,1038700,0.0,0.0
2022-02-14 00:00:00-05:00,28.399999618530273,29.079999923706055,27.209999084472656,27.25,936300,0.0,0.0
2022-02-15 00:00:00-05:00,28.15999984741211,29.229999542236328,28.06999969482422,29.18000030517578,783600,0.0,0.0
2022-02-16 00:00:00-05:00,28.75,29.05500030517578,28.125,28.889999389648438,1213100,0.0,0.0
2022-02-17 00:00:00-05:00,28.770000457763672,28.84000015258789,26.709999084472656,26.959999084472656,717000,0.0,0.0
2022-02-18 00:00:00-05:00,26.989999771118164,27.280000686645508,25.280000686645508,25.34000015258789,1414400,0.0,0.0
2022-02-22 00:00:00-05:00,25.0,25.459999084472656,24.530000686645508,25.030000686645508,1958300,0.0,0.0
2022-02-23 00:00:00-05:00,25.31999969482422,25.530000686645508,23.639999389648438,23.780000686645508,1040400,0.0,0.0
2022-02-24 00:00:00-05:00,22.5,25.920000076293945,22.3700008392334,25.579999923706055,2062500,0.0,0.0
2022-02-25 00:00:00-05:00,25.6299991607666,26.299999237060547,25.049999237060547,26.290000915527344,1315900,0.0,0.0
2022-02-28 00:00:00-05:00,26.309999465942383,27.5,25.649999618530273,27.399999618530273,4071100,0.0,0.0
2022-03-01 00:00:00-05:00,18.549999237060547,18.959999084472656,15.90999984741211,16.739999771118164,34997600,0.0,0.0
2022-03-02 00:00:00-05:00,16.899999618530273,16.950000762939453,15.520000457763672,15.5600004196167,12534100,0.0,0.0
2022-03-03 00:00:00-05:00,15.779999732971191,17.190000534057617,15.739999771118164,17.100000381469727,8476500,0.0,0.0
2022-03-04 00:00:00-05:00,16.639999389648438,16.695999145507812,15.3100004196167,15.979999542236328,6178400,0.0,0.0
2022-03-07 00:00:00-05:00,15.800000190734863,15.800000190734863,14.369999885559082,14.390000343322754,4876200,0.0,0.0
2022-03-08 00:00:00-05:00,14.5,15.899999618530273,13.789999961853027,15.5,4705900,0.0,0.0
2022-03-09 00:00:00-05:00,15.859999656677246,16.639999389648438,15.33899974822998,15.539999961853027,3304700,0.0,0.0
2022-03-10 00:00:00-05:00,15.09000015258789,15.479999542236328,14.75,14.979999542236328,3525800,0.0,0.0
2022-03-11 00:00:00-05:00,15.0,15.029999732971191,13.680000305175781,13.869999885559082,4253700,0.0,0.0
2022-03-14 00:00:00-04:00,13.880000114440918,14.399999618530273,13.4399995803833,13.619999885559082,3051100,0.0,0.0
2022-03-15 00:00:00-04:00,14.100000381469727,15.329999923706055,13.670000076293945,15.029999732971191,3535200,0.0,0.0
2022-03-16 00:00:00-04:00,15.279999732971191,15.899999618530273,14.989999771118164,15.8100004196167,2241000,0.0,0.0
2022-03-17 00:00:00-04:00,15.5600004196167,17.170000076293945,15.3100004196167,17.15999984741211,2627300,0.0,0.0
2022-03-18 00:00:00-04:00,16.8799991607666,18.110000610351562,16.8799991607666,17.860000610351562,2746800,0.0,0.0
2022-03-21 00:00:00-04:00,17.6299991607666,17.860000610351562,16.6299991607666,17.040000915527344,2003500,0.0,0.0
2022-03-22 00:00:00-04:00,17.139999389648438,18.079999923706055,17.100000381469727,17.829999923706055,1670300,0.0,0.0
2022-03-23 00:00:00-04:00,17.549999237060547,18.399999618530273,17.405000686645508,17.989999771118164,1169000,0.0,0.0
2022-03-24 00:00:00-04:00,18.100000381469727,18.3799991607666,17.309999465942383,18.1200008392334,877300,0.0,0.0
2022-03-25 00:00:00-04:00,18.1299991607666,18.135000228881836,16.90999984741211,17.1299991607666,754500,0.0,0.0
2022-03-28 00:00:00-04:00,17.149999618530273,17.68000030517578,16.889999389648438,17.670000076293945,946700,0.0,0.0
2022-03-29 00:00:00-04:00,17.799999237060547,19.260000228881836,17.799999237060547,19.190000534057617,1610000,0.0,0.0
2022-03-30 00:00:00-04:00,19.06999969482422,19.559999465942383,18.799999237060547,18.959999084472656,1834800,0.0,0.0
2022-03-31 00:00:00-04:00,18.979999542236328,19.68000030517578,18.760000228881836,19.329999923706055,2710700,0.0,0.0
2022-04-01 00:00:00-04:00,19.329999923706055,20.014999389648438,19.040000915527344,19.68000030517578,1641600,0.0,0.0
2022-04-04 00:00:00-04:00,19.84000015258789,20.43000030517578,19.540000915527344,20.020000457763672,1577400,0.0,0.0
2022-04-05 00:00:00-04:00,20.270000457763672,20.59000015258789,19.079999923706055,19.280000686645508,1413800,0.0,0.0
2022-04-06 00:00:00-04:00,18.770000457763672,19.010000228881836,18.299999237060547,18.719999313354492,2118500,0.0,0.0
2022-04-07 00:00:00-04:00,18.979999542236328,19.44499969482422,18.5,19.020000457763672,749000,0.0,0.0
2022-04-08 00:00:00-04:00,18.700000762939453,18.91200065612793,18.351999282836914,18.520000457763672,832100,0.0,0.0
2022-04-11 00:00:00-04:00,18.25,18.6200008392334,18.031999588012695,18.170000076293945,983500,0.0,0.0
2022-04-12 00:00:00-04:00,18.420000076293945,18.90999984741211,18.1200008392334,18.149999618530273,1087400,0.0,0.0
2022-04-13 00:00:00-04:00,18.0,18.969999313354492,18.0,18.790000915527344,897600,0.0,0.0
2022-04-14 00:00:00-04:00,19.0,19.31999969482422,18.329999923706055,18.600000381469727,1065600,0.0,0.0
2022-04-18 00:00:00-04:00,18.440000534057617,18.479999542236328,16.989999771118164,17.31999969482422,1216100,0.0,0.0
2022-04-19 00:00:00-04:00,17.170000076293945,18.309999465942383,17.170000076293945,18.170000076293945,867500,0.0,0.0
2022-04-20 00:00:00-04:00,18.270000457763672,18.299999237060547,17.399999618530273,17.43000030517578,919800,0.0,0.0
2022-04-21 00:00:00-04:00,17.8799991607666,18.170000076293945,16.6299991607666,16.649999618530273,1103500,0.0,0.0
2022-04-22 00:00:00-04:00,16.65999984741211,16.850000381469727,15.75,15.979999542236328,1443200,0.0,0.0
2022-04-25 00:00:00-04:00,15.890000343322754,16.770000457763672,15.8100004196167,16.610000610351562,732100,0.0,0.0
2022-04-26 00:00:00-04:00,16.489999771118164,16.489999771118164,15.59000015258789,15.630000114440918,819900,0.0,0.0
2022-04-27 00:00:00-04:00,15.529999732971191,16.030000686645508,15.145000457763672,15.239999771118164,712600,0.0,0.0
2022-04-28 00:00:00-04:00,15.4399995803833,15.479999542236328,13.880000114440918,15.010000228881836,3169600,0.0,0.0
2022-04-29 00:00:00-04:00,14.869999885559082,14.869999885559082,13.5,13.550000190734863,2512000,0.0,0.0
2022-05-02 00:00:00-04:00,13.729999542236328,14.100000381469727,13.260000228881836,13.739999771118164,2969600,0.0,0.0
2022-05-03 00:00:00-04:00,13.819999694824219,14.350000381469727,13.350000381469727,13.619999885559082,1909600,0.0,0.0
2022-05-04 00:00:00-04:00,13.649999618530273,14.4399995803833,12.859999656677246,14.399999618530273,1984100,0.0,0.0
2022-05-05 00:00:00-04:00,14.0,14.0,12.529999732971191,13.109999656677246,2897100,0.0,0.0
2022-05-06 00:00:00-04:00,13.199999809265137,13.199999809265137,12.515000343322754,12.739999771118164,2258200,0.0,0.0
2022-05-09 00:00:00-04:00,12.319999694824219,12.319999694824219,10.654999732971191,10.75,5331000,0.0,0.0
2022-05-10 00:00:00-04:00,7.929999828338623,8.550000190734863,7.329999923706055,7.96999979019165,13681000,0.0,0.0
2022-05-11 00:00:00-04:00,7.880000114440918,8.260000228881836,7.369999885559082,7.739999771118164,6286000,0.0,0.0
2022-05-12 00:00:00-04:00,7.599999904632568,8.40999984741211,7.349999904632568,8.039999961853027,5164400,0.0,0.0
2022-05-13 00:00:00-04:00,8.359999656677246,9.25,8.0600004196167,8.899999618530273,3945500,0.0,0.0
2022-05-16 00:00:00-04:00,8.84000015258789,8.84000015258789,8.085000038146973,8.170000076293945,2312500,0.0,0.0
2022-05-17 00:00:00-04:00,8.640000343322754,8.8100004196167,8.425999641418457,8.699999809265137,2296200,0.0,0.0
2022-05-18 00:00:00-04:00,8.4399995803833,8.649999618530273,8.210000038146973,8.3100004196167,2388400,0.0,0.0
2022-05-19 00:00:00-04:00,8.270000457763672,8.619999885559082,8.100000381469727,8.119999885559082,2227300,0.0,0.0
2022-05-20 00:00:00-04:00,8.220000267028809,8.40999984741211,7.630000114440918,7.96999979019165,2729500,0.0,0.0
2022-05-23 00:00:00-04:00,8.0,8.380000114440918,7.914999961853027,8.220000267028809,1844900,0.0,0.0
2022-05-24 00:00:00-04:00,7.989999771118164,8.0,7.409999847412109,7.5,2088400,0.0,0.0
2022-05-25 00:00:00-04:00,7.449999809265137,7.849999904632568,7.429999828338623,7.789999961853027,1717000,0.0,0.0
2022-05-26 00:00:00-04:00,7.744999885559082,7.960000038146973,7.650000095367432,7.889999866485596,1756000,0.0,0.0
2022-05-27 00:00:00-04:00,7.989999771118164,8.170000076293945,7.920000076293945,8.109999656677246,1469400,0.0,0.0
2022-05-31 00:00:00-04:00,8.140000343322754,8.180000305175781,7.630000114440918,7.96999979019165,3486900,0.0,0.0
2022-06-01 00:00:00-04:00,7.46999979019165,7.659999847412109,7.284999847412109,7.510000228881836,3195000,0.0,0.0
2022-06-02 00:00:00-04:00,7.610000133514404,8.180000305175781,7.519999980926514,7.96999979019165,2467200,0.0,0.0
2022-06-03 00:00:00-04:00,7.75,8.010000228881836,7.519999980926514,7.579999923706055,1391800,0.0,0.0
2022-06-06 00:00:00-04:00,7.829999923706055,7.940000057220459,7.510000228881836,7.539999961853027,1272200,0.0,0.0
2022-06-07 00:00:00-04:00,7.429999828338623,7.590000152587891,7.260000228881836,7.46999979019165,1590400,0.0,0.0
2022-06-08 00:00:00-04:00,7.400000095367432,7.519999980926514,6.929999828338623,7.199999809265137,3440400,0.0,0.0
2022-06-09 00:00:00-04:00,7.050000190734863,7.124000072479248,6.699999809265137,6.769999980926514,2174300,0.0,0.0
2022-06-10 00:00:00-04:00,6.460000038146973,6.670000076293945,6.260000228881836,6.429999828338623,2203200,0.0,0.0
2022-06-13 00:00:00-04:00,6.199999809265137,6.28000020980835,5.78000020980835,5.840000152587891,2084600,0.0,0.0
2022-06-14 00:00:00-04:00,5.909999847412109,6.0,5.614999771118164,5.860000133514404,1792300,0.0,0.0
2022-06-15 00:00:00-04:00,5.96999979019165,6.474999904632568,5.925000190734863,6.260000228881836,2599600,0.0,0.0
2022-06-16 00:00:00-04:00,5.980000019073486,6.047999858856201,5.690000057220459,5.940000057220459,1918100,0.0,0.0
2022-06-17 00:00:00-04:00,6.0,6.1579999923706055,5.889999866485596,6.110000133514404,1928900,0.0,0.0
2022-06-21 00:00:00-04:00,6.340000152587891,6.489999771118164,5.900000095367432,5.909999847412109,1782900,0.0,0.0
2022-06-22 00:00:00-04:00,5.809999942779541,6.599999904632568,5.809999942779541,6.130000114440918,2754100,0.0,0.0
2022-06-23 00:00:00-04:00,6.150000095367432,6.75,6.150000095367432,6.710000038146973,1530100,0.0,0.0
2022-06-24 00:00:00-04:00,6.849999904632568,7.099999904632568,6.710000038146973,6.960000038146973,2170800,0.0,0.0
2022-06-27 00:00:00-04:00,6.980000019073486,7.050000190734863,6.679999828338623,6.789999961853027,1210900,0.0,0.0
2022-06-28 00:00:00-04:00,6.78000020980835,6.940000057220459,6.539999961853027,6.559999942779541,1268700,0.0,0.0
2022-06-29 00:00:00-04:00,6.550000190734863,6.590000152587891,6.179999828338623,6.300000190734863,1212000,0.0,0.0
2022-06-30 00:00:00-04:00,6.150000095367432,6.199999809265137,5.820000171661377,5.920000076293945,2060800,0.0,0.0
2022-07-01 00:00:00-04:00,5.960000038146973,6.170000076293945,5.889999866485596,6.159999847412109,1274500,0.0,0.0
2022-07-05 00:00:00-04:00,6.010000228881836,6.53000020980835,5.78000020980835,6.489999771118164,1848800,0.0,0.0
2022-07-06 00:00:00-04:00,6.5,6.585000038146973,6.210000038146973,6.25,1216500,0.0,0.0
2022-07-07 00:00:00-04:00,6.329999923706055,6.710000038146973,6.289999961853027,6.679999828338623,1581500,0.0,0.0
2022-07-08 00:00:00-04:00,6.570000171661377,6.880000114440918,6.449999809265137,6.570000171661377,1491300,0.0,0.0
2022-07-11 00:00:00-04:00,6.5,6.711999893188477,6.199999809265137,6.380000114440918,1107600,0.0,0.0
2022-07-12 00:00:00-04:00,6.320000171661377,6.59499979019165,6.300000190734863,6.46999979019165,1157900,0.0,0.0
2022-07-13 00:00:00-04:00,6.28000020980835,6.489999771118164,6.199999809265137,6.389999866485596,1298800,0.0,0.0
2022-07-14 00:00:00-04:00,6.239999771118164,6.389999866485596,6.050000190734863,6.150000095367432,971200,0.0,0.0
2022-07-15 00:00:00-04:00,6.309999942779541,6.639999866485596,6.159999847412109,6.53000020980835,1156700,0.0,0.0
2022-07-18 00:00:00-04:00,6.659999847412109,6.732999801635742,6.389999866485596,6.420000076293945,1097200,0.0,0.0
2022-07-19 00:00:00-04:00,6.550000190734863,7.014999866485596,6.489999771118164,6.949999809265137,1308100,0.0,0.0
2022-07-20 00:00:00-04:00,6.949999809265137,7.400000095367432,6.909999847412109,7.099999904632568,1264800,0.0,0.0
2022-07-21 00:00:00-04:00,6.889999866485596,7.150000095367432,6.880000114440918,7.099999904632568,977100,0.0,0.0
2022-07-22 00:00:00-04:00,7.119999885559082,7.139999866485596,6.429999828338623,6.619999885559082,1009600,0.0,0.0
2022-07-25 00:00:00-04:00,6.659999847412109,6.659999847412109,6.429999828338623,6.610000133514404,1037900,0.0,0.0
2022-07-26 00:00:00-04:00,6.539999961853027,6.539999961853027,6.210000038146973,6.239999771118164,1051000,0.0,0.0
2022-07-27 00:00:00-04:00,6.449999809265137,6.514999866485596,6.150000095367432,6.340000152587891,1350100,0.0,0.0
2022-07-28 00:00:00-04:00,6.340000152587891,6.400000095367432,5.769999980926514,6.21999979019165,1598100,0.0,0.0
2022-07-29 00:00:00-04:00,6.190000057220459,6.25,6.010000228881836,6.230000019073486,1032200,0.0,0.0
2022-08-01 00:00:00-04:00,6.150000095367432,6.389999866485596,6.059999942779541,6.289999961853027,1891500,0.0,0.0
2022-08-02 00:00:00-04:00,6.21999979019165,6.364999771118164,6.065000057220459,6.079999923706055,2821100,0.0,0.0
2022-08-03 00:00:00-04:00,6.190000057220459,6.625,6.139999866485596,6.5,1793100,0.0,0.0
2022-08-04 00:00:00-04:00,6.5,6.739999771118164,6.429999828338623,6.619999885559082,1812400,0.0,0.0
2022-08-05 00:00:00-04:00,6.449999809265137,7.099999904632568,6.260000228881836,7.070000171661377,2378400,0.0,0.0
2022-08-08 00:00:00-04:00,7.300000190734863,8.449999809265137,7.119999885559082,7.760000228881836,9674700,0.0,0.0
2022-08-09 00:00:00-04:00,9.925000190734863,10.369999885559082,7.760000228881836,7.809999942779541,27095000,0.0,0.0
2022-08-10 00:00:00-04:00,7.820000171661377,8.029999732971191,7.099999904632568,7.409999847412109,13368800,0.0,0.0
2022-08-11 00:00:00-04:00,7.559999942779541,8.5,7.184999942779541,7.599999904632568,15471500,0.0,0.0
2022-08-12 00:00:00-04:00,7.550000190734863,7.880000114440918,7.110000133514404,7.360000133514404,6730500,0.0,0.0
2022-08-15 00:00:00-04:00,7.260000228881836,7.639999866485596,6.989999771118164,7.210000038146973,6001300,0.0,0.0
2022-08-16 00:00:00-04:00,7.21999979019165,7.4079999923706055,6.914999961853027,7.309999942779541,13405600,0.0,0.0
2022-08-17 00:00:00-04:00,7.150000095367432,7.195000171661377,6.300000190734863,6.440000057220459,8378800,0.0,0.0
2022-08-18 00:00:00-04:00,6.510000228881836,6.630000114440918,6.309999942779541,6.349999904632568,2939200,0.0,0.0
2022-08-19 00:00:00-04:00,6.260000228881836,6.335999965667725,5.980000019073486,6.0,4255900,0.0,0.0
2022-08-22 00:00:00-04:00,5.940000057220459,6.139999866485596,5.894999980926514,6.059999942779541,2991100,0.0,0.0
2022-08-23 00:00:00-04:00,6.110000133514404,6.269999980926514,6.034999847412109,6.079999923706055,3029700,0.0,0.0
2022-08-24 00:00:00-04:00,6.090000152587891,6.349999904632568,6.03000020980835,6.179999828338623,2646600,0.0,0.0
2022-08-25 00:00:00-04:00,6.400000095367432,6.579999923706055,6.244999885559082,6.320000171661377,2744000,0.0,0.0
2022-08-26 00:00:00-04:00,6.320000171661377,6.420000076293945,6.070000171661377,6.110000133514404,2723300,0.0,0.0
2022-08-29 00:00:00-04:00,6.050000190734863,6.179999828338623,6.0,6.019999980926514,1624100,0.0,0.0
2022-08-30 00:00:00-04:00,6.090000152587891,6.190000057220459,5.980000019073486,6.150000095367432,1981400,0.0,0.0
2022-08-31 00:00:00-04:00,6.269999980926514,6.309999942779541,6.080999851226807,6.099999904632568,2340400,0.0,0.0
2022-09-01 00:00:00-04:00,6.059999942779541,6.070000171661377,5.585000038146973,5.699999809265137,4905300,0.0,0.0
2022-09-02 00:00:00-04:00,5.840000152587891,5.900000095367432,5.71999979019165,5.769999980926514,2662500,0.0,0.0
2022-09-06 00:00:00-04:00,5.769999980926514,5.985000133514404,5.71999979019165,5.900000095367432,2132700,0.0,0.0
2022-09-07 00:00:00-04:00,5.900000095367432,6.230000019073486,5.769999980926514,6.179999828338623,2705300,0.0,0.0
2022-09-08 00:00:00-04:00,6.079999923706055,6.514999866485596,6.0,6.460000038146973,1983200,0.0,0.0
2022-09-09 00:00:00-04:00,6.570000171661377,6.880000114440918,6.510000228881836,6.840000152587891,2765700,0.0,0.0
2022-09-12 00:00:00-04:00,6.829999923706055,6.869999885559082,6.525000095367432,6.630000114440918,2751700,0.0,0.0
2022-09-13 00:00:00-04:00,6.269999980926514,6.440000057220459,6.164999961853027,6.21999979019165,2260500,0.0,0.0
2022-09-14 00:00:00-04:00,6.21999979019165,6.46999979019165,6.110000133514404,6.420000076293945,2339900,0.0,0.0
2022-09-15 00:00:00-04:00,6.349999904632568,6.690000057220459,6.340000152587891,6.510000228881836,1522600,0.0,0.0
2022-09-16 00:00:00-04:00,6.289999961853027,6.289999961853027,6.010000228881836,6.010000228881836,3575900,0.0,0.0
2022-09-19 00:00:00-04:00,5.929999828338623,5.940000057220459,5.670000076293945,5.860000133514404,2786500,0.0,0.0
2022-09-20 00:00:00-04:00,5.78000020980835,5.889999866485596,5.699999809265137,5.710000038146973,2026000,0.0,0.0
2022-09-21 00:00:00-04:00,5.730000019073486,5.78000020980835,5.440000057220459,5.449999809265137,1806000,0.0,0.0
2022-09-22 00:00:00-04:00,5.409999847412109,5.440000057220459,5.184999942779541,5.25,1830300,0.0,0.0
2022-09-23 00:00:00-04:00,5.150000095367432,5.349999904632568,4.994999885559082,5.150000095367432,2545800,0.0,0.0
2022-09-26 00:00:00-04:00,5.150000095367432,5.389999866485596,5.050000190734863,5.050000190734863,1860100,0.0,0.0
2022-09-27 00:00:00-04:00,5.179999828338623,5.309999942779541,5.005000114440918,5.03000020980835,1648100,0.0,0.0
2022-09-28 00:00:00-04:00,5.079999923706055,5.239999771118164,5.059999942779541,5.099999904632568,1529300,0.0,0.0
2022-09-29 00:00:00-04:00,5.0,5.059999942779541,4.755000114440918,4.809999942779541,2179400,0.0,0.0
2022-09-30 00:00:00-04:00,4.769999980926514,4.989999771118164,4.659999847412109,4.670000076293945,2757200,0.0,0.0
2022-10-03 00:00:00-04:00,4.730000019073486,4.96999979019165,4.53000020980835,4.920000076293945,2180000,0.0,0.0
2022-10-04 00:00:00-04:00,5.050000190734863,5.349999904632568,5.039999961853027,5.320000171661377,2524600,0.0,0.0
2022-10-05 00:00:00-04:00,5.179999828338623,5.179999828338623,4.909999847412109,5.059999942779541,1629800,0.0,0.0
2022-10-06 00:00:00-04:00,5.050000190734863,5.184999942779541,4.960000038146973,5.03000020980835,1082400,0.0,0.0
2022-10-07 00:00:00-04:00,4.889999866485596,5.0,4.84499979019165,4.96999979019165,2104600,0.0,0.0
2022-10-10 00:00:00-04:00,5.019999980926514,5.019999980926514,4.739999771118164,4.849999904632568,1041800,0.0,0.0
2022-10-11 00:00:00-04:00,4.829999923706055,4.914999961853027,4.565000057220459,4.809999942779541,1194700,0.0,0.0
2022-10-12 00:00:00-04:00,4.820000171661377,4.829999923706055,4.639999866485596,4.75,807100,0.0,0.0
2022-10-13 00:00:00-04:00,4.579999923706055,4.929999828338623,4.4720001220703125,4.849999904632568,1898700,0.0,0.0
2022-10-14 00:00:00-04:00,4.920000076293945,5.010000228881836,4.699999809265137,4.75,1506500,0.0,0.0
2022-10-17 00:00:00-04:00,4.880000114440918,5.019999980926514,4.619999885559082,4.739999771118164,2246500,0.0,0.0
2022-10-18 00:00:00-04:00,4.889999866485596,5.13100004196167,4.800000190734863,4.900000095367432,1597200,0.0,0.0
2022-10-19 00:00:00-04:00,4.809999942779541,4.860000133514404,4.539999961853027,4.570000171661377,1301300,0.0,0.0
2022-10-20 00:00:00-04:00,4.570000171661377,4.75,4.53000020980835,4.559999942779541,947400,0.0,0.0
2022-10-21 00:00:00-04:00,4.579999923706055,4.579999923706055,4.354000091552734,4.550000190734863,1275800,0.0,0.0
2022-10-24 00:00:00-04:00,4.570000171661377,4.610000133514404,4.360000133514404,4.599999904632568,1195900,0.0,0.0
2022-10-25 00:00:00-04:00,4.630000114440918,5.119999885559082,4.630000114440918,5.119999885559082,1907100,0.0,0.0
2022-10-26 00:00:00-04:00,5.119999885559082,5.534999847412109,5.019999980926514,5.21999979019165,2084800,0.0,0.0
2022-10-27 00:00:00-04:00,5.289999961853027,5.324999809265137,5.054999828338623,5.119999885559082,1105100,0.0,0.0
2022-10-28 00:00:00-04:00,5.099999904632568,5.349999904632568,5.066999912261963,5.329999923706055,936900,0.0,0.0
2022-10-31 00:00:00-04:00,5.329999923706055,5.425000190734863,5.210000038146973,5.369999885559082,953300,0.0,0.0
2022-11-01 00:00:00-04:00,5.5,5.590000152587891,5.289999961853027,5.320000171661377,1126700,0.0,0.0
2022-11-02 00:00:00-04:00,5.320000171661377,5.320000171661377,4.989999771118164,5.0,1279000,0.0,0.0
2022-11-03 00:00:00-04:00,4.920000076293945,4.960000038146973,4.78000020980835,4.900000095367432,994200,0.0,0.0
2022-11-04 00:00:00-04:00,5.230000019073486,5.349999904632568,4.920000076293945,5.059999942779541,1681700,0.0,0.0
2022-11-07 00:00:00-05:00,5.119999885559082,5.170000076293945,4.914999961853027,5.170000076293945,1093500,0.0,0.0
2022-11-08 00:00:00-05:00,5.239999771118164,5.284999847412109,5.025000095367432,5.239999771118164,2403900,0.0,0.0
2022-11-09 00:00:00-05:00,4.46999979019165,4.631999969482422,3.819999933242798,4.059999942779541,6036200,0.0,0.0
2022-11-10 00:00:00-05:00,4.360000133514404,5.005000114440918,4.340000152587891,4.989999771118164,4507600,0.0,0.0
2022-11-11 00:00:00-05:00,4.889999866485596,5.744999885559082,4.869999885559082,5.710000038146973,4600600,0.0,0.0
2022-11-14 00:00:00-05:00,5.630000114440918,5.679999828338623,5.074999809265137,5.079999923706055,2367300,0.0,0.0
2022-11-15 00:00:00-05:00,5.239999771118164,5.61899995803833,5.230000019073486,5.369999885559082,2332900,0.0,0.0
2022-11-16 00:00:00-05:00,5.300000190734863,5.340000152587891,4.980000019073486,5.0,1772700,0.0,0.0
2022-11-17 00:00:00-05:00,4.849999904632568,5.010000228881836,4.78000020980835,4.960000038146973,1133300,0.0,0.0
2022-11-18 00:00:00-05:00,5.059999942779541,5.079999923706055,4.559999942779541,4.619999885559082,2083200,0.0,0.0
2022-11-21 00:00:00-05:00,4.570000171661377,4.710000038146973,4.460000038146973,4.5,1768800,0.0,0.0
2022-11-22 00:00:00-05:00,4.5,4.590000152587891,4.409999847412109,4.570000171661377,1131900,0.0,0.0
2022-11-23 00:00:00-05:00,4.590000152587891,4.78000020980835,4.53000020980835,4.769999980926514,934300,0.0,0.0
2022-11-25 00:00:00-05:00,4.71999979019165,4.761000156402588,4.611999988555908,4.690000057220459,468300,0.0,0.0
2022-11-28 00:00:00-05:00,4.590000152587891,4.639999866485596,4.394999980926514,4.460000038146973,1445300,0.0,0.0
2022-11-29 00:00:00-05:00,4.460000038146973,4.570000171661377,4.400000095367432,4.440000057220459,1540700,0.0,0.0
2022-11-30 00:00:00-05:00,4.46999979019165,4.505000114440918,4.320000171661377,4.360000133514404,4255900,0.0,0.0
2022-12-01 00:00:00-05:00,4.579999923706055,5.289999961853027,4.480000019073486,5.159999847412109,6039800,0.0,0.0
2022-12-02 00:00:00-05:00,5.039999961853027,5.329999923706055,4.909999847412109,5.329999923706055,2832800,0.0,0.0
2022-12-05 00:00:00-05:00,5.289999961853027,5.605000019073486,5.25,5.360000133514404,2219000,0.0,0.0
2022-12-06 00:00:00-05:00,5.360000133514404,5.360000133514404,4.925000190734863,5.0,1558100,0.0,0.0
2022-12-07 00:00:00-05:00,4.940000057220459,5.039999961853027,4.860000133514404,4.980000019073486,996200,0.0,0.0
2022-12-08 00:00:00-05:00,4.989999771118164,5.244999885559082,4.929999828338623,5.210000038146973,1385400,0.0,0.0
2022-12-09 00:00:00-05:00,5.179999828338623,5.429999828338623,5.099999904632568,5.420000076293945,2280100,0.0,0.0
2022-12-12 00:00:00-05:00,5.420000076293945,5.570000171661377,5.170000076293945,5.550000190734863,2079900,0.0,0.0
2022-12-13 00:00:00-05:00,5.800000190734863,5.900000095367432,5.380000114440918,5.420000076293945,2003100,0.0,0.0
2022-12-14 00:00:00-05:00,5.420000076293945,5.644999980926514,5.360000133514404,5.610000133514404,1131300,0.0,0.0
2022-12-15 00:00:00-05:00,5.449999809265137,5.449999809265137,5.114999771118164,5.199999809265137,1688800,0.0,0.0
2022-12-16 00:00:00-05:00,5.110000133514404,5.130000114440918,4.9029998779296875,4.980000019073486,2467600,0.0,0.0
2022-12-19 00:00:00-05:00,4.900000095367432,4.900000095367432,4.630000114440918,4.679999828338623,1751700,0.0,0.0
2022-12-20 00:00:00-05:00,4.619999885559082,4.84499979019165,4.610000133514404,4.659999847412109,1610900,0.0,0.0
2022-12-21 00:00:00-05:00,4.71999979019165,4.769999980926514,4.5,4.559999942779541,1579900,0.0,0.0
2022-12-22 00:00:00-05:00,4.480000019073486,4.679999828338623,4.440000057220459,4.670000076293945,1323400,0.0,0.0
2022-12-23 00:00:00-05:00,4.650000095367432,4.670000076293945,4.465000152587891,4.590000152587891,1216400,0.0,0.0
2022-12-27 00:00:00-05:00,4.539999961853027,4.559999942779541,4.429999828338623,4.489999771118164,1382400,0.0,0.0
2022-12-28 00:00:00-05:00,4.460000038146973,4.574999809265137,4.409999847412109,4.440000057220459,1593800,0.0,0.0
2022-12-29 00:00:00-05:00,4.46999979019165,4.760000228881836,4.409999847412109,4.730000019073486,2661800,0.0,0.0
2022-12-30 00:00:00-05:00,4.599999904632568,4.659999847412109,4.489999771118164,4.659999847412109,1551800,0.0,0.0
2023-01-03 00:00:00-05:00,4.75,4.995999813079834,4.630000114440918,4.710000038146973,1137400,0.0,0.0
2023-01-04 00:00:00-05:00,4.75,4.949999809265137,4.625,4.849999904632568,1821000,0.0,0.0
2023-01-05 00:00:00-05:00,4.75,4.804999828338623,4.650000095367432,4.769999980926514,1071600,0.0,0.0
2023-01-06 00:00:00-05:00,4.809999942779541,4.925000190734863,4.554999828338623,4.840000152587891,925800,0.0,0.0
2023-01-09 00:00:00-05:00,4.929999828338623,5.090000152587891,4.840000152587891,4.960000038146973,837800,0.0,0.0
2023-01-10 00:00:00-05:00,4.96999979019165,5.129000186920166,4.940000057220459,5.099999904632568,742900,0.0,0.0
2023-01-11 00:00:00-05:00,5.150000095367432,5.25,5.085000038146973,5.190000057220459,793600,0.0,0.0
2023-01-12 00:00:00-05:00,5.239999771118164,5.239999771118164,5.059999942779541,5.190000057220459,916300,0.0,0.0
2023-01-13 00:00:00-05:00,5.130000114440918,5.289999961853027,5.059999942779541,5.269999980926514,699200,0.0,0.0
2023-01-17 00:00:00-05:00,5.260000228881836,5.480000019073486,5.098999977111816,5.369999885559082,1099100,0.0,0.0
2023-01-18 00:00:00-05:00,5.429999828338623,5.5,5.210000038146973,5.210000038146973,1167900,0.0,0.0
2023-01-19 00:00:00-05:00,5.090000152587891,5.2170000076293945,5.070000171661377,5.179999828338623,665400,0.0,0.0
2023-01-20 00:00:00-05:00,5.25,5.349999904632568,5.179999828338623,5.300000190734863,1381000,0.0,0.0
2023-01-23 00:00:00-05:00,5.320000171661377,5.704999923706055,5.269999980926514,5.630000114440918,1411700,0.0,0.0
2023-01-24 00:00:00-05:00,5.510000228881836,5.625,5.164999961853027,5.210000038146973,1713500,0.0,0.0
2023-01-25 00:00:00-05:00,5.130000114440918,5.139999866485596,4.670000076293945,4.809999942779541,4190200,0.0,0.0
2023-01-26 00:00:00-05:00,4.900000095367432,5.019999980926514,4.809999942779541,4.989999771118164,1736100,0.0,0.0
2023-01-27 00:00:00-05:00,4.980000019073486,5.389999866485596,4.929999828338623,5.320000171661377,3022600,0.0,0.0
2023-01-30 00:00:00-05:00,5.21999979019165,5.510000228881836,5.150000095367432,5.300000190734863,1573600,0.0,0.0
2023-01-31 00:00:00-05:00,5.309999942779541,5.614999771118164,5.269999980926514,5.590000152587891,1455500,0.0,0.0
2023-02-01 00:00:00-05:00,5.619999885559082,5.920000076293945,5.454999923706055,5.909999847412109,3553700,0.0,0.0
2023-02-02 00:00:00-05:00,6.070000171661377,6.25,5.985000133514404,6.119999885559082,2121100,0.0,0.0
2023-02-03 00:00:00-05:00,5.96999979019165,6.110000133514404,5.699999809265137,5.769999980926514,1253000,0.0,0.0
2023-02-06 00:00:00-05:00,5.679999828338623,5.699999809265137,5.349999904632568,5.409999847412109,1526400,0.0,0.0
2023-02-07 00:00:00-05:00,5.400000095367432,5.679999828338623,5.364999771118164,5.650000095367432,1802400,0.0,0.0
2023-02-08 00:00:00-05:00,5.590000152587891,5.679999828338623,5.46999979019165,5.480000019073486,1634400,0.0,0.0
2023-02-09 00:00:00-05:00,5.619999885559082,5.630000114440918,5.199999809265137,5.210000038146973,1417800,0.0,0.0
2023-02-10 00:00:00-05:00,5.130000114440918,5.320000171661377,5.090000152587891,5.239999771118164,1282300,0.0,0.0
2023-02-13 00:00:00-05:00,5.25,5.284999847412109,5.139999866485596,5.25,1329800,0.0,0.0
2023-02-14 00:00:00-05:00,5.230000019073486,5.324999809265137,5.105000019073486,5.25,1167500,0.0,0.0
2023-02-15 00:00:00-05:00,5.21999979019165,5.610000133514404,5.21999979019165,5.610000133514404,1100300,0.0,0.0
2023-02-16 00:00:00-05:00,5.449999809265137,5.619999885559082,5.340000152587891,5.349999904632568,766400,0.0,0.0
2023-02-17 00:00:00-05:00,5.300000190734863,5.329999923706055,5.198999881744385,5.289999961853027,774500,0.0,0.0
2023-02-21 00:00:00-05:00,5.21999979019165,5.28000020980835,5.170000076293945,5.21999979019165,1328400,0.0,0.0
2023-02-22 00:00:00-05:00,5.21999979019165,5.369999885559082,5.203000068664551,5.360000133514404,1451000,0.0,0.0
2023-02-23 00:00:00-05:00,5.420000076293945,5.420000076293945,5.199999809265137,5.309999942779541,2153500,0.0,0.0
2023-02-24 00:00:00-05:00,5.190000057220459,5.400000095367432,5.114999771118164,5.300000190734863,2197500,0.0,0.0
2023-02-27 00:00:00-05:00,5.349999904632568,5.385000228881836,5.184999942779541,5.210000038146973,2908500,0.0,0.0
2023-02-28 00:00:00-05:00,5.260000228881836,5.364999771118164,5.21999979019165,5.289999961853027,3112500,0.0,0.0
2023-03-01 00:00:00-05:00,6.28000020980835,6.460000038146973,5.394999980926514,5.5,3747900,0.0,0.0
2023-03-02 00:00:00-05:00,5.369999885559082,5.599999904632568,5.320000171661377,5.5,1669600,0.0,0.0
2023-03-03 00:00:00-05:00,5.539999961853027,5.920000076293945,5.510000228881836,5.920000076293945,1832800,0.0,0.0
2023-03-06 00:00:00-05:00,5.909999847412109,5.949999809265137,5.494999885559082,5.519999980926514,1627000,0.0,0.0
2023-03-07 00:00:00-05:00,5.570000171661377,5.64900016784668,5.440000057220459,5.5,1973500,0.0,0.0
2023-03-08 00:00:00-05:00,5.539999961853027,5.570000171661377,5.440000057220459,5.550000190734863,926200,0.0,0.0
2023-03-09 00:00:00-05:00,5.519999980926514,5.644999980926514,5.440000057220459,5.489999771118164,1779400,0.0,0.0
2023-03-10 00:00:00-05:00,5.539999961853027,5.809999942779541,5.489999771118164,5.760000228881836,3231000,0.0,0.0
2023-03-13 00:00:00-04:00,5.639999866485596,6.179999828338623,5.559999942779541,6.150000095367432,4334600,0.0,0.0
2023-03-14 00:00:00-04:00,6.25,6.369999885559082,6.050000190734863,6.349999904632568,2167200,0.0,0.0
2023-03-15 00:00:00-04:00,6.199999809265137,6.525000095367432,6.070000171661377,6.440000057220459,3434900,0.0,0.0
2023-03-16 00:00:00-04:00,6.380000114440918,6.684999942779541,6.324999809265137,6.610000133514404,1993900,0.0,0.0
2023-03-17 00:00:00-04:00,6.519999980926514,6.610000133514404,6.445000171661377,6.539999961853027,2396300,0.0,0.0
2023-03-20 00:00:00-04:00,6.550000190734863,6.559999942779541,6.340000152587891,6.449999809265137,2057400,0.0,0.0
2023-03-21 00:00:00-04:00,6.539999961853027,6.690000057220459,6.510000228881836,6.610000133514404,1092000,0.0,0.0
2023-03-22 00:00:00-04:00,6.630000114440918,6.940000057220459,6.539999961853027,6.659999847412109,2293700,0.0,0.0
2023-03-23 00:00:00-04:00,6.71999979019165,6.730000019073486,6.34499979019165,6.420000076293945,1589500,0.0,0.0
2023-03-24 00:00:00-04:00,6.329999923706055,6.619999885559082,6.329999923706055,6.380000114440918,1333300,0.0,0.0
2023-03-27 00:00:00-04:00,6.460000038146973,6.4770002365112305,6.139999866485596,6.150000095367432,1010000,0.0,0.0
2023-03-28 00:00:00-04:00,6.210000038146973,6.210000038146973,5.880000114440918,5.900000095367432,1251700,0.0,0.0
2023-03-29 00:00:00-04:00,6.0,6.190000057220459,5.914999961853027,6.019999980926514,824000,0.0,0.0
2023-03-30 00:00:00-04:00,6.090000152587891,6.119999885559082,5.880000114440918,5.949999809265137,704000,0.0,0.0
2023-03-31 00:00:00-04:00,6.010000228881836,6.309000015258789,5.949999809265137,6.25,1551300,0.0,0.0
2023-04-03 00:00:00-04:00,6.170000076293945,6.230000019073486,5.920000076293945,6.010000228881836,832200,0.0,0.0
2023-04-04 00:00:00-04:00,6.090000152587891,6.144999980926514,5.909999847412109,6.0,606300,0.0,0.0
2023-04-05 00:00:00-04:00,5.96999979019165,5.980000019073486,5.670000076293945,5.789999961853027,975800,0.0,0.0
2023-04-06 00:00:00-04:00,5.900000095367432,5.925000190734863,5.71999979019165,5.900000095367432,698000,0.0,0.0
2023-04-10 00:00:00-04:00,5.829999923706055,5.909999847412109,5.599999904632568,5.739999771118164,1007900,0.0,0.0
2023-04-11 00:00:00-04:00,5.769999980926514,5.880000114440918,5.670000076293945,5.809999942779541,1331000,0.0,0.0
2023-04-12 00:00:00-04:00,5.880000114440918,5.989999771118164,5.684999942779541,5.960000038146973,2389800,0.0,0.0
2023-04-13 00:00:00-04:00,6.019999980926514,6.295000076293945,6.0,6.199999809265137,1703600,0.0,0.0
2023-04-14 00:00:00-04:00,6.139999866485596,6.21999979019165,5.800000190734863,5.949999809265137,1465600,0.0,0.0
2023-04-17 00:00:00-04:00,5.889999866485596,5.920000076293945,5.78000020980835,5.789999961853027,731100,0.0,0.0
2023-04-18 00:00:00-04:00,5.849999904632568,5.900000095367432,5.739999771118164,5.760000228881836,695600,0.0,0.0
2023-04-19 00:00:00-04:00,5.679999828338623,5.929999828338623,5.650000095367432,5.829999923706055,859100,0.0,0.0
2023-04-20 00:00:00-04:00,5.75,5.894999980926514,5.71999979019165,5.71999979019165,461000,0.0,0.0
2023-04-21 00:00:00-04:00,5.710000038146973,5.824999809265137,5.675000190734863,5.760000228881836,545400,0.0,0.0
2023-04-24 00:00:00-04:00,5.769999980926514,5.78000020980835,5.590000152587891,5.659999847412109,690200,0.0,0.0
2023-04-25 00:00:00-04:00,5.619999885559082,5.639999866485596,5.460000038146973,5.489999771118164,1103300,0.0,0.0
2023-04-26 00:00:00-04:00,5.650000095367432,5.650000095367432,4.639999866485596,4.860000133514404,3479200,0.0,0.0
2023-04-27 00:00:00-04:00,4.860000133514404,4.90500020980835,4.489999771118164,4.670000076293945,3433700,0.0,0.0
2023-04-28 00:00:00-04:00,4.610000133514404,4.704999923706055,4.519999980926514,4.670000076293945,1361300,0.0,0.0
2023-05-01 00:00:00-04:00,4.650000095367432,4.688000202178955,4.554999828338623,4.579999923706055,1052500,0.0,0.0
2023-05-02 00:00:00-04:00,4.590000152587891,4.590000152587891,4.420000076293945,4.449999809265137,1842500,0.0,0.0
2023-05-03 00:00:00-04:00,4.449999809265137,4.519000053405762,4.309999942779541,4.360000133514404,1598500,0.0,0.0
2023-05-04 00:00:00-04:00,4.340000152587891,4.400000095367432,4.260000228881836,4.380000114440918,882800,0.0,0.0
2023-05-05 00:00:00-04:00,4.53000020980835,4.670000076293945,4.429999828338623,4.599999904632568,1118500,0.0,0.0
2023-05-08 00:00:00-04:00,4.579999923706055,4.679999828338623,4.5,4.610000133514404,1073200,0.0,0.0
2023-05-09 00:00:00-04:00,4.590000152587891,4.730000019073486,4.550000190734863,4.690000057220459,1338200,0.0,0.0
2023-05-10 00:00:00-04:00,4.409999847412109,4.974999904632568,4.21999979019165,4.800000190734863,2433300,0.0,0.0
2023-05-11 00:00:00-04:00,4.769999980926514,5.03000020980835,4.59499979019165,5.019999980926514,2061800,0.0,0.0
2023-05-12 00:00:00-04:00,5.0,5.150000095367432,4.940000057220459,5.099999904632568,1585300,0.0,0.0
2023-05-15 00:00:00-04:00,5.070000171661377,5.269999980926514,4.96999979019165,5.199999809265137,1429400,0.0,0.0
2023-05-16 00:00:00-04:00,5.159999847412109,5.275000095367432,5.005000114440918,5.070000171661377,1243300,0.0,0.0
2023-05-17 00:00:00-04:00,5.059999942779541,5.28000020980835,4.96999979019165,5.264999866485596,1138900,0.0,0.0
2023-05-18 00:00:00-04:00,5.239999771118164,5.300000190734863,5.039999961853027,5.139999866485596,910600,0.0,0.0
2023-05-19 00:00:00-04:00,5.139999866485596,5.164999961853027,5.059999942779541,5.079999923706055,639000,0.0,0.0
2023-05-22 00:00:00-04:00,5.079999923706055,5.304999828338623,5.039999961853027,5.260000228881836,844900,0.0,0.0
2023-05-23 00:00:00-04:00,5.210000038146973,5.329999923706055,5.179999828338623,5.21999979019165,875800,0.0,0.0
2023-05-24 00:00:00-04:00,5.159999847412109,5.210000038146973,5.050000190734863,5.139999866485596,782900,0.0,0.0
2023-05-25 00:00:00-04:00,5.159999847412109,5.255000114440918,4.985000133514404,5.239999771118164,1229800,0.0,0.0
2023-05-26 00:00:00-04:00,5.25,5.570000171661377,5.239999771118164,5.510000228881836,1259400,0.0,0.0
2023-05-30 00:00:00-04:00,5.519999980926514,5.598999977111816,5.480000019073486,5.53000020980835,907500,0.0,0.0
2023-05-31 00:00:00-04:00,5.510000228881836,5.570000171661377,5.28000020980835,5.429999828338623,1071800,0.0,0.0
2023-06-01 00:00:00-04:00,5.409999847412109,5.414999961853027,5.290999889373779,5.369999885559082,619600,0.0,0.0
2023-06-02 00:00:00-04:00,5.420000076293945,5.46999979019165,5.289999961853027,5.389999866485596,1062200,0.0,0.0
2023-06-05 00:00:00-04:00,5.369999885559082,5.46999979019165,5.244999885559082,5.389999866485596,948400,0.0,0.0
2023-06-06 00:00:00-04:00,5.355000019073486,5.644999980926514,5.340000152587891,5.53000020980835,1369500,0.0,0.0
2023-06-07 00:00:00-04:00,5.579999923706055,5.659999847412109,5.409999847412109,5.409999847412109,879700,0.0,0.0
2023-06-08 00:00:00-04:00,5.420000076293945,5.525000095367432,5.389999866485596,5.480000019073486,1045600,0.0,0.0
2023-06-09 00:00:00-04:00,5.489999771118164,5.635000228881836,5.445000171661377,5.510000228881836,680100,0.0,0.0
2023-06-12 00:00:00-04:00,5.5,5.699999809265137,5.480000019073486,5.650000095367432,868600,0.0,0.0
2023-06-13 00:00:00-04:00,5.679999828338623,5.789999961853027,5.619999885559082,5.75,743200,0.0,0.0
2023-06-14 00:00:00-04:00,5.760000228881836,5.775000095367432,5.590000152587891,5.679999828338623,673200,0.0,0.0
2023-06-15 00:00:00-04:00,5.639999866485596,5.809999942779541,5.619999885559082,5.78000020980835,762800,0.0,0.0
2023-06-16 00:00:00-04:00,5.760000228881836,5.801000118255615,5.635000228881836,5.71999979019165,951900,0.0,0.0
2023-06-20 00:00:00-04:00,5.659999847412109,5.670000076293945,5.505000114440918,5.590000152587891,687100,0.0,0.0
2023-06-21 00:00:00-04:00,5.570000171661377,5.619999885559082,5.489999771118164,5.570000171661377,814400,0.0,0.0
2023-06-22 00:00:00-04:00,5.550000190734863,5.71999979019165,5.510000228881836,5.71999979019165,854400,0.0,0.0
2023-06-23 00:00:00-04:00,5.539999961853027,5.650000095367432,5.420000076293945,5.460000038146973,689700,0.0,0.0
2023-06-26 00:00:00-04:00,5.460000038146973,5.570000171661377,5.380000114440918,5.389999866485596,660000,0.0,0.0
2023-06-27 00:00:00-04:00,5.400000095367432,5.519999980926514,5.329999923706055,5.460000038146973,906700,0.0,0.0
2023-06-28 00:00:00-04:00,5.409999847412109,5.559999942779541,5.389999866485596,5.550000190734863,492700,0.0,0.0
2023-06-29 00:00:00-04:00,5.519999980926514,5.614999771118164,5.480000019073486,5.510000228881836,492900,0.0,0.0
2023-06-30 00:00:00-04:00,5.570000171661377,5.639999866485596,5.510000228881836,5.519999980926514,587600,0.0,0.0
2023-07-03 00:00:00-04:00,5.510000228881836,5.610000133514404,5.434999942779541,5.489999771118164,392500,0.0,0.0
2023-07-05 00:00:00-04:00,5.460000038146973,5.460000038146973,5.320000171661377,5.340000152587891,821200,0.0,0.0
2023-07-06 00:00:00-04:00,5.289999961853027,5.289999961853027,5.110000133514404,5.230000019073486,567200,0.0,0.0
2023-07-07 00:00:00-04:00,5.260000228881836,5.420000076293945,5.25,5.320000171661377,580500,0.0,0.0
2023-07-10 00:00:00-04:00,5.329999923706055,5.539999961853027,5.291999816894531,5.489999771118164,769000,0.0,0.0
2023-07-11 00:00:00-04:00,5.510000228881836,5.550000190734863,5.369999885559082,5.400000095367432,1545200,0.0,0.0
2023-07-12 00:00:00-04:00,5.71999979019165,6.650000095367432,5.610000133514404,6.559999942779541,6854600,0.0,0.0
2023-07-13 00:00:00-04:00,6.599999904632568,7.369999885559082,6.460000038146973,7.329999923706055,5036900,0.0,0.0
2023-07-14 00:00:00-04:00,7.340000152587891,7.679999828338623,7.320000171661377,7.460000038146973,3297300,0.0,0.0
2023-07-17 00:00:00-04:00,7.46999979019165,7.625,7.28000020980835,7.519999980926514,1678400,0.0,0.0
2023-07-18 00:00:00-04:00,7.519999980926514,7.869999885559082,7.5,7.639999866485596,1680000,0.0,0.0
2023-07-19 00:00:00-04:00,7.679999828338623,7.809999942779541,7.355000019073486,7.519999980926514,1644000,0.0,0.0
2023-07-20 00:00:00-04:00,7.440000057220459,7.460000038146973,6.744999885559082,6.869999885559082,2088400,0.0,0.0
2023-07-21 00:00:00-04:00,6.96999979019165,7.090000152587891,6.659999847412109,6.929999828338623,1062700,0.0,0.0
2023-07-24 00:00:00-04:00,6.880000114440918,6.881999969482422,6.599999904632568,6.619999885559082,981700,0.0,0.0
2023-07-25 00:00:00-04:00,6.510000228881836,6.744999885559082,6.449999809265137,6.619999885559082,821200,0.0,0.0
2023-07-26 00:00:00-04:00,6.610000133514404,6.920000076293945,6.539999961853027,6.849999904632568,1201000,0.0,0.0
2023-07-27 00:00:00-04:00,6.880000114440918,6.994999885559082,6.579999923706055,6.639999866485596,977400,0.0,0.0
2023-07-28 00:00:00-04:00,6.78000020980835,6.90500020980835,6.710000038146973,6.75,879700,0.0,0.0
2023-07-31 00:00:00-04:00,7.610000133514404,9.369999885559082,7.599999904632568,9.239999771118164,23302900,0.0,0.0
2023-08-01 00:00:00-04:00,9.220000267028809,9.34000015258789,8.630000114440918,8.670000076293945,5014000,0.0,0.0
2023-08-02 00:00:00-04:00,8.5600004196167,8.600000381469727,8.180000305175781,8.460000038146973,2657000,0.0,0.0
2023-08-03 00:00:00-04:00,8.399999618530273,8.744999885559082,8.300000190734863,8.609999656677246,2515500,0.0,0.0
2023-08-04 00:00:00-04:00,8.729999542236328,9.25,8.619999885559082,9.119999885559082,3573700,0.0,0.0
2023-08-07 00:00:00-04:00,9.029999732971191,9.118000030517578,8.375,8.680000305175781,2494400,0.0,0.0
2023-08-08 00:00:00-04:00,8.539999961853027,8.8100004196167,8.420000076293945,8.739999771118164,2820900,0.0,0.0
2023-08-09 00:00:00-04:00,7.75,8.5,7.639999866485596,7.940000057220459,3454100,0.0,0.0
2023-08-10 00:00:00-04:00,8.399999618530273,9.140000343322754,8.114999771118164,8.25,3397500,0.0,0.0
2023-08-11 00:00:00-04:00,8.119999885559082,8.4399995803833,7.869999885559082,7.909999847412109,2430200,0.0,0.0
2023-08-14 00:00:00-04:00,7.829999923706055,7.829999923706055,7.429999828338623,7.510000228881836,2082300,0.0,0.0
2023-08-15 00:00:00-04:00,7.440000057220459,7.570000171661377,7.239999771118164,7.380000114440918,1877300,0.0,0.0
2023-08-16 00:00:00-04:00,7.309999942779541,7.489999771118164,7.21999979019165,7.239999771118164,1186400,0.0,0.0
2023-08-17 00:00:00-04:00,7.130000114440918,7.159999847412109,6.505000114440918,6.869999885559082,2417900,0.0,0.0
2023-08-18 00:00:00-04:00,6.809999942779541,7.03000020980835,6.625,6.71999979019165,2157800,0.0,0.0
2023-08-21 00:00:00-04:00,6.769999980926514,6.78000020980835,6.355000019073486,6.519999980926514,2035000,0.0,0.0
2023-08-22 00:00:00-04:00,6.579999923706055,6.619999885559082,6.284999847412109,6.340000152587891,1599700,0.0,0.0
2023-08-23 00:00:00-04:00,6.394999980926514,6.429999828338623,6.130000114440918,6.190000057220459,2346800,0.0,0.0
2023-08-24 00:00:00-04:00,6.179999828338623,6.199999809265137,5.96999979019165,5.989999771118164,1996800,0.0,0.0
2023-08-25 00:00:00-04:00,5.989999771118164,6.25,5.929999828338623,6.039999961853027,1982000,0.0,0.0
2023-08-28 00:00:00-04:00,6.090000152587891,6.289999961853027,6.085999965667725,6.139999866485596,1336800,0.0,0.0
2023-08-29 00:00:00-04:00,6.130000114440918,6.489999771118164,6.099999904632568,6.28000020980835,1554100,0.0,0.0
2023-08-30 00:00:00-04:00,6.300000190734863,6.709000110626221,6.28000020980835,6.570000171661377,1796800,0.0,0.0
2023-08-31 00:00:00-04:00,6.559999942779541,6.909999847412109,6.53000020980835,6.53000020980835,1248500,0.0,0.0
2023-09-01 00:00:00-04:00,6.619999885559082,6.71999979019165,6.480000019073486,6.550000190734863,1293200,0.0,0.0
2023-09-05 00:00:00-04:00,6.489999771118164,6.489999771118164,6.300000190734863,6.349999904632568,1081600,0.0,0.0
2023-09-06 00:00:00-04:00,6.360000133514404,6.440000057220459,6.320000171661377,6.369999885559082,830400,0.0,0.0
2023-09-07 00:00:00-04:00,6.289999961853027,6.289999961853027,6.064000129699707,6.159999847412109,866600,0.0,0.0
2023-09-08 00:00:00-04:00,6.150000095367432,6.195000171661377,6.110000133514404,6.179999828338623,1255200,0.0,0.0
2023-09-11 00:00:00-04:00,6.190000057220459,6.315000057220459,6.135000228881836,6.179999828338623,625700,0.0,0.0
2023-09-12 00:00:00-04:00,6.130000114440918,6.300000190734863,6.014999866485596,6.059999942779541,942200,0.0,0.0
2023-09-13 00:00:00-04:00,6.019999980926514,6.360000133514404,6.010000228881836,6.320000171661377,1130800,0.0,0.0
2023-09-14 00:00:00-04:00,6.400000095367432,6.53000020980835,6.199999809265137,6.260000228881836,960200,0.0,0.0
2023-09-15 00:00:00-04:00,6.230000019073486,6.269999980926514,5.894999980926514,6.0,1369700,0.0,0.0
2023-09-18 00:00:00-04:00,5.940000057220459,5.989999771118164,5.75,5.769999980926514,844800,0.0,0.0
2023-09-19 00:00:00-04:00,5.75,5.809999942779541,5.704999923706055,5.789999961853027,777200,0.0,0.0
2023-09-20 00:00:00-04:00,5.849999904632568,5.960000038146973,5.75,5.760000228881836,731900,0.0,0.0
2023-09-21 00:00:00-04:00,5.679999828338623,5.800000190734863,5.614999771118164,5.639999866485596,622800,0.0,0.0
2023-09-22 00:00:00-04:00,5.699999809265137,5.710000038146973,5.550000190734863,5.579999923706055,548300,0.0,0.0
2023-09-25 00:00:00-04:00,5.5,5.565000057220459,5.375,5.46999979019165,1248300,0.0,0.0
2023-09-26 00:00:00-04:00,5.440000057220459,5.465000152587891,5.28000020980835,5.400000095367432,762400,0.0,0.0
2023-09-27 00:00:00-04:00,5.460000038146973,5.510000228881836,5.349999904632568,5.460000038146973,1035400,0.0,0.0
2023-09-28 00:00:00-04:00,5.460000038146973,5.574999809265137,5.420000076293945,5.53000020980835,763600,0.0,0.0
2023-09-29 00:00:00-04:00,5.610000133514404,5.659999847412109,5.519999980926514,5.630000114440918,855100,0.0,0.0
2023-10-02 00:00:00-04:00,5.590000152587891,5.635000228881836,5.500999927520752,5.579999923706055,564200,0.0,0.0
2023-10-03 00:00:00-04:00,5.5,5.550000190734863,5.210000038146973,5.260000228881836,678700,0.0,0.0
2023-10-04 00:00:00-04:00,5.28000020980835,5.28000020980835,5.119999885559082,5.170000076293945,962200,0.0,0.0
2023-10-05 00:00:00-04:00,5.179999828338623,5.230000019073486,5.034999847412109,5.099999904632568,694000,0.0,0.0
2023-10-06 00:00:00-04:00,5.019999980926514,5.230000019073486,5.019999980926514,5.150000095367432,859600,0.0,0.0
2023-10-09 00:00:00-04:00,5.079999923706055,5.190000057220459,5.050000190734863,5.119999885559082,505500,0.0,0.0
2023-10-10 00:00:00-04:00,5.150000095367432,5.360000133514404,5.150000095367432,5.300000190734863,656500,0.0,0.0
2023-10-11 00:00:00-04:00,5.309999942779541,5.400000095367432,5.239999771118164,5.320000171661377,833500,0.0,0.0
2023-10-12 00:00:00-04:00,5.360000133514404,5.434999942779541,5.170000076293945,5.420000076293945,1498900,0.0,0.0
2023-10-13 00:00:00-04:00,5.420000076293945,5.440000057220459,5.150000095367432,5.309999942779541,965400,0.0,0.0
2023-10-16 00:00:00-04:00,5.340000152587891,5.590000152587891,5.309999942779541,5.53000020980835,793100,0.0,0.0
2023-10-17 00:00:00-04:00,5.46999979019165,5.630000114440918,5.429999828338623,5.53000020980835,787500,0.0,0.0
2023-10-18 00:00:00-04:00,5.480000019073486,5.480000019073486,5.289999961853027,5.309999942779541,897000,0.0,0.0
2023-10-19 00:00:00-04:00,5.360000133514404,5.364999771118164,5.215000152587891,5.28000020980835,610400,0.0,0.0
2023-10-20 00:00:00-04:00,5.239999771118164,5.514999866485596,5.21999979019165,5.489999771118164,1353300,0.0,0.0
2023-10-23 00:00:00-04:00,5.449999809265137,5.46999979019165,5.239999771118164,5.329999923706055,836700,0.0,0.0
2023-10-24 00:00:00-04:00,5.380000114440918,5.585000038146973,5.380000114440918,5.5,498500,0.0,0.0
2023-10-25 00:00:00-04:00,5.349999904632568,5.440000057220459,5.184999942779541,5.230000019073486,809700,0.0,0.0
2023-10-26 00:00:00-04:00,5.230000019073486,5.28000020980835,5.130000114440918,5.239999771118164,787000,0.0,0.0
2023-10-27 00:00:00-04:00,5.28000020980835,5.289999961853027,5.110000133514404,5.110000133514404,1237700,0.0,0.0
2023-10-30 00:00:00-04:00,5.170000076293945,5.230000019073486,5.079999923706055,5.119999885559082,1058000,0.0,0.0
2023-10-31 00:00:00-04:00,5.110000133514404,5.184999942779541,4.909999847412109,4.929999828338623,1392800,0.0,0.0
2023-11-01 00:00:00-04:00,4.929999828338623,5.090000152587891,4.795000076293945,5.039999961853027,1377700,0.0,0.0
2023-11-02 00:00:00-04:00,5.130000114440918,5.329999923706055,5.130000114440918,5.289999961853027,1212200,0.0,0.0
2023-11-03 00:00:00-04:00,5.400000095367432,5.559999942779541,5.349999904632568,5.369999885559082,2495000,0.0,0.0
2023-11-06 00:00:00-05:00,5.380000114440918,5.460000038146973,5.269999980926514,5.329999923706055,1413900,0.0,0.0
2023-11-07 00:00:00-05:00,5.340000152587891,5.480000019073486,5.230000019073486,5.400000095367432,1186000,0.0,0.0
2023-11-08 00:00:00-05:00,5.429999828338623,5.565000057220459,5.349999904632568,5.46999979019165,2496900,0.0,0.0
2023-11-09 00:00:00-05:00,5.329999923706055,5.329999923706055,4.135000228881836,4.440000057220459,9343000,0.0,0.0
2023-11-10 00:00:00-05:00,4.440000057220459,4.789999961853027,4.400000095367432,4.789999961853027,2813100,0.0,0.0
2023-11-13 00:00:00-05:00,4.75,4.820000171661377,4.630000114440918,4.710000038146973,1400900,0.0,0.0
2023-11-14 00:00:00-05:00,4.75,5.170000076293945,4.73199987411499,4.989999771118164,1674400,0.0,0.0
2023-11-15 00:00:00-05:00,5.0,5.409999847412109,4.989999771118164,5.28000020980835,1792500,0.0,0.0
2023-11-16 00:00:00-05:00,5.210000038146973,5.28000020980835,5.03000020980835,5.199999809265137,1319600,0.0,0.0
2023-11-17 00:00:00-05:00,5.25,5.36899995803833,5.184999942779541,5.230000019073486,1120500,0.0,0.0
2023-11-20 00:00:00-05:00,5.46999979019165,5.909999847412109,5.420000076293945,5.760000228881836,2012300,0.0,0.0
2023-11-21 00:00:00-05:00,5.670000076293945,5.795000076293945,5.570000171661377,5.590000152587891,1246100,0.0,0.0
2023-11-22 00:00:00-05:00,5.690000057220459,6.0,5.665999889373779,5.840000152587891,1937300,0.0,0.0
2023-11-24 00:00:00-05:00,5.789999961853027,5.940000057220459,5.760000228881836,5.889999866485596,661500,0.0,0.0
2023-11-27 00:00:00-05:00,5.809999942779541,5.940000057220459,5.789999961853027,5.820000171661377,1237500,0.0,0.0
2023-11-28 00:00:00-05:00,5.739999771118164,6.059999942779541,5.739999771118164,5.96999979019165,2079000,0.0,0.0
2023-11-29 00:00:00-05:00,6.019999980926514,6.190000057220459,5.78000020980835,5.800000190734863,1437900,0.0,0.0
2023-11-30 00:00:00-05:00,5.829999923706055,6.09499979019165,5.639999866485596,5.989999771118164,3083600,0.0,0.0
2023-12-01 00:00:00-05:00,6.179999828338623,6.389999866485596,6.059999942779541,6.369999885559082,1445900,0.0,0.0
2023-12-04 00:00:00-05:00,6.349999904632568,6.679999828338623,6.25,6.5,1689500,0.0,0.0
2023-12-05 00:00:00-05:00,6.440000057220459,6.440000057220459,5.869999885559082,6.090000152587891,3054500,0.0,0.0
2023-12-06 00:00:00-05:00,6.179999828338623,6.309999942779541,5.960000038146973,6.0,1998100,0.0,0.0
2023-12-07 00:00:00-05:00,6.0,6.01200008392334,5.860000133514404,5.940000057220459,1038900,0.0,0.0
2023-12-08 00:00:00-05:00,5.889999866485596,5.989999771118164,5.860000133514404,5.96999979019165,787800,0.0,0.0
2023-12-11 00:00:00-05:00,5.909999847412109,5.949999809265137,5.71999979019165,5.809999942779541,1126000,0.0,0.0
2023-12-12 00:00:00-05:00,5.78000020980835,5.78000020980835,5.590000152587891,5.71999979019165,982300,0.0,0.0
2023-12-13 00:00:00-05:00,5.679999828338623,6.125,5.639999866485596,6.079999923706055,1292800,0.0,0.0
2023-12-14 00:00:00-05:00,6.269999980926514,6.420000076293945,6.15500020980835,6.300000190734863,2153400,0.0,0.0
2023-12-15 00:00:00-05:00,6.360000133514404,6.420000076293945,6.170000076293945,6.329999923706055,2361600,0.0,0.0
2023-12-18 00:00:00-05:00,6.309999942779541,6.519999980926514,6.199999809265137,6.300000190734863,1266100,0.0,0.0
2023-12-19 00:00:00-05:00,6.309999942779541,6.409999847412109,6.289999961853027,6.400000095367432,1332300,0.0,0.0
2023-12-20 00:00:00-05:00,6.409999847412109,6.570000171661377,6.190000057220459,6.289999961853027,1467300,0.0,0.0
2023-12-21 00:00:00-05:00,6.400000095367432,6.510000228881836,6.2870001792907715,6.460000038146973,1005200,0.0,0.0
2023-12-22 00:00:00-05:00,6.489999771118164,6.547999858856201,6.320000171661377,6.420000076293945,1021200,0.0,0.0
2023-12-26 00:00:00-05:00,6.429999828338623,6.489999771118164,6.375,6.440000057220459,814900,0.0,0.0
2023-12-27 00:00:00-05:00,6.46999979019165,6.53000020980835,6.357999801635742,6.510000228881836,1076800,0.0,0.0
2023-12-28 00:00:00-05:00,6.449999809265137,6.599999904632568,6.449999809265137,6.599999904632568,782900,0.0,0.0
2023-12-29 00:00:00-05:00,6.579999923706055,6.755000114440918,6.489999771118164,6.699999809265137,2465300,0.0,0.0
2024-01-02 00:00:00-05:00,6.130000114440918,6.130000114440918,5.449999809265137,5.619999885559082,4378200,0.0,0.0
2024-01-03 00:00:00-05:00,5.534999847412109,5.539999961853027,5.309999942779541,5.369999885559082,2237700,0.0,0.0
2024-01-04 00:00:00-05:00,5.300000190734863,5.755000114440918,5.269999980926514,5.699999809265137,2113700,0.0,0.0
2024-01-05 00:00:00-05:00,5.659999847412109,5.664999961853027,5.460000038146973,5.489999771118164,1034800,0.0,0.0
2024-01-08 00:00:00-05:00,5.449999809265137,5.679999828338623,5.449999809265137,5.599999904632568,1322100,0.0,0.0
2024-01-09 00:00:00-05:00,5.519999980926514,5.775000095367432,5.480000019073486,5.710000038146973,1502800,0.0,0.0
2024-01-10 00:00:00-05:00,6.420000076293945,6.679999828338623,6.159999847412109,6.46999979019165,7809100,0.0,0.0
2024-01-11 00:00:00-05:00,6.480000019073486,6.664999961853027,6.381999969482422,6.570000171661377,2525100,0.0,0.0
2024-01-12 00:00:00-05:00,6.670000076293945,7.0279998779296875,6.60099983215332,6.639999866485596,3011800,0.0,0.0
2024-01-16 00:00:00-05:00,6.539999961853027,6.565000057220459,6.190000057220459,6.300000190734863,2706000,0.0,0.0
2024-01-17 00:00:00-05:00,6.099999904632568,6.340000152587891,6.0,6.329999923706055,1418600,0.0,0.0
2024-01-18 00:00:00-05:00,6.389999866485596,6.619999885559082,6.264999866485596,6.5,1736500,0.0,0.0
2024-01-19 00:00:00-05:00,6.539999961853027,6.590000152587891,6.239999771118164,6.429999828338623,1177500,0.0,0.0
2024-01-22 00:00:00-05:00,6.5,6.75,6.46999979019165,6.570000171661377,669100,0.0,0.0
2024-01-23 00:00:00-05:00,6.639999866485596,6.724999904632568,6.369999885559082,6.690000057220459,2082500,0.0,0.0
2024-01-24 00:00:00-05:00,6.869999885559082,6.920000076293945,6.579999923706055,6.699999809265137,1060900,0.0,0.0
2024-01-25 00:00:00-05:00,6.789999961853027,6.789999961853027,6.425000190734863,6.510000228881836,1216100,0.0,0.0
2024-01-26 00:00:00-05:00,6.46999979019165,6.607999801635742,6.440000057220459,6.489999771118164,761900,0.0,0.0
2024-01-29 00:00:00-05:00,6.489999771118164,6.525000095367432,6.360000133514404,6.460000038146973,759500,0.0,0.0
2024-01-30 00:00:00-05:00,6.409999847412109,6.485000133514404,6.150000095367432,6.159999847412109,636200,0.0,0.0
2024-01-31 00:00:00-05:00,6.110000133514404,6.215000152587891,5.989999771118164,6.0,1186200,0.0,0.0
2024-02-01 00:00:00-05:00,6.059999942779541,6.150000095367432,5.920000076293945,6.130000114440918,1322700,0.0,0.0
2024-02-02 00:00:00-05:00,6.039999961853027,6.260000228881836,5.929999828338623,6.199999809265137,1201200,0.0,0.0
2024-02-05 00:00:00-05:00,6.170000076293945,6.170000076293945,5.909999847412109,6.010000228881836,743000,0.0,0.0
2024-02-06 00:00:00-05:00,5.980000019073486,6.090000152587891,5.909999847412109,6.070000171661377,606500,0.0,0.0
2024-02-07 00:00:00-05:00,6.070000171661377,6.320000171661377,5.980000019073486,6.21999979019165,1099800,0.0,0.0
2024-02-08 00:00:00-05:00,6.179999828338623,6.550000190734863,6.080999851226807,6.53000020980835,1141400,0.0,0.0
2024-02-09 00:00:00-05:00,6.550000190734863,6.599999904632568,6.454999923706055,6.510000228881836,626100,0.0,0.0
2024-02-12 00:00:00-05:00,6.5,6.879000186920166,6.480000019073486,6.630000114440918,1476500,0.0,0.0
2024-02-13 00:00:00-05:00,6.300000190734863,6.5,6.146999835968018,6.389999866485596,782500,0.0,0.0
2024-02-14 00:00:00-05:00,6.519999980926514,6.630000114440918,6.329999923706055,6.619999885559082,1007100,0.0,0.0
2024-02-15 00:00:00-05:00,6.679999828338623,6.760000228881836,6.559999942779541,6.730000019073486,843800,0.0,0.0
2024-02-16 00:00:00-05:00,6.599999904632568,6.635000228881836,6.440000057220459,6.449999809265137,537600,0.0,0.0
2024-02-20 00:00:00-05:00,6.300000190734863,6.489999771118164,6.25,6.429999828338623,762600,0.0,0.0
2024-02-21 00:00:00-05:00,6.360000133514404,6.579999923706055,6.264999866485596,6.539999961853027,1543000,0.0,0.0
2024-02-22 00:00:00-05:00,6.610000133514404,6.638000011444092,6.440000057220459,6.539999961853027,1488000,0.0,0.0
2024-02-23 00:00:00-05:00,6.449999809265137,6.570000171661377,6.300000190734863,6.380000114440918,1410200,0.0,0.0
2024-02-26 00:00:00-05:00,6.494999885559082,6.690000057220459,6.409999847412109,6.539999961853027,1394100,0.0,0.0
2024-02-27 00:00:00-05:00,6.610000133514404,6.679999828338623,6.489999771118164,6.590000152587891,973200,0.0,0.0
2024-02-28 00:00:00-05:00,6.519999980926514,6.960000038146973,6.380000114440918,6.46999979019165,4136000,0.0,0.0
2024-02-29 00:00:00-05:00,7.269999980926514,8.0,7.070000171661377,7.789999961853027,8654000,0.0,0.0
2024-03-01 00:00:00-05:00,8.319999694824219,8.520000457763672,8.020000457763672,8.350000381469727,3875600,0.0,0.0
2024-03-04 00:00:00-05:00,8.25,8.289999961853027,7.75,8.079999923706055,3300800,0.0,0.0
2024-03-05 00:00:00-05:00,8.029999732971191,8.140000343322754,7.465000152587891,7.610000133514404,1637800,0.0,0.0
2024-03-06 00:00:00-05:00,7.619999885559082,7.730000019073486,7.394999980926514,7.570000171661377,1102300,0.0,0.0
2024-03-07 00:00:00-05:00,7.650000095367432,7.864999771118164,7.494999885559082,7.539999961853027,1244100,0.0,0.0
2024-03-08 00:00:00-05:00,7.639999866485596,7.701000213623047,7.215000152587891,7.389999866485596,1788900,0.0,0.0
2024-03-11 00:00:00-04:00,7.300000190734863,7.46999979019165,7.264999866485596,7.349999904632568,1281800,0.0,0.0
2024-03-12 00:00:00-04:00,7.340000152587891,7.449999809265137,7.190000057220459,7.21999979019165,1526500,0.0,0.0
2024-03-13 00:00:00-04:00,7.159999847412109,7.389999866485596,7.130000114440918,7.139999866485596,800300,0.0,0.0
2024-03-14 00:00:00-04:00,7.079999923706055,7.099999904632568,6.650000095367432,6.769999980926514,1304300,0.0,0.0
2024-03-15 00:00:00-04:00,6.71999979019165,7.03000020980835,6.699999809265137,6.909999847412109,1553400,0.0,0.0
2024-03-18 00:00:00-04:00,7.0,7.099999904632568,6.539999961853027,6.570000171661377,1282700,0.0,0.0
2024-03-19 00:00:00-04:00,6.510000228881836,6.739999771118164,6.409999847412109,6.550000190734863,1083900,0.0,0.0
2024-03-20 00:00:00-04:00,6.519999980926514,6.880000114440918,6.440000057220459,6.800000190734863,776500,0.0,0.0
2024-03-21 00:00:00-04:00,6.860000133514404,6.949999809265137,6.71999979019165,6.75,966700,0.0,0.0
2024-03-22 00:00:00-04:00,6.699999809265137,6.769999980926514,6.579999923706055,6.579999923706055,460100,0.0,0.0
2024-03-25 00:00:00-04:00,7.599999904632568,7.927000045776367,7.050000190734863,7.070000171661377,2627600,0.0,0.0
2024-03-26 00:00:00-04:00,7.130000114440918,7.489999771118164,6.96999979019165,7.059999942779541,1394300,0.0,0.0
2024-03-27 00:00:00-04:00,7.139999866485596,7.230000019073486,6.900000095367432,7.010000228881836,1238400,0.0,0.0
2024-03-28 00:00:00-04:00,7.03000020980835,7.28000020980835,7.03000020980835,7.099999904632568,1166300,0.0,0.0
2024-04-01 00:00:00-04:00,7.110000133514404,7.190000057220459,6.949999809265137,7.099999904632568,854600,0.0,0.0
2024-04-02 00:00:00-04:00,6.949999809265137,6.960000038146973,6.690000057220459,6.800000190734863,1095900,0.0,0.0
2024-04-03 00:00:00-04:00,6.699999809265137,6.829999923706055,6.690000057220459,6.71999979019165,1317000,0.0,0.0
2024-04-04 00:00:00-04:00,6.800000190734863,6.849999904632568,6.650000095367432,6.710000038146973,802300,0.0,0.0
2024-04-05 00:00:00-04:00,6.650000095367432,6.900000095367432,6.599999904632568,6.900000095367432,836200,0.0,0.0
2024-04-08 00:00:00-04:00,6.900000095367432,7.019999980926514,6.829999923706055,6.840000152587891,607800,0.0,0.0
2024-04-09 00:00:00-04:00,6.900000095367432,7.114999771118164,6.690000057220459,6.739999771118164,861800,0.0,0.0
2024-04-10 00:00:00-04:00,6.869999885559082,7.050000190734863,6.735000133514404,7.0,1544300,0.0,0.0
2024-04-11 00:00:00-04:00,7.03000020980835,7.03000020980835,6.690000057220459,6.920000076293945,963100,0.0,0.0
2024-04-12 00:00:00-04:00,6.849999904632568,6.920000076293945,6.800000190734863,6.829999923706055,530400,0.0,0.0
2024-04-15 00:00:00-04:00,6.820000171661377,6.820000171661377,6.460000038146973,6.550000190734863,1267200,0.0,0.0
2024-04-16 00:00:00-04:00,6.5,6.760000228881836,6.440000057220459,6.519999980926514,1277400,0.0,0.0
2024-04-17 00:00:00-04:00,6.579999923706055,6.744999885559082,6.460000038146973,6.5,973500,0.0,0.0
2024-04-18 00:00:00-04:00,6.53000020980835,6.769999980926514,6.494999885559082,6.730000019073486,591200,0.0,0.0
2024-04-19 00:00:00-04:00,6.690000057220459,6.739999771118164,6.590000152587891,6.690000057220459,643400,0.0,0.0
2024-04-22 00:00:00-04:00,6.71999979019165,6.730000019073486,6.570000171661377,6.659999847412109,404200,0.0,0.0
2024-04-23 00:00:00-04:00,6.659999847412109,7.03000020980835,6.519999980926514,6.96999979019165,1115300,0.0,0.0
2024-04-24 00:00:00-04:00,7.0,7.130000114440918,6.840000152587891,6.960000038146973,803600,0.0,0.0
2024-04-25 00:00:00-04:00,6.829999923706055,7.085000038146973,6.795000076293945,7.079999923706055,558400,0.0,0.0
2024-04-26 00:00:00-04:00,7.28000020980835,7.349999904632568,7.090000152587891,7.190000057220459,938200,0.0,0.0
2024-04-29 00:00:00-04:00,7.239999771118164,7.244999885559082,7.059999942779541,7.150000095367432,515400,0.0,0.0
2024-04-30 00:00:00-04:00,7.03000020980835,7.159999847412109,7.013000011444092,7.099999904632568,686700,0.0,0.0
2024-05-01 00:00:00-04:00,7.059999942779541,7.170000076293945,6.909999847412109,6.96999979019165,723700,0.0,0.0
2024-05-02 00:00:00-04:00,7.079999923706055,7.090000152587891,6.789999961853027,7.010000228881836,723100,0.0,0.0
2024-05-03 00:00:00-04:00,7.150000095367432,7.260000228881836,7.0,7.099999904632568,551300,0.0,0.0
2024-05-06 00:00:00-04:00,7.25,7.480000019073486,7.204999923706055,7.46999979019165,1043400,0.0,0.0
2024-05-07 00:00:00-04:00,7.449999809265137,7.690000057220459,7.309999942779541,7.53000020980835,1716900,0.0,0.0
2024-05-08 00:00:00-04:00,7.400000095367432,7.679999828338623,7.349999904632568,7.610000133514404,3477200,0.0,0.0
2024-05-09 00:00:00-04:00,7.099999904632568,7.349999904632568,6.75,6.929999828338623,4191300,0.0,0.0
2024-05-10 00:00:00-04:00,6.860000133514404,6.929999828338623,6.570000171661377,6.599999904632568,2014300,0.0,0.0
2024-05-13 00:00:00-04:00,6.619999885559082,6.860000133514404,6.565000057220459,6.699999809265137,1114700,0.0,0.0
2024-05-14 00:00:00-04:00,6.71999979019165,6.869999885559082,6.650000095367432,6.650000095367432,715400,0.0,0.0
2024-05-15 00:00:00-04:00,6.659999847412109,7.760000228881836,6.659999847412109,7.269999980926514,3120100,0.0,0.0
2024-05-16 00:00:00-04:00,7.800000190734863,8.371000289916992,7.570000171661377,8.0600004196167,4989300,0.0,0.0
2024-05-17 00:00:00-04:00,8.0600004196167,8.454999923706055,7.449999809265137,7.480000019073486,2534000,0.0,0.0
2024-05-20 00:00:00-04:00,7.489999771118164,7.5,6.985000133514404,7.130000114440918,1713500,0.0,0.0
2024-05-21 00:00:00-04:00,7.130000114440918,7.539999961853027,7.065000057220459,7.159999847412109,1158900,0.0,0.0
2024-05-22 00:00:00-04:00,7.059999942779541,7.210000038146973,7.039999961853027,7.199999809265137,1050200,0.0,0.0
2024-05-23 00:00:00-04:00,7.800000190734863,7.800000190734863,7.159999847412109,7.239999771118164,1461300,0.0,0.0
2024-05-24 00:00:00-04:00,7.309999942779541,7.320000171661377,7.130000114440918,7.139999866485596,767900,0.0,0.0
2024-05-28 00:00:00-04:00,7.199999809265137,7.284999847412109,7.059999942779541,7.269999980926514,1144000,0.0,0.0
2024-05-29 00:00:00-04:00,7.230000019073486,7.380000114440918,7.119999885559082,7.21999979019165,927700,0.0,0.0
2024-05-30 00:00:00-04:00,7.25,7.670000076293945,7.224999904632568,7.559999942779541,1408500,0.0,0.0
2024-05-31 00:00:00-04:00,7.53000020980835,7.900000095367432,7.5,7.869999885559082,1120200,0.0,0.0
2024-06-03 00:00:00-04:00,7.949999809265137,8.154999732971191,7.75,8.050000190734863,1153100,0.0,0.0
2024-06-04 00:00:00-04:00,7.960000038146973,8.180000305175781,7.784999847412109,8.170000076293945,1106900,0.0,0.0
2024-06-05 00:00:00-04:00,8.199999809265137,8.520000457763672,8.140000343322754,8.449999809265137,1839200,0.0,0.0
2024-06-06 00:00:00-04:00,8.5,9.0,8.449999809265137,8.789999961853027,2170600,0.0,0.0
2024-06-07 00:00:00-04:00,8.640000343322754,8.800000190734863,8.479999542236328,8.550000190734863,1074200,0.0,0.0
2024-06-10 00:00:00-04:00,8.699999809265137,8.935999870300293,8.630000114440918,8.90999984741211,1503900,0.0,0.0
2024-06-11 00:00:00-04:00,8.850000381469727,8.979999542236328,8.78499984741211,8.890000343322754,1049000,0.0,0.0
2024-06-12 00:00:00-04:00,8.989999771118164,9.062999725341797,8.84000015258789,8.850000381469727,1216100,0.0,0.0
2024-06-13 00:00:00-04:00,8.789999961853027,8.859999656677246,8.640000343322754,8.779999732971191,933800,0.0,0.0
2024-06-14 00:00:00-04:00,8.75,8.755000114440918,8.4399995803833,8.510000228881836,876700,0.0,0.0
2024-06-17 00:00:00-04:00,8.40999984741211,8.59000015258789,8.300000190734863,8.390000343322754,742200,0.0,0.0
2024-06-18 00:00:00-04:00,8.210000038146973,8.489999771118164,8.135000228881836,8.15999984741211,1334700,0.0,0.0
2024-06-20 00:00:00-04:00,8.15999984741211,8.180000305175781,7.784999847412109,7.800000190734863,1146000,0.0,0.0
2024-06-21 00:00:00-04:00,7.75,7.815000057220459,7.650000095367432,7.730000019073486,1287200,0.0,0.0
2024-06-24 00:00:00-04:00,7.619999885559082,7.789999961853027,7.590000152587891,7.619999885559082,740700,0.0,0.0
2024-06-25 00:00:00-04:00,7.639999866485596,7.840000152587891,7.480000019073486,7.820000171661377,1123800,0.0,0.0
2024-06-26 00:00:00-04:00,7.840000152587891,7.869999885559082,7.710000038146973,7.860000133514404,963400,0.0,0.0
2024-06-27 00:00:00-04:00,7.869999885559082,7.900000095367432,7.53000020980835,7.690000057220459,1187000,0.0,0.0
2024-06-28 00:00:00-04:00,7.650000095367432,7.809999942779541,7.539999961853027,7.800000190734863,1302600,0.0,0.0
2024-07-01 00:00:00-04:00,7.829999923706055,7.849999904632568,7.619999885559082,7.820000171661377,1004700,0.0,0.0
2024-07-02 00:00:00-04:00,7.760000228881836,7.869999885559082,7.644999980926514,7.820000171661377,836000,0.0,0.0
2024-07-03 00:00:00-04:00,7.820000171661377,7.880000114440918,7.704999923706055,7.809999942779541,415500,0.0,0.0
2024-07-05 00:00:00-04:00,7.78000020980835,7.860000133514404,7.730000019073486,7.840000152587891,1118700,0.0,0.0
2024-07-08 00:00:00-04:00,7.869999885559082,8.1899995803833,7.789999961853027,8.180000305175781,801900,0.0,0.0
2024-07-09 00:00:00-04:00,8.15999984741211,8.25,7.539999961853027,7.920000076293945,1340600,0.0,0.0
2024-07-10 00:00:00-04:00,7.980000019073486,8.164999961853027,7.849999904632568,7.989999771118164,915900,0.0,0.0
2024-07-11 00:00:00-04:00,8.0,8.050000190734863,7.920000076293945,8.029999732971191,809400,0.0,0.0
2024-07-12 00:00:00-04:00,8.100000381469727,8.170000076293945,7.559999942779541,7.710000038146973,1746800,0.0,0.0
2024-07-15 00:00:00-04:00,7.739999771118164,8.359999656677246,7.630000114440918,8.3100004196167,1434800,0.0,0.0
2024-07-16 00:00:00-04:00,8.359999656677246,8.40999984741211,8.140000343322754,8.369999885559082,937900,0.0,0.0
2024-07-17 00:00:00-04:00,8.180000305175781,8.369999885559082,8.15999984741211,8.25,809300,0.0,0.0
2024-07-18 00:00:00-04:00,8.369999885559082,8.407999992370605,7.989999771118164,8.0600004196167,843600,0.0,0.0
2024-07-19 00:00:00-04:00,8.100000381469727,8.5600004196167,8.010000228881836,8.5,1186100,0.0,0.0
