Date,Open,High,Low,Close,Volume,Dividends,Stock Splits,Capital Gains
2018-07-18 00:00:00-04:00,40.11878204345703,40.11878204345703,40.11878204345703,40.11878204345703,1000600,0.0,0.0,0.0
2018-07-19 00:00:00-04:00,40.11878204345703,40.11878204345703,40.11878204345703,40.11878204345703,0,0.0,0.0,0.0
2018-07-20 00:00:00-04:00,40.1412467956543,40.1412467956543,40.1412467956543,40.1412467956543,200,0.0,0.0,0.0
2018-07-23 00:00:00-04:00,40.14687728881836,40.14687728881836,40.14687728881836,40.14687728881836,1300,0.0,0.0,0.0
2018-07-24 00:00:00-04:00,40.207061767578125,40.207061767578125,40.19342002391297,40.207061767578125,2200,0.0,0.0,0.0
2018-07-25 00:00:00-04:00,40.21509115241797,40.239166259765625,40.19904006037528,40.239166259765625,600,0.0,0.0,0.0
2018-07-26 00:00:00-04:00,40.30337142944336,40.30337142944336,40.30337142944336,40.30337142944336,300,0.0,0.0,0.0
2018-07-27 00:00:00-04:00,40.24157144485036,40.287315368652344,40.24157144485036,40.287315368652344,1300,0.0,0.0,0.0
2018-07-30 00:00:00-04:00,40.30337142944336,40.30337142944336,40.30337142944336,40.30337142944336,700,0.0,0.0,0.0
2018-07-31 00:00:00-04:00,40.33546678799904,40.375596045874715,40.33546678799904,40.36756896972656,187700,0.0,0.0,0.0
2018-08-01 00:00:00-04:00,40.11878204345703,40.11878204345703,40.11878204345703,40.11878204345703,500,0.0,0.0,0.0
2018-08-02 00:00:00-04:00,40.12680992415556,40.182987213134766,40.12680992415556,40.182987213134766,800,0.0,0.0,0.0
2018-08-03 00:00:00-04:00,40.183000172772935,40.20707528683358,40.15089797973633,40.15089797973633,700,0.0,0.0,0.0
2018-08-06 00:00:00-04:00,40.22311384813626,40.23354721069336,40.22311384813626,40.23354721069336,600,0.0,0.0,0.0
2018-08-07 00:00:00-04:00,40.23354721069336,40.23354721069336,40.23354721069336,40.23354721069336,0,0.0,0.0,0.0
2018-08-08 00:00:00-04:00,40.3274272325823,40.3274272325823,40.30656051635742,40.30656051635742,1000,0.0,0.0,0.0
2018-08-09 00:00:00-04:00,40.34347969917716,40.34347969917716,40.31940460205078,40.31940460205078,600,0.0,0.0,0.0
2018-08-10 00:00:00-04:00,40.24718539329005,40.24718539329005,40.174957024069364,40.23273849487305,1400,0.0,0.0,0.0
2018-08-13 00:00:00-04:00,40.23273849487305,40.23273849487305,40.23273849487305,40.23273849487305,0,0.0,0.0,0.0
2018-08-14 00:00:00-04:00,40.2471809387207,40.2471809387207,40.2471809387207,40.2471809387207,200,0.0,0.0,0.0
2018-08-15 00:00:00-04:00,40.14125638721922,40.14125638721922,40.13242721557617,40.13242721557617,200,0.0,0.0,0.0
2018-08-16 00:00:00-04:00,40.23114224446066,40.239166259765625,40.23114224446066,40.239166259765625,400,0.0,0.0,0.0
2018-08-17 00:00:00-04:00,40.215087890625,40.215087890625,40.215087890625,40.215087890625,200,0.0,0.0,0.0
2018-08-20 00:00:00-04:00,40.215087890625,40.215087890625,40.215087890625,40.215087890625,0,0.0,0.0,0.0
2018-08-21 00:00:00-04:00,40.32744447829218,40.35954666137695,40.29534229520741,40.35954666137695,3000,0.0,0.0,0.0
2018-08-22 00:00:00-04:00,40.3755989074707,40.3755989074707,40.3755989074707,40.3755989074707,200,0.0,0.0,0.0
2018-08-23 00:00:00-04:00,40.39004485536665,40.39004485536665,40.38362503051758,40.38362503051758,400,0.0,0.0,0.0
2018-08-24 00:00:00-04:00,40.41572952270508,40.41572952270508,40.41572952270508,40.41572952270508,1100,0.0,0.0,0.0
2018-08-27 00:00:00-04:00,40.444603499413375,40.4558389542407,40.43738158171919,40.44781494140625,52500,0.0,0.0,0.0
2018-08-28 00:00:00-04:00,40.45584698776945,40.47189807805752,40.43979589748138,40.463871002197266,11300,0.0,0.0,0.0
2018-08-29 00:00:00-04:00,40.447825833523105,40.471900939941406,40.39967255925384,40.471900939941406,8600,0.0,0.0,0.0
2018-08-30 00:00:00-04:00,40.463871002197266,40.463871002197266,40.463871002197266,40.463871002197266,2000,0.0,0.0,0.0
2018-08-31 00:00:00-04:00,40.49596670661765,40.50399378119421,40.43176541716494,40.479915618896484,1900,0.0,0.0,0.0
2018-09-04 00:00:00-04:00,40.43535944684076,40.465335845947266,40.43535944684076,40.465335845947266,5000,0.472,0.0,0.0
2018-09-05 00:00:00-04:00,40.45723753293974,40.46534043266823,40.41673230534964,40.424835205078125,9300,0.0,0.0,0.0
2018-09-06 00:00:00-04:00,40.441034534662,40.46534014332289,40.41511267255806,40.457237243652344,10400,0.0,0.0,0.0
2018-09-07 00:00:00-04:00,40.40053061014351,40.40053061014351,40.31952015293025,40.380279541015625,4700,0.0,0.0,0.0
2018-09-10 00:00:00-04:00,40.44913743433255,40.46534014332289,40.44913743433255,40.457237243652344,17800,0.0,0.0,0.0
2018-09-11 00:00:00-04:00,40.45075248229947,40.48072888140597,40.45075248229947,40.465335845947266,800,0.0,0.0,0.0
2018-09-12 00:00:00-04:00,40.53015469784515,40.53825759887695,40.53015469784515,40.53825759887695,1100,0.0,0.0,0.0
2018-09-13 00:00:00-04:00,40.58685467035102,40.61926008740963,40.58685467035102,40.61116027832031,800,0.0,0.0,0.0
2018-09-14 00:00:00-04:00,40.619269896319544,40.627372797716255,40.58686447143555,40.58686447143555,800,0.0,0.0,0.0
2018-09-17 00:00:00-04:00,40.61927032470703,40.61927032470703,40.61927032470703,40.61927032470703,300,0.0,0.0,0.0
2018-09-18 00:00:00-04:00,40.61927032470703,40.61927032470703,40.61927032470703,40.61927032470703,0,0.0,0.0,0.0
2018-09-19 00:00:00-04:00,40.61927032470703,40.61927032470703,40.61927032470703,40.61927032470703,0,0.0,0.0,0.0
2018-09-20 00:00:00-04:00,40.65167236328125,40.65167236328125,40.65167236328125,40.65167236328125,700,0.0,0.0,0.0
2018-09-21 00:00:00-04:00,40.65976500708318,40.66219711303711,40.65976500708318,40.66219711303711,2000,0.0,0.0,0.0
2018-09-24 00:00:00-04:00,40.59739303588867,40.59739303588867,40.59739303588867,40.59739303588867,400,0.0,0.0,0.0
2018-09-25 00:00:00-04:00,40.5868513394313,40.611156945405845,40.5868513394313,40.60305404663086,900,0.0,0.0,0.0
2018-09-26 00:00:00-04:00,40.60305404663086,40.60305404663086,40.60305404663086,40.60305404663086,0,0.0,0.0,0.0
2018-09-27 00:00:00-04:00,40.70026919462192,40.716468811035156,40.70026919462192,40.716468811035156,400,0.0,0.0,0.0
2018-09-28 00:00:00-04:00,40.68407106963549,40.70027377822378,40.675968170166016,40.675968170166016,20900,0.0,0.0,0.0
2018-10-01 00:00:00-04:00,40.796974182128906,40.796974182128906,40.796974182128906,40.796974182128906,200,0.461,0.0,0.0
2018-10-02 00:00:00-04:00,40.815780609456496,40.82395859449221,40.79943087735992,40.8076057434082,2400,0.0,0.0,0.0
2018-10-03 00:00:00-04:00,40.80761414808888,40.81578901582086,40.73402786254883,40.73402786254883,47100,0.0,0.0,0.0
2018-10-04 00:00:00-04:00,40.67679139082728,40.67679139082728,40.63591081724714,40.660438537597656,1700,0.0,0.0,0.0
2018-10-05 00:00:00-04:00,40.64407805700151,40.64407805700151,40.570491790771484,40.570491790771484,500,0.0,0.0,0.0
2018-10-08 00:00:00-04:00,40.48055645814777,40.48055645814777,40.472381591796875,40.472381591796875,600,0.0,0.0,0.0
2018-10-09 00:00:00-04:00,40.472381591796875,40.472381591796875,40.472381591796875,40.472381591796875,0,0.0,0.0,0.0
2018-10-10 00:00:00-04:00,40.325208243744584,40.325208243744584,40.25979995727539,40.25979995727539,3100,0.0,0.0,0.0
2018-10-11 00:00:00-04:00,40.25979995727539,40.25979995727539,40.25979995727539,40.25979995727539,0,0.0,0.0,0.0
2018-10-12 00:00:00-04:00,40.34156036376953,40.34156036376953,40.34156036376953,40.34156036376953,200,0.0,0.0,0.0
2018-10-15 00:00:00-04:00,40.37427520751953,40.37427520751953,40.37427520751953,40.37427520751953,200,0.0,0.0,0.0
2018-10-16 00:00:00-04:00,40.43967552587523,40.468292236328125,40.431500659597624,40.468292236328125,31600,0.0,0.0,0.0
2018-10-17 00:00:00-04:00,40.46419732392439,40.472372188375914,40.393062591552734,40.393062591552734,500,0.0,0.0,0.0
2018-10-18 00:00:00-04:00,40.390625,40.390625,40.390625,40.390625,200,0.0,0.0,0.0
2018-10-19 00:00:00-04:00,40.37427520751953,40.37427520751953,40.37427520751953,40.37427520751953,200,0.0,0.0,0.0
2018-10-22 00:00:00-04:00,40.406959533691406,40.406959533691406,40.406959533691406,40.406959533691406,400,0.0,0.0,0.0
2018-10-23 00:00:00-04:00,40.16168327734739,40.19029998779297,40.16168327734739,40.19029998779297,1300,0.0,0.0,0.0
2018-10-24 00:00:00-04:00,40.18130111694336,40.18130111694336,40.18130111694336,40.18130111694336,200,0.0,0.0,0.0
2018-10-25 00:00:00-04:00,40.12079630601743,40.12079630601743,40.11180114746094,40.11180114746094,400,0.0,0.0,0.0
2018-10-26 00:00:00-04:00,40.018609987542355,40.018609987542355,39.956470383355736,39.9654655456543,4600,0.0,0.0,0.0
2018-10-29 00:00:00-04:00,40.05538784812412,40.05538784812412,39.92456817626953,39.92456817626953,900,0.0,0.0,0.0
2018-10-30 00:00:00-04:00,39.850989569964476,39.850989569964476,39.842811584472656,39.842811584472656,800,0.0,0.0,0.0
2018-10-31 00:00:00-04:00,39.94910890541688,39.973636627197266,39.94910890541688,39.973636627197266,300,0.0,0.0,0.0
2018-11-01 00:00:00-04:00,40.00744717774817,40.081687927246094,40.00744717774817,40.081687927246094,1500,0.431,0.0,0.0
2018-11-02 00:00:00-04:00,40.09819324663617,40.131189840355944,39.9744575935512,40.02395248413086,2400,0.0,0.0,0.0
2018-11-05 00:00:00-05:00,40.04045104980469,40.04045104980469,40.04045104980469,40.04045104980469,300,0.0,0.0,0.0
2018-11-06 00:00:00-05:00,40.13118783605537,40.13943541070921,40.075918701671505,40.09654235839844,2800,0.0,0.0,0.0
2018-11-07 00:00:00-05:00,40.18068975072495,40.275554190267925,40.18068975072495,40.267303466796875,2100,0.0,0.0,0.0
2018-11-08 00:00:00-05:00,40.23017615353916,40.30441691545164,40.19305419921875,40.19305419921875,1100,0.0,0.0,0.0
2018-11-09 00:00:00-05:00,40.164184697181106,40.164184697181106,40.01240539550781,40.01240539550781,9500,0.0,0.0,0.0
2018-11-12 00:00:00-05:00,39.86722839470842,39.86722839470842,39.80123519897461,39.80123519897461,700,0.0,0.0,0.0
2018-11-13 00:00:00-05:00,39.85897037232806,39.85897037232806,39.842472076416016,39.842472076416016,700,0.0,0.0,0.0
2018-11-14 00:00:00-05:00,39.842472076416016,39.842472076416016,39.842472076416016,39.842472076416016,200,0.0,0.0,0.0
2018-11-15 00:00:00-05:00,39.50095880690204,39.636239770193725,39.50095880690204,39.63211441040039,1000,0.0,0.0,0.0
2018-11-16 00:00:00-05:00,39.5207611113222,39.5207611113222,39.46714401245117,39.46714401245117,400,0.0,0.0,0.0
2018-11-19 00:00:00-05:00,39.46714401245117,39.46714401245117,39.46714401245117,39.46714401245117,0,0.0,0.0,0.0
2018-11-20 00:00:00-05:00,39.25680053256679,39.28979712758554,39.1908073425293,39.1908073425293,203000,0.0,0.0,0.0
2018-11-21 00:00:00-05:00,39.40114640309991,39.40114640309991,39.40032196044922,39.40032196044922,400,0.0,0.0,0.0
2018-11-23 00:00:00-05:00,39.40032196044922,39.40032196044922,39.40032196044922,39.40032196044922,100,0.0,0.0,0.0
2018-11-26 00:00:00-05:00,39.34588857061916,39.35331170273982,39.31454086303711,39.31454086303711,1600,0.0,0.0,0.0
2018-11-27 00:00:00-05:00,39.2402918679822,39.25679016113281,39.2402918679822,39.25679016113281,500,0.0,0.0,0.0
2018-11-28 00:00:00-05:00,39.274124016630346,39.55376434326172,39.274124016630346,39.55376434326172,500,0.0,0.0,0.0
2018-11-29 00:00:00-05:00,39.48777758243308,39.50427588294156,39.430035104017946,39.43828582763672,800,0.0,0.0,0.0
2018-11-30 00:00:00-05:00,39.413535806194524,39.42178652960452,39.397037506103516,39.397037506103516,500,0.0,0.0,0.0
2018-12-03 00:00:00-05:00,39.77597427368164,39.77597427368164,39.77597427368164,39.77597427368164,0,0.455,0.0,0.0
2018-12-04 00:00:00-05:00,39.77597427368164,39.77597427368164,39.77597427368164,39.77597427368164,0,0.0,0.0,0.0
2018-12-06 00:00:00-05:00,39.12636615272508,39.24296188354492,38.99727847603103,39.24296188354492,5100,0.0,0.0,0.0
2018-12-07 00:00:00-05:00,39.24296188354492,39.24296188354492,39.24296188354492,39.24296188354492,100,0.0,0.0,0.0
2018-12-10 00:00:00-05:00,39.051413078686465,39.072235107421875,39.051413078686465,39.072235107421875,200,0.0,0.0,0.0
2018-12-11 00:00:00-05:00,39.122196197509766,39.122196197509766,39.122196197509766,39.122196197509766,100,0.0,0.0,0.0
2018-12-12 00:00:00-05:00,39.296254010381844,39.30958150322028,39.211307525634766,39.211307525634766,4500,0.0,0.0,0.0
2018-12-13 00:00:00-05:00,39.426169811438626,39.426169811438626,39.309574127197266,39.309574127197266,600,0.0,0.0,0.0
2018-12-14 00:00:00-05:00,39.122196197509766,39.122196197509766,39.122196197509766,39.122196197509766,100,0.0,0.0,0.0
2018-12-17 00:00:00-05:00,39.1180384772859,39.15967935504486,38.920658111572266,38.920658111572266,2000,0.0,0.0,0.0
2018-12-18 00:00:00-05:00,38.98477581889422,38.98477581889422,38.763240814208984,38.763240814208984,1000,0.0,0.0,0.0
2018-12-19 00:00:00-05:00,38.843193507974426,38.843193507974426,38.39679718017578,38.39679718017578,1700,0.0,0.0,0.0
2018-12-20 00:00:00-05:00,38.10198823795465,38.126972131636016,37.95207852187517,38.099491119384766,1300,0.0,0.0,0.0
2018-12-21 00:00:00-05:00,37.900234205798846,37.948153181053414,37.85820007324219,37.85820007324219,1800,0.428,0.0,0.0
2018-12-24 00:00:00-05:00,37.58076477050781,37.58076477050781,37.58076477050781,37.58076477050781,100,0.0,0.0,0.0
2018-12-26 00:00:00-05:00,37.7110768528951,38.257530212402344,37.65475233235431,38.257530212402344,3300,0.0,0.0,0.0
2018-12-27 00:00:00-05:00,38.0919186319623,38.22895050048828,37.92461910505096,38.22895050048828,700,0.0,0.0,0.0
2018-12-28 00:00:00-05:00,38.12553809321052,38.22389995017803,38.12553809321052,38.20624542236328,500,0.0,0.0,0.0
2018-12-31 00:00:00-05:00,38.29368613031628,38.29368613031628,38.21634292602539,38.21634292602539,2200,0.0,0.0,0.0
2019-01-02 00:00:00-05:00,38.04987759909668,38.2112922668457,38.04987759909668,38.2112922668457,500,0.0,0.0,0.0
2019-01-03 00:00:00-05:00,38.07510534947073,38.11209487915039,38.07510534947073,38.11209487915039,400,0.0,0.0,0.0
2019-01-04 00:00:00-05:00,38.53749328460934,38.7913818359375,38.53749328460934,38.7913818359375,2000,0.0,0.0,0.0
2019-01-07 00:00:00-05:00,39.01667810487167,39.181453704833984,39.01667810487167,39.181453704833984,14300,0.0,0.0,0.0
2019-01-08 00:00:00-05:00,39.34455173130529,39.47065734863281,39.34455173130529,39.47065734863281,22000,0.0,0.0,0.0
2019-01-09 00:00:00-05:00,39.5933952331543,39.5933952331543,39.5933952331543,39.5933952331543,100,0.0,0.0,0.0
2019-01-10 00:00:00-05:00,39.51268793432538,39.848967412310635,39.51268793432538,39.793479919433594,59300,0.0,0.0,0.0
2019-01-11 00:00:00-05:00,39.57153017094178,39.67998123168945,39.57153017094178,39.67998123168945,1000,0.0,0.0,0.0
2019-01-14 00:00:00-05:00,39.59675507265018,39.605163823209665,39.537906646728516,39.537906646728516,400,0.0,0.0,0.0
2019-01-15 00:00:00-05:00,39.64721059226898,39.691768646240234,39.61862660385343,39.691768646240234,1800,0.0,0.0,0.0
2019-01-16 00:00:00-05:00,39.76488984286758,39.8489613029741,39.76488984286758,39.778343200683594,2200,0.0,0.0,0.0
2019-01-17 00:00:00-05:00,39.77330717191136,39.85737544315403,39.77330717191136,39.847286224365234,900,0.0,0.0,0.0
2019-01-18 00:00:00-05:00,39.95825945941966,40.00870234819432,39.91118071269628,39.93387985229492,1000,0.0,0.0,0.0
2019-01-22 00:00:00-05:00,39.90781794289312,39.90781794289312,39.732112884521484,39.732112884521484,3300,0.0,0.0,0.0
2019-01-23 00:00:00-05:00,39.790112462453486,39.80692354729823,39.769093795900176,39.77497863769531,2200,0.0,0.0,0.0
2019-01-24 00:00:00-05:00,39.773301083354184,39.832149505615234,39.773301083354184,39.832149505615234,300,0.0,0.0,0.0
2019-01-25 00:00:00-05:00,39.96666226426578,39.96666226426578,39.91117477416992,39.91117477416992,1700,0.0,0.0,0.0
2019-01-28 00:00:00-05:00,39.857362864130714,39.86576840580259,39.78170016109195,39.823734283447266,7100,0.0,0.0,0.0
2019-01-29 00:00:00-05:00,39.87418071072772,39.890995002569056,39.848960876464844,39.848960876464844,3200,0.0,0.0,0.0
2019-01-30 00:00:00-05:00,39.861575560870016,40.19365064870511,39.861575560870016,40.1078987121582,11300,0.0,0.0,0.0
2019-01-31 00:00:00-05:00,40.252503600003806,40.252503600003806,40.24409484863281,40.24409484863281,200,0.0,0.0,0.0
2019-02-01 00:00:00-05:00,40.13814792864276,40.23392515973086,40.13814792864276,40.16696548461914,8600,0.388,0.0,0.0
2019-02-04 00:00:00-05:00,40.27630602400261,40.29664611816406,40.25596269663592,40.29664611816406,3200,0.0,0.0,0.0
2019-02-05 00:00:00-05:00,40.38733344780601,40.53904835514602,40.38733344780601,40.48904037475586,10200,0.0,0.0,0.0
2019-02-06 00:00:00-05:00,40.514462859433735,40.514462859433735,40.4458122253418,40.4458122253418,6200,0.0,0.0,0.0
2019-02-07 00:00:00-05:00,40.36953203616326,40.36953203616326,40.293251037597656,40.293251037597656,2700,0.0,0.0,0.0
2019-02-08 00:00:00-05:00,40.28477749870938,40.312747955322266,40.28477749870938,40.312747955322266,600,0.0,0.0,0.0
2019-02-11 00:00:00-05:00,40.293249837029606,40.3500346095422,40.25087222424577,40.319522857666016,6800,0.0,0.0,0.0
2019-02-12 00:00:00-05:00,40.55853871661473,40.55853871661473,40.50259780883789,40.50259780883789,300,0.0,0.0,0.0
2019-02-13 00:00:00-05:00,40.490733770617496,40.4966667015152,40.44581485565186,40.450050354003906,4200,0.0,0.0,0.0
2019-02-14 00:00:00-05:00,40.42887046582121,40.46277385799109,40.36106368148146,40.40937423706055,20700,0.0,0.0,0.0
2019-02-15 00:00:00-05:00,40.53056846518077,40.54752015752496,40.505142543266864,40.54582595825195,2400,0.0,0.0,0.0
2019-02-19 00:00:00-05:00,40.581429388572595,40.61532954494005,40.53566013597003,40.55430603027344,1700,0.0,0.0,0.0
2019-02-20 00:00:00-05:00,40.64838137417779,40.65770593690885,40.606850858130485,40.62041091918945,1700,0.0,0.0,0.0
2019-02-21 00:00:00-05:00,40.6407607125817,40.6407607125817,40.58481979370117,40.58481979370117,6000,0.0,0.0,0.0
2019-02-22 00:00:00-05:00,40.683126555656926,40.74245585656091,40.66024193485048,40.71363830566406,8200,0.0,0.0,0.0
2019-02-25 00:00:00-05:00,40.82721854273088,40.82721854273088,40.787385457128785,40.80009841918945,1300,0.0,0.0,0.0
2019-02-26 00:00:00-05:00,40.84078189259389,40.945880454470675,40.84078189259389,40.903499603271484,17500,0.0,0.0,0.0
2019-02-27 00:00:00-05:00,40.937402258102146,40.95435395163736,40.888244610093494,40.910282135009766,2400,0.0,0.0,0.0
2019-02-28 00:00:00-05:00,40.94587844308986,40.94587844308986,40.85264574815951,40.87298583984375,8000,0.0,0.0,0.0
2019-03-01 00:00:00-05:00,41.01540904624324,41.01540904624324,40.9702047574028,40.981292724609375,1400,0.301,0.0,0.0
2019-03-04 00:00:00-05:00,41.05805282152981,41.05805282152981,40.849096045167535,40.981292724609375,13500,0.0,0.0,0.0
2019-03-05 00:00:00-05:00,40.91733982620674,40.95572151492217,40.90284217384462,40.93098831176758,2400,0.0,0.0,0.0
2019-03-06 00:00:00-05:00,40.87042203025962,40.87042203025962,40.808162825393886,40.81583786010742,3200,0.0,0.0,0.0
2019-03-07 00:00:00-05:00,40.75613751855672,40.776608616613885,40.716906669800636,40.754432678222656,13800,0.0,0.0,0.0
2019-03-08 00:00:00-05:00,40.57533025240029,40.713497161865234,40.57533025240029,40.713497161865234,1200,0.0,0.0,0.0
2019-03-11 00:00:00-04:00,40.802190236846904,40.91306666442451,40.780866720712524,40.86615753173828,4200,0.0,0.0,0.0
2019-03-12 00:00:00-04:00,40.95571562467161,40.97277378903487,40.93013000488281,40.93013000488281,2500,0.0,0.0,0.0
2019-03-13 00:00:00-04:00,40.9642430222982,41.06659200833333,40.9642430222982,41.04953384399414,2700,0.0,0.0,0.0
2019-03-14 00:00:00-04:00,40.98982640239967,41.06658650488309,40.98982640239967,41.03673553466797,1200,0.0,0.0,0.0
2019-03-15 00:00:00-04:00,41.20305478728376,41.20305478728376,41.11776396410207,41.145057678222656,1600,0.0,0.0,0.0
2019-03-18 00:00:00-04:00,41.22863833124756,41.22863833124756,41.10923443831849,41.144203186035156,4300,0.0,0.0,0.0
2019-03-19 00:00:00-04:00,41.16296314598865,41.24142809075183,41.11349675215112,41.12031936645508,2300,0.0,0.0,0.0
2019-03-20 00:00:00-04:00,41.116060490469074,41.38216201131966,41.116060490469074,41.296871185302734,21600,0.0,0.0,0.0
2019-03-21 00:00:00-04:00,41.34378032623396,41.373631301961794,41.296871185302734,41.296871185302734,2900,0.0,0.0,0.0
2019-03-22 00:00:00-04:00,41.21158867250402,41.21158867250402,41.08877182006836,41.08877182006836,1800,0.0,0.0,0.0
2019-03-25 00:00:00-04:00,41.151880873334406,41.19452465877012,41.13908806305491,41.18002700805664,3800,0.0,0.0,0.0
2019-03-26 00:00:00-04:00,41.31392033443621,41.35656736489384,41.24142558827684,41.25080871582031,11000,0.0,0.0,0.0
2019-03-27 00:00:00-04:00,41.20049492919078,41.27981555868839,41.20049492919078,41.25422668457031,6700,0.0,0.0,0.0
2019-03-28 00:00:00-04:00,41.26275750706328,41.33269500732422,41.26275750706328,41.33269500732422,8700,0.0,0.0,0.0
2019-03-29 00:00:00-04:00,41.441853982496205,41.441853982496205,41.416268367608986,41.43929672241211,4300,0.0,0.0,0.0
2019-04-01 00:00:00-04:00,41.53644824199323,41.53902920747576,41.510658264160156,41.510658264160156,600,0.385,0.0,0.0
2019-04-02 00:00:00-04:00,41.483143138624555,41.53902579199962,41.48056545285267,41.52956771850586,900,0.0,0.0,0.0
2019-04-03 00:00:00-04:00,41.58373023293374,41.64390903157413,41.536446422645064,41.5630989074707,32600,0.0,0.0,0.0
2019-04-04 00:00:00-04:00,41.56653572733575,41.65250778198242,41.56653572733575,41.65250778198242,1100,0.0,0.0,0.0
2019-04-05 00:00:00-04:00,41.766842535102526,41.766842535102526,41.75050735473633,41.75050735473633,200,0.0,0.0,0.0
2019-04-08 00:00:00-04:00,41.68516754076786,41.81068376694333,41.66453621897782,41.72987365722656,7100,0.0,0.0,0.0
2019-04-09 00:00:00-04:00,41.67916437293208,41.718711853027344,41.67916437293208,41.718711853027344,1000,0.0,0.0,0.0
2019-04-10 00:00:00-04:00,41.815849187873,41.843360900878906,41.815849187873,41.843360900878906,600,0.0,0.0,0.0
2019-04-11 00:00:00-04:00,41.86743363297095,41.953402409420114,41.86743363297095,41.93104934692383,4300,0.0,0.0,0.0
2019-04-12 00:00:00-04:00,42.030768152384546,42.030768152384546,41.996379336115325,42.00497817993164,1900,0.0,0.0,0.0
2019-04-15 00:00:00-04:00,42.02218455568338,42.02218455568338,41.95340690355756,41.99639129638672,1800,0.0,0.0,0.0
2019-04-16 00:00:00-04:00,42.06516329569163,42.06516329569163,41.98779008719716,42.017879486083984,2400,0.0,0.0,0.0
2019-04-17 00:00:00-04:00,42.03077077453972,42.039369618892486,41.953397572855934,41.979190826416016,4300,0.0,0.0,0.0
2019-04-18 00:00:00-04:00,41.95340821575748,42.00499145646524,41.928477463906724,41.983497619628906,3300,0.0,0.0,0.0
2019-04-22 00:00:00-04:00,41.97059198206325,41.9963819561251,41.953397572855934,41.979190826416016,1600,0.0,0.0,0.0
2019-04-23 00:00:00-04:00,42.06516426475839,42.129642486572266,42.06516426475839,42.129642486572266,1500,0.0,0.0,0.0
2019-04-24 00:00:00-04:00,42.10211968464824,42.11673640602246,42.066871643066406,42.066871643066406,4300,0.0,0.0,0.0
2019-04-25 00:00:00-04:00,42.00499187751678,42.13394506133021,42.00499187751678,42.084083557128906,3000,0.0,0.0,0.0
2019-04-26 00:00:00-04:00,42.17692682595776,42.17692682595776,42.12878378602629,42.15199279785156,1200,0.0,0.0,0.0
2019-04-29 00:00:00-04:00,42.18552516780234,42.18552516780234,42.151136342874516,42.18036651611328,800,0.0,0.0,0.0
2019-04-30 00:00:00-04:00,42.151123985790164,42.20270720805969,42.13392957836699,42.18121337890625,3000,0.0,0.0,0.0
2019-05-01 00:00:00-04:00,42.183817214883646,42.183817214883646,42.09389877319336,42.09389877319336,1000,0.278,0.0,0.0
2019-05-02 00:00:00-04:00,42.086986584505965,42.08785070929127,42.045485507507756,42.067962646484375,700,0.0,0.0,0.0
2019-05-03 00:00:00-04:00,42.17517508134807,42.20975986318484,42.14059359769763,42.15788269042969,4900,0.0,0.0,0.0
2019-05-06 00:00:00-04:00,42.01090613033076,42.171722412109375,42.01090613033076,42.171722412109375,200,0.0,0.0,0.0
2019-05-07 00:00:00-04:00,42.05067584083777,42.05067584083777,41.90715196220391,41.918392181396484,800,0.0,0.0,0.0
2019-05-08 00:00:00-04:00,41.88121303472519,41.99361193197607,41.88121303472519,41.93309020996094,3000,0.0,0.0,0.0
2019-05-09 00:00:00-04:00,41.85527157990922,41.88034439086914,41.85527157990922,41.88034439086914,200,0.0,0.0,0.0
2019-05-10 00:00:00-04:00,41.82068535623532,42.0195428857029,41.82068535623532,42.01781463623047,800,0.0,0.0,0.0
2019-05-13 00:00:00-04:00,41.80339403032475,41.80339403032475,41.6737060546875,41.6737060546875,800,0.0,0.0,0.0
2019-05-14 00:00:00-04:00,41.71692921998917,41.81635962166335,41.71692921998917,41.76015853881836,7300,0.0,0.0,0.0
2019-05-15 00:00:00-04:00,41.734224572514364,41.993603802104865,41.734224572514364,41.80512237548828,42800,0.0,0.0,0.0
2019-05-16 00:00:00-04:00,41.967670481227586,42.00225526099965,41.85527159606147,41.89418029785156,5800,0.0,0.0,0.0
2019-05-17 00:00:00-04:00,41.90716094585382,41.90716094585382,41.844907664533245,41.84577178955078,1000,0.0,0.0,0.0
2019-05-20 00:00:00-04:00,41.89418340649229,41.89418340649229,41.820689919476756,41.8414421081543,2600,0.0,0.0,0.0
2019-05-21 00:00:00-04:00,41.98495901427407,41.99187530995591,41.95037423767906,41.96766662597656,13900,0.0,0.0,0.0
2019-05-22 00:00:00-04:00,41.94172458392756,41.96766481434697,41.889850719460114,41.966800689697266,5100,0.0,0.0,0.0
2019-05-23 00:00:00-04:00,41.86392042957616,41.86392042957616,41.718668297480285,41.798213958740234,32000,0.0,0.0,0.0
2019-05-24 00:00:00-04:00,41.690999638581744,41.74287351104805,41.690999638581744,41.69878005981445,1200,0.0,0.0,0.0
2019-05-28 00:00:00-04:00,41.76016653598815,41.76881438032143,41.7082926627334,41.74287414550781,7300,0.0,0.0,0.0
2019-05-29 00:00:00-04:00,41.683209270963566,41.683209270963566,41.639115826762584,41.65727233886719,42600,0.0,0.0,0.0
2019-05-30 00:00:00-04:00,41.63047309255675,41.658138275146484,41.63047309255675,41.658138275146484,100,0.0,0.0,0.0
2019-05-31 00:00:00-04:00,41.555253595061636,41.61318293376439,41.426429748535156,41.426429748535156,5900,0.0,0.0,0.0
2019-06-03 00:00:00-04:00,41.39859895244588,41.520384591594016,41.39859895244588,41.4507942199707,19100,0.292,0.0,0.0
2019-06-04 00:00:00-04:00,41.763937827074976,41.81874465942383,41.72914431549967,41.81874465942383,2200,0.0,0.0,0.0
2019-06-05 00:00:00-04:00,41.772651717220754,41.81614610905638,41.71871760945358,41.79787826538086,9600,0.0,0.0,0.0
2019-06-06 00:00:00-04:00,41.79005592445959,41.8770447201765,41.71176468095043,41.86834716796875,8800,0.0,0.0,0.0
2019-06-07 00:00:00-04:00,41.96403196346251,42.051020749082475,41.96403196346251,42.0162239074707,11500,0.0,0.0,0.0
2019-06-10 00:00:00-04:00,42.00753095067415,42.10322061636746,42.00753095067415,42.059722900390625,7100,0.0,0.0,0.0
2019-06-11 00:00:00-04:00,42.12930572155039,42.175411695753425,42.03796651470292,42.11016845703125,12600,0.0,0.0,0.0
2019-06-12 00:00:00-04:00,42.08581759069425,42.08581759069425,42.0162239074707,42.0162239074707,7300,0.0,0.0,0.0
2019-06-13 00:00:00-04:00,42.07015995394252,42.07711865890346,42.02144570080634,42.06146240234375,2200,0.0,0.0,0.0
2019-06-14 00:00:00-04:00,42.01447863992559,42.07972187837431,42.01447863992559,42.077110290527344,2100,0.0,0.0,0.0
2019-06-17 00:00:00-04:00,42.03361129760742,42.05100971384753,42.03361129760742,42.03361129760742,3000,0.0,0.0,0.0
2019-06-18 00:00:00-04:00,42.13800546096953,42.19020071834117,42.13800546096953,42.17367172241211,19900,0.0,0.0,0.0
2019-06-19 00:00:00-04:00,42.198894908516,42.43289914724669,42.1901973588512,42.432029724121094,9600,0.0,0.0,0.0
2019-06-20 00:00:00-04:00,42.6816991543983,42.6816991543983,42.54251510175113,42.65125274658203,40100,0.0,0.0,0.0
2019-06-21 00:00:00-04:00,42.59036028448961,42.60775870601613,42.48597307374011,42.51033020019531,12700,0.0,0.0,0.0
2019-06-24 00:00:00-04:00,42.54686896817678,42.56426739096209,42.45988017266009,42.4920654296875,11900,0.0,0.0,0.0
2019-06-25 00:00:00-04:00,42.442478291977345,42.442478291977345,42.351139068603516,42.351139068603516,1000,0.0,0.0,0.0
2019-06-26 00:00:00-04:00,42.42507895699946,42.42507895699946,42.29981231689453,42.29981231689453,4500,0.0,0.0,0.0
2019-06-27 00:00:00-04:00,42.39463638116243,42.43378034312741,42.364189971275295,42.39898681640625,14500,0.0,0.0,0.0
2019-06-28 00:00:00-04:00,42.3989821108656,42.480751037597656,42.38158369023105,42.480751037597656,11800,0.0,0.0,0.0
2019-07-01 00:00:00-04:00,42.61663387932066,42.65170288467886,42.47636120225229,42.50704574584961,4200,0.379,0.0,0.0
2019-07-02 00:00:00-04:00,42.51143830653831,42.616641998291016,42.51143830653831,42.616641998291016,20400,0.0,0.0,0.0
2019-07-03 00:00:00-04:00,42.62540689136022,42.6867759892562,42.58244852283303,42.67362594604492,6600,0.0,0.0,0.0
2019-07-05 00:00:00-04:00,42.58157151495313,42.58157151495313,42.49390233224924,42.52546310424805,1000,0.0,0.0,0.0
2019-07-08 00:00:00-04:00,42.56403390648575,42.56403390648575,42.4500613017877,42.485130310058594,9400,0.0,0.0,0.0
2019-07-09 00:00:00-04:00,42.4588372580972,42.50267185351338,42.44130275105768,42.47637176513672,9200,0.0,0.0,0.0
2019-07-10 00:00:00-04:00,42.56404226557005,42.57281119154224,42.53774217638421,42.54826354980469,7700,0.0,0.0,0.0
2019-07-11 00:00:00-04:00,42.56403575540291,42.5728046800339,42.43253198522179,42.480751037597656,68800,0.0,0.0,0.0
2019-07-12 00:00:00-04:00,42.4939069554548,42.53774155157581,42.48513802961141,42.52897262573242,7800,0.0,0.0,0.0
2019-07-15 00:00:00-04:00,42.555276058897284,42.555276058897284,42.486014253322686,42.52897262573242,4300,0.0,0.0,0.0
2019-07-16 00:00:00-04:00,42.51143364015893,42.52019922002403,42.4412956237793,42.4412956237793,4400,0.0,0.0,0.0
2019-07-17 00:00:00-04:00,42.53773294208233,42.53773294208233,42.454444885253906,42.454444885253906,3900,0.0,0.0,0.0
2019-07-18 00:00:00-04:00,42.45883660325549,42.468481752506314,42.35363290700617,42.440425872802734,2900,0.0,0.0,0.0
2019-07-19 00:00:00-04:00,42.57280759507258,42.57280759507258,42.329959869384766,42.329959869384766,8900,0.0,0.0,0.0
2019-07-22 00:00:00-04:00,42.467597650651186,42.4851321555483,42.43253198522179,42.480751037597656,3000,0.0,0.0,0.0
2019-07-23 00:00:00-04:00,42.48513156821234,42.58156967163086,42.48513156821234,42.58156967163086,7900,0.0,0.0,0.0
2019-07-24 00:00:00-04:00,42.52020360598624,42.616641716273485,42.52020360598624,42.594722747802734,5200,0.0,0.0,0.0
2019-07-25 00:00:00-04:00,42.61663448554197,42.61663448554197,42.546496473827865,42.56753921508789,4100,0.0,0.0,0.0
2019-07-26 00:00:00-04:00,42.70430589667089,42.717455938466195,42.60786779768576,42.686771392822266,5600,0.0,0.0,0.0
2019-07-29 00:00:00-04:00,42.704306863929276,42.704306863929276,42.590337602878755,42.65170669555664,2800,0.0,0.0,0.0
2019-07-30 00:00:00-04:00,42.54650837423893,42.64294649513768,42.54650837423893,42.62541198730469,107600,0.0,0.0,0.0
2019-07-31 00:00:00-04:00,42.678004346788796,42.678004346788796,42.502662658691406,42.502662658691406,4900,0.0,0.0,0.0
2019-08-01 00:00:00-04:00,42.58314823036397,42.68042776734787,42.46198654174805,42.46198654174805,5400,0.421,0.0,0.0
2019-08-02 00:00:00-04:00,42.42483829085922,42.51239155223603,42.362047704363185,42.476131439208984,20500,0.0,0.0,0.0
2019-08-05 00:00:00-04:00,42.10735239973908,42.10735239973908,41.89333064470855,41.97734832763672,11600,0.0,0.0,0.0
2019-08-06 00:00:00-04:00,42.15067549370946,42.23822875051402,42.10557301643525,42.22142791748047,11500,0.0,0.0,0.0
2019-08-07 00:00:00-04:00,42.087895211598,42.22939672011158,42.008300402205236,42.22055435180664,9900,0.0,0.0,0.0
2019-08-08 00:00:00-04:00,42.30899446241799,42.36117152372448,42.25770130063706,42.34348678588867,14300,0.0,0.0,0.0
2019-08-09 00:00:00-04:00,42.4062743510561,42.4062743510561,42.19755937345681,42.28953552246094,12100,0.0,0.0,0.0
2019-08-12 00:00:00-04:00,42.255921550462546,42.255921550462546,42.158638643801346,42.176326751708984,11800,0.0,0.0,0.0
2019-08-13 00:00:00-04:00,42.36558839902445,42.36558839902445,42.30898847443843,42.33905792236328,2900,0.0,0.0,0.0
2019-08-14 00:00:00-04:00,42.17190685899932,42.17190685899932,41.92869959462995,41.93754196166992,10100,0.0,0.0,0.0
2019-08-15 00:00:00-04:00,42.061357870785905,42.096730711896726,41.98176307437889,42.074623107910156,13700,0.0,0.0,0.0
2019-08-16 00:00:00-04:00,42.23822610607048,42.275370114126375,42.18339736684028,42.23380661010742,10400,0.0,0.0,0.0
2019-08-19 00:00:00-04:00,42.406273783644934,42.406273783644934,42.32667897550133,42.37532043457031,14300,0.0,0.0,0.0
2019-08-20 00:00:00-04:00,42.36204092927891,42.379725659655584,42.35319519042969,42.35319519042969,7200,0.0,0.0,0.0
2019-08-21 00:00:00-04:00,42.53007159829437,42.55660206673499,42.45931918423834,42.490272521972656,15100,0.0,0.0,0.0
2019-08-22 00:00:00-04:00,42.62736635588532,42.62736635588532,42.4947072294046,42.55661392211914,10000,0.0,0.0,0.0
2019-08-23 00:00:00-04:00,42.56546408460812,42.56546408460812,42.312530517578125,42.312530517578125,4700,0.0,0.0,0.0
2019-08-26 00:00:00-04:00,42.565459355022305,42.60083219798759,42.491171324302655,42.59375762939453,7400,0.0,0.0,0.0
2019-08-27 00:00:00-04:00,42.67159169009907,42.67159169009907,42.53009017384523,42.58757400512695,11400,0.0,0.0,0.0
2019-08-28 00:00:00-04:00,42.627369257695136,42.706964064269556,42.59199303840385,42.68220138549805,4700,0.0,0.0,0.0
2019-08-29 00:00:00-04:00,42.88384387591123,42.88384387591123,42.75560760498047,42.75560760498047,8000,0.0,0.0,0.0
2019-08-30 00:00:00-04:00,42.82193167862642,42.830777420272405,42.71580639450831,42.76268005371094,15000,0.0,0.0,0.0
2019-09-03 00:00:00-04:00,42.75999820804431,42.75999820804431,42.577451813938076,42.65403366088867,10600,0.33,0.0,0.0
2019-09-04 00:00:00-04:00,42.777820959845634,42.964817276791976,42.724391984927394,42.78672409057617,14300,0.0,0.0,0.0
2019-09-05 00:00:00-04:00,42.884672918249535,42.95591154716381,42.870426551204595,42.879329681396484,103500,0.0,0.0,0.0
2019-09-06 00:00:00-04:00,42.916726346158946,42.98707499748258,42.87576719417149,42.959468841552734,4100,0.0,0.0,0.0
2019-09-09 00:00:00-04:00,42.97371641578685,43.03605191249042,42.920290842676195,43.02714538574219,10500,0.0,0.0,0.0
2019-09-10 00:00:00-04:00,43.07166750896247,43.11618995183881,42.981732649910505,43.08057403564453,3900,0.0,0.0,0.0
2019-09-11 00:00:00-04:00,43.09837756495783,43.11618382210117,43.06275825698282,43.069881439208984,15700,0.0,0.0,0.0
2019-09-12 00:00:00-04:00,43.12509840132191,43.1874305034969,43.07523271958192,43.128658294677734,12600,0.0,0.0,0.0
2019-09-13 00:00:00-04:00,43.125096500100476,43.125096500100476,43.06276440067347,43.105506896972656,3700,0.0,0.0,0.0
2019-09-16 00:00:00-04:00,43.223050353004616,43.29339561294553,43.21414382581523,43.27202606201172,16200,0.0,0.0,0.0
2019-09-17 00:00:00-04:00,43.3005092962323,43.352158310802096,43.27735980367767,43.33879852294922,7800,0.0,0.0,0.0
2019-09-18 00:00:00-04:00,43.347703154988444,43.347703154988444,43.214132457046134,43.3281135559082,7500,0.0,0.0,0.0
2019-09-19 00:00:00-04:00,43.38154822154264,43.38154822154264,43.26757049560547,43.26757049560547,15700,0.0,0.0,0.0
2019-09-20 00:00:00-04:00,43.2586673979152,43.33880575734507,43.2586673979152,43.304969787597656,3300,0.0,0.0,0.0
2019-09-23 00:00:00-04:00,43.329896524313526,43.34770617840429,43.30318374159948,43.319210052490234,5200,0.0,0.0,0.0
2019-09-24 00:00:00-04:00,43.383333070507284,43.39223620068694,43.187430238106984,43.25065231323242,4300,0.0,0.0,0.0
2019-09-25 00:00:00-04:00,43.21859131748523,43.27647014910705,43.14290283070799,43.239070892333984,14800,0.0,0.0,0.0
2019-09-26 00:00:00-04:00,43.20523717683547,43.22304683291898,43.1090657133534,43.18742752075195,8400,0.0,0.0,0.0
2019-09-27 00:00:00-04:00,43.160710818895346,43.178520473362916,43.062759417745845,43.081459045410156,7600,0.0,0.0,0.0
2019-09-30 00:00:00-04:00,43.04494865313708,43.12509039775213,43.02713899912882,43.119747161865234,13500,0.0,0.0,0.0
2019-10-01 00:00:00-04:00,43.10899107822947,43.10899107822947,42.91165378340032,43.00404357910156,12200,0.352,0.0,0.0
2019-10-02 00:00:00-04:00,42.98340467317718,42.98340467317718,42.69637051408917,42.7412223815918,48200,0.0,0.0,0.0
2019-10-03 00:00:00-04:00,42.77710685580731,42.78607859962442,42.57259763213799,42.75737380981445,92500,0.0,0.0,0.0
2019-10-04 00:00:00-04:00,42.839897682577416,42.9206262726901,42.78608090364755,42.85604476928711,13700,0.0,0.0,0.0
2019-10-07 00:00:00-04:00,42.85782910270424,42.86680084519438,42.786072271369044,42.80311584472656,20100,0.0,0.0,0.0
2019-10-08 00:00:00-04:00,42.723287139044814,42.723287139044814,42.6246184941544,42.62551498413086,7200,0.0,0.0,0.0
2019-10-09 00:00:00-04:00,42.83092779423304,42.83092779423304,42.73225914084478,42.77800750732422,21900,0.0,0.0,0.0
2019-10-10 00:00:00-04:00,42.821959642715726,42.88026229189681,42.7824901281724,42.79325485229492,8500,0.0,0.0,0.0
2019-10-11 00:00:00-04:00,42.97444177677587,43.04620203646372,42.90268493880553,42.978031158447266,24600,0.0,0.0,0.0
2019-10-14 00:00:00-04:00,43.02826242363386,43.05517081044077,42.96547390660604,43.005836486816406,11500,0.0,0.0,0.0
2019-10-15 00:00:00-04:00,43.010315220554915,43.09552623854107,42.99237515842178,43.032737731933594,22800,0.0,0.0,0.0
2019-10-16 00:00:00-04:00,43.01929162814549,43.05517175915701,42.975339665257536,43.04082107543945,120200,0.0,0.0,0.0
2019-10-17 00:00:00-04:00,43.02826022347157,43.1000170585267,43.02826022347157,43.0731086730957,268200,0.0,0.0,0.0
2019-10-18 00:00:00-04:00,43.100001326320125,43.10538368578515,43.019272777776976,43.055152893066406,28200,0.0,0.0,0.0
2019-10-21 00:00:00-04:00,43.117949945893606,43.117949945893606,43.0399142724455,43.091041564941406,14000,0.0,0.0,0.0
2019-10-22 00:00:00-04:00,43.09103300835583,43.09103300835583,43.04618457510211,43.055152893066406,30900,0.0,0.0,0.0
2019-10-23 00:00:00-04:00,43.100018004260875,43.117958068847656,43.05516955365265,43.117958068847656,13600,0.0,0.0,0.0
2019-10-24 00:00:00-04:00,43.16280694462592,43.16280694462592,43.10540079041321,43.126930236816406,10400,0.0,0.0,0.0
2019-10-25 00:00:00-04:00,43.183438257731716,43.243533879599184,43.16280530209425,43.229183197021484,8500,0.0,0.0,0.0
2019-10-28 00:00:00-04:00,43.225589683246845,43.252501487654015,43.21662136292247,43.2175178527832,44100,0.0,0.0,0.0
2019-10-29 00:00:00-04:00,43.21662765953847,43.23456772451809,43.15832501464285,43.16280746459961,239600,0.0,0.0,0.0
2019-10-30 00:00:00-04:00,43.171785447291484,43.171785447291484,43.040826033559306,43.10002517700195,101000,0.0,0.0,0.0
2019-10-31 00:00:00-04:00,43.06413460803468,43.07310635050615,42.959190541825606,42.97443771362305,31600,0.0,0.0,0.0
2019-11-01 00:00:00-04:00,43.006000220308245,43.154795137772254,43.006000220308245,43.127742767333984,33000,0.255,0.0,0.0
2019-11-04 00:00:00-05:00,43.2314532614593,43.24948932486745,43.1863648229526,43.20620346069336,18700,0.0,0.0,0.0
2019-11-05 00:00:00-05:00,43.24046057538741,43.24046057538741,43.114211607872264,43.1358528137207,10000,0.0,0.0,0.0
2019-11-06 00:00:00-05:00,43.11421658211485,43.13225264241595,43.109706707032885,43.127742767333984,16700,0.0,0.0,0.0
2019-11-07 00:00:00-05:00,43.16652224954846,43.204396947244184,43.123236389320915,43.15299606323242,20400,0.0,0.0,0.0
2019-11-08 00:00:00-05:00,43.17733871979874,43.1953747791168,43.051089744598926,43.15479278564453,211300,0.0,0.0,0.0
2019-11-11 00:00:00-05:00,43.060113632615085,43.105202068832284,43.060113632615085,43.069129943847656,14000,0.0,0.0,0.0
2019-11-12 00:00:00-05:00,43.13224843441355,43.13224843441355,43.069120509505105,43.07814025878906,14600,0.0,0.0,0.0
2019-11-13 00:00:00-05:00,43.11422120476942,43.11422120476942,43.015024582491,43.05921173095703,22200,0.0,0.0,0.0
2019-11-14 00:00:00-05:00,43.1196312227033,43.1196312227033,42.997888665856486,43.00690841674805,92000,0.0,0.0,0.0
2019-11-15 00:00:00-05:00,43.10520556612498,43.12324163008063,43.07274202701579,43.094383239746094,116900,0.0,0.0,0.0
2019-11-18 00:00:00-05:00,43.06911847922364,43.06911847922364,43.01501374617609,43.01952362060547,29500,0.0,0.0,0.0
2019-11-19 00:00:00-05:00,42.98796405692098,42.98796405692098,42.87975113540063,42.90680694580078,157800,0.0,0.0,0.0
2019-11-20 00:00:00-05:00,42.88877157275381,42.90680763330065,42.78055520947275,42.83466339111328,13800,0.0,0.0,0.0
2019-11-21 00:00:00-05:00,42.807613372802734,42.83286317095056,42.74448887743318,42.807613372802734,30700,0.0,0.0,0.0
2019-11-22 00:00:00-05:00,42.87975296891602,42.89778902994508,42.82564822585574,42.886966705322266,21000,0.0,0.0,0.0
2019-11-25 00:00:00-05:00,42.951897398161,42.98796608034769,42.88877290430066,42.965423583984375,29600,0.0,0.0,0.0
2019-11-26 00:00:00-05:00,43.01502210530768,43.06011053828479,42.99247616880566,43.033058166503906,27000,0.0,0.0,0.0
2019-11-27 00:00:00-05:00,43.00600544513814,43.08265957073727,42.98436423416367,43.069129943847656,18200,0.0,0.0,0.0
2019-11-29 00:00:00-05:00,43.069123202115364,43.069123202115364,43.01050858821084,43.015018463134766,9700,0.0,0.0,0.0
2019-12-02 00:00:00-05:00,43.03133368233558,43.03133368233558,42.8048052965625,42.94978332519531,87900,0.228,0.0,0.0
2019-12-03 00:00:00-05:00,42.84104721130906,42.96790255429417,42.81386491111192,42.94978332519531,101000,0.0,0.0,0.0
2019-12-04 00:00:00-05:00,43.030413994506226,43.049442291259766,43.009574466599396,43.049442291259766,13400,0.0,0.0,0.0
2019-12-05 00:00:00-05:00,43.06757067579815,43.09475642943765,43.035856843675774,43.085693359375,33700,0.0,0.0,0.0
2019-12-06 00:00:00-05:00,43.179928798078656,43.23973399892497,43.15818365193808,43.23067092895508,204800,0.0,0.0,0.0
2019-12-09 00:00:00-05:00,43.15818365193808,43.23973399892497,43.12193828515537,43.23067092895508,69200,0.0,0.0,0.0
2019-12-10 00:00:00-05:00,43.212551686612855,43.31222472492814,43.212551686612855,43.29863357543945,9600,0.0,0.0,0.0
2019-12-11 00:00:00-05:00,43.3937752424908,43.45720291137695,43.34847025850764,43.45720291137695,40700,0.0,0.0,0.0
2019-12-12 00:00:00-05:00,43.5568761467057,43.63842650086302,43.49344847753319,43.611244201660156,20600,0.0,0.0,0.0
2019-12-13 00:00:00-05:00,43.61124125413635,43.73809658390768,43.61124125413635,43.706382751464844,116000,0.0,0.0,0.0
2019-12-16 00:00:00-05:00,43.810588253685836,43.810588253685836,43.73810096792878,43.7924690246582,40000,0.0,0.0,0.0
2019-12-17 00:00:00-05:00,43.80153536974428,44.00994110107422,43.80153536974428,44.00994110107422,18600,0.0,0.0,0.0
2019-12-18 00:00:00-05:00,44.091484128413825,44.15491179884157,44.01899684358874,44.11957550048828,32500,0.0,0.0,0.0
2019-12-19 00:00:00-05:00,44.12772492963644,44.17302991002935,44.12772492963644,44.1549072265625,12500,0.0,0.0,0.0
2019-12-20 00:00:00-05:00,44.26512155601715,44.292448068606525,44.11939289517342,44.12668228149414,44800,0.251,0.0,0.0
2019-12-23 00:00:00-05:00,44.24689750229463,44.24689750229463,44.174031452783495,44.21046447753906,49900,0.0,0.0,0.0
2019-12-24 00:00:00-05:00,44.19225311279297,44.21046962729266,44.169481601057136,44.19225311279297,2800,0.0,0.0,0.0
2019-12-26 00:00:00-05:00,44.24690708120665,44.2833366394043,44.23779708582332,44.2833366394043,19200,0.0,0.0,0.0
2019-12-27 00:00:00-05:00,44.3106626525911,44.3106626525911,44.27331931571907,44.29244613647461,10500,0.0,0.0,0.0
2019-12-30 00:00:00-05:00,44.31065852907234,44.31065852907234,44.20591443976123,44.24690246582031,10000,0.0,0.0,0.0
2019-12-31 00:00:00-05:00,44.24690130626632,44.27422433995975,44.19225176443466,44.24143600463867,9000,0.0,0.0,0.0
2020-01-02 00:00:00-05:00,44.31066192319402,44.40174102783203,44.31066192319402,44.40174102783203,15800,0.0,0.0,0.0
2020-01-03 00:00:00-05:00,44.358019110697235,44.401738050836904,44.35619850157118,44.39263153076172,40500,0.0,0.0,0.0
2020-01-06 00:00:00-05:00,44.42905866368032,44.42905866368032,44.383519116896956,44.42450714111328,43600,0.0,0.0,0.0
2020-01-07 00:00:00-05:00,44.46549491949839,44.46549491949839,44.41084537472346,44.42906188964844,11600,0.0,0.0,0.0
2020-01-08 00:00:00-05:00,44.49281288605872,44.49281288605872,44.42905682830684,44.43543243408203,9500,0.0,0.0,0.0
2020-01-09 00:00:00-05:00,44.52014324366031,44.574789312492044,44.46731430949279,44.54746627807617,41100,0.0,0.0,0.0
2020-01-10 00:00:00-05:00,44.51923210219042,44.574788474532305,44.50192589264477,44.55657196044922,9000,0.0,0.0,0.0
2020-01-13 00:00:00-05:00,44.50192189853503,44.6112174987793,44.49281190508873,44.6112174987793,20300,0.0,0.0,0.0
2020-01-14 00:00:00-05:00,44.55840233640879,44.59301128594269,44.53836521042124,44.57479476928711,20900,0.0,0.0,0.0
2020-01-15 00:00:00-05:00,44.62032699584961,44.629433514750126,44.58935927247675,44.62032699584961,14000,0.0,0.0,0.0
2020-01-16 00:00:00-05:00,44.684094275031796,44.720523834228516,44.62853441989449,44.720523834228516,15400,0.0,0.0,0.0
2020-01-17 00:00:00-05:00,44.67862733457038,44.720522194722015,44.64856990919537,44.693199157714844,16900,0.0,0.0,0.0
2020-01-21 00:00:00-05:00,44.693196066574764,44.70230606124387,44.583900451660156,44.583900451660156,12000,0.0,0.0,0.0
2020-01-22 00:00:00-05:00,44.63854003365064,44.63854003365064,44.57933897468617,44.62032699584961,11100,0.0,0.0,0.0
2020-01-23 00:00:00-05:00,44.529248779572264,44.55657181338431,44.4390799884367,44.51831817626953,9200,0.0,0.0,0.0
2020-01-24 00:00:00-05:00,44.52925273185663,44.52925273185663,44.26511846674717,44.28697967529297,9100,0.0,0.0,0.0
2020-01-27 00:00:00-05:00,44.055630260041724,44.08295676856014,43.946334649302514,44.00098419189453,12600,0.0,0.0,0.0
2020-01-28 00:00:00-05:00,44.17403918638822,44.37441738317983,44.17403918638822,44.31066131591797,21400,0.0,0.0,0.0
2020-01-29 00:00:00-05:00,44.41995609479202,44.41995609479202,44.283333967846104,44.319766998291016,27200,0.0,0.0,0.0
2020-01-30 00:00:00-05:00,44.310644043111665,44.44726264494081,44.20954467951398,44.43815612792969,16000,0.0,0.0,0.0
2020-01-31 00:00:00-05:00,44.26511837306865,44.3197679198724,44.08296016594634,44.15582275390625,43400,0.0,0.0,0.0
2020-02-03 00:00:00-05:00,44.21990966796875,44.384704644383,44.192445002718,44.21990966796875,87800,0.25,0.0,0.0
2020-02-04 00:00:00-05:00,44.42132568359375,44.43963662423182,44.375550078226,44.42132568359375,10400,0.0,0.0,0.0
2020-02-05 00:00:00-05:00,44.567806636394174,44.59527129922592,44.50372009481705,44.549495697021484,54400,0.0,0.0,0.0
2020-02-06 00:00:00-05:00,44.80584567280439,44.86993221983027,44.549499484700846,44.63189697265625,33600,0.0,0.0,0.0
2020-02-07 00:00:00-05:00,44.57696723909875,44.59527818129724,44.53119162983008,44.592533111572266,8900,0.0,0.0,0.0
2020-02-10 00:00:00-05:00,44.62274590906233,44.62274590906233,44.581545416400594,44.604434967041016,21800,0.0,0.0,0.0
2020-02-11 00:00:00-05:00,44.72343788113812,44.72343788113812,44.61540579926157,44.65935134887695,25600,0.0,0.0,0.0
2020-02-12 00:00:00-05:00,44.774718886903095,44.88824462890625,44.75091780612565,44.88824462890625,25400,0.0,0.0,0.0
2020-02-13 00:00:00-05:00,44.78753119874712,44.90655055917256,44.78753119874712,44.854366302490234,20400,0.0,0.0,0.0
2020-02-14 00:00:00-05:00,44.86077996284113,44.88824462890625,44.815004355247595,44.88824462890625,29900,0.0,0.0,0.0
2020-02-18 00:00:00-05:00,44.741756025115784,44.86992911028499,44.741756025115784,44.842464447021484,26200,0.0,0.0,0.0
2020-02-19 00:00:00-05:00,44.86994016384623,44.87451877300295,44.83332176795895,44.86078643798828,29700,0.0,0.0,0.0
2020-02-20 00:00:00-05:00,44.869018269846144,44.93218979520474,44.80584674448754,44.90655517578125,46100,0.0,0.0,0.0
2020-02-21 00:00:00-05:00,44.906554231396576,44.906554231396576,44.753661541271086,44.8287353515625,101100,0.0,0.0,0.0
2020-02-24 00:00:00-05:00,44.25653368243996,44.47626149239817,44.25653368243996,44.362735748291016,16300,0.0,0.0,0.0
2020-02-25 00:00:00-05:00,44.467097583490634,44.467097583490634,43.89489383293876,43.926937103271484,34800,0.0,0.0,0.0
2020-02-26 00:00:00-05:00,44.00933530888915,44.139341930993616,43.91778410427272,44.137508392333984,13600,0.0,0.0,0.0
2020-02-27 00:00:00-05:00,43.542428689489554,43.93610524718389,43.30438991427859,43.38678741455078,27300,0.0,0.0,0.0
2020-02-28 00:00:00-05:00,42.828304800127405,43.516782832931156,42.52618303875943,43.514034271240234,291800,0.0,0.0,0.0
2020-03-02 00:00:00-05:00,43.41929624587271,43.81485366821289,43.28039039780477,43.81485366821289,34500,0.226,0.0,0.0
2020-03-03 00:00:00-05:00,43.81485106889233,44.072422022897136,43.41929367001863,43.67686462402344,16000,0.0,0.0,0.0
2020-03-04 00:00:00-05:00,43.98595185124504,44.2196044921875,43.98595185124504,44.2196044921875,8900,0.0,0.0,0.0
2020-03-05 00:00:00-05:00,43.97122419373897,43.97122419373897,43.373291232651695,43.750450134277344,70600,0.0,0.0,0.0
2020-03-06 00:00:00-05:00,43.014540459696235,43.18932377870133,42.875638112358885,43.146087646484375,6900,0.0,0.0,0.0
2020-03-09 00:00:00-04:00,39.62929914661674,41.082739522196135,39.62929914661674,40.82516860961914,68100,0.0,0.0,0.0
2020-03-10 00:00:00-04:00,41.41390783953234,41.66228131711475,41.027547926912774,41.625484466552734,116100,0.0,0.0,0.0
2020-03-11 00:00:00-04:00,40.7331816462052,40.99995355892857,40.37442111281769,40.66878890991211,48500,0.0,0.0,0.0
2020-03-12 00:00:00-04:00,38.88417281827139,40.26402279687943,36.038000634154926,39.04975509643555,72000,0.0,0.0,0.0
2020-03-13 00:00:00-04:00,39.66610392830495,40.42962293820349,39.17855784337406,40.392826080322266,51800,0.0,0.0,0.0
2020-03-16 00:00:00-04:00,37.48593505331356,38.81979111286702,36.28086446683654,37.1087760925293,68500,0.0,0.0,0.0
2020-03-17 00:00:00-04:00,37.37554301883439,38.58521041854411,36.63962362149882,38.02867126464844,88100,0.0,0.0,0.0
2020-03-18 00:00:00-04:00,36.75001436152749,37.32955248064789,35.811715719331886,36.42804718017578,74400,0.0,0.0,0.0
2020-03-19 00:00:00-04:00,35.92210809325823,36.409657666706,34.7998320484883,35.49895477294922,78700,0.0,0.0,0.0
2020-03-20 00:00:00-04:00,35.48883350951494,35.581745043007814,34.707839027731715,34.80902862548828,32600,0.0,0.0,0.0
2020-03-23 00:00:00-04:00,34.68023597552447,34.84581828143516,33.907519717654736,34.367469787597656,32400,0.0,0.0,0.0
2020-03-24 00:00:00-04:00,34.94701241835862,35.97638033196521,34.40427112464056,35.09419631958008,67000,0.0,0.0,0.0
2020-03-25 00:00:00-04:00,34.86421631793002,36.156674877183285,34.84581789423988,35.59093475341797,54400,0.0,0.0,0.0
2020-03-26 00:00:00-04:00,35.848512977735986,37.33875036327491,35.848512977735986,37.191566467285156,158800,0.0,0.0,0.0
2020-03-27 00:00:00-04:00,36.41886185098056,37.72511890943335,36.41886185098056,37.14558410644531,47500,0.0,0.0,0.0
2020-03-30 00:00:00-04:00,37.403147971002376,37.89989500060748,37.117977600123595,37.86309814453125,26200,0.0,0.0,0.0
2020-03-31 00:00:00-04:00,37.70672240539724,37.86862368353182,37.375557669499436,37.688323974609375,94100,0.0,0.0,0.0
2020-04-01 00:00:00-04:00,37.109918376154816,37.31351507574612,36.88781609501167,36.9803581237793,32600,0.245,0.0,0.0
2020-04-02 00:00:00-04:00,37.20246184156432,37.4153113199532,36.78601567504177,37.146934509277344,12700,0.0,0.0,0.0
2020-04-03 00:00:00-04:00,37.20246490175548,37.24873591734149,36.59167831736444,36.836917877197266,8600,0.0,0.0,0.0
2020-04-06 00:00:00-04:00,36.97109999358594,37.10066022725019,36.86004886905253,37.04050827026367,18500,0.0,0.0,0.0
2020-04-07 00:00:00-04:00,37.57263368563259,37.61797977167713,36.91557613586372,36.9896125793457,35800,0.0,0.0,0.0
2020-04-08 00:00:00-04:00,37.22097506578283,38.02610205653667,37.185806692372225,37.87803268432617,64900,0.0,0.0,0.0
2020-04-09 00:00:00-04:00,39.97876785683819,40.90420228162495,39.97876785683819,40.534027099609375,48800,0.0,0.0,0.0
2020-04-13 00:00:00-04:00,40.71911462962038,40.71911462962038,39.534559697348485,39.941749572753906,18200,0.0,0.0,0.0
2020-04-14 00:00:00-04:00,40.32116757358282,40.36743857725944,39.754802298397976,40.126827239990234,12500,0.0,0.0,0.0
2020-04-15 00:00:00-04:00,39.33095792136714,39.65485851567771,39.12736124479951,39.599334716796875,23100,0.0,0.0,0.0
2020-04-16 00:00:00-04:00,39.664113559216666,39.69187545776367,39.28468564798403,39.69187545776367,48300,0.0,0.0,0.0
2020-04-17 00:00:00-04:00,40.08057004966655,40.200873994637014,39.34021961468134,39.96211242675781,22700,0.0,0.0,0.0
2020-04-20 00:00:00-04:00,39.5345485317395,39.77053170127713,39.30041168356243,39.312442779541016,13500,0.0,0.0,0.0
2020-04-21 00:00:00-04:00,38.821969744453874,39.553063691603164,38.250976242499355,38.83122253417969,29200,0.0,0.0,0.0
2020-04-22 00:00:00-04:00,38.951524203329654,39.63634703974705,38.77569298261155,39.155120849609375,18100,0.0,0.0,0.0
2020-04-23 00:00:00-04:00,39.25691898383339,39.32170262882375,38.858057050119065,39.03481674194336,13900,0.0,0.0,0.0
2020-04-24 00:00:00-04:00,38.910812058929224,38.910812058929224,38.62762938794635,38.83122253417969,12100,0.0,0.0,0.0
2020-04-27 00:00:00-04:00,38.92284335217055,39.303199768066406,38.92284335217055,39.303199768066406,50400,0.0,0.0,0.0
2020-04-28 00:00:00-04:00,39.17363456981245,39.182887359255176,38.868239564428315,38.94227600097656,8500,0.0,0.0,0.0
2020-04-29 00:00:00-04:00,39.23841696168235,41.6352920150013,39.23841696168235,39.66411590576172,152500,0.0,0.0,0.0
2020-04-30 00:00:00-04:00,39.571572081955516,39.85845800735821,39.46977726673388,39.83069610595703,122700,0.0,0.0,0.0
2020-05-01 00:00:00-04:00,39.52742552263509,39.52742552263509,39.18415064101455,39.25764465332031,143800,0.224,0.0,0.0
2020-05-04 00:00:00-04:00,39.03717400068864,39.18322517898965,39.03717400068864,39.127410888671875,2500,0.0,0.0,0.0
2020-05-05 00:00:00-04:00,39.24834419109038,39.49951914351979,39.24834419109038,39.37858581542969,11600,0.0,0.0,0.0
2020-05-06 00:00:00-04:00,39.527420007151235,39.527420007151235,39.24833443026674,39.2762451171875,14100,0.0,0.0,0.0
2020-05-07 00:00:00-04:00,39.51812029247341,39.611150012850814,39.35532271771417,39.387882232666016,7100,0.0,0.0,0.0
2020-05-08 00:00:00-04:00,39.601848162793324,39.78232192993164,39.49951723725454,39.78232192993164,102000,0.0,0.0,0.0
2020-05-11 00:00:00-04:00,39.7227794984525,39.75068663835744,39.57393550442491,39.666961669921875,35900,0.0,0.0,0.0
2020-05-12 00:00:00-04:00,39.88557754462654,39.92743825499002,39.58323718002516,39.62044906616211,9200,0.0,0.0,0.0
2020-05-13 00:00:00-04:00,39.466955588096226,39.61021745662367,39.214850896442556,39.345088958740234,6900,0.0,0.0,0.0
2020-05-14 00:00:00-04:00,39.23903608053663,39.35997293604576,38.92646475411144,39.28554916381836,6900,0.0,0.0,0.0
2020-05-15 00:00:00-04:00,39.118093301532845,39.47159906864146,39.04367308929538,39.35066223144531,22700,0.0,0.0,0.0
2020-05-18 00:00:00-04:00,39.89022565979361,40.005580365273026,39.769288817117385,40.00185775756836,10600,0.0,0.0,0.0
2020-05-19 00:00:00-04:00,40.001864421166005,40.14047391454816,39.931163252763014,40.011165618896484,97900,0.0,0.0,0.0
2020-05-20 00:00:00-04:00,40.43909524550226,40.68096542247258,40.41211786848554,40.59724044799805,15500,0.0,0.0,0.0
2020-05-21 00:00:00-04:00,40.52282011071932,40.609334379663984,40.49490942015573,40.536773681640625,4200,0.0,0.0,0.0
2020-05-22 00:00:00-04:00,40.569334485092035,40.792598724365234,40.49491070618691,40.792598724365234,8700,0.0,0.0,0.0
2020-05-26 00:00:00-04:00,41.229823676384214,41.369366467579184,41.125633239746094,41.125633239746094,19600,0.0,0.0,0.0
2020-05-27 00:00:00-04:00,41.08098863442174,41.36937547628831,41.08098863442174,41.304256439208984,4800,0.0,0.0,0.0
2020-05-28 00:00:00-04:00,41.36471922911024,41.62054652848102,41.33774185180664,41.33774185180664,5700,0.0,0.0,0.0
2020-05-29 00:00:00-04:00,41.33216158094075,41.84381265407685,41.29960206397903,41.647525787353516,9100,0.0,0.0,0.0
2020-06-01 00:00:00-04:00,41.49887836542138,41.95696623055183,41.49887836542138,41.905548095703125,18300,0.22,0.0,0.0
2020-06-02 00:00:00-04:00,41.947606688965294,42.49918001047922,41.947606688965294,42.46178436279297,6500,0.0,0.0,0.0
2020-06-03 00:00:00-04:00,42.686163546962305,42.95727669961972,42.64876789151039,42.821720123291016,15300,0.0,0.0,0.0
2020-06-04 00:00:00-04:00,42.77030233599008,43.08815827742105,42.66653170932807,42.83574295043945,27400,0.0,0.0,0.0
2020-06-05 00:00:00-04:00,43.30317805482116,43.6864746116413,43.30317805482116,43.421905517578125,20300,0.0,0.0,0.0
2020-06-08 00:00:00-04:00,43.555593649574284,43.81735610961914,43.41442736594465,43.81735610961914,24000,0.0,0.0,0.0
2020-06-09 00:00:00-04:00,43.3499126196808,43.3499126196808,43.088150210887854,43.2283821105957,10400,0.0,0.0,0.0
2020-06-10 00:00:00-04:00,43.19099470438475,43.3592715896499,43.00401999117392,43.30691909790039,6000,0.0,0.0,0.0
2020-06-11 00:00:00-04:00,42.52723782591108,42.611376268475375,42.022407170525284,42.09812927246094,14900,0.0,0.0,0.0
2020-06-12 00:00:00-04:00,42.65811440846543,42.686159364183275,42.29351571915092,42.476749420166016,9100,0.0,0.0,0.0
2020-06-15 00:00:00-04:00,42.3215549121361,43.153588436763876,42.162625196802566,42.96661376953125,100200,0.0,0.0,0.0
2020-06-16 00:00:00-04:00,43.43406313174474,43.43406313174474,42.93764877319336,42.93764877319336,13200,0.0,0.0,0.0
2020-06-17 00:00:00-04:00,43.10685247519128,43.16481466685763,42.93857560470779,42.95072937011719,9500,0.0,0.0,0.0
2020-06-18 00:00:00-04:00,42.826397456779446,42.99467434786669,42.81330933338924,42.89183807373047,12100,0.0,0.0,0.0
2020-06-19 00:00:00-04:00,42.994672600433994,43.153598787642615,42.72355944622939,42.822654724121094,16600,0.0,0.0,0.0
2020-06-22 00:00:00-04:00,42.80769652223127,42.95727557387305,42.777779285404556,42.8310661315918,14700,0.0,0.0,0.0
2020-06-23 00:00:00-04:00,42.86378566764344,43.03206254349808,42.81704288351622,42.8535041809082,39300,0.0,0.0,0.0
2020-06-24 00:00:00-04:00,42.66745973908064,42.66745973908064,42.09718855522753,42.343994140625,14100,0.0,0.0,0.0
2020-06-25 00:00:00-04:00,42.18133828373523,42.36831301862585,42.02054336400096,42.33091735839844,16800,0.0,0.0,0.0
2020-06-26 00:00:00-04:00,42.211250060565746,42.24677343681048,41.879371643066406,41.879371643066406,6800,0.0,0.0,0.0
2020-06-29 00:00:00-04:00,41.86253516837004,41.95321765530337,41.59235998638238,41.67649841308594,9200,0.0,0.0,0.0
2020-06-30 00:00:00-04:00,41.723245627230256,42.09812581275367,41.723245627230256,42.022403717041016,21100,0.0,0.0,0.0
2020-07-01 00:00:00-04:00,42.132391263153465,42.20759582519531,42.114529641775896,42.20759582519531,4800,0.247,0.0,0.0
2020-07-02 00:00:00-04:00,42.442602436918726,42.53002432897215,42.301595683593135,42.34013748168945,18100,0.0,0.0,0.0
2020-07-06 00:00:00-04:00,42.53660825015124,42.701113752713006,42.531907068377755,42.67855453491211,9500,0.0,0.0,0.0
2020-07-07 00:00:00-04:00,42.66820987807842,42.79041549458654,42.386199951171875,42.386199951171875,4300,0.0,0.0,0.0
2020-07-08 00:00:00-04:00,42.320395972736684,42.574205972052404,42.320395972736684,42.50840377807617,16200,0.0,0.0,0.0
2020-07-09 00:00:00-04:00,42.4426025616812,42.49900239441667,42.221693654265394,42.42380142211914,24400,0.0,0.0,0.0
2020-07-10 00:00:00-04:00,42.428499540493355,42.546003974741474,42.428499540493355,42.52720642089844,3100,0.0,0.0,0.0
2020-07-13 00:00:00-04:00,42.630611228730196,42.72461693633858,42.23673753381167,42.24237823486328,6900,0.0,0.0,0.0
2020-07-14 00:00:00-04:00,42.48020346369603,42.69641120097579,42.48020346369603,42.66633224487305,6600,0.0,0.0,0.0
2020-07-15 00:00:00-04:00,42.893822059361966,43.15703085916169,42.74341651862627,43.044227600097656,37200,0.0,0.0,0.0
2020-07-16 00:00:00-04:00,42.87313711996422,43.01601931974041,42.87313711996422,42.97465896606445,6500,0.0,0.0,0.0
2020-07-17 00:00:00-04:00,43.110031101318114,43.119429879044255,42.97372551560719,43.08652877807617,10600,0.0,0.0,0.0
2020-07-20 00:00:00-04:00,43.147624973399,43.37793263528191,43.147624973399,43.3685302734375,4000,0.0,0.0,0.0
2020-07-21 00:00:00-04:00,43.55654007222276,43.65242480332271,43.490737880080786,43.54431915283203,5500,0.0,0.0,0.0
2020-07-22 00:00:00-04:00,43.65524425426466,44.90549310246163,43.589442060775404,43.721046447753906,33400,0.0,0.0,0.0
2020-07-23 00:00:00-04:00,43.711648553108404,43.81505302666356,43.40143513244293,43.5762825012207,6900,0.0,0.0,0.0
2020-07-24 00:00:00-04:00,43.69284465518779,43.833851398578844,43.68344587907193,43.78308868408203,38500,0.0,0.0,0.0
2020-07-27 00:00:00-04:00,43.741735867949984,43.95606099106199,43.72105210222067,43.8902587890625,11300,0.0,0.0,0.0
2020-07-28 00:00:00-04:00,43.88085601671473,43.88085601671473,43.692848205566406,43.692848205566406,6800,0.0,0.0,0.0
2020-07-29 00:00:00-04:00,43.90905432961705,44.05945985585231,43.8808544140575,44.01245880126953,10700,0.0,0.0,0.0
2020-07-30 00:00:00-04:00,44.0124619391402,44.068865360231186,43.99366079877654,44.056644439697266,10300,0.0,0.0,0.0
2020-07-31 00:00:00-04:00,43.96545813189187,44.18636703491211,43.91375589561264,44.18636703491211,15600,0.0,0.0,0.0
2020-08-03 00:00:00-04:00,44.14099410958961,44.30923801545951,44.05687035382247,44.174076080322266,13300,0.257,0.0,0.0
2020-08-04 00:00:00-04:00,44.16935203054745,44.21472210856143,44.084283584979325,44.1268196105957,8200,0.0,0.0,0.0
2020-08-05 00:00:00-04:00,44.27048756575312,44.380128607445485,44.20715767703027,44.282772064208984,9100,0.0,0.0,0.0
2020-08-06 00:00:00-04:00,44.2686012036268,44.613602037587704,44.2686012036268,44.34421920776367,9000,0.0,0.0,0.0
2020-08-07 00:00:00-04:00,44.42455207370434,44.55687994978357,44.25441520284127,44.37729263305664,12500,0.0,0.0,0.0
2020-08-10 00:00:00-04:00,44.36784529145735,44.405654291959195,44.28844855380232,44.34043502807617,6000,0.0,0.0,0.0
2020-08-11 00:00:00-04:00,44.35839227485056,44.42361153495597,44.06537794643026,44.107913970947266,44700,0.0,0.0,0.0
2020-08-12 00:00:00-04:00,44.235512378891286,44.3016763194339,44.17407546429152,44.178802490234375,6900,0.0,0.0,0.0
2020-08-13 00:00:00-04:00,44.15044718203153,44.29695615170289,44.103187736125925,44.13438034057617,9300,0.0,0.0,0.0
2020-08-14 00:00:00-04:00,43.961403685803425,44.05592617874905,43.829075801343976,43.98786926269531,66800,0.0,0.0,0.0
2020-08-17 00:00:00-04:00,43.99920905906742,44.33003234863281,43.99920905906742,44.33003234863281,27800,0.0,0.0,0.0
2020-08-18 00:00:00-04:00,44.2260606466859,44.3300335804194,44.14099221050978,44.320579528808594,18400,0.0,0.0,0.0
2020-08-19 00:00:00-04:00,44.183526842722195,44.273322309209306,44.1504448717529,44.19770431518555,7500,0.0,0.0,0.0
2020-08-20 00:00:00-04:00,44.0559309227179,44.22606782267604,44.0559309227179,44.21661376953125,10500,0.0,0.0,0.0
2020-08-21 00:00:00-04:00,44.24497130977207,44.33854552090608,43.97086146548918,44.278053283691406,10600,0.0,0.0,0.0
2020-08-24 00:00:00-04:00,44.367848351995605,44.47654833452045,44.367848351995605,44.47465896606445,9600,0.0,0.0,0.0
2020-08-25 00:00:00-04:00,44.60414183542091,44.60414183542091,44.434004955231735,44.54743194580078,24300,0.0,0.0,0.0
2020-08-26 00:00:00-04:00,44.612656559766094,44.86880659487598,44.56634179503887,44.57957458496094,126400,0.0,0.0,0.0
2020-08-27 00:00:00-04:00,44.6608529695569,45.13345458828237,44.5379755391023,44.589962005615234,42200,0.0,0.0,0.0
2020-08-28 00:00:00-04:00,44.67975839162037,44.67975839162037,44.6135944520827,44.626827239990234,26400,0.0,0.0,0.0
2020-08-31 00:00:00-04:00,44.63250246150096,44.64195290832234,44.53325654438598,44.58523941040039,4000,0.0,0.0,0.0
2020-09-01 00:00:00-04:00,44.516773732033734,44.81158447265625,44.497753099120224,44.81158447265625,18500,0.288,0.0,0.0
2020-09-02 00:00:00-04:00,44.85913069730449,44.96374235615744,44.706969273831426,44.91999816894531,9300,0.0,0.0,0.0
2020-09-03 00:00:00-04:00,44.70696922717353,44.745010489955725,44.45970827471829,44.67844009399414,21200,0.0,0.0,0.0
2020-09-04 00:00:00-04:00,44.735501237302806,44.84962139591943,44.22195508180637,44.607112884521484,20000,0.0,0.0,0.0
2020-09-08 00:00:00-04:00,44.3550896836866,44.5262717116378,44.24096954099044,44.369354248046875,8600,0.0,0.0,0.0
2020-09-09 00:00:00-04:00,44.70696531252948,44.70696531252948,44.49298957679124,44.57002258300781,26300,0.0,0.0,0.0
2020-09-10 00:00:00-04:00,44.697462455480384,44.732648629617884,44.440689363483486,44.50060272216797,26100,0.0,0.0,0.0
2020-09-11 00:00:00-04:00,44.59284210205078,44.72598287317979,44.39313094535728,44.59284210205078,13000,0.0,0.0,0.0
2020-09-14 00:00:00-04:00,44.697462850755535,44.88766554589615,44.570979092414206,44.63279342651367,21400,0.0,0.0,0.0
2020-09-15 00:00:00-04:00,44.68795580460313,44.71648494006867,44.63089390585727,44.67273712158203,5500,0.0,0.0,0.0
2020-09-16 00:00:00-04:00,44.74500674815618,44.85912689914496,44.63278757180319,44.69650650024414,46700,0.0,0.0,0.0
2020-09-17 00:00:00-04:00,44.507259763595066,44.71648308918837,44.507259763595066,44.63945007324219,7300,0.0,0.0,0.0
2020-09-18 00:00:00-04:00,44.68795379426561,44.68795379426561,44.46921833948726,44.51296615600586,23900,0.0,0.0,0.0
2020-09-21 00:00:00-04:00,44.412162512834456,44.412162512834456,44.11164158871073,44.213401794433594,16900,0.0,0.0,0.0
2020-09-22 00:00:00-04:00,44.234315661053344,44.24097270008443,44.16489018097825,44.23146057128906,10100,0.0,0.0,0.0
2020-09-23 00:00:00-04:00,44.32657569520697,44.32657569520697,43.904327032412084,43.96519088745117,7900,0.0,0.0,0.0
2020-09-24 00:00:00-04:00,43.77498700447758,43.98611133027251,43.72933820745583,43.8463134765625,15700,0.0,0.0,0.0
2020-09-25 00:00:00-04:00,43.736938652241065,43.88434399805243,43.736938652241065,43.814918518066406,7900,0.0,0.0,0.0
2020-09-28 00:00:00-04:00,44.00322719828845,44.22195903343866,43.9442643250412,44.039363861083984,16300,0.0,0.0,0.0
2020-09-29 00:00:00-04:00,44.03175243899356,44.10783496335019,43.95567354245135,44.069793701171875,4000,0.0,0.0,0.0
2020-09-30 00:00:00-04:00,44.142073681026005,44.383628094044354,44.13636712852574,44.22195816040039,7900,0.0,0.0,0.0
2020-10-01 00:00:00-04:00,44.321420411124,44.48209466599207,44.28603486166975,44.329071044921875,6000,0.262,0.0,0.0
2020-10-02 00:00:00-04:00,44.247781240707276,44.352985671862406,44.17701013668636,44.29082107543945,10800,0.0,0.0,0.0
2020-10-05 00:00:00-04:00,44.38646274289746,44.56817717929796,44.38646274289746,44.51079559326172,9900,0.0,0.0,0.0
2020-10-06 00:00:00-04:00,44.60930725132119,44.73076883875396,44.46297836303711,44.46297836303711,7900,0.0,0.0,0.0
2020-10-07 00:00:00-04:00,44.64468871753535,44.6925079197652,44.59208650057114,44.65425109863281,11500,0.0,0.0,0.0
2020-10-08 00:00:00-04:00,44.67338044794605,44.90291773119248,44.66381806664765,44.725982666015625,16200,0.0,0.0,0.0
2020-10-09 00:00:00-04:00,44.74988531214539,44.87421448648865,44.74988531214539,44.81874465942383,4000,0.0,0.0,0.0
2020-10-12 00:00:00-04:00,45.25677743511736,45.25677743511736,44.950730202206046,45.118099212646484,19700,0.0,0.0,0.0
2020-10-13 00:00:00-04:00,45.00812041918368,45.00812041918368,44.86944218132948,44.909610748291016,12500,0.0,0.0,0.0
2020-10-14 00:00:00-04:00,44.897168686566324,44.92203598003665,44.78335776816745,44.87134552001953,21100,0.0,0.0,0.0
2020-10-15 00:00:00-04:00,44.663814715579136,44.819705963134766,44.64946932052217,44.819705963134766,9100,0.0,0.0,0.0
2020-10-16 00:00:00-04:00,44.883791623158714,45.00716495493209,44.745113372802734,44.745113372802734,17600,0.0,0.0,0.0
2020-10-19 00:00:00-04:00,44.797713426868725,44.84553263024413,44.612171853140225,44.63034439086914,13400,0.0,0.0,0.0
2020-10-20 00:00:00-04:00,44.745106688787985,44.89526269355776,44.73076129406158,44.816837310791016,8100,0.0,0.0,0.0
2020-10-21 00:00:00-04:00,44.89334943612206,44.91247784612495,44.73363104338762,44.802494049072266,13500,0.0,0.0,0.0
2020-10-22 00:00:00-04:00,44.82162394577805,44.95073615711619,44.749893317980735,44.89908981323242,6600,0.0,0.0,0.0
2020-10-23 00:00:00-04:00,44.94117536101065,44.95360536241061,44.589220619286806,44.89335250854492,17900,0.0,0.0,0.0
2020-10-26 00:00:00-04:00,44.692502702507284,44.692502702507284,44.558607492545704,44.577735900878906,7300,0.0,0.0,0.0
2020-10-27 00:00:00-04:00,44.61407653933175,44.64468272180153,44.501221486007424,44.53947830200195,10200,0.0,0.0,0.0
2020-10-28 00:00:00-04:00,44.26212889579332,44.28030143353558,44.08710922492975,44.21430969238281,16200,0.0,0.0,0.0
2020-10-29 00:00:00-04:00,44.13779479163118,44.309946823475094,44.06128115598013,44.19804763793945,18700,0.0,0.0,0.0
2020-10-30 00:00:00-04:00,44.15787802255728,44.3109016418457,44.04693471285263,44.3109016418457,6900,0.0,0.0,0.0
2020-11-02 00:00:00-05:00,44.472533918426294,44.53507201200435,44.28396541795444,44.45810317993164,21800,0.274,0.0,0.0
2020-11-03 00:00:00-05:00,44.573556107559746,44.75539001742166,44.53507169180009,44.739994049072266,9400,0.0,0.0,0.0
2020-11-04 00:00:00-05:00,45.016111366345584,45.32397932141167,44.80926223996598,45.179664611816406,8800,0.0,0.0,0.0
2020-11-05 00:00:00-05:00,45.400947921772975,45.49715895883223,45.35284423828125,45.35284423828125,7100,0.0,0.0,0.0
2020-11-06 00:00:00-05:00,45.46829241704182,45.46829241704182,45.29608145563195,45.35861587524414,9800,0.0,0.0,0.0
2020-11-09 00:00:00-05:00,46.08403298393866,46.14175593552764,45.77616500854492,45.77616500854492,20900,0.0,0.0,0.0
2020-11-10 00:00:00-05:00,45.891611975661164,45.92047344981663,45.800212414068085,45.88006591796875,12900,0.0,0.0,0.0
2020-11-11 00:00:00-05:00,45.901240523207946,45.920482733226834,45.81465241316108,45.857948303222656,11900,0.0,0.0,0.0
2020-11-12 00:00:00-05:00,45.84351093157454,45.84351093157454,45.3528438222627,45.651092529296875,44400,0.0,0.0,0.0
2020-11-13 00:00:00-05:00,45.65109337424575,45.812723513923295,45.65109337424575,45.772315979003906,8300,0.0,0.0,0.0
2020-11-16 00:00:00-05:00,45.891616468814554,46.10520020665793,45.718440266775275,45.939720153808594,58800,0.0,0.0,0.0
2020-11-17 00:00:00-05:00,45.930097043610246,46.10326956109083,45.91373951663322,46.064788818359375,17100,0.0,0.0,0.0
2020-11-18 00:00:00-05:00,46.14175763462082,46.14175763462082,46.018611907958984,46.018611907958984,22100,0.0,0.0,0.0
2020-11-19 00:00:00-05:00,46.05517121667225,46.28607405019445,45.987825321494114,46.276451110839844,11700,0.0,0.0,0.0
2020-11-20 00:00:00-05:00,46.18986510841429,46.21873025771529,46.14176141968089,46.17447280883789,51700,0.0,0.0,0.0
2020-11-23 00:00:00-05:00,46.25720823508319,46.266827503459844,46.2062162034826,46.24758529663086,6800,0.0,0.0,0.0
2020-11-24 00:00:00-05:00,46.459249600821906,46.555456972551305,46.40633444534794,46.43519592285156,6400,0.0,0.0,0.0
2020-11-25 00:00:00-05:00,46.44000642636755,46.54583673511389,46.44000642636755,46.516971588134766,11000,0.0,0.0,0.0
2020-11-27 00:00:00-05:00,46.5265965906644,46.584319547030915,46.5265965906644,46.555458068847656,4700,0.0,0.0,0.0
2020-11-30 00:00:00-05:00,46.59393789365148,46.59393789365148,46.39190022613164,46.542945861816406,25800,0.0,0.0,0.0
2020-12-01 00:00:00-05:00,46.73546248785997,46.76448353494455,46.65806810847824,46.737396240234375,15100,0.266,0.0,0.0
2020-12-02 00:00:00-05:00,46.745135912683004,46.87089993661141,46.745135912683004,46.86412811279297,3900,0.0,0.0,0.0
2020-12-03 00:00:00-05:00,46.938613442835376,47.01600412565829,46.938613442835376,46.95796203613281,24200,0.0,0.0,0.0
2020-12-04 00:00:00-05:00,47.07018392328665,47.20078601991549,47.07018392328665,47.17563247680664,5200,0.0,0.0,0.0
2020-12-07 00:00:00-05:00,47.11275244262952,47.21432980120184,47.11275244262952,47.20949172973633,7600,0.0,0.0,0.0
2020-12-08 00:00:00-05:00,47.20175548799222,47.29172295587993,47.18144001521968,47.267539978027344,10300,0.0,0.0,0.0
2020-12-09 00:00:00-05:00,47.29655563058895,47.29655563058895,47.13693249543322,47.181434631347656,13900,0.0,0.0,0.0
2020-12-10 00:00:00-05:00,47.16112454244713,47.27721243109489,47.137908440864564,47.267539978027344,7800,0.0,0.0,0.0
2020-12-11 00:00:00-05:00,47.270436085296325,47.28688405141554,47.16112003136246,47.20852279663086,340800,0.0,0.0,0.0
2020-12-14 00:00:00-05:00,47.30623457343548,47.31590702597191,47.17563247680664,47.17563247680664,10100,0.0,0.0,0.0
2020-12-15 00:00:00-05:00,47.24529114660876,47.41168243525639,47.24529114660876,47.369117736816406,11300,0.0,0.0,0.0
2020-12-16 00:00:00-05:00,47.31397085062056,47.36427424389501,47.24044766786016,47.34879684448242,13500,0.0,0.0,0.0
2020-12-17 00:00:00-05:00,47.39330027229883,47.427159390916,47.39330027229883,47.42232131958008,14500,0.0,0.0,0.0
2020-12-18 00:00:00-05:00,47.54392169518161,47.54392169518161,47.427178909306235,47.456363677978516,80900,0.275,0.0,0.0
2020-12-21 00:00:00-05:00,47.359080706358434,47.37561775301071,47.273467347017956,47.34934997558594,58300,0.0,0.0,0.0
2020-12-22 00:00:00-05:00,47.31529938204931,47.36880726722063,47.31529938204931,47.339622497558594,18300,0.0,0.0,0.0
2020-12-23 00:00:00-05:00,47.39799937945466,47.55268535065018,47.39799937945466,47.51960754394531,99300,0.0,0.0,0.0
2020-12-24 00:00:00-05:00,47.55365946495048,47.59257125854492,47.54392873316176,47.59257125854492,16100,0.0,0.0,0.0
2020-12-28 00:00:00-05:00,47.68013117491534,47.766716877563525,47.65094640076826,47.6655387878418,24500,0.0,0.0,0.0
2020-12-29 00:00:00-05:00,47.72877578434418,47.72877578434418,47.61689463528752,47.67040252685547,27200,0.0,0.0,0.0
2020-12-30 00:00:00-05:00,47.69958680631808,47.78714483605152,47.69958680631808,47.763797760009766,4600,0.0,0.0,0.0
2020-12-31 00:00:00-05:00,47.70931301891561,47.806598059988005,47.70931301891561,47.78811264038086,12900,0.0,0.0,0.0
2021-01-04 00:00:00-05:00,47.86497297029068,47.86497297029068,47.51474087239312,47.68012619018555,40600,0.0,0.0,0.0
2021-01-05 00:00:00-05:00,47.58284039238597,47.75309107306108,47.58284039238597,47.73849868774414,195600,0.0,0.0,0.0
2021-01-06 00:00:00-05:00,47.66067625897148,47.845519343824975,47.65094552697626,47.65483856201172,72000,0.0,0.0,0.0
2021-01-07 00:00:00-05:00,47.84454410549916,47.864974188023396,47.74823138948301,47.828975677490234,12600,0.0,0.0,0.0
2021-01-08 00:00:00-05:00,47.860110067314466,47.93307570999527,47.75309428620752,47.87470245361328,32600,0.0,0.0,0.0
2021-01-11 00:00:00-05:00,47.7482283981887,47.816328669003184,47.68012441618779,47.71903991699219,8700,0.0,0.0,0.0
2021-01-12 00:00:00-05:00,47.699581871902375,47.826055393142106,47.612023851226624,47.787139892578125,10800,0.0,0.0,0.0
2021-01-13 00:00:00-05:00,47.79687115890204,47.91361395071575,47.79687115890204,47.899993896484375,57700,0.0,0.0,0.0
2021-01-14 00:00:00-05:00,48.00117257670997,48.02063032745497,47.88442978342647,47.918479919433594,22600,0.0,0.0,0.0
2021-01-15 00:00:00-05:00,47.933077748071845,48.0011780278197,47.850385081404724,47.91361999511719,8100,0.0,0.0,0.0
2021-01-19 00:00:00-05:00,48.020625778138516,48.098453062558924,47.918475379794536,48.08872604370117,15800,0.0,0.0,0.0
2021-01-20 00:00:00-05:00,48.224934642862614,48.24439239501953,48.09846110943602,48.24439239501953,313400,0.0,0.0,0.0
2021-01-21 00:00:00-05:00,48.27357894767982,48.27357894767982,48.1471091207766,48.20547866821289,7300,0.0,0.0,0.0
2021-01-22 00:00:00-05:00,48.11791666867398,48.19574767375459,48.069274146091885,48.127647399902344,16900,0.0,0.0,0.0
2021-01-25 00:00:00-05:00,48.13737600624567,48.13737600624567,47.97199068177919,48.11402893066406,23600,0.0,0.0,0.0
2021-01-26 00:00:00-05:00,48.07121295633386,48.12374850724966,48.04008352704015,48.08872604370117,11300,0.0,0.0,0.0
2021-01-27 00:00:00-05:00,47.81633282712216,48.04009140942592,47.806602095481665,47.85719299316406,19800,0.0,0.0,0.0
2021-01-28 00:00:00-05:00,48.113057394453946,48.14224216720969,47.95253372192383,47.95253372192383,4400,0.0,0.0,0.0
2021-01-29 00:00:00-05:00,47.991450749609264,48.04495493096406,47.8163346851432,47.83578872680664,11800,0.0,0.0,0.0
2021-02-01 00:00:00-05:00,47.87783172251423,48.0587439934393,47.868054394801284,47.995182037353516,18600,0.253,0.0,0.0
2021-02-02 00:00:00-05:00,48.17022873325888,48.216190759152305,48.12231198765374,48.16338348388672,9400,0.0,0.0,0.0
2021-02-03 00:00:00-05:00,48.15164878148669,48.30811214856754,48.15164878148669,48.18098449707031,9600,0.0,0.0,0.0
2021-02-04 00:00:00-05:00,48.34722491041678,48.357005969141525,48.29442136875059,48.32864761352539,13300,0.0,0.0,0.0
2021-02-05 00:00:00-05:00,48.454799912509564,48.51347508066411,48.40590580423812,48.44502258300781,14200,0.0,0.0,0.0
2021-02-08 00:00:00-05:00,48.493909836534456,48.60147909775524,48.46946092066398,48.577030181884766,12200,0.0,0.0,0.0
2021-02-09 00:00:00-05:00,48.54280779065555,48.572143507723794,48.477291107177734,48.477291107177734,12100,0.0,0.0,0.0
2021-02-10 00:00:00-05:00,48.53302808325894,48.591699514520066,48.43034934817104,48.51346969604492,8200,0.0,0.0,0.0
2021-02-11 00:00:00-05:00,48.520313730730265,48.58192097024116,48.46457438027482,48.56725311279297,17100,0.0,0.0,0.0
2021-02-12 00:00:00-05:00,48.552583093980196,48.67970700645934,48.552583093980196,48.66014862060547,264900,0.0,0.0,0.0
2021-02-16 00:00:00-05:00,48.572141769214824,48.581922828141565,48.523247665724085,48.550628662109375,70900,0.0,0.0,0.0
2021-02-17 00:00:00-05:00,48.46457853389104,48.577034604218994,48.46457853389104,48.552589416503906,38500,0.0,0.0,0.0
2021-02-18 00:00:00-05:00,48.47435266255344,48.58192192646519,48.47435266255344,48.52324676513672,12400,0.0,0.0,0.0
2021-02-19 00:00:00-05:00,48.57703556441281,48.58192609420496,48.508583068847656,48.508583068847656,12400,0.0,0.0,0.0
2021-02-22 00:00:00-05:00,48.49391667880705,48.513475068186864,48.411773681640625,48.411773681640625,14200,0.0,0.0,0.0
2021-02-23 00:00:00-05:00,48.37656212646425,48.63081368587524,48.2689928677355,48.62592315673828,16300,0.0,0.0,0.0
2021-02-24 00:00:00-05:00,48.48902535691194,48.64548873901367,48.43524071959123,48.64548873901367,60500,0.0,0.0,0.0
2021-02-25 00:00:00-05:00,48.56725651789157,48.56725651789157,48.16142835826146,48.24943923950195,19100,0.0,0.0,0.0
2021-02-26 00:00:00-05:00,48.33745099346757,48.342341523175094,48.13209351032576,48.210323333740234,24500,0.0,0.0,0.0
2021-03-01 00:00:00-05:00,48.32718513464442,48.62180246728834,48.26826391587322,48.54323959350586,20500,0.209,0.0,0.0
2021-03-02 00:00:00-05:00,48.64144772451474,48.64144772451474,48.48726652796516,48.52360153198242,103900,0.0,0.0,0.0
2021-03-03 00:00:00-05:00,48.47449955435859,48.47449955435859,48.366472316280564,48.37138366699219,180900,0.0,0.0,0.0
2021-03-04 00:00:00-05:00,48.45485583393619,48.50395810017217,48.04238855577586,48.18478775024414,14200,0.0,0.0,0.0
2021-03-05 00:00:00-05:00,48.327190180011094,48.43521742071987,48.052214473670944,48.30754852294922,41800,0.0,0.0,0.0
2021-03-08 00:00:00-05:00,48.25844080712086,48.34682638079284,47.933377600766555,47.94221878051758,13000,0.0,0.0,0.0
2021-03-09 00:00:00-05:00,48.081674661090865,48.219162513045546,48.05025100708008,48.05025100708008,16000,0.0,0.0,0.0
2021-03-10 00:00:00-05:00,48.12095818185486,48.287906646728516,48.12095818185486,48.287906646728516,5300,0.0,0.0,0.0
2021-03-11 00:00:00-05:00,48.42539596557617,48.464675531409256,48.3978983963616,48.42539596557617,28400,0.0,0.0,0.0
2021-03-12 00:00:00-05:00,48.366470116383525,48.366470116383525,48.258442883219,48.34682846069336,19200,0.0,0.0,0.0
2021-03-15 00:00:00-04:00,48.31736601648665,48.35173797607422,48.219157741763155,48.35173797607422,12600,0.0,0.0,0.0
2021-03-16 00:00:00-04:00,48.26826494415506,48.316385688765905,48.1946096728593,48.215232849121094,17800,0.0,0.0,0.0
2021-03-17 00:00:00-04:00,48.135684609388626,48.41557164273725,48.135684609388626,48.27808380126953,38200,0.0,0.0,0.0
2021-03-18 00:00:00-04:00,48.13077169199139,48.17005500149257,47.94909294150795,47.95891189575195,21200,0.0,0.0,0.0
2021-03-19 00:00:00-04:00,47.93927329694059,48.135686110704455,47.88525967949896,48.13470458984375,10600,0.0,0.0,0.0
2021-03-22 00:00:00-04:00,48.21916089993624,48.36647144853846,48.21916089993624,48.2564811706543,13900,0.0,0.0,0.0
2021-03-23 00:00:00-04:00,48.20934132993865,48.33701022068103,48.20934132993865,48.27022933959961,17900,0.0,0.0,0.0
2021-03-24 00:00:00-04:00,48.37628921563842,48.54324141637227,48.356651306152344,48.356651306152344,13800,0.0,0.0,0.0
2021-03-25 00:00:00-04:00,48.31736880612837,48.454856652416616,48.284959886285336,48.43521499633789,9600,0.0,0.0,0.0
2021-03-26 00:00:00-04:00,48.503958481559465,48.572702404082925,48.39593124723323,48.56779479980469,20500,0.0,0.0,0.0
2021-03-29 00:00:00-04:00,48.45485446034264,48.621802910064886,48.45485446034264,48.582523345947266,8400,0.0,0.0,0.0
2021-03-30 00:00:00-04:00,48.52360201700332,48.55306262886515,48.46369552612305,48.46369552612305,30600,0.0,0.0,0.0
2021-03-31 00:00:00-04:00,48.53341868639274,48.66108757555267,48.53341868639274,48.63751983642578,11700,0.0,0.0,0.0
2021-04-01 00:00:00-04:00,48.67995822984213,48.763845747687085,48.66416484785848,48.74904251098633,12400,0.244,0.0,0.0
2021-04-05 00:00:00-04:00,48.78358619764454,48.84280291113529,48.7441083886507,48.79838943481445,155700,0.0,0.0,0.0
2021-04-06 00:00:00-04:00,48.86254008779199,48.940509328526836,48.85267251753771,48.88721466064453,5700,0.0,0.0,0.0
2021-04-07 00:00:00-04:00,48.96122691942531,48.96122691942531,48.87043098107316,48.921749114990234,33000,0.0,0.0,0.0
2021-04-08 00:00:00-04:00,48.89214490899131,48.98392723198453,48.872406005859375,48.872406005859375,26700,0.0,0.0,0.0
2021-04-09 00:00:00-04:00,48.9118870090926,49.02044533619759,48.83786705871247,48.9089241027832,32900,0.0,0.0,0.0
2021-04-12 00:00:00-04:00,48.85266930184231,48.8724082058628,48.773713685760356,48.8645133972168,12800,0.0,0.0,0.0
2021-04-13 00:00:00-04:00,48.793453090169095,48.87240870706076,48.75891094898175,48.86944580078125,21200,0.0,0.0,0.0
2021-04-14 00:00:00-04:00,48.83293040923463,48.92175359494208,48.80332393560247,48.85760498046875,6000,0.0,0.0,0.0
2021-04-15 00:00:00-04:00,48.902014967171496,49.05005486579056,48.902014967171496,49.028343200683594,6400,0.0,0.0,0.0
2021-04-16 00:00:00-04:00,49.010573844503504,49.010573844503504,48.92273704453782,48.97109603881836,18300,0.0,0.0,0.0
2021-04-19 00:00:00-04:00,48.89215032817729,48.93162813881687,48.84773685000496,48.88721466064453,53400,0.0,0.0,0.0
2021-04-20 00:00:00-04:00,48.84279798453718,48.84279798453718,48.76384237451348,48.82305908203125,30400,0.0,0.0,0.0
2021-04-21 00:00:00-04:00,48.88128438976518,48.92174857414218,48.832925397550575,48.90990447998047,16200,0.0,0.0,0.0
2021-04-22 00:00:00-04:00,48.94642861068986,48.97109941733704,48.8773443283801,48.89707946777344,9200,0.0,0.0,0.0
2021-04-23 00:00:00-04:00,48.872406945930436,49.04018197856285,48.872406945930436,48.951358795166016,10800,0.0,0.0,0.0
2021-04-26 00:00:00-04:00,48.99083648985239,49.08953100718417,48.99083648985239,49.020442962646484,29600,0.0,0.0,0.0
2021-04-27 00:00:00-04:00,49.040181922298196,49.040181922298196,48.98392811800062,48.98590087890625,14200,0.0,0.0,0.0
2021-04-28 00:00:00-04:00,48.990837006787736,49.094463427471375,48.94149163000662,49.046104431152344,19300,0.0,0.0,0.0
2021-04-29 00:00:00-04:00,49.138878461884495,49.138878461884495,49.06485851195754,49.08854293823242,70100,0.0,0.0,0.0
2021-04-30 00:00:00-04:00,49.0993979627745,49.1092655319789,49.05005258713087,49.0845947265625,18200,0.0,0.0,0.0
2021-05-03 00:00:00-04:00,49.145068184065416,49.17480980325162,49.1351555716688,49.14407730102539,16600,0.226,0.0,0.0
2021-05-04 00:00:00-04:00,49.08558476278165,49.0955011579017,48.994374350458855,49.0756721496582,17900,0.0,0.0,0.0
2021-05-05 00:00:00-04:00,49.07567105987521,49.214470332500866,49.07567105987521,49.17481231689453,22000,0.0,0.0,0.0
2021-05-06 00:00:00-04:00,49.186711175371926,49.2243874253311,49.15498778803429,49.19960021972656,13300,0.0,0.0,0.0
2021-05-07 00:00:00-04:00,49.24421131883031,49.273956721150135,49.202571537579026,49.23429870605469,12000,0.0,0.0,0.0
2021-05-10 00:00:00-04:00,49.184729014549475,49.23429964336427,49.14011280121858,49.14705276489258,64600,0.0,0.0,0.0
2021-05-11 00:00:00-04:00,49.00627093986322,49.12524120351145,48.95174211444184,49.045928955078125,95600,0.0,0.0,0.0
2021-05-12 00:00:00-04:00,49.01618217962998,49.01618217962998,48.819881439208984,48.819881439208984,7500,0.0,0.0,0.0
2021-05-13 00:00:00-04:00,48.86747272299992,49.08558424739503,48.86747272299992,48.94678497314453,8800,0.0,0.0,0.0
2021-05-14 00:00:00-04:00,49.05584283856888,49.145071484115455,49.05584283856888,49.103431701660156,29400,0.0,0.0,0.0
2021-05-17 00:00:00-04:00,49.13515759831343,49.15498660592088,49.02609994747067,49.045928955078125,25900,0.0,0.0,0.0
2021-05-18 00:00:00-04:00,49.02609870366013,49.085581942976894,48.984458923339844,48.984458923339844,23700,0.0,0.0,0.0
2021-05-19 00:00:00-04:00,48.86746981661114,48.98644007575059,48.807982796043234,48.863502502441406,56600,0.0,0.0,0.0
2021-05-20 00:00:00-04:00,48.8873040879347,49.045932377868105,48.87738769244069,48.993385314941406,31600,0.0,0.0,0.0
2021-05-21 00:00:00-04:00,49.06575881005366,49.085584036007006,49.023124362863264,49.05485153198242,13000,0.0,0.0,0.0
2021-05-24 00:00:00-04:00,49.14506863940343,49.2144682728118,49.13515602691497,49.188690185546875,15300,0.0,0.0,0.0
2021-05-25 00:00:00-04:00,49.204559750641764,49.21447236395425,49.15498912008595,49.16490173339844,27900,0.0,0.0,0.0
2021-05-26 00:00:00-04:00,49.17481256111017,49.224386971862565,49.09550031150014,49.15498733520508,75400,0.0,0.0,0.0
2021-05-27 00:00:00-04:00,49.27395514467303,49.28386775713151,49.19067558483492,49.20455551147461,29100,0.0,0.0,0.0
2021-05-28 00:00:00-04:00,49.25413080678112,49.25413080678112,49.125244140625,49.125244140625,31300,0.0,0.0,0.0
2021-06-01 00:00:00-04:00,49.25769897789472,49.31247432213631,49.227822898888206,49.28857421875,26700,0.223,0.0,0.0
2021-06-02 00:00:00-04:00,49.30749257941802,49.40708583898174,49.287577726599665,49.36724853515625,9200,0.0,0.0,0.0
2021-06-03 00:00:00-04:00,49.24774190749891,49.357292596774556,49.24774190749891,49.31745529174805,80900,0.0,0.0,0.0
2021-06-04 00:00:00-04:00,49.33737308673392,49.44692377410547,49.33737308673392,49.397125244140625,21900,0.0,0.0,0.0
2021-06-07 00:00:00-04:00,49.45688247680664,49.47680112948767,49.38915981751007,49.45688247680664,14800,0.0,0.0,0.0
2021-06-08 00:00:00-04:00,49.54651302437892,49.54651302437892,49.43696233747493,49.506675720214844,30600,0.0,0.0,0.0
2021-06-09 00:00:00-04:00,49.5763876151073,49.58634884039658,49.516635459748855,49.55646896362305,65800,0.0,0.0,0.0
2021-06-10 00:00:00-04:00,49.63614442800524,49.666020506201164,49.60626834980932,49.656063079833984,72900,0.0,0.0,0.0
2021-06-11 00:00:00-04:00,49.67598173166272,49.69590038349147,49.656063079833984,49.656063079833984,10200,0.0,0.0,0.0
2021-06-14 00:00:00-04:00,49.67598215228126,49.68494421599704,49.61622619628906,49.61622619628906,29400,0.0,0.0,0.0
2021-06-15 00:00:00-04:00,49.63614336214289,49.67598066494492,49.62120532336569,49.666019439697266,21200,0.0,0.0,0.0
2021-06-16 00:00:00-04:00,49.636146545410156,49.73573600970783,49.53655708111249,49.636146545410156,23400,0.0,0.0,0.0
2021-06-17 00:00:00-04:00,49.67598385076704,49.685941277558996,49.62917520692743,49.636146545410156,38300,0.0,0.0,0.0
2021-06-18 00:00:00-04:00,49.58635011784017,49.65606350028386,49.53655538739388,49.61622619628906,121700,0.0,0.0,0.0
2021-06-21 00:00:00-04:00,49.59630680923828,49.69988151863305,49.576388157536094,49.6411247253418,34300,0.0,0.0,0.0
2021-06-22 00:00:00-04:00,49.68594148517778,49.75565487029636,49.616228100059196,49.70586013793945,94900,0.0,0.0,0.0
2021-06-23 00:00:00-04:00,49.775572033513264,49.81540933784447,49.72577730264647,49.755653381347656,13200,0.0,0.0,0.0
2021-06-24 00:00:00-04:00,49.835328514596185,49.84528594123658,49.81042924935347,49.84030532836914,34000,0.0,0.0,0.0
2021-06-25 00:00:00-04:00,49.885122236142045,49.89507966258087,49.845284932197934,49.86420822143555,47400,0.0,0.0,0.0
2021-06-28 00:00:00-04:00,49.92496044445279,49.92496044445279,49.82736170738785,49.89508056640625,232700,0.0,0.0,0.0
2021-06-29 00:00:00-04:00,49.93491787107199,49.93491787107199,49.87516571316785,49.89508056640625,62300,0.0,0.0,0.0
2021-06-30 00:00:00-04:00,49.89507844934236,49.93491575231779,49.88512102314566,49.91499710083008,90000,0.0,0.0,0.0
2021-07-01 00:00:00-04:00,49.970001220703125,50.0099983215332,49.959999084472656,50.0,19300,0.205,0.0,0.0
2021-07-02 00:00:00-04:00,50.029998779296875,50.08000183105469,50.012001037597656,50.08000183105469,33700,0.0,0.0,0.0
2021-07-06 00:00:00-04:00,50.06999969482422,50.09000015258789,50.0099983215332,50.09000015258789,38300,0.0,0.0,0.0
2021-07-07 00:00:00-04:00,50.11000061035156,50.14500045776367,50.029998779296875,50.11000061035156,90900,0.0,0.0,0.0
2021-07-08 00:00:00-04:00,50.029998779296875,50.06999969482422,50.0,50.040000915527344,42400,0.0,0.0,0.0
2021-07-09 00:00:00-04:00,50.040000915527344,50.119998931884766,50.040000915527344,50.11000061035156,13800,0.0,0.0,0.0
2021-07-12 00:00:00-04:00,50.08000183105469,50.11899948120117,50.04899978637695,50.08000183105469,21700,0.0,0.0,0.0
2021-07-13 00:00:00-04:00,50.02000045776367,50.10200119018555,49.95199966430664,49.95199966430664,29600,0.0,0.0,0.0
2021-07-14 00:00:00-04:00,50.029998779296875,50.084999084472656,49.970001220703125,50.040000915527344,25900,0.0,0.0,0.0
2021-07-15 00:00:00-04:00,50.0099983215332,50.029998779296875,49.959999084472656,50.029998779296875,447900,0.0,0.0,0.0
2021-07-16 00:00:00-04:00,50.01499938964844,50.040000915527344,49.939998626708984,49.959999084472656,74800,0.0,0.0,0.0
2021-07-19 00:00:00-04:00,49.7599983215332,49.779998779296875,49.540000915527344,49.599998474121094,475700,0.0,0.0,0.0
2021-07-20 00:00:00-04:00,49.619998931884766,49.810001373291016,49.58000183105469,49.810001373291016,92600,0.0,0.0,0.0
2021-07-21 00:00:00-04:00,49.810001373291016,49.939998626708984,49.810001373291016,49.91999816894531,77600,0.0,0.0,0.0
2021-07-22 00:00:00-04:00,49.90999984741211,49.9900016784668,49.8849983215332,49.946998596191406,96200,0.0,0.0,0.0
2021-07-23 00:00:00-04:00,49.9900016784668,50.08000183105469,49.9900016784668,50.06999969482422,68700,0.0,0.0,0.0
2021-07-26 00:00:00-04:00,50.04999923706055,50.06999969482422,49.959999084472656,49.9900016784668,163500,0.0,0.0,0.0
2021-07-27 00:00:00-04:00,49.869998931884766,49.98899841308594,49.84000015258789,49.970001220703125,193800,0.0,0.0,0.0
2021-07-28 00:00:00-04:00,49.93000030517578,50.0099983215332,49.88999938964844,49.97999954223633,415100,0.0,0.0,0.0
2021-07-29 00:00:00-04:00,49.939998626708984,50.099998474121094,49.939998626708984,50.04999923706055,43000,0.0,0.0,0.0
2021-07-30 00:00:00-04:00,50.029998779296875,50.04999923706055,49.95000076293945,49.95000076293945,217300,0.0,0.0,0.0
2021-08-02 00:00:00-04:00,49.86000061035156,49.86000061035156,49.665000915527344,49.68000030517578,172300,0.0,0.0,0.0
2021-08-03 00:00:00-04:00,49.720001220703125,49.75,49.65999984741211,49.75,26300,0.0,0.0,0.0
2021-08-04 00:00:00-04:00,49.63999938964844,49.70000076293945,49.617000579833984,49.630001068115234,44400,0.0,0.0,0.0
2021-08-05 00:00:00-04:00,49.619998931884766,49.689998626708984,49.61000061035156,49.689998626708984,127700,0.0,0.0,0.0
2021-08-06 00:00:00-04:00,49.66999816894531,49.709999084472656,49.63999938964844,49.65999984741211,31500,0.0,0.0,0.0
2021-08-09 00:00:00-04:00,49.63999938964844,49.63999938964844,49.529998779296875,49.54999923706055,49100,0.0,0.0,0.0
2021-08-10 00:00:00-04:00,49.529998779296875,49.54800033569336,49.400001525878906,49.400001525878906,20200,0.0,0.0,0.0
2021-08-11 00:00:00-04:00,49.400001525878906,49.540000915527344,49.400001525878906,49.529998779296875,85500,0.0,0.0,0.0
2021-08-12 00:00:00-04:00,49.47999954223633,49.59000015258789,49.470001220703125,49.59000015258789,139100,0.0,0.0,0.0
2021-08-13 00:00:00-04:00,49.619998931884766,49.66999816894531,49.59000015258789,49.65999984741211,59600,0.0,0.0,0.0
2021-08-16 00:00:00-04:00,49.68000030517578,49.68000030517578,49.599998474121094,49.65599822998047,27500,0.0,0.0,0.0
2021-08-17 00:00:00-04:00,49.619998931884766,49.619998931884766,49.52000045776367,49.61000061035156,35800,0.0,0.0,0.0
2021-08-18 00:00:00-04:00,49.59000015258789,49.630001068115234,49.459999084472656,49.470001220703125,28700,0.0,0.0,0.0
2021-08-19 00:00:00-04:00,49.33000183105469,49.52000045776367,49.33000183105469,49.459999084472656,65000,0.0,0.0,0.0
2021-08-20 00:00:00-04:00,49.470001220703125,49.58000183105469,49.470001220703125,49.560001373291016,138000,0.0,0.0,0.0
2021-08-23 00:00:00-04:00,49.61000061035156,49.689998626708984,49.61000061035156,49.67499923706055,83200,0.0,0.0,0.0
2021-08-24 00:00:00-04:00,49.709999084472656,49.814998626708984,49.709999084472656,49.779998779296875,52400,0.0,0.0,0.0
2021-08-25 00:00:00-04:00,49.849998474121094,49.880001068115234,49.79999923706055,49.85900115966797,435100,0.0,0.0,0.0
2021-08-26 00:00:00-04:00,49.880001068115234,49.880001068115234,49.77000045776367,49.834999084472656,81300,0.0,0.0,0.0
2021-08-27 00:00:00-04:00,49.869998931884766,50.0,49.849998474121094,49.97999954223633,210100,0.0,0.0,0.0
2021-08-30 00:00:00-04:00,50.0,50.060001373291016,49.970001220703125,50.040000915527344,242200,0.0,0.0,0.0
2021-08-31 00:00:00-04:00,50.04999923706055,50.08000183105469,50.0099983215332,50.040000915527344,109700,0.0,0.0,0.0
2021-09-01 00:00:00-04:00,49.91999816894531,49.939998626708984,49.84400177001953,49.90999984741211,114500,0.0,0.0,0.0
2021-09-02 00:00:00-04:00,49.91999816894531,50.0,49.91999816894531,49.97999954223633,127700,0.0,0.0,0.0
2021-09-03 00:00:00-04:00,49.95000076293945,50.0099983215332,49.944000244140625,49.97200012207031,49300,0.0,0.0,0.0
2021-09-07 00:00:00-04:00,50.0,50.0,49.810001373291016,49.810001373291016,25300,0.0,0.0,0.0
2021-09-08 00:00:00-04:00,49.900001525878906,49.93000030517578,49.81999969482422,49.91999816894531,110000,0.0,0.0,0.0
2021-09-09 00:00:00-04:00,49.939998626708984,49.97999954223633,49.88199996948242,49.939998626708984,135400,0.0,0.0,0.0
2021-09-10 00:00:00-04:00,50.04999923706055,50.04999923706055,49.86000061035156,49.88999938964844,39700,0.0,0.0,0.0
2021-09-13 00:00:00-04:00,49.91999816894531,50.02000045776367,49.869998931884766,50.02000045776367,29200,0.0,0.0,0.0
2021-09-14 00:00:00-04:00,50.060001373291016,50.08000183105469,49.959999084472656,50.0,60300,0.0,0.0,0.0
2021-09-15 00:00:00-04:00,50.099998474121094,50.189998626708984,50.051998138427734,50.13999938964844,92600,0.0,0.0,0.0
2021-09-16 00:00:00-04:00,50.15999984741211,50.18000030517578,50.012001037597656,50.16999816894531,88900,0.0,0.0,0.0
2021-09-17 00:00:00-04:00,50.13999938964844,50.13999938964844,50.0260009765625,50.06999969482422,260000,0.0,0.0,0.0
2021-09-20 00:00:00-04:00,49.869998931884766,49.959999084472656,49.80500030517578,49.95000076293945,73300,0.0,0.0,0.0
2021-09-21 00:00:00-04:00,49.95000076293945,49.97999954223633,49.880001068115234,49.959999084472656,10600,0.0,0.0,0.0
2021-09-22 00:00:00-04:00,50.095001220703125,50.154998779296875,50.02000045776367,50.04999923706055,51500,0.0,0.0,0.0
2021-09-23 00:00:00-04:00,50.16999816894531,50.22999954223633,50.08599853515625,50.119998931884766,35300,0.0,0.0,0.0
2021-09-24 00:00:00-04:00,50.09000015258789,50.09600067138672,50.01499938964844,50.06999969482422,24400,0.0,0.0,0.0
2021-09-27 00:00:00-04:00,49.97999954223633,50.029998779296875,49.95000076293945,50.01499938964844,56000,0.0,0.0,0.0
2021-09-28 00:00:00-04:00,49.93000030517578,49.93000030517578,49.784000396728516,49.790000915527344,67100,0.0,0.0,0.0
2021-09-29 00:00:00-04:00,49.880001068115234,49.94900131225586,49.79600143432617,49.900001525878906,56500,0.0,0.0,0.0
2021-09-30 00:00:00-04:00,49.90999984741211,49.93000030517578,49.755001068115234,49.84000015258789,23100,0.0,0.0,0.0
2021-10-01 00:00:00-04:00,49.720001220703125,49.790000915527344,49.54999923706055,49.70000076293945,93600,0.0,0.0,0.0
2021-10-04 00:00:00-04:00,49.68000030517578,49.68000030517578,49.459999084472656,49.560001373291016,40800,0.0,0.0,0.0
2021-10-05 00:00:00-04:00,49.61000061035156,49.63999938964844,49.4900016784668,49.54999923706055,31000,0.0,0.0,0.0
2021-10-06 00:00:00-04:00,49.459999084472656,49.56999969482422,49.369998931884766,49.525001525878906,25300,0.0,0.0,0.0
2021-10-07 00:00:00-04:00,49.619998931884766,49.68000030517578,49.52000045776367,49.540000915527344,45700,0.0,0.0,0.0
2021-10-08 00:00:00-04:00,49.470001220703125,49.51499938964844,49.41999816894531,49.41999816894531,186100,0.0,0.0,0.0
2021-10-11 00:00:00-04:00,49.369998931884766,49.470001220703125,49.22999954223633,49.22999954223633,30000,0.0,0.0,0.0
2021-10-12 00:00:00-04:00,49.34000015258789,49.433998107910156,49.31999969482422,49.38999938964844,12200,0.0,0.0,0.0
2021-10-13 00:00:00-04:00,49.41999816894531,49.47999954223633,49.34700012207031,49.470001220703125,327900,0.0,0.0,0.0
2021-10-14 00:00:00-04:00,49.630001068115234,49.75,49.630001068115234,49.7400016784668,34100,0.0,0.0,0.0
2021-10-15 00:00:00-04:00,49.81999969482422,49.81999969482422,49.67100143432617,49.709999084472656,23500,0.0,0.0,0.0
2021-10-18 00:00:00-04:00,49.58000183105469,49.70000076293945,49.529998779296875,49.619998931884766,53600,0.0,0.0,0.0
2021-10-19 00:00:00-04:00,49.650001525878906,49.720001220703125,49.650001525878906,49.71699905395508,100400,0.0,0.0,0.0
2021-10-20 00:00:00-04:00,49.72999954223633,49.7400016784668,49.70000076293945,49.7400016784668,72600,0.0,0.0,0.0
2021-10-21 00:00:00-04:00,49.7400016784668,49.75,49.59600067138672,49.62900161743164,36000,0.0,0.0,0.0
2021-10-22 00:00:00-04:00,49.61000061035156,49.630001068115234,49.529998779296875,49.53499984741211,95600,0.0,0.0,0.0
2021-10-25 00:00:00-04:00,49.540000915527344,49.619998931884766,49.5099983215332,49.560001373291016,208300,0.0,0.0,0.0
2021-10-26 00:00:00-04:00,49.599998474121094,49.70000076293945,49.595001220703125,49.61000061035156,48700,0.0,0.0,0.0
2021-10-27 00:00:00-04:00,49.650001525878906,49.650001525878906,49.54999923706055,49.560001373291016,54600,0.0,0.0,0.0
2021-10-28 00:00:00-04:00,49.560001373291016,49.68000030517578,49.560001373291016,49.66999816894531,69900,0.0,0.0,0.0
2021-10-29 00:00:00-04:00,49.63999938964844,49.650001525878906,49.57400131225586,49.619998931884766,59300,0.0,0.0,0.0
2021-11-01 00:00:00-04:00,49.34000015258789,49.41999816894531,49.290000915527344,49.29999923706055,49300,0.0,0.0,0.0
2021-11-02 00:00:00-04:00,49.220001220703125,49.43000030517578,49.220001220703125,49.39500045776367,63400,0.0,0.0,0.0
2021-11-03 00:00:00-04:00,49.349998474121094,49.52000045776367,49.33000183105469,49.439998626708984,57600,0.0,0.0,0.0
2021-11-04 00:00:00-04:00,49.5,49.650001525878906,49.5,49.61000061035156,116100,0.0,0.0,0.0
2021-11-05 00:00:00-04:00,49.7599983215332,49.84000015258789,49.689998626708984,49.81999969482422,59200,0.0,0.0,0.0
2021-11-08 00:00:00-05:00,49.91999816894531,49.91999816894531,49.7400016784668,49.779998779296875,109400,0.0,0.0,0.0
2021-11-09 00:00:00-05:00,49.779998779296875,49.86000061035156,49.709999084472656,49.779998779296875,91100,0.0,0.0,0.0
2021-11-10 00:00:00-05:00,49.79999923706055,49.79999923706055,49.54999923706055,49.54999923706055,115500,0.0,0.0,0.0
2021-11-11 00:00:00-05:00,49.61000061035156,49.61000061035156,49.54999923706055,49.560001373291016,59900,0.0,0.0,0.0
2021-11-12 00:00:00-05:00,49.56999969482422,49.630001068115234,49.5359992980957,49.54999923706055,147300,0.0,0.0,0.0
2021-11-15 00:00:00-05:00,49.5,49.5260009765625,49.400001525878906,49.4900016784668,71300,0.0,0.0,0.0
2021-11-16 00:00:00-05:00,49.470001220703125,49.540000915527344,49.459999084472656,49.52000045776367,29600,0.0,0.0,0.0
2021-11-17 00:00:00-05:00,49.52000045776367,49.52000045776367,49.43000030517578,49.45000076293945,78300,0.0,0.0,0.0
2021-11-18 00:00:00-05:00,49.4900016784668,49.4900016784668,49.36000061035156,49.369998931884766,83900,0.0,0.0,0.0
2021-11-19 00:00:00-05:00,49.31999969482422,49.38999938964844,49.27000045776367,49.29999923706055,49700,0.0,0.0,0.0
2021-11-22 00:00:00-05:00,49.290000915527344,49.349998474121094,49.08000183105469,49.11000061035156,123300,0.0,0.0,0.0
2021-11-23 00:00:00-05:00,49.08000183105469,49.08000183105469,48.90999984741211,49.0,60000,0.0,0.0,0.0
2021-11-24 00:00:00-05:00,48.915000915527344,49.040000915527344,48.77000045776367,49.0099983215332,106200,0.0,0.0,0.0
2021-11-26 00:00:00-05:00,48.689998626708984,48.689998626708984,48.5,48.689998626708984,56900,0.0,0.0,0.0
2021-11-29 00:00:00-05:00,48.86000061035156,49.040000915527344,48.810001373291016,48.95000076293945,104000,0.0,0.0,0.0
2021-11-30 00:00:00-05:00,48.81999969482422,48.93000030517578,48.61000061035156,48.65999984741211,15400,0.0,0.0,0.0
2021-12-01 00:00:00-05:00,48.755001068115234,48.86800003051758,48.4900016784668,48.5,51000,0.0,0.0,0.0
2021-12-02 00:00:00-05:00,48.52000045776367,48.880001068115234,48.52000045776367,48.845001220703125,22100,0.0,0.0,0.0
2021-12-03 00:00:00-05:00,48.900001525878906,48.900001525878906,48.715999603271484,48.858001708984375,37600,0.0,0.0,0.0
2021-12-06 00:00:00-05:00,48.88999938964844,49.20000076293945,48.88999938964844,49.11000061035156,114900,0.0,0.0,0.0
2021-12-07 00:00:00-05:00,49.310001373291016,49.4900016784668,49.27000045776367,49.35900115966797,514000,0.0,0.0,0.0
2021-12-08 00:00:00-05:00,49.380001068115234,49.40999984741211,49.290000915527344,49.400001525878906,93800,0.0,0.0,0.0
2021-12-09 00:00:00-05:00,49.31999969482422,49.349998474121094,49.09700012207031,49.13999938964844,57100,0.0,0.0,0.0
2021-12-10 00:00:00-05:00,49.27899932861328,49.29999923706055,49.18000030517578,49.29999923706055,223500,0.0,0.0,0.0
2021-12-13 00:00:00-05:00,49.310001373291016,49.34000015258789,49.2400016784668,49.290000915527344,112600,0.0,0.0,0.0
2021-12-14 00:00:00-05:00,49.220001220703125,49.25,49.040000915527344,49.209999084472656,74900,0.0,0.0,0.0
2021-12-15 00:00:00-05:00,49.209999084472656,49.470001220703125,49.1510009765625,49.459999084472656,151900,0.0,0.0,0.0
2021-12-16 00:00:00-05:00,49.439998626708984,49.45000076293945,49.2599983215332,49.31999969482422,52600,0.0,0.0,0.0
2021-12-17 00:00:00-05:00,48.70000076293945,48.75,48.54999923706055,48.70000076293945,87500,0.0,0.0,0.0
2021-12-20 00:00:00-05:00,48.540000915527344,48.66999816894531,48.470001220703125,48.65999984741211,259700,0.0,0.0,0.0
2021-12-21 00:00:00-05:00,48.779998779296875,48.900001525878906,48.70000076293945,48.900001525878906,147200,0.0,0.0,0.0
2021-12-22 00:00:00-05:00,48.900001525878906,49.025001525878906,48.869998931884766,49.0,110100,0.0,0.0,0.0
2021-12-23 00:00:00-05:00,49.06999969482422,49.18000030517578,49.040000915527344,49.14500045776367,321200,0.0,0.0,0.0
2021-12-27 00:00:00-05:00,49.189998626708984,49.220001220703125,49.13800048828125,49.15999984741211,970000,0.0,0.0,0.0
2021-12-28 00:00:00-05:00,49.22999954223633,49.22999954223633,49.060001373291016,49.099998474121094,200500,0.0,0.0,0.0
2021-12-29 00:00:00-05:00,49.13999938964844,49.13999938964844,49.040000915527344,49.04999923706055,62300,0.0,0.0,0.0
2021-12-30 00:00:00-05:00,49.119998931884766,49.119998931884766,49.0,49.04999923706055,125800,0.0,0.0,0.0
2021-12-31 00:00:00-05:00,49.040000915527344,49.09000015258789,48.9900016784668,48.9900016784668,162100,0.0,0.0,0.0
2022-01-03 00:00:00-05:00,49.02000045776367,49.04999923706055,48.90999984741211,49.04999923706055,88800,0.0,0.0,0.0
2022-01-04 00:00:00-05:00,49.119998931884766,49.119998931884766,48.869998931884766,49.0099983215332,112600,0.0,0.0,0.0
2022-01-05 00:00:00-05:00,49.0,49.0099983215332,48.59000015258789,48.59000015258789,49200,0.0,0.0,0.0
2022-01-06 00:00:00-05:00,48.560001373291016,48.729000091552734,48.529998779296875,48.529998779296875,28900,0.0,0.0,0.0
2022-01-07 00:00:00-05:00,48.599998474121094,48.60499954223633,48.43000030517578,48.540000915527344,99000,0.0,0.0,0.0
2022-01-10 00:00:00-05:00,48.41999816894531,48.56999969482422,48.11000061035156,48.560001373291016,17100,0.0,0.0,0.0
2022-01-11 00:00:00-05:00,48.599998474121094,48.779998779296875,48.43000030517578,48.7400016784668,128700,0.0,0.0,0.0
2022-01-12 00:00:00-05:00,48.90999984741211,48.90999984741211,48.81100082397461,48.8650016784668,74500,0.0,0.0,0.0
2022-01-13 00:00:00-05:00,48.93000030517578,48.93000030517578,48.70000076293945,48.70100021362305,491400,0.0,0.0,0.0
2022-01-14 00:00:00-05:00,48.689998626708984,48.83000183105469,48.678001403808594,48.80799865722656,37600,0.0,0.0,0.0
2022-01-18 00:00:00-05:00,48.58000183105469,48.63999938964844,48.45000076293945,48.45000076293945,71700,0.0,0.0,0.0
2022-01-19 00:00:00-05:00,48.529998779296875,48.67900085449219,48.400001525878906,48.400001525878906,89800,0.0,0.0,0.0
2022-01-20 00:00:00-05:00,48.58000183105469,48.72999954223633,48.349998474121094,48.349998474121094,26400,0.0,0.0,0.0
2022-01-21 00:00:00-05:00,48.349998474121094,48.41999816894531,48.284000396728516,48.334999084472656,53100,0.0,0.0,0.0
2022-01-24 00:00:00-05:00,48.18000030517578,48.36000061035156,47.83700180053711,48.36000061035156,202000,0.0,0.0,0.0
2022-01-25 00:00:00-05:00,48.13999938964844,48.27000045776367,47.95000076293945,48.084999084472656,56500,0.0,0.0,0.0
2022-01-26 00:00:00-05:00,48.310001373291016,48.439998626708984,47.849998474121094,47.849998474121094,170800,0.0,0.0,0.0
2022-01-27 00:00:00-05:00,48.040000915527344,48.150001525878906,47.630001068115234,47.779998779296875,104700,0.0,0.0,0.0
2022-01-28 00:00:00-05:00,47.63999938964844,47.900001525878906,47.44499969482422,47.900001525878906,49800,0.0,0.0,0.0
2022-01-31 00:00:00-05:00,47.790000915527344,47.959999084472656,47.60499954223633,47.95600128173828,76000,0.0,0.0,0.0
2022-02-01 00:00:00-05:00,47.79999923706055,47.900001525878906,47.66699981689453,47.88999938964844,145600,0.0,0.0,0.0
2022-02-02 00:00:00-05:00,47.95000076293945,47.97999954223633,47.72999954223633,47.97999954223633,56600,0.0,0.0,0.0
2022-02-03 00:00:00-05:00,47.72999954223633,47.72999954223633,47.45000076293945,47.46699905395508,106700,0.0,0.0,0.0
2022-02-04 00:00:00-05:00,47.209999084472656,47.41999816894531,47.02000045776367,47.29999923706055,64100,0.0,0.0,0.0
2022-02-07 00:00:00-05:00,47.150001525878906,47.38800048828125,47.150001525878906,47.209999084472656,37900,0.0,0.0,0.0
2022-02-08 00:00:00-05:00,47.29600143432617,47.36000061035156,47.16999816894531,47.220001220703125,76000,0.0,0.0,0.0
2022-02-09 00:00:00-05:00,47.369998931884766,47.52299880981445,47.369998931884766,47.43000030517578,164000,0.0,0.0,0.0
2022-02-10 00:00:00-05:00,47.099998474121094,47.34000015258789,46.75199890136719,46.8120002746582,267800,0.0,0.0,0.0
2022-02-11 00:00:00-05:00,46.900001525878906,46.92599868774414,46.5099983215332,46.540000915527344,194600,0.0,0.0,0.0
2022-02-14 00:00:00-05:00,46.540000915527344,46.63999938964844,46.380001068115234,46.56999969482422,584600,0.0,0.0,0.0
2022-02-15 00:00:00-05:00,46.650001525878906,46.66999816894531,46.5099983215332,46.58000183105469,57000,0.0,0.0,0.0
2022-02-16 00:00:00-05:00,46.52000045776367,47.099998474121094,46.48699951171875,46.880001068115234,153700,0.0,0.0,0.0
2022-02-17 00:00:00-05:00,46.70000076293945,46.775001525878906,46.59600067138672,46.619998931884766,155800,0.0,0.0,0.0
2022-02-18 00:00:00-05:00,46.650001525878906,46.720001220703125,46.540000915527344,46.709999084472656,103500,0.0,0.0,0.0
2022-02-22 00:00:00-05:00,46.65999984741211,46.749000549316406,46.47999954223633,46.47999954223633,61300,0.0,0.0,0.0
2022-02-23 00:00:00-05:00,46.58000183105469,46.65999984741211,46.470001220703125,46.47999954223633,39500,0.0,0.0,0.0
2022-02-24 00:00:00-05:00,46.0,46.81999969482422,46.0,46.81999969482422,85700,0.0,0.0,0.0
2022-02-25 00:00:00-05:00,46.900001525878906,47.060001373291016,46.86000061035156,47.040000915527344,667800,0.0,0.0,0.0
2022-02-28 00:00:00-05:00,46.790000915527344,47.189998626708984,46.790000915527344,47.09000015258789,178200,0.0,0.0,0.0
2022-03-01 00:00:00-05:00,47.040000915527344,47.040000915527344,46.625,46.720001220703125,488100,0.0,0.0,0.0
2022-03-02 00:00:00-05:00,46.68000030517578,46.90999984741211,46.630001068115234,46.88999938964844,490700,0.0,0.0,0.0
2022-03-03 00:00:00-05:00,47.04999923706055,47.04999923706055,46.70000076293945,46.77000045776367,97300,0.0,0.0,0.0
2022-03-04 00:00:00-05:00,46.63999938964844,46.720001220703125,45.54999923706055,46.349998474121094,342700,0.0,0.0,0.0
2022-03-07 00:00:00-05:00,46.27000045776367,46.29999923706055,45.880001068115234,45.93000030517578,192100,0.0,0.0,0.0
2022-03-08 00:00:00-05:00,46.060001373291016,46.130001068115234,45.84000015258789,45.84000015258789,291900,0.0,0.0,0.0
2022-03-09 00:00:00-05:00,46.099998474121094,46.22999954223633,46.040000915527344,46.220001220703125,54200,0.0,0.0,0.0
2022-03-10 00:00:00-05:00,45.939998626708984,45.970001220703125,45.77000045776367,45.81999969482422,209400,0.0,0.0,0.0
2022-03-11 00:00:00-05:00,45.849998474121094,45.869998931884766,45.415000915527344,45.45000076293945,120200,0.0,0.0,0.0
2022-03-14 00:00:00-04:00,45.369998931884766,45.369998931884766,44.8849983215332,44.95000076293945,92000,0.0,0.0,0.0
2022-03-15 00:00:00-04:00,45.029998779296875,45.43000030517578,45.029998779296875,45.290000915527344,118500,0.0,0.0,0.0
2022-03-16 00:00:00-04:00,45.540000915527344,45.970001220703125,45.29499816894531,45.95000076293945,212200,0.0,0.0,0.0
2022-03-17 00:00:00-04:00,46.029998779296875,46.25,46.02000045776367,46.220001220703125,134900,0.0,0.0,0.0
2022-03-18 00:00:00-04:00,46.189998626708984,46.41999816894531,46.099998474121094,46.369998931884766,166600,0.0,0.0,0.0
2022-03-21 00:00:00-04:00,46.349998474121094,46.400001525878906,45.810001373291016,45.939998626708984,156800,0.0,0.0,0.0
2022-03-22 00:00:00-04:00,45.95000076293945,46.189998626708984,45.85499954223633,46.189998626708984,106600,0.0,0.0,0.0
2022-03-23 00:00:00-04:00,46.09000015258789,46.150001525878906,45.93000030517578,45.970001220703125,379700,0.0,0.0,0.0
2022-03-24 00:00:00-04:00,46.0099983215332,46.119998931884766,45.849998474121094,46.09000015258789,133900,0.0,0.0,0.0
2022-03-25 00:00:00-04:00,46.099998474121094,46.099998474121094,45.75,45.779998779296875,243400,0.0,0.0,0.0
2022-03-28 00:00:00-04:00,45.72999954223633,46.04999923706055,45.72999954223633,46.03499984741211,187500,0.0,0.0,0.0
2022-03-29 00:00:00-04:00,46.33000183105469,46.61899948120117,46.279998779296875,46.58000183105469,257800,0.0,0.0,0.0
2022-03-30 00:00:00-04:00,46.58000183105469,46.58000183105469,46.43000030517578,46.45000076293945,167800,0.0,0.0,0.0
2022-03-31 00:00:00-04:00,46.529998779296875,46.529998779296875,46.31999969482422,46.31999969482422,58100,0.0,0.0,0.0
2022-04-01 00:00:00-04:00,46.08000183105469,46.20000076293945,45.959999084472656,46.16999816894531,154700,0.0,0.0,0.0
2022-04-04 00:00:00-04:00,46.189998626708984,46.52000045776367,46.189998626708984,46.52000045776367,77900,0.0,0.0,0.0
2022-04-05 00:00:00-04:00,46.470001220703125,46.470001220703125,45.90999984741211,45.91999816894531,125600,0.0,0.0,0.0
2022-04-06 00:00:00-04:00,45.58000183105469,45.86000061035156,45.40299987792969,45.599998474121094,147400,0.0,0.0,0.0
2022-04-07 00:00:00-04:00,45.619998931884766,45.630001068115234,45.470001220703125,45.5,93500,0.0,0.0,0.0
2022-04-08 00:00:00-04:00,45.2599983215332,45.46500015258789,45.20000076293945,45.20000076293945,87000,0.0,0.0,0.0
2022-04-11 00:00:00-04:00,45.06999969482422,45.06999969482422,44.869998931884766,44.880001068115234,60500,0.0,0.0,0.0
2022-04-12 00:00:00-04:00,45.18000030517578,45.40999984741211,45.060001373291016,45.2400016784668,136000,0.0,0.0,0.0
2022-04-13 00:00:00-04:00,45.31999969482422,45.54999923706055,45.29999923706055,45.54999923706055,233900,0.0,0.0,0.0
2022-04-14 00:00:00-04:00,45.540000915527344,45.54999923706055,45.08000183105469,45.18000030517578,114900,0.0,0.0,0.0
2022-04-18 00:00:00-04:00,45.13999938964844,45.220001220703125,45.06999969482422,45.130001068115234,110200,0.0,0.0,0.0
2022-04-19 00:00:00-04:00,45.04999923706055,45.20000076293945,45.0,45.150001525878906,321900,0.0,0.0,0.0
2022-04-20 00:00:00-04:00,45.20000076293945,45.303001403808594,45.10599899291992,45.209999084472656,74500,0.0,0.0,0.0
2022-04-21 00:00:00-04:00,45.33000183105469,45.380001068115234,44.869998931884766,44.88999938964844,139700,0.0,0.0,0.0
2022-04-22 00:00:00-04:00,44.900001525878906,44.900001525878906,44.619998931884766,44.68000030517578,434800,0.0,0.0,0.0
2022-04-25 00:00:00-04:00,44.70000076293945,45.08000183105469,44.68000030517578,45.08000183105469,122100,0.0,0.0,0.0
2022-04-26 00:00:00-04:00,45.0099983215332,45.0099983215332,44.709999084472656,44.709999084472656,128900,0.0,0.0,0.0
2022-04-27 00:00:00-04:00,44.77000045776367,44.83000183105469,44.41999816894531,44.4900016784668,137300,0.0,0.0,0.0
2022-04-28 00:00:00-04:00,44.56999969482422,44.77000045776367,44.404998779296875,44.77000045776367,72300,0.0,0.0,0.0
2022-04-29 00:00:00-04:00,44.4900016784668,44.560001373291016,44.06999969482422,44.099998474121094,85600,0.0,0.0,0.0
2022-05-02 00:00:00-04:00,43.900001525878906,43.900001525878906,43.61000061035156,43.880001068115234,92600,0.0,0.0,0.0
2022-05-03 00:00:00-04:00,43.91999816894531,44.15999984741211,43.86000061035156,44.029998779296875,126800,0.0,0.0,0.0
2022-05-04 00:00:00-04:00,44.040000915527344,44.630001068115234,43.77000045776367,44.5,121200,0.0,0.0,0.0
2022-05-05 00:00:00-04:00,44.2400016784668,44.2400016784668,43.525001525878906,43.650001525878906,83600,0.0,0.0,0.0
2022-05-06 00:00:00-04:00,43.4900016784668,43.599998474121094,43.279998779296875,43.41999816894531,121500,0.0,0.0,0.0
2022-05-09 00:00:00-04:00,43.13999938964844,43.18000030517578,42.84000015258789,42.880001068115234,143100,0.0,0.0,0.0
2022-05-10 00:00:00-04:00,43.20000076293945,43.220001220703125,42.83000183105469,42.97999954223633,99800,0.0,0.0,0.0
2022-05-11 00:00:00-04:00,42.91999816894531,43.20000076293945,42.70000076293945,42.720001220703125,334600,0.0,0.0,0.0
2022-05-12 00:00:00-04:00,42.63999938964844,42.82899856567383,42.393001556396484,42.566001892089844,94500,0.0,0.0,0.0
2022-05-13 00:00:00-04:00,42.77000045776367,42.77000045776367,42.40999984741211,42.630001068115234,92000,0.0,0.0,0.0
2022-05-16 00:00:00-04:00,42.689998626708984,42.689998626708984,42.47999954223633,42.5,108100,0.0,0.0,0.0
2022-05-17 00:00:00-04:00,42.650001525878906,42.650001525878906,42.439998626708984,42.5099983215332,162200,0.0,0.0,0.0
2022-05-18 00:00:00-04:00,42.27000045776367,42.270999908447266,42.09000015258789,42.099998474121094,141200,0.0,0.0,0.0
2022-05-19 00:00:00-04:00,42.08000183105469,42.47999954223633,42.08000183105469,42.43000030517578,182900,0.0,0.0,0.0
2022-05-20 00:00:00-04:00,42.56999969482422,42.56999969482422,42.13999938964844,42.34000015258789,68300,0.0,0.0,0.0
2022-05-23 00:00:00-04:00,42.41999816894531,42.4900016784668,42.349998474121094,42.40999984741211,362100,0.0,0.0,0.0
2022-05-24 00:00:00-04:00,42.310001373291016,42.689998626708984,42.29999923706055,42.65999984741211,169400,0.0,0.0,0.0
2022-05-25 00:00:00-04:00,42.70000076293945,43.31999969482422,42.70000076293945,43.290000915527344,194500,0.0,0.0,0.0
2022-05-26 00:00:00-04:00,43.47999954223633,43.90999984741211,43.45000076293945,43.88999938964844,190900,0.0,0.0,0.0
2022-05-27 00:00:00-04:00,44.150001525878906,44.40999984741211,44.00699996948242,44.40999984741211,293300,0.0,0.0,0.0
2022-05-31 00:00:00-04:00,44.2400016784668,44.5099983215332,43.939998626708984,44.04999923706055,352800,0.0,0.0,0.0
2022-06-01 00:00:00-04:00,43.900001525878906,43.91999816894531,43.599998474121094,43.689998626708984,106500,0.0,0.0,0.0
2022-06-02 00:00:00-04:00,43.66999816894531,43.95000076293945,43.6349983215332,43.93000030517578,93400,0.0,0.0,0.0
2022-06-03 00:00:00-04:00,43.720001220703125,43.75,43.50400161743164,43.75,104800,0.0,0.0,0.0
2022-06-06 00:00:00-04:00,43.689998626708984,43.689998626708984,43.2400016784668,43.279998779296875,159200,0.0,0.0,0.0
2022-06-07 00:00:00-04:00,43.15999984741211,43.439998626708984,43.15999984741211,43.43000030517578,250000,0.0,0.0,0.0
2022-06-08 00:00:00-04:00,43.310001373291016,43.310001373291016,42.939998626708984,42.9900016784668,218500,0.0,0.0,0.0
2022-06-09 00:00:00-04:00,42.88999938964844,42.939998626708984,42.595001220703125,42.650001525878906,240500,0.0,0.0,0.0
2022-06-10 00:00:00-04:00,42.20000076293945,42.20000076293945,41.68000030517578,41.880001068115234,93300,0.0,0.0,0.0
2022-06-13 00:00:00-04:00,41.25,41.2599983215332,40.14400100708008,40.59000015258789,432600,0.0,0.0,0.0
2022-06-14 00:00:00-04:00,40.81999969482422,41.099998474121094,40.5,40.84000015258789,119600,0.0,0.0,0.0
2022-06-15 00:00:00-04:00,41.220001220703125,41.689998626708984,41.0,41.5,184400,0.0,0.0,0.0
2022-06-16 00:00:00-04:00,40.91999816894531,41.0099983215332,40.459999084472656,40.79999923706055,135500,0.0,0.0,0.0
2022-06-17 00:00:00-04:00,40.95000076293945,41.255001068115234,40.790000915527344,40.939998626708984,221100,0.0,0.0,0.0
2022-06-21 00:00:00-04:00,41.22999954223633,41.2599983215332,40.81999969482422,40.86000061035156,137800,0.0,0.0,0.0
2022-06-22 00:00:00-04:00,40.84000015258789,41.02000045776367,40.78900146484375,40.83000183105469,106800,0.0,0.0,0.0
2022-06-23 00:00:00-04:00,40.93000030517578,41.167999267578125,40.93000030517578,41.150001525878906,105200,0.0,0.0,0.0
2022-06-24 00:00:00-04:00,41.150001525878906,41.599998474121094,41.150001525878906,41.31999969482422,211500,0.0,0.0,0.0
2022-06-27 00:00:00-04:00,41.380001068115234,41.380001068115234,41.150001525878906,41.154998779296875,318000,0.0,0.0,0.0
2022-06-28 00:00:00-04:00,41.189998626708984,41.189998626708984,40.56999969482422,40.61000061035156,324200,0.0,0.0,0.0
2022-06-29 00:00:00-04:00,40.5099983215332,40.540000915527344,40.38999938964844,40.5,395400,0.0,0.0,0.0
2022-06-30 00:00:00-04:00,40.349998474121094,40.4900016784668,40.209999084472656,40.38999938964844,120000,0.0,0.0,0.0
2022-07-01 00:00:00-04:00,40.220001220703125,40.599998474121094,40.189998626708984,40.40999984741211,172000,0.0,0.0,0.0
2022-07-05 00:00:00-04:00,40.22999954223633,40.33000183105469,39.88999938964844,40.310001373291016,211500,0.0,0.0,0.0
2022-07-06 00:00:00-04:00,40.22999954223633,40.34000015258789,40.04999923706055,40.130001068115234,302200,0.0,0.0,0.0
2022-07-07 00:00:00-04:00,40.36000061035156,40.84000015258789,40.34000015258789,40.75,142500,0.0,0.0,0.0
2022-07-08 00:00:00-04:00,40.61000061035156,40.810001373291016,40.5099983215332,40.790000915527344,431100,0.0,0.0,0.0
2022-07-11 00:00:00-04:00,40.83000183105469,40.83000183105469,40.5,40.560001373291016,140700,0.0,0.0,0.0
2022-07-12 00:00:00-04:00,40.630001068115234,40.81999969482422,40.56999969482422,40.72999954223633,108900,0.0,0.0,0.0
2022-07-13 00:00:00-04:00,40.22999954223633,40.7599983215332,40.22999954223633,40.630001068115234,94600,0.0,0.0,0.0
2022-07-14 00:00:00-04:00,40.119998931884766,40.619998931884766,40.0099983215332,40.599998474121094,113900,0.0,0.0,0.0
2022-07-15 00:00:00-04:00,40.7599983215332,41.060001373291016,40.720001220703125,41.060001373291016,97300,0.0,0.0,0.0
2022-07-18 00:00:00-04:00,41.220001220703125,41.220001220703125,40.540000915527344,40.58000183105469,97200,0.0,0.0,0.0
2022-07-19 00:00:00-04:00,40.81999969482422,41.31999969482422,40.81999969482422,41.24700164794922,51300,0.0,0.0,0.0
2022-07-20 00:00:00-04:00,41.310001373291016,41.77000045776367,41.310001373291016,41.40999984741211,164500,0.0,0.0,0.0
2022-07-21 00:00:00-04:00,41.36000061035156,42.06999969482422,41.36000061035156,42.040000915527344,1394600,0.0,0.0,0.0
2022-07-22 00:00:00-04:00,42.130001068115234,42.290000915527344,41.779998779296875,41.91999816894531,158100,0.0,0.0,0.0
2022-07-25 00:00:00-04:00,41.97999954223633,42.06999969482422,41.7599983215332,41.90999984741211,261200,0.0,0.0,0.0
2022-07-26 00:00:00-04:00,41.79999923706055,41.82899856567383,41.63999938964844,41.63999938964844,110100,0.0,0.0,0.0
2022-07-27 00:00:00-04:00,41.810001373291016,42.209999084472656,41.810001373291016,42.099998474121094,78000,0.0,0.0,0.0
2022-07-28 00:00:00-04:00,42.220001220703125,42.619998931884766,42.20000076293945,42.59000015258789,294300,0.0,0.0,0.0
2022-07-29 00:00:00-04:00,42.65999984741211,42.7599983215332,42.59000015258789,42.654998779296875,588500,0.0,0.0,0.0
2022-08-01 00:00:00-04:00,42.310001373291016,42.4900016784668,42.22999954223633,42.39500045776367,503100,0.0,0.0,0.0
2022-08-02 00:00:00-04:00,42.369998931884766,42.400001525878906,42.2599983215332,42.29999923706055,75800,0.0,0.0,0.0
2022-08-03 00:00:00-04:00,42.459999084472656,42.689998626708984,42.31999969482422,42.63999938964844,240300,0.0,0.0,0.0
2022-08-04 00:00:00-04:00,42.720001220703125,42.83000183105469,42.63999938964844,42.83000183105469,284400,0.0,0.0,0.0
2022-08-05 00:00:00-04:00,42.47999954223633,42.75,42.290000915527344,42.70000076293945,445100,0.0,0.0,0.0
2022-08-08 00:00:00-04:00,42.880001068115234,43.04999923706055,42.720001220703125,42.7400016784668,172000,0.0,0.0,0.0
2022-08-09 00:00:00-04:00,42.689998626708984,42.689998626708984,42.51499938964844,42.52000045776367,83800,0.0,0.0,0.0
2022-08-10 00:00:00-04:00,43.02000045776367,43.20000076293945,42.970001220703125,43.11000061035156,420800,0.0,0.0,0.0
2022-08-11 00:00:00-04:00,43.459999084472656,43.560001373291016,42.90999984741211,42.95000076293945,304600,0.0,0.0,0.0
2022-08-12 00:00:00-04:00,43.130001068115234,43.43000030517578,43.099998474121094,43.43000030517578,113400,0.0,0.0,0.0
2022-08-15 00:00:00-04:00,43.34000015258789,43.439998626708984,43.2599983215332,43.36000061035156,445500,0.0,0.0,0.0
2022-08-16 00:00:00-04:00,43.279998779296875,43.279998779296875,43.08000183105469,43.150001525878906,166900,0.0,0.0,0.0
2022-08-17 00:00:00-04:00,42.86000061035156,42.970001220703125,42.7400016784668,42.77000045776367,157500,0.0,0.0,0.0
2022-08-18 00:00:00-04:00,42.810001373291016,42.880001068115234,42.790000915527344,42.83000183105469,93900,0.0,0.0,0.0
2022-08-19 00:00:00-04:00,42.630001068115234,42.630001068115234,42.33000183105469,42.38999938964844,169200,0.0,0.0,0.0
2022-08-22 00:00:00-04:00,42.119998931884766,42.119998931884766,41.8650016784668,41.939998626708984,352800,0.0,0.0,0.0
2022-08-23 00:00:00-04:00,41.93000030517578,42.09000015258789,41.83000183105469,41.9900016784668,133300,0.0,0.0,0.0
2022-08-24 00:00:00-04:00,42.0099983215332,42.09000015258789,41.952999114990234,42.02000045776367,93300,0.0,0.0,0.0
2022-08-25 00:00:00-04:00,42.130001068115234,42.380001068115234,42.09000015258789,42.375,78800,0.0,0.0,0.0
2022-08-26 00:00:00-04:00,42.38999938964844,42.40999984741211,41.678001403808594,41.68000030517578,87000,0.0,0.0,0.0
2022-08-29 00:00:00-04:00,41.4900016784668,41.689998626708984,41.43000030517578,41.560001373291016,210800,0.0,0.0,0.0
2022-08-30 00:00:00-04:00,41.59000015258789,41.59000015258789,41.06999969482422,41.26499938964844,254600,0.0,0.0,0.0
2022-08-31 00:00:00-04:00,41.33000183105469,41.34199905395508,40.790000915527344,40.97999954223633,1197700,0.0,0.0,0.0
2022-09-01 00:00:00-04:00,40.68000030517578,40.869998931884766,40.459999084472656,40.84000015258789,247400,0.0,0.0,0.0
2022-09-02 00:00:00-04:00,41.06999969482422,41.19499969482422,40.68000030517578,40.75,114400,0.0,0.0,0.0
2022-09-06 00:00:00-04:00,40.75,40.77000045776367,40.540000915527344,40.689998626708984,218100,0.0,0.0,0.0
2022-09-07 00:00:00-04:00,40.720001220703125,41.2400016784668,40.720001220703125,41.2400016784668,180000,0.0,0.0,0.0
2022-09-08 00:00:00-04:00,41.040000915527344,41.36000061035156,41.029998779296875,41.36000061035156,65300,0.0,0.0,0.0
2022-09-09 00:00:00-04:00,41.599998474121094,41.709999084472656,41.39099884033203,41.470001220703125,249500,0.0,0.0,0.0
2022-09-12 00:00:00-04:00,41.68000030517578,41.7400016784668,41.505001068115234,41.66999816894531,202100,0.0,0.0,0.0
2022-09-13 00:00:00-04:00,41.13999938964844,41.13999938964844,40.72999954223633,40.72999954223633,41600,0.0,0.0,0.0
2022-09-14 00:00:00-04:00,40.7599983215332,41.04999923706055,40.720001220703125,40.75,268800,0.0,0.0,0.0
2022-09-15 00:00:00-04:00,40.66999816894531,40.7400016784668,40.494998931884766,40.5099983215332,133700,0.0,0.0,0.0
2022-09-16 00:00:00-04:00,40.22999954223633,40.59400177001953,40.189998626708984,40.59000015258789,187200,0.0,0.0,0.0
2022-09-19 00:00:00-04:00,40.439998626708984,40.79999923706055,40.439998626708984,40.7599983215332,451800,0.0,0.0,0.0
2022-09-20 00:00:00-04:00,40.529998779296875,40.529998779296875,40.345001220703125,40.380001068115234,139500,0.0,0.0,0.0
2022-09-21 00:00:00-04:00,40.459999084472656,40.630001068115234,40.08000183105469,40.29999923706055,561200,0.0,0.0,0.0
2022-09-22 00:00:00-04:00,40.119998931884766,40.16999816894531,39.93000030517578,40.06999969482422,175700,0.0,0.0,0.0
2022-09-23 00:00:00-04:00,39.72999954223633,39.810001373291016,39.4010009765625,39.5099983215332,142400,0.0,0.0,0.0
2022-09-26 00:00:00-04:00,39.400001525878906,39.5099983215332,39.0099983215332,39.040000915527344,176100,0.0,0.0,0.0
2022-09-27 00:00:00-04:00,39.36000061035156,39.369998931884766,38.88999938964844,39.0,121900,0.0,0.0,0.0
2022-09-28 00:00:00-04:00,39.16999816894531,39.59000015258789,39.13999938964844,39.5099983215332,784600,0.0,0.0,0.0
2022-09-29 00:00:00-04:00,39.31999969482422,39.349998474121094,39.040000915527344,39.27000045776367,181300,0.0,0.0,0.0
2022-09-30 00:00:00-04:00,39.290000915527344,39.54999923706055,39.04999923706055,39.09000015258789,174400,0.0,0.0,0.0
2022-10-03 00:00:00-04:00,39.04999923706055,39.2599983215332,39.029998779296875,39.2599983215332,256000,0.0,0.0,0.0
2022-10-04 00:00:00-04:00,39.63999938964844,39.959999084472656,39.63999938964844,39.95000076293945,409700,0.0,0.0,0.0
2022-10-05 00:00:00-04:00,39.720001220703125,39.97999954223633,39.560001373291016,39.95000076293945,105900,0.0,0.0,0.0
2022-10-06 00:00:00-04:00,39.880001068115234,40.0,39.7599983215332,39.779998779296875,111700,0.0,0.0,0.0
2022-10-07 00:00:00-04:00,39.599998474121094,39.68000030517578,39.31999969482422,39.380001068115234,173000,0.0,0.0,0.0
2022-10-10 00:00:00-04:00,39.45000076293945,39.45000076293945,38.689998626708984,38.86000061035156,430700,0.0,0.0,0.0
2022-10-11 00:00:00-04:00,39.04999923706055,39.31999969482422,38.95000076293945,39.02000045776367,48400,0.0,0.0,0.0
2022-10-12 00:00:00-04:00,39.119998931884766,39.18000030517578,39.02000045776367,39.060001373291016,66200,0.0,0.0,0.0
2022-10-13 00:00:00-04:00,38.43000030517578,39.20500183105469,38.43000030517578,39.099998474121094,70200,0.0,0.0,0.0
2022-10-14 00:00:00-04:00,39.310001373291016,39.34000015258789,38.849998474121094,38.93000030517578,67800,0.0,0.0,0.0
2022-10-17 00:00:00-04:00,39.31999969482422,39.5,39.310001373291016,39.459999084472656,118000,0.0,0.0,0.0
2022-10-18 00:00:00-04:00,39.84000015258789,39.93000030517578,39.54999923706055,39.72999954223633,226000,0.0,0.0,0.0
2022-10-19 00:00:00-04:00,39.52000045776367,39.619998931884766,39.34000015258789,39.41999816894531,225600,0.0,0.0,0.0
2022-10-20 00:00:00-04:00,39.439998626708984,39.6619987487793,39.11000061035156,39.209999084472656,300200,0.0,0.0,0.0
2022-10-21 00:00:00-04:00,39.20000076293945,39.650001525878906,39.165000915527344,39.56999969482422,75500,0.0,0.0,0.0
2022-10-24 00:00:00-04:00,39.650001525878906,39.75,39.45100021362305,39.65999984741211,154300,0.0,0.0,0.0
2022-10-25 00:00:00-04:00,39.7599983215332,40.04999923706055,39.7599983215332,40.0,80000,0.0,0.0,0.0
2022-10-26 00:00:00-04:00,39.91999816894531,40.25,39.880001068115234,40.040000915527344,118900,0.0,0.0,0.0
2022-10-27 00:00:00-04:00,40.18000030517578,40.470001220703125,40.11000061035156,40.36000061035156,110900,0.0,0.0,0.0
2022-10-28 00:00:00-04:00,40.400001525878906,40.757999420166016,40.400001525878906,40.709999084472656,83600,0.0,0.0,0.0
2022-10-31 00:00:00-04:00,40.5,40.5,40.11000061035156,40.16999816894531,166800,0.0,0.0,0.0
2022-11-01 00:00:00-04:00,40.22999954223633,40.22999954223633,39.900001525878906,40.06999969482422,97100,0.0,0.0,0.0
2022-11-02 00:00:00-04:00,40.099998474121094,40.47999954223633,39.70500183105469,39.70500183105469,71500,0.0,0.0,0.0
2022-11-03 00:00:00-04:00,39.31999969482422,39.61000061035156,39.130001068115234,39.54999923706055,178500,0.0,0.0,0.0
2022-11-04 00:00:00-04:00,39.779998779296875,39.85100173950195,39.44499969482422,39.689998626708984,114700,0.0,0.0,0.0
2022-11-07 00:00:00-05:00,39.7599983215332,39.790000915527344,39.599998474121094,39.70000076293945,71100,0.0,0.0,0.0
2022-11-08 00:00:00-05:00,39.790000915527344,39.81999969482422,39.560001373291016,39.685001373291016,227900,0.0,0.0,0.0
2022-11-09 00:00:00-05:00,39.58000183105469,39.599998474121094,39.13999938964844,39.20000076293945,266700,0.0,0.0,0.0
2022-11-10 00:00:00-05:00,40.220001220703125,40.36000061035156,39.97999954223633,40.36000061035156,183500,0.0,0.0,0.0
2022-11-11 00:00:00-05:00,40.290000915527344,40.56999969482422,40.16999816894531,40.45000076293945,90900,0.0,0.0,0.0
2022-11-14 00:00:00-05:00,40.34000015258789,40.34000015258789,40.099998474121094,40.130001068115234,172700,0.0,0.0,0.0
2022-11-15 00:00:00-05:00,40.599998474121094,40.61000061035156,40.28799819946289,40.540000915527344,129400,0.0,0.0,0.0
2022-11-16 00:00:00-05:00,40.540000915527344,40.56999969482422,40.459999084472656,40.52000045776367,207800,0.0,0.0,0.0
2022-11-17 00:00:00-05:00,40.119998931884766,40.38100051879883,39.959999084472656,40.36000061035156,129400,0.0,0.0,0.0
2022-11-18 00:00:00-05:00,40.52000045776367,40.52000045776367,40.31999969482422,40.439998626708984,210100,0.0,0.0,0.0
2022-11-21 00:00:00-05:00,40.400001525878906,40.540000915527344,40.34000015258789,40.38999938964844,188800,0.0,0.0,0.0
2022-11-22 00:00:00-05:00,40.5099983215332,40.709999084472656,40.459999084472656,40.70000076293945,127800,0.0,0.0,0.0
2022-11-23 00:00:00-05:00,40.66999816894531,41.06999969482422,40.66999816894531,41.005001068115234,198600,0.0,0.0,0.0
2022-11-25 00:00:00-05:00,40.93000030517578,40.970001220703125,40.81999969482422,40.84000015258789,45800,0.0,0.0,0.0
2022-11-28 00:00:00-05:00,40.720001220703125,40.779998779296875,40.422000885009766,40.439998626708984,144000,0.0,0.0,0.0
2022-11-29 00:00:00-05:00,40.369998931884766,40.625,40.36000061035156,40.599998474121094,269400,0.0,0.0,0.0
2022-11-30 00:00:00-05:00,40.61000061035156,41.189998626708984,40.4900016784668,41.15999984741211,154900,0.0,0.0,0.0
2022-12-01 00:00:00-05:00,41.029998779296875,41.08000183105469,40.79999923706055,41.0099983215332,91500,0.0,0.0,0.0
2022-12-02 00:00:00-05:00,40.68000030517578,41.029998779296875,40.68000030517578,41.02000045776367,157000,0.0,0.0,0.0
2022-12-05 00:00:00-05:00,40.869998931884766,40.869998931884766,40.494998931884766,40.63999938964844,448300,0.0,0.0,0.0
2022-12-06 00:00:00-05:00,40.65999984741211,40.709999084472656,40.439998626708984,40.470001220703125,205300,0.0,0.0,0.0
2022-12-07 00:00:00-05:00,40.52000045776367,40.709999084472656,40.52000045776367,40.689998626708984,137000,0.0,0.0,0.0
2022-12-08 00:00:00-05:00,40.75,40.76499938964844,40.58000183105469,40.650001525878906,262800,0.0,0.0,0.0
2022-12-09 00:00:00-05:00,40.599998474121094,40.86000061035156,40.599998474121094,40.72999954223633,237300,0.0,0.0,0.0
2022-12-12 00:00:00-05:00,40.810001373291016,40.880001068115234,40.72999954223633,40.81999969482422,226700,0.0,0.0,0.0
2022-12-13 00:00:00-05:00,41.5099983215332,41.52199935913086,41.06999969482422,41.31999969482422,291100,0.0,0.0,0.0
2022-12-14 00:00:00-05:00,41.310001373291016,41.38999938964844,40.900001525878906,41.130001068115234,242800,0.0,0.0,0.0
2022-12-15 00:00:00-05:00,40.93000030517578,41.060001373291016,40.790000915527344,40.970001220703125,132000,0.0,0.0,0.0
2022-12-16 00:00:00-05:00,40.470001220703125,40.56999969482422,40.380001068115234,40.470001220703125,237400,0.0,0.0,0.0
2022-12-19 00:00:00-05:00,40.349998474121094,40.380001068115234,40.18000030517578,40.2400016784668,485400,0.0,0.0,0.0
2022-12-20 00:00:00-05:00,40.02000045776367,40.25,40.0099983215332,40.150001525878906,179300,0.0,0.0,0.0
2022-12-21 00:00:00-05:00,40.29999923706055,40.54999923706055,40.29999923706055,40.43000030517578,371300,0.0,0.0,0.0
2022-12-22 00:00:00-05:00,40.279998779296875,40.31999969482422,40.04999923706055,40.20000076293945,328200,0.0,0.0,0.0
2022-12-23 00:00:00-05:00,40.15999984741211,40.36000061035156,40.08000183105469,40.34000015258789,232400,0.0,0.0,0.0
2022-12-27 00:00:00-05:00,40.29999923706055,40.29999923706055,39.880001068115234,39.90999984741211,951000,0.0,0.0,0.0
2022-12-28 00:00:00-05:00,39.9900016784668,39.9900016784668,39.2599983215332,39.2599983215332,1568700,0.0,0.0,0.0
2022-12-29 00:00:00-05:00,39.33000183105469,40.11000061035156,38.790000915527344,39.939998626708984,422600,0.0,0.0,0.0
2022-12-30 00:00:00-05:00,39.77000045776367,40.029998779296875,39.7400016784668,39.849998474121094,467700,0.0,0.0,0.0
2023-01-03 00:00:00-05:00,40.130001068115234,40.189998626708984,39.87699890136719,39.93000030517578,91000,0.0,0.0,0.0
2023-01-04 00:00:00-05:00,40.22999954223633,40.459999084472656,40.06999969482422,40.43000030517578,92100,0.0,0.0,0.0
2023-01-05 00:00:00-05:00,40.27000045776367,40.43000030517578,40.220001220703125,40.3650016784668,140100,0.0,0.0,0.0
2023-01-06 00:00:00-05:00,40.560001373291016,41.060001373291016,40.5,40.95000076293945,360800,0.0,0.0,0.0
2023-01-09 00:00:00-05:00,41.040000915527344,41.310001373291016,41.040000915527344,41.13999938964844,193500,0.0,0.0,0.0
2023-01-10 00:00:00-05:00,41.13999938964844,41.220001220703125,41.04499816894531,41.130001068115234,199000,0.0,0.0,0.0
2023-01-11 00:00:00-05:00,41.290000915527344,41.43000030517578,41.25,41.43000030517578,77000,0.0,0.0,0.0
2023-01-12 00:00:00-05:00,41.560001373291016,41.720001220703125,41.36000061035156,41.689998626708984,360200,0.0,0.0,0.0
2023-01-13 00:00:00-05:00,41.56999969482422,41.779998779296875,41.54999923706055,41.720001220703125,286500,0.0,0.0,0.0
2023-01-17 00:00:00-05:00,41.63999938964844,41.65999984741211,41.540000915527344,41.61000061035156,63800,0.0,0.0,0.0
2023-01-18 00:00:00-05:00,41.849998474121094,42.0,41.619998931884766,41.630001068115234,88300,0.0,0.0,0.0
2023-01-19 00:00:00-05:00,41.5,41.54999923706055,41.380001068115234,41.439998626708984,129400,0.0,0.0,0.0
2023-01-20 00:00:00-05:00,41.40999984741211,41.540000915527344,41.25,41.52000045776367,120900,0.0,0.0,0.0
2023-01-23 00:00:00-05:00,41.459999084472656,41.584999084472656,41.400001525878906,41.43000030517578,136300,0.0,0.0,0.0
2023-01-24 00:00:00-05:00,41.41999816894531,41.529998779296875,41.34000015258789,41.529998779296875,104400,0.0,0.0,0.0
2023-01-25 00:00:00-05:00,41.36000061035156,41.54999923706055,41.33000183105469,41.5,74800,0.0,0.0,0.0
2023-01-26 00:00:00-05:00,41.619998931884766,41.65999984741211,41.45000076293945,41.650001525878906,95400,0.0,0.0,0.0
2023-01-27 00:00:00-05:00,41.58000183105469,41.6150016784668,41.45500183105469,41.52000045776367,275300,0.0,0.0,0.0
2023-01-30 00:00:00-05:00,41.33000183105469,41.38999938964844,41.244998931884766,41.279998779296875,153300,0.0,0.0,0.0
2023-01-31 00:00:00-05:00,41.380001068115234,41.619998931884766,41.380001068115234,41.61000061035156,120400,0.0,0.0,0.0
2023-02-01 00:00:00-05:00,41.27000045776367,41.84000015258789,41.22999954223633,41.720001220703125,259700,0.0,0.0,0.0
2023-02-02 00:00:00-05:00,42.0099983215332,42.040000915527344,41.849998474121094,41.970001220703125,71500,0.0,0.0,0.0
2023-02-03 00:00:00-05:00,41.63999938964844,41.83000183105469,41.540000915527344,41.564998626708984,137900,0.0,0.0,0.0
2023-02-06 00:00:00-05:00,41.40999984741211,41.40999984741211,41.279998779296875,41.36000061035156,101100,0.0,0.0,0.0
2023-02-07 00:00:00-05:00,41.290000915527344,41.625999450683594,41.27000045776367,41.5,130400,0.0,0.0,0.0
2023-02-08 00:00:00-05:00,41.36000061035156,41.459999084472656,41.20000076293945,41.290000915527344,103500,0.0,0.0,0.0
2023-02-09 00:00:00-05:00,41.45000076293945,41.45000076293945,41.0099983215332,41.040000915527344,111200,0.0,0.0,0.0
2023-02-10 00:00:00-05:00,41.0099983215332,41.0099983215332,40.709999084472656,40.810001373291016,68800,0.0,0.0,0.0
2023-02-13 00:00:00-05:00,40.779998779296875,40.970001220703125,40.72999954223633,40.849998474121094,160600,0.0,0.0,0.0
2023-02-14 00:00:00-05:00,40.689998626708984,40.98899841308594,40.630001068115234,40.900001525878906,170100,0.0,0.0,0.0
2023-02-15 00:00:00-05:00,40.70000076293945,40.869998931884766,40.63999938964844,40.86000061035156,241300,0.0,0.0,0.0
2023-02-16 00:00:00-05:00,40.63999938964844,40.680999755859375,40.44499969482422,40.5099983215332,144200,0.0,0.0,0.0
2023-02-17 00:00:00-05:00,40.279998779296875,40.7400016784668,40.279998779296875,40.66999816894531,108200,0.0,0.0,0.0
2023-02-21 00:00:00-05:00,40.369998931884766,40.369998931884766,39.85499954223633,40.0,203200,0.0,0.0,0.0
2023-02-22 00:00:00-05:00,40.099998474121094,40.349998474121094,40.099998474121094,40.2400016784668,93800,0.0,0.0,0.0
2023-02-23 00:00:00-05:00,40.41999816894531,40.68000030517578,40.34000015258789,40.599998474121094,68700,0.0,0.0,0.0
2023-02-24 00:00:00-05:00,40.22999954223633,40.41999816894531,40.209999084472656,40.36000061035156,87800,0.0,0.0,0.0
2023-02-27 00:00:00-05:00,40.540000915527344,40.672000885009766,40.459999084472656,40.61000061035156,84900,0.0,0.0,0.0
2023-02-28 00:00:00-05:00,40.61000061035156,40.630001068115234,40.5,40.564998626708984,60300,0.0,0.0,0.0
2023-03-01 00:00:00-05:00,40.2599983215332,40.2599983215332,40.095001220703125,40.2400016784668,87900,0.0,0.0,0.0
2023-03-02 00:00:00-05:00,40.08000183105469,40.29499816894531,40.005001068115234,40.22999954223633,113400,0.0,0.0,0.0
2023-03-03 00:00:00-05:00,40.40999984741211,40.720001220703125,40.38999938964844,40.65999984741211,145800,0.0,0.0,0.0
2023-03-06 00:00:00-05:00,40.74300003051758,40.79999923706055,40.630001068115234,40.63999938964844,83200,0.0,0.0,0.0
2023-03-07 00:00:00-05:00,40.689998626708984,40.689998626708984,40.404998779296875,40.40999984741211,214500,0.0,0.0,0.0
2023-03-08 00:00:00-05:00,40.400001525878906,40.45000076293945,40.125,40.25,146100,0.0,0.0,0.0
2023-03-09 00:00:00-05:00,40.27000045776367,40.42499923706055,39.904998779296875,39.97999954223633,92800,0.0,0.0,0.0
2023-03-10 00:00:00-05:00,40.025001525878906,40.22999954223633,39.810001373291016,39.91999816894531,168900,0.0,0.0,0.0
2023-03-13 00:00:00-04:00,39.7599983215332,40.19499969482422,39.54999923706055,39.650001525878906,259600,0.0,0.0,0.0
2023-03-14 00:00:00-04:00,39.97999954223633,40.095001220703125,39.744998931884766,39.939998626708984,162100,0.0,0.0,0.0
2023-03-15 00:00:00-04:00,39.59000015258789,39.7400016784668,39.4900016784668,39.68000030517578,446500,0.0,0.0,0.0
2023-03-16 00:00:00-04:00,39.56999969482422,39.959999084472656,39.4900016784668,39.869998931884766,229400,0.0,0.0,0.0
2023-03-17 00:00:00-04:00,39.66999816894531,39.849998474121094,39.529998779296875,39.599998474121094,161000,0.0,0.0,0.0
2023-03-20 00:00:00-04:00,39.5,39.66999816894531,39.3650016784668,39.470001220703125,99300,0.0,0.0,0.0
2023-03-21 00:00:00-04:00,39.650001525878906,39.88999938964844,39.57500076293945,39.849998474121094,217100,0.0,0.0,0.0
2023-03-22 00:00:00-04:00,39.849998474121094,40.2400016784668,39.709999084472656,39.84000015258789,184600,0.0,0.0,0.0
2023-03-23 00:00:00-04:00,39.90999984741211,40.060001373291016,39.54999923706055,39.68000030517578,178600,0.0,0.0,0.0
2023-03-24 00:00:00-04:00,39.58000183105469,39.66600036621094,39.52000045776367,39.650001525878906,190800,0.0,0.0,0.0
2023-03-27 00:00:00-04:00,39.720001220703125,39.75,39.5,39.5,122100,0.0,0.0,0.0
2023-03-28 00:00:00-04:00,39.470001220703125,39.529998779296875,39.400001525878906,39.474998474121094,208200,0.0,0.0,0.0
2023-03-29 00:00:00-04:00,39.66999816894531,39.96900177001953,39.66999816894531,39.959999084472656,203200,0.0,0.0,0.0
2023-03-30 00:00:00-04:00,40.08000183105469,40.244998931884766,39.95500183105469,40.22999954223633,87600,0.0,0.0,0.0
2023-03-31 00:00:00-04:00,40.34000015258789,40.77000045776367,40.34000015258789,40.72999954223633,71300,0.0,0.0,0.0
2023-04-03 00:00:00-04:00,40.349998474121094,40.459999084472656,40.279998779296875,40.404998779296875,109600,0.0,0.0,0.0
2023-04-04 00:00:00-04:00,40.439998626708984,40.45500183105469,40.255001068115234,40.29999923706055,238200,0.0,0.0,0.0
2023-04-05 00:00:00-04:00,40.279998779296875,40.314998626708984,40.029998779296875,40.08000183105469,143700,0.0,0.0,0.0
2023-04-06 00:00:00-04:00,40.040000915527344,40.2599983215332,39.95000076293945,40.220001220703125,164000,0.0,0.0,0.0
2023-04-10 00:00:00-04:00,40.06999969482422,40.18000030517578,39.9900016784668,40.18000030517578,118400,0.0,0.0,0.0
2023-04-11 00:00:00-04:00,40.189998626708984,40.349998474121094,40.130001068115234,40.27000045776367,122600,0.0,0.0,0.0
2023-04-12 00:00:00-04:00,40.5099983215332,40.529998779296875,40.22999954223633,40.25,126000,0.0,0.0,0.0
2023-04-13 00:00:00-04:00,40.36000061035156,40.654998779296875,40.36000061035156,40.58000183105469,512300,0.0,0.0,0.0
2023-04-14 00:00:00-04:00,40.56999969482422,40.650001525878906,40.43000030517578,40.540000915527344,563000,0.0,0.0,0.0
2023-04-17 00:00:00-04:00,40.41999816894531,40.459999084472656,40.28499984741211,40.439998626708984,127200,0.0,0.0,0.0
2023-04-18 00:00:00-04:00,40.58000183105469,40.619998931884766,40.380001068115234,40.5,349500,0.0,0.0,0.0
2023-04-19 00:00:00-04:00,40.31999969482422,40.40999984741211,40.29999923706055,40.31999969482422,421500,0.0,0.0,0.0
2023-04-20 00:00:00-04:00,40.22999954223633,40.35499954223633,40.18000030517578,40.279998779296875,161300,0.0,0.0,0.0
2023-04-21 00:00:00-04:00,40.369998931884766,40.439998626708984,40.2400016784668,40.400001525878906,328400,0.0,0.0,0.0
2023-04-24 00:00:00-04:00,40.439998626708984,40.52000045776367,40.36000061035156,40.47999954223633,364000,0.0,0.0,0.0
2023-04-25 00:00:00-04:00,40.5,40.540000915527344,40.380001068115234,40.40999984741211,239900,0.0,0.0,0.0
2023-04-26 00:00:00-04:00,40.43000030517578,40.43000030517578,40.224998474121094,40.279998779296875,144700,0.0,0.0,0.0
2023-04-27 00:00:00-04:00,40.38999938964844,40.525001525878906,40.29999923706055,40.40999984741211,85000,0.0,0.0,0.0
2023-04-28 00:00:00-04:00,40.36000061035156,40.650001525878906,40.36000061035156,40.59000015258789,115700,0.0,0.0,0.0
2023-05-01 00:00:00-04:00,40.25,40.25,40.0099983215332,40.06999969482422,179800,0.0,0.0,0.0
2023-05-02 00:00:00-04:00,40.13999938964844,40.18000030517578,39.970001220703125,40.119998931884766,210900,0.0,0.0,0.0
2023-05-03 00:00:00-04:00,40.16999816894531,40.277000427246094,40.027000427246094,40.06999969482422,264900,0.0,0.0,0.0
2023-05-04 00:00:00-04:00,39.939998626708984,39.939998626708984,39.790000915527344,39.90999984741211,71700,0.0,0.0,0.0
2023-05-05 00:00:00-04:00,40.040000915527344,40.15999984741211,39.970001220703125,40.11000061035156,302700,0.0,0.0,0.0
2023-05-08 00:00:00-04:00,40.09000015258789,40.09000015258789,39.900001525878906,40.02000045776367,174300,0.0,0.0,0.0
2023-05-09 00:00:00-04:00,39.939998626708984,39.959999084472656,39.8650016784668,39.88999938964844,78000,0.0,0.0,0.0
2023-05-10 00:00:00-04:00,40.13999938964844,40.178001403808594,39.9900016784668,40.125,104200,0.0,0.0,0.0
2023-05-11 00:00:00-04:00,40.08000183105469,40.09000015258789,40.0,40.060001373291016,111200,0.0,0.0,0.0
2023-05-12 00:00:00-04:00,40.06999969482422,40.119998931884766,39.790000915527344,39.88999938964844,145300,0.0,0.0,0.0
2023-05-15 00:00:00-04:00,39.93000030517578,39.970001220703125,39.880001068115234,39.939998626708984,62900,0.0,0.0,0.0
2023-05-16 00:00:00-04:00,39.83000183105469,39.83000183105469,39.599998474121094,39.66999816894531,54900,0.0,0.0,0.0
2023-05-17 00:00:00-04:00,39.70000076293945,39.900001525878906,39.67900085449219,39.77000045776367,139700,0.0,0.0,0.0
2023-05-18 00:00:00-04:00,39.7400016784668,39.91999816894531,39.625,39.81999969482422,109400,0.0,0.0,0.0
2023-05-19 00:00:00-04:00,39.83000183105469,39.95000076293945,39.790000915527344,39.84000015258789,63200,0.0,0.0,0.0
2023-05-22 00:00:00-04:00,39.86000061035156,40.084999084472656,39.86000061035156,40.029998779296875,97700,0.0,0.0,0.0
2023-05-23 00:00:00-04:00,39.970001220703125,40.0,39.775001525878906,39.81999969482422,191300,0.0,0.0,0.0
2023-05-24 00:00:00-04:00,39.77000045776367,39.779998779296875,39.470001220703125,39.560001373291016,176000,0.0,0.0,0.0
2023-05-25 00:00:00-04:00,39.72999954223633,39.72999954223633,39.540000915527344,39.54499816894531,166300,0.0,0.0,0.0
2023-05-26 00:00:00-04:00,39.619998931884766,39.83000183105469,39.619998931884766,39.83000183105469,170300,0.0,0.0,0.0
2023-05-30 00:00:00-04:00,40.0099983215332,40.0099983215332,39.86000061035156,39.959999084472656,139000,0.0,0.0,0.0
2023-05-31 00:00:00-04:00,39.880001068115234,39.915000915527344,39.7400016784668,39.84000015258789,118000,0.0,0.0,0.0
2023-06-01 00:00:00-04:00,39.560001373291016,39.79999923706055,39.54999923706055,39.77899932861328,103400,0.0,0.0,0.0
2023-06-02 00:00:00-04:00,39.91999816894531,40.060001373291016,39.84000015258789,40.0,148000,0.0,0.0,0.0
2023-06-05 00:00:00-04:00,39.959999084472656,39.959999084472656,39.849998474121094,39.90999984741211,121600,0.0,0.0,0.0
2023-06-06 00:00:00-04:00,39.90999984741211,40.0099983215332,39.83000183105469,40.005001068115234,99400,0.0,0.0,0.0
2023-06-07 00:00:00-04:00,40.09000015258789,40.119998931884766,39.79999923706055,39.84000015258789,137000,0.0,0.0,0.0
2023-06-08 00:00:00-04:00,39.83000183105469,40.125,39.83000183105469,40.11000061035156,83100,0.0,0.0,0.0
2023-06-09 00:00:00-04:00,40.119998931884766,40.16999816894531,40.04999923706055,40.08000183105469,250800,0.0,0.0,0.0
2023-06-12 00:00:00-04:00,40.130001068115234,40.150001525878906,39.939998626708984,40.060001373291016,126700,0.0,0.0,0.0
2023-06-13 00:00:00-04:00,40.060001373291016,40.25,40.060001373291016,40.154998779296875,793500,0.0,0.0,0.0
2023-06-14 00:00:00-04:00,40.16999816894531,40.33000183105469,40.0099983215332,40.2400016784668,607900,0.0,0.0,0.0
2023-06-15 00:00:00-04:00,40.34000015258789,40.45000076293945,40.279998779296875,40.400001525878906,274200,0.0,0.0,0.0
2023-06-16 00:00:00-04:00,40.439998626708984,40.439998626708984,40.314998626708984,40.33000183105469,154100,0.0,0.0,0.0
2023-06-20 00:00:00-04:00,40.279998779296875,40.34000015258789,40.23099899291992,40.2400016784668,109200,0.0,0.0,0.0
2023-06-21 00:00:00-04:00,40.13999938964844,40.220001220703125,40.060001373291016,40.150001525878906,120800,0.0,0.0,0.0
2023-06-22 00:00:00-04:00,40.06999969482422,40.099998474121094,39.97999954223633,40.040000915527344,114400,0.0,0.0,0.0
2023-06-23 00:00:00-04:00,39.90999984741211,39.95000076293945,39.81999969482422,39.869998931884766,72500,0.0,0.0,0.0
2023-06-26 00:00:00-04:00,39.91999816894531,40.0099983215332,39.869998931884766,39.900001525878906,140000,0.0,0.0,0.0
2023-06-27 00:00:00-04:00,39.97999954223633,40.09000015258789,39.9739990234375,40.02000045776367,223800,0.0,0.0,0.0
2023-06-28 00:00:00-04:00,40.02000045776367,40.25,39.970001220703125,40.2400016784668,219400,0.0,0.0,0.0
2023-06-29 00:00:00-04:00,40.06999969482422,40.220001220703125,40.02000045776367,40.20000076293945,296900,0.0,0.0,0.0
2023-06-30 00:00:00-04:00,40.38999938964844,40.50899887084961,40.290000915527344,40.439998626708984,262100,0.0,0.0,0.0
2023-07-03 00:00:00-04:00,40.099998474121094,40.119998931884766,40.040000915527344,40.10499954223633,60900,0.0,0.0,0.0
2023-07-05 00:00:00-04:00,40.029998779296875,40.040000915527344,39.90700149536133,39.959999084472656,286300,0.0,0.0,0.0
2023-07-06 00:00:00-04:00,39.650001525878906,39.724998474121094,39.54999923706055,39.720001220703125,87400,0.0,0.0,0.0
2023-07-07 00:00:00-04:00,39.66999816894531,39.95899963378906,39.65999984741211,39.720001220703125,146800,0.0,0.0,0.0
2023-07-10 00:00:00-04:00,39.7400016784668,39.93000030517578,39.7400016784668,39.86000061035156,201400,0.0,0.0,0.0
2023-07-11 00:00:00-04:00,39.959999084472656,40.06999969482422,39.900001525878906,40.06999969482422,171700,0.0,0.0,0.0
2023-07-12 00:00:00-04:00,40.349998474121094,40.415000915527344,40.290000915527344,40.36000061035156,265300,0.0,0.0,0.0
2023-07-13 00:00:00-04:00,40.540000915527344,40.69499969482422,40.494998931884766,40.68000030517578,226000,0.0,0.0,0.0
2023-07-14 00:00:00-04:00,40.63999938964844,40.650001525878906,40.369998931884766,40.41999816894531,116600,0.0,0.0,0.0
2023-07-17 00:00:00-04:00,40.369998931884766,40.529998779296875,40.31999969482422,40.43000030517578,323300,0.0,0.0,0.0
2023-07-18 00:00:00-04:00,40.4900016784668,40.60499954223633,40.45000076293945,40.55500030517578,186000,0.0,0.0,0.0
2023-07-19 00:00:00-04:00,40.61000061035156,40.659000396728516,40.55500030517578,40.58000183105469,119300,0.0,0.0,0.0
2023-07-20 00:00:00-04:00,40.459999084472656,40.47999954223633,40.30500030517578,40.43000030517578,88700,0.0,0.0,0.0
2023-07-21 00:00:00-04:00,40.4900016784668,40.59000015258789,40.46099853515625,40.540000915527344,174300,0.0,0.0,0.0
2023-07-24 00:00:00-04:00,40.599998474121094,40.650001525878906,40.459999084472656,40.459999084472656,207600,0.0,0.0,0.0
2023-07-25 00:00:00-04:00,40.459999084472656,40.529998779296875,40.38999938964844,40.43000030517578,150900,0.0,0.0,0.0
2023-07-26 00:00:00-04:00,40.38999938964844,40.70000076293945,40.38999938964844,40.650001525878906,134400,0.0,0.0,0.0
2023-07-27 00:00:00-04:00,40.75,40.790000915527344,40.16999816894531,40.25,255500,0.0,0.0,0.0
2023-07-28 00:00:00-04:00,40.459999084472656,40.542999267578125,40.400001525878906,40.540000915527344,123500,0.0,0.0,0.0
2023-07-31 00:00:00-04:00,40.58000183105469,40.74100112915039,40.58000183105469,40.720001220703125,170100,0.0,0.0,0.0
2023-08-01 00:00:00-04:00,40.2400016784668,40.2599983215332,40.08000183105469,40.16999816894531,214300,0.0,0.0,0.0
2023-08-02 00:00:00-04:00,40.0099983215332,40.060001373291016,39.869998931884766,40.0,227400,0.0,0.0,0.0
2023-08-03 00:00:00-04:00,39.849998474121094,39.974998474121094,39.79999923706055,39.89500045776367,135100,0.0,0.0,0.0
2023-08-04 00:00:00-04:00,40.119998931884766,40.290000915527344,40.08000183105469,40.119998931884766,181000,0.0,0.0,0.0
2023-08-07 00:00:00-04:00,40.189998626708984,40.2400016784668,40.01499938964844,40.119998931884766,196500,0.0,0.0,0.0
2023-08-08 00:00:00-04:00,40.20000076293945,40.34000015258789,40.13999938964844,40.33000183105469,112700,0.0,0.0,0.0
2023-08-09 00:00:00-04:00,40.349998474121094,40.43000030517578,40.25199890136719,40.31999969482422,99700,0.0,0.0,0.0
2023-08-10 00:00:00-04:00,40.5,40.59700012207031,40.23500061035156,40.380001068115234,133000,0.0,0.0,0.0
2023-08-11 00:00:00-04:00,40.220001220703125,40.33000183105469,40.189998626708984,40.29999923706055,96900,0.0,0.0,0.0
2023-08-14 00:00:00-04:00,40.29999923706055,40.380001068115234,40.20000076293945,40.27000045776367,93400,0.0,0.0,0.0
2023-08-15 00:00:00-04:00,40.2400016784668,40.29999923706055,40.15999984741211,40.189998626708984,188700,0.0,0.0,0.0
2023-08-16 00:00:00-04:00,40.18000030517578,40.279998779296875,40.060001373291016,40.060001373291016,176700,0.0,0.0,0.0
2023-08-17 00:00:00-04:00,40.11000061035156,40.11000061035156,39.86000061035156,39.939998626708984,255000,0.0,0.0,0.0
2023-08-18 00:00:00-04:00,39.84000015258789,40.09000015258789,39.84000015258789,39.970001220703125,363400,0.0,0.0,0.0
2023-08-21 00:00:00-04:00,39.970001220703125,40.02000045776367,39.83000183105469,39.959999084472656,326200,0.0,0.0,0.0
2023-08-22 00:00:00-04:00,40.09600067138672,40.09600067138672,39.935001373291016,39.97999954223633,121100,0.0,0.0,0.0
2023-08-23 00:00:00-04:00,40.150001525878906,40.3390007019043,40.084999084472656,40.29999923706055,117200,0.0,0.0,0.0
2023-08-24 00:00:00-04:00,40.290000915527344,40.290000915527344,40.0099983215332,40.04999923706055,145200,0.0,0.0,0.0
2023-08-25 00:00:00-04:00,40.08000183105469,40.290000915527344,40.03499984741211,40.209999084472656,133700,0.0,0.0,0.0
2023-08-28 00:00:00-04:00,40.310001373291016,40.40999984741211,40.2599983215332,40.34000015258789,430900,0.0,0.0,0.0
2023-08-29 00:00:00-04:00,40.31999969482422,40.619998931884766,40.31999969482422,40.61000061035156,102100,0.0,0.0,0.0
2023-08-30 00:00:00-04:00,40.619998931884766,40.689998626708984,40.564998626708984,40.619998931884766,166200,0.0,0.0,0.0
2023-08-31 00:00:00-04:00,40.560001373291016,40.63999938964844,40.5099983215332,40.599998474121094,155100,0.0,0.0,0.0
2023-09-01 00:00:00-04:00,40.459999084472656,40.459999084472656,40.22999954223633,40.349998474121094,243100,0.0,0.0,0.0
2023-09-05 00:00:00-04:00,40.33000183105469,40.33000183105469,40.040000915527344,40.11000061035156,272600,0.0,0.0,0.0
2023-09-06 00:00:00-04:00,40.06999969482422,40.099998474121094,39.90999984741211,40.04999923706055,90900,0.0,0.0,0.0
2023-09-07 00:00:00-04:00,39.959999084472656,40.209999084472656,39.959999084472656,40.209999084472656,162500,0.0,0.0,0.0
2023-09-08 00:00:00-04:00,40.209999084472656,40.290000915527344,40.099998474121094,40.13999938964844,508000,0.0,0.0,0.0
2023-09-11 00:00:00-04:00,40.16999816894531,40.220001220703125,40.1150016784668,40.20000076293945,79100,0.0,0.0,0.0
2023-09-12 00:00:00-04:00,40.13999938964844,40.2400016784668,40.125,40.18000030517578,217300,0.0,0.0,0.0
2023-09-13 00:00:00-04:00,40.209999084472656,40.31999969482422,40.20000076293945,40.29999923706055,105900,0.0,0.0,0.0
2023-09-14 00:00:00-04:00,40.34000015258789,40.40999984741211,40.290000915527344,40.349998474121094,204600,0.0,0.0,0.0
2023-09-15 00:00:00-04:00,40.29999923706055,40.33000183105469,40.220001220703125,40.2599983215332,93000,0.0,0.0,0.0
2023-09-18 00:00:00-04:00,40.209999084472656,40.29999923706055,40.20000076293945,40.27000045776367,176900,0.0,0.0,0.0
2023-09-19 00:00:00-04:00,40.18000030517578,40.25,40.130001068115234,40.189998626708984,135500,0.0,0.0,0.0
2023-09-20 00:00:00-04:00,40.25,40.31999969482422,40.11000061035156,40.13999938964844,169500,0.0,0.0,0.0
2023-09-21 00:00:00-04:00,39.95000076293945,39.98899841308594,39.84000015258789,39.84000015258789,141100,0.0,0.0,0.0
2023-09-22 00:00:00-04:00,39.880001068115234,40.060001373291016,39.880001068115234,39.90999984741211,171800,0.0,0.0,0.0
2023-09-25 00:00:00-04:00,39.83000183105469,39.939998626708984,39.77000045776367,39.880001068115234,185900,0.0,0.0,0.0
2023-09-26 00:00:00-04:00,39.79999923706055,39.83000183105469,39.6349983215332,39.68000030517578,406100,0.0,0.0,0.0
2023-09-27 00:00:00-04:00,39.7599983215332,39.810001373291016,39.529998779296875,39.599998474121094,170300,0.0,0.0,0.0
2023-09-28 00:00:00-04:00,39.58000183105469,39.93000030517578,39.525001525878906,39.79999923706055,148500,0.0,0.0,0.0
2023-09-29 00:00:00-04:00,39.97999954223633,39.9900016784668,39.72999954223633,39.7599983215332,76500,0.0,0.0,0.0
2023-10-02 00:00:00-04:00,39.400001525878906,39.400001525878906,39.15999984741211,39.209999084472656,137700,0.0,0.0,0.0
2023-10-03 00:00:00-04:00,39.040000915527344,39.130001068115234,38.790000915527344,38.79999923706055,264300,0.0,0.0,0.0
2023-10-04 00:00:00-04:00,38.88999938964844,38.9900016784668,38.77000045776367,38.939998626708984,579400,0.0,0.0,0.0
2023-10-05 00:00:00-04:00,38.91999816894531,39.04999923706055,38.8849983215332,38.97999954223633,121400,0.0,0.0,0.0
2023-10-06 00:00:00-04:00,38.77000045776367,39.08000183105469,38.720001220703125,39.02000045776367,112800,0.0,0.0,0.0
2023-10-09 00:00:00-04:00,39.029998779296875,39.349998474121094,39.029998779296875,39.33000183105469,79600,0.0,0.0,0.0
2023-10-10 00:00:00-04:00,39.20000076293945,39.41999816894531,39.18000030517578,39.29999923706055,190600,0.0,0.0,0.0
2023-10-11 00:00:00-04:00,39.41999816894531,39.41999816894531,39.130001068115234,39.33000183105469,196800,0.0,0.0,0.0
2023-10-12 00:00:00-04:00,39.27000045776367,39.27000045776367,39.01499938964844,39.099998474121094,314900,0.0,0.0,0.0
2023-10-13 00:00:00-04:00,39.34000015258789,39.34000015258789,39.040000915527344,39.08000183105469,114700,0.0,0.0,0.0
2023-10-16 00:00:00-04:00,39.09000015258789,39.130001068115234,39.029998779296875,39.08000183105469,166100,0.0,0.0,0.0
2023-10-17 00:00:00-04:00,38.869998931884766,39.018001556396484,38.810001373291016,38.880001068115234,114000,0.0,0.0,0.0
2023-10-18 00:00:00-04:00,38.79999923706055,38.86000061035156,38.625,38.68000030517578,251800,0.0,0.0,0.0
2023-10-19 00:00:00-04:00,38.66999816894531,38.810001373291016,38.494998931884766,38.5099983215332,256600,0.0,0.0,0.0
2023-10-20 00:00:00-04:00,38.52000045776367,38.630001068115234,38.47999954223633,38.529998779296875,139000,0.0,0.0,0.0
2023-10-23 00:00:00-04:00,38.470001220703125,38.79999923706055,38.415000915527344,38.709999084472656,123900,0.0,0.0,0.0
2023-10-24 00:00:00-04:00,38.79999923706055,38.86000061035156,38.69499969482422,38.84000015258789,154800,0.0,0.0,0.0
2023-10-25 00:00:00-04:00,38.790000915527344,38.790000915527344,38.59000015258789,38.650001525878906,123500,0.0,0.0,0.0
2023-10-26 00:00:00-04:00,38.630001068115234,38.82500076293945,38.56999969482422,38.779998779296875,200900,0.0,0.0,0.0
2023-10-27 00:00:00-04:00,38.84000015258789,38.84000015258789,38.60499954223633,38.720001220703125,423200,0.0,0.0,0.0
2023-10-30 00:00:00-04:00,38.779998779296875,38.83000183105469,38.68000030517578,38.83000183105469,236700,0.0,0.0,0.0
2023-10-31 00:00:00-04:00,38.66999816894531,38.900001525878906,38.66999816894531,38.79999923706055,599200,0.0,0.0,0.0
2023-11-01 00:00:00-04:00,38.4900016784668,38.83000183105469,38.4900016784668,38.83000183105469,56600,0.0,0.0,0.0
2023-11-02 00:00:00-04:00,38.95000076293945,39.18000030517578,38.95000076293945,39.13999938964844,158600,0.0,0.0,0.0
2023-11-03 00:00:00-04:00,39.459999084472656,39.58000183105469,39.334999084472656,39.540000915527344,141300,0.0,0.0,0.0
2023-11-06 00:00:00-05:00,39.5,39.56999969482422,39.31999969482422,39.369998931884766,161200,0.0,0.0,0.0
2023-11-07 00:00:00-05:00,39.29999923706055,39.47999954223633,39.250999450683594,39.43000030517578,935900,0.0,0.0,0.0
2023-11-08 00:00:00-05:00,39.369998931884766,39.41999816894531,39.310001373291016,39.41999816894531,291100,0.0,0.0,0.0
2023-11-09 00:00:00-05:00,39.380001068115234,39.380001068115234,39.06999969482422,39.09000015258789,178300,0.0,0.0,0.0
2023-11-10 00:00:00-05:00,39.20000076293945,39.310001373291016,39.16999816894531,39.27000045776367,124600,0.0,0.0,0.0
2023-11-13 00:00:00-05:00,39.119998931884766,39.279998779296875,39.119998931884766,39.25,181300,0.0,0.0,0.0
2023-11-14 00:00:00-05:00,39.59000015258789,39.72999954223633,39.560001373291016,39.560001373291016,200800,0.0,0.0,0.0
2023-11-15 00:00:00-05:00,39.58000183105469,39.59000015258789,39.459999084472656,39.5,166500,0.0,0.0,0.0
2023-11-16 00:00:00-05:00,39.540000915527344,39.595001220703125,39.470001220703125,39.56999969482422,126100,0.0,0.0,0.0
2023-11-17 00:00:00-05:00,39.599998474121094,39.65999984741211,39.505001068115234,39.63999938964844,141500,0.0,0.0,0.0
2023-11-20 00:00:00-05:00,39.63999938964844,39.77000045776367,39.560001373291016,39.67499923706055,184400,0.0,0.0,0.0
2023-11-21 00:00:00-05:00,39.650001525878906,39.75,39.650001525878906,39.720001220703125,281800,0.0,0.0,0.0
2023-11-22 00:00:00-05:00,39.79999923706055,39.849998474121094,39.69499969482422,39.79999923706055,113500,0.0,0.0,0.0
2023-11-24 00:00:00-05:00,39.79999923706055,39.79999923706055,39.75,39.790000915527344,59700,0.0,0.0,0.0
2023-11-27 00:00:00-05:00,39.79999923706055,39.869998931884766,39.75,39.869998931884766,187200,0.0,0.0,0.0
2023-11-28 00:00:00-05:00,39.83000183105469,40.099998474121094,39.79499816894531,40.0,330100,0.0,0.0,0.0
2023-11-29 00:00:00-05:00,40.13999938964844,40.290000915527344,40.08000183105469,40.18000030517578,253100,0.0,0.0,0.0
2023-11-30 00:00:00-05:00,40.20000076293945,40.209999084472656,39.9900016784668,40.13999938964844,194500,0.0,0.0,0.0
2023-12-01 00:00:00-05:00,39.86000061035156,40.13999938964844,39.72999954223633,40.13999938964844,160200,0.0,0.0,0.0
2023-12-04 00:00:00-05:00,39.91999816894531,40.09000015258789,39.900001525878906,40.09000015258789,260900,0.0,0.0,0.0
2023-12-05 00:00:00-05:00,40.04999923706055,40.130001068115234,39.9900016784668,40.11000061035156,258400,0.0,0.0,0.0
2023-12-06 00:00:00-05:00,40.15999984741211,40.15999984741211,40.060001373291016,40.130001068115234,276800,0.0,0.0,0.0
2023-12-07 00:00:00-05:00,40.16999816894531,40.220001220703125,40.095001220703125,40.15999984741211,212500,0.0,0.0,0.0
2023-12-08 00:00:00-05:00,40.040000915527344,40.11000061035156,39.98500061035156,40.11000061035156,190400,0.0,0.0,0.0
2023-12-11 00:00:00-05:00,40.099998474121094,40.099998474121094,39.959999084472656,40.09000015258789,361400,0.0,0.0,0.0
2023-12-12 00:00:00-05:00,40.0260009765625,40.185001373291016,39.95000076293945,40.16999816894531,293000,0.0,0.0,0.0
2023-12-13 00:00:00-05:00,40.27000045776367,40.75,40.20000076293945,40.720001220703125,403000,0.0,0.0,0.0
2023-12-14 00:00:00-05:00,40.91999816894531,41.06999969482422,40.86000061035156,40.93000030517578,292600,0.0,0.0,0.0
2023-12-15 00:00:00-05:00,40.619998931884766,40.64500045776367,40.470001220703125,40.540000915527344,337600,0.0,0.0,0.0
2023-12-18 00:00:00-05:00,40.599998474121094,40.619998931884766,40.46500015258789,40.59000015258789,433400,0.0,0.0,0.0
2023-12-19 00:00:00-05:00,40.650001525878906,40.80500030517578,40.650001525878906,40.7599983215332,997500,0.0,0.0,0.0
2023-12-20 00:00:00-05:00,40.77000045776367,40.93000030517578,40.72999954223633,40.72999954223633,152500,0.0,0.0,0.0
2023-12-21 00:00:00-05:00,40.959999084472656,40.9900016784668,40.84000015258789,40.95000076293945,123800,0.0,0.0,0.0
2023-12-22 00:00:00-05:00,41.02000045776367,41.060001373291016,40.90999984741211,40.90999984741211,253700,0.0,0.0,0.0
2023-12-26 00:00:00-05:00,40.95000076293945,41.02000045776367,40.93000030517578,40.97999954223633,471100,0.0,0.0,0.0
2023-12-27 00:00:00-05:00,41.060001373291016,41.23500061035156,41.025001525878906,41.18000030517578,265700,0.0,0.0,0.0
2023-12-28 00:00:00-05:00,41.189998626708984,41.189998626708984,40.974998474121094,41.029998779296875,221800,0.0,0.0,0.0
2023-12-29 00:00:00-05:00,41.02000045776367,41.119998931884766,40.869998931884766,40.869998931884766,229200,0.0,0.0,0.0
2024-01-02 00:00:00-05:00,40.790000915527344,40.80500030517578,40.70000076293945,40.779998779296875,175200,0.0,0.0,0.0
2024-01-03 00:00:00-05:00,40.439998626708984,40.7400016784668,40.439998626708984,40.66999816894531,138800,0.0,0.0,0.0
2024-01-04 00:00:00-05:00,40.59000015258789,40.63800048828125,40.5,40.5,169800,0.0,0.0,0.0
2024-01-05 00:00:00-05:00,40.470001220703125,40.70000076293945,40.459999084472656,40.525001525878906,211600,0.0,0.0,0.0
2024-01-08 00:00:00-05:00,40.61000061035156,40.790000915527344,40.564998626708984,40.790000915527344,328900,0.0,0.0,0.0
2024-01-09 00:00:00-05:00,40.689998626708984,40.81999969482422,40.65999984741211,40.7599983215332,163700,0.0,0.0,0.0
2024-01-10 00:00:00-05:00,40.869998931884766,40.91999816894531,40.79999923706055,40.880001068115234,155700,0.0,0.0,0.0
2024-01-11 00:00:00-05:00,40.88999938964844,41.029998779296875,40.77000045776367,40.9900016784668,148500,0.0,0.0,0.0
2024-01-12 00:00:00-05:00,41.11000061035156,41.15999984741211,41.0,41.02000045776367,228500,0.0,0.0,0.0
2024-01-16 00:00:00-05:00,40.97999954223633,41.0,40.82500076293945,40.880001068115234,126400,0.0,0.0,0.0
2024-01-17 00:00:00-05:00,40.75,40.75,40.59000015258789,40.68000030517578,213700,0.0,0.0,0.0
2024-01-18 00:00:00-05:00,40.75,40.7599983215332,40.654998779296875,40.7400016784668,245600,0.0,0.0,0.0
2024-01-19 00:00:00-05:00,40.79999923706055,40.849998474121094,40.645999908447266,40.849998474121094,130400,0.0,0.0,0.0
2024-01-22 00:00:00-05:00,40.880001068115234,40.959999084472656,40.83000183105469,40.84000015258789,219600,0.0,0.0,0.0
2024-01-23 00:00:00-05:00,40.84000015258789,40.84000015258789,40.7599983215332,40.81999969482422,95300,0.0,0.0,0.0
2024-01-24 00:00:00-05:00,40.959999084472656,40.970001220703125,40.7599983215332,40.810001373291016,149600,0.0,0.0,0.0
2024-01-25 00:00:00-05:00,40.93000030517578,41.11000061035156,40.900001525878906,41.09000015258789,137500,0.0,0.0,0.0
2024-01-26 00:00:00-05:00,41.09000015258789,41.13999938964844,41.04999923706055,41.09000015258789,165800,0.0,0.0,0.0
2024-01-29 00:00:00-05:00,41.09000015258789,41.189998626708984,41.04999923706055,41.16999816894531,190500,0.0,0.0,0.0
2024-01-30 00:00:00-05:00,41.189998626708984,41.189998626708984,41.029998779296875,41.130001068115234,104500,0.0,0.0,0.0
2024-01-31 00:00:00-05:00,41.13999938964844,41.21799850463867,41.01499938964844,41.029998779296875,305900,0.0,0.0,0.0
2024-02-01 00:00:00-05:00,40.84000015258789,40.90599822998047,40.75,40.869998931884766,110400,0.0,0.0,0.0
2024-02-02 00:00:00-05:00,40.63999938964844,40.779998779296875,40.63999938964844,40.720001220703125,209100,0.0,0.0,0.0
2024-02-05 00:00:00-05:00,40.61000061035156,40.61000061035156,40.4109992980957,40.47999954223633,162800,0.0,0.0,0.0
2024-02-06 00:00:00-05:00,40.540000915527344,40.7400016784668,40.540000915527344,40.720001220703125,154800,0.0,0.0,0.0
2024-02-07 00:00:00-05:00,40.790000915527344,40.790000915527344,40.64500045776367,40.72999954223633,125100,0.0,0.0,0.0
2024-02-08 00:00:00-05:00,40.70000076293945,40.790000915527344,40.66999816894531,40.720001220703125,84800,0.0,0.0,0.0
2024-02-09 00:00:00-05:00,40.7599983215332,40.86000061035156,40.71099853515625,40.83000183105469,180400,0.0,0.0,0.0
2024-02-12 00:00:00-05:00,40.86000061035156,40.880001068115234,40.720001220703125,40.779998779296875,106500,0.0,0.0,0.0
2024-02-13 00:00:00-05:00,40.459999084472656,40.56999969482422,40.36000061035156,40.47999954223633,148300,0.0,0.0,0.0
2024-02-14 00:00:00-05:00,40.58000183105469,40.63999938964844,40.540000915527344,40.630001068115234,111800,0.0,0.0,0.0
2024-02-15 00:00:00-05:00,40.720001220703125,40.77000045776367,40.625,40.7400016784668,125100,0.0,0.0,0.0
2024-02-16 00:00:00-05:00,40.619998931884766,40.665000915527344,40.56999969482422,40.599998474121094,233900,0.0,0.0,0.0
2024-02-20 00:00:00-05:00,40.560001373291016,40.7400016784668,40.560001373291016,40.709999084472656,102500,0.0,0.0,0.0
2024-02-21 00:00:00-05:00,40.70000076293945,40.72999954223633,40.599998474121094,40.66999816894531,70100,0.0,0.0,0.0
2024-02-22 00:00:00-05:00,40.79999923706055,40.849998474121094,40.744998931884766,40.849998474121094,88400,0.0,0.0,0.0
2024-02-23 00:00:00-05:00,40.91999816894531,40.959999084472656,40.869998931884766,40.90999984741211,126900,0.0,0.0,0.0
2024-02-26 00:00:00-05:00,40.95000076293945,40.95000076293945,40.790000915527344,40.880001068115234,186500,0.0,0.0,0.0
2024-02-27 00:00:00-05:00,40.91999816894531,40.939998626708984,40.84000015258789,40.939998626708984,726500,0.0,0.0,0.0
2024-02-28 00:00:00-05:00,40.88999938964844,41.0,40.869998931884766,40.959999084472656,150500,0.0,0.0,0.0
2024-02-29 00:00:00-05:00,40.970001220703125,41.040000915527344,40.933998107910156,40.95000076293945,84000,0.0,0.0,0.0
2024-03-01 00:00:00-05:00,40.75,40.849998474121094,40.650001525878906,40.84000015258789,196600,0.0,0.0,0.0
2024-03-04 00:00:00-05:00,40.849998474121094,40.92900085449219,40.79499816894531,40.880001068115234,123800,0.0,0.0,0.0
2024-03-05 00:00:00-05:00,40.869998931884766,40.970001220703125,40.82500076293945,40.849998474121094,165900,0.0,0.0,0.0
2024-03-06 00:00:00-05:00,40.959999084472656,41.0099983215332,40.90999984741211,40.959999084472656,229700,0.0,0.0,0.0
2024-03-07 00:00:00-05:00,41.029998779296875,41.04999923706055,40.970001220703125,40.9900016784668,203400,0.0,0.0,0.0
2024-03-08 00:00:00-05:00,41.04999923706055,41.15299987792969,40.970001220703125,41.0099983215332,128800,0.0,0.0,0.0
2024-03-11 00:00:00-04:00,40.97999954223633,41.040000915527344,40.959999084472656,41.040000915527344,143500,0.0,0.0,0.0
2024-03-12 00:00:00-04:00,41.08000183105469,41.08000183105469,40.939998626708984,41.060001373291016,99500,0.0,0.0,0.0
2024-03-13 00:00:00-04:00,41.060001373291016,41.119998931884766,41.0099983215332,41.040000915527344,335000,0.0,0.0,0.0
2024-03-14 00:00:00-04:00,41.06999969482422,41.08000183105469,40.810001373291016,40.869998931884766,184700,0.0,0.0,0.0
2024-03-15 00:00:00-04:00,40.869998931884766,40.97999954223633,40.79999923706055,40.97999954223633,415000,0.0,0.0,0.0
2024-03-18 00:00:00-04:00,40.97999954223633,41.0,40.90999984741211,40.939998626708984,110700,0.0,0.0,0.0
2024-03-19 00:00:00-04:00,40.95000076293945,41.119998931884766,40.93000030517578,41.119998931884766,170900,0.0,0.0,0.0
2024-03-20 00:00:00-04:00,41.08000183105469,41.21500015258789,41.02000045776367,41.20000076293945,349400,0.0,0.0,0.0
2024-03-21 00:00:00-04:00,41.220001220703125,41.220001220703125,41.08000183105469,41.11000061035156,260900,0.0,0.0,0.0
2024-03-22 00:00:00-04:00,41.119998931884766,41.15999984741211,41.08000183105469,41.09000015258789,80500,0.0,0.0,0.0
2024-03-25 00:00:00-04:00,41.0,41.06999969482422,41.0,41.04999923706055,500700,0.0,0.0,0.0
2024-03-26 00:00:00-04:00,41.040000915527344,41.060001373291016,40.95000076293945,40.970001220703125,803700,0.0,0.0,0.0
2024-03-27 00:00:00-04:00,41.04999923706055,41.16999816894531,41.025001525878906,41.16999816894531,152900,0.0,0.0,0.0
2024-03-28 00:00:00-04:00,41.13999938964844,41.16999816894531,41.064998626708984,41.11000061035156,243900,0.0,0.0,0.0
2024-04-01 00:00:00-04:00,40.79999923706055,40.79999923706055,40.59299850463867,40.619998931884766,214000,0.0,0.0,0.0
2024-04-02 00:00:00-04:00,40.47999954223633,40.54999923706055,40.45000076293945,40.54999923706055,139500,0.0,0.0,0.0
2024-04-03 00:00:00-04:00,40.459999084472656,40.56999969482422,40.42599868774414,40.560001373291016,159400,0.0,0.0,0.0
2024-04-04 00:00:00-04:00,40.630001068115234,40.66999816894531,40.43000030517578,40.47999954223633,156600,0.0,0.0,0.0
2024-04-05 00:00:00-04:00,40.5,40.529998779296875,40.459999084472656,40.47999954223633,157100,0.0,0.0,0.0
2024-04-08 00:00:00-04:00,40.47999954223633,40.61000061035156,40.47999954223633,40.61000061035156,459800,0.0,0.0,0.0
2024-04-09 00:00:00-04:00,40.66999816894531,40.720001220703125,40.59000015258789,40.68000030517578,137200,0.0,0.0,0.0
2024-04-10 00:00:00-04:00,40.41999816894531,40.474998474121094,40.2599983215332,40.34000015258789,257200,0.0,0.0,0.0
2024-04-11 00:00:00-04:00,40.36000061035156,40.39500045776367,40.220001220703125,40.314998626708984,318700,0.0,0.0,0.0
2024-04-12 00:00:00-04:00,40.2400016784668,40.33000183105469,40.2400016784668,40.33000183105469,238100,0.0,0.0,0.0
2024-04-15 00:00:00-04:00,40.33000183105469,40.33000183105469,40.03099822998047,40.08000183105469,265100,0.0,0.0,0.0
2024-04-16 00:00:00-04:00,40.02000045776367,40.04999923706055,39.90999984741211,39.93000030517578,517400,0.0,0.0,0.0
2024-04-17 00:00:00-04:00,40.029998779296875,40.099998474121094,39.939998626708984,39.95000076293945,1933700,0.0,0.0,0.0
2024-04-18 00:00:00-04:00,39.970001220703125,40.040000915527344,39.900001525878906,40.0099983215332,640000,0.0,0.0,0.0
2024-04-19 00:00:00-04:00,40.0099983215332,40.1150016784668,40.0099983215332,40.040000915527344,207900,0.0,0.0,0.0
2024-04-22 00:00:00-04:00,40.150001525878906,40.28499984741211,40.130001068115234,40.25,188700,0.0,0.0,0.0
2024-04-23 00:00:00-04:00,40.290000915527344,40.470001220703125,40.290000915527344,40.439998626708984,71000,0.0,0.0,0.0
2024-04-24 00:00:00-04:00,40.380001068115234,40.43899917602539,40.279998779296875,40.400001525878906,90400,0.0,0.0,0.0
2024-04-25 00:00:00-04:00,40.13999938964844,40.31999969482422,40.060001373291016,40.29499816894531,465200,0.0,0.0,0.0
2024-04-26 00:00:00-04:00,40.29999923706055,40.40999984741211,40.290000915527344,40.400001525878906,78700,0.0,0.0,0.0
2024-04-29 00:00:00-04:00,40.470001220703125,40.540000915527344,40.43000030517578,40.540000915527344,891100,0.0,0.0,0.0
2024-04-30 00:00:00-04:00,40.40999984741211,40.4900016784668,40.279998779296875,40.290000915527344,98400,0.0,0.0,0.0
2024-05-01 00:00:00-04:00,39.9900016784668,40.349998474121094,39.9900016784668,40.209999084472656,180800,0.0,0.0,0.0
2024-05-02 00:00:00-04:00,40.29999923706055,40.400001525878906,40.20000076293945,40.400001525878906,145500,0.0,0.0,0.0
2024-05-03 00:00:00-04:00,40.599998474121094,40.66999816894531,40.470001220703125,40.529998779296875,310200,0.0,0.0,0.0
2024-05-06 00:00:00-04:00,40.599998474121094,40.63999938964844,40.560001373291016,40.56999969482422,931100,0.0,0.0,0.0
2024-05-07 00:00:00-04:00,40.619998931884766,40.630001068115234,40.5099983215332,40.54999923706055,297300,0.0,0.0,0.0
2024-05-08 00:00:00-04:00,40.5,40.52000045776367,40.470001220703125,40.5,93000,0.0,0.0,0.0
2024-05-09 00:00:00-04:00,40.47999954223633,40.525001525878906,40.41999816894531,40.525001525878906,139900,0.0,0.0,0.0
2024-05-10 00:00:00-04:00,40.5099983215332,40.5099983215332,40.38999938964844,40.45000076293945,199000,0.0,0.0,0.0
2024-05-13 00:00:00-04:00,40.52000045776367,40.52000045776367,40.404998779296875,40.43000030517578,107900,0.0,0.0,0.0
2024-05-14 00:00:00-04:00,40.43000030517578,40.5099983215332,40.43000030517578,40.5,174400,0.0,0.0,0.0
2024-05-15 00:00:00-04:00,40.630001068115234,40.709999084472656,40.59000015258789,40.709999084472656,141800,0.0,0.0,0.0
2024-05-16 00:00:00-04:00,40.689998626708984,40.689998626708984,40.599998474121094,40.619998931884766,90200,0.0,0.0,0.0
2024-05-17 00:00:00-04:00,40.58000183105469,40.63999938964844,40.560001373291016,40.63999938964844,75400,0.0,0.0,0.0
2024-05-20 00:00:00-04:00,40.56999969482422,40.6349983215332,40.56999969482422,40.6349983215332,105000,0.0,0.0,0.0
2024-05-21 00:00:00-04:00,40.619998931884766,40.66999816894531,40.59000015258789,40.599998474121094,188800,0.0,0.0,0.0
2024-05-22 00:00:00-04:00,40.529998779296875,40.56999969482422,40.47999954223633,40.56999969482422,238300,0.0,0.0,0.0
2024-05-23 00:00:00-04:00,40.56999969482422,40.56999969482422,40.36000061035156,40.380001068115234,126400,0.0,0.0,0.0
2024-05-24 00:00:00-04:00,40.45000076293945,40.54999923706055,40.39500045776367,40.54999923706055,69700,0.0,0.0,0.0
2024-05-28 00:00:00-04:00,40.54999923706055,40.560001373291016,40.37099838256836,40.400001525878906,78300,0.0,0.0,0.0
2024-05-29 00:00:00-04:00,40.25,40.310001373291016,40.2400016784668,40.25,74200,0.0,0.0,0.0
2024-05-30 00:00:00-04:00,40.290000915527344,40.404998779296875,40.290000915527344,40.375,78300,0.0,0.0,0.0
2024-05-31 00:00:00-04:00,40.400001525878906,40.5,40.400001525878906,40.494998931884766,138700,0.0,0.0,0.0
2024-06-03 00:00:00-04:00,40.290000915527344,40.349998474121094,40.244998931884766,40.349998474121094,35000,0.0,0.0,0.0
2024-06-04 00:00:00-04:00,40.310001373291016,40.375,40.290000915527344,40.30500030517578,66800,0.0,0.0,0.0
2024-06-05 00:00:00-04:00,40.38999938964844,40.439998626708984,40.32099914550781,40.40999984741211,109200,0.0,0.0,0.0
2024-06-06 00:00:00-04:00,40.43000030517578,40.43000030517578,40.369998931884766,40.38999938964844,134100,0.0,0.0,0.0
2024-06-07 00:00:00-04:00,40.25,40.33000183105469,40.2400016784668,40.290000915527344,78600,0.0,0.0,0.0
2024-06-10 00:00:00-04:00,40.279998779296875,40.34000015258789,40.22999954223633,40.34000015258789,240700,0.0,0.0,0.0
2024-06-11 00:00:00-04:00,40.290000915527344,40.380001068115234,40.275001525878906,40.380001068115234,149500,0.0,0.0,0.0
2024-06-12 00:00:00-04:00,40.61000061035156,40.630001068115234,40.4900016784668,40.4900016784668,148800,0.0,0.0,0.0
2024-06-13 00:00:00-04:00,40.61000061035156,40.61000061035156,40.474998474121094,40.529998779296875,168200,0.0,0.0,0.0
2024-06-14 00:00:00-04:00,40.43000030517578,40.43000030517578,40.33000183105469,40.36000061035156,129400,0.0,0.0,0.0
2024-06-17 00:00:00-04:00,40.310001373291016,40.44499969482422,40.2599983215332,40.40999984741211,125900,0.0,0.0,0.0
2024-06-18 00:00:00-04:00,40.41999816894531,40.540000915527344,40.41999816894531,40.540000915527344,99600,0.0,0.0,0.0
2024-06-20 00:00:00-04:00,40.459999084472656,40.47999954223633,40.38999938964844,40.470001220703125,139800,0.0,0.0,0.0
2024-06-21 00:00:00-04:00,40.45000076293945,40.525001525878906,40.43000030517578,40.52000045776367,55400,0.0,0.0,0.0
2024-06-24 00:00:00-04:00,40.540000915527344,40.564998626708984,40.47999954223633,40.529998779296875,43400,0.0,0.0,0.0
2024-06-25 00:00:00-04:00,40.52000045776367,40.52000045776367,40.470001220703125,40.50600051879883,103400,0.0,0.0,0.0
2024-06-26 00:00:00-04:00,40.41999816894531,40.439998626708984,40.39500045776367,40.41999816894531,294000,0.0,0.0,0.0
2024-06-27 00:00:00-04:00,40.40999984741211,40.439998626708984,40.38999938964844,40.439998626708984,88200,0.0,0.0,0.0
2024-06-28 00:00:00-04:00,40.470001220703125,40.54999923706055,40.400001525878906,40.400001525878906,149900,0.0,0.0,0.0
2024-07-01 00:00:00-04:00,40.18000030517578,40.18000030517578,40.08000183105469,40.11000061035156,83700,0.0,0.0,0.0
2024-07-02 00:00:00-04:00,40.08000183105469,40.19499969482422,40.060001373291016,40.19499969482422,59700,0.0,0.0,0.0
2024-07-03 00:00:00-04:00,40.209999084472656,40.349998474121094,40.20800018310547,40.349998474121094,47600,0.0,0.0,0.0
2024-07-05 00:00:00-04:00,40.380001068115234,40.439998626708984,40.345001220703125,40.439998626708984,66600,0.0,0.0,0.0
2024-07-08 00:00:00-04:00,40.41999816894531,40.459999084472656,40.38999938964844,40.42499923706055,124600,0.0,0.0,0.0
2024-07-09 00:00:00-04:00,40.41999816894531,40.41999816894531,40.34000015258789,40.400001525878906,116500,0.0,0.0,0.0
2024-07-10 00:00:00-04:00,40.41999816894531,40.459999084472656,40.38999938964844,40.45000076293945,116600,0.0,0.0,0.0
2024-07-11 00:00:00-04:00,40.54999923706055,40.619998931884766,40.54999923706055,40.599998474121094,197400,0.0,0.0,0.0
2024-07-12 00:00:00-04:00,40.560001373291016,40.709999084472656,40.560001373291016,40.70000076293945,103300,0.0,0.0,0.0
2024-07-15 00:00:00-04:00,40.7400016784668,40.7400016784668,40.64500045776367,40.69499969482422,167100,0.0,0.0,0.0
2024-07-16 00:00:00-04:00,40.77000045776367,40.900001525878906,40.720001220703125,40.900001525878906,211600,0.0,0.0,0.0
2024-07-17 00:00:00-04:00,40.720001220703125,40.849998474121094,40.720001220703125,40.81999969482422,121400,0.0,0.0,0.0
2024-07-18 00:00:00-04:00,40.779998779296875,40.84000015258789,40.70500183105469,40.75,84800,0.0,0.0,0.0
2024-07-19 00:00:00-04:00,40.970001220703125,40.970001220703125,40.665000915527344,40.720001220703125,61000,0.0,0.0,0.0
