Date,Open,High,Low,Close,Volume,Dividends,Stock Splits,Capital Gains
2022-11-11 00:00:00-05:00,28.360000610351562,28.360000610351562,25.6299991607666,25.802000045776367,10000,0.0,0.0,0.0
2022-11-14 00:00:00-05:00,25.850000381469727,25.850000381469727,25.62700080871582,25.62700080871582,4300,0.0,0.0,0.0
2022-11-15 00:00:00-05:00,26.030000686645508,26.030000686645508,25.60300064086914,25.75,3300,0.0,0.0,0.0
2022-11-16 00:00:00-05:00,25.780000686645508,25.81100082397461,25.68000030517578,25.684999465942383,4400,0.0,0.0,0.0
2022-11-17 00:00:00-05:00,25.520000457763672,25.649999618530273,25.454999923706055,25.631999969482422,4600,0.0,0.0,0.0
2022-11-18 00:00:00-05:00,25.760000228881836,25.8700008392334,25.68000030517578,25.860000610351562,11600,0.0,0.0,0.0
2022-11-21 00:00:00-05:00,25.84000015258789,26.100000381469727,25.84000015258789,26.100000381469727,4700,0.0,0.0,0.0
2022-11-22 00:00:00-05:00,26.049999237060547,26.163000106811523,26.03700065612793,26.163000106811523,1700,0.0,0.0,0.0
2022-11-23 00:00:00-05:00,26.229999542236328,26.299999237060547,26.229999542236328,26.27400016784668,2400,0.0,0.0,0.0
2022-11-25 00:00:00-05:00,26.360000610351562,26.360000610351562,26.31999969482422,26.31999969482422,600,0.0,0.0,0.0
2022-11-28 00:00:00-05:00,26.260000228881836,26.260000228881836,25.940000534057617,25.954999923706055,2500,0.0,0.0,0.0
2022-11-29 00:00:00-05:00,25.906999588012695,25.920000076293945,25.80900001525879,25.888999938964844,4200,0.0,0.0,0.0
2022-11-30 00:00:00-05:00,25.850000381469727,26.569000244140625,25.792999267578125,26.569000244140625,5900,0.0,0.0,0.0
2022-12-01 00:00:00-05:00,26.719999313354492,26.719999313354492,26.55299949645996,26.62299919128418,6900,0.0,0.0,0.0
2022-12-02 00:00:00-05:00,26.43000030517578,26.6299991607666,26.3799991607666,26.62299919128418,2500,0.0,0.0,0.0
2022-12-05 00:00:00-05:00,26.479999542236328,26.479999542236328,26.15999984741211,26.22800064086914,2500,0.0,0.0,0.0
2022-12-06 00:00:00-05:00,26.229999542236328,26.229999542236328,25.829999923706055,25.910999298095703,2600,0.0,0.0,0.0
2022-12-07 00:00:00-05:00,25.989999771118164,26.02400016784668,25.920000076293945,25.94099998474121,3900,0.0,0.0,0.0
2022-12-08 00:00:00-05:00,26.110000610351562,26.160999298095703,26.10300064086914,26.160999298095703,1700,0.0,0.0,0.0
2022-12-09 00:00:00-05:00,26.18000030517578,26.190000534057617,25.966999053955078,25.966999053955078,3300,0.0,0.0,0.0
2022-12-12 00:00:00-05:00,26.09000015258789,26.351999282836914,26.049999237060547,26.351999282836914,1800,0.0,0.0,0.0
2022-12-13 00:00:00-05:00,27.030000686645508,27.030000686645508,26.420000076293945,26.523000717163086,8300,0.0,0.0,0.0
2022-12-14 00:00:00-05:00,26.760000228881836,26.77400016784668,26.299999237060547,26.440000534057617,2200,0.0,0.0,0.0
2022-12-15 00:00:00-05:00,26.0,26.0,25.75,25.815000534057617,2100,0.0,0.0,0.0
2022-12-16 00:00:00-05:00,25.65999984741211,25.65999984741211,25.399999618530273,25.53700065612793,2400,0.0,0.0,0.0
2022-12-19 00:00:00-05:00,25.489999771118164,25.530000686645508,25.250999450683594,25.358999252319336,1400,0.0,0.0,0.0
2022-12-20 00:00:00-05:00,25.3799991607666,25.424999237060547,25.34000015258789,25.343000411987305,10600,0.0,0.0,0.0
2022-12-21 00:00:00-05:00,25.610000610351562,25.770000457763672,25.559999465942383,25.691999435424805,4900,0.0,0.0,0.0
2022-12-22 00:00:00-05:00,25.479999542236328,25.479999542236328,25.25,25.45599937438965,2800,0.0,0.0,0.0
2022-12-23 00:00:00-05:00,25.469999313354492,25.56800079345703,25.35300064086914,25.56800079345703,3100,0.0,0.0,0.0
2022-12-27 00:00:00-05:00,25.65999984741211,25.65999984741211,25.459999084472656,25.56599998474121,7100,0.0,0.0,0.0
2022-12-28 00:00:00-05:00,25.719999313354492,25.719999313354492,25.297000885009766,25.297000885009766,2300,0.0,0.0,0.0
2022-12-29 00:00:00-05:00,25.59000015258789,25.649999618530273,25.59000015258789,25.610000610351562,7700,0.0,0.0,0.0
2022-12-30 00:00:00-05:00,25.56999969482422,25.700000762939453,25.260000228881836,25.700000762939453,6000,0.0,0.0,0.0
2023-01-03 00:00:00-05:00,25.670000076293945,25.670000076293945,25.239999771118164,25.420000076293945,2400,0.0,0.0,0.0
2023-01-04 00:00:00-05:00,25.399999618530273,25.700000762939453,25.399999618530273,25.559999465942383,3500,0.0,0.0,0.0
2023-01-05 00:00:00-05:00,25.329999923706055,25.329999923706055,25.225000381469727,25.239999771118164,4000,0.0,0.0,0.0
2023-01-06 00:00:00-05:00,25.530000686645508,25.8700008392334,25.39900016784668,25.81800079345703,4600,0.0,0.0,0.0
2023-01-09 00:00:00-05:00,26.0,26.100000381469727,25.69099998474121,25.69099998474121,8000,0.0,0.0,0.0
2023-01-10 00:00:00-05:00,25.770000457763672,25.84000015258789,25.621000289916992,25.81599998474121,15000,0.0,0.0,0.0
2023-01-11 00:00:00-05:00,25.959999084472656,26.1200008392334,25.920000076293945,26.097999572753906,4000,0.0,0.0,0.0
2023-01-12 00:00:00-05:00,26.1299991607666,26.209999084472656,26.077999114990234,26.132999420166016,7800,0.0,0.0,0.0
2023-01-13 00:00:00-05:00,26.030000686645508,26.219999313354492,25.988000869750977,26.183000564575195,20700,0.0,0.0,0.0
2023-01-17 00:00:00-05:00,26.239999771118164,26.239999771118164,26.055999755859375,26.079999923706055,7400,0.0,0.0,0.0
2023-01-18 00:00:00-05:00,26.209999084472656,26.209999084472656,25.667999267578125,25.670000076293945,5500,0.0,0.0,0.0
2023-01-19 00:00:00-05:00,25.6200008392334,25.6200008392334,25.408000946044922,25.408000946044922,9400,0.0,0.0,0.0
2023-01-20 00:00:00-05:00,25.36400032043457,25.736000061035156,25.34000015258789,25.736000061035156,1800,0.0,0.0,0.0
2023-01-23 00:00:00-05:00,25.8700008392334,26.059999465942383,25.8700008392334,25.95400047302246,7800,0.0,0.0,0.0
2023-01-24 00:00:00-05:00,25.969999313354492,28.56999969482422,25.860000610351562,25.97800064086914,14700,0.0,0.0,0.0
2023-01-25 00:00:00-05:00,25.829999923706055,25.93000030517578,25.780000686645508,25.900999069213867,10400,0.0,0.0,0.0
2023-01-26 00:00:00-05:00,25.969999313354492,26.01300048828125,25.969999313354492,26.01300048828125,600,0.0,0.0,0.0
2023-01-27 00:00:00-05:00,26.030000686645508,26.114999771118164,25.969999313354492,26.017000198364258,2200,0.0,0.0,0.0
2023-01-30 00:00:00-05:00,25.959999084472656,26.010000228881836,25.783000946044922,25.783000946044922,1600,0.0,0.0,0.0
2023-01-31 00:00:00-05:00,25.93000030517578,26.14699935913086,25.93000030517578,26.14699935913086,10200,0.0,0.0,0.0
2023-02-01 00:00:00-05:00,26.149999618530273,26.559999465942383,26.010000228881836,26.420000076293945,6600,0.0,0.0,0.0
2023-02-02 00:00:00-05:00,26.5,26.610000610351562,26.496000289916992,26.610000610351562,2600,0.0,0.0,0.0
2023-02-03 00:00:00-05:00,26.309999465942383,26.562000274658203,26.309999465942383,26.408000946044922,6300,0.0,0.0,0.0
2023-02-06 00:00:00-05:00,26.260000228881836,26.329999923706055,26.260000228881836,26.264999389648438,22400,0.0,0.0,0.0
2023-02-07 00:00:00-05:00,26.270000457763672,26.45800018310547,26.149999618530273,26.45800018310547,2200,0.0,0.0,0.0
2023-02-08 00:00:00-05:00,26.43000030517578,26.43000030517578,26.233999252319336,26.2450008392334,5500,0.0,0.0,0.0
2023-02-09 00:00:00-05:00,26.350000381469727,26.3700008392334,25.989999771118164,26.017000198364258,4100,0.0,0.0,0.0
2023-02-10 00:00:00-05:00,26.0,26.15999984741211,26.0,26.148000717163086,15400,0.0,0.0,0.0
2023-02-13 00:00:00-05:00,26.270000457763672,26.459999084472656,26.270000457763672,26.459999084472656,10200,0.0,0.0,0.0
2023-02-14 00:00:00-05:00,26.399999618530273,26.40999984741211,26.266000747680664,26.34000015258789,8900,0.0,0.0,0.0
2023-02-15 00:00:00-05:00,26.280000686645508,26.399999618530273,26.2450008392334,26.386999130249023,5700,0.0,0.0,0.0
2023-02-16 00:00:00-05:00,26.059999465942383,26.344999313354492,26.059999465942383,26.149999618530273,8900,0.0,0.0,0.0
2023-02-17 00:00:00-05:00,26.1200008392334,26.200000762939453,26.049999237060547,26.200000762939453,8600,0.0,0.0,0.0
2023-02-21 00:00:00-05:00,26.030000686645508,26.030000686645508,25.68000030517578,25.68000030517578,9600,0.0,0.0,0.0
2023-02-22 00:00:00-05:00,25.68000030517578,25.760000228881836,25.559999465942383,25.59000015258789,3000,0.0,0.0,0.0
2023-02-23 00:00:00-05:00,25.799999237060547,25.799999237060547,25.5,25.707000732421875,2900,0.0,0.0,0.0
2023-02-24 00:00:00-05:00,25.559999465942383,25.559999465942383,25.350000381469727,25.45599937438965,8500,0.0,0.0,0.0
2023-02-27 00:00:00-05:00,25.610000610351562,25.75,25.479999542236328,25.489999771118164,7800,0.0,0.0,0.0
2023-02-28 00:00:00-05:00,25.469999313354492,25.56999969482422,25.420000076293945,25.420000076293945,6800,0.0,0.0,0.0
2023-03-01 00:00:00-05:00,25.260000228881836,25.270000457763672,25.209999084472656,25.266000747680664,2300,0.0,0.0,0.0
2023-03-02 00:00:00-05:00,25.25,25.46299934387207,25.18000030517578,25.46299934387207,3100,0.0,0.0,0.0
2023-03-03 00:00:00-05:00,25.65999984741211,25.808000564575195,25.59000015258789,25.808000564575195,9800,0.0,0.0,0.0
2023-03-06 00:00:00-05:00,25.91699981689453,26.010000228881836,25.84000015258789,25.8700008392334,15600,0.0,0.0,0.0
2023-03-07 00:00:00-05:00,25.700000762939453,25.700000762939453,25.46500015258789,25.469999313354492,6800,0.0,0.0,0.0
2023-03-08 00:00:00-05:00,25.5,25.549999237060547,25.395000457763672,25.493999481201172,6200,0.0,0.0,0.0
2023-03-09 00:00:00-05:00,25.559999465942383,25.559999465942383,25.139999389648438,25.139999389648438,35800,0.0,0.0,0.0
2023-03-10 00:00:00-05:00,25.0,25.0,24.739999771118164,24.790000915527344,4100,0.0,0.0,0.0
2023-03-13 00:00:00-04:00,24.68000030517578,25.1200008392334,24.68000030517578,24.8700008392334,8000,0.0,0.0,0.0
2023-03-14 00:00:00-04:00,25.1299991607666,25.170000076293945,24.989999771118164,25.16699981689453,18700,0.0,0.0,0.0
2023-03-15 00:00:00-04:00,24.940000534057617,25.09000015258789,24.81999969482422,25.09000015258789,6400,0.0,0.0,0.0
2023-03-16 00:00:00-04:00,25.31999969482422,25.389999389648438,25.299999237060547,25.389999389648438,700,0.0,0.0,0.0
2023-03-17 00:00:00-04:00,25.190000534057617,25.190000534057617,25.14699935913086,25.15999984741211,3500,0.0,0.0,0.0
2023-03-20 00:00:00-04:00,25.25,25.3799991607666,25.25,25.3799991607666,2200,0.0,0.0,0.0
2023-03-21 00:00:00-04:00,25.6299991607666,25.6299991607666,25.354999542236328,25.540000915527344,8600,0.0,0.0,0.0
2023-03-22 00:00:00-04:00,25.579999923706055,25.579999923706055,25.139999389648438,25.139999389648438,1000,0.0,0.0,0.0
2023-03-23 00:00:00-04:00,25.360000610351562,25.360000610351562,25.100000381469727,25.190000534057617,2500,0.0,0.0,0.0
2023-03-24 00:00:00-04:00,25.18000030517578,25.381000518798828,25.18000030517578,25.381000518798828,900,0.0,0.0,0.0
2023-03-27 00:00:00-04:00,25.6299991607666,25.6299991607666,25.450000762939453,25.450000762939453,1800,0.0,0.0,0.0
2023-03-28 00:00:00-04:00,25.360000610351562,25.420000076293945,25.312999725341797,25.368999481201172,5200,0.0,0.0,0.0
2023-03-29 00:00:00-04:00,25.40999984741211,25.6200008392334,25.40999984741211,25.59000015258789,2400,0.0,0.0,0.0
2023-03-30 00:00:00-04:00,25.799999237060547,25.799999237060547,25.709999084472656,25.729999542236328,1000,0.0,0.0,0.0
2023-03-31 00:00:00-04:00,25.729999542236328,26.079999923706055,25.729999542236328,26.079999923706055,6100,0.0,0.0,0.0
2023-04-03 00:00:00-04:00,26.12700080871582,26.219999313354492,26.100000381469727,26.190000534057617,8200,0.0,0.0,0.0
2023-04-04 00:00:00-04:00,26.270000457763672,26.270000457763672,26.030000686645508,26.040000915527344,2900,0.0,0.0,0.0
2023-04-05 00:00:00-04:00,26.110000610351562,26.110000610351562,26.007999420166016,26.070999145507812,1500,0.0,0.0,0.0
2023-04-06 00:00:00-04:00,26.1200008392334,26.1200008392334,26.100000381469727,26.118999481201172,3000,0.0,0.0,0.0
2023-04-10 00:00:00-04:00,26.049999237060547,26.15999984741211,25.950000762939453,26.15999984741211,3800,0.0,0.0,0.0
2023-04-11 00:00:00-04:00,26.260000228881836,26.260000228881836,26.200000762939453,26.200000762939453,1600,0.0,0.0,0.0
2023-04-12 00:00:00-04:00,26.309999465942383,26.31999969482422,26.124000549316406,26.124000549316406,5800,0.0,0.0,0.0
2023-04-13 00:00:00-04:00,26.260000228881836,26.440000534057617,26.16200065612793,26.440000534057617,4900,0.0,0.0,0.0
2023-04-14 00:00:00-04:00,26.43000030517578,26.43000030517578,26.19700050354004,26.31999969482422,5400,0.0,0.0,0.0
2023-04-17 00:00:00-04:00,26.420000076293945,26.459999084472656,26.290000915527344,26.459999084472656,2600,0.0,0.0,0.0
2023-04-18 00:00:00-04:00,26.5,26.5,26.40999984741211,26.450000762939453,2800,0.0,0.0,0.0
2023-04-19 00:00:00-04:00,26.39299964904785,26.43199920654297,26.389999389648438,26.43000030517578,4900,0.0,0.0,0.0
2023-04-20 00:00:00-04:00,26.466999053955078,26.466999053955078,26.399999618530273,26.40999984741211,1100,0.0,0.0,0.0
2023-04-21 00:00:00-04:00,26.440000534057617,26.450000762939453,26.399999618530273,26.450000762939453,1200,0.0,0.0,0.0
2023-04-24 00:00:00-04:00,26.389999389648438,26.5,26.389999389648438,26.479999542236328,6700,0.0,0.0,0.0
2023-04-25 00:00:00-04:00,26.489999771118164,26.489999771118164,26.15999984741211,26.15999984741211,5100,0.0,0.0,0.0
2023-04-26 00:00:00-04:00,26.190000534057617,26.190000534057617,25.8799991607666,25.90999984741211,8600,0.0,0.0,0.0
2023-04-27 00:00:00-04:00,26.003999710083008,26.290000915527344,26.003999710083008,26.280000686645508,2400,0.0,0.0,0.0
2023-04-28 00:00:00-04:00,26.329999923706055,26.520000457763672,26.32699966430664,26.520000457763672,4400,0.0,0.0,0.0
2023-05-01 00:00:00-04:00,26.540000915527344,26.610000610351562,26.540000915527344,26.57699966430664,7100,0.0,0.0,0.0
2023-05-02 00:00:00-04:00,26.59000015258789,26.59000015258789,26.200000762939453,26.344999313354492,4800,0.0,0.0,0.0
2023-05-03 00:00:00-04:00,26.40399932861328,26.40999984741211,26.190000534057617,26.200000762939453,16700,0.0,0.0,0.0
2023-05-04 00:00:00-04:00,26.1200008392334,26.1200008392334,26.0,26.079999923706055,2600,0.0,0.0,0.0
2023-05-05 00:00:00-04:00,26.360000610351562,26.520000457763672,26.316999435424805,26.447999954223633,14200,0.0,0.0,0.0
2023-05-08 00:00:00-04:00,26.520000457763672,26.520000457763672,26.389999389648438,26.415000915527344,7200,0.0,0.0,0.0
2023-05-09 00:00:00-04:00,26.31399917602539,26.350000381469727,26.299999237060547,26.299999237060547,6000,0.0,0.0,0.0
2023-05-10 00:00:00-04:00,26.489999771118164,26.489999771118164,26.195999145507812,26.368999481201172,7000,0.0,0.0,0.0
2023-05-11 00:00:00-04:00,26.229999542236328,26.280000686645508,26.124000549316406,26.280000686645508,5000,0.0,0.0,0.0
2023-05-12 00:00:00-04:00,26.350000381469727,26.350000381469727,26.176000595092773,26.299999237060547,2800,0.0,0.0,0.0
2023-05-15 00:00:00-04:00,26.40999984741211,26.40999984741211,26.2450008392334,26.329999923706055,6900,0.0,0.0,0.0
2023-05-16 00:00:00-04:00,26.149999618530273,26.149999618530273,26.06999969482422,26.06999969482422,2600,0.0,0.0,0.0
2023-05-17 00:00:00-04:00,26.260000228881836,26.299999237060547,26.100000381469727,26.280000686645508,7000,0.0,0.0,0.0
2023-05-18 00:00:00-04:00,26.309999465942383,26.420000076293945,26.19499969482422,26.420000076293945,1800,0.0,0.0,0.0
2023-05-19 00:00:00-04:00,26.540000915527344,26.540000915527344,26.392000198364258,26.420000076293945,6300,0.0,0.0,0.0
2023-05-22 00:00:00-04:00,26.479999542236328,26.479999542236328,26.326000213623047,26.33099937438965,3200,0.0,0.0,0.0
2023-05-23 00:00:00-04:00,26.350000381469727,26.350000381469727,26.05500030517578,26.05500030517578,13200,0.0,0.0,0.0
2023-05-24 00:00:00-04:00,26.0,26.0,25.809999465942383,25.809999465942383,3300,0.0,0.0,0.0
2023-05-25 00:00:00-04:00,25.75,25.920000076293945,25.729999542236328,25.8799991607666,5900,0.0,0.0,0.0
2023-05-26 00:00:00-04:00,26.020000457763672,26.18000030517578,26.020000457763672,26.1560001373291,2500,0.0,0.0,0.0
2023-05-30 00:00:00-04:00,26.18000030517578,26.18000030517578,26.014999389648438,26.04800033569336,18400,0.0,0.0,0.0
2023-05-31 00:00:00-04:00,26.079999923706055,26.079999923706055,25.934999465942383,25.989999771118164,19900,0.0,0.0,0.0
2023-06-01 00:00:00-04:00,26.09000015258789,26.18000030517578,25.952999114990234,26.18000030517578,4800,0.0,0.0,0.0
2023-06-02 00:00:00-04:00,26.389999389648438,26.610000610351562,26.385000228881836,26.577999114990234,180800,0.0,0.0,0.0
2023-06-05 00:00:00-04:00,26.68000030517578,26.68000030517578,26.5,26.5,8200,0.0,0.0,0.0
2023-06-06 00:00:00-04:00,26.600000381469727,26.600000381469727,26.3700008392334,26.450000762939453,5600,0.0,0.0,0.0
2023-06-07 00:00:00-04:00,26.510000228881836,26.510000228881836,26.423999786376953,26.469999313354492,6000,0.0,0.0,0.0
2023-06-08 00:00:00-04:00,26.540000915527344,26.6200008392334,26.43000030517578,26.59000015258789,28100,0.0,0.0,0.0
2023-06-09 00:00:00-04:00,26.670000076293945,26.670000076293945,26.549999237060547,26.579999923706055,8100,0.0,0.0,0.0
2023-06-12 00:00:00-04:00,26.700000762939453,26.790000915527344,26.579999923706055,26.790000915527344,6400,0.0,0.0,0.0
2023-06-13 00:00:00-04:00,26.8799991607666,26.940000534057617,26.80500030517578,26.899999618530273,5200,0.0,0.0,0.0
2023-06-14 00:00:00-04:00,26.969999313354492,26.989999771118164,26.8799991607666,26.940000534057617,5100,0.0,0.0,0.0
2023-06-15 00:00:00-04:00,27.010000228881836,27.34000015258789,26.94499969482422,27.290000915527344,5300,0.0,0.0,0.0
2023-06-16 00:00:00-04:00,27.375999450683594,27.399999618530273,27.219999313354492,27.219999313354492,6500,0.0,0.0,0.0
2023-06-20 00:00:00-04:00,27.15999984741211,27.15999984741211,27.040000915527344,27.040000915527344,4800,0.0,0.0,0.0
2023-06-21 00:00:00-04:00,27.06999969482422,27.06999969482422,27.0,27.06999969482422,4200,0.0,0.0,0.0
2023-06-22 00:00:00-04:00,27.09000015258789,27.09000015258789,27.0,27.059999465942383,8600,0.0,0.0,0.0
2023-06-23 00:00:00-04:00,26.989999771118164,26.989999771118164,26.8799991607666,26.881999969482422,10600,0.0,0.0,0.0
2023-06-26 00:00:00-04:00,26.969999313354492,26.969999313354492,26.868999481201172,26.87700080871582,6500,0.0,0.0,0.0
2023-06-27 00:00:00-04:00,27.030000686645508,27.149999618530273,26.940000534057617,27.149999618530273,2200,0.0,0.0,0.0
2023-06-28 00:00:00-04:00,26.959999084472656,27.049999237060547,26.945999145507812,26.95800018310547,5300,0.0,0.0,0.0
2023-06-29 00:00:00-04:00,27.059999465942383,27.170000076293945,27.030000686645508,27.160999298095703,3700,0.0,0.0,0.0
2023-06-30 00:00:00-04:00,27.249000549316406,27.4950008392334,27.249000549316406,27.459999084472656,8400,0.0,0.0,0.0
2023-07-03 00:00:00-04:00,27.479999542236328,27.59000015258789,27.360000610351562,27.59000015258789,2900,0.0,0.0,0.0
2023-07-05 00:00:00-04:00,27.389999389648438,27.389999389648438,27.299999237060547,27.299999237060547,3500,0.0,0.0,0.0
2023-07-06 00:00:00-04:00,27.209999084472656,27.209999084472656,27.040000915527344,27.131000518798828,8300,0.0,0.0,0.0
2023-07-07 00:00:00-04:00,27.079999923706055,27.187999725341797,26.94499969482422,26.94499969482422,6200,0.0,0.0,0.0
2023-07-10 00:00:00-04:00,27.010000228881836,27.110000610351562,27.0,27.094999313354492,11900,0.0,0.0,0.0
2023-07-11 00:00:00-04:00,27.229999542236328,27.229999542236328,27.104999542236328,27.225000381469727,9200,0.0,0.0,0.0
2023-07-12 00:00:00-04:00,27.479999542236328,27.479999542236328,27.31999969482422,27.32200050354004,17800,0.0,0.0,0.0
2023-07-13 00:00:00-04:00,27.389999389648438,27.5,27.389999389648438,27.445999145507812,6400,0.0,0.0,0.0
2023-07-14 00:00:00-04:00,27.59000015258789,27.59000015258789,27.51799964904785,27.549999237060547,7100,0.0,0.0,0.0
2023-07-17 00:00:00-04:00,28.709999084472656,28.709999084472656,27.5,27.579999923706055,8300,0.0,0.0,0.0
2023-07-18 00:00:00-04:00,27.639999389648438,27.739999771118164,27.6200008392334,27.719999313354492,9500,0.0,0.0,0.0
2023-07-19 00:00:00-04:00,27.860000610351562,27.860000610351562,27.760000228881836,27.799999237060547,6700,0.0,0.0,0.0
2023-07-20 00:00:00-04:00,27.799999237060547,27.959999084472656,27.799999237060547,27.8700008392334,15800,0.0,0.0,0.0
2023-07-21 00:00:00-04:00,27.899999618530273,28.09000015258789,27.899999618530273,28.020000457763672,5600,0.0,0.0,0.0
2023-07-24 00:00:00-04:00,28.139999389648438,28.139999389648438,28.0939998626709,28.097999572753906,22700,0.0,0.0,0.0
2023-07-25 00:00:00-04:00,28.139999389648438,28.219999313354492,28.1200008392334,28.158000946044922,9300,0.0,0.0,0.0
2023-07-26 00:00:00-04:00,28.049999237060547,28.170000076293945,28.030000686645508,28.097999572753906,8500,0.0,0.0,0.0
2023-07-27 00:00:00-04:00,28.280000686645508,28.280000686645508,27.8799991607666,27.892000198364258,14300,0.0,0.0,0.0
2023-07-28 00:00:00-04:00,28.055999755859375,28.079999923706055,28.020999908447266,28.030000686645508,13200,0.0,0.0,0.0
2023-07-31 00:00:00-04:00,28.149999618530273,28.149999618530273,27.969999313354492,28.040000915527344,8600,0.0,0.0,0.0
2023-08-01 00:00:00-04:00,28.059999465942383,28.079999923706055,27.951000213623047,28.020000457763672,19400,0.0,0.0,0.0
2023-08-02 00:00:00-04:00,27.790000915527344,27.924999237060547,27.770000457763672,27.780000686645508,21700,0.0,0.0,0.0
2023-08-03 00:00:00-04:00,27.770000457763672,27.770000457763672,27.628000259399414,27.690000534057617,10500,0.0,0.0,0.0
2023-08-04 00:00:00-04:00,27.780000686645508,27.780000686645508,27.469999313354492,27.489999771118164,8700,0.0,0.0,0.0
2023-08-07 00:00:00-04:00,27.649999618530273,27.739999771118164,27.649999618530273,27.739999771118164,3600,0.0,0.0,0.0
2023-08-08 00:00:00-04:00,28.0,28.0,27.534000396728516,27.700000762939453,29400,0.0,0.0,0.0
2023-08-09 00:00:00-04:00,27.780000686645508,27.780000686645508,27.606000900268555,27.606000900268555,10400,0.0,0.0,0.0
2023-08-10 00:00:00-04:00,27.839000701904297,27.839000701904297,27.586000442504883,27.600000381469727,6800,0.0,0.0,0.0
2023-08-11 00:00:00-04:00,27.6299991607666,27.670000076293945,27.524999618530273,27.639999389648438,11600,0.0,0.0,0.0
2023-08-14 00:00:00-04:00,27.709999084472656,27.739999771118164,27.670000076293945,27.739999771118164,7600,0.0,0.0,0.0
2023-08-15 00:00:00-04:00,27.549999237060547,27.610000610351562,27.459999084472656,27.5,11700,0.0,0.0,0.0
2023-08-16 00:00:00-04:00,27.575000762939453,27.575000762939453,27.329999923706055,27.329999923706055,7900,0.0,0.0,0.0
2023-08-17 00:00:00-04:00,27.389999389648438,27.464000701904297,27.190000534057617,27.190000534057617,4000,0.0,0.0,0.0
2023-08-18 00:00:00-04:00,27.170000076293945,27.264999389648438,27.139999389648438,27.239999771118164,5700,0.0,0.0,0.0
2023-08-21 00:00:00-04:00,27.34000015258789,27.34000015258789,27.101999282836914,27.264999389648438,11500,0.0,0.0,0.0
2023-08-22 00:00:00-04:00,27.280000686645508,27.280000686645508,27.200000762939453,27.2189998626709,12800,0.0,0.0,0.0
2023-08-23 00:00:00-04:00,27.3700008392334,27.459999084472656,27.334999084472656,27.413999557495117,8600,0.0,0.0,0.0
2023-08-24 00:00:00-04:00,27.481000900268555,27.481000900268555,27.139999389648438,27.139999389648438,5800,0.0,0.0,0.0
2023-08-25 00:00:00-04:00,27.149999618530273,27.40999984741211,27.149999618530273,27.34000015258789,4900,0.0,0.0,0.0
2023-08-28 00:00:00-04:00,27.520000457763672,27.520000457763672,27.420000076293945,27.479999542236328,9300,0.0,0.0,0.0
2023-08-29 00:00:00-04:00,27.540000915527344,27.760000228881836,27.510000228881836,27.760000228881836,7400,0.0,0.0,0.0
2023-08-30 00:00:00-04:00,27.84000015258789,27.899999618530273,27.78700065612793,27.850000381469727,11600,0.0,0.0,0.0
2023-08-31 00:00:00-04:00,27.780000686645508,27.84000015258789,27.729999542236328,27.729999542236328,8400,0.0,0.0,0.0
2023-09-01 00:00:00-04:00,27.792999267578125,27.799999237060547,27.7450008392334,27.799999237060547,3600,0.0,0.0,0.0
2023-09-05 00:00:00-04:00,27.790000915527344,27.790000915527344,27.579999923706055,27.59000015258789,4000,0.0,0.0,0.0
2023-09-06 00:00:00-04:00,27.549999237060547,27.549999237060547,27.34000015258789,27.43000030517578,43400,0.0,0.0,0.0
2023-09-07 00:00:00-04:00,27.389999389648438,27.424999237060547,27.280000686645508,27.420000076293945,4900,0.0,0.0,0.0
2023-09-08 00:00:00-04:00,27.420000076293945,27.469999313354492,27.3799991607666,27.40999984741211,5800,0.0,0.0,0.0
2023-09-11 00:00:00-04:00,27.610000610351562,27.610000610351562,27.440000534057617,27.540000915527344,10500,0.0,0.0,0.0
2023-09-12 00:00:00-04:00,27.389999389648438,27.450000762939453,27.3799991607666,27.389999389648438,7500,0.0,0.0,0.0
2023-09-13 00:00:00-04:00,27.469999313354492,27.469999313354492,27.389999389648438,27.420000076293945,6900,0.0,0.0,0.0
2023-09-14 00:00:00-04:00,27.51099967956543,27.614999771118164,27.507999420166016,27.610000610351562,1700,0.0,0.0,0.0
2023-09-15 00:00:00-04:00,27.639999389648438,27.639999389648438,27.31999969482422,27.31999969482422,1600,0.0,0.0,0.0
2023-09-18 00:00:00-04:00,27.43000030517578,27.43000030517578,27.329999923706055,27.360000610351562,12600,0.0,0.0,0.0
2023-09-19 00:00:00-04:00,27.280000686645508,27.31999969482422,27.145999908447266,27.27899932861328,4600,0.0,0.0,0.0
2023-09-20 00:00:00-04:00,27.440000534057617,27.54400062561035,27.15999984741211,27.163999557495117,44200,0.0,0.0,0.0
2023-09-21 00:00:00-04:00,27.110000610351562,27.110000610351562,26.760000228881836,26.760000228881836,12300,0.0,0.0,0.0
2023-09-22 00:00:00-04:00,26.899999618530273,26.90999984741211,26.709999084472656,26.709999084472656,9300,0.0,0.0,0.0
2023-09-25 00:00:00-04:00,26.639999389648438,26.799999237060547,26.639999389648438,26.799999237060547,14500,0.0,0.0,0.0
2023-09-26 00:00:00-04:00,26.739999771118164,26.739999771118164,26.399999618530273,26.429000854492188,6700,0.0,0.0,0.0
2023-09-27 00:00:00-04:00,26.5,26.5,26.084999084472656,26.26300048828125,10900,0.0,0.0,0.0
2023-09-28 00:00:00-04:00,26.3700008392334,26.420000076293945,26.3700008392334,26.420000076293945,2500,0.0,0.0,0.0
2023-09-29 00:00:00-04:00,26.520000457763672,26.549999237060547,26.266000747680664,26.329999923706055,7800,0.0,0.0,0.0
2023-10-02 00:00:00-04:00,26.360000610351562,26.360000610351562,26.091999053955078,26.239999771118164,28000,0.0,0.0,0.0
2023-10-03 00:00:00-04:00,26.0,26.0,25.950000762939453,25.950000762939453,2300,0.0,0.0,0.0
2023-10-04 00:00:00-04:00,26.06999969482422,26.135000228881836,25.959999084472656,26.135000228881836,6500,0.0,0.0,0.0
2023-10-05 00:00:00-04:00,26.0,26.1299991607666,26.0,26.110000610351562,9600,0.0,0.0,0.0
2023-10-06 00:00:00-04:00,26.0,26.420000076293945,25.891000747680664,26.343000411987305,10300,0.0,0.0,0.0
2023-10-09 00:00:00-04:00,26.374000549316406,26.549999237060547,26.374000549316406,26.527000427246094,6600,0.0,0.0,0.0
2023-10-10 00:00:00-04:00,26.68000030517578,26.68000030517578,26.63599967956543,26.63599967956543,8800,0.0,0.0,0.0
2023-10-11 00:00:00-04:00,26.709999084472656,26.739999771118164,26.589000701904297,26.719999313354492,16300,0.0,0.0,0.0
2023-10-12 00:00:00-04:00,26.739999771118164,26.739999771118164,26.56999969482422,26.593000411987305,1000,0.0,0.0,0.0
2023-10-13 00:00:00-04:00,26.704999923706055,26.704999923706055,26.459999084472656,26.579999923706055,4800,0.0,0.0,0.0
2023-10-16 00:00:00-04:00,26.760000228881836,26.8799991607666,26.719999313354492,26.84000015258789,6200,0.0,0.0,0.0
2023-10-17 00:00:00-04:00,26.75,26.84000015258789,26.709999084472656,26.84000015258789,6200,0.0,0.0,0.0
2023-10-18 00:00:00-04:00,26.68899917602539,26.68899917602539,26.540000915527344,26.54800033569336,2200,0.0,0.0,0.0
2023-10-19 00:00:00-04:00,26.479999542236328,26.555999755859375,26.290000915527344,26.290000915527344,1800,0.0,0.0,0.0
2023-10-20 00:00:00-04:00,26.350000381469727,26.354000091552734,26.065000534057617,26.06999969482422,17800,0.0,0.0,0.0
2023-10-23 00:00:00-04:00,25.899999618530273,26.100000381469727,25.899999618530273,25.899999618530273,3700,0.0,0.0,0.0
2023-10-24 00:00:00-04:00,26.079999923706055,26.1200008392334,25.920000076293945,26.049999237060547,3900,0.0,0.0,0.0
2023-10-25 00:00:00-04:00,25.979999542236328,25.989999771118164,25.899999618530273,25.899999618530273,1400,0.0,0.0,0.0
2023-10-26 00:00:00-04:00,25.93000030517578,25.93000030517578,25.68000030517578,25.68000030517578,7600,0.0,0.0,0.0
2023-10-27 00:00:00-04:00,25.540000915527344,25.56999969482422,25.305999755859375,25.3799991607666,6100,0.0,0.0,0.0
2023-10-30 00:00:00-04:00,25.520000457763672,25.670000076293945,25.459999084472656,25.670000076293945,2000,0.0,0.0,0.0
2023-10-31 00:00:00-04:00,25.709999084472656,25.84000015258789,25.68000030517578,25.829999923706055,8100,0.0,0.0,0.0
2023-11-01 00:00:00-04:00,25.926000595092773,25.979999542236328,25.8799991607666,25.979999542236328,25400,0.0,0.0,0.0
2023-11-02 00:00:00-04:00,26.09000015258789,26.479999542236328,26.09000015258789,26.459999084472656,2000,0.0,0.0,0.0
2023-11-03 00:00:00-04:00,26.690000534057617,26.729999542236328,26.6200008392334,26.649999618530273,2500,0.0,0.0,0.0
2023-11-06 00:00:00-05:00,26.770000457763672,26.770000457763672,26.63599967956543,26.719999313354492,4500,0.0,0.0,0.0
2023-11-07 00:00:00-05:00,26.670000076293945,26.780000686645508,26.670000076293945,26.739999771118164,3900,0.0,0.0,0.0
2023-11-08 00:00:00-05:00,26.790000915527344,26.809999465942383,26.729999542236328,26.80900001525879,10200,0.0,0.0,0.0
2023-11-09 00:00:00-05:00,26.600000381469727,26.614999771118164,26.56999969482422,26.56999969482422,500,0.0,0.0,0.0
2023-11-10 00:00:00-05:00,26.600000381469727,26.920000076293945,26.579999923706055,26.920000076293945,1700,0.0,0.0,0.0
2023-11-13 00:00:00-05:00,26.950000762939453,26.950000762939453,26.780000686645508,26.889999389648438,2400,0.0,0.0,0.0
2023-11-14 00:00:00-05:00,27.239999771118164,27.389999389648438,27.239999771118164,27.360000610351562,1800,0.0,0.0,0.0
2023-11-15 00:00:00-05:00,27.43000030517578,27.489999771118164,27.420000076293945,27.43000030517578,3700,0.0,0.0,0.0
2023-11-16 00:00:00-05:00,27.469999313354492,27.469999313354492,27.341999053955078,27.440000534057617,15300,0.0,0.0,0.0
2023-11-17 00:00:00-05:00,27.5,27.5,27.3799991607666,27.440000534057617,4900,0.0,0.0,0.0
2023-11-20 00:00:00-05:00,27.479999542236328,27.600000381469727,27.47599983215332,27.600000381469727,3000,0.0,0.0,0.0
2023-11-21 00:00:00-05:00,27.56999969482422,27.610000610351562,27.56999969482422,27.600000381469727,1700,0.0,0.0,0.0
2023-11-22 00:00:00-05:00,27.709999084472656,27.719999313354492,27.670000076293945,27.719999313354492,2100,0.0,0.0,0.0
2023-11-24 00:00:00-05:00,27.75,27.799999237060547,27.75,27.799999237060547,800,0.0,0.0,0.0
2023-11-27 00:00:00-05:00,27.829999923706055,27.829999923706055,27.68000030517578,27.700000762939453,2600,0.0,0.0,0.0
2023-11-28 00:00:00-05:00,27.760000228881836,27.760000228881836,27.6200008392334,27.670000076293945,1300,0.0,0.0,0.0
2023-11-29 00:00:00-05:00,27.799999237060547,27.799999237060547,27.6299991607666,27.639999389648438,3400,0.0,0.0,0.0
2023-11-30 00:00:00-05:00,27.770000457763672,27.889999389648438,27.665000915527344,27.889999389648438,2700,0.0,0.0,0.0
2023-12-01 00:00:00-05:00,27.889999389648438,28.079999923706055,27.889999389648438,28.079999923706055,1500,0.0,0.0,0.0
2023-12-04 00:00:00-05:00,27.969999313354492,28.049999237060547,27.969999313354492,28.049999237060547,1300,0.0,0.0,0.0
2023-12-05 00:00:00-05:00,28.0,28.0,27.882999420166016,27.969999313354492,5700,0.0,0.0,0.0
2023-12-06 00:00:00-05:00,27.94499969482422,28.010000228881836,27.93000030517578,27.93000030517578,10800,0.0,0.0,0.0
2023-12-07 00:00:00-05:00,27.940000534057617,28.0,27.93000030517578,28.0,12700,0.0,0.0,0.0
2023-12-08 00:00:00-05:00,27.940000534057617,28.079999923706055,27.920000076293945,28.049999237060547,3600,0.0,0.0,0.0
2023-12-11 00:00:00-05:00,28.139999389648438,28.299999237060547,28.139999389648438,28.290000915527344,11300,0.0,0.0,0.0
2023-12-12 00:00:00-05:00,28.30500030517578,28.40999984741211,28.30500030517578,28.40999984741211,2100,0.0,0.0,0.0
2023-12-13 00:00:00-05:00,28.450000762939453,28.829999923706055,28.43400001525879,28.829999923706055,2000,0.0,0.0,0.0
2023-12-14 00:00:00-05:00,28.84000015258789,28.90999984741211,28.760000228881836,28.81999969482422,5100,0.0,0.0,0.0
2023-12-15 00:00:00-05:00,28.790000915527344,28.790000915527344,28.690000534057617,28.739999771118164,14000,0.0,0.0,0.0
2023-12-18 00:00:00-05:00,28.889999389648438,28.889999389648438,28.827999114990234,28.84000015258789,2400,0.0,0.0,0.0
2023-12-19 00:00:00-05:00,28.958999633789062,28.969999313354492,28.909000396728516,28.969999313354492,5100,0.0,0.0,0.0
2023-12-20 00:00:00-05:00,28.760000228881836,28.799999237060547,28.40999984741211,28.41200065612793,2700,0.0,0.0,0.0
2023-12-21 00:00:00-05:00,28.559999465942383,28.643999099731445,28.469999313354492,28.643999099731445,2700,0.0,0.0,0.0
2023-12-22 00:00:00-05:00,28.739999771118164,28.760000228881836,28.690000534057617,28.719999313354492,5800,0.0,0.0,0.0
2023-12-26 00:00:00-05:00,28.780000686645508,28.850000381469727,28.7549991607666,28.829999923706055,20700,0.0,0.0,0.0
2023-12-27 00:00:00-05:00,28.75,28.899999618530273,28.75,28.899999618530273,29800,0.0,0.0,0.0
2023-12-28 00:00:00-05:00,28.90999984741211,28.95400047302246,28.90999984741211,28.93000030517578,2200,0.0,0.0,0.0
2023-12-29 00:00:00-05:00,28.95199966430664,28.95199966430664,28.799999237060547,28.889999389648438,4700,0.0,0.0,0.0
2024-01-02 00:00:00-05:00,28.780000686645508,28.850000381469727,28.726999282836914,28.829999923706055,5400,0.0,0.0,0.0
2024-01-03 00:00:00-05:00,28.719999313354492,28.799999237060547,28.6299991607666,28.6299991607666,6300,0.0,0.0,0.0
2024-01-04 00:00:00-05:00,28.718000411987305,28.718000411987305,28.600000381469727,28.600000381469727,5100,0.0,0.0,0.0
2024-01-05 00:00:00-05:00,28.59000015258789,28.68000030517578,28.479999542236328,28.55500030517578,3700,0.0,0.0,0.0
2024-01-08 00:00:00-05:00,28.6299991607666,28.68000030517578,28.6200008392334,28.68000030517578,3900,0.0,0.0,0.0
2024-01-09 00:00:00-05:00,28.899999618530273,28.899999618530273,28.75,28.81800079345703,6300,0.0,0.0,0.0
2024-01-10 00:00:00-05:00,28.700000762939453,28.950000762939453,28.700000762939453,28.89900016784668,7500,0.0,0.0,0.0
2024-01-11 00:00:00-05:00,29.0,29.0,28.760000228881836,28.906999588012695,3700,0.0,0.0,0.0
2024-01-12 00:00:00-05:00,28.989999771118164,28.989999771118164,28.90999984741211,28.975000381469727,2100,0.0,0.0,0.0
2024-01-16 00:00:00-05:00,28.923999786376953,28.933000564575195,28.84000015258789,28.854999542236328,3100,0.0,0.0,0.0
2024-01-17 00:00:00-05:00,28.510000228881836,28.764999389648438,28.510000228881836,28.764999389648438,8700,0.0,0.0,0.0
2024-01-18 00:00:00-05:00,28.75,28.959999084472656,28.75,28.95199966430664,3600,0.0,0.0,0.0
2024-01-19 00:00:00-05:00,29.0,29.260000228881836,28.988000869750977,29.23699951171875,8800,0.0,0.0,0.0
2024-01-22 00:00:00-05:00,29.29199981689453,29.389999389648438,29.29199981689453,29.349000930786133,9200,0.0,0.0,0.0
2024-01-23 00:00:00-05:00,29.34000015258789,29.392000198364258,29.290000915527344,29.392000198364258,3400,0.0,0.0,0.0
2024-01-24 00:00:00-05:00,29.434999465942383,29.489999771118164,29.298999786376953,29.298999786376953,26200,0.0,0.0,0.0
2024-01-25 00:00:00-05:00,29.600000381469727,29.600000381469727,29.239999771118164,29.351999282836914,13400,0.0,0.0,0.0
2024-01-26 00:00:00-05:00,29.3700008392334,29.415000915527344,29.290000915527344,29.339000701904297,13300,0.0,0.0,0.0
2024-01-29 00:00:00-05:00,29.319000244140625,29.54400062561035,29.319000244140625,29.54400062561035,6500,0.0,0.0,0.0
2024-01-30 00:00:00-05:00,29.469999313354492,29.583999633789062,29.469999313354492,29.547000885009766,5500,0.0,0.0,0.0
2024-01-31 00:00:00-05:00,29.649999618530273,29.649999618530273,29.2549991607666,29.266000747680664,5900,0.0,0.0,0.0
2024-02-01 00:00:00-05:00,29.299999237060547,29.399999618530273,29.290000915527344,29.399999618530273,2000,0.0,0.0,0.0
2024-02-02 00:00:00-05:00,29.469999313354492,29.809999465942383,29.469999313354492,29.729000091552734,5200,0.0,0.0,0.0
2024-02-05 00:00:00-05:00,29.719999313354492,29.719999313354492,29.530000686645508,29.63800048828125,2300,0.0,0.0,0.0
2024-02-06 00:00:00-05:00,29.649999618530273,29.700000762939453,29.636999130249023,29.700000762939453,5900,0.0,0.0,0.0
2024-02-07 00:00:00-05:00,29.920000076293945,29.940000534057617,29.850000381469727,29.91200065612793,4400,0.0,0.0,0.0
2024-02-08 00:00:00-05:00,29.959999084472656,29.989999771118164,29.90999984741211,29.965999603271484,9700,0.0,0.0,0.0
2024-02-09 00:00:00-05:00,30.0,30.075000762939453,29.9950008392334,30.059999465942383,10100,0.0,0.0,0.0
2024-02-12 00:00:00-05:00,30.170000076293945,30.170000076293945,30.038999557495117,30.041000366210938,3000,0.0,0.0,0.0
2024-02-13 00:00:00-05:00,29.899999618530273,29.899999618530273,29.5,29.70599937438965,15500,0.0,0.0,0.0
2024-02-14 00:00:00-05:00,29.719999313354492,29.889999389648438,29.719999313354492,29.8799991607666,6700,0.0,0.0,0.0
2024-02-15 00:00:00-05:00,30.049999237060547,30.139999389648438,30.0,30.100000381469727,9500,0.0,0.0,0.0
2024-02-16 00:00:00-05:00,30.15999984741211,30.299999237060547,30.09000015258789,30.090999603271484,7100,0.0,0.0,0.0
2024-02-20 00:00:00-05:00,30.100000381469727,30.100000381469727,29.920000076293945,29.937000274658203,3000,0.0,0.0,0.0
2024-02-21 00:00:00-05:00,29.940000534057617,30.06100082397461,29.93000030517578,30.06100082397461,2100,0.0,0.0,0.0
2024-02-22 00:00:00-05:00,30.600000381469727,30.600000381469727,30.270000457763672,30.520000457763672,4200,0.0,0.0,0.0
2024-02-23 00:00:00-05:00,30.760000228881836,30.760000228881836,30.5310001373291,30.58799934387207,5400,0.0,0.0,0.0
2024-02-26 00:00:00-05:00,28.68000030517578,28.68000030517578,28.68000030517578,28.68000030517578,0,0.0,0.0,0.0
2024-02-27 00:00:00-05:00,30.600000381469727,30.600000381469727,30.382999420166016,30.44300079345703,4200,0.0,0.0,0.0
2024-02-28 00:00:00-05:00,30.290000915527344,30.420000076293945,30.290000915527344,30.4060001373291,5100,0.0,0.0,0.0
2024-02-29 00:00:00-05:00,30.530000686645508,30.530000686645508,30.395999908447266,30.479999542236328,3700,0.0,0.0,0.0
2024-03-01 00:00:00-05:00,30.489999771118164,30.709999084472656,30.459999084472656,30.70199966430664,6800,0.0,0.0,0.0
2024-03-04 00:00:00-05:00,30.739999771118164,30.739999771118164,30.610000610351562,30.610000610351562,4500,0.0,0.0,0.0
2024-03-05 00:00:00-05:00,30.559999465942383,30.559999465942383,30.270000457763672,30.3700008392334,4300,0.0,0.0,0.0
2024-03-06 00:00:00-05:00,30.489999771118164,30.549999237060547,30.479999542236328,30.548999786376953,1000,0.0,0.0,0.0
2024-03-07 00:00:00-05:00,30.69700050354004,30.770000457763672,30.68000030517578,30.711999893188477,6900,0.0,0.0,0.0
2024-03-08 00:00:00-05:00,30.729999542236328,30.729999542236328,30.524999618530273,30.524999618530273,4000,0.0,0.0,0.0
2024-03-11 00:00:00-04:00,30.450000762939453,30.520000457763672,30.389999389648438,30.511999130249023,2400,0.0,0.0,0.0
2024-03-12 00:00:00-04:00,30.559999465942383,30.774999618530273,30.559999465942383,30.764999389648438,2700,0.0,0.0,0.0
2024-03-13 00:00:00-04:00,30.860000610351562,30.860000610351562,30.6200008392334,30.690000534057617,3600,0.0,0.0,0.0
2024-03-14 00:00:00-04:00,30.700000762939453,30.700000762939453,30.46500015258789,30.6299991607666,8500,0.0,0.0,0.0
2024-03-15 00:00:00-04:00,30.43000030517578,30.459999084472656,30.405000686645508,30.41900062561035,2600,0.0,0.0,0.0
2024-03-18 00:00:00-04:00,30.6299991607666,30.6299991607666,30.472000122070312,30.472000122070312,3900,0.0,0.0,0.0
2024-03-19 00:00:00-04:00,30.40999984741211,30.700000762939453,30.40999984741211,30.69499969482422,4400,0.0,0.0,0.0
2024-03-20 00:00:00-04:00,30.68000030517578,30.844999313354492,30.639999389648438,30.826000213623047,3900,0.0,0.0,0.0
2024-03-21 00:00:00-04:00,31.190000534057617,31.190000534057617,31.05699920654297,31.05699920654297,4800,0.0,0.0,0.0
2024-03-22 00:00:00-04:00,31.149999618530273,31.149999618530273,30.90999984741211,30.913999557495117,2900,0.0,0.0,0.0
2024-03-25 00:00:00-04:00,31.010000228881836,31.010000228881836,30.719999313354492,30.722999572753906,1300,0.0,0.0,0.0
2024-03-26 00:00:00-04:00,30.600000381469727,30.639999389648438,30.57900047302246,30.57900047302246,2500,0.0,0.0,0.0
2024-03-27 00:00:00-04:00,30.709999084472656,30.895000457763672,30.709999084472656,30.895000457763672,2400,0.0,0.0,0.0
2024-03-28 00:00:00-04:00,30.969999313354492,31.020000457763672,30.945999145507812,30.992000579833984,3900,0.0,0.0,0.0
2024-04-01 00:00:00-04:00,31.079999923706055,31.079999923706055,30.75,30.788999557495117,3600,0.0,0.0,0.0
2024-04-02 00:00:00-04:00,30.5,30.52199935913086,30.459999084472656,30.52199935913086,3900,0.0,0.0,0.0
2024-04-03 00:00:00-04:00,30.440000534057617,30.540000915527344,30.440000534057617,30.507999420166016,2100,0.0,0.0,0.0
2024-04-04 00:00:00-04:00,30.739999771118164,30.739999771118164,30.18000030517578,30.350000381469727,3900,0.0,0.0,0.0
2024-04-05 00:00:00-04:00,30.399999618530273,30.5,30.270000457763672,30.43199920654297,2600,0.0,0.0,0.0
2024-04-08 00:00:00-04:00,30.549999237060547,30.549999237060547,30.3799991607666,30.40999984741211,2300,0.0,0.0,0.0
2024-04-09 00:00:00-04:00,30.381999969482422,30.450000762939453,30.299999237060547,30.450000762939453,8900,0.0,0.0,0.0
2024-04-10 00:00:00-04:00,30.040000915527344,30.19499969482422,30.040000915527344,30.11400032043457,9500,0.0,0.0,0.0
2024-04-11 00:00:00-04:00,30.209999084472656,30.290000915527344,30.049999237060547,30.209999084472656,6100,0.0,0.0,0.0
2024-04-12 00:00:00-04:00,30.049999237060547,30.049999237060547,29.77400016784668,29.833999633789062,4000,0.0,0.0,0.0
2024-04-15 00:00:00-04:00,30.059999465942383,30.073999404907227,29.601999282836914,29.618999481201172,1700,0.0,0.0,0.0
2024-04-16 00:00:00-04:00,29.6299991607666,29.700000762939453,29.577999114990234,29.577999114990234,1600,0.0,0.0,0.0
2024-04-17 00:00:00-04:00,29.541000366210938,29.541000366210938,29.440000534057617,29.468000411987305,2000,0.0,0.0,0.0
2024-04-18 00:00:00-04:00,29.440000534057617,29.440000534057617,29.360000610351562,29.399999618530273,2900,0.0,0.0,0.0
2024-04-19 00:00:00-04:00,29.469999313354492,29.469999313354492,29.290000915527344,29.31999969482422,4400,0.0,0.0,0.0
2024-04-22 00:00:00-04:00,29.56999969482422,29.690000534057617,29.420000076293945,29.549999237060547,4100,0.0,0.0,0.0
2024-04-23 00:00:00-04:00,29.709999084472656,29.854999542236328,29.69499969482422,29.805999755859375,6100,0.0,0.0,0.0
2024-04-24 00:00:00-04:00,29.989999771118164,29.989999771118164,29.739999771118164,29.868000030517578,4200,0.0,0.0,0.0
2024-04-25 00:00:00-04:00,29.860000610351562,29.8799991607666,29.594999313354492,29.829999923706055,2700,0.0,0.0,0.0
2024-04-26 00:00:00-04:00,29.875999450683594,29.989999771118164,29.875999450683594,29.940000534057617,9300,0.0,0.0,0.0
2024-04-29 00:00:00-04:00,30.030000686645508,30.030000686645508,29.889999389648438,30.007999420166016,9600,0.0,0.0,0.0
2024-04-30 00:00:00-04:00,30.100000381469727,30.100000381469727,29.73900032043457,29.73900032043457,4500,0.0,0.0,0.0
2024-05-01 00:00:00-04:00,29.84000015258789,29.84000015258789,29.559999465942383,29.597000122070312,6800,0.0,0.0,0.0
2024-05-02 00:00:00-04:00,29.6200008392334,29.645999908447266,29.5,29.645999908447266,4500,0.0,0.0,0.0
2024-05-03 00:00:00-04:00,30.049999237060547,30.06999969482422,29.906999588012695,29.979999542236328,5600,0.0,0.0,0.0
2024-05-06 00:00:00-04:00,30.1299991607666,30.216999053955078,30.100000381469727,30.216999053955078,3400,0.0,0.0,0.0
2024-05-07 00:00:00-04:00,30.31999969482422,30.40999984741211,30.31999969482422,30.40999984741211,5700,0.0,0.0,0.0
2024-05-08 00:00:00-04:00,30.479999542236328,30.479999542236328,30.336000442504883,30.388999938964844,15300,0.0,0.0,0.0
2024-05-09 00:00:00-04:00,30.399999618530273,30.6299991607666,30.399999618530273,30.590999603271484,1500,0.0,0.0,0.0
2024-05-10 00:00:00-04:00,30.739999771118164,30.770000457763672,30.68600082397461,30.738000869750977,12800,0.0,0.0,0.0
2024-05-13 00:00:00-04:00,30.780000686645508,30.780000686645508,30.65999984741211,30.65999984741211,3600,0.0,0.0,0.0
2024-05-14 00:00:00-04:00,30.69499969482422,30.809999465942383,30.628999710083008,30.808000564575195,2400,0.0,0.0,0.0
2024-05-15 00:00:00-04:00,31.030000686645508,31.209999084472656,30.969999313354492,31.190000534057617,5700,0.0,0.0,0.0
2024-05-16 00:00:00-04:00,31.350000381469727,31.350000381469727,31.187999725341797,31.187999725341797,2900,0.0,0.0,0.0
2024-05-17 00:00:00-04:00,31.1200008392334,31.18000030517578,31.118999481201172,31.166000366210938,6900,0.0,0.0,0.0
2024-05-20 00:00:00-04:00,31.299999237060547,31.299999237060547,31.17300033569336,31.208999633789062,3500,0.0,0.0,0.0
2024-05-21 00:00:00-04:00,31.209999084472656,31.260000228881836,31.190000534057617,31.260000228881836,3400,0.0,0.0,0.0
2024-05-22 00:00:00-04:00,31.360000610351562,31.360000610351562,31.149999618530273,31.187999725341797,6500,0.0,0.0,0.0
2024-05-23 00:00:00-04:00,31.299999237060547,31.299999237060547,30.829999923706055,30.860000610351562,4800,0.0,0.0,0.0
2024-05-24 00:00:00-04:00,30.899999618530273,30.90999984741211,30.856000900268555,30.856000900268555,5200,0.0,0.0,0.0
2024-05-28 00:00:00-04:00,30.674999237060547,30.684999465942383,30.540000915527344,30.65999984741211,6000,0.0,0.0,0.0
2024-05-29 00:00:00-04:00,30.40999984741211,30.44499969482422,30.350000381469727,30.350000381469727,6300,0.0,0.0,0.0
2024-05-30 00:00:00-04:00,30.385000228881836,30.399999618530273,30.336000442504883,30.340999603271484,9600,0.0,0.0,0.0
2024-05-31 00:00:00-04:00,30.299999237060547,30.68000030517578,30.280000686645508,30.68000030517578,4100,0.0,0.0,0.0
2024-06-03 00:00:00-04:00,30.68000030517578,30.700000762939453,30.389999389648438,30.59000015258789,6400,0.0,0.0,0.0
2024-06-04 00:00:00-04:00,30.570999145507812,30.700000762939453,30.559999465942383,30.656999588012695,2100,0.0,0.0,0.0
2024-06-05 00:00:00-04:00,30.81999969482422,30.940000534057617,30.65999984741211,30.940000534057617,10000,0.0,0.0,0.0
2024-06-06 00:00:00-04:00,30.889999389648438,30.940000534057617,30.8799991607666,30.940000534057617,2400,0.0,0.0,0.0
2024-06-07 00:00:00-04:00,30.979999542236328,31.038999557495117,30.899999618530273,30.899999618530273,6600,0.0,0.0,0.0
2024-06-10 00:00:00-04:00,30.899999618530273,31.0,30.899999618530273,31.0,900,0.0,0.0,0.0
2024-06-11 00:00:00-04:00,30.993999481201172,31.1299991607666,30.993999481201172,31.1299991607666,2100,0.0,0.0,0.0
2024-06-12 00:00:00-04:00,31.459999084472656,31.459999084472656,31.329999923706055,31.329999923706055,2500,0.0,0.0,0.0
2024-06-13 00:00:00-04:00,31.489999771118164,31.59000015258789,31.350000381469727,31.559999465942383,6900,0.0,0.0,0.0
2024-06-14 00:00:00-04:00,31.469999313354492,31.469999313354492,31.280000686645508,31.399999618530273,4200,0.0,0.0,0.0
2024-06-17 00:00:00-04:00,31.399999618530273,31.75,31.399999618530273,31.75,2100,0.0,0.0,0.0
2024-06-18 00:00:00-04:00,31.889999389648438,31.90999984741211,31.799999237060547,31.87700080871582,2000,0.0,0.0,0.0
2024-06-20 00:00:00-04:00,31.770000457763672,31.790000915527344,31.729999542236328,31.75,7100,0.0,0.0,0.0
2024-06-21 00:00:00-04:00,31.739999771118164,31.739999771118164,31.71299934387207,31.71299934387207,1000,0.0,0.0,0.0
2024-06-24 00:00:00-04:00,31.850000381469727,31.920000076293945,31.73200035095215,31.770000457763672,4600,0.0,0.0,0.0
2024-06-25 00:00:00-04:00,31.690000534057617,31.700000762939453,31.479999542236328,31.597999572753906,8700,0.0,0.0,0.0
2024-06-26 00:00:00-04:00,31.450000762939453,31.6200008392334,31.450000762939453,31.566999435424805,3400,0.0,0.0,0.0
2024-06-27 00:00:00-04:00,31.43000030517578,31.440000534057617,31.326000213623047,31.440000534057617,3600,0.0,0.0,0.0
2024-06-28 00:00:00-04:00,31.5,31.5,31.270000457763672,31.4060001373291,2700,0.0,0.0,0.0
2024-07-01 00:00:00-04:00,31.270999908447266,31.329999923706055,31.260000228881836,31.31999969482422,3300,0.0,0.0,0.0
2024-07-02 00:00:00-04:00,31.239999771118164,31.469999313354492,31.239999771118164,31.469999313354492,3000,0.0,0.0,0.0
2024-07-03 00:00:00-04:00,31.489999771118164,31.530000686645508,31.450000762939453,31.52899932861328,1700,0.0,0.0,0.0
2024-07-05 00:00:00-04:00,31.510000228881836,31.690000534057617,31.5,31.690000534057617,9400,0.0,0.0,0.0
2024-07-08 00:00:00-04:00,31.860000610351562,31.860000610351562,31.65999984741211,31.718000411987305,7600,0.0,0.0,0.0
2024-07-09 00:00:00-04:00,31.690000534057617,31.690000534057617,31.600000381469727,31.659000396728516,5200,0.0,0.0,0.0
2024-07-10 00:00:00-04:00,31.719999313354492,31.989999771118164,31.702999114990234,31.979999542236328,8100,0.0,0.0,0.0
2024-07-11 00:00:00-04:00,31.959999084472656,32.040000915527344,31.940000534057617,32.0099983215332,7400,0.0,0.0,0.0
2024-07-12 00:00:00-04:00,32.2599983215332,32.29999923706055,32.209999084472656,32.2130012512207,4200,0.0,0.0,0.0
2024-07-15 00:00:00-04:00,32.31999969482422,32.43000030517578,32.290000915527344,32.29999923706055,5800,0.0,0.0,0.0
2024-07-16 00:00:00-04:00,32.52000045776367,32.709999084472656,32.52000045776367,32.709999084472656,3000,0.0,0.0,0.0
2024-07-17 00:00:00-04:00,32.439998626708984,32.529998779296875,32.439998626708984,32.45000076293945,18900,0.0,0.0,0.0
2024-07-18 00:00:00-04:00,32.16999816894531,32.16999816894531,32.073001861572266,32.073001861572266,400,0.0,0.0,0.0
2024-07-19 00:00:00-04:00,31.989999771118164,31.989999771118164,31.86199951171875,31.86199951171875,1200,0.0,0.0,0.0
