Date,Open,High,Low,Close,Volume,Dividends,Stock Splits
2019-01-09 00:00:00-05:00,59.099998474121094,79.9000015258789,56.0,75.5,20420,0.0,0.0
2019-01-10 00:00:00-05:00,80.0,114.43000030517578,69.0999984741211,72.30000305175781,24250,0.0,0.0
2019-01-11 00:00:00-05:00,68.5,92.52999877929688,68.4000015258789,89.0,20400,0.0,0.0
2019-01-14 00:00:00-05:00,85.0,88.0999984741211,76.30000305175781,79.5,14900,0.0,0.0
2019-01-15 00:00:00-05:00,79.0,83.69999694824219,66.5999984741211,74.80000305175781,13360,0.0,0.0
2019-01-16 00:00:00-05:00,76.69999694824219,76.69999694824219,67.0,67.69999694824219,6310,0.0,0.0
2019-01-17 00:00:00-05:00,66.0,70.0,53.56999969482422,61.099998474121094,4620,0.0,0.0
2019-01-18 00:00:00-05:00,53.400001525878906,64.55999755859375,53.400001525878906,63.5,1150,0.0,0.0
2019-01-22 00:00:00-05:00,62.5,66.3499984741211,58.29999923706055,62.29999923706055,2210,0.0,0.0
2019-01-23 00:00:00-05:00,60.099998474121094,64.30000305175781,56.099998474121094,64.30000305175781,1230,0.0,0.0
2019-01-24 00:00:00-05:00,65.0,68.69999694824219,59.0,64.0,2960,0.0,0.0
2019-01-25 00:00:00-05:00,63.900001525878906,77.0,63.900001525878906,66.19999694824219,2740,0.0,0.0
2019-01-28 00:00:00-05:00,64.80000305175781,74.69999694824219,63.29999923706055,65.0,1180,0.0,0.0
2019-01-29 00:00:00-05:00,63.900001525878906,64.4000015258789,57.5,62.0,2090,0.0,0.0
2019-01-30 00:00:00-05:00,62.310001373291016,63.0,57.79999923706055,61.310001373291016,540,0.0,0.0
2019-01-31 00:00:00-05:00,62.189998626708984,65.0,62.099998474121094,65.0,550,0.0,0.0
2019-02-01 00:00:00-05:00,66.5,66.5999984741211,63.5,63.599998474121094,250,0.0,0.0
2019-02-04 00:00:00-05:00,64.68000030517578,70.0,64.44999694824219,66.0,1410,0.0,0.0
2019-02-05 00:00:00-05:00,63.5,63.70000076293945,56.5,62.79999923706055,580,0.0,0.0
2019-02-06 00:00:00-05:00,62.599998474121094,65.80000305175781,60.099998474121094,60.099998474121094,290,0.0,0.0
2019-02-07 00:00:00-05:00,60.0,60.0,60.0,60.0,40,0.0,0.0
2019-02-08 00:00:00-05:00,60.099998474121094,60.099998474121094,57.099998474121094,57.099998474121094,60,0.0,0.0
2019-02-11 00:00:00-05:00,57.5,59.0,54.099998474121094,57.27000045776367,820,0.0,0.0
2019-02-12 00:00:00-05:00,57.0,57.27000045776367,45.599998474121094,46.900001525878906,2730,0.0,0.0
2019-02-13 00:00:00-05:00,49.77000045776367,49.77000045776367,45.29999923706055,45.5,180,0.0,0.0
2019-02-14 00:00:00-05:00,43.58000183105469,45.400001525878906,43.41999816894531,45.0099983215332,480,0.0,0.0
2019-02-15 00:00:00-05:00,45.099998474121094,48.06999969482422,45.099998474121094,47.400001525878906,880,0.0,0.0
2019-02-19 00:00:00-05:00,47.099998474121094,54.5,47.099998474121094,52.0,940,0.0,0.0
2019-02-20 00:00:00-05:00,52.70000076293945,56.459999084472656,45.5,48.400001525878906,1360,0.0,0.0
2019-02-21 00:00:00-05:00,48.400001525878906,50.0,48.400001525878906,49.0,350,0.0,0.0
2019-02-22 00:00:00-05:00,48.79999923706055,50.79999923706055,46.400001525878906,50.79999923706055,460,0.0,0.0
2019-02-25 00:00:00-05:00,52.70000076293945,59.29999923706055,52.70000076293945,53.970001220703125,2420,0.0,0.0
2019-02-26 00:00:00-05:00,56.130001068115234,56.5,52.0,53.70000076293945,590,0.0,0.0
2019-02-27 00:00:00-05:00,55.5,55.5,50.5,51.900001525878906,990,0.0,0.0
2019-02-28 00:00:00-05:00,52.0,54.70000076293945,49.400001525878906,52.5,1170,0.0,0.0
2019-03-01 00:00:00-05:00,53.66999816894531,53.880001068115234,50.70000076293945,50.70000076293945,470,0.0,0.0
2019-03-04 00:00:00-05:00,50.0,50.0,45.70000076293945,48.20000076293945,590,0.0,0.0
2019-03-05 00:00:00-05:00,48.29999923706055,66.91000366210938,46.0,50.400001525878906,11430,0.0,0.0
2019-03-06 00:00:00-05:00,52.29999923706055,57.79999923706055,49.75,54.099998474121094,4220,0.0,0.0
2019-03-07 00:00:00-05:00,54.5,59.900001525878906,50.5,59.5,4340,0.0,0.0
2019-03-08 00:00:00-05:00,58.400001525878906,58.54999923706055,52.29999923706055,52.29999923706055,1450,0.0,0.0
2019-03-11 00:00:00-04:00,51.75,55.040000915527344,50.20000076293945,51.70000076293945,1040,0.0,0.0
2019-03-12 00:00:00-04:00,52.5,52.9900016784668,51.0,51.79999923706055,360,0.0,0.0
2019-03-13 00:00:00-04:00,50.25,52.369998931884766,50.0099983215332,50.29999923706055,620,0.0,0.0
2019-03-14 00:00:00-04:00,50.29999923706055,52.5,47.2599983215332,50.5,660,0.0,0.0
2019-03-15 00:00:00-04:00,51.900001525878906,51.900001525878906,47.91999816894531,50.150001525878906,180,0.0,0.0
2019-03-18 00:00:00-04:00,50.43000030517578,50.43000030517578,47.79999923706055,49.79999923706055,450,0.0,0.0
2019-03-19 00:00:00-04:00,49.599998474121094,52.0,48.0099983215332,52.0,480,0.0,0.0
2019-03-20 00:00:00-04:00,51.849998474121094,53.06999969482422,50.709999084472656,53.06999969482422,210,0.0,0.0
2019-03-21 00:00:00-04:00,54.79999923706055,54.79999923706055,48.2599983215332,49.0,400,0.0,0.0
2019-03-22 00:00:00-04:00,49.099998474121094,49.400001525878906,47.70000076293945,48.0,550,0.0,0.0
2019-03-25 00:00:00-04:00,47.29999923706055,48.81999969482422,47.119998931884766,47.119998931884766,160,0.0,0.0
2019-03-26 00:00:00-04:00,47.119998931884766,47.119998931884766,47.119998931884766,47.119998931884766,10,0.0,0.0
2019-03-27 00:00:00-04:00,49.400001525878906,49.650001525878906,47.599998474121094,47.599998474121094,1120,0.0,0.0
2019-03-28 00:00:00-04:00,47.900001525878906,47.900001525878906,45.0099983215332,47.0,470,0.0,0.0
2019-03-29 00:00:00-04:00,45.70000076293945,47.900001525878906,45.70000076293945,47.900001525878906,30,0.0,0.0
2019-04-01 00:00:00-04:00,45.599998474121094,48.58000183105469,45.0,46.0,110,0.0,0.0
2019-04-02 00:00:00-04:00,43.099998474121094,45.720001220703125,42.099998474121094,45.720001220703125,130,0.0,0.0
2019-04-03 00:00:00-04:00,40.099998474121094,46.29999923706055,40.099998474121094,42.0,1530,0.0,0.0
2019-04-04 00:00:00-04:00,46.099998474121094,46.099998474121094,41.0,41.0,380,0.0,0.0
2019-04-05 00:00:00-04:00,42.099998474121094,44.29999923706055,40.70000076293945,41.0,530,0.0,0.0
2019-04-08 00:00:00-04:00,41.9900016784668,45.689998626708984,40.20000076293945,43.29999923706055,640,0.0,0.0
2019-04-09 00:00:00-04:00,43.20000076293945,45.099998474121094,40.400001525878906,45.0,640,0.0,0.0
2019-04-10 00:00:00-04:00,44.5,46.20000076293945,40.79999923706055,41.599998474121094,1040,0.0,0.0
2019-04-11 00:00:00-04:00,41.5,44.900001525878906,41.0,44.900001525878906,880,0.0,0.0
2019-04-12 00:00:00-04:00,44.70000076293945,45.0,41.810001373291016,41.900001525878906,270,0.0,0.0
2019-04-15 00:00:00-04:00,44.47999954223633,44.47999954223633,40.20000076293945,40.20000076293945,330,0.0,0.0
2019-04-16 00:00:00-04:00,40.20000076293945,44.09000015258789,40.20000076293945,41.5,380,0.0,0.0
2019-04-17 00:00:00-04:00,43.59000015258789,43.849998474121094,40.2599983215332,41.900001525878906,470,0.0,0.0
2019-04-18 00:00:00-04:00,43.70000076293945,43.91999816894531,40.0,40.45000076293945,600,0.0,0.0
2019-04-22 00:00:00-04:00,39.599998474121094,40.779998779296875,39.599998474121094,40.779998779296875,30,0.0,0.0
2019-04-23 00:00:00-04:00,40.900001525878906,40.900001525878906,40.900001525878906,40.900001525878906,20,0.0,0.0
2019-04-24 00:00:00-04:00,40.900001525878906,40.900001525878906,40.900001525878906,40.900001525878906,0,0.0,0.0
2019-04-25 00:00:00-04:00,39.29999923706055,44.029998779296875,33.79999923706055,38.02000045776367,5430,0.0,0.0
2019-04-26 00:00:00-04:00,38.5,41.150001525878906,36.5,41.150001525878906,1950,0.0,0.0
2019-04-29 00:00:00-04:00,41.5,42.900001525878906,39.0,40.709999084472656,430,0.0,0.0
2019-04-30 00:00:00-04:00,42.0,42.20000076293945,36.79999923706055,39.0,370,0.0,0.0
2019-05-01 00:00:00-04:00,40.90999984741211,42.099998474121094,40.90999984741211,42.099998474121094,70,0.0,0.0
2019-05-02 00:00:00-04:00,42.900001525878906,42.900001525878906,38.70000076293945,42.70000076293945,290,0.0,0.0
2019-05-03 00:00:00-04:00,42.599998474121094,42.599998474121094,40.20000076293945,40.20000076293945,160,0.0,0.0
2019-05-06 00:00:00-04:00,41.70000076293945,41.70000076293945,40.5,41.599998474121094,90,0.0,0.0
2019-05-07 00:00:00-04:00,40.08000183105469,42.900001525878906,40.08000183105469,42.70000076293945,290,0.0,0.0
2019-05-08 00:00:00-04:00,44.0,44.0,40.599998474121094,40.599998474121094,100,0.0,0.0
2019-05-09 00:00:00-04:00,44.0,44.0,41.310001373291016,41.310001373291016,80,0.0,0.0
2019-05-10 00:00:00-04:00,41.0,44.0,39.099998474121094,41.959999084472656,1430,0.0,0.0
2019-05-13 00:00:00-04:00,41.68000030517578,47.45000076293945,40.5,44.31999969482422,2800,0.0,0.0
2019-05-14 00:00:00-04:00,41.900001525878906,47.29999923706055,40.099998474121094,41.79999923706055,1690,0.0,0.0
2019-05-15 00:00:00-04:00,41.20000076293945,43.79999923706055,40.70000076293945,40.70000076293945,70,0.0,0.0
2019-05-16 00:00:00-04:00,41.5,42.5099983215332,41.5,42.5099983215332,110,0.0,0.0
2019-05-17 00:00:00-04:00,41.20000076293945,44.59000015258789,38.0,41.58000183105469,490,0.0,0.0
2019-05-20 00:00:00-04:00,41.0,41.29999923706055,40.5,41.29999923706055,310,0.0,0.0
2019-05-21 00:00:00-04:00,41.400001525878906,42.88999938964844,41.400001525878906,42.36000061035156,360,0.0,0.0
2019-05-22 00:00:00-04:00,41.0,43.099998474121094,39.900001525878906,40.5,980,0.0,0.0
2019-05-23 00:00:00-04:00,41.0,41.0,39.0,40.0,1160,0.0,0.0
2019-05-24 00:00:00-04:00,41.5,41.5,37.189998626708984,39.720001220703125,1400,0.0,0.0
2019-05-28 00:00:00-04:00,40.20000076293945,40.20000076293945,38.08000183105469,38.099998474121094,190,0.0,0.0
2019-05-29 00:00:00-04:00,37.33000183105469,37.33000183105469,37.33000183105469,37.33000183105469,10,0.0,0.0
2019-05-30 00:00:00-04:00,37.33000183105469,37.33000183105469,37.33000183105469,37.33000183105469,0,0.0,0.0
2019-05-31 00:00:00-04:00,40.400001525878906,49.5,39.400001525878906,47.599998474121094,8900,0.0,0.0
2019-06-03 00:00:00-04:00,49.5,56.900001525878906,47.0,47.34000015258789,3830,0.0,0.0
2019-06-04 00:00:00-04:00,47.79999923706055,57.16999816894531,47.79999923706055,50.849998474121094,5370,0.0,0.0
2019-06-05 00:00:00-04:00,51.29999923706055,57.0,47.34000015258789,57.0,1040,0.0,0.0
2019-06-06 00:00:00-04:00,56.400001525878906,64.80000305175781,51.5,64.0,2310,0.0,0.0
2019-06-07 00:00:00-04:00,66.80000305175781,66.80000305175781,52.0,53.619998931884766,2530,0.0,0.0
2019-06-10 00:00:00-04:00,53.099998474121094,59.900001525878906,53.06999969482422,56.79999923706055,990,0.0,0.0
2019-06-11 00:00:00-04:00,57.099998474121094,57.38999938964844,52.099998474121094,52.099998474121094,980,0.0,0.0
2019-06-12 00:00:00-04:00,57.400001525878906,62.15999984741211,50.5,55.599998474121094,12100,0.0,0.0
2019-06-13 00:00:00-04:00,60.599998474121094,83.69999694824219,56.70000076293945,75.69999694824219,17270,0.0,0.0
2019-06-14 00:00:00-04:00,70.0,79.5999984741211,60.0,71.5,7130,0.0,0.0
2019-06-17 00:00:00-04:00,71.69999694824219,79.80000305175781,60.0,68.5,11530,0.0,0.0
2019-06-18 00:00:00-04:00,67.9000015258789,77.0999984741211,66.0,76.0,6400,0.0,0.0
2019-06-19 00:00:00-04:00,78.5,85.19999694824219,73.0999984741211,83.0,7480,0.0,0.0
2019-06-20 00:00:00-04:00,86.80000305175781,98.9000015258789,79.0999984741211,89.05999755859375,4830,0.0,0.0
2019-06-21 00:00:00-04:00,93.0,95.0,74.4000015258789,91.5,1300,0.0,0.0
2019-06-24 00:00:00-04:00,92.0,95.0,87.55999755859375,92.5,1340,0.0,0.0
2019-06-25 00:00:00-04:00,92.5,119.5999984741211,92.5,103.30999755859375,4070,0.0,0.0
2019-06-26 00:00:00-04:00,108.5999984741211,109.80000305175781,86.0999984741211,109.80000305175781,3430,0.0,0.0
2019-06-27 00:00:00-04:00,105.0,145.83999633789062,95.30000305175781,129.39999389648438,3170,0.0,0.0
2019-06-28 00:00:00-04:00,130.0,169.3000030517578,130.0,168.3000030517578,11460,0.0,0.0
2019-07-01 00:00:00-04:00,176.5,190.5,160.10000610351562,190.5,7420,0.0,0.0
2019-07-02 00:00:00-04:00,189.3000030517578,191.0,170.5,185.5,4570,0.0,0.0
2019-07-03 00:00:00-04:00,190.0,190.0,145.89999389648438,180.10000610351562,2130,0.0,0.0
2019-07-05 00:00:00-04:00,179.10000610351562,192.10000610351562,177.8000030517578,186.00999450683594,2070,0.0,0.0
2019-07-08 00:00:00-04:00,183.89999389648438,195.5,171.10000610351562,172.0500030517578,3430,0.0,0.0
2019-07-09 00:00:00-04:00,180.3000030517578,186.10000610351562,148.0,148.0,2520,0.0,0.0
2019-07-10 00:00:00-04:00,138.0,138.0,92.80000305175781,111.26000213623047,8820,0.0,0.0
2019-07-11 00:00:00-04:00,100.5999984741211,104.69999694824219,87.5999984741211,87.5999984741211,1870,0.0,0.0
2019-07-12 00:00:00-04:00,86.0,125.19999694824219,85.80999755859375,110.0999984741211,5710,0.0,0.0
2019-07-15 00:00:00-04:00,114.0,132.10000610351562,103.19999694824219,124.80000305175781,2250,0.0,0.0
2019-07-16 00:00:00-04:00,123.0,127.66999816894531,118.51000213623047,125.0,1000,0.0,0.0
2019-07-17 00:00:00-04:00,133.10000610351562,137.5,125.0,133.0,1570,0.0,0.0
2019-07-18 00:00:00-04:00,134.89999389648438,163.0,117.5,163.0,1020,0.0,0.0
2019-07-19 00:00:00-04:00,180.5,180.5,134.89999389648438,171.1999969482422,2360,0.0,0.0
2019-07-22 00:00:00-04:00,180.3000030517578,180.3000030517578,140.1999969482422,162.1999969482422,940,0.0,0.0
2019-07-23 00:00:00-04:00,153.6999969482422,161.0,147.1199951171875,147.1199951171875,1380,0.0,0.0
2019-07-24 00:00:00-04:00,155.2100067138672,160.6699981689453,148.2899932861328,151.5,1630,0.0,0.0
2019-07-25 00:00:00-04:00,154.89999389648438,154.89999389648438,131.5,137.0,4930,0.0,0.0
2019-07-26 00:00:00-04:00,137.10000610351562,145.16000366210938,132.02999877929688,144.3000030517578,900,0.0,0.0
2019-07-29 00:00:00-04:00,137.10000610351562,137.77999877929688,107.4000015258789,110.4000015258789,1570,0.0,0.0
2019-07-30 00:00:00-04:00,108.4000015258789,120.69999694824219,108.4000015258789,120.69999694824219,820,0.0,0.0
2019-07-31 00:00:00-04:00,135.10000610351562,135.10000610351562,110.5,115.45999908447266,280,0.0,0.0
2019-08-01 00:00:00-04:00,107.80000305175781,115.62999725341797,95.0,103.0,1010,0.0,0.0
2019-08-02 00:00:00-04:00,101.30000305175781,107.5,95.5,98.5,90,0.0,0.0
2019-08-05 00:00:00-04:00,110.0,115.0,100.5,114.9000015258789,1190,0.0,0.0
2019-08-06 00:00:00-04:00,117.5,117.5,88.0999984741211,90.80000305175781,3760,0.0,0.0
2019-08-07 00:00:00-04:00,92.30000305175781,93.69999694824219,70.0999984741211,76.9000015258789,3160,0.0,0.0
2019-08-08 00:00:00-04:00,76.0,77.0,57.0,57.0,3590,0.0,0.0
2019-08-09 00:00:00-04:00,58.0,63.599998474121094,51.560001373291016,53.09000015258789,6540,0.0,0.0
2019-08-12 00:00:00-04:00,65.0,81.12000274658203,23.600000381469727,27.0,88070,0.0,0.0
2019-08-13 00:00:00-04:00,27.100000381469727,133.5,25.0,73.4000015258789,826490,0.0,0.0
2019-08-14 00:00:00-04:00,60.20000076293945,63.70000076293945,32.5,40.0,235840,0.0,0.0
2019-08-15 00:00:00-04:00,41.5,44.0,37.599998474121094,40.400001525878906,42950,0.0,0.0
2019-08-16 00:00:00-04:00,41.0,64.4000015258789,38.900001525878906,50.79999923706055,379620,0.0,0.0
2019-08-19 00:00:00-04:00,49.79999923706055,56.5,40.0,44.0,111990,0.0,0.0
2019-08-20 00:00:00-04:00,43.099998474121094,45.900001525878906,40.20000076293945,40.79999923706055,26690,0.0,0.0
2019-08-21 00:00:00-04:00,40.0,45.900001525878906,40.0,41.400001525878906,30290,0.0,0.0
2019-08-22 00:00:00-04:00,41.400001525878906,45.20000076293945,37.5,41.0,32260,0.0,0.0
2019-08-23 00:00:00-04:00,40.0,41.91999816894531,38.599998474121094,39.5,15190,0.0,0.0
2019-08-26 00:00:00-04:00,40.599998474121094,40.599998474121094,36.70000076293945,38.400001525878906,14150,0.0,0.0
2019-08-27 00:00:00-04:00,38.70000076293945,39.79999923706055,35.5,35.5,16830,0.0,0.0
2019-08-28 00:00:00-04:00,35.5,35.5,32.5,34.70000076293945,13010,0.0,0.0
2019-08-29 00:00:00-04:00,35.29999923706055,52.5,35.29999923706055,40.900001525878906,474790,0.0,0.0
2019-08-30 00:00:00-04:00,40.099998474121094,43.400001525878906,40.0,40.400001525878906,37890,0.0,0.0
2019-09-03 00:00:00-04:00,39.0,39.29999923706055,37.0,37.79999923706055,24000,0.0,0.0
2019-09-04 00:00:00-04:00,39.099998474121094,39.5,36.70000076293945,36.79999923706055,15520,0.0,0.0
2019-09-05 00:00:00-04:00,37.29999923706055,38.099998474121094,35.900001525878906,36.29999923706055,9620,0.0,0.0
2019-09-06 00:00:00-04:00,36.5,37.689998626708984,35.29999923706055,36.29999923706055,6680,0.0,0.0
2019-09-09 00:00:00-04:00,36.29999923706055,37.0,35.70000076293945,36.79999923706055,6820,0.0,0.0
2019-09-10 00:00:00-04:00,36.70000076293945,39.400001525878906,36.20000076293945,37.20000076293945,10710,0.0,0.0
2019-09-11 00:00:00-04:00,36.900001525878906,38.5,36.279998779296875,37.900001525878906,5760,0.0,0.0
2019-09-12 00:00:00-04:00,37.0,38.0,36.20000076293945,36.900001525878906,3830,0.0,0.0
2019-09-13 00:00:00-04:00,36.900001525878906,37.70000076293945,36.099998474121094,36.599998474121094,4620,0.0,0.0
2019-09-16 00:00:00-04:00,36.900001525878906,37.5,35.0,35.0,13000,0.0,0.0
2019-09-17 00:00:00-04:00,35.0,36.189998626708984,33.0,33.0,11940,0.0,0.0
2019-09-18 00:00:00-04:00,33.099998474121094,34.70000076293945,30.100000381469727,32.79999923706055,44760,0.0,0.0
2019-09-19 00:00:00-04:00,32.400001525878906,33.18000030517578,32.20000076293945,33.099998474121094,2420,0.0,0.0
2019-09-20 00:00:00-04:00,33.0,33.0,31.100000381469727,31.399999618530273,14460,0.0,0.0
2019-09-23 00:00:00-04:00,32.0,32.5,30.0,30.600000381469727,4070,0.0,0.0
2019-09-24 00:00:00-04:00,30.200000762939453,30.200000762939453,27.309999465942383,28.299999237060547,6390,0.0,0.0
2019-09-25 00:00:00-04:00,28.100000381469727,28.200000762939453,26.25,27.299999237060547,5100,0.0,0.0
2019-09-26 00:00:00-04:00,27.200000762939453,28.520000457763672,26.399999618530273,28.0,6060,0.0,0.0
2019-09-27 00:00:00-04:00,28.049999237060547,28.799999237060547,26.100000381469727,26.100000381469727,7340,0.0,0.0
2019-09-30 00:00:00-04:00,25.799999237060547,26.799999237060547,25.799999237060547,26.200000762939453,1420,0.0,0.0
2019-10-01 00:00:00-04:00,26.200000762939453,26.520000457763672,25.399999618530273,25.5,1500,0.0,0.0
2019-10-02 00:00:00-04:00,25.399999618530273,26.299999237060547,25.299999237060547,25.5,1340,0.0,0.0
2019-10-03 00:00:00-04:00,26.0,27.5,25.209999084472656,25.899999618530273,1380,0.0,0.0
2019-10-04 00:00:00-04:00,26.0,26.729999542236328,25.299999237060547,25.799999237060547,1570,0.0,0.0
2019-10-07 00:00:00-04:00,25.299999237060547,26.700000762939453,25.200000762939453,25.399999618530273,1080,0.0,0.0
2019-10-08 00:00:00-04:00,25.0,25.190000534057617,24.200000762939453,24.5,1770,0.0,0.0
2019-10-09 00:00:00-04:00,24.5,25.5,23.600000381469727,23.8799991607666,2530,0.0,0.0
2019-10-10 00:00:00-04:00,24.100000381469727,24.100000381469727,23.25,23.399999618530273,1330,0.0,0.0
2019-10-11 00:00:00-04:00,23.5,30.100000381469727,23.0,27.0,20070,0.0,0.0
2019-10-14 00:00:00-04:00,25.399999618530273,28.200000762939453,25.399999618530273,27.799999237060547,16980,0.0,0.0
2019-10-15 00:00:00-04:00,27.0,33.400001525878906,26.40999984741211,28.600000381469727,30450,0.0,0.0
2019-10-16 00:00:00-04:00,27.299999237060547,30.799999237060547,27.030000686645508,30.799999237060547,3390,0.0,0.0
2019-10-17 00:00:00-04:00,30.0,30.600000381469727,27.780000686645508,28.899999618530273,3240,0.0,0.0
2019-10-18 00:00:00-04:00,28.899999618530273,30.5,28.139999389648438,29.700000762939453,3530,0.0,0.0
2019-10-21 00:00:00-04:00,30.0,30.200000762939453,27.5,28.100000381469727,4100,0.0,0.0
2019-10-22 00:00:00-04:00,28.079999923706055,28.600000381469727,27.200000762939453,27.899999618530273,550,0.0,0.0
2019-10-23 00:00:00-04:00,27.700000762939453,28.18000030517578,26.0,27.100000381469727,1190,0.0,0.0
2019-10-24 00:00:00-04:00,27.600000381469727,28.100000381469727,27.040000915527344,27.25,1570,0.0,0.0
2019-10-25 00:00:00-04:00,27.809999465942383,27.809999465942383,26.0,26.899999618530273,1370,0.0,0.0
2019-10-28 00:00:00-04:00,26.700000762939453,27.5,26.0,26.299999237060547,2310,0.0,0.0
2019-10-29 00:00:00-04:00,26.100000381469727,27.200000762939453,24.299999237060547,25.399999618530273,2980,0.0,0.0
2019-10-30 00:00:00-04:00,25.399999618530273,27.0,25.0,25.0,2230,0.0,0.0
2019-10-31 00:00:00-04:00,26.100000381469727,26.100000381469727,24.0,24.100000381469727,2270,0.0,0.0
2019-11-01 00:00:00-04:00,24.100000381469727,24.700000762939453,23.799999237060547,24.600000381469727,740,0.0,0.0
2019-11-04 00:00:00-05:00,25.600000381469727,27.200000762939453,24.700000762939453,24.700000762939453,960,0.0,0.0
2019-11-05 00:00:00-05:00,24.700000762939453,25.5,24.389999389648438,24.700000762939453,1140,0.0,0.0
2019-11-06 00:00:00-05:00,25.899999618530273,25.899999618530273,23.5,24.0,2590,0.0,0.0
2019-11-07 00:00:00-05:00,25.799999237060547,25.799999237060547,24.0,24.0,930,0.0,0.0
2019-11-08 00:00:00-05:00,25.299999237060547,25.399999618530273,23.600000381469727,24.399999618530273,1360,0.0,0.0
2019-11-11 00:00:00-05:00,24.799999237060547,25.049999237060547,23.799999237060547,24.579999923706055,390,0.0,0.0
2019-11-12 00:00:00-05:00,24.780000686645508,24.799999237060547,23.600000381469727,23.600000381469727,380,0.0,0.0
2019-11-13 00:00:00-05:00,24.799999237060547,25.0,22.799999237060547,23.100000381469727,1720,0.0,0.0
2019-11-14 00:00:00-05:00,23.31999969482422,23.600000381469727,18.0,18.0,8920,0.0,0.0
2019-11-15 00:00:00-05:00,18.0,24.440000534057617,18.0,22.329999923706055,11580,0.0,0.0
2019-11-18 00:00:00-05:00,22.700000762939453,24.610000610351562,18.200000762939453,18.200000762939453,2900,0.0,0.0
2019-11-19 00:00:00-05:00,20.399999618530273,20.399999618530273,17.799999237060547,19.889999389648438,4860,0.0,0.0
2019-11-20 00:00:00-05:00,18.989999771118164,20.690000534057617,18.299999237060547,19.200000762939453,2020,0.0,0.0
2019-11-21 00:00:00-05:00,19.799999237060547,21.520000457763672,18.5,19.5,2790,0.0,0.0
2019-11-22 00:00:00-05:00,19.600000381469727,23.260000228881836,19.010000228881836,19.5,18700,0.0,0.0
2019-11-25 00:00:00-05:00,19.399999618530273,19.5,18.100000381469727,19.100000381469727,2970,0.0,0.0
2019-11-26 00:00:00-05:00,18.799999237060547,19.899999618530273,18.600000381469727,19.469999313354492,2800,0.0,0.0
2019-11-27 00:00:00-05:00,19.700000762939453,22.450000762939453,19.700000762939453,20.510000228881836,5810,0.0,0.0
2019-11-29 00:00:00-05:00,20.0,22.420000076293945,19.799999237060547,21.84000015258789,2120,0.0,0.0
2019-12-02 00:00:00-05:00,22.600000381469727,22.600000381469727,20.200000762939453,20.299999237060547,2480,0.0,0.0
2019-12-03 00:00:00-05:00,19.600000381469727,20.170000076293945,19.0,19.899999618530273,1330,0.0,0.0
2019-12-04 00:00:00-05:00,20.299999237060547,20.5,19.399999618530273,20.079999923706055,1990,0.0,0.0
2019-12-05 00:00:00-05:00,21.600000381469727,21.600000381469727,20.0,20.600000381469727,1460,0.0,0.0
2019-12-06 00:00:00-05:00,20.600000381469727,21.0,20.0,20.579999923706055,580,0.0,0.0
2019-12-09 00:00:00-05:00,19.899999618530273,21.600000381469727,19.899999618530273,21.5,1800,0.0,0.0
2019-12-10 00:00:00-05:00,21.399999618530273,23.100000381469727,21.360000610351562,23.100000381469727,2370,0.0,0.0
2019-12-11 00:00:00-05:00,22.84000015258789,24.600000381469727,22.219999313354492,24.5,5140,0.0,0.0
2019-12-12 00:00:00-05:00,24.799999237060547,26.799999237060547,24.0,24.799999237060547,4150,0.0,0.0
2019-12-13 00:00:00-05:00,24.799999237060547,25.299999237060547,23.100000381469727,24.0,2350,0.0,0.0
2019-12-16 00:00:00-05:00,23.010000228881836,24.790000915527344,23.010000228881836,23.850000381469727,5180,0.0,0.0
2019-12-17 00:00:00-05:00,23.5,24.049999237060547,20.600000381469727,21.5,8320,0.0,0.0
2019-12-18 00:00:00-05:00,21.799999237060547,22.200000762939453,20.799999237060547,20.799999237060547,12730,0.0,0.0
2019-12-19 00:00:00-05:00,20.799999237060547,22.5,20.799999237060547,21.100000381469727,11020,0.0,0.0
2019-12-20 00:00:00-05:00,20.700000762939453,20.799999237060547,19.5,19.700000762939453,6960,0.0,0.0
2019-12-23 00:00:00-05:00,20.0,20.0,19.5,19.600000381469727,1350,0.0,0.0
2019-12-24 00:00:00-05:00,21.5,21.5,18.700000762939453,19.0,3450,0.0,0.0
2019-12-26 00:00:00-05:00,19.549999237060547,19.600000381469727,18.799999237060547,19.200000762939453,2170,0.0,0.0
2019-12-27 00:00:00-05:00,18.899999618530273,20.780000686645508,18.899999618530273,19.299999237060547,1480,0.0,0.0
2019-12-30 00:00:00-05:00,20.399999618530273,20.399999618530273,18.799999237060547,19.700000762939453,1810,0.0,0.0
2019-12-31 00:00:00-05:00,19.200000762939453,20.200000762939453,18.799999237060547,19.5,1970,0.0,0.0
2020-01-02 00:00:00-05:00,18.899999618530273,21.299999237060547,18.899999618530273,21.100000381469727,3630,0.0,0.0
2020-01-03 00:00:00-05:00,21.0,21.399999618530273,19.700000762939453,21.399999618530273,880,0.0,0.0
2020-01-06 00:00:00-05:00,22.399999618530273,22.399999618530273,20.899999618530273,21.200000762939453,1500,0.0,0.0
2020-01-07 00:00:00-05:00,20.5,21.100000381469727,20.350000381469727,20.5,9510,0.0,0.0
2020-01-08 00:00:00-05:00,21.0,21.170000076293945,20.040000915527344,20.989999771118164,2550,0.0,0.0
2020-01-09 00:00:00-05:00,19.799999237060547,21.0,18.600000381469727,20.299999237060547,8320,0.0,0.0
2020-01-10 00:00:00-05:00,19.899999618530273,22.399999618530273,19.899999618530273,20.899999618530273,3210,0.0,0.0
2020-01-13 00:00:00-05:00,20.700000762939453,21.299999237060547,19.600000381469727,21.299999237060547,1930,0.0,0.0
2020-01-14 00:00:00-05:00,20.5,20.950000762939453,19.899999618530273,20.799999237060547,2070,0.0,0.0
2020-01-15 00:00:00-05:00,20.100000381469727,21.25,20.100000381469727,20.200000762939453,510,0.0,0.0
2020-01-16 00:00:00-05:00,20.799999237060547,21.0,20.100000381469727,20.440000534057617,1030,0.0,0.0
2020-01-17 00:00:00-05:00,20.5,29.489999771118164,20.049999237060547,23.5,58910,0.0,0.0
2020-01-21 00:00:00-05:00,23.100000381469727,24.5,20.5,23.399999618530273,6150,0.0,0.0
2020-01-22 00:00:00-05:00,23.399999618530273,23.5,21.600000381469727,22.149999618530273,2550,0.0,0.0
2020-01-23 00:00:00-05:00,22.899999618530273,22.899999618530273,21.0,22.0,1480,0.0,0.0
2020-01-24 00:00:00-05:00,21.200000762939453,22.200000762939453,20.0,20.100000381469727,3590,0.0,0.0
2020-01-27 00:00:00-05:00,19.399999618530273,20.889999389648438,18.889999389648438,19.899999618530273,18180,0.0,0.0
2020-01-28 00:00:00-05:00,20.0,20.899999618530273,19.899999618530273,20.649999618530273,1310,0.0,0.0
2020-01-29 00:00:00-05:00,21.100000381469727,21.25,19.6200008392334,20.399999618530273,1220,0.0,0.0
2020-01-30 00:00:00-05:00,19.600000381469727,20.709999084472656,19.600000381469727,20.709999084472656,290,0.0,0.0
2020-01-31 00:00:00-05:00,19.850000381469727,20.860000610351562,19.670000076293945,20.190000534057617,930,0.0,0.0
2020-02-03 00:00:00-05:00,19.700000762939453,20.200000762939453,18.799999237060547,19.899999618530273,1010,0.0,0.0
2020-02-04 00:00:00-05:00,19.700000762939453,20.200000762939453,19.5,20.030000686645508,2510,0.0,0.0
2020-02-05 00:00:00-05:00,19.0,20.799999237060547,19.0,20.299999237060547,4120,0.0,0.0
2020-02-06 00:00:00-05:00,19.65999984741211,20.440000534057617,19.100000381469727,19.299999237060547,390,0.0,0.0
2020-02-07 00:00:00-05:00,19.600000381469727,20.6299991607666,19.0,19.0,800,0.0,0.0
2020-02-10 00:00:00-05:00,19.5,19.809999465942383,18.690000534057617,18.899999618530273,2250,0.0,0.0
2020-02-11 00:00:00-05:00,19.299999237060547,19.6299991607666,18.899999618530273,19.5,1490,0.0,0.0
2020-02-12 00:00:00-05:00,20.18000030517578,20.18000030517578,18.5,19.299999237060547,1370,0.0,0.0
2020-02-13 00:00:00-05:00,19.190000534057617,19.6299991607666,18.5,18.700000762939453,1190,0.0,0.0
2020-02-14 00:00:00-05:00,18.799999237060547,19.299999237060547,18.200000762939453,19.299999237060547,1610,0.0,0.0
2020-02-18 00:00:00-05:00,18.469999313354492,19.520000457763672,18.469999313354492,18.860000610351562,420,0.0,0.0
2020-02-19 00:00:00-05:00,19.280000686645508,19.299999237060547,18.200000762939453,18.850000381469727,2080,0.0,0.0
2020-02-20 00:00:00-05:00,19.100000381469727,19.200000762939453,18.5,18.610000610351562,1550,0.0,0.0
2020-02-21 00:00:00-05:00,19.399999618530273,19.399999618530273,18.399999618530273,18.399999618530273,1510,0.0,0.0
2020-02-24 00:00:00-05:00,18.299999237060547,18.610000610351562,16.0,16.989999771118164,3170,0.0,0.0
2020-02-25 00:00:00-05:00,17.200000762939453,18.100000381469727,16.600000381469727,16.700000762939453,3310,0.0,0.0
2020-02-26 00:00:00-05:00,17.40999984741211,17.40999984741211,16.0,16.0,1480,0.0,0.0
2020-02-27 00:00:00-05:00,16.0,16.329999923706055,15.199999809265137,16.329999923706055,1120,0.0,0.0
2020-02-28 00:00:00-05:00,13.399999618530273,15.800000190734863,13.399999618530273,15.0,1230,0.0,0.0
2020-03-02 00:00:00-05:00,13.5,16.489999771118164,13.5,15.0,600,0.0,0.0
2020-03-03 00:00:00-05:00,14.300000190734863,15.649999618530273,12.680000305175781,13.100000381469727,5710,0.0,0.0
2020-03-04 00:00:00-05:00,13.430000305175781,13.600000381469727,13.0,13.300000190734863,1220,0.0,0.0
2020-03-05 00:00:00-05:00,13.899999618530273,14.600000381469727,13.0,13.399999618530273,2230,0.0,0.0
2020-03-06 00:00:00-05:00,12.970000267028809,13.399999618530273,12.199999809265137,12.699999809265137,1080,0.0,0.0
2020-03-09 00:00:00-04:00,13.300000190734863,13.5,10.140000343322754,11.199999809265137,5390,0.0,0.0
2020-03-10 00:00:00-04:00,10.800000190734863,12.140000343322754,10.5,11.0,2280,0.0,0.0
2020-03-11 00:00:00-04:00,11.329999923706055,11.329999923706055,10.199999809265137,10.649999618530273,1200,0.0,0.0
2020-03-12 00:00:00-04:00,10.5,10.5,7.269999980926514,7.300000190734863,2390,0.0,0.0
2020-03-13 00:00:00-04:00,9.199999809265137,9.199999809265137,7.300000190734863,7.349999904632568,2420,0.0,0.0
2020-03-16 00:00:00-04:00,7.71999979019165,7.71999979019165,6.400000095367432,7.360000133514404,5910,0.0,0.0
2020-03-17 00:00:00-04:00,8.779999732971191,8.779999732971191,8.0,8.600000381469727,2040,0.0,0.0
2020-03-18 00:00:00-04:00,7.0,7.0,7.0,7.0,40,0.0,0.0
2020-03-19 00:00:00-04:00,8.600000381469727,8.600000381469727,7.0,7.5,640,0.0,0.0
2020-03-20 00:00:00-04:00,8.5,8.699999809265137,7.519999980926514,7.599999904632568,860,0.0,0.0
2020-03-23 00:00:00-04:00,7.980000019073486,7.980000019073486,7.0,7.800000190734863,340,0.0,0.0
2020-03-24 00:00:00-04:00,8.699999809265137,8.699999809265137,7.929999828338623,7.929999828338623,540,0.0,0.0
2020-03-25 00:00:00-04:00,8.199999809265137,8.300000190734863,7.5,8.100000381469727,1980,0.0,0.0
2020-03-26 00:00:00-04:00,7.199999809265137,10.5,7.199999809265137,9.289999961853027,1340,0.0,0.0
2020-03-27 00:00:00-04:00,9.75,9.75,7.099999904632568,8.390000343322754,810,0.0,0.0
2020-03-30 00:00:00-04:00,8.069999694824219,8.899999618530273,8.069999694824219,8.75,570,0.0,0.0
2020-03-31 00:00:00-04:00,9.1899995803833,11.699999809265137,9.100000381469727,9.699999809265137,9290,0.0,0.0
2020-04-01 00:00:00-04:00,8.6899995803833,9.899999618530273,8.109999656677246,9.199999809265137,1460,0.0,0.0
2020-04-02 00:00:00-04:00,8.5,9.199999809265137,8.5,9.119999885559082,850,0.0,0.0
2020-04-03 00:00:00-04:00,8.699999809265137,9.100000381469727,8.0,8.399999618530273,880,0.0,0.0
2020-04-06 00:00:00-04:00,8.819999694824219,8.819999694824219,8.399999618530273,8.600000381469727,340,0.0,0.0
2020-04-07 00:00:00-04:00,8.800000190734863,9.399999618530273,8.220000267028809,8.399999618530273,1690,0.0,0.0
2020-04-08 00:00:00-04:00,8.819999694824219,9.199999809265137,8.789999961853027,9.0,480,0.0,0.0
2020-04-09 00:00:00-04:00,8.5,9.0,8.5,8.600000381469727,2270,0.0,0.0
2020-04-13 00:00:00-04:00,8.5,9.369999885559082,8.5,9.300000190734863,1160,0.0,0.0
2020-04-14 00:00:00-04:00,9.300000190734863,10.199999809265137,9.300000190734863,10.199999809265137,2080,0.0,0.0
2020-04-15 00:00:00-04:00,10.0,11.800000190734863,10.0,10.600000381469727,5670,0.0,0.0
2020-04-16 00:00:00-04:00,10.100000381469727,14.399999618530273,10.100000381469727,13.100000381469727,15670,0.0,0.0
2020-04-17 00:00:00-04:00,14.5,16.0,12.399999618530273,13.0,6470,0.0,0.0
2020-04-20 00:00:00-04:00,13.5,13.5,11.899999618530273,12.800000190734863,1450,0.0,0.0
2020-04-21 00:00:00-04:00,11.420000076293945,12.699999809265137,11.0,11.75,2270,0.0,0.0
2020-04-22 00:00:00-04:00,11.899999618530273,11.899999618530273,10.300000190734863,11.199999809265137,810,0.0,0.0
2020-04-23 00:00:00-04:00,11.699999809265137,11.699999809265137,10.699999809265137,11.0,620,0.0,0.0
2020-04-24 00:00:00-04:00,11.5,11.5,10.449999809265137,10.600000381469727,860,0.0,0.0
2020-04-27 00:00:00-04:00,11.0,11.0,9.760000228881836,10.600000381469727,1930,0.0,0.0
2020-04-28 00:00:00-04:00,10.520000457763672,10.699999809265137,10.300000190734863,10.5,920,0.0,0.0
2020-04-29 00:00:00-04:00,10.300000190734863,10.600000381469727,9.800000190734863,10.600000381469727,1040,0.0,0.0
2020-04-30 00:00:00-04:00,10.5,10.899999618530273,9.649999618530273,10.199999809265137,1610,0.0,0.0
2020-05-01 00:00:00-04:00,10.199999809265137,10.199999809265137,9.5,9.5,2450,0.0,0.0
2020-05-04 00:00:00-04:00,10.199999809265137,10.199999809265137,9.199999809265137,10.100000381469727,570,0.0,0.0
2020-05-05 00:00:00-04:00,10.100000381469727,10.100000381469727,9.319999694824219,9.84000015258789,550,0.0,0.0
2020-05-06 00:00:00-04:00,9.899999618530273,10.949999809265137,9.510000228881836,10.5600004196167,3710,0.0,0.0
2020-05-07 00:00:00-04:00,11.0,11.0,9.699999809265137,10.100000381469727,340,0.0,0.0
2020-05-08 00:00:00-04:00,11.300000190734863,14.100000381469727,10.100000381469727,12.899999618530273,9960,0.0,0.0
2020-05-11 00:00:00-04:00,12.600000381469727,13.600000381469727,11.399999618530273,12.380000114440918,2380,0.0,0.0
2020-05-12 00:00:00-04:00,13.100000381469727,13.100000381469727,10.5,11.789999961853027,630,0.0,0.0
2020-05-13 00:00:00-04:00,10.930000305175781,11.600000381469727,10.930000305175781,11.300000190734863,670,0.0,0.0
2020-05-14 00:00:00-04:00,11.0,11.300000190734863,11.0,11.300000190734863,320,0.0,0.0
2020-05-15 00:00:00-04:00,11.300000190734863,11.800000190734863,10.869999885559082,11.100000381469727,260,0.0,0.0
2020-05-18 00:00:00-04:00,10.899999618530273,12.0,10.899999618530273,11.5,750,0.0,0.0
2020-05-19 00:00:00-04:00,11.100000381469727,11.899999618530273,9.420000076293945,11.699999809265137,2280,0.0,0.0
2020-05-20 00:00:00-04:00,12.399999618530273,12.399999618530273,11.600000381469727,11.600000381469727,1540,0.0,0.0
2020-05-21 00:00:00-04:00,11.0,11.800000190734863,10.649999618530273,11.300000190734863,3890,0.0,0.0
2020-05-22 00:00:00-04:00,11.0,11.199999809265137,10.5,11.0,3130,0.0,0.0
2020-05-26 00:00:00-04:00,27.0,29.0,18.600000381469727,20.5,1756120,0.0,0.0
2020-05-27 00:00:00-04:00,19.399999618530273,21.0,17.5,20.0,115880,0.0,0.0
2020-05-28 00:00:00-04:00,18.200000762939453,21.260000228881836,18.200000762939453,20.15999984741211,82750,0.0,0.0
2020-05-29 00:00:00-04:00,22.5,23.700000762939453,19.799999237060547,21.299999237060547,37320,0.0,0.0
2020-06-01 00:00:00-04:00,21.100000381469727,22.399999618530273,20.0,21.5,18250,0.0,0.0
2020-06-02 00:00:00-04:00,20.799999237060547,29.0,20.799999237060547,28.5,91090,0.0,0.0
2020-06-03 00:00:00-04:00,26.600000381469727,35.70000076293945,26.510000228881836,32.70000076293945,49810,0.0,0.0
2020-06-04 00:00:00-04:00,33.79999923706055,34.119998931884766,28.5,30.399999618530273,24350,0.0,0.0
2020-06-05 00:00:00-04:00,30.5,45.0,29.299999237060547,44.900001525878906,67640,0.0,0.0
2020-06-08 00:00:00-04:00,45.79999923706055,62.43000030517578,45.099998474121094,59.5,36260,0.0,0.0
2020-06-09 00:00:00-04:00,55.599998474121094,77.0,50.0,67.0,50590,0.0,0.0
2020-06-10 00:00:00-04:00,70.0,71.0,26.0,28.899999618530273,1483650,0.0,0.0
2020-06-11 00:00:00-04:00,23.700000762939453,24.899999618530273,21.899999618530273,23.200000762939453,186000,0.0,0.0
2020-06-12 00:00:00-04:00,24.0,25.600000381469727,20.200000762939453,20.899999618530273,114030,0.0,0.0
2020-06-15 00:00:00-04:00,20.799999237060547,21.0,17.0,18.700000762939453,183600,0.0,0.0
2020-06-16 00:00:00-04:00,18.700000762939453,19.5,18.200000762939453,18.5,68390,0.0,0.0
2020-06-17 00:00:00-04:00,18.200000762939453,18.200000762939453,16.5,17.200000762939453,81570,0.0,0.0
2020-06-18 00:00:00-04:00,17.0,19.0,16.200000762939453,17.0,84980,0.0,0.0
2020-06-19 00:00:00-04:00,17.100000381469727,17.399999618530273,15.949999809265137,16.200000762939453,51500,0.0,0.0
2020-06-22 00:00:00-04:00,15.199999809265137,15.899999618530273,13.300000190734863,14.300000190734863,95960,0.0,0.0
2020-06-23 00:00:00-04:00,13.5,14.1899995803833,13.100000381469727,13.5,36650,0.0,0.0
2020-06-24 00:00:00-04:00,13.199999809265137,17.299999237060547,12.050000190734863,16.899999618530273,731640,0.0,0.0
2020-06-25 00:00:00-04:00,18.0,18.100000381469727,14.399999618530273,14.699999809265137,207360,0.0,0.0
2020-06-26 00:00:00-04:00,14.0,16.700000762939453,12.699999809265137,14.0,190000,0.0,0.0
2020-06-29 00:00:00-04:00,14.199999809265137,14.699999809265137,12.0,14.0,129820,0.0,0.0
2020-06-30 00:00:00-04:00,14.199999809265137,14.199999809265137,13.199999809265137,13.5,48940,0.0,0.0
2020-07-01 00:00:00-04:00,13.300000190734863,14.199999809265137,13.100000381469727,13.399999618530273,102790,0.0,0.0
2020-07-02 00:00:00-04:00,13.399999618530273,14.399999618530273,13.100000381469727,13.5,64470,0.0,0.0
2020-07-06 00:00:00-04:00,15.5,17.0,13.199999809265137,14.100000381469727,328090,0.0,0.0
2020-07-07 00:00:00-04:00,13.600000381469727,13.899999618530273,13.199999809265137,13.699999809265137,54400,0.0,0.0
2020-07-08 00:00:00-04:00,14.100000381469727,14.199999809265137,13.100000381469727,13.399999618530273,73040,0.0,0.0
2020-07-09 00:00:00-04:00,13.600000381469727,13.600000381469727,13.0,13.399999618530273,29090,0.0,0.0
2020-07-10 00:00:00-04:00,13.300000190734863,13.699999809265137,12.5,13.5,32970,0.0,0.0
2020-07-13 00:00:00-04:00,13.5,14.199999809265137,13.0,13.199999809265137,40260,0.0,0.0
2020-07-14 00:00:00-04:00,13.199999809265137,13.199999809265137,12.0,12.399999618530273,57360,0.0,0.0
2020-07-15 00:00:00-04:00,12.199999809265137,13.0,11.800000190734863,12.699999809265137,104660,0.0,0.0
2020-07-16 00:00:00-04:00,13.899999618530273,13.899999618530273,12.800000190734863,13.100000381469727,72950,0.0,0.0
2020-07-17 00:00:00-04:00,12.899999618530273,13.100000381469727,12.430000305175781,12.800000190734863,45920,0.0,0.0
2020-07-20 00:00:00-04:00,12.899999618530273,13.100000381469727,12.5,12.899999618530273,41890,0.0,0.0
2020-07-21 00:00:00-04:00,13.210000038146973,15.0,13.0,13.5,122110,0.0,0.0
2020-07-22 00:00:00-04:00,13.199999809265137,15.399999618530273,12.899999618530273,14.800000190734863,213940,0.0,0.0
2020-07-23 00:00:00-04:00,15.100000381469727,16.200000762939453,13.800000190734863,14.260000228881836,175950,0.0,0.0
2020-07-24 00:00:00-04:00,13.899999618530273,14.149999618530273,13.0,13.899999618530273,41010,0.0,0.0
2020-07-27 00:00:00-04:00,13.899999618530273,13.979999542236328,13.149999618530273,13.300000190734863,35820,0.0,0.0
2020-07-28 00:00:00-04:00,13.100000381469727,13.5,12.600000381469727,13.0,32570,0.0,0.0
2020-07-29 00:00:00-04:00,13.399999618530273,14.0,13.0,13.399999618530273,49870,0.0,0.0
2020-07-30 00:00:00-04:00,13.0,13.800000190734863,12.600000381469727,13.399999618530273,34810,0.0,0.0
2020-07-31 00:00:00-04:00,13.199999809265137,13.399999618530273,12.600000381469727,12.899999618530273,16850,0.0,0.0
2020-08-03 00:00:00-04:00,12.899999618530273,13.800000190734863,12.899999618530273,13.699999809265137,42980,0.0,0.0
2020-08-04 00:00:00-04:00,13.5,13.729999542236328,13.100000381469727,13.300000190734863,22350,0.0,0.0
2020-08-05 00:00:00-04:00,13.300000190734863,13.600000381469727,13.0,13.399999618530273,18140,0.0,0.0
2020-08-06 00:00:00-04:00,13.199999809265137,13.350000381469727,12.800000190734863,13.199999809265137,16520,0.0,0.0
2020-08-07 00:00:00-04:00,13.199999809265137,13.199999809265137,12.600000381469727,12.899999618530273,23680,0.0,0.0
2020-08-10 00:00:00-04:00,12.800000190734863,13.300000190734863,12.699999809265137,13.0,54930,0.0,0.0
2020-08-11 00:00:00-04:00,13.699999809265137,13.800000190734863,12.5,12.699999809265137,63140,0.0,0.0
2020-08-12 00:00:00-04:00,12.699999809265137,12.899999618530273,12.600000381469727,12.899999618530273,23320,0.0,0.0
2020-08-13 00:00:00-04:00,12.800000190734863,12.989999771118164,12.399999618530273,12.699999809265137,26060,0.0,0.0
2020-08-14 00:00:00-04:00,12.600000381469727,12.800000190734863,12.5,12.5,21790,0.0,0.0
2020-08-17 00:00:00-04:00,12.600000381469727,12.6899995803833,11.699999809265137,11.899999618530273,39300,0.0,0.0
2020-08-18 00:00:00-04:00,11.800000190734863,11.800000190734863,11.300000190734863,11.600000381469727,24990,0.0,0.0
2020-08-19 00:00:00-04:00,11.399999618530273,11.640000343322754,10.399999618530273,10.5,57270,0.0,0.0
2020-08-20 00:00:00-04:00,10.300000190734863,10.5,10.199999809265137,10.199999809265137,26830,0.0,0.0
2020-08-21 00:00:00-04:00,10.0,10.449999809265137,9.289999961853027,9.5,49400,0.0,0.0
2020-08-24 00:00:00-04:00,9.699999809265137,10.699999809265137,9.5,9.75,36000,0.0,0.0
2020-08-25 00:00:00-04:00,9.800000190734863,10.199999809265137,9.600000381469727,10.050000190734863,16660,0.0,0.0
2020-08-26 00:00:00-04:00,10.199999809265137,10.300000190734863,9.899999618530273,10.100000381469727,11610,0.0,0.0
2020-08-27 00:00:00-04:00,9.899999618530273,10.329999923706055,9.520000457763672,9.649999618530273,18100,0.0,0.0
2020-08-28 00:00:00-04:00,10.100000381469727,10.100000381469727,9.5,9.800000190734863,15110,0.0,0.0
2020-08-31 00:00:00-04:00,9.609999656677246,9.899999618530273,9.199999809265137,9.300000190734863,12940,0.0,0.0
2020-09-01 00:00:00-04:00,9.199999809265137,9.600000381469727,8.930000305175781,9.029999732971191,11630,0.0,0.0
2020-09-02 00:00:00-04:00,9.0,9.069999694824219,8.350000381469727,8.670000076293945,19960,0.0,0.0
2020-09-03 00:00:00-04:00,8.5,8.699999809265137,8.0,8.300000190734863,13670,0.0,0.0
2020-09-04 00:00:00-04:00,8.0,8.279999732971191,6.900000095367432,7.679999828338623,37580,0.0,0.0
2020-09-08 00:00:00-04:00,7.5,8.100000381469727,7.369999885559082,8.100000381469727,9070,0.0,0.0
2020-09-09 00:00:00-04:00,8.0,8.100000381469727,7.519999980926514,8.0,7420,0.0,0.0
2020-09-10 00:00:00-04:00,8.0,8.5,7.889999866485596,8.390000343322754,21140,0.0,0.0
2020-09-11 00:00:00-04:00,8.40999984741211,8.699999809265137,8.390000343322754,8.5,14280,0.0,0.0
2020-09-14 00:00:00-04:00,8.5,8.899999618530273,8.5,8.880000114440918,8800,0.0,0.0
2020-09-15 00:00:00-04:00,8.869999885559082,9.399999618530273,8.869999885559082,9.15999984741211,12340,0.0,0.0
2020-09-16 00:00:00-04:00,9.170000076293945,9.649999618530273,9.010000228881836,9.520000457763672,9170,0.0,0.0
2020-09-17 00:00:00-04:00,9.199999809265137,10.399999618530273,8.699999809265137,10.199999809265137,25140,0.0,0.0
2020-09-18 00:00:00-04:00,10.300000190734863,10.300000190734863,9.520000457763672,9.75,7170,0.0,0.0
2020-09-21 00:00:00-04:00,9.579999923706055,10.0,9.199999809265137,9.399999618530273,6810,0.0,0.0
2020-09-22 00:00:00-04:00,9.399999618530273,9.680000305175781,9.0,9.5,3620,0.0,0.0
2020-09-23 00:00:00-04:00,9.5,9.65999984741211,8.699999809265137,8.770000457763672,7930,0.0,0.0
2020-09-24 00:00:00-04:00,8.399999618530273,8.979999542236328,8.0,8.600000381469727,11090,0.0,0.0
2020-09-25 00:00:00-04:00,8.899999618530273,9.470000267028809,8.600000381469727,9.300000190734863,12610,0.0,0.0
2020-09-28 00:00:00-04:00,9.449999809265137,9.449999809265137,8.539999961853027,8.949999809265137,8680,0.0,0.0
2020-09-29 00:00:00-04:00,8.829999923706055,9.199999809265137,8.399999618530273,8.899999618530273,3400,0.0,0.0
2020-09-30 00:00:00-04:00,9.050000190734863,10.199999809265137,9.0,9.399999618530273,16930,0.0,0.0
2020-10-01 00:00:00-04:00,9.369999885559082,11.0,9.149999618530273,10.300000190734863,88950,0.0,0.0
2020-10-02 00:00:00-04:00,10.0,10.0,8.600000381469727,9.390000343322754,19840,0.0,0.0
2020-10-05 00:00:00-04:00,9.699999809265137,9.699999809265137,9.130000114440918,9.34000015258789,9130,0.0,0.0
2020-10-06 00:00:00-04:00,9.300000190734863,9.569999694824219,9.0,9.350000381469727,9170,0.0,0.0
2020-10-07 00:00:00-04:00,9.350000381469727,9.350000381469727,8.699999809265137,9.09000015258789,6250,0.0,0.0
2020-10-08 00:00:00-04:00,9.170000076293945,9.479999542236328,8.819999694824219,9.199999809265137,5720,0.0,0.0
2020-10-09 00:00:00-04:00,9.199999809265137,9.479999542236328,8.899999618530273,8.989999771118164,3780,0.0,0.0
2020-10-12 00:00:00-04:00,9.0,9.800000190734863,8.899999618530273,9.239999771118164,13270,0.0,0.0
2020-10-13 00:00:00-04:00,9.300000190734863,11.699999809265137,9.029999732971191,9.779999732971191,85990,0.0,0.0
2020-10-14 00:00:00-04:00,10.0,14.0,10.0,13.399999618530273,631810,0.0,0.0
2020-10-15 00:00:00-04:00,12.699999809265137,20.700000762939453,11.0,11.300000190734863,4064190,0.0,0.0
2020-10-16 00:00:00-04:00,13.199999809265137,14.899999618530273,11.5,12.199999809265137,640520,0.0,0.0
2020-10-19 00:00:00-04:00,11.300000190734863,13.0,10.600000381469727,12.0,213590,0.0,0.0
2020-10-20 00:00:00-04:00,12.5,14.399999618530273,11.199999809265137,12.100000381469727,509610,0.0,0.0
2020-10-21 00:00:00-04:00,12.170000076293945,13.199999809265137,11.949999809265137,12.0,133440,0.0,0.0
2020-10-22 00:00:00-04:00,11.899999618530273,12.5,11.300000190734863,11.600000381469727,78430,0.0,0.0
2020-10-23 00:00:00-04:00,11.600000381469727,11.600000381469727,10.5,10.699999809265137,112980,0.0,0.0
2020-10-26 00:00:00-04:00,10.600000381469727,10.699999809265137,10.100000381469727,10.300000190734863,33030,0.0,0.0
2020-10-27 00:00:00-04:00,10.100000381469727,10.5,9.600000381469727,10.100000381469727,39340,0.0,0.0
2020-10-28 00:00:00-04:00,9.880000114440918,10.100000381469727,9.399999618530273,9.670000076293945,32360,0.0,0.0
2020-10-29 00:00:00-04:00,9.479999542236328,9.800000190734863,9.130000114440918,9.149999618530273,17760,0.0,0.0
2020-10-30 00:00:00-04:00,9.100000381469727,9.4399995803833,8.430000305175781,8.600000381469727,29200,0.0,0.0
2020-11-02 00:00:00-05:00,8.850000381469727,9.289999961853027,8.8100004196167,9.100000381469727,17350,0.0,0.0
2020-11-03 00:00:00-05:00,9.199999809265137,9.800000190734863,8.699999809265137,9.5,13110,0.0,0.0
2020-11-04 00:00:00-05:00,9.579999923706055,9.630000114440918,9.020000457763672,9.199999809265137,5510,0.0,0.0
2020-11-05 00:00:00-05:00,9.289999961853027,10.399999618530273,9.0,9.739999771118164,70460,0.0,0.0
2020-11-06 00:00:00-05:00,10.100000381469727,10.119999885559082,9.600000381469727,9.699999809265137,14820,0.0,0.0
2020-11-09 00:00:00-05:00,10.100000381469727,10.600000381469727,9.699999809265137,10.0,39750,0.0,0.0
2020-11-10 00:00:00-05:00,10.300000190734863,10.5600004196167,9.8100004196167,10.0,45820,0.0,0.0
2020-11-11 00:00:00-05:00,10.329999923706055,10.5,9.899999618530273,10.050000190734863,23230,0.0,0.0
2020-11-12 00:00:00-05:00,10.100000381469727,10.800000190734863,10.100000381469727,10.399999618530273,41920,0.0,0.0
2020-11-13 00:00:00-05:00,10.5,10.550000190734863,10.0,10.300000190734863,21860,0.0,0.0
2020-11-16 00:00:00-05:00,10.300000190734863,10.399999618530273,10.0,10.199999809265137,11150,0.0,0.0
2020-11-17 00:00:00-05:00,10.5,11.300000190734863,10.100000381469727,10.899999618530273,73080,0.0,0.0
2020-11-18 00:00:00-05:00,11.300000190734863,11.800000190734863,10.600000381469727,10.75,57900,0.0,0.0
2020-11-19 00:00:00-05:00,10.899999618530273,10.899999618530273,10.300000190734863,10.600000381469727,23550,0.0,0.0
2020-11-20 00:00:00-05:00,10.899999618530273,10.899999618530273,10.399999618530273,10.5,23690,0.0,0.0
2020-11-23 00:00:00-05:00,10.800000190734863,11.300000190734863,10.5,10.8100004196167,50610,0.0,0.0
2020-11-24 00:00:00-05:00,11.300000190734863,12.399999618530273,10.800000190734863,12.0,132710,0.0,0.0
2020-11-25 00:00:00-05:00,24.799999237060547,27.700000762939453,20.0,20.100000381469727,14222070,0.0,0.0
2020-11-27 00:00:00-05:00,19.5,21.0,18.0,21.0,464950,0.0,0.0
2020-11-30 00:00:00-05:00,20.600000381469727,20.799999237060547,16.139999389648438,17.700000762939453,255360,0.0,0.0
2020-12-01 00:00:00-05:00,16.5,17.100000381469727,14.399999618530273,14.5,124780,0.0,0.0
2020-12-02 00:00:00-05:00,14.079999923706055,22.5,14.079999923706055,16.799999237060547,559840,0.0,0.0
2020-12-03 00:00:00-05:00,17.3799991607666,17.3799991607666,15.5,17.0,83970,0.0,0.0
2020-12-04 00:00:00-05:00,16.799999237060547,17.399999618530273,16.0,16.100000381469727,48460,0.0,0.0
2020-12-07 00:00:00-05:00,16.299999237060547,16.600000381469727,15.100000381469727,15.5,46690,0.0,0.0
2020-12-08 00:00:00-05:00,15.5,16.399999618530273,15.300000190734863,15.800000190734863,30390,0.0,0.0
2020-12-09 00:00:00-05:00,16.299999237060547,16.299999237060547,14.0,14.600000381469727,56570,0.0,0.0
2020-12-10 00:00:00-05:00,14.5,14.899999618530273,14.100000381469727,14.300000190734863,25660,0.0,0.0
2020-12-11 00:00:00-05:00,14.300000190734863,14.600000381469727,13.699999809265137,14.199999809265137,29740,0.0,0.0
2020-12-14 00:00:00-05:00,14.100000381469727,15.0,13.75,13.899999618530273,26210,0.0,0.0
2020-12-15 00:00:00-05:00,14.100000381469727,14.140000343322754,13.09000015258789,13.600000381469727,24000,0.0,0.0
2020-12-16 00:00:00-05:00,13.899999618530273,15.899999618530273,13.600000381469727,15.199999809265137,107080,0.0,0.0
2020-12-17 00:00:00-05:00,16.0,16.799999237060547,14.899999618530273,16.0,99910,0.0,0.0
2020-12-18 00:00:00-05:00,16.299999237060547,16.299999237060547,15.100000381469727,15.800000190734863,34560,0.0,0.0
2020-12-21 00:00:00-05:00,15.899999618530273,16.600000381469727,15.300000190734863,15.600000381469727,47440,0.0,0.0
2020-12-22 00:00:00-05:00,15.399999618530273,16.700000762939453,15.399999618530273,16.5,51240,0.0,0.0
2020-12-23 00:00:00-05:00,16.399999618530273,16.75,16.0,16.0,37190,0.0,0.0
2020-12-24 00:00:00-05:00,16.100000381469727,16.18000030517578,14.0,14.899999618530273,39720,0.0,0.0
2020-12-28 00:00:00-05:00,15.199999809265137,16.600000381469727,15.199999809265137,16.200000762939453,68210,0.0,0.0
2020-12-29 00:00:00-05:00,16.0,16.399999618530273,14.899999618530273,15.100000381469727,44360,0.0,0.0
2020-12-30 00:00:00-05:00,15.100000381469727,16.399999618530273,15.050000190734863,15.5,46790,0.0,0.0
2020-12-31 00:00:00-05:00,15.699999809265137,15.800000190734863,14.5,14.699999809265137,34950,0.0,0.0
2021-01-04 00:00:00-05:00,14.899999618530273,15.100000381469727,14.199999809265137,14.800000190734863,36610,0.0,0.0
2021-01-05 00:00:00-05:00,15.100000381469727,16.0,14.5,15.699999809265137,26860,0.0,0.0
2021-01-06 00:00:00-05:00,15.699999809265137,17.200000762939453,15.100000381469727,15.399999618530273,80420,0.0,0.0
2021-01-07 00:00:00-05:00,15.699999809265137,21.200000762939453,15.699999809265137,18.100000381469727,329970,0.0,0.0
2021-01-08 00:00:00-05:00,19.5,19.5,17.100000381469727,17.5,92790,0.0,0.0
2021-01-11 00:00:00-05:00,16.299999237060547,18.299999237060547,16.0,16.899999618530273,67690,0.0,0.0
2021-01-12 00:00:00-05:00,17.100000381469727,18.299999237060547,16.700000762939453,18.0,40270,0.0,0.0
2021-01-13 00:00:00-05:00,18.0,22.899999618530273,17.5,21.600000381469727,420080,0.0,0.0
2021-01-14 00:00:00-05:00,21.899999618530273,23.600000381469727,19.700000762939453,21.100000381469727,190440,0.0,0.0
2021-01-15 00:00:00-05:00,20.799999237060547,21.799999237060547,19.079999923706055,19.600000381469727,55560,0.0,0.0
2021-01-19 00:00:00-05:00,19.700000762939453,22.399999618530273,19.700000762939453,21.399999618530273,106810,0.0,0.0
2021-01-20 00:00:00-05:00,21.100000381469727,21.5,19.899999618530273,20.5,47170,0.0,0.0
2021-01-21 00:00:00-05:00,19.799999237060547,20.0,18.0,19.0,100010,0.0,0.0
2021-01-22 00:00:00-05:00,19.600000381469727,33.900001525878906,19.100000381469727,24.399999618530273,1745060,0.0,0.0
2021-01-25 00:00:00-05:00,24.0,28.5,21.0,23.5,318750,0.0,0.0
2021-01-26 00:00:00-05:00,22.899999618530273,23.5,21.299999237060547,21.799999237060547,94790,0.0,0.0
2021-01-27 00:00:00-05:00,20.600000381469727,21.5,18.969999313354492,19.600000381469727,104440,0.0,0.0
2021-01-28 00:00:00-05:00,20.0,20.399999618530273,18.799999237060547,19.299999237060547,58460,0.0,0.0
2021-01-29 00:00:00-05:00,19.899999618530273,21.700000762939453,19.299999237060547,20.700000762939453,192700,0.0,0.0
2021-02-01 00:00:00-05:00,21.700000762939453,21.700000762939453,19.700000762939453,20.299999237060547,74950,0.0,0.0
2021-02-02 00:00:00-05:00,20.299999237060547,20.700000762939453,18.5,20.200000762939453,52200,0.0,0.0
2021-02-03 00:00:00-05:00,20.0,22.209999084472656,19.899999618530273,21.200000762939453,144250,0.0,0.0
2021-02-04 00:00:00-05:00,22.600000381469727,24.700000762939453,21.299999237060547,24.200000762939453,254470,0.0,0.0
2021-02-05 00:00:00-05:00,26.799999237060547,26.799999237060547,23.799999237060547,25.799999237060547,379400,0.0,0.0
2021-02-08 00:00:00-05:00,27.5,28.0,25.0,26.5,159200,0.0,0.0
2021-02-09 00:00:00-05:00,26.299999237060547,30.0,25.600000381469727,28.5,182460,0.0,0.0
2021-02-10 00:00:00-05:00,30.239999771118164,30.239999771118164,25.5,27.299999237060547,117210,0.0,0.0
2021-02-11 00:00:00-05:00,27.0,30.0,26.5,28.299999237060547,78390,0.0,0.0
2021-02-12 00:00:00-05:00,27.600000381469727,29.299999237060547,26.0,28.899999618530273,114130,0.0,0.0
2021-02-16 00:00:00-05:00,30.5,41.0,29.399999618530273,36.70000076293945,589480,0.0,0.0
2021-02-17 00:00:00-05:00,33.79999923706055,59.400001525878906,33.2400016784668,49.599998474121094,2718000,0.0,0.0
2021-02-18 00:00:00-05:00,37.20000076293945,46.20000076293945,35.79999923706055,39.099998474121094,397440,0.0,0.0
2021-02-19 00:00:00-05:00,49.099998474121094,55.20000076293945,43.29999923706055,45.20000076293945,1461560,0.0,0.0
2021-02-22 00:00:00-05:00,39.150001525878906,41.36000061035156,38.70000076293945,39.0,310380,0.0,0.0
2021-02-23 00:00:00-05:00,32.5,38.0,29.799999237060547,34.400001525878906,207640,0.0,0.0
2021-02-24 00:00:00-05:00,35.599998474121094,37.099998474121094,34.20000076293945,34.5,114040,0.0,0.0
2021-02-25 00:00:00-05:00,34.20000076293945,35.0,28.200000762939453,29.399999618530273,103780,0.0,0.0
2021-02-26 00:00:00-05:00,28.899999618530273,31.899999618530273,28.0,28.399999618530273,82710,0.0,0.0
2021-03-01 00:00:00-05:00,29.5,31.700000762939453,29.399999618530273,30.5,46590,0.0,0.0
2021-03-02 00:00:00-05:00,30.100000381469727,30.25,27.0,27.0,69030,0.0,0.0
2021-03-03 00:00:00-05:00,27.299999237060547,28.1299991607666,24.700000762939453,25.0,56000,0.0,0.0
2021-03-04 00:00:00-05:00,24.100000381469727,25.200000762939453,22.0,22.600000381469727,80170,0.0,0.0
2021-03-05 00:00:00-05:00,22.600000381469727,23.399999618530273,21.0,22.5,60350,0.0,0.0
2021-03-08 00:00:00-05:00,24.0,24.399999618530273,22.450000762939453,23.200000762939453,29730,0.0,0.0
2021-03-09 00:00:00-05:00,24.700000762939453,25.200000762939453,23.0,24.700000762939453,68360,0.0,0.0
2021-03-10 00:00:00-05:00,25.899999618530273,28.0,23.5,26.600000381469727,203840,0.0,0.0
2021-03-11 00:00:00-05:00,27.899999618530273,28.0,25.700000762939453,27.600000381469727,108380,0.0,0.0
2021-03-12 00:00:00-05:00,26.100000381469727,29.600000381469727,25.799999237060547,28.299999237060547,152080,0.0,0.0
2021-03-15 00:00:00-04:00,28.399999618530273,29.299999237060547,27.600000381469727,28.0,41250,0.0,0.0
2021-03-16 00:00:00-04:00,28.600000381469727,28.799999237060547,25.600000381469727,26.799999237060547,59650,0.0,0.0
2021-03-17 00:00:00-04:00,25.600000381469727,31.0,25.399999618530273,29.799999237060547,117660,0.0,0.0
2021-03-18 00:00:00-04:00,30.100000381469727,33.400001525878906,27.799999237060547,28.299999237060547,402090,0.0,0.0
2021-03-19 00:00:00-04:00,28.5,30.299999237060547,27.799999237060547,28.299999237060547,45650,0.0,0.0
2021-03-22 00:00:00-04:00,28.600000381469727,29.700000762939453,27.600000381469727,27.799999237060547,55830,0.0,0.0
2021-03-23 00:00:00-04:00,27.5,27.899999618530273,25.600000381469727,25.899999618530273,50800,0.0,0.0
2021-03-24 00:00:00-04:00,26.0,26.5,24.100000381469727,24.299999237060547,46580,0.0,0.0
2021-03-25 00:00:00-04:00,23.299999237060547,25.100000381469727,22.399999618530273,24.200000762939453,36410,0.0,0.0
2021-03-26 00:00:00-04:00,24.799999237060547,26.0,23.600000381469727,24.200000762939453,25350,0.0,0.0
2021-03-29 00:00:00-04:00,23.799999237060547,25.0,22.950000762939453,23.399999618530273,38250,0.0,0.0
2021-03-30 00:00:00-04:00,23.299999237060547,24.799999237060547,22.600000381469727,24.5,32770,0.0,0.0
2021-03-31 00:00:00-04:00,25.0,25.899999618530273,24.399999618530273,25.600000381469727,23670,0.0,0.0
2021-04-01 00:00:00-04:00,26.0,26.0,24.799999237060547,25.100000381469727,12370,0.0,0.0
2021-04-05 00:00:00-04:00,25.299999237060547,25.84000015258789,24.200000762939453,24.649999618530273,23980,0.0,0.0
2021-04-06 00:00:00-04:00,24.600000381469727,26.399999618530273,24.0,25.200000762939453,33070,0.0,0.0
2021-04-07 00:00:00-04:00,25.200000762939453,25.299999237060547,21.5,22.0,87190,0.0,0.0
2021-04-08 00:00:00-04:00,21.899999618530273,22.799999237060547,20.799999237060547,21.799999237060547,49230,0.0,0.0
2021-04-09 00:00:00-04:00,21.700000762939453,22.200000762939453,21.200000762939453,21.700000762939453,23400,0.0,0.0
2021-04-12 00:00:00-04:00,21.5,21.5,18.399999618530273,19.100000381469727,50670,0.0,0.0
2021-04-13 00:00:00-04:00,19.299999237060547,19.700000762939453,18.600000381469727,19.0,19670,0.0,0.0
2021-04-14 00:00:00-04:00,19.299999237060547,20.299999237060547,18.700000762939453,19.399999618530273,46490,0.0,0.0
2021-04-15 00:00:00-04:00,19.399999618530273,19.399999618530273,17.600000381469727,17.799999237060547,21970,0.0,0.0
2021-04-16 00:00:00-04:00,17.299999237060547,17.5,16.200000762939453,17.100000381469727,24140,0.0,0.0
2021-04-19 00:00:00-04:00,16.799999237060547,17.5,16.5,17.200000762939453,13360,0.0,0.0
2021-04-20 00:00:00-04:00,17.399999618530273,17.5,16.299999237060547,16.700000762939453,11310,0.0,0.0
2021-04-21 00:00:00-04:00,16.700000762939453,17.600000381469727,16.43000030517578,17.399999618530273,9630,0.0,0.0
2021-04-22 00:00:00-04:00,17.5,18.200000762939453,17.049999237060547,17.450000762939453,16600,0.0,0.0
2021-04-23 00:00:00-04:00,17.899999618530273,18.5,17.5,18.200000762939453,10130,0.0,0.0
2021-04-26 00:00:00-04:00,18.100000381469727,20.5,18.100000381469727,20.200000762939453,21800,0.0,0.0
2021-04-27 00:00:00-04:00,20.399999618530273,20.530000686645508,19.100000381469727,19.600000381469727,13740,0.0,0.0
2021-04-28 00:00:00-04:00,19.5,20.100000381469727,19.299999237060547,19.600000381469727,8710,0.0,0.0
2021-04-29 00:00:00-04:00,19.5,19.899999618530273,18.100000381469727,18.799999237060547,14490,0.0,0.0
2021-04-30 00:00:00-04:00,18.399999618530273,19.450000762939453,18.399999618530273,18.5,5350,0.0,0.0
2021-05-03 00:00:00-04:00,18.600000381469727,19.299999237060547,18.200000762939453,18.700000762939453,6840,0.0,0.0
2021-05-04 00:00:00-04:00,18.5,18.899999618530273,17.600000381469727,18.399999618530273,8820,0.0,0.0
2021-05-05 00:00:00-04:00,18.100000381469727,18.799999237060547,17.600000381469727,17.600000381469727,8860,0.0,0.0
2021-05-06 00:00:00-04:00,18.0,18.0,16.600000381469727,17.0,7550,0.0,0.0
2021-05-07 00:00:00-04:00,17.200000762939453,17.799999237060547,16.899999618530273,17.0,9790,0.0,0.0
2021-05-10 00:00:00-04:00,17.0,17.200000762939453,15.899999618530273,16.100000381469727,10760,0.0,0.0
2021-05-11 00:00:00-04:00,15.800000190734863,16.5,15.199999809265137,15.699999809265137,9770,0.0,0.0
2021-05-12 00:00:00-04:00,16.0,16.299999237060547,15.199999809265137,15.399999618530273,3910,0.0,0.0
2021-05-13 00:00:00-04:00,15.5,16.100000381469727,14.100000381469727,14.300000190734863,13450,0.0,0.0
2021-05-14 00:00:00-04:00,14.399999618530273,15.199999809265137,14.319999694824219,14.600000381469727,7660,0.0,0.0
2021-05-17 00:00:00-04:00,14.899999618530273,15.84000015258789,14.600000381469727,15.5,5550,0.0,0.0
2021-05-18 00:00:00-04:00,15.5,16.299999237060547,15.0,15.800000190734863,7260,0.0,0.0
2021-05-19 00:00:00-04:00,15.600000381469727,15.899999618530273,15.100000381469727,15.5,10290,0.0,0.0
2021-05-20 00:00:00-04:00,15.699999809265137,16.799999237060547,15.399999618530273,15.600000381469727,8220,0.0,0.0
2021-05-21 00:00:00-04:00,15.800000190734863,16.5,15.800000190734863,16.200000762939453,5210,0.0,0.0
2021-05-24 00:00:00-04:00,16.0,16.299999237060547,15.649999618530273,15.899999618530273,2800,0.0,0.0
2021-05-25 00:00:00-04:00,15.899999618530273,16.350000381469727,15.699999809265137,16.0,4660,0.0,0.0
2021-05-26 00:00:00-04:00,16.0,17.200000762939453,16.0,16.899999618530273,10580,0.0,0.0
2021-05-27 00:00:00-04:00,16.700000762939453,18.399999618530273,16.600000381469727,16.899999618530273,15780,0.0,0.0
2021-05-28 00:00:00-04:00,17.200000762939453,17.450000762939453,16.709999084472656,17.200000762939453,4810,0.0,0.0
2021-06-01 00:00:00-04:00,17.5,17.5,16.200000762939453,16.799999237060547,15830,0.0,0.0
2021-06-02 00:00:00-04:00,16.600000381469727,17.399999618530273,16.5,16.5,10020,0.0,0.0
2021-06-03 00:00:00-04:00,16.700000762939453,17.100000381469727,16.100000381469727,16.399999618530273,12500,0.0,0.0
2021-06-04 00:00:00-04:00,16.299999237060547,16.799999237060547,16.200000762939453,16.200000762939453,4880,0.0,0.0
2021-06-07 00:00:00-04:00,16.100000381469727,18.399999618530273,16.100000381469727,17.899999618530273,44780,0.0,0.0
2021-06-08 00:00:00-04:00,18.0,18.5,17.0,18.0,21460,0.0,0.0
2021-06-09 00:00:00-04:00,17.600000381469727,18.0,17.100000381469727,17.700000762939453,19700,0.0,0.0
2021-06-10 00:00:00-04:00,17.600000381469727,18.0,16.700000762939453,17.0,16770,0.0,0.0
2021-06-11 00:00:00-04:00,17.0,17.5,16.799999237060547,17.200000762939453,33340,0.0,0.0
2021-06-14 00:00:00-04:00,17.799999237060547,19.950000762939453,17.799999237060547,18.700000762939453,60140,0.0,0.0
2021-06-15 00:00:00-04:00,18.299999237060547,18.700000762939453,17.600000381469727,17.700000762939453,14370,0.0,0.0
2021-06-16 00:00:00-04:00,17.700000762939453,18.399999618530273,17.299999237060547,18.0,12830,0.0,0.0
2021-06-17 00:00:00-04:00,18.0,18.799999237060547,17.700000762939453,18.299999237060547,14030,0.0,0.0
2021-06-18 00:00:00-04:00,18.5,18.700000762939453,18.0,18.399999618530273,6660,0.0,0.0
2021-06-21 00:00:00-04:00,18.399999618530273,18.399999618530273,17.299999237060547,17.600000381469727,10700,0.0,0.0
2021-06-22 00:00:00-04:00,17.31999969482422,17.600000381469727,16.799999237060547,17.0,8370,0.0,0.0
2021-06-23 00:00:00-04:00,17.0,17.600000381469727,16.399999618530273,17.5,10560,0.0,0.0
2021-06-24 00:00:00-04:00,17.5,17.600000381469727,17.200000762939453,17.200000762939453,6790,0.0,0.0
2021-06-25 00:00:00-04:00,17.100000381469727,17.600000381469727,16.700000762939453,17.0,17820,0.0,0.0
2021-06-28 00:00:00-04:00,17.5,18.5,17.0,18.200000762939453,26500,0.0,0.0
2021-06-29 00:00:00-04:00,18.100000381469727,19.799999237060547,17.600000381469727,18.700000762939453,71820,0.0,0.0
2021-06-30 00:00:00-04:00,18.899999618530273,25.3799991607666,18.899999618530273,20.799999237060547,657370,0.0,0.0
2021-07-01 00:00:00-04:00,20.899999618530273,21.0,19.200000762939453,19.399999618530273,113100,0.0,0.0
2021-07-02 00:00:00-04:00,18.700000762939453,18.700000762939453,17.0,17.100000381469727,72580,0.0,0.0
2021-07-06 00:00:00-04:00,17.200000762939453,18.149999618530273,16.299999237060547,17.700000762939453,94770,0.0,0.0
2021-07-07 00:00:00-04:00,17.600000381469727,17.600000381469727,15.0,15.899999618530273,48080,0.0,0.0
2021-07-08 00:00:00-04:00,15.5,15.800000190734863,15.100000381469727,15.300000190734863,18410,0.0,0.0
2021-07-09 00:00:00-04:00,15.300000190734863,18.0,15.300000190734863,16.600000381469727,109130,0.0,0.0
2021-07-12 00:00:00-04:00,16.200000762939453,19.100000381469727,16.0,17.799999237060547,106220,0.0,0.0
2021-07-13 00:00:00-04:00,17.5,18.799999237060547,17.0,17.700000762939453,51050,0.0,0.0
2021-07-14 00:00:00-04:00,17.899999618530273,18.5,17.100000381469727,17.600000381469727,37990,0.0,0.0
2021-07-15 00:00:00-04:00,17.200000762939453,17.299999237060547,15.399999618530273,16.0,55510,0.0,0.0
2021-07-16 00:00:00-04:00,15.899999618530273,17.0,15.800000190734863,16.5,20040,0.0,0.0
2021-07-19 00:00:00-04:00,15.699999809265137,16.799999237060547,15.600000381469727,16.5,11180,0.0,0.0
2021-07-20 00:00:00-04:00,16.899999618530273,18.799999237060547,16.299999237060547,18.100000381469727,115050,0.0,0.0
2021-07-21 00:00:00-04:00,18.5,19.600000381469727,17.5,19.0,60300,0.0,0.0
2021-07-22 00:00:00-04:00,18.700000762939453,18.860000610351562,17.100000381469727,18.200000762939453,28040,0.0,0.0
2021-07-23 00:00:00-04:00,17.700000762939453,18.0,16.600000381469727,16.600000381469727,22890,0.0,0.0
2021-07-26 00:00:00-04:00,16.600000381469727,17.899999618530273,16.200000762939453,17.0,47200,0.0,0.0
2021-07-27 00:00:00-04:00,17.0,17.299999237060547,16.239999771118164,16.799999237060547,15810,0.0,0.0
2021-07-28 00:00:00-04:00,16.559999465942383,17.299999237060547,16.549999237060547,17.0,17030,0.0,0.0
2021-07-29 00:00:00-04:00,17.0,18.0,16.600000381469727,17.200000762939453,32470,0.0,0.0
2021-07-30 00:00:00-04:00,17.0,17.200000762939453,16.5,17.100000381469727,8520,0.0,0.0
2021-08-02 00:00:00-04:00,17.100000381469727,17.100000381469727,16.5,16.700000762939453,12070,0.0,0.0
2021-08-03 00:00:00-04:00,16.899999618530273,17.0,15.600000381469727,16.399999618530273,12360,0.0,0.0
2021-08-04 00:00:00-04:00,16.200000762939453,16.600000381469727,15.800000190734863,16.200000762939453,4850,0.0,0.0
2021-08-05 00:00:00-04:00,16.0,16.940000534057617,15.899999618530273,16.600000381469727,5490,0.0,0.0
2021-08-06 00:00:00-04:00,16.600000381469727,17.5,16.280000686645508,17.100000381469727,23540,0.0,0.0
2021-08-09 00:00:00-04:00,16.799999237060547,17.399999618530273,16.530000686645508,17.0,8930,0.0,0.0
2021-08-10 00:00:00-04:00,17.0,17.299999237060547,16.600000381469727,16.899999618530273,4400,0.0,0.0
2021-08-11 00:00:00-04:00,16.600000381469727,16.799999237060547,16.100000381469727,16.5,5470,0.0,0.0
2021-08-12 00:00:00-04:00,16.399999618530273,16.399999618530273,15.760000228881836,16.299999237060547,11310,0.0,0.0
2021-08-13 00:00:00-04:00,16.100000381469727,16.100000381469727,15.199999809265137,15.699999809265137,6410,0.0,0.0
2021-08-16 00:00:00-04:00,15.5,15.5,14.0,14.300000190734863,14480,0.0,0.0
2021-08-17 00:00:00-04:00,14.0,15.020000457763672,13.699999809265137,14.600000381469727,8120,0.0,0.0
2021-08-18 00:00:00-04:00,14.300000190734863,14.600000381469727,13.0,13.300000190734863,10380,0.0,0.0
2021-08-19 00:00:00-04:00,13.300000190734863,13.579999923706055,12.399999618530273,13.0,17790,0.0,0.0
2021-08-20 00:00:00-04:00,13.300000190734863,13.550000190734863,12.100000381469727,13.399999618530273,3400,0.0,0.0
2021-08-23 00:00:00-04:00,13.600000381469727,14.0,12.899999618530273,13.100000381469727,11370,0.0,0.0
2021-08-24 00:00:00-04:00,13.140000343322754,14.899999618530273,13.0,14.399999618530273,25970,0.0,0.0
2021-08-25 00:00:00-04:00,14.5,14.699999809265137,13.600000381469727,13.800000190734863,7730,0.0,0.0
2021-08-26 00:00:00-04:00,14.0,14.899999618530273,13.600000381469727,13.800000190734863,21310,0.0,0.0
2021-08-27 00:00:00-04:00,13.800000190734863,14.5,13.800000190734863,14.300000190734863,6680,0.0,0.0
2021-08-30 00:00:00-04:00,14.100000381469727,15.399999618530273,13.800000190734863,15.0,54050,0.0,0.0
2021-08-31 00:00:00-04:00,14.899999618530273,15.0,14.600000381469727,14.699999809265137,3390,0.0,0.0
2021-09-01 00:00:00-04:00,14.5,15.0,14.300000190734863,14.399999618530273,4300,0.0,0.0
2021-09-02 00:00:00-04:00,14.5,14.979999542236328,14.319999694824219,14.399999618530273,5300,0.0,0.0
2021-09-03 00:00:00-04:00,14.600000381469727,14.600000381469727,14.0,14.300000190734863,6010,0.0,0.0
2021-09-07 00:00:00-04:00,14.300000190734863,14.5,14.0,14.0,3410,0.0,0.0
2021-09-08 00:00:00-04:00,14.0,14.199999809265137,13.399999618530273,13.6899995803833,5160,0.0,0.0
2021-09-09 00:00:00-04:00,13.399999618530273,13.800000190734863,13.350000381469727,13.5,4990,0.0,0.0
2021-09-10 00:00:00-04:00,13.5,13.890000343322754,13.100000381469727,13.5,5680,0.0,0.0
2021-09-13 00:00:00-04:00,13.399999618530273,13.680000305175781,13.0,13.100000381469727,4660,0.0,0.0
2021-09-14 00:00:00-04:00,13.199999809265137,13.5,12.850000381469727,12.899999618530273,5680,0.0,0.0
2021-09-15 00:00:00-04:00,12.800000190734863,13.399999618530273,12.800000190734863,13.199999809265137,4860,0.0,0.0
2021-09-16 00:00:00-04:00,13.399999618530273,13.600000381469727,13.100000381469727,13.100000381469727,3630,0.0,0.0
2021-09-17 00:00:00-04:00,13.300000190734863,13.800000190734863,12.899999618530273,13.5,5540,0.0,0.0
2021-09-20 00:00:00-04:00,12.800000190734863,13.300000190734863,12.600000381469727,12.979999542236328,8860,0.0,0.0
2021-09-21 00:00:00-04:00,13.300000190734863,13.300000190734863,12.399999618530273,12.800000190734863,4280,0.0,0.0
2021-09-22 00:00:00-04:00,12.800000190734863,13.0,12.600000381469727,12.699999809265137,2690,0.0,0.0
2021-09-23 00:00:00-04:00,12.600000381469727,12.899999618530273,12.600000381469727,12.800000190734863,2140,0.0,0.0
2021-09-24 00:00:00-04:00,12.5,12.699999809265137,12.100000381469727,12.199999809265137,7750,0.0,0.0
2021-09-27 00:00:00-04:00,12.399999618530273,13.399999618530273,12.199999809265137,12.699999809265137,16890,0.0,0.0
2021-09-28 00:00:00-04:00,12.600000381469727,12.600000381469727,12.0,12.300000190734863,3790,0.0,0.0
2021-09-29 00:00:00-04:00,12.3100004196167,12.899999618530273,12.199999809265137,12.199999809265137,4280,0.0,0.0
2021-09-30 00:00:00-04:00,12.199999809265137,12.699999809265137,11.399999618530273,11.800000190734863,22220,0.0,0.0
2021-10-01 00:00:00-04:00,11.800000190734863,11.899999618530273,11.199999809265137,11.199999809265137,5880,0.0,0.0
2021-10-04 00:00:00-04:00,11.300000190734863,11.399999618530273,10.5,10.979999542236328,13130,0.0,0.0
2021-10-05 00:00:00-04:00,10.600000381469727,11.5,10.600000381469727,11.460000038146973,11050,0.0,0.0
2021-10-06 00:00:00-04:00,11.100000381469727,11.399999618530273,11.100000381469727,11.199999809265137,2860,0.0,0.0
2021-10-07 00:00:00-04:00,11.199999809265137,12.199999809265137,11.199999809265137,12.199999809265137,8550,0.0,0.0
2021-10-08 00:00:00-04:00,11.899999618530273,12.399999618530273,11.899999618530273,12.199999809265137,1190,0.0,0.0
2021-10-11 00:00:00-04:00,11.800000190734863,13.699999809265137,11.640000343322754,12.899999618530273,13180,0.0,0.0
2021-10-12 00:00:00-04:00,13.100000381469727,13.5,12.600000381469727,12.899999618530273,11460,0.0,0.0
2021-10-13 00:00:00-04:00,12.699999809265137,14.0,12.510000228881836,13.300000190734863,22540,0.0,0.0
2021-10-14 00:00:00-04:00,13.199999809265137,14.0,12.800000190734863,13.699999809265137,11430,0.0,0.0
2021-10-15 00:00:00-04:00,13.699999809265137,13.699999809265137,12.899999618530273,13.5,5650,0.0,0.0
2021-10-18 00:00:00-04:00,13.5,13.800000190734863,12.800000190734863,13.100000381469727,3840,0.0,0.0
2021-10-19 00:00:00-04:00,12.899999618530273,13.100000381469727,12.199999809265137,12.699999809265137,3000,0.0,0.0
2021-10-20 00:00:00-04:00,12.5,13.5,12.5,13.300000190734863,5090,0.0,0.0
2021-10-21 00:00:00-04:00,13.199999809265137,13.399999618530273,12.699999809265137,13.100000381469727,4230,0.0,0.0
2021-10-22 00:00:00-04:00,12.899999618530273,15.600000381469727,12.600000381469727,14.0,84480,0.0,0.0
2021-10-25 00:00:00-04:00,14.5,16.600000381469727,14.5,15.600000381469727,71430,0.0,0.0
2021-10-26 00:00:00-04:00,15.899999618530273,17.200000762939453,15.600000381469727,15.699999809265137,39460,0.0,0.0
2021-10-27 00:00:00-04:00,15.899999618530273,16.5,15.699999809265137,16.5,14630,0.0,0.0
2021-10-28 00:00:00-04:00,16.0,16.5,15.800000190734863,15.899999618530273,17960,0.0,0.0
2021-10-29 00:00:00-04:00,15.899999618530273,16.100000381469727,14.5,15.15999984741211,9850,0.0,0.0
2021-11-01 00:00:00-04:00,15.300000190734863,15.399999618530273,14.510000228881836,14.899999618530273,12760,0.0,0.0
2021-11-02 00:00:00-04:00,15.0,16.5,14.899999618530273,16.200000762939453,19260,0.0,0.0
2021-11-03 00:00:00-04:00,16.399999618530273,16.489999771118164,16.0,16.25,8860,0.0,0.0
2021-11-04 00:00:00-04:00,16.040000915527344,16.600000381469727,16.010000228881836,16.200000762939453,7740,0.0,0.0
2021-11-05 00:00:00-04:00,16.100000381469727,17.0,16.100000381469727,16.200000762939453,12220,0.0,0.0
2021-11-08 00:00:00-05:00,16.100000381469727,16.899999618530273,16.0,16.399999618530273,5440,0.0,0.0
2021-11-09 00:00:00-05:00,16.399999618530273,16.399999618530273,15.199999809265137,16.200000762939453,10030,0.0,0.0
2021-11-10 00:00:00-05:00,15.899999618530273,16.299999237060547,15.300000190734863,15.600000381469727,9830,0.0,0.0
2021-11-11 00:00:00-05:00,15.399999618530273,16.5,15.300000190734863,15.699999809265137,8870,0.0,0.0
2021-11-12 00:00:00-05:00,15.800000190734863,16.5,15.399999618530273,16.200000762939453,7750,0.0,0.0
2021-11-15 00:00:00-05:00,16.0,17.5,16.0,16.6299991607666,18270,0.0,0.0
2021-11-16 00:00:00-05:00,16.100000381469727,16.5,15.399999618530273,15.699999809265137,8990,0.0,0.0
2021-11-17 00:00:00-05:00,15.5,16.0,14.949999809265137,15.449999809265137,3770,0.0,0.0
2021-11-18 00:00:00-05:00,15.300000190734863,15.399999618530273,14.220000267028809,14.829999923706055,4990,0.0,0.0
2021-11-19 00:00:00-05:00,14.5,14.800000190734863,14.100000381469727,14.100000381469727,3530,0.0,0.0
2021-11-22 00:00:00-05:00,14.100000381469727,14.899999618530273,13.609999656677246,14.0,6770,0.0,0.0
2021-11-23 00:00:00-05:00,13.800000190734863,13.800000190734863,13.100000381469727,13.5,5400,0.0,0.0
2021-11-24 00:00:00-05:00,13.300000190734863,14.489999771118164,12.600000381469727,14.489999771118164,7090,0.0,0.0
2021-11-26 00:00:00-05:00,14.0,14.300000190734863,13.300000190734863,13.899999618530273,4880,0.0,0.0
2021-11-29 00:00:00-05:00,13.600000381469727,13.8100004196167,13.100000381469727,13.100000381469727,2820,0.0,0.0
2021-11-30 00:00:00-05:00,13.100000381469727,13.399999618530273,12.600000381469727,12.699999809265137,4510,0.0,0.0
2021-12-01 00:00:00-05:00,12.699999809265137,14.5,12.699999809265137,13.0,6990,0.0,0.0
2021-12-02 00:00:00-05:00,12.800000190734863,13.5,12.699999809265137,12.800000190734863,3960,0.0,0.0
2021-12-03 00:00:00-05:00,12.800000190734863,12.899999618530273,9.800000190734863,10.100000381469727,42470,0.0,0.0
2021-12-06 00:00:00-05:00,10.199999809265137,10.800000190734863,9.5,10.5,12930,0.0,0.0
2021-12-07 00:00:00-05:00,10.399999618530273,10.800000190734863,9.609999656677246,10.100000381469727,14290,0.0,0.0
2021-12-08 00:00:00-05:00,10.0,13.300000190734863,10.0,10.899999618530273,84590,0.0,0.0
2021-12-09 00:00:00-05:00,10.899999618530273,11.199999809265137,10.100000381469727,10.199999809265137,7750,0.0,0.0
2021-12-10 00:00:00-05:00,10.199999809265137,10.800000190734863,10.199999809265137,10.449999809265137,4660,0.0,0.0
2021-12-13 00:00:00-05:00,10.300000190734863,10.789999961853027,9.300000190734863,9.789999961853027,15900,0.0,0.0
2021-12-14 00:00:00-05:00,9.600000381469727,10.5,8.100000381469727,9.100000381469727,30990,0.0,0.0
2021-12-15 00:00:00-05:00,9.079999923706055,9.6899995803833,8.699999809265137,9.300000190734863,10110,0.0,0.0
2021-12-16 00:00:00-05:00,10.0,10.0,8.210000038146973,8.399999618530273,20290,0.0,0.0
2021-12-17 00:00:00-05:00,8.399999618530273,9.199999809265137,8.399999618530273,8.949999809265137,6070,0.0,0.0
2021-12-20 00:00:00-05:00,8.989999771118164,9.0,8.6899995803833,8.6899995803833,6760,0.0,0.0
2021-12-21 00:00:00-05:00,7.5,8.600000381469727,7.5,8.600000381469727,15250,0.0,0.0
2021-12-22 00:00:00-05:00,8.5,8.729999542236328,8.100000381469727,8.199999809265137,8240,0.0,0.0
2021-12-23 00:00:00-05:00,7.949999809265137,8.100000381469727,7.71999979019165,7.829999923706055,10830,0.0,0.0
2021-12-27 00:00:00-05:00,8.300000190734863,8.300000190734863,7.5,7.75,11510,0.0,0.0
2021-12-28 00:00:00-05:00,7.699999809265137,8.0,7.5,7.5,9660,0.0,0.0
2021-12-29 00:00:00-05:00,7.679999828338623,7.699999809265137,6.099999904632568,6.699999809265137,38590,0.0,0.0
2021-12-30 00:00:00-05:00,6.519999980926514,7.099999904632568,6.519999980926514,6.980000019073486,15520,0.0,0.0
2021-12-31 00:00:00-05:00,6.639999866485596,7.0,6.599999904632568,6.599999904632568,11030,0.0,0.0
2022-01-03 00:00:00-05:00,6.5,7.099999904632568,6.5,7.0,4690,0.0,0.0
2022-01-04 00:00:00-05:00,7.5,7.5,7.0,7.199999809265137,1770,0.0,0.0
2022-01-05 00:00:00-05:00,7.010000228881836,7.099999904632568,6.320000171661377,6.5,14470,0.0,0.0
2022-01-06 00:00:00-05:00,6.320000171661377,6.409999847412109,6.019999980926514,6.239999771118164,10450,0.0,0.0
2022-01-07 00:00:00-05:00,6.489999771118164,6.489999771118164,5.75,5.920000076293945,8480,0.0,0.0
2022-01-10 00:00:00-05:00,5.699999809265137,6.300000190734863,5.699999809265137,6.099999904632568,4240,0.0,0.0
2022-01-11 00:00:00-05:00,6.010000228881836,6.699999809265137,6.010000228881836,6.610000133514404,10420,0.0,0.0
2022-01-12 00:00:00-05:00,6.539999961853027,6.78000020980835,6.150000095367432,6.400000095367432,3940,0.0,0.0
2022-01-13 00:00:00-05:00,6.400000095367432,6.800000190734863,6.079999923706055,6.599999904632568,16890,0.0,0.0
2022-01-14 00:00:00-05:00,6.679999828338623,7.0,5.550000190734863,6.71999979019165,40450,0.0,0.0
2022-01-18 00:00:00-05:00,6.710000038146973,8.0,6.400000095367432,7.300000190734863,12960,0.0,0.0
2022-01-19 00:00:00-05:00,7.519999980926514,7.519999980926514,6.5,6.599999904632568,6860,0.0,0.0
2022-01-20 00:00:00-05:00,6.75,6.900000095367432,6.090000152587891,6.300000190734863,6210,0.0,0.0
2022-01-21 00:00:00-05:00,6.599999904632568,6.699999809265137,6.019999980926514,6.019999980926514,10860,0.0,0.0
2022-01-24 00:00:00-05:00,6.0,6.050000190734863,5.5,5.699999809265137,6660,0.0,0.0
2022-01-25 00:00:00-05:00,5.699999809265137,5.949999809265137,5.510000228881836,5.699999809265137,5090,0.0,0.0
2022-01-26 00:00:00-05:00,6.079999923706055,6.269999980926514,5.639999866485596,5.71999979019165,7730,0.0,0.0
2022-01-27 00:00:00-05:00,5.800000190734863,5.900000095367432,5.730000019073486,5.730000019073486,1390,0.0,0.0
2022-01-28 00:00:00-05:00,5.96999979019165,6.199999809265137,5.730000019073486,5.800000190734863,2570,0.0,0.0
2022-01-31 00:00:00-05:00,5.800000190734863,6.300000190734863,5.800000190734863,6.110000133514404,4280,0.0,0.0
2022-02-01 00:00:00-05:00,5.900000095367432,7.699999809265137,5.900000095367432,6.329999923706055,107220,0.0,0.0
2022-02-02 00:00:00-05:00,6.480000019073486,6.800000190734863,6.0,6.25,12780,0.0,0.0
2022-02-03 00:00:00-05:00,5.699999809265137,6.059999942779541,5.699999809265137,5.699999809265137,6490,0.0,0.0
2022-02-04 00:00:00-05:00,5.78000020980835,6.800000190734863,5.699999809265137,6.300000190734863,45670,0.0,0.0
2022-02-07 00:00:00-05:00,6.28000020980835,6.800000190734863,5.960000038146973,6.360000133514404,11090,0.0,0.0
2022-02-08 00:00:00-05:00,6.309999942779541,6.599999904632568,5.909999847412109,6.059999942779541,8550,0.0,0.0
2022-02-09 00:00:00-05:00,6.300000190734863,6.300000190734863,6.099999904632568,6.199999809265137,3070,0.0,0.0
2022-02-10 00:00:00-05:00,6.079999923706055,6.099999904632568,5.960000038146973,5.960000038146973,6650,0.0,0.0
2022-02-11 00:00:00-05:00,5.960000038146973,6.099999904632568,5.820000171661377,5.849999904632568,2720,0.0,0.0
2022-02-14 00:00:00-05:00,6.0,6.199999809265137,5.75,5.960000038146973,3760,0.0,0.0
2022-02-15 00:00:00-05:00,6.0,6.300000190734863,5.96999979019165,6.0,4080,0.0,0.0
2022-02-16 00:00:00-05:00,6.300000190734863,6.300000190734863,6.010000228881836,6.150000095367432,2950,0.0,0.0
2022-02-17 00:00:00-05:00,6.050000190734863,6.150000095367432,5.809999942779541,6.0,3850,0.0,0.0
2022-02-18 00:00:00-05:00,5.989999771118164,6.099999904632568,5.809999942779541,5.849999904632568,5160,0.0,0.0
2022-02-22 00:00:00-05:00,5.900000095367432,5.900000095367432,5.599999904632568,5.699999809265137,3400,0.0,0.0
2022-02-23 00:00:00-05:00,5.699999809265137,5.699999809265137,5.050000190734863,5.099999904632568,8180,0.0,0.0
2022-02-24 00:00:00-05:00,4.599999904632568,5.349999904632568,4.599999904632568,4.900000095367432,5950,0.0,0.0
2022-02-25 00:00:00-05:00,5.150000095367432,5.150000095367432,4.809999942779541,4.900000095367432,2370,0.0,0.0
2022-02-28 00:00:00-05:00,5.349999904632568,5.699999809265137,4.5,4.78000020980835,6140,0.0,0.0
2022-03-01 00:00:00-05:00,4.78000020980835,6.199999809265137,4.610000133514404,5.739999771118164,46380,0.0,0.0
2022-03-02 00:00:00-05:00,5.570000171661377,6.5,5.349999904632568,6.199999809265137,75700,0.0,0.0
2022-03-03 00:00:00-05:00,6.199999809265137,6.599999904632568,5.800000190734863,6.0,12720,0.0,0.0
2022-03-04 00:00:00-05:00,6.599999904632568,6.599999904632568,5.800000190734863,5.960000038146973,14530,0.0,0.0
2022-03-07 00:00:00-05:00,5.78000020980835,5.800000190734863,5.199999809265137,5.5,11410,0.0,0.0
2022-03-08 00:00:00-05:00,5.329999923706055,5.800000190734863,5.199999809265137,5.429999828338623,5460,0.0,0.0
2022-03-09 00:00:00-05:00,5.210000038146973,5.699999809265137,5.210000038146973,5.5,3500,0.0,0.0
2022-03-10 00:00:00-05:00,5.199999809265137,5.699999809265137,5.199999809265137,5.269999980926514,3290,0.0,0.0
2022-03-11 00:00:00-05:00,5.320000171661377,5.699999809265137,5.050000190734863,5.050000190734863,19880,0.0,0.0
2022-03-14 00:00:00-04:00,5.199999809265137,5.800000190734863,4.5,4.800000190734863,19560,0.0,0.0
2022-03-15 00:00:00-04:00,4.53000020980835,5.199999809265137,4.53000020980835,4.980000019073486,26200,0.0,0.0
2022-03-16 00:00:00-04:00,5.699999809265137,5.699999809265137,5.110000133514404,5.699999809265137,17680,0.0,0.0
2022-03-17 00:00:00-04:00,5.699999809265137,5.789999961853027,5.300000190734863,5.690000057220459,13270,0.0,0.0
2022-03-18 00:00:00-04:00,5.699999809265137,6.599999904632568,5.590000152587891,6.5,28210,0.0,0.0
2022-03-21 00:00:00-04:00,6.309999942779541,6.480000019073486,6.0,6.0,6590,0.0,0.0
2022-03-22 00:00:00-04:00,6.199999809265137,6.300000190734863,6.019999980926514,6.03000020980835,13140,0.0,0.0
2022-03-23 00:00:00-04:00,6.099999904632568,7.5,5.800000190734863,6.949999809265137,123600,0.0,0.0
2022-03-24 00:00:00-04:00,7.099999904632568,7.210000038146973,5.809999942779541,6.860000133514404,17900,0.0,0.0
2022-03-25 00:00:00-04:00,6.75,6.75,6.179999828338623,6.349999904632568,11680,0.0,0.0
2022-03-28 00:00:00-04:00,6.21999979019165,6.300000190734863,6.010000228881836,6.199999809265137,39210,0.0,0.0
2022-03-29 00:00:00-04:00,6.010000228881836,6.300000190734863,6.0,6.21999979019165,32080,0.0,0.0
2022-03-30 00:00:00-04:00,6.21999979019165,6.300000190734863,6.059999942779541,6.199999809265137,7540,0.0,0.0
2022-03-31 00:00:00-04:00,6.400000095367432,6.400000095367432,6.010000228881836,6.150000095367432,6460,0.0,0.0
2022-04-01 00:00:00-04:00,6.5,6.5,6.199999809265137,6.300000190734863,7820,0.0,0.0
2022-04-04 00:00:00-04:00,6.349999904632568,6.559999942779541,6.199999809265137,6.5,8220,0.0,0.0
2022-04-05 00:00:00-04:00,6.440000057220459,6.5,6.199999809265137,6.260000228881836,2730,0.0,0.0
2022-04-06 00:00:00-04:00,6.400000095367432,6.400000095367432,6.019999980926514,6.019999980926514,4570,0.0,0.0
2022-04-07 00:00:00-04:00,6.0,6.300000190734863,6.0,6.019999980926514,6130,0.0,0.0
2022-04-08 00:00:00-04:00,6.019999980926514,6.5,6.019999980926514,6.059999942779541,3320,0.0,0.0
2022-04-11 00:00:00-04:00,6.400000095367432,6.400000095367432,6.019999980926514,6.019999980926514,2900,0.0,0.0
2022-04-12 00:00:00-04:00,6.0,6.5,5.800000190734863,5.849999904632568,2040,0.0,0.0
2022-04-13 00:00:00-04:00,6.300000190734863,6.300000190734863,5.849999904632568,6.0,1380,0.0,0.0
2022-04-14 00:00:00-04:00,5.730000019073486,6.099999904632568,5.329999923706055,5.800000190734863,20160,0.0,0.0
2022-04-18 00:00:00-04:00,5.619999885559082,5.699999809265137,5.269999980926514,5.300000190734863,3760,0.0,0.0
2022-04-19 00:00:00-04:00,5.199999809265137,5.800000190734863,5.199999809265137,5.800000190734863,860,0.0,0.0
2022-04-20 00:00:00-04:00,5.610000133514404,6.599999904632568,5.610000133514404,6.130000114440918,11190,0.0,0.0
2022-04-21 00:00:00-04:00,6.400000095367432,7.050000190734863,5.960000038146973,6.900000095367432,107330,0.0,0.0
2022-04-22 00:00:00-04:00,6.909999847412109,7.150000095367432,6.409999847412109,6.760000228881836,22500,0.0,0.0
2022-04-25 00:00:00-04:00,7.0,7.0,6.320000171661377,6.360000133514404,4340,0.0,0.0
2022-04-26 00:00:00-04:00,6.699999809265137,6.699999809265137,5.5,5.599999904632568,7560,0.0,0.0
2022-04-27 00:00:00-04:00,6.0,6.0,5.320000171661377,5.599999904632568,2960,0.0,0.0
2022-04-28 00:00:00-04:00,5.400000095367432,5.570000171661377,5.199999809265137,5.559999942779541,2220,0.0,0.0
2022-04-29 00:00:00-04:00,5.5,5.5,5.090000152587891,5.090000152587891,11790,0.0,0.0
2022-05-02 00:00:00-04:00,5.039999961853027,5.5,4.699999809265137,4.789999961853027,10050,0.0,0.0
2022-05-03 00:00:00-04:00,4.699999809265137,5.199999809265137,4.199999809265137,4.199999809265137,18900,0.0,0.0
2022-05-04 00:00:00-04:00,4.420000076293945,4.610000133514404,3.390000104904175,4.199999809265137,32250,0.0,0.0
2022-05-05 00:00:00-04:00,4.070000171661377,4.070000171661377,3.299999952316284,3.619999885559082,20230,0.0,0.0
2022-05-06 00:00:00-04:00,3.740000009536743,3.8499999046325684,3.3399999141693115,3.559999942779541,3030,0.0,0.0
2022-05-09 00:00:00-04:00,3.740000009536743,3.740000009536743,3.240000009536743,3.4700000286102295,4230,0.0,0.0
2022-05-10 00:00:00-04:00,3.4000000953674316,3.4000000953674316,3.009999990463257,3.069999933242798,11490,0.0,0.0
2022-05-11 00:00:00-04:00,3.069999933242798,3.200000047683716,2.7100000381469727,2.799999952316284,5400,0.0,0.0
2022-05-12 00:00:00-04:00,2.7100000381469727,2.7100000381469727,2.390000104904175,2.5999999046325684,16270,0.0,0.0
2022-05-13 00:00:00-04:00,2.759999990463257,2.990000009536743,2.5,2.799999952316284,7330,0.0,0.0
2022-05-16 00:00:00-04:00,3.0,3.299999952316284,2.799999952316284,3.1700000762939453,13450,0.0,0.0
2022-05-17 00:00:00-04:00,3.180000066757202,5.360000133514404,3.0,4.300000190734863,514720,0.0,0.0
2022-05-18 00:00:00-04:00,4.050000190734863,4.539999961853027,3.700000047683716,3.700000047683716,35140,0.0,0.0
2022-05-19 00:00:00-04:00,4.190000057220459,4.300000190734863,3.9000000953674316,3.9200000762939453,13440,0.0,0.0
2022-05-20 00:00:00-04:00,4.0,4.5,3.819999933242798,4.0,10420,0.0,0.0
2022-05-23 00:00:00-04:00,3.880000114440918,4.0,3.799999952316284,3.799999952316284,5760,0.0,0.0
2022-05-24 00:00:00-04:00,3.799999952316284,3.8499999046325684,3.5,3.8399999141693115,11430,0.0,0.0
2022-05-25 00:00:00-04:00,3.700000047683716,4.199999809265137,3.5,3.700000047683716,7910,0.0,0.0
2022-05-26 00:00:00-04:00,3.799999952316284,4.199999809265137,3.5,3.700000047683716,9830,0.0,0.0
2022-05-27 00:00:00-04:00,3.7200000286102295,3.9000000953674316,3.7200000286102295,3.7200000286102295,2420,0.0,0.0
2022-05-31 00:00:00-04:00,3.759999990463257,4.869999885559082,3.759999990463257,3.859999895095825,13530,0.0,0.0
2022-06-01 00:00:00-04:00,3.640000104904175,3.9000000953674316,3.4000000953674316,3.680000066757202,10710,0.0,0.0
2022-06-02 00:00:00-04:00,3.680000066757202,4.300000190734863,3.5999999046325684,3.680000066757202,620,0.0,0.0
2022-06-03 00:00:00-04:00,3.680000066757202,4.159999847412109,3.5,3.869999885559082,6160,0.0,0.0
2022-06-06 00:00:00-04:00,4.0,4.78000020980835,3.75,4.489999771118164,23270,0.0,0.0
2022-06-07 00:00:00-04:00,4.360000133514404,4.75,4.269999980926514,4.75,6650,0.0,0.0
2022-06-08 00:00:00-04:00,4.699999809265137,4.800000190734863,4.489999771118164,4.730000019073486,240,0.0,0.0
2022-06-09 00:00:00-04:00,4.110000133514404,5.5,4.110000133514404,5.199999809265137,47470,0.0,0.0
2022-06-10 00:00:00-04:00,4.889999866485596,6.289999961853027,4.619999885559082,5.0,66440,0.0,0.0
2022-06-13 00:00:00-04:00,4.75,5.199999809265137,4.340000152587891,4.800000190734863,9800,0.0,0.0
2022-06-14 00:00:00-04:00,4.550000190734863,4.800000190734863,4.400000095367432,4.679999828338623,2810,0.0,0.0
2022-06-15 00:00:00-04:00,4.699999809265137,5.199999809265137,4.400000095367432,4.710000038146973,4160,0.0,0.0
2022-06-16 00:00:00-04:00,4.400000095367432,4.699999809265137,4.199999809265137,4.199999809265137,3750,0.0,0.0
2022-06-17 00:00:00-04:00,4.199999809265137,4.599999904632568,3.950000047683716,4.179999828338623,5140,0.0,0.0
2022-06-21 00:00:00-04:00,4.25,4.489999771118164,3.9700000286102295,4.210000038146973,5420,0.0,0.0
2022-06-22 00:00:00-04:00,3.9000000953674316,4.110000133514404,3.9000000953674316,4.110000133514404,590,0.0,0.0
2022-06-23 00:00:00-04:00,4.110000133514404,4.5,4.110000133514404,4.199999809265137,6050,0.0,0.0
2022-06-24 00:00:00-04:00,4.150000095367432,4.5,4.150000095367432,4.329999923706055,9270,0.0,0.0
2022-06-27 00:00:00-04:00,4.199999809265137,4.199999809265137,4.010000228881836,4.150000095367432,2650,0.0,0.0
2022-06-28 00:00:00-04:00,4.0,4.139999866485596,3.9000000953674316,3.9800000190734863,3540,0.0,0.0
2022-06-29 00:00:00-04:00,3.9800000190734863,3.9800000190734863,3.3299999237060547,3.359999895095825,10060,0.0,0.0
2022-06-30 00:00:00-04:00,3.690000057220459,3.690000057220459,2.7200000286102295,2.950000047683716,7940,0.0,0.0
2022-07-01 00:00:00-04:00,2.3499999046325684,2.5999999046325684,2.0,2.069999933242798,152130,0.0,0.0
2022-07-05 00:00:00-04:00,2.200000047683716,2.200000047683716,2.0,2.0899999141693115,38880,0.0,0.0
2022-07-06 00:00:00-04:00,2.2200000286102295,2.319999933242798,2.009999990463257,2.190000057220459,59460,0.0,0.0
2022-07-07 00:00:00-04:00,1.7799999713897705,2.2300000190734863,1.75,2.0999999046325684,161800,0.0,0.0
2022-07-08 00:00:00-04:00,2.0399999618530273,2.299999952316284,2.0,2.200000047683716,26500,0.0,0.0
2022-07-11 00:00:00-04:00,2.369999885559082,2.490000009536743,2.200000047683716,2.299999952316284,36600,0.0,0.0
2022-07-12 00:00:00-04:00,2.3499999046325684,2.3499999046325684,1.9299999475479126,2.0,139510,0.0,0.0
2022-07-13 00:00:00-04:00,2.25,2.25,1.7999999523162842,1.8300000429153442,169000,0.0,0.0
2022-07-14 00:00:00-04:00,1.809999942779541,1.899999976158142,1.5199999809265137,1.7400000095367432,112300,0.0,0.0
2022-07-15 00:00:00-04:00,1.7400000095367432,1.7799999713897705,1.5800000429153442,1.590000033378601,36400,0.0,0.0
2022-07-18 00:00:00-04:00,1.5800000429153442,1.6799999475479126,1.5099999904632568,1.5440000295639038,59100,0.0,0.0
2022-07-19 00:00:00-04:00,1.5800000429153442,1.7300000190734863,1.5099999904632568,1.5299999713897705,149500,0.0,0.0
2022-07-20 00:00:00-04:00,1.5499999523162842,1.6399999856948853,1.5,1.5290000438690186,84700,0.0,0.0
2022-07-21 00:00:00-04:00,1.6200000047683716,1.6200000047683716,1.5099999904632568,1.600000023841858,37600,0.0,0.0
2022-07-22 00:00:00-04:00,1.600000023841858,1.75,1.559999942779541,1.7100000381469727,43700,0.0,0.0
2022-07-25 00:00:00-04:00,1.7070000171661377,1.7799999713897705,1.659999966621399,1.7400000095367432,49800,0.0,0.0
2022-07-26 00:00:00-04:00,1.75,1.75,1.590000033378601,1.649999976158142,19900,0.0,0.0
2022-07-27 00:00:00-04:00,1.6100000143051147,1.8359999656677246,1.5,1.5700000524520874,74100,0.0,0.0
2022-07-28 00:00:00-04:00,1.5399999618530273,1.690000057220459,1.4900000095367432,1.6699999570846558,24100,0.0,0.0
2022-07-29 00:00:00-04:00,1.5709999799728394,1.5709999799728394,1.409999966621399,1.5399999618530273,28700,0.0,0.0
2022-08-01 00:00:00-04:00,1.4800000190734863,1.6799999475479126,1.409999966621399,1.600000023841858,31400,0.0,0.0
2022-08-02 00:00:00-04:00,1.6519999504089355,8.289999961853027,1.5700000524520874,7.849999904632568,13109500,0.0,0.0
2022-08-03 00:00:00-04:00,5.659999847412109,6.800000190734863,3.799999952316284,5.150000095367432,7110900,0.0,0.0
2022-08-04 00:00:00-04:00,4.53000020980835,5.146999835968018,4.0,4.0,976200,0.0,0.0
2022-08-05 00:00:00-04:00,4.070000171661377,4.929999828338623,3.309999942779541,3.4000000953674316,1267400,0.0,0.0
2022-08-08 00:00:00-04:00,3.559999942779541,3.799999952316284,3.140000104904175,3.200000047683716,377800,0.0,0.0
2022-08-09 00:00:00-04:00,3.0799999237060547,4.269999980926514,2.819999933242798,2.890000104904175,3173800,0.0,0.0
2022-08-10 00:00:00-04:00,2.680000066757202,2.930000066757202,2.4200000762939453,2.740000009536743,352100,0.0,0.0
2022-08-11 00:00:00-04:00,2.6600000858306885,3.0799999237060547,2.619999885559082,2.700000047683716,393300,0.0,0.0
2022-08-12 00:00:00-04:00,2.640000104904175,2.7300000190734863,2.4200000762939453,2.549999952316284,195700,0.0,0.0
2022-08-15 00:00:00-04:00,2.549999952316284,2.6500000953674316,2.259999990463257,2.5299999713897705,203300,0.0,0.0
2022-08-16 00:00:00-04:00,2.5,2.7799999713897705,2.3499999046325684,2.5399999618530273,338500,0.0,0.0
2022-08-17 00:00:00-04:00,2.5,2.630000114440918,2.3499999046325684,2.5999999046325684,286400,0.0,0.0
2022-08-18 00:00:00-04:00,2.5399999618530273,2.569999933242798,2.359999895095825,2.4200000762939453,170100,0.0,0.0
2022-08-19 00:00:00-04:00,2.4200000762939453,2.4200000762939453,1.809999942779541,1.8799999952316284,365700,0.0,0.0
2022-08-22 00:00:00-04:00,1.8200000524520874,1.9700000286102295,1.7999999523162842,1.8200000524520874,197900,0.0,0.0
2022-08-23 00:00:00-04:00,1.899999976158142,1.899999976158142,1.7100000381469727,1.7400000095367432,173700,0.0,0.0
2022-08-24 00:00:00-04:00,1.7400000095367432,1.9800000190734863,1.7400000095367432,1.8899999856948853,172800,0.0,0.0
2022-08-25 00:00:00-04:00,1.8600000143051147,2.0399999618530273,1.7999999523162842,1.909999966621399,209100,0.0,0.0
2022-08-26 00:00:00-04:00,1.840000033378601,1.9900000095367432,1.7599999904632568,1.8200000524520874,117700,0.0,0.0
2022-08-29 00:00:00-04:00,1.8300000429153442,1.9700000286102295,1.7640000581741333,1.871999979019165,70000,0.0,0.0
2022-08-30 00:00:00-04:00,1.899999976158142,2.0799999237060547,1.8300000429153442,1.850000023841858,279100,0.0,0.0
2022-08-31 00:00:00-04:00,1.850000023841858,2.319999933242798,1.850000023841858,1.9199999570846558,1027300,0.0,0.0
2022-09-01 00:00:00-04:00,2.119999885559082,2.119999885559082,1.7899999618530273,1.8700000047683716,529600,0.0,0.0
2022-09-02 00:00:00-04:00,1.8200000524520874,1.8899999856948853,1.75,1.809999942779541,151500,0.0,0.0
2022-09-06 00:00:00-04:00,1.7599999904632568,1.8300000429153442,1.7100000381469727,1.7100000381469727,76700,0.0,0.0
2022-09-07 00:00:00-04:00,1.7200000286102295,1.8200000524520874,1.7009999752044678,1.7999999523162842,51900,0.0,0.0
2022-09-08 00:00:00-04:00,1.7769999504089355,1.899999976158142,1.7769999504089355,1.8899999856948853,30700,0.0,0.0
2022-09-09 00:00:00-04:00,1.940000057220459,2.0940001010894775,1.8899999856948853,1.940000057220459,108400,0.0,0.0
2022-09-12 00:00:00-04:00,1.8899999856948853,1.9900000095367432,1.75,1.7999999523162842,59100,0.0,0.0
2022-09-13 00:00:00-04:00,1.815000057220459,1.8600000143051147,1.7999999523162842,1.8289999961853027,44800,0.0,0.0
2022-09-14 00:00:00-04:00,1.7999999523162842,1.8930000066757202,1.7799999713897705,1.809999942779541,53600,0.0,0.0
2022-09-15 00:00:00-04:00,1.8209999799728394,1.8700000047683716,1.7799999713897705,1.8320000171661377,19300,0.0,0.0
2022-09-16 00:00:00-04:00,1.7899999618530273,1.8600000143051147,1.7200000286102295,1.7799999713897705,16100,0.0,0.0
2022-09-19 00:00:00-04:00,1.7000000476837158,1.7100000381469727,1.600000023841858,1.6399999856948853,64700,0.0,0.0
2022-09-20 00:00:00-04:00,1.649999976158142,1.6749999523162842,1.5,1.5099999904632568,74300,0.0,0.0
2022-09-21 00:00:00-04:00,1.4800000190734863,1.4900000095367432,1.4299999475479126,1.4600000381469727,28100,0.0,0.0
2022-09-22 00:00:00-04:00,1.4199999570846558,1.4900000095367432,1.3300000429153442,1.4299999475479126,44500,0.0,0.0
2022-09-23 00:00:00-04:00,1.3899999856948853,1.4500000476837158,1.340000033378601,1.3600000143051147,35900,0.0,0.0
2022-09-26 00:00:00-04:00,1.399999976158142,1.4490000009536743,1.340000033378601,1.3600000143051147,27600,0.0,0.0
2022-09-27 00:00:00-04:00,1.3899999856948853,1.4500000476837158,1.3600000143051147,1.4500000476837158,18200,0.0,0.0
2022-09-28 00:00:00-04:00,1.3899999856948853,1.4500000476837158,1.3600000143051147,1.409999966621399,19800,0.0,0.0
2022-09-29 00:00:00-04:00,1.3799999952316284,1.4500000476837158,1.3799999952316284,1.399999976158142,8800,0.0,0.0
2022-09-30 00:00:00-04:00,1.4249999523162842,1.4759999513626099,1.4249999523162842,1.440000057220459,4200,0.0,0.0
2022-10-03 00:00:00-04:00,1.4800000190734863,1.559999942779541,1.4800000190734863,1.5499999523162842,25000,0.0,0.0
2022-10-04 00:00:00-04:00,2.0799999237060547,2.0799999237060547,1.2200000286102295,1.3899999856948853,1226700,0.0,0.0
2022-10-05 00:00:00-04:00,1.3899999856948853,1.409999966621399,1.2899999618530273,1.3200000524520874,84700,0.0,0.0
2022-10-06 00:00:00-04:00,1.3270000219345093,1.4199999570846558,1.2699999809265137,1.3899999856948853,83800,0.0,0.0
2022-10-07 00:00:00-04:00,1.350000023841858,1.350000023841858,1.25,1.2999999523162842,28800,0.0,0.0
2022-10-10 00:00:00-04:00,1.2799999713897705,1.2799999713897705,1.215000033378601,1.2549999952316284,29200,0.0,0.0
2022-10-11 00:00:00-04:00,1.2100000381469727,1.3200000524520874,1.1699999570846558,1.2000000476837158,37900,0.0,0.0
2022-10-12 00:00:00-04:00,1.2599999904632568,1.3049999475479126,1.2100000381469727,1.2400000095367432,37900,0.0,0.0
2022-10-13 00:00:00-04:00,1.2300000190734863,1.2899999618530273,1.159999966621399,1.2400000095367432,35000,0.0,0.0
2022-10-14 00:00:00-04:00,1.2799999713897705,1.4900000095367432,1.25,1.3899999856948853,215100,0.0,0.0
2022-10-17 00:00:00-04:00,1.3799999952316284,1.6399999856948853,1.2999999523162842,1.4199999570846558,213100,0.0,0.0
2022-10-18 00:00:00-04:00,1.4199999570846558,1.4500000476837158,1.309999942779541,1.3899999856948853,46600,0.0,0.0
2022-10-19 00:00:00-04:00,1.3980000019073486,1.559999942779541,1.3600000143051147,1.440000057220459,82800,0.0,0.0
2022-10-20 00:00:00-04:00,1.440000057220459,1.4900000095367432,1.309999942779541,1.309999942779541,41100,0.0,0.0
2022-10-21 00:00:00-04:00,1.2999999523162842,1.3899999856948853,1.2999999523162842,1.3250000476837158,7900,0.0,0.0
2022-10-24 00:00:00-04:00,1.2799999713897705,1.4199999570846558,1.2699999809265137,1.309999942779541,5000,0.0,0.0
2022-10-25 00:00:00-04:00,1.399999976158142,1.409999966621399,1.253000020980835,1.3200000524520874,12200,0.0,0.0
2022-10-26 00:00:00-04:00,1.3919999599456787,1.3919999599456787,1.2999999523162842,1.3200000524520874,14700,0.0,0.0
2022-10-27 00:00:00-04:00,1.3700000047683716,1.3799999952316284,1.2100000381469727,1.2400000095367432,31800,0.0,0.0
2022-10-28 00:00:00-04:00,1.2649999856948853,1.2649999856948853,1.1799999475479126,1.1799999475479126,34000,0.0,0.0
2022-10-31 00:00:00-04:00,1.215000033378601,1.2920000553131104,1.190000057220459,1.2100000381469727,11500,0.0,0.0
2022-11-01 00:00:00-04:00,1.2050000429153442,1.2899999618530273,1.1799999475479126,1.2400000095367432,21100,0.0,0.0
2022-11-02 00:00:00-04:00,1.2300000190734863,1.274999976158142,1.2000000476837158,1.2100000381469727,19200,0.0,0.0
2022-11-03 00:00:00-04:00,1.2400000095367432,1.2400000095367432,1.1799999475479126,1.190000057220459,12800,0.0,0.0
2022-11-04 00:00:00-04:00,1.2000000476837158,1.4600000381469727,1.2000000476837158,1.3200000524520874,160900,0.0,0.0
2022-11-07 00:00:00-05:00,1.3880000114440918,1.4600000381469727,1.2100000381469727,1.309000015258789,103300,0.0,0.0
2022-11-08 00:00:00-05:00,1.2799999713897705,1.340000033378601,1.1399999856948853,1.2400000095367432,48600,0.0,0.0
2022-11-09 00:00:00-05:00,1.1799999475479126,1.2380000352859497,1.0399999618530273,1.1050000190734863,39100,0.0,0.0
2022-11-10 00:00:00-05:00,1.1799999475479126,1.1799999475479126,1.1009999513626099,1.1799999475479126,10500,0.0,0.0
2022-11-11 00:00:00-05:00,1.159999966621399,1.2799999713897705,1.1200000047683716,1.2100000381469727,30200,0.0,0.0
2022-11-14 00:00:00-05:00,1.1200000047683716,1.2100000381469727,1.1050000190734863,1.1720000505447388,61600,0.0,0.0
2022-11-15 00:00:00-05:00,1.1799999475479126,1.25,1.1469999551773071,1.190000057220459,48000,0.0,0.0
2022-11-16 00:00:00-05:00,1.2200000286102295,1.2400000095367432,1.1200000047683716,1.1699999570846558,28800,0.0,0.0
2022-11-17 00:00:00-05:00,1.100000023841858,1.159999966621399,1.0299999713897705,1.059999942779541,52200,0.0,0.0
2022-11-18 00:00:00-05:00,1.1399999856948853,1.1399999856948853,1.0800000429153442,1.0989999771118164,7400,0.0,0.0
2022-11-21 00:00:00-05:00,1.1200000047683716,1.1200000047683716,1.0,1.0099999904632568,9600,0.0,0.0
2022-11-22 00:00:00-05:00,1.024999976158142,1.059999942779541,1.0,1.0299999713897705,26600,0.0,0.0
2022-11-23 00:00:00-05:00,1.0700000524520874,1.0989999771118164,1.0110000371932983,1.0299999713897705,9100,0.0,0.0
2022-11-25 00:00:00-05:00,1.0299999713897705,1.0800000429153442,1.0099999904632568,1.0399999618530273,5100,0.0,0.0
2022-11-28 00:00:00-05:00,1.090000033378601,1.1200000047683716,1.031000018119812,1.0700000524520874,12600,0.0,0.0
2022-11-29 00:00:00-05:00,1.0099999904632568,1.1299999952316284,1.0,1.0199999809265137,32700,0.0,0.0
2022-11-30 00:00:00-05:00,1.0520000457763672,1.1200000047683716,1.0369999408721924,1.090000033378601,15300,0.0,0.0
2022-12-01 00:00:00-05:00,1.1150000095367432,1.2999999523162842,1.0700000524520874,1.149999976158142,49100,0.0,0.0
2022-12-02 00:00:00-05:00,1.1200000047683716,1.1299999952316284,0.8600000143051147,1.0,460500,0.0,0.0
2022-12-05 00:00:00-05:00,0.9869999885559082,1.6799999475479126,0.9869999885559082,1.5,3176000,0.0,0.0
2022-12-06 00:00:00-05:00,1.4299999475479126,1.4299999475479126,1.0700000524520874,1.1299999952316284,1772900,0.0,0.0
2022-12-07 00:00:00-05:00,1.0399999618530273,1.1299999952316284,0.9800000190734863,1.0399999618530273,399100,0.0,0.0
2022-12-08 00:00:00-05:00,1.024999976158142,1.0399999618530273,0.8999999761581421,0.9020000100135803,193300,0.0,0.0
2022-12-09 00:00:00-05:00,0.8999999761581421,1.0399999618530273,0.8700000047683716,0.9549999833106995,234700,0.0,0.0
2022-12-12 00:00:00-05:00,0.949999988079071,0.949999988079071,0.8209999799728394,0.9300000071525574,129300,0.0,0.0
2022-12-13 00:00:00-05:00,0.9200000166893005,1.0199999809265137,0.9200000166893005,0.9800000190734863,142900,0.0,0.0
2022-12-14 00:00:00-05:00,0.9900000095367432,0.9950000047683716,0.9210000038146973,0.9950000047683716,39700,0.0,0.0
2022-12-15 00:00:00-05:00,0.949999988079071,0.9700000286102295,0.8809999823570251,0.8980000019073486,30500,0.0,0.0
2022-12-16 00:00:00-05:00,0.8700000047683716,0.9200000166893005,0.8299999833106995,0.8799999952316284,51100,0.0,0.0
2022-12-19 00:00:00-05:00,0.8999999761581421,0.8999999761581421,0.8500000238418579,0.8799999952316284,6200,0.0,0.0
2022-12-20 00:00:00-05:00,0.8700000047683716,0.8999999761581421,0.6449999809265137,0.6499999761581421,200700,0.0,0.0
2022-12-21 00:00:00-05:00,0.699999988079071,0.7400000095367432,0.6800000071525574,0.6930000185966492,97000,0.0,0.0
2022-12-22 00:00:00-05:00,0.7059999704360962,0.7200000286102295,0.6159999966621399,0.6600000262260437,73700,0.0,0.0
2022-12-23 00:00:00-05:00,0.6700000166893005,0.6700000166893005,0.6349999904632568,0.6600000262260437,6700,0.0,0.0
2022-12-27 00:00:00-05:00,0.6600000262260437,0.7490000128746033,0.6600000262260437,0.7099999785423279,30100,0.0,0.0
2022-12-28 00:00:00-05:00,0.7400000095367432,0.8299999833106995,0.7200000286102295,0.7730000019073486,82100,0.0,0.0
2022-12-29 00:00:00-05:00,0.75,0.7760000228881836,0.6100000143051147,0.7699999809265137,40800,0.0,0.0
2022-12-30 00:00:00-05:00,0.7300000190734863,0.8289999961853027,0.7120000123977661,0.7749999761581421,16300,0.0,0.0
2023-01-03 00:00:00-05:00,0.75,0.7900000214576721,0.7099999785423279,0.7319999933242798,13600,0.0,0.0
2023-01-04 00:00:00-05:00,0.75,0.7900000214576721,0.7089999914169312,0.7680000066757202,30800,0.0,0.0
2023-01-05 00:00:00-05:00,0.7400000095367432,0.8700000047683716,0.7400000095367432,0.8100000023841858,85800,0.0,0.0
2023-01-06 00:00:00-05:00,0.828000009059906,0.8550000190734863,0.7960000038146973,0.8339999914169312,30400,0.0,0.0
2023-01-09 00:00:00-05:00,0.8379999995231628,0.8899999856948853,0.7689999938011169,0.8849999904632568,28900,0.0,0.0
2023-01-10 00:00:00-05:00,0.8399999737739563,0.9399999976158142,0.8399999737739563,0.9399999976158142,27200,0.0,0.0
2023-01-11 00:00:00-05:00,0.8999999761581421,0.9399999976158142,0.8799999952316284,0.9200000166893005,17500,0.0,0.0
2023-01-12 00:00:00-05:00,0.9020000100135803,0.9399999976158142,0.871999979019165,0.9380000233650208,12400,0.0,0.0
2023-01-13 00:00:00-05:00,0.9399999976158142,0.9769999980926514,0.9240000247955322,0.9369999766349792,42300,0.0,0.0
2023-01-17 00:00:00-05:00,0.9079999923706055,0.9300000071525574,0.8999999761581421,0.9259999990463257,9600,0.0,0.0
2023-01-18 00:00:00-05:00,0.9480000138282776,0.9599999785423279,0.8999999761581421,0.9399999976158142,13800,0.0,0.0
2023-01-19 00:00:00-05:00,0.9300000071525574,0.949999988079071,0.8799999952316284,0.9200000166893005,16700,0.0,0.0
2023-01-20 00:00:00-05:00,0.8600000143051147,0.9900000095367432,0.8600000143051147,0.9520000219345093,84500,0.0,0.0
2023-01-23 00:00:00-05:00,0.9330000281333923,1.2999999523162842,0.9330000281333923,1.100000023841858,879700,0.0,0.0
2023-01-24 00:00:00-05:00,1.0399999618530273,1.1299999952316284,0.9020000100135803,0.9449999928474426,130800,0.0,0.0
2023-01-25 00:00:00-05:00,0.9399999976158142,1.0399999618530273,0.9200000166893005,0.9670000076293945,24700,0.0,0.0
2023-01-26 00:00:00-05:00,1.0,1.0,0.8500000238418579,0.9200000166893005,72800,0.0,0.0
2023-01-27 00:00:00-05:00,0.9300000071525574,0.9490000009536743,0.8830000162124634,0.925000011920929,27300,0.0,0.0
2023-01-30 00:00:00-05:00,0.9399999976158142,1.0499999523162842,0.9200000166893005,0.9900000095367432,77200,0.0,0.0
2023-01-31 00:00:00-05:00,1.100000023841858,1.100000023841858,0.6899999976158142,0.7799999713897705,787100,0.0,0.0
2023-02-01 00:00:00-05:00,0.8199999928474426,0.8199999928474426,0.6200000047683716,0.7059999704360962,1154800,0.0,0.0
2023-02-02 00:00:00-05:00,0.699999988079071,0.7699999809265137,0.6800000071525574,0.7250000238418579,207700,0.0,0.0
2023-02-03 00:00:00-05:00,0.7400000095367432,0.7799999713897705,0.699999988079071,0.75,107700,0.0,0.0
2023-02-06 00:00:00-05:00,0.777999997138977,0.777999997138977,0.7009999752044678,0.75,72000,0.0,0.0
2023-02-07 00:00:00-05:00,0.7429999709129333,0.7900000214576721,0.6850000023841858,0.7149999737739563,151300,0.0,0.0
2023-02-08 00:00:00-05:00,0.7200000286102295,0.7400000095367432,0.7099999785423279,0.7200000286102295,43000,0.0,0.0
2023-02-09 00:00:00-05:00,0.7200000286102295,0.7799999713897705,0.699999988079071,0.7250000238418579,171400,0.0,0.0
2023-02-10 00:00:00-05:00,0.7200000286102295,0.7400000095367432,0.699999988079071,0.7089999914169312,46600,0.0,0.0
2023-02-13 00:00:00-05:00,0.8080000281333923,1.2699999809265137,0.7129999995231628,0.7850000262260437,13341300,0.0,0.0
2023-02-14 00:00:00-05:00,0.7099999785423279,0.8500000238418579,0.7099999785423279,0.800000011920929,790800,0.0,0.0
2023-02-15 00:00:00-05:00,0.8199999928474426,0.9300000071525574,0.7950000166893005,0.8610000014305115,700700,0.0,0.0
2023-02-16 00:00:00-05:00,0.8399999737739563,0.843999981880188,0.765999972820282,0.7950000166893005,138200,0.0,0.0
2023-02-17 00:00:00-05:00,0.7940000295639038,0.8299999833106995,0.7599999904632568,0.7900000214576721,116300,0.0,0.0
2023-02-21 00:00:00-05:00,0.7599999904632568,0.765999972820282,0.699999988079071,0.75,146600,0.0,0.0
2023-02-22 00:00:00-05:00,0.7599999904632568,0.777999997138977,0.7099999785423279,0.7360000014305115,47800,0.0,0.0
2023-02-23 00:00:00-05:00,0.7480000257492065,0.8299999833106995,0.6970000267028809,0.7829999923706055,137700,0.0,0.0
2023-02-24 00:00:00-05:00,0.7400000095367432,0.8700000047683716,0.7400000095367432,0.824999988079071,215600,0.0,0.0
2023-02-27 00:00:00-05:00,0.75,1.190000057220459,0.75,0.8199999928474426,2159500,0.0,0.0
2023-02-28 00:00:00-05:00,0.800000011920929,1.4299999475479126,0.800000011920929,1.149999976158142,6621000,0.0,0.0
2023-03-01 00:00:00-05:00,1.100000023841858,1.5800000429153442,1.0609999895095825,1.5800000429153442,3120500,0.0,0.0
2023-03-02 00:00:00-05:00,2.0,2.4600000381469727,1.5,2.0899999141693115,15405100,0.0,0.0
2023-03-03 00:00:00-05:00,1.8600000143051147,1.9149999618530273,1.5800000429153442,1.809999942779541,1159300,0.0,0.0
2023-03-06 00:00:00-05:00,1.6799999475479126,1.9800000190734863,1.6799999475479126,1.850000023841858,514200,0.0,0.0
2023-03-07 00:00:00-05:00,1.8200000524520874,1.9800000190734863,1.690000057220459,1.899999976158142,361900,0.0,0.0
2023-03-08 00:00:00-05:00,1.9299999475479126,2.3380000591278076,1.8220000267028809,2.2100000381469727,992000,0.0,0.0
2023-03-09 00:00:00-05:00,2.1700000762939453,2.3949999809265137,1.9299999475479126,2.0,1081300,0.0,0.0
2023-03-10 00:00:00-05:00,1.9199999570846558,2.0,1.8300000429153442,1.8799999952316284,432800,0.0,0.0
2023-03-13 00:00:00-04:00,1.7000000476837158,1.7000000476837158,1.2300000190734863,1.4900000095367432,402300,0.0,0.0
2023-03-14 00:00:00-04:00,1.399999976158142,2.5299999713897705,1.399999976158142,2.069999933242798,2968200,0.0,0.0
2023-03-15 00:00:00-04:00,2.049999952316284,2.9000000953674316,1.909999966621399,2.809999942779541,1649800,0.0,0.0
2023-03-16 00:00:00-04:00,2.7300000190734863,3.0899999141693115,2.390000104904175,2.5999999046325684,850200,0.0,0.0
2023-03-17 00:00:00-04:00,2.440000057220459,2.6600000858306885,2.140000104904175,2.6600000858306885,418000,0.0,0.0
2023-03-20 00:00:00-04:00,2.4600000381469727,2.5999999046325684,2.119999885559082,2.1700000762939453,1917200,0.0,0.0
2023-03-21 00:00:00-04:00,2.140000104904175,2.799999952316284,2.140000104904175,2.549999952316284,1654400,0.0,0.0
2023-03-22 00:00:00-04:00,2.5250000953674316,2.549999952316284,2.0299999713897705,2.380000114440918,4937300,0.0,0.0
2023-03-23 00:00:00-04:00,2.299999952316284,2.490000009536743,2.069999933242798,2.2699999809265137,5098200,0.0,0.0
2023-03-24 00:00:00-04:00,2.180000066757202,2.3989999294281006,2.109999895095825,2.200000047683716,631700,0.0,0.0
2023-03-27 00:00:00-04:00,2.2100000381469727,2.3499999046325684,2.109999895095825,2.1700000762939453,1059400,0.0,0.0
2023-03-28 00:00:00-04:00,2.180000066757202,2.200000047683716,1.1100000143051147,1.1699999570846558,1932200,0.0,0.0
2023-03-29 00:00:00-04:00,1.2200000286102295,1.4769999980926514,1.1200000047683716,1.159999966621399,1213700,0.0,0.0
2023-03-30 00:00:00-04:00,1.149999976158142,1.159999966621399,1.1100000143051147,1.1200000047683716,132700,0.0,0.0
2023-03-31 00:00:00-04:00,1.090000033378601,1.2599999904632568,1.090000033378601,1.2000000476837158,334800,0.0,0.0
2023-04-03 00:00:00-04:00,1.2000000476837158,1.2200000286102295,1.1200000047683716,1.149999976158142,163000,0.0,0.0
2023-04-04 00:00:00-04:00,1.2000000476837158,1.2100000381469727,1.149999976158142,1.1799999475479126,61500,0.0,0.0
2023-04-05 00:00:00-04:00,1.1399999856948853,1.2000000476837158,1.090000033378601,1.090000033378601,93400,0.0,0.0
2023-04-06 00:00:00-04:00,1.0800000429153442,1.159999966621399,1.0499999523162842,1.100000023841858,76000,0.0,0.0
2023-04-10 00:00:00-04:00,1.090000033378601,1.1200000047683716,1.059999942779541,1.100000023841858,34300,0.0,0.0
2023-04-11 00:00:00-04:00,1.100000023841858,1.149999976158142,1.100000023841858,1.1100000143051147,55500,0.0,0.0
2023-04-12 00:00:00-04:00,1.1200000047683716,1.1299999952316284,0.8109999895095825,0.828000009059906,505300,0.0,0.0
2023-04-13 00:00:00-04:00,0.8209999799728394,0.9269999861717224,0.796999990940094,0.8199999928474426,271700,0.0,0.0
2023-04-14 00:00:00-04:00,0.7950000166893005,0.8980000019073486,0.7950000166893005,0.8230000138282776,96200,0.0,0.0
2023-04-17 00:00:00-04:00,0.8429999947547913,0.9169999957084656,0.8429999947547913,0.8999999761581421,90200,0.0,0.0
2023-04-18 00:00:00-04:00,0.8999999761581421,1.0700000524520874,0.8999999761581421,0.9110000133514404,273000,0.0,0.0
2023-04-19 00:00:00-04:00,0.8840000033378601,0.984000027179718,0.8349999785423279,0.8830000162124634,108200,0.0,0.0
2023-04-20 00:00:00-04:00,0.8899999856948853,0.9049999713897705,0.800000011920929,0.8429999947547913,63800,0.0,0.0
2023-04-21 00:00:00-04:00,0.8389999866485596,0.9010000228881836,0.8389999866485596,0.8859999775886536,15100,0.0,0.0
2023-04-24 00:00:00-04:00,0.8859999775886536,0.906000018119812,0.8600000143051147,0.8600000143051147,19500,0.0,0.0
2023-04-25 00:00:00-04:00,0.8999999761581421,0.8999999761581421,0.8399999737739563,0.8399999737739563,37700,0.0,0.0
2023-04-26 00:00:00-04:00,0.8399999737739563,0.8899999856948853,0.8100000023841858,0.828000009059906,87300,0.0,0.0
2023-04-27 00:00:00-04:00,0.8199999928474426,0.8399999737739563,0.7599999904632568,0.7749999761581421,48200,0.0,0.0
2023-04-28 00:00:00-04:00,0.9200000166893005,0.9419999718666077,0.7919999957084656,0.8040000200271606,983500,0.0,0.0
2023-05-01 00:00:00-04:00,0.9710000157356262,1.350000023841858,0.921999990940094,1.0399999618530273,9134700,0.0,0.0
2023-05-02 00:00:00-04:00,1.0099999904632568,2.1700000762939453,0.9120000004768372,1.3899999856948853,4645400,0.0,0.0
2023-05-03 00:00:00-04:00,1.440000057220459,1.6799999475479126,1.2000000476837158,1.350000023841858,2376700,0.0,0.0
2023-05-04 00:00:00-04:00,1.25,1.3899999856948853,1.0,1.0099999904632568,730500,0.0,0.0
2023-05-05 00:00:00-04:00,1.0,1.0800000429153442,0.9300000071525574,0.9779999852180481,806600,0.0,0.0
2023-05-08 00:00:00-04:00,0.9599999785423279,0.9900000095367432,0.9300000071525574,0.9399999976158142,157900,0.0,0.0
2023-05-09 00:00:00-04:00,0.9190000295639038,0.9990000128746033,0.8999999761581421,0.9419999718666077,253200,0.0,0.0
2023-05-10 00:00:00-04:00,0.9350000023841858,1.1399999856948853,0.9350000023841858,1.0399999618530273,1370100,0.0,0.0
2023-05-11 00:00:00-04:00,1.2799999713897705,1.2799999713897705,0.9309999942779541,1.100000023841858,5057100,0.0,0.0
2023-05-12 00:00:00-04:00,1.0199999809265137,1.059999942779541,0.8999999761581421,0.9399999976158142,615700,0.0,0.0
2023-05-15 00:00:00-04:00,0.9409999847412109,1.0299999713897705,0.9100000262260437,1.0099999904632568,253100,0.0,0.0
2023-05-16 00:00:00-04:00,0.9900000095367432,0.9900000095367432,0.906000018119812,0.9399999976158142,261200,0.0,0.0
2023-05-17 00:00:00-04:00,0.949999988079071,0.9649999737739563,0.9300000071525574,0.9449999928474426,102900,0.0,0.0
2023-05-18 00:00:00-04:00,0.9399999976158142,0.9480000138282776,0.8999999761581421,0.9179999828338623,110800,0.0,0.0
2023-05-19 00:00:00-04:00,0.9169999957084656,0.9599999785423279,0.7699999809265137,0.7799999713897705,1060800,0.0,0.0
2023-05-22 00:00:00-04:00,0.8600000143051147,0.8600000143051147,0.8009999990463257,0.8100000023841858,93400,0.0,0.0
2023-05-23 00:00:00-04:00,0.8100000023841858,0.824999988079071,0.7799999713897705,0.7799999713897705,134500,0.0,0.0
2023-05-24 00:00:00-04:00,0.8050000071525574,0.8100000023841858,0.7850000262260437,0.7900000214576721,70600,0.0,0.0
2023-05-25 00:00:00-04:00,0.7900000214576721,0.8009999990463257,0.7300000190734863,0.7440000176429749,124700,0.0,0.0
2023-05-26 00:00:00-04:00,0.7300000190734863,0.7670000195503235,0.7120000123977661,0.7300000190734863,113400,0.0,0.0
2023-05-30 00:00:00-04:00,0.7229999899864197,0.7900000214576721,0.7229999899864197,0.7319999933242798,186000,0.0,0.0
2023-05-31 00:00:00-04:00,0.7200000286102295,0.7699999809265137,0.7200000286102295,0.7559999823570251,33600,0.0,0.0
2023-06-01 00:00:00-04:00,0.765999972820282,0.7900000214576721,0.7369999885559082,0.7580000162124634,84300,0.0,0.0
2023-06-02 00:00:00-04:00,0.781000018119812,0.8700000047683716,0.7099999785423279,0.8100000023841858,321100,0.0,0.0
2023-06-05 00:00:00-04:00,0.8270000219345093,0.8289999961853027,0.7760000228881836,0.8059999942779541,83200,0.0,0.0
2023-06-06 00:00:00-04:00,0.7900000214576721,0.8429999947547913,0.7839999794960022,0.8149999976158142,48500,0.0,0.0
2023-06-07 00:00:00-04:00,0.8140000104904175,0.8299999833106995,0.7760000228881836,0.8029999732971191,51300,0.0,0.0
2023-06-08 00:00:00-04:00,0.8009999990463257,0.8640000224113464,0.8009999990463257,0.8399999737739563,300300,0.0,0.0
2023-06-09 00:00:00-04:00,0.8349999785423279,0.8899999856948853,0.8100000023841858,0.8190000057220459,317300,0.0,0.0
2023-06-12 00:00:00-04:00,0.8199999928474426,0.8700000047683716,0.8180000185966492,0.8199999928474426,133100,0.0,0.0
2023-06-13 00:00:00-04:00,0.824999988079071,0.8539999723434448,0.8199999928474426,0.8519999980926514,31800,0.0,0.0
2023-06-14 00:00:00-04:00,0.8299999833106995,0.8700000047683716,0.8240000009536743,0.8600000143051147,62900,0.0,0.0
2023-06-15 00:00:00-04:00,0.8360000252723694,0.8999999761581421,0.8209999799728394,0.8820000290870667,125700,0.0,0.0
2023-06-16 00:00:00-04:00,0.8799999952316284,0.8980000019073486,0.7099999785423279,0.7699999809265137,478200,0.0,0.0
2023-06-20 00:00:00-04:00,0.7699999809265137,0.8600000143051147,0.7699999809265137,0.8100000023841858,357300,0.0,0.0
2023-06-21 00:00:00-04:00,0.7900000214576721,0.8299999833106995,0.7900000214576721,0.8159999847412109,94300,0.0,0.0
2023-06-22 00:00:00-04:00,0.8009999990463257,0.8199999928474426,0.7900000214576721,0.8130000233650208,33400,0.0,0.0
2023-06-23 00:00:00-04:00,0.8199999928474426,0.8289999961853027,0.8009999990463257,0.824999988079071,28300,0.0,0.0
2023-06-26 00:00:00-04:00,0.8190000057220459,0.8190000057220459,0.7599999904632568,0.7760000228881836,459100,0.0,0.0
2023-06-27 00:00:00-04:00,0.7850000262260437,0.7919999957084656,0.7519999742507935,0.7839999794960022,80900,0.0,0.0
2023-06-28 00:00:00-04:00,0.7839999794960022,0.7839999794960022,0.75,0.7649999856948853,38100,0.0,0.0
2023-06-29 00:00:00-04:00,0.7799999713897705,0.7799999713897705,0.75,0.7739999890327454,41100,0.0,0.0
2023-06-30 00:00:00-04:00,0.7480000257492065,0.7609999775886536,0.7300000190734863,0.7400000095367432,60600,0.0,0.0
2023-07-03 00:00:00-04:00,0.734000027179718,0.7599999904632568,0.7300000190734863,0.7599999904632568,42700,0.0,0.0
2023-07-05 00:00:00-04:00,0.7549999952316284,0.7599999904632568,0.7229999899864197,0.75,69200,0.0,0.0
2023-07-06 00:00:00-04:00,0.7300000190734863,0.7400000095367432,0.7009999752044678,0.7020000219345093,99600,0.0,0.0
2023-07-07 00:00:00-04:00,0.6809999942779541,0.7009999752044678,0.6610000133514404,0.6800000071525574,113700,0.0,0.0
2023-07-10 00:00:00-04:00,0.6899999976158142,0.7250000238418579,0.6850000023841858,0.7099999785423279,21100,0.0,0.0
2023-07-11 00:00:00-04:00,0.699999988079071,0.7450000047683716,0.699999988079071,0.7310000061988831,24800,0.0,0.0
2023-07-12 00:00:00-04:00,0.7400000095367432,0.8299999833106995,0.7400000095367432,0.8119999766349792,230900,0.0,0.0
2023-07-13 00:00:00-04:00,0.7739999890327454,0.8700000047683716,0.7710000276565552,0.7770000100135803,782300,0.0,0.0
2023-07-14 00:00:00-04:00,0.781000018119812,0.8040000200271606,0.7599999904632568,0.7599999904632568,4500,0.0,0.0
2023-07-17 00:00:00-04:00,0.7099999785423279,0.7699999809265137,0.7099999785423279,0.7509999871253967,64800,0.0,0.0
2023-07-18 00:00:00-04:00,0.7799999713897705,0.7799999713897705,0.75,0.7699999809265137,23800,0.0,0.0
2023-07-19 00:00:00-04:00,0.7760000228881836,0.8090000152587891,0.7699999809265137,0.7799999713897705,25200,0.0,0.0
2023-07-20 00:00:00-04:00,0.7400000095367432,0.8299999833106995,0.7139999866485596,0.7770000100135803,27800,0.0,0.0
2023-07-21 00:00:00-04:00,0.7799999713897705,0.7929999828338623,0.75,0.7580000162124634,20200,0.0,0.0
2023-07-24 00:00:00-04:00,0.7509999871253967,0.7799999713897705,0.7300000190734863,0.7799999713897705,30500,0.0,0.0
2023-07-25 00:00:00-04:00,0.7799999713897705,0.8299999833106995,0.7770000100135803,0.8180000185966492,37100,0.0,0.0
2023-07-26 00:00:00-04:00,0.7889999747276306,0.8059999942779541,0.7699999809265137,0.7950000166893005,9000,0.0,0.0
2023-07-27 00:00:00-04:00,0.8100000023841858,0.8100000023841858,0.7649999856948853,0.7820000052452087,26300,0.0,0.0
2023-07-28 00:00:00-04:00,0.8100000023841858,0.8500000238418579,0.7730000019073486,0.8149999976158142,124900,0.0,0.0
2023-07-31 00:00:00-04:00,0.7910000085830688,0.843999981880188,0.7910000085830688,0.8209999799728394,31100,0.0,0.0
2023-08-01 00:00:00-04:00,0.7950000166893005,0.8389999866485596,0.7950000166893005,0.828000009059906,34600,0.0,0.0
2023-08-02 00:00:00-04:00,0.7950000166893005,0.8500000238418579,0.7950000166893005,0.8500000238418579,26000,0.0,0.0
2023-08-03 00:00:00-04:00,0.8500000238418579,0.8700000047683716,0.8100000023841858,0.847000002861023,38400,0.0,0.0
2023-08-04 00:00:00-04:00,0.8399999737739563,0.8650000095367432,0.8199999928474426,0.8199999928474426,26100,0.0,0.0
2023-08-07 00:00:00-04:00,0.8199999928474426,0.8489999771118164,0.8100000023841858,0.8140000104904175,15300,0.0,0.0
2023-08-08 00:00:00-04:00,0.8299999833106995,0.8399999737739563,0.7609999775886536,0.7760000228881836,31100,0.0,0.0
2023-08-09 00:00:00-04:00,0.7649999856948853,0.8370000123977661,0.75,0.8370000123977661,18900,0.0,0.0
2023-08-10 00:00:00-04:00,0.8040000200271606,0.8370000123977661,0.7900000214576721,0.7900000214576721,9200,0.0,0.0
2023-08-11 00:00:00-04:00,0.7799999713897705,0.8299999833106995,0.777999997138977,0.7950000166893005,12700,0.0,0.0
2023-08-14 00:00:00-04:00,0.8349999785423279,0.8349999785423279,0.753000020980835,0.7889999747276306,20400,0.0,0.0
2023-08-15 00:00:00-04:00,0.7799999713897705,0.8029999732971191,0.7300000190734863,0.7540000081062317,16100,0.0,0.0
2023-08-16 00:00:00-04:00,0.75,0.7850000262260437,0.7409999966621399,0.7409999966621399,16100,0.0,0.0
2023-08-17 00:00:00-04:00,0.7649999856948853,0.7889999747276306,0.7400000095367432,0.7400000095367432,10800,0.0,0.0
2023-08-18 00:00:00-04:00,0.7300000190734863,0.7639999985694885,0.7260000109672546,0.7459999918937683,24900,0.0,0.0
2023-08-21 00:00:00-04:00,0.7289999723434448,0.7699999809265137,0.7289999723434448,0.7400000095367432,15700,0.0,0.0
2023-08-22 00:00:00-04:00,0.7519999742507935,0.7599999904632568,0.7269999980926514,0.7269999980926514,11000,0.0,0.0
2023-08-23 00:00:00-04:00,0.7379999756813049,0.7480000257492065,0.7099999785423279,0.7099999785423279,19000,0.0,0.0
2023-08-24 00:00:00-04:00,0.7120000123977661,0.7459999918937683,0.7099999785423279,0.7459999918937683,17800,0.0,0.0
2023-08-25 00:00:00-04:00,0.7200000286102295,0.7329999804496765,0.6899999976158142,0.699999988079071,54500,0.0,0.0
2023-08-28 00:00:00-04:00,0.699999988079071,0.75,0.699999988079071,0.699999988079071,24500,0.0,0.0
2023-08-29 00:00:00-04:00,0.699999988079071,0.699999988079071,0.6800000071525574,0.6809999942779541,34900,0.0,0.0
2023-08-30 00:00:00-04:00,0.699999988079071,0.699999988079071,0.6800000071525574,0.699999988079071,20200,0.0,0.0
2023-08-31 00:00:00-04:00,0.699999988079071,0.699999988079071,0.6510000228881836,0.6800000071525574,70400,0.0,0.0
2023-09-01 00:00:00-04:00,0.6909999847412109,0.699999988079071,0.6499999761581421,0.6800000071525574,37100,0.0,0.0
2023-09-05 00:00:00-04:00,0.6859999895095825,0.6859999895095825,0.652999997138977,0.6549999713897705,29000,0.0,0.0
2023-09-06 00:00:00-04:00,0.6600000262260437,0.6700000166893005,0.6499999761581421,0.6499999761581421,45500,0.0,0.0
2023-09-07 00:00:00-04:00,0.6830000281333923,0.6830000281333923,0.6420000195503235,0.6420000195503235,19100,0.0,0.0
2023-09-08 00:00:00-04:00,0.6499999761581421,0.6499999761581421,0.6019999980926514,0.6290000081062317,44500,0.0,0.0
2023-09-11 00:00:00-04:00,0.6320000290870667,0.6320000290870667,0.5299999713897705,0.5979999899864197,205600,0.0,0.0
2023-09-12 00:00:00-04:00,0.5600000023841858,0.5809999704360962,0.550000011920929,0.5640000104904175,74600,0.0,0.0
2023-09-13 00:00:00-04:00,0.5299999713897705,0.5640000104904175,0.3569999933242798,0.4129999876022339,467500,0.0,0.0
2023-09-14 00:00:00-04:00,0.4009999930858612,0.44999998807907104,0.4009999930858612,0.44999998807907104,137300,0.0,0.0
2023-09-15 00:00:00-04:00,0.4399999976158142,0.49900001287460327,0.4000000059604645,0.49900001287460327,120300,0.0,0.0
2023-09-18 00:00:00-04:00,0.48399999737739563,0.5479999780654907,0.44999998807907104,0.47999998927116394,19500,0.0,0.0
2023-09-19 00:00:00-04:00,0.47999998927116394,0.550000011920929,0.453000009059906,0.5009999871253967,205300,0.0,0.0
2023-09-20 00:00:00-04:00,0.45500001311302185,0.550000011920929,0.45500001311302185,0.49300000071525574,40800,0.0,0.0
2023-09-21 00:00:00-04:00,0.49399998784065247,0.5019999742507935,0.48399999737739563,0.4869999885559082,62900,0.0,0.0
2023-09-22 00:00:00-04:00,0.5,0.5,0.4399999976158142,0.4659999907016754,28100,0.0,0.0
2023-09-25 00:00:00-04:00,0.4000000059604645,0.5379999876022339,0.4000000059604645,0.5299999713897705,19800,0.0,0.0
2023-09-26 00:00:00-04:00,0.5139999985694885,0.5339999794960022,0.47999998927116394,0.5149999856948853,404300,0.0,0.0
2023-09-27 00:00:00-04:00,0.48899999260902405,0.5,0.39500001072883606,0.4000000059604645,346400,0.0,0.0
2023-09-28 00:00:00-04:00,0.42800000309944153,0.46399998664855957,0.4099999964237213,0.4399999976158142,55800,0.0,0.0
2023-09-29 00:00:00-04:00,0.46399998664855957,0.5180000066757202,0.4309999942779541,0.5139999985694885,1309400,0.0,0.0
2023-10-02 00:00:00-04:00,0.5199999809265137,0.5199999809265137,0.46299999952316284,0.4699999988079071,60500,0.0,0.0
2023-10-03 00:00:00-04:00,0.5,0.5,0.4399999976158142,0.4790000021457672,68300,0.0,0.0
2023-10-04 00:00:00-04:00,0.4749999940395355,0.4749999940395355,0.4749999940395355,0.4749999940395355,11300,0.0,0.0
2023-10-05 00:00:00-04:00,0.4749999940395355,0.5139999985694885,0.4749999940395355,0.5,41700,0.0,0.0
2023-10-06 00:00:00-04:00,0.5,0.5,0.4740000069141388,0.49000000953674316,9800,0.0,0.0
2023-10-09 00:00:00-04:00,0.47999998927116394,0.5199999809265137,0.4699999988079071,0.4749999940395355,46900,0.0,0.0
2023-10-10 00:00:00-04:00,0.4909999966621399,0.5149999856948853,0.4909999966621399,0.5149999856948853,14800,0.0,0.0
2023-10-11 00:00:00-04:00,0.48500001430511475,0.5149999856948853,0.48500001430511475,0.5149999856948853,10800,0.0,0.0
2023-10-12 00:00:00-04:00,0.4790000021457672,0.5149999856948853,0.4790000021457672,0.49000000953674316,7300,0.0,0.0
2023-10-13 00:00:00-04:00,0.49000000953674316,0.5899999737739563,0.47999998927116394,0.5899999737739563,19700,0.0,0.0
2023-10-16 00:00:00-04:00,0.550000011920929,1.3600000143051147,0.550000011920929,0.9700000286102295,20058100,0.0,0.0
2023-10-17 00:00:00-04:00,0.9169999957084656,1.100000023841858,0.8730000257492065,1.0399999618530273,1368800,0.0,0.0
2023-10-18 00:00:00-04:00,1.0800000429153442,1.440000057220459,1.0499999523162842,1.3600000143051147,2061500,0.0,0.0
2023-10-19 00:00:00-04:00,1.649999976158142,2.4800000190734863,1.4700000286102295,2.059999942779541,14983500,0.0,0.0
2023-10-20 00:00:00-04:00,2.059999942779541,4.860000133514404,1.2899999618530273,1.440000057220459,33306400,0.0,0.0
2023-10-23 00:00:00-04:00,1.190000057220459,1.4600000381469727,1.0,1.1200000047683716,3256700,0.0,0.0
2023-10-24 00:00:00-04:00,1.0499999523162842,1.2000000476837158,0.9350000023841858,1.0199999809265137,1479300,0.0,0.0
2023-10-25 00:00:00-04:00,0.949999988079071,1.1799999475479126,0.9100000262260437,1.0399999618530273,1281300,0.0,0.0
2023-10-26 00:00:00-04:00,1.1299999952316284,1.1299999952316284,0.9150000214576721,1.0399999618530273,616200,0.0,0.0
2023-10-27 00:00:00-04:00,1.0099999904632568,1.0800000429153442,0.9549999833106995,1.059999942779541,311600,0.0,0.0
2023-10-30 00:00:00-04:00,1.0399999618530273,1.2100000381469727,1.0160000324249268,1.0800000429153442,517600,0.0,0.0
2023-10-31 00:00:00-04:00,1.1699999570846558,1.1799999475479126,0.9879999756813049,1.0800000429153442,674500,0.0,0.0
2023-11-01 00:00:00-04:00,1.0700000524520874,1.1089999675750732,0.9800000190734863,1.0299999713897705,245700,0.0,0.0
2023-11-02 00:00:00-04:00,1.0499999523162842,1.0499999523162842,0.949999988079071,1.0119999647140503,191000,0.0,0.0
2023-11-03 00:00:00-04:00,0.9919999837875366,1.190000057220459,0.9700000286102295,1.149999976158142,634200,0.0,0.0
2023-11-06 00:00:00-05:00,1.1200000047683716,1.2100000381469727,1.0,1.1699999570846558,315400,0.0,0.0
2023-11-07 00:00:00-05:00,1.1699999570846558,1.2200000286102295,1.1399999856948853,1.2200000286102295,87900,0.0,0.0
2023-11-08 00:00:00-05:00,1.2200000286102295,1.2300000190734863,1.0299999713897705,1.1699999570846558,230000,0.0,0.0
2023-11-09 00:00:00-05:00,1.1299999952316284,1.190000057220459,1.0800000429153442,1.159999966621399,124800,0.0,0.0
2023-11-10 00:00:00-05:00,1.1399999856948853,1.1699999570846558,1.0,1.0099999904632568,170800,0.0,0.0
2023-11-13 00:00:00-05:00,1.0499999523162842,1.11899995803833,1.0199999809265137,1.0499999523162842,117700,0.0,0.0
2023-11-14 00:00:00-05:00,1.0800000429153442,1.0800000429153442,1.0199999809265137,1.0700000524520874,55700,0.0,0.0
2023-11-15 00:00:00-05:00,1.0399999618530273,1.0700000524520874,1.0299999713897705,1.0399999618530273,112800,0.0,0.0
2023-11-16 00:00:00-05:00,1.0299999713897705,1.031999945640564,0.9700000286102295,1.0049999952316284,96400,0.0,0.0
2023-11-17 00:00:00-05:00,0.9879999756813049,1.0499999523162842,0.9350000023841858,1.0299999713897705,194100,0.0,0.0
2023-11-20 00:00:00-05:00,0.9990000128746033,1.0299999713897705,0.9800000190734863,0.9900000095367432,63800,0.0,0.0
2023-11-21 00:00:00-05:00,1.0,1.0299999713897705,0.9900000095367432,0.9909999966621399,8600,0.0,0.0
2023-11-22 00:00:00-05:00,0.9800000190734863,1.0199999809265137,0.9769999980926514,0.9800000190734863,44200,0.0,0.0
2023-11-24 00:00:00-05:00,1.2300000190734863,1.3899999856948853,1.1299999952316284,1.3799999952316284,6087100,0.0,0.0
2023-11-27 00:00:00-05:00,1.3899999856948853,1.4700000286102295,1.2000000476837158,1.399999976158142,1200500,0.0,0.0
2023-11-28 00:00:00-05:00,1.3600000143051147,1.4500000476837158,1.2799999713897705,1.3700000047683716,238900,0.0,0.0
2023-11-29 00:00:00-05:00,1.350000023841858,1.350000023841858,1.149999976158142,1.2599999904632568,287700,0.0,0.0
2023-11-30 00:00:00-05:00,1.2799999713897705,1.2799999713897705,1.0700000524520874,1.149999976158142,150100,0.0,0.0
2023-12-01 00:00:00-05:00,1.100000023841858,1.125,1.0299999713897705,1.0299999713897705,70800,0.0,0.0
2023-12-04 00:00:00-05:00,1.0800000429153442,1.1039999723434448,1.0,1.0499999523162842,66700,0.0,0.0
2023-12-05 00:00:00-05:00,1.0499999523162842,1.1449999809265137,1.0390000343322754,1.090000033378601,59900,0.0,0.0
2023-12-06 00:00:00-05:00,1.1399999856948853,1.1399999856948853,1.059999942779541,1.059999942779541,45500,0.0,0.0
2023-12-07 00:00:00-05:00,1.100000023841858,1.100000023841858,1.0099999904632568,1.0499999523162842,46500,0.0,0.0
2023-12-08 00:00:00-05:00,1.0800000429153442,1.100000023841858,1.0299999713897705,1.0499999523162842,51900,0.0,0.0
2023-12-11 00:00:00-05:00,1.0499999523162842,1.100000023841858,0.9300000071525574,0.9300000071525574,119700,0.0,0.0
2023-12-12 00:00:00-05:00,0.9399999976158142,0.9399999976158142,0.8700000047683716,0.8820000290870667,69800,0.0,0.0
2023-12-13 00:00:00-05:00,0.8830000162124634,0.9480000138282776,0.8299999833106995,0.8399999737739563,32900,0.0,0.0
2023-12-14 00:00:00-05:00,0.8399999737739563,0.9100000262260437,0.8399999737739563,0.8519999980926514,27800,0.0,0.0
2023-12-15 00:00:00-05:00,0.8500000238418579,0.8999999761581421,0.8500000238418579,0.8769999742507935,25600,0.0,0.0
2023-12-18 00:00:00-05:00,0.8560000061988831,0.8859999775886536,0.7129999995231628,0.7440000176429749,228300,0.0,0.0
2023-12-19 00:00:00-05:00,0.75,0.8190000057220459,0.75,0.800000011920929,84400,0.0,0.0
2023-12-20 00:00:00-05:00,0.7699999809265137,0.9399999976158142,0.7699999809265137,0.9300000071525574,235000,0.0,0.0
2023-12-21 00:00:00-05:00,0.8899999856948853,0.9190000295639038,0.8799999952316284,0.8899999856948853,14800,0.0,0.0
2023-12-22 00:00:00-05:00,0.8899999856948853,0.9449999928474426,0.8799999952316284,0.8849999904632568,30700,0.0,0.0
2023-12-26 00:00:00-05:00,0.8849999904632568,0.949999988079071,0.8799999952316284,0.949999988079071,26400,0.0,0.0
2023-12-27 00:00:00-05:00,0.9399999976158142,0.9900000095367432,0.9200000166893005,0.949999988079071,104800,0.0,0.0
2023-12-28 00:00:00-05:00,0.9700000286102295,1.0499999523162842,0.9700000286102295,1.0,190900,0.0,0.0
2023-12-29 00:00:00-05:00,0.9200000166893005,1.100000023841858,0.8799999952316284,1.0,769600,0.0,0.0
2024-01-02 00:00:00-05:00,0.9819999933242798,1.0299999713897705,0.9639999866485596,0.9700000286102295,65800,0.0,0.0
2024-01-03 00:00:00-05:00,0.9480000138282776,2.0,0.9100000262260437,1.809999942779541,9862800,0.0,0.0
2024-01-04 00:00:00-05:00,1.7000000476837158,2.0899999141693115,1.6299999952316284,2.0799999237060547,1623000,0.0,0.0
2024-01-05 00:00:00-05:00,2.0,2.450000047683716,1.9500000476837158,2.3499999046325684,1099900,0.0,0.0
2024-01-08 00:00:00-05:00,2.369999885559082,2.369999885559082,1.809999942779541,2.059999942779541,477100,0.0,0.0
2024-01-09 00:00:00-05:00,1.9299999475479126,2.4000000953674316,1.9299999475479126,2.3499999046325684,1310400,0.0,0.0
2024-01-10 00:00:00-05:00,2.4000000953674316,2.4000000953674316,2.1600000858306885,2.299999952316284,270800,0.0,0.0
2024-01-11 00:00:00-05:00,2.25,2.25,1.899999976158142,1.9299999475479126,137000,0.0,0.0
2024-01-12 00:00:00-05:00,1.9199999570846558,2.059999942779541,1.8819999694824219,1.9800000190734863,71600,0.0,0.0
2024-01-16 00:00:00-05:00,1.899999976158142,2.0,1.899999976158142,1.9500000476837158,29800,0.0,0.0
2024-01-17 00:00:00-05:00,2.0799999237060547,2.2699999809265137,1.9199999570846558,1.9600000381469727,97200,0.0,0.0
2024-01-18 00:00:00-05:00,2.1500000953674316,2.1600000858306885,1.850000023841858,2.0350000858306885,88300,0.0,0.0
2024-01-19 00:00:00-05:00,1.9900000095367432,2.799999952316284,1.8899999856948853,2.450000047683716,397500,0.0,0.0
2024-01-22 00:00:00-05:00,2.4600000381469727,2.632999897003174,2.0799999237060547,2.2300000190734863,127100,0.0,0.0
2024-01-23 00:00:00-05:00,2.2699999809265137,2.2850000858306885,2.0799999237060547,2.109999895095825,46500,0.0,0.0
2024-01-24 00:00:00-05:00,2.130000114440918,2.2300000190734863,2.0,2.0399999618530273,42100,0.0,0.0
2024-01-25 00:00:00-05:00,2.0299999713897705,2.0899999141693115,1.850000023841858,1.9299999475479126,64600,0.0,0.0
2024-01-26 00:00:00-05:00,1.7999999523162842,1.909999966621399,1.7999999523162842,1.8980000019073486,32200,0.0,0.0
2024-01-29 00:00:00-05:00,1.899999976158142,1.9470000267028809,1.8300000429153442,1.8300000429153442,62600,0.0,0.0
2024-01-30 00:00:00-05:00,1.7799999713897705,1.7929999828338623,1.6200000047683716,1.649999976158142,42200,0.0,0.0
2024-01-31 00:00:00-05:00,1.5,1.6399999856948853,1.4800000190734863,1.6399999856948853,131000,0.0,0.0
2024-02-01 00:00:00-05:00,1.6399999856948853,1.6799999475479126,1.434000015258789,1.4889999628067017,40400,0.0,0.0
2024-02-02 00:00:00-05:00,1.399999976158142,1.5,1.3600000143051147,1.4900000095367432,26700,0.0,0.0
2024-02-05 00:00:00-05:00,1.3899999856948853,1.5,1.3899999856948853,1.4199999570846558,41000,0.0,0.0
2024-02-06 00:00:00-05:00,1.4199999570846558,1.600000023841858,1.4199999570846558,1.4600000381469727,24600,0.0,0.0
2024-02-07 00:00:00-05:00,1.4600000381469727,1.628000020980835,1.4600000381469727,1.590000033378601,13700,0.0,0.0
2024-02-08 00:00:00-05:00,1.590000033378601,1.9600000381469727,1.590000033378601,1.7400000095367432,82400,0.0,0.0
2024-02-09 00:00:00-05:00,1.8300000429153442,1.9199999570846558,1.6699999570846558,1.75,28700,0.0,0.0
2024-02-12 00:00:00-05:00,1.75,1.7899999618530273,1.6579999923706055,1.6799999475479126,18300,0.0,0.0
2024-02-13 00:00:00-05:00,1.659999966621399,1.659999966621399,1.4500000476837158,1.5399999618530273,32200,0.0,0.0
2024-02-14 00:00:00-05:00,1.590000033378601,1.6169999837875366,1.4600000381469727,1.4600000381469727,11900,0.0,0.0
2024-02-15 00:00:00-05:00,1.4700000286102295,1.7000000476837158,1.0509999990463257,1.340000033378601,380400,0.0,0.0
2024-02-16 00:00:00-05:00,1.2599999904632568,1.4049999713897705,1.2510000467300415,1.375,26700,0.0,0.0
2024-02-20 00:00:00-05:00,1.2899999618530273,1.3700000047683716,1.2699999809265137,1.2999999523162842,29200,0.0,0.0
2024-02-21 00:00:00-05:00,1.2899999618530273,1.4500000476837158,1.2690000534057617,1.399999976158142,76600,0.0,0.0
2024-02-22 00:00:00-05:00,1.3600000143051147,1.4199999570846558,1.0,1.1100000143051147,431100,0.0,0.0
2024-02-23 00:00:00-05:00,1.0499999523162842,1.1200000047683716,1.0099999904632568,1.059999942779541,95900,0.0,0.0
2024-02-26 00:00:00-05:00,1.090000033378601,1.090000033378601,1.0099999904632568,1.0800000429153442,55200,0.0,0.0
2024-02-27 00:00:00-05:00,1.0499999523162842,1.1299999952316284,1.0399999618530273,1.0700000524520874,72800,0.0,0.0
2024-02-28 00:00:00-05:00,1.1699999570846558,1.5800000429153442,1.0800000429153442,1.4500000476837158,524300,0.0,0.0
2024-02-29 00:00:00-05:00,1.4700000286102295,1.4900000095367432,1.2899999618530273,1.2999999523162842,82600,0.0,0.0
2024-03-01 00:00:00-05:00,1.7000000476837158,3.8299999237060547,1.4500000476837158,2.559999942779541,74165900,0.0,0.0
2024-03-04 00:00:00-05:00,2.390000104904175,2.430000066757202,1.9199999570846558,2.359999895095825,1775100,0.0,0.0
2024-03-05 00:00:00-05:00,2.109999895095825,2.5899999141693115,2.0820000171661377,2.4000000953674316,925500,0.0,0.0
2024-03-06 00:00:00-05:00,2.1700000762939453,2.3499999046325684,2.0999999046325684,2.309999942779541,514900,0.0,0.0
2024-03-07 00:00:00-05:00,2.140000104904175,2.140000104904175,1.7999999523162842,1.9500000476837158,324700,0.0,0.0
2024-03-08 00:00:00-05:00,2.25,2.25,1.909999966621399,1.9600000381469727,342500,0.0,0.0
2024-03-11 00:00:00-04:00,1.940000057220459,2.059999942779541,1.850000023841858,1.9700000286102295,268600,0.0,0.0
2024-03-12 00:00:00-04:00,1.9800000190734863,2.0160000324249268,1.840000033378601,1.9299999475479126,356400,0.0,0.0
2024-03-13 00:00:00-04:00,1.9600000381469727,1.9700000286102295,1.7599999904632568,1.7599999904632568,92300,0.0,0.0
2024-03-14 00:00:00-04:00,1.7400000095367432,1.7450000047683716,1.5800000429153442,1.590000033378601,402100,0.0,0.0
2024-03-15 00:00:00-04:00,1.559999942779541,2.200000047683716,1.5499999523162842,2.200000047683716,413900,0.0,0.0
2024-03-18 00:00:00-04:00,1.9900000095367432,2.059999942779541,1.8799999952316284,1.940000057220459,103000,0.0,0.0
2024-03-19 00:00:00-04:00,1.9500000476837158,1.9789999723434448,1.8600000143051147,1.8899999856948853,51500,0.0,0.0
2024-03-20 00:00:00-04:00,1.9199999570846558,1.9359999895095825,1.840000033378601,1.909999966621399,33600,0.0,0.0
2024-03-21 00:00:00-04:00,1.8600000143051147,2.4700000286102295,1.8600000143051147,2.299999952316284,638900,0.0,0.0
2024-03-22 00:00:00-04:00,2.2200000286102295,2.299999952316284,2.009999990463257,2.25,171200,0.0,0.0
2024-03-25 00:00:00-04:00,2.3499999046325684,2.3499999046325684,1.899999976158142,1.9299999475479126,203600,0.0,0.0
2024-03-26 00:00:00-04:00,1.899999976158142,2.005000114440918,1.8700000047683716,1.8899999856948853,62300,0.0,0.0
2024-03-27 00:00:00-04:00,1.9199999570846558,1.9500000476837158,1.850000023841858,1.8600000143051147,49300,0.0,0.0
2024-03-28 00:00:00-04:00,1.899999976158142,1.899999976158142,1.7999999523162842,1.840000033378601,49100,0.0,0.0
2024-04-01 00:00:00-04:00,1.940000057220459,1.940000057220459,1.7799999713897705,1.8700000047683716,52300,0.0,0.0
2024-04-02 00:00:00-04:00,1.8300000429153442,1.8700000047683716,1.7799999713897705,1.7799999713897705,15800,0.0,0.0
2024-04-03 00:00:00-04:00,1.7999999523162842,1.7999999523162842,1.6799999475479126,1.7000000476837158,38900,0.0,0.0
2024-04-04 00:00:00-04:00,1.6799999475479126,1.7400000095367432,1.6799999475479126,1.7000000476837158,34000,0.0,0.0
2024-04-05 00:00:00-04:00,1.7000000476837158,1.850000023841858,1.690000057220459,1.8200000524520874,76800,0.0,0.0
2024-04-08 00:00:00-04:00,1.8200000524520874,1.8799999952316284,1.7400000095367432,1.8300000429153442,32500,0.0,0.0
2024-04-09 00:00:00-04:00,1.8600000143051147,1.8799999952316284,1.7799999713897705,1.7999999523162842,44100,0.0,0.0
2024-04-10 00:00:00-04:00,1.7999999523162842,1.7999999523162842,1.7100000381469727,1.7699999809265137,17400,0.0,0.0
2024-04-11 00:00:00-04:00,1.7599999904632568,2.0,1.7200000286102295,1.7899999618530273,32100,0.0,0.0
2024-04-12 00:00:00-04:00,1.7799999713897705,1.8200000524520874,1.7100000381469727,1.7699999809265137,35400,0.0,0.0
2024-04-15 00:00:00-04:00,1.7400000095367432,1.784999966621399,1.5700000524520874,1.5700000524520874,43900,0.0,0.0
2024-04-16 00:00:00-04:00,1.559999942779541,1.649999976158142,1.5540000200271606,1.6100000143051147,23800,0.0,0.0
2024-04-17 00:00:00-04:00,1.590000033378601,1.75,1.559999942779541,1.5700000524520874,43900,0.0,0.0
2024-04-18 00:00:00-04:00,1.6299999952316284,1.7200000286102295,1.5800000429153442,1.7000000476837158,31100,0.0,0.0
2024-04-19 00:00:00-04:00,1.6699999570846558,1.7000000476837158,1.4600000381469727,1.6200000047683716,78900,0.0,0.0
2024-04-22 00:00:00-04:00,1.690000057220459,1.690000057220459,1.559999942779541,1.559999942779541,13600,0.0,0.0
2024-04-23 00:00:00-04:00,1.7100000381469727,2.5,1.600000023841858,2.240000009536743,6073700,0.0,0.0
2024-04-24 00:00:00-04:00,2.569999933242798,3.700000047683716,2.319999933242798,3.5999999046325684,9435000,0.0,0.0
2024-04-25 00:00:00-04:00,3.359999895095825,3.990000009536743,2.75,3.1500000953674316,2053200,0.0,0.0
2024-04-26 00:00:00-04:00,2.990000009536743,3.069999933242798,2.6500000953674316,2.880000114440918,260700,0.0,0.0
2024-04-29 00:00:00-04:00,2.859999895095825,3.75,2.8299999237060547,3.5999999046325684,783000,0.0,0.0
2024-04-30 00:00:00-04:00,3.569999933242798,3.619999885559082,2.940000057220459,3.119999885559082,271800,0.0,0.0
2024-05-01 00:00:00-04:00,3.1700000762939453,3.2339999675750732,2.825000047683716,3.0299999713897705,130100,0.0,0.0
2024-05-02 00:00:00-04:00,2.9700000286102295,3.117000102996826,2.3299999237060547,2.4800000190734863,318600,0.0,0.0
2024-05-03 00:00:00-04:00,2.549999952316284,2.609999895095825,2.259999990463257,2.380000114440918,253900,0.0,0.0
2024-05-06 00:00:00-04:00,2.319999933242798,2.450000047683716,2.140000104904175,2.299999952316284,232800,0.0,0.0
2024-05-07 00:00:00-04:00,3.0,4.639999866485596,2.8499999046325684,3.3299999237060547,33766100,0.0,0.0
2024-05-08 00:00:00-04:00,3.2100000381469727,3.490999937057495,3.0199999809265137,3.3499999046325684,1209000,0.0,0.0
2024-05-09 00:00:00-04:00,3.1700000762939453,3.4600000381469727,3.069999933242798,3.359999895095825,404700,0.0,0.0
2024-05-10 00:00:00-04:00,3.2200000286102295,3.7699999809265137,3.2200000286102295,3.700000047683716,461900,0.0,0.0
2024-05-13 00:00:00-04:00,3.7200000286102295,4.860000133514404,3.6449999809265137,4.849999904632568,457200,0.0,0.0
2024-05-14 00:00:00-04:00,4.389999866485596,12.899999618530273,4.380000114440918,8.899999618530273,4221000,0.0,0.0
2024-05-15 00:00:00-04:00,7.909999847412109,9.0,5.610000133514404,7.050000190734863,939300,0.0,0.0
2024-05-16 00:00:00-04:00,7.010000228881836,7.449999809265137,5.730000019073486,6.010000228881836,365300,0.0,0.0
2024-05-17 00:00:00-04:00,6.059999942779541,7.360000133514404,6.059999942779541,7.010000228881836,325400,0.0,0.0
2024-05-20 00:00:00-04:00,9.289999961853027,11.979999542236328,0.9700000286102295,1.0499999523162842,70476000,0.0,0.0
2024-05-21 00:00:00-04:00,1.2899999618530273,1.3200000524520874,0.800000011920929,0.8899999856948853,53692000,0.0,0.0
2024-05-22 00:00:00-04:00,0.7870000004768372,0.8199999928474426,0.6100000143051147,0.628000020980835,25299600,0.0,0.0
2024-05-23 00:00:00-04:00,0.6000000238418579,0.6140000224113464,0.46399998664855957,0.4970000088214874,26585500,0.0,0.0
2024-05-24 00:00:00-04:00,0.4519999921321869,0.6069999933242798,0.44999998807907104,0.46799999475479126,38864000,0.0,0.0
2024-05-28 00:00:00-04:00,0.4729999899864197,0.47699999809265137,0.3700000047683716,0.4320000112056732,18229000,0.0,0.0
2024-05-29 00:00:00-04:00,0.43700000643730164,0.46399998664855957,0.4020000100135803,0.4169999957084656,8337500,0.0,0.0
2024-05-30 00:00:00-04:00,0.421999990940094,0.42899999022483826,0.38999998569488525,0.39500001072883606,6372900,0.0,0.0
2024-05-31 00:00:00-04:00,0.4059999883174896,0.43299999833106995,0.382999986410141,0.39800000190734863,7246600,0.0,0.0
2024-06-03 00:00:00-04:00,0.4169999957084656,0.4169999957084656,0.3840000033378601,0.3919999897480011,5798500,0.0,0.0
2024-06-04 00:00:00-04:00,0.4000000059604645,0.4189999997615814,0.38499999046325684,0.39500001072883606,5600000,0.0,0.0
2024-06-05 00:00:00-04:00,0.3840000033378601,0.4129999876022339,0.3840000033378601,0.39500001072883606,4679600,0.0,0.0
2024-06-06 00:00:00-04:00,0.38999998569488525,0.4009999930858612,0.38100001215934753,0.38199999928474426,4106600,0.0,0.0
2024-06-07 00:00:00-04:00,0.38100001215934753,0.3840000033378601,0.3409999907016754,0.36000001430511475,5038800,0.0,0.0
2024-06-10 00:00:00-04:00,0.36000001430511475,0.3630000054836273,0.34299999475479126,0.34700000286102295,3435400,0.0,0.0
2024-06-11 00:00:00-04:00,0.3490000069141388,0.35199999809265137,0.32499998807907104,0.33000001311302185,3327900,0.0,0.0
2024-06-12 00:00:00-04:00,0.33000001311302185,0.39500001072883606,0.33000001311302185,0.3790000081062317,11437800,0.0,0.0
2024-06-13 00:00:00-04:00,0.3580000102519989,0.4000000059604645,0.3580000102519989,0.3700000047683716,4809100,0.0,0.0
2024-06-14 00:00:00-04:00,0.3610000014305115,0.37400001287460327,0.35199999809265137,0.35600000619888306,1643400,0.0,0.0
2024-06-17 00:00:00-04:00,0.3700000047683716,0.3700000047683716,0.33000001311302185,0.3319999873638153,2280400,0.0,0.0
2024-06-18 00:00:00-04:00,0.33000001311302185,0.3400000035762787,0.3160000145435333,0.3199999928474426,2229000,0.0,0.0
2024-06-20 00:00:00-04:00,0.3059999942779541,0.3930000066757202,0.3059999942779541,0.37599998712539673,8098300,0.0,0.0
2024-06-21 00:00:00-04:00,0.3449999988079071,0.41499999165534973,0.3449999988079071,0.4059999883174896,6683000,0.0,0.0
2024-06-24 00:00:00-04:00,0.38999998569488525,0.4000000059604645,0.35499998927116394,0.38600000739097595,2397100,0.0,0.0
2024-06-25 00:00:00-04:00,0.3799999952316284,0.41499999165534973,0.3700000047683716,0.4050000011920929,3788100,0.0,0.0
2024-06-26 00:00:00-04:00,0.4000000059604645,0.4359999895095825,0.38999998569488525,0.4230000078678131,3250600,0.0,0.0
2024-06-27 00:00:00-04:00,0.4320000112056732,0.46700000762939453,0.40700000524520874,0.4359999895095825,4306900,0.0,0.0
2024-06-28 00:00:00-04:00,0.47999998927116394,0.5210000276565552,0.46000000834465027,0.5099999904632568,11330100,0.0,0.0
2024-07-01 00:00:00-04:00,0.4699999988079071,0.4779999852180481,0.42500001192092896,0.46700000762939453,3752900,0.0,0.0
2024-07-02 00:00:00-04:00,0.46700000762939453,0.46700000762939453,0.4000000059604645,0.4339999854564667,3053500,0.0,0.0
2024-07-03 00:00:00-04:00,0.42800000309944153,0.4339999854564667,0.39899998903274536,0.42500001192092896,1647500,0.0,0.0
2024-07-05 00:00:00-04:00,0.4399999976158142,0.4399999976158142,0.40799999237060547,0.4300000071525574,1577100,0.0,0.0
2024-07-08 00:00:00-04:00,0.4189999997615814,0.42399999499320984,0.4050000011920929,0.40799999237060547,1313400,0.0,0.0
2024-07-09 00:00:00-04:00,0.4000000059604645,0.40400001406669617,0.36899998784065247,0.3799999952316284,1411800,0.0,0.0
2024-07-10 00:00:00-04:00,0.3970000147819519,0.3970000147819519,0.3799999952316284,0.39100000262260437,1209100,0.0,0.0
2024-07-11 00:00:00-04:00,0.38999998569488525,0.4090000092983246,0.38100001215934753,0.40299999713897705,1327000,0.0,0.0
2024-07-12 00:00:00-04:00,0.3970000147819519,0.4189999997615814,0.39399999380111694,0.41200000047683716,1180800,0.0,0.0
2024-07-15 00:00:00-04:00,0.41200000047683716,0.41200000047683716,0.38999998569488525,0.3919999897480011,1084100,0.0,0.0
2024-07-16 00:00:00-04:00,0.3919999897480011,0.39899998903274536,0.38100001215934753,0.39100000262260437,903600,0.0,0.0
2024-07-17 00:00:00-04:00,0.3840000033378601,0.3840000033378601,0.367000013589859,0.3700000047683716,1525200,0.0,0.0
2024-07-18 00:00:00-04:00,0.36000001430511475,0.36899998784065247,0.35499998927116394,0.35600000619888306,927200,0.0,0.0
2024-07-19 00:00:00-04:00,0.3490000069141388,0.35499998927116394,0.3409999907016754,0.3440000116825104,872800,0.0,0.0
2024-07-22 00:00:00-04:00,0.3370000123977661,0.34299999475479126,0.33000001311302185,0.3370000123977661,1258500,0.0,0.0
2024-07-23 00:00:00-04:00,0.33899998664855957,0.38100001215934753,0.33799999952316284,0.3619999885559082,1478700,0.0,0.0
2024-07-24 00:00:00-04:00,0.3449999988079071,0.3569999933242798,0.33500000834465027,0.33500000834465027,945500,0.0,0.0
2024-07-25 00:00:00-04:00,0.33899998664855957,0.34700000286102295,0.32499998807907104,0.3310000002384186,1138500,0.0,0.0
2024-07-26 00:00:00-04:00,0.33799999952316284,0.33799999952316284,0.3179999887943268,0.32100000977516174,1392600,0.0,0.0
2024-07-29 00:00:00-04:00,0.3269999921321869,0.33000001311302185,0.31200000643730164,0.3160000145435333,865500,0.0,0.0
2024-07-30 00:00:00-04:00,0.32199999690055847,0.32199999690055847,0.29499998688697815,0.31200000643730164,1676000,0.0,0.0
2024-07-31 00:00:00-04:00,0.30000001192092896,0.32600000500679016,0.30000001192092896,0.3240000009536743,664700,0.0,0.0
2024-08-01 00:00:00-04:00,0.3160000145435333,0.32499998807907104,0.30300000309944153,0.3089999854564667,808400,0.0,0.0
2024-08-02 00:00:00-04:00,0.3070000112056732,0.3070000112056732,0.25999999046325684,0.2849999964237213,1380700,0.0,0.0
2024-08-05 00:00:00-04:00,0.25099998712539673,0.30000001192092896,0.2409999966621399,0.2840000092983246,1477600,0.0,0.0
2024-08-06 00:00:00-04:00,0.3019999861717224,0.3100000023841858,0.28999999165534973,0.3009999990463257,664100,0.0,0.0
2024-08-07 00:00:00-04:00,0.3050000071525574,0.3109999895095825,0.27300000190734863,0.27900001406669617,516100,0.0,0.0
2024-08-08 00:00:00-04:00,0.28999999165534973,0.28999999165534973,0.26499998569488525,0.2770000100135803,462600,0.0,0.0
2024-08-09 00:00:00-04:00,0.27399998903274536,0.27399998903274536,0.26100000739097595,0.2669999897480011,501100,0.0,0.0
2024-08-12 00:00:00-04:00,0.2759999930858612,0.2759999930858612,0.25699999928474426,0.2630000114440918,463700,0.0,0.0
2024-08-13 00:00:00-04:00,0.25999999046325684,0.27300000190734863,0.25999999046325684,0.27000001072883606,486700,0.0,0.0
2024-08-14 00:00:00-04:00,0.2800000011920929,0.2879999876022339,0.25699999928474426,0.25999999046325684,385900,0.0,0.0
2024-08-15 00:00:00-04:00,0.25999999046325684,0.26600000262260437,0.2549999952316284,0.2630000114440918,549400,0.0,0.0
2024-08-16 00:00:00-04:00,0.25999999046325684,0.26899999380111694,0.257999986410141,0.25999999046325684,346600,0.0,0.0
2024-08-19 00:00:00-04:00,0.2590000033378601,0.2669999897480011,0.25,0.2549999952316284,475000,0.0,0.0
2024-08-20 00:00:00-04:00,0.26499998569488525,0.41100001335144043,0.25600001215934753,0.2840000092983246,13576000,0.0,0.0
2024-08-21 00:00:00-04:00,0.27000001072883606,0.2939999997615814,0.27000001072883606,0.2879999876022339,993300,0.0,0.0
2024-08-22 00:00:00-04:00,0.289000004529953,0.33399999141693115,0.2809999883174896,0.3240000009536743,1340500,0.0,0.0
2024-08-23 00:00:00-04:00,0.3199999928474426,0.36399999260902405,0.3100000023841858,0.3100000023841858,1382400,0.0,0.0
2024-08-26 00:00:00-04:00,0.3370000123977661,0.3370000123977661,0.25600001215934753,0.296999990940094,1259300,0.0,0.0
2024-08-27 00:00:00-04:00,0.30000001192092896,0.30000001192092896,0.2709999978542328,0.27900001406669617,750600,0.0,0.0
2024-08-28 00:00:00-04:00,0.2750000059604645,0.2879999876022339,0.25999999046325684,0.2619999945163727,878100,0.0,0.0
2024-08-29 00:00:00-04:00,0.25999999046325684,0.2800000011920929,0.2590000033378601,0.2759999930858612,501100,0.0,0.0
2024-08-30 00:00:00-04:00,0.27399998903274536,0.2800000011920929,0.26100000739097595,0.2680000066757202,404400,0.0,0.0
2024-09-03 00:00:00-04:00,0.2750000059604645,0.2750000059604645,0.25999999046325684,0.2639999985694885,407200,0.0,0.0
2024-09-04 00:00:00-04:00,0.26100000739097595,0.26899999380111694,0.25600001215934753,0.26600000262260437,481500,0.0,0.0
2024-09-05 00:00:00-04:00,0.26600000262260437,0.27000001072883606,0.26100000739097595,0.2639999985694885,400400,0.0,0.0
2024-09-06 00:00:00-04:00,0.25999999046325684,0.2680000066757202,0.24899999797344208,0.2619999945163727,752300,0.0,0.0
2024-09-09 00:00:00-04:00,0.2619999945163727,0.2680000066757202,0.2529999911785126,0.2540000081062317,479500,0.0,0.0
2024-09-10 00:00:00-04:00,0.25999999046325684,0.26499998569488525,0.2540000081062317,0.25999999046325684,356600,0.0,0.0
2024-09-11 00:00:00-04:00,0.2680000066757202,0.2680000066757202,0.2529999911785126,0.2619999945163727,1587900,0.0,0.0
2024-09-12 00:00:00-04:00,0.2680000066757202,0.29899999499320984,0.2680000066757202,0.2879999876022339,1092400,0.0,0.0
2024-09-13 00:00:00-04:00,0.2879999876022339,0.2939999997615814,0.27000001072883606,0.28700000047683716,675200,0.0,0.0
2024-09-16 00:00:00-04:00,0.2800000011920929,0.28999999165534973,0.2619999945163727,0.2800000011920929,229700,0.0,0.0
2024-09-17 00:00:00-04:00,0.2750000059604645,0.2809999883174896,0.27000001072883606,0.2759999930858612,309700,0.0,0.0
2024-09-18 00:00:00-04:00,0.2669999897480011,0.27799999713897705,0.2590000033378601,0.27000001072883606,467800,0.0,0.0
2024-09-19 00:00:00-04:00,0.26499998569488525,0.2750000059604645,0.2619999945163727,0.2680000066757202,459900,0.0,0.0
2024-09-20 00:00:00-04:00,0.27410000562667847,0.27410000562667847,0.2506999969482422,0.2506999969482422,442938,0.0,0.0
