Date,Open,High,Low,Close,Volume,Dividends,Stock Splits
2019-07-25 00:00:00-04:00,24.028968524146592,24.26556727465644,23.962721162820667,23.991113662719727,47500,0.0,0.0
2019-07-26 00:00:00-04:00,24.123609555716524,24.341279983520508,24.038433856992306,24.341279983520508,65200,0.0,0.0
2019-07-29 00:00:00-04:00,24.237177888219367,24.388600952311283,24.237177888219367,24.287336349487305,18200,0.0,0.0
2019-07-30 00:00:00-04:00,24.29395866394043,24.350741856037452,24.28449449774007,24.29395866394043,15700,0.0,0.0
2019-07-31 00:00:00-04:00,24.256104466424514,24.307210608083846,24.14253807067871,24.14253807067871,24000,0.0,0.0
2019-08-01 00:00:00-04:00,24.142536547836407,24.26556710298483,24.142536547836407,24.189855575561523,5700,0.0,0.0
2019-08-02 00:00:00-04:00,24.189854446096028,24.2750301361084,24.103732881002774,24.2750301361084,6100,0.0,0.0
2019-08-05 00:00:00-04:00,24.133071513205675,24.14253567943131,24.02991517002495,24.085752487182617,8700,0.0,0.0
2019-08-06 00:00:00-04:00,24.114145472512508,24.15200214101288,24.095217138262324,24.133073806762695,1700,0.0,0.0
2019-08-07 00:00:00-04:00,24.038433119181818,24.464311599731445,24.000578257080317,24.464311599731445,10800,0.0,0.0
2019-08-08 00:00:00-04:00,24.29017576120252,24.55895233154297,24.22771370218567,24.55895233154297,1700,0.0,0.0
2019-08-09 00:00:00-04:00,24.418883835516148,24.464311113218745,24.303423891000083,24.416990280151367,900,0.0,0.0
2019-08-12 00:00:00-04:00,24.3696698582088,24.49175453186035,24.3696698582088,24.49175453186035,1100,0.0,0.0
2019-08-13 00:00:00-04:00,24.322352224227036,24.45484694660527,24.322352224227036,24.416990280151367,2300,0.0,0.0
2019-08-14 00:00:00-04:00,24.322352590841536,24.322352590841536,24.14253703268554,24.2371768951416,4100,0.0,0.0
2019-08-15 00:00:00-04:00,24.2371768951416,24.2371768951416,24.2371768951416,24.2371768951416,0,0.0,0.0
2019-08-16 00:00:00-04:00,24.227712533989763,24.227712533989763,24.1803917005888,24.21824836730957,1700,0.0,0.0
2019-08-19 00:00:00-04:00,24.18985615829329,24.263675937244816,24.142537129428263,24.246641159057617,5800,0.0,0.0
2019-08-20 00:00:00-04:00,24.2750301361084,24.2750301361084,24.2750301361084,24.2750301361084,200,0.0,0.0
2019-08-21 00:00:00-04:00,24.275030331539714,24.369670188438167,24.218247139442692,24.29395866394043,5900,0.0,0.0
2019-08-22 00:00:00-04:00,24.264620094903353,24.2750301361084,24.18039027997186,24.2750301361084,1300,0.0,0.0
2019-08-23 00:00:00-04:00,24.227712917326517,24.265567779541016,24.21824875049658,24.265567779541016,1600,0.0,0.0
2019-08-26 00:00:00-04:00,24.265567779541016,24.265567779541016,24.265567779541016,24.265567779541016,0,0.0,0.0
2019-08-27 00:00:00-04:00,24.189855608074435,24.189855608074435,24.126447677612305,24.126447677612305,1100,0.0,0.0
2019-08-28 00:00:00-04:00,24.142536450638858,24.180391311645508,24.14064289529119,24.180391311645508,14500,0.0,0.0
2019-08-29 00:00:00-04:00,24.20878533865813,24.20878533865813,24.133073806762695,24.133073806762695,2400,0.0,0.0
2019-08-30 00:00:00-04:00,24.180392161761723,24.180392161761723,24.047897435922508,24.057361602783203,5700,0.0,0.0
2019-09-03 00:00:00-04:00,24.047895564443778,24.2750301361084,24.047895564443778,24.2750301361084,18300,0.0,0.0
2019-09-04 00:00:00-04:00,24.24663944284102,24.317617981114584,24.18039027997186,24.2750301361084,7300,0.0,0.0
2019-09-05 00:00:00-04:00,24.227712631225586,24.27503165971124,24.215409033981434,24.227712631225586,3400,0.0,0.0
2019-09-06 00:00:00-04:00,24.227712631225586,24.227712631225586,24.227712631225586,24.227712631225586,0,0.0,0.0
2019-09-09 00:00:00-04:00,24.22771111059269,24.2750301361084,24.199318612220193,24.2750301361084,3900,0.0,0.0
2019-09-10 00:00:00-04:00,24.2750301361084,24.322350966729225,24.2750301361084,24.2750301361084,3400,0.0,0.0
2019-09-11 00:00:00-04:00,24.2750301361084,24.412257837251122,24.2750301361084,24.2750301361084,400,0.0,0.0
2019-09-12 00:00:00-04:00,24.2750295522155,24.2750295522155,24.204996890707328,24.208782196044922,3000,0.0,0.0
2019-09-13 00:00:00-04:00,24.189854446096028,24.2750301361084,24.170927918952813,24.2750301361084,5200,0.0,0.0
2019-09-16 00:00:00-04:00,24.256102936418767,24.256102936418767,24.189855575561523,24.189855575561523,1400,0.0,0.0
2019-09-17 00:00:00-04:00,24.284494595379623,24.303422927856445,24.284494595379623,24.303422927856445,4600,0.0,0.0
2019-09-18 00:00:00-04:00,24.416991629600336,24.55895233154297,24.416991629600336,24.55895233154297,2400,0.0,0.0
2019-09-19 00:00:00-04:00,24.322351292575604,24.549485867283142,24.322351292575604,24.521093368530273,3000,0.0,0.0
2019-09-20 00:00:00-04:00,24.464312465282983,24.55895233154297,24.369672599022998,24.55895233154297,5100,0.0,0.0
2019-09-23 00:00:00-04:00,24.54948816440644,24.55895233154297,24.54002399726991,24.55895233154297,1100,0.0,0.0
2019-09-24 00:00:00-04:00,24.558952460395403,26.215143810766047,24.54948829320922,25.22142791748047,4600,0.0,0.0
2019-09-25 00:00:00-04:00,25.088932037353516,25.088932037353516,25.088932037353516,25.088932037353516,1100,0.0,0.0
2019-09-26 00:00:00-04:00,24.615734810946506,25.126787185668945,24.615734810946506,25.126787185668945,500,0.0,0.0
2019-09-27 00:00:00-04:00,25.11732422198901,25.126786583517347,24.587341721141378,24.84286880493164,2700,0.0,0.0
2019-09-30 00:00:00-04:00,25.155179977416992,25.155179977416992,25.070004279793146,25.155179977416992,1200,0.0,0.0
2019-10-01 00:00:00-04:00,25.155179977416992,25.155179977416992,25.155179977416992,25.155179977416992,100,0.0,0.0
2019-10-02 00:00:00-04:00,24.59680610156249,25.0794677734375,24.58734193484668,25.0794677734375,2600,0.0,0.0
2019-10-03 00:00:00-04:00,25.07946748150639,25.07946748150639,24.97536345394949,25.051074981689453,600,0.0,0.0
2019-10-04 00:00:00-04:00,25.06053924560547,25.06053924560547,25.06053924560547,25.06053924560547,700,0.0,0.0
2019-10-07 00:00:00-04:00,25.06053924560547,25.06053924560547,25.06053924560547,25.06053924560547,100,0.0,0.0
2019-10-08 00:00:00-04:00,25.054861870312156,25.0889314257063,25.054861870312156,25.086091995239258,8800,0.0,0.0
2019-10-09 00:00:00-04:00,25.032148558981913,25.032148558981913,24.939400447898144,24.979148864746094,1800,0.0,0.0
2019-10-10 00:00:00-04:00,25.126787185668945,25.126787185668945,25.126787185668945,25.126787185668945,800,0.0,0.0
2019-10-11 00:00:00-04:00,25.37682403156065,25.37682403156065,24.859439849853516,24.859439849853516,4500,0.422,0.0
2019-10-14 00:00:00-04:00,24.859439849853516,24.859439849853516,24.859439849853516,24.859439849853516,100,0.0,0.0
2019-10-15 00:00:00-04:00,24.859439849853516,24.859439849853516,24.859439849853516,24.859439849853516,100,0.0,0.0
2019-10-16 00:00:00-04:00,25.34028191870565,25.34028191870565,24.77289026852676,24.975805282592773,1300,0.0,0.0
2019-10-17 00:00:00-04:00,24.859440451787144,24.937335968017578,24.859440451787144,24.937335968017578,2600,0.0,0.0
2019-10-18 00:00:00-04:00,24.97484072156133,25.1479434967041,24.97484072156133,25.1479434967041,2400,0.0,0.0
2019-10-21 00:00:00-04:00,24.93637455885145,24.93637455885145,24.840206146240234,24.840206146240234,1100,0.0,0.0
2019-10-22 00:00:00-04:00,24.71518707007968,25.00369045703384,24.71518707007968,24.90656089782715,2600,0.0,0.0
2019-10-23 00:00:00-04:00,24.782505315541073,24.994074351465574,24.763271266567973,24.869056701660156,4300,0.0,0.0
2019-10-24 00:00:00-04:00,24.812318067615855,24.94599159257329,24.782505841352982,24.8719425201416,3500,0.0,0.0
2019-10-25 00:00:00-04:00,24.79212362137871,24.801740646362305,24.79212362137871,24.801740646362305,200,0.0,0.0
2019-10-28 00:00:00-04:00,24.811355590820312,24.811355590820312,24.811355590820312,24.811355590820312,400,0.0,0.0
2019-10-29 00:00:00-04:00,24.74403953552246,24.74403953552246,24.74403953552246,24.74403953552246,900,0.0,0.0
2019-10-30 00:00:00-04:00,24.888289645547424,24.888289645547424,24.628637313842773,24.628637313842773,500,0.0,0.0
2019-10-31 00:00:00-04:00,24.75365424208142,24.869056701660156,24.75365424208142,24.869056701660156,700,0.0,0.0
2019-11-01 00:00:00-04:00,24.715189383914915,24.715189383914915,24.157414771794173,24.632484436035156,19100,0.0,0.0
2019-11-04 00:00:00-05:00,24.540160927878812,24.609402403231947,24.540160927878812,24.602670669555664,8400,0.0,0.0
2019-11-05 00:00:00-05:00,24.67672184612223,24.772890264388355,24.667104820869618,24.763273239135742,9000,0.0,0.0
2019-11-06 00:00:00-05:00,24.763273239135742,24.763273239135742,24.763273239135742,24.763273239135742,0,0.0,0.0
2019-11-07 00:00:00-05:00,24.76327202550729,24.979650497436523,24.71518873586076,24.979650497436523,10300,0.0,0.0
2019-11-08 00:00:00-05:00,24.715187072753906,24.715187072753906,24.715187072753906,24.715187072753906,200,0.0,0.0
2019-11-11 00:00:00-05:00,24.715187072753906,24.715187072753906,24.715187072753906,24.715187072753906,0,0.0,0.0
2019-11-12 00:00:00-05:00,24.917140787705502,24.9267578125,24.917140787705502,24.9267578125,300,0.0,0.0
2019-11-13 00:00:00-05:00,24.715187072753906,24.715187072753906,24.522850258590452,24.715187072753906,1300,0.0,0.0
2019-11-14 00:00:00-05:00,24.74307632446289,24.74307632446289,24.74307632446289,24.74307632446289,300,0.0,0.0
2019-11-15 00:00:00-05:00,24.54208599355993,24.54208599355993,24.522851943969727,24.522851943969727,3000,0.0,0.0
2019-11-18 00:00:00-05:00,24.628637486872005,24.628637486872005,24.619020462036133,24.619020462036133,500,0.0,0.0
2019-11-19 00:00:00-05:00,24.619020462036133,24.619020462036133,24.619020462036133,24.619020462036133,100,0.0,0.0
2019-11-20 00:00:00-05:00,24.54208467032708,24.611324310302734,24.54208467032708,24.611324310302734,1000,0.0,0.0
2019-11-21 00:00:00-05:00,24.436300171826378,24.65748623586494,24.340131759643555,24.340131759643555,10000,0.0,0.0
2019-11-22 00:00:00-05:00,24.33051477359322,24.56131969690206,24.32763131702927,24.542085647583008,8700,0.0,0.0
2019-11-25 00:00:00-05:00,24.4266821717339,24.522850580076362,24.28243047635012,24.29204750061035,14600,0.0,0.0
2019-11-26 00:00:00-05:00,24.282430304033028,24.474767119353054,24.155488519514556,24.301664352416992,202000,0.0,0.0
2019-11-27 00:00:00-05:00,24.234347361420905,24.330513936186517,24.234347361420905,24.28243064880371,68900,0.0,0.0
2019-11-29 00:00:00-05:00,24.378601661151738,24.378601661151738,24.28435738063185,24.318016052246094,2800,0.0,0.0
2019-12-02 00:00:00-05:00,24.37860003139986,24.763271848603857,24.313204997058218,24.330514907836914,38900,0.0,0.0
2019-12-03 00:00:00-05:00,24.176646374181207,24.376676087577955,24.13818010928333,24.310319900512695,47500,0.0,0.0
2019-12-04 00:00:00-05:00,24.330515012623167,24.42668342590332,24.292048747867053,24.42668342590332,44800,0.0,0.0
2019-12-05 00:00:00-05:00,24.369944639049148,24.474768926499817,24.340132412130696,24.428607940673828,17300,0.0,0.0
2019-12-06 00:00:00-05:00,24.426682875795507,24.873864428356416,24.388216611905687,24.657485961914062,19000,0.0,0.0
2019-12-09 00:00:00-05:00,24.7632734126491,24.89694694635504,24.7440393620091,24.7536563873291,7000,0.0,0.0
2019-12-10 00:00:00-05:00,24.804622660022247,24.93637387694695,24.804622660022247,24.83635902404785,2700,0.0,0.0
2019-12-11 00:00:00-05:00,24.80847053004598,24.97483973049937,24.710377983085678,24.887327194213867,11000,0.0,0.0
2019-12-12 00:00:00-05:00,24.772889917631023,24.859441309433034,24.638255234499002,24.782506942749023,10000,0.0,0.0
2019-12-13 00:00:00-05:00,24.715189010458793,24.95560912988248,24.715189010458793,24.811355590820312,3700,0.0,0.0
2019-12-16 00:00:00-05:00,24.843091678527777,24.843091678527777,24.724803924560547,24.724803924560547,600,0.0,0.0
2019-12-17 00:00:00-05:00,24.840205789802802,25.138326213785867,24.840205789802802,25.050813674926758,38400,0.0,0.0
2019-12-18 00:00:00-05:00,25.13832666629636,25.23449507925875,25.078702213574484,25.127748489379883,18800,0.0,0.0
2019-12-19 00:00:00-05:00,25.24411295405634,25.47491605238223,25.182566194873427,25.196029663085938,14400,0.0,0.0
2019-12-20 00:00:00-05:00,25.244112637199386,25.388364342559964,25.244112637199386,25.311429977416992,12900,0.0,0.0
2019-12-23 00:00:00-05:00,25.26334685990565,25.388364516270887,25.251805696212266,25.30181312561035,11000,0.0,0.0
2019-12-24 00:00:00-05:00,25.21526141149677,25.34028090051826,25.205644386628965,25.310468673706055,5200,0.0,0.0
2019-12-26 00:00:00-05:00,25.257575300339692,25.257575300339692,25.22199249267578,25.22199249267578,800,0.0,0.0
2019-12-27 00:00:00-05:00,25.253729191522414,25.82112081172599,25.24411216677626,25.64897918701172,53300,0.0,0.0
2019-12-30 00:00:00-05:00,25.628784352764892,25.715335742461242,25.50280371132199,25.61916732788086,10500,0.0,0.0
2019-12-31 00:00:00-05:00,25.68552273011418,26.369277954101562,25.301812069997204,26.369277954101562,455700,0.0,0.0
2020-01-02 00:00:00-05:00,26.0807748954783,26.725100877374903,26.061540846046185,26.35004425048828,25500,0.0,0.0
2020-01-03 00:00:00-05:00,26.484681500005017,26.484681500005017,26.042307522043224,26.1096248626709,80000,0.0,0.0
2020-01-06 00:00:00-05:00,26.452943845536947,26.818381605825685,26.436595087286623,26.580846786499023,28000,0.0,0.0
2020-01-07 00:00:00-05:00,26.475064257831193,27.35019334733169,26.30196147806011,26.576040267944336,12900,0.0,0.0
2020-01-08 00:00:00-05:00,26.30196034799706,26.898201192413357,26.30196034799706,26.68663215637207,31300,0.0,0.0
2020-01-09 00:00:00-05:00,26.975135728703368,26.975135728703368,26.514490707842743,26.67701530456543,5200,0.0,0.0
2020-01-10 00:00:00-05:00,26.802033938699918,26.802033938699918,26.417360305786133,26.417360305786133,4300,0.0,0.0
2020-01-13 00:00:00-05:00,26.446212768554688,26.580847446595065,26.436595743800385,26.446212768554688,3900,0.0,0.0
2020-01-14 00:00:00-05:00,26.756403474506456,26.756403474506456,26.37598127588636,26.47352409362793,5300,0.388,0.0
2020-01-15 00:00:00-05:00,26.483278274536133,26.483278274536133,26.46376896713224,26.483278274536133,900,0.0,0.0
2020-01-16 00:00:00-05:00,26.473524222774124,26.473524222774124,25.96629524230957,25.96629524230957,5800,0.0,0.0
2020-01-17 00:00:00-05:00,26.046279701089997,26.046279701089997,26.00043487548828,26.00043487548828,1800,0.0,0.0
2020-01-21 00:00:00-05:00,26.075544357299805,26.075544357299805,26.075544357299805,26.075544357299805,800,0.0,0.0
2020-01-22 00:00:00-05:00,26.46377007247645,26.46377007247645,25.761451721191406,25.761451721191406,4500,0.0,0.0
2020-01-23 00:00:00-05:00,25.839486159970814,25.849240813727757,25.31567260233381,25.702924728393555,5300,0.0,0.0
2020-01-24 00:00:00-05:00,25.702924728393555,25.702924728393555,25.702924728393555,25.702924728393555,0,0.0,0.0
2020-01-27 00:00:00-05:00,25.702924728393555,25.702924728393555,25.702924728393555,25.702924728393555,200,0.0,0.0
2020-01-28 00:00:00-05:00,26.210155487060547,26.210155487060547,26.210155487060547,26.210155487060547,200,0.0,0.0
2020-01-29 00:00:00-05:00,25.88435604895286,26.28038606057953,25.64439863674706,25.85899543762207,4300,0.0,0.0
2020-01-30 00:00:00-05:00,26.210155456330916,26.24917221069336,26.141872880304206,26.24917221069336,3100,0.0,0.0
2020-01-31 00:00:00-05:00,26.099930014071788,26.239418029785156,26.099930014071788,26.239418029785156,900,0.0,0.0
2020-02-03 00:00:00-05:00,26.0657901763916,26.0657901763916,26.0657901763916,26.0657901763916,1300,0.0,0.0
2020-02-04 00:00:00-05:00,26.06383799709747,26.091150283813477,26.024821242007455,26.091150283813477,1700,0.0,0.0
2020-02-05 00:00:00-05:00,25.849241255734675,26.141873431406918,25.68341586005107,25.96629524230957,8600,0.0,0.0
2020-02-06 00:00:00-05:00,25.77120494006683,25.80046890076522,25.693169572047722,25.75169563293457,4700,0.0,0.0
2020-02-07 00:00:00-05:00,25.70292518509773,25.95654060575471,25.70292518509773,25.77120590209961,3300,0.0,0.0
2020-02-10 00:00:00-05:00,25.761451735713337,25.97604854471056,25.7321877733687,25.80047035217285,3600,0.0,0.0
2020-02-11 00:00:00-05:00,26.093101501464844,26.093101501464844,26.093101501464844,26.093101501464844,800,0.0,0.0
2020-02-12 00:00:00-05:00,26.229663848876953,26.229663848876953,26.229663848876953,26.229663848876953,100,0.0,0.0
2020-02-13 00:00:00-05:00,26.021895179641284,26.052134049182392,25.946786389671768,26.034576416015625,1500,0.0,0.0
2020-02-14 00:00:00-05:00,26.161382706674463,26.161382706674463,26.122365951538086,26.122365951538086,500,0.0,0.0
2020-02-18 00:00:00-05:00,26.192596435546875,26.192596435546875,26.192596435546875,26.192596435546875,400,0.0,0.0
2020-02-19 00:00:00-05:00,26.192596435546875,26.192596435546875,26.192596435546875,26.192596435546875,0,0.0,0.0
2020-02-20 00:00:00-05:00,26.21990826475616,26.21990826475616,26.180891510371072,26.217958450317383,1400,0.0,0.0
2020-02-21 00:00:00-05:00,26.217958450317383,26.217958450317383,26.217958450317383,26.217958450317383,0,0.0,0.0
2020-02-24 00:00:00-05:00,25.800470264524662,26.19064712524414,25.800470264524662,26.19064712524414,1400,0.0,0.0
2020-02-25 00:00:00-05:00,25.780961104934438,25.780961104934438,24.981098070722464,25.332256317138672,11200,0.0,0.0
2020-02-26 00:00:00-05:00,25.268853873996786,25.312748887393816,25.233736746973136,25.254220962524414,3000,0.0,0.0
2020-02-27 00:00:00-05:00,25.3517652530404,25.402488337506714,24.873798370361328,24.873798370361328,2200,0.0,0.0
2020-02-28 00:00:00-05:00,24.532392501831055,24.629937179594812,23.800810209367842,24.532392501831055,5300,0.0,0.0
2020-03-02 00:00:00-05:00,24.48362052583637,25.088394165039062,24.48362052583637,25.088394165039062,4000,0.0,0.0
2020-03-03 00:00:00-05:00,25.205448751270875,25.91264533996582,25.035721867665686,25.91264533996582,9000,0.0,0.0
2020-03-04 00:00:00-05:00,25.263974147283797,25.712678909301758,25.218129322030205,25.712678909301758,5900,0.0,0.0
2020-03-05 00:00:00-05:00,25.181062559120335,25.263974324345757,24.581165313720703,24.581165313720703,1600,0.0,0.0
2020-03-06 00:00:00-05:00,24.97134303471284,24.97134303471284,24.647495220121264,24.834779739379883,2800,0.0,0.0
2020-03-09 00:00:00-04:00,24.415339934462537,24.415339934462537,23.269193247401564,24.386075973510742,6900,0.0,0.0
2020-03-10 00:00:00-04:00,24.386075972589584,24.48362064858193,23.89835445313779,24.33925437927246,3700,0.0,0.0
2020-03-11 00:00:00-04:00,23.663273594978513,24.366566825028105,22.874140156448142,23.410633087158203,1800,0.0,0.0
2020-03-12 00:00:00-04:00,22.952175189286795,22.952175189286795,18.79971423607471,19.255245208740234,14400,0.0,0.0
2020-03-13 00:00:00-04:00,20.071692101326054,23.215544758292197,18.952859504131247,23.11800193786621,49200,0.0,0.0
2020-03-16 00:00:00-04:00,21.886991971296894,22.776596716943864,21.619720398643242,21.94746971130371,7500,0.0,0.0
2020-03-17 00:00:00-04:00,21.15736035012214,21.15736035012214,19.51861572265625,19.51861572265625,1800,0.0,0.0
2020-03-18 00:00:00-04:00,19.903915924704968,19.903915924704968,16.548391342163086,16.548391342163086,22900,0.0,0.0
2020-03-19 00:00:00-04:00,15.577825827482645,15.782668905962247,13.900063514709473,13.900063514709473,9700,0.0,0.0
2020-03-20 00:00:00-04:00,14.621891259810312,14.63164591368063,13.275779724121094,13.275779724121094,3400,0.0,0.0
2020-03-23 00:00:00-04:00,12.875848539300547,12.875848539300547,9.344744682312012,9.344744682312012,11700,0.0,0.0
2020-03-24 00:00:00-04:00,10.26166195558554,10.486013424185224,8.35954714838977,8.388811111450195,28900,0.0,0.0
2020-03-25 00:00:00-04:00,8.91359814284432,11.373665821698713,7.91084280585224,8.437582015991211,208400,0.0,0.0
2020-03-26 00:00:00-04:00,9.286218375322113,14.143924366344104,9.286218375322113,13.412342071533203,31400,0.0,0.0
2020-03-27 00:00:00-04:00,12.875848518319957,14.143924713134766,12.29448471581142,14.143924713134766,10600,0.0,0.0
2020-03-30 00:00:00-04:00,13.753748030039581,13.763501754008836,12.96851603983033,13.250418663024902,4800,0.0,0.0
2020-03-31 00:00:00-04:00,13.451359995825078,15.060840700917288,13.402587655919705,14.631646156311035,8900,0.0,0.0
2020-04-01 00:00:00-04:00,13.900064035344071,13.900064035344071,11.363911628723145,11.363911628723145,9800,0.0,0.0
2020-04-02 00:00:00-04:00,11.422438178432781,12.02916350386973,10.437240472452984,11.194184303283691,6800,0.0,0.0
2020-04-03 00:00:00-04:00,10.831320193273518,10.905454076713832,9.03260326385498,9.03260326385498,6300,0.0,0.0
2020-04-06 00:00:00-04:00,10.183625361108223,10.486013125672377,9.461797704090584,9.559342384338379,47300,0.0,0.0
2020-04-07 00:00:00-04:00,10.827418481162143,10.827418481162143,9.764185382873093,9.949519157409668,150200,0.0,0.0
2020-04-08 00:00:00-04:00,10.486012657611841,12.407635702780473,10.41285461581903,12.32960033416748,15200,0.0,0.0
2020-04-09 00:00:00-04:00,13.061182639252182,15.509543962426033,13.061182639252182,15.109612464904785,37300,0.0,0.0
2020-04-13 00:00:00-04:00,14.631646015895818,15.997265938610761,14.456065966023468,15.41200065612793,11600,0.0,0.0
2020-04-14 00:00:00-04:00,15.859999656677246,15.979999542236328,15.550000190734863,15.864999771118164,11700,0.388,0.0
2020-04-15 00:00:00-04:00,16.0,16.25,15.020000457763672,15.100000381469727,4000,0.0,0.0
2020-04-16 00:00:00-04:00,15.100000381469727,15.109999656677246,15.0,15.109999656677246,6800,0.0,0.0
2020-04-17 00:00:00-04:00,16.020000457763672,16.639999389648438,15.3100004196167,16.0,13400,0.0,0.0
2020-04-20 00:00:00-04:00,16.0,16.5,15.399999618530273,15.399999618530273,9600,0.0,0.0
2020-04-21 00:00:00-04:00,15.260000228881836,15.260000228881836,15.260000228881836,15.260000228881836,100,0.0,0.0
2020-04-22 00:00:00-04:00,15.020000457763672,15.050000190734863,14.6899995803833,14.760000228881836,11500,0.0,0.0
2020-04-23 00:00:00-04:00,14.571000099182129,15.0,14.034000396728516,14.717000007629395,3200,0.0,0.0
2020-04-24 00:00:00-04:00,14.789999961853027,14.789999961853027,14.154999732971191,14.401000022888184,2700,0.0,0.0
2020-04-27 00:00:00-04:00,14.5,15.100000381469727,14.199999809265137,15.0,11900,0.0,0.0
2020-04-28 00:00:00-04:00,15.5,16.229999542236328,15.5,16.229999542236328,1400,0.0,0.0
2020-04-29 00:00:00-04:00,16.299999237060547,17.149999618530273,16.200000762939453,16.84000015258789,14400,0.0,0.0
2020-04-30 00:00:00-04:00,17.040000915527344,17.040000915527344,16.45400047302246,16.549999237060547,20200,0.0,0.0
2020-05-01 00:00:00-04:00,16.992000579833984,16.992000579833984,15.045999526977539,15.5,9700,0.0,0.0
2020-05-04 00:00:00-04:00,15.5,15.680000305175781,15.210000038146973,15.213000297546387,4000,0.0,0.0
2020-05-05 00:00:00-04:00,15.404999732971191,16.559999465942383,15.0,15.0,9200,0.0,0.0
2020-05-06 00:00:00-04:00,14.817000389099121,14.817000389099121,14.25,14.25,13100,0.0,0.0
2020-05-07 00:00:00-04:00,14.989999771118164,15.399999618530273,14.380000114440918,14.399999618530273,12800,0.0,0.0
2020-05-08 00:00:00-04:00,15.0,15.154000282287598,14.031999588012695,14.411999702453613,5000,0.0,0.0
2020-05-11 00:00:00-04:00,15.850000381469727,16.309999465942383,15.5,15.619999885559082,38900,0.0,0.0
2020-05-12 00:00:00-04:00,15.119999885559082,15.300000190734863,14.800000190734863,14.800000190734863,11800,0.0,0.0
2020-05-13 00:00:00-04:00,14.600000381469727,15.100000381469727,14.279999732971191,14.279999732971191,7500,0.0,0.0
2020-05-14 00:00:00-04:00,14.529999732971191,14.892999649047852,14.529999732971191,14.892999649047852,1200,0.0,0.0
2020-05-15 00:00:00-04:00,14.121000289916992,14.5,13.899999618530273,14.5,14200,0.0,0.0
2020-05-18 00:00:00-04:00,14.649999618530273,15.392000198364258,14.649999618530273,15.07800006866455,3700,0.0,0.0
2020-05-19 00:00:00-04:00,14.520000457763672,14.770000457763672,14.520000457763672,14.760000228881836,4400,0.0,0.0
2020-05-20 00:00:00-04:00,14.890999794006348,15.293000221252441,14.890999794006348,15.017000198364258,2600,0.0,0.0
2020-05-21 00:00:00-04:00,15.279999732971191,15.390999794006348,15.100000381469727,15.12399959564209,2500,0.0,0.0
2020-05-22 00:00:00-04:00,15.5,15.5,15.5,15.5,700,0.0,0.0
2020-05-26 00:00:00-04:00,16.0,16.469999313354492,15.51099967956543,15.51099967956543,9400,0.0,0.0
2020-05-27 00:00:00-04:00,15.979999542236328,16.3799991607666,15.319999694824219,16.18000030517578,6200,0.0,0.0
2020-05-28 00:00:00-04:00,16.209999084472656,16.209999084472656,15.887999534606934,15.961999893188477,8400,0.0,0.0
2020-05-29 00:00:00-04:00,16.18000030517578,16.18000030517578,15.937999725341797,16.0,2200,0.0,0.0
2020-06-01 00:00:00-04:00,15.989999771118164,16.885000228881836,15.869999885559082,16.600000381469727,27700,0.0,0.0
2020-06-02 00:00:00-04:00,16.799999237060547,18.75,16.625,18.299999237060547,27600,0.0,0.0
2020-06-03 00:00:00-04:00,18.6299991607666,20.763999938964844,18.6299991607666,19.850000381469727,17900,0.0,0.0
2020-06-04 00:00:00-04:00,19.100000381469727,20.347999572753906,19.100000381469727,19.25,16900,0.0,0.0
2020-06-05 00:00:00-04:00,20.0,20.510000228881836,19.6200008392334,20.25,10600,0.0,0.0
2020-06-08 00:00:00-04:00,20.479999542236328,20.979999542236328,20.040000915527344,20.459999084472656,19200,0.0,0.0
2020-06-09 00:00:00-04:00,19.73699951171875,20.5,19.280000686645508,19.540000915527344,12300,0.0,0.0
2020-06-10 00:00:00-04:00,19.174999237060547,20.0,19.010000228881836,19.66900062561035,2600,0.0,0.0
2020-06-11 00:00:00-04:00,19.305999755859375,19.305999755859375,18.459999084472656,18.540000915527344,9800,0.0,0.0
2020-06-12 00:00:00-04:00,18.780000686645508,19.030000686645508,18.6200008392334,18.649999618530273,3000,0.0,0.0
2020-06-15 00:00:00-04:00,17.649999618530273,18.139999389648438,17.309999465942383,17.700000762939453,15300,0.0,0.0
2020-06-16 00:00:00-04:00,18.649999618530273,18.700000762939453,18.1299991607666,18.549999237060547,11100,0.0,0.0
2020-06-17 00:00:00-04:00,19.035999298095703,19.035999298095703,18.649999618530273,18.649999618530273,1500,0.0,0.0
2020-06-18 00:00:00-04:00,18.350000381469727,18.850000381469727,18.190000534057617,18.850000381469727,10200,0.0,0.0
2020-06-19 00:00:00-04:00,18.780000686645508,18.989999771118164,18.780000686645508,18.989999771118164,1500,0.0,0.0
2020-06-22 00:00:00-04:00,18.941999435424805,19.5,18.941999435424805,19.450000762939453,7800,0.0,0.0
2020-06-23 00:00:00-04:00,19.75,19.75,19.5,19.600000381469727,2900,0.0,0.0
2020-06-24 00:00:00-04:00,19.5,19.700000762939453,18.975000381469727,19.104999542236328,2400,0.0,0.0
2020-06-25 00:00:00-04:00,19.43899917602539,19.520000457763672,19.424999237060547,19.520000457763672,1500,0.0,0.0
2020-06-26 00:00:00-04:00,19.635000228881836,19.68000030517578,19.100000381469727,19.100000381469727,4500,0.0,0.0
2020-06-29 00:00:00-04:00,18.600000381469727,19.125,18.600000381469727,18.799999237060547,1400,0.0,0.0
2020-06-30 00:00:00-04:00,18.583999633789062,19.239999771118164,18.583999633789062,19.239999771118164,4400,0.0,0.0
2020-07-01 00:00:00-04:00,19.239999771118164,19.239999771118164,18.950000762939453,19.0,4900,0.0,0.0
2020-07-02 00:00:00-04:00,19.25,19.25,18.979999542236328,19.079999923706055,3400,0.0,0.0
2020-07-06 00:00:00-04:00,19.25,19.329999923706055,19.1200008392334,19.25,4200,0.0,0.0
2020-07-07 00:00:00-04:00,18.639999389648438,18.639999389648438,18.639999389648438,18.639999389648438,500,0.0,0.0
2020-07-08 00:00:00-04:00,19.19700050354004,19.19700050354004,18.81999969482422,18.959999084472656,2800,0.0,0.0
2020-07-09 00:00:00-04:00,19.010000228881836,19.420000076293945,18.959999084472656,19.0049991607666,2800,0.0,0.0
2020-07-10 00:00:00-04:00,19.190000534057617,19.190000534057617,18.6299991607666,18.700000762939453,7700,0.0,0.0
2020-07-13 00:00:00-04:00,18.73200035095215,18.969999313354492,18.73200035095215,18.969999313354492,8900,0.0,0.0
2020-07-14 00:00:00-04:00,17.790000915527344,18.489999771118164,17.790000915527344,18.489999771118164,2000,0.0,0.0
2020-07-15 00:00:00-04:00,18.6200008392334,18.670000076293945,18.25,18.25,2300,0.0,0.0
2020-07-16 00:00:00-04:00,18.8700008392334,18.8700008392334,17.75,17.84000015258789,11400,0.0,0.0
2020-07-17 00:00:00-04:00,18.110000610351562,18.309999465942383,17.850000381469727,18.209999084472656,4000,0.0,0.0
2020-07-20 00:00:00-04:00,18.209999084472656,18.6200008392334,18.149999618530273,18.59000015258789,9800,0.0,0.0
2020-07-21 00:00:00-04:00,18.799999237060547,18.799999237060547,18.280000686645508,18.579999923706055,6800,0.0,0.0
2020-07-22 00:00:00-04:00,18.540000915527344,18.579999923706055,18.420000076293945,18.43000030517578,7700,0.0,0.0
2020-07-23 00:00:00-04:00,18.450000762939453,18.899999618530273,18.450000762939453,18.899999618530273,13300,0.0,0.0
2020-07-24 00:00:00-04:00,18.899999618530273,19.152999877929688,18.899999618530273,19.149999618530273,11400,0.0,0.0
2020-07-27 00:00:00-04:00,19.239999771118164,19.81999969482422,19.200000762939453,19.799999237060547,9700,0.0,0.0
2020-07-28 00:00:00-04:00,19.93000030517578,20.0,19.600000381469727,19.7450008392334,8900,0.0,0.0
2020-07-29 00:00:00-04:00,19.459999084472656,19.579999923706055,18.1299991607666,18.989999771118164,18500,0.0,0.0
2020-07-30 00:00:00-04:00,18.989999771118164,20.200000762939453,18.989999771118164,20.200000762939453,30300,0.0,0.0
2020-07-31 00:00:00-04:00,20.389999389648438,20.64900016784668,20.309999465942383,20.56999969482422,6200,0.0,0.0
2020-08-03 00:00:00-04:00,20.950000762939453,21.600000381469727,20.799999237060547,21.600000381469727,4100,0.0,0.0
2020-08-04 00:00:00-04:00,21.450000762939453,21.600000381469727,21.450000762939453,21.538999557495117,2800,0.0,0.0
2020-08-05 00:00:00-04:00,21.540000915527344,21.559999465942383,20.920000076293945,21.450000762939453,10400,0.0,0.0
2020-08-06 00:00:00-04:00,21.450000762939453,21.450000762939453,21.450000762939453,21.450000762939453,1400,0.0,0.0
2020-08-07 00:00:00-04:00,21.600000381469727,22.56999969482422,21.600000381469727,22.530000686645508,11700,0.0,0.0
2020-08-10 00:00:00-04:00,22.559999465942383,23.344999313354492,22.559999465942383,22.75,6600,0.0,0.0
2020-08-11 00:00:00-04:00,23.200000762939453,23.200000762939453,22.795000076293945,22.950000762939453,5200,0.0,0.0
2020-08-12 00:00:00-04:00,23.415000915527344,23.415000915527344,22.739999771118164,22.739999771118164,2900,0.0,0.0
2020-08-13 00:00:00-04:00,22.969999313354492,23.459999084472656,22.760000228881836,23.0,2200,0.0,0.0
2020-08-14 00:00:00-04:00,23.170000076293945,23.3700008392334,22.715999603271484,23.3700008392334,1200,0.0,0.0
2020-08-17 00:00:00-04:00,23.100000381469727,23.100000381469727,22.84000015258789,22.84000015258789,1800,0.0,0.0
2020-08-18 00:00:00-04:00,22.959999084472656,22.9950008392334,22.5,22.790000915527344,3700,0.0,0.0
2020-08-19 00:00:00-04:00,22.822999954223633,22.90999984741211,22.709999084472656,22.90999984741211,5500,0.0,0.0
2020-08-20 00:00:00-04:00,22.850000381469727,22.850000381469727,22.639999389648438,22.649999618530273,400,0.0,0.0
2020-08-21 00:00:00-04:00,22.924999237060547,22.924999237060547,22.0,22.451000213623047,11400,0.0,0.0
2020-08-24 00:00:00-04:00,22.5,22.5,22.003000259399414,22.360000610351562,7700,0.0,0.0
2020-08-25 00:00:00-04:00,22.350000381469727,22.5,22.350000381469727,22.5,3400,0.0,0.0
2020-08-26 00:00:00-04:00,22.351999282836914,22.479999542236328,22.299999237060547,22.347999572753906,7400,0.0,0.0
2020-08-27 00:00:00-04:00,22.309999465942383,22.489999771118164,22.0,22.3799991607666,4600,0.0,0.0
2020-08-28 00:00:00-04:00,22.010000228881836,22.450000762939453,22.010000228881836,22.260000228881836,1400,0.0,0.0
2020-08-31 00:00:00-04:00,22.489999771118164,22.489999771118164,22.139999389648438,22.479999542236328,3200,0.0,0.0
2020-09-01 00:00:00-04:00,22.489999771118164,22.989999771118164,22.344999313354492,22.809999465942383,12100,0.0,0.0
2020-09-02 00:00:00-04:00,23.0,23.0,22.010000228881836,22.440000534057617,2100,0.0,0.0
2020-09-03 00:00:00-04:00,22.5,22.5,22.3799991607666,22.3799991607666,800,0.0,0.0
2020-09-04 00:00:00-04:00,22.0,22.0,21.6299991607666,21.6299991607666,1900,0.0,0.0
2020-09-08 00:00:00-04:00,21.760000228881836,22.06999969482422,21.760000228881836,22.06999969482422,1100,0.0,0.0
2020-09-09 00:00:00-04:00,22.350000381469727,22.350000381469727,22.350000381469727,22.350000381469727,300,0.0,0.0
2020-09-10 00:00:00-04:00,22.399999618530273,22.40999984741211,22.360000610351562,22.40999984741211,1000,0.0,0.0
2020-09-11 00:00:00-04:00,22.31999969482422,22.31999969482422,21.90999984741211,21.999000549316406,3300,0.0,0.0
2020-09-14 00:00:00-04:00,22.420000076293945,22.489999771118164,22.299999237060547,22.440000534057617,5800,0.0,0.0
2020-09-15 00:00:00-04:00,22.5,22.90999984741211,22.25,22.90999984741211,11900,0.0,0.0
2020-09-16 00:00:00-04:00,22.940000534057617,23.450000762939453,22.90999984741211,23.200000762939453,14900,0.0,0.0
2020-09-17 00:00:00-04:00,23.18000030517578,23.18000030517578,22.579999923706055,22.69300079345703,1700,0.0,0.0
2020-09-18 00:00:00-04:00,22.851999282836914,22.961999893188477,22.851999282836914,22.8799991607666,700,0.0,0.0
2020-09-21 00:00:00-04:00,23.010000228881836,23.010000228881836,22.75,22.75,1800,0.0,0.0
2020-09-22 00:00:00-04:00,22.75,22.850000381469727,22.299999237060547,22.719999313354492,2000,0.0,0.0
2020-09-23 00:00:00-04:00,22.700000762939453,22.700000762939453,22.06999969482422,22.649999618530273,17300,0.0,0.0
2020-09-24 00:00:00-04:00,22.246000289916992,22.350000381469727,22.239999771118164,22.350000381469727,1000,0.0,0.0
2020-09-25 00:00:00-04:00,22.292999267578125,22.579999923706055,22.292999267578125,22.520000457763672,1500,0.0,0.0
2020-09-28 00:00:00-04:00,22.67300033569336,22.920000076293945,22.395000457763672,22.395000457763672,12200,0.0,0.0
2020-09-29 00:00:00-04:00,22.75,23.02400016784668,22.56999969482422,22.790000915527344,3900,0.0,0.0
2020-09-30 00:00:00-04:00,22.625,23.459999084472656,22.600000381469727,23.459999084472656,8600,0.0,0.0
2020-10-01 00:00:00-04:00,23.719999313354492,23.950000762939453,23.40999984741211,23.59000015258789,5400,0.0,0.0
2020-10-02 00:00:00-04:00,23.107999801635742,23.8799991607666,22.781999588012695,23.450000762939453,6600,0.0,0.0
2020-10-05 00:00:00-04:00,23.69499969482422,23.69499969482422,23.079999923706055,23.5,7100,0.0,0.0
2020-10-06 00:00:00-04:00,23.5,23.84000015258789,23.290000915527344,23.84000015258789,6900,0.0,0.0
2020-10-07 00:00:00-04:00,23.84000015258789,23.950000762939453,23.079999923706055,23.649999618530273,8300,0.0,0.0
2020-10-08 00:00:00-04:00,23.700000762939453,23.822999954223633,23.5,23.61400032043457,15200,0.0,0.0
2020-10-09 00:00:00-04:00,23.600000381469727,24.450000762939453,23.079999923706055,23.920000076293945,7500,0.0,0.0
2020-10-12 00:00:00-04:00,23.700000762939453,23.81999969482422,23.600000381469727,23.6299991607666,3900,0.0,0.0
2020-10-13 00:00:00-04:00,23.5,23.600000381469727,23.333999633789062,23.5,15700,0.0,0.0
2020-10-14 00:00:00-04:00,23.43000030517578,23.43000030517578,22.860000610351562,22.92799949645996,2800,0.0,0.0
2020-10-15 00:00:00-04:00,23.110000610351562,23.299999237060547,23.110000610351562,23.299999237060547,1400,0.0,0.0
2020-10-16 00:00:00-04:00,23.399999618530273,23.399999618530273,23.275999069213867,23.275999069213867,700,0.0,0.0
2020-10-19 00:00:00-04:00,23.170000076293945,23.170000076293945,23.0,23.0,2200,0.0,0.0
2020-10-20 00:00:00-04:00,23.075000762939453,23.100000381469727,22.860000610351562,23.100000381469727,5000,0.0,0.0
2020-10-21 00:00:00-04:00,23.09000015258789,23.510000228881836,23.040000915527344,23.100000381469727,22700,0.0,0.0
2020-10-22 00:00:00-04:00,23.100000381469727,23.514999389648438,23.100000381469727,23.350000381469727,10800,0.0,0.0
2020-10-23 00:00:00-04:00,23.350000381469727,23.68000030517578,23.010000228881836,23.68000030517578,8600,0.0,0.0
2020-10-26 00:00:00-04:00,23.5,23.59000015258789,23.5,23.5,3500,0.0,0.0
2020-10-27 00:00:00-04:00,23.40999984741211,23.40999984741211,23.40999984741211,23.40999984741211,600,0.0,0.0
2020-10-28 00:00:00-04:00,23.440000534057617,23.440000534057617,23.030000686645508,23.040000915527344,7400,0.0,0.0
2020-10-29 00:00:00-04:00,23.040000915527344,23.040000915527344,22.110000610351562,22.450000762939453,5400,0.0,0.0
2020-10-30 00:00:00-04:00,22.59000015258789,22.59000015258789,22.1200008392334,22.25,7600,0.0,0.0
2020-11-02 00:00:00-05:00,22.329999923706055,22.530000686645508,22.010000228881836,22.010000228881836,8400,0.0,0.0
2020-11-03 00:00:00-05:00,22.040000915527344,22.149999618530273,21.1299991607666,21.739999771118164,9400,0.0,0.0
2020-11-04 00:00:00-05:00,21.829999923706055,21.829999923706055,21.450000762939453,21.450000762939453,9300,0.0,0.0
2020-11-05 00:00:00-05:00,21.610000610351562,22.0,21.610000610351562,21.75,27300,0.0,0.0
2020-11-06 00:00:00-05:00,21.950000762939453,22.920000076293945,21.950000762939453,22.110000610351562,7200,0.0,0.0
2020-11-09 00:00:00-05:00,22.700000762939453,23.0,22.549999237060547,22.65999984741211,5900,0.0,0.0
2020-11-10 00:00:00-05:00,22.5,23.100000381469727,22.5,23.09000015258789,10000,0.0,0.0
2020-11-11 00:00:00-05:00,23.020000457763672,23.045000076293945,22.969999313354492,22.969999313354492,7000,0.0,0.0
2020-11-12 00:00:00-05:00,23.0,23.0,22.8799991607666,22.8799991607666,1500,0.0,0.0
2020-11-13 00:00:00-05:00,23.0,23.0,22.915000915527344,22.924999237060547,2700,0.0,0.0
2020-11-16 00:00:00-05:00,23.0,23.360000610351562,23.0,23.360000610351562,4100,0.0,0.0
2020-11-17 00:00:00-05:00,23.34000015258789,23.420000076293945,23.190000534057617,23.399999618530273,9600,0.0,0.0
2020-11-18 00:00:00-05:00,23.440000534057617,23.770000457763672,23.41200065612793,23.5,8200,0.0,0.0
2020-11-19 00:00:00-05:00,23.729999542236328,23.770000457763672,23.5,23.5,2200,0.0,0.0
2020-11-20 00:00:00-05:00,23.454999923706055,23.709999084472656,23.454999923706055,23.709999084472656,800,0.0,0.0
2020-11-23 00:00:00-05:00,23.700000762939453,24.049999237060547,23.700000762939453,24.049999237060547,9500,0.0,0.0
2020-11-24 00:00:00-05:00,24.06999969482422,24.40999984741211,23.915000915527344,24.23699951171875,2700,0.0,0.0
2020-11-25 00:00:00-05:00,23.799999237060547,23.95400047302246,23.399999618530273,23.90999984741211,5100,0.0,0.0
2020-11-27 00:00:00-05:00,23.829999923706055,23.858999252319336,23.799999237060547,23.858999252319336,1200,0.0,0.0
2020-11-30 00:00:00-05:00,24.190000534057617,24.670000076293945,23.860000610351562,24.670000076293945,9900,0.0,0.0
2020-12-01 00:00:00-05:00,24.40999984741211,24.899999618530273,23.979999542236328,24.899999618530273,2700,0.0,0.0
2020-12-02 00:00:00-05:00,24.700000762939453,24.700000762939453,24.100000381469727,24.200000762939453,4300,0.0,0.0
2020-12-03 00:00:00-05:00,24.280000686645508,24.530000686645508,24.200000762939453,24.200000762939453,5800,0.0,0.0
2020-12-04 00:00:00-05:00,24.5,24.5,24.170000076293945,24.170000076293945,6500,0.0,0.0
2020-12-07 00:00:00-05:00,24.219999313354492,24.454999923706055,23.899999618530273,23.969999313354492,14200,0.0,0.0
2020-12-08 00:00:00-05:00,24.200000762939453,24.309999465942383,23.924999237060547,23.924999237060547,11900,0.0,0.0
2020-12-09 00:00:00-05:00,24.010000228881836,24.06999969482422,24.010000228881836,24.06999969482422,600,0.0,0.0
2020-12-10 00:00:00-05:00,24.06999969482422,24.08099937438965,23.8700008392334,23.989999771118164,5800,0.0,0.0
2020-12-11 00:00:00-05:00,24.059999465942383,24.15999984741211,23.90999984741211,24.0,1600,0.0,0.0
2020-12-14 00:00:00-05:00,23.90999984741211,23.9689998626709,23.8700008392334,23.899999618530273,7200,0.0,0.0
2020-12-15 00:00:00-05:00,24.600000381469727,24.600000381469727,24.048999786376953,24.40999984741211,5500,0.0,0.0
2020-12-16 00:00:00-05:00,24.139999389648438,24.649999618530273,23.920000076293945,24.649999618530273,8800,0.0,0.0
2020-12-17 00:00:00-05:00,24.010000228881836,24.479999542236328,23.8700008392334,24.479999542236328,5200,0.0,0.0
2020-12-18 00:00:00-05:00,24.639999389648438,24.639999389648438,24.170000076293945,24.270000457763672,3600,0.0,0.0
2020-12-21 00:00:00-05:00,24.299999237060547,24.299999237060547,24.049999237060547,24.25,5300,0.0,0.0
2020-12-22 00:00:00-05:00,24.299999237060547,24.475000381469727,24.143999099731445,24.143999099731445,4200,0.0,0.0
2020-12-23 00:00:00-05:00,24.139999389648438,24.34000015258789,23.920000076293945,24.139999389648438,12500,0.0,0.0
2020-12-24 00:00:00-05:00,24.149999618530273,24.264999389648438,24.149999618530273,24.229999542236328,3700,0.0,0.0
2020-12-28 00:00:00-05:00,24.280000686645508,24.280000686645508,24.200000762939453,24.200000762939453,5900,0.0,0.0
2020-12-29 00:00:00-05:00,24.110000610351562,24.299999237060547,24.110000610351562,24.299999237060547,3300,0.0,0.0
2020-12-30 00:00:00-05:00,24.329999923706055,24.489999771118164,24.329999923706055,24.413999557495117,7200,0.0,0.0
2020-12-31 00:00:00-05:00,24.489999771118164,25.0,24.40999984741211,24.989999771118164,11900,0.0,0.0
2021-01-04 00:00:00-05:00,24.959999084472656,24.98699951171875,24.690000534057617,24.850000381469727,4300,0.0,0.0
2021-01-05 00:00:00-05:00,24.969999313354492,24.989999771118164,24.799999237060547,24.989999771118164,6200,0.0,0.0
2021-01-06 00:00:00-05:00,25.0,25.0,24.36400032043457,24.760000228881836,5400,0.0,0.0
2021-01-07 00:00:00-05:00,24.559999465942383,24.989999771118164,24.559999465942383,24.989999771118164,4600,0.0,0.0
2021-01-08 00:00:00-05:00,24.690000534057617,25.0,24.690000534057617,25.0,4600,0.0,0.0
2021-01-11 00:00:00-05:00,24.940000534057617,25.051000595092773,24.940000534057617,25.0,6000,0.0,0.0
2021-01-12 00:00:00-05:00,24.780000686645508,24.84000015258789,24.315000534057617,24.75,6500,0.0,0.0
2021-01-13 00:00:00-05:00,24.850000381469727,25.009000778198242,24.850000381469727,24.950000762939453,4000,0.0,0.0
2021-01-14 00:00:00-05:00,24.857999801635742,24.979999542236328,24.857999801635742,24.889999389648438,3400,0.0,0.0
2021-01-15 00:00:00-05:00,24.834999084472656,24.889999389648438,24.610000610351562,24.690000534057617,8000,0.0,0.0
2021-01-19 00:00:00-05:00,24.510000228881836,24.799999237060547,24.510000228881836,24.739999771118164,1200,0.0,0.0
2021-01-20 00:00:00-05:00,24.84000015258789,25.799999237060547,24.84000015258789,25.399999618530273,6100,0.0,0.0
2021-01-21 00:00:00-05:00,24.93000030517578,25.1200008392334,24.93000030517578,25.014999389648438,4400,0.0,0.0
2021-01-22 00:00:00-05:00,24.899999618530273,25.350000381469727,24.82900047302246,25.299999237060547,12300,0.0,0.0
2021-01-25 00:00:00-05:00,25.09000015258789,25.15999984741211,24.93000030517578,24.93000030517578,1700,0.0,0.0
2021-01-26 00:00:00-05:00,25.200000762939453,25.25,25.155000686645508,25.25,2700,0.0,0.0
2021-01-27 00:00:00-05:00,25.219999313354492,25.399999618530273,25.030000686645508,25.030000686645508,5600,0.0,0.0
2021-01-28 00:00:00-05:00,25.350000381469727,25.399999618530273,24.920000076293945,25.299999237060547,3900,0.0,0.0
2021-01-29 00:00:00-05:00,24.93000030517578,25.489999771118164,24.93000030517578,25.489999771118164,7100,0.0,0.0
2021-02-01 00:00:00-05:00,25.600000381469727,25.600000381469727,25.299999237060547,25.600000381469727,7000,0.0,0.0
2021-02-02 00:00:00-05:00,25.700000762939453,25.700000762939453,25.308000564575195,25.309999465942383,800,0.0,0.0
2021-02-03 00:00:00-05:00,25.200000762939453,25.200000762939453,25.030000686645508,25.06999969482422,5200,0.0,0.0
2021-02-04 00:00:00-05:00,25.079999923706055,25.450000762939453,25.030000686645508,25.43000030517578,8400,0.0,0.0
2021-02-05 00:00:00-05:00,25.09000015258789,25.670000076293945,25.09000015258789,25.15999984741211,1300,0.0,0.0
2021-02-08 00:00:00-05:00,25.315000534057617,25.610000610351562,25.299999237060547,25.31999969482422,4800,0.0,0.0
2021-02-09 00:00:00-05:00,25.420000076293945,25.469999313354492,25.280000686645508,25.299999237060547,13200,0.0,0.0
2021-02-10 00:00:00-05:00,25.229999542236328,25.43000030517578,25.229999542236328,25.43000030517578,21100,0.0,0.0
2021-02-11 00:00:00-05:00,25.579999923706055,25.65999984741211,25.40999984741211,25.454999923706055,39200,0.0,0.0
2021-02-12 00:00:00-05:00,25.350000381469727,25.420000076293945,25.31999969482422,25.3799991607666,25100,0.0,0.0
2021-02-16 00:00:00-05:00,25.299999237060547,25.700000762939453,25.299999237060547,25.450000762939453,41700,0.0,0.0
2021-02-17 00:00:00-05:00,25.549999237060547,25.790000915527344,25.389999389648438,25.5,21500,0.0,0.0
2021-02-18 00:00:00-05:00,25.5,25.719999313354492,25.440000534057617,25.459999084472656,14100,0.0,0.0
2021-02-19 00:00:00-05:00,25.510000228881836,25.809999465942383,25.510000228881836,25.670000076293945,4500,0.0,0.0
2021-02-22 00:00:00-05:00,25.514999389648438,25.579999923706055,25.510000228881836,25.579999923706055,3800,0.0,0.0
2021-02-23 00:00:00-05:00,25.40999984741211,25.59000015258789,25.40999984741211,25.56999969482422,10800,0.0,0.0
2021-02-24 00:00:00-05:00,25.469999313354492,25.799999237060547,25.469999313354492,25.600000381469727,2600,0.0,0.0
2021-02-25 00:00:00-05:00,25.5,25.690000534057617,25.43899917602539,25.5,25600,0.0,0.0
2021-02-26 00:00:00-05:00,25.5,25.850000381469727,25.5,25.850000381469727,9700,0.0,0.0
2021-03-01 00:00:00-05:00,25.780000686645508,25.82699966430664,25.610000610351562,25.729999542236328,8800,0.0,0.0
2021-03-02 00:00:00-05:00,25.74799919128418,25.799999237060547,25.74799919128418,25.799999237060547,1100,0.0,0.0
2021-03-03 00:00:00-05:00,25.8799991607666,26.0,25.68400001525879,26.0,2200,0.0,0.0
2021-03-04 00:00:00-05:00,25.834999084472656,25.864999771118164,25.729999542236328,25.729999542236328,1500,0.0,0.0
2021-03-05 00:00:00-05:00,25.700000762939453,25.799999237060547,25.700000762939453,25.75,18900,0.0,0.0
2021-03-08 00:00:00-05:00,25.700000762939453,25.84000015258789,25.700000762939453,25.700000762939453,5400,0.0,0.0
2021-03-09 00:00:00-05:00,26.0,26.0,25.93000030517578,25.93000030517578,600,0.0,0.0
2021-03-10 00:00:00-05:00,25.850000381469727,25.8799991607666,25.809999465942383,25.8799991607666,2600,0.0,0.0
2021-03-11 00:00:00-05:00,25.700000762939453,25.850000381469727,25.690000534057617,25.690000534057617,5500,0.0,0.0
2021-03-12 00:00:00-05:00,25.700000762939453,26.0,25.610000610351562,25.770000457763672,5300,0.0,0.0
2021-03-15 00:00:00-04:00,25.8799991607666,25.8799991607666,25.75,25.770000457763672,500,0.0,0.0
2021-03-16 00:00:00-04:00,25.729999542236328,25.899999618530273,25.700000762939453,25.850000381469727,6800,0.0,0.0
2021-03-17 00:00:00-04:00,25.670000076293945,25.899999618530273,25.670000076293945,25.829999923706055,1900,0.0,0.0
2021-03-18 00:00:00-04:00,25.709999084472656,25.739999771118164,25.700000762939453,25.700000762939453,1900,0.0,0.0
2021-03-19 00:00:00-04:00,25.809999465942383,25.97100067138672,25.809999465942383,25.97100067138672,1100,0.0,0.0
2021-03-22 00:00:00-04:00,25.97599983215332,25.989999771118164,25.68000030517578,25.98900032043457,5700,0.0,0.0
2021-03-23 00:00:00-04:00,25.8700008392334,26.15999984741211,25.8700008392334,26.15999984741211,6400,0.0,0.0
2021-03-24 00:00:00-04:00,26.15999984741211,26.170000076293945,26.15999984741211,26.170000076293945,1400,0.0,0.0
2021-03-25 00:00:00-04:00,25.979999542236328,26.0,25.969999313354492,25.969999313354492,10800,0.0,0.0
2021-03-26 00:00:00-04:00,25.75,26.040000915527344,25.75,26.040000915527344,500,0.0,0.0
2021-03-29 00:00:00-04:00,25.88599967956543,26.040000915527344,25.88599967956543,26.040000915527344,900,0.0,0.0
2021-03-30 00:00:00-04:00,26.200000762939453,26.200000762939453,26.1299991607666,26.200000762939453,1200,0.0,0.0
2021-03-31 00:00:00-04:00,26.200000762939453,26.290000915527344,26.200000762939453,26.229999542236328,3700,0.0,0.0
2021-04-01 00:00:00-04:00,26.25,26.25,26.15999984741211,26.18000030517578,2100,0.0,0.0
2021-04-05 00:00:00-04:00,26.1299991607666,26.190000534057617,26.1299991607666,26.15999984741211,2600,0.0,0.0
2021-04-06 00:00:00-04:00,26.0,26.200000762939453,26.0,26.200000762939453,7000,0.0,0.0
2021-04-07 00:00:00-04:00,26.110000610351562,26.3799991607666,26.100000381469727,26.299999237060547,9300,0.0,0.0
2021-04-08 00:00:00-04:00,26.31999969482422,26.90999984741211,26.149999618530273,26.389999389648438,5200,0.0,0.0
2021-04-09 00:00:00-04:00,26.31999969482422,26.40999984741211,26.295000076293945,26.299999237060547,17100,0.0,0.0
2021-04-12 00:00:00-04:00,26.309999465942383,26.639999389648438,26.309999465942383,26.5049991607666,1100,0.0,0.0
2021-04-13 00:00:00-04:00,26.049999237060547,26.510000228881836,26.049999237060547,26.4060001373291,1700,0.0,0.0
2021-04-14 00:00:00-04:00,26.0,26.079999923706055,25.850000381469727,26.040000915527344,4700,0.0,0.0
2021-04-15 00:00:00-04:00,25.8700008392334,26.149999618530273,25.8700008392334,26.148000717163086,5200,0.0,0.0
2021-04-16 00:00:00-04:00,25.8799991607666,26.09000015258789,25.780000686645508,26.09000015258789,5500,0.0,0.0
2021-04-19 00:00:00-04:00,25.979999542236328,25.979999542236328,25.600000381469727,25.700000762939453,7200,0.0,0.0
2021-04-20 00:00:00-04:00,25.700000762939453,25.700000762939453,25.700000762939453,25.700000762939453,600,0.0,0.0
2021-04-21 00:00:00-04:00,25.631999969482422,26.0049991607666,25.631999969482422,25.850000381469727,10200,0.0,0.0
2021-04-22 00:00:00-04:00,25.6200008392334,25.638999938964844,25.6200008392334,25.638999938964844,1100,0.0,0.0
2021-04-23 00:00:00-04:00,25.638999938964844,25.638999938964844,25.638999938964844,25.638999938964844,0,0.0,0.0
2021-04-26 00:00:00-04:00,26.06999969482422,26.09000015258789,26.06999969482422,26.09000015258789,300,0.0,0.0
2021-04-27 00:00:00-04:00,25.743999481201172,26.040000915527344,25.700000762939453,25.725000381469727,2600,0.0,0.0
2021-04-28 00:00:00-04:00,25.81999969482422,25.979999542236328,25.600000381469727,25.979999542236328,1700,0.0,0.0
2021-04-29 00:00:00-04:00,25.791000366210938,25.809999465942383,25.75,25.75,1500,0.0,0.0
2021-04-30 00:00:00-04:00,25.700000762939453,25.979999542236328,25.700000762939453,25.959999084472656,1700,0.0,0.0
2021-05-03 00:00:00-04:00,25.871999740600586,26.84000015258789,25.871999740600586,26.790000915527344,66500,0.0,0.0
2021-05-04 00:00:00-04:00,26.639999389648438,26.639999389648438,25.915000915527344,25.969999313354492,4400,0.0,0.0
2021-05-05 00:00:00-04:00,26.06999969482422,26.138999938964844,26.010000228881836,26.010000228881836,1800,0.0,0.0
2021-05-06 00:00:00-04:00,25.81999969482422,25.81999969482422,25.81999969482422,25.81999969482422,500,0.0,0.0
2021-05-07 00:00:00-04:00,26.079999923706055,26.079999923706055,26.0,26.0,10500,0.0,0.0
2021-05-10 00:00:00-04:00,25.799999237060547,26.299999237060547,25.790000915527344,26.299999237060547,21700,0.0,0.0
2021-05-11 00:00:00-04:00,26.149999618530273,26.149999618530273,25.75,25.75,20300,0.0,0.0
2021-05-12 00:00:00-04:00,25.75,25.780000686645508,25.649999618530273,25.75,5900,0.0,0.0
2021-05-13 00:00:00-04:00,25.899999618530273,26.0,25.600000381469727,25.600000381469727,8600,0.0,0.0
2021-05-14 00:00:00-04:00,25.950000762939453,26.31999969482422,25.950000762939453,26.06999969482422,4200,0.0,0.0
2021-05-17 00:00:00-04:00,26.079999923706055,26.149999618530273,26.059999465942383,26.149999618530273,2400,0.0,0.0
2021-05-18 00:00:00-04:00,26.149999618530273,26.149999618530273,26.149999618530273,26.149999618530273,0,0.0,0.0
2021-05-19 00:00:00-04:00,25.961999893188477,26.16200065612793,25.961999893188477,26.149999618530273,4200,0.0,0.0
2021-05-20 00:00:00-04:00,26.149999618530273,26.191999435424805,26.149999618530273,26.149999618530273,1800,0.0,0.0
2021-05-21 00:00:00-04:00,26.235000610351562,26.235000610351562,26.235000610351562,26.235000610351562,100,0.0,0.0
2021-05-24 00:00:00-04:00,26.235000610351562,26.235000610351562,26.235000610351562,26.235000610351562,0,0.0,0.0
2021-05-25 00:00:00-04:00,26.020000457763672,26.450000762939453,26.020000457763672,26.34000015258789,1300,0.0,0.0
2021-05-26 00:00:00-04:00,25.8700008392334,26.440000534057617,25.8700008392334,26.360000610351562,900,0.0,0.0
2021-05-27 00:00:00-04:00,26.350000381469727,26.350000381469727,26.350000381469727,26.350000381469727,200,0.0,0.0
2021-05-28 00:00:00-04:00,26.325000762939453,26.325000762939453,26.170000076293945,26.309999465942383,2700,0.0,0.0
2021-06-01 00:00:00-04:00,26.389999389648438,26.469999313354492,26.389999389648438,26.469999313354492,900,0.0,0.0
2021-06-02 00:00:00-04:00,26.426000595092773,26.5,26.426000595092773,26.5,1100,0.0,0.0
2021-06-03 00:00:00-04:00,26.09000015258789,26.510000228881836,25.815000534057617,26.5,1600,0.0,0.0
2021-06-04 00:00:00-04:00,26.450000762939453,26.450000762939453,25.899999618530273,26.280000686645508,2100,0.0,0.0
2021-06-07 00:00:00-04:00,25.700000762939453,26.209999084472656,25.700000762939453,26.040000915527344,1900,0.0,0.0
2021-06-08 00:00:00-04:00,25.799999237060547,26.239999771118164,25.799999237060547,26.239999771118164,2000,0.0,0.0
2021-06-09 00:00:00-04:00,26.239999771118164,26.239999771118164,26.239999771118164,26.239999771118164,0,0.0,0.0
2021-06-10 00:00:00-04:00,26.25,26.25,26.25,26.25,200,0.0,0.0
2021-06-11 00:00:00-04:00,26.059999465942383,26.489999771118164,26.059999465942383,26.489999771118164,1700,0.0,0.0
2021-06-14 00:00:00-04:00,26.165000915527344,26.5,26.139999389648438,26.5,1300,0.0,0.0
2021-06-15 00:00:00-04:00,26.149999618530273,26.15999984741211,25.920000076293945,26.049999237060547,7300,0.0,0.0
2021-06-16 00:00:00-04:00,26.030000686645508,26.040000915527344,25.920000076293945,26.0,2700,0.0,0.0
2021-06-17 00:00:00-04:00,25.940000534057617,26.06999969482422,25.93000030517578,25.93000030517578,4700,0.0,0.0
2021-06-18 00:00:00-04:00,25.940000534057617,25.940000534057617,25.93000030517578,25.93000030517578,400,0.0,0.0
2021-06-21 00:00:00-04:00,26.0,26.0,25.959999084472656,25.959999084472656,2000,0.0,0.0
2021-06-22 00:00:00-04:00,25.959999084472656,26.190000534057617,25.959999084472656,26.1299991607666,3700,0.0,0.0
2021-06-23 00:00:00-04:00,26.479999542236328,26.479999542236328,26.100000381469727,26.100000381469727,1200,0.0,0.0
2021-06-24 00:00:00-04:00,26.139999389648438,26.149999618530273,26.139999389648438,26.149999618530273,200,0.0,0.0
2021-06-25 00:00:00-04:00,26.100000381469727,26.520000457763672,26.100000381469727,26.395000457763672,5000,0.0,0.0
2021-06-28 00:00:00-04:00,26.040000915527344,26.209999084472656,26.0,26.0,7100,0.0,0.0
2021-06-29 00:00:00-04:00,25.950000762939453,26.049999237060547,25.930999755859375,26.040000915527344,10900,0.0,0.0
2021-06-30 00:00:00-04:00,26.08099937438965,26.329999923706055,26.08099937438965,26.329999923706055,2100,0.0,0.0
2021-07-01 00:00:00-04:00,26.010000228881836,26.079999923706055,25.81999969482422,26.079999923706055,5800,0.0,0.0
2021-07-02 00:00:00-04:00,26.239999771118164,26.239999771118164,26.239999771118164,26.239999771118164,800,0.0,0.0
2021-07-06 00:00:00-04:00,26.329999923706055,26.3700008392334,26.329999923706055,26.3700008392334,1800,0.0,0.0
2021-07-07 00:00:00-04:00,26.469999313354492,26.75,26.459999084472656,26.75,2000,0.0,0.0
2021-07-08 00:00:00-04:00,26.760000228881836,26.899999618530273,26.459999084472656,26.670000076293945,1500,0.0,0.0
2021-07-09 00:00:00-04:00,26.329999923706055,26.510000228881836,26.329999923706055,26.510000228881836,300,0.0,0.0
2021-07-12 00:00:00-04:00,26.209999084472656,27.030000686645508,26.170000076293945,26.40999984741211,1400,0.0,0.0
2021-07-13 00:00:00-04:00,26.399999618530273,26.399999618530273,26.200000762939453,26.200000762939453,1600,0.0,0.0
2021-07-14 00:00:00-04:00,26.18000030517578,26.187999725341797,26.0,26.100000381469727,1900,0.0,0.0
2021-07-15 00:00:00-04:00,25.989999771118164,25.989999771118164,25.989999771118164,25.989999771118164,300,0.0,0.0
2021-07-16 00:00:00-04:00,25.969999313354492,25.969999313354492,25.969999313354492,25.969999313354492,200,0.0,0.0
2021-07-19 00:00:00-04:00,26.06999969482422,26.06999969482422,26.06999969482422,26.06999969482422,400,0.0,0.0
2021-07-20 00:00:00-04:00,26.06999969482422,26.06999969482422,26.06999969482422,26.06999969482422,0,0.0,0.0
2021-07-21 00:00:00-04:00,26.06999969482422,26.06999969482422,26.06999969482422,26.06999969482422,0,0.0,0.0
2021-07-22 00:00:00-04:00,26.06999969482422,26.06999969482422,26.06999969482422,26.06999969482422,0,0.0,0.0
2021-07-23 00:00:00-04:00,26.06999969482422,26.06999969482422,26.06999969482422,26.06999969482422,0,0.0,0.0
2021-07-26 00:00:00-04:00,26.06999969482422,26.200000762939453,26.06999969482422,26.200000762939453,400,0.0,0.0
2021-07-27 00:00:00-04:00,26.270000457763672,26.270000457763672,26.270000457763672,26.270000457763672,400,0.0,0.0
2021-07-28 00:00:00-04:00,26.530000686645508,26.530000686645508,26.260000228881836,26.360000610351562,1200,0.0,0.0
2021-07-29 00:00:00-04:00,26.200000762939453,26.25,26.1299991607666,26.1299991607666,1800,0.0,0.0
2021-07-30 00:00:00-04:00,26.0,26.5,26.0,26.5,1300,0.0,0.0
2021-08-02 00:00:00-04:00,26.110000610351562,26.5,26.110000610351562,26.5,1700,0.0,0.0
2021-08-03 00:00:00-04:00,26.420000076293945,26.549999237060547,26.420000076293945,26.549999237060547,1100,0.0,0.0
2021-08-04 00:00:00-04:00,26.440000534057617,26.549999237060547,26.43000030517578,26.549999237060547,1600,0.0,0.0
2021-08-05 00:00:00-04:00,26.520000457763672,26.670000076293945,26.260000228881836,26.450000762939453,2800,0.0,0.0
2021-08-06 00:00:00-04:00,26.805999755859375,26.805999755859375,26.760000228881836,26.760000228881836,2000,0.0,0.0
2021-08-09 00:00:00-04:00,26.760000228881836,26.760000228881836,26.760000228881836,26.760000228881836,0,0.0,0.0
2021-08-10 00:00:00-04:00,26.040000915527344,26.399999618530273,26.040000915527344,26.399999618530273,1100,0.0,0.0
2021-08-11 00:00:00-04:00,26.399999618530273,26.399999618530273,26.399999618530273,26.399999618530273,0,0.0,0.0
2021-08-12 00:00:00-04:00,26.399999618530273,26.399999618530273,26.06999969482422,26.34000015258789,2200,0.0,0.0
2021-08-13 00:00:00-04:00,26.280000686645508,26.350000381469727,26.020000457763672,26.219999313354492,3100,0.0,0.0
2021-08-16 00:00:00-04:00,26.280000686645508,26.280000686645508,26.280000686645508,26.280000686645508,200,0.0,0.0
2021-08-17 00:00:00-04:00,26.049999237060547,26.270000457763672,26.049999237060547,26.11400032043457,2600,0.0,0.0
2021-08-18 00:00:00-04:00,26.11400032043457,26.11400032043457,26.11400032043457,26.11400032043457,0,0.0,0.0
2021-08-19 00:00:00-04:00,26.040000915527344,26.172000885009766,26.040000915527344,26.172000885009766,1100,0.0,0.0
2021-08-20 00:00:00-04:00,26.06999969482422,26.25,26.059999465942383,26.25,3600,0.0,0.0
2021-08-23 00:00:00-04:00,26.329999923706055,26.3799991607666,26.329999923706055,26.3799991607666,1300,0.0,0.0
2021-08-24 00:00:00-04:00,26.360000610351562,26.3700008392334,26.360000610351562,26.3700008392334,1000,0.0,0.0
2021-08-25 00:00:00-04:00,26.43000030517578,26.459999084472656,26.170000076293945,26.204999923706055,3900,0.0,0.0
2021-08-26 00:00:00-04:00,26.204999923706055,26.204999923706055,26.204999923706055,26.204999923706055,0,0.0,0.0
2021-08-27 00:00:00-04:00,26.420000076293945,26.420000076293945,26.40999984741211,26.40999984741211,700,0.0,0.0
2021-08-30 00:00:00-04:00,26.31999969482422,26.31999969482422,26.31999969482422,26.31999969482422,600,0.0,0.0
2021-08-31 00:00:00-04:00,26.399999618530273,28.200000762939453,26.389999389648438,27.299999237060547,9200,0.0,0.0
2021-09-01 00:00:00-04:00,27.31999969482422,27.90999984741211,27.190000534057617,27.190000534057617,8300,0.0,0.0
2021-09-02 00:00:00-04:00,27.079999923706055,27.079999923706055,26.950000762939453,27.040000915527344,1100,0.0,0.0
2021-09-03 00:00:00-04:00,27.040000915527344,27.040000915527344,27.040000915527344,27.040000915527344,0,0.0,0.0
2021-09-07 00:00:00-04:00,27.040000915527344,27.040000915527344,27.040000915527344,27.040000915527344,0,0.0,0.0
2021-09-08 00:00:00-04:00,27.049999237060547,27.049999237060547,27.0,27.0,1500,0.0,0.0
2021-09-09 00:00:00-04:00,26.868999481201172,26.868999481201172,26.868999481201172,26.868999481201172,500,0.0,0.0
2021-09-10 00:00:00-04:00,26.399999618530273,26.440000534057617,26.389999389648438,26.389999389648438,1100,0.0,0.0
2021-09-13 00:00:00-04:00,26.389999389648438,26.389999389648438,26.389999389648438,26.389999389648438,0,0.0,0.0
2021-09-14 00:00:00-04:00,26.950000762939453,26.950000762939453,26.768999099731445,26.768999099731445,1400,0.0,0.0
2021-09-15 00:00:00-04:00,26.768999099731445,26.768999099731445,26.768999099731445,26.768999099731445,0,0.0,0.0
2021-09-16 00:00:00-04:00,26.940000534057617,26.940000534057617,26.940000534057617,26.940000534057617,500,0.0,0.0
2021-09-17 00:00:00-04:00,26.6299991607666,26.6299991607666,26.6299991607666,26.6299991607666,200,0.0,0.0
2021-09-20 00:00:00-04:00,26.29400062561035,26.29400062561035,26.29400062561035,26.29400062561035,800,0.0,0.0
2021-09-21 00:00:00-04:00,26.29400062561035,26.29400062561035,26.29400062561035,26.29400062561035,0,0.0,0.0
2021-09-22 00:00:00-04:00,26.079999923706055,26.610000610351562,26.079999923706055,26.610000610351562,1300,0.0,0.0
2021-09-23 00:00:00-04:00,26.857999801635742,27.0,26.655000686645508,26.655000686645508,2200,0.0,0.0
2021-09-24 00:00:00-04:00,26.125,26.5,26.125,26.5,500,0.0,0.0
2021-09-27 00:00:00-04:00,26.1200008392334,26.1200008392334,25.899999618530273,25.920000076293945,19500,0.0,0.0
2021-09-28 00:00:00-04:00,25.979999542236328,25.979999542236328,25.75,25.899999618530273,14900,0.0,0.0
2021-09-29 00:00:00-04:00,25.979999542236328,25.979999542236328,25.860000610351562,25.860000610351562,10100,0.0,0.0
2021-09-30 00:00:00-04:00,25.950000762939453,25.979999542236328,25.829999923706055,25.899999618530273,23300,0.0,0.0
2021-10-01 00:00:00-04:00,25.8799991607666,26.270000457763672,25.8799991607666,25.950000762939453,66800,0.0,0.0
2021-10-04 00:00:00-04:00,25.920000076293945,25.920000076293945,25.75,25.829999923706055,6600,0.0,0.0
2021-10-05 00:00:00-04:00,25.780000686645508,25.899999618530273,25.700000762939453,25.799999237060547,12200,0.0,0.0
2021-10-06 00:00:00-04:00,25.700000762939453,25.959999084472656,25.670000076293945,25.959999084472656,7300,0.0,0.0
2021-10-07 00:00:00-04:00,25.850000381469727,25.920000076293945,25.850000381469727,25.860000610351562,4000,0.0,0.0
2021-10-08 00:00:00-04:00,25.864999771118164,25.979999542236328,25.860000610351562,25.979999542236328,11800,0.0,0.0
2021-10-11 00:00:00-04:00,25.860000610351562,26.0,25.860000610351562,25.979999542236328,3100,0.0,0.0
2021-10-12 00:00:00-04:00,26.06999969482422,26.06999969482422,25.959999084472656,25.979999542236328,1900,0.0,0.0
2021-10-13 00:00:00-04:00,26.15999984741211,26.15999984741211,26.038000106811523,26.15999984741211,6400,0.0,0.0
2021-10-14 00:00:00-04:00,25.889999389648438,25.889999389648438,25.709999084472656,25.729999542236328,13400,0.0,0.0
2021-10-15 00:00:00-04:00,25.670000076293945,25.77199935913086,25.649999618530273,25.77199935913086,2700,0.0,0.0
2021-10-18 00:00:00-04:00,25.809999465942383,25.940000534057617,25.760000228881836,25.760000228881836,9200,0.0,0.0
2021-10-19 00:00:00-04:00,25.770000457763672,25.770000457763672,25.770000457763672,25.770000457763672,400,0.0,0.0
2021-10-20 00:00:00-04:00,25.739999771118164,25.739999771118164,25.600000381469727,25.600000381469727,15800,0.0,0.0
2021-10-21 00:00:00-04:00,25.6200008392334,25.739999771118164,25.600000381469727,25.600000381469727,28200,0.0,0.0
2021-10-22 00:00:00-04:00,25.600000381469727,25.709999084472656,25.579999923706055,25.670000076293945,66700,0.0,0.0
2021-10-25 00:00:00-04:00,25.639999389648438,25.75,25.639999389648438,25.739999771118164,9500,0.0,0.0
2021-10-26 00:00:00-04:00,25.709999084472656,25.790000915527344,25.68000030517578,25.719999313354492,4600,0.0,0.0
2021-10-27 00:00:00-04:00,25.833999633789062,25.899999618530273,25.81999969482422,25.899999618530273,7700,0.0,0.0
2021-10-28 00:00:00-04:00,25.899999618530273,25.899999618530273,25.709999084472656,25.760000228881836,1400,0.0,0.0
2021-10-29 00:00:00-04:00,25.7549991607666,25.850000381469727,25.719999313354492,25.850000381469727,2100,0.0,0.0
2021-11-01 00:00:00-04:00,25.860000610351562,25.899999618530273,25.860000610351562,25.860000610351562,4900,0.0,0.0
2021-11-02 00:00:00-04:00,25.860000610351562,25.860000610351562,25.469999313354492,25.510000228881836,107200,0.0,0.0
2021-11-03 00:00:00-04:00,25.59000015258789,25.649999618530273,25.549999237060547,25.649999618530273,8900,0.0,0.0
2021-11-04 00:00:00-04:00,25.690000534057617,25.75,25.639999389648438,25.690000534057617,3000,0.0,0.0
2021-11-05 00:00:00-04:00,25.670000076293945,25.729999542236328,25.649999618530273,25.719999313354492,5300,0.0,0.0
2021-11-08 00:00:00-05:00,25.700000762939453,25.729999542236328,25.700000762939453,25.729999542236328,1400,0.0,0.0
2021-11-09 00:00:00-05:00,25.65999984741211,25.738000869750977,25.65999984741211,25.700000762939453,3000,0.0,0.0
2021-11-10 00:00:00-05:00,25.649999618530273,25.674999237060547,25.479999542236328,25.579999923706055,19300,0.0,0.0
2021-11-11 00:00:00-05:00,25.579999923706055,25.690000534057617,25.510000228881836,25.510000228881836,3000,0.0,0.0
2021-11-12 00:00:00-05:00,25.610000610351562,25.6299991607666,25.59000015258789,25.600000381469727,7000,0.0,0.0
2021-11-15 00:00:00-05:00,25.59000015258789,25.655000686645508,25.549999237060547,25.549999237060547,12100,0.0,0.0
2021-11-16 00:00:00-05:00,25.610000610351562,25.649999618530273,25.610000610351562,25.6200008392334,2600,0.0,0.0
2021-11-17 00:00:00-05:00,25.600000381469727,25.600000381469727,25.55299949645996,25.58799934387207,1800,0.0,0.0
2021-11-18 00:00:00-05:00,25.565000534057617,25.639999389648438,25.565000534057617,25.600000381469727,2900,0.0,0.0
2021-11-19 00:00:00-05:00,25.6200008392334,25.690000534057617,25.610000610351562,25.649999618530273,2600,0.0,0.0
2021-11-22 00:00:00-05:00,25.65999984741211,25.65999984741211,25.56999969482422,25.56999969482422,1700,0.0,0.0
2021-11-23 00:00:00-05:00,25.479999542236328,25.589000701904297,25.450000762939453,25.489999771118164,3000,0.0,0.0
2021-11-24 00:00:00-05:00,25.5,25.65999984741211,25.5,25.600000381469727,1500,0.0,0.0
2021-11-26 00:00:00-05:00,25.399999618530273,25.6299991607666,25.399999618530273,25.540000915527344,7900,0.0,0.0
2021-11-29 00:00:00-05:00,25.510000228881836,25.600000381469727,25.510000228881836,25.549999237060547,3300,0.0,0.0
2021-11-30 00:00:00-05:00,25.479999542236328,25.579999923706055,25.43000030517578,25.549999237060547,9300,0.0,0.0
2021-12-01 00:00:00-05:00,25.600000381469727,25.65999984741211,25.420000076293945,25.459999084472656,17000,0.0,0.0
2021-12-02 00:00:00-05:00,25.559999465942383,25.600000381469727,25.459999084472656,25.540000915527344,3100,0.0,0.0
2021-12-03 00:00:00-05:00,25.489999771118164,25.489999771118164,25.358999252319336,25.420000076293945,4700,0.0,0.0
2021-12-06 00:00:00-05:00,25.479999542236328,25.59000015258789,25.450000762939453,25.540000915527344,3200,0.0,0.0
2021-12-07 00:00:00-05:00,25.6299991607666,25.635000228881836,25.579999923706055,25.579999923706055,1300,0.0,0.0
2021-12-08 00:00:00-05:00,25.56999969482422,25.600000381469727,25.527000427246094,25.530000686645508,5800,0.0,0.0
2021-12-09 00:00:00-05:00,25.549999237060547,25.56999969482422,25.5,25.5,4400,0.0,0.0
2021-12-10 00:00:00-05:00,25.549999237060547,25.549999237060547,25.399999618530273,25.399999618530273,6300,0.0,0.0
2021-12-13 00:00:00-05:00,25.43000030517578,25.559999465942383,25.43000030517578,25.489999771118164,7600,0.0,0.0
2021-12-14 00:00:00-05:00,25.459999084472656,25.510000228881836,25.459999084472656,25.510000228881836,2200,0.0,0.0
2021-12-15 00:00:00-05:00,25.520000457763672,25.579999923706055,25.433000564575195,25.579999923706055,1900,0.0,0.0
2021-12-16 00:00:00-05:00,25.57900047302246,25.6200008392334,25.520999908447266,25.6200008392334,1400,0.0,0.0
2021-12-17 00:00:00-05:00,25.59000015258789,25.6299991607666,25.559999465942383,25.59000015258789,8600,0.0,0.0
2021-12-20 00:00:00-05:00,25.559999465942383,25.649999618530273,25.329999923706055,25.639999389648438,4800,0.0,0.0
2021-12-21 00:00:00-05:00,25.75,25.75,25.726999282836914,25.729999542236328,6500,0.0,0.0
2021-12-22 00:00:00-05:00,25.799999237060547,25.860000610351562,25.75,25.860000610351562,3200,0.0,0.0
2021-12-23 00:00:00-05:00,25.799999237060547,25.860000610351562,25.790000915527344,25.790000915527344,1700,0.0,0.0
2021-12-27 00:00:00-05:00,25.760000228881836,25.790000915527344,25.75,25.790000915527344,5100,0.0,0.0
2021-12-28 00:00:00-05:00,25.753000259399414,25.753000259399414,25.549999237060547,25.65999984741211,16700,0.0,0.0
2021-12-29 00:00:00-05:00,25.68000030517578,25.80299949645996,25.68000030517578,25.799999237060547,1400,0.0,0.0
2021-12-30 00:00:00-05:00,25.799999237060547,25.799999237060547,25.799999237060547,25.799999237060547,0,0.0,0.0
2021-12-31 00:00:00-05:00,25.8700008392334,25.8700008392334,25.790000915527344,25.829999923706055,3000,0.0,0.0
2022-01-03 00:00:00-05:00,25.719999313354492,25.863000869750977,25.719999313354492,25.801000595092773,4100,0.0,0.0
2022-01-04 00:00:00-05:00,25.610000610351562,25.780000686645508,25.600000381469727,25.709999084472656,4600,0.0,0.0
2022-01-05 00:00:00-05:00,25.760000228881836,25.790000915527344,25.75,25.790000915527344,2600,0.0,0.0
2022-01-06 00:00:00-05:00,25.719999313354492,25.81999969482422,25.719999313354492,25.81999969482422,600,0.0,0.0
2022-01-07 00:00:00-05:00,25.952999114990234,25.952999114990234,25.952999114990234,25.952999114990234,500,0.0,0.0
2022-01-10 00:00:00-05:00,25.989999771118164,25.989999771118164,25.8799991607666,25.8799991607666,12700,0.0,0.0
2022-01-11 00:00:00-05:00,26.009000778198242,26.009000778198242,25.895000457763672,25.93600082397461,900,0.0,0.0
2022-01-12 00:00:00-05:00,25.863000869750977,25.863000869750977,25.863000869750977,25.863000869750977,300,0.0,0.0
2022-01-13 00:00:00-05:00,25.799999237060547,25.84000015258789,25.700000762939453,25.700000762939453,8500,0.0,0.0
2022-01-14 00:00:00-05:00,25.790000915527344,25.790000915527344,25.440000534057617,25.440000534057617,1600,0.0,0.0
2022-01-18 00:00:00-05:00,25.459999084472656,25.700000762939453,25.459999084472656,25.700000762939453,1300,0.0,0.0
2022-01-19 00:00:00-05:00,25.386999130249023,25.614999771118164,25.386999130249023,25.579999923706055,4800,0.0,0.0
2022-01-20 00:00:00-05:00,25.579999923706055,25.579999923706055,25.579999923706055,25.579999923706055,0,0.0,0.0
2022-01-21 00:00:00-05:00,25.579999923706055,25.579999923706055,25.579999923706055,25.579999923706055,0,0.0,0.0
2022-01-24 00:00:00-05:00,25.420000076293945,25.469999313354492,25.420000076293945,25.469999313354492,600,0.0,0.0
2022-01-25 00:00:00-05:00,25.445999145507812,25.445999145507812,25.445999145507812,25.445999145507812,1300,0.0,0.0
2022-01-26 00:00:00-05:00,25.400999069213867,25.625,25.400999069213867,25.625,1900,0.0,0.0
2022-01-27 00:00:00-05:00,25.75,25.75,25.299999237060547,25.559999465942383,5000,0.0,0.0
2022-01-28 00:00:00-05:00,25.5,25.55500030517578,25.420000076293945,25.549999237060547,2900,0.0,0.0
2022-01-31 00:00:00-05:00,25.459999084472656,25.600000381469727,25.450000762939453,25.600000381469727,3600,0.0,0.0
2022-02-01 00:00:00-05:00,25.600000381469727,25.61400032043457,25.600000381469727,25.610000610351562,900,0.0,0.0
2022-02-02 00:00:00-05:00,25.510000228881836,25.510000228881836,25.36199951171875,25.399999618530273,3000,0.0,0.0
2022-02-03 00:00:00-05:00,25.3700008392334,25.559999465942383,25.3700008392334,25.389999389648438,2700,0.0,0.0
2022-02-04 00:00:00-05:00,25.389999389648438,25.549999237060547,25.389999389648438,25.549999237060547,8800,0.0,0.0
2022-02-07 00:00:00-05:00,25.75,25.75,25.75,25.75,300,0.0,0.0
2022-02-08 00:00:00-05:00,25.586000442504883,25.586000442504883,25.549999237060547,25.549999237060547,1400,0.0,0.0
2022-02-09 00:00:00-05:00,25.600000381469727,25.610000610351562,25.600000381469727,25.610000610351562,1600,0.0,0.0
2022-02-10 00:00:00-05:00,25.43600082397461,25.43600082397461,25.3799991607666,25.399999618530273,4300,0.0,0.0
2022-02-11 00:00:00-05:00,25.399999618530273,25.399999618530273,25.350000381469727,25.350000381469727,1800,0.0,0.0
2022-02-14 00:00:00-05:00,25.350000381469727,25.350000381469727,25.309999465942383,25.31999969482422,1700,0.0,0.0
2022-02-15 00:00:00-05:00,25.261999130249023,25.329999923706055,25.260000228881836,25.299999237060547,3300,0.0,0.0
2022-02-16 00:00:00-05:00,25.299999237060547,25.30699920654297,25.280000686645508,25.30699920654297,1300,0.0,0.0
2022-02-17 00:00:00-05:00,25.30699920654297,25.30699920654297,25.30699920654297,25.30699920654297,0,0.0,0.0
2022-02-18 00:00:00-05:00,25.459999084472656,25.459999084472656,25.459999084472656,25.459999084472656,200,0.0,0.0
2022-02-22 00:00:00-05:00,25.34000015258789,25.3700008392334,25.329999923706055,25.329999923706055,1300,0.0,0.0
2022-02-23 00:00:00-05:00,25.3700008392334,25.389999389648438,25.34000015258789,25.389999389648438,3000,0.0,0.0
2022-02-24 00:00:00-05:00,25.299999237060547,25.299999237060547,25.299999237060547,25.299999237060547,500,0.0,0.0
2022-02-25 00:00:00-05:00,25.299999237060547,25.299999237060547,25.299999237060547,25.299999237060547,0,0.0,0.0
2022-02-28 00:00:00-05:00,25.540000915527344,25.59000015258789,25.229999542236328,25.229999542236328,7800,0.0,0.0
2022-03-01 00:00:00-05:00,25.489999771118164,25.489999771118164,25.25,25.25,7900,0.0,0.0
2022-03-02 00:00:00-05:00,25.309999465942383,25.309999465942383,25.309999465942383,25.309999465942383,500,0.0,0.0
2022-03-03 00:00:00-05:00,25.309999465942383,25.309999465942383,25.309999465942383,25.309999465942383,0,0.0,0.0
2022-03-04 00:00:00-05:00,25.356000900268555,25.389999389648438,25.34000015258789,25.34000015258789,800,0.0,0.0
2022-03-07 00:00:00-05:00,25.31999969482422,25.31999969482422,25.219999313354492,25.299999237060547,9700,0.0,0.0
2022-03-08 00:00:00-05:00,25.309999465942383,25.312000274658203,25.200000762939453,25.200000762939453,4800,0.0,0.0
2022-03-09 00:00:00-05:00,25.299999237060547,25.329999923706055,25.280000686645508,25.280000686645508,4300,0.0,0.0
2022-03-10 00:00:00-05:00,25.299999237060547,25.299999237060547,25.260000228881836,25.299999237060547,3700,0.0,0.0
2022-03-11 00:00:00-05:00,25.260000228881836,25.270000457763672,25.25,25.270000457763672,1900,0.0,0.0
2022-03-14 00:00:00-04:00,25.25,25.25,25.219999313354492,25.239999771118164,3300,0.0,0.0
2022-03-15 00:00:00-04:00,25.219999313354492,25.309999465942383,25.219999313354492,25.219999313354492,2300,0.0,0.0
2022-03-16 00:00:00-04:00,25.583999633789062,25.583999633789062,25.46299934387207,25.540000915527344,3100,0.0,0.0
2022-03-17 00:00:00-04:00,25.649999618530273,25.649999618530273,25.56999969482422,25.56999969482422,3200,0.0,0.0
2022-03-18 00:00:00-04:00,25.56999969482422,25.6200008392334,25.56999969482422,25.6200008392334,500,0.0,0.0
2022-03-21 00:00:00-04:00,25.6200008392334,25.6200008392334,25.6200008392334,25.6200008392334,200,0.0,0.0
2022-03-22 00:00:00-04:00,25.614999771118164,25.6200008392334,25.614999771118164,25.6200008392334,900,0.0,0.0
2022-03-23 00:00:00-04:00,25.496000289916992,25.700000762939453,25.496000289916992,25.65999984741211,23700,0.0,0.0
2022-03-24 00:00:00-04:00,25.520000457763672,25.709999084472656,25.520000457763672,25.709999084472656,4700,0.0,0.0
2022-03-25 00:00:00-04:00,25.450000762939453,25.450000762939453,25.399999618530273,25.40999984741211,3900,0.0,0.0
2022-03-28 00:00:00-04:00,25.40999984741211,25.40999984741211,25.40999984741211,25.40999984741211,0,0.0,0.0
2022-03-29 00:00:00-04:00,25.399999618530273,25.40999984741211,25.329999923706055,25.329999923706055,7000,0.0,0.0
2022-03-30 00:00:00-04:00,25.3799991607666,25.42300033569336,25.360000610351562,25.389999389648438,2800,0.0,0.0
2022-03-31 00:00:00-04:00,25.39299964904785,25.450000762939453,25.3700008392334,25.3700008392334,3200,0.0,0.0
2022-04-01 00:00:00-04:00,25.3700008392334,25.399999618530273,25.3700008392334,25.399999618530273,3000,0.0,0.0
2022-04-04 00:00:00-04:00,25.3799991607666,25.3799991607666,25.3799991607666,25.3799991607666,700,0.0,0.0
2022-04-05 00:00:00-04:00,25.3700008392334,25.3799991607666,25.344999313354492,25.3799991607666,5800,0.0,0.0
2022-04-06 00:00:00-04:00,25.386999130249023,25.399999618530273,25.3700008392334,25.399999618530273,1100,0.0,0.0
2022-04-07 00:00:00-04:00,25.399999618530273,25.399999618530273,25.399999618530273,25.399999618530273,0,0.0,0.0
2022-04-08 00:00:00-04:00,25.399999618530273,25.420000076293945,25.344999313354492,25.344999313354492,1500,0.0,0.0
2022-04-11 00:00:00-04:00,25.350000381469727,25.350000381469727,25.309999465942383,25.309999465942383,800,0.0,0.0
2022-04-12 00:00:00-04:00,25.309999465942383,25.309999465942383,25.309999465942383,25.309999465942383,0,0.0,0.0
2022-04-13 00:00:00-04:00,25.0,25.06999969482422,25.0,25.06999969482422,1300,0.0,0.0
2022-04-14 00:00:00-04:00,25.100000381469727,25.100000381469727,25.100000381469727,25.100000381469727,600,0.0,0.0
2022-04-18 00:00:00-04:00,25.100000381469727,25.25,25.08300018310547,25.25,1500,0.0,0.0
2022-04-19 00:00:00-04:00,25.100000381469727,25.134000778198242,25.100000381469727,25.134000778198242,1000,0.0,0.0
2022-04-20 00:00:00-04:00,25.1200008392334,25.1200008392334,24.950000762939453,24.950000762939453,5100,0.0,0.0
2022-04-21 00:00:00-04:00,25.0,25.010000228881836,25.0,25.0,1500,0.0,0.0
2022-04-22 00:00:00-04:00,25.399999618530273,25.399999618530273,24.86199951171875,25.309999465942383,1700,0.0,0.0
2022-04-25 00:00:00-04:00,25.25,25.309999465942383,25.025999069213867,25.309999465942383,3700,0.0,0.0
2022-04-26 00:00:00-04:00,25.299999237060547,25.309999465942383,24.90999984741211,24.979999542236328,6700,0.0,0.0
2022-04-27 00:00:00-04:00,24.979999542236328,24.979999542236328,24.8700008392334,24.95199966430664,4900,0.0,0.0
2022-04-28 00:00:00-04:00,25.239999771118164,25.239999771118164,24.950000762939453,24.950000762939453,2900,0.0,0.0
2022-04-29 00:00:00-04:00,25.149999618530273,25.459999084472656,25.149999618530273,25.459999084472656,18200,0.0,0.0
2022-05-02 00:00:00-04:00,25.190000534057617,25.190000534057617,24.8700008392334,24.8700008392334,2200,0.0,0.0
2022-05-03 00:00:00-04:00,24.8700008392334,25.049999237060547,24.860000610351562,24.860000610351562,3900,0.0,0.0
2022-05-04 00:00:00-04:00,24.8799991607666,24.8799991607666,24.850000381469727,24.850000381469727,1600,0.0,0.0
2022-05-05 00:00:00-04:00,24.93000030517578,24.93000030517578,24.93000030517578,24.93000030517578,400,0.0,0.0
2022-05-06 00:00:00-04:00,24.90999984741211,24.90999984741211,24.84000015258789,24.84000015258789,4700,0.0,0.0
2022-05-09 00:00:00-04:00,24.84000015258789,24.84000015258789,24.770000457763672,24.780000686645508,2200,0.0,0.0
2022-05-10 00:00:00-04:00,24.84000015258789,24.93000030517578,24.770000457763672,24.80900001525879,4400,0.0,0.0
2022-05-11 00:00:00-04:00,24.823999404907227,24.829999923706055,24.81999969482422,24.81999969482422,1800,0.0,0.0
2022-05-12 00:00:00-04:00,24.940000534057617,24.940000534057617,24.260000228881836,24.469999313354492,15100,0.0,0.0
2022-05-13 00:00:00-04:00,24.739999771118164,24.875999450683594,24.5,24.510000228881836,13500,0.0,0.0
2022-05-16 00:00:00-04:00,24.6200008392334,24.6200008392334,24.510000228881836,24.524999618530273,11500,0.0,0.0
2022-05-17 00:00:00-04:00,24.510000228881836,24.510000228881836,24.510000228881836,24.510000228881836,800,0.0,0.0
2022-05-18 00:00:00-04:00,24.5,24.549999237060547,24.5,24.540000915527344,900,0.0,0.0
2022-05-19 00:00:00-04:00,24.549999237060547,24.579999923706055,24.549999237060547,24.579999923706055,400,0.0,0.0
2022-05-20 00:00:00-04:00,24.61400032043457,24.655000686645508,24.56999969482422,24.56999969482422,2900,0.0,0.0
2022-05-23 00:00:00-04:00,24.56999969482422,24.56999969482422,24.56999969482422,24.56999969482422,100,0.0,0.0
2022-05-24 00:00:00-04:00,24.5,24.6299991607666,24.5,24.6299991607666,300,0.0,0.0
2022-05-25 00:00:00-04:00,24.579999923706055,24.579999923706055,24.56999969482422,24.56999969482422,300,0.0,0.0
2022-05-26 00:00:00-04:00,24.600000381469727,24.600000381469727,24.579999923706055,24.600000381469727,12200,0.0,0.0
2022-05-27 00:00:00-04:00,24.700000762939453,25.239999771118164,24.700000762939453,24.81999969482422,2100,0.0,0.0
2022-05-31 00:00:00-04:00,25.25,25.25,25.110000610351562,25.110000610351562,900,0.0,0.0
2022-06-01 00:00:00-04:00,25.110000610351562,25.110000610351562,25.110000610351562,25.110000610351562,0,0.0,0.0
2022-06-02 00:00:00-04:00,25.100000381469727,25.239999771118164,25.06399917602539,25.22599983215332,2500,0.0,0.0
2022-06-03 00:00:00-04:00,25.187999725341797,25.187999725341797,25.0,25.010000228881836,1000,0.0,0.0
2022-06-06 00:00:00-04:00,25.0,25.0,25.0,25.0,1400,0.0,0.0
2022-06-07 00:00:00-04:00,24.889999389648438,24.90999984741211,24.850000381469727,24.899999618530273,1500,0.0,0.0
2022-06-08 00:00:00-04:00,24.850000381469727,24.850000381469727,24.799999237060547,24.809999465942383,3500,0.0,0.0
2022-06-09 00:00:00-04:00,24.81599998474121,24.969999313354492,24.81599998474121,24.959999084472656,2200,0.0,0.0
2022-06-10 00:00:00-04:00,24.972999572753906,24.972999572753906,24.780000686645508,24.864999771118164,6900,0.0,0.0
2022-06-13 00:00:00-04:00,24.649999618530273,24.649999618530273,24.368999481201172,24.368999481201172,13100,0.0,0.0
2022-06-14 00:00:00-04:00,24.350000381469727,24.36400032043457,24.350000381469727,24.350000381469727,13200,0.0,0.0
2022-06-15 00:00:00-04:00,24.3700008392334,24.3799991607666,24.3700008392334,24.3799991607666,500,0.0,0.0
2022-06-16 00:00:00-04:00,24.360000610351562,24.3700008392334,24.100000381469727,24.100000381469727,16300,0.0,0.0
2022-06-17 00:00:00-04:00,24.229999542236328,24.229999542236328,24.229999542236328,24.229999542236328,400,0.0,0.0
2022-06-21 00:00:00-04:00,24.479999542236328,24.510000228881836,24.149999618530273,24.149999618530273,16800,0.0,0.0
2022-06-22 00:00:00-04:00,24.170000076293945,24.209999084472656,24.149999618530273,24.18000030517578,3800,0.0,0.0
2022-06-23 00:00:00-04:00,24.139999389648438,24.420000076293945,24.049999237060547,24.049999237060547,16200,0.0,0.0
2022-06-24 00:00:00-04:00,24.149999618530273,24.459999084472656,24.100000381469727,24.21500015258789,13600,0.0,0.0
2022-06-27 00:00:00-04:00,24.219999313354492,24.329999923706055,24.104999542236328,24.149999618530273,3800,0.0,0.0
2022-06-28 00:00:00-04:00,24.149999618530273,24.25,24.0,24.100000381469727,8800,0.0,0.0
2022-06-29 00:00:00-04:00,24.200000762939453,24.200000762939453,24.200000762939453,24.200000762939453,300,0.0,0.0
2022-06-30 00:00:00-04:00,24.073999404907227,24.25,24.0,24.0,8800,0.0,0.0
2022-07-01 00:00:00-04:00,24.1200008392334,24.149999618530273,24.0,24.06999969482422,6500,0.0,0.0
2022-07-05 00:00:00-04:00,24.010000228881836,24.219999313354492,23.84000015258789,24.040000915527344,5000,0.0,0.0
2022-07-06 00:00:00-04:00,23.93000030517578,24.149999618530273,23.889999389648438,24.0,10600,0.0,0.0
2022-07-07 00:00:00-04:00,24.149999618530273,24.149999618530273,23.81999969482422,23.93000030517578,5600,0.0,0.0
2022-07-08 00:00:00-04:00,24.0,24.0,23.84000015258789,23.84000015258789,4000,0.0,0.0
2022-07-11 00:00:00-04:00,23.899999618530273,24.079999923706055,23.700000762939453,23.700000762939453,3000,0.0,0.0
2022-07-12 00:00:00-04:00,24.100000381469727,24.100000381469727,23.790000915527344,23.790000915527344,300,0.0,0.0
2022-07-13 00:00:00-04:00,23.979999542236328,23.979999542236328,23.530000686645508,23.770000457763672,3400,0.0,0.0
2022-07-14 00:00:00-04:00,23.40999984741211,23.40999984741211,23.18000030517578,23.329999923706055,3700,0.0,0.0
2022-07-15 00:00:00-04:00,23.25,23.3700008392334,23.1200008392334,23.290000915527344,1600,0.0,0.0
2022-07-18 00:00:00-04:00,23.43000030517578,23.579999923706055,23.43000030517578,23.57699966430664,1900,0.0,0.0
2022-07-19 00:00:00-04:00,23.549999237060547,23.600000381469727,23.299999237060547,23.420000076293945,13200,0.0,0.0
2022-07-20 00:00:00-04:00,23.43000030517578,23.549999237060547,23.25,23.489999771118164,5500,0.0,0.0
2022-07-21 00:00:00-04:00,23.43000030517578,23.469999313354492,23.43000030517578,23.469999313354492,400,0.0,0.0
2022-07-22 00:00:00-04:00,23.610000610351562,23.770000457763672,23.559999465942383,23.770000457763672,900,0.0,0.0
2022-07-25 00:00:00-04:00,23.770000457763672,23.8700008392334,23.520000457763672,23.8700008392334,700,0.0,0.0
2022-07-26 00:00:00-04:00,23.8700008392334,24.010000228881836,23.7549991607666,23.899999618530273,7900,0.0,0.0
2022-07-27 00:00:00-04:00,24.0,24.149999618530273,24.0,24.086999893188477,1300,0.0,0.0
2022-07-28 00:00:00-04:00,24.25,24.299999237060547,24.25,24.299999237060547,5300,0.0,0.0
2022-07-29 00:00:00-04:00,24.299999237060547,24.299999237060547,24.149999618530273,24.149999618530273,8900,0.0,0.0
2022-08-01 00:00:00-04:00,24.209999084472656,24.299999237060547,24.209999084472656,24.299999237060547,5000,0.0,0.0
2022-08-02 00:00:00-04:00,24.34000015258789,24.350000381469727,24.31999969482422,24.31999969482422,2000,0.0,0.0
2022-08-03 00:00:00-04:00,24.229999542236328,24.25,24.209999084472656,24.25,1400,0.0,0.0
2022-08-04 00:00:00-04:00,24.25,24.25,24.25,24.25,600,0.0,0.0
2022-08-05 00:00:00-04:00,24.219999313354492,24.299999237060547,24.082000732421875,24.29400062561035,9300,0.0,0.0
2022-08-08 00:00:00-04:00,24.25,24.299999237060547,24.25,24.299999237060547,800,0.0,0.0
2022-08-09 00:00:00-04:00,24.25,24.25,24.149999618530273,24.149999618530273,600,0.0,0.0
2022-08-10 00:00:00-04:00,24.299999237060547,24.299999237060547,24.299999237060547,24.299999237060547,2800,0.0,0.0
2022-08-11 00:00:00-04:00,24.049999237060547,24.049999237060547,24.040000915527344,24.040000915527344,1400,0.0,0.0
2022-08-12 00:00:00-04:00,24.177000045776367,24.177000045776367,24.049999237060547,24.059999465942383,3600,0.0,0.0
2022-08-15 00:00:00-04:00,24.100000381469727,24.100000381469727,23.90999984741211,23.950000762939453,7600,0.0,0.0
2022-08-16 00:00:00-04:00,23.959999084472656,24.110000610351562,23.820999145507812,24.040000915527344,7300,0.0,0.0
2022-08-17 00:00:00-04:00,23.809999465942383,23.899999618530273,23.700000762939453,23.81999969482422,4900,0.0,0.0
2022-08-18 00:00:00-04:00,23.940000534057617,23.989999771118164,23.809999465942383,23.809999465942383,3000,0.0,0.0
2022-08-19 00:00:00-04:00,23.850000381469727,23.850000381469727,23.809999465942383,23.850000381469727,2100,0.0,0.0
2022-08-22 00:00:00-04:00,24.0,24.3700008392334,24.0,24.079999923706055,2400,0.0,0.0
2022-08-23 00:00:00-04:00,24.0,24.0049991607666,23.924999237060547,23.924999237060547,5000,0.0,0.0
2022-08-24 00:00:00-04:00,23.850000381469727,23.850000381469727,23.84000015258789,23.850000381469727,3000,0.0,0.0
2022-08-25 00:00:00-04:00,23.989999771118164,23.989999771118164,23.850000381469727,23.8799991607666,3800,0.0,0.0
2022-08-26 00:00:00-04:00,23.850000381469727,23.979999542236328,23.799999237060547,23.799999237060547,12500,0.0,0.0
2022-08-29 00:00:00-04:00,23.799999237060547,23.799999237060547,23.764999389648438,23.764999389648438,4000,0.0,0.0
2022-08-30 00:00:00-04:00,23.799999237060547,24.152999877929688,23.760000228881836,23.81999969482422,10300,0.0,0.0
2022-08-31 00:00:00-04:00,23.950000762939453,23.950000762939453,23.75,23.75,2300,0.0,0.0
2022-09-01 00:00:00-04:00,23.700000762939453,23.729999542236328,23.600000381469727,23.6200008392334,8900,0.0,0.0
2022-09-02 00:00:00-04:00,23.65999984741211,23.847999572753906,23.450000762939453,23.6299991607666,22500,0.0,0.0
2022-09-06 00:00:00-04:00,23.549999237060547,23.649999618530273,23.450000762939453,23.579999923706055,7900,0.0,0.0
2022-09-07 00:00:00-04:00,23.600000381469727,23.600000381469727,23.510000228881836,23.510000228881836,700,0.0,0.0
2022-09-08 00:00:00-04:00,23.559999465942383,23.649999618530273,23.440000534057617,23.600000381469727,4000,0.0,0.0
2022-09-09 00:00:00-04:00,23.6200008392334,23.709999084472656,23.6200008392334,23.709999084472656,300,0.0,0.0
2022-09-12 00:00:00-04:00,23.709999084472656,23.709999084472656,23.709999084472656,23.709999084472656,0,0.0,0.0
2022-09-13 00:00:00-04:00,23.809999465942383,23.969999313354492,23.600000381469727,23.969999313354492,3600,0.0,0.0
2022-09-14 00:00:00-04:00,24.0,24.079999923706055,24.0,24.079999923706055,2700,0.0,0.0
2022-09-15 00:00:00-04:00,24.079999923706055,24.079999923706055,24.079999923706055,24.079999923706055,0,0.0,0.0
2022-09-16 00:00:00-04:00,23.90999984741211,23.90999984741211,23.600000381469727,23.850000381469727,6600,0.0,0.0
2022-09-19 00:00:00-04:00,23.700000762939453,23.829999923706055,23.520000457763672,23.75,20500,0.0,0.0
2022-09-20 00:00:00-04:00,23.600000381469727,23.780000686645508,23.450000762939453,23.6200008392334,33000,0.0,0.0
2022-09-21 00:00:00-04:00,23.6200008392334,23.780000686645508,23.600000381469727,23.780000686645508,1700,0.0,0.0
2022-09-22 00:00:00-04:00,23.68000030517578,24.1200008392334,23.65999984741211,24.040000915527344,2100,0.0,0.0
2022-09-23 00:00:00-04:00,23.680999755859375,23.940000534057617,23.680999755859375,23.940000534057617,2900,0.0,0.0
2022-09-26 00:00:00-04:00,23.649999618530273,23.889999389648438,23.600000381469727,23.889999389648438,10000,0.0,0.0
2022-09-27 00:00:00-04:00,23.600000381469727,23.75,23.600000381469727,23.68000030517578,2300,0.0,0.0
2022-09-28 00:00:00-04:00,23.68000030517578,23.889999389648438,23.68000030517578,23.760000228881836,1400,0.0,0.0
2022-09-29 00:00:00-04:00,23.690000534057617,23.790000915527344,23.690000534057617,23.700000762939453,2100,0.0,0.0
2022-09-30 00:00:00-04:00,23.899999618530273,24.25,23.600000381469727,24.25,20300,0.0,0.0
2022-10-03 00:00:00-04:00,23.76099967956543,24.25,23.6299991607666,24.25,3300,0.0,0.0
2022-10-04 00:00:00-04:00,24.25,24.25,23.899999618530273,24.079999923706055,800,0.0,0.0
2022-10-05 00:00:00-04:00,24.25,24.299999237060547,23.969999313354492,23.969999313354492,500,0.0,0.0
2022-10-06 00:00:00-04:00,23.809999465942383,24.25,23.799999237060547,24.0,1400,0.0,0.0
2022-10-07 00:00:00-04:00,23.979999542236328,24.209999084472656,23.719999313354492,23.985000610351562,1300,0.0,0.0
2022-10-10 00:00:00-04:00,24.09000015258789,24.200000762939453,23.920000076293945,23.920000076293945,3400,0.0,0.0
2022-10-11 00:00:00-04:00,23.84000015258789,24.04800033569336,23.84000015258789,24.04800033569336,700,0.0,0.0
2022-10-12 00:00:00-04:00,23.989999771118164,24.25,23.989999771118164,24.045000076293945,2400,0.0,0.0
2022-10-13 00:00:00-04:00,23.510000228881836,23.969999313354492,23.510000228881836,23.68000030517578,4600,0.0,0.0
2022-10-14 00:00:00-04:00,23.780000686645508,23.940000534057617,23.540000915527344,23.638999938964844,3800,0.0,0.0
2022-10-17 00:00:00-04:00,23.6200008392334,23.6200008392334,23.420000076293945,23.420000076293945,200,0.0,0.0
2022-10-18 00:00:00-04:00,23.732999801635742,23.732999801635742,23.700000762939453,23.700000762939453,500,0.0,0.0
2022-10-19 00:00:00-04:00,23.45199966430664,23.729999542236328,23.45199966430664,23.729999542236328,700,0.0,0.0
2022-10-20 00:00:00-04:00,23.40999984741211,23.770000457763672,23.40999984741211,23.579999923706055,3500,0.0,0.0
2022-10-21 00:00:00-04:00,23.579999923706055,23.579999923706055,23.579999923706055,23.579999923706055,0,0.0,0.0
2022-10-24 00:00:00-04:00,23.579999923706055,23.579999923706055,23.579999923706055,23.579999923706055,0,0.0,0.0
2022-10-25 00:00:00-04:00,23.600000381469727,23.600000381469727,23.450000762939453,23.46500015258789,4500,0.0,0.0
2022-10-26 00:00:00-04:00,23.450000762939453,23.510000228881836,23.0,23.510000228881836,4500,0.0,0.0
2022-10-27 00:00:00-04:00,23.5,23.5,22.950000762939453,23.5,1500,0.0,0.0
2022-10-28 00:00:00-04:00,23.5,23.5,23.5,23.5,0,0.0,0.0
2022-10-31 00:00:00-04:00,23.030000686645508,23.110000610351562,22.5,22.5,13700,0.0,0.0
2022-11-01 00:00:00-04:00,22.790000915527344,23.040000915527344,22.649999618530273,23.040000915527344,1300,0.0,0.0
2022-11-02 00:00:00-04:00,22.68000030517578,22.959999084472656,22.510000228881836,22.959999084472656,2500,0.0,0.0
2022-11-03 00:00:00-04:00,22.5,22.860000610351562,22.200000762939453,22.649999618530273,6300,0.0,0.0
2022-11-04 00:00:00-04:00,22.229999542236328,22.389999389648438,22.200000762939453,22.34000015258789,3900,0.0,0.0
2022-11-07 00:00:00-05:00,22.44499969482422,22.520000457763672,22.44499969482422,22.5,700,0.0,0.0
2022-11-08 00:00:00-05:00,22.6200008392334,22.889999389648438,22.6200008392334,22.889999389648438,400,0.0,0.0
2022-11-09 00:00:00-05:00,22.3799991607666,22.829999923706055,22.350000381469727,22.829999923706055,900,0.0,0.0
2022-11-10 00:00:00-05:00,22.850000381469727,23.104999542236328,22.650999069213867,23.0,7000,0.0,0.0
2022-11-11 00:00:00-05:00,23.579999923706055,23.579999923706055,22.649999618530273,23.020000457763672,3400,0.0,0.0
2022-11-14 00:00:00-05:00,23.0,23.0,23.0,23.0,600,0.0,0.0
2022-11-15 00:00:00-05:00,22.649999618530273,22.940000534057617,22.649999618530273,22.940000534057617,1000,0.0,0.0
2022-11-16 00:00:00-05:00,22.6200008392334,22.899999618530273,22.6200008392334,22.899999618530273,700,0.0,0.0
2022-11-17 00:00:00-05:00,22.950000762939453,23.100000381469727,22.540000915527344,22.540000915527344,1200,0.0,0.0
2022-11-18 00:00:00-05:00,22.540000915527344,22.540000915527344,22.540000915527344,22.540000915527344,0,0.0,0.0
2022-11-21 00:00:00-05:00,22.90999984741211,23.149999618530273,22.90999984741211,23.149999618530273,400,0.0,0.0
2022-11-22 00:00:00-05:00,23.149999618530273,23.222000122070312,22.799999237060547,22.809999465942383,6900,0.0,0.0
2022-11-23 00:00:00-05:00,22.809999465942383,22.809999465942383,22.71500015258789,22.71500015258789,1200,0.0,0.0
2022-11-25 00:00:00-05:00,23.417999267578125,23.417999267578125,23.417999267578125,23.417999267578125,700,0.0,0.0
2022-11-28 00:00:00-05:00,22.913999557495117,23.06999969482422,22.913999557495117,23.06999969482422,400,0.0,0.0
2022-11-29 00:00:00-05:00,22.899999618530273,22.899999618530273,22.59000015258789,22.600000381469727,4600,0.0,0.0
2022-11-30 00:00:00-05:00,22.610000610351562,23.940000534057617,22.600000381469727,23.940000534057617,15700,0.0,0.0
2022-12-01 00:00:00-05:00,22.81999969482422,23.920000076293945,22.809999465942383,23.139999389648438,3900,0.0,0.0
2022-12-02 00:00:00-05:00,23.44499969482422,23.579999923706055,23.270000457763672,23.399999618530273,600,0.0,0.0
2022-12-05 00:00:00-05:00,22.959999084472656,22.959999084472656,22.959999084472656,22.959999084472656,300,0.0,0.0
2022-12-06 00:00:00-05:00,22.93000030517578,23.075000762939453,22.93000030517578,22.969999313354492,2100,0.0,0.0
2022-12-07 00:00:00-05:00,23.020000457763672,23.020000457763672,23.020000457763672,23.020000457763672,400,0.0,0.0
2022-12-08 00:00:00-05:00,23.135000228881836,23.43899917602539,23.014999389648438,23.014999389648438,2000,0.0,0.0
2022-12-09 00:00:00-05:00,22.93000030517578,23.0,22.799999237060547,22.799999237060547,7100,0.0,0.0
2022-12-12 00:00:00-05:00,22.860000610351562,22.860000610351562,22.791000366210938,22.791000366210938,2600,0.0,0.0
2022-12-13 00:00:00-05:00,22.791000366210938,22.791000366210938,22.791000366210938,22.791000366210938,0,0.0,0.0
2022-12-14 00:00:00-05:00,22.959999084472656,23.079999923706055,22.899999618530273,23.020000457763672,3100,0.0,0.0
2022-12-15 00:00:00-05:00,23.405000686645508,23.624000549316406,22.799999237060547,22.875,16400,0.0,0.0
2022-12-16 00:00:00-05:00,22.93000030517578,23.347999572753906,22.93000030517578,23.229999542236328,800,0.0,0.0
2022-12-19 00:00:00-05:00,23.209999084472656,23.209999084472656,22.882999420166016,22.989999771118164,2500,0.0,0.0
2022-12-20 00:00:00-05:00,23.049999237060547,23.239999771118164,22.950000762939453,23.049999237060547,1800,0.0,0.0
2022-12-21 00:00:00-05:00,23.100000381469727,23.100000381469727,23.100000381469727,23.100000381469727,400,0.0,0.0
2022-12-22 00:00:00-05:00,23.0,23.03499984741211,22.999000549316406,23.0,3900,0.0,0.0
2022-12-23 00:00:00-05:00,23.0,23.360000610351562,23.0,23.360000610351562,80800,0.0,0.0
2022-12-27 00:00:00-05:00,23.18000030517578,23.360000610351562,23.0,23.149999618530273,3200,0.0,0.0
2022-12-28 00:00:00-05:00,23.149999618530273,23.149999618530273,23.149999618530273,23.149999618530273,0,0.0,0.0
2022-12-29 00:00:00-05:00,23.125999450683594,23.125999450683594,23.104999542236328,23.104999542236328,300,0.0,0.0
2022-12-30 00:00:00-05:00,23.06999969482422,23.360000610351562,23.014999389648438,23.360000610351562,6500,0.0,0.0
2023-01-03 00:00:00-05:00,23.360000610351562,23.360000610351562,23.09000015258789,23.1200008392334,1000,0.0,0.0
2023-01-04 00:00:00-05:00,22.84000015258789,23.260000228881836,22.81100082397461,23.219999313354492,700,0.0,0.0
2023-01-05 00:00:00-05:00,23.420000076293945,23.420000076293945,23.420000076293945,23.420000076293945,100,0.0,0.0
2023-01-06 00:00:00-05:00,23.440000534057617,23.440000534057617,23.399999618530273,23.410999298095703,3200,0.0,0.0
2023-01-09 00:00:00-05:00,23.43000030517578,23.459999084472656,23.0,23.049999237060547,9000,0.0,0.0
2023-01-10 00:00:00-05:00,23.399999618530273,23.399999618530273,23.110000610351562,23.18000030517578,5100,0.0,0.0
2023-01-11 00:00:00-05:00,23.399999618530273,23.399999618530273,23.399999618530273,23.399999618530273,100,0.0,0.0
2023-01-12 00:00:00-05:00,23.010000228881836,23.3700008392334,23.010000228881836,23.170000076293945,1900,0.0,0.0
2023-01-13 00:00:00-05:00,23.170000076293945,23.170000076293945,23.100000381469727,23.13800048828125,2000,0.0,0.0
2023-01-17 00:00:00-05:00,23.09000015258789,23.200000762939453,23.020000457763672,23.139999389648438,3900,0.0,0.0
2023-01-18 00:00:00-05:00,23.149999618530273,23.389999389648438,23.149999618530273,23.389999389648438,400,0.0,0.0
2023-01-19 00:00:00-05:00,23.18000030517578,23.18000030517578,23.18000030517578,23.18000030517578,400,0.0,0.0
2023-01-20 00:00:00-05:00,23.170000076293945,23.219999313354492,23.170000076293945,23.209999084472656,1000,0.0,0.0
2023-01-23 00:00:00-05:00,23.447999954223633,23.447999954223633,23.357999801635742,23.357999801635742,3100,0.0,0.0
2023-01-24 00:00:00-05:00,23.459999084472656,23.459999084472656,23.459999084472656,23.459999084472656,400,0.0,0.0
2023-01-25 00:00:00-05:00,23.299999237060547,23.299999237060547,23.299999237060547,23.299999237060547,2000,0.0,0.0
2023-01-26 00:00:00-05:00,23.43000030517578,23.43000030517578,23.200000762939453,23.3799991607666,10900,0.0,0.0
2023-01-27 00:00:00-05:00,23.399999618530273,23.440000534057617,23.18000030517578,23.299999237060547,7400,0.0,0.0
2023-01-30 00:00:00-05:00,23.200000762939453,23.25,23.15999984741211,23.15999984741211,4300,0.0,0.0
2023-01-31 00:00:00-05:00,23.200000762939453,23.25,23.079999923706055,23.079999923706055,11400,0.0,0.0
2023-02-01 00:00:00-05:00,23.229999542236328,23.25,23.200000762939453,23.200000762939453,1700,0.0,0.0
2023-02-02 00:00:00-05:00,23.15999984741211,23.309999465942383,23.15999984741211,23.309999465942383,1900,0.0,0.0
2023-02-03 00:00:00-05:00,23.190000534057617,23.43000030517578,23.139999389648438,23.299999237060547,900,0.0,0.0
2023-02-06 00:00:00-05:00,23.18000030517578,23.299999237060547,23.18000030517578,23.200000762939453,800,0.0,0.0
2023-02-07 00:00:00-05:00,23.209999084472656,23.2189998626709,23.200000762939453,23.2189998626709,1600,0.0,0.0
2023-02-08 00:00:00-05:00,23.15999984741211,23.190000534057617,23.149999618530273,23.149999618530273,4300,0.0,0.0
2023-02-09 00:00:00-05:00,23.36199951171875,23.46500015258789,23.36199951171875,23.46500015258789,800,0.0,0.0
2023-02-10 00:00:00-05:00,23.225000381469727,23.334999084472656,23.225000381469727,23.334999084472656,1200,0.0,0.0
2023-02-13 00:00:00-05:00,23.309999465942383,23.399999618530273,23.299999237060547,23.389999389648438,1000,0.0,0.0
2023-02-14 00:00:00-05:00,23.264999389648438,23.420000076293945,23.229999542236328,23.3799991607666,2500,0.0,0.0
2023-02-15 00:00:00-05:00,23.3799991607666,23.3799991607666,23.3799991607666,23.3799991607666,0,0.0,0.0
2023-02-16 00:00:00-05:00,23.25,23.450000762939453,23.25,23.450000762939453,2000,0.0,0.0
2023-02-17 00:00:00-05:00,23.43000030517578,23.43000030517578,23.350000381469727,23.43000030517578,800,0.0,0.0
2023-02-21 00:00:00-05:00,23.350000381469727,23.420000076293945,23.350000381469727,23.420000076293945,1400,0.0,0.0
2023-02-22 00:00:00-05:00,23.420000076293945,23.420000076293945,23.18000030517578,23.29599952697754,1100,0.0,0.0
2023-02-23 00:00:00-05:00,23.350000381469727,23.770000457763672,23.350000381469727,23.770000457763672,2800,0.0,0.0
2023-02-24 00:00:00-05:00,23.420000076293945,23.770000457763672,23.13599967956543,23.770000457763672,1500,0.0,0.0
2023-02-27 00:00:00-05:00,23.770000457763672,23.770000457763672,23.770000457763672,23.770000457763672,0,0.0,0.0
2023-02-28 00:00:00-05:00,23.75,23.81999969482422,23.459999084472656,23.81999969482422,7500,0.0,0.0
2023-03-01 00:00:00-05:00,23.520000457763672,23.520000457763672,23.520000457763672,23.520000457763672,500,0.0,0.0
2023-03-02 00:00:00-05:00,23.520000457763672,23.520000457763672,23.520000457763672,23.520000457763672,0,0.0,0.0
2023-03-03 00:00:00-05:00,23.65999984741211,23.65999984741211,23.31999969482422,23.385000228881836,1400,0.0,0.0
2023-03-06 00:00:00-05:00,23.476999282836914,23.579999923706055,23.476999282836914,23.579999923706055,500,0.0,0.0
2023-03-07 00:00:00-05:00,23.200000762939453,23.25200080871582,23.200000762939453,23.25200080871582,500,0.0,0.0
2023-03-08 00:00:00-05:00,23.236000061035156,23.579999923706055,23.20400047302246,23.299999237060547,1400,0.0,0.0
2023-03-09 00:00:00-05:00,23.450000762939453,23.450000762939453,23.149999618530273,23.149999618530273,4700,0.0,0.0
2023-03-10 00:00:00-05:00,23.420000076293945,23.433000564575195,23.100000381469727,23.375999450683594,1100,0.0,0.0
2023-03-13 00:00:00-04:00,23.079999923706055,23.079999923706055,23.0,23.0,2600,0.0,0.0
2023-03-14 00:00:00-04:00,23.290000915527344,23.299999237060547,23.290000915527344,23.299999237060547,300,0.0,0.0
2023-03-15 00:00:00-04:00,22.799999237060547,23.0,22.799999237060547,22.889999389648438,2100,0.0,0.0
2023-03-16 00:00:00-04:00,23.100000381469727,23.104999542236328,23.100000381469727,23.104999542236328,800,0.0,0.0
2023-03-17 00:00:00-04:00,22.829999923706055,22.860000610351562,22.81100082397461,22.81100082397461,900,0.0,0.0
2023-03-20 00:00:00-04:00,22.809999465942383,22.85300064086914,22.799999237060547,22.799999237060547,800,0.0,0.0
2023-03-21 00:00:00-04:00,22.799999237060547,22.799999237060547,22.799999237060547,22.799999237060547,0,0.0,0.0
2023-03-22 00:00:00-04:00,22.889999389648438,22.889999389648438,22.889999389648438,22.889999389648438,300,0.0,0.0
2023-03-23 00:00:00-04:00,22.889999389648438,22.889999389648438,22.889999389648438,22.889999389648438,0,0.0,0.0
2023-03-24 00:00:00-04:00,22.68000030517578,23.280000686645508,22.600000381469727,22.940000534057617,900,0.0,0.0
2023-03-27 00:00:00-04:00,22.940000534057617,22.940000534057617,22.940000534057617,22.940000534057617,0,0.0,0.0
2023-03-28 00:00:00-04:00,22.6200008392334,23.270000457763672,22.6200008392334,23.020000457763672,1200,0.0,0.0
2023-03-29 00:00:00-04:00,23.06399917602539,23.06399917602539,22.799999237060547,22.909000396728516,1700,0.0,0.0
2023-03-30 00:00:00-04:00,22.909000396728516,22.909000396728516,22.909000396728516,22.909000396728516,0,0.0,0.0
2023-03-31 00:00:00-04:00,23.049999237060547,23.600000381469727,23.01300048828125,23.600000381469727,12800,0.0,0.0
2023-04-03 00:00:00-04:00,23.600000381469727,23.600000381469727,23.37299919128418,23.37299919128418,1500,0.0,0.0
2023-04-04 00:00:00-04:00,23.18000030517578,23.510000228881836,23.18000030517578,23.510000228881836,900,0.0,0.0
2023-04-05 00:00:00-04:00,23.510000228881836,23.510000228881836,23.510000228881836,23.510000228881836,0,0.0,0.0
2023-04-06 00:00:00-04:00,23.510000228881836,23.510000228881836,23.510000228881836,23.510000228881836,0,0.0,0.0
2023-04-10 00:00:00-04:00,23.209999084472656,23.25,23.209999084472656,23.25,1600,0.0,0.0
2023-04-11 00:00:00-04:00,23.420000076293945,23.600000381469727,23.420000076293945,23.600000381469727,1200,0.0,0.0
2023-04-12 00:00:00-04:00,23.600000381469727,23.600000381469727,23.600000381469727,23.600000381469727,0,0.0,0.0
2023-04-13 00:00:00-04:00,23.28499984741211,23.28499984741211,23.264999389648438,23.274999618530273,1500,0.0,0.0
2023-04-14 00:00:00-04:00,23.274999618530273,23.274999618530273,23.274999618530273,23.274999618530273,0,0.0,0.0
2023-04-17 00:00:00-04:00,23.149999618530273,23.149999618530273,23.09000015258789,23.09000015258789,500,0.0,0.0
2023-04-18 00:00:00-04:00,22.93000030517578,22.93000030517578,22.93000030517578,22.93000030517578,300,0.0,0.0
2023-04-19 00:00:00-04:00,22.78499984741211,22.930999755859375,22.600000381469727,22.930999755859375,14300,0.0,0.0
2023-04-20 00:00:00-04:00,22.899999618530273,22.899999618530273,22.700000762939453,22.799999237060547,7000,0.0,0.0
2023-04-21 00:00:00-04:00,22.834999084472656,22.8700008392334,22.709999084472656,22.799999237060547,2700,0.0,0.0
2023-04-24 00:00:00-04:00,22.799999237060547,23.020000457763672,22.709999084472656,22.8799991607666,22800,0.0,0.0
2023-04-25 00:00:00-04:00,22.899999618530273,23.25,22.709999084472656,23.25,12400,0.0,0.0
2023-04-26 00:00:00-04:00,22.75,22.951000213623047,22.75,22.951000213623047,800,0.0,0.0
2023-04-27 00:00:00-04:00,23.139999389648438,23.139999389648438,22.88800048828125,22.889999389648438,1500,0.0,0.0
2023-04-28 00:00:00-04:00,23.079999923706055,23.25,23.0,23.25,20400,0.0,0.0
2023-05-01 00:00:00-04:00,23.049999237060547,23.049999237060547,23.049999237060547,23.049999237060547,200,0.0,0.0
2023-05-02 00:00:00-04:00,22.920000076293945,23.149999618530273,22.600000381469727,23.149999618530273,10100,0.0,0.0
2023-05-03 00:00:00-04:00,22.899999618530273,23.170000076293945,22.719999313354492,23.170000076293945,1500,0.0,0.0
2023-05-04 00:00:00-04:00,22.77199935913086,22.780000686645508,22.719999313354492,22.75,3100,0.0,0.0
2023-05-05 00:00:00-04:00,23.0049991607666,23.135000228881836,22.81999969482422,22.81999969482422,1000,0.0,0.0
2023-05-08 00:00:00-04:00,22.899999618530273,22.951000213623047,22.899999618530273,22.951000213623047,900,0.0,0.0
2023-05-09 00:00:00-04:00,22.951000213623047,22.951000213623047,22.951000213623047,22.951000213623047,0,0.0,0.0
2023-05-10 00:00:00-04:00,22.951000213623047,22.951000213623047,22.951000213623047,22.951000213623047,0,0.0,0.0
2023-05-11 00:00:00-04:00,23.075000762939453,23.260000228881836,22.84000015258789,23.260000228881836,700,0.0,0.0
2023-05-12 00:00:00-04:00,23.25,23.270000457763672,22.799999237060547,23.270000457763672,3800,0.0,0.0
2023-05-15 00:00:00-04:00,23.190000534057617,23.190000534057617,23.190000534057617,23.190000534057617,400,0.0,0.0
2023-05-16 00:00:00-04:00,22.930999755859375,23.100000381469727,22.930999755859375,23.100000381469727,1500,0.0,0.0
2023-05-17 00:00:00-04:00,23.059999465942383,23.1200008392334,23.059999465942383,23.1200008392334,500,0.0,0.0
2023-05-18 00:00:00-04:00,23.110000610351562,23.25,23.06999969482422,23.25,1900,0.0,0.0
2023-05-19 00:00:00-04:00,23.25,23.25,23.25,23.25,0,0.0,0.0
2023-05-22 00:00:00-04:00,23.469999313354492,23.5,23.469999313354492,23.5,400,0.0,0.0
2023-05-23 00:00:00-04:00,23.216999053955078,23.3700008392334,23.216999053955078,23.3700008392334,1300,0.0,0.0
2023-05-24 00:00:00-04:00,23.110000610351562,23.110000610351562,23.110000610351562,23.110000610351562,2300,0.0,0.0
2023-05-25 00:00:00-04:00,23.100000381469727,23.5,23.099000930786133,23.5,400,0.0,0.0
2023-05-26 00:00:00-04:00,23.200000762939453,23.200000762939453,23.200000762939453,23.200000762939453,200,0.0,0.0
2023-05-30 00:00:00-04:00,23.174999237060547,23.174999237060547,23.174999237060547,23.174999237060547,1400,0.0,0.0
2023-05-31 00:00:00-04:00,23.030000686645508,23.3799991607666,22.899999618530273,23.100000381469727,30100,0.0,0.0
2023-06-01 00:00:00-04:00,23.040000915527344,23.270000457763672,23.02199935913086,23.079999923706055,12900,0.0,0.0
2023-06-02 00:00:00-04:00,23.280000686645508,23.290000915527344,23.280000686645508,23.280000686645508,1200,0.0,0.0
2023-06-05 00:00:00-04:00,23.399999618530273,23.440000534057617,23.190000534057617,23.440000534057617,1300,0.0,0.0
2023-06-06 00:00:00-04:00,23.479999542236328,23.479999542236328,23.450000762939453,23.479999542236328,2100,0.0,0.0
2023-06-07 00:00:00-04:00,23.43000030517578,23.5,23.329999923706055,23.409000396728516,7500,0.0,0.0
2023-06-08 00:00:00-04:00,23.299999237060547,23.510000228881836,23.299999237060547,23.510000228881836,3200,0.0,0.0
2023-06-09 00:00:00-04:00,23.35700035095215,23.530000686645508,23.299999237060547,23.530000686645508,1900,0.0,0.0
2023-06-12 00:00:00-04:00,23.415000915527344,23.415000915527344,23.25,23.25,5300,0.0,0.0
2023-06-13 00:00:00-04:00,23.329999923706055,23.520000457763672,23.25,23.290000915527344,5500,0.0,0.0
2023-06-14 00:00:00-04:00,23.309999465942383,23.43000030517578,23.309999465942383,23.31999969482422,2300,0.0,0.0
2023-06-15 00:00:00-04:00,23.389999389648438,23.399999618530273,23.25,23.309999465942383,2700,0.0,0.0
2023-06-16 00:00:00-04:00,23.5,23.5,23.31999969482422,23.34000015258789,1600,0.0,0.0
2023-06-20 00:00:00-04:00,23.450000762939453,23.530000686645508,23.43000030517578,23.5,1200,0.0,0.0
2023-06-21 00:00:00-04:00,23.514999389648438,23.514999389648438,23.299999237060547,23.299999237060547,1800,0.0,0.0
2023-06-22 00:00:00-04:00,23.35300064086914,23.35300064086914,23.34000015258789,23.34000015258789,1400,0.0,0.0
2023-06-23 00:00:00-04:00,23.50200080871582,23.50200080871582,23.32200050354004,23.34000015258789,3500,0.0,0.0
2023-06-26 00:00:00-04:00,23.520000457763672,23.530000686645508,23.049999237060547,23.049999237060547,6400,0.0,0.0
2023-06-27 00:00:00-04:00,23.309999465942383,23.350000381469727,23.187999725341797,23.198999404907227,8000,0.0,0.0
2023-06-28 00:00:00-04:00,23.3799991607666,23.520000457763672,23.3799991607666,23.520000457763672,2400,0.0,0.0
2023-06-29 00:00:00-04:00,23.322999954223633,23.3700008392334,23.322999954223633,23.3700008392334,1100,0.0,0.0
2023-06-30 00:00:00-04:00,23.530000686645508,23.600000381469727,23.200000762939453,23.5,39000,0.0,0.0
2023-07-03 00:00:00-04:00,23.5,23.549999237060547,23.5,23.549999237060547,700,0.0,0.0
2023-07-05 00:00:00-04:00,23.56999969482422,23.56999969482422,23.549999237060547,23.549999237060547,500,0.0,0.0
2023-07-06 00:00:00-04:00,23.549999237060547,23.549999237060547,23.450000762939453,23.450000762939453,3100,0.0,0.0
2023-07-07 00:00:00-04:00,23.450000762939453,23.510000228881836,23.444000244140625,23.47100067138672,3600,0.0,0.0
2023-07-10 00:00:00-04:00,23.510000228881836,23.600000381469727,23.469999313354492,23.575000762939453,4300,0.0,0.0
2023-07-11 00:00:00-04:00,23.600000381469727,23.67300033569336,23.540000915527344,23.6299991607666,18200,0.0,0.0
2023-07-12 00:00:00-04:00,23.700000762939453,23.700000762939453,23.610000610351562,23.610000610351562,7200,0.0,0.0
2023-07-13 00:00:00-04:00,23.3700008392334,23.51799964904785,23.31999969482422,23.51799964904785,7900,0.0,0.0
2023-07-14 00:00:00-04:00,23.420000076293945,23.420000076293945,23.420000076293945,23.420000076293945,200,0.0,0.0
2023-07-17 00:00:00-04:00,23.420000076293945,23.420000076293945,23.420000076293945,23.420000076293945,0,0.0,0.0
2023-07-18 00:00:00-04:00,23.5,23.5,23.440000534057617,23.440000534057617,7000,0.0,0.0
2023-07-19 00:00:00-04:00,23.549999237060547,23.549999237060547,23.549999237060547,23.549999237060547,700,0.0,0.0
2023-07-20 00:00:00-04:00,23.520000457763672,23.586999893188477,23.520000457763672,23.549999237060547,3600,0.0,0.0
2023-07-21 00:00:00-04:00,23.575000762939453,23.59000015258789,23.575000762939453,23.59000015258789,1200,0.0,0.0
2023-07-24 00:00:00-04:00,23.59000015258789,23.59000015258789,23.459999084472656,23.520000457763672,3200,0.0,0.0
2023-07-25 00:00:00-04:00,23.549999237060547,23.549999237060547,23.53499984741211,23.54199981689453,2200,0.0,0.0
2023-07-26 00:00:00-04:00,23.56999969482422,23.56999969482422,23.54400062561035,23.56999969482422,1900,0.0,0.0
2023-07-27 00:00:00-04:00,23.59000015258789,23.59000015258789,23.59000015258789,23.59000015258789,400,0.0,0.0
2023-07-28 00:00:00-04:00,23.551000595092773,23.649999618530273,23.549999237060547,23.549999237060547,3900,0.0,0.0
2023-07-31 00:00:00-04:00,23.559999465942383,23.670000076293945,23.559999465942383,23.610000610351562,5600,0.0,0.0
2023-08-01 00:00:00-04:00,23.520000457763672,23.670000076293945,23.5,23.5,3600,0.0,0.0
2023-08-02 00:00:00-04:00,23.469999313354492,23.469999313354492,23.43000030517578,23.43000030517578,900,0.0,0.0
2023-08-03 00:00:00-04:00,23.43000030517578,23.43000030517578,23.43000030517578,23.43000030517578,200,0.0,0.0
2023-08-04 00:00:00-04:00,23.549999237060547,23.549999237060547,23.399999618530273,23.399999618530273,1000,0.0,0.0
2023-08-07 00:00:00-04:00,23.399999618530273,23.399999618530273,23.34000015258789,23.350000381469727,1500,0.0,0.0
2023-08-08 00:00:00-04:00,23.350000381469727,23.399999618530273,23.350000381469727,23.399999618530273,5400,0.0,0.0
2023-08-09 00:00:00-04:00,23.440000534057617,23.530000686645508,23.34000015258789,23.530000686645508,400,0.0,0.0
2023-08-10 00:00:00-04:00,23.415000915527344,23.489999771118164,23.415000915527344,23.43000030517578,4300,0.0,0.0
2023-08-11 00:00:00-04:00,23.415000915527344,23.500999450683594,23.399999618530273,23.399999618530273,1100,0.0,0.0
2023-08-14 00:00:00-04:00,23.399999618530273,23.399999618530273,23.399999618530273,23.399999618530273,0,0.0,0.0
2023-08-15 00:00:00-04:00,23.420000076293945,23.420000076293945,23.399999618530273,23.399999618530273,400,0.0,0.0
2023-08-16 00:00:00-04:00,23.399999618530273,23.399999618530273,23.299999237060547,23.389999389648438,3500,0.0,0.0
2023-08-17 00:00:00-04:00,23.47800064086914,23.5,23.399999618530273,23.5,4100,0.0,0.0
2023-08-18 00:00:00-04:00,23.540000915527344,23.540000915527344,23.447999954223633,23.489999771118164,600,0.0,0.0
2023-08-21 00:00:00-04:00,23.510000228881836,23.649999618530273,23.43000030517578,23.649999618530273,8100,0.0,0.0
2023-08-22 00:00:00-04:00,23.649999618530273,23.663000106811523,23.576000213623047,23.576000213623047,2400,0.0,0.0
2023-08-23 00:00:00-04:00,23.649999618530273,23.649999618530273,23.649999618530273,23.649999618530273,200,0.0,0.0
2023-08-24 00:00:00-04:00,23.549999237060547,23.549999237060547,23.549999237060547,23.549999237060547,200,0.0,0.0
2023-08-25 00:00:00-04:00,23.600000381469727,23.600000381469727,23.600000381469727,23.600000381469727,1100,0.0,0.0
2023-08-28 00:00:00-04:00,23.600000381469727,23.600000381469727,23.600000381469727,23.600000381469727,0,0.0,0.0
2023-08-29 00:00:00-04:00,23.600000381469727,23.600000381469727,23.600000381469727,23.600000381469727,0,0.0,0.0
2023-08-30 00:00:00-04:00,23.649999618530273,23.649999618530273,23.64900016784668,23.649999618530273,2400,0.0,0.0
2023-08-31 00:00:00-04:00,23.600000381469727,23.700000762939453,23.43000030517578,23.43000030517578,4800,0.0,0.0
2023-09-01 00:00:00-04:00,23.6299991607666,23.639999389648438,23.399999618530273,23.510000228881836,4800,0.0,0.0
2023-09-05 00:00:00-04:00,23.569000244140625,23.65999984741211,23.569000244140625,23.65999984741211,300,0.0,0.0
2023-09-06 00:00:00-04:00,23.65999984741211,23.65999984741211,23.65999984741211,23.65999984741211,0,0.0,0.0
2023-09-07 00:00:00-04:00,23.75,23.75,23.579999923706055,23.75,1700,0.0,0.0
2023-09-08 00:00:00-04:00,23.601999282836914,23.719999313354492,23.601999282836914,23.670000076293945,2500,0.0,0.0
2023-09-11 00:00:00-04:00,23.649999618530273,23.65999984741211,23.649999618530273,23.65999984741211,1400,0.0,0.0
2023-09-12 00:00:00-04:00,23.600000381469727,23.600000381469727,23.600000381469727,23.600000381469727,300,0.0,0.0
2023-09-13 00:00:00-04:00,23.534000396728516,23.534000396728516,23.534000396728516,23.534000396728516,100,0.0,0.0
2023-09-14 00:00:00-04:00,23.719999313354492,23.75,23.719999313354492,23.75,700,0.0,0.0
2023-09-15 00:00:00-04:00,23.75,23.75,23.75,23.75,0,0.0,0.0
2023-09-18 00:00:00-04:00,23.700000762939453,23.75,23.613000869750977,23.700000762939453,4800,0.0,0.0
2023-09-19 00:00:00-04:00,23.649999618530273,23.649999618530273,23.649999618530273,23.649999618530273,500,0.0,0.0
2023-09-20 00:00:00-04:00,23.649999618530273,23.65399932861328,23.649999618530273,23.65399932861328,1700,0.0,0.0
2023-09-21 00:00:00-04:00,23.440000534057617,23.75,23.420000076293945,23.670000076293945,1700,0.0,0.0
2023-09-22 00:00:00-04:00,23.75,23.78499984741211,23.75,23.78499984741211,2900,0.0,0.0
2023-09-25 00:00:00-04:00,23.600000381469727,23.676000595092773,23.600000381469727,23.676000595092773,600,0.0,0.0
2023-09-26 00:00:00-04:00,23.69499969482422,23.69499969482422,23.69499969482422,23.69499969482422,400,0.0,0.0
2023-09-27 00:00:00-04:00,23.639999389648438,23.639999389648438,23.280000686645508,23.600000381469727,4100,0.0,0.0
2023-09-28 00:00:00-04:00,23.600000381469727,23.600000381469727,23.600000381469727,23.600000381469727,0,0.0,0.0
2023-09-29 00:00:00-04:00,23.700000762939453,23.770000457763672,23.549999237060547,23.549999237060547,5000,0.0,0.0
2023-10-02 00:00:00-04:00,23.610000610351562,23.709999084472656,23.549999237060547,23.65999984741211,2700,0.0,0.0
2023-10-03 00:00:00-04:00,23.65999984741211,23.670000076293945,23.649999618530273,23.670000076293945,2800,0.0,0.0
2023-10-04 00:00:00-04:00,23.739999771118164,23.739999771118164,23.600000381469727,23.600000381469727,400,0.0,0.0
2023-10-05 00:00:00-04:00,23.510000228881836,23.600000381469727,23.510000228881836,23.600000381469727,1400,0.0,0.0
2023-10-06 00:00:00-04:00,23.579999923706055,23.579999923706055,23.200000762939453,23.200000762939453,67000,0.0,0.0
2023-10-09 00:00:00-04:00,23.200000762939453,23.530000686645508,22.93000030517578,23.530000686645508,145900,0.0,0.0
2023-10-10 00:00:00-04:00,23.450000762939453,23.729999542236328,23.450000762939453,23.729999542236328,1600,0.0,0.0
2023-10-11 00:00:00-04:00,23.65999984741211,23.75,23.649999618530273,23.65999984741211,2100,0.0,0.0
2023-10-12 00:00:00-04:00,23.200000762939453,23.469999313354492,23.200000762939453,23.469999313354492,6100,0.0,0.0
2023-10-13 00:00:00-04:00,23.459999084472656,23.469999313354492,23.389999389648438,23.469999313354492,1100,0.0,0.0
2023-10-16 00:00:00-04:00,23.381000518798828,23.5,23.381000518798828,23.479999542236328,2600,0.0,0.0
2023-10-17 00:00:00-04:00,23.479999542236328,23.479999542236328,23.479999542236328,23.479999542236328,1000,0.0,0.0
2023-10-18 00:00:00-04:00,23.31999969482422,23.5,23.31999969482422,23.420000076293945,1300,0.0,0.0
2023-10-19 00:00:00-04:00,23.5,23.5,23.32699966430664,23.450000762939453,1200,0.0,0.0
2023-10-20 00:00:00-04:00,23.5,23.5,23.450000762939453,23.450000762939453,500,0.0,0.0
2023-10-23 00:00:00-04:00,23.450000762939453,23.5,23.392000198364258,23.5,4000,0.0,0.0
2023-10-24 00:00:00-04:00,23.275999069213867,23.275999069213867,23.275999069213867,23.275999069213867,2400,0.0,0.0
2023-10-25 00:00:00-04:00,23.479999542236328,23.5,23.399999618530273,23.43199920654297,2900,0.0,0.0
2023-10-26 00:00:00-04:00,23.5,23.5,23.440000534057617,23.450000762939453,1300,0.0,0.0
2023-10-27 00:00:00-04:00,23.479999542236328,23.479999542236328,23.469999313354492,23.469999313354492,1300,0.0,0.0
2023-10-30 00:00:00-04:00,23.5,23.5,23.290000915527344,23.469999313354492,1000,0.0,0.0
2023-10-31 00:00:00-04:00,23.469999313354492,23.520000457763672,23.437999725341797,23.520000457763672,3700,0.0,0.0
2023-11-01 00:00:00-04:00,23.540000915527344,23.540000915527344,23.5,23.520000457763672,3100,0.0,0.0
2023-11-02 00:00:00-04:00,23.540000915527344,23.540000915527344,23.500999450683594,23.510000228881836,4100,0.0,0.0
2023-11-03 00:00:00-04:00,23.389999389648438,23.540000915527344,23.389999389648438,23.520000457763672,3000,0.0,0.0
2023-11-06 00:00:00-05:00,23.549999237060547,23.549999237060547,23.549999237060547,23.549999237060547,1500,0.0,0.0
2023-11-07 00:00:00-05:00,23.559999465942383,23.559999465942383,23.559999465942383,23.559999465942383,800,0.0,0.0
2023-11-08 00:00:00-05:00,23.520000457763672,23.59000015258789,23.469999313354492,23.59000015258789,1200,0.0,0.0
2023-11-09 00:00:00-05:00,23.600000381469727,23.600000381469727,23.559999465942383,23.559999465942383,700,0.0,0.0
2023-11-10 00:00:00-05:00,23.549999237060547,23.600000381469727,23.290000915527344,23.600000381469727,1500,0.0,0.0
2023-11-13 00:00:00-05:00,23.600000381469727,23.600000381469727,23.600000381469727,23.600000381469727,600,0.0,0.0
2023-11-14 00:00:00-05:00,23.6200008392334,23.65999984741211,23.6200008392334,23.6200008392334,2500,0.0,0.0
2023-11-15 00:00:00-05:00,23.610000610351562,23.6200008392334,23.43000030517578,23.6200008392334,5400,0.0,0.0
2023-11-16 00:00:00-05:00,23.520000457763672,23.597000122070312,23.309999465942383,23.540000915527344,8900,0.0,0.0
2023-11-17 00:00:00-05:00,23.559999465942383,23.56999969482422,23.559999465942383,23.56999969482422,600,0.0,0.0
2023-11-20 00:00:00-05:00,23.56999969482422,23.56999969482422,23.56999969482422,23.56999969482422,0,0.0,0.0
2023-11-21 00:00:00-05:00,23.6200008392334,23.68000030517578,23.6200008392334,23.649999618530273,800,0.0,0.0
2023-11-22 00:00:00-05:00,23.58300018310547,23.68000030517578,23.520000457763672,23.549999237060547,3800,0.0,0.0
2023-11-24 00:00:00-05:00,23.60300064086914,23.60300064086914,23.60300064086914,23.60300064086914,500,0.0,0.0
2023-11-27 00:00:00-05:00,23.520000457763672,23.600000381469727,23.492000579833984,23.600000381469727,4900,0.0,0.0
2023-11-28 00:00:00-05:00,23.59000015258789,23.68000030517578,23.200000762939453,23.63800048828125,3700,0.0,0.0
2023-11-29 00:00:00-05:00,23.584999084472656,23.68000030517578,23.579999923706055,23.68000030517578,3900,0.0,0.0
2023-11-30 00:00:00-05:00,23.739999771118164,23.75,23.670000076293945,23.75,6400,0.0,0.0
2023-12-01 00:00:00-05:00,23.75,23.75,23.690000534057617,23.74799919128418,2600,0.0,0.0
2023-12-04 00:00:00-05:00,23.59000015258789,23.799999237060547,23.552000045776367,23.760000228881836,7100,0.0,0.0
2023-12-05 00:00:00-05:00,23.5939998626709,23.829999923706055,23.399999618530273,23.68000030517578,4800,0.0,0.0
2023-12-06 00:00:00-05:00,23.816999435424805,23.829999923706055,23.770000457763672,23.829999923706055,1100,0.0,0.0
2023-12-07 00:00:00-05:00,23.808000564575195,23.8799991607666,23.790000915527344,23.850000381469727,19400,0.0,0.0
2023-12-08 00:00:00-05:00,23.8799991607666,23.93000030517578,23.700000762939453,23.93000030517578,14400,0.0,0.0
2023-12-11 00:00:00-05:00,23.836000442504883,23.979999542236328,23.79599952697754,23.979999542236328,10500,0.0,0.0
2023-12-12 00:00:00-05:00,23.979999542236328,23.979999542236328,23.979999542236328,23.979999542236328,0,0.0,0.0
2023-12-13 00:00:00-05:00,24.0,24.0,23.850000381469727,24.0,9000,0.0,0.0
2023-12-14 00:00:00-05:00,24.030000686645508,24.100000381469727,23.993000030517578,23.993000030517578,9800,0.0,0.0
2023-12-15 00:00:00-05:00,24.011999130249023,24.014999389648438,23.920000076293945,24.010000228881836,3700,0.0,0.0
2023-12-18 00:00:00-05:00,23.950000762939453,24.059999465942383,23.850000381469727,23.850000381469727,11500,0.0,0.0
2023-12-19 00:00:00-05:00,24.0,24.0,23.950000762939453,23.950000762939453,1300,0.0,0.0
2023-12-20 00:00:00-05:00,24.049999237060547,24.049999237060547,23.84000015258789,23.989999771118164,6700,0.0,0.0
2023-12-21 00:00:00-05:00,24.059999465942383,24.059999465942383,23.889999389648438,24.059999465942383,2000,0.0,0.0
2023-12-22 00:00:00-05:00,24.059999465942383,24.059999465942383,23.885000228881836,24.020000457763672,2200,0.0,0.0
2023-12-26 00:00:00-05:00,24.0,24.059999465942383,23.969999313354492,24.059999465942383,1600,0.0,0.0
2023-12-27 00:00:00-05:00,24.100000381469727,24.139999389648438,24.010000228881836,24.110000610351562,5000,0.0,0.0
2023-12-28 00:00:00-05:00,24.070999145507812,24.149999618530273,23.900999069213867,24.059999465942383,5100,0.0,0.0
2023-12-29 00:00:00-05:00,24.027000427246094,24.139999389648438,23.799999237060547,23.799999237060547,9100,0.0,0.0
2024-01-02 00:00:00-05:00,23.9689998626709,24.15999984741211,23.9689998626709,24.15999984741211,1200,0.0,0.0
2024-01-03 00:00:00-05:00,24.15999984741211,24.15999984741211,24.15999984741211,24.15999984741211,0,0.0,0.0
2024-01-04 00:00:00-05:00,24.05500030517578,24.07200050354004,23.920000076293945,24.07200050354004,2500,0.0,0.0
2024-01-05 00:00:00-05:00,24.059999465942383,24.059999465942383,24.0,24.059999465942383,3300,0.0,0.0
2024-01-08 00:00:00-05:00,24.170000076293945,24.209999084472656,24.170000076293945,24.200000762939453,1100,0.0,0.0
2024-01-09 00:00:00-05:00,24.149999618530273,24.170000076293945,24.149999618530273,24.15999984741211,5500,0.0,0.0
2024-01-10 00:00:00-05:00,24.100000381469727,24.149999618530273,24.100000381469727,24.110000610351562,6300,0.0,0.0
2024-01-11 00:00:00-05:00,23.850000381469727,23.889999389648438,23.850000381469727,23.889999389648438,1100,0.0,0.0
2024-01-12 00:00:00-05:00,24.0,24.0,23.950000762939453,23.950000762939453,4000,0.0,0.0
2024-01-16 00:00:00-05:00,24.0,24.020000457763672,23.799999237060547,23.850000381469727,4400,0.0,0.0
2024-01-17 00:00:00-05:00,23.799999237060547,24.0049991607666,23.799999237060547,23.950000762939453,2800,0.0,0.0
2024-01-18 00:00:00-05:00,23.93000030517578,23.93000030517578,23.93000030517578,23.93000030517578,700,0.0,0.0
2024-01-19 00:00:00-05:00,23.868000030517578,23.950000762939453,23.850000381469727,23.950000762939453,600,0.0,0.0
2024-01-22 00:00:00-05:00,23.950000762939453,23.950000762939453,23.950000762939453,23.950000762939453,0,0.0,0.0
2024-01-23 00:00:00-05:00,23.950000762939453,23.950000762939453,23.950000762939453,23.950000762939453,0,0.0,0.0
2024-01-24 00:00:00-05:00,23.950000762939453,23.950000762939453,23.950000762939453,23.950000762939453,0,0.0,0.0
2024-01-25 00:00:00-05:00,24.09000015258789,24.09000015258789,24.09000015258789,24.09000015258789,1700,0.0,0.0
2024-01-26 00:00:00-05:00,24.1200008392334,24.1200008392334,23.950000762939453,24.03499984741211,13400,0.0,0.0
2024-01-29 00:00:00-05:00,24.040000915527344,24.052000045776367,23.950000762939453,23.950000762939453,1800,0.0,0.0
2024-01-30 00:00:00-05:00,24.1200008392334,24.1200008392334,23.850000381469727,23.979999542236328,700,0.0,0.0
2024-01-31 00:00:00-05:00,24.0,24.0,23.790000915527344,23.790000915527344,4000,0.0,0.0
2024-02-01 00:00:00-05:00,23.989999771118164,24.030000686645508,23.989999771118164,24.020000457763672,2200,0.0,0.0
2024-02-02 00:00:00-05:00,24.049999237060547,24.100000381469727,23.799999237060547,23.829999923706055,5300,0.0,0.0
2024-02-05 00:00:00-05:00,23.950000762939453,23.950000762939453,23.950000762939453,23.950000762939453,400,0.0,0.0
2024-02-06 00:00:00-05:00,23.950000762939453,23.950000762939453,23.90999984741211,23.90999984741211,600,0.0,0.0
2024-02-07 00:00:00-05:00,24.010000228881836,24.010000228881836,23.799999237060547,23.850000381469727,2100,0.0,0.0
2024-02-08 00:00:00-05:00,23.8799991607666,23.8799991607666,23.81999969482422,23.81999969482422,1400,0.0,0.0
2024-02-09 00:00:00-05:00,23.850000381469727,23.989999771118164,23.850000381469727,23.989999771118164,4200,0.0,0.0
2024-02-12 00:00:00-05:00,23.989999771118164,23.989999771118164,23.945999145507812,23.989999771118164,800,0.0,0.0
2024-02-13 00:00:00-05:00,23.860000610351562,23.9950008392334,23.860000610351562,23.9950008392334,2300,0.0,0.0
2024-02-14 00:00:00-05:00,23.90999984741211,23.90999984741211,23.829999923706055,23.829999923706055,1300,0.0,0.0
2024-02-15 00:00:00-05:00,23.829999923706055,24.09000015258789,23.829999923706055,23.950000762939453,4600,0.0,0.0
2024-02-16 00:00:00-05:00,24.049999237060547,24.049999237060547,24.049999237060547,24.049999237060547,900,0.0,0.0
2024-02-20 00:00:00-05:00,23.8700008392334,24.049999237060547,23.860000610351562,24.049999237060547,1000,0.0,0.0
2024-02-21 00:00:00-05:00,24.049999237060547,24.049999237060547,23.989999771118164,23.989999771118164,300,0.0,0.0
2024-02-22 00:00:00-05:00,23.90999984741211,23.989999771118164,23.860000610351562,23.860000610351562,1100,0.0,0.0
2024-02-23 00:00:00-05:00,23.93600082397461,24.010000228881836,23.93600082397461,24.010000228881836,5100,0.0,0.0
2024-02-26 00:00:00-05:00,23.950000762939453,24.04199981689453,23.950000762939453,24.04199981689453,2700,0.0,0.0
2024-02-27 00:00:00-05:00,23.950000762939453,23.985000610351562,23.780000686645508,23.899999618530273,5900,0.0,0.0
2024-02-28 00:00:00-05:00,23.989999771118164,24.0,23.90999984741211,23.969999313354492,3600,0.0,0.0
2024-02-29 00:00:00-05:00,23.950000762939453,24.34000015258789,23.950000762939453,24.34000015258789,38000,0.0,0.0
2024-03-01 00:00:00-05:00,24.18000030517578,24.200000762939453,24.15999984741211,24.200000762939453,2400,0.0,0.0
2024-03-04 00:00:00-05:00,24.200000762939453,24.200000762939453,23.944000244140625,23.945999145507812,4800,0.0,0.0
2024-03-05 00:00:00-05:00,24.010000228881836,24.139999389648438,23.979999542236328,24.139999389648438,2500,0.0,0.0
2024-03-06 00:00:00-05:00,24.0310001373291,24.125,24.0310001373291,24.110000610351562,3300,0.0,0.0
2024-03-07 00:00:00-05:00,24.15999984741211,24.170000076293945,24.100000381469727,24.100000381469727,2800,0.0,0.0
2024-03-08 00:00:00-05:00,24.100000381469727,24.100000381469727,24.100000381469727,24.100000381469727,0,0.0,0.0
2024-03-11 00:00:00-04:00,24.149999618530273,24.149999618530273,24.049999237060547,24.110000610351562,1300,0.0,0.0
2024-03-12 00:00:00-04:00,24.110000610351562,24.110000610351562,24.110000610351562,24.110000610351562,0,0.0,0.0
2024-03-13 00:00:00-04:00,24.084999084472656,24.09600067138672,24.059999465942383,24.079999923706055,4200,0.0,0.0
2024-03-14 00:00:00-04:00,24.030000686645508,24.040000915527344,23.920000076293945,24.0,3800,0.0,0.0
2024-03-15 00:00:00-04:00,24.030000686645508,24.030000686645508,23.899999618530273,23.950000762939453,2800,0.0,0.0
2024-03-18 00:00:00-04:00,23.809999465942383,24.13599967956543,23.809999465942383,23.93000030517578,60900,0.0,0.0
2024-03-19 00:00:00-04:00,23.959999084472656,24.06999969482422,23.889999389648438,23.969999313354492,94100,0.0,0.0
2024-03-20 00:00:00-04:00,23.989999771118164,24.110000610351562,23.979999542236328,24.06999969482422,41700,0.0,0.0
2024-03-21 00:00:00-04:00,24.06999969482422,24.1200008392334,24.020999908447266,24.079999923706055,14700,0.0,0.0
2024-03-22 00:00:00-04:00,24.100000381469727,24.14900016784668,24.049999237060547,24.114999771118164,28500,0.0,0.0
2024-03-25 00:00:00-04:00,24.100000381469727,24.100000381469727,24.040000915527344,24.09600067138672,17500,0.0,0.0
2024-03-26 00:00:00-04:00,24.139999389648438,24.170000076293945,24.030000686645508,24.15999984741211,10200,0.0,0.0
2024-03-27 00:00:00-04:00,24.1299991607666,24.209999084472656,24.100000381469727,24.131000518798828,7300,0.0,0.0
2024-03-28 00:00:00-04:00,24.299999237060547,24.299999237060547,24.200000762939453,24.299999237060547,5700,0.0,0.0
2024-04-01 00:00:00-04:00,24.200000762939453,24.450000762939453,24.200000762939453,24.402999877929688,5000,0.0,0.0
2024-04-02 00:00:00-04:00,24.268999099731445,24.440000534057617,24.268999099731445,24.31999969482422,5300,0.0,0.0
2024-04-03 00:00:00-04:00,24.399999618530273,24.399999618530273,24.31999969482422,24.34000015258789,2100,0.0,0.0
2024-04-04 00:00:00-04:00,24.360000610351562,24.399999618530273,24.360000610351562,24.389999389648438,5000,0.0,0.0
2024-04-05 00:00:00-04:00,24.389999389648438,24.5,24.389999389648438,24.440000534057617,3600,0.0,0.0
2024-04-08 00:00:00-04:00,24.510000228881836,24.510000228881836,24.34000015258789,24.34000015258789,3300,0.0,0.0
2024-04-09 00:00:00-04:00,24.399999618530273,24.41900062561035,24.3700008392334,24.3700008392334,1400,0.0,0.0
2024-04-10 00:00:00-04:00,24.364999771118164,24.364999771118164,24.280000686645508,24.299999237060547,3900,0.0,0.0
2024-04-11 00:00:00-04:00,24.389999389648438,24.389999389648438,24.389999389648438,24.389999389648438,1800,0.0,0.0
2024-04-12 00:00:00-04:00,24.165000915527344,24.165000915527344,24.0,24.0,6100,0.0,0.0
2024-04-15 00:00:00-04:00,24.030000686645508,24.1200008392334,23.959999084472656,23.989999771118164,8500,0.0,0.0
2024-04-16 00:00:00-04:00,24.304000854492188,24.304000854492188,23.969999313354492,24.1200008392334,2800,0.0,0.0
2024-04-17 00:00:00-04:00,24.149999618530273,24.219999313354492,23.920000076293945,24.020000457763672,12500,0.0,0.0
2024-04-18 00:00:00-04:00,24.09000015258789,24.100000381469727,23.920000076293945,23.950000762939453,4100,0.0,0.0
2024-04-19 00:00:00-04:00,23.950000762939453,23.950000762939453,23.950000762939453,23.950000762939453,600,0.0,0.0
2024-04-22 00:00:00-04:00,23.950000762939453,23.950000762939453,23.950000762939453,23.950000762939453,300,0.0,0.0
2024-04-23 00:00:00-04:00,24.075000762939453,24.110000610351562,24.0,24.110000610351562,2000,0.0,0.0
2024-04-24 00:00:00-04:00,23.950000762939453,24.0,23.950000762939453,23.950000762939453,1700,0.0,0.0
2024-04-25 00:00:00-04:00,24.18000030517578,24.18000030517578,23.920000076293945,24.06999969482422,1500,0.0,0.0
2024-04-26 00:00:00-04:00,24.1299991607666,24.136999130249023,23.809999465942383,23.920000076293945,24500,0.0,0.0
2024-04-29 00:00:00-04:00,23.950000762939453,23.979999542236328,23.906999588012695,23.950000762939453,12600,0.0,0.0
2024-04-30 00:00:00-04:00,23.899999618530273,24.110000610351562,23.899999618530273,24.110000610351562,13700,0.0,0.0
2024-05-01 00:00:00-04:00,23.950000762939453,24.100000381469727,23.950000762939453,24.100000381469727,3700,0.0,0.0
2024-05-02 00:00:00-04:00,23.969999313354492,24.079999923706055,23.920000076293945,23.93000030517578,1300,0.0,0.0
2024-05-03 00:00:00-04:00,23.959999084472656,24.014999389648438,23.90999984741211,23.90999984741211,2400,0.0,0.0
2024-05-06 00:00:00-04:00,24.079999923706055,24.079999923706055,24.01099967956543,24.06999969482422,2500,0.0,0.0
2024-05-07 00:00:00-04:00,24.079999923706055,24.079999923706055,24.010000228881836,24.040000915527344,2400,0.0,0.0
2024-05-08 00:00:00-04:00,24.079999923706055,24.100000381469727,24.040000915527344,24.100000381469727,9200,0.0,0.0
2024-05-09 00:00:00-04:00,24.010000228881836,24.065000534057617,23.899999618530273,24.0,5200,0.0,0.0
2024-05-10 00:00:00-04:00,23.961999893188477,24.100000381469727,23.961999893188477,24.079999923706055,1600,0.0,0.0
2024-05-13 00:00:00-04:00,23.950000762939453,23.97599983215332,23.950000762939453,23.959999084472656,800,0.0,0.0
2024-05-14 00:00:00-04:00,24.040000915527344,24.040000915527344,24.040000915527344,24.040000915527344,1200,0.0,0.0
2024-05-15 00:00:00-04:00,24.100000381469727,24.100000381469727,24.100000381469727,24.100000381469727,500,0.0,0.0
2024-05-16 00:00:00-04:00,24.040000915527344,24.100000381469727,24.040000915527344,24.065000534057617,1900,0.0,0.0
2024-05-17 00:00:00-04:00,24.059999465942383,24.100000381469727,24.059999465942383,24.100000381469727,1100,0.0,0.0
2024-05-20 00:00:00-04:00,24.020000457763672,24.020000457763672,23.950000762939453,23.96500015258789,5500,0.0,0.0
2024-05-21 00:00:00-04:00,24.0,24.0,24.0,24.0,800,0.0,0.0
2024-05-22 00:00:00-04:00,24.0,24.0,24.0,24.0,500,0.0,0.0
2024-05-23 00:00:00-04:00,23.989999771118164,24.100000381469727,23.940000534057617,24.100000381469727,5700,0.0,0.0
2024-05-24 00:00:00-04:00,24.06999969482422,24.100000381469727,24.06999969482422,24.100000381469727,1600,0.0,0.0
2024-05-28 00:00:00-04:00,24.079999923706055,24.079999923706055,24.020000457763672,24.06999969482422,1400,0.0,0.0
2024-05-29 00:00:00-04:00,23.950000762939453,24.0,23.920000076293945,23.93600082397461,5600,0.0,0.0
2024-05-30 00:00:00-04:00,23.950000762939453,24.062000274658203,23.950000762939453,24.020000457763672,2100,0.0,0.0
2024-05-31 00:00:00-04:00,24.079999923706055,24.110000610351562,24.059999465942383,24.110000610351562,3300,0.0,0.0
2024-06-03 00:00:00-04:00,24.139999389648438,24.149999618530273,24.100000381469727,24.100000381469727,2000,0.0,0.0
2024-06-04 00:00:00-04:00,24.1299991607666,24.1299991607666,24.040000915527344,24.040000915527344,1100,0.0,0.0
2024-06-05 00:00:00-04:00,24.100000381469727,24.124000549316406,24.06999969482422,24.072999954223633,2900,0.0,0.0
2024-06-06 00:00:00-04:00,24.1299991607666,24.139999389648438,24.049999237060547,24.079999923706055,4400,0.0,0.0
2024-06-07 00:00:00-04:00,24.100000381469727,24.100000381469727,24.100000381469727,24.100000381469727,600,0.0,0.0
2024-06-10 00:00:00-04:00,24.110000610351562,24.110000610351562,24.110000610351562,24.110000610351562,400,0.0,0.0
2024-06-11 00:00:00-04:00,24.110000610351562,24.139999389648438,24.110000610351562,24.128999710083008,2600,0.0,0.0
2024-06-12 00:00:00-04:00,24.110000610351562,24.1299991607666,24.100000381469727,24.100000381469727,3500,0.0,0.0
2024-06-13 00:00:00-04:00,24.06999969482422,24.094999313354492,24.0,24.066999435424805,4000,0.0,0.0
2024-06-14 00:00:00-04:00,24.010000228881836,24.049999237060547,24.010000228881836,24.010000228881836,1600,0.0,0.0
2024-06-17 00:00:00-04:00,24.06999969482422,24.079999923706055,24.06999969482422,24.079999923706055,1700,0.0,0.0
2024-06-18 00:00:00-04:00,24.079999923706055,24.104000091552734,24.079999923706055,24.104000091552734,600,0.0,0.0
2024-06-20 00:00:00-04:00,24.079999923706055,24.09000015258789,24.079999923706055,24.09000015258789,900,0.0,0.0
2024-06-21 00:00:00-04:00,24.139999389648438,24.139999389648438,24.059999465942383,24.059999465942383,7000,0.0,0.0
2024-06-24 00:00:00-04:00,24.09000015258789,24.09000015258789,24.059999465942383,24.07699966430664,2800,0.0,0.0
2024-06-25 00:00:00-04:00,24.09000015258789,24.09000015258789,24.049999237060547,24.09000015258789,1300,0.0,0.0
2024-06-26 00:00:00-04:00,24.09000015258789,24.09000015258789,24.040000915527344,24.09000015258789,700,0.0,0.0
2024-06-27 00:00:00-04:00,24.079999923706055,24.079999923706055,24.079999923706055,24.079999923706055,100,0.0,0.0
2024-06-28 00:00:00-04:00,24.079999923706055,24.09000015258789,24.0,24.0,4500,0.0,0.0
2024-07-01 00:00:00-04:00,24.0,24.091999053955078,24.0,24.091999053955078,1000,0.0,0.0
2024-07-02 00:00:00-04:00,24.110000610351562,24.1299991607666,24.079999923706055,24.100000381469727,3100,0.0,0.0
2024-07-03 00:00:00-04:00,24.030000686645508,24.1299991607666,24.030000686645508,24.09000015258789,1300,0.0,0.0
2024-07-05 00:00:00-04:00,24.13800048828125,24.149999618530273,24.086000442504883,24.100000381469727,2300,0.0,0.0
2024-07-08 00:00:00-04:00,24.09000015258789,24.200000762939453,24.09000015258789,24.190000534057617,4700,0.0,0.0
2024-07-09 00:00:00-04:00,24.110000610351562,24.200000762939453,24.100000381469727,24.18000030517578,24700,0.0,0.0
2024-07-10 00:00:00-04:00,24.18000030517578,24.25,24.149999618530273,24.200000762939453,3500,0.0,0.0
2024-07-11 00:00:00-04:00,24.209999084472656,24.229999542236328,24.194000244140625,24.229999542236328,2000,0.0,0.0
2024-07-12 00:00:00-04:00,24.229999542236328,24.2450008392334,24.200000762939453,24.200000762939453,5700,0.0,0.0
2024-07-15 00:00:00-04:00,24.030000686645508,24.06999969482422,23.934999465942383,24.06999969482422,14400,0.0,0.0
2024-07-16 00:00:00-04:00,24.149999618530273,24.149999618530273,24.06999969482422,24.06999969482422,5100,0.0,0.0
2024-07-17 00:00:00-04:00,24.059999465942383,24.059999465942383,23.97599983215332,23.97599983215332,2100,0.0,0.0
2024-07-18 00:00:00-04:00,24.0,24.059999465942383,23.96500015258789,24.038000106811523,3600,0.0,0.0
2024-07-19 00:00:00-04:00,24.040000915527344,24.040000915527344,23.985000610351562,24.010000228881836,1100,0.0,0.0
2024-07-22 00:00:00-04:00,23.989999771118164,24.027000427246094,23.850000381469727,23.979999542236328,2500,0.0,0.0
2024-07-23 00:00:00-04:00,23.940000534057617,23.940000534057617,23.940000534057617,23.940000534057617,700,0.0,0.0
2024-07-24 00:00:00-04:00,24.062999725341797,24.062999725341797,24.030000686645508,24.030000686645508,700,0.0,0.0
2024-07-25 00:00:00-04:00,23.979999542236328,23.979999542236328,23.979999542236328,23.979999542236328,900,0.0,0.0
2024-07-26 00:00:00-04:00,24.09000015258789,24.09000015258789,24.040000915527344,24.040000915527344,2200,0.0,0.0
2024-07-29 00:00:00-04:00,24.09000015258789,24.09000015258789,24.049999237060547,24.049999237060547,1000,0.0,0.0
2024-07-30 00:00:00-04:00,24.049999237060547,24.049999237060547,23.850000381469727,24.0,6600,0.0,0.0
2024-07-31 00:00:00-04:00,24.040000915527344,24.049999237060547,23.979999542236328,24.049999237060547,7400,0.0,0.0
2024-08-01 00:00:00-04:00,24.145000457763672,24.145000457763672,23.959999084472656,23.959999084472656,1000,0.0,0.0
2024-08-02 00:00:00-04:00,23.969999313354492,24.020000457763672,23.969999313354492,24.020000457763672,800,0.0,0.0
2024-08-05 00:00:00-04:00,23.969999313354492,24.030000686645508,23.950000762939453,23.950000762939453,4800,0.0,0.0
2024-08-06 00:00:00-04:00,23.969999313354492,24.0,23.860000610351562,24.0,2900,0.0,0.0
2024-08-07 00:00:00-04:00,23.989999771118164,24.011999130249023,23.899999618530273,24.011999130249023,5500,0.0,0.0
2024-08-08 00:00:00-04:00,24.040000915527344,24.079999923706055,24.040000915527344,24.049999237060547,12500,0.0,0.0
2024-08-09 00:00:00-04:00,24.040000915527344,24.06999969482422,24.014999389648438,24.06999969482422,2900,0.0,0.0
2024-08-12 00:00:00-04:00,24.030000686645508,24.1200008392334,24.0,24.010000228881836,4400,0.0,0.0
2024-08-13 00:00:00-04:00,24.089000701904297,24.1200008392334,24.030000686645508,24.079999923706055,3200,0.0,0.0
2024-08-14 00:00:00-04:00,24.100000381469727,24.1200008392334,24.06999969482422,24.06999969482422,1900,0.0,0.0
2024-08-15 00:00:00-04:00,24.079999923706055,24.100000381469727,24.079999923706055,24.100000381469727,800,0.0,0.0
2024-08-16 00:00:00-04:00,24.139999389648438,24.209999084472656,24.139999389648438,24.209999084472656,1500,0.0,0.0
2024-08-19 00:00:00-04:00,24.18000030517578,24.18000030517578,24.15999984741211,24.15999984741211,6000,0.0,0.0
2024-08-20 00:00:00-04:00,24.149999618530273,24.156999588012695,24.149999618530273,24.156999588012695,400,0.0,0.0
2024-08-21 00:00:00-04:00,24.149999618530273,24.149999618530273,24.139999389648438,24.149999618530273,1200,0.0,0.0
2024-08-22 00:00:00-04:00,24.149999618530273,24.165000915527344,24.139999389648438,24.1560001373291,900,0.0,0.0
2024-08-23 00:00:00-04:00,24.167999267578125,24.190000534057617,24.139999389648438,24.170000076293945,6200,0.0,0.0
2024-08-26 00:00:00-04:00,24.1200008392334,24.190000534057617,24.1200008392334,24.190000534057617,4000,0.0,0.0
2024-08-27 00:00:00-04:00,24.190000534057617,24.190000534057617,24.176000595092773,24.176000595092773,1700,0.0,0.0
2024-08-28 00:00:00-04:00,24.101999282836914,24.200000762939453,24.097999572753906,24.200000762939453,5800,0.0,0.0
2024-08-29 00:00:00-04:00,24.200000762939453,24.200000762939453,24.09600067138672,24.18000030517578,6800,0.0,0.0
2024-08-30 00:00:00-04:00,24.200000762939453,24.225000381469727,23.860000610351562,23.860000610351562,45700,0.0,0.0
2024-09-03 00:00:00-04:00,23.989999771118164,24.100000381469727,23.969999313354492,24.024999618530273,15600,0.0,0.0
2024-09-04 00:00:00-04:00,24.09000015258789,24.100000381469727,24.020000457763672,24.100000381469727,4800,0.0,0.0
2024-09-05 00:00:00-04:00,24.10300064086914,24.1299991607666,24.0,24.059999465942383,6000,0.0,0.0
2024-09-06 00:00:00-04:00,24.1200008392334,24.1200008392334,23.950000762939453,24.09000015258789,11000,0.0,0.0
2024-09-09 00:00:00-04:00,24.1200008392334,24.18000030517578,24.020000457763672,24.18000030517578,14200,0.0,0.0
2024-09-10 00:00:00-04:00,24.18000030517578,24.219999313354492,24.100000381469727,24.219999313354492,2500,0.0,0.0
2024-09-11 00:00:00-04:00,24.09600067138672,24.219999313354492,24.09600067138672,24.200000762939453,1800,0.0,0.0
2024-09-12 00:00:00-04:00,24.239999771118164,24.239999771118164,24.239999771118164,24.239999771118164,1600,0.0,0.0
2024-09-13 00:00:00-04:00,24.239999771118164,24.3700008392334,24.104999542236328,24.360000610351562,12200,0.0,0.0
2024-09-16 00:00:00-04:00,24.34000015258789,24.399999618530273,24.219999313354492,24.350000381469727,9000,0.0,0.0
2024-09-17 00:00:00-04:00,24.329999923706055,24.360000610351562,24.239999771118164,24.360000610351562,2500,0.0,0.0
2024-09-18 00:00:00-04:00,24.239999771118164,24.440000534057617,24.18000030517578,24.18000030517578,5100,0.0,0.0
2024-09-19 00:00:00-04:00,24.200000762939453,24.440000534057617,24.200000762939453,24.34000015258789,2400,0.0,0.0
2024-09-20 00:00:00-04:00,24.31999969482422,24.459999084472656,24.375,24.459999084472656,11623,0.0,0.0
