Date,Open,High,Low,Close,Volume,Dividends,Stock Splits,Capital Gains
2022-08-18 00:00:00-04:00,25.599000930786133,25.599000930786133,25.599000930786133,25.599000930786133,0,0.0,0.0,0.0
2022-08-19 00:00:00-04:00,25.454999923706055,25.454999923706055,25.454999923706055,25.454999923706055,0,0.0,0.0,0.0
2022-08-22 00:00:00-04:00,25.309999465942383,25.309999465942383,25.309999465942383,25.309999465942383,0,0.0,0.0,0.0
2022-08-23 00:00:00-04:00,25.304000854492188,25.304000854492188,25.304000854492188,25.304000854492188,100,0.0,0.0,0.0
2022-08-24 00:00:00-04:00,25.290000915527344,25.290000915527344,25.290000915527344,25.290000915527344,0,0.0,0.0,0.0
2022-08-25 00:00:00-04:00,25.40399932861328,25.40399932861328,25.40399932861328,25.40399932861328,0,0.0,0.0,0.0
2022-08-26 00:00:00-04:00,25.34000015258789,25.34000015258789,25.299999237060547,25.299999237060547,100000,0.0,0.0,0.0
2022-08-29 00:00:00-04:00,25.200000762939453,25.200000762939453,25.200000762939453,25.200000762939453,0,0.0,0.0,0.0
2022-08-30 00:00:00-04:00,25.023000717163086,25.023000717163086,25.023000717163086,25.023000717163086,0,0.0,0.0,0.0
2022-08-31 00:00:00-04:00,25.010000228881836,25.010000228881836,24.920000076293945,24.920000076293945,100000,0.0,0.0,0.0
2022-09-01 00:00:00-04:00,24.81999969482422,24.81999969482422,24.81999969482422,24.81999969482422,100,0.0,0.0,0.0
2022-09-02 00:00:00-04:00,24.8700008392334,24.8700008392334,24.8700008392334,24.8700008392334,100,0.0,0.0,0.0
2022-09-06 00:00:00-04:00,24.75,24.75,24.75,24.75,100,0.0,0.0,0.0
2022-09-07 00:00:00-04:00,24.885000228881836,24.885000228881836,24.885000228881836,24.885000228881836,100,0.0,0.0,0.0
2022-09-08 00:00:00-04:00,24.920000076293945,24.920000076293945,24.900999069213867,24.900999069213867,100000,0.0,0.0,0.0
2022-09-09 00:00:00-04:00,24.979999542236328,24.979999542236328,24.979999542236328,24.979999542236328,100,0.0,0.0,0.0
2022-09-12 00:00:00-04:00,25.059999465942383,25.059999465942383,25.0,25.0,100000,0.0,0.0,0.0
2022-09-13 00:00:00-04:00,24.812999725341797,24.812999725341797,24.812999725341797,24.812999725341797,0,0.0,0.0,0.0
2022-09-14 00:00:00-04:00,24.81999969482422,24.81999969482422,24.81999969482422,24.81999969482422,0,0.0,0.0,0.0
2022-09-15 00:00:00-04:00,24.774999618530273,24.774999618530273,24.774999618530273,24.774999618530273,0,0.0,0.0,0.0
2022-09-16 00:00:00-04:00,24.725000381469727,24.725000381469727,24.725000381469727,24.725000381469727,0,0.0,0.0,0.0
2022-09-19 00:00:00-04:00,24.735000610351562,24.735000610351562,24.735000610351562,24.735000610351562,0,0.0,0.0,0.0
2022-09-20 00:00:00-04:00,24.645000457763672,24.645000457763672,24.645000457763672,24.645000457763672,0,0.0,0.0,0.0
2022-09-21 00:00:00-04:00,24.68000030517578,24.68000030517578,24.624000549316406,24.624000549316406,100000,0.0,0.0,0.0
2022-09-22 00:00:00-04:00,24.475000381469727,24.475000381469727,24.475000381469727,24.475000381469727,0,0.0,0.0,0.0
2022-09-23 00:00:00-04:00,24.363000869750977,24.363000869750977,24.363000869750977,24.363000869750977,0,0.0,0.0,0.0
2022-09-26 00:00:00-04:00,24.280000686645508,24.280000686645508,24.114999771118164,24.114999771118164,100000,0.0,0.0,0.0
2022-09-27 00:00:00-04:00,23.969999313354492,23.969999313354492,23.969999313354492,23.969999313354492,0,0.0,0.0,0.0
2022-09-28 00:00:00-04:00,24.059999465942383,24.059999465942383,24.059999465942383,24.059999465942383,0,0.0,0.0,0.0
2022-09-29 00:00:00-04:00,23.940000534057617,23.940000534057617,23.940000534057617,23.940000534057617,0,0.0,0.0,0.0
2022-09-30 00:00:00-04:00,23.875999450683594,23.875999450683594,23.875999450683594,23.875999450683594,100,0.0,0.0,0.0
2022-10-03 00:00:00-04:00,24.079999923706055,24.079999923706055,24.076000213623047,24.076000213623047,100,0.0,0.0,0.0
2022-10-04 00:00:00-04:00,24.275999069213867,24.275999069213867,24.275999069213867,24.275999069213867,0,0.0,0.0,0.0
2022-10-05 00:00:00-04:00,24.170000076293945,24.170000076293945,24.170000076293945,24.170000076293945,100,0.0,0.0,0.0
2022-10-06 00:00:00-04:00,24.124000549316406,24.124000549316406,24.124000549316406,24.124000549316406,100,0.0,0.0,0.0
2022-10-07 00:00:00-04:00,23.996999740600586,23.996999740600586,23.996999740600586,23.996999740600586,0,0.0,0.0,0.0
2022-10-10 00:00:00-04:00,23.924999237060547,23.924999237060547,23.924999237060547,23.924999237060547,0,0.0,0.0,0.0
2022-10-11 00:00:00-04:00,23.920000076293945,23.920000076293945,23.858999252319336,23.858999252319336,100,0.0,0.0,0.0
2022-10-12 00:00:00-04:00,23.841999053955078,23.841999053955078,23.841999053955078,23.841999053955078,0,0.0,0.0,0.0
2022-10-13 00:00:00-04:00,23.805999755859375,23.805999755859375,23.805999755859375,23.805999755859375,0,0.0,0.0,0.0
2022-10-14 00:00:00-04:00,23.711000442504883,23.711000442504883,23.711000442504883,23.711000442504883,0,0.0,0.0,0.0
2022-10-17 00:00:00-04:00,23.785999298095703,23.785999298095703,23.785999298095703,23.785999298095703,0,0.0,0.0,0.0
2022-10-18 00:00:00-04:00,23.854999542236328,23.854999542236328,23.854999542236328,23.854999542236328,0,0.0,0.0,0.0
2022-10-19 00:00:00-04:00,23.69499969482422,23.69499969482422,23.69499969482422,23.69499969482422,0,0.0,0.0,0.0
2022-10-20 00:00:00-04:00,23.6200008392334,23.6200008392334,23.6200008392334,23.6200008392334,0,0.0,0.0,0.0
2022-10-21 00:00:00-04:00,23.69499969482422,23.69499969482422,23.69499969482422,23.69499969482422,0,0.0,0.0,0.0
2022-10-24 00:00:00-04:00,23.69300079345703,23.69300079345703,23.69300079345703,23.69300079345703,0,0.0,0.0,0.0
2022-10-25 00:00:00-04:00,23.864999771118164,23.864999771118164,23.864999771118164,23.864999771118164,100,0.0,0.0,0.0
2022-10-26 00:00:00-04:00,23.96500015258789,23.96500015258789,23.96500015258789,23.96500015258789,0,0.0,0.0,0.0
2022-10-27 00:00:00-04:00,24.00200080871582,24.110000610351562,24.00200080871582,24.05500030517578,12900,0.0,0.0,0.0
2022-10-28 00:00:00-04:00,23.986000061035156,23.986000061035156,23.986000061035156,23.986000061035156,0,0.0,0.0,0.0
2022-10-31 00:00:00-04:00,23.889999389648438,23.891000747680664,23.889999389648438,23.891000747680664,100,0.0,0.0,0.0
2022-11-01 00:00:00-04:00,23.969999313354492,23.979999542236328,23.959999084472656,23.959999084472656,400,0.0,0.0,0.0
2022-11-02 00:00:00-04:00,23.889999389648438,23.889999389648438,23.889999389648438,23.889999389648438,100,0.0,0.0,0.0
2022-11-03 00:00:00-04:00,23.81999969482422,23.81999969482422,23.81999969482422,23.81999969482422,100,0.0,0.0,0.0
2022-11-04 00:00:00-04:00,23.889999389648438,23.889999389648438,23.889999389648438,23.889999389648438,0,0.0,0.0,0.0
2022-11-07 00:00:00-05:00,23.893999099731445,23.893999099731445,23.893999099731445,23.893999099731445,0,0.0,0.0,0.0
2022-11-08 00:00:00-05:00,23.985000610351562,23.985000610351562,23.985000610351562,23.985000610351562,100,0.0,0.0,0.0
2022-11-09 00:00:00-05:00,23.947999954223633,23.947999954223633,23.947999954223633,23.947999954223633,0,0.0,0.0,0.0
2022-11-10 00:00:00-05:00,24.40999984741211,24.40999984741211,24.40999984741211,24.40999984741211,0,0.0,0.0,0.0
2022-11-11 00:00:00-05:00,24.479999542236328,24.479999542236328,24.479999542236328,24.479999542236328,0,0.0,0.0,0.0
2022-11-14 00:00:00-05:00,24.393999099731445,24.393999099731445,24.393999099731445,24.393999099731445,0,0.0,0.0,0.0
2022-11-15 00:00:00-05:00,24.552000045776367,24.552000045776367,24.552000045776367,24.552000045776367,0,0.0,0.0,0.0
2022-11-16 00:00:00-05:00,24.6299991607666,24.6299991607666,24.6299991607666,24.6299991607666,0,0.0,0.0,0.0
2022-11-17 00:00:00-05:00,24.549999237060547,24.549999237060547,24.549999237060547,24.549999237060547,0,0.0,0.0,0.0
2022-11-18 00:00:00-05:00,24.542999267578125,24.542999267578125,24.542999267578125,24.542999267578125,0,0.0,0.0,0.0
2022-11-21 00:00:00-05:00,24.547000885009766,24.547000885009766,24.547000885009766,24.547000885009766,0,0.0,0.0,0.0
2022-11-22 00:00:00-05:00,24.625,24.625,24.625,24.625,0,0.0,0.0,0.0
2022-11-23 00:00:00-05:00,24.729999542236328,24.729999542236328,24.729999542236328,24.729999542236328,0,0.0,0.0,0.0
2022-11-25 00:00:00-05:00,24.725000381469727,24.725000381469727,24.725000381469727,24.725000381469727,0,0.0,0.0,0.0
2022-11-28 00:00:00-05:00,24.725000381469727,24.725000381469727,24.725000381469727,24.725000381469727,0,0.0,0.0,0.0
2022-11-29 00:00:00-05:00,24.614999771118164,24.614999771118164,24.614999771118164,24.614999771118164,0,0.0,0.0,0.0
2022-11-30 00:00:00-05:00,24.7549991607666,24.7549991607666,24.7549991607666,24.7549991607666,0,0.0,0.0,0.0
2022-12-01 00:00:00-05:00,24.893999099731445,24.893999099731445,24.893999099731445,24.893999099731445,100,0.0,0.0,0.0
2022-12-02 00:00:00-05:00,24.972999572753906,24.972999572753906,24.972999572753906,24.972999572753906,100,0.0,0.0,0.0
2022-12-05 00:00:00-05:00,24.843000411987305,24.843000411987305,24.843000411987305,24.843000411987305,100,0.0,0.0,0.0
2022-12-06 00:00:00-05:00,24.90999984741211,24.90999984741211,24.90999984741211,24.90999984741211,100,0.0,0.0,0.0
2022-12-07 00:00:00-05:00,24.9950008392334,24.9950008392334,24.9950008392334,24.9950008392334,100,0.0,0.0,0.0
2022-12-08 00:00:00-05:00,24.972000122070312,24.972000122070312,24.972000122070312,24.972000122070312,100,0.0,0.0,0.0
2022-12-09 00:00:00-05:00,24.905000686645508,24.905000686645508,24.905000686645508,24.905000686645508,0,0.0,0.0,0.0
2022-12-12 00:00:00-05:00,24.930999755859375,24.930999755859375,24.930999755859375,24.930999755859375,0,0.0,0.0,0.0
2022-12-13 00:00:00-05:00,25.086000442504883,25.086000442504883,25.086000442504883,25.086000442504883,0,0.0,0.0,0.0
2022-12-14 00:00:00-05:00,25.094999313354492,25.094999313354492,25.094999313354492,25.094999313354492,0,0.0,0.0,0.0
2022-12-15 00:00:00-05:00,25.072999954223633,25.072999954223633,25.072999954223633,25.072999954223633,100,0.0,0.0,0.0
2022-12-16 00:00:00-05:00,25.00200080871582,25.00200080871582,25.00200080871582,25.00200080871582,0,0.0,0.0,0.0
2022-12-19 00:00:00-05:00,24.889999389648438,24.889999389648438,24.889999389648438,24.889999389648438,0,0.0,0.0,0.0
2022-12-20 00:00:00-05:00,24.827999114990234,24.827999114990234,24.827999114990234,24.827999114990234,0,0.0,0.0,0.0
2022-12-21 00:00:00-05:00,24.889999389648438,24.889999389648438,24.889999389648438,24.889999389648438,100,0.0,0.0,0.0
2022-12-22 00:00:00-05:00,24.854999542236328,24.854999542236328,24.854999542236328,24.854999542236328,0,0.0,0.0,0.0
2022-12-23 00:00:00-05:00,24.825000762939453,24.825000762939453,24.825000762939453,24.825000762939453,0,0.0,0.0,0.0
2022-12-27 00:00:00-05:00,24.780000686645508,24.780000686645508,24.75,24.756999969482422,23900,0.0,0.0,0.0
2022-12-28 00:00:00-05:00,24.54599952697754,24.54599952697754,24.54599952697754,24.54599952697754,0,0.0,0.0,0.0
2022-12-29 00:00:00-05:00,24.639999389648438,24.639999389648438,24.639999389648438,24.639999389648438,0,0.0,0.0,0.0
2022-12-30 00:00:00-05:00,24.565000534057617,24.565000534057617,24.565000534057617,24.565000534057617,0,0.0,0.0,0.0
2023-01-03 00:00:00-05:00,24.658000946044922,24.658000946044922,24.658000946044922,24.658000946044922,100,0.0,0.0,0.0
2023-01-04 00:00:00-05:00,24.790000915527344,24.790000915527344,24.790000915527344,24.790000915527344,100,0.0,0.0,0.0
2023-01-05 00:00:00-05:00,24.770000457763672,24.770000457763672,24.764999389648438,24.764999389648438,100,0.0,0.0,0.0
2023-01-06 00:00:00-05:00,24.985000610351562,24.985000610351562,24.985000610351562,24.985000610351562,100,0.0,0.0,0.0
2023-01-09 00:00:00-05:00,25.03499984741211,25.03499984741211,25.03499984741211,25.03499984741211,100,0.0,0.0,0.0
2023-01-10 00:00:00-05:00,25.024999618530273,25.024999618530273,25.024999618530273,25.024999618530273,0,0.0,0.0,0.0
2023-01-11 00:00:00-05:00,25.139999389648438,25.139999389648438,25.139999389648438,25.139999389648438,100,0.0,0.0,0.0
2023-01-12 00:00:00-05:00,25.270000457763672,25.270000457763672,25.270000457763672,25.270000457763672,0,0.0,0.0,0.0
2023-01-13 00:00:00-05:00,25.270000457763672,25.270000457763672,25.270000457763672,25.270000457763672,100,0.0,0.0,0.0
2023-01-17 00:00:00-05:00,25.2549991607666,25.2549991607666,25.2549991607666,25.2549991607666,0,0.0,0.0,0.0
2023-01-18 00:00:00-05:00,25.415000915527344,25.415000915527344,25.415000915527344,25.415000915527344,0,0.0,0.0,0.0
2023-01-19 00:00:00-05:00,25.3799991607666,25.3799991607666,25.3799991607666,25.3799991607666,100,0.0,0.0,0.0
2023-01-20 00:00:00-05:00,25.329999923706055,25.329999923706055,25.329999923706055,25.329999923706055,0,0.0,0.0,0.0
2023-01-23 00:00:00-05:00,25.325000762939453,25.325000762939453,25.325000762939453,25.325000762939453,0,0.0,0.0,0.0
2023-01-24 00:00:00-05:00,25.399999618530273,25.399999618530273,25.399999618530273,25.399999618530273,0,0.0,0.0,0.0
2023-01-25 00:00:00-05:00,25.42099952697754,25.42099952697754,25.42099952697754,25.42099952697754,0,0.0,0.0,0.0
2023-01-26 00:00:00-05:00,25.42099952697754,25.42099952697754,25.42099952697754,25.42099952697754,0,0.0,0.0,0.0
2023-01-27 00:00:00-05:00,25.410999298095703,25.410999298095703,25.410999298095703,25.410999298095703,0,0.0,0.0,0.0
2023-01-30 00:00:00-05:00,25.264999389648438,25.264999389648438,25.264999389648438,25.264999389648438,100,0.0,0.0,0.0
2023-01-31 00:00:00-05:00,25.356000900268555,25.356000900268555,25.356000900268555,25.356000900268555,0,0.0,0.0,0.0
2023-02-01 00:00:00-05:00,25.360000610351562,25.4950008392334,25.360000610351562,25.4950008392334,100,0.0,0.0,0.0
2023-02-02 00:00:00-05:00,25.590999603271484,25.590999603271484,25.590999603271484,25.590999603271484,100,0.0,0.0,0.0
2023-02-03 00:00:00-05:00,25.43000030517578,25.43000030517578,25.43000030517578,25.43000030517578,100,0.0,0.0,0.0
2023-02-06 00:00:00-05:00,25.312000274658203,25.312000274658203,25.312000274658203,25.312000274658203,0,0.0,0.0,0.0
2023-02-07 00:00:00-05:00,25.305999755859375,25.305999755859375,25.305999755859375,25.305999755859375,100,0.0,0.0,0.0
2023-02-08 00:00:00-05:00,25.285999298095703,25.285999298095703,25.285999298095703,25.285999298095703,0,0.0,0.0,0.0
2023-02-09 00:00:00-05:00,25.21500015258789,25.21500015258789,25.21500015258789,25.21500015258789,0,0.0,0.0,0.0
2023-02-10 00:00:00-05:00,25.13800048828125,25.13800048828125,25.13800048828125,25.13800048828125,0,0.0,0.0,0.0
2023-02-13 00:00:00-05:00,25.149999618530273,25.149999618530273,25.149999618530273,25.149999618530273,100,0.0,0.0,0.0
2023-02-14 00:00:00-05:00,25.09000015258789,25.09000015258789,25.09000015258789,25.09000015258789,0,0.0,0.0,0.0
2023-02-15 00:00:00-05:00,25.040000915527344,25.040000915527344,25.040000915527344,25.040000915527344,0,0.0,0.0,0.0
2023-02-16 00:00:00-05:00,24.958999633789062,24.958999633789062,24.958999633789062,24.958999633789062,0,0.0,0.0,0.0
2023-02-17 00:00:00-05:00,24.979999542236328,24.979999542236328,24.979999542236328,24.979999542236328,0,0.0,0.0,0.0
2023-02-21 00:00:00-05:00,24.774999618530273,24.774999618530273,24.774999618530273,24.774999618530273,0,0.0,0.0,0.0
2023-02-22 00:00:00-05:00,24.844999313354492,24.844999313354492,24.844999313354492,24.844999313354492,0,0.0,0.0,0.0
2023-02-23 00:00:00-05:00,24.93400001525879,24.93400001525879,24.93400001525879,24.93400001525879,0,0.0,0.0,0.0
2023-02-24 00:00:00-05:00,24.80500030517578,24.80500030517578,24.80500030517578,24.80500030517578,100,0.0,0.0,0.0
2023-02-27 00:00:00-05:00,24.764999389648438,24.764999389648438,24.764999389648438,24.764999389648438,0,0.0,0.0,0.0
2023-02-28 00:00:00-05:00,24.739999771118164,24.739999771118164,24.739999771118164,24.739999771118164,100,0.0,0.0,0.0
2023-03-01 00:00:00-05:00,24.674999237060547,24.674999237060547,24.674999237060547,24.674999237060547,100,0.0,0.0,0.0
2023-03-02 00:00:00-05:00,24.589000701904297,24.589000701904297,24.589000701904297,24.589000701904297,100,0.0,0.0,0.0
2023-03-03 00:00:00-05:00,24.729000091552734,24.729000091552734,24.729000091552734,24.729000091552734,100,0.0,0.0,0.0
2023-03-06 00:00:00-05:00,24.670000076293945,24.69499969482422,24.670000076293945,24.69499969482422,100,0.0,0.0,0.0
2023-03-07 00:00:00-05:00,24.665000915527344,24.665000915527344,24.665000915527344,24.665000915527344,0,0.0,0.0,0.0
2023-03-08 00:00:00-05:00,24.642000198364258,24.642000198364258,24.642000198364258,24.642000198364258,100,0.0,0.0,0.0
2023-03-09 00:00:00-05:00,24.648000717163086,24.648000717163086,24.648000717163086,24.648000717163086,0,0.0,0.0,0.0
2023-03-10 00:00:00-05:00,24.79599952697754,24.79599952697754,24.79599952697754,24.79599952697754,0,0.0,0.0,0.0
2023-03-13 00:00:00-04:00,24.81999969482422,24.81999969482422,24.81999969482422,24.81999969482422,0,0.0,0.0,0.0
2023-03-14 00:00:00-04:00,24.784000396728516,24.784000396728516,24.784000396728516,24.784000396728516,0,0.0,0.0,0.0
2023-03-15 00:00:00-04:00,24.785999298095703,24.785999298095703,24.785999298095703,24.785999298095703,0,0.0,0.0,0.0
2023-03-16 00:00:00-04:00,24.750999450683594,24.750999450683594,24.750999450683594,24.750999450683594,0,0.0,0.0,0.0
2023-03-17 00:00:00-04:00,24.759000778198242,24.759000778198242,24.759000778198242,24.759000778198242,100,0.0,0.0,0.0
2023-03-20 00:00:00-04:00,24.733999252319336,24.733999252319336,24.733999252319336,24.733999252319336,0,0.0,0.0,0.0
2023-03-21 00:00:00-04:00,24.740999221801758,24.740999221801758,24.740999221801758,24.740999221801758,0,0.0,0.0,0.0
2023-03-22 00:00:00-04:00,24.834999084472656,24.834999084472656,24.834999084472656,24.834999084472656,0,0.0,0.0,0.0
2023-03-23 00:00:00-04:00,24.91200065612793,24.91200065612793,24.91200065612793,24.91200065612793,0,0.0,0.0,0.0
2023-03-24 00:00:00-04:00,24.924999237060547,24.924999237060547,24.924999237060547,24.924999237060547,0,0.0,0.0,0.0
2023-03-27 00:00:00-04:00,24.78499984741211,24.78499984741211,24.78499984741211,24.78499984741211,0,0.0,0.0,0.0
2023-03-28 00:00:00-04:00,24.791000366210938,24.791000366210938,24.791000366210938,24.791000366210938,0,0.0,0.0,0.0
2023-03-29 00:00:00-04:00,24.7549991607666,24.7549991607666,24.7549991607666,24.7549991607666,0,0.0,0.0,0.0
2023-03-30 00:00:00-04:00,24.84000015258789,24.84000015258789,24.84000015258789,24.84000015258789,100,0.0,0.0,0.0
2023-03-31 00:00:00-04:00,24.899999618530273,24.93400001525879,24.899999618530273,24.93400001525879,400,0.0,0.0,0.0
2023-04-03 00:00:00-04:00,25.049999237060547,25.049999237060547,25.03499984741211,25.03499984741211,12700,0.0,0.0,0.0
2023-04-04 00:00:00-04:00,25.05699920654297,25.05699920654297,25.05699920654297,25.05699920654297,100,0.0,0.0,0.0
2023-04-05 00:00:00-04:00,25.104999542236328,25.104999542236328,25.104999542236328,25.104999542236328,0,0.0,0.0,0.0
2023-04-06 00:00:00-04:00,25.111000061035156,25.111000061035156,25.111000061035156,25.111000061035156,100,0.0,0.0,0.0
2023-04-10 00:00:00-04:00,25.024999618530273,25.024999618530273,25.024999618530273,25.024999618530273,0,0.0,0.0,0.0
2023-04-11 00:00:00-04:00,25.09000015258789,25.09000015258789,25.059999465942383,25.09000015258789,12700,0.0,0.0,0.0
2023-04-12 00:00:00-04:00,25.05500030517578,25.05500030517578,25.05500030517578,25.05500030517578,100,0.0,0.0,0.0
2023-04-13 00:00:00-04:00,25.121000289916992,25.121000289916992,25.121000289916992,25.121000289916992,100,0.0,0.0,0.0
2023-04-14 00:00:00-04:00,25.020000457763672,25.020000457763672,25.020000457763672,25.020000457763672,200,0.0,0.0,0.0
2023-04-17 00:00:00-04:00,24.96500015258789,24.96500015258789,24.96500015258789,24.96500015258789,100,0.0,0.0,0.0
2023-04-18 00:00:00-04:00,24.950000762939453,24.985000610351562,24.950000762939453,24.985000610351562,100,0.0,0.0,0.0
2023-04-19 00:00:00-04:00,24.933000564575195,24.9689998626709,24.933000564575195,24.937000274658203,1000,0.0,0.0,0.0
2023-04-20 00:00:00-04:00,25.0,25.0,24.969999313354492,24.969999313354492,200,0.0,0.0,0.0
2023-04-21 00:00:00-04:00,25.0,25.0,24.97599983215332,24.97599983215332,1000,0.0,0.0,0.0
2023-04-24 00:00:00-04:00,25.020000457763672,25.020000457763672,25.020000457763672,25.020000457763672,100,0.0,0.0,0.0
2023-04-25 00:00:00-04:00,25.0939998626709,25.0939998626709,25.0939998626709,25.0939998626709,0,0.0,0.0,0.0
2023-04-26 00:00:00-04:00,25.040000915527344,25.040000915527344,25.040000915527344,25.040000915527344,0,0.0,0.0,0.0
2023-04-27 00:00:00-04:00,24.92099952697754,24.92099952697754,24.92099952697754,24.92099952697754,100,0.0,0.0,0.0
2023-04-28 00:00:00-04:00,24.982999801635742,24.982999801635742,24.982999801635742,24.982999801635742,100,0.0,0.0,0.0
2023-05-01 00:00:00-04:00,24.834999084472656,24.834999084472656,24.834999084472656,24.834999084472656,100,0.0,0.0,0.0
2023-05-02 00:00:00-04:00,24.934999465942383,24.934999465942383,24.934999465942383,24.934999465942383,100,0.0,0.0,0.0
2023-05-03 00:00:00-04:00,24.966999053955078,24.966999053955078,24.966999053955078,24.966999053955078,100,0.0,0.0,0.0
2023-05-04 00:00:00-04:00,24.959999084472656,24.959999084472656,24.959999084472656,24.959999084472656,100,0.0,0.0,0.0
2023-05-05 00:00:00-04:00,24.959999084472656,24.959999084472656,24.959999084472656,24.959999084472656,100,0.0,0.0,0.0
2023-05-08 00:00:00-04:00,24.8799991607666,24.8799991607666,24.864999771118164,24.864999771118164,800,0.0,0.0,0.0
2023-05-09 00:00:00-04:00,24.8700008392334,24.8700008392334,24.84000015258789,24.84000015258789,100,0.0,0.0,0.0
2023-05-10 00:00:00-04:00,24.93000030517578,24.93000030517578,24.93000030517578,24.93000030517578,100,0.0,0.0,0.0
2023-05-11 00:00:00-04:00,24.959999084472656,24.959999084472656,24.959999084472656,24.959999084472656,100,0.0,0.0,0.0
2023-05-12 00:00:00-04:00,24.885000228881836,24.885000228881836,24.885000228881836,24.885000228881836,100,0.0,0.0,0.0
2023-05-15 00:00:00-04:00,24.8700008392334,24.8700008392334,24.8700008392334,24.8700008392334,100,0.0,0.0,0.0
2023-05-16 00:00:00-04:00,24.79599952697754,24.79599952697754,24.79599952697754,24.79599952697754,0,0.0,0.0,0.0
2023-05-17 00:00:00-04:00,24.79199981689453,24.79199981689453,24.79199981689453,24.79199981689453,100,0.0,0.0,0.0
2023-05-18 00:00:00-04:00,24.743000030517578,24.743000030517578,24.743000030517578,24.743000030517578,100,0.0,0.0,0.0
2023-05-19 00:00:00-04:00,24.704999923706055,24.704999923706055,24.704999923706055,24.704999923706055,0,0.0,0.0,0.0
2023-05-22 00:00:00-04:00,24.698999404907227,24.698999404907227,24.698999404907227,24.698999404907227,100,0.0,0.0,0.0
2023-05-23 00:00:00-04:00,24.719999313354492,24.719999313354492,24.690000534057617,24.690000534057617,100,0.0,0.0,0.0
2023-05-24 00:00:00-04:00,24.636999130249023,24.636999130249023,24.636999130249023,24.636999130249023,100,0.0,0.0,0.0
2023-05-25 00:00:00-04:00,24.628999710083008,24.6299991607666,24.59000015258789,24.59000015258789,2000,0.0,0.0,0.0
2023-05-26 00:00:00-04:00,24.621999740600586,24.621999740600586,24.621999740600586,24.621999740600586,100,0.0,0.0,0.0
2023-05-30 00:00:00-04:00,24.64699935913086,24.64699935913086,24.64699935913086,24.64699935913086,100,0.0,0.0,0.0
2023-05-31 00:00:00-04:00,24.719999313354492,24.719999313354492,24.700000762939453,24.700000762939453,600,0.0,0.0,0.0
2023-06-01 00:00:00-04:00,24.709999084472656,24.739999771118164,24.700000762939453,24.700000762939453,800,0.0,0.0,0.0
2023-06-02 00:00:00-04:00,24.68000030517578,24.68000030517578,24.68000030517578,24.68000030517578,100,0.0,0.0,0.0
2023-06-05 00:00:00-04:00,24.670000076293945,24.670000076293945,24.670000076293945,24.670000076293945,100,0.0,0.0,0.0
2023-06-06 00:00:00-04:00,24.719999313354492,24.719999313354492,24.690000534057617,24.690000534057617,200,0.0,0.0,0.0
2023-06-07 00:00:00-04:00,24.634000778198242,24.634000778198242,24.634000778198242,24.634000778198242,100,0.0,0.0,0.0
2023-06-08 00:00:00-04:00,24.719999313354492,24.719999313354492,24.719999313354492,24.719999313354492,100,0.0,0.0,0.0
2023-06-09 00:00:00-04:00,24.683000564575195,24.683000564575195,24.683000564575195,24.683000564575195,100,0.0,0.0,0.0
2023-06-12 00:00:00-04:00,24.719999313354492,24.719999313354492,24.719999313354492,24.719999313354492,100,0.0,0.0,0.0
2023-06-13 00:00:00-04:00,24.684999465942383,24.684999465942383,24.684999465942383,24.684999465942383,100,0.0,0.0,0.0
2023-06-14 00:00:00-04:00,24.69499969482422,24.69499969482422,24.69499969482422,24.69499969482422,100,0.0,0.0,0.0
2023-06-15 00:00:00-04:00,24.815000534057617,24.815000534057617,24.815000534057617,24.815000534057617,100,0.0,0.0,0.0
2023-06-16 00:00:00-04:00,24.75,24.75,24.75,24.75,100,0.0,0.0,0.0
2023-06-20 00:00:00-04:00,24.790000915527344,24.790000915527344,24.790000915527344,24.790000915527344,100,0.0,0.0,0.0
2023-06-21 00:00:00-04:00,24.78499984741211,24.78499984741211,24.78499984741211,24.78499984741211,100,0.0,0.0,0.0
2023-06-22 00:00:00-04:00,24.71500015258789,24.71500015258789,24.71500015258789,24.71500015258789,100,0.0,0.0,0.0
2023-06-23 00:00:00-04:00,24.7189998626709,24.7189998626709,24.7189998626709,24.7189998626709,100,0.0,0.0,0.0
2023-06-26 00:00:00-04:00,24.761999130249023,24.761999130249023,24.761999130249023,24.761999130249023,100,0.0,0.0,0.0
2023-06-27 00:00:00-04:00,24.75200080871582,24.75200080871582,24.75200080871582,24.75200080871582,100,0.0,0.0,0.0
2023-06-28 00:00:00-04:00,24.665000915527344,24.665000915527344,24.665000915527344,24.665000915527344,100,0.0,0.0,0.0
2023-06-29 00:00:00-04:00,24.6200008392334,24.68000030517578,24.604000091552734,24.604000091552734,1900,0.0,0.0,0.0
2023-06-30 00:00:00-04:00,24.652000427246094,24.652000427246094,24.652000427246094,24.652000427246094,100,0.0,0.0,0.0
2023-07-03 00:00:00-04:00,24.615999221801758,24.615999221801758,24.615999221801758,24.615999221801758,100,0.0,0.0,0.0
2023-07-05 00:00:00-04:00,24.530000686645508,24.530000686645508,24.530000686645508,24.530000686645508,100,0.0,0.0,0.0
2023-07-06 00:00:00-04:00,24.405000686645508,24.405000686645508,24.405000686645508,24.405000686645508,100,0.0,0.0,0.0
2023-07-07 00:00:00-04:00,24.40999984741211,24.40999984741211,24.40999984741211,24.40999984741211,900,0.0,0.0,0.0
2023-07-10 00:00:00-04:00,24.46500015258789,24.46500015258789,24.46500015258789,24.46500015258789,100,0.0,0.0,0.0
2023-07-11 00:00:00-04:00,24.579999923706055,24.579999923706055,24.545000076293945,24.545000076293945,100,0.0,0.0,0.0
2023-07-12 00:00:00-04:00,24.70199966430664,24.70199966430664,24.70199966430664,24.70199966430664,100,0.0,0.0,0.0
2023-07-13 00:00:00-04:00,24.889999389648438,24.889999389648438,24.850000381469727,24.850000381469727,100,0.0,0.0,0.0
2023-07-14 00:00:00-04:00,24.799999237060547,24.799999237060547,24.766000747680664,24.766000747680664,900,0.0,0.0,0.0
2023-07-17 00:00:00-04:00,24.80500030517578,24.80500030517578,24.80500030517578,24.80500030517578,100,0.0,0.0,0.0
2023-07-18 00:00:00-04:00,24.854999542236328,24.854999542236328,24.854999542236328,24.854999542236328,100,0.0,0.0,0.0
2023-07-19 00:00:00-04:00,24.889999389648438,24.889999389648438,24.889999389648438,24.889999389648438,100,0.0,0.0,0.0
2023-07-20 00:00:00-04:00,24.834999084472656,24.834999084472656,24.825000762939453,24.825000762939453,400,0.0,0.0,0.0
2023-07-21 00:00:00-04:00,24.83799934387207,24.83799934387207,24.83799934387207,24.83799934387207,100,0.0,0.0,0.0
2023-07-24 00:00:00-04:00,24.844999313354492,24.844999313354492,24.844999313354492,24.844999313354492,100,0.0,0.0,0.0
2023-07-25 00:00:00-04:00,24.815000534057617,24.815000534057617,24.815000534057617,24.815000534057617,100,0.0,0.0,0.0
2023-07-26 00:00:00-04:00,24.864999771118164,24.864999771118164,24.864999771118164,24.864999771118164,100,0.0,0.0,0.0
2023-07-27 00:00:00-04:00,24.756999969482422,24.756999969482422,24.756999969482422,24.756999969482422,100,0.0,0.0,0.0
2023-07-28 00:00:00-04:00,24.71500015258789,24.71500015258789,24.71500015258789,24.71500015258789,100,0.0,0.0,0.0
2023-07-31 00:00:00-04:00,24.790000915527344,24.809999465942383,24.790000915527344,24.805999755859375,400,0.0,0.0,0.0
2023-08-01 00:00:00-04:00,24.67799949645996,24.67799949645996,24.67799949645996,24.67799949645996,100,0.0,0.0,0.0
2023-08-02 00:00:00-04:00,24.575000762939453,24.575000762939453,24.575000762939453,24.575000762939453,100,0.0,0.0,0.0
2023-08-03 00:00:00-04:00,24.4950008392334,24.4950008392334,24.4950008392334,24.4950008392334,100,0.0,0.0,0.0
2023-08-04 00:00:00-04:00,24.655000686645508,24.655000686645508,24.655000686645508,24.655000686645508,100,0.0,0.0,0.0
2023-08-07 00:00:00-04:00,24.65999984741211,24.65999984741211,24.65999984741211,24.65999984741211,100,0.0,0.0,0.0
2023-08-08 00:00:00-04:00,24.709999084472656,24.709999084472656,24.709999084472656,24.709999084472656,100,0.0,0.0,0.0
2023-08-09 00:00:00-04:00,24.735000610351562,24.735000610351562,24.735000610351562,24.735000610351562,100,0.0,0.0,0.0
2023-08-10 00:00:00-04:00,24.690000534057617,24.850000381469727,24.68000030517578,24.850000381469727,4000,0.0,0.0,0.0
2023-08-11 00:00:00-04:00,24.610000610351562,24.610000610351562,24.610000610351562,24.610000610351562,100,0.0,0.0,0.0
2023-08-14 00:00:00-04:00,24.549999237060547,24.549999237060547,24.549999237060547,24.549999237060547,100,0.0,0.0,0.0
2023-08-15 00:00:00-04:00,24.4950008392334,24.4950008392334,24.4950008392334,24.4950008392334,100,0.0,0.0,0.0
2023-08-16 00:00:00-04:00,24.43000030517578,24.43000030517578,24.43000030517578,24.43000030517578,100,0.0,0.0,0.0
2023-08-17 00:00:00-04:00,24.393999099731445,24.393999099731445,24.393999099731445,24.393999099731445,1600,0.0,0.0,0.0
2023-08-18 00:00:00-04:00,24.424999237060547,24.424999237060547,24.424999237060547,24.424999237060547,100,0.0,0.0,0.0
2023-08-21 00:00:00-04:00,24.329999923706055,24.329999923706055,24.329999923706055,24.329999923706055,0,0.0,0.0,0.0
2023-08-22 00:00:00-04:00,24.389999389648438,24.389999389648438,24.347000122070312,24.347000122070312,400,0.0,0.0,0.0
2023-08-23 00:00:00-04:00,24.520000457763672,24.520000457763672,24.520000457763672,24.520000457763672,100,0.0,0.0,0.0
2023-08-24 00:00:00-04:00,24.5049991607666,24.5049991607666,24.5049991607666,24.5049991607666,100,0.0,0.0,0.0
2023-08-25 00:00:00-04:00,24.514999389648438,24.514999389648438,24.514999389648438,24.514999389648438,100,0.0,0.0,0.0
2023-08-28 00:00:00-04:00,24.540000915527344,24.540000915527344,24.540000915527344,24.540000915527344,100,0.0,0.0,0.0
2023-08-29 00:00:00-04:00,24.670000076293945,24.670000076293945,24.639999389648438,24.639999389648438,200,0.0,0.0,0.0
2023-08-30 00:00:00-04:00,24.530000686645508,24.530000686645508,24.530000686645508,24.530000686645508,100,0.0,0.0,0.0
2023-08-31 00:00:00-04:00,24.562000274658203,24.562000274658203,24.562000274658203,24.562000274658203,100,0.0,0.0,0.0
2023-09-01 00:00:00-04:00,24.510000228881836,24.510000228881836,24.510000228881836,24.510000228881836,100,0.0,0.0,0.0
2023-09-05 00:00:00-04:00,24.405000686645508,24.405000686645508,24.405000686645508,24.405000686645508,100,0.0,0.0,0.0
2023-09-06 00:00:00-04:00,24.360000610351562,24.360000610351562,24.360000610351562,24.360000610351562,100,0.0,0.0,0.0
2023-09-07 00:00:00-04:00,24.424999237060547,24.424999237060547,24.424999237060547,24.424999237060547,100,0.0,0.0,0.0
2023-09-08 00:00:00-04:00,24.469999313354492,24.469999313354492,24.469999313354492,24.469999313354492,100,0.0,0.0,0.0
2023-09-11 00:00:00-04:00,24.459999084472656,24.459999084472656,24.434999465942383,24.434999465942383,400,0.0,0.0,0.0
2023-09-12 00:00:00-04:00,24.43000030517578,24.43000030517578,24.43000030517578,24.43000030517578,100,0.0,0.0,0.0
2023-09-13 00:00:00-04:00,24.459999084472656,24.459999084472656,24.459999084472656,24.459999084472656,100,0.0,0.0,0.0
2023-09-14 00:00:00-04:00,24.46500015258789,24.46500015258789,24.46500015258789,24.46500015258789,100,0.0,0.0,0.0
2023-09-15 00:00:00-04:00,24.413999557495117,24.413999557495117,24.413999557495117,24.413999557495117,100,0.0,0.0,0.0
2023-09-18 00:00:00-04:00,24.415000915527344,24.41900062561035,24.415000915527344,24.41900062561035,100,0.0,0.0,0.0
2023-09-19 00:00:00-04:00,24.384000778198242,24.384000778198242,24.384000778198242,24.384000778198242,100,0.0,0.0,0.0
2023-09-20 00:00:00-04:00,24.364999771118164,24.364999771118164,24.364999771118164,24.364999771118164,100,0.0,0.0,0.0
2023-09-21 00:00:00-04:00,24.235000610351562,24.235000610351562,24.235000610351562,24.235000610351562,100,0.0,0.0,0.0
2023-09-22 00:00:00-04:00,24.309999465942383,24.309999465942383,24.280000686645508,24.280000686645508,100,0.0,0.0,0.0
2023-09-25 00:00:00-04:00,24.16200065612793,24.16200065612793,24.16200065612793,24.16200065612793,100,0.0,0.0,0.0
2023-09-26 00:00:00-04:00,24.118000030517578,24.118000030517578,24.118000030517578,24.118000030517578,100,0.0,0.0,0.0
2023-09-27 00:00:00-04:00,23.968000411987305,23.968000411987305,23.968000411987305,23.968000411987305,100,0.0,0.0,0.0
2023-09-28 00:00:00-04:00,24.006000518798828,24.006000518798828,24.006000518798828,24.006000518798828,100,0.0,0.0,0.0
2023-09-29 00:00:00-04:00,24.01799964904785,24.01799964904785,24.01799964904785,24.01799964904785,100,0.0,0.0,0.0
2023-10-02 00:00:00-04:00,23.89299964904785,23.89299964904785,23.89299964904785,23.89299964904785,100,0.0,0.0,0.0
2023-10-03 00:00:00-04:00,23.700000762939453,23.700000762939453,23.700000762939453,23.700000762939453,100,0.0,0.0,0.0
2023-10-04 00:00:00-04:00,23.784000396728516,23.784000396728516,23.784000396728516,23.784000396728516,100,0.0,0.0,0.0
2023-10-05 00:00:00-04:00,23.795000076293945,23.795000076293945,23.795000076293945,23.795000076293945,0,0.0,0.0,0.0
2023-10-06 00:00:00-04:00,23.73200035095215,23.73200035095215,23.73200035095215,23.73200035095215,100,0.0,0.0,0.0
2023-10-09 00:00:00-04:00,23.885000228881836,23.885000228881836,23.885000228881836,23.885000228881836,0,0.0,0.0,0.0
2023-10-10 00:00:00-04:00,23.924999237060547,23.924999237060547,23.924999237060547,23.924999237060547,100,0.0,0.0,0.0
2023-10-11 00:00:00-04:00,24.014999389648438,24.014999389648438,24.014999389648438,24.014999389648438,100,0.0,0.0,0.0
2023-10-12 00:00:00-04:00,23.875,23.875,23.875,23.875,100,0.0,0.0,0.0
2023-10-13 00:00:00-04:00,23.950000762939453,23.950000762939453,23.950000762939453,23.950000762939453,100,0.0,0.0,0.0
2023-10-16 00:00:00-04:00,23.93000030517578,23.93000030517578,23.8700008392334,23.875,200,0.0,0.0,0.0
2023-10-17 00:00:00-04:00,23.74799919128418,23.74799919128418,23.74799919128418,23.74799919128418,100,0.0,0.0,0.0
2023-10-18 00:00:00-04:00,23.65999984741211,23.65999984741211,23.65999984741211,23.65999984741211,100,0.0,0.0,0.0
2023-10-19 00:00:00-04:00,23.559999465942383,23.559999465942383,23.559999465942383,23.559999465942383,100,0.0,0.0,0.0
2023-10-20 00:00:00-04:00,23.6299991607666,23.6299991607666,23.6299991607666,23.6299991607666,100,0.0,0.0,0.0
2023-10-23 00:00:00-04:00,23.65999984741211,23.704999923706055,23.65999984741211,23.704999923706055,100,0.0,0.0,0.0
2023-10-24 00:00:00-04:00,23.78499984741211,23.78499984741211,23.78499984741211,23.78499984741211,100,0.0,0.0,0.0
2023-10-25 00:00:00-04:00,23.655000686645508,23.655000686645508,23.655000686645508,23.655000686645508,100,0.0,0.0,0.0
2023-10-26 00:00:00-04:00,23.757999420166016,23.757999420166016,23.757999420166016,23.757999420166016,100,0.0,0.0,0.0
2023-10-27 00:00:00-04:00,23.75,23.75,23.75,23.75,100,0.0,0.0,0.0
2023-10-30 00:00:00-04:00,23.6200008392334,23.6200008392334,23.6200008392334,23.6200008392334,100,0.0,0.0,0.0
2023-10-31 00:00:00-04:00,23.636999130249023,23.636999130249023,23.636999130249023,23.636999130249023,100,0.0,0.0,0.0
2023-11-01 00:00:00-04:00,23.795000076293945,23.795000076293945,23.795000076293945,23.795000076293945,100,0.0,0.0,0.0
2023-11-02 00:00:00-04:00,23.9950008392334,23.9950008392334,23.9950008392334,23.9950008392334,100,0.0,0.0,0.0
2023-11-03 00:00:00-04:00,24.125,24.125,24.125,24.125,100,0.0,0.0,0.0
2023-11-06 00:00:00-05:00,24.059999465942383,24.059999465942383,24.059999465942383,24.059999465942383,100,0.0,0.0,0.0
2023-11-07 00:00:00-05:00,24.1299991607666,24.1299991607666,24.1299991607666,24.1299991607666,100,0.0,0.0,0.0
2023-11-08 00:00:00-05:00,24.197999954223633,24.197999954223633,24.197999954223633,24.197999954223633,100,0.0,0.0,0.0
2023-11-09 00:00:00-05:00,24.03499984741211,24.03499984741211,24.03499984741211,24.03499984741211,100,0.0,0.0,0.0
2023-11-10 00:00:00-05:00,24.06999969482422,24.06999969482422,24.06999969482422,24.06999969482422,100,0.0,0.0,0.0
2023-11-13 00:00:00-05:00,24.059999465942383,24.059999465942383,24.059999465942383,24.059999465942383,0,0.0,0.0,0.0
2023-11-14 00:00:00-05:00,24.309999465942383,24.309999465942383,24.309999465942383,24.309999465942383,100,0.0,0.0,0.0
2023-11-15 00:00:00-05:00,24.235000610351562,24.235000610351562,24.235000610351562,24.235000610351562,100,0.0,0.0,0.0
2023-11-16 00:00:00-05:00,24.31100082397461,24.31100082397461,24.31100082397461,24.31100082397461,100,0.0,0.0,0.0
2023-11-17 00:00:00-05:00,24.35700035095215,24.35700035095215,24.35700035095215,24.35700035095215,100,0.0,0.0,0.0
2023-11-20 00:00:00-05:00,24.40999984741211,24.40999984741211,24.40999984741211,24.40999984741211,100,0.0,0.0,0.0
2023-11-21 00:00:00-05:00,24.420000076293945,24.420000076293945,24.420000076293945,24.420000076293945,100,0.0,0.0,0.0
2023-11-22 00:00:00-05:00,24.459999084472656,24.459999084472656,24.459999084472656,24.459999084472656,1400,0.0,0.0,0.0
2023-11-24 00:00:00-05:00,24.405000686645508,24.405000686645508,24.405000686645508,24.405000686645508,100,0.0,0.0,0.0
2023-11-27 00:00:00-05:00,24.485000610351562,24.485000610351562,24.485000610351562,24.485000610351562,100,0.0,0.0,0.0
2023-11-28 00:00:00-05:00,24.56800079345703,24.56800079345703,24.56800079345703,24.56800079345703,100,0.0,0.0,0.0
2023-11-29 00:00:00-05:00,24.59000015258789,24.59000015258789,24.59000015258789,24.59000015258789,100,0.0,0.0,0.0
2023-11-30 00:00:00-05:00,24.549999237060547,24.549999237060547,24.54599952697754,24.54599952697754,4100,0.0,0.0,0.0
2023-12-01 00:00:00-05:00,24.726999282836914,24.726999282836914,24.726999282836914,24.726999282836914,100,0.0,0.0,0.0
2023-12-04 00:00:00-05:00,24.700000762939453,24.700000762939453,24.615999221801758,24.615999221801758,6400,0.0,0.0,0.0
2023-12-05 00:00:00-05:00,24.7450008392334,24.7450008392334,24.7450008392334,24.7450008392334,0,0.0,0.0,0.0
2023-12-06 00:00:00-05:00,24.81999969482422,24.81999969482422,24.799999237060547,24.799999237060547,500,0.0,0.0,0.0
2023-12-07 00:00:00-05:00,24.799999237060547,24.850000381469727,24.799999237060547,24.812000274658203,3700,0.0,0.0,0.0
2023-12-08 00:00:00-05:00,24.719999313354492,24.735000610351562,24.719999313354492,24.735000610351562,100,0.0,0.0,0.0
2023-12-11 00:00:00-05:00,24.68899917602539,24.709999084472656,24.68899917602539,24.709999084472656,100,0.0,0.0,0.0
2023-12-12 00:00:00-05:00,24.75,24.75,24.75,24.75,100,0.0,0.0,0.0
2023-12-13 00:00:00-05:00,24.969999313354492,24.982999801635742,24.969999313354492,24.982999801635742,300,0.0,0.0,0.0
2023-12-14 00:00:00-05:00,25.239999771118164,25.239999771118164,25.239999771118164,25.239999771118164,200,0.0,0.0,0.0
2023-12-15 00:00:00-05:00,25.20400047302246,25.20400047302246,25.20400047302246,25.20400047302246,0,0.0,0.0,0.0
2023-12-18 00:00:00-05:00,25.184999465942383,25.190000534057617,25.184999465942383,25.190000534057617,900,0.0,0.0,0.0
2023-12-19 00:00:00-05:00,25.25,25.25,25.229999542236328,25.229999542236328,200,0.0,0.0,0.0
2023-12-20 00:00:00-05:00,25.274999618530273,25.274999618530273,25.274999618530273,25.274999618530273,100,0.0,0.0,0.0
2023-12-21 00:00:00-05:00,25.299999237060547,25.299999237060547,25.299999237060547,25.299999237060547,100,0.0,0.0,0.0
2023-12-22 00:00:00-05:00,25.288000106811523,25.288000106811523,25.288000106811523,25.288000106811523,0,0.0,0.0,0.0
2023-12-26 00:00:00-05:00,25.31599998474121,25.31599998474121,25.31599998474121,25.31599998474121,100,0.0,0.0,0.0
2023-12-27 00:00:00-05:00,25.266000747680664,25.266000747680664,25.266000747680664,25.266000747680664,0,0.0,0.0,0.0
2023-12-28 00:00:00-05:00,25.263999938964844,25.263999938964844,25.263999938964844,25.263999938964844,100,0.0,0.0,0.0
2023-12-29 00:00:00-05:00,25.226999282836914,25.226999282836914,25.226999282836914,25.226999282836914,100,0.0,0.0,0.0
2024-01-02 00:00:00-05:00,25.159000396728516,25.159000396728516,25.159000396728516,25.159000396728516,100,0.0,0.0,0.0
2024-01-03 00:00:00-05:00,25.114999771118164,25.114999771118164,25.114999771118164,25.114999771118164,100,0.0,0.0,0.0
2024-01-04 00:00:00-05:00,25.038000106811523,25.038000106811523,25.038000106811523,25.038000106811523,0,0.0,0.0,0.0
2024-01-05 00:00:00-05:00,25.079999923706055,25.079999923706055,25.0049991607666,25.0049991607666,25000,0.0,0.0,0.0
2024-01-08 00:00:00-05:00,25.100000381469727,25.110000610351562,25.08099937438965,25.08099937438965,500,0.0,0.0,0.0
2024-01-09 00:00:00-05:00,25.100000381469727,25.100000381469727,25.090999603271484,25.090999603271484,500,0.0,0.0,0.0
2024-01-10 00:00:00-05:00,25.110000610351562,25.110000610351562,25.110000610351562,25.110000610351562,100,0.0,0.0,0.0
2024-01-11 00:00:00-05:00,25.149999618530273,25.149999618530273,25.149999618530273,25.149999618530273,100,0.0,0.0,0.0
2024-01-12 00:00:00-05:00,25.270000457763672,25.270000457763672,25.270000457763672,25.270000457763672,100,0.0,0.0,0.0
2024-01-16 00:00:00-05:00,25.18000030517578,25.18000030517578,25.18000030517578,25.18000030517578,200,0.0,0.0,0.0
2024-01-17 00:00:00-05:00,25.1299991607666,25.1299991607666,25.1299991607666,25.1299991607666,200,0.0,0.0,0.0
2024-01-18 00:00:00-05:00,25.134000778198242,25.134000778198242,25.134000778198242,25.134000778198242,0,0.0,0.0,0.0
2024-01-19 00:00:00-05:00,25.15999984741211,25.15999984741211,25.15999984741211,25.15999984741211,0,0.0,0.0,0.0
2024-01-22 00:00:00-05:00,25.204999923706055,25.204999923706055,25.204999923706055,25.204999923706055,100,0.0,0.0,0.0
2024-01-23 00:00:00-05:00,25.18400001525879,25.18400001525879,25.18400001525879,25.18400001525879,100,0.0,0.0,0.0
2024-01-24 00:00:00-05:00,25.145000457763672,25.145000457763672,25.145000457763672,25.145000457763672,100,0.0,0.0,0.0
2024-01-25 00:00:00-05:00,25.2450008392334,25.2450008392334,25.2450008392334,25.2450008392334,200,0.0,0.0,0.0
2024-01-26 00:00:00-05:00,25.24799919128418,25.24799919128418,25.24799919128418,25.24799919128418,100,0.0,0.0,0.0
2024-01-29 00:00:00-05:00,25.31599998474121,25.31599998474121,25.31599998474121,25.31599998474121,100,0.0,0.0,0.0
2024-01-30 00:00:00-05:00,25.240999221801758,25.240999221801758,25.240999221801758,25.240999221801758,100,0.0,0.0,0.0
2024-01-31 00:00:00-05:00,25.292999267578125,25.292999267578125,25.292999267578125,25.292999267578125,100,0.0,0.0,0.0
2024-02-01 00:00:00-05:00,25.44700050354004,25.44700050354004,25.44700050354004,25.44700050354004,100,0.0,0.0,0.0
2024-02-02 00:00:00-05:00,25.336999893188477,25.336999893188477,25.336999893188477,25.336999893188477,100,0.0,0.0,0.0
2024-02-05 00:00:00-05:00,25.190000534057617,25.190000534057617,25.190000534057617,25.190000534057617,100,0.0,0.0,0.0
2024-02-06 00:00:00-05:00,25.249000549316406,25.249000549316406,25.249000549316406,25.249000549316406,100,0.0,0.0,0.0
2024-02-07 00:00:00-05:00,25.229999542236328,25.229999542236328,25.229999542236328,25.229999542236328,0,0.0,0.0,0.0
2024-02-08 00:00:00-05:00,25.20400047302246,25.20400047302246,25.20400047302246,25.20400047302246,100,0.0,0.0,0.0
2024-02-09 00:00:00-05:00,25.201000213623047,25.201000213623047,25.201000213623047,25.201000213623047,0,0.0,0.0,0.0
2024-02-12 00:00:00-05:00,25.225000381469727,25.225000381469727,25.225000381469727,25.225000381469727,100,0.0,0.0,0.0
2024-02-13 00:00:00-05:00,25.075000762939453,25.075000762939453,25.075000762939453,25.075000762939453,100,0.0,0.0,0.0
2024-02-14 00:00:00-05:00,25.1299991607666,25.1299991607666,25.1299991607666,25.1299991607666,100,0.0,0.0,0.0
2024-02-15 00:00:00-05:00,25.211999893188477,25.211999893188477,25.211999893188477,25.211999893188477,0,0.0,0.0,0.0
2024-02-16 00:00:00-05:00,25.160999298095703,25.160999298095703,25.160999298095703,25.160999298095703,0,0.0,0.0,0.0
2024-02-20 00:00:00-05:00,25.18000030517578,25.18000030517578,25.18000030517578,25.18000030517578,0,0.0,0.0,0.0
2024-02-21 00:00:00-05:00,25.145000457763672,25.18000030517578,25.145000457763672,25.17099952697754,11000,0.0,0.0,0.0
2024-02-22 00:00:00-05:00,25.18400001525879,25.18400001525879,25.18400001525879,25.18400001525879,100,0.0,0.0,0.0
2024-02-23 00:00:00-05:00,25.239999771118164,25.239999771118164,25.239999771118164,25.239999771118164,0,0.0,0.0,0.0
2024-02-26 00:00:00-05:00,25.22800064086914,25.22800064086914,25.22800064086914,25.22800064086914,0,0.0,0.0,0.0
2024-02-27 00:00:00-05:00,25.184999465942383,25.184999465942383,25.184999465942383,25.184999465942383,0,0.0,0.0,0.0
2024-02-28 00:00:00-05:00,25.079999923706055,25.118000030517578,25.079999923706055,25.118000030517578,800,0.0,0.0,0.0
2024-02-29 00:00:00-05:00,25.170000076293945,25.170000076293945,25.170000076293945,25.170000076293945,400,0.0,0.0,0.0
2024-03-01 00:00:00-05:00,25.139999389648438,25.280000686645508,25.139999389648438,25.280000686645508,10000,0.0,0.0,0.0
2024-03-04 00:00:00-05:00,25.264999389648438,25.264999389648438,25.264999389648438,25.264999389648438,100,0.0,0.0,0.0
2024-03-05 00:00:00-05:00,25.334999084472656,25.334999084472656,25.334999084472656,25.334999084472656,100,0.0,0.0,0.0
2024-03-06 00:00:00-05:00,25.395000457763672,25.395000457763672,25.395000457763672,25.395000457763672,100,0.0,0.0,0.0
2024-03-07 00:00:00-05:00,25.459999084472656,25.459999084472656,25.43899917602539,25.43899917602539,1400,0.0,0.0,0.0
2024-03-08 00:00:00-05:00,25.489999771118164,25.489999771118164,25.48699951171875,25.48699951171875,100,0.0,0.0,0.0
2024-03-11 00:00:00-04:00,25.489999771118164,25.489999771118164,25.485000610351562,25.485000610351562,100,0.0,0.0,0.0
2024-03-12 00:00:00-04:00,25.43000030517578,25.43000030517578,25.427000045776367,25.427000045776367,100,0.0,0.0,0.0
2024-03-13 00:00:00-04:00,25.40999984741211,25.40999984741211,25.4060001373291,25.4060001373291,100,0.0,0.0,0.0
2024-03-14 00:00:00-04:00,25.309999465942383,25.309999465942383,25.280000686645508,25.280000686645508,800,0.0,0.0,0.0
2024-03-15 00:00:00-04:00,25.260000228881836,25.268999099731445,25.260000228881836,25.268999099731445,200,0.0,0.0,0.0
2024-03-18 00:00:00-04:00,25.2450008392334,25.2450008392334,25.2450008392334,25.2450008392334,200,0.0,0.0,0.0
2024-03-19 00:00:00-04:00,25.295000076293945,25.295000076293945,25.295000076293945,25.295000076293945,0,0.0,0.0,0.0
2024-03-20 00:00:00-04:00,25.3700008392334,25.3700008392334,25.354999542236328,25.354999542236328,300,0.0,0.0,0.0
2024-03-21 00:00:00-04:00,25.440000534057617,25.440000534057617,25.440000534057617,25.440000534057617,100,0.0,0.0,0.0
2024-03-22 00:00:00-04:00,25.485000610351562,25.485000610351562,25.485000610351562,25.485000610351562,0,0.0,0.0,0.0
2024-03-25 00:00:00-04:00,25.454999923706055,25.454999923706055,25.454999923706055,25.454999923706055,100,0.0,0.0,0.0
2024-03-26 00:00:00-04:00,25.46299934387207,25.46299934387207,25.46299934387207,25.46299934387207,100,0.0,0.0,0.0
2024-03-27 00:00:00-04:00,25.53499984741211,25.53499984741211,25.53499984741211,25.53499984741211,100,0.0,0.0,0.0
2024-03-28 00:00:00-04:00,25.44099998474121,25.44099998474121,25.44099998474121,25.44099998474121,100,0.0,0.0,0.0
2024-04-01 00:00:00-04:00,25.295000076293945,25.295000076293945,25.295000076293945,25.295000076293945,100,0.0,0.0,0.0
2024-04-02 00:00:00-04:00,25.229999542236328,25.2450008392334,25.229999542236328,25.2450008392334,400,0.0,0.0,0.0
2024-04-03 00:00:00-04:00,25.264999389648438,25.264999389648438,25.264999389648438,25.264999389648438,100,0.0,0.0,0.0
2024-04-04 00:00:00-04:00,25.309999465942383,25.350000381469727,25.309999465942383,25.326000213623047,1800,0.0,0.0,0.0
2024-04-05 00:00:00-04:00,25.253999710083008,25.253999710083008,25.253999710083008,25.253999710083008,100,0.0,0.0,0.0
2024-04-08 00:00:00-04:00,25.21500015258789,25.21500015258789,25.21500015258789,25.21500015258789,100,0.0,0.0,0.0
2024-04-09 00:00:00-04:00,25.270000457763672,25.270000457763672,25.270000457763672,25.270000457763672,0,0.0,0.0,0.0
2024-04-10 00:00:00-04:00,25.075000762939453,25.075000762939453,25.075000762939453,25.075000762939453,100,0.0,0.0,0.0
2024-04-11 00:00:00-04:00,24.959999084472656,24.975000381469727,24.950000762939453,24.968000411987305,500,0.0,0.0,0.0
2024-04-12 00:00:00-04:00,25.00200080871582,25.00200080871582,25.00200080871582,25.00200080871582,100,0.0,0.0,0.0
2024-04-15 00:00:00-04:00,24.915000915527344,24.915000915527344,24.915000915527344,24.915000915527344,0,0.0,0.0,0.0
2024-04-16 00:00:00-04:00,24.84000015258789,24.84000015258789,24.834999084472656,24.834999084472656,1100,0.0,0.0,0.0
2024-04-17 00:00:00-04:00,24.90999984741211,24.90999984741211,24.905000686645508,24.905000686645508,100,0.0,0.0,0.0
2024-04-18 00:00:00-04:00,24.860000610351562,24.864999771118164,24.860000610351562,24.864999771118164,400,0.0,0.0,0.0
2024-04-19 00:00:00-04:00,24.8700008392334,24.8700008392334,24.8700008392334,24.8700008392334,200,0.0,0.0,0.0
2024-04-22 00:00:00-04:00,24.950000762939453,24.950000762939453,24.93000030517578,24.93000030517578,4000,0.0,0.0,0.0
2024-04-23 00:00:00-04:00,24.975000381469727,24.975000381469727,24.975000381469727,24.975000381469727,100,0.0,0.0,0.0
2024-04-24 00:00:00-04:00,24.950000762939453,24.954999923706055,24.950000762939453,24.954999923706055,500,0.0,0.0,0.0
2024-04-25 00:00:00-04:00,24.889999389648438,24.889999389648438,24.885000228881836,24.885000228881836,600,0.0,0.0,0.0
2024-04-26 00:00:00-04:00,24.913000106811523,24.913000106811523,24.913000106811523,24.913000106811523,100,0.0,0.0,0.0
2024-04-29 00:00:00-04:00,24.829999923706055,24.90999984741211,24.829999923706055,24.850000381469727,4100,0.0,0.0,0.0
2024-04-30 00:00:00-04:00,24.81999969482422,24.850000381469727,24.819000244140625,24.819000244140625,400,0.0,0.0,0.0
2024-05-01 00:00:00-04:00,24.857999801635742,24.857999801635742,24.857999801635742,24.857999801635742,100,0.0,0.0,0.0
2024-05-02 00:00:00-04:00,24.966999053955078,24.966999053955078,24.966999053955078,24.966999053955078,100,0.0,0.0,0.0
2024-05-03 00:00:00-04:00,25.084999084472656,25.084999084472656,25.084999084472656,25.084999084472656,0,0.0,0.0,0.0
2024-05-06 00:00:00-04:00,25.1299991607666,25.145000457763672,25.1299991607666,25.145000457763672,600,0.0,0.0,0.0
2024-05-07 00:00:00-04:00,25.18400001525879,25.18400001525879,25.18400001525879,25.18400001525879,100,0.0,0.0,0.0
2024-05-08 00:00:00-04:00,25.14299964904785,25.14299964904785,25.14299964904785,25.14299964904785,100,0.0,0.0,0.0
2024-05-09 00:00:00-04:00,25.21500015258789,25.21500015258789,25.21500015258789,25.21500015258789,100,0.0,0.0,0.0
2024-05-10 00:00:00-04:00,25.25,25.25,25.18000030517578,25.18000030517578,1400,0.0,0.0,0.0
2024-05-13 00:00:00-04:00,25.165000915527344,25.165000915527344,25.165000915527344,25.165000915527344,100,0.0,0.0,0.0
2024-05-14 00:00:00-04:00,25.21500015258789,25.21500015258789,25.21500015258789,25.21500015258789,100,0.0,0.0,0.0
2024-05-15 00:00:00-04:00,25.357999801635742,25.357999801635742,25.357999801635742,25.357999801635742,100,0.0,0.0,0.0
2024-05-16 00:00:00-04:00,25.367000579833984,25.367000579833984,25.367000579833984,25.367000579833984,0,0.0,0.0,0.0
2024-05-17 00:00:00-04:00,25.315000534057617,25.315000534057617,25.315000534057617,25.315000534057617,100,0.0,0.0,0.0
2024-05-20 00:00:00-04:00,25.295000076293945,25.31999969482422,25.295000076293945,25.295000076293945,1100,0.0,0.0,0.0
2024-05-21 00:00:00-04:00,25.312999725341797,25.312999725341797,25.312999725341797,25.312999725341797,0,0.0,0.0,0.0
2024-05-22 00:00:00-04:00,25.304000854492188,25.304000854492188,25.304000854492188,25.304000854492188,100,0.0,0.0,0.0
2024-05-23 00:00:00-04:00,25.218000411987305,25.218000411987305,25.218000411987305,25.218000411987305,100,0.0,0.0,0.0
2024-05-24 00:00:00-04:00,25.239999771118164,25.239999771118164,25.225000381469727,25.225000381469727,200,0.0,0.0,0.0
2024-05-28 00:00:00-04:00,25.139999389648438,25.145000457763672,25.139999389648438,25.145000457763672,900,0.0,0.0,0.0
2024-05-29 00:00:00-04:00,25.065000534057617,25.065000534057617,25.065000534057617,25.065000534057617,0,0.0,0.0,0.0
2024-05-30 00:00:00-04:00,25.010000228881836,25.040000915527344,25.010000228881836,25.014999389648438,800,0.0,0.0,0.0
2024-05-31 00:00:00-04:00,25.1200008392334,25.219999313354492,25.1200008392334,25.14900016784668,4800,0.0,0.0,0.0
2024-06-03 00:00:00-04:00,25.124000549316406,25.124000549316406,25.124000549316406,25.124000549316406,100,0.0,0.0,0.0
2024-06-04 00:00:00-04:00,25.239999771118164,25.270000457763672,25.239999771118164,25.270000457763672,100,0.0,0.0,0.0
2024-06-05 00:00:00-04:00,25.329999923706055,25.329999923706055,25.329999923706055,25.329999923706055,100,0.0,0.0,0.0
2024-06-06 00:00:00-04:00,25.360000610351562,25.360000610351562,25.34000015258789,25.34000015258789,100,0.0,0.0,0.0
2024-06-07 00:00:00-04:00,25.2189998626709,25.2189998626709,25.2189998626709,25.2189998626709,100,0.0,0.0,0.0
2024-06-10 00:00:00-04:00,25.145000457763672,25.145000457763672,25.145000457763672,25.145000457763672,0,0.0,0.0,0.0
2024-06-11 00:00:00-04:00,25.209999084472656,25.209999084472656,25.209999084472656,25.209999084472656,300,0.0,0.0,0.0
2024-06-12 00:00:00-04:00,25.312000274658203,25.312000274658203,25.312000274658203,25.312000274658203,0,0.0,0.0,0.0
2024-06-13 00:00:00-04:00,25.440000534057617,25.440000534057617,25.41200065612793,25.41200065612793,1000,0.0,0.0,0.0
2024-06-14 00:00:00-04:00,25.450000762939453,25.450000762939453,25.43400001525879,25.43400001525879,1100,0.0,0.0,0.0
2024-06-17 00:00:00-04:00,25.3799991607666,25.3799991607666,25.3799991607666,25.3799991607666,100,0.0,0.0,0.0
2024-06-18 00:00:00-04:00,25.440000534057617,25.440000534057617,25.434999465942383,25.434999465942383,100,0.0,0.0,0.0
2024-06-20 00:00:00-04:00,25.424999237060547,25.424999237060547,25.424999237060547,25.424999237060547,1000,0.0,0.0,0.0
2024-06-21 00:00:00-04:00,25.420000076293945,25.420000076293945,25.420000076293945,25.420000076293945,400,0.0,0.0,0.0
2024-06-24 00:00:00-04:00,25.434999465942383,25.434999465942383,25.434999465942383,25.434999465942383,100,0.0,0.0,0.0
2024-06-25 00:00:00-04:00,25.450000762939453,25.450000762939453,25.440000534057617,25.440000534057617,100,0.0,0.0,0.0
2024-06-26 00:00:00-04:00,25.364999771118164,25.364999771118164,25.364999771118164,25.364999771118164,100,0.0,0.0,0.0
2024-06-27 00:00:00-04:00,25.28499984741211,25.28499984741211,25.28499984741211,25.28499984741211,100,0.0,0.0,0.0
2024-06-28 00:00:00-04:00,25.290000915527344,25.290000915527344,25.231000900268555,25.231000900268555,300,0.0,0.0,0.0
2024-07-01 00:00:00-04:00,25.149999618530273,25.149999618530273,25.149999618530273,25.149999618530273,100,0.0,0.0,0.0
2024-07-02 00:00:00-04:00,25.204999923706055,25.204999923706055,25.204999923706055,25.204999923706055,100,0.0,0.0,0.0
2024-07-03 00:00:00-04:00,25.30500030517578,25.30500030517578,25.30500030517578,25.30500030517578,100,0.0,0.0,0.0
2024-07-05 00:00:00-04:00,25.405000686645508,25.405000686645508,25.405000686645508,25.405000686645508,100,0.0,0.0,0.0
2024-07-08 00:00:00-04:00,25.44499969482422,25.44499969482422,25.44499969482422,25.44499969482422,100,0.0,0.0,0.0
2024-07-09 00:00:00-04:00,25.450000762939453,25.450000762939453,25.41699981689453,25.41699981689453,400,0.0,0.0,0.0
2024-07-10 00:00:00-04:00,25.44700050354004,25.44700050354004,25.44700050354004,25.44700050354004,0,0.0,0.0,0.0
2024-07-11 00:00:00-04:00,25.555999755859375,25.555999755859375,25.555999755859375,25.555999755859375,0,0.0,0.0,0.0
2024-07-12 00:00:00-04:00,25.639999389648438,25.639999389648438,25.639999389648438,25.639999389648438,0,0.0,0.0,0.0
2024-07-15 00:00:00-04:00,25.61199951171875,25.61199951171875,25.61199951171875,25.61199951171875,100,0.0,0.0,0.0
2024-07-16 00:00:00-04:00,25.670000076293945,25.700000762939453,25.670000076293945,25.700000762939453,700,0.0,0.0,0.0
2024-07-17 00:00:00-04:00,25.704999923706055,25.704999923706055,25.704999923706055,25.704999923706055,100,0.0,0.0,0.0
2024-07-18 00:00:00-04:00,25.66900062561035,25.66900062561035,25.66900062561035,25.66900062561035,0,0.0,0.0,0.0
2024-07-19 00:00:00-04:00,25.604999542236328,25.604999542236328,25.604999542236328,25.604999542236328,100,0.0,0.0,0.0
2024-07-22 00:00:00-04:00,25.6200008392334,25.6200008392334,25.610000610351562,25.614999771118164,900,0.0,0.0,0.0
2024-07-23 00:00:00-04:00,25.611000061035156,25.6200008392334,25.611000061035156,25.6200008392334,200,0.0,0.0,0.0
2024-07-24 00:00:00-04:00,25.670000076293945,25.670000076293945,25.59600067138672,25.59600067138672,600,0.0,0.0,0.0
2024-07-25 00:00:00-04:00,25.665000915527344,25.665000915527344,25.665000915527344,25.665000915527344,600,0.0,0.0,0.0
2024-07-26 00:00:00-04:00,25.760000228881836,25.760000228881836,25.719999313354492,25.726999282836914,1000,0.0,0.0,0.0
2024-07-29 00:00:00-04:00,25.764999389648438,25.764999389648438,25.764999389648438,25.764999389648438,100,0.0,0.0,0.0
2024-07-30 00:00:00-04:00,25.65999984741211,25.709999084472656,25.65999984741211,25.68199920654297,2800,0.0,0.0,0.0
2024-07-31 00:00:00-04:00,25.79400062561035,25.79400062561035,25.79400062561035,25.79400062561035,100,0.0,0.0,0.0
2024-08-01 00:00:00-04:00,25.85700035095215,25.85700035095215,25.85700035095215,25.85700035095215,100,0.0,0.0,0.0
2024-08-02 00:00:00-04:00,26.040000915527344,26.059999465942383,26.040000915527344,26.052000045776367,1400,0.0,0.0,0.0
2024-08-05 00:00:00-04:00,26.04400062561035,26.04400062561035,26.030000686645508,26.030000686645508,500,0.0,0.0,0.0
2024-08-06 00:00:00-04:00,25.93000030517578,25.979000091552734,25.93000030517578,25.941999435424805,3400,0.0,0.0,0.0
2024-08-07 00:00:00-04:00,25.860000610351562,25.899999618530273,25.860000610351562,25.875,500,0.0,0.0,0.0
2024-08-08 00:00:00-04:00,25.850000381469727,25.860000610351562,25.850000381469727,25.860000610351562,500,0.0,0.0,0.0
2024-08-09 00:00:00-04:00,25.94300079345703,25.94300079345703,25.94300079345703,25.94300079345703,200,0.0,0.0,0.0
2024-08-12 00:00:00-04:00,25.959999084472656,25.97599983215332,25.959999084472656,25.97599983215332,2600,0.0,0.0,0.0
2024-08-13 00:00:00-04:00,26.055999755859375,26.055999755859375,26.055999755859375,26.055999755859375,100,0.0,0.0,0.0
2024-08-14 00:00:00-04:00,26.110000610351562,26.110000610351562,26.110000610351562,26.110000610351562,100,0.0,0.0,0.0
2024-08-15 00:00:00-04:00,25.979999542236328,26.059999465942383,25.979999542236328,26.010000228881836,389500,0.0,0.0,0.0
2024-08-16 00:00:00-04:00,26.149999618530273,26.149999618530273,26.059999465942383,26.079999923706055,1200,0.0,0.0,0.0
2024-08-19 00:00:00-04:00,26.040000915527344,26.1299991607666,26.040000915527344,26.110000610351562,3100,0.0,0.0,0.0
2024-08-20 00:00:00-04:00,26.149999618530273,26.15999984741211,26.149999618530273,26.15999984741211,463800,0.0,0.0,0.0
2024-08-21 00:00:00-04:00,26.329999923706055,26.329999923706055,26.190000534057617,26.214000701904297,35900,0.0,0.0,0.0
2024-08-22 00:00:00-04:00,26.174999237060547,26.174999237060547,26.1299991607666,26.165000915527344,500,0.0,0.0,0.0
2024-08-23 00:00:00-04:00,26.309999465942383,26.309999465942383,26.239999771118164,26.25,2700,0.0,0.0,0.0
2024-08-26 00:00:00-04:00,26.260000228881836,26.260000228881836,26.229999542236328,26.23200035095215,1000,0.0,0.0,0.0
2024-08-27 00:00:00-04:00,26.25,26.260000228881836,26.229999542236328,26.243999481201172,1200,0.0,0.0,0.0
2024-08-28 00:00:00-04:00,26.239999771118164,26.239999771118164,26.239999771118164,26.239999771118164,0,0.0,0.0,0.0
2024-08-29 00:00:00-04:00,26.170000076293945,26.170000076293945,26.167999267578125,26.167999267578125,1100,0.0,0.0,0.0
2024-08-30 00:00:00-04:00,26.134000778198242,26.134000778198242,26.134000778198242,26.134000778198242,100,0.0,0.0,0.0
2024-09-03 00:00:00-04:00,26.15999984741211,26.15999984741211,26.15399932861328,26.15399932861328,800,0.0,0.0,0.0
2024-09-04 00:00:00-04:00,26.270000457763672,26.270000457763672,26.239999771118164,26.26300048828125,2200,0.0,0.0,0.0
2024-09-05 00:00:00-04:00,26.34000015258789,26.34000015258789,26.33300018310547,26.33300018310547,500,0.0,0.0,0.0
2024-09-06 00:00:00-04:00,26.309999465942383,26.385000228881836,26.309999465942383,26.360000610351562,4000,0.0,0.0,0.0
2024-09-09 00:00:00-04:00,26.350000381469727,26.371000289916992,26.350000381469727,26.371000289916992,495200,0.0,0.0,0.0
2024-09-10 00:00:00-04:00,26.405000686645508,26.405000686645508,26.405000686645508,26.405000686645508,100,0.0,0.0,0.0
2024-09-11 00:00:00-04:00,26.429000854492188,26.429000854492188,26.415000915527344,26.415000915527344,500,0.0,0.0,0.0
2024-09-12 00:00:00-04:00,26.415000915527344,26.415000915527344,26.415000915527344,26.415000915527344,100,0.0,0.0,0.0
2024-09-13 00:00:00-04:00,26.46500015258789,26.46500015258789,26.464000701904297,26.464000701904297,500,0.0,0.0,0.0
2024-09-16 00:00:00-04:00,26.469999313354492,26.520000457763672,26.469999313354492,26.520000457763672,300,0.0,0.0,0.0
2024-09-17 00:00:00-04:00,26.514999389648438,26.514999389648438,26.514999389648438,26.514999389648438,100,0.0,0.0,0.0
2024-09-18 00:00:00-04:00,26.579999923706055,26.579999923706055,26.475000381469727,26.475000381469727,4900,0.0,0.0,0.0
2024-09-19 00:00:00-04:00,26.479999542236328,26.549999237060547,26.479999542236328,26.520000457763672,1200,0.0,0.0,0.0
2024-09-20 00:00:00-04:00,26.5,26.549999237060547,26.5,26.538000106811523,2700,0.0,0.0,0.0
2024-09-23 00:00:00-04:00,26.530000686645508,26.530000686645508,26.459999084472656,26.520000457763672,1000,0.0,0.0,0.0
2024-09-24 00:00:00-04:00,26.469999313354492,26.540000915527344,26.469999313354492,26.538000106811523,1300,0.0,0.0,0.0
2024-09-25 00:00:00-04:00,26.469999313354492,26.489999771118164,26.46500015258789,26.46500015258789,500,0.0,0.0,0.0
2024-09-26 00:00:00-04:00,26.459999084472656,26.47100067138672,26.459999084472656,26.47100067138672,400,0.0,0.0,0.0
2024-09-27 00:00:00-04:00,26.43000030517578,26.43000030517578,26.422000885009766,26.422000885009766,19000,0.0,0.0,0.0
2024-09-30 00:00:00-04:00,26.405000686645508,26.405000686645508,26.405000686645508,26.405000686645508,100,0.0,0.0,0.0
2024-10-01 00:00:00-04:00,26.43000030517578,26.43000030517578,26.43000030517578,26.43000030517578,100,0.0,0.0,0.0
2024-10-02 00:00:00-04:00,26.413999557495117,26.413999557495117,26.413999557495117,26.413999557495117,100,0.0,0.0,0.0
2024-10-03 00:00:00-04:00,26.354999542236328,26.354999542236328,26.354999542236328,26.354999542236328,100,0.0,0.0,0.0
2024-10-04 00:00:00-04:00,26.264999389648438,26.264999389648438,26.264999389648438,26.264999389648438,100,0.0,0.0,0.0
2024-10-07 00:00:00-04:00,26.200000762939453,26.200000762939453,26.170000076293945,26.170000076293945,200,0.0,0.0,0.0
2024-10-08 00:00:00-04:00,26.160999298095703,26.160999298095703,26.160999298095703,26.160999298095703,100,0.0,0.0,0.0
2024-10-09 00:00:00-04:00,26.15999984741211,26.170000076293945,26.14299964904785,26.14299964904785,1400,0.0,0.0,0.0
2024-10-10 00:00:00-04:00,26.108999252319336,26.1299991607666,26.108999252319336,26.1299991607666,100,0.0,0.0,0.0
2024-10-11 00:00:00-04:00,26.16900062561035,26.16900062561035,26.155000686645508,26.155000686645508,1000,0.0,0.0,0.0
2024-10-14 00:00:00-04:00,26.135000228881836,26.15999984741211,26.135000228881836,26.155000686645508,1000,0.0,0.0,0.0
2024-10-15 00:00:00-04:00,26.18000030517578,26.20199966430664,26.18000030517578,26.20199966430664,900,0.0,0.0,0.0
2024-10-16 00:00:00-04:00,26.2549991607666,26.2549991607666,26.239999771118164,26.25,2900,0.0,0.0,0.0
2024-10-17 00:00:00-04:00,26.170000076293945,26.209999084472656,26.170000076293945,26.19700050354004,5100,0.0,0.0,0.0
2024-10-18 00:00:00-04:00,26.18000030517578,26.200000762939453,26.170000076293945,26.18000030517578,18300,0.0,0.0,0.0
2024-10-21 00:00:00-04:00,26.09000015258789,26.09000015258789,26.059999465942383,26.06999969482422,35500,0.0,0.0,0.0
2024-10-22 00:00:00-04:00,26.030000686645508,26.065000534057617,26.010000228881836,26.040000915527344,3400,0.0,0.0,0.0
2024-10-23 00:00:00-04:00,25.989999771118164,26.0,25.989999771118164,25.990999221801758,2500,0.0,0.0,0.0
2024-10-24 00:00:00-04:00,26.035999298095703,26.059999465942383,26.030000686645508,26.030000686645508,1900,0.0,0.0,0.0
2024-10-25 00:00:00-04:00,26.040000915527344,26.040000915527344,26.0,26.0,2400,0.0,0.0,0.0
