Date,Open,High,Low,Close,Volume,Dividends,Stock Splits
2011-08-01 00:00:00-04:00,5.958687023318919,5.973576068878174,5.955709100610932,5.973576068878174,25000,0.0,0.0
2011-08-02 00:00:00-04:00,5.97059965133667,5.97059965133667,5.95868852548265,5.97059965133667,59700,0.0,0.0
2011-08-03 00:00:00-04:00,5.958685949057099,5.964641793399323,5.955708026885986,5.955708026885986,71500,0.0,0.0
2011-08-04 00:00:00-04:00,5.958685949057099,5.97059706976097,5.955708026885986,5.955708026885986,188200,0.0,0.0
2011-08-05 00:00:00-04:00,5.958685949057099,5.958685949057099,5.955708026885986,5.955708026885986,223300,0.0,0.0
2011-08-08 00:00:00-04:00,5.955708026885986,5.964641793399323,5.955708026885986,5.955708026885986,297600,0.0,0.0
2011-08-09 00:00:00-04:00,5.955709382601454,5.9586873054504395,5.955709382601454,5.9586873054504395,83400,0.0,0.0
2011-08-10 00:00:00-04:00,5.961665228299426,5.961665228299426,5.955709382601454,5.9586873054504395,138100,0.0,0.0
2011-08-11 00:00:00-04:00,5.955708355158596,5.967620044499606,5.955708355158596,5.961664199829102,169200,0.0,0.0
2011-08-12 00:00:00-04:00,5.967621073997396,5.970598428865674,5.955709382601454,5.9586873054504395,75300,0.0,0.0
2011-08-15 00:00:00-04:00,5.964641793399323,5.964641793399323,5.955708026885986,5.955708026885986,56500,0.0,0.0
2011-08-16 00:00:00-04:00,5.961660908357417,6.009306503454795,5.955705066975171,6.006328582763672,177400,0.0,0.0
2011-08-17 00:00:00-04:00,5.985488043110602,6.000377089374823,5.9586873054504395,5.9586873054504395,66700,0.0,0.0
2011-08-18 00:00:00-04:00,5.961663871228211,5.964641793399323,5.955708026885986,5.955708026885986,61100,0.0,0.0
2011-08-19 00:00:00-04:00,5.958685949057099,5.958685949057099,5.955708026885986,5.955708026885986,48600,0.0,0.0
2011-08-22 00:00:00-04:00,5.958685949057099,5.958685949057099,5.955708026885986,5.955708026885986,73800,0.0,0.0
2011-08-23 00:00:00-04:00,5.955708026885986,5.973574991932082,5.955708026885986,5.955708026885986,121400,0.0,0.0
2011-08-24 00:00:00-04:00,5.961663871228211,5.961663871228211,5.955708026885986,5.955708026885986,42800,0.0,0.0
2011-08-25 00:00:00-04:00,5.961663871228211,5.97059706976097,5.955708026885986,5.955708026885986,85200,0.0,0.0
2011-08-26 00:00:00-04:00,5.955708026885986,5.964641793399323,5.952730104714874,5.955708026885986,956300,0.0,0.0
2011-08-29 00:00:00-04:00,5.955708026885986,5.961663871228211,5.955708026885986,5.955708026885986,180900,0.0,0.0
2011-08-30 00:00:00-04:00,5.955708026885986,5.958685949057099,5.955708026885986,5.955708026885986,136600,0.0,0.0
2011-08-31 00:00:00-04:00,5.955708026885986,5.958685949057099,5.955708026885986,5.955708026885986,80300,0.0,0.0
2011-09-01 00:00:00-04:00,5.958685949057099,5.961663871228211,5.955708026885986,5.955708026885986,44500,0.0,0.0
2011-09-02 00:00:00-04:00,5.955709382601454,5.9586873054504395,5.955709382601454,5.9586873054504395,269500,0.0,0.0
2011-09-06 00:00:00-04:00,5.955708026885986,5.967619715570436,5.955708026885986,5.955708026885986,347600,0.0,0.0
2011-09-07 00:00:00-04:00,5.955708026885986,5.964641793399323,5.946774260372649,5.955708026885986,119200,0.0,0.0
2011-09-08 00:00:00-04:00,5.976552914103195,5.976552914103195,5.955708026885986,5.955708026885986,304800,0.0,0.0
2011-09-09 00:00:00-04:00,5.955708026885986,5.958685949057099,5.955708026885986,5.955708026885986,223700,0.0,0.0
2011-09-12 00:00:00-04:00,5.955705520752681,5.955705520752681,5.583473925705638,5.616230487823486,576900,0.0,0.0
2011-09-13 00:00:00-04:00,5.654943633754741,5.669833241793977,5.589431062323512,5.625164985656738,131200,0.0,0.0
2011-09-14 00:00:00-04:00,5.63409968123644,5.693656987271342,5.6251659149370346,5.648988723754883,124000,0.0,0.0
2011-09-15 00:00:00-04:00,5.6520210186193465,5.7126978069605,5.645953802710623,5.703596115112305,88800,0.35,0.0
2011-09-16 00:00:00-04:00,5.7642730118594026,5.8461865040634455,5.730900719778478,5.831017017364502,82000,0.0,0.0
2011-09-19 00:00:00-04:00,5.779442468140703,5.809780865759746,5.733935161040541,5.776409149169922,81000,0.0,0.0
2011-09-20 00:00:00-04:00,5.709665870808912,5.821917794198825,5.706631972484111,5.818883895874023,135200,0.0,0.0
2011-09-21 00:00:00-04:00,5.818883840031715,5.818883840031715,5.736970322018984,5.779443740844727,72900,0.0,0.0
2011-09-22 00:00:00-04:00,5.755172426561186,5.7642741203308105,5.688428408221195,5.7642741203308105,139100,0.0,0.0
2011-09-23 00:00:00-04:00,5.736969130681826,5.74607082367883,5.506398116002367,5.518533706665039,120100,0.0,0.0
2011-09-26 00:00:00-04:00,5.633819398544222,5.633819398544222,5.351673257130354,5.366842746734619,207800,0.0,0.0
2011-09-27 00:00:00-04:00,5.567074756347313,5.567074756347313,5.224251852250678,5.3213348388671875,368400,0.0,0.0
2011-09-28 00:00:00-04:00,5.31526896776332,5.342573477217964,4.453661417245005,5.1241374015808105,526400,0.0,0.0
2011-09-29 00:00:00-04:00,5.199982027580364,5.357741253425944,5.1575086124130465,5.324368953704834,244100,0.0,0.0
2011-09-30 00:00:00-04:00,5.521568068756962,5.521568068756962,5.32740265242039,5.366842746734619,196900,0.0,0.0
2011-10-03 00:00:00-04:00,5.412351293893328,5.4760614288059175,5.236389224909089,5.287964344024658,125700,0.0,0.0
2011-10-04 00:00:00-04:00,5.500330965278889,5.500330965278889,5.124136290500339,5.1605424880981445,164500,0.0,0.0
2011-10-05 00:00:00-04:00,5.169644759042763,5.521568867579633,5.1635769623232095,5.433587551116943,118800,0.0,0.0
2011-10-06 00:00:00-04:00,5.442686324155171,5.506396419535303,5.366840641851223,5.375941753387451,78000,0.0,0.0
2011-10-07 00:00:00-04:00,5.375943057611397,5.4548226557827855,5.363808046400216,5.39414644241333,53300,0.0,0.0
2011-10-10 00:00:00-04:00,5.3911126283447075,5.603480246408204,5.382010935802941,5.445721626281738,61700,0.0,0.0
2011-10-11 00:00:00-04:00,5.476059679523435,5.548872065674206,5.41538346260687,5.460890769958496,65300,0.0,0.0
2011-10-12 00:00:00-04:00,5.469994791681742,5.548874428046543,5.409317970275879,5.409317970275879,91000,0.0,0.0
2011-10-13 00:00:00-04:00,5.41538436582393,5.548872991155466,5.391113759277915,5.542805194854736,69200,0.0,0.0
2011-10-14 00:00:00-04:00,5.545837591204767,5.7764085802822605,5.485160801942414,5.755171298980713,84900,0.0,0.0
2011-10-17 00:00:00-04:00,5.749105209371631,5.791578622982821,5.633819402917173,5.7642741203308105,209700,0.0,0.0
2011-10-18 00:00:00-04:00,5.758206297393441,5.803713608713737,5.694496177276398,5.782476902008057,211800,0.0,0.0
2011-10-19 00:00:00-04:00,5.782474278150273,5.806744871751854,5.721798083474617,5.767305374145508,144400,0.0,0.0
2011-10-20 00:00:00-04:00,5.76730886869407,5.834052896876052,5.7126998553374735,5.806748390197754,80600,0.0,0.0
2011-10-21 00:00:00-04:00,5.827986660932231,5.837088358481511,5.7642765140585706,5.8219194412231445,60800,0.0,0.0
2011-10-24 00:00:00-04:00,5.764274857478671,5.8401205792876,5.746072046268469,5.7612409591674805,159400,0.0,0.0
2011-10-25 00:00:00-04:00,5.730902325320464,5.7491057144589695,5.570109771862049,5.5943803787231445,192400,0.0,0.0
2011-10-26 00:00:00-04:00,5.655055999755859,5.703597208269544,5.582244186985333,5.655055999755859,112300,0.0,0.0
2011-10-27 00:00:00-04:00,5.624719566472111,5.797647736808704,5.624719566472111,5.794613838195801,180000,0.0,0.0
2011-10-28 00:00:00-04:00,5.788545720193028,5.840120836440338,5.761241212846984,5.834053039550781,111500,0.0,0.0
2011-10-31 00:00:00-04:00,5.82191764848561,5.903830586577357,5.76730863731983,5.867424964904785,211700,0.0,0.0
2011-11-01 00:00:00-04:00,5.855289331052553,5.855289331052553,5.718767382747643,5.721801280975342,69100,0.0,0.0
2011-11-02 00:00:00-04:00,5.727867555255793,5.885626765167842,5.6489885289565915,5.7976460456848145,67900,0.0,0.0
2011-11-03 00:00:00-04:00,5.800680160522461,5.840119675148216,5.730901667481747,5.800680160522461,53800,0.0,0.0
2011-11-04 00:00:00-04:00,5.794614143675712,5.821918653974294,5.76730963337713,5.785512447357178,59200,0.0,0.0
2011-11-07 00:00:00-05:00,5.7976461833252975,5.8856269048970535,5.7976461833252975,5.855288505554199,127300,0.0,0.0
2011-11-08 00:00:00-05:00,5.852256023323662,5.885627746582032,5.812815924940696,5.885627746582031,104000,0.0,0.0
2011-11-09 00:00:00-05:00,5.794611367254306,5.852254259005386,5.7066300809680905,5.743036270141602,90700,0.0,0.0
2011-11-10 00:00:00-05:00,5.743036201131076,5.755171211605264,5.6732582995984675,5.703596115112305,71800,0.0,0.0
2011-11-11 00:00:00-05:00,5.709664933883953,5.794612337068181,5.667191521620261,5.67932653427124,91600,0.0,0.0
2011-11-14 00:00:00-05:00,5.694496935722743,5.718767543569944,5.667192429562524,5.685395240783691,57500,0.0,0.0
2011-11-15 00:00:00-05:00,5.691461520939196,5.72786713368138,5.627750830655202,5.697529315948486,106300,0.0,0.0
2011-11-16 00:00:00-05:00,5.69753045800511,5.776410072966783,5.673259851759741,5.718767166137695,77900,0.0,0.0
2011-11-17 00:00:00-05:00,5.673260255764112,5.770342687659025,5.658090764119946,5.667192459106445,73900,0.0,0.0
2011-11-18 00:00:00-05:00,5.67326021194458,5.703598037684711,5.65809072041758,5.67326021194458,62500,0.0,0.0
2011-11-21 00:00:00-05:00,5.6611231005564155,5.770341095633639,5.652021408081055,5.652021408081055,254000,0.0,0.0
2011-11-22 00:00:00-05:00,5.645953579385565,5.645953579385565,5.385044209958282,5.418416500091553,234800,0.0,0.0
2011-11-23 00:00:00-05:00,5.406281910816977,5.430552513948604,5.315267293737585,5.348639011383057,122600,0.0,0.0
2011-11-25 00:00:00-05:00,5.351674222772242,5.439655542381514,5.193915553020351,5.215152263641357,121800,0.0,0.0
2011-11-28 00:00:00-05:00,5.3091996976635745,5.448755526246874,5.263692387414969,5.339538097381592,202000,0.0,0.0
2011-11-29 00:00:00-05:00,5.339537224294443,5.579209327697754,5.309198829537167,5.579209327697754,150800,0.0,0.0
2011-11-30 00:00:00-05:00,5.6125830468178695,5.794612882986586,5.6125830468178695,5.718767166137695,233200,0.0,0.0
2011-12-01 00:00:00-05:00,5.7187665149266715,5.736969322873673,5.6520219213596175,5.709664821624756,76900,0.0,0.0
2011-12-02 00:00:00-05:00,5.724834458252119,5.761240075085958,5.706631071178353,5.736969470977783,50900,0.0,0.0
2011-12-05 00:00:00-05:00,5.724833615820485,5.806746530971241,5.724833615820485,5.770340919494629,122500,0.0,0.0
2011-12-06 00:00:00-05:00,5.7612412637436,5.7946135682740225,5.694497233339721,5.752139568328857,119900,0.0,0.0
2011-12-07 00:00:00-05:00,5.743036980839179,5.8006798797235355,5.721800275633579,5.758205890655518,87700,0.0,0.0
2011-12-08 00:00:00-05:00,5.761239522678361,5.7642734202330885,5.588311412656455,5.591345310211182,165500,0.0,0.0
2011-12-09 00:00:00-05:00,5.5610069948710965,5.652021608220445,5.533702495134932,5.64292049407959,164000,0.0,0.0
2011-12-12 00:00:00-05:00,5.648989260344208,5.7339360930975545,5.603481367189888,5.730902194976807,81800,0.0,0.0
2011-12-13 00:00:00-05:00,5.72472057934165,5.826726913452148,5.706173544353654,5.826726913452148,135800,0.35,0.0
2011-12-14 00:00:00-05:00,5.811271415009635,5.811271415009635,5.631987525960511,5.749449729919434,130500,0.0,0.0
2011-12-15 00:00:00-05:00,5.733995933876182,5.767998256163054,5.557803153991699,5.557803153991699,155300,0.0,0.0
2011-12-16 00:00:00-05:00,5.594893796607333,5.749448870604326,5.415609934354053,5.508342742919922,265200,0.0,0.0
2011-12-19 00:00:00-05:00,5.4774344037743505,5.604169581922176,5.4774344037743505,5.557803153991699,127600,0.0,0.0
2011-12-20 00:00:00-05:00,5.557800812196258,5.594894292659866,5.502160886291282,5.5176167488098145,236800,0.0,0.0
2011-12-21 00:00:00-05:00,5.520708286953732,5.554710007584719,5.424883701734915,5.4403395652771,205900,0.0,0.0
2011-12-22 00:00:00-05:00,5.434155798803937,5.483613370043731,5.37851588376398,5.3816070556640625,339100,0.0,0.0
2011-12-23 00:00:00-05:00,5.393971743264388,5.508342155663628,5.347604754343921,5.3816070556640625,405800,0.0,0.0
2011-12-27 00:00:00-05:00,5.412519292191792,5.486705664225988,5.387790501513726,5.409428119659424,323800,0.0,0.0
2011-12-28 00:00:00-05:00,5.424881607036853,5.4836126866576285,5.415608682072987,5.47743034362793,171600,0.0,0.0
2011-12-29 00:00:00-05:00,5.468157593859864,5.619621465456187,5.468157593859864,5.548526287078857,191200,0.0,0.0
2011-12-30 00:00:00-05:00,5.6721714712158215,5.687626743158147,5.582529243124003,5.594893932342529,241200,0.0,0.0
2012-01-03 00:00:00-05:00,5.678352690946095,5.678352690946095,5.560890524962624,5.567072868347168,209500,0.0,0.0
2012-01-04 00:00:00-05:00,5.560893743027568,5.712357706116133,5.560893743027568,5.690720081329346,194200,0.0,0.0
2012-01-05 00:00:00-05:00,5.6103495155794665,5.6814447137882675,5.585620725351149,5.625805377960205,139100,0.0,0.0
2012-01-06 00:00:00-05:00,5.613439229169027,5.678352655135934,5.613439229169027,5.665987968444824,71900,0.0,0.0
2012-01-09 00:00:00-05:00,5.665991492162464,5.709266743333092,5.644353866577149,5.644353866577148,126000,0.0,0.0
2012-01-10 00:00:00-05:00,5.681444343341808,5.699991376989375,5.63816911065914,5.6938090324401855,111700,0.0,0.0
2012-01-11 00:00:00-05:00,5.69380820863716,5.789632176962082,5.675261767253794,5.737083435058594,110900,0.0,0.0
2012-01-12 00:00:00-05:00,5.730901181116483,5.814360454852407,5.727810009558754,5.811269283294678,117800,0.0,0.0
2012-01-13 00:00:00-05:00,5.8050881906241365,5.8050881906241365,5.743265931592951,5.764903545379639,133200,0.0,0.0
2012-01-17 00:00:00-05:00,5.786541800329853,5.811270588766188,5.752540084717906,5.801997661590576,93500,0.0,0.0
2012-01-18 00:00:00-05:00,5.795815414214577,5.8669106084628755,5.795815414214577,5.8607282638549805,91400,0.0,0.0
2012-01-19 00:00:00-05:00,5.860728631768401,5.8638198042664005,5.8112710509621515,5.826726913452148,127600,0.0,0.0
2012-01-20 00:00:00-05:00,5.789632200826728,5.805088060027193,5.699990575787008,5.721628189086914,160100,0.0,0.0
2012-01-23 00:00:00-05:00,5.724721705889002,5.780361642640433,5.721630532782703,5.771088123321533,111500,0.0,0.0
2012-01-24 00:00:00-05:00,5.758722332328348,5.777269367428006,5.703082995771991,5.743267059326172,121300,0.0,0.0
2012-01-25 00:00:00-05:00,5.755630292632872,5.77726790519175,5.706172134465932,5.758720874786377,112400,0.0,0.0
2012-01-26 00:00:00-05:00,5.780359278318742,5.795814547947638,5.712354676957814,5.7556304931640625,138100,0.0,0.0
2012-01-27 00:00:00-05:00,5.74944831022962,5.767994752218986,5.712354836670127,5.724719524383545,93900,0.0,0.0
2012-01-30 00:00:00-05:00,5.733993188399613,5.786541938781738,5.681444438017489,5.786541938781738,75200,0.0,0.0
2012-01-31 00:00:00-05:00,5.829816794722994,5.866909677321665,5.752539268131568,5.845272064208984,156700,0.0,0.0
2012-02-01 00:00:00-05:00,5.854547623729042,5.894731692171083,5.8205453114912755,5.863820552825928,136400,0.0,0.0
2012-02-02 00:00:00-05:00,5.888547606275149,5.891638778254294,5.842181205749513,5.842181205749512,101400,0.0,0.0
2012-02-03 00:00:00-05:00,5.857638796621652,5.916369312838409,5.842182932158601,5.863820552825928,118900,0.0,0.0
2012-02-06 00:00:00-05:00,5.863819920134857,5.910186918940183,5.863819920134857,5.9040045738220215,86200,0.0,0.0
2012-02-07 00:00:00-05:00,5.90400345875636,5.944187515273242,5.879274672535025,5.934914588928223,109800,0.0,0.0
2012-02-08 00:00:00-05:00,5.9503720870319485,5.962736779562318,5.910188015470226,5.931825637817383,111000,0.0,0.0
2012-02-09 00:00:00-05:00,5.934916477212092,5.965827027637846,5.913278266500725,5.9596452713012695,82800,0.0,0.0
2012-02-10 00:00:00-05:00,5.959645433554975,5.965827190059852,5.928734292706697,5.9627366065979,70700,0.0,0.0
2012-02-13 00:00:00-05:00,5.97200839114837,6.0338306609919075,5.9658260462478445,5.975099563598633,120300,0.0,0.0
2012-02-14 00:00:00-05:00,5.981283055274479,6.033831817842261,5.950371914426199,5.9627366065979,90400,0.0,0.0
2012-02-15 00:00:00-05:00,5.968916301494578,5.98128098939563,5.9194587290519065,5.934914588928223,89900,0.0,0.0
2012-02-16 00:00:00-05:00,5.931824030549393,5.9781904358130085,5.931824030549393,5.953461647033691,109500,0.0,0.0
2012-02-17 00:00:00-05:00,5.965824290953133,5.993644245239313,5.8792738461345175,5.9689154624938965,120900,0.0,0.0
2012-02-21 00:00:00-05:00,5.965825746632935,5.984372780403046,5.941096957853618,5.953461647033691,104000,0.0,0.0
2012-02-22 00:00:00-05:00,5.968917067866135,5.981281757354736,5.947279450841928,5.981281757354736,114200,0.0,0.0
2012-02-23 00:00:00-05:00,5.978191448491169,6.104926586151123,5.965826757216574,6.104926586151123,182400,0.0,0.0
2012-02-24 00:00:00-05:00,6.10492534501334,6.114198861583971,5.9967366766792205,6.024556636810303,119200,0.0,0.0
2012-02-27 00:00:00-05:00,6.0276481637753,6.030739336147451,5.959644140330529,5.981281757354736,151900,0.0,0.0
2012-02-28 00:00:00-05:00,5.99055307369855,5.9967354167800755,5.947277851289242,5.9689154624938965,120500,0.0,0.0
2012-02-29 00:00:00-05:00,5.975101199645759,5.999829996438014,5.925643606061251,5.92873477935791,91000,0.0,0.0
2012-03-01 00:00:00-05:00,5.972008240238285,6.018374646658849,5.950370623214078,5.981281757354736,70000,0.0,0.0
2012-03-02 00:00:00-05:00,5.984372913074113,6.067832208566547,5.956552951383021,6.040012836456299,82000,0.0,0.0
2012-03-05 00:00:00-05:00,6.04928512288556,6.04928512288556,5.990554033363926,6.03692102432251,90600,0.0,0.0
2012-03-06 00:00:00-05:00,6.0369203740416415,6.0369203740416415,5.928731722760039,5.965824604034424,104000,0.0,0.0
2012-03-07 00:00:00-05:00,5.962735312702679,6.002919374378943,5.947279450841928,5.981281757354736,53300,0.0,0.0
2012-03-08 00:00:00-05:00,5.987464226714684,6.015283599481344,5.938006057311763,5.9905548095703125,88100,0.0,0.0
2012-03-09 00:00:00-05:00,5.990554995246337,6.052377266730513,5.990554995246337,6.012193202972412,76700,0.0,0.0
2012-03-12 00:00:00-04:00,6.015283457547911,6.067832208566547,6.015283457547911,6.040012836456299,69700,0.0,0.0
2012-03-13 00:00:00-04:00,6.0494546380971554,6.099814255870372,6.017980327239394,6.04630708694458,32800,0.35,0.0
2012-03-14 00:00:00-04:00,6.049454352821004,6.0746341605202,5.992800235748291,5.992800235748291,95800,0.0,0.0
2012-03-15 00:00:00-04:00,5.99909312868184,6.011683329322184,5.885784324587785,5.8889312744140625,168300,0.0,0.0
2012-03-16 00:00:00-04:00,5.898374446047584,5.929849350095615,5.870047092437744,5.870047092437744,60300,0.0,0.0
2012-03-19 00:00:00-04:00,5.888932742212706,5.955030111381466,5.82598352432251,5.82598352432251,118400,0.0,0.0
2012-03-20 00:00:00-04:00,5.863751879693505,5.863751879693505,5.788212471619681,5.841719627380371,116100,0.0,0.0
2012-03-21 00:00:00-04:00,5.841721314083792,5.8857864317670066,5.807099450595437,5.879491329193115,79800,0.0,0.0
2012-03-22 00:00:00-04:00,5.83542622834824,5.89522789581845,5.788213564098966,5.829131126403809,100000,0.0,0.0
2012-03-23 00:00:00-04:00,5.825983953249132,5.873196020226165,5.825983953249132,5.8448686599731445,97200,0.0,0.0
2012-03-26 00:00:00-04:00,5.84801684126421,5.90152401635923,5.8385741867177705,5.89837646484375,100100,0.0,0.0
2012-03-27 00:00:00-04:00,5.92985175936912,5.92985175936912,5.84801721572876,5.84801721572876,111000,0.0,0.0
2012-03-28 00:00:00-04:00,5.816541198294384,5.879491020055411,5.791361389656773,5.838573455810547,115000,0.0,0.0
2012-03-29 00:00:00-04:00,5.844869340255088,5.92985143090518,5.816541976705058,5.923556327819824,158400,0.0,0.0
2012-03-30 00:00:00-04:00,5.989654288144577,6.118700912189836,5.955031818164683,5.995948791503906,280700,0.0,0.0
2012-04-02 00:00:00-04:00,5.995945537008764,6.0179783879768225,5.910964084610046,5.958176136016846,80300,0.0,0.0
2012-04-03 00:00:00-04:00,5.958178046561156,6.011685215402108,5.942440290823231,5.980210304260254,132400,0.0,0.0
2012-04-04 00:00:00-04:00,5.9676195162310695,5.983357270430355,5.92040745430109,5.951882362365723,92700,0.0,0.0
2012-04-05 00:00:00-04:00,5.958179958462483,5.977064671073851,5.910967876766968,5.9141154289245605,93800,0.0,0.0
2012-04-09 00:00:00-04:00,5.876342722077612,5.914112730400631,5.854310467361649,5.873195171356201,87500,0.0,0.0
2012-04-10 00:00:00-04:00,5.901521996485774,5.926701799657425,5.829130137409009,5.870047092437744,145700,0.0,0.0
2012-04-11 00:00:00-04:00,5.87949285965465,5.945589652883764,5.8354283308352395,5.8857879638671875,66500,0.0,0.0
2012-04-12 00:00:00-04:00,5.876343305314221,5.914113317385976,5.857458599445332,5.901523113250732,83600,0.0,0.0
2012-04-13 00:00:00-04:00,5.907819119390189,5.95503119145425,5.8700491015385,5.89837646484375,78300,0.0,0.0
2012-04-16 00:00:00-04:00,5.866901025154285,5.929850849164083,5.860606523020516,5.895228385925293,94800,0.0,0.0
2012-04-17 00:00:00-04:00,5.89522848529382,5.914113793015494,5.863753572758387,5.879491329193115,95800,0.0,0.0
2012-04-18 00:00:00-04:00,5.876344681955518,5.898376944019679,5.848017316348993,5.854312419891357,99900,0.0,0.0
2012-04-19 00:00:00-04:00,5.901523380479185,5.907818482831857,5.825983953249132,5.8448686599731445,104100,0.0,0.0
2012-04-20 00:00:00-04:00,5.85116429235035,5.898376363604062,5.85116429235035,5.892081260681152,96200,0.0,0.0
2012-04-23 00:00:00-04:00,5.892081688935415,5.892081688935415,5.800805091255186,5.8228373527526855,108300,0.0,0.0
2012-04-24 00:00:00-04:00,5.838573602804517,5.873196065678148,5.800804189064198,5.803951740264893,106900,0.0,0.0
2012-04-25 00:00:00-04:00,5.854311519231574,5.882638880480061,5.832279260556978,5.879491329193115,102000,0.0,0.0
2012-04-26 00:00:00-04:00,5.879490060078879,5.9109649658203125,5.860605356767577,5.9109649658203125,57900,0.0,0.0
2012-04-27 00:00:00-04:00,5.917263193279466,5.917263193279466,5.876346210280604,5.882641315460205,72100,0.0,0.0
2012-04-30 00:00:00-04:00,5.8826388296312935,5.888933331816752,5.851163917367925,5.876343727111816,45900,0.0,0.0
2012-05-01 00:00:00-04:00,5.876341674107527,5.932996376321459,5.876341674107527,5.8889312744140625,90000,0.0,0.0
2012-05-02 00:00:00-04:00,5.895226374734235,5.904669025214493,5.860604523640905,5.8889312744140625,67000,0.0,0.0
2012-05-03 00:00:00-04:00,5.892081739098913,5.898376842532965,5.838574560577682,5.84801721572876,83000,0.0,0.0
2012-05-04 00:00:00-04:00,5.829131289501332,5.829131289501332,5.734706558694769,5.766181468963623,94700,0.0,0.0
2012-05-07 00:00:00-04:00,5.759886043951183,5.775623798370362,5.750443991633622,5.775623798370361,66900,0.0,0.0
2012-05-08 00:00:00-04:00,5.772476191031715,5.772476191031715,5.709526374638542,5.750443935394287,75800,0.0,0.0
2012-05-09 00:00:00-04:00,5.712674668586152,5.737854478351978,5.671757702841942,5.715822219848633,92600,0.0,0.0
2012-05-10 00:00:00-04:00,5.725263345558402,5.759885199537048,5.703231092935484,5.731557846069336,102000,0.0,0.0
2012-05-11 00:00:00-04:00,5.731559853419952,5.750445162568489,5.674905726976547,5.693790435791016,73100,0.0,0.0
2012-05-14 00:00:00-04:00,5.6874936981946895,5.71896860406251,5.668608994807555,5.681198596954346,110000,0.0,0.0
2012-05-15 00:00:00-04:00,5.668610642874384,5.684347800216697,5.530121376992555,5.533268928527832,166600,0.0,0.0
2012-05-16 00:00:00-04:00,5.542711219537951,5.599365942788307,5.423106670379639,5.423106670379639,166000,0.0,0.0
2012-05-17 00:00:00-04:00,5.423108393944883,5.435698603261491,5.34442138671875,5.34442138671875,152500,0.0,0.0
2012-05-18 00:00:00-04:00,5.360156957972816,5.3853367659822515,5.312944292662892,5.334977149963379,128000,0.0,0.0
2012-05-21 00:00:00-04:00,5.341272029735645,5.375894493324213,5.303502615215407,5.350714683532715,183200,0.0,0.0
2012-05-22 00:00:00-04:00,5.347564430052942,5.429398920606476,5.347564430052942,5.360154628753662,134500,0.0,0.0
2012-05-23 00:00:00-04:00,5.366452896692718,5.366452896692718,5.319240819074857,5.357010841369629,188500,0.0,0.0
2012-05-24 00:00:00-04:00,5.334976328615954,5.432547994589107,5.297206322249701,5.429400444030762,124400,0.0,0.0
2012-05-25 00:00:00-04:00,5.432548200323323,5.451432904054684,5.401073293881783,5.441990852355957,58300,0.0,0.0
2012-05-29 00:00:00-04:00,5.454579907972003,5.523824214935303,5.454579907972003,5.523824214935303,100100,0.0,0.0
2012-05-30 00:00:00-04:00,5.514384291420541,5.514384291420541,5.388485230041229,5.419959545135498,124300,0.0,0.0
2012-05-31 00:00:00-04:00,5.441990378854516,5.441990378854516,5.309796263569236,5.391630172729492,115700,0.0,0.0
2012-06-01 00:00:00-04:00,5.379042472499045,5.379042472499045,5.2972079340831355,5.325535297393799,117400,0.0,0.0
2012-06-04 00:00:00-04:00,5.3381248507394385,5.3381248507394385,5.224815998942784,5.278323173522949,138700,0.0,0.0
2012-06-05 00:00:00-04:00,5.275174161952035,5.413663387298584,5.275174161952035,5.413663387298584,169900,0.0,0.0
2012-06-06 00:00:00-04:00,5.413664397491731,5.508088532195769,5.413664397491731,5.46087646484375,119200,0.0,0.0
2012-06-07 00:00:00-04:00,5.508089444156433,5.542711912769474,5.432550003819524,5.435697555541992,101900,0.0,0.0
2012-06-08 00:00:00-04:00,5.432548414774067,5.530120088293981,5.350713894929196,5.404221057891846,148700,0.0,0.0
2012-06-11 00:00:00-04:00,5.438845431633614,5.476614853887559,5.438845431633614,5.448287487030029,74200,0.0,0.0
2012-06-12 00:00:00-04:00,5.482908422198334,5.615102563733949,5.464023716360096,5.602512359619141,122700,0.0,0.0
2012-06-13 00:00:00-04:00,5.592880786905769,5.621776316298584,5.554353210256997,5.605722904205322,100300,0.35,0.0
2012-06-14 00:00:00-04:00,5.6281976566471155,5.6924094676156045,5.6281976566471155,5.6538825035095215,87600,0.0,0.0
2012-06-15 00:00:00-04:00,5.653883991741705,5.685989599489356,5.599303601245397,5.666726112365723,43200,0.0,0.0
2012-06-18 00:00:00-04:00,5.669935872008124,5.727726936340332,5.592881323690219,5.727726936340332,120700,0.0,0.0
2012-06-19 00:00:00-04:00,5.714884405315265,5.7566226698484035,5.67956811883546,5.7341485023498535,106200,0.0,0.0
2012-06-20 00:00:00-04:00,5.734148067632568,5.734148067632568,5.60572321330534,5.660303592681885,160300,0.0,0.0
2012-06-21 00:00:00-04:00,5.689197993273527,5.698830039146792,5.56719514075368,5.5736165046691895,127700,0.0,0.0
2012-06-22 00:00:00-04:00,5.586461791165806,5.621778700373062,5.519039268906843,5.541513442993164,97500,0.0,0.0
2012-06-25 00:00:00-04:00,5.541511915832412,5.541511915832412,5.307137575843375,5.3809814453125,203000,0.0,0.0
2012-06-26 00:00:00-04:00,5.419507923110841,5.535090047348129,5.419507923110841,5.519037246704102,162400,0.0,0.0
2012-06-27 00:00:00-04:00,5.51261638236276,5.605723736832846,5.51261638236276,5.583249568939209,66200,0.0,0.0
2012-06-28 00:00:00-04:00,5.522249607697546,5.62498903274536,5.522249607697546,5.624989032745361,102500,0.0,0.0
2012-06-29 00:00:00-04:00,5.737359960113103,5.8657842291471365,5.65709471541993,5.702043056488037,301100,0.0,0.0
2012-07-02 00:00:00-04:00,5.7084656382973815,5.798362339571524,5.705254954341112,5.782309532165527,92600,0.0,0.0
2012-07-03 00:00:00-04:00,5.811202726784723,5.843308940996261,5.791939243207841,5.817624092102051,63400,0.0,0.0
2012-07-05 00:00:00-04:00,5.811200892862381,5.824043007069169,5.788726733719321,5.804779529571533,51800,0.0,0.0
2012-07-06 00:00:00-04:00,5.811203261933096,5.849730232634775,5.798360530115765,5.8304667472839355,95200,0.0,0.0
2012-07-09 00:00:00-04:00,5.8304671630752845,5.846519966616573,5.811203676350698,5.820835113525391,62100,0.0,0.0
2012-07-10 00:00:00-04:00,5.849726679070911,5.904307031388043,5.814410412777322,5.824041843414307,124400,0.0,0.0
2012-07-11 00:00:00-04:00,5.82404496368248,5.962101258941786,5.82404496368248,5.955679893493652,104800,0.0,0.0
2012-07-12 00:00:00-04:00,5.952468229176153,6.0391541900124945,5.933204137990344,6.035943508148193,112600,0.0,0.0
2012-07-13 00:00:00-04:00,6.042365064326798,6.068049907684325,5.997416741544868,6.068049907684326,83500,0.0,0.0
2012-07-16 00:00:00-04:00,6.051998568912063,6.100157585268103,5.994207504334767,6.016681671142578,105000,0.0,0.0
2012-07-17 00:00:00-04:00,6.007048057602176,6.068049789024032,5.997416624265801,6.019890785217285,108400,0.0,0.0
2012-07-18 00:00:00-04:00,6.029525119387308,6.077684141472431,6.019893070020206,6.061630725860596,87600,0.0,0.0
2012-07-19 00:00:00-04:00,6.061628543751201,6.1162089124328185,6.0552077921930465,6.068049907684326,74300,0.0,0.0
2012-07-20 00:00:00-04:00,6.058418558966889,6.058418558966889,5.994206143486724,6.026312351226807,93500,0.0,0.0
2012-07-23 00:00:00-04:00,6.01347017288208,6.048787065862045,5.933204952382186,6.01347017288208,80400,0.0,0.0
2012-07-24 00:00:00-04:00,6.068050961396117,6.0969464917378895,5.85936149633059,5.888257026672363,111200,0.0,0.0
2012-07-25 00:00:00-04:00,5.901099576020992,5.939627156753092,5.836887757967653,5.852940559387207,152200,0.0,0.0
2012-07-26 00:00:00-04:00,5.852938910438295,5.946046847090745,5.830464749832518,5.89467716217041,149300,0.0,0.0
2012-07-27 00:00:00-04:00,5.958889749617292,6.0295235349984155,5.939626268320181,5.974943161010742,102800,0.0,0.0
2012-07-30 00:00:00-04:00,6.003839568611985,6.042366536849803,5.971733353497058,5.990996837615967,112400,0.0,0.0
2012-07-31 00:00:00-04:00,6.029522711119997,6.068049668449867,5.942836138565369,5.971731662750244,145400,0.0,0.0
2012-08-01 00:00:00-04:00,6.003839814199904,6.039156101133335,5.978154963532344,6.032735347747803,109300,0.0,0.0
2012-08-02 00:00:00-04:00,6.0359459534346405,6.068052172709598,5.958891394599859,6.0455780029296875,20400,0.0,0.0
2012-08-03 00:00:00-04:00,6.06805123183735,6.145105778724559,6.06805123183735,6.132263660430908,32600,0.0,0.0
2012-08-06 00:00:00-04:00,6.1515246151928995,6.180420134943663,6.116207732747555,6.135471820831299,20400,0.0,0.0
2012-08-07 00:00:00-04:00,6.164371569496232,6.241426137568026,6.151528835296631,6.151528835296631,14000,0.0,0.0
2012-08-08 00:00:00-04:00,6.1964786792455975,6.202900047898803,6.106581967602404,6.161162376403809,112700,0.0,0.0
2012-08-09 00:00:00-04:00,6.180422675688526,6.212528889985305,6.125842295096532,6.132263660430908,50800,0.0,0.0
2012-08-10 00:00:00-04:00,6.1707911846474905,6.1707911846474905,6.093736630805527,6.119421482086182,68800,0.0,0.0
2012-08-13 00:00:00-04:00,6.11942179731282,6.129053846679922,6.055209971991053,6.061630725860596,84300,0.0,0.0
2012-08-14 00:00:00-04:00,6.071263235013276,6.132264994207619,6.068052551647758,6.084105968475342,105100,0.0,0.0
2012-08-15 00:00:00-04:00,6.103366374969482,6.135472580040388,6.080892215132327,6.103366374969482,81100,0.0,0.0
2012-08-16 00:00:00-04:00,6.138683094332802,6.244633139514217,6.125840367704796,6.209316253662109,122200,0.0,0.0
2012-08-17 00:00:00-04:00,6.177212221924198,6.202897071838379,6.157948737582344,6.202897071838379,72800,0.0,0.0
2012-08-20 00:00:00-04:00,6.212528903707733,6.231792387378309,6.15152715764662,6.222160339355469,112700,0.0,0.0
2012-08-21 00:00:00-04:00,6.2317933231028695,6.2317933231028695,6.122632545286909,6.157949447631836,114700,0.0,0.0
2012-08-22 00:00:00-04:00,6.1772105712119165,6.1772105712119165,6.080892562866212,6.080892562866211,114100,0.0,0.0
2012-08-23 00:00:00-04:00,6.084104707475367,6.096946825900521,6.0263136436243965,6.029524326324463,80400,0.0,0.0
2012-08-24 00:00:00-04:00,6.039156101133335,6.096947168229132,6.019892616226451,6.032735347747803,82200,0.0,0.0
2012-08-27 00:00:00-04:00,6.026314153083178,6.0519990044799705,5.981365203857422,5.981365203857422,112400,0.0,0.0
2012-08-28 00:00:00-04:00,6.000626641520314,6.045574958444659,5.939624916855211,5.962099075317383,131800,0.0,0.0
2012-08-29 00:00:00-04:00,5.9588900716765805,6.016681131066369,5.94925863669499,6.007049083709717,102500,0.0,0.0
2012-08-30 00:00:00-04:00,6.0166819226891635,6.0166819226891635,5.946048736572266,5.946048736572266,68600,0.0,0.0
2012-08-31 00:00:00-04:00,5.994206026128025,6.01989086934222,5.958889137067895,5.978153228759766,43300,0.0,0.0
2012-09-04 00:00:00-04:00,5.984576347161412,6.003840446472168,5.955680810570487,6.003840446472168,46200,0.0,0.0
2012-09-05 00:00:00-04:00,6.010261058807373,6.010261058807373,5.987786889183324,6.010261058807373,84000,0.0,0.0
2012-09-06 00:00:00-04:00,6.010260077534062,6.109789401583907,6.010260077534062,6.058419704437256,99000,0.0,0.0
2012-09-07 00:00:00-04:00,6.071261822536371,6.0905253058725926,6.039155608725941,6.058419704437256,76300,0.0,0.0
2012-09-10 00:00:00-04:00,6.0552077921930465,6.106577478908101,6.051997110226485,6.068049907684326,82100,0.0,0.0
2012-09-11 00:00:00-04:00,6.06805209210533,6.087315578464342,6.061630725860597,6.061630725860596,89200,0.0,0.0
2012-09-12 00:00:00-04:00,6.061629531261379,6.117240834261639,6.045272898648516,6.081256866455078,80700,0.35,0.0
2012-09-13 00:00:00-04:00,6.081256902927946,6.153224215030963,6.042001608363376,6.1499528884887695,115000,0.0,0.0
2012-09-14 00:00:00-04:00,6.1532268182112295,6.1761254897523346,6.077988147735596,6.077988147735596,82600,0.0,0.0
2012-09-17 00:00:00-04:00,6.077985539932505,6.107426854693921,6.051815551693662,6.081256866455078,67100,0.0,0.0
2012-09-18 00:00:00-04:00,6.097613539025668,6.097613539025668,6.022374892639832,6.048544883728027,103100,0.0,0.0
2012-09-19 00:00:00-04:00,6.064902263406375,6.097614288330078,6.045274299721896,6.097614288330078,119400,0.0,0.0
2012-09-20 00:00:00-04:00,6.091071743867424,6.091071743867424,6.058359097761481,6.068172454833984,89400,0.0,0.0
2012-09-21 00:00:00-04:00,6.0649017517710355,6.097613773935151,6.051816443751926,6.068172454833984,142500,0.0,0.0
2012-09-24 00:00:00-04:00,6.077986513009262,6.094342524298962,6.032189182244633,6.064901828765869,158000,0.0,0.0
2012-09-25 00:00:00-04:00,6.06817010182334,6.100882735244542,6.035458092343726,6.074712753295898,168700,0.0,0.0
2012-09-26 00:00:00-04:00,6.074714874816222,6.077986201694973,6.038730903091778,6.048544883728027,79900,0.0,0.0
2012-09-27 00:00:00-04:00,6.068170979607294,6.081256284445248,6.022373660557808,6.038729667663574,134400,0.0,0.0
2012-09-28 00:00:00-04:00,6.097613746738584,6.1630390386586615,5.986391124839547,5.999476432800293,216900,0.0,0.0
2012-10-01 00:00:00-04:00,5.996205645470689,6.064902270563673,5.992934318186082,6.035460948944092,74900,0.0,0.0
2012-10-02 00:00:00-04:00,6.038729029707638,6.08452696786052,6.035458327785356,6.0550856590271,84300,0.0,0.0
2012-10-03 00:00:00-04:00,6.10415579354395,6.10742712020874,6.064901121449991,6.10742712020874,99100,0.0,0.0
2012-10-04 00:00:00-04:00,6.110698446873531,6.1597670989618605,6.097613140214369,6.10742712020874,71000,0.0,0.0
2012-10-05 00:00:00-04:00,6.153224906656636,6.182666224903849,6.1106989047116675,6.123783588409424,119600,0.0,0.0
2012-10-08 00:00:00-04:00,6.1106968100357335,6.1957494087124365,6.1106968100357335,6.1335954666137695,99600,0.0,0.0
2012-10-09 00:00:00-04:00,6.136868406759044,6.140139733408114,6.087799754906516,6.100884437561035,81800,0.0,0.0
2012-10-10 00:00:00-04:00,6.1335965132901515,6.1335965132901515,6.038729921059247,6.042001247406006,82200,0.0,0.0
2012-10-11 00:00:00-04:00,6.0616304445167675,6.146683075092615,6.051816463470459,6.051816463470459,73400,0.0,0.0
2012-10-12 00:00:00-04:00,6.133597747045871,6.133597747045871,6.045273789742372,6.068172454833984,68500,0.0,0.0
2012-10-15 00:00:00-04:00,6.055086655680957,6.15649527838681,6.055086655680957,6.084527969360352,102400,0.0,0.0
2012-10-16 00:00:00-04:00,6.140139987993459,6.172852631898745,6.104156017303467,6.104156017303467,110900,0.0,0.0
2012-10-17 00:00:00-04:00,6.1205116203696495,6.1695808949361535,6.1205116203696495,6.140139579772949,87900,0.0,0.0
2012-10-18 00:00:00-04:00,6.140139411116717,6.199022039825749,6.120511452252555,6.195750713348389,85100,0.0,0.0
2012-10-19 00:00:00-04:00,6.179394505354178,6.1924798121623015,6.133597179409289,6.143411159515381,83100,0.0,0.0
2012-10-22 00:00:00-04:00,6.159765448980325,6.169579426345881,6.1335954666137695,6.1335954666137695,89300,0.0,0.0
2012-10-23 00:00:00-04:00,6.133597334424045,6.133597334424045,6.071443373398181,6.104156017303467,91200,0.0,0.0
2012-10-24 00:00:00-04:00,6.127054699592907,6.1630386703929485,6.042002074755764,6.087800025939941,103200,0.0,0.0
2012-10-25 00:00:00-04:00,6.094342381274556,6.097613708244091,5.970035076141357,5.970035076141357,105500,0.0,0.0
2012-10-26 00:00:00-04:00,5.989662257463895,6.071443557739258,5.989662257463895,6.071443557739258,47000,0.0,0.0
2012-10-31 00:00:00-04:00,6.074713407315656,6.074713407315656,5.992932126928657,6.002746105194092,99200,0.0,0.0
2012-11-01 00:00:00-04:00,6.0420024824241505,6.071443801621245,6.0420024824241505,6.051816463470459,38700,0.0,0.0
2012-11-02 00:00:00-04:00,6.061629812716771,6.097613158252385,5.986390547087544,6.091071128845215,91100,0.0,0.0
2012-11-05 00:00:00-05:00,6.08779902799111,6.08779902799111,6.0289164032222695,6.0583577156066895,72500,0.0,0.0
2012-11-06 00:00:00-05:00,6.100887038651655,6.100887038651655,5.973308364654035,5.9831223487854,151000,0.0,0.0
2012-11-07 00:00:00-05:00,5.973306336607993,5.9798489904742205,5.826099744326956,5.8718976974487305,169000,0.0,0.0
2012-11-08 00:00:00-05:00,5.881710434888087,5.884981761476689,5.783573132997032,5.799929141998291,161300,0.0,0.0
2012-11-09 00:00:00-05:00,5.806471064817449,5.829369724115639,5.754131093866823,5.757402420043945,104500,0.0,0.0
2012-11-12 00:00:00-05:00,5.7639459573014005,5.770487986718334,5.610196723080798,5.721419334411621,151700,0.0,0.0
2012-11-13 00:00:00-05:00,5.724692759306534,5.724692759306534,5.5774861244904255,5.642911434173584,257400,0.0,0.0
2012-11-14 00:00:00-05:00,5.633095750708113,5.6429097313817405,5.5742137384917685,5.593841075897217,202700,0.0,0.0
2012-11-15 00:00:00-05:00,5.593840528090992,5.639637852199363,5.446633952111593,5.557856559753418,188300,0.0,0.0
2012-11-16 00:00:00-05:00,5.5611273765257145,5.737775251507365,5.495702098989914,5.701791286468506,163800,0.0,0.0
2012-11-19 00:00:00-05:00,5.7672160781591995,5.780301383556364,5.629823491197488,5.639637470245361,145600,0.0,0.0
2012-11-20 00:00:00-05:00,5.682166038488893,5.698522051905662,5.639639405298225,5.646182060241699,149300,0.0,0.0
2012-11-21 00:00:00-05:00,5.68216365446398,5.711604341473562,5.646179691314322,5.669078350067139,120300,0.0,0.0
2012-11-23 00:00:00-05:00,5.714877166586309,5.74431848526001,5.682165144897145,5.74431848526001,72600,0.0,0.0
2012-11-26 00:00:00-05:00,5.727962734521568,5.7835740474369945,5.708335395828431,5.770488739013672,190500,0.0,0.0
2012-11-27 00:00:00-05:00,5.757403138181546,5.757403138181546,5.6232818678985215,5.737775802612305,186700,0.0,0.0
2012-11-28 00:00:00-05:00,5.724692376330833,5.754133701324463,5.678895036981612,5.754133701324463,131900,0.0,0.0
2012-11-29 00:00:00-05:00,5.750861931011052,5.786845908553949,5.741047948787924,5.78357458114624,137300,0.0,0.0
2012-11-30 00:00:00-05:00,5.763945592176903,5.829370249794189,5.754131612760533,5.786844253540039,187700,0.0,0.0
2012-12-03 00:00:00-05:00,5.799928768146586,5.884981382142663,5.783572760199601,5.8424553871154785,169000,0.0,0.0
2012-12-04 00:00:00-05:00,5.862082376866402,5.862082376866402,5.741045803771451,5.780301094055176,120100,0.0,0.0
2012-12-05 00:00:00-05:00,5.786845374542826,5.803201386130131,5.714877426098245,5.770488739013672,151300,0.0,0.0
2012-12-06 00:00:00-05:00,5.760675866681417,5.79338789261035,5.626554563758711,5.708335876464844,215800,0.0,0.0
2012-12-07 00:00:00-05:00,5.708336773740839,5.737778100858191,5.659267479250587,5.6723527908325195,158800,0.0,0.0
2012-12-10 00:00:00-05:00,5.659267928711387,5.685437930011685,5.642911911876968,5.665810585021973,207000,0.0,0.0
2012-12-11 00:00:00-05:00,5.691977560545732,5.750860188155724,5.678892878822242,5.7050628662109375,163400,0.0,0.0
2012-12-12 00:00:00-05:00,5.731770766575098,5.741785737916263,5.688373830870358,5.7150797843933105,30800,0.35,0.0
2012-12-13 00:00:00-05:00,5.685032844543457,5.701723818908139,5.6082527069942865,5.685032844543457,320900,0.0,0.0
2012-12-14 00:00:00-05:00,5.67835896616976,5.718417578846418,5.6583296598314305,5.661667346954346,117700,0.0,0.0
2012-12-17 00:00:00-05:00,5.698387340120833,5.731769936369334,5.644975440811258,5.6683430671691895,169000,0.0,0.0
2012-12-18 00:00:00-05:00,5.6983869814779275,5.755137200512636,5.6750193565907,5.735107898712158,205400,0.0,0.0
2012-12-19 00:00:00-05:00,5.721755335411137,5.7885205322130835,5.71841701189903,5.758476257324219,168600,0.0,0.0
2012-12-20 00:00:00-05:00,5.778506292952759,5.788521264756488,5.698388428683487,5.741786003112793,208100,0.0,0.0
2012-12-21 00:00:00-05:00,5.6950485517261775,5.731769468272645,5.648313302827045,5.671680927276611,259200,0.0,0.0
2012-12-24 00:00:00-05:00,5.644974188555124,5.6983860760160425,5.624944889937261,5.6349592208862305,103200,0.0,0.0
2012-12-26 00:00:00-05:00,5.675020642326677,5.701726596351173,5.63496139292985,5.661667346954346,200100,0.0,0.0
2012-12-27 00:00:00-05:00,5.648312263435149,5.705062470963891,5.514782550638079,5.614929676055908,284500,0.0,0.0
2012-12-28 00:00:00-05:00,5.60491721875347,5.631623170238223,5.5481669922583565,5.5681962966918945,201300,0.0,0.0
2012-12-31 00:00:00-05:00,5.598238772968781,5.701724222131952,5.551502895346782,5.631621360778809,433500,0.0,0.0
2013-01-02 00:00:00-05:00,5.735106773213088,5.7751653689526545,5.695047540753623,5.768489360809326,204100,0.0,0.0
2013-01-03 00:00:00-05:00,5.785181207731933,5.938740879119021,5.761813583910418,5.898681640625,236300,0.0,0.0
2013-01-04 00:00:00-05:00,5.89868166550152,5.955431882187386,5.89200501960436,5.942078590393066,128400,0.0,0.0
2013-01-07 00:00:00-05:00,5.98213700192279,6.008842945098877,5.922048470596615,6.008842945098877,178900,0.0,0.0
2013-01-08 00:00:00-05:00,6.0422274202845685,6.048904067343737,5.9587712422052785,5.962109565734863,112900,0.0,0.0
2013-01-09 00:00:00-05:00,5.982138870192262,6.0288741261662295,5.955432918675695,5.962109565734863,147100,0.0,0.0
2013-01-10 00:00:00-05:00,6.012183442026479,6.092301300531156,6.0055067946377205,6.035551071166992,148900,0.0,0.0
2013-01-11 00:00:00-05:00,6.062256997354748,6.092301273751957,5.998830120880623,6.028874397277832,128000,0.0,0.0
2013-01-14 00:00:00-05:00,6.045565596551727,6.102315821732084,6.035550626206926,6.0822858810424805,184700,0.0,0.0
2013-01-15 00:00:00-05:00,6.082287374935828,6.108993332361223,6.058919741778639,6.0989789962768555,128400,0.0,0.0
2013-01-16 00:00:00-05:00,6.098976092456495,6.1089904237728785,6.05224021167357,6.088961124420166,101900,0.0,0.0
2013-01-17 00:00:00-05:00,6.098976818096408,6.14237374464386,6.062255900980856,6.07227087020874,114400,0.0,0.0
2013-01-18 00:00:00-05:00,6.068931565181085,6.115666807242747,6.042225621614433,6.065593242645264,96100,0.0,0.0
2013-01-22 00:00:00-05:00,6.078947197761678,6.155727359086771,6.078947197761678,6.149050712585449,128400,0.0,0.0
2013-01-23 00:00:00-05:00,6.142375005553931,6.155728300598948,6.105654717620441,6.1457133293151855,143200,0.0,0.0
2013-01-24 00:00:00-05:00,6.1590639721956855,6.192445921993266,6.108989774059557,6.122343063354492,158900,0.0,0.0
2013-01-25 00:00:00-05:00,6.1423738047576855,6.175756399123983,6.122344502825919,6.162403106689453,87700,0.0,0.0
2013-01-28 00:00:00-05:00,6.1590654252034165,6.169079757817257,6.095638559528967,6.125682830810547,141200,0.0,0.0
2013-01-29 00:00:00-05:00,6.112329642814446,6.199124135031062,6.112329642814446,6.189109802246094,97500,0.0,0.0
2013-01-30 00:00:00-05:00,6.2024626321393805,6.2124776019252455,6.152389056650172,6.192447662353516,110100,0.0,0.0
2013-01-31 00:00:00-05:00,6.20913910453607,6.222491760489374,6.165741540067742,6.189109802246094,143500,0.0,0.0
2013-02-01 00:00:00-05:00,6.205799439055681,6.282578945159912,6.205799439055681,6.282578945159912,187100,0.0,0.0
2013-02-04 00:00:00-05:00,6.2325062471072155,6.249197224935658,6.192447008910966,6.225829601287842,113900,0.0,0.0
2013-02-05 00:00:00-05:00,6.272566097521153,6.312624702907231,6.245859511637033,6.295933723449707,131900,0.0,0.0
2013-02-06 00:00:00-05:00,6.3059480564362005,6.325977995849291,6.232506855415024,6.295933723449707,141500,0.0,0.0
2013-02-07 00:00:00-05:00,6.325978689235159,6.329316376116463,6.249198519842598,6.309287071228027,133400,0.0,0.0
2013-02-08 00:00:00-05:00,6.319300895127346,6.339330196380615,6.275903332905252,6.339330196380615,113400,0.0,0.0
2013-02-11 00:00:00-05:00,6.339330458090032,6.3593597601701815,6.3193011560098835,6.325977802276611,131200,0.0,0.0
2013-02-12 00:00:00-05:00,6.346006842371708,6.37271278961607,6.299271593874075,6.339330196380615,142400,0.0,0.0
2013-02-13 00:00:00-05:00,6.359358451264143,6.3626967737104,6.262549647202265,6.282578945159912,169500,0.0,0.0
2013-02-14 00:00:00-05:00,6.285916975688242,6.305946272715728,6.239181737050816,6.25253438949585,188300,0.0,0.0
2013-02-15 00:00:00-05:00,6.182433280805549,6.245859512125136,6.108991443058581,6.142374038696289,142300,0.0,0.0
2013-02-19 00:00:00-05:00,6.192447391842993,6.212477330539736,6.159065434121815,6.165741443634033,125200,0.0,0.0
2013-02-20 00:00:00-05:00,6.179094722232616,6.222491649204782,6.162403106689453,6.162403106689453,115700,0.0,0.0
2013-02-21 00:00:00-05:00,6.1490510765676385,6.1490510765676385,6.04222727310346,6.0822858810424805,127900,0.0,0.0
2013-02-22 00:00:00-05:00,6.082284263035961,6.1190051744783265,6.075608254635468,6.11232852935791,104800,0.0,0.0
2013-02-25 00:00:00-05:00,6.155728407284688,6.1857726849365235,6.042227944315565,6.052242279052734,80500,0.0,0.0
2013-02-26 00:00:00-05:00,6.0856240908539165,6.132359981536865,6.025535543347326,6.132359981536865,129500,0.0,0.0
2013-02-27 00:00:00-05:00,6.132359760336071,6.175756689347634,6.112329820742988,6.155727386474609,138100,0.0,0.0
2013-02-28 00:00:00-05:00,6.152389063209096,6.215815931813742,6.142374093412554,6.155727386474609,122800,0.0,0.0
2013-03-01 00:00:00-05:00,6.112329538365388,6.149050455869547,6.098976882640256,6.125682830810547,52900,0.0,0.0
2013-03-04 00:00:00-05:00,6.088961913306387,6.165741434705968,6.088961913306387,6.125682830810547,102500,0.0,0.0
2013-03-05 00:00:00-05:00,6.169079385263149,6.225829601287842,6.1657410623534625,6.225829601287842,118500,0.0,0.0
2013-03-06 00:00:00-05:00,6.25253578234309,6.25253578234309,6.182432908770473,6.205800533294678,96000,0.0,0.0
2013-03-07 00:00:00-05:00,6.229169871563585,6.23918484342353,6.202463916657253,6.235846519470215,65400,0.0,0.0
2013-03-08 00:00:00-05:00,6.219152765947209,6.275902980242507,6.202461788627404,6.255873680114746,93200,0.0,0.0
2013-03-11 00:00:00-04:00,6.269227162393779,6.279241494402848,6.222491278378156,6.225829601287842,68200,0.0,0.0
2013-03-12 00:00:00-04:00,6.245859872328146,6.28591911674765,6.21915392162184,6.229168891906738,101700,0.0,0.0
2013-03-13 00:00:00-04:00,6.205352784228976,6.29040422148358,6.205352784228976,6.2597856521606445,22400,0.35,0.0
2013-03-14 00:00:00-04:00,6.25298224652627,6.307415770879611,6.25298224652627,6.27339506149292,67900,0.0,0.0
2013-03-15 00:00:00-04:00,6.273395635314892,6.280199258701704,6.235972786677392,6.276797771453857,71400,0.0,0.0
2013-03-18 00:00:00-04:00,6.178136071212341,6.378857505978404,6.178136071212341,6.239373207092285,105100,0.0,0.0
2013-03-19 00:00:00-04:00,6.239374633205821,6.266591072163131,6.130508877376582,6.195147514343262,109200,0.0,0.0
2013-03-20 00:00:00-04:00,6.252982727138743,6.310817742874074,6.205354119671216,6.246179103851318,105100,0.0,0.0
2013-03-21 00:00:00-04:00,6.2291670828377095,6.276796328946148,6.191744891691544,6.2597856521606445,197600,0.0,0.0
2013-03-22 00:00:00-04:00,6.283600820085185,6.307415770879611,6.25298224652627,6.27339506149292,62400,0.0,0.0
2013-03-25 00:00:00-04:00,6.297209939396531,6.3312306518950665,6.263189226897996,6.276797771453857,194300,0.0,0.0
2013-03-26 00:00:00-04:00,6.290404038657145,6.3312290128648305,6.290404038657145,6.297208309173584,158900,0.0,0.0
2013-03-27 00:00:00-04:00,6.273395610274039,6.344838522233784,6.256384929647112,6.341436386108398,124500,0.0,0.0
2013-03-28 00:00:00-04:00,6.3822612556747105,6.494529150224214,6.3822612556747105,6.491127014160156,487500,0.0,0.0
2013-04-01 00:00:00-04:00,6.487723926069808,6.487723926069808,6.440095325944353,6.46390962600708,144100,0.0,0.0
2013-04-02 00:00:00-04:00,6.480919457814056,6.593187332474282,6.470713700321029,6.5659708976745605,285100,0.0,0.0
2013-04-03 00:00:00-04:00,6.593188196385291,6.603394604106662,6.477518819998459,6.535353183746338,216600,0.0,0.0
2013-04-04 00:00:00-04:00,6.535352989626081,6.627208709716797,6.484322250317147,6.627208709716797,290100,0.0,0.0
2013-04-05 00:00:00-04:00,6.589785942426149,6.678238870152594,6.548960965183098,6.623805999755859,193200,0.0,0.0
2013-04-08 00:00:00-04:00,6.637415618614582,6.702054906031516,6.521745588033165,6.562570571899414,235700,0.0,0.0
2013-04-09 00:00:00-04:00,6.586384841795473,6.7020548717858475,6.562570538366472,6.681642055511475,256700,0.0,0.0
2013-04-10 00:00:00-04:00,7.1919492531097,7.1919492531097,6.596589198411454,6.617002010345459,216800,0.0,0.0
2013-04-11 00:00:00-04:00,6.6033955587609405,6.7020555676576015,6.59999342236197,6.606797695159912,167700,0.0,0.0
2013-04-12 00:00:00-04:00,6.599989995851423,6.651020717560083,6.569371433048061,6.630608558654785,119000,0.0,0.0
2013-04-15 00:00:00-04:00,6.606796069524597,6.6340125051284575,6.535352520507581,6.599991798400879,117200,0.0,0.0
2013-04-16 00:00:00-04:00,6.603395769264092,6.664632928615357,6.535354336897979,6.559169292449951,135100,0.0,0.0
2013-04-17 00:00:00-04:00,6.630611737213633,6.634013873477225,6.480920986071293,6.531952381134033,147100,0.0,0.0
2013-04-18 00:00:00-04:00,6.528549845022466,6.657827770665488,6.528549845022466,6.644219875335693,130100,0.0,0.0
2013-04-19 00:00:00-04:00,6.657827939613566,6.736075124196014,6.6204050909475605,6.715662956237793,174700,0.0,0.0
2013-04-22 00:00:00-04:00,6.559169252013816,6.7973129660447205,6.531952809013393,6.651024341583252,195400,0.0,0.0
2013-04-23 00:00:00-04:00,6.688445286462829,6.756486699003706,6.640816687018815,6.695249557495117,236200,0.0,0.0
2013-04-24 00:00:00-04:00,6.695252112012866,6.770097175251542,6.695252112012866,6.756489276885986,140000,0.0,0.0
2013-04-25 00:00:00-04:00,6.749683181872369,6.797311786636225,6.746281045976226,6.770095348358154,186800,0.0,0.0
2013-04-26 00:00:00-04:00,6.620404708413349,6.787106125261845,6.593188269744609,6.773497581481934,124600,0.0,0.0
2013-04-29 00:00:00-04:00,6.78370369388678,6.804115859776615,6.766693014902706,6.7905073165893555,152600,0.0,0.0
2013-04-30 00:00:00-04:00,6.766693876283898,6.804116725921631,6.746281707795651,6.804116725921631,198700,0.0,0.0
2013-05-01 00:00:00-04:00,6.797311786636225,6.8381367684988685,6.7530853177685115,6.770095348358154,214400,0.0,0.0
2013-05-02 00:00:00-04:00,6.729270818919852,6.804115859776615,6.644219370672644,6.7905073165893555,126100,0.0,0.0
2013-05-03 00:00:00-04:00,6.804115294665892,6.841538136431675,6.790506752608881,6.831331729888916,136100,0.0,0.0
2013-05-06 00:00:00-04:00,6.834738368588695,6.838140506344505,6.783707600034397,6.7939133644104,104900,0.0,0.0
2013-05-07 00:00:00-04:00,6.783703130471375,6.838136000917422,6.783703130471375,6.831331729888916,175000,0.0,0.0
2013-05-08 00:00:00-04:00,6.8347347355883805,6.8347347355883805,6.770095450369826,6.817724704742432,205000,0.0,0.0
2013-05-09 00:00:00-04:00,6.824528977907333,6.861951828002931,6.82112684163581,6.86195182800293,267600,0.0,0.0
2013-05-10 00:00:00-04:00,6.861952036760972,6.882364206119949,6.790508470667803,6.814323425292969,124500,0.0,0.0
2013-05-13 00:00:00-04:00,6.838136568853709,6.838136568853709,6.776899422293151,6.7905073165893555,164800,0.0,0.0
2013-05-14 00:00:00-04:00,6.787105362914951,6.838136098575535,6.787105362914951,6.834733963012695,154200,0.0,0.0
2013-05-15 00:00:00-04:00,6.8211274056506666,6.86195239539346,6.814323781436199,6.848343849182129,205800,0.0,0.0
2013-05-16 00:00:00-04:00,6.841537475585937,6.858547502623149,6.814321042991835,6.8415374755859375,137200,0.0,0.0
2013-05-17 00:00:00-04:00,6.8483410970662595,6.858547502623149,6.814321042991835,6.8415374755859375,155200,0.0,0.0
2013-05-20 00:00:00-04:00,6.8517439930762,6.868754670893232,6.800713257407122,6.8075175285339355,205800,0.0,0.0
2013-05-21 00:00:00-04:00,6.838137715834466,6.916384905612674,6.838137715834466,6.868756294250488,231200,0.0,0.0
2013-05-22 00:00:00-04:00,6.906176566974808,6.943599407670091,6.8007129646138065,6.824527263641357,189300,0.0,0.0
2013-05-23 00:00:00-04:00,6.715662752195302,6.776899903100512,6.712260616157112,6.763291358947754,217900,0.0,0.0
2013-05-24 00:00:00-04:00,6.749685003257584,6.773499312065742,6.70545787356422,6.756489276885986,130700,0.0,0.0
2013-05-28 00:00:00-04:00,6.776897410114618,6.797309569943728,6.668031692504883,6.668031692504883,176600,0.0,0.0
2013-05-29 00:00:00-04:00,6.668034077240452,6.681641972362924,6.565971943811986,6.596590518951416,201400,0.0,0.0
2013-05-30 00:00:00-04:00,6.562570182849991,6.668033798989861,6.51834306554255,6.548961639404297,161600,0.0,0.0
2013-05-31 00:00:00-04:00,6.548961460187042,6.555765731723685,6.470714284188788,6.504734992980957,148100,0.0,0.0
2013-06-03 00:00:00-04:00,6.487726364723506,6.487726364723506,6.32782982641997,6.355046272277832,216000,0.0,0.0
2013-06-04 00:00:00-04:00,6.378857905657542,6.450300802733235,6.280197925249034,6.334631443023682,171300,0.0,0.0
2013-06-05 00:00:00-04:00,6.351643583314595,6.378860026806655,6.2291692631547235,6.252983570098877,160300,0.0,0.0
2013-06-06 00:00:00-04:00,6.2699919733887475,6.324424840583851,6.225764863235875,6.300610542297363,155300,0.0,0.0
2013-06-07 00:00:00-04:00,6.348239901696364,6.446899890899659,6.317621329108516,6.446899890899658,157700,0.0,0.0
2013-06-10 00:00:00-04:00,6.47751778748592,6.4979299507839,6.389064214673375,6.412878513336182,118500,0.0,0.0
2013-06-11 00:00:00-04:00,6.378858950391968,6.477518946959085,6.334632480514662,6.348240375518799,143100,0.0,0.0
2013-06-12 00:00:00-04:00,6.355041971707181,6.436691254027238,6.293804847744434,6.36524772644043,165200,0.0,0.0
2013-06-13 00:00:00-04:00,6.347914101636251,6.493524395724668,6.347914101636251,6.458855152130127,138600,0.35,0.0
2013-06-14 00:00:00-04:00,6.472725265640591,6.521261826050267,6.420721713592932,6.4276556968688965,91900,0.0,0.0
2013-06-17 00:00:00-04:00,6.465788813302762,6.573262867995426,6.462321822988703,6.493524074554443,93500,0.0,0.0
2013-06-18 00:00:00-04:00,6.472725476230647,6.611401839956586,6.472725476230647,6.545530319213867,76300,0.0,0.0
2013-06-19 00:00:00-04:00,6.528195605217182,6.569798842311177,6.42765549590331,6.431121826171875,90900,0.0,0.0
2013-06-20 00:00:00-04:00,6.413787963604722,6.444990228220441,6.115633284503881,6.126034259796143,234300,0.0,0.0
2013-06-21 00:00:00-04:00,6.195370936902983,6.195370936902983,6.04282665078647,6.129499435424805,207600,0.0,0.0
2013-06-24 00:00:00-04:00,6.122567471459978,6.1711040352477395,6.039361650140493,6.115633487701416,158400,0.0,0.0
2013-06-25 00:00:00-04:00,6.157236296234388,6.236975120070201,6.080964464034181,6.223107814788818,233200,0.0,0.0
2013-06-26 00:00:00-04:00,6.240440704881076,6.365249730582183,6.240440704881076,6.282043933868408,150900,0.0,0.0
2013-06-27 00:00:00-04:00,6.285511580471985,6.4033866491635525,6.2612433006697845,6.365251064300537,145500,0.0,0.0
2013-06-28 00:00:00-04:00,6.410318107652068,6.5212591494891265,6.372181876547791,6.4865899085998535,148200,0.0,0.0
2013-07-01 00:00:00-04:00,6.538596574389092,6.587133133241025,6.521261616755529,6.576732158660889,86400,0.0,0.0
2013-07-02 00:00:00-04:00,6.587134235315405,6.6356708022878514,6.465792156623158,6.483127117156982,85600,0.0,0.0
2013-07-03 00:00:00-04:00,6.510861724228179,6.576732583709836,6.4657914927290845,6.545530319213867,52600,0.0,0.0
2013-07-05 00:00:00-04:00,6.604466667932428,6.604466667932428,6.472724311416062,6.496992588043213,56700,0.0,0.0
2013-07-08 00:00:00-04:00,6.573265591959054,6.646071096203336,6.538596996973367,6.545530319213867,121500,0.0,0.0
2013-07-09 00:00:00-04:00,6.635667782855757,6.635667782855757,6.552461993937976,6.5663299560546875,85500,0.0,0.0
2013-07-10 00:00:00-04:00,6.607932967995013,6.62180093105217,6.552462438288134,6.5940656661987305,70200,0.0,0.0
2013-07-11 00:00:00-04:00,6.621801418174374,6.673804960942521,6.597533142299967,6.6634039878845215,116400,0.0,0.0
2013-07-12 00:00:00-04:00,6.673804451840829,6.694605735109107,6.646069187062834,6.691138744354248,74300,0.0,0.0
2013-07-15 00:00:00-04:00,6.715407679638257,6.7674112184393875,6.6842054241054045,6.691138744354248,118600,0.0,0.0
2013-07-16 00:00:00-04:00,6.722343118352129,6.725810110199569,6.653005265186595,6.687674522399902,70200,0.0,0.0
2013-07-17 00:00:00-04:00,6.680738525381951,6.750076357651674,6.677271534579332,6.694605827331543,106300,0.0,0.0
2013-07-18 00:00:00-04:00,6.670339898823986,6.722343456630303,6.642604623909877,6.653005599975586,171400,0.0,0.0
2013-07-19 00:00:00-04:00,6.632203647844167,6.6634059147801805,6.632203647844167,6.653005599975586,88600,0.0,0.0
2013-07-22 00:00:00-04:00,6.673804543776714,6.711940781344635,6.653003260221886,6.694605827331543,86900,0.0,0.0
2013-07-23 00:00:00-04:00,6.7431457841885845,6.757013091787149,6.677274254627236,6.718876838684082,113700,0.0,0.0
2013-07-24 00:00:00-04:00,6.694607670710612,6.722342943507663,6.604467868804931,6.604467868804932,101700,0.0,0.0
2013-07-25 00:00:00-04:00,6.618335521194355,6.71540930199962,6.601001224493181,6.62873649597168,76800,0.0,0.0
2013-07-26 00:00:00-04:00,6.649536810809611,6.673805087142926,6.6079335790518305,6.639135837554932,57200,0.0,0.0
2013-07-29 00:00:00-04:00,6.656471528374631,6.725809373950008,6.64260356250295,6.659937858581543,98400,0.0,0.0
2013-07-30 00:00:00-04:00,6.7154101338476115,6.743145408761721,6.639137631887974,6.653005599975586,88400,0.0,0.0
2013-07-31 00:00:00-04:00,6.691138342246902,6.698072323339918,6.607932552913213,6.625267505645752,96900,0.0,0.0
2013-08-01 00:00:00-04:00,6.691140618349369,6.715409560430406,6.611401792437703,6.649538040161133,78000,0.0,0.0
2013-08-02 00:00:00-04:00,6.677273882867793,6.732744432696012,6.625270325061476,6.653005599975586,49400,0.0,0.0
2013-08-05 00:00:00-04:00,6.677271007945063,6.705006270917656,6.562862965525509,6.5663299560546875,75200,0.0,0.0
2013-08-06 00:00:00-04:00,6.559398904109402,6.614869454825079,6.552464919954662,6.5802001953125,84800,0.0,0.0
2013-08-07 00:00:00-04:00,6.590599756279688,6.601000730278295,6.559397495544851,6.569798469543457,62400,0.0,0.0
2013-08-08 00:00:00-04:00,6.632203108276873,6.646071075236248,6.548997290303809,6.562865257263184,100200,0.0,0.0
2013-08-09 00:00:00-04:00,6.5385969637426715,6.587133525484811,6.483126418534211,6.503927707672119,82000,0.0,0.0
2013-08-12 00:00:00-04:00,6.514326016438795,6.5628625583140385,6.486590093926326,6.493524074554443,95700,0.0,0.0
2013-08-13 00:00:00-04:00,6.500459253151529,6.56633075873652,6.500459253151529,6.531661510467529,68300,0.0,0.0
2013-08-14 00:00:00-04:00,6.559395567999981,6.559395567999981,6.465788813302762,6.493524074554443,75900,0.0,0.0
2013-08-15 00:00:00-04:00,6.479659248916556,6.507394520759377,6.413787730316966,6.4276556968688965,104700,0.0,0.0
2013-08-16 00:00:00-04:00,6.44152285436646,6.4761921086898,6.413787583159993,6.462324142456055,84200,0.0,0.0
2013-08-19 00:00:00-04:00,6.476192396225437,6.476192396225437,6.327115058898926,6.327115058898926,84500,0.0,0.0
2013-08-20 00:00:00-04:00,6.327114215152707,6.351382492641949,6.2889779726633455,6.313246250152588,86000,0.0,0.0
2013-08-21 00:00:00-04:00,6.323645865098497,6.340980817623769,6.243907067264721,6.247374057769775,53300,0.0,0.0
2013-08-22 00:00:00-04:00,6.285512040541259,6.372184852613738,6.250843444721131,6.306313991546631,87100,0.0,0.0
2013-08-23 00:00:00-04:00,6.337512783884802,6.354847072295808,6.247373029373995,6.330578804016113,106500,0.0,0.0
2013-08-26 00:00:00-04:00,6.365250992522118,6.372184314343827,6.313246780662658,6.344449043273926,57200,0.0,0.0
2013-08-27 00:00:00-04:00,6.340982140657624,6.351382453081968,6.2612426649255335,6.27164363861084,74900,0.0,0.0
2013-08-28 00:00:00-04:00,6.309779991617209,6.337515260670562,6.257775783538818,6.257775783538818,89300,0.0,0.0
2013-08-29 00:00:00-04:00,6.292445530293422,6.327114784653317,6.247375962508278,6.316713809967041,89100,0.0,0.0
2013-08-30 00:00:00-04:00,6.337514541593337,6.337514541593337,6.282044009780516,6.2959113121032715,51200,0.0,0.0
2013-09-03 00:00:00-04:00,6.36178142474364,6.36178142474364,6.240439414978027,6.240439414978027,42700,0.0,0.0
2013-09-04 00:00:00-04:00,6.2404407802904505,6.347914853020178,6.2404407802904505,6.2959113121032715,50100,0.0,0.0
2013-09-05 00:00:00-04:00,6.330582153917377,6.389519691467285,6.223108054124393,6.389519691467285,87800,0.0,0.0
2013-09-06 00:00:00-04:00,6.375651804078683,6.3929867631400645,6.275111686566968,6.334049224853516,69700,0.0,0.0
2013-09-09 00:00:00-04:00,6.354849103725172,6.3929853439331055,6.302845560607672,6.3929853439331055,53100,0.0,0.0
2013-09-10 00:00:00-04:00,6.44498935026852,6.44498935026852,6.365250534339924,6.403386116027832,75400,0.0,0.0
2013-09-11 00:00:00-04:00,6.396451224584995,6.438053787352636,6.354848000556542,6.3583149909973145,78200,0.0,0.0
2013-09-12 00:00:00-04:00,6.3936578748584365,6.4714135592380835,6.365383019254407,6.453742027282715,55700,0.35,0.0
2013-09-13 00:00:00-04:00,6.464349989836545,6.464349989836545,6.404265794295033,6.425471782684326,58200,0.0,0.0
2013-09-16 00:00:00-04:00,6.485554416057333,6.496157070635022,6.3689204968203805,6.383057594299316,75200,0.0,0.0
2013-09-17 00:00:00-04:00,6.393660671094511,6.400729556618494,6.344179820678686,6.3901262283325195,89900,0.0,0.0
2013-09-18 00:00:00-04:00,6.407798188701666,6.520898342132569,6.368920664019426,6.520898342132568,151600,0.0,0.0
2013-09-19 00:00:00-04:00,6.5350342822371115,6.542103166972859,6.478484552603036,6.499690532684326,94100,0.0,0.0
2013-09-20 00:00:00-04:00,6.499691322707145,6.499691322707145,6.407797832350838,6.4396071434021,225700,0.0,0.0
2013-09-23 00:00:00-04:00,6.4466731448502745,6.474948000454304,6.429001612894906,6.453742027282715,82500,0.0,0.0
2013-09-24 00:00:00-04:00,6.474950356749351,6.53856897354126,6.467881471744477,6.53856897354126,167300,0.0,0.0
2013-09-25 00:00:00-04:00,6.538567770196216,6.573911514590015,6.510292909506347,6.5456366539001465,159200,0.0,0.0
2013-09-26 00:00:00-04:00,6.559776278193157,6.6163260213919335,6.559776278193157,6.573914051055908,107200,0.0,0.0
2013-09-27 00:00:00-04:00,6.573913268394462,6.588050365447998,6.549172842956248,6.588050365447998,146000,0.0,0.0
2013-09-30 00:00:00-04:00,6.588048259685236,6.616323118880741,6.563307842154895,6.612788677215576,140000,0.0,0.0
2013-10-01 00:00:00-04:00,6.630464583475005,6.633999027111396,6.573914833545144,6.616326808929443,122700,0.0,0.0
2013-10-02 00:00:00-04:00,6.616324174318894,6.630461943234817,6.5633088891360325,6.6233930587768555,119500,0.0,0.0
2013-10-03 00:00:00-04:00,6.637532822813448,6.637532822813448,6.54563931961622,6.602189064025879,85900,0.0,0.0
2013-10-04 00:00:00-04:00,6.630464161237963,6.6410674914719,6.580983301731893,6.60925817489624,110500,0.0,0.0
2013-10-07 00:00:00-04:00,6.602187079528896,6.626927501005836,6.5633088891360325,6.6233930587768555,82500,0.0,0.0
2013-10-08 00:00:00-04:00,6.641066515032795,6.648134726690026,6.57391344834371,6.577447891235352,87300,0.0,0.0
2013-10-09 00:00:00-04:00,6.6233941192708885,6.626928562065782,6.556241054419999,6.588050365447998,83700,0.0,0.0
2013-10-10 00:00:00-04:00,6.651668793954409,6.708218528775142,6.630462811928137,6.690546989440918,78500,0.0,0.0
2013-10-11 00:00:00-04:00,6.715288891975127,6.715288891975127,6.6587391447096405,6.7082200050354,71700,0.0,0.0
2013-10-14 00:00:00-04:00,6.704682979851461,6.743561168923308,6.641065044269216,6.662271022796631,78000,0.0,0.0
2013-10-15 00:00:00-04:00,6.6940816075595055,6.6940816075595055,6.538569495664098,6.556241035461426,116500,0.0,0.0
2013-10-16 00:00:00-04:00,6.584516611537003,6.641067028045654,6.584516611537003,6.641067028045654,53000,0.0,0.0
2013-10-17 00:00:00-04:00,6.651670366513385,6.750632762908935,6.644601479458094,6.7506327629089355,65900,0.0,0.0
2013-10-18 00:00:00-04:00,6.750632300614071,6.817785374788229,6.750632300614071,6.78244161605835,65200,0.0,0.0
2013-10-21 00:00:00-04:00,6.80718015502773,6.80718015502773,6.725890004406195,6.768301963806152,103300,0.0,0.0
2013-10-22 00:00:00-04:00,6.807180940608317,6.902608871459962,6.807180940608317,6.902608871459961,117400,0.0,0.0
2013-10-23 00:00:00-04:00,6.853126751939275,6.892004944268274,6.8495923095342786,6.860195636749268,70300,0.0,0.0
2013-10-24 00:00:00-04:00,6.881403911171675,6.892007241921596,6.835457492841051,6.849594593048096,103200,0.0,0.0
2013-10-25 00:00:00-04:00,6.835456182172773,6.909677460812068,6.835456182172773,6.892005920410156,90200,0.0,0.0
2013-10-28 00:00:00-04:00,6.920280789528848,6.923815232434441,6.853127722574684,6.892005920410156,70500,0.0,0.0
2013-10-29 00:00:00-04:00,6.913208692839569,6.952086872617855,6.86726230465902,6.934415340423584,94200,0.0,0.0
2013-10-30 00:00:00-04:00,6.927348489345301,6.9732948909996635,6.831920569610155,6.8849358558654785,134900,0.0,0.0
2013-10-31 00:00:00-04:00,6.899076129088209,6.920282116461868,6.8389919364243585,6.849594593048096,83300,0.0,0.0
2013-11-01 00:00:00-04:00,6.8708001715212905,6.9202810256356795,6.824853086307004,6.853127956390381,77600,0.0,0.0
2013-11-04 00:00:00-05:00,6.8708012545479376,6.881403911171675,6.821319718507824,6.849594593048096,75900,0.0,0.0
2013-11-05 00:00:00-05:00,6.84605753537556,6.84605753537556,6.775370045913546,6.796576023101807,94100,0.0,0.0
2013-11-06 00:00:00-05:00,6.842525301437914,6.8708001715212905,6.817784874380719,6.853127956390381,73900,0.0,0.0
2013-11-07 00:00:00-05:00,6.877868067387356,6.888471395978644,6.782440806569948,6.810715675354004,54800,0.0,0.0
2013-11-08 00:00:00-05:00,6.807179321447449,6.807179321447449,6.718820297037372,6.764766693115234,69400,0.0,0.0
2013-11-11 00:00:00-05:00,6.775369718228079,6.796575694390728,6.7294233241880335,6.75416374206543,49700,0.0,0.0
2013-11-12 00:00:00-05:00,6.754166512810748,6.754166512810748,6.626929255386965,6.641067028045654,90800,0.0,0.0
2013-11-13 00:00:00-05:00,6.665806564722599,6.71175297146719,6.637531697312232,6.690546989440918,95000,0.0,0.0
2013-11-14 00:00:00-05:00,6.715288989401222,6.782442068050563,6.701151215316657,6.718823432922363,94000,0.0,0.0
2013-11-15 00:00:00-05:00,6.771836256747518,6.782439583426605,6.725889856056657,6.740026950836182,169300,0.0,0.0
2013-11-18 00:00:00-05:00,6.778906740070315,6.817784939604173,6.768303410890332,6.800112724304199,61300,0.0,0.0
2013-11-19 00:00:00-05:00,6.849592144874865,6.849592144874865,6.70821782270335,6.729424476623535,100400,0.0,0.0
2013-11-20 00:00:00-05:00,6.771837947384731,6.800112818128726,6.697616664479029,6.732959747314453,101300,0.0,0.0
2013-11-21 00:00:00-05:00,6.73295965441647,6.8071816104241885,6.718822556302576,6.800112724304199,63200,0.0,0.0
2013-11-22 00:00:00-05:00,6.8213198782690325,6.831923209267293,6.7718390151962184,6.775373458862305,73600,0.0,0.0
2013-11-25 00:00:00-05:00,6.761232679124208,6.793041983854938,6.743561142774204,6.747095584869385,71800,0.0,0.0
2013-11-26 00:00:00-05:00,6.722357092114263,6.793043931911204,6.715288205896741,6.732959747314453,79400,0.0,0.0
2013-11-27 00:00:00-05:00,6.7082192271225916,6.821318708538083,6.704684784062597,6.800112724304199,91400,0.0,0.0
2013-11-29 00:00:00-05:00,6.817784939604173,6.849593578891955,6.778906740070315,6.800112724304199,46200,0.0,0.0
2013-12-02 00:00:00-05:00,6.817785133318004,6.817785133318004,6.722357190365007,6.743563175201416,70000,0.0,0.0
2013-12-03 00:00:00-05:00,6.757702041043158,6.803648461309193,6.7152893903831,6.771839141845703,63200,0.0,0.0
2013-12-04 00:00:00-05:00,6.778907902528392,6.814251665063059,6.757701914658071,6.775373458862305,94700,0.0,0.0
2013-12-05 00:00:00-05:00,6.785974025652967,6.8071800048852165,6.725889856056657,6.740026950836182,90300,0.0,0.0
2013-12-06 00:00:00-05:00,6.76830156331457,6.775370447504932,6.736492258583842,6.747095584869385,46100,0.0,0.0
2013-12-09 00:00:00-05:00,6.75770084907578,6.76830350427597,6.711753762787979,6.732959747314453,74200,0.0,0.0
2013-12-10 00:00:00-05:00,6.7152883040441695,6.757700947843092,6.7152883040441695,6.743563175201416,52700,0.0,0.0
2013-12-11 00:00:00-05:00,6.7470968774872935,6.7506313202596075,6.6552033877852095,6.672874927520752,90200,0.0,0.0
2013-12-12 00:00:00-05:00,6.716086756354347,6.716086756354347,6.586446940215131,6.600851058959961,119500,0.35,0.0
2013-12-13 00:00:00-05:00,6.62605930569084,6.633261709062066,6.500019994130351,6.514424800872803,161000,0.0,0.0
2013-12-16 00:00:00-05:00,6.5468352160024645,6.615256677308686,6.50722268258428,6.572042942047119,124500,0.0,0.0
2013-12-17 00:00:00-05:00,6.5972505242146235,6.608054129509158,6.536031467930272,6.543233871459961,123500,0.0,0.0
2013-12-18 00:00:00-05:00,6.597250604554943,6.633261935782927,6.543233951142474,6.626059532165527,117900,0.0,0.0
2013-12-19 00:00:00-05:00,6.65847156596899,6.65847156596899,6.536033416890815,6.561241149902344,204000,0.0,0.0
2013-12-20 00:00:00-05:00,6.572042134611364,6.618856379105733,6.554036814465593,6.600851058959961,142200,0.0,0.0
2013-12-23 00:00:00-05:00,6.590047586433545,6.708884487603364,6.579244668873802,6.6764750480651855,106800,0.0,0.0
2013-12-24 00:00:00-05:00,6.701684631440567,6.795313835144043,6.694482226495882,6.795313835144043,45000,0.0,0.0
2013-12-26 00:00:00-05:00,6.773705083405802,6.838525339482439,6.726890835605444,6.752098560333252,84600,0.0,0.0
2013-12-27 00:00:00-05:00,6.752100815879551,6.788112157602751,6.730494285589317,6.755702018737793,78400,0.0,0.0
2013-12-30 00:00:00-05:00,6.795310653283543,6.806113568783033,6.752096930709124,6.777304649353027,69700,0.0,0.0
2013-12-31 00:00:00-05:00,6.834923636175807,6.921350408981674,6.802513510516239,6.870934963226318,139800,0.0,0.0
2014-01-02 00:00:00-05:00,6.874537876123574,6.874537876123574,6.7520997457846175,6.791712284088135,122900,0.0,0.0
2014-01-03 00:00:00-05:00,6.766503416604311,6.791711141517083,6.701683160052048,6.770103931427002,139800,0.0,0.0
2014-01-06 00:00:00-05:00,6.762903699752103,6.795313835144043,6.762903699752103,6.795313835144043,74200,0.0,0.0
2014-01-07 00:00:00-05:00,6.780908584594727,6.824122324595431,6.752099653547289,6.780908584594727,104900,0.0,0.0
2014-01-08 00:00:00-05:00,6.780908537708969,6.780908537708969,6.698082947377659,6.762903213500977,67700,0.0,0.0
2014-01-09 00:00:00-05:00,6.762903809763551,6.762903809763551,6.705285942987092,6.726892471313477,56900,0.0,0.0
2014-01-10 00:00:00-05:00,6.766502389751465,6.788108909703651,6.716086260717849,6.719687461853027,118700,0.0,0.0
2014-01-13 00:00:00-05:00,6.705283344171198,6.748496384075572,6.698080941900841,6.719687461853027,80000,0.0,0.0
2014-01-14 00:00:00-05:00,6.705285013342568,6.719689134610069,6.665672477853594,6.680076599121094,62700,0.0,0.0
2014-01-15 00:00:00-05:00,6.7052843125328945,6.752098560333251,6.687278304256615,6.752098560333252,122000,0.0,0.0
2014-01-16 00:00:00-05:00,6.762904677544278,6.762904677544278,6.701685600381584,6.716089725494385,76400,0.0,0.0
2014-01-17 00:00:00-05:00,6.734093813959621,6.752099136914443,6.680076471377071,6.683677673339844,81900,0.0,0.0
2014-01-21 00:00:00-05:00,6.683678727801556,6.737695392047093,6.683678727801556,6.726892471313477,121600,0.0,0.0
2014-01-22 00:00:00-05:00,6.723290618424214,6.755700751208264,6.694481687822734,6.73769474029541,128000,0.0,0.0
2014-01-23 00:00:00-05:00,6.741294403423855,6.780906931529409,6.734092687561969,6.773704528808594,80900,0.0,0.0
2014-01-24 00:00:00-05:00,6.755702484454866,6.76290489066786,6.647668451837736,6.658472061157227,112100,0.0,0.0
2014-01-27 00:00:00-05:00,6.654868459776111,6.680076185577996,6.626059532165527,6.626059532165527,68900,0.0,0.0
2014-01-28 00:00:00-05:00,6.6512668145443685,6.708884665924302,6.6512668145443685,6.6908793449401855,71800,0.0,0.0
2014-01-29 00:00:00-05:00,6.672873042486438,6.7088836791581,6.644064121033789,6.705283164978027,88400,0.0,0.0
2014-01-30 00:00:00-05:00,6.723288483313858,6.723288483313858,6.669271841447499,6.705283164978027,100400,0.0,0.0
2014-01-31 00:00:00-05:00,6.676477823440482,6.719690885360786,6.629662871691044,6.698084354400635,135600,0.0,0.0
2014-02-03 00:00:00-05:00,6.708884743623299,6.726890751674921,6.615256249190775,6.6692728996276855,65400,0.0,0.0
2014-02-04 00:00:00-05:00,6.665673458851077,6.665673458851077,6.597251983898351,6.608055591583252,103700,0.0,0.0
2014-02-05 00:00:00-05:00,6.618858549083044,6.622459751664632,6.575645491822318,6.593650817871094,121100,0.0,0.0
2014-02-06 00:00:00-05:00,6.586446959137011,6.66207012819723,6.586446959137011,6.633261203765869,89600,0.0,0.0
2014-02-07 00:00:00-05:00,6.669274640714143,6.719690102702232,6.6476674254114005,6.712487697601318,53700,0.0,0.0
2014-02-10 00:00:00-05:00,6.716088259866537,6.737694786250244,6.6692740048919905,6.730493068695068,91200,0.0,0.0
2014-02-11 00:00:00-05:00,6.708884422584665,6.806114800833749,6.705283908005612,6.802513599395752,62300,0.0,0.0
2014-02-12 00:00:00-05:00,6.8205219599742755,6.842128489198543,6.795314228069434,6.816920757293701,89400,0.0,0.0
2014-02-13 00:00:00-05:00,6.802514235176227,6.878138098724273,6.784508913162363,6.863733291625977,58200,0.0,0.0
2014-02-14 00:00:00-05:00,6.870937136093979,6.91415087959231,6.85293181030418,6.896144866943359,75000,0.0,0.0
2014-02-18 00:00:00-05:00,6.91415076048838,6.946560895839039,6.906948355552869,6.932156085968018,111100,0.0,0.0
2014-02-19 00:00:00-05:00,6.932156691368682,6.978970953819617,6.903347755969829,6.928555488586426,129800,0.0,0.0
2014-02-20 00:00:00-05:00,6.960965368706004,6.964566571354754,6.8997462973955965,6.935757637023926,86000,0.0,0.0
2014-02-21 00:00:00-05:00,6.968166956162852,6.978969875982011,6.939358025213274,6.964565753936768,83500,0.0,0.0
2014-02-24 00:00:00-05:00,6.982570010729352,6.9861712124048925,6.917749754287594,6.921350955963135,121100,0.0,0.0
2014-02-25 00:00:00-05:00,6.964566221318678,6.964566221318678,6.906948355552869,6.932156085968018,103100,0.0,0.0
2014-02-26 00:00:00-05:00,6.957361622329512,6.978968143463135,6.924951497199617,6.978968143463135,77100,0.0,0.0
2014-02-27 00:00:00-05:00,6.971767587261568,6.986171708126825,6.946559860603092,6.953761577606201,131800,0.0,0.0
2014-02-28 00:00:00-05:00,6.9789697599641185,7.000576972961426,6.964565638158329,7.000576972961426,136200,0.0,0.0
2014-03-03 00:00:00-05:00,6.971768404425476,6.9789701222727025,6.914150540492962,6.924953460693359,88100,0.0,0.0
2014-03-04 00:00:00-05:00,6.946560314186322,7.000576972961426,6.946560314186322,7.000576972961426,114400,0.0,0.0
2014-03-05 00:00:00-05:00,7.004176998696517,7.014979916521615,6.982569789328386,6.993373394012451,66600,0.0,0.0
2014-03-06 00:00:00-05:00,6.986172676086426,7.014981608667559,6.975369755655459,6.986172676086426,112200,0.0,0.0
2014-03-07 00:00:00-05:00,7.000577218074295,7.000577218074295,6.9573634774257105,6.960964679718018,89000,0.0,0.0
2014-03-10 00:00:00-04:00,6.97536936061502,7.004178291564599,6.953762147258516,6.964565753936768,62000,0.0,0.0
2014-03-11 00:00:00-04:00,6.986172526979046,6.99337493168539,6.914150540492962,6.924953460693359,89800,0.0,0.0
2014-03-12 00:00:00-04:00,6.924953216308937,6.978969875982011,6.924953216308937,6.964565753936768,80900,0.0,0.0
2014-03-13 00:00:00-04:00,6.993907196184588,7.030582256424475,6.971902439848091,6.99023962020874,98700,0.35,0.0
2014-03-14 00:00:00-04:00,6.990237009953813,7.015909332679743,6.938892364501953,6.938892364501953,85100,0.0,0.0
2014-03-17 00:00:00-04:00,6.946230107535747,7.019579528496932,6.946230107535747,6.99023962020874,92400,0.0,0.0
2014-03-18 00:00:00-04:00,6.997573479558428,7.078258037567139,6.997573479558428,7.078258037567139,89300,0.0,0.0
2014-03-19 00:00:00-04:00,7.078258407555835,7.081925983045911,7.004908996309803,7.052586078643799,99800,0.0,0.0
2014-03-20 00:00:00-04:00,7.041583944620536,7.048918395970666,6.971901410405646,7.026913642883301,115700,0.0,0.0
2014-03-21 00:00:00-04:00,7.048917695554239,7.118600222845118,7.048917695554239,7.085592746734619,71700,0.0,0.0
2014-03-24 00:00:00-04:00,7.11493099079887,7.129601287661865,7.078255948159639,7.089258670806885,74600,0.0,0.0
2014-03-25 00:00:00-04:00,7.111266310665926,7.151608943939209,7.1075987349575795,7.151608943939209,92100,0.0,0.0
2014-03-26 00:00:00-04:00,7.151606312450131,7.20661852879609,7.151606312450131,7.202950954437256,113000,0.0,0.0
2014-03-27 00:00:00-04:00,7.2029539325993595,7.221291811975587,7.162611997008802,7.173614025115967,70800,0.0,0.0
2014-03-28 00:00:00-04:00,7.199284480202321,7.727403376765697,7.1846148800436,7.235959529876709,104700,0.0,0.0
2014-03-31 00:00:00-04:00,7.268965680614612,7.316643446362493,7.2176210401337535,7.25796365737915,168700,0.0,0.0
2014-04-01 00:00:00-04:00,7.305641614545945,7.312976763942964,7.2506293931049965,7.298306465148926,100200,0.0,0.0
2014-04-02 00:00:00-04:00,7.265299356460986,7.316644705294802,7.213954707145553,7.272634506225586,127500,0.0,0.0
2014-04-03 00:00:00-04:00,7.298308897165994,7.298308897165994,7.213956749546633,7.250631809234619,97000,0.0,0.0
2014-04-04 00:00:00-04:00,7.316643524812967,7.32397797387583,7.243293438038184,7.27630090713501,132000,0.0,0.0
2014-04-07 00:00:00-04:00,7.290970504779004,7.29463807906957,7.22862314087592,7.27630090713501,71200,0.0,0.0
2014-04-08 00:00:00-04:00,7.276304196799274,7.323981285095215,7.243296712779552,7.323981285095215,97900,0.0,0.0
2014-04-09 00:00:00-04:00,7.327647173370843,7.3533194995804205,7.301974847161265,7.320312023162842,130200,0.0,0.0
2014-04-10 00:00:00-04:00,7.323978416615006,7.3533183131948805,7.2616310489429825,7.268966197967529,120200,0.0,0.0
2014-04-11 00:00:00-04:00,7.221291635193977,7.309311355489379,7.217624059408516,7.301976203918457,150800,0.0,0.0
2014-04-14 00:00:00-04:00,7.331315517425538,7.334983092914214,7.287306010598412,7.331315517425537,78600,0.0,0.0
2014-04-15 00:00:00-04:00,7.3349809646606445,7.353318137264978,7.298305919933682,7.3349809646606445,99400,0.0,0.0
2014-04-16 00:00:00-04:00,7.349652181142769,7.408331980234184,7.349652181142769,7.378992080688477,139900,0.0,0.0
2014-04-17 00:00:00-04:00,7.404661655426025,7.4376691175965135,7.393658934863155,7.404661655426025,104600,0.0,0.0
2014-04-21 00:00:00-04:00,7.419336694012321,7.434006998860647,7.382661631410142,7.393664360046387,85400,0.0,0.0
2014-04-22 00:00:00-04:00,7.400996760061706,7.434004234176421,7.3863264606692205,7.4193339347839355,150800,0.0,0.0
2014-04-23 00:00:00-04:00,7.434004198013581,7.474346122109919,7.42300147352274,7.463344097137451,104100,0.0,0.0
2014-04-24 00:00:00-04:00,7.478011027290792,7.489013747853663,7.393658934863155,7.404661655426025,114200,0.0,0.0
2014-04-25 00:00:00-04:00,7.4230013220515945,7.426668896807036,7.356986375490372,7.375324249267578,95200,0.0,0.0
2014-04-28 00:00:00-04:00,7.415667200944406,7.45234225406655,7.382659723086323,7.44867467880249,96800,0.0,0.0
2014-04-29 00:00:00-04:00,7.474346122109919,7.5073535960640685,7.44867379781633,7.463344097137451,118600,0.0,0.0
2014-04-30 00:00:00-04:00,7.496356487274169,7.529363982874952,7.4670165689089,7.49635648727417,124100,0.0,0.0
2014-05-01 00:00:00-04:00,7.5110215398376665,7.562366890465315,7.507353964827233,7.547696590423584,75800,0.0,0.0
2014-05-02 00:00:00-04:00,7.584373266180237,7.584373266180237,7.485350818235364,7.53669548034668,118700,0.0,0.0
2014-05-05 00:00:00-04:00,7.5366917677040535,7.5366917677040535,7.485347130885571,7.507351875305176,78600,0.0,0.0
2014-05-06 00:00:00-04:00,7.481681202699375,7.562366449183907,7.481681202699375,7.5550312995910645,111400,0.0,0.0
2014-05-07 00:00:00-04:00,7.580705237251965,7.602709991195986,7.555032907730854,7.5990424156188965,84500,0.0,0.0
2014-05-08 00:00:00-04:00,7.595375130175689,7.6210481601959925,7.5733703753911135,7.610045433044434,96300,0.0,0.0
2014-05-09 00:00:00-04:00,7.628380514226356,7.628380514226356,7.5440283944844255,7.569700717926025,83900,0.0,0.0
2014-05-12 00:00:00-04:00,7.5990405499135845,7.661387920379639,7.584370950725401,7.661387920379639,179100,0.0,0.0
2014-05-13 00:00:00-04:00,7.683392850135997,7.72373476982089,7.6320475076451295,7.65038537979126,142200,0.0,0.0
2014-05-14 00:00:00-04:00,7.672392410953577,7.672392410953577,7.606377450611156,7.624715328216553,112000,0.0,0.0
2014-05-15 00:00:00-04:00,7.6540528118441244,7.6760575584918636,7.613710193391365,7.672389984130859,138100,0.0,0.0
2014-05-16 00:00:00-04:00,7.716400994539795,7.8337605884536785,7.7017306955413805,7.749407768249512,229500,0.0,0.0
2014-05-19 00:00:00-04:00,7.76774269151783,7.819087319472951,7.720064937401138,7.731067657470703,121100,0.0,0.0
2014-05-20 00:00:00-04:00,7.745740893018266,7.771413216747133,7.72006786977104,7.749407768249512,91100,0.0,0.0
2014-05-21 00:00:00-04:00,7.78975116390188,7.78975116390188,7.7457416615765835,7.760411262512207,86700,0.0,0.0
2014-05-22 00:00:00-04:00,7.786082705421048,7.793417854815866,7.749407657965303,7.775080680847168,118200,0.0,0.0
2014-05-23 00:00:00-04:00,7.7860845805760786,7.815424485703056,7.760412251029789,7.767747402191162,88800,0.0,0.0
2014-05-27 00:00:00-04:00,7.8007530042106845,7.830092902271611,7.7640779567549405,7.775080680847168,114500,0.0,0.0
2014-05-28 00:00:00-04:00,7.797087307318138,7.804422458479512,7.760412251029789,7.767747402191162,91300,0.0,0.0
2014-05-29 00:00:00-04:00,7.800754441343744,7.800754441343744,7.745742209784398,7.778748989105225,121100,0.0,0.0
2014-05-30 00:00:00-04:00,7.7970875191487306,7.819092273712157,7.771415188904977,7.819092273712158,101100,0.0,0.0
2014-06-02 00:00:00-04:00,7.841098307576705,7.866771341527635,7.815425973144425,7.83743143081665,85600,0.0,0.0
2014-06-03 00:00:00-04:00,7.844760815046034,7.852095962863914,7.808086474993028,7.826423645019531,83600,0.0,0.0
2014-06-04 00:00:00-04:00,7.826427506466369,7.841097109821703,7.760412542571009,7.782417297363281,81700,0.0,0.0
2014-06-05 00:00:00-04:00,7.811757343344336,7.822760070696582,7.778749860806154,7.815424919128418,65800,0.0,0.0
2014-06-06 00:00:00-04:00,7.830093055313563,7.877770128275053,7.808088306217365,7.863100528717041,75100,0.0,0.0
2014-06-09 00:00:00-04:00,7.870439019267715,7.870439019267715,7.826429498481684,7.859436988830566,100800,0.0,0.0
2014-06-10 00:00:00-04:00,7.863101446781329,7.863101446781329,7.819091243932116,7.855766296386719,73400,0.0,0.0
2014-06-11 00:00:00-04:00,7.855764942323719,7.8741021156311035,7.830092619886053,7.8741021156311035,103600,0.0,0.0
2014-06-12 00:00:00-04:00,7.8852897367985735,7.8852897367985735,7.825637482545922,7.8666486740112305,81700,0.35,0.0
2014-06-13 00:00:00-04:00,7.907656314915844,7.930026435561237,7.862917495846474,7.8703742027282715,85400,0.0,0.0
2014-06-16 00:00:00-04:00,7.877831169718025,7.922570705413818,7.877831169718025,7.922570705413818,77900,0.0,0.0
2014-06-17 00:00:00-04:00,7.959854828958366,7.967311537973215,7.900202579061394,7.907658576965332,116100,0.0,0.0
2014-06-18 00:00:00-04:00,7.9225712889454725,7.933756351470947,7.889016812479894,7.933756351470947,96700,0.0,0.0
2014-06-19 00:00:00-04:00,7.95985160944878,8.00459042322061,7.911383731566902,7.971035957336426,88800,0.0,0.0
2014-06-20 00:00:00-04:00,8.0083238756325,8.030694007873535,7.9934111652495545,8.030694007873535,107900,0.0,0.0
2014-06-23 00:00:00-04:00,8.01205066064203,8.023235724570272,7.9673118271509376,7.989681243896484,95500,0.0,0.0
2014-06-24 00:00:00-04:00,7.989677023236522,8.075427001388258,7.989677023236522,8.045600891113281,111000,0.0,0.0
2014-06-25 00:00:00-04:00,8.049330687190503,8.071700096130371,8.034417273823465,8.071700096130371,101500,0.0,0.0
2014-06-26 00:00:00-04:00,8.09034297986258,8.157451215947736,8.086614626006051,8.138810157775879,82700,0.0,0.0
2014-06-27 00:00:00-04:00,8.153724640220075,8.183550763864643,8.09780003616449,8.176094055175781,72800,0.0,0.0
2014-06-30 00:00:00-04:00,8.23947270957848,8.284211528916789,8.161178709070375,8.198461532592773,182000,0.0,0.0
2014-07-01 00:00:00-04:00,8.228289304981933,8.276757198647545,8.198463182384193,8.246931076049805,120300,0.0,0.0
2014-07-02 00:00:00-04:00,8.27302921636802,8.27302921636802,8.198463550965963,8.235746383666992,167500,0.0,0.0
2014-07-03 00:00:00-04:00,8.232016679614016,8.243201740923755,8.075429376831517,8.094070434570312,98900,0.0,0.0
2014-07-07 00:00:00-04:00,8.06051567445297,8.094069432004536,8.019504499174515,8.06424331665039,137100,0.0,0.0
2014-07-08 00:00:00-04:00,8.064244869174672,8.127625465393066,8.04560381015607,8.127625465393066,107300,0.0,0.0
2014-07-09 00:00:00-04:00,8.105255080226511,8.131352844166788,8.045602845188526,8.07542896270752,109500,0.0,0.0
2014-07-10 00:00:00-04:00,8.049331342679114,8.112711932428978,7.9784940456385005,8.09034252166748,96900,0.0,0.0
2014-07-11 00:00:00-04:00,8.071702186109881,8.131354432802219,8.071702186109881,8.11644172668457,59600,0.0,0.0
2014-07-14 00:00:00-04:00,8.161181148863399,8.217105756421066,8.153725150818511,8.17982292175293,122700,0.0,0.0
2014-07-15 00:00:00-04:00,8.202193773531706,8.213378839222862,8.13508480160686,8.153726577758789,89800,0.0,0.0
2014-07-16 00:00:00-04:00,8.202190795802267,8.232016915706206,8.146266909871228,8.168636322021484,104600,0.0,0.0
2014-07-17 00:00:00-04:00,8.116442168291725,8.217105606728614,8.094072041231808,8.112713813781738,94400,0.0,0.0
2014-07-18 00:00:00-04:00,8.149994503778121,8.213375091552734,8.097798265480321,8.213375091552734,72600,0.0,0.0
2014-07-21 00:00:00-04:00,8.209648905846237,8.209648905846237,8.149996655849154,8.164909362792969,65900,0.0,0.0
2014-07-22 00:00:00-04:00,8.202191905347155,8.235746383666992,8.18727848782239,8.235746383666992,83200,0.0,0.0
2014-07-23 00:00:00-04:00,8.239477524381396,8.299129792431215,8.239477524381396,8.280488014221191,81700,0.0,0.0
2014-07-24 00:00:00-04:00,8.284210205078125,8.31403631690761,8.25065574038113,8.284210205078125,63400,0.0,0.0
2014-07-25 00:00:00-04:00,8.29912606885026,8.306582776788659,8.232017119626303,8.265571594238281,63700,0.0,0.0
2014-07-28 00:00:00-04:00,8.273028773091783,8.276757127273205,8.217104882592135,8.239474296569824,41300,0.0,0.0
2014-07-29 00:00:00-04:00,8.220835746171373,8.30285814807322,8.220835746171373,8.280488014221191,68100,0.0,0.0
2014-07-30 00:00:00-04:00,8.336411000546168,8.366237128713502,8.287943097829883,8.362508773803711,153600,0.0,0.0
2014-07-31 00:00:00-04:00,8.351322359146788,8.351322359146788,8.056789479992233,8.11644172668457,127900,0.0,0.0
2014-08-01 00:00:00-04:00,8.10898383104198,8.116440538564696,7.974765940076185,8.041874885559082,78700,0.0,0.0
2014-08-04 00:00:00-04:00,8.05306091898697,8.05306091898697,7.926299720241619,7.967310905456543,49100,0.0,0.0
2014-08-05 00:00:00-04:00,7.963583769291826,8.049333795937898,7.903931515006648,7.918844223022461,70500,0.0,0.0
2014-08-06 00:00:00-04:00,7.8703751647426285,7.948668463239352,7.848005041362883,7.896472930908203,66400,0.0,0.0
2014-08-07 00:00:00-04:00,7.933753330511503,7.985948846867379,7.833089939444674,7.844274997711182,74200,0.0,0.0
2014-08-08 00:00:00-04:00,7.862917708268631,7.862917708268631,7.6802326513934736,7.818178176879883,138500,0.0,0.0
2014-08-11 00:00:00-04:00,7.833090822324006,7.918840812033834,7.8293624691482755,7.911384105682373,102900,0.0,0.0
2014-08-12 00:00:00-04:00,7.959850859367454,8.019503079515765,7.9188396913490315,8.015774726867676,70700,0.0,0.0
2014-08-13 00:00:00-04:00,8.05305948015709,8.067972183227539,7.993407245653838,8.067972183227539,48400,0.0,0.0
2014-08-14 00:00:00-04:00,8.071701308973351,8.172364730994344,8.071701308973351,8.123897552490234,58900,0.0,0.0
2014-08-15 00:00:00-04:00,8.164908869160097,8.202191700931962,8.079158853862419,8.086615562438965,94000,0.0,0.0
2014-08-18 00:00:00-04:00,8.164904687540494,8.198459147839317,8.108980824079289,8.149991989135742,56100,0.0,0.0
2014-08-19 00:00:00-04:00,8.191005481796122,8.228288308305011,8.176092777859026,8.217103958129883,63900,0.0,0.0
2014-08-20 00:00:00-04:00,8.239472855146271,8.280483321745805,8.202190030965195,8.213375091552734,106700,0.0,0.0
2014-08-21 00:00:00-04:00,8.220833885237656,8.29539955897621,8.168638340287249,8.258116722106934,90500,0.0,0.0
2014-08-22 00:00:00-04:00,8.28048341607652,8.287940123219826,8.258114005757331,8.273027420043945,62300,0.0,0.0
2014-08-25 00:00:00-04:00,8.291668034977162,8.373689675850885,8.291668034977162,8.351320266723633,104400,0.0,0.0
2014-08-26 00:00:00-04:00,8.369962599549574,8.377418595689022,8.299125302894245,8.310310363769531,89200,0.0,0.0
2014-08-27 00:00:00-04:00,8.3475923538208,8.358777414529968,8.3252229435132,8.3475923538208,68600,0.0,0.0
2014-08-28 00:00:00-04:00,8.358777414529968,8.366234121669411,8.3252229435132,8.3475923538208,71600,0.0,0.0
2014-08-29 00:00:00-04:00,8.328951513041167,8.369962692260742,8.328951513041167,8.369962692260742,61500,0.0,0.0
2014-09-02 00:00:00-04:00,8.38487564816703,8.38487564816703,8.306582352148707,8.321495056152344,93800,0.0,0.0
2014-09-03 00:00:00-04:00,8.347592570262382,8.369962692260742,8.317766452041989,8.369962692260742,73100,0.0,0.0
2014-09-04 00:00:00-04:00,8.384878192151465,8.384878192151465,8.317769225997218,8.362508773803711,64800,0.0,0.0
2014-09-05 00:00:00-04:00,8.362505984927955,8.369962692260742,8.328951513041167,8.369962692260742,56400,0.0,0.0
2014-09-08 00:00:00-04:00,8.328951250221431,8.36250572104941,8.295396779393453,8.317766189575195,50000,0.0,0.0
2014-09-09 00:00:00-04:00,8.325222407087146,8.325222407087146,8.27675523602515,8.291667938232422,81900,0.0,0.0
2014-09-10 00:00:00-04:00,8.302852949258675,8.332679064608023,8.250656714064306,8.261841773986816,78600,0.0,0.0
2014-09-11 00:00:00-04:00,8.284574508666992,8.288361972614174,8.125474289545785,8.284574508666992,137000,0.35,0.0
2014-09-12 00:00:00-04:00,8.284572588783899,8.326241185250757,8.151988983154297,8.151988983154297,52900,0.0,0.0
2014-09-15 00:00:00-04:00,8.167139397026592,8.167139397026592,8.03455581746801,8.045920372009277,76000,0.0,0.0
2014-09-16 00:00:00-04:00,7.992887229194798,8.076225128263607,7.9739463049593535,8.045920372009277,85600,0.0,0.0
2014-09-17 00:00:00-04:00,8.087591453412601,8.087591453412601,8.004252813576171,8.015617370605469,91800,0.0,0.0
2014-09-18 00:00:00-04:00,8.042132718831922,8.068649291992188,8.01182796057413,8.068649291992188,62600,0.0,0.0
2014-09-19 00:00:00-04:00,8.095165096609001,8.095165096609001,8.04970760633401,8.064860343933105,45000,0.0,0.0
2014-09-22 00:00:00-04:00,8.083800543409678,8.098952558486479,8.030767406857438,8.064860343933105,133100,0.0,0.0
2014-09-23 00:00:00-04:00,8.034556047474114,8.057285157207316,8.00803947530778,8.02698040008545,104300,0.0,0.0
2014-09-24 00:00:00-04:00,8.034556047474114,8.049708787296249,8.004251290352247,8.02698040008545,74300,0.0,0.0
2014-09-25 00:00:00-04:00,8.008040311128434,8.008040311128434,7.864092880405991,7.886821269989014,92500,0.0,0.0
2014-09-26 00:00:00-04:00,7.905761623077407,7.913337270707051,7.848939569459317,7.879244327545166,58100,0.0,0.0
2014-09-29 00:00:00-04:00,7.87545749905603,7.985311985015869,7.829999997006194,7.985311985015869,137800,0.0,0.0
2014-09-30 00:00:00-04:00,8.072435415487298,8.091376336137655,8.000462084582677,8.057283401489258,169800,0.0,0.0
2014-10-01 00:00:00-04:00,8.09516811717669,8.186082409127424,8.049710609940043,8.076227188110352,101800,0.0,0.0
2014-10-02 00:00:00-04:00,8.106532574398548,8.106532574398548,7.913339418226648,7.936068534851074,121100,0.0,0.0
2014-10-03 00:00:00-04:00,7.96637115467638,8.034556318609766,7.913337286031622,7.9550065994262695,78500,0.0,0.0
2014-10-06 00:00:00-04:00,8.00046563111526,8.083803551353025,7.943643566497737,7.962584495544434,103000,0.0,0.0
2014-10-07 00:00:00-04:00,7.913338755227163,7.973948282769039,7.879245805669537,7.920915126800537,55600,0.0,0.0
2014-10-08 00:00:00-04:00,7.9171278420179565,8.01183032989502,7.9171278420179565,8.01183032989502,75900,0.0,0.0
2014-10-09 00:00:00-04:00,8.026982592595546,8.064863729975428,7.8262130702479915,7.841365814208984,104900,0.0,0.0
2014-10-10 00:00:00-04:00,7.837574390964744,7.837574390964744,7.693626272882453,7.720142841339111,100600,0.0,0.0
2014-10-13 00:00:00-04:00,7.735295537191032,7.7542357366940875,7.394366888479961,7.515585899353027,226700,0.0,0.0
2014-10-14 00:00:00-04:00,7.5231643609446115,7.591350254159124,7.352699627908329,7.436037540435791,219400,0.0,0.0
2014-10-15 00:00:00-04:00,7.348911252518393,7.4966475915057895,7.140566115323128,7.458766460418701,213300,0.0,0.0
2014-10-16 00:00:00-04:00,7.31860469716877,7.716355392245866,7.31860469716877,7.64816951751709,118200,0.0,0.0
2014-10-17 00:00:00-04:00,7.754236340445498,7.879243545456801,7.716355938489988,7.8375749588012695,76500,0.0,0.0
2014-10-20 00:00:00-04:00,7.822421235881707,7.886818922635656,7.807269221510212,7.87166690826416,56500,0.0,0.0
2014-10-21 00:00:00-04:00,7.867880698775895,7.99288791943553,7.867880698775895,7.951218605041504,83700,0.0,0.0
2014-10-22 00:00:00-04:00,8.000462791167749,8.114105435017603,7.901972162654132,7.928488731384277,103200,0.0,0.0
2014-10-23 00:00:00-04:00,8.045922274169822,8.053498645655152,7.98910093307495,7.989100933074951,83600,0.0,0.0
2014-10-24 00:00:00-04:00,8.023193420354941,8.102743148803711,7.970160268055762,8.102743148803711,55600,0.0,0.0
2014-10-27 00:00:00-04:00,8.09516353462098,8.11031554677415,8.030765857295156,8.091375350952148,60300,0.0,0.0
2014-10-28 00:00:00-04:00,8.114107090480061,8.18229297971037,8.053497571724776,8.148200035095215,88400,0.0,0.0
2014-10-29 00:00:00-04:00,8.189869309164044,8.231537901523057,8.129259068189887,8.163352012634277,86800,0.0,0.0
2014-10-30 00:00:00-04:00,8.17850433190065,8.258054049821746,8.170927961854142,8.205020904541016,52100,0.0,0.0
2014-10-31 00:00:00-04:00,8.231540384770737,8.30730266695216,8.2277521984094,8.30351448059082,68500,0.0,0.0
2014-11-03 00:00:00-05:00,8.326236510247531,8.371693989305504,8.284567937176684,8.364117622375488,42800,0.0,0.0
2014-11-04 00:00:00-05:00,8.345182024709564,8.345182024709564,8.197445678278749,8.201233863830566,62300,0.0,0.0
2014-11-05 00:00:00-05:00,8.23154111127438,8.242905671361413,8.186084315971714,8.208812713623047,49600,0.0,0.0
2014-11-06 00:00:00-05:00,8.197445720482946,8.258055244579039,8.182293700720182,8.186081886291504,40700,0.0,0.0
2014-11-07 00:00:00-05:00,8.201234865977492,8.280785327241267,8.13304896275786,8.167141914367676,43800,0.0,0.0
2014-11-10 00:00:00-05:00,8.174717676553438,8.36412262802365,8.167141305089217,8.326241493225098,73600,0.0,0.0
2014-11-11 00:00:00-05:00,8.318666741850466,8.333819487729958,8.2542697394307,8.284574508666992,48700,0.0,0.0
2014-11-12 00:00:00-05:00,8.288359599222447,8.333817101321367,8.242902819646012,8.322452545166016,77600,0.0,0.0
2014-11-13 00:00:00-05:00,8.32623920526368,8.364120329652906,8.303510819639087,8.333815574645996,53500,0.0,0.0
2014-11-14 00:00:00-05:00,8.280781830192742,8.367907904169215,8.258052723703166,8.360331535339355,73700,0.0,0.0
2014-11-17 00:00:00-05:00,8.303511462096244,8.420942306518555,8.303511462096244,8.420942306518555,128900,0.0,0.0
2014-11-18 00:00:00-05:00,8.402001342418494,8.470187220908754,8.394424973136832,8.417153358459473,66600,0.0,0.0
2014-11-19 00:00:00-05:00,8.413366993385527,8.606560116715876,8.367910212909266,8.48534107208252,176600,0.0,0.0
2014-11-20 00:00:00-05:00,8.485342309828146,8.561104585036587,8.41715640664507,8.4323091506958,93100,0.0,0.0
2014-11-21 00:00:00-05:00,8.492914004320976,8.53837148891453,8.432304506544375,8.477761268615723,85800,0.0,0.0
2014-11-24 00:00:00-05:00,8.485339167283389,8.504280090332031,8.466398966757083,8.504280090332031,57800,0.0,0.0
2014-11-25 00:00:00-05:00,8.53458710011517,8.572467511178404,8.43988462741203,8.511857986450195,113600,0.0,0.0
2014-11-26 00:00:00-05:00,8.534585189462469,8.549737205991148,8.496704064357221,8.530797004699707,71300,0.0,0.0
2014-11-28 00:00:00-05:00,8.508068697338148,8.530797808055143,8.462611920949024,8.500493049621582,39300,0.0,0.0
2014-12-01 00:00:00-05:00,8.43988508812886,8.443673273946478,8.33381805280324,8.341394424438477,59000,0.0,0.0
2014-12-02 00:00:00-05:00,8.36033342542071,8.515645408933818,8.352757054878005,8.508069038391113,98700,0.0,0.0
2014-12-03 00:00:00-05:00,8.549734824534116,8.621708869934082,8.432304019687345,8.621708869934082,187500,0.0,0.0
2014-12-04 00:00:00-05:00,8.62928523734927,8.62928523734927,8.470185134241126,8.621708869934082,112400,0.0,0.0
2014-12-05 00:00:00-05:00,8.6368626339781,8.6368626339781,8.53079635874166,8.572464942932129,88300,0.0,0.0
2014-12-08 00:00:00-05:00,8.542160491384644,8.545948675994373,8.428517843182135,8.504280090332031,84000,0.0,0.0
2014-12-09 00:00:00-05:00,8.44367009621002,8.5838293061008,8.299721979404994,8.576252937316895,118200,0.0,0.0
2014-12-10 00:00:00-05:00,8.580041614959592,8.580041614959592,8.458822597537626,8.504280090332031,86200,0.0,0.0
2014-12-11 00:00:00-05:00,8.504281738063773,8.523521900566559,8.369598398648806,8.39653491973877,73400,0.35,0.0
2014-12-12 00:00:00-05:00,8.342661984376159,8.392686847903002,8.077143481440185,8.138712882995605,124100,0.0,0.0
2014-12-15 00:00:00-05:00,8.238765620994952,8.304183219972954,7.807779690993714,7.89243745803833,137000,0.0,0.0
2014-12-16 00:00:00-05:00,7.815475460475408,7.927070492401432,7.619222659959744,7.761602401733398,192100,0.0,0.0
2014-12-17 00:00:00-05:00,7.753905079480575,7.969398021697998,7.71927219344997,7.969398021697998,95200,0.0,0.0
2014-12-18 00:00:00-05:00,8.046357272282561,8.146407714545832,8.011724398654314,8.069445610046387,122200,0.0,0.0
2014-12-19 00:00:00-05:00,8.061749971905192,8.24645814160529,8.042509078833291,8.215673446655273,124900,0.0,0.0
2014-12-22 00:00:00-05:00,8.184888470426078,8.311875424476531,8.08483803178557,8.107926368713379,83100,0.0,0.0
2014-12-23 00:00:00-05:00,8.188736099201545,8.238760948181152,8.05405279722806,8.238760948181152,92800,0.0,0.0
2014-12-24 00:00:00-05:00,8.204127892450467,8.296481965836794,8.161798666911551,8.273393630981445,40100,0.0,0.0
2014-12-26 00:00:00-05:00,8.319571731876025,8.365748405456543,8.254154165999463,8.365748405456543,39200,0.0,0.0
2014-12-29 00:00:00-05:00,8.315727233886719,8.37344846839179,8.265701625741091,8.315727233886719,149200,0.0,0.0
2014-12-30 00:00:00-05:00,8.311878210972381,8.338814735412598,8.250308802547531,8.338814735412598,74900,0.0,0.0
2014-12-31 00:00:00-05:00,8.388837997091077,8.396534355160755,8.3003320811851,8.327268600463867,107200,0.0,0.0
2015-01-02 00:00:00-05:00,8.277246038415218,8.331119091926027,8.223372984904408,8.23106861114502,82800,0.0,0.0
2015-01-05 00:00:00-05:00,8.161800752772026,8.161800752772026,8.019421795151386,8.03866195678711,250400,0.0,0.0
2015-01-06 00:00:00-05:00,8.0579039716143,8.0579039716143,7.830866509745154,7.86934757232666,95200,0.0,0.0
2015-01-07 00:00:00-05:00,7.903978362360243,7.969395197272302,7.8924338264531,7.930914878845215,140400,0.0,0.0
2015-01-08 00:00:00-05:00,7.988637837962668,8.061751780104833,7.89628373239818,8.046359062194824,87200,0.0,0.0
2015-01-09 00:00:00-05:00,8.015573811629034,8.054054869804624,7.942459874491929,8.004029273986816,68500,0.0,0.0
2015-01-12 00:00:00-05:00,8.038662676931843,8.09638463494028,7.88089098869653,7.965549468994141,87100,0.0,0.0
2015-01-13 00:00:00-05:00,7.965548112477968,8.027117505500991,7.792383735872555,7.80777645111084,79300,0.0,0.0
2015-01-14 00:00:00-05:00,7.761598616699722,7.83086436356999,7.734662100464622,7.815471649169922,96900,0.0,0.0
2015-01-15 00:00:00-05:00,7.803928272301269,7.869345844133863,7.761599039361043,7.80777645111084,98700,0.0,0.0
2015-01-16 00:00:00-05:00,7.8347131877009275,7.927067279815674,7.780839416826849,7.927067279815674,92600,0.0,0.0
2015-01-20 00:00:00-05:00,7.984789019645601,8.054054776768513,7.946307961914524,8.03481388092041,98900,0.0,0.0
2015-01-21 00:00:00-05:00,8.050206390795335,8.077142910325573,8.007877154982044,8.042510032653809,68200,0.0,0.0
2015-01-22 00:00:00-05:00,8.134861992471318,8.134861992471318,8.038659742857552,8.050204277038574,102300,0.0,0.0
2015-01-23 00:00:00-05:00,8.019423792958262,8.057904859781269,7.977094546056422,7.980942726135254,123000,0.0,0.0
2015-01-26 00:00:00-05:00,8.034813777666942,8.06559847666317,7.984788917034989,8.03866195678711,83300,0.0,0.0
2015-01-27 00:00:00-05:00,8.007878537012608,8.11562536769403,7.957853668389413,8.061752319335938,35200,0.0,0.0
2015-01-28 00:00:00-05:00,8.107928666820431,8.146409728583832,7.9924862154954335,8.011726379394531,62900,0.0,0.0
2015-01-29 00:00:00-05:00,8.007877916176966,8.111776559068424,7.996334111832479,8.104080200195312,63900,0.0,0.0
2015-01-30 00:00:00-05:00,8.096384757315363,8.165649786835083,7.992486112087991,8.01557445526123,67700,0.0,0.0
2015-02-02 00:00:00-05:00,8.07329537685552,8.077143556234011,8.00018217055966,8.054055213928223,73300,0.0,0.0
2015-02-03 00:00:00-05:00,8.061750540668207,8.138711916490424,8.042509646238846,8.111775398254395,81700,0.0,0.0
2015-02-04 00:00:00-05:00,8.092535546554007,8.219522518772568,8.08099100945592,8.100231170654297,51700,0.0,0.0
2015-02-05 00:00:00-05:00,8.154105609985468,8.1656494140625,8.131016533901079,8.1656494140625,66700,0.0,0.0
2015-02-06 00:00:00-05:00,8.181043184953264,8.181043184953264,8.050208006154278,8.134865760803223,77500,0.0,0.0
2015-02-09 00:00:00-05:00,8.100231458873703,8.111775996382564,8.004029181528574,8.03481388092041,69200,0.0,0.0
2015-02-10 00:00:00-05:00,8.011723230400085,8.061748811219596,7.950153849364467,8.050204277038574,96600,0.0,0.0
2015-02-11 00:00:00-05:00,8.030964938096888,8.054053274843957,7.927066321787595,8.0001802444458,91900,0.0,0.0
2015-02-12 00:00:00-05:00,8.030964938096888,8.034812382583906,7.892433449684496,8.0001802444458,107600,0.0,0.0
2015-02-13 00:00:00-05:00,8.027116522475986,8.027116522475986,7.9232179092364765,7.97324275970459,66500,0.0,0.0
2015-02-17 00:00:00-05:00,7.965548699009229,7.969396144137042,7.873193868709226,7.903979301452637,65600,0.0,0.0
2015-02-18 00:00:00-05:00,7.923220228845335,7.973245093958772,7.884739168161437,7.965549468994141,103600,0.0,0.0
2015-02-19 00:00:00-05:00,7.9770942666611,8.02711987196847,7.919373035430908,7.919373035430908,106900,0.0,0.0
2015-02-20 00:00:00-05:00,7.900132107642394,8.011726379394531,7.900132107642394,8.011726379394531,74400,0.0,0.0
2015-02-23 00:00:00-05:00,8.015574558967392,8.030967277258835,7.984789856349712,8.011726379394531,79700,0.0,0.0
2015-02-24 00:00:00-05:00,8.015574360339995,8.061751780104833,7.97324512005266,8.046359062194824,94500,0.0,0.0
2015-02-25 00:00:00-05:00,8.042511449583321,8.046359629332057,7.977093861785286,7.988638401031494,86500,0.0,0.0
2015-02-26 00:00:00-05:00,7.9655473259113485,8.027116712854635,7.896281582108904,7.938610076904297,123800,0.0,0.0
2015-02-27 00:00:00-05:00,7.919370729521838,7.9770919439451555,7.892434211721961,7.961699962615967,62900,0.0,0.0
2015-03-02 00:00:00-05:00,7.977093681796729,7.977093681796729,7.89628411079231,7.923220634460449,99200,0.0,0.0
2015-03-03 00:00:00-05:00,7.930917188275796,7.930917188275796,7.819322177239438,7.861651420593262,85500,0.0,0.0
2015-03-04 00:00:00-05:00,7.846254498940835,7.850102676635944,7.7539004361527475,7.830862522125244,75300,0.0,0.0
2015-03-05 00:00:00-05:00,7.850107461482368,7.877043987801807,7.803930768924842,7.857803821563721,77400,0.0,0.0
2015-03-06 00:00:00-05:00,7.8077769715592265,7.934763944879502,7.66154910290854,7.688485622406006,122400,0.0,0.0
2015-03-09 00:00:00-04:00,7.68079153099314,7.730817139650423,7.603830128854335,7.6115264892578125,66200,0.0,0.0
2015-03-10 00:00:00-04:00,7.534561333985124,7.546105869964339,7.2421063615303,7.472991943359375,186300,0.0,0.0
2015-03-11 00:00:00-04:00,7.453755531123818,7.488387688541428,7.403729917363737,7.4576029777526855,92300,0.0,0.0
2015-03-12 00:00:00-04:00,7.47327524796833,7.5438149357933915,7.40665451474068,7.5124640464782715,192000,0.35,0.0
2015-03-13 00:00:00-04:00,7.457602669611548,7.473277745776138,7.359631014323525,7.461521625518799,189800,0.0,0.0
2015-03-16 00:00:00-04:00,7.461518929409877,7.535976822350147,7.461518929409877,7.496788024902344,103500,0.0,0.0
2015-03-17 00:00:00-04:00,7.492870020955381,7.516383001075682,7.4144924239355,7.5124640464782715,139900,0.0,0.0
2015-03-18 00:00:00-04:00,7.504626459078639,7.622192859649658,7.469356613653752,7.622192859649658,175400,0.0,0.0
2015-03-19 00:00:00-04:00,7.641786886012731,7.653543750309091,7.579085104693865,7.622192859649658,192900,0.0,0.0
2015-03-20 00:00:00-04:00,7.614354950118751,7.677056731437618,7.606517040587845,7.622192859649658,109100,0.0,0.0
2015-03-23 00:00:00-04:00,7.64570876624996,7.724085649155734,7.626113984925158,7.70449161529541,104000,0.0,0.0
2015-03-24 00:00:00-04:00,7.657464381213389,7.786786926923928,7.590843630546484,7.708409309387207,137100,0.0,0.0
2015-03-25 00:00:00-04:00,7.7084076513000355,7.75543436119944,7.641786914963325,7.649624824523926,104600,0.0,0.0
2015-03-26 00:00:00-04:00,7.645705529923502,7.677056419308289,7.5908416603661655,7.641786575317383,250100,0.0,0.0
2015-03-27 00:00:00-04:00,7.614357176004022,7.6770589756523435,7.610438220092951,7.661383152008057,103600,0.0,0.0
2015-03-30 00:00:00-04:00,7.665301483121693,7.782867908477784,7.649626408219492,7.782867908477783,162800,0.0,0.0
2015-03-31 00:00:00-04:00,7.782869123311453,7.7946252444570385,7.724085527725659,7.7397613525390625,153200,0.0,0.0
2015-04-01 00:00:00-04:00,7.767192869587999,7.794624814032175,7.739760925143822,7.778949737548828,61000,0.0,0.0
2015-04-02 00:00:00-04:00,7.798540285723716,7.82989117214763,7.7671893992998005,7.802459239959717,71700,0.0,0.0
2015-04-06 00:00:00-04:00,7.798541911934082,7.8338117599487305,7.71232714315619,7.8338117599487305,89100,0.0,0.0
2015-04-07 00:00:00-04:00,7.837731386006695,7.896514221908882,7.782867505493227,7.865163326263428,85400,0.0,0.0
2015-04-08 00:00:00-04:00,7.900431710527574,7.900431710527574,7.782866060550077,7.8377299308776855,126400,0.0,0.0
2015-04-09 00:00:00-04:00,7.806378428290459,7.869080203018566,7.7436766535623525,7.861242294311523,134500,0.0,0.0
2015-04-10 00:00:00-04:00,7.818134272411538,7.865160223596656,7.775026527605165,7.822052478790283,91800,0.0,0.0
2015-04-13 00:00:00-04:00,7.83381083946888,7.86124277415383,7.77894697009898,7.84556770324707,70000,0.0,0.0
2015-04-14 00:00:00-04:00,7.829893475229253,7.880839147818311,7.778948550104507,7.865163326263428,84400,0.0,0.0
2015-04-15 00:00:00-04:00,7.888673818105832,7.90826858885698,7.857322932368071,7.884755611419678,57000,0.0,0.0
2015-04-16 00:00:00-04:00,7.900434633871659,7.908272546094147,7.853408655465627,7.89259672164917,106500,0.0,0.0
2015-04-17 00:00:00-04:00,7.841649113308302,7.900431940004463,7.8259732942084215,7.896512985229492,64000,0.0,0.0
2015-04-20 00:00:00-04:00,7.916107421342507,7.963133381707269,7.841648778723442,7.872999668121338,75700,0.0,0.0
2015-04-21 00:00:00-04:00,7.923947623074675,7.923947623074675,7.876921644668643,7.89259672164917,82700,0.0,0.0
2015-04-22 00:00:00-04:00,7.884755169407066,7.931781121645435,7.8769172615459935,7.912187099456787,54200,0.0,0.0
2015-04-23 00:00:00-04:00,7.9317830619013225,8.010160664756544,7.908270080030443,7.9396209716796875,72000,0.0,0.0
2015-04-24 00:00:00-04:00,7.9631329551625445,8.029753684997559,7.959214000764705,8.029753684997559,65100,0.0,0.0
2015-04-27 00:00:00-04:00,8.065023560991895,8.076780424234796,8.021915809898712,8.041510581970215,56100,0.0,0.0
2015-04-28 00:00:00-04:00,8.0023236215835,8.033674516627867,7.920027054926853,8.017998695373535,88900,0.0,0.0
2015-04-29 00:00:00-04:00,7.998404666269917,8.045431382568616,7.955296905284802,8.017998695373535,54700,0.0,0.0
2015-04-30 00:00:00-04:00,8.017998839943695,8.033674661480674,7.947459885420228,7.994485855102539,101000,0.0,0.0
2015-05-01 00:00:00-04:00,8.010162131274488,8.021918250630154,7.923946602856372,7.96705436706543,78400,0.0,0.0
2015-05-04 00:00:00-04:00,7.9396191649760315,7.959213187499002,7.916106188455657,7.920024394989014,60300,0.0,0.0
2015-05-05 00:00:00-04:00,7.939618851681114,7.939618851681114,7.810296364726013,7.822052478790283,95600,0.0,0.0
2015-05-06 00:00:00-04:00,7.810298040526433,7.845567885214882,7.739758351149536,7.763271331787109,94400,0.0,0.0
2015-05-07 00:00:00-04:00,7.767189821141064,7.767189821141064,7.630029405288128,7.645705223083496,144400,0.0,0.0
2015-05-08 00:00:00-04:00,7.645706067530564,7.716245760472367,7.622193085704701,7.680975914001465,296400,0.0,0.0
2015-05-11 00:00:00-04:00,7.684893403054022,7.743676220138455,7.653542517444719,7.669217586517334,109600,0.0,0.0
2015-05-12 00:00:00-04:00,7.653545304239216,7.7632730700936055,7.6339505264335425,7.759354114532471,107700,0.0,0.0
2015-05-13 00:00:00-04:00,7.7985420762660125,7.814217896809178,7.688814322320906,7.724083423614502,89200,0.0,0.0
2015-05-14 00:00:00-04:00,7.798540079694131,7.892592736481099,7.778946056495873,7.888673782348633,104500,0.0,0.0
2015-05-15 00:00:00-04:00,7.884759556891131,7.904353589982903,7.8455707432431385,7.89259672164917,115900,0.0,0.0
2015-05-18 00:00:00-04:00,7.8573237557636695,7.8690806194464,7.7867848160597495,7.8063788414001465,89300,0.0,0.0
2015-05-19 00:00:00-04:00,7.782868566546924,7.845570366386092,7.759354831008925,7.829894542694092,72100,0.0,0.0
2015-05-20 00:00:00-04:00,7.825971432633047,7.872998131282182,7.778945481447928,7.822052478790283,78800,0.0,0.0
2015-05-21 00:00:00-04:00,7.841648684984183,7.904350463030437,7.798540932278326,7.8063788414001465,59400,0.0,0.0
2015-05-22 00:00:00-04:00,7.814216750521966,7.822053912179633,7.7867848160597495,7.8063788414001465,36800,0.0,0.0
2015-05-26 00:00:00-04:00,7.802461971435978,7.802461971435978,7.6731394262312405,7.696652412414551,58900,0.0,0.0
2015-05-27 00:00:00-04:00,7.712327587368789,7.712327587368789,7.6574637083923,7.692732810974121,71800,0.0,0.0
2015-05-28 00:00:00-04:00,7.669217961068698,7.688812732696533,7.645704982579407,7.688812732696533,54300,0.0,0.0
2015-05-29 00:00:00-04:00,7.673136540651505,7.688812357188193,7.6300287926396875,7.669217586517334,80200,0.0,0.0
2015-06-01 00:00:00-04:00,7.657461541142387,7.6731366103574015,7.571246044335535,7.606515884399414,90800,0.0,0.0
2015-06-02 00:00:00-04:00,7.586923014224772,7.637867931247278,7.583004059459318,7.622192859649658,90200,0.0,0.0
2015-06-03 00:00:00-04:00,7.6378679601830255,7.677056760521831,7.622192888526021,7.649624824523926,91500,0.0,0.0
2015-06-04 00:00:00-04:00,7.61043598373794,7.622192848016356,7.485032421291603,7.492870330810547,99300,0.0,0.0
2015-06-05 00:00:00-04:00,7.445845919884792,7.485034732113912,7.26557843008103,7.285172462463379,164700,0.0,0.0
2015-06-08 00:00:00-04:00,7.253820111891812,7.277333095542484,7.238144291148516,7.257739067077637,109500,0.0,0.0
2015-06-09 00:00:00-04:00,7.2577388437760515,7.3321967476230165,7.171523327269092,7.19895601272583,114500,0.0,0.0
2015-06-10 00:00:00-04:00,7.2067929468260665,7.340034424961702,7.2067929468260665,7.300845623016357,106700,0.0,0.0
2015-06-11 00:00:00-04:00,7.300844947085268,7.356759268645251,7.288862980275772,7.332796096801758,82200,0.35,0.0
2015-06-12 00:00:00-04:00,7.292860717576773,7.300848699555411,7.232952376288766,7.268897533416748,115700,0.0,0.0
2015-06-15 00:00:00-04:00,7.216974735260009,7.252919884035103,7.208986755137608,7.21697473526001,127000,0.0,0.0
2015-06-16 00:00:00-04:00,7.197002974204132,7.284868438816426,7.197002974204132,7.240935325622559,138300,0.0,0.0
2015-06-17 00:00:00-04:00,7.244928922631028,7.324807167433792,7.24093493421335,7.320813179016113,190900,0.0,0.0
2015-06-18 00:00:00-04:00,7.296852927089949,7.432645540470412,7.296852927089949,7.376730442047119,121400,0.0,0.0
2015-06-19 00:00:00-04:00,7.344777585129368,7.388710703349887,7.324808401452146,7.340783596038818,180500,0.0,0.0
2015-06-22 00:00:00-04:00,7.348773002624512,7.428651276410648,7.348773002624512,7.348773002624512,161900,0.0,0.0
2015-06-23 00:00:00-04:00,7.3407857018836,7.352767672592506,7.288865352363163,7.3288044929504395,154500,0.0,0.0
2015-06-24 00:00:00-04:00,7.304838941415153,7.328802113276339,7.288862985657364,7.308832168579102,91500,0.0,0.0
2015-06-25 00:00:00-04:00,7.308834213159181,7.31282820321591,7.228956697351718,7.232950687408447,93000,0.0,0.0
2015-06-26 00:00:00-04:00,7.185023782498876,7.224962922479992,7.125115453415067,7.1890177726745605,104200,0.0,0.0
2015-06-29 00:00:00-04:00,7.109137735051709,7.137095659369197,7.0731925941333404,7.081180572509766,220200,0.0,0.0
2015-06-30 00:00:00-04:00,7.197003974811887,7.204991953189611,7.053223411115029,7.077186584472656,288300,0.0,0.0
2015-07-01 00:00:00-04:00,7.073194432636597,7.0811824130893015,7.021274083245504,7.0332560539245605,111500,0.0,0.0
2015-07-02 00:00:00-04:00,7.009290143456379,7.045235283619788,6.91343669027913,6.941393852233887,251200,0.0,0.0
2015-07-06 00:00:00-04:00,6.925419396753629,7.041242046038925,6.873498294631288,6.997309684753418,232500,0.0,0.0
2015-07-07 00:00:00-04:00,7.037249900943749,7.133103379098368,6.961365611738778,7.117127418518066,176100,0.0,0.0
2015-07-08 00:00:00-04:00,7.0332560539245605,7.089170393542006,7.005298884115838,7.0332560539245605,136600,0.0,0.0
2015-07-09 00:00:00-04:00,7.057217318550473,7.153070772646127,7.0212721780426595,7.037248134613037,162400,0.0,0.0
2015-07-10 00:00:00-04:00,7.081180571359311,7.133101669022094,7.065205376384601,7.085174560546875,108100,0.0,0.0
2015-07-13 00:00:00-04:00,7.089170249278269,7.153072568048015,7.089170249278269,7.117127418518066,73100,0.0,0.0
2015-07-14 00:00:00-04:00,7.093163550652668,7.1850230297423385,7.093163550652668,7.169047832489014,67800,0.0,0.0
2015-07-15 00:00:00-04:00,7.141090186145109,7.2289564407224765,7.141090186145109,7.173041343688965,92600,0.0,0.0
2015-07-16 00:00:00-04:00,7.173038480397724,7.256910711580526,7.169045253852459,7.204990386962891,103600,0.0,0.0
2015-07-17 00:00:00-04:00,7.181030266231029,7.204994208866626,7.161061075810483,7.193012237548828,68500,0.0,0.0
2015-07-20 00:00:00-04:00,7.173038786130029,7.173038786130029,7.053222178505302,7.0612101554870605,53300,0.0,0.0
2015-07-21 00:00:00-04:00,7.013283730391409,7.077186028845166,6.997308536665713,7.009289741516113,63400,0.0,0.0
2015-07-22 00:00:00-04:00,6.9733454031814945,6.985327371181584,6.873497955174138,6.897461891174316,119700,0.0,0.0
2015-07-23 00:00:00-04:00,6.929412493180979,6.929412493180979,6.761668763393136,6.809595108032227,110500,0.0,0.0
2015-07-24 00:00:00-04:00,6.797616491780734,6.805604472854817,6.757677348186123,6.781640529632568,54800,0.0,0.0
2015-07-27 00:00:00-04:00,6.717738369428135,6.741701551462578,6.534019370871039,6.677799224853516,135600,0.0,0.0
2015-07-28 00:00:00-04:00,6.641852444348055,6.753681869415198,6.6298712371529,6.7097487449646,124800,0.0,0.0
2015-07-29 00:00:00-04:00,6.6937730134004,6.913437094554909,6.681791045386753,6.87349796295166,115900,0.0,0.0
2015-07-30 00:00:00-04:00,6.805605241841995,6.925421924388498,6.805605241841995,6.901458740234375,129400,0.0,0.0
2015-07-31 00:00:00-04:00,6.901455208660562,7.009289863061516,6.893467230771454,6.90944242477417,229300,0.0,0.0
2015-08-03 00:00:00-04:00,6.8894732418269005,6.961363519277869,6.8894732418269005,6.90944242477417,63600,0.0,0.0
2015-08-04 00:00:00-04:00,6.877492628191053,6.929413732910616,6.845541472123495,6.857523441314697,113900,0.0,0.0
2015-08-05 00:00:00-04:00,6.877491597089722,6.9453878887759535,6.773650164994572,6.789626121520996,118900,0.0,0.0
2015-08-06 00:00:00-04:00,6.74968596008278,6.74968596008278,6.669808474989003,6.7177348136901855,118600,0.0,0.0
2015-08-07 00:00:00-04:00,6.685785084384657,6.777644554511532,6.685785084384657,6.737706184387207,98900,0.0,0.0
2015-08-10 00:00:00-04:00,6.721730226917013,6.797614501349275,6.721730226917013,6.737706184387207,64500,0.0,0.0
2015-08-11 00:00:00-04:00,6.741699967250452,6.773651123046875,6.717736790847045,6.773651123046875,146700,0.0,0.0
2015-08-12 00:00:00-04:00,6.73371214373007,6.87749195098877,6.717736186381562,6.8774919509887695,94600,0.0,0.0
2015-08-13 00:00:00-04:00,6.853529451584296,6.921425753449815,6.817584305786337,6.857523441314697,132500,0.0,0.0
2015-08-14 00:00:00-04:00,6.833562416984454,6.909445960435157,6.821580444019447,6.901458740234375,58200,0.0,0.0
2015-08-17 00:00:00-04:00,6.853528776741583,6.941394256831653,6.853528776741583,6.8774919509887695,119700,0.0,0.0
2015-08-18 00:00:00-04:00,6.849536418914795,6.89746354060064,6.8335612195366835,6.849536418914795,112100,0.0,0.0
2015-08-19 00:00:00-04:00,6.805602824716205,6.885480330785387,6.761669701224003,6.833559989929199,127500,0.0,0.0
2015-08-20 00:00:00-04:00,6.7377047553256855,6.7896250825403985,6.717734812723551,6.725722789764404,228500,0.0,0.0
2015-08-21 00:00:00-04:00,6.685785021569832,6.73770612108457,6.617888726510572,6.645845890045166,188800,0.0,0.0
2015-08-24 00:00:00-04:00,6.266426014614391,6.498072457171322,6.070725097150444,6.210511684417725,291200,0.0,0.0
2015-08-25 00:00:00-04:00,6.338317876253709,6.3862446201272,6.178562063342071,6.186549663543701,197300,0.0,0.0
2015-08-26 00:00:00-04:00,6.286396346521282,6.402219772338867,6.162585702400459,6.402219772338867,131200,0.0,0.0
2015-08-27 00:00:00-04:00,6.398225854817767,6.486091351354923,6.338317146210224,6.442158222198486,197900,0.0,0.0
2015-08-28 00:00:00-04:00,6.442157529192882,6.530023778053673,6.442157529192882,6.502066612243652,71600,0.0,0.0
2015-08-31 00:00:00-04:00,6.446153460086774,6.581946102150944,6.442159469228902,6.561976909637451,96500,0.0,0.0
2015-09-01 00:00:00-04:00,6.366274315027695,6.522036500341876,6.366274315027695,6.442158222198486,137800,0.0,0.0
2015-09-02 00:00:00-04:00,6.470115663366604,6.62188346622787,6.4102065784029625,6.466121673583984,135900,0.0,0.0
2015-09-03 00:00:00-04:00,6.45813583358131,6.4661238157929475,6.406215472757496,6.410208702087402,125500,0.0,0.0
2015-09-04 00:00:00-04:00,6.358285151741886,6.370266738161034,6.290388860553777,6.32234001159668,84900,0.0,0.0
2015-09-08 00:00:00-04:00,6.398226060536148,6.454140399968872,6.394232070322991,6.414201259613037,105300,0.0,0.0
2015-09-09 00:00:00-04:00,6.490085271944904,6.490085271944904,6.394231796264648,6.394231796264648,110400,0.0,0.0
2015-09-10 00:00:00-04:00,6.362277790328856,6.4261800788501775,6.362277790328856,6.406210899353027,66100,0.0,0.0
2015-09-11 00:00:00-04:00,6.41029474772666,6.459290585017896,6.344966964671679,6.385797023773193,84500,0.35,0.0
2015-09-14 00:00:00-04:00,6.349049091339111,6.365381034640815,6.332717148037408,6.349049091339111,100300,0.0,0.0
2015-09-15 00:00:00-04:00,6.308221676583044,6.410296462253917,6.295972811330174,6.369466781616211,181500,0.0,0.0
2015-09-16 00:00:00-04:00,6.389880051582716,6.438876280814745,6.3612992423509676,6.4143781661987305,90800,0.0,0.0
2015-09-17 00:00:00-04:00,6.389879450577764,6.504203455520572,6.381713672730012,6.438875675201416,69500,0.0,0.0
2015-09-18 00:00:00-04:00,6.377633271402997,6.536870094940578,6.377633271402997,6.467459201812744,76200,0.0,0.0
2015-09-21 00:00:00-04:00,6.46745844146485,6.528703156725893,6.426628371701219,6.520537376403809,92000,0.0,0.0
2015-09-22 00:00:00-04:00,6.410292684266226,6.434790789718104,6.365379945219324,6.377628803253174,99700,0.0,0.0
2015-09-23 00:00:00-04:00,6.377631867810935,6.406212680084866,6.328636022748042,6.357216835021973,114100,0.0,0.0
2015-09-24 00:00:00-04:00,6.287805757702617,6.353133938431772,6.2388099141940145,6.340884685516357,85100,0.0,0.0
2015-09-25 00:00:00-04:00,6.357215826648413,6.414377831513671,6.328635018907934,6.385797023773193,70400,0.0,0.0
2015-09-28 00:00:00-04:00,6.3572163723160955,6.3572163723160955,6.226560794991395,6.242892742156982,196300,0.0,0.0
2015-09-29 00:00:00-04:00,6.185731364768314,6.218395262438802,6.034660740696211,6.067324638366699,195700,0.0,0.0
2015-09-30 00:00:00-04:00,6.148983884600436,6.185730472138752,6.02649409131976,6.181647777557373,187300,0.0,0.0
2015-10-01 00:00:00-04:00,6.2020609729444995,6.226559081643963,6.087737374243539,6.144899368286133,116500,0.0,0.0
2015-10-02 00:00:00-04:00,6.09590580895024,6.263308380981116,6.0877396398831864,6.2551422119140625,138500,0.0,0.0
2015-10-05 00:00:00-04:00,6.279638589163688,6.496036947463266,6.275555505761894,6.487871170043945,146500,0.0,0.0
2015-10-06 00:00:00-04:00,6.467459030597797,6.594031557502855,6.4470439938563375,6.569533824920654,135000,0.0,0.0
2015-10-07 00:00:00-04:00,6.569532723817695,6.667524416491231,6.569532723817695,6.598113536834717,115000,0.0,0.0
2015-10-08 00:00:00-04:00,6.561366941096789,6.708354878146731,6.561366941096789,6.7042717933654785,124600,0.0,0.0
2015-10-09 00:00:00-04:00,6.704271170073858,6.741018150920002,6.6838565268343215,6.732851982116699,101700,0.0,0.0
2015-10-12 00:00:00-04:00,6.712437880866836,6.802263408649888,6.704271711404163,6.773682594299316,100600,0.0,0.0
2015-10-13 00:00:00-04:00,6.716521197732839,6.753268182816124,6.6756911277771,6.6756911277771,94200,0.0,0.0
2015-10-14 00:00:00-04:00,6.65935878828728,6.720603503836484,6.630777972948906,6.6756911277771,115900,0.0,0.0
2015-10-15 00:00:00-04:00,6.6675258990442305,6.7532691359294175,6.663442813595514,6.712439060211182,128000,0.0,0.0
2015-10-16 00:00:00-04:00,6.716518553061045,6.8839210730718445,6.716518553061045,6.879837989807129,125700,0.0,0.0
2015-10-19 00:00:00-04:00,6.806345172211398,6.830842897075416,6.761432027653506,6.790012836456299,101300,0.0,0.0
2015-10-20 00:00:00-04:00,6.741018695217408,6.818595747575234,6.736935610486071,6.773682594299316,215200,0.0,0.0
2015-10-21 00:00:00-04:00,6.765517035537739,6.875757996928565,6.765517035537739,6.818596363067627,85600,0.0,0.0
2015-10-22 00:00:00-04:00,6.839010969637754,6.892089518087097,6.81043015287512,6.863508701324463,91700,0.0,0.0
2015-10-23 00:00:00-04:00,6.871672957694534,6.871672957694534,6.781847447347381,6.790012836456299,114900,0.0,0.0
2015-10-26 00:00:00-04:00,6.757350039941074,6.806346276386266,6.708354582264641,6.761433124542236,464200,0.0,0.0
2015-10-27 00:00:00-04:00,6.724684925139846,6.745100344451705,6.589946272756052,6.626693248748779,70700,0.0,0.0
2015-10-28 00:00:00-04:00,6.6144456840621855,6.761432829445112,6.602196430793306,6.651192665100098,688000,0.0,0.0
2015-10-29 00:00:00-04:00,6.594029436712439,6.70018728211769,6.496037759131121,6.516452789306641,626700,0.0,0.0
2015-10-30 00:00:00-04:00,6.532784656220084,6.634859416473523,6.508286542430163,6.626693248748779,127800,0.0,0.0
2015-11-02 00:00:00-05:00,6.598113272884423,6.7246857735115855,6.565449376633261,6.68385648727417,137500,0.0,0.0
2015-11-03 00:00:00-05:00,6.638943337890554,6.692021877260424,6.577698629765715,6.68385648727417,196100,0.0,0.0
2015-11-04 00:00:00-05:00,6.6838548298572,6.724684105970049,6.606277803459447,6.63485860824585,566300,0.0,0.0
2015-11-05 00:00:00-05:00,6.598110959355396,6.634857927099268,6.577696323394775,6.577696323394775,145400,0.0,0.0
2015-11-06 00:00:00-05:00,6.491954204672516,6.516452316984342,6.349049782570434,6.438875675201416,186400,0.0,0.0
2015-11-09 00:00:00-05:00,6.377631945827784,6.406212758451341,6.267391390433804,6.287806034088135,118800,0.0,0.0
2015-11-10 00:00:00-05:00,6.214313014527084,6.275557729721084,6.169399859959375,6.218395709991455,153100,0.0,0.0
2015-11-11 00:00:00-05:00,6.185731357786365,6.226561424520577,6.12448664706942,6.1408185958862305,181600,0.0,0.0
2015-11-12 00:00:00-05:00,6.136735668183735,6.144901837493045,6.034660888123665,6.03874397277832,203700,0.0,0.0
2015-11-13 00:00:00-05:00,6.022409388795759,6.16939686759822,6.0060774467065965,6.091820240020752,152600,0.0,0.0
2015-11-16 00:00:00-05:00,6.075491266209575,6.202063781893547,6.067325096483175,6.177566051483154,182100,0.0,0.0
2015-11-17 00:00:00-05:00,6.197979724035842,6.226560533027083,6.161232747113208,6.181647777557373,144000,0.0,0.0
2015-11-18 00:00:00-05:00,6.169398928223255,6.25514175017615,6.169398928223255,6.251059055328369,115200,0.0,0.0
2015-11-19 00:00:00-05:00,6.222476687417568,6.279638687787622,6.206144742938162,6.238808631896973,159300,0.0,0.0
2015-11-20 00:00:00-05:00,6.234727508557644,6.32046994663779,6.234727508557644,6.2837233543396,120700,0.0,0.0
2015-11-23 00:00:00-05:00,6.27963916417491,6.283722247950581,6.181647489864612,6.202062129974365,127200,0.0,0.0
2015-11-24 00:00:00-05:00,6.140818648693865,6.20206335993748,6.124486699736609,6.185731410980225,90000,0.0,0.0
2015-11-25 00:00:00-05:00,6.181647835268292,6.267390652426815,6.165315888637351,6.189813613891602,125000,0.0,0.0
2015-11-27 00:00:00-05:00,6.153066639561443,6.336801525977593,6.153066639561443,6.263307571411133,57000,0.0,0.0
2015-11-30 00:00:00-05:00,6.24289166311629,6.291887496144462,6.238808579684543,6.26738977432251,120500,0.0,0.0
2015-12-01 00:00:00-05:00,6.259223933258432,6.300053990932624,6.2020619303914195,6.222476959228516,112600,0.0,0.0
2015-12-02 00:00:00-05:00,6.197979516851315,6.206145295125427,6.104070535701046,6.128568649291992,191300,0.0,0.0
2015-12-03 00:00:00-05:00,6.132654484071894,6.140820266008966,6.050994328394306,6.079575538635254,144800,0.0,0.0
2015-12-04 00:00:00-05:00,6.0795722675436314,6.0959042120149105,6.030576434129795,6.046908378601074,154200,0.0,0.0
2015-12-07 00:00:00-05:00,6.026494731995626,6.026494731995626,5.781515119390526,5.818262100219727,230000,0.0,0.0
2015-12-08 00:00:00-05:00,5.744767594699992,5.822344633413889,5.7080206173496535,5.777431488037109,181100,0.0,0.0
2015-12-09 00:00:00-05:00,5.789680135663176,5.908086833995243,5.752933162149039,5.801928997039795,201900,0.0,0.0
2015-12-10 00:00:00-05:00,5.8060120753439834,5.8795056329211075,5.748850073331304,5.765182018280029,241000,0.0,0.0
2015-12-11 00:00:00-05:00,5.781931228083666,5.832172434788841,5.714942553195147,5.752623558044434,395100,0.35,0.0
2015-12-14 00:00:00-05:00,5.744250676873682,5.756810879721485,5.597713512949929,5.698195934295654,410800,0.0,0.0
2015-12-15 00:00:00-05:00,5.706567764282227,5.7400618935509655,5.668886769034517,5.706567764282227,281000,0.0,0.0
2015-12-16 00:00:00-05:00,5.702384026801906,5.869855164306798,5.702384026801906,5.85729455947876,232900,0.0,0.0
2015-12-17 00:00:00-05:00,5.827984980955084,5.85729224876191,5.7777437793084205,5.848918914794922,225200,0.0,0.0
2015-12-18 00:00:00-05:00,5.840544566852041,5.840544566852041,5.756809239587082,5.765182971954346,225600,0.0,0.0
2015-12-21 00:00:00-05:00,5.756808794418707,5.8112368527524465,5.756808794418707,5.802863121032715,149200,0.0,0.0
2015-12-22 00:00:00-05:00,5.802865005765921,5.974522968240271,5.798678537827822,5.928468227386475,300900,0.0,0.0
2015-12-23 00:00:00-05:00,5.978708202212592,6.141992396546699,5.949400936286554,6.121058464050293,259400,0.0,0.0
2015-12-24 00:00:00-05:00,6.129431459376929,6.238287176555858,6.125244593525027,6.196419715881348,115300,0.0,0.0
2015-12-28 00:00:00-05:00,6.167112095987863,6.259221148946323,6.154551897628553,6.250847816467285,308400,0.0,0.0
2015-12-29 00:00:00-05:00,6.238287862398073,6.255034928365363,6.07081720272517,6.14617919921875,258600,0.0,0.0
2015-12-30 00:00:00-05:00,6.1126852295025635,6.162926428737736,6.108498363079243,6.150365829467773,167800,0.0,0.0
2015-12-31 00:00:00-05:00,6.154554055050327,6.2550364757110035,6.150367187702387,6.1671142578125,412300,0.0,0.0
2016-01-04 00:00:00-05:00,6.108497594928238,6.179672718048096,6.012201675708987,6.179672718048096,163000,0.0,0.0
2016-01-05 00:00:00-05:00,6.158738740208263,6.171298938520055,6.058256355150925,6.116870880126953,233000,0.0,0.0
2016-01-06 00:00:00-05:00,6.02057668334807,6.0415106179868445,5.945214678361119,5.96196174621582,223100,0.0,0.0
2016-01-07 00:00:00-05:00,5.8614787011819525,5.92009363193513,5.815424369414024,5.823797702789307,436100,0.0,0.0
2016-01-08 00:00:00-05:00,5.8279847756430705,5.857292042417441,5.765183375617544,5.773556709289551,236900,0.0,0.0
2016-01-11 00:00:00-05:00,5.777742711668769,5.832170769882232,5.67726032694307,5.685633659362793,126400,0.0,0.0
2016-01-12 00:00:00-05:00,5.7065693811448135,5.7275033176894405,5.5265380858552975,5.593526363372803,222400,0.0,0.0
2016-01-13 00:00:00-05:00,5.614458474995937,5.635392404736208,5.501415893248875,5.5056023597717285,166900,0.0,0.0
2016-01-14 00:00:00-05:00,5.501415317034135,5.5390959074821815,5.359065088847766,5.484668254852295,209800,0.0,0.0
2016-01-15 00:00:00-05:00,5.371626751200165,5.392560684459217,5.2878914174455245,5.3339457511901855,276900,0.0,0.0
2016-01-19 00:00:00-05:00,5.342318253189998,5.35487845053859,5.246022342100202,5.29207706451416,157700,0.0,0.0
2016-01-20 00:00:00-05:00,5.162287347562324,5.225088737478737,4.940388650671966,5.003190040588379,276000,0.0,0.0
2016-01-21 00:00:00-05:00,5.015749227207087,5.124605320438982,4.915266863892147,5.0283098220825195,282400,0.0,0.0
2016-01-22 00:00:00-05:00,5.099485527229085,5.317197339940875,5.099485527229085,5.2460222244262695,179900,0.0,0.0
2016-01-25 00:00:00-05:00,5.250208861475902,5.413493013367494,5.250208861475902,5.258582592010498,140000,0.0,0.0
2016-01-26 00:00:00-05:00,5.271142575930477,5.501414965685493,5.271142575930477,5.451173782348633,144500,0.0,0.0
2016-01-27 00:00:00-05:00,5.455361167963979,5.539096487643563,5.392559778024666,5.5056023597717285,199300,0.0,0.0
2016-01-28 00:00:00-05:00,5.5684042516214625,5.744248625830251,5.488855396998602,5.7400617599487305,307200,0.0,0.0
2016-01-29 00:00:00-05:00,5.756809438660846,5.848918501478254,5.673074108500271,5.823797702789307,111600,0.0,0.0
2016-02-01 00:00:00-05:00,5.7986800007415225,5.890788707123391,5.7986800007415225,5.85729455947876,126800,0.0,0.0
2016-02-02 00:00:00-05:00,5.6814464671246405,5.832170434835908,5.643765475196823,5.769368648529053,222500,0.0,0.0
2016-02-03 00:00:00-05:00,5.777744576839337,5.8949740635299905,5.74843690570545,5.874040126800537,231300,0.0,0.0
2016-02-04 00:00:00-05:00,5.832170337715617,5.978707038095113,5.832170337715617,5.936839580535889,144700,0.0,0.0
2016-02-05 00:00:00-05:00,5.899162443675416,5.924282854768022,5.819613543558115,5.85729455947876,104300,0.0,0.0
2016-02-08 00:00:00-05:00,5.798680024974386,5.798680024974386,5.564220591200418,5.5851545333862305,117200,0.0,0.0
2016-02-09 00:00:00-05:00,5.488854826871456,5.534909548221464,5.442800504802912,5.513975620269775,137400,0.0,0.0
2016-02-10 00:00:00-05:00,5.484669163654636,5.4888556304326945,5.29626418378866,5.421867370605469,204600,0.0,0.0
2016-02-11 00:00:00-05:00,5.304639000198906,5.346506870789656,5.216716791383613,5.262771129608154,187800,0.0,0.0
2016-02-12 00:00:00-05:00,5.3046372618627515,5.313010593667987,5.275330001622214,5.29207706451416,76100,0.0,0.0
2016-02-16 00:00:00-05:00,5.313011753887563,5.388373752999103,5.313011753887563,5.359066486358643,294000,0.0,0.0
2016-02-17 00:00:00-05:00,5.388375552503051,5.5432860696361965,5.388375552503051,5.493044853210449,127100,0.0,0.0
2016-02-18 00:00:00-05:00,5.488855615506344,5.673073728811776,5.488855615506344,5.618645668029785,155900,0.0,0.0
2016-02-19 00:00:00-05:00,5.585151238253164,5.673073424135766,5.576777506606486,5.6395792961120605,155800,0.0,0.0
2016-02-22 00:00:00-05:00,5.689821342104664,5.7400625416806745,5.689821342104664,5.719128608703613,88400,0.0,0.0
2016-02-23 00:00:00-05:00,5.706568550758753,5.735875818087634,5.681447750704304,5.6940083503723145,89000,0.0,0.0
2016-02-24 00:00:00-05:00,5.652139980685499,5.765182971954346,5.618645849779515,5.765182971954346,130700,0.0,0.0
2016-02-25 00:00:00-05:00,5.773557355600366,5.807051492600966,5.731689484708814,5.794491291046143,119700,0.0,0.0
2016-02-26 00:00:00-05:00,5.8196110426895,5.8196110426895,5.756809642663972,5.773556709289551,128500,0.0,0.0
2016-02-29 00:00:00-05:00,5.798677676667608,5.8405451448023085,5.760996675849274,5.786117076873779,160000,0.0,0.0
2016-03-01 00:00:00-05:00,5.790303440698052,5.8824125014470585,5.790303440698052,5.865665435791016,113900,0.0,0.0
2016-03-02 00:00:00-05:00,5.861478429743686,5.8991594263913685,5.8028635017048975,5.8907856941223145,72200,0.0,0.0
2016-03-03 00:00:00-05:00,5.8572919739824645,5.957774372561925,5.848918640408289,5.91590690612793,146200,0.0,0.0
2016-03-04 00:00:00-05:00,5.911719667986101,6.0708169887073895,5.911719667986101,6.062443256378174,122600,0.0,0.0
2016-03-07 00:00:00-05:00,6.033136809604826,6.141992948951308,6.003829541042921,6.112685680389404,95200,0.0,0.0
2016-03-08 00:00:00-05:00,6.129433536014636,6.129433536014636,6.091752529144287,6.091752529144287,104000,0.0,0.0
2016-03-09 00:00:00-05:00,6.079191545095346,6.137806082219154,6.079191545095346,6.112685680389404,101500,0.0,0.0
2016-03-10 00:00:00-05:00,6.141992396546699,6.154552596331922,6.087564331768663,6.121058464050293,158500,0.0,0.0
2016-03-11 00:00:00-05:00,6.142504869318104,6.245452191391758,6.142504869318104,6.228294372558594,205500,0.35,0.0
2016-03-14 00:00:00-04:00,6.189688916067599,6.258320188496888,6.189688916067599,6.245451927185059,46600,0.0,0.0
2016-03-15 00:00:00-04:00,6.18968803831328,6.232582372961451,6.138214591290718,6.14250373840332,90600,0.0,0.0
2016-03-16 00:00:00-04:00,6.133927185506071,6.275479316711426,6.116769363816777,6.275479316711426,103600,0.0,0.0
2016-03-17 00:00:00-04:00,6.288347009956447,6.412741308182029,6.288347009956447,6.382715225219727,106800,0.0,0.0
2016-03-18 00:00:00-04:00,6.399873861296058,6.434189505935065,6.369847774505615,6.369847774505615,64100,0.0,0.0
2016-03-21 00:00:00-04:00,6.322663984284434,6.3827165719546635,6.3012166023254395,6.3012166023254395,99000,0.0,0.0
2016-03-22 00:00:00-04:00,6.249742933121005,6.382716369795287,6.168243375147897,6.3226637840271,77900,0.0,0.0
2016-03-23 00:00:00-04:00,6.335532510599506,6.335532510599506,6.2497429847717285,6.2497429847717285,107500,0.0,0.0
2016-03-24 00:00:00-04:00,6.254032542878073,6.262611659090761,6.215427338070528,6.2497429847717285,84900,0.0,0.0
2016-03-28 00:00:00-04:00,6.292637466328626,6.292637466328626,6.219716618080325,6.224006175994873,113900,0.0,0.0
2016-03-29 00:00:00-04:00,6.17682227785301,6.305506160532196,6.17682227785301,6.3012166023254395,75000,0.0,0.0
2016-03-30 00:00:00-04:00,6.30550371672196,6.708713032240804,6.30550371672196,6.670107841491699,644800,0.0,0.0
2016-03-31 00:00:00-04:00,6.704424434103892,6.837397433387687,6.627214041568342,6.82452917098999,609300,0.0,0.0
2016-04-01 00:00:00-04:00,6.760189056396484,6.828820350926433,6.631505174615439,6.760189056396484,329200,0.0,0.0
2016-04-04 00:00:00-04:00,6.717294682020239,6.747320772848297,6.485663845022121,6.640084266662598,306900,0.0,0.0
2016-04-05 00:00:00-04:00,6.597187891354616,6.597187891354616,6.455635779220533,6.515687942504883,245400,0.0,0.0
2016-04-06 00:00:00-04:00,6.537136485521353,6.554294307960723,6.468505195763872,6.532846927642822,224700,0.0,0.0
2016-04-07 00:00:00-04:00,6.4813735387869835,6.58432088374422,6.4813735387869835,6.575741767883301,128600,0.0,0.0
2016-04-08 00:00:00-04:00,6.622925478242359,6.652951973775653,6.54142592539427,6.597188949584961,161900,0.0,0.0
2016-04-11 00:00:00-04:00,6.845978112920588,6.884582908940015,6.7816363771467625,6.794504642486572,643200,0.0,0.0
2016-04-12 00:00:00-04:00,6.858844131369561,6.961791038513184,6.845975870245269,6.961791038513184,472900,0.0,0.0
2016-04-13 00:00:00-04:00,7.0003960781452275,7.056159496307373,6.957501329901101,7.056159496307373,413700,0.0,0.0
2016-04-14 00:00:00-04:00,7.043291122297412,7.051870235936524,6.8802920539008205,6.970370292663574,247700,0.0,0.0
2016-04-15 00:00:00-04:00,7.026133591008747,7.026133591008747,6.940344900567556,6.991817951202393,165000,0.0,0.0
2016-04-18 00:00:00-04:00,7.0089754858902715,7.047580679116968,6.91889642897821,6.970370292663574,259800,0.0,0.0
2016-04-19 00:00:00-04:00,6.996107578277588,7.026133661139176,6.987529281852418,6.996107578277588,174600,0.0,0.0
2016-04-20 00:00:00-04:00,7.034711616595823,7.141948076660239,7.030422060015335,7.124790668487549,261700,0.0,0.0
2016-04-21 00:00:00-04:00,7.167685199853306,7.171974756793982,7.047580878111714,7.0947651863098145,240200,0.0,0.0
2016-04-22 00:00:00-04:00,7.107636177804638,7.150530948004936,7.034715313909039,7.081899642944336,169000,0.0,0.0
2016-04-25 00:00:00-04:00,7.0861865700844,7.090476127326327,6.970370979000538,6.983239650726318,188100,0.0,0.0
2016-04-26 00:00:00-04:00,7.004687885223386,7.133371353149414,7.004687885223386,7.133371353149414,158400,0.0,0.0
2016-04-27 00:00:00-04:00,7.129081684828447,7.20200252532959,7.004686972970849,7.20200252532959,242900,0.0,0.0
2016-04-28 00:00:00-04:00,7.184843697536602,7.27492194222686,7.171975026231125,7.232028007507324,243100,0.0,0.0
2016-04-29 00:00:00-04:00,7.176264601250913,7.274921960391153,7.09047591344828,7.12050199508667,203400,0.0,0.0
2016-05-02 00:00:00-04:00,7.103344798848809,7.180555201795451,7.077608270583089,7.163397789001465,275800,0.0,0.0
2016-05-03 00:00:00-04:00,7.099056027686481,7.111924702319927,6.9875307867949,7.039003849029541,280900,0.0,0.0
2016-05-04 00:00:00-04:00,6.970371191595332,7.043292030633382,6.936055550762685,7.0046868324279785,200600,0.0,0.0
2016-05-05 00:00:00-04:00,7.004687110556444,7.060449722317578,6.970371468361258,7.02184534072876,163100,0.0,0.0
2016-05-06 00:00:00-04:00,6.970371260913851,7.04329210067708,6.957502588667603,7.008976459503174,168100,0.0,0.0
2016-05-09 00:00:00-04:00,7.008976159741651,7.030423127752061,6.923186651401239,6.944634437561035,155100,0.0,0.0
2016-05-10 00:00:00-04:00,6.953212738037109,7.034712689194341,6.94892399895197,6.953212738037109,183200,0.0,0.0
2016-05-11 00:00:00-04:00,7.0218459485991955,7.047582477936195,6.974661629690099,7.0003981590271,188000,0.0,0.0
2016-05-12 00:00:00-04:00,7.064739279860657,7.09047662511913,6.96608191081818,7.02184534072876,158300,0.0,0.0
2016-05-13 00:00:00-04:00,7.013266225642601,7.073318394946814,6.970371468361258,7.02184534072876,86200,0.0,0.0
2016-05-16 00:00:00-04:00,7.013265277826407,7.141948714129912,7.013265277826407,7.030422687530518,172400,0.0,0.0
2016-05-17 00:00:00-04:00,7.017555395924261,7.103344087603282,6.9832397556227725,7.073318004608154,143300,0.0,0.0
2016-05-18 00:00:00-04:00,7.073318328510884,7.10763397038376,7.017555717273498,7.026134014129639,129100,0.0,0.0
2016-05-19 00:00:00-04:00,6.996109054929119,6.996109054929119,6.884582996368408,6.884582996368408,271500,0.0,0.0
2016-05-20 00:00:00-04:00,6.906028011392953,6.991816686314131,6.906028011392953,6.9274749755859375,182200,0.0,0.0
2016-05-23 00:00:00-04:00,6.96608179998127,6.9918183266808045,6.901740074157715,6.901740074157715,199800,0.0,0.0
2016-05-24 00:00:00-04:00,6.966082513861261,7.034713804192937,6.940345984524262,7.0003981590271,165900,0.0,0.0
2016-05-25 00:00:00-04:00,7.043294089838545,7.064741064823242,6.9961097630926306,7.051873207092285,115900,0.0,0.0
2016-05-26 00:00:00-04:00,7.043292672495224,7.129082191469626,7.030423999204217,7.090476989746094,207100,0.0,0.0
2016-05-27 00:00:00-04:00,7.086189002348796,7.146241188049316,7.086189002348796,7.146241188049316,131100,0.0,0.0
2016-05-31 00:00:00-04:00,7.103343397291052,7.184843341892841,7.0390016802472495,7.06044864654541,109800,0.0,0.0
2016-06-01 00:00:00-04:00,7.030423142964233,7.14194917678833,7.0175552893898985,7.14194917678833,158800,0.0,0.0
2016-06-02 00:00:00-04:00,7.141949139620871,7.232028204919371,7.141949139620871,7.214869976043701,164800,0.0,0.0
2016-06-03 00:00:00-04:00,7.21915937056944,7.3435540726665,7.210580256324947,7.309238433837891,128100,0.0,0.0
2016-06-06 00:00:00-04:00,7.356422140875818,7.399316895202522,7.326396058291942,7.330685615539551,171100,0.0,0.0
2016-06-07 00:00:00-04:00,7.356422880574818,7.506554126739502,7.347843765216957,7.506554126739502,142100,0.0,0.0
2016-06-08 00:00:00-04:00,7.536579395135218,7.536579395135218,7.463658558799302,7.515132427215576,109600,0.0,0.0
2016-06-09 00:00:00-04:00,7.442212385692167,7.5151332298158735,7.399317627122432,7.467948913574219,168100,0.0,0.0
2016-06-10 00:00:00-04:00,7.373580158787191,7.377869715912006,7.094765490869158,7.317816734313965,221000,0.0,0.0
2016-06-13 00:00:00-04:00,7.287162129129329,7.322196530316066,7.238990349551323,7.265265941619873,146600,0.35,0.0
2016-06-14 00:00:00-04:00,7.212713888275697,7.256507098374663,7.1207488988252745,7.195197105407715,222800,0.0,0.0
2016-06-15 00:00:00-04:00,7.195196194064424,7.225851186665138,7.0769547923594684,7.094472408294678,148000,0.0,0.0
2016-06-16 00:00:00-04:00,7.094473306880298,7.212713888275697,7.076955688726309,7.195197105407715,160100,0.0,0.0
2016-06-17 00:00:00-04:00,7.221472345025575,7.326575542963628,7.1908173500377215,7.317816734313965,136700,0.0,0.0
2016-06-20 00:00:00-04:00,7.370367394405846,7.387885008481045,7.2871603981202755,7.330953598022461,151900,0.0,0.0
2016-06-21 00:00:00-04:00,7.37037080534066,7.453577840133624,7.335336396262496,7.427301406860352,100300,0.0,0.0
2016-06-22 00:00:00-04:00,7.475473231721748,7.475473231721748,7.4491976365496,7.453577041625977,180600,0.0,0.0
2016-06-23 00:00:00-04:00,7.554300745097565,7.57619693488196,7.466714315387792,7.528025150299072,135400,0.0,0.0
2016-06-24 00:00:00-04:00,7.317815175683126,7.497367373614294,7.304677800792745,7.365987777709961,168600,0.0,0.0
2016-06-27 00:00:00-04:00,7.28716217014744,7.28716217014744,6.980610949216469,7.006886959075928,297100,0.0,0.0
2016-06-28 00:00:00-04:00,7.125127016057786,7.260885191079568,7.0988505935741975,7.234609603881836,144200,0.0,0.0
2016-06-29 00:00:00-04:00,7.379128444349008,7.422921657562256,7.278404638658785,7.422921657562256,185900,0.0,0.0
2016-06-30 00:00:00-04:00,7.5411614935919395,7.681299928924057,7.42729948473296,7.514885902404785,224100,0.0,0.0
2016-07-01 00:00:00-04:00,7.5630585949155975,7.681300009425966,7.523644790078809,7.611230373382568,174000,0.0,0.0
2016-07-05 00:00:00-04:00,7.549922256277025,7.5893360709007345,7.427301406860352,7.427301406860352,128900,0.0,0.0
2016-07-06 00:00:00-04:00,7.392266643660894,7.672542738145977,7.392266643660894,7.5805768966674805,333400,0.0,0.0
2016-07-07 00:00:00-04:00,7.589332610398425,7.611228792855966,7.401022434234619,7.401022434234619,210000,0.0,0.0
2016-07-08 00:00:00-04:00,7.427297809561074,7.54115979273933,7.427297809561074,7.479849815368652,138100,0.0,0.0
2016-07-11 00:00:00-04:00,7.528023940019594,7.6331271376022345,7.510506322779505,7.57619571685791,187300,0.0,0.0
2016-07-12 00:00:00-04:00,7.589332231164197,7.672539223859527,7.541159629821777,7.541159629821777,218700,0.0,0.0
2016-07-13 00:00:00-04:00,7.602470092170003,7.628745675657087,7.536779880523682,7.536779880523682,123400,0.0,0.0
2016-07-14 00:00:00-04:00,7.554299349236846,7.650643735886493,7.5455405408270755,7.598092555999756,188400,0.0,0.0
2016-07-15 00:00:00-04:00,7.615610304307125,7.655024111868587,7.554300308227539,7.554300308227539,143000,0.0,0.0
2016-07-18 00:00:00-04:00,7.619988924672168,7.672540941106471,7.554299530593763,7.57619571685791,158000,0.0,0.0
2016-07-19 00:00:00-04:00,7.615610334882862,7.641886763553368,7.558679743335542,7.624369144439697,108900,0.0,0.0
2016-07-20 00:00:00-04:00,7.633127380110246,7.711954989623108,7.602472384252132,7.698816776275635,149600,0.0,0.0
2016-07-21 00:00:00-04:00,7.694436503819572,7.711954119640048,7.646263895599162,7.668160915374756,90400,0.0,0.0
2016-07-22 00:00:00-04:00,7.650642186996343,7.7294697761535645,7.650642186996343,7.7294697761535645,116700,0.0,0.0
2016-07-25 00:00:00-04:00,7.751369151221268,7.751369151221268,7.619989517556314,7.659403324127197,177100,0.0,0.0
2016-07-26 00:00:00-04:00,7.67692033265921,7.694437114584226,7.633127124917727,7.663782119750977,168600,0.0,0.0
2016-07-27 00:00:00-04:00,7.663781683041277,7.681299299254039,7.576195272549296,7.606851100921631,168700,0.0,0.0
2016-07-28 00:00:00-04:00,7.602471746486041,7.611229719363666,7.56743734911778,7.589333534240723,99100,0.0,0.0
2016-07-29 00:00:00-04:00,7.619989517556314,7.681300347381037,7.598093329588503,7.659403324127197,101900,0.0,0.0
2016-08-01 00:00:00-04:00,7.659402987135532,7.659402987135532,7.598092995294301,7.611230373382568,122900,0.0,0.0
2016-08-02 00:00:00-04:00,7.523644142601331,7.549919731802608,7.392264526023103,7.462334156036377,272400,0.0,0.0
2016-08-03 00:00:00-04:00,7.427300992063291,7.510508022209341,7.4185430167475115,7.484232425689697,145600,0.0,0.0
2016-08-04 00:00:00-04:00,7.523642967145674,7.523642967145674,7.466711558270673,7.4973673820495605,117000,0.0,0.0
2016-08-05 00:00:00-04:00,7.528023555866912,7.545540336927161,7.457954761054073,7.501747131347656,139500,0.0,0.0
2016-08-08 00:00:00-04:00,7.506125184711622,7.532401604502452,7.453574015701504,7.471090793609619,79300,0.0,0.0
2016-08-09 00:00:00-04:00,7.449194745889504,7.536780307571122,7.444815342512555,7.510504722595215,112500,0.0,0.0
2016-08-10 00:00:00-04:00,7.554300532380214,7.554300532380214,7.4973699393722075,7.519266128540039,106000,0.0,0.0
2016-08-11 00:00:00-04:00,7.549921473099556,7.558680283282068,7.514887067655623,7.523645877838135,82200,0.0,0.0
2016-08-12 00:00:00-04:00,7.589333616073711,7.611229801432753,7.567437430714669,7.602471828460693,111900,0.0,0.0
2016-08-15 00:00:00-04:00,7.589331882783591,7.628745675657087,7.519263103294205,7.536779880523682,145700,0.0,0.0
2016-08-16 00:00:00-04:00,7.554300745097565,7.571818365153959,7.497370150486481,7.528025150299072,143600,0.0,0.0
2016-08-17 00:00:00-04:00,7.523644441507263,7.567437648773193,7.492989447006898,7.567437648773193,126000,0.0,0.0
2016-08-18 00:00:00-04:00,7.59809178112468,7.619987964630127,7.580574166091635,7.619987964630127,82100,0.0,0.0
2016-08-19 00:00:00-04:00,7.619988614285187,7.619988614285187,7.55867862701416,7.55867862701416,100600,0.0,0.0
2016-08-22 00:00:00-04:00,7.576196527163159,7.624369144439697,7.558679743335542,7.624369144439697,100300,0.0,0.0
2016-08-23 00:00:00-04:00,7.598094862568627,7.663784275011486,7.576197834896876,7.584956645965576,125500,0.0,0.0
2016-08-24 00:00:00-04:00,7.646266306131458,7.646266306131458,7.554301299939121,7.5805768966674805,83700,0.0,0.0
2016-08-25 00:00:00-04:00,7.598093164931839,7.61560994786928,7.571817572882673,7.593713760375977,91800,0.0,0.0
2016-08-26 00:00:00-04:00,7.628746857725691,7.650643041476769,7.523643672205953,7.545539855957031,164900,0.0,0.0
2016-08-29 00:00:00-04:00,7.589333058745056,7.593712462552445,7.514884864591174,7.545539855957031,111700,0.0,0.0
2016-08-30 00:00:00-04:00,7.576194847322888,7.576194847322888,7.514884864591174,7.545539855957031,117600,0.0,0.0
2016-08-31 00:00:00-04:00,7.519263394607036,7.567435995604454,7.449194612403032,7.471090793609619,159600,0.0,0.0
2016-09-01 00:00:00-04:00,7.449196382669859,7.506126968507737,7.449196382669859,7.4754719734191895,81900,0.0,0.0
2016-09-02 00:00:00-04:00,7.523645310187746,7.584955306267332,7.501748286383572,7.554300308227539,132500,0.0,0.0
2016-09-06 00:00:00-04:00,7.589335900685993,7.633129119873047,7.580577089791346,7.633129119873047,69800,0.0,0.0
2016-09-07 00:00:00-04:00,7.641884768697839,7.690056538113453,7.641884768697839,7.655022144317627,85400,0.0,0.0
2016-09-08 00:00:00-04:00,7.637505661336657,7.707574451646417,7.637505661336657,7.676919460296631,73700,0.0,0.0
2016-09-09 00:00:00-04:00,7.611229718367562,7.681299348380835,7.414161546429101,7.462334156036377,197500,0.0,0.0
2016-09-12 00:00:00-04:00,7.484232120830459,7.510507716279804,7.401025094073725,7.506128311157227,162600,0.0,0.0
2016-09-13 00:00:00-04:00,7.515068101391929,7.515068101391929,7.237891757315046,7.313891887664795,221900,0.35,0.0
2016-09-14 00:00:00-04:00,7.264714846984542,7.349656367027825,7.242362219303824,7.269185543060303,101200,0.0,0.0
2016-09-15 00:00:00-04:00,7.296009643698995,7.354127846174252,7.273657013638161,7.336245059967041,60900,0.0,0.0
2016-09-16 00:00:00-04:00,7.358596974889029,7.358596974889029,7.233420894396397,7.291538238525391,74800,0.0,0.0
2016-09-19 00:00:00-04:00,7.345185477456725,7.416714907388414,7.345185477456725,7.372008800506592,67300,0.0,0.0
2016-09-20 00:00:00-04:00,7.398834705352783,7.5061297403885945,7.389894163015102,7.398834705352783,79900,0.0,0.0
2016-09-21 00:00:00-04:00,7.465891973245221,7.5463619452297115,7.394362540793611,7.510597229003906,97600,0.0,0.0
2016-09-22 00:00:00-04:00,7.60001224303964,7.626835576906579,7.555306118129137,7.577659606933594,89300,0.0,0.0
2016-09-23 00:00:00-04:00,7.608953281316469,7.67601203918457,7.568717856055935,7.67601203918457,125800,0.0,0.0
2016-09-26 00:00:00-04:00,7.680480510660281,7.680480510660281,7.541892337540851,7.555303573608398,161900,0.0,0.0
2016-09-27 00:00:00-04:00,7.59553904973874,7.631303767376842,7.492715593116463,7.537421703338623,114700,0.0,0.0
2016-09-28 00:00:00-04:00,7.573188333503054,7.631305694580078,7.483776090478645,7.631305694580078,104800,0.0,0.0
2016-09-29 00:00:00-04:00,7.653657292446979,7.671539225018854,7.541892442603816,7.595539093017578,141000,0.0,0.0
2016-09-30 00:00:00-04:00,7.684949980174572,7.7207146918091505,7.6134205569054165,7.635773181915283,186900,0.0,0.0
2016-10-03 00:00:00-04:00,7.600008470280705,7.635773181915283,7.4971850309185415,7.635773181915283,127500,0.0,0.0
2016-10-04 00:00:00-04:00,7.573184769790686,7.573184769790686,7.37647843932006,7.421184539794922,216900,0.0,0.0
2016-10-05 00:00:00-04:00,7.4480104085855094,7.456951802280867,7.331774848640571,7.389893054962158,136600,0.0,0.0
2016-10-06 00:00:00-04:00,7.3585965835521465,7.385420758829545,7.273655919934538,7.367537975311279,219300,0.0,0.0
2016-10-07 00:00:00-04:00,7.4033049213988535,7.448011040973264,7.188716570679654,7.251304626464844,211000,0.0,0.0
2016-10-10 00:00:00-04:00,7.27812593003849,7.376478672027588,7.269184539121852,7.376478672027588,132600,0.0,0.0
2016-10-11 00:00:00-04:00,7.354126407947251,7.354126407947251,7.202126165704958,7.24683141708374,112700,0.0,0.0
2016-10-12 00:00:00-04:00,7.260243504116183,7.296008216838016,7.193184774349997,7.24683141708374,142000,0.0,0.0
2016-10-13 00:00:00-04:00,7.193184852600098,7.237890957163222,7.117184730652195,7.193184852600098,203000,0.0,0.0
2016-10-14 00:00:00-04:00,7.264716718146659,7.273658112601202,7.193187267906926,7.251304626464844,82700,0.0,0.0
2016-10-17 00:00:00-04:00,7.242362387304405,7.242362387304405,7.108244060014704,7.130597114562988,85100,0.0,0.0
2016-10-18 00:00:00-04:00,7.206598437963796,7.260245092433772,7.170833717417746,7.21553897857666,61400,0.0,0.0
2016-10-19 00:00:00-04:00,7.273655591148624,7.336243625237329,7.220008095716869,7.24683141708374,124200,0.0,0.0
2016-10-20 00:00:00-04:00,7.24236424407453,7.287069511934357,7.188716728865079,7.220010757446289,99700,0.0,0.0
2016-10-21 00:00:00-04:00,7.228948019494437,7.287065346107032,7.188712619263471,7.278124809265137,156900,0.0,0.0
2016-10-24 00:00:00-04:00,7.2870687520120505,7.322833474189232,7.2155393076576875,7.300480842590332,100600,0.0,0.0
2016-10-25 00:00:00-04:00,7.340714178678073,7.363066803934351,7.1887139393810005,7.2021260261535645,146300,0.0,0.0
2016-10-26 00:00:00-04:00,7.211069332747903,7.211069332747903,7.117187247395461,7.161893367767334,82100,0.0,0.0
2016-10-27 00:00:00-04:00,7.19318572380404,7.215538352443834,7.1082442001162,7.117185592651367,70900,0.0,0.0
2016-10-28 00:00:00-04:00,7.094832324518425,7.112714682702472,7.032243857699733,7.036714553833008,86000,0.0,0.0
2016-10-31 00:00:00-04:00,7.018832184628003,7.1171853676603565,7.018832184628003,7.054596900939941,93800,0.0,0.0
2016-11-01 00:00:00-04:00,7.063539714512111,7.063539714512111,6.893657064672236,6.907068729400635,129000,0.0,0.0
2016-11-02 00:00:00-04:00,6.857892444843914,6.857892444843914,6.7327159106717485,6.7818922996521,227500,0.0,0.0
2016-11-03 00:00:00-04:00,6.781892453784742,6.781892453784742,6.679068550044577,6.696950912475586,163800,0.0,0.0
2016-11-04 00:00:00-04:00,6.737184942220049,6.737184942220049,6.603067464878892,6.625420093536377,168400,0.0,0.0
2016-11-07 00:00:00-05:00,6.665655488187557,6.741655619182711,6.616479108393248,6.732714653015137,165900,0.0,0.0
2016-11-08 00:00:00-05:00,6.670126184445875,6.755067281608603,6.66118479192924,6.732714653015137,141900,0.0,0.0
2016-11-09 00:00:00-05:00,6.66118479192924,6.755067281608603,6.620949804651565,6.732714653015137,213300,0.0,0.0
2016-11-10 00:00:00-05:00,6.714832125707154,6.719302395504153,6.562831867533898,6.580714225769043,315000,0.0,0.0
2016-11-11 00:00:00-05:00,6.49130291724027,6.6343617937582655,6.49130291724027,6.562832355499268,249800,0.0,0.0
2016-11-14 00:00:00-05:00,6.553890987170766,6.58071473979323,6.401890717124663,6.455537796020508,271100,0.0,0.0
2016-11-15 00:00:00-05:00,6.460008202938614,6.585184714751073,6.460008202938614,6.571773052215576,197400,0.0,0.0
2016-11-16 00:00:00-05:00,6.612008268577743,6.612008268577743,6.527067173259221,6.544949531555176,116700,0.0,0.0
2016-11-17 00:00:00-05:00,6.5494205738692575,6.670126826366001,6.5494205738692575,6.612009048461914,142600,0.0,0.0
2016-11-18 00:00:00-05:00,6.634361950661181,6.652244310648849,6.5941265341016555,6.643302917480469,148500,0.0,0.0
2016-11-21 00:00:00-05:00,6.723772645192645,6.777419716335922,6.692478626946324,6.7461256980896,132800,0.0,0.0
2016-11-22 00:00:00-05:00,6.822128645239528,6.911540467478413,6.764010854196952,6.817657947540283,246900,0.0,0.0
2016-11-23 00:00:00-05:00,6.799772629116844,6.808713594281975,6.746125559079018,6.759537220001221,107200,0.0,0.0
2016-11-25 00:00:00-05:00,6.826596227944801,6.840007888573558,6.777419428391019,6.790831089019775,37700,0.0,0.0
2016-11-28 00:00:00-05:00,6.835539212757895,6.8578922713102966,6.817656851185799,6.831068515777588,98400,0.0,0.0
2016-11-29 00:00:00-05:00,6.8400099097382006,6.8400099097382006,6.772950734080993,6.831068515777588,107100,0.0,0.0
2016-11-30 00:00:00-05:00,6.835537192914304,6.84894885354306,6.786360819709526,6.790831089019775,222500,0.0,0.0
2016-12-01 00:00:00-05:00,6.7863623281628636,6.822127048688565,6.66118537997381,6.683538436889648,223900,0.0,0.0
2016-12-02 00:00:00-05:00,6.737184056977787,6.750596144028852,6.688007683504236,6.719301700592041,94000,0.0,0.0
2016-12-05 00:00:00-05:00,6.772950015809089,6.772950015809089,6.670126554261256,6.692479610443115,200300,0.0,0.0
2016-12-06 00:00:00-05:00,6.746126292362946,6.7729496171229675,6.710361575116877,6.768479347229004,110900,0.0,0.0
2016-12-07 00:00:00-05:00,6.8400081099087275,6.880243519445975,6.75506659503031,6.871302127838135,223000,0.0,0.0
2016-12-08 00:00:00-05:00,6.880245329862699,6.880245329862699,6.8042451865940095,6.831068515777588,295900,0.0,0.0
2016-12-09 00:00:00-05:00,6.848949572498046,6.857890964755158,6.826596944553362,6.835537910461426,132600,0.0,0.0
2016-12-12 00:00:00-05:00,6.831066580234057,6.929419754187342,6.8176549194423846,6.884713649749756,318600,0.0,0.0
2016-12-13 00:00:00-05:00,6.9441852986155945,7.031101785197679,6.898439503826562,7.012803554534912,322900,0.35,0.0
2016-12-14 00:00:00-05:00,6.980781150023115,7.063122962679161,6.825245984846749,6.875566005706787,261800,0.0,0.0
2016-12-15 00:00:00-05:00,6.889288775310539,6.985354569819829,6.829819432398681,6.971630573272705,239000,0.0,0.0
2016-12-16 00:00:00-05:00,7.017376733580682,7.017376733580682,6.925885599662996,6.944183826446533,225800,0.0,0.0
2016-12-19 00:00:00-05:00,6.989931776119401,6.989931776119401,6.930462407879233,6.976208209991455,115000,0.0,0.0
2016-12-20 00:00:00-05:00,6.9990773561185105,7.0402484686787945,6.953331578548402,7.0219502449035645,230000,0.0,0.0
2016-12-21 00:00:00-05:00,6.985356453887008,7.040251146089172,6.985356453887008,7.0356764793396,189700,0.0,0.0
2016-12-22 00:00:00-05:00,7.040249373275158,7.099718717251843,7.012801815953563,7.085994720458984,164900,0.0,0.0
2016-12-23 00:00:00-05:00,7.049398268206273,7.113442277780579,7.049398268206273,7.085994720458984,106300,0.0,0.0
2016-12-27 00:00:00-05:00,7.067699005444102,7.136317704995844,7.067699005444102,7.113444805145264,159200,0.0,0.0
2016-12-28 00:00:00-05:00,7.090568657322726,7.122590440686776,7.02195042546717,7.031099319458008,146400,0.0,0.0
2016-12-29 00:00:00-05:00,7.08142257084874,7.122593703326928,7.0265278729659135,7.113444805145264,178300,0.0,0.0
2016-12-30 00:00:00-05:00,7.122591762297699,7.250679792049038,7.058548183686188,7.090569972991943,273200,0.0,0.0
2017-01-03 00:00:00-05:00,7.122590728098585,7.177485403050963,7.04939782816208,7.108867168426514,116200,0.0,0.0
2017-01-04 00:00:00-05:00,7.163763712942298,7.232382401738608,7.145465483182791,7.150040149688721,276500,0.0,0.0
2017-01-05 00:00:00-05:00,7.214082345164928,7.259827689847548,7.168336564218209,7.24152946472168,135100,0.0,0.0
2017-01-06 00:00:00-05:00,7.264404853111127,7.383343139194973,7.2461066216932855,7.333023548126221,181800,0.0,0.0
2017-01-09 00:00:00-05:00,7.35589610888368,7.406216573156009,7.268979617548963,7.273553848266602,112000,0.0,0.0
2017-01-10 00:00:00-05:00,7.346746774919891,7.351321441901786,7.273553848266602,7.273553848266602,100600,0.0,0.0
2017-01-11 00:00:00-05:00,7.319298525373586,7.333022524218878,7.287276733929617,7.310149192810059,57900,0.0,0.0
2017-01-12 00:00:00-05:00,7.355893327165917,7.360467992417847,7.278125762939453,7.278125762939453,121400,0.0,0.0
2017-01-13 00:00:00-05:00,7.328447857937114,7.346745650535792,7.2918509639471925,7.310149192810059,78800,0.0,0.0
2017-01-17 00:00:00-05:00,7.305573346747085,7.424511589913628,7.305573346747085,7.365042686462402,140900,0.0,0.0
2017-01-18 00:00:00-05:00,7.410791179592165,7.410791179592165,7.378768510980527,7.401641845703125,96200,0.0,0.0
2017-01-19 00:00:00-05:00,7.35589423594619,7.387916024137641,7.328447113571845,7.342170238494873,56600,0.0,0.0
2017-01-20 00:00:00-05:00,7.328448881205698,7.374194677882427,7.319299547364652,7.333023548126221,38500,0.0,0.0
2017-01-23 00:00:00-05:00,7.378768510980527,7.4199396409527,7.351321381841912,7.401641845703125,113200,0.0,0.0
2017-01-24 00:00:00-05:00,7.447386193430851,7.451960859485185,7.346745285292168,7.42451286315918,115800,0.0,0.0
2017-01-25 00:00:00-05:00,7.433662474427239,7.479408264160156,7.410790015824963,7.479408264160156,146600,0.0,0.0
2017-01-26 00:00:00-05:00,7.493131330483979,7.54345178604126,7.470258872064321,7.54345178604126,124000,0.0,0.0
2017-01-27 00:00:00-05:00,7.566324418182192,7.566324418182192,7.511429301505285,7.5343017578125,94700,0.0,0.0
2017-01-30 00:00:00-05:00,7.548025216271367,7.548025216271367,7.438235863283533,7.4656829833984375,94900,0.0,0.0
2017-01-31 00:00:00-05:00,7.438238075642634,7.511430999404333,7.429088742040302,7.502281665802002,103100,0.0,0.0
2017-02-01 00:00:00-05:00,7.49770646510578,7.529728257905263,7.442812212457642,7.456535339355469,97800,0.0,0.0
2017-02-02 00:00:00-05:00,7.429087387343536,7.548026084899902,7.392490932136063,7.548026084899902,98800,0.0,0.0
2017-02-03 00:00:00-05:00,7.566325531852434,7.612070451199955,7.520579739976506,7.6074957847595215,75700,0.0,0.0
2017-02-06 00:00:00-05:00,7.602922152304823,7.616645279389144,7.56175102599501,7.570899486541748,81400,0.0,0.0
2017-02-07 00:00:00-05:00,7.593773950334724,7.612071746682114,7.543453483454431,7.598348617553711,92100,0.0,0.0
2017-02-08 00:00:00-05:00,7.607493994065452,7.607493994065452,7.561749085485621,7.58919620513916,88000,0.0,0.0
2017-02-09 00:00:00-05:00,7.612070033828596,7.630368698587011,7.497705996673583,7.54345178604126,205100,0.0,0.0
2017-02-10 00:00:00-05:00,7.548026768953658,7.580048561096191,7.534302769808974,7.580048561096191,110600,0.0,0.0
2017-02-13 00:00:00-05:00,7.557176685747023,7.58462381362915,7.548027352276825,7.58462381362915,135800,0.0,0.0
2017-02-14 00:00:00-05:00,7.570899228333069,7.607495686857162,7.557176101716781,7.580048561096191,144400,0.0,0.0
2017-02-15 00:00:00-05:00,7.548026889460671,7.598347347932833,7.548026889460671,7.561750888824463,134500,0.0,0.0
2017-02-16 00:00:00-05:00,7.561750450799675,7.625794032397407,7.54345178604126,7.54345178604126,123300,0.0,0.0
2017-02-17 00:00:00-05:00,7.520577570728719,7.548024688926021,7.447384673850477,7.529726028442383,79200,0.0,0.0
2017-02-21 00:00:00-05:00,7.529728685336431,7.607496274776179,7.520580224394697,7.58462381362915,112500,0.0,0.0
2017-02-22 00:00:00-05:00,7.602921990847495,7.6074957847595215,7.557176198971567,7.6074957847595215,104700,0.0,0.0
2017-02-23 00:00:00-05:00,7.634942898637355,7.657815355660573,7.593771777972919,7.630368232727051,144700,0.0,0.0
2017-02-24 00:00:00-05:00,7.630367528529702,7.657814648930163,7.61664353206536,7.64409065246582,130700,0.0,0.0
2017-02-27 00:00:00-05:00,7.6761117303893975,7.6761117303893975,7.634940622001627,7.65781307220459,136900,0.0,0.0
2017-02-28 00:00:00-05:00,7.648665501813064,7.689836619667543,7.644090836214984,7.671538829803467,94200,0.0,0.0
2017-03-01 00:00:00-05:00,7.648665922504089,7.671539251752568,7.557175223095058,7.602921009063721,252800,0.0,0.0
2017-03-02 00:00:00-05:00,7.634942898637355,7.63951756454766,7.584622446152309,7.630368232727051,107800,0.0,0.0
2017-03-03 00:00:00-05:00,7.63494098681488,7.666962767640313,7.6166423277557245,7.653238773345947,87200,0.0,0.0
2017-03-06 00:00:00-05:00,7.653240588353785,7.653240588353785,7.566324554794449,7.602921009063721,116100,0.0,0.0
2017-03-07 00:00:00-05:00,7.630367535482857,7.648665324923763,7.593771084072819,7.621218204498291,87800,0.0,0.0
2017-03-08 00:00:00-05:00,7.630368535877063,7.630368535877063,7.456534714492395,7.470258712768555,114000,0.0,0.0
2017-03-09 00:00:00-05:00,7.392490180602637,7.433661297591557,7.323871943130515,7.3375959396362305,145500,0.0,0.0
2017-03-10 00:00:00-05:00,7.392489805553108,7.4062138013625525,7.342169360113328,7.365042686462402,78000,0.0,0.0
2017-03-13 00:00:00-04:00,7.411806199768794,7.472596645355225,7.365043838285,7.472596645355225,92200,0.35,0.0
2017-03-14 00:00:00-04:00,7.407127733580414,7.407127733580414,7.3416605356165725,7.35101318359375,76900,0.0,0.0
2017-03-15 00:00:00-04:00,7.341664470194452,7.4492177497784295,7.341664470194452,7.4351887702941895,107000,0.0,0.0
2017-03-16 00:00:00-04:00,7.4679207659739895,7.47727297069539,7.41648207915003,7.472596645355225,85200,0.0,0.0
2017-03-17 00:00:00-04:00,7.481950807065448,7.519360525424053,7.4725981544962865,7.4959797859191895,104700,0.0,0.0
2017-03-20 00:00:00-04:00,7.5193584662156026,7.5193584662156026,7.407129341874211,7.430510520935059,118200,0.0,0.0
2017-03-21 00:00:00-04:00,7.4538917683447306,7.51000633438725,7.407129852955429,7.449215888977051,186200,0.0,0.0
2017-03-22 00:00:00-04:00,7.45856862387717,7.500655108849514,7.393101848486538,7.481949806213379,87500,0.0,0.0
2017-03-23 00:00:00-04:00,7.491301094127994,7.5006537437438965,7.458567266431216,7.5006537437438965,133100,0.0,0.0
2017-03-24 00:00:00-04:00,7.528710755981033,7.552091487964234,7.4772720753166855,7.505329132080078,74300,0.0,0.0
2017-03-27 00:00:00-04:00,7.486624336375406,7.52871036529541,7.467919484184165,7.52871036529541,78000,0.0,0.0
2017-03-28 00:00:00-04:00,7.542738507394689,7.570796454844526,7.510005127287593,7.56144380569458,85700,0.0,0.0
2017-03-29 00:00:00-04:00,7.580148212076758,7.58482453665173,7.510005127287593,7.56144380569458,91800,0.0,0.0
2017-03-30 00:00:00-04:00,7.580150172941426,7.589502824510754,7.547416784366722,7.575474739074707,77700,0.0,0.0
2017-03-31 00:00:00-04:00,7.622234814741182,7.757845561864012,7.575473349309099,7.603530406951904,235500,0.0,0.0
2017-04-03 00:00:00-04:00,7.598856086529897,7.7017325863032,7.584827108048894,7.668999195098877,149900,0.0,0.0
2017-04-04 00:00:00-04:00,7.6362653451549045,7.701732123630711,7.61756093355523,7.673675060272217,133000,0.0,0.0
2017-04-05 00:00:00-04:00,7.720437427148348,7.720437427148348,7.659646082633989,7.673675060272217,181400,0.0,0.0
2017-04-06 00:00:00-04:00,7.70640844951012,7.70640844951012,7.668998734392807,7.673675060272217,104500,0.0,0.0
2017-04-07 00:00:00-04:00,7.71108337821362,7.7438167615205415,7.687702644970905,7.701730728149414,161000,0.0,0.0
2017-04-10 00:00:00-04:00,7.715758938620604,7.78590202331543,7.715758938620604,7.78590202331543,201900,0.0,0.0
2017-04-11 00:00:00-04:00,7.795255190940149,7.823312248300701,7.7625218086998755,7.81395959854126,103100,0.0,0.0
2017-04-12 00:00:00-04:00,7.818635923420981,7.846693872699306,7.7859025411807075,7.81395959854126,112800,0.0,0.0
2017-04-13 00:00:00-04:00,7.804607840699591,7.851370197579026,7.795255190940149,7.81395959854126,89200,0.0,0.0
2017-04-17 00:00:00-04:00,7.846693917538848,7.846693917538848,7.795255235485747,7.809284210205078,114300,0.0,0.0
2017-04-18 00:00:00-04:00,7.8420156885371215,7.8420156885371215,7.799929666515683,7.827986717224121,118000,0.0,0.0
2017-04-19 00:00:00-04:00,7.846693917538848,7.846693917538848,7.776549935859974,7.809284210205078,185500,0.0,0.0
2017-04-20 00:00:00-04:00,7.81863595096539,7.837341250550171,7.7625218360465995,7.80460786819458,149300,0.0,0.0
2017-04-21 00:00:00-04:00,7.81863595096539,7.81863595096539,7.781226243713605,7.80460786819458,87300,0.0,0.0
2017-04-24 00:00:00-04:00,7.837341818981179,7.888780504652324,7.827989168510455,7.846694469451904,129000,0.0,0.0
2017-04-25 00:00:00-04:00,7.856048247837718,7.9215159260470465,7.856048247837718,7.916839599609375,163800,0.0,0.0
2017-04-26 00:00:00-04:00,7.926190750284303,7.926190750284303,7.870075735585439,7.879428386688232,112400,0.0,0.0
2017-04-27 00:00:00-04:00,7.898132784589474,7.916838086765727,7.856046746610803,7.89345645904541,102400,0.0,0.0
2017-04-28 00:00:00-04:00,7.874752048787056,7.921514412309791,7.8700757232429925,7.89345645904541,71200,0.0,0.0
2017-05-01 00:00:00-04:00,7.888781994411305,7.9121627330856175,7.865400363818985,7.898133754730225,92600,0.0,0.0
2017-05-02 00:00:00-04:00,7.89813180686617,7.916837106726861,7.856045774097401,7.87007474899292,113700,0.0,0.0
2017-05-03 00:00:00-04:00,7.865398878475513,7.865398878475513,7.823312843275093,7.846694469451904,110500,0.0,0.0
2017-05-04 00:00:00-04:00,7.856045599544971,7.856045599544971,7.7110830965166635,7.77187442779541,113100,0.0,0.0
2017-05-05 00:00:00-04:00,7.771874927120002,7.813960069739768,7.743816976149723,7.795255661010742,81100,0.0,0.0
2017-05-08 00:00:00-04:00,7.809282295850889,7.888778015937428,7.795253324570598,7.823310375213623,99000,0.0,0.0
2017-05-09 00:00:00-04:00,7.827987257720879,7.879425930835988,7.827987257720879,7.860720634460449,84300,0.0,0.0
2017-05-10 00:00:00-04:00,7.851371325297751,7.893456471424524,7.851371325297751,7.879428386688232,60300,0.0,0.0
2017-05-11 00:00:00-04:00,7.874749044657135,7.907482419060258,7.823310375213623,7.823310375213623,74100,0.0,0.0
2017-05-12 00:00:00-04:00,7.827988699259898,7.8981317897499075,7.82331237430486,7.865398406982422,81900,0.0,0.0
2017-05-15 00:00:00-04:00,7.884102254929872,7.926188279857213,7.851368878190302,7.860720634460449,73300,0.0,0.0
2017-05-16 00:00:00-04:00,7.860723117283766,7.8887810707092285,7.860723117283766,7.8887810707092285,73100,0.0,0.0
2017-05-17 00:00:00-04:00,7.884104055247641,7.893455813653242,7.785903010687315,7.795255661010742,97600,0.0,0.0
2017-05-18 00:00:00-04:00,7.77187442779541,7.8233122174338465,7.739140153766518,7.77187442779541,85600,0.0,0.0
2017-05-19 00:00:00-04:00,7.748490978887182,7.851368317774208,7.720433928244157,7.823310375213623,116100,0.0,0.0
2017-05-22 00:00:00-04:00,7.865396958554333,7.874749606742103,7.809282853262962,7.860720634460449,136400,0.0,0.0
2017-05-23 00:00:00-04:00,7.898132886951953,7.949571576685414,7.865399499637173,7.940218925476074,129900,0.0,0.0
2017-05-24 00:00:00-04:00,7.944893912766964,7.982303619384766,7.930864938316128,7.982303619384766,71200,0.0,0.0
2017-05-25 00:00:00-04:00,8.019712907519704,8.033741881238482,7.982303202854006,8.015036582946777,93000,0.0,0.0
2017-05-26 00:00:00-04:00,8.019712527636138,8.057122230529785,7.977626500391075,8.057122230529785,154600,0.0,0.0
2017-05-30 00:00:00-04:00,8.052447703380771,8.057124028775881,7.977628280894747,7.991657257080078,47900,0.0,0.0
2017-05-31 00:00:00-04:00,7.991656227419164,8.066475640265306,7.954246520996094,7.954246520996094,94000,0.0,0.0
2017-06-01 00:00:00-04:00,7.954247088037519,8.015037530839473,7.954247088037519,7.996333122253418,69500,0.0,0.0
2017-06-02 00:00:00-04:00,8.0571226121854,8.075827910477107,8.01036025837385,8.015036582946777,82400,0.0,0.0
2017-06-05 00:00:00-04:00,8.005686407304625,8.07582950592041,7.9729521288272265,8.07582950592041,75700,0.0,0.0
2017-06-06 00:00:00-04:00,8.057121596447834,8.057121596447834,7.963597792532718,7.968274116516113,100500,0.0,0.0
2017-06-07 00:00:00-04:00,7.977628873878459,8.043096542358398,7.954248137082868,8.043096542358398,94100,0.0,0.0
2017-06-08 00:00:00-04:00,8.010363578796387,8.043097864375751,7.982306511646444,8.010363578796387,112800,0.0,0.0
2017-06-09 00:00:00-04:00,8.08518397358607,8.08518397358607,8.015039967291631,8.047773361206055,162500,0.0,0.0
2017-06-12 00:00:00-04:00,8.04309651317154,8.06180092415655,8.033743861720069,8.052448272705078,153400,0.0,0.0
2017-06-13 00:00:00-04:00,8.114498720392733,8.176550368845247,8.047673728148144,8.057219505310059,211500,0.35,0.0
2017-06-14 00:00:00-04:00,8.066767073016775,8.081087105955387,7.952209540774893,7.961756229400635,112200,0.0,0.0
2017-06-15 00:00:00-04:00,7.947434561327338,7.947434561327338,7.851970425978084,7.856742858886719,120900,0.0,0.0
2017-06-16 00:00:00-04:00,7.856745239818081,7.899704432391479,7.75650773076177,7.890158653259277,98000,0.0,0.0
2017-06-19 00:00:00-04:00,7.914022068433991,7.947434561327338,7.832877052654943,7.856742858886719,107400,0.0,0.0
2017-06-20 00:00:00-04:00,7.82810638432884,7.851973109138454,7.76128137570684,7.785147190093994,144300,0.0,0.0
2017-06-21 00:00:00-04:00,7.804238767289267,7.828104576163806,7.756506239117937,7.761279582977295,113800,0.0,0.0
2017-06-22 00:00:00-04:00,7.766053971628887,7.794693128215702,7.656269779360783,7.661042213439941,105800,0.0,0.0
2017-06-23 00:00:00-04:00,7.656270882058667,7.756508399760462,7.646724191680638,7.723095893859863,101900,0.0,0.0
2017-06-26 00:00:00-04:00,7.751733423480247,7.847198486328125,7.751733423480247,7.847198486328125,76300,0.0,0.0
2017-06-27 00:00:00-04:00,7.875838756561279,7.909251260163948,7.842426252958609,7.875838756561279,116600,0.0,0.0
2017-06-28 00:00:00-04:00,7.885384835203032,8.009489060697206,7.8662914572397575,7.976075649261475,94700,0.0,0.0
2017-06-29 00:00:00-04:00,7.947436196462023,7.976075351916909,7.894931229865121,7.961756229400635,109500,0.0,0.0
2017-06-30 00:00:00-04:00,7.914023944010492,8.076314014030368,7.914023944010492,7.92357063293457,193000,0.0,0.0
2017-07-03 00:00:00-04:00,7.976073132819179,8.057218142717193,7.942660642347423,7.990393161773682,91400,0.0,0.0
2017-07-05 00:00:00-04:00,7.971303717783587,8.047675413607179,7.899704456329346,7.899704456329346,87900,0.0,0.0
2017-07-06 00:00:00-04:00,7.875837133545549,7.928343005770974,7.804238796234131,7.804238796234131,151400,0.0,0.0
2017-07-07 00:00:00-04:00,7.847198759035184,7.847198759035184,7.804239570302945,7.818558692932129,106900,0.0,0.0
2017-07-10 00:00:00-04:00,7.809012140111193,7.923569661893912,7.804238796234131,7.804238796234131,118800,0.0,0.0
2017-07-11 00:00:00-04:00,7.80423753407312,7.880609202910189,7.80423753407312,7.832876682281494,111300,0.0,0.0
2017-07-12 00:00:00-04:00,7.856745239818081,7.923571156278047,7.856745239818081,7.890158653259277,121000,0.0,0.0
2017-07-13 00:00:00-04:00,7.890158132122661,7.971303167132598,7.890158132122661,7.92357063293457,91600,0.0,0.0
2017-07-14 00:00:00-04:00,7.947435041203908,7.990394223352757,7.947435041203908,7.966528415679932,85500,0.0,0.0
2017-07-17 00:00:00-04:00,7.9665296171771445,7.980848739771541,7.918797084210358,7.928343772888184,85600,0.0,0.0
2017-07-18 00:00:00-04:00,7.914025004004528,7.995170049882925,7.914025004004528,7.985623359680176,85900,0.0,0.0
2017-07-19 00:00:00-04:00,7.9951708260657,8.167007624707411,7.971305008664385,8.076315879821777,182400,0.0,0.0
2017-07-20 00:00:00-04:00,8.17178099749681,8.195646814977636,8.124048452112582,8.16223430633545,140000,0.0,0.0
2017-07-21 00:00:00-04:00,8.17177892739105,8.17177892739105,8.076313860806163,8.100179672241211,62500,0.0,0.0
2017-07-24 00:00:00-04:00,8.095404967765583,8.138364149469002,8.071539160340215,8.109724998474121,53800,0.0,0.0
2017-07-25 00:00:00-04:00,8.090634755861094,8.124047259598722,8.047675562363448,8.081088066101074,71000,0.0,0.0
2017-07-26 00:00:00-04:00,8.052449725978475,8.109728049517498,8.042903035247793,8.061995506286621,80400,0.0,0.0
2017-07-27 00:00:00-04:00,8.061993710257331,8.128819620062277,8.009488743780565,8.038127899169922,109500,0.0,0.0
2017-07-28 00:00:00-04:00,7.9999426663982485,8.061994326219859,7.956983474820824,8.023808479309082,42800,0.0,0.0
2017-07-31 00:00:00-04:00,8.01903431822018,8.047674383304207,7.9951685077391375,8.042901039123535,65300,0.0,0.0
2017-08-01 00:00:00-04:00,8.028582999151768,8.076315542382645,8.023809653786428,8.061995506286621,85800,0.0,0.0
2017-08-02 00:00:00-04:00,8.061993759799275,8.124046325683594,8.033354604233926,8.124046325683594,98400,0.0,0.0
2017-08-03 00:00:00-04:00,8.090635076510418,8.11450089143388,8.052449226379395,8.052449226379395,93200,0.0,0.0
2017-08-04 00:00:00-04:00,8.028580954006443,8.042900986454681,7.89493095951211,7.956982612609863,148900,0.0,0.0
2017-08-07 00:00:00-04:00,7.904476031300419,7.942661870662365,7.842424383745593,7.918796062469482,126600,0.0,0.0
2017-08-08 00:00:00-04:00,7.904475900313666,7.92356927488935,7.804238415057951,7.823330879211426,133300,0.0,0.0
2017-08-09 00:00:00-04:00,7.746959755053999,7.8185580939820705,7.723093945552066,7.756506443023682,120100,0.0,0.0
2017-08-10 00:00:00-04:00,7.770826102146822,7.78037187923624,7.684907735386448,7.6992268562316895,96400,0.0,0.0
2017-08-11 00:00:00-04:00,7.5273938083421505,7.751735585043112,7.393742865171168,7.68968391418457,370800,0.0,0.0
2017-08-14 00:00:00-04:00,7.727867832465984,7.794692832104071,7.727867832465984,7.766053676605225,66300,0.0,0.0
2017-08-15 00:00:00-04:00,7.723093274509423,7.756505769077899,7.632401567521989,7.68490743637085,189400,0.0,0.0
2017-08-16 00:00:00-04:00,7.708773547627311,7.732640266418457,7.694454426774855,7.732640266418457,83000,0.0,0.0
2017-08-17 00:00:00-04:00,7.713546887499162,7.7469593833677015,7.6944544228980964,7.6992268562316895,84100,0.0,0.0
2017-08-18 00:00:00-04:00,7.684909910366485,7.718322415691417,7.646724059934778,7.704002380371094,83800,0.0,0.0
2017-08-21 00:00:00-04:00,7.742189166969704,7.761282549705527,7.622858711349902,7.694457530975342,143200,0.0,0.0
2017-08-22 00:00:00-04:00,7.713547025879001,7.751732866188413,7.684907873252505,7.718320369720459,108300,0.0,0.0
2017-08-23 00:00:00-04:00,7.713548161349357,7.832879043685112,7.694455693595275,7.789919853210449,111700,0.0,0.0
2017-08-24 00:00:00-04:00,7.8090108771782,7.842423368491654,7.785144161652799,7.832876682281494,72400,0.0,0.0
2017-08-25 00:00:00-04:00,7.837651292951309,7.861517101914364,7.804238796234131,7.804238796234131,79400,0.0,0.0
2017-08-28 00:00:00-04:00,7.804239589099296,7.804239589099296,7.751733711539581,7.775600433349609,60600,0.0,0.0
2017-08-29 00:00:00-04:00,7.689681274451412,7.818557917443062,7.661041211189041,7.804238796234131,98900,0.0,0.0
2017-08-30 00:00:00-04:00,7.794692610719561,7.856744264275062,7.775600144403373,7.847198486328125,92200,0.0,0.0
2017-08-31 00:00:00-04:00,7.828106081576625,7.894931998036591,7.804240268112482,7.890158653259277,98900,0.0,0.0
2017-09-01 00:00:00-04:00,7.904478092092013,7.947437286376953,7.856745552839585,7.947437286376953,50400,0.0,0.0
2017-09-05 00:00:00-04:00,7.909248528240901,7.93311524430078,7.861516006543268,7.8949294090271,69300,0.0,0.0
2017-09-06 00:00:00-04:00,7.890158653259277,7.94743696974219,7.8615185845953945,7.890158653259277,69200,0.0,0.0
2017-09-07 00:00:00-04:00,7.928342577150089,7.985620879733751,7.909249202674066,7.966528415679932,102100,0.0,0.0
2017-09-08 00:00:00-04:00,7.971302849744178,7.980848627865813,7.9235703174466865,7.95220947265625,41300,0.0,0.0
2017-09-11 00:00:00-04:00,7.9713039634341065,7.995169777706037,7.961757273556351,7.980849742889404,72800,0.0,0.0
2017-09-12 00:00:00-04:00,7.976075283593831,7.990395316409777,7.947436128384267,7.95220947265625,79900,0.0,0.0
2017-09-13 00:00:00-04:00,7.937889439840304,7.995168660681759,7.937889439840304,7.95220947265625,112800,0.0,0.0
2017-09-14 00:00:00-04:00,7.9960914992631675,7.9960914992631675,7.922956700328939,7.971713542938232,69100,0.35,0.0
2017-09-15 00:00:00-04:00,7.947334070337651,7.976588731720613,7.922956115811205,7.9375834465026855,74800,0.0,0.0
2017-09-18 00:00:00-04:00,7.927832369133464,7.932708146323636,7.835194462439031,7.879075527191162,131100,0.0,0.0
2017-09-19 00:00:00-04:00,7.913206577301025,7.922958133578809,7.8693255040105905,7.913206577301025,72400,0.0,0.0
2017-09-20 00:00:00-04:00,7.88882625350351,7.92295576029282,7.8546967467142,7.893702030181885,51300,0.0,0.0
2017-09-21 00:00:00-04:00,7.922958530669561,7.922958530669561,7.825444822923619,7.859575271606445,68600,0.0,0.0
2017-09-22 00:00:00-04:00,7.893702748856226,7.913204927385968,7.742556912923283,7.844945907592773,132300,0.0,0.0
2017-09-25 00:00:00-04:00,7.859571444337395,7.874197842405121,7.781560423132648,7.840068340301514,112300,0.0,0.0
2017-09-26 00:00:00-04:00,7.801064705100018,7.908329010009766,7.801064705100018,7.908329010009766,172000,0.0,0.0
2017-09-27 00:00:00-04:00,7.893701659040074,7.918079611326445,7.859572153855447,7.869322776794434,92100,0.0,0.0
2017-09-28 00:00:00-04:00,7.88882625350351,7.893702030181885,7.776685714799174,7.893702030181885,159700,0.0,0.0
2017-09-29 00:00:00-04:00,7.918082355439917,7.986341389465219,7.908330799162133,7.913206577301025,149800,0.0,0.0
2017-10-02 00:00:00-04:00,7.913204795494375,7.97658896706824,7.913204795494375,7.927832126617432,78300,0.0,0.0
2017-10-03 00:00:00-04:00,7.888827081571504,7.918080814753122,7.879075527191162,7.879075527191162,104400,0.0,0.0
2017-10-04 00:00:00-04:00,7.844944116310485,7.8790736184140915,7.825441012274603,7.840068340301514,103500,0.0,0.0
2017-10-05 00:00:00-04:00,7.8254411290418595,7.88394951206335,7.8254411290418595,7.874197959899902,87600,0.0,0.0
2017-10-06 00:00:00-04:00,7.859571560764874,7.898576839455255,7.835192680358887,7.835192680358887,85600,0.0,0.0
2017-10-09 00:00:00-04:00,7.844946991990241,7.864449173215746,7.7961901439871895,7.801065921783447,125900,0.0,0.0
2017-10-10 00:00:00-04:00,7.805940504049276,7.898578408071026,7.805940504049276,7.8498215675354,137000,0.0,0.0
2017-10-11 00:00:00-04:00,7.874200092450433,7.903453826904297,7.854697912801008,7.903453826904297,118800,0.0,0.0
2017-10-12 00:00:00-04:00,7.88394929452673,7.961959849763424,7.87907351857954,7.942457675933838,214800,0.0,0.0
2017-10-13 00:00:00-04:00,7.947334893564818,7.961962225771476,7.89370320205931,7.903453826904297,139700,0.0,0.0
2017-10-16 00:00:00-04:00,7.913205045424462,7.957086110220188,7.854697579003103,7.898578643798828,149100,0.0,0.0
2017-10-17 00:00:00-04:00,7.869323146790011,7.898577806860259,7.796188356533017,7.893702030181885,142400,0.0,0.0
2017-10-18 00:00:00-04:00,7.874197723882906,7.903451449537217,7.801062944767545,7.805938720703125,61700,0.0,0.0
2017-10-19 00:00:00-04:00,7.801064248049861,7.844945308841887,7.727929456716259,7.7913126945495605,130600,0.0,0.0
2017-10-20 00:00:00-04:00,7.786437159748691,7.844945084135636,7.7523071884549015,7.8205671310424805,100800,0.0,0.0
2017-10-23 00:00:00-04:00,7.820567610458952,7.859572895774685,7.713302378371169,7.723053932189941,80100,0.0,0.0
2017-10-24 00:00:00-04:00,7.766933554309943,7.771808865335696,7.674295670126762,7.684047222137451,98000,0.0,0.0
2017-10-25 00:00:00-04:00,7.669421819275055,7.6889249281920415,7.493898023839554,7.528027534484863,145800,0.0,0.0
2017-10-26 00:00:00-04:00,7.55728162693231,7.586535824917956,7.440265764949132,7.474395275115967,140100,0.0,0.0
2017-10-27 00:00:00-04:00,7.5133984189946315,7.567031022504532,7.459766280464302,7.562155246734619,105100,0.0,0.0
2017-10-30 00:00:00-04:00,7.547529230720631,7.596286066931554,7.518275500977798,7.567032337188721,121400,0.0,0.0
2017-10-31 00:00:00-04:00,7.581658136479595,7.723052383643129,7.542652858984797,7.688922882080078,234200,0.0,0.0
2017-11-01 00:00:00-04:00,7.727931022644043,7.737682113140566,7.669422619745879,7.727931022644043,148800,0.0,0.0
2017-11-02 00:00:00-04:00,7.674298397484018,7.752308981375228,7.674298397484018,7.727931022644043,115800,0.0,0.0
2017-11-03 00:00:00-04:00,7.703552598933101,7.757184759113368,7.703552598933101,7.727931022644043,96600,0.0,0.0
2017-11-06 00:00:00-05:00,7.703551761094221,7.762059692649301,7.688924894450378,7.742557048797607,71500,0.0,0.0
2017-11-07 00:00:00-05:00,7.776688434030467,7.859575271606445,7.766937342243764,7.859575271606445,98500,0.0,0.0
2017-11-08 00:00:00-05:00,7.8351963796901405,7.859575271606445,7.781564212413728,7.859575271606445,125500,0.0,0.0
2017-11-09 00:00:00-05:00,7.786437378303435,7.849821081079967,7.7718100480613925,7.830317974090576,125800,0.0,0.0
2017-11-10 00:00:00-05:00,7.78643796898639,7.859573230805694,7.78643796898639,7.825442790985107,109400,0.0,0.0
2017-11-13 00:00:00-05:00,7.801064502821407,7.835194011227753,7.713302378371169,7.723053932189941,101000,0.0,0.0
2017-11-14 00:00:00-05:00,7.718178766814918,7.762059832516865,7.620665545799322,7.640168190002441,84500,0.0,0.0
2017-11-15 00:00:00-05:00,7.65479434351487,7.65479434351487,7.562156908428406,7.571907997131348,80400,0.0,0.0
2017-11-16 00:00:00-05:00,7.630416531400499,7.649919175337777,7.508524890547585,7.528027534484863,101700,0.0,0.0
2017-11-17 00:00:00-05:00,7.508524890547585,7.542654866172604,7.48414693436077,7.528027534484863,115800,0.0,0.0
2017-11-20 00:00:00-05:00,7.523151877816151,7.537778743854546,7.47439503771525,7.5036492347717285,167200,0.0,0.0
2017-11-21 00:00:00-05:00,7.503648631110861,7.547529225695897,7.474394436407852,7.489021301269531,189000,0.0,0.0
2017-11-22 00:00:00-05:00,7.484145868950122,7.562156433593986,7.484145868950122,7.552404880523682,82500,0.0,0.0
2017-11-24 00:00:00-05:00,7.586535319855244,7.649918558808374,7.581659543018951,7.630415916442871,48000,0.0,0.0
2017-11-27 00:00:00-05:00,7.654793862863665,7.679172280559783,7.54752910398853,7.552404880523682,150700,0.0,0.0
2017-11-28 00:00:00-05:00,7.547529343160171,7.61578882187643,7.547529343160171,7.601161956787109,150000,0.0,0.0
2017-11-29 00:00:00-05:00,7.60603833493341,7.60603833493341,7.532903073744232,7.557281494140625,164500,0.0,0.0
2017-11-30 00:00:00-05:00,7.562156553774476,7.654793984516382,7.562156553774476,7.645042896270752,172100,0.0,0.0
2017-12-01 00:00:00-05:00,7.635292511321809,7.752308378051864,7.635292511321809,7.713303089141846,90500,0.0,0.0
2017-12-04 00:00:00-05:00,7.781562577224238,7.781562577224238,7.713303089141846,7.713303089141846,99900,0.0,0.0
2017-12-05 00:00:00-05:00,7.69379866998573,7.73280394989854,7.674296030029325,7.708425998687744,109700,0.0,0.0
2017-12-06 00:00:00-05:00,7.693800318937735,7.757184028625488,7.654795030665227,7.757184028625488,126600,0.0,0.0
2017-12-07 00:00:00-05:00,7.713302963073989,7.820568203292956,7.684049229359465,7.757184028625488,154500,0.0,0.0
2017-12-08 00:00:00-05:00,7.8059410037907115,7.810816781152362,7.659670937799222,7.693800449371338,151100,0.0,0.0
2017-12-11 00:00:00-05:00,7.7084270607066445,7.766934988636716,7.7084270607066445,7.762059211730957,105900,0.0,0.0
2017-12-12 00:00:00-05:00,7.776686910262611,7.815692664706073,7.747433175654675,7.786438465118408,206700,0.0,0.0
2017-12-13 00:00:00-05:00,7.781561130846716,7.801063771676722,7.762058490016709,7.7718095779418945,143300,0.0,0.0
2017-12-14 00:00:00-05:00,7.776796834362378,7.836618289959791,7.751871109008789,7.751871109008789,214900,0.35,0.0
2017-12-15 00:00:00-05:00,7.761840758545758,7.861543655395508,7.741900274259537,7.861543655395508,224700,0.0,0.0
2017-12-18 00:00:00-05:00,7.866526549428941,7.866526549428941,7.761838912963867,7.761838912963867,148600,0.0,0.0
2017-12-19 00:00:00-05:00,7.766826354053475,7.826647809650888,7.731930623809651,7.751871109008789,155100,0.0,0.0
2017-12-20 00:00:00-05:00,7.751870130979674,7.7568553705051535,7.602316273145548,7.622256755828857,180600,0.0,0.0
2017-12-21 00:00:00-05:00,7.60730076936437,7.662136972530793,7.557449329817758,7.5823750495910645,187100,0.0,0.0
2017-12-22 00:00:00-05:00,7.56741920097382,7.7119877935620575,7.562433962335271,7.677091598510742,164900,0.0,0.0
2017-12-26 00:00:00-05:00,7.647182199110958,7.692048402366587,7.602315995855329,7.607301235198975,273600,0.0,0.0
2017-12-27 00:00:00-05:00,7.6122860084027435,7.647181730834235,7.5823750495910645,7.5823750495910645,264800,0.0,0.0
2017-12-28 00:00:00-05:00,7.602316506930845,7.726944646388728,7.602316506930845,7.711989402770996,278400,0.0,0.0
2017-12-29 00:00:00-05:00,7.761841315799339,7.816678008087376,7.716975104079556,7.7369160652160645,273300,0.0,0.0
2018-01-02 00:00:00-05:00,7.736913917708282,7.851571559906006,7.736913917708282,7.851571559906006,127200,0.0,0.0
2018-01-03 00:00:00-05:00,7.811691823966359,7.866528034210205,7.781780861294227,7.866528034210205,147300,0.0,0.0
2018-01-04 00:00:00-05:00,7.861542780751512,7.911393748211521,7.846587062636776,7.891453266143799,124700,0.0,0.0
2018-01-05 00:00:00-05:00,7.911393525235521,7.956259727478027,7.861542559180521,7.956259727478027,192300,0.0,0.0
2018-01-08 00:00:00-05:00,7.9712163266093485,7.9712163266093485,7.871513902109467,7.926350116729736,73400,0.0,0.0
2018-01-09 00:00:00-05:00,7.91139487190942,7.946290601629713,7.856558657289151,7.926350116729736,89400,0.0,0.0
2018-01-10 00:00:00-05:00,7.871513935924316,7.876499176025391,7.806707240866328,7.876499176025391,117700,0.0,0.0
2018-01-11 00:00:00-05:00,7.90142598101997,7.961247444152832,7.826648795539845,7.961247444152832,121900,0.0,0.0
2018-01-12 00:00:00-05:00,7.941304789673801,7.941304789673801,7.861542860592856,7.9213643074035645,120100,0.0,0.0
2018-01-16 00:00:00-05:00,7.931334310829383,7.9762005147920645,7.906408589136938,7.9213643074035645,237000,0.0,0.0
2018-01-17 00:00:00-05:00,7.911392568039263,8.006109724876978,7.911392568039263,7.981184482574463,253000,0.0,0.0
2018-01-18 00:00:00-05:00,7.9861704999939125,7.9861704999939125,7.901423336729166,7.9462890625,126900,0.0,0.0
2018-01-19 00:00:00-05:00,7.916378239355456,7.916378239355456,7.851571559906006,7.851571559906006,92900,0.0,0.0
2018-01-22 00:00:00-05:00,7.851572080718372,7.956259727478027,7.851572080718372,7.956259727478027,112600,0.0,0.0
2018-01-23 00:00:00-05:00,7.976198752586938,8.031035423278809,7.951273036401405,8.031035423278809,131600,0.0,0.0
2018-01-24 00:00:00-05:00,8.070917883233845,8.09085788939642,8.011095963071797,8.085872650146484,204100,0.0,0.0
2018-01-25 00:00:00-05:00,8.08587164124948,8.08587164124948,7.956258764853426,7.981184482574463,141100,0.0,0.0
2018-01-26 00:00:00-05:00,7.966226953048796,8.031034089620203,7.966226953048796,8.011093139648438,96500,0.0,0.0
2018-01-29 00:00:00-05:00,8.001126816249982,8.001126816249982,7.9163801119890795,7.926350116729736,107800,0.0,0.0
2018-01-30 00:00:00-05:00,7.896437383150519,7.961244059513928,7.816675466216639,7.831630706787109,309400,0.0,0.0
2018-01-31 00:00:00-05:00,7.861541727967043,7.911392688751221,7.846586011855113,7.911392688751221,191500,0.0,0.0
2018-02-01 00:00:00-05:00,7.926347835423052,7.95127355322874,7.846585918779672,7.906407356262207,163400,0.0,0.0
2018-02-02 00:00:00-05:00,7.841604846125012,7.85157532871169,7.672110920920469,7.692051410675049,258000,0.0,0.0
2018-02-05 00:00:00-05:00,7.672107846849064,7.672107846849064,7.328133942133052,7.373000144958496,291000,0.0,0.0
2018-02-06 00:00:00-05:00,7.323147902407302,7.492642216591428,7.2583417003190505,7.482672214508057,253000,0.0,0.0
2018-02-07 00:00:00-05:00,7.447777456821592,7.497628903120273,7.373000762792198,7.457747936248779,205200,0.0,0.0
2018-02-08 00:00:00-05:00,7.457749205541689,7.482674932933334,7.288254829780947,7.293240070343018,179200,0.0,0.0
2018-02-09 00:00:00-05:00,7.323149497205026,7.323149497205026,7.173596105455746,7.3131794929504395,192700,0.0,0.0
2018-02-12 00:00:00-05:00,7.29323646331074,7.318162178374819,7.203504079247445,7.228429794311523,228700,0.0,0.0
2018-02-13 00:00:00-05:00,7.198522731382067,7.258344670032264,7.198522731382067,7.233418941497803,111000,0.0,0.0
2018-02-14 00:00:00-05:00,7.213475091192143,7.372998918780679,7.183564135810038,7.333117961883545,143500,0.0,0.0
2018-02-15 00:00:00-05:00,7.358043746464443,7.412879943847656,7.358043746464443,7.412879943847656,133800,0.0,0.0
2018-02-16 00:00:00-05:00,7.422852209090879,7.457747936248779,7.397926485941539,7.457747936248779,117000,0.0,0.0
2018-02-20 00:00:00-05:00,7.402911198822998,7.472702648172054,7.37798547744751,7.37798547744751,55800,0.0,0.0
2018-02-21 00:00:00-05:00,7.397925503535269,7.457746945898532,7.318163580384252,7.328133583068848,76400,0.0,0.0
2018-02-22 00:00:00-05:00,7.328133594175206,7.363029792170586,7.278282629839548,7.303207874298096,96900,0.0,0.0
2018-02-23 00:00:00-05:00,7.308193827465424,7.407896241297561,7.288253344698997,7.392940998077393,92100,0.0,0.0
2018-02-26 00:00:00-05:00,7.4078958568857916,7.437806817192593,7.377985371997576,7.397925853729248,78700,0.0,0.0
2018-02-27 00:00:00-05:00,7.417868231882538,7.417868231882538,7.288254829780947,7.293240070343018,94200,0.0,0.0
2018-02-28 00:00:00-05:00,7.3530584665218734,7.3530584665218734,7.248370835439398,7.258341312408447,153500,0.0,0.0
2018-03-01 00:00:00-05:00,7.3032091520473195,7.602316892066578,7.233417694683167,7.243387699127197,277900,0.0,0.0
2018-03-02 00:00:00-05:00,7.233416568899955,7.283267534198774,7.188550367338017,7.20849084854126,110100,0.0,0.0
2018-03-05 00:00:00-05:00,7.203504639915693,7.268311313958988,7.203504639915693,7.258341312408447,100700,0.0,0.0
2018-03-06 00:00:00-05:00,7.298222995799474,7.397925398320254,7.248371556829805,7.348073959350586,57000,0.0,0.0
2018-03-07 00:00:00-05:00,7.288252632539255,7.323148355116071,7.258342149021574,7.303207874298096,75600,0.0,0.0
2018-03-08 00:00:00-05:00,7.298223654256123,7.3580451011657715,7.288253175395216,7.3580451011657715,52500,0.0,0.0
2018-03-09 00:00:00-05:00,7.412880909141565,7.4228513874651325,7.358044704617666,7.387955188751221,86000,0.0,0.0
2018-03-12 00:00:00-04:00,7.40291193953108,7.417867183685303,7.283268560041381,7.417867183685303,79900,0.0,0.0
2018-03-13 00:00:00-04:00,7.392941077158261,7.462733005296611,7.392941077158261,7.422852039337158,123400,0.0,0.0
2018-03-14 00:00:00-04:00,7.4892192756589635,7.499429273665144,7.402432101724214,7.443273067474365,63800,0.35,0.0
2018-03-15 00:00:00-04:00,7.438166109644938,7.438166109644938,7.182909889142502,7.228856086730957,203500,0.0,0.0
2018-03-16 00:00:00-04:00,7.223750475157511,7.285012393376672,7.223750475157511,7.259486675262451,53200,0.0,0.0
2018-03-19 00:00:00-04:00,7.228855492662321,7.24417072831233,7.172699304037248,7.198225021362305,69800,0.0,0.0
2018-03-20 00:00:00-04:00,7.1778062915934395,7.228857251804236,7.080808639526366,7.080808639526367,143300,0.0,0.0
2018-03-21 00:00:00-04:00,7.0808078302064645,7.131859271444881,7.0808078302064645,7.121648788452148,88400,0.0,0.0
2018-03-22 00:00:00-04:00,7.075702698154266,7.126754140182327,7.075702698154266,7.085913181304932,91700,0.0,0.0
2018-03-23 00:00:00-04:00,7.1012279829609515,7.203330373882594,7.096122741699219,7.096122741699219,134000,0.0,0.0
2018-03-26 00:00:00-04:00,7.101227644301669,7.167594316951343,6.999125258249315,7.004230499267578,62500,0.0,0.0
2018-03-27 00:00:00-04:00,7.004231390023186,7.039967107970517,6.891918507651037,6.917444229125977,235300,0.0,0.0
2018-03-28 00:00:00-04:00,6.902127788295893,7.009334923457127,6.891917306740028,6.978704452514648,126500,0.0,0.0
2018-03-29 00:00:00-04:00,6.983809772642182,7.136963102819811,6.983809772642182,7.1318583488464355,206400,0.0,0.0
2018-04-02 00:00:00-04:00,7.136962430164108,7.1420676705188795,7.014439582824707,7.014439582824707,127400,0.0,0.0
2018-04-03 00:00:00-04:00,7.024652064752459,7.157385430615151,7.024652064752459,7.111439228057861,82400,0.0,0.0
2018-04-04 00:00:00-04:00,7.034861777598174,7.080807978301186,7.004231301704589,7.029757022857666,198100,0.0,0.0
2018-04-05 00:00:00-04:00,7.039967996810303,7.142070408738484,7.034862754498218,7.106334686279297,120200,0.0,0.0
2018-04-06 00:00:00-04:00,7.050177591305549,7.167595228482573,6.917444229125977,6.917444229125977,97800,0.0,0.0
2018-04-09 00:00:00-04:00,6.999127053979762,7.23396284558209,6.999127053979762,7.182911396026611,139300,0.0,0.0
2018-04-10 00:00:00-04:00,7.193121858133927,7.193121858133927,7.0603884791959395,7.106334686279297,198100,0.0,0.0
2018-04-11 00:00:00-04:00,7.070597171783446,7.15738432164195,7.070597171783446,7.070597171783447,143700,0.0,0.0
2018-04-12 00:00:00-04:00,7.080809779195501,7.12165074868264,7.065494537353515,7.065494537353516,97900,0.0,0.0
2018-04-13 00:00:00-04:00,7.080806661236756,7.177804286203895,7.080806661236756,7.126752853393555,113700,0.0,0.0
2018-04-16 00:00:00-04:00,7.126755642912574,7.315645239264983,7.126755642912574,7.249278545379639,83800,0.0,0.0
2018-04-17 00:00:00-04:00,7.279906646115362,7.366693789550735,7.279906646115362,7.315642356872559,114800,0.0,0.0
2018-04-18 00:00:00-04:00,7.315642356872559,7.412639981588584,7.315642356872559,7.315642356872559,56400,0.0,0.0
2018-04-19 00:00:00-04:00,7.310538994349674,7.33606471724646,7.228857070570095,7.239067554473877,76600,0.0,0.0
2018-04-20 00:00:00-04:00,7.223749843544907,7.244170318878292,7.142067942211366,7.152278423309326,101100,0.0,0.0
2018-04-23 00:00:00-04:00,7.147172927856445,7.203329111304811,7.136962447122642,7.147172927856445,108800,0.0,0.0
2018-04-24 00:00:00-04:00,7.213541108906646,7.213541108906646,7.147174430768849,7.167594909667969,132900,0.0,0.0
2018-04-25 00:00:00-04:00,7.131860171867965,7.188016374830046,7.116544445445198,7.177806377410889,69600,0.0,0.0
2018-04-26 00:00:00-04:00,7.157384404721886,7.228855832355501,7.157384404721886,7.223750591278076,75400,0.0,0.0
2018-04-27 00:00:00-04:00,7.223752886111886,7.295224823313214,7.198227646341101,7.2696990966796875,69600,0.0,0.0
2018-04-30 00:00:00-04:00,7.254383855444667,7.315645307247487,7.254383855444667,7.2696990966796875,90100,0.0,0.0
2018-05-01 00:00:00-04:00,7.233960957148231,7.279907152381313,7.233960957148231,7.259486675262451,44200,0.0,0.0
2018-05-02 00:00:00-04:00,7.249278457014686,7.315645150091054,7.239068458698253,7.295224666595459,119500,0.0,0.0
2018-05-03 00:00:00-04:00,7.254382498981026,7.305433942702204,7.233962018865084,7.290118217468262,101500,0.0,0.0
2018-05-04 00:00:00-04:00,7.279908726838737,7.320749689909311,7.264593000540259,7.300329208374023,98800,0.0,0.0
2018-05-07 00:00:00-04:00,7.305433207205932,7.402430356275516,7.305433207205932,7.351378917694092,70300,0.0,0.0
2018-05-08 00:00:00-04:00,7.351380776643609,7.371801259867402,7.2441731180030144,7.264593601226807,133200,0.0,0.0
2018-05-09 00:00:00-04:00,7.269696197371322,7.376903816985279,7.269696197371322,7.325852870941162,79800,0.0,0.0
2018-05-10 00:00:00-04:00,7.325854805319727,7.40243148803711,7.325854805319727,7.402431488037109,51000,0.0,0.0
2018-05-11 00:00:00-04:00,7.387112935777038,7.402428168079163,7.341166752008209,7.346271991729736,78800,0.0,0.0
2018-05-14 00:00:00-04:00,7.397324562072754,7.438165515139868,7.300327420253996,7.397324562072754,64500,0.0,0.0
2018-05-15 00:00:00-04:00,7.39732617576253,7.402431417725244,7.33606473279798,7.3820109367370605,84400,0.0,0.0
2018-05-16 00:00:00-04:00,7.422850834335565,7.422850834335565,7.30032796597527,7.351378917694092,80400,0.0,0.0
2018-05-17 00:00:00-04:00,7.392221596102198,7.4075373233625434,7.3360653900690735,7.366696357727051,113700,0.0,0.0
2018-05-18 00:00:00-04:00,7.3820109367370605,7.39732617576253,7.356485213786163,7.3820109367370605,129400,0.0,0.0
2018-05-21 00:00:00-04:00,7.402432420311319,7.468799114227294,7.376906693903216,7.468799114227295,80800,0.0,0.0
2018-05-22 00:00:00-04:00,7.45858742327117,7.509638867835136,7.4534826683049,7.463692665100098,87900,0.0,0.0
2018-05-23 00:00:00-04:00,7.443271787968746,7.453482271082449,7.407536070796047,7.417746067047119,135500,0.0,0.0
2018-05-24 00:00:00-04:00,7.438167278652771,7.463693002087245,7.397326315902684,7.422852039337158,83100,0.0,0.0
2018-05-25 00:00:00-04:00,7.39732592157066,7.412641646932512,7.336064480711216,7.37690544128418,205800,0.0,0.0
2018-05-29 00:00:00-04:00,7.351378917694093,7.376904636984804,7.30032796597527,7.351378917694092,74200,0.0,0.0
2018-05-30 00:00:00-04:00,7.37690572222766,7.458587646484374,7.37690572222766,7.458587646484375,108000,0.0,0.0
2018-05-31 00:00:00-04:00,7.422852904065255,7.48921959798123,7.422852904065255,7.468799114227295,89600,0.0,0.0
2018-06-01 00:00:00-04:00,7.479008127548553,7.489218611511979,7.42285192633773,7.458587646484375,71300,0.0,0.0
2018-06-04 00:00:00-04:00,7.4585886289189585,7.48921959798123,7.438168145165022,7.468799114227295,66200,0.0,0.0
2018-06-05 00:00:00-04:00,7.4790082676377985,7.4994287490844735,7.448377788899127,7.499428749084473,92000,0.0,0.0
2018-06-06 00:00:00-04:00,7.468797060556531,7.468797060556531,7.40753562613958,7.4279561042785645,99300,0.0,0.0
2018-06-07 00:00:00-04:00,7.417746059975084,7.484112739562987,7.3973255806297775,7.484112739562988,162300,0.0,0.0
2018-06-08 00:00:00-04:00,7.45348355234326,7.479008790790068,7.402432101724214,7.443273067474365,55800,0.0,0.0
2018-06-11 00:00:00-04:00,7.438166610638798,7.524953770404138,7.371799930414559,7.504533290863037,105100,0.0,0.0
2018-06-12 00:00:00-04:00,7.519849330163166,7.550480296170354,7.4892188510186655,7.530059814453125,92900,0.0,0.0
2018-06-13 00:00:00-04:00,7.499429273665144,7.51984975654022,7.433063069468186,7.443273067474365,132000,0.0,0.0
2018-06-14 00:00:00-04:00,7.438040085979592,7.490346678001386,7.438040085979592,7.453732013702393,65500,0.35,0.0
2018-06-15 00:00:00-04:00,7.401425438840508,7.417117866494707,7.3595799627708205,7.380502700805664,83700,0.0,0.0
2018-06-18 00:00:00-04:00,7.34912023349353,7.396196527687272,7.317735871085196,7.354351043701172,190000,0.0,0.0
2018-06-19 00:00:00-04:00,7.343889423285888,7.364812165278939,7.317735871085196,7.354351043701172,95900,0.0,0.0
2018-06-20 00:00:00-04:00,7.3543504585299075,7.4537333503798155,7.3543504585299075,7.448502540588379,143600,0.0,0.0
2018-06-21 00:00:00-04:00,7.4328100017623955,7.438040811125751,7.39619533389378,7.417118072509766,94100,0.0,0.0
2018-06-22 00:00:00-04:00,7.432810877032396,7.500809910251112,7.427580067053073,7.438041687011719,61700,0.0,0.0
2018-06-25 00:00:00-04:00,7.427577642419378,7.4485003766692275,7.380501365647882,7.385732173919678,92000,0.0,0.0
2018-06-26 00:00:00-04:00,7.375273751278118,7.443272288310084,7.375273751278118,7.4275803565979,87300,0.0,0.0
2018-06-27 00:00:00-04:00,7.469425840388732,7.5269637547292625,7.4275803565979,7.4275803565979,86600,0.0,0.0
2018-06-28 00:00:00-04:00,7.411889210327206,7.500810997515188,7.406658399589662,7.46942663192749,136200,0.0,0.0
2018-06-29 00:00:00-04:00,7.495577260241663,7.542653540824197,7.464193405744889,7.516499996185303,154200,0.0,0.0
2018-07-02 00:00:00-04:00,7.453733364673113,7.526963205381218,7.443271745070178,7.474656105041504,105900,0.0,0.0
2018-07-03 00:00:00-04:00,7.458964824676514,7.537424983188021,7.458964824676514,7.458964824676514,82000,0.0,0.0
2018-07-05 00:00:00-04:00,7.464195048362703,7.574039062111751,7.464195048362703,7.553116321563721,123500,0.0,0.0
2018-07-06 00:00:00-04:00,7.542654600867495,7.689113773056322,7.542654600867495,7.647268295288086,101800,0.0,0.0
2018-07-09 00:00:00-04:00,7.710035665152972,7.78326549262333,7.662959383124699,7.678651809692383,160800,0.0,0.0
2018-07-10 00:00:00-04:00,7.67865194492055,7.746650964732539,7.67865194492055,7.710035800933838,128600,0.0,0.0
2018-07-11 00:00:00-04:00,7.694344025700523,7.725728381174354,7.662959670226692,7.6681904792785645,84800,0.0,0.0
2018-07-12 00:00:00-04:00,7.683882119710889,7.725728091720656,7.662959383124699,7.678651809692383,98300,0.0,0.0
2018-07-13 00:00:00-04:00,7.66819089505194,7.741420729236501,7.626345418042886,7.715267181396484,112100,0.0,0.0
2018-07-16 00:00:00-04:00,7.710036372060994,7.762343467741029,7.710036372060994,7.715267181396484,42500,0.0,0.0
2018-07-17 00:00:00-04:00,7.720498626801391,7.736190557263241,7.673422336578368,7.673422336578369,60800,0.0,0.0
2018-07-18 00:00:00-04:00,7.64726774190848,7.68911321664865,7.642036932856606,7.6681904792785645,68300,0.0,0.0
2018-07-19 00:00:00-04:00,7.6943450772340825,7.80418958814808,7.6943450772340825,7.798958778381348,88300,0.0,0.0
2018-07-20 00:00:00-04:00,7.767573701687197,7.809419175596513,7.710035800933839,7.710035800933838,82400,0.0,0.0
2018-07-23 00:00:00-04:00,7.689115452094286,7.75188368245306,7.689115452094286,7.736191749572754,87800,0.0,0.0
2018-07-24 00:00:00-04:00,7.751882699299418,7.76757512902704,7.668191736102053,7.6838836669921875,99800,0.0,0.0
2018-07-25 00:00:00-04:00,7.6734231835478965,7.809421259461585,7.6734231835478965,7.793728828430176,88800,0.0,0.0
2018-07-26 00:00:00-04:00,7.793727144351344,7.91403326207525,7.793727144351344,7.8564958572387695,163400,0.0,0.0
2018-07-27 00:00:00-04:00,7.825113191655462,7.8721894870746265,7.793728828430177,7.793728828430176,91700,0.0,0.0
2018-07-30 00:00:00-04:00,7.798956658471348,7.846032935900727,7.746650071534414,7.7884955406188965,97300,0.0,0.0
2018-07-31 00:00:00-04:00,7.772804389238297,7.835572603150241,7.767574078873701,7.8303422927856445,65800,0.0,0.0
2018-08-01 00:00:00-04:00,7.7989577658738805,7.846034049987793,7.772804219273105,7.846034049987793,85400,0.0,0.0
2018-08-02 00:00:00-04:00,7.79372870168154,7.9297267753835055,7.79372870168154,7.914034843444824,90300,0.0,0.0
2018-08-03 00:00:00-04:00,7.908802691300184,8.034339123184923,7.887879952652727,8.018647193908691,152700,0.0,0.0
2018-08-06 00:00:00-04:00,7.976799987010084,8.03433738110544,7.955877252899288,8.00295352935791,95100,0.0,0.0
2018-08-07 00:00:00-04:00,7.976803521423809,8.03957175156795,7.961111588597161,8.013418197631836,63300,0.0,0.0
2018-08-08 00:00:00-04:00,8.008184337594942,8.013414646994644,7.950646444662257,8.00295352935791,59500,0.0,0.0
2018-08-09 00:00:00-04:00,7.961108061136319,8.018645455231676,7.929723710551461,8.00295352935791,80400,0.0,0.0
2018-08-10 00:00:00-04:00,7.997726182627666,8.05526360162587,7.997726182627666,8.034340858459473,77100,0.0,0.0
2018-08-13 00:00:00-04:00,7.987264433268782,8.034340227568421,7.95064926147461,7.950649261474609,51500,0.0,0.0
2018-08-14 00:00:00-04:00,7.976800155460775,7.997722890013407,7.971569347113281,7.987261772155762,55000,0.0,0.0
2018-08-15 00:00:00-04:00,7.955881128140541,7.987265494012453,7.9192664503212855,7.982034683227539,86100,0.0,0.0
2018-08-16 00:00:00-04:00,7.961109390146962,8.013415984737238,7.961109390146962,7.9977240562438965,43300,0.0,0.0
2018-08-17 00:00:00-04:00,7.99249271474405,8.0447998046875,7.987262404819608,8.0447998046875,32500,0.0,0.0
2018-08-20 00:00:00-04:00,8.00295520372479,8.10233808683448,8.00295520372479,8.065723419189453,45700,0.0,0.0
2018-08-21 00:00:00-04:00,8.065723205200344,8.196490441991742,8.065723205200344,8.154644966125488,65100,0.0,0.0
2018-08-22 00:00:00-04:00,8.17556962750397,8.212184302791828,8.170338817080694,8.180800437927246,132500,0.0,0.0
2018-08-23 00:00:00-04:00,8.206953614291631,8.233107167959014,8.034340858459473,8.034340858459473,133900,0.0,0.0
2018-08-24 00:00:00-04:00,8.029108486847646,8.086645891084052,8.023877677688677,8.076184272766113,106500,0.0,0.0
2018-08-27 00:00:00-04:00,8.086647965794239,8.159877816295399,8.034340858459473,8.034340858459473,69700,0.0,0.0
2018-08-28 00:00:00-04:00,8.034338873940094,8.107568706353144,8.018646945150664,8.055261611938477,69800,0.0,0.0
2018-08-29 00:00:00-04:00,8.102338790893555,8.107569600679504,8.050032189546496,8.102338790893555,50300,0.0,0.0
2018-08-30 00:00:00-04:00,8.107566810133441,8.118028426104551,8.018645069728219,8.081413269042969,67200,0.0,0.0
2018-08-31 00:00:00-04:00,8.070956043928566,8.086647976614975,8.02911055753978,8.060494422912598,82000,0.0,0.0
2018-09-04 00:00:00-04:00,8.055261442018905,8.055261442018905,7.940186634873928,7.9715704917907715,109700,0.0,0.0
2018-09-05 00:00:00-04:00,7.992495001975754,8.044802106888055,7.914034843444824,7.914034843444824,71000,0.0,0.0
2018-09-06 00:00:00-04:00,7.91926564165885,7.940188383824444,7.88265046874092,7.887881278991699,85700,0.0,0.0
2018-09-07 00:00:00-04:00,7.908804572032016,7.908804572032016,7.819882786925162,7.840805530548096,130000,0.0,0.0
2018-09-10 00:00:00-04:00,7.840804590225361,7.866958141326904,7.840804590225361,7.866958141326904,98800,0.0,0.0
2018-09-11 00:00:00-04:00,7.809419419351882,7.9454169643833525,7.809419419351882,7.898341178894043,119600,0.0,0.0
2018-09-12 00:00:00-04:00,7.887879009248242,7.9506472176834215,7.887879009248242,7.9192633628845215,77300,0.0,0.0
2018-09-13 00:00:00-04:00,7.898342169024209,7.955879579948931,7.898342169024209,7.924495220184326,120000,0.0,0.0
2018-09-14 00:00:00-04:00,7.919143370145579,7.940560911290373,7.82276417967678,7.833473205566406,91000,0.35,0.0
2018-09-17 00:00:00-04:00,7.806699061846257,7.854888644181681,7.7959905494574535,7.817408084869385,80200,0.0,0.0
2018-09-18 00:00:00-04:00,7.80134329407954,7.978038060433278,7.80134329407954,7.860241889953613,111300,0.0,0.0
2018-09-19 00:00:00-04:00,7.833469252612413,7.8709498030436125,7.710318070199008,7.737090110778809,118800,0.0,0.0
2018-09-20 00:00:00-04:00,7.742444111348483,7.84417724609375,7.710317562640722,7.84417724609375,75200,0.0,0.0
2018-09-21 00:00:00-04:00,7.838824534876771,7.876305088999315,7.715673340334587,7.721027851104736,97800,0.0,0.0
2018-09-24 00:00:00-04:00,7.731735816636805,7.763862368357339,7.6674832238299535,7.672837734222412,114500,0.0,0.0
2018-09-25 00:00:00-04:00,7.6621291559570395,7.68354668670226,7.571104522631303,7.624648094177246,96600,0.0,0.0
2018-09-26 00:00:00-04:00,7.640713799130275,7.6889028740420065,7.592524213584186,7.635359287261963,86200,0.0,0.0
2018-09-27 00:00:00-04:00,7.619295751657029,7.656776824100852,7.597878214818141,7.635359287261963,93100,0.0,0.0
2018-09-28 00:00:00-04:00,7.651420806401705,7.774572001964424,7.635357784592396,7.769217491149902,146500,0.0,0.0
2018-10-01 00:00:00-04:00,7.753153353667176,7.9191396015243525,7.742444843508058,7.854887008666992,95000,0.0,0.0
2018-10-02 00:00:00-04:00,7.822761573585876,7.897723197937013,7.817407573059166,7.897723197937012,72800,0.0,0.0
2018-10-03 00:00:00-04:00,7.940559406542864,7.940559406542864,7.747801572767614,7.785282135009766,88300,0.0,0.0
2018-10-04 00:00:00-04:00,7.72102700544143,7.7799250855593725,7.613939354938717,7.662128925323486,69600,0.0,0.0
2018-10-05 00:00:00-04:00,7.630003210549199,7.721027851104736,7.624648699779049,7.721027851104736,91400,0.0,0.0
2018-10-08 00:00:00-04:00,7.662130628631791,7.699611186981201,7.630004071022076,7.699611186981201,74900,0.0,0.0
2018-10-09 00:00:00-04:00,7.656776117257787,7.7103196990948994,7.630004071022076,7.699611186981201,124800,0.0,0.0
2018-10-10 00:00:00-04:00,7.662129555493255,7.731736151069147,7.522915343072995,7.549687385559082,109900,0.0,0.0
2018-10-11 00:00:00-04:00,7.496143281792796,7.544332856020085,7.340866048523886,7.394410133361816,132600,0.0,0.0
2018-10-12 00:00:00-04:00,7.44795379392755,7.458662815273007,7.362283665700874,7.415827751159668,72600,0.0,0.0
2018-10-15 00:00:00-04:00,7.367638090942851,7.442599196954867,7.346220559134527,7.394410133361816,74200,0.0,0.0
2018-10-16 00:00:00-04:00,7.426538203513452,7.528271890356232,7.426538203513452,7.5175628662109375,72900,0.0,0.0
2018-10-17 00:00:00-04:00,7.47472498081265,7.496142510417045,7.421180901484568,7.464015960693359,76200,0.0,0.0
2018-10-18 00:00:00-04:00,7.442598431088964,7.522914550081086,7.421180901484568,7.464015960693359,71900,0.0,0.0
2018-10-19 00:00:00-04:00,7.469369397897156,7.576457030537703,7.469369397897156,7.49614143371582,72500,0.0,0.0
2018-10-22 00:00:00-04:00,7.490786924425265,7.544330996062594,7.474723907187711,7.49614143371582,42800,0.0,0.0
2018-10-23 00:00:00-04:00,7.469369975405036,7.469369975405036,7.3194472781167255,7.437243938446045,65800,0.0,0.0
2018-10-24 00:00:00-04:00,7.421182861674404,7.431891884622315,7.340867232102344,7.356930255889893,55700,0.0,0.0
2018-10-25 00:00:00-04:00,7.340868606282079,7.362286145552856,7.271261475993449,7.281970500946045,185000,0.0,0.0
2018-10-26 00:00:00-04:00,7.265905810958285,7.28196934583909,6.992832356230927,7.06243896484375,166300,0.0,0.0
2018-10-29 00:00:00-04:00,7.073147749393151,7.1481093777374385,7.0249581676457025,7.09991979598999,64600,0.0,0.0
2018-10-30 00:00:00-04:00,7.121336022133219,7.132044532422982,7.008893855602486,7.067791938781738,271300,0.0,0.0
2018-10-31 00:00:00-04:00,7.094564830685991,7.121336875570154,7.035666740448261,7.073147296905518,93300,0.0,0.0
2018-11-01 00:00:00-04:00,7.051729174857163,7.142753813489307,7.051729174857163,7.132044792175293,76400,0.0,0.0
2018-11-02 00:00:00-04:00,7.121336022133219,7.169525595022708,7.067791938781737,7.067791938781738,133700,0.0,0.0
2018-11-05 00:00:00-05:00,7.067791583026291,7.2016512740329786,7.067791583026291,7.190942764282227,123800,0.0,0.0
2018-11-06 00:00:00-05:00,7.190943602979418,7.281968244331127,7.190943602979418,7.249841690063477,94100,0.0,0.0
2018-11-07 00:00:00-05:00,7.265905821037108,7.458664154799488,7.265905821037108,7.447955131530762,129800,0.0,0.0
2018-11-08 00:00:00-05:00,7.464016742467267,7.469371253087738,7.405118657544796,7.421181678771973,109100,0.0,0.0
2018-11-09 00:00:00-05:00,7.44259921061962,7.44259921061962,7.3676381044699735,7.421181678771973,67600,0.0,0.0
2018-11-12 00:00:00-05:00,7.431890420126671,7.431890420126671,7.378346337206914,7.383700847625732,70100,0.0,0.0
2018-11-13 00:00:00-05:00,7.4158272242190035,7.431890244461567,7.330156591445515,7.340865612030029,94400,0.0,0.0
2018-11-14 00:00:00-05:00,7.324804520535734,7.372994104586786,7.298032472659111,7.314095497131348,96700,0.0,0.0
2018-11-15 00:00:00-05:00,7.255195140057923,7.335510748032269,7.23913212058989,7.308738708496094,113100,0.0,0.0
2018-11-16 00:00:00-05:00,7.356929387280624,7.389055941696959,7.3355118545478195,7.378346920013428,60500,0.0,0.0
2018-11-19 00:00:00-05:00,7.389055483864697,7.431890546676207,7.3301568895232,7.351574420928955,93700,0.0,0.0
2018-11-20 00:00:00-05:00,7.314095566872496,7.340867615004394,7.1962988614727506,7.207007884979248,100500,0.0,0.0
2018-11-21 00:00:00-05:00,7.196297802857681,7.27125942447286,7.196297802857681,7.2123613357543945,56500,0.0,0.0
2018-11-23 00:00:00-05:00,7.196298805647376,7.207007829070798,7.132046197009867,7.158818244934082,61700,0.0,0.0
2018-11-26 00:00:00-05:00,7.180235656975888,7.24448826450225,7.180235656975888,7.217716217041016,79900,0.0,0.0
2018-11-27 00:00:00-05:00,7.228424157429796,7.260550711697445,7.212361135613099,7.249841690063477,90100,0.0,0.0
2018-11-28 00:00:00-05:00,7.287320879968455,7.303384409411524,7.271257861159547,7.298029899597168,144200,0.0,0.0
2018-11-29 00:00:00-05:00,7.298030005039425,7.3515735720541056,7.244485927390575,7.292675495147705,174600,0.0,0.0
2018-11-30 00:00:00-05:00,7.292675654777254,7.378345772383313,7.292675654777254,7.362282752990723,127700,0.0,0.0
2018-12-03 00:00:00-05:00,7.437246888126286,7.485435962677002,7.389057302941218,7.485435962677002,72900,0.0,0.0
2018-12-04 00:00:00-05:00,7.5122097726146215,7.581816910799311,7.4372486319807045,7.442602634429932,178500,0.0,0.0
2018-12-06 00:00:00-05:00,7.437244431663504,7.464015960693359,7.281967214373089,7.464015960693359,186400,0.0,0.0
2018-12-07 00:00:00-05:00,7.469371417709751,7.490788950029432,7.249841583774456,7.2551960945129395,144600,0.0,0.0
2018-12-10 00:00:00-05:00,7.3033851021645715,7.367637694128962,7.164170897591289,7.23377799987793,135900,0.0,0.0
2018-12-11 00:00:00-05:00,7.249840844496858,7.30873892471149,7.174879233704802,7.190942764282227,298900,0.0,0.0
2018-12-12 00:00:00-05:00,7.212362745703178,7.330158946168155,7.212362745703178,7.26590633392334,179900,0.0,0.0
2018-12-13 00:00:00-05:00,7.292676619945576,7.367638238088959,7.271259087709502,7.335511684417725,107400,0.0,0.0
2018-12-14 00:00:00-05:00,7.313533610826061,7.3519968042674355,7.280564785003662,7.280564785003662,125900,0.35,0.0
2018-12-17 00:00:00-05:00,7.302542056582353,7.330015984101279,7.03879361005246,7.066267013549805,309300,0.0,0.0
2018-12-18 00:00:00-05:00,7.071762991052827,7.077257882205699,6.791529830516294,6.824498653411865,233600,0.0,0.0
2018-12-19 00:00:00-05:00,6.824498868552188,6.923404816335219,6.819003977226091,6.884941101074219,299000,0.0,0.0
2018-12-20 00:00:00-05:00,6.829993228285191,6.868456416530839,6.533275932051924,6.637676239013672,299800,0.0,0.0
2018-12-21 00:00:00-05:00,6.648666664437216,6.714603789536384,6.351949339480115,6.505802631378174,374600,0.0,0.0
2018-12-24 00:00:00-05:00,6.4948126502559775,6.516791691284765,6.346454254317079,6.362938404083252,170200,0.0,0.0
2018-12-26 00:00:00-05:00,6.4014004935341555,6.549759387969971,6.225568195555337,6.549759387969971,252400,0.0,0.0
2018-12-27 00:00:00-05:00,6.450854120923126,6.511296872577699,6.318979883894009,6.445359230041504,332800,0.0,0.0
2018-12-28 00:00:00-05:00,6.456349650040036,6.549760708175117,6.39590741643215,6.533276557922363,286400,0.0,0.0
2018-12-31 00:00:00-05:00,6.538770633807996,6.610202647080862,6.417886171981606,6.511297225952148,599600,0.0,0.0
2019-01-02 00:00:00-05:00,6.428877203968076,6.692626289127005,6.390414003141032,6.604710102081299,189500,0.0,0.0
2019-01-03 00:00:00-05:00,6.560748936573468,6.654159980037433,6.560748936573468,6.599212646484375,101800,0.0,0.0
2019-01-04 00:00:00-05:00,6.659655234601503,6.857466589443342,6.654160343739377,6.8135085105896,147200,0.0,0.0
2019-01-07 00:00:00-05:00,6.884940071731941,7.033298971225889,6.857466143230662,7.005825042724609,119800,0.0,0.0
2019-01-08 00:00:00-05:00,7.082753662246757,7.225617181999222,7.044289943371104,7.220122814178467,160300,0.0,0.0
2019-01-09 00:00:00-05:00,7.225617281874425,7.341007392052895,7.2036382382224176,7.264081001281738,142100,0.0,0.0
2019-01-10 00:00:00-05:00,7.253091504458459,7.3465025746813115,7.20913341541497,7.286060333251953,114000,0.0,0.0
2019-01-11 00:00:00-05:00,7.302543728228031,7.417933831004525,7.225616818369801,7.401449680328369,276700,0.0,0.0
2019-01-14 00:00:00-05:00,7.3080384277843,7.335512360870517,7.23111151994723,7.258585453033447,128700,0.0,0.0
2019-01-15 00:00:00-05:00,7.275069878213791,7.379470723082565,7.275069878213791,7.335512638092041,85400,0.0,0.0
2019-01-16 00:00:00-05:00,7.324522523442455,7.417933580826448,7.324522523442455,7.4069437980651855,95100,0.0,0.0
2019-01-17 00:00:00-05:00,7.34100750178186,7.445408353705716,7.335513133803033,7.417934417724609,88900,0.0,0.0
2019-01-18 00:00:00-05:00,7.434417316751599,7.467386139176904,7.401449018347949,7.423428058624268,114300,0.0,0.0
2019-01-22 00:00:00-05:00,7.406944454445905,7.434418389762032,7.384965410997349,7.412439346313477,120200,0.0,0.0
2019-01-23 00:00:00-05:00,7.42342913004862,7.439913281629605,7.35199710783538,7.412439346313477,66700,0.0,0.0
2019-01-24 00:00:00-05:00,7.390459744559962,7.494860586070043,7.357491443888551,7.4783759117126465,72400,0.0,0.0
2019-01-25 00:00:00-05:00,7.500353402781324,7.538817110974411,7.4509009619986415,7.516838073730469,84500,0.0,0.0
2019-01-28 00:00:00-05:00,7.428922326281793,7.555301666259765,7.428922326281793,7.555301666259766,120300,0.0,0.0
2019-01-29 00:00:00-05:00,7.511344895114073,7.604755955692919,7.511344895114073,7.566292762756348,90900,0.0,0.0
2019-01-30 00:00:00-05:00,7.582776575505171,7.692671781870412,7.571786792857807,7.665197849273682,104200,0.0,0.0
2019-01-31 00:00:00-05:00,7.692671989354534,7.753114223480225,7.659703164544898,7.753114223480225,122000,0.0,0.0
2019-02-01 00:00:00-05:00,7.74762061082486,7.802567958831787,7.703662522810622,7.802567958831787,69200,0.0,0.0
2019-02-04 00:00:00-05:00,7.780588914824667,7.813557742846219,7.775094022817452,7.802567958831787,67700,0.0,0.0
2019-02-05 00:00:00-05:00,7.830041235830224,7.830041235830224,7.769599000903207,7.797072410583496,81800,0.0,0.0
2019-02-06 00:00:00-05:00,7.802567191871082,7.8135569748052625,7.769598891111925,7.780588150024414,88000,0.0,0.0
2019-02-07 00:00:00-05:00,7.758606014039158,7.758606014039158,7.659700103162063,7.692668914794922,183000,0.0,0.0
2019-02-08 00:00:00-05:00,7.67069311529301,7.67069311529301,7.604755988252989,7.621240139007568,95800,0.0,0.0
2019-02-11 00:00:00-05:00,7.588271914963619,7.626735108457526,7.555303089096192,7.58277702331543,181100,0.0,0.0
2019-02-12 00:00:00-05:00,7.643218808000634,7.687176890546731,7.643218808000634,7.665197849273682,99900,0.0,0.0
2019-02-13 00:00:00-05:00,7.670693380830676,7.731135618370941,7.6542092295054625,7.725641250610352,82900,0.0,0.0
2019-02-14 00:00:00-05:00,7.681682206410758,7.7695988978958885,7.637724122679039,7.753114223480225,89600,0.0,0.0
2019-02-15 00:00:00-05:00,7.764104762824764,7.808062850839002,7.758609870817549,7.802567958831787,72900,0.0,0.0
2019-02-19 00:00:00-05:00,7.791577665581127,7.884988721229378,7.791577665581127,7.868504047393799,105600,0.0,0.0
2019-02-20 00:00:00-05:00,7.884988123659205,7.917956420788486,7.868503451072931,7.9069671630859375,76700,0.0,0.0
2019-02-21 00:00:00-05:00,7.923451982105415,7.928946873432465,7.8465250755917495,7.85751485824585,68900,0.0,0.0
2019-02-22 00:00:00-05:00,7.884987286890166,7.9234504707997555,7.879492396611202,7.895976543426514,104700,0.0,0.0
2019-02-25 00:00:00-05:00,7.906966985541241,7.906966985541241,7.863008907674821,7.873998165130615,96200,0.0,0.0
2019-02-26 00:00:00-05:00,7.863009680136947,7.8904830884862305,7.846525006301368,7.868504047393799,98400,0.0,0.0
2019-02-27 00:00:00-05:00,7.857514893048234,7.91246223449707,7.84103074301575,7.91246223449707,82900,0.0,0.0
2019-02-28 00:00:00-05:00,7.884988790859421,7.884988790859421,7.830040925632278,7.85751485824585,67400,0.0,0.0
2019-03-01 00:00:00-05:00,7.873998049799274,7.884987831115723,7.84652412052977,7.884987831115723,59300,0.0,0.0
2019-03-04 00:00:00-05:00,7.8794965744018555,7.912464885512621,7.8245486905214365,7.8794965744018555,79100,0.0,0.0
2019-03-05 00:00:00-05:00,7.884988123659205,7.912461529926394,7.857514193370381,7.9069671630859375,115300,0.0,0.0
2019-03-06 00:00:00-05:00,7.890483158164793,7.890483158164793,7.835535816959328,7.85751485824585,87900,0.0,0.0
2019-03-07 00:00:00-05:00,7.8575175256540595,7.9069705163420645,7.8575175256540595,7.8794965744018555,94100,0.0,0.0
2019-03-08 00:00:00-05:00,7.857514193370381,7.912461529926394,7.841030044805741,7.9069671630859375,72700,0.0,0.0
2019-03-11 00:00:00-04:00,7.912463844016374,8.038843750697549,7.912463844016374,8.027853965759277,169400,0.0,0.0
2019-03-12 00:00:00-04:00,8.022358551427176,8.049831962147536,7.934441855448181,7.9564208984375,210900,0.0,0.0
2019-03-13 00:00:00-04:00,8.01136760895156,8.071809837422839,8.00037835105753,8.060820579528809,184100,0.0,0.0
2019-03-14 00:00:00-04:00,8.060819726989921,8.111481390458726,8.060819726989921,8.100223541259766,152200,0.35,0.0
2019-03-15 00:00:00-04:00,8.111481436289788,8.179030142353389,8.077707351672684,8.16777229309082,158200,0.0,0.0
2019-03-18 00:00:00-04:00,8.17340151650205,8.212804794311523,8.128368508796282,8.212804794311523,73600,0.0,0.0
2019-03-19 00:00:00-04:00,8.212808264964783,8.280356999824779,8.201549874073304,8.207179069519043,193400,0.0,0.0
2019-03-20 00:00:00-04:00,8.319757782381165,8.331016169873505,8.229692829760284,8.280354499816895,255400,0.0,0.0
2019-03-21 00:00:00-04:00,8.28035616648151,8.370421137230611,8.263469118673447,8.359163284301758,167400,0.0,0.0
2019-03-22 00:00:00-04:00,8.364790630848079,8.381678212837935,8.319758152534106,8.331016540527344,236100,0.0,0.0
2019-03-25 00:00:00-04:00,8.325384834398053,8.33664321899414,8.263465329607532,8.33664321899414,181000,0.0,0.0
2019-03-26 00:00:00-04:00,8.31413079892721,8.387308185038673,8.31413079892721,8.359163284301758,143600,0.0,0.0
2019-03-27 00:00:00-04:00,8.387308185038673,8.387308185038673,8.308501604047997,8.359163284301758,136200,0.0,0.0
2019-03-28 00:00:00-04:00,8.370419824844697,8.370419824844697,8.263467823056382,8.331016540527344,150500,0.0,0.0
2019-03-29 00:00:00-04:00,8.39293446836508,8.443596131044046,8.35916038446536,8.409821510314941,215300,0.0,0.0
2019-04-01 00:00:00-04:00,8.409823407007654,8.45485642374602,8.387307167053223,8.387307167053223,155900,0.0,0.0
2019-04-02 00:00:00-04:00,8.387305080702617,8.51677383085724,8.387305080702617,8.511144638061523,184500,0.0,0.0
2019-04-03 00:00:00-04:00,8.522403023652956,8.522403023652956,8.443595935001039,8.511144638061523,120400,0.0,0.0
2019-04-04 00:00:00-04:00,8.499886723663487,8.528031613765991,8.37041797450862,8.421079635620117,166500,0.0,0.0
2019-04-05 00:00:00-04:00,8.404193820390677,8.449226295320305,8.404193820390677,8.43233871459961,83200,0.0,0.0
2019-04-08 00:00:00-04:00,8.44359564336761,8.544918962873414,8.44359564336761,8.477370262145996,133700,0.0,0.0
2019-04-09 00:00:00-04:00,8.516776745120003,8.651874197468493,8.494260503061922,8.646245002746582,246000,0.0,0.0
2019-04-10 00:00:00-04:00,8.618099413770206,8.646244311470427,8.437968954877617,8.4717435836792,242800,0.0,0.0
2019-04-11 00:00:00-04:00,8.499886986649427,8.561806498351839,8.39293446836508,8.409821510314941,328700,0.0,0.0
2019-04-12 00:00:00-04:00,8.449226690136161,8.528033256530762,8.449226690136161,8.528033256530762,136500,0.0,0.0
2019-04-15 00:00:00-04:00,8.539291419890528,8.618098521044464,8.528033032513054,8.606840133666992,104700,0.0,0.0
2019-04-16 00:00:00-04:00,8.63498590014371,8.657502138942371,8.584324228639352,8.589953422546387,160600,0.0,0.0
2019-04-17 00:00:00-04:00,8.584322533917723,8.612467961066935,8.477370554945967,8.511144638061523,131500,0.0,0.0
2019-04-18 00:00:00-04:00,8.50551788112655,8.539292510744056,8.274726278700417,8.325387954711914,301200,0.0,0.0
2019-04-22 00:00:00-04:00,8.353530916738617,8.40982123366287,8.325385489861807,8.398563385009766,116300,0.0,0.0
2019-04-23 00:00:00-04:00,8.41545167070836,8.477371726358683,8.387306239669982,8.43233871459961,80200,0.0,0.0
2019-04-24 00:00:00-04:00,8.460486139714245,8.483002382485976,8.443599091842838,8.449228286743164,71600,0.0,0.0
2019-04-25 00:00:00-04:00,8.4435983531289,8.511147075534389,8.314130102725763,8.325387954711914,267600,0.0,0.0
2019-04-26 00:00:00-04:00,8.336647057333273,8.404195785522461,8.331017862443447,8.404195785522461,76800,0.0,0.0
2019-04-29 00:00:00-04:00,8.421079982125988,8.460483259354334,8.398563747019878,8.426709175109863,59100,0.0,0.0
2019-04-30 00:00:00-04:00,8.437968565391726,8.460484804610289,8.342274414505457,8.376049041748047,84400,0.0,0.0
2019-05-01 00:00:00-04:00,8.43233871459961,8.471742532785118,8.392935433243547,8.43233871459961,115100,0.0,0.0
2019-05-02 00:00:00-04:00,8.432338647982505,8.47737165938581,8.308499611319107,8.319757461547852,96900,0.0,0.0
2019-05-03 00:00:00-04:00,8.359163284301758,8.398566574797096,8.302872409168785,8.359163284301758,81400,0.0,0.0
2019-05-06 00:00:00-04:00,8.302869497624766,8.409821478677378,8.302869497624766,8.364789009094238,72500,0.0,0.0
2019-05-07 00:00:00-04:00,8.376049620828441,8.387307472801293,8.257839222551102,8.302871704101562,90500,0.0,0.0
2019-05-08 00:00:00-04:00,8.302870142899954,8.376048045867078,8.297240949557231,8.308499336242676,79500,0.0,0.0
2019-05-09 00:00:00-04:00,8.285983085632324,8.342273408475702,8.252208462462757,8.285983085632324,83000,0.0,0.0
2019-05-10 00:00:00-04:00,8.297241581364576,8.353532445419317,8.274725343108573,8.34790325164795,86400,0.0,0.0
2019-05-13 00:00:00-04:00,8.26909487702272,8.466112334070994,8.26909487702272,8.364789009094238,171200,0.0,0.0
2019-05-14 00:00:00-04:00,8.437969198060124,8.44922758692829,8.404195105114683,8.41545295715332,67300,0.0,0.0
2019-05-15 00:00:00-04:00,8.426708811886575,8.44922504602215,8.39293419226853,8.398563385009766,77900,0.0,0.0
2019-05-16 00:00:00-04:00,8.421081554269405,8.471743226923598,8.40982316619981,8.443597793579102,129600,0.0,0.0
2019-05-17 00:00:00-04:00,8.443599091842838,8.488631577386302,8.426712043971433,8.449228286743164,171300,0.0,0.0
2019-05-20 00:00:00-04:00,8.443596263467409,8.499887119955616,8.443596263467409,8.494257926940918,65200,0.0,0.0
2019-05-21 00:00:00-04:00,8.539290774388153,8.57869405357182,8.482999915414846,8.544919967651367,111400,0.0,0.0
2019-05-22 00:00:00-04:00,8.53929257985932,8.556179626389989,8.471743856907105,8.483001708984375,169500,0.0,0.0
2019-05-23 00:00:00-04:00,8.477372663700452,8.488630515262914,8.35353307553633,8.387307167053223,149000,0.0,0.0
2019-05-24 00:00:00-04:00,8.44359564336761,8.499886495721801,8.44359564336761,8.477370262145996,54800,0.0,0.0
2019-05-28 00:00:00-04:00,8.499889967186954,8.511147820158033,8.432340702042186,8.449228286743164,185800,0.0,0.0
2019-05-29 00:00:00-04:00,8.454856771587234,8.460485429185281,8.364791271234623,8.392936706542969,128600,0.0,0.0
2019-05-30 00:00:00-04:00,8.398565891208246,8.443598372917444,8.359162603920081,8.370420455932617,197800,0.0,0.0
2019-05-31 00:00:00-04:00,8.325386726057147,8.392935438493843,8.302870488578248,8.314128875732422,109300,0.0,0.0
2019-06-03 00:00:00-04:00,8.347904215078017,8.376049650353648,8.235323010805024,8.370420455932617,98100,0.0,0.0
2019-06-04 00:00:00-04:00,8.44922545648211,8.516774162170321,8.392934599993902,8.494257926940918,175100,0.0,0.0
2019-06-05 00:00:00-04:00,8.544919726423817,8.696904182434082,8.522403490836023,8.696904182434082,106200,0.0,0.0
2019-06-06 00:00:00-04:00,8.696904355035114,8.865776393709753,8.680017312216473,8.848889350891113,241500,0.0,0.0
2019-06-07 00:00:00-04:00,8.865778232822645,8.877036621590115,8.786971121938928,8.854519844055176,218300,0.0,0.0
2019-06-10 00:00:00-04:00,8.865779223173302,8.888295466393892,8.708165520629171,8.736310958862305,144800,0.0,0.0
2019-06-11 00:00:00-04:00,8.781342464384716,8.882665279144327,8.736309982973882,8.854519844055176,104800,0.0,0.0
2019-06-12 00:00:00-04:00,8.832001143796717,8.944582852801346,8.775710826123776,8.927695274353027,129900,0.0,0.0
2019-06-13 00:00:00-04:00,8.922067252211104,8.922067252211104,8.837630964459079,8.848889350891113,162100,0.0,0.0
2019-06-14 00:00:00-04:00,8.814346671505572,8.854647230628334,8.77980294293325,8.83737564086914,124600,0.35,0.0
2019-06-17 00:00:00-04:00,8.814345987322152,8.90070447846877,8.808588608164673,8.889189720153809,176000,0.0,0.0
2019-06-18 00:00:00-04:00,8.929488995812974,8.952517958671041,8.831615766402738,8.86040210723877,124700,0.0,0.0
2019-06-19 00:00:00-04:00,8.871918868361679,8.889190458214266,8.739502431068612,8.831618309020996,145600,0.0,0.0
2019-06-20 00:00:00-04:00,8.871916770935059,8.952518419615178,8.733742986672407,8.871916770935059,330600,0.0,0.0
2019-06-21 00:00:00-04:00,8.900706753248302,9.04463797464685,8.883435160415607,8.992822647094727,197000,0.0,0.0
2019-06-24 00:00:00-04:00,9.021605311746505,9.061905861559659,8.848887806891284,8.871916770935059,184900,0.0,0.0
2019-06-25 00:00:00-04:00,8.87191767759475,8.929490368114697,8.814345536128672,8.87767505645752,120200,0.0,0.0
2019-06-26 00:00:00-04:00,8.946763683889461,8.969792654735157,8.843133040556843,8.917977333068848,183800,0.0,0.0
2019-06-27 00:00:00-04:00,8.906464563380897,8.9525225125252,8.687689030418431,8.745261192321777,315100,0.0,0.0
2019-06-28 00:00:00-04:00,8.779801636370534,8.964033363862713,8.762530049181606,8.814345359802246,197000,0.0,0.0
2019-07-01 00:00:00-04:00,8.866160987228474,8.923733682219195,8.797074082671957,8.843132019042969,80900,0.0,0.0
2019-07-02 00:00:00-04:00,8.84313247141958,8.92373413871904,8.825860881660388,8.83737564086914,111000,0.0,0.0
2019-07-03 00:00:00-04:00,8.889191641239899,9.015851264808003,8.84889107653578,8.969793319702148,53200,0.0,0.0
2019-07-05 00:00:00-04:00,8.969792414000086,9.021607734275754,8.871919153269149,8.964035034179688,60900,0.0,0.0
2019-07-08 00:00:00-04:00,8.952522080800426,9.004337408352548,8.923735726709909,8.992822647094727,87300,0.0,0.0
2019-07-09 00:00:00-04:00,8.964034220770797,9.004335326802648,8.88343310681491,8.92949104309082,85200,0.0,0.0
2019-07-10 00:00:00-04:00,8.946762990954396,9.090694184855884,8.946762990954396,8.952520370483398,206200,0.0,0.0
2019-07-11 00:00:00-04:00,8.987065266465816,9.096453302198972,8.981308434890943,8.992822647094727,102300,0.0,0.0
2019-07-12 00:00:00-04:00,9.044637680053711,9.079181413648014,9.021608707342182,9.044637680053711,95800,0.0,0.0
2019-07-15 00:00:00-04:00,9.050392009105128,9.171294212341309,9.021605665657688,9.171294212341309,159300,0.0,0.0
2019-07-16 00:00:00-04:00,9.177053307317799,9.21159703779327,9.113723775342399,9.19432544708252,139500,0.0,0.0
2019-07-17 00:00:00-04:00,9.18856530055135,9.18856530055135,9.142507373154405,9.182807922363281,122300,0.0,0.0
2019-07-18 00:00:00-04:00,9.182810569897244,9.200082160387291,9.096452068393049,9.125238418579102,150100,0.0,0.0
2019-07-19 00:00:00-04:00,9.1194795052663,9.125236884146185,9.05614943569531,9.061906814575195,84700,0.0,0.0
2019-07-22 00:00:00-04:00,9.067666849860752,9.073424230427282,8.987065169091426,9.004337310791016,110700,0.0,0.0
2019-07-23 00:00:00-04:00,9.021607351258995,9.079180048910784,9.021607351258995,9.027364730834961,107600,0.0,0.0
2019-07-24 00:00:00-04:00,9.038879298619944,9.067665648584974,9.027365088066308,9.050394058227539,57600,0.0,0.0
2019-07-25 00:00:00-04:00,9.084936927495674,9.084936927495674,8.998578429615055,9.021607398986816,73300,0.0,0.0
2019-07-26 00:00:00-04:00,9.010092878321197,9.073422957560693,8.96979231811712,8.975549697875977,128900,0.0,0.0
2019-07-29 00:00:00-04:00,8.981308583522889,9.038880743602649,8.952522228955985,8.958279609680176,84800,0.0,0.0
2019-07-30 00:00:00-04:00,8.958276395512563,8.958276395512563,8.779801500476559,8.848888397216797,144400,0.0,0.0
2019-07-31 00:00:00-04:00,8.814347363567428,8.854647925854405,8.768288872170052,8.80283260345459,116300,0.0,0.0
2019-08-01 00:00:00-04:00,8.791317252416013,8.883433125158037,8.756773525610798,8.843132019042969,71100,0.0,0.0
2019-08-02 00:00:00-04:00,8.877674513857523,8.91797506532601,8.768286518366148,8.791316032409668,84400,0.0,0.0
2019-08-05 00:00:00-04:00,8.722229518745715,8.74525848619179,8.250135411574238,8.624356269836426,195400,0.0,0.0
2019-08-06 00:00:00-04:00,8.658899474042792,8.831616994013237,8.61859892070277,8.808588027954102,125300,0.0,0.0
2019-08-07 00:00:00-04:00,8.739500501165557,8.762529465568274,8.578297201292713,8.647384643554688,114200,0.0,0.0
2019-08-08 00:00:00-04:00,8.722230505986447,8.745259476039095,8.641629385329155,8.70495891571045,82900,0.0,0.0
2019-08-09 00:00:00-04:00,8.727988309883077,8.883434277082522,8.722230929826656,8.80283260345459,61000,0.0,0.0
2019-08-12 00:00:00-04:00,8.83162025875789,8.866163446089086,8.722232217749626,8.745261192321777,72400,0.0,0.0
2019-08-13 00:00:00-04:00,8.756773827101155,8.84888970301467,8.670415330695715,8.687686920166016,124700,0.0,0.0
2019-08-14 00:00:00-04:00,8.71071548118281,8.745258658505602,8.58405588320679,8.670414924621582,91200,0.0,0.0
2019-08-15 00:00:00-04:00,8.635870159668816,8.716471812151772,8.612841194538518,8.699199676513672,93600,0.0,0.0
2019-08-16 00:00:00-04:00,8.762531733559216,8.797074914577133,8.69920165326976,8.774045944213867,60800,0.0,0.0
2019-08-19 00:00:00-04:00,8.814344635352526,8.877674149209456,8.612840788179135,8.871916770935059,82600,0.0,0.0
2019-08-20 00:00:00-04:00,8.900705577251427,8.923734547670353,8.825861286126425,8.854647636413574,89500,0.0,0.0
2019-08-21 00:00:00-04:00,8.85464618396745,8.90646149617415,8.820102459478358,8.86616039276123,151000,0.0,0.0
2019-08-22 00:00:00-04:00,8.877675510892745,8.912218687729833,8.837374954898177,8.889189720153809,114700,0.0,0.0
2019-08-23 00:00:00-04:00,8.877674513857523,8.889188721825446,8.762529688909105,8.791316032409668,110100,0.0,0.0
2019-08-26 00:00:00-04:00,8.831618261264765,8.83737564086914,8.768288183724495,8.83737564086914,72200,0.0,0.0
2019-08-27 00:00:00-04:00,8.871918603800061,8.877675983263886,8.79131748752223,8.797074317932129,68000,0.0,0.0
2019-08-28 00:00:00-04:00,8.825861574626288,8.860405305910824,8.727988309883077,8.80283260345459,128800,0.0,0.0
2019-08-29 00:00:00-04:00,8.866161728773763,8.883433868147929,8.76253163779856,8.785560607910156,140900,0.0,0.0
2019-08-30 00:00:00-04:00,8.843134191412563,8.958279609680176,8.837377359742419,8.958279609680176,84800,0.0,0.0
2019-09-03 00:00:00-04:00,8.923734141893348,9.044636368358576,8.9122193826805,9.021607398986816,82200,0.0,0.0
2019-09-04 00:00:00-04:00,9.067665268726007,9.13099479675293,9.050393679092107,9.13099479675293,77800,0.0,0.0
2019-09-05 00:00:00-04:00,9.165539416184703,9.177053627375448,9.044637178884939,9.056151390075684,104100,0.0,0.0
2019-09-06 00:00:00-04:00,9.06766709816955,9.107967665130788,8.917978493664894,8.958279609680176,156100,0.0,0.0
2019-09-09 00:00:00-04:00,8.964035332577946,9.177053451538086,8.952521121607818,9.177053451538086,87700,0.0,0.0
2019-09-10 00:00:00-04:00,9.17129662058001,9.177053451538086,9.084937567561157,9.177053451538086,96400,0.0,0.0
2019-09-11 00:00:00-04:00,9.188566896545822,9.19432427573391,9.102208404940091,9.154023170471191,121600,0.0,0.0
2019-09-12 00:00:00-04:00,9.154022948990296,9.177051916131566,8.992820179001402,9.096450805664062,159400,0.0,0.0
2019-09-13 00:00:00-04:00,9.114113330733767,9.20242872189495,9.049349159742494,9.07289981842041,78800,0.35,0.0
2019-09-16 00:00:00-04:00,9.114112735510956,9.155326806624704,9.049348568749288,9.084674835205078,90900,0.0,0.0
2019-09-17 00:00:00-04:00,9.05523678483196,9.120000954536186,9.014023273337632,9.067011833190918,69400,0.0,0.0
2019-09-18 00:00:00-04:00,9.067013970577673,9.155329380802565,9.049351113129541,9.131778717041016,76500,0.0,0.0
2019-09-19 00:00:00-04:00,9.149439843829285,9.184766113535533,9.131776989722164,9.137664794921875,88500,0.0,0.0
2019-09-20 00:00:00-04:00,9.167102485237448,9.184765900426742,9.043461386372364,9.14355182647705,110200,0.0,0.0
2019-09-23 00:00:00-04:00,9.137665672439066,9.40849799973043,9.137665672439066,9.331958770751953,181400,0.0,0.0
2019-09-24 00:00:00-04:00,9.379058367731819,9.402609024965937,9.114112771983043,9.155326843261719,119800,0.0,0.0
2019-09-25 00:00:00-04:00,9.172990978674749,9.290744281313364,9.149440318147025,9.178878784179688,68700,0.0,0.0
2019-09-26 00:00:00-04:00,9.178877750386313,9.38494586642196,9.172989945544503,9.302518844604492,187000,0.0,0.0
2019-09-27 00:00:00-04:00,9.343734919982657,9.34962272644043,9.267195120508012,9.34962272644043,95200,0.0,0.0
2019-09-30 00:00:00-04:00,9.390834513556683,9.455598688149589,9.290744068236357,9.355508804321289,171200,0.0,0.0
2019-10-01 00:00:00-04:00,9.379058588092342,9.390833636240076,9.220091226908146,9.231866836547852,95600,0.0,0.0
2019-10-02 00:00:00-04:00,9.24953052747934,9.24953052747934,8.978697657641618,9.031686782836914,116300,0.0,0.0
2019-10-03 00:00:00-04:00,9.01990882901256,9.161213313323776,8.97869532522989,9.06112289428711,85300,0.0,0.0
2019-10-04 00:00:00-04:00,9.10822680259652,9.19654163920247,9.102338997091579,9.178878784179688,50800,0.0,0.0
2019-10-07 00:00:00-04:00,9.214204615909459,9.255418693496281,9.084676262042429,9.125889778137207,82300,0.0,0.0
2019-10-08 00:00:00-04:00,9.15532806421598,9.190653774032214,9.06701266669133,9.120001792907715,93300,0.0,0.0
2019-10-09 00:00:00-04:00,9.155326806624704,9.172989659106621,8.984584401987622,9.084674835205078,149100,0.0,0.0
2019-10-10 00:00:00-04:00,9.055237562926479,9.090563272530789,8.972809971363038,8.978697776794434,106800,0.0,0.0
2019-10-11 00:00:00-04:00,8.99047093287744,9.114111444225452,8.984583129053664,9.06112289428711,67900,0.0,0.0
2019-10-14 00:00:00-04:00,9.06112289428711,9.1553255095,9.025796632836336,9.06112289428711,62700,0.0,0.0
2019-10-15 00:00:00-04:00,9.061126818897755,9.184767945289845,9.037576154894124,9.090564727783203,67800,0.0,0.0
2019-10-16 00:00:00-04:00,9.125889778137207,9.131777583719902,9.061125601203692,9.125889778137207,45300,0.0,0.0
2019-10-17 00:00:00-04:00,9.137664794921875,9.214204016550063,9.125889184522455,9.137664794921875,66900,0.0,0.0
2019-10-18 00:00:00-04:00,9.172990826595012,9.255418417821488,9.14355236105041,9.243642807006836,42100,0.0,0.0
2019-10-21 00:00:00-04:00,9.284858021191678,9.284858021191678,9.24364393978179,9.249531745910645,48200,0.0,0.0
2019-10-22 00:00:00-04:00,9.2613058152807,9.302519892323245,9.167103173169808,9.178878784179688,136300,0.0,0.0
2019-10-23 00:00:00-04:00,9.184766589684628,9.20242944470741,9.137665268629181,9.178878784179688,64800,0.0,0.0
2019-10-24 00:00:00-04:00,9.214206050078015,9.225981663076253,9.137666811558011,9.167104721069336,46100,0.0,0.0
2019-10-25 00:00:00-04:00,9.137665089596759,9.28485685538414,9.137665089596759,9.172990798950195,85800,0.0,0.0
2019-10-28 00:00:00-04:00,9.16121718711598,9.184767850877527,9.102340246966053,9.131778717041016,50600,0.0,0.0
2019-10-29 00:00:00-04:00,9.10234087675089,9.220094203705905,9.090565263309314,9.10822868347168,87000,0.0,0.0
2019-10-30 00:00:00-04:00,9.078789135988703,9.1847673984413,9.078789135988703,9.161216735839844,56500,0.0,0.0
2019-10-31 00:00:00-04:00,9.155327436603248,9.167102485237448,9.114113362653555,9.14355182647705,47300,0.0,0.0
2019-11-01 00:00:00-04:00,9.149438597167698,9.202427713761006,9.149438597167698,9.184764862060547,37900,0.0,0.0
2019-11-04 00:00:00-05:00,9.22009280681828,9.237755662812488,9.16710367734359,9.208317756652832,66300,0.0,0.0
2019-11-05 00:00:00-05:00,9.16121718711598,9.196542902012244,9.072901776891088,9.131778717041016,82500,0.0,0.0
2019-11-06 00:00:00-05:00,9.096452225547262,9.131778501100275,8.9610360524936,8.984586715698242,186400,0.0,0.0
2019-11-07 00:00:00-05:00,8.961032331918025,8.996358031311884,8.749075889587402,8.749075889587402,179100,0.0,0.0
2019-11-08 00:00:00-05:00,8.737302928254415,8.819729954167608,8.719640074343303,8.754965782165527,65200,0.0,0.0
2019-11-11 00:00:00-05:00,8.725528717041016,8.74319213527629,8.6784273913978,8.725528717041016,73300,0.0,0.0
2019-11-12 00:00:00-05:00,8.731417285245607,8.743192898430298,8.62543901255196,8.6489896774292,121500,0.0,0.0
2019-11-13 00:00:00-05:00,8.648986735030876,8.737302119394602,8.648986735030876,8.690200805664062,111900,0.0,0.0
2019-11-14 00:00:00-05:00,8.701976511435944,8.790291902478504,8.701976511435944,8.737302780151367,113600,0.0,0.0
2019-11-15 00:00:00-05:00,8.778517420550848,8.825618743896484,8.737303902996434,8.825618743896484,101900,0.0,0.0
2019-11-18 00:00:00-05:00,8.843282826666407,8.860945683877011,8.754967417629162,8.79029369354248,100200,0.0,0.0
2019-11-19 00:00:00-05:00,8.807955536349953,8.807955536349953,8.7137528934198,8.731415748596191,97600,0.0,0.0
2019-11-20 00:00:00-05:00,8.743190913120815,8.796179475943427,8.725527497354598,8.76085376739502,91000,0.0,0.0
2019-11-21 00:00:00-05:00,8.76674299604316,8.831507179891876,8.749079577409061,8.802068710327148,60300,0.0,0.0
2019-11-22 00:00:00-05:00,8.837394556482344,8.902158737182617,8.790293232065405,8.902158737182617,114000,0.0,0.0
2019-11-25 00:00:00-05:00,8.908044670802576,8.984584447265885,8.878606208856386,8.972808837890625,108000,0.0,0.0
2019-11-26 00:00:00-05:00,8.990474810893483,9.03168833245349,8.966923585439627,9.019912719726562,93000,0.0,0.0
2019-11-27 00:00:00-05:00,9.014025330250423,9.031688187565344,8.94926058427553,9.002249717712402,56400,0.0,0.0
2019-11-29 00:00:00-05:00,9.002248797095149,9.002248797095149,8.961035280411009,8.990473747253418,51400,0.0,0.0
2019-12-02 00:00:00-05:00,8.978699036732367,9.014025312785874,8.872720770063953,8.931597709655762,57300,0.0,0.0
2019-12-03 00:00:00-05:00,8.902158142903113,8.913933753967285,8.843281772058376,8.913933753967285,93000,0.0,0.0
2019-12-04 00:00:00-05:00,8.913932250963951,8.931595103089984,8.790291163097823,8.813841819763184,116300,0.0,0.0
2019-12-05 00:00:00-05:00,8.837393580726712,8.843281386001763,8.731415331743847,8.83150577545166,141500,0.0,0.0
2019-12-06 00:00:00-05:00,8.819729689400544,8.890382225908017,8.778516177681173,8.872718811035156,88200,0.0,0.0
2019-12-09 00:00:00-05:00,8.890381119202882,8.908043970385027,8.83150419993985,8.85505485534668,118000,0.0,0.0
2019-12-10 00:00:00-05:00,8.843282395803138,8.913934382695356,8.831506783908395,8.89038372039795,111400,0.0,0.0
2019-12-11 00:00:00-05:00,8.902156979053133,8.949258294167809,8.860943468700784,8.919819831848145,101700,0.0,0.0
2019-12-12 00:00:00-05:00,8.949260116532036,8.978698584846342,8.908046597787257,8.96103572845459,122300,0.0,0.0
2019-12-13 00:00:00-05:00,8.955007621208477,9.02129674145036,8.900771851976035,9.009243965148926,102600,0.35,0.0
2019-12-16 00:00:00-05:00,9.021299362182617,9.069509331977583,8.985141597482306,9.021299362182617,122900,0.0,0.0
2019-12-17 00:00:00-05:00,9.075532938739844,9.13579509514923,9.039375185127815,9.045401573181152,141800,0.0,0.0
2019-12-18 00:00:00-05:00,9.045402768544193,9.111691321767047,9.009245010153863,9.033349990844727,93000,0.0,0.0
2019-12-19 00:00:00-05:00,9.075533433566648,9.159900572081353,9.069507045184732,9.135795593261719,90500,0.0,0.0
2019-12-20 00:00:00-05:00,9.2081106511301,9.226189816514221,9.087585755442802,9.129769325256348,133500,0.0,0.0
2019-12-23 00:00:00-05:00,9.123745141753398,9.202086481625349,9.123745141753398,9.171955108642578,87800,0.0,0.0
2019-12-24 00:00:00-05:00,9.190031978008395,9.220163345336914,9.153874222272567,9.220163345336914,47200,0.0,0.0
2019-12-26 00:00:00-05:00,9.196058366415706,9.220163345336914,9.159900610679877,9.220163345336914,90400,0.0,0.0
2019-12-27 00:00:00-05:00,9.22016432952922,9.22016432952922,9.184006569933787,9.190032958984375,77900,0.0,0.0
2019-12-30 00:00:00-05:00,9.208111763000488,9.220164541378596,9.105665445618984,9.208111763000488,101600,0.0,0.0
2019-12-31 00:00:00-05:00,9.202085767744084,9.304531508404931,9.099639452375143,9.15990161895752,205900,0.0,0.0
2020-01-02 00:00:00-05:00,9.22619098910132,9.262348175048828,9.17195463547195,9.262348175048828,95300,0.0,0.0
2020-01-03 00:00:00-05:00,9.26234775130997,9.310557713506519,9.159901437965287,9.226190567016602,82400,0.0,0.0
2020-01-06 00:00:00-05:00,9.159900767210207,9.322609808739868,9.117717197054239,9.298504829406738,92700,0.0,0.0
2020-01-07 00:00:00-05:00,9.274400620373292,9.280426434676029,9.129770157653962,9.250295639038086,166600,0.0,0.0
2020-01-08 00:00:00-05:00,9.2322168036205,9.262348175048828,9.177980449991129,9.262348175048828,91900,0.0,0.0
2020-01-09 00:00:00-05:00,9.196060616673233,9.316585540771484,9.196060616673233,9.316585540771484,77800,0.0,0.0
2020-01-10 00:00:00-05:00,9.328635095594768,9.334661483764648,9.244267960048486,9.334661483764648,75500,0.0,0.0
2020-01-13 00:00:00-05:00,9.394923616687427,9.467238545988543,9.37081864025372,9.461212158203125,137600,0.0,0.0
2020-01-14 00:00:00-05:00,9.47929204384294,9.587764739990234,9.352741331281829,9.587764739990234,196800,0.0,0.0
2020-01-15 00:00:00-05:00,9.563659760258396,9.593791128600207,9.557633371648425,9.587764739990234,94900,0.0,0.0
2020-01-16 00:00:00-05:00,9.605843544006348,9.611869932749881,9.545581380695188,9.605843544006348,102800,0.0,0.0
2020-01-17 00:00:00-05:00,9.581736919142966,9.605841895271693,9.461212038499323,9.467238426208496,181000,0.0,0.0
2020-01-21 00:00:00-05:00,9.467242169456412,9.533530736343225,9.437110793704882,9.527504920959473,78300,0.0,0.0
2020-01-22 00:00:00-05:00,9.539557542281335,9.5636625289917,9.461216191795595,9.5636625289917,79500,0.0,0.0
2020-01-23 00:00:00-05:00,9.515447595246224,9.581736130467004,9.497369008314724,9.545578956604004,52100,0.0,0.0
2020-01-24 00:00:00-05:00,9.575710240735452,9.611867414306852,9.473263957769964,9.491342544555664,91800,0.0,0.0
2020-01-27 00:00:00-05:00,9.47326567443626,9.52147563107294,9.394924351224645,9.443134307861328,93100,0.0,0.0
2020-01-28 00:00:00-05:00,9.443135383490102,9.551608085632324,9.431082605604042,9.551608085632324,132200,0.0,0.0
2020-01-29 00:00:00-05:00,9.587765783331093,9.642002137306742,9.551608597152736,9.611870765686035,72900,0.0,0.0
2020-01-30 00:00:00-05:00,9.557634082144508,9.605844045192018,9.419030582059937,9.485319137573242,124800,0.0,0.0
2020-01-31 00:00:00-05:00,9.50942580798298,9.521478588239493,9.328638127092647,9.382874488830566,95600,0.0,0.0
2020-02-03 00:00:00-05:00,9.394923233106093,9.473264546994065,9.20208342950982,9.364791870117188,122600,0.0,0.0
2020-02-04 00:00:00-05:00,9.413003800707353,9.467240150552483,9.394925208995,9.41903018951416,70200,0.0,0.0
2020-02-05 00:00:00-05:00,9.40697747366849,9.491345193393562,9.40697747366849,9.4732666015625,52700,0.0,0.0
2020-02-06 00:00:00-05:00,9.4732666015625,9.503397971086317,9.449161620885063,9.4732666015625,66900,0.0,0.0
2020-02-07 00:00:00-05:00,9.4732666015625,9.509423785224623,9.467240212716122,9.4732666015625,45600,0.0,0.0
2020-02-10 00:00:00-05:00,9.4732666015625,9.503397971086317,9.467240212716122,9.4732666015625,76300,0.0,0.0
2020-02-11 00:00:00-05:00,9.521476927981999,9.533529131428779,9.449161983177044,9.455187797546387,102600,0.0,0.0
2020-02-12 00:00:00-05:00,9.491343402337224,9.50942199075678,9.431080674661422,9.467238426208496,157200,0.0,0.0
2020-02-13 00:00:00-05:00,9.38287285274143,9.461214186623822,9.38287285274143,9.455187797546387,63200,0.0,0.0
2020-02-14 00:00:00-05:00,9.491345345618182,9.551608085632324,9.449161772433133,9.551608085632324,182000,0.0,0.0
2020-02-18 00:00:00-05:00,9.557633399963379,9.64200111662878,9.551607586043605,9.557633399963379,205300,0.0,0.0
2020-02-19 00:00:00-05:00,9.563660288810304,9.611870250938384,9.551608085632324,9.551608085632324,129300,0.0,0.0
2020-02-20 00:00:00-05:00,9.587764739990234,9.63597469945391,9.569686148868369,9.587764739990234,97700,0.0,0.0
2020-02-21 00:00:00-05:00,9.587764739990234,9.617896108332044,9.57571253747834,9.587764739990234,78400,0.0,0.0
2020-02-24 00:00:00-05:00,9.491346059573504,9.491346059573504,9.406978332149036,9.449162483215332,138500,0.0,0.0
2020-02-25 00:00:00-05:00,9.473268425220784,9.491347020532078,8.930905393508327,8.98514175415039,308000,0.0,0.0
2020-02-26 00:00:00-05:00,8.9791153641439,9.123745850758798,8.948984563527803,8.98514175415039,147200,0.0,0.0
2020-02-27 00:00:00-05:00,8.930904943212091,8.961036317017145,8.54522519757349,8.599461555480957,170900,0.0,0.0
2020-02-28 00:00:00-05:00,8.346355721338725,8.394565670980604,7.864255650211979,8.274040222167969,389900,0.0,0.0
2020-03-02 00:00:00-05:00,8.328277477641704,8.70793130397102,8.286093910730001,8.689852714538574,178000,0.0,0.0
2020-03-03 00:00:00-05:00,8.744089802797916,8.948982416188494,8.472908639366636,8.671774864196777,152700,0.0,0.0
2020-03-04 00:00:00-05:00,8.858588562051937,9.153874713355119,8.858588562051937,9.099638938903809,111100,0.0,0.0
2020-03-05 00:00:00-05:00,9.003217457013488,9.111690143448781,8.924876710930217,9.015270233154297,79000,0.0,0.0
2020-03-06 00:00:00-05:00,8.786273865160453,8.876667399795092,8.738063903394234,8.762168884277344,147300,0.0,0.0
2020-03-09 00:00:00-04:00,8.738060994400227,8.738060994400227,7.840150037043476,7.9245171546936035,322200,0.0,0.0
2020-03-10 00:00:00-04:00,8.123384202572977,8.515090772247992,7.834124497004918,8.436749458312988,313900,0.0,0.0
2020-03-11 00:00:00-04:00,8.21980580171827,8.261989370864315,7.532813045109403,7.562944412231445,304600,0.0,0.0
2020-03-12 00:00:00-04:00,6.72529483050341,7.09892225723049,6.363720179497192,6.472192287445068,270400,0.0,0.0
2020-03-13 00:00:00-04:00,6.740050681399649,6.939387155502565,5.494200243044503,6.472193241119385,366500,0.35,0.0
2020-03-16 00:00:00-04:00,5.606326721965764,6.1669591565352375,5.282405337321886,5.369615077972412,141400,0.0,0.0
2020-03-17 00:00:00-04:00,5.425678116392168,5.487970869434061,5.151591309956826,5.4069905281066895,597300,0.0,0.0
2020-03-18 00:00:00-04:00,5.139134084249964,5.1453634802617145,3.401172399520874,3.401172399520874,640500,0.0,0.0
2020-03-19 00:00:00-04:00,3.4011722380369456,4.759149315558543,3.4011722380369456,4.678169250488281,328100,0.0,0.0
2020-03-20 00:00:00-04:00,4.516209190261447,5.388304520408888,4.516209190261447,4.946027755737305,433600,0.0,0.0
2020-03-23 00:00:00-04:00,4.665709547564653,4.840128732096603,3.986721289967771,4.329329967498779,340400,0.0,0.0
2020-03-24 00:00:00-04:00,4.516208377589654,4.921109877745857,4.516208377589654,4.871275901794434,194100,0.0,0.0
2020-03-25 00:00:00-04:00,4.8276708505782935,5.568951661728856,4.759148987594137,5.332240581512451,270300,0.0,0.0
2020-03-26 00:00:00-04:00,5.319782210635379,5.961395124089118,5.301094617368772,5.762059211730957,436500,0.0,0.0
2020-03-27 00:00:00-04:00,5.6063275232120935,5.78074643537303,5.332240661244908,5.593868732452393,268600,0.0,0.0
2020-03-30 00:00:00-04:00,5.413220955102542,5.705996031884757,5.3883039652105165,5.699766635894775,216900,0.0,0.0
2020-03-31 00:00:00-04:00,5.917790269958461,6.185648335437241,5.631244612071443,5.886643886566162,383300,0.0,0.0
2020-04-01 00:00:00-04:00,5.450596604138724,5.824352037478247,5.2948652725919025,5.326011657714844,155300,0.0,0.0
2020-04-02 00:00:00-04:00,5.450596882093819,5.699766787648086,5.344699523716278,5.562723636627197,270400,0.0,0.0
2020-04-03 00:00:00-04:00,5.562721750094326,5.562721750094326,5.176508230431113,5.2201128005981445,224200,0.0,0.0
2020-04-06 00:00:00-04:00,5.29486572380483,5.8430401288516,5.29486572380483,5.681079387664795,273200,0.0,0.0
2020-04-07 00:00:00-04:00,5.948936240570346,6.4223595718937565,5.917789859339209,6.260398864746094,313000,0.0,0.0
2020-04-08 00:00:00-04:00,6.316462511485177,6.447276843186782,6.036145662076141,6.310233116149902,243900,0.0,0.0
2020-04-09 00:00:00-04:00,6.540714490327967,6.845947690633678,6.447275949521813,6.659070014953613,215700,0.0,0.0
2020-04-13 00:00:00-04:00,6.715135600797649,6.777428378008658,6.453506887020135,6.553175449371338,156500,0.0,0.0
2020-04-14 00:00:00-04:00,6.708904633439239,6.9144699002067265,6.652841270853969,6.852177143096924,114300,0.0,0.0
2020-04-15 00:00:00-04:00,6.665298932613854,6.758738060803463,6.328919378080227,6.416129112243652,149900,0.0,0.0
2020-04-16 00:00:00-04:00,6.347607923880005,6.4036712904396165,6.104667460878763,6.1482720375061035,235100,0.0,0.0
2020-04-17 00:00:00-04:00,6.304003300965144,6.378754257806494,6.067291640600304,6.2354817390441895,254400,0.0,0.0
2020-04-20 00:00:00-04:00,6.185647535456831,6.353837033514991,6.079750202059267,6.1046671867370605,184800,0.0,0.0
2020-04-21 00:00:00-04:00,5.967623855612955,6.079750590867569,5.9302486732399595,5.998770236968994,122900,0.0,0.0
2020-04-22 00:00:00-04:00,6.1981051920457935,6.20433458619075,6.079749673630237,6.173188209533691,143800,0.0,0.0
2020-04-23 00:00:00-04:00,6.304003631843679,6.341379409259996,6.1794186972356675,6.198106288909912,248300,0.0,0.0
2020-04-24 00:00:00-04:00,6.229252276862134,6.3226908233879495,6.210564686370529,6.297773838043213,178800,0.0,0.0
2020-04-27 00:00:00-04:00,6.260398944757354,6.4223596539749614,6.2541695496179495,6.360066890716553,157600,0.0,0.0
2020-04-28 00:00:00-04:00,6.465963846351341,6.497110226123776,6.428588071810863,6.472193241119385,116100,0.0,0.0
2020-04-29 00:00:00-04:00,6.708904778709707,6.708904778709707,6.515797702742104,6.6154656410217285,180600,0.0,0.0
2020-04-30 00:00:00-04:00,6.696447161709355,6.696447161709355,6.366296909843156,6.3974432945251465,101500,0.0,0.0
2020-05-01 00:00:00-04:00,6.23548163643818,6.37252475802502,6.098437920783554,6.117125511169434,88800,0.0,0.0
2020-05-04 00:00:00-04:00,5.780746051453371,6.1482720375061035,5.618785940808476,6.1482720375061035,344500,0.0,0.0
2020-05-05 00:00:00-04:00,6.291545929386801,6.310233522528271,6.173189786665787,6.210565567016602,103200,0.0,0.0
2020-05-06 00:00:00-04:00,6.279085729028395,6.310232106654214,6.098437451679933,6.123354434967041,97000,0.0,0.0
2020-05-07 00:00:00-04:00,6.210563986858227,6.25416855778327,6.160730021781685,6.179417610168457,159900,0.0,0.0
2020-05-08 00:00:00-04:00,6.223022882009002,6.316462022602608,6.223022882009002,6.297773838043213,73900,0.0,0.0
2020-05-11 00:00:00-04:00,6.29154499943627,6.441046910605961,6.154501283830159,6.3912129402160645,163600,0.0,0.0
2020-05-12 00:00:00-04:00,6.453506761260569,6.453506761260569,6.322692406920993,6.341380596160889,78200,0.0,0.0
2020-05-13 00:00:00-04:00,6.285318004620416,6.285318004620416,5.9364794846220725,6.01123046875,116300,0.0,0.0
2020-05-14 00:00:00-04:00,5.948936543863453,6.073521481071872,5.793205223835969,6.054833889007568,130900,0.0,0.0
2020-05-15 00:00:00-04:00,6.079752251231208,6.079752251231208,5.8804157125549885,5.942708492279053,105300,0.0,0.0
2020-05-18 00:00:00-04:00,6.104668614442938,6.291546340265582,6.104668614442938,6.2853169441223145,114100,0.0,0.0
2020-05-19 00:00:00-04:00,6.328921249706219,6.328921249706219,6.160731719735259,6.22925329208374,78500,0.0,0.0
2020-05-20 00:00:00-04:00,6.3226911030003645,6.384983866150915,6.310232906810945,6.3476080894470215,103500,0.0,0.0
2020-05-21 00:00:00-04:00,6.328921053837714,6.353838042472198,6.21056550634088,6.291545867919922,99500,0.0,0.0
2020-05-22 00:00:00-04:00,6.310233724315144,6.347608911793255,6.241712151226676,6.328921318054199,91900,0.0,0.0
2020-05-26 00:00:00-04:00,6.503340523089582,6.621696674642243,6.4846529285536585,6.565633296966553,180200,0.0,0.0
2020-05-27 00:00:00-04:00,6.584319879889231,6.702676013257685,6.553174091803895,6.646612644195557,191800,0.0,0.0
2020-05-28 00:00:00-04:00,6.652841048154451,6.82103053621247,6.652841048154451,6.733821392059326,147600,0.0,0.0
2020-05-29 00:00:00-04:00,6.783655719371024,6.8708648681640625,6.733821750327067,6.8708648681640625,179200,0.0,0.0
2020-06-01 00:00:00-04:00,6.90824162601937,7.082660542518169,6.8646370454116346,7.0639729499816895,121500,0.0,0.0
2020-06-02 00:00:00-04:00,7.063972959487201,7.2508506673070245,7.05774356394404,7.238391876220703,104300,0.0,0.0
2020-06-03 00:00:00-04:00,7.238391435910544,7.574771051897168,7.238391435910544,7.4314985275268555,266000,0.0,0.0
2020-06-04 00:00:00-04:00,7.437728141800508,7.512479703808291,7.344289580392607,7.400352954864502,131200,0.0,0.0
2020-06-05 00:00:00-04:00,7.568541455806215,7.612146626730374,7.443956526168199,7.481332302093506,112700,0.0,0.0
2020-06-08 00:00:00-04:00,7.59968967553269,7.749191627271391,7.5623144846319885,7.724274635314941,141000,0.0,0.0
2020-06-09 00:00:00-04:00,7.699355716042418,7.736731491655099,7.4813322395164805,7.549853801727295,185700,0.0,0.0
2020-06-10 00:00:00-04:00,7.556084360584336,7.593459547886348,7.456416402355117,7.506250381469727,98700,0.0,0.0
2020-06-11 00:00:00-04:00,7.126262757390559,7.23216007005519,6.839717192662909,6.989219665527344,299400,0.0,0.0
2020-06-12 00:00:00-04:00,7.246413590293122,7.381439336332332,6.957070953934988,7.194974422454834,225800,0.35,0.0
2020-06-15 00:00:00-04:00,6.931353045733141,7.284993638649294,6.931353045733141,7.272134304046631,134800,0.0,0.0
2020-06-16 00:00:00-04:00,7.432880468951665,7.5421869665633885,7.284994125366211,7.284994125366211,124600,0.0,0.0
2020-06-17 00:00:00-04:00,7.26570510923428,7.330003015534259,7.162827968597411,7.162827968597412,85400,0.0,0.0
2020-06-18 00:00:00-04:00,7.053520393008877,7.239985351542205,7.053520393008877,7.175686836242676,75300,0.0,0.0
2020-06-19 00:00:00-04:00,7.272134302898507,7.278563663600793,7.047090122024832,7.092098712921143,67800,0.0,0.0
2020-06-22 00:00:00-04:00,7.072808989189569,7.2592739289221795,7.034229761260465,7.1242475509643555,72400,0.0,0.0
2020-06-23 00:00:00-04:00,7.201406477875501,7.207836452364458,7.066380079588006,7.09852933883667,156300,0.0,0.0
2020-06-24 00:00:00-04:00,7.059947493550308,7.111386657237955,6.847763319472844,6.8992018699646,119900,0.0,0.0
2020-06-25 00:00:00-04:00,6.82847423460858,6.950641255828468,6.764176351036558,6.847763538360596,81000,0.0,0.0
2020-06-26 00:00:00-04:00,6.777036824106427,6.9056332261092415,6.667729729105033,6.68058967590332,83100,0.0,0.0
2020-06-29 00:00:00-04:00,6.648439769225665,6.989220354367412,6.648439769225665,6.924922466278076,95200,0.0,0.0
2020-06-30 00:00:00-04:00,7.034229640756818,7.137107375740015,6.963501772827133,7.059948921203613,232900,0.0,0.0
2020-07-01 00:00:00-04:00,7.0856672153711635,7.214263588576583,7.027798694129756,7.130675792694092,97600,0.0,0.0
2020-07-02 00:00:00-04:00,7.227125707568914,7.2785642766963985,7.169257164001464,7.169257164001465,115400,0.0,0.0
2020-07-06 00:00:00-04:00,7.188548128158084,7.297855256679702,6.957073920372917,7.008512496948242,183100,0.0,0.0
2020-07-07 00:00:00-04:00,7.002080149143998,7.265702894985019,6.931351676613814,7.194974422454834,75700,0.0,0.0
2020-07-08 00:00:00-04:00,7.149966777482945,7.259273873722196,7.124247496791122,7.1821160316467285,61800,0.0,0.0
2020-07-09 00:00:00-04:00,7.207835095002963,7.207835095002963,6.912063069367313,6.969931602478027,141600,0.0,0.0
2020-07-10 00:00:00-04:00,6.95707179604753,7.1371073722839355,6.95707179604753,7.1371073722839355,52500,0.0,0.0
2020-07-13 00:00:00-04:00,7.284994372249824,7.37501217631753,7.13067866230186,7.143537998199463,146200,0.0,0.0
2020-07-14 00:00:00-04:00,7.124248569313943,7.188547087321356,7.047090715622716,7.169257164001465,119300,0.0,0.0
2020-07-15 00:00:00-04:00,7.169257274761428,7.336432933606557,7.149967964339643,7.233555793762207,82400,0.0,0.0
2020-07-16 00:00:00-04:00,7.207835791445126,7.3750114336521895,7.201405817545763,7.272134304046631,56400,0.0,0.0
2020-07-17 00:00:00-04:00,7.239982945088687,7.413587897580189,7.233552973056736,7.336430072784424,77100,0.0,0.0
2020-07-20 00:00:00-04:00,7.336431327244258,7.432879084627524,7.330001354112842,7.407159805297852,77200,0.0,0.0
2020-07-21 00:00:00-04:00,7.452169540117756,7.625774549067849,7.452169540117756,7.619345188140869,90700,0.0,0.0
2020-07-22 00:00:00-04:00,7.657922920450245,7.709361481091031,7.567905745926874,7.664352893829346,67200,0.0,0.0
2020-07-23 00:00:00-04:00,7.5743345312368096,7.612913755387338,7.413588888135543,7.439308166503906,149400,0.0,0.0
2020-07-24 00:00:00-04:00,7.48431606362617,7.535754611428754,7.426447544049299,7.503605365753174,58400,0.0,0.0
2020-07-27 00:00:00-04:00,7.465027976608855,7.54861579055902,7.3492915223052515,7.381440162658691,41500,0.0,0.0
2020-07-28 00:00:00-04:00,7.342862028056359,7.561476230621337,7.330002080519102,7.561476230621338,79500,0.0,0.0
2020-07-29 00:00:00-04:00,7.6129142721623095,7.6514928857356415,7.535756431819638,7.632203578948975,83000,0.0,0.0
2020-07-30 00:00:00-04:00,7.535756276609255,7.535756276609255,7.420019211881026,7.4521684646606445,76600,0.0,0.0
2020-07-31 00:00:00-04:00,7.439308444562952,7.477887670155456,7.310712047914584,7.407159805297852,77600,0.0,0.0
2020-08-03 00:00:00-04:00,7.387869609767178,7.471457417763353,7.330001080139368,7.439308166503906,106300,0.0,0.0
2020-08-04 00:00:00-04:00,7.48431999717334,7.542187933968105,7.4457407594473155,7.490749359130859,43400,0.0,0.0
2020-08-05 00:00:00-04:00,7.555046373226293,7.6257742461825115,7.522897117083991,7.535757064819336,41400,0.0,0.0
2020-08-06 00:00:00-04:00,7.574335681633252,7.574335681633252,7.497177834809361,7.535757064819336,60300,0.0,0.0
2020-08-07 00:00:00-04:00,7.542186725056292,7.619345188140869,7.542186725056292,7.619345188140869,58200,0.0,0.0
2020-08-10 00:00:00-04:00,7.696502506502681,7.715791814343649,7.587195406743796,7.600054740905762,117600,0.0,0.0
2020-08-11 00:00:00-04:00,7.65792374067343,7.68364302374856,7.484318733215332,7.484318733215332,131800,0.0,0.0
2020-08-12 00:00:00-04:00,7.503608118652939,7.580765968664239,7.503608118652939,7.542186737060547,155700,0.0,0.0
2020-08-13 00:00:00-04:00,7.490747025890397,7.567905477308899,7.490747025890397,7.510036945343018,234900,0.0,0.0
2020-08-14 00:00:00-04:00,7.510039284591962,7.516468646549482,7.471460046865938,7.490749359130859,103000,0.0,0.0
2020-08-17 00:00:00-04:00,7.477888408825166,7.574335562539544,7.465028461292023,7.471458435058594,85900,0.0,0.0
2020-08-18 00:00:00-04:00,7.510036997024759,7.510036997024759,7.4393085182703995,7.4521684646606445,98800,0.0,0.0
2020-08-19 00:00:00-04:00,7.484319449521807,7.484319449521807,7.420020929082088,7.432880878448486,131000,0.0,0.0
2020-08-20 00:00:00-04:00,7.394298730395199,7.4328779500991065,7.394298730395199,7.400728702545166,79400,0.0,0.0
2020-08-21 00:00:00-04:00,7.394300703693296,7.394300703693296,7.27213426622115,7.355721473693848,101600,0.0,0.0
2020-08-24 00:00:00-04:00,7.394302134209534,7.400732109319407,7.323574247589457,7.3428635597229,156400,0.0,0.0
2020-08-25 00:00:00-04:00,7.342862421631531,7.342862421631531,7.297853829230783,7.323573112487793,120000,0.0,0.0
2020-08-26 00:00:00-04:00,7.3171429636953,7.3171429636953,7.1949759112438825,7.22712516784668,131600,0.0,0.0
2020-08-27 00:00:00-04:00,7.207834420176703,7.252843002517375,7.149965892483872,7.214264392852783,100200,0.0,0.0
2020-08-28 00:00:00-04:00,7.201406653314603,7.220695964055276,7.175687367928327,7.207836627960205,138400,0.0,0.0
2020-08-31 00:00:00-04:00,7.188545063021496,7.207834367713391,7.16925514513366,7.194974422454834,86800,0.0,0.0
2020-09-01 00:00:00-04:00,7.188547134399414,7.214266419131593,7.1499679007030865,7.188547134399414,144200,0.0,0.0
2020-09-02 00:00:00-04:00,7.201404946332489,7.317142009735107,7.175685667042573,7.317142009735107,118800,0.0,0.0
2020-09-03 00:00:00-04:00,7.291422225377911,7.330000835042503,7.169255197316168,7.214264392852783,137300,0.0,0.0
2020-09-04 00:00:00-04:00,7.188544919328046,7.220693555439932,6.982790091675592,7.11781644821167,143900,0.0,0.0
2020-09-08 00:00:00-04:00,7.021369746015821,7.07280830279868,6.931351965047836,7.00208044052124,114100,0.0,0.0
2020-09-09 00:00:00-04:00,7.014938750211276,7.201403644658103,7.014938750211276,7.130675792694092,152100,0.0,0.0
2020-09-10 00:00:00-04:00,7.137106219921776,7.149965551464663,7.040658473968505,7.040658473968506,210700,0.0,0.0
2020-09-11 00:00:00-04:00,7.047089587578223,7.085668814846424,6.995651026684631,7.059948921203613,233200,0.0,0.0
2020-09-14 00:00:00-04:00,7.186137816128337,7.19277950050584,7.073231715254323,7.179496765136719,254100,0.35,0.0
2020-09-15 00:00:00-04:00,7.1794973344654105,7.219346177118643,7.079873961060461,7.10644006729126,164800,0.0,0.0
2020-09-16 00:00:00-04:00,7.139649175520995,7.186139711654805,7.026743044865128,7.119724750518799,251800,0.0,0.0
2020-09-17 00:00:00-04:00,7.006818213529105,7.073233170813628,6.973610418193836,7.033384323120117,137700,0.0,0.0
2020-09-18 00:00:00-04:00,7.04002347372728,7.079872307071087,6.867343506875354,6.940400123596191,110600,0.0,0.0
2020-09-21 00:00:00-04:00,6.787647327042337,6.820855120792402,6.7079490020737715,6.761081218719482,119800,0.0,0.0
2020-09-22 00:00:00-04:00,6.774364254553212,6.800930364046126,6.707949297513933,6.754439830780029,177300,0.0,0.0
2020-09-23 00:00:00-04:00,6.7345148655716365,6.754439287742954,6.575117588043213,6.575117588043213,132700,0.0,0.0
2020-09-24 00:00:00-04:00,6.601684013433425,6.707949081366966,6.508702949897315,6.6282501220703125,136700,0.0,0.0
2020-09-25 00:00:00-04:00,6.568476010157872,6.661457061767578,6.568476010157872,6.661457061767578,126700,0.0,0.0
2020-09-28 00:00:00-04:00,6.7544403907174395,6.787648188682984,6.7079498535973165,6.727874279022217,94200,0.0,0.0
2020-09-29 00:00:00-04:00,6.688022207546476,6.8341360820395485,6.688022207546476,6.807569980621338,119200,0.0,0.0
2020-09-30 00:00:00-04:00,6.873988092527963,6.9404030539376205,6.781006386491177,6.854063034057617,260800,0.0,0.0
2020-10-01 00:00:00-04:00,6.807571063190789,6.973609381805199,6.807571063190789,6.900552749633789,196400,0.0,0.0
2020-10-02 00:00:00-04:00,6.840779640186718,6.960326812632953,6.807571845968212,6.953685760498047,133700,0.0,0.0
2020-10-05 00:00:00-04:00,6.973610296185918,7.133006950943241,6.953685872687754,7.099799156188965,132600,0.0,0.0
2020-10-06 00:00:00-04:00,7.146289825439453,7.25919593972395,7.099798662660804,7.146289825439453,169000,0.0,0.0
2020-10-07 00:00:00-04:00,7.192780954267447,7.219347063760957,7.0732331448536465,7.133007049560547,219200,0.0,0.0
2020-10-08 00:00:00-04:00,7.172856093036595,7.252554416656494,7.166214407721777,7.252554416656494,160000,0.0,0.0
2020-10-09 00:00:00-04:00,7.292403261773456,7.292403261773456,7.179497778351413,7.252554416656494,145100,0.0,0.0
2020-10-12 00:00:00-04:00,7.219347409189182,7.305687427520753,7.219347409189182,7.305687427520752,114100,0.0,0.0
2020-10-13 00:00:00-04:00,7.312327861785889,7.312327861785889,7.179497330701526,7.312327861785889,109800,0.0,0.0
2020-10-14 00:00:00-04:00,7.299043940536084,7.3388934135437,7.252553416515435,7.338893413543701,126700,0.0,0.0
2020-10-15 00:00:00-04:00,7.305685776578194,7.305685776578194,7.206063042070124,7.28576135635376,59200,0.0,0.0
2020-10-16 00:00:00-04:00,7.299044389450588,7.332252180101673,7.252553862570624,7.279119968414307,54000,0.0,0.0
2020-10-19 00:00:00-04:00,7.285761008617897,7.285761008617897,7.106439334998982,7.126363754272461,142600,0.0,0.0
2020-10-20 00:00:00-04:00,7.17949614185388,7.265835497722393,7.13964667243425,7.232628345489502,103700,0.0,0.0
2020-10-21 00:00:00-04:00,7.239271722538526,7.2658378328944355,7.186139501826709,7.212705612182617,118900,0.0,0.0
2020-10-22 00:00:00-04:00,7.206064882904685,7.338895440643146,7.199423196671247,7.3256120681762695,71000,0.0,0.0
2020-10-23 00:00:00-04:00,7.365461335087689,7.365461335087689,7.27247963071845,7.305687427520752,73500,0.0,0.0
2020-10-26 00:00:00-04:00,7.272477554352908,7.272477554352908,7.166213141633932,7.199420928955078,76100,0.0,0.0
2020-10-27 00:00:00-04:00,7.166213472051125,7.239270100817424,7.139647367646481,7.152930736541748,74300,0.0,0.0
2020-10-28 00:00:00-04:00,7.053308306680659,7.059949992010324,6.854062180492533,6.887269973754883,187500,0.0,0.0
2020-10-29 00:00:00-04:00,6.873987236481527,6.927119452346898,6.721231640829107,6.887269973754883,166200,0.0,0.0
2020-10-30 00:00:00-04:00,6.807571309362136,6.847420785960413,6.714589619556787,6.7743635177612305,89600,0.0,0.0
2020-11-02 00:00:00-05:00,6.774363856694477,6.913836081687568,6.761081119421122,6.887269973754883,264900,0.0,0.0
2020-11-03 00:00:00-05:00,6.887270563510781,7.026742800446858,6.887270563510781,6.980252265930176,85900,0.0,0.0
2020-11-04 00:00:00-05:00,6.980252265930175,7.086516706760324,6.9404027839258555,6.980252265930176,151500,0.0,0.0
2020-11-05 00:00:00-05:00,7.020099340299416,7.159571541985505,7.020099340299416,7.126363754272461,132000,0.0,0.0
2020-11-06 00:00:00-05:00,7.17285615146389,7.206063944922506,7.079874456456962,7.166214466094971,114600,0.0,0.0
2020-11-09 00:00:00-05:00,7.398666496463638,7.637761408179044,7.21934483763772,7.385383129119873,197400,0.0,0.0
2020-11-10 00:00:00-05:00,7.451799457639585,7.637762185682059,7.438516088943611,7.624478816986084,190300,0.0,0.0
2020-11-11 00:00:00-05:00,7.704178575475122,7.79715963261647,7.637762991757634,7.783876895904541,206600,0.0,0.0
2020-11-12 00:00:00-05:00,7.783875321778629,7.810441423215996,7.617837029448625,7.690893650054932,181800,0.0,0.0
2020-11-13 00:00:00-05:00,7.717460955189519,7.817084326157332,7.697536534350323,7.770593166351318,142800,0.0,0.0
2020-11-16 00:00:00-05:00,7.810443894645813,7.9167083340201465,7.810443894645813,7.870217800140381,132300,0.0,0.0
2020-11-17 00:00:00-05:00,7.830367486728985,7.916707492893771,7.803801379707971,7.85693359375,93500,0.0,0.0
2020-11-18 00:00:00-05:00,7.9100654053258435,8.003047091861438,7.823725403554059,7.830367088317871,107400,0.0,0.0
2020-11-19 00:00:00-05:00,7.790516557408194,7.8502904454105416,7.724101618927901,7.797158241271973,142900,0.0,0.0
2020-11-20 00:00:00-05:00,7.856932129274321,7.890139915207385,7.750667720997185,7.797158241271973,75500,0.0,0.0
2020-11-23 00:00:00-05:00,7.870216217814042,7.943272846849176,7.8436501133116385,7.923348426818848,122300,0.0,0.0
2020-11-24 00:00:00-05:00,8.003048322118767,8.056180541625091,7.963198840796015,7.9698405265808105,133900,0.0,0.0
2020-11-25 00:00:00-05:00,7.976482607058671,8.042897568034919,7.976482607058671,7.9964070320129395,88300,0.0,0.0
2020-11-27 00:00:00-05:00,8.069462997476913,8.109312477405425,7.983123618839465,8.036255836486816,81400,0.0,0.0
2020-11-30 00:00:00-05:00,8.062822598292128,8.122595872946743,7.850293077104656,7.876859188079834,312900,0.0,0.0
2020-12-01 00:00:00-05:00,7.910064220428466,7.949913689656115,7.84364928289682,7.910064220428467,325400,0.0,0.0
2020-12-02 00:00:00-05:00,7.910067044466689,7.969840952955624,7.8702181943981,7.89678430557251,227700,0.0,0.0
2020-12-03 00:00:00-05:00,7.88350087417014,7.949916468301109,7.856934763194962,7.876859188079834,143000,0.0,0.0
2020-12-04 00:00:00-05:00,7.896783625983614,8.003048061536248,7.896783625983614,7.98976469039917,182300,0.0,0.0
2020-12-07 00:00:00-05:00,7.989763154589538,7.989763154589538,7.89014042375514,7.956555366516113,192500,0.0,0.0
2020-12-08 00:00:00-05:00,7.9100644344571025,8.003046109580275,7.87021559753706,7.976480007171631,168800,0.0,0.0
2020-12-09 00:00:00-05:00,8.009687793528895,8.03625389593754,7.9100644344571025,7.976480007171631,196200,0.0,0.0
2020-12-10 00:00:00-05:00,7.949915923919189,8.029614251387265,7.910066443492148,7.963198661804199,175600,0.0,0.0
2020-12-11 00:00:00-05:00,7.969841877969471,8.062823594564787,7.949917450622663,8.056181907653809,193500,0.0,0.0
2020-12-14 00:00:00-05:00,8.11772739994067,8.145082816070532,7.946755886077881,7.946755886077881,222800,0.35,0.0
2020-12-15 00:00:00-05:00,7.946755886077881,8.015144752504822,7.933078504115232,7.946755886077881,213400,0.0,0.0
2020-12-16 00:00:00-05:00,7.960434633427526,7.994628417499882,7.871529359989225,7.878368377685547,151400,0.0,0.0
2020-12-17 00:00:00-05:00,7.898885469863462,7.939918275223242,7.8578520122989985,7.8920464515686035,154300,0.0,0.0
2020-12-18 00:00:00-05:00,7.9125621617579025,7.9741120166155435,7.878368377685547,7.878368377685547,129300,0.0,0.0
2020-12-21 00:00:00-05:00,7.796302363162551,7.885207646789025,7.6732032915452555,7.789463996887207,202600,0.0,0.0
2020-12-22 00:00:00-05:00,7.755269505484252,7.796302311684181,7.686880625544777,7.700558662414551,136500,0.0,0.0
2020-12-23 00:00:00-05:00,7.7621070782341075,7.823656276070521,7.659523777430937,7.721073627471924,184100,0.0,0.0
2020-12-24 00:00:00-05:00,8.076697356795796,8.227151870727539,7.960436635536401,8.227151870727539,1104400,0.0,0.0
2020-12-28 00:00:00-05:00,8.309215773825589,8.377604644046587,8.213472138161716,8.261343955993652,675100,0.0,0.0
2020-12-29 00:00:00-05:00,8.316056218997804,8.370767063685577,8.158762703571641,8.186118125915527,334400,0.0,0.0
2020-12-30 00:00:00-05:00,8.192955763885454,8.261344639766847,8.117728522179648,8.158761978149414,287900,0.0,0.0
2020-12-31 00:00:00-05:00,8.26134518051117,8.370766867319844,8.145084475225781,8.343411445617676,327600,0.0,0.0
2021-01-04 00:00:00-05:00,8.357088476023092,8.411799312837923,8.19295531337398,8.213472366333008,418100,0.0,0.0
2021-01-05 00:00:00-05:00,8.247666197396482,8.404959678649902,8.227149145942457,8.404959678649902,254000,0.0,0.0
2021-01-06 00:00:00-05:00,8.377606445880645,8.493867158938633,8.377606445880645,8.445995330810547,207800,0.0,0.0
2021-01-07 00:00:00-05:00,8.514382368514404,8.555415824154116,8.439155127413695,8.493865966796875,382600,0.0,0.0
2021-01-08 00:00:00-05:00,8.521221722087757,8.699032283188298,8.521221722087757,8.64432144165039,226400,0.0,0.0
2021-01-11 00:00:00-05:00,8.630644348145118,8.712710619418518,8.569094481638883,8.664838790893555,203800,0.0,0.0
2021-01-12 00:00:00-05:00,8.678516679023083,8.753744587865135,8.671678311841358,8.699033737182617,275600,0.0,0.0
2021-01-13 00:00:00-05:00,8.70587069593587,8.794775976963138,8.70587069593587,8.753743171691895,229500,0.0,0.0
2021-01-14 00:00:00-05:00,8.753742442562977,8.801614262126915,8.699031605288585,8.726387023925781,369400,0.0,0.0
2021-01-15 00:00:00-05:00,8.71954762018644,8.890519142150879,8.699031220167994,8.890519142150879,187900,0.0,0.0
2021-01-19 00:00:00-05:00,8.972587560936473,8.999942984967799,8.815294035807542,8.842649459838867,187600,0.0,0.0
2021-01-20 00:00:00-05:00,8.883679831042182,8.93155229910865,8.842647032361864,8.849485397338867,104700,0.0,0.0
2021-01-21 00:00:00-05:00,8.890519142150879,8.952068994410814,8.856324707317071,8.890519142150879,151200,0.0,0.0
2021-01-22 00:00:00-05:00,8.842647103255928,8.952068770220137,8.822130051546702,8.917874336242676,262700,0.0,0.0
2021-01-25 00:00:00-05:00,8.917874264745494,8.958907715630387,8.835808015180287,8.849485397338867,112500,0.0,0.0
2021-01-26 00:00:00-05:00,8.917874336242676,8.931552370715494,8.863163502760571,8.917874336242676,91300,0.0,0.0
2021-01-27 00:00:00-05:00,8.904200465943775,8.924716873540442,8.69903443336259,8.767422676086426,172000,0.0,0.0
2021-01-28 00:00:00-05:00,8.767421309861675,8.958909924940412,8.753743924330186,8.91103744506836,130200,0.0,0.0
2021-01-29 00:00:00-05:00,8.870003651132913,8.904198089470977,8.705870477551144,8.760581970214844,154600,0.0,0.0
2021-02-01 00:00:00-05:00,8.774260802527383,8.890521520744267,8.767421783289972,8.81529426574707,163400,0.0,0.0
2021-02-02 00:00:00-05:00,8.876840664081769,9.020456761448795,8.835807866093798,8.945229530334473,88700,0.0,0.0
2021-02-03 00:00:00-05:00,9.04781240271153,9.12304028790286,8.883679902265216,8.917874336242676,132400,0.0,0.0
2021-02-04 00:00:00-05:00,8.945229977003132,8.993101794447705,8.890519142150879,8.890519142150879,84200,0.0,0.0
2021-02-05 00:00:00-05:00,8.972586909502775,9.08200859768377,8.945231487457526,9.034136772155762,102500,0.0,0.0
2021-02-08 00:00:00-05:00,9.040975563280915,9.157236267099712,9.013620141923827,9.061491966247559,152400,0.0,0.0
2021-02-09 00:00:00-05:00,9.054651838890123,9.157235145568848,9.027296420883385,9.157235145568848,91600,0.0,0.0
2021-02-10 00:00:00-05:00,9.15723411383107,9.321366603378827,9.061489835492608,9.10936164855957,162500,0.0,0.0
2021-02-11 00:00:00-05:00,9.095686353270578,9.232463459263169,8.972586631774902,8.972586631774902,234600,0.0,0.0
2021-02-12 00:00:00-05:00,9.020458064674905,9.164074182790799,9.020458064674905,9.095685958862305,99400,0.0,0.0
2021-02-16 00:00:00-05:00,9.164075126503695,9.225624990920982,9.095686895532609,9.136719703674316,129500,0.0,0.0
2021-02-17 00:00:00-05:00,9.16407611527654,9.170915134772974,9.020459966875418,9.07517147064209,135700,0.0,0.0
2021-02-18 00:00:00-05:00,9.075168471657165,9.075168471657165,8.890518919501623,8.917874336242676,227300,0.0,0.0
2021-02-19 00:00:00-05:00,8.958908459159803,9.082007517621726,8.822130712994909,8.856325149536133,370300,0.0,0.0
2021-02-22 00:00:00-05:00,8.890520102490942,8.952069961399397,8.82897024358249,8.870003700256348,182500,0.0,0.0
2021-02-23 00:00:00-05:00,8.87000313482222,8.89051953574896,8.726387023925781,8.726387023925781,209500,0.0,0.0
2021-02-24 00:00:00-05:00,8.808454963819935,8.856326792535912,8.699033268352132,8.774260520935059,196600,0.0,0.0
2021-02-25 00:00:00-05:00,8.822129980817131,9.082006763875912,8.822129980817131,8.849485397338867,205100,0.0,0.0
2021-02-26 00:00:00-05:00,8.849487142689142,9.08200855508549,8.828970739302614,8.924715042114258,246600,0.0,0.0
2021-03-01 00:00:00-05:00,8.993103312985534,9.177752900944494,8.87684260624205,9.034136772155762,455800,0.0,0.0
2021-03-02 00:00:00-05:00,9.05465322503982,9.143558510223112,8.993103362051022,9.123042106628418,101900,0.0,0.0
2021-03-03 00:00:00-05:00,9.11620423427465,9.129882273194092,8.958910699929818,9.006782531738281,168300,0.0,0.0
2021-03-04 00:00:00-05:00,9.006780334119169,9.061491172038123,8.856325203739729,8.965746879577637,165100,0.0,0.0
2021-03-05 00:00:00-05:00,9.082008369214202,9.088847387604646,8.938392244038317,9.061491966247559,167400,0.0,0.0
2021-03-08 00:00:00-05:00,9.09568645024229,9.170913696289062,9.068331028752128,9.170913696289062,165400,0.0,0.0
2021-03-09 00:00:00-05:00,9.211947473190857,9.355563604031863,9.211947473190857,9.341885566711426,178600,0.0,0.0
2021-03-10 00:00:00-05:00,9.34872445676355,9.5607288146761,9.300852631210015,9.547051429748535,181300,0.0,0.0
2021-03-11 00:00:00-05:00,9.553890054818886,9.704344543848864,9.553890054818886,9.670150756835938,266300,0.0,0.0
2021-03-12 00:00:00-05:00,9.677162630100073,9.733262069331882,9.57197567997188,9.663137435913086,193600,0.35,0.0
2021-03-15 00:00:00-04:00,9.663136501459093,9.663136501459093,9.452763290304487,9.571974754333496,157800,0.0,0.0
2021-03-16 00:00:00-04:00,9.586001185175341,9.586001185175341,9.43172738790344,9.452764511108398,141300,0.0,0.0
2021-03-17 00:00:00-04:00,9.431729834326292,9.515879017731015,9.263431467516847,9.375630378723145,125200,0.0,0.0
2021-03-18 00:00:00-04:00,9.326542221436378,9.431728518831811,9.151231279938544,9.186293601989746,146200,0.0,0.0
2021-03-19 00:00:00-04:00,9.179279985983708,9.270441745705092,9.158242862588956,9.249403953552246,57100,0.0,0.0
2021-03-22 00:00:00-04:00,9.26342890964421,9.347578069813169,9.25641631244061,9.32654094696045,71300,0.0,0.0
2021-03-23 00:00:00-04:00,9.326540649792554,9.466789245605469,9.326540649792554,9.466789245605469,82200,0.0,0.0
2021-03-24 00:00:00-04:00,9.466788483135195,9.635086784555678,9.438738766231781,9.571974754333496,137000,0.0,0.0
2021-03-25 00:00:00-04:00,9.621062260482972,9.705211411193213,9.508863392869317,9.571974754333496,186100,0.0,0.0
2021-03-26 00:00:00-04:00,9.375627172284666,9.466788923652283,8.919819084204622,9.003968238830566,900400,0.0,0.0
2021-03-29 00:00:00-04:00,9.003970288833267,9.228368085592816,8.94787083964338,9.179281234741211,261300,0.0,0.0
2021-03-30 00:00:00-04:00,9.172266504632995,9.179279101341448,9.03201791425412,9.116167068481445,152100,0.0,0.0
2021-03-31 00:00:00-04:00,9.221354450588684,9.347578531454895,9.158243078913689,9.312516212463379,299300,0.0,0.0
2021-04-01 00:00:00-04:00,9.312514063498737,9.459775234274485,9.256414633561114,9.410688400268555,245000,0.0,0.0
2021-04-05 00:00:00-04:00,9.410691983612452,9.417704582214355,9.31953020806232,9.417704582214355,199100,0.0,0.0
2021-04-06 00:00:00-04:00,9.375629840629237,9.5369162678003,9.354592713175002,9.501853942871094,166300,0.0,0.0
2021-04-07 00:00:00-04:00,9.501852675588452,9.642101287841797,9.445753230687114,9.642101287841797,151800,0.0,0.0
2021-04-08 00:00:00-04:00,9.642100078676414,9.789361270264703,9.550938324954325,9.740274429321289,168000,0.0,0.0
2021-04-09 00:00:00-04:00,9.733262292078194,9.789361732593843,9.712225169074348,9.726249694824219,86300,0.0,0.0
2021-04-12 00:00:00-04:00,9.719238329097724,9.78936297300684,9.670151479616244,9.677164077758789,161700,0.0,0.0
2021-04-13 00:00:00-04:00,9.684175743450082,9.691187672159309,9.593013982649106,9.656126022338867,145300,0.0,0.0
2021-04-14 00:00:00-04:00,9.649112923914005,9.740274679982093,9.536914045294225,9.712224960327148,176100,0.0,0.0
2021-04-15 00:00:00-04:00,9.719237097570241,9.782349135339867,9.319528416706724,9.726249694824219,223000,0.0,0.0
2021-04-16 00:00:00-04:00,9.74027605825711,9.810400032938169,9.677164012913446,9.789362907409668,103400,0.0,0.0
2021-04-19 00:00:00-04:00,9.789362907409668,9.817412631033722,9.691188540346392,9.789362907409668,126600,0.0,0.0
2021-04-20 00:00:00-04:00,9.817412136935868,9.866498983617946,9.747287497025932,9.775337219238281,140000,0.0,0.0
2021-04-21 00:00:00-04:00,9.775337568745329,10.104922318092983,9.775337568745329,10.083885192871094,231400,0.0,0.0
2021-04-22 00:00:00-04:00,10.132972575245589,10.154009701575989,9.950649030360282,9.957661628723145,209500,0.0,0.0
2021-04-23 00:00:00-04:00,9.957660214811643,10.020772253599606,9.915585968125063,9.971685409545898,146200,0.0,0.0
2021-04-26 00:00:00-04:00,10.006747454691997,10.182058371540073,9.992722260340276,10.020771980285645,192800,0.0,0.0
2021-04-27 00:00:00-04:00,10.083885865573414,10.161022442371609,10.027786415400511,10.132972717285156,202200,0.0,0.0
2021-04-28 00:00:00-04:00,10.161021955402749,10.168034553527832,10.062848256684259,10.168034553527832,79600,0.0,0.0
2021-04-29 00:00:00-04:00,10.182060400535308,10.336333556598055,10.111935752318999,10.287246704101562,127700,0.0,0.0
2021-04-30 00:00:00-04:00,10.28724455347274,10.308281676036374,10.125958163796692,10.245169639587402,157700,0.0,0.0
2021-05-03 00:00:00-04:00,10.315295242215752,10.378407284593797,10.231146075297737,10.294258117675781,131500,0.0,0.0
2021-05-04 00:00:00-04:00,10.322308134270845,10.329320063478656,10.154009126878478,10.175046920776367,254700,0.0,0.0
2021-05-05 00:00:00-04:00,10.189070012410854,10.224132328542586,10.118946048905446,10.210107803344727,110900,0.0,0.0
2021-05-06 00:00:00-04:00,10.25919630526847,10.266208903381514,10.12595961615328,10.2381591796875,98300,0.0,0.0
2021-05-07 00:00:00-04:00,10.245171273208591,10.378407964458733,10.210109619597878,10.343345642089844,145100,0.0,0.0
2021-05-10 00:00:00-04:00,10.357371767413682,10.413471220731763,10.238160261923202,10.364383697509766,124700,0.0,0.0
2021-05-11 00:00:00-04:00,10.280233106193666,10.364382274618228,10.203096535660688,10.329319953918457,147400,0.0,0.0
2021-05-12 00:00:00-04:00,10.308282013605092,10.343344331531393,9.999735087121444,10.01375961303711,199600,0.0,0.0
2021-05-13 00:00:00-04:00,9.999736739623899,10.146997964243484,9.999736739623899,10.090898513793945,177200,0.0,0.0
2021-05-14 00:00:00-04:00,10.13998370197312,10.168033422595474,10.041809345415839,10.062847137451172,167000,0.0,0.0
2021-05-17 00:00:00-04:00,10.097908369470844,10.57475426910831,10.062846721710024,10.448530197143555,268800,0.0,0.0
2021-05-18 00:00:00-04:00,10.441518268846227,10.490605110717826,10.37840623286385,10.448530197143555,148200,0.0,0.0
2021-05-19 00:00:00-04:00,10.37840845717804,10.427495309569998,10.238159829802298,10.35737133026123,178800,0.0,0.0
2021-05-20 00:00:00-04:00,10.322306135634625,10.448529530791456,10.308280942418298,10.378405570983887,83000,0.0,0.0
2021-05-21 00:00:00-04:00,10.420480979970828,10.448530700786382,10.280232375893055,10.392431259155273,96100,0.0,0.0
2021-05-24 00:00:00-04:00,10.427493316861247,10.51865507442389,10.413468791182883,10.490605354309082,97700,0.0,0.0
2021-05-25 00:00:00-04:00,10.581770024932954,10.581770024932954,10.420483588303622,10.469571113586426,98700,0.0,0.0
2021-05-26 00:00:00-04:00,10.448530197143555,10.51865483018132,10.406455952327343,10.448530197143555,88800,0.0,0.0
2021-05-27 00:00:00-04:00,10.427494771798434,10.49761941624891,10.427494771798434,10.434507369995117,78300,0.0,0.0
2021-05-28 00:00:00-04:00,10.434507369995117,10.45554449582699,10.392432449573198,10.434507369995117,111200,0.0,0.0
2021-06-01 00:00:00-04:00,10.448531374884084,10.588780656768277,10.448531374884084,10.560730934143066,117100,0.0,0.0
2021-06-02 00:00:00-04:00,10.581766358010137,10.658902915641008,10.56072923661227,10.574753761291504,151800,0.0,0.0
2021-06-03 00:00:00-04:00,10.560730925853195,10.574755452775722,10.462556562362952,10.511643409729004,148100,0.0,0.0
2021-06-04 00:00:00-04:00,10.58176635452035,10.644878387451172,10.56072923312942,10.644878387451172,103200,0.0,0.0
2021-06-07 00:00:00-04:00,10.644878826452242,10.693965667974792,10.581766790918643,10.651890754699707,150000,0.0,0.0
2021-06-08 00:00:00-04:00,10.679943136230769,10.69396833373798,10.616831753722995,10.637868881225586,137000,0.0,0.0
2021-06-09 00:00:00-04:00,10.672929763793945,10.686954290647522,10.637867443522799,10.672929763793945,143700,0.0,0.0
2021-06-10 00:00:00-04:00,10.68695663773709,10.70799443577502,10.644882379177794,10.679944038391113,193200,0.0,0.0
2021-06-11 00:00:00-04:00,10.644881405342796,10.806167162995518,10.644881405342796,10.750067710876465,183900,0.0,0.0
2021-06-14 00:00:00-04:00,10.764417163374674,10.857708860916574,10.735712078314338,10.800298690795898,111500,0.35,0.0
2021-06-15 00:00:00-04:00,10.764419939363336,10.82183012428927,10.606541588625326,10.613718032836914,119100,0.0,0.0
2021-06-16 00:00:00-04:00,10.59936330135879,10.692654316330472,10.527600245121718,10.53477668762207,125400,0.0,0.0
2021-06-17 00:00:00-04:00,10.53477672331195,10.606539095408916,10.348193323970028,10.391250610351562,122400,0.0,0.0
2021-06-18 00:00:00-04:00,10.326667187514582,10.39842957703143,9.975028946663473,9.982205390930176,178200,0.0,0.0
2021-06-21 00:00:00-04:00,9.996556413093574,10.125728963860574,9.98220352723987,10.111376762390137,130400,0.0,0.0
2021-06-22 00:00:00-04:00,10.154435098170167,10.154435098170167,10.082672714652299,10.097024917602539,77500,0.0,0.0
2021-06-23 00:00:00-04:00,10.089849009311816,10.140082745470803,10.010909498909607,10.053967475891113,102100,0.0,0.0
2021-06-24 00:00:00-04:00,10.082673219137947,10.140083402578089,10.082673219137947,10.125730514526367,96800,0.0,0.0
2021-06-25 00:00:00-04:00,10.168786559554432,10.204668088473436,10.132905030635428,10.197491645812988,125500,0.0,0.0
2021-06-28 00:00:00-04:00,10.3984293657819,10.40560580990281,10.233375257301256,10.36972427368164,230500,0.0,0.0
2021-06-29 00:00:00-04:00,10.355368666953568,10.369720866095742,10.19749037009072,10.276429176330566,126200,0.0,0.0
2021-06-30 00:00:00-04:00,10.326663584286065,10.333839341665573,10.254900535425726,10.276429176330566,211000,0.0,0.0
2021-07-01 00:00:00-04:00,10.297963188192707,10.31231539386653,10.276433853106774,10.290786743164062,98100,0.0,0.0
2021-07-02 00:00:00-04:00,10.319491392123215,10.391253786152383,10.269257647864455,10.384078025817871,80700,0.0,0.0
2021-07-06 00:00:00-04:00,10.391251388700862,10.463014450556418,10.283607480300809,10.419957160949707,140300,0.0,0.0
2021-07-07 00:00:00-04:00,10.470192415577634,10.520426155548588,10.41995867560668,10.506073951721191,162600,0.0,0.0
2021-07-08 00:00:00-04:00,10.448664659512529,10.520427053541695,10.341020041893621,10.384078025817871,196800,0.0,0.0
2021-07-09 00:00:00-04:00,10.448664313282686,10.58501333648841,10.434311424322392,10.527603149414062,160900,0.0,0.0
2021-07-12 00:00:00-04:00,10.549130334438566,10.549130334438566,10.48454371184755,10.498896598815918,147500,0.0,0.0
2021-07-13 00:00:00-04:00,10.498898455249412,10.534779994631648,10.434311821238076,10.441488265991211,166900,0.0,0.0
2021-07-14 00:00:00-04:00,10.455838605446163,10.506073025371187,10.434309959411621,10.434309959411621,57700,0.0,0.0
2021-07-15 00:00:00-04:00,10.419956577604223,10.419956577604223,10.190315203152538,10.197491645812988,128300,0.0,0.0
2021-07-16 00:00:00-04:00,10.197492766400423,10.470191458014778,10.197492766400423,10.305136680603027,77200,0.0,0.0
2021-07-19 00:00:00-04:00,10.197491621431832,10.262078236454972,10.025261104292285,10.132905006408691,185200,0.0,0.0
2021-07-20 00:00:00-04:00,10.15443517247316,10.226198240899476,10.132906525698603,10.219021797180176,75400,0.0,0.0
2021-07-21 00:00:00-04:00,10.233372981108301,10.470190109356421,10.233372981108301,10.391250610351562,132600,0.0,0.0
2021-07-22 00:00:00-04:00,10.405603495400893,10.44148502364099,10.384074852210125,10.391250610351562,49500,0.0,0.0
2021-07-23 00:00:00-04:00,10.40560580990281,10.419958698144628,10.341019181581382,10.36972427368164,98700,0.0,0.0
2021-07-26 00:00:00-04:00,10.369721967160796,10.434308581116325,10.369721967160796,10.391250610351562,95600,0.0,0.0
2021-07-27 00:00:00-04:00,10.34819598452429,10.477369245646207,10.312314447058936,10.355372428894043,91900,0.0,0.0
2021-07-28 00:00:00-04:00,10.34101757062316,10.34101757062316,10.247725864734768,10.29796028137207,69000,0.0,0.0
2021-07-29 00:00:00-04:00,10.30513748786657,10.376900559212151,10.247727304543455,10.262080192565918,70000,0.0,0.0
2021-07-30 00:00:00-04:00,10.21184616181315,10.283609235920109,10.168788864855692,10.175965309143066,63600,0.0,0.0
2021-08-02 00:00:00-04:00,10.175965309143066,10.262080587441378,10.118555123610859,10.175965309143066,97100,0.0,0.0
2021-08-03 00:00:00-04:00,10.175963909899245,10.211844757635541,10.118553732261212,10.204668998718262,59600,0.0,0.0
2021-08-04 00:00:00-04:00,10.147259338886716,10.197493075787557,10.046791180701698,10.097024917602539,149400,0.0,0.0
2021-08-05 00:00:00-04:00,10.118556256649176,10.211847305297852,10.111379811558209,10.211847305297852,60600,0.0,0.0
2021-08-06 00:00:00-04:00,10.226197242736816,10.247725887409997,10.161610624333996,10.226197242736816,68100,0.0,0.0
2021-08-09 00:00:00-04:00,10.23337459564209,10.240551039298992,10.161611527839737,10.23337459564209,58200,0.0,0.0
2021-08-10 00:00:00-04:00,10.269256336463368,10.333842277526855,10.233374801839197,10.333842277526855,64900,0.0,0.0
2021-08-11 00:00:00-04:00,10.369721906608811,10.484542248800068,10.333840378578238,10.470190048217773,98400,0.0,0.0
2021-08-12 00:00:00-04:00,10.506074590793647,10.520426795494071,10.427135069599343,10.513250350952148,49300,0.0,0.0
2021-08-13 00:00:00-04:00,10.498898551752694,10.520427201826545,10.477369901678841,10.491722106933594,57300,0.0,0.0
2021-08-16 00:00:00-04:00,10.477366516385702,10.570657531357382,10.463013631384996,10.53477668762207,114700,0.0,0.0
2021-08-17 00:00:00-04:00,10.534779942977591,10.534779942977591,10.333843597175674,10.384078025817871,106100,0.0,0.0
2021-08-18 00:00:00-04:00,10.412780849562758,10.470191026019874,10.369722875028279,10.398427963256836,89500,0.0,0.0
2021-08-19 00:00:00-04:00,10.333840257258965,10.434308397688431,10.276430086837332,10.28360652923584,94900,0.0,0.0
2021-08-20 00:00:00-04:00,10.283609353963334,10.412782615085248,10.283609353963334,10.355372428894043,50600,0.0,0.0
2021-08-23 00:00:00-04:00,10.419957204811169,10.491719582585521,10.376899230639934,10.41278076171875,102900,0.0,0.0
2021-08-24 00:00:00-04:00,10.391253837102704,10.45584047111404,10.391253837102704,10.441488265991211,59300,0.0,0.0
2021-08-25 00:00:00-04:00,10.412779877122144,10.491718691282829,10.412779877122144,10.470190048217773,64400,0.0,0.0
2021-08-26 00:00:00-04:00,10.448662292797566,10.448662292797566,10.369722787547515,10.41278076171875,77900,0.0,0.0
2021-08-27 00:00:00-04:00,10.42713207770444,10.513247334347883,10.405603434639385,10.470190048217773,60100,0.0,0.0
2021-08-30 00:00:00-04:00,10.49171877808329,10.498895220625421,10.419956405811659,10.45583724975586,86800,0.0,0.0
2021-08-31 00:00:00-04:00,10.441485558094243,10.541953021049123,10.419956913801519,10.484542846679688,97200,0.0,0.0
2021-09-01 00:00:00-04:00,10.520424967989538,10.649598209771755,10.520424967989538,10.635245323181152,127900,0.0,0.0
2021-09-02 00:00:00-04:00,10.656777429517213,10.728539828016848,10.656777429517213,10.714187622070312,95800,0.0,0.0
2021-09-03 00:00:00-04:00,10.714184849200885,10.721360608125302,10.649598228198027,10.69983196258545,75700,0.0,0.0
2021-09-07 00:00:00-04:00,10.71418371356249,10.71418371356249,10.549128956896286,10.59218692779541,141800,0.0,0.0
2021-09-08 00:00:00-04:00,10.563483788687721,10.656775505842111,10.563483788687721,10.585012435913086,121400,0.0,0.0
2021-09-09 00:00:00-04:00,10.592189872146452,10.6137185213888,10.513250350952148,10.513250350952148,78400,0.0,0.0
2021-09-10 00:00:00-04:00,10.541953924308478,10.656774967268749,10.520425278171132,10.628069877624512,125300,0.0,0.0
2021-09-13 00:00:00-04:00,10.63524563674808,10.728537349187683,10.556306811322258,10.628069877624512,147100,0.0,0.0
2021-09-14 00:00:00-04:00,10.753020256853583,10.753020256853583,10.36347153366931,10.40022087097168,177700,0.35,0.0
2021-09-15 00:00:00-04:00,10.400219574282758,10.436969607951848,10.341419800791652,10.385519981384277,81900,0.0,0.0
2021-09-16 00:00:00-04:00,10.370820494944365,10.40022038397881,10.289970975336802,10.334071159362793,109300,0.0,0.0
2021-09-17 00:00:00-04:00,10.334070858122207,10.341420304455097,10.076821310858215,10.106221199035645,176300,0.0,0.0
2021-09-20 00:00:00-04:00,10.003321919206273,10.032721809380076,9.73872290764205,9.84897232055664,203300,0.0,0.0
2021-09-21 00:00:00-04:00,9.885722773329967,9.98862274373044,9.856322881922503,9.871023178100586,69600,0.0,0.0
2021-09-22 00:00:00-04:00,9.922472069639099,9.966572253921568,9.797522365278864,9.804872512817383,132100,0.0,0.0
2021-09-23 00:00:00-04:00,9.804871366478471,9.959220941998318,9.804871366478471,9.841621398925781,99400,0.0,0.0
2021-09-24 00:00:00-04:00,9.79752315793972,9.900423128958087,9.78282356262207,9.78282356262207,89600,0.0,0.0
2021-09-27 00:00:00-04:00,9.804870924402024,9.959220492962647,9.804870924402024,9.87837028503418,107200,0.0,0.0
2021-09-28 00:00:00-04:00,9.878370953966904,9.915120987245848,9.716671929057284,9.746071815490723,109600,0.0,0.0
2021-09-29 00:00:00-04:00,9.74607212709689,9.834271789217167,9.74607212709689,9.819571495056152,69100,0.0,0.0
2021-09-30 00:00:00-04:00,9.929820262045887,9.97391973669674,9.826920319613041,9.863670349121094,207700,0.0,0.0
2021-10-01 00:00:00-04:00,9.848973052793601,9.937173430821074,9.848973052793601,9.915122985839844,111700,0.0,0.0
2021-10-04 00:00:00-04:00,9.915121478343032,9.995971695750946,9.915121478343032,9.966571807861328,93800,0.0,0.0
2021-10-05 00:00:00-04:00,9.988619993979258,10.054769906672924,9.95186996459961,9.95186996459961,61600,0.0,0.0
2021-10-06 00:00:00-04:00,9.951869754048527,10.062119138906423,9.907769579536271,10.047419548034668,103900,0.0,0.0
2021-10-07 00:00:00-04:00,10.076821540746076,10.187070948689465,10.010671615600586,10.010671615600586,94700,0.0,0.0
2021-10-08 00:00:00-04:00,10.069472132894727,10.106222171891343,10.047422389876235,10.076822280883789,61500,0.0,0.0
2021-10-11 00:00:00-04:00,10.106221035705579,10.142971070570596,10.062120853677838,10.084171295166016,64900,0.0,0.0
2021-10-12 00:00:00-04:00,10.09151898914276,10.150319455286155,10.069469252431794,10.135619163513184,52500,0.0,0.0
2021-10-13 00:00:00-04:00,10.172371073724342,10.209121109006453,10.106221150406267,10.19442081451416,64700,0.0,0.0
2021-10-14 00:00:00-04:00,10.289974394628121,10.35612434217398,10.238524746958621,10.282624244689941,107300,0.0,0.0
2021-10-15 00:00:00-04:00,10.334070533023223,10.422270194780848,10.334070533023223,10.378170013427734,65200,0.0,0.0
2021-10-18 00:00:00-04:00,10.385519996346014,10.392870143280138,10.312019928901947,10.356120109558105,82700,0.0,0.0
2021-10-19 00:00:00-04:00,10.40022038397881,10.40022038397881,10.304671270328347,10.334071159362793,96400,0.0,0.0
2021-10-20 00:00:00-04:00,10.356120212341008,10.525169387812118,10.34141991832686,10.495769500732422,75000,0.0,0.0
2021-10-21 00:00:00-04:00,10.4957711069888,10.52517099856781,10.422271728515625,10.422271728515625,70600,0.0,0.0
2021-10-22 00:00:00-04:00,10.43697033482969,10.525170001208975,10.429620187394256,10.481070518493652,58700,0.0,0.0
2021-10-25 00:00:00-04:00,10.481069907666871,10.554569274891817,10.481069907666871,10.495769500732422,82400,0.0,0.0
2021-10-26 00:00:00-04:00,10.466369613652724,10.532519534819192,10.466369613652724,10.495769500732422,69400,0.0,0.0
2021-10-27 00:00:00-04:00,10.532519355267471,10.554569094964206,10.481069728992232,10.503119468688965,44400,0.0,0.0
2021-10-28 00:00:00-04:00,10.510472073767362,10.591321605530256,10.473722031711956,10.576622009277344,64400,0.0,0.0
2021-10-29 00:00:00-04:00,10.583969778795165,10.598670073666032,10.451670629700557,10.481070518493652,110600,0.0,0.0
2021-11-01 00:00:00-04:00,10.48107080675371,10.613369959486931,10.48107080675371,10.583970069885254,96400,0.0,0.0
2021-11-02 00:00:00-04:00,10.591321808790328,10.591321808790328,10.517822424217725,10.539872169494629,70400,0.0,0.0
2021-11-03 00:00:00-04:00,10.517818020493989,10.56191749258371,10.473717847455795,10.525167465209961,53100,0.0,0.0
2021-11-04 00:00:00-04:00,10.495770129454392,10.510470424349124,10.43697035177275,10.45167064666748,64900,0.0,0.0
2021-11-05 00:00:00-04:00,10.488420845659883,10.613369849460199,10.47372055053711,10.47372055053711,58000,0.0,0.0
2021-11-08 00:00:00-05:00,10.53252179714259,10.628071625912295,10.53252179714259,10.606021881103516,49800,0.0,0.0
2021-11-09 00:00:00-05:00,10.58396987311195,10.635420204669835,10.539870390003644,10.620719909667969,71600,0.0,0.0
2021-11-10 00:00:00-05:00,10.642770426422741,10.65747072249535,10.620720683262522,10.628070831298828,46000,0.0,0.0
2021-11-11 00:00:00-05:00,10.650119098659303,10.650119098659303,10.436969741783704,10.46636962890625,235300,0.0,0.0
2021-11-12 00:00:00-05:00,10.473721705338944,10.54722178715941,10.436971664428711,10.436971664428711,57900,0.0,0.0
2021-11-15 00:00:00-05:00,10.488421421040949,10.539871054895812,10.444321234202002,10.517821311950684,87000,0.0,0.0
2021-11-16 00:00:00-05:00,10.525170758966599,10.576621093770152,10.510471163986077,10.517821311950684,74100,0.0,0.0
2021-11-17 00:00:00-05:00,10.481072013750415,10.539871799725134,10.45902156829834,10.45902156829834,87100,0.0,0.0
2021-11-18 00:00:00-05:00,10.466369555528322,10.51046973637726,10.223820313230652,10.26792049407959,195300,0.0,0.0
2021-11-19 00:00:00-05:00,10.304671846238051,10.348771331780037,10.201771878392275,10.25322151184082,76900,0.0,0.0
2021-11-22 00:00:00-05:00,10.25322015532613,10.356120109558105,10.223820268538223,10.356120109558105,61500,0.0,0.0
2021-11-23 00:00:00-05:00,10.35612099334953,10.525170181569512,10.319370956491248,10.47372055053711,62000,0.0,0.0
2021-11-24 00:00:00-05:00,10.481067993120238,10.525167465209961,10.444317965746489,10.525167465209961,41700,0.0,0.0
2021-11-26 00:00:00-05:00,10.451672184741533,10.451672184741533,10.282622273317843,10.370821952819824,67700,0.0,0.0
2021-11-29 00:00:00-05:00,10.436969741783704,10.488420069959608,10.40756985466116,10.46636962890625,55600,0.0,0.0
2021-11-30 00:00:00-05:00,10.473720474529824,10.473720474529824,10.297321140028576,10.304671287536621,122900,0.0,0.0
2021-12-01 00:00:00-05:00,10.37082107455103,10.466370894490247,10.25322151184082,10.25322151184082,104600,0.0,0.0
2021-12-02 00:00:00-05:00,10.282622273317843,10.503121822547168,10.267922677208553,10.370821952819824,109000,0.0,0.0
2021-12-03 00:00:00-05:00,10.436970765292877,10.436970765292877,10.289971315264546,10.348771095275879,101100,0.0,0.0
2021-12-06 00:00:00-05:00,10.4443198735801,10.547219828833342,10.422270133507476,10.495769500732422,83400,0.0,0.0
2021-12-07 00:00:00-05:00,10.561918399781067,10.679517936719293,10.561918399781067,10.642767906188965,67200,0.0,0.0
2021-12-08 00:00:00-05:00,10.657471519306915,10.6721718164786,10.591321583931832,10.606021881103516,67900,0.0,0.0
2021-12-09 00:00:00-05:00,10.628067401666765,10.628067401666765,10.510467874829544,10.525167465209961,70900,0.0,0.0
2021-12-10 00:00:00-05:00,10.547219441035947,10.576619327034678,10.451669636302931,10.569269180297852,110700,0.0,0.0
2021-12-13 00:00:00-05:00,10.547219922375264,10.561919515571184,10.29732052950721,10.31937026977539,141900,0.0,0.0
2021-12-14 00:00:00-05:00,10.326909029626727,10.545507808192117,10.289219436314928,10.409826278686523,116300,0.35,0.0
2021-12-15 00:00:00-05:00,10.40228684899108,10.40982491043649,10.259066557004722,10.341983795166016,131400,0.0,0.0
2021-12-16 00:00:00-05:00,10.387211211617357,10.447514268261097,10.251529693603516,10.251529693603516,119500,0.0,0.0
2021-12-17 00:00:00-05:00,10.251528540043283,10.326906992931375,10.145997843357085,10.176149368286133,105000,0.0,0.0
2021-12-20 00:00:00-05:00,10.123385766194133,10.372136060652691,10.05554464609286,10.1610746383667,154100,0.0,0.0
2021-12-21 00:00:00-05:00,10.161074230524546,10.545506749755415,10.161074230524546,10.281681060791016,72100,0.0,0.0
2021-12-22 00:00:00-05:00,10.274141156391503,10.35705766338839,10.274141156391503,10.304292678833008,60800,0.0,0.0
2021-12-23 00:00:00-05:00,10.349520150660299,10.470126965676698,10.334444748076397,10.41736125946045,49600,0.0,0.0
2021-12-27 00:00:00-05:00,10.439977809562123,10.462591278001522,10.341985154499127,10.409826278686523,87600,0.0,0.0
2021-12-28 00:00:00-05:00,10.41736463141859,10.545508829770943,10.41736463141859,10.432440757751465,91900,0.0,0.0
2021-12-29 00:00:00-05:00,10.485202164255844,10.620884379216252,10.439975238515055,10.60580825805664,95200,0.0,0.0
2021-12-30 00:00:00-05:00,10.605810411610745,10.741492654121998,10.432439296285626,10.703803062438965,81600,0.0,0.0
2021-12-31 00:00:00-05:00,10.824408664056117,10.899787843824168,10.733954079655938,10.877174377441406,202900,0.0,0.0
2022-01-03 00:00:00-05:00,10.922402138444806,10.922402138444806,10.779182548668233,10.824409484863281,94800,0.0,0.0
2022-01-04 00:00:00-05:00,10.85455955820568,10.892249145888366,10.741491514026722,10.81687068939209,81100,0.0,0.0
2022-01-05 00:00:00-05:00,10.862096710574228,10.862096710574228,10.651036043629512,10.658574104309082,68200,0.0,0.0
2022-01-06 00:00:00-05:00,10.696262969968863,10.831945186724983,10.651036043629512,10.658574104309082,70400,0.0,0.0
2022-01-07 00:00:00-05:00,10.681186894433095,10.696262295973266,10.583194268380527,10.673648834228516,85500,0.0,0.0
2022-01-10 00:00:00-05:00,10.688727657087254,10.703803062438965,10.56812153879688,10.703803062438965,80900,0.0,0.0
2022-01-11 00:00:00-05:00,10.688726129204731,10.688726129204731,10.553043906088352,10.666111946105957,90500,0.0,0.0
2022-01-12 00:00:00-05:00,10.733953452716365,10.847022215764419,10.718878048964747,10.81687068939209,88100,0.0,0.0
2022-01-13 00:00:00-05:00,10.839484154454063,10.85455955820568,10.786719163019761,10.81687068939209,42600,0.0,0.0
2022-01-14 00:00:00-05:00,10.809332966835152,10.854559898376465,10.771643377971314,10.854559898376465,55800,0.0,0.0
2022-01-18 00:00:00-05:00,10.854559939552216,10.892249528559026,10.77164341883253,10.779181480407715,87300,0.0,0.0
2022-01-19 00:00:00-05:00,10.877174023147331,10.94501513895501,10.764105257178159,10.83194637298584,132500,0.0,0.0
2022-01-20 00:00:00-05:00,10.899787650208484,10.982704171385166,10.786719601434,10.80179500579834,72700,0.0,0.0
2022-01-21 00:00:00-05:00,10.801795984654106,10.809334046953934,10.560583742013085,10.62088680267334,118800,0.0,0.0
2022-01-24 00:00:00-05:00,10.515355302178191,10.61334794815387,10.130922780012645,10.590734481811523,231900,0.0,0.0
2022-01-25 00:00:00-05:00,10.38720927027642,10.598270647951852,10.259065119140981,10.50781536102295,96300,0.0,0.0
2022-01-26 00:00:00-05:00,10.613346049860667,10.726414080218285,10.357057747589788,10.50781536102295,97800,0.0,0.0
2022-01-27 00:00:00-05:00,10.613348552791322,10.711341204349594,10.500280495769024,10.545507431030273,71100,0.0,0.0
2022-01-28 00:00:00-05:00,10.545506545294762,10.771643359214904,10.462590025033993,10.75656795501709,115200,0.0,0.0
2022-01-31 00:00:00-05:00,10.756568597975846,10.982704706543842,10.643499824822692,10.914863586425781,146000,0.0,0.0
2022-02-01 00:00:00-05:00,10.922402161355798,10.997781346997915,10.89225063087279,10.929940223693848,80300,0.0,0.0
2022-02-02 00:00:00-05:00,10.929937536926497,11.095771273252844,10.929937536926497,11.080695152282715,98800,0.0,0.0
2022-02-03 00:00:00-05:00,11.005318091927768,11.095772672548792,10.854559738690291,10.884711265563965,85000,0.0,0.0
2022-02-04 00:00:00-05:00,10.86963622474468,10.982704274581582,10.7188785853391,10.749030113220215,101200,0.0,0.0
2022-02-07 00:00:00-05:00,10.703803942832835,10.982705794036448,10.568122408030868,10.57565975189209,109000,0.0,0.0
2022-02-08 00:00:00-05:00,10.568121617530073,10.68118967455237,10.530432025566249,10.545507431030273,134600,0.0,0.0
2022-02-09 00:00:00-05:00,10.560580806635777,10.726413817922595,10.560580806635777,10.673648834228516,133600,0.0,0.0
2022-02-10 00:00:00-05:00,10.658575447369065,10.673650851758785,10.439976692199707,10.439976692199707,127900,0.0,0.0
2022-02-11 00:00:00-05:00,10.52289132652409,10.628422013804586,10.394747177279557,10.53796672821045,102100,0.0,0.0
2022-02-14 00:00:00-05:00,10.485204077658045,10.749030495143664,10.485204077658045,10.71134090423584,78300,0.0,0.0
2022-02-15 00:00:00-05:00,10.71887810862215,10.847022276135025,10.6811885207297,10.839484214782715,108900,0.0,0.0
2022-02-16 00:00:00-05:00,10.831946273252312,10.960090442182704,10.779181280940657,10.884711265563965,98000,0.0,0.0
2022-02-17 00:00:00-05:00,10.869638388297204,10.952554926757154,10.809335320531918,10.847024917602539,90200,0.0,0.0
2022-02-18 00:00:00-05:00,10.877174436326849,10.997780549513344,10.847022908030224,10.899787902832031,84700,0.0,0.0
2022-02-22 00:00:00-05:00,10.862100769246652,10.877176896239053,10.590736953207147,10.628426551818848,85700,0.0,0.0
2022-02-23 00:00:00-05:00,10.66611349167304,10.703803083429985,10.492742376007925,10.522893905639648,122000,0.0,0.0
2022-02-24 00:00:00-05:00,10.439977358396067,10.726416529901117,10.402287766713034,10.703803062438965,158700,0.0,0.0
2022-02-25 00:00:00-05:00,10.764103691066602,11.005316592051026,10.764103691066602,10.952550888061523,117500,0.0,0.0
2022-02-28 00:00:00-05:00,10.877173231013636,11.103309308745322,10.831945584145862,10.98270320892334,147200,0.0,0.0
2022-03-01 00:00:00-05:00,11.020396057710418,11.065623717969018,10.816873383719898,10.847024917602539,144700,0.0,0.0
2022-03-02 00:00:00-05:00,10.899786695012992,11.208840005524086,10.877173231013636,10.98270320892334,95100,0.0,0.0
2022-03-03 00:00:00-05:00,11.020392355615183,11.13346110884371,10.937475845009489,10.99777889251709,100200,0.0,0.0
2022-03-04 00:00:00-05:00,11.012854558094874,11.095771789550781,10.749028898662662,11.095771789550781,100800,0.0,0.0
2022-03-07 00:00:00-05:00,11.186227827332353,11.291757817372265,11.065621713647229,11.103310585021973,125300,0.0,0.0
2022-03-08 00:00:00-05:00,11.110848894773406,11.291758069337922,11.110848894773406,11.201303482055664,124000,0.0,0.0
2022-03-09 00:00:00-05:00,11.201303000226849,11.404826352009154,11.201303000226849,11.291757583618164,129000,0.0,0.0
2022-03-10 00:00:00-05:00,11.35959940612565,11.404827060063774,11.306834408922148,11.382213592529297,102000,0.0,0.0
2022-03-11 00:00:00-05:00,11.412363809335043,11.495280326668963,11.30683310819898,11.336984634399414,123700,0.0,0.0
2022-03-14 00:00:00-04:00,11.336984319628831,11.568509000050781,11.136330283526702,11.151764869689941,107800,0.35,0.0
2022-03-15 00:00:00-04:00,11.151764981867604,11.190352551658867,10.804478325739597,10.974263191223145,146200,0.0,0.0
2022-03-16 00:00:00-04:00,11.051439609273528,11.066874934402266,10.90480770053457,11.036005020141602,66800,0.0,0.0
2022-03-17 00:00:00-04:00,11.051437905365425,11.12861304711665,10.966545838236438,11.120895385742188,122000,0.0,0.0
2022-03-18 00:00:00-04:00,11.12089507323393,11.12089507323393,10.88165346532212,10.974263191223145,134800,0.0,0.0
2022-03-21 00:00:00-04:00,11.012850753280137,11.213504791259766,10.997415430975801,11.213504791259766,58100,0.0,0.0
2022-03-22 00:00:00-04:00,11.313832178247917,11.313832178247917,11.18263488264777,11.213504791259766,115700,0.0,0.0
2022-03-23 00:00:00-04:00,11.259809596928912,11.275244182653656,11.17491679945455,11.24437427520752,46100,0.0,0.0
2022-03-24 00:00:00-04:00,11.34470372163252,11.398726621485721,10.850785112666896,11.066874504089355,261900,0.0,0.0
2022-03-25 00:00:00-04:00,11.08230707711614,11.259809596928912,11.051437169670002,11.24437427520752,69000,0.0,0.0
2022-03-28 00:00:00-04:00,11.298398746843871,11.37557315826416,11.190353687659364,11.37557315826416,97300,0.0,0.0
2022-03-29 00:00:00-04:00,11.383291532948522,11.529923439025879,11.344703956823913,11.529923439025879,97300,0.0,0.0
2022-03-30 00:00:00-04:00,11.537639615031344,11.653402328491211,11.460465208721468,11.653402328491211,144700,0.0,0.0
2022-03-31 00:00:00-04:00,11.691987361990128,11.807750057611733,11.6765527775052,11.715140342712402,207400,0.0,0.0
2022-04-01 00:00:00-04:00,11.715140981951697,11.815468362566172,11.715140981951697,11.807750701904297,63700,0.0,0.0
2022-04-04 00:00:00-04:00,11.807752516578606,11.846340089821679,11.622533048207954,11.668837547302246,80000,0.0,0.0
2022-04-05 00:00:00-04:00,11.730576631454001,11.807751773080662,11.576227084197376,11.591662406921387,58700,0.0,0.0
2022-04-06 00:00:00-04:00,11.57622727047841,11.915796279907227,11.46046529217231,11.915796279907227,64300,0.0,0.0
2022-04-07 00:00:00-04:00,11.908080879526375,11.923515468478818,11.676556157265303,11.707426071166992,89200,0.0,0.0
2022-04-08 00:00:00-04:00,11.699708594145639,11.83090591430664,11.699708594145639,11.83090591430664,58600,0.0,0.0
2022-04-11 00:00:00-04:00,11.830904662673907,11.830904662673907,11.614815284797675,11.645685195922852,53300,0.0,0.0
2022-04-12 00:00:00-04:00,11.730577796450659,11.830905196130436,11.614815808510716,11.676555633544922,77200,0.0,0.0
2022-04-13 00:00:00-04:00,11.676556157265303,11.769165898970371,11.630250918414367,11.707426071166992,59900,0.0,0.0
2022-04-14 00:00:00-04:00,11.722859178179025,11.807751982674583,11.630249448181177,11.637967109680176,92700,0.0,0.0
2022-04-18 00:00:00-04:00,11.746012465400815,11.884926695979408,11.715142554605936,11.823186874389648,100700,0.0,0.0
2022-04-19 00:00:00-04:00,11.823186771906549,11.884926592961147,11.800034523010254,11.800034523010254,115400,0.0,0.0
2022-04-20 00:00:00-04:00,11.86177549279057,11.938950644581027,11.807753328135329,11.923515319824219,95200,0.0,0.0
2022-04-21 00:00:00-04:00,11.962099799390474,11.962099799390474,11.761445045471191,11.761445045471191,121000,0.0,0.0
2022-04-22 00:00:00-04:00,11.738294293448893,11.82318636044544,11.499051943190702,11.553074836730957,99100,0.0,0.0
2022-04-25 00:00:00-04:00,11.460465539863979,11.460465539863979,11.19035326998294,11.367855072021484,83600,0.0,0.0
2022-04-26 00:00:00-04:00,11.321549735838898,11.514486846898189,11.259809919179657,11.26752758026123,64800,0.0,0.0
2022-04-27 00:00:00-04:00,11.290679090207687,11.583943568186713,11.275243769052498,11.391006469726562,97600,0.0,0.0
2022-04-28 00:00:00-04:00,11.491335019708778,11.599379334813605,11.42187753942899,11.437312126159668,53700,0.0,0.0
2022-04-29 00:00:00-04:00,11.445031685809502,11.514489177609589,10.958829979205715,10.981982231140137,82100,0.0,0.0
2022-05-02 00:00:00-04:00,10.974263822827371,11.074591215660147,10.804478947572155,10.98969841003418,90900,0.0,0.0
2022-05-03 00:00:00-04:00,10.935674996069334,11.383289013658903,10.935674996069334,11.19806957244873,78600,0.0,0.0
2022-05-04 00:00:00-04:00,11.282963738950281,11.437313302110296,11.25981148847547,11.398726463317871,53600,0.0,0.0
2022-05-05 00:00:00-04:00,11.329267394545548,11.421877119514992,11.005132989154154,11.151764869689941,69200,0.0,0.0
2022-05-06 00:00:00-04:00,11.167200916824187,11.514487592004615,11.074591185842522,11.42187786102295,100800,0.0,0.0
2022-05-09 00:00:00-04:00,11.275245660158095,11.37557305650407,11.066873941590874,11.352420806884766,55400,0.0,0.0
2022-05-10 00:00:00-04:00,11.46818259732782,11.499052508297874,10.958828698323556,11.113178253173828,95300,0.0,0.0
2022-05-11 00:00:00-04:00,11.151764552869109,11.529921103083446,11.10546005969823,11.24437427520752,93500,0.0,0.0
2022-05-12 00:00:00-04:00,11.27524526532898,11.27524526532898,10.881654091596358,10.98969841003418,65000,0.0,0.0
2022-05-13 00:00:00-04:00,11.03600247643664,11.259809487240046,10.99741490850571,11.144046783447266,69700,0.0,0.0
2022-05-16 00:00:00-04:00,11.113176776563257,11.336983785358042,11.043720038106919,11.19806957244873,72300,0.0,0.0
2022-05-17 00:00:00-04:00,11.34470197764591,11.537639088612664,11.34470197764591,11.506769180297852,60700,0.0,0.0
2022-05-18 00:00:00-04:00,11.475900452850045,11.614815422559355,11.321550895393447,11.352420806884766,75300,0.0,0.0
2022-05-19 00:00:00-04:00,11.329267809197608,11.614814655636936,11.23665808083864,11.553074836730957,148200,0.0,0.0
2022-05-20 00:00:00-04:00,11.599378478604375,11.63024838578376,11.344701560375288,11.537638664245605,66900,0.0,0.0
2022-05-23 00:00:00-04:00,11.583943998217293,11.715141288920362,11.560791015625,11.560791015625,92000,0.0,0.0
2022-05-24 00:00:00-04:00,11.614815284797675,11.699707356392725,11.421878156266143,11.645685195922852,78600,0.0,0.0
2022-05-25 00:00:00-04:00,11.676553310214807,11.823185181495928,11.645683403840012,11.784598350524902,102500,0.0,0.0
2022-05-26 00:00:00-04:00,11.884926060200911,11.946665878487927,11.684272018766453,11.846339225769043,130300,0.0,0.0
2022-05-27 00:00:00-04:00,11.900363575790797,12.101018390198963,11.884928250376248,12.031560897827148,78300,0.0,0.0
2022-05-31 00:00:00-04:00,12.023841558332357,12.023841558332357,11.784599935744966,11.800034523010254,60800,0.0,0.0
2022-06-01 00:00:00-04:00,11.854056151537094,11.88492606068185,11.661119035383189,11.769164085388184,85400,0.0,0.0
2022-06-02 00:00:00-04:00,11.769164612482955,11.869492005695859,11.722859378693645,11.800034523010254,65300,0.0,0.0
2022-06-03 00:00:00-04:00,11.807752718112521,11.846340292014204,11.730577570309158,11.753729820251465,44500,0.0,0.0
2022-06-06 00:00:00-04:00,11.838622858258905,11.869492770776008,11.583945895993613,11.676555633544922,109300,0.0,0.0
2022-06-07 00:00:00-04:00,11.607096563374022,11.908078721364564,11.607096563374022,11.861773490905762,52600,0.0,0.0
2022-06-08 00:00:00-04:00,11.877207743192287,11.877207743192287,11.614813178220395,11.761445045471191,81600,0.0,0.0
2022-06-09 00:00:00-04:00,11.630247853674113,11.753727476742187,11.529920475932153,11.545355796813965,89500,0.0,0.0
2022-06-10 00:00:00-04:00,11.506770328478739,11.676555209150209,11.468182755235668,11.668837547302246,94700,0.0,0.0
2022-06-13 00:00:00-04:00,11.475900021828162,11.514487593742192,10.951110810189475,11.38329029083252,322200,0.0,0.0
2022-06-14 00:00:00-04:00,11.304240086167976,11.304240086167976,10.648119926452637,10.648119926452637,255700,0.35,0.0
2022-06-15 00:00:00-04:00,10.790409471086685,10.988036023699156,10.76669449586112,10.916891098022461,148400,0.0,0.0
2022-06-16 00:00:00-04:00,10.742980435382375,10.77460065633736,10.29239209830245,10.331916809082031,226800,0.0,0.0
2022-06-17 00:00:00-04:00,10.355632386159451,10.450493047613238,9.897138812190061,10.047334671020508,172700,0.0,0.0
2022-06-21 00:00:00-04:00,10.18962601960099,10.371442098549478,10.118480335182705,10.205435752868652,114500,0.0,0.0
2022-06-22 00:00:00-04:00,10.14219608778959,10.158006576152095,9.889234305074117,9.897139549255371,114500,0.0,0.0
2022-06-23 00:00:00-04:00,9.96828260695339,10.110573959862343,9.928757901265735,10.078953742980957,132200,0.0,0.0
2022-06-24 00:00:00-04:00,10.158005218546439,10.58487854677046,10.150099975421712,10.490017890930176,72500,0.0,0.0
2022-06-27 00:00:00-04:00,10.561163084036139,10.671834228920014,10.434682206389137,10.663928985595703,73000,0.0,0.0
2022-06-28 00:00:00-04:00,10.76669364278428,11.067086069420514,10.679738237923294,10.806219100952148,102800,0.0,0.0
2022-06-29 00:00:00-04:00,10.877365496746494,10.877365496746494,10.553258075254524,10.814125061035156,82400,0.0,0.0
2022-06-30 00:00:00-04:00,10.814125330110022,11.154042492044846,10.790409600714085,10.988036155700684,190000,0.0,0.0
2022-07-01 00:00:00-04:00,10.988037750593056,11.130329132080078,10.829936634432803,11.130329132080078,63900,0.0,0.0
2022-07-05 00:00:00-04:00,11.067085285141271,11.074990526991716,10.632306783876507,10.774598121643066,75100,0.0,0.0
2022-07-06 00:00:00-04:00,10.829935658092516,10.901081342422103,10.561163407907646,10.735074996948242,68800,0.0,0.0
2022-07-07 00:00:00-04:00,10.822029550084977,10.940605932457832,10.766694357308923,10.814125061035156,83100,0.0,0.0
2022-07-08 00:00:00-04:00,10.798315394955408,10.92479627598031,10.671834513930508,10.711359977722168,69200,0.0,0.0
2022-07-11 00:00:00-04:00,10.624402808227824,10.78250464853763,10.624402808227824,10.656023025512695,48100,0.0,0.0
2022-07-12 00:00:00-04:00,10.656023180101595,10.806219779797752,10.41887192396738,10.442586898803711,89300,0.0,0.0
2022-07-13 00:00:00-04:00,10.363537835464484,10.62440486708841,10.355633345025572,10.600689888000488,45500,0.0,0.0
2022-07-14 00:00:00-04:00,10.545353561680146,10.648119465290156,10.458397391148708,10.474207878112793,45900,0.0,0.0
2022-07-15 00:00:00-04:00,10.616498897283503,10.64021387306684,10.513732997041725,10.561162948608398,37900,0.0,0.0
2022-07-18 00:00:00-04:00,10.616498703479056,10.71926460184484,10.592782974243164,10.592782974243164,44100,0.0,0.0
2022-07-19 00:00:00-04:00,10.624403465450136,10.829935267458662,10.624403465450136,10.798315048217773,43900,0.0,0.0
2022-07-20 00:00:00-04:00,10.837841749833151,10.916892683916032,10.735075837079638,10.845746994018555,64700,0.0,0.0
2022-07-21 00:00:00-04:00,10.790409955939266,10.893175858381653,10.671834320597934,10.742980003356934,47700,0.0,0.0
2022-07-22 00:00:00-04:00,10.782505623767777,11.106613068723169,10.782505623767777,11.027562141418457,80200,0.0,0.0
2022-07-25 00:00:00-04:00,11.067088489697987,11.185664136247663,10.97222782168113,11.161949157714844,25700,0.0,0.0
2022-07-26 00:00:00-04:00,11.225188686852258,11.280524637426383,11.154043003175179,11.185663223266602,35200,0.0,0.0
2022-07-27 00:00:00-04:00,11.169852781414985,11.343764357825542,11.114517588237499,11.209378242492676,46800,0.0,0.0
2022-07-28 00:00:00-04:00,11.241000019485513,11.399101131836353,11.161949086367308,11.296335220336914,127500,0.0,0.0
2022-07-29 00:00:00-04:00,11.312145017407092,11.628347222790618,11.312145017407092,11.501866340637207,81000,0.0,0.0
2022-08-01 00:00:00-04:00,11.462340205548564,11.58091583715522,11.414909500574614,11.517675399780273,49900,0.0,0.0
2022-08-02 00:00:00-04:00,11.51767544995717,11.67577729796879,11.462340255484394,11.57301139831543,85100,0.0,0.0
2022-08-03 00:00:00-04:00,11.644155456972424,11.691586158616177,11.56510529274674,11.620440483093262,43600,0.0,0.0
2022-08-04 00:00:00-04:00,11.667871184737013,11.762731834139093,11.604630751802295,11.620440483093262,44200,0.0,0.0
2022-08-05 00:00:00-04:00,11.612536055842694,11.770637903165541,11.501865667379278,11.517675399780273,40600,0.0,0.0
2022-08-08 00:00:00-04:00,11.565106155137752,11.683681787260983,11.430720036659165,11.57301139831543,63600,0.0,0.0
2022-08-09 00:00:00-04:00,11.636250353349164,11.715300513397423,11.612534626837837,11.691585540771484,65400,0.0,0.0
2022-08-10 00:00:00-04:00,11.77854371310157,11.84968940159702,11.731113756694981,11.80225944519043,81700,0.0,0.0
2022-08-11 00:00:00-04:00,11.889214867859556,11.889214867859556,11.762733978927896,11.80225944519043,68500,0.0,0.0
2022-08-12 00:00:00-04:00,11.865499064987956,11.92873950505849,11.857593821507761,11.905024528503418,75800,0.0,0.0
2022-08-15 00:00:00-04:00,11.873405536977522,11.952455718302042,11.80225984606554,11.920835494995117,78700,0.0,0.0
2022-08-16 00:00:00-04:00,11.912927771716593,12.03940863862469,11.912927771716593,12.015693664550781,76800,0.0,0.0
2022-08-17 00:00:00-04:00,11.999882969819978,11.999882969819978,11.841781144991304,11.85759162902832,50500,0.0,0.0
2022-08-18 00:00:00-04:00,11.936645311919602,12.047315710323655,11.928740068066297,11.968265533447266,50200,0.0,0.0
2022-08-19 00:00:00-04:00,11.928740739293247,11.97617069731084,11.873405536977522,11.920835494995117,41400,0.0,0.0
2022-08-22 00:00:00-04:00,11.841782912919195,11.85759339931665,11.675777329058828,11.754827499389648,100500,0.0,0.0
2022-08-23 00:00:00-04:00,11.73111252367895,11.833878423605952,11.699492304769526,11.754827499389648,42300,0.0,0.0
2022-08-24 00:00:00-04:00,11.770636610591183,11.952452659606934,11.770636610591183,11.952452659606934,41100,0.0,0.0
2022-08-25 00:00:00-04:00,11.952456156296764,12.134273012388416,11.94455091170895,12.094747543334961,43200,0.0,0.0
2022-08-26 00:00:00-04:00,12.086841647166157,12.150082092688255,11.715303464309644,11.770639419555664,77500,0.0,0.0
2022-08-29 00:00:00-04:00,11.707399250546157,11.905025835941776,11.699494006197789,11.786449432373047,51400,0.0,0.0
2022-08-30 00:00:00-04:00,11.849689302064956,11.849689302064956,11.478151882420342,11.54139232635498,88200,0.0,0.0
2022-08-31 00:00:00-04:00,11.478150741839748,11.636251835965885,11.462340255484394,11.57301139831543,71100,0.0,0.0
2022-09-01 00:00:00-04:00,11.525581531574772,11.683682637202132,11.478151576829335,11.65206241607666,35400,0.0,0.0
2022-09-02 00:00:00-04:00,11.746920728193805,11.857591856923834,11.636250353349164,11.691585540771484,70200,0.0,0.0
2022-09-06 00:00:00-04:00,11.731111999362689,11.739017242208096,11.636251346874165,11.715301513671875,49500,0.0,0.0
2022-09-07 00:00:00-04:00,11.636252513134151,11.96035996342544,11.62834726949643,11.897119522094727,57800,0.0,0.0
2022-09-08 00:00:00-04:00,11.865498629866957,11.968264529684413,11.810162681420337,11.912928581237793,23000,0.0,0.0
2022-09-09 00:00:00-04:00,11.991978743973014,12.126364854133723,11.960358527104933,12.071029663085938,59100,0.0,0.0
2022-09-12 00:00:00-04:00,12.150081244682735,12.323992834673268,12.023600362466171,12.213321685791016,98300,0.0,0.0
2022-09-13 00:00:00-04:00,12.039409637451172,12.29237214613935,12.015694661409794,12.039409637451172,97300,0.0,0.0
2022-09-14 00:00:00-04:00,12.128411377401633,12.128411377401633,12.007046660405859,12.096047401428223,66500,0.35,0.0
2022-09-15 00:00:00-04:00,12.01513857762595,12.087956949278738,11.707680401381143,11.748135566711426,125700,0.0,0.0
2022-09-16 00:00:00-04:00,11.651039965433213,11.723859090605082,11.424492176156887,11.537766456604004,63300,0.0,0.0
2022-09-19 00:00:00-04:00,11.359765676873455,11.562040707281897,11.359765676873455,11.489221572875977,61700,0.0,0.0
2022-09-20 00:00:00-04:00,11.448765783503159,11.464948155423455,11.262673136127514,11.35976505279541,56300,0.0,0.0
2022-09-21 00:00:00-04:00,11.375948678312144,11.545859744109158,11.319311141967773,11.319311141967773,62400,0.0,0.0
2022-09-22 00:00:00-04:00,11.303130270995537,11.319311874127703,11.117036819458008,11.117036819458008,62900,0.0,0.0
2022-09-23 00:00:00-04:00,11.044216270425002,11.0765802441876,10.48593753011569,10.62348461151123,132400,0.0,0.0
2022-09-26 00:00:00-04:00,10.534483658149677,10.922851335248549,10.29175347415389,10.332208633422852,165700,0.0,0.0
2022-09-27 00:00:00-04:00,10.388844273186637,10.502117780983726,10.235114838865014,10.243206024169922,88700,0.0,0.0
2022-09-28 00:00:00-04:00,10.299843816754237,10.71248504950239,10.291753402251356,10.663939476013184,155000,0.0,0.0
2022-09-29 00:00:00-04:00,10.607303969146514,10.607303969146514,10.283664178726516,10.477848052978516,81900,0.0,0.0
2022-09-30 00:00:00-04:00,10.477847224707459,10.69630464468555,10.31602734228928,10.35648250579834,204500,0.0,0.0
2022-10-03 00:00:00-04:00,10.558756421223425,10.769122631652657,10.494028475186427,10.720576286315918,74500,0.0,0.0
2022-10-04 00:00:00-04:00,10.833850573708087,11.214127063631194,10.833850573708087,11.173672676086426,65000,0.0,0.0
2022-10-05 00:00:00-04:00,11.076580328546145,11.076580328546145,10.874305298084895,10.890487670898438,56700,0.0,0.0
2022-10-06 00:00:00-04:00,10.850032767642613,10.850032767642613,10.49402904510498,10.49402904510498,51000,0.0,0.0
2022-10-07 00:00:00-04:00,10.364572372148594,10.591120178666856,10.194661324355405,10.2755708694458,67400,0.0,0.0
2022-10-10 00:00:00-04:00,10.291752499103561,10.429299564615903,10.210842188231156,10.267478942871094,79700,0.0,0.0
2022-10-11 00:00:00-04:00,10.210842740520869,10.37266259940037,10.138023611120605,10.194661140441895,74100,0.0,0.0
2022-10-12 00:00:00-04:00,10.16229682414838,10.259388736184514,10.024749755859375,10.024749755859375,102700,0.0,0.0
2022-10-13 00:00:00-04:00,9.822475963777078,10.340299558824292,9.733474454664822,10.283662796020508,122900,0.0,0.0
2022-10-14 00:00:00-04:00,10.396936191883333,10.534483265297604,9.95193099975586,9.95193099975586,114800,0.0,0.0
2022-10-17 00:00:00-04:00,10.09756944467978,10.30793566768178,10.08138784301241,10.251298904418945,80600,0.0,0.0
2022-10-18 00:00:00-04:00,10.413117936252087,10.51830103923863,10.31602601925327,10.429300308227539,63900,0.0,0.0
2022-10-19 00:00:00-04:00,10.356481896444112,10.477846608212378,10.283662760735943,10.372663497924805,59300,0.0,0.0
2022-10-20 00:00:00-04:00,10.372662038358055,10.542573073895776,10.1865694036166,10.267478942871094,78800,0.0,0.0
2022-10-21 00:00:00-04:00,10.251298083080478,10.372662786525057,10.194661324355405,10.2755708694458,71800,0.0,0.0
2022-10-24 00:00:00-04:00,10.34029758232501,10.34029758232501,10.178477739803858,10.22702407836914,48400,0.0,0.0
2022-10-25 00:00:00-04:00,10.170388896625683,10.437391891170648,10.170388896625683,10.421210289001465,66300,0.0,0.0
2022-10-26 00:00:00-04:00,10.502118638201164,10.59112014058393,10.429300279367034,10.518301010131836,65200,0.0,0.0
2022-10-27 00:00:00-04:00,10.566848670210664,10.744850153907048,10.494029530690298,10.599212646484375,64300,0.0,0.0
2022-10-28 00:00:00-04:00,10.62348493574977,10.825759970844127,10.574938587815193,10.79339599609375,89500,0.0,0.0
2022-10-31 00:00:00-04:00,10.744850769820324,10.858125079080423,10.63966764799697,10.728669166564941,63100,0.0,0.0
2022-11-01 00:00:00-04:00,10.833851418327193,10.947124946872247,10.72866830495104,10.841941833496094,49600,0.0,0.0
2022-11-02 00:00:00-04:00,10.817669082879398,11.068490472832384,10.744849944776336,10.752941131591797,54500,0.0,0.0
2022-11-03 00:00:00-04:00,10.663940436688975,11.011852983430403,10.518302159865371,10.809577941894531,38100,0.0,0.0
2022-11-04 00:00:00-04:00,11.03612682005048,11.044217235484583,10.752941446169105,10.922852516174316,47700,0.0,0.0
2022-11-07 00:00:00-05:00,10.971395550020608,11.044213896621642,10.744847010757946,10.78530216217041,61400,0.0,0.0
2022-11-08 00:00:00-05:00,10.785305294939432,10.92285238672392,10.736759716437884,10.898579597473145,39000,0.0,0.0
2022-11-09 00:00:00-05:00,10.866214800539714,10.882396401612013,10.615393425166081,10.62348461151123,44400,0.0,0.0
2022-11-10 00:00:00-05:00,10.922851643443583,11.246491383491005,10.89048766943884,11.189854621887207,60300,0.0,0.0
2022-11-11 00:00:00-05:00,11.262674545737472,11.262674545737472,11.060399501125259,11.254583358764648,55500,0.0,0.0
2022-11-14 00:00:00-05:00,11.181762968453766,11.206036526656996,10.995670318603516,10.995670318603516,59600,0.0,0.0
2022-11-15 00:00:00-05:00,11.052306036376248,11.214125884392859,10.801485464854974,10.874303817749023,70600,0.0,0.0
2022-11-16 00:00:00-05:00,10.866214589134495,11.003761667854018,10.825759429813814,10.93094253540039,37900,0.0,0.0
2022-11-17 00:00:00-05:00,10.906669389700827,10.963306923540944,10.696303942182436,10.769123077392578,80500,0.0,0.0
2022-11-18 00:00:00-05:00,10.777214235707545,10.971398866869263,10.728668656630665,10.922852516174316,63400,0.0,0.0
2022-11-21 00:00:00-05:00,10.858122905671754,10.914759663156094,10.78530377655306,10.825758934020996,69000,0.0,0.0
2022-11-22 00:00:00-05:00,10.882396484491666,11.100853887766458,10.882396484491666,10.890487670898438,55100,0.0,0.0
2022-11-23 00:00:00-05:00,10.930943703226486,11.08467239912736,10.88239735253154,10.922852516174316,72000,0.0,0.0
2022-11-25 00:00:00-05:00,10.995670481666286,11.060398427932181,10.93094253540039,10.93094253540039,33200,0.0,0.0
2022-11-28 00:00:00-05:00,10.88239574432373,11.060397975075821,10.85812295837234,10.88239574432373,73600,0.0,0.0
2022-11-29 00:00:00-05:00,10.841941357918262,10.890487704892418,10.728667834341909,10.80148696899414,57700,0.0,0.0
2022-11-30 00:00:00-05:00,10.704395441198033,11.01185361454794,10.696305025502632,11.003763198852539,128300,0.0,0.0
2022-12-01 00:00:00-05:00,11.084672927856445,11.13321928086701,11.01185378414965,11.084672927856445,89400,0.0,0.0
2022-12-02 00:00:00-05:00,10.971398152788739,11.15749081316826,10.882396644243736,11.125126838684082,44800,0.0,0.0
2022-12-05 00:00:00-05:00,11.100852860697243,11.10894327473747,10.825758721263226,10.833849906921387,75300,0.0,0.0
2022-12-06 00:00:00-05:00,10.809574944370754,10.825757313582873,10.720574228557602,10.78530216217041,56800,0.0,0.0
2022-12-07 00:00:00-05:00,10.76103189089856,10.850032627478724,10.720576730046478,10.769123077392578,86200,0.0,0.0
2022-12-08 00:00:00-05:00,10.761031577533892,10.793395550949503,10.704394045343077,10.74484920501709,106500,0.0,0.0
2022-12-09 00:00:00-05:00,10.688211653799515,10.761030781502452,10.680120468139648,10.680120468139648,74300,0.0,0.0
2022-12-12 00:00:00-05:00,10.761030309946346,10.874303817749023,10.696302370739701,10.874303817749023,171900,0.0,0.0
2022-12-13 00:00:00-05:00,11.173674274345434,11.173674274345434,10.85003372636854,11.003763198852539,162800,0.0,0.0
2022-12-14 00:00:00-05:00,11.00375937630701,11.161548784921134,10.945626561343943,11.070197105407715,89800,0.35,0.0
2022-12-15 00:00:00-05:00,10.904106310768752,11.19477127163131,10.796144768048213,10.879192352294922,99800,0.0,0.0
2022-12-16 00:00:00-05:00,10.796143729550415,10.995456962169715,10.538696876750198,10.679877281188965,120100,0.0,0.0
2022-12-19 00:00:00-05:00,10.61344037159463,10.746315870456465,10.530393580806207,10.571916580200195,77300,0.0,0.0
2022-12-20 00:00:00-05:00,10.52208894461755,10.721402198223453,10.513784027717188,10.654964447021484,70600,0.0,0.0
2022-12-21 00:00:00-05:00,10.713096961209521,11.045286499293809,10.713096961209521,11.036981582641602,71900,0.0,0.0
2022-12-22 00:00:00-05:00,10.995457032345696,11.0037619484246,10.596830564562953,10.945629119873047,127600,0.0,0.0
2022-12-23 00:00:00-05:00,10.929018884787705,11.277817427238409,10.879190974152097,11.219684600830078,93400,0.0,0.0
2022-12-27 00:00:00-05:00,11.244597604056572,11.269511557264888,11.061893432528244,11.194768905639648,61800,0.0,0.0
2022-12-28 00:00:00-05:00,11.219685120633544,11.369169651466288,11.06189488164292,11.095113754272461,106600,0.0,0.0
2022-12-29 00:00:00-05:00,11.136637322258714,11.377474342048037,11.136637322258714,11.277817726135254,73900,0.0,0.0
2022-12-30 00:00:00-05:00,11.311036298328935,11.56017822750806,11.111723071785779,11.219684600830078,234600,0.0,0.0
2023-01-03 00:00:00-05:00,11.186466537466135,11.319342031422606,11.111723874115516,11.17816162109375,76100,0.0,0.0
2023-01-04 00:00:00-05:00,11.128333458358194,11.468827918251632,11.128333458358194,11.385780334472656,71900,0.0,0.0
2023-01-05 00:00:00-05:00,11.327646328002954,11.34425536783854,11.08680931038414,11.103418350219727,66100,0.0,0.0
2023-01-06 00:00:00-05:00,11.16985659709779,11.502046120788677,11.16985659709779,11.468827247619629,79800,0.0,0.0
2023-01-09 00:00:00-05:00,11.460521972076723,11.701358993002957,11.435608015981012,11.585092544555664,93300,0.0,0.0
2023-01-10 00:00:00-05:00,11.6100086875515,11.668142318725586,11.593399644359287,11.668142318725586,41600,0.0,0.0
2023-01-11 00:00:00-05:00,11.668140219349027,11.776101752675435,11.62661643083881,11.759491920471191,63000,0.0,0.0
2023-01-12 00:00:00-05:00,11.751187324523926,11.867453777120073,11.726273367539184,11.751187324523926,97200,0.0,0.0
2023-01-13 00:00:00-05:00,11.72627373405416,11.734578650642124,11.593398236648518,11.63492202758789,87700,0.0,0.0
2023-01-17 00:00:00-05:00,11.701357537177378,11.767795273167005,11.634919801187749,11.643224716186523,57200,0.0,0.0
2023-01-18 00:00:00-05:00,11.668140848702876,11.726273680552502,11.369170188903809,11.369170188903809,60300,0.0,0.0
2023-01-19 00:00:00-05:00,11.30273197859813,11.352560683861782,11.211380276281902,11.33595085144043,54100,0.0,0.0
2023-01-20 00:00:00-05:00,11.377473957582449,11.485435485839844,11.252903389901029,11.485435485839844,34800,0.0,0.0
2023-01-23 00:00:00-05:00,11.493740844204467,11.65153028881115,11.44391214001266,11.585092544555664,74600,0.0,0.0
2023-01-24 00:00:00-05:00,11.477131354238063,11.742883131181626,11.394084567443532,11.510350227355957,92300,0.0,0.0
2023-01-25 00:00:00-05:00,11.410692534516826,11.46052123550613,11.294426885542341,11.402387619018555,96200,0.0,0.0
2023-01-26 00:00:00-05:00,11.427303440561426,11.510350227355957,11.335950945486909,11.510350227355957,61300,0.0,0.0
2023-01-27 00:00:00-05:00,11.502046565751993,11.58509335588712,11.460522774684208,11.543569564819336,77000,0.0,0.0
2023-01-30 00:00:00-05:00,11.560178780822442,11.560178780822442,11.45221724661069,11.493741035461426,50500,0.0,0.0
2023-01-31 00:00:00-05:00,11.477130674428619,11.668139777543033,11.41899784791571,11.659834861755371,50900,0.0,0.0
2023-02-01 00:00:00-05:00,11.651530704584548,11.817625071150177,11.560179000973555,11.751187324523926,80800,0.0,0.0
2023-02-02 00:00:00-05:00,11.80932111716305,11.834235074507157,11.676445621993915,11.726273536682129,41800,0.0,0.0
2023-02-03 00:00:00-05:00,11.668140315034194,11.693054271544474,11.468827078951144,11.493741035461426,67500,0.0,0.0
2023-02-06 00:00:00-05:00,11.460521697998047,11.518654524831254,11.394083955331421,11.460521697998047,69700,0.0,0.0
2023-02-07 00:00:00-05:00,11.460519148379857,11.53526179025193,11.335947814593005,11.518651962280273,42900,0.0,0.0
2023-02-08 00:00:00-05:00,11.502045682934297,11.502045682934297,11.30273165950699,11.344255447387695,40900,0.0,0.0
2023-02-09 00:00:00-05:00,11.385778637138085,11.385778637138085,11.20307445526123,11.20307445526123,55000,0.0,0.0
2023-02-10 00:00:00-05:00,11.14494158806772,11.36916876279022,11.128331757051066,11.360864639282227,46700,0.0,0.0
2023-02-13 00:00:00-05:00,11.377475417694667,11.576788668363664,11.319342584249657,11.385780334472656,132500,0.0,0.0
2023-02-14 00:00:00-05:00,11.40238905496363,11.460522678772188,11.31103734897937,11.394084930419922,68400,0.0,0.0
2023-02-15 00:00:00-05:00,11.35256033460522,11.468826781976587,11.335950502694864,11.43560791015625,58200,0.0,0.0
2023-02-16 00:00:00-05:00,11.335951456430225,11.543569620775104,11.302732581815063,11.410694122314453,58900,0.0,0.0
2023-02-17 00:00:00-05:00,11.360864625527856,11.535263890989919,11.344254794531311,11.402387619018555,60400,0.0,0.0
2023-02-21 00:00:00-05:00,11.344255879235392,11.493741204496313,11.302732089773981,11.468827247619629,119900,0.0,0.0
2023-02-22 00:00:00-05:00,11.452216315018298,11.543568009458498,11.402387614050705,11.427302360534668,58600,0.0,0.0
2023-02-23 00:00:00-05:00,11.50204610307679,11.560178933033002,11.41899852428185,11.510350227355957,58800,0.0,0.0
2023-02-24 00:00:00-05:00,11.460519148379857,11.551870826223396,11.369166678536129,11.518651962280273,63400,0.0,0.0
2023-02-27 00:00:00-05:00,11.568483227831406,11.58509226749788,11.452216782164628,11.460521697998047,71100,0.0,0.0
2023-02-28 00:00:00-05:00,11.435608261967735,11.510350131862609,11.33595085144043,11.33595085144043,61800,0.0,0.0
2023-03-01 00:00:00-05:00,11.319342934307773,11.344256893411764,11.194771554786858,11.31103801727295,74300,0.0,0.0
2023-03-02 00:00:00-05:00,11.227990875693148,11.435609043140133,11.178162167025672,11.385780334472656,61300,0.0,0.0
2023-03-03 00:00:00-05:00,11.394083453685601,11.626615542781131,11.38577853821782,11.56017780303955,74300,0.0,0.0
2023-03-06 00:00:00-05:00,11.568483817099118,11.701359309200694,11.568483817099118,11.601702690124512,64700,0.0,0.0
2023-03-07 00:00:00-05:00,11.551874509268922,11.60170321707042,11.41899901113218,11.477131843566895,87200,0.0,0.0
2023-03-08 00:00:00-05:00,11.427303557634367,11.634921714748362,11.394084684176146,11.618311882019043,50700,0.0,0.0
2023-03-09 00:00:00-05:00,11.593395899197343,11.601700814110876,11.385777778360715,11.443910598754883,106300,0.0,0.0
2023-03-10 00:00:00-05:00,11.418999411246372,11.51865603834083,11.244600115830954,11.294428825378418,133300,0.0,0.0
2023-03-13 00:00:00-04:00,11.28612293817718,11.61000675038951,11.128332698175951,11.33595085144043,179200,0.0,0.0
2023-03-14 00:00:00-04:00,11.489369383495964,11.591649354942707,11.395613691319365,11.523463249206543,85400,0.35,0.0
2023-03-15 00:00:00-04:00,11.344474441133732,11.42970666630189,11.080252673574716,11.191055297851562,125600,0.0,0.0
2023-03-16 00:00:00-04:00,11.097299807700479,11.438230340245076,11.097299807700479,11.361520767211914,87400,0.0,0.0
2023-03-17 00:00:00-04:00,11.318903529998451,11.318903529998451,10.93535650198581,11.071728706359863,190300,0.0,0.0
2023-03-20 00:00:00-04:00,11.012065890735647,11.1825311434258,10.943879789659585,10.99501895904541,98100,0.0,0.0
2023-03-21 00:00:00-04:00,11.165487256910161,11.165487256910161,10.798986280719424,10.83307933807373,179500,0.0,0.0
2023-03-22 00:00:00-04:00,10.824553718835935,10.901263285845559,10.526239729494822,10.534762382507324,228200,0.0,0.0
2023-03-23 00:00:00-04:00,10.52624191761474,10.611474155354337,10.227927053419624,10.262020111083984,146400,0.0,0.0
2023-03-24 00:00:00-04:00,10.227925036668816,10.423959876373926,10.20235545167303,10.406913757324219,107800,0.0,0.0
2023-03-27 00:00:00-04:00,10.483622592681288,10.645564370129938,10.47509912733073,10.577378273010254,109400,0.0,0.0
2023-03-28 00:00:00-04:00,10.594426807596715,10.807508596564679,10.594426807596715,10.662612915039062,73400,0.0,0.0
2023-03-29 00:00:00-04:00,10.807508174334,10.969449969972157,10.790461241718148,10.858647346496582,92200,0.0,0.0
2023-03-30 00:00:00-04:00,10.935356975073065,11.06320571899414,10.935356975073065,11.06320571899414,88100,0.0,0.0
2023-03-31 00:00:00-04:00,11.182532034415374,11.497892980229752,11.139915514636673,11.361520767211914,200500,0.0,0.0
2023-04-03 00:00:00-04:00,11.446753953555413,11.463800073979979,11.318904392579846,11.344474792480469,67600,0.0,0.0
2023-04-04 00:00:00-04:00,11.293335434869007,11.352998078943601,11.242195445060382,11.301858901977539,46000,0.0,0.0
2023-04-05 00:00:00-04:00,11.250719564166623,11.523464837547722,11.250719564166623,11.48084831237793,63700,0.0,0.0
2023-04-06 00:00:00-04:00,11.497893009143683,11.574602582369746,11.412660782214452,11.455276489257812,50700,0.0,0.0
2023-04-10 00:00:00-04:00,11.446754132380118,11.455276786304285,11.293334981949682,11.40413761138916,73100,0.0,0.0
2023-04-11 00:00:00-04:00,11.480847034954405,11.549033142502259,11.404137460752441,11.438230514526367,55900,0.0,0.0
2023-04-12 00:00:00-04:00,11.472321947777662,11.506414996735774,11.335949751945208,11.37004280090332,48800,0.0,0.0
2023-04-13 00:00:00-04:00,11.310382849553035,11.361522028691498,11.16548715392306,11.293335914611816,76300,0.0,0.0
2023-04-14 00:00:00-04:00,11.233671967383316,11.26776502047591,11.114345875137987,11.156962394714355,91900,0.0,0.0
2023-04-17 00:00:00-04:00,11.122868685848186,11.233671305077126,11.037635651720556,11.088775634765625,71000,0.0,0.0
2023-04-18 00:00:00-04:00,11.088774204933474,11.139913368541993,11.046157693364806,11.08025074005127,67600,0.0,0.0
2023-04-19 00:00:00-04:00,11.037637403856584,11.16548697534312,11.037637403856584,11.105823516845703,54200,0.0,0.0
2023-04-20 00:00:00-04:00,11.071728702803117,11.182531322032055,11.037635651720556,11.088775634765625,50500,0.0,0.0
2023-04-21 00:00:00-04:00,11.06320571899414,11.139915290483783,11.029112666425688,11.06320571899414,50700,0.0,0.0
2023-04-24 00:00:00-04:00,11.063203808932391,11.13139071513932,11.054681156893581,11.097297668457031,36500,0.0,0.0
2023-04-25 00:00:00-04:00,11.054682851866174,11.054682851866174,10.867170659941873,10.90978717803955,80700,0.0,0.0
2023-04-26 00:00:00-04:00,10.833076436533803,10.8927390677131,10.713750361332824,10.722273826599121,82400,0.0,0.0
2023-04-27 00:00:00-04:00,10.71375149551818,10.798984531519352,10.654088858022844,10.781937599182129,83500,0.0,0.0
2023-04-28 00:00:00-04:00,10.747844249337788,10.901263384748958,10.739321596247963,10.867170333862305,42600,0.0,0.0
2023-05-01 00:00:00-04:00,10.816032402975274,10.918312387880796,10.747846288266665,10.83307933807373,61900,0.0,0.0
2023-05-02 00:00:00-04:00,10.781937720723128,10.807508119517209,10.577379407425369,10.637042045593262,69900,0.0,0.0
2023-05-03 00:00:00-04:00,10.628521110543266,10.671137635914304,10.483625411987305,10.483625411987305,64100,0.0,0.0
2023-05-04 00:00:00-04:00,10.483625411987305,10.611474175257806,10.389868893602499,10.483625411987305,89300,0.0,0.0
2023-05-05 00:00:00-04:00,10.509192214651977,10.7307974375295,10.509192214651977,10.688180923461914,42300,0.0,0.0
2023-05-08 00:00:00-04:00,10.730799505207397,10.730799505207397,10.628520339442838,10.65408992767334,43900,0.0,0.0
2023-05-09 00:00:00-04:00,10.594426339954756,10.696705496603636,10.594426339954756,10.637042045593262,59200,0.0,0.0
2023-05-10 00:00:00-04:00,10.713751458838953,10.773414908972502,10.61147230369319,10.705228805541992,38000,0.0,0.0
2023-05-11 00:00:00-04:00,10.65408879221716,10.67113572444909,10.526240051847541,10.594426155090332,57500,0.0,0.0
2023-05-12 00:00:00-04:00,10.594426807596715,10.688182502119313,10.585903340955793,10.662612915039062,45200,0.0,0.0
2023-05-15 00:00:00-04:00,10.688182327214399,10.756368433540926,10.534763181558462,10.58590316772461,62800,0.0,0.0
2023-05-16 00:00:00-04:00,10.52623984204197,10.602948597029329,10.406913757324219,10.406913757324219,79400,0.0,0.0
2023-05-17 00:00:00-04:00,10.406914560562468,10.509193721282289,10.398391093958521,10.441007614135742,42400,0.0,0.0
2023-05-18 00:00:00-04:00,10.449531080739689,10.475100667709015,10.398391093958521,10.441007614135742,45900,0.0,0.0
2023-05-19 00:00:00-04:00,10.509193721282289,10.526240654490183,10.441007614135742,10.441007614135742,29700,0.0,0.0
2023-05-22 00:00:00-04:00,10.43248430340674,10.500670411572077,10.347252074621334,10.389867782592773,60100,0.0,0.0
2023-05-23 00:00:00-04:00,10.423959400111713,10.526239361106668,10.39838981628418,10.39838981628418,117000,0.0,0.0
2023-05-24 00:00:00-04:00,10.355772972106934,10.38986602040721,10.287586875506381,10.355772972106934,82700,0.0,0.0
2023-05-25 00:00:00-04:00,10.330206053060552,10.372822577636505,10.117124243023389,10.202357292175293,127500,0.0,0.0
2023-05-26 00:00:00-04:00,10.227925625434247,10.27054214477539,10.117123000284277,10.27054214477539,81200,0.0,0.0
2023-05-30 00:00:00-04:00,10.321681952313309,10.321681952313309,10.21940278731169,10.227926254272461,75800,0.0,0.0
2023-05-31 00:00:00-04:00,10.18530911053109,10.287588269288898,10.100076884654166,10.253495216369629,107000,0.0,0.0
2023-06-01 00:00:00-04:00,10.227925826092156,10.441007614135742,10.168263185549556,10.441007614135742,98700,0.0,0.0
2023-06-02 00:00:00-04:00,10.5091930031532,10.764891293901268,10.5091930031532,10.7393217086792,88300,0.0,0.0
2023-06-05 00:00:00-04:00,10.790461241718148,10.88421774542036,10.756368189328931,10.858647346496582,69600,0.0,0.0
2023-06-06 00:00:00-04:00,10.77341561430439,11.003543525238138,10.77341561430439,10.977973937988281,62700,0.0,0.0
2023-06-07 00:00:00-04:00,10.926833182472846,11.046159269320903,10.884217477666544,11.037635803222656,141700,0.0,0.0
2023-06-08 00:00:00-04:00,11.029110763600398,11.114343786737733,10.995017716913935,11.08025074005127,97500,0.0,0.0
2023-06-09 00:00:00-04:00,11.020590458633057,11.097300033225146,10.977973937988281,10.977973937988281,43600,0.0,0.0
2023-06-12 00:00:00-04:00,10.96092602058999,10.98649641838682,10.850123401997752,10.867170333862305,67000,0.0,0.0
2023-06-13 00:00:00-04:00,10.858647342293091,10.92683344704513,10.824554289917073,10.875694274902344,89500,0.0,0.0
2023-06-14 00:00:00-04:00,10.910748353982239,11.042203656901977,10.875693773690399,10.928276062011719,78300,0.35,0.0
2023-06-15 00:00:00-04:00,11.024676027635456,11.147367477416992,10.963330720628251,11.147367477416992,156900,0.0,0.0
2023-06-16 00:00:00-04:00,9.578673054071432,9.62249065072138,8.684780041525512,8.877580642700195,1530300,0.0,0.0
2023-06-20 00:00:00-04:00,8.781181048015254,8.816235627945236,8.54456200666254,8.623435020446777,753900,0.0,0.0
2023-06-21 00:00:00-04:00,8.570851895183939,8.614670324756561,8.395579012660479,8.474452018737793,578600,0.0,0.0
2023-06-22 00:00:00-04:00,8.413109337582297,8.474454656618981,8.150199514076483,8.360527038574219,726300,0.0,0.0
2023-06-23 00:00:00-04:00,8.307942683231781,8.614670874030175,8.255361233005651,8.465688705444336,569900,0.0,0.0
2023-06-26 00:00:00-04:00,8.500743530607808,8.553325818125302,8.413107499101462,8.448162078857422,298900,0.0,0.0
2023-06-27 00:00:00-04:00,8.421870104986052,8.509506967969905,8.421870104986052,8.439397811889648,247700,0.0,0.0
2023-06-28 00:00:00-04:00,8.439397054938741,8.439397054938741,8.299178755354765,8.3780517578125,260600,0.0,0.0
2023-06-29 00:00:00-04:00,8.325470384050956,8.41310724871622,8.325470384050956,8.334234237670898,329100,0.0,0.0
2023-06-30 00:00:00-04:00,8.430633925554586,8.553325366100013,8.395579347651188,8.527033805847168,312900,0.0,0.0
2023-07-03 00:00:00-04:00,8.527035229594242,8.763654296775435,8.500744500718731,8.754890441894531,171900,0.0,0.0
2023-07-05 00:00:00-04:00,8.789943777866135,8.965216671767173,8.719834620305718,8.877580642700195,344600,0.0,0.0
2023-07-06 00:00:00-04:00,8.684780161642456,8.807471606953637,8.65848943613545,8.728598594665527,124400,0.0,0.0
2023-07-07 00:00:00-04:00,8.667253699787603,8.816235877651495,8.667253699787603,8.7373628616333,108800,0.0,0.0
2023-07-10 00:00:00-04:00,8.693544015400489,8.772417027688599,8.684780161642456,8.728598594665527,108400,0.0,0.0
2023-07-11 00:00:00-04:00,8.711072003257213,8.781182006537243,8.693545129262608,8.754890441894531,111000,0.0,0.0
2023-07-12 00:00:00-04:00,8.798709294267065,8.903873050481343,8.754890853569306,8.763654708862305,220200,0.0,0.0
2023-07-13 00:00:00-04:00,8.7899437366726,8.868816747500205,8.7899437366726,8.833762168884277,136600,0.0,0.0
2023-07-14 00:00:00-04:00,8.816236971368774,8.851291556640396,8.719836235046387,8.719836235046387,115800,0.0,0.0
2023-07-17 00:00:00-04:00,8.719835822924125,8.73736353261515,8.66725436538545,8.711071968078613,135500,0.0,0.0
2023-07-18 00:00:00-04:00,8.693544348704503,8.772417364016546,8.61467133339246,8.649725914001465,258600,0.0,0.0
2023-07-19 00:00:00-04:00,8.676018041930567,8.789945656254039,8.676018041930567,8.702309608459473,141700,0.0,0.0
2023-07-20 00:00:00-04:00,8.702307869158522,8.763653173930566,8.676016307884423,8.728598594665527,152600,0.0,0.0
2023-07-21 00:00:00-04:00,8.754889734211158,8.807472023478999,8.728599007460804,8.7373628616333,168000,0.0,0.0
2023-07-24 00:00:00-04:00,8.737361539189965,8.833761413195413,8.737361539189965,8.772416114807129,198300,0.0,0.0
2023-07-25 00:00:00-04:00,8.728599211145188,8.860053683731616,8.728599211145188,8.807472229003906,125100,0.0,0.0
2023-07-26 00:00:00-04:00,8.781180885878145,8.947689928529336,8.781180885878145,8.860053062438965,151600,0.0,0.0
2023-07-27 00:00:00-04:00,8.860053516048065,8.877581224470346,8.746125918604658,8.781181335449219,166400,0.0,0.0
2023-07-28 00:00:00-04:00,8.781179967653172,8.807470690424292,8.728597686343921,8.772416114807129,166600,0.0,0.0
2023-07-31 00:00:00-04:00,8.746126493441734,8.81623649597168,8.719835764847499,8.81623649597168,197500,0.0,0.0
2023-08-01 00:00:00-04:00,8.719835243102828,8.798708259933417,8.676016807556152,8.676016807556152,173900,0.0,0.0
2023-08-02 00:00:00-04:00,8.60590714487847,8.640961724125278,8.562089547645282,8.59714412689209,151500,0.0,0.0
2023-08-03 00:00:00-04:00,8.544561716550612,8.579616295290393,8.43939798033127,8.465688705444336,261900,0.0,0.0
2023-08-04 00:00:00-04:00,8.45692468302618,8.518270821421703,8.41310708730132,8.439397811889648,190500,0.0,0.0
2023-08-07 00:00:00-04:00,8.439399307275183,8.465690036521991,8.404344723023698,8.430635452270508,106400,0.0,0.0
2023-08-08 00:00:00-04:00,8.430634000499502,8.483216285705566,8.360524844069461,8.483216285705566,149300,0.0,0.0
2023-08-09 00:00:00-04:00,8.483217269566454,8.71107163650649,8.483217269566454,8.658490180969238,218900,0.0,0.0
2023-08-10 00:00:00-04:00,8.719834069289462,8.746124792771507,8.588379616112212,8.60590648651123,239300,0.0,0.0
2023-08-11 00:00:00-04:00,8.570853142776386,8.676016887598331,8.553326269856305,8.63219928741455,107300,0.0,0.0
2023-08-14 00:00:00-04:00,8.66725269697054,8.684779567520506,8.544561260052625,8.562088966369629,116800,0.0,0.0
2023-08-15 00:00:00-04:00,8.509506967969905,8.535797692558234,8.43063395843785,8.439397811889648,103100,0.0,0.0
2023-08-16 00:00:00-04:00,8.45692560103561,8.474453309841863,8.386816437344923,8.395580291748047,87600,0.0,0.0
2023-08-17 00:00:00-04:00,8.395581625990507,8.474454656618981,8.351763182778324,8.360527038574219,95800,0.0,0.0
2023-08-18 00:00:00-04:00,8.360525298631348,8.386816024780273,8.290416138389473,8.386816024780273,224500,0.0,0.0
2023-08-21 00:00:00-04:00,8.413106332708495,8.413106332708495,8.325469477585013,8.3780517578125,92800,0.0,0.0
2023-08-22 00:00:00-04:00,8.378053829983003,8.430635287448636,8.35176226548299,8.40434455871582,99400,0.0,0.0
2023-08-23 00:00:00-04:00,8.404344017740057,8.474453180359538,8.369289436430314,8.413107872009277,123300,0.0,0.0
2023-08-24 00:00:00-04:00,8.421869721134511,8.535797303514109,8.342997550964355,8.342997550964355,96700,0.0,0.0
2023-08-25 00:00:00-04:00,8.369290482335314,8.439399653716297,8.351762771606445,8.351762771606445,138200,0.0,0.0
2023-08-28 00:00:00-04:00,8.33423333025076,8.413106332708495,8.33423333025076,8.3780517578125,150900,0.0,0.0
2023-08-29 00:00:00-04:00,8.378053006575376,8.448162166817252,8.342998426454438,8.386816024780273,135300,0.0,0.0
2023-08-30 00:00:00-04:00,8.413109337582297,8.456926945027192,8.334236306953825,8.360527038574219,147500,0.0,0.0
2023-08-31 00:00:00-04:00,8.369290667908487,8.404345254376247,8.220308466478691,8.246599197387695,160200,0.0,0.0
2023-09-01 00:00:00-04:00,8.167726415802269,8.290417890032002,8.167726415802269,8.229072570800781,163600,0.0,0.0
2023-09-05 00:00:00-04:00,8.202779396851346,8.229070959173319,8.097615654864844,8.106379508972168,122800,0.0,0.0
2023-09-06 00:00:00-04:00,8.115144500489533,8.115144500489533,7.966162302852354,8.001216888427734,196200,0.0,0.0
2023-09-07 00:00:00-04:00,7.983687443242623,8.150197315375644,7.983687443242623,8.027505874633789,204600,0.0,0.0
2023-09-08 00:00:00-04:00,8.062561988830566,8.097616573469374,8.045035114394775,8.062561988830566,134300,0.0,0.0
2023-09-11 00:00:00-04:00,8.09761503055283,8.132669608512352,8.027505874633789,8.027505874633789,100800,0.0,0.0
2023-09-12 00:00:00-04:00,8.027507404191761,8.062561988830566,8.018743549090253,8.062561988830566,112300,0.0,0.0
2023-09-13 00:00:00-04:00,8.088852340986078,8.123907759756612,8.06256161267536,8.097616195678711,127400,0.0,0.0
2023-09-14 00:00:00-04:00,8.016907732393848,8.232127391977599,8.016907732393848,8.196257591247559,225800,0.21,0.0
2023-09-15 00:00:00-04:00,8.151420917951539,8.232128191230837,8.151420917951539,8.169355392456055,112100,0.0,0.0
2023-09-18 00:00:00-04:00,8.133485203696731,8.178322670643515,8.070713263093364,8.124518394470215,100300,0.0,0.0
2023-09-19 00:00:00-04:00,8.07968070739864,8.178322447831306,8.07071304321289,8.07071304321289,146100,0.0,0.0
2023-09-20 00:00:00-04:00,8.088649385572413,8.205225613786975,8.088649385572413,8.097616195678711,275800,0.0,0.0
2023-09-21 00:00:00-04:00,8.079679952686918,8.088647616035011,8.034842491149902,8.034842491149902,104800,0.0,0.0
2023-09-22 00:00:00-04:00,8.025875293434023,8.043810621170751,7.963103356762467,7.9900054931640625,281400,0.0,0.0
2023-09-25 00:00:00-04:00,7.93620195730576,7.998973899806232,7.909298963202492,7.981038570404053,167000,0.0,0.0
2023-09-26 00:00:00-04:00,7.927234731985155,7.9451692071778055,7.712015898451602,7.747885704040527,253300,0.0,0.0
2023-09-27 00:00:00-04:00,7.765820440687109,7.765820440687109,7.649243354797363,7.649243354797363,227200,0.0,0.0
2023-09-28 00:00:00-04:00,7.649241861539154,7.676144852787408,7.595437589449616,7.622339725494385,239300,0.0,0.0
2023-09-29 00:00:00-04:00,7.720981333895916,7.756851133099016,7.649241735489716,7.729948997497559,248100,0.0,0.0
2023-10-02 00:00:00-04:00,7.694079927815089,7.694079927815089,7.389186178078247,7.425055980682373,347900,0.0,0.0
2023-10-03 00:00:00-04:00,7.407121731156082,7.407121731156082,7.156032677726305,7.2277727127075195,298800,0.0,0.0
2023-10-04 00:00:00-04:00,7.272608684456371,7.272608684456371,7.084292445496194,7.200869083404541,217100,0.0,0.0
2023-10-05 00:00:00-04:00,7.200868969231209,7.263641760558894,7.138097033107014,7.191902160644531,272900,0.0,0.0
2023-10-06 00:00:00-04:00,7.138097692329919,7.371251841185768,7.084292987425134,7.317446708679199,181700,0.0,0.0
2023-10-09 00:00:00-04:00,7.2636426469335165,7.3981541993863775,7.2636426469335165,7.371252059936523,161000,0.0,0.0
2023-10-10 00:00:00-04:00,7.416089976641765,7.577503678284172,7.416089976641765,7.532666206359863,80800,0.0,0.0
2023-10-11 00:00:00-04:00,7.613374338393115,7.7568535804748535,7.57750452787268,7.7568535804748535,170200,0.0,0.0
2023-10-12 00:00:00-04:00,7.801690108276385,7.891365051269531,7.747885826643407,7.891365051269531,269300,0.0,0.0
2023-10-13 00:00:00-04:00,7.900331221334099,7.963103156426436,7.801688631670742,7.864461421966553,273500,0.0,0.0
2023-10-16 00:00:00-04:00,7.927234561191425,8.106583585271945,7.855494951559217,8.016908645629883,176200,0.0,0.0
2023-10-17 00:00:00-04:00,7.981039411761149,8.097616499554077,7.936202793936202,7.972072601318359,211800,0.0,0.0
2023-10-18 00:00:00-04:00,7.9720725331433835,7.9720725331433835,7.712016218045758,7.720983028411865,166300,0.0,0.0
2023-10-19 00:00:00-04:00,7.712015188362155,7.8375590687620385,7.595438117131161,7.604404926300049,105800,0.0,0.0
2023-10-20 00:00:00-04:00,7.622340276691173,7.685112217069377,7.460925738343166,7.487828731536865,122900,0.0,0.0
2023-10-23 00:00:00-04:00,7.407121243085787,7.523698311196748,7.371251441759609,7.434023380279541,146100,0.0,0.0
2023-10-24 00:00:00-04:00,7.45195844369041,7.550600180030642,7.416088643639099,7.442990779876709,194900,0.0,0.0
2023-10-25 00:00:00-04:00,7.398154046993461,7.532665596675547,7.371251908097758,7.389186382293701,153200,0.0,0.0
2023-10-26 00:00:00-04:00,7.362283777627184,7.5326651201256505,7.362283777627184,7.434023380279541,130800,0.0,0.0
2023-10-27 00:00:00-04:00,7.434023783107124,7.568535331568192,7.317446708679199,7.317446708679199,162400,0.0,0.0
2023-10-30 00:00:00-04:00,7.37125190154607,7.451959173365019,7.326414433290701,7.344348907470703,164700,0.0,0.0
2023-10-31 00:00:00-04:00,7.335381317849639,7.460925189368533,7.335381317849639,7.416088581085205,146200,0.0,0.0
2023-11-01 00:00:00-04:00,7.4429909141627935,7.577502452981187,7.4429909141627935,7.541632652282715,292900,0.0,0.0
2023-11-02 00:00:00-04:00,7.577502416526255,7.83755868413994,7.577502416526255,7.810656547546387,390800,0.0,0.0
2023-11-03 00:00:00-04:00,7.918266627903582,8.07968117170888,7.909298963202492,7.981038570404053,195300,0.0,0.0
2023-11-06 00:00:00-05:00,7.981038865689565,7.990006530722444,7.855494976043701,7.855494976043701,128200,0.0,0.0
2023-11-07 00:00:00-05:00,7.891365410756041,7.891365410756041,7.559569474892452,7.7030487060546875,257900,0.0,0.0
2023-11-08 00:00:00-05:00,7.703047327799788,7.720981800884333,7.649242198139104,7.685111999511719,323900,0.0,0.0
2023-11-09 00:00:00-05:00,7.747884721195051,7.747884721195051,7.5954378529796145,7.613372325897217,225600,0.0,0.0
2023-11-10 00:00:00-05:00,7.631307725054559,7.720981800884333,7.604404732622456,7.685111999511719,107500,0.0,0.0
2023-11-13 00:00:00-05:00,7.7030487060546875,7.729950848096688,7.676146564012687,7.7030487060546875,115600,0.0,0.0
2023-11-14 00:00:00-05:00,7.828591697660674,8.043811374643802,7.783755084525951,8.02587604522705,142400,0.0,0.0
2023-11-15 00:00:00-05:00,8.016909219143306,8.133486306936234,7.945169604378992,7.972072601318359,187100,0.0,0.0
2023-11-16 00:00:00-05:00,7.9810391122605155,8.124519191608503,7.9810391122605155,8.097616195678711,155900,0.0,0.0
2023-11-17 00:00:00-05:00,8.115550387037015,8.232127454090111,8.115550387037015,8.223159790039062,117300,0.0,0.0
2023-11-20 00:00:00-05:00,8.196258810642254,8.250063092140268,8.1603890045757,8.187291145324707,112500,0.0,0.0
2023-11-21 00:00:00-05:00,8.178322263280785,8.223159727994211,8.15142012653413,8.196257591247559,119400,0.0,0.0
2023-11-22 00:00:00-05:00,8.18729031320382,8.250062253639511,8.151420510782916,8.241094589233398,65600,0.0,0.0
2023-11-24 00:00:00-05:00,8.223161129483376,8.357672691345215,8.214193463971613,8.357672691345215,76100,0.0,0.0
2023-11-27 00:00:00-05:00,8.483216490131685,8.483216490131685,8.35767175267814,8.447346687316895,208000,0.0,0.0
2023-11-28 00:00:00-05:00,8.420443202256712,8.563922390568079,8.411475539186396,8.519084930419922,255100,0.0,0.0
2023-11-29 00:00:00-05:00,8.51908582212615,8.599793087799906,8.465280693275808,8.492183685302734,242700,0.0,0.0
2023-11-30 00:00:00-05:00,8.519085945672185,8.554955747024769,8.447346342967016,8.545988082885742,205500,0.0,0.0
2023-12-01 00:00:00-05:00,8.545988782604429,8.698435664635662,8.545988782604429,8.644631385803223,150600,0.0,0.0
2023-12-04 00:00:00-05:00,8.617727704214923,8.698434971233537,8.608760895260042,8.635663032531738,152400,0.0,0.0
2023-12-05 00:00:00-05:00,8.689468956933082,8.689468956933082,8.545989723970457,8.554957389831543,94100,0.0,0.0
2023-12-06 00:00:00-05:00,8.599794381342624,8.599794381342624,8.501151772813536,8.510119438171387,121200,0.0,0.0
2023-12-07 00:00:00-05:00,8.53702119268516,8.53702119268516,8.429410934448242,8.429410934448242,148900,0.0,0.0
2023-12-08 00:00:00-05:00,8.429411563169705,8.50115117054279,8.384574949964211,8.411477088928223,84900,0.0,0.0
2023-12-11 00:00:00-05:00,8.411477088928223,8.447346892614766,8.384574949964211,8.411477088928223,100500,0.0,0.0
2023-12-12 00:00:00-05:00,8.456315301567306,8.456315301567306,8.339738215525342,8.357672691345215,135600,0.0,0.0
2023-12-13 00:00:00-05:00,8.366639961266824,8.62669626238645,8.330770156119414,8.60876178741455,176100,0.0,0.0
2023-12-14 00:00:00-05:00,8.782953853962447,8.828794080623297,8.691273400640743,8.727946281433105,217800,0.21,0.0
2023-12-15 00:00:00-05:00,8.709608719284933,8.709608719284933,8.434568269073194,8.544584274291992,198000,0.0,0.0
2023-12-18 00:00:00-05:00,8.526248890240822,8.562920892753125,8.480408668518066,8.480408668518066,165700,0.0,0.0
2023-12-19 00:00:00-05:00,8.480407168458633,8.5170791644842,8.434566954844339,8.489575386047363,228100,0.0,0.0
2023-12-20 00:00:00-05:00,8.498745247457439,8.535417250576078,8.370392799377441,8.370392799377441,157400,0.0,0.0
2023-12-21 00:00:00-05:00,8.342888239636924,8.39789580203379,8.269544240221476,8.3062162399292,264100,0.0,0.0
2023-12-22 00:00:00-05:00,8.287879768978176,8.434567767208499,8.287879768978176,8.352055549621582,217200,0.0,0.0
2023-12-26 00:00:00-05:00,8.31538439793082,8.443736846634353,8.31538439793082,8.41623306274414,243300,0.0,0.0
2023-12-27 00:00:00-05:00,8.4345703125,8.471242323124056,8.379562733728768,8.4345703125,258900,0.0,0.0
2023-12-28 00:00:00-05:00,8.397898301875944,8.480410544362494,8.397898301875944,8.4345703125,277500,0.0,0.0
2023-12-29 00:00:00-05:00,8.425400001465523,8.480408440922425,8.342888653774395,8.407064437866211,268900,0.0,0.0
2024-01-02 00:00:00-05:00,8.40706474517794,8.590424759521014,8.40706474517794,8.572089195251465,216400,0.0,0.0
2024-01-03 00:00:00-05:00,8.526249155232518,8.645433385684068,8.498745371075863,8.599593162536621,193800,0.0,0.0
2024-01-04 00:00:00-05:00,8.572089378379966,8.663768950345327,8.572089378379966,8.599593162536621,120500,0.0,0.0
2024-01-05 00:00:00-05:00,8.599593821648641,8.737113627301595,8.52624980872312,8.727946281433105,184900,0.0,0.0
2024-01-08 00:00:00-05:00,8.74628111615141,8.819625122944037,8.682105328790241,8.801289558410645,156200,0.0,0.0
2024-01-09 00:00:00-05:00,8.755449477917129,8.782953262329102,8.691272815183137,8.782953262329102,91400,0.0,0.0
2024-01-10 00:00:00-05:00,8.801288790456466,8.828792572021484,8.72794479006345,8.828792572021484,132900,0.0,0.0
2024-01-11 00:00:00-05:00,8.828792246602637,8.828792246602637,8.581255598653026,8.66376781463623,112400,0.0,0.0
2024-01-12 00:00:00-05:00,8.718776658801517,8.737112221918782,8.608760657109537,8.67293643951416,145700,0.0,0.0
2024-01-16 00:00:00-05:00,8.599593266008183,8.627097050495768,8.434568810423587,8.443737030029297,139700,0.0,0.0
2024-01-17 00:00:00-05:00,8.443736031265091,8.498744468063153,8.32455181347716,8.397895812988281,152400,0.0,0.0
2024-01-18 00:00:00-05:00,8.45290382475801,8.471239386549122,8.251207399079394,8.29704761505127,154100,0.0,0.0
2024-01-19 00:00:00-05:00,8.342888891323687,8.352056236219626,8.205368225930512,8.232872009277344,174200,0.0,0.0
2024-01-22 00:00:00-05:00,8.24204059462257,8.260377033887986,8.187033025485414,8.196200370788574,151900,0.0,0.0
2024-01-23 00:00:00-05:00,8.187031651458538,8.196198995223147,8.095351219177246,8.095351219177246,208700,0.0,0.0
2024-01-24 00:00:00-05:00,8.141191843942462,8.205367625162852,8.104519844055176,8.104519844055176,159700,0.0,0.0
2024-01-25 00:00:00-05:00,8.159527406721383,8.196199406608669,8.095351625500994,8.104519844055176,121900,0.0,0.0
2024-01-26 00:00:00-05:00,8.122856726454868,8.159528732299805,8.086184720609932,8.159528732299805,170100,0.0,0.0
2024-01-29 00:00:00-05:00,8.1778647032369,8.260376930236816,8.113688915272313,8.260376930236816,147800,0.0,0.0
2024-01-30 00:00:00-05:00,8.278712088231158,8.315384090170685,8.159527863345325,8.251208305358887,151000,0.0,0.0
2024-01-31 00:00:00-05:00,8.269544514178289,8.352055860507058,8.177864074707031,8.177864074707031,129200,0.0,0.0
2024-02-01 00:00:00-05:00,8.214536567540845,8.41623302185812,8.214536567540845,8.370392799377441,115300,0.0,0.0
2024-02-02 00:00:00-05:00,8.251208076552249,8.251208076552249,8.132023854971402,8.177864074707031,224600,0.0,0.0
2024-02-05 00:00:00-05:00,8.150360470656882,8.159527815340708,8.067848248196013,8.113688468933105,179700,0.0,0.0
2024-02-06 00:00:00-05:00,8.14119298485367,8.177864989880192,8.10452097982715,8.132024765014648,116400,0.0,0.0
2024-02-07 00:00:00-05:00,8.177863433364529,8.177863433364529,8.040343659271992,8.095351219177246,207100,0.0,0.0
2024-02-08 00:00:00-05:00,8.132025059193278,8.132025059193278,7.976168813610024,8.00367259979248,186900,0.0,0.0
2024-02-09 00:00:00-05:00,8.031177115879837,8.049512681561879,7.976168670174541,8.022008895874023,135300,0.0,0.0
2024-02-12 00:00:00-05:00,8.031177768006007,8.15952936119112,8.02200954725574,8.150362014770508,159000,0.0,0.0
2024-02-13 00:00:00-05:00,8.095353496399579,8.095353496399579,7.976169250639141,8.05868148803711,119400,0.0,0.0
2024-02-14 00:00:00-05:00,8.12285735251971,8.168697581941387,8.077017997427685,8.150362014770508,98300,0.0,0.0
2024-02-15 00:00:00-05:00,8.159528405724226,8.251208853831956,8.14119284070041,8.242040634155273,112400,0.0,0.0
2024-02-16 00:00:00-05:00,8.232871867224377,8.269544743493396,8.214536303419361,8.251208305358887,150300,0.0,0.0
2024-02-20 00:00:00-05:00,8.25120889297084,8.361224906624239,8.25120889297084,8.287880897521973,130200,0.0,0.0
2024-02-21 00:00:00-05:00,8.297048793140164,8.388728363772,8.287880573778123,8.370392799377441,133500,0.0,0.0
2024-02-22 00:00:00-05:00,8.416232204594426,8.416232204594426,8.342888205479264,8.352055549621582,121500,0.0,0.0
2024-02-23 00:00:00-05:00,8.37956270225899,8.452906723231655,8.361226259850977,8.3887300491333,76100,0.0,0.0
2024-02-26 00:00:00-05:00,8.388728651664003,8.388728651664003,8.214536849454776,8.242040634155273,160700,0.0,0.0
2024-02-27 00:00:00-05:00,8.25120889297084,8.34288934151345,8.232872453530495,8.287880897521973,80900,0.0,0.0
2024-02-28 00:00:00-05:00,8.287880307298414,8.352056092110212,8.251208305358887,8.251208305358887,104300,0.0,0.0
2024-02-29 00:00:00-05:00,8.27871155050642,8.416232204594426,8.27871155050642,8.352055549621582,124100,0.0,0.0
2024-03-01 00:00:00-05:00,8.35205559471147,8.416232250030781,8.2878798137216,8.397895812988281,137800,0.0,0.0
2024-03-04 00:00:00-05:00,8.407066377512953,8.462073955331512,8.397898156433298,8.452906608581543,155700,0.0,0.0
2024-03-05 00:00:00-05:00,8.452904480426785,8.627096265436219,8.434568042883967,8.471240043640137,184000,0.0,0.0
2024-03-06 00:00:00-05:00,8.562920349851863,8.66376813178443,8.553752131222689,8.581255912780762,147600,0.0,0.0
2024-03-07 00:00:00-05:00,8.636266483323595,8.700442280919885,8.636266483323595,8.65460205078125,127500,0.0,0.0
2024-03-08 00:00:00-05:00,8.663768584019115,8.69127236701284,8.62709658191765,8.63626480102539,153500,0.0,0.0
2024-03-11 00:00:00-04:00,8.67293643951416,8.691272002631425,8.599592438386175,8.67293643951416,195000,0.0,0.0
2024-03-12 00:00:00-04:00,8.691272002631425,8.810456223046767,8.627096220226804,8.67293643951416,204300,0.0,0.0
2024-03-13 00:00:00-04:00,8.70044022135479,8.782952441206138,8.663768220790796,8.67293643951416,125100,0.0,0.0
2024-03-14 00:00:00-04:00,8.616679282403846,8.785450225957014,8.522918342569175,8.560422897338867,157400,0.21,0.0
2024-03-15 00:00:00-04:00,8.532293918231236,8.597926659482864,8.532293918231236,8.569798469543457,87600,0.0,0.0
2024-03-18 00:00:00-04:00,8.579174369813595,8.607303455351992,8.52291798709496,8.59792709350586,103700,0.0,0.0
2024-03-19 00:00:00-04:00,8.644808410444075,8.701064795778,8.626055685880019,8.682312965393066,82700,0.0,0.0
2024-03-20 00:00:00-04:00,8.757322543691252,8.757322543691252,8.59792795308777,8.654184341430664,162200,0.0,0.0
2024-03-21 00:00:00-04:00,8.672937393188477,8.738570146783369,8.672937393188477,8.672937393188477,95400,0.0,0.0
2024-03-22 00:00:00-04:00,8.729193476814475,8.729193476814475,8.59792709350586,8.59792709350586,135700,0.0,0.0
2024-03-25 00:00:00-04:00,8.654185029901166,8.71044231689869,8.616680469962562,8.635433197021484,147000,0.0,0.0
2024-03-26 00:00:00-04:00,8.682313793317412,8.691690156493548,8.607304676266745,8.616680145263672,167300,0.0,0.0
2024-03-27 00:00:00-04:00,8.644809964538947,8.84170913696289,8.644809964538947,8.84170913696289,217500,0.0,0.0
2024-03-28 00:00:00-04:00,8.935468211691424,8.991725489466395,8.888587295908797,8.963597297668457,292900,0.0,0.0
2024-04-01 00:00:00-04:00,8.944844964433953,8.991725882264545,8.813578573344124,8.86983585357666,160700,0.0,0.0
2024-04-02 00:00:00-04:00,8.841708250582757,8.95422192437706,8.822955524527444,8.907341003417969,133600,0.0,0.0
2024-04-03 00:00:00-04:00,8.879213535883476,8.916718096887218,8.81357988349248,8.832332611083984,138600,0.0,0.0
2024-04-04 00:00:00-04:00,8.963598817006204,8.963598817006204,8.822956045819252,8.879213333129883,293000,0.0,0.0
2024-04-05 00:00:00-04:00,8.888588080790917,8.888588080790917,8.738569852382845,8.776074409484863,147200,0.0,0.0
2024-04-08 00:00:00-04:00,8.757322219392234,8.841707692960803,8.74794585695592,8.813578605651855,77100,0.0,0.0
2024-04-09 00:00:00-04:00,8.851083325181637,8.86983605040166,8.81357876892075,8.822955131530762,83200,0.0,0.0
2024-04-10 00:00:00-04:00,8.766698669303254,8.832331418654078,8.579174995422363,8.579174995422363,165000,0.0,0.0
2024-04-11 00:00:00-04:00,8.597929900390689,8.635434465839898,8.447911638593848,8.532297134399414,108600,0.0,0.0
2024-04-12 00:00:00-04:00,8.513541168487393,8.588550270873966,8.391651153564453,8.391651153564453,116000,0.0,0.0
2024-04-15 00:00:00-04:00,8.391652563468012,8.494790767212345,8.288515253902862,8.297891616821289,90500,0.0,0.0
2024-04-16 00:00:00-04:00,8.269762007320505,8.326019287109375,8.185376534726766,8.326019287109375,150400,0.0,0.0
2024-04-17 00:00:00-04:00,8.326019092788556,8.40102820130366,8.326019092788556,8.372900009155273,136100,0.0,0.0
2024-04-18 00:00:00-04:00,8.410405973213345,8.522919654846191,8.382276882170691,8.522919654846191,75800,0.0,0.0
2024-04-19 00:00:00-04:00,8.551047033349246,8.70106526116919,8.504166113610722,8.654184341430664,149100,0.0,0.0
2024-04-22 00:00:00-04:00,8.73856906598602,8.794826343665958,8.65418359655566,8.785449981689453,81300,0.0,0.0
2024-04-23 00:00:00-04:00,8.860459491174714,8.897964046603361,8.766698549692666,8.86983585357666,145200,0.0,0.0
2024-04-24 00:00:00-04:00,8.86983585357666,8.879212215978605,8.785450380317421,8.86983585357666,220400,0.0,0.0
2024-04-25 00:00:00-04:00,8.84170913696289,8.86046097071888,8.729195451889106,8.84170913696289,69800,0.0,0.0
2024-04-26 00:00:00-04:00,8.879212612149795,8.888588080790917,8.776074409484863,8.776074409484863,79100,0.0,0.0
2024-04-29 00:00:00-04:00,8.77607489709779,8.841708546307414,8.76669942793575,8.804203987121582,123200,0.0,0.0
2024-04-30 00:00:00-04:00,8.738570902623794,8.822956389789958,8.7104427049615,8.719819068908691,172100,0.0,0.0
2024-05-01 00:00:00-04:00,8.710441981089279,8.860460215060115,8.68231378576455,8.794827461242676,184500,0.0,0.0
2024-05-02 00:00:00-04:00,8.794828211303992,8.888589168442504,8.757323649612731,8.84170913696289,92000,0.0,0.0
2024-05-03 00:00:00-04:00,8.907340840395113,8.935469034784086,8.86045992029404,8.897964477539062,110400,0.0,0.0
2024-05-06 00:00:00-04:00,8.897964085559181,9.001102284073855,8.879212254852328,8.99172592163086,105100,0.0,0.0
2024-05-07 00:00:00-04:00,9.001101836792024,9.113615497979538,8.935468197131655,9.08548641204834,159600,0.0,0.0
2024-05-08 00:00:00-04:00,9.085487397392985,9.207377433776855,9.057359202590305,9.207377433776855,117400,0.0,0.0
2024-05-09 00:00:00-04:00,9.179249270135234,9.357395696729224,9.179249270135234,9.329267501831055,175600,0.0,0.0
2024-05-10 00:00:00-04:00,9.338645349102059,9.404278112355579,9.301140785217285,9.301140785217285,165400,0.0,0.0
2024-05-13 00:00:00-04:00,9.348020591829862,9.413653347207271,9.273011473061615,9.291763305664062,153700,0.0,0.0
2024-05-14 00:00:00-04:00,9.329266027990357,9.385523303078344,9.30113783753589,9.357394218444824,95800,0.0,0.0
2024-05-15 00:00:00-04:00,9.498037728850997,9.498037728850997,9.385524063735323,9.404275894165039,209700,0.0,0.0
2024-05-16 00:00:00-04:00,9.432406326235553,9.516790916472067,9.41365359895238,9.488662719726562,91300,0.0,0.0
2024-05-17 00:00:00-04:00,9.507415046206331,9.591799632885452,9.469910487400316,9.58242416381836,142100,0.0,0.0
2024-05-20 00:00:00-04:00,9.61992779730514,9.61992779730514,9.507414131709535,9.526165962219238,157200,0.0,0.0
2024-05-21 00:00:00-04:00,9.526167463794426,9.648057510947533,9.526167463794426,9.619929313659668,130000,0.0,0.0
2024-05-22 00:00:00-04:00,9.629304989368018,9.63868045834115,9.376148549330086,9.394901275634766,257400,0.0,0.0
2024-05-23 00:00:00-04:00,9.423028138306107,9.441779967779691,9.244880840322105,9.254257202148438,131100,0.0,0.0
2024-05-24 00:00:00-04:00,9.291763076574652,9.310515802893978,9.2073775964961,9.216753959655762,158500,0.0,0.0
2024-05-28 00:00:00-04:00,9.216753728686644,9.30113920665052,9.10424005612787,9.141744613647461,122200,0.0,0.0
2024-05-29 00:00:00-04:00,9.113615256699024,9.132367085977613,9.00110159849028,9.010477066040039,94200,0.0,0.0
2024-05-30 00:00:00-04:00,9.029231299464131,9.104240417480469,8.982350377159115,9.104240417480469,68100,0.0,0.0
2024-05-31 00:00:00-04:00,9.160497243933788,9.385524586703832,9.160497243933788,9.376148223876953,173700,0.0,0.0
2024-06-03 00:00:00-04:00,9.441779683987278,9.441779683987278,9.254256923992411,9.357394218444824,58400,0.0,0.0
2024-06-04 00:00:00-04:00,9.385525602986192,9.451158361522833,9.310516480607381,9.441781997680664,107300,0.0,0.0
2024-06-05 00:00:00-04:00,9.441782688147851,9.469911781731408,9.404278124215779,9.423030853271484,110800,0.0,0.0
2024-06-06 00:00:00-04:00,9.404275296980698,9.582422592735599,9.338642553375772,9.36677074432373,71400,0.0,0.0
2024-06-07 00:00:00-04:00,9.36677205975501,9.413652980704754,9.310515669958674,9.329267501831055,92200,0.0,0.0
2024-06-10 00:00:00-04:00,9.310515832321276,9.376148586287945,9.301139469131979,9.338644027709961,85500,0.0,0.0
2024-06-11 00:00:00-04:00,9.282384602228229,9.310513685309534,9.244880052298823,9.263632774353027,57000,0.0,0.0
2024-06-12 00:00:00-04:00,9.310514478927354,9.319889946574607,9.23550537267485,9.254257202148438,58700,0.0,0.0
2024-06-13 00:00:00-04:00,9.291761755274688,9.291761755274688,9.1980008195486,9.254257202148438,70600,0.0,0.0
2024-06-14 00:00:00-04:00,9.20737700330205,9.226129728413213,9.141744253771275,9.179248809814453,107000,0.0,0.0
2024-06-17 00:00:00-04:00,9.140921467114978,9.562514928952485,9.140921467114978,9.19841194152832,106700,0.21,0.0
2024-06-18 00:00:00-04:00,9.150504532052338,9.198413114542914,9.102595949561762,9.112177848815918,101900,0.0,0.0
2024-06-20 00:00:00-04:00,9.093015106905025,9.227158970709954,9.083433206537462,9.18883228302002,133200,0.0,0.0
2024-06-21 00:00:00-04:00,9.207992925780468,9.294228180510435,9.169666247431604,9.19841194152832,165100,0.0,0.0
2024-06-24 00:00:00-04:00,9.179250601941357,9.476283123969587,9.102597224730266,9.447537422180176,146200,0.0,0.0
2024-06-25 00:00:00-04:00,9.495444278867765,9.514608076564128,9.255902290344238,9.255902290344238,142200,0.0,0.0
2024-06-26 00:00:00-04:00,9.294229841333822,9.390047011217984,9.227158370683062,9.284647941589355,127100,0.0,0.0
2024-06-27 00:00:00-04:00,9.236740049877545,9.3996286865231,9.236740049877545,9.370882987976074,117900,0.0,0.0
2024-06-28 00:00:00-04:00,9.409209871216774,9.581680411024902,9.332556501030995,9.418791770935059,210400,0.0,0.0
2024-07-01 00:00:00-04:00,9.476281631233293,9.4858626165402,9.38046446792271,9.409209251403809,110200,0.0,0.0
2024-07-02 00:00:00-04:00,9.44753707099856,9.466700871479148,9.34213890969623,9.351720809936523,75000,0.0,0.0
2024-07-03 00:00:00-04:00,9.322973941724754,9.476281585030254,9.322973941724754,9.437954902648926,38800,0.0,0.0
2024-07-05 00:00:00-04:00,9.457117786949496,9.505026368371203,9.38046442218684,9.437954902648926,56400,0.0,0.0
2024-07-08 00:00:00-04:00,9.514608940557409,9.524189926495442,9.399628885278739,9.418791770935059,98900,0.0,0.0
2024-07-09 00:00:00-04:00,9.399627685546875,9.466699147453628,9.380463888556298,9.399627685546875,110600,0.0,0.0
2024-07-10 00:00:00-04:00,9.495445448063995,9.572098820727616,9.399629189124607,9.543354034423828,133800,0.0,0.0
2024-07-11 00:00:00-04:00,9.62000486319863,9.763729670491642,9.562514392013403,9.667913436889648,130100,0.0,0.0
2024-07-12 00:00:00-04:00,9.706241638110464,9.859548366984914,9.696659739110764,9.811639785766602,77300,0.0,0.0
2024-07-15 00:00:00-04:00,9.849965928906615,9.878711624332489,9.77331256866455,9.77331256866455,105800,0.0,0.0
2024-07-16 00:00:00-04:00,9.840384944211456,9.888292609027648,9.71582300537307,9.77331256866455,123700,0.0,0.0
2024-07-17 00:00:00-04:00,9.72540513680724,9.878712789148267,9.696660351772152,9.821222305297852,131000,0.0,0.0
2024-07-18 00:00:00-04:00,9.849967090332939,9.936202359218441,9.802058506087633,9.821222305297852,140600,0.0,0.0
2024-07-19 00:00:00-04:00,9.869130265984612,9.869130265984612,9.734986421329378,9.811639785766602,62300,0.0,0.0
2024-07-22 00:00:00-04:00,9.878711863746869,9.955365225846657,9.869129965039358,9.926619529724121,81100,0.0,0.0
2024-07-23 00:00:00-04:00,10.041599777441764,10.041599777441764,9.936201630852418,9.974528312683105,101100,0.0,0.0
2024-07-24 00:00:00-04:00,10.003273717430808,10.032019415925832,9.96494703321767,9.984110832214355,72500,0.0,0.0
2024-07-25 00:00:00-04:00,10.041598149911065,10.118252414928579,9.984108593372964,9.993690490722656,83400,0.0,0.0
2024-07-26 00:00:00-04:00,10.07992640817804,10.175742646692912,10.060762612207013,10.108671188354492,69100,0.0,0.0
2024-07-29 00:00:00-04:00,10.14699861978096,10.156580518477789,10.003272880669014,10.060763359069824,123600,0.0,0.0
2024-07-30 00:00:00-04:00,10.08950896312836,10.137417546734296,10.03201939382542,10.118254661560059,109700,0.0,0.0
2024-07-31 00:00:00-04:00,10.23400100760727,10.243646846981884,10.127899534120141,10.166481971740723,48800,0.07,0.0
2024-08-01 00:00:00-04:00,10.166482890418472,10.282230213739533,10.137546289557694,10.262939453125,129000,0.0,0.0
2024-08-02 00:00:00-04:00,10.311166036055676,10.407622591479253,10.147191363640212,10.234001159667969,146600,0.0,0.0
2024-08-05 00:00:00-04:00,10.127900021160809,10.127900021160809,9.886759544466504,9.915696144104004,140600,0.0,0.0
2024-08-06 00:00:00-04:00,9.838531087336982,10.060380800222696,9.491289138329053,9.944633483886719,195200,0.0,0.0
2024-08-07 00:00:00-04:00,10.041089207374913,10.234001402929694,10.002506768263956,10.10860824584961,157900,0.0,0.0
2024-08-08 00:00:00-04:00,10.156836158873093,10.185773677072454,10.021798086787578,10.070025444030762,188200,0.0,0.0
2024-08-09 00:00:00-04:00,10.079672040351808,10.176128601837219,10.002507159114657,10.147192001342773,124500,0.0,0.0
2024-08-12 00:00:00-04:00,10.16648233456206,10.253293052275936,10.108608216126841,10.20506477355957,107900,0.0,0.0
2024-08-13 00:00:00-04:00,10.23400175195021,10.262939272178743,10.17612855124902,10.195419311523438,76900,0.0,0.0
2024-08-14 00:00:00-04:00,10.224356815135353,10.272584175681985,10.176128534710784,10.243647575378418,109800,0.0,0.0
2024-08-15 00:00:00-04:00,10.262939453125,10.34974925570733,10.214711171771736,10.262939453125,100900,0.0,0.0
2024-08-16 00:00:00-04:00,10.291874873592185,10.369039746956048,10.2629382760502,10.340103149414062,111100,0.0,0.0
2024-08-19 00:00:00-04:00,10.320810110374756,10.465494918764248,10.29187351664795,10.349746704101562,189200,0.0,0.0
2024-08-20 00:00:00-04:00,10.388330845435327,10.436558198687655,10.301520137776656,10.330456733703613,163700,0.0,0.0
2024-08-21 00:00:00-04:00,10.426914608301368,10.426914608301368,10.349748809535942,10.369040489196777,94400,0.0,0.0
2024-08-22 00:00:00-04:00,10.369041064541593,10.426915186857432,10.349749383810323,10.378686904907227,66300,0.0,0.0
2024-08-23 00:00:00-04:00,10.475141347273933,10.590888658749694,10.40762231221587,10.50407886505127,233100,0.0,0.0
2024-08-26 00:00:00-04:00,10.590888785569426,10.687345339559835,10.581243866072683,10.668054580688477,144800,0.0,0.0
2024-08-27 00:00:00-04:00,10.668054580688477,10.706637018309067,10.619826303693273,10.668054580688477,154200,0.0,0.0
2024-08-28 00:00:00-04:00,10.687345339559835,10.687345339559835,10.629472143067888,10.668054580688477,161500,0.0,0.0
2024-08-29 00:00:00-04:00,10.658407945462045,10.735572814941406,10.648762106807673,10.735572814941406,98500,0.0,0.0
2024-08-30 00:00:00-04:00,10.70645380259661,10.803520846147595,10.70645380259661,10.764694213867188,97100,0.07,0.0
2024-09-03 00:00:00-04:00,10.745279936065447,10.852053864154914,10.725867083676382,10.822933197021484,178900,0.0,0.0
2024-09-04 00:00:00-04:00,10.881173615731765,10.958826876760188,10.881173615731765,10.939414024353027,116600,0.0,0.0
2024-09-05 00:00:00-04:00,10.958826065063477,10.987945804367326,10.91999943742507,10.958826065063477,125400,0.0,0.0
2024-09-06 00:00:00-04:00,11.007360288231341,11.03648002940606,10.958826769140222,10.987946510314941,152200,0.0,0.0
2024-09-09 00:00:00-04:00,10.99765317804054,11.055893584918275,10.978240326214536,11.017066955566406,272300,0.0,0.0
2024-09-10 00:00:00-04:00,11.046187400817871,11.104426885710978,10.978241026542603,11.046187400817871,175300,0.0,0.0
2024-09-11 00:00:00-04:00,11.085012827047146,11.085012827047146,10.919999428296897,11.075305938720703,156100,0.0,0.0
2024-09-12 00:00:00-04:00,11.036479871192038,11.104426241525628,11.017067019253812,11.085013389587402,108500,0.0,0.0
2024-09-13 00:00:00-04:00,11.13354714127758,11.182080660689927,11.114133363232686,11.17237377166748,123200,0.0,0.0
2024-09-16 00:00:00-04:00,11.201492481372519,11.240319108186469,11.172372742687006,11.220906257629395,86900,0.0,0.0
2024-09-17 00:00:00-04:00,11.250027156333228,11.337387307097492,11.211200525515768,11.308266639709473,197500,0.0,0.0
2024-09-18 00:00:00-04:00,11.327680104731282,11.337386993592204,11.21120021549984,11.269439697265625,148700,0.0,0.0
2024-09-19 00:00:00-04:00,11.317974199459393,11.33738797886839,11.075307511046626,11.152960777282715,223400,0.0,0.0
2024-09-20 00:00:00-04:00,11.152959993622586,11.259733921469728,11.152959993622586,11.17237377166748,99300,0.0,0.0
2024-09-23 00:00:00-04:00,11.230613158030046,11.347093048200207,11.172373675794905,11.337387084960938,117500,0.0,0.0
2024-09-24 00:00:00-04:00,11.3956267996296,11.444160319615396,11.308266648795147,11.424747467041016,130400,0.0,0.0
2024-09-25 00:00:00-04:00,11.444160461425781,11.48298709275556,11.356800309508806,11.444160461425781,125900,0.0,0.0
2024-09-26 00:00:00-04:00,11.453867625233224,11.482987368003581,11.28885420670131,11.298561096191406,113200,0.0,0.0
2024-09-27 00:00:00-04:00,11.279147317211214,11.317973949471668,11.259734463930952,11.298561096191406,126900,0.0,0.0
2024-09-30 00:00:00-04:00,11.32785703737971,11.56222626210606,11.32785703737971,11.464571952819824,152200,0.07,0.0
2024-10-01 00:00:00-04:00,11.552460637039466,11.562226254221533,11.415744790392068,11.454806327819824,96700,0.0,0.0
2024-10-02 00:00:00-04:00,11.454806334569268,11.552460643846452,11.405980111231191,11.43527603149414,106200,0.0,0.0
2024-10-03 00:00:00-04:00,11.435276049123527,11.542695044453621,11.42551043192065,11.513399124145508,93200,0.0,0.0
2024-10-04 00:00:00-04:00,11.48410318506272,11.532930339696762,11.386448875794635,11.405980110168457,75600,0.0,0.0
2024-10-07 00:00:00-04:00,11.425510333278698,11.503633407626205,11.113018035888672,11.113018035888672,143900,0.0,0.0
2024-10-08 00:00:00-04:00,11.171610830092845,11.200907683950593,11.03489590395904,11.044661521911621,129100,0.0,0.0
2024-10-09 00:00:00-04:00,11.113018018780137,11.142313938790224,11.005599024542814,11.064190864562988,124700,0.0,0.0
2024-10-10 00:00:00-04:00,11.142314897983454,11.210672360991754,11.093487739562988,11.093487739562988,106500,0.0,0.0
2024-10-11 00:00:00-04:00,11.103251520169387,11.288794505203859,11.103251520169387,11.249732971191406,99000,0.0,0.0
2024-10-14 00:00:00-04:00,11.288795473448863,11.425510388568329,11.259498621951396,11.347387313842773,76500,0.0,0.0
2024-10-15 00:00:00-04:00,11.405980112288493,11.493868804386002,11.405980112288493,11.464571952819824,69600,0.0,0.0
2024-10-16 00:00:00-04:00,11.523164756929427,11.562226294493234,11.503633522497264,11.532930374145508,83700,0.0,0.0
2024-10-17 00:00:00-04:00,11.60128779956045,11.60128779956045,11.454806335631098,11.464571952819824,104000,0.0,0.0
2024-10-18 00:00:00-04:00,11.513399139713346,11.58175659762488,11.484103219365618,11.532930374145508,75500,0.0,0.0
2024-10-21 00:00:00-04:00,11.484103176092635,11.532930330688538,11.327857026426152,11.366918563842773,141700,0.0,0.0
2024-10-22 00:00:00-04:00,11.357152931008596,11.396214468371372,11.308325776479995,11.347387313842773,76200,0.0,0.0
2024-10-23 00:00:00-04:00,11.347386375910263,11.425509444178457,11.33762075955163,11.415743827819824,57800,0.0,0.0
2024-10-24 00:00:00-04:00,11.435276006868692,11.435276006868692,11.376683235168457,11.376683235168457,100400,0.0,0.0
2024-10-25 00:00:00-04:00,11.41574477026404,11.41574477026404,11.279029855158207,11.31809139251709,126300,0.0,0.0
2024-10-28 00:00:00-04:00,11.36691853127571,11.376683217126503,11.24973391936159,11.29856014251709,92900,0.0,0.0
2024-10-29 00:00:00-04:00,11.298560123118424,11.347387277490602,11.152079591302398,11.191141128540039,109600,0.0,0.0
2024-10-30 00:00:00-04:00,11.191141102292358,11.31809133084207,11.054425256631012,11.103252410888672,73500,0.0,0.0
2024-10-31 00:00:00-04:00,11.132729931764242,11.309596198194159,11.132729931764242,11.260466575622559,72700,0.07,0.0
2024-11-01 00:00:00-04:00,11.319422740352884,11.339074027886669,11.014819818487256,11.044297218322754,108500,0.0,0.0
2024-11-04 00:00:00-05:00,11.004993312587784,11.06394904721985,10.916560179174489,10.985342025756836,110900,0.0,0.0
2024-11-05 00:00:00-05:00,11.004992891082152,11.1425556419084,11.004992891082152,11.132729530334473,87300,0.0,0.0
2024-11-06 00:00:00-05:00,11.201511119659024,11.309596479418113,11.19168594455608,11.230989456176758,96000,0.0,0.0
2024-11-07 00:00:00-05:00,11.32924734825626,11.339073460065917,11.201510705939508,11.309596061706543,107400,0.0,0.0
2024-11-08 00:00:00-05:00,11.329246928697925,11.486460963551911,11.240813799825169,11.45698356628418,77200,0.0,0.0
2024-11-11 00:00:00-05:00,11.486462038388444,11.68298053741455,11.486462038388444,11.68298053741455,99300,0.0,0.0
2024-11-12 00:00:00-05:00,11.692805852085403,11.741935477427543,11.624024938848205,11.633851051330566,134500,0.0,0.0
2024-11-13 00:00:00-05:00,11.702631151368017,11.732108549697092,11.456983978796666,11.515939712524414,81900,0.0,0.0
2024-11-14 00:00:00-05:00,11.476635917517276,11.69280474932411,11.476635917517276,11.614197731018066,56000,0.0,0.0
2024-11-15 00:00:00-05:00,11.594546444976341,11.673153463282386,11.525764601156373,11.614197731018066,85300,0.0,0.0
2024-11-18 00:00:00-05:00,11.614198402998355,11.879497807933262,11.57489489157129,11.850020408630371,130000,0.0,0.0
2024-11-19 00:00:00-05:00,11.820541803859774,11.879497538196532,11.75176089469156,11.81071662902832,153400,0.0,0.0
2024-11-20 00:00:00-05:00,11.830368184382024,11.850020408630371,11.810716897203307,11.850020408630371,100700,0.0,0.0
2024-11-21 00:00:00-05:00,11.850020119488688,11.977755825707662,11.810716609020632,11.948278427124023,204100,0.0,0.0
2024-11-22 00:00:00-05:00,11.977756236699523,12.036711972959353,11.859845701249503,12.007234573364258,123700,0.0,0.0
2024-11-25 00:00:00-05:00,12.007234573364258,12.085841596997605,11.977756236699523,12.007234573364258,135500,0.0,0.0
2024-11-26 00:00:00-05:00,12.007234023159674,12.15462195145107,12.007234023159674,12.134970664978027,99200,0.0,0.0
2024-11-27 00:00:00-05:00,12.184100153914557,12.282359403974214,12.144796641304627,12.25288200378418,134200,0.0,0.0
2024-11-29 00:00:00-05:00,12.302288263173589,12.331932067871094,12.272644458476083,12.331932067871094,36100,0.07,0.0
2024-12-02 00:00:00-05:00,12.331931188976522,12.331931188976522,12.065135080994368,12.163949012756348,117600,0.0,0.0
2024-12-03 00:00:00-05:00,12.173829218534259,12.193592381126685,12.084896871587262,12.104660034179688,80400,0.0,0.0
2024-12-04 00:00:00-05:00,12.144186125486582,12.144186125486582,12.005846806347382,12.025609970092773,47000,0.0,0.0
2024-12-05 00:00:00-05:00,12.055253028869629,12.104659992822429,11.976202263488933,12.055253028869629,97800,0.0,0.0
2024-12-06 00:00:00-05:00,12.065135316633498,12.075016898474587,11.946559161618957,11.976202964782715,65800,0.0,0.0
2024-12-09 00:00:00-05:00,12.035491794111138,12.094779401821109,11.798338536192649,11.83786392211914,99600,0.0,0.0
2024-12-10 00:00:00-05:00,11.877390941954614,11.89715316488873,11.660000835521812,11.709407806396484,99100,0.0,0.0
2024-12-11 00:00:00-05:00,11.76869423677637,11.7983380393831,11.64023650233454,11.67976188659668,110000,0.0,0.0
2024-12-12 00:00:00-05:00,11.669881600416462,11.758813010927607,11.57106766559138,11.640236854553223,85700,0.0,0.0
2024-12-13 00:00:00-05:00,11.669881675764895,11.768694668868454,11.669881675764895,11.73905086517334,72500,0.0,0.0
2024-12-16 00:00:00-05:00,11.739050789378304,11.758813010927607,11.640236854553223,11.640236854553223,110300,0.0,0.0
2024-12-17 00:00:00-05:00,11.620474887722997,11.6501186918765,11.333915601280351,11.452491760253906,169700,0.0,0.0
2024-12-18 00:00:00-05:00,11.462372805197196,11.571067376905352,11.14616878706161,11.244982719421387,134300,0.0,0.0
2024-12-19 00:00:00-05:00,11.215339514661409,11.30427092769565,11.00783099952908,11.017711639404297,145500,0.0,0.0
2024-12-20 00:00:00-05:00,10.96830581426181,11.314152717590332,10.96830581426181,11.314152717590332,74700,0.0,0.0
2024-12-23 00:00:00-05:00,11.304269704857397,11.52165977870834,11.205456720277475,11.422846794128418,126800,0.0,0.0
2024-12-24 00:00:00-05:00,11.412966471453892,11.699525760345205,11.412966471453892,11.600711822509766,47300,0.0,0.0
2024-12-26 00:00:00-05:00,11.610592350775898,11.748931662715401,11.610592350775898,11.719286918640137,51300,0.0,0.0
2024-12-27 00:00:00-05:00,11.719287270858821,11.84774500530065,11.620474281383217,11.67976188659668,111700,0.0,0.0
2024-12-30 00:00:00-05:00,11.640236816494165,11.669881562260475,11.561186045836372,11.590829849243164,47300,0.0,0.0
2024-12-31 00:00:00-05:00,11.680296684093046,11.720059358288431,11.58088952459612,11.620652198791504,82600,0.07,0.0
2025-01-02 00:00:00-05:00,11.729999874163548,11.769762547037992,11.541126466997268,11.600770950317383,101400,0.0,0.0
2025-01-03 00:00:00-05:00,11.630592927550754,11.700178317347625,11.590830253959792,11.660414695739746,60900,0.0,0.0
2025-01-06 00:00:00-05:00,11.660414860272724,11.700178482441682,11.561008648901119,11.57094955444336,53100,0.0,0.0
2025-01-07 00:00:00-05:00,11.551067867392696,11.570949678690663,11.332372683199756,11.382076263427734,85800,0.0,0.0
2025-01-08 00:00:00-05:00,11.382076086415365,11.43177966587036,11.252847159039147,11.421838760375977,112300,0.0,0.0
2025-01-10 00:00:00-05:00,11.42183893800673,11.570949678690663,11.322432725567714,11.382076263427734,116600,0.0,0.0
2025-01-13 00:00:00-05:00,11.372135130434664,11.41189780421875,11.183262666964486,11.27272891998291,108100,0.0,0.0
2025-01-14 00:00:00-05:00,11.332372083208032,11.55106725582217,11.213084065786745,11.302550315856934,64400,0.0,0.0
2025-01-15 00:00:00-05:00,11.431779299572602,11.551067317632201,11.392016626886068,11.451661109924316,75600,0.0,0.0
2025-01-16 00:00:00-05:00,11.471542634518789,11.739941401660397,11.471542634518789,11.730000495910645,81500,0.0,0.0
2025-01-17 00:00:00-05:00,11.759822117406774,11.918872815336888,11.759822117406774,11.869169235229492,85600,0.0,0.0
2025-01-21 00:00:00-05:00,11.86916851942917,12.077922784877224,11.86916851942917,11.978516578674316,138300,0.0,0.0
2025-01-22 00:00:00-05:00,11.998397774212794,11.998397774212794,11.809525313565597,11.849287986755371,104600,0.0,0.0
2025-01-23 00:00:00-05:00,11.879110290089127,11.879110290089127,11.660415103679329,11.730000495910645,76600,0.0,0.0
2025-01-24 00:00:00-05:00,11.7498810051239,11.849288163590309,11.7498810051239,11.809525489807129,78400,0.0,0.0
2025-01-27 00:00:00-05:00,11.759821661927347,11.799584334869795,11.580889159677884,11.650474548339844,179600,0.0,0.0
2025-01-28 00:00:00-05:00,11.670355410802616,11.809525240109632,11.610711875397396,11.650474548339844,81900,0.0,0.0
2025-01-29 00:00:00-05:00,11.700178513519901,11.81946653629284,11.670355796813965,11.670355796813965,89600,0.0,0.0
2025-01-30 00:00:00-05:00,11.779704076642457,11.908932059321431,11.700178726678338,11.730000495910645,71900,0.0,0.0
2025-01-31 00:00:00-05:00,11.779999732971191,11.90999984741211,11.770000457763672,11.779999732971191,63500,0.07,0.0
2025-02-03 00:00:00-05:00,11.670000076293945,11.829999923706055,11.670000076293945,11.729999542236328,55300,0.0,0.0
2025-02-04 00:00:00-05:00,11.670000076293945,11.8100004196167,11.619999885559082,11.770000457763672,63500,0.0,0.0
2025-02-05 00:00:00-05:00,11.75,11.819999694824219,11.739999771118164,11.800000190734863,49500,0.0,0.0
2025-02-06 00:00:00-05:00,11.819999694824219,11.819999694824219,11.699999809265137,11.720000267028809,46800,0.0,0.0
2025-02-07 00:00:00-05:00,11.739999771118164,11.84000015258789,11.720000267028809,11.760000228881836,87000,0.0,0.0
2025-02-10 00:00:00-05:00,11.819999694824219,11.84000015258789,11.720000267028809,11.760000228881836,82200,0.0,0.0
2025-02-11 00:00:00-05:00,11.760000228881836,11.869999885559082,11.760000228881836,11.84000015258789,63000,0.0,0.0
2025-02-12 00:00:00-05:00,11.75,11.899999618530273,11.75,11.8100004196167,59600,0.0,0.0
2025-02-13 00:00:00-05:00,11.899999618530273,11.930000305175781,11.8100004196167,11.90999984741211,52500,0.0,0.0
2025-02-14 00:00:00-05:00,11.9399995803833,12.0,11.890000343322754,11.90999984741211,75300,0.0,0.0
2025-02-18 00:00:00-05:00,11.960000038146973,12.020000457763672,11.869999885559082,11.989999771118164,64400,0.0,0.0
2025-02-19 00:00:00-05:00,11.970000267028809,12.0,11.880000114440918,11.920000076293945,73800,0.0,0.0
2025-02-20 00:00:00-05:00,11.920000076293945,11.979999542236328,11.859999656677246,11.869999885559082,71700,0.0,0.0
2025-02-21 00:00:00-05:00,11.899999618530273,12.050000190734863,11.880000114440918,12.0,95000,0.0,0.0
