Date,Open,High,Low,Close,Volume,Dividends,Stock Splits,Capital Gains
2013-10-23 00:00:00-04:00,23.032899839920553,23.032899839920553,23.017498016357422,23.017498016357422,600,0.0,0.0,0.0
2013-10-24 00:00:00-04:00,22.886582421291514,22.925086975097656,22.886582421291514,22.925086975097656,1800,0.0,0.0,0.0
2013-10-25 00:00:00-04:00,23.00209863860217,23.056003554564004,23.00209863860217,23.04060173034668,5200,0.0,0.0,0.0
2013-10-28 00:00:00-04:00,22.91738220837701,22.91738220837701,22.89427947998047,22.89427947998047,300,0.0,0.0,0.0
2013-10-29 00:00:00-04:00,22.855783445992582,22.855783445992582,22.840381622314453,22.840381622314453,700,0.0,0.0,0.0
2013-10-30 00:00:00-04:00,22.89428597768005,22.89428597768005,22.801877975463867,22.801877975463867,4900,0.0,0.0,0.0
2013-10-31 00:00:00-04:00,22.801877975463867,22.801877975463867,22.801877975463867,22.801877975463867,0,0.0,0.0,0.0
2013-11-01 00:00:00-04:00,22.432244702516492,22.432244702516492,22.386040694936135,22.393741607666016,700,0.0,0.0,0.0
2013-11-04 00:00:00-05:00,22.278227780778717,22.285928692446166,22.255125045776367,22.255125045776367,15400,0.0,0.0,0.0
2013-11-05 00:00:00-05:00,22.247424167800727,22.28592872619629,22.247424167800727,22.28592872619629,1200,0.0,0.0,0.0
2013-11-06 00:00:00-05:00,22.362934075679295,22.362934075679295,22.332130432128906,22.332130432128906,3600,0.0,0.0,0.0
2013-11-07 00:00:00-05:00,22.362932126090232,22.362932126090232,22.30132484436035,22.30132484436035,1600,0.0,0.0,0.0
2013-11-08 00:00:00-05:00,22.30132484436035,22.30132484436035,22.30132484436035,22.30132484436035,0,0.0,0.0,0.0
2013-11-11 00:00:00-05:00,22.401438739098708,22.424541473388672,22.401438739098708,22.424541473388672,700,0.0,0.0,0.0
2013-11-12 00:00:00-05:00,22.424541473388672,22.424541473388672,22.424541473388672,22.424541473388672,0,0.0,0.0,0.0
2013-11-13 00:00:00-05:00,22.378337860107422,22.378337860107422,22.378337860107422,22.378337860107422,1100,0.0,0.0,0.0
2013-11-14 00:00:00-05:00,22.239721928853054,22.339832305908203,22.216620663993123,22.339832305908203,700,0.0,0.0,0.0
2013-11-15 00:00:00-05:00,22.40914193173082,22.40914193173082,22.362937927246094,22.362937927246094,800,0.0,0.0,0.0
2013-11-18 00:00:00-05:00,22.439939498901367,22.439939498901367,22.439939498901367,22.439939498901367,200,0.0,0.0,0.0
2013-11-19 00:00:00-05:00,22.439939498901367,22.439939498901367,22.439939498901367,22.439939498901367,0,0.0,0.0,0.0
2013-11-20 00:00:00-05:00,22.439939498901367,22.439939498901367,22.439939498901367,22.439939498901367,0,0.0,0.0,0.0
2013-11-21 00:00:00-05:00,22.439939498901367,22.439939498901367,22.439939498901367,22.439939498901367,200,0.0,0.0,0.0
2013-11-22 00:00:00-05:00,22.547752380371094,22.547752380371094,22.547752380371094,22.547752380371094,700,0.0,0.0,0.0
2013-11-25 00:00:00-05:00,22.51694549071045,22.586252212524414,22.51694549071045,22.586252212524414,4200,0.0,0.0,0.0
2013-11-26 00:00:00-05:00,22.61705832461253,22.624757766723633,22.61705832461253,22.624757766723633,2400,0.0,0.0,0.0
2013-11-27 00:00:00-05:00,22.532350137894035,22.563152313232422,22.532350137894035,22.563152313232422,2800,0.0,0.0,0.0
2013-11-29 00:00:00-05:00,22.624755500558027,22.68636131286621,22.624755500558027,22.68636131286621,2500,0.0,0.0,0.0
2013-12-02 00:00:00-05:00,22.724870681762695,22.724870681762695,22.724870681762695,22.724870681762695,300,0.0,0.0,0.0
2013-12-03 00:00:00-05:00,22.586252212524414,22.586252212524414,22.586252212524414,22.586252212524414,100,0.0,0.0,0.0
2013-12-04 00:00:00-05:00,22.63246216707991,22.778776559325138,22.63246216707991,22.732572555541992,500,0.0,0.0,0.0
2013-12-05 00:00:00-05:00,22.64016018500486,22.69406509399414,22.6170589204658,22.69406509399414,2200,0.0,0.0,0.0
2013-12-06 00:00:00-05:00,22.763373366467953,22.763373366467953,22.755672454833984,22.755672454833984,200,0.0,0.0,0.0
2013-12-09 00:00:00-05:00,22.855780228401606,22.909685134887695,22.855780228401606,22.909685134887695,1100,0.0,0.0,0.0
2013-12-10 00:00:00-05:00,22.909685134887695,22.909685134887695,22.909685134887695,22.909685134887695,0,0.0,0.0,0.0
2013-12-11 00:00:00-05:00,23.102203369140625,23.102203369140625,23.040597552241525,23.102203369140625,2300,0.0,0.0,0.0
2013-12-12 00:00:00-05:00,23.086803436279297,23.086803436279297,23.086803436279297,23.086803436279297,600,0.0,0.0,0.0
2013-12-13 00:00:00-05:00,23.086803436279297,23.086803436279297,23.086803436279297,23.086803436279297,0,0.0,0.0,0.0
2013-12-16 00:00:00-05:00,23.086803436279297,23.086803436279297,23.086803436279297,23.086803436279297,0,0.0,0.0,0.0
2013-12-17 00:00:00-05:00,23.20231819152832,23.20231819152832,23.20231819152832,23.20231819152832,900,0.0,0.0,0.0
2013-12-18 00:00:00-05:00,23.294723897233144,23.294723897233144,23.248519897460938,23.248519897460938,3800,0.0,0.0,0.0
2013-12-19 00:00:00-05:00,23.248523667592178,23.248523667592178,23.20231819152832,23.20231819152832,15000,0.0,0.0,0.0
2013-12-20 00:00:00-05:00,23.20231819152832,23.20231819152832,23.20231819152832,23.20231819152832,0,0.0,0.0,0.0
2013-12-23 00:00:00-05:00,23.556548829714156,23.556548829714156,23.371731363245885,23.410234451293945,2200,0.0,0.0,0.0
2013-12-24 00:00:00-05:00,23.502646063907854,23.556550979614258,23.502646063907854,23.556550979614258,200,0.0,0.0,0.0
2013-12-26 00:00:00-05:00,23.556550979614258,23.556550979614258,23.556550979614258,23.556550979614258,0,0.0,0.0,0.0
2013-12-27 00:00:00-05:00,23.410234451293945,23.410234451293945,23.410234451293945,23.410234451293945,100,0.0,0.0,0.0
2013-12-30 00:00:00-05:00,23.37173267858304,23.379433590385784,23.34092903137207,23.34092903137207,900,0.0,0.0,0.0
2013-12-31 00:00:00-05:00,23.14070701599121,23.14070701599121,23.14070701599121,23.14070701599121,1000,0.0,0.0,0.0
2014-01-02 00:00:00-05:00,22.948190483657182,22.948190483657182,22.832679748535156,22.832679748535156,5100,0.0,0.0,0.0
2014-01-03 00:00:00-05:00,22.848078395441494,22.93278694152832,22.74026858682079,22.93278694152832,52300,0.0,0.0,0.0
2014-01-06 00:00:00-05:00,23.025197038069326,23.03289794921875,23.025197038069326,23.03289794921875,1800,0.0,0.0,0.0
2014-01-07 00:00:00-05:00,23.025196826169502,23.025196826169502,22.917387008666992,22.917387008666992,3800,0.0,0.0,0.0
2014-01-08 00:00:00-05:00,22.917387008666992,22.917387008666992,22.917387008666992,22.917387008666992,0,0.0,0.0,0.0
2014-01-09 00:00:00-05:00,22.732573308595413,22.732573308595413,22.60936164855957,22.60936164855957,1000,0.0,0.0,0.0
2014-01-10 00:00:00-05:00,22.95589175092103,22.95589175092103,22.755672454833984,22.755672454833984,43600,0.0,0.0,0.0
2014-01-13 00:00:00-05:00,22.824979041347284,22.97899433542117,22.824979041347284,22.948190689086914,12300,0.0,0.0,0.0
2014-01-14 00:00:00-05:00,23.032901794595535,23.07140488797218,23.032901794595535,23.063705444335938,5600,0.0,0.0,0.0
2014-01-15 00:00:00-05:00,23.117603302001953,23.117603302001953,23.117603302001953,23.117603302001953,100,0.0,0.0,0.0
2014-01-16 00:00:00-05:00,23.29472331888785,23.29472331888785,23.186913499163104,23.19461441040039,1300,0.0,0.0,0.0
2014-01-17 00:00:00-05:00,23.04829978942871,23.094503787562534,23.02519705596249,23.04829978942871,5800,0.0,0.0,0.0
2014-01-21 00:00:00-05:00,23.148409048597372,23.148409048597372,22.901985763074364,22.97129249572754,55700,0.0,0.0,0.0
2014-01-22 00:00:00-05:00,23.16380653837097,23.210010528564453,23.16380653837097,23.210010528564453,1300,0.0,0.0,0.0
2014-01-23 00:00:00-05:00,23.371731749509312,23.371731749509312,23.364030838012695,23.364030838012695,800,0.0,0.0,0.0
2014-01-24 00:00:00-05:00,23.641258239746094,23.641258239746094,23.641258239746094,23.641258239746094,700,0.0,0.0,0.0
2014-01-27 00:00:00-05:00,23.633554567957486,23.633554567957486,23.425634384155273,23.425634384155273,5000,0.0,0.0,0.0
2014-01-28 00:00:00-05:00,23.58735184132645,23.625856399536133,23.548848751915475,23.625856399536133,1200,0.0,0.0,0.0
2014-01-29 00:00:00-05:00,23.73366835065146,23.756771087646484,23.73366835065146,23.756771087646484,1000,0.0,0.0,0.0
2014-01-30 00:00:00-05:00,23.980087280273438,23.980087280273438,23.980087280273438,23.980087280273438,400,0.0,0.0,0.0
2014-01-31 00:00:00-05:00,23.879976252847648,23.918479335235705,23.81066952951039,23.864574432373047,17500,0.0,0.0,0.0
2014-02-03 00:00:00-05:00,24.20341397101172,24.21111488342285,24.20341397101172,24.21111488342285,7700,0.0,0.0,0.0
2014-02-04 00:00:00-05:00,24.25731583354995,24.38052747901012,24.218812745143147,24.36512565612793,9200,0.0,0.0,0.0
2014-02-05 00:00:00-05:00,24.38053152792471,24.526845932006836,24.38053152792471,24.526845932006836,2000,0.0,0.0,0.0
2014-02-06 00:00:00-05:00,24.66545447414763,24.66545447414763,24.41903117707496,24.4498348236084,3900,0.0,0.0,0.0
2014-02-07 00:00:00-05:00,24.61155134809087,24.742465386562458,24.55764643154305,24.673158645629883,1998700,0.0,0.0,0.0
2014-02-10 00:00:00-05:00,24.757863696696113,24.86567351448871,24.519139859014498,24.565343856811523,36400,0.0,0.0,0.0
2014-02-11 00:00:00-05:00,24.6115481190615,24.788664669852068,24.6115481190615,24.727060317993164,13100,0.0,0.0,0.0
2014-02-12 00:00:00-05:00,24.888778670920452,24.942683588246023,24.78866827977396,24.873376846313477,11100,0.0,0.0,0.0
2014-02-13 00:00:00-05:00,24.79636746794335,24.9657816416099,24.79636746794335,24.95808219909668,17600,0.0,0.0,0.0
2014-02-14 00:00:00-05:00,25.127495920915067,25.266109368233877,25.042787376709473,25.18910026550293,13600,0.0,0.0,0.0
2014-02-18 00:00:00-05:00,25.427825578870912,25.73585319519043,25.427825578870912,25.73585319519043,9900,0.0,0.0,0.0
2014-02-19 00:00:00-05:00,25.75895804961052,25.982280059985296,25.72045496379349,25.85136604309082,30200,0.0,0.0,0.0
2014-02-20 00:00:00-05:00,27.90746493452183,27.90746493452183,25.50483349928141,25.928373336791992,17800,0.0,0.0,0.0
2014-02-21 00:00:00-05:00,25.943772744963887,26.059284934261367,25.85906713542234,25.936073303222656,7500,0.0,0.0,0.0
2014-02-24 00:00:00-05:00,26.043883532421503,26.15169334411621,26.043883532421503,26.15169334411621,10200,0.0,0.0,0.0
2014-02-25 00:00:00-05:00,26.03618812561035,26.167099220786053,25.920675916551495,26.03618812561035,13200,0.0,0.0,0.0
2014-02-26 00:00:00-05:00,25.9437733072467,25.982279329578407,25.85136531636415,25.974576950073242,7700,0.0,0.0,0.0
2014-02-27 00:00:00-05:00,26.07469253956348,26.105496188555666,25.966882705688477,25.966882705688477,4600,0.0,0.0,0.0
2014-02-28 00:00:00-05:00,26.020786808622695,26.08239116708226,26.020786808622695,26.028486251831055,6800,0.0,0.0,0.0
2014-03-03 00:00:00-05:00,26.282608978447772,26.53673170203855,26.282608978447772,26.521329879760742,29700,0.0,0.0,0.0
2014-03-04 00:00:00-05:00,26.35191335560765,26.367315176509454,26.236401167642608,26.274904251098633,45100,0.0,0.0,0.0
2014-03-05 00:00:00-05:00,26.298012943451848,26.482828950649655,26.236405649320933,26.42122459411621,10400,0.0,0.0,0.0
2014-03-06 00:00:00-05:00,26.398121451454234,26.513633663795567,26.398121451454234,26.4520263671875,55500,0.0,0.0,0.0
2014-03-07 00:00:00-05:00,26.46742635143467,26.513631820678714,26.452024528353327,26.51363182067871,15300,0.0,0.0,0.0
2014-03-10 00:00:00-04:00,26.559839136251618,26.68305079187017,26.43662748063307,26.4520263671875,31100,0.0,0.0,0.0
2014-03-11 00:00:00-04:00,26.629139646685037,26.64453852963715,26.44432073769378,26.49052619934082,15300,0.0,0.0,0.0
2014-03-12 00:00:00-04:00,26.28260969144273,26.444324423350878,26.28260969144273,26.38271713256836,7300,0.0,0.0,0.0
2014-03-13 00:00:00-04:00,26.428922867624433,26.428922867624433,26.26720813408274,26.298011779785156,5500,0.0,0.0,0.0
2014-03-14 00:00:00-04:00,26.405820828747764,26.436624473547976,26.359615361547444,26.390419006347656,14200,0.0,0.0,0.0
2014-03-17 00:00:00-04:00,26.31341254096401,26.382719279936772,26.25950762594048,26.267210006713867,16900,0.0,0.0,0.0
2014-03-18 00:00:00-04:00,26.2672078687471,26.405821335410458,26.236404223355837,26.38271713256836,14400,0.0,0.0,0.0
2014-03-19 00:00:00-04:00,26.24410908512924,26.52133310707278,26.213305436825202,26.4520263671875,15000,0.0,0.0,0.0
2014-03-20 00:00:00-04:00,26.26720933336171,26.382718603623566,26.09009276888221,26.120893478393555,36300,0.0,0.0,0.0
2014-03-21 00:00:00-04:00,26.159399794291506,26.159399794291506,26.02848576143541,26.051589965820312,17500,0.0,0.0,0.0
2014-03-24 00:00:00-04:00,26.07468928826777,26.143996021059397,26.02078437805176,26.020784378051758,15400,0.0,0.0,0.0
2014-03-25 00:00:00-04:00,26.19790210501391,26.20560154784803,26.10549410301737,26.143997192382812,26300,0.0,0.0,0.0
2014-03-26 00:00:00-04:00,26.17480080494558,26.190199690593836,26.036187333331945,26.11319351196289,19400,0.0,0.0,0.0
2014-03-27 00:00:00-04:00,26.244106690360347,26.475128156364768,26.244106690360347,26.459726333618164,60600,0.0,0.0,0.0
2014-03-28 00:00:00-04:00,26.53672731848215,26.5752303990178,26.45972115741085,26.48282241821289,37200,0.0,0.0,0.0
2014-03-31 00:00:00-04:00,26.336511534705846,26.35961279726007,26.17479682163236,26.274904251098633,12300,0.0,0.0,0.0
2014-04-01 00:00:00-04:00,26.22870515667842,26.24410697959477,26.01308257344692,26.074689865112305,41300,0.0,0.0,0.0
2014-04-02 00:00:00-04:00,26.143997343668534,26.143997343668534,25.90527348806553,25.951478958129883,27600,0.0,0.0,0.0
2014-04-03 00:00:00-04:00,25.905274597314364,26.028486251831055,25.905274597314364,26.028486251831055,20300,0.0,0.0,0.0
2014-04-04 00:00:00-04:00,26.066986120184254,26.097789764404297,26.04388485581782,26.097789764404297,47700,0.0,0.0,0.0
2014-04-07 00:00:00-04:00,26.120891659684563,26.21330259457676,26.082388572278116,26.197900772094727,29600,0.0,0.0,0.0
2014-04-08 00:00:00-04:00,26.290306187511028,26.683045278240165,26.25950254557208,26.3673152923584,86200,0.0,0.0,0.0
2014-04-09 00:00:00-04:00,26.290308611792934,26.421222633306815,26.182498792662237,26.375017166137695,22100,0.0,0.0,0.0
2014-04-10 00:00:00-04:00,26.45202584388173,26.513633139271008,26.428924576909516,26.444326400756836,80900,0.0,0.0,0.0
2014-04-11 00:00:00-04:00,26.405818844372547,26.44432192868071,26.328809738159183,26.32880973815918,113300,0.0,0.0,0.0
2014-04-14 00:00:00-04:00,26.452024528353327,26.544435466841406,26.42892326253,26.51363182067871,22700,0.0,0.0,0.0
2014-04-15 00:00:00-04:00,26.321111715351048,26.41351971019192,26.282608628967118,26.35191535949707,37500,0.0,0.0,0.0
2014-04-16 00:00:00-04:00,26.52903297937819,26.54443480207382,26.36731824747004,26.38271713256836,69100,0.0,0.0,0.0
2014-04-17 00:00:00-04:00,26.36731687866086,26.706148147583008,26.328810855122097,26.706148147583008,43300,0.0,0.0,0.0
2014-04-21 00:00:00-04:00,26.57523695424856,26.57523695424856,26.42122459411621,26.42122459411621,54000,0.0,0.0,0.0
2014-04-22 00:00:00-04:00,26.606038278273186,26.71384809599167,26.544433927118572,26.69844627380371,23400,0.0,0.0,0.0
2014-04-23 00:00:00-04:00,26.921767778933724,26.921767778933724,26.683046883537475,26.706148147583008,73700,0.0,0.0,0.0
2014-04-24 00:00:00-04:00,28.746849413823558,28.746849413823558,26.798561173300914,26.87557029724121,110700,0.0,0.0,0.0
2014-04-25 00:00:00-04:00,27.1450903958168,27.1450903958168,26.744651830373936,26.775455474853516,24200,0.0,0.0,0.0
2014-04-28 00:00:00-04:00,26.81396184180816,26.867866757443004,26.683050743151416,26.752357482910156,24400,0.0,0.0,0.0
2014-04-29 00:00:00-04:00,26.63684020059082,26.92176654865464,26.552131652832035,26.55213165283203,13300,0.0,0.0,0.0
2014-04-30 00:00:00-04:00,26.890964135141576,26.890964135141576,26.61374015380372,26.706148147583008,48900,0.0,0.0,0.0
2014-05-01 00:00:00-04:00,26.582935295216505,26.590634737014113,26.505926189255323,26.55213165283203,55600,0.0,0.0,0.0
2014-05-02 00:00:00-04:00,26.590637799752383,26.729251268851137,26.53673288816924,26.659944534301758,37800,0.0,0.0,0.0
2014-05-05 00:00:00-04:00,26.952571969854333,26.952571969854333,26.659943223082976,26.729249954223633,33600,0.0,0.0,0.0
2014-05-06 00:00:00-04:00,26.860167298019654,26.89096800865133,26.733104452272144,26.736955642700195,101200,0.0,0.0,0.0
2014-05-07 00:00:00-04:00,26.72155184344029,26.72155184344029,26.63684328586992,26.67534637451172,132500,0.0,0.0,0.0
2014-05-08 00:00:00-04:00,26.559832903289077,26.559832903289077,26.45202015952605,26.47512435913086,25400,0.0,0.0,0.0
2014-05-09 00:00:00-04:00,26.452026018909535,26.467427842858765,26.205602710916946,26.267210006713867,49300,0.0,0.0,0.0
2014-05-12 00:00:00-04:00,26.359615414821366,26.43662452697754,26.328811769958897,26.43662452697754,72100,0.0,0.0,0.0
2014-05-13 00:00:00-04:00,26.45972820822244,26.567538037489403,26.35961782207561,26.428924560546875,61100,0.0,0.0,0.0
2014-05-14 00:00:00-04:00,26.50592613220215,26.5136285115802,26.436622343381796,26.50592613220215,77900,0.0,0.0,0.0
2014-05-15 00:00:00-04:00,26.482828950649655,26.505930217150013,26.359617299985295,26.42122459411621,30700,0.0,0.0,0.0
2014-05-16 00:00:00-04:00,26.32881238324803,26.336514763441695,26.190198915735394,26.20560073852539,15100,0.0,0.0,0.0
2014-05-19 00:00:00-04:00,26.34421431074145,26.351916690965723,26.26720813408274,26.298011779785156,64200,0.0,0.0,0.0
2014-05-20 00:00:00-04:00,26.25950243019683,26.38271405981429,26.205597525839,26.274904251098633,17200,0.0,0.0,0.0
2014-05-21 00:00:00-04:00,26.267209466723408,26.33651620427139,26.221003995825587,26.244108200073242,309500,0.0,0.0,0.0
2014-05-22 00:00:00-04:00,26.274908843197515,26.305712490384714,26.12859592545454,26.1825008392334,93000,0.0,0.0,0.0
2014-05-23 00:00:00-04:00,26.23640382395141,26.23640382395141,26.12859400432053,26.167097091674805,67300,0.0,0.0,0.0
2014-05-27 00:00:00-04:00,26.128594741821118,26.128594741821118,25.989981273355433,26.043886184692383,74900,0.0,0.0,0.0
2014-05-28 00:00:00-04:00,25.997680175389693,26.04388564311654,25.897572735044122,26.020784378051758,67200,0.0,0.0,0.0
2014-05-29 00:00:00-04:00,25.95917757569837,26.04388613265786,25.95917757569837,25.9976806640625,67500,0.0,0.0,0.0
2014-05-30 00:00:00-04:00,25.874468638976936,25.88217101909512,25.71275390766269,25.797462463378906,64400,0.0,0.0,0.0
2014-06-02 00:00:00-04:00,25.527935949533365,25.766656838101504,25.466328663711217,25.73585319519043,73900,0.0,0.0,0.0
2014-06-03 00:00:00-04:00,26.713848424376682,26.713848424376682,25.527937477298128,25.55103874206543,85500,0.0,0.0,0.0
2014-06-04 00:00:00-04:00,25.597244734027438,25.62804544181628,25.512536178014173,25.558738708496094,45000,0.0,0.0,0.0
2014-06-05 00:00:00-04:00,25.558738726002428,25.628045459370085,25.504833815338397,25.574140548706055,59300,0.0,0.0,0.0
2014-06-06 00:00:00-04:00,25.612641076916834,25.758956909179684,25.589539813968813,25.758956909179688,75200,0.0,0.0,0.0
2014-06-09 00:00:00-04:00,25.743558850077303,25.743558850077303,25.65115084718406,25.71275520324707,41400,0.0,0.0,0.0
2014-06-10 00:00:00-04:00,25.65884913986372,25.697352227876777,25.52023567293886,25.604944229125977,54300,0.0,0.0,0.0
2014-06-11 00:00:00-04:00,25.628046762356952,25.68195167576163,25.435528375169543,25.48943328857422,43700,0.0,0.0,0.0
2014-06-12 00:00:00-04:00,25.55103863955943,25.77436065673828,25.527937374884804,25.77436065673828,96400,0.0,0.0,0.0
2014-06-13 00:00:00-04:00,26.929468125236212,27.722642798609865,25.8051587124967,25.88216781616211,117700,0.0,0.0,0.0
2014-06-16 00:00:00-04:00,26.005383820311973,26.005383820311973,25.866770347986915,25.9052734375,110700,0.0,0.0,0.0
2014-06-17 00:00:00-04:00,27.722647517566,27.722647517566,25.789764219300796,25.951478958129883,132200,0.0,0.0,0.0
2014-06-18 00:00:00-04:00,25.936073884096306,26.05928551789451,25.92837150458557,25.989978790283203,42900,0.0,0.0,0.0
2014-06-19 00:00:00-04:00,26.066987288330395,26.24410678173436,26.051588403127496,26.22100257873535,54300,0.0,0.0,0.0
2014-06-20 00:00:00-04:00,26.22100317063899,26.313411171929015,26.213303727863735,26.29030990600586,50900,0.0,0.0,0.0
2014-06-23 00:00:00-04:00,26.30571055622801,26.30571055622801,26.120891624291314,26.167097091674805,615000,0.0,0.0,0.0
2014-06-24 00:00:00-04:00,26.151699898193797,26.151699898193797,26.066991328462194,26.105497360229492,61100,0.0,0.0,0.0
2014-06-25 00:00:00-04:00,26.082391073057508,26.290311290104434,26.082391073057508,26.282611846923828,66300,0.0,0.0,0.0
2014-06-26 00:00:00-04:00,26.205600755935123,26.298011692736498,26.14399640233154,26.22100257873535,135000,0.0,0.0,0.0
2014-06-27 00:00:00-04:00,26.321111869609403,26.321111869609403,26.113191676801,26.1747989654541,54400,0.0,0.0,0.0
2014-06-30 00:00:00-04:00,26.07468979577402,26.136294149678235,25.951478150368246,26.01308250427246,108200,0.0,0.0,0.0
2014-07-01 00:00:00-04:00,26.005382449355817,26.005382449355817,25.87446842679595,25.928373336791992,72700,0.0,0.0,0.0
2014-07-02 00:00:00-04:00,25.95147568675187,26.00538059289978,25.87446657968552,25.974576950073242,55300,0.0,0.0,0.0
2014-07-03 00:00:00-04:00,25.88986840109879,25.982279329578407,25.859067695869317,25.974576950073242,39400,0.0,0.0,0.0
2014-07-07 00:00:00-04:00,25.766658943732907,25.774361323888645,25.47403312495577,25.589542388916016,70900,0.0,0.0,0.0
2014-07-08 00:00:00-04:00,25.6357478570585,25.658849122331088,25.504833832786783,25.589542388916016,36500,0.0,0.0,0.0
2014-07-09 00:00:00-04:00,25.527938740349626,25.527938740349626,25.34311980027511,25.435527801513672,143300,0.0,0.0,0.0
2014-07-10 00:00:00-04:00,25.3970255054129,25.4124273290331,25.258412030428556,25.358522415161133,34600,0.0,0.0,0.0
2014-07-11 00:00:00-04:00,26.113191634348105,26.113191634348105,25.03508758544922,25.03508758544922,47500,0.0,0.0,0.0
2014-07-14 00:00:00-04:00,24.973485758091158,25.13520050048828,24.904179020264177,25.13520050048828,82700,0.0,0.0,0.0
2014-07-15 00:00:00-04:00,24.973484830970843,24.98118427373356,24.842570803225513,24.8964786529541,25500,0.0,0.0,0.0
2014-07-16 00:00:00-04:00,25.042787453798084,25.05048689529643,24.92727526814453,24.965778350830078,50800,0.0,0.0,0.0
2014-07-17 00:00:00-04:00,24.99658702483432,25.204507238315262,24.88877719656957,25.13520050048828,59000,0.0,0.0,0.0
2014-07-18 00:00:00-04:00,24.97348528868967,25.035089644712684,24.842571258544922,24.842571258544922,39500,0.0,0.0,0.0
2014-07-21 00:00:00-04:00,24.773266455166986,24.881079227415803,24.75786756815769,24.873376846313477,30200,0.0,0.0,0.0
2014-07-22 00:00:00-04:00,24.93498296458916,24.93498296458916,24.711660924754202,24.73476219177246,37500,0.0,0.0,0.0
2014-07-23 00:00:00-04:00,24.71165885997679,25.15060052223325,24.71165885997679,24.911876678466797,49100,0.0,0.0,0.0
2014-07-24 00:00:00-04:00,25.035089644712684,25.035089644712684,24.80406816883086,24.842571258544922,51800,0.0,0.0,0.0
2014-07-25 00:00:00-04:00,24.796366130483896,24.996583938598633,24.773261928995826,24.996583938598633,70700,0.0,0.0,0.0
2014-07-28 00:00:00-04:00,25.350818376537532,25.350818376537532,24.842569980701644,24.94268035888672,22000,0.0,0.0,0.0
2014-07-29 00:00:00-04:00,24.834869329726022,24.834869329726022,24.6885564284192,24.788663864135742,36600,0.0,0.0,0.0
2014-07-30 00:00:00-04:00,24.84256877185916,24.857970593722587,24.76556260013918,24.788663864135742,28300,0.0,0.0,0.0
2014-07-31 00:00:00-04:00,24.819467020106828,24.881074306349817,24.75016029188201,24.811767578125,52000,0.0,0.0,0.0
2014-08-01 00:00:00-04:00,24.83486987009162,24.942679687884215,24.557642945712253,24.565343856811523,48600,0.0,0.0,0.0
2014-08-04 00:00:00-04:00,24.71165720677869,24.881074306349817,24.688555943236114,24.811767578125,26400,0.0,0.0,0.0
2014-08-05 00:00:00-04:00,24.696257970167608,24.703960350552734,24.596149057141474,24.642353057861328,24100,0.0,0.0,0.0
2014-08-06 00:00:00-04:00,24.719358354824653,24.95808219909668,24.719358354824653,24.95808219909668,50000,0.0,0.0,0.0
2014-08-07 00:00:00-04:00,24.904180479895434,24.904180479895434,24.76556699611735,24.857975006103516,26400,0.0,0.0,0.0
2014-08-08 00:00:00-04:00,25.289214351999412,25.289214351999412,24.580746659394364,24.58844757080078,80300,0.0,0.0,0.0
2014-08-11 00:00:00-04:00,24.634645759427226,24.796361923217773,24.634645759427226,24.796361923217773,33000,0.0,0.0,0.0
2014-08-12 00:00:00-04:00,24.68855795028554,24.68855795028554,24.55764392517511,24.58844757080078,41400,0.0,0.0,0.0
2014-08-13 00:00:00-04:00,24.650051327875058,24.650051327875058,24.457534422568582,24.519140243530273,56800,0.0,0.0,0.0
2014-08-14 00:00:00-04:00,24.873380516581268,24.873380516581268,24.388234720265125,24.465242385864258,126300,0.0,0.0,0.0
2014-08-15 00:00:00-04:00,24.45753501448902,24.6269506590342,24.40363010344277,24.58844757080078,57700,0.0,0.0,0.0
2014-08-18 00:00:00-04:00,24.426728658487164,24.45753230069488,24.3805246639741,24.403627395629883,59000,0.0,0.0,0.0
2014-08-19 00:00:00-04:00,24.426728658487164,24.426728658487164,24.288116674947965,24.403627395629883,82900,0.0,0.0,0.0
2014-08-20 00:00:00-04:00,24.457537055378026,24.457537055378026,24.280420484646722,24.380529403686523,76400,0.0,0.0,0.0
2014-08-21 00:00:00-04:00,24.39592328159439,24.49603216802693,24.372820552972275,24.472930908203125,66500,0.0,0.0,0.0
2014-08-22 00:00:00-04:00,24.542242013421486,24.565343277375792,24.480636194879043,24.511438369750977,113800,0.0,0.0,0.0
2014-08-25 00:00:00-04:00,24.488338843577072,24.488338843577072,24.411332661914525,24.426733016967773,59800,0.0,0.0,0.0
2014-08-26 00:00:00-04:00,24.603851269691226,24.603851269691226,24.449835967416334,24.557645797729492,101900,0.0,0.0,0.0
2014-08-27 00:00:00-04:00,24.642350187422792,24.642350187422792,24.526839464678954,24.6346492767334,123100,0.0,0.0,0.0
2014-08-28 00:00:00-04:00,24.77326284748803,24.780965227468673,24.665453028537012,24.727060317993164,51800,0.0,0.0,0.0
2014-08-29 00:00:00-04:00,24.77326282959762,24.77326282959762,24.642351745993707,24.711658477783203,87900,0.0,0.0,0.0
2014-09-02 00:00:00-04:00,24.59614920704481,24.59614920704481,24.41133173424031,24.4498348236084,2163200,0.0,0.0,0.0
2014-09-03 00:00:00-04:00,24.511438804659583,24.511438804659583,24.303518612590235,24.385147094726562,118400,0.0,0.0,0.0
2014-09-04 00:00:00-04:00,24.380528255577364,24.39593007895013,24.241914782819894,24.27271842956543,80800,0.0,0.0,0.0
2014-09-05 00:00:00-04:00,24.265018074037428,24.311222076416016,24.21496288132802,24.311222076416016,139400,0.0,0.0,0.0
2014-09-08 00:00:00-04:00,24.141804876524027,24.23421287536621,24.0647972316231,24.23421287536621,33200,0.0,0.0,0.0
2014-09-09 00:00:00-04:00,24.111000831784633,24.111000831784633,23.96468792457423,24.018592834472656,49700,0.0,0.0,0.0
2014-09-10 00:00:00-04:00,23.918485840215137,23.918485840215137,23.71826652598811,23.756771087646484,22900,0.0,0.0,0.0
2014-09-11 00:00:00-04:00,23.548843404212747,23.571946133892162,23.40252905383987,23.564245223999023,46000,0.0,0.0,0.0
2014-09-12 00:00:00-04:00,23.448739954945008,23.464140309506867,23.348629571899984,23.40253448486328,34000,0.0,0.0,0.0
2014-09-15 00:00:00-04:00,23.333224344310956,23.425633802193506,23.333224344310956,23.371728897094727,30300,0.0,0.0,0.0
2014-09-16 00:00:00-04:00,23.394834763696252,23.59505407117632,23.340929847989848,23.556550979614258,63900,0.0,0.0,0.0
2014-09-17 00:00:00-04:00,23.456437540416417,23.51804482898032,23.441037187074045,23.44873809814453,22300,0.0,0.0,0.0
2014-09-18 00:00:00-04:00,23.333227917527708,23.333227917527708,23.171513177466615,23.225418090820312,38600,0.0,0.0,0.0
2014-09-19 00:00:00-04:00,23.094501615491083,23.094501615491083,22.852699196907377,22.9019832611084,368800,0.0,0.0,0.0
2014-09-22 00:00:00-04:00,22.786474981110658,22.786474981110658,22.59395660612243,22.678665161132812,2777700,0.0,0.0,0.0
2014-09-23 00:00:00-04:00,22.76337375511213,22.76337375511213,22.66326483975878,22.709468841552734,163800,0.0,0.0,0.0
2014-09-24 00:00:00-04:00,22.678663687433453,22.91738604564264,22.655560955168614,22.909685134887695,40400,0.0,0.0,0.0
2014-09-25 00:00:00-04:00,22.73257118873079,22.763373366467953,22.57085498201488,22.755672454833984,244000,0.0,0.0,0.0
2014-09-26 00:00:00-04:00,22.747970199044303,22.794174194335938,22.670962561025895,22.794174194335938,42900,0.0,0.0,0.0
2014-09-29 00:00:00-04:00,22.747972642343115,22.91738828914127,22.740271730834284,22.817277908325195,43000,0.0,0.0,0.0
2014-09-30 00:00:00-04:00,22.82497688274353,22.848079615309352,22.501545970814842,22.555452346801758,37400,0.0,0.0,0.0
2014-10-01 00:00:00-04:00,22.524649646837602,22.740270753420987,22.524649646837602,22.547752380371094,79600,0.0,0.0,0.0
2014-10-02 00:00:00-04:00,22.64015958854298,22.64015958854298,22.47844486583556,22.624757766723633,97600,0.0,0.0,0.0
2014-10-03 00:00:00-04:00,22.617061926035188,22.617061926035188,22.47844844518613,22.49384880065918,73300,0.0,0.0,0.0
2014-10-06 00:00:00-04:00,22.709463596436347,22.955886840820312,22.66325960531395,22.955886840820312,37300,0.0,0.0,0.0
2014-10-07 00:00:00-04:00,22.955889149344028,23.040597698918997,22.878881510530285,22.925086975097656,33800,0.0,0.0,0.0
2014-10-08 00:00:00-04:00,22.89428597768005,22.909687800982315,22.74027215105351,22.801877975463867,91900,0.0,0.0,0.0
2014-10-09 00:00:00-04:00,22.84807748817421,22.925085120759043,22.68636131286621,22.68636131286621,45400,0.0,0.0,0.0
2014-10-10 00:00:00-04:00,22.647861096117413,22.809577291883866,22.555453100363962,22.69406509399414,39400,0.0,0.0,0.0
2014-10-13 00:00:00-04:00,22.647863991273894,22.78647747142213,22.586258163296765,22.732572555541992,29600,0.0,0.0,0.0
2014-10-14 00:00:00-04:00,22.701766777704602,22.724869511828516,22.563153310558455,22.60165786743164,31700,0.0,0.0,0.0
2014-10-15 00:00:00-04:00,22.416842796386014,22.547755366147342,22.29363113882227,22.31673240661621,49000,0.0,0.0,0.0
2014-10-16 00:00:00-04:00,22.262829028855908,22.524654186476123,22.131916450045797,22.393741607666016,62400,0.0,0.0,0.0
2014-10-17 00:00:00-04:00,22.439940246958127,22.439940246958127,22.332130432128906,22.332130432128906,30300,0.0,0.0,0.0
2014-10-20 00:00:00-04:00,22.17041871479797,22.17041871479797,22.047205592695054,22.147315979003906,185100,0.0,0.0,0.0
2014-10-21 00:00:00-04:00,22.239723811260895,22.332133284918214,22.19351980883161,22.324432373046875,61100,0.0,0.0,0.0
2014-10-22 00:00:00-04:00,22.27052663049098,22.378336455082707,22.078008247263636,22.108810424804688,38400,0.0,0.0,0.0
2014-10-23 00:00:00-04:00,22.19351980883161,22.332133284918214,22.162717630145007,22.324432373046875,16200,0.0,0.0,0.0
2014-10-24 00:00:00-04:00,22.44763994798781,22.44763994798781,22.124209052133505,22.19351577758789,60000,0.0,0.0,0.0
2014-10-27 00:00:00-04:00,22.29363250732422,22.30133195119562,22.039508264399647,22.29363250732422,33400,0.0,0.0,0.0
2014-10-28 00:00:00-04:00,22.455343856232428,22.555454236941642,22.424541679028682,22.54005241394043,60800,0.0,0.0,0.0
2014-10-29 00:00:00-04:00,22.617057617601695,22.824976330469028,22.617057617601695,22.763370513916016,36800,0.0,0.0,0.0
2014-10-30 00:00:00-04:00,22.59396056544715,22.59396056544715,22.409143069327207,22.470748901367188,663500,0.0,0.0,0.0
2014-10-31 00:00:00-04:00,22.26282200491229,22.47074217662324,22.239719274011588,22.43223762512207,102700,0.0,0.0,0.0
2014-11-03 00:00:00-05:00,22.41683763417606,22.509245621669496,22.31672726745994,22.37063217163086,45800,0.0,0.0,0.0
2014-11-04 00:00:00-05:00,22.193519981793273,22.208921805655983,22.093411064283185,22.147315979003906,53600,0.0,0.0,0.0
2014-11-05 00:00:00-05:00,22.193521307353983,22.193521307353983,21.931696161244837,22.07801055908203,74700,0.0,0.0,0.0
2014-11-06 00:00:00-05:00,22.047203918416653,22.278226852416992,22.024102653175678,22.278226852416992,150500,0.0,0.0,0.0
2014-11-07 00:00:00-05:00,22.170416665474622,22.409139038085264,21.769978094851293,22.339832305908203,29500,0.0,0.0,0.0
2014-11-10 00:00:00-05:00,22.339833365956718,22.424541924592333,22.108810424804688,22.108810424804688,20300,0.0,0.0,0.0
2014-11-11 00:00:00-05:00,22.124212151098277,22.432241269153504,22.08493941162537,22.3475341796875,38600,0.0,0.0,0.0
2014-11-12 00:00:00-05:00,22.39374010730297,22.555456326197735,22.324433366176475,22.362937927246094,62600,0.0,0.0,0.0
2014-11-13 00:00:00-05:00,22.378336506718252,22.455344153946616,22.08570920980891,22.15501594543457,32400,0.0,0.0,0.0
2014-11-14 00:00:00-05:00,22.070303784910063,22.486144130802256,22.070303784910063,22.366012573242188,637200,0.0,0.0,0.0
2014-11-17 00:00:00-05:00,22.26282711667841,22.447644599924587,22.247425292541532,22.378337860107422,30600,0.0,0.0,0.0
2014-11-18 00:00:00-05:00,22.34753395639101,22.34753395639101,22.19351866450297,22.21662139892578,66200,0.0,0.0,0.0
2014-11-19 00:00:00-05:00,22.432244702516492,22.532355099206004,22.35523851281554,22.393741607666016,100400,0.0,0.0,0.0
2014-11-20 00:00:00-05:00,22.4322399349736,22.476904631794707,22.316729206172845,22.401437759399414,205200,0.0,0.0,0.0
2014-11-21 00:00:00-05:00,22.555457076999758,22.65556600151545,22.447645771214933,22.516952514648438,117600,0.0,0.0,0.0
2014-11-24 00:00:00-05:00,22.524649031832585,22.617058494644812,22.416839215883805,22.463043212890625,124600,0.0,0.0,0.0
2014-11-25 00:00:00-05:00,22.547753325441036,22.570854591144176,22.411450276357517,22.54005241394043,29500,0.0,0.0,0.0
2014-11-26 00:00:00-05:00,22.470745069042945,22.536200611822643,22.424541070092644,22.45534324645996,153700,0.0,0.0,0.0
2014-11-28 00:00:00-05:00,21.962498996851625,22.001002088582354,21.585163116455078,21.585163116455078,20500,0.0,0.0,0.0
2014-12-01 00:00:00-05:00,21.269432146900165,21.900892224365776,21.261731235126348,21.870088577270508,47000,0.0,0.0,0.0
2014-12-02 00:00:00-05:00,21.977897861983127,22.13961258803764,21.500451657291453,21.546655654907227,44600,0.0,0.0,0.0
2014-12-03 00:00:00-05:00,21.446547149716746,21.600560967582684,21.431145327290565,21.515853881835938,166000,0.0,0.0,0.0
2014-12-04 00:00:00-05:00,21.57745873707411,21.608260911749337,21.492750186319746,21.50815200805664,143200,0.0,0.0,0.0
2014-12-05 00:00:00-05:00,21.52663582647849,21.58516157927644,21.460409162123053,21.523555755615234,31700,0.0,0.0,0.0
2014-12-08 00:00:00-05:00,21.408042134877928,21.42267430650882,21.230925587168315,21.2540283203125,183100,0.0,0.0,0.0
2014-12-09 00:00:00-05:00,21.331036419117638,21.546656057889674,21.331036419117638,21.515853881835938,46900,0.0,0.0,0.0
2014-12-10 00:00:00-05:00,21.47734943078506,21.47734943078506,21.21552432345427,21.292531967163086,46700,0.0,0.0,0.0
2014-12-11 00:00:00-05:00,21.246327776290315,21.346436684047273,21.1662400625653,21.19242286682129,44800,0.0,0.0,0.0
2014-12-12 00:00:00-05:00,21.1693229517321,21.215526956171566,21.123118947292628,21.153921127319336,54200,0.0,0.0,0.0
2014-12-15 00:00:00-05:00,21.107715402219565,21.31563560844615,20.992204666137695,20.992204666137695,43900,0.0,0.0,0.0
2014-12-16 00:00:00-05:00,20.8381872083864,21.123115032014393,20.79198321251108,20.830486297607422,197200,0.0,0.0,0.0
2014-12-17 00:00:00-05:00,21.030707888558002,21.030707888558002,20.630270765522162,20.784284591674805,233700,0.0,0.0,0.0
2014-12-18 00:00:00-05:00,20.95369928852539,21.02839651223722,20.79198455809687,20.855131149291992,95700,0.0,0.0,0.0
2014-12-19 00:00:00-05:00,20.838188738237978,20.99990493887194,20.838188738237978,20.97911262512207,33300,0.0,0.0,0.0
2014-12-22 00:00:00-05:00,21.16931921700565,21.16931921700565,20.684173583984375,20.684173583984375,164600,0.0,0.0,0.0
2014-12-23 00:00:00-05:00,20.637971519385317,20.784285912003902,20.637971519385317,20.71497917175293,100900,0.0,0.0,0.0
2014-12-24 00:00:00-05:00,20.599468590476498,20.63797168256534,20.50705911314494,20.5224609375,23100,0.0,0.0,0.0
2014-12-26 00:00:00-05:00,20.422350135934284,20.630270339182168,20.422350135934284,20.537860870361328,68800,0.0,0.0,0.0
2014-12-29 00:00:00-05:00,20.59946857455015,20.645672578780804,20.42543207210918,20.50705909729004,61300,0.0,0.0,0.0
2014-12-30 00:00:00-05:00,20.46085263184558,20.584064274172192,20.445450809355094,20.46855354309082,79900,0.0,0.0,0.0
2014-12-31 00:00:00-05:00,20.31454071511543,20.353045276003108,20.18362814569495,20.245235443115234,168300,0.0,0.0,0.0
2015-01-02 00:00:00-05:00,20.137418746948242,20.19902455906654,20.091214755059124,20.137418746948242,45600,0.0,0.0,0.0
2015-01-05 00:00:00-05:00,20.691878051603602,20.691878051603602,20.162066163315593,20.229833602905273,59800,0.0,0.0,0.0
2015-01-06 00:00:00-05:00,20.530159907437966,20.530159907437966,20.145123147780392,20.20595932006836,55200,0.0,0.0,0.0
2015-01-07 00:00:00-05:00,20.271413853877032,20.29913742747142,20.152823054830094,20.191326141357422,32700,0.0,0.0,0.0
2015-01-08 00:00:00-05:00,20.3992511445473,20.3992511445473,20.091991623937748,20.222904205322266,238700,0.0,0.0,0.0
2015-01-09 00:00:00-05:00,20.368444194680293,20.368444194680293,20.134341198035575,20.222129821777344,27900,0.0,0.0,0.0
2015-01-12 00:00:00-05:00,20.106617640161335,20.106617640161335,19.890996551928506,19.93720054626465,49400,0.0,0.0,0.0
2015-01-13 00:00:00-05:00,20.206727666003424,20.206727666003424,19.578347726561603,19.704639434814453,122400,0.0,0.0,0.0
2015-01-14 00:00:00-05:00,19.736979494836817,19.797815654305502,19.582965704706485,19.744680404663086,31400,0.0,0.0,0.0
2015-01-15 00:00:00-05:00,19.906398293189515,20.89979224582685,19.35194448818403,19.644573211669922,48000,0.0,0.0,0.0
2015-01-16 00:00:00-05:00,19.5521620654014,19.75238131448936,19.482855345763323,19.744680404663086,143900,0.0,0.0,0.0
2015-01-20 00:00:00-05:00,19.921802845838176,19.921802845838176,19.372739456009707,19.46514892578125,216000,0.0,0.0,0.0
2015-01-21 00:00:00-05:00,19.929505139503398,19.929505139503398,19.390454473254053,19.49826431274414,100100,0.0,0.0,0.0
2015-01-22 00:00:00-05:00,19.467459059475303,19.467459059475303,19.274940680018148,19.375049591064453,80500,0.0,0.0,0.0
2015-01-23 00:00:00-05:00,19.16712992132399,19.244137569006348,19.136327743530273,19.136327743530273,133600,0.0,0.0,0.0
2015-01-26 00:00:00-05:00,19.49825846596831,19.49825846596831,19.074718678861437,19.174827575683594,250100,0.0,0.0,0.0
2015-01-27 00:00:00-05:00,19.328845366293553,19.328845366293553,19.144027900421577,19.244136810302734,81700,0.0,0.0,0.0
2015-01-28 00:00:00-05:00,19.24413811189103,19.31344484988045,19.113225547777535,19.1594295501709,244900,0.0,0.0,0.0
2015-01-29 00:00:00-05:00,19.15172835673571,19.15172835673571,18.927636688970644,18.982311248779297,81900,0.0,0.0,0.0
2015-01-30 00:00:00-05:00,19.305743366271415,19.305743366271415,18.86680168453692,19.144798278808594,38100,0.0,0.0,0.0
2015-02-02 00:00:00-05:00,19.33654668373372,19.33654668373372,19.129396129972644,19.213335037231445,654900,0.0,0.0,0.0
2015-02-03 00:00:00-05:00,19.13632805333587,19.615313602732414,19.13632805333587,19.58220100402832,90600,0.0,0.0,0.0
2015-02-04 00:00:00-05:00,19.459758877436343,19.459758877436343,19.183301581144036,19.23643684387207,116200,0.0,0.0,0.0
2015-02-05 00:00:00-05:00,19.197931819360765,19.354256052063,19.197931819360765,19.331924438476562,64700,0.0,0.0,0.0
2015-02-06 00:00:00-05:00,19.359646459734805,19.48285809675598,19.35887680928301,19.444355010986328,97500,0.0,0.0,0.0
2015-02-09 00:00:00-05:00,19.42895190465792,19.610689277568788,19.42895190465792,19.529062271118164,20500,0.0,0.0,0.0
2015-02-10 00:00:00-05:00,19.505960575580776,19.505960575580776,19.244135483119408,19.29804039001465,26900,0.0,0.0,0.0
2015-02-11 00:00:00-05:00,19.790895676565686,19.790895676565686,19.15173453205274,19.274946212768555,28700,0.0,0.0,0.0
2015-02-12 00:00:00-05:00,19.37504979647702,19.49056053161621,19.275710534881334,19.49056053161621,19300,0.0,0.0,0.0
2015-02-13 00:00:00-05:00,19.86789720544612,19.86789720544612,19.51366407385075,19.690780639648438,31500,0.0,0.0,0.0
2015-02-17 00:00:00-05:00,19.42894959191001,19.54446029663086,19.35964287531784,19.54446029663086,29000,0.0,0.0,0.0
2015-02-18 00:00:00-05:00,19.444356901449723,19.505962725949892,19.344247987436464,19.428955078125,66800,0.0,0.0,0.0
2015-02-19 00:00:00-05:00,19.328843726024385,19.456676199657444,19.318832395246247,19.405851364135742,23700,0.0,0.0,0.0
2015-02-20 00:00:00-05:00,19.482855958056504,19.498257778193082,19.30573943288107,19.328842163085938,46300,0.0,0.0,0.0
2015-02-23 00:00:00-05:00,19.321141632103167,19.39044835527918,19.24413399870777,19.282638549804688,27400,0.0,0.0,0.0
2015-02-24 00:00:00-05:00,19.375049995574084,19.467459465914246,19.328845994803352,19.344247817993164,30200,0.0,0.0,0.0
2015-02-25 00:00:00-05:00,19.382751854591667,19.382751854591667,19.264161041590587,19.3365478515625,39600,0.0,0.0,0.0
2015-02-26 00:00:00-05:00,19.28264196004661,19.32961561125443,19.24413740213995,19.313444137573242,35800,0.0,0.0,0.0
2015-02-27 00:00:00-05:00,19.313447005976112,19.412786283171226,19.28803531590244,19.321147918701172,47300,0.0,0.0,0.0
2015-03-02 00:00:00-05:00,19.452052559151902,19.452052559151902,19.15172442943144,19.190227508544922,44200,0.0,0.0,0.0
2015-03-03 00:00:00-05:00,19.159428804765856,19.159428804765856,19.005414979847025,19.020816802978516,54400,0.0,0.0,0.0
2015-03-04 00:00:00-05:00,18.982312431374417,19.197933550934554,18.93610843032536,19.120925903320312,44300,0.0,0.0,0.0
2015-03-05 00:00:00-05:00,19.228735745710136,19.228735745710136,19.105524096937845,19.136327743530273,906600,0.0,0.0,0.0
2015-03-06 00:00:00-05:00,19.05162010951139,19.12862776093391,18.97461245808887,19.11322593688965,38500,0.0,0.0,0.0
2015-03-09 00:00:00-04:00,19.097820098691948,19.167126823524818,19.013113021850586,19.013113021850586,33800,0.0,0.0,0.0
2015-03-10 00:00:00-04:00,18.928405154786944,18.94380697614606,18.871420178316452,18.882970809936523,27200,0.0,0.0,0.0
2015-03-11 00:00:00-04:00,18.951506905874783,18.956897396191604,18.758988555246386,18.835994720458984,45000,0.0,0.0,0.0
2015-03-12 00:00:00-04:00,18.843700785746783,18.851401698134445,18.720489125141892,18.782094955444336,38000,0.0,0.0,0.0
2015-03-13 00:00:00-04:00,18.851402299129788,18.851402299129788,18.558774963063733,18.574176788330078,72100,0.0,0.0,0.0
2015-03-16 00:00:00-04:00,18.635778969190383,18.66658114488894,18.481763684301754,18.65888023376465,195900,0.0,0.0,0.0
2015-03-17 00:00:00-04:00,18.527967471139792,18.59727420167013,18.424778494606965,18.54336929321289,67200,0.0,0.0,0.0
2015-03-18 00:00:00-04:00,18.46636339823727,18.766693081874124,18.394746240742396,18.735889434814453,535500,0.0,0.0,0.0
2015-03-19 00:00:00-04:00,18.681981400135005,18.681981400135005,18.557229000463195,18.581871032714844,40200,0.0,0.0,0.0
2015-03-20 00:00:00-04:00,18.78209083389788,18.93610611025627,18.78209083389788,18.889902114868164,20100,0.0,0.0,0.0
2015-03-23 00:00:00-04:00,18.92840751868406,19.15172954988549,18.92840751868406,19.120925903320312,26900,0.0,0.0,0.0
2015-03-24 00:00:00-04:00,19.221034952689223,19.221034952689223,18.851400004091058,18.913005828857422,47500,0.0,0.0,0.0
2015-03-25 00:00:00-04:00,18.951506905874783,18.951506905874783,18.820594368695534,18.835994720458984,27900,0.0,0.0,0.0
2015-03-26 00:00:00-04:00,18.83599819743637,19.00464566676281,18.83599819743637,18.928407669067383,27800,0.0,0.0,0.0
2015-03-27 00:00:00-04:00,18.820597046211674,18.828297957588198,18.71278575573903,18.743589401245117,33400,0.0,0.0,0.0
2015-03-30 00:00:00-04:00,18.720484522457834,18.766689985423568,18.566470718967523,18.612674713134766,32500,0.0,0.0,0.0
2015-03-31 00:00:00-04:00,18.604974191233744,18.69738365029684,18.481762558348635,18.542598724365234,115500,0.0,0.0,0.0
2015-04-01 00:00:00-04:00,18.843702132203347,18.843702132203347,18.50487077572849,18.728191375732422,180800,0.0,0.0,0.0
2015-04-02 00:00:00-04:00,18.743590934830905,18.871423430302734,18.743590934830905,18.80519676208496,23500,0.0,0.0,0.0
2015-04-06 00:00:00-04:00,18.913005862440105,19.058550596788223,18.889904596110902,18.943809509277344,78800,0.0,0.0,0.0
2015-04-07 00:00:00-04:00,18.92070427000025,18.9669082653423,18.874500274658203,18.874500274658203,39300,0.0,0.0,0.0
2015-04-08 00:00:00-04:00,18.851399560310984,18.889904117882725,18.628079001589626,18.651180267333984,41200,0.0,0.0,0.0
2015-04-09 00:00:00-04:00,18.681981822040544,18.681981822040544,18.566471099853516,18.566471099853516,20300,0.0,0.0,0.0
2015-04-10 00:00:00-04:00,18.69738478938611,18.718946753014684,18.60497532469321,18.65888023376465,16400,0.0,0.0,0.0
2015-04-13 00:00:00-04:00,18.65118104520026,18.65118104520026,18.52026848159387,18.558773040771484,52300,0.0,0.0,0.0
2015-04-14 00:00:00-04:00,18.59727387262256,18.658879691026332,18.59727387262256,18.635778427124023,34000,0.0,0.0,0.0
2015-04-15 00:00:00-04:00,18.766687747506634,18.766687747506634,18.658876482241507,18.705081939697266,14600,0.0,0.0,0.0
2015-04-16 00:00:00-04:00,18.788253383304102,18.897603970603264,18.720485953294183,18.8822021484375,33600,0.0,0.0,0.0
2015-04-17 00:00:00-04:00,18.85139829124376,18.889902846223393,18.705085388716917,18.766691207885742,48000,0.0,0.0,0.0
2015-04-20 00:00:00-04:00,18.951509354982697,18.951509354982697,18.574173515243658,18.597274780273438,18100,0.0,0.0,0.0
2015-04-21 00:00:00-04:00,18.604973802640476,18.674280528290588,18.535667076990364,18.612674713134766,50500,0.0,0.0,0.0
2015-04-22 00:00:00-04:00,18.674280892357288,18.674280892357288,18.54336834899913,18.551069259643555,162500,0.0,0.0,0.0
2015-04-23 00:00:00-04:00,18.64347903949842,18.820597063725923,18.59727503999495,18.758991241455078,32400,0.0,0.0,0.0
2015-04-24 00:00:00-04:00,18.851397542587915,18.936106091380445,18.829065929745607,18.874500274658203,48100,0.0,0.0,0.0
2015-04-27 00:00:00-04:00,19.028515070785645,19.028515070785645,18.866800344286517,18.89760398864746,21900,0.0,0.0,0.0
2015-04-28 00:00:00-04:00,18.936105747259077,18.996941912446307,18.916083086068987,18.951507568359375,43300,0.0,0.0,0.0
2015-04-29 00:00:00-04:00,18.88990476594058,19.167130245974494,18.88990476594058,19.130937576293945,144500,0.0,0.0,0.0
2015-04-30 00:00:00-04:00,19.197932811034406,19.25953863299173,19.14941839148286,19.244136810302734,94100,0.0,0.0,0.0
2015-05-01 00:00:00-04:00,19.22103537629497,19.228736288160324,19.074722457249525,19.1594295501709,63200,0.0,0.0,0.0
2015-05-04 00:00:00-04:00,19.35194507905482,19.35194507905482,19.097820900267656,19.18252944946289,24800,0.0,0.0,0.0
2015-05-05 00:00:00-04:00,19.28264482387479,19.382753751702737,19.28264482387479,19.321147918701172,34000,0.0,0.0,0.0
2015-05-06 00:00:00-04:00,19.30573943288107,19.512889947962357,19.29033761274449,19.328842163085938,190000,0.0,0.0,0.0
2015-05-07 00:00:00-04:00,19.267237615612174,19.298039789108095,19.020814352450785,19.22873306274414,31900,0.0,0.0,0.0
2015-05-08 00:00:00-04:00,19.467460616214137,19.467460616214137,19.251839485212198,19.452058792114258,50600,0.0,0.0,0.0
2015-05-11 00:00:00-04:00,19.44435497416265,19.44435497416265,19.351945512172488,19.413551330566406,2085400,0.0,0.0,0.0
2015-05-12 00:00:00-04:00,19.49056115519737,19.61377280579437,19.46745988870964,19.59067153930664,206100,0.0,0.0,0.0
2015-05-13 00:00:00-04:00,19.621475057164123,19.99111003419104,19.40585538829784,19.536767959594727,40300,0.0,0.0,0.0
2015-05-14 00:00:00-04:00,19.736985621489122,19.736985621489122,19.590672695767367,19.713884353637695,95500,0.0,0.0,0.0
2015-05-15 00:00:00-04:00,19.706178867518616,19.80628776550293,19.659974873741124,19.80628776550293,105500,0.0,0.0,0.0
2015-05-18 00:00:00-04:00,19.852495175641085,19.875596440396862,19.760085710222103,19.837093353271484,73100,0.0,0.0,0.0
2015-05-19 00:00:00-04:00,19.937203532050113,19.937203532050113,19.413553288490572,19.459758758544922,70000,0.0,0.0,0.0
2015-05-20 00:00:00-04:00,19.459756270174136,19.467457180865125,19.37504772137179,19.405851364135742,58500,0.0,0.0,0.0
2015-05-21 00:00:00-04:00,19.48286157357932,19.58297196452338,19.48286157357932,19.536767959594727,67600,0.0,0.0,0.0
2015-05-22 00:00:00-04:00,19.390454664427796,19.41355593380406,19.26724299842467,19.321147918701172,290900,0.0,0.0,0.0
2015-05-26 00:00:00-04:00,19.328844907055036,19.328844907055036,18.959209984093327,18.982311248779297,26100,0.0,0.0,0.0
2015-05-27 00:00:00-04:00,18.913003281732777,19.02851400401336,18.880660338246155,18.899911880493164,40000,0.0,0.0,0.0
2015-05-28 00:00:00-04:00,18.88220270753222,18.920705795288086,18.814435275515727,18.920705795288086,27500,0.0,0.0,0.0
2015-05-29 00:00:00-04:00,18.897604530154023,18.943808529220796,18.868341654692053,18.920705795288086,69200,0.0,0.0,0.0
2015-06-01 00:00:00-04:00,19.028512954711914,19.05161568541347,18.959207700204125,19.028512954711914,50400,0.0,0.0,0.0
2015-06-02 00:00:00-04:00,19.105526191672105,19.251840591430664,19.059322185516358,19.251840591430664,190300,0.0,0.0,0.0
2015-06-03 00:00:00-04:00,19.344248327768717,19.344248327768717,19.051619554645523,19.074722290039062,57400,0.0,0.0,0.0
2015-06-04 00:00:00-04:00,19.028515246949855,19.028515246949855,18.943808161770267,18.982311248779297,28900,0.0,0.0,0.0
2015-06-05 00:00:00-04:00,19.051619335610226,19.051619335610226,18.789794212688605,18.943809509277344,2010600,0.0,0.0,0.0
2015-06-08 00:00:00-04:00,19.00541553608991,19.074722273411368,19.00541553608991,19.0593204498291,817900,0.0,0.0,0.0
2015-06-09 00:00:00-04:00,19.174831018888604,19.259539579040393,19.174831018888604,19.23643684387207,49300,0.0,0.0,0.0
2015-06-10 00:00:00-04:00,19.39815116590127,19.421252430024175,19.228734062074217,19.26723861694336,75300,0.0,0.0,0.0
2015-06-11 00:00:00-04:00,19.151729327550992,19.151729327550992,18.990013122558594,18.990013122558594,23600,0.0,0.0,0.0
2015-06-12 00:00:00-04:00,18.273842072517127,19.082420052248825,18.273842072517127,18.905302047729492,20400,0.0,0.0,0.0
2015-06-15 00:00:00-04:00,18.835996469251906,18.835996469251906,18.751289385893887,18.766691207885742,44300,0.0,0.0,0.0
2015-06-16 00:00:00-04:00,18.71278725451728,18.805196729638308,18.71278725451728,18.77439308166504,45100,0.0,0.0,0.0
2015-06-17 00:00:00-04:00,18.874502569685767,18.928407482272426,18.7335786776387,18.828298568725586,85900,0.0,0.0,0.0
2015-06-18 00:00:00-04:00,18.855249077791676,18.88220153130156,18.776700668592675,18.79749298095703,49400,0.0,0.0,0.0
2015-06-19 00:00:00-04:00,18.705084170267746,18.705084170267746,18.596503241736304,18.612674713134766,12600,0.0,0.0,0.0
2015-06-22 00:00:00-04:00,18.666582697728927,18.758992170109206,18.617298624991935,18.735889434814453,16700,0.0,0.0,0.0
2015-06-23 00:00:00-04:00,18.70508876916542,18.812898604994984,18.70508876916542,18.782094955444336,21100,0.0,0.0,0.0
2015-06-24 00:00:00-04:00,18.78979114578824,18.866798781513296,18.78979114578824,18.820594787597656,102100,0.0,0.0,0.0
2015-06-25 00:00:00-04:00,18.766689883229663,18.855248150234008,18.728185330967893,18.820594787597656,17700,0.0,0.0,0.0
2015-06-26 00:00:00-04:00,18.872189873383434,18.94919751156263,18.872189873383434,18.889902114868164,14600,0.0,0.0,0.0
2015-06-29 00:00:00-04:00,19.02851307108738,19.02851307108738,18.797491637852687,18.835994720458984,40700,0.0,0.0,0.0
2015-06-30 00:00:00-04:00,18.812895300830153,19.097821665136923,18.789792567724767,19.09012222290039,54500,0.0,0.0,0.0
2015-07-01 00:00:00-04:00,19.051620286655094,19.051620286655094,18.876814135403603,18.93610954284668,257400,0.0,0.0,0.0
2015-07-02 00:00:00-04:00,18.96690979435486,19.074721083908855,18.920705795288086,18.920705795288086,1395300,0.0,0.0,0.0
2015-07-06 00:00:00-04:00,18.66658213642043,18.722797468695063,18.56262203391825,18.5949649810791,28300,0.0,0.0,0.0
2015-07-07 00:00:00-04:00,18.504868283132083,18.504868283132083,18.159104242148697,18.366254806518555,104000,0.0,0.0,0.0
2015-07-08 00:00:00-04:00,18.32005021420623,18.404757304788813,18.243042566477666,18.296947479248047,121000,0.0,0.0,0.0
2015-07-09 00:00:00-04:00,18.489464189804615,18.543369097693486,18.422467880171506,18.443260192871094,47600,0.0,0.0,0.0
2015-07-10 00:00:00-04:00,18.512567448695098,18.535668713418975,18.44326071692621,18.450960159301758,209100,0.0,0.0,0.0
2015-07-13 00:00:00-04:00,18.18913996946485,18.60497897006387,18.18913996946485,18.574176788330078,63100,0.0,0.0,0.0
2015-07-14 00:00:00-04:00,18.64347688631343,18.697383259773456,18.589571981651897,18.612674713134766,121400,0.0,0.0,0.0
2015-07-15 00:00:00-04:00,18.535671218350654,18.589576135055975,18.48946721386021,18.5202693939209,211400,0.0,0.0,0.0
2015-07-16 00:00:00-04:00,18.489464189804615,18.558770919604186,18.427858370960394,18.443260192871094,547100,0.0,0.0,0.0
2015-07-17 00:00:00-04:00,18.358554824459244,18.389357004823037,18.289248082642164,18.34315299987793,262700,0.0,0.0,0.0
2015-07-20 00:00:00-04:00,18.19683687592505,18.279235013931576,18.158333786926974,18.166034698486328,39500,0.0,0.0,0.0
2015-07-21 00:00:00-04:00,18.17989575177369,18.281545434279252,18.13523105224891,18.166034698486328,141300,0.0,0.0,0.0
2015-07-22 00:00:00-04:00,18.073626574055858,18.21994096697851,18.073626574055858,18.127532958984375,18800,0.0,0.0,0.0
2015-07-23 00:00:00-04:00,18.096723300941107,18.127526939242497,17.94270804703079,17.965810775756836,41200,0.0,0.0,0.0
2015-07-24 00:00:00-04:00,17.873406249544246,17.873406249544246,17.77329733510505,17.79640007019043,94400,0.0,0.0,0.0
2015-07-27 00:00:00-04:00,17.696290790187092,17.745576334348748,17.596181869506836,17.596181869506836,235900,0.0,0.0,0.0
2015-07-28 00:00:00-04:00,17.74249515712327,17.82720224817221,17.69628968695251,17.79640007019043,35200,0.0,0.0,0.0
2015-07-29 00:00:00-04:00,17.850307056112232,17.919613800617846,17.834905230933455,17.8811092376709,158900,0.0,0.0,0.0
2015-07-30 00:00:00-04:00,17.881106737868194,17.91191038391936,17.78099782579928,17.811800003051758,22000,0.0,0.0,0.0
2015-07-31 00:00:00-04:00,17.842599044325066,17.842599044325066,17.657781622111393,17.67318344116211,24600,0.0,0.0,0.0
2015-08-03 00:00:00-04:00,17.511471791327768,17.61928161486811,17.511471791327768,17.549976348876953,199500,0.0,0.0,0.0
2015-08-04 00:00:00-04:00,17.65008737191556,17.696291377702046,17.64238645948467,17.665489196777344,298500,0.0,0.0,0.0
2015-08-05 00:00:00-04:00,17.696291756838914,17.696291756838914,17.603883743286133,17.603883743286133,29900,0.0,0.0,0.0
2015-08-06 00:00:00-04:00,17.59618034913729,17.59618034913729,17.50377087981793,17.549976348876953,42800,0.0,0.0,0.0
2015-08-07 00:00:00-04:00,17.557677684236676,17.61158407061643,17.534576416015625,17.534576416015625,1071700,0.0,0.0,0.0
2015-08-10 00:00:00-04:00,17.642387197259062,17.850307435191407,17.642387197259062,17.819503784179688,92900,0.0,0.0,0.0
2015-08-11 00:00:00-04:00,17.687820407009536,17.696290969848633,17.59618204815202,17.696290969848633,52600,0.0,0.0,0.0
2015-08-12 00:00:00-04:00,18.581871290215936,18.581871290215936,17.619279499059324,17.680885314941406,152300,0.0,0.0,0.0
2015-08-13 00:00:00-04:00,17.896509687294973,17.996620074463493,17.549977460200836,17.626983642578125,27300,0.0,0.0,0.0
2015-08-14 00:00:00-04:00,17.703990344471165,17.754045535371482,17.626982697424225,17.63468360900879,90200,0.0,0.0,0.0
2015-08-17 00:00:00-04:00,17.6577870251725,17.6577870251725,17.549977196425647,17.55228614807129,224300,0.0,0.0,0.0
2015-08-18 00:00:00-04:00,17.434467315673828,17.48837223724719,17.40366513283146,17.434467315673828,61000,0.0,0.0,0.0
2015-08-19 00:00:00-04:00,17.480671683116125,17.519174776423885,17.31125454744471,17.357460021972656,49800,0.0,0.0,0.0
2015-08-20 00:00:00-04:00,17.34205436706543,17.465266000997097,17.34205436706543,17.34205436706543,93700,0.0,0.0,0.0
2015-08-21 00:00:00-04:00,17.265049479411,17.265049479411,16.980121612548828,16.980121612548828,129100,0.0,0.0,0.0
2015-08-24 00:00:00-04:00,16.53347519733871,16.833804818999212,16.518074845785645,16.687490463256836,119500,0.0,0.0,0.0
2015-08-25 00:00:00-04:00,16.887710350076574,16.887710350076574,16.733695078425225,16.772199630737305,209900,0.0,0.0,0.0
2015-08-26 00:00:00-04:00,16.718295492836493,16.735238085638528,16.619727350854784,16.679792404174805,26600,0.0,0.0,0.0
2015-08-27 00:00:00-04:00,16.826877111160425,17.087932586669922,16.826107460619916,17.087932586669922,497200,0.0,0.0,0.0
2015-08-28 00:00:00-04:00,17.049426890922614,17.28429954440764,17.049426890922614,17.241945266723633,99000,0.0,0.0,0.0
2015-08-31 00:00:00-04:00,17.18804156502986,17.44986669203254,17.04172717786983,17.41136360168457,50800,0.0,0.0,0.0
2015-09-01 00:00:00-04:00,17.35745862452125,17.35745862452125,17.0802316748686,17.087932586669922,222400,0.0,0.0,0.0
2015-09-02 00:00:00-04:00,17.03402542725572,17.209601199263922,16.99552087332518,17.16493797302246,172200,0.0,0.0,0.0
2015-09-03 00:00:00-04:00,17.234243448279063,17.365155995684873,17.21114218443005,17.28044891357422,89600,0.0,0.0,0.0
2015-09-04 00:00:00-04:00,17.24964558086743,17.318952311260443,17.14953667518785,17.172637939453125,61200,0.0,0.0,0.0
2015-09-08 00:00:00-04:00,17.095631043547296,17.3112506678265,17.095631043547296,17.295848846435547,55200,0.0,0.0,0.0
2015-09-09 00:00:00-04:00,17.34205413599942,17.34205413599942,17.164937598182366,17.18726921081543,31500,0.0,0.0,0.0
2015-09-10 00:00:00-04:00,17.157237258721203,17.318951980685785,17.157237258721203,17.265047073364258,22300,0.0,0.0,0.0
2015-09-11 00:00:00-04:00,17.21884496243137,17.480670085633896,17.080231489112535,17.24964714050293,73900,0.0,0.0,0.0
2015-09-14 00:00:00-04:00,17.180335451589553,17.195737270585102,17.141832372898985,17.15723419189453,22100,0.0,0.0,0.0
2015-09-15 00:00:00-04:00,17.157237062236355,17.203441058154453,17.111031597519705,17.16493797302246,135300,0.0,0.0,0.0
2015-09-16 00:00:00-04:00,17.71939148498156,17.71939148498156,17.20960232059373,17.241945266723633,73500,0.0,0.0,0.0
2015-09-17 00:00:00-04:00,17.287374915563944,17.322799391617714,17.217298551332856,17.24810218811035,46300,0.0,0.0,0.0
2015-09-18 00:00:00-04:00,17.180334241319258,17.180334241319258,17.01861955965291,17.034021377563477,67800,0.0,0.0,0.0
2015-09-21 00:00:00-04:00,17.10333161037192,17.203441987199078,17.094091398208715,17.141836166381836,37200,0.0,0.0,0.0
2015-09-22 00:00:00-04:00,17.018626204931014,17.149538770691976,16.941618554107137,17.01092529296875,22100,0.0,0.0,0.0
2015-09-23 00:00:00-04:00,17.156467923088016,17.156467923088016,16.910814275214033,16.9346866607666,26200,0.0,0.0,0.0
2015-09-24 00:00:00-04:00,16.933916334503568,17.103331978194763,16.895413246464233,17.080230712890625,19700,0.0,0.0,0.0
2015-09-25 00:00:00-04:00,17.203440675688807,17.27274740242441,17.1803379438441,17.21114158630371,25700,0.0,0.0,0.0
2015-09-28 00:00:00-04:00,17.211139403513293,17.21884031315153,17.03402288822877,17.0648250579834,35000,0.0,0.0,0.0
2015-09-29 00:00:00-04:00,17.04172232906868,17.149533595205703,17.01862106895229,17.0648250579834,61500,0.0,0.0,0.0
2015-09-30 00:00:00-04:00,17.081002824111714,17.19189420122198,17.080233173503675,17.118736267089844,178300,0.0,0.0,0.0
2015-10-01 00:00:00-04:00,17.14183591853509,17.195740827370958,16.949317547664926,16.995521545410156,54900,0.0,0.0,0.0
2015-10-02 00:00:00-04:00,16.97087727358931,17.174946249789638,16.97087727358931,17.1595458984375,23900,0.0,0.0,0.0
2015-10-05 00:00:00-04:00,17.318955506649576,17.318955506649576,17.203444757615404,17.22269630432129,19600,0.0,0.0,0.0
2015-10-06 00:00:00-04:00,17.311251894173427,17.5060806890551,17.311251894173427,17.465267181396484,54800,0.0,0.0,0.0
2015-10-07 00:00:00-04:00,17.650083888480705,17.6885869742373,17.496068607857186,17.573076248168945,33300,0.0,0.0,0.0
2015-10-08 00:00:00-04:00,17.51301256114921,17.58924908813883,17.457566879557596,17.549976348876953,84200,0.0,0.0,0.0
2015-10-09 00:00:00-04:00,17.680883448923375,17.773292897392977,17.641610718522355,17.711687088012695,25400,0.0,0.0,0.0
2015-10-12 00:00:00-04:00,17.750196268043698,17.76559809288129,17.65778825661585,17.673959732055664,21800,0.0,0.0,0.0
2015-10-13 00:00:00-04:00,17.703991882102038,17.788700448090665,17.688590057595228,17.696290969848633,2453100,0.0,0.0,0.0
2015-10-14 00:00:00-04:00,17.77329633851785,17.793319001562207,17.700909535201014,17.75789451599121,185100,0.0,0.0,0.0
2015-10-15 00:00:00-04:00,17.727095027425612,17.780999945642986,17.64238645948467,17.665489196777344,21200,0.0,0.0,0.0
2015-10-16 00:00:00-04:00,17.619286931821183,17.619286931821183,17.434469406208972,17.56538200378418,38800,0.0,0.0,0.0
2015-10-19 00:00:00-04:00,17.49607027053294,17.519173005461525,17.388260445130303,17.4267635345459,36600,0.0,0.0,0.0
2015-10-20 00:00:00-04:00,17.480668655196993,17.573076650648687,17.472967744109585,17.542274475097656,28900,0.0,0.0,0.0
2015-10-21 00:00:00-04:00,17.41906545974925,17.42676490319809,17.335896194993936,17.403663635253906,47000,0.0,0.0,0.0
2015-10-22 00:00:00-04:00,17.50761987143776,17.53457232393827,17.342053966764066,17.37285614013672,197100,0.0,0.0,0.0
2015-10-23 00:00:00-04:00,17.295849596477908,17.295849596477908,17.149536693314534,17.188039779663086,87000,0.0,0.0,0.0
2015-10-26 00:00:00-04:00,17.15723837530569,17.18804055200891,17.095632553100586,17.095632553100586,72700,0.0,0.0,0.0
2015-10-27 00:00:00-04:00,17.080230134780102,17.141835954837077,16.995521581402286,17.026325225830078,87900,0.0,0.0,0.0
2015-10-28 00:00:00-04:00,17.04173049639605,17.14954181420214,17.04173049639605,17.103336334228516,2401800,0.0,0.0,0.0
2015-10-29 00:00:00-04:00,17.141837297343404,17.141837297343404,16.9647207344081,16.972421646118164,145700,0.0,0.0,0.0
2015-10-30 00:00:00-04:00,16.964719005396095,17.095631553527376,16.964719005396095,17.057126998901367,57400,0.0,0.0,0.0
2015-11-02 00:00:00-05:00,16.987821578979492,17.034027048092724,16.94238722917723,16.987821578979492,46200,0.0,0.0,0.0
2015-11-03 00:00:00-05:00,17.05713082850023,17.120277430985166,17.041729003191872,17.072532653808594,177100,0.0,0.0,0.0
2015-11-04 00:00:00-05:00,17.06482845147163,17.06482845147163,16.83380699157715,16.83380699157715,103900,0.0,0.0,0.0
2015-11-05 00:00:00-05:00,16.803003697058,16.86152944812793,16.72599605255553,16.756799697875977,31700,0.0,0.0,0.0
2015-11-06 00:00:00-05:00,16.59508038589021,16.675168086148197,16.579680034916272,16.602781295776367,35000,0.0,0.0,0.0
2015-11-09 00:00:00-05:00,16.548878813468722,16.561970215308246,16.33325771154521,16.36406135559082,50600,0.0,0.0,0.0
2015-11-10 00:00:00-05:00,16.24085159370912,16.47187307555242,16.24085159370912,16.348661422729492,66200,0.0,0.0,0.0
2015-11-11 00:00:00-05:00,16.433366438344176,16.441067348583513,16.34865789450991,16.39948272705078,49700,0.0,0.0,0.0
2015-11-12 00:00:00-05:00,16.29475556630978,16.411037419859085,16.29475556630978,16.356361389160156,31600,0.0,0.0,0.0
2015-11-13 00:00:00-05:00,16.329407794864114,16.329407794864114,16.217746789734,16.263952255249023,72000,0.0,0.0,0.0
2015-11-16 00:00:00-05:00,16.24855079951531,16.24855079951531,16.125339159629583,16.202346801757812,57700,0.0,0.0,0.0
2015-11-17 00:00:00-05:00,16.217750915599446,16.224682177829614,16.094539247144287,16.140743255615234,39800,0.0,0.0,0.0
2015-11-18 00:00:00-05:00,16.156137797997772,16.16383870740443,16.017524366274525,16.079130172729492,158800,0.0,0.0,0.0
2015-11-19 00:00:00-05:00,16.1253400831797,16.2346906768809,16.11763917164596,16.179244995117188,25200,0.0,0.0,0.0
2015-11-20 00:00:00-05:00,16.26395104937861,16.26395104937861,16.110705430406895,16.125337600708008,40200,0.0,0.0,0.0
2015-11-23 00:00:00-05:00,16.017530098045576,16.20234905234505,16.017530098045576,16.109939575195312,68900,0.0,0.0,0.0
2015-11-24 00:00:00-05:00,16.63358515379461,16.63358515379461,16.179241746132377,16.217744827270508,40300,0.0,0.0,0.0
2015-11-25 00:00:00-05:00,16.15614097117921,16.287053519207962,16.1253387963011,16.263952255249023,25300,0.0,0.0,0.0
2015-11-27 00:00:00-05:00,16.24084831833402,17.14183426589446,15.717198165044401,16.125337600708008,31700,0.0,0.0,0.0
2015-11-30 00:00:00-05:00,16.156141085848734,16.156912205105126,16.032929447864646,16.056032180786133,20400,0.0,0.0,0.0
2015-12-01 00:00:00-05:00,16.070661577875356,16.159219843681914,16.010596533477276,16.125337600708008,76700,0.0,0.0,0.0
2015-12-02 00:00:00-05:00,16.063735720045017,16.063735720045017,15.8943185884986,15.902019500732422,89500,0.0,0.0,0.0
2015-12-03 00:00:00-05:00,15.940522391973767,16.14074021388302,15.940522391973767,16.04833221435547,174600,0.0,0.0,0.0
2015-12-04 00:00:00-05:00,16.109935195192246,16.148438276737032,16.056030293510183,16.07143211364746,55000,0.0,0.0,0.0
2015-12-07 00:00:00-05:00,16.015217613682942,16.015217613682942,15.732600221738434,15.740301132202148,151200,0.0,0.0,0.0
2015-12-08 00:00:00-05:00,15.717197757196935,15.780344339134466,15.624789773013417,15.640190124511719,48500,0.0,0.0,0.0
2015-12-09 00:00:00-05:00,15.771104637147733,15.826550315889838,15.617090821262257,15.686397552490234,57900,0.0,0.0,0.0
2015-12-10 00:00:00-05:00,15.53238263226054,15.704108694617636,15.53238263226054,15.624792098999023,50000,0.0,0.0,0.0
2015-12-11 00:00:00-05:00,15.74800407956558,15.74800407956558,15.501579319248787,15.53238296508789,42600,0.0,0.0,0.0
2015-12-14 00:00:00-05:00,15.439972297676704,15.478476851986256,15.381448018963598,15.386067390441895,70900,0.0,0.0,0.0
2015-12-15 00:00:00-05:00,15.401470545689477,15.439973634534224,15.30598100529218,15.33216381072998,168100,0.0,0.0,0.0
2015-12-16 00:00:00-05:00,15.355266230119598,15.447674228969616,15.26285676247092,15.313681602478027,57400,0.0,0.0,0.0
2015-12-17 00:00:00-05:00,15.285961317675095,15.285961317675095,15.059559196562423,15.093442916870117,64400,0.0,0.0,0.0
2015-12-18 00:00:00-05:00,15.039534053547769,15.414559423903416,15.039534053547769,15.26285457611084,93300,0.0,0.0,0.0
2015-12-21 00:00:00-05:00,15.108840451957175,15.455372593744313,15.108840451957175,15.347562789916992,65400,0.0,0.0,0.0
2015-12-22 00:00:00-05:00,15.31675914951009,15.42457042213583,15.301358798105056,15.347562789916992,74000,0.0,0.0,0.0
2015-12-23 00:00:00-05:00,15.409171284954155,15.532382930438354,15.347565462212057,15.501579284667969,119100,0.0,0.0,0.0
2015-12-24 00:00:00-05:00,15.555485699467217,15.555485699467217,15.486178965127912,15.53238296508789,54500,0.0,0.0,0.0
2015-12-28 00:00:00-05:00,15.463073710668242,15.509277703098167,15.432271538647772,15.447671890258789,101200,0.0,0.0,0.0
2015-12-29 00:00:00-05:00,15.5708857199357,15.670996097968944,15.563184808640937,15.624792098999023,145800,0.0,0.0,0.0
2015-12-30 00:00:00-05:00,15.655596556573045,15.655596556573045,15.516983070667122,15.555487632751465,437500,0.0,0.0,0.0
2015-12-31 00:00:00-05:00,15.586285222271595,15.717197757196935,15.586285222271595,15.640190124511719,133900,0.0,0.0,0.0
2016-01-04 00:00:00-05:00,15.57858733701031,15.655594984648065,15.47077751159668,15.47077751159668,56200,0.0,0.0,0.0
2016-01-05 00:00:00-05:00,15.447674776665739,15.530842566098928,15.447674776665739,15.47077751159668,36800,0.0,0.0,0.0
2016-01-06 00:00:00-05:00,15.370665568718074,15.447673208538614,15.362966126654726,15.386067390441895,28200,0.0,0.0,0.0
2016-01-07 00:00:00-05:00,15.67869745917737,15.67869745917737,15.281338943997307,15.309061050415039,51400,0.0,0.0,0.0
2016-01-08 00:00:00-05:00,15.362967491149902,15.424573314718277,15.302900968611489,15.362967491149902,114800,0.0,0.0,0.0
2016-01-11 00:00:00-05:00,15.228972324467275,15.232053863908405,15.008731851140347,15.016432762145996,53600,0.0,0.0,0.0
2016-01-12 00:00:00-05:00,14.993332893366782,15.031837455750711,14.947128887304936,15.024136543273926,418000,0.0,0.0,0.0
2016-01-13 00:00:00-05:00,15.12424410825313,15.155047755391125,14.989481824021249,15.062638282775879,46500,0.0,0.0,0.0
2016-01-14 00:00:00-05:00,15.031832695007324,15.078036686435869,14.954825063427482,15.031832695007324,281200,0.0,0.0,0.0
2016-01-15 00:00:00-05:00,14.924025386811387,14.977931771392663,14.847019203578581,14.854720115661621,49600,0.0,0.0,0.0
2016-01-19 00:00:00-05:00,14.939426413686215,14.993331326591885,14.87782058910849,14.93172550201416,63500,0.0,0.0,0.0
2016-01-20 00:00:00-05:00,14.839316744881089,14.839316744881089,14.662969842315826,14.785411834716797,269500,0.0,0.0,0.0
2016-01-21 00:00:00-05:00,14.515885634870845,14.977930024368854,14.515885634870845,14.939425468444824,62700,0.0,0.0,0.0
2016-01-22 00:00:00-05:00,15.101142841698373,15.169678459622556,15.024135192652125,15.062638282775879,125500,0.0,0.0,0.0
2016-01-25 00:00:00-05:00,15.062638648122482,15.062638648122482,14.931726082208177,14.993331909179688,72900,0.0,0.0,0.0
2016-01-26 00:00:00-05:00,15.055707806886154,15.170448890308743,15.039536333512421,15.105761528015137,68500,0.0,0.0,0.0
2016-01-27 00:00:00-05:00,15.108843415811382,15.178148682725473,15.062637946137048,15.155047416687012,25600,0.0,0.0,0.0
2016-01-28 00:00:00-05:00,15.18584918105613,15.247455003479939,14.954058063665833,15.17814826965332,45000,0.0,0.0,0.0
2016-01-29 00:00:00-05:00,15.13964712242462,15.255157870678547,15.131946210034512,15.216654777526855,72100,0.0,0.0,0.0
2016-02-01 00:00:00-05:00,15.147347834087697,15.191241418450918,15.062639267717879,15.093442916870117,99600,0.0,0.0,0.0
2016-02-02 00:00:00-05:00,15.00103128912465,15.00103128912465,14.901692031798309,14.939425468444824,34500,0.0,0.0,0.0
2016-02-03 00:00:00-05:00,15.048776909603186,15.20895234620332,15.009502700975641,15.170449256896973,39300,0.0,0.0,0.0
2016-02-04 00:00:00-05:00,15.260545286285804,15.285958438930324,15.093440074381576,15.108841896057129,49000,0.0,0.0,0.0
2016-02-05 00:00:00-05:00,15.09344328676613,15.09344328676613,15.001033805843567,15.024136543273926,241800,0.0,0.0,0.0
2016-02-08 00:00:00-05:00,15.064177529101867,15.124242578627907,15.008731851140347,15.016432762145996,34700,0.0,0.0,0.0
2016-02-09 00:00:00-05:00,14.924023039244187,14.993329768290714,14.81621322463784,14.862417221069336,63700,0.0,0.0,0.0
2016-02-10 00:00:00-05:00,14.862418570623403,14.870119482194347,14.760768887964863,14.823915481567383,26400,0.0,0.0,0.0
2016-02-11 00:00:00-05:00,14.849327288265906,14.90092177542772,14.81621322463784,14.862417221069336,55200,0.0,0.0,0.0
2016-02-12 00:00:00-05:00,14.97792967591634,15.031834584157295,14.932495329142023,15.016432762145996,59800,0.0,0.0,0.0
2016-02-16 00:00:00-05:00,15.01643406160805,15.01643406160805,14.93172550201416,14.93172550201416,132800,0.0,0.0,0.0
2016-02-17 00:00:00-05:00,14.924024824723363,15.131945036738085,14.916325381729104,15.07804012298584,77300,0.0,0.0,0.0
2016-02-18 00:00:00-05:00,15.129635588945277,15.1781500144411,15.093442916870117,15.093442916870117,250200,0.0,0.0,0.0
2016-02-19 00:00:00-05:00,15.039538329949325,15.04723924240651,14.977932499090704,14.985631942749023,36900,0.0,0.0,0.0
2016-02-22 00:00:00-05:00,15.031836104436623,15.108843753482871,15.008733369083128,15.062638282775879,81300,0.0,0.0,0.0
2016-02-23 00:00:00-05:00,15.08573913574219,15.08573913574219,14.977929321809112,15.085739135742188,27300,0.0,0.0,0.0
2016-02-24 00:00:00-05:00,15.047237591710976,15.19355050595025,15.02413485687381,15.155047416687012,341900,0.0,0.0,0.0
2016-02-25 00:00:00-05:00,15.116542858625067,15.178148682725473,15.089590402381058,15.155047416687012,59600,0.0,0.0,0.0
2016-02-26 00:00:00-05:00,15.155048172156128,15.178149439346173,15.016434693820749,15.03953742980957,18800,0.0,0.0,0.0
2016-02-29 00:00:00-05:00,15.072649244258544,15.155047382647457,15.062637912305055,15.12424373626709,22000,0.0,0.0,0.0
2016-03-01 00:00:00-05:00,15.1627483282994,15.178148682725473,15.088051101337802,15.155047416687012,19700,0.0,0.0,0.0
2016-03-02 00:00:00-05:00,15.155046088634652,15.239754640149128,15.148114828151284,15.208950996398926,53400,0.0,0.0,0.0
2016-03-03 00:00:00-05:00,15.25515483421753,15.386067381194197,15.224352659586964,15.378366470336914,20600,0.0,0.0,0.0
2016-03-04 00:00:00-05:00,15.432275552272818,15.601691214443111,15.432275552272818,15.570887565612793,22700,0.0,0.0,0.0
2016-03-07 00:00:00-05:00,15.64404474883854,15.701029733890119,15.634033416567707,15.694098472595215,1210300,0.0,0.0,0.0
2016-03-08 00:00:00-05:00,15.740306082059497,15.740306082059497,15.524684927664536,15.5477876663208,1005900,0.0,0.0,0.0
2016-03-09 00:00:00-05:00,15.586287176805996,15.69409699480569,15.540083178920213,15.686397552490234,857000,0.0,0.0,0.0
2016-03-10 00:00:00-05:00,15.670995922302742,15.786506652832031,15.670995922302742,15.786506652832031,45500,0.0,0.0,0.0
2016-03-11 00:00:00-05:00,15.878142162951116,15.878913282093254,15.809606562396176,15.817307472229004,67400,0.0,0.0,0.0
2016-03-14 00:00:00-04:00,15.825008180583831,15.825008180583831,15.71565907107639,15.717198371887207,56500,0.0,0.0,0.0
2016-03-15 00:00:00-04:00,15.683316598669444,15.724901226478574,15.65097365206175,15.684857368469238,46900,0.0,0.0,0.0
2016-03-16 00:00:00-04:00,15.686397943214546,15.894316673278809,15.650203806956759,15.894316673278809,77300,0.0,0.0,0.0
2016-03-17 00:00:00-04:00,15.932823726646044,16.009831382974124,15.925122814133347,15.96362590789795,76300,0.0,0.0,0.0
2016-03-18 00:00:00-04:00,15.98672805066411,15.994428962890302,15.855815480416522,15.886617660522461,186700,0.0,0.0,0.0
2016-03-21 00:00:00-04:00,15.855813962870865,15.894317051517897,15.809609962734688,15.840412139892578,51600,0.0,0.0,0.0
2016-03-22 00:00:00-04:00,15.817311488254104,15.932822227478027,15.817311488254104,15.932822227478027,97000,0.0,0.0,0.0
2016-03-23 00:00:00-04:00,15.717199710113038,15.717199710113038,15.670995712280273,15.670995712280273,57800,0.0,0.0,0.0
2016-03-24 00:00:00-04:00,15.570886645348624,15.663296117579213,15.570886645348624,15.601690292358398,44800,0.0,0.0,0.0
2016-03-28 00:00:00-04:00,15.563185733596182,15.663296117579213,15.563185733596182,15.601690292358398,70300,0.0,0.0,0.0
2016-03-29 00:00:00-04:00,15.540081230179837,15.640190124511719,15.5239097595078,15.640190124511719,38100,0.0,0.0,0.0
2016-03-30 00:00:00-04:00,15.653284555709684,15.655594976081385,15.455375679852265,15.4630765914917,58200,0.0,0.0,0.0
2016-03-31 00:00:00-04:00,15.486178965127912,15.54778478800744,15.432274053708158,15.53238296508789,168600,0.0,0.0,0.0
2016-04-01 00:00:00-04:00,15.378367450282166,15.409171095674173,15.32446253964481,15.401470184326172,48500,0.0,0.0,0.0
2016-04-04 00:00:00-04:00,15.324464628914024,15.386070459298447,15.208953880543088,15.232056617736816,32100,0.0,0.0,0.0
2016-04-05 00:00:00-04:00,15.193549174523826,15.224352818274026,15.144265107081797,15.208950996398926,35300,0.0,0.0,0.0
2016-04-06 00:00:00-04:00,15.185851127966421,15.278260607848873,15.146578384215374,15.216654777526855,75700,0.0,0.0,0.0
2016-04-07 00:00:00-04:00,15.18585092672916,15.193551839017218,15.062639267717879,15.093442916870117,2895600,0.0,0.0,0.0
2016-04-08 00:00:00-04:00,15.108843260039933,15.375287748847777,15.108843260039933,15.339864730834961,107400,0.0,0.0,0.0
2016-04-11 00:00:00-04:00,15.37066843467644,15.436895105398403,15.37066843467644,15.393771171569824,140200,0.0,0.0,0.0
2016-04-12 00:00:00-04:00,15.524684526803362,15.632494366817623,15.493882344855963,15.58629035949707,27000,0.0,0.0,0.0
2016-04-13 00:00:00-04:00,15.624789773013417,15.67869467525354,15.609387952716688,15.640190124511719,2536800,0.0,0.0,0.0
2016-04-14 00:00:00-04:00,15.632494770462541,15.640195683347963,15.532385840549956,15.5477876663208,304400,0.0,0.0,0.0
2016-04-15 00:00:00-04:00,15.601687042568324,15.663292854956811,15.470774507642984,15.640190124511719,211200,0.0,0.0,0.0
2016-04-18 00:00:00-04:00,15.632492663130892,15.759555505413273,15.632492663130892,15.709500312805176,25600,0.0,0.0,0.0
2016-04-19 00:00:00-04:00,15.809610158216922,15.955923071923717,15.809610158216922,15.948222160339355,21700,0.0,0.0,0.0
2016-04-20 00:00:00-04:00,15.92512357021818,16.21005000272113,15.92512357021818,16.140743255615234,222200,0.0,0.0,0.0
2016-04-21 00:00:00-04:00,16.240847368108714,16.248548278006343,16.040628117165507,16.133037567138672,40400,0.0,0.0,0.0
2016-04-22 00:00:00-04:00,16.133042461350584,16.18694737818851,15.86351640836214,15.902019500732422,2406300,0.0,0.0,0.0
2016-04-25 00:00:00-04:00,16.163841373835577,16.163841373835577,15.940520839396113,15.971323013305664,137600,0.0,0.0,0.0
2016-04-26 00:00:00-04:00,16.07143648318223,16.13304231168245,15.979027006032492,16.109939575195312,60800,0.0,0.0,0.0
2016-04-27 00:00:00-04:00,16.040630588547,16.18694496154785,16.040630588547,16.18694496154785,88000,0.0,0.0,0.0
2016-04-28 00:00:00-04:00,16.210048706906182,16.28705636073448,16.210048706906182,16.24085235595703,43200,0.0,0.0,0.0
2016-04-29 00:00:00-04:00,16.387166570088688,16.41796875,16.340961097023502,16.41796875,289800,0.0,0.0,0.0
2016-05-02 00:00:00-04:00,16.41796626387205,16.41796626387205,16.31015644730959,16.36406135559082,101900,0.0,0.0,0.0
2016-05-03 00:00:00-04:00,16.34866215840004,16.371764895143468,16.171545583096886,16.21004867553711,55600,0.0,0.0,0.0
2016-05-04 00:00:00-04:00,16.23314666748047,16.23314666748047,16.14073721631601,16.23314666748047,32800,0.0,0.0,0.0
2016-05-05 00:00:00-04:00,16.310156349158973,16.310156349158973,16.02522851864605,16.040630340576172,41300,0.0,0.0,0.0
2016-05-06 00:00:00-04:00,16.063731786720904,16.140737952605935,16.04832996602451,16.125337600708008,16200,0.0,0.0,0.0
2016-05-09 00:00:00-04:00,16.025228285009135,16.025228285009135,15.886614827256093,15.909717559814453,271000,0.0,0.0,0.0
2016-05-10 00:00:00-04:00,16.02522629737025,16.19464337752132,15.994424126578116,16.133037567138672,771400,0.0,0.0,0.0
2016-05-11 00:00:00-04:00,16.21929001524653,16.462633255703036,16.163844329512454,16.302457809448242,54200,0.0,0.0,0.0
2016-05-12 00:00:00-04:00,16.310155830991974,16.356359826515877,16.217746371145637,16.27935218811035,37600,0.0,0.0,0.0
2016-05-13 00:00:00-04:00,16.21774731230713,16.271652221679688,16.163842402934566,16.271652221679688,53300,0.0,0.0,0.0
2016-05-16 00:00:00-04:00,16.356361371846155,16.364062283294135,16.271652814717058,16.340959548950195,29800,0.0,0.0,0.0
2016-05-17 00:00:00-04:00,16.394864652999058,16.446459140006144,16.317857013311794,16.441068649291992,412000,0.0,0.0,0.0
2016-05-18 00:00:00-04:00,16.379463527200187,16.41796661428038,16.256251885985215,16.28705406188965,535600,0.0,0.0,0.0
2016-05-19 00:00:00-04:00,16.163840683650523,16.16692075403011,16.04832996602451,16.125337600708008,372300,0.0,0.0,0.0
2016-05-20 00:00:00-04:00,16.20234678371607,16.21774713708568,16.11763823058948,16.18694496154785,98400,0.0,0.0,0.0
2016-05-23 00:00:00-04:00,16.094536196696744,16.094536196696744,16.017528551308033,16.032930374145508,39600,0.0,0.0,0.0
2016-05-24 00:00:00-04:00,15.998277007160521,16.086835285278006,15.998277007160521,16.032930374145508,249400,0.0,0.0,0.0
2016-05-25 00:00:00-04:00,16.079134983073406,16.140740807958792,16.04063189331956,16.117639541625977,191400,0.0,0.0,0.0
2016-05-26 00:00:00-04:00,16.13304249065666,16.306307875436495,16.10993975391323,16.21004867553711,64200,0.0,0.0,0.0
2016-05-27 00:00:00-04:00,16.19464358629434,16.25624939747118,16.19464358629434,16.23314666748047,42600,0.0,0.0,0.0
2016-05-31 00:00:00-04:00,16.24855079951531,16.340958795030303,16.163842246294394,16.202346801757812,71200,0.0,0.0,0.0
2016-06-01 00:00:00-04:00,16.125336845019635,16.233146647245118,16.117635935032332,16.217744827270508,46700,0.0,0.0,0.0
2016-06-02 00:00:00-04:00,16.12533843571472,16.37946261517046,16.12533843571472,16.325557708740234,173000,0.0,0.0,0.0
2016-06-03 00:00:00-04:00,16.4487710979507,16.502676010131836,16.426438013762304,16.502676010131836,49100,0.0,0.0,0.0
2016-06-06 00:00:00-04:00,16.618186392056842,16.702894948707677,16.54117874681051,16.579683303833008,63000,0.0,0.0,0.0
2016-06-07 00:00:00-04:00,16.53347933203577,16.617418245784005,16.53347933203577,16.61048698425293,82400,0.0,0.0,0.0
2016-06-08 00:00:00-04:00,16.74910090213327,16.895415298289148,16.74910090213327,16.887714385986328,239300,0.0,0.0,0.0
2016-06-09 00:00:00-04:00,16.787599602866152,16.84920541637251,16.772199251088402,16.818403244018555,255700,0.0,0.0,0.0
2016-06-10 00:00:00-04:00,16.749099138804787,16.812245731760587,16.672091492682732,16.679792404174805,75300,0.0,0.0,0.0
2016-06-13 00:00:00-04:00,16.687491771551905,16.695192682331403,16.587382869015514,16.61818504333496,34200,0.0,0.0,0.0
2016-06-14 00:00:00-04:00,16.57352319368479,16.641290632659313,16.479574416123402,16.61048698425293,43800,0.0,0.0,0.0
2016-06-15 00:00:00-04:00,16.641289126270344,16.67209130308968,16.579683303833008,16.579683303833008,26300,0.0,0.0,0.0
2016-06-16 00:00:00-04:00,16.63358642547126,16.63358642547126,16.381772671708056,16.387163162231445,158900,0.0,0.0,0.0
2016-06-17 00:00:00-04:00,16.564278215143954,16.632815284971894,16.502672404853072,16.602781295776367,283100,0.0,0.0,0.0
2016-06-20 00:00:00-04:00,16.648990227005193,16.710596050143103,16.597394266888166,16.679792404174805,40400,0.0,0.0,0.0
2016-06-21 00:00:00-04:00,16.54117492005703,16.60278072824204,16.502671840740774,16.56427764892578,169000,0.0,0.0,0.0
2016-06-22 00:00:00-04:00,16.602784905733078,16.695194375661256,16.464171435240154,16.487274169921875,40500,0.0,0.0,0.0
2016-06-23 00:00:00-04:00,16.364059357184527,16.610482604261442,16.364059357184527,16.571979522705078,67900,0.0,0.0,0.0
2016-06-24 00:00:00-04:00,16.31015641098673,16.38716405213067,16.302455499992476,16.3332576751709,53600,0.0,0.0,0.0
2016-06-27 00:00:00-04:00,16.348658915795472,16.348658915795472,16.21004546042523,16.27935218811035,127000,0.0,0.0,0.0
2016-06-28 00:00:00-04:00,16.27935396418249,16.50267599304302,16.27935396418249,16.487274169921875,102400,0.0,0.0,0.0
2016-06-29 00:00:00-04:00,16.58738025801752,16.779898590805292,16.58738025801752,16.74139404296875,367900,0.0,0.0,0.0
2016-06-30 00:00:00-04:00,16.679793349672742,16.72599735244559,16.58815499468028,16.67209243774414,362500,0.0,0.0,0.0
2016-07-01 00:00:00-04:00,16.71059780941802,16.887714385986328,16.71059780941802,16.887714385986328,239900,0.0,0.0,0.0
2016-07-05 00:00:00-04:00,17.86570635401144,17.86570635401144,16.584302881342904,16.695194244384766,167200,0.0,0.0,0.0
2016-07-06 00:00:00-04:00,16.625886224023393,16.79530185752707,16.57044054679001,16.7799015045166,378200,0.0,0.0,0.0
2016-07-07 00:00:00-04:00,16.77220045288487,16.77220045288487,16.387163723681073,16.42566680908203,324900,0.0,0.0,0.0
2016-07-08 00:00:00-04:00,16.35636353350775,16.54349144690837,16.35636353350775,16.51807975769043,116500,0.0,0.0,0.0
2016-07-11 00:00:00-04:00,16.679788925839567,16.69519074561188,16.54887639537164,16.602781295776367,135000,0.0,0.0,0.0
2016-07-12 00:00:00-04:00,16.702893790734095,16.741396876288597,16.589692016614496,16.718294143676758,78600,0.0,0.0,0.0
2016-07-13 00:00:00-04:00,16.749101989718305,16.826109648948062,16.6181894096674,16.656692504882812,37600,0.0,0.0,0.0
2016-07-14 00:00:00-04:00,16.718295106142104,16.803003661796925,16.695193840998897,16.725996017456055,81400,0.0,0.0,0.0
2016-07-15 00:00:00-04:00,16.6720941280007,16.718298135457818,16.51808028021067,16.525779724121094,178400,0.0,0.0,0.0
2016-07-18 00:00:00-04:00,16.42566953180977,16.64129066467285,16.42566953180977,16.64129066467285,353300,0.0,0.0,0.0
2016-07-19 00:00:00-04:00,16.518076307561355,16.53732785030519,16.433367756930217,16.456470489501953,88200,0.0,0.0,0.0
2016-07-20 00:00:00-04:00,16.356362741323192,16.42566948135921,16.287056001287173,16.317859649658203,59800,0.0,0.0,0.0
2016-07-21 00:00:00-04:00,16.34865933776275,16.394864803277773,16.240849522491512,16.263952255249023,53700,0.0,0.0,0.0
2016-07-22 00:00:00-04:00,16.171543157387077,16.240849888422627,16.10223642635153,16.202346801757812,50000,0.0,0.0,0.0
2016-07-25 00:00:00-04:00,16.1176382485369,16.232379326860254,16.1176382485369,16.202346801757812,2716600,0.0,0.0,0.0
2016-07-26 00:00:00-04:00,16.133040960461173,16.202347695318995,16.117639137426394,16.148441314697266,253500,0.0,0.0,0.0
2016-07-27 00:00:00-04:00,16.171545403695536,16.232381581619162,16.033701572946928,16.109939575195312,235000,0.0,0.0,0.0
2016-07-28 00:00:00-04:00,16.256249912673393,16.256249912673393,15.994424839674318,16.00982666015625,59800,0.0,0.0,0.0
2016-07-29 00:00:00-04:00,16.002896523297963,16.125338507764297,15.979793790953837,16.086833953857422,107800,0.0,0.0,0.0
2016-08-01 00:00:00-04:00,15.555486205946973,16.19926656191972,15.41687273275517,16.117639541625977,166700,0.0,0.0,0.0
2016-08-02 00:00:00-04:00,16.233152741356076,16.27088618630056,16.071437977308285,16.140743255615234,102200,0.0,0.0,0.0
2016-08-03 00:00:00-04:00,16.148438126312914,16.25624939747118,16.048329233949946,16.23314666748047,63700,0.0,0.0,0.0
2016-08-04 00:00:00-04:00,16.14844099848471,16.293985726355608,16.13766001633121,16.25625228881836,59900,0.0,0.0,0.0
2016-08-05 00:00:00-04:00,16.248550014027263,16.317856741712383,16.21004546042523,16.27935218811035,53300,0.0,0.0,0.0
2016-08-08 00:00:00-04:00,16.310157371956954,16.425668106079293,16.310157371956954,16.340959548950195,30200,0.0,0.0,0.0
2016-08-09 00:00:00-04:00,16.302455866348932,16.37176259805612,16.256251868143686,16.271652221679688,66900,0.0,0.0,0.0
2016-08-10 00:00:00-04:00,16.36405922019092,16.394862860216865,16.22544577767097,16.24854850769043,110800,0.0,0.0,0.0
2016-08-11 00:00:00-04:00,16.24855043341068,16.371762070520262,16.240849522491512,16.263952255249023,57700,0.0,0.0,0.0
2016-08-12 00:00:00-04:00,16.263951835468074,16.340958005075063,16.186173077831533,16.27935218811035,37100,0.0,0.0,0.0
2016-08-15 00:00:00-04:00,16.55657741271329,16.55657741271329,16.364059070704997,16.410263061523438,92200,0.0,0.0,0.0
2016-08-16 00:00:00-04:00,16.39486748226622,16.464172754266375,16.36021411186674,16.41796875,61900,0.0,0.0,0.0
2016-08-17 00:00:00-04:00,16.402565594537357,16.471872329711914,16.342500540745377,16.471872329711914,103500,0.0,0.0,0.0
2016-08-18 00:00:00-04:00,16.533477835406007,16.594314007342494,16.510376569991173,16.579683303833008,38500,0.0,0.0,0.0
2016-08-19 00:00:00-04:00,16.456469727652642,16.556578626565187,16.448768817151908,16.548877716064453,184600,0.0,0.0,0.0
2016-08-22 00:00:00-04:00,16.40256407656232,16.456470452441643,16.379462812841172,16.42566680908203,66900,0.0,0.0,0.0
2016-08-23 00:00:00-04:00,16.371761938870815,16.49497357498962,16.365601797704443,16.456470489501953,80600,0.0,0.0,0.0
2016-08-24 00:00:00-04:00,16.38716195021038,16.40949356107031,16.22159605706693,16.24854850769043,60400,0.0,0.0,0.0
2016-08-25 00:00:00-04:00,16.248551991459472,16.279354169291157,16.171544343682196,16.21466827392578,74900,0.0,0.0,0.0
2016-08-26 00:00:00-04:00,16.24085271779987,16.394868028887892,16.125341968883284,16.16384506225586,43600,0.0,0.0,0.0
2016-08-29 00:00:00-04:00,16.079130172729492,16.109933810356118,16.04832800390115,16.079130172729492,70700,0.0,0.0,0.0
2016-08-30 00:00:00-04:00,16.032928447573656,16.086833352228755,15.917417727770086,16.017526626586914,133100,0.0,0.0,0.0
2016-08-31 00:00:00-04:00,15.94822005241656,15.9751739737986,15.801907158048365,15.848111152648926,259800,0.0,0.0,0.0
2016-09-01 00:00:00-04:00,15.825006913263463,15.8635114624276,15.778802923064866,15.817307472229004,158400,0.0,0.0,0.0
2016-09-02 00:00:00-04:00,16.009830803207095,16.009830803207095,15.886617676264779,15.902019500732422,64800,0.0,0.0,0.0
2016-09-06 00:00:00-04:00,15.885846685944324,15.994427629845532,15.885846685944324,15.948222160339355,2810700,0.0,0.0,0.0
2016-09-07 00:00:00-04:00,16.08683108213615,16.094531991542805,16.005204086262502,16.079130172729492,696200,0.0,0.0,0.0
2016-09-08 00:00:00-04:00,16.102237314391616,16.225448961072477,15.963623844675972,16.148441314697266,180800,0.0,0.0,0.0
2016-09-09 00:00:00-04:00,16.06065471932265,16.079135145055588,15.932822227478027,15.932822227478027,26000,0.0,0.0,0.0
2016-09-12 00:00:00-04:00,15.91434183037535,16.014450755442642,15.91434183037535,15.96362590789795,26900,0.0,0.0,0.0
2016-09-13 00:00:00-04:00,15.902015845544682,15.922038506510036,15.732600221738434,15.740301132202148,35100,0.0,0.0,0.0
2016-09-14 00:00:00-04:00,15.70949881703382,15.755702814919603,15.660214748462135,15.686397552490234,80000,0.0,0.0,0.0
2016-09-15 00:00:00-04:00,15.701798465175766,15.786507021648967,15.686398111197727,15.72490119934082,67800,0.0,0.0,0.0
2016-09-16 00:00:00-04:00,15.678695914202454,15.84811154445861,15.678695914202454,15.809608459472656,2292800,0.0,0.0,0.0
2016-09-19 00:00:00-04:00,15.940520648950457,16.002126464832067,15.878914833068848,15.878914833068848,36200,0.0,0.0,0.0
2016-09-20 00:00:00-04:00,15.902016286011014,15.979023923982684,15.855812290747423,15.971323013305664,34500,0.0,0.0,0.0
2016-09-21 00:00:00-04:00,16.094534883277092,16.125338526438263,16.040629976543585,16.102235794067383,29000,0.0,0.0,0.0
2016-09-22 00:00:00-04:00,16.287055754471982,16.287055754471982,16.145362205469837,16.156143188476562,36900,0.0,0.0,0.0
2016-09-23 00:00:00-04:00,16.129957333860247,16.148439225350987,15.986724510805127,16.063732147216797,38000,0.0,0.0,0.0
2016-09-26 00:00:00-04:00,15.986724853515625,16.081443264237485,15.979023942829523,15.986724853515625,29900,0.0,0.0,0.0
2016-09-27 00:00:00-04:00,15.952071270860259,15.97902372349239,15.848111181222679,15.871213912963867,39000,0.0,0.0,0.0
2016-09-28 00:00:00-04:00,15.885076693782276,16.062193250017245,15.878916552166752,16.032930374145508,51800,0.0,0.0,0.0
2016-09-29 00:00:00-04:00,15.97902622940785,16.00212896477213,15.917420403901842,15.932822227478027,87900,0.0,0.0,0.0
2016-09-30 00:00:00-04:00,16.009827336948646,16.009827336948646,15.825008420949393,15.848111152648926,40200,0.0,0.0,0.0
2016-10-03 00:00:00-04:00,15.818851119473559,15.85966463088337,15.732603255724893,15.832712173461914,143300,0.0,0.0,0.0
2016-10-04 00:00:00-04:00,15.801908466339333,15.832710642357084,15.740302645505205,15.77880573272705,76100,0.0,0.0,0.0
2016-10-05 00:00:00-04:00,15.86351428717346,15.86351428717346,15.771104821522956,15.77880573272705,34800,0.0,0.0,0.0
2016-10-06 00:00:00-04:00,15.740303022117523,15.748003933505874,15.686398111197727,15.72490119934082,46600,0.0,0.0,0.0
2016-10-07 00:00:00-04:00,15.786506459375865,15.79420737048993,15.663294819148039,15.686397552490234,411000,0.0,0.0,0.0
2016-10-10 00:00:00-04:00,15.801906947113373,15.832709120169742,15.72489931127472,15.740301132202148,118600,0.0,0.0,0.0
2016-10-11 00:00:00-04:00,15.70179885199507,15.748004321463466,15.66329576290344,15.67869758605957,61400,0.0,0.0,0.0
2016-10-12 00:00:00-04:00,15.640193947283347,15.72490251082137,15.640193947283347,15.647894859313965,24800,0.0,0.0,0.0
2016-10-13 00:00:00-04:00,15.640193558519567,15.729522960815283,15.640193558519567,15.694098472595215,50000,0.0,0.0,0.0
2016-10-14 00:00:00-04:00,15.724902119952013,15.78496717597952,15.687938330643355,15.694098472595215,103100,0.0,0.0,0.0
2016-10-17 00:00:00-04:00,15.694098472595215,15.717201208112813,15.660985873605531,15.694098472595215,32800,0.0,0.0,0.0
2016-10-18 00:00:00-04:00,15.748003644637102,15.779575471311952,15.714889579394743,15.729521751403809,40400,0.0,0.0,0.0
2016-10-19 00:00:00-04:00,15.7942088991968,15.80190981105623,15.732603073120117,15.732603073120117,46500,0.0,0.0,0.0
2016-10-20 00:00:00-04:00,15.711039586776078,15.748003372604147,15.624791732376323,15.686397552490234,84500,0.0,0.0,0.0
2016-10-21 00:00:00-04:00,15.65559258589978,15.771103305258517,15.65559258589978,15.740301132202148,25000,0.0,0.0,0.0
2016-10-24 00:00:00-04:00,15.809608459472654,15.825008812187912,15.748002642216004,15.809608459472656,43000,0.0,0.0,0.0
2016-10-25 00:00:00-04:00,15.86890442830672,15.902017023835594,15.817309940055177,15.855813026428223,30000,0.0,0.0,0.0
2016-10-26 00:00:00-04:00,15.85581302642822,15.909717934869922,15.82500938229091,15.855813026428223,60100,0.0,0.0,0.0
2016-10-27 00:00:00-04:00,15.88892716056177,15.979026212709696,15.878146177829453,15.917420387268066,465000,0.0,0.0,0.0
2016-10-28 00:00:00-04:00,15.886615761972926,15.999046423201259,15.886615761972926,15.894316673278809,91600,0.0,0.0,0.0
2016-10-31 00:00:00-04:00,15.871215171479129,15.871215171479129,15.748773180499208,15.75570297241211,77400,0.0,0.0,0.0
2016-11-01 00:00:00-04:00,15.925120125956916,15.925120125956916,15.756474136153459,15.794207572937012,49400,0.0,0.0,0.0
2016-11-02 00:00:00-04:00,15.786503832897694,15.848109642761946,15.732598932866269,15.817307472229004,35900,0.0,0.0,0.0
2016-11-03 00:00:00-04:00,15.794206007584146,15.804986988453809,15.690245919713051,15.717198371887207,24700,0.0,0.0,0.0
2016-11-04 00:00:00-04:00,15.62479133838256,15.670995335103264,15.59398769470304,15.66175365447998,80000,0.0,0.0,0.0
2016-11-07 00:00:00-05:00,15.694097940417004,15.727981657600754,15.617091762233743,15.67869758605957,69000,0.0,0.0,0.0
2016-11-08 00:00:00-05:00,15.732603073120117,15.7942088991968,15.717201249401258,15.732603073120117,19200,0.0,0.0,0.0
2016-11-09 00:00:00-05:00,15.316761342071779,15.871215198377556,15.316761342071779,15.77880573272705,1389600,0.0,0.0,0.0
2016-11-10 00:00:00-05:00,15.77880649897703,15.77880649897703,15.67869758605957,15.67869758605957,57000,0.0,0.0,0.0
2016-11-11 00:00:00-05:00,15.609391969942337,15.609391969942337,15.432275397342602,15.493881225585938,461800,0.0,0.0,0.0
2016-11-14 00:00:00-05:00,15.424572918370176,15.424572918370176,15.285959451703457,15.401470184326172,557100,0.0,0.0,0.0
2016-11-15 00:00:00-05:00,15.447677267609267,15.570888936178116,15.424575997751951,15.5477876663208,166300,0.0,0.0,0.0
2016-11-16 00:00:00-05:00,15.709499531006156,15.709499531006156,15.47847806227907,15.540083885192871,43900,0.0,0.0,0.0
2016-11-17 00:00:00-05:00,15.609391561072519,15.647125001363282,15.509281174800124,15.524682998657227,36400,0.0,0.0,0.0
2016-11-18 00:00:00-05:00,15.44767441642283,15.56626669041094,15.44767441642283,15.540083885192871,85300,0.0,0.0,0.0
2016-11-21 00:00:00-05:00,15.7480035567093,15.825009731152988,15.69409717828064,15.77880573272705,26000,0.0,0.0,0.0
2016-11-22 00:00:00-05:00,15.794977178846842,15.814228722425137,15.724900796446564,15.75570297241211,52100,0.0,0.0,0.0
2016-11-23 00:00:00-05:00,15.663290303618593,15.801903726114043,15.663290303618593,15.778031349182129,46600,0.0,0.0,0.0
2016-11-25 00:00:00-05:00,15.878145008198581,15.878145008198581,15.724900840820675,15.794207572937012,66700,0.0,0.0,0.0
2016-11-28 00:00:00-05:00,15.771104830415158,15.947451731332055,15.771104830415158,15.786506652832031,100300,0.0,0.0,0.0
2016-11-29 00:00:00-05:00,15.632493819322438,15.640194731739307,15.555487632751467,15.555487632751465,132900,0.0,0.0,0.0
2016-11-30 00:00:00-05:00,15.763405251759082,15.786507987337371,15.647894511465145,15.732603073120117,132500,0.0,0.0,0.0
2016-12-01 00:00:00-05:00,15.825011636089544,15.840413460351728,15.74030454024514,15.771106719970703,53500,0.0,0.0,0.0
2016-12-02 00:00:00-05:00,15.763403919206722,15.801908475248903,15.74030265438004,15.786506652832031,488300,0.0,0.0,0.0
2016-12-05 00:00:00-05:00,15.848113989191463,15.891237921043569,15.825011253356932,15.825011253356934,26900,0.0,0.0,0.0
2016-12-06 00:00:00-05:00,15.809608693030183,15.979024325789139,15.809608693030183,15.940521240234375,2406600,0.0,0.0,0.0
2016-12-07 00:00:00-05:00,15.971325317619756,15.971325317619756,15.886616756749467,15.932822227478027,326900,0.0,0.0,0.0
2016-12-08 00:00:00-05:00,16.16384212380836,16.16384212380836,15.85581302642822,15.855813026428223,122400,0.0,0.0,0.0
2016-12-09 00:00:00-05:00,15.794207215983217,15.884306259457919,15.794207215983217,15.863513946533203,51800,0.0,0.0,0.0
2016-12-12 00:00:00-05:00,16.01444848050027,16.0714349312392,15.994427285850486,16.032930374145508,70400,0.0,0.0,0.0
2016-12-13 00:00:00-05:00,16.071433411728453,16.071433411728453,15.971323041548692,15.994425773620605,174000,0.0,0.0,0.0
2016-12-14 00:00:00-05:00,15.940521501204431,16.02984942492917,15.902016946220726,15.912797927856445,54000,0.0,0.0,0.0
2016-12-15 00:00:00-05:00,15.801905652563349,15.855810552594773,15.740299842699097,15.817307472229004,44700,0.0,0.0,0.0
2016-12-16 00:00:00-05:00,15.68639643714771,15.84965192228163,15.68639643714771,15.848111152648926,99100,0.0,0.0,0.0
2016-12-19 00:00:00-05:00,15.740303951916463,15.740303951916463,15.689479108789989,15.701799392700195,68400,0.0,0.0,0.0
2016-12-20 00:00:00-05:00,15.647891034660082,15.704106356824559,15.624789773013417,15.640190124511719,41100,0.0,0.0,0.0
2016-12-21 00:00:00-05:00,15.701797887902579,15.729521461641125,15.655593890069815,15.670995712280273,81100,0.0,0.0,0.0
2016-12-22 00:00:00-05:00,15.640193382321883,15.686398852836543,15.601690292358398,15.601690292358398,194800,0.0,0.0,0.0
2016-12-23 00:00:00-05:00,15.501577985521338,15.647892353071104,15.501577985521338,15.578585624694824,69100,0.0,0.0,0.0
2016-12-27 00:00:00-05:00,15.670997263453893,15.763405268266311,15.651745718184536,15.748004913330078,37200,0.0,0.0,0.0
2016-12-28 00:00:00-05:00,15.763405268266311,15.779576742548421,15.694098530257621,15.748004913330078,69800,0.0,0.0,0.0
2016-12-29 00:00:00-05:00,15.740303984979546,15.800369041164842,15.724902161260687,15.732603073120117,97300,0.0,0.0,0.0
2016-12-30 00:00:00-05:00,15.778804186685061,15.817308738932773,15.701796550988123,15.717198371887207,97100,0.0,0.0,0.0
2017-01-03 00:00:00-05:00,15.717200096938864,15.76956570622378,15.617091187704263,15.624792098999023,29000,0.0,0.0,0.0
2017-01-04 00:00:00-05:00,15.717201423726666,15.848113989191463,15.717201423726666,15.825011253356934,1442000,0.0,0.0,0.0
2017-01-05 00:00:00-05:00,15.848111152648926,15.925118789515532,15.832709331515904,15.848111152648926,1101500,0.0,0.0,0.0
2017-01-06 00:00:00-05:00,15.70179529353496,16.008285042168673,15.686394942667672,15.817307472229004,73200,0.0,0.0,0.0
2017-01-09 00:00:00-05:00,15.786505097134604,15.786505097134604,15.701796550988123,15.717198371887207,17400,0.0,0.0,0.0
2017-01-10 00:00:00-05:00,15.878918217095093,15.925122221653412,15.717201997942743,15.886617660522461,29700,0.0,0.0,0.0
2017-01-11 00:00:00-05:00,15.771106914727252,15.940524046105793,15.76032593137035,15.886617660522461,166900,0.0,0.0,0.0
2017-01-12 00:00:00-05:00,16.025226653235624,16.07913155491769,16.00289504219546,16.07143211364746,96900,0.0,0.0,0.0
2017-01-13 00:00:00-05:00,16.07143360109322,16.124567388527176,16.02676890608066,16.086833953857422,37300,0.0,0.0,0.0
2017-01-17 00:00:00-05:00,16.402563029250743,16.402563029250743,16.11763669035981,16.125337600708008,41600,0.0,0.0,0.0
2017-01-18 00:00:00-05:00,15.994427831693155,16.171544393972592,15.994427831693155,16.095306396484375,180900,0.0,0.0,0.0
2017-01-19 00:00:00-05:00,16.081444794164756,16.10223710811548,15.994427285850486,16.032930374145508,18100,0.0,0.0,0.0
2017-01-20 00:00:00-05:00,16.05603310840172,16.06373401982046,16.009829108687963,16.032930374145508,35100,0.0,0.0,0.0
2017-01-23 00:00:00-05:00,16.04833088733388,16.125338526438263,16.04833088733388,16.102235794067383,31600,0.0,0.0,0.0
2017-01-24 00:00:00-05:00,16.182325031614045,16.202347695318995,16.117639137426394,16.148441314697266,91600,0.0,0.0,0.0
2017-01-25 00:00:00-05:00,16.025227196120845,16.156139734125805,16.025227196120845,16.094533920288086,512700,0.0,0.0,0.0
2017-01-26 00:00:00-05:00,16.123799427956214,16.123799427956214,15.955923080444334,15.955923080444336,120800,0.0,0.0,0.0
2017-01-27 00:00:00-05:00,15.93666964965834,15.971323013305666,15.894315375333996,15.971323013305664,40000,0.0,0.0,0.0
2017-01-30 00:00:00-05:00,15.832709713578508,15.863513356587882,15.794206628615331,15.801907539367676,120400,0.0,0.0,0.0
2017-01-31 00:00:00-05:00,15.940523139266121,15.97902622940785,15.917420403901842,15.932822227478027,66900,0.0,0.0,0.0
2017-02-01 00:00:00-05:00,15.955922728756796,16.06835339163277,15.940522374717988,16.032930374145508,153500,0.0,0.0,0.0
2017-02-02 00:00:00-05:00,15.932819548756827,16.052179989407833,15.932819548756827,16.017526626586914,28200,0.0,0.0,0.0
2017-02-03 00:00:00-05:00,15.948224098027854,16.0467937219656,15.948224098027854,15.97902774810791,75400,0.0,0.0,0.0
2017-02-06 00:00:00-05:00,16.002126989393048,16.056031896456684,15.96362243520577,15.973633766174316,27400,0.0,0.0,0.0
2017-02-07 00:00:00-05:00,15.979026221062808,15.979026221062808,15.909719483804903,15.925121307373047,41500,0.0,0.0,0.0
2017-02-08 00:00:00-05:00,16.00212667488783,16.05603158089202,15.97132303214342,15.986724853515625,67200,0.0,0.0,0.0
2017-02-09 00:00:00-05:00,16.08606412334542,16.08606412334542,15.963622140249745,16.002126693725586,78100,0.0,0.0,0.0
2017-02-10 00:00:00-05:00,15.955921408171138,16.148439771309874,15.955921408171138,16.086833953857422,88000,0.0,0.0,0.0
2017-02-13 00:00:00-05:00,16.03216300110173,16.048334476738727,15.955924995385255,15.96362590789795,31600,0.0,0.0,0.0
2017-02-14 00:00:00-05:00,16.017526101598772,16.048329742562636,15.932819026545031,16.00982666015625,43800,0.0,0.0,0.0
2017-02-15 00:00:00-05:00,16.04833125154123,16.076053355976587,16.01752760768099,16.040630340576172,34800,0.0,0.0,0.0
2017-02-16 00:00:00-05:00,16.063736317029182,16.063736317029182,15.955925010547867,15.97902774810791,87500,0.0,0.0,0.0
2017-02-17 00:00:00-05:00,15.886616748452688,15.94052313094119,15.878917305467354,15.925121307373047,23900,0.0,0.0,0.0
2017-02-21 00:00:00-05:00,15.993656510528005,16.02985064809464,15.93282180596933,15.948222160339355,32200,0.0,0.0,0.0
2017-02-22 00:00:00-05:00,15.90663748923305,15.932820292372813,15.863513563496292,15.909717559814453,53700,0.0,0.0,0.0
2017-02-23 00:00:00-05:00,16.04833329336108,16.04833329336108,15.817311810210859,15.825011253356934,32300,0.0,0.0,0.0
2017-02-24 00:00:00-05:00,15.93282255178597,15.93282255178597,15.802679636876025,15.825011253356934,17100,0.0,0.0,0.0
2017-02-27 00:00:00-05:00,15.871217108876095,15.871217108876095,15.771106719970703,15.771106719970703,74100,0.0,0.0,0.0
2017-02-28 00:00:00-05:00,15.801908117986521,15.871214848496878,15.801136998724072,15.855813026428223,26400,0.0,0.0,0.0
2017-03-01 00:00:00-05:00,15.948223505336523,15.948223505336523,15.885078375097308,15.902019500732422,26700,0.0,0.0,0.0
2017-03-02 00:00:00-05:00,15.817311609868673,15.840412876611833,15.678698134214711,15.709500312805176,292100,0.0,0.0,0.0
2017-03-03 00:00:00-05:00,15.74030643683635,15.763407707214355,15.663298775045378,15.763407707214355,12400,0.0,0.0,0.0
2017-03-06 00:00:00-05:00,15.768795701756828,15.778807034027661,15.681778188691494,15.694098472595215,24500,0.0,0.0,0.0
2017-03-07 00:00:00-05:00,15.694096349055775,15.694096349055775,15.57088471389762,15.578585624694824,26100,0.0,0.0,0.0
2017-03-08 00:00:00-05:00,15.53238236051408,15.619401334703658,15.424572541870901,15.455374717712402,22400,0.0,0.0,0.0
2017-03-09 00:00:00-05:00,15.427653359752652,15.427653359752652,15.293660730435693,15.339864730834961,28000,0.0,0.0,0.0
2017-03-10 00:00:00-05:00,15.352957634915896,15.370668411254883,15.30906258176524,15.370668411254883,19200,0.0,0.0,0.0
2017-03-13 00:00:00-04:00,15.46307600631153,15.46307600631153,15.386068361630167,15.401470184326172,29900,0.0,0.0,0.0
2017-03-14 00:00:00-04:00,15.336784659981502,15.352956133561179,15.324462907768975,15.339864730834961,15000,0.0,0.0,0.0
2017-03-15 00:00:00-04:00,15.409171704084734,15.509280617964112,15.408402053559142,15.48617935180664,16200,0.0,0.0,0.0
2017-03-16 00:00:00-04:00,15.593988796642613,15.593988796642613,15.501579327872571,15.540083885192871,63300,0.0,0.0,0.0
2017-03-17 00:00:00-04:00,15.60168642635726,15.60168642635726,15.540080616401983,15.56318187713623,26600,0.0,0.0,0.0
2017-03-20 00:00:00-04:00,15.640194731739307,15.640194731739307,15.547786720334598,15.555487632751465,29400,0.0,0.0,0.0
2017-03-21 00:00:00-04:00,15.555486087876485,15.586288265686019,15.48617935180664,15.48617935180664,32100,0.0,0.0,0.0
2017-03-22 00:00:00-04:00,15.522373562479043,15.600921987851791,15.501581245833384,15.555487632751465,115400,0.0,0.0,0.0
2017-03-23 00:00:00-04:00,15.524684927664536,15.563188023292696,15.509283101893692,15.5477876663208,56400,0.0,0.0,0.0
2017-03-24 00:00:00-04:00,15.541623160242548,15.541623160242548,15.486178947871826,15.51698112487793,10000,0.0,0.0,0.0
2017-03-27 00:00:00-04:00,15.416872959403547,15.463076961547165,15.3976214142436,15.43304443359375,110500,0.0,0.0,0.0
2017-03-28 00:00:00-04:00,15.486178930581447,15.555485664766143,15.470777107696255,15.501579284667969,38300,0.0,0.0,0.0
2017-03-29 00:00:00-04:00,15.501576067180954,15.586284606668848,15.501576067180954,15.56318187713623,12800,0.0,0.0,0.0
2017-03-30 00:00:00-04:00,15.47848051948281,15.637884858818335,15.47848051948281,15.58629035949707,62400,0.0,0.0,0.0
2017-03-31 00:00:00-04:00,15.545473048743183,15.609389286517578,15.520831015441846,15.593987464904785,19900,0.0,0.0,0.0
2017-04-03 00:00:00-04:00,15.586285336346998,15.58859575628826,15.447671890258789,15.447671890258789,21800,0.0,0.0,0.0
2017-04-04 00:00:00-04:00,15.532382947780318,15.533152598285836,15.48771824888286,15.51698112487793,13300,0.0,0.0,0.0
2017-04-05 00:00:00-04:00,15.632493819322438,15.632493819322438,15.547786720334598,15.555487632751465,14400,0.0,0.0,0.0
2017-04-06 00:00:00-04:00,15.578588517229454,15.609392166137695,15.540085424892974,15.609392166137695,359800,0.0,0.0,0.0
2017-04-07 00:00:00-04:00,15.570888534123915,15.624794922929956,15.540086352176518,15.58629035949707,11100,0.0,0.0,0.0
2017-04-10 00:00:00-04:00,15.601688673278458,15.604768743900053,15.568574609299523,15.597067832946777,9700,0.0,0.0,0.0
2017-04-11 00:00:00-04:00,15.593988087920062,15.701797905919756,15.563184443463799,15.686397552490234,18000,0.0,0.0,0.0
2017-04-12 00:00:00-04:00,15.72490251082137,15.72490251082137,15.624793592020893,15.647894859313965,24500,0.0,0.0,0.0
2017-04-13 00:00:00-04:00,15.684858267924287,15.717201216386702,15.664065952827379,15.701799392700195,19800,0.0,0.0,0.0
2017-04-17 00:00:00-04:00,15.794206007584146,15.794206007584146,15.717198371887207,15.717198371887207,14300,0.0,0.0,0.0
2017-04-18 00:00:00-04:00,15.65559520582677,15.65559520582677,15.547785378890026,15.601690292358398,58300,0.0,0.0,0.0
2017-04-19 00:00:00-04:00,15.633263369040588,15.640193161360772,15.447674776665739,15.47077751159668,16300,0.0,0.0,0.0
2017-04-20 00:00:00-04:00,15.523912159871033,15.523912159871033,15.409171077876051,15.417641639709473,10500,0.0,0.0,0.0
2017-04-21 00:00:00-04:00,15.400700903786522,15.400700903786522,15.30906108470299,15.339864730834961,13600,0.0,0.0,0.0
2017-04-24 00:00:00-04:00,15.332161299719694,15.332161299719694,15.26285457611084,15.26285457611084,20200,0.0,0.0,0.0
2017-04-25 00:00:00-04:00,15.262853550177224,15.347562088627123,15.22435047022637,15.343710899353027,28300,0.0,0.0,0.0
2017-04-26 00:00:00-04:00,15.301361667581528,15.401470580080627,15.301361667581528,15.362967491149902,32400,0.0,0.0,0.0
2017-04-27 00:00:00-04:00,15.324461572345173,15.409170123027625,15.270556665110364,15.386067390441895,30300,0.0,0.0,0.0
2017-04-28 00:00:00-04:00,15.463079495029687,15.486182234286039,15.372210776939948,15.470010757446289,8900,0.0,0.0,0.0
2017-05-01 00:00:00-04:00,15.463076599953032,15.540084247590787,15.439973865022091,15.47077751159668,23400,0.0,0.0,0.0
2017-05-02 00:00:00-04:00,15.439973865022091,15.54624438938622,15.432274422177157,15.47077751159668,39700,0.0,0.0,0.0
2017-05-03 00:00:00-04:00,15.378365167214683,15.486176441282423,15.378365167214683,15.447671890258789,26500,0.0,0.0,0.0
2017-05-04 00:00:00-04:00,15.378369531322582,15.378369531322582,15.213574706330583,15.216654777526855,26400,0.0,0.0,0.0
2017-05-05 00:00:00-04:00,15.216651907336477,15.278257726038301,15.185848263586276,15.208950996398926,34200,0.0,0.0,0.0
2017-05-08 00:00:00-04:00,15.175837488127545,15.26285498576856,15.175066368921186,15.239753723144531,34600,0.0,0.0,0.0
2017-05-09 00:00:00-04:00,15.278259030571526,15.285959942166619,15.12424373626709,15.12424373626709,20700,0.0,0.0,0.0
2017-05-10 00:00:00-04:00,15.178146420147996,15.262854966458226,15.175066349721922,15.22435188293457,20600,0.0,0.0,0.0
2017-05-11 00:00:00-04:00,15.247454687558168,15.301361066260911,15.227433493364629,15.285959243774414,16200,0.0,0.0,0.0
2017-05-12 00:00:00-04:00,15.370666145941097,15.442283297727636,15.362966703588608,15.439972877502441,4700,0.0,0.0,0.0
2017-05-15 00:00:00-04:00,15.617090914475787,15.640963298432293,15.455374717712402,15.455374717712402,6600,0.0,0.0,0.0
2017-05-16 00:00:00-04:00,15.447673841027457,15.447673841027457,15.355265844498108,15.391458511352539,25900,0.0,0.0,0.0
2017-05-17 00:00:00-04:00,15.470774307543326,15.509277388988721,15.41686940600041,15.460762977600098,21200,0.0,0.0,0.0
2017-05-18 00:00:00-04:00,15.332162473991785,15.386067381194197,15.296739459087139,15.378366470336914,68000,0.0,0.0,0.0
2017-05-19 00:00:00-04:00,15.470776158422987,15.586286885376953,15.470776158422987,15.564724922180176,19000,0.0,0.0,0.0
2017-05-22 00:00:00-04:00,15.646355558187112,15.670997595405822,15.640193947283347,15.647894859313965,11500,0.0,0.0,0.0
2017-05-23 00:00:00-04:00,15.624794375704427,15.670998381406783,15.555487632751467,15.555487632751465,32100,0.0,0.0,0.0
2017-05-24 00:00:00-04:00,15.50157930197554,15.539314208725996,15.45845537288779,15.51698112487793,1668900,0.0,0.0,0.0
2017-05-25 00:00:00-04:00,15.51390088138261,15.516211301672119,15.378367485187727,15.432273864746094,111900,0.0,0.0,0.0
2017-05-26 00:00:00-04:00,15.42457389831543,15.43227481015268,15.395311020853374,15.42457389831543,89100,0.0,0.0,0.0
2017-05-30 00:00:00-04:00,15.339865069964091,15.416872718197792,15.321383175636054,15.381449699401855,25300,0.0,0.0,0.0
2017-05-31 00:00:00-04:00,15.270558012886113,15.386068748412592,15.270558012886113,15.355266571044922,19400,0.0,0.0,0.0
2017-06-01 00:00:00-04:00,15.370666933897093,15.416872403172395,15.332163844966368,15.362967491149902,37900,0.0,0.0,0.0
2017-06-02 00:00:00-04:00,15.416871033889535,15.416871033889535,15.316760661483263,15.386067390441895,80900,0.0,0.0,0.0
2017-06-05 00:00:00-04:00,15.28595946132435,15.332163460642786,15.2782585499715,15.314451217651367,32000,0.0,0.0,0.0
2017-06-06 00:00:00-04:00,15.347567588648367,15.363739064278809,15.262859019841937,15.26824951171875,137600,0.0,0.0,0.0
2017-06-07 00:00:00-04:00,15.309062757500588,15.309062757500588,15.14349828224568,15.185851097106934,61200,0.0,0.0,0.0
2017-06-08 00:00:00-04:00,15.208950062005712,15.24745314552937,15.193548241076854,15.22435188293457,38800,0.0,0.0,0.0
2017-06-09 00:00:00-04:00,15.255154075294387,15.285957717191076,15.23282246307823,15.239753723144531,25400,0.0,0.0,0.0
2017-06-12 00:00:00-04:00,15.193550471824215,15.239755941394767,15.093441558685424,15.12424373626709,17400,0.0,0.0,0.0
2017-06-13 00:00:00-04:00,15.085742004582057,15.101143829158175,15.04800856252975,15.093442916870117,10400,0.0,0.0,0.0
2017-06-14 00:00:00-04:00,15.07803836579586,15.07803836579586,14.893220910698702,14.900921821594238,30300,0.0,0.0,0.0
2017-06-15 00:00:00-04:00,14.908625180062693,14.93942735990311,14.870120619263657,14.924025535583496,46000,0.0,0.0,0.0
2017-06-16 00:00:00-04:00,14.954828237030325,14.954828237030325,14.87782058910849,14.93172550201416,44300,0.0,0.0,0.0
2017-06-19 00:00:00-04:00,14.893221276898645,14.931724363524484,14.82391454593325,14.839316368103027,24600,0.0,0.0,0.0
2017-06-20 00:00:00-04:00,14.708405089555848,14.743058458036112,14.639098352595317,14.73920726776123,23800,0.0,0.0,0.0
2017-06-21 00:00:00-04:00,14.808513426307087,14.808513426307087,14.67375114792467,14.685301780700684,62000,0.0,0.0,0.0
2017-06-22 00:00:00-04:00,14.669899389554242,14.708403945313922,14.608293569137373,14.639097213745117,107200,0.0,0.0,0.0
2017-06-23 00:00:00-04:00,14.63986842256792,14.723807334899902,14.62369694806706,14.723807334899902,25300,0.0,0.0,0.0
2017-06-26 00:00:00-04:00,14.729196085424233,14.800811767578125,14.669899217131137,14.800811767578125,67400,0.0,0.0,0.0
2017-06-27 00:00:00-04:00,14.854717778996225,14.885519953684367,14.833925466522553,14.862417221069336,119200,0.0,0.0,0.0
2017-06-28 00:00:00-04:00,14.83161752726343,14.947128272062919,14.83161752726343,14.924025535583496,16000,0.0,0.0,0.0
2017-06-29 00:00:00-04:00,14.993332855206209,15.070340510979202,14.962530674176332,14.985631942749023,34700,0.0,0.0,0.0
2017-06-30 00:00:00-04:00,15.008732625187514,15.17814826965332,15.008732625187514,15.17814826965332,29800,0.0,0.0,0.0
2017-07-03 00:00:00-04:00,15.170450741156865,15.197403200068049,15.147348004033486,15.185851097106934,12400,0.0,0.0,0.0
2017-07-05 00:00:00-04:00,15.078038563100517,15.078038563100517,14.970228746749397,15.001030921936035,20300,0.0,0.0,0.0
2017-07-06 00:00:00-04:00,15.047236387913877,15.058787020009042,14.947126013760476,15.001030921936035,30500,0.0,0.0,0.0
2017-07-07 00:00:00-04:00,14.913242113200537,14.918632603950886,14.868578886296836,14.908622741699219,21200,0.0,0.0,0.0
2017-07-10 00:00:00-04:00,14.854719107226448,14.924795492986432,14.854719107226448,14.903233528137207,15000,0.0,0.0,0.0
2017-07-11 00:00:00-04:00,14.87782214381273,15.047239280704284,14.87782214381273,15.024136543273926,36100,0.0,0.0,0.0
2017-07-12 00:00:00-04:00,15.054935520192691,15.116541338096349,15.039535167315695,15.108841896057129,161100,0.0,0.0,0.0
2017-07-13 00:00:00-04:00,15.062640182775421,15.134257349486175,14.777713754802079,15.054939270019531,168400,0.0,0.0,0.0
2017-07-14 00:00:00-04:00,15.139644248489741,15.193549156188967,15.139644248489741,15.193549156188965,18300,0.0,0.0,0.0
2017-07-17 00:00:00-04:00,15.247456942811796,15.249767363406368,15.18585111255231,15.201252937316895,20500,0.0,0.0,0.0
2017-07-18 00:00:00-04:00,15.270559695458765,15.270559695458765,15.188161548563338,15.216654777526855,17200,0.0,0.0,0.0
2017-07-19 00:00:00-04:00,15.262857075770482,15.36296745684473,15.247455252713106,15.33216381072998,44000,0.0,0.0,0.0
2017-07-20 00:00:00-04:00,15.401473149958152,15.409174062789003,15.316764577617722,15.320615768432617,16500,0.0,0.0,0.0
2017-07-21 00:00:00-04:00,15.309059900989926,15.309059900989926,15.193549174523826,15.208950996398926,54000,0.0,0.0,0.0
2017-07-24 00:00:00-04:00,15.170450134986448,15.170450134986448,15.108844307251225,15.132715225219727,38900,0.0,0.0,0.0
2017-07-25 00:00:00-04:00,15.247453689575195,15.285188592836866,15.224352426156116,15.247453689575195,13000,0.0,0.0,0.0
2017-07-26 00:00:00-04:00,15.29596980864098,15.388377801331236,15.29596980864098,15.378366470336914,8200,0.0,0.0,0.0
2017-07-27 00:00:00-04:00,15.439972877502443,15.46076519073057,15.41687161284774,15.439972877502441,26800,0.0,0.0,0.0
2017-07-28 00:00:00-04:00,15.50157930197554,15.524682036329125,15.488489368187052,15.51698112487793,77300,0.0,0.0,0.0
2017-07-31 00:00:00-04:00,15.478478019138851,15.524682018995758,15.439973461925868,15.501579284667969,18100,0.0,0.0,0.0
2017-08-01 00:00:00-04:00,15.358348126636255,15.370668411254883,15.30906258176524,15.370668411254883,11400,0.0,0.0,0.0
2017-08-02 00:00:00-04:00,15.362967096384818,15.432273829718179,15.329853030708545,15.401470184326172,46300,0.0,0.0,0.0
2017-08-03 00:00:00-04:00,15.36296746543394,15.404550625153673,15.335243890155427,15.339864730834961,8100,0.0,0.0,0.0
2017-08-04 00:00:00-04:00,15.324461936950684,15.33986375904095,15.295970181762147,15.324461936950684,19900,0.0,0.0,0.0
2017-08-07 00:00:00-04:00,15.324464429688513,15.393771171569824,15.316763517390719,15.393771171569824,137500,0.0,0.0,0.0
2017-08-08 00:00:00-04:00,15.378369346974235,15.447676088855546,15.37066843467644,15.393771171569824,37600,0.0,0.0,0.0
2017-08-09 00:00:00-04:00,15.486177034723317,15.509278297424316,15.463074303223824,15.509278297424316,24200,0.0,0.0,0.0
2017-08-10 00:00:00-04:00,15.563185888288986,15.578587711946962,15.401471146276482,15.409172058105469,53700,0.0,0.0,0.0
2017-08-11 00:00:00-04:00,15.3960797282082,15.453835829049979,15.386068396553208,15.432273864746094,15800,0.0,0.0,0.0
2017-08-14 00:00:00-04:00,15.385299054889504,15.401470528442031,15.31676197052002,15.31676197052002,11800,0.0,0.0,0.0
2017-08-15 00:00:00-04:00,15.224353387251702,15.278258297030558,15.224353387251702,15.255155563354492,11100,0.0,0.0,0.0
2017-08-16 00:00:00-04:00,15.332163784962274,15.35526651950951,15.25515613860351,15.309061050415039,29300,0.0,0.0,0.0
2017-08-17 00:00:00-04:00,15.23051583230951,15.255157870678547,15.205104143341119,15.216654777526855,21100,0.0,0.0,0.0
2017-08-18 00:00:00-04:00,15.255156172770729,15.347565642367954,15.226664415777215,15.339864730834961,13700,0.0,0.0,0.0
2017-08-21 00:00:00-04:00,15.239755209702412,15.301361030706623,15.232054298477058,15.255155563354492,53400,0.0,0.0,0.0
2017-08-22 00:00:00-04:00,15.278256713951523,15.309058886862699,15.247453072241866,15.281336784362793,21900,0.0,0.0,0.0
2017-08-23 00:00:00-04:00,15.255154317691135,15.332161954857979,15.239753965296575,15.315220832824707,14800,0.0,0.0,0.0
2017-08-24 00:00:00-04:00,15.316760652277221,15.386067381194197,15.30136029936122,15.378366470336914,96000,0.0,0.0,0.0
2017-08-25 00:00:00-04:00,15.409171457218164,15.409171457218164,15.309061076143918,15.33216381072998,17000,0.0,0.0,0.0
2017-08-28 00:00:00-04:00,15.278258540355454,15.416872007022175,15.278258540355454,15.401470184326172,15000,0.0,0.0,0.0
2017-08-29 00:00:00-04:00,15.362966126654726,15.486177762848166,15.362966126654726,15.386067390441895,34000,0.0,0.0,0.0
2017-08-30 00:00:00-04:00,15.386069036018606,15.40917177107523,15.3629677697607,15.382219314575195,17400,0.0,0.0,0.0
2017-08-31 00:00:00-04:00,15.463076451433988,15.685627361242599,15.463076451433988,15.66329574584961,13700,0.0,0.0,0.0
2017-09-01 00:00:00-04:00,15.662523817133486,15.748002013685376,15.617089473640126,15.717198371887207,23100,0.0,0.0,0.0
2017-09-05 00:00:00-04:00,15.840408732929118,15.866591532601058,15.801905652563349,15.817307472229004,51100,0.0,0.0,0.0
2017-09-06 00:00:00-04:00,15.83271085163039,15.902017584584693,15.825009940324506,15.894316673278809,502200,0.0,0.0,0.0
2017-09-07 00:00:00-04:00,15.871213922483832,15.894315185440368,15.848111190728789,15.878914833068848,655400,0.0,0.0,0.0
2017-09-08 00:00:00-04:00,15.831939469762917,15.840410030633457,15.709497490347292,15.740301132202148,553700,0.0,0.0,0.0
2017-09-11 00:00:00-04:00,15.763404675820897,15.763404675820897,15.640193028169241,15.67869758605957,26400,0.0,0.0,0.0
2017-09-12 00:00:00-04:00,15.678699483275844,15.694099839496813,15.586290001955653,15.63172435760498,84400,0.0,0.0,0.0
2017-09-13 00:00:00-04:00,15.532380339787986,15.66329287487984,15.532380339787986,15.65559196472168,57100,0.0,0.0,0.0
2017-09-14 00:00:00-04:00,15.640191691423746,15.710268071356506,15.640191691423746,15.66175365447998,32500,0.0,0.0,0.0
2017-09-15 00:00:00-04:00,15.647891646639811,15.731830542380882,15.647891646639811,15.717198371887207,12200,0.0,0.0,0.0
2017-09-18 00:00:00-04:00,15.640193028169241,15.68331695796745,15.634032886426269,15.67869758605957,79600,0.0,0.0,0.0
2017-09-19 00:00:00-04:00,15.64789579776325,15.655596710255713,15.609392704099799,15.63249397277832,22400,0.0,0.0,0.0
2017-09-20 00:00:00-04:00,15.624791714447507,15.755702796840573,15.624791714447507,15.670995712280273,37600,0.0,0.0,0.0
2017-09-21 00:00:00-04:00,15.560876199265966,15.578586973714494,15.532382973728811,15.540083885192871,81500,0.0,0.0,0.0
2017-09-22 00:00:00-04:00,15.555488177549671,15.604002605556088,15.550867336177943,15.58629035949707,19900,0.0,0.0,0.0
2017-09-25 00:00:00-04:00,15.501576699155349,15.670993785038,15.501576699155349,15.65559196472168,19700,0.0,0.0,0.0
2017-09-26 00:00:00-04:00,15.586287859140006,15.586287859140006,15.51698112487793,15.51698112487793,27000,0.0,0.0,0.0
2017-09-27 00:00:00-04:00,15.493881225585938,15.531614666865083,15.468468068676174,15.493881225585938,83800,0.0,0.0,0.0
2017-09-28 00:00:00-04:00,15.5015806689174,15.516982493177935,15.470778489195135,15.493881225585938,28600,0.0,0.0,0.0
2017-09-29 00:00:00-04:00,15.501578742748864,15.508510003444494,15.448444952610194,15.478477478027344,158700,0.0,0.0,0.0
2017-10-02 00:00:00-04:00,15.370666873742314,15.370666873742314,15.295971116516828,15.309061050415039,22200,0.0,0.0,0.0
2017-10-03 00:00:00-04:00,15.332164215788511,15.355266950984921,15.301362037658691,15.301362037658691,546600,0.0,0.0,0.0
2017-10-04 00:00:00-04:00,15.350642860197999,15.378364961525476,15.324460059611816,15.347562789916992,19600,0.0,0.0,0.0
2017-10-05 00:00:00-04:00,15.432273453030932,15.503889136101831,15.432273453030932,15.455374717712402,11800,0.0,0.0,0.0
2017-10-06 00:00:00-04:00,15.378369323540943,15.382990164672345,15.315993843462344,15.370668411254883,18300,0.0,0.0,0.0
2017-10-09 00:00:00-04:00,15.41918242730644,15.41918242730644,15.370666538934165,15.401470184326172,102700,0.0,0.0,0.0
2017-10-10 00:00:00-04:00,15.537773456229864,15.577817314541493,15.509280230708562,15.53238296508789,21200,0.0,0.0,0.0
2017-10-11 00:00:00-04:00,15.593988743130684,15.593988743130684,15.524682008990654,15.557024955749512,17000,0.0,0.0,0.0
2017-10-12 00:00:00-04:00,15.586285242096674,15.670993785038,15.532380339787986,15.65559196472168,262000,0.0,0.0,0.0
2017-10-13 00:00:00-04:00,15.755700193566385,15.825006913263463,15.732598932866269,15.817307472229004,130800,0.0,0.0,0.0
2017-10-16 00:00:00-04:00,15.8635114624276,15.886612723127715,15.794204742730521,15.817307472229004,47000,0.0,0.0,0.0
2017-10-17 00:00:00-04:00,15.740303951916463,15.77880704233398,15.686399037812437,15.701799392700195,290300,0.0,0.0,0.0
2017-10-18 00:00:00-04:00,15.694097940417004,15.6948690597339,15.63557365626136,15.67869758605957,21200,0.0,0.0,0.0
2017-10-19 00:00:00-04:00,15.632491174691777,15.701797905919756,15.632491174691777,15.686397552490234,108400,0.0,0.0,0.0
2017-10-20 00:00:00-04:00,15.694095026751842,15.701795936900206,15.586285222271595,15.640190124511719,27200,0.0,0.0,0.0
2017-10-23 00:00:00-04:00,15.694098499715027,15.707189902984414,15.655595409251244,15.685627937316895,26700,0.0,0.0,0.0
2017-10-24 00:00:00-04:00,15.686399068383315,15.786507984943212,15.667917173683238,15.764176368713379,19900,0.0,0.0,0.0
2017-10-25 00:00:00-04:00,15.778805381903906,15.795746504897071,15.724900473472385,15.761093139648438,24900,0.0,0.0,0.0
2017-10-26 00:00:00-04:00,15.670996288421025,15.748003933505874,15.670996288421025,15.72490119934082,25600,0.0,0.0,0.0
2017-10-27 00:00:00-04:00,15.65559409988587,15.809609386457339,15.640963396748878,15.786506652832031,29700,0.0,0.0,0.0
2017-10-30 00:00:00-04:00,15.840411212442447,15.848112123480703,15.794207215011498,15.831940650939941,371900,0.0,0.0,0.0
2017-10-31 00:00:00-04:00,15.871216385386528,15.940523122608203,15.812690630897169,15.917420387268066,32800,0.0,0.0,0.0
2017-11-01 00:00:00-04:00,16.00982945301426,16.0198393161551,15.925890544903792,15.948222160339355,159100,0.0,0.0,0.0
2017-11-02 00:00:00-04:00,15.97902395223933,16.00982759500188,15.94822030947678,15.994425773620605,89600,0.0,0.0,0.0
2017-11-03 00:00:00-04:00,16.04602248986197,16.048332910270144,15.902018524408343,15.98133659362793,39700,0.0,0.0,0.0
2017-11-06 00:00:00-05:00,16.017530306734855,16.248553268219744,16.017530306734855,16.24085235595703,40800,0.0,0.0,0.0
2017-11-07 00:00:00-05:00,16.171541593998718,16.171541593998718,16.079903257812575,16.125337600708008,45000,0.0,0.0,0.0
2017-11-08 00:00:00-05:00,16.125337600708008,16.194644325043306,16.08221367779688,16.125337600708008,179000,0.0,0.0,0.0
2017-11-09 00:00:00-05:00,16.07143175675602,16.18694246762369,16.07143175675602,16.133037567138672,92400,0.0,0.0,0.0
2017-11-10 00:00:00-05:00,16.109939575195312,16.179246315857913,16.0791359265458,16.109939575195312,43900,0.0,0.0,0.0
2017-11-13 00:00:00-05:00,16.11763669035981,16.171541593998718,16.09453395931522,16.125337600708008,14000,0.0,0.0,0.0
2017-11-14 00:00:00-05:00,16.032930139187417,16.032930139187417,15.863514496853924,15.894316673278809,26700,0.0,0.0,0.0
2017-11-15 00:00:00-05:00,15.87044438593924,15.917419504552852,15.846572001384585,15.884306907653809,23200,0.0,0.0,0.0
2017-11-16 00:00:00-05:00,15.88661708011691,15.894317992061753,15.825011253356932,15.825011253356934,18300,0.0,0.0,0.0
2017-11-17 00:00:00-05:00,15.908177516457137,16.017526626586914,15.894314996289976,16.017526626586914,18600,0.0,0.0,0.0
2017-11-20 00:00:00-05:00,15.894316121889533,15.894316121889533,15.80960903806068,15.863513946533203,21600,0.0,0.0,0.0
2017-11-21 00:00:00-05:00,15.940521240234375,15.986725236659804,15.909717596751712,15.940521240234375,34000,0.0,0.0,0.0
2017-11-22 00:00:00-05:00,16.00982816551451,16.071433984436414,16.00982816551451,16.040630340576172,46500,0.0,0.0,0.0
2017-11-24 00:00:00-05:00,16.106088315659193,16.11763894840047,16.04833221435547,16.04833221435547,17100,0.0,0.0,0.0
2017-11-27 00:00:00-05:00,16.009829108687963,16.059113179209483,15.986726374431747,16.032930374145508,27300,0.0,0.0,0.0
2017-11-28 00:00:00-05:00,15.971326835587895,15.99982006503206,15.932823741786706,15.97902774810791,28700,0.0,0.0,0.0
2017-11-29 00:00:00-05:00,15.93282181447761,16.015989603314964,15.925120902889134,15.955923080444336,21200,0.0,0.0,0.0
2017-11-30 00:00:00-05:00,15.925119173808088,15.963622258771265,15.794206628615331,15.801907539367676,28300,0.0,0.0,0.0
2017-12-01 00:00:00-05:00,15.900480199564951,15.958234838120374,15.87121732059596,15.902019500732422,43000,0.0,0.0,0.0
2017-12-04 00:00:00-05:00,15.825011094407508,15.825011094407508,15.748004913330078,15.748004913330078,24500,0.0,0.0,0.0
2017-12-05 00:00:00-05:00,15.717200096938864,15.717200096938864,15.61863048868403,15.624792098999023,26200,0.0,0.0,0.0
2017-12-06 00:00:00-05:00,15.609389985229559,15.609389985229559,15.432273435149954,15.439972877502441,39600,0.0,0.0,0.0
2017-12-07 00:00:00-05:00,15.401470184326172,15.439973272267524,15.386068361630167,15.401470184326172,55700,0.0,0.0,0.0
2017-12-08 00:00:00-05:00,15.493880246527619,15.5092806010162,15.424573510533511,15.47077751159668,109300,0.0,0.0,0.0
2017-12-11 00:00:00-05:00,15.494649492528701,15.548554403828204,15.478478019138851,15.501579284667969,23200,0.0,0.0,0.0
2017-12-12 00:00:00-05:00,15.516981902764952,15.516981902764952,15.401471162803675,15.42457389831543,30900,0.0,0.0,0.0
2017-12-13 00:00:00-05:00,15.427652989149646,15.427652989149646,15.378367450282166,15.401470184326172,37100,0.0,0.0,0.0
2017-12-14 00:00:00-05:00,15.393770250966423,15.447675165028436,15.37836842729192,15.42457389831543,58100,0.0,0.0,0.0
2017-12-15 00:00:00-05:00,15.547786141699003,15.547786141699003,15.48618031345567,15.493881225585938,185400,0.0,0.0,0.0
2017-12-18 00:00:00-05:00,15.532382973728811,15.601689708106672,15.524682062264752,15.540083885192871,30900,0.0,0.0,0.0
2017-12-19 00:00:00-05:00,15.59322065165442,15.609392126650691,15.570887565612793,15.570887565612793,29700,0.0,0.0,0.0
2017-12-20 00:00:00-05:00,15.697946830162593,15.72489928233675,15.655592557089353,15.717198371887207,42000,0.0,0.0,0.0
2017-12-21 00:00:00-05:00,15.724997277340066,15.763977835776963,15.66262749163324,15.74059009552002,37000,0.25,0.0,0.0
2017-12-22 00:00:00-05:00,15.740588118638899,15.795161488401806,15.709402486195636,15.779568672180176,20000,0.0,0.0,0.0
2017-12-26 00:00:00-05:00,15.841160569747444,16.006440569177357,15.834143355761626,15.982272148132324,56400,0.0,0.0,0.0
2017-12-27 00:00:00-05:00,16.02904617844821,16.02904617844821,15.982269221480589,16.021249771118164,46100,0.0,0.0,0.0
2017-12-28 00:00:00-05:00,16.060233167674014,16.09141731262207,16.044640351693594,16.09141731262207,32800,0.0,0.0,0.0
2017-12-29 00:00:00-05:00,16.107007916770055,16.1990034366037,16.075823776104237,16.14598846435547,53800,0.0,0.0,0.0
2018-01-02 00:00:00-05:00,16.184975259056625,16.23175222731904,16.184975259056625,16.208364486694336,17900,0.0,0.0,0.0
2018-01-03 00:00:00-05:00,16.25514130516201,16.293342669042463,16.22395566859911,16.286325454711914,45300,0.0,0.0,0.0
2018-01-04 00:00:00-05:00,16.294117568904095,16.317506790161133,16.238765011712164,16.317506790161133,121300,0.0,0.0,0.0
2018-01-05 00:00:00-05:00,16.247341395854903,16.270730618238336,16.200564438100717,16.231748580932617,29100,0.0,0.0,0.0
2018-01-08 00:00:00-05:00,16.184971862566236,16.216156005859375,16.161582639836862,16.216156005859375,130000,0.0,0.0,0.0
2018-01-09 00:00:00-05:00,16.184971384250108,16.26293397069796,16.12260161249436,16.24734115600586,73200,0.0,0.0,0.0
2018-01-10 00:00:00-05:00,16.255136489868164,16.292558647852797,16.231747269374626,16.255136489868164,48700,0.0,0.0,0.0
2018-01-11 00:00:00-05:00,16.30971116853138,16.319846646932135,16.216155766010328,16.231748580932617,71000,0.0,0.0,0.0
2018-01-12 00:00:00-05:00,16.294121135969405,16.340898101711158,16.19277079569345,16.33310317993164,129200,0.0,0.0,0.0
2018-01-16 00:00:00-05:00,16.20836060628826,16.29411811306951,16.20836060628826,16.24734115600586,39500,0.0,0.0,0.0
2018-01-17 00:00:00-05:00,16.247339844790844,16.31750601823,16.22395062464028,16.270729064941406,86800,0.0,0.0,0.0
2018-01-18 00:00:00-05:00,16.267609312644637,16.291777727363126,16.247339844790844,16.270729064941406,17600,0.0,0.0,0.0
2018-01-19 00:00:00-05:00,16.247343810262517,16.297239041013217,16.231750993023084,16.256698608398438,63200,0.0,0.0,0.0
2018-01-22 00:00:00-05:00,16.317510362346745,16.33310317993164,16.270733396604992,16.33310317993164,164500,0.0,0.0,0.0
2018-01-23 00:00:00-05:00,16.304257530593762,16.356491836718718,16.280089108085466,16.35259437561035,119500,0.0,0.0,0.0
2018-01-24 00:00:00-05:00,16.411847264359547,16.566991806030273,16.411847264359547,16.566991806030273,47800,0.0,0.0,0.0
2018-01-25 00:00:00-05:00,16.590378680722594,16.590378680722594,16.44224988806078,16.465639114379883,52400,0.0,0.0,0.0
2018-01-26 00:00:00-05:00,16.46563796987709,16.535802669931506,16.442248745183736,16.512414932250977,95200,0.0,0.0,0.0
2018-01-29 00:00:00-05:00,16.535800305753455,16.535800305753455,16.418857173032077,16.443025588989258,274500,0.0,0.0,0.0
2018-01-30 00:00:00-05:00,16.41886111667154,16.41886111667154,16.309714364850688,16.340898513793945,141400,0.0,0.0,0.0
2018-01-31 00:00:00-05:00,16.39547007758177,16.403266485002014,16.348691633060305,16.390012741088867,152700,0.0,0.0,0.0
2018-02-01 00:00:00-05:00,16.36428721511925,16.512416007127296,16.36428721511925,16.504619598388672,40600,0.0,0.0,0.0
2018-02-02 00:00:00-05:00,16.356490735217122,16.356490735217122,16.24968305868978,16.285545349121094,53600,0.0,0.0,0.0
2018-02-05 00:00:00-05:00,16.340894536504088,16.35336908525293,16.153785227347086,16.18497085571289,150800,0.0,0.0,0.0
2018-02-06 00:00:00-05:00,16.075825196963134,16.213037807240354,16.075825196963134,16.177175521850586,107400,0.0,0.0,0.0
2018-02-07 00:00:00-05:00,16.1381951008564,16.1381951008564,15.904307331749477,15.923797607421875,30900,0.0,0.0,0.0
2018-02-08 00:00:00-05:00,15.919905236171791,15.951089389813651,15.850518226623537,15.850518226623535,71800,0.0,0.0,0.0
2018-02-09 00:00:00-05:00,15.802957716503695,15.85207374873084,15.65482893811111,15.75072193145752,88400,0.0,0.0,0.0
2018-02-12 00:00:00-05:00,15.79516041362279,15.857530187252575,15.78736400604248,15.78736400604248,56300,0.0,0.0,0.0
2018-02-13 00:00:00-05:00,15.838822295608542,15.91990316635416,15.838822295608542,15.896513938903809,20200,0.0,0.0,0.0
2018-02-14 00:00:00-05:00,15.896510211982529,16.165481060056116,15.865326069706152,16.153785705566406,86700,0.0,0.0,0.0
2018-02-15 00:00:00-05:00,16.379881953068384,16.379881953068384,16.06803300202499,16.227855682373047,48600,0.0,0.0,0.0
2018-02-16 00:00:00-05:00,16.208360911909942,16.247341462362552,16.166260608849967,16.192768096923828,73000,0.0,0.0,0.0
2018-02-20 00:00:00-05:00,16.270729606560977,16.278524526524773,16.19276702380975,16.200563430786133,47800,0.0,0.0,0.0
2018-02-21 00:00:00-05:00,16.22395116470269,16.270729606560977,16.184191422239508,16.200563430786133,48800,0.0,0.0,0.0
2018-02-22 00:00:00-05:00,16.262936641082213,16.32530642307912,16.24110729173394,16.29412078857422,51100,0.0,0.0,0.0
2018-02-23 00:00:00-05:00,16.3408950537629,16.403266312468823,16.30191450408435,16.3798770904541,57400,0.0,0.0,0.0
2018-02-26 00:00:00-05:00,16.356490878570316,16.47343403613999,16.356490878570316,16.465639114379883,314400,0.0,0.0,0.0
2018-02-27 00:00:00-05:00,16.457842746584937,16.457842746584937,16.33154330336798,16.33310317993164,41800,0.0,0.0,0.0
2018-02-28 00:00:00-05:00,16.340894536504088,16.37987657196134,16.17717444862144,16.18497085571289,30900,0.0,0.0,0.0
2018-03-01 00:00:00-05:00,16.138193661987668,16.22317197010883,16.039180929101473,16.200563430786133,48900,0.0,0.0,0.0
2018-03-02 00:00:00-05:00,16.200563430786133,16.20835983776251,16.11558363565239,16.200563430786133,25100,0.0,0.0,0.0
2018-03-05 00:00:00-05:00,16.13039665618798,16.333098769011038,16.13039665618798,16.309709548950195,18100,0.0,0.0,0.0
2018-03-06 00:00:00-05:00,16.356488347874382,16.410282519176178,16.333100612186783,16.348691940307617,27700,0.0,0.0,0.0
2018-03-07 00:00:00-05:00,16.319850313109374,16.319850313109374,16.153789622206343,16.208364486694336,28400,0.0,0.0,0.0
2018-03-08 00:00:00-05:00,16.126499682873852,16.145210763809853,16.099212999636496,16.138195037841797,47700,0.0,0.0,0.0
2018-03-09 00:00:00-05:00,16.200563669895793,16.239544218340438,16.175614572398107,16.18497085571289,41000,0.0,0.0,0.0
2018-03-12 00:00:00-04:00,16.153789277244755,16.169382095336914,16.06803175176384,16.169382095336914,24800,0.0,0.0,0.0
2018-03-13 00:00:00-04:00,16.23174888809865,16.23174888809865,16.16002431731911,16.177175521850586,27000,0.0,0.0,0.0
2018-03-14 00:00:00-04:00,16.270731418870817,16.270731418870817,16.15378678821185,16.164701461791992,31200,0.0,0.0,0.0
2018-03-15 00:00:00-04:00,16.208361219598626,16.208361219598626,16.091416591995436,16.138195037841797,67800,0.0,0.0,0.0
2018-03-16 00:00:00-04:00,16.107007916770055,16.16937768511426,16.08361869601126,16.14598846435547,27700,0.0,0.0,0.0
2018-03-19 00:00:00-04:00,16.052435346062435,16.091415895567966,15.966676352735087,15.990065574645996,52500,0.0,0.0,0.0
2018-03-20 00:00:00-04:00,16.02203378196577,16.072708209621688,15.98227254242438,16.052438735961914,31700,0.0,0.0,0.0
2018-03-21 00:00:00-04:00,16.13819442718646,16.278525298377406,16.13039801984041,16.24734115600586,60600,0.0,0.0,0.0
2018-03-22 00:00:00-04:00,16.19274514557147,16.19274514557147,16.099144809081217,16.140485763549805,104800,0.01,0.0,0.0
2018-03-23 00:00:00-04:00,16.2005417418957,16.278541757230332,16.135022264596174,16.24734115600586,31300,0.0,0.0,0.0
2018-03-26 00:00:00-04:00,16.26294258273091,16.286341547542957,16.209122583300566,16.24188232421875,59000,0.0,0.0,0.0
2018-03-27 00:00:00-04:00,16.22394251625847,16.248122538588824,16.14048402289182,16.177143096923828,72500,0.0,0.0,0.0
2018-03-28 00:00:00-04:00,16.114740690301712,16.16154010183894,16.091340240669865,16.128780364990234,40900,0.0,0.0,0.0
2018-03-29 00:00:00-04:00,16.16154269309796,16.29414228681917,16.122543425185075,16.27854347229004,69500,0.0,0.0,0.0
2018-04-02 00:00:00-04:00,16.255142114000012,16.294141379741852,16.169341944096015,16.1849422454834,175000,0.0,0.0,0.0
2018-04-03 00:00:00-04:00,16.216143852808294,16.22394251625847,16.153742643393148,16.177143096923828,225900,0.0,0.0,0.0
2018-04-04 00:00:00-04:00,16.099146893750788,16.099146893750788,15.896347378200568,16.091346740722656,75500,0.0,0.0,0.0
2018-04-05 00:00:00-04:00,16.06014159898917,16.223940288027308,16.06014159898917,16.20600128173828,86900,0.0,0.0,0.0
2018-04-06 00:00:00-04:00,16.22393747842838,16.22393747842838,16.081199070621608,16.130338668823242,28600,0.0,0.0,0.0
2018-04-09 00:00:00-04:00,15.443947800324885,16.333145840806182,15.443947800324885,16.26840591430664,248000,0.0,0.0,0.0
2018-04-10 00:00:00-04:00,16.40334168246327,16.442340947446056,16.346401922461514,16.426740646362305,60100,0.0,0.0,0.0
2018-04-11 00:00:00-04:00,16.473540180192273,16.590539453141243,16.443119149289835,16.47041893005371,66300,0.0,0.0,0.0
2018-04-12 00:00:00-04:00,16.42674277066332,16.45794337686568,16.387743500637164,16.456382751464844,42900,0.0,0.0,0.0
2018-04-13 00:00:00-04:00,16.486803177219816,16.5219031171993,16.450144099483435,16.48914337158203,146800,0.0,0.0,0.0
2018-04-16 00:00:00-04:00,16.57494072821364,16.57494072821364,16.450141293513457,16.481340408325195,90500,0.0,0.0,0.0
2018-04-17 00:00:00-04:00,16.426743451750784,16.496943330889934,16.426743451750784,16.47744369506836,1652900,0.0,0.0,0.0
2018-04-18 00:00:00-04:00,16.69974155422391,16.762141276772727,16.668542436812867,16.75434112548828,151600,0.0,0.0,0.0
2018-04-19 00:00:00-04:00,16.723142821621437,16.746541788886343,16.6451427927092,16.69194221496582,187900,0.0,0.0,0.0
2018-04-20 00:00:00-04:00,16.629539489746094,16.691939204074863,16.582740075931152,16.629539489746094,24500,0.0,0.0,0.0
2018-04-23 00:00:00-04:00,16.51254361675623,16.606143951416016,16.51254361675623,16.606143951416016,66600,0.0,0.0,0.0
2018-04-24 00:00:00-04:00,16.590545473675352,16.637344902292664,16.520345586885874,16.535945892333984,125600,0.0,0.0,0.0
2018-04-25 00:00:00-04:00,16.48914325981621,16.590543746948242,16.48914325981621,16.590543746948242,31100,0.0,0.0,0.0
2018-04-26 00:00:00-04:00,16.66854507098653,16.66854507098653,16.574944728508026,16.62174415588379,30700,0.0,0.0,0.0
2018-04-27 00:00:00-04:00,16.54374022520275,16.652940847017323,16.52034126088483,16.637340545654297,86300,0.0,0.0,0.0
2018-04-30 00:00:00-04:00,16.56480348074398,16.652943860440516,16.56480348074398,16.613943099975586,39900,0.0,0.0,0.0
2018-05-01 00:00:00-04:00,16.528145301132263,16.62174415588379,16.528145301132263,16.62174415588379,51200,0.0,0.0,0.0
2018-05-02 00:00:00-04:00,16.60614402765656,16.65294345133789,16.55154296434701,16.572603225708008,276200,0.0,0.0,0.0
2018-05-03 00:00:00-04:00,16.629542489381393,16.69194221496582,16.567142763796966,16.69194221496582,70800,0.0,0.0,0.0
2018-05-04 00:00:00-04:00,16.574942719492988,16.73094277547305,16.574942719492988,16.723142623901367,48800,0.0,0.0,0.0
2018-05-07 00:00:00-04:00,16.746541401318773,16.769941855768927,16.621741953038168,16.668542861938477,75300,0.0,0.0,0.0
2018-05-08 00:00:00-04:00,16.675559532642577,16.691939402058416,16.496940106502297,16.684139251708984,36800,0.0,0.0,0.0
2018-05-09 00:00:00-04:00,16.707542320758,16.762141894032986,16.684141866042953,16.723142623901367,146800,0.0,0.0,0.0
2018-05-10 00:00:00-04:00,16.79334259033203,16.80894140583221,16.72314271353741,16.79334259033203,39600,0.0,0.0,0.0
2018-05-11 00:00:00-04:00,16.777738666559742,16.78553881649,16.730939254704655,16.76213836669922,44700,0.0,0.0,0.0
2018-05-14 00:00:00-04:00,16.7621414669403,16.82454119019705,16.7621414669403,16.808940887451172,43200,0.0,0.0,0.0
2018-05-15 00:00:00-04:00,16.73874173645239,16.73874173645239,16.606143620560378,16.676342010498047,218300,0.0,0.0,0.0
2018-05-16 00:00:00-04:00,16.715342857649574,16.769942432183182,16.66854343486746,16.74654197692871,80100,0.0,0.0,0.0
2018-05-17 00:00:00-04:00,16.855739588749074,16.855739588749074,16.741079015078952,16.769939422607422,58400,0.0,0.0,0.0
2018-05-18 00:00:00-04:00,16.769940618290605,16.879139755546475,16.769940618290605,16.816740036010742,214000,0.0,0.0,0.0
2018-05-21 00:00:00-04:00,17.027340847160048,17.027340847160048,16.871340793464952,16.9493408203125,68500,0.0,0.0,0.0
2018-05-22 00:00:00-04:00,17.042942059102046,17.042942059102046,16.946221961143213,16.957141876220703,79400,0.0,0.0,0.0
2018-05-23 00:00:00-04:00,16.93374122268012,17.011741252776332,16.894741951495426,16.98834228515625,48400,0.0,0.0,0.0
2018-05-24 00:00:00-04:00,17.04294085392041,17.06633982015933,16.972740979750153,16.99614143371582,94900,0.0,0.0,0.0
2018-05-25 00:00:00-04:00,16.886940710888297,16.925941467285156,16.848721011028093,16.925941467285156,49500,0.0,0.0,0.0
2018-05-29 00:00:00-04:00,16.66854262591856,16.918141518945546,16.66854262591856,16.808940887451172,33600,0.0,0.0,0.0
2018-05-30 00:00:00-04:00,16.840141675361995,16.9493408203125,16.78554210288674,16.9493408203125,214200,0.0,0.0,0.0
2018-05-31 00:00:00-04:00,16.934522290267985,16.944662636364253,16.840142387685674,16.902542114257812,30600,0.0,0.0,0.0
2018-06-01 00:00:00-04:00,16.847938537597656,16.847938537597656,16.769938525978045,16.847938537597656,361200,0.0,0.0,0.0
2018-06-04 00:00:00-04:00,16.762143925738055,16.762143925738055,16.59054503354227,16.62174415588379,179400,0.0,0.0,0.0
2018-06-05 00:00:00-04:00,16.582743495819358,16.621742767420272,16.535944072352887,16.606143951416016,52600,0.0,0.0,0.0
2018-06-06 00:00:00-04:00,16.659959231943713,16.684139251708984,16.59054042296892,16.684139251708984,129100,0.0,0.0,0.0
2018-06-07 00:00:00-04:00,16.66074028838725,16.71533985310671,16.65059994416033,16.684139251708984,62200,0.0,0.0,0.0
2018-06-08 00:00:00-04:00,16.777739572959078,16.801140024014042,16.71533985787239,16.769939422607422,970800,0.0,0.0,0.0
2018-06-11 00:00:00-04:00,16.762140079449274,16.762140079449274,16.670879952439417,16.70754051208496,61300,0.0,0.0,0.0
2018-06-12 00:00:00-04:00,16.629542676110006,16.77774258393467,16.613942372607024,16.74654197692871,103500,0.0,0.0,0.0
2018-06-13 00:00:00-04:00,16.715342857649574,16.74654197692871,16.65450226907868,16.74654197692871,46800,0.0,0.0,0.0
2018-06-14 00:00:00-04:00,16.65528376870378,16.65528376870378,16.55154308660353,16.57494354248047,44400,0.0,0.0,0.0
2018-06-15 00:00:00-04:00,16.434539191229483,16.442339341009273,16.270740509033203,16.270740509033203,32500,0.0,0.0,0.0
2018-06-18 00:00:00-04:00,16.262945459263452,16.30974488489191,16.226284892574434,16.301944732666016,52500,0.0,0.0,0.0
2018-06-19 00:00:00-04:00,16.083543164194154,16.12254242969903,15.959523298053249,16.114742279052734,72300,0.0,0.0,0.0
2018-06-20 00:00:00-04:00,16.14204497822702,16.145945798118092,16.036745157071355,16.106945037841797,166900,0.0,0.0,0.0
2018-06-21 00:00:00-04:00,16.052341384991585,16.052341384991585,15.982921090736582,16.00008201599121,39100,0.0,0.0,0.0
2018-06-22 00:00:00-04:00,16.130341680081834,16.209900831871156,16.10694122944896,16.19274139404297,46000,0.0,0.0,0.0
2018-06-25 00:00:00-04:00,16.016464823397047,16.021924780678333,15.943145184515942,15.966544151306152,245400,0.0,0.0,0.0
2018-06-26 00:00:00-04:00,15.966542390716421,16.04844322863151,15.91974297456967,16.028942108154297,290700,0.0,0.0,0.0
2018-06-27 00:00:00-04:00,16.09290245081193,16.120202234208087,16.02114344523535,16.028942108154297,34500,0.0,0.0,0.0
2018-06-28 00:00:00-04:00,16.01333999633789,16.08119965647801,15.989939549220974,16.01333999633789,41000,0.0,0.0,0.0
2018-06-29 00:00:00-04:00,16.075745718832717,16.195085217123403,16.075745718832717,16.138145446777344,56700,0.0,0.0,0.0
2018-07-02 00:00:00-04:00,16.028943536680107,16.028943536680107,15.880745124386605,15.935344696044922,148500,0.0,0.0,0.0
2018-07-03 00:00:00-04:00,15.989943900572122,15.99618342641074,15.84954415511619,15.88542366027832,84400,0.0,0.0,0.0
2018-07-05 00:00:00-04:00,15.958747509484818,15.958747509484818,15.818349214686492,15.84954833984375,239300,0.0,0.0,0.0
2018-07-06 00:00:00-04:00,15.841743371279652,15.964202615400481,15.802744104755732,15.943143844604492,32100,0.0,0.0,0.0
2018-07-09 00:00:00-04:00,15.996965188496276,15.996965188496276,15.911944578493285,15.966544151306152,158800,0.0,0.0,0.0
2018-07-10 00:00:00-04:00,16.060147148588552,16.060147148588552,15.904147068023528,15.937687873840332,314300,0.0,0.0,0.0
2018-07-11 00:00:00-04:00,15.763742615434758,15.77934291640754,15.491524355774684,15.545344352722168,181900,0.0,0.0,0.0
2018-07-12 00:00:00-04:00,15.646745394108752,15.646745394108752,15.527405902631697,15.607746124267578,97600,0.0,0.0,0.0
2018-07-13 00:00:00-04:00,15.553143280096322,15.615542991353694,15.518043349531146,15.565622329711914,705300,0.0,0.0,0.0
2018-07-16 00:00:00-04:00,15.51024642856406,15.514145760449074,15.425225818657609,15.44394588470459,108700,0.0,0.0,0.0
2018-07-17 00:00:00-04:00,15.467344946482497,15.467344946482497,15.381544775470028,15.428345680236816,42600,0.0,0.0,0.0
2018-07-18 00:00:00-04:00,15.451746890918406,15.490747650559776,15.343327308251057,15.45954704284668,60100,0.0,0.0,0.0
2018-07-19 00:00:00-04:00,15.381544872394578,15.412745475769043,15.326945304215917,15.412745475769043,37200,0.0,0.0,0.0
2018-07-20 00:00:00-04:00,15.537543048802553,15.568742160705455,15.459543037455584,15.490743637084961,49100,0.0,0.0,0.0
2018-07-23 00:00:00-04:00,15.490746596435104,15.508685605695234,15.428346872981988,15.475146293640137,39900,0.0,0.0,0.0
2018-07-24 00:00:00-04:00,15.514145752617289,15.607746082804942,15.490746785865458,15.529746055603027,1152400,0.0,0.0,0.0
2018-07-25 00:00:00-04:00,15.61554726625821,15.701345962896262,15.57654650621648,15.685747146606445,774900,0.0,0.0,0.0
2018-07-26 00:00:00-04:00,15.701343909490172,15.711484254547564,15.623345375061035,15.623345375061035,33600,0.0,0.0,0.0
2018-07-27 00:00:00-04:00,15.631145672604907,15.669365371396998,15.576544615175226,15.599945068359375,42600,0.0,0.0,0.0
2018-07-30 00:00:00-04:00,15.638943623707917,15.698223578893334,15.638943623707917,15.646743774414062,37200,0.0,0.0,0.0
2018-07-31 00:00:00-04:00,15.662344027329944,15.685744479375929,15.608524029032814,15.65454387664795,65700,0.0,0.0,0.0
2018-08-01 00:00:00-04:00,15.50634617951991,15.51414633130373,15.412747333567744,15.420547485351562,75800,0.0,0.0,0.0
2018-08-02 00:00:00-04:00,15.420546721584506,15.506345411503315,15.399486461583974,15.475146293640137,115500,0.0,0.0,0.0
2018-08-03 00:00:00-04:00,15.490744690974374,15.571864470257847,15.482944540536359,15.560944557189941,182600,0.0,0.0,0.0
2018-08-06 00:00:00-04:00,15.560945042794703,15.59214415779381,15.545344741431839,15.568743705749512,383000,0.0,0.0,0.0
2018-08-07 00:00:00-04:00,15.654546602067104,15.67014690614707,15.592146873474123,15.592146873474121,449200,0.0,0.0,0.0
2018-08-08 00:00:00-04:00,15.599943918400317,15.599943918400317,15.482944636557631,15.545344352722168,80400,0.0,0.0,0.0
2018-08-09 00:00:00-04:00,15.576545625279426,15.58434577684663,15.490746933493748,15.506345748901367,367900,0.0,0.0,0.0
2018-08-10 00:00:00-04:00,15.48294832036207,15.54534805137316,15.373747675297457,15.397148132324219,69500,0.0,0.0,0.0
2018-08-13 00:00:00-04:00,15.342548286059623,15.350348438265831,15.17874806518308,15.272348403930664,27900,0.0,0.0,0.0
2018-08-14 00:00:00-04:00,15.319144862430766,15.342545314517194,15.24894499389811,15.287945747375488,65200,0.0,0.0,0.0
2018-08-15 00:00:00-04:00,15.116345729652055,15.116345729652055,14.929146572151367,14.960347175598145,54400,0.0,0.0,0.0
2018-08-16 00:00:00-04:00,15.092947006225586,15.147546575404181,15.085146855239119,15.092947006225586,30000,0.0,0.0,0.0
2018-08-17 00:00:00-04:00,15.20214723725954,15.24660795230542,15.122588071841824,15.241147994995117,171100,0.0,0.0,0.0
2018-08-20 00:00:00-04:00,15.202146530151367,15.209946681335667,15.155347110772276,15.202146530151367,45200,0.0,0.0,0.0
2018-08-21 00:00:00-04:00,15.225547889356116,15.256747008222401,15.194347282763024,15.20994758605957,70400,0.0,0.0,0.0
2018-08-22 00:00:00-04:00,15.24894670817917,15.272347162896269,15.1943471348994,15.23334789276123,41300,0.0,0.0,0.0
2018-08-23 00:00:00-04:00,15.163147168265123,15.194346285082835,15.124146412584597,15.131946563720703,40200,0.0,0.0,0.0
2018-08-24 00:00:00-04:00,15.287946946416598,15.305885955469194,15.217747072378131,15.248946189880371,71200,0.0,0.0,0.0
2018-08-27 00:00:00-04:00,15.248945847592472,15.311345568923027,15.194346277394073,15.303546905517578,29700,0.0,0.0,0.0
2018-08-28 00:00:00-04:00,15.303548017651087,15.303548017651087,15.17094841422159,15.194347381591797,350700,0.0,0.0,0.0
2018-08-29 00:00:00-04:00,15.26454529528906,15.292626135338098,15.194345426756405,15.287945747375488,52200,0.0,0.0,0.0
2018-08-30 00:00:00-04:00,15.342548352382963,15.342548352382963,15.163149314045405,15.17874813079834,69500,0.0,0.0,0.0
2018-08-31 00:00:00-04:00,15.225547691900886,15.277027501930418,15.194347085712424,15.241147994995117,25000,0.0,0.0,0.0
2018-09-04 00:00:00-04:00,15.163146779519588,15.178745593665175,15.092946908821101,15.10854721069336,24200,0.0,0.0,0.0
2018-09-05 00:00:00-04:00,15.186545744601302,15.186545744601302,15.077346606948845,15.10854721069336,54600,0.0,0.0,0.0
2018-09-06 00:00:00-04:00,15.178744829696262,15.178744829696262,15.031326001285255,15.077345848083496,87800,0.0,0.0,0.0
2018-09-07 00:00:00-04:00,15.069547653198244,15.10074825942146,15.0321075208211,15.069547653198242,48200,0.0,0.0,0.0
2018-09-10 00:00:00-04:00,15.100747252099094,15.189667188631548,15.100747252099094,15.16314697265625,27300,0.0,0.0,0.0
2018-09-11 00:00:00-04:00,15.060187651072354,15.14754696399922,15.038347822840636,15.11634635925293,312900,0.0,0.0,0.0
2018-09-12 00:00:00-04:00,15.116347440332166,15.287947803255715,15.116347440332166,15.264547348022461,71000,0.0,0.0,0.0
2018-09-13 00:00:00-04:00,15.261429422283804,15.261429422283804,15.1319495656459,15.151449203491211,30300,0.0,0.0,0.0
2018-09-14 00:00:00-04:00,15.10074595766367,15.153784897341078,15.046146392822264,15.046146392822266,45500,0.0,0.0,0.0
2018-09-17 00:00:00-04:00,15.07734550656311,15.14208541565408,15.046146392822264,15.046146392822266,27300,0.0,0.0,0.0
2018-09-18 00:00:00-04:00,15.116347066339504,15.17094812719955,15.100748250963422,15.15534782409668,73400,0.0,0.0,0.0
2018-09-19 00:00:00-04:00,15.17874517315544,15.248945041909119,15.17874517315544,15.237245559692383,23800,0.0,0.0,0.0
2018-09-20 00:00:00-04:00,15.38934766124051,15.38934766124051,15.209948624265174,15.28014850616455,459600,0.0,0.0,0.0
2018-09-21 00:00:00-04:00,15.365164046544876,15.389344066338593,15.28794508712981,15.326944351196289,64100,0.0,0.0,0.0
2018-09-24 00:00:00-04:00,15.436147788919202,15.454866367928169,15.404947181783923,15.420547485351562,246400,0.0,0.0,0.0
2018-09-25 00:00:00-04:00,15.43614592797296,15.521165043031267,15.43614592797296,15.455645561218262,57800,0.0,0.0,0.0
2018-09-26 00:00:00-04:00,15.404946425543507,15.440825931806259,15.3893461227417,15.3893461227417,31700,0.0,0.0,0.0
2018-09-27 00:00:00-04:00,15.369066919280757,15.3893461227417,15.326946399261226,15.3893461227417,26500,0.0,0.0,0.0
2018-09-28 00:00:00-04:00,15.404946418789537,15.53754601709325,15.404946418789537,15.475146293640137,44400,0.0,0.0,0.0
2018-10-01 00:00:00-04:00,15.467348592133323,15.66234794477632,15.467348592133323,15.638947486877441,26900,0.0,0.0,0.0
2018-10-02 00:00:00-04:00,15.732545092450877,15.779344512376062,15.720845609401264,15.744244575500488,43000,0.0,0.0,0.0
2018-10-03 00:00:00-04:00,15.794943858078181,15.841743275168286,15.71694383777691,15.78714370727539,139100,0.0,0.0,0.0
2018-10-04 00:00:00-04:00,15.794943662377605,15.794943662377605,15.615544659316102,15.646743774414062,99300,0.0,0.0,0.0
2018-10-05 00:00:00-04:00,15.677945039420502,15.709144155836206,15.665464500218206,15.6935453414917,40600,0.0,0.0,0.0
2018-10-08 00:00:00-04:00,15.642066968330598,15.709145595476016,15.638945717448964,15.701345443725586,57400,0.0,0.0,0.0
2018-10-09 00:00:00-04:00,15.724744036980551,15.782463367826894,15.685744770573198,15.779343605041504,237000,0.0,0.0,0.0
2018-10-10 00:00:00-04:00,15.763742615434758,15.763742615434758,15.54534435272217,15.545344352722168,65800,0.0,0.0,0.0
2018-10-11 00:00:00-04:00,15.5297467729405,15.599946651892163,15.479046529758334,15.48294734954834,280600,0.0,0.0,0.0
2018-10-12 00:00:00-04:00,15.631146578808352,15.631146578808352,15.537546248372044,15.607746124267578,102200,0.0,0.0,0.0
2018-10-15 00:00:00-04:00,15.677944426421544,15.73254399380923,15.662344124960311,15.724743843078613,127300,0.0,0.0,0.0
2018-10-16 00:00:00-04:00,15.716942691170697,15.745803098262893,15.709142540936954,15.732542991638184,95200,0.0,0.0,0.0
2018-10-17 00:00:00-04:00,15.69354639381551,15.714605166524352,15.59994606283869,15.677946090698242,40600,0.0,0.0,0.0
2018-10-18 00:00:00-04:00,15.537543048802553,15.54846296112754,15.467343187362928,15.490743637084961,132100,0.0,0.0,0.0
2018-10-19 00:00:00-04:00,15.568746381235902,15.599946989323449,15.498547988492675,15.51414680480957,42900,0.0,0.0,0.0
2018-10-22 00:00:00-04:00,15.45174602840111,15.553146510081636,15.45174602840111,15.529746055603027,35300,0.0,0.0,0.0
2018-10-23 00:00:00-04:00,15.085148397281493,15.467346908327647,15.085148397281493,15.420547485351562,41100,0.0,0.0,0.0
2018-10-24 00:00:00-04:00,15.412749160208554,15.436149618333316,15.342549273561277,15.350349426269531,28800,0.0,0.0,0.0
2018-10-25 00:00:00-04:00,15.381544824293185,15.389344975112408,15.334745407104492,15.334745407104492,147900,0.0,0.0,0.0
2018-10-26 00:00:00-04:00,15.35034699325682,15.459546138410415,15.334746690312944,15.451745986938477,23400,0.0,0.0,0.0
2018-10-29 00:00:00-04:00,15.412745134217571,15.419764228412623,15.272345397597089,15.295745849609375,22400,0.0,0.0,0.0
2018-10-30 00:00:00-04:00,15.264547060788757,15.264547060788757,15.178746880941489,15.225547790527344,33400,0.0,0.0,0.0
2018-10-31 00:00:00-04:00,15.163146779519588,15.209946197409689,15.085146757884973,15.10854721069336,41200,0.0,0.0,0.0
2018-11-01 00:00:00-04:00,15.147546959587975,15.287946705451963,15.147546959587975,15.202146530151367,32800,0.0,0.0,0.0
2018-11-02 00:00:00-04:00,15.241148995844496,15.278587642911653,15.217748539666498,15.23256778717041,19700,0.0,0.0,0.0
2018-11-05 00:00:00-05:00,15.22554568712963,15.255185664015212,15.155345820175706,15.17094612121582,30800,0.0,0.0,0.0
2018-11-06 00:00:00-05:00,15.15534572033929,15.158465482981443,15.061745402441787,15.100746154785156,51000,0.0,0.0,0.0
2018-11-07 00:00:00-05:00,15.11634635925293,15.145206769870578,15.083586616905354,15.11634635925293,37400,0.0,0.0,0.0
2018-11-08 00:00:00-05:00,15.116346736294794,15.116346736294794,14.999347441031365,15.038348197937012,271600,0.0,0.0,0.0
2018-11-09 00:00:00-05:00,14.845689739643982,14.951769125298556,14.812148938421279,14.913549423217773,66900,0.0,0.0,0.0
2018-11-12 00:00:00-05:00,14.890150179162582,14.946310383568928,14.819950295586386,14.831649780273438,176100,0.0,0.0,0.0
2018-11-13 00:00:00-05:00,14.855827267280977,14.878448151597267,14.695148321617568,14.718548774719238,201100,0.0,0.0,0.0
2018-11-14 00:00:00-05:00,14.72634932006975,14.991548538208008,14.72634932006975,14.991548538208008,28700,0.0,0.0,0.0
2018-11-15 00:00:00-05:00,14.968147180765047,14.968147180765047,14.78874668814562,14.81214714050293,79200,0.0,0.0,0.0
2018-11-16 00:00:00-05:00,14.999345731160892,15.038346483620597,14.89326636237835,15.007145881652832,112100,0.0,0.0,0.0
2018-11-19 00:00:00-05:00,14.952547217589329,15.04770667896668,14.952547217589329,15.014946937561035,381100,0.0,0.0,0.0
2018-11-20 00:00:00-05:00,14.92290650710974,14.92290650710974,14.656148200825378,14.702947616577148,33700,0.0,0.0,0.0
2018-11-21 00:00:00-05:00,14.827748205172423,14.975948102275757,14.671748156881891,14.757548332214355,78400,0.0,0.0,0.0
2018-11-23 00:00:00-05:00,14.609347812464923,14.609347812464923,14.497028913155045,14.515748977661133,9600,0.0,0.0,0.0
2018-11-26 00:00:00-05:00,14.55474910789805,14.55474910789805,14.42214951095191,14.445549964904785,31600,0.0,0.0,0.0
2018-11-27 00:00:00-05:00,14.4120093617694,14.437750010240846,14.335569960632949,14.414349555969238,66000,0.0,0.0,0.0
2018-11-28 00:00:00-05:00,14.414347798473381,14.570347832476651,14.414347798473381,14.519647598266602,50300,0.0,0.0,0.0
2018-11-29 00:00:00-05:00,14.50014911182437,14.5859492860792,14.50014911182437,14.53134822845459,156600,0.0,0.0,0.0
2018-11-30 00:00:00-05:00,14.484549276865161,14.562549302546762,14.432289899380994,14.523550033569336,54900,0.0,0.0,0.0
2018-12-03 00:00:00-05:00,14.74194822586064,14.7731488310243,14.663948200678224,14.726347923278809,222600,0.0,0.0,0.0
2018-12-04 00:00:00-05:00,14.788747547453866,14.812148001170872,14.719328730562186,14.741948127746582,37800,0.0,0.0,0.0
2018-12-06 00:00:00-05:00,14.796545335389839,14.796545335389839,14.49780688051151,14.640546798706055,149200,0.0,0.0,0.0
2018-12-07 00:00:00-05:00,14.7809476852417,14.897946968884908,14.773147534635271,14.7809476852417,34300,0.0,0.0,0.0
2018-12-10 00:00:00-05:00,14.757549106308018,14.757549106308018,14.601549049834647,14.617149353027344,35500,0.0,0.0,0.0
2018-12-11 00:00:00-05:00,14.773147482935425,14.773147482935425,14.610907921433347,14.66004753112793,97600,0.0,0.0,0.0
2018-12-12 00:00:00-05:00,14.69748760909919,14.74194683075058,14.617147397359853,14.624947547912598,92500,0.0,0.0,0.0
2018-12-13 00:00:00-05:00,14.593747845903684,14.749747891128111,14.578149031562592,14.718548774719238,455400,0.0,0.0,0.0
2018-12-14 00:00:00-05:00,14.593745937931873,14.64522573784378,14.546946525573729,14.54694652557373,105400,0.0,0.0,0.0
2018-12-17 00:00:00-05:00,14.55474809810504,14.609347665813614,14.429948661134977,14.453349113464355,125400,0.0,0.0,0.0
2018-12-18 00:00:00-05:00,14.4014959220561,14.464350181729474,14.275787402709351,14.30721378326416,70100,0.134,0.0,0.0
2018-12-19 00:00:00-05:00,14.385782337153309,14.414067728770098,14.283644724627461,14.315071105957031,100100,0.0,0.0,0.0
2018-12-20 00:00:00-05:00,14.307214939401923,14.362213732303756,14.216076780008152,14.260074615478516,76900,0.0,0.0,0.0
2018-12-21 00:00:00-05:00,14.126505142769737,14.189359389845775,14.102935736718383,14.110791206359863,204600,0.0,0.0,0.0
2018-12-24 00:00:00-05:00,14.063652851875254,14.14772077494169,14.047938913279653,14.102937698364258,31500,0.0,0.0,0.0
2018-12-26 00:00:00-05:00,14.047938439913919,14.267929077148438,14.047938439913919,14.267929077148438,39700,0.0,0.0,0.0
2018-12-27 00:00:00-05:00,14.205075353485082,14.205075353485082,14.081724082047172,14.134364128112793,85000,0.0,0.0,0.0
2018-12-28 00:00:00-05:00,14.102935736718383,14.157146269774572,14.095078768513448,14.110791206359863,385200,0.0,0.0,0.0
2018-12-31 00:00:00-05:00,14.181504642751417,14.181504642751417,14.016512780297049,14.087224006652832,246500,0.0,0.0,0.0
2019-01-02 00:00:00-05:00,13.945800069653233,14.19407458284841,13.945800069653233,14.126505851745605,101800,0.0,0.0,0.0
2019-01-03 00:00:00-05:00,14.197218048267485,14.220788955688477,14.061295329410683,14.220788955688477,85000,0.0,0.0,0.0
2019-01-04 00:00:00-05:00,14.220791116814606,14.344142404079783,14.220791116814606,14.299359321594238,48800,0.0,0.0,0.0
2019-01-07 00:00:00-05:00,14.415636571143601,14.454921416507036,14.354354310365714,14.393637657165527,74800,0.0,0.0,0.0
2019-01-08 00:00:00-05:00,14.41720882976512,14.472206115722656,14.401494891330495,14.472206115722656,199600,0.0,0.0,0.0
2019-01-09 00:00:00-05:00,14.590056527948718,14.637196841041458,14.5350592462466,14.613627433776855,151600,0.0,0.0,0.0
2019-01-10 00:00:00-05:00,14.51384816707365,14.555488759416097,14.50363395620504,14.535061836242676,38900,0.0,0.0,0.0
2019-01-11 00:00:00-05:00,14.511488776378362,14.574343028578154,14.511488776378362,14.550773620605469,165600,0.0,0.0,0.0
2019-01-14 00:00:00-05:00,14.542917232665864,14.542917232665864,14.440778132159098,14.44863510131836,59200,0.0,0.0,0.0
2019-01-15 00:00:00-05:00,14.503630692456213,14.503630692456213,14.44077644508882,14.49577522277832,61300,0.0,0.0,0.0
2019-01-16 00:00:00-05:00,14.511490926214448,14.56648971628031,14.487921514750022,14.535061836242676,82300,0.0,0.0,0.0
2019-01-17 00:00:00-05:00,14.55077353583646,14.621484756469727,14.487919284002842,14.621484756469727,77100,0.0,0.0,0.0
2019-01-18 00:00:00-05:00,14.59005753171389,14.668625724649473,14.59005753171389,14.645054817199707,43300,0.0,0.0,0.0
2019-01-22 00:00:00-05:00,14.59005761973009,14.59005761973009,14.5012767150713,14.57434368133545,71200,0.0,0.0,0.0
2019-01-23 00:00:00-05:00,14.589272125709513,14.597914342111352,14.535060088159154,14.590057373046875,147700,0.0,0.0,0.0
2019-01-24 00:00:00-05:00,14.590842266546263,14.597913988101883,14.550773673421826,14.582200050354004,169100,0.0,0.0,0.0
2019-01-25 00:00:00-05:00,14.574343103669412,14.68433916950846,14.574343103669412,14.676482200622559,44400,0.0,0.0,0.0
2019-01-28 00:00:00-05:00,14.621486690280658,14.621486690280658,14.574344871247877,14.594773292541504,56500,0.0,0.0,0.0
2019-01-29 00:00:00-05:00,14.700051855436374,14.700051855436374,14.629342131403662,14.660768508911133,135500,0.0,0.0,0.0
2019-01-30 00:00:00-05:00,14.668625039166793,14.747193228430788,14.668625039166793,14.72362232208252,221900,0.0,0.0,0.0
2019-01-31 00:00:00-05:00,14.770762226728392,14.817904038118025,14.660767663946297,14.684338569641113,225100,0.0,0.0,0.0
2019-02-01 00:00:00-05:00,14.762907874948464,14.762907874948464,14.707909090827991,14.739336967468262,139600,0.0,0.0,0.0
2019-02-04 00:00:00-05:00,14.723622237869975,14.794333457946777,14.692195861482261,14.794333457946777,17300,0.0,0.0,0.0
2019-02-05 00:00:00-05:00,14.778618512364195,14.778618512364195,14.723621233514606,14.762906074523926,175400,0.0,0.0,0.0
2019-02-06 00:00:00-05:00,14.723622525356943,14.778619809031962,14.707908587574485,14.743264198303223,65300,0.0,0.0,0.0
2019-02-07 00:00:00-05:00,14.718122432009764,14.718122432009764,14.61755533068491,14.668624877929688,36300,0.0,0.0,0.0
2019-02-08 00:00:00-05:00,14.668624877929686,14.684338815322471,14.641126236774088,14.668624877929688,34300,0.0,0.0,0.0
2019-02-11 00:00:00-05:00,14.621485249304783,14.621485249304783,14.550774026288108,14.590057373046875,71000,0.0,0.0,0.0
2019-02-12 00:00:00-05:00,14.668625370347423,14.668625370347423,14.597128900942767,14.637197494506836,31000,0.0,0.0,0.0
2019-02-13 00:00:00-05:00,14.613627787670078,14.695338464910138,14.613627787670078,14.621484756469727,34100,0.0,0.0,0.0
2019-02-14 00:00:00-05:00,14.582199965328684,14.652911186218262,14.582199965328684,14.652911186218262,22200,0.0,0.0,0.0
2019-02-15 00:00:00-05:00,14.70790870425839,14.833617210388184,14.70790870425839,14.833617210388184,20700,0.0,0.0,0.0
2019-02-19 00:00:00-05:00,14.755050624784051,14.85718822479248,14.755050624784051,14.85718822479248,17500,0.0,0.0,0.0
2019-02-20 00:00:00-05:00,14.84933166045024,14.927899854132086,14.825762251340242,14.896471977233887,64700,0.0,0.0,0.0
2019-02-21 00:00:00-05:00,14.880757931206105,14.919256027256582,14.868971729359588,14.87290096282959,28500,0.0,0.0,0.0
2019-02-22 00:00:00-05:00,14.93575632962156,14.95932723651602,14.912185422727099,14.927899360656738,17100,0.0,0.0,0.0
2019-02-25 00:00:00-05:00,14.959328125824673,14.959328125824673,14.78490730070199,14.802191734313965,136000,0.0,0.0,0.0
2019-02-26 00:00:00-05:00,14.778620826018251,14.810048703745869,14.76683612115224,14.802191734313965,22500,0.0,0.0,0.0
2019-02-27 00:00:00-05:00,14.896469904086628,14.896469904086628,14.796689555804981,14.841472625732422,25100,0.0,0.0,0.0
2019-02-28 00:00:00-05:00,14.839117842223857,14.839117842223857,14.770763856586347,14.802191734313965,20300,0.0,0.0,0.0
2019-03-01 00:00:00-05:00,14.806118137620413,14.817904339989692,14.6513404992849,14.700051307678223,54900,0.0,0.0,0.0
2019-03-04 00:00:00-05:00,14.744051181648613,14.751121404770078,14.648197058769977,14.660768508911133,20000,0.0,0.0,0.0
2019-03-05 00:00:00-05:00,14.684338378887333,14.739335659563949,14.684338378887333,14.731478691101074,38000,0.0,0.0,0.0
2019-03-06 00:00:00-05:00,14.692195538206054,14.692195538206054,14.652910695381358,14.684338569641113,58000,0.0,0.0,0.0
2019-03-07 00:00:00-05:00,14.645053809650838,14.646625802798127,14.590056527948718,14.613627433776855,21900,0.0,0.0,0.0
2019-03-08 00:00:00-05:00,14.52720227763722,14.637196841041458,14.52720227763722,14.613627433776855,35200,0.0,0.0,0.0
2019-03-11 00:00:00-04:00,14.668625565128027,14.668625565128027,14.582200403982396,14.590057373046875,30800,0.0,0.0,0.0
2019-03-12 00:00:00-04:00,14.637197056441764,14.715765245128225,14.637197056441764,14.700051307678223,29600,0.0,0.0,0.0
2019-03-13 00:00:00-04:00,14.700051331656521,14.802190426684595,14.700051331656521,14.794333457946777,35700,0.0,0.0,0.0
2019-03-14 00:00:00-04:00,14.747193829475883,14.754264052674024,14.684339575215676,14.715765953063965,43700,0.0,0.0,0.0
2019-03-15 00:00:00-04:00,14.703979562291677,14.78176099993225,14.703979562291677,14.762906074523926,26400,0.0,0.0,0.0
2019-03-18 00:00:00-04:00,14.810048597411638,14.810048597411638,14.755051310346872,14.778620719909668,33300,0.0,0.0,0.0
2019-03-19 00:00:00-04:00,14.770761411116032,16.255695419496792,14.770761411116032,14.841472625732422,39100,0.0,0.0,0.0
2019-03-20 00:00:00-04:00,14.794333885382002,14.927899360656738,14.794333885382002,14.927899360656738,20500,0.0,0.0,0.0
2019-03-21 00:00:00-04:00,14.907472332666574,14.912185315160587,14.861902512424768,14.904328346252441,21300,0.0,0.0,0.0
2019-03-22 00:00:00-04:00,14.856404482757055,14.856404482757055,14.762122343642494,14.817906379699707,23600,0.0,0.0,0.0
2019-03-25 00:00:00-04:00,14.849332561756782,14.880760440562552,14.788835543475793,14.865046501159668,30900,0.0,0.0,0.0
2019-03-26 00:00:00-04:00,14.912185154122408,14.912185154122408,14.825761494193292,14.84933090209961,29600,0.0,0.0,0.0
2019-03-27 00:00:00-04:00,14.896471658591784,14.896471658591784,14.731479804096441,14.786477088928223,87600,0.0,0.0,0.0
2019-03-28 00:00:00-04:00,14.70005141573425,14.72362232208252,14.660768070384036,14.72362232208252,34000,0.0,0.0,0.0
2019-03-29 00:00:00-04:00,14.776262966736915,14.776262966736915,14.684339575215676,14.715765953063965,14300,0.0,0.0,0.0
2019-04-01 00:00:00-04:00,14.739337019030229,14.802191273967011,14.739337019030229,14.770763397216797,52000,0.0,0.0,0.0
2019-04-02 00:00:00-04:00,14.751119740070022,14.841472625732422,14.751119740070022,14.841472625732422,50500,0.0,0.0,0.0
2019-04-03 00:00:00-04:00,14.817905282115692,14.904328946458437,14.817905282115692,14.896471977233887,23100,0.0,0.0,0.0
2019-04-04 00:00:00-04:00,14.833616987236635,14.943613052368164,14.833616987236635,14.943613052368164,22600,0.0,0.0,0.0
2019-04-05 00:00:00-04:00,14.959326990038894,14.959326990038894,14.880758800248824,14.943613052368164,41000,0.0,0.0,0.0
2019-04-08 00:00:00-04:00,15.014324188232422,15.014324188232422,14.967182375487399,15.014324188232422,65000,0.0,0.0,0.0
2019-04-09 00:00:00-04:00,14.982896450979856,15.006467357569326,14.95147007409081,14.9750394821167,42200,0.0,0.0,0.0
2019-04-10 00:00:00-04:00,15.00646632126723,15.061463600947796,14.996252112594131,15.04574966430664,166500,0.0,0.0,0.0
2019-04-11 00:00:00-04:00,14.94361329858638,15.001753070649725,14.887044021177836,14.927899360656738,47500,0.0,0.0,0.0
2019-04-12 00:00:00-04:00,15.006467819213867,15.014324788318728,14.959327503148328,15.006467819213867,30500,0.0,0.0,0.0
2019-04-15 00:00:00-04:00,14.967180905186996,14.967180905186996,14.927897563655376,14.951468467712402,22800,0.0,0.0,0.0
2019-04-16 00:00:00-04:00,14.912185315160587,14.912185315160587,14.841474093550874,14.904328346252441,22400,0.0,0.0,0.0
2019-04-17 00:00:00-04:00,14.951471869283141,14.951471869283141,14.817906379699707,14.817906379699707,33900,0.0,0.0,0.0
2019-04-18 00:00:00-04:00,14.825762557246028,14.867403146288042,14.825762557246028,14.85483169555664,31500,0.0,0.0,0.0
2019-04-22 00:00:00-04:00,14.857187026076561,14.959326116407759,14.857187026076561,14.87290096282959,29200,0.0,0.0,0.0
2019-04-23 00:00:00-04:00,14.794332967460308,14.849330248238111,14.794332967460308,14.825760841369629,22400,0.0,0.0,0.0
2019-04-24 00:00:00-04:00,14.806904907639998,14.816332370987244,14.770762551733323,14.794333457946777,25800,0.0,0.0,0.0
2019-04-25 00:00:00-04:00,14.794333650965195,14.794333650965195,14.707908492285187,14.747193336486816,32700,0.0,0.0,0.0
2019-04-26 00:00:00-04:00,14.692196138394364,14.692196138394364,14.645054325078949,14.676482200622559,25600,0.0,0.0,0.0
2019-04-29 00:00:00-04:00,14.645054518578418,14.6921963325167,14.629342079162598,14.629342079162598,19800,0.0,0.0,0.0
2019-04-30 00:00:00-04:00,14.66076875549955,14.72598025073663,14.637197848049786,14.645054817199707,66200,0.0,0.0,0.0
2019-05-01 00:00:00-04:00,14.597915600067944,14.707910179322026,14.542918310440902,14.566489219665527,140600,0.0,0.0,0.0
2019-05-02 00:00:00-04:00,14.535058565421641,14.535058565421641,14.464347349812892,14.49577522277832,38100,0.0,0.0,0.0
2019-05-03 00:00:00-04:00,14.524060118399053,14.572772425740816,14.503631699839927,14.527202606201172,46800,0.0,0.0,0.0
2019-05-06 00:00:00-04:00,14.37006702523661,14.51148796081543,14.37006702523661,14.51148796081543,29400,0.0,0.0,0.0
2019-05-07 00:00:00-04:00,14.322926980907809,14.4014951760707,14.322926980907809,14.354354858398438,35800,0.0,0.0,0.0
2019-05-08 00:00:00-04:00,14.362212075211074,14.370069044719097,14.312713017454172,14.338641166687012,30900,0.0,0.0,0.0
2019-05-09 00:00:00-04:00,14.228648087148954,14.315071763699075,14.223933605235572,14.299359321594238,27200,0.0,0.0,0.0
2019-05-10 00:00:00-04:00,14.330785045903713,14.338642015877056,14.283644724627461,14.315071105957031,34600,0.0,0.0,0.0
2019-05-13 00:00:00-04:00,14.362211759958514,14.362211759958514,14.181504462367991,14.228646278381348,31900,0.0,0.0,0.0
2019-05-14 00:00:00-04:00,14.346497289328536,14.401494574074515,14.338640320284307,14.362211227416992,23800,0.0,0.0,0.0
2019-05-15 00:00:00-04:00,14.370067106045878,14.473776691858314,14.370067106045878,14.440776824951172,23300,0.0,0.0,0.0
2019-05-16 00:00:00-04:00,14.531917794462364,14.57434362970121,14.527988560595801,14.542917251586914,23900,0.0,0.0,0.0
2019-05-17 00:00:00-04:00,14.460420049997213,14.494988913022988,14.410135751452481,14.432921409606934,18300,0.0,0.0,0.0
2019-05-20 00:00:00-04:00,14.464348546957929,14.519345830635826,14.443921626690532,14.480062484741211,13500,0.0,0.0,0.0
2019-05-21 00:00:00-04:00,14.464349852306297,14.519347140947476,14.456492882705597,14.487920761108398,26100,0.0,0.0,0.0
2019-05-22 00:00:00-04:00,14.45649246311562,14.45649246311562,14.330783950280466,14.354354858398438,27200,0.0,0.0,0.0
2019-05-23 00:00:00-04:00,14.27578624110715,14.276571488452094,14.212931986548146,14.220788955688477,42300,0.0,0.0,0.0
2019-05-24 00:00:00-04:00,14.289143361312696,14.354354858398438,14.283643632608204,14.354354858398438,18400,0.0,0.0,0.0
2019-05-28 00:00:00-04:00,14.480064238275075,14.480064238275075,14.38813933953073,14.425066947937012,23900,0.0,0.0,0.0
2019-05-29 00:00:00-04:00,14.377925128878298,14.439208894229118,14.362212687755829,14.425066947937012,16200,0.0,0.0,0.0
2019-05-30 00:00:00-04:00,14.421922282286381,14.42663526462967,14.33863961337438,14.34649658203125,20400,0.0,0.0,0.0
2019-05-31 00:00:00-04:00,14.228646972121172,14.315070641898702,14.150078773498535,14.150078773498535,82500,0.0,0.0,0.0
2019-06-03 00:00:00-04:00,14.212933032683896,14.244359412994703,14.126507864342619,14.150078773498535,23000,0.0,0.0,0.0
2019-06-04 00:00:00-04:00,14.128079414360638,14.212932586669922,14.128079414360638,14.212932586669922,148800,0.0,0.0,0.0
2019-06-05 00:00:00-04:00,14.152434275334876,14.160291244088114,13.992940656914909,14.008654594421387,24900,0.0,0.0,0.0
2019-06-06 00:00:00-04:00,14.04008419456509,14.150078773498535,14.04008419456509,14.150078773498535,32700,0.0,0.0,0.0
2019-06-07 00:00:00-04:00,14.102935736718383,14.172860206184444,14.102935736718383,14.110791206359863,24700,0.0,0.0,0.0
2019-06-10 00:00:00-04:00,14.142220389525821,14.165791296324594,14.07936613662603,14.11864948272705,34200,0.0,0.0,0.0
2019-06-11 00:00:00-04:00,14.165791670269801,14.220788955688477,14.12807881782167,14.220788955688477,38200,0.0,0.0,0.0
2019-06-12 00:00:00-04:00,14.134363420592898,14.212931611358538,14.110792513794127,14.11864948272705,28700,0.0,0.0,0.0
2019-06-13 00:00:00-04:00,14.205075722951923,14.246716312756625,14.19721875342135,14.236503601074219,23000,0.0,0.0,0.0
2019-06-14 00:00:00-04:00,14.212932586669922,14.291500782827022,14.205075617197842,14.212932586669922,24700,0.0,0.0,0.0
2019-06-17 00:00:00-04:00,14.232573660117152,14.252215333686161,14.197218048267485,14.220788955688477,68000,0.0,0.0,0.0
2019-06-18 00:00:00-04:00,14.267929939678528,14.370069044719097,14.267929939678528,14.338641166687012,103300,0.0,0.0,0.0
2019-06-19 00:00:00-04:00,14.291501342268635,14.338641662382726,14.26007346315007,14.30721378326416,31400,0.0,0.0,0.0
2019-06-20 00:00:00-04:00,14.487919700105703,14.535060015693926,14.451777342876573,14.464348793029785,94100,0.0,0.0,0.0
2019-06-21 00:00:00-04:00,14.464348546957929,14.48791945363285,14.456491578066288,14.480062484741211,149000,0.0,0.0,0.0
2019-06-24 00:00:00-04:00,14.456493634712388,14.535061836242676,14.456493634712388,14.535061836242676,29300,0.0,0.0,0.0
2019-06-25 00:00:00-04:00,14.62698492549491,14.62698492549491,14.558630943298338,14.55863094329834,31200,0.0,0.0,0.0
2019-06-26 00:00:00-04:00,14.597914203203741,14.700051802942806,14.597914203203741,14.629342079162598,18000,0.0,0.0,0.0
2019-06-27 00:00:00-04:00,14.64505397184051,14.684338815322471,14.629341533011274,14.668624877929688,65300,0.0,0.0,0.0
2019-06-28 00:00:00-04:00,14.645054302781942,14.696123851180761,14.549201680221604,14.582200050354004,91900,0.0,0.0,0.0
2019-07-01 00:00:00-04:00,14.660770359265616,14.692198239303252,14.50363395620504,14.535061836242676,144200,0.0,0.0,0.0
2019-07-02 00:00:00-04:00,14.550774149671264,14.550774149671264,14.380281066510017,14.417208671569824,56900,0.0,0.0,0.0
2019-07-03 00:00:00-04:00,14.52720260620117,14.52720260620117,14.47220532325517,14.527202606201172,13800,0.0,0.0,0.0
2019-07-05 00:00:00-04:00,14.495776422524491,14.503631892852544,14.445492121330707,14.480062484741211,12100,0.0,0.0,0.0
2019-07-08 00:00:00-04:00,14.514633449783412,14.535060370897504,14.44863520807072,14.472206115722656,24300,0.0,0.0,0.0
2019-07-09 00:00:00-04:00,14.629342413887597,14.629342413887597,14.385780865324511,14.542917251586914,20300,0.0,0.0,0.0
2019-07-10 00:00:00-04:00,14.739336967468262,14.755050905788398,14.645054836111088,14.739336967468262,20800,0.0,0.0,0.0
2019-07-11 00:00:00-04:00,14.786477176427152,14.786477176427152,14.707908983960985,14.715765953063965,28400,0.0,0.0,0.0
2019-07-12 00:00:00-04:00,14.751122076377284,14.804548868705162,14.751122076377284,14.778620719909668,12800,0.0,0.0,0.0
2019-07-15 00:00:00-04:00,14.755050197213544,14.755050197213544,14.703980649407411,14.72362232208252,12000,0.0,0.0,0.0
2019-07-16 00:00:00-04:00,14.68433950325698,14.760550454762427,14.567273211754426,14.590057373046875,32400,0.0,0.0,0.0
2019-07-17 00:00:00-04:00,14.645054302781942,14.659197745893184,14.582200050354004,14.582200050354004,24000,0.0,0.0,0.0
2019-07-18 00:00:00-04:00,14.645055969458912,14.645055969458912,14.498920527750752,14.597915649414062,23800,0.0,0.0,0.0
2019-07-19 00:00:00-04:00,14.613627433776855,14.645053809650838,14.58219955933934,14.613627433776855,16100,0.0,0.0,0.0
2019-07-22 00:00:00-04:00,14.613627433776855,14.652910778260216,14.58219955933934,14.613627433776855,34900,0.0,0.0,0.0
2019-07-23 00:00:00-04:00,14.613628193368122,14.668625477928904,14.550773939789567,14.660768508911133,37300,0.0,0.0,0.0
2019-07-24 00:00:00-04:00,14.715765740922235,14.723622709911949,14.621485110172884,14.629342079162598,27600,0.0,0.0,0.0
2019-07-25 00:00:00-04:00,14.707909160562595,14.707909160562595,14.57434368133545,14.57434368133545,43300,0.0,0.0,0.0
2019-07-26 00:00:00-04:00,14.554701956059318,14.597914537209661,14.542917251586914,14.542917251586914,28600,0.0,0.0,0.0
2019-07-29 00:00:00-04:00,14.56648882084416,14.605772169912564,14.550774881791314,14.593987464904785,36800,0.0,0.0,0.0
2019-07-30 00:00:00-04:00,14.550774026288108,14.590057373046875,14.527203119094677,14.590057373046875,15000,0.0,0.0,0.0
2019-07-31 00:00:00-04:00,14.629342394854106,14.629342394854106,14.448635101318361,14.44863510131836,25000,0.0,0.0,0.0
2019-08-01 00:00:00-04:00,14.354354566277959,14.369281758787652,14.197218179150006,14.217646598815918,25000,0.0,0.0,0.0
2019-08-02 00:00:00-04:00,14.283644011801103,14.283644011801103,14.165792465209961,14.165792465209961,18500,0.0,0.0,0.0
2019-08-05 00:00:00-04:00,14.00079794586039,14.147720117922509,14.00079794586039,14.11864948272705,36200,0.0,0.0,0.0
2019-08-06 00:00:00-04:00,14.181503930713962,14.181503930713962,14.032226014625667,14.07150936126709,68400,0.0,0.0,0.0
2019-08-07 00:00:00-04:00,13.992941169420629,14.07150936126709,13.95522831744924,14.07150936126709,87600,0.0,0.0,0.0
2019-08-08 00:00:00-04:00,14.087223916613263,14.16579211190237,14.069152737170754,14.15793514251709,18500,0.0,0.0,0.0
2019-08-09 00:00:00-04:00,14.157934241613612,14.20507455636195,14.157934241613612,14.189360618591309,18800,0.0,0.0,0.0
2019-08-12 00:00:00-04:00,14.126506753510997,14.181504038653031,14.024369152327735,14.095080375671387,63600,0.0,0.0,0.0
2019-08-13 00:00:00-04:00,13.977229044168071,14.220789095661077,13.977229044168071,14.181504249572754,43300,0.0,0.0,0.0
2019-08-14 00:00:00-04:00,14.087223653198322,14.110793062349757,14.03222636709344,14.079366683959961,30400,0.0,0.0,0.0
2019-08-15 00:00:00-04:00,14.024371194488532,14.095082428128812,14.000800283753824,14.055797576904297,49100,0.0,0.0,0.0
2019-08-16 00:00:00-04:00,14.063651877130491,14.063651877130491,14.008654594421387,14.008654594421387,304600,0.0,0.0,0.0
2019-08-19 00:00:00-04:00,13.937943374205805,14.024368531927863,13.937943374205805,14.008654594421387,15500,0.0,0.0,0.0
2019-08-20 00:00:00-04:00,13.96151498517222,14.053438377241456,13.96151498517222,14.024369239807129,21800,0.0,0.0,0.0
2019-08-21 00:00:00-04:00,14.079365526263956,14.107649414345454,14.032225213273614,14.059723854064941,19000,0.0,0.0,0.0
2019-08-22 00:00:00-04:00,13.992940656914909,14.055794908377253,13.992940656914909,14.008654594421387,24800,0.0,0.0,0.0
2019-08-23 00:00:00-04:00,13.948157614586531,13.992940688160068,13.882946122496248,13.906517028808594,8800,0.0,0.0,0.0
2019-08-26 00:00:00-04:00,14.008655301507492,14.036939191595929,13.973299689615128,14.024369239807129,15500,0.0,0.0,0.0
2019-08-27 00:00:00-04:00,14.0322265625,14.0715099106752,13.992156468395448,14.0322265625,191800,0.0,0.0,0.0
2019-08-28 00:00:00-04:00,14.090366404654638,14.163434871230418,14.090366404654638,14.15793514251709,37200,0.0,0.0,0.0
2019-08-29 00:00:00-04:00,14.205076062965256,14.205076062965256,14.126507864342619,14.150078773498535,18800,0.0,0.0,0.0
2019-08-30 00:00:00-04:00,14.134364324702124,14.181504642751417,14.047939159475346,14.087224006652832,23400,0.0,0.0,0.0
2019-09-03 00:00:00-04:00,13.953656525677882,14.075437286647603,13.953656525677882,14.063651084899902,92300,0.0,0.0,0.0
2019-09-04 00:00:00-04:00,14.244357924372178,14.311141410719447,14.18150367175547,14.283642768859863,96400,0.0,0.0,0.0
2019-09-05 00:00:00-04:00,14.346497821287397,14.346497821287397,14.216860075096173,14.228646278381348,13300,0.0,0.0,0.0
2019-09-06 00:00:00-04:00,14.19721758747663,14.228645463017914,14.150077272728291,14.189360618591309,80900,0.0,0.0,0.0
2019-09-09 00:00:00-04:00,14.219219268461195,14.28364552672216,14.219219268461195,14.260074615478516,49600,0.0,0.0,0.0
2019-09-10 00:00:00-04:00,14.279713342456697,14.346496827902874,14.279713342456697,14.330782890319824,13800,0.0,0.0,0.0
2019-09-11 00:00:00-04:00,14.330785704367775,14.341785163123092,14.228648087148954,14.299359321594238,28700,0.0,0.0,0.0
2019-09-12 00:00:00-04:00,14.157934072596982,14.358281531808377,14.157934072596982,14.330782890319824,18100,0.0,0.0,0.0
2019-09-13 00:00:00-04:00,14.46434836264861,14.46434836264861,14.330782890319824,14.330782890319824,85000,0.0,0.0,0.0
2019-09-16 00:00:00-04:00,14.55077374778004,14.74719347494155,14.55077374778004,14.707908630371094,34800,0.0,0.0,0.0
2019-09-17 00:00:00-04:00,14.597913826721335,14.597913826721335,14.480062292042252,14.527202606201172,12400,0.0,0.0,0.0
2019-09-18 00:00:00-04:00,14.467491280927185,14.48556245954175,14.42427870056981,14.464348793029785,14800,0.0,0.0,0.0
2019-09-19 00:00:00-04:00,14.51148796081543,14.520131675054111,14.464347648955822,14.51148796081543,22100,0.0,0.0,0.0
2019-09-20 00:00:00-04:00,14.542917588313,14.542917588313,14.440778485308423,14.45649242401123,68300,0.0,0.0,0.0
2019-09-23 00:00:00-04:00,14.511489928762156,14.571988443819839,14.511489928762156,14.570416450500488,15600,0.0,0.0,0.0
2019-09-24 00:00:00-04:00,14.49577522277832,14.527201597180284,14.460419614973945,14.49577522277832,12200,0.0,0.0,0.0
2019-09-25 00:00:00-04:00,14.425066241467915,14.45649262073751,14.370068953823349,14.40935230255127,14800,0.0,0.0,0.0
2019-09-26 00:00:00-04:00,14.4093515953109,14.448634942110713,14.346497341293027,14.393637657165527,11900,0.0,0.0,0.0
2019-09-27 00:00:00-04:00,14.30092746829746,14.370853443796557,14.30092746829746,14.362211227416992,17100,0.0,0.0,0.0
2019-09-30 00:00:00-04:00,14.220791261969655,14.308786932910383,14.212934291555108,14.260074615478516,325500,0.0,0.0,0.0
2019-10-01 00:00:00-04:00,14.299358760274249,14.299358760274249,14.212933588552879,14.244359970092773,131900,0.0,0.0,0.0
2019-10-02 00:00:00-04:00,14.267145632737098,14.267145632737098,14.197219648501028,14.244359970092773,25500,0.0,0.0,0.0
2019-10-03 00:00:00-04:00,14.157935228882392,14.282071749374209,14.157935228882392,14.275001525878906,124800,0.0,0.0,0.0
2019-10-04 00:00:00-04:00,14.322927673467271,14.322927673467271,14.252216444257924,14.275787353515625,125900,0.0,0.0,0.0
2019-10-07 00:00:00-04:00,14.29071194717834,14.311925611794546,14.220787476660055,14.251428604125977,62800,0.0,0.0,0.0
2019-10-08 00:00:00-04:00,14.252213478088379,14.28678383809214,14.209000902724535,14.252213478088379,151100,0.0,0.0,0.0
2019-10-09 00:00:00-04:00,14.351213064289261,14.351213064289261,14.275787353515625,14.275787353515625,24000,0.0,0.0,0.0
2019-10-10 00:00:00-04:00,14.315069145886422,14.333925571527793,14.275785799962325,14.283642768859863,35300,0.0,0.0,0.0
2019-10-11 00:00:00-04:00,14.37242390385368,14.464348793029785,14.37242390385368,14.464348793029785,19700,0.0,0.0,0.0
2019-10-14 00:00:00-04:00,14.362212687755829,14.448636358902599,14.362212687755829,14.425066947937012,60000,0.0,0.0,0.0
2019-10-15 00:00:00-04:00,14.432922502528962,14.472205849328773,14.377923719020153,14.393637657165527,62700,0.0,0.0,0.0
2019-10-16 00:00:00-04:00,14.3622097299481,14.422706736860986,14.354352761723074,14.401493072509766,132900,0.0,0.0,0.0
2019-10-17 00:00:00-04:00,14.456492070477623,14.456492070477623,14.373996142150832,14.44863510131836,14700,0.0,0.0,0.0
2019-10-18 00:00:00-04:00,14.40935126328003,14.48791945363285,14.40935126328003,14.480062484741211,21800,0.0,0.0,0.0
2019-10-21 00:00:00-04:00,14.472205956923894,14.472205956923894,14.379495819165996,14.417208671569824,16200,0.0,0.0,0.0
2019-10-22 00:00:00-04:00,14.511488097257155,14.511488097257155,14.393636567218314,14.432921409606934,26600,0.0,0.0,0.0
2019-10-23 00:00:00-04:00,14.43292257408185,14.527203206294255,14.390495240591727,14.519346237182617,36400,0.0,0.0,0.0
2019-10-24 00:00:00-04:00,14.519345797926064,14.582200050354004,14.519345797926064,14.582200050354004,18400,0.0,0.0,0.0
2019-10-25 00:00:00-04:00,14.621484402386235,14.645053809650838,14.566487120684116,14.613627433776855,274500,0.0,0.0,0.0
2019-10-28 00:00:00-04:00,14.640341320308446,14.640341320308446,14.574343081480063,14.582200050354004,166100,0.0,0.0,0.0
2019-10-29 00:00:00-04:00,14.583773703256984,14.684340818299418,14.568845011128465,14.597915649414062,31300,0.0,0.0,0.0
2019-10-30 00:00:00-04:00,14.700051091352956,14.700051091352956,14.57434259072996,14.613627433776855,29600,0.0,0.0,0.0
2019-10-31 00:00:00-04:00,14.613627764295497,14.613627764295497,14.487919260829333,14.527202606201172,80300,0.0,0.0,0.0
2019-11-01 00:00:00-04:00,14.637197918155678,14.770763397216797,14.592414842206633,14.770763397216797,25800,0.0,0.0,0.0
2019-11-04 00:00:00-05:00,14.84226182884757,14.849332052341701,14.786477795450155,14.802191734313965,152800,0.0,0.0,0.0
2019-11-05 00:00:00-05:00,14.817905673177775,14.833618113477891,14.770763856586347,14.802191734313965,30500,0.0,0.0,0.0
2019-11-06 00:00:00-05:00,14.78647616385827,14.802190100988147,14.676481601076174,14.684338569641113,25500,0.0,0.0,0.0
2019-11-07 00:00:00-05:00,14.70790877193252,14.70790877193252,14.629342079162598,14.629342079162598,33700,0.0,0.0,0.0
2019-11-08 00:00:00-05:00,14.53505994984964,14.669410672877447,14.53505994984964,14.629342079162598,56900,0.0,0.0,0.0
2019-11-11 00:00:00-05:00,14.535059682914627,14.579057509598123,14.503631807532942,14.550773620605469,31200,0.0,0.0,0.0
2019-11-12 00:00:00-05:00,14.605772569809485,14.605772569809485,14.532704099920524,14.566489219665527,13200,0.0,0.0,0.0
2019-11-13 00:00:00-05:00,14.53506039353576,14.563344283911217,14.507561750514164,14.548417091369629,18600,0.0,0.0,0.0
2019-11-14 00:00:00-05:00,14.597914429735374,14.597914429735374,14.49577682841133,14.519346237182617,13000,0.0,0.0,0.0
2019-11-15 00:00:00-05:00,14.501278213909638,14.591631121172139,14.501278213909638,14.535061836242676,15500,0.0,0.0,0.0
2019-11-18 00:00:00-05:00,14.457277868114234,14.47613429510147,14.393638363634622,14.40935230255127,24900,0.0,0.0,0.0
2019-11-19 00:00:00-05:00,14.448635651279188,14.448635651279188,14.354355014906703,14.40935230255127,49300,0.0,0.0,0.0
2019-11-20 00:00:00-05:00,14.401494891330495,14.490277294778839,14.401494891330495,14.472206115722656,25500,0.0,0.0,0.0
2019-11-21 00:00:00-05:00,14.49577682841133,14.527203206294255,14.472991168418488,14.519346237182617,14700,0.0,0.0,0.0
2019-11-22 00:00:00-05:00,14.538986300260587,14.546058021246848,14.476132052893195,14.49577522277832,22900,0.0,0.0,0.0
2019-11-25 00:00:00-05:00,14.354352791560821,14.49577522277832,14.354352791560821,14.49577522277832,26000,0.0,0.0,0.0
2019-11-26 00:00:00-05:00,14.432924223247962,14.535061836242676,14.432924223247962,14.535061836242676,18100,0.0,0.0,0.0
2019-11-27 00:00:00-05:00,14.511489463245567,14.518561185110244,14.456492177288032,14.472206115722656,21400,0.0,0.0,0.0
2019-11-29 00:00:00-05:00,14.401496556094184,14.401496556094184,14.315071383276944,14.318215370178223,6400,0.0,0.0,0.0
2019-12-02 00:00:00-05:00,14.299358760274249,14.311143466031234,14.244359970092773,14.244359970092773,16600,0.0,0.0,0.0
2019-12-03 00:00:00-05:00,14.291501694600802,14.354355955823738,14.283644724627461,14.315071105957031,16400,0.0,0.0,0.0
2019-12-04 00:00:00-05:00,14.346499841848813,14.409354106822013,14.346499841848813,14.385783195495605,186500,0.0,0.0,0.0
2019-12-05 00:00:00-05:00,14.410920535241718,14.465919312816895,14.39363610428474,14.401493072509766,37800,0.0,0.0,0.0
2019-12-06 00:00:00-05:00,14.448635454659826,14.503632741555979,14.418779570549962,14.45649242401123,63500,0.0,0.0,0.0
2019-12-09 00:00:00-05:00,14.428992176086316,14.489489184944931,14.428992176086316,14.432921409606934,16100,0.0,0.0,0.0
2019-12-10 00:00:00-05:00,14.464347648955822,14.54291583443083,14.464347648955822,14.51148796081543,23000,0.0,0.0,0.0
2019-12-11 00:00:00-05:00,14.503631807532942,14.550773620605469,14.472205430714835,14.550773620605469,23700,0.0,0.0,0.0
2019-12-12 00:00:00-05:00,14.574343348279267,14.668625477928904,14.574343348279267,14.660768508911133,31900,0.0,0.0,0.0
2019-12-13 00:00:00-05:00,14.545103508058386,14.781184422219807,14.545103508058386,14.727313041687012,81400,0.154,0.0,0.0
2019-12-16 00:00:00-05:00,14.75900109243057,14.869912492774208,14.75900109243057,14.842185020446777,29800,0.0,0.0,0.0
2019-12-17 00:00:00-05:00,14.917446833472944,14.917446833472944,14.82000477803077,14.861991882324219,35600,0.0,0.0,0.0
2019-12-18 00:00:00-05:00,14.838225705640594,14.838225705640594,14.790693103417976,14.798615455627441,28300,0.0,0.0,0.0
2019-12-19 00:00:00-05:00,14.850107549716164,14.85485975143375,14.798613024331866,14.83426284790039,30400,0.0,0.0,0.0
2019-12-20 00:00:00-05:00,14.82238071668959,14.87783718109131,14.82238071668959,14.877837181091309,16700,0.0,0.0,0.0
2019-12-23 00:00:00-05:00,14.75900238649472,14.838224390533787,14.75900238649472,14.814458847045898,20700,0.0,0.0,0.0
2019-12-24 00:00:00-05:00,14.82238079103965,14.955474190823569,14.82238079103965,14.941214561462402,30600,0.0,0.0,0.0
2019-12-26 00:00:00-05:00,15.034694971772637,15.048954599968171,15.000628709436267,15.032318115234375,16900,0.0,0.0,0.0
2019-12-27 00:00:00-05:00,15.083815350463079,15.09173619229972,15.028358880366444,15.064008712768555,98600,0.0,0.0,0.0
2019-12-30 00:00:00-05:00,15.089357433133078,15.089357433133078,15.00458993872621,15.075889587402344,20300,0.0,0.0,0.0
2019-12-31 00:00:00-05:00,15.06004629843308,15.06004629843308,14.965772880505584,14.988746643066406,38600,0.0,0.0,0.0
2020-01-02 00:00:00-05:00,14.96497942844535,15.058461063506659,14.96497942844535,15.020434379577637,32000,0.0,0.0,0.0
2020-01-03 00:00:00-05:00,14.988745353779423,15.079850125348257,14.988745353779423,15.028355598449707,89200,0.0,0.0,0.0
2020-01-06 00:00:00-05:00,15.115499831762877,15.115499831762877,15.044200183086744,15.075889587402344,113500,0.0,0.0,0.0
2020-01-07 00:00:00-05:00,15.052124977111816,15.099657580265749,15.016475146987814,15.052124977111816,93400,0.0,0.0,0.0
2020-01-08 00:00:00-05:00,15.04420133678373,15.061629603873456,14.861991781097798,14.9332914352417,101000,0.0,0.0,0.0
2020-01-09 00:00:00-05:00,14.912695095058567,14.932501732549541,14.877838556025774,14.913488388061523,62600,0.0,0.0,0.0
2020-01-10 00:00:00-05:00,14.972901403013125,15.015681799114152,14.943590364458176,15.012513160705566,34100,0.0,0.0,0.0
2020-01-13 00:00:00-05:00,14.893680374171934,14.929330202913107,14.86991482903392,14.877837181091309,21100,0.0,0.0,0.0
2020-01-14 00:00:00-05:00,14.98874387130773,14.98874387130773,14.885756338730657,14.917444229125977,18900,0.0,0.0,0.0
2020-01-15 00:00:00-05:00,14.885758479395953,14.964978972293569,14.885758479395953,14.949135780334473,54100,0.0,0.0,0.0
2020-01-16 00:00:00-05:00,14.897639376894297,14.917444497627075,14.806534612696435,14.83822250366211,54800,0.0,0.0,0.0
2020-01-17 00:00:00-05:00,14.893681526184082,14.909526231524433,14.814461021550871,14.893681526184082,44800,0.0,0.0,0.0
2020-01-21 00:00:00-05:00,14.73523814898589,14.822381001221661,14.73523814898589,14.798615455627441,28300,0.0,0.0,0.0
2020-01-22 00:00:00-05:00,14.719390869140625,14.759001112223244,14.663935924411394,14.719390869140625,32100,0.0,0.0,0.0
2020-01-23 00:00:00-05:00,14.656014779728638,14.656014779728638,14.545104881142667,14.61640453338623,25500,0.0,0.0,0.0
2020-01-24 00:00:00-05:00,14.505494203566613,14.505494203566613,14.395376078620677,14.410429000854492,27600,0.0,0.0,0.0
2020-01-27 00:00:00-05:00,14.180686051059608,14.240102939076372,14.151375009053881,14.220297813415527,42800,0.0,0.0,0.0
2020-01-28 00:00:00-05:00,14.133150897759291,14.228216088196037,14.133150897759291,14.164838790893555,24500,0.0,0.0,0.0
2020-01-29 00:00:00-05:00,14.11730706725912,14.15295689363236,14.091164667136903,14.101462364196777,10100,0.0,0.0,0.0
2020-01-30 00:00:00-05:00,14.030161478533977,14.049174818331156,13.980252028204097,14.02224063873291,171900,0.0,0.0,0.0
2020-01-31 00:00:00-05:00,13.903408702624546,13.9976836321467,13.903408702624546,13.95886516571045,16500,0.0,0.0,0.0
2020-02-03 00:00:00-05:00,13.800421355900706,13.867759081242324,13.493040747340132,13.816266059875488,35700,0.0,0.0,0.0
2020-02-04 00:00:00-05:00,13.863799798431662,13.924008469649259,13.808344841003418,13.808344841003418,26100,0.0,0.0,0.0
2020-02-05 00:00:00-05:00,13.982629515489513,13.982629515489513,13.919252216983807,13.92717456817627,153600,0.0,0.0,0.0
2020-02-06 00:00:00-05:00,13.927175420705407,14.04600767379848,13.911330717350577,13.998475074768066,19200,0.0,0.0,0.0
2020-02-07 00:00:00-05:00,13.95094239766313,13.990552644794455,13.935097694396973,13.935097694396973,27900,0.0,0.0,0.0
2020-02-10 00:00:00-05:00,13.847954642595099,13.94618999886278,13.847954642595099,13.919254302978516,85200,0.0,0.0,0.0
2020-02-11 00:00:00-05:00,13.950943712497464,13.980254754164855,13.911331950598779,13.919254302978516,50600,0.0,0.0,0.0
2020-02-12 00:00:00-05:00,14.06977426994027,14.08561897277832,13.998474618203074,14.08561897277832,31600,0.0,0.0,0.0
2020-02-13 00:00:00-05:00,14.046008185722373,14.12760705104305,14.046008185722373,14.10938549041748,31400,0.0,0.0,0.0
2020-02-14 00:00:00-05:00,14.137113373102066,14.137113373102066,14.073736066585408,14.121270179748535,29700,0.0,0.0,0.0
2020-02-18 00:00:00-05:00,14.148996195193044,14.22029584653767,14.133151492442234,14.180684089660645,33200,0.0,0.0,0.0
2020-02-19 00:00:00-05:00,14.196528597299237,14.323283195495605,14.196528597299237,14.323283195495605,49000,0.0,0.0,0.0
2020-02-20 00:00:00-05:00,14.276543433679741,14.299517196323235,14.224257120291636,14.251984596252441,15900,0.0,0.0,0.0
2020-02-21 00:00:00-05:00,14.12522937796356,14.248023559790711,14.12522937796356,14.212373733520508,91500,0.0,0.0,0.0
2020-02-24 00:00:00-05:00,14.212373431760774,14.212373431760774,13.9208375509961,13.982629776000977,57800,0.0,0.0,0.0
2020-02-25 00:00:00-05:00,13.958865918396569,13.958865918396569,13.792499542236328,13.792499542236328,26000,0.0,0.0,0.0
2020-02-26 00:00:00-05:00,13.689510713646245,13.787744548729787,13.641976604279245,13.685548782348633,29900,0.0,0.0,0.0
2020-02-27 00:00:00-05:00,13.412233852112044,13.546910800548613,13.412233852112044,13.499378204345703,83600,0.0,0.0,0.0
2020-02-28 00:00:00-05:00,13.182490586921626,13.285479644588595,13.111190935008812,13.214179992675781,78700,0.0,0.0,0.0
2020-03-02 00:00:00-05:00,13.269636019353365,13.515222889756313,13.269636019353365,13.47561264038086,93900,0.0,0.0,0.0
2020-03-03 00:00:00-05:00,13.499380201935516,13.657030934474719,13.491457849557046,13.586523056030273,46100,0.0,0.0,0.0
2020-03-04 00:00:00-05:00,13.57463829571494,13.610288120681984,13.507299065873196,13.523143768310547,251800,0.0,0.0,0.0
2020-03-05 00:00:00-05:00,13.531859119416161,13.546912041396837,13.420157432556152,13.420157432556152,187400,0.0,0.0,0.0
2020-03-06 00:00:00-05:00,13.308454395837284,13.308454395837284,13.079504013061523,13.079504013061523,1594200,0.0,0.0,0.0
2020-03-09 00:00:00-04:00,12.453652741093046,12.673888993191847,12.4378080368042,12.4378080368042,102900,0.0,0.0,0.0
2020-03-10 00:00:00-04:00,12.667549287685913,12.84579840981311,12.667549287685913,12.782421112060547,340700,0.0,0.0,0.0
2020-03-11 00:00:00-04:00,12.72221221331727,12.72775770787842,12.540794456368845,12.604171752929688,60800,0.0,0.0,0.0
2020-03-12 00:00:00-04:00,11.970399966914592,12.144687938390428,11.970399966914592,12.065465927124023,83100,0.0,0.0,0.0
2020-03-13 00:00:00-04:00,12.175584782931468,12.175584782931468,11.819879025966896,11.944256782531738,45500,0.0,0.0,0.0
2020-03-16 00:00:00-04:00,10.417652949419104,11.487146170994336,10.417652949419104,11.328702926635742,86500,0.0,0.0,0.0
2020-03-17 00:00:00-04:00,11.32870296783433,11.457834420223362,11.225714669747465,11.360391616821289,126900,0.0,0.0,0.0
2020-03-18 00:00:00-04:00,10.916751680000093,11.217002493713412,10.869219075985711,11.091039657592773,362100,0.0,0.0,0.0
2020-03-19 00:00:00-04:00,10.948439542995093,11.249482116885,10.948439542995093,11.217793464660645,97300,0.0,0.0,0.0
2020-03-20 00:00:00-04:00,11.209869466419406,11.39287153835446,11.051426228566948,11.126687049865723,170900,0.0,0.0,0.0
2020-03-23 00:00:00-04:00,11.003894085379446,11.384157871790244,10.33843170364357,10.892983436584473,39700,0.0,0.0,0.0
2020-03-24 00:00:00-04:00,11.122725944704651,11.701044710913605,11.122725944704651,11.605978012084961,37300,0.0,0.0,0.0
2020-03-25 00:00:00-04:00,11.56636813161127,11.819877321723194,11.56636813161127,11.732733726501465,34700,0.0,0.0,0.0
2020-03-26 00:00:00-04:00,11.677277658447965,11.75649965563285,11.582211715136278,11.605978012084961,23900,0.0,0.0,0.0
2020-03-27 00:00:00-04:00,11.534679121238915,11.637666659855523,11.273246832735582,11.605978012084961,35400,0.0,0.0,0.0
2020-03-30 00:00:00-04:00,11.479226868654031,11.479226868654031,10.591943709076235,11.289094924926758,525600,0.0,0.0,0.0
2020-03-31 00:00:00-04:00,11.36831428545673,11.503783018116513,11.194026333402212,11.312858581542969,98300,0.0,0.0,0.0
2020-04-01 00:00:00-04:00,11.225715598630552,11.28909290184869,10.924673030585875,11.194026947021484,78200,0.0,0.0,0.0
2020-04-02 00:00:00-04:00,11.265325669860411,11.502990915021101,11.225714669747465,11.360391616821289,222200,0.0,0.0,0.0
2020-04-03 00:00:00-04:00,11.479226738168267,11.534682454429571,11.376238414274043,11.52676010131836,44500,0.0,0.0,0.0
2020-04-06 00:00:00-04:00,11.542601406639038,11.575875130976872,11.384158158313413,11.55052375793457,84800,0.0,0.0,0.0
2020-04-07 00:00:00-04:00,11.661436299459925,11.788190918663219,11.154417067129623,11.518836975097656,233100,0.0,0.0,0.0
2020-04-08 00:00:00-04:00,11.61390233641482,11.701046699229709,11.542602677936127,11.657474517822266,125600,0.0,0.0,0.0
2020-04-09 00:00:00-04:00,11.66143464075218,11.89117754425909,11.455458036086116,11.72877311706543,75200,0.0,0.0,0.0
2020-04-13 00:00:00-04:00,11.598057862283781,11.773137606373124,11.09103867924638,11.693123817443848,66700,0.0,0.0,0.0
2020-04-14 00:00:00-04:00,11.701044710913605,11.804824786819184,11.487145771824594,11.605978012084961,207500,0.0,0.0,0.0
2020-04-15 00:00:00-04:00,11.46338071245564,11.6368761343937,11.46338071245564,11.534680366516113,45700,0.0,0.0,0.0
2020-04-16 00:00:00-04:00,11.502990518495409,11.676485922382133,11.502990518495409,11.58062744140625,22700,0.0,0.0,0.0
2020-04-17 00:00:00-04:00,11.550524608649251,11.654305453920138,11.47130260089311,11.621824264526367,89300,0.0,0.0,0.0
2020-04-20 00:00:00-04:00,11.605978705969287,11.693123059186133,11.483977820292909,11.55052375793457,44700,0.0,0.0,0.0
2020-04-21 00:00:00-04:00,11.03558278228259,11.257403325321093,10.892983483999345,11.193233489990234,77800,0.0,0.0,0.0
2020-04-22 00:00:00-04:00,11.241560432475438,11.510914370135273,10.972207250332712,11.297016143798828,128200,0.0,0.0,0.0
2020-04-23 00:00:00-04:00,11.344548262835318,11.582213536241822,11.344548262835318,11.376236915588379,18300,0.0,0.0,0.0
2020-04-24 00:00:00-04:00,11.384158378455108,11.384158378455108,11.217792775616848,11.305728912353516,358100,0.0,0.0,0.0
2020-04-27 00:00:00-04:00,11.257403126943284,11.257403126943284,11.051426534278756,11.156791687011719,140300,0.0,0.0,0.0
2020-04-28 00:00:00-04:00,11.130647626963693,11.30493555699165,10.99597069314894,11.110841751098633,32500,0.0,0.0,0.0
2020-04-29 00:00:00-04:00,11.344547711237908,11.392081065814862,11.170260507328841,11.233637809753418,65100,0.0,0.0,0.0
2020-04-30 00:00:00-04:00,11.384159691133553,11.48714800529132,11.245521546862824,11.411887168884277,47700,0.0,0.0,0.0
2020-05-01 00:00:00-04:00,11.297014623890593,11.40000292475836,11.007855599637061,11.300975799560547,36700,0.0,0.0,0.0
2020-05-04 00:00:00-04:00,11.344547726891733,11.439613680659777,11.260572763287444,11.400003433227539,23600,0.0,0.0,0.0
2020-05-05 00:00:00-04:00,11.415847774744282,11.582213388454324,11.407925422777836,11.537849426269531,106300,0.0,0.0,0.0
2020-05-06 00:00:00-04:00,11.455458374857823,11.487147026088419,11.376236369022811,11.457042694091797,13200,0.0,0.0,0.0
2020-05-07 00:00:00-04:00,11.400003650850257,11.621824213876847,11.400003650850257,11.4237699508667,26700,0.0,0.0,0.0
2020-05-08 00:00:00-04:00,11.542602088561635,11.676487264608086,11.53468049231511,11.641629219055176,79900,0.0,0.0,0.0
2020-05-11 00:00:00-04:00,11.52675749989139,11.653512098995341,11.487146498792153,11.582212448120117,18700,0.0,0.0,0.0
2020-05-12 00:00:00-04:00,11.574288969914713,11.574288969914713,11.415845736460936,11.455456733703613,33100,0.0,0.0,0.0
2020-05-13 00:00:00-04:00,11.360393488199563,11.500615953056789,11.30493853221663,11.495070457458496,37000,0.0,0.0,0.0
2020-05-14 00:00:00-04:00,11.419809834405442,11.685202601681262,11.40000470847385,11.518836975097656,69400,0.0,0.0,0.0
2020-05-15 00:00:00-04:00,11.510913528712255,11.677279139487238,11.495069580575953,11.558446884155273,47200,0.0,0.0,0.0
2020-05-18 00:00:00-04:00,11.73273497370087,11.867411178626286,11.73273497370087,11.819878578186035,10000,0.0,0.0,0.0
2020-05-19 00:00:00-04:00,11.863449841647768,11.914151076729105,11.819877665012928,11.851566314697266,26100,0.0,0.0,0.0
2020-05-20 00:00:00-04:00,11.958516508133185,12.025854987191893,11.875333325523227,11.962477684020996,21900,0.0,0.0,0.0
2020-05-21 00:00:00-04:00,11.835721969604492,11.89910002640456,11.792942329014293,11.835721969604492,20300,0.0,0.0,0.0
2020-05-22 00:00:00-04:00,11.736694614411336,11.859488794344436,11.668564356835336,11.80007266998291,100400,0.0,0.0,0.0
2020-05-26 00:00:00-04:00,11.914943823678074,11.914943823678074,11.827800224392334,11.863450050354004,24900,0.0,0.0,0.0
2020-05-27 00:00:00-04:00,11.914943743012925,11.914943743012925,11.744616965797409,11.80007266998291,31600,0.0,0.0,0.0
2020-05-28 00:00:00-04:00,11.859488528113289,11.930788177953335,11.804032825172701,11.8911771774292,23800,0.0,0.0,0.0
2020-05-29 00:00:00-04:00,11.811954708909768,12.041697596237032,11.811954708909768,11.97039794921875,16700,0.0,0.0,0.0
2020-06-01 00:00:00-04:00,11.899100089331665,12.112998293413844,11.899100089331665,12.06625747680664,16500,0.0,0.0,0.0
2020-06-02 00:00:00-04:00,12.105074526289878,12.152607874703593,12.0892305804966,12.120919227600098,8500,0.0,0.0,0.0
2020-06-03 00:00:00-04:00,12.00208830068649,12.112998962402344,12.00208830068649,12.112998962402344,7200,0.0,0.0,0.0
2020-06-04 00:00:00-04:00,12.089230708401677,12.239751594856575,12.002086361307361,12.215985298156738,11800,0.0,0.0,0.0
2020-06-05 00:00:00-04:00,12.358585894754016,12.358585894754016,12.271441538455155,12.334818840026855,7500,0.0,0.0,0.0
2020-06-08 00:00:00-04:00,12.299169530769204,12.326897762450502,12.231831050577316,12.287286758422852,18300,0.0,0.0,0.0
2020-06-09 00:00:00-04:00,12.251636276788817,12.374429702758789,12.251636276788817,12.374429702758789,19900,0.0,0.0,0.0
2020-06-10 00:00:00-04:00,12.295209992026848,12.453653263982428,12.256390767096109,12.390275955200195,20200,0.0,0.0,0.0
2020-06-11 00:00:00-04:00,12.168453307143235,12.200141958118204,12.085270881652832,12.085270881652832,112600,0.0,0.0,0.0
2020-06-12 00:00:00-04:00,12.112998962402344,12.17479194822041,12.0416993052648,12.112998962402344,7700,0.0,0.0,0.0
2020-06-15 00:00:00-04:00,11.946631683816552,12.194595374447342,11.946631683816552,12.136763572692871,11900,0.0,0.0,0.0
2020-06-16 00:00:00-04:00,12.251636256871608,12.311052381888421,12.112998128154363,12.208064079284668,27300,0.0,0.0,0.0
2020-06-17 00:00:00-04:00,12.13676330180135,12.263517891556411,12.13676330180135,12.215985298156738,13300,0.0,0.0,0.0
2020-06-18 00:00:00-04:00,12.144687408407792,12.271442016488916,12.144687408407792,12.255598068237305,11400,0.0,0.0,0.0
2020-06-19 00:00:00-04:00,12.330857614543792,12.383936463266764,12.21598653922692,12.291247367858887,10600,0.0,0.0,0.0
2020-06-22 00:00:00-04:00,12.39027510497508,12.39027510497508,12.27223462992509,12.318975448608398,32600,0.0,0.0,0.0
2020-06-23 00:00:00-04:00,12.406118702469806,12.406118702469806,12.303130396799087,12.346702575683594,22900,0.0,0.0,0.0
2020-06-24 00:00:00-04:00,12.287287358810698,12.318976012477794,12.097155436808123,12.148649215698242,242100,0.0,0.0,0.0
2020-06-25 00:00:00-04:00,12.14072669309693,12.243715004949586,12.14072669309693,12.16845417022705,7100,0.0,0.0,0.0
2020-06-26 00:00:00-04:00,12.200139853241213,12.200139853241213,12.036943668858854,12.093191146850586,28300,0.0,0.0,0.0
2020-06-29 00:00:00-04:00,12.15657086983636,12.26272781574863,12.136764990233699,12.204103469848633,13700,0.0,0.0,0.0
2020-06-30 00:00:00-04:00,12.231830703846237,12.350663712560674,12.231830703846237,12.315013885498047,9700,0.0,0.0,0.0
2020-07-01 00:00:00-04:00,12.279365670358962,12.417211283487152,12.279365670358962,12.394237518310547,11800,0.0,0.0,0.0
2020-07-02 00:00:00-04:00,12.370468784234653,12.461573561670683,12.366507608409124,12.429884910583496,11000,0.0,0.0,0.0
2020-07-06 00:00:00-04:00,12.572485247541245,12.572485247541245,12.477419286496655,12.481380462646484,14500,0.0,0.0,0.0
2020-07-07 00:00:00-04:00,12.374430843379596,12.580407467907975,12.374430843379596,12.56535530090332,16400,0.0,0.0,0.0
2020-07-08 00:00:00-04:00,12.620018572074294,12.658044503080184,12.581199348116622,12.616057395935059,79300,0.0,0.0,0.0
2020-07-09 00:00:00-04:00,12.715081644152676,12.715081644152676,12.52495050998712,12.604171752929688,226700,0.0,0.0,0.0
2020-07-10 00:00:00-04:00,12.52495171293974,12.659627914428711,12.52495171293974,12.659627914428711,381000,0.0,0.0,0.0
2020-07-13 00:00:00-04:00,12.604173585683666,12.699240299865409,12.540796279907227,12.540796279907227,241300,0.0,0.0,0.0
2020-07-14 00:00:00-04:00,12.461573567972842,12.623978754833468,12.461573567972842,12.584367752075195,21600,0.0,0.0,0.0
2020-07-15 00:00:00-04:00,12.659628253950556,12.663589429911914,12.529705006693064,12.620018005371094,39200,0.0,0.0,0.0
2020-07-16 00:00:00-04:00,12.635862701241487,12.667551355290007,12.54079673909593,12.608135223388672,11100,0.0,0.0,0.0
2020-07-17 00:00:00-04:00,12.68339440225448,12.68339440225448,12.584367276856835,12.663588523864746,10500,0.0,0.0,0.0
2020-07-20 00:00:00-04:00,12.576444144353067,12.698445023381275,12.532871970119015,12.643782615661621,23700,0.0,0.0,0.0
2020-07-21 00:00:00-04:00,12.754693720766008,12.881448317086363,12.754693720766008,12.84579849243164,55000,0.0,0.0,0.0
2020-07-22 00:00:00-04:00,12.818070851718858,12.946409009974552,12.794303798581081,12.86560344696045,153200,0.0,0.0,0.0
2020-07-23 00:00:00-04:00,12.897293448553324,13.000280994852869,12.835499711946374,12.881448745727539,18600,0.0,0.0,0.0
2020-07-24 00:00:00-04:00,12.910760528920108,12.936902927101128,12.818862466809637,12.885408401489258,23100,0.0,0.0,0.0
2020-07-27 00:00:00-04:00,12.996321583321322,13.079504013061523,12.952749402685747,13.079504013061523,19000,0.0,0.0,0.0
2020-07-28 00:00:00-04:00,13.024048626019374,13.071581225568258,12.94482661941517,13.031970977783203,71500,0.0,0.0,0.0
2020-07-29 00:00:00-04:00,13.024046805929304,13.134956693055248,13.000279753959223,13.095346450805664,81300,0.0,0.0,0.0
2020-07-30 00:00:00-04:00,13.008203601910392,13.015334171632336,12.79747328108134,12.957502365112305,25200,0.0,0.0,0.0
2020-07-31 00:00:00-04:00,13.024048597506608,13.103270603937375,13.024048597506608,13.081087112426758,88200,0.0,0.0,0.0
2020-08-03 00:00:00-04:00,13.190411567687988,13.214178619533868,13.141293900493496,13.190411567687988,10100,0.0,0.0,0.0
2020-08-04 00:00:00-04:00,13.158725122821798,13.309245267957676,13.134166286524756,13.277557373046875,51700,0.0,0.0,0.0
2020-08-05 00:00:00-04:00,13.435999431354567,13.515221432598223,13.340934238689377,13.388466835021973,197500,0.0,0.0,0.0
2020-08-06 00:00:00-04:00,13.467689345387852,13.523144295044588,13.43599993927883,13.487494468688965,224200,0.0,0.0,0.0
2020-08-07 00:00:00-04:00,13.420156507503313,13.420156507503313,13.261712501856955,13.297362327575684,96800,0.0,0.0,0.0
2020-08-10 00:00:00-04:00,13.408272554062133,13.475611786976827,13.364701886922107,13.404312133789062,145100,0.0,0.0,0.0
2020-08-11 00:00:00-04:00,13.356779397107882,13.356779397107882,13.103270193301286,13.1428804397583,281400,0.0,0.0,0.0
2020-08-12 00:00:00-04:00,13.301325033389903,13.340935281591188,13.21418067410614,13.305285453796387,163700,0.0,0.0,0.0
2020-08-13 00:00:00-04:00,13.325090292221997,13.412234649637481,13.293402396547144,13.352025985717773,232300,0.0,0.0,0.0
2020-08-14 00:00:00-04:00,13.364703178405762,13.428080486137722,13.309246711985365,13.364703178405762,132600,0.0,0.0,0.0
2020-08-17 00:00:00-04:00,13.47561194385829,13.546911597876118,13.47561194385829,13.53106689453125,218400,0.0,0.0,0.0
2020-08-18 00:00:00-04:00,13.515222850585005,13.63880882284331,13.504131859909291,13.598406791687012,89700,0.0,0.0,0.0
2020-08-19 00:00:00-04:00,13.673666813109072,13.673666813109072,13.523145146680049,13.558794975280762,304600,0.0,0.0,0.0
2020-08-20 00:00:00-04:00,13.53898967161943,13.586522272113502,13.467690015361256,13.566717147827148,83500,0.0,0.0,0.0
2020-08-21 00:00:00-04:00,13.45184438378471,13.459766735159697,13.376584312273382,13.432039260864258,105200,0.0,0.0,0.0
2020-08-24 00:00:00-04:00,13.483533262616914,13.550870980123042,13.445506581915918,13.46768856048584,113900,0.0,0.0,0.0
2020-08-25 00:00:00-04:00,13.618211916317335,13.618211916317335,13.537404831936433,13.598406791687012,253700,0.0,0.0,0.0
2020-08-26 00:00:00-04:00,13.66574338993872,13.66574338993872,13.587313168750988,13.618210792541504,139300,0.0,0.0,0.0
2020-08-27 00:00:00-04:00,13.721198349202226,13.721198349202226,13.526312735380825,13.630093574523926,92700,0.0,0.0,0.0
2020-08-28 00:00:00-04:00,13.744965436396944,13.744965436396944,13.667328507828184,13.71882152557373,86500,0.0,0.0,0.0
2020-08-31 00:00:00-04:00,13.744964789033833,13.816264437513924,13.70535303374825,13.74892520904541,119500,0.0,0.0,0.0
2020-09-01 00:00:00-04:00,13.824187387799402,13.863797633767986,13.729120682027165,13.7647705078125,144100,0.0,0.0,0.0
2020-09-02 00:00:00-04:00,13.855876356765215,14.197321720123371,13.626134192471758,13.705354690551758,303300,0.0,0.0,0.0
2020-09-03 00:00:00-04:00,13.665743128949574,13.665743128949574,13.478779870252596,13.562755584716797,141600,0.0,0.0,0.0
2020-09-04 00:00:00-04:00,13.570676424936703,13.602365829952326,13.467688880703928,13.562755584716797,116200,0.0,0.0,0.0
2020-09-08 00:00:00-04:00,13.309245347284248,13.396389703117928,13.237945694517428,13.340934753417969,134800,0.0,0.0,0.0
2020-09-09 00:00:00-04:00,13.388467696900804,13.531067006112377,13.348857449246076,13.471650123596191,217700,0.0,0.0,0.0
2020-09-10 00:00:00-04:00,13.50729942140634,13.515221772833545,13.333012223109948,13.348856925964355,129500,0.0,0.0,0.0
2020-09-11 00:00:00-04:00,13.420157677495292,13.515222880343833,13.412235325418887,13.463729858398438,99100,0.0,0.0,0.0
2020-09-14 00:00:00-04:00,13.451844296210897,13.737042899717592,13.451844296210897,13.51522159576416,200900,0.0,0.0,0.0
2020-09-15 00:00:00-04:00,13.523144374069659,13.610288730344662,13.488286329352846,13.550871849060059,78300,0.0,0.0,0.0
2020-09-16 00:00:00-04:00,13.673666595333305,13.705354491899175,13.618211643067442,13.6895112991333,303000,0.0,0.0,0.0
2020-09-17 00:00:00-04:00,13.634054733635075,13.792498748379126,13.59840641690348,13.760810852050781,110800,0.0,0.0,0.0
2020-09-18 00:00:00-04:00,13.768731018128603,13.863797724523167,13.713276068995956,13.840030670166016,291200,0.0,0.0,0.0
2020-09-21 00:00:00-04:00,13.705355355376977,13.705355355376977,13.397182948911658,13.4518461227417,244200,0.0,0.0,0.0
2020-09-22 00:00:00-04:00,13.49937796474799,13.54611877831089,13.419362672296247,13.46768856048584,156300,0.0,0.0,0.0
2020-09-23 00:00:00-04:00,13.404314082220901,13.404314082220901,13.261714755117335,13.269637107849121,59900,0.0,0.0,0.0
2020-09-24 00:00:00-04:00,13.222102325197156,13.35677927739156,13.186452499291752,13.348856925964355,41000,0.0,0.0,0.0
2020-09-25 00:00:00-04:00,13.291027088672132,13.40431385989251,13.261714535154145,13.379755020141602,61500,0.0,0.0,0.0
2020-09-28 00:00:00-04:00,13.428079605102539,13.455807080976395,13.348857597876904,13.428079605102539,116000,0.0,0.0,0.0
2020-09-29 00:00:00-04:00,13.40431433344216,13.40431433344216,13.275974634436775,13.325092315673828,33500,0.0,0.0,0.0
2020-09-30 00:00:00-04:00,13.364703268419708,13.50730107850139,13.32509150642406,13.4518461227417,76100,0.0,0.0,0.0
2020-10-01 00:00:00-04:00,13.41698817203256,13.41698817203256,13.2379457465348,13.2949857711792,41100,0.0,0.0,0.0
2020-10-02 00:00:00-04:00,13.182491103535705,13.297362937345225,13.163477761544899,13.166647911071777,172000,0.0,0.0,0.0
2020-10-05 00:00:00-04:00,13.182492185308163,13.483535532338218,13.182492185308163,13.4518461227417,292200,0.0,0.0,0.0
2020-10-06 00:00:00-04:00,13.596029974371419,13.60949782180727,13.471650708822821,13.47561264038086,18800,0.0,0.0,0.0
2020-10-07 00:00:00-04:00,13.53898878952346,13.634053984317893,13.53898878952346,13.618210792541504,51700,0.0,0.0,0.0
2020-10-08 00:00:00-04:00,13.744966251399166,13.760810955199162,13.649899539633312,13.6895112991333,94900,0.0,0.0,0.0
2020-10-09 00:00:00-04:00,13.824188835882122,13.88756614269104,13.752889176842817,13.851916313171387,99100,0.0,0.0,0.0
2020-10-12 00:00:00-04:00,13.768733731007728,13.768733731007728,13.64990145787631,13.680797576904297,59900,0.0,0.0,0.0
2020-10-13 00:00:00-04:00,13.657822429282216,13.68158948591799,13.570678065985229,13.66574478149414,74700,0.0,0.0,0.0
2020-10-14 00:00:00-04:00,13.721199882601109,13.808344246829531,13.6895119844489,13.792499542236328,46300,0.0,0.0,0.0
2020-10-15 00:00:00-04:00,13.562756608301465,13.840031367944166,13.562756608301465,13.784576416015625,47300,0.0,0.0,0.0
2020-10-16 00:00:00-04:00,13.887565659803961,13.887565659803961,13.752095405719231,13.776654243469238,66900,0.0,0.0,0.0
2020-10-19 00:00:00-04:00,13.863798233331398,13.88756528856081,13.744965979252518,13.78061580657959,95300,0.0,0.0,0.0
2020-10-20 00:00:00-04:00,13.791706527327952,13.906578358807751,13.791706527327952,13.871720314025879,41100,0.0,0.0,0.0
2020-10-21 00:00:00-04:00,13.943020327622866,13.987384288836825,13.833693988326125,13.855875968933105,59500,0.0,0.0,0.0
2020-10-22 00:00:00-04:00,13.832107972115798,13.958864081143705,13.832107972115798,13.867757797241211,62900,0.0,0.0,0.0
2020-10-23 00:00:00-04:00,13.816267193640918,13.871722151069163,13.758435379317998,13.808344841003418,60600,0.0,0.0,0.0
2020-10-26 00:00:00-04:00,13.719615727048438,13.784576595424156,13.693471814493794,13.776654243469238,35600,0.0,0.0,0.0
2020-10-27 00:00:00-04:00,13.74496565258437,13.855875552284184,13.74496565258437,13.832108497619629,40600,0.0,0.0,0.0
2020-10-28 00:00:00-04:00,13.499378820273604,13.585729883602744,13.499378820273604,13.538989067077637,240300,0.0,0.0,0.0
2020-10-29 00:00:00-04:00,13.467689086534682,13.467689086534682,13.29736230955755,13.432039260864258,250700,0.0,0.0,0.0
2020-10-30 00:00:00-04:00,13.50730107850139,13.51205479214771,13.37262410978462,13.4518461227417,66500,0.0,0.0,0.0
2020-11-02 00:00:00-05:00,13.435999652829114,13.566716183690932,13.388467055713006,13.55483341217041,50900,0.0,0.0,0.0
2020-11-03 00:00:00-05:00,13.673665921035616,13.673665921035616,13.538988967445299,13.610288619995117,124200,0.0,0.0,0.0
2020-11-04 00:00:00-05:00,13.59840748365761,13.737044874158757,13.59840748365761,13.713277816772461,78200,0.0,0.0,0.0
2020-11-05 00:00:00-05:00,13.84795509315666,13.895489208981665,13.800422488365916,13.808344841003418,113700,0.0,0.0,0.0
2020-11-06 00:00:00-05:00,13.879642756436917,13.879642756436917,13.75288815226221,13.788537979125977,185500,0.0,0.0,0.0
2020-11-09 00:00:00-05:00,13.974708461933817,14.006397869646218,13.823395015485595,13.887565612792969,55700,0.0,0.0,0.0
2020-11-10 00:00:00-05:00,13.950942909032978,14.077697517740273,13.908954292735165,14.046008110046387,83900,0.0,0.0,0.0
2020-11-11 00:00:00-05:00,14.109385414400032,14.117307766323504,14.01194335670617,14.046008110046387,59600,0.0,0.0,0.0
2020-11-12 00:00:00-05:00,14.030162373007341,14.109384375373962,13.943019530334674,13.982629776000977,130200,0.0,0.0,0.0
2020-11-13 00:00:00-05:00,14.061854888402857,14.07769959458733,13.985801507544869,14.014322280883789,148200,0.0,0.0,0.0
2020-11-16 00:00:00-05:00,14.06977529787954,14.156919658821563,14.06977529787954,14.14899730682373,83300,0.0,0.0,0.0
2020-11-17 00:00:00-05:00,14.141074973788891,14.204452278822401,14.093542372772292,14.172762870788574,47400,0.0,0.0,0.0
2020-11-18 00:00:00-05:00,14.267828095082352,14.30743833995737,14.187814312490346,14.20841121673584,99300,0.0,0.0,0.0
2020-11-19 00:00:00-05:00,14.196530332955192,14.212375037425398,14.117308321638344,14.184647560119629,101100,0.0,0.0,0.0
2020-11-20 00:00:00-05:00,14.259907552053159,14.309817010896424,14.223465940823276,14.279712677001953,89200,0.0,0.0,0.0
2020-11-23 00:00:00-05:00,14.362894319496263,14.362894319496263,14.256738130305166,14.259906768798828,43800,0.0,0.0,0.0
2020-11-24 00:00:00-05:00,14.347050866483773,14.44211606370361,14.331997945119625,14.415973663330078,59800,0.0,0.0,0.0
2020-11-25 00:00:00-05:00,14.434194979224392,14.521339343521067,14.38666237644175,14.457962036132812,96000,0.0,0.0,0.0
2020-11-27 00:00:00-05:00,14.450038382897702,14.503909769293085,14.426271328129022,14.485688209533691,160800,0.0,0.0,0.0
2020-11-30 00:00:00-05:00,14.434193352154697,14.465090975963022,14.339128157305474,14.378738403320312,135600,0.0,0.0,0.0
2020-12-01 00:00:00-05:00,14.49361180165406,14.497572222270787,14.378739960324474,14.40646743774414,165500,0.0,0.0,0.0
2020-12-02 00:00:00-05:00,14.362894550282727,14.50311700536053,14.303479177745155,14.45003890991211,110300,0.0,0.0,0.0
2020-12-03 00:00:00-05:00,14.402506469468085,14.465883774165125,14.370817061602498,14.418351173400879,64600,0.0,0.0,0.0
2020-12-04 00:00:00-05:00,14.50549236709108,14.592636717739362,14.434192718566843,14.473804473876953,87600,0.0,0.0,0.0
2020-12-07 00:00:00-05:00,14.45796144131947,14.529261098077201,14.375570794000943,14.442116737365723,198100,0.0,0.0,0.0
2020-12-08 00:00:00-05:00,14.418350587955606,14.450038483500398,14.180684571716338,14.414388656616211,103000,0.0,0.0,0.0
2020-12-09 00:00:00-05:00,14.513414539246853,14.513414539246853,14.402504647813647,14.48172664642334,47500,0.0,0.0,0.0
2020-12-10 00:00:00-05:00,14.426272080060537,14.73523776402115,14.426272080060537,14.64017105102539,82300,0.0,0.0,0.0
2020-12-11 00:00:00-05:00,14.695624972530647,14.703547323977073,14.521337773811377,14.609273910522461,81800,0.0,0.0,0.0
2020-12-14 00:00:00-05:00,14.7669251188476,14.7669251188476,14.529260611634971,14.66393756866455,42100,0.0,0.0,0.0
2020-12-15 00:00:00-05:00,14.632247726144316,14.798614085066884,14.632247726144316,14.774847030639648,92400,0.0,0.0,0.0
2020-12-16 00:00:00-05:00,14.830301876376433,14.885758336319398,14.76375593768571,14.866744995117188,55300,0.0,0.0,0.0
2020-12-17 00:00:00-05:00,15.01251240720198,15.083812056435672,14.925368055686583,15.028355598449707,74600,0.0,0.0,0.0
2020-12-18 00:00:00-05:00,15.091733554075025,15.131345311505132,15.028356253220895,15.083812713623047,73000,0.0,0.0,0.0
2020-12-21 00:00:00-05:00,15.020433768938746,15.036278471770705,14.86991362513722,15.013304710388184,146400,0.0,0.0,0.0
2020-12-22 00:00:00-05:00,14.957058836511212,14.957058836511212,14.846940703154038,14.893681526184082,131200,0.0,0.0,0.0
2020-12-23 00:00:00-05:00,15.044200956192938,15.131345311505132,14.9689408836268,15.083812713623047,137500,0.0,0.0,0.0
2020-12-24 00:00:00-05:00,14.996667348859892,15.09965488917782,14.996667348859892,15.04419994354248,36400,0.0,0.0,0.0
2020-12-28 00:00:00-05:00,14.988745353779423,15.0996552476834,14.988745353779423,15.028355598449707,61600,0.0,0.0,0.0
2020-12-29 00:00:00-05:00,15.091734536755133,15.131346296764512,15.028357231774269,15.119462013244629,45500,0.0,0.0,0.0
2020-12-30 00:00:00-05:00,15.13134624940606,15.250178506993992,15.123423897428982,15.23037338256836,61700,0.0,0.0,0.0
2020-12-31 00:00:00-05:00,15.25017556389386,15.321475206893474,15.200266116000899,15.313552856445312,144200,0.0,0.0,0.0
2021-01-04 00:00:00-05:00,15.527454504636275,15.749274311894865,15.298504127415468,15.321477890014648,517700,0.0,0.0,0.0
2021-01-05 00:00:00-05:00,15.471998714205807,15.741352617878052,15.424464605769037,15.717585563659668,181700,0.0,0.0,0.0
2021-01-06 00:00:00-05:00,15.701742172241211,15.741353932580186,15.638364866733005,15.701742172241211,618400,0.0,0.0,0.0
2021-01-07 00:00:00-05:00,15.733431580512391,15.788886533952802,15.662923704832922,15.701742172241211,285500,0.0,0.0,0.0
2021-01-08 00:00:00-05:00,15.717585557559497,15.717585557559497,15.543298359794404,15.685104370117188,330400,0.0,0.0,0.0
2021-01-11 00:00:00-05:00,15.67797418897692,15.67797418897692,15.416541144497819,15.558348655700684,282800,0.0,0.0,0.0
2021-01-12 00:00:00-05:00,15.677976756952075,15.828496914384665,15.63044264415152,15.804731369018555,757400,0.0,0.0,0.0
2021-01-13 00:00:00-05:00,15.820574326215915,15.8443413822616,15.71758677208624,15.773041725158691,383600,0.0,0.0,0.0
2021-01-14 00:00:00-05:00,15.828494418957588,15.955249011040685,15.773039473800473,15.94732666015625,726700,0.0,0.0,0.0
2021-01-15 00:00:00-05:00,15.822951723849137,15.85226427620415,15.678768840931708,15.749275207519531,673800,0.0,0.0,0.0
2021-01-19 00:00:00-05:00,15.955249880234604,15.955249880234604,15.709663033574014,15.725507736206055,479100,0.0,0.0,0.0
2021-01-20 00:00:00-05:00,15.717588305224844,15.80473267485852,15.693821246860853,15.777005195617676,310000,0.0,0.0,0.0
2021-01-21 00:00:00-05:00,15.876031027185219,15.876031027185219,15.725509358718464,15.804731369018555,566400,0.0,0.0,0.0
2021-01-22 00:00:00-05:00,15.614595980935139,15.709662683575363,15.527453140468408,15.574193954467773,333200,0.0,0.0,0.0
2021-01-25 00:00:00-05:00,15.614598990810178,15.73343276977539,15.582911091177918,15.73343276977539,177300,0.0,0.0,0.0
2021-01-26 00:00:00-05:00,15.796808490194381,15.843549308499265,15.769081014168954,15.787301063537598,261400,0.0,0.0,0.0
2021-01-27 00:00:00-05:00,15.788887727407547,15.826121122803022,15.620937779564045,15.73343276977539,430600,0.0,0.0,0.0
2021-01-28 00:00:00-05:00,15.883952937338595,15.979019658303912,15.709665711775495,15.73343276977539,556600,0.0,0.0,0.0
2021-01-29 00:00:00-05:00,15.907718086931386,15.907718086931386,15.737391302618125,15.757196426391602,209700,0.0,0.0,0.0
2021-02-01 00:00:00-05:00,16.03447038013909,16.05031508128669,15.876027901764717,16.04239273071289,400600,0.0,0.0,0.0
2021-02-02 00:00:00-05:00,16.018626906154385,16.026549257335102,15.923561714053733,15.96317195892334,198300,0.0,0.0,0.0
2021-02-03 00:00:00-05:00,16.026547319561487,16.09784696053311,15.979014729258337,16.074081420898438,590700,0.0,0.0,0.0
2021-02-04 00:00:00-05:00,16.026551554115287,16.153306169104134,15.935446769031689,16.121618270874023,674000,0.0,0.0,0.0
2021-02-05 00:00:00-05:00,16.177071906565708,16.4068140608562,16.163604059830302,16.2959041595459,396300,0.0,0.0,0.0
2021-02-08 00:00:00-05:00,16.367200142054976,16.48603236837875,16.291940084624457,16.398889541625977,303100,0.0,0.0,0.0
2021-02-09 00:00:00-05:00,16.462270813619796,16.52564811706543,16.364035464417128,16.52564811706543,904400,0.0,0.0,0.0
2021-02-10 00:00:00-05:00,16.5256476216439,16.5256476216439,16.36720361226275,16.43850326538086,419400,0.0,0.0,0.0
2021-02-11 00:00:00-05:00,16.46226682973424,16.5169299862706,16.367200142054976,16.398889541625977,912900,0.0,0.0,0.0
2021-02-12 00:00:00-05:00,16.3988924074595,16.565257251179588,16.3988924074595,16.557334899902344,767600,0.0,0.0,0.0
2021-02-16 00:00:00-05:00,16.699936472466987,16.8504581451416,16.654780726181706,16.8504581451416,441400,0.0,0.0,0.0
2021-02-17 00:00:00-05:00,16.715778433797635,16.84253302860471,16.649232498179018,16.779155731201172,572100,0.0,0.0,0.0
2021-02-18 00:00:00-05:00,16.89006448477039,16.89006448477039,16.741127921468614,16.787076950073242,428000,0.0,0.0,0.0
2021-02-19 00:00:00-05:00,16.945522231595596,17.03266659070687,16.83461232802423,16.882144927978516,516900,0.0,0.0,0.0
2021-02-22 00:00:00-05:00,16.969286229486688,17.17526280688693,16.961363879082775,17.1594181060791,843200,0.0,0.0,0.0
2021-02-23 00:00:00-05:00,17.111888623036037,17.23072087861275,16.969289311930336,17.214876174926758,642800,0.0,0.0,0.0
2021-02-24 00:00:00-05:00,17.214877506158903,17.4208541369027,17.159422550003693,17.373321533203125,730900,0.0,0.0,0.0
2021-02-25 00:00:00-05:00,17.32578564778109,17.32578564778109,17.169718507138064,17.19110870361328,1100200,0.0,0.0,0.0
2021-02-26 00:00:00-05:00,17.080200029693735,17.080200029693735,16.882145757282053,16.92967987060547,652400,0.0,0.0,0.0
2021-03-01 00:00:00-05:00,17.000977085941983,17.000977085941983,16.73954552114063,16.795001983642578,1067500,0.0,0.0,0.0
2021-03-02 00:00:00-05:00,16.874225239630547,17.008902219953967,16.802925572927897,16.866304397583008,2001600,0.0,0.0,0.0
2021-03-03 00:00:00-05:00,16.795001723516688,16.89798927307129,16.772026450382928,16.89798927307129,647700,0.0,0.0,0.0
2021-03-04 00:00:00-05:00,16.747466265820677,16.93759815733692,16.61278932045076,16.739543914794922,1077500,0.0,0.0,0.0
2021-03-05 00:00:00-05:00,16.905909801465512,16.985131798520385,16.834610155219515,16.96136474609375,2688700,0.0,0.0,0.0
2021-03-08 00:00:00-05:00,16.937602553251313,16.937602553251313,16.85045969141923,16.866304397583008,409200,0.0,0.0,0.0
2021-03-09 00:00:00-05:00,16.858377623406973,16.985132217407227,16.834610570394194,16.985132217407227,636100,0.0,0.0,0.0
2021-03-10 00:00:00-05:00,16.882145757282053,16.945523064012423,16.82273038217906,16.92967987060547,466200,0.0,0.0,0.0
2021-03-11 00:00:00-05:00,17.056435062724148,17.135655565549115,16.961368343886264,17.103967666625977,1299100,0.0,0.0,0.0
2021-03-12 00:00:00-05:00,17.10159003579341,17.13565479002508,16.897990270237912,17.096044540405273,957400,0.0,0.0,0.0
2021-03-15 00:00:00-04:00,17.032667234393084,17.12773394892845,16.99305698477328,17.096044540405273,445400,0.0,0.0,0.0
2021-03-16 00:00:00-04:00,17.040589172372922,17.072277069091797,16.957406743572477,17.072277069091797,517000,0.0,0.0,0.0
2021-03-17 00:00:00-04:00,16.993055364500577,17.040587961718987,16.882143956278927,17.016820907592773,430600,0.0,0.0,0.0
2021-03-18 00:00:00-04:00,16.88214611413862,16.88214611413862,16.53436345719901,16.581104278564453,735900,0.0,0.0,0.0
2021-03-19 00:00:00-04:00,16.600908516045205,16.83461261037173,16.557336335758784,16.80292320251465,617200,0.0,0.0,0.0
2021-03-22 00:00:00-04:00,16.826689541073662,16.890066843051876,16.713402783778935,16.834611892700195,448800,0.0,0.0,0.0
2021-03-23 00:00:00-04:00,16.636558040008854,16.741130666369507,16.51772578478704,16.549413681030273,685600,0.0,0.0,0.0
2021-03-24 00:00:00-04:00,16.62071517071672,16.818769454956055,16.62071517071672,16.818769454956055,842000,0.0,0.0,0.0
2021-03-25 00:00:00-04:00,16.62071325889186,16.63655796245667,16.462270756346065,16.48603630065918,916100,0.0,0.0,0.0
2021-03-26 00:00:00-04:00,16.73162399171945,18.05462646484375,16.658739264908693,18.05462646484375,662200,0.0,0.0,0.0
2021-03-29 00:00:00-04:00,16.65240184637417,16.747467041015625,16.531192741034197,16.747467041015625,551300,0.0,0.0,0.0
2021-03-30 00:00:00-04:00,16.525644117842504,16.525644117842504,16.351355442269476,16.398889541625977,512700,0.0,0.0,0.0
2021-03-31 00:00:00-04:00,16.42265913072396,16.69993540122216,16.388594377713833,16.589025497436523,405900,0.0,0.0,0.0
2021-04-01 00:00:00-04:00,16.707858894704547,16.707858894704547,16.517726970494408,16.581104278564453,601100,0.0,0.0,0.0
2021-04-05 00:00:00-04:00,16.557333435406836,16.715777424869316,16.54228202703517,16.60486602783203,481500,0.0,0.0,0.0
2021-04-06 00:00:00-04:00,16.525647933803153,16.7950018482186,16.525647933803153,16.692012786865234,572500,0.0,0.0,0.0
2021-04-07 00:00:00-04:00,16.63655747902233,16.73954502713272,16.612790424365752,16.707857131958008,556000,0.0,0.0,0.0
2021-04-08 00:00:00-04:00,16.763312953727425,16.842534962336003,16.731625056904477,16.80292320251465,427800,0.0,0.0,0.0
2021-04-09 00:00:00-04:00,16.73162349224874,16.795000791002053,16.73162349224874,16.7633113861084,522000,0.0,0.0,0.0
2021-04-12 00:00:00-04:00,16.913830571230015,16.913830571230015,16.596944123665843,16.65239906311035,548300,0.0,0.0,0.0
2021-04-13 00:00:00-04:00,16.755387547991745,16.81876484112088,16.715777306423732,16.787076950073242,802900,0.0,0.0,0.0
2021-04-14 00:00:00-04:00,16.90591254856317,17.06435656841901,16.85837994702008,17.03266716003418,575700,0.0,0.0,0.0
2021-04-15 00:00:00-04:00,17.135651054867363,17.17526280688693,17.069105124715094,17.1594181060791,610300,0.0,0.0,0.0
2021-04-16 00:00:00-04:00,17.22279767179808,17.22279767179808,17.14357566833496,17.14357566833496,673600,0.0,0.0,0.0
2021-04-19 00:00:00-04:00,17.25448907024249,17.25448907024249,17.151500000536466,17.206954956054688,676300,0.0,0.0,0.0
2021-04-20 00:00:00-04:00,17.278253478636614,17.309942886008596,17.14357651937391,17.214876174926758,648300,0.0,0.0,0.0
2021-04-21 00:00:00-04:00,17.19111111972092,17.33370892385109,17.151499359378523,17.302021026611328,745800,0.0,0.0,0.0
2021-04-22 00:00:00-04:00,17.35747682829186,17.412931784447068,17.27746303283445,17.373321533203125,641000,0.0,0.0,0.0
2021-04-23 00:00:00-04:00,17.44461832880422,17.531761169433594,17.417682637086386,17.531761169433594,657600,0.0,0.0,0.0
2021-04-26 00:00:00-04:00,17.603061477812226,17.761505484762154,17.54760652868996,17.74566078186035,1031100,0.0,0.0,0.0
2021-04-27 00:00:00-04:00,17.809039351703486,17.896183712840223,17.72981734258228,17.840728759765625,1059600,0.0,0.0,0.0
2021-04-28 00:00:00-04:00,17.785271926668912,17.958767337677312,17.785271926668912,17.864492416381836,748900,0.0,0.0,0.0
2021-04-29 00:00:00-04:00,17.96748030921089,17.96748030921089,17.759126868694057,17.848648071289062,481800,0.0,0.0,0.0
2021-04-30 00:00:00-04:00,17.816960930201745,17.91202763922673,17.721895732210836,17.832805633544922,1255800,0.0,0.0,0.0
2021-05-03 00:00:00-04:00,18.007092356084286,18.086314359649354,17.95163740689895,18.05462646484375,883000,0.0,0.0,0.0
2021-05-04 00:00:00-04:00,18.173458537381837,18.220991134643555,18.062547129059134,18.220991134643555,946400,0.0,0.0,0.0
2021-05-05 00:00:00-04:00,18.194055085316002,18.26060102238407,18.141768776043378,18.236835479736328,1109900,0.0,0.0,0.0
2021-05-06 00:00:00-04:00,18.363588066032083,18.46657559863857,18.300210774189512,18.44281005859375,1640600,0.0,0.0,0.0
2021-05-07 00:00:00-04:00,18.52995574342943,18.640867154505674,18.458656090249722,18.577489852905273,1228900,0.0,0.0,0.0
2021-05-10 00:00:00-04:00,18.673347113575126,18.712167090210073,18.462618300313295,18.498268127441406,1110500,0.0,0.0,0.0
2021-05-11 00:00:00-04:00,18.446774946090844,18.680479049682617,18.442814525468766,18.680479049682617,1601000,0.0,0.0,0.0
2021-05-12 00:00:00-04:00,18.62502211339845,18.73593201142819,18.56164481294802,18.61709976196289,1783100,0.0,0.0,0.0
2021-05-13 00:00:00-04:00,18.434889388357593,18.434889388357593,18.17345784680135,18.276445388793945,1218200,0.0,0.0,0.0
2021-05-14 00:00:00-04:00,18.371516835849388,18.4111270904541,18.25268456100089,18.4111270904541,915600,0.0,0.0,0.0
2021-05-17 00:00:00-04:00,18.442814719661072,18.561646983019234,18.355670354715787,18.514114379882812,930200,0.0,0.0,0.0
2021-05-18 00:00:00-04:00,18.640865177725804,18.664630718909436,18.438849011461517,18.53787612915039,1079100,0.0,0.0,0.0
2021-05-19 00:00:00-04:00,18.276448357179856,18.276448357179856,18.08235601277637,18.205148696899414,1180700,0.0,0.0,0.0
2021-05-20 00:00:00-04:00,18.133845422437194,18.18137952717314,18.023727315223237,18.062545776367188,928900,0.0,0.0,0.0
2021-05-21 00:00:00-04:00,18.133847754845057,18.133847754845057,18.030860203405226,18.086315155029297,522300,0.0,0.0,0.0
2021-05-24 00:00:00-04:00,18.022938359090567,18.19722557067871,18.022938359090567,18.19722557067871,619000,0.0,0.0,0.0
2021-05-25 00:00:00-04:00,18.173461861815465,18.23683917343591,18.102162197363178,18.13385009765625,830000,0.0,0.0,0.0
2021-05-26 00:00:00-04:00,18.165537315554133,18.23683697139722,18.062548252210068,18.213069915771484,743300,0.0,0.0,0.0
2021-05-27 00:00:00-04:00,18.276444514318055,18.49826580088685,18.276444514318055,18.474498748779297,565900,0.0,0.0,0.0
2021-05-28 00:00:00-04:00,18.482422395107136,18.593332290649414,18.426967447335997,18.593332290649414,545000,0.0,0.0,0.0
2021-06-01 00:00:00-04:00,18.72801165231855,18.846845425459673,18.61710174248998,18.680479049682617,964400,0.0,0.0,0.0
2021-06-02 00:00:00-04:00,18.743854660220364,18.846843719482422,18.62502240886989,18.846843719482422,618500,0.0,0.0,0.0
2021-06-03 00:00:00-04:00,18.648789787652774,18.65512706459828,18.444396740302366,18.498268127441406,530700,0.0,0.0,0.0
2021-06-04 00:00:00-04:00,18.688400852676583,18.862688064575195,18.62898396785239,18.862688064575195,491600,0.0,0.0,0.0
2021-06-07 00:00:00-04:00,18.791385308668485,18.791385308668485,18.53787612915039,18.53787612915039,474900,0.0,0.0,0.0
2021-06-08 00:00:00-04:00,18.72800651933527,18.85476109897958,18.68839627983409,18.830995559692383,707600,0.0,0.0,0.0
2021-06-09 00:00:00-04:00,18.86268508773353,18.910219192504883,18.738307353419703,18.910219192504883,751600,0.0,0.0,0.0
2021-06-10 00:00:00-04:00,18.82307605260753,18.965675354003906,18.724048927863823,18.965675354003906,648500,0.0,0.0,0.0
2021-06-11 00:00:00-04:00,18.854761986961954,18.926061630249023,18.735929751828124,18.926061630249023,487100,0.0,0.0,0.0
2021-06-14 00:00:00-04:00,18.648790020599375,18.743855220105765,18.579073929191647,18.688400268554688,399300,0.0,0.0,0.0
2021-06-15 00:00:00-04:00,18.735934201875594,18.735934201875594,18.458657913350407,18.514114379882812,1917500,0.0,0.0,0.0
2021-06-16 00:00:00-04:00,18.506188508819186,18.566397166493424,18.339822162922705,18.458654403686523,646600,0.0,0.0,0.0
2021-06-17 00:00:00-04:00,18.157614783504723,18.17345948709799,17.753583908081055,17.753583908081055,1549100,0.0,0.0,0.0
2021-06-18 00:00:00-04:00,17.842311426129587,18.038782119750977,17.82488315919249,18.038782119750977,751900,0.0,0.0,0.0
2021-06-21 00:00:00-04:00,17.713972907237785,18.102159062569175,17.7036736992365,18.05462646484375,521300,0.0,0.0,0.0
2021-06-22 00:00:00-04:00,18.133845128153837,18.21306712372752,18.022935240971012,18.11800193786621,547800,0.0,0.0,0.0
2021-06-23 00:00:00-04:00,18.27644345717949,18.394483907061726,18.205143816014814,18.25267791748047,628000,0.0,0.0,0.0
2021-06-24 00:00:00-04:00,18.18929949370545,18.323976428590633,18.125922201467358,18.26059913635254,557700,0.0,0.0,0.0
2021-06-25 00:00:00-04:00,18.363591093115048,18.434890747070312,18.15365406259903,18.434890747070312,438000,0.0,0.0,0.0
2021-06-28 00:00:00-04:00,18.37943579644601,18.45073545040128,18.316058494156227,18.434890747070312,609100,0.0,0.0,0.0
2021-06-29 00:00:00-04:00,18.490348748292856,18.561648414011373,18.419049082574336,18.426971435546875,304700,0.0,0.0,0.0
2021-06-30 00:00:00-04:00,18.48242032146227,18.751774189873792,18.34061281861424,18.735929489135742,632000,0.0,0.0,0.0
2021-07-01 00:00:00-04:00,18.854767918823654,18.862690271796193,18.426971435546875,18.426971435546875,653200,0.0,0.0,0.0
2021-07-02 00:00:00-04:00,18.64878778385479,18.75969767365436,18.58937090801421,18.728008270263672,300800,0.0,0.0,0.0
2021-07-06 00:00:00-04:00,18.949832605436857,18.949832605436857,18.255057585913846,18.36359214782715,284300,0.0,0.0,0.0
2021-07-07 00:00:00-04:00,18.41904273950884,18.41904273950884,18.13384417485014,18.25267791748047,660000,0.0,0.0,0.0
2021-07-08 00:00:00-04:00,18.1259268100102,18.308137893676758,18.1259268100102,18.308137893676758,169500,0.0,0.0,0.0
2021-07-09 00:00:00-04:00,18.42696535787465,18.52203054012159,18.37151041639163,18.44281005859375,327300,0.0,0.0,0.0
2021-07-12 00:00:00-04:00,18.490344746365015,18.64086639819668,18.396071335154076,18.593332290649414,293700,0.0,0.0,0.0
2021-07-13 00:00:00-04:00,18.60125703793327,18.72801165231855,18.52203502618392,18.680479049682617,329800,0.0,0.0,0.0
2021-07-14 00:00:00-04:00,18.69632062838531,18.81436108883937,18.577488386146047,18.62502098083496,365100,0.0,0.0,0.0
2021-07-15 00:00:00-04:00,18.664633911747753,18.699491958756298,18.60917895812109,18.632946014404297,326700,0.0,0.0,0.0
2021-07-16 00:00:00-04:00,18.759699461659846,18.93398666381836,18.426968249514275,18.93398666381836,285200,0.0,0.0,0.0
2021-07-19 00:00:00-04:00,18.450734709996432,18.450734709996432,18.09423645452593,18.15761375427246,544500,0.0,0.0,0.0
2021-07-20 00:00:00-04:00,18.213068608797215,18.38735580444336,18.180587421749806,18.38735580444336,641600,0.0,0.0,0.0
2021-07-21 00:00:00-04:00,18.450735625289827,18.632945182220798,18.450735625289827,18.585411071777344,331000,0.0,0.0,0.0
2021-07-22 00:00:00-04:00,18.680476758656518,18.821490985434778,18.38735580444336,18.38735580444336,265500,0.0,0.0,0.0
2021-07-23 00:00:00-04:00,18.569568594062343,18.894377472757206,18.569568594062343,18.862688064575195,316200,0.0,0.0,0.0
2021-07-26 00:00:00-04:00,18.98944295501993,19.092432022094727,18.949832705242958,19.092432022094727,282000,0.0,0.0,0.0
2021-07-27 00:00:00-04:00,19.219182979718674,19.219182979718674,18.88645180735128,18.9498291015625,268600,0.0,0.0,0.0
2021-07-28 00:00:00-04:00,18.95775258494843,19.060740127557494,18.9102199892084,18.94190788269043,498000,0.0,0.0,0.0
2021-07-29 00:00:00-04:00,19.124116688134286,19.24611907757575,19.060739392580068,19.242950439453125,516400,0.0,0.0,0.0
2021-07-30 00:00:00-04:00,19.08450648504823,19.116194377374793,18.941907191993895,18.99736213684082,331100,0.0,0.0,0.0
2021-08-02 00:00:00-04:00,18.981523020473627,19.07658974749454,18.82704091121971,18.87061309814453,337200,0.0,0.0,0.0
2021-08-03 00:00:00-04:00,18.740685844496966,19.013208389282227,18.70028230522712,19.013208389282227,209800,0.0,0.0,0.0
2021-08-04 00:00:00-04:00,18.838921745948156,18.854764938354492,18.67255538189189,18.854764938354492,453800,0.0,0.0,0.0
2021-08-05 00:00:00-04:00,18.743857616345142,18.83892433903909,18.736727045505237,18.77554702758789,183000,0.0,0.0,0.0
2021-08-06 00:00:00-04:00,18.775543768605978,18.775543768605978,18.61709976196289,18.61709976196289,288900,0.0,0.0,0.0
2021-08-09 00:00:00-04:00,18.44281198737696,18.466577529907227,18.284367985683257,18.466577529907227,302400,0.0,0.0,0.0
2021-08-10 00:00:00-04:00,18.426969411537602,18.664633930471492,18.426969411537602,18.65671157836914,286700,0.0,0.0,0.0
2021-08-11 00:00:00-04:00,18.632943580678578,18.815153121948242,18.57431848504409,18.815153121948242,233400,0.0,0.0,0.0
2021-08-12 00:00:00-04:00,18.751774189873792,18.838918532899232,18.644824726442703,18.735929489135742,522600,0.0,0.0,0.0
2021-08-13 00:00:00-04:00,18.80723112806556,18.910220182762732,18.791386425645378,18.79930877685547,197700,0.0,0.0,0.0
2021-08-16 00:00:00-04:00,18.807231961676223,18.846843719482422,18.680477358764506,18.846843719482422,286700,0.0,0.0,0.0
2021-08-17 00:00:00-04:00,18.72801051651,18.783465468061078,18.522033902867353,18.688400268554688,370900,0.0,0.0,0.0
2021-08-18 00:00:00-04:00,18.58540740793368,18.58540740793368,18.387353186565075,18.419042587280273,289100,0.0,0.0,0.0
2021-08-19 00:00:00-04:00,18.22099170776294,18.37151336669922,18.06254769719485,18.37151336669922,594800,0.0,0.0,0.0
2021-08-20 00:00:00-04:00,18.10215744473652,18.149690038213844,17.943713451766897,17.999168395996094,585000,0.0,0.0,0.0
2021-08-23 00:00:00-04:00,18.276447711191228,18.371514425216382,18.268525359102952,18.300214767456055,814400,0.0,0.0,0.0
2021-08-24 00:00:00-04:00,18.450733792952974,18.64878803369639,18.450733792952974,18.62502098083496,631000,0.0,0.0,0.0
2021-08-25 00:00:00-04:00,18.63294531700361,18.743855220105765,18.585411206216314,18.688400268554688,586500,0.0,0.0,0.0
2021-08-26 00:00:00-04:00,18.632945598843968,18.68840055123385,18.58303614169307,18.60917854309082,499200,0.0,0.0,0.0
2021-08-27 00:00:00-04:00,18.696321648062813,18.854764142678466,18.65670989113338,18.823076248168945,395700,0.0,0.0,0.0
2021-08-30 00:00:00-04:00,18.933989274849193,18.933989274849193,18.77554675404669,18.8785343170166,341200,0.0,0.0,0.0
2021-08-31 00:00:00-04:00,18.728009126998653,18.79930877685547,18.672554179562017,18.79930877685547,323900,0.0,0.0,0.0
2021-09-01 00:00:00-04:00,18.672557200026414,18.79138946533203,18.609179891127802,18.79138946533203,600400,0.0,0.0,0.0
2021-09-02 00:00:00-04:00,18.8151557477724,18.88645540622564,18.782674557205052,18.783466339111328,155200,0.0,0.0,0.0
2021-09-03 00:00:00-04:00,18.87853143608345,19.013208389282227,18.87853143608345,19.013208389282227,236700,0.0,0.0,0.0
2021-09-07 00:00:00-04:00,18.854766774230644,18.854766774230644,18.69711603944012,18.79138946533203,337100,0.0,0.0,0.0
2021-09-08 00:00:00-04:00,18.886452265149273,18.886452265149273,18.720085919416,18.728008270263672,544800,0.0,0.0,0.0
2021-09-09 00:00:00-04:00,18.696321487426758,18.820699229945085,18.68047678479112,18.696321487426758,438000,0.0,0.0,0.0
2021-09-10 00:00:00-04:00,18.8864551207117,18.902299824802707,18.81515546333633,18.862688064575195,279200,0.0,0.0,0.0
2021-09-13 00:00:00-04:00,18.799313430637437,18.878535451315802,18.783468724294888,18.87061309814453,191000,0.0,0.0,0.0
2021-09-14 00:00:00-04:00,18.91021754972852,18.91021754972852,18.80722850937141,18.830995559692383,346000,0.0,0.0,0.0
2021-09-15 00:00:00-04:00,19.060741404540916,19.171652816743517,19.036975860595703,19.036975860595703,375500,0.0,0.0,0.0
2021-09-16 00:00:00-04:00,18.902298075600644,18.98944091796875,18.830998424823274,18.98944091796875,669000,0.0,0.0,0.0
2021-09-17 00:00:00-04:00,18.870609543778198,18.872986400385326,18.74385493898137,18.767621994018555,217500,0.0,0.0,0.0
2021-09-20 00:00:00-04:00,18.561645449943427,18.60125569744652,18.403201437862887,18.52203369140625,307200,0.0,0.0,0.0
2021-09-21 00:00:00-04:00,18.506188508819186,18.51411085967463,18.343784093867388,18.458654403686523,232700,0.0,0.0,0.0
2021-09-22 00:00:00-04:00,18.648789584889155,18.791387380817085,18.6250225300508,18.640867233276367,179000,0.0,0.0,0.0
2021-09-23 00:00:00-04:00,18.74385284787297,18.93398473385665,18.68918968510965,18.910219192504883,259800,0.0,0.0,0.0
2021-09-24 00:00:00-04:00,18.878534044959547,19.036978074512994,18.823079087926114,18.981521606445312,281000,0.0,0.0,0.0
2021-09-27 00:00:00-04:00,19.14788676613536,19.274641377272115,19.14550990940935,19.235031127929688,552700,0.0,0.0,0.0
2021-09-28 00:00:00-04:00,19.425159487999938,19.425159487999938,19.163727961517715,19.1795711517334,348800,0.0,0.0,0.0
2021-09-29 00:00:00-04:00,19.084510029313368,19.171654393704728,19.044899778790498,19.076587677001953,501400,0.0,0.0,0.0
2021-09-30 00:00:00-04:00,19.029055487000065,19.26672001736179,19.029055487000065,19.10035514831543,308800,0.0,0.0,0.0
2021-10-01 00:00:00-04:00,19.298407887125183,19.417240142822266,19.231068651908565,19.417240142822266,500800,0.0,0.0,0.0
2021-10-04 00:00:00-04:00,19.345940007044835,19.639060974121094,19.345940007044835,19.639060974121094,493600,0.0,0.0,0.0
2021-10-05 00:00:00-04:00,19.575683794342194,19.788790991835707,19.55904730778999,19.742050170898438,329300,0.0,0.0,0.0
2021-10-06 00:00:00-04:00,19.61529314521677,19.63113784790039,19.457642433306614,19.63113784790039,493500,0.0,0.0,0.0
2021-10-07 00:00:00-04:00,19.51230529120751,19.71828190568533,19.441007146805678,19.686594009399414,433600,0.0,0.0,0.0
2021-10-08 00:00:00-04:00,19.868805130246322,19.908415381475947,19.70244026184082,19.70244026184082,410200,0.0,0.0,0.0
2021-10-11 00:00:00-04:00,19.837114771596582,19.90049207232551,19.74997041645654,19.884647369384766,545000,0.0,0.0,0.0
2021-10-12 00:00:00-04:00,19.837117231469467,19.864051416567815,19.67471127273901,19.70244026184082,534800,0.0,0.0,0.0
2021-10-13 00:00:00-04:00,19.7658149808118,19.81334757826672,19.655696864903593,19.781658172607422,430200,0.0,0.0,0.0
2021-10-14 00:00:00-04:00,20.019323025368667,20.090622672948843,19.944061446792958,20.070816040039062,566900,0.0,0.0,0.0
2021-10-15 00:00:00-04:00,20.256986594840974,20.3045191874025,20.185686950481745,20.23322105407715,545200,0.0,0.0,0.0
2021-10-18 00:00:00-04:00,20.336209942897426,20.336209942897426,20.092999958557524,20.10646629333496,482600,0.0,0.0,0.0
2021-10-19 00:00:00-04:00,20.074778806106288,20.163506722862678,20.035960342525364,20.118350982666016,408600,0.0,0.0,0.0
2021-10-20 00:00:00-04:00,20.082701545793643,20.447120645824718,20.082701545793643,20.423355102539062,1142900,0.0,0.0,0.0
2021-10-21 00:00:00-04:00,20.10646541005042,20.161921865498705,19.908411173693985,20.01140022277832,641000,0.0,0.0,0.0
2021-10-22 00:00:00-04:00,20.09854423571457,20.16984236946475,19.908410842267806,20.051010131835938,604100,0.0,0.0,0.0
2021-10-25 00:00:00-04:00,20.296603743296377,20.320369290377815,20.229264500818996,20.272836685180664,391900,0.0,0.0,0.0
2021-10-26 00:00:00-04:00,20.1936119196137,20.250651944704313,20.13815696926202,20.201534271240234,668400,0.0,0.0,0.0
2021-10-27 00:00:00-04:00,20.01932517941892,20.114390379065405,19.908413765119217,19.955947875976562,425700,0.0,0.0,0.0
2021-10-28 00:00:00-04:00,19.979712307445215,20.066856661462065,19.916335007533153,19.987634658813477,418400,0.0,0.0,0.0
2021-10-29 00:00:00-04:00,20.09854484385581,20.09854484385581,19.734124258262412,19.932178497314453,445500,0.0,0.0,0.0
2021-11-01 00:00:00-04:00,19.99080180854789,20.066855167192696,19.94010057680729,20.01140022277832,632200,0.0,0.0,0.0
2021-11-02 00:00:00-04:00,19.995557010181738,20.051011958725542,19.932179710269672,19.987634658813477,396700,0.0,0.0,0.0
2021-11-03 00:00:00-04:00,19.845035890795117,19.896530420558847,19.73412599072006,19.8054256439209,503100,0.0,0.0,0.0
2021-11-04 00:00:00-04:00,19.99555651787001,20.003478869043217,19.591525674240508,19.607370376586914,474500,0.0,0.0,0.0
2021-11-05 00:00:00-04:00,19.65490539342732,19.75789446032984,19.55191783755897,19.71828269958496,621800,0.0,0.0,0.0
2021-11-08 00:00:00-05:00,19.742047070300465,19.795125160340213,19.710357666015625,19.710357666015625,319400,0.0,0.0,0.0
2021-11-09 00:00:00-05:00,19.686596004192175,19.781661213716742,19.59152928363335,19.773738861083984,1423800,0.0,0.0,0.0
2021-11-10 00:00:00-05:00,19.845037293206367,19.908414599304308,19.686594783478604,19.694517135620117,631400,0.0,0.0,0.0
2021-11-11 00:00:00-05:00,19.868804213477272,19.963870927489808,19.86642735674769,19.900493621826172,370600,0.0,0.0,0.0
2021-11-12 00:00:00-05:00,19.85295649948685,19.987633442483595,19.85295649948685,19.932178497314453,376000,0.0,0.0,0.0
2021-11-15 00:00:00-05:00,19.892570572534204,19.971791068561576,19.82127091728229,19.955947875976562,438500,0.0,0.0,0.0
2021-11-16 00:00:00-05:00,19.932178078159637,19.97971067144306,19.87672313415666,19.908411026000977,388800,0.0,0.0,0.0
2021-11-17 00:00:00-05:00,19.908410559495298,20.02724430647012,19.765812782986462,19.837112426757812,466800,0.0,0.0,0.0
2021-11-18 00:00:00-05:00,19.86880338271116,19.89257043797907,19.742048776683824,19.85295867919922,295400,0.0,0.0,0.0
2021-11-19 00:00:00-05:00,20.027244153358822,20.027244153358822,19.71827852903378,19.73412322998047,310000,0.0,0.0,0.0
2021-11-22 00:00:00-05:00,19.702438095427496,19.860880593958427,19.69451574384584,19.8054256439209,425300,0.0,0.0,0.0
2021-11-23 00:00:00-05:00,19.852957707621087,19.995557010181738,19.797502759077283,19.987634658813477,383700,0.0,0.0,0.0
2021-11-24 00:00:00-05:00,20.01139978008453,20.153999068871997,19.9638671875,19.9638671875,283700,0.0,0.0,0.0
2021-11-26 00:00:00-05:00,19.504385054353833,19.54399530369626,19.08450946056698,19.235031127929688,305600,0.0,0.0,0.0
2021-11-29 00:00:00-05:00,19.385549219070295,19.417238623995615,19.100352129912388,19.13204002380371,354700,0.0,0.0,0.0
2021-11-30 00:00:00-05:00,18.854765200653073,18.973598967075315,18.53787868260667,18.75177764892578,742600,0.0,0.0,0.0
2021-12-01 00:00:00-05:00,18.79138915737379,18.846845623906194,18.514114379882812,18.514114379882812,578700,0.0,0.0,0.0
2021-12-02 00:00:00-05:00,18.56956312526093,18.81118950286943,18.46815916439013,18.720083236694336,655900,0.0,0.0,0.0
2021-12-03 00:00:00-05:00,19.100355168367717,19.100355168367717,18.71216896248444,18.79138946533203,514000,0.0,0.0,0.0
2021-12-06 00:00:00-05:00,18.75177933838237,18.930028493041128,18.696324381607255,18.894378662109375,296700,0.0,0.0,0.0
2021-12-07 00:00:00-05:00,18.74385489332079,19.163730465083752,18.720087838341502,19.036975860595703,712600,0.0,0.0,0.0
2021-12-08 00:00:00-05:00,19.084507923125734,19.21918487548828,19.052818517377357,19.21918487548828,659800,0.0,0.0,0.0
2021-12-09 00:00:00-05:00,19.021130740768513,19.08213118507547,18.981518983337082,19.013208389282227,424200,0.0,0.0,0.0
2021-12-10 00:00:00-05:00,18.648790878249137,19.50438526832557,18.648790878249137,19.092432022094727,407900,0.0,0.0,0.0
2021-12-13 00:00:00-05:00,18.902301566276577,19.132043752625762,18.902301566276577,19.04490089416504,336800,0.0,0.0,0.0
2021-12-14 00:00:00-05:00,18.894374158006915,18.973596153529417,18.878529456695638,18.9498291015625,795800,0.0,0.0,0.0
2021-12-15 00:00:00-05:00,18.870608649394985,18.972804412453318,18.77950387595486,18.965675354003906,490600,0.0,0.0,0.0
2021-12-16 00:00:00-05:00,19.09243209595698,19.21918670897466,19.052820334992592,19.15580940246582,534300,0.0,0.0,0.0
2021-12-17 00:00:00-05:00,19.108273537568593,19.139961429895155,18.99736213684082,18.99736213684082,626800,0.0,0.0,0.0
2021-12-20 00:00:00-05:00,18.854762736938305,18.910219192504883,18.759697549463418,18.910219192504883,1255500,0.0,0.0,0.0
2021-12-21 00:00:00-05:00,19.03697603548666,19.219185592232915,19.00528662855648,19.187496185302734,749000,0.0,0.0,0.0
2021-12-22 00:00:00-05:00,19.345939793966597,19.472694396972656,19.345939793966597,19.472694396972656,532600,0.0,0.0,0.0
2021-12-23 00:00:00-05:00,19.380929090461652,19.516875858097873,19.372432214907725,19.508378982543945,634000,1.662,0.0,0.0
2021-12-27 00:00:00-05:00,19.593347745420928,20.353801154241417,19.48119157177167,19.79726791381836,641100,0.0,0.0,0.0
2021-12-28 00:00:00-05:00,19.712302898883866,19.763282537139606,19.62818495617909,19.66132164001465,970300,0.0,0.0,0.0
2021-12-29 00:00:00-05:00,19.61883959941275,19.788773893996524,19.609493521127213,19.678316116333008,1069600,0.0,0.0,0.0
2021-12-30 00:00:00-05:00,19.6698178143993,19.77177870788487,19.550864789177318,19.593347549438477,688400,0.0,0.0,0.0
2021-12-31 00:00:00-05:00,19.6698178143993,19.70380531909896,19.559361665352235,19.593347549438477,1148000,0.0,0.0,0.0
2022-01-03 00:00:00-05:00,19.54236401949903,19.644324892670525,19.499881267701877,19.635828018188477,1154300,0.0,0.0,0.0
2022-01-04 00:00:00-05:00,19.736942101825303,19.890731833960185,19.729294427045076,19.839752197265625,1224700,0.0,0.0,0.0
2022-01-05 00:00:00-05:00,19.848249095987804,19.94086229182616,19.75478507809728,19.788772583007812,1178600,0.0,0.0,0.0
2022-01-06 00:00:00-05:00,19.77178153115795,19.84485338020564,19.720800266828682,19.81426429748535,915000,0.0,0.0,0.0
2022-01-07 00:00:00-05:00,19.890727633090474,19.933210384594787,19.797263635045272,19.882230758666992,479500,0.0,0.0,0.0
2022-01-10 00:00:00-05:00,20.137133247982582,20.137133247982582,19.780272605441194,19.85674285888672,868800,0.0,0.0,0.0
2022-01-11 00:00:00-05:00,19.93405982023573,20.205104099227704,19.85674037515593,20.1881103515625,702300,0.0,0.0,0.0
2022-01-12 00:00:00-05:00,20.302817507524527,20.4685025103366,20.281576131376614,20.383535385131836,1144600,0.0,0.0,0.0
2022-01-13 00:00:00-05:00,20.35804837146823,20.35804837146823,20.145631331095082,20.17961883544922,991300,0.0,0.0,0.0
2022-01-14 00:00:00-05:00,20.222103327550503,20.383540745834953,20.205111194531256,20.375043869018555,970700,0.0,0.0,0.0
2022-01-18 00:00:00-05:00,20.37504412907592,20.460011277710823,20.341058241990098,20.426025390625,821100,0.0,0.0,0.0
2022-01-19 00:00:00-05:00,20.629945006794546,20.765891792620746,20.601055950168437,20.663930892944336,984100,0.0,0.0,0.0
2022-01-20 00:00:00-05:00,20.68941842998599,20.86784795197791,20.66392780372431,20.68092155456543,807300,0.0,0.0,0.0
2022-01-21 00:00:00-05:00,20.72340660821277,20.731903484575195,20.604453580365725,20.63844108581543,785300,0.0,0.0,0.0
2022-01-24 00:00:00-05:00,20.443015571272614,20.57896234785825,20.290075042460423,20.527982711791992,1410800,0.0,0.0,0.0
2022-01-25 00:00:00-05:00,20.4685045484054,20.663927821405657,20.44301392212191,20.629941940307617,1055600,0.0,0.0,0.0
2022-01-26 00:00:00-05:00,20.918832205573747,20.927327461599777,20.69281982467968,20.757394790649414,673900,0.0,0.0,0.0
2022-01-27 00:00:00-05:00,20.7998732610672,20.850854510384213,20.680920253887194,20.842357635498047,861500,0.0,0.0,0.0
2022-01-28 00:00:00-05:00,20.98680196583894,21.03778159623953,20.876344209255564,20.96131134033203,734100,0.0,0.0,0.0
2022-01-31 00:00:00-05:00,21.224706412477737,21.241700161554128,20.910330157630078,21.02078628540039,698500,0.0,0.0,0.0
2022-02-01 00:00:00-05:00,21.131243807771828,21.31817018377349,21.10575318442988,21.309673309326172,806500,0.0,0.0,0.0
2022-02-02 00:00:00-05:00,21.42862928404153,21.445623035294407,21.278237988741544,21.43712615966797,1487100,0.0,0.0,0.0
2022-02-03 00:00:00-05:00,21.207714226821018,21.45411874475413,21.165231471611353,21.403139114379883,1513100,0.0,0.0,0.0
2022-02-04 00:00:00-05:00,21.411638599515975,21.547585377494016,21.403141723315667,21.471115112304688,1035700,0.0,0.0,0.0
2022-02-07 00:00:00-05:00,21.488106575782297,21.539086206940333,21.42862844871579,21.513595581054688,881600,0.0,0.0,0.0
2022-02-08 00:00:00-05:00,21.437125796991474,21.462616423439535,21.318172781460444,21.42862892150879,1269500,0.0,0.0,0.0
2022-02-09 00:00:00-05:00,21.479612281386707,21.683532451134287,21.47111540507054,21.632551193237305,1192200,0.0,0.0,0.0
2022-02-10 00:00:00-05:00,21.65804031445065,21.912941724350123,21.50509979263363,21.539087295532227,2383000,0.0,0.0,0.0
2022-02-11 00:00:00-05:00,21.505099281840067,21.7684975612079,21.45836727677115,21.72601318359375,2142000,0.0,0.0,0.0
2022-02-14 00:00:00-05:00,21.556082404896394,21.833923614080224,21.530591776116673,21.776994705200195,1264300,0.0,0.0,0.0
2022-02-15 00:00:00-05:00,21.5645755580402,21.632548940878742,21.45411941865755,21.57307243347168,1223200,0.0,0.0,0.0
2022-02-16 00:00:00-05:00,21.734511605037586,21.912942762481777,21.683531968887852,21.717517852783203,1236800,0.0,0.0,0.0
2022-02-17 00:00:00-05:00,21.810980930333304,21.912941818855497,21.734510669095,21.836471557617188,1087900,0.0,0.0,0.0
2022-02-18 00:00:00-05:00,21.828823502029003,21.93843044239284,21.751504040748877,21.87895393371582,1422800,0.0,0.0,0.0
2022-02-22 00:00:00-05:00,22.21882213894456,22.286795527161914,22.0913722386137,22.159345626831055,2799100,0.0,0.0,0.0
2022-02-23 00:00:00-05:00,22.201828967162037,22.376861702373013,22.167843082471567,22.320783615112305,2739300,0.0,0.0,0.0
2022-02-24 00:00:00-05:00,23.136466110718196,23.29790353235399,22.286797858802462,22.465229034423828,7120900,0.0,0.0,0.0
2022-02-25 00:00:00-05:00,22.252808551356523,22.252808551356523,21.955424384768996,22.133853912353516,11636400,0.0,0.0,0.0
2022-02-28 00:00:00-05:00,22.337772708089954,22.48221471366056,22.311432883157956,22.44822883605957,3575600,0.0,0.0,0.0
2022-03-01 00:00:00-05:00,23.034505548785233,23.38796621249658,22.952936830675352,23.323392868041992,4367200,0.0,0.0,0.0
2022-03-02 00:00:00-05:00,23.731230377037562,23.96913640869457,23.476328973759387,23.892667770385742,3078500,0.0,0.0,0.0
2022-03-03 00:00:00-05:00,24.22403728058481,24.640374447464936,23.91815625160624,24.130573272705078,4173400,0.0,0.0,0.0
2022-03-04 00:00:00-05:00,25.005735181267056,25.065211695483608,24.436457427087465,24.852794647216797,3929000,0.0,0.0,0.0
2022-03-07 00:00:00-05:00,25.47305170256534,26.11879971523607,25.31161591485774,25.982852935791016,7708300,0.0,0.0,0.0
2022-03-08 00:00:00-05:00,26.586116370136477,26.739055271096877,25.456907031756177,26.730558395385742,8590000,0.0,0.0,0.0
2022-03-09 00:00:00-05:00,25.71095969221134,25.71095969221134,24.147570088806894,24.45345115661621,6638000,0.0,0.0,0.0
2022-03-10 00:00:00-05:00,24.60638901772487,25.4033791352286,24.00312540491178,24.827302932739258,3373400,0.0,0.0,0.0
2022-03-11 00:00:00-05:00,25.192660561189662,25.39658072464101,24.85279362210408,25.17566680908203,2682300,0.0,0.0,0.0
2022-03-14 00:00:00-04:00,24.75083226216304,24.980243049438876,23.527311304585325,23.578290939331055,3512300,0.0,0.0,0.0
2022-03-15 00:00:00-04:00,23.000516833352265,23.5697945654127,22.99201995727812,23.442344665527344,3667600,0.0,0.0,0.0
2022-03-16 00:00:00-04:00,23.9861335573842,23.9861335573842,23.102479447776464,23.18744659423828,2473000,0.0,0.0,0.0
2022-03-17 00:00:00-04:00,23.46783454415337,23.884171734807605,23.46783454415337,23.816198348999023,2584900,0.0,0.0,0.0
2022-03-18 00:00:00-04:00,23.833188192787063,23.892666317698303,23.53580567129682,23.858678817749023,1534000,0.0,0.0,0.0
2022-03-21 00:00:00-04:00,24.19005189264275,24.351489296553318,24.020119233285723,24.334495544433594,1626600,0.0,0.0,0.0
2022-03-22 00:00:00-04:00,24.35148514098338,24.359982015593253,24.071094761310043,24.224035263061523,1938100,0.0,0.0,0.0
2022-03-23 00:00:00-04:00,24.665864081705603,24.912266973554523,24.572400077583673,24.84429359436035,2009900,0.0,0.0,0.0
2022-03-24 00:00:00-04:00,24.963249130955507,25.01423038597417,24.767825848557383,24.954753875732422,1669900,0.0,0.0,0.0
2022-03-25 00:00:00-04:00,24.76782476862818,24.99723554436929,24.72534201191166,24.929262161254883,1420100,0.0,0.0,0.0
2022-03-28 00:00:00-04:00,24.572398637919356,24.572398637919356,24.224034887382757,24.266517639160156,1656000,0.0,0.0,0.0
2022-03-29 00:00:00-04:00,23.94365056379681,24.198550380113137,23.816200655638646,24.17306137084961,2094500,0.0,0.0,0.0
2022-03-30 00:00:00-04:00,24.419461365570868,24.579198737396997,24.377827809555477,24.49593162536621,1480900,0.0,0.0,0.0
2022-03-31 00:00:00-04:00,24.487435036432814,24.529919414934977,24.105085353593356,24.156064987182617,1603800,0.0,0.0,0.0
2022-04-01 00:00:00-04:00,24.17305528513107,24.265668461992053,24.071094411905722,24.16455841064453,1131900,0.0,0.0,0.0
2022-04-04 00:00:00-04:00,24.342993144439397,24.434757139756147,24.249530746228206,24.351490020751953,1068800,0.0,0.0,0.0
2022-04-05 00:00:00-04:00,24.52992313066501,24.59619650230864,24.283518559867737,24.300512313842773,1294200,0.0,0.0,0.0
2022-04-06 00:00:00-04:00,24.44495574640703,24.50443226413431,24.08809501942979,24.198551177978516,1254500,0.0,0.0,0.0
2022-04-07 00:00:00-04:00,24.207043764840485,24.33449365461383,24.054103248867158,24.28351402282715,990700,0.0,0.0,0.0
2022-04-08 00:00:00-04:00,24.34299110577553,24.512925376568134,24.275017721581147,24.49593162536621,1902500,0.0,0.0,0.0
2022-04-11 00:00:00-04:00,24.623384186850224,24.623384186850224,24.30051098208707,24.46194839477539,1422500,0.0,0.0,0.0
2022-04-12 00:00:00-04:00,24.844296684804995,24.89527632038881,24.675213227407085,24.827302932739258,1970600,0.0,0.0,0.0
2022-04-13 00:00:00-04:00,24.971744301685813,25.234291750835382,24.810308533656528,25.209651947021484,2009100,0.0,0.0,0.0
2022-04-14 00:00:00-04:00,25.133183455990174,25.396580124985594,25.034622613197232,25.354097366333008,1531900,0.0,0.0,0.0
2022-04-18 00:00:00-04:00,25.379586988187665,25.891086577619152,25.379586988187665,25.676969528198242,1664800,0.0,0.0,0.0
2022-04-19 00:00:00-04:00,25.226649901712854,25.23514677838518,25.044820306274897,25.167173385620117,1736600,0.0,0.0,0.0
2022-04-20 00:00:00-04:00,25.201158161698462,25.21815191429461,25.005734868683117,25.19266128540039,1437400,0.0,0.0,0.0
2022-04-21 00:00:00-04:00,25.209653491987932,25.23514411931891,25.06775906980017,25.201156616210938,1321100,0.0,0.0,0.0
2022-04-22 00:00:00-04:00,25.090698489395074,25.09834454256075,24.76782371783981,24.80181121826172,1720100,0.0,0.0,0.0
2022-04-25 00:00:00-04:00,24.30900850057738,24.631881713867188,24.249531983967167,24.631881713867188,2343900,0.0,0.0,0.0
2022-04-26 00:00:00-04:00,24.708345789576644,24.75932541665999,24.472987386611948,24.665863037109375,1859200,0.0,0.0,0.0
2022-04-27 00:00:00-04:00,24.72534129196808,24.980241066071706,24.66586478605145,24.912267684936523,1761700,0.0,0.0,0.0
2022-04-28 00:00:00-04:00,24.844297311269273,24.912270700632813,24.686259950790422,24.886781692504883,1423800,0.0,0.0,0.0
2022-04-29 00:00:00-04:00,24.997234483848043,25.06520786407864,24.776320592945286,24.80181121826172,1465500,0.0,0.0,0.0
2022-05-02 00:00:00-04:00,24.73384128139456,24.814559175214043,24.445803171488077,24.793317794799805,1100800,0.0,0.0,0.0
2022-05-03 00:00:00-04:00,24.85279370116646,24.97174672507148,24.64207668444708,24.682859420776367,1774700,0.0,0.0,0.0
2022-05-04 00:00:00-04:00,25.06521056537463,25.23514484457168,24.878284154748588,25.218151092529297,1185200,0.0,0.0,0.0
2022-05-05 00:00:00-04:00,25.226647283324507,25.226647283324507,24.920766237323758,25.099197387695312,1883700,0.0,0.0,0.0
2022-05-06 00:00:00-04:00,25.17566399922341,25.17566399922341,24.69985033760921,24.80181121826172,1458200,0.0,0.0,0.0
2022-05-09 00:00:00-04:00,24.37697988453686,24.37697988453686,23.8841724181713,23.935152053833008,1826200,0.0,0.0,0.0
2022-05-10 00:00:00-04:00,23.9946259255517,24.139069561212075,23.833188539669347,23.918155670166016,2152200,0.0,0.0,0.0
2022-05-11 00:00:00-04:00,24.258024462894145,24.41946186136348,24.224038580413588,24.3599853515625,1576700,0.0,0.0,0.0
2022-05-12 00:00:00-04:00,24.164563266651317,24.351489681079766,24.047308644032462,24.29201316833496,1231300,0.0,0.0,0.0
2022-05-13 00:00:00-04:00,24.342994079005404,24.53416975184377,24.215544170650993,24.521425247192383,1267300,0.0,0.0,0.0
2022-05-16 00:00:00-04:00,24.759330244177825,24.92076765213377,24.715998281984117,24.89527702331543,856100,0.0,0.0,0.0
2022-05-17 00:00:00-04:00,24.997237842490602,25.073708108101265,24.86978794001064,24.886781692504883,3215100,0.0,0.0,0.0
2022-05-18 00:00:00-04:00,24.861288454228603,24.861288454228603,24.368481027916502,24.42795753479004,1147700,0.0,0.0,0.0
2022-05-19 00:00:00-04:00,24.35148515876696,24.74233328804096,24.342988284150877,24.665863037109375,1120200,0.0,0.0,0.0
2022-05-20 00:00:00-04:00,24.665866107664137,24.750831623175692,24.555408344517794,24.699851989746094,1354500,0.0,0.0,0.0
2022-05-23 00:00:00-04:00,24.776324380191667,24.869788400025374,24.657371351758563,24.852794647216797,1291300,0.0,0.0,0.0
2022-05-24 00:00:00-04:00,24.86978496241635,24.86978496241635,24.665864818740552,24.8103084564209,1421300,0.0,0.0,0.0
2022-05-25 00:00:00-04:00,24.7678260597401,24.82390414424809,24.691355797173443,24.818805694580078,893000,0.0,0.0,0.0
2022-05-26 00:00:00-04:00,24.7593305061696,25.098348256157696,24.709200070059147,24.946258544921875,1133000,0.0,0.0,0.0
2022-05-27 00:00:00-04:00,24.92076477941006,25.116188049316406,24.892726549494068,25.116188049316406,981500,0.0,0.0,0.0
2022-05-31 00:00:00-04:00,25.337101755763403,25.337101755763403,24.674361693970365,24.8103084564209,1221100,0.0,0.0,0.0
2022-06-01 00:00:00-04:00,24.946256275003602,25.03971866526192,24.818804761773816,24.937759399414062,886200,0.0,0.0,0.0
2022-06-02 00:00:00-04:00,25.099197214407027,25.375338382928213,25.050765184797505,25.345600128173828,1491800,0.0,0.0,0.0
2022-06-03 00:00:00-04:00,25.21815061408867,25.31161462793518,25.135732700921483,25.303117752075195,898300,0.0,0.0,0.0
2022-06-06 00:00:00-04:00,25.473049888762763,25.532526397958282,25.351547645604295,25.49004364013672,728200,0.0,0.0,0.0
2022-06-07 00:00:00-04:00,25.35409721096796,25.566514244155954,25.277626949371214,25.54952049255371,806000,0.0,0.0,0.0
2022-06-08 00:00:00-04:00,25.625989932240913,25.753439823943303,25.507036916067122,25.575010299682617,1568400,0.0,0.0,0.0
2022-06-09 00:00:00-04:00,25.37958736527094,25.70246053662814,25.328606111414548,25.63448715209961,1127000,0.0,0.0,0.0
2022-06-10 00:00:00-04:00,25.396581287863345,25.464554677187913,25.269131385456458,25.388084411621094,1135600,0.0,0.0,0.0
2022-06-13 00:00:00-04:00,25.175669985363097,25.175669985363097,24.744888200826985,25.0057373046875,1800300,0.0,0.0,0.0
2022-06-14 00:00:00-04:00,24.971744093820096,24.98024096900563,24.444950797222706,24.56390380859375,1787600,0.0,0.0,0.0
2022-06-15 00:00:00-04:00,24.674362983337957,24.834100356533806,24.585146599069503,24.699851989746094,1181400,0.0,0.0,0.0
2022-06-16 00:00:00-04:00,24.725341324736004,24.851942010617716,24.56390393659603,24.8103084564209,1541600,0.0,0.0,0.0
2022-06-17 00:00:00-04:00,24.665869921238134,24.699855808574625,24.181557656631107,24.300512313842773,1587100,0.0,0.0,0.0
2022-06-21 00:00:00-04:00,24.334497967244744,24.488287711829155,24.139074660251236,24.198551177978516,2157200,0.0,0.0,0.0
2022-06-22 00:00:00-04:00,23.697242247384384,23.98612952441363,23.629268865766516,23.833189010620117,3838100,0.0,0.0,0.0
2022-06-23 00:00:00-04:00,23.75672003127924,23.773713782750885,23.2214298248291,23.2214298248291,2587000,0.0,0.0,0.0
2022-06-24 00:00:00-04:00,23.25287672902242,23.38630845362499,23.078650199451644,23.346363067626953,2206600,0.007,0.0,0.0
2022-06-27 00:00:00-04:00,23.3038714204205,23.41435587406157,23.13389359217255,23.3548641204834,2258500,0.0,0.0,0.0
2022-06-28 00:00:00-04:00,23.38885553267762,23.538434304956574,23.28686853246163,23.490840911865234,1486700,0.0,0.0,0.0
2022-06-29 00:00:00-04:00,23.62682542766322,23.7075656189786,23.320867631135787,23.32936668395996,659400,0.0,0.0,0.0
2022-06-30 00:00:00-04:00,23.10839587904534,23.167887627027625,22.69195202214077,22.742944717407227,1434000,0.0,0.0,0.0
2022-07-01 00:00:00-04:00,22.793938407091417,22.836433672524507,22.58146694301185,22.63245964050293,1188200,0.0,0.0,0.0
2022-07-05 00:00:00-04:00,22.292502830586134,22.292502830586134,21.578598670995675,21.66358757019043,3778600,0.0,0.0,0.0
2022-07-06 00:00:00-04:00,21.70608566196797,21.723082147201456,21.32363637621339,21.493614196777344,3863700,0.0,0.0,0.0
2022-07-07 00:00:00-04:00,21.867561270284863,22.24916111019453,21.867561270284863,22.114028930664062,2647800,0.0,0.0,0.0
2022-07-08 00:00:00-04:00,22.19051825057057,22.36899348640592,22.05453665535455,22.31800079345703,1399400,0.0,0.0,0.0
2022-07-11 00:00:00-04:00,22.41999018425022,22.470984507336738,22.241514916533735,22.360498428344727,672700,0.0,0.0,0.0
2022-07-12 00:00:00-04:00,21.595596681811642,22.07153224580785,21.46811414408407,21.655088424682617,1278100,0.0,0.0,0.0
2022-07-13 00:00:00-04:00,21.629595800649064,21.982297589862647,21.493614192635558,21.774076461791992,1260800,0.0,0.0,0.0
2022-07-14 00:00:00-04:00,21.44261796826495,21.600697424572246,21.264142731493962,21.519107818603516,2084400,0.0,0.0,0.0
2022-07-15 00:00:00-04:00,21.638091145397166,21.808068949531187,21.521657532916148,21.78257179260254,1108300,0.0,0.0,0.0
2022-07-18 00:00:00-04:00,22.250010980080326,22.394491634017022,22.207515716552734,22.207515716552734,608200,0.0,0.0,0.0
2022-07-19 00:00:00-04:00,22.020541512102746,22.23301296754259,21.986546922167225,22.216014862060547,3340900,0.0,0.0,0.0
2022-07-20 00:00:00-04:00,22.23301143243478,22.309501280794063,22.125926293143163,22.250009536743164,6822500,0.0,0.0,0.0
2022-07-21 00:00:00-04:00,21.92705400708276,22.10553087628328,21.867562257692118,21.97804832458496,3083100,0.0,0.0,0.0
2022-07-22 00:00:00-04:00,21.969550358873686,22.21006724631667,21.837817463683496,21.876062393188477,1207200,0.0,0.0,0.0
2022-07-25 00:00:00-04:00,22.105530326143626,22.225363240925756,21.99929459886748,22.207515716552734,1350700,0.0,0.0,0.0
2022-07-26 00:00:00-04:00,22.572966615520645,22.615461878554573,22.33499962664478,22.43698501586914,790600,0.0,0.0,0.0
2022-07-27 00:00:00-04:00,22.632458829577086,22.816884870788552,22.530473438249082,22.785438537597656,810000,0.0,0.0,0.0
2022-07-28 00:00:00-04:00,22.946917662779757,23.006409412170537,22.765041496617723,22.84493064880371,811800,0.0,0.0,0.0
2022-07-29 00:00:00-04:00,22.708950488011194,23.2630764536168,22.708950488011194,23.03190803527832,1470600,0.0,0.0,0.0
2022-08-01 00:00:00-04:00,22.64095869358955,22.68430337802271,22.40724040730775,22.63245964050293,805100,0.0,0.0,0.0
2022-08-02 00:00:00-04:00,22.521975297513357,22.585717385446074,22.309503832442473,22.33500099182129,1014100,0.0,0.0,0.0
2022-08-03 00:00:00-04:00,22.555971136267495,22.56446856822433,22.139525645123847,22.30100440979004,1624500,0.0,0.0,0.0
2022-08-04 00:00:00-04:00,22.250010721605456,22.53047297351525,22.245760384787797,22.43698501586914,1446900,0.0,0.0,0.0
2022-08-05 00:00:00-04:00,22.267008379085947,22.55511863782871,22.183718313625615,22.34349822998047,834400,0.0,0.0,0.0
2022-08-08 00:00:00-04:00,22.32650228840611,22.521975650286244,22.32650228840611,22.41998863220215,592600,0.0,0.0,0.0
2022-08-09 00:00:00-04:00,22.708946045782884,22.802433994498074,22.649454304247172,22.666452407836914,1016000,0.0,0.0,0.0
2022-08-10 00:00:00-04:00,22.844931469907117,23.074401043829482,22.751445126516586,22.946918487548828,982200,0.0,0.0,0.0
2022-08-11 00:00:00-04:00,23.252878720357597,23.422854927576836,23.177238278791805,23.3548641204834,807200,0.0,0.0,0.0
2022-08-12 00:00:00-04:00,23.210381833270503,23.409256105388117,23.184886295532365,23.380359649658203,1287900,0.0,0.0,0.0
2022-08-15 00:00:00-04:00,22.819435030860483,23.13389188254303,22.786289859320508,23.091398239135742,691000,0.0,0.0,0.0
2022-08-16 00:00:00-04:00,23.08289780367428,23.184884811183174,22.89507247448345,22.912919998168945,1341500,0.0,0.0,0.0
2022-08-17 00:00:00-04:00,23.014905654112813,23.014905654112813,22.810083853222533,22.963912963867188,645400,0.0,0.0,0.0
2022-08-18 00:00:00-04:00,22.989410500933694,23.080348580828822,22.85342890108196,22.972414016723633,614300,0.0,0.0,0.0
2022-08-19 00:00:00-04:00,22.94691730568235,23.09054854199677,22.81943475596761,23.065900802612305,704300,0.0,0.0,0.0
2022-08-22 00:00:00-04:00,23.014907118541423,23.27837125944106,22.874676806186063,23.201881408691406,649900,0.0,0.0,0.0
2022-08-23 00:00:00-04:00,23.303870070933023,23.558835177511643,23.303870070933023,23.40585708618164,468400,0.0,0.0,0.0
2022-08-24 00:00:00-04:00,23.635325666537984,23.635325666537984,23.355714433425675,23.516342163085938,583500,0.0,0.0,0.0
2022-08-25 00:00:00-04:00,23.78830454911852,23.78830454911852,23.35486257470022,23.41435432434082,902200,0.0,0.0,0.0
2022-08-26 00:00:00-04:00,23.550335208865366,23.65232222014879,23.393106786622454,23.57583236694336,379200,0.0,0.0,0.0
2022-08-29 00:00:00-04:00,23.46535000566546,23.660823371852015,23.388860145674425,23.592832565307617,607500,0.0,0.0,0.0
2022-08-30 00:00:00-04:00,23.295371381339812,23.295371381339812,23.05740275606625,23.184886932373047,728800,0.0,0.0,0.0
2022-08-31 00:00:00-04:00,23.01491094077972,23.065903642738686,22.878929321536642,22.89592742919922,482100,0.0,0.0,0.0
2022-09-01 00:00:00-04:00,22.598466065222713,22.65795781847519,22.428488237905327,22.470983505249023,1229900,0.0,0.0,0.0
2022-09-02 00:00:00-04:00,22.64945711428121,22.690251919546494,22.5049764579,22.521974563598633,737000,0.0,0.0,0.0
2022-09-06 00:00:00-04:00,22.521973648175713,22.521973648175713,22.351995840155436,22.3859920501709,560600,0.0,0.0,0.0
2022-09-07 00:00:00-04:00,22.250010521705914,22.46248197188106,22.114028923276102,22.139524459838867,594200,0.0,0.0,0.0
2022-09-08 00:00:00-04:00,22.207515994640335,22.275506796107322,22.080033444518307,22.233013153076172,570000,0.0,0.0,0.0
2022-09-09 00:00:00-04:00,22.402988012944668,22.665602712396684,22.402988012944668,22.615459442138672,450600,0.0,0.0,0.0
2022-09-12 00:00:00-04:00,22.82793381682824,23.09989702192352,22.768442068342214,23.0404052734375,399500,0.0,0.0,0.0
2022-09-13 00:00:00-04:00,23.159389591075225,23.159389591075225,22.77864076624407,22.887426376342773,573400,0.0,0.0,0.0
2022-09-14 00:00:00-04:00,22.921422969664317,22.96391823882076,22.836435673408968,22.89592742919922,455300,0.0,0.0,0.0
2022-09-15 00:00:00-04:00,22.598465962478603,22.6494586620305,22.39789284040862,22.487979888916016,524500,0.0,0.0,0.0
2022-09-16 00:00:00-04:00,22.394491102674763,22.44548379666944,22.279756325415352,22.3859920501709,1190800,0.0,0.0,0.0
2022-09-19 00:00:00-04:00,22.216012807876783,22.47097950344646,22.13952296130872,22.453981399536133,546200,0.0,0.0,0.0
2022-09-20 00:00:00-04:00,22.4454848935317,22.615462709858427,22.345198338525222,22.538972854614258,1464300,0.0,0.0,0.0
2022-09-21 00:00:00-04:00,22.649458207119867,22.700450905647585,22.343500394924902,22.41998863220215,731500,0.0,0.0,0.0
2022-09-22 00:00:00-04:00,22.65795515201095,22.70894784579369,22.343498315817428,22.377492904663086,1383000,0.0,0.0,0.0
2022-09-23 00:00:00-04:00,21.825066686363954,21.825066686363954,21.672086989426976,21.723079681396484,1963100,0.0,0.0,0.0
2022-09-26 00:00:00-04:00,21.663591319294014,21.757079286690125,21.281143638273814,21.34913444519043,1927100,0.0,0.0,0.0
2022-09-27 00:00:00-04:00,21.553104932303604,21.6508416071635,21.359330420512812,21.3746280670166,1464400,0.0,0.0,0.0
2022-09-28 00:00:00-04:00,21.468114962291622,21.79107084491209,21.434118753053426,21.78257179260254,740600,0.0,0.0,0.0
2022-09-29 00:00:00-04:00,21.782569889752068,21.842063250721775,21.53950317484066,21.7570743560791,936700,0.0,0.0,0.0
2022-09-30 00:00:00-04:00,21.62959598114293,21.798722763052467,21.485115318794346,21.536108016967773,893100,0.0,0.0,0.0
2022-10-03 00:00:00-04:00,21.706083842160822,21.84121439883823,21.63809142281272,21.808069229125977,1305500,0.0,0.0,0.0
2022-10-04 00:00:00-04:00,22.173519682153213,22.343497483132403,22.156521577849606,22.27550506591797,633700,0.0,0.0,0.0
2022-10-05 00:00:00-04:00,22.275505369929224,22.589963819723852,22.199017141575986,22.581464767456055,853700,0.0,0.0,0.0
2022-10-06 00:00:00-04:00,22.50497709527648,22.623962217508172,22.436136872584513,22.606964111328125,590400,0.0,0.0,0.0
2022-10-07 00:00:00-04:00,22.598465500199236,22.810936968519254,22.52197564192174,22.700450897216797,789500,0.0,0.0,0.0
2022-10-10 00:00:00-04:00,22.87042606044729,22.946915909828995,22.538971127145537,22.581464767456055,540800,0.0,0.0,0.0
2022-10-11 00:00:00-04:00,22.436986738720943,22.564469295554566,22.318003235146712,22.41998863220215,422000,0.0,0.0,0.0
2022-10-12 00:00:00-04:00,22.504978098095282,22.564469851347756,22.402992698527807,22.470983505249023,561500,0.0,0.0,0.0
2022-10-13 00:00:00-04:00,22.36899207912998,22.748042008244962,22.3010012857994,22.666452407836914,491500,0.0,0.0,0.0
2022-10-14 00:00:00-04:00,22.564467102033188,22.6248098880003,22.31800106558462,22.368993759155273,497300,0.0,0.0,0.0
2022-10-17 00:00:00-04:00,22.411488654449514,22.487976883039146,22.304401892367085,22.30950164794922,565200,0.0,0.0,0.0
2022-10-18 00:00:00-04:00,22.3095027279904,22.37749352860599,22.058786346777552,22.207515716552734,998800,0.0,0.0,0.0
2022-10-19 00:00:00-04:00,22.0035408776657,22.16501961912858,21.986544395165694,22.105527877807617,1438800,0.0,0.0,0.0
2022-10-20 00:00:00-04:00,22.30100148324105,22.381740044464564,22.12252625705379,22.15652084350586,536400,0.0,0.0,0.0
2022-10-21 00:00:00-04:00,22.03753845865306,22.33499880483141,22.03753845865306,22.30950164794922,575900,0.0,0.0,0.0
2022-10-24 00:00:00-04:00,22.27550716703229,22.39449228735225,22.250011629200486,22.267009735107422,547300,0.0,0.0,0.0
2022-10-25 00:00:00-04:00,22.284004948537632,22.428485598445832,22.216014149817802,22.377492904663086,817400,0.0,0.0,0.0
2022-10-26 00:00:00-04:00,22.453982773359204,22.67495327462807,22.430186074840133,22.657955169677734,560700,0.0,0.0,0.0
2022-10-27 00:00:00-04:00,22.640958061431892,22.66645521997984,22.44548470898337,22.521974563598633,491200,0.0,0.0,0.0
2022-10-28 00:00:00-04:00,22.309503832442473,22.375794177387306,22.13952601197432,22.33500099182129,832500,0.0,0.0,0.0
2022-10-31 00:00:00-04:00,22.36899222643454,22.521971917692845,22.310349903383628,22.40298843383789,888100,0.0,0.0,0.0
2022-11-01 00:00:00-04:00,22.63245746003437,22.683451773641153,22.479479382299424,22.581464767456055,421700,0.0,0.0,0.0
2022-11-02 00:00:00-04:00,22.615462168726815,22.897623262161172,22.568718189304004,22.742944717407227,442000,0.0,0.0,0.0
2022-11-03 00:00:00-04:00,22.51347821897757,22.75569558072025,22.46248551677616,22.649459838867188,589800,0.0,0.0,0.0
2022-11-04 00:00:00-04:00,23.159386325535937,23.303866965618948,23.06589837576799,23.26987075805664,533800,0.0,0.0,0.0
2022-11-07 00:00:00-05:00,23.24437667079038,23.360810284781717,23.17638587246052,23.201881408691406,1167000,0.0,0.0,0.0
2022-11-08 00:00:00-05:00,23.184883821306133,23.25287461639971,22.981760854918416,23.023405075073242,430000,0.0,0.0,0.0
2022-11-09 00:00:00-05:00,22.87042744439004,22.97241445674661,22.751443947497844,22.785438537597656,427000,0.0,0.0,0.0
2022-11-10 00:00:00-05:00,22.87042827016484,22.980914339292788,22.776940307214826,22.887426376342773,756300,0.0,0.0,0.0
2022-11-11 00:00:00-05:00,23.20188141575525,23.354861117301127,23.082897923898898,23.1763858795166,526400,0.0,0.0,0.0
2022-11-14 00:00:00-05:00,23.176388701997045,23.323419246855867,23.027657698035263,23.03190803527832,475700,0.0,0.0,0.0
2022-11-15 00:00:00-05:00,23.04040303199708,23.371857953333446,22.93841602949367,23.26137351989746,920600,0.0,0.0,0.0
2022-11-16 00:00:00-05:00,23.031907666532458,23.047205314099415,22.904425108769594,22.99791145324707,482200,0.0,0.0,0.0
2022-11-17 00:00:00-05:00,22.776940755494294,22.827935075031732,22.623962659967955,22.700450897216797,572800,0.0,0.0,0.0
2022-11-18 00:00:00-05:00,22.48797736223137,22.68345232710324,22.462481825834374,22.657955169677734,1148800,0.0,0.0,0.0
2022-11-21 00:00:00-05:00,22.50497538182256,22.66135438050982,22.260208182963,22.623960494995117,1079200,0.0,0.0,0.0
2022-11-22 00:00:00-05:00,22.785438537597656,22.895924602736322,22.764191716156702,22.785438537597656,396800,0.0,0.0,0.0
2022-11-23 00:00:00-05:00,22.674955358476737,22.751445216754234,22.606964553455477,22.700450897216797,485700,0.0,0.0,0.0
2022-11-25 00:00:00-05:00,22.717447737201304,22.781189822555064,22.4709816906258,22.479480743408203,115400,0.0,0.0,0.0
2022-11-28 00:00:00-05:00,22.216017754990478,22.52197720939448,22.199021268323747,22.360498428344727,834600,0.0,0.0,0.0
2022-11-29 00:00:00-05:00,22.572963620570942,22.68684896515748,22.504972829766114,22.564464569091797,820700,0.0,0.0,0.0
2022-11-30 00:00:00-05:00,22.8959257892423,22.98091470043895,22.7420966542804,22.946918487548828,865400,0.0,0.0,0.0
2022-12-01 00:00:00-05:00,23.082898806885417,23.093098318593835,22.71744764388594,22.776939392089844,2699000,0.0,0.0,0.0
2022-12-02 00:00:00-05:00,22.59846086914325,22.74294150283389,22.51347197502611,22.57296371459961,1309300,0.0,0.0,0.0
2022-12-05 00:00:00-05:00,22.674951377781408,22.700446912045606,22.071531670750854,22.105527877807617,848600,0.0,0.0,0.0
2022-12-06 00:00:00-05:00,21.96105176728045,22.24151404920429,21.833569206593012,21.91855812072754,1616500,0.0,0.0,0.0
2022-12-07 00:00:00-05:00,22.003541578420695,22.088530477740903,21.808068244704117,21.944049835205078,1731100,0.0,0.0,0.0
2022-12-08 00:00:00-05:00,22.088528932436923,22.10552703531747,21.880307845749318,22.0035400390625,1056900,0.0,0.0,0.0
2022-12-09 00:00:00-05:00,22.054538272686774,22.156523666063478,21.876061402734646,21.986547470092773,7313500,0.0,0.0,0.0
2022-12-12 00:00:00-05:00,22.03753907153077,22.216014311584203,22.02904001900034,22.139524459838867,3025100,0.0,0.0,0.0
2022-12-13 00:00:00-05:00,22.496475872389258,22.640956518927155,22.496475872389258,22.55596923828125,1405000,0.0,0.0,0.0
2022-12-14 00:00:00-05:00,22.555969782032722,22.734445020925747,22.538971677082387,22.657955169677734,2427300,0.0,0.0,0.0
2022-12-15 00:00:00-05:00,22.637299540233688,22.68424469483633,22.43073656195921,22.543407440185547,1420200,2.528,0.0,0.0
2022-12-16 00:00:00-05:00,22.32745974656241,22.42322866228824,22.275818995325995,22.374404907226562,1302200,0.0,0.0,0.0
2022-12-19 00:00:00-05:00,22.32745790079511,22.32745790079511,22.16784186055182,22.22417640686035,685200,0.0,0.0,0.0
2022-12-20 00:00:00-05:00,22.30868000446633,22.534019989459765,22.30868000446633,22.46829605102539,1766700,0.0,0.0,0.0
2022-12-21 00:00:00-05:00,22.599743390249934,22.730252862277112,22.599743390249934,22.721803665161133,880400,0.0,0.0,0.0
2022-12-22 00:00:00-05:00,22.609131862416174,22.6560770180351,22.4682946047165,22.552797317504883,969100,0.0,0.0,0.0
2022-12-23 00:00:00-05:00,22.768744427909557,22.85324712781663,22.64856277046744,22.8250789642334,814600,0.0,0.0,0.0
2022-12-27 00:00:00-05:00,22.853251892191285,23.125537033557194,22.778138564485893,22.918975830078125,1007300,0.0,0.0,0.0
2022-12-28 00:00:00-05:00,22.637301371956877,22.958410266909837,22.599743812561464,22.881420135498047,1567900,0.0,0.0,0.0
2022-12-29 00:00:00-05:00,22.7124146999047,22.881420135498047,22.703025310055846,22.881420135498047,1014500,0.0,0.0,0.0
2022-12-30 00:00:00-05:00,22.918973897865413,22.99408721923828,22.815692409411657,22.99408721923828,2187900,0.0,0.0,0.0
2023-01-03 00:00:00-05:00,22.82508194948711,22.91897404953525,22.487072896493807,22.543407440185547,1055400,0.0,0.0,0.0
2023-01-04 00:00:00-05:00,22.327460833548017,22.336850224306577,22.10212082787213,22.167844772338867,1555400,0.0,0.0,0.0
2023-01-05 00:00:00-05:00,22.083338715207883,22.120894481733867,21.942501456760354,22.064559936523438,916200,0.0,0.0,0.0
2023-01-06 00:00:00-05:00,22.186617688263723,22.280509787762103,22.055169823471697,22.200702667236328,1094300,0.0,0.0,0.0
2023-01-09 00:00:00-05:00,22.411962055640686,22.496462985111172,22.299291164941618,22.32745933532715,741000,0.0,0.0,0.0
2023-01-10 00:00:00-05:00,22.29928970336914,22.44012696437973,22.242955157133494,22.29928970336914,2036300,0.0,0.0,0.0
2023-01-11 00:00:00-05:00,22.534020478103933,22.534020478103933,22.347176450382687,22.477685928344727,708000,0.0,0.0,0.0
2023-01-12 00:00:00-05:00,22.646689780246874,22.843861585997907,22.562187066112738,22.749969482421875,1198100,0.0,0.0,0.0
2023-01-13 00:00:00-05:00,22.740580009293446,22.975309371948242,22.721803021321676,22.975309371948242,737500,0.0,0.0,0.0
2023-01-17 00:00:00-05:00,22.918973434139335,23.097368240356445,22.903950053831597,23.097368240356445,792000,0.0,0.0,0.0
2023-01-18 00:00:00-05:00,23.21942725485129,23.266374200130663,22.90958457937883,22.956531524658203,1318200,0.0,0.0,0.0
2023-01-19 00:00:00-05:00,22.965921930207454,23.121782584070125,22.949021744178154,23.012868881225586,559500,0.0,0.0,0.0
2023-01-20 00:00:00-05:00,23.078591324965657,23.097370104154948,22.97530983026752,23.059812545776367,1273700,0.0,0.0,0.0
2023-01-23 00:00:00-05:00,23.012866504266064,23.116147994995117,22.918974402770825,23.116147994995117,1187900,0.0,0.0,0.0
2023-01-24 00:00:00-05:00,23.106760992418778,23.125537981982962,22.95183874032355,23.012868881225586,822300,0.0,0.0,0.0
2023-01-25 00:00:00-05:00,22.947142064946306,23.01755979638427,22.853249965519513,22.99408721923828,1220700,0.0,0.0,0.0
2023-01-26 00:00:00-05:00,23.134928276029566,23.19032442680505,23.01286978029994,23.181875228881836,560300,0.0,0.0,0.0
2023-01-27 00:00:00-05:00,23.11614605973918,23.163091211135164,22.937751260917512,23.003475189208984,545200,0.0,0.0,0.0
2023-01-30 00:00:00-05:00,23.031643326473205,23.07858847781196,22.88141669317792,22.890804290771484,1147900,0.0,0.0,0.0
2023-01-31 00:00:00-05:00,22.89080379514431,23.191258846072223,22.861699019717513,23.144311904907227,968700,0.0,0.0,0.0
2023-02-01 00:00:00-05:00,22.984698326056918,23.012866493745477,22.588476129291326,22.815692901611328,944700,0.0,0.0,0.0
2023-02-02 00:00:00-05:00,22.740581545432146,22.93775515461968,22.665468215942383,22.665468215942383,1399100,0.0,0.0,0.0
2023-02-03 00:00:00-05:00,22.54340803757342,22.656077127942574,22.252344131469727,22.252344131469727,1700000,0.0,0.0,0.0
2023-02-06 00:00:00-05:00,22.252343597785302,22.275816175145685,21.973484292750246,22.20539665222168,1520500,0.0,0.0,0.0
2023-02-07 00:00:00-05:00,22.252345382600115,22.534019915202954,22.252345382600115,22.50585174560547,1252500,0.0,0.0,0.0
2023-02-08 00:00:00-05:00,22.49646242987269,22.62791209758445,22.3462357732104,22.46829605102539,1513600,0.0,0.0,0.0
2023-02-09 00:00:00-05:00,22.477684003270493,22.50491197863954,22.299289188327858,22.365013122558594,990700,0.0,0.0,0.0
2023-02-10 00:00:00-05:00,22.44951623964513,22.604438479558418,22.44951623964513,22.599742889404297,534300,0.0,0.0,0.0
2023-02-13 00:00:00-05:00,22.524630493841062,22.64669077108315,22.490830123045747,22.580965042114258,554800,0.0,0.0,0.0
2023-02-14 00:00:00-05:00,22.53402109456791,22.721805320026544,22.476746350641662,22.642934799194336,655600,0.0,0.0,0.0
2023-02-15 00:00:00-05:00,22.458905269534323,22.458905269534323,22.29365524110779,22.402570724487305,1052000,0.0,0.0,0.0
2023-02-16 00:00:00-05:00,22.355621337890625,22.468292206530005,22.34623194960045,22.355621337890625,1086300,0.0,0.0,0.0
2023-02-17 00:00:00-05:00,22.14906256812139,22.308678604665033,22.102117412426217,22.289899826049805,1723700,0.0,0.0,0.0
2023-02-21 00:00:00-05:00,22.458906173706055,22.543408890100018,22.346235288233114,22.458906173706055,366200,0.0,0.0,0.0
2023-02-22 00:00:00-05:00,22.39318089857542,22.421347275128323,22.224175475886547,22.24295425415039,632400,0.0,0.0,0.0
2023-02-23 00:00:00-05:00,22.32745696549483,22.40257028770734,22.158451542805956,22.24295425415039,643700,0.0,0.0,0.0
2023-02-24 00:00:00-05:00,22.064559422690795,22.20539667785855,21.947194744910526,22.13028335571289,403700,0.0,0.0,0.0
2023-02-27 00:00:00-05:00,21.811053615719615,22.242956607265366,21.73594028556075,22.21478843688965,386800,0.0,0.0,0.0
2023-02-28 00:00:00-05:00,22.280510982190332,22.280510982190332,22.120894941739135,22.149063110351562,748600,0.0,0.0,0.0
2023-03-01 00:00:00-05:00,22.242955583296133,22.47768495309204,22.214787414217156,22.458906173706055,629000,0.0,0.0,0.0
2023-03-02 00:00:00-05:00,22.383794523175826,22.505853016638923,22.323702782809402,22.416656494140625,1116600,0.0,0.0,0.0
2023-03-03 00:00:00-05:00,22.440127275245292,22.768748749384383,22.394120519583836,22.75935935974121,705600,0.0,0.0,0.0
2023-03-06 00:00:00-05:00,22.45890421904768,22.627909637126617,22.442004035408353,22.609130859375,573600,0.0,0.0,0.0
2023-03-07 00:00:00-05:00,22.51523937560468,22.51523937560468,22.214786086754625,22.24295425415039,506300,0.0,0.0,0.0
2023-03-08 00:00:00-05:00,22.167844547989127,22.242017689797674,22.073952432196947,22.125593185424805,3165700,0.0,0.0,0.0
2023-03-09 00:00:00-05:00,22.233566439290723,22.25234521888422,21.839221022042246,21.857999801635742,590300,0.0,0.0,0.0
2023-03-10 00:00:00-05:00,21.86738860165605,22.008225863122828,21.848609822569028,21.961278915405273,714900,0.0,0.0,0.0
2023-03-13 00:00:00-04:00,21.792273557622785,22.134980009147863,21.77255637676887,21.923723220825195,660000,0.0,0.0,0.0
2023-03-14 00:00:00-04:00,21.857997358775993,21.998834608301202,21.764105262144923,21.811050415039062,607600,0.0,0.0,0.0
2023-03-15 00:00:00-04:00,21.51059698181165,21.59509968907982,21.29464641472312,21.4674072265625,1072800,0.0,0.0,0.0
2023-03-16 00:00:00-04:00,21.38854251357832,21.62796570175147,21.285261009622825,21.58571434020996,1329000,0.0,0.0,0.0
2023-03-17 00:00:00-04:00,21.613879159271292,21.64204553536837,21.374454217389115,21.48242950439453,792300,0.0,0.0,0.0
2023-03-20 00:00:00-04:00,21.40731525679177,21.52937551740524,21.388538270487416,21.50120735168457,671200,0.0,0.0,0.0
2023-03-21 00:00:00-04:00,21.585712462465203,21.62327002094301,21.40262384199327,21.51059913635254,744600,0.0,0.0,0.0
2023-03-22 00:00:00-04:00,21.538767305210897,21.632659410562464,21.428913416590554,21.51059913635254,707700,0.0,0.0,0.0
2023-03-23 00:00:00-04:00,21.585710641937748,21.67021335054295,21.360370682604813,21.39792823791504,812600,0.0,0.0,0.0
2023-03-24 00:00:00-04:00,21.43575163358828,21.615407753773614,21.402657322436337,21.549219131469727,998200,0.16,0.0,0.0
2023-03-27 00:00:00-04:00,21.549220069117208,21.81397456985273,21.513288843516705,21.795063018798828,483300,0.0,0.0,0.0
2023-03-28 00:00:00-04:00,21.785607813732636,21.984173678045643,21.785607813732636,21.90852928161621,685800,0.0,0.0,0.0
2023-03-29 00:00:00-04:00,21.91798400216602,22.00308416949317,21.80451651122829,21.832883834838867,744500,0.0,0.0,0.0
2023-03-30 00:00:00-04:00,21.899073506624447,21.9368966065915,21.823429110195015,21.90852928161621,556100,0.0,0.0,0.0
2023-03-31 00:00:00-04:00,21.95580673531996,22.21110725402832,21.95580673531996,22.21110725402832,923900,0.0,0.0,0.0
2023-04-03 00:00:00-04:00,22.46640586023854,22.551506025897,22.324572851975955,22.381305694580078,585900,0.0,0.0,0.0
2023-04-04 00:00:00-04:00,22.39076184374006,22.40967339275952,22.248928833103268,22.343482971191406,425900,0.0,0.0,0.0
2023-04-05 00:00:00-04:00,22.35293751208283,22.42858190048141,22.315116219635776,22.371849060058594,663200,0.0,0.0,0.0
2023-04-06 00:00:00-04:00,22.400214657314798,22.400214657314798,22.239470118906297,22.352935791015625,1076600,0.0,0.0,0.0
2023-04-10 00:00:00-04:00,22.305658728220795,22.39548586893271,22.278238248220315,22.352935791015625,617100,0.0,0.0,0.0
2023-04-11 00:00:00-04:00,22.371850122368254,22.546777440689173,22.371850122368254,22.532594680786133,546100,0.0,0.0,0.0
2023-04-12 00:00:00-04:00,22.532594688280643,22.65551614899187,22.485317619585068,22.617694854736328,840200,0.0,0.0,0.0
2023-04-13 00:00:00-04:00,22.721705903283404,22.768982970591587,22.617694190999977,22.674427032470703,773600,0.0,0.0,0.0
2023-04-14 00:00:00-04:00,22.64606132724566,22.721705716419365,22.494772548898254,22.69333839416504,1075100,0.0,0.0,0.0
2023-04-17 00:00:00-04:00,22.693338021835174,22.740615087978878,22.61769363390257,22.73116111755371,545800,0.0,0.0,0.0
2023-04-18 00:00:00-04:00,22.721705923159575,22.91554478489992,22.683882826476328,22.844627380371094,486700,0.0,0.0,0.0
2023-04-19 00:00:00-04:00,22.57987070044484,22.707520944155505,22.523137859963818,22.542049407958984,769200,0.0,0.0,0.0
2023-04-20 00:00:00-04:00,22.324572469828972,22.39076108565154,22.23001653143765,22.334028244018555,602200,0.0,0.0,0.0
2023-04-21 00:00:00-04:00,22.315116383763392,22.34348190243119,22.118440611779633,22.182737350463867,1267700,0.0,0.0,0.0
2023-04-24 00:00:00-04:00,22.324571104691458,22.324571104691458,22.078726401309122,22.19219207763672,736300,0.0,0.0,0.0
2023-04-25 00:00:00-04:00,22.059817885049174,22.059817885049174,21.82815590850192,21.927440643310547,986100,0.0,0.0,0.0
2023-04-26 00:00:00-04:00,21.88961541914152,21.93689428910564,21.68159380181284,21.691049575805664,4590000,0.0,0.0,0.0
2023-04-27 00:00:00-04:00,21.6626862530701,21.728874879734754,21.568130299189953,21.672142028808594,877000,0.0,0.0,0.0
2023-04-28 00:00:00-04:00,21.634315991059488,21.851795196533203,21.587038922285178,21.851795196533203,1044400,0.0,0.0,0.0
2023-05-01 00:00:00-04:00,21.77615117227193,21.899072635264485,21.6154066108173,21.728872299194336,1488500,0.0,0.0,0.0
2023-05-02 00:00:00-04:00,21.596494659685025,21.709960345950513,21.388473032528584,21.426294326782227,952700,0.0,0.0,0.0
2023-05-03 00:00:00-04:00,21.208817097143427,21.31282881331724,21.14262847903449,21.2371826171875,765600,0.0,0.0,0.0
2023-05-04 00:00:00-04:00,21.18990413240873,21.40738152123828,21.161536810755308,21.284460067749023,1285300,0.0,0.0,0.0
2023-05-05 00:00:00-04:00,21.445204011359152,21.70995845863236,21.445204011359152,21.68159294128418,972200,0.0,0.0,0.0
2023-05-08 00:00:00-04:00,21.795063018798828,21.89907474609051,21.7761532712497,21.795063018798828,753900,0.0,0.0,0.0
2023-05-09 00:00:00-04:00,21.71941786523167,21.795062263320453,21.57758484425329,21.785608291625977,413200,0.0,0.0,0.0
2023-05-10 00:00:00-04:00,21.681593126986883,21.74778173937209,21.605948740903155,21.662681579589844,1587100,0.0,0.0,0.0
2023-05-11 00:00:00-04:00,21.445206732020313,21.492483802601395,21.322283462902085,21.350650787353516,1725300,0.0,0.0,0.0
2023-05-12 00:00:00-04:00,21.45466106971214,21.45466106971214,21.256093418862314,21.312828063964844,842200,0.0,0.0,0.0
2023-05-15 00:00:00-04:00,21.123715555481013,21.63431472159998,20.70767052136242,21.53976058959961,560300,0.0,0.0,0.0
2023-05-16 00:00:00-04:00,21.5113923602634,21.540704717068163,21.256091886223615,21.27500343322754,1123100,0.0,0.0,0.0
2023-05-17 00:00:00-04:00,21.369561101950048,21.426293944069442,21.198415735711635,21.379016876220703,1661400,0.0,0.0,0.0
2023-05-18 00:00:00-04:00,21.133173372998108,21.31282948747992,21.08873141171657,21.26555061340332,975800,0.0,0.0,0.0
2023-05-19 00:00:00-04:00,21.426293444303255,21.492482059149456,21.208816051664446,21.24663734436035,538100,0.0,0.0,0.0
2023-05-22 00:00:00-04:00,21.161539936921553,21.29297214737448,21.161539936921553,21.25609588623047,638400,0.0,0.0,0.0
2023-05-23 00:00:00-04:00,21.2560918702369,21.319445372301953,21.180447485782494,21.189903259277344,826500,0.0,0.0,0.0
2023-05-24 00:00:00-04:00,21.26554764373175,21.350647801681006,21.104803101328084,21.189903259277344,512800,0.0,0.0,0.0
2023-05-25 00:00:00-04:00,21.057529258290717,21.11426210443321,20.858961591535,20.99134063720703,921100,0.0,0.0,0.0
2023-05-26 00:00:00-04:00,21.170995335216993,21.22772998589492,21.142629813382726,21.208818435668945,1008800,0.0,0.0,0.0
2023-05-30 00:00:00-04:00,20.953515987915043,20.953515987915043,20.717127042380348,20.783315658569336,1779800,0.0,0.0,0.0
2023-05-31 00:00:00-04:00,20.641482932791103,20.78331594134075,20.60366163881332,20.679306030273438,2114400,0.0,0.0,0.0
2023-06-01 00:00:00-04:00,20.78331690249363,21.019705862176693,20.78331690249363,20.92514991760254,1483400,0.0,0.0,0.0
2023-06-02 00:00:00-04:00,21.10480547778796,21.180449870760135,21.01024953569659,21.152084350585938,1074400,0.0,0.0,0.0
2023-06-05 00:00:00-04:00,21.27500465544785,21.317554736898927,21.161537170410156,21.161537170410156,712200,0.0,0.0,0.0
2023-06-06 00:00:00-04:00,21.161538893939433,21.31282948747992,21.147356133468772,21.26555061340332,608900,0.0,0.0,0.0
2023-06-07 00:00:00-04:00,21.322282034644083,21.426293747160873,21.279731952569442,21.312828063964844,1174100,0.0,0.0,0.0
2023-06-08 00:00:00-04:00,21.350649748410945,21.51139430547113,21.237182259631293,21.445205688476562,469000,0.0,0.0,0.0
2023-06-09 00:00:00-04:00,21.445206063176823,21.539762004894563,21.393200205056832,21.40738296508789,460200,0.0,0.0,0.0
2023-06-12 00:00:00-04:00,21.284463212074563,21.343087936716184,21.180451487484284,21.25609588623047,764700,0.0,0.0,0.0
2023-06-13 00:00:00-04:00,21.539762873173167,21.610678479691682,21.50193977355957,21.50193977355957,1224800,0.0,0.0,0.0
2023-06-14 00:00:00-04:00,21.587039275124937,21.653227893892655,21.520850656357222,21.558671951293945,950100,0.0,0.0,0.0
2023-06-15 00:00:00-04:00,21.757239174988577,22.151535770462434,21.757239174988577,22.107093811035156,1144900,0.0,0.0,0.0
2023-06-16 00:00:00-04:00,22.29620487895899,22.542049594416245,22.29620487895899,22.52313804626465,979400,0.0,0.0,0.0
2023-06-20 00:00:00-04:00,22.31511878790338,22.31511878790338,22.163829993694247,22.230018615722656,762300,0.0,0.0,0.0
2023-06-21 00:00:00-04:00,22.14491552670158,22.438037301434854,22.14491552670158,22.409671783447266,1185200,0.0,0.0,0.0
2023-06-22 00:00:00-04:00,22.116547967022925,22.192192353349252,21.96525919437027,22.08818244934082,1041200,0.0,0.0,0.0
2023-06-23 00:00:00-04:00,21.747783481024236,21.85274023292741,21.69199567418835,21.851795196533203,2129400,0.0,0.0,0.0
2023-06-26 00:00:00-04:00,21.927440831599736,22.05036229948331,21.83288488518678,21.90852928161621,706700,0.0,0.0,0.0
2023-06-27 00:00:00-04:00,21.735973933665537,21.8027087166067,21.60250800445703,21.640642166137695,979200,0.189,0.0,0.0
2023-06-28 00:00:00-04:00,21.42137399611498,21.521475259596407,21.344154683908734,21.383241653442383,1055800,0.0,0.0,0.0
2023-06-29 00:00:00-04:00,21.33557524427945,21.459509456728913,21.25930873597862,21.392776489257812,691200,0.0,0.0,0.0
2023-06-30 00:00:00-04:00,21.54530991955925,21.859909499633044,21.526242837533683,21.70737648010254,917800,0.0,0.0,0.0
2023-07-03 00:00:00-04:00,21.77410895707538,21.90757489156592,21.745508334682988,21.802709579467773,636500,0.0,0.0,0.0
2023-07-05 00:00:00-04:00,21.97430406233694,22.042944453217576,21.812237533454052,21.888504028320312,807500,0.0,0.0,0.0
2023-07-06 00:00:00-04:00,21.821773529052734,21.878974770394,21.631108179592466,21.821773529052734,827500,0.0,0.0,0.0
2023-07-07 00:00:00-04:00,21.764573496161585,21.945707118659453,21.764573496161585,21.83130645751953,620000,0.0,0.0,0.0
2023-07-10 00:00:00-04:00,21.8885079644702,22.045808661233192,21.8885079644702,21.974308013916016,957100,0.0,0.0,0.0
2023-07-11 00:00:00-04:00,22.069639263297635,22.145905763789095,22.01243984251324,22.12683868408203,594200,0.0,0.0,0.0
2023-07-12 00:00:00-04:00,22.327042137917793,22.39377510678587,22.145908495035133,22.203109741210938,858200,0.0,0.0,0.0
2023-07-13 00:00:00-04:00,22.24124053747578,22.489107131958008,22.24124053747578,22.489107131958008,904300,0.0,0.0,0.0
2023-07-14 00:00:00-04:00,22.55583941001481,22.565372950089905,22.384239325336758,22.47003936767578,587400,0.0,0.0,0.0
2023-07-17 00:00:00-04:00,22.355640951191162,22.40807269510213,22.269840907210476,22.317506790161133,450300,0.0,0.0,0.0
2023-07-18 00:00:00-04:00,22.45097248742039,22.632106113786282,22.393773064797372,22.584440231323242,648000,0.0,0.0,0.0
2023-07-19 00:00:00-04:00,22.8037052154541,22.937171135257774,22.689304556810395,22.8037052154541,3177100,0.0,0.0,0.0
2023-07-20 00:00:00-04:00,22.95623901619757,22.994373176522398,22.81800541252534,22.937171936035156,894900,0.0,0.0,0.0
2023-07-21 00:00:00-04:00,23.05157525052721,23.05157525052721,22.822775717267675,23.01344108581543,831000,0.0,0.0,0.0
2023-07-24 00:00:00-04:00,23.223173322050737,23.48915236978396,23.17550562033394,23.366172790527344,522000,0.0,0.0,0.0
2023-07-25 00:00:00-04:00,23.27083615127649,23.471036835538143,23.27083615127649,23.44243621826172,538600,0.0,0.0,0.0
2023-07-26 00:00:00-04:00,23.375706402531197,23.442439366802397,23.325178456722803,23.394773483276367,368100,0.0,0.0,0.0
2023-07-27 00:00:00-04:00,23.375704214437043,23.375704214437043,23.242236480051055,23.25177001953125,403800,0.0,0.0,0.0
2023-07-28 00:00:00-04:00,23.280375208555977,23.418608830652797,23.16597453067035,23.299442291259766,452600,0.0,0.0,0.0
2023-07-31 00:00:00-04:00,23.22317577878171,23.299442291259766,23.118308642247975,23.299442291259766,424100,0.0,0.0,0.0
2023-08-01 00:00:00-04:00,23.165969997213477,23.270837113225276,23.11830411811906,23.22317123413086,576800,0.0,0.0,0.0
2023-08-02 00:00:00-04:00,23.16597145966543,23.16597145966543,22.832306648267004,22.908573150634766,582400,0.0,0.0,0.0
2023-08-03 00:00:00-04:00,22.86090556132218,23.023924915445978,22.822773219121363,23.022972106933594,417300,0.0,0.0,0.0
2023-08-04 00:00:00-04:00,23.051572041906077,23.080170843122104,22.946704921882514,23.003904342651367,273700,0.0,0.0,0.0
2023-08-07 00:00:00-04:00,23.0325049780592,23.0325049780592,22.889505516870233,22.975305557250977,263800,0.0,0.0,0.0
2023-08-08 00:00:00-04:00,22.689304816536236,23.003904358486686,22.613038316012997,22.975305557250977,1450100,0.0,0.0,0.0
2023-08-09 00:00:00-04:00,23.137372488101335,23.242237791627634,23.08970478801044,23.23270606994629,458000,0.0,0.0,0.0
2023-08-10 00:00:00-04:00,23.175503940899862,23.27083751908813,23.044898266167774,23.0992374420166,2030400,0.0,0.0,0.0
2023-08-11 00:00:00-04:00,23.061105728149414,23.175504570413324,23.006764732487767,23.061105728149414,530600,0.0,0.0,0.0
2023-08-14 00:00:00-04:00,22.937172547903884,22.98484024958149,22.8609060435566,22.92763900756836,263100,0.0,0.0,0.0
2023-08-15 00:00:00-04:00,22.870439218862693,22.870439218862693,22.641639709472656,22.641639709472656,401800,0.0,0.0,0.0
2023-08-16 00:00:00-04:00,22.736972678935714,22.80847150087472,22.641639098013556,22.651172637939453,967300,0.0,0.0,0.0
2023-08-17 00:00:00-04:00,22.879972255584406,22.908572875505143,22.76557159423828,22.76557159423828,397000,0.0,0.0,0.0
2023-08-18 00:00:00-04:00,22.84183903427049,22.96672604921816,22.776060696922535,22.956239700317383,276200,0.0,0.0,0.0
2023-08-21 00:00:00-04:00,23.070640928380918,23.10019435873227,22.841839590713374,22.889507293701172,399100,0.0,0.0,0.0
2023-08-22 00:00:00-04:00,22.937175041316856,22.95528931542455,22.78940969589549,22.83230972290039,836000,0.0,0.0,0.0
2023-08-23 00:00:00-04:00,22.813238943596108,23.037272583691028,22.798939543023852,22.946704864501953,326300,0.0,0.0,0.0
2023-08-24 00:00:00-04:00,22.90857265361789,23.07063919492535,22.870438494092937,23.03250503540039,291700,0.0,0.0,0.0
2023-08-25 00:00:00-04:00,23.175507462646543,23.3471075657944,23.12784157547749,23.308975219726562,319800,0.0,0.0,0.0
2023-08-28 00:00:00-04:00,23.299441678625346,23.390007591581362,23.234614326471874,23.308975219726562,432400,0.0,0.0,0.0
2023-08-29 00:00:00-04:00,23.242239122571494,23.35473235555625,23.199339099201477,23.328039169311523,265400,0.0,0.0,0.0
2023-08-30 00:00:00-04:00,23.394773284792443,23.480571510743992,23.2517719987538,23.280372619628906,1252900,0.0,0.0,0.0
2023-08-31 00:00:00-04:00,23.318506942490743,23.385241730199272,23.223175168152636,23.308975219726562,392600,0.0,0.0,0.0
2023-09-01 00:00:00-04:00,23.50916917357005,23.575902128878383,23.409069740607553,23.44243621826172,368300,0.0,0.0,0.0
2023-09-05 00:00:00-04:00,23.53777503967285,23.59020860720377,23.470087442525593,23.53777503967285,206900,0.0,0.0,0.0
2023-09-06 00:00:00-04:00,23.43290267916958,23.50916917357005,23.36521691545303,23.44243621826172,280900,0.0,0.0,0.0
2023-09-07 00:00:00-04:00,23.366175310780818,23.366175310780818,23.280375256773162,23.35664176940918,348700,0.0,0.0,0.0
2023-09-08 00:00:00-04:00,23.42337356359963,23.504407752017872,23.37570767747384,23.432907104492188,320100,0.0,0.0,0.0
2023-09-11 00:00:00-04:00,23.623572007380357,23.671237888909186,23.54730550593214,23.614038467407227,1564200,0.0,0.0,0.0
2023-09-12 00:00:00-04:00,23.57590614129217,23.64263910795787,23.5282402560558,23.585439682006836,955400,0.0,0.0,0.0
2023-09-13 00:00:00-04:00,23.614038596415572,23.699838638305664,23.566370896289502,23.699838638305664,591700,0.0,0.0,0.0
2023-09-14 00:00:00-04:00,23.757039535333817,23.890505467300827,23.737972454099403,23.852373123168945,340000,0.0,0.0,0.0
2023-09-15 00:00:00-04:00,23.776105123799304,23.81423746553707,23.699838621986938,23.728437423706055,227800,0.0,0.0,0.0
2023-09-18 00:00:00-04:00,23.728437997507598,23.74273921704982,23.556837909695933,23.633106231689453,463200,0.0,0.0,0.0
2023-09-19 00:00:00-04:00,23.69030441377319,23.73797029418517,23.623571453861707,23.680770874023438,696900,0.0,0.0,0.0
2023-09-20 00:00:00-04:00,23.50917361329565,23.661706630902575,23.432907104492188,23.432907104492188,379300,0.0,0.0,0.0
2023-09-21 00:00:00-04:00,23.480570950470522,23.54253805171954,23.318504406052455,23.347105026245117,347300,0.0,0.0,0.0
2023-09-22 00:00:00-04:00,23.412433576527437,23.50850282365463,23.335577079383626,23.393218994140625,651100,0.188,0.0,0.0
2023-09-25 00:00:00-04:00,23.29714760983794,23.34518223277315,23.153041908628904,23.210683822631836,361600,0.0,0.0,0.0
2023-09-26 00:00:00-04:00,23.12421998757339,23.191469192504883,23.080988094059798,23.191469192504883,284400,0.0,0.0,0.0
2023-09-27 00:00:00-04:00,23.21068579411374,23.34038148593906,23.21068579411374,23.268327713012695,358100,0.0,0.0,0.0
2023-09-28 00:00:00-04:00,23.26832587747686,23.383611538583956,23.24142619528578,23.297147750854492,609400,0.0,0.0,0.0
2023-09-29 00:00:00-04:00,23.37400386871665,23.383611159686854,23.008935973865846,23.056970596313477,471900,0.0,0.0,0.0
2023-10-02 00:00:00-04:00,22.999330385135078,23.028150427775348,22.864830134000904,22.912866592407227,524600,0.0,0.0,0.0
2023-10-03 00:00:00-04:00,22.797582648998308,22.83601181863007,22.69190609731829,22.80718994140625,280000,0.0,0.0,0.0
2023-10-04 00:00:00-04:00,22.624652401355213,22.624652401355213,22.271112144714955,22.31722640991211,481600,0.0,0.0,0.0
2023-10-05 00:00:00-04:00,22.144300661708012,22.298013670132953,22.136615561007844,22.259586334228516,789300,0.0,0.0,0.0
2023-10-06 00:00:00-04:00,22.41329763326668,22.47093954892898,22.278799219253496,22.37487030029297,433200,0.0,0.0,0.0
2023-10-09 00:00:00-04:00,22.586225529036838,22.68229661142204,22.543953813010514,22.624652862548828,370400,0.0,0.0,0.0
2023-10-10 00:00:00-04:00,22.567009020976307,22.614083462524587,22.499759818764478,22.586223602294922,487100,0.0,0.0,0.0
2023-10-11 00:00:00-04:00,22.49015238347474,22.50936696466979,22.346046689318495,22.499759674072266,550300,0.0,0.0,0.0
2023-10-12 00:00:00-04:00,22.54779627301265,22.557403564453125,22.394083274772015,22.557403564453125,468700,0.0,0.0,0.0
2023-10-13 00:00:00-04:00,22.826402864617577,22.984918596800583,22.787973697783194,22.970508575439453,403100,0.0,0.0,0.0
2023-10-16 00:00:00-04:00,22.932081170973294,22.95609848396967,22.86483012921851,22.941686630249023,351900,0.0,0.0,0.0
2023-10-17 00:00:00-04:00,22.83601010985103,23.008937695446757,22.83601010985103,22.9512939453125,289600,0.0,0.0,0.0
2023-10-18 00:00:00-04:00,23.105007194902434,23.15304365386195,23.03295525506848,23.114614486694336,690900,0.0,0.0,0.0
2023-10-19 00:00:00-04:00,23.03775620054621,23.22029106564841,22.970506995614716,23.191469192504883,465300,0.0,0.0,0.0
2023-10-20 00:00:00-04:00,23.17225627975619,23.306754688672754,23.066577911376953,23.066577911376953,890400,0.0,0.0,0.0
2023-10-23 00:00:00-04:00,23.124221577969926,23.133828869678524,22.927276678952538,22.970508575439453,1415500,0.0,0.0,0.0
2023-10-24 00:00:00-04:00,22.864830021746823,22.879241875399728,22.711117020408295,22.836009979248047,384700,0.0,0.0,0.0
2023-10-25 00:00:00-04:00,22.85522469803678,22.932081199161765,22.663082529022546,22.922473907470703,263900,0.0,0.0,0.0
2023-10-26 00:00:00-04:00,22.826404587107877,22.941688431503337,22.807190002240745,22.864831924438477,2139000,0.0,0.0,0.0
2023-10-27 00:00:00-04:00,23.01854145647576,23.12902438654681,22.903257629519675,23.066577911376953,14133200,0.0,0.0,0.0
2023-10-30 00:00:00-04:00,22.970510293131035,23.037759507716448,22.749548064520784,22.826404571533203,847700,0.0,0.0,0.0
2023-10-31 00:00:00-04:00,22.893651896649118,22.970508397318383,22.76876077021288,22.836009979248047,551500,0.0,0.0,0.0
2023-11-01 00:00:00-04:00,22.86482993231051,22.956098286275683,22.682296889187185,22.768760681152344,1279300,0.0,0.0,0.0
2023-11-02 00:00:00-04:00,22.85522466994278,22.980115796966043,22.787973628187995,22.941686630249023,1168100,0.0,0.0,0.0
2023-11-03 00:00:00-04:00,22.941686635047493,23.10981149086433,22.90325930072596,22.912866592407227,681400,0.0,0.0,0.0
2023-11-06 00:00:00-05:00,23.085792399347987,23.09539969028911,22.97531130213013,22.99932861328125,439000,0.0,0.0,0.0
2023-11-07 00:00:00-05:00,22.720723854134235,22.720723854134235,22.538188981572176,22.557403564453125,629900,0.0,0.0,0.0
2023-11-08 00:00:00-05:00,22.51897406000422,22.595830551714677,22.328754105590583,22.394081115722656,634600,0.0,0.0,0.0
2023-11-09 00:00:00-05:00,22.40369031816245,22.504564128565356,22.317226528558972,22.365262985229492,1151300,0.0,0.0,0.0
2023-11-10 00:00:00-05:00,22.336441040039062,22.403690246760004,22.30761916612861,22.336441040039062,393700,0.0,0.0,0.0
2023-11-13 00:00:00-05:00,22.365263484949143,22.691904067993164,22.365263484949143,22.691904067993164,410200,0.0,0.0,0.0
2023-11-14 00:00:00-05:00,22.730331397381864,22.821597918472207,22.672689480503937,22.72072410583496,719600,0.0,0.0,0.0
2023-11-15 00:00:00-05:00,22.68229874410239,22.80622970074635,22.68229874410239,22.749547958374023,726300,0.0,0.0,0.0
2023-11-16 00:00:00-05:00,22.586227068583618,22.653476281116124,22.3412457001825,22.346050262451172,596900,0.0,0.0,0.0
2023-11-17 00:00:00-05:00,22.35565390834245,22.456527710688533,22.336439327208915,22.44211769104004,1456600,0.0,0.0,0.0
2023-11-20 00:00:00-05:00,22.528583612567115,22.663082028464302,22.509369029609378,22.624652862548828,850300,0.0,0.0,0.0
2023-11-21 00:00:00-05:00,22.67269144485112,22.77836799621582,22.653476860092574,22.77836799621582,558900,0.0,0.0,0.0
2023-11-22 00:00:00-05:00,22.422905172565592,22.576618170967134,22.40369058966453,22.5670108795166,1215400,0.0,0.0,0.0
2023-11-24 00:00:00-05:00,22.23076273895549,22.523778711233565,22.23076273895549,22.365262985229492,286700,0.0,0.0,0.0
2023-11-27 00:00:00-05:00,22.35565749176247,22.37487207597594,22.245176381140446,22.288408279418945,606700,0.0,0.0,0.0
2023-11-28 00:00:00-05:00,22.394081309902806,22.610240767338833,22.35661415925478,22.499759674072266,472500,0.0,0.0,0.0
2023-11-29 00:00:00-05:00,22.547796320198337,22.612164989743874,22.41329790455719,22.576618194580078,571500,0.0,0.0,0.0
2023-11-30 00:00:00-05:00,22.624652661323307,22.69190370107725,22.38928043559665,22.45172691345215,1070900,0.0,0.0,0.0
2023-12-01 00:00:00-05:00,22.336442815365192,22.53819045156315,22.24997901916504,22.24997901916504,482300,0.0,0.0,0.0
2023-12-04 00:00:00-05:00,22.12508771496597,22.21539406080965,22.057836671019604,22.115480422973633,725700,0.0,0.0,0.0
2023-12-05 00:00:00-05:00,22.07705098798716,22.134694739244,21.92333798277604,21.94255256652832,1276500,0.0,0.0,0.0
2023-12-06 00:00:00-05:00,21.808055430977547,21.83207274588229,21.49102210998535,21.49102210998535,980600,0.0,0.0,0.0
2023-12-07 00:00:00-05:00,21.625520728713486,21.654342606293728,21.539056928376446,21.635128021240234,870100,0.0,0.0,0.0
2023-12-08 00:00:00-05:00,21.71198259144904,21.788839092400575,21.587089632150594,21.625518798828125,1008300,0.0,0.0,0.0
2023-12-11 00:00:00-05:00,21.54866424333989,21.64473533630371,21.471807735449573,21.64473533630371,724300,0.0,0.0,0.0
2023-12-12 00:00:00-05:00,21.44298353729955,21.500625453878413,21.356519746229516,21.375734329223633,1154200,0.0,0.0,0.0
2023-12-13 00:00:00-05:00,21.35652006451762,21.5678768157959,21.327700022000414,21.5678768157959,1757800,0.0,0.0,0.0
2023-12-14 00:00:00-05:00,21.760017483012188,21.846481276688547,21.760017483012188,21.827266693115234,1578000,0.0,0.0,0.0
2023-12-15 00:00:00-05:00,21.88739013671875,21.955272753058363,21.80011195866423,21.88739013671875,1692900,0.212,0.0,0.0
2023-12-18 00:00:00-05:00,22.071643906714883,22.134678556409018,21.960122203202204,22.003761291503906,923700,0.0,0.0,0.0
2023-12-19 00:00:00-05:00,21.974671028802646,22.178320752636253,21.964973246747444,22.168622970581055,1266900,0.0,0.0,0.0
2023-12-20 00:00:00-05:00,22.149224670882315,22.188013944649565,21.877692355861296,21.88739013671875,1137100,0.0,0.0,0.0
2023-12-21 00:00:00-05:00,21.897089187489282,21.98436737060547,21.848602130052594,21.98436737060547,1392000,0.0,0.0,0.0
2023-12-22 00:00:00-05:00,22.023156113931144,22.071645019857673,21.935879782588653,21.945575714111328,1876800,0.0,0.0,0.0
2023-12-26 00:00:00-05:00,21.984367816820324,22.12013306012882,21.9552744719702,22.091041564941406,751300,0.0,0.0,0.0
2023-12-27 00:00:00-05:00,22.12983104925513,22.21226126893874,22.071646208672,22.110435485839844,1120200,0.0,0.0,0.0
2023-12-28 00:00:00-05:00,22.032853605623618,22.16377087541116,21.9843665499968,21.994064331054688,1303600,0.0,0.0,0.0
2023-12-29 00:00:00-05:00,21.945576226669296,21.945576226669296,21.751626147421202,21.761323928833008,1336400,0.0,0.0,0.0
2024-01-02 00:00:00-05:00,21.86799694455561,21.86799694455561,21.64010554353078,21.70313835144043,815300,0.0,0.0,0.0
2024-01-03 00:00:00-05:00,21.722532191871046,21.819508153597337,21.703136629593264,21.790414810180664,773100,0.0,0.0,0.0
2024-01-04 00:00:00-05:00,21.771022182774356,21.80787301307398,21.644952871347282,21.800113677978516,521200,0.0,0.0,0.0
2024-01-05 00:00:00-05:00,21.732231404828138,21.829207372943646,21.683744345601756,21.75162696838379,709400,0.0,0.0,0.0
2024-01-08 00:00:00-05:00,21.43160686559242,21.640104542821856,21.363724245036362,21.62555694580078,550200,0.0,0.0,0.0
2024-01-09 00:00:00-05:00,21.761323108236112,21.877692781464255,21.664347147437592,21.771020889282227,1015400,0.0,0.0,0.0
2024-01-10 00:00:00-05:00,21.78071863523061,21.800114198938694,21.601314295087754,21.615861892700195,890300,0.0,0.0,0.0
2024-01-11 00:00:00-05:00,21.82920810998689,21.90678851716618,21.74192992070234,21.809812545776367,1673100,0.0,0.0,0.0
2024-01-12 00:00:00-05:00,22.03285414073782,22.059037965263776,21.674045481194675,21.741928100585938,9829200,0.0,0.0,0.0
2024-01-16 00:00:00-05:00,21.92618189646252,21.928120342892726,21.78071702904177,21.790414810180664,494200,0.0,0.0,0.0
2024-01-17 00:00:00-05:00,21.625556656094616,21.712834838401097,21.581917564941374,21.67404556274414,1037800,0.0,0.0,0.0
2024-01-18 00:00:00-05:00,21.63525291267636,21.87769187985007,21.596463639753082,21.848600387573242,1476200,0.0,0.0,0.0
2024-01-19 00:00:00-05:00,22.00376165734564,22.03285315025543,21.834053266834033,21.88739013671875,559300,0.0,0.0,0.0
2024-01-22 00:00:00-05:00,21.780718211259778,22.02315720390334,21.775870245258503,21.95527458190918,545300,0.0,0.0,0.0
2024-01-23 00:00:00-05:00,22.00376411256627,22.163772890411924,22.00376411256627,22.149227142333984,714300,0.0,0.0,0.0
2024-01-24 00:00:00-05:00,22.25589990210014,22.348995275177735,22.15892393668945,22.294689178466797,648900,0.0,0.0,0.0
2024-01-25 00:00:00-05:00,22.411059801219544,22.411059801219544,22.25589900269786,22.372268676757812,1187600,0.0,0.0,0.0
2024-01-26 00:00:00-05:00,22.333480320456243,22.527430401753527,22.236504354976255,22.517732620239258,524200,0.0,0.0,0.0
2024-01-29 00:00:00-05:00,22.381968101341947,22.381968101341947,22.255900636909647,22.352874755859375,558200,0.0,0.0,0.0
2024-01-30 00:00:00-05:00,22.294687098661353,22.517730503534988,22.26559375685337,22.498336791992188,595100,0.0,0.0,0.0
2024-01-31 00:00:00-05:00,22.49833907392827,22.508035005851838,22.353845272719358,22.381967544555664,569900,0.0,0.0,0.0
2024-02-01 00:00:00-05:00,22.39166688335422,22.44985172725559,22.15892565808589,22.207412719726562,528000,0.0,0.0,0.0
2024-02-02 00:00:00-05:00,22.05224773370606,22.12013034703432,22.003760681232304,22.032852172851562,503500,0.0,0.0,0.0
2024-02-05 00:00:00-05:00,21.994062883090653,22.100736618041992,21.92618026981707,22.100736618041992,502900,0.0,0.0,0.0
2024-02-06 00:00:00-05:00,22.110435750439517,22.19868501013635,22.071646472807473,22.129831314086914,442100,0.0,0.0,0.0
2024-02-07 00:00:00-05:00,22.236505685324385,22.33348165660618,22.21807934444607,22.32378387451172,421700,0.0,0.0,0.0
2024-02-08 00:00:00-05:00,22.391666588906602,22.51773405731228,22.36257324250707,22.478944778442383,445600,0.0,0.0,0.0
2024-02-09 00:00:00-05:00,22.527430401753527,22.59531302269071,22.48185286326543,22.517732620239258,470500,0.0,0.0,0.0
2024-02-12 00:00:00-05:00,22.517730503534988,22.575917187150953,22.459545669581544,22.498336791992188,408100,0.0,0.0,0.0
2024-02-13 00:00:00-05:00,22.411060623665215,22.46924546283047,22.31893262451898,22.362571716308594,343600,0.0,0.0,0.0
2024-02-14 00:00:00-05:00,22.265595467177626,22.386814959528536,22.11043466494147,22.120132446289062,398200,0.0,0.0,0.0
2024-02-15 00:00:00-05:00,22.16862317685144,22.289842679175145,22.16862317685144,22.188016891479492,426600,0.0,0.0,0.0
2024-02-16 00:00:00-05:00,22.18801686174286,22.265597269139544,22.139529800743485,22.255901336669922,453000,0.0,0.0,0.0
2024-02-20 00:00:00-05:00,22.2462035843521,22.26559729898015,22.061949422914477,22.188016891479492,445700,0.0,0.0,0.0
2024-02-21 00:00:00-05:00,22.12983222356026,22.30438860423511,22.12983222356026,22.27529525756836,1023000,0.0,0.0,0.0
2024-02-22 00:00:00-05:00,22.14922507550953,22.304385872738177,22.14922507550953,22.284990310668945,454900,0.0,0.0,0.0
2024-02-23 00:00:00-05:00,22.07164629323244,22.12983113403849,22.01830941846742,22.042552947998047,430400,0.0,0.0,0.0
2024-02-26 00:00:00-05:00,22.100739443310065,22.265596182527673,22.0910416616509,22.24620246887207,451300,0.0,0.0,0.0
2024-02-27 00:00:00-05:00,22.33348265212707,22.445004376690257,22.33348265212707,22.401365280151367,445400,0.0,0.0,0.0
2024-02-28 00:00:00-05:00,22.44015273474994,22.44015273474994,22.29953952371043,22.333480834960938,649200,0.0,0.0,0.0
2024-02-29 00:00:00-05:00,22.255900636909647,22.446941204957326,22.197713945944503,22.352874755859375,534600,0.0,0.0,0.0
2024-03-01 00:00:00-05:00,22.362571426523676,22.46924517166322,22.304386588112408,22.411060333251953,822400,0.0,0.0,0.0
2024-03-04 00:00:00-05:00,22.51773405731228,22.580768716346522,22.425607901541316,22.478944778442383,378300,0.0,0.0,0.0
2024-03-05 00:00:00-05:00,22.411061798378004,22.44015329465417,22.30438804626465,22.30438804626465,586400,0.0,0.0,0.0
2024-03-06 00:00:00-05:00,22.488639011389527,22.599191490664836,22.478941230786866,22.498336791992188,361500,0.0,0.0,0.0
2024-03-07 00:00:00-05:00,22.566221419723806,22.731080005351345,22.551673822690734,22.653499603271484,374300,0.0,0.0,0.0
2024-03-08 00:00:00-05:00,22.51773288522954,22.54682623011472,22.415908952625497,22.537128448486328,1061500,0.0,0.0,0.0
2024-03-11 00:00:00-04:00,22.58561745337318,22.720413474158615,22.48864148633658,22.692289352416992,300600,0.0,0.0,0.0
2024-03-12 00:00:00-04:00,22.16862183086434,22.731080213509674,22.16862183086434,22.672893524169922,520700,0.0,0.0,0.0
2024-03-13 00:00:00-04:00,22.66319551202067,22.886238918361776,22.66319551202067,22.876541137695312,461700,0.0,0.0,0.0
2024-03-14 00:00:00-04:00,22.88624217699432,22.965761030321488,22.83775326675795,22.905637741088867,497000,0.0,0.0,0.0
2024-03-15 00:00:00-04:00,22.89593926033915,23.022006723780986,22.84745035158249,23.00261116027832,442400,0.0,0.0,0.0
2024-03-18 00:00:00-04:00,23.215957931895222,23.215957931895222,23.041401565167316,23.167469024658203,355000,0.0,0.0,0.0
2024-03-19 00:00:00-04:00,23.089888150516423,23.128679275512695,23.044310613274707,23.128679275512695,668800,0.0,0.0,0.0
2024-03-20 00:00:00-04:00,22.93472871646185,23.104437123938958,22.8716940594182,23.089889526367188,285100,0.0,0.0,0.0
2024-03-21 00:00:00-04:00,23.103557356146673,23.18069987395767,22.918025307769305,23.03520393371582,419300,0.164,0.0,0.0
2024-03-22 00:00:00-04:00,22.986382427872744,23.084029117717815,22.927792178976233,22.937557220458984,280600,0.0,0.0,0.0
2024-03-25 00:00:00-04:00,23.01567694111293,23.19144397237586,23.01567694111293,23.15238380432129,483900,0.0,0.0,0.0
2024-03-26 00:00:00-04:00,23.250030735533535,23.250030735533535,22.996145248413086,22.996145248413086,384800,0.0,0.0,0.0
2024-03-27 00:00:00-04:00,22.947322688118028,22.986382854774458,22.88482865645725,22.97661781311035,302400,0.0,0.0,0.0
2024-03-28 00:00:00-04:00,23.064502731709755,23.210974640618428,23.025442562672048,23.16214942932129,838300,0.0,0.0,0.0
2024-04-01 00:00:00-04:00,23.679685616797236,23.679685616797236,23.171914591624684,23.357446670532227,655200,0.0,0.0,0.0
2024-04-02 00:00:00-04:00,23.435563681385887,23.513682152490855,23.4062685562873,23.494152069091797,348300,0.0,0.0,0.0
2024-04-03 00:00:00-04:00,23.679684268548712,23.71874443556481,23.58203571349974,23.689449310302734,595300,0.0,0.0,0.0
2024-04-04 00:00:00-04:00,23.611328584386975,23.8212723058252,23.59570414657408,23.748035430908203,567000,0.0,0.0,0.0
2024-04-05 00:00:00-04:00,23.75780472309836,23.982395114713142,23.75780472309836,23.884746551513672,324100,0.0,0.0,0.0
2024-04-08 00:00:00-04:00,23.923805599035838,23.953100725368277,23.738273523913087,23.865217208862305,345900,0.0,0.0,0.0
2024-04-09 00:00:00-04:00,23.89450754869799,23.943332753277243,23.762682290070686,23.816389083862305,655300,0.0,0.0,0.0
2024-04-10 00:00:00-04:00,23.80662675340768,23.923805395247935,23.73339173193743,23.89451026916504,1984000,0.0,0.0,0.0
2024-04-11 00:00:00-04:00,23.767567264366786,23.806625568041216,23.669918711443856,23.777332305908203,385100,0.0,0.0,0.0
2024-04-12 00:00:00-04:00,24.07027589812027,24.20698461604986,23.787097145784898,23.806625366210938,650900,0.0,0.0,0.0
2024-04-15 00:00:00-04:00,23.884744329503913,23.943334579467773,23.696284426678144,23.943334579467773,420200,0.0,0.0,0.0
2024-04-16 00:00:00-04:00,23.806626894106873,23.874982188704283,23.677731318566472,23.767568588256836,404800,0.0,0.0,0.0
2024-04-17 00:00:00-04:00,23.7480361433934,23.84568469204867,23.542975867459372,23.630859375,508700,0.0,0.0,0.0
2024-04-18 00:00:00-04:00,23.669919161021113,23.699214286201784,23.562505564516595,23.591800689697266,452400,0.0,0.0,0.0
2024-04-19 00:00:00-04:00,23.67968529138052,23.884745589598687,23.66113301499041,23.835922241210938,398100,0.0,0.0,0.0
2024-04-22 00:00:00-04:00,23.611330903833903,23.82615623554067,23.601565862052965,23.787097930908203,594100,0.0,0.0,0.0
2024-04-23 00:00:00-04:00,23.523446613875564,23.826155449128194,23.494151489499675,23.806625366210938,495900,0.0,0.0,0.0
2024-04-24 00:00:00-04:00,23.73827140113409,23.845684992256295,23.73827140113409,23.79686164855957,521200,0.0,0.0,0.0
2024-04-25 00:00:00-04:00,23.777334808236542,23.91111198020107,23.728509595391092,23.884746551513672,429800,0.0,0.0,0.0
2024-04-26 00:00:00-04:00,23.943335683257462,23.98239398920937,23.826157040419055,23.865217208862305,319900,0.0,0.0,0.0
2024-04-29 00:00:00-04:00,23.865216042129134,23.933569471071785,23.78221411949073,23.845685958862305,287700,0.0,0.0,0.0
2024-04-30 00:00:00-04:00,24.392515957036306,24.392515957036306,23.396504031571023,23.406269073486328,422200,0.0,0.0,0.0
2024-05-01 00:00:00-04:00,23.26956222286472,23.35744573765348,23.035206804258454,23.084030151367188,335400,0.0,0.0,0.0
2024-05-02 00:00:00-04:00,23.044972631558846,23.1133260648371,22.957089113774984,23.064502716064453,410900,0.0,0.0,0.0
2024-05-03 00:00:00-04:00,23.142620466676274,23.227574282874066,23.084030214994733,23.181678771972656,309100,0.0,0.0,0.0
2024-05-06 00:00:00-04:00,23.279325937037342,23.450209504662784,23.279325937037342,23.416032791137695,534700,0.0,0.0,0.0
2024-05-07 00:00:00-04:00,23.337915485134694,23.48927084006391,23.337915485134694,23.435564041137695,220100,0.0,0.0,0.0
2024-05-08 00:00:00-04:00,23.240268025303415,23.40138842968161,23.240268025303415,23.357446670532227,256300,0.0,0.0,0.0
2024-05-09 00:00:00-04:00,23.20120826807098,23.503917110791328,23.20120826807098,23.494152069091797,377300,0.0,0.0,0.0
2024-05-10 00:00:00-04:00,23.562504913256475,23.601565079084423,23.46485822366904,23.484386444091797,296300,0.0,0.0,0.0
2024-05-13 00:00:00-04:00,23.542978065482025,23.61133149717499,23.44044605545125,23.474624633789062,182300,0.0,0.0,0.0
2024-05-14 00:00:00-04:00,23.484386061489463,23.505869897341313,23.37697433219497,23.445327758789062,207300,0.0,0.0,0.0
2024-05-15 00:00:00-04:00,23.43556432622022,23.61133135666548,23.333034179290923,23.601566314697266,236700,0.0,0.0,0.0
2024-05-16 00:00:00-04:00,23.611329831130682,23.669918216663252,23.55762303502116,23.640623092651367,321200,0.0,0.0,0.0
2024-05-17 00:00:00-04:00,23.95310006641031,24.080041885375977,23.836897372232357,24.080041885375977,304700,0.0,0.0,0.0
2024-05-20 00:00:00-04:00,23.99215881226014,24.275339443414097,23.99215881226014,24.21674919128418,844500,0.0,0.0,0.0
2024-05-21 00:00:00-04:00,24.265573659104362,24.358338761735375,24.12886493747449,24.236278533935547,238900,0.0,0.0,0.0
2024-05-22 00:00:00-04:00,24.089807066063543,24.089807066063543,23.91696973569262,23.953100204467773,254800,0.0,0.0,0.0
2024-05-23 00:00:00-04:00,24.089806776152123,24.15327861648257,23.757802805565394,23.787097930908203,218600,0.0,0.0,0.0
2024-05-24 00:00:00-04:00,23.87498108376255,23.894509304538126,23.797838558602447,23.845685958862305,305200,0.0,0.0,0.0
2024-05-28 00:00:00-04:00,24.206985493745325,24.314397228702337,24.109336938109717,24.30463218688965,360200,0.0,0.0,0.0
2024-05-29 00:00:00-04:00,24.158160133714322,24.187455258969322,24.011688232421875,24.011688232421875,348100,0.0,0.0,0.0
2024-05-30 00:00:00-04:00,23.835919879889925,23.923803388274717,23.67968294553722,23.6992130279541,320700,0.0,0.0,0.0
2024-05-31 00:00:00-04:00,23.77733253175782,23.79197916296345,23.464858649429395,23.523447036743164,366100,0.0,0.0,0.0
2024-06-03 00:00:00-04:00,23.601565802864513,23.62109588637741,23.34279871503811,23.367210388183594,163400,0.0,0.0,0.0
2024-06-04 00:00:00-04:00,23.220738939760352,23.263702889337242,23.13285542472935,23.181678771972656,425900,0.0,0.0,0.0
2024-06-05 00:00:00-04:00,23.23050484548478,23.357446670532227,23.167033001715364,23.357446670532227,396100,0.0,0.0,0.0
2024-06-06 00:00:00-04:00,23.533213103798715,23.669919967651367,23.474624713932055,23.669919967651367,264600,0.0,0.0,0.0
2024-06-07 00:00:00-04:00,23.416035587884366,23.416035587884366,23.265658030413295,23.269563674926758,172500,0.0,0.0,0.0
2024-06-10 00:00:00-04:00,23.416032860315344,23.54297653591887,23.378926448022597,23.513681411743164,190100,0.0,0.0,0.0
2024-06-11 00:00:00-04:00,23.503916953474825,23.55274216164567,23.435563524526888,23.523447036743164,153400,0.0,0.0,0.0
2024-06-12 00:00:00-04:00,23.757801726207703,23.77733180888229,23.601564789793386,23.640623092651367,253800,0.0,0.0,0.0
2024-06-13 00:00:00-04:00,23.7480353557192,23.767565437300714,23.59179842804929,23.650386810302734,1286100,0.0,0.0,0.0
2024-06-14 00:00:00-04:00,23.777332011514925,23.777332011514925,23.577153318622443,23.611330032348633,262800,0.0,0.0,0.0
2024-06-17 00:00:00-04:00,23.494152291991956,23.572270763838073,23.445328945522366,23.5625057220459,218400,0.0,0.0,0.0
2024-06-18 00:00:00-04:00,23.57226973501765,23.738271713256836,23.57226973501765,23.738271713256836,550800,0.0,0.0,0.0
2024-06-20 00:00:00-04:00,23.835921277321606,23.928686380503585,23.754873106781982,23.787097930908203,360900,0.0,0.0,0.0
2024-06-21 00:00:00-04:00,23.757802086451356,23.777332169422085,23.552741802732402,23.582035064697266,271600,0.0,0.0,0.0
2024-06-24 00:00:00-04:00,23.562506429447286,23.787098672427526,23.562506429447286,23.767568588256836,332300,0.0,0.0,0.0
2024-06-25 00:00:00-04:00,23.650388853004866,23.679683977907377,23.523447036743164,23.523447036743164,261300,0.0,0.0,0.0
2024-06-26 00:00:00-04:00,23.572271329069682,23.572271329069682,23.445329507710078,23.474624633789062,299200,0.0,0.0,0.0
2024-06-27 00:00:00-04:00,23.657742011349903,23.677430755952514,23.549445465930553,23.578981399536133,215300,0.196,0.0,0.0
2024-06-28 00:00:00-04:00,23.697121597398024,23.706966908690887,23.500221004944123,23.539600372314453,328200,0.0,0.0,0.0
2024-07-01 00:00:00-04:00,23.53960092296474,23.69712215173313,23.49037624315006,23.68727684020996,324100,0.0,0.0,0.0
2024-07-02 00:00:00-04:00,23.77588254679224,23.81526379252164,23.69712193313459,23.72665786743164,226000,0.0,0.0,0.0
2024-07-03 00:00:00-04:00,23.805417129665507,23.933402415418087,23.805417129665507,23.874332427978516,130400,0.0,0.0,0.0
2024-07-05 00:00:00-04:00,23.992474418172772,24.106676644917304,23.982629107242907,24.012163162231445,212800,0.0,0.0,0.0
2024-07-08 00:00:00-04:00,23.894024406179295,23.894024406179295,23.711888961382538,23.72665786743164,273400,0.0,0.0,0.0
2024-07-09 00:00:00-04:00,23.75619261328344,23.780806831479143,23.578982635762316,23.608516693115234,368000,0.0,0.0,0.0
2024-07-10 00:00:00-04:00,23.598671208381855,23.65675723263159,23.51991059301617,23.55929183959961,257100,0.0,0.0,0.0
2024-07-11 00:00:00-04:00,23.61836051940918,23.68235410265111,23.523847035101166,23.61836051940918,252700,0.0,0.0,0.0
2024-07-12 00:00:00-04:00,23.66758732255176,23.66758732255176,23.533692592447355,23.578981399536133,735400,0.0,0.0,0.0
2024-07-15 00:00:00-04:00,23.46084005097829,23.529755353082617,23.40177006028903,23.4116153717041,302500,0.0,0.0,0.0
2024-07-16 00:00:00-04:00,23.254093941821044,23.378141484526772,23.244248630491857,23.362388610839844,352800,0.0,0.0,0.0
2024-07-17 00:00:00-04:00,23.3525437666268,23.37223438967904,23.219634877725913,23.283628463745117,366800,0.0,0.0,0.0
2024-07-18 00:00:00-04:00,23.234402806638062,23.234402806638062,23.10641563998301,23.12610626220703,716200,0.0,0.0,0.0
2024-07-19 00:00:00-04:00,22.978430051337792,23.07688128337236,22.820908831202914,22.85044288635254,322900,0.0,0.0,0.0
2024-07-22 00:00:00-04:00,22.801218792490786,22.99812126159668,22.801218792490786,22.99812126159668,370900,0.0,0.0,0.0
2024-07-23 00:00:00-04:00,22.7716822762851,22.93904880740354,22.7716822762851,22.85044288635254,1336700,0.0,0.0,0.0
2024-07-24 00:00:00-04:00,22.840601013775007,22.93806640690988,22.732304463357416,22.751995086669922,422300,0.0,0.0,0.0
2024-07-25 00:00:00-04:00,22.64369705859957,22.810079622470642,22.589548786924315,22.761838912963867,453200,0.0,0.0,0.0
2024-07-26 00:00:00-04:00,22.683079876057775,22.712613933346667,22.540325673157476,22.574783325195312,358000,0.0,0.0,0.0
2024-07-29 00:00:00-04:00,22.525556813525434,22.58462868382838,22.377880893370477,22.486177444458008,1099000,0.0,0.0,0.0
2024-07-30 00:00:00-04:00,22.34834747449867,22.481254491974358,22.32373325560196,22.456642150878906,1209200,0.0,0.0,0.0
2024-07-31 00:00:00-04:00,22.771683583445544,22.806143112766623,22.61416235426849,22.79137420654297,443400,0.0,0.0,0.0
2024-08-01 00:00:00-04:00,22.791373947057895,22.801219258494516,22.45664086941738,22.51571273803711,348600,0.0,0.0,0.0
2024-08-02 00:00:00-04:00,22.45664070956673,22.45664070956673,22.27450714378858,22.377880096435547,380900,0.0,0.0,0.0
2024-08-05 00:00:00-04:00,21.993921162878554,22.269584232957797,21.97423054120124,22.25973892211914,638200,0.0,0.0,0.0
2024-08-06 00:00:00-04:00,22.141597530849864,22.320779187362344,22.10221816447639,22.180978775024414,702400,0.0,0.0,0.0
2024-08-07 00:00:00-04:00,22.26958580571661,22.36803516545394,22.220359248046773,22.274507522583008,394500,0.0,0.0,0.0
2024-08-08 00:00:00-04:00,22.338499453350572,22.486175359814823,22.30896352093731,22.43695068359375,410900,0.0,0.0,0.0
2024-08-09 00:00:00-04:00,22.58462868382838,22.622040117233098,22.456641509306536,22.486177444458008,341600,0.0,0.0,0.0
2024-08-12 00:00:00-04:00,22.624007959227036,22.722459198189796,22.574783278646255,22.663389205932617,500800,0.0,0.0,0.0
2024-08-13 00:00:00-04:00,22.545248081063537,22.56986042215899,22.42710809268487,22.456642150878906,323800,0.0,0.0,0.0
2024-08-14 00:00:00-04:00,22.47632984134961,22.53047811137313,22.358187990589116,22.387723922729492,627400,0.0,0.0,0.0
2024-08-15 00:00:00-04:00,22.535401483109197,22.658465059365238,22.510789143418222,22.51571273803711,322800,0.0,0.0,0.0
2024-08-16 00:00:00-04:00,22.42710767141056,22.471410635670683,22.360160302199276,22.446796417236328,366600,0.0,0.0,0.0
2024-08-19 00:00:00-04:00,22.496022115163864,22.604316785364396,22.466486180854,22.51571273803711,497600,0.0,0.0,0.0
2024-08-20 00:00:00-04:00,22.594474419317468,22.653544412927097,22.471410837246676,22.496023178100586,540300,0.0,0.0,0.0
2024-08-21 00:00:00-04:00,22.584629107415655,22.61416316531985,22.44187490154124,22.496023178100586,321700,0.0,0.0,0.0
2024-08-22 00:00:00-04:00,22.427105411627174,22.44679415546908,22.318808870392036,22.348344802856445,406700,0.0,0.0,0.0
2024-08-23 00:00:00-04:00,22.535402203526214,22.722459371199598,22.535402203526214,22.712614059448242,422600,0.0,0.0,0.0
2024-08-26 00:00:00-04:00,22.96858579387654,22.96858579387654,22.870134557326217,22.919361114501953,420700,0.0,0.0,0.0
2024-08-27 00:00:00-04:00,22.929205756238332,23.003042773143637,22.914436850616394,22.948894500732422,417700,0.0,0.0,0.0
2024-08-28 00:00:00-04:00,22.712614059448242,22.791374675657895,22.68800171897045,22.712614059448242,402200,0.0,0.0,0.0
2024-08-29 00:00:00-04:00,22.72245759916835,22.87997881930323,22.72245759916835,22.85044288635254,282500,0.0,0.0,0.0
2024-08-30 00:00:00-04:00,22.80122023814785,22.82386464320511,22.638777286967127,22.673234939575195,952600,0.0,0.0,0.0
2024-09-03 00:00:00-04:00,22.397570719168627,22.41233774731787,22.2498948042728,22.377880096435547,1206400,0.0,0.0,0.0
2024-09-04 00:00:00-04:00,22.26958529610863,22.40741589882777,22.221342707355806,22.240049362182617,810500,0.0,0.0,0.0
2024-09-05 00:00:00-04:00,22.387723744588463,22.505865594408895,22.31388673152657,22.338499069213867,861800,0.0,0.0,0.0
2024-09-06 00:00:00-04:00,22.377880304317163,22.43695217306516,21.95946489525854,22.02345848083496,1180100,0.0,0.0,0.0
2024-09-09 00:00:00-04:00,22.10221774319103,22.210512407004707,22.03330056719918,22.171133041381836,377600,0.0,0.0,0.0
2024-09-10 00:00:00-04:00,22.161289953142948,22.161289953142948,21.870859826067193,21.95454216003418,411500,0.0,0.0,0.0
2024-09-11 00:00:00-04:00,22.072683507602896,22.156365839610768,21.89547165417307,22.12190818786621,446900,0.0,0.0,0.0
2024-09-12 00:00:00-04:00,22.29912049563633,22.476332352676817,22.269586437997066,22.446796417236328,369300,0.0,0.0,0.0
2024-09-13 00:00:00-04:00,22.564937169238494,22.6535430933924,22.500943584504867,22.555091857910156,388200,0.0,0.0,0.0
2024-09-16 00:00:00-04:00,22.732303837704222,22.78349833022701,22.628930884860452,22.692922592163086,479300,0.0,0.0,0.0
2024-09-17 00:00:00-04:00,22.702767642657445,22.840600122666363,22.702767642657445,22.82090950012207,356500,0.0,0.0,0.0
2024-09-18 00:00:00-04:00,22.870134646581445,23.096571177070096,22.722458730080202,22.742149353027344,427300,0.0,0.0,0.0
2024-09-19 00:00:00-04:00,23.00796568770994,23.121183945859908,22.968584444283326,23.067035675048828,535800,0.0,0.0,0.0
2024-09-20 00:00:00-04:00,23.057191296092213,23.133982094956306,22.958740061347616,23.111339569091797,229800,0.0,0.0,0.0
2024-09-23 00:00:00-04:00,23.24424934387207,23.367312922562114,23.16056513390622,23.24424934387207,285400,0.0,0.0,0.0
2024-09-24 00:00:00-04:00,23.549445219518372,23.61836051940918,23.47068460852872,23.61836051940918,561000,0.0,0.0,0.0
2024-09-25 00:00:00-04:00,23.51006486007929,23.61836140844192,23.50514314324515,23.54944610595703,463900,0.0,0.0,0.0
2024-09-26 00:00:00-04:00,23.566314808135722,23.675464661299173,23.46708784095049,23.47701072692871,412700,0.187,0.0,0.0
2024-09-27 00:00:00-04:00,23.43732011206349,23.586159610423792,23.407551455352664,23.576236724853516,770000,0.0,0.0,0.0
2024-09-30 00:00:00-04:00,23.44724140286313,23.57623702431829,23.407551752674802,23.506778717041016,428800,0.0,0.0,0.0
2024-10-01 00:00:00-04:00,23.42739833264327,23.883839734845832,23.417475446604477,23.695308685302734,464700,0.0,0.0,0.0
2024-10-02 00:00:00-04:00,23.91360816976127,23.963220706895182,23.74492289387021,23.873916625976562,640500,0.0,0.0,0.0
2024-10-03 00:00:00-04:00,23.85407252734254,24.0822932242152,23.80445809806786,24.05252456665039,376100,0.0,0.0,0.0
2024-10-04 00:00:00-04:00,24.062447945113778,24.12198336886525,23.98802724597669,24.002912521362305,267400,0.0,0.0,0.0
2024-10-07 00:00:00-04:00,23.903686106180082,24.087254771007288,23.903686106180082,24.062448501586914,263900,0.0,0.0,0.0
2024-10-08 00:00:00-04:00,23.725076976202025,23.764768519742855,23.478002227672167,23.65561866760254,352300,0.0,0.0,0.0
2024-10-09 00:00:00-04:00,23.417474638371115,23.521662099287024,23.328170559701213,23.506778717041016,199100,0.0,0.0,0.0
2024-10-10 00:00:00-04:00,23.62585064286186,23.85010257060355,23.582192214913736,23.824304580688477,234900,0.0,0.0,0.0
2024-10-11 00:00:00-04:00,23.883838653564453,23.992988502452704,23.84414900380312,23.883838653564453,155800,0.0,0.0,0.0
2024-10-14 00:00:00-04:00,23.60600643181354,23.744923050784077,23.566314887766538,23.58616065979004,175400,0.0,0.0,0.0
2024-10-15 00:00:00-04:00,23.328170967152346,23.377783503903526,23.214060618547066,23.3480167388916,200100,0.0,0.0,0.0
2024-10-16 00:00:00-04:00,23.42739765913598,23.42739765913598,23.21902084350586,23.21902084350586,224800,0.0,0.0,0.0
2024-10-17 00:00:00-04:00,23.159485123377365,23.30832462256987,23.159485123377365,23.28847885131836,665700,0.0,0.0,0.0
2024-10-18 00:00:00-04:00,23.268634796142578,23.288478674646637,23.169407833234697,23.268634796142578,188300,0.0,0.0,0.0
2024-10-21 00:00:00-04:00,23.377782752004038,23.42739717975643,23.238866139491144,23.268634796142578,266000,0.0,0.0,0.0
2024-10-22 00:00:00-04:00,23.407552496772503,23.59608354580179,23.407552496772503,23.58616065979004,268700,0.0,0.0,0.0
2024-10-23 00:00:00-04:00,23.45716409766991,23.54150767910375,23.41251205869833,23.4869327545166,254200,0.0,0.0,0.0
2024-10-24 00:00:00-04:00,23.596083848492864,23.64569638659106,23.357940258946897,23.51670265197754,219100,0.0,0.0,0.0
2024-10-25 00:00:00-04:00,23.5167019697846,23.57127500307071,23.46708754052865,23.54646873474121,227200,0.0,0.0,0.0
2024-10-28 00:00:00-04:00,23.13964080810547,23.17933235310594,23.092011711143716,23.13964080810547,292400,0.0,0.0,0.0
2024-10-29 00:00:00-04:00,23.209097957752334,23.258712386519953,23.09994999965745,23.21902084350586,249100,0.0,0.0,0.0
2024-10-30 00:00:00-04:00,23.219022158011096,23.36786166754637,23.169409619031686,23.357940673828125,359300,0.0,0.0,0.0
2024-10-31 00:00:00-04:00,23.328172014882252,23.397630326492244,23.219022158011096,23.357940673828125,364900,0.0,0.0,0.0
2024-11-01 00:00:00-04:00,23.447242227532392,23.48693377171365,23.17933187469687,23.189254760742188,272800,0.0,0.0,0.0
2024-11-04 00:00:00-05:00,23.377783203735227,23.437320518188542,23.347022825713427,23.4174747467041,196200,0.0,0.0,0.0
2024-11-05 00:00:00-05:00,23.586159525811414,23.625849175353224,23.4174742569157,23.467086791992188,334100,0.0,0.0,0.0
2024-11-06 00:00:00-05:00,23.060259498207337,23.303365478656705,22.97095541498896,23.228944778442383,389600,0.0,0.0,0.0
2024-11-07 00:00:00-05:00,23.43732030215966,23.62584945173328,23.389691208074794,23.59608268737793,318300,0.0,0.0,0.0
2024-11-08 00:00:00-05:00,23.477010085671054,23.566314164438786,23.268635163610963,23.308324813842773,372400,0.0,0.0,0.0
2024-11-11 00:00:00-05:00,23.149563694355585,23.189255239356058,23.055299113875016,23.13964080810547,185500,0.0,0.0,0.0
2024-11-12 00:00:00-05:00,23.179330741509705,23.184291237991356,23.035451739782065,23.070180892944336,262100,0.0,0.0,0.0
2024-11-13 00:00:00-05:00,23.060259724067453,23.095980600665857,22.936226484226776,23.050336837768555,347400,0.0,0.0,0.0
2024-11-14 00:00:00-05:00,23.18925362706991,23.18925362706991,23.030489350703508,23.070180892944336,442900,0.0,0.0,0.0
2024-11-15 00:00:00-05:00,23.129717365340706,23.223983836150204,23.060259055858126,23.08010482788086,298000,0.0,0.0,0.0
2024-11-18 00:00:00-05:00,22.990800310173704,23.467087474100868,22.990800310173704,23.437320709228516,461000,0.0,0.0,0.0
2024-11-19 00:00:00-05:00,23.486932945648388,23.566314138621973,23.417474638371115,23.506778717041016,736200,0.0,0.0,0.0
2024-11-20 00:00:00-05:00,23.55639247957938,23.57623825200544,23.47701128247217,23.53654670715332,310700,0.0,0.0,0.0
2024-11-21 00:00:00-05:00,23.65561896927531,23.715154392748826,23.516702350304772,23.58616065979004,229800,0.0,0.0,0.0
2024-11-22 00:00:00-05:00,23.566313923045236,23.70523053632902,23.54646815183415,23.685386657714844,402200,0.0,0.0,0.0
2024-11-25 00:00:00-05:00,23.625850231408066,23.650656500055128,23.422435800346985,23.47701072692871,376000,0.0,0.0,0.0
2024-11-26 00:00:00-05:00,23.596082972611743,23.655618394639042,23.42938114129959,23.526622772216797,314000,0.0,0.0,0.0
2024-11-27 00:00:00-05:00,23.486934106163293,23.56631530305919,23.390684192009854,23.427398681640625,215900,0.0,0.0,0.0
2024-11-29 00:00:00-05:00,23.526623455032226,23.581198382056574,23.467088031277026,23.496856689453125,153200,0.0,0.0,0.0
2024-12-02 00:00:00-05:00,23.33809396328981,23.357939735122834,23.20215250809027,23.258712768554688,222900,0.0,0.0,0.0
2024-12-03 00:00:00-05:00,23.447242736816406,23.515709327198305,23.35794054566288,23.447242736816406,289700,0.0,0.0,0.0
2024-12-04 00:00:00-05:00,23.546468476159077,23.546468476159077,23.372822707162584,23.4174747467041,333300,0.0,0.0,0.0
2024-12-05 00:00:00-05:00,23.46708717425576,23.546468367229345,23.44724140286313,23.506778717041016,299600,0.0,0.0,0.0
2024-12-06 00:00:00-05:00,23.4869327545166,23.526622404381946,23.39762867657344,23.4869327545166,196400,0.0,0.0,0.0
2024-12-09 00:00:00-05:00,23.754846001535498,23.81438142517127,23.695308685302734,23.695308685302734,314500,0.0,0.0,0.0
2024-12-10 00:00:00-05:00,23.744922338350683,23.854072188608065,23.744922338350683,23.814380645751953,269200,0.0,0.0,0.0
2024-12-11 00:00:00-05:00,23.844149750702773,24.02275601911883,23.844149750702773,23.963220596313477,361600,0.0,0.0,0.0
2024-12-12 00:00:00-05:00,23.873917484691763,23.903686143601035,23.754846634248757,23.863994598388672,469500,0.0,0.0,0.0
2024-12-13 00:00:00-05:00,23.794534874323894,23.854072188608065,23.764768109778743,23.814380645751953,283000,0.0,0.0,0.0
2024-12-16 00:00:00-05:00,23.83422757973488,23.84911096273342,23.72507772415353,23.735000610351562,545800,0.0,0.0,0.0
2024-12-17 00:00:00-05:00,23.31999969482422,23.625,23.31999969482422,23.600000381469727,331900,0.185,0.0,0.0
2024-12-18 00:00:00-05:00,23.610000610351562,23.709999084472656,23.415000915527344,23.43000030517578,936700,0.0,0.0,0.0
2024-12-19 00:00:00-05:00,23.549999237060547,23.594999313354492,23.31999969482422,23.360000610351562,434000,0.0,0.0,0.0
2024-12-20 00:00:00-05:00,23.40999984741211,23.6299991607666,23.399999618530273,23.579999923706055,447400,0.0,0.0,0.0
2024-12-23 00:00:00-05:00,23.600000381469727,23.600000381469727,23.44300079345703,23.579999923706055,703000,0.0,0.0,0.0
2024-12-24 00:00:00-05:00,23.649999618530273,23.7450008392334,23.634000778198242,23.690000534057617,258700,0.0,0.0,0.0
2024-12-26 00:00:00-05:00,23.6299991607666,23.665000915527344,23.559999465942383,23.610000610351562,792900,0.0,0.0,0.0
2024-12-27 00:00:00-05:00,23.639999389648438,23.68899917602539,23.552000045776367,23.59000015258789,502600,0.0,0.0,0.0
2024-12-30 00:00:00-05:00,24.010000228881836,24.104999542236328,23.864999771118164,23.899999618530273,857800,0.0,0.0,0.0
2024-12-31 00:00:00-05:00,23.81999969482422,23.950000762939453,23.809999465942383,23.93000030517578,986300,0.0,0.0,0.0
2025-01-02 00:00:00-05:00,24.18000030517578,24.270000457763672,24.110000610351562,24.139999389648438,628400,0.0,0.0,0.0
2025-01-03 00:00:00-05:00,24.020000457763672,24.065000534057617,23.93000030517578,23.950000762939453,180400,0.0,0.0,0.0
2025-01-06 00:00:00-05:00,24.18000030517578,24.288999557495117,24.020999908447266,24.049999237060547,340700,0.0,0.0,0.0
2025-01-07 00:00:00-05:00,24.149999618530273,24.19300079345703,24.079999923706055,24.09000015258789,279900,0.0,0.0,0.0
2025-01-08 00:00:00-05:00,24.139999389648438,24.149999618530273,23.969999313354492,24.1200008392334,443900,0.0,0.0,0.0
2025-01-10 00:00:00-05:00,24.670000076293945,24.809999465942383,24.53499984741211,24.719999313354492,1083000,0.0,0.0,0.0
2025-01-13 00:00:00-05:00,24.760000228881836,24.895000457763672,24.75,24.84000015258789,1153300,0.0,0.0,0.0
2025-01-14 00:00:00-05:00,24.75,24.815000534057617,24.711000442504883,24.799999237060547,626700,0.0,0.0,0.0
2025-01-15 00:00:00-05:00,24.959999084472656,25.236000061035156,24.95199966430664,25.209999084472656,1031200,0.0,0.0,0.0
2025-01-16 00:00:00-05:00,25.1200008392334,25.135000228881836,24.969999313354492,25.079999923706055,527100,0.0,0.0,0.0
2025-01-17 00:00:00-05:00,24.979999542236328,25.1299991607666,24.93000030517578,25.020000457763672,405300,0.0,0.0,0.0
2025-01-21 00:00:00-05:00,24.959999084472656,24.985000610351562,24.8700008392334,24.950000762939453,939600,0.0,0.0,0.0
2025-01-22 00:00:00-05:00,24.93000030517578,24.986000061035156,24.891000747680664,24.93000030517578,516200,0.0,0.0,0.0
2025-01-23 00:00:00-05:00,24.899999618530273,25.014999389648438,24.84000015258789,24.899999618530273,411200,0.0,0.0,0.0
2025-01-24 00:00:00-05:00,24.969999313354492,24.98900032043457,24.864999771118164,24.940000534057617,367900,0.0,0.0,0.0
2025-01-27 00:00:00-05:00,24.729999542236328,24.780000686645508,24.510000228881836,24.639999389648438,573000,0.0,0.0,0.0
2025-01-28 00:00:00-05:00,24.68000030517578,24.7549991607666,24.611000061035156,24.729999542236328,1228200,0.0,0.0,0.0
2025-01-29 00:00:00-05:00,24.790000915527344,24.94499969482422,24.78499984741211,24.84000015258789,485500,0.0,0.0,0.0
2025-01-30 00:00:00-05:00,24.920000076293945,25.014999389648438,24.885000228881836,24.90999984741211,273200,0.0,0.0,0.0
2025-01-31 00:00:00-05:00,24.760000228881836,24.885000228881836,24.725000381469727,24.860000610351562,891100,0.0,0.0,0.0
2025-02-03 00:00:00-05:00,25.030000686645508,25.110000610351562,24.93000030517578,25.06999969482422,745400,0.0,0.0,0.0
2025-02-04 00:00:00-05:00,24.90999984741211,25.2450008392334,24.8700008392334,25.170000076293945,806400,0.0,0.0,0.0
2025-02-05 00:00:00-05:00,25.059999465942383,25.163999557495117,25.059999465942383,25.1299991607666,391800,0.0,0.0,0.0
2025-02-06 00:00:00-05:00,25.200000762939453,25.200000762939453,25.020000457763672,25.15999984741211,345600,0.0,0.0,0.0
2025-02-07 00:00:00-05:00,25.260000228881836,25.315000534057617,25.165000915527344,25.229999542236328,415100,0.0,0.0,0.0
2025-02-10 00:00:00-05:00,25.399999618530273,25.56999969482422,25.389999389648438,25.520000457763672,694600,0.0,0.0,0.0
2025-02-11 00:00:00-05:00,25.540000915527344,25.639999389648438,25.53499984741211,25.579999923706055,464200,0.0,0.0,0.0
2025-02-12 00:00:00-05:00,25.510000228881836,25.589000701904297,25.479999542236328,25.479999542236328,256700,0.0,0.0,0.0
2025-02-13 00:00:00-05:00,25.469999313354492,25.670000076293945,25.461999893188477,25.649999618530273,428300,0.0,0.0,0.0
2025-02-14 00:00:00-05:00,25.709999084472656,25.797000885009766,25.52199935913086,25.530000686645508,257900,0.0,0.0,0.0
2025-02-18 00:00:00-05:00,25.6299991607666,25.80500030517578,25.594999313354492,25.780000686645508,223000,0.0,0.0,0.0
2025-02-19 00:00:00-05:00,25.969999313354492,25.969999313354492,25.770999908447266,25.860000610351562,259700,0.0,0.0,0.0
2025-02-20 00:00:00-05:00,25.950000762939453,25.959999084472656,25.832000732421875,25.860000610351562,233500,0.0,0.0,0.0
2025-02-21 00:00:00-05:00,25.729999542236328,25.729999542236328,25.520000457763672,25.540000915527344,259100,0.0,0.0,0.0
