Date,Open,High,Low,Close,Volume,Dividends,Stock Splits
2017-11-10 00:00:00+09:00,8220.0,9450.0,8220.0,9450.0,2794,0.0,0.0
2017-11-13 00:00:00+09:00,10850.0,10850.0,10500.0,10850.0,7824,0.0,0.0
2017-11-14 00:00:00+09:00,12250.0,12250.0,9800.0,9800.0,653,0.0,0.0
2017-11-15 00:00:00+09:00,9950.0,9950.0,9920.0,9920.0,302,0.0,0.0
2017-11-16 00:00:00+09:00,9800.0,9800.0,9620.0,9620.0,626,0.0,0.0
2017-11-17 00:00:00+09:00,9620.0,9620.0,9620.0,9620.0,0,0.0,0.0
2017-11-20 00:00:00+09:00,9800.0,9800.0,9800.0,9800.0,1,0.0,0.0
2017-11-21 00:00:00+09:00,9500.0,9500.0,9500.0,9500.0,200,0.0,0.0
2017-11-22 00:00:00+09:00,9210.0,9210.0,9210.0,9210.0,200,0.0,0.0
2017-11-23 00:00:00+09:00,9300.0,9500.0,7830.0,8000.0,640,0.0,0.0
2017-11-24 00:00:00+09:00,8790.0,8790.0,8790.0,8790.0,1,0.0,0.0
2017-11-27 00:00:00+09:00,8530.0,9500.0,8520.0,9500.0,240,0.0,0.0
2017-11-28 00:00:00+09:00,10000.0,10000.0,10000.0,10000.0,1,0.0,0.0
2017-11-29 00:00:00+09:00,9700.0,9800.0,9700.0,9800.0,201,0.0,0.0
2017-11-30 00:00:00+09:00,9520.0,9800.0,9510.0,9800.0,203,0.0,0.0
2017-12-01 00:00:00+09:00,9520.0,9850.0,9510.0,9850.0,207,0.0,0.0
2017-12-04 00:00:00+09:00,9550.0,9850.0,9550.0,9850.0,1001,0.0,0.0
2017-12-05 00:00:00+09:00,9550.0,9800.0,9550.0,9800.0,190,0.0,0.0
2017-12-06 00:00:00+09:00,9510.0,9850.0,9510.0,9850.0,196,0.0,0.0
2017-12-07 00:00:00+09:00,9550.0,9900.0,9550.0,9900.0,1191,0.0,0.0
2017-12-08 00:00:00+09:00,9930.0,9930.0,9600.0,9930.0,191,0.0,0.0
2017-12-11 00:00:00+09:00,9590.0,11400.0,9590.0,11400.0,202,0.0,0.0
2017-12-12 00:00:00+09:00,10700.0,11050.0,9700.0,9840.0,107,0.0,0.0
2017-12-13 00:00:00+09:00,9540.0,9940.0,9540.0,9940.0,201,0.0,0.0
2017-12-14 00:00:00+09:00,9630.0,9800.0,9630.0,9800.0,401,0.0,0.0
2017-12-15 00:00:00+09:00,9500.0,9500.0,9500.0,9500.0,200,0.0,0.0
2017-12-18 00:00:00+09:00,9220.0,10900.0,8100.0,9600.0,207,0.0,0.0
2017-12-19 00:00:00+09:00,9310.0,9800.0,9310.0,9800.0,503,0.0,0.0
2017-12-21 00:00:00+09:00,9500.0,9500.0,9210.0,9210.0,703,0.0,0.0
2017-12-22 00:00:00+09:00,8930.0,10500.0,8930.0,9840.0,206,0.0,0.0
2017-12-26 00:00:00+09:00,9540.0,9540.0,9500.0,9500.0,201,0.0,0.0
2017-12-27 00:00:00+09:00,9220.0,9400.0,9000.0,9000.0,204,0.0,0.0
2017-12-28 00:00:00+09:00,8730.0,9400.0,8730.0,9400.0,3199,0.0,0.0
2018-01-02 00:00:00+09:00,9100.0,9670.0,9100.0,9670.0,204,0.0,0.0
2018-01-03 00:00:00+09:00,9380.0,9800.0,9380.0,9500.0,202,0.0,0.0
2018-01-04 00:00:00+09:00,9210.0,9890.0,9210.0,9890.0,351,0.0,0.0
2018-01-05 00:00:00+09:00,9580.0,11350.0,9400.0,9400.0,208,0.0,0.0
2018-01-08 00:00:00+09:00,9020.0,9020.0,9020.0,9020.0,203,0.0,0.0
2018-01-09 00:00:00+09:00,9400.0,9900.0,9000.0,9000.0,362,0.0,0.0
2018-01-10 00:00:00+09:00,9000.0,9300.0,9000.0,9300.0,91,0.0,0.0
2018-01-11 00:00:00+09:00,9600.0,9600.0,9600.0,9600.0,2,0.0,0.0
2018-01-12 00:00:00+09:00,9330.0,9880.0,9330.0,9880.0,201,0.0,0.0
2018-01-15 00:00:00+09:00,9630.0,9700.0,9000.0,9700.0,401,0.0,0.0
2018-01-16 00:00:00+09:00,9430.0,9450.0,9430.0,9450.0,4242,0.0,0.0
2018-01-17 00:00:00+09:00,9730.0,9730.0,9730.0,9730.0,1,0.0,0.0
2018-01-18 00:00:00+09:00,10000.0,10200.0,9440.0,10100.0,2261,0.0,0.0
2018-01-19 00:00:00+09:00,9850.0,10100.0,9850.0,10000.0,700,0.0,0.0
2018-01-22 00:00:00+09:00,10000.0,11300.0,10000.0,11300.0,551,0.0,0.0
2018-01-23 00:00:00+09:00,10950.0,10950.0,10950.0,10950.0,100,0.0,0.0
2018-01-24 00:00:00+09:00,10650.0,10650.0,10650.0,10650.0,100,0.0,0.0
2018-01-25 00:00:00+09:00,10300.0,10850.0,9500.0,10850.0,1652,0.0,0.0
2018-01-26 00:00:00+09:00,10500.0,10550.0,9400.0,9420.0,11930,0.0,0.0
2018-01-29 00:00:00+09:00,9700.0,10000.0,9700.0,10000.0,212,0.0,0.0
2018-01-30 00:00:00+09:00,9700.0,10250.0,9700.0,10250.0,700,0.0,0.0
2018-01-31 00:00:00+09:00,10500.0,10500.0,10000.0,10300.0,1794,0.0,0.0
2018-02-01 00:00:00+09:00,10300.0,10300.0,10300.0,10300.0,0,0.0,0.0
2018-02-02 00:00:00+09:00,10000.0,10000.0,9990.0,9990.0,167,0.0,0.0
2018-02-05 00:00:00+09:00,9990.0,9990.0,9990.0,9990.0,0,0.0,0.0
2018-02-07 00:00:00+09:00,10250.0,10250.0,10250.0,10250.0,1,0.0,0.0
2018-02-08 00:00:00+09:00,10200.0,10200.0,10200.0,10200.0,400,0.0,0.0
2018-02-09 00:00:00+09:00,10200.0,10200.0,10200.0,10200.0,0,0.0,0.0
2018-02-12 00:00:00+09:00,10450.0,10450.0,9920.0,10200.0,70,0.0,0.0
2018-02-13 00:00:00+09:00,10100.0,10300.0,10100.0,10300.0,1696,0.0,0.0
2018-02-14 00:00:00+09:00,10300.0,10300.0,10300.0,10300.0,0,0.0,0.0
2018-02-19 00:00:00+09:00,10300.0,10550.0,10300.0,10550.0,954,0.0,0.0
2018-02-20 00:00:00+09:00,10500.0,10700.0,10500.0,10700.0,1101,0.0,0.0
2018-02-21 00:00:00+09:00,10450.0,10450.0,10400.0,10400.0,1033,0.0,0.0
2018-02-22 00:00:00+09:00,10400.0,10500.0,10400.0,10400.0,16826,0.0,0.0
2018-02-23 00:00:00+09:00,10500.0,10500.0,10000.0,10500.0,5283,0.0,0.0
2018-02-26 00:00:00+09:00,10500.0,10500.0,10000.0,10000.0,3539,0.0,0.0
2018-02-27 00:00:00+09:00,10300.0,10300.0,10300.0,10300.0,10,0.0,0.0
2018-02-28 00:00:00+09:00,10000.0,10400.0,10000.0,10400.0,501,0.0,0.0
2018-03-07 00:00:00+09:00,10300.0,10300.0,10300.0,10300.0,205,0.0,0.0
2018-03-08 00:00:00+09:00,9990.0,10300.0,9990.0,10000.0,5230,0.0,0.0
2018-03-09 00:00:00+09:00,10300.0,10300.0,9850.0,9850.0,13462,0.0,0.0
2018-03-12 00:00:00+09:00,9700.0,10200.0,9700.0,10200.0,800,0.0,0.0
2018-03-13 00:00:00+09:00,10200.0,10200.0,10000.0,10100.0,7950,0.0,0.0
2018-03-14 00:00:00+09:00,10100.0,10100.0,10000.0,10000.0,1500,0.0,0.0
2018-03-15 00:00:00+09:00,10000.0,10000.0,9900.0,9900.0,11,0.0,0.0
2018-03-16 00:00:00+09:00,9900.0,9900.0,9900.0,9900.0,600,0.0,0.0
2018-03-19 00:00:00+09:00,9900.0,10150.0,9900.0,10000.0,2879,0.0,0.0
2018-03-20 00:00:00+09:00,10100.0,10100.0,9920.0,9920.0,250,0.0,0.0
2018-03-21 00:00:00+09:00,9920.0,9930.0,9920.0,9930.0,339,0.0,0.0
2018-03-22 00:00:00+09:00,9950.0,10050.0,9950.0,10000.0,10570,0.0,0.0
2018-03-23 00:00:00+09:00,10000.0,10100.0,10000.0,10000.0,613,0.0,0.0
2018-03-26 00:00:00+09:00,10000.0,10000.0,10000.0,10000.0,0,0.0,0.0
2018-03-27 00:00:00+09:00,10100.0,10100.0,9670.0,9670.0,11,0.0,0.0
2018-03-28 00:00:00+09:00,9760.0,10400.0,9220.0,9800.0,502,0.0,0.0
2018-03-29 00:00:00+09:00,9850.0,9850.0,9800.0,9800.0,800,0.0,0.0
2018-03-30 00:00:00+09:00,9500.0,10000.0,9500.0,10000.0,3540,0.0,0.0
2018-04-02 00:00:00+09:00,10000.0,10000.0,10000.0,10000.0,0,0.0,0.0
2018-04-03 00:00:00+09:00,9810.0,9810.0,9810.0,9810.0,5,0.0,0.0
2018-04-04 00:00:00+09:00,9890.0,10000.0,9890.0,10000.0,1400,0.0,0.0
2018-04-05 00:00:00+09:00,9630.0,9630.0,9630.0,9630.0,200,0.0,0.0
2018-04-06 00:00:00+09:00,9680.0,9680.0,9680.0,9680.0,200,0.0,0.0
2018-04-09 00:00:00+09:00,9750.0,9750.0,9750.0,9750.0,200,0.0,0.0
2018-04-10 00:00:00+09:00,9780.0,10000.0,9230.0,9230.0,1201,0.0,0.0
2018-04-11 00:00:00+09:00,9290.0,9600.0,8810.0,9000.0,740,0.0,0.0
2018-04-12 00:00:00+09:00,9110.0,9610.0,9110.0,9610.0,415,0.0,0.0
2018-04-13 00:00:00+09:00,9650.0,9650.0,9500.0,9500.0,600,0.0,0.0
2018-04-16 00:00:00+09:00,9560.0,10000.0,9560.0,10000.0,2826,0.0,0.0
2018-04-17 00:00:00+09:00,9670.0,10000.0,9670.0,10000.0,5187,0.0,0.0
2018-04-18 00:00:00+09:00,10000.0,10050.0,8510.0,8510.0,2699,0.0,0.0
2018-04-19 00:00:00+09:00,8810.0,9780.0,8810.0,9780.0,502,0.0,0.0
2018-04-20 00:00:00+09:00,9820.0,10050.0,9820.0,10000.0,4300,0.0,0.0
2018-04-23 00:00:00+09:00,10000.0,10000.0,10000.0,10000.0,0,0.0,0.0
2018-04-24 00:00:00+09:00,10000.0,10050.0,10000.0,10000.0,3349,0.0,0.0
2018-04-25 00:00:00+09:00,10000.0,10000.0,10000.0,10000.0,1800,0.0,0.0
2018-04-26 00:00:00+09:00,10100.0,10100.0,10100.0,10100.0,10600,0.0,0.0
2018-04-27 00:00:00+09:00,10100.0,10100.0,10100.0,10100.0,0,0.0,0.0
2018-04-30 00:00:00+09:00,10100.0,10100.0,10100.0,10100.0,0,0.0,0.0
2018-05-02 00:00:00+09:00,10200.0,10200.0,10200.0,10200.0,300,0.0,0.0
2018-05-03 00:00:00+09:00,10200.0,10200.0,10200.0,10200.0,0,0.0,0.0
2018-05-04 00:00:00+09:00,10150.0,10150.0,10150.0,10150.0,0,0.0,0.0
2018-05-08 00:00:00+09:00,10000.0,10000.0,10000.0,10000.0,55,0.0,0.0
2018-05-09 00:00:00+09:00,10000.0,10000.0,10000.0,10000.0,121,0.0,0.0
2018-05-10 00:00:00+09:00,10000.0,10100.0,10000.0,10100.0,2145,0.0,0.0
2018-05-11 00:00:00+09:00,10100.0,10550.0,10100.0,10500.0,23494,0.0,0.0
2018-05-14 00:00:00+09:00,10550.0,10550.0,10550.0,10550.0,47,0.0,0.0
2018-05-15 00:00:00+09:00,10550.0,10550.0,10550.0,10550.0,0,0.0,0.0
2018-05-16 00:00:00+09:00,10950.0,11050.0,10950.0,11050.0,1300,0.0,0.0
2018-05-17 00:00:00+09:00,11500.0,11500.0,11500.0,11500.0,1231,0.0,0.0
2018-05-18 00:00:00+09:00,11500.0,11500.0,11500.0,11500.0,1100,0.0,0.0
2018-05-21 00:00:00+09:00,11700.0,11700.0,11700.0,11700.0,10,0.0,0.0
2018-05-23 00:00:00+09:00,11850.0,11850.0,11550.0,11700.0,212,0.0,0.0
2018-05-24 00:00:00+09:00,11950.0,12000.0,11950.0,12000.0,3000,0.0,0.0
2018-05-25 00:00:00+09:00,12050.0,12050.0,12050.0,12050.0,100,0.0,0.0
2018-05-28 00:00:00+09:00,12150.0,12150.0,12150.0,12150.0,109,0.0,0.0
2018-05-29 00:00:00+09:00,12200.0,12200.0,11550.0,11550.0,110,0.0,0.0
2018-05-30 00:00:00+09:00,11800.0,11800.0,11800.0,11800.0,10,0.0,0.0
2018-05-31 00:00:00+09:00,11500.0,11500.0,11400.0,11400.0,810,0.0,0.0
2018-06-01 00:00:00+09:00,11400.0,11400.0,11400.0,11400.0,0,0.0,0.0
2018-06-04 00:00:00+09:00,11400.0,11400.0,11400.0,11400.0,0,0.0,0.0
2018-06-05 00:00:00+09:00,11350.0,11350.0,11300.0,11300.0,197,0.0,0.0
2018-06-07 00:00:00+09:00,11300.0,11300.0,11300.0,11300.0,0,0.0,0.0
2018-06-08 00:00:00+09:00,11300.0,11300.0,11300.0,11300.0,0,0.0,0.0
2018-06-11 00:00:00+09:00,11300.0,11300.0,11300.0,11300.0,500,0.0,0.0
2018-06-12 00:00:00+09:00,11300.0,11300.0,11300.0,11300.0,448,0.0,0.0
2018-06-14 00:00:00+09:00,11300.0,11300.0,11300.0,11300.0,0,0.0,0.0
2018-06-15 00:00:00+09:00,11300.0,11300.0,11300.0,11300.0,100,0.0,0.0
2018-06-18 00:00:00+09:00,11300.0,11300.0,11300.0,11300.0,0,0.0,0.0
2018-06-19 00:00:00+09:00,11300.0,11300.0,11300.0,11300.0,880,0.0,0.0
2018-06-20 00:00:00+09:00,11300.0,11300.0,11300.0,11300.0,440,0.0,0.0
2018-06-21 00:00:00+09:00,11300.0,11300.0,11300.0,11300.0,0,0.0,0.0
2018-06-22 00:00:00+09:00,10950.0,10950.0,10950.0,10950.0,10,0.0,0.0
2018-06-25 00:00:00+09:00,10950.0,10950.0,10950.0,10950.0,0,0.0,0.0
2018-06-26 00:00:00+09:00,10500.0,10500.0,10500.0,10500.0,10,0.0,0.0
2018-06-27 00:00:00+09:00,10100.0,10100.0,9010.0,9010.0,843,0.0,0.0
2018-06-28 00:00:00+09:00,9480.0,10100.0,9480.0,10100.0,775,0.0,0.0
2018-06-29 00:00:00+09:00,10100.0,10100.0,10100.0,10100.0,0,0.0,0.0
2018-07-02 00:00:00+09:00,10100.0,10100.0,10100.0,10100.0,250,0.0,0.0
2018-07-03 00:00:00+09:00,10500.0,10500.0,10500.0,10500.0,400,0.0,0.0
2018-07-04 00:00:00+09:00,10200.0,10500.0,10200.0,10500.0,200,0.0,0.0
2018-07-05 00:00:00+09:00,10500.0,10500.0,9030.0,9030.0,190,0.0,0.0
2018-07-06 00:00:00+09:00,9520.0,10250.0,9520.0,9520.0,206,0.0,0.0
2018-07-09 00:00:00+09:00,10500.0,10550.0,10500.0,10550.0,1107,0.0,0.0
2018-07-10 00:00:00+09:00,10550.0,10550.0,10550.0,10550.0,8,0.0,0.0
2018-07-11 00:00:00+09:00,10500.0,10500.0,10500.0,10500.0,0,0.0,0.0
2018-07-12 00:00:00+09:00,10100.0,10100.0,10100.0,10100.0,5,0.0,0.0
2018-07-13 00:00:00+09:00,10100.0,10100.0,10100.0,10100.0,0,0.0,0.0
2018-07-16 00:00:00+09:00,10000.0,10000.0,10000.0,10000.0,10000,0.0,0.0
2018-07-17 00:00:00+09:00,10000.0,10000.0,10000.0,10000.0,0,0.0,0.0
2018-07-18 00:00:00+09:00,10000.0,10000.0,10000.0,10000.0,0,0.0,0.0
2018-07-19 00:00:00+09:00,9950.0,10400.0,9300.0,10400.0,1060,0.0,0.0
2018-07-20 00:00:00+09:00,10400.0,10400.0,10400.0,10400.0,0,0.0,0.0
2018-07-23 00:00:00+09:00,10350.0,10350.0,10350.0,10350.0,0,0.0,0.0
2018-07-24 00:00:00+09:00,10350.0,10350.0,10350.0,10350.0,0,0.0,0.0
2018-07-25 00:00:00+09:00,10350.0,10350.0,10350.0,10350.0,0,0.0,0.0
2018-07-26 00:00:00+09:00,10350.0,10500.0,10350.0,10500.0,286,0.0,0.0
2018-07-27 00:00:00+09:00,10500.0,10500.0,10500.0,10500.0,0,0.0,0.0
2018-07-30 00:00:00+09:00,10500.0,10500.0,10500.0,10500.0,0,0.0,0.0
2018-07-31 00:00:00+09:00,10300.0,10300.0,10300.0,10300.0,0,0.0,0.0
2018-08-01 00:00:00+09:00,10300.0,10300.0,10300.0,10300.0,0,0.0,0.0
2018-08-02 00:00:00+09:00,10300.0,10300.0,10300.0,10300.0,0,0.0,0.0
2018-08-03 00:00:00+09:00,10250.0,10250.0,10250.0,10250.0,0,0.0,0.0
2018-08-06 00:00:00+09:00,10000.0,10000.0,10000.0,10000.0,300,0.0,0.0
2018-08-07 00:00:00+09:00,10000.0,10000.0,10000.0,10000.0,0,0.0,0.0
2018-08-08 00:00:00+09:00,10000.0,10000.0,10000.0,10000.0,0,0.0,0.0
2018-08-09 00:00:00+09:00,9990.0,9990.0,9990.0,9990.0,0,0.0,0.0
2018-08-10 00:00:00+09:00,9900.0,9900.0,9900.0,9900.0,200,0.0,0.0
2018-08-13 00:00:00+09:00,9900.0,9900.0,9900.0,9900.0,0,0.0,0.0
2018-08-14 00:00:00+09:00,9800.0,9800.0,9800.0,9800.0,200,0.0,0.0
2018-08-16 00:00:00+09:00,9800.0,9800.0,9800.0,9800.0,0,0.0,0.0
2018-08-17 00:00:00+09:00,9800.0,9800.0,9800.0,9800.0,0,0.0,0.0
2018-08-20 00:00:00+09:00,9800.0,9800.0,9800.0,9800.0,0,0.0,0.0
2018-08-21 00:00:00+09:00,9800.0,9800.0,9800.0,9800.0,0,0.0,0.0
2018-08-22 00:00:00+09:00,9800.0,9800.0,9800.0,9800.0,750,0.0,0.0
2018-08-23 00:00:00+09:00,9340.0,9340.0,9340.0,9340.0,400,0.0,0.0
2018-08-24 00:00:00+09:00,9420.0,9600.0,8890.0,9500.0,21066,0.0,0.0
2018-08-27 00:00:00+09:00,9500.0,9500.0,9500.0,9500.0,0,0.0,0.0
2018-08-28 00:00:00+09:00,9100.0,9100.0,9100.0,9100.0,0,0.0,0.0
2018-08-29 00:00:00+09:00,9170.0,9170.0,9170.0,9170.0,22200,0.0,0.0
2018-08-30 00:00:00+09:00,9340.0,9340.0,9340.0,9340.0,100,0.0,0.0
2018-08-31 00:00:00+09:00,9300.0,9300.0,9300.0,9300.0,18421,0.0,0.0
2018-09-03 00:00:00+09:00,9300.0,9300.0,9300.0,9300.0,202,0.0,0.0
2018-09-04 00:00:00+09:00,9430.0,9430.0,9430.0,9430.0,10502,0.0,0.0
2018-09-05 00:00:00+09:00,9430.0,9430.0,9430.0,9430.0,0,0.0,0.0
2018-09-06 00:00:00+09:00,9000.0,9000.0,9000.0,9000.0,0,0.0,0.0
2018-09-07 00:00:00+09:00,8600.0,8600.0,8600.0,8600.0,10,0.0,0.0
2018-09-10 00:00:00+09:00,8750.0,9800.0,8260.0,8260.0,208,0.0,0.0
2018-09-11 00:00:00+09:00,8460.0,9400.0,8460.0,9400.0,210,0.0,0.0
2018-09-12 00:00:00+09:00,9020.0,9020.0,8610.0,8610.0,210,0.0,0.0
2018-09-13 00:00:00+09:00,8780.0,8800.0,8780.0,8800.0,492,0.0,0.0
2018-09-14 00:00:00+09:00,8990.0,9300.0,8990.0,9300.0,204,0.0,0.0
2018-09-17 00:00:00+09:00,9000.0,9390.0,9000.0,9100.0,395,0.0,0.0
2018-09-18 00:00:00+09:00,9290.0,9790.0,9290.0,9790.0,205,0.0,0.0
2018-09-19 00:00:00+09:00,9890.0,9890.0,9890.0,9890.0,5,0.0,0.0
2018-09-20 00:00:00+09:00,9990.0,10100.0,9990.0,10000.0,307,0.0,0.0
2018-09-21 00:00:00+09:00,9500.0,10200.0,9400.0,10150.0,1624,0.0,0.0
2018-09-27 00:00:00+09:00,9300.0,9300.0,9300.0,9300.0,5,0.0,0.0
2018-09-28 00:00:00+09:00,8980.0,10000.0,8980.0,10000.0,210,0.0,0.0
2018-10-01 00:00:00+09:00,9510.0,9510.0,9510.0,9510.0,100,0.0,0.0
2018-10-02 00:00:00+09:00,9180.0,9730.0,9180.0,9500.0,2006,0.0,0.0
2018-10-04 00:00:00+09:00,9660.0,9660.0,9660.0,9660.0,16,0.0,0.0
2018-10-05 00:00:00+09:00,9350.0,9820.0,9350.0,9510.0,42,0.0,0.0
2018-10-08 00:00:00+09:00,9620.0,9620.0,9620.0,9620.0,100,0.0,0.0
2018-10-10 00:00:00+09:00,9190.0,9740.0,9190.0,9740.0,21,0.0,0.0
2018-10-11 00:00:00+09:00,9310.0,9860.0,9310.0,9480.0,15,0.0,0.0
2018-10-12 00:00:00+09:00,9570.0,9620.0,9570.0,9620.0,202,0.0,0.0
2018-10-15 00:00:00+09:00,9660.0,11000.0,9660.0,11000.0,203,0.0,0.0
2018-10-16 00:00:00+09:00,11700.0,11700.0,9560.0,9560.0,262,0.0,0.0
2018-10-17 00:00:00+09:00,9670.0,9690.0,9670.0,9690.0,202,0.0,0.0
2018-10-18 00:00:00+09:00,9800.0,9800.0,9500.0,9500.0,520,0.0,0.0
2018-10-19 00:00:00+09:00,9660.0,9660.0,9300.0,9300.0,225,0.0,0.0
2018-10-22 00:00:00+09:00,9430.0,9900.0,9200.0,9900.0,207,0.0,0.0
2018-10-23 00:00:00+09:00,10000.0,10000.0,9600.0,9600.0,2130,0.0,0.0
2018-10-24 00:00:00+09:00,9720.0,9720.0,9720.0,9720.0,50,0.0,0.0
2018-10-25 00:00:00+09:00,9500.0,9500.0,9500.0,9500.0,200,0.0,0.0
2018-10-26 00:00:00+09:00,9250.0,9720.0,8950.0,9720.0,1849,0.0,0.0
2018-10-29 00:00:00+09:00,9310.0,9840.0,9170.0,9840.0,455,0.0,0.0
2018-10-30 00:00:00+09:00,9990.0,9990.0,9900.0,9900.0,285,0.0,0.0
2018-10-31 00:00:00+09:00,9600.0,11350.0,9600.0,11350.0,4375,0.0,0.0
2018-11-01 00:00:00+09:00,11350.0,11350.0,9750.0,10900.0,11480,0.0,0.0
2018-11-02 00:00:00+09:00,11000.0,11300.0,9800.0,9920.0,332,0.0,0.0
2018-11-05 00:00:00+09:00,9920.0,9920.0,9920.0,9920.0,2,0.0,0.0
2018-11-06 00:00:00+09:00,9720.0,9720.0,9720.0,9720.0,200,0.0,0.0
2018-11-07 00:00:00+09:00,9850.0,10000.0,9850.0,10000.0,208,0.0,0.0
2018-11-08 00:00:00+09:00,11300.0,11300.0,9600.0,11000.0,211,0.0,0.0
2018-11-09 00:00:00+09:00,11250.0,11250.0,11250.0,11250.0,212,0.0,0.0
2018-11-12 00:00:00+09:00,11500.0,11500.0,10150.0,10150.0,111,0.0,0.0
2018-11-13 00:00:00+09:00,10400.0,10400.0,9550.0,10400.0,124,0.0,0.0
2018-11-14 00:00:00+09:00,10350.0,10950.0,10350.0,10500.0,109,0.0,0.0
2018-11-15 00:00:00+09:00,10700.0,11200.0,10700.0,10700.0,108,0.0,0.0
2018-11-16 00:00:00+09:00,10800.0,10800.0,10800.0,10800.0,103,0.0,0.0
2018-11-19 00:00:00+09:00,10950.0,10950.0,9750.0,9750.0,103,0.0,0.0
2018-11-20 00:00:00+09:00,9930.0,11000.0,9850.0,9850.0,203,0.0,0.0
2018-11-21 00:00:00+09:00,9850.0,10450.0,9850.0,10400.0,407,0.0,0.0
2018-11-22 00:00:00+09:00,10100.0,10500.0,10000.0,10500.0,606,0.0,0.0
2018-11-23 00:00:00+09:00,10050.0,10100.0,10050.0,10100.0,105,0.0,0.0
2018-11-26 00:00:00+09:00,10100.0,10800.0,10000.0,10000.0,352,0.0,0.0
2018-11-27 00:00:00+09:00,10000.0,10850.0,9800.0,10200.0,5310,0.0,0.0
2018-11-28 00:00:00+09:00,10100.0,10850.0,10100.0,10850.0,776,0.0,0.0
2018-11-29 00:00:00+09:00,10850.0,11500.0,10850.0,11500.0,102,0.0,0.0
2018-11-30 00:00:00+09:00,11300.0,11300.0,11300.0,11300.0,100,0.0,0.0
2018-12-03 00:00:00+09:00,11300.0,12050.0,11300.0,12050.0,102,0.0,0.0
2018-12-04 00:00:00+09:00,12050.0,12050.0,11450.0,11450.0,107,0.0,0.0
2018-12-05 00:00:00+09:00,10650.0,10650.0,10650.0,10650.0,104,0.0,0.0
2018-12-06 00:00:00+09:00,10600.0,11250.0,10500.0,10600.0,8149,0.0,0.0
2018-12-07 00:00:00+09:00,10350.0,10350.0,10350.0,10350.0,100,0.0,0.0
2018-12-10 00:00:00+09:00,10250.0,10250.0,8900.0,10200.0,404,0.0,0.0
2018-12-11 00:00:00+09:00,10150.0,10200.0,10150.0,10200.0,102,0.0,0.0
2018-12-12 00:00:00+09:00,10200.0,10900.0,10200.0,10400.0,107,0.0,0.0
2018-12-13 00:00:00+09:00,10300.0,10850.0,10300.0,10500.0,203,0.0,0.0
2018-12-14 00:00:00+09:00,10500.0,10500.0,10500.0,10500.0,100,0.0,0.0
2018-12-17 00:00:00+09:00,10150.0,10750.0,10150.0,10500.0,203,0.0,0.0
2018-12-18 00:00:00+09:00,10500.0,10500.0,10000.0,10000.0,142,0.0,0.0
2018-12-19 00:00:00+09:00,10000.0,10550.0,10000.0,10450.0,465,0.0,0.0
2018-12-20 00:00:00+09:00,10050.0,10400.0,10000.0,10000.0,677,0.0,0.0
2018-12-21 00:00:00+09:00,10000.0,10600.0,10000.0,10500.0,18110,0.0,0.0
2018-12-24 00:00:00+09:00,10500.0,11400.0,10500.0,10500.0,202,0.0,0.0
2018-12-26 00:00:00+09:00,10350.0,10350.0,10350.0,10350.0,100,0.0,0.0
2018-12-27 00:00:00+09:00,10350.0,11200.0,10200.0,10300.0,284,0.0,0.0
2018-12-28 00:00:00+09:00,10200.0,10350.0,10000.0,10350.0,1119,0.0,0.0
2019-01-02 00:00:00+09:00,10150.0,10300.0,10150.0,10300.0,105,0.0,0.0
2019-01-03 00:00:00+09:00,10300.0,10900.0,9500.0,9500.0,397,0.0,0.0
2019-01-04 00:00:00+09:00,8160.0,10000.0,8160.0,10000.0,261,0.0,0.0
2019-01-07 00:00:00+09:00,10550.0,10550.0,10550.0,10550.0,100,0.0,0.0
2019-01-08 00:00:00+09:00,10600.0,10600.0,9830.0,9950.0,3120,0.0,0.0
2019-01-09 00:00:00+09:00,9880.0,10000.0,9870.0,10000.0,838,0.0,0.0
2019-01-10 00:00:00+09:00,10500.0,10500.0,10100.0,10100.0,396,0.0,0.0
2019-01-11 00:00:00+09:00,10200.0,10200.0,10200.0,10200.0,100,0.0,0.0
2019-01-14 00:00:00+09:00,10100.0,10100.0,10100.0,10100.0,100,0.0,0.0
2019-01-15 00:00:00+09:00,10500.0,10500.0,10500.0,10500.0,100,0.0,0.0
2019-01-16 00:00:00+09:00,10400.0,10400.0,10200.0,10300.0,1400,0.0,0.0
2019-01-17 00:00:00+09:00,10200.0,10300.0,10200.0,10300.0,796,0.0,0.0
2019-01-18 00:00:00+09:00,10300.0,10300.0,10250.0,10250.0,1400,0.0,0.0
2019-01-21 00:00:00+09:00,10200.0,10200.0,10200.0,10200.0,94,0.0,0.0
2019-01-22 00:00:00+09:00,10200.0,10200.0,10200.0,10200.0,300,0.0,0.0
2019-01-23 00:00:00+09:00,10400.0,10400.0,10000.0,10000.0,101,0.0,0.0
2019-01-24 00:00:00+09:00,10700.0,10700.0,10700.0,10700.0,100,0.0,0.0
2019-01-25 00:00:00+09:00,10550.0,10550.0,10300.0,10300.0,203,0.0,0.0
2019-01-28 00:00:00+09:00,10250.0,10800.0,10250.0,10300.0,99,0.0,0.0
2019-01-29 00:00:00+09:00,10300.0,10300.0,10250.0,10300.0,639,0.0,0.0
2019-01-30 00:00:00+09:00,10300.0,10300.0,10300.0,10300.0,200,0.0,0.0
2019-01-31 00:00:00+09:00,10200.0,10500.0,10200.0,10300.0,240,0.0,0.0
2019-02-01 00:00:00+09:00,10350.0,10400.0,10350.0,10400.0,928,0.0,0.0
2019-02-07 00:00:00+09:00,10450.0,10500.0,10450.0,10500.0,210,0.0,0.0
2019-02-08 00:00:00+09:00,10600.0,10600.0,10600.0,10600.0,0,0.0,0.0
2019-02-11 00:00:00+09:00,10650.0,10650.0,10650.0,10650.0,100,0.0,0.0
2019-02-12 00:00:00+09:00,11000.0,11000.0,10700.0,10700.0,110,0.0,0.0
2019-02-13 00:00:00+09:00,11000.0,11000.0,11000.0,11000.0,150,0.0,0.0
2019-02-14 00:00:00+09:00,11250.0,11250.0,11250.0,11250.0,0,0.0,0.0
2019-02-15 00:00:00+09:00,11300.0,11300.0,11300.0,11300.0,10,0.0,0.0
2019-02-18 00:00:00+09:00,11350.0,11500.0,10500.0,10500.0,256,0.0,0.0
2019-02-19 00:00:00+09:00,10550.0,11050.0,10500.0,11050.0,2929,0.0,0.0
2019-02-20 00:00:00+09:00,10900.0,11050.0,10450.0,11050.0,1731,0.0,0.0
2019-02-21 00:00:00+09:00,11100.0,11100.0,11100.0,11100.0,100,0.0,0.0
2019-02-22 00:00:00+09:00,10750.0,10850.0,10750.0,10800.0,285,0.0,0.0
2019-02-25 00:00:00+09:00,10800.0,10850.0,10800.0,10800.0,234,0.0,0.0
2019-02-26 00:00:00+09:00,10850.0,10850.0,10850.0,10850.0,100,0.0,0.0
2019-02-27 00:00:00+09:00,10850.0,10850.0,10800.0,10850.0,970,0.0,0.0
2019-02-28 00:00:00+09:00,10850.0,10850.0,10750.0,10750.0,110,0.0,0.0
2019-03-04 00:00:00+09:00,10850.0,10850.0,10850.0,10850.0,100,0.0,0.0
2019-03-05 00:00:00+09:00,10850.0,10850.0,9980.0,10450.0,2535,0.0,0.0
2019-03-06 00:00:00+09:00,10600.0,10600.0,10500.0,10500.0,110,0.0,0.0
2019-03-07 00:00:00+09:00,9100.0,10500.0,9100.0,10500.0,286,0.0,0.0
2019-03-08 00:00:00+09:00,10500.0,10500.0,10000.0,10400.0,1676,0.0,0.0
2019-03-11 00:00:00+09:00,10350.0,11200.0,10100.0,11200.0,2283,0.0,0.0
2019-03-12 00:00:00+09:00,11400.0,12050.0,10400.0,10700.0,2241,0.0,0.0
2019-03-13 00:00:00+09:00,10800.0,10800.0,10500.0,10800.0,799,0.0,0.0
2019-03-14 00:00:00+09:00,10850.0,10850.0,10500.0,10500.0,1165,0.0,0.0
2019-03-15 00:00:00+09:00,10550.0,11000.0,10000.0,11000.0,994,0.0,0.0
2019-03-18 00:00:00+09:00,11200.0,11200.0,11200.0,11200.0,100,0.0,0.0
2019-03-19 00:00:00+09:00,11100.0,11100.0,10500.0,10500.0,1291,0.0,0.0
2019-03-20 00:00:00+09:00,10550.0,10550.0,10250.0,10250.0,425,0.0,0.0
2019-03-21 00:00:00+09:00,10550.0,10950.0,10550.0,10950.0,160,0.0,0.0
2019-03-22 00:00:00+09:00,10900.0,10900.0,9900.0,10100.0,2226,0.0,0.0
2019-03-25 00:00:00+09:00,10250.0,10800.0,10250.0,10800.0,601,0.0,0.0
2019-03-26 00:00:00+09:00,10700.0,10700.0,10250.0,10550.0,569,0.0,0.0
2019-03-27 00:00:00+09:00,10550.0,10550.0,10200.0,10250.0,1170,0.0,0.0
2019-03-28 00:00:00+09:00,10250.0,10250.0,10200.0,10200.0,1140,0.0,0.0
2019-03-29 00:00:00+09:00,10400.0,11000.0,10400.0,11000.0,1116,0.0,0.0
2019-04-01 00:00:00+09:00,11000.0,11000.0,10900.0,10900.0,1242,0.0,0.0
2019-04-02 00:00:00+09:00,11000.0,11000.0,10900.0,10900.0,880,0.0,0.0
2019-04-03 00:00:00+09:00,10900.0,10900.0,10900.0,10900.0,0,0.0,0.0
2019-04-04 00:00:00+09:00,11000.0,11000.0,10900.0,11000.0,3170,0.0,0.0
2019-04-05 00:00:00+09:00,11000.0,11000.0,11000.0,11000.0,10,0.0,0.0
2019-04-08 00:00:00+09:00,11350.0,11350.0,10500.0,10500.0,5430,0.0,0.0
2019-04-09 00:00:00+09:00,10800.0,10800.0,10800.0,10800.0,1,0.0,0.0
2019-04-10 00:00:00+09:00,11250.0,11250.0,11200.0,11200.0,2183,0.0,0.0
2019-04-11 00:00:00+09:00,11450.0,11950.0,10850.0,11200.0,255,0.0,0.0
2019-04-12 00:00:00+09:00,11200.0,11950.0,11200.0,11500.0,402,0.0,0.0
2019-04-15 00:00:00+09:00,11850.0,12000.0,11850.0,12000.0,3100,0.0,0.0
2019-04-16 00:00:00+09:00,12000.0,13400.0,12000.0,13400.0,997,0.0,0.0
2019-04-17 00:00:00+09:00,15400.0,15400.0,13500.0,13500.0,3209,0.0,0.0
2019-04-18 00:00:00+09:00,14050.0,15300.0,14050.0,14200.0,108,0.0,0.0
2019-04-19 00:00:00+09:00,14500.0,16200.0,14500.0,15300.0,481,0.0,0.0
2019-04-22 00:00:00+09:00,15300.0,16800.0,14900.0,14900.0,10683,0.0,0.0
2019-04-23 00:00:00+09:00,15000.0,15100.0,14850.0,14900.0,964,0.0,0.0
2019-04-24 00:00:00+09:00,14900.0,15000.0,13100.0,14650.0,7204,0.0,0.0
2019-04-25 00:00:00+09:00,14500.0,14500.0,13600.0,14050.0,1061,0.0,0.0
2019-04-26 00:00:00+09:00,14300.0,14900.0,14000.0,14400.0,253,0.0,0.0
2019-04-29 00:00:00+09:00,14750.0,14850.0,14700.0,14700.0,55,0.0,0.0
2019-04-30 00:00:00+09:00,15000.0,15000.0,14500.0,14500.0,110,0.0,0.0
2019-05-02 00:00:00+09:00,14900.0,14900.0,13750.0,13750.0,605,0.0,0.0
2019-05-03 00:00:00+09:00,14050.0,14500.0,14000.0,14450.0,814,0.0,0.0
2019-05-07 00:00:00+09:00,14450.0,15000.0,14450.0,14950.0,8924,0.0,0.0
2019-05-08 00:00:00+09:00,14900.0,15000.0,14800.0,14950.0,4643,0.0,0.0
2019-05-09 00:00:00+09:00,14500.0,14900.0,13800.0,13800.0,1202,0.0,0.0
2019-05-10 00:00:00+09:00,14050.0,14800.0,14050.0,14800.0,102,0.0,0.0
2019-05-13 00:00:00+09:00,14800.0,14950.0,14800.0,14950.0,420,0.0,0.0
2019-05-14 00:00:00+09:00,15150.0,15150.0,13000.0,15000.0,11941,0.0,0.0
2019-05-15 00:00:00+09:00,14900.0,14900.0,14000.0,14700.0,1512,0.0,0.0
2019-05-16 00:00:00+09:00,14000.0,14450.0,14000.0,14350.0,403,0.0,0.0
2019-05-17 00:00:00+09:00,14450.0,14450.0,13400.0,13400.0,351,0.0,0.0
2019-05-20 00:00:00+09:00,13750.0,14900.0,13000.0,13850.0,2894,0.0,0.0
2019-05-21 00:00:00+09:00,13850.0,14000.0,13600.0,14000.0,1442,0.0,0.0
2019-05-22 00:00:00+09:00,13950.0,13950.0,13950.0,13950.0,0,0.0,0.0
2019-05-23 00:00:00+09:00,13900.0,13950.0,13900.0,13950.0,102,0.0,0.0
2019-05-24 00:00:00+09:00,13600.0,14600.0,13200.0,14250.0,497,0.0,0.0
2019-05-27 00:00:00+09:00,14050.0,14300.0,14000.0,14100.0,1070,0.0,0.0
2019-05-28 00:00:00+09:00,13200.0,14100.0,13200.0,14100.0,692,0.0,0.0
2019-05-29 00:00:00+09:00,14100.0,14100.0,13650.0,13950.0,631,0.0,0.0
2019-05-30 00:00:00+09:00,12150.0,15950.0,12150.0,13800.0,106,0.0,0.0
2019-05-31 00:00:00+09:00,13600.0,14700.0,13600.0,14550.0,303,0.0,0.0
2019-06-03 00:00:00+09:00,13350.0,14150.0,13350.0,13900.0,716,0.0,0.0
2019-06-04 00:00:00+09:00,12800.0,14000.0,12800.0,13950.0,2244,0.0,0.0
2019-06-05 00:00:00+09:00,12800.0,13850.0,12800.0,13600.0,200,0.0,0.0
2019-06-07 00:00:00+09:00,12700.0,13700.0,12700.0,13700.0,705,0.0,0.0
2019-06-10 00:00:00+09:00,13200.0,13800.0,13200.0,13800.0,655,0.0,0.0
2019-06-11 00:00:00+09:00,13400.0,13800.0,12700.0,13400.0,2250,0.0,0.0
2019-06-12 00:00:00+09:00,12050.0,12950.0,12050.0,12900.0,1937,0.0,0.0
2019-06-13 00:00:00+09:00,12150.0,13800.0,12150.0,13400.0,610,0.0,0.0
2019-06-14 00:00:00+09:00,12900.0,13800.0,12900.0,13800.0,114,0.0,0.0
2019-06-17 00:00:00+09:00,12500.0,12500.0,11750.0,12050.0,6093,0.0,0.0
2019-06-18 00:00:00+09:00,10500.0,12500.0,10500.0,11700.0,6402,0.0,0.0
2019-06-19 00:00:00+09:00,11400.0,11400.0,11350.0,11350.0,2,0.0,0.0
2019-06-20 00:00:00+09:00,11400.0,11400.0,10500.0,10950.0,3237,0.0,0.0
2019-06-21 00:00:00+09:00,10550.0,10550.0,9950.0,10500.0,2067,0.0,0.0
2019-06-24 00:00:00+09:00,10500.0,10900.0,10500.0,10900.0,951,0.0,0.0
2019-06-25 00:00:00+09:00,10900.0,10900.0,10900.0,10900.0,0,0.0,0.0
2019-06-26 00:00:00+09:00,10900.0,10900.0,10900.0,10900.0,170,0.0,0.0
2019-06-27 00:00:00+09:00,10900.0,10900.0,10900.0,10900.0,110,0.0,0.0
2019-06-28 00:00:00+09:00,10900.0,10900.0,10900.0,10900.0,0,0.0,0.0
2019-07-01 00:00:00+09:00,11700.0,11700.0,10150.0,10150.0,4271,0.0,0.0
2019-07-02 00:00:00+09:00,10900.0,10900.0,10900.0,10900.0,1,0.0,0.0
2019-07-03 00:00:00+09:00,10800.0,10800.0,10800.0,10800.0,315,0.0,0.0
2019-07-04 00:00:00+09:00,10700.0,11100.0,10700.0,10800.0,267,0.0,0.0
2019-07-05 00:00:00+09:00,10800.0,10800.0,9940.0,9940.0,322,0.0,0.0
2019-07-08 00:00:00+09:00,10550.0,10550.0,10500.0,10500.0,121,0.0,0.0
2019-07-09 00:00:00+09:00,10500.0,10800.0,10450.0,10650.0,2516,0.0,0.0
2019-07-10 00:00:00+09:00,10850.0,10850.0,10650.0,10800.0,1144,0.0,0.0
2019-07-11 00:00:00+09:00,10800.0,10800.0,10800.0,10800.0,0,0.0,0.0
2019-07-12 00:00:00+09:00,11100.0,11900.0,10700.0,11150.0,3984,0.0,0.0
2019-07-15 00:00:00+09:00,11150.0,12000.0,11150.0,12000.0,4289,0.0,0.0
2019-07-16 00:00:00+09:00,13500.0,13500.0,11400.0,11400.0,2,0.0,0.0
2019-07-17 00:00:00+09:00,11500.0,11700.0,11400.0,11600.0,1703,0.0,0.0
2019-07-18 00:00:00+09:00,11600.0,11800.0,11600.0,11750.0,885,0.0,0.0
2019-07-19 00:00:00+09:00,11850.0,12000.0,11850.0,11900.0,1027,0.0,0.0
2019-07-22 00:00:00+09:00,11850.0,11850.0,11850.0,11850.0,1,0.0,0.0
2019-07-23 00:00:00+09:00,11850.0,11850.0,11850.0,11850.0,1,0.0,0.0
2019-07-24 00:00:00+09:00,11850.0,11900.0,11500.0,11900.0,116,0.0,0.0
2019-07-25 00:00:00+09:00,11900.0,11900.0,11900.0,11900.0,0,0.0,0.0
2019-07-26 00:00:00+09:00,11950.0,12000.0,11950.0,12000.0,112,0.0,0.0
2019-07-29 00:00:00+09:00,12000.0,12000.0,12000.0,12000.0,2,0.0,0.0
2019-07-30 00:00:00+09:00,11800.0,12000.0,11800.0,12000.0,580,0.0,0.0
2019-07-31 00:00:00+09:00,11500.0,11950.0,11500.0,11950.0,168,0.0,0.0
2019-08-01 00:00:00+09:00,11950.0,11950.0,11950.0,11950.0,0,0.0,0.0
2019-08-02 00:00:00+09:00,11900.0,11900.0,11900.0,11900.0,0,0.0,0.0
2019-08-05 00:00:00+09:00,13650.0,13650.0,12000.0,12000.0,2,0.0,0.0
2019-08-06 00:00:00+09:00,11200.0,11900.0,11200.0,11500.0,32,0.0,0.0
2019-08-07 00:00:00+09:00,11000.0,11000.0,10900.0,11000.0,642,0.0,0.0
2019-08-08 00:00:00+09:00,11000.0,11000.0,11000.0,11000.0,0,0.0,0.0
2019-08-09 00:00:00+09:00,11000.0,11000.0,9360.0,10950.0,67,0.0,0.0
2019-08-12 00:00:00+09:00,10500.0,10800.0,9800.0,10800.0,723,0.0,0.0
2019-08-13 00:00:00+09:00,10450.0,10850.0,10000.0,10000.0,5851,0.0,0.0
2019-08-14 00:00:00+09:00,10350.0,10350.0,10350.0,10350.0,1,0.0,0.0
2019-08-16 00:00:00+09:00,10150.0,10200.0,10150.0,10200.0,94,0.0,0.0
2019-08-19 00:00:00+09:00,10100.0,10200.0,10100.0,10200.0,108,0.0,0.0
2019-08-20 00:00:00+09:00,10000.0,11650.0,10000.0,11650.0,50,0.0,0.0
2019-08-21 00:00:00+09:00,11000.0,11000.0,11000.0,11000.0,1200,0.0,0.0
2019-08-22 00:00:00+09:00,12000.0,12000.0,10000.0,10000.0,4039,0.0,0.0
2019-08-23 00:00:00+09:00,10000.0,10100.0,10000.0,10100.0,580,0.0,0.0
2019-08-26 00:00:00+09:00,10450.0,10550.0,9900.0,10400.0,2241,0.0,0.0
2019-08-27 00:00:00+09:00,10400.0,11500.0,10400.0,10750.0,1188,0.0,0.0
2019-08-28 00:00:00+09:00,12000.0,12350.0,11650.0,12350.0,4018,0.0,0.0
2019-08-29 00:00:00+09:00,12350.0,13550.0,12350.0,12550.0,6879,0.0,0.0
2019-08-30 00:00:00+09:00,12950.0,13950.0,12900.0,13950.0,1462,0.0,0.0
2019-09-02 00:00:00+09:00,13950.0,14000.0,13150.0,13700.0,1316,0.0,0.0
2019-09-03 00:00:00+09:00,15700.0,15700.0,13950.0,13950.0,2,0.0,0.0
2019-09-04 00:00:00+09:00,13900.0,13950.0,12600.0,12600.0,2652,0.0,0.0
2019-09-05 00:00:00+09:00,12750.0,13700.0,12600.0,12600.0,4495,0.0,0.0
2019-09-06 00:00:00+09:00,12750.0,12900.0,12600.0,12900.0,854,0.0,0.0
2019-09-09 00:00:00+09:00,13000.0,13000.0,13000.0,13000.0,1,0.0,0.0
2019-09-10 00:00:00+09:00,12500.0,12950.0,12000.0,12800.0,1352,0.0,0.0
2019-09-11 00:00:00+09:00,12450.0,13500.0,12200.0,13500.0,1229,0.0,0.0
2019-09-16 00:00:00+09:00,13450.0,13450.0,13450.0,13450.0,0,0.0,0.0
2019-09-17 00:00:00+09:00,13250.0,13250.0,13250.0,13250.0,11,0.0,0.0
2019-09-18 00:00:00+09:00,13000.0,13000.0,12700.0,12950.0,196,0.0,0.0
2019-09-19 00:00:00+09:00,12900.0,13000.0,12900.0,13000.0,2944,0.0,0.0
2019-09-20 00:00:00+09:00,13000.0,13000.0,12500.0,12600.0,5227,0.0,0.0
2019-09-23 00:00:00+09:00,12500.0,12550.0,12300.0,12500.0,472,0.0,0.0
2019-09-24 00:00:00+09:00,12500.0,12500.0,12050.0,12450.0,376,0.0,0.0
2019-09-25 00:00:00+09:00,12900.0,12900.0,12250.0,12350.0,1576,0.0,0.0
2019-09-26 00:00:00+09:00,12500.0,12700.0,12250.0,12450.0,3637,0.0,0.0
2019-09-27 00:00:00+09:00,12400.0,12400.0,12100.0,12400.0,107,0.0,0.0
2019-09-30 00:00:00+09:00,12450.0,12450.0,12350.0,12450.0,1573,0.0,0.0
2019-10-01 00:00:00+09:00,12400.0,12500.0,11500.0,12450.0,3945,0.0,0.0
2019-10-02 00:00:00+09:00,12400.0,12400.0,12400.0,12400.0,0,0.0,0.0
2019-10-04 00:00:00+09:00,10750.0,12400.0,10750.0,12400.0,955,0.0,0.0
2019-10-07 00:00:00+09:00,12400.0,12400.0,12350.0,12400.0,1997,0.0,0.0
2019-10-08 00:00:00+09:00,12350.0,12400.0,12350.0,12400.0,4634,0.0,0.0
2019-10-10 00:00:00+09:00,12000.0,12500.0,12000.0,12350.0,1529,0.0,0.0
2019-10-11 00:00:00+09:00,12350.0,12400.0,12350.0,12400.0,670,0.0,0.0
2019-10-14 00:00:00+09:00,12400.0,12500.0,12400.0,12500.0,2345,0.0,0.0
2019-10-15 00:00:00+09:00,12500.0,13200.0,12350.0,13000.0,50222,0.0,0.0
2019-10-16 00:00:00+09:00,13000.0,13800.0,12950.0,13350.0,3860,0.0,0.0
2019-10-17 00:00:00+09:00,15350.0,15350.0,12750.0,13000.0,331,0.0,0.0
2019-10-18 00:00:00+09:00,12200.0,13000.0,12200.0,13000.0,1200,0.0,0.0
2019-10-21 00:00:00+09:00,13000.0,13000.0,12300.0,12700.0,1734,0.0,0.0
2019-10-22 00:00:00+09:00,12350.0,12700.0,12350.0,12700.0,890,0.0,0.0
2019-10-23 00:00:00+09:00,12700.0,12700.0,12350.0,12600.0,1037,0.0,0.0
2019-10-24 00:00:00+09:00,11950.0,12700.0,11950.0,12700.0,674,0.0,0.0
2019-10-25 00:00:00+09:00,12700.0,13150.0,12700.0,13150.0,1841,0.0,0.0
2019-10-28 00:00:00+09:00,13150.0,13150.0,12750.0,13100.0,193,0.0,0.0
2019-10-29 00:00:00+09:00,14000.0,14000.0,13500.0,13500.0,4,0.0,0.0
2019-10-30 00:00:00+09:00,14000.0,14900.0,12550.0,13700.0,3841,0.0,0.0
2019-10-31 00:00:00+09:00,14950.0,14950.0,13050.0,14700.0,367,0.0,0.0
2019-11-01 00:00:00+09:00,15500.0,15500.0,14850.0,14850.0,2,0.0,0.0
2019-11-04 00:00:00+09:00,14850.0,14850.0,13000.0,13000.0,3424,0.0,0.0
2019-11-05 00:00:00+09:00,11250.0,11900.0,9140.0,9150.0,3015251,0.0,0.0
2019-11-06 00:00:00+09:00,8990.0,8990.0,8490.0,8520.0,823815,0.0,0.0
2019-11-07 00:00:00+09:00,8640.0,8690.0,8420.0,8440.0,356265,0.0,0.0
2019-11-08 00:00:00+09:00,8430.0,8470.0,8200.0,8200.0,318746,0.0,0.0
2019-11-11 00:00:00+09:00,8210.0,8410.0,8150.0,8280.0,160611,0.0,0.0
2019-11-12 00:00:00+09:00,8250.0,8950.0,8230.0,8510.0,557190,0.0,0.0
2019-11-13 00:00:00+09:00,8620.0,8820.0,8460.0,8540.0,371122,0.0,0.0
2019-11-14 00:00:00+09:00,8800.0,8800.0,8360.0,8430.0,236408,0.0,0.0
2019-11-15 00:00:00+09:00,8400.0,8470.0,8280.0,8280.0,123319,0.0,0.0
2019-11-18 00:00:00+09:00,8280.0,8340.0,8040.0,8110.0,157803,0.0,0.0
2019-11-19 00:00:00+09:00,8110.0,8120.0,7690.0,7740.0,198241,0.0,0.0
2019-11-20 00:00:00+09:00,7760.0,8080.0,7400.0,7480.0,189854,0.0,0.0
2019-11-21 00:00:00+09:00,7350.0,7480.0,7030.0,7110.0,190094,0.0,0.0
2019-11-22 00:00:00+09:00,7150.0,7340.0,6960.0,7000.0,116670,0.0,0.0
2019-11-25 00:00:00+09:00,7080.0,7210.0,7000.0,7150.0,92674,0.0,0.0
2019-11-26 00:00:00+09:00,7420.0,7860.0,7180.0,7280.0,324726,0.0,0.0
2019-11-27 00:00:00+09:00,7290.0,7320.0,7170.0,7200.0,56545,0.0,0.0
2019-11-28 00:00:00+09:00,7180.0,7470.0,7170.0,7190.0,63172,0.0,0.0
2019-11-29 00:00:00+09:00,7240.0,7600.0,7000.0,7200.0,116633,0.0,0.0
2019-12-02 00:00:00+09:00,7200.0,7300.0,7100.0,7130.0,35035,0.0,0.0
2019-12-03 00:00:00+09:00,7130.0,7130.0,6890.0,6940.0,43099,0.0,0.0
2019-12-04 00:00:00+09:00,6840.0,6890.0,6580.0,6640.0,99916,0.0,0.0
2019-12-05 00:00:00+09:00,6690.0,6740.0,6230.0,6320.0,105370,0.0,0.0
2019-12-06 00:00:00+09:00,6360.0,6530.0,6320.0,6530.0,48976,0.0,0.0
2019-12-09 00:00:00+09:00,6470.0,6580.0,6370.0,6400.0,38533,0.0,0.0
2019-12-10 00:00:00+09:00,6400.0,6680.0,6390.0,6590.0,60130,0.0,0.0
2019-12-11 00:00:00+09:00,6630.0,6690.0,6480.0,6550.0,20797,0.0,0.0
2019-12-12 00:00:00+09:00,6550.0,7260.0,6550.0,6850.0,273240,0.0,0.0
2019-12-13 00:00:00+09:00,6980.0,6980.0,6780.0,6850.0,44745,0.0,0.0
2019-12-16 00:00:00+09:00,6880.0,6950.0,6830.0,6870.0,28324,0.0,0.0
2019-12-17 00:00:00+09:00,6870.0,6970.0,6790.0,6930.0,33350,0.0,0.0
2019-12-18 00:00:00+09:00,6930.0,7130.0,6850.0,6940.0,51736,0.0,0.0
2019-12-19 00:00:00+09:00,6950.0,7080.0,6880.0,6940.0,32865,0.0,0.0
2019-12-20 00:00:00+09:00,6940.0,6940.0,6560.0,6940.0,133274,0.0,0.0
2019-12-23 00:00:00+09:00,6970.0,7000.0,6820.0,6820.0,42012,0.0,0.0
2019-12-24 00:00:00+09:00,6930.0,6930.0,6750.0,6750.0,35618,0.0,0.0
2019-12-26 00:00:00+09:00,6750.0,7420.0,6670.0,7100.0,188735,0.0,0.0
2019-12-27 00:00:00+09:00,7100.0,7360.0,7070.0,7180.0,59989,0.0,0.0
2019-12-30 00:00:00+09:00,7100.0,7450.0,7100.0,7420.0,59334,0.0,0.0
2020-01-02 00:00:00+09:00,7500.0,7550.0,7270.0,7400.0,50249,0.0,0.0
2020-01-03 00:00:00+09:00,7400.0,7460.0,7200.0,7260.0,50373,0.0,0.0
2020-01-06 00:00:00+09:00,7260.0,7260.0,6980.0,7100.0,105563,0.0,0.0
2020-01-07 00:00:00+09:00,7080.0,7160.0,7010.0,7060.0,26808,0.0,0.0
2020-01-08 00:00:00+09:00,7060.0,7130.0,6880.0,6890.0,62431,0.0,0.0
2020-01-09 00:00:00+09:00,6970.0,7140.0,6930.0,7080.0,39105,0.0,0.0
2020-01-10 00:00:00+09:00,7130.0,7130.0,6890.0,6960.0,53705,0.0,0.0
2020-01-13 00:00:00+09:00,6950.0,6990.0,6880.0,6910.0,30186,0.0,0.0
2020-01-14 00:00:00+09:00,6880.0,6990.0,6860.0,6920.0,29733,0.0,0.0
2020-01-15 00:00:00+09:00,6950.0,7290.0,6890.0,7140.0,80897,0.0,0.0
2020-01-16 00:00:00+09:00,7230.0,7600.0,7100.0,7600.0,130331,0.0,0.0
2020-01-17 00:00:00+09:00,7640.0,7710.0,7420.0,7590.0,97831,0.0,0.0
2020-01-20 00:00:00+09:00,7590.0,7630.0,7210.0,7230.0,49954,0.0,0.0
2020-01-21 00:00:00+09:00,7230.0,7290.0,7100.0,7110.0,29101,0.0,0.0
2020-01-22 00:00:00+09:00,7060.0,7240.0,7060.0,7200.0,17040,0.0,0.0
2020-01-23 00:00:00+09:00,7110.0,7210.0,6910.0,7110.0,25546,0.0,0.0
2020-01-28 00:00:00+09:00,6870.0,7000.0,6800.0,6810.0,39750,0.0,0.0
2020-01-29 00:00:00+09:00,6830.0,6980.0,6770.0,6910.0,27685,0.0,0.0
2020-01-30 00:00:00+09:00,6930.0,6930.0,6630.0,6780.0,21809,0.0,0.0
2020-01-31 00:00:00+09:00,6840.0,6840.0,6510.0,6650.0,31234,0.0,0.0
2020-02-03 00:00:00+09:00,6510.0,6680.0,6400.0,6680.0,17258,0.0,0.0
2020-02-04 00:00:00+09:00,6680.0,6820.0,6680.0,6800.0,15421,0.0,0.0
2020-02-05 00:00:00+09:00,6810.0,6820.0,6680.0,6800.0,8447,0.0,0.0
2020-02-06 00:00:00+09:00,6800.0,6840.0,6720.0,6800.0,7270,0.0,0.0
2020-02-07 00:00:00+09:00,6800.0,6800.0,6680.0,6770.0,8492,0.0,0.0
2020-02-10 00:00:00+09:00,6710.0,6820.0,6640.0,6810.0,13622,0.0,0.0
2020-02-11 00:00:00+09:00,6840.0,6880.0,6630.0,6780.0,21121,0.0,0.0
2020-02-12 00:00:00+09:00,6750.0,6780.0,6630.0,6700.0,19472,0.0,0.0
2020-02-13 00:00:00+09:00,6700.0,6840.0,6620.0,6690.0,15295,0.0,0.0
2020-02-14 00:00:00+09:00,6620.0,6840.0,6570.0,6750.0,38273,0.0,0.0
2020-02-17 00:00:00+09:00,6710.0,6750.0,6620.0,6750.0,12896,0.0,0.0
2020-02-18 00:00:00+09:00,6750.0,7290.0,6680.0,6840.0,141091,0.0,0.0
2020-02-19 00:00:00+09:00,6880.0,7000.0,6700.0,6880.0,30890,0.0,0.0
2020-02-20 00:00:00+09:00,6980.0,7000.0,6800.0,6950.0,24868,0.0,0.0
2020-02-21 00:00:00+09:00,6910.0,6910.0,6720.0,6880.0,17377,0.0,0.0
2020-02-24 00:00:00+09:00,6710.0,6800.0,6400.0,6460.0,29519,0.0,0.0
2020-02-25 00:00:00+09:00,6250.0,6540.0,6250.0,6340.0,36914,0.0,0.0
2020-02-26 00:00:00+09:00,6240.0,6330.0,6110.0,6240.0,22287,0.0,0.0
2020-02-27 00:00:00+09:00,6240.0,6260.0,5770.0,6000.0,61478,0.0,0.0
2020-02-28 00:00:00+09:00,5620.0,5800.0,5500.0,5640.0,42025,0.0,0.0
2020-03-02 00:00:00+09:00,5630.0,5740.0,5560.0,5630.0,12405,0.0,0.0
2020-03-03 00:00:00+09:00,5690.0,5790.0,5610.0,5610.0,18226,0.0,0.0
2020-03-04 00:00:00+09:00,5610.0,5780.0,5550.0,5750.0,8668,0.0,0.0
2020-03-05 00:00:00+09:00,5780.0,6020.0,5750.0,5790.0,15201,0.0,0.0
2020-03-06 00:00:00+09:00,5780.0,5780.0,5570.0,5640.0,16130,0.0,0.0
2020-03-09 00:00:00+09:00,5540.0,5540.0,5190.0,5270.0,24851,0.0,0.0
2020-03-10 00:00:00+09:00,5200.0,5270.0,5050.0,5130.0,41989,0.0,0.0
2020-03-11 00:00:00+09:00,5130.0,6390.0,4985.0,5310.0,1790816,0.0,0.0
2020-03-12 00:00:00+09:00,5670.0,6300.0,5130.0,5250.0,1308465,0.0,0.0
2020-03-13 00:00:00+09:00,4700.0,4700.0,3680.0,3955.0,417963,0.0,0.0
2020-03-16 00:00:00+09:00,3955.0,4020.0,3620.0,3620.0,189086,0.0,0.0
2020-03-17 00:00:00+09:00,3300.0,3595.0,3105.0,3435.0,93807,0.0,0.0
2020-03-18 00:00:00+09:00,3400.0,3600.0,3215.0,3310.0,79989,0.0,0.0
2020-03-19 00:00:00+09:00,3305.0,3350.0,2415.0,2605.0,180796,0.0,0.0
2020-03-20 00:00:00+09:00,2625.0,2880.0,2590.0,2770.0,148402,0.0,0.0
2020-03-23 00:00:00+09:00,2580.0,2635.0,2500.0,2555.0,88123,0.0,0.0
2020-03-24 00:00:00+09:00,2555.0,2810.0,2555.0,2780.0,47279,0.0,0.0
2020-03-25 00:00:00+09:00,2820.0,3070.0,2820.0,3070.0,70295,0.0,0.0
2020-03-26 00:00:00+09:00,3075.0,3245.0,3000.0,3190.0,50183,0.0,0.0
2020-03-27 00:00:00+09:00,3215.0,3950.0,3215.0,3440.0,189868,0.0,0.0
2020-03-30 00:00:00+09:00,3440.0,3640.0,3380.0,3555.0,30783,0.0,0.0
2020-03-31 00:00:00+09:00,3605.0,3690.0,3455.0,3660.0,70619,0.0,0.0
2020-04-01 00:00:00+09:00,3660.0,3905.0,3600.0,3690.0,48780,0.0,0.0
2020-04-02 00:00:00+09:00,3855.0,3915.0,3730.0,3865.0,24925,0.0,0.0
2020-04-03 00:00:00+09:00,3890.0,3980.0,3830.0,3940.0,28566,0.0,0.0
2020-04-06 00:00:00+09:00,3935.0,4050.0,3900.0,4025.0,27459,0.0,0.0
2020-04-07 00:00:00+09:00,4045.0,4055.0,3940.0,4035.0,39796,0.0,0.0
2020-04-08 00:00:00+09:00,4035.0,4035.0,3965.0,3980.0,14330,0.0,0.0
2020-04-09 00:00:00+09:00,3980.0,4050.0,3960.0,4040.0,57719,0.0,0.0
2020-04-10 00:00:00+09:00,4080.0,4080.0,3895.0,3985.0,45587,0.0,0.0
2020-04-13 00:00:00+09:00,4005.0,4015.0,3915.0,3945.0,28287,0.0,0.0
2020-04-14 00:00:00+09:00,4010.0,4010.0,3850.0,3900.0,17710,0.0,0.0
2020-04-16 00:00:00+09:00,3840.0,3990.0,3810.0,3990.0,15783,0.0,0.0
2020-04-17 00:00:00+09:00,4040.0,4350.0,4010.0,4195.0,46926,0.0,0.0
2020-04-20 00:00:00+09:00,4320.0,4350.0,4180.0,4210.0,40431,0.0,0.0
2020-04-21 00:00:00+09:00,4095.0,4195.0,3855.0,4035.0,35704,0.0,0.0
2020-04-22 00:00:00+09:00,4060.0,4120.0,3850.0,4085.0,19342,0.0,0.0
2020-04-23 00:00:00+09:00,4190.0,4280.0,4110.0,4215.0,22165,0.0,0.0
2020-04-24 00:00:00+09:00,4150.0,4340.0,4150.0,4265.0,30586,0.0,0.0
2020-04-27 00:00:00+09:00,4300.0,4360.0,4215.0,4315.0,10513,0.0,0.0
2020-04-28 00:00:00+09:00,4350.0,4350.0,4255.0,4290.0,16602,0.0,0.0
2020-04-29 00:00:00+09:00,4290.0,4640.0,4230.0,4475.0,26503,0.0,0.0
2020-05-04 00:00:00+09:00,4450.0,4690.0,4405.0,4480.0,44780,0.0,0.0
2020-05-06 00:00:00+09:00,4485.0,4765.0,4455.0,4635.0,32707,0.0,0.0
2020-05-07 00:00:00+09:00,4640.0,4975.0,4635.0,4940.0,55399,0.0,0.0
2020-05-08 00:00:00+09:00,4940.0,5000.0,4850.0,4960.0,34820,0.0,0.0
2020-05-11 00:00:00+09:00,4950.0,5180.0,4910.0,5120.0,87098,0.0,0.0
2020-05-12 00:00:00+09:00,5120.0,5450.0,5100.0,5330.0,103138,0.0,0.0
2020-05-13 00:00:00+09:00,5370.0,5430.0,5200.0,5240.0,93423,0.0,0.0
2020-05-14 00:00:00+09:00,5240.0,5260.0,5010.0,5100.0,52250,0.0,0.0
2020-05-15 00:00:00+09:00,5050.0,5240.0,4890.0,5170.0,41270,0.0,0.0
2020-05-18 00:00:00+09:00,5120.0,5500.0,5120.0,5400.0,60656,0.0,0.0
2020-05-19 00:00:00+09:00,5400.0,5500.0,5280.0,5350.0,23555,0.0,0.0
2020-05-20 00:00:00+09:00,5350.0,5440.0,5290.0,5430.0,41068,0.0,0.0
2020-05-21 00:00:00+09:00,5430.0,5490.0,5300.0,5400.0,21514,0.0,0.0
2020-05-22 00:00:00+09:00,5320.0,5400.0,5320.0,5380.0,13272,0.0,0.0
2020-05-25 00:00:00+09:00,5380.0,5590.0,5340.0,5490.0,80313,0.0,0.0
2020-05-26 00:00:00+09:00,5560.0,5790.0,5500.0,5740.0,93302,0.0,0.0
2020-05-27 00:00:00+09:00,5720.0,5910.0,5550.0,5720.0,88465,0.0,0.0
2020-05-28 00:00:00+09:00,5740.0,5800.0,5470.0,5760.0,76359,0.0,0.0
2020-05-29 00:00:00+09:00,5750.0,6000.0,5630.0,5930.0,65270,0.0,0.0
2020-06-01 00:00:00+09:00,6000.0,6000.0,5780.0,5880.0,62164,0.0,0.0
2020-06-02 00:00:00+09:00,5880.0,6020.0,5810.0,6020.0,33014,0.0,0.0
2020-06-03 00:00:00+09:00,6130.0,6420.0,5990.0,6350.0,118495,0.0,0.0
2020-06-04 00:00:00+09:00,6340.0,6340.0,6100.0,6270.0,82525,0.0,0.0
2020-06-05 00:00:00+09:00,6200.0,6300.0,6140.0,6280.0,21935,0.0,0.0
2020-06-08 00:00:00+09:00,6270.0,6350.0,6190.0,6330.0,35021,0.0,0.0
2020-06-09 00:00:00+09:00,6380.0,6380.0,6200.0,6310.0,32390,0.0,0.0
2020-06-10 00:00:00+09:00,6310.0,6360.0,6150.0,6200.0,27868,0.0,0.0
2020-06-11 00:00:00+09:00,6200.0,6200.0,5860.0,6070.0,56652,0.0,0.0
2020-06-12 00:00:00+09:00,5750.0,6050.0,5750.0,6000.0,74883,0.0,0.0
2020-06-15 00:00:00+09:00,5880.0,6050.0,5610.0,5800.0,37717,0.0,0.0
2020-06-16 00:00:00+09:00,5950.0,6000.0,5830.0,5940.0,24560,0.0,0.0
2020-06-17 00:00:00+09:00,5910.0,6010.0,5910.0,5990.0,23681,0.0,0.0
2020-06-18 00:00:00+09:00,6020.0,6020.0,5820.0,5850.0,34460,0.0,0.0
2020-06-22 00:00:00+09:00,6070.0,6140.0,5980.0,6060.0,57153,0.0,0.0
2020-06-23 00:00:00+09:00,6070.0,6190.0,5920.0,6060.0,36514,0.0,0.0
2020-06-24 00:00:00+09:00,6140.0,6150.0,5940.0,6090.0,59580,0.0,0.0
2020-06-25 00:00:00+09:00,5930.0,6100.0,5800.0,6100.0,25496,0.0,0.0
2020-06-26 00:00:00+09:00,6250.0,6250.0,6010.0,6020.0,12984,0.0,0.0
2020-06-29 00:00:00+09:00,6020.0,6100.0,5900.0,6000.0,53760,0.0,0.0
2020-06-30 00:00:00+09:00,6090.0,6200.0,5950.0,6030.0,74012,0.0,0.0
2020-07-01 00:00:00+09:00,6130.0,6150.0,5730.0,6020.0,32944,0.0,0.0
2020-07-02 00:00:00+09:00,6020.0,6140.0,5980.0,6050.0,15915,0.0,0.0
2020-07-06 00:00:00+09:00,6200.0,6200.0,6060.0,6190.0,15807,0.0,0.0
2020-07-07 00:00:00+09:00,6250.0,6350.0,6120.0,6290.0,54704,0.0,0.0
2020-07-08 00:00:00+09:00,6290.0,6330.0,6160.0,6210.0,20014,0.0,0.0
2020-07-09 00:00:00+09:00,6280.0,6300.0,6180.0,6300.0,26541,0.0,0.0
2020-07-10 00:00:00+09:00,6300.0,6330.0,6170.0,6300.0,23204,0.0,0.0
2020-07-13 00:00:00+09:00,6300.0,6300.0,6210.0,6280.0,6232,0.0,0.0
2020-07-14 00:00:00+09:00,6280.0,6280.0,6150.0,6190.0,36622,0.0,0.0
2020-07-15 00:00:00+09:00,6190.0,6400.0,6160.0,6310.0,22827,0.0,0.0
2020-07-16 00:00:00+09:00,6350.0,6360.0,6230.0,6300.0,7928,0.0,0.0
2020-07-17 00:00:00+09:00,6300.0,6350.0,6220.0,6350.0,53040,0.0,0.0
2020-07-20 00:00:00+09:00,6350.0,6350.0,6210.0,6280.0,5398,0.0,0.0
2020-07-21 00:00:00+09:00,6320.0,6350.0,6280.0,6320.0,19793,0.0,0.0
2020-07-22 00:00:00+09:00,6230.0,6340.0,6230.0,6340.0,16172,0.0,0.0
2020-07-23 00:00:00+09:00,6340.0,6340.0,6260.0,6260.0,11361,0.0,0.0
2020-07-24 00:00:00+09:00,6260.0,6410.0,6250.0,6350.0,24412,0.0,0.0
2020-07-27 00:00:00+09:00,6350.0,6370.0,6280.0,6350.0,9716,0.0,0.0
2020-07-28 00:00:00+09:00,6360.0,6400.0,6280.0,6400.0,15076,0.0,0.0
2020-07-29 00:00:00+09:00,6400.0,6800.0,6400.0,6620.0,35022,0.0,0.0
2020-07-30 00:00:00+09:00,6770.0,6850.0,6680.0,6820.0,32713,0.0,0.0
2020-07-31 00:00:00+09:00,6860.0,7200.0,6750.0,7140.0,58645,0.0,0.0
2020-08-03 00:00:00+09:00,7200.0,7290.0,7060.0,7200.0,46342,0.0,0.0
2020-08-04 00:00:00+09:00,7200.0,7230.0,6830.0,7170.0,36692,0.0,0.0
2020-08-05 00:00:00+09:00,7130.0,7170.0,6840.0,6940.0,37920,0.0,0.0
2020-08-06 00:00:00+09:00,6950.0,7010.0,6810.0,6870.0,15263,0.0,0.0
2020-08-07 00:00:00+09:00,7080.0,7080.0,6870.0,7000.0,17184,0.0,0.0
2020-08-10 00:00:00+09:00,7050.0,7180.0,6910.0,7120.0,17233,0.0,0.0
2020-08-11 00:00:00+09:00,7190.0,7190.0,7050.0,7120.0,4392,0.0,0.0
2020-08-12 00:00:00+09:00,7180.0,7180.0,6950.0,7090.0,37181,0.0,0.0
2020-08-13 00:00:00+09:00,7100.0,7100.0,6930.0,6990.0,38679,0.0,0.0
2020-08-14 00:00:00+09:00,7030.0,7300.0,6990.0,7160.0,65366,0.0,0.0
2020-08-18 00:00:00+09:00,7020.0,7100.0,6880.0,6930.0,43747,0.0,0.0
2020-08-19 00:00:00+09:00,7000.0,7060.0,6860.0,7040.0,22419,0.0,0.0
2020-08-20 00:00:00+09:00,6920.0,7070.0,6800.0,6920.0,27181,0.0,0.0
2020-08-21 00:00:00+09:00,7000.0,7020.0,6850.0,7020.0,24733,0.0,0.0
2020-08-24 00:00:00+09:00,7000.0,7190.0,6870.0,7040.0,49455,0.0,0.0
2020-08-25 00:00:00+09:00,7040.0,7190.0,6990.0,7040.0,34733,0.0,0.0
2020-08-26 00:00:00+09:00,7080.0,7680.0,7000.0,7390.0,284157,0.0,0.0
2020-08-27 00:00:00+09:00,7420.0,7460.0,7000.0,7170.0,123126,0.0,0.0
2020-08-28 00:00:00+09:00,7410.0,7660.0,7190.0,7660.0,163621,0.0,0.0
2020-08-31 00:00:00+09:00,7610.0,7950.0,7520.0,7720.0,81857,0.0,0.0
2020-09-01 00:00:00+09:00,7800.0,7970.0,7600.0,7750.0,44083,0.0,0.0
2020-09-02 00:00:00+09:00,7770.0,8070.0,7570.0,7880.0,76017,0.0,0.0
2020-09-03 00:00:00+09:00,7880.0,7940.0,7700.0,7860.0,31625,0.0,0.0
2020-09-04 00:00:00+09:00,7750.0,7910.0,7680.0,7790.0,50595,0.0,0.0
2020-09-07 00:00:00+09:00,7710.0,8040.0,7700.0,8040.0,94900,0.0,0.0
2020-09-08 00:00:00+09:00,8040.0,8470.0,8040.0,8320.0,68093,0.0,0.0
2020-09-09 00:00:00+09:00,8280.0,8640.0,8040.0,8450.0,31138,0.0,0.0
2020-09-10 00:00:00+09:00,8460.0,8600.0,8010.0,8560.0,34164,0.0,0.0
2020-09-11 00:00:00+09:00,8660.0,8730.0,8450.0,8600.0,20331,0.0,0.0
2020-09-14 00:00:00+09:00,8530.0,8630.0,8450.0,8600.0,9335,0.0,0.0
2020-09-15 00:00:00+09:00,8630.0,8640.0,8470.0,8580.0,43550,0.0,0.0
2020-09-16 00:00:00+09:00,8620.0,8720.0,8490.0,8720.0,53683,0.0,0.0
2020-09-17 00:00:00+09:00,8710.0,8840.0,8650.0,8830.0,35628,0.0,0.0
2020-09-18 00:00:00+09:00,8830.0,9040.0,8800.0,9000.0,41511,0.0,0.0
2020-09-21 00:00:00+09:00,9030.0,9030.0,8550.0,8660.0,88095,0.0,0.0
2020-09-22 00:00:00+09:00,8670.0,8890.0,8410.0,8490.0,81974,0.0,0.0
2020-09-23 00:00:00+09:00,8690.0,8700.0,8080.0,8400.0,28496,0.0,0.0
2020-09-24 00:00:00+09:00,8400.0,8400.0,7880.0,8190.0,78496,0.0,0.0
2020-09-25 00:00:00+09:00,8380.0,8600.0,8070.0,8500.0,33304,0.0,0.0
2020-09-28 00:00:00+09:00,8690.0,8690.0,8370.0,8590.0,27003,0.0,0.0
2020-09-29 00:00:00+09:00,8590.0,9150.0,8590.0,9100.0,50549,0.0,0.0
2020-10-05 00:00:00+09:00,9130.0,9130.0,8890.0,9000.0,15058,0.0,0.0
2020-10-06 00:00:00+09:00,8990.0,9000.0,8780.0,8900.0,17840,0.0,0.0
2020-10-07 00:00:00+09:00,8770.0,9190.0,8770.0,9100.0,26346,0.0,0.0
2020-10-08 00:00:00+09:00,9100.0,9300.0,9050.0,9240.0,20266,0.0,0.0
2020-10-12 00:00:00+09:00,9200.0,9240.0,9100.0,9240.0,7150,0.0,0.0
2020-10-13 00:00:00+09:00,9100.0,9150.0,8940.0,8950.0,40161,0.0,0.0
2020-10-14 00:00:00+09:00,8940.0,9000.0,8700.0,9000.0,23646,0.0,0.0
2020-10-15 00:00:00+09:00,9000.0,9100.0,8860.0,9000.0,53184,0.0,0.0
2020-10-16 00:00:00+09:00,8920.0,9050.0,8850.0,9000.0,22122,0.0,0.0
2020-10-19 00:00:00+09:00,9000.0,9050.0,8910.0,9000.0,38852,0.0,0.0
2020-10-20 00:00:00+09:00,9000.0,9150.0,8960.0,9010.0,11391,0.0,0.0
2020-10-21 00:00:00+09:00,9120.0,9120.0,9000.0,9000.0,2998,0.0,0.0
2020-10-22 00:00:00+09:00,9000.0,9280.0,8830.0,9090.0,13611,0.0,0.0
2020-10-23 00:00:00+09:00,9300.0,9500.0,9100.0,9500.0,35991,0.0,0.0
2020-10-26 00:00:00+09:00,9490.0,9540.0,9150.0,9380.0,16952,0.0,0.0
2020-10-27 00:00:00+09:00,9300.0,9370.0,9010.0,9270.0,4137,0.0,0.0
2020-10-28 00:00:00+09:00,9270.0,9470.0,9100.0,9150.0,14449,0.0,0.0
2020-10-29 00:00:00+09:00,9010.0,9100.0,9010.0,9040.0,4598,0.0,0.0
2020-10-30 00:00:00+09:00,9000.0,9120.0,8980.0,9070.0,7251,0.0,0.0
2020-11-02 00:00:00+09:00,9020.0,9290.0,9020.0,9100.0,7090,0.0,0.0
2020-11-03 00:00:00+09:00,9010.0,9220.0,8970.0,8970.0,24942,0.0,0.0
2020-11-04 00:00:00+09:00,9010.0,9100.0,8900.0,9050.0,6578,0.0,0.0
2020-11-05 00:00:00+09:00,8960.0,9080.0,8880.0,9000.0,27312,0.0,0.0
2020-11-06 00:00:00+09:00,9000.0,9050.0,8910.0,9030.0,34646,0.0,0.0
2020-11-09 00:00:00+09:00,9030.0,9250.0,8990.0,9030.0,36703,0.0,0.0
2020-11-10 00:00:00+09:00,9120.0,9120.0,9010.0,9010.0,5016,0.0,0.0
2020-11-11 00:00:00+09:00,9010.0,9010.0,8870.0,8870.0,9751,0.0,0.0
2020-11-12 00:00:00+09:00,8870.0,8870.0,8510.0,8600.0,32855,0.0,0.0
2020-11-13 00:00:00+09:00,8600.0,8790.0,8510.0,8750.0,10099,0.0,0.0
2020-11-16 00:00:00+09:00,8750.0,8800.0,8230.0,8370.0,29670,0.0,0.0
2020-11-17 00:00:00+09:00,8300.0,8420.0,8010.0,8010.0,16903,0.0,0.0
2020-11-18 00:00:00+09:00,8030.0,8360.0,7990.0,8200.0,77878,0.0,0.0
2020-11-19 00:00:00+09:00,8290.0,8340.0,8160.0,8200.0,10366,0.0,0.0
2020-11-20 00:00:00+09:00,8130.0,8290.0,8090.0,8190.0,207927,0.0,0.0
2020-11-23 00:00:00+09:00,8490.0,8510.0,7930.0,8510.0,223726,0.0,0.0
2020-11-24 00:00:00+09:00,8510.0,8660.0,8350.0,8620.0,21471,0.0,0.0
2020-11-25 00:00:00+09:00,8620.0,8940.0,8530.0,8780.0,47111,0.0,0.0
2020-11-26 00:00:00+09:00,8780.0,8850.0,8630.0,8800.0,24253,0.0,0.0
2020-11-27 00:00:00+09:00,8800.0,9090.0,8790.0,9060.0,30956,0.0,0.0
2020-11-30 00:00:00+09:00,9060.0,9300.0,8970.0,9210.0,39609,0.0,0.0
2020-12-01 00:00:00+09:00,9210.0,11900.0,9210.0,10800.0,287951,0.0,0.0
2020-12-02 00:00:00+09:00,11100.0,12050.0,10400.0,11700.0,226508,0.0,0.0
2020-12-03 00:00:00+09:00,11650.0,12250.0,11400.0,11800.0,89626,0.0,0.0
2020-12-04 00:00:00+09:00,11950.0,12150.0,10800.0,11350.0,100702,0.0,0.0
2020-12-07 00:00:00+09:00,11400.0,13200.0,11050.0,11850.0,180043,0.0,0.0
2020-12-08 00:00:00+09:00,11850.0,13850.0,11700.0,13850.0,359156,0.0,0.0
2020-12-09 00:00:00+09:00,14000.0,17950.0,14000.0,16550.0,744229,0.0,0.0
2020-12-10 00:00:00+09:00,15750.0,15800.0,11600.0,12350.0,1971659,0.0,0.0
2020-12-11 00:00:00+09:00,12250.0,12400.0,10650.0,10800.0,1004632,0.0,0.0
2020-12-14 00:00:00+09:00,10750.0,11100.0,10400.0,10750.0,360639,0.0,0.0
2020-12-15 00:00:00+09:00,10950.0,11300.0,10600.0,10600.0,366425,0.0,0.0
2020-12-16 00:00:00+09:00,10600.0,10850.0,9930.0,10250.0,474326,0.0,0.0
2020-12-17 00:00:00+09:00,10300.0,10300.0,9900.0,10000.0,184075,0.0,0.0
2020-12-18 00:00:00+09:00,10050.0,10350.0,9910.0,10150.0,153521,0.0,0.0
2020-12-21 00:00:00+09:00,10150.0,10150.0,9580.0,9620.0,232642,0.0,0.0
2020-12-22 00:00:00+09:00,9630.0,9810.0,9360.0,9580.0,115604,0.0,0.0
2020-12-23 00:00:00+09:00,9550.0,9700.0,9230.0,9250.0,89759,0.0,0.0
2020-12-24 00:00:00+09:00,9400.0,9620.0,9150.0,9360.0,51922,0.0,0.0
2020-12-28 00:00:00+09:00,9350.0,9440.0,8980.0,9000.0,74989,0.0,0.0
2020-12-29 00:00:00+09:00,9000.0,9450.0,8970.0,9380.0,48058,0.0,0.0
2020-12-30 00:00:00+09:00,9460.0,9740.0,9280.0,9650.0,60195,0.0,0.0
2021-01-04 00:00:00+09:00,9750.0,9830.0,9580.0,9770.0,120440,0.0,0.0
2021-01-05 00:00:00+09:00,9830.0,9850.0,9650.0,9740.0,115639,0.0,0.0
2021-01-06 00:00:00+09:00,9740.0,9750.0,9410.0,9550.0,44420,0.0,0.0
2021-01-07 00:00:00+09:00,9550.0,9690.0,9520.0,9600.0,44309,0.0,0.0
2021-01-08 00:00:00+09:00,9600.0,9710.0,9390.0,9500.0,72110,0.0,0.0
2021-01-11 00:00:00+09:00,9570.0,9710.0,9260.0,9490.0,130452,0.0,0.0
2021-01-12 00:00:00+09:00,9440.0,9700.0,9440.0,9560.0,56215,0.0,0.0
2021-01-13 00:00:00+09:00,9520.0,9950.0,9520.0,9950.0,162703,0.0,0.0
2021-01-14 00:00:00+09:00,10100.0,10450.0,9950.0,10200.0,235390,0.0,0.0
2021-01-15 00:00:00+09:00,10200.0,10250.0,9990.0,9990.0,114896,0.0,0.0
2021-01-18 00:00:00+09:00,9990.0,9990.0,9710.0,9900.0,68028,0.0,0.0
2021-01-19 00:00:00+09:00,9900.0,10550.0,9790.0,10300.0,166763,0.0,0.0
2021-01-20 00:00:00+09:00,10300.0,10400.0,10100.0,10200.0,53557,0.0,0.0
2021-01-21 00:00:00+09:00,10400.0,11250.0,10250.0,11150.0,421177,0.0,0.0
2021-01-22 00:00:00+09:00,11200.0,11350.0,10700.0,10750.0,144514,0.0,0.0
2021-01-25 00:00:00+09:00,10750.0,11150.0,10750.0,10800.0,88704,0.0,0.0
2021-01-26 00:00:00+09:00,10850.0,11500.0,10650.0,11450.0,263318,0.0,0.0
2021-01-27 00:00:00+09:00,11450.0,11700.0,11150.0,11350.0,133902,0.0,0.0
2021-01-28 00:00:00+09:00,11100.0,11750.0,10750.0,11600.0,90794,0.0,0.0
2021-01-29 00:00:00+09:00,11600.0,11600.0,11100.0,11250.0,126644,0.0,0.0
2021-02-01 00:00:00+09:00,11150.0,11500.0,10800.0,11300.0,63541,0.0,0.0
2021-02-02 00:00:00+09:00,11300.0,11400.0,10900.0,11150.0,44594,0.0,0.0
2021-02-03 00:00:00+09:00,11100.0,11500.0,10900.0,11450.0,96082,0.0,0.0
2021-02-04 00:00:00+09:00,11700.0,12550.0,11350.0,12350.0,241887,0.0,0.0
2021-02-05 00:00:00+09:00,12350.0,13550.0,12300.0,12850.0,740087,0.0,0.0
2021-02-08 00:00:00+09:00,12850.0,13050.0,12500.0,12900.0,161314,0.0,0.0
2021-02-09 00:00:00+09:00,12750.0,13100.0,12600.0,12950.0,96597,0.0,0.0
2021-02-10 00:00:00+09:00,13000.0,13150.0,12650.0,12700.0,88011,0.0,0.0
2021-02-15 00:00:00+09:00,12800.0,12950.0,12000.0,12300.0,128716,0.0,0.0
2021-02-16 00:00:00+09:00,12350.0,12350.0,11550.0,11900.0,158789,0.0,0.0
2021-02-17 00:00:00+09:00,11850.0,12700.0,11700.0,12400.0,88594,0.0,0.0
2021-02-18 00:00:00+09:00,12400.0,12850.0,11800.0,12050.0,124180,0.0,0.0
2021-02-19 00:00:00+09:00,12050.0,12050.0,11300.0,11900.0,56250,0.0,0.0
2021-02-22 00:00:00+09:00,11550.0,11950.0,11450.0,11600.0,49864,0.0,0.0
2021-02-23 00:00:00+09:00,11550.0,11550.0,10850.0,11450.0,85803,0.0,0.0
2021-02-24 00:00:00+09:00,11500.0,11500.0,10500.0,10700.0,96570,0.0,0.0
2021-02-25 00:00:00+09:00,10800.0,11250.0,10700.0,11200.0,45931,0.0,0.0
2021-02-26 00:00:00+09:00,11000.0,11400.0,10600.0,11400.0,51562,0.0,0.0
2021-03-02 00:00:00+09:00,11400.0,11950.0,11100.0,11500.0,96366,0.0,0.0
2021-03-03 00:00:00+09:00,11450.0,11500.0,10950.0,11100.0,48497,0.0,0.0
2021-03-04 00:00:00+09:00,11050.0,11050.0,10500.0,10900.0,71809,0.0,0.0
2021-03-05 00:00:00+09:00,10600.0,11150.0,10400.0,11050.0,102533,0.0,0.0
2021-03-08 00:00:00+09:00,10950.0,11100.0,10150.0,10300.0,53523,0.0,0.0
2021-03-09 00:00:00+09:00,10000.0,10750.0,10000.0,10150.0,68198,0.0,0.0
2021-03-10 00:00:00+09:00,10300.0,10550.0,9700.0,10050.0,49568,0.0,0.0
2021-03-11 00:00:00+09:00,10050.0,10350.0,9990.0,10350.0,24513,0.0,0.0
2021-03-12 00:00:00+09:00,10350.0,10850.0,10350.0,10800.0,49461,0.0,0.0
2021-03-15 00:00:00+09:00,10800.0,11550.0,10800.0,11300.0,61071,0.0,0.0
2021-03-16 00:00:00+09:00,11450.0,11450.0,10900.0,11350.0,20328,0.0,0.0
2021-03-17 00:00:00+09:00,11100.0,11300.0,11050.0,11200.0,29768,0.0,0.0
2021-03-18 00:00:00+09:00,11300.0,11300.0,10900.0,11050.0,24500,0.0,0.0
2021-03-19 00:00:00+09:00,11100.0,11100.0,10850.0,11000.0,15108,0.0,0.0
2021-03-22 00:00:00+09:00,11050.0,11200.0,10500.0,10900.0,36783,0.0,0.0
2021-03-23 00:00:00+09:00,10900.0,11000.0,10650.0,10850.0,30079,0.0,0.0
2021-03-24 00:00:00+09:00,10850.0,10900.0,10600.0,10800.0,17019,0.0,0.0
2021-03-25 00:00:00+09:00,10800.0,10850.0,10350.0,10850.0,41204,0.0,0.0
2021-03-26 00:00:00+09:00,10850.0,10900.0,10600.0,10800.0,15926,0.0,0.0
2021-03-29 00:00:00+09:00,10700.0,11300.0,10650.0,11300.0,46079,0.0,0.0
2021-03-30 00:00:00+09:00,11250.0,11750.0,11100.0,11300.0,77354,0.0,0.0
2021-03-31 00:00:00+09:00,11350.0,11800.0,11250.0,11650.0,45674,0.0,0.0
2021-04-01 00:00:00+09:00,12050.0,12050.0,11650.0,11800.0,31330,0.0,0.0
2021-04-02 00:00:00+09:00,11800.0,11950.0,11350.0,11650.0,43136,0.0,0.0
2021-04-05 00:00:00+09:00,11650.0,11650.0,11150.0,11200.0,39101,0.0,0.0
2021-04-06 00:00:00+09:00,11200.0,11250.0,10950.0,11200.0,36231,0.0,0.0
2021-04-07 00:00:00+09:00,11150.0,11300.0,10950.0,11250.0,22619,0.0,0.0
2021-04-08 00:00:00+09:00,11250.0,12150.0,11100.0,12050.0,81506,0.0,0.0
2021-04-09 00:00:00+09:00,12050.0,12850.0,11600.0,11750.0,231020,0.0,0.0
2021-04-12 00:00:00+09:00,11850.0,12900.0,11850.0,12850.0,75399,0.0,0.0
2021-04-13 00:00:00+09:00,12950.0,16450.0,12000.0,13100.0,1192892,0.0,0.0
2021-04-14 00:00:00+09:00,13000.0,13000.0,12400.0,12450.0,200272,0.0,0.0
2021-04-15 00:00:00+09:00,12400.0,12800.0,12300.0,12600.0,134454,0.0,0.0
2021-04-16 00:00:00+09:00,12500.0,12900.0,12150.0,12700.0,101850,0.0,0.0
2021-04-19 00:00:00+09:00,12600.0,12750.0,12350.0,12350.0,59788,0.0,0.0
2021-04-20 00:00:00+09:00,12300.0,12700.0,12200.0,12400.0,62622,0.0,0.0
2021-04-21 00:00:00+09:00,12300.0,12750.0,12200.0,12700.0,57333,0.0,0.0
2021-04-22 00:00:00+09:00,12750.0,13000.0,12550.0,12700.0,60414,0.0,0.0
2021-04-23 00:00:00+09:00,12550.0,12900.0,12450.0,12750.0,56637,0.0,0.0
2021-04-26 00:00:00+09:00,12800.0,13200.0,12450.0,12850.0,98435,0.0,0.0
2021-04-27 00:00:00+09:00,12700.0,12950.0,12700.0,12850.0,45037,0.0,0.0
2021-04-28 00:00:00+09:00,12850.0,12950.0,12600.0,12950.0,67449,0.0,0.0
2021-04-29 00:00:00+09:00,12850.0,13200.0,12700.0,13000.0,64189,0.0,0.0
2021-04-30 00:00:00+09:00,12950.0,13150.0,12800.0,12950.0,49576,0.0,0.0
2021-05-03 00:00:00+09:00,13050.0,13300.0,12700.0,12700.0,36298,0.0,0.0
2021-05-04 00:00:00+09:00,12600.0,12750.0,12100.0,12750.0,46100,0.0,0.0
2021-05-06 00:00:00+09:00,12850.0,12900.0,12550.0,12750.0,20101,0.0,0.0
2021-05-07 00:00:00+09:00,12750.0,13050.0,12550.0,12800.0,31075,0.0,0.0
2021-05-10 00:00:00+09:00,12950.0,13500.0,12800.0,13450.0,139768,0.0,0.0
2021-05-11 00:00:00+09:00,13550.0,15200.0,13000.0,14850.0,340932,0.0,0.0
2021-05-12 00:00:00+09:00,14800.0,15000.0,14250.0,14800.0,97521,0.0,0.0
2021-05-13 00:00:00+09:00,14450.0,15100.0,14350.0,14650.0,44369,0.0,0.0
2021-05-14 00:00:00+09:00,14650.0,16100.0,14400.0,16100.0,126881,0.0,0.0
2021-05-17 00:00:00+09:00,16100.0,16300.0,15450.0,15700.0,70868,0.0,0.0
2021-05-18 00:00:00+09:00,15700.0,16150.0,14500.0,15650.0,115488,0.0,0.0
2021-05-20 00:00:00+09:00,15700.0,15850.0,14400.0,15150.0,94263,0.0,0.0
2021-05-21 00:00:00+09:00,15150.0,15950.0,14850.0,15900.0,119333,0.0,0.0
2021-05-24 00:00:00+09:00,15900.0,16000.0,15100.0,15300.0,94167,0.0,0.0
2021-05-25 00:00:00+09:00,15350.0,16300.0,15250.0,16000.0,66223,0.0,0.0
2021-05-26 00:00:00+09:00,16000.0,16200.0,15600.0,15750.0,58990,0.0,0.0
2021-05-27 00:00:00+09:00,15700.0,15850.0,15500.0,15750.0,30844,0.0,0.0
2021-05-28 00:00:00+09:00,15600.0,17500.0,15600.0,16500.0,151726,0.0,0.0
2021-05-31 00:00:00+09:00,16550.0,16550.0,16200.0,16450.0,36006,0.0,0.0
2021-06-01 00:00:00+09:00,16400.0,17200.0,16100.0,16850.0,105516,0.0,0.0
2021-06-02 00:00:00+09:00,16900.0,17100.0,15800.0,15950.0,94327,0.0,0.0
2021-06-03 00:00:00+09:00,16200.0,16450.0,15250.0,15950.0,107848,0.0,0.0
2021-06-04 00:00:00+09:00,15800.0,16350.0,15300.0,15350.0,172582,0.0,0.0
2021-06-07 00:00:00+09:00,15400.0,15800.0,14300.0,14350.0,189335,0.0,0.0
2021-06-08 00:00:00+09:00,14300.0,14750.0,14000.0,14450.0,74386,0.0,0.0
2021-06-09 00:00:00+09:00,14650.0,14650.0,14100.0,14500.0,26034,0.0,0.0
2021-06-10 00:00:00+09:00,14400.0,14750.0,14150.0,14550.0,33259,0.0,0.0
2021-06-11 00:00:00+09:00,14600.0,14700.0,14400.0,14650.0,26648,0.0,0.0
2021-06-14 00:00:00+09:00,14900.0,15400.0,14650.0,15000.0,55465,0.0,0.0
2021-06-15 00:00:00+09:00,14900.0,15050.0,14500.0,14750.0,44381,0.0,0.0
2021-06-16 00:00:00+09:00,14750.0,14750.0,13900.0,14250.0,83639,0.0,0.0
2021-06-17 00:00:00+09:00,14300.0,14300.0,13900.0,13900.0,43317,0.0,0.0
2021-06-18 00:00:00+09:00,13900.0,14100.0,13400.0,14000.0,40376,0.0,0.0
2021-06-21 00:00:00+09:00,14400.0,14400.0,14100.0,14350.0,22416,0.0,0.0
2021-06-22 00:00:00+09:00,14350.0,14500.0,13900.0,13900.0,27359,0.0,0.0
2021-06-23 00:00:00+09:00,13950.0,14600.0,13800.0,14600.0,53769,0.0,0.0
2021-06-24 00:00:00+09:00,14600.0,14800.0,14150.0,14700.0,28678,0.0,0.0
2021-06-25 00:00:00+09:00,14500.0,14900.0,14400.0,14750.0,18862,0.0,0.0
2021-06-28 00:00:00+09:00,14750.0,14950.0,14500.0,14650.0,13597,0.0,0.0
2021-06-29 00:00:00+09:00,14650.0,14850.0,14400.0,14800.0,17957,0.0,0.0
2021-06-30 00:00:00+09:00,15100.0,15600.0,14850.0,15600.0,73866,0.0,0.0
2021-07-01 00:00:00+09:00,15600.0,15700.0,15100.0,15600.0,39053,0.0,0.0
2021-07-02 00:00:00+09:00,15700.0,16300.0,15350.0,15450.0,40302,0.0,0.0
2021-07-05 00:00:00+09:00,15400.0,15600.0,15150.0,15450.0,21681,0.0,0.0
2021-07-06 00:00:00+09:00,15450.0,15650.0,15200.0,15500.0,8651,0.0,0.0
2021-07-07 00:00:00+09:00,16000.0,18000.0,15850.0,16600.0,300259,0.0,0.0
2021-07-08 00:00:00+09:00,17450.0,19300.0,16900.0,18350.0,712813,0.0,0.0
2021-07-09 00:00:00+09:00,18350.0,19000.0,17600.0,18350.0,179026,0.0,0.0
2021-07-12 00:00:00+09:00,18200.0,18300.0,17650.0,17800.0,66532,0.0,0.0
2021-07-13 00:00:00+09:00,17700.0,18400.0,17350.0,17950.0,64367,0.0,0.0
2021-07-14 00:00:00+09:00,17750.0,18500.0,17000.0,17000.0,73781,0.0,0.0
2021-07-15 00:00:00+09:00,17300.0,17300.0,16650.0,16800.0,71404,0.0,0.0
2021-07-16 00:00:00+09:00,16800.0,17100.0,16350.0,16950.0,45507,0.0,0.0
2021-07-19 00:00:00+09:00,16500.0,16850.0,16400.0,16800.0,20650,0.0,0.0
2021-07-20 00:00:00+09:00,16650.0,16650.0,16250.0,16600.0,28673,0.0,0.0
2021-07-21 00:00:00+09:00,16500.0,16700.0,15650.0,16000.0,55846,0.0,0.0
2021-07-22 00:00:00+09:00,15800.0,16100.0,15650.0,16000.0,22401,0.0,0.0
2021-07-23 00:00:00+09:00,15800.0,16100.0,15800.0,16000.0,12632,0.0,0.0
2021-07-26 00:00:00+09:00,15950.0,16150.0,15650.0,15800.0,16613,0.0,0.0
2021-07-27 00:00:00+09:00,15800.0,16000.0,15450.0,15850.0,24748,0.0,0.0
2021-07-28 00:00:00+09:00,15700.0,15900.0,14950.0,15350.0,48399,0.0,0.0
2021-07-29 00:00:00+09:00,15350.0,15700.0,14900.0,14900.0,18905,0.0,0.0
2021-07-30 00:00:00+09:00,15450.0,15500.0,14650.0,15300.0,17271,0.0,0.0
2021-08-02 00:00:00+09:00,15200.0,16400.0,15100.0,15500.0,17047,0.0,0.0
2021-08-03 00:00:00+09:00,15500.0,16600.0,15500.0,16150.0,79663,0.0,0.0
2021-08-04 00:00:00+09:00,16250.0,16500.0,15750.0,16450.0,29511,0.0,0.0
2021-08-05 00:00:00+09:00,16600.0,16650.0,16150.0,16300.0,18923,0.0,0.0
2021-08-06 00:00:00+09:00,16150.0,16450.0,15600.0,15800.0,40324,0.0,0.0
2021-08-09 00:00:00+09:00,15800.0,18300.0,15800.0,17100.0,295695,0.0,0.0
2021-08-10 00:00:00+09:00,17150.0,17400.0,16400.0,16850.0,91116,0.0,0.0
2021-08-11 00:00:00+09:00,16700.0,16850.0,16350.0,16450.0,30388,0.0,0.0
2021-08-12 00:00:00+09:00,16250.0,17400.0,16200.0,17000.0,65288,0.0,0.0
2021-08-13 00:00:00+09:00,16900.0,16900.0,15700.0,15950.0,75330,0.0,0.0
2021-08-17 00:00:00+09:00,15800.0,16200.0,15250.0,15900.0,44493,0.0,0.0
2021-08-18 00:00:00+09:00,15750.0,16250.0,15450.0,16250.0,39836,0.0,0.0
2021-08-19 00:00:00+09:00,16000.0,16500.0,15600.0,15800.0,53629,0.0,0.0
2021-08-20 00:00:00+09:00,15800.0,16200.0,14500.0,15250.0,72417,0.0,0.0
2021-08-23 00:00:00+09:00,15750.0,15750.0,14800.0,15250.0,24542,0.0,0.0
2021-08-24 00:00:00+09:00,15350.0,15600.0,14750.0,15050.0,70333,0.0,0.0
2021-08-25 00:00:00+09:00,15000.0,15750.0,14950.0,15550.0,22629,0.0,0.0
2021-08-26 00:00:00+09:00,15950.0,16050.0,15200.0,15250.0,53578,0.0,0.0
2021-08-27 00:00:00+09:00,15250.0,15250.0,14750.0,14950.0,15141,0.0,0.0
2021-08-30 00:00:00+09:00,15000.0,15100.0,14300.0,14450.0,31707,0.0,0.0
2021-08-31 00:00:00+09:00,14400.0,14900.0,13850.0,14200.0,30118,0.0,0.0
2021-09-01 00:00:00+09:00,14300.0,14450.0,14050.0,14200.0,19905,0.0,0.0
2021-09-02 00:00:00+09:00,14200.0,14250.0,14000.0,14200.0,19269,0.0,0.0
2021-09-03 00:00:00+09:00,14200.0,15400.0,14150.0,14900.0,72018,0.0,0.0
2021-09-06 00:00:00+09:00,15200.0,15200.0,14700.0,14850.0,11047,0.0,0.0
2021-09-07 00:00:00+09:00,14700.0,14750.0,14100.0,14750.0,37349,0.0,0.0
2021-09-08 00:00:00+09:00,14550.0,14600.0,13950.0,14550.0,51409,0.0,0.0
2021-09-09 00:00:00+09:00,14100.0,14400.0,13850.0,13850.0,39073,0.0,0.0
2021-09-10 00:00:00+09:00,13850.0,14050.0,13600.0,13850.0,41105,0.0,0.0
2021-09-13 00:00:00+09:00,13850.0,13850.0,13250.0,13500.0,76396,0.0,0.0
2021-09-14 00:00:00+09:00,13550.0,14300.0,13500.0,14000.0,28257,0.0,0.0
2021-09-15 00:00:00+09:00,14250.0,14650.0,14100.0,14550.0,26363,0.0,0.0
2021-09-16 00:00:00+09:00,14950.0,14950.0,14100.0,14450.0,58009,0.0,0.0
2021-09-17 00:00:00+09:00,14350.0,14600.0,14100.0,14500.0,9934,0.0,0.0
2021-09-23 00:00:00+09:00,14350.0,14700.0,13950.0,14050.0,50726,0.0,0.0
2021-09-24 00:00:00+09:00,14050.0,14550.0,13550.0,14000.0,45745,0.0,0.0
2021-09-27 00:00:00+09:00,14050.0,14050.0,13600.0,13750.0,45021,0.0,0.0
2021-09-28 00:00:00+09:00,13750.0,13950.0,13600.0,13850.0,9374,0.0,0.0
2021-09-29 00:00:00+09:00,13850.0,13850.0,13200.0,13450.0,16978,0.0,0.0
2021-09-30 00:00:00+09:00,13450.0,13950.0,13250.0,13550.0,11770,0.0,0.0
2021-10-01 00:00:00+09:00,13450.0,13500.0,12900.0,13100.0,26907,0.0,0.0
2021-10-05 00:00:00+09:00,12900.0,13150.0,12250.0,12300.0,31304,0.0,0.0
2021-10-06 00:00:00+09:00,12400.0,12850.0,12050.0,12350.0,17380,0.0,0.0
2021-10-07 00:00:00+09:00,12100.0,13100.0,12100.0,13050.0,32791,0.0,0.0
2021-10-08 00:00:00+09:00,13300.0,13400.0,12250.0,12600.0,52215,0.0,0.0
2021-10-12 00:00:00+09:00,12450.0,12450.0,11950.0,12350.0,22871,0.0,0.0
2021-10-13 00:00:00+09:00,12000.0,13300.0,11950.0,13250.0,78110,0.0,0.0
2021-10-14 00:00:00+09:00,13250.0,14350.0,13250.0,13950.0,29648,0.0,0.0
2021-10-15 00:00:00+09:00,13950.0,14300.0,13600.0,14000.0,22063,0.0,0.0
2021-10-18 00:00:00+09:00,14000.0,14700.0,13750.0,14050.0,55042,0.0,0.0
2021-10-19 00:00:00+09:00,14100.0,16400.0,13950.0,15500.0,240126,0.0,0.0
2021-10-20 00:00:00+09:00,15300.0,16250.0,15250.0,15800.0,69905,0.0,0.0
2021-10-21 00:00:00+09:00,15850.0,16250.0,15800.0,16100.0,36058,0.0,0.0
2021-10-22 00:00:00+09:00,16050.0,16350.0,15700.0,15800.0,36399,0.0,0.0
2021-10-25 00:00:00+09:00,15800.0,15800.0,14900.0,15350.0,69014,0.0,0.0
2021-10-26 00:00:00+09:00,15300.0,15350.0,14500.0,15200.0,62998,0.0,0.0
2021-10-27 00:00:00+09:00,15050.0,15500.0,14700.0,15050.0,29191,0.0,0.0
2021-10-28 00:00:00+09:00,15100.0,15450.0,14850.0,15100.0,22753,0.0,0.0
2021-10-29 00:00:00+09:00,15500.0,16050.0,14900.0,15200.0,22866,0.0,0.0
2021-11-01 00:00:00+09:00,15150.0,15600.0,14950.0,15550.0,23018,0.0,0.0
2021-11-02 00:00:00+09:00,15600.0,16000.0,15350.0,15600.0,27749,0.0,0.0
2021-11-03 00:00:00+09:00,15600.0,15850.0,15300.0,15700.0,24511,0.0,0.0
2021-11-04 00:00:00+09:00,15700.0,15800.0,15350.0,15600.0,31005,0.0,0.0
2021-11-05 00:00:00+09:00,15100.0,16000.0,14950.0,15550.0,49286,0.0,0.0
2021-11-08 00:00:00+09:00,15200.0,15400.0,13750.0,14350.0,95919,0.0,0.0
2021-11-09 00:00:00+09:00,14350.0,14500.0,13800.0,13800.0,36026,0.0,0.0
2021-11-10 00:00:00+09:00,13800.0,14500.0,13750.0,14500.0,19287,0.0,0.0
2021-11-11 00:00:00+09:00,14300.0,15100.0,14200.0,14800.0,36254,0.0,0.0
2021-11-12 00:00:00+09:00,15200.0,15200.0,14550.0,14750.0,9575,0.0,0.0
2021-11-15 00:00:00+09:00,14750.0,14750.0,14400.0,14450.0,29927,0.0,0.0
2021-11-16 00:00:00+09:00,14450.0,15000.0,14200.0,15000.0,18574,0.0,0.0
2021-11-17 00:00:00+09:00,15000.0,15500.0,14850.0,15500.0,19425,0.0,0.0
2021-11-18 00:00:00+09:00,15500.0,15700.0,15200.0,15700.0,14590,0.0,0.0
2021-11-19 00:00:00+09:00,15550.0,15850.0,15450.0,15850.0,11215,0.0,0.0
2021-11-22 00:00:00+09:00,16100.0,16100.0,15450.0,15700.0,14999,0.0,0.0
2021-11-23 00:00:00+09:00,15700.0,15700.0,15100.0,15500.0,25366,0.0,0.0
2021-11-24 00:00:00+09:00,15350.0,15850.0,15100.0,15800.0,20027,0.0,0.0
2021-11-25 00:00:00+09:00,16000.0,16200.0,15550.0,15800.0,14667,0.0,0.0
2021-11-26 00:00:00+09:00,15800.0,15950.0,15050.0,15400.0,30907,0.0,0.0
2021-11-29 00:00:00+09:00,15100.0,15200.0,14550.0,15100.0,20821,0.0,0.0
2021-11-30 00:00:00+09:00,15000.0,15150.0,14250.0,14650.0,30596,0.0,0.0
2021-12-01 00:00:00+09:00,14400.0,15650.0,14000.0,15600.0,81253,0.0,0.0
2021-12-02 00:00:00+09:00,15600.0,15900.0,15150.0,15850.0,30323,0.0,0.0
2021-12-03 00:00:00+09:00,15850.0,16050.0,15650.0,16000.0,13153,0.0,0.0
2021-12-06 00:00:00+09:00,16000.0,16000.0,15450.0,15700.0,26508,0.0,0.0
2021-12-07 00:00:00+09:00,15700.0,17000.0,15550.0,16600.0,76807,0.0,0.0
2021-12-08 00:00:00+09:00,16500.0,16850.0,16300.0,16550.0,33536,0.0,0.0
2021-12-09 00:00:00+09:00,16550.0,16550.0,16000.0,16350.0,44689,0.0,0.0
2021-12-10 00:00:00+09:00,16000.0,16950.0,15000.0,15500.0,167159,0.0,0.0
2021-12-13 00:00:00+09:00,15200.0,15650.0,14450.0,14450.0,162424,0.0,0.0
2021-12-14 00:00:00+09:00,14550.0,15700.0,14350.0,15500.0,102975,0.0,0.0
2021-12-15 00:00:00+09:00,15350.0,16500.0,15150.0,15500.0,54433,0.0,0.0
2021-12-16 00:00:00+09:00,15650.0,15750.0,15200.0,15450.0,38530,0.0,0.0
2021-12-17 00:00:00+09:00,15550.0,16000.0,15350.0,15450.0,30092,0.0,0.0
2021-12-20 00:00:00+09:00,15350.0,15450.0,14800.0,15100.0,41786,0.0,0.0
2021-12-21 00:00:00+09:00,15050.0,15400.0,14850.0,15100.0,25231,0.0,0.0
2021-12-22 00:00:00+09:00,15250.0,15650.0,15100.0,15200.0,52824,0.0,0.0
2021-12-23 00:00:00+09:00,15300.0,15800.0,15200.0,15750.0,62231,0.0,0.0
2021-12-24 00:00:00+09:00,15750.0,16050.0,15300.0,15650.0,52793,0.0,0.0
2021-12-27 00:00:00+09:00,15550.0,18700.0,15500.0,18200.0,869514,0.0,0.0
2021-12-28 00:00:00+09:00,18700.0,19850.0,15300.0,16500.0,1179284,0.0,0.0
2021-12-29 00:00:00+09:00,16250.0,17400.0,15750.0,15800.0,273357,0.0,0.0
2021-12-30 00:00:00+09:00,16200.0,16350.0,15600.0,16050.0,99108,0.0,0.0
2022-01-04 00:00:00+09:00,16350.0,16650.0,15500.0,16500.0,111399,0.0,0.0
2022-01-05 00:00:00+09:00,16300.0,16350.0,15750.0,15750.0,61479,0.0,0.0
2022-01-06 00:00:00+09:00,15450.0,16150.0,15200.0,15900.0,68551,0.0,0.0
2022-01-07 00:00:00+09:00,15800.0,16600.0,15800.0,16150.0,49991,0.0,0.0
2022-01-10 00:00:00+09:00,16150.0,16150.0,15350.0,15800.0,62574,0.0,0.0
2022-01-11 00:00:00+09:00,15550.0,15600.0,14200.0,14200.0,90253,0.0,0.0
2022-01-12 00:00:00+09:00,14500.0,14550.0,14100.0,14150.0,50041,0.0,0.0
2022-01-13 00:00:00+09:00,14250.0,14300.0,13500.0,13950.0,83881,0.0,0.0
2022-01-14 00:00:00+09:00,13950.0,14100.0,13500.0,13500.0,70483,0.0,0.0
2022-01-17 00:00:00+09:00,13350.0,13400.0,11100.0,11950.0,335515,0.0,0.0
2022-01-18 00:00:00+09:00,12100.0,12200.0,11700.0,12000.0,41992,0.0,0.0
2022-01-19 00:00:00+09:00,12050.0,12050.0,11550.0,11600.0,32270,0.0,0.0
2022-01-20 00:00:00+09:00,11600.0,12200.0,11500.0,12200.0,20674,0.0,0.0
2022-01-21 00:00:00+09:00,12250.0,12950.0,11950.0,12600.0,45153,0.0,0.0
2022-01-24 00:00:00+09:00,12500.0,12550.0,11900.0,12000.0,20770,0.0,0.0
2022-01-25 00:00:00+09:00,12000.0,12050.0,11200.0,11200.0,51484,0.0,0.0
2022-01-26 00:00:00+09:00,11200.0,11550.0,11200.0,11450.0,10431,0.0,0.0
2022-01-27 00:00:00+09:00,11450.0,11700.0,11350.0,11650.0,16113,0.0,0.0
2022-01-28 00:00:00+09:00,11700.0,12200.0,11300.0,12200.0,14212,0.0,0.0
2022-02-03 00:00:00+09:00,12400.0,12650.0,12150.0,12150.0,26433,0.0,0.0
2022-02-04 00:00:00+09:00,12250.0,12600.0,11950.0,12200.0,15152,0.0,0.0
2022-02-07 00:00:00+09:00,12250.0,12300.0,11700.0,11900.0,29566,0.0,0.0
2022-02-08 00:00:00+09:00,11850.0,12200.0,11700.0,12200.0,21928,0.0,0.0
2022-02-09 00:00:00+09:00,12100.0,12700.0,11800.0,12600.0,50767,0.0,0.0
2022-02-10 00:00:00+09:00,12700.0,12800.0,11900.0,11950.0,38532,0.0,0.0
2022-02-11 00:00:00+09:00,11800.0,11950.0,11300.0,11950.0,24618,0.0,0.0
2022-02-15 00:00:00+09:00,11500.0,12450.0,11350.0,12450.0,46958,0.0,0.0
2022-02-16 00:00:00+09:00,12200.0,12900.0,12050.0,12850.0,21744,0.0,0.0
2022-02-17 00:00:00+09:00,12850.0,13150.0,12500.0,12900.0,31916,0.0,0.0
2022-02-18 00:00:00+09:00,12750.0,13000.0,12550.0,12950.0,6554,0.0,0.0
2022-02-21 00:00:00+09:00,12650.0,12950.0,12400.0,12950.0,4377,0.0,0.0
2022-02-22 00:00:00+09:00,12200.0,13800.0,12200.0,13300.0,79331,0.0,0.0
2022-02-23 00:00:00+09:00,13300.0,13500.0,12950.0,13150.0,28838,0.0,0.0
2022-02-24 00:00:00+09:00,12900.0,13150.0,11900.0,12500.0,47941,0.0,0.0
2022-02-25 00:00:00+09:00,12550.0,12800.0,12300.0,12700.0,15000,0.0,0.0
2022-02-28 00:00:00+09:00,12700.0,12700.0,12450.0,12650.0,5893,0.0,0.0
2022-03-02 00:00:00+09:00,12650.0,12850.0,12500.0,12700.0,2797,0.0,0.0
2022-03-03 00:00:00+09:00,12600.0,12950.0,12550.0,12850.0,7926,0.0,0.0
2022-03-04 00:00:00+09:00,12850.0,12850.0,12550.0,12700.0,2518,0.0,0.0
2022-03-07 00:00:00+09:00,12400.0,12700.0,12200.0,12650.0,4775,0.0,0.0
2022-03-08 00:00:00+09:00,12250.0,12550.0,12150.0,12550.0,5803,0.0,0.0
2022-03-10 00:00:00+09:00,12550.0,12700.0,12200.0,12300.0,12421,0.0,0.0
2022-03-11 00:00:00+09:00,12300.0,12500.0,12150.0,12500.0,8721,0.0,0.0
2022-03-14 00:00:00+09:00,12400.0,12900.0,12050.0,12400.0,13487,0.0,0.0
2022-03-15 00:00:00+09:00,12400.0,12800.0,12050.0,12300.0,11407,0.0,0.0
2022-03-16 00:00:00+09:00,12250.0,12550.0,12150.0,12500.0,7245,0.0,0.0
2022-03-17 00:00:00+09:00,12800.0,12800.0,12350.0,12550.0,6871,0.0,0.0
2022-03-18 00:00:00+09:00,12600.0,12600.0,12300.0,12500.0,4980,0.0,0.0
2022-03-21 00:00:00+09:00,12500.0,12550.0,12150.0,12350.0,12348,0.0,0.0
2022-03-22 00:00:00+09:00,12400.0,12400.0,12100.0,12300.0,6939,0.0,0.0
2022-03-23 00:00:00+09:00,12500.0,12800.0,12050.0,12800.0,47714,0.0,0.0
2022-03-24 00:00:00+09:00,13000.0,13050.0,12350.0,12600.0,80846,0.0,0.0
2022-03-25 00:00:00+09:00,12500.0,12700.0,12250.0,12500.0,19123,0.0,0.0
2022-03-28 00:00:00+09:00,12500.0,12500.0,12100.0,12300.0,19196,0.0,0.0
2022-03-29 00:00:00+09:00,12500.0,12550.0,12150.0,12150.0,34789,0.0,0.0
2022-03-30 00:00:00+09:00,12200.0,12650.0,12200.0,12650.0,29974,0.0,0.0
2022-03-31 00:00:00+09:00,12650.0,12700.0,12450.0,12650.0,8012,0.0,0.0
2022-04-01 00:00:00+09:00,12450.0,12750.0,12450.0,12750.0,11908,0.0,0.0
2022-04-04 00:00:00+09:00,12900.0,13350.0,12750.0,13350.0,36968,0.0,0.0
2022-04-05 00:00:00+09:00,13550.0,13550.0,13100.0,13550.0,18286,0.0,0.0
2022-04-06 00:00:00+09:00,13650.0,13650.0,13200.0,13500.0,9562,0.0,0.0
2022-04-07 00:00:00+09:00,13500.0,13500.0,13000.0,13400.0,18559,0.0,0.0
2022-04-08 00:00:00+09:00,13400.0,13400.0,12950.0,13050.0,10987,0.0,0.0
2022-04-11 00:00:00+09:00,13050.0,13100.0,12900.0,13000.0,11067,0.0,0.0
2022-04-12 00:00:00+09:00,13000.0,13000.0,12550.0,12950.0,7797,0.0,0.0
2022-04-13 00:00:00+09:00,12950.0,13500.0,12750.0,13500.0,55656,0.0,0.0
2022-04-14 00:00:00+09:00,13750.0,13750.0,13000.0,13200.0,33242,0.0,0.0
2022-04-15 00:00:00+09:00,13200.0,13200.0,12550.0,12800.0,37702,0.0,0.0
2022-04-18 00:00:00+09:00,12700.0,12700.0,12200.0,12250.0,42744,0.0,0.0
2022-04-19 00:00:00+09:00,12250.0,12650.0,12150.0,12600.0,55993,0.0,0.0
2022-04-20 00:00:00+09:00,12700.0,12700.0,12500.0,12650.0,9757,0.0,0.0
2022-04-21 00:00:00+09:00,12700.0,12700.0,12000.0,12100.0,39037,0.0,0.0
2022-04-22 00:00:00+09:00,12100.0,12150.0,11650.0,11750.0,23706,0.0,0.0
2022-04-25 00:00:00+09:00,11750.0,11750.0,11100.0,11100.0,42928,0.0,0.0
2022-04-26 00:00:00+09:00,11200.0,11950.0,11150.0,11750.0,22576,0.0,0.0
2022-04-27 00:00:00+09:00,11600.0,11850.0,11150.0,11850.0,13494,0.0,0.0
2022-04-28 00:00:00+09:00,11850.0,11950.0,11650.0,11950.0,4316,0.0,0.0
2022-04-29 00:00:00+09:00,12050.0,12050.0,11900.0,12000.0,8172,0.0,0.0
2022-05-03 00:00:00+09:00,12400.0,12400.0,11500.0,11650.0,32097,0.0,0.0
2022-05-04 00:00:00+09:00,11750.0,12500.0,11600.0,12200.0,46759,0.0,0.0
2022-05-06 00:00:00+09:00,11950.0,12200.0,11550.0,12050.0,10313,0.0,0.0
2022-05-10 00:00:00+09:00,11650.0,11800.0,11150.0,11500.0,11185,0.0,0.0
2022-05-11 00:00:00+09:00,11500.0,11700.0,11250.0,11250.0,7087,0.0,0.0
2022-05-12 00:00:00+09:00,11400.0,11400.0,10550.0,10850.0,42893,0.0,0.0
2022-05-13 00:00:00+09:00,10650.0,11200.0,10550.0,11100.0,26944,0.0,0.0
2022-05-16 00:00:00+09:00,11300.0,11400.0,11100.0,11300.0,8026,0.0,0.0
2022-05-17 00:00:00+09:00,11200.0,11500.0,10950.0,11450.0,17319,0.0,0.0
2022-05-18 00:00:00+09:00,11200.0,11350.0,10400.0,10450.0,94122,0.0,0.0
2022-05-19 00:00:00+09:00,10250.0,10450.0,10100.0,10350.0,29807,0.0,0.0
2022-05-20 00:00:00+09:00,10300.0,10550.0,10250.0,10400.0,9334,0.0,0.0
2022-05-23 00:00:00+09:00,10400.0,10550.0,10150.0,10300.0,18890,0.0,0.0
2022-05-24 00:00:00+09:00,10300.0,10350.0,10200.0,10250.0,3005,0.0,0.0
2022-05-25 00:00:00+09:00,10150.0,10500.0,9850.0,9900.0,84493,0.0,0.0
2022-05-26 00:00:00+09:00,9900.0,10200.0,9870.0,9950.0,16198,0.0,0.0
2022-05-27 00:00:00+09:00,9950.0,10100.0,9900.0,9950.0,8799,0.0,0.0
2022-05-30 00:00:00+09:00,9950.0,10900.0,9900.0,10650.0,24293,0.0,0.0
2022-05-31 00:00:00+09:00,10650.0,11200.0,10550.0,10950.0,15487,0.0,0.0
2022-06-02 00:00:00+09:00,10900.0,11050.0,10750.0,10900.0,12936,0.0,0.0
2022-06-03 00:00:00+09:00,10750.0,11050.0,10750.0,10900.0,8150,0.0,0.0
2022-06-07 00:00:00+09:00,10700.0,10900.0,10600.0,10700.0,5762,0.0,0.0
2022-06-08 00:00:00+09:00,10600.0,10900.0,10600.0,10900.0,4822,0.0,0.0
2022-06-09 00:00:00+09:00,10750.0,10950.0,10650.0,10950.0,9362,0.0,0.0
2022-06-10 00:00:00+09:00,10750.0,11000.0,10700.0,11000.0,14533,0.0,0.0
2022-06-13 00:00:00+09:00,10600.0,11000.0,10550.0,10900.0,9279,0.0,0.0
2022-06-14 00:00:00+09:00,10850.0,10900.0,10400.0,10900.0,22080,0.0,0.0
2022-06-15 00:00:00+09:00,10650.0,10850.0,10300.0,10700.0,55477,0.0,0.0
2022-06-16 00:00:00+09:00,10700.0,11100.0,10600.0,10800.0,24834,0.0,0.0
2022-06-17 00:00:00+09:00,10400.0,10700.0,10300.0,10700.0,4349,0.0,0.0
2022-06-20 00:00:00+09:00,10600.0,10700.0,10150.0,10500.0,6797,0.0,0.0
2022-06-21 00:00:00+09:00,10300.0,10650.0,10300.0,10500.0,3267,0.0,0.0
2022-06-22 00:00:00+09:00,10500.0,10500.0,9790.0,10500.0,22354,0.0,0.0
2022-06-23 00:00:00+09:00,10450.0,10450.0,9760.0,9850.0,16241,0.0,0.0
2022-06-24 00:00:00+09:00,9850.0,10300.0,9810.0,10050.0,4679,0.0,0.0
2022-06-27 00:00:00+09:00,10050.0,10550.0,10050.0,10350.0,3862,0.0,0.0
2022-06-28 00:00:00+09:00,10350.0,10550.0,10150.0,10250.0,1214,0.0,0.0
2022-06-29 00:00:00+09:00,10000.0,10100.0,9890.0,9980.0,2616,0.0,0.0
2022-06-30 00:00:00+09:00,9990.0,9990.0,9810.0,9970.0,2783,0.0,0.0
2022-07-01 00:00:00+09:00,9900.0,10100.0,9690.0,10100.0,8017,0.0,0.0
2022-07-04 00:00:00+09:00,9820.0,10150.0,9810.0,10150.0,3707,0.0,0.0
2022-07-05 00:00:00+09:00,10000.0,10050.0,9940.0,10000.0,6498,0.0,0.0
2022-07-06 00:00:00+09:00,9990.0,10500.0,9950.0,10500.0,18937,0.0,0.0
2022-07-07 00:00:00+09:00,10600.0,10700.0,9860.0,10450.0,62665,0.0,0.0
2022-07-08 00:00:00+09:00,10450.0,10750.0,10200.0,10450.0,13505,0.0,0.0
2022-07-11 00:00:00+09:00,10300.0,10350.0,10000.0,10100.0,24459,0.0,0.0
2022-07-12 00:00:00+09:00,10050.0,10100.0,9810.0,9970.0,8878,0.0,0.0
2022-07-13 00:00:00+09:00,9950.0,9960.0,9750.0,9900.0,5771,0.0,0.0
2022-07-14 00:00:00+09:00,9800.0,9970.0,9750.0,9950.0,3784,0.0,0.0
2022-07-15 00:00:00+09:00,10000.0,10000.0,9850.0,9980.0,1398,0.0,0.0
2022-07-18 00:00:00+09:00,9950.0,10000.0,9870.0,9960.0,2428,0.0,0.0
2022-07-19 00:00:00+09:00,9960.0,10050.0,9830.0,9950.0,3971,0.0,0.0
2022-07-20 00:00:00+09:00,9990.0,10000.0,9890.0,9950.0,1785,0.0,0.0
2022-07-21 00:00:00+09:00,9950.0,10000.0,9910.0,9950.0,2427,0.0,0.0
2022-07-22 00:00:00+09:00,10000.0,10500.0,9950.0,10050.0,21922,0.0,0.0
2022-07-25 00:00:00+09:00,9970.0,10050.0,9950.0,10050.0,3154,0.0,0.0
2022-07-26 00:00:00+09:00,9950.0,10100.0,9860.0,10050.0,13130,0.0,0.0
2022-07-27 00:00:00+09:00,10100.0,10100.0,9700.0,9970.0,23775,0.0,0.0
2022-07-28 00:00:00+09:00,9970.0,9970.0,9800.0,9930.0,12832,0.0,0.0
2022-07-29 00:00:00+09:00,9930.0,9960.0,9840.0,9960.0,4678,0.0,0.0
2022-08-01 00:00:00+09:00,9970.0,9980.0,9810.0,9980.0,3364,0.0,0.0
2022-08-02 00:00:00+09:00,9990.0,10000.0,9900.0,10000.0,3549,0.0,0.0
2022-08-03 00:00:00+09:00,10050.0,10050.0,9870.0,9970.0,4946,0.0,0.0
2022-08-04 00:00:00+09:00,10050.0,10100.0,9930.0,9970.0,7192,0.0,0.0
2022-08-05 00:00:00+09:00,10050.0,10050.0,9970.0,9980.0,962,0.0,0.0
2022-08-08 00:00:00+09:00,10000.0,10000.0,9860.0,9940.0,7484,0.0,0.0
2022-08-09 00:00:00+09:00,9880.0,10050.0,9880.0,9980.0,2067,0.0,0.0
2022-08-10 00:00:00+09:00,10000.0,10000.0,9880.0,9960.0,4356,0.0,0.0
2022-08-11 00:00:00+09:00,9930.0,9950.0,9830.0,9930.0,6939,0.0,0.0
2022-08-12 00:00:00+09:00,9920.0,9920.0,9830.0,9880.0,3899,0.0,0.0
2022-08-16 00:00:00+09:00,9870.0,9880.0,9750.0,9840.0,3598,0.0,0.0
2022-08-17 00:00:00+09:00,9840.0,9840.0,9740.0,9780.0,3277,0.0,0.0
2022-08-18 00:00:00+09:00,9690.0,9700.0,9460.0,9700.0,14592,0.0,0.0
2022-08-19 00:00:00+09:00,9690.0,9900.0,9540.0,9720.0,3590,0.0,0.0
2022-08-22 00:00:00+09:00,9470.0,9700.0,9470.0,9630.0,5227,0.0,0.0
2022-08-23 00:00:00+09:00,9400.0,9600.0,9400.0,9590.0,4195,0.0,0.0
2022-08-24 00:00:00+09:00,9590.0,9660.0,9500.0,9660.0,4807,0.0,0.0
2022-08-25 00:00:00+09:00,9750.0,9750.0,9360.0,9500.0,24132,0.0,0.0
2022-08-26 00:00:00+09:00,9580.0,9870.0,9480.0,9800.0,47310,0.0,0.0
2022-08-29 00:00:00+09:00,9800.0,10050.0,9410.0,9980.0,17129,0.0,0.0
2022-08-30 00:00:00+09:00,9850.0,9950.0,9690.0,9930.0,8467,0.0,0.0
2022-08-31 00:00:00+09:00,9930.0,9990.0,9800.0,9950.0,9139,0.0,0.0
2022-09-01 00:00:00+09:00,9950.0,9950.0,9660.0,9890.0,4979,0.0,0.0
2022-09-02 00:00:00+09:00,9800.0,9810.0,9610.0,9770.0,14618,0.0,0.0
2022-09-05 00:00:00+09:00,9670.0,9990.0,9600.0,9890.0,15195,0.0,0.0
2022-09-06 00:00:00+09:00,9890.0,9960.0,9740.0,9940.0,4069,0.0,0.0
2022-09-07 00:00:00+09:00,9950.0,9990.0,9730.0,9970.0,16270,0.0,0.0
2022-09-08 00:00:00+09:00,9900.0,10300.0,9900.0,10100.0,22999,0.0,0.0
2022-09-13 00:00:00+09:00,10100.0,10400.0,10000.0,10300.0,3967,0.0,0.0
2022-09-14 00:00:00+09:00,10650.0,13350.0,10300.0,13350.0,794216,0.0,0.0
2022-09-15 00:00:00+09:00,13100.0,13800.0,12550.0,13400.0,491712,0.0,0.0
2022-09-16 00:00:00+09:00,13100.0,13650.0,12800.0,13600.0,134666,0.0,0.0
2022-09-19 00:00:00+09:00,13300.0,14050.0,13200.0,14050.0,56657,0.0,0.0
2022-09-20 00:00:00+09:00,14300.0,14850.0,14100.0,14850.0,116969,0.0,0.0
2022-09-21 00:00:00+09:00,15750.0,15850.0,14500.0,14500.0,151789,0.0,0.0
2022-09-22 00:00:00+09:00,13650.0,13950.0,12600.0,13500.0,198693,0.0,0.0
2022-09-23 00:00:00+09:00,13200.0,13200.0,12200.0,12800.0,99292,0.0,0.0
2022-09-26 00:00:00+09:00,12500.0,12500.0,11800.0,12250.0,44045,0.0,0.0
2022-09-27 00:00:00+09:00,12150.0,12450.0,11600.0,11900.0,40422,0.0,0.0
2022-09-28 00:00:00+09:00,11800.0,13950.0,11450.0,11950.0,288214,0.0,0.0
2022-09-29 00:00:00+09:00,12250.0,13250.0,11800.0,12750.0,157570,0.0,0.0
2022-09-30 00:00:00+09:00,12550.0,13550.0,12150.0,12850.0,126725,0.0,0.0
2022-10-04 00:00:00+09:00,12900.0,13700.0,12250.0,12550.0,83361,0.0,0.0
2022-10-05 00:00:00+09:00,12550.0,12600.0,11700.0,11700.0,80516,0.0,0.0
2022-10-06 00:00:00+09:00,11600.0,12350.0,11600.0,12300.0,38235,0.0,0.0
2022-10-07 00:00:00+09:00,12150.0,12350.0,11750.0,12000.0,27230,0.0,0.0
2022-10-11 00:00:00+09:00,11900.0,11900.0,10750.0,10950.0,61581,0.0,0.0
2022-10-12 00:00:00+09:00,10750.0,11100.0,10050.0,10550.0,60704,0.0,0.0
2022-10-13 00:00:00+09:00,10500.0,10650.0,10000.0,10200.0,25836,0.0,0.0
2022-10-14 00:00:00+09:00,10200.0,10850.0,10200.0,10800.0,10259,0.0,0.0
2022-10-17 00:00:00+09:00,10700.0,10750.0,10300.0,10750.0,13963,0.0,0.0
2022-10-18 00:00:00+09:00,10800.0,11050.0,10350.0,10700.0,19407,0.0,0.0
2022-10-19 00:00:00+09:00,10700.0,11000.0,10500.0,10900.0,10613,0.0,0.0
2022-10-20 00:00:00+09:00,10900.0,11300.0,10700.0,11300.0,7653,0.0,0.0
2022-10-21 00:00:00+09:00,11300.0,11300.0,10650.0,11100.0,15355,0.0,0.0
2022-10-24 00:00:00+09:00,11100.0,11250.0,10900.0,11200.0,11279,0.0,0.0
2022-10-25 00:00:00+09:00,11100.0,11100.0,10700.0,11050.0,9892,0.0,0.0
2022-10-26 00:00:00+09:00,11000.0,11000.0,10700.0,11000.0,10915,0.0,0.0
2022-10-27 00:00:00+09:00,10950.0,11350.0,10900.0,11300.0,4298,0.0,0.0
2022-10-28 00:00:00+09:00,11200.0,11200.0,10900.0,11100.0,4143,0.0,0.0
2022-10-31 00:00:00+09:00,11100.0,11100.0,10550.0,10700.0,26021,0.0,0.0
2022-11-01 00:00:00+09:00,10700.0,10850.0,10400.0,10750.0,11862,0.0,0.0
2022-11-02 00:00:00+09:00,10750.0,10850.0,10550.0,10800.0,7230,0.0,0.0
2022-11-03 00:00:00+09:00,10550.0,10900.0,10500.0,10850.0,5961,0.0,0.0
2022-11-04 00:00:00+09:00,10900.0,11250.0,10700.0,10950.0,8378,0.0,0.0
2022-11-07 00:00:00+09:00,10850.0,11000.0,10800.0,11000.0,2212,0.0,0.0
2022-11-08 00:00:00+09:00,11000.0,11000.0,10700.0,10900.0,13328,0.0,0.0
2022-11-09 00:00:00+09:00,10900.0,10900.0,10650.0,10750.0,8033,0.0,0.0
2022-11-10 00:00:00+09:00,10750.0,11050.0,10550.0,11000.0,11247,0.0,0.0
2022-11-11 00:00:00+09:00,11000.0,11050.0,10750.0,11000.0,13731,0.0,0.0
2022-11-14 00:00:00+09:00,11000.0,11050.0,10800.0,11050.0,5581,0.0,0.0
2022-11-15 00:00:00+09:00,11050.0,11100.0,10800.0,11050.0,7154,0.0,0.0
2022-11-16 00:00:00+09:00,11150.0,11900.0,10950.0,11900.0,27350,0.0,0.0
2022-11-17 00:00:00+09:00,11900.0,12000.0,11700.0,11900.0,8975,0.0,0.0
2022-11-18 00:00:00+09:00,11750.0,12400.0,11750.0,12400.0,11630,0.0,0.0
2022-11-21 00:00:00+09:00,12550.0,12550.0,11950.0,12300.0,14291,0.0,0.0
2022-11-22 00:00:00+09:00,12150.0,12450.0,11950.0,12400.0,25662,0.0,0.0
2022-11-23 00:00:00+09:00,12300.0,13300.0,12200.0,13200.0,29712,0.0,0.0
2022-11-24 00:00:00+09:00,13350.0,13400.0,12800.0,13100.0,10022,0.0,0.0
2022-11-25 00:00:00+09:00,13050.0,13050.0,12800.0,13000.0,5245,0.0,0.0
2022-11-28 00:00:00+09:00,12950.0,13450.0,12750.0,13200.0,58194,0.0,0.0
2022-11-29 00:00:00+09:00,13100.0,14000.0,13050.0,13950.0,38902,0.0,0.0
2022-11-30 00:00:00+09:00,13950.0,14200.0,13750.0,14150.0,17677,0.0,0.0
2022-12-01 00:00:00+09:00,14250.0,14400.0,13750.0,14000.0,24957,0.0,0.0
2022-12-02 00:00:00+09:00,14000.0,14800.0,13850.0,14300.0,28848,0.0,0.0
2022-12-05 00:00:00+09:00,14050.0,14300.0,14050.0,14250.0,15712,0.0,0.0
2022-12-06 00:00:00+09:00,14200.0,14800.0,14000.0,14350.0,16949,0.0,0.0
2022-12-07 00:00:00+09:00,14650.0,14700.0,14300.0,14650.0,14110,0.0,0.0
2022-12-08 00:00:00+09:00,14650.0,14650.0,14250.0,14500.0,17694,0.0,0.0
2022-12-09 00:00:00+09:00,14500.0,14750.0,14050.0,14700.0,89119,0.0,0.0
2022-12-12 00:00:00+09:00,14900.0,15150.0,14550.0,15000.0,33711,0.0,0.0
2022-12-13 00:00:00+09:00,14850.0,15000.0,14500.0,14650.0,15271,0.0,0.0
2022-12-14 00:00:00+09:00,14650.0,15000.0,14300.0,14850.0,47594,0.0,0.0
2022-12-15 00:00:00+09:00,14900.0,15050.0,14600.0,15000.0,13964,0.0,0.0
2022-12-16 00:00:00+09:00,14550.0,15050.0,14550.0,14900.0,25537,0.0,0.0
2022-12-19 00:00:00+09:00,14750.0,14750.0,14200.0,14200.0,16717,0.0,0.0
2022-12-20 00:00:00+09:00,14200.0,14350.0,13150.0,14100.0,52359,0.0,0.0
2022-12-21 00:00:00+09:00,13950.0,13950.0,13450.0,13500.0,25383,0.0,0.0
2022-12-22 00:00:00+09:00,13650.0,13850.0,13400.0,13450.0,26572,0.0,0.0
2022-12-23 00:00:00+09:00,13550.0,13750.0,13250.0,13500.0,48048,0.0,0.0
2022-12-26 00:00:00+09:00,13500.0,13700.0,13000.0,13200.0,45015,0.0,0.0
2022-12-27 00:00:00+09:00,13300.0,14700.0,12850.0,12850.0,117789,0.0,0.0
2022-12-28 00:00:00+09:00,13100.0,13200.0,11800.0,11800.0,37649,0.0,0.0
2022-12-29 00:00:00+09:00,11750.0,12400.0,11150.0,12250.0,34615,0.0,0.0
2023-01-02 00:00:00+09:00,12150.0,12250.0,11700.0,11750.0,5337,0.0,0.0
2023-01-03 00:00:00+09:00,11700.0,12350.0,11300.0,11800.0,13092,0.0,0.0
2023-01-04 00:00:00+09:00,11800.0,12450.0,11800.0,12300.0,5127,0.0,0.0
2023-01-05 00:00:00+09:00,12450.0,12800.0,12100.0,12150.0,4754,0.0,0.0
2023-01-06 00:00:00+09:00,12000.0,12400.0,12000.0,12300.0,2681,0.0,0.0
2023-01-09 00:00:00+09:00,12300.0,12750.0,12250.0,12500.0,3383,0.0,0.0
2023-01-10 00:00:00+09:00,12600.0,12800.0,12400.0,12400.0,2550,0.0,0.0
2023-01-11 00:00:00+09:00,12400.0,13150.0,12200.0,12950.0,7853,0.0,0.0
2023-01-12 00:00:00+09:00,13000.0,13050.0,12700.0,12800.0,1267,0.0,0.0
2023-01-13 00:00:00+09:00,12800.0,13000.0,12650.0,12700.0,1044,0.0,0.0
2023-01-16 00:00:00+09:00,12650.0,13200.0,12650.0,12950.0,5032,0.0,0.0
2023-01-17 00:00:00+09:00,13200.0,13250.0,12900.0,13050.0,5276,0.0,0.0
2023-01-18 00:00:00+09:00,13050.0,14300.0,13000.0,13500.0,31204,0.0,0.0
2023-01-19 00:00:00+09:00,13500.0,13850.0,13350.0,13450.0,11161,0.0,0.0
2023-01-20 00:00:00+09:00,13450.0,14100.0,13450.0,13800.0,5482,0.0,0.0
2023-01-25 00:00:00+09:00,14360.0,14360.0,13700.0,13700.0,37077,0.0,0.0
2023-01-26 00:00:00+09:00,13810.0,13890.0,13450.0,13700.0,22187,0.0,0.0
2023-01-27 00:00:00+09:00,14010.0,14530.0,13420.0,13760.0,65359,0.0,0.0
2023-01-30 00:00:00+09:00,14020.0,14900.0,13700.0,14790.0,98306,0.0,0.0
2023-01-31 00:00:00+09:00,14930.0,14970.0,14030.0,14280.0,49130,0.0,0.0
2023-02-01 00:00:00+09:00,14260.0,14740.0,13670.0,14730.0,55434,0.0,0.0
2023-02-02 00:00:00+09:00,14500.0,15200.0,14400.0,14730.0,85865,0.0,0.0
2023-02-03 00:00:00+09:00,14670.0,15850.0,13350.0,13360.0,297840,0.0,0.0
2023-02-06 00:00:00+09:00,13260.0,13260.0,12770.0,13060.0,41896,0.0,0.0
2023-02-07 00:00:00+09:00,13150.0,13300.0,12900.0,13080.0,54916,0.0,0.0
2023-02-08 00:00:00+09:00,13320.0,17000.0,13040.0,16370.0,2624096,0.0,0.0
2023-02-09 00:00:00+09:00,15800.0,16100.0,15140.0,15960.0,1184838,0.0,0.0
2023-02-10 00:00:00+09:00,15800.0,17130.0,15510.0,16250.0,1373482,0.0,0.0
2023-02-13 00:00:00+09:00,16150.0,16150.0,15010.0,15500.0,620718,0.0,0.0
2023-02-14 00:00:00+09:00,15640.0,15850.0,14900.0,14970.0,395812,0.0,0.0
2023-02-15 00:00:00+09:00,14810.0,14960.0,13900.0,14030.0,274182,0.0,0.0
2023-02-16 00:00:00+09:00,14030.0,14220.0,13680.0,13790.0,114259,0.0,0.0
2023-02-17 00:00:00+09:00,13650.0,14590.0,13290.0,13910.0,243654,0.0,0.0
2023-02-20 00:00:00+09:00,13900.0,15000.0,13470.0,13640.0,445077,0.0,0.0
2023-02-21 00:00:00+09:00,13570.0,16100.0,13410.0,14200.0,1811281,0.0,0.0
2023-02-22 00:00:00+09:00,13730.0,13950.0,13150.0,13230.0,261925,0.0,0.0
2023-02-23 00:00:00+09:00,13340.0,13870.0,13230.0,13600.0,153747,0.0,0.0
2023-02-24 00:00:00+09:00,13600.0,14180.0,13290.0,13680.0,135396,0.0,0.0
2023-02-27 00:00:00+09:00,13710.0,14170.0,13650.0,14080.0,97828,0.0,0.0
2023-02-28 00:00:00+09:00,14120.0,14130.0,13680.0,13680.0,77602,0.0,0.0
2023-03-02 00:00:00+09:00,13680.0,13950.0,13510.0,13660.0,84112,0.0,0.0
2023-03-03 00:00:00+09:00,13700.0,13700.0,13200.0,13230.0,69218,0.0,0.0
2023-03-06 00:00:00+09:00,13310.0,13320.0,12910.0,12930.0,64693,0.0,0.0
2023-03-07 00:00:00+09:00,13040.0,13040.0,12670.0,12900.0,74647,0.0,0.0
2023-03-08 00:00:00+09:00,12760.0,13120.0,12550.0,12840.0,64777,0.0,0.0
2023-03-09 00:00:00+09:00,13100.0,13100.0,12640.0,12780.0,34258,0.0,0.0
2023-03-10 00:00:00+09:00,12610.0,13600.0,12560.0,12790.0,104771,0.0,0.0
2023-03-13 00:00:00+09:00,12900.0,13720.0,12880.0,13400.0,114713,0.0,0.0
2023-03-14 00:00:00+09:00,13800.0,13800.0,12520.0,12600.0,72976,0.0,0.0
2023-03-15 00:00:00+09:00,12790.0,13420.0,12610.0,13180.0,83158,0.0,0.0
2023-03-16 00:00:00+09:00,13180.0,13190.0,12560.0,12700.0,66327,0.0,0.0
2023-03-17 00:00:00+09:00,12870.0,13610.0,12810.0,13500.0,78303,0.0,0.0
2023-03-20 00:00:00+09:00,13700.0,14350.0,13470.0,13540.0,274808,0.0,0.0
2023-03-21 00:00:00+09:00,13800.0,14050.0,13400.0,13410.0,60381,0.0,0.0
2023-03-22 00:00:00+09:00,13470.0,14000.0,13370.0,13880.0,71588,0.0,0.0
2023-03-23 00:00:00+09:00,13750.0,13910.0,12900.0,13200.0,131499,0.0,0.0
2023-03-24 00:00:00+09:00,13200.0,13580.0,12800.0,13500.0,66725,0.0,0.0
2023-03-27 00:00:00+09:00,13600.0,13700.0,13070.0,13460.0,116170,0.0,0.0
2023-03-28 00:00:00+09:00,13230.0,13400.0,13050.0,13100.0,48781,0.0,0.0
2023-03-29 00:00:00+09:00,13140.0,13350.0,12760.0,12900.0,91878,0.0,0.0
2023-03-30 00:00:00+09:00,12860.0,13230.0,12710.0,12730.0,90304,0.0,0.0
2023-03-31 00:00:00+09:00,12680.0,12770.0,12330.0,12630.0,67398,0.0,0.0
2023-04-03 00:00:00+09:00,12700.0,13030.0,12640.0,12870.0,68120,0.0,0.0
2023-04-04 00:00:00+09:00,12900.0,13080.0,12600.0,12700.0,58703,0.0,0.0
2023-04-05 00:00:00+09:00,12700.0,12700.0,12310.0,12420.0,53595,0.0,0.0
2023-04-06 00:00:00+09:00,12400.0,12400.0,12220.0,12300.0,42266,0.0,0.0
2023-04-07 00:00:00+09:00,12320.0,12400.0,12090.0,12200.0,33225,0.0,0.0
2023-04-10 00:00:00+09:00,12230.0,12460.0,11500.0,11650.0,61958,0.0,0.0
2023-04-11 00:00:00+09:00,11600.0,12120.0,11550.0,12080.0,33327,0.0,0.0
2023-04-12 00:00:00+09:00,12080.0,12250.0,12030.0,12080.0,18218,0.0,0.0
2023-04-13 00:00:00+09:00,12050.0,12050.0,11810.0,12030.0,25498,0.0,0.0
2023-04-14 00:00:00+09:00,12110.0,12600.0,12040.0,12200.0,34903,0.0,0.0
2023-04-17 00:00:00+09:00,12280.0,12500.0,11800.0,12000.0,16426,0.0,0.0
2023-04-18 00:00:00+09:00,12000.0,12000.0,11630.0,11650.0,31413,0.0,0.0
2023-04-19 00:00:00+09:00,11660.0,11900.0,11600.0,11770.0,14659,0.0,0.0
2023-04-20 00:00:00+09:00,11910.0,12000.0,11460.0,11820.0,40006,0.0,0.0
2023-04-21 00:00:00+09:00,11720.0,11900.0,11480.0,11840.0,33602,0.0,0.0
2023-04-24 00:00:00+09:00,11880.0,11880.0,11500.0,11510.0,18189,0.0,0.0
2023-04-25 00:00:00+09:00,11550.0,11730.0,11200.0,11580.0,55627,0.0,0.0
2023-04-26 00:00:00+09:00,11320.0,11700.0,11300.0,11500.0,17761,0.0,0.0
2023-04-27 00:00:00+09:00,11500.0,11950.0,11450.0,11900.0,19592,0.0,0.0
2023-04-28 00:00:00+09:00,11800.0,12300.0,11710.0,12100.0,48877,0.0,0.0
2023-05-02 00:00:00+09:00,12000.0,12390.0,11940.0,12300.0,20042,0.0,0.0
2023-05-03 00:00:00+09:00,12140.0,12390.0,12140.0,12360.0,9334,0.0,0.0
2023-05-04 00:00:00+09:00,12240.0,12490.0,12150.0,12350.0,20828,0.0,0.0
2023-05-08 00:00:00+09:00,12450.0,12640.0,12370.0,12440.0,33457,0.0,0.0
2023-05-09 00:00:00+09:00,12530.0,12830.0,12310.0,12760.0,30298,0.0,0.0
2023-05-10 00:00:00+09:00,12640.0,12890.0,12630.0,12790.0,15614,0.0,0.0
2023-05-11 00:00:00+09:00,12780.0,13200.0,12710.0,12870.0,44012,0.0,0.0
2023-05-12 00:00:00+09:00,13170.0,13170.0,12700.0,12710.0,13433,0.0,0.0
2023-05-15 00:00:00+09:00,12600.0,12640.0,12300.0,12370.0,11610,0.0,0.0
2023-05-16 00:00:00+09:00,12260.0,12510.0,12110.0,12270.0,6228,0.0,0.0
2023-05-17 00:00:00+09:00,12730.0,12730.0,12210.0,12280.0,7699,0.0,0.0
2023-05-18 00:00:00+09:00,12340.0,12400.0,12260.0,12320.0,5440,0.0,0.0
2023-05-19 00:00:00+09:00,12330.0,13200.0,12320.0,13000.0,56605,0.0,0.0
2023-05-22 00:00:00+09:00,12840.0,13270.0,12840.0,13150.0,32801,0.0,0.0
2023-05-23 00:00:00+09:00,13150.0,13510.0,12950.0,13190.0,21912,0.0,0.0
2023-05-24 00:00:00+09:00,13190.0,13190.0,12870.0,12870.0,11933,0.0,0.0
2023-05-25 00:00:00+09:00,12870.0,13100.0,12600.0,12850.0,5626,0.0,0.0
2023-05-26 00:00:00+09:00,12850.0,13040.0,12720.0,12720.0,6630,0.0,0.0
2023-05-30 00:00:00+09:00,12720.0,12840.0,12480.0,12480.0,15525,0.0,0.0
2023-05-31 00:00:00+09:00,12770.0,12770.0,12370.0,12580.0,12839,0.0,0.0
2023-06-01 00:00:00+09:00,12700.0,12700.0,12350.0,12640.0,8238,0.0,0.0
2023-06-02 00:00:00+09:00,12580.0,12590.0,12460.0,12560.0,5801,0.0,0.0
2023-06-05 00:00:00+09:00,12560.0,12630.0,12410.0,12480.0,3329,0.0,0.0
2023-06-07 00:00:00+09:00,12510.0,12850.0,12400.0,12430.0,26253,0.0,0.0
2023-06-08 00:00:00+09:00,12450.0,12570.0,12330.0,12400.0,5462,0.0,0.0
2023-06-09 00:00:00+09:00,12500.0,12500.0,12100.0,12170.0,15318,0.0,0.0
2023-06-12 00:00:00+09:00,12170.0,12260.0,12070.0,12210.0,2796,0.0,0.0
2023-06-13 00:00:00+09:00,12080.0,12420.0,12050.0,12210.0,9345,0.0,0.0
2023-06-14 00:00:00+09:00,12380.0,12380.0,12110.0,12210.0,14783,0.0,0.0
2023-06-15 00:00:00+09:00,12210.0,12280.0,12070.0,12070.0,8397,0.0,0.0
2023-06-16 00:00:00+09:00,12070.0,12200.0,11500.0,11910.0,19387,0.0,0.0
2023-06-19 00:00:00+09:00,12200.0,12200.0,11500.0,11520.0,22321,0.0,0.0
2023-06-20 00:00:00+09:00,11510.0,11600.0,11410.0,11590.0,6305,0.0,0.0
2023-06-21 00:00:00+09:00,11760.0,11840.0,11490.0,11780.0,18422,0.0,0.0
2023-06-22 00:00:00+09:00,11780.0,12000.0,11590.0,11700.0,12628,0.0,0.0
2023-06-23 00:00:00+09:00,11700.0,12010.0,11700.0,11850.0,19795,0.0,0.0
2023-06-26 00:00:00+09:00,11590.0,12050.0,11320.0,11790.0,12464,0.0,0.0
2023-06-27 00:00:00+09:00,11790.0,11840.0,11380.0,11400.0,14340,0.0,0.0
2023-06-28 00:00:00+09:00,11400.0,11530.0,11300.0,11500.0,10488,0.0,0.0
2023-06-29 00:00:00+09:00,11390.0,11950.0,11350.0,11880.0,10449,0.0,0.0
2023-06-30 00:00:00+09:00,12200.0,12200.0,11740.0,11930.0,4157,0.0,0.0
2023-07-03 00:00:00+09:00,11950.0,12000.0,11720.0,11960.0,6550,0.0,0.0
2023-07-04 00:00:00+09:00,11690.0,11950.0,11640.0,11730.0,6058,0.0,0.0
2023-07-05 00:00:00+09:00,11720.0,11720.0,11590.0,11700.0,6482,0.0,0.0
2023-07-06 00:00:00+09:00,11620.0,11880.0,11500.0,11700.0,8036,0.0,0.0
2023-07-07 00:00:00+09:00,11700.0,11700.0,11500.0,11510.0,4550,0.0,0.0
2023-07-10 00:00:00+09:00,11400.0,11580.0,11230.0,11500.0,14249,0.0,0.0
2023-07-12 00:00:00+09:00,11590.0,11750.0,11400.0,11650.0,3246,0.0,0.0
2023-07-13 00:00:00+09:00,11650.0,11780.0,11600.0,11710.0,10912,0.0,0.0
2023-07-14 00:00:00+09:00,11660.0,12000.0,11590.0,11770.0,8927,0.0,0.0
2023-07-17 00:00:00+09:00,11720.0,11720.0,11500.0,11600.0,2812,0.0,0.0
2023-07-18 00:00:00+09:00,11400.0,12530.0,11400.0,11900.0,15572,0.0,0.0
2023-07-19 00:00:00+09:00,11900.0,12140.0,11720.0,12090.0,5572,0.0,0.0
2023-07-20 00:00:00+09:00,14200.0,15570.0,12150.0,12210.0,280612,0.0,0.0
2023-07-21 00:00:00+09:00,12000.0,12350.0,11730.0,12070.0,40386,0.0,0.0
2023-07-24 00:00:00+09:00,11950.0,11990.0,11450.0,11830.0,27102,0.0,0.0
2023-07-25 00:00:00+09:00,11800.0,11910.0,11530.0,11610.0,11472,0.0,0.0
2023-07-26 00:00:00+09:00,11500.0,11820.0,11320.0,11590.0,26123,0.0,0.0
2023-07-27 00:00:00+09:00,11590.0,11820.0,11400.0,11530.0,4503,0.0,0.0
2023-07-28 00:00:00+09:00,11530.0,11740.0,11350.0,11710.0,7375,0.0,0.0
2023-07-31 00:00:00+09:00,11620.0,11830.0,11540.0,11820.0,4112,0.0,0.0
2023-08-01 00:00:00+09:00,11820.0,11860.0,11500.0,11800.0,12495,0.0,0.0
2023-08-02 00:00:00+09:00,11800.0,11820.0,11330.0,11350.0,10611,0.0,0.0
2023-08-03 00:00:00+09:00,11350.0,11350.0,11140.0,11190.0,10104,0.0,0.0
2023-08-04 00:00:00+09:00,11300.0,11690.0,11150.0,11300.0,8168,0.0,0.0
2023-08-07 00:00:00+09:00,11200.0,11290.0,10900.0,11090.0,12664,0.0,0.0
2023-08-08 00:00:00+09:00,11070.0,11070.0,10600.0,10690.0,5057,0.0,0.0
2023-08-09 00:00:00+09:00,10580.0,10750.0,10450.0,10610.0,5588,0.0,0.0
2023-08-10 00:00:00+09:00,10610.0,10720.0,10000.0,10420.0,8447,0.0,0.0
2023-08-11 00:00:00+09:00,10420.0,11470.0,10120.0,10840.0,8767,0.0,0.0
2023-08-14 00:00:00+09:00,10840.0,11470.0,10810.0,11100.0,4357,0.0,0.0
2023-08-16 00:00:00+09:00,10880.0,10990.0,10850.0,10900.0,7537,0.0,0.0
2023-08-17 00:00:00+09:00,10900.0,10900.0,10660.0,10700.0,16050,0.0,0.0
2023-08-18 00:00:00+09:00,10590.0,10700.0,10230.0,10300.0,7498,0.0,0.0
2023-08-21 00:00:00+09:00,10350.0,10930.0,10350.0,10700.0,3340,0.0,0.0
2023-08-22 00:00:00+09:00,10810.0,10910.0,10540.0,10900.0,5119,0.0,0.0
2023-08-23 00:00:00+09:00,10890.0,10980.0,10720.0,10970.0,1636,0.0,0.0
2023-08-24 00:00:00+09:00,10900.0,11060.0,10900.0,10980.0,2390,0.0,0.0
2023-08-25 00:00:00+09:00,11000.0,11020.0,10710.0,10860.0,13054,0.0,0.0
2023-08-28 00:00:00+09:00,10970.0,10970.0,10800.0,10800.0,8090,0.0,0.0
2023-08-29 00:00:00+09:00,10800.0,13790.0,10690.0,12190.0,736019,0.0,0.0
2023-08-30 00:00:00+09:00,11800.0,14150.0,10970.0,11600.0,595999,0.0,0.0
2023-08-31 00:00:00+09:00,11480.0,11850.0,11050.0,11130.0,98683,0.0,0.0
2023-09-01 00:00:00+09:00,11120.0,11340.0,11070.0,11130.0,18324,0.0,0.0
2023-09-04 00:00:00+09:00,11130.0,11180.0,10950.0,10950.0,14905,0.0,0.0
2023-09-05 00:00:00+09:00,10960.0,11840.0,10900.0,11100.0,28395,0.0,0.0
2023-09-06 00:00:00+09:00,11110.0,11420.0,11040.0,11260.0,11317,0.0,0.0
2023-09-07 00:00:00+09:00,11360.0,11830.0,11330.0,11350.0,40427,0.0,0.0
2023-09-08 00:00:00+09:00,11250.0,11700.0,11170.0,11360.0,23206,0.0,0.0
2023-09-11 00:00:00+09:00,11500.0,13300.0,11450.0,11890.0,241004,0.0,0.0
2023-09-12 00:00:00+09:00,11930.0,12890.0,11770.0,12800.0,105438,0.0,0.0
2023-09-13 00:00:00+09:00,12300.0,12730.0,11520.0,11790.0,92094,0.0,0.0
2023-09-14 00:00:00+09:00,11710.0,12040.0,11630.0,11780.0,28446,0.0,0.0
2023-09-15 00:00:00+09:00,11820.0,12250.0,11790.0,12160.0,19550,0.0,0.0
2023-09-18 00:00:00+09:00,12280.0,12550.0,11950.0,12430.0,20064,0.0,0.0
2023-09-19 00:00:00+09:00,12550.0,12900.0,12310.0,12540.0,25792,0.0,0.0
2023-09-20 00:00:00+09:00,12540.0,12910.0,12470.0,12750.0,18496,0.0,0.0
2023-09-21 00:00:00+09:00,12750.0,12830.0,12150.0,12480.0,25427,0.0,0.0
2023-09-22 00:00:00+09:00,12250.0,12550.0,12200.0,12200.0,9650,0.0,0.0
2023-09-25 00:00:00+09:00,12010.0,12330.0,11900.0,11900.0,18485,0.0,0.0
2023-09-26 00:00:00+09:00,11900.0,12590.0,11540.0,11970.0,18307,0.0,0.0
2023-09-27 00:00:00+09:00,11940.0,12500.0,11700.0,12380.0,10251,0.0,0.0
2023-10-04 00:00:00+09:00,12200.0,12240.0,11840.0,11850.0,5959,0.0,0.0
2023-10-05 00:00:00+09:00,11820.0,11880.0,11550.0,11670.0,4774,0.0,0.0
2023-10-06 00:00:00+09:00,11610.0,11820.0,11610.0,11640.0,1304,0.0,0.0
2023-10-10 00:00:00+09:00,11650.0,11790.0,11510.0,11600.0,2663,0.0,0.0
2023-10-11 00:00:00+09:00,11600.0,12100.0,11530.0,11650.0,2488,0.0,0.0
2023-10-12 00:00:00+09:00,11650.0,11770.0,11490.0,11630.0,5474,0.0,0.0
2023-10-13 00:00:00+09:00,11590.0,11670.0,11470.0,11470.0,2118,0.0,0.0
2023-10-16 00:00:00+09:00,11470.0,11480.0,11120.0,11210.0,2738,0.0,0.0
2023-10-17 00:00:00+09:00,11210.0,11560.0,11010.0,11210.0,2915,0.0,0.0
2023-10-18 00:00:00+09:00,11850.0,11850.0,11190.0,11490.0,4260,0.0,0.0
2023-10-19 00:00:00+09:00,11410.0,11470.0,11250.0,11450.0,1191,0.0,0.0
2023-10-20 00:00:00+09:00,11210.0,11590.0,11210.0,11510.0,7358,0.0,0.0
2023-10-23 00:00:00+09:00,11450.0,11450.0,11200.0,11210.0,9908,0.0,0.0
2023-10-24 00:00:00+09:00,11250.0,12370.0,11220.0,11440.0,16041,0.0,0.0
2023-10-25 00:00:00+09:00,11410.0,11620.0,11390.0,11570.0,1168,0.0,0.0
2023-10-26 00:00:00+09:00,11510.0,11550.0,11200.0,11500.0,14292,0.0,0.0
2023-10-27 00:00:00+09:00,11550.0,12200.0,11390.0,11770.0,5855,0.0,0.0
2023-10-30 00:00:00+09:00,11790.0,11790.0,11320.0,11340.0,3376,0.0,0.0
2023-10-31 00:00:00+09:00,11490.0,11650.0,11280.0,11650.0,1174,0.0,0.0
2023-11-01 00:00:00+09:00,11640.0,11640.0,11360.0,11360.0,1056,0.0,0.0
2023-11-02 00:00:00+09:00,11460.0,12000.0,11360.0,11440.0,2333,0.0,0.0
2023-11-03 00:00:00+09:00,11480.0,11510.0,11010.0,11180.0,1873,0.0,0.0
2023-11-06 00:00:00+09:00,11180.0,11600.0,11180.0,11240.0,2280,0.0,0.0
2023-11-07 00:00:00+09:00,11240.0,11490.0,11000.0,11000.0,2968,0.0,0.0
2023-11-08 00:00:00+09:00,10890.0,11400.0,10850.0,11100.0,3904,0.0,0.0
2023-11-09 00:00:00+09:00,11000.0,11100.0,10900.0,11040.0,424,0.0,0.0
2023-11-10 00:00:00+09:00,10930.0,11030.0,10520.0,10700.0,3210,0.0,0.0
2023-11-13 00:00:00+09:00,10700.0,10770.0,10110.0,10210.0,3519,0.0,0.0
2023-11-14 00:00:00+09:00,10210.0,11250.0,10210.0,10480.0,1637,0.0,0.0
2023-11-15 00:00:00+09:00,11150.0,11150.0,10480.0,10700.0,5398,0.0,0.0
2023-11-16 00:00:00+09:00,10670.0,11100.0,10550.0,10550.0,1510,0.0,0.0
2023-11-17 00:00:00+09:00,10950.0,11500.0,10510.0,11090.0,11066,0.0,0.0
2023-11-20 00:00:00+09:00,11060.0,11600.0,10960.0,11260.0,3118,0.0,0.0
2023-11-21 00:00:00+09:00,11200.0,11800.0,11190.0,11520.0,2554,0.0,0.0
2023-11-22 00:00:00+09:00,11670.0,12080.0,11530.0,11930.0,7681,0.0,0.0
2023-11-23 00:00:00+09:00,11930.0,12500.0,11860.0,11870.0,2641,0.0,0.0
2023-11-24 00:00:00+09:00,11870.0,12040.0,11860.0,12040.0,1898,0.0,0.0
2023-11-27 00:00:00+09:00,12000.0,12260.0,11570.0,11570.0,13796,0.0,0.0
2023-11-28 00:00:00+09:00,11560.0,11560.0,11110.0,11410.0,7954,0.0,0.0
2023-11-29 00:00:00+09:00,11300.0,11770.0,11290.0,11490.0,5910,0.0,0.0
2023-11-30 00:00:00+09:00,11320.0,11610.0,11320.0,11500.0,1528,0.0,0.0
2023-12-01 00:00:00+09:00,11420.0,11900.0,11420.0,11520.0,3832,0.0,0.0
2023-12-04 00:00:00+09:00,11520.0,12300.0,11520.0,12210.0,14264,0.0,0.0
2023-12-05 00:00:00+09:00,12180.0,12750.0,12170.0,12270.0,8270,0.0,0.0
2023-12-06 00:00:00+09:00,12280.0,12600.0,12220.0,12470.0,5925,0.0,0.0
2023-12-07 00:00:00+09:00,12470.0,12710.0,12470.0,12690.0,12260,0.0,0.0
2023-12-08 00:00:00+09:00,13000.0,13060.0,12400.0,12990.0,20572,0.0,0.0
2023-12-11 00:00:00+09:00,13040.0,13500.0,13020.0,13300.0,15489,0.0,0.0
2023-12-12 00:00:00+09:00,13400.0,13530.0,13250.0,13420.0,18809,0.0,0.0
2023-12-13 00:00:00+09:00,13680.0,13680.0,13320.0,13550.0,13054,0.0,0.0
2023-12-14 00:00:00+09:00,13550.0,14000.0,13300.0,13500.0,28701,0.0,0.0
2023-12-15 00:00:00+09:00,13400.0,13930.0,13400.0,13530.0,13536,0.0,0.0
2023-12-18 00:00:00+09:00,13500.0,13920.0,13370.0,13370.0,23692,0.0,0.0
2023-12-19 00:00:00+09:00,13330.0,14050.0,13320.0,14050.0,27767,0.0,0.0
2023-12-20 00:00:00+09:00,14200.0,15590.0,14200.0,15460.0,117969,0.0,0.0
2023-12-21 00:00:00+09:00,15380.0,16300.0,15220.0,15900.0,62330,0.0,0.0
2023-12-22 00:00:00+09:00,15680.0,17950.0,15580.0,17940.0,374062,0.0,0.0
2023-12-26 00:00:00+09:00,17940.0,18620.0,17940.0,18000.0,117441,0.0,0.0
2023-12-27 00:00:00+09:00,18200.0,18600.0,18150.0,18530.0,60218,0.0,0.0
2023-12-28 00:00:00+09:00,18340.0,18370.0,17000.0,17680.0,71456,0.0,0.0
2024-01-02 00:00:00+09:00,17100.0,17300.0,16060.0,16900.0,70321,0.0,0.0
2024-01-03 00:00:00+09:00,16790.0,17600.0,15730.0,17600.0,65860,0.0,0.0
2024-01-04 00:00:00+09:00,17040.0,17980.0,16570.0,17490.0,78374,0.0,0.0
2024-01-05 00:00:00+09:00,17280.0,17970.0,17280.0,17870.0,40577,0.0,0.0
2024-01-08 00:00:00+09:00,17710.0,17860.0,17000.0,17520.0,67962,0.0,0.0
2024-01-09 00:00:00+09:00,17520.0,18360.0,16920.0,17470.0,41254,0.0,0.0
2024-01-10 00:00:00+09:00,17470.0,18600.0,17250.0,18120.0,178906,0.0,0.0
2024-01-11 00:00:00+09:00,18490.0,22400.0,17030.0,17990.0,399873,0.0,0.0
2024-01-12 00:00:00+09:00,17890.0,18180.0,16520.0,17990.0,58359,0.0,0.0
2024-01-15 00:00:00+09:00,17670.0,18340.0,16800.0,17550.0,74313,0.0,0.0
2024-01-16 00:00:00+09:00,17210.0,17550.0,16730.0,17200.0,93731,0.0,0.0
2024-01-17 00:00:00+09:00,17200.0,17800.0,15490.0,16510.0,42426,0.0,0.0
2024-01-18 00:00:00+09:00,16520.0,17400.0,16520.0,16990.0,39556,0.0,0.0
2024-01-19 00:00:00+09:00,17660.0,18700.0,17180.0,18160.0,116311,0.0,0.0
2024-01-22 00:00:00+09:00,18140.0,18290.0,17110.0,18070.0,70446,0.0,0.0
2024-01-23 00:00:00+09:00,18030.0,19000.0,17730.0,18430.0,92112,0.0,0.0
2024-01-24 00:00:00+09:00,18380.0,18850.0,17590.0,18160.0,66640,0.0,0.0
2024-01-25 00:00:00+09:00,18440.0,20250.0,17110.0,17870.0,387382,0.0,0.0
2024-01-26 00:00:00+09:00,17880.0,18460.0,15000.0,15800.0,194265,0.0,0.0
2024-01-29 00:00:00+09:00,15450.0,16490.0,14650.0,14990.0,86821,0.0,0.0
2024-01-30 00:00:00+09:00,15000.0,15750.0,14660.0,15450.0,28102,0.0,0.0
2024-01-31 00:00:00+09:00,15000.0,15450.0,13900.0,14110.0,58736,0.0,0.0
2024-02-01 00:00:00+09:00,14000.0,14520.0,13610.0,14290.0,23648,0.0,0.0
2024-02-02 00:00:00+09:00,14280.0,14900.0,13900.0,13940.0,20734,0.0,0.0
2024-02-05 00:00:00+09:00,13940.0,14300.0,13520.0,13900.0,34311,0.0,0.0
2024-02-06 00:00:00+09:00,13920.0,14190.0,13480.0,13650.0,36843,0.0,0.0
2024-02-07 00:00:00+09:00,13330.0,13640.0,12870.0,13150.0,38070,0.0,0.0
2024-02-08 00:00:00+09:00,13160.0,13480.0,12800.0,13480.0,29089,0.0,0.0
2024-02-13 00:00:00+09:00,13480.0,13700.0,13160.0,13360.0,18278,0.0,0.0
2024-02-14 00:00:00+09:00,13750.0,13800.0,13080.0,13740.0,5489,0.0,0.0
2024-02-15 00:00:00+09:00,13740.0,13970.0,13560.0,13580.0,8110,0.0,0.0
2024-02-16 00:00:00+09:00,14200.0,15610.0,13220.0,13350.0,126901,0.0,0.0
2024-02-19 00:00:00+09:00,13500.0,13770.0,13150.0,13420.0,18803,0.0,0.0
2024-02-20 00:00:00+09:00,13450.0,13640.0,13140.0,13510.0,16355,0.0,0.0
2024-02-21 00:00:00+09:00,13240.0,13670.0,13080.0,13580.0,20970,0.0,0.0
2024-02-22 00:00:00+09:00,13580.0,13600.0,12850.0,13170.0,24816,0.0,0.0
2024-02-23 00:00:00+09:00,13220.0,13220.0,12690.0,12800.0,22512,0.0,0.0
2024-02-26 00:00:00+09:00,12800.0,13190.0,12400.0,12530.0,19544,0.0,0.0
2024-02-27 00:00:00+09:00,12720.0,12720.0,12050.0,12050.0,18033,0.0,0.0
2024-02-28 00:00:00+09:00,12280.0,13000.0,12150.0,12760.0,14708,0.0,0.0
2024-02-29 00:00:00+09:00,13300.0,13300.0,11840.0,12600.0,20315,0.0,0.0
2024-03-04 00:00:00+09:00,12470.0,12560.0,12150.0,12360.0,5455,0.0,0.0
2024-03-05 00:00:00+09:00,12360.0,12360.0,11880.0,11900.0,10560,0.0,0.0
2024-03-06 00:00:00+09:00,11760.0,12200.0,11730.0,12000.0,7171,0.0,0.0
2024-03-07 00:00:00+09:00,12370.0,12370.0,11690.0,11720.0,17129,0.0,0.0
2024-03-08 00:00:00+09:00,12000.0,12500.0,11670.0,12350.0,26435,0.0,0.0
2024-03-11 00:00:00+09:00,12350.0,12690.0,12200.0,12310.0,8518,0.0,0.0
2024-03-12 00:00:00+09:00,12310.0,12310.0,11110.0,11780.0,33901,0.0,0.0
2024-03-13 00:00:00+09:00,12000.0,12680.0,11490.0,11760.0,16599,0.0,0.0
2024-03-14 00:00:00+09:00,12250.0,12350.0,11700.0,11770.0,19210,0.0,0.0
2024-03-15 00:00:00+09:00,11590.0,11950.0,11400.0,11710.0,14402,0.0,0.0
2024-03-18 00:00:00+09:00,11720.0,12090.0,11640.0,11900.0,14489,0.0,0.0
2024-03-19 00:00:00+09:00,11850.0,11900.0,11530.0,11880.0,17641,0.0,0.0
2024-03-20 00:00:00+09:00,11860.0,11890.0,11430.0,11480.0,13435,0.0,0.0
2024-03-21 00:00:00+09:00,11480.0,11670.0,11230.0,11440.0,10003,0.0,0.0
2024-03-22 00:00:00+09:00,11440.0,11810.0,11260.0,11420.0,12311,0.0,0.0
2024-03-25 00:00:00+09:00,11500.0,11800.0,11370.0,11500.0,8002,0.0,0.0
2024-03-26 00:00:00+09:00,11600.0,12000.0,11600.0,12000.0,7048,0.0,0.0
2024-03-27 00:00:00+09:00,12000.0,13460.0,11890.0,13400.0,75238,0.0,0.0
2024-03-28 00:00:00+09:00,12910.0,13800.0,12910.0,13460.0,32363,0.0,0.0
2024-03-29 00:00:00+09:00,13410.0,14590.0,13410.0,14500.0,49869,0.0,0.0
2024-04-01 00:00:00+09:00,14560.0,15600.0,14540.0,15480.0,62082,0.0,0.0
2024-04-02 00:00:00+09:00,15490.0,15490.0,14040.0,14260.0,52515,0.0,0.0
2024-04-03 00:00:00+09:00,14250.0,14700.0,13610.0,13970.0,10461,0.0,0.0
2024-04-04 00:00:00+09:00,14450.0,14450.0,13180.0,13180.0,17413,0.0,0.0
2024-04-05 00:00:00+09:00,13200.0,13550.0,12600.0,13540.0,15952,0.0,0.0
2024-04-08 00:00:00+09:00,13540.0,13540.0,13010.0,13070.0,8986,0.0,0.0
2024-04-09 00:00:00+09:00,13840.0,13840.0,13070.0,13400.0,5927,0.0,0.0
2024-04-11 00:00:00+09:00,13100.0,14950.0,12950.0,13710.0,45204,0.0,0.0
2024-04-12 00:00:00+09:00,13720.0,13980.0,13630.0,13640.0,9257,0.0,0.0
2024-04-15 00:00:00+09:00,14000.0,14000.0,12900.0,13230.0,20980,0.0,0.0
2024-04-16 00:00:00+09:00,13310.0,13310.0,12950.0,13060.0,9527,0.0,0.0
2024-04-17 00:00:00+09:00,13250.0,13680.0,13110.0,13260.0,15053,0.0,0.0
2024-04-18 00:00:00+09:00,13260.0,13290.0,12900.0,13250.0,11931,0.0,0.0
2024-04-19 00:00:00+09:00,13110.0,13240.0,12470.0,12770.0,21094,0.0,0.0
2024-04-22 00:00:00+09:00,12770.0,12770.0,12290.0,12290.0,9641,0.0,0.0
2024-04-23 00:00:00+09:00,12290.0,12410.0,12130.0,12250.0,6662,0.0,0.0
2024-04-24 00:00:00+09:00,12480.0,12480.0,12130.0,12190.0,4841,0.0,0.0
2024-04-25 00:00:00+09:00,12190.0,12190.0,11690.0,11870.0,24619,0.0,0.0
2024-04-26 00:00:00+09:00,11900.0,12120.0,11650.0,11980.0,31210,0.0,0.0
2024-04-29 00:00:00+09:00,11980.0,12150.0,11980.0,11980.0,17616,0.0,0.0
2024-04-30 00:00:00+09:00,12150.0,12600.0,11970.0,12390.0,11474,0.0,0.0
2024-05-02 00:00:00+09:00,12390.0,12390.0,12070.0,12200.0,13733,0.0,0.0
2024-05-03 00:00:00+09:00,12500.0,12650.0,12080.0,12210.0,12070,0.0,0.0
2024-05-07 00:00:00+09:00,12210.0,12300.0,12120.0,12180.0,10750,0.0,0.0
2024-05-08 00:00:00+09:00,12100.0,12430.0,12010.0,12400.0,6904,0.0,0.0
2024-05-09 00:00:00+09:00,12460.0,12460.0,12210.0,12210.0,5266,0.0,0.0
2024-05-10 00:00:00+09:00,12320.0,12350.0,12210.0,12220.0,8997,0.0,0.0
2024-05-13 00:00:00+09:00,12500.0,15000.0,12350.0,13160.0,137245,0.0,0.0
2024-05-14 00:00:00+09:00,13200.0,13990.0,13200.0,13310.0,50117,0.0,0.0
2024-05-16 00:00:00+09:00,13340.0,13470.0,13020.0,13250.0,24726,0.0,0.0
2024-05-17 00:00:00+09:00,13250.0,13920.0,13240.0,13780.0,44167,0.0,0.0
2024-05-20 00:00:00+09:00,13800.0,14360.0,13800.0,14130.0,38931,0.0,0.0
2024-05-21 00:00:00+09:00,14130.0,14340.0,13710.0,14030.0,20058,0.0,0.0
2024-05-22 00:00:00+09:00,14280.0,14530.0,13870.0,14120.0,9348,0.0,0.0
2024-05-23 00:00:00+09:00,14110.0,14300.0,13810.0,14000.0,9248,0.0,0.0
2024-05-24 00:00:00+09:00,13770.0,14060.0,13770.0,14000.0,6234,0.0,0.0
2024-05-27 00:00:00+09:00,14000.0,14000.0,13310.0,13320.0,6901,0.0,0.0
2024-05-28 00:00:00+09:00,13400.0,14100.0,13000.0,13120.0,17573,0.0,0.0
2024-05-29 00:00:00+09:00,13140.0,13410.0,13010.0,13010.0,4912,0.0,0.0
2024-05-30 00:00:00+09:00,13010.0,13420.0,13010.0,13290.0,9034,0.0,0.0
2024-05-31 00:00:00+09:00,13150.0,13960.0,13100.0,13110.0,11336,0.0,0.0
2024-06-03 00:00:00+09:00,13550.0,13550.0,13150.0,13250.0,3048,0.0,0.0
2024-06-04 00:00:00+09:00,13120.0,13800.0,13120.0,13160.0,21316,0.0,0.0
2024-06-05 00:00:00+09:00,13160.0,13310.0,13010.0,13110.0,9682,0.0,0.0
2024-06-07 00:00:00+09:00,13110.0,13580.0,13090.0,13140.0,2407,0.0,0.0
2024-06-10 00:00:00+09:00,13150.0,14100.0,13080.0,13530.0,58789,0.0,0.0
2024-06-11 00:00:00+09:00,13390.0,13980.0,13300.0,13400.0,8938,0.0,0.0
2024-06-12 00:00:00+09:00,13400.0,13580.0,13260.0,13450.0,8104,0.0,0.0
2024-06-13 00:00:00+09:00,13450.0,13520.0,13300.0,13370.0,4036,0.0,0.0
2024-06-14 00:00:00+09:00,13370.0,13390.0,13230.0,13380.0,4572,0.0,0.0
2024-06-17 00:00:00+09:00,13380.0,13380.0,13050.0,13270.0,7016,0.0,0.0
2024-06-18 00:00:00+09:00,13270.0,13380.0,13100.0,13200.0,14890,0.0,0.0
2024-06-19 00:00:00+09:00,13230.0,13240.0,13010.0,13140.0,10340,0.0,0.0
2024-06-20 00:00:00+09:00,13140.0,13140.0,12890.0,13000.0,10323,0.0,0.0
2024-06-21 00:00:00+09:00,13000.0,13220.0,13000.0,13160.0,9992,0.0,0.0
