Date,Open,High,Low,Close,Volume,Dividends,Stock Splits
2019-08-02 00:00:00+09:00,17100.0,18500.0,15550.0,15600.0,5988217,0.0,0.0
2019-08-05 00:00:00+09:00,15800.0,16300.0,13150.0,14300.0,1157763,0.0,0.0
2019-08-06 00:00:00+09:00,13650.0,15800.0,12850.0,14300.0,1221330,0.0,0.0
2019-08-07 00:00:00+09:00,14950.0,17800.0,14600.0,16450.0,2540174,0.0,0.0
2019-08-08 00:00:00+09:00,16400.0,17000.0,15650.0,16650.0,894960,0.0,0.0
2019-08-09 00:00:00+09:00,16950.0,17650.0,16300.0,16950.0,821393,0.0,0.0
2019-08-12 00:00:00+09:00,17300.0,18450.0,17000.0,17800.0,1045045,0.0,0.0
2019-08-13 00:00:00+09:00,17700.0,19600.0,17150.0,18200.0,1765773,0.0,0.0
2019-08-14 00:00:00+09:00,18700.0,18950.0,17650.0,18100.0,552870,0.0,0.0
2019-08-16 00:00:00+09:00,18300.0,18450.0,16850.0,17150.0,522824,0.0,0.0
2019-08-19 00:00:00+09:00,17350.0,17600.0,16050.0,16100.0,242690,0.0,0.0
2019-08-20 00:00:00+09:00,16250.0,16800.0,16050.0,16750.0,184757,0.0,0.0
2019-08-21 00:00:00+09:00,16600.0,17400.0,16550.0,17200.0,213664,0.0,0.0
2019-08-22 00:00:00+09:00,17200.0,17250.0,16550.0,16800.0,121807,0.0,0.0
2019-08-23 00:00:00+09:00,17250.0,17550.0,16800.0,17150.0,246075,0.0,0.0
2019-08-26 00:00:00+09:00,16650.0,16800.0,15550.0,15850.0,182354,0.0,0.0
2019-08-27 00:00:00+09:00,16200.0,16600.0,15500.0,15600.0,160971,0.0,0.0
2019-08-28 00:00:00+09:00,15600.0,16050.0,15550.0,15950.0,90350,0.0,0.0
2019-08-29 00:00:00+09:00,16550.0,17350.0,16450.0,17000.0,374748,0.0,0.0
2019-08-30 00:00:00+09:00,17300.0,17300.0,16850.0,17200.0,102661,0.0,0.0
2019-09-02 00:00:00+09:00,17150.0,18100.0,16950.0,17500.0,349790,0.0,0.0
2019-09-03 00:00:00+09:00,17650.0,18000.0,17200.0,17400.0,293742,0.0,0.0
2019-09-04 00:00:00+09:00,17500.0,17700.0,17250.0,17500.0,136415,0.0,0.0
2019-09-05 00:00:00+09:00,17600.0,17850.0,17350.0,17700.0,142317,0.0,0.0
2019-09-06 00:00:00+09:00,18050.0,19400.0,17750.0,19100.0,735448,0.0,0.0
2019-09-09 00:00:00+09:00,19750.0,21000.0,19500.0,20700.0,1148892,0.0,0.0
2019-09-10 00:00:00+09:00,20500.0,21050.0,19400.0,19700.0,536812,0.0,0.0
2019-09-11 00:00:00+09:00,19800.0,19850.0,19000.0,19650.0,302115,0.0,0.0
2019-09-16 00:00:00+09:00,19650.0,19700.0,18700.0,19150.0,231247,0.0,0.0
2019-09-17 00:00:00+09:00,19050.0,19400.0,18750.0,19250.0,144417,0.0,0.0
2019-09-18 00:00:00+09:00,19250.0,21250.0,18800.0,21250.0,479374,0.0,0.0
2019-09-19 00:00:00+09:00,21400.0,21850.0,20600.0,20950.0,325824,0.0,0.0
2019-09-20 00:00:00+09:00,20950.0,22500.0,20400.0,21950.0,466477,0.0,0.0
2019-09-23 00:00:00+09:00,21700.0,22700.0,21400.0,21500.0,248131,0.0,0.0
2019-09-24 00:00:00+09:00,21800.0,22550.0,21400.0,21650.0,232364,0.0,0.0
2019-09-25 00:00:00+09:00,21600.0,21600.0,20900.0,21000.0,215047,0.0,0.0
2019-09-26 00:00:00+09:00,21350.0,21550.0,20850.0,21250.0,129685,0.0,0.0
2019-09-27 00:00:00+09:00,21200.0,21200.0,20750.0,20850.0,91241,0.0,0.0
2019-09-30 00:00:00+09:00,20400.0,21100.0,19950.0,20900.0,156525,0.0,0.0
2019-10-01 00:00:00+09:00,20850.0,21500.0,20550.0,20700.0,117010,0.0,0.0
2019-10-02 00:00:00+09:00,20500.0,20950.0,19950.0,20050.0,123910,0.0,0.0
2019-10-04 00:00:00+09:00,19800.0,20400.0,19350.0,19800.0,131555,0.0,0.0
2019-10-07 00:00:00+09:00,20100.0,20800.0,19650.0,20200.0,190319,0.0,0.0
2019-10-08 00:00:00+09:00,20050.0,21300.0,20050.0,21200.0,205837,0.0,0.0
2019-10-10 00:00:00+09:00,20850.0,21200.0,20300.0,20600.0,211705,0.0,0.0
2019-10-11 00:00:00+09:00,20900.0,20900.0,19100.0,19350.0,277715,0.0,0.0
2019-10-14 00:00:00+09:00,19500.0,19850.0,19200.0,19750.0,172763,0.0,0.0
2019-10-15 00:00:00+09:00,19650.0,20950.0,19550.0,20700.0,249424,0.0,0.0
2019-10-16 00:00:00+09:00,21000.0,21250.0,20300.0,20400.0,126638,0.0,0.0
2019-10-17 00:00:00+09:00,20300.0,20600.0,19900.0,20000.0,83235,0.0,0.0
2019-10-18 00:00:00+09:00,19950.0,20500.0,19650.0,19700.0,115416,0.0,0.0
2019-10-21 00:00:00+09:00,19550.0,20000.0,19250.0,20000.0,106148,0.0,0.0
2019-10-22 00:00:00+09:00,20300.0,20350.0,19450.0,19650.0,104964,0.0,0.0
2019-10-23 00:00:00+09:00,19650.0,19650.0,19100.0,19150.0,98693,0.0,0.0
2019-10-24 00:00:00+09:00,19200.0,19450.0,18200.0,18650.0,166845,0.0,0.0
2019-10-25 00:00:00+09:00,18900.0,19050.0,18300.0,18300.0,178737,0.0,0.0
2019-10-28 00:00:00+09:00,18400.0,18850.0,18400.0,18700.0,67435,0.0,0.0
2019-10-29 00:00:00+09:00,18700.0,19300.0,18500.0,19150.0,62426,0.0,0.0
2019-10-30 00:00:00+09:00,19000.0,19150.0,18600.0,18900.0,51885,0.0,0.0
2019-10-31 00:00:00+09:00,19600.0,19600.0,18850.0,19100.0,72601,0.0,0.0
2019-11-01 00:00:00+09:00,19100.0,19100.0,18550.0,18550.0,48625,0.0,0.0
2019-11-04 00:00:00+09:00,18800.0,19000.0,17900.0,18250.0,134924,0.0,0.0
2019-11-05 00:00:00+09:00,18050.0,18300.0,17700.0,18200.0,104484,0.0,0.0
2019-11-06 00:00:00+09:00,18200.0,18200.0,17600.0,17750.0,115158,0.0,0.0
2019-11-07 00:00:00+09:00,17850.0,17850.0,16850.0,17200.0,162839,0.0,0.0
2019-11-08 00:00:00+09:00,17300.0,17500.0,17000.0,17100.0,58755,0.0,0.0
2019-11-11 00:00:00+09:00,17000.0,17400.0,16650.0,17400.0,86256,0.0,0.0
2019-11-12 00:00:00+09:00,17350.0,18150.0,17200.0,17950.0,100157,0.0,0.0
2019-11-13 00:00:00+09:00,18000.0,18150.0,17400.0,17450.0,58097,0.0,0.0
2019-11-14 00:00:00+09:00,17650.0,18250.0,17600.0,17800.0,73294,0.0,0.0
2019-11-15 00:00:00+09:00,17600.0,17900.0,17500.0,17650.0,50496,0.0,0.0
2019-11-18 00:00:00+09:00,17900.0,18450.0,17850.0,18250.0,72504,0.0,0.0
2019-11-19 00:00:00+09:00,18100.0,18250.0,17750.0,17800.0,33429,0.0,0.0
2019-11-20 00:00:00+09:00,17700.0,18000.0,17350.0,17350.0,57847,0.0,0.0
2019-11-21 00:00:00+09:00,17500.0,17600.0,16650.0,16700.0,67226,0.0,0.0
2019-11-22 00:00:00+09:00,16550.0,16850.0,16000.0,16600.0,81045,0.0,0.0
2019-11-25 00:00:00+09:00,16600.0,17250.0,16600.0,17200.0,33498,0.0,0.0
2019-11-26 00:00:00+09:00,17350.0,17350.0,16950.0,17000.0,44428,0.0,0.0
2019-11-27 00:00:00+09:00,17200.0,17750.0,16950.0,17550.0,56372,0.0,0.0
2019-11-28 00:00:00+09:00,17250.0,17550.0,16800.0,16900.0,48057,0.0,0.0
2019-11-29 00:00:00+09:00,16900.0,16900.0,15800.0,15900.0,108355,0.0,0.0
2019-12-02 00:00:00+09:00,15900.0,16100.0,15750.0,16000.0,41036,0.0,0.0
2019-12-03 00:00:00+09:00,15750.0,16000.0,15250.0,15650.0,49915,0.0,0.0
2019-12-04 00:00:00+09:00,15650.0,15850.0,15450.0,15850.0,29658,0.0,0.0
2019-12-05 00:00:00+09:00,15800.0,16000.0,14900.0,14900.0,101523,0.0,0.0
2019-12-06 00:00:00+09:00,15000.0,15500.0,14850.0,15250.0,74540,0.0,0.0
2019-12-09 00:00:00+09:00,15250.0,15450.0,14900.0,14950.0,24770,0.0,0.0
2019-12-10 00:00:00+09:00,14950.0,15100.0,14400.0,14400.0,52852,0.0,0.0
2019-12-11 00:00:00+09:00,14400.0,14850.0,14400.0,14750.0,38004,0.0,0.0
2019-12-12 00:00:00+09:00,14800.0,15900.0,14700.0,15750.0,110487,0.0,0.0
2019-12-13 00:00:00+09:00,15900.0,17150.0,15750.0,16800.0,179381,0.0,0.0
2019-12-16 00:00:00+09:00,16650.0,17000.0,16450.0,16900.0,34409,0.0,0.0
2019-12-17 00:00:00+09:00,16900.0,17350.0,16850.0,17000.0,67548,0.0,0.0
2019-12-18 00:00:00+09:00,16950.0,17000.0,16500.0,16750.0,65649,0.0,0.0
2019-12-19 00:00:00+09:00,16750.0,17150.0,16750.0,17050.0,52343,0.0,0.0
2019-12-20 00:00:00+09:00,17300.0,17300.0,16600.0,16800.0,59119,0.0,0.0
2019-12-23 00:00:00+09:00,17050.0,17050.0,16550.0,16700.0,20401,0.0,0.0
2019-12-24 00:00:00+09:00,16900.0,16900.0,16300.0,16450.0,29784,0.0,0.0
2019-12-26 00:00:00+09:00,16800.0,19500.0,16500.0,19000.0,335968,0.0,0.0
2019-12-27 00:00:00+09:00,18750.0,19050.0,18400.0,19000.0,125914,0.0,0.0
2019-12-30 00:00:00+09:00,18950.0,19200.0,18750.0,19150.0,76454,0.0,0.0
2020-01-02 00:00:00+09:00,19200.0,19300.0,18600.0,19250.0,70394,0.0,0.0
2020-01-03 00:00:00+09:00,19400.0,19700.0,18800.0,18800.0,101811,0.0,0.0
2020-01-06 00:00:00+09:00,18500.0,18750.0,18150.0,18500.0,61179,0.0,0.0
2020-01-07 00:00:00+09:00,18550.0,18650.0,17750.0,18150.0,100352,0.0,0.0
2020-01-08 00:00:00+09:00,17950.0,18350.0,17150.0,17150.0,105605,0.0,0.0
2020-01-09 00:00:00+09:00,17800.0,18300.0,17700.0,18200.0,91271,0.0,0.0
2020-01-10 00:00:00+09:00,18650.0,18650.0,17800.0,17900.0,57202,0.0,0.0
2020-01-13 00:00:00+09:00,17900.0,18200.0,17200.0,17450.0,87137,0.0,0.0
2020-01-14 00:00:00+09:00,17450.0,18200.0,17350.0,17550.0,79588,0.0,0.0
2020-01-15 00:00:00+09:00,17600.0,17950.0,17400.0,17700.0,35742,0.0,0.0
2020-01-16 00:00:00+09:00,17550.0,18600.0,17550.0,18550.0,114781,0.0,0.0
2020-01-17 00:00:00+09:00,18700.0,18700.0,18000.0,18100.0,84623,0.0,0.0
2020-01-20 00:00:00+09:00,18150.0,18900.0,18000.0,18500.0,92331,0.0,0.0
2020-01-21 00:00:00+09:00,18400.0,18650.0,17900.0,17950.0,69991,0.0,0.0
2020-01-22 00:00:00+09:00,18150.0,18750.0,17900.0,18400.0,118152,0.0,0.0
2020-01-23 00:00:00+09:00,18500.0,19050.0,18300.0,18450.0,100385,0.0,0.0
2020-01-28 00:00:00+09:00,17500.0,17900.0,17000.0,17500.0,96985,0.0,0.0
2020-01-29 00:00:00+09:00,17700.0,17850.0,17400.0,17500.0,48078,0.0,0.0
2020-01-30 00:00:00+09:00,17400.0,17600.0,16500.0,16800.0,86800,0.0,0.0
2020-01-31 00:00:00+09:00,17000.0,17000.0,15500.0,15700.0,91718,0.0,0.0
2020-02-03 00:00:00+09:00,15100.0,17100.0,14950.0,16850.0,131538,0.0,0.0
2020-02-04 00:00:00+09:00,17200.0,17650.0,16650.0,17650.0,76831,0.0,0.0
2020-02-05 00:00:00+09:00,17750.0,19100.0,17450.0,18200.0,269646,0.0,0.0
2020-02-06 00:00:00+09:00,18700.0,19200.0,18400.0,18600.0,188371,0.0,0.0
2020-02-07 00:00:00+09:00,18500.0,19100.0,18300.0,18450.0,123136,0.0,0.0
2020-02-10 00:00:00+09:00,18450.0,18900.0,18250.0,18550.0,58131,0.0,0.0
2020-02-11 00:00:00+09:00,18400.0,18850.0,18200.0,18800.0,95958,0.0,0.0
2020-02-12 00:00:00+09:00,18800.0,19350.0,18500.0,18600.0,134345,0.0,0.0
2020-02-13 00:00:00+09:00,18750.0,19200.0,18300.0,18400.0,138884,0.0,0.0
2020-02-14 00:00:00+09:00,18450.0,19700.0,18250.0,19700.0,276315,0.0,0.0
2020-02-17 00:00:00+09:00,19900.0,20000.0,19300.0,19650.0,195400,0.0,0.0
2020-02-18 00:00:00+09:00,19500.0,19600.0,18450.0,18850.0,245680,0.0,0.0
2020-02-19 00:00:00+09:00,18850.0,19000.0,18300.0,18700.0,109092,0.0,0.0
2020-02-20 00:00:00+09:00,19000.0,19600.0,18600.0,19500.0,228405,0.0,0.0
2020-02-21 00:00:00+09:00,19000.0,19700.0,18800.0,18800.0,169840,0.0,0.0
2020-02-24 00:00:00+09:00,18200.0,18650.0,17700.0,17900.0,105567,0.0,0.0
2020-02-25 00:00:00+09:00,17800.0,18200.0,17650.0,18000.0,94265,0.0,0.0
2020-02-26 00:00:00+09:00,17450.0,18000.0,17350.0,17600.0,78878,0.0,0.0
2020-02-27 00:00:00+09:00,17650.0,17800.0,16550.0,16650.0,102838,0.0,0.0
2020-02-28 00:00:00+09:00,16150.0,16400.0,15150.0,15450.0,160007,0.0,0.0
2020-03-02 00:00:00+09:00,15450.0,16000.0,15350.0,15800.0,93690,0.0,0.0
2020-03-03 00:00:00+09:00,16500.0,16650.0,16150.0,16300.0,75793,0.0,0.0
2020-03-04 00:00:00+09:00,16000.0,17150.0,16000.0,17050.0,72003,0.0,0.0
2020-03-05 00:00:00+09:00,17150.0,17300.0,16800.0,16850.0,45439,0.0,0.0
2020-03-06 00:00:00+09:00,16550.0,16850.0,16200.0,16450.0,47226,0.0,0.0
2020-03-09 00:00:00+09:00,15950.0,16000.0,15200.0,15450.0,80628,0.0,0.0
2020-03-10 00:00:00+09:00,15200.0,16000.0,15150.0,15800.0,77355,0.0,0.0
2020-03-11 00:00:00+09:00,15850.0,15900.0,14700.0,14900.0,80362,0.0,0.0
2020-03-12 00:00:00+09:00,14600.0,15000.0,13200.0,13300.0,160591,0.0,0.0
2020-03-13 00:00:00+09:00,12100.0,12700.0,10250.0,11850.0,263397,0.0,0.0
2020-03-16 00:00:00+09:00,12050.0,12600.0,11300.0,11300.0,132007,0.0,0.0
2020-03-17 00:00:00+09:00,10450.0,11700.0,10400.0,11100.0,165927,0.0,0.0
2020-03-18 00:00:00+09:00,11100.0,11250.0,10000.0,10000.0,165561,0.0,0.0
2020-03-19 00:00:00+09:00,10150.0,10450.0,7530.0,7900.0,229129,0.0,0.0
2020-03-20 00:00:00+09:00,7900.0,8960.0,7850.0,8710.0,143324,0.0,0.0
2020-03-23 00:00:00+09:00,7800.0,8250.0,7340.0,8000.0,159196,0.0,0.0
2020-03-24 00:00:00+09:00,8340.0,9430.0,8170.0,9430.0,120945,0.0,0.0
2020-03-25 00:00:00+09:00,9840.0,10100.0,9310.0,9550.0,140990,0.0,0.0
2020-03-26 00:00:00+09:00,9550.0,10000.0,9460.0,9670.0,120091,0.0,0.0
2020-03-27 00:00:00+09:00,10250.0,10650.0,9700.0,10350.0,237949,0.0,0.0
2020-03-30 00:00:00+09:00,10000.0,10600.0,9980.0,10450.0,96886,0.0,0.0
2020-03-31 00:00:00+09:00,10800.0,11450.0,10500.0,11100.0,137274,0.0,0.0
2020-04-01 00:00:00+09:00,10900.0,11900.0,10600.0,10800.0,111601,0.0,0.0
2020-04-02 00:00:00+09:00,10750.0,11150.0,10500.0,10950.0,82013,0.0,0.0
2020-04-03 00:00:00+09:00,11000.0,11250.0,10600.0,11250.0,88058,0.0,0.0
2020-04-06 00:00:00+09:00,11250.0,11650.0,11150.0,11600.0,97883,0.0,0.0
2020-04-07 00:00:00+09:00,11950.0,12050.0,11450.0,11850.0,121325,0.0,0.0
2020-04-08 00:00:00+09:00,11800.0,12350.0,11650.0,11800.0,144968,0.0,0.0
2020-04-09 00:00:00+09:00,12050.0,12700.0,11700.0,12700.0,163444,0.0,0.0
2020-04-10 00:00:00+09:00,12900.0,14000.0,12500.0,13500.0,393649,0.0,0.0
2020-04-13 00:00:00+09:00,13500.0,13550.0,12250.0,12250.0,174671,0.0,0.0
2020-04-14 00:00:00+09:00,12800.0,12800.0,12250.0,12500.0,88866,0.0,0.0
2020-04-16 00:00:00+09:00,12500.0,12900.0,12250.0,12850.0,69535,0.0,0.0
2020-04-17 00:00:00+09:00,13500.0,13500.0,13050.0,13300.0,137633,0.0,0.0
2020-04-20 00:00:00+09:00,13350.0,13600.0,12900.0,13000.0,94640,0.0,0.0
2020-04-21 00:00:00+09:00,13000.0,13100.0,11750.0,12950.0,143656,0.0,0.0
2020-04-22 00:00:00+09:00,12600.0,13500.0,12400.0,13500.0,111508,0.0,0.0
2020-04-23 00:00:00+09:00,14600.0,15450.0,14100.0,14800.0,654118,0.0,0.0
2020-04-24 00:00:00+09:00,14650.0,14900.0,13700.0,13900.0,274581,0.0,0.0
2020-04-27 00:00:00+09:00,13850.0,14100.0,13600.0,13850.0,149296,0.0,0.0
2020-04-28 00:00:00+09:00,13950.0,14000.0,13300.0,13550.0,89428,0.0,0.0
2020-04-29 00:00:00+09:00,13500.0,14400.0,13400.0,13950.0,179627,0.0,0.0
2020-05-04 00:00:00+09:00,13500.0,13950.0,13450.0,13750.0,91837,0.0,0.0
2020-05-06 00:00:00+09:00,14200.0,14200.0,13700.0,14200.0,90958,0.0,0.0
2020-05-07 00:00:00+09:00,14200.0,14750.0,14200.0,14650.0,143357,0.0,0.0
2020-05-08 00:00:00+09:00,14850.0,15000.0,14650.0,14800.0,121932,0.0,0.0
2020-05-11 00:00:00+09:00,14750.0,14750.0,14150.0,14250.0,121612,0.0,0.0
2020-05-12 00:00:00+09:00,14200.0,14250.0,13500.0,13800.0,172688,0.0,0.0
2020-05-13 00:00:00+09:00,13400.0,14000.0,13250.0,13900.0,157868,0.0,0.0
2020-05-14 00:00:00+09:00,13600.0,13800.0,13300.0,13300.0,106137,0.0,0.0
2020-05-15 00:00:00+09:00,13650.0,13650.0,13000.0,13100.0,156344,0.0,0.0
2020-05-18 00:00:00+09:00,13150.0,13300.0,12700.0,13100.0,103197,0.0,0.0
2020-05-19 00:00:00+09:00,13400.0,14500.0,13150.0,13850.0,344177,0.0,0.0
2020-05-20 00:00:00+09:00,13950.0,14550.0,13800.0,14450.0,206297,0.0,0.0
2020-05-21 00:00:00+09:00,14500.0,14550.0,13950.0,14050.0,210746,0.0,0.0
2020-05-22 00:00:00+09:00,14050.0,14250.0,13500.0,13550.0,140227,0.0,0.0
2020-05-25 00:00:00+09:00,13600.0,13900.0,13350.0,13650.0,128521,0.0,0.0
2020-05-26 00:00:00+09:00,13800.0,14150.0,13600.0,14150.0,130318,0.0,0.0
2020-05-27 00:00:00+09:00,14200.0,14300.0,13800.0,13800.0,127257,0.0,0.0
2020-05-28 00:00:00+09:00,14000.0,14850.0,13800.0,14400.0,520959,0.0,0.0
2020-05-29 00:00:00+09:00,14300.0,14600.0,14000.0,14000.0,187911,0.0,0.0
2020-06-01 00:00:00+09:00,14200.0,15000.0,14100.0,15000.0,387589,0.0,0.0
2020-06-02 00:00:00+09:00,15300.0,15300.0,14650.0,14900.0,324713,0.0,0.0
2020-06-03 00:00:00+09:00,15000.0,15100.0,14750.0,14900.0,214124,0.0,0.0
2020-06-04 00:00:00+09:00,15050.0,15250.0,14400.0,14700.0,160375,0.0,0.0
2020-06-05 00:00:00+09:00,14700.0,15100.0,14600.0,14700.0,145074,0.0,0.0
2020-06-08 00:00:00+09:00,14900.0,14900.0,14150.0,14350.0,165950,0.0,0.0
2020-06-09 00:00:00+09:00,14450.0,14550.0,13900.0,14100.0,220843,0.0,0.0
2020-06-10 00:00:00+09:00,14050.0,14600.0,14050.0,14250.0,145711,0.0,0.0
2020-06-11 00:00:00+09:00,14400.0,14400.0,14000.0,14150.0,88200,0.0,0.0
2020-06-12 00:00:00+09:00,13300.0,13550.0,12900.0,13250.0,386850,0.0,0.0
2020-06-15 00:00:00+09:00,13150.0,13150.0,11900.0,12000.0,258515,0.0,0.0
2020-06-16 00:00:00+09:00,12350.0,12700.0,12350.0,12650.0,111142,0.0,0.0
2020-06-17 00:00:00+09:00,12400.0,12900.0,12400.0,12550.0,79580,0.0,0.0
2020-06-18 00:00:00+09:00,12650.0,13150.0,12500.0,12850.0,119511,0.0,0.0
2020-06-19 00:00:00+09:00,12900.0,13050.0,12650.0,12850.0,50009,0.0,0.0
2020-06-22 00:00:00+09:00,12850.0,13050.0,12550.0,12650.0,67841,0.0,0.0
2020-06-23 00:00:00+09:00,12850.0,13000.0,12300.0,12800.0,84680,0.0,0.0
2020-06-24 00:00:00+09:00,13000.0,13050.0,12700.0,12750.0,95525,0.0,0.0
2020-06-25 00:00:00+09:00,12400.0,12750.0,12300.0,12400.0,83591,0.0,0.0
2020-06-26 00:00:00+09:00,12550.0,12850.0,12250.0,12550.0,96103,0.0,0.0
2020-06-29 00:00:00+09:00,12300.0,12450.0,12000.0,12000.0,60135,0.0,0.0
2020-06-30 00:00:00+09:00,12200.0,12400.0,12150.0,12150.0,43849,0.0,0.0
2020-07-01 00:00:00+09:00,12300.0,12600.0,12150.0,12150.0,55311,0.0,0.0
2020-07-02 00:00:00+09:00,12350.0,13200.0,12350.0,13200.0,186667,0.0,0.0
2020-07-03 00:00:00+09:00,13050.0,13200.0,12750.0,13000.0,93269,0.0,0.0
2020-07-06 00:00:00+09:00,12950.0,13750.0,12950.0,13550.0,173504,0.0,0.0
2020-07-07 00:00:00+09:00,13700.0,13800.0,13000.0,13200.0,123756,0.0,0.0
2020-07-08 00:00:00+09:00,13050.0,13350.0,12950.0,13200.0,56809,0.0,0.0
2020-07-09 00:00:00+09:00,13400.0,13900.0,13300.0,13850.0,173336,0.0,0.0
2020-07-10 00:00:00+09:00,14000.0,14000.0,13300.0,13500.0,88468,0.0,0.0
2020-07-13 00:00:00+09:00,13550.0,13900.0,13500.0,13700.0,67136,0.0,0.0
2020-07-14 00:00:00+09:00,13550.0,13900.0,13250.0,13750.0,79249,0.0,0.0
2020-07-15 00:00:00+09:00,13750.0,14100.0,13750.0,14050.0,127472,0.0,0.0
2020-07-16 00:00:00+09:00,14200.0,14200.0,13700.0,13800.0,70154,0.0,0.0
2020-07-17 00:00:00+09:00,13900.0,14050.0,13600.0,13800.0,57190,0.0,0.0
2020-07-20 00:00:00+09:00,13800.0,13800.0,13400.0,13700.0,46908,0.0,0.0
2020-07-21 00:00:00+09:00,13700.0,13900.0,13550.0,13700.0,54398,0.0,0.0
2020-07-22 00:00:00+09:00,13700.0,13800.0,13250.0,13500.0,100503,0.0,0.0
2020-07-23 00:00:00+09:00,13500.0,13850.0,13300.0,13800.0,117610,0.0,0.0
2020-07-24 00:00:00+09:00,13650.0,14550.0,13500.0,14200.0,250188,0.0,0.0
2020-07-27 00:00:00+09:00,14200.0,14500.0,14000.0,14400.0,135695,0.0,0.0
2020-07-28 00:00:00+09:00,14450.0,15250.0,13900.0,14500.0,512088,0.0,0.0
2020-07-29 00:00:00+09:00,14350.0,14700.0,14250.0,14650.0,164583,0.0,0.0
2020-07-30 00:00:00+09:00,14850.0,15150.0,14550.0,14700.0,178061,0.0,0.0
2020-07-31 00:00:00+09:00,14650.0,14850.0,14250.0,14300.0,187076,0.0,0.0
2020-08-03 00:00:00+09:00,14250.0,14450.0,13900.0,14250.0,120314,0.0,0.0
2020-08-04 00:00:00+09:00,14250.0,14550.0,14200.0,14250.0,74939,0.0,0.0
2020-08-05 00:00:00+09:00,14350.0,15050.0,14250.0,14900.0,185099,0.0,0.0
2020-08-06 00:00:00+09:00,15100.0,15150.0,14400.0,14500.0,198685,0.0,0.0
2020-08-07 00:00:00+09:00,14500.0,15000.0,14150.0,14800.0,197263,0.0,0.0
2020-08-10 00:00:00+09:00,14850.0,16250.0,14600.0,15900.0,675870,0.0,0.0
2020-08-11 00:00:00+09:00,15700.0,16100.0,15350.0,15500.0,208296,0.0,0.0
2020-08-12 00:00:00+09:00,15400.0,15450.0,14450.0,15300.0,276074,0.0,0.0
2020-08-13 00:00:00+09:00,15900.0,16250.0,15300.0,15450.0,465911,0.0,0.0
2020-08-14 00:00:00+09:00,15700.0,15700.0,14850.0,15200.0,121453,0.0,0.0
2020-08-18 00:00:00+09:00,15000.0,15450.0,14150.0,14350.0,201475,0.0,0.0
2020-08-19 00:00:00+09:00,14350.0,14750.0,13850.0,14000.0,231235,0.0,0.0
2020-08-20 00:00:00+09:00,14950.0,15950.0,13950.0,14200.0,994434,0.0,0.0
2020-08-21 00:00:00+09:00,14500.0,16550.0,14500.0,16250.0,954016,0.0,0.0
2020-08-24 00:00:00+09:00,16050.0,16850.0,15300.0,16400.0,554932,0.0,0.0
2020-08-25 00:00:00+09:00,16650.0,17500.0,16250.0,17100.0,521785,0.0,0.0
2020-08-26 00:00:00+09:00,17400.0,18050.0,16650.0,17050.0,503245,0.0,0.0
2020-08-27 00:00:00+09:00,17050.0,17400.0,16550.0,17000.0,362133,0.0,0.0
2020-08-28 00:00:00+09:00,17200.0,17200.0,16300.0,16550.0,229253,0.0,0.0
2020-08-31 00:00:00+09:00,16650.0,16950.0,16350.0,16650.0,138824,0.0,0.0
2020-09-01 00:00:00+09:00,16550.0,16600.0,15950.0,16100.0,211927,0.0,0.0
2020-09-02 00:00:00+09:00,16250.0,16900.0,15950.0,16900.0,206856,0.0,0.0
2020-09-03 00:00:00+09:00,17100.0,17450.0,16600.0,16750.0,282748,0.0,0.0
2020-09-04 00:00:00+09:00,15850.0,16300.0,15800.0,16100.0,249674,0.0,0.0
2020-09-07 00:00:00+09:00,16400.0,16400.0,15550.0,16100.0,152549,0.0,0.0
2020-09-08 00:00:00+09:00,16300.0,16700.0,15950.0,16150.0,137282,0.0,0.0
2020-09-09 00:00:00+09:00,15850.0,16100.0,15550.0,15550.0,223283,0.0,0.0
2020-09-10 00:00:00+09:00,15850.0,17250.0,15800.0,16700.0,350721,0.0,0.0
2020-09-11 00:00:00+09:00,16500.0,16850.0,16300.0,16300.0,103810,0.0,0.0
2020-09-14 00:00:00+09:00,16850.0,17400.0,16350.0,16550.0,299666,0.0,0.0
2020-09-15 00:00:00+09:00,16750.0,16850.0,16400.0,16800.0,128138,0.0,0.0
2020-09-16 00:00:00+09:00,17050.0,17050.0,16300.0,16450.0,124262,0.0,0.0
2020-09-17 00:00:00+09:00,16450.0,17450.0,16450.0,17150.0,388481,0.0,0.0
2020-09-18 00:00:00+09:00,16950.0,17300.0,16350.0,16800.0,190090,0.0,0.0
2020-09-21 00:00:00+09:00,16950.0,17000.0,15550.0,15900.0,200152,0.0,0.0
2020-09-22 00:00:00+09:00,15900.0,15900.0,15000.0,15250.0,164455,0.0,0.0
2020-09-23 00:00:00+09:00,15550.0,15550.0,14550.0,15300.0,116185,0.0,0.0
2020-09-24 00:00:00+09:00,14900.0,15800.0,14700.0,14850.0,198901,0.0,0.0
2020-09-25 00:00:00+09:00,16050.0,16550.0,15200.0,15200.0,437813,0.0,0.0
2020-09-28 00:00:00+09:00,16200.0,17800.0,15750.0,17100.0,990066,0.0,0.0
2020-09-29 00:00:00+09:00,17200.0,17350.0,16650.0,17200.0,379548,0.0,0.0
2020-10-05 00:00:00+09:00,17200.0,17700.0,16650.0,17050.0,285262,0.0,0.0
2020-10-06 00:00:00+09:00,17450.0,17500.0,16750.0,16950.0,217187,0.0,0.0
2020-10-07 00:00:00+09:00,16700.0,17150.0,16500.0,16900.0,89036,0.0,0.0
2020-10-08 00:00:00+09:00,16900.0,17200.0,16700.0,16900.0,155095,0.0,0.0
2020-10-12 00:00:00+09:00,17000.0,17300.0,16700.0,16800.0,104575,0.0,0.0
2020-10-13 00:00:00+09:00,17050.0,17050.0,16400.0,16500.0,100903,0.0,0.0
2020-10-14 00:00:00+09:00,16700.0,16750.0,15900.0,15900.0,141336,0.0,0.0
2020-10-15 00:00:00+09:00,15900.0,16750.0,15300.0,16600.0,287451,0.0,0.0
2020-10-16 00:00:00+09:00,16300.0,16550.0,15800.0,16400.0,160347,0.0,0.0
2020-10-19 00:00:00+09:00,16750.0,16800.0,16200.0,16250.0,140575,0.0,0.0
2020-10-20 00:00:00+09:00,16100.0,16500.0,15750.0,16100.0,89187,0.0,0.0
2020-10-21 00:00:00+09:00,16250.0,16400.0,16000.0,16150.0,78136,0.0,0.0
2020-10-22 00:00:00+09:00,16000.0,16200.0,15450.0,15450.0,152332,0.0,0.0
2020-10-23 00:00:00+09:00,15600.0,15650.0,15250.0,15350.0,72362,0.0,0.0
2020-10-26 00:00:00+09:00,15600.0,15850.0,15000.0,15000.0,216840,0.0,0.0
2020-10-27 00:00:00+09:00,14900.0,15700.0,14700.0,15400.0,137183,0.0,0.0
2020-10-28 00:00:00+09:00,15450.0,15800.0,15350.0,15750.0,104703,0.0,0.0
2020-10-29 00:00:00+09:00,15450.0,16200.0,15400.0,16200.0,98541,0.0,0.0
2020-10-30 00:00:00+09:00,16000.0,16150.0,15650.0,15650.0,77106,0.0,0.0
2020-11-02 00:00:00+09:00,15650.0,15800.0,15400.0,15750.0,47104,0.0,0.0
2020-11-03 00:00:00+09:00,15750.0,16000.0,15650.0,15700.0,82616,0.0,0.0
2020-11-04 00:00:00+09:00,15800.0,15950.0,15650.0,15900.0,53900,0.0,0.0
2020-11-05 00:00:00+09:00,16000.0,16600.0,15950.0,16300.0,149221,0.0,0.0
2020-11-06 00:00:00+09:00,16250.0,16400.0,15800.0,15900.0,104325,0.0,0.0
2020-11-09 00:00:00+09:00,15950.0,16200.0,15900.0,16200.0,81711,0.0,0.0
2020-11-10 00:00:00+09:00,16200.0,16200.0,15950.0,16000.0,67981,0.0,0.0
2020-11-11 00:00:00+09:00,16050.0,17050.0,16000.0,16850.0,257974,0.0,0.0
2020-11-12 00:00:00+09:00,16850.0,16850.0,16150.0,16200.0,143971,0.0,0.0
2020-11-13 00:00:00+09:00,15950.0,16150.0,15450.0,15800.0,179123,0.0,0.0
2020-11-16 00:00:00+09:00,16050.0,16350.0,15800.0,16300.0,195123,0.0,0.0
2020-11-17 00:00:00+09:00,16350.0,16450.0,15750.0,15800.0,103190,0.0,0.0
2020-11-18 00:00:00+09:00,15800.0,16000.0,15550.0,15650.0,92786,0.0,0.0
2020-11-19 00:00:00+09:00,15650.0,15850.0,15500.0,15700.0,64220,0.0,0.0
2020-11-20 00:00:00+09:00,15800.0,15850.0,15600.0,15750.0,49140,0.0,0.0
2020-11-23 00:00:00+09:00,15800.0,16100.0,15800.0,16000.0,97017,0.0,0.0
2020-11-24 00:00:00+09:00,16100.0,16300.0,15900.0,16150.0,94965,0.0,0.0
2020-11-25 00:00:00+09:00,16300.0,16550.0,15850.0,15950.0,100537,0.0,0.0
2020-11-26 00:00:00+09:00,16050.0,16150.0,15750.0,16150.0,77423,0.0,0.0
2020-11-27 00:00:00+09:00,16300.0,16550.0,16150.0,16450.0,102919,0.0,0.0
2020-11-30 00:00:00+09:00,16550.0,16550.0,16000.0,16150.0,94537,0.0,0.0
2020-12-01 00:00:00+09:00,16250.0,16250.0,15850.0,16000.0,84179,0.0,0.0
2020-12-02 00:00:00+09:00,16150.0,16250.0,16000.0,16050.0,61077,0.0,0.0
2020-12-03 00:00:00+09:00,16050.0,16150.0,15850.0,15850.0,88221,0.0,0.0
2020-12-04 00:00:00+09:00,15850.0,16000.0,15600.0,15650.0,103165,0.0,0.0
2020-12-07 00:00:00+09:00,15850.0,15900.0,15650.0,15750.0,71731,0.0,0.0
2020-12-08 00:00:00+09:00,15850.0,15900.0,15650.0,15700.0,46887,0.0,0.0
2020-12-09 00:00:00+09:00,15800.0,15800.0,15600.0,15700.0,92220,0.0,0.0
2020-12-10 00:00:00+09:00,15600.0,15750.0,15550.0,15700.0,52055,0.0,0.0
2020-12-11 00:00:00+09:00,15800.0,15900.0,15650.0,15800.0,68541,0.0,0.0
2020-12-14 00:00:00+09:00,15750.0,15750.0,15500.0,15650.0,58762,0.0,0.0
2020-12-15 00:00:00+09:00,15600.0,15800.0,15550.0,15650.0,83203,0.0,0.0
2020-12-16 00:00:00+09:00,15750.0,16050.0,15750.0,15850.0,175970,0.0,0.0
2020-12-17 00:00:00+09:00,15850.0,16500.0,15850.0,16150.0,220250,0.0,0.0
2020-12-18 00:00:00+09:00,16400.0,16450.0,16050.0,16200.0,137791,0.0,0.0
2020-12-21 00:00:00+09:00,16250.0,16350.0,15950.0,16100.0,82787,0.0,0.0
2020-12-22 00:00:00+09:00,16000.0,16100.0,15650.0,15700.0,113992,0.0,0.0
2020-12-23 00:00:00+09:00,15600.0,15900.0,15600.0,15800.0,71696,0.0,0.0
2020-12-24 00:00:00+09:00,15750.0,15950.0,15700.0,15800.0,108604,0.0,0.0
2020-12-28 00:00:00+09:00,16300.0,16750.0,15950.0,16600.0,435339,0.0,0.0
2020-12-29 00:00:00+09:00,16750.0,17200.0,16600.0,16750.0,290535,0.0,0.0
2020-12-30 00:00:00+09:00,16950.0,18100.0,16550.0,17800.0,585860,0.0,0.0
2021-01-04 00:00:00+09:00,17950.0,19200.0,17950.0,18750.0,603235,0.0,0.0
2021-01-05 00:00:00+09:00,18750.0,19000.0,18150.0,18700.0,263528,0.0,0.0
2021-01-06 00:00:00+09:00,18650.0,18750.0,18000.0,18350.0,212840,0.0,0.0
2021-01-07 00:00:00+09:00,18200.0,18950.0,18100.0,18500.0,214722,0.0,0.0
2021-01-08 00:00:00+09:00,18850.0,18900.0,18100.0,18200.0,168640,0.0,0.0
2021-01-11 00:00:00+09:00,18300.0,18550.0,17300.0,17700.0,378216,0.0,0.0
2021-01-12 00:00:00+09:00,17850.0,18100.0,17400.0,17950.0,149056,0.0,0.0
2021-01-13 00:00:00+09:00,18600.0,19900.0,18350.0,19550.0,885406,0.0,0.0
2021-01-14 00:00:00+09:00,20300.0,22750.0,20100.0,22250.0,1613375,0.0,0.0
2021-01-15 00:00:00+09:00,22650.0,23200.0,21200.0,22050.0,822690,0.0,0.0
2021-01-18 00:00:00+09:00,21450.0,22300.0,21300.0,21950.0,489065,0.0,0.0
2021-01-19 00:00:00+09:00,22100.0,22700.0,21250.0,21400.0,1571501,0.0,0.0
2021-01-20 00:00:00+09:00,21550.0,21700.0,20550.0,20900.0,658221,0.0,0.0
2021-01-21 00:00:00+09:00,21050.0,21450.0,20600.0,20850.0,499387,0.0,0.0
2021-01-22 00:00:00+09:00,20750.0,20800.0,20000.0,20350.0,381328,0.0,0.0
2021-01-25 00:00:00+09:00,20100.0,20750.0,19600.0,20650.0,423747,0.0,0.0
2021-01-26 00:00:00+09:00,20500.0,20850.0,20050.0,20100.0,294604,0.0,0.0
2021-01-27 00:00:00+09:00,20150.0,22150.0,19200.0,19300.0,1063845,0.0,0.0
2021-01-28 00:00:00+09:00,18300.0,18900.0,18000.0,18300.0,515087,0.0,0.0
2021-01-29 00:00:00+09:00,18750.0,18850.0,16650.0,17200.0,555558,0.0,0.0
2021-02-01 00:00:00+09:00,17150.0,18200.0,16950.0,17850.0,320034,0.0,0.0
2021-02-02 00:00:00+09:00,17850.0,18500.0,17600.0,18300.0,225241,0.0,0.0
2021-02-03 00:00:00+09:00,18650.0,18750.0,17950.0,18350.0,267049,0.0,0.0
2021-02-04 00:00:00+09:00,18700.0,19100.0,18400.0,19000.0,270109,0.0,0.0
2021-02-05 00:00:00+09:00,18900.0,18950.0,18200.0,18450.0,209697,0.0,0.0
2021-02-08 00:00:00+09:00,18300.0,18750.0,17750.0,18650.0,153534,0.0,0.0
2021-02-09 00:00:00+09:00,19100.0,19100.0,18550.0,18650.0,144208,0.0,0.0
2021-02-10 00:00:00+09:00,18750.0,19150.0,18450.0,18950.0,144087,0.0,0.0
2021-02-15 00:00:00+09:00,19000.0,19450.0,18850.0,19350.0,195837,0.0,0.0
2021-02-16 00:00:00+09:00,19450.0,19450.0,18900.0,19250.0,176716,0.0,0.0
2021-02-17 00:00:00+09:00,19400.0,20200.0,19150.0,20200.0,454087,0.0,0.0
2021-02-18 00:00:00+09:00,20200.0,20200.0,19550.0,19550.0,248443,0.0,0.0
2021-02-19 00:00:00+09:00,19400.0,19850.0,19050.0,19800.0,204675,0.0,0.0
2021-02-22 00:00:00+09:00,20000.0,20050.0,19200.0,19200.0,130381,0.0,0.0
2021-02-23 00:00:00+09:00,18700.0,19250.0,18400.0,19100.0,172818,0.0,0.0
2021-02-24 00:00:00+09:00,19100.0,19700.0,18000.0,18300.0,212762,0.0,0.0
2021-02-25 00:00:00+09:00,18800.0,19100.0,18450.0,18950.0,140209,0.0,0.0
2021-02-26 00:00:00+09:00,18150.0,18500.0,18100.0,18400.0,128801,0.0,0.0
2021-03-02 00:00:00+09:00,18750.0,19350.0,18300.0,18550.0,175778,0.0,0.0
2021-03-03 00:00:00+09:00,18700.0,19050.0,18450.0,18800.0,87401,0.0,0.0
2021-03-04 00:00:00+09:00,18600.0,18950.0,18400.0,18600.0,80032,0.0,0.0
2021-03-05 00:00:00+09:00,18300.0,18500.0,17650.0,18300.0,151103,0.0,0.0
2021-03-08 00:00:00+09:00,18500.0,18550.0,17700.0,17750.0,90462,0.0,0.0
2021-03-09 00:00:00+09:00,17700.0,17800.0,16850.0,17500.0,125158,0.0,0.0
2021-03-10 00:00:00+09:00,18000.0,19750.0,17750.0,17850.0,616989,0.0,0.0
2021-03-11 00:00:00+09:00,18000.0,18500.0,18000.0,18200.0,105705,0.0,0.0
2021-03-12 00:00:00+09:00,18650.0,19000.0,18400.0,18700.0,148627,0.0,0.0
2021-03-15 00:00:00+09:00,18850.0,18900.0,18400.0,18500.0,77208,0.0,0.0
2021-03-16 00:00:00+09:00,18800.0,18800.0,18450.0,18550.0,86723,0.0,0.0
2021-03-17 00:00:00+09:00,18550.0,18600.0,18100.0,18250.0,83311,0.0,0.0
2021-03-18 00:00:00+09:00,18400.0,18850.0,18250.0,18450.0,100597,0.0,0.0
2021-03-19 00:00:00+09:00,18000.0,18500.0,17950.0,18350.0,72923,0.0,0.0
2021-03-22 00:00:00+09:00,18600.0,19000.0,18400.0,18800.0,138479,0.0,0.0
2021-03-23 00:00:00+09:00,19000.0,19000.0,18300.0,18350.0,90846,0.0,0.0
2021-03-24 00:00:00+09:00,18300.0,19800.0,18050.0,19800.0,470010,0.0,0.0
2021-03-25 00:00:00+09:00,19800.0,20050.0,19350.0,19950.0,421762,0.0,0.0
2021-03-26 00:00:00+09:00,19900.0,20050.0,19300.0,19450.0,165536,0.0,0.0
2021-03-29 00:00:00+09:00,19750.0,19900.0,19050.0,19100.0,175183,0.0,0.0
2021-03-30 00:00:00+09:00,19150.0,20100.0,19150.0,20050.0,278787,0.0,0.0
2021-03-31 00:00:00+09:00,20150.0,20500.0,19650.0,19850.0,442594,0.0,0.0
2021-04-01 00:00:00+09:00,20000.0,20700.0,19900.0,20700.0,341473,0.0,0.0
2021-04-02 00:00:00+09:00,20900.0,21150.0,20550.0,20800.0,349496,0.0,0.0
2021-04-05 00:00:00+09:00,20800.0,20900.0,20300.0,20800.0,178951,0.0,0.0
2021-04-06 00:00:00+09:00,20900.0,20950.0,20100.0,20200.0,166203,0.0,0.0
2021-04-07 00:00:00+09:00,20500.0,20700.0,20300.0,20600.0,126519,0.0,0.0
2021-04-08 00:00:00+09:00,20450.0,20500.0,20100.0,20400.0,115760,0.0,0.0
2021-04-09 00:00:00+09:00,20350.0,20500.0,19700.0,20100.0,217602,0.0,0.0
2021-04-12 00:00:00+09:00,20150.0,20700.0,19850.0,20550.0,152188,0.0,0.0
2021-04-13 00:00:00+09:00,20650.0,20850.0,20400.0,20800.0,189830,0.0,0.0
2021-04-14 00:00:00+09:00,20950.0,21200.0,20550.0,20650.0,227621,0.0,0.0
2021-04-15 00:00:00+09:00,20650.0,20800.0,20300.0,20450.0,124751,0.0,0.0
2021-04-16 00:00:00+09:00,20350.0,20550.0,19900.0,19900.0,193271,0.0,0.0
2021-04-19 00:00:00+09:00,20000.0,20300.0,19700.0,20050.0,180764,0.0,0.0
2021-04-20 00:00:00+09:00,20000.0,20200.0,19600.0,19650.0,246885,0.0,0.0
2021-04-21 00:00:00+09:00,19650.0,20100.0,19350.0,19750.0,150483,0.0,0.0
2021-04-22 00:00:00+09:00,19800.0,19950.0,19650.0,19750.0,79017,0.0,0.0
2021-04-23 00:00:00+09:00,19700.0,20050.0,19450.0,19750.0,106330,0.0,0.0
2021-04-26 00:00:00+09:00,19800.0,20400.0,19750.0,20350.0,178523,0.0,0.0
2021-04-27 00:00:00+09:00,20600.0,20600.0,19900.0,20000.0,105222,0.0,0.0
2021-04-28 00:00:00+09:00,20000.0,20150.0,19500.0,19800.0,220147,0.0,0.0
2021-04-29 00:00:00+09:00,20000.0,20750.0,19800.0,20550.0,388959,0.0,0.0
2021-04-30 00:00:00+09:00,20800.0,20950.0,19750.0,19750.0,386557,0.0,0.0
2021-05-03 00:00:00+09:00,19800.0,20300.0,19650.0,19700.0,150180,0.0,0.0
2021-05-04 00:00:00+09:00,19600.0,20000.0,18900.0,19850.0,194227,0.0,0.0
2021-05-06 00:00:00+09:00,20200.0,21650.0,20050.0,21100.0,1547598,0.0,0.0
2021-05-07 00:00:00+09:00,21100.0,21300.0,20600.0,20850.0,321412,0.0,0.0
2021-05-10 00:00:00+09:00,21500.0,21950.0,20700.0,20950.0,477251,0.0,0.0
2021-05-11 00:00:00+09:00,20750.0,21000.0,20100.0,20750.0,349672,0.0,0.0
2021-05-12 00:00:00+09:00,20900.0,20900.0,19350.0,19500.0,535395,0.0,0.0
2021-05-13 00:00:00+09:00,19100.0,19900.0,18950.0,19450.0,212520,0.0,0.0
2021-05-14 00:00:00+09:00,19650.0,19900.0,19450.0,19850.0,99057,0.0,0.0
2021-05-17 00:00:00+09:00,20100.0,20350.0,19600.0,19700.0,159940,0.0,0.0
2021-05-18 00:00:00+09:00,19800.0,19950.0,19600.0,19800.0,127431,0.0,0.0
2021-05-20 00:00:00+09:00,20000.0,20200.0,19500.0,19750.0,136045,0.0,0.0
2021-05-21 00:00:00+09:00,19950.0,19950.0,19100.0,19250.0,1136805,0.0,0.0
2021-05-24 00:00:00+09:00,19250.0,19300.0,18300.0,18350.0,276322,0.0,0.0
2021-05-25 00:00:00+09:00,18350.0,18750.0,18350.0,18600.0,153545,0.0,0.0
2021-05-26 00:00:00+09:00,18500.0,19000.0,18500.0,18700.0,90822,0.0,0.0
2021-05-27 00:00:00+09:00,18700.0,18900.0,18500.0,18600.0,87036,0.0,0.0
2021-05-28 00:00:00+09:00,18700.0,18750.0,18400.0,18450.0,163922,0.0,0.0
2021-05-31 00:00:00+09:00,18500.0,18550.0,18250.0,18400.0,187932,0.0,0.0
2021-06-01 00:00:00+09:00,18450.0,18750.0,18200.0,18750.0,121457,0.0,0.0
2021-06-02 00:00:00+09:00,18800.0,18850.0,18450.0,18650.0,155084,0.0,0.0
2021-06-03 00:00:00+09:00,18750.0,19100.0,18600.0,18950.0,159498,0.0,0.0
2021-06-04 00:00:00+09:00,18850.0,18850.0,18500.0,18650.0,96643,0.0,0.0
2021-06-07 00:00:00+09:00,18750.0,18850.0,18500.0,18550.0,133273,0.0,0.0
2021-06-08 00:00:00+09:00,18700.0,18850.0,18600.0,18750.0,166191,0.0,0.0
2021-06-09 00:00:00+09:00,18800.0,19050.0,18650.0,18950.0,226275,0.0,0.0
2021-06-10 00:00:00+09:00,18850.0,19900.0,18750.0,19550.0,472941,0.0,0.0
2021-06-11 00:00:00+09:00,19650.0,20750.0,19500.0,20450.0,824256,0.0,0.0
2021-06-14 00:00:00+09:00,20450.0,20750.0,20450.0,20450.0,172854,0.0,0.0
2021-06-15 00:00:00+09:00,20600.0,21500.0,20200.0,21050.0,601101,0.0,0.0
2021-06-16 00:00:00+09:00,20900.0,22550.0,20800.0,21900.0,1235697,0.0,0.0
2021-06-17 00:00:00+09:00,21600.0,23000.0,21500.0,22800.0,788450,0.0,0.0
2021-06-18 00:00:00+09:00,22650.0,23400.0,22300.0,22850.0,674400,0.0,0.0
2021-06-21 00:00:00+09:00,22600.0,23450.0,21900.0,22950.0,557677,0.0,0.0
2021-06-22 00:00:00+09:00,23250.0,23400.0,22050.0,22700.0,383796,0.0,0.0
2021-06-23 00:00:00+09:00,23550.0,23550.0,22100.0,22350.0,460502,0.0,0.0
2021-06-24 00:00:00+09:00,22150.0,22200.0,21050.0,21150.0,648497,0.0,0.0
2021-06-25 00:00:00+09:00,21300.0,22000.0,21250.0,21500.0,310240,0.0,0.0
2021-06-28 00:00:00+09:00,21850.0,22100.0,21650.0,21900.0,222334,0.0,0.0
2021-06-29 00:00:00+09:00,22300.0,24350.0,22100.0,24100.0,1435510,0.0,0.0
2021-06-30 00:00:00+09:00,24300.0,24450.0,23800.0,24050.0,607106,0.0,0.0
2021-07-01 00:00:00+09:00,23950.0,24000.0,23300.0,23600.0,288931,0.0,0.0
2021-07-02 00:00:00+09:00,23500.0,23550.0,22750.0,23300.0,263168,0.0,0.0
2021-07-05 00:00:00+09:00,23300.0,23800.0,23050.0,23450.0,224351,0.0,0.0
2021-07-06 00:00:00+09:00,23550.0,23550.0,22650.0,22900.0,250238,0.0,0.0
2021-07-07 00:00:00+09:00,22800.0,23300.0,22600.0,22850.0,191022,0.0,0.0
2021-07-08 00:00:00+09:00,22850.0,23200.0,22300.0,22750.0,320631,0.0,0.0
2021-07-09 00:00:00+09:00,22300.0,22700.0,21700.0,22650.0,279472,0.0,0.0
2021-07-12 00:00:00+09:00,22750.0,22750.0,22250.0,22300.0,183040,0.0,0.0
2021-07-13 00:00:00+09:00,22250.0,22950.0,22250.0,22950.0,192497,0.0,0.0
2021-07-14 00:00:00+09:00,22650.0,23050.0,22200.0,22600.0,235921,0.0,0.0
2021-07-15 00:00:00+09:00,22800.0,23650.0,22450.0,23650.0,418827,0.0,0.0
2021-07-16 00:00:00+09:00,23750.0,24450.0,23350.0,24000.0,615928,0.0,0.0
2021-07-19 00:00:00+09:00,23850.0,25450.0,23400.0,25400.0,1008062,0.0,0.0
2021-07-20 00:00:00+09:00,25000.0,25700.0,24100.0,24600.0,580981,0.0,0.0
2021-07-21 00:00:00+09:00,24800.0,26350.0,24550.0,25700.0,569971,0.0,0.0
2021-07-22 00:00:00+09:00,25800.0,26100.0,25200.0,25500.0,293878,0.0,0.0
2021-07-23 00:00:00+09:00,25800.0,26150.0,24750.0,25900.0,292815,0.0,0.0
2021-07-26 00:00:00+09:00,26000.0,26400.0,24700.0,24850.0,349355,0.0,0.0
2021-07-27 00:00:00+09:00,25100.0,25200.0,24300.0,24550.0,233287,0.0,0.0
2021-07-28 00:00:00+09:00,24300.0,25100.0,24150.0,24600.0,263529,0.0,0.0
2021-07-29 00:00:00+09:00,25550.0,25900.0,24750.0,25050.0,501240,0.0,0.0
2021-07-30 00:00:00+09:00,25100.0,26550.0,25000.0,25750.0,487925,0.0,0.0
2021-08-02 00:00:00+09:00,26100.0,26150.0,25250.0,25650.0,278108,0.0,0.0
2021-08-03 00:00:00+09:00,25800.0,26800.0,25650.0,26550.0,369150,0.0,0.0
2021-08-04 00:00:00+09:00,26550.0,26750.0,25900.0,26150.0,190074,0.0,0.0
2021-08-05 00:00:00+09:00,26000.0,26500.0,25800.0,26050.0,140728,0.0,0.0
2021-08-06 00:00:00+09:00,26050.0,27100.0,25750.0,26600.0,358582,0.0,0.0
2021-08-09 00:00:00+09:00,26300.0,27150.0,26200.0,26950.0,221576,0.0,0.0
2021-08-10 00:00:00+09:00,27100.0,28700.0,26800.0,27000.0,580670,0.0,0.0
2021-08-11 00:00:00+09:00,26900.0,29300.0,26850.0,27900.0,1036548,0.0,0.0
2021-08-12 00:00:00+09:00,28400.0,32500.0,28200.0,32100.0,1911461,0.0,0.0
2021-08-13 00:00:00+09:00,32150.0,33700.0,31650.0,32500.0,919160,0.0,0.0
2021-08-17 00:00:00+09:00,31900.0,32050.0,29600.0,30750.0,672821,0.0,0.0
2021-08-18 00:00:00+09:00,30350.0,30750.0,29250.0,30150.0,435463,0.0,0.0
2021-08-19 00:00:00+09:00,29650.0,30600.0,29550.0,29700.0,320777,0.0,0.0
2021-08-20 00:00:00+09:00,30150.0,30350.0,28750.0,29200.0,355972,0.0,0.0
2021-08-23 00:00:00+09:00,29500.0,29750.0,28800.0,29300.0,199429,0.0,0.0
2021-08-24 00:00:00+09:00,29450.0,30100.0,28100.0,28950.0,453651,0.0,0.0
2021-08-25 00:00:00+09:00,29250.0,29250.0,28200.0,29000.0,284486,0.0,0.0
2021-08-26 00:00:00+09:00,29100.0,29100.0,28050.0,28400.0,282436,0.0,0.0
2021-08-27 00:00:00+09:00,28000.0,28750.0,27800.0,28550.0,165933,0.0,0.0
2021-08-30 00:00:00+09:00,29100.0,29150.0,28100.0,28400.0,174652,0.0,0.0
2021-08-31 00:00:00+09:00,28800.0,30300.0,28350.0,29600.0,576217,0.0,0.0
2021-09-01 00:00:00+09:00,30150.0,30700.0,29500.0,29750.0,363583,0.0,0.0
2021-09-02 00:00:00+09:00,30000.0,30000.0,28550.0,28800.0,309614,0.0,0.0
2021-09-03 00:00:00+09:00,28700.0,29100.0,28300.0,28950.0,173574,0.0,0.0
2021-09-06 00:00:00+09:00,29450.0,29500.0,28850.0,29500.0,164586,0.0,0.0
2021-09-07 00:00:00+09:00,29750.0,30700.0,29350.0,30650.0,605817,0.0,0.0
2021-09-08 00:00:00+09:00,30600.0,30600.0,29800.0,30000.0,273026,0.0,0.0
2021-09-09 00:00:00+09:00,29900.0,30500.0,29000.0,29200.0,193576,0.0,0.0
2021-09-10 00:00:00+09:00,29250.0,29500.0,28400.0,28650.0,227233,0.0,0.0
2021-09-13 00:00:00+09:00,28600.0,28950.0,28000.0,28450.0,240938,0.0,0.0
2021-09-14 00:00:00+09:00,28850.0,32450.0,28850.0,31950.0,2422862,0.0,0.0
2021-09-15 00:00:00+09:00,32200.0,32300.0,30600.0,30700.0,595592,0.0,0.0
2021-09-16 00:00:00+09:00,31050.0,31850.0,30500.0,31650.0,529173,0.0,0.0
2021-09-17 00:00:00+09:00,31650.0,31800.0,30250.0,30250.0,332559,0.0,0.0
2021-09-23 00:00:00+09:00,29500.0,30600.0,29250.0,29850.0,241112,0.0,0.0
2021-09-24 00:00:00+09:00,29900.0,30500.0,29700.0,29850.0,202228,0.0,0.0
2021-09-27 00:00:00+09:00,29450.0,30250.0,29350.0,29800.0,179303,0.0,0.0
2021-09-28 00:00:00+09:00,29350.0,29800.0,26250.0,26750.0,1216499,0.0,0.0
2021-09-29 00:00:00+09:00,26500.0,26650.0,25300.0,26200.0,478890,0.0,0.0
2021-09-30 00:00:00+09:00,26500.0,27300.0,25700.0,26800.0,341866,0.0,0.0
2021-10-01 00:00:00+09:00,26600.0,26600.0,25150.0,25150.0,395918,0.0,0.0
2021-10-05 00:00:00+09:00,24650.0,25200.0,24050.0,24750.0,258795,0.0,0.0
2021-10-06 00:00:00+09:00,24850.0,25300.0,22950.0,23700.0,356068,0.0,0.0
2021-10-07 00:00:00+09:00,24250.0,24550.0,23750.0,24500.0,127683,0.0,0.0
2021-10-08 00:00:00+09:00,24650.0,24700.0,23400.0,23600.0,142602,0.0,0.0
2021-10-12 00:00:00+09:00,23900.0,23900.0,22300.0,22650.0,366179,0.0,0.0
2021-10-13 00:00:00+09:00,22650.0,23200.0,22300.0,22750.0,236552,0.0,0.0
2021-10-14 00:00:00+09:00,23050.0,24050.0,22900.0,23800.0,194331,0.0,0.0
2021-10-15 00:00:00+09:00,24250.0,25700.0,24100.0,25450.0,375478,0.0,0.0
2021-10-18 00:00:00+09:00,26400.0,26800.0,25800.0,26200.0,418251,0.0,0.0
2021-10-19 00:00:00+09:00,26350.0,26700.0,25450.0,26450.0,211764,0.0,0.0
2021-10-20 00:00:00+09:00,26250.0,26550.0,25150.0,25900.0,183214,0.0,0.0
2021-10-21 00:00:00+09:00,26000.0,26050.0,24600.0,24850.0,200880,0.0,0.0
2021-10-22 00:00:00+09:00,25100.0,25100.0,24400.0,24650.0,110465,0.0,0.0
2021-10-25 00:00:00+09:00,24700.0,24700.0,23650.0,24500.0,214294,0.0,0.0
2021-10-26 00:00:00+09:00,24650.0,25000.0,24450.0,24500.0,95497,0.0,0.0
2021-10-27 00:00:00+09:00,24600.0,24600.0,23800.0,24100.0,163262,0.0,0.0
2021-10-28 00:00:00+09:00,23950.0,25300.0,23900.0,24800.0,212151,0.0,0.0
2021-10-29 00:00:00+09:00,25100.0,25150.0,23800.0,23850.0,156963,0.0,0.0
2021-11-01 00:00:00+09:00,23750.0,23900.0,23200.0,23550.0,82523,0.0,0.0
2021-11-02 00:00:00+09:00,23850.0,24500.0,23700.0,24050.0,98827,0.0,0.0
2021-11-03 00:00:00+09:00,24200.0,24400.0,23850.0,24150.0,78313,0.0,0.0
2021-11-04 00:00:00+09:00,24300.0,24700.0,23600.0,23800.0,133534,0.0,0.0
2021-11-05 00:00:00+09:00,24000.0,24400.0,23650.0,23700.0,100471,0.0,0.0
2021-11-08 00:00:00+09:00,23850.0,24000.0,23000.0,23600.0,124802,0.0,0.0
2021-11-09 00:00:00+09:00,23350.0,23700.0,23000.0,23500.0,122840,0.0,0.0
2021-11-10 00:00:00+09:00,23350.0,23400.0,22150.0,22200.0,281290,0.0,0.0
2021-11-11 00:00:00+09:00,21900.0,22550.0,21500.0,22050.0,119596,0.0,0.0
2021-11-12 00:00:00+09:00,23350.0,24300.0,23000.0,23250.0,439471,0.0,0.0
2021-11-15 00:00:00+09:00,23750.0,29000.0,23700.0,28250.0,2655150,0.0,0.0
2021-11-16 00:00:00+09:00,28150.0,29200.0,27500.0,27900.0,718371,0.0,0.0
2021-11-17 00:00:00+09:00,27900.0,29300.0,27800.0,28650.0,437187,0.0,0.0
2021-11-18 00:00:00+09:00,29300.0,32400.0,29300.0,31300.0,1937687,0.0,0.0
2021-11-19 00:00:00+09:00,31700.0,39600.0,31500.0,35350.0,4915572,0.0,0.0
2021-11-22 00:00:00+09:00,35000.0,35650.0,33700.0,34300.0,899289,0.0,0.0
2021-11-23 00:00:00+09:00,34100.0,34650.0,31600.0,31700.0,713448,0.0,0.0
2021-11-24 00:00:00+09:00,31200.0,33750.0,29950.0,33050.0,976626,0.0,0.0
2021-11-25 00:00:00+09:00,32500.0,32900.0,30450.0,31050.0,879860,0.0,0.0
2021-11-26 00:00:00+09:00,31100.0,32100.0,30450.0,31100.0,535594,0.0,0.0
2021-11-29 00:00:00+09:00,29800.0,31000.0,29400.0,30050.0,532021,0.0,0.0
2021-11-30 00:00:00+09:00,30650.0,31550.0,27950.0,28300.0,589252,0.0,0.0
2021-12-01 00:00:00+09:00,28550.0,29800.0,27100.0,29100.0,532205,0.0,0.0
2021-12-02 00:00:00+09:00,28450.0,29900.0,28400.0,29600.0,680389,0.0,0.0
2021-12-03 00:00:00+09:00,29800.0,29850.0,28450.0,29300.0,417021,0.0,0.0
2021-12-06 00:00:00+09:00,29150.0,29600.0,28750.0,28950.0,356122,0.0,0.0
2021-12-07 00:00:00+09:00,29350.0,31250.0,29300.0,29950.0,945251,0.0,0.0
2021-12-08 00:00:00+09:00,30450.0,30750.0,29500.0,29500.0,480082,0.0,0.0
2021-12-09 00:00:00+09:00,30000.0,30000.0,28700.0,28900.0,387803,0.0,0.0
2021-12-10 00:00:00+09:00,28750.0,28750.0,27650.0,27950.0,412873,0.0,0.0
2021-12-13 00:00:00+09:00,27950.0,28350.0,27550.0,27850.0,191550,0.0,0.0
2021-12-14 00:00:00+09:00,27750.0,28000.0,26700.0,27050.0,287410,0.0,0.0
2021-12-15 00:00:00+09:00,26750.0,27300.0,26400.0,26900.0,221826,0.0,0.0
2021-12-16 00:00:00+09:00,27450.0,27650.0,26750.0,26800.0,206184,0.0,0.0
2021-12-17 00:00:00+09:00,26450.0,26550.0,25850.0,26200.0,288409,0.0,0.0
2021-12-20 00:00:00+09:00,26350.0,26600.0,25700.0,25750.0,177569,0.0,0.0
2021-12-21 00:00:00+09:00,25900.0,26400.0,25500.0,26250.0,214130,0.0,0.0
2021-12-22 00:00:00+09:00,26800.0,27050.0,26400.0,26500.0,200150,0.0,0.0
2021-12-23 00:00:00+09:00,26950.0,29100.0,26550.0,29100.0,883782,0.0,0.0
2021-12-24 00:00:00+09:00,29250.0,29250.0,28300.0,28650.0,329956,0.0,0.0
2021-12-27 00:00:00+09:00,28350.0,29600.0,27900.0,29450.0,390255,0.0,0.0
2021-12-28 00:00:00+09:00,30250.0,30750.0,28950.0,29650.0,607445,0.0,0.0
2021-12-29 00:00:00+09:00,30000.0,30800.0,29600.0,30600.0,613499,0.0,0.0
2021-12-30 00:00:00+09:00,30600.0,31200.0,30300.0,30850.0,357866,0.0,0.0
2022-01-04 00:00:00+09:00,30300.0,30300.0,28650.0,29300.0,463374,0.0,0.0
2022-01-05 00:00:00+09:00,29150.0,29150.0,27850.0,27950.0,326193,0.0,0.0
2022-01-06 00:00:00+09:00,27350.0,28600.0,27350.0,27450.0,368452,0.0,0.0
2022-01-07 00:00:00+09:00,27800.0,29800.0,27700.0,29600.0,602078,0.0,0.0
2022-01-10 00:00:00+09:00,29200.0,29250.0,28200.0,28750.0,232740,0.0,0.0
2022-01-11 00:00:00+09:00,29000.0,29250.0,27600.0,27800.0,262323,0.0,0.0
2022-01-12 00:00:00+09:00,28250.0,29200.0,28000.0,29100.0,248437,0.0,0.0
2022-01-13 00:00:00+09:00,29150.0,29850.0,28500.0,29700.0,267711,0.0,0.0
2022-01-14 00:00:00+09:00,29100.0,29200.0,28050.0,28800.0,297548,0.0,0.0
2022-01-17 00:00:00+09:00,28800.0,29050.0,28300.0,28450.0,129661,0.0,0.0
2022-01-18 00:00:00+09:00,28300.0,29450.0,28300.0,28800.0,244840,0.0,0.0
2022-01-19 00:00:00+09:00,28650.0,31300.0,28250.0,30600.0,1382505,0.0,0.0
2022-01-20 00:00:00+09:00,31100.0,33500.0,31000.0,32650.0,2214930,0.0,0.0
2022-01-21 00:00:00+09:00,32650.0,33200.0,30600.0,31100.0,1018494,0.0,0.0
2022-01-24 00:00:00+09:00,31000.0,32750.0,30350.0,32050.0,982007,0.0,0.0
2022-01-25 00:00:00+09:00,32100.0,33150.0,30900.0,32700.0,671672,0.0,0.0
2022-01-26 00:00:00+09:00,33350.0,33400.0,30300.0,30300.0,783194,0.0,0.0
2022-01-27 00:00:00+09:00,30400.0,31000.0,29000.0,30300.0,626362,0.0,0.0
2022-01-28 00:00:00+09:00,30300.0,30750.0,27850.0,29300.0,636237,0.0,0.0
2022-02-03 00:00:00+09:00,29650.0,29950.0,29000.0,29300.0,260181,0.0,0.0
2022-02-04 00:00:00+09:00,29200.0,30600.0,28650.0,30600.0,363268,0.0,0.0
2022-02-07 00:00:00+09:00,30700.0,31500.0,29950.0,30500.0,405073,0.0,0.0
2022-02-08 00:00:00+09:00,30450.0,31500.0,29950.0,30200.0,395889,0.0,0.0
2022-02-09 00:00:00+09:00,30550.0,32300.0,30250.0,32250.0,561756,0.0,0.0
2022-02-10 00:00:00+09:00,32350.0,32400.0,31250.0,32000.0,326635,0.0,0.0
2022-02-11 00:00:00+09:00,31350.0,31700.0,30250.0,30350.0,335575,0.0,0.0
2022-02-14 00:00:00+09:00,29450.0,30150.0,28550.0,29150.0,316937,0.0,0.0
2022-02-15 00:00:00+09:00,29050.0,29650.0,27800.0,27950.0,203019,0.0,0.0
2022-02-16 00:00:00+09:00,28800.0,29650.0,28800.0,29550.0,177322,0.0,0.0
2022-02-17 00:00:00+09:00,29700.0,31150.0,29250.0,30000.0,399326,0.0,0.0
2022-02-18 00:00:00+09:00,29350.0,30250.0,29300.0,30000.0,127980,0.0,0.0
2022-02-21 00:00:00+09:00,29500.0,30050.0,29050.0,29850.0,79893,0.0,0.0
2022-02-22 00:00:00+09:00,29100.0,29850.0,28950.0,29200.0,119999,0.0,0.0
2022-02-23 00:00:00+09:00,29500.0,29550.0,28450.0,28700.0,207168,0.0,0.0
2022-02-24 00:00:00+09:00,28350.0,28550.0,27050.0,27400.0,270200,0.0,0.0
2022-02-25 00:00:00+09:00,28100.0,28500.0,27600.0,27900.0,138314,0.0,0.0
2022-02-28 00:00:00+09:00,27800.0,28100.0,27250.0,27700.0,107162,0.0,0.0
2022-03-02 00:00:00+09:00,27650.0,28050.0,27150.0,28050.0,121158,0.0,0.0
2022-03-03 00:00:00+09:00,28300.0,28800.0,28250.0,28400.0,147122,0.0,0.0
2022-03-04 00:00:00+09:00,28400.0,28650.0,27750.0,28000.0,96088,0.0,0.0
2022-03-07 00:00:00+09:00,27450.0,27450.0,26300.0,27150.0,205548,0.0,0.0
2022-03-08 00:00:00+09:00,26300.0,27000.0,26200.0,26450.0,108560,0.0,0.0
2022-03-10 00:00:00+09:00,26850.0,27400.0,26400.0,26850.0,115968,0.0,0.0
2022-03-11 00:00:00+09:00,27100.0,27100.0,25650.0,25900.0,197221,0.0,0.0
2022-03-14 00:00:00+09:00,25900.0,25900.0,24150.0,24300.0,313872,0.0,0.0
2022-03-15 00:00:00+09:00,24000.0,24600.0,23650.0,24200.0,155275,0.0,0.0
2022-03-16 00:00:00+09:00,24400.0,24650.0,23300.0,24100.0,294647,0.0,0.0
2022-03-17 00:00:00+09:00,24800.0,25900.0,24700.0,25300.0,241341,0.0,0.0
2022-03-18 00:00:00+09:00,25350.0,26200.0,25250.0,25900.0,345959,0.0,0.0
2022-03-21 00:00:00+09:00,26250.0,26350.0,25650.0,25750.0,170677,0.0,0.0
2022-03-22 00:00:00+09:00,25950.0,26750.0,25900.0,26250.0,137663,0.0,0.0
2022-03-23 00:00:00+09:00,26500.0,26600.0,25800.0,26000.0,151319,0.0,0.0
2022-03-24 00:00:00+09:00,25750.0,25950.0,25450.0,25800.0,98024,0.0,0.0
2022-03-25 00:00:00+09:00,26200.0,27900.0,25800.0,27700.0,410907,0.0,0.0
2022-03-28 00:00:00+09:00,27700.0,27750.0,26900.0,27050.0,171245,0.0,0.0
2022-03-29 00:00:00+09:00,27100.0,27700.0,26800.0,26850.0,162743,0.0,0.0
2022-03-30 00:00:00+09:00,27200.0,27650.0,26750.0,26850.0,112052,0.0,0.0
2022-03-31 00:00:00+09:00,26800.0,27250.0,26500.0,27000.0,103767,0.0,0.0
2022-04-01 00:00:00+09:00,26600.0,26950.0,26000.0,26300.0,133188,0.0,0.0
2022-04-04 00:00:00+09:00,26300.0,26500.0,25700.0,26350.0,148583,0.0,0.0
2022-04-05 00:00:00+09:00,26500.0,27050.0,26350.0,26700.0,95921,0.0,0.0
2022-04-06 00:00:00+09:00,26500.0,26500.0,26000.0,26100.0,80156,0.0,0.0
2022-04-07 00:00:00+09:00,25650.0,25850.0,25050.0,25150.0,147432,0.0,0.0
2022-04-08 00:00:00+09:00,25350.0,25850.0,25200.0,25800.0,111474,0.0,0.0
2022-04-11 00:00:00+09:00,25700.0,25900.0,25250.0,25300.0,42031,0.0,0.0
2022-04-12 00:00:00+09:00,24850.0,25450.0,24850.0,25350.0,40424,0.0,0.0
2022-04-13 00:00:00+09:00,25250.0,25800.0,25000.0,25350.0,95787,0.0,0.0
2022-04-14 00:00:00+09:00,25550.0,25950.0,25450.0,25750.0,66055,0.0,0.0
2022-04-15 00:00:00+09:00,25600.0,25600.0,23850.0,25200.0,149797,0.0,0.0
2022-04-18 00:00:00+09:00,24800.0,25200.0,24800.0,25000.0,46723,0.0,0.0
2022-04-19 00:00:00+09:00,25050.0,25400.0,25050.0,25350.0,61268,0.0,0.0
2022-04-20 00:00:00+09:00,25600.0,25950.0,25150.0,25350.0,92518,0.0,0.0
2022-04-21 00:00:00+09:00,25450.0,25500.0,25000.0,25050.0,85699,0.0,0.0
2022-04-22 00:00:00+09:00,24800.0,24950.0,24500.0,24700.0,109919,0.0,0.0
2022-04-25 00:00:00+09:00,24200.0,24400.0,23600.0,23800.0,155222,0.0,0.0
2022-04-26 00:00:00+09:00,23900.0,24200.0,23500.0,23600.0,75094,0.0,0.0
2022-04-27 00:00:00+09:00,22750.0,23450.0,22650.0,23200.0,154140,0.0,0.0
2022-04-28 00:00:00+09:00,23300.0,23400.0,22600.0,22700.0,131448,0.0,0.0
2022-04-29 00:00:00+09:00,22900.0,23550.0,22700.0,23450.0,116966,0.0,0.0
2022-05-03 00:00:00+09:00,23400.0,23850.0,23350.0,23500.0,69378,0.0,0.0
2022-05-04 00:00:00+09:00,23450.0,23750.0,23400.0,23550.0,52945,0.0,0.0
2022-05-06 00:00:00+09:00,23500.0,23500.0,22950.0,23350.0,90660,0.0,0.0
2022-05-10 00:00:00+09:00,22350.0,24350.0,22300.0,23800.0,150905,0.0,0.0
2022-05-11 00:00:00+09:00,23800.0,23950.0,22800.0,22850.0,137470,0.0,0.0
2022-05-12 00:00:00+09:00,22700.0,22700.0,21400.0,21600.0,167004,0.0,0.0
2022-05-13 00:00:00+09:00,21650.0,22150.0,21250.0,21550.0,222906,0.0,0.0
2022-05-16 00:00:00+09:00,21800.0,22400.0,20950.0,21300.0,233204,0.0,0.0
2022-05-17 00:00:00+09:00,21200.0,22350.0,21100.0,22150.0,169279,0.0,0.0
2022-05-18 00:00:00+09:00,22150.0,22150.0,21350.0,21350.0,133838,0.0,0.0
2022-05-19 00:00:00+09:00,20450.0,21200.0,20250.0,21000.0,250221,0.0,0.0
2022-05-20 00:00:00+09:00,21100.0,21450.0,20950.0,21300.0,132755,0.0,0.0
2022-05-23 00:00:00+09:00,21400.0,22100.0,21250.0,22000.0,152277,0.0,0.0
2022-05-24 00:00:00+09:00,21800.0,21950.0,20950.0,20950.0,154182,0.0,0.0
2022-05-25 00:00:00+09:00,21100.0,21200.0,20700.0,20800.0,127327,0.0,0.0
2022-05-26 00:00:00+09:00,20800.0,21300.0,20750.0,20750.0,78176,0.0,0.0
2022-05-27 00:00:00+09:00,20950.0,21200.0,20450.0,20600.0,64344,0.0,0.0
2022-05-30 00:00:00+09:00,20850.0,21400.0,20650.0,21350.0,73080,0.0,0.0
2022-05-31 00:00:00+09:00,21450.0,21500.0,20900.0,21000.0,54820,0.0,0.0
2022-06-02 00:00:00+09:00,21150.0,21150.0,20600.0,20700.0,51873,0.0,0.0
2022-06-03 00:00:00+09:00,20850.0,21000.0,20600.0,20700.0,50732,0.0,0.0
2022-06-07 00:00:00+09:00,20700.0,20700.0,19900.0,19950.0,80423,0.0,0.0
2022-06-08 00:00:00+09:00,20100.0,20250.0,19850.0,19850.0,41966,0.0,0.0
2022-06-09 00:00:00+09:00,19850.0,19950.0,19500.0,19900.0,57566,0.0,0.0
2022-06-10 00:00:00+09:00,19800.0,19850.0,19300.0,19350.0,53822,0.0,0.0
2022-06-13 00:00:00+09:00,18700.0,19000.0,18150.0,18150.0,163052,0.0,0.0
2022-06-14 00:00:00+09:00,17550.0,18100.0,17250.0,17950.0,164030,0.0,0.0
2022-06-15 00:00:00+09:00,17700.0,18050.0,17050.0,17200.0,120630,0.0,0.0
2022-06-16 00:00:00+09:00,17400.0,17850.0,16900.0,17000.0,97952,0.0,0.0
2022-06-17 00:00:00+09:00,16650.0,17000.0,16300.0,16950.0,100263,0.0,0.0
2022-06-20 00:00:00+09:00,16950.0,17150.0,15700.0,16100.0,142378,0.0,0.0
2022-06-21 00:00:00+09:00,16050.0,16200.0,15700.0,16000.0,74835,0.0,0.0
2022-06-22 00:00:00+09:00,16150.0,16450.0,14850.0,14850.0,147547,0.0,0.0
2022-06-23 00:00:00+09:00,14850.0,15800.0,14500.0,14500.0,155517,0.0,0.0
2022-06-24 00:00:00+09:00,14550.0,15450.0,14550.0,15300.0,98416,0.0,0.0
2022-06-27 00:00:00+09:00,15600.0,16000.0,15200.0,15800.0,69934,0.0,0.0
2022-06-28 00:00:00+09:00,16050.0,16450.0,15900.0,16200.0,73638,0.0,0.0
2022-06-29 00:00:00+09:00,15950.0,16050.0,15650.0,16050.0,35197,0.0,0.0
2022-06-30 00:00:00+09:00,16050.0,16050.0,15300.0,15300.0,60093,0.0,0.0
2022-07-01 00:00:00+09:00,15250.0,15550.0,14800.0,14950.0,59209,0.0,0.0
2022-07-04 00:00:00+09:00,15100.0,15200.0,14350.0,14900.0,53307,0.0,0.0
2022-07-05 00:00:00+09:00,15000.0,15500.0,14950.0,15200.0,34429,0.0,0.0
2022-07-06 00:00:00+09:00,15200.0,15900.0,14800.0,14950.0,48972,0.0,0.0
2022-07-07 00:00:00+09:00,15100.0,15600.0,15050.0,15500.0,31432,0.0,0.0
2022-07-08 00:00:00+09:00,15600.0,15900.0,15300.0,15650.0,41141,0.0,0.0
2022-07-11 00:00:00+09:00,15650.0,15800.0,15300.0,15550.0,28581,0.0,0.0
2022-07-12 00:00:00+09:00,15250.0,15350.0,14700.0,14850.0,52694,0.0,0.0
2022-07-13 00:00:00+09:00,14800.0,15200.0,14700.0,15150.0,40341,0.0,0.0
2022-07-14 00:00:00+09:00,14950.0,15300.0,14900.0,15100.0,29234,0.0,0.0
2022-07-15 00:00:00+09:00,15150.0,15550.0,14850.0,15550.0,49547,0.0,0.0
2022-07-18 00:00:00+09:00,15650.0,15950.0,15250.0,15800.0,53075,0.0,0.0
2022-07-19 00:00:00+09:00,15800.0,15900.0,15500.0,15850.0,24696,0.0,0.0
2022-07-20 00:00:00+09:00,16250.0,16300.0,15650.0,15700.0,57444,0.0,0.0
2022-07-21 00:00:00+09:00,15850.0,16000.0,15700.0,15900.0,33030,0.0,0.0
2022-07-22 00:00:00+09:00,16000.0,16200.0,15700.0,15700.0,69730,0.0,0.0
2022-07-25 00:00:00+09:00,15700.0,15850.0,15300.0,15500.0,45837,0.0,0.0
2022-07-26 00:00:00+09:00,15400.0,15650.0,15350.0,15650.0,23123,0.0,0.0
2022-07-27 00:00:00+09:00,15550.0,15800.0,15500.0,15800.0,27300,0.0,0.0
2022-07-28 00:00:00+09:00,16000.0,16150.0,15650.0,15750.0,36955,0.0,0.0
2022-07-29 00:00:00+09:00,15800.0,16200.0,15800.0,16050.0,56003,0.0,0.0
2022-08-01 00:00:00+09:00,16050.0,16250.0,15900.0,16000.0,35876,0.0,0.0
2022-08-02 00:00:00+09:00,16100.0,16100.0,15650.0,15700.0,30702,0.0,0.0
2022-08-03 00:00:00+09:00,15650.0,15850.0,15450.0,15750.0,44684,0.0,0.0
2022-08-04 00:00:00+09:00,15850.0,16500.0,15800.0,16200.0,96572,0.0,0.0
2022-08-05 00:00:00+09:00,16200.0,16400.0,15800.0,16050.0,52098,0.0,0.0
2022-08-08 00:00:00+09:00,15950.0,16050.0,15800.0,16000.0,36206,0.0,0.0
2022-08-09 00:00:00+09:00,15850.0,16000.0,15650.0,15950.0,42917,0.0,0.0
2022-08-10 00:00:00+09:00,15750.0,15850.0,15500.0,15550.0,64911,0.0,0.0
2022-08-11 00:00:00+09:00,15650.0,16200.0,15650.0,16000.0,78834,0.0,0.0
2022-08-12 00:00:00+09:00,16000.0,16500.0,15900.0,16500.0,79416,0.0,0.0
2022-08-16 00:00:00+09:00,16400.0,17150.0,16400.0,16850.0,138544,0.0,0.0
2022-08-17 00:00:00+09:00,17050.0,17100.0,16600.0,16750.0,72225,0.0,0.0
2022-08-18 00:00:00+09:00,16700.0,16750.0,16350.0,16750.0,54273,0.0,0.0
2022-08-19 00:00:00+09:00,16700.0,17050.0,16550.0,16650.0,58604,0.0,0.0
2022-08-22 00:00:00+09:00,16500.0,16500.0,16050.0,16100.0,49189,0.0,0.0
2022-08-23 00:00:00+09:00,15750.0,16000.0,15600.0,15900.0,59051,0.0,0.0
2022-08-24 00:00:00+09:00,15700.0,15900.0,15550.0,15650.0,54354,0.0,0.0
2022-08-25 00:00:00+09:00,15800.0,16300.0,15650.0,16300.0,64959,0.0,0.0
2022-08-26 00:00:00+09:00,16400.0,17200.0,16100.0,16800.0,115405,0.0,0.0
2022-08-29 00:00:00+09:00,15900.0,16300.0,15650.0,15750.0,98227,0.0,0.0
2022-08-30 00:00:00+09:00,15800.0,16300.0,15700.0,16300.0,46065,0.0,0.0
2022-08-31 00:00:00+09:00,16100.0,20800.0,16050.0,20050.0,3431584,0.0,0.0
2022-09-01 00:00:00+09:00,20350.0,22750.0,20100.0,20650.0,2750157,0.0,0.0
2022-09-02 00:00:00+09:00,20650.0,20900.0,20100.0,20200.0,580254,0.0,0.0
2022-09-05 00:00:00+09:00,22100.0,23200.0,20650.0,20850.0,3252442,0.0,0.0
2022-09-06 00:00:00+09:00,21950.0,22200.0,21000.0,21250.0,1076446,0.0,0.0
2022-09-07 00:00:00+09:00,21250.0,21750.0,20200.0,21500.0,846542,0.0,0.0
2022-09-08 00:00:00+09:00,21750.0,21800.0,20550.0,20850.0,575083,0.0,0.0
2022-09-13 00:00:00+09:00,21000.0,21100.0,20350.0,20600.0,381565,0.0,0.0
2022-09-14 00:00:00+09:00,19700.0,21000.0,19300.0,20700.0,444144,0.0,0.0
2022-09-15 00:00:00+09:00,20650.0,22950.0,20650.0,22950.0,2161487,0.0,0.0
2022-09-16 00:00:00+09:00,22600.0,23050.0,21300.0,21450.0,740394,0.0,0.0
2022-09-19 00:00:00+09:00,21450.0,21500.0,18850.0,18850.0,750955,0.0,0.0
2022-09-20 00:00:00+09:00,19350.0,19750.0,18650.0,19100.0,294682,0.0,0.0
2022-09-21 00:00:00+09:00,19100.0,20300.0,18350.0,20050.0,378691,0.0,0.0
2022-09-22 00:00:00+09:00,19550.0,20400.0,19350.0,20350.0,288868,0.0,0.0
2022-09-23 00:00:00+09:00,19950.0,20250.0,18700.0,19000.0,220830,0.0,0.0
2022-09-26 00:00:00+09:00,18600.0,19250.0,17200.0,17450.0,329560,0.0,0.0
2022-09-27 00:00:00+09:00,17450.0,17700.0,16650.0,17550.0,239746,0.0,0.0
2022-09-28 00:00:00+09:00,17550.0,17800.0,16050.0,16250.0,321310,0.0,0.0
2022-09-29 00:00:00+09:00,16700.0,17000.0,15550.0,15550.0,217558,0.0,0.0
2022-09-30 00:00:00+09:00,15200.0,15700.0,14950.0,15300.0,228501,0.0,0.0
2022-10-04 00:00:00+09:00,15750.0,16300.0,15600.0,16300.0,93466,0.0,0.0
2022-10-05 00:00:00+09:00,16600.0,16800.0,15750.0,15750.0,110506,0.0,0.0
2022-10-06 00:00:00+09:00,16050.0,17100.0,16050.0,17100.0,156639,0.0,0.0
2022-10-07 00:00:00+09:00,16750.0,17350.0,16700.0,16750.0,108722,0.0,0.0
2022-10-11 00:00:00+09:00,16000.0,16250.0,15700.0,16000.0,126731,0.0,0.0
2022-10-12 00:00:00+09:00,15900.0,16400.0,15400.0,15750.0,157648,0.0,0.0
2022-10-13 00:00:00+09:00,15550.0,15650.0,14800.0,15000.0,137244,0.0,0.0
2022-10-14 00:00:00+09:00,15450.0,16050.0,15250.0,15950.0,129684,0.0,0.0
2022-10-17 00:00:00+09:00,15550.0,16500.0,15450.0,16250.0,108044,0.0,0.0
2022-10-18 00:00:00+09:00,16700.0,16750.0,16050.0,16400.0,103525,0.0,0.0
2022-10-19 00:00:00+09:00,16500.0,16600.0,16000.0,16050.0,126222,0.0,0.0
2022-10-20 00:00:00+09:00,16050.0,16300.0,15700.0,16000.0,89425,0.0,0.0
2022-10-21 00:00:00+09:00,16050.0,16750.0,15800.0,16000.0,94973,0.0,0.0
2022-10-24 00:00:00+09:00,16350.0,16900.0,16150.0,16450.0,115696,0.0,0.0
2022-10-25 00:00:00+09:00,16550.0,17000.0,16250.0,16300.0,169077,0.0,0.0
2022-10-26 00:00:00+09:00,16500.0,16500.0,15600.0,15700.0,104445,0.0,0.0
2022-10-27 00:00:00+09:00,15800.0,17200.0,15700.0,16950.0,250553,0.0,0.0
2022-10-28 00:00:00+09:00,17050.0,17750.0,16500.0,17050.0,165403,0.0,0.0
2022-10-31 00:00:00+09:00,17850.0,18150.0,17450.0,17450.0,261893,0.0,0.0
2022-11-01 00:00:00+09:00,17450.0,17950.0,17150.0,17500.0,131895,0.0,0.0
2022-11-02 00:00:00+09:00,17550.0,17900.0,17000.0,17200.0,136138,0.0,0.0
2022-11-03 00:00:00+09:00,17000.0,17800.0,16800.0,17650.0,105124,0.0,0.0
2022-11-04 00:00:00+09:00,17650.0,18500.0,17650.0,18000.0,207456,0.0,0.0
2022-11-07 00:00:00+09:00,18000.0,18100.0,17650.0,17900.0,75234,0.0,0.0
2022-11-08 00:00:00+09:00,18050.0,18450.0,18000.0,18100.0,147180,0.0,0.0
2022-11-09 00:00:00+09:00,18150.0,18150.0,17650.0,17850.0,124111,0.0,0.0
2022-11-10 00:00:00+09:00,17600.0,17650.0,17100.0,17450.0,98946,0.0,0.0
2022-11-11 00:00:00+09:00,18150.0,18400.0,17800.0,18250.0,213693,0.0,0.0
2022-11-14 00:00:00+09:00,18250.0,18450.0,16950.0,17150.0,207494,0.0,0.0
2022-11-15 00:00:00+09:00,17350.0,17950.0,17200.0,17750.0,124940,0.0,0.0
2022-11-16 00:00:00+09:00,17900.0,17950.0,17400.0,17550.0,72309,0.0,0.0
2022-11-17 00:00:00+09:00,17500.0,17500.0,16900.0,17100.0,88853,0.0,0.0
2022-11-18 00:00:00+09:00,17050.0,17250.0,16850.0,16900.0,59124,0.0,0.0
2022-11-21 00:00:00+09:00,16800.0,16900.0,16300.0,16350.0,72279,0.0,0.0
2022-11-22 00:00:00+09:00,16400.0,16500.0,15950.0,16250.0,81086,0.0,0.0
2022-11-23 00:00:00+09:00,16350.0,16800.0,16350.0,16450.0,67480,0.0,0.0
2022-11-24 00:00:00+09:00,16650.0,17200.0,16650.0,17100.0,102576,0.0,0.0
2022-11-25 00:00:00+09:00,17100.0,17300.0,16750.0,17000.0,58984,0.0,0.0
2022-11-28 00:00:00+09:00,16900.0,16900.0,16400.0,16650.0,72726,0.0,0.0
2022-11-29 00:00:00+09:00,16350.0,16850.0,16350.0,16750.0,35856,0.0,0.0
2022-11-30 00:00:00+09:00,16600.0,16900.0,16550.0,16650.0,36072,0.0,0.0
2022-12-01 00:00:00+09:00,17000.0,17150.0,16750.0,16850.0,65733,0.0,0.0
2022-12-02 00:00:00+09:00,16700.0,17100.0,16500.0,17000.0,63433,0.0,0.0
2022-12-05 00:00:00+09:00,17000.0,17450.0,16800.0,16800.0,78164,0.0,0.0
2022-12-06 00:00:00+09:00,16600.0,16700.0,16300.0,16450.0,58739,0.0,0.0
2022-12-07 00:00:00+09:00,16250.0,16550.0,16250.0,16400.0,41101,0.0,0.0
2022-12-08 00:00:00+09:00,16400.0,16550.0,16300.0,16500.0,46265,0.0,0.0
2022-12-09 00:00:00+09:00,16700.0,16700.0,16200.0,16350.0,53774,0.0,0.0
2022-12-12 00:00:00+09:00,16350.0,16350.0,15700.0,15850.0,89939,0.0,0.0
2022-12-13 00:00:00+09:00,15850.0,15950.0,15500.0,15500.0,73212,0.0,0.0
2022-12-14 00:00:00+09:00,15600.0,16150.0,15500.0,16000.0,66441,0.0,0.0
2022-12-15 00:00:00+09:00,15950.0,16300.0,15850.0,15900.0,51751,0.0,0.0
2022-12-16 00:00:00+09:00,15500.0,15850.0,15400.0,15450.0,62483,0.0,0.0
2022-12-19 00:00:00+09:00,15450.0,15500.0,15150.0,15200.0,62165,0.0,0.0
2022-12-20 00:00:00+09:00,15050.0,15150.0,14750.0,14750.0,63714,0.0,0.0
2022-12-21 00:00:00+09:00,14750.0,14900.0,14500.0,14650.0,66969,0.0,0.0
2022-12-22 00:00:00+09:00,14700.0,14850.0,14650.0,14750.0,34173,0.0,0.0
2022-12-23 00:00:00+09:00,14500.0,14600.0,13950.0,14000.0,107955,0.0,0.0
2022-12-26 00:00:00+09:00,13850.0,14150.0,13750.0,14100.0,43755,0.0,0.0
2022-12-27 00:00:00+09:00,14000.0,14250.0,13900.0,14200.0,87215,0.0,0.0
2022-12-28 00:00:00+09:00,14000.0,14550.0,13950.0,14150.0,73520,0.0,0.0
2022-12-29 00:00:00+09:00,14150.0,14300.0,12950.0,13500.0,81373,0.0,0.0
2023-01-02 00:00:00+09:00,13450.0,13900.0,13200.0,13250.0,42486,0.0,0.0
2023-01-03 00:00:00+09:00,13450.0,13600.0,12950.0,13600.0,58431,0.0,0.0
2023-01-04 00:00:00+09:00,13350.0,14000.0,13250.0,13850.0,60287,0.0,0.0
2023-01-05 00:00:00+09:00,14050.0,14050.0,13550.0,13700.0,40269,0.0,0.0
2023-01-06 00:00:00+09:00,13500.0,14250.0,13500.0,14050.0,41352,0.0,0.0
2023-01-09 00:00:00+09:00,14200.0,14400.0,14150.0,14350.0,27873,0.0,0.0
2023-01-10 00:00:00+09:00,14150.0,14650.0,14150.0,14400.0,34842,0.0,0.0
2023-01-11 00:00:00+09:00,14400.0,14650.0,14400.0,14550.0,17189,0.0,0.0
2023-01-12 00:00:00+09:00,14650.0,14650.0,14350.0,14450.0,31213,0.0,0.0
2023-01-13 00:00:00+09:00,14450.0,14500.0,14100.0,14450.0,36414,0.0,0.0
2023-01-16 00:00:00+09:00,14450.0,14600.0,14200.0,14450.0,39839,0.0,0.0
2023-01-17 00:00:00+09:00,14450.0,14550.0,14100.0,14150.0,29610,0.0,0.0
2023-01-18 00:00:00+09:00,14150.0,14200.0,13850.0,13950.0,41123,0.0,0.0
2023-01-19 00:00:00+09:00,13900.0,14050.0,13750.0,13950.0,23181,0.0,0.0
2023-01-20 00:00:00+09:00,13850.0,14150.0,13850.0,14150.0,20667,0.0,0.0
2023-01-25 00:00:00+09:00,14250.0,14500.0,14200.0,14500.0,126270,0.0,0.0
2023-01-26 00:00:00+09:00,14580.0,14780.0,14410.0,14760.0,54981,0.0,0.0
2023-01-27 00:00:00+09:00,14750.0,14870.0,14640.0,14700.0,47611,0.0,0.0
2023-01-30 00:00:00+09:00,14700.0,14720.0,14400.0,14460.0,40951,0.0,0.0
2023-01-31 00:00:00+09:00,14460.0,14610.0,14210.0,14500.0,32180,0.0,0.0
2023-02-01 00:00:00+09:00,14440.0,14840.0,14440.0,14690.0,41704,0.0,0.0
2023-02-02 00:00:00+09:00,14850.0,15040.0,14750.0,14980.0,61507,0.0,0.0
2023-02-03 00:00:00+09:00,15040.0,15040.0,14750.0,14870.0,30613,0.0,0.0
2023-02-06 00:00:00+09:00,14770.0,15420.0,14670.0,15200.0,70697,0.0,0.0
2023-02-07 00:00:00+09:00,15350.0,15910.0,15340.0,15850.0,114084,0.0,0.0
2023-02-08 00:00:00+09:00,15990.0,15990.0,15620.0,15750.0,64470,0.0,0.0
2023-02-09 00:00:00+09:00,15740.0,15940.0,15670.0,15920.0,36481,0.0,0.0
2023-02-10 00:00:00+09:00,15920.0,15990.0,15550.0,15720.0,47751,0.0,0.0
2023-02-13 00:00:00+09:00,15610.0,15670.0,15020.0,15330.0,42067,0.0,0.0
2023-02-14 00:00:00+09:00,15550.0,16010.0,15350.0,15720.0,95206,0.0,0.0
2023-02-15 00:00:00+09:00,16080.0,16100.0,15630.0,15630.0,60502,0.0,0.0
2023-02-16 00:00:00+09:00,15650.0,16230.0,15500.0,16150.0,109232,0.0,0.0
2023-02-17 00:00:00+09:00,15850.0,16050.0,15720.0,15740.0,46447,0.0,0.0
2023-02-20 00:00:00+09:00,15750.0,15990.0,15350.0,15860.0,45265,0.0,0.0
2023-02-21 00:00:00+09:00,15800.0,16000.0,15800.0,15950.0,40893,0.0,0.0
2023-02-22 00:00:00+09:00,15700.0,15870.0,15650.0,15730.0,34970,0.0,0.0
2023-02-23 00:00:00+09:00,15730.0,15760.0,15420.0,15530.0,45093,0.0,0.0
2023-02-24 00:00:00+09:00,15540.0,15690.0,15170.0,15170.0,41103,0.0,0.0
2023-02-27 00:00:00+09:00,15160.0,15170.0,14720.0,15070.0,32305,0.0,0.0
2023-02-28 00:00:00+09:00,15060.0,16510.0,15010.0,16510.0,257764,0.0,0.0
2023-03-02 00:00:00+09:00,16680.0,17170.0,16500.0,16720.0,241238,0.0,0.0
2023-03-03 00:00:00+09:00,16740.0,17900.0,16510.0,17560.0,517904,0.0,0.0
2023-03-06 00:00:00+09:00,18000.0,21000.0,17450.0,18810.0,1691563,0.0,0.0
2023-03-07 00:00:00+09:00,18860.0,19950.0,18180.0,18880.0,935522,0.0,0.0
2023-03-08 00:00:00+09:00,18880.0,19400.0,18440.0,19040.0,300915,0.0,0.0
2023-03-09 00:00:00+09:00,19310.0,19380.0,17950.0,18600.0,312195,0.0,0.0
2023-03-10 00:00:00+09:00,18050.0,18510.0,17650.0,17650.0,182225,0.0,0.0
2023-03-13 00:00:00+09:00,17400.0,17590.0,16920.0,17340.0,148027,0.0,0.0
2023-03-14 00:00:00+09:00,17250.0,17250.0,16000.0,16000.0,204592,0.0,0.0
2023-03-15 00:00:00+09:00,16500.0,17100.0,16310.0,16650.0,198181,0.0,0.0
2023-03-16 00:00:00+09:00,16700.0,18300.0,16610.0,17790.0,343985,0.0,0.0
2023-03-17 00:00:00+09:00,17960.0,18700.0,17810.0,18000.0,250129,0.0,0.0
2023-03-20 00:00:00+09:00,17740.0,18460.0,17520.0,18200.0,139352,0.0,0.0
2023-03-21 00:00:00+09:00,18210.0,18910.0,18210.0,18260.0,166179,0.0,0.0
2023-03-22 00:00:00+09:00,18720.0,19120.0,18320.0,18920.0,279114,0.0,0.0
2023-03-23 00:00:00+09:00,18920.0,20350.0,18430.0,18840.0,700503,0.0,0.0
2023-03-24 00:00:00+09:00,19030.0,19790.0,18960.0,19300.0,275801,0.0,0.0
2023-03-27 00:00:00+09:00,19800.0,19950.0,19310.0,19540.0,247500,0.0,0.0
2023-03-28 00:00:00+09:00,20000.0,20150.0,19570.0,19760.0,266440,0.0,0.0
2023-03-29 00:00:00+09:00,19850.0,21800.0,19770.0,21400.0,1188149,0.0,0.0
2023-03-30 00:00:00+09:00,21650.0,21850.0,20500.0,20800.0,467274,0.0,0.0
2023-03-31 00:00:00+09:00,20950.0,20950.0,19500.0,19510.0,387126,0.0,0.0
2023-04-03 00:00:00+09:00,19610.0,19750.0,18900.0,19580.0,272431,0.0,0.0
2023-04-04 00:00:00+09:00,19580.0,19590.0,18720.0,18790.0,274697,0.0,0.0
2023-04-05 00:00:00+09:00,19110.0,19450.0,18900.0,19430.0,265404,0.0,0.0
2023-04-06 00:00:00+09:00,19290.0,20800.0,18730.0,20500.0,538259,0.0,0.0
2023-04-07 00:00:00+09:00,21550.0,25350.0,21050.0,24050.0,5149335,0.0,0.0
2023-04-10 00:00:00+09:00,24900.0,25750.0,24050.0,24600.0,2265976,0.0,0.0
2023-04-11 00:00:00+09:00,24850.0,25450.0,23300.0,24250.0,1029658,0.0,0.0
2023-04-12 00:00:00+09:00,24150.0,24750.0,23400.0,23450.0,586982,0.0,0.0
2023-04-13 00:00:00+09:00,23700.0,24700.0,22900.0,24300.0,773230,0.0,0.0
2023-04-14 00:00:00+09:00,24500.0,24600.0,23600.0,23950.0,358738,0.0,0.0
2023-04-17 00:00:00+09:00,23700.0,23750.0,22700.0,23100.0,343467,0.0,0.0
2023-04-18 00:00:00+09:00,23100.0,23150.0,22200.0,22400.0,367798,0.0,0.0
2023-04-19 00:00:00+09:00,22600.0,24850.0,22550.0,23850.0,1056990,0.0,0.0
2023-04-20 00:00:00+09:00,24000.0,24900.0,22950.0,22950.0,684431,0.0,0.0
2023-04-21 00:00:00+09:00,23800.0,24800.0,23400.0,23650.0,855408,0.0,0.0
2023-04-24 00:00:00+09:00,23800.0,23900.0,22300.0,22700.0,323370,0.0,0.0
2023-04-25 00:00:00+09:00,22600.0,22950.0,20300.0,20600.0,588421,0.0,0.0
2023-04-26 00:00:00+09:00,20300.0,20850.0,19750.0,19950.0,318884,0.0,0.0
2023-04-27 00:00:00+09:00,19840.0,20700.0,19550.0,20550.0,259976,0.0,0.0
2023-04-28 00:00:00+09:00,21650.0,21650.0,19940.0,20000.0,258446,0.0,0.0
2023-05-02 00:00:00+09:00,19860.0,20600.0,19860.0,20150.0,173998,0.0,0.0
2023-05-03 00:00:00+09:00,19900.0,20100.0,19770.0,19840.0,130018,0.0,0.0
2023-05-04 00:00:00+09:00,19820.0,19870.0,19050.0,19200.0,204597,0.0,0.0
2023-05-08 00:00:00+09:00,19300.0,19630.0,18850.0,19000.0,172198,0.0,0.0
2023-05-09 00:00:00+09:00,19030.0,19180.0,18280.0,18680.0,194754,0.0,0.0
2023-05-10 00:00:00+09:00,18680.0,18790.0,18060.0,18130.0,162982,0.0,0.0
2023-05-11 00:00:00+09:00,18250.0,18680.0,18060.0,18150.0,142669,0.0,0.0
2023-05-12 00:00:00+09:00,18150.0,18370.0,17800.0,18000.0,119284,0.0,0.0
2023-05-15 00:00:00+09:00,17810.0,18030.0,17400.0,17880.0,139130,0.0,0.0
2023-05-16 00:00:00+09:00,18000.0,18340.0,17560.0,17950.0,134668,0.0,0.0
2023-05-17 00:00:00+09:00,17820.0,18490.0,17750.0,18260.0,111364,0.0,0.0
2023-05-18 00:00:00+09:00,18360.0,18700.0,18330.0,18550.0,101345,0.0,0.0
2023-05-19 00:00:00+09:00,18650.0,19230.0,18100.0,18350.0,332036,0.0,0.0
2023-05-22 00:00:00+09:00,18400.0,18760.0,18290.0,18690.0,160904,0.0,0.0
2023-05-23 00:00:00+09:00,18930.0,19100.0,18630.0,18850.0,151426,0.0,0.0
2023-05-24 00:00:00+09:00,18780.0,19050.0,18490.0,18760.0,77178,0.0,0.0
2023-05-25 00:00:00+09:00,18800.0,19030.0,18270.0,18330.0,206040,0.0,0.0
2023-05-26 00:00:00+09:00,18450.0,18990.0,18340.0,18480.0,141146,0.0,0.0
2023-05-30 00:00:00+09:00,18740.0,19500.0,18580.0,19500.0,233243,0.0,0.0
2023-05-31 00:00:00+09:00,19680.0,19710.0,19030.0,19190.0,186679,0.0,0.0
2023-06-01 00:00:00+09:00,19130.0,19240.0,18870.0,19120.0,71747,0.0,0.0
2023-06-02 00:00:00+09:00,19250.0,19380.0,18880.0,18990.0,144068,0.0,0.0
2023-06-05 00:00:00+09:00,19160.0,19160.0,18920.0,19060.0,82798,0.0,0.0
2023-06-07 00:00:00+09:00,19120.0,19230.0,18910.0,19050.0,94833,0.0,0.0
2023-06-08 00:00:00+09:00,18950.0,19000.0,18630.0,18680.0,111901,0.0,0.0
2023-06-09 00:00:00+09:00,18770.0,19360.0,18770.0,19110.0,155628,0.0,0.0
2023-06-12 00:00:00+09:00,19110.0,19610.0,19030.0,19190.0,126204,0.0,0.0
2023-06-13 00:00:00+09:00,19390.0,19450.0,19070.0,19260.0,217289,0.0,0.0
2023-06-14 00:00:00+09:00,19490.0,19950.0,18890.0,19010.0,463111,0.0,0.0
2023-06-15 00:00:00+09:00,19150.0,19780.0,18950.0,19440.0,256965,0.0,0.0
2023-06-16 00:00:00+09:00,19700.0,19730.0,19230.0,19550.0,133770,0.0,0.0
2023-06-19 00:00:00+09:00,19550.0,19590.0,19160.0,19210.0,109243,0.0,0.0
2023-06-20 00:00:00+09:00,19210.0,19210.0,18800.0,18870.0,123403,0.0,0.0
2023-06-21 00:00:00+09:00,18850.0,19020.0,18230.0,18230.0,157671,0.0,0.0
2023-06-22 00:00:00+09:00,18210.0,18540.0,18050.0,18150.0,71214,0.0,0.0
2023-06-23 00:00:00+09:00,18060.0,18390.0,18060.0,18140.0,82646,0.0,0.0
2023-06-26 00:00:00+09:00,18250.0,18270.0,17920.0,18150.0,82088,0.0,0.0
2023-06-27 00:00:00+09:00,18060.0,18240.0,17900.0,18090.0,74947,0.0,0.0
2023-06-28 00:00:00+09:00,18240.0,18240.0,17910.0,17910.0,72325,0.0,0.0
2023-06-29 00:00:00+09:00,17840.0,18220.0,17840.0,17850.0,71154,0.0,0.0
2023-06-30 00:00:00+09:00,17850.0,17970.0,17430.0,17630.0,106248,0.0,0.0
2023-07-03 00:00:00+09:00,17640.0,18510.0,17640.0,18330.0,129162,0.0,0.0
2023-07-04 00:00:00+09:00,18480.0,19210.0,18300.0,18940.0,176231,0.0,0.0
2023-07-05 00:00:00+09:00,19000.0,19650.0,18650.0,19210.0,313016,0.0,0.0
2023-07-06 00:00:00+09:00,19210.0,19300.0,18170.0,18240.0,189036,0.0,0.0
2023-07-07 00:00:00+09:00,18150.0,18320.0,17800.0,17820.0,85691,0.0,0.0
2023-07-10 00:00:00+09:00,17820.0,17900.0,17020.0,17030.0,145958,0.0,0.0
2023-07-12 00:00:00+09:00,17190.0,17580.0,17140.0,17540.0,65748,0.0,0.0
2023-07-13 00:00:00+09:00,17600.0,17940.0,17600.0,17720.0,64387,0.0,0.0
2023-07-14 00:00:00+09:00,17880.0,17880.0,17410.0,17520.0,77762,0.0,0.0
2023-07-17 00:00:00+09:00,17530.0,17940.0,17300.0,17770.0,66687,0.0,0.0
2023-07-18 00:00:00+09:00,17770.0,18190.0,17600.0,17950.0,106841,0.0,0.0
2023-07-19 00:00:00+09:00,18100.0,18110.0,17300.0,17390.0,127229,0.0,0.0
2023-07-20 00:00:00+09:00,17030.0,17720.0,17030.0,17470.0,87354,0.0,0.0
2023-07-21 00:00:00+09:00,17330.0,17350.0,17080.0,17120.0,76528,0.0,0.0
2023-07-24 00:00:00+09:00,17050.0,17050.0,16390.0,16400.0,180649,0.0,0.0
2023-07-25 00:00:00+09:00,16460.0,16550.0,15970.0,16000.0,174589,0.0,0.0
2023-07-26 00:00:00+09:00,16030.0,16030.0,15070.0,15110.0,237757,0.0,0.0
2023-07-27 00:00:00+09:00,14910.0,15990.0,14910.0,15660.0,106999,0.0,0.0
2023-07-28 00:00:00+09:00,15500.0,16420.0,15500.0,16350.0,78694,0.0,0.0
2023-07-31 00:00:00+09:00,16590.0,16590.0,16090.0,16110.0,78839,0.0,0.0
2023-08-01 00:00:00+09:00,16200.0,16210.0,15800.0,16090.0,82944,0.0,0.0
2023-08-02 00:00:00+09:00,15890.0,16130.0,15560.0,15680.0,90256,0.0,0.0
2023-08-03 00:00:00+09:00,15640.0,15680.0,15240.0,15640.0,59978,0.0,0.0
2023-08-04 00:00:00+09:00,15600.0,15770.0,15410.0,15520.0,37837,0.0,0.0
2023-08-07 00:00:00+09:00,15420.0,15580.0,15150.0,15310.0,51406,0.0,0.0
2023-08-08 00:00:00+09:00,15320.0,15450.0,15160.0,15200.0,45670,0.0,0.0
2023-08-09 00:00:00+09:00,15200.0,15790.0,15140.0,15570.0,65345,0.0,0.0
2023-08-10 00:00:00+09:00,15570.0,15570.0,15290.0,15350.0,34966,0.0,0.0
2023-08-11 00:00:00+09:00,15360.0,15620.0,15360.0,15450.0,34301,0.0,0.0
2023-08-14 00:00:00+09:00,15510.0,15590.0,15170.0,15170.0,42388,0.0,0.0
2023-08-16 00:00:00+09:00,15060.0,15170.0,14620.0,14640.0,70582,0.0,0.0
2023-08-17 00:00:00+09:00,14410.0,14960.0,14150.0,14900.0,54532,0.0,0.0
2023-08-18 00:00:00+09:00,14640.0,15400.0,14420.0,15160.0,68789,0.0,0.0
2023-08-21 00:00:00+09:00,15160.0,15240.0,15020.0,15030.0,24916,0.0,0.0
2023-08-22 00:00:00+09:00,15060.0,15220.0,14810.0,14810.0,32904,0.0,0.0
2023-08-23 00:00:00+09:00,14780.0,14930.0,14650.0,14650.0,39534,0.0,0.0
2023-08-24 00:00:00+09:00,14940.0,15200.0,14710.0,14950.0,40366,0.0,0.0
2023-08-25 00:00:00+09:00,15000.0,15100.0,14690.0,14710.0,28024,0.0,0.0
2023-08-28 00:00:00+09:00,14710.0,14920.0,14650.0,14840.0,38023,0.0,0.0
2023-08-29 00:00:00+09:00,14850.0,15170.0,14850.0,15010.0,37608,0.0,0.0
2023-08-30 00:00:00+09:00,15130.0,15440.0,15080.0,15190.0,37692,0.0,0.0
2023-08-31 00:00:00+09:00,15200.0,15350.0,15010.0,15090.0,36327,0.0,0.0
2023-09-01 00:00:00+09:00,15070.0,15740.0,15070.0,15630.0,85807,0.0,0.0
2023-09-04 00:00:00+09:00,15640.0,15740.0,15230.0,15370.0,44670,0.0,0.0
2023-09-05 00:00:00+09:00,15370.0,15740.0,15240.0,15360.0,28961,0.0,0.0
2023-09-06 00:00:00+09:00,15360.0,15390.0,15230.0,15230.0,30791,0.0,0.0
2023-09-07 00:00:00+09:00,15200.0,15570.0,15130.0,15300.0,30827,0.0,0.0
2023-09-08 00:00:00+09:00,15210.0,15320.0,14900.0,14940.0,63775,0.0,0.0
2023-09-11 00:00:00+09:00,14860.0,14880.0,14620.0,14630.0,39026,0.0,0.0
2023-09-12 00:00:00+09:00,14650.0,14800.0,14150.0,14310.0,56171,0.0,0.0
2023-09-13 00:00:00+09:00,14270.0,14520.0,13990.0,13990.0,64780,0.0,0.0
2023-09-14 00:00:00+09:00,14000.0,14380.0,14000.0,14300.0,29384,0.0,0.0
2023-09-15 00:00:00+09:00,14320.0,14830.0,14210.0,14600.0,61443,0.0,0.0
2023-09-18 00:00:00+09:00,14600.0,14600.0,14250.0,14270.0,45256,0.0,0.0
2023-09-19 00:00:00+09:00,14160.0,14340.0,13980.0,14030.0,37854,0.0,0.0
2023-09-20 00:00:00+09:00,13960.0,14070.0,13820.0,14030.0,33534,0.0,0.0
2023-09-21 00:00:00+09:00,13980.0,14760.0,13980.0,14140.0,88724,0.0,0.0
2023-09-22 00:00:00+09:00,13870.0,14230.0,13830.0,14020.0,37378,0.0,0.0
2023-09-25 00:00:00+09:00,13840.0,14480.0,13840.0,14150.0,46363,0.0,0.0
2023-09-26 00:00:00+09:00,14070.0,14290.0,14030.0,14040.0,48552,0.0,0.0
2023-09-27 00:00:00+09:00,13680.0,14540.0,13680.0,14470.0,54718,0.0,0.0
2023-10-04 00:00:00+09:00,14470.0,14600.0,14110.0,14490.0,52013,0.0,0.0
2023-10-05 00:00:00+09:00,14450.0,15170.0,14450.0,14780.0,76454,0.0,0.0
2023-10-06 00:00:00+09:00,14410.0,15250.0,14410.0,15140.0,60698,0.0,0.0
2023-10-10 00:00:00+09:00,15220.0,16240.0,14970.0,15250.0,205399,0.0,0.0
2023-10-11 00:00:00+09:00,15250.0,15870.0,15250.0,15340.0,80872,0.0,0.0
2023-10-12 00:00:00+09:00,15350.0,16180.0,15350.0,16000.0,82652,0.0,0.0
2023-10-13 00:00:00+09:00,16000.0,16100.0,15800.0,15880.0,36599,0.0,0.0
2023-10-16 00:00:00+09:00,16510.0,18250.0,16260.0,18210.0,1342607,0.0,0.0
2023-10-17 00:00:00+09:00,18450.0,18490.0,17730.0,17980.0,404016,0.0,0.0
2023-10-18 00:00:00+09:00,19590.0,20550.0,18810.0,19150.0,1513515,0.0,0.0
2023-10-19 00:00:00+09:00,19060.0,19590.0,18510.0,19150.0,422036,0.0,0.0
2023-10-20 00:00:00+09:00,19030.0,19090.0,18210.0,18540.0,216155,0.0,0.0
2023-10-23 00:00:00+09:00,18040.0,18240.0,16850.0,17090.0,300050,0.0,0.0
2023-10-24 00:00:00+09:00,18340.0,19600.0,18080.0,19600.0,653593,0.0,0.0
2023-10-25 00:00:00+09:00,19600.0,20150.0,19060.0,19180.0,312635,0.0,0.0
2023-10-26 00:00:00+09:00,18950.0,19370.0,18400.0,18650.0,186264,0.0,0.0
2023-10-27 00:00:00+09:00,19000.0,19500.0,18590.0,18860.0,143040,0.0,0.0
2023-10-30 00:00:00+09:00,18580.0,19870.0,18570.0,18990.0,106501,0.0,0.0
2023-10-31 00:00:00+09:00,19240.0,19260.0,18550.0,18550.0,112669,0.0,0.0
2023-11-01 00:00:00+09:00,18560.0,19290.0,17060.0,17340.0,279410,0.0,0.0
2023-11-02 00:00:00+09:00,17660.0,18110.0,16470.0,18000.0,208118,0.0,0.0
2023-11-03 00:00:00+09:00,18220.0,18720.0,18010.0,18190.0,118929,0.0,0.0
2023-11-06 00:00:00+09:00,18550.0,19700.0,17520.0,19700.0,286550,0.0,0.0
2023-11-07 00:00:00+09:00,19950.0,19980.0,18410.0,18910.0,272508,0.0,0.0
2023-11-08 00:00:00+09:00,19090.0,19530.0,18510.0,18550.0,117977,0.0,0.0
2023-11-09 00:00:00+09:00,18860.0,18860.0,18090.0,18230.0,68395,0.0,0.0
2023-11-10 00:00:00+09:00,18010.0,18010.0,17410.0,17440.0,88845,0.0,0.0
2023-11-13 00:00:00+09:00,17530.0,17700.0,17050.0,17200.0,102696,0.0,0.0
2023-11-14 00:00:00+09:00,17250.0,18090.0,17250.0,17930.0,79503,0.0,0.0
2023-11-15 00:00:00+09:00,17950.0,18750.0,17610.0,18260.0,200075,0.0,0.0
2023-11-16 00:00:00+09:00,18590.0,19110.0,18300.0,18800.0,140901,0.0,0.0
2023-11-17 00:00:00+09:00,18850.0,18850.0,17870.0,17920.0,133013,0.0,0.0
2023-11-20 00:00:00+09:00,17920.0,18410.0,17920.0,18160.0,65010,0.0,0.0
2023-11-21 00:00:00+09:00,18150.0,18240.0,17900.0,17930.0,65603,0.0,0.0
2023-11-22 00:00:00+09:00,17930.0,17930.0,17300.0,17550.0,99162,0.0,0.0
2023-11-23 00:00:00+09:00,17690.0,17690.0,17210.0,17250.0,85925,0.0,0.0
2023-11-24 00:00:00+09:00,17250.0,17360.0,16990.0,17180.0,93178,0.0,0.0
2023-11-27 00:00:00+09:00,17180.0,17180.0,16790.0,16830.0,89144,0.0,0.0
2023-11-28 00:00:00+09:00,16830.0,17130.0,16740.0,16840.0,74838,0.0,0.0
2023-11-29 00:00:00+09:00,16850.0,16950.0,16360.0,16420.0,77953,0.0,0.0
2023-11-30 00:00:00+09:00,16370.0,18420.0,16350.0,16770.0,556891,0.0,0.0
2023-12-01 00:00:00+09:00,17090.0,17350.0,16750.0,17170.0,102828,0.0,0.0
2023-12-04 00:00:00+09:00,18500.0,21400.0,18400.0,19350.0,3349519,0.0,0.0
2023-12-05 00:00:00+09:00,19060.0,20500.0,18320.0,19550.0,955031,0.0,0.0
2023-12-06 00:00:00+09:00,19700.0,19820.0,18950.0,19270.0,324675,0.0,0.0
2023-12-07 00:00:00+09:00,19330.0,19350.0,17900.0,18440.0,504635,0.0,0.0
2023-12-08 00:00:00+09:00,18580.0,21150.0,18340.0,20750.0,910910,0.0,0.0
2023-12-11 00:00:00+09:00,20550.0,21050.0,20100.0,20350.0,367782,0.0,0.0
2023-12-12 00:00:00+09:00,20600.0,21000.0,20150.0,20200.0,237273,0.0,0.0
2023-12-13 00:00:00+09:00,19980.0,19980.0,19370.0,19390.0,184453,0.0,0.0
2023-12-14 00:00:00+09:00,19690.0,19800.0,19100.0,19410.0,136825,0.0,0.0
2023-12-15 00:00:00+09:00,19500.0,21800.0,19090.0,20850.0,1290947,0.0,0.0
2023-12-18 00:00:00+09:00,20150.0,21300.0,20000.0,20900.0,536370,0.0,0.0
2023-12-19 00:00:00+09:00,20850.0,20850.0,19990.0,20200.0,212514,0.0,0.0
2023-12-20 00:00:00+09:00,20400.0,20500.0,19760.0,20150.0,139220,0.0,0.0
2023-12-21 00:00:00+09:00,19800.0,20100.0,19500.0,19620.0,121052,0.0,0.0
2023-12-22 00:00:00+09:00,19740.0,20200.0,19200.0,19200.0,109953,0.0,0.0
2023-12-26 00:00:00+09:00,19000.0,19000.0,18340.0,18340.0,156665,0.0,0.0
2023-12-27 00:00:00+09:00,18510.0,18870.0,18470.0,18730.0,78571,0.0,0.0
2023-12-28 00:00:00+09:00,18740.0,18910.0,18450.0,18690.0,90507,0.0,0.0
2024-01-02 00:00:00+09:00,18690.0,19410.0,18690.0,18990.0,119115,0.0,0.0
2024-01-03 00:00:00+09:00,18990.0,18990.0,18550.0,18580.0,87354,0.0,0.0
2024-01-04 00:00:00+09:00,18650.0,18870.0,18500.0,18540.0,76543,0.0,0.0
2024-01-05 00:00:00+09:00,18500.0,19580.0,18500.0,19300.0,217388,0.0,0.0
2024-01-08 00:00:00+09:00,19600.0,20350.0,19300.0,19430.0,232875,0.0,0.0
2024-01-09 00:00:00+09:00,19430.0,19690.0,19110.0,19280.0,93812,0.0,0.0
2024-01-10 00:00:00+09:00,19660.0,20450.0,19210.0,19310.0,407669,0.0,0.0
2024-01-11 00:00:00+09:00,19220.0,19640.0,19080.0,19290.0,112730,0.0,0.0
2024-01-12 00:00:00+09:00,19140.0,19260.0,18750.0,18770.0,91656,0.0,0.0
2024-01-15 00:00:00+09:00,18770.0,20500.0,18650.0,19950.0,349165,0.0,0.0
2024-01-16 00:00:00+09:00,20000.0,20700.0,19680.0,20100.0,254115,0.0,0.0
2024-01-17 00:00:00+09:00,20100.0,20450.0,19370.0,19380.0,186123,0.0,0.0
2024-01-18 00:00:00+09:00,19310.0,20400.0,19010.0,19960.0,155057,0.0,0.0
2024-01-19 00:00:00+09:00,19970.0,24200.0,19970.0,21600.0,3047358,0.0,0.0
2024-01-22 00:00:00+09:00,21650.0,21700.0,20150.0,20200.0,720455,0.0,0.0
2024-01-23 00:00:00+09:00,19960.0,20100.0,19380.0,19500.0,465800,0.0,0.0
2024-01-24 00:00:00+09:00,19660.0,19990.0,18860.0,19070.0,335238,0.0,0.0
2024-01-25 00:00:00+09:00,19070.0,19290.0,18080.0,18260.0,342845,0.0,0.0
2024-01-26 00:00:00+09:00,17800.0,18730.0,17800.0,18640.0,210395,0.0,0.0
2024-01-29 00:00:00+09:00,18700.0,19590.0,18240.0,19070.0,337189,0.0,0.0
2024-01-30 00:00:00+09:00,19070.0,19280.0,18520.0,18540.0,132689,0.0,0.0
2024-01-31 00:00:00+09:00,18500.0,19630.0,18340.0,18580.0,235340,0.0,0.0
2024-02-01 00:00:00+09:00,18530.0,18750.0,18090.0,18370.0,171996,0.0,0.0
2024-02-02 00:00:00+09:00,18370.0,19440.0,18370.0,19060.0,202867,0.0,0.0
2024-02-05 00:00:00+09:00,19300.0,19690.0,18970.0,19200.0,163893,0.0,0.0
2024-02-06 00:00:00+09:00,19200.0,21250.0,18950.0,20750.0,1241692,0.0,0.0
2024-02-07 00:00:00+09:00,20750.0,21250.0,19870.0,19990.0,437264,0.0,0.0
2024-02-08 00:00:00+09:00,20150.0,21550.0,19770.0,20650.0,455305,0.0,0.0
2024-02-13 00:00:00+09:00,21000.0,21500.0,20600.0,20900.0,283895,0.0,0.0
2024-02-14 00:00:00+09:00,21550.0,24000.0,21450.0,23850.0,2170851,0.0,0.0
2024-02-15 00:00:00+09:00,24050.0,24950.0,23300.0,24950.0,856820,0.0,0.0
2024-02-16 00:00:00+09:00,26050.0,28600.0,25250.0,26400.0,1749198,0.0,0.0
2024-02-19 00:00:00+09:00,25700.0,26900.0,25050.0,25300.0,714717,0.0,0.0
2024-02-20 00:00:00+09:00,26250.0,31900.0,26200.0,31450.0,4693755,0.0,0.0
2024-02-21 00:00:00+09:00,31000.0,32700.0,28750.0,29750.0,1935486,0.0,0.0
2024-02-22 00:00:00+09:00,29750.0,29800.0,25800.0,26050.0,2162742,0.0,0.0
2024-02-23 00:00:00+09:00,27000.0,30500.0,26500.0,28200.0,3460822,0.0,0.0
2024-02-26 00:00:00+09:00,27700.0,29500.0,26850.0,28250.0,810361,0.0,0.0
2024-02-27 00:00:00+09:00,28600.0,30250.0,27450.0,27900.0,982036,0.0,0.0
2024-02-28 00:00:00+09:00,27450.0,27750.0,26350.0,26850.0,659472,0.0,0.0
2024-02-29 00:00:00+09:00,27750.0,31750.0,27750.0,29750.0,3491664,0.0,0.0
2024-03-04 00:00:00+09:00,29500.0,38650.0,29250.0,38650.0,6799480,0.0,0.0
2024-03-05 00:00:00+09:00,38350.0,39300.0,35650.0,37600.0,2280831,0.0,0.0
2024-03-06 00:00:00+09:00,36950.0,37300.0,34600.0,34950.0,1047688,0.0,0.0
2024-03-07 00:00:00+09:00,34950.0,35600.0,33000.0,33450.0,1019790,0.0,0.0
2024-03-08 00:00:00+09:00,34400.0,37600.0,30800.0,32500.0,3215861,0.0,0.0
2024-03-11 00:00:00+09:00,31800.0,33950.0,31350.0,32600.0,902822,0.0,0.0
2024-03-12 00:00:00+09:00,32900.0,33700.0,31300.0,32900.0,654369,0.0,0.0
2024-03-13 00:00:00+09:00,33150.0,35500.0,31500.0,32200.0,962051,0.0,0.0
2024-03-14 00:00:00+09:00,32100.0,32600.0,30950.0,31050.0,373205,0.0,0.0
2024-03-15 00:00:00+09:00,28800.0,33950.0,28500.0,32600.0,1442902,0.0,0.0
2024-03-18 00:00:00+09:00,34000.0,35800.0,33150.0,34500.0,988551,0.0,0.0
2024-03-19 00:00:00+09:00,35600.0,35850.0,33650.0,34500.0,467632,0.0,0.0
2024-03-20 00:00:00+09:00,34200.0,35400.0,32700.0,35000.0,492263,0.0,0.0
2024-03-21 00:00:00+09:00,36550.0,38450.0,35600.0,36500.0,1054591,0.0,0.0
2024-03-22 00:00:00+09:00,35800.0,39200.0,35700.0,35800.0,663469,0.0,0.0
2024-03-25 00:00:00+09:00,36650.0,43650.0,36250.0,40300.0,3428776,0.0,0.0
2024-03-26 00:00:00+09:00,39650.0,44600.0,39350.0,42350.0,1796595,0.0,0.0
2024-03-27 00:00:00+09:00,40900.0,41650.0,36700.0,40000.0,1944606,0.0,0.0
2024-03-28 00:00:00+09:00,39900.0,46900.0,39600.0,44000.0,3122338,0.0,0.0
2024-03-29 00:00:00+09:00,44000.0,44150.0,40450.0,40450.0,863509,0.0,0.0
2024-04-01 00:00:00+09:00,40450.0,41350.0,38800.0,39300.0,549687,0.0,0.0
2024-04-02 00:00:00+09:00,38900.0,40350.0,38250.0,38900.0,574270,0.0,0.0
2024-04-03 00:00:00+09:00,38000.0,41750.0,37600.0,39350.0,945170,0.0,0.0
2024-04-04 00:00:00+09:00,39100.0,39950.0,37400.0,37700.0,564983,0.0,0.0
2024-04-05 00:00:00+09:00,36750.0,38800.0,36350.0,38150.0,371410,0.0,0.0
2024-04-08 00:00:00+09:00,38200.0,40450.0,36150.0,37450.0,686365,0.0,0.0
2024-04-09 00:00:00+09:00,38250.0,41500.0,37950.0,40050.0,892724,0.0,0.0
2024-04-11 00:00:00+09:00,40500.0,42500.0,39450.0,40700.0,689452,0.0,0.0
2024-04-12 00:00:00+09:00,41250.0,41650.0,39700.0,40100.0,378548,0.0,0.0
2024-04-15 00:00:00+09:00,41550.0,43250.0,40300.0,40500.0,1593370,0.0,0.0
2024-04-16 00:00:00+09:00,39850.0,41650.0,38200.0,40150.0,635614,0.0,0.0
2024-04-17 00:00:00+09:00,40600.0,41350.0,37850.0,38100.0,459676,0.0,0.0
2024-04-18 00:00:00+09:00,37950.0,39400.0,37850.0,38100.0,358228,0.0,0.0
2024-04-19 00:00:00+09:00,38350.0,38500.0,35500.0,35950.0,507835,0.0,0.0
2024-04-22 00:00:00+09:00,35500.0,36800.0,33900.0,36550.0,575545,0.0,0.0
2024-04-23 00:00:00+09:00,36600.0,38200.0,36450.0,37300.0,233408,0.0,0.0
2024-04-24 00:00:00+09:00,38600.0,41600.0,37600.0,41100.0,762946,0.0,0.0
2024-04-25 00:00:00+09:00,40600.0,40850.0,39150.0,40400.0,371619,0.0,0.0
2024-04-26 00:00:00+09:00,39550.0,40200.0,38500.0,38700.0,301217,0.0,0.0
2024-04-29 00:00:00+09:00,39250.0,40700.0,38300.0,40400.0,373683,0.0,0.0
2024-04-30 00:00:00+09:00,40600.0,42550.0,39200.0,40850.0,613495,0.0,0.0
2024-05-02 00:00:00+09:00,41400.0,45200.0,41300.0,44500.0,1326990,0.0,0.0
2024-05-03 00:00:00+09:00,43550.0,43600.0,41350.0,41750.0,1039886,0.0,0.0
2024-05-07 00:00:00+09:00,41050.0,41550.0,39500.0,39600.0,696891,0.0,0.0
2024-05-08 00:00:00+09:00,40250.0,40250.0,38500.0,39000.0,353235,0.0,0.0
2024-05-09 00:00:00+09:00,39150.0,40400.0,38350.0,38500.0,524075,0.0,0.0
2024-05-10 00:00:00+09:00,38150.0,38400.0,36600.0,37450.0,657448,0.0,0.0
2024-05-13 00:00:00+09:00,37950.0,39050.0,37300.0,37550.0,371561,0.0,0.0
2024-05-14 00:00:00+09:00,37950.0,39150.0,37200.0,38600.0,319105,0.0,0.0
2024-05-16 00:00:00+09:00,38850.0,39650.0,38050.0,38100.0,281608,0.0,0.0
2024-05-17 00:00:00+09:00,37800.0,38500.0,36500.0,37550.0,403619,0.0,0.0
2024-05-20 00:00:00+09:00,37000.0,38250.0,36600.0,36850.0,213111,0.0,0.0
2024-05-21 00:00:00+09:00,36800.0,37200.0,35000.0,35750.0,427069,0.0,0.0
2024-05-22 00:00:00+09:00,35000.0,36450.0,34050.0,35200.0,600480,0.0,0.0
2024-05-23 00:00:00+09:00,35000.0,36700.0,34300.0,36450.0,315649,0.0,0.0
2024-05-24 00:00:00+09:00,35900.0,36250.0,34600.0,34700.0,327054,0.0,0.0
2024-05-27 00:00:00+09:00,34650.0,36000.0,33000.0,35500.0,674491,0.0,0.0
2024-05-28 00:00:00+09:00,35450.0,37350.0,34400.0,36550.0,353359,0.0,0.0
2024-05-29 00:00:00+09:00,36000.0,37900.0,34600.0,36150.0,596490,0.0,0.0
2024-05-30 00:00:00+09:00,36200.0,36950.0,34950.0,35550.0,234447,0.0,0.0
2024-05-31 00:00:00+09:00,35100.0,36600.0,34800.0,35800.0,250253,0.0,0.0
2024-06-03 00:00:00+09:00,35850.0,37700.0,35150.0,35400.0,357343,0.0,0.0
2024-06-04 00:00:00+09:00,36500.0,39000.0,36300.0,38350.0,812419,0.0,0.0
2024-06-05 00:00:00+09:00,38650.0,40350.0,38500.0,39100.0,441289,0.0,0.0
2024-06-07 00:00:00+09:00,40100.0,43300.0,39850.0,41300.0,815808,0.0,0.0
2024-06-10 00:00:00+09:00,42000.0,53600.0,41850.0,51000.0,4160061,0.0,0.0
2024-06-11 00:00:00+09:00,51000.0,52500.0,50500.0,52300.0,1086998,0.0,0.0
2024-06-12 00:00:00+09:00,56000.0,59600.0,49100.0,50300.0,2257688,0.0,0.0
2024-06-13 00:00:00+09:00,50100.0,59800.0,49850.0,57700.0,2647092,0.0,0.0
2024-06-14 00:00:00+09:00,57700.0,58700.0,54400.0,57100.0,836153,0.0,0.0
2024-06-17 00:00:00+09:00,55400.0,58900.0,54200.0,54300.0,555155,0.0,0.0
2024-06-18 00:00:00+09:00,53800.0,55000.0,51800.0,54100.0,721647,0.0,0.0
2024-06-19 00:00:00+09:00,53600.0,62600.0,53600.0,61200.0,1686908,0.0,0.0
2024-06-20 00:00:00+09:00,61100.0,61400.0,56100.0,58800.0,803253,0.0,0.0
2024-06-21 00:00:00+09:00,58100.0,61400.0,56700.0,61400.0,592349,0.0,0.0
