Date,Open,High,Low,Close,Volume,Dividends,Stock Splits
2019-11-01 00:00:00-04:00,2925.0,3168.0,2868.75,2925.0,3684,0.0,0.0
2019-11-04 00:00:00-05:00,3015.0,3015.0,2484.0,2927.25,793,0.0,0.0
2019-11-05 00:00:00-05:00,2922.75,2936.25,2682.0,2925.0,313,0.0,0.0
2019-11-06 00:00:00-05:00,2920.5,2981.25,2767.5,2925.0,414,0.0,0.0
2019-11-07 00:00:00-05:00,2922.75,2927.25,2839.5,2925.0,245,0.0,0.0
2019-11-08 00:00:00-05:00,2934.0,2956.5,2868.75,2925.0,151,0.0,0.0
2019-11-11 00:00:00-05:00,2886.75,2947.5,2868.75,2909.25,68,0.0,0.0
2019-11-12 00:00:00-05:00,2922.75,2927.25,2839.5,2925.0,79,0.0,0.0
2019-11-13 00:00:00-05:00,2907.0,2992.5,2862.0,2925.0,254,0.0,0.0
2019-11-14 00:00:00-05:00,2857.5,2947.5,2857.5,2925.0,54,0.0,0.0
2019-11-15 00:00:00-05:00,2925.0,2947.5,2850.75,2927.25,25,0.0,0.0
2019-11-18 00:00:00-05:00,2868.75,2927.25,2704.5,2925.0,80,0.0,0.0
2019-11-19 00:00:00-05:00,2875.5,2936.25,2875.5,2925.0,95,0.0,0.0
2019-11-20 00:00:00-05:00,2880.0,2925.0,2862.0,2920.5,36,0.0,0.0
2019-11-21 00:00:00-05:00,2882.25,2992.5,2882.25,2956.5,36,0.0,0.0
2019-11-22 00:00:00-05:00,2936.25,3006.675048828125,2925.0,2938.72509765625,44,0.0,0.0
2019-11-25 00:00:00-05:00,2938.5,2972.25,2925.0,2945.25,29,0.0,0.0
2019-11-26 00:00:00-05:00,2925.0,2949.75,2898.0,2941.199951171875,23,0.0,0.0
2019-11-27 00:00:00-05:00,2880.0,2936.25,2835.0,2853.0,46,0.0,0.0
2019-11-29 00:00:00-05:00,2774.25,2940.75,2774.25,2894.625,16,0.0,0.0
2019-12-02 00:00:00-05:00,2781.0,3091.5,2749.5,2958.75,213,0.0,0.0
2019-12-03 00:00:00-05:00,2862.0,2958.75,2844.0,2882.25,40,0.0,0.0
2019-12-04 00:00:00-05:00,2855.925048828125,2958.75,2754.0,2952.22509765625,65,0.0,0.0
2019-12-05 00:00:00-05:00,2871.0,2988.0,2852.550048828125,2891.25,80,0.0,0.0
2019-12-06 00:00:00-05:00,2893.5,3087.449951171875,2893.5,3037.5,43,0.0,0.0
2019-12-09 00:00:00-05:00,3003.75,3341.25,3003.75,3267.0,95,0.0,0.0
2019-12-10 00:00:00-05:00,3267.0,3580.425048828125,3267.0,3580.425048828125,44,0.0,0.0
2019-12-11 00:00:00-05:00,3550.5,3555.0,3264.75,3555.0,42,0.0,0.0
2019-12-12 00:00:00-05:00,3550.5,3582.0,3300.074951171875,3404.25,38,0.0,0.0
2019-12-13 00:00:00-05:00,3415.5,3415.5,3291.75,3291.75,16,0.0,0.0
2019-12-16 00:00:00-05:00,3291.75,3352.5,2927.25,2927.25,56,0.0,0.0
2019-12-17 00:00:00-05:00,3195.0,3492.0,2972.25,3492.0,148,0.0,0.0
2019-12-18 00:00:00-05:00,3177.0,3429.0,3163.72509765625,3188.25,30,0.0,0.0
2019-12-19 00:00:00-05:00,3190.5,3299.39990234375,3042.0,3078.0,60,0.0,0.0
2019-12-20 00:00:00-05:00,3220.199951171875,3372.75,3158.77490234375,3341.25,42,0.0,0.0
2019-12-23 00:00:00-05:00,3321.0,3372.75,3321.0,3352.5,12,0.0,0.0
2019-12-24 00:00:00-05:00,3180.60009765625,3460.5,3180.60009765625,3460.5,21,0.0,0.0
2019-12-26 00:00:00-05:00,3444.75,3492.0,3433.5,3476.25,48,0.0,0.0
2019-12-27 00:00:00-05:00,3276.675048828125,3476.25,3276.675048828125,3468.375,12,0.0,0.0
2019-12-30 00:00:00-05:00,3270.14990234375,3465.0,3270.14990234375,3465.0,5,0.0,0.0
2019-12-31 00:00:00-05:00,3492.0,3492.0,3420.0,3492.0,4,0.0,0.0
2020-01-02 00:00:00-05:00,3366.0,3722.85009765625,3366.0,3690.0,48,0.0,0.0
2020-01-03 00:00:00-05:00,3685.5,3685.5,3501.0,3501.0,7,0.0,0.0
2020-01-06 00:00:00-05:00,3453.75,3735.0,3330.0,3735.0,70,0.0,0.0
2020-01-07 00:00:00-05:00,3712.5,3712.5,3348.0,3420.0,71,0.0,0.0
2020-01-08 00:00:00-05:00,3487.5,3487.5,3372.75,3375.0,10,0.0,0.0
2020-01-09 00:00:00-05:00,3487.5,3487.5,3386.25,3386.25,8,0.0,0.0
2020-01-10 00:00:00-05:00,3379.5,3379.5,3379.5,3379.5,2,0.0,0.0
2020-01-13 00:00:00-05:00,3236.39990234375,3381.75,3236.39990234375,3336.75,30,0.0,0.0
2020-01-14 00:00:00-05:00,3381.75,3528.0,3156.75,3273.75,27,0.0,0.0
2020-01-15 00:00:00-05:00,3237.75,3420.0,3237.75,3420.0,15,0.0,0.0
2020-01-16 00:00:00-05:00,3615.75,3615.75,3237.074951171875,3442.5,13,0.0,0.0
2020-01-17 00:00:00-05:00,3487.5,3487.5,3250.125,3352.5,27,0.0,0.0
2020-01-21 00:00:00-05:00,3253.5,3440.25,3238.425048828125,3434.625,26,0.0,0.0
2020-01-22 00:00:00-05:00,3429.0,3528.0,3321.0,3395.25,12,0.0,0.0
2020-01-23 00:00:00-05:00,3458.25,3465.0,3368.02490234375,3368.02490234375,8,0.0,0.0
2020-01-24 00:00:00-05:00,3368.25,3412.35009765625,3159.449951171875,3287.25,15,0.0,0.0
2020-01-27 00:00:00-05:00,3273.75,3432.824951171875,2947.5,2947.5,45,0.0,0.0
2020-01-28 00:00:00-05:00,3098.25,3161.25,2974.5,3022.64990234375,16,0.0,0.0
2020-01-29 00:00:00-05:00,3022.64990234375,3022.64990234375,3022.64990234375,3022.64990234375,0,0.0,0.0
2020-01-30 00:00:00-05:00,3003.75,3015.0,2925.0,3015.0,20,0.0,0.0
2020-01-31 00:00:00-05:00,2963.25,2965.5,2902.5,2965.5,10,0.0,0.0
2020-02-03 00:00:00-05:00,2991.824951171875,2991.824951171875,2837.25,2837.25,10,0.0,0.0
2020-02-04 00:00:00-05:00,2927.25,2936.02490234375,2925.0,2925.0,116,0.0,0.0
2020-02-05 00:00:00-05:00,2922.75,3082.27490234375,2922.75,2927.25,5,0.0,0.0
2020-02-06 00:00:00-05:00,2927.25,2927.25,2927.25,2927.25,0,0.0,0.0
2020-02-07 00:00:00-05:00,2935.574951171875,2935.574951171875,2771.550048828125,2803.5,7,0.0,0.0
2020-02-10 00:00:00-05:00,2904.75,2927.25,2857.5,2927.25,25,0.0,0.0
2020-02-11 00:00:00-05:00,2925.0,2956.5,2918.25,2920.5,22,0.0,0.0
2020-02-12 00:00:00-05:00,2927.25,3093.75,2927.25,3093.75,3,0.0,0.0
2020-02-13 00:00:00-05:00,3048.75,3048.75,3048.75,3048.75,2,0.0,0.0
2020-02-14 00:00:00-05:00,2947.5,2975.625,2931.75,2970.0,20,0.0,0.0
2020-02-18 00:00:00-05:00,2972.25,3060.0,2970.0,3060.0,5,0.0,0.0
2020-02-19 00:00:00-05:00,2976.75,3102.75,2925.0,2970.0,35,0.0,0.0
2020-02-20 00:00:00-05:00,2970.0,2970.0,2970.0,2970.0,1,0.0,0.0
2020-02-21 00:00:00-05:00,2974.5,2981.25,2929.5,2970.0,24,0.0,0.0
2020-02-24 00:00:00-05:00,2745.0,2972.25,2745.0,2880.0,18,0.0,0.0
2020-02-25 00:00:00-05:00,2897.550048828125,2897.550048828125,2880.0,2880.0,7,0.0,0.0
2020-02-26 00:00:00-05:00,2947.5,2987.324951171875,2835.0,2836.35009765625,9,0.0,0.0
2020-02-27 00:00:00-05:00,2812.5,2812.5,2592.0,2722.5,72,0.0,0.0
2020-02-28 00:00:00-05:00,2592.0,2722.5,2592.0,2634.75,5,0.0,0.0
2020-03-02 00:00:00-05:00,2610.449951171875,2616.75,2610.449951171875,2616.75,3,0.0,0.0
2020-03-03 00:00:00-05:00,2632.5,2632.5,2632.5,2632.5,3,0.0,0.0
2020-03-04 00:00:00-05:00,2632.5,2632.5,2632.5,2632.5,0,0.0,0.0
2020-03-05 00:00:00-05:00,2286.0,2493.0,2286.0,2493.0,3,0.0,0.0
2020-03-06 00:00:00-05:00,2700.0,2700.0,2448.0,2472.75,70,0.0,0.0
2020-03-09 00:00:00-04:00,2448.0,2450.25,2403.0,2448.0,83,0.0,0.0
2020-03-10 00:00:00-04:00,2686.5,2686.5,2443.5,2654.324951171875,10,0.0,0.0
2020-03-11 00:00:00-04:00,2587.5,2587.5,2503.125,2535.75,28,0.0,0.0
2020-03-12 00:00:00-04:00,2328.75,2460.14990234375,2328.75,2331.0,20,0.0,0.0
2020-03-13 00:00:00-04:00,2403.0,2403.0,2328.75,2328.75,16,0.0,0.0
2020-03-16 00:00:00-04:00,1363.5,2290.5,1273.5,2137.949951171875,44,0.0,0.0
2020-03-17 00:00:00-04:00,2290.5,2290.5,2207.25,2290.5,10,0.0,0.0
2020-03-18 00:00:00-04:00,2380.5,2392.425048828125,1649.25,1678.5,10,0.0,0.0
2020-03-19 00:00:00-04:00,1680.75,2247.75,1680.75,2065.5,20,0.0,0.0
2020-03-20 00:00:00-04:00,2097.0,2236.5,2067.75,2236.5,14,0.0,0.0
2020-03-23 00:00:00-04:00,2231.10009765625,2236.5,2178.0,2178.0,9,0.0,0.0
2020-03-24 00:00:00-04:00,2331.0,2495.25,2128.5,2472.75,8,0.0,0.0
2020-03-25 00:00:00-04:00,2250.0,2585.25,2250.0,2583.0,19,0.0,0.0
2020-03-26 00:00:00-04:00,2700.0,2700.0,2256.75,2261.25,5,0.0,0.0
2020-03-27 00:00:00-04:00,2229.75,2484.0,2207.25,2448.0,22,0.0,0.0
2020-03-30 00:00:00-04:00,2587.5,2691.0,2560.5,2561.175048828125,10,0.0,0.0
2020-03-31 00:00:00-04:00,2673.0,3323.25,2673.0,3314.25,39,0.0,0.0
2020-04-01 00:00:00-04:00,3352.5,3397.5,2675.25,2677.5,80,0.0,0.0
2020-04-02 00:00:00-04:00,2655.0,2655.0,1939.5,2508.75,23,0.0,0.0
2020-04-03 00:00:00-04:00,2479.5,2479.5,2403.0,2403.0,4,0.0,0.0
2020-04-06 00:00:00-04:00,2400.75,2438.77490234375,2198.25,2407.5,8,0.0,0.0
2020-04-07 00:00:00-04:00,2409.75,2409.75,2002.5,2407.5,31,0.0,0.0
2020-04-08 00:00:00-04:00,2202.75,2272.5,2202.75,2272.5,8,0.0,0.0
2020-04-09 00:00:00-04:00,2272.5,2441.25,2039.8499755859375,2250.0,45,0.0,0.0
2020-04-13 00:00:00-04:00,2214.0,2214.0,2214.0,2214.0,3,0.0,0.0
2020-04-14 00:00:00-04:00,2238.300048828125,2238.300048828125,2238.300048828125,2238.300048828125,1,0.0,0.0
2020-04-15 00:00:00-04:00,2238.300048828125,2238.300048828125,2238.300048828125,2238.300048828125,0,0.0,0.0
2020-04-16 00:00:00-04:00,2247.75,2252.25,2238.75,2252.25,19,0.0,0.0
2020-04-17 00:00:00-04:00,2252.25,2362.5,2223.0,2340.0,10,0.0,0.0
2020-04-20 00:00:00-04:00,2328.75,2340.0,2227.5,2227.5,10,0.0,0.0
2020-04-21 00:00:00-04:00,2016.0,2180.25,1984.5,2099.25,16,0.0,0.0
2020-04-22 00:00:00-04:00,2196.0,2202.75,2155.5,2155.5,9,0.0,0.0
2020-04-23 00:00:00-04:00,2179.35009765625,2179.35009765625,1971.0,2155.5,8,0.0,0.0
2020-04-24 00:00:00-04:00,2155.5,2155.5,2155.5,2155.5,0,0.0,0.0
2020-04-27 00:00:00-04:00,2745.0,2745.0,2745.0,2745.0,5,0.0,0.0
2020-04-28 00:00:00-04:00,2745.0,2745.0,2745.0,2745.0,0,0.0,0.0
2020-04-29 00:00:00-04:00,2314.574951171875,2520.0,2256.75,2520.0,37,0.0,0.0
2020-04-30 00:00:00-04:00,2236.5,2265.074951171875,2236.5,2265.074951171875,6,0.0,0.0
2020-05-01 00:00:00-04:00,2521.800048828125,2535.75,2264.85009765625,2264.85009765625,12,0.0,0.0
2020-05-04 00:00:00-04:00,2264.85009765625,2264.85009765625,2264.85009765625,2264.85009765625,0,0.0,0.0
2020-05-05 00:00:00-04:00,2290.5,2317.5,2250.0,2292.75,7,0.0,0.0
2020-05-06 00:00:00-04:00,2185.199951171875,2292.75,2171.25,2292.75,7,0.0,0.0
2020-05-07 00:00:00-04:00,2306.25,2306.25,2144.25,2225.25,15,0.0,0.0
2020-05-08 00:00:00-04:00,2225.25,2225.25,2225.25,2225.25,0,0.0,0.0
2020-05-11 00:00:00-04:00,2225.25,2225.25,2225.25,2225.25,0,0.0,0.0
2020-05-12 00:00:00-04:00,2139.75,2250.0,2139.75,2250.0,11,0.0,0.0
2020-05-13 00:00:00-04:00,2151.0,2151.0,1955.25,2065.5,11,0.0,0.0
2020-05-14 00:00:00-04:00,2193.75,2452.5,2108.47509765625,2174.85009765625,33,0.0,0.0
2020-05-15 00:00:00-04:00,2174.85009765625,2174.85009765625,2174.85009765625,2174.85009765625,0,0.0,0.0
2020-05-18 00:00:00-04:00,2252.25,2252.25,2151.0,2151.0,5,0.0,0.0
2020-05-19 00:00:00-04:00,2029.5,2137.5,2029.5,2137.5,3,0.0,0.0
2020-05-20 00:00:00-04:00,2029.5,2161.125,2029.5,2161.125,2,0.0,0.0
2020-05-21 00:00:00-04:00,2061.0,2061.0,2061.0,2061.0,1,0.0,0.0
2020-05-22 00:00:00-04:00,2061.0,2061.0,2061.0,2061.0,0,0.0,0.0
2020-05-26 00:00:00-04:00,2083.5,2162.25,2061.0,2162.25,6,0.0,0.0
2020-05-27 00:00:00-04:00,2162.25,2238.75,2081.25,2081.25,6,0.0,0.0
2020-05-28 00:00:00-04:00,2081.25,2081.25,2081.25,2081.25,0,0.0,0.0
2020-05-29 00:00:00-04:00,2081.25,2081.25,2081.25,2081.25,0,0.0,0.0
2020-06-01 00:00:00-04:00,2225.25,2227.5,2225.25,2227.5,8,0.0,0.0
2020-06-02 00:00:00-04:00,2227.5,2227.5,2227.5,2227.5,0,0.0,0.0
2020-06-03 00:00:00-04:00,2173.949951171875,2173.949951171875,2173.949951171875,2173.949951171875,2,0.0,0.0
2020-06-04 00:00:00-04:00,2367.0,2603.25,2090.925048828125,2090.925048828125,8,0.0,0.0
2020-06-05 00:00:00-04:00,2139.75,2139.75,2139.75,2139.75,3,0.0,0.0
2020-06-08 00:00:00-04:00,2139.75,2139.75,2139.75,2139.75,0,0.0,0.0
2020-06-09 00:00:00-04:00,2250.0,29034.0,2250.0,10588.5,1143,0.0,0.0
2020-06-10 00:00:00-04:00,14062.5,16875.0,3487.5,3559.5,16304,0.0,0.0
2020-06-11 00:00:00-04:00,3343.5,3600.0,2700.0,2846.25,5860,0.0,0.0
2020-06-12 00:00:00-04:00,2700.0,2913.75,2497.5,2643.75,2424,0.0,0.0
2020-06-15 00:00:00-04:00,2448.0,2643.75,2261.25,2358.0,2301,0.0,0.0
2020-06-16 00:00:00-04:00,2639.25,2880.0,2479.5,2533.5,2239,0.0,0.0
2020-06-17 00:00:00-04:00,2497.5,2898.0,2324.25,2486.25,1668,0.0,0.0
2020-06-18 00:00:00-04:00,2486.25,2587.5,2301.75,2385.0,973,0.0,0.0
2020-06-19 00:00:00-04:00,2556.0,2556.0,2339.10009765625,2407.5,945,0.0,0.0
2020-06-22 00:00:00-04:00,2362.5,2403.0,2252.25,2355.75,1072,0.0,0.0
2020-06-23 00:00:00-04:00,2324.25,2587.5,2182.5,2425.5,3176,0.0,0.0
2020-06-24 00:00:00-04:00,2434.5,3600.0,2279.25,2625.75,11151,0.0,0.0
2020-06-25 00:00:00-04:00,2544.75,2686.5,2373.75,2394.0,1305,0.0,0.0
2020-06-26 00:00:00-04:00,2448.0,2466.0,2297.25,2313.0,735,0.0,0.0
2020-06-29 00:00:00-04:00,2319.75,2371.5,2261.25,2295.0,474,0.0,0.0
2020-06-30 00:00:00-04:00,2290.5,2327.625,2223.0,2274.75,652,0.0,0.0
2020-07-01 00:00:00-04:00,2254.5,2272.5,2126.25,2169.0,812,0.0,0.0
2020-07-02 00:00:00-04:00,2169.0,2223.0,2092.5,2128.5,438,0.0,0.0
2020-07-06 00:00:00-04:00,2238.75,2247.75,2107.125,2148.75,527,0.0,0.0
2020-07-07 00:00:00-04:00,2112.75,2155.949951171875,2070.0,2115.0,350,0.0,0.0
2020-07-08 00:00:00-04:00,2223.0,2247.75,2108.25,2220.75,839,0.0,0.0
2020-07-09 00:00:00-04:00,2238.75,2520.0,2160.0,2281.5,1240,0.0,0.0
2020-07-10 00:00:00-04:00,2283.75,2337.75,2182.5,2261.25,672,0.0,0.0
2020-07-13 00:00:00-04:00,2252.25,2252.25,2115.0,2117.25,709,0.0,0.0
2020-07-14 00:00:00-04:00,2119.5,2128.5,2002.5,2040.75,464,0.0,0.0
2020-07-15 00:00:00-04:00,2182.5,2182.5,2047.5,2083.5,476,0.0,0.0
2020-07-16 00:00:00-04:00,2047.5,2081.25,2027.25,2049.75,224,0.0,0.0
2020-07-17 00:00:00-04:00,2049.75,2067.75,1998.0,2022.75,484,0.0,0.0
2020-07-20 00:00:00-04:00,2016.0,2023.425048828125,1930.5,1944.0,333,0.0,0.0
2020-07-21 00:00:00-04:00,1948.5,2025.0,1935.0,2025.0,303,0.0,0.0
2020-07-22 00:00:00-04:00,2009.25,2092.5,1980.0,1998.0,302,0.0,0.0
2020-07-23 00:00:00-04:00,1998.0,2029.5,1923.75,1991.25,256,0.0,0.0
2020-07-24 00:00:00-04:00,1986.75,1986.75,1856.25,1879.875,307,0.0,0.0
2020-07-27 00:00:00-04:00,1932.75,2160.0,1851.074951171875,1894.5,672,0.0,0.0
2020-07-28 00:00:00-04:00,1869.75,1966.5,1860.75,1953.0,189,0.0,0.0
2020-07-29 00:00:00-04:00,1953.0,2022.75,1919.25,1989.0,263,0.0,0.0
2020-07-30 00:00:00-04:00,1930.5,1979.324951171875,1930.5,1953.0,96,0.0,0.0
2020-07-31 00:00:00-04:00,1937.25,2070.0,1919.25,1941.75,270,0.0,0.0
2020-08-03 00:00:00-04:00,1935.0,2001.375,1910.25,1929.375,123,0.0,0.0
2020-08-04 00:00:00-04:00,1896.75,1941.75,1883.25,1921.5,145,0.0,0.0
2020-08-05 00:00:00-04:00,1930.5,2047.5,1903.5,1919.25,316,0.0,0.0
2020-08-06 00:00:00-04:00,1926.0,2000.25,1921.5,1926.0,99,0.0,0.0
2020-08-07 00:00:00-04:00,1941.75,1958.625,1878.75,1910.25,143,0.0,0.0
2020-08-10 00:00:00-04:00,1957.5,1959.074951171875,1908.0,1932.75,130,0.0,0.0
2020-08-11 00:00:00-04:00,1924.875,2108.25,1914.75,1964.25,508,0.0,0.0
2020-08-12 00:00:00-04:00,1939.5,2067.75,1939.5,2011.5,341,0.0,0.0
2020-08-13 00:00:00-04:00,2038.5,2047.5,1939.5,1984.5,462,0.0,0.0
2020-08-14 00:00:00-04:00,1941.75,1946.4749755859375,1867.5,1872.0,485,0.0,0.0
2020-08-17 00:00:00-04:00,1883.25,1883.25,1811.25,1822.5,245,0.0,0.0
2020-08-18 00:00:00-04:00,1836.0,1842.75,1813.5,1829.25,257,0.0,0.0
2020-08-19 00:00:00-04:00,1815.75,1838.25,1728.0,1741.5,499,0.0,0.0
2020-08-20 00:00:00-04:00,1712.25,1782.0,1620.0,1696.5,499,0.0,0.0
2020-08-21 00:00:00-04:00,1696.5,1773.0,1696.5,1739.25,157,0.0,0.0
2020-08-24 00:00:00-04:00,1712.25,1784.25,1703.25,1716.75,338,0.0,0.0
2020-08-25 00:00:00-04:00,1680.75,1858.5,1680.75,1833.75,711,0.0,0.0
2020-08-26 00:00:00-04:00,2025.0,2034.0,1847.25,1928.25,866,0.0,0.0
2020-08-27 00:00:00-04:00,1899.0,1901.25,1797.75,1806.75,262,0.0,0.0
2020-08-28 00:00:00-04:00,1806.75,1815.75,1750.5,1766.25,196,0.0,0.0
2020-08-31 00:00:00-04:00,1770.75,1804.5,1730.25,1757.25,92,0.0,0.0
2020-09-01 00:00:00-04:00,1732.5,1857.375,1730.4749755859375,1750.5,156,0.0,0.0
2020-09-02 00:00:00-04:00,1703.25,1796.8499755859375,1701.0,1719.0,84,0.0,0.0
2020-09-03 00:00:00-04:00,1701.0,1701.0,1530.0,1581.75,239,0.0,0.0
2020-09-04 00:00:00-04:00,1554.75,1619.550048828125,1553.4000244140625,1588.5,180,0.0,0.0
2020-09-08 00:00:00-04:00,1563.75,1590.75,1525.5,1525.5,96,0.0,0.0
2020-09-09 00:00:00-04:00,1530.0,1595.25,1530.0,1542.375,90,0.0,0.0
2020-09-10 00:00:00-04:00,1545.75,1575.0,1489.5,1525.5,165,0.0,0.0
2020-09-11 00:00:00-04:00,1608.75,1656.449951171875,1484.7750244140625,1489.5,75,0.0,0.0
2020-09-14 00:00:00-04:00,1550.25,1563.75,1525.5,1530.0,83,0.0,0.0
2020-09-15 00:00:00-04:00,1503.0,1570.5,1503.0,1530.0,58,0.0,0.0
2020-09-16 00:00:00-04:00,1580.175048828125,1580.175048828125,1507.5,1566.0,78,0.0,0.0
2020-09-17 00:00:00-04:00,1516.5,1563.75,1516.5,1541.25,24,0.0,0.0
2020-09-18 00:00:00-04:00,1556.7750244140625,1575.0,1496.25,1575.0,159,0.0,0.0
2020-09-21 00:00:00-04:00,1539.0,1572.75,1507.5,1572.75,74,0.0,0.0
2020-09-22 00:00:00-04:00,1575.0,1575.0,1494.0,1525.5,63,0.0,0.0
2020-09-23 00:00:00-04:00,1552.5,1552.5,1478.25,1505.25,36,0.0,0.0
2020-09-24 00:00:00-04:00,1473.75,1620.0,1462.5,1525.5,116,0.0,0.0
2020-09-25 00:00:00-04:00,1541.25,1563.9749755859375,1471.050048828125,1500.75,28,0.0,0.0
2020-09-28 00:00:00-04:00,1500.75,1686.824951171875,1500.75,1532.25,211,0.0,0.0
2020-09-29 00:00:00-04:00,1541.25,1597.5,1541.25,1572.75,80,0.0,0.0
2020-09-30 00:00:00-04:00,1615.5,1685.25,1545.75,1545.75,105,0.0,0.0
2020-10-01 00:00:00-04:00,1575.0,1656.449951171875,1575.0,1626.75,83,0.0,0.0
2020-10-02 00:00:00-04:00,1581.75,1633.5,1548.0,1633.5,37,0.0,0.0
2020-10-05 00:00:00-04:00,1626.75,1748.25,1608.75,1651.5,80,0.0,0.0
2020-10-06 00:00:00-04:00,1732.5,1732.5,1548.0,1577.25,88,0.0,0.0
2020-10-07 00:00:00-04:00,1608.75,1608.75,1568.925048828125,1572.75,28,0.0,0.0
2020-10-08 00:00:00-04:00,1554.75,1656.0,1554.75,1575.0,48,0.0,0.0
2020-10-09 00:00:00-04:00,1575.0,1599.75,1575.0,1575.0,47,0.0,0.0
2020-10-12 00:00:00-04:00,1579.5,1626.75,1566.0,1602.0,75,0.0,0.0
2020-10-13 00:00:00-04:00,1579.5,1593.0,1575.0,1586.25,68,0.0,0.0
2020-10-14 00:00:00-04:00,1543.949951171875,1575.0,1543.949951171875,1564.875,32,0.0,0.0
2020-10-15 00:00:00-04:00,1566.0,1577.4749755859375,1545.75,1566.0,57,0.0,0.0
2020-10-16 00:00:00-04:00,1568.25,1579.5,1548.0,1568.25,49,0.0,0.0
2020-10-19 00:00:00-04:00,1558.574951171875,1570.5,1530.0,1544.625,92,0.0,0.0
2020-10-20 00:00:00-04:00,1567.3499755859375,1602.0,1539.0,1597.5,98,0.0,0.0
2020-10-21 00:00:00-04:00,1597.5,1626.75,1543.5,1548.675048828125,106,0.0,0.0
2020-10-22 00:00:00-04:00,1575.0,1594.125,1554.75,1580.625,56,0.0,0.0
2020-10-23 00:00:00-04:00,1586.25,1661.625,1586.25,1623.824951171875,136,0.0,0.0
2020-10-26 00:00:00-04:00,1588.5,1615.5,1577.25,1600.875,99,0.0,0.0
2020-10-27 00:00:00-04:00,1588.5,1602.0,1554.75,1554.75,121,0.0,0.0
2020-10-28 00:00:00-04:00,1539.0,1539.0,1507.5,1514.25,114,0.0,0.0
2020-10-29 00:00:00-04:00,1471.5,1539.0,1471.5,1510.6500244140625,48,0.0,0.0
2020-10-30 00:00:00-04:00,1561.5,1561.5,1428.75,1483.199951171875,124,0.0,0.0
2020-11-02 00:00:00-05:00,1480.5,1507.5,1464.75,1496.25,27,0.0,0.0
2020-11-03 00:00:00-05:00,1480.5,1554.75,1467.0,1507.5,30,0.0,0.0
2020-11-04 00:00:00-05:00,1518.75,1575.0,1509.75,1509.75,22,0.0,0.0
2020-11-05 00:00:00-05:00,1519.6500244140625,1552.5,1489.5,1512.449951171875,42,0.0,0.0
2020-11-06 00:00:00-05:00,1494.675048828125,1552.5,1494.675048828125,1518.75,39,0.0,0.0
2020-11-09 00:00:00-05:00,1516.5,1552.5,1485.0,1509.75,36,0.0,0.0
2020-11-10 00:00:00-05:00,1487.25,1566.0,1486.125,1503.675048828125,83,0.0,0.0
2020-11-11 00:00:00-05:00,1515.375,1516.5,1489.5,1516.5,20,0.0,0.0
2020-11-12 00:00:00-05:00,1519.6500244140625,1530.0,1464.074951171875,1476.0,44,0.0,0.0
2020-11-13 00:00:00-05:00,1509.75,1552.5,1476.0,1526.625,86,0.0,0.0
2020-11-16 00:00:00-05:00,1572.75,1572.75,1525.5,1550.25,60,0.0,0.0
2020-11-17 00:00:00-05:00,1500.75,1741.5,1500.75,1626.5250244140625,418,0.0,0.0
2020-11-18 00:00:00-05:00,1662.75,1680.5250244140625,1561.5,1588.5,248,0.0,0.0
2020-11-19 00:00:00-05:00,1732.5,1820.25,1620.0,1800.0,977,0.0,0.0
2020-11-20 00:00:00-05:00,1684.3499755859375,1800.0,1563.75,1647.0,593,0.0,0.0
2020-11-23 00:00:00-05:00,1687.5,1702.3499755859375,1615.5,1656.0,212,0.0,0.0
2020-11-24 00:00:00-05:00,1624.5,1773.0,1613.25,1660.5,227,0.0,0.0
2020-11-25 00:00:00-05:00,1660.5,1728.0,1609.875,1656.0,208,0.0,0.0
2020-11-27 00:00:00-05:00,1680.75,1737.0,1640.25,1687.5,80,0.0,0.0
2020-11-30 00:00:00-05:00,1687.5,1687.5,1588.5,1617.75,198,0.0,0.0
2020-12-01 00:00:00-05:00,1615.5,1629.0,1530.0,1545.75,144,0.0,0.0
2020-12-02 00:00:00-05:00,1539.0,1568.25,1512.0,1543.5,63,0.0,0.0
2020-12-03 00:00:00-05:00,1568.25,1624.5,1485.0,1543.5,138,0.0,0.0
2020-12-04 00:00:00-05:00,1755.0,3143.25,1746.0,2272.5,42808,0.0,0.0
2020-12-07 00:00:00-05:00,2056.5,2360.25,1890.0,2117.25,5792,0.0,0.0
2020-12-08 00:00:00-05:00,2137.5,2193.75,2065.5,2067.75,1517,0.0,0.0
2020-12-09 00:00:00-05:00,2081.25,2091.60009765625,1838.25,1923.75,1110,0.0,0.0
2020-12-10 00:00:00-05:00,1838.25,1901.25,1800.0,1863.0,423,0.0,0.0
2020-12-11 00:00:00-05:00,1824.75,1842.300048828125,1755.0,1770.75,902,0.0,0.0
2020-12-14 00:00:00-05:00,1755.0,2029.5,1755.0,1811.25,984,0.0,0.0
2020-12-15 00:00:00-05:00,1899.0,1899.0,1775.25,1840.5,342,0.0,0.0
2020-12-16 00:00:00-05:00,1869.75,1903.5,1782.0,1804.5,527,0.0,0.0
2020-12-17 00:00:00-05:00,1784.25,2340.0,1782.0,1800.0,1872,0.0,0.0
2020-12-18 00:00:00-05:00,1782.0,1845.0,1773.0,1773.0,692,0.0,0.0
2020-12-21 00:00:00-05:00,1755.0,1822.5,1732.5,1804.5,700,0.0,0.0
2020-12-22 00:00:00-05:00,1831.5,1860.75,1732.5,1732.5,430,0.0,0.0
2020-12-23 00:00:00-05:00,1755.0,1771.425048828125,1710.0,1719.0,204,0.0,0.0
2020-12-24 00:00:00-05:00,1710.0,1716.75,1656.0,1680.75,220,0.0,0.0
2020-12-28 00:00:00-05:00,1649.25,1683.0,1577.25,1626.75,800,0.0,0.0
2020-12-29 00:00:00-05:00,1613.25,1662.75,1597.5,1635.75,454,0.0,0.0
2020-12-30 00:00:00-05:00,1698.75,1766.25,1646.7750244140625,1737.0,724,0.0,0.0
2020-12-31 00:00:00-05:00,1732.5,1841.4000244140625,1694.25,1696.5,565,0.0,0.0
2021-01-04 00:00:00-05:00,1710.0,1786.5,1710.0,1728.0,363,0.0,0.0
2021-01-05 00:00:00-05:00,1728.0,1777.5,1721.25,1777.5,228,0.0,0.0
2021-01-06 00:00:00-05:00,1779.75,1791.0,1705.5,1748.25,216,0.0,0.0
2021-01-07 00:00:00-05:00,1748.25,1782.0,1707.75,1741.5,443,0.0,0.0
2021-01-08 00:00:00-05:00,1728.0,1746.0,1698.75,1746.0,285,0.0,0.0
2021-01-11 00:00:00-05:00,1746.0,1746.0,1698.75,1730.25,136,0.0,0.0
2021-01-12 00:00:00-05:00,1737.0,1768.5,1721.25,1743.75,230,0.0,0.0
2021-01-13 00:00:00-05:00,1820.25,1840.5,1734.75,1833.75,468,0.0,0.0
2021-01-14 00:00:00-05:00,1833.75,1964.25,1818.0,1851.75,731,0.0,0.0
2021-01-15 00:00:00-05:00,1841.625,1912.5,1777.5,1863.0,197,0.0,0.0
2021-01-19 00:00:00-05:00,1910.25,1910.25,1834.875,1863.0,316,0.0,0.0
2021-01-20 00:00:00-05:00,1876.5,1948.5,1807.875,1930.5,460,0.0,0.0
2021-01-21 00:00:00-05:00,1932.75,1966.5,1923.75,1937.25,276,0.0,0.0
2021-01-22 00:00:00-05:00,1937.25,2025.0,1888.6500244140625,1998.0,276,0.0,0.0
2021-01-25 00:00:00-05:00,2025.0,2117.25,1995.75,2022.75,459,0.0,0.0
2021-01-26 00:00:00-05:00,2013.75,2025.0,1856.25,1919.25,375,0.0,0.0
2021-01-27 00:00:00-05:00,1910.25,1980.0,1777.5,1804.5,836,0.0,0.0
2021-01-28 00:00:00-05:00,1757.25,1827.0,1732.5,1739.25,413,0.0,0.0
2021-01-29 00:00:00-05:00,1746.0,1843.875,1746.0,1752.75,371,0.0,0.0
2021-02-01 00:00:00-05:00,1784.25,1827.0,1714.5,1802.25,308,0.0,0.0
2021-02-02 00:00:00-05:00,1842.75,2025.0,1788.75,1901.25,919,0.0,0.0
2021-02-03 00:00:00-05:00,1905.75,2070.0,1845.0,1975.5,1716,0.0,0.0
2021-02-04 00:00:00-05:00,2011.5,2056.5,1935.0,2013.75,433,0.0,0.0
2021-02-05 00:00:00-05:00,2058.75,2058.75,1971.0,2016.0,403,0.0,0.0
2021-02-08 00:00:00-05:00,1982.25,2002.5,1881.0,1939.5,752,0.0,0.0
2021-02-09 00:00:00-05:00,1939.5,2038.5,1899.0,1991.25,1066,0.0,0.0
2021-02-10 00:00:00-05:00,2016.0,2016.0,1874.25,1950.75,834,0.0,0.0
2021-02-11 00:00:00-05:00,2002.5,2002.5,1935.0,1964.25,438,0.0,0.0
2021-02-12 00:00:00-05:00,1901.25,2205.0,1887.75,2013.75,3427,0.0,0.0
2021-02-16 00:00:00-05:00,2107.800048828125,2166.75,1980.0,2025.0,2080,0.0,0.0
2021-02-17 00:00:00-05:00,2047.5,2094.75,1941.75,1989.0,1178,0.0,0.0
2021-02-18 00:00:00-05:00,1919.25,1984.5,1912.5,1941.75,528,0.0,0.0
2021-02-19 00:00:00-05:00,1977.75,2034.0,1935.0,1986.75,603,0.0,0.0
2021-02-22 00:00:00-05:00,1957.5,1964.25,1867.5,1901.25,569,0.0,0.0
2021-02-23 00:00:00-05:00,1813.5,1819.800048828125,1667.25,1716.75,819,0.0,0.0
2021-02-24 00:00:00-05:00,1779.75,1822.5,1696.949951171875,1775.25,418,0.0,0.0
2021-02-25 00:00:00-05:00,1831.5,1831.5,1631.25,1631.25,570,0.0,0.0
2021-02-26 00:00:00-05:00,1647.0,1658.25,1534.5,1586.25,606,0.0,0.0
2021-03-01 00:00:00-05:00,1683.0,1707.75,1644.75,1703.25,379,0.0,0.0
2021-03-02 00:00:00-05:00,1674.0,1714.5,1590.75,1629.0,379,0.0,0.0
2021-03-03 00:00:00-05:00,1638.0,1669.5,1568.25,1568.25,376,0.0,0.0
2021-03-04 00:00:00-05:00,1552.5,1615.5,1431.0,1464.75,806,0.0,0.0
2021-03-05 00:00:00-05:00,1471.5,1545.75,1372.5,1525.5,516,0.0,0.0
2021-03-08 00:00:00-05:00,1525.5,1554.75,1471.5,1518.75,320,0.0,0.0
2021-03-09 00:00:00-05:00,1557.0,1635.75,1525.5,1563.75,411,0.0,0.0
2021-03-10 00:00:00-05:00,1604.25,1604.25,1543.5,1579.5,160,0.0,0.0
2021-03-11 00:00:00-05:00,1615.5,1674.0,1577.25,1631.25,268,0.0,0.0
2021-03-12 00:00:00-05:00,1628.0999755859375,1707.75,1620.0,1674.0,294,0.0,0.0
2021-03-15 00:00:00-04:00,1705.5,1707.75,1642.5,1671.75,178,0.0,0.0
2021-03-16 00:00:00-04:00,1665.0,1696.5,1584.0,1586.25,256,0.0,0.0
2021-03-17 00:00:00-04:00,1617.75,1631.25,1575.0,1613.25,136,0.0,0.0
2021-03-18 00:00:00-04:00,1579.5,1723.5,1577.25,1597.5,362,0.0,0.0
2021-03-19 00:00:00-04:00,1617.75,1667.0250244140625,1586.25,1658.25,288,0.0,0.0
2021-03-22 00:00:00-04:00,1658.25,1694.25,1611.0,1653.75,140,0.0,0.0
2021-03-23 00:00:00-04:00,1626.75,1636.425048828125,1575.0,1608.75,159,0.0,0.0
2021-03-24 00:00:00-04:00,1620.0,1620.0,1503.0,1523.25,184,0.0,0.0
2021-03-25 00:00:00-04:00,1503.0,1575.0,1435.5,1557.0,257,0.0,0.0
2021-03-26 00:00:00-04:00,1444.5,1525.5,1400.4000244140625,1525.5,401,0.0,0.0
2021-03-29 00:00:00-04:00,1478.25,1478.25,1382.625,1390.5,308,0.0,0.0
2021-03-30 00:00:00-04:00,1381.5,1426.5,1329.75,1419.75,185,0.0,0.0
2021-03-31 00:00:00-04:00,1417.5,1471.5,1374.75,1415.25,123,0.0,0.0
2021-04-01 00:00:00-04:00,1415.25,1568.25,1381.7249755859375,1458.0,702,0.0,0.0
2021-04-05 00:00:00-04:00,1424.25,1444.5,1388.25,1399.5,108,0.0,0.0
2021-04-06 00:00:00-04:00,1388.25,1428.75,1377.0,1415.25,158,0.0,0.0
2021-04-07 00:00:00-04:00,1415.25,1415.25,1354.5,1377.0,212,0.0,0.0
2021-04-08 00:00:00-04:00,1365.75,1383.75,1350.0,1379.25,92,0.0,0.0
2021-04-09 00:00:00-04:00,1368.0,1377.0,1335.824951171875,1361.25,108,0.0,0.0
2021-04-12 00:00:00-04:00,1332.0,1363.5,1179.0,1242.0,535,0.0,0.0
2021-04-13 00:00:00-04:00,1242.0,1291.5,1219.5,1287.0,131,0.0,0.0
2021-04-14 00:00:00-04:00,1273.5,1278.0,1192.5,1192.5,156,0.0,0.0
2021-04-15 00:00:00-04:00,1190.25,1219.5,1111.5,1134.0,402,0.0,0.0
2021-04-16 00:00:00-04:00,1129.5,1152.0,1101.1500244140625,1152.0,243,0.0,0.0
2021-04-19 00:00:00-04:00,1158.75,1158.75,1080.0,1154.25,359,0.0,0.0
2021-04-20 00:00:00-04:00,1167.75,1170.0,1068.75,1086.75,254,0.0,0.0
2021-04-21 00:00:00-04:00,1089.0,1125.0,1089.0,1125.0,106,0.0,0.0
2021-04-22 00:00:00-04:00,1125.0,1152.0,972.0,1001.25,1472,0.0,0.0
2021-04-23 00:00:00-04:00,1012.5,1030.5,1001.25,1010.25,804,0.0,0.0
2021-04-26 00:00:00-04:00,1035.0,1035.0,981.0,1005.75,663,0.0,0.0
2021-04-27 00:00:00-04:00,1012.5,1012.5,992.25,1005.75,344,0.0,0.0
2021-04-28 00:00:00-04:00,1008.0,1012.5,996.75,1012.5,448,0.0,0.0
2021-04-29 00:00:00-04:00,1012.5,1012.5,949.5,969.75,856,0.0,0.0
2021-04-30 00:00:00-04:00,969.75,976.5,945.0,956.25,309,0.0,0.0
2021-05-03 00:00:00-04:00,967.5,974.25,913.5,931.5,446,0.0,0.0
2021-05-04 00:00:00-04:00,924.75,927.0,861.75,913.5,472,0.0,0.0
2021-05-05 00:00:00-04:00,913.5,922.5,888.75,897.75,211,0.0,0.0
2021-05-06 00:00:00-04:00,893.25,915.9749755859375,819.0,837.0,558,0.0,0.0
2021-05-07 00:00:00-04:00,859.5,918.0,855.0,868.5,525,0.0,0.0
2021-05-10 00:00:00-04:00,855.0,855.0,760.5,776.25,916,0.0,0.0
2021-05-11 00:00:00-04:00,742.5,799.2000122070312,713.25,789.75,614,0.0,0.0
2021-05-12 00:00:00-04:00,776.25,787.5,711.0,733.5,1018,0.0,0.0
2021-05-13 00:00:00-04:00,731.25,769.5,704.25,706.5,646,0.0,0.0
2021-05-14 00:00:00-04:00,722.25,735.75,697.5,704.25,516,0.0,0.0
2021-05-17 00:00:00-04:00,704.25,765.0,697.5,758.25,444,0.0,0.0
2021-05-18 00:00:00-04:00,749.25,776.25,742.5,744.75,236,0.0,0.0
2021-05-19 00:00:00-04:00,690.75,713.25,621.0,661.5,2010,0.0,0.0
2021-05-20 00:00:00-04:00,677.25,677.25,641.25,661.5,500,0.0,0.0
2021-05-21 00:00:00-04:00,650.25,693.0,634.5,693.0,1001,0.0,0.0
2021-05-24 00:00:00-04:00,675.0,706.5,634.5,690.75,868,0.0,0.0
2021-05-25 00:00:00-04:00,690.75,733.5,657.0,677.25,921,0.0,0.0
2021-05-26 00:00:00-04:00,688.5,728.0999755859375,652.5,713.25,707,0.0,0.0
2021-05-27 00:00:00-04:00,717.75,1165.5,712.125,787.5,34029,0.0,0.0
2021-05-28 00:00:00-04:00,765.0,767.25,675.0,702.0,4102,0.0,0.0
2021-06-01 00:00:00-04:00,711.9000244140625,762.5250244140625,686.25,742.5,2104,0.0,0.0
2021-06-02 00:00:00-04:00,749.25,794.25,724.5,740.25,2092,0.0,0.0
2021-06-03 00:00:00-04:00,742.5,749.25,713.25,729.0,1636,0.0,0.0
2021-06-04 00:00:00-04:00,722.25,729.0,697.5,713.25,1232,0.0,0.0
2021-06-07 00:00:00-04:00,720.0,738.0,706.9500122070312,735.75,1164,0.0,0.0
2021-06-08 00:00:00-04:00,735.75,780.75,722.25,771.75,1199,0.0,0.0
2021-06-09 00:00:00-04:00,780.75,805.5,771.75,787.5,1747,0.0,0.0
2021-06-10 00:00:00-04:00,801.0,801.0,765.0,771.75,1083,0.0,0.0
2021-06-11 00:00:00-04:00,769.5,792.0,749.25,767.25,493,0.0,0.0
2021-06-14 00:00:00-04:00,771.75,783.0,724.5,738.0,815,0.0,0.0
2021-06-15 00:00:00-04:00,738.0,741.8250122070312,675.0,695.25,1240,0.0,0.0
2021-06-16 00:00:00-04:00,687.375,701.5499877929688,666.0,684.0,963,0.0,0.0
2021-06-17 00:00:00-04:00,679.5,697.5,666.0,675.0,494,0.0,0.0
2021-06-18 00:00:00-04:00,668.25,684.0,645.75,648.0,1097,0.0,0.0
2021-06-21 00:00:00-04:00,672.2999877929688,672.2999877929688,643.5,648.0,448,0.0,0.0
2021-06-22 00:00:00-04:00,648.0,650.25,625.5,650.25,437,0.0,0.0
2021-06-23 00:00:00-04:00,648.0,670.5,648.0,670.5,265,0.0,0.0
2021-06-24 00:00:00-04:00,679.5,681.75,659.25,659.25,316,0.0,0.0
2021-06-25 00:00:00-04:00,661.5,684.0,661.5,675.0,714,0.0,0.0
2021-06-28 00:00:00-04:00,686.25,703.5750122070312,666.0,670.5,540,0.0,0.0
2021-06-29 00:00:00-04:00,675.0,675.0,648.0,657.0,381,0.0,0.0
2021-06-30 00:00:00-04:00,650.25,693.0,643.5,684.0,762,0.0,0.0
2021-07-01 00:00:00-04:00,668.25,803.25,668.25,722.25,3460,0.0,0.0
2021-07-02 00:00:00-04:00,731.25,731.25,670.5,677.25,772,0.0,0.0
2021-07-06 00:00:00-04:00,677.25,684.6749877929688,634.5,641.25,1402,0.0,0.0
2021-07-07 00:00:00-04:00,641.25,654.0750122070312,576.0,580.5,1691,0.0,0.0
2021-07-08 00:00:00-04:00,562.5,582.75,540.0,555.75,872,0.0,0.0
2021-07-09 00:00:00-04:00,560.25,594.0,544.5,582.75,1060,0.0,0.0
2021-07-12 00:00:00-04:00,578.25,578.4749755859375,562.5,571.5,444,0.0,0.0
2021-07-13 00:00:00-04:00,573.75,695.25,573.75,587.25,9192,0.0,0.0
2021-07-14 00:00:00-04:00,585.0,589.5,531.0,537.75,4563,0.0,0.0
2021-07-15 00:00:00-04:00,537.75,547.2000122070312,519.75,535.5,930,0.0,0.0
2021-07-16 00:00:00-04:00,546.75,558.0,524.25,535.5,795,0.0,0.0
2021-07-19 00:00:00-04:00,528.75,533.25,501.75,524.25,522,0.0,0.0
2021-07-20 00:00:00-04:00,519.75,571.5,508.5,562.5,588,0.0,0.0
2021-07-21 00:00:00-04:00,555.75,585.0,552.8250122070312,571.5,300,0.0,0.0
2021-07-22 00:00:00-04:00,583.6500244140625,585.0,540.0,549.0,611,0.0,0.0
2021-07-23 00:00:00-04:00,546.75,546.75,477.0,481.5,1583,0.0,0.0
2021-07-26 00:00:00-04:00,468.0,468.0,405.0,427.5,2572,0.0,0.0
2021-07-27 00:00:00-04:00,418.5,420.75,375.75,407.25,1980,0.0,0.0
2021-07-28 00:00:00-04:00,425.25,443.25,412.875,427.5,1017,0.0,0.0
2021-07-29 00:00:00-04:00,432.0,441.0,400.5,402.75,650,0.0,0.0
2021-07-30 00:00:00-04:00,396.0,402.75,382.5,387.0,630,0.0,0.0
2021-08-02 00:00:00-04:00,411.75,411.75,393.75,400.5,405,0.0,0.0
2021-08-03 00:00:00-04:00,396.0,402.75,382.5,396.0,760,0.0,0.0
2021-08-04 00:00:00-04:00,382.5,411.75,382.5,393.75,305,0.0,0.0
2021-08-05 00:00:00-04:00,391.5,405.0,375.75,396.0,888,0.0,0.0
2021-08-06 00:00:00-04:00,405.0,405.0,382.5,384.75,364,0.0,0.0
2021-08-09 00:00:00-04:00,400.5,425.25,387.0,409.5,964,0.0,0.0
2021-08-10 00:00:00-04:00,416.25,425.25,395.54998779296875,409.5,732,0.0,0.0
2021-08-11 00:00:00-04:00,416.25,432.0,400.5,409.5,918,0.0,0.0
2021-08-12 00:00:00-04:00,411.75,416.25,378.0,382.5,2022,0.0,0.0
2021-08-13 00:00:00-04:00,366.75,396.0,360.0,371.25,2026,0.0,0.0
2021-08-16 00:00:00-04:00,364.5,367.42498779296875,343.125,351.0,1101,0.0,0.0
2021-08-17 00:00:00-04:00,348.75,348.75,328.5,337.5,1057,0.0,0.0
2021-08-18 00:00:00-04:00,342.0,357.75,319.5,335.25,729,0.0,0.0
2021-08-19 00:00:00-04:00,326.25,326.25,297.0,312.75,1401,0.0,0.0
2021-08-20 00:00:00-04:00,317.25,319.5,306.0,310.5,411,0.0,0.0
2021-08-23 00:00:00-04:00,317.25,317.25,303.75,310.5,674,0.0,0.0
2021-08-24 00:00:00-04:00,315.0,360.2250061035156,294.75,346.5,2958,0.0,0.0
2021-08-25 00:00:00-04:00,342.0,355.5,335.92498779296875,346.5,616,0.0,0.0
2021-08-26 00:00:00-04:00,348.75,364.5,333.0,353.25,1223,0.0,0.0
2021-08-27 00:00:00-04:00,348.75,369.0,337.5,369.0,487,0.0,0.0
2021-08-30 00:00:00-04:00,369.0,369.0,335.25,344.25,692,0.0,0.0
2021-08-31 00:00:00-04:00,348.75,364.5,333.0,348.75,1076,0.0,0.0
2021-09-01 00:00:00-04:00,351.0,366.75,339.75,362.25,1103,0.0,0.0
2021-09-02 00:00:00-04:00,357.75,362.25,346.5,355.5,703,0.0,0.0
2021-09-03 00:00:00-04:00,351.0,362.25,346.5,357.75,402,0.0,0.0
2021-09-07 00:00:00-04:00,353.25,427.5,351.0,389.25,6750,0.0,0.0
2021-09-08 00:00:00-04:00,396.0,401.8500061035156,351.0,353.25,2364,0.0,0.0
2021-09-09 00:00:00-04:00,351.0,353.25,333.0,335.25,1485,0.0,0.0
2021-09-10 00:00:00-04:00,339.75,342.0,319.5,330.75,951,0.0,0.0
2021-09-13 00:00:00-04:00,330.75,333.0,310.5,312.75,1243,0.0,0.0
2021-09-14 00:00:00-04:00,315.0,319.5,263.25,274.5,4272,0.0,0.0
2021-09-15 00:00:00-04:00,267.75,281.25,258.75,267.75,1472,0.0,0.0
2021-09-16 00:00:00-04:00,263.25,274.5,261.0,268.875,518,0.0,0.0
2021-09-17 00:00:00-04:00,265.5,270.0,255.8249969482422,258.75,1579,0.0,0.0
2021-09-20 00:00:00-04:00,263.25,263.25,229.5,234.0,2020,0.0,0.0
2021-09-21 00:00:00-04:00,231.75,246.375,227.25,236.25,683,0.0,0.0
2021-09-22 00:00:00-04:00,234.0,265.5,231.75,258.75,2144,0.0,0.0
2021-09-23 00:00:00-04:00,258.75,258.75,240.75,253.125,871,0.0,0.0
2021-09-24 00:00:00-04:00,247.5,279.0,238.5,272.25,4124,0.0,0.0
2021-09-27 00:00:00-04:00,258.75,267.75,243.0,254.25,2478,0.0,0.0
2021-09-28 00:00:00-04:00,263.25,263.25,245.25,247.5,871,0.0,0.0
2021-09-29 00:00:00-04:00,252.0,254.25,227.25,231.75,1454,0.0,0.0
2021-09-30 00:00:00-04:00,236.25,249.75,231.75,249.75,931,0.0,0.0
2021-10-01 00:00:00-04:00,252.0,258.75,236.25,247.5,435,0.0,0.0
2021-10-04 00:00:00-04:00,245.25,245.25,227.25,227.25,977,0.0,0.0
2021-10-05 00:00:00-04:00,231.75,236.25,227.25,236.25,1028,0.0,0.0
2021-10-06 00:00:00-04:00,231.75,240.75,229.5,236.25,681,0.0,0.0
2021-10-07 00:00:00-04:00,231.75,270.0,231.75,245.25,4490,0.0,0.0
2021-10-08 00:00:00-04:00,249.75,249.75,234.0,236.25,888,0.0,0.0
2021-10-11 00:00:00-04:00,234.0,247.5,234.0,237.375,538,0.0,0.0
2021-10-12 00:00:00-04:00,238.5,245.9250030517578,200.47500610351562,212.39999389648438,3702,0.0,0.0
2021-10-13 00:00:00-04:00,216.0,218.25,212.39999389648438,216.0,893,0.0,0.0
2021-10-14 00:00:00-04:00,220.5,220.5,194.39999389648438,206.10000610351562,3228,0.0,0.0
2021-10-15 00:00:00-04:00,211.0500030517578,211.0500030517578,199.8000030517578,207.4499969482422,880,0.0,0.0
2021-10-18 00:00:00-04:00,209.25,209.25,191.25,198.0,2485,0.0,0.0
2021-10-19 00:00:00-04:00,198.0,210.14999389648438,198.0,207.0,1831,0.0,0.0
2021-10-20 00:00:00-04:00,202.5,283.5,198.4499969482422,236.25,28029,0.0,0.0
2021-10-21 00:00:00-04:00,288.0,324.0,256.5,303.75,151716,0.0,0.0
2021-10-22 00:00:00-04:00,265.5,306.8999938964844,258.75,303.75,28574,0.0,0.0
2021-10-25 00:00:00-04:00,299.25,344.25,276.75,306.0,30004,0.0,0.0
2021-10-26 00:00:00-04:00,297.0,312.75,265.5,265.5,12464,0.0,0.0
2021-10-27 00:00:00-04:00,263.25,274.5,238.5,249.75,11304,0.0,0.0
2021-10-28 00:00:00-04:00,247.5,286.875,247.5,258.75,6515,0.0,0.0
2021-10-29 00:00:00-04:00,265.5,268.6499938964844,236.25,240.75,4520,0.0,0.0
2021-11-01 00:00:00-04:00,236.25,243.0,227.25,236.25,2954,0.0,0.0
2021-11-02 00:00:00-04:00,236.25,261.0,227.25,254.25,4360,0.0,0.0
2021-11-03 00:00:00-04:00,254.25,261.0,244.125,254.25,1772,0.0,0.0
2021-11-04 00:00:00-04:00,252.0,254.25,243.0,247.5,1353,0.0,0.0
2021-11-05 00:00:00-04:00,247.5,254.25,238.5,240.75,1203,0.0,0.0
2021-11-08 00:00:00-05:00,247.5,292.5,243.4499969482422,279.0,5816,0.0,0.0
2021-11-09 00:00:00-05:00,283.5,290.25,247.5,258.75,3434,0.0,0.0
2021-11-10 00:00:00-05:00,256.5,265.5,231.75,243.0,2468,0.0,0.0
2021-11-11 00:00:00-05:00,247.5,258.75,243.0,249.75,1481,0.0,0.0
2021-11-12 00:00:00-05:00,254.25,254.25,236.25,240.75,1447,0.0,0.0
2021-11-15 00:00:00-05:00,243.0,245.25,234.0,245.25,1177,0.0,0.0
2021-11-16 00:00:00-05:00,245.25,245.25,234.0,234.0,1236,0.0,0.0
2021-11-17 00:00:00-05:00,236.25,247.5,225.0,227.25,2637,0.0,0.0
2021-11-18 00:00:00-05:00,222.75,234.0,211.72500610351562,225.0,2391,0.0,0.0
2021-11-19 00:00:00-05:00,180.0,207.0,180.0,193.5,6187,0.0,0.0
2021-11-22 00:00:00-05:00,191.25,200.25,163.5749969482422,168.75,3516,0.0,0.0
2021-11-23 00:00:00-05:00,171.0,180.0,164.25,168.75,1472,0.0,0.0
2021-11-24 00:00:00-05:00,172.125,177.75,162.4499969482422,171.0,1175,0.0,0.0
2021-11-26 00:00:00-05:00,167.39999389648438,169.1999969482422,157.72500610351562,162.4499969482422,1214,0.0,0.0
2021-11-29 00:00:00-05:00,168.75,170.77499389648438,146.47500610351562,146.9250030517578,2253,0.0,0.0
2021-11-30 00:00:00-05:00,153.89999389648438,153.89999389648438,132.75,146.25,2478,0.0,0.0
2021-12-01 00:00:00-05:00,146.25,175.5,142.875,154.8000030517578,7489,0.0,0.0
2021-12-02 00:00:00-05:00,150.75,163.5749969482422,137.25,141.0749969482422,3821,0.0,0.0
2021-12-03 00:00:00-05:00,137.9250030517578,139.5,115.42500305175781,117.0,4324,0.0,0.0
2021-12-06 00:00:00-05:00,119.69999694824219,123.75,117.0,123.75,1521,0.0,0.0
2021-12-07 00:00:00-05:00,131.39999389648438,141.0749969482422,126.0,131.85000610351562,3762,0.0,0.0
2021-12-08 00:00:00-05:00,132.75,141.75,126.0,139.5,1621,0.0,0.0
2021-12-09 00:00:00-05:00,139.9499969482422,143.5500030517578,135.0,141.75,3560,0.0,0.0
2021-12-10 00:00:00-05:00,143.10000610351562,143.10000610351562,127.80000305175781,130.5,1579,0.0,0.0
2021-12-13 00:00:00-05:00,126.0,129.375,117.0,119.4749984741211,2290,0.0,0.0
2021-12-14 00:00:00-05:00,117.0,126.0,114.75,115.19999694824219,1988,0.0,0.0
2021-12-15 00:00:00-05:00,115.19999694824219,127.57499694824219,101.25,108.67500305175781,5396,0.0,0.0
2021-12-16 00:00:00-05:00,112.7249984741211,114.75,103.7249984741211,105.9749984741211,1473,0.0,0.0
2021-12-17 00:00:00-05:00,103.7249984741211,112.05000305175781,103.5,111.5999984741211,3233,0.0,0.0
2021-12-20 00:00:00-05:00,110.0250015258789,110.25,103.7249984741211,106.875,728,0.0,0.0
2021-12-21 00:00:00-05:00,108.2249984741211,114.75,106.875,114.5250015258789,1863,0.0,0.0
2021-12-22 00:00:00-05:00,115.19999694824219,123.75,106.875,119.25,2976,0.0,0.0
2021-12-23 00:00:00-05:00,114.75,119.25,109.125,117.0,1613,0.0,0.0
2021-12-27 00:00:00-05:00,113.4000015258789,113.4000015258789,104.625,105.5250015258789,3512,0.0,0.0
2021-12-28 00:00:00-05:00,114.75,119.4749984741211,108.67500305175781,110.25,2784,0.0,0.0
2021-12-29 00:00:00-05:00,112.5,117.0,99.0,108.0,6497,0.0,0.0
2021-12-30 00:00:00-05:00,110.25,119.25,108.0,110.69999694824219,3517,0.0,0.0
2021-12-31 00:00:00-05:00,105.75,112.5,103.7249984741211,104.625,5227,0.0,0.0
2022-01-03 00:00:00-05:00,117.0,123.75,90.0,98.32499694824219,17157,0.0,0.0
2022-01-04 00:00:00-05:00,99.0,99.0,90.0,92.0250015258789,5739,0.0,0.0
2022-01-05 00:00:00-05:00,92.25,92.69999694824219,82.125,86.625,5719,0.0,0.0
2022-01-06 00:00:00-05:00,87.30000305175781,87.75,78.75,86.4000015258789,6401,0.0,0.0
2022-01-07 00:00:00-05:00,85.5,90.0,79.6500015258789,83.69999694824219,22840,0.0,0.0
2022-01-10 00:00:00-05:00,81.0,82.80000305175781,74.25,78.5250015258789,11697,0.0,0.0
2022-01-11 00:00:00-05:00,78.75,90.0,74.69999694824219,83.25,4674,0.0,0.0
2022-01-12 00:00:00-05:00,86.4000015258789,94.5,82.125,93.375,6209,0.0,0.0
2022-01-13 00:00:00-05:00,92.25,94.2750015258789,86.4000015258789,88.6500015258789,3243,0.0,0.0
2022-01-14 00:00:00-05:00,88.42500305175781,90.0,83.92500305175781,87.75,1536,0.0,0.0
2022-01-18 00:00:00-05:00,87.75,87.75,81.0,81.0,1802,0.0,0.0
2022-01-19 00:00:00-05:00,82.57499694824219,86.4000015258789,81.0,81.2249984741211,1132,0.0,0.0
2022-01-20 00:00:00-05:00,85.7249984741211,88.875,85.05000305175781,85.94999694824219,2045,0.0,0.0
2022-01-21 00:00:00-05:00,79.6500015258789,83.25,67.94999694824219,73.57499694824219,15366,0.0,0.0
2022-01-24 00:00:00-05:00,67.5,77.625,63.0,69.75,5142,0.0,0.0
2022-01-25 00:00:00-05:00,67.5,85.5,67.5,79.6500015258789,3718,0.0,0.0
2022-01-26 00:00:00-05:00,84.1500015258789,84.1500015258789,73.125,78.30000305175781,1208,0.0,0.0
2022-01-27 00:00:00-05:00,76.7249984741211,81.0,72.0,77.17500305175781,1715,0.0,0.0
2022-01-28 00:00:00-05:00,81.0,81.0,74.25,76.7249984741211,629,0.0,0.0
2022-01-31 00:00:00-05:00,75.82499694824219,94.5,74.25,91.125,4659,0.0,0.0
2022-02-01 00:00:00-05:00,91.125,104.625,87.75,93.375,3788,0.0,0.0
2022-02-02 00:00:00-05:00,96.75,96.75,86.8499984741211,87.75,1017,0.0,0.0
2022-02-03 00:00:00-05:00,86.8499984741211,91.125,82.3499984741211,84.375,685,0.0,0.0
2022-02-04 00:00:00-05:00,85.5,92.25,81.2249984741211,87.75,2153,0.0,0.0
2022-02-07 00:00:00-05:00,90.0,97.875,87.75,95.17500305175781,4484,0.0,0.0
2022-02-08 00:00:00-05:00,96.75,101.0250015258789,90.44999694824219,95.17500305175781,2069,0.0,0.0
2022-02-09 00:00:00-05:00,95.17500305175781,99.0,87.75,92.25,2732,0.0,0.0
2022-02-10 00:00:00-05:00,92.25,96.30000305175781,87.75,90.44999694824219,671,0.0,0.0
2022-02-11 00:00:00-05:00,91.80000305175781,92.25,85.5,86.625,529,0.0,0.0
2022-02-14 00:00:00-05:00,86.625,92.0250015258789,84.1500015258789,85.7249984741211,428,0.0,0.0
2022-02-15 00:00:00-05:00,83.0250015258789,90.0,83.0250015258789,85.05000305175781,819,0.0,0.0
2022-02-16 00:00:00-05:00,85.05000305175781,89.7750015258789,81.44999694824219,84.1500015258789,687,0.0,0.0
2022-02-17 00:00:00-05:00,81.2249984741211,89.7750015258789,81.0,81.0,535,0.0,0.0
2022-02-18 00:00:00-05:00,81.0,83.25,76.5,78.75,914,0.0,0.0
2022-02-22 00:00:00-05:00,78.75,81.0,74.25,78.5250015258789,1162,0.0,0.0
2022-02-23 00:00:00-05:00,75.82499694824219,78.5250015258789,72.0,75.1500015258789,886,0.0,0.0
2022-02-24 00:00:00-05:00,67.94999694824219,76.5,67.94999694824219,74.25,1055,0.0,0.0
2022-02-25 00:00:00-05:00,78.75,78.75,72.0,74.0250015258789,610,0.0,0.0
2022-02-28 00:00:00-05:00,68.625,94.5,68.625,90.0,4607,0.0,0.0
2022-03-01 00:00:00-05:00,94.05000305175781,106.875,85.5,86.17500305175781,2222,0.0,0.0
2022-03-02 00:00:00-05:00,86.8499984741211,92.25,81.0,82.80000305175781,1316,0.0,0.0
2022-03-03 00:00:00-05:00,83.69999694824219,85.7249984741211,78.75,81.2249984741211,906,0.0,0.0
2022-03-04 00:00:00-05:00,81.0,81.2249984741211,74.4749984741211,75.375,551,0.0,0.0
2022-03-07 00:00:00-05:00,78.75,78.75,74.25,75.375,588,0.0,0.0
2022-03-08 00:00:00-05:00,75.5999984741211,81.0,72.44999694824219,74.25,1000,0.0,0.0
2022-03-09 00:00:00-05:00,76.5,82.3499984741211,74.25,76.5,750,0.0,0.0
2022-03-10 00:00:00-05:00,78.75,78.75,70.42500305175781,75.375,950,0.0,0.0
2022-03-11 00:00:00-05:00,79.19999694824219,80.32499694824219,67.5,70.875,1351,0.0,0.0
2022-03-14 00:00:00-04:00,67.94999694824219,70.875,56.25,60.75,2957,0.0,0.0
2022-03-15 00:00:00-04:00,67.5,67.5,57.150001525878906,60.07500076293945,1685,0.0,0.0
2022-03-16 00:00:00-04:00,96.9749984741211,129.375,85.2750015258789,92.25,385310,0.0,0.0
2022-03-17 00:00:00-04:00,80.7750015258789,87.75,76.5,86.625,32108,0.0,0.0
2022-03-18 00:00:00-04:00,85.2750015258789,105.75,76.7249984741211,81.0,48374,0.0,0.0
2022-03-21 00:00:00-04:00,81.0,87.75,78.75,85.5,16647,0.0,0.0
2022-03-22 00:00:00-04:00,92.0250015258789,108.0,87.75,96.75,29860,0.0,0.0
2022-03-23 00:00:00-04:00,90.0,100.3499984741211,86.625,92.25,10138,0.0,0.0
2022-03-24 00:00:00-04:00,93.1500015258789,93.82499694824219,83.69999694824219,89.55000305175781,9922,0.0,0.0
2022-03-25 00:00:00-04:00,85.5,88.6500015258789,78.75,79.875,6180,0.0,0.0
2022-03-28 00:00:00-04:00,85.05000305175781,85.05000305175781,78.9749984741211,80.32499694824219,5054,0.0,0.0
2022-03-29 00:00:00-04:00,83.25,87.07499694824219,80.32499694824219,82.3499984741211,4956,0.0,0.0
2022-03-30 00:00:00-04:00,86.8499984741211,91.57499694824219,82.80000305175781,84.1500015258789,9212,0.0,0.0
2022-03-31 00:00:00-04:00,81.0,85.5,75.375,82.80000305175781,4772,0.0,0.0
2022-04-01 00:00:00-04:00,84.1500015258789,87.75,79.6500015258789,83.69999694824219,7053,0.0,0.0
2022-04-04 00:00:00-04:00,85.5,94.5,82.3499984741211,86.4000015258789,10334,0.0,0.0
2022-04-05 00:00:00-04:00,85.5,85.5,72.67500305175781,73.125,7201,0.0,0.0
2022-04-06 00:00:00-04:00,76.5,78.75,70.875,74.25,4604,0.0,0.0
2022-04-07 00:00:00-04:00,72.44999694824219,74.4749984741211,69.75,73.125,2975,0.0,0.0
2022-04-08 00:00:00-04:00,74.92500305175781,75.375,68.625,71.32499694824219,3576,0.0,0.0
2022-04-11 00:00:00-04:00,72.0,72.0,63.0,63.45000076293945,4631,0.0,0.0
2022-04-12 00:00:00-04:00,66.375,67.2750015258789,63.0,64.57499694824219,1736,0.0,0.0
2022-04-13 00:00:00-04:00,65.0250015258789,74.0250015258789,61.875,69.9749984741211,3851,0.0,0.0
2022-04-14 00:00:00-04:00,71.0999984741211,72.67500305175781,65.4749984741211,70.6500015258789,2784,0.0,0.0
2022-04-18 00:00:00-04:00,72.0,72.0,63.224998474121094,69.30000305175781,1466,0.0,0.0
2022-04-19 00:00:00-04:00,67.05000305175781,73.125,67.05000305175781,71.7750015258789,2336,0.0,0.0
2022-04-20 00:00:00-04:00,67.5,73.80000305175781,66.375,69.75,1759,0.0,0.0
2022-04-21 00:00:00-04:00,67.5,72.0,63.224998474121094,65.0250015258789,1707,0.0,0.0
2022-04-22 00:00:00-04:00,66.1500015258789,67.2750015258789,61.875,65.69999694824219,2709,0.0,0.0
2022-04-25 00:00:00-04:00,57.599998474121094,63.0,57.599998474121094,62.54999923706055,2048,0.0,0.0
2022-04-26 00:00:00-04:00,61.875,61.875,51.974998474121094,54.0,2530,0.0,0.0
2022-04-27 00:00:00-04:00,56.25,58.5,54.0,55.125,1226,0.0,0.0
2022-04-28 00:00:00-04:00,56.25,56.70000076293945,50.625,55.79999923706055,1460,0.0,0.0
2022-04-29 00:00:00-04:00,80.55000305175781,96.30000305175781,63.0,63.0,249249,0.0,0.0
2022-05-02 00:00:00-04:00,72.44999694824219,74.25,63.0,63.45000076293945,43019,0.0,0.0
2022-05-03 00:00:00-04:00,66.5999984741211,70.19999694824219,60.75,64.125,21800,0.0,0.0
2022-05-04 00:00:00-04:00,60.29999923706055,63.0,58.724998474121094,60.29999923706055,8368,0.0,0.0
2022-05-05 00:00:00-04:00,56.92499923706055,65.0250015258789,55.349998474121094,61.650001525878906,7276,0.0,0.0
2022-05-06 00:00:00-04:00,58.5,62.775001525878906,55.349998474121094,58.5,4486,0.0,0.0
2022-05-09 00:00:00-04:00,54.0,54.0,47.70000076293945,50.17499923706055,4940,0.0,0.0
2022-05-10 00:00:00-04:00,51.75,51.75,47.025001525878906,49.04999923706055,3046,0.0,0.0
2022-05-11 00:00:00-04:00,46.125,51.525001525878906,45.0,45.0,2497,0.0,0.0
2022-05-12 00:00:00-04:00,43.650001525878906,50.17499923706055,40.5,48.375,3444,0.0,0.0
2022-05-13 00:00:00-04:00,55.349998474121094,55.79999923706055,49.5,52.650001525878906,8529,0.0,0.0
2022-05-16 00:00:00-04:00,49.95000076293945,55.79999923706055,48.599998474121094,52.875,1672,0.0,0.0
2022-05-17 00:00:00-04:00,52.875,55.349998474121094,50.625,53.54999923706055,2344,0.0,0.0
2022-05-18 00:00:00-04:00,54.0,54.67499923706055,47.70000076293945,50.17499923706055,3617,0.0,0.0
2022-05-19 00:00:00-04:00,49.5,53.54999923706055,48.150001525878906,52.42499923706055,1632,0.0,0.0
2022-05-20 00:00:00-04:00,53.54999923706055,55.349998474121094,47.25,49.275001525878906,2992,0.0,0.0
2022-05-23 00:00:00-04:00,45.224998474121094,51.75,45.224998474121094,49.5,2020,0.0,0.0
2022-05-24 00:00:00-04:00,47.025001525878906,49.5,45.224998474121094,46.125,2762,0.0,0.0
2022-05-25 00:00:00-04:00,47.025001525878906,49.275001525878906,42.75,45.0,1562,0.0,0.0
2022-05-26 00:00:00-04:00,45.45000076293945,49.5,43.875,46.349998474121094,2482,0.0,0.0
2022-05-27 00:00:00-04:00,42.75,45.0,40.95000076293945,42.29999923706055,6048,0.0,0.0
2022-05-31 00:00:00-04:00,45.224998474121094,46.349998474121094,43.20000076293945,44.099998474121094,3789,0.0,0.0
2022-06-01 00:00:00-04:00,46.125,46.125,41.17499923706055,43.20000076293945,1779,0.0,0.0
2022-06-02 00:00:00-04:00,41.400001525878906,46.79999923706055,41.400001525878906,45.0,2997,0.0,0.0
2022-06-03 00:00:00-04:00,45.0,45.0,41.849998474121094,42.75,2573,0.0,0.0
2022-06-06 00:00:00-04:00,45.0,45.67499923706055,40.5,40.5,4247,0.0,0.0
2022-06-07 00:00:00-04:00,36.150001525878906,47.099998474121094,34.349998474121094,38.54999923706055,8360,0.0,0.06666666666666667
2022-06-08 00:00:00-04:00,38.70000076293945,57.75,37.79999923706055,46.04999923706055,21607,0.0,0.0
2022-06-09 00:00:00-04:00,45.0,54.0,41.400001525878906,47.26499938964844,32073,0.0,0.0
2022-06-10 00:00:00-04:00,47.54999923706055,47.70000076293945,42.150001525878906,46.5,7000,0.0,0.0
2022-06-13 00:00:00-04:00,43.349998474121094,44.564998626708984,30.0,32.849998474121094,13780,0.0,0.0
2022-06-14 00:00:00-04:00,31.950000762939453,33.599998474121094,30.149999618530273,32.54999923706055,5147,0.0,0.0
2022-06-15 00:00:00-04:00,31.649999618530273,32.849998474121094,30.149999618530273,30.75,4400,0.0,0.0
2022-06-16 00:00:00-04:00,30.0,30.149999618530273,28.950000762939453,29.850000381469727,2207,0.0,0.0
2022-06-17 00:00:00-04:00,30.899999618530273,31.950000762939453,29.100000381469727,31.799999237060547,3187,0.0,0.0
2022-06-21 00:00:00-04:00,32.099998474121094,38.70000076293945,32.099998474121094,37.04999923706055,10167,0.0,0.0
2022-06-22 00:00:00-04:00,35.099998474121094,38.54999923706055,33.75,34.5,4627,0.0,0.0
2022-06-23 00:00:00-04:00,35.400001525878906,38.70000076293945,34.20000076293945,34.650001525878906,20367,0.0,0.0
2022-06-24 00:00:00-04:00,35.849998474121094,37.20000076293945,33.0,33.29999923706055,4573,0.0,0.0
2022-06-27 00:00:00-04:00,34.95000076293945,34.95000076293945,31.5,32.099998474121094,2073,0.0,0.0
2022-06-28 00:00:00-04:00,32.849998474121094,34.95000076293945,30.450000762939453,30.450000762939453,2513,0.0,0.0
2022-06-29 00:00:00-04:00,31.200000762939453,31.200000762939453,29.399999618530273,29.700000762939453,1227,0.0,0.0
2022-06-30 00:00:00-04:00,29.399999618530273,30.0,28.799999237060547,29.34000015258789,1340,0.0,0.0
2022-07-01 00:00:00-04:00,28.649999618530273,31.200000762939453,28.649999618530273,29.399999618530273,1213,0.0,0.0
2022-07-05 00:00:00-04:00,28.799999237060547,30.975000381469727,28.799999237060547,30.75,687,0.0,0.0
2022-07-06 00:00:00-04:00,30.899999618530273,30.899999618530273,29.25,30.0,2287,0.0,0.0
2022-07-07 00:00:00-04:00,31.5,31.649999618530273,24.149999618530273,30.75,2760,0.0,0.0
2022-07-08 00:00:00-04:00,29.790000915527344,32.54999923706055,29.399999618530273,31.200000762939453,1347,0.0,0.0
2022-07-11 00:00:00-04:00,30.75,33.29999923706055,30.56999969482422,32.849998474121094,307,0.0,0.0
2022-07-12 00:00:00-04:00,33.0,33.599998474121094,31.5,31.5,1067,0.0,0.0
2022-07-13 00:00:00-04:00,31.649999618530273,32.54999923706055,26.850000381469727,27.600000381469727,4227,0.0,0.0
2022-07-14 00:00:00-04:00,31.350000381469727,31.350000381469727,28.200000762939453,31.049999237060547,2507,0.0,0.0
2022-07-15 00:00:00-04:00,29.700000762939453,30.450000762939453,28.5,29.850000381469727,1293,0.0,0.0
2022-07-18 00:00:00-04:00,27.149999618530273,30.0,27.149999618530273,28.200000762939453,4527,0.0,0.0
2022-07-19 00:00:00-04:00,28.799999237060547,29.25,28.274999618530273,28.649999618530273,707,0.0,0.0
2022-07-20 00:00:00-04:00,28.350000381469727,30.600000381469727,28.334999084472656,30.600000381469727,1320,0.0,0.0
2022-07-21 00:00:00-04:00,31.350000381469727,36.584999084472656,30.149999618530273,33.29999923706055,13460,0.0,0.0
2022-07-22 00:00:00-04:00,32.70000076293945,32.849998474121094,30.225000381469727,32.25,2587,0.0,0.0
2022-07-25 00:00:00-04:00,31.350000381469727,31.799999237060547,30.75,31.049999237060547,900,0.0,0.0
2022-07-26 00:00:00-04:00,31.200000762939453,31.709999084472656,30.75,31.3799991607666,420,0.0,0.0
2022-07-27 00:00:00-04:00,31.094999313354492,31.094999313354492,29.100000381469727,29.700000762939453,727,0.0,0.0
2022-07-28 00:00:00-04:00,28.9950008392334,30.674999237060547,28.649999618530273,29.399999618530273,1767,0.0,0.0
2022-07-29 00:00:00-04:00,28.5,33.900001525878906,28.5,29.700000762939453,2087,0.0,0.0
2022-08-01 00:00:00-04:00,28.815000534057617,32.58000183105469,28.649999618530273,31.5,880,0.0,0.0
2022-08-02 00:00:00-04:00,31.5,62.400001525878906,30.75,51.0,129707,0.0,0.0
2022-08-03 00:00:00-04:00,47.400001525878906,48.150001525878906,36.45000076293945,43.79999923706055,57287,0.0,0.0
2022-08-04 00:00:00-04:00,39.45000076293945,42.0,34.650001525878906,37.95000076293945,18787,0.0,0.0
2022-08-05 00:00:00-04:00,36.79499816894531,40.95000076293945,34.650001525878906,37.349998474121094,13647,0.0,0.0
2022-08-08 00:00:00-04:00,36.45000076293945,44.849998474121094,36.29999923706055,41.54999923706055,14620,0.0,0.0
2022-08-09 00:00:00-04:00,41.54999923706055,42.45000076293945,37.3650016784668,37.79999923706055,9073,0.0,0.0
2022-08-10 00:00:00-04:00,38.25,39.900001525878906,36.150001525878906,38.099998474121094,2787,0.0,0.0
2022-08-11 00:00:00-04:00,36.29999923706055,42.0,36.29999923706055,39.599998474121094,5020,0.0,0.0
2022-08-12 00:00:00-04:00,37.650001525878906,40.16999816894531,37.650001525878906,38.849998474121094,1347,0.0,0.0
2022-08-15 00:00:00-04:00,41.099998474121094,41.099998474121094,33.599998474121094,37.04999923706055,6620,0.0,0.0
2022-08-16 00:00:00-04:00,38.400001525878906,38.54999923706055,35.400001525878906,37.20000076293945,1847,0.0,0.0
2022-08-17 00:00:00-04:00,38.26499938964844,38.26499938964844,34.79999923706055,34.79999923706055,2313,0.0,0.0
2022-08-18 00:00:00-04:00,34.97999954223633,35.70000076293945,32.70000076293945,33.75,2160,0.0,0.0
2022-08-19 00:00:00-04:00,34.5,34.5,31.5,31.649999618530273,1840,0.0,0.0
2022-08-22 00:00:00-04:00,32.66999816894531,37.95000076293945,28.649999618530273,29.549999237060547,2760,0.0,0.0
2022-08-23 00:00:00-04:00,29.399999618530273,30.94499969482422,29.34000015258789,30.299999237060547,1233,0.0,0.0
2022-08-24 00:00:00-04:00,29.100000381469727,31.469999313354492,29.100000381469727,30.299999237060547,720,0.0,0.0
2022-08-25 00:00:00-04:00,30.825000762939453,31.350000381469727,30.0,30.299999237060547,1127,0.0,0.0
2022-08-26 00:00:00-04:00,31.799999237060547,33.29999923706055,30.0,30.600000381469727,3787,0.0,0.0
2022-08-29 00:00:00-04:00,29.700000762939453,31.950000762939453,29.549999237060547,30.899999618530273,1687,0.0,0.0
2022-08-30 00:00:00-04:00,32.099998474121094,32.099998474121094,30.600000381469727,30.600000381469727,840,0.0,0.0
2022-08-31 00:00:00-04:00,33.45000076293945,33.599998474121094,26.850000381469727,27.75,6387,0.0,0.0
2022-09-01 00:00:00-04:00,31.200000762939453,31.200000762939453,27.450000762939453,28.200000762939453,1440,0.0,0.0
2022-09-02 00:00:00-04:00,28.5,30.0,26.700000762939453,26.700000762939453,3120,0.0,0.0
2022-09-06 00:00:00-04:00,27.450000762939453,27.450000762939453,24.149999618530273,24.75,3727,0.0,0.0
2022-09-07 00:00:00-04:00,24.450000762939453,24.450000762939453,21.299999237060547,21.450000762939453,7120,0.0,0.0
2022-09-08 00:00:00-04:00,22.9950008392334,23.700000762939453,19.5,21.299999237060547,3047,0.0,0.0
2022-09-09 00:00:00-04:00,21.149999618530273,22.350000381469727,19.469999313354492,20.549999237060547,4680,0.0,0.0
2022-09-12 00:00:00-04:00,21.299999237060547,21.75,20.850000381469727,21.299999237060547,1173,0.0,0.0
2022-09-13 00:00:00-04:00,21.149999618530273,21.299999237060547,19.799999237060547,20.25,1313,0.0,0.0
2022-09-14 00:00:00-04:00,22.200000762939453,22.200000762939453,19.200000762939453,19.950000762939453,3660,0.0,0.0
2022-09-15 00:00:00-04:00,19.350000381469727,21.0,19.350000381469727,19.350000381469727,1013,0.0,0.0
2022-09-16 00:00:00-04:00,18.899999618530273,19.079999923706055,16.200000762939453,16.200000762939453,7387,0.0,0.0
2022-09-19 00:00:00-04:00,15.149999618530273,17.700000762939453,15.149999618530273,16.049999237060547,1853,0.0,0.0
2022-09-20 00:00:00-04:00,16.950000762939453,18.149999618530273,16.200000762939453,17.100000381469727,1493,0.0,0.0
2022-09-21 00:00:00-04:00,15.449999809265137,17.235000610351562,15.449999809265137,16.049999237060547,2087,0.0,0.0
2022-09-22 00:00:00-04:00,16.5,16.5,15.600000381469727,16.049999237060547,1053,0.0,0.0
2022-09-23 00:00:00-04:00,15.449999809265137,15.75,14.25,15.539999961853027,1507,0.0,0.0
2022-09-26 00:00:00-04:00,15.164999961853027,15.704999923706055,15.0,15.449999809265137,613,0.0,0.0
2022-09-27 00:00:00-04:00,15.0,15.449999809265137,14.699999809265137,15.300000190734863,1613,0.0,0.0
2022-09-28 00:00:00-04:00,14.699999809265137,14.819999694824219,12.899999618530273,14.399999618530273,2853,0.0,0.0
2022-09-29 00:00:00-04:00,13.800000190734863,14.234999656677246,13.199999809265137,14.234999656677246,1240,0.0,0.0
2022-09-30 00:00:00-04:00,13.109999656677246,14.670000076293945,12.0,13.649999618530273,2107,0.0,0.0
2022-10-03 00:00:00-04:00,13.050000190734863,15.75,11.444999694824219,14.53499984741211,1953,0.0,0.0
2022-10-04 00:00:00-04:00,15.149999618530273,15.449999809265137,13.949999809265137,14.295000076293945,733,0.0,0.0
2022-10-05 00:00:00-04:00,14.550000190734863,15.149999618530273,13.649999618530273,14.954999923706055,413,0.0,0.0
2022-10-06 00:00:00-04:00,15.300000190734863,15.300000190734863,13.770000457763672,14.414999961853027,833,0.0,0.0
2022-10-07 00:00:00-04:00,14.399999618530273,14.850000381469727,12.899999618530273,14.399999618530273,4087,0.0,0.0
2022-10-10 00:00:00-04:00,14.25,14.25,12.8100004196167,13.904999732971191,107,0.0,0.0
2022-10-11 00:00:00-04:00,12.930000305175781,13.425000190734863,12.75,12.899999618530273,907,0.0,0.0
2022-10-12 00:00:00-04:00,12.899999618530273,14.399999618530273,12.614999771118164,13.380000114440918,2547,0.0,0.0
2022-10-13 00:00:00-04:00,12.390000343322754,13.350000381469727,11.850000381469727,12.0,2027,0.0,0.0
2022-10-14 00:00:00-04:00,12.0,12.75,10.5,10.529999732971191,1933,0.0,0.0
2022-10-17 00:00:00-04:00,10.574999809265137,11.279999732971191,9.899999618530273,10.40999984741211,1793,0.0,0.0
2022-10-18 00:00:00-04:00,10.199999809265137,11.25,10.199999809265137,10.8149995803833,840,0.0,0.0
2022-10-19 00:00:00-04:00,11.819999694824219,11.819999694824219,10.319999694824219,10.770000457763672,687,0.0,0.0
2022-10-20 00:00:00-04:00,10.21500015258789,11.444999694824219,10.21500015258789,10.904999732971191,520,0.0,0.0
2022-10-21 00:00:00-04:00,10.979999542236328,10.979999542236328,10.244999885559082,10.244999885559082,693,0.0,0.0
2022-10-24 00:00:00-04:00,10.755000114440918,10.755000114440918,9.0,9.960000038146973,1687,0.0,0.0
2022-10-25 00:00:00-04:00,10.244999885559082,22.799999237060547,10.244999885559082,18.899999618530273,769040,0.0,0.0
2022-10-26 00:00:00-04:00,17.100000381469727,20.700000762939453,12.765000343322754,20.100000381469727,286273,0.0,0.0
2022-10-27 00:00:00-04:00,19.649999618530273,27.450000762939453,16.799999237060547,21.299999237060547,365260,0.0,0.0
2022-10-28 00:00:00-04:00,20.399999618530273,32.70000076293945,18.299999237060547,29.100000381469727,282927,0.0,0.0
2022-10-31 00:00:00-04:00,28.049999237060547,31.200000762939453,24.0,25.200000762939453,109433,0.0,0.0
2022-11-01 00:00:00-04:00,28.950000762939453,28.950000762939453,21.0,22.799999237060547,46367,0.0,0.0
2022-11-02 00:00:00-04:00,20.700000762939453,21.450000762939453,18.344999313354492,18.75,15567,0.0,0.0
2022-11-03 00:00:00-04:00,19.200000762939453,19.200000762939453,15.75,16.200000762939453,10967,0.0,0.0
2022-11-04 00:00:00-04:00,19.950000762939453,22.934999465942383,16.799999237060547,19.950000762939453,1056207,0.0,0.0
2022-11-07 00:00:00-05:00,19.5,21.0,17.850000381469727,20.25,150907,0.0,0.0
2022-11-08 00:00:00-05:00,18.600000381469727,24.0,17.25,23.399999618530273,66513,0.0,0.0
2022-11-09 00:00:00-05:00,22.5,26.100000381469727,21.149999618530273,24.899999618530273,71847,0.0,0.0
2022-11-10 00:00:00-05:00,24.450000762939453,25.5,20.25,21.600000381469727,22900,0.0,0.0
2022-11-11 00:00:00-05:00,22.799999237060547,22.799999237060547,18.299999237060547,18.75,23000,0.0,0.0
2022-11-14 00:00:00-05:00,19.350000381469727,20.25,18.0,18.149999618530273,30880,0.0,0.0
2022-11-15 00:00:00-05:00,18.149999618530273,19.799999237060547,17.850000381469727,18.0,17867,0.0,0.0
2022-11-16 00:00:00-05:00,17.850000381469727,18.0,17.25,17.399999618530273,4833,0.0,0.0
2022-11-17 00:00:00-05:00,17.100000381469727,19.799999237060547,17.100000381469727,17.700000762939453,18807,0.0,0.0
2022-11-18 00:00:00-05:00,18.600000381469727,18.600000381469727,16.950000762939453,18.450000762939453,8487,0.0,0.0
2022-11-21 00:00:00-05:00,16.5,18.149999618530273,16.5,16.950000762939453,3600,0.0,0.0
2022-11-22 00:00:00-05:00,16.5,17.100000381469727,15.75,16.350000381469727,7200,0.0,0.0
2022-11-23 00:00:00-05:00,15.75,16.649999618530273,15.75,16.200000762939453,3787,0.0,0.0
2022-11-25 00:00:00-05:00,15.600000381469727,16.649999618530273,15.600000381469727,16.5,2413,0.0,0.0
2022-11-28 00:00:00-05:00,16.5,17.25,16.469999313354492,16.950000762939453,3193,0.0,0.0
2022-11-29 00:00:00-05:00,18.0,19.649999618530273,18.0,18.299999237060547,13260,0.0,0.0
2022-11-30 00:00:00-05:00,18.75,18.854999542236328,16.649999618530273,17.700000762939453,8747,0.0,0.0
2022-12-01 00:00:00-05:00,17.399999618530273,18.75,17.100000381469727,18.75,3680,0.0,0.0
2022-12-02 00:00:00-05:00,18.299999237060547,19.200000762939453,17.549999237060547,18.450000762939453,8093,0.0,0.0
2022-12-05 00:00:00-05:00,22.200000762939453,22.200000762939453,19.649999618530273,20.399999618530273,44720,0.0,0.0
2022-12-06 00:00:00-05:00,20.700000762939453,21.299999237060547,18.0,18.899999618530273,10580,0.0,0.0
2022-12-07 00:00:00-05:00,15.899999618530273,18.600000381469727,12.180000305175781,18.149999618530273,31973,0.0,0.0
2022-12-08 00:00:00-05:00,18.75,19.799999237060547,16.950000762939453,17.700000762939453,12840,0.0,0.0
2022-12-09 00:00:00-05:00,19.200000762939453,20.100000381469727,17.700000762939453,18.299999237060547,12127,0.0,0.0
2022-12-12 00:00:00-05:00,18.0,18.0,11.699999809265137,12.899999618530273,51627,0.0,0.0
2022-12-13 00:00:00-05:00,13.350000381469727,13.5,11.399999618530273,12.149999618530273,26753,0.0,0.0
2022-12-14 00:00:00-05:00,12.149999618530273,12.75,11.699999809265137,12.300000190734863,4853,0.0,0.0
2022-12-15 00:00:00-05:00,12.300000190734863,12.300000190734863,10.949999809265137,11.25,8993,0.0,0.0
2022-12-16 00:00:00-05:00,11.25,12.300000190734863,11.25,11.90999984741211,4667,0.0,0.0
2022-12-19 00:00:00-05:00,11.5649995803833,12.149999618530273,11.399999618530273,11.699999809265137,5160,0.0,0.0
2022-12-20 00:00:00-05:00,11.175000190734863,12.449999809265137,11.175000190734863,11.444999694824219,4987,0.0,0.0
2022-12-21 00:00:00-05:00,11.430000305175781,12.899999618530273,11.25,11.550000190734863,2760,0.0,0.0
2022-12-22 00:00:00-05:00,11.850000381469727,11.864999771118164,11.295000076293945,11.550000190734863,2453,0.0,0.0
2022-12-23 00:00:00-05:00,11.550000190734863,12.255000114440918,11.550000190734863,12.0,3247,0.0,0.0
2022-12-27 00:00:00-05:00,11.699999809265137,12.255000114440918,10.649999618530273,11.520000457763672,3880,0.0,0.0
2022-12-28 00:00:00-05:00,11.550000190734863,12.0,10.949999809265137,11.25,1553,0.0,0.0
2022-12-29 00:00:00-05:00,11.399999618530273,11.984999656677246,11.25,11.984999656677246,2220,0.0,0.0
2022-12-30 00:00:00-05:00,11.354999542236328,11.895000457763672,10.649999618530273,11.53499984741211,4033,0.0,0.0
2023-01-03 00:00:00-05:00,12.255000114440918,12.869999885559082,11.71500015258789,12.210000038146973,3667,0.0,0.0
2023-01-04 00:00:00-05:00,12.300000190734863,13.5,12.0,12.3149995803833,11160,0.0,0.0
2023-01-05 00:00:00-05:00,12.449999809265137,13.199999809265137,12.149999618530273,12.180000305175781,7433,0.0,0.0
2023-01-06 00:00:00-05:00,11.850000381469727,12.734999656677246,11.550000190734863,12.270000457763672,4833,0.0,0.0
2023-01-09 00:00:00-05:00,12.675000190734863,13.649999618530273,12.270000457763672,13.050000190734863,10493,0.0,0.0
2023-01-10 00:00:00-05:00,13.5,13.5,12.375,13.350000381469727,2780,0.0,0.0
2023-01-11 00:00:00-05:00,13.5,16.200000762939453,13.274999618530273,15.75,15173,0.0,0.0
2023-01-12 00:00:00-05:00,16.200000762939453,16.200000762939453,15.149999618530273,15.300000190734863,3467,0.0,0.0
2023-01-13 00:00:00-05:00,13.800000190734863,15.149999618530273,11.039999961853027,12.899999618530273,41720,0.0,0.0
2023-01-17 00:00:00-05:00,13.545000076293945,13.875,13.199999809265137,13.604999542236328,7480,0.0,0.0
2023-01-18 00:00:00-05:00,13.755000114440918,15.75,13.199999809265137,13.199999809265137,9227,0.0,0.0
2023-01-19 00:00:00-05:00,14.010000228881836,14.925000190734863,13.199999809265137,13.515000343322754,2380,0.0,0.0
2023-01-20 00:00:00-05:00,13.199999809265137,14.550000190734863,13.199999809265137,13.350000381469727,3620,0.0,0.0
2023-01-23 00:00:00-05:00,14.024999618530273,14.399999618530273,13.350000381469727,14.25,3273,0.0,0.0
2023-01-24 00:00:00-05:00,13.800000190734863,15.149999618530273,13.800000190734863,14.954999923706055,2567,0.0,0.0
2023-01-25 00:00:00-05:00,14.90999984741211,15.149999618530273,14.399999618530273,14.984999656677246,2540,0.0,0.0
2023-01-26 00:00:00-05:00,15.300000190734863,16.065000534057617,14.729999542236328,15.300000190734863,7720,0.0,0.0
2023-01-27 00:00:00-05:00,16.649999618530273,19.049999237060547,15.899999618530273,17.25,15753,0.0,0.0
2023-01-30 00:00:00-05:00,17.25,18.0,15.300000190734863,15.300000190734863,4967,0.0,0.0
2023-01-31 00:00:00-05:00,15.899999618530273,17.25,15.75,16.799999237060547,3060,0.0,0.0
2023-02-01 00:00:00-05:00,17.100000381469727,17.700000762939453,16.649999618530273,17.100000381469727,3233,0.0,0.0
2023-02-02 00:00:00-05:00,17.684999465942383,18.75,17.100000381469727,18.75,7880,0.0,0.0
2023-02-03 00:00:00-05:00,18.75,21.600000381469727,18.75,19.049999237060547,13773,0.0,0.0
2023-02-06 00:00:00-05:00,19.5,19.5,17.100000381469727,17.399999618530273,3747,0.0,0.0
2023-02-07 00:00:00-05:00,17.549999237060547,17.549999237060547,16.575000762939453,16.799999237060547,1593,0.0,0.0
2023-02-08 00:00:00-05:00,16.649999618530273,17.100000381469727,16.5,16.799999237060547,3147,0.0,0.0
2023-02-09 00:00:00-05:00,17.100000381469727,17.700000762939453,16.5,16.530000686645508,5287,0.0,0.0
2023-02-10 00:00:00-05:00,16.649999618530273,16.649999618530273,15.75,15.899999618530273,2713,0.0,0.0
2023-02-13 00:00:00-05:00,15.899999618530273,17.549999237060547,12.149999618530273,12.600000381469727,25160,0.0,0.0
2023-02-14 00:00:00-05:00,12.600000381469727,15.0,12.600000381469727,14.100000381469727,27273,0.0,0.0
2023-02-15 00:00:00-05:00,14.25,14.774999618530273,13.5,14.699999809265137,2907,0.0,0.0
2023-02-16 00:00:00-05:00,14.25,14.895000457763672,14.25,14.850000381469727,1867,0.0,0.0
2023-02-17 00:00:00-05:00,13.800000190734863,14.654999732971191,13.800000190734863,14.550000190734863,1127,0.0,0.0
2023-02-21 00:00:00-05:00,14.460000038146973,14.760000228881836,12.899999618530273,14.399999618530273,3760,0.0,0.0
2023-02-22 00:00:00-05:00,14.25,14.550000190734863,13.5,14.550000190734863,313,0.0,0.0
2023-02-23 00:00:00-05:00,14.550000190734863,14.850000381469727,13.470000267028809,14.1899995803833,807,0.0,0.0
2023-02-24 00:00:00-05:00,13.5,14.085000038146973,13.5,14.085000038146973,413,0.0,0.0
2023-02-27 00:00:00-05:00,13.770000457763672,15.899999618530273,13.5,14.324999809265137,2820,0.0,0.0
2023-02-28 00:00:00-05:00,13.5,15.600000381469727,13.5,14.399999618530273,2727,0.0,0.0
2023-03-01 00:00:00-05:00,15.75,15.75,14.699999809265137,14.699999809265137,1533,0.0,0.0
2023-03-02 00:00:00-05:00,13.800000190734863,15.75,13.800000190734863,15.449999809265137,5880,0.0,0.0
2023-03-03 00:00:00-05:00,15.149999618530273,16.200000762939453,11.850000381469727,12.944999694824219,44547,0.0,0.0
2023-03-06 00:00:00-05:00,12.944999694824219,14.25,12.0,12.0,9213,0.0,0.0
2023-03-07 00:00:00-05:00,12.449999809265137,12.734999656677246,12.149999618530273,12.149999618530273,1773,0.0,0.0
2023-03-08 00:00:00-05:00,12.225000381469727,12.300000190734863,12.0,12.239999771118164,1053,0.0,0.0
2023-03-09 00:00:00-05:00,12.0,12.600000381469727,12.0,12.0,6707,0.0,0.0
2023-03-10 00:00:00-05:00,12.0,12.449999809265137,12.0,12.270000457763672,620,0.0,0.0
2023-03-13 00:00:00-04:00,12.0,12.300000190734863,11.699999809265137,12.300000190734863,2353,0.0,0.0
2023-03-14 00:00:00-04:00,12.28499984741211,13.095000267028809,11.984999656677246,12.180000305175781,3233,0.0,0.0
2023-03-15 00:00:00-04:00,12.149999618530273,12.524999618530273,12.149999618530273,12.149999618530273,1567,0.0,0.0
2023-03-16 00:00:00-04:00,12.524999618530273,17.850000381469727,12.015000343322754,15.149999618530273,42053,0.0,0.0
2023-03-17 00:00:00-04:00,16.049999237060547,16.6200008392334,12.899999618530273,14.175000190734863,26827,0.0,0.0
2023-03-20 00:00:00-04:00,13.335000038146973,20.625,12.899999618530273,19.799999237060547,173967,0.0,0.0
2023-03-21 00:00:00-04:00,18.600000381469727,20.100000381469727,16.5,18.75,170687,0.0,0.0
2023-03-22 00:00:00-04:00,19.200000762939453,24.600000381469727,18.614999771118164,24.299999237060547,65280,0.0,0.0
2023-03-23 00:00:00-04:00,24.299999237060547,24.75,19.200000762939453,20.100000381469727,93047,0.0,0.0
2023-03-24 00:00:00-04:00,20.100000381469727,26.549999237060547,19.799999237060547,20.100000381469727,237907,0.0,0.0
2023-03-27 00:00:00-04:00,19.649999618530273,19.799999237060547,16.200000762939453,16.649999618530273,65787,0.0,0.0
2023-03-28 00:00:00-04:00,16.5,17.399999618530273,14.579999923706055,15.074999809265137,203727,0.0,0.0
2023-03-29 00:00:00-04:00,14.850000381469727,15.824999809265137,13.949999809265137,14.925000190734863,72767,0.0,0.0
2023-03-30 00:00:00-04:00,14.699999809265137,15.899999618530273,13.949999809265137,14.625,70233,0.0,0.0
2023-03-31 00:00:00-04:00,14.850000381469727,15.300000190734863,14.53499984741211,14.774999618530273,3147,0.0,0.0
2023-04-03 00:00:00-04:00,14.609999656677246,15.449999809265137,14.550000190734863,14.850000381469727,1820,0.0,0.0
2023-04-04 00:00:00-04:00,14.699999809265137,15.300000190734863,14.25,14.774999618530273,2013,0.0,0.0
2023-04-05 00:00:00-04:00,14.670000076293945,15.300000190734863,14.670000076293945,14.9399995803833,540,0.0,0.0
2023-04-06 00:00:00-04:00,15.300000190734863,17.25,15.149999618530273,16.200000762939453,4147,0.0,0.0
2023-04-10 00:00:00-04:00,15.899999618530273,17.25,13.319999694824219,14.399999618530273,18387,0.0,0.0
2023-04-11 00:00:00-04:00,14.399999618530273,15.300000190734863,13.994999885559082,14.550000190734863,2893,0.0,0.0
2023-04-12 00:00:00-04:00,14.010000228881836,15.0,13.949999809265137,14.835000038146973,2493,0.0,0.0
2023-04-13 00:00:00-04:00,14.399999618530273,15.0,13.949999809265137,14.744999885559082,2947,0.0,0.0
2023-04-14 00:00:00-04:00,13.5,15.75,13.5,15.449999809265137,9813,0.0,0.0
2023-04-17 00:00:00-04:00,15.449999809265137,15.449999809265137,14.25,15.300000190734863,1973,0.0,0.0
2023-04-18 00:00:00-04:00,15.300000190734863,15.300000190734863,14.100000381469727,14.850000381469727,2207,0.0,0.0
2023-04-19 00:00:00-04:00,14.25,15.0,14.220000267028809,14.699999809265137,567,0.0,0.0
2023-04-20 00:00:00-04:00,14.25,14.699999809265137,13.649999618530273,14.399999618530273,940,0.0,0.0
2023-04-21 00:00:00-04:00,13.649999618530273,14.399999618530273,13.515000343322754,13.649999618530273,2020,0.0,0.0
2023-04-24 00:00:00-04:00,13.725000381469727,13.979999542236328,13.050000190734863,13.425000190734863,2713,0.0,0.0
2023-04-25 00:00:00-04:00,12.75,13.425000190734863,12.149999618530273,12.149999618530273,2287,0.0,0.0
2023-04-26 00:00:00-04:00,12.600000381469727,13.229999542236328,12.225000381469727,12.239999771118164,1940,0.0,0.0
2023-04-27 00:00:00-04:00,12.300000190734863,12.390000343322754,11.9399995803833,12.359999656677246,5227,0.0,0.0
2023-04-28 00:00:00-04:00,12.600000381469727,14.100000381469727,12.0600004196167,13.199999809265137,4960,0.0,0.0
2023-05-01 00:00:00-04:00,13.050000190734863,15.600000381469727,13.050000190734863,15.0,21380,0.0,0.0
2023-05-02 00:00:00-04:00,16.200000762939453,17.25,12.75,14.550000190734863,28500,0.0,0.0
2023-05-03 00:00:00-04:00,13.5,14.835000038146973,13.050000190734863,14.100000381469727,14680,0.0,0.0
2023-05-04 00:00:00-04:00,16.049999237060547,17.25,14.15999984741211,15.149999618530273,19013,0.0,0.0
2023-05-05 00:00:00-04:00,14.550000190734863,15.600000381469727,14.550000190734863,15.300000190734863,1907,0.0,0.0
2023-05-08 00:00:00-04:00,14.550000190734863,15.600000381469727,14.279999732971191,15.600000381469727,5013,0.0,0.0
2023-05-09 00:00:00-04:00,14.399999618530273,15.600000381469727,13.350000381469727,13.350000381469727,10280,0.0,0.0
2023-05-10 00:00:00-04:00,14.399999618530273,14.399999618530273,13.5,13.800000190734863,1487,0.0,0.0
2023-05-11 00:00:00-04:00,13.800000190734863,14.100000381469727,13.350000381469727,13.350000381469727,1620,0.0,0.0
2023-05-12 00:00:00-04:00,13.875,13.875,10.875,12.0,24613,0.0,0.0
2023-05-15 00:00:00-04:00,12.300000190734863,13.395000457763672,12.029999732971191,12.734999656677246,7713,0.0,0.0
2023-05-16 00:00:00-04:00,13.050000190734863,13.050000190734863,12.164999961853027,12.899999618530273,1387,0.0,0.0
2023-05-17 00:00:00-04:00,12.479999542236328,13.335000038146973,12.449999809265137,12.449999809265137,3393,0.0,0.0
2023-05-18 00:00:00-04:00,12.539999961853027,12.824999809265137,10.800000190734863,11.369999885559082,14813,0.0,0.0
2023-05-19 00:00:00-04:00,11.789999961853027,12.420000076293945,11.699999809265137,11.925000190734863,4007,0.0,0.0
2023-05-22 00:00:00-04:00,11.925000190734863,12.449999809265137,11.399999618530273,12.449999809265137,3413,0.0,0.0
2023-05-23 00:00:00-04:00,11.925000190734863,12.210000038146973,11.925000190734863,12.0,767,0.0,0.0
2023-05-24 00:00:00-04:00,12.0,12.300000190734863,10.800000190734863,11.550000190734863,2447,0.0,0.0
2023-05-25 00:00:00-04:00,11.25,11.595000267028809,10.859999656677246,11.100000381469727,2547,0.0,0.0
2023-05-26 00:00:00-04:00,11.6850004196167,14.699999809265137,10.949999809265137,11.100000381469727,19620,0.0,0.0
2023-05-30 00:00:00-04:00,10.949999809265137,11.489999771118164,10.664999961853027,10.800000190734863,1240,0.0,0.0
2023-05-31 00:00:00-04:00,11.055000305175781,11.055000305175781,10.21500015258789,10.5,2533,0.0,0.0
2023-06-01 00:00:00-04:00,10.5,11.234999656677246,10.5,10.725000381469727,553,0.0,0.0
2023-06-02 00:00:00-04:00,11.100000381469727,11.100000381469727,11.055000305175781,11.100000381469727,340,0.0,0.0
2023-06-05 00:00:00-04:00,10.8149995803833,12.300000190734863,10.515000343322754,12.300000190734863,5493,0.0,0.0
2023-06-06 00:00:00-04:00,12.899999618530273,13.5,12.345000267028809,12.345000267028809,19620,0.0,0.0
2023-06-07 00:00:00-04:00,12.614999771118164,13.199999809265137,12.614999771118164,12.765000343322754,3340,0.0,0.0
2023-06-08 00:00:00-04:00,13.545000076293945,13.545000076293945,12.449999809265137,12.75,1880,0.0,0.0
2023-06-09 00:00:00-04:00,13.03499984741211,13.199999809265137,11.850000381469727,12.449999809265137,3300,0.0,0.0
2023-06-12 00:00:00-04:00,12.449999809265137,13.649999618530273,12.449999809265137,13.199999809265137,5007,0.0,0.0
2023-06-13 00:00:00-04:00,13.199999809265137,14.385000228881836,13.199999809265137,13.274999618530273,4733,0.0,0.0
2023-06-14 00:00:00-04:00,13.199999809265137,14.25,13.199999809265137,13.904999732971191,2847,0.0,0.0
2023-06-15 00:00:00-04:00,13.725000381469727,14.204999923706055,13.5,14.100000381469727,3287,0.0,0.0
2023-06-16 00:00:00-04:00,13.649999618530273,14.399999618530273,13.050000190734863,13.949999809265137,1633,0.0,0.0
2023-06-20 00:00:00-04:00,13.949999809265137,14.024999618530273,12.180000305175781,13.005000114440918,1873,0.0,0.0
2023-06-21 00:00:00-04:00,13.170000076293945,13.170000076293945,12.449999809265137,12.449999809265137,1140,0.0,0.0
2023-06-22 00:00:00-04:00,12.449999809265137,13.199999809265137,12.029999732971191,12.300000190734863,3167,0.0,0.0
2023-06-23 00:00:00-04:00,12.449999809265137,13.199999809265137,12.0,12.300000190734863,7067,0.0,0.0
2023-06-26 00:00:00-04:00,12.149999618530273,13.050000190734863,11.850000381469727,12.375,1340,0.0,0.0
2023-06-27 00:00:00-04:00,12.449999809265137,13.050000190734863,12.210000038146973,12.210000038146973,41660,0.0,0.0
2023-06-28 00:00:00-04:00,12.300000190734863,12.300000190734863,10.829999923706055,11.25,122907,0.0,0.0
2023-06-29 00:00:00-04:00,16.049999237060547,19.649999618530273,12.6899995803833,15.149999618530273,1229347,0.0,0.0
2023-06-30 00:00:00-04:00,13.710000038146973,14.100000381469727,12.015000343322754,13.199999809265137,74567,0.0,0.0
2023-07-03 00:00:00-04:00,13.199999809265137,14.699999809265137,12.899999618530273,14.399999618530273,24027,0.0,0.0
2023-07-05 00:00:00-04:00,14.399999618530273,16.200000762939453,13.649999618530273,15.300000190734863,119467,0.0,0.0
2023-07-06 00:00:00-04:00,15.300000190734863,15.899999618530273,12.899999618530273,13.454999923706055,34753,0.0,0.0
2023-07-07 00:00:00-04:00,13.229999542236328,13.78499984741211,12.944999694824219,13.305000305175781,6373,0.0,0.0
2023-07-10 00:00:00-04:00,13.5,14.475000381469727,12.899999618530273,13.949999809265137,26580,0.0,0.0
2023-07-11 00:00:00-04:00,13.229999542236328,14.25,13.199999809265137,13.319999694824219,3467,0.0,0.0
2023-07-12 00:00:00-04:00,13.725000381469727,13.949999809265137,13.199999809265137,13.5,4933,0.0,0.0
2023-07-13 00:00:00-04:00,13.350000381469727,13.5,13.199999809265137,13.21500015258789,6687,0.0,0.0
2023-07-14 00:00:00-04:00,13.350000381469727,13.78499984741211,12.375,12.46500015258789,12240,0.0,0.0
2023-07-17 00:00:00-04:00,10.5,11.25,5.894999980926514,5.925000190734863,207447,0.0,0.0
2023-07-18 00:00:00-04:00,6.0,6.150000095367432,3.134999990463257,3.134999990463257,501320,0.0,0.0
2023-07-19 00:00:00-04:00,3.359999895095825,3.390000104904175,3.194999933242798,3.299999952316284,381080,0.0,0.0
2023-07-20 00:00:00-04:00,3.299999952316284,3.299999952316284,2.924999952316284,3.015000104904175,204973,0.0,0.0
2023-07-21 00:00:00-04:00,3.0450000762939453,3.075000047683716,2.5950000286102295,2.924999952316284,195167,0.0,0.0
2023-07-24 00:00:00-04:00,2.924999952316284,3.075000047683716,2.7750000953674316,2.880000114440918,92540,0.0,0.0
2023-07-25 00:00:00-04:00,2.700000047683716,2.700000047683716,2.4749999046325684,2.549999952316284,82093,0.0,0.0
2023-07-26 00:00:00-04:00,2.490000009536743,2.549999952316284,2.369999885559082,2.4749999046325684,61000,0.0,0.0
2023-07-27 00:00:00-04:00,2.549999952316284,2.549999952316284,2.265000104904175,2.4000000953674316,73513,0.0,0.0
2023-07-28 00:00:00-04:00,2.4600000381469727,2.4749999046325684,2.325000047683716,2.430000066757202,37967,0.0,0.0
2023-07-31 00:00:00-04:00,2.549999952316284,2.865000009536743,2.5199999809265137,2.684999942779541,284627,0.0,0.0
2023-08-01 00:00:00-04:00,2.8499999046325684,2.8499999046325684,2.4149999618530273,2.430000066757202,170093,0.0,0.0
2023-08-02 00:00:00-04:00,2.549999952316284,2.819999933242798,2.4600000381469727,2.759999990463257,622553,0.0,0.0
2023-08-03 00:00:00-04:00,3.630000114440918,3.75,2.759999990463257,2.8499999046325684,2394233,0.0,0.0
2023-08-04 00:00:00-04:00,2.690000057220459,2.890000104904175,2.1500000953674316,2.619999885559082,1358600,0.0,0.06666666666666667
2023-08-07 00:00:00-04:00,2.690000057220459,2.690000057220459,2.119999885559082,2.3399999141693115,563500,0.0,0.0
2023-08-08 00:00:00-04:00,2.4000000953674316,2.4000000953674316,2.1600000858306885,2.1700000762939453,287700,0.0,0.0
2023-08-09 00:00:00-04:00,2.1700000762939453,2.180000066757202,1.9299999475479126,2.0999999046325684,340300,0.0,0.0
2023-08-10 00:00:00-04:00,2.009999990463257,2.0989999771118164,1.9800000190734863,2.009999990463257,119300,0.0,0.0
2023-08-11 00:00:00-04:00,1.9199999570846558,2.009999990463257,1.850000023841858,1.8700000047683716,169700,0.0,0.0
2023-08-14 00:00:00-04:00,1.809999942779541,1.899999976158142,1.7200000286102295,1.7799999713897705,198100,0.0,0.0
2023-08-15 00:00:00-04:00,1.7799999713897705,1.7799999713897705,1.5700000524520874,1.600000023841858,168500,0.0,0.0
2023-08-16 00:00:00-04:00,1.5700000524520874,1.6399999856948853,1.5,1.5499999523162842,91900,0.0,0.0
2023-08-17 00:00:00-04:00,1.5499999523162842,1.5499999523162842,1.3700000047683716,1.409999966621399,118100,0.0,0.0
2023-08-18 00:00:00-04:00,1.3899999856948853,1.409999966621399,1.340000033378601,1.340000033378601,75000,0.0,0.0
2023-08-21 00:00:00-04:00,1.399999976158142,1.5,1.3600000143051147,1.4600000381469727,100500,0.0,0.0
2023-08-22 00:00:00-04:00,1.5,1.559999942779541,1.3700000047683716,1.4199999570846558,117200,0.0,0.0
2023-08-23 00:00:00-04:00,1.4600000381469727,1.5199999809265137,1.3680000305175781,1.409999966621399,92000,0.0,0.0
2023-08-24 00:00:00-04:00,1.4700000286102295,1.5,1.3799999952316284,1.3899999856948853,119300,0.0,0.0
2023-08-25 00:00:00-04:00,1.4800000190734863,1.4800000190734863,1.350000023841858,1.3899999856948853,91200,0.0,0.0
2023-08-28 00:00:00-04:00,1.4199999570846558,1.4199999570846558,1.3600000143051147,1.3799999952316284,23000,0.0,0.0
2023-08-29 00:00:00-04:00,1.3899999856948853,1.600000023841858,1.3639999628067017,1.4600000381469727,168800,0.0,0.0
2023-08-30 00:00:00-04:00,1.4500000476837158,1.5299999713897705,1.3600000143051147,1.4500000476837158,32200,0.0,0.0
2023-08-31 00:00:00-04:00,1.4700000286102295,1.5199999809265137,1.399999976158142,1.4299999475479126,59800,0.0,0.0
2023-09-01 00:00:00-04:00,1.5,1.5299999713897705,1.440000057220459,1.5199999809265137,25600,0.0,0.0
2023-09-05 00:00:00-04:00,1.600000023841858,1.7200000286102295,1.5399999618530273,1.6699999570846558,227800,0.0,0.0
2023-09-06 00:00:00-04:00,1.7300000190734863,1.809999942779541,1.5299999713897705,1.6799999475479126,1538600,0.0,0.0
2023-09-07 00:00:00-04:00,1.5499999523162842,1.684999942779541,1.4900000095367432,1.5099999904632568,162900,0.0,0.0
2023-09-08 00:00:00-04:00,1.4600000381469727,1.5499999523162842,1.4600000381469727,1.5099999904632568,58700,0.0,0.0
2023-09-11 00:00:00-04:00,1.5299999713897705,1.600000023841858,1.4800000190734863,1.5700000524520874,78500,0.0,0.0
2023-09-12 00:00:00-04:00,1.5800000429153442,1.6059999465942383,1.4600000381469727,1.559999942779541,50400,0.0,0.0
2023-09-13 00:00:00-04:00,1.5700000524520874,1.5700000524520874,1.3899999856948853,1.440000057220459,87900,0.0,0.0
2023-09-14 00:00:00-04:00,1.440000057220459,1.4600000381469727,1.2699999809265137,1.3200000524520874,149900,0.0,0.0
2023-09-15 00:00:00-04:00,1.309999942779541,1.350000023841858,1.2200000286102295,1.25,63500,0.0,0.0
2023-09-18 00:00:00-04:00,1.340000033378601,1.340000033378601,1.100000023841858,1.1100000143051147,185400,0.0,0.0
2023-09-19 00:00:00-04:00,1.1399999856948853,1.1399999856948853,1.0199999809265137,1.0199999809265137,166400,0.0,0.0
2023-09-20 00:00:00-04:00,1.059999942779541,1.0700000524520874,0.9399999976158142,0.949999988079071,238300,0.0,0.0
2023-09-21 00:00:00-04:00,0.949999988079071,0.949999988079071,0.8399999737739563,0.9010000228881836,148600,0.0,0.0
2023-09-22 00:00:00-04:00,0.8820000290870667,0.8820000290870667,0.7950000166893005,0.8199999928474426,135600,0.0,0.0
2023-09-25 00:00:00-04:00,0.8460000157356262,0.8460000157356262,0.800000011920929,0.8199999928474426,18700,0.0,0.0
2023-09-26 00:00:00-04:00,0.800000011920929,0.8119999766349792,0.7699999809265137,0.8119999766349792,38900,0.0,0.0
2023-09-27 00:00:00-04:00,0.8209999799728394,0.8209999799728394,0.7599999904632568,0.7799999713897705,32300,0.0,0.0
2023-09-28 00:00:00-04:00,0.7649999856948853,0.800000011920929,0.7649999856948853,0.7699999809265137,13700,0.0,0.0
2023-09-29 00:00:00-04:00,0.800000011920929,0.8220000267028809,0.7599999904632568,0.7699999809265137,55000,0.0,0.0
2023-10-02 00:00:00-04:00,0.8009999990463257,0.8009999990463257,0.7009999752044678,0.7620000243186951,25400,0.0,0.0
2023-10-03 00:00:00-04:00,0.7540000081062317,0.7620000243186951,0.7110000252723694,0.7200000286102295,18400,0.0,0.0
2023-10-04 00:00:00-04:00,0.7490000128746033,0.7490000128746033,0.699999988079071,0.7400000095367432,25100,0.0,0.0
2023-10-05 00:00:00-04:00,0.7820000052452087,0.7820000052452087,0.7160000205039978,0.7820000052452087,38000,0.0,0.0
2023-10-06 00:00:00-04:00,0.7200000286102295,0.7699999809265137,0.7200000286102295,0.7609999775886536,10300,0.0,0.0
2023-10-09 00:00:00-04:00,0.7670000195503235,0.7670000195503235,0.7149999737739563,0.7260000109672546,13700,0.0,0.0
2023-10-10 00:00:00-04:00,0.7300000190734863,0.7490000128746033,0.7300000190734863,0.7490000128746033,17300,0.0,0.0
2023-10-11 00:00:00-04:00,0.7300000190734863,0.7490000128746033,0.7009999752044678,0.7239999771118164,98600,0.0,0.0
2023-10-12 00:00:00-04:00,0.7649999856948853,0.8199999928474426,0.7200000286102295,0.7200000286102295,192800,0.0,0.0
2023-10-13 00:00:00-04:00,0.777999997138977,0.777999997138977,0.6549999713897705,0.699999988079071,34200,0.0,0.0
2023-10-16 00:00:00-04:00,0.7390000224113464,0.7400000095367432,0.699999988079071,0.7350000143051147,8200,0.0,0.0
2023-10-17 00:00:00-04:00,0.7570000290870667,0.7649999856948853,0.7300000190734863,0.7300000190734863,16600,0.0,0.0
2023-10-18 00:00:00-04:00,0.7850000262260437,0.8790000081062317,0.7300000190734863,0.7749999761581421,48500,0.0,0.0
2023-10-19 00:00:00-04:00,0.8140000104904175,0.8259999752044678,0.7699999809265137,0.7900000214576721,35300,0.0,0.0
2023-10-20 00:00:00-04:00,0.824999988079071,0.824999988079071,0.75,0.7599999904632568,10300,0.0,0.0
2023-10-23 00:00:00-04:00,0.75,0.75,0.699999988079071,0.7400000095367432,26000,0.0,0.0
2023-10-24 00:00:00-04:00,0.7599999904632568,0.7599999904632568,0.7329999804496765,0.7549999952316284,14700,0.0,0.0
2023-10-25 00:00:00-04:00,0.7789999842643738,0.8080000281333923,0.7300000190734863,0.7599999904632568,15400,0.0,0.0
2023-10-26 00:00:00-04:00,0.7599999904632568,0.7649999856948853,0.7300000190734863,0.7649999856948853,11700,0.0,0.0
2023-10-27 00:00:00-04:00,0.7300000190734863,1.059999942779541,0.7099999785423279,1.0399999618530273,364900,0.0,0.0
2023-10-30 00:00:00-04:00,0.9959999918937683,1.0399999618530273,0.949999988079071,1.0,235300,0.0,0.0
2023-10-31 00:00:00-04:00,0.9800000190734863,0.9800000190734863,0.8899999856948853,0.9200000166893005,17100,0.0,0.0
2023-11-01 00:00:00-04:00,0.8999999761581421,0.9480000138282776,0.8700000047683716,0.8899999856948853,23800,0.0,0.0
2023-11-02 00:00:00-04:00,0.8220000267028809,0.984000027179718,0.8220000267028809,0.9700000286102295,7700,0.0,0.0
2023-11-03 00:00:00-04:00,0.949999988079071,1.0,0.9200000166893005,0.9610000252723694,18900,0.0,0.0
2023-11-06 00:00:00-05:00,0.9900000095367432,0.9900000095367432,0.9300000071525574,0.9300000071525574,11900,0.0,0.0
2023-11-07 00:00:00-05:00,0.9300000071525574,0.949999988079071,0.8799999952316284,0.949999988079071,12800,0.0,0.0
2023-11-08 00:00:00-05:00,0.9399999976158142,0.9399999976158142,0.8980000019073486,0.8999999761581421,10700,0.0,0.0
2023-11-09 00:00:00-05:00,0.9100000262260437,0.9300000071525574,0.8600000143051147,0.8799999952316284,25600,0.0,0.0
2023-11-10 00:00:00-05:00,0.8799999952316284,0.9300000071525574,0.8799999952316284,0.9300000071525574,3100,0.0,0.0
2023-11-13 00:00:00-05:00,0.9900000095367432,0.9900000095367432,0.8700000047683716,0.9380000233650208,25800,0.0,0.0
2023-11-14 00:00:00-05:00,0.9399999976158142,0.9700000286102295,0.8799999952316284,0.9300000071525574,11400,0.0,0.0
2023-11-15 00:00:00-05:00,0.9599999785423279,0.9890000224113464,0.9200000166893005,0.9649999737739563,7900,0.0,0.0
2023-11-16 00:00:00-05:00,0.9399999976158142,0.9620000123977661,0.8999999761581421,0.9620000123977661,6500,0.0,0.0
2023-11-17 00:00:00-05:00,0.9340000152587891,0.9440000057220459,0.9100000262260437,0.925000011920929,9200,0.0,0.0
2023-11-20 00:00:00-05:00,0.9100000262260437,0.949999988079071,0.8799999952316284,0.8999999761581421,14300,0.0,0.0
2023-11-21 00:00:00-05:00,0.8999999761581421,0.949999988079071,0.8799999952316284,0.9200000166893005,16800,0.0,0.0
2023-11-22 00:00:00-05:00,0.8899999856948853,0.9200000166893005,0.8600000143051147,0.8799999952316284,9800,0.0,0.0
2023-11-24 00:00:00-05:00,0.8700000047683716,0.9490000009536743,0.8700000047683716,0.8999999761581421,6400,0.0,0.0
2023-11-27 00:00:00-05:00,0.8700000047683716,0.8999999761581421,0.8199999928474426,0.8999999761581421,8700,0.0,0.0
2023-11-28 00:00:00-05:00,0.8700000047683716,0.8899999856948853,0.8600000143051147,0.8859999775886536,11800,0.0,0.0
2023-11-29 00:00:00-05:00,0.9300000071525574,0.9300000071525574,0.8199999928474426,0.8700000047683716,8400,0.0,0.0
2023-11-30 00:00:00-05:00,0.8700000047683716,0.9229999780654907,0.8600000143051147,0.8600000143051147,3800,0.0,0.0
2023-12-01 00:00:00-05:00,0.800000011920929,1.0,0.800000011920929,0.8399999737739563,48900,0.0,0.0
2023-12-04 00:00:00-05:00,0.8399999737739563,0.8899999856948853,0.8299999833106995,0.8700000047683716,11400,0.0,0.0
2023-12-05 00:00:00-05:00,0.8659999966621399,0.8659999966621399,0.7300000190734863,0.7400000095367432,91500,0.0,0.0
2023-12-06 00:00:00-05:00,0.75,0.800000011920929,0.699999988079071,0.7200000286102295,50600,0.0,0.0
2023-12-07 00:00:00-05:00,0.75,0.800000011920929,0.6899999976158142,0.6899999976158142,16900,0.0,0.0
2023-12-08 00:00:00-05:00,0.6899999976158142,0.7300000190734863,0.6209999918937683,0.6499999761581421,44300,0.0,0.0
2023-12-11 00:00:00-05:00,0.6700000166893005,0.6700000166893005,0.5379999876022339,0.5899999737739563,58400,0.0,0.0
2023-12-12 00:00:00-05:00,0.6000000238418579,0.6000000238418579,0.5299999713897705,0.550000011920929,45100,0.0,0.0
2023-12-13 00:00:00-05:00,0.5299999713897705,0.5600000023841858,0.47600001096725464,0.49000000953674316,132800,0.0,0.0
2023-12-14 00:00:00-05:00,0.5189999938011169,0.5199999809265137,0.47999998927116394,0.5099999904632568,38800,0.0,0.0
2023-12-15 00:00:00-05:00,0.5479999780654907,0.550000011920929,0.5099999904632568,0.5389999747276306,23700,0.0,0.0
2023-12-18 00:00:00-05:00,0.5400000214576721,0.6299999952316284,0.5189999938011169,0.5699999928474426,39100,0.0,0.0
2023-12-19 00:00:00-05:00,0.6470000147819519,0.6489999890327454,0.6000000238418579,0.6200000047683716,39000,0.0,0.0
2023-12-20 00:00:00-05:00,0.6299999952316284,0.7400000095367432,0.6200000047683716,0.6570000052452087,76800,0.0,0.0
2023-12-21 00:00:00-05:00,0.699999988079071,0.7400000095367432,0.6190000176429749,0.6499999761581421,51700,0.0,0.0
2023-12-22 00:00:00-05:00,0.6499999761581421,0.7400000095367432,0.6000000238418579,0.6330000162124634,23800,0.0,0.0
2023-12-26 00:00:00-05:00,0.6880000233650208,0.6899999976158142,0.6309999823570251,0.6470000147819519,14800,0.0,0.0
2023-12-27 00:00:00-05:00,0.6499999761581421,0.6800000071525574,0.6100000143051147,0.6209999918937683,10200,0.0,0.0
2023-12-28 00:00:00-05:00,0.6840000152587891,0.6840000152587891,0.6200000047683716,0.6349999904632568,22700,0.0,0.0
2023-12-29 00:00:00-05:00,0.6690000295639038,0.75,0.6399999856948853,0.6729999780654907,158100,0.0,0.0
2024-01-02 00:00:00-05:00,0.7099999785423279,0.75,0.6850000023841858,0.699999988079071,39400,0.0,0.0
2024-01-03 00:00:00-05:00,0.7099999785423279,0.7179999947547913,0.6600000262260437,0.6800000071525574,17100,0.0,0.0
2024-01-04 00:00:00-05:00,0.6800000071525574,0.699999988079071,0.6430000066757202,0.675000011920929,15400,0.0,0.0
2024-01-05 00:00:00-05:00,0.6800000071525574,0.6980000138282776,0.6600000262260437,0.6600000262260437,6300,0.0,0.0
2024-01-08 00:00:00-05:00,0.6299999952316284,0.7080000042915344,0.6299999952316284,0.6589999794960022,27500,0.0,0.0
2024-01-09 00:00:00-05:00,0.6650000214576721,0.6650000214576721,0.6029999852180481,0.625,211200,0.0,0.0
2024-01-10 00:00:00-05:00,0.6000000238418579,0.6600000262260437,0.6000000238418579,0.6190000176429749,13600,0.0,0.0
2024-01-11 00:00:00-05:00,0.6000000238418579,0.625,0.5830000042915344,0.5979999899864197,32600,0.0,0.0
2024-01-12 00:00:00-05:00,0.5979999899864197,0.6150000095367432,0.5799999833106995,0.5799999833106995,6100,0.0,0.0
2024-01-16 00:00:00-05:00,0.5989999771118164,0.6420000195503235,0.5519999861717224,0.6069999933242798,11100,0.0,0.0
2024-01-17 00:00:00-05:00,0.6499999761581421,0.6499999761581421,0.5619999766349792,0.5899999737739563,13500,0.0,0.0
2024-01-18 00:00:00-05:00,0.6010000109672546,0.6110000014305115,0.5720000267028809,0.5720000267028809,14300,0.0,0.0
2024-01-19 00:00:00-05:00,0.5720000267028809,0.6069999933242798,0.5720000267028809,0.5849999785423279,10100,0.0,0.0
2024-01-22 00:00:00-05:00,0.6299999952316284,0.6349999904632568,0.5600000023841858,0.5709999799728394,28100,0.0,0.0
2024-01-23 00:00:00-05:00,0.5600000023841858,0.5649999976158142,0.5600000023841858,0.5619999766349792,1800,0.0,0.0
2024-01-24 00:00:00-05:00,0.5699999928474426,0.6399999856948853,0.5619999766349792,0.6399999856948853,53800,0.0,0.0
2024-01-25 00:00:00-05:00,0.6399999856948853,0.6399999856948853,0.5799999833106995,0.5830000042915344,18100,0.0,0.0
2024-01-26 00:00:00-05:00,0.5989999771118164,0.6000000238418579,0.5799999833106995,0.5820000171661377,10200,0.0,0.0
2024-01-29 00:00:00-05:00,0.6470000147819519,0.6539999842643738,0.5799999833106995,0.6010000109672546,11000,0.0,0.0
2024-01-30 00:00:00-05:00,0.5830000042915344,0.6499999761581421,0.5830000042915344,0.6430000066757202,58400,0.0,0.0
2024-01-31 00:00:00-05:00,0.6259999871253967,0.6399999856948853,0.6000000238418579,0.6000000238418579,9300,0.0,0.0
2024-02-01 00:00:00-05:00,0.6000000238418579,0.6499999761581421,0.6000000238418579,0.6100000143051147,45400,0.0,0.0
2024-02-02 00:00:00-05:00,0.6290000081062317,0.6399999856948853,0.6000000238418579,0.6000000238418579,10500,0.0,0.0
2024-02-05 00:00:00-05:00,0.6000000238418579,0.6489999890327454,0.5799999833106995,0.5799999833106995,14600,0.0,0.0
2024-02-06 00:00:00-05:00,0.6320000290870667,0.6320000290870667,0.5799999833106995,0.5799999833106995,25000,0.0,0.0
2024-02-07 00:00:00-05:00,0.6200000047683716,0.6200000047683716,0.550000011920929,0.550000011920929,21200,0.0,0.0
2024-02-08 00:00:00-05:00,0.5889999866485596,0.6100000143051147,0.5509999990463257,0.5789999961853027,23300,0.0,0.0
2024-02-09 00:00:00-05:00,0.5989999771118164,0.6200000047683716,0.5600000023841858,0.6200000047683716,12800,0.0,0.0
2024-02-12 00:00:00-05:00,0.6200000047683716,0.6200000047683716,0.5299999713897705,0.5630000233650208,274400,0.0,0.0
2024-02-13 00:00:00-05:00,0.6299999952316284,0.6299999952316284,0.550000011920929,0.550000011920929,154300,0.0,0.0
2024-02-14 00:00:00-05:00,0.5600000023841858,0.7519999742507935,0.5400000214576721,0.7059999704360962,1177500,0.0,0.0
2024-02-15 00:00:00-05:00,0.7070000171661377,0.7599999904632568,0.6000000238418579,0.6620000004768372,936800,0.0,0.0
2024-02-16 00:00:00-05:00,0.699999988079071,0.699999988079071,0.6349999904632568,0.675000011920929,888300,0.0,0.0
2024-02-20 00:00:00-05:00,0.6700000166893005,0.671999990940094,0.5799999833106995,0.6110000014305115,293900,0.0,0.0
2024-02-21 00:00:00-05:00,0.6150000095367432,0.6600000262260437,0.6119999885559082,0.6119999885559082,57200,0.0,0.0
2024-02-22 00:00:00-05:00,0.6000000238418579,0.6100000143051147,0.5720000267028809,0.597000002861023,62500,0.0,0.0
2024-02-23 00:00:00-05:00,0.5709999799728394,0.6899999976158142,0.5709999799728394,0.6800000071525574,460700,0.0,0.0
2024-02-26 00:00:00-05:00,0.6700000166893005,0.6700000166893005,0.550000011920929,0.5989999771118164,227500,0.0,0.0
2024-02-27 00:00:00-05:00,0.6000000238418579,0.6000000238418579,0.5669999718666077,0.5849999785423279,55300,0.0,0.0
2024-02-28 00:00:00-05:00,0.5889999866485596,0.5950000286102295,0.5519999861717224,0.5519999861717224,52300,0.0,0.0
2024-02-29 00:00:00-05:00,0.550000011920929,0.5950000286102295,0.5419999957084656,0.5419999957084656,36000,0.0,0.0
2024-03-01 00:00:00-05:00,0.5400000214576721,0.593999981880188,0.5400000214576721,0.5580000281333923,92000,0.0,0.0
2024-03-04 00:00:00-05:00,0.5809999704360962,0.5889999866485596,0.5699999928474426,0.5699999928474426,47400,0.0,0.0
2024-03-05 00:00:00-05:00,0.5690000057220459,0.5870000123977661,0.5460000038146973,0.5699999928474426,27100,0.0,0.0
2024-03-06 00:00:00-05:00,0.5540000200271606,0.574999988079071,0.550000011920929,0.550000011920929,24500,0.0,0.0
2024-03-07 00:00:00-05:00,0.5649999976158142,0.5799999833106995,0.550000011920929,0.5709999799728394,32300,0.0,0.0
2024-03-08 00:00:00-05:00,0.5600000023841858,0.6200000047683716,0.5600000023841858,0.6050000190734863,9175200,0.0,0.0
2024-03-11 00:00:00-04:00,1.1100000143051147,1.3200000524520874,0.6499999761581421,0.6679999828338623,75517800,0.0,0.0
2024-03-12 00:00:00-04:00,0.6349999904632568,0.7889999747276306,0.6100000143051147,0.7450000047683716,4709600,0.0,0.0
2024-03-13 00:00:00-04:00,0.5960000157356262,0.7400000095367432,0.5350000262260437,0.699999988079071,2758700,0.0,0.0
2024-03-14 00:00:00-04:00,0.6200000047683716,0.6800000071525574,0.5899999737739563,0.6100000143051147,711600,0.0,0.0
2024-03-15 00:00:00-04:00,0.5699999928474426,0.5979999899864197,0.5299999713897705,0.5580000281333923,371800,0.0,0.0
2024-03-18 00:00:00-04:00,0.5299999713897705,0.5580000281333923,0.48100000619888306,0.5,588800,0.0,0.0
2024-03-19 00:00:00-04:00,0.4860000014305115,0.4950000047683716,0.41999998688697815,0.48500001430511475,293400,0.0,0.0
2024-03-20 00:00:00-04:00,0.5040000081062317,0.5040000081062317,0.4729999899864197,0.4830000102519989,123200,0.0,0.0
2024-03-21 00:00:00-04:00,0.49000000953674316,0.49000000953674316,0.4519999921321869,0.4519999921321869,238900,0.0,0.0
2024-03-22 00:00:00-04:00,0.4690000116825104,0.47999998927116394,0.4309999942779541,0.44600000977516174,125900,0.0,0.0
2024-03-25 00:00:00-04:00,0.4749999940395355,0.4749999940395355,0.42500001192092896,0.43799999356269836,298600,0.0,0.0
2024-03-26 00:00:00-04:00,0.41999998688697815,0.49000000953674316,0.41999998688697815,0.4320000112056732,129100,0.0,0.0
2024-03-27 00:00:00-04:00,0.42800000309944153,0.45899999141693115,0.42500001192092896,0.44999998807907104,117000,0.0,0.0
2024-03-28 00:00:00-04:00,0.44999998807907104,0.44999998807907104,0.4300000071525574,0.44999998807907104,95200,0.0,0.0
2024-04-01 00:00:00-04:00,0.4480000138282776,0.44999998807907104,0.42500001192092896,0.4490000009536743,82100,0.0,0.0
2024-04-02 00:00:00-04:00,0.44999998807907104,0.44999998807907104,0.41499999165534973,0.4359999895095825,127400,0.0,0.0
2024-04-03 00:00:00-04:00,0.44699999690055847,0.44699999690055847,0.41499999165534973,0.421999990940094,85500,0.0,0.0
2024-04-04 00:00:00-04:00,0.4300000071525574,0.4399999976158142,0.42500001192092896,0.4320000112056732,84500,0.0,0.0
2024-04-05 00:00:00-04:00,0.4410000145435333,0.4410000145435333,0.41999998688697815,0.42800000309944153,75400,0.0,0.0
2024-04-08 00:00:00-04:00,0.4449999928474426,0.5299999713897705,0.4300000071525574,0.48500001430511475,647800,0.0,0.0
2024-04-09 00:00:00-04:00,0.48500001430511475,0.48500001430511475,0.4399999976158142,0.45899999141693115,147600,0.0,0.0
2024-04-10 00:00:00-04:00,0.4490000009536743,0.46700000762939453,0.4320000112056732,0.4399999976158142,119800,0.0,0.0
2024-04-11 00:00:00-04:00,0.43299999833106995,0.44699999690055847,0.42100000381469727,0.43799999356269836,93400,0.0,0.0
2024-04-12 00:00:00-04:00,0.43700000643730164,0.43700000643730164,0.4020000100135803,0.40299999713897705,61800,0.0,0.0
2024-04-15 00:00:00-04:00,0.38999998569488525,0.42500001192092896,0.3610000014305115,0.3700000047683716,165000,0.0,0.0
2024-04-16 00:00:00-04:00,0.39399999380111694,0.39399999380111694,0.35100001096725464,0.3700000047683716,161500,0.0,0.0
2024-04-17 00:00:00-04:00,0.3799999952316284,0.38999998569488525,0.3610000014305115,0.3889999985694885,51300,0.0,0.0
2024-04-18 00:00:00-04:00,0.39100000262260437,0.4189999997615814,0.3799999952316284,0.4000000059604645,113800,0.0,0.0
2024-04-19 00:00:00-04:00,0.4000000059604645,0.41999998688697815,0.38100001215934753,0.382999986410141,104200,0.0,0.0
2024-04-22 00:00:00-04:00,0.38999998569488525,0.4399999976158142,0.3799999952316284,0.41999998688697815,371000,0.0,0.0
2024-04-23 00:00:00-04:00,0.4189999997615814,0.4300000071525574,0.39100000262260437,0.4129999876022339,93500,0.0,0.0
2024-04-24 00:00:00-04:00,0.4090000092983246,0.414000004529953,0.3799999952316284,0.3880000114440918,80400,0.0,0.0
2024-04-25 00:00:00-04:00,0.39899998903274536,0.41999998688697815,0.3880000114440918,0.4099999964237213,107000,0.0,0.0
2024-04-26 00:00:00-04:00,0.38499999046325684,0.4230000078678131,0.38499999046325684,0.4000000059604645,61600,0.0,0.0
2024-04-29 00:00:00-04:00,0.4020000100135803,0.4099999964237213,0.38600000739097595,0.4050000011920929,103600,0.0,0.0
2024-04-30 00:00:00-04:00,0.40700000524520874,0.4090000092983246,0.38999998569488525,0.4050000011920929,49200,0.0,0.0
2024-05-01 00:00:00-04:00,0.4000000059604645,0.4050000011920929,0.38999998569488525,0.38999998569488525,42300,0.0,0.0
2024-05-02 00:00:00-04:00,0.40400001406669617,0.40400001406669617,0.3799999952316284,0.38499999046325684,79000,0.0,0.0
2024-05-03 00:00:00-04:00,0.3880000114440918,0.4000000059604645,0.3499999940395355,0.3659999966621399,144400,0.0,0.0
2024-05-06 00:00:00-04:00,0.36899998784065247,0.39899998903274536,0.36000001430511475,0.3799999952316284,178700,0.0,0.0
2024-05-07 00:00:00-04:00,0.3799999952316284,0.38999998569488525,0.3709999918937683,0.375,45600,0.0,0.0
2024-05-08 00:00:00-04:00,0.3700000047683716,0.3790000081062317,0.35100001096725464,0.3569999933242798,125300,0.0,0.0
2024-05-09 00:00:00-04:00,0.36000001430511475,0.3779999911785126,0.36000001430511475,0.36500000953674316,32400,0.0,0.0
2024-05-10 00:00:00-04:00,0.3779999911785126,0.3779999911785126,0.35100001096725464,0.35100001096725464,57900,0.0,0.0
2024-05-13 00:00:00-04:00,0.36899998784065247,0.39399999380111694,0.35100001096725464,0.3840000033378601,215000,0.0,0.0
2024-05-14 00:00:00-04:00,0.3799999952316284,0.4090000092983246,0.36000001430511475,0.3919999897480011,362200,0.0,0.0
2024-05-15 00:00:00-04:00,0.40799999237060547,0.40799999237060547,0.38999998569488525,0.39500001072883606,80400,0.0,0.0
2024-05-16 00:00:00-04:00,0.49000000953674316,0.49000000953674316,0.38100001215934753,0.39899998903274536,1166800,0.0,0.0
2024-05-17 00:00:00-04:00,1.5199999809265137,2.0999999046325684,1.3300000429153442,1.6799999475479126,104959200,0.0,0.0
2024-05-20 00:00:00-04:00,1.5,1.5,0.9599999785423279,1.159999966621399,11570100,0.0,0.0
2024-05-21 00:00:00-04:00,1.0399999618530273,1.649999976158142,0.9599999785423279,1.2200000286102295,9708900,0.0,0.0
2024-05-22 00:00:00-04:00,1.2200000286102295,1.3799999952316284,1.0299999713897705,1.2100000381469727,2325600,0.0,0.0
2024-05-23 00:00:00-04:00,1.1399999856948853,1.190000057220459,1.0499999523162842,1.159999966621399,898700,0.0,0.0
2024-05-24 00:00:00-04:00,1.0800000429153442,1.1799999475479126,1.059999942779541,1.1200000047683716,829800,0.0,0.0
2024-05-28 00:00:00-04:00,1.1100000143051147,1.1200000047683716,1.0099999904632568,1.059999942779541,622500,0.0,0.0
2024-05-29 00:00:00-04:00,0.9789999723434448,0.9879999756813049,0.7699999809265137,0.7950000166893005,1298000,0.0,0.0
2024-05-30 00:00:00-04:00,0.7300000190734863,0.875,0.7179999947547913,0.8270000219345093,610300,0.0,0.0
2024-05-31 00:00:00-04:00,0.7950000166893005,0.824999988079071,0.722000002861023,0.7400000095367432,753300,0.0,0.0
2024-06-03 00:00:00-04:00,0.7409999966621399,0.7900000214576721,0.6800000071525574,0.7390000224113464,543600,0.0,0.0
2024-06-04 00:00:00-04:00,0.75,0.7820000052452087,0.7080000042915344,0.7540000081062317,297700,0.0,0.0
2024-06-05 00:00:00-04:00,0.7310000061988831,0.7310000061988831,0.6899999976158142,0.699999988079071,181300,0.0,0.0
2024-06-06 00:00:00-04:00,0.7009999752044678,0.7099999785423279,0.5809999704360962,0.6349999904632568,326300,0.0,0.0
2024-06-07 00:00:00-04:00,0.6399999856948853,0.7400000095367432,0.6349999904632568,0.6520000100135803,305900,0.0,0.0
2024-06-10 00:00:00-04:00,0.6299999952316284,0.640999972820282,0.6000000238418579,0.6169999837875366,100600,0.0,0.0
2024-06-11 00:00:00-04:00,0.6169999837875366,0.6169999837875366,0.5260000228881836,0.5799999833106995,238000,0.0,0.0
2024-06-12 00:00:00-04:00,0.5950000286102295,0.6399999856948853,0.5899999737739563,0.6100000143051147,2271200,0.0,0.0
2024-06-13 00:00:00-04:00,0.6899999976158142,0.7300000190734863,0.6299999952316284,0.6610000133514404,6489900,0.0,0.0
2024-06-14 00:00:00-04:00,0.6100000143051147,0.6489999890327454,0.5709999799728394,0.6060000061988831,682200,0.0,0.0
2024-06-17 00:00:00-04:00,0.6060000061988831,0.7400000095367432,0.5910000205039978,0.7099999785423279,592500,0.0,0.0
2024-06-18 00:00:00-04:00,0.6399999856948853,0.6779999732971191,0.6309999823570251,0.6499999761581421,201200,0.0,0.0
2024-06-20 00:00:00-04:00,0.6499999761581421,0.6499999761581421,0.5899999737739563,0.6399999856948853,180400,0.0,0.0
2024-06-21 00:00:00-04:00,0.6230000257492065,0.6299999952316284,0.5899999737739563,0.6050000190734863,72700,0.0,0.0
2024-06-24 00:00:00-04:00,0.6230000257492065,0.6499999761581421,0.550000011920929,0.5519999861717224,1637700,0.0,0.0
2024-06-25 00:00:00-04:00,0.5640000104904175,0.5669999718666077,0.5210000276565552,0.5640000104904175,153100,0.0,0.0
2024-06-26 00:00:00-04:00,0.5600000023841858,0.5899999737739563,0.5360000133514404,0.550000011920929,352300,0.0,0.0
2024-06-27 00:00:00-04:00,0.5400000214576721,0.5789999961853027,0.5400000214576721,0.5400000214576721,102200,0.0,0.0
2024-06-28 00:00:00-04:00,0.5379999876022339,0.6200000047683716,0.5379999876022339,0.5879999995231628,530400,0.0,0.0
2024-07-01 00:00:00-04:00,0.5490000247955322,0.6000000238418579,0.5389999747276306,0.5659999847412109,230800,0.0,0.0
2024-07-02 00:00:00-04:00,0.5559999942779541,0.5789999961853027,0.5400000214576721,0.574999988079071,193800,0.0,0.0
2024-07-03 00:00:00-04:00,0.574999988079071,0.6000000238418579,0.550000011920929,0.5740000009536743,57900,0.0,0.0
2024-07-05 00:00:00-04:00,0.5509999990463257,0.5950000286102295,0.5509999990463257,0.5730000138282776,87800,0.0,0.0
2024-07-08 00:00:00-04:00,0.5799999833106995,0.6150000095367432,0.5720000267028809,0.5799999833106995,87300,0.0,0.0
2024-07-09 00:00:00-04:00,0.5809999704360962,0.6100000143051147,0.5730000138282776,0.5740000009536743,37600,0.0,0.0
2024-07-10 00:00:00-04:00,0.5690000057220459,0.5879999995231628,0.5299999713897705,0.5519999861717224,106900,0.0,0.0
2024-07-11 00:00:00-04:00,0.546999990940094,0.5680000185966492,0.5009999871253967,0.550000011920929,217800,0.0,0.0
2024-07-12 00:00:00-04:00,0.5600000023841858,0.5699999928474426,0.5199999809265137,0.5360000133514404,208900,0.0,0.0
2024-07-15 00:00:00-04:00,0.5400000214576721,0.550000011920929,0.5199999809265137,0.5360000133514404,134500,0.0,0.0
2024-07-16 00:00:00-04:00,0.5299999713897705,0.5450000166893005,0.49900001287460327,0.515999972820282,184600,0.0,0.0
2024-07-17 00:00:00-04:00,0.5009999871253967,0.515999972820282,0.49000000953674316,0.5,147400,0.0,0.0
2024-07-18 00:00:00-04:00,0.48899999260902405,0.49000000953674316,0.4399999976158142,0.45100000500679016,213800,0.0,0.0
2024-07-19 00:00:00-04:00,0.47699999809265137,0.47999998927116394,0.4519999921321869,0.46000000834465027,57900,0.0,0.0
2024-07-22 00:00:00-04:00,0.46000000834465027,0.4650000035762787,0.41200000047683716,0.453000009059906,174200,0.0,0.0
2024-07-23 00:00:00-04:00,0.4410000145435333,0.4410000145435333,0.41200000047683716,0.4350000023841858,113600,0.0,0.0
2024-07-24 00:00:00-04:00,0.43299999833106995,0.5379999876022339,0.4129999876022339,0.5379999876022339,1513900,0.0,0.0
2024-07-25 00:00:00-04:00,0.46399998664855957,0.47699999809265137,0.4230000078678131,0.4620000123977661,251400,0.0,0.0
2024-07-26 00:00:00-04:00,0.44600000977516174,0.4699999988079071,0.4399999976158142,0.45100000500679016,72800,0.0,0.0
2024-07-29 00:00:00-04:00,0.45899999141693115,0.4699999988079071,0.4399999976158142,0.4480000138282776,76000,0.0,0.0
2024-07-30 00:00:00-04:00,0.46000000834465027,0.4790000021457672,0.42500001192092896,0.4300000071525574,257000,0.0,0.0
2024-07-31 00:00:00-04:00,0.44999998807907104,0.46000000834465027,0.41100001335144043,0.42399999499320984,166700,0.0,0.0
2024-08-01 00:00:00-04:00,0.4300000071525574,0.4399999976158142,0.38499999046325684,0.3919999897480011,314100,0.0,0.0
2024-08-02 00:00:00-04:00,0.39899998903274536,0.39899998903274536,0.3720000088214874,0.3840000033378601,98600,0.0,0.0
2024-08-05 00:00:00-04:00,0.39899998903274536,0.39899998903274536,0.36000001430511475,0.3659999966621399,119500,0.0,0.0
2024-08-06 00:00:00-04:00,0.3889999985694885,0.41999998688697815,0.37400001287460327,0.39800000190734863,82800,0.0,0.0
2024-08-07 00:00:00-04:00,0.41999998688697815,0.41999998688697815,0.3840000033378601,0.3919999897480011,53600,0.0,0.0
2024-08-08 00:00:00-04:00,0.3840000033378601,0.4000000059604645,0.3790000081062317,0.3970000147819519,62800,0.0,0.0
2024-08-09 00:00:00-04:00,0.38100001215934753,0.3959999978542328,0.38100001215934753,0.38999998569488525,44500,0.0,0.0
2024-08-12 00:00:00-04:00,0.4059999883174896,0.4059999883174896,0.38499999046325684,0.3889999985694885,46800,0.0,0.0
2024-08-13 00:00:00-04:00,0.3889999985694885,0.39500001072883606,0.3799999952316284,0.38999998569488525,58500,0.0,0.0
2024-08-14 00:00:00-04:00,0.38499999046325684,0.38999998569488525,0.38100001215934753,0.38199999928474426,46200,0.0,0.0
2024-08-15 00:00:00-04:00,0.39899998903274536,0.39899998903274536,0.3700000047683716,0.3959999978542328,67100,0.0,0.0
2024-08-16 00:00:00-04:00,0.38100001215934753,0.44200000166893005,0.38100001215934753,0.421999990940094,190400,0.0,0.0
2024-08-19 00:00:00-04:00,0.4300000071525574,0.46000000834465027,0.41999998688697815,0.4410000145435333,203500,0.0,0.0
2024-08-20 00:00:00-04:00,0.46299999952316284,0.46299999952316284,0.41100001335144043,0.42100000381469727,114400,0.0,0.0
2024-08-21 00:00:00-04:00,0.41999998688697815,0.49000000953674316,0.4099999964237213,0.48500001430511475,417400,0.0,0.0
2024-08-22 00:00:00-04:00,0.46000000834465027,0.4819999933242798,0.44999998807907104,0.4650000035762787,132100,0.0,0.0
2024-08-23 00:00:00-04:00,0.47999998927116394,0.47999998927116394,0.4560000002384186,0.45899999141693115,148700,0.0,0.0
2024-08-26 00:00:00-04:00,0.45899999141693115,0.5400000214576721,0.4580000042915344,0.5199999809265137,173000,0.0,0.0
2024-08-27 00:00:00-04:00,0.5099999904632568,0.5099999904632568,0.4620000123977661,0.4620000123977661,71500,0.0,0.0
2024-08-28 00:00:00-04:00,0.44999998807907104,0.4560000002384186,0.4300000071525574,0.4390000104904175,168100,0.0,0.0
2024-08-29 00:00:00-04:00,0.4399999976158142,0.453000009059906,0.4309999942779541,0.43299999833106995,54300,0.0,0.0
2024-08-30 00:00:00-04:00,0.4399999976158142,0.44999998807907104,0.39500001072883606,0.4000000059604645,216000,0.0,0.0
2024-09-03 00:00:00-04:00,0.40400001406669617,0.40400001406669617,0.3619999885559082,0.3799999952316284,99800,0.0,0.0
2024-09-04 00:00:00-04:00,0.375,0.39500001072883606,0.36800000071525574,0.3799999952316284,104700,0.0,0.0
2024-09-05 00:00:00-04:00,0.3799999952316284,0.41499999165534973,0.3700000047683716,0.4000000059604645,151500,0.0,0.0
2024-09-06 00:00:00-04:00,0.4189999997615814,0.4189999997615814,0.38999998569488525,0.4000000059604645,40200,0.0,0.0
2024-09-09 00:00:00-04:00,0.3959999978542328,0.4189999997615814,0.3799999952316284,0.38999998569488525,26700,0.0,0.0
2024-09-10 00:00:00-04:00,0.4020000100135803,0.4050000011920929,0.3799999952316284,0.3889999985694885,67200,0.0,0.0
2024-09-11 00:00:00-04:00,0.375,0.4300000071525574,0.3199999928474426,0.4300000071525574,15505000,0.0,0.0
2024-09-12 00:00:00-04:00,0.3880000114440918,0.44999998807907104,0.38600000739097595,0.44999998807907104,1378600,0.0,0.0
2024-09-13 00:00:00-04:00,0.41200000047683716,0.47999998927116394,0.41200000047683716,0.46000000834465027,659800,0.0,0.0
2024-09-16 00:00:00-04:00,0.4399999976158142,0.45500001311302185,0.4000000059604645,0.4300000071525574,270600,0.0,0.0
2024-09-17 00:00:00-04:00,0.41999998688697815,0.4359999895095825,0.41200000047683716,0.41499999165534973,97900,0.0,0.0
2024-09-18 00:00:00-04:00,0.4020000100135803,0.41499999165534973,0.38600000739097595,0.4090000092983246,295700,0.0,0.0
2024-09-19 00:00:00-04:00,0.3840000033378601,0.4000000059604645,0.37299999594688416,0.3959999978542328,320900,0.0,0.0
2024-09-20 00:00:00-04:00,0.3799999952316284,0.4020000100135803,0.3799999952316284,0.3930000066757202,151500,0.0,0.0
2024-09-23 00:00:00-04:00,0.38199999928474426,0.4300000071525574,0.3799999952316284,0.42800000309944153,305400,0.0,0.0
2024-09-24 00:00:00-04:00,0.42899999022483826,0.5400000214576721,0.42899999022483826,0.5389999747276306,4347900,0.0,0.0
2024-09-25 00:00:00-04:00,0.4699999988079071,0.5299999713897705,0.46700000762939453,0.5,724600,0.0,0.0
2024-09-26 00:00:00-04:00,0.7400000095367432,1.4299999475479126,0.6800000071525574,1.0700000524520874,257944000,0.0,0.0
2024-09-27 00:00:00-04:00,1.5,1.590000033378601,1.1399999856948853,1.2599999904632568,77846200,0.0,0.0
2024-09-30 00:00:00-04:00,1.7699999809265137,3.5899999141693115,1.559999942779541,3.0999999046325684,197995500,0.0,0.0
2024-10-01 00:00:00-04:00,3.2899999618530273,3.990000009536743,2.369999885559082,3.390000104904175,150496500,0.0,0.0
2024-10-02 00:00:00-04:00,4.25,4.670000076293945,3.630000114440918,4.380000114440918,84795100,0.0,0.0
2024-10-03 00:00:00-04:00,3.5299999713897705,4.050000190734863,3.3399999141693115,3.7699999809265137,23745700,0.0,0.0
2024-10-04 00:00:00-04:00,3.859999895095825,4.0,2.119999885559082,2.5299999713897705,27975000,0.0,0.0
2024-10-07 00:00:00-04:00,2.3399999141693115,2.3399999141693115,1.690000057220459,2.1700000762939453,19331700,0.0,0.0
2024-10-08 00:00:00-04:00,1.850000023841858,2.119999885559082,1.600000023841858,1.659999966621399,9643200,0.0,0.0
2024-10-09 00:00:00-04:00,1.6699999570846558,1.9199999570846558,1.6399999856948853,1.7599999904632568,9682600,0.0,0.0
2024-10-10 00:00:00-04:00,1.9900000095367432,2.049999952316284,1.0499999523162842,1.2200000286102295,25427100,0.0,0.0
2024-10-11 00:00:00-04:00,1.1799999475479126,1.399999976158142,1.1050000190734863,1.2799999713897705,13207900,0.0,0.0
2024-10-14 00:00:00-04:00,1.2699999809265137,1.2999999523162842,1.0499999523162842,1.059999942779541,5635900,0.0,0.0
2024-10-15 00:00:00-04:00,1.0099999904632568,1.0700000524520874,0.8999999761581421,0.9200000166893005,7144000,0.0,0.0
2024-10-16 00:00:00-04:00,1.3109999895095825,1.5700000524520874,1.25,1.4299999475479126,51619100,0.0,0.0
2024-10-17 00:00:00-04:00,1.1299999952316284,1.1799999475479126,1.0099999904632568,1.0800000429153442,9784900,0.0,0.0
2024-10-18 00:00:00-04:00,1.2799999713897705,1.2999999523162842,1.1150000095367432,1.159999966621399,8192000,0.0,0.0
2024-10-21 00:00:00-04:00,1.0800000429153442,1.25,1.0499999523162842,1.2200000286102295,3865700,0.0,0.0
2024-10-22 00:00:00-04:00,1.1799999475479126,1.350000023841858,1.1799999475479126,1.25,4408900,0.0,0.0
2024-10-23 00:00:00-04:00,1.2400000095367432,1.25,1.1200000047683716,1.149999976158142,2336100,0.0,0.0
2024-10-24 00:00:00-04:00,1.1399999856948853,1.1399999856948853,1.0800000429153442,1.1100000143051147,1881000,0.0,0.0
2024-10-25 00:00:00-04:00,1.1299999952316284,1.1299999952316284,1.0800000429153442,1.0800000429153442,1812400,0.0,0.0
2024-10-28 00:00:00-04:00,1.1399999856948853,1.1799999475479126,1.1100000143051147,1.1799999475479126,2783200,0.0,0.0
2024-10-29 00:00:00-04:00,1.1799999475479126,1.2000000476837158,1.149999976158142,1.159999966621399,1867100,0.0,0.0
2024-10-30 00:00:00-04:00,1.1100000143051147,1.149999976158142,1.100000023841858,1.1100000143051147,960400,0.0,0.0
2024-10-31 00:00:00-04:00,1.1200000047683716,1.1200000047683716,1.0299999713897705,1.0700000524520874,1743700,0.0,0.0
2024-11-01 00:00:00-04:00,1.090000033378601,1.1299999952316284,1.059999942779541,1.100000023841858,924600,0.0,0.0
2024-11-04 00:00:00-05:00,1.1299999952316284,1.2899999618530273,1.0800000429153442,1.2000000476837158,4430800,0.0,0.0
2024-11-05 00:00:00-05:00,1.2999999523162842,1.3700000047683716,1.2000000476837158,1.2200000286102295,4369000,0.0,0.0
2024-11-06 00:00:00-05:00,1.1399999856948853,1.159999966621399,1.0800000429153442,1.1299999952316284,1905200,0.0,0.0
2024-11-07 00:00:00-05:00,1.2699999809265137,1.7300000190734863,1.2200000286102295,1.3799999952316284,33060900,0.0,0.0
2024-11-08 00:00:00-05:00,1.2000000476837158,1.2200000286102295,1.0499999523162842,1.0800000429153442,9632900,0.0,0.0
2024-11-11 00:00:00-05:00,1.059999942779541,1.059999942779541,0.8199999928474426,0.8899999856948853,7322900,0.0,0.0
2024-11-12 00:00:00-05:00,0.8500000238418579,0.8799999952316284,0.8199999928474426,0.8629999756813049,2280800,0.0,0.0
2024-11-13 00:00:00-05:00,0.9470000267028809,0.9800000190734863,0.75,0.7799999713897705,17964300,0.0,0.0
2024-11-14 00:00:00-05:00,0.7350000143051147,0.7350000143051147,0.6499999761581421,0.7009999752044678,4616500,0.0,0.0
2024-11-15 00:00:00-05:00,0.6549999713897705,0.6850000023841858,0.6370000243186951,0.6499999761581421,2348200,0.0,0.0
2024-11-18 00:00:00-05:00,0.6499999761581421,0.6589999794960022,0.574999988079071,0.6299999952316284,2149200,0.0,0.0
2024-11-19 00:00:00-05:00,0.6129999756813049,0.6499999761581421,0.5889999866485596,0.6240000128746033,1485200,0.0,0.0
2024-11-20 00:00:00-05:00,0.6039999723434448,0.6370000243186951,0.5979999899864197,0.6100000143051147,1005500,0.0,0.0
2024-11-21 00:00:00-05:00,0.6000000238418579,0.6000000238418579,0.5680000185966492,0.5709999799728394,1221900,0.0,0.0
2024-11-22 00:00:00-05:00,0.5600000023841858,0.5630000233650208,0.5,0.5220000147819519,1735000,0.0,0.0
2024-11-25 00:00:00-05:00,0.5299999713897705,0.5889999866485596,0.5099999904632568,0.5419999957084656,2344600,0.0,0.0
2024-11-26 00:00:00-05:00,0.5429999828338623,0.5789999961853027,0.5299999713897705,0.5320000052452087,938000,0.0,0.0
2024-11-27 00:00:00-05:00,0.5720000267028809,0.5889999866485596,0.5230000019073486,0.5400000214576721,10177500,0.0,0.0
2024-11-29 00:00:00-05:00,0.5550000071525574,0.5849999785423279,0.5320000052452087,0.5789999961853027,1962100,0.0,0.0
2024-12-02 00:00:00-05:00,0.5820000171661377,0.5899999737739563,0.550000011920929,0.5789999961853027,1503500,0.0,0.0
2024-12-03 00:00:00-05:00,0.574999988079071,0.5870000123977661,0.5479999780654907,0.5550000071525574,1114400,0.0,0.0
2024-12-04 00:00:00-05:00,0.5509999990463257,0.5849999785423279,0.5450000166893005,0.5550000071525574,1326800,0.0,0.0
2024-12-05 00:00:00-05:00,0.550000011920929,0.5569999814033508,0.5329999923706055,0.5490000247955322,1005700,0.0,0.0
2024-12-06 00:00:00-05:00,0.5550000071525574,0.5899999737739563,0.5400000214576721,0.578000009059906,1241400,0.0,0.0
2024-12-09 00:00:00-05:00,1.0099999904632568,1.5399999618530273,0.7699999809265137,0.8799999952316284,262137000,0.0,0.0
2024-12-10 00:00:00-05:00,0.7200000286102295,0.7799999713897705,0.6200000047683716,0.7699999809265137,23269200,0.0,0.0
2024-12-11 00:00:00-05:00,0.699999988079071,0.8999999761581421,0.6909999847412109,0.8560000061988831,11246600,0.0,0.0
2024-12-12 00:00:00-05:00,0.8180000185966492,0.8479999899864197,0.7210000157356262,0.7900000214576721,7678500,0.0,0.0
2024-12-13 00:00:00-05:00,0.6909999847412109,0.7580000162124634,0.6700000166893005,0.7269999980926514,4944700,0.0,0.0
2024-12-16 00:00:00-05:00,0.7009999752044678,0.7799999713897705,0.6919999718666077,0.746999979019165,3554900,0.0,0.0
2024-12-17 00:00:00-05:00,0.7149999737739563,0.8140000104904175,0.7149999737739563,0.7829999923706055,3490600,0.0,0.0
2024-12-18 00:00:00-05:00,0.7749999761581421,0.7860000133514404,0.671999990940094,0.6850000023841858,2926400,0.0,0.0
2024-12-19 00:00:00-05:00,0.7099999785423279,0.7099999785423279,0.6579999923706055,0.6610000133514404,1794600,0.0,0.0
2024-12-20 00:00:00-05:00,0.6610000133514404,0.6880000233650208,0.6100000143051147,0.6520000100135803,3123800,0.0,0.0
2024-12-23 00:00:00-05:00,0.6470000147819519,0.6499999761581421,0.5889999866485596,0.6019999980926514,1975400,0.0,0.0
2024-12-24 00:00:00-05:00,0.6110000014305115,0.6430000066757202,0.5899999737739563,0.6370000243186951,1504100,0.0,0.0
2024-12-26 00:00:00-05:00,0.6320000290870667,0.7400000095367432,0.6240000128746033,0.7200000286102295,2785800,0.0,0.0
2024-12-27 00:00:00-05:00,0.699999988079071,0.7099999785423279,0.6449999809265137,0.6520000100135803,2426600,0.0,0.0
2024-12-30 00:00:00-05:00,0.6420000195503235,0.6449999809265137,0.5910000205039978,0.6200000047683716,2740400,0.0,0.0
2024-12-31 00:00:00-05:00,0.6359999775886536,0.6399999856948853,0.5809999704360962,0.5979999899864197,1992900,0.0,0.0
2025-01-02 00:00:00-05:00,0.6100000143051147,0.6489999890327454,0.5899999737739563,0.6389999985694885,2017300,0.0,0.0
2025-01-03 00:00:00-05:00,0.6399999856948853,0.6890000104904175,0.6299999952316284,0.6629999876022339,2203100,0.0,0.0
2025-01-06 00:00:00-05:00,0.6579999923706055,0.6819999814033508,0.6320000290870667,0.6420000195503235,1413500,0.0,0.0
2025-01-07 00:00:00-05:00,0.6389999985694885,0.6639999747276306,0.6200000047683716,0.6290000081062317,977200,0.0,0.0
2025-01-08 00:00:00-05:00,0.6269999742507935,0.6290000081062317,0.5809999704360962,0.6050000190734863,2123200,0.0,0.0
2025-01-10 00:00:00-05:00,0.5929999947547913,0.6069999933242798,0.5320000052452087,0.5379999876022339,2621400,0.0,0.0
2025-01-13 00:00:00-05:00,0.5680000185966492,0.5879999995231628,0.5450000166893005,0.5730000138282776,1232300,0.0,0.0
2025-01-14 00:00:00-05:00,0.6169999837875366,0.6169999837875366,0.5759999752044678,0.5849999785423279,1627000,0.0,0.0
2025-01-15 00:00:00-05:00,0.6100000143051147,0.621999979019165,0.5799999833106995,0.6100000143051147,1364700,0.0,0.0
2025-01-16 00:00:00-05:00,0.6050000190734863,0.6129999756813049,0.5910000205039978,0.6050000190734863,988900,0.0,0.0
2025-01-17 00:00:00-05:00,0.6140000224113464,0.6650000214576721,0.5699999928474426,0.6100000143051147,2960500,0.0,0.0
2025-01-21 00:00:00-05:00,0.6150000095367432,0.6269999742507935,0.6000000238418579,0.6100000143051147,1101700,0.0,0.0
2025-01-22 00:00:00-05:00,0.6000000238418579,0.6010000109672546,0.5709999799728394,0.5839999914169312,1415300,0.0,0.0
2025-01-23 00:00:00-05:00,0.5799999833106995,0.609000027179718,0.5680000185966492,0.5920000076293945,802900,0.0,0.0
2025-01-24 00:00:00-05:00,0.6000000238418579,0.6100000143051147,0.578000009059906,0.5849999785423279,1743200,0.0,0.0
2025-01-27 00:00:00-05:00,0.5789999961853027,0.6320000290870667,0.5709999799728394,0.6100000143051147,4245900,0.0,0.0
2025-01-28 00:00:00-05:00,0.6050000190734863,0.6050000190734863,0.5569999814033508,0.5820000171661377,2406800,0.0,0.0
2025-01-29 00:00:00-05:00,0.5789999961853027,0.5849999785423279,0.5600000023841858,0.5759999752044678,1202200,0.0,0.0
2025-01-30 00:00:00-05:00,0.5770000219345093,0.6449999809265137,0.5680000185966492,0.6119999885559082,2705100,0.0,0.0
2025-01-31 00:00:00-05:00,0.6100000143051147,0.6159999966621399,0.5849999785423279,0.5910000205039978,984200,0.0,0.0
2025-02-03 00:00:00-05:00,0.5699999928474426,0.5789999961853027,0.5649999976158142,0.5699999928474426,1232000,0.0,0.0
2025-02-04 00:00:00-05:00,0.5799999833106995,0.609000027179718,0.5759999752044678,0.5799999833106995,1384700,0.0,0.0
2025-02-05 00:00:00-05:00,0.5730000138282776,0.5879999995231628,0.5649999976158142,0.5720000267028809,796100,0.0,0.0
2025-02-06 00:00:00-05:00,0.5699999928474426,0.5759999752044678,0.5630000233650208,0.5740000009536743,863800,0.0,0.0
2025-02-07 00:00:00-05:00,0.5830000042915344,0.6299999952316284,0.5830000042915344,0.6079999804496765,2242800,0.0,0.0
2025-02-10 00:00:00-05:00,0.6190000176429749,0.6660000085830688,0.6050000190734863,0.6079999804496765,3229100,0.0,0.0
2025-02-11 00:00:00-05:00,0.5759999752044678,0.5929999947547913,0.5699999928474426,0.5699999928474426,2286000,0.0,0.0
2025-02-12 00:00:00-05:00,0.6899999976158142,0.7170000076293945,0.6050000190734863,0.6209999918937683,37030600,0.0,0.0
2025-02-13 00:00:00-05:00,0.5809999704360962,0.6259999871253967,0.5699999928474426,0.5950000286102295,4955800,0.0,0.0
2025-02-14 00:00:00-05:00,0.6110000014305115,0.6690000295639038,0.5799999833106995,0.6650000214576721,7712200,0.0,0.0
