Date,Open,High,Low,Close,Volume,Dividends,Stock Splits
2002-03-19 00:00:00+09:00,151.69894111447218,153.19351196289062,149.45708484184453,153.19351196289062,23000,0.0,0.0
2002-03-20 00:00:00+09:00,149.4570770263672,153.19350395202636,149.4570770263672,149.4570770263672,14000,0.0,0.0
2002-03-21 00:00:00+09:00,149.4570770263672,149.4570770263672,149.4570770263672,149.4570770263672,0,0.0,0.0
2002-03-22 00:00:00+09:00,149.45707172927462,149.45707172927462,144.22607421875,144.22607421875,8000,0.0,0.0
2002-03-25 00:00:00+09:00,137.5004847935268,138.24777003696985,130.77491760253906,130.77491760253906,9000,0.0,0.0
2002-03-26 00:00:00+09:00,130.77493218814627,130.77493218814627,127.03850555419922,127.03850555419922,13000,0.0,0.0
2002-03-27 00:00:00+09:00,136.75324698783257,138.24781799316406,136.75324698783257,138.24781799316406,3000,0.0,0.0
2002-03-28 00:00:00+09:00,138.24781799316406,138.24781799316406,138.24781799316406,138.24781799316406,1000,0.0,0.0
2002-03-29 00:00:00+09:00,138.24780880416955,138.24780880416955,135.2586669921875,135.2586669921875,2000,0.0,0.0
2002-04-01 00:00:00+09:00,137.5005153309215,137.5005153309215,131.52223205566406,131.52223205566406,8000,0.0,0.0
2002-04-02 00:00:00+09:00,131.52225613064238,134.5113983154297,130.77497058444553,134.5113983154297,10000,0.0,0.0
2002-04-03 00:00:00+09:00,130.77491760253906,130.77491760253906,130.77491760253906,130.77491760253906,5000,0.0,0.0
2002-04-04 00:00:00+09:00,131.5222221332821,136.7532196044922,131.5222221332821,136.7532196044922,10000,0.0,0.0
2002-04-05 00:00:00+09:00,133.01680914910284,136.00595092773438,133.01680914910284,136.00595092773438,12000,0.0,0.0
2002-04-08 00:00:00+09:00,136.75326897547797,155.43540954589844,136.75326897547797,155.43540954589844,60000,0.0,0.0
2002-04-09 00:00:00+09:00,144.2260925133191,146.46794887362975,142.7315216064453,142.7315216064453,23000,0.0,0.0
2002-04-10 00:00:00+09:00,137.50051879882812,137.50051879882812,137.50051879882812,137.50051879882812,2000,0.0,0.0
2002-04-11 00:00:00+09:00,137.5005049575222,138.2477903105522,136.7532196044922,136.7532196044922,4000,0.0,0.0
2002-04-12 00:00:00+09:00,135.258688802773,135.258688802773,132.26954650878906,132.26954650878906,16000,0.0,0.0
2002-04-15 00:00:00+09:00,132.26954650878906,134.51140322927702,132.26954650878906,132.26954650878906,8000,0.0,0.0
2002-04-16 00:00:00+09:00,133.0168136511435,133.76409912109375,133.0168136511435,133.76409912109375,3000,0.0,0.0
2002-04-17 00:00:00+09:00,133.76409912109375,133.76409912109375,133.76409912109375,133.76409912109375,4000,0.0,0.0
2002-04-18 00:00:00+09:00,133.01683208228505,133.01683208228505,132.26954650878906,132.26954650878906,7000,0.0,0.0
2002-04-19 00:00:00+09:00,131.52223205566406,131.52223205566406,131.52223205566406,131.52223205566406,4000,0.0,0.0
2002-04-22 00:00:00+09:00,133.01683208228505,133.01683208228505,132.26954650878906,132.26954650878906,4000,0.0,0.0
2002-04-23 00:00:00+09:00,129.2803497314453,129.2803497314453,129.2803497314453,129.2803497314453,3000,0.0,0.0
2002-04-24 00:00:00+09:00,129.2803497314453,129.2803497314453,129.2803497314453,129.2803497314453,2000,0.0,0.0
2002-04-25 00:00:00+09:00,129.2803497314453,129.2803497314453,129.2803497314453,129.2803497314453,0,0.0,0.0
2002-04-26 00:00:00+09:00,131.52226093529308,132.26954650878906,131.52226093529308,132.26954650878906,8000,0.0,0.0
2002-04-29 00:00:00+09:00,132.26954650878906,132.26954650878906,132.26954650878906,132.26954650878906,0,0.0,0.0
2002-04-30 00:00:00+09:00,130.77492024857185,132.26949076569838,129.2803497314453,129.2803497314453,11000,0.0,0.0
2002-05-01 00:00:00+09:00,130.77491760253906,130.77491760253906,130.77491760253906,130.77491760253906,3000,0.0,0.0
2002-05-02 00:00:00+09:00,138.24777003696985,138.24777003696985,130.77491760253906,130.77491760253906,11000,0.0,0.0
2002-05-03 00:00:00+09:00,130.77491760253906,130.77491760253906,130.77491760253906,130.77491760253906,0,0.0,0.0
2002-05-06 00:00:00+09:00,130.77491760253906,130.77491760253906,130.77491760253906,130.77491760253906,0,0.0,0.0
2002-05-07 00:00:00+09:00,130.77492024857185,130.77492024857185,129.2803497314453,129.2803497314453,6000,0.0,0.0
2002-05-08 00:00:00+09:00,129.2803497314453,129.2803497314453,129.2803497314453,129.2803497314453,0,0.0,0.0
2002-05-09 00:00:00+09:00,129.28038175715957,130.0276672008426,128.53309631347656,128.53309631347656,13000,0.0,0.0
2002-05-10 00:00:00+09:00,130.77494638007983,130.77494638007983,127.78580474853516,127.78580474853516,6000,0.0,0.0
2002-05-13 00:00:00+09:00,127.78579228869557,127.78579228869557,126.29122161865234,126.29122161865234,18000,0.0,0.0
2002-05-14 00:00:00+09:00,128.53308648419525,128.53308648419525,121.8075180053711,121.8075180053711,14000,0.0,0.0
2002-05-15 00:00:00+09:00,123.30206966400146,123.30206966400146,119.56564331054688,119.56564331054688,13000,0.0,0.0
2002-05-16 00:00:00+09:00,119.56564331054688,119.56564331054688,119.56564331054688,119.56564331054688,3000,0.0,0.0
2002-05-17 00:00:00+09:00,120.31294027964275,125.54393768310547,119.56565493629093,125.54393768310547,10000,0.0,0.0
2002-05-20 00:00:00+09:00,125.5439349006204,127.03850555419922,125.5439349006204,127.03850555419922,9000,0.0,0.0
2002-05-21 00:00:00+09:00,127.03851906650037,127.03851906650037,124.04937744140624,124.04937744140625,8000,0.0,0.0
2002-05-22 00:00:00+09:00,127.03850836980911,127.03850836980911,125.54393768310547,125.54393768310547,2000,0.0,0.0
2002-05-23 00:00:00+09:00,127.03851906650037,127.03851906650037,124.04937744140624,124.04937744140625,10000,0.0,0.0
2002-05-24 00:00:00+09:00,124.04936621654993,130.02764892578125,124.04936621654993,130.02764892578125,3000,0.0,0.0
2002-05-27 00:00:00+09:00,128.53306187220983,134.51134381975447,128.53306187220983,130.77491760253906,17000,0.0,0.0
2002-05-28 00:00:00+09:00,130.77493218814627,130.77493218814627,126.29122022740981,127.03850555419922,11000,0.0,0.0
2002-05-29 00:00:00+09:00,124.04935041155133,130.77491760253906,124.04935041155133,130.77491760253906,9000,0.0,0.0
2002-05-30 00:00:00+09:00,130.02764892578125,130.02764892578125,130.02764892578125,130.02764892578125,3000,0.0,0.0
2002-05-31 00:00:00+09:00,130.02764686135686,130.02764686135686,127.03850555419922,127.03850555419922,6000,0.0,0.0
2002-06-03 00:00:00+09:00,127.7857929098195,130.02764892578125,127.03850757116558,130.02764892578125,13000,0.0,0.0
2002-06-04 00:00:00+09:00,130.0276612368497,131.52223205566406,127.78580500862815,131.52223205566406,6000,0.0,0.0
2002-06-05 00:00:00+09:00,131.52225613064238,135.25868386162654,130.77497058444553,134.5113983154297,18000,0.0,0.0
2002-06-06 00:00:00+09:00,138.99508666992188,138.99508666992188,121.06023677702872,138.99508666992188,22000,0.0,0.0
2002-06-07 00:00:00+09:00,137.50054050021703,137.50054050021703,130.77497058444553,134.5113983154297,17000,0.0,0.0
2002-06-10 00:00:00+09:00,134.51136095770474,135.25864629635865,129.28036358712734,130.02764892578125,14000,0.0,0.0
2002-06-11 00:00:00+09:00,130.02763235909597,134.51134381975447,130.02763235909597,130.77491760253906,6000,0.0,0.0
2002-06-12 00:00:00+09:00,128.53306187220983,130.77491760253906,128.53306187220983,130.77491760253906,2000,0.0,0.0
2002-06-13 00:00:00+09:00,130.77491760253906,133.76405857631138,130.77491760253906,130.77491760253906,5000,0.0,0.0
2002-06-14 00:00:00+09:00,129.2803471156529,130.77491760253906,128.53306187220983,130.77491760253906,9000,0.0,0.0
2002-06-17 00:00:00+09:00,128.53307620777804,128.53307620777804,127.03850555419922,127.03850555419922,12000,0.0,0.0
2002-06-18 00:00:00+09:00,128.53307620777804,128.53307620777804,127.03850555419922,127.03850555419922,12000,0.0,0.0
2002-06-19 00:00:00+09:00,125.54395751953125,125.54395751953125,123.3021011352539,123.3021011352539,6000,0.0,0.0
2002-06-20 00:00:00+09:00,121.8075180053711,121.8075180053711,121.8075180053711,121.8075180053711,2000,0.0,0.0
2002-06-21 00:00:00+09:00,121.06023607755962,127.78580474853516,121.06023607755962,127.78580474853516,7000,0.0,0.0
2002-06-24 00:00:00+09:00,130.77493426443516,130.77493426443516,130.02764892578125,130.02764892578125,4000,0.0,0.0
2002-06-25 00:00:00+09:00,127.7858026292589,127.7858026292589,121.06023406982422,121.06023406982422,6000,0.0,0.0
2002-06-26 00:00:00+09:00,130.77494109549173,130.77494109549173,121.80751656322944,122.55480194091797,14000,0.0,0.0
2002-06-27 00:00:00+09:00,122.55480194091797,122.55480194091797,122.55480194091797,122.55480194091797,0,0.0,0.0
2002-06-28 00:00:00+09:00,123.30208165305002,125.54393768310547,123.30208165305002,125.54393768310547,2000,0.0,0.0
2002-07-01 00:00:00+09:00,125.54393768310547,125.54393768310547,125.54393768310547,125.54393768310547,3000,0.0,0.0
2002-07-02 00:00:00+09:00,123.3021011352539,123.3021011352539,123.3021011352539,123.3021011352539,3000,0.0,0.0
2002-07-03 00:00:00+09:00,123.3021011352539,123.3021011352539,123.3021011352539,123.3021011352539,1000,0.0,0.0
2002-07-04 00:00:00+09:00,124.04936699640183,125.54393768310547,124.04936699640183,125.54393768310547,2000,0.0,0.0
2002-07-05 00:00:00+09:00,123.3021011352539,124.04938659667968,123.3021011352539,123.3021011352539,3000,0.0,0.0
2002-07-08 00:00:00+09:00,123.3020873186065,123.3020873186065,122.55480194091797,122.55480194091797,7000,0.0,0.0
2002-07-09 00:00:00+09:00,125.54395751953125,125.54395751953125,123.3021011352539,123.3021011352539,6000,0.0,0.0
2002-07-10 00:00:00+09:00,125.54393909934039,126.29122445112218,124.7966537475586,124.7966537475586,5000,0.0,0.0
2002-07-11 00:00:00+09:00,124.79665094860913,126.29122161865234,124.04936561358751,126.29122161865234,6000,0.0,0.0
2002-07-12 00:00:00+09:00,123.3021011352539,123.3021011352539,123.3021011352539,123.3021011352539,3000,0.0,0.0
2002-07-15 00:00:00+09:00,123.30208877844312,123.30208877844312,121.8075180053711,121.8075180053711,7000,0.0,0.0
2002-07-16 00:00:00+09:00,121.80752548990371,121.80752548990371,118.07109832763672,118.07109832763672,3000,0.0,0.0
2002-07-17 00:00:00+09:00,120.31295776367189,121.06024321562016,120.31295776367189,120.31295776367188,5000,0.0,0.0
2002-07-18 00:00:00+09:00,121.06025848388673,134.5113983154297,119.56568739149306,134.5113983154297,13000,0.0,0.0
2002-07-19 00:00:00+09:00,134.5113983154297,138.24782604641385,134.5113983154297,134.5113983154297,28000,0.0,0.0
2002-07-22 00:00:00+09:00,133.76409912109375,133.76409912109375,133.76409912109375,133.76409912109375,1000,0.0,0.0
2002-07-23 00:00:00+09:00,133.76409912109375,133.76409912109375,133.76409912109375,133.76409912109375,1000,0.0,0.0
2002-07-24 00:00:00+09:00,132.26954650878906,132.26954650878906,132.26954650878906,132.26954650878906,0,0.0,0.0
2002-07-25 00:00:00+09:00,127.03850555419922,127.03850555419922,127.03850555419922,127.03850555419922,5000,0.0,0.0
2002-07-26 00:00:00+09:00,127.03850555419922,127.03850555419922,127.03850555419922,127.03850555419922,5000,0.0,0.0
2002-07-29 00:00:00+09:00,127.03850555419922,127.03850555419922,127.03850555419922,127.03850555419922,0,0.0,0.0
2002-07-30 00:00:00+09:00,121.06023406982422,121.06023406982422,121.06023406982422,121.06023406982422,6000,0.0,0.0
2002-07-31 00:00:00+09:00,115.08195495605467,115.08195495605467,115.08195495605467,115.08195495605469,9000,0.0,0.0
2002-08-01 00:00:00+09:00,118.81839458759013,119.56568008814102,116.5765380859375,116.5765380859375,4000,0.0,0.0
2002-08-02 00:00:00+09:00,116.5765380859375,118.81839458759013,116.5765380859375,116.5765380859375,4000,0.0,0.0
2002-08-05 00:00:00+09:00,115.82923889160156,115.82923889160156,115.82923889160156,115.82923889160156,3000,0.0,0.0
2002-08-06 00:00:00+09:00,110.59824100617439,115.82923889160156,110.59824100617439,115.82923889160156,4000,0.0,0.0
2002-08-07 00:00:00+09:00,112.84013027615018,115.8292728000217,112.84013027615018,114.33470153808594,7000,0.0,0.0
2002-08-08 00:00:00+09:00,112.09281158447266,112.09281158447266,112.09281158447266,112.09281158447266,1000,0.0,0.0
2002-08-09 00:00:00+09:00,112.09281158447266,112.09281158447266,112.09281158447266,112.09281158447266,3000,0.0,0.0
2002-08-12 00:00:00+09:00,112.09281158447266,112.09281158447266,112.09281158447266,112.09281158447266,4000,0.0,0.0
2002-08-13 00:00:00+09:00,108.35638427734375,108.35638427734375,108.35638427734375,108.35638427734375,2000,0.0,0.0
2002-08-14 00:00:00+09:00,112.09279413092626,112.09279413092626,106.11451177727686,109.10365295410156,10000,0.0,0.0
2002-08-15 00:00:00+09:00,109.10365295410156,109.10365295410156,109.10365295410156,109.10365295410156,0,0.0,0.0
2002-08-16 00:00:00+09:00,112.09279413092626,112.09279413092626,109.10365295410156,109.10365295410156,4000,0.0,0.0
2002-08-19 00:00:00+09:00,110.5982235425139,110.5982235425139,106.86179707148304,109.10365295410156,7000,0.0,0.0
2002-08-20 00:00:00+09:00,106.86182559376032,106.86182559376032,106.11454010009766,106.11454010009766,7000,0.0,0.0
2002-08-21 00:00:00+09:00,106.11454010009766,106.11454010009766,106.11454010009766,106.11454010009766,2000,0.0,0.0
2002-08-22 00:00:00+09:00,115.82926161745762,115.82926161745762,105.36726379394531,105.36726379394531,6000,0.0,0.0
2002-08-23 00:00:00+09:00,105.36726379394531,105.36726379394531,105.36726379394531,105.36726379394531,0,0.0,0.0
2002-08-26 00:00:00+09:00,106.11454010009766,106.11454010009766,106.11454010009766,106.11454010009766,2000,0.0,0.0
2002-08-27 00:00:00+09:00,106.11454010009766,106.11454010009766,106.11454010009766,106.11454010009766,1000,0.0,0.0
2002-08-28 00:00:00+09:00,108.35638427734375,108.35638427734375,108.35638427734375,108.35638427734375,4000,0.0,0.0
2002-08-29 00:00:00+09:00,108.35639190673828,123.3021011352539,108.35639190673828,123.3021011352539,14000,0.0,0.0
2002-08-30 00:00:00+09:00,126.29122466207203,145.72064384085235,123.30208324995198,136.7532196044922,90000,0.0,0.0
2002-09-02 00:00:00+09:00,136.7531995500837,136.7531995500837,130.77491760253906,130.77491760253906,13000,0.0,0.0
2002-09-03 00:00:00+09:00,130.77494421122987,130.77494421122987,121.06023406982422,121.06023406982422,5000,0.0,0.0
2002-09-04 00:00:00+09:00,119.56564707298801,119.56564707298801,109.10365295410156,109.10365295410156,10000,0.0,0.0
2002-09-05 00:00:00+09:00,112.09283285583092,112.84011840820314,112.09283285583092,112.84011840820312,5000,0.0,0.0
2002-09-06 00:00:00+09:00,112.09281158447266,112.84009699503581,112.09281158447266,112.09281158447266,15000,0.0,0.0
2002-09-09 00:00:00+09:00,112.09281158447266,112.09281158447266,112.09281158447266,112.09281158447266,0,0.0,0.0
2002-09-10 00:00:00+09:00,111.3455261739095,112.09281158447266,111.3455261739095,112.09281158447266,7000,0.0,0.0
2002-09-11 00:00:00+09:00,112.09282373127185,113.58739471435547,104.61996881585372,113.58739471435547,21000,0.0,0.0
2002-09-12 00:00:00+09:00,114.33470335206786,114.33470335206786,106.86184692382812,106.86184692382812,11000,0.0,0.0
2002-09-13 00:00:00+09:00,106.86181345972521,108.35638427734375,106.86181345972521,108.35638427734375,10000,0.0,0.0
2002-09-16 00:00:00+09:00,108.35638427734375,108.35638427734375,108.35638427734375,108.35638427734375,0,0.0,0.0
2002-09-17 00:00:00+09:00,108.35638427734375,108.35638427734375,108.35638427734375,108.35638427734375,8000,0.0,0.0
2002-09-18 00:00:00+09:00,108.35638427734375,108.35638427734375,108.35638427734375,108.35638427734375,5000,0.0,0.0
2002-09-19 00:00:00+09:00,108.3563780784607,108.3563780784607,107.60909271240234,107.60909271240234,5000,0.0,0.0
2002-09-20 00:00:00+09:00,110.59828769760644,111.34557342529297,110.59828769760644,111.34557342529297,8000,0.0,0.0
2002-09-23 00:00:00+09:00,111.34557342529297,111.34557342529297,111.34557342529297,111.34557342529297,0,0.0,0.0
2002-09-24 00:00:00+09:00,112.09281158447266,114.33466781616211,112.09281158447266,112.09281158447266,5000,0.0,0.0
2002-09-25 00:00:00+09:00,112.09281158447266,112.09281158447266,112.09281158447266,112.09281158447266,5000,0.0,0.0
2002-09-26 00:00:00+09:00,110.59825897216795,110.59825897216795,110.59825897216795,110.59825897216797,3000,0.0,0.0
2002-09-27 00:00:00+09:00,111.34554450576368,111.34554450576368,110.59825897216795,110.59825897216797,5000,0.0,0.0
2002-09-30 00:00:00+09:00,106.86184692382812,106.86184692382812,106.86184692382812,106.86184692382812,1000,0.0,0.0
2002-10-01 00:00:00+09:00,107.60913256665211,107.60913256665211,106.86184692382812,106.86184692382812,11000,0.0,0.0
2002-10-02 00:00:00+09:00,106.11454010009766,106.86182559376032,106.11454010009766,106.11454010009766,3000,0.0,0.0
2002-10-03 00:00:00+09:00,106.11452198028564,107.60909271240234,106.11452198028564,107.60909271240234,6000,0.0,0.0
2002-10-04 00:00:00+09:00,105.36723613052918,106.11452149315704,103.87266540527344,103.87266540527344,13000,0.0,0.0
2002-10-07 00:00:00+09:00,100.88352870941162,100.88352870941162,89.67424774169922,89.67424774169922,21000,0.0,0.0
2002-10-08 00:00:00+09:00,90.42154083251953,93.41068267822266,90.42154083251953,93.41068267822266,18000,0.0,0.0
2002-10-09 00:00:00+09:00,93.41066148546007,100.88351440429688,93.41066148546007,100.88351440429688,9000,0.0,0.0
2002-10-10 00:00:00+09:00,100.88353729248047,100.88353729248047,93.41068267822266,93.41068267822266,4000,0.0,0.0
2002-10-11 00:00:00+09:00,93.41066825289685,93.41066825289685,88.92695617675781,88.92695617675781,5000,0.0,0.0
2002-10-14 00:00:00+09:00,88.92695617675781,88.92695617675781,88.92695617675781,88.92695617675781,0,0.0,0.0
2002-10-15 00:00:00+09:00,88.92696234385173,89.67424774169922,88.92696234385173,89.67424774169922,4000,0.0,0.0
2002-10-16 00:00:00+09:00,91.16880738735199,95.65251922607422,91.16880738735199,95.65251922607422,9000,0.0,0.0
2002-10-17 00:00:00+09:00,95.65251922607422,95.65251922607422,95.65251922607422,95.65251922607422,4000,0.0,0.0
2002-10-18 00:00:00+09:00,93.4106703284833,103.87266540527344,93.4106703284833,103.87266540527344,5000,0.0,0.0
2002-10-21 00:00:00+09:00,103.87266789060651,103.87266789060651,98.64167022705078,98.64167022705078,6000,0.0,0.0
2002-10-22 00:00:00+09:00,98.64168393701539,99.38896942138672,89.67425812455944,99.38896942138672,23000,0.0,0.0
2002-10-23 00:00:00+09:00,98.64167022705078,98.64167022705078,98.64167022705078,98.64167022705078,3000,0.0,0.0
2002-10-24 00:00:00+09:00,97.14710494219247,97.14710494219247,85.19053818007647,88.17967987060547,9000,0.0,0.0
2002-10-25 00:00:00+09:00,90.42153313954671,90.42153313954671,88.92696234385173,89.67424774169922,11000,0.0,0.0
2002-10-28 00:00:00+09:00,89.67424774169922,89.67424774169922,89.67424774169922,89.67424774169922,0,0.0,0.0
2002-10-29 00:00:00+09:00,89.67425537109375,89.67425537109375,82.20140075683594,85.93782806396484,21000,0.0,0.0
2002-10-30 00:00:00+09:00,87.43238830566406,87.43238830566406,87.43238830566406,87.43238830566406,1000,0.0,0.0
2002-10-31 00:00:00+09:00,88.92696234385173,89.67424774169922,88.92696234385173,89.67424774169922,4000,0.0,0.0
2002-11-01 00:00:00+09:00,89.67424774169922,89.67424774169922,89.67424774169922,89.67424774169922,10000,0.0,0.0
2002-11-04 00:00:00+09:00,89.67424774169922,89.67424774169922,89.67424774169922,89.67424774169922,0,0.0,0.0
2002-11-05 00:00:00+09:00,88.92695617675781,88.92695617675781,88.92695617675781,88.92695617675781,2000,0.0,0.0
2002-11-06 00:00:00+09:00,89.67424774169922,89.67424774169922,89.67424774169922,89.67424774169922,2000,0.0,0.0
2002-11-07 00:00:00+09:00,90.42153313954671,90.42153313954671,89.67424774169922,89.67424774169922,7000,0.0,0.0
2002-11-08 00:00:00+09:00,88.92696234385173,89.67424774169922,84.44324995676676,89.67424774169922,13000,0.0,0.0
2002-11-11 00:00:00+09:00,85.93781564087995,85.93781564087995,82.94867422728413,84.44324493408203,23000,0.0,0.0
2002-11-12 00:00:00+09:00,83.6959716796875,85.93782806396484,83.6959716796875,85.93782806396484,11000,0.0,0.0
2002-11-13 00:00:00+09:00,84.44324493408203,84.44324493408203,84.44324493408203,84.44324493408203,5000,0.0,0.0
2002-11-14 00:00:00+09:00,83.69597014006193,83.69597014006193,82.94868469238281,82.94868469238281,13000,0.0,0.0
2002-11-15 00:00:00+09:00,84.44324493408203,85.93781564087995,84.44324493408203,84.44324493408203,12000,0.0,0.0
2002-11-18 00:00:00+09:00,89.67424240787473,89.67424240787473,84.44324493408203,84.44324493408203,2000,0.0,0.0
2002-11-19 00:00:00+09:00,82.20140838623047,82.20140838623047,82.20140838623047,82.20140838623047,7000,0.0,0.0
2002-11-20 00:00:00+09:00,82.20140838623047,82.20140838623047,82.20140838623047,82.20140838623047,0,0.0,0.0
2002-11-21 00:00:00+09:00,78.4649807323109,82.20140838623047,78.4649807323109,82.20140838623047,13000,0.0,0.0
2002-11-22 00:00:00+09:00,82.20140838623047,82.20140838623047,81.45412285544656,82.20140838623047,3000,0.0,0.0
2002-11-25 00:00:00+09:00,82.20139236450196,82.20139236450196,74.7285385131836,74.7285385131836,4000,0.0,0.0
2002-11-26 00:00:00+09:00,76.9704191501324,77.71770477294922,76.9704191501324,77.71770477294922,2000,0.0,0.0
2002-11-27 00:00:00+09:00,77.71770477294922,77.71770477294922,77.71770477294922,77.71770477294922,0,0.0,0.0
2002-11-28 00:00:00+09:00,80.70681762695312,82.20138832374855,80.70681762695312,80.70681762695312,8000,0.0,0.0
2002-11-29 00:00:00+09:00,80.70681762695312,80.70681762695312,80.70681762695312,80.70681762695312,1000,0.0,0.0
2002-12-02 00:00:00+09:00,80.70681762695312,80.70681762695312,80.70681762695312,80.70681762695312,0,0.0,0.0
2002-12-03 00:00:00+09:00,82.2013953424269,93.41067652548513,82.2013953424269,92.66339111328125,36000,0.0,0.0
2002-12-04 00:00:00+09:00,92.66339240639897,97.14710494219247,88.17967987060547,88.17967987060547,33000,0.0,0.0
2002-12-05 00:00:00+09:00,87.43240055285003,87.43240055285003,84.44325865360729,85.19054412841797,15000,0.0,0.0
2002-12-06 00:00:00+09:00,85.19054412841797,85.19054412841797,85.19054412841797,85.19054412841797,12000,0.0,0.0
2002-12-09 00:00:00+09:00,85.19053173065186,85.19053173065186,82.9486756324768,83.69596099853516,13000,0.0,0.0
2002-12-10 00:00:00+09:00,83.69596099853516,83.69596099853516,83.69596099853516,83.69596099853516,3000,0.0,0.0
2002-12-11 00:00:00+09:00,84.4432463645935,84.4432463645935,83.69596099853516,83.69596099853516,2000,0.0,0.0
2002-12-12 00:00:00+09:00,82.2014054628176,82.2014054628176,79.95954895019531,79.95954895019531,6000,0.0,0.0
2002-12-13 00:00:00+09:00,79.21224212646484,79.95952742954469,79.21224212646484,79.21224212646484,4000,0.0,0.0
2002-12-16 00:00:00+09:00,79.21226366828469,79.21226366828469,76.2231216430664,76.2231216430664,17000,0.0,0.0
2002-12-17 00:00:00+09:00,77.71769265567555,77.71769265567555,76.2231216430664,76.2231216430664,24000,0.0,0.0
2002-12-18 00:00:00+09:00,75.475830078125,76.97040097076113,75.475830078125,75.475830078125,22000,0.0,0.0
2002-12-19 00:00:00+09:00,74.72854463180693,75.475830078125,74.72854463180693,75.475830078125,48000,0.0,0.0
2002-12-20 00:00:00+09:00,73.98125312805176,74.7285385131836,73.23396774291993,74.7285385131836,12000,0.0,0.0
2002-12-23 00:00:00+09:00,74.7285385131836,74.7285385131836,74.7285385131836,74.7285385131836,0,0.0,0.0
2002-12-24 00:00:00+09:00,76.97038269042969,77.71766795926881,74.72852688391231,76.97038269042969,30000,0.0,0.0
2002-12-25 00:00:00+09:00,77.34956359863281,77.34956359863281,77.34956359863281,77.34956359863281,1000,1.5,0.0
2002-12-26 00:00:00+09:00,77.34956903740911,78.107898145619,76.59123992919922,76.59123992919922,12000,0.0,0.0
2002-12-27 00:00:00+09:00,78.86622081938245,79.62454986572266,78.86622081938245,79.62454986572266,2000,0.0,0.0
2002-12-30 00:00:00+09:00,81.89954806241123,83.41620635986328,81.89954806241123,83.41620635986328,5000,0.0,0.0
2002-12-31 00:00:00+09:00,83.41620635986328,83.41620635986328,83.41620635986328,83.41620635986328,0,0.0,0.0
2003-01-01 00:00:00+09:00,83.41620635986328,83.41620635986328,83.41620635986328,83.41620635986328,0,0.0,0.0
2003-01-02 00:00:00+09:00,83.41620635986328,83.41620635986328,83.41620635986328,83.41620635986328,0,0.0,0.0
2003-01-03 00:00:00+09:00,83.41620635986328,83.41620635986328,83.41620635986328,83.41620635986328,0,0.0,0.0
2003-01-06 00:00:00+09:00,83.41618898535977,90.24114990234375,83.41618898535977,90.24114990234375,3000,0.0,0.0
2003-01-07 00:00:00+09:00,86.4495023091634,86.4495023091634,81.89952850341797,81.89952850341797,11000,0.0,0.0
2003-01-08 00:00:00+09:00,79.62456061623314,83.41620635986328,78.8662314675071,83.41620635986328,7000,0.0,0.0
2003-01-09 00:00:00+09:00,83.41620635986328,83.41620635986328,83.41620635986328,83.41620635986328,0,0.0,0.0
2003-01-10 00:00:00+09:00,79.62455529433029,79.62455529433029,78.10789709824782,78.86622619628906,7000,0.0,0.0
2003-01-13 00:00:00+09:00,78.86622619628906,78.86622619628906,78.86622619628906,78.86622619628906,0,0.0,0.0
2003-01-14 00:00:00+09:00,78.86622081938245,84.93285319010417,78.86622081938245,79.62454986572266,12000,0.0,0.0
2003-01-15 00:00:00+09:00,83.41620635986328,83.41620635986328,83.41620635986328,83.41620635986328,1000,0.0,0.0
2003-01-16 00:00:00+09:00,83.41620635986328,83.41620635986328,83.41620635986328,83.41620635986328,0,0.0,0.0
2003-01-17 00:00:00+09:00,82.65787721113725,83.41620635986328,82.65787721113725,83.41620635986328,6000,0.0,0.0
2003-01-20 00:00:00+09:00,82.6578516960144,84.9328384399414,81.89952278137207,84.9328384399414,7000,0.0,0.0
2003-01-21 00:00:00+09:00,84.9328384399414,84.9328384399414,81.89952278137207,84.9328384399414,6000,0.0,0.0
2003-01-22 00:00:00+09:00,83.41618061065674,84.9328384399414,83.41618061065674,84.9328384399414,3000,0.0,0.0
2003-01-23 00:00:00+09:00,84.93284540591033,87.20783233642578,84.93284540591033,87.20783233642578,7000,0.0,0.0
2003-01-24 00:00:00+09:00,87.96616131326427,87.96616131326427,87.20783233642578,87.20783233642578,8000,0.0,0.0
2003-01-27 00:00:00+09:00,85.69118531545003,92.51614697774251,84.93285624186197,90.9994888305664,23000,0.0,0.0
2003-01-28 00:00:00+09:00,87.9661636352539,87.9661636352539,87.9661636352539,87.9661636352539,6000,0.0,0.0
2003-01-29 00:00:00+09:00,90.99947477641858,90.99947477641858,86.44950103759766,86.44950103759766,8000,0.0,0.0
2003-01-30 00:00:00+09:00,86.44950103759766,86.44950103759766,86.44950103759766,86.44950103759766,2000,0.0,0.0
2003-01-31 00:00:00+09:00,83.41620635986328,83.41620635986328,83.41620635986328,83.41620635986328,1000,0.0,0.0
2003-02-03 00:00:00+09:00,84.17453550858932,84.93286465731535,83.41620635986328,83.41620635986328,11000,0.0,0.0
2003-02-04 00:00:00+09:00,83.41620635986328,84.93286465731535,83.41620635986328,83.41620635986328,10000,0.0,0.0
2003-02-05 00:00:00+09:00,84.17451642907184,87.20783233642578,83.41618745223336,87.20783233642578,3000,0.0,0.0
2003-02-06 00:00:00+09:00,87.96617253621419,91.75781790415445,87.96617253621419,90.9994888305664,21000,0.0,0.0
2003-02-07 00:00:00+09:00,92.51613549804688,95.54945141601561,90.9994775390625,94.79112243652344,18000,0.0,0.0
2003-02-10 00:00:00+09:00,94.79111433029175,109.95769262313843,94.79111433029175,109.1993637084961,46000,0.0,0.0
2003-02-11 00:00:00+09:00,109.1993637084961,109.1993637084961,109.1993637084961,109.1993637084961,0,0.0,0.0
2003-02-12 00:00:00+09:00,106.1660699774749,106.1660699774749,97.06612112226277,103.89108276367188,27000,0.0,0.0
2003-02-13 00:00:00+09:00,104.6493892384999,104.6493892384999,97.06610016324628,101.61607360839844,6000,0.0,0.0
2003-02-14 00:00:00+09:00,94.03280189389088,94.03280189389088,91.75781475129675,92.51614379882812,13000,0.0,0.0
2003-02-17 00:00:00+09:00,97.06612112226277,107.68272812001027,97.06612112226277,103.89108276367188,62000,0.0,0.0
2003-02-18 00:00:00+09:00,102.37445164393712,108.44108581542969,102.37445164393712,108.44108581542969,24000,0.0,0.0
2003-02-19 00:00:00+09:00,116.7826524044107,123.60761260986328,114.50766566925984,123.60761260986328,78000,0.0,0.0
2003-02-20 00:00:00+09:00,128.15760436615386,132.70757848566228,116.78266906738281,116.78266906738281,54000,0.0,0.0
2003-02-21 00:00:00+09:00,117.54099655151367,122.84929962158203,115.26600952148438,121.3326416015625,23000,0.0,0.0
2003-02-24 00:00:00+09:00,136.49919795418927,138.77418458675908,125.12426479134017,126.64092254638672,80000,0.0,0.0
2003-02-25 00:00:00+09:00,126.64094878165953,126.64094878165953,117.54100036621094,117.54100036621094,18000,0.0,0.0
2003-02-26 00:00:00+09:00,112.99100368142985,112.99100368142985,104.64938595998201,105.40771484375,14000,0.0,0.0
2003-02-27 00:00:00+09:00,102.37441933673361,104.64940643310547,102.37441933673361,104.64940643310547,9000,0.0,0.0
2003-02-28 00:00:00+09:00,110.71599833170573,113.74931335449219,109.95766957600912,113.74931335449219,12000,0.0,0.0
2003-03-03 00:00:00+09:00,108.44105484906365,108.44105484906365,103.13275146484375,103.13275146484375,13000,0.0,0.0
2003-03-04 00:00:00+09:00,103.89108276367188,103.89108276367188,102.37442462113651,103.89108276367188,9000,0.0,0.0
2003-03-05 00:00:00+09:00,105.40770679342336,109.95767974853516,105.40770679342336,109.95767974853516,5000,0.0,0.0
2003-03-06 00:00:00+09:00,109.1993839039522,109.1993839039522,103.13275146484375,103.13275146484375,2000,0.0,0.0
2003-03-07 00:00:00+09:00,102.3744125366211,102.3744125366211,102.3744125366211,102.3744125366211,4000,0.0,0.0
2003-03-10 00:00:00+09:00,100.09942529296875,100.09942529296875,94.79112243652344,94.79112243652344,14000,0.0,0.0
2003-03-11 00:00:00+09:00,91.75781607249426,95.5494613647461,90.9994870140439,95.5494613647461,9000,0.0,0.0
2003-03-12 00:00:00+09:00,94.79113451139195,96.30779266357422,94.79113451139195,96.30779266357422,2000,0.0,0.0
2003-03-13 00:00:00+09:00,98.58277759854755,98.58277759854755,95.5494613647461,95.5494613647461,5000,0.0,0.0
2003-03-14 00:00:00+09:00,90.9994888305664,94.79113419850667,90.9994888305664,90.9994888305664,7000,0.0,0.0
2003-03-17 00:00:00+09:00,94.03279312797216,94.03279312797216,87.20783233642578,87.20783233642578,11000,0.0,0.0
2003-03-18 00:00:00+09:00,89.48283386230469,89.48283386230469,87.20784656072067,89.48283386230469,6000,0.0,0.0
2003-03-19 00:00:00+09:00,87.96617253621419,90.9994888305664,87.20784346262613,90.9994888305664,4000,0.0,0.0
2003-03-20 00:00:00+09:00,88.72449493408203,88.72449493408203,88.72449493408203,88.72449493408203,2000,0.0,0.0
2003-03-21 00:00:00+09:00,88.72449493408203,88.72449493408203,88.72449493408203,88.72449493408203,0,0.0,0.0
2003-03-24 00:00:00+09:00,90.241156656234,93.2744728463595,90.241156656234,92.51614379882812,10000,0.0,0.0
2003-03-25 00:00:00+09:00,90.99947722061822,90.99947722061822,86.4495033595873,87.20783233642578,17000,0.0,0.0
2003-03-26 00:00:00+09:00,89.48282091156776,91.75780788389575,88.72449192079175,90.24114990234375,21000,0.0,0.0
2003-03-27 00:00:00+09:00,89.48282091156776,90.99947889311974,89.48282091156776,90.24114990234375,9000,0.0,0.0
2003-03-28 00:00:00+09:00,89.48282091156776,90.99947889311974,88.72449192079175,90.24114990234375,5000,0.0,0.0
2003-03-31 00:00:00+09:00,90.9994888305664,90.9994888305664,89.48283068339029,90.9994888305664,12000,0.0,0.0
2003-04-01 00:00:00+09:00,90.24115975697835,90.9994888305664,87.20784346262613,90.9994888305664,15000,0.0,0.0
2003-04-02 00:00:00+09:00,90.99947889311974,90.99947889311974,90.24114990234375,90.24114990234375,4000,0.0,0.0
2003-04-03 00:00:00+09:00,93.27446280235101,93.27446280235101,91.75780487060547,91.75780487060547,3000,0.0,0.0
2003-04-04 00:00:00+09:00,90.9994853626598,100.09943389892578,90.9994853626598,100.09943389892578,14000,0.0,0.0
2003-04-07 00:00:00+09:00,99.34111785888672,99.34111785888672,99.34111785888672,99.34111785888672,4000,0.0,0.0
2003-04-08 00:00:00+09:00,97.8244485400972,99.34110665699792,95.5494613647461,95.5494613647461,11000,0.0,0.0
2003-04-09 00:00:00+09:00,93.27445983886719,93.27445983886719,93.27445983886719,93.27445983886719,3000,0.0,0.0
2003-04-10 00:00:00+09:00,94.79112923145294,97.06611633300781,94.03280019760132,97.06611633300781,3000,0.0,0.0
2003-04-11 00:00:00+09:00,96.3077803955078,96.3077803955078,94.79112243652344,94.79112243652344,6000,0.0,0.0
2003-04-14 00:00:00+09:00,93.27446447753906,94.79112243652344,93.27446447753906,94.79112243652344,3000,0.0,0.0
2003-04-15 00:00:00+09:00,93.27446280235101,93.27446280235101,91.75780487060547,91.75780487060547,13000,0.0,0.0
2003-04-16 00:00:00+09:00,92.51613549804688,94.79112243652344,92.51613549804688,94.79112243652344,8000,0.0,0.0
2003-04-17 00:00:00+09:00,91.7578182070274,96.30779266357422,91.7578182070274,96.30779266357422,15000,0.0,0.0
2003-04-18 00:00:00+09:00,97.82443864610461,102.3744125366211,97.82443864610461,102.3744125366211,9000,0.0,0.0
2003-04-21 00:00:00+09:00,99.34109262319711,99.34109262319711,96.30777681790866,98.582763671875,21000,0.0,0.0
2003-04-22 00:00:00+09:00,100.85775052584135,101.61607947716347,98.582763671875,98.582763671875,5000,0.0,0.0
2003-04-23 00:00:00+09:00,102.3744125366211,102.3744125366211,101.61608355486835,102.3744125366211,12000,0.0,0.0
2003-04-24 00:00:00+09:00,98.582757978297,101.61607360839845,98.582757978297,101.61607360839844,10000,0.0,0.0
2003-04-25 00:00:00+09:00,95.5494613647461,98.58277759854755,95.5494613647461,95.5494613647461,13000,0.0,0.0
2003-04-28 00:00:00+09:00,97.06611633300781,97.06611633300781,94.03280019760132,97.06611633300781,16000,0.0,0.0
2003-04-29 00:00:00+09:00,97.06611633300781,97.06611633300781,97.06611633300781,97.06611633300781,0,0.0,0.0
2003-04-30 00:00:00+09:00,97.0661261506783,97.82445526123047,96.30779704012613,97.82445526123047,15000,0.0,0.0
2003-05-01 00:00:00+09:00,101.61608355486835,103.8910705001266,100.8577545731156,102.3744125366211,16000,0.0,0.0
2003-05-02 00:00:00+09:00,102.37441933673361,104.64940643310547,100.8577612724857,104.64940643310547,11000,0.0,0.0
2003-05-05 00:00:00+09:00,104.64940643310547,104.64940643310547,104.64940643310547,104.64940643310547,0,0.0,0.0
2003-05-06 00:00:00+09:00,109.95769679946387,113.74934151668677,106.92438102568556,112.99101257324219,31000,0.0,0.0
2003-05-07 00:00:00+09:00,109.95769735884993,110.71602630615234,105.40772367503544,110.71602630615234,25000,0.0,0.0
2003-05-08 00:00:00+09:00,110.71605943124506,125.88264291497725,110.71605943124506,119.81600952148438,68000,0.0,0.0
2003-05-09 00:00:00+09:00,123.60761265248559,135.74087524414062,117.54098135665808,135.74087524414062,51000,0.0,0.0
2003-05-12 00:00:00+09:00,135.74088228665866,135.74088228665866,122.8492901141827,128.1575927734375,41000,0.0,0.0
2003-05-13 00:00:00+09:00,122.09097061157226,127.39927368164062,118.29932556152343,121.3326416015625,32000,0.0,0.0
2003-05-14 00:00:00+09:00,118.29932556152343,121.3326416015625,117.54099655151367,121.3326416015625,16000,0.0,0.0
2003-05-15 00:00:00+09:00,121.3326204037238,126.6409225463867,118.2993048936307,126.64092254638672,15000,0.0,0.0
2003-05-16 00:00:00+09:00,122.09097061157226,122.09097061157226,118.29932556152343,121.3326416015625,10000,0.0,0.0
2003-05-19 00:00:00+09:00,119.05764936364216,124.36595220151156,119.05764936364216,122.0909652709961,15000,0.0,0.0
2003-05-20 00:00:00+09:00,118.29932792613049,118.29932792613049,113.74935377512547,114.50768280029297,18000,0.0,0.0
2003-05-21 00:00:00+09:00,115.26599949966243,122.84928894042969,115.26599949966243,122.84928894042969,7000,0.0,0.0
2003-05-22 00:00:00+09:00,125.12428964887347,129.67426381792342,121.33264450799851,127.39927673339844,39000,0.0,0.0
2003-05-23 00:00:00+09:00,131.19092187427339,132.70757993062338,127.39927673339844,127.39927673339844,12000,0.0,0.0
2003-05-26 00:00:00+09:00,127.39927673339844,127.39927673339844,125.12428964887347,127.39927673339844,7000,0.0,0.0
2003-05-27 00:00:00+09:00,128.91593478974843,128.91593478974843,127.39927673339844,127.39927673339844,8000,0.0,0.0
2003-05-28 00:00:00+09:00,127.39927985869258,131.19092509258223,125.88262176513672,125.88262176513672,13000,0.0,0.0
2003-05-29 00:00:00+09:00,130.43261287913603,131.19094202378216,128.91595458984375,128.91595458984375,18000,0.0,0.0
2003-05-30 00:00:00+09:00,128.91592606254247,128.91592606254247,122.09096527099611,122.0909652709961,7000,0.0,0.0
2003-06-02 00:00:00+09:00,132.70758115328275,138.01588439941406,132.70758115328275,138.01588439941406,29000,0.0,0.0
2003-06-03 00:00:00+09:00,136.49923260292312,136.49923260292312,132.7075872528419,134.98257446289062,24000,0.0,0.0
2003-06-04 00:00:00+09:00,136.49919550469582,149.3907861912504,134.98253777686585,142.56582641601562,90000,0.0,0.0
2003-06-05 00:00:00+09:00,143.3241656942105,165.31570434570312,143.3241656942105,165.31570434570312,97000,0.0,0.0
2003-06-06 00:00:00+09:00,171.3823764560459,174.41569285349803,164.5574145617786,168.34906005859375,98000,0.0,0.0
2003-06-09 00:00:00+09:00,173.65735161190943,173.65735161190943,156.21578354608445,159.2490997314453,61000,0.0,0.0
2003-06-10 00:00:00+09:00,159.24909210205078,159.24909210205078,146.35749893188475,151.66580200195312,29000,0.0,0.0
2003-06-11 00:00:00+09:00,151.66582164197865,155.45746718302811,148.63250520913908,153.18247985839844,17000,0.0,0.0
2003-06-12 00:00:00+09:00,151.66580823003028,151.66580823003028,148.6324920654297,148.6324920654297,10000,0.0,0.0
2003-06-13 00:00:00+09:00,144.0824841438456,144.0824841438456,140.2908398242707,142.56582641601562,32000,0.0,0.0
2003-06-16 00:00:00+09:00,144.0825152729833,165.3157280500545,144.0825152729833,163.04074096679688,36000,0.0,0.0
2003-06-17 00:00:00+09:00,169.10737733386813,169.10737733386813,159.2490997314453,159.2490997314453,47000,0.0,0.0
2003-06-18 00:00:00+09:00,166.83238141413585,166.83238141413585,156.2157753241454,161.52407836914062,20000,0.0,0.0
2003-06-19 00:00:00+09:00,161.5240806508287,163.04073868510878,160.0074226165486,162.28240966796875,19000,0.0,0.0
2003-06-20 00:00:00+09:00,161.5240593142626,161.5240593142626,155.45742797851562,155.45742797851562,16000,0.0,0.0
2003-06-23 00:00:00+09:00,157.7324355651285,162.28240966796875,157.7324355651285,162.28240966796875,24000,0.0,0.0
2003-06-24 00:00:00+09:00,162.28241591680617,162.28241591680617,156.21578354608445,159.2490997314453,10000,0.0,0.0
2003-06-25 00:00:00+09:00,159.2490997314453,159.2490997314453,154.69912545340404,159.2490997314453,8000,0.0,0.0
2003-06-26 00:00:00+09:00,159.2490997314453,163.0407449631464,159.2490997314453,159.2490997314453,14000,0.0,0.0
2003-06-27 00:00:00+09:00,158.4907684326172,158.4907684326172,158.4907684326172,158.4907684326172,4000,0.0,0.0
2003-06-30 00:00:00+09:00,159.2490997314453,160.76575782412576,153.9407964070638,159.2490997314453,19000,0.0,0.0
2003-07-01 00:00:00+09:00,159.2490997314453,159.2490997314453,159.2490997314453,159.2490997314453,11000,0.0,0.0
2003-07-02 00:00:00+09:00,161.52408687046596,162.28241591680617,156.21578354608445,159.2490997314453,26000,0.0,0.0
2003-07-03 00:00:00+09:00,156.97409057617188,159.2490773961164,153.94077481624583,156.97409057617188,15000,0.0,0.0
2003-07-04 00:00:00+09:00,151.6658346451337,153.18249299158504,150.90750547190802,152.42416381835938,15000,0.0,0.0
2003-07-07 00:00:00+09:00,153.94079421924062,166.0740587882448,153.94079421924062,158.4907684326172,19000,0.0,0.0
2003-07-08 00:00:00+09:00,159.24907207489014,170.62400579452515,159.24907207489014,169.8656768798828,45000,0.0,0.0
2003-07-09 00:00:00+09:00,169.10737318881723,169.8657022165698,163.04074096679688,163.04074096679688,13000,0.0,0.0
2003-07-10 00:00:00+09:00,165.3157280500545,168.34904416106468,163.04074096679688,163.04074096679688,12000,0.0,0.0
2003-07-11 00:00:00+09:00,162.28241591680617,162.28241591680617,159.2490997314453,159.2490997314453,7000,0.0,0.0
2003-07-14 00:00:00+09:00,159.24909582803417,163.04074096679688,159.24909582803417,163.04074096679688,4000,0.0,0.0
2003-07-15 00:00:00+09:00,162.28241193904432,163.04074096679688,161.5240829112918,163.04074096679688,23000,0.0,0.0
2003-07-16 00:00:00+09:00,153.9407701445789,156.215756895484,153.9407701445789,155.45742797851562,19000,0.0,0.0
2003-07-17 00:00:00+09:00,152.42415075018855,154.69913807481822,152.42415075018855,153.18247985839844,5000,0.0,0.0
2003-07-18 00:00:00+09:00,150.90747299194337,153.18246002197264,148.63248596191406,151.66580200195312,13000,0.0,0.0
2003-07-21 00:00:00+09:00,151.66580200195312,151.66580200195312,151.66580200195312,151.66580200195312,0,0.0,0.0
2003-07-22 00:00:00+09:00,151.66580823003028,151.66580823003028,146.35750494197922,148.6324920654297,16000,0.0,0.0
2003-07-23 00:00:00+09:00,152.42414003259995,154.69912719726562,152.42414003259995,154.69912719726562,3000,0.0,0.0
2003-07-24 00:00:00+09:00,151.66575369523397,154.69906876913868,150.9074249267578,150.9074249267578,13000,0.0,0.0
2003-07-25 00:00:00+09:00,150.9074249267578,150.9074249267578,150.9074249267578,150.9074249267578,0,0.0,0.0
2003-07-28 00:00:00+09:00,151.6658196082482,157.73245239257812,151.6658196082482,157.73245239257812,17000,0.0,0.0
2003-07-29 00:00:00+09:00,152.42412465179024,165.3157172840312,152.42412465179024,164.55738830566406,14000,0.0,0.0
2003-07-30 00:00:00+09:00,164.55739902230198,164.55739902230198,159.24909582803417,163.04074096679688,7000,0.0,0.0
2003-07-31 00:00:00+09:00,166.83237148853058,178.20730590820312,165.31571356590757,178.20730590820312,59000,0.0,0.0
2003-08-01 00:00:00+09:00,181.99895562065973,204.7488250732422,181.99895562065973,204.7488250732422,100000,0.0,0.0
2003-08-04 00:00:00+09:00,210.05715698469083,225.9820678030248,203.9905242919922,203.9905242919922,100000,0.0,0.0
2003-08-05 00:00:00+09:00,197.9238888597864,200.9572051641509,179.72399103359913,192.61558532714844,65000,0.0,0.0
2003-08-06 00:00:00+09:00,187.3072607216715,188.82391870322348,172.14068090615152,180.4822998046875,100000,0.0,0.0
2003-08-07 00:00:00+09:00,185.79060274011948,185.79060274011948,178.20731283235952,180.4822998046875,31000,0.0,0.0
2003-08-08 00:00:00+09:00,180.4823195139567,181.9989776611328,179.72399044036865,181.9989776611328,10000,0.0,0.0
2003-08-11 00:00:00+09:00,183.5156385234758,197.1655620500153,183.5156385234758,193.37391662597656,22000,0.0,0.0
2003-08-12 00:00:00+09:00,195.64891052246094,199.44055607522182,189.58227763804356,195.64891052246094,25000,0.0,0.0
2003-08-13 00:00:00+09:00,198.68223571777344,199.4405648617344,197.16557742985148,198.68223571777344,20000,0.0,0.0
2003-08-14 00:00:00+09:00,195.64886944110577,200.9571721003606,195.64886944110577,197.16552734375,16000,0.0,0.0
2003-08-15 00:00:00+09:00,199.44052183333218,214.6071014404297,198.6821928529773,214.6071014404297,30000,0.0,0.0
2003-08-18 00:00:00+09:00,219.15710039203668,225.98206199594094,217.64044225783576,222.94874572753906,60000,0.0,0.0
2003-08-19 00:00:00+09:00,219.91539359892775,225.98202514648438,216.12374888170487,225.98202514648438,54000,0.0,0.0
2003-08-20 00:00:00+09:00,229.77367225060098,256.315185546875,229.77367225060098,256.315185546875,100000,0.0,0.0
2003-08-21 00:00:00+09:00,272.9984580592105,292.71501336348683,271.4817999588816,288.1650390625,200000,0.0,0.0
2003-08-22 00:00:00+09:00,300.29829499000726,326.08148193359375,285.1317144349564,326.08148193359375,200000,0.0,0.0
2003-08-25 00:00:00+09:00,333.66473325749035,333.66473325749035,288.1649969041962,294.23162841796875,100000,0.0,0.0
2003-08-26 00:00:00+09:00,291.19837524100257,294.9900207519531,282.85675511691136,294.9900207519531,46000,0.0,0.0
2003-08-27 00:00:00+09:00,285.1317424234817,303.33164087604433,285.1317424234817,294.9900207519531,15000,0.0,0.0
2003-08-28 00:00:00+09:00,294.9899644801226,301.05659614038217,280.58171428700604,286.6483459472656,21000,0.0,0.0
2003-08-29 00:00:00+09:00,284.37334730542057,284.37334730542057,279.0650448223861,282.856689453125,16000,0.0,0.0
2003-09-01 00:00:00+09:00,273.7567537490636,282.0983722843536,272.99842479130996,276.7900695800781,36000,0.0,0.0
2003-09-02 00:00:00+09:00,276.03172396015185,276.03172396015185,257.83183007266933,271.48175048828125,44000,0.0,0.0
2003-09-03 00:00:00+09:00,270.7234709087171,294.2316714638158,266.93182565789476,288.1650390625,27000,0.0,0.0
2003-09-04 00:00:00+09:00,294.98997636999223,294.98997636999223,283.61504154852724,290.44000244140625,13000,0.0,0.0
2003-09-05 00:00:00+09:00,294.2316805521647,294.2316805521647,285.8900607426961,291.1983642578125,30000,0.0,0.0
2003-09-08 00:00:00+09:00,291.1983276929724,329.1147766113281,291.1983276929724,329.1147766113281,76000,0.0,0.0
2003-09-09 00:00:00+09:00,344.28136457245927,360.20627350642764,331.38977162591345,351.8646545410156,82000,0.0,0.0
2003-09-10 00:00:00+09:00,355.6562931639675,389.7810974121094,348.07300333104706,389.7810974121094,99000,0.0,0.0
2003-09-11 00:00:00+09:00,389.78101648791085,452.7223090336241,380.68107057768725,439.8307189941406,91000,0.0,0.0
2003-09-12 00:00:00+09:00,454.9975791097689,456.51423770680145,417.0811141839548,451.2059326171875,100000,0.0,0.0
2003-09-15 00:00:00+09:00,451.2059326171875,451.2059326171875,451.2059326171875,451.2059326171875,0,0.0,0.0
2003-09-16 00:00:00+09:00,398.1227154201932,439.8308094165943,397.3643864384404,409.4976501464844,55000,0.0,0.0
2003-09-17 00:00:00+09:00,379.92287148868337,397.3644404392616,356.4146698596431,386.7478332519531,52000,0.0,0.0
2003-09-18 00:00:00+09:00,378.4062211634749,378.4062211634749,342.76475343865866,357.93133544921875,100000,0.0,0.0
2003-09-19 00:00:00+09:00,348.8313222032912,368.5478751973903,343.5230194741107,356.41461181640625,100000,0.0,0.0
2003-09-22 00:00:00+09:00,356.4146655758485,356.4146655758485,323.0481862453435,343.5230712890625,72000,0.0,0.0
2003-09-23 00:00:00+09:00,343.5230712890625,343.5230712890625,343.5230712890625,343.5230712890625,0,0.0,0.0
2003-09-24 00:00:00+09:00,343.52309992542007,343.52309992542007,322.28988403599016,332.1481628417969,67000,0.0,0.0
2003-09-25 00:00:00+09:00,319.256548042757,332.14814261930536,307.12328255894676,314.7065734863281,52000,0.0,0.0
2003-09-26 00:00:00+09:00,304.08994012876997,326.08148193359375,301.81495304551237,326.08148193359375,66000,0.0,0.0
2003-09-29 00:00:00+09:00,348.8313401992351,362.48126220703125,347.31468219836887,362.48126220703125,83000,0.0,0.0
2003-09-30 00:00:00+09:00,381.4395094784823,400.3977355957031,381.4395094784823,400.3977355957031,79000,0.0,0.0
2003-10-01 00:00:00+09:00,422.38921848513047,437.55579724581736,372.33950857486366,401.9143371582031,95000,0.0,0.0
2003-10-02 00:00:00+09:00,402.6726683392028,402.6726683392028,379.1644711291928,392.81439208984375,37000,0.0,0.0
2003-10-03 00:00:00+09:00,379.9228131658381,424.66422230113636,379.9228131658381,417.0809326171875,80000,0.0,0.0
2003-10-06 00:00:00+09:00,432.2475141160031,432.2475141160031,410.2559739241363,427.6975402832031,31000,0.0,0.0
2003-10-07 00:00:00+09:00,438.3142000524009,438.3142000524009,417.080986209032,435.2808837890625,58000,0.0,0.0
2003-10-08 00:00:00+09:00,435.28087896142307,435.28087896142307,402.6727294921875,402.6727294921875,46000,0.0,0.0
2003-10-09 00:00:00+09:00,389.0227607865767,417.0809326171875,389.0227607865767,417.0809326171875,23000,0.0,0.0
2003-10-10 00:00:00+09:00,417.08098547799244,429.9725795745849,409.497694832938,424.6642761230469,44000,0.0,0.0
2003-10-13 00:00:00+09:00,424.6642761230469,424.6642761230469,424.6642761230469,424.6642761230469,0,0.0,0.0
2003-10-14 00:00:00+09:00,431.4892298300812,483.8139343261719,431.4892298300812,483.8139343261719,100000,0.0,0.0
2003-10-15 00:00:00+09:00,530.8305166739005,530.8305166739005,476.23080638744216,511.8722839355469,100000,0.0,0.0
2003-10-16 00:00:00+09:00,521.7303865131579,587.7050138774671,519.4553993626645,576.330078125,100000,0.0,0.0
2003-10-17 00:00:00+09:00,568.7467902492762,583.9133713225903,551.305222014965,556.613525390625,93000,0.0,0.0
2003-10-20 00:00:00+09:00,551.3051286485461,553.5801154242622,538.4135369194879,545.996826171875,72000,0.0,0.0
2003-10-21 00:00:00+09:00,515.6637679811508,515.6637679811508,470.1640237475199,477.747314453125,94000,0.0,0.0
2003-10-22 00:00:00+09:00,492.91389586433536,508.08047727554566,440.58918999565975,477.747314453125,45000,0.0,0.0
2003-10-23 00:00:00+09:00,464.09739339953273,464.09739339953273,401.91440931658883,405.7060546875,69000,0.0,0.0
2003-10-24 00:00:00+09:00,398.1227743214574,481.5389746554771,398.1227743214574,461.8224182128906,40000,0.0,0.0
2003-10-27 00:00:00+09:00,522.4886428397042,537.6552217320034,507.3220639474051,530.8302612304688,89000,0.0,0.0
2003-10-28 00:00:00+09:00,530.8304325226815,561.1636000954061,492.9139730567756,493.67230224609375,77000,0.0,0.0
2003-10-29 00:00:00+09:00,523.2469933353253,530.8302830938084,508.0804138183594,508.0804138183594,10000,0.0,0.0
2003-10-30 00:00:00+09:00,508.08052691291357,530.0720721076516,492.91394401999077,515.663818359375,21000,0.0,0.0
2003-10-31 00:00:00+09:00,508.08052691291357,516.4221475040212,496.7055897432215,515.663818359375,17000,0.0,0.0
2003-11-03 00:00:00+09:00,515.663818359375,515.663818359375,515.663818359375,515.663818359375,0,0.0,0.0
2003-11-04 00:00:00+09:00,530.8302520192392,545.9968306483604,530.8302520192392,537.6552124023438,35000,0.0,0.0
2003-11-05 00:00:00+09:00,545.2385308497811,545.2385308497811,517.1803588867188,517.1803588867188,25000,0.0,0.0
2003-11-06 00:00:00+09:00,530.0719565378749,530.0719565378749,501.2554553240849,508.8387451171875,40000,0.0,0.0
2003-11-07 00:00:00+09:00,508.8388560575597,538.4136926987592,508.8388560575597,515.663818359375,25000,0.0,0.0
2003-11-10 00:00:00+09:00,517.938766700634,523.2470703125,515.6637794384058,523.2470703125,28000,0.0,0.0
2003-11-11 00:00:00+09:00,519.4554660984727,519.4554660984727,447.41419707751663,462.5807800292969,48000,0.0,0.0
2003-11-12 00:00:00+09:00,447.41414149868046,458.7890772994944,440.58918001819217,453.48077392578125,37000,0.0,0.0
2003-11-13 00:00:00+09:00,453.4807879829123,510.35546875,453.4807879829123,510.35546875,27000,0.0,0.0
2003-11-14 00:00:00+09:00,513.3887397766113,515.6637268066406,485.33056640625,485.33056640625,47000,0.0,0.0
2003-11-17 00:00:00+09:00,485.33040364583337,485.33040364583337,424.6641031901042,454.99725341796875,24000,0.0,0.0
2003-11-18 00:00:00+09:00,500.49710344587055,530.8302612304688,500.49710344587055,530.8302612304688,100000,0.0,0.0
2003-11-19 00:00:00+09:00,606.6631822183099,606.6631822183099,523.2469946632923,538.41357421875,400000,0.0,0.0
2003-11-20 00:00:00+09:00,545.9970060455277,545.9970060455277,485.33067204046904,501.2555847167969,100000,0.0,0.0
2003-11-21 00:00:00+09:00,508.8388063461062,510.3554644872272,476.230656312004,477.747314453125,74000,0.0,0.0
2003-11-24 00:00:00+09:00,477.747314453125,477.747314453125,477.747314453125,477.747314453125,0,0.0,0.0
2003-11-25 00:00:00+09:00,462.5806054063499,500.49704847244413,462.5806054063499,474.7138671875,87000,0.0,0.0
2003-11-26 00:00:00+09:00,470.1640696806066,515.663818359375,466.3724239573759,515.663818359375,75000,0.0,0.0
2003-11-27 00:00:00+09:00,514.1471141344725,514.1471141344725,500.4971907503715,510.35546875,73000,0.0,0.0
2003-11-28 00:00:00+09:00,511.1137390136719,514.14705497221,502.77212012769206,511.1137390136719,31000,0.0,0.0
2003-12-01 00:00:00+09:00,500.4971976902174,523.2470703125,484.57228685461956,523.2470703125,36000,0.0,0.0
2003-12-02 00:00:00+09:00,534.6221313476562,553.5803629557292,533.1054728190104,534.6221313476562,61000,0.0,0.0
2003-12-03 00:00:00+09:00,542.20518599108,545.2385017169044,533.1052388136075,537.6552124023438,39000,0.0,0.0
2003-12-04 00:00:00+09:00,535.3801350094153,535.3801350094153,527.038518174991,528.55517578125,38000,0.0,0.0
2003-12-05 00:00:00+09:00,530.8302612304688,533.1052480643136,523.2469717843192,530.8302612304688,21000,0.0,0.0
2003-12-08 00:00:00+09:00,523.2469054730269,527.0385497155851,519.4552612304688,519.4552612304688,20000,0.0,0.0
2003-12-09 00:00:00+09:00,519.4554262463324,519.4554262463324,501.2555281004755,502.7721862792969,24000,0.0,0.0
2003-12-10 00:00:00+09:00,500.4971865699405,500.4971865699405,473.95566910032244,477.747314453125,22000,0.0,0.0
2003-12-11 00:00:00+09:00,476.98895119767843,492.9138605381415,454.9974097275152,466.3723449707031,54000,0.0,0.0
2003-12-12 00:00:00+09:00,466.3724492022381,477.74738698765856,466.3724492022381,470.92242431640625,23000,0.0,0.0
2003-12-15 00:00:00+09:00,527.0385497155851,527.0385497155851,515.6636169879106,519.4552612304688,28000,0.0,0.0
2003-12-16 00:00:00+09:00,514.9052251180013,527.7968139648438,494.43034871419275,527.7968139648438,32000,0.0,0.0
2003-12-17 00:00:00+09:00,531.5884909937679,536.8967926156743,521.7302165530846,528.55517578125,49000,0.0,0.0
2003-12-18 00:00:00+09:00,524.0052543685821,525.5219121236287,506.5636901855468,506.5636901855469,46000,0.0,0.0
2003-12-19 00:00:00+09:00,529.3135362611199,529.3135362611199,511.8719727453524,519.4552612304688,32000,0.0,0.0
2003-12-22 00:00:00+09:00,522.4886337732227,539.9301991967119,522.4886337732227,537.6552124023438,100000,0.0,0.0
2003-12-23 00:00:00+09:00,537.6552124023438,537.6552124023438,537.6552124023438,537.6552124023438,0,0.0,0.0
2003-12-24 00:00:00+09:00,545.2385998114224,553.5802195581897,538.413638200431,549.78857421875,200000,0.0,0.0
2003-12-25 00:00:00+09:00,2748.99951171875,2748.99951171875,2748.99951171875,2748.99951171875,0,0.015,5.0
2003-12-26 00:00:00+09:00,682.5101628952478,686.3018860224437,618.0508697329188,640.8012084960938,100000,0.0,0.0
2003-12-29 00:00:00+09:00,621.8425876449489,637.0094800265331,583.9253566909887,602.8839721679688,20000,0.0,0.0
2003-12-30 00:00:00+09:00,599.0923458169575,621.8426880631711,587.7171746938507,618.0509643554688,16600,0.0,0.0
2003-12-31 00:00:00+09:00,618.0509643554688,618.0509643554688,618.0509643554688,618.0509643554688,0,0.0,0.0
2004-01-01 00:00:00+09:00,618.0509643554688,618.0509643554688,618.0509643554688,618.0509643554688,0,0.0,0.0
2004-01-02 00:00:00+09:00,618.0509643554688,618.0509643554688,618.0509643554688,618.0509643554688,0,0.0,0.0
2004-01-05 00:00:00+09:00,644.5930299304781,644.5930299304781,637.0095825195312,637.0095825195312,13200,0.0,0.0
2004-01-06 00:00:00+09:00,644.5930307122725,648.3847544223447,599.0923461914062,599.0923461914062,20000,0.0,0.0
2004-01-07 00:00:00+09:00,606.6757003513314,640.8012084960938,591.5088078425481,640.8012084960938,20000,0.0,0.0
2004-01-08 00:00:00+09:00,674.9267604097407,754.5529512445977,655.9681435442985,712.843994140625,80000,0.0,0.0
2004-01-09 00:00:00+09:00,758.344795334507,822.8041029379401,743.1778994278169,807.63720703125,60000,0.0,0.0
2004-01-12 00:00:00+09:00,807.63720703125,807.63720703125,807.63720703125,807.63720703125,0,0.0,0.0
2004-01-13 00:00:00+09:00,815.2206048059248,860.7212897253253,803.8454335760747,837.970947265625,40000,0.0,0.0
2004-01-14 00:00:00+09:00,819.0123740748355,864.5130615234375,796.2620303505346,864.5130615234375,20000,0.0,0.0
2004-01-15 00:00:00+09:00,868.3045372009278,936.5555488586426,864.5128143310548,910.0134887695312,40000,0.0,0.0
2004-01-16 00:00:00+09:00,868.3047001190829,902.4302123508373,853.1378057938588,898.6384887695312,20000,0.0,0.0
2004-01-19 00:00:00+09:00,891.0549899631077,891.0549899631077,815.2205227322049,853.1377563476562,40000,0.0,0.0
2004-01-20 00:00:00+09:00,841.7625179948478,887.263194643218,822.8039027246936,879.6797485351562,20000,0.0,0.0
2004-01-21 00:00:00+09:00,875.8879791909076,910.0134848736702,849.3459192154255,891.0548706054688,19800,0.0,0.0
2004-01-22 00:00:00+09:00,891.0550665748494,891.0550665748494,841.7626586366663,845.5543823242188,7800,0.0,0.0
2004-01-23 00:00:00+09:00,834.1792748679577,834.1792748679577,781.0951391945423,807.63720703125,19000,0.0,0.0
2004-01-26 00:00:00+09:00,788.6785156249999,788.6785156249999,750.7612792968749,777.3033447265625,20000,0.0,0.0
2004-01-27 00:00:00+09:00,758.3447265625,777.3033447265625,758.3447265625,758.3447265625,13200,0.0,0.0
2004-01-28 00:00:00+09:00,758.3446467034171,834.1791113737588,758.3446467034171,811.4287719726562,20000,0.0,0.0
2004-01-29 00:00:00+09:00,815.2204560779389,815.2204560779389,758.3446103050595,796.2618408203125,40000,0.0,0.0
2004-01-30 00:00:00+09:00,784.8866914208256,784.8866914208256,758.344629392102,762.1363525390625,10600,0.0,0.0
2004-02-02 00:00:00+09:00,788.6784786483616,788.6784786483616,750.7612440979597,781.0950317382812,16000,0.0,0.0
2004-02-03 00:00:00+09:00,762.1364501953125,777.3033447265625,750.7612792968749,758.3447265625,8400,0.0,0.0
2004-02-04 00:00:00+09:00,758.3448299024471,762.1365540519594,716.6358642578125,716.6358642578125,9400,0.0,0.0
2004-02-05 00:00:00+09:00,686.3018642327725,739.385986328125,686.3018642327725,739.385986328125,12800,0.0,0.0
2004-02-06 00:00:00+09:00,720.4274547343351,743.1777954101562,720.4274547343351,743.1777954101562,4200,0.0,0.0
2004-02-09 00:00:00+09:00,750.7611520867599,758.3445980674343,720.4273681640625,720.4273681640625,7600,0.0,0.0
2004-02-10 00:00:00+09:00,701.4688356461063,705.2605590820312,690.0936653383317,705.2605590820312,12600,0.0,0.0
2004-02-11 00:00:00+09:00,705.2605590820312,705.2605590820312,705.2605590820312,705.2605590820312,0,0.0,0.0
2004-02-12 00:00:00+09:00,720.4275029083419,720.4275029083419,693.8854370117188,693.8854370117188,6600,0.0,0.0
2004-02-13 00:00:00+09:00,693.8854005233101,705.2605710236923,693.8854005233101,697.6771240234375,6600,0.0,0.0
2004-02-16 00:00:00+09:00,697.6771607112364,697.6771607112364,690.0937133122012,693.8854370117188,6800,0.0,0.0
2004-02-17 00:00:00+09:00,690.0936643484548,693.8853877789408,682.5102174874828,686.3019409179688,11800,0.0,0.0
2004-02-18 00:00:00+09:00,686.3018911351039,686.3018911351039,674.9267216687762,678.7184448242188,10000,0.0,0.0
2004-02-19 00:00:00+09:00,625.634449146412,640.8013448832947,606.6758294753085,614.25927734375,60000,0.0,0.0
2004-02-20 00:00:00+09:00,618.0510012779706,629.4261730806327,606.6758294753085,614.25927734375,40000,0.0,0.0
2004-02-23 00:00:00+09:00,693.8854125305846,728.0109246222528,690.0936889648438,690.0936889648438,180000,0.0,0.0
2004-02-24 00:00:00+09:00,663.5516484578451,667.3433721633185,614.2592402866909,637.0095825195312,140000,0.0,0.0
2004-02-25 00:00:00+09:00,640.8012939453125,644.593017578125,610.4675048828125,644.593017578125,100000,0.0,0.0
2004-02-26 00:00:00+09:00,644.5930299304781,648.3847536359515,625.634411403111,637.0095825195312,40000,0.0,0.0
2004-02-27 00:00:00+09:00,644.593005513036,663.5516233222429,633.2178348275118,652.1764526367188,60000,0.0,0.0
2004-03-01 00:00:00+09:00,667.3433136635639,720.4274408868018,667.3433136635639,712.843994140625,240000,0.0,0.0
2004-03-02 00:00:00+09:00,743.17783203125,750.7612792968749,697.6771484374999,701.4688720703125,180000,0.0,0.0
2004-03-03 00:00:00+09:00,705.260595703125,735.5943847656249,701.4688720703125,701.4688720703125,100000,0.0,0.0
2004-03-04 00:00:00+09:00,712.8441401083003,716.6358642578125,697.6772435102514,716.6358642578125,80000,0.0,0.0
2004-03-05 00:00:00+09:00,720.4275884073247,731.8027608558615,705.2606918092758,716.6358642578125,120000,0.0,0.0
2004-03-08 00:00:00+09:00,728.0108141447369,731.8025371350741,709.052199193051,720.4273681640625,60000,0.0,0.0
2004-03-09 00:00:00+09:00,724.2193125568369,724.2193125568369,705.2606918092758,716.6358642578125,80000,0.0,0.0
2004-03-10 00:00:00+09:00,716.6356617320668,750.7611694335938,709.0522155761719,750.7611694335938,140000,0.0,0.0
2004-03-11 00:00:00+09:00,743.177820745504,826.5957394006117,735.5943735950398,803.8453979492188,320000,0.0,0.0
2004-03-12 00:00:00+09:00,815.2206549845951,826.5958269146126,781.0951391945423,807.63720703125,160000,0.0,0.0
2004-03-15 00:00:00+09:00,822.8038688942238,826.595591792354,803.8452544035736,819.0121459960938,60000,0.0,0.0
2004-03-16 00:00:00+09:00,811.4288949190715,815.2206187271045,792.4702758789061,792.4702758789062,40000,0.0,0.0
2004-03-17 00:00:00+09:00,796.2619507987544,811.428845099683,784.8867800730579,803.8453979492188,80000,0.0,0.0
2004-03-18 00:00:00+09:00,819.0122184396904,864.5128972418954,800.053602272105,811.4287719726562,120000,0.0,0.0
2004-03-19 00:00:00+09:00,800.0536989065316,803.8454225980319,781.0950804490309,788.6785278320312,40000,0.0,0.0
2004-03-22 00:00:00+09:00,788.678414567786,788.678414567786,762.1363525390625,762.1363525390625,60000,0.0,0.0
2004-03-23 00:00:00+09:00,754.5529675529998,781.0950317382812,735.5943502777989,781.0950317382812,60000,0.0,0.0
2004-03-24 00:00:00+09:00,781.0949820724188,781.0949820724188,750.7611963608686,773.5115356445312,60000,0.0,0.0
2004-03-25 00:00:00+09:00,754.5530510326423,769.7199465307859,750.7613271581064,765.92822265625,40000,0.0,0.0
2004-03-26 00:00:00+09:00,784.8868420289294,784.8868420289294,762.1364987817141,765.92822265625,40000,0.0,0.0
2004-03-29 00:00:00+09:00,769.7199330307079,796.2619996869392,769.7199330307079,792.4702758789062,40000,0.0,0.0
2004-03-30 00:00:00+09:00,815.2204952061734,815.2204952061734,788.6784325715537,811.4287719726562,40000,0.0,0.0
2004-03-31 00:00:00+09:00,819.0124377329415,826.5958862304688,811.4289892354143,826.5958862304688,60000,0.0,0.0
2004-04-01 00:00:00+09:00,830.3876017951147,902.4303617682068,830.3876017951147,883.4717407226562,220000,0.0,0.0
2004-04-02 00:00:00+09:00,913.8054387709674,1031.348876953125,910.0137149586396,1031.348876953125,380000,0.0,0.0
2004-04-05 00:00:00+09:00,1061.6826665444494,1114.766799871672,1031.348876071751,1050.3074951171875,320000,0.0,0.0
2004-04-06 00:00:00+09:00,1092.0166015625,1095.808325873481,951.7228020562067,1023.7655639648438,180000,0.0,0.0
2004-04-07 00:00:00+09:00,1008.5982989971455,1008.5982989971455,966.8893467829778,985.8479614257812,80000,0.0,0.0
2004-04-08 00:00:00+09:00,955.5144486860796,1001.01513671875,951.722724683357,1001.01513671875,80000,0.0,0.0
2004-04-09 00:00:00+09:00,978.2647615393814,978.2647615393814,913.8054555464764,928.9723510742188,100000,0.0,0.0
2004-04-12 00:00:00+09:00,947.9310433363122,1042.7241476699435,947.9310433363122,1027.5572509765625,100000,0.0,0.0
2004-04-13 00:00:00+09:00,1099.5999532350352,1167.850984815141,1038.9323696082747,1076.849609375,400000,0.0,0.0
2004-04-14 00:00:00+09:00,1076.849609375,1118.5585731183978,1061.6827134683099,1076.849609375,140000,0.0,0.0
2004-04-15 00:00:00+09:00,1080.6414286295574,1118.5586717393664,974.473147922092,1023.7655639648438,120000,0.0,0.0
2004-04-16 00:00:00+09:00,1061.682591775093,1061.682591775093,1012.3901857283922,1019.9736328125,40000,0.0,0.0
2004-04-19 00:00:00+09:00,1023.7653429754849,1035.1405134529903,966.889490587958,989.6398315429688,40000,0.0,0.0
2004-04-20 00:00:00+09:00,970.6810867537314,1019.9734856904444,966.8893637585996,1016.1817626953125,20000,0.0,0.0
2004-04-21 00:00:00+09:00,1016.1819835400764,1016.1819835400764,985.8481929866413,993.431640625,20000,0.0,0.0
2004-04-22 00:00:00+09:00,1001.0150882633588,1016.1819835400764,989.6399168058207,993.431640625,20000,0.0,0.0
2004-04-23 00:00:00+09:00,1012.3901724979796,1016.1818959904814,989.6398315429688,989.6398315429688,20000,0.0,0.0
2004-04-26 00:00:00+09:00,1008.5984630516353,1080.6412104124665,1001.0150159610215,1057.890869140625,120000,0.0,0.0
2004-04-27 00:00:00+09:00,1057.8909684065934,1057.8909684065934,1001.0151098901099,1035.140625,60000,0.0,0.0
2004-04-28 00:00:00+09:00,1046.5157967032967,1050.3075206043957,1019.9737293956044,1035.140625,20000,0.0,0.0
2004-04-29 00:00:00+09:00,1035.140625,1035.140625,1035.140625,1035.140625,0,0.0,0.0
2004-04-30 00:00:00+09:00,1019.973802629872,1027.5572509765625,1001.0151817631457,1027.5572509765625,40000,0.0,0.0
2004-05-03 00:00:00+09:00,1027.5572509765625,1027.5572509765625,1027.5572509765625,1027.5572509765625,0,0.0,0.0
2004-05-04 00:00:00+09:00,1027.5572509765625,1027.5572509765625,1027.5572509765625,1027.5572509765625,0,0.0,0.0
2004-05-05 00:00:00+09:00,1027.5572509765625,1027.5572509765625,1027.5572509765625,1027.5572509765625,0,0.0,0.0
2004-05-06 00:00:00+09:00,1042.723881236294,1080.64111328125,1031.348711622807,1080.64111328125,80000,0.0,0.0
2004-05-07 00:00:00+09:00,1103.39162844441,1107.1833522534973,1050.3074951171875,1050.3074951171875,60000,0.0,0.0
2004-05-10 00:00:00+09:00,1023.7653669526305,1023.7653669526305,898.6384887695312,898.6384887695312,80000,0.0,0.0
2004-05-11 00:00:00+09:00,807.6371852761448,891.0551105159344,750.7613271581064,765.92822265625,100000,0.0,0.0
2004-05-12 00:00:00+09:00,891.0550418570023,917.5971069335938,860.7212531980405,917.5971069335938,40000,0.0,0.0
2004-05-13 00:00:00+09:00,887.2634887695312,925.1807318793403,868.3048672146267,887.2634887695312,20000,0.0,0.0
2004-05-14 00:00:00+09:00,872.0963361621958,902.4301217678375,803.8453185495023,856.929443359375,20000,0.0,0.0
2004-05-17 00:00:00+09:00,811.4288152879284,815.2205387238533,705.2605590820312,705.2605590820312,80000,0.0,0.0
2004-05-18 00:00:00+09:00,682.5103422385364,754.5531005859375,682.5103422385364,754.5531005859375,60000,0.0,0.0
2004-05-19 00:00:00+09:00,788.6784592013889,853.1377563476562,788.6784592013889,853.1377563476562,40000,0.0,0.0
2004-05-20 00:00:00+09:00,883.4716321850254,883.4716321850254,826.5957760357749,837.970947265625,40000,0.0,0.0
2004-05-21 00:00:00+09:00,826.5956928168403,875.8880965169271,826.5956928168403,853.1377563476562,20000,0.0,0.0
2004-05-24 00:00:00+09:00,872.0964965820312,883.4716682765794,856.9296009893003,872.0964965820312,20000,0.0,0.0
2004-05-25 00:00:00+09:00,860.7210978755245,860.7210978755245,815.2204230979637,819.0121459960938,40000,0.0,0.0
2004-05-26 00:00:00+09:00,837.9710589767597,860.7214044693413,815.220713484178,826.5958862304688,20000,0.0,0.0
2004-05-27 00:00:00+09:00,830.3873881402417,834.1791113737588,811.4287719726562,811.4287719726562,20000,0.0,0.0
2004-05-28 00:00:00+09:00,807.6372547238373,834.1793241279071,807.6372547238373,815.220703125,20000,0.0,0.0
2004-05-31 00:00:00+09:00,819.0122922501474,826.5957394006117,788.6785036482901,803.8453979492188,20000,0.0,0.0
2004-06-01 00:00:00+09:00,807.6368821667087,826.5954944241431,800.0534372637348,822.8037719726562,20000,0.0,0.0
2004-06-02 00:00:00+09:00,837.970947265625,845.5543947521918,826.5957760357749,837.970947265625,20000,0.0,0.0
2004-06-03 00:00:00+09:00,853.1379559718141,853.1379559718141,815.220713484178,826.5958862304688,20000,0.0,0.0
2004-06-04 00:00:00+09:00,811.4287719726562,819.0122184396904,800.053602272105,811.4287719726562,20000,0.0,0.0
2004-06-07 00:00:00+09:00,819.0124273255815,819.0124273255815,800.0538063226745,815.220703125,20000,0.0,0.0
2004-06-08 00:00:00+09:00,815.2205214066939,834.1791381835938,815.2205214066939,834.1791381835938,20000,0.0,0.0
2004-06-09 00:00:00+09:00,830.3874161783855,856.9294797092014,819.01224609375,853.1377563476562,40000,0.0,0.0
2004-06-10 00:00:00+09:00,841.7625122070312,845.5542352349909,826.5956200951929,841.7625122070312,20000,0.0,0.0
2004-06-11 00:00:00+09:00,845.554309624566,856.9294797092014,837.9708629014757,853.1377563476562,20000,0.0,0.0
2004-06-14 00:00:00+09:00,864.5131196771057,917.5972586046473,864.5131196771057,883.4717407226562,80000,0.0,0.0
2004-06-15 00:00:00+09:00,887.2632651589134,894.8467118696733,822.8039681174539,834.1791381835938,100000,0.0,0.0
2004-06-16 00:00:00+09:00,853.1377563476562,875.8880965169271,845.554309624566,853.1377563476562,80000,0.0,0.0
2004-06-17 00:00:00+09:00,856.9294797092014,864.5129264322917,845.554309624566,853.1377563476562,60000,0.0,0.0
2004-06-18 00:00:00+09:00,894.8468361367985,993.4316570671238,894.8468361367985,928.9723510742188,320000,0.0,0.0
2004-06-21 00:00:00+09:00,982.056433909224,982.056433909224,913.8054076143744,921.3888549804688,120000,0.0,0.0
2004-06-22 00:00:00+09:00,921.3890075683594,921.3890075683594,879.6800401475695,887.2634887695312,40000,0.0,0.0
2004-06-23 00:00:00+09:00,894.846675366427,894.846675366427,853.1377201586698,856.929443359375,40000,0.0,0.0
2004-06-24 00:00:00+09:00,853.1378296993239,856.9295533868765,837.9709349491137,845.5543823242188,60000,0.0,0.0
2004-06-25 00:00:00+09:00,856.9295896286482,872.0964850203056,841.7626942369907,860.7213134765625,40000,0.0,0.0
2004-06-28 00:00:00+09:00,860.7212030707466,860.7212030707466,845.554309624566,853.1377563476562,80000,0.0,0.0
2004-06-29 00:00:00+09:00,860.7211799455002,883.471519503531,856.9294566858284,868.3046264648438,80000,0.0,0.0
2004-06-30 00:00:00+09:00,891.0549176972488,891.0549176972488,853.1376871569404,879.6797485351562,100000,0.0,0.0
2004-07-01 00:00:00+09:00,887.2634649317664,921.3889828137574,864.5131196771057,883.4717407226562,140000,0.0,0.0
2004-07-02 00:00:00+09:00,875.8880360921224,959.3059442913722,868.3045898921906,955.5142211914062,260000,0.0,0.0
2004-07-05 00:00:00+09:00,951.7226067214716,963.0977773197362,906.2219243284133,925.1805419921875,180000,0.0,0.0
2004-07-06 00:00:00+09:00,928.9721482375572,940.3473173996498,856.9294102109712,879.6797485351562,100000,0.0,0.0
2004-07-07 00:00:00+09:00,834.1791171277976,868.3046264648438,826.5956706084539,868.3046264648438,80000,0.0,0.0
2004-07-08 00:00:00+09:00,864.5128207736545,868.3045436717846,819.0121459960938,819.0121459960938,80000,0.0,0.0
2004-07-09 00:00:00+09:00,837.9709349491137,853.1378296993239,826.595763886456,845.5543823242188,20000,0.0,0.0
2004-07-12 00:00:00+09:00,856.9296136153372,883.4716812936883,853.1378896612871,864.5130615234375,40000,0.0,0.0
2004-07-13 00:00:00+09:00,879.6797020445479,898.6383163127493,872.0962563372673,891.0548706054688,40000,0.0,0.0
2004-07-14 00:00:00+09:00,906.2218449685427,906.2218449685427,856.929443359375,856.929443359375,60000,0.0,0.0
2004-07-15 00:00:00+09:00,864.5127189390121,864.5127189390121,815.2203270696825,822.8037719726562,40000,0.0,0.0
2004-07-16 00:00:00+09:00,811.4286046181955,841.7623842300908,792.4699923607611,822.8037719726562,40000,0.0,0.0
2004-07-19 00:00:00+09:00,822.8037719726562,822.8037719726562,822.8037719726562,822.8037719726562,0,0.0,0.0
2004-07-20 00:00:00+09:00,834.1793241279071,834.1793241279071,796.262082122093,815.220703125,20000,0.0,0.0
2004-07-21 00:00:00+09:00,822.803943651452,830.3873901367188,819.0122204088185,830.3873901367188,20000,0.0,0.0
2004-07-22 00:00:00+09:00,826.5958757267442,826.5958757267442,803.8455305232559,815.220703125,20000,0.0,0.0
2004-07-23 00:00:00+09:00,822.8039416732075,822.8039416732075,803.8453255056221,811.4287719726562,17000,0.0,0.0
2004-07-26 00:00:00+09:00,803.8454225980319,822.8040410555326,781.0950804490309,788.6785278320312,40000,0.0,0.0
2004-07-27 00:00:00+09:00,762.1365540519594,777.3034506500082,690.0937952112268,716.6358642578125,60000,0.0,0.0
2004-07-28 00:00:00+09:00,735.5944328501745,773.5116716568845,724.2192612081615,746.9696044921875,40000,0.0,0.0
2004-07-29 00:00:00+09:00,769.7198447369515,769.7198447369515,705.2605473944482,712.843994140625,20000,0.0,0.0
2004-07-30 00:00:00+09:00,720.4275385538737,731.8027102152506,709.0523668924967,728.010986328125,18000,0.0,0.0
2004-08-02 00:00:00+09:00,728.0110367063493,728.0110367063493,709.0524159587881,716.6358642578125,15600,0.0,0.0
2004-08-03 00:00:00+09:00,716.6358325195313,716.6358325195313,659.7599727957589,663.5516967773438,40000,0.0,0.0
2004-08-04 00:00:00+09:00,618.0508743371378,678.7184448242188,583.9253659381546,678.7184448242188,60000,0.0,0.0
2004-08-05 00:00:00+09:00,690.0937760599543,693.8855001042398,633.2179153956723,674.9268798828125,20000,0.0,0.0
2004-08-06 00:00:00+09:00,629.4259689955684,667.3431960434942,614.259078176398,648.3845825195312,20000,0.0,0.0
2004-08-09 00:00:00+09:00,618.0509521484374,663.5516357421875,614.259228515625,644.593017578125,19200,0.0,0.0
2004-08-10 00:00:00+09:00,652.1764763170253,701.468884410754,652.1764763170253,693.8854370117188,20000,0.0,0.0
2004-08-11 00:00:00+09:00,724.2192010565119,728.0109246222528,690.0936889648438,690.0936889648438,40000,0.0,0.0
2004-08-12 00:00:00+09:00,682.5101928710938,693.8853627522786,674.9267462836372,682.5101928710938,14400,0.0,0.0
2004-08-13 00:00:00+09:00,678.7184448242188,686.3018911351039,663.5515522024485,678.7184448242188,18600,0.0,0.0
2004-08-16 00:00:00+09:00,682.5101655105065,682.5101655105065,644.5929340932561,659.7598266601562,13400,0.0,0.0
2004-08-17 00:00:00+09:00,674.9267166408562,678.718439768052,640.8012084960938,640.8012084960938,18200,0.0,0.0
2004-08-18 00:00:00+09:00,644.5928598147387,652.1763052243239,625.6342462907758,648.3845825195312,13600,0.0,0.0
2004-08-19 00:00:00+09:00,659.7599004389166,701.4688596620665,644.593006175953,690.0936889648438,40000,0.0,0.0
2004-08-20 00:00:00+09:00,655.9681298149957,682.5101928710938,648.3846832275391,682.5101928710938,20000,0.0,0.0
2004-08-23 00:00:00+09:00,686.3018911351039,690.0936142905465,674.9267216687762,678.7184448242188,10200,0.0,0.0
2004-08-24 00:00:00+09:00,674.9268687220982,678.718592703683,663.5516967773438,663.5516967773438,11600,0.0,0.0
2004-08-25 00:00:00+09:00,674.9267940077671,674.9267940077671,652.1764526367188,652.1764526367188,18400,0.0,0.0
2004-08-26 00:00:00+09:00,663.5515993291682,671.1350461786444,659.75987590443,667.3433227539062,20000,0.0,0.0
2004-08-27 00:00:00+09:00,655.9681035184312,663.5515498018813,644.5929340932561,659.7598266601562,20000,0.0,0.0
2004-08-30 00:00:00+09:00,655.9682488141741,663.5516967773438,644.5930768694196,663.5516967773438,40000,0.0,0.0
2004-08-31 00:00:00+09:00,671.1350229899089,705.2605326334635,667.3432996961806,682.5101928710938,120000,0.0,0.0
2004-09-01 00:00:00+09:00,693.8854005233101,709.0522945238196,682.510230022928,697.6771240234375,60000,0.0,0.0
2004-09-02 00:00:00+09:00,697.6771360963256,705.2605832278074,671.1350711361392,690.0936889648438,40000,0.0,0.0
2004-09-03 00:00:00+09:00,697.6771112094268,701.4688346399129,682.5102174874828,686.3019409179688,20000,0.0,0.0
2004-09-06 00:00:00+09:00,686.3019653991029,693.8854125305846,682.510241833362,690.0936889648438,20000,0.0,0.0
2004-09-07 00:00:00+09:00,693.8853627522786,693.8853627522786,674.9267462836372,682.5101928710938,20000,0.0,0.0
2004-09-08 00:00:00+09:00,674.9267329846398,682.5101794226695,671.135009765625,671.135009765625,17800,0.0,0.0
2004-09-09 00:00:00+09:00,663.5515498018813,674.9267192270564,659.7598266601562,659.7598266601562,20000,0.0,0.0
2004-09-10 00:00:00+09:00,648.3847532768469,655.9682006835938,648.3847532768469,655.9682006835938,20000,0.0,0.0
2004-09-13 00:00:00+09:00,655.9681035184312,659.7598266601562,648.3846572349811,659.7598266601562,13400,0.0,0.0
2004-09-14 00:00:00+09:00,659.7598266601562,659.7598266601562,652.1763803767061,659.7598266601562,12800,0.0,0.0
2004-09-15 00:00:00+09:00,659.7599121093749,659.7599121093749,637.0095703124999,644.593017578125,20000,0.0,0.0
2004-09-16 00:00:00+09:00,625.6342520364901,644.5928657345655,614.2590838176449,621.842529296875,20000,0.0,0.0
2004-09-17 00:00:00+09:00,640.8013448832947,640.8013448832947,610.4675534095293,614.25927734375,18200,0.0,0.0
2004-09-20 00:00:00+09:00,614.25927734375,614.25927734375,614.25927734375,614.25927734375,0,0.0,0.0
2004-09-21 00:00:00+09:00,606.6758062900641,610.4675300793771,587.7171873434996,591.5089111328125,20000,0.0,0.0
2004-09-22 00:00:00+09:00,583.9254517399409,602.8840703029259,580.1337280273438,580.1337280273438,20000,0.0,0.0
2004-09-23 00:00:00+09:00,580.1337280273438,580.1337280273438,580.1337280273438,580.1337280273438,0,0.0,0.0
2004-09-24 00:00:00+09:00,580.133752203607,587.7171999448306,568.7585805917715,583.9254760742188,20000,0.0,0.0
2004-09-27 00:00:00+09:00,583.9253868689904,583.9253868689904,538.4247073727054,542.2164306640625,20000,0.0,0.0
2004-09-28 00:00:00+09:00,542.2165764702692,542.2165764702692,492.9241604275174,511.8827819824219,40000,0.0,0.0
2004-09-29 00:00:00+09:00,504.2991722954644,504.2991722954644,466.38194129580546,477.7571105957031,60000,0.0,0.0
2004-09-30 00:00:00+09:00,489.1322400323276,549.7998046875,489.1322400323276,549.7998046875,40000,0.0,0.0
2004-10-01 00:00:00+09:00,549.7998046875,561.1749730603449,527.0494679418103,549.7998046875,40000,0.0,0.0
2004-10-04 00:00:00+09:00,572.5502685546875,580.1337158203124,553.591650390625,568.758544921875,20000,0.0,0.0
2004-10-05 00:00:00+09:00,580.133639588648,580.133639588648,549.7998545121173,557.38330078125,20000,0.0,0.0
2004-10-06 00:00:00+09:00,549.7998545121173,557.38330078125,546.0081313775511,557.38330078125,12200,0.0,0.0
2004-10-07 00:00:00+09:00,564.9668462047838,564.9668462047838,549.7999510046554,553.5916748046875,8600,0.0,0.0
2004-10-08 00:00:00+09:00,542.2165034045912,553.5916748046875,534.633055804527,553.5916748046875,14600,0.0,0.0
2004-10-11 00:00:00+09:00,553.5916748046875,553.5916748046875,553.5916748046875,553.5916748046875,0,0.0,0.0
2004-10-12 00:00:00+09:00,546.00830078125,553.5917494032118,534.6331278483073,546.00830078125,15000,0.0,0.0
2004-10-13 00:00:00+09:00,538.4248046875,546.0082526408451,530.8413567341549,538.4248046875,17000,0.0,0.0
2004-10-14 00:00:00+09:00,530.841233747719,530.841233747719,519.466064453125,519.466064453125,12800,0.0,0.0
2004-10-15 00:00:00+09:00,504.2993333604601,511.8827819824219,496.7158847384983,511.8827819824219,20000,0.0,0.0
2004-10-18 00:00:00+09:00,523.2578861012178,523.2578861012178,504.2992670395795,515.6744384765625,7200,0.0,0.0
2004-10-19 00:00:00+09:00,511.88260434278806,511.88260434278806,504.2991583525245,508.09088134765625,4200,0.0,0.0
2004-10-20 00:00:00+09:00,500.50742657001206,504.2991494985728,489.13225778432997,492.9239807128906,18600,0.0,0.0
2004-10-21 00:00:00+09:00,492.92402267456055,492.92402267456055,481.5488529205322,485.340576171875,13800,0.0,0.0
2004-10-22 00:00:00+09:00,481.54890737607496,489.1323547363281,473.96546001582186,489.1323547363281,17200,0.0,0.0
2004-10-25 00:00:00+09:00,473.9654294906124,473.9654294906124,462.5902591828377,470.1737060546875,15600,0.0,0.0
2004-10-26 00:00:00+09:00,462.59023666381836,500.5074691772461,462.59023666381836,485.340576171875,20000,0.0,0.0
2004-10-27 00:00:00+09:00,492.92402626811594,534.6329823369565,492.92402626811594,523.2578125,40000,0.0,0.0
2004-10-28 00:00:00+09:00,519.4662306043837,530.8414035373264,500.5076090494792,511.8827819824219,40000,0.0,0.0
2004-10-29 00:00:00+09:00,511.88259535569415,519.4660412128155,492.9239807128907,492.9239807128906,20000,0.0,0.0
2004-11-01 00:00:00+09:00,492.92407841645473,496.7158020965813,470.17373633569525,489.1323547363281,20000,0.0,0.0
2004-11-02 00:00:00+09:00,473.96544208676795,481.54888916015625,470.17371855007383,481.54888916015625,12200,0.0,0.0
2004-11-03 00:00:00+09:00,481.54888916015625,481.54888916015625,481.54888916015625,481.54888916015625,0,0.0,0.0
2004-11-04 00:00:00+09:00,492.92407841645473,496.7158020965813,485.3406310562016,489.1323547363281,20000,0.0,0.0
2004-11-05 00:00:00+09:00,492.92407841645473,500.50752577670784,485.3406310562016,489.1323547363281,17200,0.0,0.0
2004-11-08 00:00:00+09:00,492.92412035392994,504.29929236209756,489.1323963512074,500.507568359375,20000,0.0,0.0
2004-11-09 00:00:00+09:00,492.9240841973097,508.09097909568845,492.9240841973097,504.29925537109375,16600,0.0,0.0
2004-11-10 00:00:00+09:00,508.0909908519072,515.6744384765625,496.71581941492417,515.6744384765625,20000,0.0,0.0
2004-11-11 00:00:00+09:00,519.4662306043837,549.800025092231,519.4662306043837,546.00830078125,100000,0.0,0.0
2004-11-12 00:00:00+09:00,549.7999623957896,564.9668579101562,546.008238517198,564.9668579101562,40000,0.0,0.0
2004-11-15 00:00:00+09:00,587.7171754525378,595.3006228777318,576.3420043147468,580.1337280273438,40000,0.0,0.0
2004-11-16 00:00:00+09:00,583.9254652049443,583.9254652049443,546.0082272046233,553.5916748046875,20000,0.0,0.0
2004-11-17 00:00:00+09:00,534.6329840813484,549.7998772467766,534.6329840813484,542.2164306640625,20000,0.0,0.0
2004-11-18 00:00:00+09:00,553.5916247470774,553.5916247470774,523.2578370897032,527.049560546875,20000,0.0,0.0
2004-11-19 00:00:00+09:00,523.2578125,527.0495357789855,519.4660892210145,523.2578125,14000,0.0,0.0
2004-11-22 00:00:00+09:00,515.6744265448779,523.2578739940673,477.75718929893094,504.29925537109375,20000,0.0,0.0
2004-11-23 00:00:00+09:00,504.29925537109375,504.29925537109375,504.29925537109375,504.29925537109375,0,0.0,0.0
2004-11-24 00:00:00+09:00,515.6744265448779,515.6744265448779,496.7158079219044,504.29925537109375,8000,0.0,0.0
2004-11-25 00:00:00+09:00,511.88260434278806,511.88260434278806,500.50743535739275,508.09088134765625,11600,0.0,0.0
2004-11-26 00:00:00+09:00,508.09088134765625,508.09088134765625,496.715712362261,508.09088134765625,8800,0.0,0.0
2004-11-29 00:00:00+09:00,511.882666718188,527.049560546875,504.29921980384444,527.049560546875,15400,0.0,0.0
2004-11-30 00:00:00+09:00,534.6329092843192,546.0080775669643,515.6742954799107,530.8411865234375,40000,0.0,0.0
2004-12-01 00:00:00+09:00,534.6329092843192,538.424632045201,519.4660182407924,530.8411865234375,14000,0.0,0.0
2004-12-02 00:00:00+09:00,538.4249033826462,538.4249033826462,527.04972936752,534.6331787109375,20000,0.0,0.0
2004-12-03 00:00:00+09:00,534.6329092843192,534.6329092843192,511.88257271902904,530.8411865234375,20000,0.0,0.0
2004-12-06 00:00:00+09:00,530.841233747719,530.841233747719,511.882618256729,519.466064453125,18800,0.0,0.0
2004-12-07 00:00:00+09:00,515.6745062934028,523.2579549153646,508.091057671441,511.8827819824219,19600,0.0,0.0
2004-12-08 00:00:00+09:00,500.5075316464991,508.09097909568845,496.7158079219044,504.29925537109375,17000,0.0,0.0
2004-12-09 00:00:00+09:00,511.88259535569415,511.88259535569415,492.9239807128907,492.9239807128906,20000,0.0,0.0
2004-12-10 00:00:00+09:00,492.92409649332063,500.5075441316794,489.13237267414127,496.7158203125,14200,0.0,0.0
2004-12-13 00:00:00+09:00,492.92407841645473,504.29924945683445,489.1323547363281,489.1323547363281,18800,0.0,0.0
2004-12-14 00:00:00+09:00,489.13233623354455,492.92405977023867,477.75716562346213,481.54888916015625,20000,0.0,0.0
2004-12-15 00:00:00+09:00,492.92402267456055,492.92402267456055,481.5488529205322,485.340576171875,15200,0.0,0.0
2004-12-16 00:00:00+09:00,489.1322994232178,489.1322994232178,477.75712966918945,485.340576171875,9000,0.0,0.0
2004-12-17 00:00:00+09:00,477.7570889986479,496.71570364145134,477.7570889986479,492.9239807128906,20000,0.0,0.0
2004-12-20 00:00:00+09:00,492.92407841645473,492.92407841645473,485.3406310562016,489.1323547363281,20000,0.0,0.0
2004-12-21 00:00:00+09:00,500.50743535739275,515.6743273379197,492.9239893671292,508.09088134765625,80000,0.0,0.0
2004-12-22 00:00:00+09:00,515.674439408397,515.674439408397,485.34064885496184,496.7158203125,40000,0.0,0.0
2004-12-23 00:00:00+09:00,496.7158203125,496.7158203125,496.7158203125,496.7158203125,0,0.0,0.0
2004-12-24 00:00:00+09:00,492.92402267456055,496.7157459259033,481.5488529205322,485.340576171875,40000,0.0,0.0
2004-12-27 00:00:00+09:00,495.2454838790293,495.2454838790293,483.8167419433594,483.8167419433594,40000,3.0,0.0
2004-12-28 00:00:00+09:00,480.00704251802887,499.05494103064905,480.00704251802887,495.245361328125,40000,0.0,0.0
2004-12-29 00:00:00+09:00,502.86470479176455,506.6742858886719,495.24554259794996,506.6742858886719,40000,0.0,0.0
2004-12-30 00:00:00+09:00,506.6742448949102,510.48382568359375,502.86466410622666,510.48382568359375,20000,0.0,0.0
2004-12-31 00:00:00+09:00,510.48382568359375,510.48382568359375,510.48382568359375,510.48382568359375,0,0.0,0.0
2005-01-03 00:00:00+09:00,510.48382568359375,510.48382568359375,510.48382568359375,510.48382568359375,0,0.0,0.0
2005-01-04 00:00:00+09:00,514.2934064722773,514.2934064722773,499.0550833175431,510.48382568359375,20000,0.0,0.0
2005-01-05 00:00:00+09:00,502.8648240109707,548.5798080119681,499.05524201088764,537.1510620117188,80000,0.0,0.0
2005-01-06 00:00:00+09:00,552.3892396248427,571.4371444394925,537.150915773123,567.6275634765625,140000,0.0,0.0
2005-01-07 00:00:00+09:00,575.2466739963841,579.0562546188767,544.7700290164432,563.8179321289062,120000,0.0,0.0
2005-01-10 00:00:00+09:00,563.8179321289062,563.8179321289062,563.8179321289062,563.8179321289062,0,0.0,0.0
2005-01-11 00:00:00+09:00,567.6275232016635,567.6275232016635,556.1987811237776,560.0083618164062,60000,0.0,0.0
2005-01-12 00:00:00+09:00,560.0085182189941,563.8180999755859,544.770191192627,548.5797729492188,80000,0.0,0.0
2005-01-13 00:00:00+09:00,548.5798080119681,556.1989720121343,533.3414800116357,537.1510620117188,60000,0.0,0.0
2005-01-14 00:00:00+09:00,533.3414459228516,556.1989364624023,525.722282409668,548.5797729492188,40000,0.0,0.0
2005-01-17 00:00:00+09:00,563.8179117838541,579.0562337239584,556.1987508138021,571.4370727539062,120000,0.0,0.0
2005-01-18 00:00:00+09:00,601.9138001280945,617.1521241819704,586.6754760742188,586.6754760742188,220000,0.0,0.0
2005-01-19 00:00:00+09:00,582.8658950607498,594.2946381011567,582.8658950607498,586.6754760742188,80000,0.0,0.0
2005-01-20 00:00:00+09:00,586.6754977577611,586.6754977577611,571.4371731406765,579.0563354492188,60000,0.0,0.0
2005-01-21 00:00:00+09:00,571.437162511489,582.8659057617188,563.8180003446691,582.8659057617188,20000,0.0,0.0
2005-01-24 00:00:00+09:00,590.4849751790365,666.6765848795573,590.4849751790365,662.8670043945312,400000,0.0,0.0
2005-01-25 00:00:00+09:00,655.2478951899964,662.867056761973,628.5808296880779,643.8191528320312,120000,0.0,0.0
2005-01-26 00:00:00+09:00,647.6287841796875,655.2479463465073,617.1521355124081,647.6287841796875,60000,0.0,0.0
2005-01-27 00:00:00+09:00,640.0096038450678,640.0096038450678,624.7712799439947,632.3904418945312,60000,0.0,0.0
2005-01-28 00:00:00+09:00,624.771240234375,624.771240234375,617.1520787681021,624.771240234375,40000,0.0,0.0
2005-01-31 00:00:00+09:00,640.0095825195312,659.057486761184,636.2000016712008,640.0095825195312,40000,0.0,0.0
2005-02-01 00:00:00+09:00,651.4383438465208,659.0575057628542,647.6287628883539,655.2479248046875,60000,0.0,0.0
2005-02-02 00:00:00+09:00,666.6765848795573,666.6765848795573,651.4382629394531,662.8670043945312,60000,0.0,0.0
2005-02-03 00:00:00+09:00,666.6765848795573,674.2957458496094,651.4382629394531,662.8670043945312,60000,0.0,0.0
2005-02-04 00:00:00+09:00,659.0574344475112,662.8670149934505,632.3903706259356,636.199951171875,80000,0.0,0.0
2005-02-07 00:00:00+09:00,636.2000016712008,651.4383250645229,632.3904208228702,640.0095825195312,40000,0.0,0.0
2005-02-08 00:00:00+09:00,643.8191633678618,647.6287442161923,636.2000016712008,640.0095825195312,20000,0.0,0.0
2005-02-09 00:00:00+09:00,628.580860919263,640.0096038450678,624.7712799439947,632.3904418945312,40000,0.0,0.0
2005-02-10 00:00:00+09:00,636.1999912600546,643.8191528320312,628.5808296880779,643.8191528320312,20000,0.0,0.0
2005-02-11 00:00:00+09:00,643.8191528320312,643.8191528320312,643.8191528320312,643.8191528320312,0,0.0,0.0
2005-02-14 00:00:00+09:00,643.8191528320312,647.6287336180196,636.1999912600546,643.8191528320312,20000,0.0,0.0
2005-02-15 00:00:00+09:00,640.009676846591,640.009676846591,620.9617697975852,628.5809326171875,40000,0.0,0.0
2005-02-16 00:00:00+09:00,628.5808209675114,632.3904017006479,620.9616595012385,624.771240234375,40000,0.0,0.0
2005-02-17 00:00:00+09:00,613.3425431685014,613.3425431685014,579.0563140472808,586.6754760742188,100000,0.0,0.0
2005-02-18 00:00:00+09:00,582.8658740703876,605.7233593280499,563.8179696890024,594.2946166992188,60000,0.0,0.0
2005-02-21 00:00:00+09:00,563.8179321289062,575.2466739963841,544.7700290164432,563.8179321289062,60000,0.0,0.0
2005-02-22 00:00:00+09:00,575.2466430664062,582.8658039017229,571.437062648748,575.2466430664062,40000,0.0,0.0
2005-02-23 00:00:00+09:00,579.0563140472808,598.1042191146256,579.0563140472808,586.6754760742188,40000,0.0,0.0
2005-02-24 00:00:00+09:00,598.1042700982863,598.1042700982863,586.6755260836694,590.485107421875,20000,0.0,0.0
2005-02-25 00:00:00+09:00,590.4850570876877,590.4850570876877,575.2467330338119,586.6754760742188,20000,0.0,0.0
2005-02-28 00:00:00+09:00,582.8658950607498,586.6754760742188,575.2467330338119,586.6754760742188,20000,0.0,0.0
2005-03-01 00:00:00+09:00,586.6755260836694,590.485107421875,579.0563634072581,590.485107421875,20000,0.0,0.0
2005-03-02 00:00:00+09:00,594.29467491194,659.0575561523438,594.29467491194,659.0575561523438,240000,0.0,0.0
2005-03-03 00:00:00+09:00,666.6766484578451,685.7245526994977,640.0095825195312,640.0095825195312,240000,0.0,0.0
2005-03-04 00:00:00+09:00,647.6287127935399,651.4382934570312,628.5808094760828,651.4382934570312,40000,0.0,0.0
2005-03-07 00:00:00+09:00,651.4383936534728,678.1054623995213,647.6288124040373,659.0575561523438,80000,0.0,0.0
2005-03-08 00:00:00+09:00,662.867056761973,662.867056761973,628.5808296880779,643.8191528320312,20000,0.0,0.0
2005-03-09 00:00:00+09:00,636.1999912600546,643.8191528320312,628.5808296880779,643.8191528320312,20000,0.0,0.0
2005-03-10 00:00:00+09:00,628.580860919263,640.0096038450678,628.580860919263,632.3904418945312,17000,0.0,0.0
2005-03-11 00:00:00+09:00,628.5808094760828,655.2478741205226,628.5808094760828,651.4382934570312,40000,0.0,0.0
2005-03-14 00:00:00+09:00,647.6287841796875,655.2479463465073,647.6287841796875,647.6287841796875,20000,0.0,0.0
2005-03-15 00:00:00+09:00,655.2479277461408,655.2479277461408,628.580860919263,632.3904418945312,20000,0.0,0.0
2005-03-16 00:00:00+09:00,628.580860919263,636.2000228697996,624.7712799439947,632.3904418945312,20000,0.0,0.0
2005-03-17 00:00:00+09:00,640.009676846591,647.6288396661932,628.5809326171875,628.5809326171875,20000,0.0,0.0
2005-03-18 00:00:00+09:00,636.1999912600546,643.8191528320312,632.3904104740662,643.8191528320312,19200,0.0,0.0
2005-03-21 00:00:00+09:00,643.8191528320312,643.8191528320312,643.8191528320312,643.8191528320312,0,0.0,0.0
2005-03-22 00:00:00+09:00,647.6287336180196,647.6287336180196,636.1999912600546,643.8191528320312,20000,0.0,0.0
2005-03-23 00:00:00+09:00,643.8192030962775,662.8671085133271,636.2000409294577,647.6287841796875,40000,0.0,0.0
2005-03-24 00:00:00+09:00,647.6286928096931,647.6286928096931,628.5807900799963,636.199951171875,20000,0.0,0.0
2005-03-25 00:00:00+09:00,643.8191122637537,643.8191122637537,617.1520484421782,636.199951171875,40000,0.0,0.0
2005-03-28 00:00:00+09:00,624.7712799439947,632.3904418945312,620.9616989687265,632.3904418945312,15400,0.0,0.0
2005-03-29 00:00:00+09:00,640.0095317178143,643.8191122637537,620.9616289881175,636.199951171875,20000,0.0,0.0
2005-03-30 00:00:00+09:00,620.9618032949942,624.771384910301,613.3426400643808,617.1522216796875,19000,0.0,0.0
2005-03-31 00:00:00+09:00,613.3424072265625,620.9615675647806,605.7232468883443,613.3424072265625,20000,0.0,0.0
2005-04-01 00:00:00+09:00,617.1521209716797,617.1521209716797,590.4850540161133,609.532958984375,40000,0.0,0.0
2005-04-04 00:00:00+09:00,609.5329188093355,613.3424995518939,598.1041765816605,601.9137573242188,20000,0.0,0.0
2005-04-05 00:00:00+09:00,605.7233922621783,647.6287841796875,594.2946490119485,647.6287841796875,100000,0.0,0.0
2005-04-06 00:00:00+09:00,659.0575087214091,662.8670896966773,620.9616989687265,632.3904418945312,100000,0.0,0.0
2005-04-07 00:00:00+09:00,632.3904017006479,632.3904017006479,617.1520787681021,624.771240234375,40000,0.0,0.0
2005-04-08 00:00:00+09:00,632.3904598460477,651.4383652630975,628.5808787626379,647.6287841796875,100000,0.0,0.0
2005-04-11 00:00:00+09:00,647.6286928096931,647.6286928096931,632.3903706259356,636.199951171875,40000,0.0,0.0
2005-04-12 00:00:00+09:00,655.2480024857955,750.4875377308239,643.8192582563921,670.486328125,1560000,0.0,0.0
2005-04-13 00:00:00+09:00,670.4862183339498,678.1053799059264,628.5808296880779,643.8191528320312,280000,0.0,0.0
2005-04-14 00:00:00+09:00,636.2000228697996,643.8191848203361,624.7712799439947,632.3904418945312,40000,0.0,0.0
2005-04-15 00:00:00+09:00,620.9618032949942,632.3905481409143,617.1522216796875,617.1522216796875,20000,0.0,0.0
2005-04-18 00:00:00+09:00,601.9137784517728,601.9137784517728,579.0562931941106,594.2946166992188,80000,0.0,0.0
2005-04-19 00:00:00+09:00,601.9136667192352,613.3424072265625,586.6753460427989,613.3424072265625,60000,0.0,0.0
2005-04-20 00:00:00+09:00,617.1522216796875,640.0097113715278,617.1522216796875,617.1522216796875,80000,0.0,0.0
2005-04-21 00:00:00+09:00,609.5329173018292,624.771240234375,594.2945943692836,624.771240234375,20000,0.0,0.0
2005-04-22 00:00:00+09:00,632.3903706259356,643.8191122637537,624.7712095340569,636.199951171875,80000,0.0,0.0
2005-04-25 00:00:00+09:00,640.009551466557,670.4861967744883,640.009551466557,651.4382934570312,200000,0.0,0.0
2005-04-26 00:00:00+09:00,659.0575274299173,659.0575274299173,643.8192030962775,647.6287841796875,40000,0.0,0.0
2005-04-27 00:00:00+09:00,647.6286928096931,647.6286928096931,636.199951171875,636.199951171875,12200,0.0,0.0
2005-04-28 00:00:00+09:00,643.8192030962775,647.6287841796875,632.3904598460477,647.6287841796875,20000,0.0,0.0
2005-04-29 00:00:00+09:00,647.6287841796875,647.6287841796875,647.6287841796875,647.6287841796875,0,0.0,0.0
2005-05-02 00:00:00+09:00,647.6288124040373,670.4862999006502,647.6288124040373,659.0575561523438,160000,0.0,0.0
2005-05-03 00:00:00+09:00,659.0575561523438,659.0575561523438,659.0575561523438,659.0575561523438,0,0.0,0.0
2005-05-04 00:00:00+09:00,659.0575561523438,659.0575561523438,659.0575561523438,659.0575561523438,0,0.0,0.0
2005-05-05 00:00:00+09:00,659.0575561523438,659.0575561523438,659.0575561523438,659.0575561523438,0,0.0,0.0
2005-05-06 00:00:00+09:00,674.2957458496094,697.1532287597656,662.8670043945312,685.7244873046875,240000,0.0,0.0
2005-05-09 00:00:00+09:00,685.7244775129512,723.8202818192262,681.9148970823237,712.3915405273438,220000,0.0,0.0
2005-05-10 00:00:00+09:00,712.3916334069294,716.2012143342391,697.1533096976902,700.962890625,80000,0.0,0.0
2005-05-11 00:00:00+09:00,712.391676229874,754.2970689492782,700.9629327609455,750.4874877929688,620000,0.0,0.0
2005-05-12 00:00:00+09:00,754.2969882154712,788.583214952538,727.6299229755302,735.2490844726562,360000,0.0,0.0
2005-05-13 00:00:00+09:00,731.4395380434783,731.4395380434783,674.2958241338315,700.962890625,400000,0.0,0.0
2005-05-16 00:00:00+09:00,700.9629012978143,742.8682921362705,693.3437393271857,697.1533203125,240000,0.0,0.0
2005-05-17 00:00:00+09:00,708.5821422230114,720.0108864524149,632.3905140269886,670.486328125,160000,0.0,0.0
2005-05-18 00:00:00+09:00,662.8670614919355,735.2490969422043,659.0574806787635,708.58203125,240000,0.0,0.0
2005-05-19 00:00:00+09:00,716.2011928763442,731.4395161290323,697.1532888104839,708.58203125,80000,0.0,0.0
2005-05-20 00:00:00+09:00,716.2011209579713,716.2011209579713,704.7723796660887,712.3915405273438,40000,0.0,0.0
2005-05-23 00:00:00+09:00,723.8204196988023,754.2970689492782,716.2012573861834,750.4874877929688,200000,0.0,0.0
2005-05-24 00:00:00+09:00,735.2492517541956,739.0588333695023,704.7725988317419,720.0109252929688,100000,0.0,0.0
2005-05-25 00:00:00+09:00,720.0108062243852,720.0108062243852,693.3437393271857,697.1533203125,80000,0.0,0.0
2005-05-26 00:00:00+09:00,704.7723897298177,704.7723897298177,670.4861653645834,685.7244873046875,40000,0.0,0.0
2005-05-27 00:00:00+09:00,685.7244775129512,712.3915405273438,685.7244775129512,712.3915405273438,20000,0.0,0.0
2005-05-30 00:00:00+09:00,712.391510652241,739.0585725483141,704.7723501105057,723.8202514648438,60000,0.0,0.0
2005-05-31 00:00:00+09:00,735.2490740903874,739.0586547851562,716.2011706165431,739.0586547851562,60000,0.0,0.0
2005-06-01 00:00:00+09:00,742.8683919057796,742.8683919057796,720.0109029240633,727.6300659179688,140000,0.0,0.0
2005-06-02 00:00:00+09:00,731.4395037240932,735.2490844726562,716.2011807298413,735.2490844726562,40000,0.0,0.0
2005-06-03 00:00:00+09:00,735.2489922774465,735.2489922774465,720.0106711939761,723.8202514648438,20000,0.0,0.0
2005-06-06 00:00:00+09:00,723.8203525543213,735.2490949630737,716.2011909484863,731.4395141601562,40000,0.0,0.0
2005-06-07 00:00:00+09:00,731.439494680851,731.439494680851,716.201171875,716.201171875,20000,0.0,0.0
2005-06-08 00:00:00+09:00,720.0107525764628,723.8203332779256,712.3915911735372,716.201171875,20000,0.0,0.0
2005-06-09 00:00:00+09:00,723.8203332779256,723.8203332779256,700.9628490691489,716.201171875,40000,0.0,0.0
2005-06-10 00:00:00+09:00,697.1533203125,712.3916442537568,689.5341583418716,697.1533203125,40000,0.0,0.0
2005-06-13 00:00:00+09:00,693.3437183277027,708.5820418074325,689.5341374577703,704.7724609375,20000,0.0,0.0
2005-06-14 00:00:00+09:00,708.5820741758242,708.5820741758242,689.5341689560439,693.34375,20000,0.0,0.0
2005-06-15 00:00:00+09:00,685.7246930411693,693.3438562971822,670.4863665291433,678.1055297851562,20000,0.0,0.0
2005-06-16 00:00:00+09:00,678.1053364503317,685.7244975340433,674.2957559084759,681.9149169921875,18200,0.0,0.0
2005-06-17 00:00:00+09:00,685.7244873046875,700.9628092447916,681.9149068196615,685.7244873046875,20000,0.0,0.0
2005-06-20 00:00:00+09:00,697.1532188048337,716.2011209579713,697.1532188048337,712.3915405273438,60000,0.0,0.0
2005-06-21 00:00:00+09:00,716.2011209579713,716.2011209579713,704.7723796660887,712.3915405273438,20000,0.0,0.0
2005-06-22 00:00:00+09:00,712.3915911735372,716.201171875,700.9628490691489,716.201171875,100000,0.0,0.0
2005-06-23 00:00:00+09:00,720.0106711939761,750.4873133609169,716.2010909231085,723.8202514648438,320000,0.0,0.0
2005-06-24 00:00:00+09:00,712.3915405273438,723.8202818192262,704.7723796660887,712.3915405273438,40000,0.0,0.0
2005-06-27 00:00:00+09:00,704.7724715523098,712.3916334069294,700.962890625,700.962890625,20000,0.0,0.0
2005-06-28 00:00:00+09:00,700.9629954392997,731.4396474149214,697.153413942347,727.6300659179688,40000,0.0,0.0
2005-06-29 00:00:00+09:00,731.4394933956186,746.6778161746939,727.6299127008497,739.0586547851562,120000,0.0,0.0
2005-06-30 00:00:00+09:00,735.2492289118742,735.2492289118742,723.820484421016,727.6300659179688,20000,0.0,0.0
2005-07-01 00:00:00+09:00,716.2013436776621,727.6300885235822,704.7725988317419,720.0109252929688,40000,0.0,0.0
2005-07-04 00:00:00+09:00,727.6299139793882,727.6299139793882,708.5820104720744,716.201171875,20000,0.0,0.0
2005-07-05 00:00:00+09:00,720.0109252929688,723.8205069082754,712.3917620623554,720.0109252929688,20000,0.0,0.0
2005-07-06 00:00:00+09:00,720.0107013885987,720.0107013885987,712.3915405273438,712.3915405273438,20000,0.0,0.0
2005-07-07 00:00:00+09:00,716.2011928763442,716.2011928763442,704.772450436828,708.58203125,20000,0.0,0.0
2005-07-08 00:00:00+09:00,704.7724609375,708.5820418074325,700.9628800675675,704.7724609375,20000,0.0,0.0
2005-07-11 00:00:00+09:00,712.391510652241,723.8202514648438,708.5819303813734,723.8202514648438,40000,0.0,0.0
2005-07-12 00:00:00+09:00,731.439494680851,731.439494680851,716.201171875,716.201171875,60000,0.0,0.0
2005-07-13 00:00:00+09:00,720.0108148342226,800.0120164824696,716.2012338033537,780.964111328125,620000,0.0,0.0
2005-07-14 00:00:00+09:00,796.2024914550782,834.2983044433595,761.916259765625,761.916259765625,540000,0.0,0.0
2005-07-15 00:00:00+09:00,777.1545627707302,784.7737251508354,750.487494440362,769.535400390625,100000,0.0,0.0
2005-07-18 00:00:00+09:00,769.535400390625,769.535400390625,769.535400390625,769.535400390625,0,0.0,0.0
2005-07-19 00:00:00+09:00,761.9162312618972,765.7258124182067,746.6779066366593,750.4874877929688,40000,0.0,0.0
2005-07-20 00:00:00+09:00,754.2970545151654,784.7737031824448,750.4874734317555,777.154541015625,60000,0.0,0.0
2005-07-21 00:00:00+09:00,788.5832842658548,822.8695140165441,765.7257977653952,777.154541015625,180000,0.0,0.0
2005-07-22 00:00:00+09:00,765.7258046711461,807.6311969665819,761.9162235533792,796.2024536132812,120000,0.0,0.0
2005-07-25 00:00:00+09:00,819.0600249964162,860.9654216241399,815.250443484805,830.48876953125,800000,0.0,0.0
2005-07-26 00:00:00+09:00,845.7268676757812,864.7747701009115,822.869384765625,822.869384765625,340000,0.0,0.0
2005-07-27 00:00:00+09:00,819.0598941611373,849.5365413857378,807.6311514519122,834.2982177734375,220000,0.0,0.0
2005-07-28 00:00:00+09:00,864.7748518412092,880.013175221671,849.5365284607474,860.9652709960938,640000,0.0,0.0
2005-07-29 00:00:00+09:00,868.5843815104166,868.5843815104166,849.536478407118,857.1556396484375,100000,0.0,0.0
2005-08-01 00:00:00+09:00,872.3939621310764,872.3939621310764,849.536478407118,857.1556396484375,180000,0.0,0.0
2005-08-02 00:00:00+09:00,857.1556091308594,857.1556091308594,803.8214823404948,822.869384765625,200000,0.0,0.0
2005-08-03 00:00:00+09:00,796.2023318436345,834.2981371950045,773.3448486328125,773.3448486328125,140000,0.0,0.0
2005-08-04 00:00:00+09:00,742.8683532714845,761.916259765625,723.8204467773438,761.916259765625,120000,0.0,0.0
2005-08-05 00:00:00+09:00,742.8682755450814,758.1065991460061,731.4395328443878,746.6778564453125,60000,0.0,0.0
2005-08-08 00:00:00+09:00,708.5819702148438,754.2969360351562,704.7723897298177,754.2969360351562,60000,0.0,0.0
2005-08-09 00:00:00+09:00,773.3449358670217,822.86948841023,773.3449358670217,807.6311645507812,140000,0.0,0.0
2005-08-10 00:00:00+09:00,822.8694828578405,853.3461303710938,815.2503209795271,853.3461303710938,220000,0.0,0.0
2005-08-11 00:00:00+09:00,845.7269604826627,853.3461222888128,826.6790559672874,834.2982177734375,160000,0.0,0.0
2005-08-12 00:00:00+09:00,838.1077270507812,849.536468783292,826.6789853182706,838.1077270507812,100000,0.0,0.0
2005-08-15 00:00:00+09:00,849.536713307038,891.4421117212864,845.7271316330153,880.0133666992188,500000,0.0,0.0
2005-08-16 00:00:00+09:00,773.3449358670217,815.2503264805057,750.4874500778486,807.6311645507812,1000000,0.0,0.0
2005-08-17 00:00:00+09:00,807.6310940802385,807.6310940802385,780.9640296530608,788.5831909179688,200000,0.0,0.0
2005-08-18 00:00:00+09:00,792.3928653492646,792.3928653492646,773.344959932215,777.154541015625,60000,0.0,0.0
2005-08-19 00:00:00+09:00,769.535400390625,773.3449815806775,758.1066568204672,769.535400390625,80000,0.0,0.0
2005-08-22 00:00:00+09:00,773.344869281522,777.1544499183768,761.9161273709577,765.7257080078125,40000,0.0,0.0
2005-08-23 00:00:00+09:00,754.2970182457749,758.1065991460061,731.4395328443878,746.6778564453125,140000,0.0,0.0
2005-08-24 00:00:00+09:00,750.4875158691407,765.7258410644532,739.0587719726562,761.916259765625,60000,0.0,0.0
2005-08-25 00:00:00+09:00,769.5354223632813,773.3450036621094,754.2970971679688,761.916259765625,40000,0.0,0.0
2005-08-26 00:00:00+09:00,761.9160970052084,761.9160970052084,746.6777750651041,754.2969360351562,20000,0.0,0.0
2005-08-29 00:00:00+09:00,750.4873863807092,750.4873863807092,727.6299025315504,742.8682250976562,60000,0.0,0.0
2005-08-30 00:00:00+09:00,735.2490949630737,739.0586757659912,723.8203525543213,731.4395141601562,60000,0.0,0.0
2005-08-31 00:00:00+09:00,731.4395141601562,739.0586757659912,723.8203525543213,731.4395141601562,20000,0.0,0.0
2005-09-01 00:00:00+09:00,739.0586946448502,769.5353418466997,735.249113744619,746.6778564453125,100000,0.0,0.0
2005-09-02 00:00:00+09:00,754.2969775642316,754.2969775642316,739.0586547851562,739.0586547851562,20000,0.0,0.0
2005-09-05 00:00:00+09:00,742.868235479925,742.868235479925,731.4394933956186,739.0586547851562,20000,0.0,0.0
2005-09-06 00:00:00+09:00,739.0586757659912,739.0586757659912,727.6299333572388,731.4395141601562,20000,0.0,0.0
2005-09-07 00:00:00+09:00,731.4396474149214,735.2492289118742,723.820484421016,727.6300659179688,20000,0.0,0.0
2005-09-08 00:00:00+09:00,727.6299139793882,727.6299139793882,712.3915911735372,716.201171875,40000,0.0,0.0
2005-09-09 00:00:00+09:00,708.5819600967162,716.2011209579713,697.1532188048337,712.3915405273438,20000,0.0,0.0
2005-09-12 00:00:00+09:00,723.8205069082754,727.6300885235822,708.5821804470486,720.0109252929688,20000,0.0,0.0
2005-09-13 00:00:00+09:00,723.8203422269672,739.0586652212193,723.8203422269672,735.2490844726562,20000,0.0,0.0
2005-09-14 00:00:00+09:00,739.0586444561297,750.4873863807092,735.2490638146033,742.8682250976562,40000,0.0,0.0
2005-09-15 00:00:00+09:00,742.8681945800781,761.9160970052084,742.8681945800781,754.2969360351562,40000,0.0,0.0
2005-09-16 00:00:00+09:00,754.2970689492782,758.1066501055877,746.6779066366593,750.4874877929688,20000,0.0,0.0
2005-09-19 00:00:00+09:00,750.4874877929688,750.4874877929688,750.4874877929688,750.4874877929688,0,0.0,0.0
2005-09-20 00:00:00+09:00,750.487554899685,754.2971363966377,727.6300659179688,727.6300659179688,40000,0.0,0.0
2005-09-21 00:00:00+09:00,720.0107525764628,720.0107525764628,708.5820104720744,716.201171875,20000,0.0,0.0
2005-09-22 00:00:00+09:00,712.3917620623554,720.0109252929688,700.9630172164352,720.0109252929688,20000,0.0,0.0
2005-09-23 00:00:00+09:00,720.0109252929688,720.0109252929688,720.0109252929688,720.0109252929688,0,0.0,0.0
2005-09-26 00:00:00+09:00,712.3916334069294,716.2012143342391,700.962890625,700.962890625,20000,0.0,0.0
2005-09-27 00:00:00+09:00,700.9629498961344,704.7725311455699,647.6288124040373,659.0575561523438,60000,0.0,0.0
2005-09-28 00:00:00+09:00,655.2479749029083,662.8671374017792,647.6288124040373,659.0575561523438,40000,0.0,0.0
2005-09-29 00:00:00+09:00,647.6286928096931,659.0574344475112,636.199951171875,636.199951171875,40000,0.0,0.0
2005-09-30 00:00:00+09:00,613.342606977983,636.2000954367898,579.0563742897727,628.5809326171875,40000,0.0,0.0
2005-10-03 00:00:00+09:00,647.6286824544271,666.6765848795573,643.819101969401,662.8670043945312,20000,0.0,0.0
2005-10-04 00:00:00+09:00,681.9150837053571,681.9150837053571,655.2480133928572,666.6767578125,20000,0.0,0.0
2005-10-05 00:00:00+09:00,655.2478741205226,655.2478741205226,647.6287127935399,651.4382934570312,17400,0.0,0.0
2005-10-06 00:00:00+09:00,647.6287336180196,651.438314404008,640.0095720460429,643.8191528320312,15000,0.0,0.0
2005-10-07 00:00:00+09:00,643.8191633678618,643.8191633678618,636.2000016712008,640.0095825195312,11000,0.0,0.0
2005-10-10 00:00:00+09:00,640.0095825195312,640.0095825195312,640.0095825195312,640.0095825195312,0,0.0,0.0
2005-10-11 00:00:00+09:00,636.1999824337843,640.0095631669208,617.1520787681021,624.771240234375,20000,0.0,0.0
2005-10-12 00:00:00+09:00,624.7712829589844,624.7712829589844,598.104216003418,609.532958984375,40000,0.0,0.0
2005-10-13 00:00:00+09:00,605.7233593280499,605.7233593280499,590.4850358229418,594.2946166992188,20000,0.0,0.0
2005-10-14 00:00:00+09:00,594.2946627564226,624.7713121285468,586.6755004133915,620.9617309570312,40000,0.0,0.0
2005-10-17 00:00:00+09:00,636.2000016712008,640.0095825195312,632.3904208228702,640.0095825195312,20000,0.0,0.0
2005-10-18 00:00:00+09:00,636.2000556430934,636.2000556430934,620.9617309570312,620.9617309570312,20000,0.0,0.0
2005-10-19 00:00:00+09:00,620.9615877739288,624.7711680670204,598.1041060153793,605.7232666015625,20000,0.0,0.0
2005-10-20 00:00:00+09:00,601.9137969970703,617.1521209716797,601.9137969970703,609.532958984375,16600,0.0,0.0
2005-10-21 00:00:00+09:00,601.9138627485796,628.5809326171875,598.1042813387785,628.5809326171875,20000,0.0,0.0
2005-10-24 00:00:00+09:00,628.5809326171875,636.2000954367898,624.7713512073864,628.5809326171875,19000,0.0,0.0
2005-10-25 00:00:00+09:00,628.5808933000624,636.2000556430934,620.9617309570312,620.9617309570312,15600,0.0,0.0
2005-10-26 00:00:00+09:00,620.9617309570312,628.5808933000624,617.1521497855157,620.9617309570312,12000,0.0,0.0
2005-10-27 00:00:00+09:00,624.771384910301,628.5809665256077,613.3426400643808,617.1522216796875,20000,0.0,0.0
2005-10-28 00:00:00+09:00,613.3425065441245,643.8191528320312,613.3425065441245,643.8191528320312,40000,0.0,0.0
2005-10-31 00:00:00+09:00,655.2479749029083,697.1533686466989,651.4383936534728,659.0575561523438,120000,0.0,0.0
2005-11-01 00:00:00+09:00,659.0574547840141,659.0574547840141,647.6287127935399,651.4382934570312,20000,0.0,0.0
2005-11-02 00:00:00+09:00,655.2479277461408,659.0575087214091,628.580860919263,632.3904418945312,40000,0.0,0.0
2005-11-03 00:00:00+09:00,632.3904418945312,632.3904418945312,632.3904418945312,632.3904418945312,0,0.0,0.0
2005-11-04 00:00:00+09:00,640.0095317178143,643.8191122637537,628.5807900799963,636.199951171875,40000,0.0,0.0
2005-11-07 00:00:00+09:00,647.6288124040373,659.0575561523438,643.8192311546017,659.0575561523438,40000,0.0,0.0
2005-11-08 00:00:00+09:00,662.8671374017792,666.6767186512147,647.6288124040373,659.0575561523438,20000,0.0,0.0
2005-11-09 00:00:00+09:00,659.0575057628542,659.0575057628542,647.6287628883539,655.2479248046875,18000,0.0,0.0
2005-11-10 00:00:00+09:00,651.4383652630975,655.2479463465073,640.0096220128677,647.6287841796875,40000,0.0,0.0
2005-11-11 00:00:00+09:00,651.4383652630975,651.4383652630975,640.0096220128677,647.6287841796875,40000,0.0,0.0
2005-11-14 00:00:00+09:00,666.6766340561335,689.5341186523438,659.0574725240633,689.5341186523438,120000,0.0,0.0
2005-11-15 00:00:00+09:00,598.1040865501261,617.1519873956715,598.1040865501261,613.3424072265625,360000,0.0,0.0
2005-11-16 00:00:00+09:00,609.5329188093355,613.3424995518939,598.1041765816605,601.9137573242188,40000,0.0,0.0
2005-11-17 00:00:00+09:00,609.5328672372611,609.5328672372611,594.2945455563296,598.1041259765625,20000,0.0,0.0
2005-11-18 00:00:00+09:00,598.1041765816605,601.9137573242188,594.294595839102,601.9137573242188,40000,0.0,0.0
2005-11-21 00:00:00+09:00,609.5328672372611,609.5328672372611,594.2945455563296,598.1041259765625,20000,0.0,0.0
2005-11-22 00:00:00+09:00,605.7233380667772,605.7233380667772,594.294595839102,601.9137573242188,17000,0.0,0.0
2005-11-23 00:00:00+09:00,601.9137573242188,601.9137573242188,601.9137573242188,601.9137573242188,0,0.0,0.0
2005-11-24 00:00:00+09:00,601.9137784517728,601.9137784517728,590.4850358229418,594.2946166992188,20000,0.0,0.0
2005-11-25 00:00:00+09:00,594.2946381011567,594.2946381011567,582.8658950607498,586.6754760742188,40000,0.0,0.0
2005-11-28 00:00:00+09:00,582.8659847729826,582.8659847729826,556.1989135742188,556.1989135742188,100000,0.0,0.0
2005-11-29 00:00:00+09:00,563.8179966026628,563.8179966026628,533.341348137654,540.9605102539062,100000,0.0,0.0
2005-11-30 00:00:00+09:00,533.3414800116357,540.9606440118018,529.5318980115525,537.1510620117188,60000,0.0,0.0
2005-12-01 00:00:00+09:00,540.9606094360352,563.8180999755859,540.9606094360352,548.5797729492188,40000,0.0,0.0
2005-12-02 00:00:00+09:00,563.8180767738656,563.8180767738656,548.579750374572,556.1989135742188,20000,0.0,0.0
2005-12-05 00:00:00+09:00,556.1988235153518,556.1988235153518,540.9604995834244,544.7700805664062,20000,0.0,0.0
2005-12-06 00:00:00+09:00,540.9606440118018,544.7702260118849,537.1510620117188,537.1510620117188,20000,0.0,0.0
2005-12-07 00:00:00+09:00,537.1509291957801,540.9605102539062,533.341348137654,540.9605102539062,20000,0.0,0.0
2005-12-08 00:00:00+09:00,540.9604082380022,544.7699885777065,529.5316672188895,533.3412475585938,40000,0.0,0.0
2005-12-09 00:00:00+09:00,529.531767079528,540.9605102539062,525.7221860214019,540.9605102539062,20000,0.0,0.0
2005-12-12 00:00:00+09:00,540.9605871749251,556.1989135742188,537.1510055751016,556.1989135742188,40000,0.0,0.0
2005-12-13 00:00:00+09:00,560.0083515064136,563.8179321289062,552.3891902614284,563.8179321289062,40000,0.0,0.0
2005-12-14 00:00:00+09:00,563.8180767738656,567.627658373689,552.3893319743953,556.1989135742188,40000,0.0,0.0
2005-12-15 00:00:00+09:00,548.5796403556035,552.3892211914062,544.7700595198006,552.3892211914062,20000,0.0,0.0
2005-12-16 00:00:00+09:00,548.579750374572,563.8180767738656,537.1510055751016,556.1989135742188,20000,0.0,0.0
2005-12-19 00:00:00+09:00,556.1987811237776,560.0083618164062,548.5796197385205,560.0083618164062,60000,0.0,0.0
2005-12-20 00:00:00+09:00,563.8179870605469,613.3425399780274,563.8179870605469,609.532958984375,240000,0.0,0.0
2005-12-21 00:00:00+09:00,613.3424271877457,613.3424271877457,575.2466242568298,605.7232666015625,140000,0.0,0.0
2005-12-22 00:00:00+09:00,598.1041361490885,601.9137166341146,560.0083312988281,571.4370727539062,120000,0.0,0.0
2005-12-23 00:00:00+09:00,571.4370727539062,571.4370727539062,571.4370727539062,571.4370727539062,0,0.0,0.0
2005-12-26 00:00:00+09:00,567.6275232016635,571.4371038942921,556.1987811237776,560.0083618164062,80000,0.0,0.0
2005-12-27 00:00:00+09:00,566.1287841796875,569.9539786673881,562.3035896919869,566.1287841796875,40000,3.0,0.0
2005-12-28 00:00:00+09:00,569.9539208822692,581.4295031819123,562.3035326825072,577.6043090820312,60000,0.0,0.0
2005-12-29 00:00:00+09:00,589.079837114383,596.730224609375,581.429449619391,596.730224609375,100000,0.0,0.0
2005-12-30 00:00:00+09:00,600.55547859438,604.3806727255545,592.9050903320312,592.9050903320312,60000,0.0,0.0
2006-01-02 00:00:00+09:00,592.9050903320312,592.9050903320312,592.9050903320312,592.9050903320312,0,0.0,0.0
2006-01-03 00:00:00+09:00,592.9050903320312,592.9050903320312,592.9050903320312,592.9050903320312,0,0.0,0.0
2006-01-04 00:00:00+09:00,604.3805541992188,608.2057475802264,596.7301674372034,604.3805541992188,20000,0.0,0.0
2006-01-05 00:00:00+09:00,608.2058135796779,615.856201171875,604.3806197835793,615.856201171875,100000,0.0,0.0
2006-01-06 00:00:00+09:00,619.6813934326173,627.3317810058594,608.2058120727539,612.031005859375,120000,0.0,0.0
2006-01-09 00:00:00+09:00,612.031005859375,612.031005859375,612.031005859375,612.031005859375,0,0.0,0.0
2006-01-10 00:00:00+09:00,615.8561996459961,619.6813934326173,608.2058120727539,612.031005859375,40000,0.0,0.0
2006-01-11 00:00:00+09:00,612.0310011942676,612.0310011942676,589.0798386494824,600.555419921875,60000,0.0,0.0
2006-01-12 00:00:00+09:00,600.555419921875,600.555419921875,592.9050324069467,600.555419921875,60000,0.0,0.0
2006-01-13 00:00:00+09:00,600.5554274570795,623.5065902898341,596.7302336516204,619.681396484375,80000,0.0,0.0
2006-01-16 00:00:00+09:00,638.8073208831078,657.9332885742188,631.1569338066633,657.9332885742188,240000,0.0,0.0
2006-01-17 00:00:00+09:00,646.457745011445,657.9333262838376,596.7302261644109,600.555419921875,160000,0.0,0.0
2006-01-18 00:00:00+09:00,573.7789699009486,573.7789699009486,485.7995278494699,535.5270385742188,160000,0.0,0.0
2006-01-19 00:00:00+09:00,512.5760104530735,585.2546985023899,512.5760104530735,581.4295043945312,80000,0.0,0.0
2006-01-20 00:00:00+09:00,619.6815193035851,638.807492121597,592.9051573583685,623.5067138671875,200000,0.0,0.0
2006-01-23 00:00:00+09:00,566.1287926248034,623.5067107962362,543.1776253562304,608.2059326171875,180000,0.0,0.0
2006-01-24 00:00:00+09:00,627.3317260742188,631.1569195258908,604.3805653641863,627.3317260742188,220000,0.0,0.0
2006-01-25 00:00:00+09:00,638.8074186250761,638.8074186250761,589.0798950195312,589.0798950195312,320000,0.0,0.0
2006-01-26 00:00:00+09:00,608.2058668567289,608.2058668567289,589.0798962008569,592.9050903320312,60000,0.0,0.0
2006-01-27 00:00:00+09:00,592.9050324069467,600.555419921875,589.0798386494824,600.555419921875,100000,0.0,0.0
2006-01-30 00:00:00+09:00,623.5067107962362,631.1570998857605,608.2059326171875,608.2059326171875,180000,0.0,0.0
2006-01-31 00:00:00+09:00,600.5555388008069,608.2059278301165,585.2547607421875,585.2547607421875,60000,0.0,0.0
2006-02-01 00:00:00+09:00,589.0798962008569,592.9050903320312,585.2547020696825,592.9050903320312,17000,0.0,0.0
2006-02-02 00:00:00+09:00,585.2546321177642,589.0798257917365,558.4782763999581,569.953857421875,60000,0.0,0.0
2006-02-03 00:00:00+09:00,562.3034716796875,573.779052734375,562.3034716796875,573.779052734375,40000,0.0,0.0
2006-02-06 00:00:00+09:00,581.4294401041667,581.4294401041667,566.1286653645833,573.779052734375,20000,0.0,0.0
2006-02-07 00:00:00+09:00,573.7790510958473,573.7790510958473,566.1286637479027,569.953857421875,20000,0.0,0.0
2006-02-08 00:00:00+09:00,566.1286637479027,573.7790510958473,562.3034700739304,569.953857421875,40000,0.0,0.0
2006-02-09 00:00:00+09:00,566.1286604485543,569.9538541002338,543.1774985384778,562.303466796875,60000,0.0,0.0
2006-02-10 00:00:00+09:00,539.3522317068918,547.0026179722377,497.27510724748885,535.5270385742188,120000,0.0,0.0
2006-02-13 00:00:00+09:00,543.1775637649175,543.1775637649175,478.1492638775683,485.7996520996094,60000,0.0,0.0
2006-02-14 00:00:00+09:00,478.1493260310246,508.7508828970102,409.2958230825571,497.2752990722656,100000,0.0,0.0
2006-02-15 00:00:00+09:00,497.27524765976915,516.4012187236065,420.77136340442,424.5965576171875,100000,0.0,0.0
2006-02-16 00:00:00+09:00,424.5964982169015,447.54766028268,424.5964982169015,428.42169189453125,60000,0.0,0.0
2006-02-17 00:00:00+09:00,432.2469106603552,451.372880158601,409.2957472624602,413.1209411621094,40000,0.0,0.0
2006-02-20 00:00:00+09:00,382.5194387724905,390.1698275479403,359.56827244614107,378.6942443847656,100000,0.0,0.0
2006-02-21 00:00:00+09:00,367.2186118071934,409.295744410101,363.775937321501,405.4705505371094,80000,0.0,0.0
2006-02-22 00:00:00+09:00,405.4705250591313,428.4216868549312,390.16975052859806,416.94610595703125,20000,0.0,0.0
2006-02-23 00:00:00+09:00,420.77126242897725,462.84838867187494,420.77126242897725,462.848388671875,40000,0.0,0.0
2006-02-24 00:00:00+09:00,451.372871212843,470.49884033203125,451.372871212843,470.49884033203125,20000,0.0,0.0
2006-02-27 00:00:00+09:00,481.9743551459194,501.10032161996384,459.0231953770661,462.848388671875,60000,0.0,0.0
2006-02-28 00:00:00+09:00,462.8484466296284,462.8484466296284,439.8972839868369,455.19805908203125,20000,0.0,0.0
2006-03-01 00:00:00+09:00,443.7225036621094,455.1980856533708,439.8973096650222,443.7225036621094,18400,0.0,0.0
2006-03-02 00:00:00+09:00,455.19804763793945,455.19804763793945,428.42169189453125,428.42169189453125,17400,0.0,0.0
2006-03-03 00:00:00+09:00,420.77133967958645,447.5476976591965,443.7225036621094,443.7225036621094,20000,0.0,0.0
2006-03-06 00:00:00+09:00,447.5475890215705,520.2262573242188,447.5475890215705,520.2262573242188,580000,0.0,0.0
2006-03-07 00:00:00+09:00,481.9744218035442,501.1003909227325,470.49884033203125,470.49884033203125,240000,0.0,0.0
2006-03-08 00:00:00+09:00,474.3241256964011,474.3241256964011,455.19815288606236,466.6737365722656,40000,0.0,0.0
2006-03-09 00:00:00+09:00,474.324037109375,504.925587890625,462.8484555664063,478.14923095703125,140000,0.0,0.0
2006-03-10 00:00:00+09:00,470.4988744826544,493.45003909156435,470.4988744826544,481.9744567871094,100000,0.0,0.0
2006-03-13 00:00:00+09:00,493.4501044640174,504.925688288762,481.9745206392728,497.2752990722656,100000,0.0,0.0
2006-03-14 00:00:00+09:00,493.4500403216505,493.4500403216505,481.9744579885888,485.7996520996094,40000,0.0,0.0
2006-03-15 00:00:00+09:00,489.6248779296875,508.7508497238159,485.7996835708618,489.6248779296875,160000,0.0,0.0
2006-03-16 00:00:00+09:00,489.6248125,493.45000634765626,474.324037109375,478.14923095703125,20000,0.0,0.0
2006-03-17 00:00:00+09:00,478.1492309570313,485.7996186523438,474.324037109375,478.14923095703125,18600,0.0,0.0
2006-03-20 00:00:00+09:00,478.1492309570313,481.97442480468754,474.324037109375,478.14923095703125,15000,0.0,0.0
2006-03-21 00:00:00+09:00,478.1492309570313,478.1492309570313,478.1492309570313,478.14923095703125,0,0.0,0.0
2006-03-22 00:00:00+09:00,478.14922797970655,481.9744218035442,470.49884033203125,470.49884033203125,11400,0.0,0.0
2006-03-23 00:00:00+09:00,470.49884033203125,474.3240341558689,462.84845268435595,470.49884033203125,12400,0.0,0.0
2006-03-24 00:00:00+09:00,462.84845268435595,474.3240341558689,462.84845268435595,470.49884033203125,15600,0.0,0.0
2006-03-27 00:00:00+09:00,474.3241256964011,474.3241256964011,462.84854201019783,466.6737365722656,12000,0.0,0.0
2006-03-28 00:00:00+09:00,455.19806503668065,470.49884033203125,455.19806503668065,470.49884033203125,13600,0.0,0.0
2006-03-29 00:00:00+09:00,459.02329217819937,481.9744567871094,459.02329217819937,481.9744567871094,60000,0.0,0.0
2006-03-30 00:00:00+09:00,485.7996508885944,489.62484499007934,478.14926268562436,481.9744567871094,40000,0.0,0.0
2006-03-31 00:00:00+09:00,474.3239077215325,558.4781494140625,474.3239077215325,558.4781494140625,1380000,0.0,0.0
2006-04-03 00:00:00+09:00,596.7302131396812,627.3317625314597,566.1286637479027,569.953857421875,1140000,0.0,0.0
2006-04-04 00:00:00+09:00,581.4294942220052,589.0798823038738,539.3523597717285,550.8279418945312,240000,0.0,0.0
2006-04-05 00:00:00+09:00,550.8280003324468,550.8280003324468,531.7020280986814,539.3524169921875,140000,0.0,0.0
2006-04-06 00:00:00+09:00,543.1774952855603,585.2546252020474,535.5271080280172,554.653076171875,560000,0.0,0.0
2006-04-07 00:00:00+09:00,554.6531359354656,566.1287180582683,539.3523597717285,550.8279418945312,120000,0.0,0.0
2006-04-10 00:00:00+09:00,543.1776114389406,547.0028058856938,535.5272225454344,539.3524169921875,40000,0.0,0.0
2006-04-11 00:00:00+09:00,547.0027413128091,547.0027413128091,527.8767713368368,531.7019653320312,60000,0.0,0.0
2006-04-12 00:00:00+09:00,531.7017997846211,600.5552702603275,520.2262213720035,558.4781494140625,1040000,0.0,0.0
2006-04-13 00:00:00+09:00,558.4782646071743,558.4782646071743,539.3522966411751,543.177490234375,220000,0.0,0.0
2006-04-14 00:00:00+09:00,543.1773781972389,604.3804630645334,535.526992588827,558.4781494140625,1280000,0.0,0.0
2006-04-17 00:00:00+09:00,562.3035836727062,585.2547503532247,539.3524169921875,539.3524169921875,340000,0.0,0.0
2006-04-18 00:00:00+09:00,539.3521779733937,562.3033344828999,539.3521779733937,547.0025634765625,140000,0.0,0.0
2006-04-19 00:00:00+09:00,562.3033344828999,577.6041054892373,543.1773707249781,547.0025634765625,200000,0.0,0.0
2006-04-20 00:00:00+09:00,550.8279353080036,554.653129303198,527.8767713368368,531.7019653320312,80000,0.0,0.0
2006-04-21 00:00:00+09:00,524.0515571289063,527.8767509765626,455.19806787109377,478.14923095703125,120000,0.0,0.0
2006-04-24 00:00:00+09:00,462.84845413700225,504.92558633127516,459.02326030115927,474.32403564453125,100000,0.0,0.0
2006-04-25 00:00:00+09:00,478.14909374440896,508.7506357440511,474.3239009944537,501.1002502441406,120000,0.0,0.0
2006-04-26 00:00:00+09:00,493.45003909156435,493.45003909156435,481.9744567871094,481.9744567871094,20000,0.0,0.0
2006-04-27 00:00:00+09:00,485.79956433200095,520.226305111434,481.97437091206393,493.449951171875,300000,0.0,0.0
2006-04-28 00:00:00+09:00,501.10046100616455,501.10046100616455,481.97448921203613,489.6248779296875,20000,0.0,0.0
2006-05-01 00:00:00+09:00,489.6248109879032,489.6248109879032,474.32403564453125,474.32403564453125,20000,0.0,0.0
2006-05-02 00:00:00+09:00,474.3240341558689,474.3240341558689,466.6736465081936,470.49884033203125,20000,0.0,0.0
2006-05-03 00:00:00+09:00,470.49884033203125,470.49884033203125,470.49884033203125,470.49884033203125,0,0.0,0.0
2006-05-04 00:00:00+09:00,470.49884033203125,470.49884033203125,470.49884033203125,470.49884033203125,0,0.0,0.0
2006-05-05 00:00:00+09:00,470.49884033203125,470.49884033203125,470.49884033203125,470.49884033203125,0,0.0,0.0
2006-05-08 00:00:00+09:00,481.9744567871094,493.45003909156435,470.4988744826544,481.9744567871094,40000,0.0,0.0
2006-05-09 00:00:00+09:00,485.7996186523438,485.7996186523438,474.324037109375,478.14923095703125,18000,0.0,0.0
2006-05-10 00:00:00+09:00,470.49893113433336,478.14932025846883,462.84854201019783,466.6737365722656,20000,0.0,0.0
2006-05-11 00:00:00+09:00,466.673610941569,466.673610941569,455.1980303446452,459.0232238769531,20000,0.0,0.0
2006-05-12 00:00:00+09:00,451.37283325195307,451.37283325195307,428.4216722391419,451.3728332519531,20000,0.0,0.0
2006-05-15 00:00:00+09:00,443.7225023352581,447.54769632090694,432.2469203783118,439.8973083496094,20000,0.0,0.0
2006-05-16 00:00:00+09:00,409.29570251464844,416.9460894775391,376.39903857421876,382.51934814453125,120000,0.0,0.0
2006-05-17 00:00:00+09:00,386.3445170874735,416.94606299539214,367.60107021887325,393.9949035644531,180000,0.0,0.0
2006-05-18 00:00:00+09:00,378.6941841163827,386.34457167428945,370.27875780268533,380.6067810058594,60000,0.0,0.0
2006-05-19 00:00:00+09:00,376.78156485924353,401.64532294640173,376.78156485924353,397.82012939453125,40000,0.0,0.0
2006-05-22 00:00:00+09:00,409.29576911548577,413.12096321936883,386.3446044921875,386.3446044921875,20000,0.0,0.0
2006-05-23 00:00:00+09:00,379.0767390319762,386.34460789333605,376.7816225494416,377.5466613769531,20000,0.0,0.0
2006-05-24 00:00:00+09:00,377.54668606844814,380.60684157862806,376.0166083133582,378.6942443847656,20000,0.0,0.0
2006-05-25 00:00:00+09:00,382.5193220569241,382.5193220569241,378.6941288363549,379.45916748046875,10800,0.0,0.0
2006-05-26 00:00:00+09:00,382.5194021726303,382.5194021726303,379.4592469552493,379.8417663574219,17400,0.0,0.0
2006-05-29 00:00:00+09:00,376.0166054725647,376.78164434432983,367.2186584472656,367.2186584472656,20000,0.0,0.0
2006-05-30 00:00:00+09:00,348.8576552568856,348.8576552568856,336.61703577418785,338.5296325683594,20000,0.0,0.0
2006-05-31 00:00:00+09:00,325.1414830868061,338.5296618021452,318.2561340332031,318.2561340332031,20000,0.0,0.0
2006-06-01 00:00:00+09:00,325.90652132227353,328.96667645206014,283.064349505261,283.4468688964844,20000,0.0,0.0
2006-06-02 00:00:00+09:00,272.35381571451825,279.2391649881999,245.1949380238851,275.4139709472656,60000,0.0,0.0
2006-06-05 00:00:00+09:00,290.71470232707696,313.6658630371094,282.68179607856564,313.6658630371094,80000,0.0,0.0
2006-06-06 00:00:00+09:00,313.2833711242676,316.7260455322266,306.0155029296875,306.0155029296875,40000,0.0,0.0
2006-06-07 00:00:00+09:00,309.84072096804357,344.26746774227064,309.84072096804357,323.6114196777344,40000,0.0,0.0
2006-06-08 00:00:00+09:00,306.0154997996795,313.66588729467145,290.7147248096955,298.3651123046875,20000,0.0,0.0
2006-06-09 00:00:00+09:00,306.0155044367284,312.5183339060089,294.53992302035107,309.8406982421875,20000,0.0,0.0
2006-06-12 00:00:00+09:00,309.84067140142605,322.0812905185194,302.19028445324267,317.4910583496094,20000,0.0,0.0
2006-06-13 00:00:00+09:00,310.6057082757717,321.3162499404535,307.9280728596013,313.6658630371094,16200,0.0,0.0
2006-06-14 00:00:00+09:00,306.01550116055256,317.49108245407325,306.01550116055256,316.7260437011719,20000,0.0,0.0
2006-06-15 00:00:00+09:00,325.1415408842745,336.61712468019005,322.0813852053637,327.05413818359375,20000,0.0,0.0
2006-06-16 00:00:00+09:00,346.18000226245505,365.30596923828125,344.2674055648724,365.30596923828125,60000,0.0,0.0
2006-06-19 00:00:00+09:00,369.1312418125145,369.51376123408187,345.03251825377,361.8633728027344,60000,0.0,0.0
2006-06-20 00:00:00+09:00,362.62840940009954,362.62840940009954,348.85771030895654,354.2129821777344,20000,0.0,0.0
2006-06-21 00:00:00+09:00,354.59545087970673,354.59545087970673,327.43657600111,350.0052185058594,20000,0.0,0.0
2006-06-22 00:00:00+09:00,350.77027573231527,351.91783388629227,340.82477173118093,350.38775634765625,18200,0.0,0.0
2006-06-23 00:00:00+09:00,334.70442800810844,350.0052018599077,334.70442800810844,340.8247375488281,16800,0.0,0.0
2006-06-26 00:00:00+09:00,331.2617939342152,340.8247787475586,331.2617939342152,336.6170654296875,16400,0.0,0.0
2006-06-27 00:00:00+09:00,336.6170541319836,344.26744172589235,334.70445723350645,338.91217041015625,8600,0.0,0.0
2006-06-28 00:00:00+09:00,334.70443459444266,338.52962813266487,328.2016055794649,328.9666442871094,12800,0.0,0.0
2006-06-29 00:00:00+09:00,328.9666679927281,351.91783087594166,328.9666679927281,342.73736572265625,20000,0.0,0.0
2006-06-30 00:00:00+09:00,357.6556474560493,358.03816686509316,332.7918858681956,343.88494873046875,20000,0.0,0.0
2006-07-03 00:00:00+09:00,340.4422922770182,348.092680867513,336.6170979817708,344.2674865722656,16200,0.0,0.0
2006-07-04 00:00:00+09:00,348.8576628654234,356.89056957614036,348.4751434982464,355.7430114746094,20000,0.0,0.0
2006-07-05 00:00:00+09:00,344.64994657747036,351.91781448531935,344.64994657747036,348.0926208496094,9000,0.0,0.0
2006-07-06 00:00:00+09:00,344.26751640405547,344.26751640405547,338.5297244639879,340.44232177734375,9800,0.0,0.0
2006-07-07 00:00:00+09:00,340.4422593550249,345.79753085049714,333.5569102894176,336.6170654296875,8400,0.0,0.0
2006-07-10 00:00:00+09:00,325.14140874528164,335.85194926865563,319.4036191791884,329.34912109375,10600,0.0,0.0
2006-07-11 00:00:00+09:00,327.0540420348386,327.0540420348386,315.9609809599727,317.4910583496094,9000,0.0,0.0
2006-07-12 00:00:00+09:00,306.78054319782024,311.75329514491705,298.3651168258102,309.8406982421875,20000,0.0,0.0
2006-07-13 00:00:00+09:00,291.86230097537464,309.840712699939,291.86230097537464,298.7476501464844,11400,0.0,0.0
2006-07-14 00:00:00+09:00,291.09720805739374,297.60003662109375,288.037053439182,297.60003662109375,14200,0.0,0.0
2006-07-17 00:00:00+09:00,297.60003662109375,297.60003662109375,297.60003662109375,297.60003662109375,0,0.0,0.0
2006-07-18 00:00:00+09:00,286.8894825810971,286.8894825810971,263.9383239746094,263.9383239746094,20000,0.0,0.0
2006-07-19 00:00:00+09:00,263.9383829752604,271.5887708875868,256.287995062934,258.2005920410156,20000,0.0,0.0
2006-07-20 00:00:00+09:00,267.76359658934473,275.413985063326,258.5831304205672,260.4957275390625,20000,0.0,0.0
2006-07-21 00:00:00+09:00,261.26074987178225,269.6761766612101,260.8782304722628,265.8509826660156,10800,0.0,0.0
2006-07-24 00:00:00+09:00,265.85092052515,265.85092052515,258.5830536330956,263.9383239746094,10200,0.0,0.0
2006-07-25 00:00:00+09:00,244.81243896484375,244.81243896484375,244.81243896484375,244.81243896484375,5400,0.0,0.0
2006-07-26 00:00:00+09:00,233.33680363024695,235.24940038131453,225.68641662597653,225.68641662597656,80000,0.0,0.0
2006-07-27 00:00:00+09:00,208.4730400043142,212.29823339888878,206.94296264648438,206.94296264648438,60000,0.0,0.0
2006-07-28 00:00:00+09:00,208.47301839730937,216.88844299316406,208.47301839730937,216.88844299316406,40000,0.0,0.0
2006-07-31 00:00:00+09:00,221.86122222639557,223.77381896972656,218.80106743706597,223.77381896972656,20000,0.0,0.0
2006-08-01 00:00:00+09:00,220.71369994383087,229.5116463887323,218.41858347994355,222.6262969970703,20000,0.0,0.0
2006-08-02 00:00:00+09:00,222.62624975787705,231.42419433593747,222.62624975787705,231.4241943359375,17800,0.0,0.0
2006-08-03 00:00:00+09:00,244.81233599713738,250.5501251220703,240.98714324718213,250.5501251220703,40000,0.0,0.0
2006-08-04 00:00:00+09:00,254.37543070908134,269.67620849609375,252.4628334857048,269.67620849609375,60000,0.0,0.0
2006-08-07 00:00:00+09:00,273.5013821919759,277.32657634850705,252.4628143310547,252.4628143310547,40000,0.0,0.0
2006-08-08 00:00:00+09:00,254.75788190723523,259.3481140136719,248.63757243198634,259.3481140136719,16600,0.0,0.0
2006-08-09 00:00:00+09:00,253.61031779493808,260.1131464563467,249.7851244646977,253.22779846191406,13400,0.0,0.0
2006-08-10 00:00:00+09:00,250.55017591596723,254.7578887939453,248.25505980070648,254.7578887939453,12600,0.0,0.0
2006-08-11 00:00:00+09:00,249.0201689969576,249.0201689969576,242.13481870211086,248.6376495361328,15200,0.0,0.0
2006-08-14 00:00:00+09:00,244.8123756550854,247.87253035077396,237.54450825282504,246.3424530029297,6800,0.0,0.0
2006-08-15 00:00:00+09:00,247.1074722290039,260.1131286621094,243.6647984672995,260.1131286621094,19800,0.0,0.0
2006-08-16 00:00:00+09:00,279.23907470703125,279.23907470703125,279.23907470703125,279.23907470703125,40000,0.0,0.0
2006-08-17 00:00:00+09:00,274.64892885496295,279.23916164919626,265.8509826660156,265.8509826660156,40000,0.0,0.0
2006-08-18 00:00:00+09:00,263.93832615443637,271.5887124197824,263.1732875279018,267.7635192871094,14600,0.0,0.0
2006-08-21 00:00:00+09:00,275.41396248221906,277.32655944390115,268.9111328125,268.9111328125,11600,0.0,0.0
2006-08-22 00:00:00+09:00,275.0314444907083,275.0314444907083,269.2936535764376,272.736328125,4800,0.0,0.0
2006-08-23 00:00:00+09:00,273.11882255446744,273.5013419137874,269.6761483205876,271.5887451171875,17600,0.0,0.0
2006-08-24 00:00:00+09:00,273.5013555916692,279.23914626841747,270.82371994252,275.03143310546875,20000,0.0,0.0
2006-08-25 00:00:00+09:00,279.23909868512834,279.23909868512834,265.85092272077287,267.7635192871094,17600,0.0,0.0
2006-08-28 00:00:00+09:00,271.97122479339146,271.97122479339146,256.2879333496094,256.2879333496094,15400,0.0,0.0
2006-08-29 00:00:00+09:00,258.20056296683646,258.20056296683646,252.845292031228,254.7578887939453,11400,0.0,0.0
2006-08-30 00:00:00+09:00,250.1676731893461,252.84530883510362,249.78515381138072,251.3152313232422,10600,0.0,0.0
2006-08-31 00:00:00+09:00,251.31528576190652,252.462844144381,248.6376495361328,248.6376495361328,9000,0.0,0.0
2006-09-01 00:00:00+09:00,250.1676766122451,250.1676766122451,244.4298858642578,244.4298858642578,10200,0.0,0.0
2006-09-04 00:00:00+09:00,244.42983494089611,256.2879333496094,242.51723842336173,256.2879333496094,14200,0.0,0.0
2006-09-05 00:00:00+09:00,258.20058167785004,258.965620438377,250.16767469231692,255.1404266357422,10400,0.0,0.0
2006-09-06 00:00:00+09:00,256.28801859781413,258.20061575152914,252.84534372112705,255.52297973632812,8800,0.0,0.0
2006-09-07 00:00:00+09:00,255.52296965627957,255.52296965627957,248.25510075887044,252.4628143310547,7200,0.0,0.0
2006-09-08 00:00:00+09:00,252.84525961804746,257.05297195662314,252.84525961804746,256.2879333496094,3000,0.0,0.0
2006-09-11 00:00:00+09:00,256.287995062934,258.9656308322482,253.9928786892361,258.2005920410156,8800,0.0,0.0
2006-09-12 00:00:00+09:00,258.5831010581135,258.5831010581135,252.46279097389782,255.1404266357422,4800,0.0,0.0
2006-09-13 00:00:00+09:00,251.697754398469,251.697754398469,237.16201782226562,237.16201782226562,11000,0.0,0.0
2006-09-14 00:00:00+09:00,236.01444094340007,237.16199900309246,229.51161193847656,229.51161193847656,4800,0.0,0.0
2006-09-15 00:00:00+09:00,221.86122222639557,227.59901245638855,219.94862548306457,223.77381896972656,11000,0.0,0.0
2006-09-18 00:00:00+09:00,223.77381896972656,223.77381896972656,223.77381896972656,223.77381896972656,0,0.0,0.0
2006-09-19 00:00:00+09:00,221.86128154553865,223.77387880024156,214.59341197766756,218.0360870361328,19400,0.0,0.0
2006-09-20 00:00:00+09:00,218.03603962489538,218.03603962489538,212.29824910845076,214.21084594726562,7200,0.0,0.0
2006-09-21 00:00:00+09:00,218.0360537442294,218.0360537442294,210.3856658935547,210.3856658935547,6200,0.0,0.0
2006-09-22 00:00:00+09:00,207.70803328996996,214.21086306147913,206.9429944933218,210.7681884765625,9200,0.0,0.0
2006-09-25 00:00:00+09:00,213.828313134902,213.828313134902,204.26532954210674,205.4128875732422,9000,0.0,0.0
2006-09-26 00:00:00+09:00,205.41291537552323,205.41291537552323,197.7625274658203,197.7625274658203,10000,0.0,0.0
2006-09-27 00:00:00+09:00,193.17225854373675,197.76249042992453,193.17225854373675,196.99745178222656,6000,0.0,0.0
2006-09-28 00:00:00+09:00,198.9100895241802,209.2381134033203,198.52757012124908,209.2381134033203,16200,0.0,0.0
2006-09-29 00:00:00+09:00,206.56044261107755,224.53885150500466,206.56044261107755,217.65350341796875,20000,0.0,0.0
2006-10-02 00:00:00+09:00,221.86123330252514,221.86123330252514,214.21084594726562,214.21084594726562,5800,0.0,0.0
2006-10-03 00:00:00+09:00,214.21087591497746,214.21087591497746,209.62064285965653,212.29827880859375,6600,0.0,0.0
2006-10-04 00:00:00+09:00,213.06328083918643,214.2108389047476,195.84990985576923,198.91006469726562,12400,0.0,0.0
2006-10-05 00:00:00+09:00,199.67512087242625,204.6478729248047,198.91008209513728,204.6478729248047,7800,0.0,0.0
2006-10-06 00:00:00+09:00,208.47306533086868,210.38566226050966,195.08488682338168,200.8226776123047,18200,0.0,0.0
2006-10-09 00:00:00+09:00,200.8226776123047,200.8226776123047,200.8226776123047,200.8226776123047,0,0.0,0.0
2006-10-10 00:00:00+09:00,195.84991528614458,195.84991528614458,190.49464416503906,190.49464416503906,17400,0.0,0.0
2006-10-11 00:00:00+09:00,185.71313884534334,185.71313884534334,179.78408909847863,181.69668579101562,19600,0.0,0.0
2006-10-12 00:00:00+09:00,174.04632319032757,179.40159467310687,170.60364866568372,175.57640075683594,20000,0.0,0.0
2006-10-13 00:00:00+09:00,173.28127562498042,190.87716674804688,173.28127562498042,190.87716674804688,14800,0.0,0.0
2006-10-16 00:00:00+09:00,193.17228894065616,206.17794799804688,193.17228894065616,206.17794799804688,20000,0.0,0.0
2006-10-17 00:00:00+09:00,212.29827446096084,216.8885074222789,200.82269205766568,208.09056091308594,18000,0.0,0.0
2006-10-18 00:00:00+09:00,206.9429779597691,214.9758846827916,199.67510997227262,214.21084594726562,15200,0.0,0.0
2006-10-19 00:00:00+09:00,218.4186064870734,221.86128154553865,214.97593142860813,218.0360870361328,17400,0.0,0.0
2006-10-20 00:00:00+09:00,214.21089252672698,218.0360870361328,205.41294515509355,218.0360870361328,17000,0.0,0.0
2006-10-23 00:00:00+09:00,216.1234897814299,218.0360870361328,208.4731007626182,218.0360870361328,12800,0.0,0.0
2006-10-24 00:00:00+09:00,215.35845563031626,217.27105292721072,211.15074157714844,211.15074157714844,20000,0.0,0.0
2006-10-25 00:00:00+09:00,214.21087591497746,214.21087591497746,207.32552633199606,212.29827880859375,6400,0.0,0.0
2006-10-26 00:00:00+09:00,212.29826606985878,212.68078546818285,206.17795569667368,210.7681884765625,1600,0.0,0.0
2006-10-27 00:00:00+09:00,210.76818240183704,210.76818240183704,199.67512017016142,202.7352752685547,6000,0.0,0.0
2006-10-30 00:00:00+09:00,202.35274956783752,202.35274956783752,194.70236206054688,194.70236206054688,8400,0.0,0.0
2006-10-31 00:00:00+09:00,195.84993427342258,200.8226865108337,195.84993427342258,200.05764770507812,4000,0.0,0.0
2006-11-01 00:00:00+09:00,196.23242921095627,198.91006469726562,195.84990985576923,198.91006469726562,5400,0.0,0.0
2006-11-02 00:00:00+09:00,198.91007518955672,200.8226720663794,194.70236206054688,194.70236206054688,8400,0.0,0.0
2006-11-03 00:00:00+09:00,194.70236206054688,194.70236206054688,194.70236206054688,194.70236206054688,0,0.0,0.0
2006-11-06 00:00:00+09:00,195.46744363138993,200.05767714132472,194.31988525390625,194.31988525390625,5000,0.0,0.0
2006-11-07 00:00:00+09:00,196.23245813706342,196.23245813706342,192.024744609758,195.08489990234375,7200,0.0,0.0
2006-11-08 00:00:00+09:00,191.64223835225008,194.31987441705198,187.4345245361328,187.4345245361328,7000,0.0,0.0
2006-11-09 00:00:00+09:00,188.58208284961933,188.58208284961933,177.87153859041175,187.4345245361328,10000,0.0,0.0
2006-11-10 00:00:00+09:00,180.16664755823246,185.52191946017567,180.16664755823246,180.9316864013672,8000,0.0,0.0
2006-11-13 00:00:00+09:00,180.54914456478002,180.54914456478002,174.04631520545533,178.2540283203125,12000,0.0,0.0
2006-11-14 00:00:00+09:00,179.40160272390816,183.22679681183797,178.63656390632218,181.12294006347656,4000,0.0,0.0
2006-11-15 00:00:00+09:00,179.78407559552593,182.65297041885879,174.0462859488602,179.21029663085938,7400,0.0,0.0
2006-11-16 00:00:00+09:00,174.04631282696437,176.72394840891766,172.13371598271203,172.5162353515625,9800,0.0,0.0
2006-11-17 00:00:00+09:00,170.60364907004617,172.51624603271483,168.30853271484375,168.30853271484375,16400,0.0,0.0
2006-11-20 00:00:00+09:00,166.39592875605044,166.39592875605044,156.8329443447832,158.36302185058594,20000,0.0,0.0
2006-11-21 00:00:00+09:00,157.21543540754865,157.21543540754865,145.35733687315934,146.12237548828125,20000,0.0,0.0
2006-11-22 00:00:00+09:00,149.1825454895755,158.7455291748047,147.26994875252964,158.7455291748047,16200,0.0,0.0
2006-11-23 00:00:00+09:00,158.7455291748047,158.7455291748047,158.7455291748047,158.7455291748047,0,0.0,0.0
2006-11-24 00:00:00+09:00,153.0077522183642,155.11160881136672,152.24271345727237,154.92034912109375,9800,0.0,0.0
2006-11-27 00:00:00+09:00,152.6252366782975,157.21546936035156,152.6252366782975,157.21546936035156,4600,0.0,0.0
2006-11-28 00:00:00+09:00,160.27563846363742,162.5707550048828,156.0679248046875,162.5707550048828,6400,0.0,0.0
2006-11-29 00:00:00+09:00,158.17175657057362,162.57072924424133,158.17175657057362,159.5105743408203,8400,0.0,0.0
2006-11-30 00:00:00+09:00,161.04066601817402,165.24837938206932,160.2756272247385,164.86585998535156,7800,0.0,0.0
2006-12-01 00:00:00+09:00,164.67457675167395,168.30851050113017,162.18820102836182,166.58717346191406,14400,0.0,0.0
2006-12-04 00:00:00+09:00,167.54351645491698,177.8715414418639,167.54351645491698,173.85508728027344,11400,0.0,0.0
2006-12-05 00:00:00+09:00,172.13374978244894,177.8715414418639,168.6910747868,173.85508728027344,40000,0.0,0.0
2006-12-06 00:00:00+09:00,173.28130811433195,173.85508728027344,168.6910747868,173.85508728027344,11000,0.0,0.0
2006-12-07 00:00:00+09:00,169.4560876729005,172.32498306239657,167.92601013183594,167.92601013183594,10800,0.0,0.0
2006-12-08 00:00:00+09:00,168.30854027672152,173.09003289821928,167.92602086700168,172.89877319335938,14000,0.0,0.0
2006-12-11 00:00:00+09:00,173.85504385952578,174.04630353373867,163.7182811262421,166.01339721679688,20000,0.0,0.0
2006-12-12 00:00:00+09:00,166.7784487928974,171.36868132848173,166.7784487928974,167.54348754882812,12000,0.0,0.0
2006-12-13 00:00:00+09:00,164.4833405886338,171.36868972955335,162.9532630017628,164.86585998535156,10800,0.0,0.0
2006-12-14 00:00:00+09:00,163.7182802142519,164.48331890684187,162.76198184851444,164.10079956054688,11800,0.0,0.0
2006-12-15 00:00:00+09:00,166.77845444953306,167.352233535942,163.52703962654903,166.39593505859375,17000,0.0,0.0
2006-12-18 00:00:00+09:00,166.3959189126658,166.5871785895769,163.33576408208802,164.4833221435547,20000,0.0,0.0
2006-12-19 00:00:00+09:00,164.10079956054688,164.48331890684187,162.57072217536697,164.10079956054688,10200,0.0,0.0
2006-12-20 00:00:00+09:00,164.100818712958,166.39593505859375,164.100818712958,166.39593505859375,20000,0.0,0.0
2006-12-21 00:00:00+09:00,164.4833221435547,166.3959189126658,163.52702375899912,164.4833221435547,20000,0.0,0.0
2006-12-22 00:00:00+09:00,166.39591135877245,179.78408813476562,164.67457434471618,179.78408813476562,200000,0.0,0.0
2006-12-25 00:00:00+09:00,193.93734166762408,195.08489990234375,187.81703108245253,195.08489990234375,120000,0.0,0.0
2006-12-26 00:00:00+09:00,212.89029035327235,214.43858337402344,209.40663105658246,214.43858337402344,100000,3.0,0.0
2006-12-27 00:00:00+09:00,222.18005964491104,222.18005964491104,195.08493041992188,195.08493041992188,140000,0.0,0.0
2006-12-28 00:00:00+09:00,193.14952128988142,193.14952128988142,179.98903286532035,184.6339111328125,60000,0.0,0.0
2006-12-29 00:00:00+09:00,181.53730983475884,200.1168212890625,181.15023667946085,200.1168212890625,40000,0.0,0.0
2007-01-04 00:00:00+09:00,219.47050060746233,219.47050060746233,193.1495234622993,196.24610900878906,140000,0.0,0.0
2007-01-05 00:00:00+09:00,203.9875809619842,215.5997772216797,202.05221491870162,215.5997772216797,320000,0.0,0.0
2007-01-09 00:00:00+09:00,222.56705898429456,234.95339965820312,215.98681550128063,234.95339965820312,280000,0.0,0.0
2007-01-10 00:00:00+09:00,254.30707630295208,254.30707630295208,234.9534175279938,246.56561279296875,440000,0.0,0.0
2007-01-11 00:00:00+09:00,246.56563698499133,246.56563698499133,227.21197631113017,228.76026916503906,240000,0.0,0.0
2007-01-12 00:00:00+09:00,228.76024907949017,234.17927359237152,215.21268779728686,227.59902954101562,100000,0.0,0.0
2007-01-15 00:00:00+09:00,232.24392781215434,232.24392781215434,213.66441358718197,218.6963653564453,80000,0.0,0.0
2007-01-16 00:00:00+09:00,219.0834195922021,236.88878584881218,219.0834195922021,227.59902954101562,140000,0.0,0.0
2007-01-17 00:00:00+09:00,225.66366442744598,226.43781078911817,209.40659083232978,224.11537170410156,60000,0.0,0.0
2007-01-18 00:00:00+09:00,222.180056105472,236.5017670391,219.85761649461344,231.8568878173828,80000,0.0,0.0
2007-01-19 00:00:00+09:00,232.63100021362305,234.17929306030274,228.3731948852539,232.24392700195312,20000,0.0,0.0
2007-01-22 00:00:00+09:00,236.50168033008134,239.5982653425865,232.24387593788674,234.56631469726562,60000,0.0,0.0
2007-01-23 00:00:00+09:00,238.0499521891276,238.0499521891276,226.43775939941406,226.43775939941406,20000,0.0,0.0
2007-01-24 00:00:00+09:00,228.37317777271113,236.11464142602338,228.37317777271113,234.1792755126953,20000,0.0,0.0
2007-01-25 00:00:00+09:00,228.760268894972,234.17929387725562,217.53514571738455,218.6963653564453,80000,0.0,0.0
2007-01-26 00:00:00+09:00,220.63170693137428,222.5670727816495,218.69634108109906,221.40585327148438,20000,0.0,0.0
2007-01-29 00:00:00+09:00,226.43783086632592,226.43783086632592,220.24465942382812,220.24465942382812,20000,0.0,0.0
2007-01-30 00:00:00+09:00,221.79290657043455,222.56705284118652,216.76095581054688,216.76095581054688,17800,0.0,0.0
2007-01-31 00:00:00+09:00,216.76099929134404,228.37319568195176,209.7936814569794,218.6963653564453,20000,0.0,0.0
2007-02-01 00:00:00+09:00,218.69634717239617,226.43781078911817,218.69634717239617,224.11537170410156,5600,0.0,0.0
2007-02-02 00:00:00+09:00,221.01881762052838,223.7283302708676,215.98686555561267,220.63174438476562,20000,0.0,0.0
2007-02-05 00:00:00+09:00,220.24463648302802,224.50244140625,215.98683155980603,224.50244140625,14400,0.0,0.0
2007-02-06 00:00:00+09:00,224.50245539347333,228.37318738301596,222.567089398702,222.95416259765625,12400,0.0,0.0
2007-02-07 00:00:00+09:00,222.5670782076258,227.5990295410156,221.40585866915123,227.59902954101562,11800,0.0,0.0
2007-02-08 00:00:00+09:00,224.50244140625,225.27658775592673,220.63170965786637,224.50244140625,18800,0.0,0.0
2007-02-09 00:00:00+09:00,223.72827224731444,223.72827224731444,216.76095581054688,216.76095581054688,10200,0.0,0.0
2007-02-13 00:00:00+09:00,216.7609812682157,224.11537170410156,216.7609812682157,224.11537170410156,14200,0.0,0.0
2007-02-14 00:00:00+09:00,215.5997671823019,224.11537737621686,215.5997671823019,221.79293823242188,17400,0.0,0.0
2007-02-15 00:00:00+09:00,212.89026456720688,219.4705091083751,205.92294681773467,210.5678253173828,20000,0.0,0.0
2007-02-16 00:00:00+09:00,201.27805395601354,203.98756622080603,194.31073670369,202.0522003173828,40000,0.0,0.0
2007-02-19 00:00:00+09:00,198.95563560018732,202.05222136828363,188.11758541185029,189.66587829589844,80000,0.0,0.0
2007-02-20 00:00:00+09:00,205.14878845214844,205.14878845214844,205.14878845214844,205.14878845214844,18000,0.0,0.0
2007-02-21 00:00:00+09:00,224.50244140625,224.50244140625,224.50244140625,224.50244140625,10400,0.0,0.0
2007-02-22 00:00:00+09:00,226.43782961685048,236.1146599423569,212.89026716114148,218.6963653564453,120000,0.0,0.0
2007-02-23 00:00:00+09:00,218.6963653564453,218.6963653564453,212.89026716114148,218.6963653564453,20000,0.0,0.0
2007-02-26 00:00:00+09:00,216.76099076704546,216.76099076704546,212.8902587890625,212.8902587890625,9400,0.0,0.0
2007-02-27 00:00:00+09:00,212.89022209938992,214.82558775483892,206.69705200195312,206.69705200195312,20000,0.0,0.0
2007-02-28 00:00:00+09:00,191.60120384438525,203.60047115585178,189.6658381489874,199.34266662597656,20000,0.0,0.0
2007-03-01 00:00:00+09:00,207.0841431250939,208.6324357839731,198.56853350125826,201.27804565429688,18800,0.0,0.0
2007-03-02 00:00:00+09:00,198.18144914215685,203.98754628499347,197.4073028564453,197.4073028564453,14800,0.0,0.0
2007-03-05 00:00:00+09:00,197.4073427161392,199.34270882119938,184.2468532017299,189.66587829589844,20000,0.0,0.0
2007-03-06 00:00:00+09:00,185.02098640276364,196.24610900878906,183.85976682282998,196.24610900878906,20000,0.0,0.0
2007-03-07 00:00:00+09:00,207.0841431250939,207.0841431250939,193.92365552462064,201.27804565429688,16200,0.0,0.0
2007-03-08 00:00:00+09:00,200.5039212972811,200.5039212972811,193.92367677594174,195.4719696044922,3000,0.0,0.0
2007-03-09 00:00:00+09:00,196.6331683194334,200.11682681328165,193.5365829915683,197.7943878173828,12400,0.0,0.0
2007-03-12 00:00:00+09:00,194.3107225444117,198.5685272216797,193.5365762394539,198.5685272216797,3200,0.0,0.0
2007-03-13 00:00:00+09:00,194.69783857392102,194.69783857392102,190.05295972126288,190.44003295898438,14800,0.0,0.0
2007-03-14 00:00:00+09:00,185.79512507278727,186.9563446044922,184.24683236384737,186.9563446044922,10000,0.0,0.0
2007-03-15 00:00:00+09:00,185.4080810546875,192.7624725787774,185.4080810546875,185.4080810546875,4600,0.0,0.0
2007-03-16 00:00:00+09:00,185.40806245558798,188.3111114501953,182.31147686134017,188.3111114501953,5800,0.0,0.0
2007-03-19 00:00:00+09:00,181.92437058788235,183.4726631035239,181.92437058788235,182.69851684570312,10000,0.0,0.0
2007-03-20 00:00:00+09:00,181.1502571105957,185.79513549804688,180.3761107126872,185.79513549804688,4600,0.0,0.0
2007-03-22 00:00:00+09:00,184.2468508645212,187.73050980943862,184.2468508645212,186.5692901611328,5600,0.0,0.0
2007-03-23 00:00:00+09:00,185.02095717742662,185.79510344176734,184.24681091308594,184.24681091308594,5800,0.0,0.0
2007-03-26 00:00:00+09:00,188.50462341308594,188.50462341308594,184.44035535181817,188.50462341308594,5200,0.0,0.0
2007-03-27 00:00:00+09:00,187.9240146331787,193.5365753173828,187.9240146331787,193.5365753173828,10400,0.0,0.0
2007-03-28 00:00:00+09:00,193.14952087402344,193.53659406214774,188.5046426165319,193.14952087402344,5200,0.0,0.0
2007-03-29 00:00:00+09:00,193.14950907757006,193.53658224205418,185.795118952372,192.76243591308594,7600,0.0,0.0
2007-03-30 00:00:00+09:00,193.14953036166654,195.4719696044922,188.89172508315283,195.4719696044922,5600,0.0,0.0
2007-04-02 00:00:00+09:00,193.53659138417294,197.02025002908803,189.85939614787364,190.0529327392578,1800,0.0,0.0
2007-04-03 00:00:00+09:00,190.0529327392578,193.1495182014046,190.0529327392578,190.0529327392578,2000,0.0,0.0
2007-04-04 00:00:00+09:00,192.76245715452893,195.4719696044922,189.66587149742807,195.4719696044922,6400,0.0,0.0
2007-04-05 00:00:00+09:00,197.02023604667855,200.1168212890625,191.60121187250667,200.1168212890625,16800,0.0,0.0
2007-04-06 00:00:00+09:00,200.11683738888718,200.11683738888718,193.5365932194267,196.6331787109375,6600,0.0,0.0
2007-04-09 00:00:00+09:00,185.02096600341795,193.5365753173828,185.02096600341795,193.5365753173828,5400,0.0,0.0
2007-04-10 00:00:00+09:00,193.53660356880414,195.4719696044922,193.53660356880414,195.4719696044922,1200,0.0,0.0
2007-04-11 00:00:00+09:00,191.60120384438525,199.34266662597656,191.60120384438525,199.34266662597656,3800,0.0,0.0
2007-04-12 00:00:00+09:00,191.2141574957432,196.24610900878906,191.2141574957432,196.24610900878906,2200,0.0,0.0
2007-04-13 00:00:00+09:00,197.02025859592894,199.3426977935234,190.82708740234375,190.82708740234375,7400,0.0,0.0
2007-04-16 00:00:00+09:00,192.76246406399474,197.4073427161392,186.37575591729612,189.66587829589844,3400,0.0,0.0
2007-04-17 00:00:00+09:00,186.5692714272572,189.665856845137,185.79512507278727,186.9563446044922,13400,0.0,0.0
2007-04-18 00:00:00+09:00,187.7305248530224,193.14955031269727,187.7305248530224,191.60125732421875,3400,0.0,0.0
2007-04-19 00:00:00+09:00,186.56925668193318,189.6658418550773,182.69852521550303,183.47267150878906,16200,0.0,0.0
2007-04-20 00:00:00+09:00,191.21414369733145,191.21414369733145,172.24755859375,172.24755859375,20000,0.0,0.0
2007-04-23 00:00:00+09:00,172.24756580633675,176.1182976222095,162.9578094482422,162.9578094482422,10600,0.0,0.0
2007-04-24 00:00:00+09:00,158.70000239269274,166.4414659240436,157.5387828629901,164.89317321777344,7200,0.0,0.0
2007-04-25 00:00:00+09:00,163.73198504780615,166.44149780273438,160.63539904217387,166.44149780273438,7000,0.0,0.0
2007-04-26 00:00:00+09:00,162.57074549578238,166.44147753139626,160.24830627441406,160.24830627441406,15200,0.0,0.0
2007-04-27 00:00:00+09:00,159.08708927549165,168.37684631347656,158.7000160655756,168.37684631347656,6000,0.0,0.0
2007-05-01 00:00:00+09:00,168.7639195233926,169.53806594322467,166.44148026389635,168.37684631347656,10200,0.0,0.0
2007-05-02 00:00:00+09:00,170.312184490953,171.47340393066406,167.21559931839022,171.47340393066406,7200,0.0,0.0
2007-05-07 00:00:00+09:00,171.86048952599324,176.89244079589844,171.86048952599324,176.89244079589844,11600,0.0,0.0
2007-05-08 00:00:00+09:00,174.57000038534338,175.34414672851562,174.57000038534338,175.34414672851562,1200,0.0,0.0
2007-05-09 00:00:00+09:00,174.18291016957645,177.2794952392578,166.44144749537304,177.2794952392578,5200,0.0,0.0
2007-05-10 00:00:00+09:00,176.50534710152874,179.21485900878906,171.47339641661674,179.21485900878906,5200,0.0,0.0
2007-05-11 00:00:00+09:00,174.57001081678604,179.6019623480903,171.47342525906035,174.1829376220703,3800,0.0,0.0
2007-05-14 00:00:00+09:00,174.18296281681504,179.21491507596747,166.44149780273438,166.44149780273438,12400,0.0,0.0
2007-05-15 00:00:00+09:00,166.44147122068102,171.0863494873047,160.63537338740147,171.0863494873047,7000,0.0,0.0
2007-05-16 00:00:00+09:00,166.8285369873047,168.7639028456261,166.44146381564042,166.8285369873047,4400,0.0,0.0
2007-05-17 00:00:00+09:00,167.60267639160156,167.60267639160156,167.60267639160156,167.60267639160156,1200,0.0,0.0
2007-05-18 00:00:00+09:00,167.60268762728947,167.98976080887675,160.63537035871855,162.9578094482422,13600,0.0,0.0
2007-05-21 00:00:00+09:00,158.70003242492675,160.6353986740112,154.8292999267578,154.8292999267578,15800,0.0,0.0
2007-05-22 00:00:00+09:00,158.31292176763696,160.63536071777344,156.37755597585655,160.63536071777344,4800,0.0,0.0
2007-05-23 00:00:00+09:00,162.57073415836817,169.53805133658395,162.57073415836817,164.89317321777344,7600,0.0,0.0
2007-05-24 00:00:00+09:00,169.92511183215726,169.92511183215726,166.4414535030242,167.98974609375,1800,0.0,0.0
2007-05-25 00:00:00+09:00,166.44149780273438,166.44149780273438,158.70003278865371,166.44149780273438,2000,0.0,0.0
2007-05-28 00:00:00+09:00,164.89317044344816,170.31219482421875,164.89317044344816,170.31219482421875,7400,0.0,0.0
2007-05-29 00:00:00+09:00,170.69927886962893,174.1829376220703,168.76391289605036,174.1829376220703,11400,0.0,0.0
2007-05-30 00:00:00+09:00,173.98938993974164,173.98938993974164,165.2802436135032,170.31219482421875,3200,0.0,0.0
2007-05-31 00:00:00+09:00,167.98975650229752,167.98975650229752,166.8285369873047,166.8285369873047,1000,0.0,0.0
2007-06-01 00:00:00+09:00,166.82853427844103,172.24755859375,166.4414611130618,172.24755859375,4400,0.0,0.0
2007-06-04 00:00:00+09:00,176.11829024754215,176.11829024754215,170.31219276685394,172.24755859375,9000,0.0,0.0
2007-06-05 00:00:00+09:00,167.60268263383344,170.31219482421875,167.60268263383344,170.31219482421875,2000,0.0,0.0
2007-06-06 00:00:00+09:00,168.76391252391124,172.24757126867087,168.76391252391124,169.15098571777344,4400,0.0,0.0
2007-06-07 00:00:00+09:00,169.15097531405362,170.31219482421875,168.37682897394353,170.31219482421875,1600,0.0,0.0
2007-06-08 00:00:00+09:00,166.4414824899,169.53806821064234,163.92550659179688,163.92550659179688,3400,0.0,0.0
2007-06-11 00:00:00+09:00,166.24790798595174,166.44144454938126,164.69961547851562,164.69961547851562,2000,0.0,0.0
2007-06-12 00:00:00+09:00,173.9893708521006,180.1825408935547,173.9893708521006,180.1825408935547,19200,0.0,0.0
2007-06-13 00:00:00+09:00,195.85902404785156,195.85902404785156,193.92365819757634,195.85902404785156,80000,0.0,0.0
2007-06-14 00:00:00+09:00,187.73046688157683,187.73046688157683,177.2794924366231,180.1825408935547,80000,0.0,0.0
2007-06-15 00:00:00+09:00,184.05329516796357,195.85902703467838,181.34378293625852,181.9243927001953,80000,0.0,0.0
2007-06-18 00:00:00+09:00,181.34379371007284,188.891721089681,180.76318391164145,185.79513549804688,16200,0.0,0.0
2007-06-19 00:00:00+09:00,182.8920780639001,183.47268783553153,182.31146829226867,182.5050048828125,9200,0.0,0.0
2007-06-20 00:00:00+09:00,182.31147286830804,183.85976563152084,180.76318010509524,181.15025329589844,11600,0.0,0.0
2007-06-21 00:00:00+09:00,180.56965752273308,180.56965752273308,176.50538870389343,177.08599853515625,7800,0.0,0.0
2007-06-22 00:00:00+09:00,176.11828414253566,179.98901566215184,175.73121099057406,178.05364990234375,7800,0.0,0.0
2007-06-25 00:00:00+09:00,174.57001459030877,178.82781982421875,174.18294138722607,178.82781982421875,7600,0.0,0.0
2007-06-26 00:00:00+09:00,176.50536836896623,176.50536836896623,172.6346366064889,173.40878295898438,5400,0.0,0.0
2007-06-27 00:00:00+09:00,169.7315877846309,173.40878295898438,168.76390484401156,173.40878295898438,7200,0.0,0.0
2007-06-28 00:00:00+09:00,172.24758558743736,172.63465881347656,172.24758558743736,172.63465881347656,2000,0.0,0.0
2007-06-29 00:00:00+09:00,172.63461873890742,188.11754418634305,172.63461873890742,182.3114471435547,40000,0.0,0.0
2007-07-02 00:00:00+09:00,178.44072550632066,182.89206681504666,174.95706709079596,178.63426208496094,20000,0.0,0.0
2007-07-03 00:00:00+09:00,178.05364079836036,184.24681091308594,178.05364079836036,184.24681091308594,15200,0.0,0.0
2007-07-04 00:00:00+09:00,185.40805751072784,188.1175698334316,179.21488648740498,184.6339111328125,15400,0.0,0.0
2007-07-05 00:00:00+09:00,181.9243927001953,182.3114658761532,181.9243927001953,181.9243927001953,4000,0.0,0.0
2007-07-06 00:00:00+09:00,183.85976475489713,184.6339111328125,181.92439881010873,184.6339111328125,20000,0.0,0.0
2007-07-09 00:00:00+09:00,184.6339060084705,184.6339060084705,176.50536926595922,180.9567108154297,19400,0.0,0.0
2007-07-10 00:00:00+09:00,180.9567185295953,180.9567185295953,174.1829376220703,174.1829376220703,11200,0.0,0.0
2007-07-11 00:00:00+09:00,174.18293544224332,179.4084235055106,174.18293544224332,176.11830139160156,10800,0.0,0.0
2007-07-12 00:00:00+09:00,177.66659637451173,177.66659637451173,174.1829376220703,174.1829376220703,8000,0.0,0.0
2007-07-13 00:00:00+09:00,172.6346257748811,178.05364990234375,170.3121868631114,178.05364990234375,20000,0.0,0.0
2007-07-17 00:00:00+09:00,177.66659880476536,177.66659880476536,174.1829400046719,174.7635498046875,2800,0.0,0.0
2007-07-18 00:00:00+09:00,173.21525463528104,176.11830359564888,172.44110824584962,174.1829376220703,5400,0.0,0.0
2007-07-19 00:00:00+09:00,170.11866998996865,173.989401957886,170.11866998996865,170.69927978515625,20000,0.0,0.0
2007-07-20 00:00:00+09:00,169.53805541992188,173.4087872788242,169.53805541992188,169.53805541992188,8000,0.0,0.0
2007-07-23 00:00:00+09:00,166.05442455203033,173.98942619146302,162.57076529569403,166.44149780273438,11800,0.0,0.0
2007-07-24 00:00:00+09:00,164.89316043896815,173.79584281008613,164.89316043896815,171.47340393066406,19000,0.0,0.0
2007-07-25 00:00:00+09:00,173.2152381431477,188.69816445761901,172.24755524849326,187.14987182617188,160000,0.0,0.0
2007-07-26 00:00:00+09:00,182.89205341015833,185.60156531253102,178.82778555659925,182.69851684570312,40000,0.0,0.0
2007-07-27 00:00:00+09:00,174.95706468665082,180.37608881411344,173.02169892684273,178.05364990234375,13400,0.0,0.0
2007-07-30 00:00:00+09:00,170.3122138566868,179.98904418945312,170.3122138566868,179.98904418945312,9200,0.0,0.0
2007-07-31 00:00:00+09:00,179.9889882405599,180.95667097303604,177.0859400431315,177.6665496826172,7200,0.0,0.0
2007-08-01 00:00:00+09:00,177.66657675038212,181.15023511803668,174.1829183827276,178.05364990234375,11400,0.0,0.0
2007-08-02 00:00:00+09:00,178.05368397802513,178.05368397802513,170.31221945724144,172.63465881347656,15800,0.0,0.0
2007-08-03 00:00:00+09:00,173.40880173378076,173.40880173378076,168.37684989775587,173.021728515625,3200,0.0,0.0
2007-08-06 00:00:00+09:00,170.31221708409927,170.31221708409927,164.50611877441406,164.50611877441406,3800,0.0,0.0
2007-08-07 00:00:00+09:00,164.50608385902856,174.18291232132438,164.50608385902856,165.86083984375,6200,0.0,0.0
2007-08-08 00:00:00+09:00,165.08672978327826,167.40916912372296,162.76429044283353,166.05441284179688,20000,0.0,0.0
2007-08-09 00:00:00+09:00,166.0544105888213,176.11831426087107,166.0544105888213,173.021728515625,20000,0.0,0.0
2007-08-10 00:00:00+09:00,169.92514277037893,173.021728515625,162.76428823449734,173.021728515625,13200,0.0,0.0
2007-08-13 00:00:00+09:00,173.021728515625,173.021728515625,173.021728515625,173.021728515625,0,0.0,0.0
2007-08-14 00:00:00+09:00,166.4414737277561,174.1829376220703,162.95781497531468,174.1829376220703,60000,0.0,0.0
2007-08-15 00:00:00+09:00,176.11831426087107,176.11831426087107,172.24758207931347,173.021728515625,17000,0.0,0.0
2007-08-16 00:00:00+09:00,168.37682270287917,169.53804216979557,162.57072536829713,167.60267639160156,20000,0.0,0.0
2007-08-17 00:00:00+09:00,166.05440331858102,169.92513533066915,163.73196411132812,163.73196411132812,16400,0.0,0.0
2007-08-20 00:00:00+09:00,166.4414645371279,166.4414645371279,162.95780597704848,163.34487915039062,5800,0.0,0.0
2007-08-21 00:00:00+09:00,158.8935687085907,164.50613081888196,158.8935687085907,159.8612518310547,8400,0.0,0.0
2007-08-22 00:00:00+09:00,164.50612344474436,166.0544163712831,162.95783051820558,165.66734313964844,3000,0.0,0.0
2007-08-23 00:00:00+09:00,166.44148606520432,168.76392540564905,162.95782705453726,166.05441284179688,8400,0.0,0.0
2007-08-24 00:00:00+09:00,166.44149780273438,166.44149780273438,166.44149780273438,166.44149780273438,6600,0.0,0.0
2007-08-27 00:00:00+09:00,166.4414896574733,166.4414896574733,163.1513671875,163.1513671875,10400,0.0,0.0
2007-08-28 00:00:00+09:00,166.24795304159252,166.24795304159252,163.1513671875,163.1513671875,800,0.0,0.0
2007-08-29 00:00:00+09:00,160.63540190168953,162.18369493206725,159.47418212890625,159.47418212890625,20000,0.0,0.0
2007-08-30 00:00:00+09:00,159.6676895251641,164.50610435925998,159.6676895251641,161.02244567871094,7000,0.0,0.0
2007-08-31 00:00:00+09:00,159.6676802434841,161.21597290039062,159.4741436613708,161.21597290039062,4000,0.0,0.0
2007-09-03 00:00:00+09:00,159.08710533308349,159.8612518310547,158.70003208409787,159.8612518310547,7000,0.0,0.0
2007-09-04 00:00:00+09:00,159.86123294011216,160.05476954173457,155.6034277044191,157.73233032226562,20000,0.0,0.0
2007-09-05 00:00:00+09:00,156.184039664991,158.31294231222134,153.28099060058594,153.28099060058594,6000,0.0,0.0
2007-09-06 00:00:00+09:00,152.8938805429559,152.8938805429559,143.99119889108758,147.08778381347656,9400,0.0,0.0
2007-09-07 00:00:00+09:00,149.02317810058594,149.02317810058594,149.02317810058594,149.02317810058594,2800,0.0,0.0
2007-09-10 00:00:00+09:00,143.7977170308431,150.9585723876953,143.60418039957682,150.9585723876953,7800,0.0,0.0
2007-09-11 00:00:00+09:00,145.15245056152344,150.95854858398437,145.15245056152344,145.15245056152344,0,0.0,0.0
2007-09-12 00:00:00+09:00,147.0878084406394,149.02317434117413,143.21707663956994,146.89427185058594,4200,0.0,0.0
2007-09-13 00:00:00+09:00,139.73338656955295,142.82997131347656,139.3463134765625,142.82997131347656,3800,0.0,0.0
2007-09-14 00:00:00+09:00,141.28171714081523,146.7007419078602,137.6045217631776,141.0881805419922,5800,0.0,0.0
2007-09-18 00:00:00+09:00,137.41098923588817,137.41098923588817,125.60525635787523,127.15354919433594,40000,0.0,0.0
2007-09-19 00:00:00+09:00,131.21780254307077,136.83036341880683,129.6695098876953,129.6695098876953,20000,0.0,0.0
2007-09-20 00:00:00+09:00,129.47595555707252,129.66949211246427,129.08888244628906,129.08888244628906,4400,0.0,0.0
2007-09-21 00:00:00+09:00,128.8953691383988,128.8953691383988,127.34707641601562,127.34707641601562,8200,0.0,0.0
2007-09-25 00:00:00+09:00,124.63755076837998,124.63755076837998,120.96035594757373,121.15389251708984,8200,0.0,0.0
2007-09-26 00:00:00+09:00,120.96038986654843,131.6049041748047,120.96038986654843,131.6049041748047,7800,0.0,0.0
2007-09-27 00:00:00+09:00,135.08852951136012,137.02389526367188,130.83072485627426,137.02389526367188,10200,0.0,0.0
2007-09-28 00:00:00+09:00,139.34634533557264,140.89463806152344,135.8626867021833,140.89463806152344,6200,0.0,0.0
2007-10-01 00:00:00+09:00,136.83035373959447,137.79803658075141,135.8626708984375,135.8626708984375,2600,0.0,0.0
2007-10-02 00:00:00+09:00,135.8626708984375,137.41096344428865,132.37901267027243,135.8626708984375,6600,0.0,0.0
2007-10-03 00:00:00+09:00,139.34631017736487,143.217041015625,139.34631017736487,143.217041015625,2200,0.0,0.0
2007-10-04 00:00:00+09:00,140.12049018899808,147.86195373535156,139.34634383436273,147.86195373535156,14000,0.0,0.0
2007-10-05 00:00:00+09:00,147.66844965616863,156.7646713256836,147.66844965616863,150.9585723876953,12000,0.0,0.0
2007-10-09 00:00:00+09:00,154.0551118109876,156.95816040039062,149.023160922689,156.95816040039062,14200,0.0,0.0
2007-10-10 00:00:00+09:00,157.15170349582317,157.15170349582317,151.7326792373465,153.6680450439453,7200,0.0,0.0
2007-10-11 00:00:00+09:00,152.31331225325889,154.4422149658203,147.08782377697173,154.4422149658203,9800,0.0,0.0
2007-10-12 00:00:00+09:00,150.95856742858885,154.8292999267578,148.2490546798706,154.8292999267578,17400,0.0,0.0
2007-10-15 00:00:00+09:00,152.8939148814408,152.8939148814408,148.63610965689435,150.1844024658203,3400,0.0,0.0
2007-10-16 00:00:00+09:00,147.86196325243134,152.8939148814408,145.15245083681089,150.1844024658203,6000,0.0,0.0
2007-10-17 00:00:00+09:00,147.08782135494172,149.79733385358537,146.3136749267578,146.3136749267578,3200,0.0,0.0
2007-10-18 00:00:00+09:00,145.15245528448196,150.57148028176928,145.15245528448196,146.3136749267578,2800,0.0,0.0
2007-10-19 00:00:00+09:00,150.95856742858885,156.76466617584228,147.08783493041992,154.8292999267578,14000,0.0,0.0
2007-10-22 00:00:00+09:00,147.0878352675327,149.79734802246094,145.53954226471657,149.79734802246094,8000,0.0,0.0
2007-10-23 00:00:00+09:00,152.89391043198168,156.7646423416521,151.3456176681135,154.0551300048828,20000,0.0,0.0
2007-10-24 00:00:00+09:00,154.8292763868169,154.8292763868169,150.95854447714646,154.0551300048828,5400,0.0,0.0
2007-10-25 00:00:00+09:00,155.9905196762085,155.9905196762085,150.57149417877196,154.8292999267578,7400,0.0,0.0
2007-10-26 00:00:00+09:00,154.63574443087074,154.63574443087074,150.37793920248635,152.70037841796875,3800,0.0,0.0
2007-10-29 00:00:00+09:00,156.76462336817465,160.63535480936415,154.05511135934202,160.4418182373047,16600,0.0,0.0
2007-10-30 00:00:00+09:00,160.44183321560132,162.18366252674778,157.1517111834358,157.9258575439453,9200,0.0,0.0
2007-10-31 00:00:00+09:00,156.7646509472889,162.57074913052182,156.7646509472889,162.37721252441406,15200,0.0,0.0
2007-11-01 00:00:00+09:00,162.5707210065698,163.73194044233102,156.95816040039062,156.95816040039062,9200,0.0,0.0
2007-11-02 00:00:00+09:00,150.95855829074299,156.7646566865408,147.0878260268778,152.50685119628906,12800,0.0,0.0
2007-11-05 00:00:00+09:00,149.41027442932128,154.8292999267578,149.02320117950438,154.8292999267578,6200,0.0,0.0
2007-11-06 00:00:00+09:00,148.6361049107143,151.7326904296875,148.6361049107143,149.02317810058594,3400,0.0,0.0
2007-11-07 00:00:00+09:00,149.0231874254015,150.95855349586122,143.9912356422061,146.3136749267578,4600,0.0,0.0
2007-11-08 00:00:00+09:00,143.21708455403646,145.15245056152344,143.21708455403646,145.15245056152344,1800,0.0,0.0
2007-11-09 00:00:00+09:00,143.41061020942584,143.41061020942584,141.28170776367188,141.28170776367188,12200,0.0,0.0
2007-11-12 00:00:00+09:00,139.3463326590402,139.3463326590402,133.73377203805106,135.47560119628906,6000,0.0,0.0
2007-11-13 00:00:00+09:00,150.9585723876953,150.9585723876953,150.9585723876953,150.9585723876953,2800,0.0,0.0
2007-11-14 00:00:00+09:00,156.76463073957365,158.3129233888534,151.7326796294145,156.18402099609375,14600,0.0,0.0
2007-11-15 00:00:00+09:00,156.3775905862806,156.3775905862806,150.95856516992433,154.24868774414062,7600,0.0,0.0
2007-11-16 00:00:00+09:00,154.24865619916275,155.21633911132812,153.8615830342966,155.21633911132812,5200,0.0,0.0
2007-11-19 00:00:00+09:00,156.76464957480104,158.31294241010772,152.31330767329433,155.79696655273438,6200,0.0,0.0
2007-11-20 00:00:00+09:00,150.95854574175024,155.60342407226562,147.28135039675888,155.60342407226562,8000,0.0,0.0
2007-11-21 00:00:00+09:00,157.7323493003845,158.31295917510985,154.8292999267578,154.8292999267578,2600,0.0,0.0
2007-11-22 00:00:00+09:00,149.21673105579862,153.28099999506162,147.08782827808943,153.08746337890625,6200,0.0,0.0
2007-11-26 00:00:00+09:00,147.66844965616863,150.9585723876953,147.28137639363607,150.9585723876953,13400,0.0,0.0
2007-11-27 00:00:00+09:00,152.31332880655924,153.47454859415691,147.08783976236978,150.9585723876953,9400,0.0,0.0
2007-11-28 00:00:00+09:00,150.95853291470698,153.6680450439453,150.95853291470698,153.6680450439453,3000,0.0,0.0
2007-11-29 00:00:00+09:00,154.8292645279046,155.60341085054412,151.7326792373465,153.6680450439453,7400,0.0,0.0
2007-11-30 00:00:00+09:00,153.66806733336628,154.63575037702728,152.8939208984375,152.8939208984375,5400,0.0,0.0
2007-12-03 00:00:00+09:00,150.95853899965192,156.3775634765625,150.95853899965192,156.3775634765625,6600,0.0,0.0
2007-12-04 00:00:00+09:00,154.82927076887376,156.3775634765625,154.82927076887376,156.3775634765625,6200,0.0,0.0
2007-12-05 00:00:00+09:00,154.44221613957333,155.99050903320312,154.44221613957333,155.99050903320312,1400,0.0,0.0
2007-12-06 00:00:00+09:00,155.99050202546297,157.53879484953703,154.82928240740742,156.7646484375,12400,0.0,0.0
2007-12-07 00:00:00+09:00,154.82926392202893,157.53877604066443,153.28097128280865,157.15170288085938,8800,0.0,0.0
2007-12-10 00:00:00+09:00,157.15173942565917,157.53881267547607,154.8292999267578,154.8292999267578,8200,0.0,0.0
2007-12-11 00:00:00+09:00,157.53880310058594,157.53880310058594,155.02282712969205,157.53880310058594,7600,0.0,0.0
2007-12-12 00:00:00+09:00,155.02282387138212,173.021728515625,155.02282387138212,173.021728515625,80000,0.0,0.0
2007-12-13 00:00:00+09:00,173.40878295898438,173.40878295898438,173.40878295898438,173.40878295898438,400,0.0,0.0
2007-12-14 00:00:00+09:00,162.57076086527385,162.95783410542927,155.99051578263183,162.76429748535156,18000,0.0,0.0
2007-12-17 00:00:00+09:00,164.31255781592392,166.4414602140101,154.82926531535824,158.6999969482422,14600,0.0,0.0
2007-12-18 00:00:00+09:00,155.60342783167744,160.24830627441406,155.60342783167744,160.24830627441406,11800,0.0,0.0
2007-12-19 00:00:00+09:00,161.79660034179688,162.57074675491552,157.53879506964432,161.79660034179688,15400,0.0,0.0
2007-12-20 00:00:00+09:00,164.50609375582675,164.89316691760516,154.82926471136636,162.18365478515625,14400,0.0,0.0
2007-12-21 00:00:00+09:00,164.11904907226562,164.50612230120964,162.57075615648952,164.11904907226562,9600,0.0,0.0
2007-12-25 00:00:00+09:00,160.9780058192746,162.54852294921875,158.22960084187235,162.54852294921875,7000,3.0,0.0
2007-12-26 00:00:00+09:00,164.9042748993334,164.9042748993334,158.81852189709608,159.21115112304688,1600,0.0,0.0
2007-12-27 00:00:00+09:00,160.78166802685004,160.78166802685004,159.01483651007146,159.21115112304688,2600,0.0,0.0
2007-12-28 00:00:00+09:00,162.74483759046177,162.74483759046177,162.54852294921875,162.54852294921875,3000,0.0,0.0
2008-01-04 00:00:00+09:00,153.12540217541832,160.58535766601562,153.12540217541832,160.58535766601562,1000,0.0,0.0
2008-01-07 00:00:00+09:00,152.73276966325253,155.08854503080912,148.02121892813935,149.59173583984375,9200,0.0,0.0
2008-01-08 00:00:00+09:00,148.02123320102692,151.16226732730865,148.02123320102692,150.76963806152344,2400,0.0,0.0
2008-01-09 00:00:00+09:00,152.14385493473182,152.34016958626052,146.45073004039992,151.94754028320312,3400,0.0,0.0
2008-01-10 00:00:00+09:00,153.12540586829792,154.6959228515625,153.12540586829792,154.6959228515625,1200,0.0,0.0
2008-01-11 00:00:00+09:00,149.1991164921466,149.984375,149.1991164921466,149.984375,3400,0.0,0.0
2008-01-15 00:00:00+09:00,146.4507353017028,147.23599393602828,137.81289032412246,139.38340759277344,8600,0.0,0.0
2008-01-16 00:00:00+09:00,124.2671595745205,126.42662048339844,123.67821569028108,126.42662048339844,8800,0.0,0.0
2008-01-17 00:00:00+09:00,124.85607565298169,126.81922149658203,123.67818814682148,126.81922149658203,4200,0.0,0.0
2008-01-18 00:00:00+09:00,126.81927829318576,134.27923583984375,126.81927829318576,134.27923583984375,5800,0.0,0.0
2008-01-21 00:00:00+09:00,138.20550537109375,138.20550537109375,138.20550537109375,138.20550537109375,400,0.0,0.0
2008-01-22 00:00:00+09:00,122.6966455578804,126.03399431705475,122.6966455578804,125.64136505126953,11000,0.0,0.0
2008-01-23 00:00:00+09:00,125.64134713826053,133.8865605442089,125.64134713826053,125.83766174316406,4000,0.0,0.0
2008-01-24 00:00:00+09:00,127.60449981689455,127.60449981689455,127.60449981689455,127.60449981689453,200,0.0,0.0
2008-01-25 00:00:00+09:00,134.67186518440468,134.67186518440468,134.27923583984375,134.27923583984375,8600,0.0,0.0
2008-01-28 00:00:00+09:00,135.8497314453125,135.8497314453125,135.8497314453125,135.8497314453125,0,0.0,0.0
2008-01-29 00:00:00+09:00,129.56765747070312,129.56765747070312,125.83767945260713,129.56765747070312,10800,0.0,0.0
2008-01-30 00:00:00+09:00,129.56764608354712,131.53079223632812,128.3897583918785,131.53079223632812,1400,0.0,0.0
2008-01-31 00:00:00+09:00,131.53082511167833,135.45711839859408,131.53082511167833,134.67185974121094,1200,0.0,0.0
2008-02-01 00:00:00+09:00,133.10128894152942,135.4570639670432,130.74551391601562,130.74551391601562,15200,0.0,0.0
2008-02-04 00:00:00+09:00,134.67181860882303,136.6349646526834,134.67181860882303,135.4570770263672,4400,0.0,0.0
2008-02-05 00:00:00+09:00,135.4570533489359,135.4570533489359,127.80078511616995,130.9418182373047,3200,0.0,0.0
2008-02-06 00:00:00+09:00,129.5676577091217,129.5676577091217,125.64136505126953,125.64136505126953,7400,0.0,0.0
2008-02-07 00:00:00+09:00,128.78238047724184,135.4570770263672,125.24871759829314,135.4570770263672,2800,0.0,0.0
2008-02-08 00:00:00+09:00,129.56765291167468,129.56765291167468,123.28558489171469,128.7823944091797,2000,0.0,0.0
2008-02-12 00:00:00+09:00,130.35288474509665,130.74551391601562,130.35288474509665,130.74551391601562,600,0.0,0.0
2008-02-13 00:00:00+09:00,125.6413536658654,132.5123651944674,125.6413536658654,127.60449981689453,5600,0.0,0.0
2008-02-14 00:00:00+09:00,130.74551391601562,130.74551391601562,130.74551391601562,130.74551391601562,400,0.0,0.0
2008-02-15 00:00:00+09:00,135.457114421146,141.34655417858716,131.5308212495186,139.38340759277344,18400,0.0,0.0
2008-02-18 00:00:00+09:00,141.346537413617,141.346537413617,137.61655934297988,141.1502227783203,7000,0.0,0.0
2008-02-19 00:00:00+09:00,139.77600381540697,148.61016135992006,139.77600381540697,143.5059814453125,8200,0.0,0.0
2008-02-20 00:00:00+09:00,159.21115112304688,159.21115112304688,159.21115112304688,159.21115112304688,7200,0.0,0.0
2008-02-21 00:00:00+09:00,174.91633557575506,174.91633557575506,153.51804087569073,160.97799682617188,120000,0.0,0.0
2008-02-22 00:00:00+09:00,153.1254218606388,153.1254218606388,146.84335327148438,146.84335327148438,60000,0.0,0.0
2008-02-25 00:00:00+09:00,146.8433214689556,149.9843550832648,146.8433214689556,149.1990966796875,18200,0.0,0.0
2008-02-26 00:00:00+09:00,149.1990884316934,149.1990884316934,145.27279663085938,145.27279663085938,7400,0.0,0.0
2008-02-27 00:00:00+09:00,147.23598430683086,151.1622772216797,147.23598430683086,151.1622772216797,3000,0.0,0.0
2008-02-28 00:00:00+09:00,146.4507186279297,150.769640625,146.4507186279297,147.23597717285156,20000,0.0,0.0
2008-02-29 00:00:00+09:00,147.2359702225131,149.984375,146.4507117146597,149.984375,4200,0.0,0.0
2008-03-03 00:00:00+09:00,141.3465308620505,143.30967712402344,138.59812609528842,143.30967712402344,10600,0.0,0.0
2008-03-04 00:00:00+09:00,138.00918579101562,143.30968083562078,138.00918579101562,138.00918579101562,0,0.0,0.0
2008-03-05 00:00:00+09:00,138.0091668833857,138.20548148777175,135.4570770263672,135.4570770263672,6400,0.0,0.0
2008-03-06 00:00:00+09:00,134.4754898029825,144.48753356933594,134.4754898029825,144.48753356933594,1400,0.0,0.0
2008-03-07 00:00:00+09:00,141.34653542258525,141.34653542258525,129.56765747070312,129.56765747070312,12200,0.0,0.0
2008-03-10 00:00:00+09:00,133.49393826998198,133.49393826998198,127.60449981689455,127.60449981689453,3800,0.0,0.0
2008-03-11 00:00:00+09:00,133.49396736391128,134.27922599546372,133.49396736391128,133.8865966796875,7600,0.0,0.0
2008-03-12 00:00:00+09:00,135.4570770263672,135.4570770263672,135.4570770263672,135.4570770263672,800,0.0,0.0
2008-03-13 00:00:00+09:00,129.56764608354712,131.53079223632812,127.6044999307661,131.53079223632812,3200,0.0,0.0
2008-03-14 00:00:00+09:00,128.3897381714623,129.76394026198253,125.64133399042183,126.81922149658203,5800,0.0,0.0
2008-03-17 00:00:00+09:00,129.56765251564872,130.74554026579096,123.87452838996111,129.371337890625,12600,0.0,0.0
2008-03-18 00:00:00+09:00,130.94185410119536,130.94185410119536,125.64135925751879,130.54922485351562,6800,0.0,0.0
2008-03-19 00:00:00+09:00,131.1381428124124,133.49391783299467,126.81922194134495,131.33445739746094,4600,0.0,0.0
2008-03-21 00:00:00+09:00,129.76391042981828,131.92337036132812,125.83761964525496,131.92337036132812,5200,0.0,0.0
2008-03-24 00:00:00+09:00,132.31605984398044,133.49394761707225,127.80082338046182,133.101318359375,3400,0.0,0.0
2008-03-25 00:00:00+09:00,134.27920492247202,134.86814880371094,130.35291238087927,134.86814880371094,3400,0.0,0.0
2008-03-26 00:00:00+09:00,133.2976570907904,134.86817440555672,130.94188111864096,134.67185974121094,4600,0.0,0.0
2008-03-27 00:00:00+09:00,135.0644851039833,139.38340759277344,135.0644851039833,139.38340759277344,3200,0.0,0.0
2008-03-28 00:00:00+09:00,140.56124189625615,144.48753356933594,135.06443355394447,144.48753356933594,5600,0.0,0.0
2008-03-31 00:00:00+09:00,141.34653624163352,141.34653624163352,135.65341186523438,135.65341186523438,2200,0.0,0.0
2008-04-01 00:00:00+09:00,137.42026100695972,139.38340759277344,131.5308212495186,139.38340759277344,3200,0.0,0.0
2008-04-02 00:00:00+09:00,133.10131374327077,141.3465278689601,133.10131374327077,140.16864013671875,1800,0.0,0.0
2008-04-03 00:00:00+09:00,133.8865966796875,137.42026052167338,133.8865966796875,133.8865966796875,0,0.0,0.0
2008-04-04 00:00:00+09:00,133.6902494594029,137.42022705078125,133.49393484933034,137.42022705078125,1600,0.0,0.0
2008-04-07 00:00:00+09:00,134.27923583984375,134.27923583984375,134.27923583984375,134.27923583984375,200,0.0,0.0
2008-04-08 00:00:00+09:00,133.69027216294234,133.69027216294234,133.49395751953125,133.49395751953125,400,0.0,0.0
2008-04-09 00:00:00+09:00,139.38338606017976,139.38338606017976,133.6902618408203,133.6902618408203,1800,0.0,0.0
2008-04-10 00:00:00+09:00,135.45711753949095,135.45711753949095,129.7639923095703,129.7639923095703,3800,0.0,0.0
2008-04-11 00:00:00+09:00,129.96028673576586,132.70869159120502,129.56765747070312,129.56765747070312,2600,0.0,0.0
2008-04-14 00:00:00+09:00,129.56765747070312,129.56765747070312,129.56765747070312,129.56765747070312,3200,0.0,0.0
2008-04-15 00:00:00+09:00,129.56765747070312,129.56765747070312,129.56765747070312,129.56765747070312,4200,0.0,0.0
2008-04-16 00:00:00+09:00,129.56767714167216,133.4939703883895,129.56767714167216,130.35293579101562,2800,0.0,0.0
2008-04-17 00:00:00+09:00,130.54916858673096,132.7086285182408,129.56759589059013,131.92337036132812,1400,0.0,0.0
2008-04-18 00:00:00+09:00,132.11972543959803,132.3160400390625,132.11972543959803,132.3160400390625,1000,0.0,0.0
2008-04-21 00:00:00+09:00,133.4939223069411,133.4939223069411,132.7086639404297,132.7086639404297,1800,0.0,0.0
2008-04-22 00:00:00+09:00,130.54922485351562,133.88657345879346,130.54922485351562,130.54922485351562,0,0.0,0.0
2008-04-23 00:00:00+09:00,129.56765019245228,141.3465274826752,129.37133557094856,140.75758361816406,9000,0.0,0.0
2008-04-24 00:00:00+09:00,132.7086639404297,132.7086639404297,132.1197201655461,132.7086639404297,2800,0.0,0.0
2008-04-25 00:00:00+09:00,133.49395751953125,137.2239357443417,133.49395751953125,133.49395751953125,0,0.0,0.0
2008-04-28 00:00:00+09:00,131.92339063080422,132.1197052001953,131.53076149202207,132.1197052001953,1400,0.0,0.0
2008-04-30 00:00:00+09:00,132.1196849005563,133.49388667515348,131.92337036132812,131.92337036132812,2400,0.0,0.0
2008-05-01 00:00:00+09:00,132.51236531271863,132.51236531271863,131.53079223632812,131.53079223632812,7800,0.0,0.0
2008-05-02 00:00:00+09:00,131.53079223632812,131.53079223632812,131.53079223632812,131.53079223632812,3200,0.0,0.0
2008-05-07 00:00:00+09:00,131.72707606141316,132.31601976958638,131.72707606141316,132.1197052001953,1400,0.0,0.0
2008-05-08 00:00:00+09:00,131.92344037224265,133.49395751953125,131.5308110854205,133.49395751953125,7600,0.0,0.0
2008-05-09 00:00:00+09:00,135.65341859705308,135.65341859705308,133.49395751953125,133.49395751953125,1200,0.0,0.0
2008-05-12 00:00:00+09:00,133.49392607180923,135.45707204345348,131.53078010016498,135.26075744628906,9600,0.0,0.0
2008-05-13 00:00:00+09:00,132.70867574113623,138.59811401367188,132.70867574113623,138.59811401367188,3800,0.0,0.0
2008-05-14 00:00:00+09:00,132.51239707671016,132.70871173904604,129.56767714167216,130.35293579101562,9800,0.0,0.0
2008-05-15 00:00:00+09:00,130.3529045446595,141.73915223078941,130.3529045446595,131.53079223632812,13200,0.0,0.0
2008-05-16 00:00:00+09:00,131.13818179859837,138.20550896139707,131.13818179859837,133.49395751953125,7000,0.0,0.0
2008-05-19 00:00:00+09:00,133.49394421111373,133.49394421111373,130.54922485351562,130.54922485351562,6000,0.0,0.0
2008-05-20 00:00:00+09:00,133.49392607180923,135.26075744628906,132.90498228031595,135.26075744628906,13800,0.0,0.0
2008-05-21 00:00:00+09:00,133.49396736391128,133.8865966796875,131.53082078503024,133.8865966796875,8200,0.0,0.0
2008-05-22 00:00:00+09:00,131.92342308940724,137.02760314941406,131.92342308940724,137.02760314941406,14800,0.0,0.0
2008-05-23 00:00:00+09:00,137.0276462527087,137.42027561159898,132.7087233049156,134.47555541992188,3600,0.0,0.0
2008-05-26 00:00:00+09:00,133.49395751953125,133.49395751953125,133.49395751953125,133.49395751953125,1800,0.0,0.0
2008-05-27 00:00:00+09:00,133.49395751953125,133.49395751953125,133.49395751953125,133.49395751953125,4400,0.0,0.0
2008-05-28 00:00:00+09:00,133.49395751953125,133.49395751953125,131.5308110854205,133.49395751953125,9000,0.0,0.0
2008-05-29 00:00:00+09:00,133.49395751953125,133.49395751953125,131.5308110854205,133.49395751953125,8600,0.0,0.0
2008-05-30 00:00:00+09:00,135.06444716179507,136.6349639892578,133.49393033433233,136.6349639892578,11400,0.0,0.0
2008-06-02 00:00:00+09:00,137.42020960012192,145.27279300584317,137.42020960012192,142.1317596435547,20000,0.0,0.0
2008-06-03 00:00:00+09:00,141.93546236810872,141.93546236810872,138.59811401367188,138.59811401367188,2400,0.0,0.0
2008-06-04 00:00:00+09:00,137.4202192322282,142.52439880371094,137.4202192322282,142.52439880371094,2600,0.0,0.0
2008-06-05 00:00:00+09:00,138.40179475963623,141.34651379707532,137.81285095214844,137.81285095214844,4200,0.0,0.0
2008-06-06 00:00:00+09:00,140.16863088634804,140.16863088634804,137.42022635916473,138.59811401367188,3200,0.0,0.0
2008-06-09 00:00:00+09:00,132.119744024596,136.63498044742767,132.119744024596,134.86814880371094,7400,0.0,0.0
2008-06-10 00:00:00+09:00,135.06447288204478,135.8497314453125,133.88658503714325,135.8497314453125,3400,0.0,0.0
2008-06-11 00:00:00+09:00,136.24237705597724,136.24237705597724,134.67185974121094,134.67185974121094,800,0.0,0.0
2008-06-12 00:00:00+09:00,135.0644626369724,136.04603576660156,134.67183338512075,136.04603576660156,2800,0.0,0.0
2008-06-13 00:00:00+09:00,137.02760314941406,137.02760314941406,137.02760314941406,137.02760314941406,200,0.0,0.0
2008-06-16 00:00:00+09:00,137.4202468178489,138.20550537109375,136.24235898798162,138.20550537109375,2800,0.0,0.0
2008-06-17 00:00:00+09:00,137.42022601774616,139.1870574951172,137.42022601774616,139.1870574951172,1000,0.0,0.0
2008-06-18 00:00:00+09:00,135.06445660774784,137.61654663085938,133.69025428761088,137.61654663085938,10600,0.0,0.0
2008-06-19 00:00:00+09:00,136.046072855483,136.046072855483,134.47555541992188,134.47555541992188,2200,0.0,0.0
2008-06-20 00:00:00+09:00,133.49395751953125,133.49395751953125,130.94186715518728,133.49395751953125,4000,0.0,0.0
2008-06-23 00:00:00+09:00,133.4939501213305,133.4939501213305,125.64136482007576,129.56765747070312,7200,0.0,0.0
2008-06-24 00:00:00+09:00,130.5492469950918,130.5492469950918,126.23032453811132,128.38978576660156,4200,0.0,0.0
2008-06-25 00:00:00+09:00,125.8376682809683,129.56764596792368,125.8376682809683,127.60449981689453,9600,0.0,0.0
2008-06-26 00:00:00+09:00,125.64136482007576,129.56765747070312,125.64136482007576,129.56765747070312,5000,0.0,0.0
2008-06-27 00:00:00+09:00,125.64136197107919,126.42662048339844,125.64136197107919,126.42662048339844,3200,0.0,0.0
2008-06-30 00:00:00+09:00,125.64136482007576,129.56765747070312,116.21826245857008,129.56765747070312,11600,0.0,0.0
2008-07-01 00:00:00+09:00,126.42662358283997,126.42662358283997,125.64136505126953,125.64136505126953,8600,0.0,0.0
2008-07-02 00:00:00+09:00,122.8929443359375,131.1381578536841,122.8929443359375,122.8929443359375,0,0.0,0.0
2008-07-03 00:00:00+09:00,121.71507239341736,125.64136505126953,121.71507239341736,125.64136505126953,1400,0.0,0.0
2008-07-04 00:00:00+09:00,123.28558420912127,126.0339889526367,123.28558420912127,126.03398895263672,1600,0.0,0.0
2008-07-07 00:00:00+09:00,125.24873455500199,127.40819549560547,120.92981267379503,127.40819549560547,18000,0.0,0.0
2008-07-08 00:00:00+09:00,124.26715764000853,129.371337890625,124.26715764000853,129.371337890625,800,0.0,0.0
2008-07-09 00:00:00+09:00,125.83767709197546,133.101318359375,125.24873320542956,133.101318359375,13000,0.0,0.0
2008-07-10 00:00:00+09:00,125.64136505126953,125.64136505126953,125.64136505126953,125.64136505126953,200,0.0,0.0
2008-07-11 00:00:00+09:00,131.5308242774767,131.5308242774767,129.7639923095703,129.7639923095703,9400,0.0,0.0
2008-07-14 00:00:00+09:00,122.10771307566809,123.67823028564452,118.37773470197405,123.67823028564453,17000,0.0,0.0
2008-07-15 00:00:00+09:00,120.14457815847089,121.71509552001953,120.14457815847089,121.71509552001953,4600,0.0,0.0
2008-07-16 00:00:00+09:00,119.94824069738388,125.64136505126953,117.78877973556519,125.64136505126953,14400,0.0,0.0
2008-07-17 00:00:00+09:00,124.07084270726854,126.0339889526367,124.07084270726854,126.03398895263672,1400,0.0,0.0
2008-07-18 00:00:00+09:00,123.87454223632812,126.230317999935,123.87454223632812,123.87454223632812,4200,0.0,0.0
2008-07-22 00:00:00+09:00,123.67823028564452,125.24874749562096,123.67823028564452,123.67823028564453,8000,0.0,0.0
2008-07-23 00:00:00+09:00,125.2487335205078,125.2487335205078,125.2487335205078,125.24873352050781,4200,0.0,0.0
2008-07-24 00:00:00+09:00,124.26715287321608,129.17501831054688,124.26715287321608,129.17501831054688,4000,0.0,0.0
2008-07-25 00:00:00+09:00,116.61086310986026,126.81922149658203,116.61086310986026,126.81922149658203,20000,0.0,0.0
2008-07-28 00:00:00+09:00,125.44504094014641,128.58607482910156,125.44504094014641,128.58607482910156,3800,0.0,0.0
2008-07-29 00:00:00+09:00,128.1934356689453,128.1934356689453,128.1934356689453,128.1934356689453,200,0.0,0.0
2008-07-30 00:00:00+09:00,127.99712106608321,128.1934356689453,127.99712106608321,128.1934356689453,3400,0.0,0.0
2008-07-31 00:00:00+09:00,127.99712371826172,127.99712371826172,127.99712371826172,127.99712371826172,5000,0.0,0.0
2008-08-01 00:00:00+09:00,127.99714041045219,129.56765747070312,127.99714041045219,129.56765747070312,9000,0.0,0.0
2008-08-04 00:00:00+09:00,122.1076889038086,129.56764417445928,122.1076889038086,122.1076889038086,0,0.0,0.0
2008-08-05 00:00:00+09:00,124.85609520545373,127.60449981689455,124.85609520545373,127.60449981689453,400,0.0,0.0
2008-08-06 00:00:00+09:00,123.87453312729345,129.56765747070312,123.87453312729345,129.56765747070312,3000,0.0,0.0
2008-08-07 00:00:00+09:00,124.26716239235618,129.56765747070312,124.26716239235618,129.56765747070312,800,0.0,0.0
2008-08-08 00:00:00+09:00,123.67821849476208,129.56765747070312,123.67821849476208,129.56765747070312,8600,0.0,0.0
2008-08-11 00:00:00+09:00,129.56766465130974,133.49395751953125,129.56766465130974,133.49395751953125,12400,0.0,0.0
2008-08-12 00:00:00+09:00,124.07085004084591,133.29763793945312,124.07085004084591,133.29763793945312,1200,0.0,0.0
2008-08-13 00:00:00+09:00,129.56766465130974,133.49395751953125,128.78240607766546,133.49395751953125,4400,0.0,0.0
2008-08-14 00:00:00+09:00,129.56766465130974,133.49395751953125,127.80083286061007,133.49395751953125,3400,0.0,0.0
2008-08-15 00:00:00+09:00,123.67823028564452,132.9050188942561,123.67823028564452,123.67823028564453,0,0.0,0.0
2008-08-18 00:00:00+09:00,130.3529135554941,133.29763298822363,130.3529135554941,133.101318359375,1000,0.0,0.0
2008-08-19 00:00:00+09:00,129.56765985278213,133.29763793945312,129.56765985278213,133.29763793945312,3600,0.0,0.0
2008-08-20 00:00:00+09:00,128.58609143425437,133.49395751953125,128.58609143425437,133.49395751953125,9400,0.0,0.0
2008-08-21 00:00:00+09:00,128.78239894057765,129.56765747070312,127.80082577792082,129.56765747070312,1000,0.0,0.0
2008-08-22 00:00:00+09:00,131.3344775038499,131.3344775038499,123.67820751483625,127.60449981689453,3000,0.0,0.0
2008-08-25 00:00:00+09:00,123.67821872234344,125.64136505126953,123.67821872234344,125.64136505126953,10800,0.0,0.0
2008-08-26 00:00:00+09:00,123.48188781738281,123.48188781738281,123.48188781738281,123.48188781738281,200,0.0,0.0
2008-08-27 00:00:00+09:00,121.71507239341736,125.64136505126953,121.71507239341736,125.64136505126953,4200,0.0,0.0
2008-08-28 00:00:00+09:00,124.07086181640625,124.07086181640625,124.07086181640625,124.07086181640625,600,0.0,0.0
2008-08-29 00:00:00+09:00,126.62292152974867,126.62292152974867,123.48188781738281,123.48188781738281,800,0.0,0.0
2008-09-01 00:00:00+09:00,122.69664605458577,122.69664605458577,117.78878021240234,117.78878021240234,2800,0.0,0.0
2008-09-02 00:00:00+09:00,118.57405059297206,118.57405059297206,112.68461099398338,115.82564544677734,6000,0.0,0.0
2008-09-03 00:00:00+09:00,113.46983555795558,113.46983555795558,104.24304962158203,104.24304962158203,11200,0.0,0.0
2008-09-04 00:00:00+09:00,106.0098876953125,109.93617983217592,106.0098876953125,106.0098876953125,5200,0.0,0.0
2008-09-05 00:00:00+09:00,102.08359497070313,102.08359497070313,94.42732534790039,98.15730285644531,10200,0.0,0.0
2008-09-08 00:00:00+09:00,102.0835993100354,105.5779970438449,102.0835993100354,104.87126922607422,2200,0.0,0.0
2008-09-09 00:00:00+09:00,107.18777533637152,107.5411392322707,105.2246292679398,106.0098876953125,1800,0.0,0.0
2008-09-10 00:00:00+09:00,104.8712681803939,104.8712681803939,98.15730605014535,101.29833984375,11400,0.0,0.0
2008-09-11 00:00:00+09:00,102.08359555844906,106.0098876953125,102.08359555844906,106.0098876953125,1600,0.0,0.0
2008-09-12 00:00:00+09:00,102.47623590433373,104.0467529296875,98.5499433409493,104.0467529296875,4200,0.0,0.0
2008-09-16 00:00:00+09:00,92.2678688728389,98.1180419921875,92.2678688728389,98.1180419921875,8400,0.0,0.0
2008-09-17 00:00:00+09:00,92.22859378298656,106.0098806659827,92.22859378298656,104.83199310302734,7400,0.0,0.0
2008-09-18 00:00:00+09:00,95.40891971512745,99.33521270751953,95.40891971512745,99.33521270751953,400,0.0,0.0
2008-09-19 00:00:00+09:00,102.86885982751846,104.04674753546715,94.62364587187767,100.5130844116211,1400,0.0,0.0
2008-09-22 00:00:00+09:00,100.5130844116211,100.5130844116211,100.5130844116211,100.5130844116211,1400,0.0,0.0
2008-09-24 00:00:00+09:00,96.19414929096206,96.97940765252093,93.05311584472656,93.05311584472656,10200,0.0,0.0
2008-09-25 00:00:00+09:00,93.05311584472656,93.05311584472656,93.05311584472656,93.05311584472656,10200,0.0,0.0
2008-09-26 00:00:00+09:00,93.09239935288207,96.19416809082031,93.09239935288207,96.19416809082031,800,0.0,0.0
2008-09-29 00:00:00+09:00,102.08360826646958,102.08360826646958,101.69097900390625,101.69097900390625,600,0.0,0.0
2008-09-30 00:00:00+09:00,98.15731564083615,101.69097900390625,98.15731564083615,101.69097900390625,5200,0.0,0.0
2008-10-01 00:00:00+09:00,95.80154332458248,97.72542438017362,93.44576766905996,96.97943115234375,5200,0.0,0.0
2008-10-02 00:00:00+09:00,91.75745495952448,91.87524493328937,90.69735717773438,90.69735717773438,9000,0.0,0.0
2008-10-03 00:00:00+09:00,90.30472409408705,90.30472409408705,88.73420715332031,88.73420715332031,6200,0.0,0.0
2008-10-06 00:00:00+09:00,88.34159239283147,88.34159239283147,76.95534270664432,83.23741149902344,8000,0.0,0.0
2008-10-07 00:00:00+09:00,78.52586172159435,80.88163757324219,75.77745656133855,80.88163757324219,5000,0.0,0.0
2008-10-08 00:00:00+09:00,78.52584268764018,78.52584268764018,69.10274156512335,71.89041137695312,31600,0.0,0.0
2008-10-09 00:00:00+09:00,68.74937182902232,73.8142858556799,68.74937182902232,72.63639831542969,5000,0.0,0.0
2008-10-10 00:00:00+09:00,67.92484815442884,72.63639831542969,67.92484815442884,72.63639831542969,4600,0.0,0.0
2008-10-14 00:00:00+09:00,73.42167172315644,80.48899841308594,73.42167172315644,80.48899841308594,6600,0.0,0.0
2008-10-15 00:00:00+09:00,73.42167172315644,80.48899841308594,73.42167172315644,80.48899841308594,6600,0.0,0.0
2008-10-16 00:00:00+09:00,81.66688619474085,81.66688619474085,80.48899841308594,80.48899841308594,2600,0.0,0.0
2008-10-17 00:00:00+09:00,82.6484603881836,82.6484603881836,82.6484603881836,82.6484603881836,200,0.0,0.0
2008-10-20 00:00:00+09:00,79.11479957217261,82.4521484375,79.11479957217261,82.4521484375,6400,0.0,0.0
2008-10-21 00:00:00+09:00,89.51947240768365,89.51947240768365,89.08757781982422,89.08757781982422,1200,0.0,0.0
2008-10-22 00:00:00+09:00,84.41529846191406,84.41529846191406,84.41529846191406,84.41529846191406,200,0.0,0.0
2008-10-23 00:00:00+09:00,78.52584175441577,78.996995606733,73.46092735767445,76.7590103149414,5000,0.0,0.0
2008-10-24 00:00:00+09:00,80.29269006833509,80.29269006833509,78.52585825754042,78.91848754882812,1000,0.0,0.0
2008-10-27 00:00:00+09:00,73.81428951687283,76.95532311333551,70.67325592041016,70.67325592041016,8200,0.0,0.0
2008-10-28 00:00:00+09:00,70.67327162798713,70.67327162798713,66.74697875976562,66.74697875976562,6000,0.0,0.0
2008-10-29 00:00:00+09:00,69.57389661150053,69.57389661150053,68.71011352539062,68.71011352539062,2200,0.0,0.0
2008-10-30 00:00:00+09:00,71.85113995526288,72.63639831542969,71.85113995526288,72.63639831542969,800,0.0,0.0
2008-10-31 00:00:00+09:00,73.81428993626645,74.63881365644107,73.81428993626645,74.59954833984375,10800,0.0,0.0
2008-11-04 00:00:00+09:00,77.6228006996432,77.6228006996432,76.56270293414896,77.34796142578125,600,0.0,0.0
2008-11-05 00:00:00+09:00,75.38481519670052,78.91847840904585,75.38481519670052,77.34796142578125,2800,0.0,0.0
2008-11-06 00:00:00+09:00,75.58114037146935,77.9369161752554,75.58114037146935,76.56271362304688,800,0.0,0.0
2008-11-07 00:00:00+09:00,76.56271362304688,76.56271362304688,76.56271362304688,76.56271362304688,800,0.0,0.0
2008-11-10 00:00:00+09:00,76.60197139560798,77.3872299194336,76.60197139560798,77.3872299194336,800,0.0,0.0
2008-11-11 00:00:00+09:00,78.13322429551886,82.88404083251953,78.13322429551886,82.88404083251953,2800,0.0,0.0
2008-11-12 00:00:00+09:00,82.88404083251953,82.88404083251953,82.4521462415023,82.88404083251953,1400,0.0,0.0
2008-11-13 00:00:00+09:00,82.45213613127103,82.45213613127103,78.52584393454384,78.56510925292969,2800,0.0,0.0
2008-11-14 00:00:00+09:00,76.99462666399778,78.52587890625,76.99462666399778,78.52587890625,1000,0.0,0.0
2008-11-17 00:00:00+09:00,82.3343828349933,82.37364817086608,78.52587890625,78.52587890625,7000,0.0,0.0
2008-11-18 00:00:00+09:00,82.4521484375,83.5907709480751,82.4521484375,82.4521484375,2400,0.0,0.0
2008-11-19 00:00:00+09:00,83.63003175077206,83.63003175077206,76.60197044606964,82.49140930175781,6800,0.0,0.0
2008-11-20 00:00:00+09:00,82.45214245983006,82.45214245983006,76.17007446289062,76.17007446289062,7000,0.0,0.0
2008-11-21 00:00:00+09:00,76.1701025390625,78.52587890625,74.99221435546875,78.52587890625,7800,0.0,0.0
2008-11-25 00:00:00+09:00,80.48902587890625,83.59079569928348,78.52587890625,78.52587890625,4600,0.0,0.0
2008-11-26 00:00:00+09:00,79.70373285012168,83.82633972167969,78.52584517253366,83.82633972167969,3600,0.0,0.0
2008-11-27 00:00:00+09:00,83.82633229573568,88.34156799316406,83.82633229573568,88.34156799316406,5800,0.0,0.0
2008-11-28 00:00:00+09:00,88.34157919102377,90.18693542480469,84.80791602338282,90.18693542480469,6000,0.0,0.0
2008-12-01 00:00:00+09:00,90.18693567618028,90.30472564697266,86.37843322753906,90.30472564697266,5000,0.0,0.0
2008-12-02 00:00:00+09:00,90.304730185147,98.15731541863803,90.304730185147,91.0899887084961,6600,0.0,0.0
2008-12-03 00:00:00+09:00,92.26786274020955,93.44575034965904,86.77105389611195,92.66049194335938,6400,0.0,0.0
2008-12-04 00:00:00+09:00,95.01626262570348,95.36962649524847,91.91449446533234,91.9930191040039,5200,0.0,0.0
2008-12-05 00:00:00+09:00,91.99302446023319,91.99302446023319,86.37842559814453,86.37842559814453,9000,0.0,0.0
2008-12-08 00:00:00+09:00,86.37843749199395,90.26546478271484,86.37843749199395,90.26546478271484,1200,0.0,0.0
2008-12-09 00:00:00+09:00,90.34399246803333,92.2678733890892,90.34399246803333,91.875244140625,3600,0.0,0.0
2008-12-10 00:00:00+09:00,91.91450413527126,92.30713336098187,91.87523881628158,92.26786804199219,6800,0.0,0.0
2008-12-11 00:00:00+09:00,92.30713336098187,92.30713336098187,92.26786804199219,92.26786804199219,1200,0.0,0.0
2008-12-12 00:00:00+09:00,92.26787649351975,92.30714181610604,91.0899887084961,91.0899887084961,5000,0.0,0.0
2008-12-15 00:00:00+09:00,91.12925456501553,93.05313556207416,91.08998924219918,93.01387023925781,8800,0.0,0.0
2008-12-16 00:00:00+09:00,93.01387206119963,93.01387206119963,92.2678788414536,92.30714416503906,4400,0.0,0.0
2008-12-17 00:00:00+09:00,92.34639804057267,92.34639804057267,91.875244140625,91.875244140625,5600,0.0,0.0
2008-12-18 00:00:00+09:00,91.87524641031023,99.33520231542089,91.87524641031023,95.48743438720703,13800,0.0,0.0
2008-12-19 00:00:00+09:00,95.52668967702309,95.80152893066406,94.23101206294827,95.80152893066406,7400,0.0,0.0
2008-12-22 00:00:00+09:00,92.89607684227616,92.93533617006831,92.8568115234375,92.8568115234375,2200,0.0,0.0
2008-12-24 00:00:00+09:00,90.93295144134565,90.93295144134565,88.3415955747343,88.42012023925781,6400,0.0,0.0
2008-12-25 00:00:00+09:00,88.34156799316406,88.34156799316406,88.34156799316406,88.34156799316406,2200,0.0,0.0
2008-12-26 00:00:00+09:00,87.16369491185606,87.20296023391083,86.4177017211914,86.4177017211914,2600,0.0,0.0
2008-12-29 00:00:00+09:00,86.4177017211914,86.4177017211914,86.37843639913663,86.4177017211914,3400,0.0,0.0
2008-12-30 00:00:00+09:00,89.95135341010442,92.18933868408203,89.95135341010442,92.18933868408203,1600,0.0,0.0
2009-01-05 00:00:00+09:00,92.18933868408203,92.18933868408203,92.18933868408203,92.18933868408203,1600,0.0,0.0
2009-01-06 00:00:00+09:00,88.34158268093519,88.34158268093519,86.37843639913663,86.4177017211914,6400,0.0,0.0
2009-01-07 00:00:00+09:00,82.88402420262888,83.04107348182623,82.88402420262888,83.0018081665039,1800,0.0,0.0
2009-01-08 00:00:00+09:00,82.84477086720733,82.84477086720733,76.56270293414896,77.34796142578125,10600,0.0,0.0
2009-01-09 00:00:00+09:00,78.91847546415626,78.9577407836914,78.91847546415626,78.9577407836914,1600,0.0,0.0
2009-01-13 00:00:00+09:00,76.99459992174184,77.03385925292969,74.59955905054245,77.03385925292969,7400,0.0,0.0
2009-01-14 00:00:00+09:00,77.07312817992312,77.07312817992312,74.63882786368212,76.48418426513672,2000,0.0,0.0
2009-01-15 00:00:00+09:00,74.59956383758458,74.71735382080078,74.59956383758458,74.71735382080078,1200,0.0,0.0
2009-01-16 00:00:00+09:00,74.7566146850586,74.7566146850586,74.7566146850586,74.7566146850586,1800,0.0,0.0
2009-01-19 00:00:00+09:00,74.59956404384947,74.63882936871258,73.85357079982995,74.0106201171875,2000,0.0,0.0
2009-01-20 00:00:00+09:00,72.44009251590965,72.47935783510113,69.88800253567436,70.162841796875,9800,0.0,0.0
2009-01-21 00:00:00+09:00,71.73337884440404,71.73337884440404,69.10276347837991,69.14202880859375,4800,0.0,0.0
2009-01-22 00:00:00+09:00,69.49535847242984,70.2806167602539,69.49535847242984,70.2806167602539,1200,0.0,0.0
2009-01-23 00:00:00+09:00,70.28064051541415,70.28064051541415,69.10275268554688,69.10275268554688,200,0.0,0.0
2009-01-26 00:00:00+09:00,68.86718139351412,68.94571205156345,67.06109008829294,67.10034942626953,3600,0.0,0.0
2009-01-27 00:00:00+09:00,67.13959597469716,69.88800048828125,67.13959597469716,69.88800048828125,1200,0.0,0.0
2009-01-28 00:00:00+09:00,67.53222519092346,69.88800048828125,67.53222519092346,69.88800048828125,2000,0.0,0.0
2009-01-29 00:00:00+09:00,69.92728117929147,72.55789630811867,69.92728117929147,72.51863098144531,2400,0.0,0.0
2009-01-30 00:00:00+09:00,72.51861196012275,72.51861196012275,70.67325592041016,70.67325592041016,1200,0.0,0.0
2009-02-02 00:00:00+09:00,70.67325065149127,72.59713118947471,70.67325065149127,71.06587982177734,7600,0.0,0.0
2009-02-03 00:00:00+09:00,71.10514831542969,71.10514831542969,71.06588300022665,71.10514831542969,1600,0.0,0.0
2009-02-04 00:00:00+09:00,71.45851431952583,71.85114351908366,70.67325592041016,70.67325592041016,12000,0.0,0.0
2009-02-05 00:00:00+09:00,69.10273912217882,70.67325592041016,69.10273912217882,70.67325592041016,2000,0.0,0.0
2009-02-06 00:00:00+09:00,70.67326984100873,70.67326984100873,69.88801128721974,69.92727661132812,400,0.0,0.0
2009-02-09 00:00:00+09:00,69.14201889214014,69.18127822567509,66.78624320233703,67.92486572265625,4800,0.0,0.0
2009-02-10 00:00:00+09:00,67.53222586495535,69.88800118582589,67.13959664481027,68.71011352539062,4600,0.0,0.0
2009-02-12 00:00:00+09:00,68.7101070697491,68.7101070697491,64.94086451407593,66.35433197021484,3800,0.0,0.0
2009-02-13 00:00:00+09:00,63.99858248310705,63.99858248310705,58.50177171768681,60.857547760009766,20000,0.0,0.0
2009-02-16 00:00:00+09:00,58.10912927404627,60.46490478515625,58.10912927404627,60.46490478515625,4000,0.0,0.0
2009-02-17 00:00:00+09:00,62.03540651946933,62.03540651946933,58.109114967604185,58.148380279541016,3800,0.0,0.0
2009-02-18 00:00:00+09:00,58.89438183811777,61.28942242928643,58.89438183811777,58.93364715576172,3200,0.0,0.0
2009-02-19 00:00:00+09:00,61.289424896240234,61.289424896240234,61.289424896240234,61.289424896240234,3200,0.0,0.0
2009-02-20 00:00:00+09:00,61.25016483494489,64.39119892904463,61.25016483494489,62.859947204589844,4200,0.0,0.0
2009-02-23 00:00:00+09:00,62.859941015584845,63.88077340103085,62.07468256937415,63.605934143066406,3800,0.0,0.0
2009-02-24 00:00:00+09:00,63.645206333642875,65.96171660366215,63.645206333642875,65.60835266113281,8400,0.0,0.0
2009-02-25 00:00:00+09:00,65.60835419255272,65.64761352539062,65.60835419255272,65.64761352539062,1000,0.0,0.0
2009-02-26 00:00:00+09:00,66.70771343466443,66.74697875976562,66.70771343466443,66.74697875976562,2200,0.0,0.0
2009-02-27 00:00:00+09:00,67.53223419189453,67.53223419189453,65.17645858054937,67.53223419189453,400,0.0,0.0
2009-03-02 00:00:00+09:00,61.250168939836186,66.04024505615234,58.972917870786624,66.04024505615234,6200,0.0,0.0
2009-03-03 00:00:00+09:00,66.04024505615234,66.04024505615234,66.04024505615234,66.04024505615234,6200,0.0,0.0
2009-03-04 00:00:00+09:00,66.04023230293346,66.04023230293346,58.93364715576172,58.93364715576172,4200,0.0,0.0
2009-03-05 00:00:00+09:00,59.05143044299957,61.25015640258789,58.89438115633451,61.25015640258789,9200,0.0,0.0
2009-03-06 00:00:00+09:00,59.169229395154005,59.169229395154005,58.50176083882649,58.89439010620117,2200,0.0,0.0
2009-03-09 00:00:00+09:00,57.32387161254883,57.71650087016903,57.32387161254883,57.32387161254883,2600,0.0,0.0
2009-03-10 00:00:00+09:00,57.32387303670247,58.89439010620117,56.9312437693278,58.89439010620117,20000,0.0,0.0
2009-03-11 00:00:00+09:00,60.07227790832519,60.07227790832519,58.89439010620117,58.89439010620117,16600,0.0,0.0
2009-03-12 00:00:00+09:00,59.28701807659933,59.28701807659933,56.18524932861328,56.18524932861328,1600,0.0,0.0
2009-03-13 00:00:00+09:00,56.38156379067917,57.36313693472966,56.145983839688235,57.32387161254883,2000,0.0,0.0
2009-03-16 00:00:00+09:00,56.185259136837814,57.67724578783995,54.37916183471679,54.3791618347168,9600,0.0,0.0
2009-03-17 00:00:00+09:00,56.538613022557946,59.287017822265625,56.538613022557946,59.287017822265625,17600,0.0,0.0
2009-03-18 00:00:00+09:00,59.32628469673218,60.89680176623088,58.89439010620117,58.89439010620117,80000,0.0,0.0
2009-03-19 00:00:00+09:00,58.89438317746533,58.93364849600222,57.71649551391602,57.716495513916016,3400,0.0,0.0
2009-03-23 00:00:00+09:00,55.36072730578228,58.855125427246094,55.12514734636005,58.855125427246094,3600,0.0,0.0
2009-03-24 00:00:00+09:00,58.06985742372733,61.25015640258789,58.06985742372733,61.25015640258789,1400,0.0,0.0
2009-03-25 00:00:00+09:00,58.89439010620117,58.93365542935751,57.32387303670247,58.89439010620117,7000,0.0,0.0
2009-03-26 00:00:00+09:00,57.32387068213486,64.39119720458984,57.32387068213486,64.39119720458984,3200,0.0,0.0
2009-03-27 00:00:00+09:00,64.39119258927711,64.39119258927711,62.820675696855716,63.605934143066406,2800,0.0,0.0
2009-03-30 00:00:00+09:00,64.78381900842962,69.84873337085199,64.74455369139996,69.73094940185547,11800,0.0,0.0
2009-03-31 00:00:00+09:00,66.58992004394531,66.58992004394531,66.58992004394531,66.58992004394531,11800,0.0,0.0
2009-04-01 00:00:00+09:00,64.74456341242644,64.78382873535156,64.74456341242644,64.78382873535156,1600,0.0,0.0
2009-04-02 00:00:00+09:00,65.56909089929918,66.74697875976562,64.78383232565487,66.74697875976562,14400,0.0,0.0
2009-04-03 00:00:00+09:00,66.74697742552559,66.78624274984189,64.82309635497349,66.00098419189453,5800,0.0,0.0
2009-04-06 00:00:00+09:00,66.00097594409604,66.74696908450422,66.00097594409604,66.47212982177734,800,0.0,0.0
2009-04-07 00:00:00+09:00,66.5506591796875,66.5506591796875,65.097932124417,66.5506591796875,6400,0.0,0.0
2009-04-08 00:00:00+09:00,66.5506591796875,66.5506591796875,66.5506591796875,66.5506591796875,6400,0.0,0.0
2009-04-09 00:00:00+09:00,64.78383232565487,66.74697875976562,64.78383232565487,66.74697875976562,2000,0.0,0.0
2009-04-10 00:00:00+09:00,66.74696635614875,66.74696635614875,62.82067421755176,63.99856185913086,6600,0.0,0.0
2009-04-13 00:00:00+09:00,64.82308591590431,68.71011275536044,64.82308591590431,66.7862319946289,8000,0.0,0.0
2009-04-14 00:00:00+09:00,68.7101273815612,70.67327387817723,66.74698088494516,70.47695922851562,6600,0.0,0.0
2009-04-15 00:00:00+09:00,66.82550253587199,67.92486572265625,66.74697787775469,67.92486572265625,2600,0.0,0.0
2009-04-16 00:00:00+09:00,68.71011352539062,69.4953719656808,68.71011352539062,68.71011352539062,800,0.0,0.0
2009-04-17 00:00:00+09:00,66.74697875976562,67.53223733340992,66.1580348295324,66.74697875976562,120000,0.0,0.0
2009-04-20 00:00:00+09:00,68.3174819946289,68.3174819946289,68.3174819946289,68.3174819946289,200,0.0,0.0
2009-04-21 00:00:00+09:00,70.28062802895732,70.63399191871794,66.74696516716617,68.3174819946289,12400,0.0,0.0
2009-04-22 00:00:00+09:00,70.59473498029634,70.59473498029634,67.92485508510045,68.71011352539062,4400,0.0,0.0
2009-04-23 00:00:00+09:00,66.78624408486684,66.78624408486684,66.74697875976562,66.74697875976562,1800,0.0,0.0
2009-04-24 00:00:00+09:00,66.74696392483182,70.67325592041016,66.74696392483182,70.67325592041016,8400,0.0,0.0
2009-04-27 00:00:00+09:00,71.45851077517948,72.63639831542969,67.57148428877211,72.63639831542969,11200,0.0,0.0
2009-04-28 00:00:00+09:00,72.63641197643979,76.5627045157068,72.63641197643979,74.9921875,2400,0.0,0.0
2009-04-30 00:00:00+09:00,76.56270276997442,81.98098754882812,76.56270276997442,81.98098754882812,7000,0.0,0.0
2009-05-01 00:00:00+09:00,72.95050285770557,76.0915362983728,72.16524449753877,72.63639831542969,1400,0.0,0.0
2009-05-07 00:00:00+09:00,71.1051614823206,80.48899841308594,71.1051614823206,80.48899841308594,9200,0.0,0.0
2009-05-08 00:00:00+09:00,82.45214471584413,84.37602569612834,78.72216674060357,80.48899841308594,7400,0.0,0.0
2009-05-11 00:00:00+09:00,80.48900204613095,84.33677017142375,80.48900204613095,82.4521484375,2800,0.0,0.0
2009-05-12 00:00:00+09:00,82.45214223861694,87.9489517211914,82.45214223861694,87.9489517211914,2400,0.0,0.0
2009-05-13 00:00:00+09:00,87.67412567138672,87.67412567138672,84.65088119810741,87.67412567138672,6200,0.0,0.0
2009-05-14 00:00:00+09:00,82.84478589490978,87.12444305419922,82.84478589490978,87.12444305419922,6800,0.0,0.0
2009-05-15 00:00:00+09:00,82.88403548593662,87.55632107514208,82.88403548593662,87.20295715332031,2200,0.0,0.0
2009-05-18 00:00:00+09:00,87.20295539812038,87.90968322753906,86.37843160906968,87.90968322753906,400,0.0,0.0
2009-05-19 00:00:00+09:00,87.94896427825724,88.14527893066406,86.37844705900264,88.14527893066406,1200,0.0,0.0
2009-05-20 00:00:00+09:00,87.94895374747402,87.94895374747402,85.00423431396484,85.00423431396484,1400,0.0,0.0
2009-05-21 00:00:00+09:00,83.0410886066716,85.98580806080888,80.48899841308594,80.48899841308594,10600,0.0,0.0
2009-05-22 00:00:00+09:00,80.48900551019713,84.41529846191406,77.03386651447671,84.41529846191406,2200,0.0,0.0
2009-05-25 00:00:00+09:00,84.41529846191406,84.41529846191406,84.41529846191406,84.41529846191406,2200,0.0,0.0
2009-05-26 00:00:00+09:00,84.41529846191406,84.41529846191406,80.88163480536882,84.41529846191406,2000,0.0,0.0
2009-05-27 00:00:00+09:00,84.41528624771907,84.41528624771907,80.48899386410422,83.6300277709961,5600,0.0,0.0
2009-05-28 00:00:00+09:00,83.63002916992043,84.37602233886719,82.45214143513283,84.37602233886719,1400,0.0,0.0
2009-05-29 00:00:00+09:00,84.33676293043649,96.15489959716797,82.4521413583226,96.15489959716797,11800,0.0,0.0
2009-06-01 00:00:00+09:00,104.04674162688079,106.0098876953125,98.54993263527199,106.0098876953125,14800,0.0,0.0
2009-06-02 00:00:00+09:00,105.22462223597935,113.07720598493304,105.22462223597935,109.93617248535156,9400,0.0,0.0
2009-06-03 00:00:00+09:00,109.93617248535156,109.93617248535156,109.93617248535156,109.93617248535156,400,0.0,0.0
2009-06-04 00:00:00+09:00,104.04673969446544,109.89691247332067,104.04673969446544,109.54354858398438,5400,0.0,0.0
2009-06-05 00:00:00+09:00,109.54356551956344,111.50671185503948,102.08360944475446,107.18778991699219,6800,0.0,0.0
2009-06-08 00:00:00+09:00,107.18780040740967,107.18780040740967,101.29836082458496,103.65413665771484,4000,0.0,0.0
2009-06-09 00:00:00+09:00,100.12045288085938,100.12045288085938,95.6444820896631,100.12045288085938,12200,0.0,0.0
2009-06-10 00:00:00+09:00,102.47623280423028,102.47623280423028,98.62846501030651,100.08119201660156,3200,0.0,0.0
2009-06-11 00:00:00+09:00,98.47141132573688,100.12045288085938,98.47141132573688,100.12045288085938,800,0.0,0.0
2009-06-12 00:00:00+09:00,100.1204804204707,102.00509643554688,100.1204804204707,102.00509643554688,2000,0.0,0.0
2009-06-15 00:00:00+09:00,102.0836066479953,104.0467529296875,101.2983481353184,104.0467529296875,3200,0.0,0.0
2009-06-16 00:00:00+09:00,101.2983481353184,105.57800463298864,101.2983481353184,104.0467529296875,1400,0.0,0.0
2009-06-17 00:00:00+09:00,99.33519759929925,104.1252791143163,98.5892044406244,104.08601379394531,7200,0.0,0.0
2009-06-18 00:00:00+09:00,100.51308581711201,104.04674899036986,98.15731036827346,101.25907897949219,7400,0.0,0.0
2009-06-19 00:00:00+09:00,102.0835952758789,103.26148291367751,99.7278200002817,102.0835952758789,4400,0.0,0.0
2009-06-22 00:00:00+09:00,103.06519317626953,103.06519317626953,103.06519317626953,103.06519317626953,200,0.0,0.0
2009-06-23 00:00:00+09:00,100.70941733224052,103.06519317626953,100.70941733224052,103.06519317626953,1200,0.0,0.0
2009-06-24 00:00:00+09:00,103.10444551257972,103.96822269063308,100.1204607563634,103.45780944824219,2400,0.0,0.0
2009-06-25 00:00:00+09:00,103.457820243179,103.8504495420146,100.12047120307645,102.67256164550781,15800,0.0,0.0
2009-06-26 00:00:00+09:00,100.31678585249425,102.67256164550781,100.31678585249425,102.67256164550781,1400,0.0,0.0
2009-06-29 00:00:00+09:00,103.8111859835044,103.8111859835044,103.65413665771484,103.65413665771484,3800,0.0,0.0
2009-06-30 00:00:00+09:00,103.65413442401378,104.04676372107444,100.4345753863259,103.26150512695312,2600,0.0,0.0
2009-07-01 00:00:00+09:00,103.2615073521932,103.65413665771484,100.47383688657041,103.65413665771484,1000,0.0,0.0
2009-07-02 00:00:00+09:00,103.65413396074551,103.85044860839844,100.39530961149741,103.85044860839844,3200,0.0,0.0
2009-07-03 00:00:00+09:00,100.12045125236193,100.78792572021484,98.4321444055834,100.78792572021484,3600,0.0,0.0
2009-07-06 00:00:00+09:00,99.6100359706511,100.5130844116211,99.6100359706511,100.5130844116211,800,0.0,0.0
2009-07-07 00:00:00+09:00,98.54994490339949,101.69097900390625,98.15731564083615,101.69097900390625,5400,0.0,0.0
2009-07-08 00:00:00+09:00,98.15730285644531,98.15730285644531,98.15730285644531,98.15730285644531,5400,0.0,0.0
2009-07-09 00:00:00+09:00,96.19416809082031,96.19416809082031,96.19416809082031,96.19416809082031,1200,0.0,0.0
2009-07-10 00:00:00+09:00,94.23101806640625,94.23101806640625,94.23101806640625,94.23101806640625,1200,0.0,0.0
2009-07-13 00:00:00+09:00,86.81033582275822,86.81033582275822,82.4521484375,82.4521484375,8400,0.0,0.0
2009-07-14 00:00:00+09:00,82.72699129446626,84.41529846191406,80.88163480536882,84.41529846191406,1800,0.0,0.0
2009-07-15 00:00:00+09:00,84.41529846191406,84.41529846191406,84.41529846191406,84.41529846191406,1800,0.0,0.0
2009-07-16 00:00:00+09:00,84.41529496650864,89.12684631347656,84.41529496650864,89.12684631347656,400,0.0,0.0
2009-07-17 00:00:00+09:00,84.41529496650864,89.12684631347656,84.41529496650864,89.12684631347656,600,0.0,0.0
2009-07-21 00:00:00+09:00,82.45216579612242,85.98583004452766,82.45216579612242,85.59320068359375,2400,0.0,0.0
2009-07-22 00:00:00+09:00,86.7710704985119,86.7710704985119,82.4521484375,82.4521484375,5200,0.0,0.0
2009-07-23 00:00:00+09:00,84.41529846191406,84.41529846191406,84.41529846191406,84.41529846191406,3000,0.0,0.0
2009-07-24 00:00:00+09:00,84.41529251171642,84.41529251171642,82.05951690673828,82.05951690673828,1800,0.0,0.0
2009-07-27 00:00:00+09:00,82.09876251220703,83.27665003180228,82.0594971984689,82.09876251220703,2200,0.0,0.0
2009-07-28 00:00:00+09:00,82.4521484375,82.4521484375,82.4521484375,82.4521484375,400,0.0,0.0
2009-07-29 00:00:00+09:00,80.68531755088033,81.27426147460938,78.60438115549485,81.27426147460938,3800,0.0,0.0
2009-07-30 00:00:00+09:00,82.13801998831521,82.45212451802155,79.27182589019391,79.8215103149414,4800,0.0,0.0
2009-07-31 00:00:00+09:00,79.7037353515625,79.7037353515625,79.7037353515625,79.7037353515625,200,0.0,0.0
2009-08-03 00:00:00+09:00,78.80069220799949,80.4889992440101,78.80069220799949,79.31111145019531,1000,0.0,0.0
2009-08-04 00:00:00+09:00,79.31111421130952,82.4521484375,79.31111421130952,82.4521484375,400,0.0,0.0
2009-08-05 00:00:00+09:00,86.77106246948242,94.23101806640625,86.77106246948242,94.23101806640625,22600,0.0,0.0
2009-08-06 00:00:00+09:00,106.0098876953125,106.0098876953125,106.0098876953125,106.0098876953125,14800,0.0,0.0
2009-08-07 00:00:00+09:00,110.7214382595486,111.89932590060764,100.12044949001735,106.0098876953125,60000,0.0,0.0
2009-08-10 00:00:00+09:00,104.83199976407565,104.83199976407565,100.12044921288124,102.0835952758789,5200,0.0,0.0
2009-08-11 00:00:00+09:00,102.08360464546723,102.08360464546723,96.62606048583984,96.62606048583984,7000,0.0,0.0
2009-08-12 00:00:00+09:00,97.01868007768397,98.5499315985335,95.64447784423828,95.64447784423828,1400,0.0,0.0
2009-08-13 00:00:00+09:00,94.27027605974861,98.15730285644531,93.05312310791017,98.15730285644531,6600,0.0,0.0
2009-08-14 00:00:00+09:00,99.33521341741942,102.08361853173538,98.03953552246094,98.03953552246094,3400,0.0,0.0
2009-08-17 00:00:00+09:00,100.90572391154794,100.90572391154794,96.97943115234375,96.97943115234375,2000,0.0,0.0
2009-08-18 00:00:00+09:00,100.1204551756382,100.5130844116211,100.1204551756382,100.5130844116211,2800,0.0,0.0
2009-08-19 00:00:00+09:00,100.5130844116211,100.5130844116211,100.5130844116211,100.5130844116211,2800,0.0,0.0
2009-08-20 00:00:00+09:00,94.623652477341,97.76468658447266,94.623652477341,97.76468658447266,2600,0.0,0.0
2009-08-21 00:00:00+09:00,97.76468409535651,100.47382354736328,97.76468409535651,100.47382354736328,1200,0.0,0.0
2009-08-24 00:00:00+09:00,98.94256484717653,100.70939636230469,98.94256484717653,100.70939636230469,800,0.0,0.0
2009-08-25 00:00:00+09:00,94.8199745701653,96.19417710016769,94.4273452758789,94.4273452758789,3600,0.0,0.0
2009-08-26 00:00:00+09:00,94.42732723727084,99.13887786865234,94.42732723727084,99.13887786865234,1800,0.0,0.0
2009-08-27 00:00:00+09:00,98.94258340828033,99.33521270751953,98.1573248098019,99.33521270751953,2400,0.0,0.0
2009-08-28 00:00:00+09:00,99.33520239956046,99.5315170288086,98.15731462407159,99.5315170288086,6000,0.0,0.0
2009-08-31 00:00:00+09:00,100.12045902085019,100.12045902085019,98.54994201660156,98.54994201660156,800,0.0,0.0
2009-09-02 00:00:00+09:00,100.3167724609375,100.3167724609375,100.3167724609375,100.3167724609375,1400,0.0,0.0
2009-09-03 00:00:00+09:00,100.31676351928712,100.31676351928712,98.15730285644531,98.15730285644531,1800,0.0,0.0
2009-09-04 00:00:00+09:00,100.12045288085938,100.12045288085938,100.12045288085938,100.12045288085938,6400,0.0,0.0
2009-09-07 00:00:00+09:00,100.12045288085938,102.08359901577818,98.275096712245,100.12045288085938,4800,0.0,0.0
2009-09-08 00:00:00+09:00,98.15730285644531,98.15730285644531,98.15730285644531,98.15730285644531,200,0.0,0.0
2009-09-09 00:00:00+09:00,100.12045288085938,100.12045288085938,99.96340358648449,100.12045288085938,3600,0.0,0.0
2009-09-10 00:00:00+09:00,99.33521270751953,99.33521270751953,99.33521270751953,99.33521270751953,200,0.0,0.0
2009-09-11 00:00:00+09:00,99.33519896273482,100.90571594238281,99.17814966118875,100.90571594238281,1800,0.0,0.0
2009-09-14 00:00:00+09:00,100.90571594238281,100.90571594238281,100.90571594238281,100.90571594238281,4200,0.0,0.0
2009-09-15 00:00:00+09:00,100.12046453539136,100.12046453539136,98.98184204101562,98.98184204101562,1200,0.0,0.0
2009-09-16 00:00:00+09:00,100.12045523277799,107.58041072071046,98.94256752415707,104.43937683105469,19800,0.0,0.0
2009-09-17 00:00:00+09:00,100.51307842548077,104.04674133887657,100.51307842548077,102.0835952758789,600,0.0,0.0
2009-09-18 00:00:00+09:00,100.15972568835572,104.0467529296875,98.27510405972178,104.0467529296875,2000,0.0,0.0
2009-09-21 00:00:00+09:00,104.0467529296875,104.0467529296875,104.0467529296875,104.0467529296875,0,0.0,0.0
2009-09-24 00:00:00+09:00,100.5130787037037,106.0098876953125,100.5130787037037,106.0098876953125,800,0.0,0.0
2009-09-25 00:00:00+09:00,100.12046904790968,100.12046904790968,98.94258117675781,98.94258117675781,4200,0.0,0.0
2009-09-28 00:00:00+09:00,98.94256112992052,99.57077026367188,98.94256112992052,99.57077026367188,2000,0.0,0.0
2009-09-29 00:00:00+09:00,98.39288263117282,99.57077026367188,98.39288263117282,99.57077026367188,600,0.0,0.0
2009-09-30 00:00:00+09:00,99.57077026367188,99.57077026367188,99.57077026367188,99.57077026367188,600,0.0,0.0
2009-10-01 00:00:00+09:00,100.12044996447489,100.198974609375,100.12044996447489,100.198974609375,600,0.0,0.0
2009-10-02 00:00:00+09:00,102.0835952758789,102.0835952758789,102.0835952758789,102.0835952758789,7000,0.0,0.0
2009-10-05 00:00:00+09:00,99.7278200002817,105.22462897667518,99.7278200002817,102.0835952758789,2800,0.0,0.0
2009-10-06 00:00:00+09:00,102.0835952758789,102.0835952758789,102.0835952758789,102.0835952758789,1400,0.0,0.0
2009-10-07 00:00:00+09:00,102.08358953236933,105.89209747314453,102.08358953236933,105.89209747314453,1000,0.0,0.0
2009-10-08 00:00:00+09:00,105.89212117104022,105.89212117104022,102.08361237794813,105.57801055908203,7200,0.0,0.0
2009-10-09 00:00:00+09:00,105.57801055908203,105.57801055908203,105.57801055908203,105.57801055908203,7200,0.0,0.0
2009-10-13 00:00:00+09:00,105.57799975627412,105.57799975627412,105.53873443603516,105.53873443603516,1000,0.0,0.0
2009-10-14 00:00:00+09:00,105.93136151161734,105.97062683105469,102.08359984862196,105.97062683105469,1400,0.0,0.0
2009-10-15 00:00:00+09:00,106.00989760507956,106.40252685546875,104.04675135313364,106.40252685546875,2800,0.0,0.0
2009-10-16 00:00:00+09:00,106.40252685546875,106.40252685546875,106.40252685546875,106.40252685546875,200,0.0,0.0
2009-10-19 00:00:00+09:00,105.2246292679398,107.18777533637152,104.83200005425347,106.0098876953125,2600,0.0,0.0
2009-10-20 00:00:00+09:00,107.18778991699219,107.18778991699219,107.18778991699219,107.18778991699219,400,0.0,0.0
2009-10-21 00:00:00+09:00,107.18778991699219,107.69820317137822,106.79516064989697,107.18778991699219,1600,0.0,0.0
2009-10-22 00:00:00+09:00,107.18778991699219,107.18778991699219,107.18778991699219,107.18778991699219,1600,0.0,0.0
2009-10-23 00:00:00+09:00,107.77675574758779,108.3656997680664,107.77675574758779,108.3656997680664,1400,0.0,0.0
2009-10-26 00:00:00+09:00,109.93617248535156,110.52511626652309,109.93617248535156,109.93617248535156,11400,0.0,0.0
2009-10-27 00:00:00+09:00,108.0123062133789,108.0123062133789,108.0123062133789,108.0123062133789,1000,0.0,0.0
2009-10-28 00:00:00+09:00,109.89693410576446,109.89693410576446,108.79757690429688,108.79757690429688,600,0.0,0.0
2009-10-29 00:00:00+09:00,108.79757690429688,108.79757690429688,108.79757690429688,108.79757690429688,600,0.0,0.0
2009-10-30 00:00:00+09:00,108.79758899858547,108.79758899858547,106.00991837814826,108.7583236694336,2400,0.0,0.0
2009-11-02 00:00:00+09:00,108.7190424580428,108.7190424580428,102.47623946195196,105.18537902832031,5600,0.0,0.0
2009-11-04 00:00:00+09:00,105.1853996610625,108.3656997680664,105.1853996610625,108.3656997680664,2200,0.0,0.0
2009-11-05 00:00:00+09:00,110.72144317626953,110.72144317626953,110.72144317626953,110.72144317626953,1000,0.0,0.0
2009-11-06 00:00:00+09:00,110.72144317626953,110.72144317626953,110.72144317626953,110.72144317626953,600,0.0,0.0
2009-11-09 00:00:00+09:00,111.89931842258999,112.68457679748535,106.44177511348556,109.93617248535156,8000,0.0,0.0
2009-11-10 00:00:00+09:00,111.03556406104087,113.86249988551961,109.1509481661188,113.82323455810547,7200,0.0,0.0
2009-11-11 00:00:00+09:00,117.35687015691356,117.35687015691356,113.86247253417969,113.86247253417969,7600,0.0,0.0
2009-11-12 00:00:00+09:00,115.040360181085,117.78876469053071,111.11406802473398,113.86247253417969,16000,0.0,0.0
2009-11-13 00:00:00+09:00,106.0098876953125,106.71661548711083,102.12286087623625,106.0098876953125,18400,0.0,0.0
2009-11-16 00:00:00+09:00,102.47623676989012,104.55716705322266,102.16213815500396,104.55716705322266,4200,0.0,0.0
2009-11-17 00:00:00+09:00,102.2013792468217,103.26148291367751,102.0835952758789,102.0835952758789,1600,0.0,0.0
2009-11-18 00:00:00+09:00,102.08359960399197,102.08359960399197,96.58679039454626,98.1180419921875,3800,0.0,0.0
2009-11-19 00:00:00+09:00,98.1180419921875,98.1180419921875,98.1180419921875,98.1180419921875,200,0.0,0.0
2009-11-20 00:00:00+09:00,98.11804808805998,100.12045967803955,96.19416714164585,98.07878875732422,1600,0.0,0.0
2009-11-24 00:00:00+09:00,100.08119201660156,100.08119201660156,100.08119201660156,100.08119201660156,800,0.0,0.0
2009-11-25 00:00:00+09:00,98.39289271259547,100.12045902085019,98.39289271259547,98.54994201660156,4200,0.0,0.0
2009-11-26 00:00:00+09:00,98.39289946014733,99.72783660888672,98.39289946014733,99.72783660888672,400,0.0,0.0
2009-11-27 00:00:00+09:00,98.1573248098019,99.33521270751953,96.97943691208428,99.33521270751953,1400,0.0,0.0
2009-11-30 00:00:00+09:00,99.33521270751953,101.69098850295478,99.33521270751953,99.33521270751953,1400,0.0,0.0
2009-12-01 00:00:00+09:00,101.69097900390625,101.69097900390625,101.69097900390625,101.69097900390625,1600,0.0,0.0
2009-12-02 00:00:00+09:00,100.12044891357422,102.08359497070313,97.37204443359376,98.15730285644531,3800,0.0,0.0
2009-12-03 00:00:00+09:00,100.08118685230959,101.29833984375,98.15730605014535,101.29833984375,3000,0.0,0.0
2009-12-04 00:00:00+09:00,101.29833984375,101.29833984375,101.29833984375,101.29833984375,200,0.0,0.0
2009-12-07 00:00:00+09:00,101.29834658138876,101.6517105102539,100.12045883044237,101.6517105102539,1000,0.0,0.0
2009-12-08 00:00:00+09:00,101.49466437262457,101.69097900390625,101.49466437262457,101.69097900390625,600,0.0,0.0
2009-12-09 00:00:00+09:00,101.69096978879442,103.02590676412059,99.49224372126673,100.12045288085938,7200,0.0,0.0
2009-12-10 00:00:00+09:00,101.25909387737259,101.25909387737259,98.1573248098019,99.33521270751953,4400,0.0,0.0
2009-12-11 00:00:00+09:00,99.33519049072267,99.33519049072267,96.58678601074219,98.15730285644531,1400,0.0,0.0
2009-12-14 00:00:00+09:00,96.19417614407008,100.51309833829364,96.19417614407008,98.94258117675781,2200,0.0,0.0
2009-12-15 00:00:00+09:00,99.7278236538756,100.90571133482689,97.37204829197303,100.12045288085938,4000,0.0,0.0
2009-12-16 00:00:00+09:00,99.33520680786627,102.04434641529824,96.97943115234375,96.97943115234375,7200,0.0,0.0
2009-12-17 00:00:00+09:00,96.97941693178157,96.97941693178157,95.21258544921875,95.21258544921875,4200,0.0,0.0
2009-12-18 00:00:00+09:00,96.19416118653352,96.19416118653352,94.27028035922149,95.01627349853516,4600,0.0,0.0
2009-12-21 00:00:00+09:00,94.2310173128858,96.39047812630609,94.2310173128858,95.40890502929688,3000,0.0,0.0
2009-12-22 00:00:00+09:00,95.40890810004903,95.40890810004903,94.62364959716797,94.62364959716797,10400,0.0,0.0
2009-12-24 00:00:00+09:00,95.01627049680616,97.80394033342027,95.01627049680616,95.80152893066406,5000,0.0,0.0
2009-12-25 00:00:00+09:00,95.80154993354209,97.37206714556737,95.60523528203893,97.33280181884766,2200,0.0,0.0
2009-12-28 00:00:00+09:00,94.27028263318486,96.19416350690425,94.2310173128858,95.40890502929688,1200,0.0,0.0
2009-12-29 00:00:00+09:00,95.40891404866207,96.97943115234375,95.40891404866207,96.97943115234375,600,0.0,0.0
2009-12-30 00:00:00+09:00,96.97942034893373,96.97942034893373,95.05553950766098,96.94015502929688,600,0.0,0.0
2010-01-04 00:00:00+09:00,95.01627718435272,97.37205265173337,95.01627718435272,96.15489959716797,2200,0.0,0.0
2010-01-05 00:00:00+09:00,96.1941566780741,97.76467352179776,95.05553436279297,95.05553436279297,800,0.0,0.0
2010-01-06 00:00:00+09:00,95.01628031827966,96.19416809082031,95.01628031827966,96.19416809082031,3000,0.0,0.0
2010-01-07 00:00:00+09:00,95.40890579223633,95.40890579223633,94.23101806640625,94.23101806640625,2800,0.0,0.0
2010-01-08 00:00:00+09:00,94.231013450302,94.231013450302,93.44575500488281,93.44575500488281,2400,0.0,0.0
2010-01-12 00:00:00+09:00,93.6420742034912,94.23101806640625,93.6420742034912,94.23101806640625,600,0.0,0.0
2010-01-13 00:00:00+09:00,92.26786804199219,92.26786804199219,92.26786804199219,92.26786804199219,2200,0.0,0.0
2010-01-14 00:00:00+09:00,92.26787185668945,92.26787185668945,90.30472564697266,90.30472564697266,7000,0.0,0.0
2010-01-15 00:00:00+09:00,90.30473415021855,90.30473415021855,89.12684631347656,89.12684631347656,7400,0.0,0.0
2010-01-18 00:00:00+09:00,89.12682637532552,89.12682637532552,86.77105122884115,88.34156799316406,9400,0.0,0.0
2010-01-19 00:00:00+09:00,87.55630386552436,89.91207885742188,87.55630386552436,89.91207885742188,1400,0.0,0.0
2010-01-20 00:00:00+09:00,89.91209640502929,90.30472564697266,89.91209640502929,90.30472564697266,600,0.0,0.0
2010-01-21 00:00:00+09:00,90.30472564697266,90.30472564697266,90.30472564697266,90.30472564697266,600,0.0,0.0
2010-01-22 00:00:00+09:00,92.26785990397136,92.26785990397136,88.34156799316406,88.34156799316406,12400,0.0,0.0
2010-01-25 00:00:00+09:00,88.34158535661368,88.34158535661368,85.39686584472656,85.39686584472656,7000,0.0,0.0
2010-01-26 00:00:00+09:00,85.59317007447441,86.2999038696289,84.41528241289909,86.2999038696289,7800,0.0,0.0
2010-01-27 00:00:00+09:00,84.4152634989204,86.29988453338439,84.4152634989204,84.45452880859375,1800,0.0,0.0
2010-01-28 00:00:00+09:00,84.45455095315836,85.63243865966797,84.45455095315836,85.63243865966797,1400,0.0,0.0
2010-01-29 00:00:00+09:00,86.29990095490093,90.22619302754386,86.29990095490093,86.37842559814453,2000,0.0,0.0
2010-02-01 00:00:00+09:00,86.3784338638552,86.3784338638552,82.45214141549815,85.90727996826172,4000,0.0,0.0
2010-02-02 00:00:00+09:00,86.37844122023809,86.37844122023809,80.48900204613095,82.4521484375,9200,0.0,0.0
2010-02-03 00:00:00+09:00,84.41529482886904,84.41529482886904,82.4521484375,82.4521484375,7000,0.0,0.0
2010-02-04 00:00:00+09:00,82.45217285156251,82.45217285156251,77.7406201171875,78.52587890625,19400,0.0,0.0
2010-02-05 00:00:00+09:00,77.34797379577044,80.88163757324219,77.34797379577044,80.88163757324219,1800,0.0,0.0
2010-02-08 00:00:00+09:00,82.45217285156251,88.34161376953125,78.52587890625,78.52587890625,10600,0.0,0.0
2010-02-09 00:00:00+09:00,78.52585132305438,81.66688537597656,78.52585132305438,81.66688537597656,2600,0.0,0.0
2010-02-10 00:00:00+09:00,83.63005387892416,85.98583004452766,82.0595364351885,85.59320068359375,4400,0.0,0.0
2010-02-12 00:00:00+09:00,82.88404944356196,83.1981480976101,79.3111203388103,80.88163757324219,2800,0.0,0.0
2010-02-15 00:00:00+09:00,80.8816552734375,80.8816552734375,77.7406201171875,78.52587890625,9200,0.0,0.0
2010-02-16 00:00:00+09:00,78.52584121808513,78.52584121808513,75.03144368029884,76.52342987060547,10400,0.0,0.0
2010-02-17 00:00:00+09:00,74.99217434617412,75.03143966109833,72.6363992358231,74.5602798461914,12200,0.0,0.0
2010-02-18 00:00:00+09:00,72.83272962216978,76.17007841887298,72.63641498706959,74.2069320678711,10000,0.0,0.0
2010-02-19 00:00:00+09:00,77.3479695321289,77.3479695321289,74.24620056152344,74.24620056152344,1000,0.0,0.0
2010-02-22 00:00:00+09:00,74.2069191380551,74.59954833984375,72.91124157394331,74.59954833984375,8400,0.0,0.0
2010-02-23 00:00:00+09:00,90.30472564697266,90.30472564697266,85.9858039855957,90.30472564697266,340000,0.0,0.0
2010-02-24 00:00:00+09:00,94.23103366732063,95.01629228121497,86.37844752837725,87.55633544921875,194800,0.0,0.0
2010-02-25 00:00:00+09:00,88.14526899384289,92.66050549018674,76.56270580756954,80.48899841308594,72800,0.0,0.0
2010-02-26 00:00:00+09:00,80.8816188622384,87.9489447822398,80.8816188622384,86.77105712890625,46800,0.0,0.0
2010-03-01 00:00:00+09:00,87.35998750836193,94.19173244967631,86.37841461500955,92.6212158203125,115000,0.0,0.0
2010-03-02 00:00:00+09:00,93.21017578727903,93.445755719124,90.30472191343917,92.26786804199219,73800,0.0,0.0
2010-03-03 00:00:00+09:00,90.30473290576226,93.40650177001953,89.91210363225895,93.40650177001953,26800,0.0,0.0
2010-03-04 00:00:00+09:00,92.66050169271396,102.04433823890483,91.48261395933201,100.08119201660156,91400,0.0,0.0
2010-03-05 00:00:00+09:00,102.04433024066189,107.97303376374421,100.08118417223018,106.0098876953125,111400,0.0,0.0
2010-03-08 00:00:00+09:00,102.31917439748035,106.00988657055524,98.15730238014373,100.15971374511719,68000,0.0,0.0
2010-03-09 00:00:00+09:00,117.78879618293526,119.94825744628906,115.8649149083665,119.94825744628906,520000,0.0,0.0
2010-03-10 00:00:00+09:00,128.1934108053991,144.68383424744127,120.34082821395046,126.62289428710938,580000,0.0,0.0
2010-03-11 00:00:00+09:00,127.60449981689455,131.138162888747,122.30400520911584,127.60449981689453,100000,0.0,0.0
2010-03-12 00:00:00+09:00,127.60451304761669,155.08856201171875,121.51875934842266,155.08856201171875,340000,0.0,0.0
2010-03-15 00:00:00+09:00,163.33377923276805,182.57261380585854,155.87382296973297,179.43157958984375,600000,0.0,0.0
2010-03-16 00:00:00+09:00,174.71999723261055,190.42516552318227,165.2968962582675,172.75685119628906,253200,0.0,0.0
2010-03-17 00:00:00+09:00,161.763254214104,170.0084686279297,157.44433237829054,170.0084686279297,79400,0.0,0.0
2010-03-18 00:00:00+09:00,165.88587007068452,176.29054594494048,159.80011625744046,164.904296875,111200,0.0,0.0
2010-03-19 00:00:00+09:00,164.90426734896772,164.90426734896772,161.37060447720413,163.13743591308594,57600,0.0,0.0
2010-03-23 00:00:00+09:00,168.83056245691637,173.54211303710937,164.11901187672333,166.86741638183594,60000,0.0,0.0
2010-03-24 00:00:00+09:00,170.00852783203126,170.00852783203126,155.08861083984377,157.0517578125,48200,0.0,0.0
2010-03-25 00:00:00+09:00,153.9106902468252,153.9106902468252,141.73918157934668,147.82493591308594,34000,0.0,0.0
2010-03-26 00:00:00+09:00,150.76960515202703,151.16223433211042,138.5981005694415,145.27279663085938,31600,0.0,0.0
2010-03-29 00:00:00+09:00,144.68390847593756,144.68390847593756,138.2055245143284,139.57972717285156,20000,0.0,0.0
2010-03-30 00:00:00+09:00,139.57968535403438,141.54283142089844,136.2423370403655,141.54283142089844,28000,0.0,0.0
2010-03-31 00:00:00+09:00,141.93549217810997,154.69594444861778,141.93549217810997,153.12542724609375,31600,0.0,0.0
2010-04-01 00:00:00+09:00,147.62856802755957,150.57328680470502,142.1317596435547,142.1317596435547,23600,0.0,0.0
2010-04-02 00:00:00+09:00,142.52447021484375,168.8306396484375,142.32815551757812,157.0517578125,72600,0.0,0.0
2010-04-05 00:00:00+09:00,159.80010904451694,164.119030910585,155.0885579178973,160.97799682617188,35000,0.0,0.0
2010-04-06 00:00:00+09:00,163.72641352900752,163.72641352900752,155.48119845920138,159.01486206054688,11200,0.0,0.0
2010-04-07 00:00:00+09:00,155.48119535170952,157.05171247647428,153.1254196645624,156.4627685546875,21400,0.0,0.0
2010-04-08 00:00:00+09:00,154.69590825619903,155.08853746497113,149.59172854216203,153.5180206298828,9400,0.0,0.0
2010-04-09 00:00:00+09:00,150.37701076072983,155.08856201171875,150.37701076072983,155.08856201171875,9600,0.0,0.0
2010-04-12 00:00:00+09:00,157.05171561535494,166.47481855227625,157.05171561535494,159.01486206054688,42600,0.0,0.0
2010-04-13 00:00:00+09:00,161.76322874505837,162.9411163330078,155.0885324133448,162.9411163330078,17000,0.0,0.0
2010-04-14 00:00:00+09:00,181.39468754948794,181.39468754948794,170.59738471916128,174.32736206054688,159400,0.0,0.0
2010-04-15 00:00:00+09:00,174.32738706527218,182.57260131835938,165.68954356203795,182.57260131835938,64800,0.0,0.0
2010-04-16 00:00:00+09:00,190.42517906796616,196.3146175958414,177.07578507144893,177.46841430664062,44600,0.0,0.0
2010-04-19 00:00:00+09:00,172.75683672845233,181.7873077392578,165.88582617675252,181.7873077392578,16200,0.0,0.0
2010-04-20 00:00:00+09:00,187.28413186506793,188.26570488322866,172.75685119628906,172.75685119628906,40000,0.0,0.0
2010-04-21 00:00:00+09:00,170.204770776781,176.683153055482,167.26005155918963,173.73843383789062,13600,0.0,0.0
2010-04-22 00:00:00+09:00,176.4868509624029,176.4868509624029,168.83058045346664,170.597412109375,10600,0.0,0.0
2010-04-23 00:00:00+09:00,170.59738352457683,180.60942789713542,168.83055216471354,176.68313598632812,20000,0.0,0.0
2010-04-26 00:00:00+09:00,189.24729226443813,190.81780921269075,184.1431121826172,184.1431121826172,20000,0.0,0.0
2010-04-27 00:00:00+09:00,184.5357467781784,186.10626377203525,180.60945429353632,183.75048828125,13400,0.0,0.0
2010-04-28 00:00:00+09:00,173.1495128555467,181.0020984725783,172.75688357469514,177.0758056640625,5400,0.0,0.0
2010-04-30 00:00:00+09:00,179.82420475296306,183.75049743315876,177.07579987682607,178.057373046875,24400,0.0,0.0
2010-05-06 00:00:00+09:00,175.3089549284026,176.6831572626678,167.2600555419922,167.2600555419922,17600,0.0,0.0
2010-05-07 00:00:00+09:00,150.7696875,157.0517578125,150.7696875,157.0517578125,24600,0.0,0.0
2010-05-10 00:00:00+09:00,149.59175912362556,159.01486206054688,149.59175912362556,159.01486206054688,5600,0.0,0.0
2010-05-11 00:00:00+09:00,157.05168071546052,160.58534353155838,145.272804661801,149.1990966796875,16600,0.0,0.0
2010-05-12 00:00:00+09:00,146.45073902683478,152.9291229248047,146.45073902683478,152.9291229248047,5200,0.0,0.0
2010-05-13 00:00:00+09:00,154.30331237334056,157.05171742833645,151.94753661191552,156.65908813476562,2400,0.0,0.0
2010-05-14 00:00:00+09:00,154.69593274080302,155.08856201171875,149.59175221889834,155.08856201171875,3800,0.0,0.0
2010-05-17 00:00:00+09:00,155.08857399784526,155.08857399784526,141.54286310436257,146.4507293701172,5800,0.0,0.0
2010-05-18 00:00:00+09:00,141.7391637853674,153.12541239970437,138.00918579101562,138.00918579101562,6000,0.0,0.0
2010-05-19 00:00:00+09:00,137.81284723049257,144.8801727294922,130.35289253710408,144.8801727294922,10000,0.0,0.0
2010-05-20 00:00:00+09:00,138.4018093044475,139.3833824200819,138.4018093044475,138.99075317382812,2200,0.0,0.0
2010-05-21 00:00:00+09:00,130.7455394773555,131.530797972715,129.56765173431626,130.54922485351562,4400,0.0,0.0
2010-05-24 00:00:00+09:00,136.04602478027343,138.79442932128907,130.74553030831473,137.42022705078125,1000,0.0,0.0
2010-05-25 00:00:00+09:00,130.74553184877254,132.708677972628,119.75191355518207,122.1076889038086,6400,0.0,0.0
2010-05-26 00:00:00+09:00,119.35929870605469,122.6966475185595,117.78878161781712,119.35929870605469,5000,0.0,0.0
2010-05-27 00:00:00+09:00,120.9298093842297,128.7823944091797,120.9298093842297,128.7823944091797,3600,0.0,0.0
2010-05-28 00:00:00+09:00,132.70868910167772,136.63498167865043,132.70868910167772,133.101318359375,3600,0.0,0.0
2010-05-31 00:00:00+09:00,133.49394761707225,133.49394761707225,131.5308013285859,133.101318359375,1800,0.0,0.0
2010-06-01 00:00:00+09:00,137.42023618881313,138.99075317382812,135.45708995754435,138.99075317382812,3600,0.0,0.0
2010-06-02 00:00:00+09:00,133.10131448002184,138.99075317382812,133.10131448002184,138.99075317382812,800,0.0,0.0
2010-06-03 00:00:00+09:00,138.9907782756107,144.88021803305182,138.79446361702932,139.38340759277344,4000,0.0,0.0
2010-06-04 00:00:00+09:00,139.18705715222305,145.46912461184382,135.4570795980732,139.7760009765625,11800,0.0,0.0
2010-06-07 00:00:00+09:00,137.02760314941406,137.42023238479922,129.17501844171127,137.02760314941406,4200,0.0,0.0
2010-06-08 00:00:00+09:00,137.0275712252995,140.5612335205078,137.0275712252995,140.5612335205078,1000,0.0,0.0
2010-06-09 00:00:00+09:00,141.15019661138865,142.52439880371094,140.5612528146791,142.52439880371094,800,0.0,0.0
2010-06-10 00:00:00+09:00,142.52439880371094,142.52439880371094,142.52439880371094,142.52439880371094,800,0.0,0.0
2010-06-11 00:00:00+09:00,138.59813824821921,138.59813824821921,133.49395751953125,133.49395751953125,4600,0.0,0.0
2010-06-14 00:00:00+09:00,125.64134385850694,141.3465118408203,125.64134385850694,141.3465118408203,3000,0.0,0.0
2010-06-15 00:00:00+09:00,142.52436653512422,142.52436653512422,131.72706604003906,131.72706604003906,6400,0.0,0.0
2010-06-16 00:00:00+09:00,137.42021984524197,141.3465118408203,137.42021984524197,141.3465118408203,2000,0.0,0.0
2010-06-17 00:00:00+09:00,142.91705322265625,142.91705322265625,142.91705322265625,142.91705322265625,200,0.0,0.0
2010-06-18 00:00:00+09:00,142.91705322265625,142.91705322265625,142.91705322265625,142.91705322265625,200,0.0,0.0
2010-06-21 00:00:00+09:00,144.48755301339284,144.48755301339284,137.42022705078125,137.42022705078125,600,0.0,0.0
2010-06-22 00:00:00+09:00,136.63496861049106,137.42022705078125,134.27919328962054,137.42022705078125,2000,0.0,0.0
2010-06-23 00:00:00+09:00,130.15660376120385,133.29763793945312,129.9602891250633,133.29763793945312,2400,0.0,0.0
2010-06-24 00:00:00+09:00,130.15659560583586,130.54922485351562,124.26715689063968,130.54922485351562,4000,0.0,0.0
2010-06-25 00:00:00+09:00,125.0524211525917,126.03399431705475,125.0524211525917,125.64136505126953,3600,0.0,0.0
2010-06-28 00:00:00+09:00,124.26715821105165,124.26715821105165,120.9298095703125,120.9298095703125,3400,0.0,0.0
2010-06-29 00:00:00+09:00,117.78876427376625,121.51874180910218,117.78876427376625,118.9666519165039,2400,0.0,0.0
2010-06-30 00:00:00+09:00,118.18139806028273,119.75191497802734,115.8256226836658,119.75191497802734,5400,0.0,0.0
2010-07-01 00:00:00+09:00,121.71505669054513,122.8929443359375,121.71505669054513,122.8929443359375,2800,0.0,0.0
2010-07-02 00:00:00+09:00,118.96667865571521,123.67823028564452,118.96667865571521,123.67823028564453,1800,0.0,0.0
2010-07-05 00:00:00+09:00,115.43301493326823,123.67823028564452,115.43301493326823,123.67823028564453,600,0.0,0.0
2010-07-06 00:00:00+09:00,123.67819487158933,123.67819487158933,117.78875702056126,118.37770080566406,2000,0.0,0.0
2010-07-07 00:00:00+09:00,123.67823028564452,123.67823028564452,123.48191563439747,123.67823028564453,1400,0.0,0.0
2010-07-08 00:00:00+09:00,119.163004807503,121.71509552001953,119.163004807503,121.71509552001953,1600,0.0,0.0
2010-07-09 00:00:00+09:00,121.71506767704336,121.71506767704336,119.16297754833117,121.51875305175781,600,0.0,0.0
2010-07-12 00:00:00+09:00,124.07086152011908,124.07086152011908,121.32245635986328,121.32245635986328,400,0.0,0.0
2010-07-13 00:00:00+09:00,122.8929716806563,123.67823028564452,122.8929716806563,123.67823028564453,400,0.0,0.0
2010-07-14 00:00:00+09:00,119.75191355518207,122.89294735335078,119.35928433041099,122.1076889038086,1600,0.0,0.0
2010-07-15 00:00:00+09:00,122.10768563047101,122.10768563047101,118.9666519165039,118.9666519165039,1200,0.0,0.0
2010-07-16 00:00:00+09:00,118.18140947977702,118.18140947977702,117.78878021240234,117.78878021240234,1400,0.0,0.0
2010-07-21 00:00:00+09:00,113.90173209419231,115.82561275712959,110.32880401611328,110.32880401611328,1000,0.0,0.0
2010-07-22 00:00:00+09:00,110.32880401611328,110.32880401611328,110.32880401611328,110.32880401611328,1000,0.0,0.0
2010-07-23 00:00:00+09:00,120.92981435139973,121.32244361877441,109.93619486490886,117.78878021240234,2200,0.0,0.0
2010-07-26 00:00:00+09:00,117.78878021240234,117.78878021240234,117.78878021240234,117.78878021240234,2200,0.0,0.0
2010-07-27 00:00:00+09:00,117.78879074823288,123.67823028564452,117.78879074823288,123.67823028564453,600,0.0,0.0
2010-07-28 00:00:00+09:00,118.96666538154817,125.2487335205078,118.96666538154817,125.24873352050781,2200,0.0,0.0
2010-07-29 00:00:00+09:00,125.2487335205078,125.2487335205078,125.2487335205078,125.24873352050781,2200,0.0,0.0
2010-07-30 00:00:00+09:00,125.2487335205078,125.2487335205078,125.2487335205078,125.24873352050781,2200,0.0,0.0
2010-08-02 00:00:00+09:00,125.2487335205078,125.2487335205078,125.2487335205078,125.24873352050781,2200,0.0,0.0
2010-08-03 00:00:00+09:00,125.248749445943,127.21189598898286,121.32245635986328,121.32245635986328,2600,0.0,0.0
2010-08-04 00:00:00+09:00,121.71506112520812,121.71506112520812,118.18139806028273,119.75191497802734,3800,0.0,0.0
2010-08-05 00:00:00+09:00,120.92981089716372,127.99713750803693,120.92981089716372,126.42662048339844,1200,0.0,0.0
2010-08-06 00:00:00+09:00,126.42660727211462,126.42660727211462,122.8929443359375,122.8929443359375,400,0.0,0.0
2010-08-09 00:00:00+09:00,122.89295747264332,122.89295747264332,118.57403564453125,118.57403564453125,2600,0.0,0.0
2010-08-10 00:00:00+09:00,118.57402728971888,119.75191497802734,118.57402728971888,119.75191497802734,600,0.0,0.0
2010-08-11 00:00:00+09:00,119.75191497802734,119.75191497802734,119.75191497802734,119.75191497802734,600,0.0,0.0
2010-08-12 00:00:00+09:00,119.7519385127698,119.7519385127698,115.82564544677734,115.82564544677734,400,0.0,0.0
2010-08-13 00:00:00+09:00,113.86248809118614,120.53718566894531,113.86248809118614,120.53718566894531,800,0.0,0.0
2010-08-16 00:00:00+09:00,120.53718566894531,120.53718566894531,120.53718566894531,120.53718566894531,800,0.0,0.0
2010-08-17 00:00:00+09:00,117.78879074823288,123.67823028564452,117.74952542156439,123.67823028564453,800,0.0,0.0
2010-08-18 00:00:00+09:00,123.67823028564452,123.67823028564452,123.67823028564452,123.67823028564453,400,0.0,0.0
2010-08-19 00:00:00+09:00,123.67823028564452,123.67823028564452,123.67823028564452,123.67823028564453,400,0.0,0.0
2010-08-20 00:00:00+09:00,117.78878021240234,117.78878021240234,117.78878021240234,117.78878021240234,200,0.0,0.0
2010-08-23 00:00:00+09:00,117.78878021240234,117.78878021240234,117.78878021240234,117.78878021240234,200,0.0,0.0
2010-08-24 00:00:00+09:00,113.90175628662108,113.90175628662108,113.90175628662108,113.9017562866211,200,0.0,0.0
2010-08-25 00:00:00+09:00,113.90175713306832,113.90175713306832,109.93619898745888,111.89934539794922,200,0.0,0.0
2010-08-26 00:00:00+09:00,109.93617248535156,109.93617248535156,109.93617248535156,109.93617248535156,200,0.0,0.0
2010-08-27 00:00:00+09:00,107.97305931479244,115.82564544677734,106.0099127817962,115.82564544677734,1000,0.0,0.0
2010-08-30 00:00:00+09:00,115.8256186123552,115.8256186123552,113.86247253417969,113.86247253417969,1000,0.0,0.0
2010-08-31 00:00:00+09:00,107.97303376374421,107.97303376374421,106.0098876953125,106.0098876953125,1200,0.0,0.0
2010-09-01 00:00:00+09:00,106.0098876953125,106.0098876953125,106.0098876953125,106.0098876953125,1200,0.0,0.0
2010-09-02 00:00:00+09:00,112.29194761003767,112.29194761003767,109.93617248535156,109.93617248535156,1200,0.0,0.0
2010-09-03 00:00:00+09:00,106.0098876953125,109.93617983217592,106.0098876953125,106.0098876953125,1000,0.0,0.0
2010-09-06 00:00:00+09:00,106.0098876953125,106.0098876953125,106.0098876953125,106.0098876953125,600,0.0,0.0
2010-09-07 00:00:00+09:00,104.47863969679776,104.47863969679776,98.15730674594056,100.12045288085938,22000,0.0,0.0
2010-09-08 00:00:00+09:00,98.54993597292432,100.51308210784313,98.54993597292432,100.12045288085938,3200,0.0,0.0
2010-09-09 00:00:00+09:00,98.15730285644531,98.15730285644531,98.15730285644531,98.15730285644531,2600,0.0,0.0
2010-09-10 00:00:00+09:00,98.15730314988356,102.0835952758789,98.15730314988356,102.0835952758789,1800,0.0,0.0
2010-09-13 00:00:00+09:00,98.54994388256789,99.5315170288086,98.54994388256789,99.5315170288086,600,0.0,0.0
2010-09-14 00:00:00+09:00,100.12045288085938,100.12045288085938,98.58920129204132,100.12045288085938,1400,0.0,0.0
2010-09-16 00:00:00+09:00,103.49705626142963,104.83199310302734,102.08358878946483,104.83199310302734,3600,0.0,0.0
2010-09-17 00:00:00+09:00,100.90571215806094,106.00989215049204,100.90571215806094,105.97062683105469,2200,0.0,0.0
2010-09-21 00:00:00+09:00,107.97303665515987,107.97303665515987,100.12045217114826,101.29833984375,4600,0.0,0.0
2010-09-22 00:00:00+09:00,103.26150512695312,103.26150512695312,103.26150512695312,103.26150512695312,200,0.0,0.0
2010-09-24 00:00:00+09:00,103.1829605102539,103.1829605102539,103.1829605102539,103.1829605102539,200,0.0,0.0
2010-09-27 00:00:00+09:00,103.1829605102539,103.1829605102539,103.1829605102539,103.1829605102539,200,0.0,0.0
2010-09-28 00:00:00+09:00,99.7278259396553,100.5130844116211,99.7278259396553,100.5130844116211,2200,0.0,0.0
2010-09-29 00:00:00+09:00,100.12046195365286,101.69097900390625,100.12046195365286,101.69097900390625,1800,0.0,0.0
2010-09-30 00:00:00+09:00,100.35603778199848,101.69097482341608,100.3167724609375,100.3167724609375,2200,0.0,0.0
2010-10-01 00:00:00+09:00,100.31678455186776,100.31678455186776,100.27751922607422,100.27751922607422,2200,0.0,0.0
2010-10-04 00:00:00+09:00,100.55235290527344,100.55235290527344,100.55235290527344,100.55235290527344,600,0.0,0.0
2010-10-05 00:00:00+09:00,100.51309001472147,100.51309001472147,100.23825073242188,100.23825073242188,400,0.0,0.0
2010-10-06 00:00:00+09:00,100.23825586848025,100.23825586848025,99.72783660888672,99.72783660888672,3000,0.0,0.0
2010-10-07 00:00:00+09:00,99.72783660888672,99.72783660888672,99.72783660888672,99.72783660888672,3000,0.0,0.0
2010-10-08 00:00:00+09:00,98.15732264671394,100.08120377417052,96.39049083907308,96.42975616455078,3200,0.0,0.0
2010-10-12 00:00:00+09:00,100.12045902085019,100.12045902085019,96.62606108281577,98.54994201660156,3200,0.0,0.0
2010-10-13 00:00:00+09:00,98.58920288085938,98.58920288085938,98.58920288085938,98.58920288085938,400,0.0,0.0
2010-10-14 00:00:00+09:00,94.6629052711744,98.15730285644531,94.6629052711744,98.15730285644531,3400,0.0,0.0
2010-10-15 00:00:00+09:00,96.23343021372463,100.08119201660156,96.23343021372463,100.08119201660156,1000,0.0,0.0
2010-10-18 00:00:00+09:00,98.15730285644531,98.15730285644531,98.15730285644531,98.15730285644531,2400,0.0,0.0
2010-10-19 00:00:00+09:00,100.12044949001735,109.93617983217592,100.12044949001735,106.0098876953125,12800,0.0,0.0
2010-10-20 00:00:00+09:00,106.0098898787257,108.67976379394531,106.0098898787257,108.67976379394531,2400,0.0,0.0
2010-10-21 00:00:00+09:00,108.67979301112982,113.86250492467776,108.28716368380334,108.7583236694336,10200,0.0,0.0
2010-10-22 00:00:00+09:00,107.93378725233977,111.89934539794922,107.93378725233977,111.89934539794922,1800,0.0,0.0
2010-10-25 00:00:00+09:00,113.86246435982841,113.86246435982841,109.93617248535156,109.93617248535156,2400,0.0,0.0
2010-10-26 00:00:00+09:00,103.14369233534339,109.93617248535156,103.14369233534339,109.93617248535156,5200,0.0,0.0
2010-10-27 00:00:00+09:00,104.0467529296875,106.00989921137972,102.9866491447361,104.0467529296875,4400,0.0,0.0
2010-10-28 00:00:00+09:00,102.0835952758789,103.65411212627704,102.0835952758789,102.0835952758789,4200,0.0,0.0
2010-10-29 00:00:00+09:00,102.12284851074219,102.12284851074219,102.12284851074219,102.12284851074219,5000,0.0,0.0
2010-11-01 00:00:00+09:00,102.12286059355739,102.12286059355739,102.0835952758789,102.0835952758789,1000,0.0,0.0
2010-11-02 00:00:00+09:00,104.04674133887657,104.04674133887657,102.0835952758789,102.0835952758789,2400,0.0,0.0
2010-11-04 00:00:00+09:00,104.00747520558178,104.00747520558178,100.15971374511719,100.15971374511719,2400,0.0,0.0
2010-11-05 00:00:00+09:00,101.84802117899766,101.92655181884766,100.35603487859451,101.92655181884766,4400,0.0,0.0
2010-11-08 00:00:00+09:00,102.16212591123588,103.26148291367751,102.0835952758789,102.0835952758789,2600,0.0,0.0
2010-11-09 00:00:00+09:00,102.16213729210058,104.0467529296875,100.3167749944723,104.0467529296875,4400,0.0,0.0
2010-11-10 00:00:00+09:00,105.53873917023058,107.9730453491211,105.53873917023058,107.9730453491211,1200,0.0,0.0
2010-11-11 00:00:00+09:00,106.79516389634874,113.07723236083984,106.79516389634874,113.07723236083984,3000,0.0,0.0
2010-11-12 00:00:00+09:00,109.150929771798,111.0355453491211,109.150929771798,111.0355453491211,1000,0.0,0.0
2010-11-15 00:00:00+09:00,108.40493595787194,108.7582998787488,108.24788665771484,108.24788665771484,1600,0.0,0.0
2010-11-16 00:00:00+09:00,109.89691654609413,109.89691654609413,106.99146270751953,106.99146270751953,3000,0.0,0.0
2010-11-17 00:00:00+09:00,106.04916381835938,106.04916381835938,106.04916381835938,106.04916381835938,200,0.0,0.0
2010-11-18 00:00:00+09:00,105.65654485111213,105.85285949707031,105.65654485111213,105.85285949707031,2400,0.0,0.0
2010-11-19 00:00:00+09:00,108.36565303506931,108.36565303506931,106.4417724609375,106.4417724609375,600,0.0,0.0
2010-11-22 00:00:00+09:00,106.7558760069909,106.79514132301338,106.63809204101562,106.63809204101562,3200,0.0,0.0
2010-11-24 00:00:00+09:00,126.42662048339844,126.42662048339844,126.42662048339844,126.42662048339844,7000,0.0,0.0
2010-11-25 00:00:00+09:00,153.91068193151597,153.91068193151597,129.96029520237698,138.40182495117188,244400,0.0,0.0
2010-11-26 00:00:00+09:00,135.6533785525027,135.6533785525027,130.35288474509665,130.74551391601562,25400,0.0,0.0
2010-11-29 00:00:00+09:00,129.7639409887182,130.74551391601562,128.78236806142078,130.74551391601562,14600,0.0,0.0
2010-11-30 00:00:00+09:00,131.92340068994292,133.29760278046317,126.81922149658203,126.81922149658203,9400,0.0,0.0
2010-12-01 00:00:00+09:00,126.42662129656274,126.42662129656274,122.10769945102798,125.24873352050781,8600,0.0,0.0
2010-12-02 00:00:00+09:00,125.24874430274362,125.24874430274362,122.69665390159054,124.46348571777344,5800,0.0,0.0
2010-12-03 00:00:00+09:00,124.46347226503225,130.94185489081468,124.46347226503225,129.371337890625,6400,0.0,0.0
2010-12-06 00:00:00+09:00,128.78239894057765,132.51237695867366,124.46347702488755,129.56765747070312,7800,0.0,0.0
2010-12-07 00:00:00+09:00,129.37136787806392,130.7455705717611,127.99716518436674,129.96031188964844,5000,0.0,0.0
2010-12-08 00:00:00+09:00,129.56765504009954,133.101318359375,127.99713800931046,133.101318359375,12000,0.0,0.0
2010-12-09 00:00:00+09:00,133.49395751953125,134.8681600234088,129.56766465130974,133.49395751953125,15000,0.0,0.0
2010-12-10 00:00:00+09:00,130.7455525117762,135.45710395364202,130.7455525117762,133.49395751953125,8200,0.0,0.0
2010-12-13 00:00:00+09:00,130.35287452709193,133.29759307815576,130.35287452709193,130.9418182373047,5200,0.0,0.0
2010-12-14 00:00:00+09:00,130.54924749558973,133.8865966796875,130.54924749558973,133.8865966796875,23200,0.0,0.0
2010-12-15 00:00:00+09:00,153.12538023252745,153.12538023252745,141.54281942006702,145.27279663085938,61600,0.0,0.0
2010-12-16 00:00:00+09:00,147.6286109499337,153.12542093211206,144.8802059588445,148.021240234375,14600,0.0,0.0
2010-12-17 00:00:00+09:00,143.11336924878856,155.08856201171875,142.13179607149922,155.08856201171875,15000,0.0,0.0
2010-12-20 00:00:00+09:00,152.34016501962842,164.70798769519104,152.34016501962842,157.83697509765625,45400,0.0,0.0
2010-12-21 00:00:00+09:00,157.05170584197091,158.62222290039062,140.16864746395905,158.62222290039062,49000,0.0,0.0
2010-12-22 00:00:00+09:00,163.7264145491959,163.7264145491959,151.1622772216797,151.1622772216797,13200,0.0,0.0
2010-12-24 00:00:00+09:00,152.34012187236064,154.89221154290277,143.50596532048405,145.27279663085938,17400,0.0,0.0
2010-12-27 00:00:00+09:00,145.2728129542151,150.37699286882267,143.5059814453125,143.5059814453125,3200,0.0,0.0
2010-12-28 00:00:00+09:00,146.10067991868885,151.2900483311013,146.10067991868885,150.49168395996094,4600,3.0,0.0
2010-12-29 00:00:00+09:00,147.69737243652344,147.69737243652344,147.69737243652344,147.69737243652344,2000,0.0,0.0
2010-12-30 00:00:00+09:00,147.69741258016958,147.69741258016958,144.90313720703125,144.90313720703125,3800,0.0,0.0
2011-01-04 00:00:00+09:00,145.70148920785195,151.68922164105135,145.70148920785195,146.30026245117188,1200,0.0,0.0
2011-01-05 00:00:00+09:00,151.4896394238864,151.4896394238864,146.49986210425905,150.49168395996094,3800,0.0,0.0
2011-01-06 00:00:00+09:00,150.49170684814453,157.8765784043532,149.69334235558142,155.6810760498047,13600,0.0,0.0
2011-01-07 00:00:00+09:00,152.4875946044922,152.4875946044922,152.4875946044922,152.4875946044922,400,0.0,0.0
2011-01-11 00:00:00+09:00,153.68511962890625,153.68511962890625,148.29616088867186,151.689208984375,11400,0.0,0.0
2011-01-12 00:00:00+09:00,154.48350762602072,158.87451171875,154.48350762602072,158.87451171875,10000,0.0,0.0
2011-01-13 00:00:00+09:00,154.48352931096002,157.67698728121243,152.2880269564115,155.6810760498047,19000,0.0,0.0
2011-01-14 00:00:00+09:00,152.6871913135205,155.48146671010778,152.28800911400802,155.28187561035156,7000,0.0,0.0
2011-01-17 00:00:00+09:00,152.48759488781187,152.68718598059695,150.49168395996094,150.49168395996094,5800,0.0,0.0
2011-01-18 00:00:00+09:00,149.09457397460938,149.69334736406563,149.09457397460938,149.09457397460938,5600,0.0,0.0
2011-01-19 00:00:00+09:00,146.49985050144014,146.49985050144014,145.9010772705078,145.9010772705078,5600,0.0,0.0
2011-01-20 00:00:00+09:00,144.90311592673987,144.90311592673987,140.1129302762691,141.1108856201172,10400,0.0,0.0
2011-01-21 00:00:00+09:00,145.30230456737291,145.30230456737291,137.9174346923828,137.9174346923828,13800,0.0,0.0
2011-01-24 00:00:00+09:00,139.71376037597656,139.71376037597656,139.71376037597656,139.71376037597656,400,0.0,0.0
2011-01-25 00:00:00+09:00,139.7137420566854,144.50392749862888,139.31455993652344,139.31455993652344,800,0.0,0.0
2011-01-26 00:00:00+09:00,139.31455993652344,139.31455993652344,139.31455993652344,139.31455993652344,0,0.0,0.0
2011-01-27 00:00:00+09:00,146.89903259277344,146.89903259277344,146.89903259277344,146.89903259277344,200,0.0,0.0
2011-01-28 00:00:00+09:00,146.89902951623816,147.497802734375,146.89902951623816,147.497802734375,1600,0.0,0.0
2011-01-31 00:00:00+09:00,141.90926168781436,145.7014923095703,141.7096706024588,145.7014923095703,3400,0.0,0.0
2011-02-01 00:00:00+09:00,146.4998321533203,146.4998321533203,146.4998321533203,146.4998321533203,200,0.0,0.0
2011-02-02 00:00:00+09:00,147.49781229231093,147.49781229231093,141.9092618942261,143.70558166503906,4800,0.0,0.0
2011-02-03 00:00:00+09:00,143.70561282735477,143.70561282735477,141.70970153808594,141.70970153808594,4600,0.0,0.0
2011-02-04 00:00:00+09:00,147.69737243652344,149.69328287485484,147.49778139269029,147.69737243652344,8400,0.0,0.0
2011-02-07 00:00:00+09:00,147.69736933514355,147.69736933514355,144.5039127008702,147.29818725585938,1200,0.0,0.0
2011-02-08 00:00:00+09:00,145.7015040360421,149.09455276016914,144.30436632610747,148.2961883544922,4800,0.0,0.0
2011-02-09 00:00:00+09:00,149.69329833984375,151.689208984375,149.2941162109375,151.689208984375,14600,0.0,0.0
2011-02-10 00:00:00+09:00,154.882666015625,155.6810302734375,151.689208984375,151.689208984375,12600,0.0,0.0
2011-02-14 00:00:00+09:00,152.88674581668033,153.68511002460033,145.90105899738032,146.4998321533203,9200,0.0,0.0
2011-02-15 00:00:00+09:00,146.49985654662257,147.69740305790285,142.5080348423549,146.69944763183594,14600,0.0,0.0
2011-02-16 00:00:00+09:00,150.29207458901914,150.29207458901914,149.6933013834852,150.0924835205078,1200,0.0,0.0
2011-02-17 00:00:00+09:00,150.09249307821085,150.09249307821085,145.30230712890625,145.30230712890625,2200,0.0,0.0
2011-02-18 00:00:00+09:00,147.49780893781175,147.49780893781175,145.30230704563866,146.30026245117188,2800,0.0,0.0
2011-02-21 00:00:00+09:00,143.90516972873868,143.90516972873868,143.306396484375,143.306396484375,4400,0.0,0.0
2011-02-22 00:00:00+09:00,145.70151122876624,149.89292456548418,140.31255122441462,143.10682678222656,13000,0.0,0.0
2011-02-23 00:00:00+09:00,141.70966183104102,145.30230114506742,141.70966183104102,142.50802612304688,9800,0.0,0.0
2011-02-24 00:00:00+09:00,145.30231079101563,145.30231079101563,139.71376037597656,139.71376037597656,3200,0.0,0.0
2011-02-25 00:00:00+09:00,140.5121307373047,140.5121307373047,140.5121307373047,140.5121307373047,400,0.0,0.0
2011-02-28 00:00:00+09:00,140.5121307373047,140.5121307373047,140.5121307373047,140.5121307373047,400,0.0,0.0
2011-03-01 00:00:00+09:00,143.7055975731383,143.7055975731383,140.71173095703125,140.71173095703125,10400,0.0,0.0
2011-03-02 00:00:00+09:00,141.70965882642602,141.70965882642602,141.1108856201172,141.1108856201172,6600,0.0,0.0
2011-03-03 00:00:00+09:00,143.70562203322783,144.70357774179192,141.70971061609967,141.9093017578125,4400,0.0,0.0
2011-03-04 00:00:00+09:00,143.70557792533583,162.46713948781024,143.70557792533583,152.28799438476562,58200,0.0,0.0
2011-03-07 00:00:00+09:00,152.88679161367492,180.23077392578125,152.88679161367492,180.23077392578125,395000,0.0,0.0
2011-03-08 00:00:00+09:00,180.23077392578125,180.23077392578125,180.23077392578125,180.23077392578125,0,0.0,0.0
2011-03-09 00:00:00+09:00,171.84793273697184,174.8417991609609,159.87246704101562,159.87246704101562,136600,0.0,0.0
2011-03-10 00:00:00+09:00,166.8581488011247,193.6033544702045,166.8581488011247,188.4139862060547,191800,0.0,0.0
2011-03-11 00:00:00+09:00,178.03524900593638,190.40989635836695,167.0577392578125,167.0577392578125,96000,0.0,0.0
2011-03-14 00:00:00+09:00,167.0577392578125,167.0577392578125,167.0577392578125,167.0577392578125,0,0.0,0.0
2011-03-15 00:00:00+09:00,111.1722412109375,111.1722412109375,111.1722412109375,111.1722412109375,8800,0.0,0.0
2011-03-16 00:00:00+09:00,107.18041767793542,111.77101284849877,95.40454310996859,101.79145812988281,97400,0.0,0.0
2011-03-17 00:00:00+09:00,100.79350014748422,109.77509917052737,93.20903875024779,105.02483367919922,19600,0.0,0.0
2011-03-18 00:00:00+09:00,107.02074696660885,116.16201662919244,107.02074696660885,116.04226684570312,27000,0.0,0.0
2011-03-22 00:00:00+09:00,123.74647737280723,130.13339233398438,121.95015753997616,130.13339233398438,51000,0.0,0.0
2011-03-23 00:00:00+09:00,131.53052743578715,133.32684723384796,120.35342647007533,125.74238586425781,32000,0.0,0.0
2011-03-24 00:00:00+09:00,122.94812160102437,125.74239709195673,122.94812160102437,123.14771270751953,8200,0.0,0.0
2011-03-25 00:00:00+09:00,122.34934629020044,124.54484842591367,116.52128363898325,117.75875091552734,34600,0.0,0.0
2011-03-28 00:00:00+09:00,116.5612154591943,119.35549117225717,111.9706196448767,112.52947235107422,26200,0.0,0.0
2011-03-29 00:00:00+09:00,112.52944276378958,115.76282053231346,112.17018127441406,112.17018127441406,18000,0.0,0.0
2011-03-30 00:00:00+09:00,112.44960761104733,115.36363220214844,112.44960761104733,115.36363220214844,14400,0.0,0.0
2011-03-31 00:00:00+09:00,117.31964805196986,117.75875091552734,116.32169253573659,117.75875091552734,10400,0.0,0.0
2011-04-01 00:00:00+09:00,119.75465393066406,119.75465393066406,117.08012845338322,119.75465393066406,5600,0.0,0.0
2011-04-04 00:00:00+09:00,123.34728382880813,125.7423767186879,123.34728382880813,125.54278564453125,12000,0.0,0.0
2011-04-05 00:00:00+09:00,125.74238992815641,125.74238992815641,118.19784896888176,119.1558837890625,28600,0.0,0.0
2011-04-06 00:00:00+09:00,119.43532256133439,119.43532256133439,117.7587524000965,117.95834350585938,6400,0.0,0.0
2011-04-07 00:00:00+09:00,118.03818133148077,118.95629551801844,116.16202011994419,117.00030517578125,16000,0.0,0.0
2011-04-08 00:00:00+09:00,115.80277179950257,119.71475293066504,115.80277179950257,119.27565002441406,2000,0.0,0.0
2011-04-11 00:00:00+09:00,119.55506933241425,119.75466043313614,117.43940853759179,117.55915832519531,4200,0.0,0.0
2011-04-12 00:00:00+09:00,117.3994878810326,117.7587494259172,117.35956722447342,117.55915832519531,3800,0.0,0.0
2011-04-13 00:00:00+09:00,116.96039787447307,119.27565002441406,116.96039787447307,119.27565002441406,3800,0.0,0.0
2011-04-14 00:00:00+09:00,119.59498618430841,122.14974975585936,118.95629224590226,122.14974975585938,10000,0.0,0.0
2011-04-15 00:00:00+09:00,124.3452346373274,129.73419344183435,124.3452346373274,127.93787384033203,10400,0.0,0.0
2011-04-18 00:00:00+09:00,127.53869170666485,127.93787384033203,124.94400783782817,127.93787384033203,8200,0.0,0.0
2011-04-19 00:00:00+09:00,126.93993825419967,127.53871154785156,126.93993825419967,127.53871154785156,2400,0.0,0.0
2011-04-20 00:00:00+09:00,127.73832845543807,132.12933349609375,127.73832845543807,132.12933349609375,16000,0.0,0.0
2011-04-21 00:00:00+09:00,127.93789357724397,131.7301244321077,127.73830247961956,128.5366668701172,4200,0.0,0.0
2011-04-22 00:00:00+09:00,130.93173828125,147.6973876953125,130.93173828125,137.71783447265625,11200,0.0,0.0
2011-04-25 00:00:00+09:00,137.7178725277085,137.91746364731387,130.93177446112574,132.52850341796875,4800,0.0,0.0
2011-04-26 00:00:00+09:00,132.9276797207919,133.32686194217567,130.53258639248935,131.73013305664062,5400,0.0,0.0
2011-04-27 00:00:00+09:00,131.7301147831972,135.92152752629892,128.9358396211294,131.3309326171875,9600,0.0,0.0
2011-04-28 00:00:00+09:00,139.71375473984727,139.71375473984727,130.13338298625774,132.9276580810547,5400,0.0,0.0
2011-05-02 00:00:00+09:00,132.9276580810547,132.9276580810547,132.9276580810547,132.9276580810547,0,0.0,0.0
2011-05-06 00:00:00+09:00,133.9255828857422,133.9255828857422,133.9255828857422,133.9255828857422,0,0.0,0.0
2011-05-09 00:00:00+09:00,133.9255828857422,133.9255828857422,133.9255828857422,133.9255828857422,0,0.0,0.0
2011-05-10 00:00:00+09:00,132.1293116048177,150.49169327799478,131.9297204996745,149.69332885742188,22800,0.0,0.0
2011-05-11 00:00:00+09:00,141.7096706024588,145.7014923095703,140.9113062610365,145.7014923095703,13600,0.0,0.0
2011-05-12 00:00:00+09:00,143.70555155986065,151.68919331318622,141.90923216536237,147.69737243652344,6000,0.0,0.0
2011-05-13 00:00:00+09:00,147.2982216535296,147.2982216535296,139.71376037597656,139.71376037597656,10800,0.0,0.0
2011-05-16 00:00:00+09:00,137.71784689574116,139.31457555540192,132.52847875184366,135.32275390625,18000,0.0,0.0
2011-05-17 00:00:00+09:00,133.12726177717204,133.12726177717204,130.53257751464844,130.53257751464844,6000,0.0,0.0
2011-05-18 00:00:00+09:00,136.1211427399266,138.51623616057046,132.92768484573477,135.52236938476562,2800,0.0,0.0
2011-05-19 00:00:00+09:00,135.72193908691406,139.71376082476448,135.322756913129,135.72193908691406,9400,0.0,0.0
2011-05-20 00:00:00+09:00,137.71784995583926,139.71376082476448,135.322756913129,135.72193908691406,5600,0.0,0.0
2011-05-23 00:00:00+09:00,134.1252266221374,134.1252266221374,130.53258662333016,130.732177734375,6200,0.0,0.0
2011-05-24 00:00:00+09:00,130.93172930388172,133.5264129638672,129.73418299927306,133.5264129638672,4600,0.0,0.0
2011-05-25 00:00:00+09:00,127.93788759708404,129.7342073917389,123.7464747428894,127.73829650878906,19200,0.0,0.0
2011-05-26 00:00:00+09:00,129.7342071533203,129.7342071533203,127.73829627403845,129.7342071533203,1800,0.0,0.0
2011-05-27 00:00:00+09:00,129.73421345586362,129.73421345586362,128.5366668701172,128.5366668701172,1000,0.0,0.0
2011-05-30 00:00:00+09:00,128.5366668701172,128.5366668701172,128.5366668701172,128.5366668701172,0,0.0,0.0
2011-05-31 00:00:00+09:00,128.5366668701172,128.5366668701172,128.5366668701172,128.5366668701172,0,0.0,0.0
2011-06-01 00:00:00+09:00,132.5284820327185,137.31866813028665,132.5284820327185,132.7280731201172,6400,0.0,0.0
2011-06-02 00:00:00+09:00,128.53664256569868,133.3268280029297,128.33705150581406,133.3268280029297,1600,0.0,0.0
2011-06-03 00:00:00+09:00,132.1293152780244,132.1293152780244,131.73013305664062,131.73013305664062,600,0.0,0.0
2011-06-06 00:00:00+09:00,131.53052718639373,131.53052718639373,126.1415678024292,127.73829650878906,2200,0.0,0.0
2011-06-07 00:00:00+09:00,126.34116479624873,128.5366668701172,126.14157369862433,128.5366668701172,600,0.0,0.0
2011-06-08 00:00:00+09:00,126.93995519923412,126.93995519923412,126.74036407470703,126.74036407470703,600,0.0,0.0
2011-06-09 00:00:00+09:00,125.74236761541054,128.33705139160156,125.74236761541054,128.33705139160156,1000,0.0,0.0
2011-06-10 00:00:00+09:00,125.94198128870661,127.33911895751952,120.35343061345498,127.33911895751953,11400,0.0,0.0
2011-06-13 00:00:00+09:00,124.94404167093003,129.53463745117188,123.74649494564956,129.53463745117188,2000,0.0,0.0
2011-06-14 00:00:00+09:00,129.5345854766609,129.734176517457,126.34112882392351,128.73622131347656,1400,0.0,0.0
2011-06-15 00:00:00+09:00,124.1456614288043,129.13543881742183,124.1456614288043,127.33911895751953,5000,0.0,0.0
2011-06-16 00:00:00+09:00,127.33911895751952,127.33911895751952,127.33911895751952,127.33911895751953,5000,0.0,0.0
2011-06-17 00:00:00+09:00,125.74238586425781,125.74238586425781,122.94811062282986,125.74238586425781,2600,0.0,0.0
2011-06-20 00:00:00+09:00,125.74239234739436,125.74239234739436,123.54689025878906,123.54689025878906,4800,0.0,0.0
2011-06-21 00:00:00+09:00,129.13543412685394,131.53052718639373,126.74034106731415,127.73829650878906,23400,0.0,0.0
2011-06-22 00:00:00+09:00,129.9337977850615,133.7260284423828,129.73420669783408,133.7260284423828,8400,0.0,0.0
2011-06-23 00:00:00+09:00,133.72604012663857,136.3207244873047,133.72604012663857,136.3207244873047,11000,0.0,0.0
2011-06-24 00:00:00+09:00,137.71784951346262,139.71376037597656,135.92152973720007,139.71376037597656,9000,0.0,0.0
2011-06-27 00:00:00+09:00,143.306396316696,145.30230712890625,139.71375685471753,145.30230712890625,23600,0.0,0.0
2011-06-28 00:00:00+09:00,133.12727596412176,139.7137828708924,133.12727596412176,135.52236938476562,13800,0.0,0.0
2011-06-29 00:00:00+09:00,138.3166076660156,138.3166076660156,134.3247863769531,137.71783447265625,5000,0.0,0.0
2011-06-30 00:00:00+09:00,134.92357473934396,137.71784995583926,134.52439256555894,135.72193908691406,3400,0.0,0.0
2011-07-01 00:00:00+09:00,136.71989130419354,137.31866455078125,136.52030022199764,137.31866455078125,2200,0.0,0.0
2011-07-04 00:00:00+09:00,137.31866734095982,139.71376037597656,137.31866734095982,139.71376037597656,3400,0.0,0.0
2011-07-05 00:00:00+09:00,135.12317177845023,139.7137669791952,135.12317177845023,136.5203094482422,3000,0.0,0.0
2011-07-06 00:00:00+09:00,138.91541098736704,140.91132206477172,136.91949990996233,140.71173095703125,2800,0.0,0.0
2011-07-07 00:00:00+09:00,137.91742856259668,141.11088566390137,132.1292875664819,139.11497497558594,7000,0.0,0.0
2011-07-08 00:00:00+09:00,136.91947321843895,139.51415711324904,135.92151787428125,139.11497497558594,4200,0.0,0.0
2011-07-11 00:00:00+09:00,139.31456298828124,139.31456298828124,137.71783447265625,137.71783447265625,600,0.0,0.0
2011-07-12 00:00:00+09:00,134.92359602960465,136.71991609508757,131.73013813541283,135.52236938476562,14600,0.0,0.0
2011-07-13 00:00:00+09:00,129.93383705958655,133.526477715612,129.7342459120296,131.92974853515625,5400,0.0,0.0
2011-07-14 00:00:00+09:00,131.92974853515625,131.92974853515625,131.92974853515625,131.92974853515625,0,0.0,0.0
2011-07-15 00:00:00+09:00,132.72807300624564,133.7260284423828,131.73011757010846,133.7260284423828,9000,0.0,0.0
2011-07-19 00:00:00+09:00,133.7260284423828,133.7260284423828,130.5325710467438,133.7260284423828,2400,0.0,0.0
2011-07-20 00:00:00+09:00,132.129321178758,134.32482349441713,132.129321178758,132.52850341796875,1800,0.0,0.0
2011-07-21 00:00:00+09:00,133.52643746971188,133.72602855711054,132.7280731201172,132.7280731201172,1400,0.0,0.0
2011-07-22 00:00:00+09:00,132.12931209236248,132.3289031982422,131.53053877472337,132.3289031982422,2000,0.0,0.0
2011-07-25 00:00:00+09:00,132.32889083179077,133.7260284423828,131.73011757010846,133.7260284423828,1800,0.0,0.0
2011-07-26 00:00:00+09:00,132.72806090393524,133.1272430419922,132.72806090393524,133.1272430419922,2200,0.0,0.0
2011-07-27 00:00:00+09:00,132.5284857348861,132.5284857348861,125.74238857376241,128.13748168945312,8000,0.0,0.0
2011-07-28 00:00:00+09:00,128.13747844989481,129.7342071533203,127.73829627403845,129.7342071533203,2400,0.0,0.0
2011-07-29 00:00:00+09:00,129.7342073917389,129.7342073917389,127.73829650878906,127.73829650878906,5800,0.0,0.0
2011-08-01 00:00:00+09:00,128.33710187007293,132.12933349609375,128.1375107318613,132.12933349609375,1000,0.0,0.0
2011-08-02 00:00:00+09:00,128.5366638754016,129.93380152622117,128.13748168945312,128.13748168945312,1000,0.0,0.0
2011-08-03 00:00:00+09:00,131.92970912053033,131.92970912053033,129.7342071533203,129.7342071533203,5800,0.0,0.0
2011-08-04 00:00:00+09:00,131.3309142410114,135.52232639763943,129.7341858003912,129.93377685546875,14600,0.0,0.0
2011-08-05 00:00:00+09:00,121.95017216422342,123.74649221246894,121.7505810477517,122.94812774658203,4800,0.0,0.0
2011-08-08 00:00:00+09:00,123.94607128595051,124.54484457718699,116.00234805862803,121.35138702392578,22200,0.0,0.0
2011-08-09 00:00:00+09:00,112.80888643910022,119.75465393066406,111.77101033528646,119.75465393066406,16600,0.0,0.0
2011-08-10 00:00:00+09:00,120.15385043236516,125.74240161526586,120.15385043236516,123.74649047851562,1200,0.0,0.0
2011-08-11 00:00:00+09:00,123.74649047851561,123.74649047851561,123.74649047851561,123.74649047851562,1000,0.0,0.0
2011-08-12 00:00:00+09:00,123.74648376080974,126.93994140625,120.95220832104953,126.93994140625,1200,0.0,0.0
2011-08-15 00:00:00+09:00,128.73627261751017,128.73627261751017,123.74649460907953,125.34322357177734,1600,0.0,0.0
2011-08-16 00:00:00+09:00,128.13749214408838,128.13749214408838,122.34934997558594,122.34934997558594,5200,0.0,0.0
2011-08-17 00:00:00+09:00,123.74649047851561,123.74649047851561,123.74649047851561,123.74649047851562,200,0.0,0.0
2011-08-18 00:00:00+09:00,126.540771484375,126.540771484375,126.540771484375,126.540771484375,200,0.0,0.0
2011-08-19 00:00:00+09:00,127.13950966057604,127.13950966057604,120.75259551750158,120.95218658447266,2600,0.0,0.0
2011-08-22 00:00:00+09:00,120.95218658447266,120.95218658447266,120.95218658447266,120.95218658447266,200,0.0,0.0
2011-08-23 00:00:00+09:00,120.95218658447266,120.95218658447266,120.95218658447266,120.95218658447266,200,0.0,0.0
2011-08-24 00:00:00+09:00,126.540771484375,126.540771484375,126.540771484375,126.540771484375,200,0.0,0.0
2011-08-25 00:00:00+09:00,122.34935676671897,125.74240581245179,122.34935676671897,125.34322357177734,800,0.0,0.0
2011-08-26 00:00:00+09:00,125.74239995825383,130.732177734375,125.14362662511928,130.732177734375,2000,0.0,0.0
2011-08-29 00:00:00+09:00,130.33298041710486,130.93175368088941,126.74034083439753,129.7342071533203,7000,0.0,0.0
2011-08-30 00:00:00+09:00,127.73830215500764,131.73012409735162,127.73830215500764,130.53257751464844,8200,0.0,0.0
2011-08-31 00:00:00+09:00,131.73013893954726,133.12727677678487,129.7342277434935,132.52850341796875,13400,0.0,0.0
2011-09-01 00:00:00+09:00,133.32684023745423,133.7260223938538,131.730111611856,132.9276580810547,6400,0.0,0.0
2011-09-02 00:00:00+09:00,131.3309265044101,131.530517578125,129.93378898840572,131.530517578125,2600,0.0,0.0
2011-09-05 00:00:00+09:00,128.73627296765156,129.53463745117188,128.3370907258914,129.53463745117188,5400,0.0,0.0
2011-09-06 00:00:00+09:00,129.33502497746395,129.7342071533203,126.54074974646934,129.7342071533203,14800,0.0,0.0
2011-09-07 00:00:00+09:00,128.33709333001113,130.93177795410156,128.33709333001113,130.93177795410156,400,0.0,0.0
2011-09-08 00:00:00+09:00,130.93176004161006,130.93176004161006,128.5366668701172,128.5366668701172,4400,0.0,0.0
2011-09-09 00:00:00+09:00,128.13745126621063,129.73417963089864,127.73826917503865,129.13540649414062,5000,0.0,0.0
2011-09-12 00:00:00+09:00,126.34115865854116,129.7342071533203,124.94402104304386,129.7342071533203,7800,0.0,0.0
2011-09-13 00:00:00+09:00,129.33503464033018,129.33503464033018,126.93994140625,126.93994140625,4400,0.0,0.0
2011-09-14 00:00:00+09:00,126.14155629629614,126.93992057665244,117.75873135255495,119.23571014404297,13400,0.0,0.0
2011-09-15 00:00:00+09:00,119.0760451072463,121.55097961425781,119.0760451072463,121.55097961425781,1400,0.0,0.0
2011-09-16 00:00:00+09:00,122.14973909972144,124.54483202324539,120.55301048403881,121.75055694580078,4800,0.0,0.0
2011-09-20 00:00:00+09:00,120.35344323244962,122.94812774658205,120.35344323244962,122.94812774658203,1000,0.0,0.0
2011-09-21 00:00:00+09:00,122.14976328069514,122.94812774658205,122.14976328069514,122.94812774658203,1800,0.0,0.0
2011-09-22 00:00:00+09:00,122.94810970887444,122.94810970887444,120.55301666259767,120.55301666259766,2200,0.0,0.0
2011-09-26 00:00:00+09:00,126.14158884073942,126.14158884073942,113.04841613769531,113.04841613769531,5600,0.0,0.0
2011-09-27 00:00:00+09:00,116.201968143978,119.71476745605469,116.201968143978,119.71476745605469,600,0.0,0.0
2011-09-28 00:00:00+09:00,119.754688121844,119.754688121844,119.71476745605469,119.71476745605469,400,0.0,0.0
2011-09-29 00:00:00+09:00,119.75465393066406,119.75465393066406,119.75465393066406,119.75465393066406,1400,0.0,0.0
2011-09-30 00:00:00+09:00,120.55301979813918,120.55301979813918,119.9542465209961,119.9542465209961,800,0.0,0.0
2011-10-03 00:00:00+09:00,123.54687645263671,124.74442291259766,123.54687645263671,124.74442291259766,1800,0.0,0.0
2011-10-04 00:00:00+09:00,123.54691169022742,123.54691169022742,120.75263582001226,123.34732055664062,3000,0.0,0.0
2011-10-05 00:00:00+09:00,123.34732055664061,123.34732055664061,123.34732055664061,123.34732055664062,2400,0.0,0.0
2011-10-06 00:00:00+09:00,124.9440124220613,125.54278564453125,124.9440124220613,125.54278564453125,1600,0.0,0.0
2011-10-07 00:00:00+09:00,125.54278564453125,125.54278564453125,125.54278564453125,125.54278564453125,800,0.0,0.0
2011-10-11 00:00:00+09:00,126.54075605843175,127.53871154785156,124.94402727536006,127.53871154785156,2800,0.0,0.0
2011-10-12 00:00:00+09:00,125.9419937133789,125.9419937133789,125.9419937133789,125.9419937133789,400,0.0,0.0
2011-10-13 00:00:00+09:00,127.73829650878906,129.7342073917389,127.53870542049407,127.73829650878906,10400,0.0,0.0
2011-10-14 00:00:00+09:00,131.33093609809876,131.53052718639373,127.73829650878906,127.73829650878906,2600,0.0,0.0
2011-10-17 00:00:00+09:00,127.93787384033203,127.93787384033203,127.93787384033203,127.93787384033203,200,0.0,0.0
2011-10-18 00:00:00+09:00,127.93789357724397,128.5366668701172,127.93789357724397,128.5366668701172,1000,0.0,0.0
2011-10-19 00:00:00+09:00,128.5366668701172,128.5366668701172,128.13748467486838,128.5366668701172,600,0.0,0.0
2011-10-20 00:00:00+09:00,127.93789862379242,128.3370808347871,126.1415786743164,126.1415786743164,1600,0.0,0.0
2011-10-21 00:00:00+09:00,126.93991102930586,129.93377685546875,125.74236469884072,129.93377685546875,4800,0.0,0.0
2011-10-24 00:00:00+09:00,128.93582457072256,129.53459774984356,128.33705139160156,128.33705139160156,1200,0.0,0.0
2011-10-25 00:00:00+09:00,128.33705743008733,131.13133239746094,128.33705743008733,131.13133239746094,1000,0.0,0.0
2011-10-26 00:00:00+09:00,128.73626133181014,131.73012787441039,126.93994140625,126.93994140625,4600,0.0,0.0
2011-10-27 00:00:00+09:00,131.53051453565718,131.53051453565718,131.13133239746094,131.13133239746094,600,0.0,0.0
2011-10-28 00:00:00+09:00,128.53663027268047,132.9276331701944,128.53663027268047,128.73622131347656,7000,0.0,0.0
2011-10-31 00:00:00+09:00,132.52846052329238,132.52846052329238,128.33704836818825,128.93582153320312,2800,0.0,0.0
2011-11-01 00:00:00+09:00,129.13540649414062,131.7300900867586,128.93581544855462,129.13540649414062,3000,0.0,0.0
2011-11-02 00:00:00+09:00,126.93993192232571,131.53052694467397,126.93993192232571,129.7342071533203,2600,0.0,0.0
2011-11-04 00:00:00+09:00,129.7341979146908,131.530517578125,128.33706039868645,131.530517578125,2800,0.0,0.0
2011-11-07 00:00:00+09:00,132.52849749940813,132.52849749940813,129.73422194972184,131.73013305664062,1800,0.0,0.0
2011-11-08 00:00:00+09:00,131.73009943079066,131.73009943079066,129.3350067138672,129.3350067138672,5200,0.0,0.0
2011-11-09 00:00:00+09:00,131.92970596009704,133.1272524589784,130.133386211775,130.33297729492188,6400,0.0,0.0
2011-11-10 00:00:00+09:00,126.93993158555568,132.7280731201172,126.93993158555568,132.7280731201172,3000,0.0,0.0
2011-11-11 00:00:00+09:00,131.73012787441039,131.73012787441039,124.14566596648977,126.93994140625,3000,0.0,0.0
2011-11-14 00:00:00+09:00,126.93991994640054,131.33092346655906,126.93991994640054,131.13133239746094,1800,0.0,0.0
2011-11-15 00:00:00+09:00,131.13133239746094,131.13133239746094,131.13133239746094,131.13133239746094,1800,0.0,0.0
2011-11-16 00:00:00+09:00,127.93788759708404,127.93788759708404,127.73829650878906,127.73829650878906,800,0.0,0.0
2011-11-17 00:00:00+09:00,127.339135121491,129.53463745117188,127.339135121491,129.53463745117188,800,0.0,0.0
2011-11-18 00:00:00+09:00,127.33911433219909,127.73829650878906,127.33911433219909,127.73829650878906,400,0.0,0.0
2011-11-21 00:00:00+09:00,129.5346257431702,129.5346257431702,124.14566596648977,126.93994140625,5600,0.0,0.0
2011-11-22 00:00:00+09:00,126.93994140625,126.93994140625,126.93994140625,126.93994140625,0,0.0,0.0
2011-11-24 00:00:00+09:00,137.71786637739703,137.71786637739703,126.54076417865176,131.73013305664062,18800,0.0,0.0
2011-11-25 00:00:00+09:00,132.92764263330227,132.92764263330227,127.73827520317337,128.93582153320312,12200,0.0,0.0
2011-11-28 00:00:00+09:00,130.53260439040076,132.12933349609375,128.9358752847078,132.12933349609375,10800,0.0,0.0
2011-11-29 00:00:00+09:00,132.1292995228487,137.1190766951617,132.1292995228487,135.72193908691406,19600,0.0,0.0
2011-11-30 00:00:00+09:00,136.71991262199924,137.3186859619496,133.12727258229708,137.1190948486328,12800,0.0,0.0
2011-12-01 00:00:00+09:00,137.71787168702252,137.71787168702252,133.72604931928274,135.52236938476562,8800,0.0,0.0
2011-12-02 00:00:00+09:00,135.52234800002154,135.72193908691406,132.92766387041877,135.72193908691406,8800,0.0,0.0
2011-12-05 00:00:00+09:00,136.91948238638946,137.71784671517307,133.9256161534509,137.31866455078125,10400,0.0,0.0
2011-12-06 00:00:00+09:00,137.5182527395395,139.7137545975002,134.52438656959308,134.92356872558594,19600,0.0,0.0
2011-12-07 00:00:00+09:00,135.721923828125,137.71783447265625,135.721923828125,137.71783447265625,1000,0.0,0.0
2011-12-08 00:00:00+09:00,135.92151489257813,139.1149719238281,135.92151489257813,137.71783447265625,4000,0.0,0.0
2011-12-09 00:00:00+09:00,137.7178314984855,141.3104705810547,134.52437453620178,141.3104705810547,9200,0.0,0.0
2011-12-12 00:00:00+09:00,138.117037599737,140.5121307373047,138.117037599737,140.5121307373047,10200,0.0,0.0
2011-12-13 00:00:00+09:00,137.31866139379042,139.71375432507745,137.31866139379042,138.91539001464844,7000,0.0,0.0
2011-12-14 00:00:00+09:00,140.51212472098214,141.70967123849053,138.91539603097098,139.71376037597656,2600,0.0,0.0
2011-12-15 00:00:00+09:00,144.50397734306227,144.50397734306227,139.71379024881713,141.70970153808594,4000,0.0,0.0
2011-12-16 00:00:00+09:00,144.50397734306227,144.50397734306227,139.71379024881713,141.70970153808594,4000,0.0,0.0
2011-12-19 00:00:00+09:00,139.71376048575203,139.71376048575203,138.71580505371094,138.71580505371094,1800,0.0,0.0
2011-12-20 00:00:00+09:00,140.911300790721,142.70762048918627,138.31661678182667,138.91539001464844,3800,0.0,0.0
2011-12-21 00:00:00+09:00,142.50802312345587,142.50802312345587,139.11497495384975,140.11293029785156,4800,0.0,0.0
2011-12-22 00:00:00+09:00,142.1088534109933,142.5080355834961,139.3145782034738,139.71376037597656,6000,0.0,0.0
2011-12-26 00:00:00+09:00,139.71376037597656,139.71376037597656,139.71376037597656,139.71376037597656,0,0.0,0.0
2011-12-27 00:00:00+09:00,150.8908447265625,158.67489624023438,148.29616088867186,158.67489624023438,33200,0.0,0.0
2011-12-28 00:00:00+09:00,150.04234944493317,151.27557423489154,148.3980497249887,149.22019958496094,29800,5.75,0.0
2011-12-29 00:00:00+09:00,148.60357861036667,148.60357861036667,139.76546812593267,146.34266662597656,13800,0.0,0.0
2011-12-30 00:00:00+09:00,146.54820095457617,146.7537384033203,143.87621412090226,146.7537384033203,1600,0.0,0.0
2012-01-04 00:00:00+09:00,146.75376965599338,149.83683204372434,140.3821073880161,140.79318237304688,21800,0.0,0.0
2012-01-05 00:00:00+09:00,140.79318237304688,142.23194482065466,140.79318237304688,140.79318237304688,2400,0.0,0.0
2012-01-06 00:00:00+09:00,140.79315152614237,142.84852600097656,140.79315152614237,142.84852600097656,20800,0.0,0.0
2012-01-10 00:00:00+09:00,143.87621323839366,144.2872881333605,142.84852600097656,142.84852600097656,10800,0.0,0.0
2012-01-11 00:00:00+09:00,142.84854342365824,142.84854342365824,140.1765562804819,140.58763122558594,6200,0.0,0.0
2012-01-12 00:00:00+09:00,140.58762067215034,140.99869558639637,139.76547084365822,139.97100830078125,2200,0.0,0.0
2012-01-13 00:00:00+09:00,140.38209375303393,141.20424364324202,140.1765562804819,140.58763122558594,2600,0.0,0.0
2012-01-16 00:00:00+09:00,139.76546211757403,140.17653700615512,136.88793789750633,137.09347534179688,21000,0.0,0.0
2012-01-17 00:00:00+09:00,136.06576542627243,138.1211395263672,131.543942406064,138.1211395263672,4000,0.0,0.0
2012-01-18 00:00:00+09:00,142.2319246336471,142.2319246336471,139.76547507352606,141.40977478027344,4800,0.0,0.0
2012-01-19 00:00:00+09:00,141.4097632789039,141.4097632789039,136.06578966661974,136.887939453125,3800,0.0,0.0
2012-01-20 00:00:00+09:00,136.8879363465452,137.29901123046875,136.8879363465452,137.29901123046875,600,0.0,0.0
2012-01-23 00:00:00+09:00,137.2990140294182,138.9433135986328,136.88793913711456,138.9433135986328,5000,0.0,0.0
2012-01-24 00:00:00+09:00,140.58759311282583,140.58759311282583,137.50453186035156,137.50453186035156,1800,0.0,0.0
2012-01-25 00:00:00+09:00,137.71006622541856,137.9156036376953,137.71006622541856,137.9156036376953,800,0.0,0.0
2012-01-26 00:00:00+09:00,138.5322371557509,139.1488494873047,135.65471294183322,139.1488494873047,9000,0.0,0.0
2012-01-27 00:00:00+09:00,139.14885043001723,143.05406188964844,139.14885043001723,143.05406188964844,7000,0.0,0.0
2012-01-30 00:00:00+09:00,143.25960832868304,143.876220703125,143.05407087053572,143.876220703125,4600,0.0,0.0
2012-01-31 00:00:00+09:00,143.87621796889113,144.49283033161495,142.23191833496094,142.23191833496094,3000,0.0,0.0
2012-02-01 00:00:00+09:00,139.3544079625589,142.0263951358823,138.94333301281685,140.38209533691406,2600,0.0,0.0
2012-02-02 00:00:00+09:00,140.38206924217334,141.82083129882812,139.76545693217844,141.82083129882812,2600,0.0,0.0
2012-02-03 00:00:00+09:00,143.87620235780025,144.2872772216797,141.20421574258398,144.2872772216797,3600,0.0,0.0
2012-02-06 00:00:00+09:00,144.28728053880775,144.28728053880775,138.32669487552366,141.82083129882812,14200,0.0,0.0
2012-02-07 00:00:00+09:00,160.31919768919428,170.5960693359375,160.31919768919428,170.5960693359375,97000,0.0,0.0
2012-02-08 00:00:00+09:00,170.59609942424024,175.11792374632853,160.7303009033203,160.7303009033203,132800,0.0,0.0
2012-02-09 00:00:00+09:00,189.50555419921875,189.50555419921875,183.95604230835227,189.50555419921875,491000,0.0,0.0
2012-02-10 00:00:00+09:00,179.22866153071212,184.98371029545976,172.6514629424291,182.10618591308594,208000,0.0,0.0
2012-02-13 00:00:00+09:00,176.76220026490915,184.7781605094806,169.36285234684317,181.69509887695312,85000,0.0,0.0
2012-02-14 00:00:00+09:00,178.8175801595052,186.21692830403646,175.32344353569877,184.98370361328125,39400,0.0,0.0
2012-02-15 00:00:00+09:00,184.98371994571644,209.64821593847864,184.98371994571644,192.7941436767578,260000,0.0,0.0
2012-02-16 00:00:00+09:00,194.6439548392651,209.23711301623217,190.3276686179086,204.30421447753906,93600,0.0,0.0
2012-02-17 00:00:00+09:00,204.30425681794554,212.52575608627333,197.52151992157513,200.81011962890625,79000,0.0,0.0
2012-02-20 00:00:00+09:00,201.4267188915308,204.9208558518941,197.3159695263975,198.5491943359375,35600,0.0,0.0
2012-02-21 00:00:00+09:00,197.3159575591216,199.5768695728199,189.29999678328232,190.1221466064453,48200,0.0,0.0
2012-02-22 00:00:00+09:00,190.32767562063117,195.2605743408203,190.12213817395664,195.2605743408203,21400,0.0,0.0
2012-02-23 00:00:00+09:00,195.05503307933537,196.6993326205732,189.7110595703125,189.7110595703125,8200,0.0,0.0
2012-02-24 00:00:00+09:00,189.29999091446203,193.20520245341402,187.03907897085827,188.888916015625,11800,0.0,0.0
2012-02-27 00:00:00+09:00,186.42248543845764,186.833560378785,177.99544916174676,180.46189880371094,28200,0.0,0.0
2012-02-28 00:00:00+09:00,180.46190769602111,182.31174501864547,180.46190769602111,181.2840576171875,9200,0.0,0.0
2012-02-29 00:00:00+09:00,180.87296117778288,184.1615604719244,179.84527389836364,182.10618591308594,13200,0.0,0.0
2012-03-01 00:00:00+09:00,179.22865572842684,180.87295532226562,175.1179067438299,180.87295532226562,13000,0.0,0.0
2012-03-02 00:00:00+09:00,180.4618992630056,184.57264867674147,179.02313696819803,184.3671112060547,7200,0.0,0.0
2012-03-05 00:00:00+09:00,184.1615541608146,184.9837039561754,182.10617967241265,182.92832946777344,5200,0.0,0.0
2012-03-06 00:00:00+09:00,182.92832946777344,182.92832946777344,182.92832946777344,182.92832946777344,0,0.0,0.0
2012-03-07 00:00:00+09:00,176.76222900390624,180.05082861328125,170.59610473632813,179.8452911376953,17200,0.0,0.0
2012-03-08 00:00:00+09:00,179.8452911376953,179.8452911376953,179.8452911376953,179.8452911376953,0,0.0,0.0
2012-03-09 00:00:00+09:00,183.9560357964935,183.9560357964935,180.05082386338358,180.46189880371094,17000,0.0,0.0
2012-03-12 00:00:00+09:00,180.46189880371094,180.46189880371094,180.46189880371094,180.46189880371094,0,0.0,0.0
2012-03-13 00:00:00+09:00,182.1062123512381,183.75051223702806,179.63976252255316,180.66744995117188,8400,0.0,0.0
2012-03-14 00:00:00+09:00,182.1062123512381,182.1062123512381,179.22868755110565,180.66744995117188,4600,0.0,0.0
2012-03-15 00:00:00+09:00,178.4065376082107,180.8729874368956,178.4065376082107,180.66744995117188,5400,0.0,0.0
2012-03-16 00:00:00+09:00,180.66742372189904,182.10618591308594,179.22866153071212,182.10618591308594,3000,0.0,0.0
2012-03-19 00:00:00+09:00,181.07852492261938,181.07852492261938,178.81761257965817,180.66744995117188,8600,0.0,0.0
2012-03-21 00:00:00+09:00,177.9954254715531,177.9954254715531,175.11790127224393,177.5843505859375,10200,0.0,0.0
2012-03-22 00:00:00+09:00,173.47360663408398,176.76220581198132,173.0625317368468,174.91236877441406,5800,0.0,0.0
2012-03-23 00:00:00+09:00,174.91238455936826,178.81759643554688,174.70684709220097,178.81759643554688,5800,0.0,0.0
2012-03-26 00:00:00+09:00,179.4342005325576,182.10618748206878,176.76221358304645,181.90065002441406,11000,0.0,0.0
2012-03-27 00:00:00+09:00,181.90070169781328,182.10623921385599,176.96780131278783,179.2287139892578,3400,0.0,0.0
2012-03-28 00:00:00+09:00,179.22865572842684,180.87295532226562,178.81758082996714,180.87295532226562,7200,0.0,0.0
2012-03-29 00:00:00+09:00,181.28402954101563,184.98370361328125,180.8729546440972,184.98370361328125,17200,0.0,0.0
2012-03-30 00:00:00+09:00,184.98370361328125,187.03907809787327,184.36709126790365,184.98370361328125,10800,0.0,0.0
2012-04-02 00:00:00+09:00,186.21694788149463,187.03909776176613,184.57264812095164,186.4224853515625,11600,0.0,0.0
2012-04-03 00:00:00+09:00,187.24464600463475,197.31598261739774,184.57265874002414,190.94432067871094,34200,0.0,0.0
2012-04-04 00:00:00+09:00,189.09445417868812,190.5332163300477,182.10618087208445,184.77816772460938,20600,0.0,0.0
2012-04-05 00:00:00+09:00,182.31174983696184,182.92836229413308,180.2563749797244,180.66744995117188,9200,0.0,0.0
2012-04-06 00:00:00+09:00,180.872958071597,184.98370711867875,180.872958071597,182.5172576904297,2800,0.0,0.0
2012-04-09 00:00:00+09:00,179.63975777485473,182.10620753835389,179.63975777485473,181.2840576171875,6000,0.0,0.0
2012-04-10 00:00:00+09:00,181.69510788101334,182.5172576904297,177.17328392922343,182.5172576904297,3200,0.0,0.0
2012-04-11 00:00:00+09:00,179.22867136988148,180.87297110721983,178.81759643554688,178.81759643554688,6400,0.0,0.0
2012-04-12 00:00:00+09:00,179.22869072699902,180.46191566319396,178.81761574826737,180.25637817382812,3200,0.0,0.0
2012-04-13 00:00:00+09:00,182.92832575346293,189.0944490934673,182.92832575346293,187.4501495361328,19000,0.0,0.0
2012-04-16 00:00:00+09:00,187.03907897085827,188.888916015625,185.18924192609154,188.888916015625,5000,0.0,0.0
2012-04-17 00:00:00+09:00,188.68337636095413,193.2052001953125,188.68337636095413,193.2052001953125,11400,0.0,0.0
2012-04-18 00:00:00+09:00,196.90491607729462,201.01566589101685,195.26061615180572,197.72706604003906,15800,0.0,0.0
2012-04-19 00:00:00+09:00,201.01564563849033,201.01564563849033,189.09447237976596,192.38307189941406,14400,0.0,0.0
2012-04-20 00:00:00+09:00,187.4501402611826,189.0944397371579,184.98369104721968,188.68336486816406,21000,0.0,0.0
2012-04-23 00:00:00+09:00,189.50552679974098,190.73875148607337,187.65568977024245,189.09445190429688,9800,0.0,0.0
2012-04-24 00:00:00+09:00,188.27230278862848,188.27230278862848,184.57262871636283,184.98370361328125,8800,0.0,0.0
2012-04-25 00:00:00+09:00,187.4501871563544,189.09448704369083,183.33943743801328,184.57266235351562,7600,0.0,0.0
2012-04-26 00:00:00+09:00,182.92833102969675,182.92833102969675,181.07849397434026,182.72279357910156,6400,0.0,0.0
2012-04-27 00:00:00+09:00,183.7504732986381,184.57262306731212,181.69509887695312,181.69509887695312,5400,0.0,0.0
2012-05-01 00:00:00+09:00,183.95604324772836,183.95604324772836,181.48959350585938,181.48959350585938,6200,0.0,0.0
2012-05-02 00:00:00+09:00,183.95604324772836,183.95604324772836,181.48959350585938,181.48959350585938,6200,0.0,0.0
2012-05-07 00:00:00+09:00,204.30424784342446,215.81434631347656,201.42672322591145,215.81434631347656,154400,0.0,0.0
2012-05-08 00:00:00+09:00,246.64494140624998,256.92181396484375,233.07946962890625,256.92181396484375,367200,0.0,0.0
2012-05-09 00:00:00+09:00,273.36484734486726,295.97397005760064,232.2573515035338,242.5342254638672,764400,0.0,0.0
2012-05-10 00:00:00+09:00,238.42348420774783,271.30948202950617,232.66843458894013,253.22218322753906,248600,0.0,0.0
2012-05-11 00:00:00+09:00,240.88990385282526,246.64495275033303,222.39153239655028,231.4351806640625,138600,0.0,0.0
2012-05-14 00:00:00+09:00,223.21366317606416,223.62473806220794,217.86968965619522,219.92506408691406,57000,0.0,0.0
2012-05-15 00:00:00+09:00,217.86973891952314,219.92511381499034,204.71533958853306,217.4586639404297,92400,0.0,0.0
2012-05-16 00:00:00+09:00,219.1029164428711,219.1029164428711,205.53744506835938,205.53744506835938,39600,0.0,0.0
2012-05-17 00:00:00+09:00,202.04332474431092,217.4586343636632,200.19348758998862,213.34788513183594,44000,0.0,0.0
2012-05-18 00:00:00+09:00,207.59285746916797,209.64823229559536,201.6322704725285,202.6599578857422,42000,0.0,0.0
2012-05-21 00:00:00+09:00,199.78239285664105,207.18174074022033,199.78239285664105,199.98793029785156,28000,0.0,0.0
2012-05-22 00:00:00+09:00,206.77071079781385,208.82608565663904,201.8378111366334,202.24888610839844,24600,0.0,0.0
2012-05-23 00:00:00+09:00,202.86549536838493,206.77070753859698,202.2488829204567,202.6599578857422,30600,0.0,0.0
2012-05-24 00:00:00+09:00,204.71527033980175,231.4351349423863,204.71527033980175,229.3797607421875,270800,0.0,0.0
2012-05-25 00:00:00+09:00,225.26905822753906,240.4788304071357,215.8143349807628,225.26905822753906,93000,0.0,0.0
2012-05-28 00:00:00+09:00,221.15828963059647,221.15828963059647,213.75894165039062,213.75894165039062,21000,0.0,0.0
2012-05-29 00:00:00+09:00,209.64821202161144,221.9804597875886,209.64821202161144,221.15830993652344,19800,0.0,0.0
2012-05-30 00:00:00+09:00,224.03581580337212,224.03581580337212,210.4703443877551,221.56936645507812,20600,0.0,0.0
2012-05-31 00:00:00+09:00,221.56939495734449,221.56939495734449,216.22542068193545,217.86972045898438,6000,0.0,0.0
2012-06-01 00:00:00+09:00,219.51400338786922,219.51400338786922,208.003905831951,210.0592803955078,21200,0.0,0.0
2012-06-04 00:00:00+09:00,205.53748264274054,205.94855760802602,201.83780795517123,202.6599578857422,42000,0.0,0.0
2012-06-05 00:00:00+09:00,205.53744506835938,206.77066973876956,202.24884594726564,205.53744506835938,13400,0.0,0.0
2012-06-06 00:00:00+09:00,209.64820861816406,210.47035845588235,201.42671024098115,209.64820861816406,19600,0.0,0.0
2012-06-07 00:00:00+09:00,209.64820861816406,210.0592835370232,206.77068418615005,209.64820861816406,4600,0.0,0.0
2012-06-08 00:00:00+09:00,208.82604418945314,208.82604418945314,204.9208327331543,205.53744506835938,4800,0.0,0.0
2012-06-11 00:00:00+09:00,209.6482063339142,209.6482063339142,205.53745719011195,205.9485321044922,13400,0.0,0.0
2012-06-12 00:00:00+09:00,207.18176585021124,207.18176585021124,205.1263911889988,206.77069091796875,6400,0.0,0.0
2012-06-13 00:00:00+09:00,208.41498159077352,208.41498159077352,204.92084481854164,205.9485321044922,6600,0.0,0.0
2012-06-14 00:00:00+09:00,205.12639432504358,207.1817690176793,203.482094570935,206.359619140625,8600,0.0,0.0
2012-06-15 00:00:00+09:00,207.1817690176793,208.41499383326072,205.94854420209785,206.359619140625,10000,0.0,0.0
2012-06-18 00:00:00+09:00,208.41501817249116,211.29254307822575,206.7707182263571,207.18179321289062,23200,0.0,0.0
2012-06-19 00:00:00+09:00,208.82609315902468,209.2371681455582,206.7707182263571,207.18179321289062,11600,0.0,0.0
2012-06-20 00:00:00+09:00,207.59285409512114,228.96875194253957,207.59285409512114,222.80262756347656,61400,0.0,0.0
2012-06-21 00:00:00+09:00,222.39148846151153,230.20191042226702,215.81429102087532,229.3797607421875,35000,0.0,0.0
2012-06-22 00:00:00+09:00,226.0911820062056,240.8898775557027,222.39150811883133,238.83450317382812,56800,0.0,0.0
2012-06-25 00:00:00+09:00,246.64494762681935,246.64494762681935,237.6012995471693,240.0677490234375,26800,0.0,0.0
2012-06-26 00:00:00+09:00,240.0677750787815,244.58959960937497,234.31272567620798,244.589599609375,30400,0.0,0.0
2012-06-27 00:00:00+09:00,224.03584234064274,230.20196644176136,224.03584234064274,226.09121704101562,50000,0.0,0.0
2012-06-28 00:00:00+09:00,229.79087786302497,233.079477188435,227.73550328464373,231.84625244140625,21000,0.0,0.0
2012-06-29 00:00:00+09:00,232.66842017375248,233.49057006835938,226.50229596420075,233.49057006835938,16400,0.0,0.0
2012-07-02 00:00:00+09:00,233.49053388323102,233.49053388323102,230.20193481445312,230.20193481445312,9400,0.0,0.0
2012-07-03 00:00:00+09:00,230.61306923314146,238.42349403782896,230.61306923314146,234.312744140625,10200,0.0,0.0
2012-07-04 00:00:00+09:00,237.1902618408203,240.0677866811769,235.95703690923892,237.1902618408203,13600,0.0,0.0
2012-07-05 00:00:00+09:00,237.19026906866776,237.19026906866776,234.312744140625,234.312744140625,8200,0.0,0.0
2012-07-06 00:00:00+09:00,234.31270193546376,234.31270193546376,231.84625244140625,231.84625244140625,5400,0.0,0.0
2012-07-09 00:00:00+09:00,231.43522492556795,231.43522492556795,227.7355499267578,227.7355499267578,9600,0.0,0.0
2012-07-10 00:00:00+09:00,228.55766668146305,228.55766668146305,225.26906716086646,226.09121704101562,11000,0.0,0.0
2012-07-11 00:00:00+09:00,225.26905684530416,231.4351806640625,224.44690700280307,231.4351806640625,7600,0.0,0.0
2012-07-12 00:00:00+09:00,227.32447492689002,231.02414992570016,227.32447492689002,227.7355499267578,6400,0.0,0.0
2012-07-13 00:00:00+09:00,226.09117989862514,233.9016024769413,226.09117989862514,231.02407836914062,10200,0.0,0.0
2012-07-17 00:00:00+09:00,235.13488695485134,238.0124117952079,234.31273700046376,237.1902618408203,11800,0.0,0.0
2012-07-18 00:00:00+09:00,240.06775401032417,240.06775401032417,231.4351806640625,231.4351806640625,10800,0.0,0.0
2012-07-19 00:00:00+09:00,231.84629102930714,234.72381591796875,230.6130660770236,234.72381591796875,6400,0.0,0.0
2012-07-20 00:00:00+09:00,235.9569917158647,237.19021641124377,234.3126921220259,235.1348419189453,6400,0.0,0.0
2012-07-23 00:00:00+09:00,233.49055894615407,233.49055894615407,228.14658488576674,228.96873474121094,15200,0.0,0.0
2012-07-24 00:00:00+09:00,226.09121649114937,228.14659118652344,221.9804671004012,228.14659118652344,19400,0.0,0.0
2012-07-25 00:00:00+09:00,224.03580952924634,224.03580952924634,221.98043512989545,222.39151000976562,4400,0.0,0.0
2012-07-26 00:00:00+09:00,225.2690728792877,230.20197228540349,222.80262317622982,227.32444763183594,8800,0.0,0.0
2012-07-27 00:00:00+09:00,230.6130684496009,236.3681182861328,229.37984348462976,236.3681182861328,15000,0.0,0.0
2012-07-30 00:00:00+09:00,242.53421711471847,242.53421711471847,239.2456175606206,239.6566925048828,10600,0.0,0.0
2012-07-31 00:00:00+09:00,238.42344937259205,240.0677490234375,238.42344937259205,240.0677490234375,5600,0.0,0.0
2012-08-01 00:00:00+09:00,240.47884752302605,243.76744714727255,238.423472757872,242.94529724121094,28600,0.0,0.0
2012-08-02 00:00:00+09:00,239.6566809654236,266.7876259803772,239.6566809654236,263.08795166015625,54200,0.0,0.0
2012-08-03 00:00:00+09:00,255.27749507218462,271.3094150525634,250.75567148797523,267.6097412109375,61000,0.0,0.0
2012-08-06 00:00:00+09:00,251.16677146164602,256.09967041015625,246.64494742551165,256.09967041015625,70800,0.0,0.0
2012-08-07 00:00:00+09:00,256.9218317667643,256.9218317667643,236.77916015625,246.64495849609375,66800,0.0,0.0
2012-08-08 00:00:00+09:00,243.76744969472162,246.6449743960084,243.76744969472162,244.589599609375,8600,0.0,0.0
2012-08-09 00:00:00+09:00,242.534179948334,244.5895543546758,238.4234311356504,240.4788055419922,10000,0.0,0.0
2012-08-10 00:00:00+09:00,238.42342231512893,238.42342231512893,235.1348233866444,237.6012725830078,12800,0.0,0.0
2012-08-13 00:00:00+09:00,239.65668039223584,239.65668039223584,234.3127063869201,239.24560546875,13200,0.0,0.0
2012-08-14 00:00:00+09:00,241.7120212436135,242.12309610967404,237.6012725830078,237.6012725830078,12200,0.0,0.0
2012-08-15 00:00:00+09:00,238.42344007865736,241.71203925215607,238.42344007865736,241.30096435546875,6600,0.0,0.0
2012-08-16 00:00:00+09:00,242.12312195632632,248.28924560546878,241.7120470463835,248.28924560546875,6000,0.0,0.0
2012-08-17 00:00:00+09:00,245.41169412337726,251.9888919558296,242.94524493620764,247.87814331054688,12800,0.0,0.0
2012-08-20 00:00:00+09:00,247.8781433105469,248.70029303960342,245.41169412337726,247.87814331054688,9400,0.0,0.0
2012-08-21 00:00:00+09:00,247.87818853478683,249.93356323242188,245.4117388976248,249.93356323242188,4000,0.0,0.0
2012-08-22 00:00:00+09:00,249.93359538304765,250.344670375454,245.82284545898438,245.82284545898438,5600,0.0,0.0
2012-08-23 00:00:00+09:00,245.0006507302628,245.0006507302628,239.6566768049383,241.71205139160156,10800,0.0,0.0
2012-08-24 00:00:00+09:00,240.88995733245187,246.2339324951172,240.88995733245187,246.2339324951172,3400,0.0,0.0
2012-08-27 00:00:00+09:00,243.76746171272842,251.16681130940484,243.76746171272842,245.0006866455078,12600,0.0,0.0
2012-08-28 00:00:00+09:00,246.23391157828723,247.0560615334735,243.76746171272842,245.0006866455078,7600,0.0,0.0
2012-08-29 00:00:00+09:00,245.00069547417172,246.64499544379703,245.00069547417172,245.82284545898438,4000,0.0,0.0
2012-08-30 00:00:00+09:00,245.8227749059696,250.34459852464127,241.30095128729792,249.1113739013672,8400,0.0,0.0
2012-08-31 00:00:00+09:00,249.52252039064132,249.52252039064132,245.82284545898438,245.82284545898438,7800,0.0,0.0
2012-09-03 00:00:00+09:00,247.4670957855831,248.7003205154116,244.5895714159833,248.28924560546875,6200,0.0,0.0
2012-09-04 00:00:00+09:00,247.878220421016,248.70037040582866,244.5896204817654,245.82284545898438,4200,0.0,0.0
2012-09-05 00:00:00+09:00,249.93359538304765,249.93359538304765,244.17854548935907,245.82284545898438,15600,0.0,0.0
2012-09-06 00:00:00+09:00,247.05604935333506,247.05604935333506,243.76744969472162,244.589599609375,14800,0.0,0.0
2012-09-07 00:00:00+09:00,245.41176162310097,245.8228366006941,243.3563867351353,245.0006866455078,6000,0.0,0.0
2012-09-10 00:00:00+09:00,245.0006507302628,245.0006507302628,240.88990155693625,241.71205139160156,7200,0.0,0.0
2012-09-11 00:00:00+09:00,241.30095871577814,242.12310848993752,235.54591029666247,238.01235961914062,13400,0.0,0.0
2012-09-12 00:00:00+09:00,238.01235961914062,238.01235961914062,234.3126856354234,238.01235961914062,13400,0.0,0.0
2012-09-13 00:00:00+09:00,238.42344665527344,238.83452156329977,236.7791470231681,238.42344665527344,2800,0.0,0.0
2012-09-14 00:00:00+09:00,237.60129683922077,238.42344665527344,235.13484739106278,238.42344665527344,12000,0.0,0.0
2012-09-18 00:00:00+09:00,238.42349322775138,238.42349322775138,235.95704329780912,236.3681182861328,12800,0.0,0.0
2012-09-19 00:00:00+09:00,234.723793173736,239.6566925048828,234.723793173736,239.6566925048828,7600,0.0,0.0
2012-09-20 00:00:00+09:00,237.19019771694724,239.65664691331065,237.19019771694724,237.6012725830078,2800,0.0,0.0
2012-09-21 00:00:00+09:00,236.3681182861328,238.42349322775138,236.3681182861328,236.3681182861328,5200,0.0,0.0
2012-09-24 00:00:00+09:00,236.3681182861328,236.3681182861328,230.2019934612772,236.3681182861328,15600,0.0,0.0
2012-09-25 00:00:00+09:00,234.72379432132314,235.5459442138672,234.31271937505113,235.5459442138672,5800,0.0,0.0
2012-09-26 00:00:00+09:00,235.54596193204515,237.1902618408203,234.72381197765753,237.1902618408203,7600,0.0,0.0
2012-09-27 00:00:00+09:00,237.6012995471693,240.0677490234375,237.6012995471693,240.0677490234375,3200,0.0,0.0
2012-09-28 00:00:00+09:00,242.53429515941724,245.41182069520693,240.4789197767103,243.3564453125,17600,0.0,0.0
2012-10-01 00:00:00+09:00,244.17848516917752,244.17848516917752,243.35633538746313,243.7674102783203,3400,0.0,0.0
2012-10-02 00:00:00+09:00,243.35637538069383,244.1785252975205,242.53422546386716,242.5342254638672,9800,0.0,0.0
2012-10-03 00:00:00+09:00,244.58957306326252,245.0006479759739,240.0677490234375,240.0677490234375,13600,0.0,0.0
2012-10-04 00:00:00+09:00,240.06772177937123,240.06772177937123,235.95697311876555,237.6012725830078,13000,0.0,0.0
2012-10-05 00:00:00+09:00,244.58958901857076,249.93356323242188,239.65668974424665,249.93356323242188,43000,0.0,0.0
2012-10-09 00:00:00+09:00,254.0443135676772,263.08796227073367,254.0443135676772,257.7439880371094,30200,0.0,0.0
2012-10-10 00:00:00+09:00,255.2775400947122,255.2775400947122,244.5895915561252,251.57786560058594,5800,0.0,0.0
2012-10-11 00:00:00+09:00,247.0560302734375,248.2892550501768,245.00065564553867,247.0560302734375,6000,0.0,0.0
2012-10-12 00:00:00+09:00,247.0560825201426,247.0560825201426,242.94533239501544,246.2339324951172,9200,0.0,0.0
2012-10-15 00:00:00+09:00,246.2339324951172,246.64500750762988,243.35640740752817,246.2339324951172,11400,0.0,0.0
2012-10-16 00:00:00+09:00,246.23389133129245,251.57786560058594,245.82281638750064,251.57786560058594,10800,0.0,0.0
2012-10-17 00:00:00+09:00,252.81106567382815,252.81106567382815,250.75569115615474,252.81106567382812,9400,0.0,0.0
2012-10-18 00:00:00+09:00,255.27755597049574,263.08798038827257,255.27755597049574,259.3883056640625,20800,0.0,0.0
2012-10-19 00:00:00+09:00,255.27751509503622,257.7439645162443,252.81106567382815,252.81106567382812,10400,0.0,0.0
2012-10-22 00:00:00+09:00,254.455339778823,264.3211364746094,252.8110403295253,264.3211364746094,17800,0.0,0.0
2012-10-23 00:00:00+09:00,263.91005241464904,265.5543518066406,262.26575302265746,265.5543518066406,5800,0.0,0.0
2012-10-24 00:00:00+09:00,264.321195024171,272.5426940917969,263.0879701640271,272.5426940917969,22000,0.0,0.0
2012-10-25 00:00:00+09:00,277.0644962139984,280.76417049578765,273.77589685240787,275.4201965332031,9200,0.0,0.0
2012-10-26 00:00:00+09:00,272.54272139216044,275.42024635406864,272.13164639760214,272.95379638671875,3200,0.0,0.0
2012-10-29 00:00:00+09:00,273.36475230609506,276.6533508300781,265.14325599613727,276.6533508300781,13800,0.0,0.0
2012-10-30 00:00:00+09:00,275.42017336244936,277.88662267614296,263.08792679398147,266.37652587890625,11000,0.0,0.0
2012-10-31 00:00:00+09:00,267.1986781661732,270.48727728206455,263.087929271309,270.0762023925781,3400,0.0,0.0
2012-11-01 00:00:00+09:00,271.30943196614584,278.29770521375866,271.30943196614584,277.4755554199219,9000,0.0,0.0
2012-11-02 00:00:00+09:00,283.6416868529568,287.75243593778225,279.9420126766139,284.4638366699219,51200,0.0,0.0
2012-11-05 00:00:00+09:00,298.02929560343426,304.6064938512342,280.76415020295946,286.1081237792969,105400,0.0,0.0
2012-11-06 00:00:00+09:00,283.6416289419069,287.75237718744177,271.30938420530225,275.8312072753906,29600,0.0,0.0
2012-11-07 00:00:00+09:00,282.81954702524035,283.2306219482422,259.7993513371394,267.1986999511719,55600,0.0,0.0
2012-11-08 00:00:00+09:00,261.443576262718,266.78754873349686,259.3882022354954,265.14324951171875,41400,0.0,0.0
2012-11-09 00:00:00+09:00,261.03261522426726,262.2658401780827,256.9218653782158,258.15509033203125,58200,0.0,0.0
2012-11-12 00:00:00+09:00,258.9771542386743,269.2540254386217,258.9771542386743,265.5543518066406,17600,0.0,0.0
2012-11-13 00:00:00+09:00,271.3094150525634,271.3094150525634,261.44361814156105,267.6097412109375,20800,0.0,0.0
2012-11-14 00:00:00+09:00,267.609722956992,267.609722956992,262.6768248379691,265.9654235839844,5200,0.0,0.0
2012-11-15 00:00:00+09:00,268.020840374653,268.4319152832031,259.7993422036514,268.4319152832031,8800,0.0,0.0
2012-11-16 00:00:00+09:00,266.7875763506343,270.0761751346175,261.0325284786638,265.5543518066406,9800,0.0,0.0
2012-11-19 00:00:00+09:00,263.08795166015625,270.0762253761291,263.08795166015625,263.08795166015625,29400,0.0,0.0
2012-11-20 00:00:00+09:00,265.55441797472287,271.3094672806766,265.55441797472287,268.843017578125,20800,0.0,0.0
2012-11-21 00:00:00+09:00,271.30944733121504,280.35309557558884,271.30944733121504,275.4201965332031,19200,0.0,0.0
2012-11-22 00:00:00+09:00,275.42017784344375,278.7087769818729,275.42017784344375,277.8866271972656,5600,0.0,0.0
2012-11-26 00:00:00+09:00,279.53099629965175,279.94207129421005,271.30949640848553,272.95379638671875,10800,0.0,0.0
2012-11-27 00:00:00+09:00,272.95380284058723,275.0091778619772,271.30950282347527,272.13165283203125,12200,0.0,0.0
2012-11-28 00:00:00+09:00,272.1316286954013,272.1316286954013,270.0762538563121,271.3094787597656,13800,0.0,0.0
2012-11-29 00:00:00+09:00,275.4201809353299,277.4755554199219,275.4201809353299,277.4755554199219,17600,0.0,0.0
2012-11-30 00:00:00+09:00,279.5309138643569,283.64166259765625,274.5980153843976,283.64166259765625,35200,0.0,0.0
2012-12-03 00:00:00+09:00,285.6970686071059,285.6970686071059,277.475570229923,279.53094482421875,31800,0.0,0.0
2012-12-04 00:00:00+09:00,280.7641695807962,281.1752444996553,271.30944644703584,279.53094482421875,28000,0.0,0.0
2012-12-05 00:00:00+09:00,287.75244140625,287.75244140625,281.5863176618304,287.75244140625,28000,0.0,0.0
2012-12-06 00:00:00+09:00,291.04104809428367,291.8631979476574,282.40847463386,282.8195495605469,13400,0.0,0.0
2012-12-07 00:00:00+09:00,278.70878795116624,284.4638366699219,278.70878795116624,284.4638366699219,8800,0.0,0.0
2012-12-10 00:00:00+09:00,284.46386401684254,289.3967633928571,284.46386401684254,284.87493896484375,10600,0.0,0.0
2012-12-11 00:00:00+09:00,287.7524993985979,287.7524993985979,279.5309994157808,280.3531494140625,20400,0.0,0.0
2012-12-12 00:00:00+09:00,280.3531125609638,282.81956223158807,280.3531125609638,281.1752624511719,10000,0.0,0.0
2012-12-13 00:00:00+09:00,282.8195128509964,283.64166259765625,278.708764117697,283.64166259765625,16000,0.0,0.0
2012-12-14 00:00:00+09:00,283.6417121217962,286.5192367375246,279.5309626707557,281.1752624511719,7200,0.0,0.0
2012-12-17 00:00:00+09:00,284.05281465627854,285.2860396113709,279.119914835909,281.58636474609375,20200,0.0,0.0
2012-12-18 00:00:00+09:00,285.69712571694816,295.5629257417061,281.5863757066324,291.8632507324219,43800,0.0,0.0
2012-12-19 00:00:00+09:00,292.27425211417574,295.97392619157034,291.04102742171085,293.5074768066406,20800,0.0,0.0
2012-12-20 00:00:00+09:00,293.5075507365482,293.5075507365482,288.1635757231377,291.8632507324219,12200,0.0,0.0
2012-12-21 00:00:00+09:00,291.8632247553704,291.8632247553704,287.3414001464844,287.3414001464844,17800,0.0,0.0
2012-12-25 00:00:00+09:00,289.8078661647117,293.0964660644531,286.930341252438,293.0964660644531,66400,0.0,0.0
2012-12-26 00:00:00+09:00,283.04252498851105,288.939244259105,283.04252498851105,286.4120788574219,86000,8.565,0.0
2012-12-27 00:00:00+09:00,283.04252498851105,288.939244259105,283.04252498851105,286.4120788574219,86000,0.0,0.0
2012-12-28 00:00:00+09:00,285.99081838077814,285.99081838077814,282.6212652923448,283.4636535644531,15600,0.0,0.0
2013-01-04 00:00:00+09:00,291.887603894402,291.887603894402,286.4120788574219,286.4120788574219,26200,0.0,0.0
2013-01-07 00:00:00+09:00,289.7816071428571,294.8359375,287.2544419642857,294.8359375,35400,0.0,0.0
2013-01-08 00:00:00+09:00,301.15386729120877,305.3658094910858,296.9419250913317,302.4174499511719,40800,0.0,0.0
2013-01-09 00:00:00+09:00,303.25981499415684,304.1022033691406,301.15384405669744,304.1022033691406,11400,0.0,0.0
2013-01-10 00:00:00+09:00,304.10224810271745,304.10224810271745,299.0479171093205,301.99627685546875,8400,0.0,0.0
2013-01-11 00:00:00+09:00,301.9962580754207,306.62939453125,295.2571505033053,306.62939453125,18400,0.0,0.0
2013-01-15 00:00:00+09:00,307.47178297776446,309.5777540940505,306.62939453125,306.62939453125,24600,0.0,0.0
2013-01-16 00:00:00+09:00,306.2082345319942,322.2136168046431,306.2082345319942,315.0533142089844,36800,0.0,0.0
2013-01-17 00:00:00+09:00,315.4744588271658,315.89565303120736,308.31415735845843,308.7353515625,11800,0.0,0.0
2013-01-18 00:00:00+09:00,308.73543916302464,319.68649157535566,308.3142448394735,315.47454833984375,14800,0.0,0.0
2013-01-21 00:00:00+09:00,319.6864177843663,322.2135831423455,314.63208706840794,321.7923889160156,30000,0.0,0.0
2013-01-22 00:00:00+09:00,328.5314824331142,330.21625926610454,325.5831229753811,329.3738708496094,24000,0.0,0.0
2013-01-23 00:00:00+09:00,332.74345026480574,341.1673350816362,331.90106178312266,337.3765869140625,50200,0.0,0.0
2013-01-24 00:00:00+09:00,337.37657520921925,337.37657520921925,322.2135830649847,332.7434387207031,14200,0.0,0.0
2013-01-25 00:00:00+09:00,338.64014153533446,350.0123850943569,322.63476171152513,341.5885009765625,44200,0.0,0.0
2013-01-28 00:00:00+09:00,353.8031637752757,371.07212772144993,349.59122134937957,358.0151062011719,42000,0.0,0.0
2013-01-29 00:00:00+09:00,361.80586928587695,361.80586928587695,349.59123574770416,350.4336242675781,13200,0.0,0.0
2013-01-30 00:00:00+09:00,349.1699618419969,358.015039283109,344.1156318756471,349.5911560058594,21200,0.0,0.0
2013-01-31 00:00:00+09:00,345.800430244312,360.12103271484375,342.8520709121437,360.12103271484375,21200,0.0,0.0
2013-02-01 00:00:00+09:00,369.8085694723289,379.0748434226606,363.49065541528455,376.9688720703125,46000,0.0,0.0
2013-02-04 00:00:00+09:00,370.65088832824915,379.07477215389116,367.2813347979923,371.07208251953125,31200,0.0,0.0
2013-02-05 00:00:00+09:00,379.0748009314904,379.0748009314904,367.2813626802885,372.335693359375,25000,0.0,0.0
2013-02-06 00:00:00+09:00,374.86285386262114,374.86285386262114,360.12105623881024,363.91180419921875,47400,0.0,0.0
2013-02-07 00:00:00+09:00,327.68908891652825,333.58580774021897,320.9499816894531,320.9499816894531,170000,0.0,0.0
2013-02-08 00:00:00+09:00,320.9500004633559,321.7923889160156,302.4174545048419,321.7923889160156,98200,0.0,0.0
2013-02-12 00:00:00+09:00,321.7923356031694,321.7923356031694,306.629345967418,311.2624816894531,46200,0.0,0.0
2013-02-13 00:00:00+09:00,307.4717303228112,307.4717303228112,296.0994882423784,301.57501220703125,39600,0.0,0.0
2013-02-14 00:00:00+09:00,296.94186721481645,303.68097342111014,296.52067307692306,301.15380859375,17200,0.0,0.0
2013-02-15 00:00:00+09:00,307.47180245139384,307.47180245139384,295.25716920332474,296.520751953125,21600,0.0,0.0
2013-02-18 00:00:00+09:00,296.5207613031915,300.7327039353391,293.9935957239029,296.94195556640625,19000,0.0,0.0
2013-02-19 00:00:00+09:00,315.4744570674546,336.95536135375653,309.5777382437638,320.9499816894531,79000,0.0,0.0
2013-02-20 00:00:00+09:00,327.26789999907874,334.8493957519531,322.6347637056555,334.8493957519531,87200,0.0,0.0
2013-02-21 00:00:00+09:00,336.5341913293909,347.4852413601346,336.11299709743923,341.1673278808594,67200,0.0,0.0
2013-02-22 00:00:00+09:00,341.16731138999415,341.16731138999415,331.4798445233647,339.06134033203125,19600,0.0,0.0
2013-02-25 00:00:00+09:00,344.95805959322826,350.43358434867633,341.16731168561034,350.01239013671875,45000,0.0,0.0
2013-02-26 00:00:00+09:00,340.74613587914445,345.3792724609375,339.0613589403106,345.3792724609375,25200,0.0,0.0
2013-02-27 00:00:00+09:00,347.90642601362117,348.3276202339767,339.48254160651175,340.7461242675781,16800,0.0,0.0
2013-02-28 00:00:00+09:00,339.061356721101,344.11568750452113,339.061356721101,341.1673278808594,22400,0.0,0.0
2013-03-01 00:00:00+09:00,341.1673634087862,341.1673634087862,332.7434778925198,338.64019775390625,34200,0.0,0.0
2013-03-04 00:00:00+09:00,337.37656348566094,341.16731138999415,334.8493982161054,339.06134033203125,48200,0.0,0.0
2013-03-05 00:00:00+09:00,349.1700133914902,355.4879267821686,342.00971154872144,354.6455383300781,85200,0.0,0.0
2013-03-06 00:00:00+09:00,354.64550478482596,375.7052140950888,354.64550478482596,373.5992431640625,123400,0.0,0.0
2013-03-07 00:00:00+09:00,379.0748009314904,379.0748009314904,353.3819533128005,361.3846435546875,76200,0.0,0.0
2013-03-08 00:00:00+09:00,358.01513172755733,365.59662863472914,354.64557754659205,360.54229736328125,49000,0.0,0.0
2013-03-11 00:00:00+09:00,360.5422388653832,368.966122951023,356.7514910268453,364.7541809082031,41400,0.0,0.0
2013-03-12 00:00:00+09:00,364.75420680728865,366.43898374404284,358.85748752864885,361.80584716796875,46800,0.0,0.0
2013-03-13 00:00:00+09:00,359.6998918070081,369.3873596191406,355.9091435326954,369.3873596191406,46400,0.0,0.0
2013-03-14 00:00:00+09:00,369.38730130201,375.7052140950888,362.2270001365206,373.5992431640625,59800,0.0,0.0
2013-03-15 00:00:00+09:00,368.5449173718386,374.44163604978803,366.8601406067102,371.07208251953125,34800,0.0,0.0
2013-03-18 00:00:00+09:00,374.86283498159753,422.4577791983621,374.86283498159753,408.1371765136719,130000,0.0,0.0
2013-03-19 00:00:00+09:00,421.1941833496094,462.0500191345215,414.8762705993652,421.1941833496094,155000,0.0,0.0
2013-03-21 00:00:00+09:00,421.1942209190581,450.67781638339216,416.98227870986756,422.8789978027344,58600,0.0,0.0
2013-03-22 00:00:00+09:00,423.7213258996474,433.4087916011304,418.6669959684389,428.3544616699219,31200,0.0,0.0
2013-03-25 00:00:00+09:00,442.2539488909996,447.7294739725072,428.77573330575007,430.46051025390625,37000,0.0,0.0
2013-03-26 00:00:00+09:00,433.830042772954,435.93601385437614,423.3001873658435,425.4061584472656,18400,0.0,0.0
2013-03-27 00:00:00+09:00,418.24582300832384,424.98492992487286,400.97686153466697,410.2431335449219,50800,0.0,0.0
2013-03-28 00:00:00+09:00,410.243110809487,410.243110809487,383.7078787961423,399.7132568359375,28600,0.0,0.0
2013-03-29 00:00:00+09:00,406.45248237330253,406.45248237330253,383.70799113168766,402.24053955078125,22000,0.0,0.0
2013-04-01 00:00:00+09:00,390.0258805822726,396.34379441459885,358.015117165153,368.123779296875,116200,0.0,0.0
2013-04-02 00:00:00+09:00,355.4879527333019,383.2867736816406,345.80048482706263,383.2867736816406,82600,0.0,0.0
2013-04-03 00:00:00+09:00,391.2894170087083,400.1344953264509,388.76225177506757,392.1318054199219,62800,0.0,0.0
2013-04-04 00:00:00+09:00,397.6073702050265,398.028564453125,390.4470679873512,398.028564453125,37400,0.0,0.0
2013-04-05 00:00:00+09:00,409.82195493008226,409.82195493008226,395.92254638671875,395.92254638671875,26000,0.0,0.0
2013-04-08 00:00:00+09:00,398.4497235255036,401.81927721282284,395.92255826001417,400.5556945800781,22600,0.0,0.0
2013-04-09 00:00:00+09:00,400.55572292477876,408.13721925773984,395.92258627685806,396.3437805175781,10000,0.0,0.0
2013-04-10 00:00:00+09:00,395.922553270383,400.1344953264509,384.1291155133929,392.1318054199219,40800,0.0,0.0
2013-04-11 00:00:00+09:00,393.8165817682256,397.1861354090232,377.81120197443676,381.1807556152344,30200,0.0,0.0
2013-04-12 00:00:00+09:00,387.07752199277775,389.1834932767428,383.2867736816406,383.2867736816406,6400,0.0,0.0
2013-04-15 00:00:00+09:00,379.07473634944733,386.2350369249369,374.8627948344535,385.8138427734375,16400,0.0,0.0
2013-04-16 00:00:00+09:00,388.76225177506757,394.23777644795587,381.18075607414534,392.1318054199219,12400,0.0,0.0
2013-04-17 00:00:00+09:00,391.7105585412134,410.24310109585144,387.919811200492,399.29205322265625,47200,0.0,0.0
2013-04-18 00:00:00+09:00,412.77035762978187,424.5637964192042,405.1888612651532,411.50677490234375,64200,0.0,0.0
2013-04-19 00:00:00+09:00,417.8246861049107,417.8246861049107,410.66438402448387,412.7703552246094,16000,0.0,0.0
2013-04-22 00:00:00+09:00,423.3002037916355,426.24856342003494,417.8246787674651,422.03662109375,36000,0.0,0.0
2013-04-23 00:00:00+09:00,421.1942069712432,424.9849548339844,416.98226490153075,424.9849548339844,20400,0.0,0.0
2013-04-24 00:00:00+09:00,425.4061332628565,433.83001708984375,425.4061332628565,433.83001708984375,39600,0.0,0.0
2013-04-25 00:00:00+09:00,438.0419522414882,439.72672898087853,431.72403946877444,437.6207580566406,22400,0.0,0.0
2013-04-26 00:00:00+09:00,433.4088533257108,438.4631839767395,421.1942209190581,422.8789978027344,22600,0.0,0.0
2013-04-30 00:00:00+09:00,412.7703226235018,420.7730125519166,412.7703226235018,419.5094299316406,28200,0.0,0.0
2013-05-01 00:00:00+09:00,421.1942303565241,423.72139573866326,412.7703457493936,417.8246765136719,37800,0.0,0.0
2013-05-02 00:00:00+09:00,421.1942533534424,427.51216715374403,414.03395104643386,427.0909729003906,58000,0.0,0.0
2013-05-07 00:00:00+09:00,442.25391387939453,459.101682027181,435.0936124165853,454.8897399902344,75000,0.0,0.0
2013-05-08 00:00:00+09:00,459.10176914760046,459.10176914760046,433.83011213030136,442.2539978027344,92600,0.0,0.0
2013-05-09 00:00:00+09:00,443.0963157153038,451.9413942609515,436.3572082519531,436.3572082519531,27000,0.0,0.0
2013-05-10 00:00:00+09:00,438.8843496707073,438.8843496707073,427.5121064450748,432.5664367675781,21600,0.0,0.0
2013-05-13 00:00:00+09:00,440.14797284909264,440.56916708148407,430.46050550408864,432.9876708984375,27200,0.0,0.0
2013-05-14 00:00:00+09:00,433.83002423225565,440.56913140479554,430.46047064598565,435.5148010253906,32200,0.0,0.0
2013-05-15 00:00:00+09:00,442.2540205396269,534.9167677003106,427.9334141602485,446.0447692871094,446800,0.0,0.0
2013-05-16 00:00:00+09:00,437.6207931817747,437.6207931817747,400.5557019401999,429.61810302734375,112400,0.0,0.0
2013-05-17 00:00:00+09:00,431.3029210028382,446.4659143193442,416.98231620391584,445.20233154296875,55000,0.0,0.0
2013-05-20 00:00:00+09:00,475.9494651369817,475.9494651369817,466.2619981474679,469.2103576660156,54200,0.0,0.0
2013-05-21 00:00:00+09:00,478.0554211934408,478.0554211934408,450.6777979532878,454.8897399902344,45400,0.0,0.0
2013-05-22 00:00:00+09:00,456.9957778456074,460.3653319679713,443.09636709085623,446.8871154785156,38400,0.0,0.0
2013-05-23 00:00:00+09:00,444.35992370861385,444.35992370861385,401.8193054199219,401.8193054199219,78600,0.0,0.0
2013-05-24 00:00:00+09:00,402.2405150747541,421.1942566227792,400.9769323048858,414.8763427734375,42600,0.0,0.0
2013-05-27 00:00:00+09:00,401.39809944440134,412.77034360494577,384.12913608950055,402.66168212890625,29800,0.0,0.0
2013-05-28 00:00:00+09:00,393.81661017735803,407.2948257128398,393.81661017735803,404.3464660644531,15800,0.0,0.0
2013-05-29 00:00:00+09:00,423.30017757318757,423.30017757318757,411.92793399659445,414.0339050292969,15000,0.0,0.0
2013-05-30 00:00:00+09:00,416.5611206945712,416.5611206945712,403.92529296875,403.92529296875,11400,0.0,0.0
2013-05-31 00:00:00+09:00,407.7160010922213,416.5610796283129,406.4524184442082,408.9795837402344,15600,0.0,0.0
2013-06-03 00:00:00+09:00,402.66168912251794,411.9279623031616,396.34377559026086,404.3464660644531,14400,0.0,0.0
2013-06-04 00:00:00+09:00,399.29213523864746,404.3464660644531,392.5530274709066,404.3464660644531,13400,0.0,0.0
2013-06-05 00:00:00+09:00,416.1399552628801,416.56114954958343,404.7677095218905,405.18890380859375,20600,0.0,0.0
2013-06-06 00:00:00+09:00,392.5529820421007,399.71328321668835,370.65088433159724,379.07476806640625,32600,0.0,0.0
2013-06-07 00:00:00+09:00,349.59124937511626,362.22707766578316,337.7978096371605,353.8031921386719,47400,0.0,0.0
2013-06-10 00:00:00+09:00,378.2323887455571,379.0747771391998,370.6508932027731,374.02044677734375,10000,0.0,0.0
2013-06-11 00:00:00+09:00,378.23247615122955,378.23247615122955,368.54500738566355,376.5476989746094,5600,0.0,0.0
2013-06-12 00:00:00+09:00,364.75423451450894,370.6509542410715,364.3330402483259,368.54498291015625,8000,0.0,0.0
2013-06-13 00:00:00+09:00,367.7025451660156,367.7025451660156,355.9091072912751,367.7025451660156,9800,0.0,0.0
2013-06-14 00:00:00+09:00,377.8112040499332,377.8112040499332,372.75687356097086,374.441650390625,5400,0.0,0.0
2013-06-17 00:00:00+09:00,372.75687151324024,381.1807556152344,372.75687151324024,381.1807556152344,10000,0.0,0.0
2013-06-18 00:00:00+09:00,386.65628981432377,386.65628981432377,381.1807650130316,381.6019592285156,3600,0.0,0.0
2013-06-19 00:00:00+09:00,382.86551574707033,385.39268086751304,373.59924363878037,379.07476806640625,7600,0.0,0.0
2013-06-20 00:00:00+09:00,383.28670993381076,388.76223436143664,375.28402038574217,379.07476806640625,12400,0.0,0.0
2013-06-21 00:00:00+09:00,374.8628799939615,378.2324339714353,358.4363043537766,371.9145202636719,16400,0.0,0.0
2013-06-24 00:00:00+09:00,372.75692557198664,378.2324510323661,368.1237886439732,368.54498291015625,13200,0.0,0.0
2013-06-25 00:00:00+09:00,372.756913640752,372.756913640752,362.22705732321657,369.3873596191406,32000,0.0,0.0
2013-06-26 00:00:00+09:00,358.0151184447511,361.8058667576955,347.4852620199055,351.69720458984375,42200,0.0,0.0
2013-06-27 00:00:00+09:00,339.0613634323987,349.59121943961605,334.8494210295118,348.32763671875,21600,0.0,0.0
2013-06-28 00:00:00+09:00,347.48522486497353,351.2759727725914,342.8520885334405,350.01239013671875,10400,0.0,0.0
2013-07-01 00:00:00+09:00,356.3303613707077,362.2270812988281,353.80319568722746,362.2270812988281,9800,0.0,0.0
2013-07-02 00:00:00+09:00,362.2270597200372,369.80855631882866,360.1210884425951,368.123779296875,17000,0.0,0.0
2013-07-03 00:00:00+09:00,367.70260120170514,370.2297668457031,362.6482699137092,370.2297668457031,10200,0.0,0.0
2013-07-04 00:00:00+09:00,370.6509281772605,372.33570512352077,362.2270434459591,371.4933166503906,4200,0.0,0.0
2013-07-05 00:00:00+09:00,382.4443095578986,397.6072998046875,375.28400860802606,397.6072998046875,43000,0.0,0.0
2013-07-08 00:00:00+09:00,397.18619579600977,403.92530410219865,387.0775333367264,387.919921875,22400,0.0,0.0
2013-07-09 00:00:00+09:00,389.6046281897503,389.6046281897503,383.70790949282434,387.4986572265625,5200,0.0,0.0
2013-07-10 00:00:00+09:00,393.8165724160497,395.92254339153664,382.4443291484205,386.2350769042969,6200,0.0,0.0
2013-07-11 00:00:00+09:00,382.02319724402895,390.44708251953125,379.0748373976031,390.44708251953125,10400,0.0,0.0
2013-07-12 00:00:00+09:00,391.28946210112167,416.1399230957031,391.28946210112167,416.1399230957031,40000,0.0,0.0
2013-07-16 00:00:00+09:00,417.40346617819506,434.6724289565059,414.4551066794591,432.145263671875,118600,0.0,0.0
2013-07-17 00:00:00+09:00,433.830019730788,462.4712249168983,431.72404876122107,438.0419616699219,67200,0.0,0.0
2013-07-18 00:00:00+09:00,451.9413991399602,456.99572979203805,436.3572129627202,439.3055725097656,158000,0.0,0.0
2013-07-19 00:00:00+09:00,447.30832412026143,462.05012387940377,439.3056328224413,444.7811584472656,109400,0.0,0.0
2013-07-22 00:00:00+09:00,442.25395093123876,452.78380690579206,431.3029007177033,440.1479797363281,21000,0.0,0.0
2013-07-23 00:00:00+09:00,452.3625705430896,467.10436753471726,451.9413763433288,462.8924255371094,118600,0.0,0.0
2013-07-24 00:00:00+09:00,463.31363145937786,463.31363145937786,454.0473588301903,462.050048828125,32600,0.0,0.0
2013-07-25 00:00:00+09:00,463.31372866423237,503.3271870488706,455.7322312860904,484.3734436035156,128200,0.0,0.0
2013-07-26 00:00:00+09:00,610.731689453125,610.731689453125,610.731689453125,610.731689453125,48800,0.0,0.0
2013-07-29 00:00:00+09:00,737.0899658203125,737.0899658203125,737.0899658203125,737.0899658203125,51000,0.0,0.0
2013-07-30 00:00:00+09:00,905.5676879882812,905.5676879882812,905.5676879882812,905.5676879882812,141000,0.0,0.0
2013-07-31 00:00:00+09:00,1242.5228794642858,1326.76171875,1031.92578125,1179.34375,3626400,0.0,0.0
2013-08-01 00:00:00+09:00,1200.4037515391474,1295.1724687659223,968.7468872070312,968.7468872070312,2187200,0.0,0.0
2013-08-02 00:00:00+09:00,884.5077921549479,905.5675014919705,758.1495361328125,758.1495361328125,1741200,0.0,0.0
2013-08-05 00:00:00+09:00,825.5406392415365,926.6272481282552,757.728372446696,909.7794799804688,2903800,0.0,0.0
2013-08-06 00:00:00+09:00,846.6002594733766,880.2957921887349,787.6330772214997,799.426513671875,974200,0.0,0.0
2013-08-07 00:00:00+09:00,804.9022247314454,846.1792618971605,757.728467970628,766.5735473632812,674800,0.0,0.0
2013-08-08 00:00:00+09:00,757.3072134164664,806.165743314303,728.2448120117188,728.2448120117188,391400,0.0,0.0
2013-08-09 00:00:00+09:00,770.7853617350261,802.3749257405599,716.0301174587673,758.1495361328125,328000,0.0,0.0
2013-08-12 00:00:00+09:00,724.4540952620968,733.2991743321572,646.5331605972782,652.85107421875,314600,0.0,0.0
2013-08-13 00:00:00+09:00,694.9704100183175,701.2883228366658,652.8509912293285,670.9623413085938,236600,0.0,0.0
2013-08-14 00:00:00+09:00,667.5928651122349,777.945755118169,667.5928651122349,737.5111083984375,502800,0.0,0.0
2013-08-15 00:00:00+09:00,716.030269804455,729.9296809241886,700.0248873029436,707.6063842773438,149400,0.0,0.0
2013-08-16 00:00:00+09:00,686.9678096636604,716.0302124023438,678.1227305692785,716.0302124023438,172400,0.0,0.0
2013-08-19 00:00:00+09:00,744.6713434629853,837.7552613958585,725.2964103185864,808.2716674804688,956400,0.0,0.0
2013-08-20 00:00:00+09:00,791.4241413308532,839.8614889908043,739.6172390510795,777.9459228515625,651200,0.0,0.0
2013-08-21 00:00:00+09:00,819.6438852103237,942.632587410434,779.2092433911093,788.0543212890625,1443000,0.0,0.0
2013-08-22 00:00:00+09:00,800.269029327252,805.3233600387925,724.454068654144,731.1931762695312,649400,0.0,0.0
2013-08-23 00:00:00+09:00,731.6143993781594,754.7800827205882,712.2394642190372,716.0302124023438,175000,0.0,0.0
2013-08-26 00:00:00+09:00,732.8780080976278,808.2717801950274,724.0329286895529,807.8505859375,369800,0.0,0.0
2013-08-27 00:00:00+09:00,827.6467330496653,833.9646470424108,737.0899658203125,737.0899658203125,452600,0.0,0.0
2013-08-28 00:00:00+09:00,703.3943719631288,716.0301990043826,673.9107755335366,690.758544921875,296600,0.0,0.0
2013-08-29 00:00:00+09:00,678.5440874862671,702.973359413147,661.2751194000244,673.9109497070312,142000,0.0,0.0
2013-08-30 00:00:00+09:00,665.0658020802034,686.5467114570814,628.0007035475511,657.0631103515625,144200,0.0,0.0
2013-09-02 00:00:00+09:00,644.427015974715,651.5873161522118,615.3646211366396,623.3673095703125,96200,0.0,0.0
2013-09-03 00:00:00+09:00,638.109198111437,681.4921996992113,638.109198111437,657.484130859375,112800,0.0,0.0
2013-09-04 00:00:00+09:00,645.2695321598409,698.7611970320992,645.2695321598409,678.1226806640625,144800,0.0,0.0
2013-09-05 00:00:00+09:00,686.546622731675,690.7585652024216,662.9597448954947,664.2233276367188,120600,0.0,0.0
2013-09-06 00:00:00+09:00,661.2750381935798,677.2804212836155,631.3702434727237,634.318603515625,95400,0.0,0.0
2013-09-09 00:00:00+09:00,648.6390324642784,651.5873917027524,626.315741087261,640.2151489257812,43800,0.0,0.0
2013-09-10 00:00:00+09:00,631.791296428381,641.0575687759972,606.5196445712457,617.0494995117188,94200,0.0,0.0
2013-09-11 00:00:00+09:00,611.5739660140382,640.2151710339793,602.3076938017042,622.1038208007812,92800,0.0,0.0
2013-09-12 00:00:00+09:00,623.7885876106059,635.5820247835276,611.1527620681899,616.2070922851562,50800,0.0,0.0
2013-09-13 00:00:00+09:00,628.842961542572,716.0301638461972,622.5250483321644,642.7423706054688,305200,0.0,0.0
2013-09-17 00:00:00+09:00,652.8510835845574,667.5928822461442,641.9000331502358,653.2722778320312,85400,0.0,0.0
2013-09-18 00:00:00+09:00,669.698843876008,669.698843876008,649.9027145287298,652.85107421875,40000,0.0,0.0
2013-09-19 00:00:00+09:00,665.4870628356935,673.9109497070312,644.8485400009156,673.9109497070312,108200,0.0,0.0
2013-09-20 00:00:00+09:00,659.1689896527458,716.0302124023438,646.5331623750575,716.0302124023438,191600,0.0,0.0
2013-09-24 00:00:00+09:00,728.6661054034566,736.6687967344773,694.970562957054,724.4541625976562,159400,0.0,0.0
2013-09-25 00:00:00+09:00,724.4542323466125,728.6661755579299,665.4870273881672,666.7506103515625,133600,0.0,0.0
2013-09-26 00:00:00+09:00,652.8511624849759,686.5467063551682,652.0087738882212,684.4407348632812,41200,0.0,0.0
2013-09-27 00:00:00+09:00,684.4406636555989,706.7639591471354,683.1770808919271,694.9705200195312,64200,0.0,0.0
2013-09-30 00:00:00+09:00,669.6988288031685,749.7257328739873,669.6988288031685,682.3346557617188,159000,0.0,0.0
2013-10-01 00:00:00+09:00,689.4948533696559,718.5572509765625,687.8100766967917,718.5572509765625,114800,0.0,0.0
2013-10-02 00:00:00+09:00,716.0301500125231,719.8208978655307,674.3319236294409,683.177001953125,147800,0.0,0.0
2013-10-03 00:00:00+09:00,681.4922713279155,708.4487023322337,678.9651059212607,707.1851196289062,80200,0.0,0.0
2013-10-04 00:00:00+09:00,707.1851008488583,707.6062950721155,678.5438936673678,689.9161376953125,112200,0.0,0.0
2013-10-07 00:00:00+09:00,683.5982060070934,762.361523643154,683.5982060070934,700.0247802734375,424000,0.0,0.0
2013-10-08 00:00:00+09:00,716.872630412762,738.7747319294856,689.0738092569204,700.8672485351562,173000,0.0,0.0
2013-10-09 00:00:00+09:00,714.7665291442871,859.2361340332031,695.3915967102051,842.3883666992188,1125800,0.0,0.0
2013-10-10 00:00:00+09:00,847.0217261704926,904.7253445122914,815.8533483800319,833.122314453125,1169200,0.0,0.0
2013-10-11 00:00:00+09:00,867.6601333429784,968.7467508198303,844.4944501711999,852.9183349609375,684400,0.0,0.0
2013-10-15 00:00:00+09:00,841.9673333462802,926.6273803710938,800.269101229581,926.6273803710938,563400,0.0,0.0
2013-10-16 00:00:00+09:00,898.8284677159927,1081.2055654296876,867.6600953584559,895.0377197265625,1369200,0.0,0.0
2013-10-17 00:00:00+09:00,926.6272771762134,976.7493889871085,905.5675663312994,932.9451904296875,537800,0.0,0.0
2013-10-18 00:00:00+09:00,945.1599170183688,989.806508463978,935.0512548042686,942.6327514648438,446000,0.0,0.0
2013-10-21 00:00:00+09:00,947.6869700517991,985.5944488538711,947.6869700517991,964.9559326171875,214200,0.0,0.0
2013-10-22 00:00:00+09:00,1032.7682889716568,1044.5617278343022,990.2276702171148,996.1243896484375,417000,0.0,0.0
2013-10-23 00:00:00+09:00,975.0648631220279,984.3311382791271,913.1492972995925,929.9970703125,250800,0.0,0.0
2013-10-24 00:00:00+09:00,926.6273144399223,944.3174722610481,911.8855162556508,934.6300048828125,107400,0.0,0.0
2013-10-25 00:00:00+09:00,1018.8687958193169,1133.012426934255,997.3878910707493,1107.319580078125,1494800,0.0,0.0
2013-10-28 00:00:00+09:00,1128.379483933535,1175.1320493372762,1068.9910900422965,1093.841552734375,719800,0.0,0.0
2013-10-29 00:00:00+09:00,1093.841552734375,1093.841552734375,1093.841552734375,1093.841552734375,0,0.0,0.0
2013-10-30 00:00:00+09:00,1028.9775826912296,1069.4122318677987,885.7715335242144,912.7279663085938,371000,0.0,0.0
2013-10-31 00:00:00+09:00,915.6761328290199,980.1188413491855,842.3883466688316,871.4507446289062,482000,0.0,0.0
2013-11-01 00:00:00+09:00,899.2496517672397,912.3066724720567,843.6520152176961,850.8123168945312,248400,0.0,0.0
2013-11-05 00:00:00+09:00,850.812266525713,893.3528798519986,826.8041976187993,867.6600341796875,171400,0.0,0.0
2013-11-06 00:00:00+09:00,855.0243579728801,885.3503450536916,852.0759981178012,852.4971923828125,76000,0.0,0.0
2013-11-07 00:00:00+09:00,852.0758289716927,880.2958391254759,847.4426929762955,850.3910522460938,69000,0.0,0.0
2013-11-08 00:00:00+09:00,884.0867028272789,918.2034359997466,850.8123581282056,882.8231201171875,218400,0.0,0.0
2013-11-11 00:00:00+09:00,860.9209923377405,863.8693519005409,793.1087223933293,793.9511108398438,191600,0.0,0.0
2013-11-12 00:00:00+09:00,784.6848607063293,825.5407015482585,784.6848607063293,808.6929321289062,134600,0.0,0.0
2013-11-13 00:00:00+09:00,800.2690609554112,824.6983270266817,795.2147300441139,817.5380249023438,77000,0.0,0.0
2013-11-14 00:00:00+09:00,830.1738094314635,860.9209875585548,828.0678383268682,845.7579956054688,84600,0.0,0.0
2013-11-15 00:00:00+09:00,835.2281400824922,856.2878511284451,835.2281400824922,845.7579956054688,54800,0.0,0.0
2013-11-18 00:00:00+09:00,854.6030266733688,855.0242208708422,843.6519775390625,843.6519775390625,72000,0.0,0.0
2013-11-19 00:00:00+09:00,859.2361261519412,859.2361261519412,852.075825100675,858.3937377929688,38800,0.0,0.0
2013-11-20 00:00:00+09:00,859.6575050390162,892.9318523678169,858.3939222290617,888.7199096679688,138000,0.0,0.0
2013-11-21 00:00:00+09:00,897.143646363014,947.6869503834655,892.9317043613098,942.21142578125,238400,0.0,0.0
2013-11-22 00:00:00+09:00,963.2712506556734,966.2196104084454,937.9995956319128,947.265869140625,142000,0.0,0.0
2013-11-25 00:00:00+09:00,947.68698261099,956.5320611153592,897.1436768717372,902.6192016601562,114800,0.0,0.0
2013-11-26 00:00:00+09:00,930.838996233259,976.7491548710079,913.9912315955529,958.2166137695312,228600,0.0,0.0
2013-11-27 00:00:00+09:00,957.7956192016602,957.7956192016602,907.2523147583008,909.7794799804688,73300,0.0,200.0
2013-11-28 00:00:00+09:00,927.469798444753,959.4805635136909,860.0787140890943,952.741455078125,87800,0.0,0.0
2013-11-29 00:00:00+09:00,967.9042644319394,1006.6541305449674,951.8988849504713,974.6433715820312,130100,0.0,0.0
2013-12-02 00:00:00+09:00,968.7466247608745,1052.985461696603,956.1107992205153,1025.1866455078125,235800,0.0,0.0
2013-12-03 00:00:00+09:00,1036.1379750127378,1041.1923065981657,950.214338060462,968.7468872070312,174600,0.0,0.0
2013-12-04 00:00:00+09:00,947.6870443968646,962.8500371072145,916.5186704922567,951.8989868164062,118400,0.0,0.0
2013-12-05 00:00:00+09:00,958.6382057484698,987.2794175195137,926.6274396514208,937.5784912109375,157200,0.0,0.0
2013-12-06 00:00:00+09:00,919.0458836226029,937.5784312300249,902.1981130704013,926.6273803710938,81300,0.0,0.0
2013-12-09 00:00:00+09:00,950.2143014515734,967.0620727539062,931.6817530190073,967.0620727539062,154900,0.0,0.0
2013-12-10 00:00:00+09:00,968.7468236806442,969.5892122229751,935.8936705297353,949.3718872070312,89900,0.0,0.0
2013-12-11 00:00:00+09:00,944.3173261447968,952.7412095180778,927.4695593982349,941.7901611328125,71100,0.0,0.0
2013-12-12 00:00:00+09:00,926.6273803710938,937.5784312300249,916.5187180397727,926.6273803710938,49400,0.0,0.0
2013-12-13 00:00:00+09:00,922.4153537112097,922.4153537112097,904.7251962427756,906.4099731445312,51600,0.0,0.0
2013-12-16 00:00:00+09:00,906.4099735114761,909.7795273163515,836.4917320603121,840.7036743164062,121100,0.0,0.0
2013-12-17 00:00:00+09:00,851.6547335952075,867.6601143452658,841.546072068855,846.6004028320312,67000,0.0,0.0
2013-12-18 00:00:00+09:00,853.3394915820118,865.9753182095835,844.0732187217925,845.7579956054688,36000,0.0,0.0
2013-12-19 00:00:00+09:00,855.024185476377,893.7740500398385,855.024185476377,869.3447875976562,75300,0.0,0.0
2013-12-20 00:00:00+09:00,869.344810945085,884.507801833662,864.2904806488926,867.6600341796875,38900,0.0,0.0
2013-12-24 00:00:00+09:00,851.654738374813,860.9210114926398,825.5406959518464,844.0732421875,98900,0.0,0.0
2013-12-25 00:00:00+09:00,842.388491271449,904.7252396255362,840.7037142889061,883.66552734375,138700,0.0,0.0
2013-12-26 00:00:00+09:00,871.2315566709751,925.3663330078124,871.2315566709751,925.3663330078125,48900,4.3,0.0
2013-12-27 00:00:00+09:00,947.3583064742153,947.3583064742153,909.2948030890906,943.1290283203125,50700,0.0,0.0
2013-12-30 00:00:00+09:00,944.8208621478188,959.2004097364608,930.441314559177,934.6705932617188,48300,0.0,0.0
2014-01-06 00:00:00+09:00,950.7417602539062,951.5876159124952,897.4528537628065,950.7417602539062,53500,0.0,0.0
2014-01-07 00:00:00+09:00,949.0500787070276,949.0500787070276,921.9826967831195,929.5953979492188,20800,0.0,0.0
2014-01-08 00:00:00+09:00,925.3661499023438,943.1291198730469,920.291015625,938.8998413085938,38800,0.0,0.0
2014-01-09 00:00:00+09:00,951.5878369845972,951.5878369845972,905.9116208093365,907.6033325195312,38900,0.0,0.0
2014-01-10 00:00:00+09:00,905.9115285873413,921.9827881981345,902.5281055113849,920.2910766601562,38400,0.0,0.0
2014-01-14 00:00:00+09:00,905.065489803106,908.4489121948932,889.840089040063,898.2986450195312,30100,0.0,0.0
2014-01-15 00:00:00+09:00,920.2911082848838,921.9828198809956,899.1447133334848,909.2949829101562,64100,0.0,0.0
2014-01-16 00:00:00+09:00,916.9075316254622,921.1368099078675,909.2948307171326,915.2158203125,65500,0.0,0.0
2014-01-17 00:00:00+09:00,905.9114388198228,947.3583673932789,905.9114388198228,931.287109375,72900,0.0,0.0
2014-01-20 00:00:00+09:00,934.6705932617188,943.1291506668022,930.441314559177,934.6705932617188,29500,0.0,0.0
2014-01-21 00:00:00+09:00,946.5124491652397,946.5124491652397,926.2119140625,926.2119140625,37000,0.0,0.0
2014-01-22 00:00:00+09:00,930.4414019668311,987.1137419048108,927.9038345069216,964.275634765625,160700,0.0,0.0
2014-01-23 00:00:00+09:00,963.4298082423065,1010.7977356010151,955.8171056310855,971.8883666992188,210600,0.0,0.0
2014-01-24 00:00:00+09:00,942.2834171600754,959.2005341647447,934.6707145079743,939.745849609375,91900,0.0,0.0
2014-01-27 00:00:00+09:00,896.607119468072,896.607119468072,836.5513595791729,857.69775390625,164300,0.0,0.0
2014-01-28 00:00:00+09:00,862.7727960516046,869.5396415108329,845.8556824035339,846.7015380859375,50100,0.0,0.0
2014-01-29 00:00:00+09:00,854.3142395321387,865.3103634073049,850.0849611186133,855.1600952148438,31100,0.0,0.0
2014-01-30 00:00:00+09:00,844.164032385192,847.5474553606837,826.4010617638603,833.1679077148438,63400,0.0,0.0
2014-01-31 00:00:00+09:00,839.088836073998,848.3932485707862,817.0965883543165,823.017578125,50700,0.0,0.0
2014-02-03 00:00:00+09:00,816.2507955523689,820.4800742858008,763.8077392578125,763.8077392578125,85300,0.0,0.0
2014-02-04 00:00:00+09:00,700.368561201901,735.8945027121424,676.6846001950735,691.0641479492188,112000,0.0,0.0
2014-02-05 00:00:00+09:00,718.9773875525749,729.1276565533171,688.5265805503483,694.4475708007812,58000,0.0,0.0
2014-02-06 00:00:00+09:00,605.6327174390644,702.0602730089713,600.5575829353851,684.2973022460938,254500,0.0,0.0
2014-02-07 00:00:00+09:00,704.5979359436035,735.0487471008302,676.6846923828125,676.6846923828125,120800,0.0,0.0
2014-02-10 00:00:00+09:00,680.0680224784386,733.3569346875701,677.5304552303847,707.9812622070312,50400,0.0,0.0
2014-02-12 00:00:00+09:00,733.3569030761719,751.9657287597656,724.052490234375,725.7442016601562,34600,0.0,0.0
2014-02-13 00:00:00+09:00,700.3686235153367,710.5188934213561,682.6056511798029,687.6807861328125,36100,0.0,0.0
2014-02-14 00:00:00+09:00,680.0680248235886,683.4514478326613,649.6172177419355,655.5382080078125,55300,0.0,0.0
2014-02-17 00:00:00+09:00,634.3919029531553,659.7675790712815,634.3919029531553,654.6924438476562,31900,0.0,0.0
2014-02-18 00:00:00+09:00,647.0796203613281,664.8425903320312,643.6961975097656,661.4591674804688,24100,0.0,0.0
2014-02-19 00:00:00+09:00,659.7674560546875,676.6845703125,656.384033203125,661.4591674804688,16300,0.0,0.0
2014-02-20 00:00:00+09:00,661.4593272177251,661.4593272177251,631.0085142000293,631.8543701171875,39500,0.0,0.0
2014-02-21 00:00:00+09:00,634.391845218719,653.000672678468,634.391845218719,639.4669799804688,15200,0.0,0.0
2014-02-24 00:00:00+09:00,642.850341796875,664.8425903320312,642.850341796875,663.15087890625,34000,0.0,0.0
2014-02-25 00:00:00+09:00,669.0718394222423,718.9773242843311,669.0718394222423,692.7557983398438,101700,0.0,0.0
2014-02-26 00:00:00+09:00,690.218292198975,710.5188302048272,689.3724364487312,691.0641479492188,24600,0.0,0.0
2014-02-27 00:00:00+09:00,714.7481713926517,719.8233063374516,693.6017757893188,696.1393432617188,45800,0.0,0.0
2014-02-28 00:00:00+09:00,708.8271195705582,708.8271195705582,672.455322265625,672.455322265625,17300,0.0,0.0
2014-03-03 00:00:00+09:00,659.7675172467465,660.6133730380884,641.1586898372228,658.0758056640625,15800,0.0,0.0
2014-03-04 00:00:00+09:00,636.9293216890308,654.6922908198005,636.9293216890308,645.3878784179688,10900,0.0,0.0
2014-03-05 00:00:00+09:00,663.9967652930188,674.9928900685719,656.3840635253281,660.6133422851562,12800,0.0,0.0
2014-03-06 00:00:00+09:00,672.4553530143969,674.1470645943074,662.3050835349343,669.9177856445312,15500,0.0,0.0
2014-03-07 00:00:00+09:00,675.838836517334,681.7598275756836,674.1471247863769,676.6846923828125,13200,0.0,0.0
2014-03-10 00:00:00+09:00,680.9138782980913,706.28955078125,680.9138782980913,706.28955078125,21100,0.0,0.0
2014-03-11 00:00:00+09:00,709.6730982924953,714.7482336795691,685.1432772549716,697.8311157226562,16500,0.0,0.0
2014-03-12 00:00:00+09:00,689.3724975585938,696.1393441603958,687.6807859081432,689.3724975585938,16300,0.0,0.0
2014-03-13 00:00:00+09:00,685.143157996707,691.9100040016127,683.4514464954806,684.2973022460938,6500,0.0,0.0
2014-03-14 00:00:00+09:00,674.9928588867188,674.9928588867188,644.5420532226562,646.2337646484375,24800,0.0,0.0
2014-03-17 00:00:00+09:00,642.8504041446153,654.692385273595,622.5498650663643,629.3167114257812,14600,0.0,0.0
2014-03-18 00:00:00+09:00,642.0045172587378,644.54208452063,609.0161428541386,628.4708251953125,12100,0.0,0.0
2014-03-19 00:00:00+09:00,636.9293830715881,636.9293830715881,613.2454219480761,621.7039794921875,12500,0.0,0.0
2014-03-20 00:00:00+09:00,621.7039153457939,621.7039153457939,561.6481629790574,564.1857299804688,43100,0.0,0.0
2014-03-24 00:00:00+09:00,566.7233877742991,579.4112248140223,561.6482529584099,575.1819458007812,22400,0.0,0.0
2014-03-25 00:00:00+09:00,575.1820101550699,575.1820101550699,558.2648922093325,559.9566040039062,17700,0.0,0.0
2014-03-26 00:00:00+09:00,557.4188544012762,575.1818224474474,557.4188544012762,563.33984375,18500,0.0,0.0
2014-03-27 00:00:00+09:00,554.0354919433594,568.4150390625,542.1935119628906,566.7233276367188,17000,0.0,0.0
2014-03-28 00:00:00+09:00,564.1856718686219,591.2530504290355,559.1105383885443,582.7944946289062,13900,0.0,0.0
2014-03-31 00:00:00+09:00,592.0988496366915,606.4783931278682,591.2529941372105,604.7866821289062,16500,0.0,0.0
2014-04-01 00:00:00+09:00,613.2453298702293,615.7828967524509,603.0950623413428,603.94091796875,15400,0.0,0.0
2014-04-02 00:00:00+09:00,592.0990284076255,620.0122683182707,592.0990284076255,614.9371337890625,19500,0.0,0.0
2014-04-03 00:00:00+09:00,625.9332275390625,625.9332275390625,609.8619689941406,620.8580932617188,8200,0.0,0.0
2014-04-04 00:00:00+09:00,634.3917846679688,634.3917846679688,597.1741333007812,610.7078247070312,33800,0.0,0.0
2014-04-07 00:00:00+09:00,594.6366287097986,604.7868983321565,579.4112242762619,580.257080078125,25000,0.0,0.0
2014-04-08 00:00:00+09:00,576.8735336899399,588.7155123873874,559.956421265015,563.33984375,27900,0.0,0.0
2014-04-09 00:00:00+09:00,565.0315870467856,647.9254426314936,565.0315870467856,591.2531127929688,249100,0.0,0.0
2014-04-10 00:00:00+09:00,608.1702575683594,632.7000732421875,591.2531433105469,598.8658447265625,83200,0.0,0.0
2014-04-11 00:00:00+09:00,570.9526062011719,601.4034118652344,568.4150390625,598.8658447265625,37900,0.0,0.0
2014-04-14 00:00:00+09:00,586.1780708714535,592.94491728844,576.0278012459738,578.5653686523438,20900,0.0,0.0
2014-04-15 00:00:00+09:00,584.4863596299115,589.5614944458008,568.4150993795956,575.1819458007812,24700,0.0,0.0
2014-04-16 00:00:00+09:00,569.2608053486995,583.6403502089192,551.497838168428,582.7944946289062,38000,0.0,0.0
2014-04-17 00:00:00+09:00,586.1779777018229,593.7906787109375,568.4150086805555,570.9525756835938,18500,0.0,0.0
2014-04-18 00:00:00+09:00,572.6443176269531,576.0277404785156,559.9564819335938,566.7233276367188,18600,0.0,0.0
2014-04-21 00:00:00+09:00,558.2647705078125,576.0277404785156,558.2647705078125,565.0316162109375,35600,0.0,0.0
2014-04-22 00:00:00+09:00,559.1106581891962,564.1857927567229,531.197418067799,533.7349853515625,84700,0.0,0.0
2014-04-23 00:00:00+09:00,537.1183776855469,541.34765625,521.8929748535156,531.1973876953125,61700,0.0,0.0
2014-04-24 00:00:00+09:00,532.8890991210938,533.7349548339844,503.2841491699219,510.8968505859375,81500,0.0,0.0
2014-04-25 00:00:00+09:00,507.5134882651085,519.3554696579611,498.2090743135815,511.7427673339844,56000,0.0,0.0
2014-04-28 00:00:00+09:00,505.82177817134533,507.5134898040254,491.4422292935646,499.054931640625,42300,0.0,0.0
2014-04-30 00:00:00+09:00,504.97577559262,543.8851318359375,503.2840644516062,543.8851318359375,125200,0.0,0.0
2014-05-01 00:00:00+09:00,549.8062715502429,576.8736572265625,517.6637510596133,576.8736572265625,113900,0.0,0.0
2014-05-02 00:00:00+09:00,538.8100270036691,554.0354280806959,525.2763371574231,529.505615234375,118200,0.0,0.0
2014-05-07 00:00:00+09:00,530.3514048427443,532.8889713730923,508.35916157972775,509.20501708984375,39700,0.0,0.0
2014-05-08 00:00:00+09:00,511.7427062988281,515.9719848632812,496.5173034667969,498.2090148925781,48100,0.0,0.0
2014-05-09 00:00:00+09:00,495.67141692062904,499.0548395617255,486.3670046576138,490.5962829589844,36900,0.0,0.0
2014-05-12 00:00:00+09:00,482.13775634765625,482.13775634765625,440.6908264160156,443.2283935546875,81800,0.0,0.0
2014-05-13 00:00:00+09:00,449.99520791543495,456.76205314724604,418.69854871830887,438.1532287597656,89900,0.0,0.0
2014-05-14 00:00:00+09:00,424.61953812386224,443.2283625037925,423.77368247022906,435.61566162109375,48700,0.0,0.0
2014-05-15 00:00:00+09:00,436.4614885405632,449.9951781077125,434.7697773446696,449.1493225097656,32800,0.0,0.0
2014-05-16 00:00:00+09:00,438.99914623012205,443.2284250955375,428.0030211800419,428.848876953125,28900,0.0,0.0
2014-05-19 00:00:00+09:00,426.311279296875,427.1571350097656,398.3980407714844,409.3941650390625,50900,0.0,0.0
2014-05-20 00:00:00+09:00,409.3941650390625,422.0820007324219,399.243896484375,408.5483093261719,30400,0.0,0.0
2014-05-21 00:00:00+09:00,402.6273193359375,446.61181640625,399.243896484375,434.76983642578125,42900,0.0,0.0
2014-05-22 00:00:00+09:00,426.31124883972774,435.6156610167853,422.0819705774288,427.1571044921875,26800,0.0,0.0
2014-05-23 00:00:00+09:00,430.5405279893141,444.9200741107647,425.4653940640963,439.8449401855469,35200,0.0,0.0
2014-05-26 00:00:00+09:00,448.3035572398793,476.2167975963246,445.7659899347479,465.2206726074219,91800,0.0,0.0
2014-05-27 00:00:00+09:00,472.83343588488196,477.90857115377156,460.9914535908062,468.6041564941406,39800,0.0,0.0
2014-05-28 00:00:00+09:00,475.37091064453125,480.446044921875,457.6079406738281,470.2957763671875,45700,0.0,0.0
2014-05-29 00:00:00+09:00,466.912353515625,482.13775634765625,466.912353515625,479.6001892089844,44900,0.0,0.0
2014-05-30 00:00:00+09:00,488.058714893886,490.5962818690709,465.2206121172224,473.6791687011719,58300,0.0,0.0
2014-06-02 00:00:00+09:00,481.2919006347656,500.74658203125,471.1416320800781,498.2090148925781,55700,0.0,0.0
2014-06-03 00:00:00+09:00,500.7467346191406,506.6677264136237,487.2130390888936,500.7467346191406,54200,0.0,0.0
2014-06-04 00:00:00+09:00,585.3321533203125,585.3321533203125,585.3321533203125,585.3321533203125,12900,0.0,0.0
2014-06-05 00:00:00+09:00,669.917724609375,669.917724609375,602.249267578125,642.850341796875,879300,0.0,0.0
2014-06-06 00:00:00+09:00,617.4746999172186,639.4669495033113,592.0990273178808,638.62109375,383600,0.0,0.0
2014-06-09 00:00:00+09:00,651.3088989257812,667.3801574707031,626.7790832519531,642.850341796875,256600,0.0,0.0
2014-06-10 00:00:00+09:00,626.7790832519531,633.5459289550781,594.6365661621094,609.01611328125,139200,0.0,0.0
2014-06-11 00:00:00+09:00,603.940948184174,606.4785151933511,594.6365358171909,598.0199584960938,84200,0.0,0.0
2014-06-12 00:00:00+09:00,568.4150675851878,612.399566862613,564.1857888085123,608.1702880859375,114300,0.0,0.0
2014-06-13 00:00:00+09:00,602.2491786483203,630.1624130519643,602.2491786483203,620.0121459960938,72400,0.0,0.0
2014-06-16 00:00:00+09:00,618.3205261230469,622.5498046875,610.7078247070312,615.782958984375,47500,0.0,0.0
2014-06-17 00:00:00+09:00,609.8620002043162,616.62884625374,579.4111929819094,596.3283081054688,79000,0.0,0.0
2014-06-18 00:00:00+09:00,592.0989990234375,596.3282775878906,579.4111633300781,585.3321533203125,82100,0.0,0.0
2014-06-19 00:00:00+09:00,590.4071611806264,590.4071611806264,565.0314952273043,570.1066284179688,110200,0.0,0.0
2014-06-20 00:00:00+09:00,570.9527002622003,572.644411966681,550.6521598084332,555.727294921875,85400,0.0,0.0
2014-06-23 00:00:00+09:00,556.5730590820312,588.715576171875,555.7272033691406,588.715576171875,97000,0.0,0.0
2014-06-24 00:00:00+09:00,593.7907104492188,628.4707946777344,580.2570190429688,620.8580932617188,247900,0.0,0.0
2014-06-25 00:00:00+09:00,625.933291153169,627.6250027508803,589.5614918023767,600.5576171875,160500,0.0,0.0
2014-06-26 00:00:00+09:00,585.3321235344675,599.711669921875,585.3321235344675,599.711669921875,84100,0.0,0.0
2014-06-27 00:00:00+09:00,593.7907104492188,593.7907104492188,567.5691833496094,573.4901733398438,58200,0.0,0.0
2014-06-30 00:00:00+09:00,570.1069006258554,579.4113159179688,569.2610446902087,579.4113159179688,33300,0.0,0.0
2014-07-01 00:00:00+09:00,582.7945562718095,612.399504703614,581.1028449328492,594.6365356445312,63700,0.0,0.0
2014-07-02 00:00:00+09:00,600.5574940678725,603.0950609442157,588.7155153116046,590.4072265625,35300,0.0,0.0
2014-07-03 00:00:00+09:00,590.4072875976562,592.0989990234375,575.181884765625,581.94873046875,29300,0.0,0.0
2014-07-04 00:00:00+09:00,592.0989686360908,596.3282469834915,584.4862676107697,594.6365356445312,71500,0.0,0.0
2014-07-07 00:00:00+09:00,596.3281849843357,597.1740405658738,588.7154847504933,589.5613403320312,13700,0.0,0.0
2014-07-08 00:00:00+09:00,584.4863594480274,587.0239268551824,575.1819456217926,576.8736572265625,40600,0.0,0.0
2014-07-09 00:00:00+09:00,575.181823369314,581.9486683501294,570.1066896337024,571.7984008789062,23900,0.0,0.0
2014-07-10 00:00:00+09:00,569.2608026752557,571.7983694033773,564.1856692190128,565.8773803710938,22100,0.0,0.0
2014-07-11 00:00:00+09:00,562.4939286319722,570.9524839497461,554.8812288459756,570.1066284179688,18400,0.0,0.0
2014-07-14 00:00:00+09:00,570.9525443412163,571.7983999624624,560.8022768862612,563.33984375,12200,0.0,0.0
2014-07-15 00:00:00+09:00,565.0316162109375,638.6210632324219,563.3399047851562,615.782958984375,147700,0.0,0.0
2014-07-16 00:00:00+09:00,603.095187288172,614.0913127225988,573.4902341954848,575.1819458007812,204800,0.0,0.0
2014-07-17 00:00:00+09:00,583.6405349304468,592.0990934076997,573.4902647577435,574.3361206054688,53700,0.0,0.0
2014-07-18 00:00:00+09:00,550.6522193712474,572.6444739083479,550.6522193712474,559.1107788085938,59600,0.0,0.0
2014-07-22 00:00:00+09:00,560.8022768862612,568.4149774774775,559.1105656437687,563.33984375,26000,0.0,0.0
2014-07-23 00:00:00+09:00,562.4940186461945,568.4150083161544,561.6481629790574,564.1857299804688,19700,0.0,0.0
2014-07-24 00:00:00+09:00,566.7233572268451,587.8697511532199,566.7233572268451,584.486328125,42100,0.0,0.0
2014-07-25 00:00:00+09:00,582.7946170577219,588.7156073616464,569.2609249344656,576.0277709960938,33700,0.0,0.0
2014-07-28 00:00:00+09:00,578.5652767840658,581.1028437875046,570.9525757737491,572.644287109375,20600,0.0,0.0
2014-07-29 00:00:00+09:00,572.6444089100181,575.181976453194,566.7234179759412,574.3361206054688,25600,0.0,0.0
2014-07-30 00:00:00+09:00,574.3359979861144,574.3359979861144,563.3398743133316,564.1857299804688,35200,0.0,0.0
2014-07-31 00:00:00+09:00,565.0316783625905,568.4151015863185,554.8814086914062,554.8814086914062,28600,0.0,0.0
2014-08-01 00:00:00+09:00,546.4228218697212,547.2686776311295,531.197418164373,532.0432739257812,67000,0.0,0.0
2014-08-04 00:00:00+09:00,536.2726160479133,537.1184719091876,516.8179312386042,521.89306640625,38400,0.0,0.0
2014-08-05 00:00:00+09:00,537.1184095060102,537.1184095060102,512.588592378964,515.1261596679688,35900,0.0,0.0
2014-08-06 00:00:00+09:00,508.3593143244785,514.2803046743477,501.59246821034236,502.4383239746094,29800,0.0,0.0
2014-08-07 00:00:00+09:00,503.28417943318686,517.6637274169922,503.28417943318686,507.5134582519531,18200,0.0,0.0
2014-08-08 00:00:00+09:00,510.8968505859375,510.8968505859375,482.13775634765625,483.8294677734375,41200,0.0,0.0
2014-08-11 00:00:00+09:00,493.97979674258477,503.2842107223252,493.97979674258477,499.054931640625,28900,0.0,0.0
2014-08-12 00:00:00+09:00,498.20904604483724,502.4383248737408,483.8294980265652,488.05877685546875,23300,0.0,0.0
2014-08-13 00:00:00+09:00,482.13775634765625,494.8255920410156,479.6001892089844,487.212890625,23200,0.0,0.0
2014-08-14 00:00:00+09:00,490.5962829589844,499.0548395617255,485.5211489973397,490.5962829589844,28300,0.0,0.0
2014-08-15 00:00:00+09:00,490.5963719896049,512.5886231477596,489.7505161758297,511.7427673339844,42500,0.0,0.0
2014-08-18 00:00:00+09:00,508.3592834472656,514.2802734375,507.513427734375,508.3592834472656,15700,0.0,0.0
2014-08-19 00:00:00+09:00,510.8968505859375,514.2802734375,504.1300048828125,510.8968505859375,17300,0.0,0.0
2014-08-20 00:00:00+09:00,513.4344488054314,515.1261603336206,503.284179636296,504.1300354003906,26400,0.0,0.0
2014-08-21 00:00:00+09:00,505.8218083229386,510.0510876567424,502.4383848558955,503.28424072265625,13100,0.0,0.0
2014-08-22 00:00:00+09:00,501.5924069670593,503.2841182890392,497.3631286621094,497.3631286621094,15600,0.0,0.0
2014-08-25 00:00:00+09:00,493.97970601814944,498.20898432309934,492.28799469616945,497.3631286621094,18900,0.0,0.0
2014-08-26 00:00:00+09:00,494.8255616274156,498.2089842710219,494.8255616274156,496.51727294921875,19800,0.0,0.0
2014-08-27 00:00:00+09:00,494.8255310058594,499.0548090486445,493.1338197887453,494.8255310058594,14900,0.0,0.0
2014-08-28 00:00:00+09:00,499.0549009175413,509.20517008874555,499.0549009175413,502.4383239746094,22300,0.0,0.0
2014-08-29 00:00:00+09:00,503.28417943318686,507.5134582519531,498.20904485066734,507.5134582519531,13900,0.0,0.0
2014-09-01 00:00:00+09:00,508.359313367436,522.7388613329043,504.130034554063,518.5095825195312,41900,0.0,0.0
2014-09-02 00:00:00+09:00,523.5846862792969,524.4305419921875,514.2802734375,517.6636962890625,16800,0.0,0.0
2014-09-03 00:00:00+09:00,517.6637879916377,521.0472114425634,515.1262204034433,516.8179321289062,11000,0.0,0.0
2014-09-04 00:00:00+09:00,515.9720464028603,520.2013254717363,510.8969115202092,511.7427673339844,22300,0.0,0.0
2014-09-05 00:00:00+09:00,519.355283211236,519.355283211236,509.20501708984375,509.20501708984375,14400,0.0,0.0
2014-09-08 00:00:00+09:00,507.5134882651085,514.2803347753099,507.5134882651085,511.7427673339844,5100,0.0,0.0
2014-09-09 00:00:00+09:00,515.1261291503906,515.1261291503906,510.0509948730469,512.5885620117188,6300,0.0,0.0
2014-09-10 00:00:00+09:00,510.05102585301256,510.8968816172796,493.9797663319392,502.4383239746094,25500,0.0,0.0
2014-09-11 00:00:00+09:00,510.0509343398245,516.8177792398553,504.97580066480134,514.2802124023438,27300,0.0,0.0
2014-09-12 00:00:00+09:00,510.8968816172796,510.8968816172796,500.74661244607535,502.4383239746094,14700,0.0,0.0
2014-09-16 00:00:00+09:00,493.97970601814944,502.43826262804924,493.1338503571594,497.3631286621094,16600,0.0,0.0
2014-09-17 00:00:00+09:00,501.5923759798955,505.82165402357083,493.97967550127987,495.67138671875,10900,0.0,0.0
2014-09-18 00:00:00+09:00,493.9797056000808,498.20898390145135,488.058715978162,490.5962829589844,22700,0.0,0.0
2014-09-19 00:00:00+09:00,488.90460205078125,493.979736328125,488.90460205078125,493.979736328125,7100,0.0,0.0
2014-09-22 00:00:00+09:00,499.054931640625,503.2842107223252,492.28808510990467,499.054931640625,23800,0.0,0.0
2014-09-24 00:00:00+09:00,488.05877685546875,489.7504883870302,482.1377864950038,488.05877685546875,33700,0.0,0.0
2014-09-25 00:00:00+09:00,482.9836120605469,485.52117919921875,482.13775634765625,483.8294677734375,23300,0.0,0.0
2014-09-26 00:00:00+09:00,482.98370297639264,491.44226169752034,482.98370297639264,486.36712646484375,11100,0.0,0.0
2014-09-29 00:00:00+09:00,486.3669741937446,490.5962522302119,482.98355176457073,488.904541015625,9600,0.0,0.0
2014-09-30 00:00:00+09:00,490.59640729385217,490.59640729385217,478.7544250488281,478.7544250488281,30600,0.0,0.0
2014-10-01 00:00:00+09:00,474.5250549316406,474.5250549316406,453.378662109375,455.07037353515625,33200,0.0,0.0
2014-10-02 00:00:00+09:00,442.3825378417969,450.8410949707031,438.9991149902344,443.2283935546875,23000,0.0,0.0
2014-10-03 00:00:00+09:00,448.30358751585567,458.453857421875,445.7660200393508,458.453857421875,13900,0.0,0.0
2014-10-06 00:00:00+09:00,457.6079706920277,468.6040956809304,457.6079706920277,465.2206726074219,13900,0.0,0.0
2014-10-07 00:00:00+09:00,465.2206726074219,470.2958072176847,463.52896107066766,465.2206726074219,5700,0.0,0.0
2014-10-08 00:00:00+09:00,456.76217534206467,462.6831665039062,444.0743371381184,462.68316650390625,10100,0.0,0.0
2014-10-09 00:00:00+09:00,460.9913315406212,460.9913315406212,439.8449401855469,439.8449401855469,22000,0.0,0.0
2014-10-10 00:00:00+09:00,431.386475335984,433.07818700396825,423.7737728300549,426.31134033203125,21300,0.0,0.0
2014-10-14 00:00:00+09:00,418.6985158430722,422.0819381933193,411.9316711425781,411.9316711425781,24100,0.0,0.0
2014-10-15 00:00:00+09:00,410.2400805540759,418.6986389160156,406.85665720930007,418.6986389160156,14900,0.0,0.0
2014-10-16 00:00:00+09:00,400.93557726326634,415.3151232832569,398.3980103185621,399.2438659667969,29000,0.0,0.0
2014-10-17 00:00:00+09:00,393.3228758447371,401.7814323145164,389.09359760984745,391.63116455078125,25900,0.0,0.0
2014-10-20 00:00:00+09:00,398.3980407714844,427.1571350097656,392.47705078125,417.85272216796875,25000,0.0,0.0
2014-10-21 00:00:00+09:00,425.4653919337951,425.4653919337951,410.239990234375,410.239990234375,10300,0.0,0.0
2014-10-22 00:00:00+09:00,434.76977368164063,434.76977368164063,419.54437304687497,422.92779541015625,11500,0.0,0.0
2014-10-23 00:00:00+09:00,422.92782574352367,428.00295965244595,419.5444031375755,420.3902587890625,3500,0.0,0.0
2014-10-24 00:00:00+09:00,422.0820007324219,425.4654235839844,415.3151550292969,415.3151550292969,6500,0.0,0.0
2014-10-27 00:00:00+09:00,413.6234436035156,414.46929931640625,406.0107421875,408.5483093261719,9200,0.0,0.0
2014-10-28 00:00:00+09:00,437.3074035644531,452.5328063964844,420.3902893066406,434.76983642578125,40500,0.0,0.0
2014-10-29 00:00:00+09:00,433.078125,438.9991149902344,429.6947021484375,438.9991149902344,9900,0.0,0.0
2014-10-30 00:00:00+09:00,433.923950606126,439.8449401855469,431.3863836435171,439.8449401855469,5300,0.0,0.0
2014-10-31 00:00:00+09:00,431.38641357421875,441.53668212890625,430.5405578613281,434.76983642578125,8900,0.0,0.0
2014-11-04 00:00:00+09:00,454.224486062693,456.76205302393714,436.4615173339844,436.4615173339844,30300,0.0,0.0
2014-11-05 00:00:00+09:00,444.92010498046875,450.8410949707031,428.00299072265625,443.2283935546875,21500,0.0,0.0
2014-11-06 00:00:00+09:00,443.2284237267836,449.9952698905513,441.5367121858417,448.3035583496094,19900,0.0,0.0
2014-11-07 00:00:00+09:00,450.8411569359189,453.3787244233631,444.0743103027344,444.0743103027344,14800,0.0,0.0
2014-11-10 00:00:00+09:00,448.30358944847467,448.30358944847467,438.999175327846,444.0743103027344,7500,0.0,0.0
2014-11-11 00:00:00+09:00,447.45773326989377,448.3035890983813,444.0743099559437,446.61187744140625,11000,0.0,0.0
2014-11-12 00:00:00+09:00,446.61187802491634,449.99530134328694,442.3825988769531,442.3825988769531,18300,0.0,0.0
2014-11-13 00:00:00+09:00,439.844970703125,445.7659606933594,433.9239807128906,438.9991149902344,17600,0.0,0.0
2014-11-14 00:00:00+09:00,437.3073729877324,446.61178517896076,434.7698060264883,436.4615173339844,22200,0.0,0.0
2014-11-17 00:00:00+09:00,436.46151727472693,445.765929464692,435.61566162109375,435.61566162109375,12600,0.0,0.0
2014-11-18 00:00:00+09:00,430.5405278739782,442.3825070296475,429.6946722200018,438.1532287597656,16400,0.0,0.0
2014-11-19 00:00:00+09:00,438.1532288771409,440.6907958397498,433.923950606126,439.8449401855469,12200,0.0,0.0
2014-11-20 00:00:00+09:00,439.84494006771837,442.3825070296475,436.4615174518129,438.1532287597656,5600,0.0,0.0
2014-11-21 00:00:00+09:00,435.61572196135256,445.7659912109375,435.61572196135256,445.7659912109375,17400,0.0,0.0
2014-11-25 00:00:00+09:00,443.2284238985413,445.7659912109375,439.8450008153463,445.7659912109375,12900,0.0,0.0
2014-11-26 00:00:00+09:00,444.0742492675781,458.45379638671875,444.0742492675781,456.7620849609375,29200,0.0,0.0
2014-11-27 00:00:00+09:00,462.6830136920334,463.52886929293294,453.37860208213874,460.9913024902344,24900,0.0,0.0
2014-11-28 00:00:00+09:00,461.8371894836426,475.3708800179618,461.8371894836426,473.6791687011719,29700,0.0,0.0
2014-12-01 00:00:00+09:00,471.98745749259757,486.36700368860863,471.98745749259757,475.3708801269531,36100,0.0,0.0
2014-12-02 00:00:00+09:00,471.9876111901325,471.9876111901325,466.9124755859375,466.9124755859375,18200,0.0,0.0
2014-12-03 00:00:00+09:00,471.98751875443895,471.98751875443895,460.99139376553626,465.2206726074219,16700,0.0,0.0
2014-12-04 00:00:00+09:00,458.45379638671875,469.4499206542969,458.45379638671875,461.83721923828125,19600,0.0,0.0
2014-12-05 00:00:00+09:00,465.2206726074219,465.2206726074219,456.7621149236506,465.2206726074219,20400,0.0,0.0
2014-12-08 00:00:00+09:00,464.37487826443237,465.2207341446955,454.2246077012754,462.68316650390625,24200,0.0,0.0
2014-12-09 00:00:00+09:00,454.2245477272646,467.7582400245388,450.84112465294606,463.5289611816406,31200,0.0,0.0
2014-12-10 00:00:00+09:00,455.07037353515625,460.1455078125,452.5328063964844,455.07037353515625,11500,0.0,0.0
2014-12-11 00:00:00+09:00,448.30352783203125,460.1455078125,444.0742492675781,456.7620849609375,14300,0.0,0.0
2014-12-12 00:00:00+09:00,456.7620849609375,459.2996520996094,452.5328063964844,459.2996520996094,17900,0.0,0.0
2014-12-15 00:00:00+09:00,458.4538265701628,463.5289611816406,455.9162592644239,463.5289611816406,8100,0.0,0.0
2014-12-16 00:00:00+09:00,460.99139409906724,460.99139409906724,456.7621152541217,460.1455383300781,25200,0.0,0.0
2014-12-17 00:00:00+09:00,455.07037353515625,458.45379638671875,452.5328063964844,455.07037353515625,11100,0.0,0.0
2014-12-18 00:00:00+09:00,456.7620849609375,460.1455078125,451.68695068359375,454.2245178222656,14800,0.0,0.0
2014-12-19 00:00:00+09:00,456.7620849609375,464.3747863769531,444.92010498046875,456.7620849609375,44000,0.0,0.0
2014-12-22 00:00:00+09:00,455.9162292480469,455.9162292480469,449.1493835449219,452.5328063964844,26400,0.0,0.0
2014-12-24 00:00:00+09:00,444.92010498046875,448.30352783203125,433.9239807128906,434.76983642578125,56400,0.0,0.0
2014-12-25 00:00:00+09:00,429.6947021484375,433.9239807128906,421.23614501953125,429.6947021484375,77600,0.0,0.0
2014-12-26 00:00:00+09:00,421.95316238096916,433.14783811760714,419.36977567251427,428.8421936035156,35400,9.01,0.0
2014-12-29 00:00:00+09:00,430.56444050540506,434.87008491045907,430.56444050540506,433.1478271484375,10900,0.0,0.0
2014-12-30 00:00:00+09:00,432.2866947273453,432.2866947273453,427.981050357551,429.70330810546875,16700,0.0,0.0
2015-01-05 00:00:00+09:00,436.5923156738281,438.3145733293462,432.286671535033,436.5923156738281,16700,0.0,0.0
2015-01-06 00:00:00+09:00,427.98106977674695,437.4534878200955,427.98106977674695,434.00897216796875,16600,0.0,0.0
2015-01-07 00:00:00+09:00,433.14781097776864,434.008939826631,432.28668212890625,432.28668212890625,5700,0.0,0.0
2015-01-08 00:00:00+09:00,433.1478432549371,435.7312299940321,431.4255854288737,434.00897216796875,6900,0.0,0.0
2015-01-09 00:00:00+09:00,433.14781097776864,436.5923263732181,431.4255532800439,432.28668212890625,6900,0.0,0.0
2015-01-13 00:00:00+09:00,432.2866982674267,433.1478271484375,427.9810538623726,433.1478271484375,17400,0.0,0.0
2015-01-14 00:00:00+09:00,428.8421936035156,431.4255803119705,427.119935797879,428.8421936035156,12500,0.0,0.0
2015-01-15 00:00:00+09:00,427.11992323945856,431.4255676269531,421.95314997446513,431.4255676269531,17100,0.0,0.0
2015-01-16 00:00:00+09:00,426.25878545757223,426.25878545757223,421.09201230051076,422.81427001953125,20800,0.0,0.0
2015-01-19 00:00:00+09:00,428.8421792315099,429.70330810546875,423.67540598775673,429.70330810546875,5700,0.0,0.0
2015-01-20 00:00:00+09:00,430.56447246287127,434.8701171875,429.70334351794554,434.8701171875,14400,0.0,0.0
2015-01-21 00:00:00+09:00,434.8700813492219,434.8700813492219,429.70330810546875,429.70330810546875,5200,0.0,0.0
2015-01-22 00:00:00+09:00,430.56449348496136,430.56449348496136,422.814332602232,424.5365905761719,13900,0.0,0.0
2015-01-23 00:00:00+09:00,430.56440449336645,431.4255333023532,427.98101806640625,427.98101806640625,16900,0.0,0.0
2015-01-26 00:00:00+09:00,429.70330810546875,430.56443697942757,428.8421792315099,429.70330810546875,4100,0.0,0.0
2015-01-27 00:00:00+09:00,431.4255676269531,432.28669650445204,430.5644387494542,431.4255676269531,4500,0.0,0.0
2015-01-28 00:00:00+09:00,430.5644387494542,432.28669650445204,429.7033098719553,431.4255676269531,4500,0.0,0.0
2015-01-29 00:00:00+09:00,429.7033352938566,432.2867220791904,426.2588195800781,426.2588195800781,12600,0.0,0.0
2015-01-30 00:00:00+09:00,427.981050357551,429.70330810546875,427.981050357551,429.70330810546875,6600,0.0,0.0
2015-02-02 00:00:00+09:00,427.98103607177734,432.2866802978516,427.98103607177734,430.5644226074219,5600,0.0,0.0
2015-02-03 00:00:00+09:00,429.7033225063339,431.4255803119705,427.119935797879,428.8421936035156,7000,0.0,0.0
2015-02-04 00:00:00+09:00,428.8421936035156,431.4255803119705,428.8421936035156,428.8421936035156,10300,0.0,0.0
2015-02-05 00:00:00+09:00,430.56445819115925,435.7312316894531,429.70332927477693,435.7312316894531,11800,0.0,0.0
2015-02-06 00:00:00+09:00,424.5364931956454,425.3976219850889,415.0640765117669,419.3697204589844,40000,0.0,0.0
2015-02-09 00:00:00+09:00,421.9531537665695,421.9531537665695,419.36976711085583,420.23089599609375,6700,0.0,0.0
2015-02-10 00:00:00+09:00,424.5365728884327,424.5365728884327,418.50867023078763,421.95318603515625,7400,0.0,0.0
2015-02-12 00:00:00+09:00,421.9531572543509,425.39767282377414,421.9531572543509,423.6754150390625,8900,0.0,0.0
2015-02-13 00:00:00+09:00,422.81431005808935,422.81431005808935,416.7864074707031,416.7864074707031,20600,0.0,0.0
2015-02-16 00:00:00+09:00,416.78639135893826,419.3697780822375,414.20300463563905,415.9252624511719,11500,0.0,0.0
2015-02-17 00:00:00+09:00,415.0640906816647,418.50860595703125,414.2029618628231,418.50860595703125,5400,0.0,0.0
2015-02-18 00:00:00+09:00,415.9252913825973,417.64754931792896,409.03625964127065,414.2030334472656,14800,0.0,0.0
2015-02-19 00:00:00+09:00,415.0641335434055,417.64752026670465,409.89736009680706,415.9252624511719,10600,0.0,0.0
2015-02-20 00:00:00+09:00,415.0641046507746,415.0641046507746,403.00830078125,403.00830078125,34600,0.0,0.0
2015-02-23 00:00:00+09:00,403.00834898736065,409.0362516431545,398.70270423322216,405.59173583984375,49300,0.0,0.0
2015-02-24 00:00:00+09:00,409.0362404574867,412.4807561666024,407.3139826029289,409.8973693847656,6400,0.0,0.0
2015-02-25 00:00:00+09:00,409.0362470012066,421.9531811170342,409.0362470012066,416.7864074707031,17500,0.0,0.0
2015-02-26 00:00:00+09:00,421.0919924135561,421.0919924135561,416.786348319348,418.50860595703125,5100,0.0,0.0
2015-02-27 00:00:00+09:00,415.92523736310153,421.0920104980469,415.92523736310153,421.0920104980469,13900,0.0,0.0
2015-03-02 00:00:00+09:00,421.09197607925256,421.09197607925256,415.9252033666237,417.6474609375,5700,0.0,0.0
2015-03-03 00:00:00+09:00,418.5086096938776,486.53778698979596,416.7863520408163,464.1484375,467600,0.0,0.0
2015-03-04 00:00:00+09:00,489.98235609137805,533.038802145102,452.9538124851755,453.81494140625,749900,0.0,0.0
2015-03-05 00:00:00+09:00,479.64877518892666,539.9277954101562,471.0374865858939,539.9277954101562,1243300,0.0,0.0
2015-03-06 00:00:00+09:00,533.8998515570341,537.3443667283699,458.9816465804826,461.5650329589844,584500,0.0,0.0
2015-03-09 00:00:00+09:00,465.00960500616776,472.7597650896039,440.8979958576998,441.7591247558594,156800,0.0,0.0
2015-03-10 00:00:00+09:00,447.7869816049064,462.4261713881437,433.14779182166905,442.6202087402344,83400,0.0,0.0
2015-03-11 00:00:00+09:00,451.23149684802104,453.81488328035704,435.73117825400504,442.6202087402344,36100,0.0,0.0
2015-03-12 00:00:00+09:00,445.2035951725704,457.2593985234717,441.7590799294557,442.6202087402344,34600,0.0,0.0
2015-03-13 00:00:00+09:00,442.62026472917694,446.9259093277098,434.8701044518178,437.4534912109375,39500,0.0,0.0
2015-03-16 00:00:00+09:00,434.8701027730708,438.3146184386001,434.8701027730708,435.7312316894531,24300,0.0,0.0
2015-03-17 00:00:00+09:00,436.59237993393396,443.48141156997235,436.59237993393396,440.0368957519531,14400,0.0,0.0
2015-03-18 00:00:00+09:00,440.03683098486425,452.09263457349067,434.8700580183101,436.5923156738281,48800,0.0,0.0
2015-03-19 00:00:00+09:00,436.5923032872817,441.75907610724954,435.73117448395374,439.1756896972656,18600,0.0,0.0
2015-03-20 00:00:00+09:00,438.3145751953125,440.8979616895874,434.0089310381876,438.3145751953125,38300,0.0,0.0
2015-03-23 00:00:00+09:00,438.3145751953125,442.62021935243735,435.7311887010376,438.3145751953125,16600,0.0,0.0
2015-03-24 00:00:00+09:00,438.3145931363106,440.8979797363281,436.59233540296555,440.8979797363281,9300,0.0,0.0
2015-03-25 00:00:00+09:00,440.0368779700572,442.62026472917694,434.8701044518178,437.4534912109375,29800,0.0,0.0
2015-03-26 00:00:00+09:00,437.4534463638875,441.7590905210124,434.8700598696126,438.3145751953125,25900,0.0,0.0
2015-03-27 00:00:00+09:00,435.7312316894531,439.17574735498243,428.8422003583946,435.7312316894531,35700,0.0,0.0
2015-03-30 00:00:00+09:00,434.8700935705828,443.4813825521785,427.1199334871467,441.7591247558594,20400,0.0,0.0
2015-03-31 00:00:00+09:00,442.62029056951775,456.39835408919146,434.8701298397013,448.648193359375,59600,0.0,0.0
2015-04-01 00:00:00+09:00,440.0368328581624,444.34247701528733,434.8700598696126,438.3145751953125,44600,0.0,0.0
2015-04-02 00:00:00+09:00,472.75974959034033,514.0939353468729,456.3983010617129,457.2594299316406,421000,0.0,0.0
2015-04-03 00:00:00+09:00,465.87068260043276,465.87068260043276,437.4534320906097,439.1756896972656,86500,0.0,0.0
2015-04-06 00:00:00+09:00,443.4813232421875,448.64809594015475,440.0368081102094,443.4813232421875,18700,0.0,0.0
2015-04-07 00:00:00+09:00,442.6202763232235,449.5093078613281,439.1757605541711,449.5093078613281,19200,0.0,0.0
2015-04-08 00:00:00+09:00,452.9537658691406,460.7039253611982,447.7869928744356,452.9537658691406,22600,0.0,0.0
2015-04-09 00:00:00+09:00,452.95377474805065,455.53716129604334,446.0647439534035,446.9258728027344,11300,0.0,0.0
2015-04-10 00:00:00+09:00,448.64822678338913,456.3983880905878,447.78709774925596,452.0927429199219,9700,0.0,0.0
2015-04-13 00:00:00+09:00,450.3704368035912,453.8149525726435,442.6202763232235,449.5093078613281,13400,0.0,0.0
2015-04-14 00:00:00+09:00,449.50924494816707,449.50924494816707,445.20360083946815,447.7869873046875,9300,0.0,0.0
2015-04-15 00:00:00+09:00,447.7869873046875,449.50924494816707,443.4813431959886,447.7869873046875,24100,0.0,0.0
2015-04-16 00:00:00+09:00,448.648193359375,448.648193359375,446.06480644943616,448.648193359375,10400,0.0,0.0
2015-04-17 00:00:00+09:00,448.6481161264273,452.0926314133864,446.06472966120793,447.7869873046875,17800,0.0,0.0
2015-04-20 00:00:00+09:00,445.20361328125,449.50925751027563,444.3424844354449,445.20361328125,10600,0.0,0.0
2015-04-21 00:00:00+09:00,447.7870270429764,447.7870270429764,440.03686695954025,441.7591247558594,22100,0.0,0.0
2015-04-22 00:00:00+09:00,444.34251145033807,444.34251145033807,440.8979958576998,441.7591247558594,6100,0.0,0.0
2015-04-23 00:00:00+09:00,447.7869873046875,447.7869873046875,442.6202143742488,447.7869873046875,15900,0.0,0.0
2015-04-24 00:00:00+09:00,447.7869873046875,447.7869873046875,443.4813431959886,447.7869873046875,7100,0.0,0.0
2015-04-27 00:00:00+09:00,447.7869873046875,449.50924494816707,445.20360083946815,447.7869873046875,9400,0.0,0.0
2015-04-28 00:00:00+09:00,443.48136990569355,446.9258854001067,443.48136990569355,444.3424987792969,7500,0.0,0.0
2015-04-30 00:00:00+09:00,443.48140201053104,446.0647888183594,442.6202730745883,446.0647888183594,10000,0.0,0.0
2015-05-01 00:00:00+09:00,449.5093045621305,449.5093045621305,441.75914413864547,446.0647888183594,28400,0.0,0.0
2015-05-07 00:00:00+09:00,445.20360083946815,449.50924494816707,444.34247201772837,447.7869873046875,12300,0.0,0.0
2015-05-08 00:00:00+09:00,447.7870356193236,454.676066936544,446.92590670467104,450.37042236328125,11200,0.0,0.0
2015-05-11 00:00:00+09:00,450.37037376990685,451.23150259164663,447.7869873046875,447.7869873046875,5000,0.0,0.0
2015-05-12 00:00:00+09:00,446.0647439534035,447.78700165206527,440.8979708574181,446.9258728027344,16400,0.0,0.0
2015-05-13 00:00:00+09:00,447.7869873046875,447.7869873046875,444.34247201772837,447.7869873046875,5300,0.0,0.0
2015-05-14 00:00:00+09:00,447.7869873046875,449.50924494816707,444.34247201772837,447.7869873046875,12400,0.0,0.0
2015-05-15 00:00:00+09:00,444.34247201772837,449.50924494816707,444.34247201772837,447.7869873046875,18100,0.0,0.0
2015-05-18 00:00:00+09:00,447.7870356193236,450.37042236328125,446.92590670467104,450.37042236328125,9500,0.0,0.0
2015-05-19 00:00:00+09:00,448.6481645339761,450.37042236328125,447.7870356193236,450.37042236328125,8700,0.0,0.0
2015-05-20 00:00:00+09:00,452.0927011741782,464.14850653882297,451.23157221956075,456.3983459472656,19200,0.0,0.0
2015-05-21 00:00:00+09:00,455.53724595272183,456.39837496208423,451.2316009059097,454.6761169433594,13900,0.0,0.0
2015-05-22 00:00:00+09:00,454.67608151490657,454.67608151490657,447.78704997680194,449.5093078613281,8000,0.0,0.0
2015-05-25 00:00:00+09:00,450.370407978087,452.0926657523818,448.6481502037922,451.2315368652344,6200,0.0,0.0
2015-05-26 00:00:00+09:00,451.2315368652344,451.2315368652344,447.7870213166448,451.2315368652344,7200,0.0,0.0
2015-05-27 00:00:00+09:00,452.09269136995886,458.98172285750104,446.0647888183594,446.0647888183594,35700,0.0,0.0
2015-05-28 00:00:00+09:00,446.9258584829477,447.7869873046875,446.06472966120793,447.7869873046875,7700,0.0,0.0
2015-05-29 00:00:00+09:00,448.6481286644705,449.50925751027563,445.20361328125,445.20361328125,6400,0.0,0.0
2015-06-01 00:00:00+09:00,445.2036774794566,448.648193359375,440.89803262955854,448.648193359375,23100,0.0,0.0
2015-06-02 00:00:00+09:00,445.2035808081766,447.78696715716023,443.4813232421875,443.4813232421875,7900,0.0,0.0
2015-06-03 00:00:00+09:00,444.3424987792969,444.3424987792969,440.03685441128044,444.3424987792969,13500,0.0,0.0
2015-06-04 00:00:00+09:00,444.3424663617917,444.3424663617917,441.7590799294557,442.6202087402344,9800,0.0,0.0
2015-06-05 00:00:00+09:00,445.2036598824166,446.0647888183594,442.6202730745883,446.0647888183594,8200,0.0,0.0
2015-06-08 00:00:00+09:00,446.06472966120793,447.7869873046875,444.34247201772837,447.7869873046875,5000,0.0,0.0
2015-06-09 00:00:00+09:00,446.9259076024233,447.7870365188056,432.2867160239239,435.7312316894531,25900,0.0,0.0
2015-06-10 00:00:00+09:00,437.4534878200955,441.7591323852539,432.2867143419054,434.00897216796875,13900,0.0,0.0
2015-06-11 00:00:00+09:00,434.87004568062576,439.1756896972656,434.87004568062576,439.1756896972656,5700,0.0,0.0
2015-06-12 00:00:00+09:00,440.03683098486425,440.03683098486425,434.8700580183101,436.5923156738281,7300,0.0,0.0
2015-06-15 00:00:00+09:00,436.5923622912309,440.0368779700572,436.5923622912309,437.4534912109375,5400,0.0,0.0
2015-06-16 00:00:00+09:00,440.0368957519531,447.7870563424963,434.87012202492434,440.0368957519531,19400,0.0,0.0
2015-06-17 00:00:00+09:00,442.62023746967316,446.0647529363632,440.0368508696556,440.8979797363281,11400,0.0,0.0
2015-06-18 00:00:00+09:00,443.4813936488835,443.4813936488835,437.4534912109375,437.4534912109375,8100,0.0,0.0
2015-06-19 00:00:00+09:00,437.45348026506156,441.7591247558594,437.45348026506156,441.7591247558594,9700,0.0,0.0
2015-06-22 00:00:00+09:00,442.62025365401894,443.4813825521785,441.7591247558594,441.7591247558594,5300,0.0,0.0
2015-06-23 00:00:00+09:00,442.62026543228177,472.7597776698885,441.75913651120726,453.81494140625,59000,0.0,0.0
2015-06-24 00:00:00+09:00,452.0926657523818,452.0926657523818,446.06476354235,451.2315368652344,10500,0.0,0.0
2015-06-25 00:00:00+09:00,452.9537731842155,459.8428039550781,450.37038664514205,459.8428039550781,33700,0.0,0.0
2015-06-26 00:00:00+09:00,443.48133755101304,448.64811041568504,440.0368223078984,442.6202087402344,32800,0.0,0.0
2015-06-29 00:00:00+09:00,434.0089799360796,434.8701088645242,415.9252724387429,426.2588195800781,58900,0.0,0.0
2015-06-30 00:00:00+09:00,421.95314823983904,432.2866947273453,421.95314823983904,429.70330810546875,9300,0.0,0.0
2015-07-01 00:00:00+09:00,425.3976987933168,434.8701171875,425.3976987933168,434.8701171875,10900,0.0,0.0
2015-07-02 00:00:00+09:00,434.8701044518178,437.4534912109375,432.2867176926981,437.4534912109375,12000,0.0,0.0
2015-07-03 00:00:00+09:00,440.03685819652395,440.03685819652395,431.4255693864159,433.1478271484375,7200,0.0,0.0
2015-07-06 00:00:00+09:00,431.4255532800439,439.17571291980516,431.4255532800439,432.28668212890625,15400,0.0,0.0
2015-07-07 00:00:00+09:00,434.00897216796875,435.7312299940321,431.4255854288737,434.00897216796875,4500,0.0,0.0
2015-07-08 00:00:00+09:00,435.73122482606203,435.73122482606203,428.8421936035156,428.8421936035156,22400,0.0,0.0
2015-07-09 00:00:00+09:00,408.17510228127423,415.9252624511719,396.98042648031105,415.9252624511719,33900,0.0,0.0
2015-07-10 00:00:00+09:00,415.0640975344356,415.9252263674946,409.03619570302266,410.7584533691406,9700,0.0,0.0
2015-07-13 00:00:00+09:00,411.6196321986028,417.64753476218067,411.6196321986028,415.06414794921875,6900,0.0,0.0
2015-07-14 00:00:00+09:00,421.0920053100586,430.5644226074219,420.2308764648438,430.5644226074219,12500,0.0,0.0
2015-07-15 00:00:00+09:00,430.56440449336645,430.56440449336645,412.4806995046451,427.98101806640625,12600,0.0,0.0
2015-07-16 00:00:00+09:00,427.98105211695747,432.28669650445204,427.11992323945856,431.4255676269531,8500,0.0,0.0
2015-07-17 00:00:00+09:00,432.2866765914425,432.2866765914425,426.25877472662154,427.1199035644531,3700,0.0,0.0
2015-07-21 00:00:00+09:00,432.2866621113399,433.14779092032666,427.98101806640625,427.98101806640625,3500,0.0,0.0
2015-07-22 00:00:00+09:00,429.70330810546875,431.42556585338644,427.1199214835922,429.70330810546875,5200,0.0,0.0
2015-07-23 00:00:00+09:00,429.70334351794554,440.03689085705446,429.70334351794554,434.8701171875,20000,0.0,0.0
2015-07-24 00:00:00+09:00,430.56445819115925,442.6202630205117,430.56445819115925,435.7312316894531,5700,0.0,0.0
2015-07-27 00:00:00+09:00,438.3145822143555,439.17571105957035,429.70329376220707,430.5644226074219,9700,0.0,0.0
2015-07-28 00:00:00+09:00,435.73122482606203,435.73122482606203,421.95316238096916,428.8421936035156,7800,0.0,0.0
2015-07-29 00:00:00+09:00,429.7033644979914,431.42562247193126,424.5365905761719,424.5365905761719,3200,0.0,0.0
2015-07-30 00:00:00+09:00,424.536576120477,428.84222090871714,423.67544716282896,425.397705078125,7100,0.0,0.0
2015-07-31 00:00:00+09:00,418.5086491744711,420.23090699000386,413.34187572787266,415.9252624511719,22000,0.0,0.0
2015-08-03 00:00:00+09:00,417.64748213918585,418.5086109683388,409.03619384765625,409.03619384765625,21100,0.0,0.0
2015-08-04 00:00:00+09:00,410.7584712982178,417.647502263387,410.7584712982178,413.34185791015625,4700,0.0,0.0
2015-08-05 00:00:00+09:00,420.2308888753255,420.2308888753255,411.61960016886394,413.34185791015625,9200,0.0,0.0
2015-08-06 00:00:00+09:00,413.3418398683176,415.9252263674946,410.7584533691406,410.7584533691406,6200,0.0,0.0
2015-08-07 00:00:00+09:00,411.61958033511513,413.34183799342105,409.03619384765625,409.03619384765625,11700,0.0,0.0
2015-08-10 00:00:00+09:00,409.03612637062315,409.03612637062315,403.0082255609508,403.8693542480469,11100,0.0,0.0
2015-08-11 00:00:00+09:00,404.7304829351429,404.7304829351429,403.0082255609508,403.8693542480469,6700,0.0,0.0
2015-08-12 00:00:00+09:00,405.59168732471954,405.59168732471954,401.28604308560364,403.00830078125,3600,0.0,0.0
2015-08-13 00:00:00+09:00,403.008251953125,406.45276692708336,396.9803507486979,400.42486572265625,14900,0.0,0.0
2015-08-14 00:00:00+09:00,398.7026082356771,403.008251953125,396.9803507486979,400.42486572265625,15800,0.0,0.0
2015-08-17 00:00:00+09:00,400.4249249781697,404.73056933277365,397.8415383654073,398.7026672363281,12000,0.0,0.0
2015-08-18 00:00:00+09:00,403.00832959613064,403.00832959613064,401.28607177734375,401.28607177734375,4200,0.0,0.0
2015-08-19 00:00:00+09:00,403.00831159093207,403.00831159093207,396.98040949448654,398.7026672363281,8000,0.0,0.0
2015-08-20 00:00:00+09:00,398.7027267489154,398.7027267489154,396.98046875,396.98046875,10300,0.0,0.0
2015-08-21 00:00:00+09:00,396.11928439670135,396.11928439670135,381.4800934516059,387.50799560546875,29600,0.0,0.0
2015-08-24 00:00:00+09:00,374.5910880144904,375.4522169524548,349.61834881352445,351.3406066894531,43800,0.0,0.0
2015-08-25 00:00:00+09:00,310.86752804120385,345.31268350283307,309.1452702681224,330.6734924316406,44200,0.0,0.0
2015-08-26 00:00:00+09:00,336.7013889053493,361.6741261898893,336.7013889053493,354.78509521484375,20900,0.0,0.0
2015-08-27 00:00:00+09:00,365.118661711256,369.4243063069076,354.78511468169216,359.09075927734375,16200,0.0,0.0
2015-08-28 00:00:00+09:00,359.0907550900481,371.146559817292,359.0907550900481,370.2854309082031,15000,0.0,0.0
2015-08-31 00:00:00+09:00,377.1744402798739,378.8966979980469,372.0076671253551,378.8966979980469,11800,0.0,0.0
2015-09-01 00:00:00+09:00,374.59105730615124,374.59105730615124,367.7020263671875,367.7020263671875,12700,0.0,0.0
2015-09-02 00:00:00+09:00,353.0628617379119,366.8409246350011,353.0628617379119,364.2575378417969,10000,0.0,0.0
2015-09-03 00:00:00+09:00,359.9518557628954,365.9797576536615,356.50734039674325,357.36846923828125,11400,0.0,0.0
2015-09-04 00:00:00+09:00,367.7020547801051,367.7020547801051,343.59044463059,349.61834716796875,23300,0.0,0.0
2015-09-07 00:00:00+09:00,340.1459541320801,344.45159912109375,334.9791801452636,344.45159912109375,7200,0.0,0.0
2015-09-08 00:00:00+09:00,349.61831657193926,352.20170314759395,331.5346105423562,334.9791259765625,11500,0.0,0.0
2015-09-09 00:00:00+09:00,347.0349213459301,355.6462097167969,344.4515348346701,355.6462097167969,10400,0.0,0.0
2015-09-10 00:00:00+09:00,345.31268484716674,348.7572004067395,345.31268484716674,347.0349426269531,4800,0.0,0.0
2015-09-11 00:00:00+09:00,353.92397726372945,360.8130084513447,344.4515593807586,350.4794616699219,11300,0.0,0.0
2015-09-14 00:00:00+09:00,350.47945641876754,353.06284307541694,344.45155421991893,345.31268310546875,11800,0.0,0.0
2015-09-15 00:00:00+09:00,343.5903892034217,343.5903892034217,339.28474522844147,340.1458740234375,9600,0.0,0.0
2015-09-16 00:00:00+09:00,344.45159912109375,347.89611511230464,342.72934112548825,344.45159912109375,12100,0.0,0.0
2015-09-17 00:00:00+09:00,346.1738571166992,347.89611511230464,344.45159912109375,344.45159912109375,5800,0.0,0.0
2015-09-18 00:00:00+09:00,351.34058530431736,351.34058530431736,345.31268310546875,345.31268310546875,8700,0.0,0.0
2015-09-24 00:00:00+09:00,345.3127281188965,347.89611511230464,344.45159912109375,344.45159912109375,1900,0.0,0.0
2015-09-25 00:00:00+09:00,345.3127281188965,345.3127281188965,340.1459541320801,344.45159912109375,8500,0.0,0.0
2015-09-28 00:00:00+09:00,347.89601236979166,349.61826985677084,345.3126261393229,348.75714111328125,2300,0.0,0.0
2015-09-29 00:00:00+09:00,347.03493910863585,347.03493910863585,340.1459080593329,343.5904235839844,8900,0.0,0.0
2015-09-30 00:00:00+09:00,343.5903807682777,347.89602463755443,343.5903807682777,346.17376708984375,3900,0.0,0.0
2015-10-01 00:00:00+09:00,347.89606976211815,347.89606976211815,343.5904253343692,345.31268310546875,4400,0.0,0.0
2015-10-02 00:00:00+09:00,344.45155595727357,347.0349426269531,344.45155595727357,347.0349426269531,5900,0.0,0.0
2015-10-05 00:00:00+09:00,357.3685142037949,358.2296431536836,354.7851273541289,356.50738525390625,9300,0.0,0.0
2015-10-06 00:00:00+09:00,356.50738525390625,358.2296431536836,356.50738525390625,356.50738525390625,3100,0.0,0.0
2015-10-07 00:00:00+09:00,360.81302211752455,364.2575378417969,357.3685063932523,364.2575378417969,5100,0.0,0.0
2015-10-08 00:00:00+09:00,368.56321791001966,369.4243469238281,364.2575728409774,369.4243469238281,7600,0.0,0.0
2015-10-09 00:00:00+09:00,370.2854309082031,370.2854309082031,369.4243019991143,370.2854309082031,2700,0.0,0.0
2015-10-13 00:00:00+09:00,372.8687995017112,382.3412170410156,372.8687995017112,382.3412170410156,7300,0.0,0.0
2015-10-14 00:00:00+09:00,383.20235507711936,383.20235507711936,376.3133239746094,376.3133239746094,4000,0.0,0.0
2015-10-15 00:00:00+09:00,378.8967750186012,380.61903308686755,376.31338791620163,379.7579040527344,2300,0.0,0.0
2015-10-16 00:00:00+09:00,378.8967015721777,382.3412170410156,378.8967015721777,382.3412170410156,2300,0.0,0.0
2015-10-19 00:00:00+09:00,383.2023441090303,383.2023441090303,378.89669979319854,380.61895751953125,2300,0.0,0.0
2015-10-20 00:00:00+09:00,383.20233881868273,391.8136273314621,383.20233881868273,390.09136962890625,10600,0.0,0.0
2015-10-21 00:00:00+09:00,390.0914113180978,390.95254026140486,383.2023797716413,385.7857666015625,4800,0.0,0.0
2015-10-22 00:00:00+09:00,381.4801218850272,390.95254026140486,381.4801218850272,385.7857666015625,7200,0.0,0.0
2015-10-23 00:00:00+09:00,384.9246520996094,390.95255492890976,384.9246520996094,384.9246520996094,3300,0.0,0.0
2015-10-26 00:00:00+09:00,387.5080100146593,391.81365457037776,385.78575219237194,386.6468811035156,5000,0.0,0.0
2015-10-27 00:00:00+09:00,390.0913822428385,391.81364000108505,386.6468667263455,387.50799560546875,4000,0.0,0.0
2015-10-28 00:00:00+09:00,390.95249848018415,396.1192715878518,390.09136962890625,390.09136962890625,12400,0.0,0.0
2015-10-29 00:00:00+09:00,392.6747793222403,397.841552734375,390.0913926161729,397.841552734375,5800,0.0,0.0
2015-10-30 00:00:00+09:00,396.1192914804517,401.286064847588,390.09138921879264,394.39703369140625,11500,0.0,0.0
2015-11-02 00:00:00+09:00,398.7026799077573,398.7026799077573,392.67477761973504,396.1192932128906,7500,0.0,0.0
2015-11-04 00:00:00+09:00,403.00834898736065,405.59173583984375,398.70270423322216,405.59173583984375,4500,0.0,0.0
2015-11-05 00:00:00+09:00,412.4807110352586,414.2029687013766,404.73055153772765,410.7584533691406,13300,0.0,0.0
2015-11-06 00:00:00+09:00,410.7584932367852,410.7584932367852,396.11930165392283,404.7305908203125,9200,0.0,0.0
2015-11-09 00:00:00+09:00,404.7305547780004,404.7305547780004,396.11926637846847,399.56378173828125,6800,0.0,0.0
2015-11-10 00:00:00+09:00,399.56376165917754,399.56376165917754,391.81360248906424,395.25811767578125,4300,0.0,0.0
2015-11-11 00:00:00+09:00,392.67478348152144,395.2581702149525,376.3133341697914,386.6468811035156,18200,0.0,0.0
2015-11-12 00:00:00+09:00,385.7857378472222,396.11928439670135,385.7857378472222,387.50799560546875,6500,0.0,0.0
2015-11-13 00:00:00+09:00,396.1193042797047,396.1193042797047,385.78575721153845,391.81365966796875,6000,0.0,0.0
2015-11-16 00:00:00+09:00,385.78575721153845,394.3970464350103,383.2023704444969,391.81365966796875,5000,0.0,0.0
2015-11-17 00:00:00+09:00,394.39703369140625,396.1192914804517,391.8136470078381,394.39703369140625,3300,0.0,0.0
2015-11-18 00:00:00+09:00,396.98046875,396.98046875,395.25821075108456,396.98046875,2600,0.0,0.0
2015-11-19 00:00:00+09:00,398.7027267489154,398.7027267489154,394.3970817516269,396.98046875,3700,0.0,0.0
2015-11-20 00:00:00+09:00,396.98040949448654,399.5637961072489,396.1192806235657,398.7026672363281,5400,0.0,0.0
2015-11-24 00:00:00+09:00,399.56378173828125,409.03619897776633,397.8415240583749,399.56378173828125,8200,0.0,0.0
2015-11-25 00:00:00+09:00,404.7305908203125,404.7305908203125,397.8415594872008,404.7305908203125,4700,0.0,0.0
2015-11-26 00:00:00+09:00,405.5917017934664,405.5917017934664,397.84154188658493,402.1471862792969,5800,0.0,0.0
2015-11-27 00:00:00+09:00,400.42486572265625,403.008251953125,399.56373697916666,400.42486572265625,4500,0.0,0.0
2015-11-30 00:00:00+09:00,404.73057291492404,408.17508842909365,400.4249285222121,402.1471862792969,7100,0.0,0.0
2015-12-01 00:00:00+09:00,402.1472006867372,402.1472006867372,400.42494286795034,401.28607177734375,4800,0.0,0.0
2015-12-02 00:00:00+09:00,407.3139775702294,407.3139775702294,403.0083329870346,404.7305908203125,6100,0.0,0.0
2015-12-03 00:00:00+09:00,403.00834898736065,405.59173583984375,403.00834898736065,405.59173583984375,14100,0.0,0.0
2015-12-04 00:00:00+09:00,406.45282694498695,413.34185791015625,403.00831146240233,413.34185791015625,21300,0.0,0.0
2015-12-07 00:00:00+09:00,420.23089599609375,420.23089599609375,414.20299379942844,420.23089599609375,13900,0.0,0.0
2015-12-08 00:00:00+09:00,421.9531068273149,421.9531068273149,412.4806901434364,419.3697204589844,7300,0.0,0.0
2015-12-09 00:00:00+09:00,419.3698072532606,420.2309362209265,413.3419044795998,414.2030334472656,5100,0.0,0.0
2015-12-10 00:00:00+09:00,410.7584932367852,411.6196221534242,404.7305908203125,404.7305908203125,8800,0.0,0.0
2015-12-11 00:00:00+09:00,404.73057291492404,409.8973461861784,402.1471862792969,402.1471862792969,7000,0.0,0.0
2015-12-14 00:00:00+09:00,391.8136504202178,401.28606834246483,391.8136504202178,397.841552734375,11400,0.0,0.0
2015-12-15 00:00:00+09:00,403.0083261465098,403.0083261465098,396.1192949303301,397.841552734375,5700,0.0,0.0
2015-12-16 00:00:00+09:00,393.535888671875,401.2860484050192,393.535888671875,393.535888671875,7500,0.0,0.0
2015-12-17 00:00:00+09:00,392.67477761973504,396.1192932128906,392.67477761973504,396.1192932128906,13100,0.0,0.0
2015-12-18 00:00:00+09:00,392.6747510186557,400.42491057823446,392.6747510186557,399.56378173828125,14600,0.0,0.0
2015-12-21 00:00:00+09:00,396.98040949448654,402.1471827200113,396.98040949448654,398.7026672363281,13400,0.0,0.0
2015-12-22 00:00:00+09:00,391.8136839045241,391.8136839045241,384.9246520996094,384.9246520996094,33300,0.0,0.0
2015-12-24 00:00:00+09:00,390.9524644420993,390.9524644420993,372.00763136340726,373.7298889160156,22000,0.0,0.0
2015-12-25 00:00:00+09:00,373.7298889160156,373.7298889160156,373.7298889160156,373.7298889160156,0,0.0,0.0
2015-12-28 00:00:00+09:00,362.53531481336046,371.14660495144506,361.674185799552,369.4243469238281,22200,0.0,0.0
2015-12-29 00:00:00+09:00,369.42424307929144,374.59101570977106,368.5631143075448,372.00762939453125,4800,0.0,0.0
2015-12-30 00:00:00+09:00,370.2853576801115,374.5910013740663,370.2853576801115,372.8687438964844,4000,0.0,0.0
2016-01-04 00:00:00+09:00,372.86876013971147,373.7298889160156,370.2853738107989,373.7298889160156,2700,0.0,0.0
2016-01-05 00:00:00+09:00,380.61903308686755,383.2024201892671,376.31338791620163,379.7579040527344,12000,0.0,0.0
2016-01-06 00:00:00+09:00,381.48003128439393,381.48003128439393,372.0076151576934,372.8687438964844,4700,0.0,0.0
2016-01-07 00:00:00+09:00,366.8409025065104,413.34186197916665,365.97977362738715,387.50799560546875,125700,0.0,0.0
2016-01-08 00:00:00+09:00,373.72992661420034,375.4521843405331,365.9797668457031,365.9797668457031,16900,0.0,0.0
2016-01-12 00:00:00+09:00,365.9797777448382,368.56316441127234,359.9518755231585,361.67413330078125,18500,0.0,0.0
2016-01-13 00:00:00+09:00,362.53526905095464,372.86881591226455,361.6741401458455,368.56317138671875,2100,0.0,0.0
2016-01-14 00:00:00+09:00,361.67411157640356,362.53524041349027,354.78508087971016,355.6462097167969,6000,0.0,0.0
2016-01-15 00:00:00+09:00,359.0907395742472,365.11864167741203,353.0628374710824,354.78509521484375,2600,0.0,0.0
2016-01-18 00:00:00+09:00,334.1179524739583,349.61826985677084,333.25682373046874,348.75714111328125,9400,0.0,0.0
2016-01-19 00:00:00+09:00,335.84026192537783,345.31267956942696,335.84026192537783,341.8681640625,5200,0.0,0.0
2016-01-20 00:00:00+09:00,341.868123687823,342.7292524628553,333.2568359375,333.2568359375,5200,0.0,0.0
2016-01-21 00:00:00+09:00,326.3678622332939,337.5625382465731,326.3678622332939,329.8123779296875,3500,0.0,0.0
2016-01-22 00:00:00+09:00,346.17375696921835,346.17375696921835,334.1179544877033,337.5624694824219,12000,0.0,0.0
2016-01-25 00:00:00+09:00,344.45150954213307,347.89602463755443,341.00699444671176,346.17376708984375,5300,0.0,0.0
2016-01-26 00:00:00+09:00,346.1738571166992,347.89611511230464,344.45159912109375,344.45159912109375,5900,0.0,0.0
2016-01-27 00:00:00+09:00,347.0349460761143,359.95187955289276,346.1738171776624,350.4794616699219,2700,0.0,0.0
2016-01-28 00:00:00+09:00,344.4514973958333,351.34052734375,344.4514973958333,348.75714111328125,2700,0.0,0.0
2016-01-29 00:00:00+09:00,345.31268484716674,351.34058707641907,343.5904270673804,347.0349426269531,4000,0.0,0.0
2016-02-01 00:00:00+09:00,353.92396634296307,358.22961070236653,351.340579727321,354.78509521484375,4600,0.0,0.0
2016-02-02 00:00:00+09:00,354.78509342844893,354.78509342844893,352.2017068258146,353.0628356933594,2200,0.0,0.0
2016-02-03 00:00:00+09:00,349.61828218526506,353.92392605454177,345.3126383159884,346.17376708984375,3400,0.0,0.0
2016-02-04 00:00:00+09:00,349.61833277147,353.92397726372945,347.0349460761143,350.4794616699219,7500,0.0,0.0
2016-02-05 00:00:00+09:00,357.3684928575371,358.22962175598894,347.0349460761143,350.4794616699219,10700,0.0,0.0
2016-02-08 00:00:00+09:00,347.03495602846715,365.11866341456596,346.1738271053196,360.8130187988281,5400,0.0,0.0
2016-02-09 00:00:00+09:00,429.70330810546875,429.70330810546875,429.70330810546875,429.70330810546875,23200,0.0,0.0
2016-02-10 00:00:00+09:00,471.03749688042535,472.75975463867184,364.2575158691406,387.50799560546875,574600,0.0,0.0
2016-02-12 00:00:00+09:00,361.6741379957933,366.8409113957332,335.84027099609375,335.84027099609375,84200,0.0,0.0
2016-02-15 00:00:00+09:00,354.78509342844893,356.5073511635385,336.70138721000853,353.0628356933594,31800,0.0,0.0
2016-02-16 00:00:00+09:00,353.0627972806864,355.6461836022524,345.3126383159884,346.17376708984375,15600,0.0,0.0
2016-02-17 00:00:00+09:00,347.8960783649825,359.9518830607987,347.8960783649825,353.9239807128906,10400,0.0,0.0
2016-02-18 00:00:00+09:00,355.64624360082246,362.53527495386504,355.64624360082246,359.09075927734375,8000,0.0,0.0
2016-02-19 00:00:00+09:00,359.0907737291776,359.9519026829646,351.34061314509466,358.2296447753906,5200,0.0,0.0
2016-02-22 00:00:00+09:00,354.78509521484375,358.22961070236653,351.340579727321,354.78509521484375,4500,0.0,0.0
2016-02-23 00:00:00+09:00,357.3684673909702,357.3684673909702,351.3405655313635,355.6462097167969,8200,0.0,0.0
2016-02-24 00:00:00+09:00,354.7851693822586,358.2296855898533,347.8961369670691,352.2017822265625,8400,0.0,0.0
2016-02-25 00:00:00+09:00,347.8960957550196,359.0907721035722,347.8960957550196,356.50738525390625,6200,0.0,0.0
2016-02-26 00:00:00+09:00,354.78508087971016,359.95185390223025,354.78508087971016,355.6462097167969,4200,0.0,0.0
2016-02-29 00:00:00+09:00,354.78509342844893,359.9518666337176,352.2017068258146,353.0628356933594,8100,0.0,0.0
2016-03-01 00:00:00+09:00,349.6183361786705,353.9239807128906,347.0349494581385,353.9239807128906,8700,0.0,0.0
2016-03-02 00:00:00+09:00,358.2296697443182,373.7299919928704,358.2296697443182,369.4243469238281,26100,0.0,0.0
2016-03-03 00:00:00+09:00,371.14657915488056,376.3133528786144,369.42432124696927,374.5910949707031,12100,0.0,0.0
2016-03-04 00:00:00+09:00,385.78575721153845,396.1193042797047,382.34124152214974,391.81365966796875,19500,0.0,0.0
2016-03-07 00:00:00+09:00,441.75916041257227,441.75916041257227,414.2030334472656,414.2030334472656,128500,0.0,0.0
2016-03-08 00:00:00+09:00,415.0640765117669,428.8421371428629,409.8973037751059,419.3697204589844,67700,0.0,0.0
2016-03-09 00:00:00+09:00,409.0362470012066,419.36979429386867,409.0362470012066,416.7864074707031,10500,0.0,0.0
2016-03-10 00:00:00+09:00,413.3418189328799,421.9531068273149,410.7584325645494,419.3697204589844,5200,0.0,0.0
2016-03-11 00:00:00+09:00,419.3698023745888,426.258834035773,413.34189967105266,425.397705078125,11900,0.0,0.0
2016-03-14 00:00:00+09:00,425.397656598062,428.842172036103,421.953141160021,422.81427001953125,13400,0.0,0.0
2016-03-15 00:00:00+09:00,425.397656598062,425.397656598062,421.09201230051076,422.81427001953125,2500,0.0,0.0
2016-03-16 00:00:00+09:00,423.6753970655195,423.6753970655195,420.23088164222264,421.0920104980469,2900,0.0,0.0
2016-03-17 00:00:00+09:00,423.6753970655195,424.53652592134375,415.0641085072773,421.0920104980469,6600,0.0,0.0
2016-03-18 00:00:00+09:00,421.0920505127966,429.7033398893364,414.2030190115648,415.06414794921875,14600,0.0,0.0
2016-03-22 00:00:00+09:00,416.786348319348,423.67537887008103,416.786348319348,418.50860595703125,3700,0.0,0.0
2016-03-23 00:00:00+09:00,422.8143038662997,431.4255931507458,416.7864013671875,426.2588195800781,29700,0.0,0.0
2016-03-24 00:00:00+09:00,422.8142771137979,440.89798346693385,417.6475038700448,429.70330810546875,29500,0.0,0.0
2016-03-25 00:00:00+09:00,435.7312102231807,436.5923390971396,427.1199214835922,429.70330810546875,14400,0.0,0.0
2016-03-28 00:00:00+09:00,427.11990722656253,434.0089379882813,421.95313415527346,430.5644226074219,13900,0.0,0.0
2016-03-29 00:00:00+09:00,430.5644226074219,430.5644226074219,429.70329376220707,430.5644226074219,2500,0.0,0.0
2016-03-30 00:00:00+09:00,431.42556585338644,439.17572571901616,424.5365348617156,429.70330810546875,32600,0.0,0.0
2016-03-31 00:00:00+09:00,431.42554270727396,436.5923156738281,430.5644138795149,436.5923156738281,17500,0.0,0.0
2016-04-01 00:00:00+09:00,435.73120104705873,435.73120104705873,414.20297965145306,421.0920104980469,11200,0.0,0.0
2016-04-04 00:00:00+09:00,421.0920053100586,430.5644226074219,421.0920053100586,430.5644226074219,3500,0.0,0.0
2016-04-05 00:00:00+09:00,434.870087045138,434.870087045138,418.5086382256179,420.23089599609375,9100,0.0,0.0
2016-04-06 00:00:00+09:00,420.2308834410005,422.81427001953125,417.6474968624698,422.81427001953125,4000,0.0,0.0
2016-04-07 00:00:00+09:00,424.5365728884327,428.8422176438935,421.0920570840641,421.95318603515625,3500,0.0,0.0
2016-04-08 00:00:00+09:00,416.7864123286033,423.67544393734056,412.48076757314254,421.95318603515625,5400,0.0,0.0
2016-04-11 00:00:00+09:00,421.0920602898849,426.258834035773,418.5086734169408,425.397705078125,1900,0.0,0.0
2016-04-12 00:00:00+09:00,420.2308834410005,425.397656598062,420.2308834410005,422.81427001953125,7900,0.0,0.0
2016-04-13 00:00:00+09:00,422.8143038662997,426.2588195800781,422.8143038662997,426.2588195800781,5300,0.0,0.0
2016-04-14 00:00:00+09:00,426.258798192759,427.9810559632348,420.23089599609375,420.23089599609375,10300,0.0,0.0
2016-04-15 00:00:00+09:00,420.23089946963927,424.53654393141835,420.23089946963927,423.6754150390625,2600,0.0,0.0
2016-04-18 00:00:00+09:00,421.9531572543509,423.6754150390625,421.9531572543509,423.6754150390625,2400,0.0,0.0
2016-04-19 00:00:00+09:00,426.2588195800781,427.1199485085227,423.6754327947443,426.2588195800781,5000,0.0,0.0
2016-04-20 00:00:00+09:00,426.2587604484328,427.98101806640625,425.39763163944605,427.98101806640625,8700,0.0,0.0
2016-04-21 00:00:00+09:00,428.8421912834658,441.7591247558594,426.2588045889871,441.7591247558594,44100,0.0,0.0
2016-04-22 00:00:00+09:00,435.73125097942915,440.89802470645793,433.14786411591473,440.0368957519531,16400,0.0,0.0
2016-04-25 00:00:00+09:00,439.1757667974483,440.89802470645793,434.87012202492434,440.0368957519531,19000,0.0,0.0
2016-04-26 00:00:00+09:00,439.1757380613807,445.2036403484977,437.45348026506156,441.7591247558594,18900,0.0,0.0
2016-04-27 00:00:00+09:00,439.1757113606141,445.20361328125,439.1757113606141,445.20361328125,12200,0.0,0.0
2016-04-28 00:00:00+09:00,444.34254052447716,446.0647984334867,437.4535088884387,440.0368957519531,15100,0.0,0.0
2016-05-02 00:00:00+09:00,437.4534358755624,443.48133755101304,433.14779182166905,442.6202087402344,11000,0.0,0.0
2016-05-06 00:00:00+09:00,447.78700165206527,447.78700165206527,442.6202285560799,446.9258728027344,13200,0.0,0.0
2016-05-09 00:00:00+09:00,455.5372009277344,458.12058770048145,451.23155630648927,455.5372009277344,26400,0.0,0.0
2016-05-10 00:00:00+09:00,450.3704029319291,450.3704029319291,430.5644387494542,431.4255676269531,33000,0.0,0.0
2016-05-11 00:00:00+09:00,429.7033225063339,434.87009592324375,428.8421936035156,428.8421936035156,12600,0.0,0.0
2016-05-12 00:00:00+09:00,428.8421792315099,434.8700813492219,428.8421792315099,429.70330810546875,11300,0.0,0.0
2016-05-13 00:00:00+09:00,429.70331162439425,434.00895602944826,427.1199249813618,433.1478271484375,2500,0.0,0.0
2016-05-16 00:00:00+09:00,443.4813795632463,446.0647662403138,421.9531572543509,423.6754150390625,20400,0.0,0.0
2016-05-17 00:00:00+09:00,424.5365366069619,432.28669650445204,424.5365366069619,431.4255676269531,2900,0.0,0.0
2016-05-18 00:00:00+09:00,431.4255931507458,438.3146245783026,426.2588195800781,426.2588195800781,5600,0.0,0.0
2016-05-19 00:00:00+09:00,430.56440449336645,430.56440449336645,423.67537402147263,427.98101806640625,4800,0.0,0.0
2016-05-20 00:00:00+09:00,430.5644226074219,434.87006683349614,426.25877838134767,430.5644226074219,13800,0.0,0.0
2016-05-23 00:00:00+09:00,436.59235136690194,445.2036403484977,435.7312224687424,441.7591247558594,18800,0.0,0.0
2016-05-24 00:00:00+09:00,442.62025365401894,447.7870270429764,440.03686695954025,441.7591247558594,14700,0.0,0.0
2016-05-25 00:00:00+09:00,442.62023746967316,445.2036240696907,440.8979797363281,440.8979797363281,4800,0.0,0.0
2016-05-26 00:00:00+09:00,440.8979598126233,440.8979598126233,428.8421562239969,436.5923156738281,5600,0.0,0.0
2016-05-27 00:00:00+09:00,438.3145733293462,440.8979598126233,434.8700580183101,436.5923156738281,3800,0.0,0.0
2016-05-30 00:00:00+09:00,436.5923070647837,442.6202087402344,436.5923070647837,442.6202087402344,3300,0.0,0.0
2016-05-31 00:00:00+09:00,442.6202267438346,447.7869998186654,440.03684020641924,445.20361328125,12700,0.0,0.0
2016-06-01 00:00:00+09:00,482.23215562530106,482.23215562530106,446.9258728027344,446.9258728027344,147800,0.0,0.0
2016-06-02 00:00:00+09:00,465.8706827198887,466.7318115234375,448.64810664891314,466.7318115234375,49200,0.0,0.0
2016-06-03 00:00:00+09:00,469.31519600197123,471.0374536019784,460.7039080019351,465.0095520019531,31700,0.0,0.0
2016-06-06 00:00:00+09:00,465.0095614346591,478.78762251420454,465.0095614346591,473.620849609375,61800,0.0,0.0
2016-06-07 00:00:00+09:00,472.75982666015625,473.6209556704662,469.3153106189165,472.75982666015625,20400,0.0,0.0
2016-06-08 00:00:00+09:00,473.6209013303692,482.2321904454668,470.1763856843301,479.6488037109375,55300,0.0,0.0
2016-06-09 00:00:00+09:00,484.81559009758575,498.59365304884926,476.204300753046,477.0654296875,69500,0.0,0.0
2016-06-10 00:00:00+09:00,499.454738828871,504.6215119891696,491.704579088423,496.0102233886719,96500,0.0,0.0
2016-06-13 00:00:00+09:00,494.2880519179047,496.0103099385246,471.89869764984627,472.75982666015625,45700,0.0,0.0
2016-06-14 00:00:00+09:00,472.75979602313555,472.75979602313555,440.0368957519531,440.0368957519531,41900,0.0,0.0
2016-06-15 00:00:00+09:00,440.03682790902945,453.814889056866,432.2866685133714,447.7869873046875,24500,0.0,0.0
2016-06-16 00:00:00+09:00,439.1757275244433,445.2036296669357,428.8421809944564,431.4255676269531,16500,0.0,0.0
2016-06-17 00:00:00+09:00,431.42558877299155,442.62026472917694,430.564459853285,437.4534912109375,12700,0.0,0.0
2016-06-20 00:00:00+09:00,442.6202763232235,449.5093078613281,442.6202763232235,449.5093078613281,6100,0.0,0.0
2016-06-21 00:00:00+09:00,452.0926852307383,457.25945877623246,440.89800921550096,455.5372009277344,11200,0.0,0.0
2016-06-22 00:00:00+09:00,454.6761169433594,458.1206329808091,451.2316009059097,454.6761169433594,4200,0.0,0.0
2016-06-23 00:00:00+09:00,448.648193359375,454.67609614923225,445.2036774794566,448.648193359375,6300,0.0,0.0
2016-06-24 00:00:00+09:00,456.3983314578273,458.9817182396641,389.23027513007156,409.8973693847656,45400,0.0,0.0
2016-06-27 00:00:00+09:00,423.6754307305205,455.5372009277344,420.23091503352435,455.5372009277344,33400,0.0,0.0
2016-06-28 00:00:00+09:00,422.81425622966293,446.92586350956225,415.0640967468382,438.3145751953125,32100,0.0,0.0
2016-06-29 00:00:00+09:00,441.75907610724954,441.75907610724954,434.87004568062576,439.1756896972656,7500,0.0,0.0
2016-06-30 00:00:00+09:00,443.48134818386234,446.06473467813726,434.8700598696126,438.3145751953125,4700,0.0,0.0
2016-07-01 00:00:00+09:00,440.03683098486425,440.03683098486425,433.14780036279205,436.5923156738281,5900,0.0,0.0
2016-07-04 00:00:00+09:00,437.45342176122574,443.4813232421875,436.5922929782312,443.4813232421875,4100,0.0,0.0
2016-07-05 00:00:00+09:00,451.23150259164663,451.23150259164663,443.4813431959886,447.7869873046875,13500,0.0,0.0
2016-07-06 00:00:00+09:00,444.3424844354449,445.20361328125,440.89796905222437,445.20361328125,4100,0.0,0.0
2016-07-07 00:00:00+09:00,445.20359132056143,446.0647201238894,437.4534320906097,439.1756896972656,6900,0.0,0.0
2016-07-08 00:00:00+09:00,440.0368508696556,444.3424952030182,433.1478199362755,440.8979797363281,5900,0.0,0.0
2016-07-11 00:00:00+09:00,440.8979797363281,440.8979797363281,440.8979797363281,440.8979797363281,0,0.0,0.0
2016-07-12 00:00:00+09:00,443.4813431959886,449.50924494816707,443.4813431959886,447.7869873046875,4000,0.0,0.0
2016-07-13 00:00:00+09:00,448.64812170688646,460.7039253611982,448.64812170688646,452.9537658691406,15400,0.0,0.0
2016-07-14 00:00:00+09:00,459.84289150550717,472.75982666015625,458.12063348488726,472.75982666015625,21800,0.0,0.0
2016-07-15 00:00:00+09:00,473.6208306469964,473.6208306469964,441.7590656761984,443.4813232421875,18900,0.0,0.0
2016-07-19 00:00:00+09:00,442.6202283152546,446.9258725595664,427.98103788459446,432.28668212890625,24200,0.0,0.0
2016-07-20 00:00:00+09:00,432.28669650445204,434.8700831369488,428.8421809944564,431.4255676269531,9000,0.0,0.0
2016-07-21 00:00:00+09:00,428.8421986897786,434.8701010810004,428.8421986897786,434.00897216796875,7700,0.0,0.0
2016-07-22 00:00:00+09:00,428.8421936035156,434.87009592324375,427.119935797879,428.8421936035156,6500,0.0,0.0
2016-07-25 00:00:00+09:00,428.84218839319743,431.42557507026487,422.8142861467067,423.6754150390625,9000,0.0,0.0
2016-07-26 00:00:00+09:00,422.8143149862484,427.1199597417092,420.23092813297194,421.95318603515625,4500,0.0,0.0
2016-07-27 00:00:00+09:00,421.95312123239773,421.95312123239773,411.6195754062982,418.50860595703125,10800,0.0,0.0
2016-07-28 00:00:00+09:00,415.06411565144856,419.36976000467934,410.7584712982178,413.34185791015625,12100,0.0,0.0
2016-07-29 00:00:00+09:00,409.0361749856624,419.3697204589844,407.31391740677543,419.3697204589844,9300,0.0,0.0
2016-08-01 00:00:00+09:00,421.0920210969662,431.4255676269531,421.0920210969662,431.4255676269531,11500,0.0,0.0
2016-08-02 00:00:00+09:00,422.8142861467067,427.98105950084164,421.9531572543509,423.6754150390625,5300,0.0,0.0
2016-08-03 00:00:00+09:00,421.9531648055367,421.9531648055367,414.20300463563905,415.9252624511719,7000,0.0,0.0
2016-08-04 00:00:00+09:00,409.89737594226176,420.2309232349238,409.89737594226176,416.7864074707031,5600,0.0,0.0
2016-08-05 00:00:00+09:00,428.842172036103,430.5644297551235,417.6474968624698,422.81427001953125,8900,0.0,0.0
2016-08-08 00:00:00+09:00,419.36976711085583,420.23089599609375,418.5086382256179,420.23089599609375,2400,0.0,0.0
2016-08-09 00:00:00+09:00,418.50858972293815,420.2308472938144,415.9252033666237,417.6474609375,1500,0.0,0.0
2016-08-10 00:00:00+09:00,421.95318603515625,422.8143149862484,415.92528337751116,421.95318603515625,3300,0.0,0.0
2016-08-12 00:00:00+09:00,424.53652773855174,424.53652773855174,420.2308834410005,422.81427001953125,1300,0.0,0.0
2016-08-15 00:00:00+09:00,421.9531393538711,421.9531393538711,415.0641085072773,421.0920104980469,3100,0.0,0.0
2016-08-16 00:00:00+09:00,420.2308635947145,421.95312123239773,404.7305448555652,418.50860595703125,9800,0.0,0.0
2016-08-17 00:00:00+09:00,420.23092157514264,420.23092157514264,409.89737432329486,415.06414794921875,3300,0.0,0.0
2016-08-18 00:00:00+09:00,418.5086239305742,421.0920104980469,415.92523736310153,421.0920104980469,3000,0.0,0.0
2016-08-19 00:00:00+09:00,420.2308472938144,420.2308472938144,412.48068822487113,417.6474609375,5200,0.0,0.0
2016-08-22 00:00:00+09:00,412.480775511934,415.9252913825973,410.7585175766023,414.2030334472656,4900,0.0,0.0
2016-08-23 00:00:00+09:00,414.20302064753764,416.7864074707031,413.34189170648244,416.7864074707031,1600,0.0,0.0
2016-08-24 00:00:00+09:00,416.7863340906539,419.3697204589844,413.3418189328799,419.3697204589844,1900,0.0,0.0
2016-08-25 00:00:00+09:00,419.3697780822375,419.3697780822375,413.34187572787266,415.9252624511719,3700,0.0,0.0
2016-08-26 00:00:00+09:00,412.4806966741713,415.92521188648175,407.31392385570575,411.61956787109375,11700,0.0,0.0
2016-08-29 00:00:00+09:00,411.6196338243721,416.7864074707031,411.6196338243721,416.7864074707031,4300,0.0,0.0
2016-08-30 00:00:00+09:00,417.6475364117583,417.6475364117583,413.34189170648244,416.7864074707031,1500,0.0,0.0
2016-08-31 00:00:00+09:00,416.78642035026314,418.5086782855948,409.03625964127065,414.2030334472656,6800,0.0,0.0
2016-09-01 00:00:00+09:00,417.6474609375,417.6474609375,415.9252033666237,417.6474609375,2000,0.0,0.0
2016-09-02 00:00:00+09:00,417.64754445929276,425.397705078125,416.78641550164474,425.397705078125,7300,0.0,0.0
2016-09-05 00:00:00+09:00,434.0089379882813,434.0089379882813,428.8421649169922,430.5644226074219,9500,0.0,0.0
2016-09-06 00:00:00+09:00,433.14781097776864,433.14781097776864,430.5644244311815,432.28668212890625,1800,0.0,0.0
2016-09-07 00:00:00+09:00,435.7312120144477,435.7312120144477,430.5644387494542,431.4255676269531,2400,0.0,0.0
2016-09-08 00:00:00+09:00,433.1478091430664,433.1478091430664,430.5644226074219,430.5644226074219,1100,0.0,0.0
2016-09-09 00:00:00+09:00,433.1478091430664,434.87006683349614,429.70329376220707,430.5644226074219,1400,0.0,0.0
2016-09-12 00:00:00+09:00,430.56440449336645,430.56440449336645,427.98101806640625,427.98101806640625,3700,0.0,0.0
2016-09-13 00:00:00+09:00,427.98103607177734,430.5644226074219,427.11990722656253,430.5644226074219,1300,0.0,0.0
2016-09-14 00:00:00+09:00,435.7312299940321,435.7312299940321,426.2588119506836,434.00897216796875,10300,0.0,0.0
2016-09-15 00:00:00+09:00,434.008939826631,434.008939826631,428.8421667334568,432.28668212890625,1000,0.0,0.0
2016-09-16 00:00:00+09:00,432.2866621113399,432.2866621113399,422.8142452124859,427.98101806640625,2400,0.0,0.0
2016-09-20 00:00:00+09:00,427.9811065240516,427.9811065240516,424.5365905761719,424.5365905761719,2200,0.0,0.0
2016-09-21 00:00:00+09:00,428.84218839319743,428.84218839319743,423.6754150390625,423.6754150390625,1300,0.0,0.0
2016-09-23 00:00:00+09:00,424.5365404222832,424.5365404222832,415.06412268466636,420.23089599609375,4100,0.0,0.0
2016-09-26 00:00:00+09:00,421.953141160021,422.81427001953125,415.9252391434493,422.81427001953125,4300,0.0,0.0
2016-09-27 00:00:00+09:00,422.81428265180745,422.81428265180745,418.5086382256179,420.23089599609375,2500,0.0,0.0
2016-09-28 00:00:00+09:00,420.23089599609375,421.0920248813316,413.3418649141906,420.23089599609375,5700,0.0,0.0
2016-09-29 00:00:00+09:00,421.95311640349917,427.98101806640625,421.95311640349917,427.98101806640625,4600,0.0,0.0
2016-09-30 00:00:00+09:00,423.675461589202,427.9811065240516,423.675461589202,424.5365905761719,10700,0.0,0.0
2016-10-03 00:00:00+09:00,427.98103607177734,430.5644226074219,425.3976495361328,430.5644226074219,2900,0.0,0.0
2016-10-04 00:00:00+09:00,430.56444050540506,434.87008491045907,430.56444050540506,433.1478271484375,7700,0.0,0.0
2016-10-05 00:00:00+09:00,440.0368328581624,444.34247701528733,438.3145751953125,438.3145751953125,10300,0.0,0.0
2016-10-06 00:00:00+09:00,440.0368185005936,440.89794730392157,430.5644016639859,439.1756896972656,7800,0.0,0.0
2016-10-07 00:00:00+09:00,435.7312299940321,435.7312299940321,432.2867143419054,434.00897216796875,2400,0.0,0.0
2016-10-11 00:00:00+09:00,434.00897216796875,436.5923589070638,432.2867143419054,434.00897216796875,2500,0.0,0.0
2016-10-12 00:00:00+09:00,434.00897216796875,438.3146167331272,432.2867143419054,434.00897216796875,2400,0.0,0.0
2016-10-13 00:00:00+09:00,434.8701171875,439.1757619121287,430.56447246287127,434.8701171875,4500,0.0,0.0
2016-10-14 00:00:00+09:00,438.3145733293462,438.3145733293462,433.14780036279205,436.5923156738281,1500,0.0,0.0
2016-10-17 00:00:00+09:00,436.5923175324625,440.0368328581624,435.7311887010376,438.3145751953125,2300,0.0,0.0
2016-10-18 00:00:00+09:00,439.1756896972656,440.0368185005936,435.73117448395374,439.1756896972656,2800,0.0,0.0
2016-10-19 00:00:00+09:00,438.3146201306441,440.0368779700572,430.564459853285,437.4534912109375,8000,0.0,0.0
2016-10-20 00:00:00+09:00,437.45346426963806,441.75910860300064,432.28669106960297,440.8979797363281,6000,0.0,0.0
2016-10-21 00:00:00+09:00,441.75910860300064,441.75910860300064,436.59233540296555,440.8979797363281,12400,0.0,0.0
2016-10-24 00:00:00+09:00,440.03686695954025,441.7591247558594,438.3146091632211,441.7591247558594,1200,0.0,0.0
2016-10-25 00:00:00+09:00,439.1757220029831,445.2036240696907,439.1757220029831,440.8979797363281,9600,0.0,0.0
2016-10-26 00:00:00+09:00,440.0368223078984,442.6202087402344,438.31456468634104,442.6202087402344,2700,0.0,0.0
2016-10-27 00:00:00+09:00,442.6202087402344,442.6202087402344,437.4534358755624,442.6202087402344,4200,0.0,0.0
2016-10-28 00:00:00+09:00,441.759085552509,447.7869873046875,440.89795673076924,447.7869873046875,13900,0.0,0.0
2016-10-31 00:00:00+09:00,448.6481756261877,448.6481756261877,441.75914413864547,446.0647888183594,3500,0.0,0.0
2016-11-01 00:00:00+09:00,443.48135558963975,445.20361328125,442.6202267438346,445.20361328125,2300,0.0,0.0
2016-11-02 00:00:00+09:00,441.7590799294557,444.3424663617917,438.31456468634104,442.6202087402344,5400,0.0,0.0
2016-11-04 00:00:00+09:00,447.78701066970825,447.78701066970825,440.0368508696556,440.8979797363281,8900,0.0,0.0
2016-11-07 00:00:00+09:00,443.48133755101304,444.3424663617917,439.1756934971197,442.6202087402344,7100,0.0,0.0
2016-11-08 00:00:00+09:00,444.3424952030182,444.3424952030182,435.73120653629303,440.8979797363281,6100,0.0,0.0
2016-11-09 00:00:00+09:00,440.89800518774706,440.89800518774706,428.8422003583946,435.7312316894531,9100,0.0,0.0
2016-11-10 00:00:00+09:00,438.3145751953125,440.0368328581624,429.70328688106275,438.3145751953125,10800,0.0,0.0
2016-11-11 00:00:00+09:00,434.00897216796875,435.7312299940321,430.56445651584204,434.00897216796875,6300,0.0,0.0
2016-11-14 00:00:00+09:00,434.00895602944826,434.87008491045907,430.56444050540506,433.1478271484375,4900,0.0,0.0
2016-11-15 00:00:00+09:00,433.14782538195095,433.14782538195095,428.8421809944564,431.4255676269531,4400,0.0,0.0
2016-11-16 00:00:00+09:00,432.2866982674267,434.00895602944826,430.56444050540506,433.1478271484375,4700,0.0,0.0
2016-11-17 00:00:00+09:00,430.56447246287127,434.8701171875,429.70334351794554,434.8701171875,4200,0.0,0.0
2016-11-18 00:00:00+09:00,438.3145751953125,438.3145751953125,432.28667337533767,438.3145751953125,6200,0.0,0.0
2016-11-21 00:00:00+09:00,439.1756896972656,440.89794730392157,438.31456089393765,439.1756896972656,4300,0.0,0.0
2016-11-22 00:00:00+09:00,439.1757220029831,440.8979797363281,438.3145931363106,440.8979797363281,2400,0.0,0.0
2016-11-24 00:00:00+09:00,440.89794730392157,440.89794730392157,439.1756896972656,439.1756896972656,3100,0.0,0.0
2016-11-25 00:00:00+09:00,439.1757456461589,440.89800347222223,434.00897216796875,434.00897216796875,7000,0.0,0.0
2016-11-28 00:00:00+09:00,434.0089755321112,437.4534912109375,434.0089755321112,437.4534912109375,3300,0.0,0.0
2016-11-29 00:00:00+09:00,434.8701171875,437.45350402227723,434.0089882425742,434.8701171875,6500,0.0,0.0
2016-11-30 00:00:00+09:00,434.0089755321112,437.4534912109375,431.42558877299155,437.4534912109375,7800,0.0,0.0
2016-12-01 00:00:00+09:00,437.45344450158717,438.3145733293462,436.5923156738281,436.5923156738281,6300,0.0,0.0
2016-12-02 00:00:00+09:00,434.00897216796875,436.5923589070638,429.70332760281036,434.00897216796875,22400,0.0,0.0
2016-12-05 00:00:00+09:00,438.31458407094283,438.31458407094283,430.5644244311815,432.28668212890625,12600,0.0,0.0
2016-12-06 00:00:00+09:00,433.14782538195095,433.14782538195095,429.7033098719553,431.4255676269531,5300,0.0,0.0
2016-12-07 00:00:00+09:00,432.28669650445204,432.28669650445204,428.8421809944564,431.4255676269531,6100,0.0,0.0
2016-12-08 00:00:00+09:00,432.2866765914425,432.2866765914425,427.1199035644531,427.1199035644531,20500,0.0,0.0
2016-12-09 00:00:00+09:00,427.1199485085227,427.9810774369673,426.2588195800781,426.2588195800781,26100,0.0,0.0
2016-12-12 00:00:00+09:00,416.78638791142026,416.78638791142026,403.8694544017688,412.4807434082031,69900,0.0,0.0
2016-12-13 00:00:00+09:00,413.3418189328799,421.9531068273149,413.3418189328799,419.3697204589844,17100,0.0,0.0
2016-12-14 00:00:00+09:00,419.3698072532606,419.3698072532606,414.2030334472656,414.2030334472656,15000,0.0,0.0
2016-12-15 00:00:00+09:00,414.2030334472656,416.78642035026314,413.3419044795998,414.2030334472656,15600,0.0,0.0
2016-12-16 00:00:00+09:00,417.6475168120637,417.6475168120637,412.4807434082031,412.4807434082031,14800,0.0,0.0
2016-12-19 00:00:00+09:00,412.4807561666024,412.4807561666024,409.0362404574867,409.8973693847656,14200,0.0,0.0
2016-12-20 00:00:00+09:00,409.0362516431545,409.8973805939822,395.2581884299114,405.59173583984375,38400,0.0,0.0
2016-12-21 00:00:00+09:00,406.45279123813293,408.175048828125,397.8415032881725,408.175048828125,18100,0.0,0.0
2016-12-22 00:00:00+09:00,404.7305908203125,407.3139775702294,403.0083329870346,404.7305908203125,9600,0.0,0.0
2016-12-26 00:00:00+09:00,405.59169096865895,409.0362063908981,404.73056211309915,406.45281982421875,21900,0.0,0.0
2016-12-27 00:00:00+09:00,409.89731026493854,411.61956787109375,404.7305374464729,411.61956787109375,39300,0.0,0.0
2016-12-28 00:00:00+09:00,396.98042723037656,404.7305874149175,396.98042723037656,401.28607177734375,24800,0.0,0.0
2016-12-29 00:00:00+09:00,400.4249249781697,401.2860538490905,396.98040949448654,398.7026672363281,8800,0.0,0.0
2016-12-30 00:00:00+09:00,397.8415240583749,407.31394129785997,396.9803952184217,399.56378173828125,8500,0.0,0.0
2017-01-04 00:00:00+09:00,405.59161162223893,405.59161162223893,402.14709687385476,403.8693542480469,5800,0.0,0.0
2017-01-05 00:00:00+09:00,409.0362532698327,409.89738222408494,407.3139953613281,407.3139953613281,11100,0.0,0.0
2017-01-06 00:00:00+09:00,409.03619570302266,411.61958220219964,407.31393803690463,410.7584533691406,5500,0.0,0.0
2017-01-10 00:00:00+09:00,409.8973064181171,411.6195640081092,406.45279123813293,408.175048828125,7000,0.0,0.0
2017-01-11 00:00:00+09:00,407.31392003312897,409.03617762312103,406.45279123813293,408.175048828125,2000,0.0,0.0
2017-01-12 00:00:00+09:00,408.1750650185033,409.03619384765625,396.9803902395148,409.03619384765625,12400,0.0,0.0
2017-01-13 00:00:00+09:00,403.0083329870346,404.7305908203125,399.56381732047873,404.7305908203125,6200,0.0,0.0
2017-01-16 00:00:00+09:00,406.45281982421875,408.1750775353383,403.86943325753936,406.45281982421875,1300,0.0,0.0
2017-01-17 00:00:00+09:00,407.31395955055126,407.31395955055126,402.1471862792969,402.1471862792969,3300,0.0,0.0
2017-01-18 00:00:00+09:00,401.2860394181876,401.2860394181876,399.56378173828125,399.56378173828125,3600,0.0,0.0
2017-01-19 00:00:00+09:00,403.00829709809403,403.00829709809403,397.8415240583749,399.56378173828125,4500,0.0,0.0
2017-01-20 00:00:00+09:00,400.42483949966265,404.7304829351429,398.70258212547054,403.8693542480469,5000,0.0,0.0
2017-01-23 00:00:00+09:00,403.86947793818837,405.59173583984375,402.14722003653293,405.59173583984375,1900,0.0,0.0
2017-01-24 00:00:00+09:00,403.00834898736065,406.4528647906714,403.00834898736065,405.59173583984375,1300,0.0,0.0
2017-01-25 00:00:00+09:00,403.8694403330485,413.34185791015625,403.8694403330485,413.34185791015625,9000,0.0,0.0
2017-01-26 00:00:00+09:00,413.34182547724896,413.34182547724896,409.03618146186096,411.61956787109375,5200,0.0,0.0
2017-01-27 00:00:00+09:00,409.8973693847656,411.6196272393235,409.8973693847656,409.8973693847656,1300,0.0,0.0
2017-01-30 00:00:00+09:00,409.89731026493854,411.61956787109375,409.89731026493854,411.61956787109375,1000,0.0,0.0
2017-01-31 00:00:00+09:00,411.6196272393235,411.6196272393235,409.0362404574867,409.8973693847656,2600,0.0,0.0
2017-02-01 00:00:00+09:00,408.17506686996364,410.7584533691406,407.31393803690463,410.7584533691406,1600,0.0,0.0
2017-02-02 00:00:00+09:00,410.7584390680161,411.61956787109375,409.89731026493854,411.61956787109375,4100,0.0,0.0
2017-02-03 00:00:00+09:00,411.6196145075597,412.4807434082031,409.0362278056294,412.4807434082031,14800,0.0,0.0
2017-02-06 00:00:00+09:00,413.34189170648244,430.5644705275859,404.73060229593074,416.7864074707031,38000,0.0,0.0
2017-02-07 00:00:00+09:00,421.9531648055367,421.9531648055367,405.5917155579751,415.9252624511719,22700,0.0,0.0
2017-02-08 00:00:00+09:00,418.5086782855948,418.5086782855948,413.3419044795998,414.2030334472656,5800,0.0,0.0
2017-02-09 00:00:00+09:00,416.786400802997,416.786400802997,409.8973693847656,409.8973693847656,4300,0.0,0.0
2017-02-10 00:00:00+09:00,411.61960016886394,413.34185791015625,409.0362135569255,413.34185791015625,2700,0.0,0.0
2017-02-13 00:00:00+09:00,412.4806966741713,412.4806966741713,411.61956787109375,411.61956787109375,4300,0.0,0.0
2017-02-14 00:00:00+09:00,413.3418900739108,415.06414794921875,413.3418900739108,415.06414794921875,1700,0.0,0.0
2017-02-15 00:00:00+09:00,413.3418900739108,415.06414794921875,413.3418900739108,415.06414794921875,3400,0.0,0.0
2017-02-16 00:00:00+09:00,415.06411565144856,415.06411565144856,413.34185791015625,413.34185791015625,2100,0.0,0.0
2017-02-17 00:00:00+09:00,413.3418723088465,415.0641301101334,412.4807434082031,412.4807434082031,2800,0.0,0.0
2017-02-20 00:00:00+09:00,412.4807110352586,412.4807110352586,407.31393803690463,410.7584533691406,6900,0.0,0.0
2017-02-21 00:00:00+09:00,410.75845150596217,411.61958033511513,409.03619384765625,409.03619384765625,600,0.0,0.0
2017-02-22 00:00:00+09:00,411.61958220219964,411.61958220219964,405.59168037078666,410.7584533691406,5300,0.0,0.0
2017-02-23 00:00:00+09:00,410.7584533691406,410.7584533691406,409.03619570302266,410.7584533691406,2000,0.0,0.0
2017-02-24 00:00:00+09:00,409.03619384765625,409.8973226768092,407.31393618935033,409.03619384765625,4800,0.0,0.0
2017-02-27 00:00:00+09:00,407.31393618935033,409.03619384765625,406.45280736019737,409.03619384765625,2800,0.0,0.0
2017-02-28 00:00:00+09:00,404.73056920369464,414.2029867808024,399.5637959798177,413.34185791015625,39400,0.0,0.0
2017-03-01 00:00:00+09:00,413.34182159810126,413.34182159810126,400.42488967316064,408.175048828125,11900,0.0,0.0
2017-03-02 00:00:00+09:00,408.175048828125,408.175048828125,400.42488967316064,408.175048828125,5600,0.0,0.0
2017-03-03 00:00:00+09:00,411.61958033511513,411.61958033511513,406.45280736019737,409.03619384765625,11500,0.0,0.0
2017-03-06 00:00:00+09:00,409.03617762312103,409.03617762312103,405.5916624431369,408.175048828125,3100,0.0,0.0
2017-03-07 00:00:00+09:00,408.1750650185033,409.03619384765625,408.1750650185033,409.03619384765625,700,0.0,0.0
2017-03-08 00:00:00+09:00,409.03620271601227,409.03620271601227,403.00830078125,403.00830078125,3500,0.0,0.0
2017-03-09 00:00:00+09:00,403.8694585055241,403.8694585055241,400.42494286795034,401.28607177734375,11500,0.0,0.0
2017-03-10 00:00:00+09:00,400.4249462371177,404.7305908203125,399.56381732047873,404.7305908203125,6400,0.0,0.0
2017-03-13 00:00:00+09:00,403.0083261465098,404.73058395055466,397.841552734375,397.841552734375,9600,0.0,0.0
2017-03-14 00:00:00+09:00,396.9803507486979,403.8693806966146,396.9803507486979,400.42486572265625,9700,0.0,0.0
2017-03-15 00:00:00+09:00,399.5638199690934,400.4249488914406,388.36914397858004,391.81365966796875,54500,0.0,0.0
2017-03-16 00:00:00+09:00,391.8136435353283,391.8136435353283,388.36912798776495,390.9525146484375,12400,0.0,0.0
2017-03-17 00:00:00+09:00,392.6747724222191,392.6747724222191,390.09138576154663,390.9525146484375,4500,0.0,0.0
2017-03-21 00:00:00+09:00,388.3691101074219,390.09136780191153,388.3691101074219,388.3691101074219,18200,0.0,0.0
2017-03-22 00:00:00+09:00,388.3691191114821,388.3691191114821,382.3412170410156,382.3412170410156,20300,0.0,0.0
2017-03-23 00:00:00+09:00,382.34117225904146,384.06342979173985,382.34117225904146,383.2023010253906,2300,0.0,0.0
2017-03-24 00:00:00+09:00,383.2023941483807,385.7857810752237,383.2023941483807,384.9246520996094,2700,0.0,0.0
2017-03-27 00:00:00+09:00,385.78573250985363,385.78573250985363,382.3412170410156,382.3412170410156,4200,0.0,0.0
2017-03-28 00:00:00+09:00,383.20234229347926,384.0634711525657,378.8966979980469,378.8966979980469,9100,0.0,0.0
2017-03-29 00:00:00+09:00,375.4522399902344,376.3133689810377,373.7299820086278,375.4522399902344,10900,0.0,0.0
2017-03-30 00:00:00+09:00,374.59111099943107,378.89675595344755,374.59111099943107,375.4522399902344,7700,0.0,0.0
2017-03-31 00:00:00+09:00,376.3133239746094,377.1744528624231,375.4521950867956,376.3133239746094,3400,0.0,0.0
2017-04-03 00:00:00+09:00,376.3133528786144,376.3133528786144,373.7299660167475,374.5910949707031,4600,0.0,0.0
2017-04-04 00:00:00+09:00,376.3133239746094,376.3133239746094,373.7299373111681,376.3133239746094,4400,0.0,0.0
2017-04-05 00:00:00+09:00,376.3133149705492,382.3412170410156,375.45218610333967,382.3412170410156,10800,0.0,0.0
2017-04-06 00:00:00+09:00,382.34120085223265,383.2023296829809,373.72991254474994,381.4800720214844,4200,0.0,0.0
2017-04-07 00:00:00+09:00,382.3412134343928,382.3412134343928,374.59105370261454,378.8966979980469,3400,0.0,0.0
2017-04-10 00:00:00+09:00,380.61903308686755,384.0635492234003,379.7579040527344,379.7579040527344,2600,0.0,0.0
2017-04-11 00:00:00+09:00,380.61895571621983,383.20234229347926,378.8966979980469,378.8966979980469,2600,0.0,0.0
2017-04-12 00:00:00+09:00,378.89666157384073,378.89666157384073,373.7298889160156,373.7298889160156,4400,0.0,0.0
2017-04-13 00:00:00+09:00,373.72987263527534,374.5910013740663,372.0076151576934,372.8687438964844,5600,0.0,0.0
2017-04-14 00:00:00+09:00,372.86877250228844,377.1744165265643,371.1465148925781,371.1465148925781,4700,0.0,0.0
2017-04-17 00:00:00+09:00,373.7299660167475,374.5910949707031,372.86883706279184,374.5910949707031,1100,0.0,0.0
2017-04-18 00:00:00+09:00,378.8967106380506,378.8967106380506,374.5910661989819,376.3133239746094,2000,0.0,0.0
2017-04-19 00:00:00+09:00,374.59108222020814,378.89672684342895,373.72995329556403,377.1744689941406,5800,0.0,0.0
2017-04-20 00:00:00+09:00,375.452146468624,378.0355327975366,372.86876013971147,373.7298889160156,8500,0.0,0.0
2017-04-21 00:00:00+09:00,377.1744241562411,379.75781062306464,376.31329533396655,378.0355529785156,11900,0.0,0.0
2017-04-24 00:00:00+09:00,381.4800845753063,381.4800845753063,378.8966979980469,378.8966979980469,2000,0.0,0.0
2017-04-25 00:00:00+09:00,381.4800720214844,382.34120085223265,374.5910413754982,381.4800720214844,3400,0.0,0.0
2017-04-26 00:00:00+09:00,382.34117225904146,385.7856873244382,381.48004349269223,383.2023010253906,6900,0.0,0.0
2017-04-27 00:00:00+09:00,384.9245947184425,388.3691101074219,384.9245947184425,388.3691101074219,4500,0.0,0.0
2017-04-28 00:00:00+09:00,388.3690736234858,390.95245992253336,378.89665719364467,383.2023010253906,13400,0.0,0.0
2017-05-01 00:00:00+09:00,384.06348008897567,387.50799560546875,383.2023512098524,387.50799560546875,6900,0.0,0.0
2017-05-02 00:00:00+09:00,384.92460896809894,388.369124484592,384.92460896809894,387.50799560546875,12400,0.0,0.0
2017-05-08 00:00:00+09:00,388.369124484592,389.2302533637153,386.6468667263455,387.50799560546875,8200,0.0,0.0
2017-05-09 00:00:00+09:00,388.3691680020667,388.3691680020667,379.75787824592334,384.9246520996094,12900,0.0,0.0
2017-05-10 00:00:00+09:00,386.6468667263455,388.369124484592,382.3412223307291,387.50799560546875,11300,0.0,0.0
2017-05-11 00:00:00+09:00,387.5079830750724,390.09136962890625,385.78572537251654,390.09136962890625,14300,0.0,0.0
2017-05-12 00:00:00+09:00,389.23028564453125,390.95254354561325,386.64689879290825,389.23028564453125,8600,0.0,0.0
2017-05-15 00:00:00+09:00,389.2302533637153,389.2302533637153,386.6468667263455,387.50799560546875,10400,0.0,0.0
2017-05-16 00:00:00+09:00,390.95249848018415,396.1192715878518,390.09136962890625,390.09136962890625,51200,0.0,0.0
2017-05-17 00:00:00+09:00,390.9525020941603,394.39701753111325,390.9525020941603,393.535888671875,15600,0.0,0.0
2017-05-18 00:00:00+09:00,390.09136780191153,390.9524966491564,387.507981260177,388.3691101074219,13100,0.0,0.0
2017-05-19 00:00:00+09:00,388.36915343148365,395.2581849779401,385.7857666015625,385.7857666015625,33700,0.0,0.0
2017-05-22 00:00:00+09:00,391.81365457037776,391.81365457037776,385.78575219237194,386.6468811035156,28500,0.0,0.0
2017-05-23 00:00:00+09:00,387.5080100146593,389.2302678369467,384.0634943700846,386.6468811035156,27500,0.0,0.0
2017-05-24 00:00:00+09:00,387.5080390264524,387.5080390264524,383.2023941483807,384.9246520996094,33000,0.0,0.0
2017-05-25 00:00:00+09:00,383.2023010253906,385.7856873244382,382.34117225904146,383.2023010253906,26000,0.0,0.0
2017-05-26 00:00:00+09:00,384.0634765625,384.92460543371635,383.20234769128365,384.0634765625,22000,0.0,0.0
2017-05-29 00:00:00+09:00,384.0634585137292,387.5079738367223,381.4800720214844,381.4800720214844,28000,0.0,0.0
2017-05-30 00:00:00+09:00,383.2023441090303,383.2023441090303,378.89669979319854,380.61895751953125,51600,0.0,0.0
2017-05-31 00:00:00+09:00,381.4800881738061,383.20234590822514,380.61895930659665,382.3412170410156,6400,0.0,0.0
2017-06-01 00:00:00+09:00,384.0635087149484,385.7857666015625,383.2023797716413,385.7857666015625,17000,0.0,0.0
2017-06-02 00:00:00+09:00,384.0634765625,386.6468631761491,381.4800899488509,384.0634765625,18600,0.0,0.0
2017-06-05 00:00:00+09:00,384.92462328122826,396.1192991260962,384.0634943700846,386.6468811035156,32500,0.0,0.0
2017-06-06 00:00:00+09:00,387.5080244881766,387.5080244881766,384.92463765825545,385.7857666015625,9700,0.0,0.0
2017-06-07 00:00:00+09:00,383.2023654589409,387.5080100146593,383.2023654589409,386.6468811035156,12400,0.0,0.0
2017-06-08 00:00:00+09:00,384.92463765825545,387.5080244881766,384.0635087149484,385.7857666015625,9100,0.0,0.0
2017-06-09 00:00:00+09:00,384.92460543371635,386.6468631761491,382.34121882006724,384.0634765625,23200,0.0,0.0
2017-06-12 00:00:00+09:00,384.0634765625,385.78573430493276,382.34121882006724,384.0634765625,14800,0.0,0.0
2017-06-13 00:00:00+09:00,383.2023010253906,384.924558558089,383.2023010253906,383.2023010253906,6400,0.0,0.0
2017-06-14 00:00:00+09:00,384.0634747754346,384.9246036426441,381.4800881738061,382.3412170410156,14800,0.0,0.0
2017-06-15 00:00:00+09:00,383.20234590822514,384.9246036426441,382.3412170410156,382.3412170410156,4800,0.0,0.0
2017-06-16 00:00:00+09:00,382.34121882006724,384.92460543371635,382.34121882006724,384.0634765625,6400,0.0,0.0
2017-06-19 00:00:00+09:00,385.7857666015625,388.36915343148365,384.0635087149484,385.7857666015625,13500,0.0,0.0
2017-06-20 00:00:00+09:00,387.5080390264524,387.5080390264524,383.2023941483807,384.9246520996094,13600,0.0,0.0
2017-06-21 00:00:00+09:00,385.7857666015625,387.5080244881766,384.92463765825545,385.7857666015625,15400,0.0,0.0
2017-06-22 00:00:00+09:00,387.50799560546875,387.50799560546875,385.7857378472222,387.50799560546875,6700,0.0,0.0
2017-06-23 00:00:00+09:00,384.92463765825545,386.64689554486955,384.92463765825545,385.7857666015625,7500,0.0,0.0
2017-06-26 00:00:00+09:00,387.50799560546875,388.369124484592,384.92460896809894,387.50799560546875,20400,0.0,0.0
2017-06-27 00:00:00+09:00,390.09141459507225,390.09141459507225,387.50802774344925,389.23028564453125,37400,0.0,0.0
2017-06-28 00:00:00+09:00,383.2023010253906,384.924558558089,382.34117225904146,383.2023010253906,28700,0.0,0.0
2017-06-29 00:00:00+09:00,383.2023797716413,387.5080244881766,383.2023797716413,385.7857666015625,16400,0.0,0.0
2017-06-30 00:00:00+09:00,384.924558558089,385.7856873244382,383.2023010253906,383.2023010253906,12100,0.0,0.0
2017-07-03 00:00:00+09:00,383.2023010253906,384.06342979173985,383.2023010253906,383.2023010253906,16100,0.0,0.0
2017-07-04 00:00:00+09:00,384.92460543371635,385.78573430493276,383.20234769128365,384.0634765625,12100,0.0,0.0
2017-07-05 00:00:00+09:00,386.6469100508381,386.6469100508381,384.9246520996094,384.9246520996094,12000,0.0,0.0
2017-07-06 00:00:00+09:00,386.64689554486955,387.5080244881766,384.92463765825545,385.7857666015625,6100,0.0,0.0
2017-07-07 00:00:00+09:00,385.7857810752237,385.7857810752237,383.2023941483807,384.9246520996094,3900,0.0,0.0
2017-07-10 00:00:00+09:00,384.92463765825545,387.5080244881766,384.92463765825545,385.7857666015625,5400,0.0,0.0
2017-07-11 00:00:00+09:00,384.92460896809894,387.50799560546875,384.92460896809894,387.50799560546875,3800,0.0,0.0
2017-07-12 00:00:00+09:00,384.92462328122826,387.5080100146593,384.0634943700846,386.6468811035156,11200,0.0,0.0
2017-07-13 00:00:00+09:00,384.92460896809894,387.50799560546875,384.06348008897567,387.50799560546875,8400,0.0,0.0
2017-07-14 00:00:00+09:00,384.0634765625,385.78573430493276,384.0634765625,384.0634765625,10000,0.0,0.0
2017-07-17 00:00:00+09:00,384.0634765625,384.0634765625,384.0634765625,384.0634765625,0,0.0,0.0
2017-07-18 00:00:00+09:00,384.92460543371635,384.92460543371635,384.0634765625,384.0634765625,2600,0.0,0.0
2017-07-19 00:00:00+09:00,384.92462328122826,387.5080100146593,384.92462328122826,386.6468811035156,6300,0.0,0.0
2017-07-20 00:00:00+09:00,387.5080100146593,387.5080100146593,385.78575219237194,386.6468811035156,11500,0.0,0.0
2017-07-21 00:00:00+09:00,387.507981260177,390.09136780191153,387.507981260177,388.3691101074219,24800,0.0,0.0
2017-07-24 00:00:00+09:00,389.2302443756838,396.11927524958975,387.50798665720737,393.535888671875,61700,0.0,0.0
2017-07-25 00:00:00+09:00,395.2581753573575,395.2581753573575,391.81365966796875,391.81365966796875,24700,0.0,0.0
2017-07-26 00:00:00+09:00,392.67476861533055,406.4528306720089,392.67476861533055,402.1471862792969,96100,0.0,0.0
2017-07-27 00:00:00+09:00,404.7305374464729,413.34182547724896,404.7305374464729,411.61956787109375,120700,0.0,0.0
2017-07-28 00:00:00+09:00,407.31392385570575,421.0919847049474,407.31392385570575,411.61956787109375,38800,0.0,0.0
2017-07-31 00:00:00+09:00,417.6474655730815,420.23085195806965,408.175048828125,408.175048828125,34900,0.0,0.0
2017-08-01 00:00:00+09:00,396.1193042797047,396.98043320205187,389.2302729009272,391.81365966796875,47400,0.0,0.0
2017-08-02 00:00:00+09:00,390.95247369238496,395.25811767578125,390.0913448957057,395.25811767578125,7800,0.0,0.0
2017-08-03 00:00:00+09:00,393.5358357747396,400.42486572265625,393.5358357747396,400.42486572265625,8400,0.0,0.0
2017-08-04 00:00:00+09:00,409.8973608712782,409.8973608712782,400.42494286795034,401.28607177734375,38600,0.0,0.0
2017-08-07 00:00:00+09:00,403.8693806966146,404.7305094401042,397.8414794921875,400.42486572265625,4700,0.0,0.0
2017-08-08 00:00:00+09:00,390.95249848018415,393.535885034018,390.09136962890625,390.09136962890625,64500,0.0,0.0
2017-08-09 00:00:00+09:00,390.0914113180978,390.0914113180978,381.4801218850272,385.7857666015625,69200,0.0,0.0
2017-08-10 00:00:00+09:00,384.0634765625,386.6468631761491,380.61896107763454,384.0634765625,25100,0.0,0.0
2017-08-11 00:00:00+09:00,384.0634765625,384.0634765625,384.0634765625,384.0634765625,0,0.0,0.0
2017-08-14 00:00:00+09:00,382.34121524586396,382.34121524586396,378.0355709300322,380.61895751953125,29900,0.0,0.0
2017-08-15 00:00:00+09:00,381.4800881738061,384.9246036426441,378.8967015721777,382.3412170410156,6500,0.0,0.0
2017-08-16 00:00:00+09:00,383.2023296829809,384.0634585137292,381.4800720214844,381.4800720214844,3800,0.0,0.0
2017-08-17 00:00:00+09:00,384.92463765825545,386.64689554486955,383.2023797716413,385.7857666015625,10500,0.0,0.0
2017-08-18 00:00:00+09:00,383.2023941483807,384.9246520996094,382.3412651727664,384.9246520996094,2800,0.0,0.0
2017-08-21 00:00:00+09:00,384.924558558089,384.924558558089,381.48004349269223,383.2023010253906,4100,0.0,0.0
2017-08-22 00:00:00+09:00,383.2023296829809,383.2023296829809,381.4800720214844,381.4800720214844,5700,0.0,0.0
2017-08-23 00:00:00+09:00,384.9246520996094,384.9246520996094,382.3412651727664,384.9246520996094,12700,0.0,0.0
2017-08-24 00:00:00+09:00,384.9246520996094,385.7857810752237,384.063523123995,384.9246520996094,2600,0.0,0.0
2017-08-25 00:00:00+09:00,385.7857810752237,385.7857810752237,383.2023941483807,384.9246520996094,2700,0.0,0.0
2017-08-28 00:00:00+09:00,384.92460543371635,385.78573430493276,383.20234769128365,384.0634765625,7700,0.0,0.0
2017-08-29 00:00:00+09:00,383.2023654589409,386.6468811035156,383.2023654589409,386.6468811035156,7800,0.0,0.0
2017-08-30 00:00:00+09:00,387.5080100146593,387.5080100146593,384.92462328122826,386.6468811035156,3600,0.0,0.0
2017-08-31 00:00:00+09:00,387.5080244881766,387.5080244881766,384.92463765825545,385.7857666015625,8300,0.0,0.0
2017-09-01 00:00:00+09:00,386.6468667263455,387.50799560546875,384.92460896809894,387.50799560546875,4800,0.0,0.0
2017-09-04 00:00:00+09:00,387.5080390264524,387.5080390264524,384.9246520996094,384.9246520996094,6200,0.0,0.0
2017-09-05 00:00:00+09:00,387.5080390264524,387.5080390264524,384.063523123995,384.9246520996094,24800,0.0,0.0
2017-09-06 00:00:00+09:00,384.063523123995,385.7857810752237,383.2023941483807,384.9246520996094,5700,0.0,0.0
2017-09-07 00:00:00+09:00,384.9246520996094,387.5080390264524,384.063523123995,384.9246520996094,5500,0.0,0.0
2017-09-08 00:00:00+09:00,384.0635087149484,386.64689554486955,384.0635087149484,385.7857666015625,3500,0.0,0.0
2017-09-11 00:00:00+09:00,385.78576984236724,389.23028564453125,385.78576984236724,389.23028564453125,4700,0.0,0.0
2017-09-12 00:00:00+09:00,389.23028564453125,389.23028564453125,387.50802774344925,389.23028564453125,10400,0.0,0.0
2017-09-13 00:00:00+09:00,390.09136780191153,390.09136780191153,387.507981260177,388.3691101074219,5900,0.0,0.0
2017-09-14 00:00:00+09:00,388.369124484592,389.2302533637153,385.7857378472222,387.50799560546875,5100,0.0,0.0
2017-09-15 00:00:00+09:00,387.50802774344925,390.09141459507225,387.50802774344925,389.23028564453125,6600,0.0,0.0
2017-09-18 00:00:00+09:00,389.23028564453125,389.23028564453125,389.23028564453125,389.23028564453125,0,0.0,0.0
2017-09-19 00:00:00+09:00,389.2302568746558,390.9525146484375,387.50799910087414,390.9525146484375,15500,0.0,0.0
2017-09-20 00:00:00+09:00,391.81365966796875,391.81365966796875,389.2302729009272,391.81365966796875,4600,0.0,0.0
2017-09-21 00:00:00+09:00,391.81362549640124,391.81362549640124,387.507981260177,388.3691101074219,11200,0.0,0.0
2017-09-22 00:00:00+09:00,390.95254354561325,390.95254354561325,387.50802774344925,389.23028564453125,4000,0.0,0.0
2017-09-25 00:00:00+09:00,390.95254354561325,390.95254354561325,388.36915669399025,389.23028564453125,4500,0.0,0.0
2017-09-26 00:00:00+09:00,390.9525146484375,390.9525146484375,389.2302568746558,390.9525146484375,6800,0.0,0.0
2017-09-27 00:00:00+09:00,390.95254354561325,390.95254354561325,389.23028564453125,389.23028564453125,3300,0.0,0.0
2017-09-28 00:00:00+09:00,389.2302407776283,390.95249848018415,389.2302407776283,390.09136962890625,5900,0.0,0.0
2017-09-29 00:00:00+09:00,390.9525020941603,393.535888671875,389.2302443756838,393.535888671875,21800,0.0,0.0
2017-10-02 00:00:00+09:00,398.7026672363281,400.4249249781697,396.98040949448654,398.7026672363281,45900,0.0,0.0
2017-10-03 00:00:00+09:00,399.56373697916666,404.7305094401042,396.1192220052083,400.42486572265625,35000,0.0,0.0
2017-10-04 00:00:00+09:00,402.14719660048195,420.23090351399395,399.56380989855165,412.4807434082031,52400,0.0,0.0
2017-10-05 00:00:00+09:00,415.92523723537636,417.64749494649595,406.45281982421875,406.45281982421875,15400,0.0,0.0
2017-10-06 00:00:00+09:00,406.45281982421875,411.6195929575775,401.28604669086,406.45281982421875,21800,0.0,0.0
2017-10-09 00:00:00+09:00,406.45281982421875,406.45281982421875,406.45281982421875,406.45281982421875,0,0.0,0.0
2017-10-10 00:00:00+09:00,407.3139775702294,407.3139775702294,403.0083329870346,404.7305908203125,5500,0.0,0.0
2017-10-11 00:00:00+09:00,407.31393618935033,411.61958033511513,405.5916785310444,409.03619384765625,9000,0.0,0.0
2017-10-12 00:00:00+09:00,407.31393618935033,409.8973226768092,405.5916785310444,409.03619384765625,5300,0.0,0.0
2017-10-13 00:00:00+09:00,406.45281982421875,406.45281982421875,406.45281982421875,406.45281982421875,5700,0.0,0.0
2017-10-16 00:00:00+09:00,406.452740309335,408.1749976835271,403.0082255609508,403.8693542480469,17400,0.0,0.0
2017-10-17 00:00:00+09:00,404.7305908203125,404.7305908203125,403.0083329870346,404.7305908203125,3800,0.0,0.0
2017-10-18 00:00:00+09:00,404.7305908203125,404.7305908203125,402.1472040703956,404.7305908203125,4800,0.0,0.0
2017-10-19 00:00:00+09:00,404.7305908203125,405.59171973695146,403.0083329870346,404.7305908203125,5100,0.0,0.0
2017-10-20 00:00:00+09:00,404.73060688901603,406.4528647906714,404.73060688901603,405.59173583984375,10900,0.0,0.0
2017-10-23 00:00:00+09:00,405.59169096865895,407.31394867977855,401.28604669086,406.45281982421875,11300,0.0,0.0
2017-10-24 00:00:00+09:00,404.7305908203125,406.4528486535904,403.86946190367354,404.7305908203125,5700,0.0,0.0
2017-10-25 00:00:00+09:00,406.45280736019737,410.75845150596217,404.73054970189145,409.03619384765625,11300,0.0,0.0
2017-10-26 00:00:00+09:00,411.6195640081092,411.6195640081092,407.31392003312897,408.175048828125,7200,0.0,0.0
2017-10-27 00:00:00+09:00,409.0362135569255,416.78637339274087,406.45282694498695,413.34185791015625,24300,0.0,0.0
2017-10-30 00:00:00+09:00,412.4807611362568,419.3697926374887,411.6196321986028,415.06414794921875,27400,0.0,0.0
2017-10-31 00:00:00+09:00,413.34183304398147,421.95312123239773,410.7584465874566,418.50860595703125,27600,0.0,0.0
2017-11-01 00:00:00+09:00,420.23092813297194,421.95318603515625,416.7864123286033,421.95318603515625,16000,0.0,0.0
2017-11-02 00:00:00+09:00,425.39770183952487,426.258830790617,416.7864123286033,421.95318603515625,28900,0.0,0.0
2017-11-03 00:00:00+09:00,421.95318603515625,421.95318603515625,421.95318603515625,421.95318603515625,0,0.0,0.0
2017-11-06 00:00:00+09:00,425.39764272393785,438.3145751953125,423.6753850610879,438.3145751953125,70000,0.0,0.0
2017-11-07 00:00:00+09:00,434.87005351502216,434.87005351502216,413.34183304398147,418.50860595703125,48200,0.0,0.0
2017-11-08 00:00:00+09:00,417.6475364117583,419.36979429386867,413.34189170648244,416.7864074707031,13200,0.0,0.0
2017-11-09 00:00:00+09:00,417.64746949263696,423.67537111418017,406.4527950526281,411.61956787109375,22100,0.0,0.0
2017-11-10 00:00:00+09:00,409.03619570302266,413.3418398683176,406.4528092038456,410.7584533691406,8100,0.0,0.0
2017-11-13 00:00:00+09:00,411.6196272393235,412.4807561666024,409.8973693847656,409.8973693847656,4200,0.0,0.0
2017-11-14 00:00:00+09:00,409.89731026493854,415.92521188648175,408.17505265878333,411.61956787109375,9500,0.0,0.0
2017-11-15 00:00:00+09:00,409.8973693847656,410.7584983120446,405.59172474837106,409.8973693847656,9000,0.0,0.0
2017-11-16 00:00:00+09:00,408.1750775353383,410.7584641020177,405.59169096865895,406.45281982421875,5700,0.0,0.0
2017-11-17 00:00:00+09:00,409.0362532698327,409.0362532698327,404.73060849857126,407.3139953613281,9700,0.0,0.0
2017-11-20 00:00:00+09:00,408.17508468627926,413.34185791015625,408.17508468627926,413.34185791015625,4500,0.0,0.0
2017-11-21 00:00:00+09:00,414.2030190115648,418.50866369983464,414.2030190115648,415.06414794921875,13000,0.0,0.0
2017-11-22 00:00:00+09:00,415.06408308340417,417.64746949263696,409.03618146186096,411.61956787109375,13500,0.0,0.0
2017-11-23 00:00:00+09:00,411.61956787109375,411.61956787109375,411.61956787109375,411.61956787109375,0,0.0,0.0
2017-11-24 00:00:00+09:00,407.31392385570575,411.61956787109375,407.31392385570575,411.61956787109375,5900,0.0,0.0
2017-11-27 00:00:00+09:00,415.064095651727,415.92522448087993,405.5916785310444,409.03619384765625,17000,0.0,0.0
2017-11-28 00:00:00+09:00,411.61958220219964,414.2029687013766,409.8973245360816,410.7584533691406,1500,0.0,0.0
2017-11-29 00:00:00+09:00,411.61960016886394,413.34185791015625,405.5916980743408,413.34185791015625,18300,0.0,0.0
2017-11-30 00:00:00+09:00,409.03618146186096,413.34182547724896,409.03618146186096,411.61956787109375,8100,0.0,0.0
2017-12-01 00:00:00+09:00,413.3418398683176,414.2029687013766,409.03619570302266,410.7584533691406,16100,0.0,0.0
2017-12-04 00:00:00+09:00,411.6196179123399,415.9252624511719,411.6196179123399,415.9252624511719,7400,0.0,0.0
2017-12-05 00:00:00+09:00,421.092052175979,421.092052175979,412.4807627654273,416.7864074707031,14900,0.0,0.0
2017-12-06 00:00:00+09:00,415.9252913825973,415.9252913825973,412.480775511934,414.2030334472656,4300,0.0,0.0
2017-12-07 00:00:00+09:00,413.3418723088465,414.20300120948997,410.7584856069162,412.4807434082031,8700,0.0,0.0
2017-12-08 00:00:00+09:00,414.20300120948997,414.20300120948997,409.0362278056294,412.4807434082031,14400,0.0,0.0
2017-12-11 00:00:00+09:00,411.6196321986028,415.06414794921875,411.6196321986028,415.06414794921875,14200,0.0,0.0
2017-12-12 00:00:00+09:00,415.9252515699042,420.23089599609375,415.9252515699042,420.23089599609375,21800,0.0,0.0
2017-12-13 00:00:00+09:00,419.3697527863984,421.0920104980469,417.64749507474994,421.0920104980469,7500,0.0,0.0
2017-12-14 00:00:00+09:00,421.0920104980469,421.0920104980469,418.5086239305742,421.0920104980469,4300,0.0,0.0
2017-12-15 00:00:00+09:00,418.50858972293815,420.2308472938144,414.20294579574744,417.6474609375,13300,0.0,0.0
2017-12-18 00:00:00+09:00,421.9531048646907,421.9531048646907,416.78633215206185,417.6474609375,7800,0.0,0.0
2017-12-19 00:00:00+09:00,417.6475364117583,418.50866535281347,415.0641495885928,416.7864074707031,6900,0.0,0.0
2017-12-20 00:00:00+09:00,416.78642035026314,416.78642035026314,413.3419044795998,414.2030334472656,14400,0.0,0.0
2017-12-21 00:00:00+09:00,413.34189170648244,417.6475364117583,413.34189170648244,416.7864074707031,10800,0.0,0.0
2017-12-22 00:00:00+09:00,413.34185791015625,416.78637339274087,413.34185791015625,413.34185791015625,14000,0.0,0.0
2017-12-25 00:00:00+09:00,415.0641335434055,416.78639135893826,414.20300463563905,415.9252624511719,13600,0.0,0.0
2017-12-26 00:00:00+09:00,417.64748634830596,427.1199035644531,415.92522867264285,427.1199035644531,37700,0.0,0.0
2017-12-27 00:00:00+09:00,413.20153554280597,421.0306172688802,413.20153554280597,417.551025390625,34000,5.0,0.0
2017-12-28 00:00:00+09:00,417.551025390625,420.1607192993164,417.551025390625,417.551025390625,6300,0.0,0.0
2017-12-29 00:00:00+09:00,417.5510614280145,420.16075556193965,416.68116338337285,418.42095947265625,7300,0.0,0.0
2018-01-01 00:00:00+09:00,418.42095947265625,418.42095947265625,418.42095947265625,418.42095947265625,0,0.0,0.0
2018-01-02 00:00:00+09:00,418.42095947265625,418.42095947265625,418.42095947265625,418.42095947265625,0,0.0,0.0
2018-01-03 00:00:00+09:00,418.42095947265625,418.42095947265625,418.42095947265625,418.42095947265625,0,0.0,0.0
2018-01-04 00:00:00+09:00,417.55105307667526,421.9005432128906,417.55105307667526,421.9005432128906,8000,0.0,0.0
2018-01-05 00:00:00+09:00,421.9005157408549,429.72959747625225,420.1607197996555,427.1199035644531,22900,0.0,0.0
2018-01-08 00:00:00+09:00,427.1199035644531,427.1199035644531,427.1199035644531,427.1199035644531,0,0.0,0.0
2018-01-09 00:00:00+09:00,427.11992297338315,429.72961700377044,425.380126953125,425.380126953125,8300,0.0,0.0
2018-01-10 00:00:00+09:00,425.38015196753327,427.1199480900999,424.51025390625,424.51025390625,2800,0.0,0.0
2018-01-11 00:00:00+09:00,424.5102372946198,425.3801353218629,421.03064518564753,421.9005432128906,14100,0.0,0.0
2018-01-12 00:00:00+09:00,421.9005432128906,421.9005432128906,419.2908491311614,421.9005432128906,12300,0.0,0.0
2018-01-15 00:00:00+09:00,422.7704300969284,423.640328101243,420.1607360839844,420.1607360839844,7100,0.0,0.0
2018-01-16 00:00:00+09:00,423.6403558449667,424.51025390625,421.03066166111677,424.51025390625,9100,0.0,0.0
2018-01-17 00:00:00+09:00,424.5102372946198,426.250033349106,421.03064518564753,421.9005432128906,8700,0.0,0.0
2018-01-18 00:00:00+09:00,423.64031423560874,426.25000816313815,421.90051828392245,422.7704162597656,7000,0.0,0.0
2018-01-19 00:00:00+09:00,424.51025390625,427.1199480900999,422.7704577836834,424.51025390625,8500,0.0,0.0
2018-01-22 00:00:00+09:00,427.989772112721,437.55864913150134,426.2499762911246,436.6887512207031,44800,0.0,0.0
2018-01-23 00:00:00+09:00,438.42854704229956,438.42854704229956,432.3392616667121,436.6887512207031,21800,0.0,0.0
2018-01-24 00:00:00+09:00,434.9490079012784,449.7372741699219,434.0791098854758,449.7372741699219,50800,0.0,0.0
2018-01-25 00:00:00+09:00,447.99754025907856,447.99754025907856,439.2985588948246,440.16845703125,25600,0.0,0.0
2018-01-26 00:00:00+09:00,442.778078836108,443.6479768298921,435.81889488583516,438.4285888671875,17600,0.0,0.0
2018-01-29 00:00:00+09:00,439.29847310986037,441.03826904296875,437.558677176752,441.03826904296875,6400,0.0,0.0
2018-01-30 00:00:00+09:00,441.03826025390623,442.7780561523437,431.4693828125,434.948974609375,13900,0.0,0.0
2018-01-31 00:00:00+09:00,434.07907666015626,438.42856640624996,431.4693828125,434.948974609375,16200,0.0,0.0
2018-02-01 00:00:00+09:00,434.94899689205107,439.2984868609716,434.94899689205107,438.4285888671875,3800,0.0,0.0
2018-02-02 00:00:00+09:00,439.2984868609716,439.2984868609716,430.59950692313055,438.4285888671875,37600,0.0,0.0
2018-02-05 00:00:00+09:00,434.07908476552655,434.07908476552655,428.8596969727547,431.4693908691406,20400,0.0,0.0
2018-02-06 00:00:00+09:00,413.2015715254114,417.55106175199467,390.58422234717835,408.8520812988281,70600,0.0,0.0
2018-02-07 00:00:00+09:00,418.4209372082596,422.7704272000295,414.94134521484375,414.94134521484375,15400,0.0,0.0
2018-02-08 00:00:00+09:00,420.1607635998335,425.38015196753327,417.5510694159836,424.51025390625,7100,0.0,0.0
2018-02-09 00:00:00+09:00,407.9821266628633,424.5101872312949,405.37243288890045,423.6402893066406,12300,0.0,0.0
2018-02-12 00:00:00+09:00,423.6402893066406,423.6402893066406,423.6402893066406,423.6402893066406,0,0.0,0.0
2018-02-13 00:00:00+09:00,422.7703913819863,423.6402893066406,408.85202458751763,423.6402893066406,22100,0.0,0.0
2018-02-14 00:00:00+09:00,413.20156025737214,421.90054047331677,413.20156025737214,416.68115234375,17800,0.0,0.0
2018-02-15 00:00:00+09:00,414.0714500537817,423.640328101243,414.0714500537817,420.1607360839844,8300,0.0,0.0
2018-02-16 00:00:00+09:00,423.6403091799828,433.2091868000646,423.6403091799828,431.4693908691406,8800,0.0,0.0
2018-02-19 00:00:00+09:00,433.20915957751026,436.6887512207031,431.4693637559139,436.6887512207031,4600,0.0,0.0
2018-02-20 00:00:00+09:00,443.64799082279205,455.8265631198883,439.29850071668625,445.3877868652344,35200,0.0,0.0
2018-02-21 00:00:00+09:00,444.517947713377,444.517947713377,434.9490682126976,440.16845703125,10000,0.0,0.0
2018-02-22 00:00:00+09:00,435.81888327045016,437.5586792116495,423.64031168205435,427.1199035644531,15100,0.0,0.0
2018-02-23 00:00:00+09:00,427.9898461513832,433.209234519083,417.5510694159836,424.51025390625,22400,0.0,0.0
2018-02-26 00:00:00+09:00,430.5995373213267,430.5995373213267,425.3801489901591,428.8597412109375,4000,0.0,0.0
2018-02-27 00:00:00+09:00,429.72964227394976,431.4694383965164,421.03066166111677,424.51025390625,5700,0.0,0.0
2018-02-28 00:00:00+09:00,424.510209652654,427.98980153505283,422.77041371145464,427.1199035644531,2100,0.0,0.0
2018-03-01 00:00:00+09:00,424.5102091471354,427.1199030558268,417.551025390625,417.551025390625,11000,0.0,0.0
2018-03-02 00:00:00+09:00,414.94132031556455,416.681116207873,410.5918305847934,415.81121826171875,15800,0.0,0.0
2018-03-05 00:00:00+09:00,421.03055375674643,421.03055375674643,407.9820861816406,407.9820861816406,18700,0.0,0.0
2018-03-06 00:00:00+09:00,412.3316483224274,414.9413422991516,407.1122603689789,409.7219543457031,9300,0.0,0.0
2018-03-07 00:00:00+09:00,410.59187738946144,410.59187738946144,407.9821832535115,408.8520812988281,4300,0.0,0.0
2018-03-08 00:00:00+09:00,411.46172533196915,413.20152121075125,409.72192945318704,410.5918273925781,5000,0.0,0.0
2018-03-09 00:00:00+09:00,412.33157537334256,414.07137105002334,406.24229050495984,407.9820861816406,13200,0.0,0.0
2018-03-12 00:00:00+09:00,412.3316380642582,452.34694471184446,408.8520461818594,427.1199035644531,74900,0.0,0.0
2018-03-13 00:00:00+09:00,420.16070799248985,421.9005038847983,413.2015244232561,415.81121826171875,32600,0.0,0.0
2018-03-14 00:00:00+09:00,414.9413422991516,417.55103627587584,407.1122603689789,409.7219543457031,30700,0.0,0.0
2018-03-15 00:00:00+09:00,407.1122852081948,408.8520812988281,406.2423871628782,408.8520812988281,23600,0.0,0.0
2018-03-16 00:00:00+09:00,411.46175033018596,411.46175033018596,407.1122603689789,409.7219543457031,9000,0.0,0.0
2018-03-19 00:00:00+09:00,408.8520646350542,408.8520646350542,403.6326765758833,406.24237060546875,10700,0.0,0.0
2018-03-20 00:00:00+09:00,404.5025994951633,412.33168206603744,401.89290530487193,405.37249755859375,14700,0.0,0.0
2018-03-21 00:00:00+09:00,405.37249755859375,405.37249755859375,405.37249755859375,405.37249755859375,0,0.0,0.0
2018-03-22 00:00:00+09:00,407.1122544232537,407.1122544232537,392.32398877112695,399.2831726074219,28900,0.0,0.0
2018-03-23 00:00:00+09:00,394.0638122558594,403.6326906991584,393.19391421555946,394.0638122558594,21900,0.0,0.0
2018-03-26 00:00:00+09:00,394.06381776784485,394.9337158203125,390.58422555797426,394.9337158203125,17400,0.0,0.0
2018-03-27 00:00:00+09:00,398.41326343361084,401.89285525399174,392.3239777479443,397.5433654785156,10100,0.0,0.0
2018-03-28 00:00:00+09:00,396.6734675234204,403.63265116418216,394.93367161322993,397.5433654785156,22700,0.0,0.0
2018-03-29 00:00:00+09:00,402.76273711830055,404.5025329589844,401.0229412776167,404.5025329589844,22400,0.0,0.0
2018-03-30 00:00:00+09:00,405.372425210887,405.372425210887,400.15303776181975,403.63262939453125,5900,0.0,0.0
2018-04-02 00:00:00+09:00,410.59185233794454,410.59185233794454,402.7627704077719,409.7219543457031,22800,0.0,0.0
2018-04-03 00:00:00+09:00,404.5025745857451,407.98216662519235,402.76277856602144,406.24237060546875,2900,0.0,0.0
2018-04-04 00:00:00+09:00,408.8520674272017,411.4617614746094,406.242373379794,411.4617614746094,8600,0.0,0.0
2018-04-05 00:00:00+09:00,412.3316594904119,412.3316594904119,407.11227139559657,411.4617614746094,6900,0.0,0.0
2018-04-06 00:00:00+09:00,411.4616775350022,411.4616775350022,407.11218834330026,407.9820861816406,3300,0.0,0.0
2018-04-09 00:00:00+09:00,411.4616775350022,411.4616775350022,407.11218834330026,407.9820861816406,2100,0.0,0.0
2018-04-10 00:00:00+09:00,407.9820861816406,410.5917796966618,405.3723926666195,407.9820861816406,4500,0.0,0.0
2018-04-11 00:00:00+09:00,406.2423450294678,407.112242984563,397.5433654785156,397.5433654785156,14500,0.0,0.0
2018-04-12 00:00:00+09:00,400.15307058695873,401.8928665460325,396.6734786688113,399.2831726074219,13500,0.0,0.0
2018-04-13 00:00:00+09:00,402.76278973042184,403.63268776439685,398.4132995605469,398.4132995605469,2700,0.0,0.0
2018-04-16 00:00:00+09:00,404.5026025337666,404.5026025337666,401.02301025390625,401.02301025390625,3800,0.0,0.0
2018-04-17 00:00:00+09:00,402.76278131658376,402.76278131658376,400.1530872691761,401.89288330078125,2400,0.0,0.0
2018-04-18 00:00:00+09:00,401.89288330078125,401.89288330078125,395.8035971901633,401.89288330078125,16200,0.0,0.0
2018-04-19 00:00:00+09:00,400.1531121839411,401.02301025390625,400.1531121839411,401.02301025390625,2900,0.0,0.0
2018-04-20 00:00:00+09:00,400.1530872691761,401.89288330078125,398.413291237571,401.89288330078125,9500,0.0,0.0
2018-04-23 00:00:00+09:00,401.8928335781755,405.372425210887,401.8928335781755,403.63262939453125,8700,0.0,0.0
2018-04-24 00:00:00+09:00,403.6326765758833,406.24237060546875,403.6326765758833,406.24237060546875,2200,0.0,0.0
2018-04-25 00:00:00+09:00,405.37247812646063,407.1122741699219,405.37247812646063,407.1122741699219,2000,0.0,0.0
2018-04-26 00:00:00+09:00,407.11218834330026,407.9820861816406,404.5024948282791,407.9820861816406,3300,0.0,0.0
2018-04-27 00:00:00+09:00,407.98212464035197,407.98212464035197,404.5025329589844,404.5025329589844,14400,0.0,0.0
2018-04-30 00:00:00+09:00,404.5025329589844,404.5025329589844,404.5025329589844,404.5025329589844,0,0.0,0.0
2018-05-01 00:00:00+09:00,408.85205635346176,409.7219543457031,405.3724643844961,409.7219543457031,5200,0.0,0.0
2018-05-02 00:00:00+09:00,409.7218818583214,409.7218818583214,406.24229050495984,407.9820861816406,7200,0.0,0.0
2018-05-03 00:00:00+09:00,407.9820861816406,407.9820861816406,407.9820861816406,407.9820861816406,0,0.0,0.0
2018-05-04 00:00:00+09:00,407.9820861816406,407.9820861816406,407.9820861816406,407.9820861816406,0,0.0,0.0
2018-05-07 00:00:00+09:00,408.85205635346176,411.46175033018596,407.1122603689789,409.7219543457031,15700,0.0,0.0
2018-05-08 00:00:00+09:00,409.72196823511365,409.72196823511365,406.2423761481913,407.1122741699219,11100,0.0,0.0
2018-05-09 00:00:00+09:00,407.1122936854547,407.1122936854547,405.37249755859375,405.37249755859375,7800,0.0,0.0
2018-05-10 00:00:00+09:00,405.37243087932626,406.24232879966814,404.5025329589844,404.5025329589844,4800,0.0,0.0
2018-05-11 00:00:00+09:00,401.89289169644684,404.50258579837185,398.4132995605469,398.4132995605469,27500,0.0,0.0
2018-05-14 00:00:00+09:00,400.1530872691761,403.6326793323863,394.0638011585582,401.89288330078125,20700,0.0,0.0
2018-05-15 00:00:00+09:00,402.7628063938364,402.7628063938364,401.02301025390625,401.02301025390625,4800,0.0,0.0
2018-05-16 00:00:00+09:00,401.0229852849787,403.6326793323863,400.1530872691761,401.89288330078125,2000,0.0,0.0
2018-05-17 00:00:00+09:00,403.63265430953027,403.63265430953027,401.8928583857823,402.76275634765625,1400,0.0,0.0
2018-05-18 00:00:00+09:00,401.89283919795866,404.5025329589844,401.89283919795866,404.5025329589844,4600,0.0,0.0
2018-05-21 00:00:00+09:00,401.89290530487193,408.8520898123156,401.89290530487193,405.37249755859375,15300,0.0,0.0
2018-05-22 00:00:00+09:00,407.9821832535115,412.33167348009476,407.9821832535115,408.8520812988281,15400,0.0,0.0
2018-05-23 00:00:00+09:00,409.72194004264816,409.72194004264816,401.8928583857823,402.76275634765625,9900,0.0,0.0
2018-05-24 00:00:00+09:00,405.37243087932626,407.98212464035197,401.89283919795866,404.5025329589844,11900,0.0,0.0
2018-05-25 00:00:00+09:00,404.5025994951633,405.37249755859375,403.63270143173287,405.37249755859375,1100,0.0,0.0
2018-05-28 00:00:00+09:00,407.98212464035197,407.98212464035197,404.5025329589844,404.5025329589844,5600,0.0,0.0
2018-05-29 00:00:00+09:00,403.63269892153534,403.63269892153534,400.1531066894531,400.1531066894531,20700,0.0,0.0
2018-05-30 00:00:00+09:00,398.413274627885,400.15307058695873,397.54337664834816,399.2831726074219,8500,0.0,0.0
2018-05-31 00:00:00+09:00,400.15305934380126,400.15305934380126,397.5433654785156,397.5433654785156,7500,0.0,0.0
2018-06-01 00:00:00+09:00,399.2831726074219,400.15307058695873,398.413274627885,399.2831726074219,8500,0.0,0.0
2018-06-04 00:00:00+09:00,399.2832086314326,401.0230047474737,397.5434125153915,400.1531066894531,7100,0.0,0.0
2018-06-05 00:00:00+09:00,400.15308447051467,401.8928804899517,396.6734924316406,396.6734924316406,12500,0.0,0.0
2018-06-06 00:00:00+09:00,396.6734675234204,400.15305934380126,396.6734675234204,397.5433654785156,4400,0.0,0.0
2018-06-07 00:00:00+09:00,397.5433654785156,400.15305934380126,397.5433654785156,397.5433654785156,4900,0.0,0.0
2018-06-08 00:00:00+09:00,398.4132995605469,400.1530956284969,398.4132995605469,398.4132995605469,2400,0.0,0.0
2018-06-11 00:00:00+09:00,397.5433904413591,399.2831864607962,396.6734924316406,396.6734924316406,8200,0.0,0.0
2018-06-12 00:00:00+09:00,398.413274627885,399.2831726074219,397.54337664834816,399.2831726074219,5700,0.0,0.0
2018-06-13 00:00:00+09:00,400.1531121839411,401.02301025390625,400.1531121839411,401.02301025390625,3800,0.0,0.0
2018-06-14 00:00:00+09:00,400.1531066894531,401.0230047474737,399.2832086314326,400.1531066894531,6200,0.0,0.0
2018-06-15 00:00:00+09:00,401.89290280549426,402.76280086351477,399.2832086314326,400.1531066894531,12100,0.0,0.0
2018-06-18 00:00:00+09:00,399.2831726074219,400.15307058695873,398.413274627885,399.2831726074219,6000,0.0,0.0
2018-06-19 00:00:00+09:00,417.55103627587584,420.16073025260005,404.5025663922547,409.7219543457031,132200,0.0,0.0
2018-06-20 00:00:00+09:00,407.1122210272427,407.1122210272427,401.02293566999765,403.63262939453125,34900,0.0,0.0
2018-06-21 00:00:00+09:00,404.5025329589844,407.98212464035197,404.5025329589844,404.5025329589844,7800,0.0,0.0
2018-06-22 00:00:00+09:00,403.63265430953027,406.2423481951522,402.76275634765625,402.76275634765625,9700,0.0,0.0
2018-06-25 00:00:00+09:00,407.1122967436619,407.1122967436619,401.02301025390625,401.02301025390625,13600,0.0,0.0
2018-06-26 00:00:00+09:00,405.37243087932626,405.37243087932626,401.0229412776167,404.5025329589844,22900,0.0,0.0
2018-06-27 00:00:00+09:00,397.54340152657187,399.2831975945219,396.6735034925969,398.4132995605469,23800,0.0,0.0
2018-06-28 00:00:00+09:00,397.54340152657187,398.4132995605469,396.6735034925969,398.4132995605469,14400,0.0,0.0
2018-06-29 00:00:00+09:00,400.1530956284969,400.1530956284969,396.6735034925969,398.4132995605469,8100,0.0,0.0
2018-07-02 00:00:00+09:00,400.1530956284969,401.0229936624719,398.4132995605469,398.4132995605469,8000,0.0,0.0
2018-07-03 00:00:00+09:00,398.41326343361084,400.15305934380126,396.6734675234204,397.5433654785156,10000,0.0,0.0
2018-07-04 00:00:00+09:00,396.6734924316406,398.4132884510777,396.6734924316406,396.6734924316406,13300,0.0,0.0
2018-07-05 00:00:00+09:00,399.28321164309324,399.28321164309324,395.8036193847656,395.8036193847656,10300,0.0,0.0
2018-07-06 00:00:00+09:00,395.8036193847656,397.5434155139294,395.8036193847656,395.8036193847656,11400,0.0,0.0
2018-07-09 00:00:00+09:00,397.5433654785156,399.28316138870605,396.6734675234204,397.5433654785156,3500,0.0,0.0
2018-07-10 00:00:00+09:00,397.54337664834816,400.15307058695873,397.54337664834816,399.2831726074219,5600,0.0,0.0
2018-07-11 00:00:00+09:00,399.2831726074219,400.15307058695873,399.2831726074219,399.2831726074219,4900,0.0,0.0
2018-07-12 00:00:00+09:00,400.1531066894531,401.0230047474737,398.41331057341205,400.1531066894531,12500,0.0,0.0
2018-07-13 00:00:00+09:00,400.1531121839411,401.02301025390625,398.41331604401097,401.02301025390625,4900,0.0,0.0
2018-07-16 00:00:00+09:00,401.02301025390625,401.02301025390625,401.02301025390625,401.02301025390625,0,0.0,0.0
2018-07-17 00:00:00+09:00,401.02301025390625,402.7628063938364,399.28321411397604,401.02301025390625,9300,0.0,0.0
2018-07-18 00:00:00+09:00,401.0230047474737,402.76280086351477,400.1531066894531,400.1531066894531,4400,0.0,0.0
2018-07-19 00:00:00+09:00,400.1530956284969,401.0229936624719,398.4132995605469,398.4132995605469,5000,0.0,0.0
2018-07-20 00:00:00+09:00,398.413274627885,400.15307058695873,397.54337664834816,399.2831726074219,1300,0.0,0.0
2018-07-23 00:00:00+09:00,398.41331604401097,402.7628063938364,397.5434179740459,401.02301025390625,9100,0.0,0.0
2018-07-24 00:00:00+09:00,401.0230047474737,401.0230047474737,400.1531066894531,400.1531066894531,2400,0.0,0.0
2018-07-25 00:00:00+09:00,401.0229852849787,401.89288330078125,398.413291237571,401.89288330078125,5800,0.0,0.0
2018-07-26 00:00:00+09:00,400.1531066894531,404.5025969795559,400.1531066894531,400.1531066894531,25900,0.0,0.0
2018-07-27 00:00:00+09:00,401.8928665460325,401.8928665460325,398.413274627885,399.2831726074219,5500,0.0,0.0
2018-07-30 00:00:00+09:00,399.28321411397604,401.02301025390625,399.28321411397604,401.02301025390625,4900,0.0,0.0
2018-07-31 00:00:00+09:00,401.02296856649565,401.02296856649565,398.413274627885,399.2831726074219,4800,0.0,0.0
2018-08-01 00:00:00+09:00,399.2831726074219,401.02296856649565,398.413274627885,399.2831726074219,8100,0.0,0.0
2018-08-02 00:00:00+09:00,401.8928665460325,401.8928665460325,399.2831726074219,399.2831726074219,6500,0.0,0.0
2018-08-03 00:00:00+09:00,402.7628063938364,402.7628063938364,400.1531121839411,401.02301025390625,6500,0.0,0.0
2018-08-06 00:00:00+09:00,402.7628063938364,402.7628063938364,400.1531121839411,401.02301025390625,3100,0.0,0.0
2018-08-07 00:00:00+09:00,401.0229852849787,401.89288330078125,400.1530872691761,401.89288330078125,2300,0.0,0.0
2018-08-08 00:00:00+09:00,401.8929083238713,402.7628063938364,400.1531121839411,401.02301025390625,4500,0.0,0.0
2018-08-09 00:00:00+09:00,401.02300724144146,405.37249755859375,400.153109178011,405.37249755859375,13400,0.0,0.0
2018-08-10 00:00:00+09:00,401.0229936624719,402.76278973042184,398.4132995605469,398.4132995605469,21200,0.0,0.0
2018-08-13 00:00:00+09:00,398.4132884510777,398.4132884510777,396.6734924316406,396.6734924316406,12000,0.0,0.0
2018-08-14 00:00:00+09:00,396.6735174493475,397.5434155139294,394.93372132018374,395.8036193847656,7600,0.0,0.0
2018-08-15 00:00:00+09:00,396.6734895833333,396.6734895833333,387.97450954861114,391.4541015625,26200,0.0,0.0
2018-08-16 00:00:00+09:00,394.06379557291666,394.06379557291666,390.5842035590278,391.4541015625,11100,0.0,0.0
2018-08-17 00:00:00+09:00,391.4541236104419,395.80361387278015,391.4541236104419,394.9337158203125,2200,0.0,0.0
2018-08-20 00:00:00+09:00,394.9337047475629,394.9337047475629,392.3240106633279,393.19390869140625,1600,0.0,0.0
2018-08-21 00:00:00+09:00,393.1938725575111,394.06377050564714,389.7142807649667,392.323974609375,10500,0.0,0.0
2018-08-22 00:00:00+09:00,391.4540766612389,393.1938725575111,391.4540766612389,392.323974609375,1300,0.0,0.0
2018-08-23 00:00:00+09:00,393.19391421555946,394.0638122558594,393.19391421555946,394.0638122558594,900,0.0,0.0
2018-08-24 00:00:00+09:00,394.0638122558594,396.6735063767591,394.0638122558594,394.0638122558594,2100,0.0,0.0
2018-08-27 00:00:00+09:00,394.06377050564714,396.67346435005544,391.4540766612389,392.323974609375,5300,0.0,0.0
2018-08-28 00:00:00+09:00,393.1938757030395,398.41326343361084,393.1938757030395,397.5433654785156,4200,0.0,0.0
2018-08-29 00:00:00+09:00,397.5434155139294,397.5434155139294,395.8036193847656,395.8036193847656,1000,0.0,0.0
2018-08-30 00:00:00+09:00,394.93371834132984,400.1531066894531,394.93371834132984,400.1531066894531,9200,0.0,0.0
2018-08-31 00:00:00+09:00,395.8035944219221,400.15308447051467,394.93369641220363,396.6734924316406,5600,0.0,0.0
2018-09-03 00:00:00+09:00,396.6734924316406,396.6734924316406,395.8035944219221,396.6734924316406,5100,0.0,0.0
2018-09-04 00:00:00+09:00,398.413274627885,399.2831726074219,398.413274627885,399.2831726074219,2300,0.0,0.0
2018-09-05 00:00:00+09:00,399.2831975945219,399.2831975945219,398.4132995605469,398.4132995605469,4600,0.0,0.0
2018-09-06 00:00:00+09:00,400.15310413511844,400.15310413511844,394.9337158203125,394.9337158203125,11800,0.0,0.0
2018-09-07 00:00:00+09:00,398.41330245735895,398.41330245735895,394.0638122558594,394.0638122558594,4600,0.0,0.0
2018-09-10 00:00:00+09:00,394.9337102961593,394.9337102961593,390.58422009465977,394.0638122558594,17400,0.0,0.0
2018-09-11 00:00:00+09:00,394.9337047475629,394.9337047475629,392.3240106633279,393.19390869140625,1900,0.0,0.0
2018-09-12 00:00:00+09:00,393.1938725575111,393.1938725575111,391.4540766612389,392.323974609375,4200,0.0,0.0
2018-09-13 00:00:00+09:00,388.8443739607527,392.32396567404805,386.23468017578125,386.23468017578125,25000,0.0,0.0
2018-09-14 00:00:00+09:00,389.714350006991,391.4541462123794,387.97455380160267,388.8444519042969,3800,0.0,0.0
2018-09-17 00:00:00+09:00,388.8444519042969,388.8444519042969,388.8444519042969,388.8444519042969,0,0.0,0.0
2018-09-18 00:00:00+09:00,395.80356640191934,395.80356640191934,391.4540766612389,392.323974609375,14000,0.0,0.0
2018-09-19 00:00:00+09:00,397.5434155139294,397.5434155139294,394.93372132018374,395.8036193847656,2300,0.0,0.0
2018-09-20 00:00:00+09:00,396.6735119252478,396.6735119252478,394.9337158203125,394.9337158203125,1900,0.0,0.0
2018-09-21 00:00:00+09:00,394.0637736581347,398.41326343361084,391.4540797928491,397.5433654785156,15900,0.0,0.0
2018-09-24 00:00:00+09:00,397.5433654785156,397.5433654785156,397.5433654785156,397.5433654785156,0,0.0,0.0
2018-09-25 00:00:00+09:00,397.54340997771544,397.54340997771544,394.9337158203125,394.9337158203125,2900,0.0,0.0
2018-09-26 00:00:00+09:00,395.8035695683252,397.5433654785156,394.93367161322993,397.5433654785156,1500,0.0,0.0
2018-09-27 00:00:00+09:00,396.6734924316406,397.5433904413591,395.8035944219221,396.6734924316406,5100,0.0,0.0
2018-09-28 00:00:00+09:00,397.5433988317979,398.41329685987625,392.3240106633279,393.19390869140625,8900,0.0,0.0
2018-10-01 00:00:00+09:00,394.06377050564714,394.93366845378324,390.5841787131028,392.323974609375,17300,0.0,0.0
2018-10-02 00:00:00+09:00,393.19389756944446,394.9336935763889,390.5842035590278,391.4541015625,14700,0.0,0.0
2018-10-03 00:00:00+09:00,392.3239995659722,394.06379557291666,388.84440755208334,391.4541015625,13000,0.0,0.0
2018-10-04 00:00:00+09:00,393.1939251910199,395.8036193847656,392.324027126438,395.8036193847656,5700,0.0,0.0
2018-10-05 00:00:00+09:00,395.80360277564125,395.80360277564125,391.4541126352496,393.19390869140625,21400,0.0,0.0
2018-10-08 00:00:00+09:00,393.19390869140625,393.19390869140625,393.19390869140625,393.19390869140625,0,0.0,0.0
2018-10-09 00:00:00+09:00,391.45412657467983,394.0638207518444,390.584228515625,390.584228515625,19300,0.0,0.0
2018-10-10 00:00:00+09:00,391.4540766612389,394.06377050564714,391.4540766612389,392.323974609375,3600,0.0,0.0
2018-10-11 00:00:00+09:00,390.58417550419153,392.3239713861701,387.1045837402344,387.1045837402344,24200,0.0,0.0
2018-10-12 00:00:00+09:00,387.97455380160267,390.58424810968523,387.97455380160267,388.8444519042969,3100,0.0,0.0
2018-10-15 00:00:00+09:00,389.71433045657017,391.45412657467983,389.71433045657017,390.584228515625,2100,0.0,0.0
2018-10-16 00:00:00+09:00,390.5842535836356,391.4541516985212,389.71435546875,389.71435546875,1900,0.0,0.0
2018-10-17 00:00:00+09:00,391.4541181349597,394.0638122558594,389.71432205435985,394.0638122558594,4200,0.0,0.0
2018-10-18 00:00:00+09:00,393.19391421555946,394.0638122558594,391.4541181349597,394.0638122558594,6000,0.0,0.0
2018-10-19 00:00:00+09:00,394.0638207518444,394.0638207518444,390.584228515625,390.584228515625,5600,0.0,0.0
2018-10-22 00:00:00+09:00,390.58421460717125,395.80360277564125,390.58421460717125,393.19390869140625,13300,0.0,0.0
2018-10-23 00:00:00+09:00,391.4540766612389,393.1938725575111,390.5841787131028,392.323974609375,2600,0.0,0.0
2018-10-24 00:00:00+09:00,390.584228515625,392.32402463373467,390.584228515625,390.584228515625,2100,0.0,0.0
2018-10-25 00:00:00+09:00,388.8444158442887,391.4541099103577,387.10461980024263,387.9745178222656,9800,0.0,0.0
2018-10-26 00:00:00+09:00,390.5841698174004,392.32396567404805,384.4948843191336,386.23468017578125,13000,0.0,0.0
2018-10-29 00:00:00+09:00,385.36482100053263,387.10461703213775,381.88522893732244,382.755126953125,16200,0.0,0.0
2018-10-30 00:00:00+09:00,381.8852233886719,382.75512139183513,380.14542738234536,381.8852233886719,13700,0.0,0.0
2018-10-31 00:00:00+09:00,385.3648237561966,387.9745178222656,385.3648237561966,387.9745178222656,2200,0.0,0.0
2018-11-01 00:00:00+09:00,387.97455152308316,388.84444962066857,379.2755705472293,383.62506103515625,13400,0.0,0.0
2018-11-02 00:00:00+09:00,384.49494210224105,391.45412657467983,384.49494210224105,390.584228515625,9200,0.0,0.0
2018-11-05 00:00:00+09:00,393.1938725575111,393.1938725575111,390.5841787131028,392.323974609375,6400,0.0,0.0
2018-11-06 00:00:00+09:00,392.3239995659722,397.5433875868056,391.4541015625,391.4541015625,10900,0.0,0.0
2018-11-07 00:00:00+09:00,391.4541015625,393.19389756944446,391.4541015625,391.4541015625,6100,0.0,0.0
2018-11-08 00:00:00+09:00,391.4541015625,392.3239995659722,390.5842035590278,391.4541015625,9200,0.0,0.0
2018-11-09 00:00:00+09:00,391.4541015625,392.3239995659722,391.4541015625,391.4541015625,4400,0.0,0.0
2018-11-12 00:00:00+09:00,391.45412657467983,394.0638207518444,390.584228515625,390.584228515625,7900,0.0,0.0
2018-11-13 00:00:00+09:00,387.9745178222656,389.71431386631167,387.9745178222656,387.9745178222656,6600,0.0,0.0
2018-11-14 00:00:00+09:00,388.844407413978,389.71430541714125,381.8852233886719,381.8852233886719,21600,0.0,0.0
2018-11-15 00:00:00+09:00,381.8851952618718,383.624991140058,376.66580762731314,377.53570556640625,18900,0.0,0.0
2018-11-16 00:00:00+09:00,379.27550144459246,381.8851952618718,377.53570556640625,377.53570556640625,4800,0.0,0.0
2018-11-19 00:00:00+09:00,379.27549578025764,380.1453937063592,375.79590407585164,376.6658020019531,9400,0.0,0.0
2018-11-20 00:00:00+09:00,376.6657906729218,380.1453822726716,371.446403273297,374.9259948730469,16400,0.0,0.0
2018-11-21 00:00:00+09:00,374.926039223359,374.926039223359,372.31634521484375,372.31634521484375,6700,0.0,0.0
2018-11-22 00:00:00+09:00,374.92597007751465,378.40556144714355,374.0560722351074,375.7958679199219,4900,0.0,0.0
2018-11-23 00:00:00+09:00,375.7958679199219,375.7958679199219,375.7958679199219,375.7958679199219,0,0.0,0.0
2018-11-26 00:00:00+09:00,375.79590968822004,379.27550144459246,375.79590968822004,377.53570556640625,3100,0.0,0.0
2018-11-27 00:00:00+09:00,377.53572232663225,381.0153142374768,377.53572232663225,380.1454162597656,3200,0.0,0.0
2018-11-28 00:00:00+09:00,380.14540021232006,387.1045837402344,380.14540021232006,387.1045837402344,4800,0.0,0.0
2018-11-29 00:00:00+09:00,387.10457244253047,387.10457244253047,385.3647766113281,385.3647766113281,8400,0.0,0.0
2018-11-30 00:00:00+09:00,385.3647766113281,387.10457244253047,384.4948786957269,385.3647766113281,6500,0.0,0.0
2018-12-03 00:00:00+09:00,385.3648237561966,388.8444158442887,385.3648237561966,387.9745178222656,5500,0.0,0.0
2018-12-04 00:00:00+09:00,386.2346857992451,387.97448168122366,386.2346857992451,387.1045837402344,10800,0.0,0.0
2018-12-05 00:00:00+09:00,387.10461980024263,387.9745178222656,383.62502771215054,387.9745178222656,7700,0.0,0.0
2018-12-06 00:00:00+09:00,384.4948899172665,387.1045837402344,383.6249919762772,387.1045837402344,2300,0.0,0.0
2018-12-07 00:00:00+09:00,385.3647878582558,387.1045837402344,384.4948899172665,387.1045837402344,1800,0.0,0.0
2018-12-10 00:00:00+09:00,380.145357131958,383.6249485015869,375.7958679199219,375.7958679199219,10800,0.0,0.0
2018-12-11 00:00:00+09:00,376.665854942071,378.4056510388012,370.5765686035156,370.5765686035156,7200,0.0,0.0
2018-12-12 00:00:00+09:00,373.1861743927002,375.7958679199219,372.31627655029297,375.7958679199219,3900,0.0,0.0
2018-12-13 00:00:00+09:00,373.186279296875,376.6658716446314,373.186279296875,373.186279296875,3300,0.0,0.0
2018-12-14 00:00:00+09:00,373.1862824637935,374.05618055811465,368.8367919921875,368.8367919921875,6300,0.0,0.0
2018-12-17 00:00:00+09:00,369.70671877336275,371.4465150970021,363.617431640625,363.617431640625,7800,0.0,0.0
2018-12-18 00:00:00+09:00,360.13780546188354,417.5510787963867,330.56127071380615,334.0408630371094,232700,0.0,0.0
2018-12-19 00:00:00+09:00,336.65053494102074,346.21941319515827,330.5612487792969,330.5612487792969,24900,0.0,0.0
2018-12-20 00:00:00+09:00,330.56126527313154,334.0408575391645,327.0816730070986,333.17095947265625,21900,0.0,0.0
2018-12-21 00:00:00+09:00,327.9515376690307,327.9515376690307,317.51276193420745,318.3826599121094,28100,0.0,0.0
2018-12-24 00:00:00+09:00,318.3826599121094,318.3826599121094,318.3826599121094,318.3826599121094,0,0.0,0.0
2018-12-25 00:00:00+09:00,314.90305688878993,316.6428527832031,291.4158123142117,316.6428527832031,50400,0.0,0.0
2018-12-26 00:00:00+09:00,303.50857705508963,307.94583695355584,297.2964131972369,301.7336730957031,26100,7.2,0.0
2018-12-27 00:00:00+09:00,312.3831462967867,315.0455026572707,305.2835293354961,314.1580505371094,12400,0.0,0.0
2018-12-28 00:00:00+09:00,308.8333086656781,314.1580208840519,307.05840459288686,313.27056884765625,6400,0.0,0.0
2018-12-31 00:00:00+09:00,313.27056884765625,313.27056884765625,313.27056884765625,313.27056884765625,0,0.0,0.0
2019-01-04 00:00:00+09:00,320.37015796529835,320.37015796529835,304.39602266508956,308.8332824707031,14500,0.0,0.0
2019-01-07 00:00:00+09:00,313.27053678270795,318.5952484560684,313.27053678270795,315.0454406738281,5500,0.0,0.0
2019-01-08 00:00:00+09:00,316.8203778700395,318.5952819477428,312.38311767578125,312.38311767578125,7100,0.0,0.0
2019-01-09 00:00:00+09:00,314.15798872826804,319.4827004016285,313.27053678270795,315.0454406738281,5300,0.0,0.0
2019-01-10 00:00:00+09:00,315.04547379233617,315.93292583118784,312.38311767578125,312.38311767578125,3900,0.0,0.0
2019-01-11 00:00:00+09:00,313.27056971463287,313.27056971463287,310.60821359807795,312.38311767578125,2800,0.0,0.0
2019-01-15 00:00:00+09:00,312.3831462967867,314.1580505371094,311.4956941766254,314.1580505371094,3600,0.0,0.0
2019-01-16 00:00:00+09:00,314.1580505371094,314.1580505371094,311.4956941766254,314.1580505371094,5800,0.0,0.0
2019-01-17 00:00:00+09:00,314.15798795892954,318.59524767586356,314.15798795892954,315.9328918457031,3400,0.0,0.0
2019-01-18 00:00:00+09:00,317.70782301161023,324.80743916829425,317.70782301161023,319.48272705078125,6600,0.0,0.0
2019-01-21 00:00:00+09:00,322.1450831095378,324.80743916829425,319.48272705078125,319.48272705078125,5500,0.0,0.0
2019-01-22 00:00:00+09:00,320.3701199229692,322.14502363445376,316.8203125,316.8203125,4200,0.0,0.0
2019-01-23 00:00:00+09:00,316.8203437890899,318.59524767586356,315.04543990231633,315.9328918457031,3000,0.0,0.0
2019-01-24 00:00:00+09:00,315.9329156561212,323.03253173828125,315.0454636458512,323.03253173828125,3200,0.0,0.0
2019-01-25 00:00:00+09:00,323.03253173828125,325.6948877690913,317.70781967666125,323.03253173828125,3500,0.0,0.0
2019-01-28 00:00:00+09:00,324.80743575882127,325.6948877690913,322.14507972801124,323.03253173828125,2500,0.0,0.0
2019-01-29 00:00:00+09:00,323.0325004682149,323.9199523925781,323.0325004682149,323.9199523925781,900,0.0,0.0
2019-01-30 00:00:00+09:00,324.8074324234672,326.58233642578125,324.8074324234672,326.58233642578125,1600,0.0,0.0
2019-01-31 00:00:00+09:00,326.5823000644116,333.6819152832031,326.5823000644116,333.6819152832031,4600,0.0,0.0
2019-02-01 00:00:00+09:00,333.681973661156,336.3443298339844,331.9070695459371,336.3443298339844,2900,0.0,0.0
2019-02-04 00:00:00+09:00,335.4568760188546,338.1192321777344,328.35725959517515,338.1192321777344,11000,0.0,0.0
2019-02-05 00:00:00+09:00,343.4438781738281,343.4438781738281,338.1191668843114,343.4438781738281,6800,0.0,0.0
2019-02-06 00:00:00+09:00,343.44394183158875,344.33139387766516,339.8941336472829,340.7815856933594,4500,0.0,0.0
2019-02-07 00:00:00+09:00,340.7815805288461,347.8811967898638,339.89412849621897,346.1062927246094,7600,0.0,0.0
2019-02-08 00:00:00+09:00,360.3055182222146,375.39220248275063,353.2059020996094,353.2059020996094,73800,0.0,0.0
2019-02-12 00:00:00+09:00,357.64316047668456,357.64316047668456,353.2059004211426,354.9808044433594,8000,0.0,0.0
2019-02-13 00:00:00+09:00,354.98077240749376,358.5305801315687,354.98077240749376,356.75567626953125,5100,0.0,0.0
2019-02-14 00:00:00+09:00,356.755710160912,356.755710160912,351.43099806895805,353.2059020996094,6400,0.0,0.0
2019-02-15 00:00:00+09:00,353.20584245161575,353.20584245161575,351.4309387207031,351.4309387207031,2800,0.0,0.0
2019-02-18 00:00:00+09:00,353.2059004211426,355.86825645446777,349.656092376709,354.9808044433594,15800,0.0,0.0
2019-02-19 00:00:00+09:00,354.093352432251,356.75570846557616,352.3184484100342,354.9808044433594,4800,0.0,0.0
2019-02-20 00:00:00+09:00,355.86825729790786,356.7557093111196,352.3184492450609,354.0933532714844,10500,0.0,0.0
2019-02-21 00:00:00+09:00,354.0933532714844,355.86825729790786,353.2059012582726,354.0933532714844,3900,0.0,0.0
2019-02-22 00:00:00+09:00,354.9808044433594,355.86825645446777,352.3184484100342,354.9808044433594,4100,0.0,0.0
2019-02-25 00:00:00+09:00,355.86825729790786,355.86825729790786,353.2059012582726,354.0933532714844,3200,0.0,0.0
2019-02-26 00:00:00+09:00,355.86825645446777,355.86825645446777,354.093352432251,354.9808044433594,2300,0.0,0.0
2019-02-27 00:00:00+09:00,354.98080613026065,354.98080613026065,353.2059020996094,353.2059020996094,5400,0.0,0.0
2019-02-28 00:00:00+09:00,353.2059020996094,354.98080613026065,353.2059020996094,353.2059020996094,5900,0.0,0.0
2019-03-01 00:00:00+09:00,353.2059020996094,354.093354114935,349.6560940383068,353.2059020996094,7400,0.0,0.0
2019-03-04 00:00:00+09:00,353.2059004211426,354.9808044433594,352.3184484100342,354.9808044433594,4800,0.0,0.0
2019-03-05 00:00:00+09:00,354.9808044433594,354.9808044433594,354.093352432251,354.9808044433594,10100,0.0,0.0
2019-03-06 00:00:00+09:00,354.98080613026065,354.98080613026065,352.3184500842837,353.2059020996094,6500,0.0,0.0
2019-03-07 00:00:00+09:00,353.2059020996094,354.98080613026065,352.3184500842837,353.2059020996094,3700,0.0,0.0
2019-03-08 00:00:00+09:00,353.20590294518456,353.20590294518456,350.54354689283394,352.3184509277344,8100,0.0,0.0
2019-03-11 00:00:00+09:00,352.3184509277344,353.20590294518456,352.3184509277344,352.3184509277344,1300,0.0,0.0
2019-03-12 00:00:00+09:00,352.3184492450609,354.0933532714844,350.5435452186374,354.0933532714844,4200,0.0,0.0
2019-03-13 00:00:00+09:00,354.093354114935,354.98080613026065,353.2059020996094,353.2059020996094,3600,0.0,0.0
2019-03-14 00:00:00+09:00,354.0933532714844,354.0933532714844,353.2059012582726,354.0933532714844,3700,0.0,0.0
2019-03-15 00:00:00+09:00,354.0933515972033,355.8682556152344,353.2058995881878,355.8682556152344,12100,0.0,0.0
2019-03-18 00:00:00+09:00,354.0933515972033,355.8682556152344,353.2058995881878,355.8682556152344,4800,0.0,0.0
2019-03-19 00:00:00+09:00,355.8682243385125,356.75567626953125,355.8682243385125,356.75567626953125,1600,0.0,0.0
2019-03-20 00:00:00+09:00,355.8682704006004,371.8424072265625,354.9808183547136,371.8424072265625,18000,0.0,0.0
2019-03-22 00:00:00+09:00,371.84240036546765,379.82946863107435,369.1800442769321,378.9420166015625,9700,0.0,0.0
2019-03-25 00:00:00+09:00,372.7298592724493,372.7298592724493,363.85533881358145,371.8424072265625,4000,0.0,0.0
2019-03-26 00:00:00+09:00,372.72986370584243,375.39221987516987,367.4051513671875,367.4051513671875,7300,0.0,0.0
2019-03-27 00:00:00+09:00,371.8424081026652,371.8424081026652,364.7427917188434,370.9549560546875,1000,0.0,0.0
2019-03-28 00:00:00+09:00,370.9549560546875,370.9549560546875,370.9549560546875,370.9549560546875,0,0.0,0.0
2019-03-29 00:00:00+09:00,371.84237432253866,375.39218219196624,371.84237432253866,374.5047302246094,3700,0.0,0.0
2019-04-01 00:00:00+09:00,374.5047302246094,374.5047302246094,374.5047302246094,374.5047302246094,0,0.0,0.0
2019-04-02 00:00:00+09:00,373.6173113183361,377.16711950188323,371.8424072265625,371.8424072265625,4900,0.0,0.0
2019-04-03 00:00:00+09:00,373.61727825725245,376.27963415932317,373.61727825725245,374.5047302246094,3100,0.0,0.0
2019-04-04 00:00:00+09:00,375.39224149596015,377.16714571107104,373.6173372808492,376.2796936035156,1200,0.0,0.0
2019-04-05 00:00:00+09:00,381.60437097082604,381.60437097082604,378.9420148942854,380.7169189453125,8700,0.0,0.0
2019-04-08 00:00:00+09:00,387.81653000404094,389.5914340315194,382.4918179216056,386.0416259765625,3200,0.0,0.0
2019-04-09 00:00:00+09:00,381.60437182845357,386.92908399350176,376.27965966340537,379.8294677734375,4600,0.0,0.0
2019-04-10 00:00:00+09:00,381.60437182845357,386.92908399350176,376.27965966340537,379.8294677734375,4600,0.0,0.0
2019-04-11 00:00:00+09:00,378.05453178938046,387.81650326751,378.05453178938046,381.6043395996094,3400,0.0,0.0
2019-04-12 00:00:00+09:00,381.6043372737893,385.1541450623827,378.0545294851959,384.2666931152344,4100,0.0,0.0
2019-04-15 00:00:00+09:00,384.26675142060725,387.8165597478184,382.49184725700167,386.9291076660156,2200,0.0,0.0
2019-04-16 00:00:00+09:00,386.92901893898295,386.92901893898295,383.37921142578125,383.37921142578125,1900,0.0,0.0
2019-04-17 00:00:00+09:00,386.0415970095311,386.0415970095311,384.2666931152344,384.2666931152344,600,0.0,0.0
2019-04-18 00:00:00+09:00,384.2666946729762,386.04159857446797,382.4917907714844,382.4917907714844,1100,0.0,0.0
2019-04-19 00:00:00+09:00,382.49184725700167,386.9291076660156,381.6043951751989,386.9291076660156,3200,0.0,0.0
2019-04-22 00:00:00+09:00,386.9290788360455,387.8165308517245,385.1541748046875,385.1541748046875,3400,0.0,0.0
2019-04-23 00:00:00+09:00,385.1541748046875,386.0416268203665,383.3792707733295,385.1541748046875,2800,0.0,0.0
2019-04-24 00:00:00+09:00,386.04156706068255,386.04156706068255,383.37921142578125,383.37921142578125,1100,0.0,0.0
2019-04-25 00:00:00+09:00,383.3792707733295,385.1541748046875,378.9420106949345,385.1541748046875,6100,0.0,0.0
2019-04-26 00:00:00+09:00,391.3663346761995,392.25378668226796,386.92907464585704,389.5914306640625,9400,0.0,0.0
2019-05-07 00:00:00+09:00,390.4789114539045,392.2538155968768,386.04165109647374,391.3663635253906,4300,0.0,0.0
2019-05-08 00:00:00+09:00,386.9290788360455,386.9290788360455,383.3792707733295,385.1541748046875,3000,0.0,0.0
2019-05-09 00:00:00+09:00,385.15416495147844,395.8035888671875,384.26671295850264,395.8035888671875,7400,0.0,0.0
2019-05-10 00:00:00+09:00,381.6043667419715,389.5914348830825,379.8294627106135,385.1541748046875,7100,0.0,0.0
2019-05-13 00:00:00+09:00,390.4788536228905,390.4788536228905,386.92904586268236,387.8164978027344,2500,0.0,0.0
2019-05-14 00:00:00+09:00,381.6043372737893,387.8165009038278,376.27962559089923,384.2666931152344,5400,0.0,0.0
2019-05-15 00:00:00+09:00,386.9290489566794,386.9290489566794,384.2666931152344,384.2666931152344,2800,0.0,0.0
2019-05-16 00:00:00+09:00,385.1541474098383,385.1541474098383,381.6043395996094,381.6043395996094,3300,0.0,0.0
2019-05-17 00:00:00+09:00,382.49175954748085,386.04156706068255,379.8294039125796,383.37921142578125,2400,0.0,0.0
2019-05-20 00:00:00+09:00,380.71688764705215,383.37924350472383,379.8294356944949,381.6043395996094,2700,0.0,0.0
2019-05-21 00:00:00+09:00,384.2666633040817,384.2666633040817,380.71685579088,383.37921142578125,2200,0.0,0.0
2019-05-22 00:00:00+09:00,383.3792784926471,383.3792784926471,376.2796622242647,377.1671142578125,5400,0.0,0.0
2019-05-23 00:00:00+09:00,377.1670877365839,378.0545397077288,372.7298278808594,372.7298278808594,3600,0.0,0.0
2019-05-24 00:00:00+09:00,371.8423751142416,375.3921829912272,368.292567237256,373.6172790527344,3300,0.0,0.0
2019-05-27 00:00:00+09:00,375.3921829912272,377.16708692971997,372.729827083488,373.6172790527344,3200,0.0,0.0
2019-05-28 00:00:00+09:00,373.617305272062,378.0545654296875,372.72985324053695,378.0545654296875,4500,0.0,0.0
2019-05-29 00:00:00+09:00,378.0545654296875,378.9420174612126,377.1671133981624,378.0545654296875,1200,0.0,0.0
2019-05-30 00:00:00+09:00,377.1670943325006,377.1670943325006,365.6302185058594,365.6302185058594,7900,0.0,0.0
2019-05-31 00:00:00+09:00,365.6302185058594,366.5176704925241,365.6302185058594,365.6302185058594,3800,0.0,0.0
2019-06-03 00:00:00+09:00,365.630223466845,365.630223466845,356.7557034797856,360.3055114746094,6500,0.0,0.0
2019-06-04 00:00:00+09:00,361.1929336359471,361.1929336359471,358.5305778597608,359.41802978515625,8600,0.0,0.0
2019-06-05 00:00:00+09:00,365.6302824510047,365.6302824510047,361.19302174164784,362.9679260253906,7400,0.0,0.0
2019-06-06 00:00:00+09:00,362.96789640538833,362.96789640538833,362.0804443359375,362.0804443359375,1700,0.0,0.0
2019-06-07 00:00:00+09:00,362.0804443359375,363.85534847483916,362.0804443359375,362.0804443359375,5600,0.0,0.0
2019-06-10 00:00:00+09:00,365.6302185058594,365.6302185058594,364.7427665191947,365.6302185058594,2300,0.0,0.0
2019-06-11 00:00:00+09:00,363.8553161621094,363.8553161621094,363.8553161621094,363.8553161621094,2000,0.0,0.0
2019-06-12 00:00:00+09:00,364.7427665191947,365.6302185058594,364.7427665191947,365.6302185058594,1700,0.0,0.0
2019-06-13 00:00:00+09:00,366.5176704925241,367.40512247918883,365.6302185058594,365.6302185058594,2500,0.0,0.0
2019-06-14 00:00:00+09:00,364.7427657083507,367.40512166242627,364.7427657083507,366.5176696777344,2800,0.0,0.0
2019-06-17 00:00:00+09:00,365.6302185058594,366.5176704925241,363.85531453253,365.6302185058594,5300,0.0,0.0
2019-06-18 00:00:00+09:00,362.96786335669003,364.7427673339844,362.96786335669003,364.7427673339844,3900,0.0,0.0
2019-06-19 00:00:00+09:00,365.63021769304254,366.5176696777344,364.7427657083507,366.5176696777344,1300,0.0,0.0
2019-06-20 00:00:00+09:00,366.5176376894296,368.29254150390625,366.5176376894296,368.29254150390625,2600,0.0,0.0
2019-06-21 00:00:00+09:00,369.18005283273385,370.9549569328912,368.29260078265514,370.0675048828125,3500,0.0,0.0
2019-06-24 00:00:00+09:00,371.84237590971446,372.7298278808594,370.95492393856955,372.7298278808594,5300,0.0,0.0
2019-06-25 00:00:00+09:00,386.9290489566794,386.9290489566794,379.8294333794926,384.2666931152344,25300,0.0,0.0
2019-06-26 00:00:00+09:00,356.75567551227124,362.0803870870813,356.75567551227124,357.64312744140625,37600,0.0,0.0
2019-06-27 00:00:00+09:00,360.30551313645765,361.19296513925684,357.6431571280602,358.5306091308594,9300,0.0,0.0
2019-06-28 00:00:00+09:00,359.4180611336585,359.4180611336585,357.6431571280602,358.5306091308594,4800,0.0,0.0
2019-07-01 00:00:00+09:00,359.41802978515625,360.3054817105517,358.5305778597608,359.41802978515625,5200,0.0,0.0
2019-07-02 00:00:00+09:00,359.41802978515625,360.3054817105517,358.5305778597608,359.41802978515625,2300,0.0,0.0
2019-07-03 00:00:00+09:00,359.41802978515625,359.41802978515625,357.64312593436534,359.41802978515625,4400,0.0,0.0
2019-07-04 00:00:00+09:00,359.4180586531356,361.1929626464844,359.4180586531356,361.1929626464844,10900,0.0,0.0
2019-07-05 00:00:00+09:00,362.0804443359375,362.0804443359375,361.19299226648667,362.0804443359375,9000,0.0,0.0
2019-07-08 00:00:00+09:00,362.9679260253906,362.9679260253906,362.08047388351923,362.9679260253906,2600,0.0,0.0
2019-07-09 00:00:00+09:00,362.0804443359375,363.85534847483916,362.0804443359375,362.0804443359375,1800,0.0,0.0
2019-07-10 00:00:00+09:00,361.1929634733153,361.1929634733153,359.4180594759034,360.3055114746094,5500,0.0,0.0
2019-07-11 00:00:00+09:00,360.30551064980995,362.0804146431588,360.30551064980995,361.1929626464844,3200,0.0,0.0
2019-07-12 00:00:00+09:00,362.08038556134255,362.967837486738,359.41802978515625,359.41802978515625,11400,0.0,0.0
2019-07-16 00:00:00+09:00,358.53060665646115,361.1929626464844,358.53060665646115,361.1929626464844,4400,0.0,0.0
2019-07-17 00:00:00+09:00,361.1929634733153,362.08041547202123,360.3055114746094,360.3055114746094,1500,0.0,0.0
2019-07-18 00:00:00+09:00,360.3055114746094,361.1929634733153,360.3055114746094,360.3055114746094,4000,0.0,0.0
2019-07-19 00:00:00+09:00,360.3054817105517,361.1929336359471,359.41802978515625,359.41802978515625,3100,0.0,0.0
2019-07-22 00:00:00+09:00,359.4180586531356,361.1929626464844,359.4180586531356,361.1929626464844,1700,0.0,0.0
2019-07-23 00:00:00+09:00,361.1929634733153,361.1929634733153,360.3055114746094,360.3055114746094,800,0.0,0.0
2019-07-24 00:00:00+09:00,360.3054817105517,361.1929336359471,359.41802978515625,359.41802978515625,1800,0.0,0.0
2019-07-25 00:00:00+09:00,359.41802978515625,360.3054817105517,358.5305778597608,359.41802978515625,4800,0.0,0.0
2019-07-26 00:00:00+09:00,359.41802978515625,361.1929336359471,359.41802978515625,359.41802978515625,1400,0.0,0.0
2019-07-29 00:00:00+09:00,360.30551064980995,361.1929626464844,360.30551064980995,361.1929626464844,1300,0.0,0.0
2019-07-30 00:00:00+09:00,359.4180312996763,359.4180312996763,356.75567551227124,357.64312744140625,12200,0.0,0.0
2019-07-31 00:00:00+09:00,357.64315547849156,360.3055114746094,357.64315547849156,360.3055114746094,5500,0.0,0.0
2019-08-01 00:00:00+09:00,360.30551313645765,360.30551313645765,357.6431571280602,358.5306091308594,5700,0.0,0.0
2019-08-02 00:00:00+09:00,359.4180611336585,360.30551313645765,357.6431571280602,358.5306091308594,7300,0.0,0.0
2019-08-05 00:00:00+09:00,361.19296513925684,361.19296513925684,357.6431571280602,358.5306091308594,14000,0.0,0.0
2019-08-06 00:00:00+09:00,357.6431596332655,358.53061164228103,355.8682556152344,355.8682556152344,7700,0.0,0.0
2019-08-07 00:00:00+09:00,356.75570846557616,357.64316047668456,354.093352432251,354.9808044433594,15700,0.0,0.0
2019-08-08 00:00:00+09:00,354.98077240749376,356.75567626953125,354.98077240749376,356.75567626953125,2700,0.0,0.0
2019-08-09 00:00:00+09:00,357.6431571280602,358.5306091308594,357.6431571280602,358.5306091308594,2900,0.0,0.0
2019-08-13 00:00:00+09:00,358.53061248779295,358.53061248779295,354.093352432251,354.9808044433594,7300,0.0,0.0
2019-08-14 00:00:00+09:00,354.9807716540013,357.64312744140625,354.9807716540013,357.64312744140625,2100,0.0,0.0
2019-08-15 00:00:00+09:00,357.6431571280602,358.5306091308594,355.8682531224619,358.5306091308594,4300,0.0,0.0
2019-08-16 00:00:00+09:00,358.5305778597608,359.41802978515625,357.64312593436534,359.41802978515625,5200,0.0,0.0
2019-08-19 00:00:00+09:00,359.4180594759034,360.3055114746094,358.53060747719746,360.3055114746094,3600,0.0,0.0
2019-08-20 00:00:00+09:00,360.30551064980995,361.1929626464844,360.30551064980995,361.1929626464844,1800,0.0,0.0
2019-08-21 00:00:00+09:00,360.30551064980995,362.0804146431588,360.30551064980995,361.1929626464844,1600,0.0,0.0
2019-08-22 00:00:00+09:00,359.4180586531356,361.1929626464844,359.4180586531356,361.1929626464844,1300,0.0,0.0
2019-08-23 00:00:00+09:00,359.41802978515625,361.1929336359471,358.5305778597608,359.41802978515625,4500,0.0,0.0
2019-08-26 00:00:00+09:00,357.64312593436534,361.1929336359471,357.64312593436534,359.41802978515625,4900,0.0,0.0
2019-08-27 00:00:00+09:00,360.3055114746094,361.1929634733153,360.3055114746094,360.3055114746094,800,0.0,0.0
2019-08-28 00:00:00+09:00,360.3054817105517,360.3054817105517,359.41802978515625,359.41802978515625,1000,0.0,0.0
2019-08-29 00:00:00+09:00,359.4180594759034,361.1929634733153,359.4180594759034,360.3055114746094,1700,0.0,0.0
2019-08-30 00:00:00+09:00,360.3054817105517,361.1929336359471,359.41802978515625,359.41802978515625,1400,0.0,0.0
2019-09-02 00:00:00+09:00,359.41802978515625,360.3054817105517,359.41802978515625,359.41802978515625,5300,0.0,0.0
2019-09-03 00:00:00+09:00,359.41802978515625,360.3054817105517,357.64312593436534,359.41802978515625,4900,0.0,0.0
2019-09-04 00:00:00+09:00,360.30551064980995,361.1929626464844,359.4180586531356,361.1929626464844,2600,0.0,0.0
2019-09-05 00:00:00+09:00,362.9678674707272,362.9678674707272,359.4180594759034,360.3055114746094,6700,0.0,0.0
2019-09-06 00:00:00+09:00,360.30551064980995,361.1929626464844,360.30551064980995,361.1929626464844,3600,0.0,0.0
2019-09-09 00:00:00+09:00,361.1929634733153,361.1929634733153,360.3055114746094,360.3055114746094,2000,0.0,0.0
2019-09-10 00:00:00+09:00,360.3055114746094,361.1929634733153,359.4180594759034,360.3055114746094,4800,0.0,0.0
2019-09-11 00:00:00+09:00,360.30554019703584,362.0804443359375,360.30554019703584,362.0804443359375,4000,0.0,0.0
2019-09-12 00:00:00+09:00,361.1929626464844,362.0804146431588,361.1929626464844,361.1929626464844,4500,0.0,0.0
2019-09-13 00:00:00+09:00,363.85534314141756,367.4051513671875,362.9678910849751,367.4051513671875,9000,0.0,0.0
2019-09-17 00:00:00+09:00,366.51767213402724,366.51767213402724,362.96786417147007,363.8553161621094,4700,0.0,0.0
2019-09-18 00:00:00+09:00,363.85531453253,365.6302185058594,363.85531453253,365.6302185058594,1200,0.0,0.0
2019-09-19 00:00:00+09:00,364.74280054429,365.6302526137408,362.0804443359375,362.0804443359375,2900,0.0,0.0
2019-09-20 00:00:00+09:00,362.08047388351923,364.74283030913335,362.08047388351923,362.9679260253906,3800,0.0,0.0
2019-09-24 00:00:00+09:00,362.08047388351923,362.9679260253906,362.08047388351923,362.9679260253906,2200,0.0,0.0
2019-09-25 00:00:00+09:00,362.9678666398332,362.9678666398332,361.1929626464844,361.1929626464844,1500,0.0,0.0
2019-09-26 00:00:00+09:00,357.6431571280602,360.30551313645765,357.6431571280602,358.5306091308594,9500,0.0,0.0
2019-09-27 00:00:00+09:00,358.5305778597608,360.3054817105517,358.5305778597608,359.41802978515625,2600,0.0,0.0
2019-09-30 00:00:00+09:00,358.5305778597608,360.3054817105517,358.5305778597608,359.41802978515625,3500,0.0,0.0
2019-10-01 00:00:00+09:00,359.4180312996763,360.3054832288113,357.64312744140625,357.64312744140625,3100,0.0,0.0
2019-10-02 00:00:00+09:00,357.6431571280602,360.30551313645765,357.6431571280602,358.5306091308594,3500,0.0,0.0
2019-10-03 00:00:00+09:00,359.4180611336585,359.4180611336585,357.6431571280602,358.5306091308594,3100,0.0,0.0
2019-10-04 00:00:00+09:00,359.4180611336585,359.4180611336585,358.5306091308594,358.5306091308594,5300,0.0,0.0
2019-10-07 00:00:00+09:00,357.64312820055,359.41803206258743,356.75567626953125,356.75567626953125,6600,0.0,0.0
2019-10-08 00:00:00+09:00,357.64312820055,358.5305801315687,356.75567626953125,356.75567626953125,4000,0.0,0.0
2019-10-09 00:00:00+09:00,357.64312744140625,357.64312744140625,356.75567551227124,357.64312744140625,1600,0.0,0.0
2019-10-10 00:00:00+09:00,356.75567551227124,359.4180312996763,356.75567551227124,357.64312744140625,1700,0.0,0.0
2019-10-11 00:00:00+09:00,357.6431596332655,357.6431596332655,355.8682556152344,355.8682556152344,3500,0.0,0.0
2019-10-15 00:00:00+09:00,353.2058995881878,355.8682556152344,353.2058995881878,355.8682556152344,8800,0.0,0.0
2019-10-16 00:00:00+09:00,354.9808044433594,355.86825645446777,354.093352432251,354.9808044433594,3900,0.0,0.0
2019-10-17 00:00:00+09:00,354.093354114935,354.98080613026065,351.43099806895805,353.2059020996094,13600,0.0,0.0
2019-10-18 00:00:00+09:00,353.20590637051725,354.9808104226304,334.56941382332917,348.7686462402344,21900,0.0,0.0
2019-10-21 00:00:00+09:00,345.21884069198217,348.768648822491,343.44393662672775,346.1062927246094,7000,0.0,0.0
2019-10-23 00:00:00+09:00,348.76864795733593,348.76864795733593,345.21883983563276,346.9937438964844,4600,0.0,0.0
2019-10-24 00:00:00+09:00,349.65609826629094,350.5435502923475,346.99374218812125,348.7686462402344,3300,0.0,0.0
2019-10-25 00:00:00+09:00,347.88116455078125,348.7686165011659,347.88116455078125,347.88116455078125,2800,0.0,0.0
2019-10-28 00:00:00+09:00,351.4309387207031,352.31839058615947,348.76858312433416,351.4309387207031,4800,0.0,0.0
2019-10-29 00:00:00+09:00,349.6560349897905,353.20584245161575,348.76858312433416,351.4309387207031,6000,0.0,0.0
2019-10-30 00:00:00+09:00,351.4309387207031,353.20584245161575,350.54348685524684,351.4309387207031,5600,0.0,0.0
2019-10-31 00:00:00+09:00,351.43093941604036,352.3183912832526,349.6560356816159,350.5434875488281,4300,0.0,0.0
2019-11-01 00:00:00+09:00,349.65609487538376,353.20590294518456,349.65609487538376,352.3184509277344,6600,0.0,0.0
2019-11-05 00:00:00+09:00,357.64316132433134,357.64316132433134,353.2059012582726,354.0933532714844,6700,0.0,0.0
2019-11-06 00:00:00+09:00,354.0933532714844,354.9808052846961,352.3184492450609,354.0933532714844,4400,0.0,0.0
2019-11-07 00:00:00+09:00,354.9808044433594,354.9808044433594,353.2059004211426,354.9808044433594,2300,0.0,0.0
2019-11-08 00:00:00+09:00,354.9808044433594,355.86825645446777,354.093352432251,354.9808044433594,3400,0.0,0.0
2019-11-11 00:00:00+09:00,354.9808044433594,355.86825645446777,354.093352432251,354.9808044433594,4100,0.0,0.0
2019-11-12 00:00:00+09:00,354.9808044433594,355.86825645446777,354.093352432251,354.9808044433594,4200,0.0,0.0
2019-11-13 00:00:00+09:00,355.86825645446777,355.86825645446777,353.2059004211426,354.9808044433594,3100,0.0,0.0
2019-11-14 00:00:00+09:00,354.093352432251,354.9808044433594,354.093352432251,354.9808044433594,1400,0.0,0.0
2019-11-15 00:00:00+09:00,354.98080613026065,355.8682581455863,352.3184500842837,353.2059020996094,8400,0.0,0.0
2019-11-18 00:00:00+09:00,354.9808052846961,354.9808052846961,354.0933532714844,354.0933532714844,7900,0.0,0.0
2019-11-19 00:00:00+09:00,353.2059012582726,354.0933532714844,352.3184492450609,354.0933532714844,7700,0.0,0.0
2019-11-20 00:00:00+09:00,353.2059012582726,354.9808052846961,353.2059012582726,354.0933532714844,4900,0.0,0.0
2019-11-21 00:00:00+09:00,353.2059020996094,354.093354114935,352.3184500842837,353.2059020996094,4000,0.0,0.0
2019-11-22 00:00:00+09:00,353.2059020996094,353.2059020996094,350.5435460536324,353.2059020996094,8700,0.0,0.0
2019-11-25 00:00:00+09:00,353.2059012582726,354.0933532714844,353.2059012582726,354.0933532714844,4100,0.0,0.0
2019-11-26 00:00:00+09:00,354.0933532714844,354.0933532714844,353.2059012582726,354.0933532714844,4800,0.0,0.0
2019-11-27 00:00:00+09:00,354.0933532714844,354.0933532714844,353.2059012582726,354.0933532714844,2700,0.0,0.0
2019-11-28 00:00:00+09:00,354.0933532714844,354.0933532714844,353.2059012582726,354.0933532714844,4600,0.0,0.0
2019-11-29 00:00:00+09:00,354.0933532714844,354.0933532714844,353.2059012582726,354.0933532714844,4600,0.0,0.0
2019-12-02 00:00:00+09:00,354.0933532714844,354.0933532714844,353.2059012582726,354.0933532714844,4500,0.0,0.0
2019-12-03 00:00:00+09:00,354.0933532714844,354.0933532714844,354.0933532714844,354.0933532714844,3600,0.0,0.0
2019-12-04 00:00:00+09:00,354.0933532714844,354.0933532714844,353.2059012582726,354.0933532714844,6500,0.0,0.0
2019-12-05 00:00:00+09:00,354.0933532714844,354.0933532714844,353.2059012582726,354.0933532714844,10600,0.0,0.0
2019-12-06 00:00:00+09:00,354.093354114935,354.093354114935,353.2059020996094,353.2059020996094,6300,0.0,0.0
2019-12-09 00:00:00+09:00,353.20590294518456,354.0933549626348,352.3184509277344,352.3184509277344,8200,0.0,0.0
2019-12-10 00:00:00+09:00,352.3184500842837,353.2059020996094,351.43099806895805,353.2059020996094,8600,0.0,0.0
2019-12-11 00:00:00+09:00,353.20590294518456,353.20590294518456,352.3184509277344,352.3184509277344,5400,0.0,0.0
2019-12-12 00:00:00+09:00,353.20590294518456,353.20590294518456,351.43099891028413,352.3184509277344,5900,0.0,0.0
2019-12-13 00:00:00+09:00,352.3184509277344,353.20590294518456,350.54354689283394,352.3184509277344,9500,0.0,0.0
2019-12-16 00:00:00+09:00,352.3184509277344,352.3184509277344,351.43099891028413,352.3184509277344,7400,0.0,0.0
2019-12-17 00:00:00+09:00,352.31839058615947,352.31839058615947,350.54348685524684,351.4309387207031,6100,0.0,0.0
2019-12-18 00:00:00+09:00,351.43100145988655,351.43100145988655,349.6560974121094,349.6560974121094,16200,0.0,0.0
2019-12-19 00:00:00+09:00,350.543549435998,350.543549435998,348.76864538822076,349.6560974121094,12000,0.0,0.0
2019-12-20 00:00:00+09:00,348.7686462402344,349.65609826629094,347.8811942141778,348.7686462402344,9000,0.0,0.0
2019-12-23 00:00:00+09:00,347.88116690432196,348.76861886071055,345.21881103515625,345.21881103515625,28200,0.0,0.0
2019-12-24 00:00:00+09:00,345.2187812254601,346.1062331052171,343.4438774659462,344.3313293457031,21100,0.0,0.0
2019-12-25 00:00:00+09:00,345.2187812254601,346.1062331052171,343.4438774659462,344.3313293457031,17600,0.0,0.0
2019-12-26 00:00:00+09:00,346.1062918660586,346.9937438964844,343.4439357747812,346.9937438964844,30800,0.0,0.0
2019-12-27 00:00:00+09:00,343.82687755466736,351.0653381347656,342.92206998215505,351.0653381347656,26500,7.5,0.0
2019-12-30 00:00:00+09:00,353.77976899527033,353.77976899527033,351.0653462152555,351.97015380859375,7700,0.0,0.0
2020-01-06 00:00:00+09:00,348.3509667299435,349.2557744357356,346.5413513183594,346.5413513183594,5700,0.0,0.0
2020-01-07 00:00:00+09:00,346.54136717164675,351.9702136547535,345.6365594244623,348.3509826660156,12600,0.0,0.0
2020-01-08 00:00:00+09:00,347.4461590241514,347.4461590241514,346.5413513183594,346.5413513183594,3200,0.0,0.0
2020-01-09 00:00:00+09:00,347.4461669921875,348.3509747187296,347.4461669921875,347.4461669921875,6000,0.0,0.0
2020-01-10 00:00:00+09:00,347.44617491883116,348.3509826660156,346.54136717164675,348.3509826660156,3800,0.0,0.0
2020-01-14 00:00:00+09:00,347.44617491883116,348.3509826660156,346.54136717164675,348.3509826660156,6100,0.0,0.0
2020-01-15 00:00:00+09:00,348.3509747187296,348.3509747187296,346.5413592656453,347.4461669921875,7200,0.0,0.0
2020-01-16 00:00:00+09:00,347.4461669921875,348.3509747187296,344.73174381256104,347.4461669921875,9500,0.0,0.0
2020-01-17 00:00:00+09:00,347.4461669921875,349.2557824452718,347.4461669921875,347.4461669921875,13800,0.0,0.0
2020-01-20 00:00:00+09:00,347.4461078447165,351.0653381347656,347.4461078447165,351.0653381347656,4700,0.0,0.0
2020-01-21 00:00:00+09:00,351.06541387528335,351.97022164300313,349.25579833984375,349.25579833984375,6100,0.0,0.0
2020-01-22 00:00:00+09:00,351.0653381347656,351.0653381347656,349.25572298974106,351.0653381347656,1700,0.0,0.0
2020-01-23 00:00:00+09:00,351.0653381347656,351.9701457072779,350.1605305622533,351.0653381347656,1300,0.0,0.0
2020-01-24 00:00:00+09:00,351.06541387528335,351.06541387528335,348.3509905721239,349.25579833984375,2600,0.0,0.0
2020-01-27 00:00:00+09:00,351.9702124407911,351.9702124407911,343.82694274421755,344.73175048828125,16400,0.0,0.0
2020-01-28 00:00:00+09:00,345.6365436125673,348.3509667299435,345.6365436125673,346.5413513183594,2200,0.0,0.0
2020-01-29 00:00:00+09:00,347.44618280440415,351.06541387528335,346.5413750366843,349.25579833984375,4000,0.0,0.0
2020-01-30 00:00:00+09:00,350.16058214152764,350.16058214152764,345.6365436125673,346.5413513183594,2100,0.0,0.0
2020-01-31 00:00:00+09:00,346.54136717164675,351.065405907569,346.54136717164675,348.3509826660156,3900,0.0,0.0
2020-02-03 00:00:00+09:00,344.73174381256104,347.4461669921875,344.73174381256104,347.4461669921875,2400,0.0,0.0
2020-02-04 00:00:00+09:00,349.25572298974106,351.0653381347656,347.4461078447165,351.0653381347656,2700,0.0,0.0
2020-02-05 00:00:00+09:00,351.97022164300313,351.97022164300313,348.3509905721239,349.25579833984375,5900,0.0,0.0
2020-02-06 00:00:00+09:00,349.25579833984375,350.1606061075635,345.63656726896454,349.25579833984375,4100,0.0,0.0
2020-02-07 00:00:00+09:00,349.2557904132001,349.2557904132001,347.44617491883116,348.3509826660156,2600,0.0,0.0
2020-02-10 00:00:00+09:00,347.4461300872093,350.1605529785156,347.4461300872093,350.1605529785156,4700,0.0,0.0
2020-02-12 00:00:00+09:00,346.54134332946455,348.3509586993312,345.63653564453125,345.63653564453125,3100,0.0,0.0
2020-02-13 00:00:00+09:00,345.6365436125673,347.4461590241514,345.6365436125673,346.5413513183594,1800,0.0,0.0
2020-02-14 00:00:00+09:00,346.5413659764087,346.5413659764087,344.73175048828125,344.73175048828125,2200,0.0,0.0
2020-02-17 00:00:00+09:00,343.82688815000824,343.82688815000824,342.01727294921875,342.01727294921875,3300,0.0,0.0
2020-02-18 00:00:00+09:00,343.82688815000824,343.82688815000824,342.01727294921875,342.01727294921875,3300,0.0,0.0
2020-02-19 00:00:00+09:00,342.01727294921875,342.9220805496135,342.01727294921875,342.01727294921875,5800,0.0,0.0
2020-02-20 00:00:00+09:00,343.82688815000824,344.73169575040305,341.112465348824,342.01727294921875,4600,0.0,0.0
2020-02-21 00:00:00+09:00,341.112465348824,343.82688815000824,340.20765774842926,342.01727294921875,4100,0.0,0.0
2020-02-25 00:00:00+09:00,334.7788931920765,337.4933166503906,334.7788931920765,337.4933166503906,8400,0.0,0.0
2020-02-26 00:00:00+09:00,337.493300856927,337.493300856927,332.9692619714454,335.6836853027344,9800,0.0,0.0
2020-02-27 00:00:00+09:00,334.7788397199408,336.5884550697783,317.5874938964844,317.5874938964844,19000,0.0,0.0
2020-02-28 00:00:00+09:00,305.8250246745784,307.63464020519723,295.87213925617493,296.7769470214844,23500,0.0,0.0
2020-03-02 00:00:00+09:00,290.44328944259064,310.34906005859375,289.53848168731776,310.34906005859375,6200,0.0,0.0
2020-03-03 00:00:00+09:00,320.3019606067288,320.3019606067288,304.0154202368952,308.5394592285156,3300,0.0,0.0
2020-03-04 00:00:00+09:00,299.49133606857254,306.72979736328125,299.49133606857254,306.72979736328125,2700,0.0,0.0
2020-03-05 00:00:00+09:00,315.7778864773837,318.4923095703125,315.7778864773837,318.4923095703125,4200,0.0,0.0
2020-03-06 00:00:00+09:00,318.4923379587573,318.4923379587573,311.2538757324219,311.2538757324219,8800,0.0,0.0
2020-03-09 00:00:00+09:00,298.5865173339844,304.920170731978,285.9192105379972,298.5865173339844,17400,0.0,0.0
2020-03-10 00:00:00+09:00,275.966372805815,287.72887394180054,275.966372805815,286.8240661621094,15800,0.0,0.0
2020-03-11 00:00:00+09:00,300.3961340525794,301.30094168526784,283.204789031498,285.014404296875,8400,0.0,0.0
2020-03-12 00:00:00+09:00,274.15666082135067,277.7758906671771,272.3470458984375,272.3470458984375,11300,0.0,0.0
2020-03-13 00:00:00+09:00,258.77498586554276,263.2990240799753,231.63075657894737,257.87017822265625,18900,0.0,0.0
2020-03-16 00:00:00+09:00,264.2038514074618,270.53750537955847,247.9173126220703,247.9173126220703,5400,0.0,0.0
2020-03-17 00:00:00+09:00,228.9163405508365,244.29807094358048,223.48749452986806,239.77403259277344,23500,0.0,0.0
2020-03-18 00:00:00+09:00,237.96442013695128,249.72691999162947,236.15480477469308,247.0124969482422,5000,0.0,0.0
2020-03-19 00:00:00+09:00,239.77401196515117,247.01247270372178,238.86920437282987,244.2980499267578,6900,0.0,0.0
2020-03-23 00:00:00+09:00,243.39324233443648,248.82208788836445,237.0595891881872,244.2980499267578,3300,0.0,0.0
2020-03-24 00:00:00+09:00,263.2990240799753,263.2990240799753,256.06056293688323,257.87017822265625,2900,0.0,0.0
2020-03-25 00:00:00+09:00,274.1567141723633,274.1567141723633,254.25094614664715,271.4422912597656,6800,0.0,0.0
2020-03-26 00:00:00+09:00,275.06154466711956,275.9663523798404,270.5375061035156,270.5375061035156,3100,0.0,0.0
2020-03-27 00:00:00+09:00,276.87113708496094,276.87113708496094,271.4422912597656,271.4422912597656,2300,0.0,0.0
2020-03-30 00:00:00+09:00,271.4422879153735,271.4422879153735,262.3942116515277,264.2038269042969,3000,0.0,0.0
2020-03-31 00:00:00+09:00,265.108628198656,268.72785861775026,265.108628198656,266.9182434082031,1800,0.0,0.0
2020-04-01 00:00:00+09:00,266.9182434082031,269.6326662225238,265.108628198656,266.9182434082031,1700,0.0,0.0
2020-04-02 00:00:00+09:00,266.91825307210286,271.4422912597656,266.0134454345703,271.4422912597656,2500,0.0,0.0
2020-04-03 00:00:00+09:00,266.91825307210286,275.9663294474284,266.0134454345703,271.4422912597656,5600,0.0,0.0
2020-04-06 00:00:00+09:00,271.4422977331913,271.4422977331913,264.2038364603062,268.7278747558594,2200,0.0,0.0
2020-04-07 00:00:00+09:00,270.5375061035156,273.251929241678,270.5375061035156,270.5375061035156,2100,0.0,0.0
2020-04-08 00:00:00+09:00,272.3470458984375,272.3470458984375,270.5374309755243,272.3470458984375,1500,0.0,0.0
2020-04-09 00:00:00+09:00,274.15669345543034,275.96630859375,274.15669345543034,275.96630859375,1500,0.0,0.0
2020-04-10 00:00:00+09:00,275.96634846348917,280.4903869628906,271.4423099640877,280.4903869628906,4700,0.0,0.0
2020-04-13 00:00:00+09:00,276.871138723273,283.20479222347865,275.0615234375,275.0615234375,4200,0.0,0.0
2020-04-14 00:00:00+09:00,278.68077156313,281.3951946627709,278.68077156313,280.4903869628906,2700,0.0,0.0
2020-04-15 00:00:00+09:00,283.20481006253146,283.20481006253146,280.4903869628906,280.4903869628906,2700,0.0,0.0
2020-04-16 00:00:00+09:00,280.4904016271814,280.4904016271814,276.87117063844363,278.6807861328125,3800,0.0,0.0
2020-04-17 00:00:00+09:00,277.77597838562804,284.1096326159193,277.77597838562804,278.6807861328125,5800,0.0,0.0
2020-04-20 00:00:00+09:00,280.4904244388742,280.4904244388742,276.87119315579196,277.7760009765625,3400,0.0,0.0
2020-04-21 00:00:00+09:00,276.87117063844363,280.4904016271814,276.87117063844363,278.6807861328125,2100,0.0,0.0
2020-04-22 00:00:00+09:00,275.9664008378211,279.58563232421875,275.9664008378211,279.58563232421875,1400,0.0,0.0
2020-04-23 00:00:00+09:00,279.58557787128524,279.58557787128524,276.87115478515625,276.87115478515625,1700,0.0,0.0
2020-04-24 00:00:00+09:00,276.87111616290986,276.87111616290986,275.06150102459014,275.96630859375,3300,0.0,0.0
2020-04-27 00:00:00+09:00,275.96634846348917,280.4903869628906,275.96634846348917,280.4903869628906,2900,0.0,0.0
2020-04-28 00:00:00+09:00,279.58563232421875,280.49044019581817,278.68082445261933,279.58563232421875,1000,0.0,0.0
2020-04-30 00:00:00+09:00,281.39515352249146,289.5384216308594,280.490345954895,289.5384216308594,16100,0.0,0.0
2020-05-01 00:00:00+09:00,283.2047999817648,293.1576843261719,283.2047999817648,293.1576843261719,6300,0.0,0.0
2020-05-07 00:00:00+09:00,289.5384747257053,291.348090192741,285.919243791634,288.6336669921875,7900,0.0,0.0
2020-05-08 00:00:00+09:00,298.5865173339844,300.396132590554,296.7769020774148,298.5865173339844,6400,0.0,0.0
2020-05-11 00:00:00+09:00,302.20575905408833,308.5394126869584,302.20575905408833,306.72979736328125,9400,0.0,0.0
2020-05-12 00:00:00+09:00,361.9230648213753,379.1144104003906,360.1134494972684,379.1144104003906,399800,0.0,0.0
2020-05-13 00:00:00+09:00,360.1134760872871,371.8759765625,351.06539879866176,371.8759765625,160700,0.0,0.0
2020-05-14 00:00:00+09:00,360.1134586034645,364.6374970281311,345.63653564453125,345.63653564453125,36400,0.0,0.0
2020-05-15 00:00:00+09:00,355.5894036543997,356.4942112972862,305.82498329564146,326.63555908203125,55700,0.0,0.0
2020-05-18 00:00:00+09:00,317.587485874721,325.7307547433036,312.1586399623326,316.68267822265625,25600,0.0,0.0
2020-05-19 00:00:00+09:00,328.44521984217226,328.44521984217226,319.39714216056973,324.82598876953125,16400,0.0,0.0
2020-05-20 00:00:00+09:00,324.8259390955386,333.8740153934645,318.4922856869905,332.9692077636719,18000,0.0,0.0
2020-05-21 00:00:00+09:00,340.2076640625,341.11247167968753,331.159587890625,339.3028564453125,21300,0.0,0.0
2020-05-22 00:00:00+09:00,339.30285014803445,347.4461185515873,338.3980425476397,342.01727294921875,13100,0.0,0.0
2020-05-25 00:00:00+09:00,348.3509747187296,351.97020562489826,343.82693608601886,347.4461669921875,25200,0.0,0.0
2020-05-26 00:00:00+09:00,347.4461669921875,352.87501335144043,345.63655153910315,347.4461669921875,20000,0.0,0.0
2020-05-27 00:00:00+09:00,346.5413750366843,350.1606061075635,342.9221439658051,349.25579833984375,10000,0.0,0.0
2020-05-28 00:00:00+09:00,349.2557579040527,363.7326805114746,346.54133491516114,361.9230651855469,48900,0.0,0.0
2020-05-29 00:00:00+09:00,357.39902687072754,362.8278728485107,357.39902687072754,361.9230651855469,14500,0.0,0.0
2020-06-01 00:00:00+09:00,359.2086912145937,377.3048469432886,358.303883428159,374.5904235839844,42000,0.0,0.0
2020-06-02 00:00:00+09:00,371.8759879346164,390.8769508217866,370.06637242155256,383.63848876953125,45300,0.0,0.0
2020-06-03 00:00:00+09:00,393.5913068235888,411.687458861455,375.49515478572266,389.9720764160156,87200,0.0,0.0
2020-06-04 00:00:00+09:00,386.3528732408023,397.21056522883424,376.3999889184397,382.733642578125,30700,0.0,0.0
2020-06-05 00:00:00+09:00,375.49518698168777,398.11537896853645,375.49518698168777,397.2105712890625,46500,0.0,0.0
2020-06-08 00:00:00+09:00,423.45,427.0692307692308,404.44903846153846,411.6875,75900,0.0,0.0
2020-06-09 00:00:00+09:00,408.97311878853105,411.68754214332216,398.1154253693665,399.0202331542969,44200,0.0,0.0
2020-06-10 00:00:00+09:00,394.49611965205276,408.0682338602656,389.9720815826485,400.82977294921875,19000,0.0,0.0
2020-06-11 00:00:00+09:00,402.6393828425219,405.35380564820184,389.9720764160156,389.9720764160156,22200,0.0,0.0
2020-06-12 00:00:00+09:00,362.82786632375127,389.06728807783804,362.82786632375127,381.8288269042969,36000,0.0,0.0
2020-06-15 00:00:00+09:00,392.6865136123285,397.2105517875857,370.97113037109375,370.97113037109375,20200,0.0,0.0
2020-06-16 00:00:00+09:00,378.20956974473114,389.0672607421875,378.20956974473114,389.0672607421875,11700,0.0,0.0
2020-06-17 00:00:00+09:00,396.3057861328125,396.3057861328125,388.162516554741,396.3057861328125,7700,0.0,0.0
2020-06-18 00:00:00+09:00,395.400959620966,395.400959620966,383.6384596780082,387.2576904296875,10400,0.0,0.0
2020-06-19 00:00:00+09:00,389.0672607421875,392.686491074673,384.5432228265807,389.0672607421875,12900,0.0,0.0
2020-06-22 00:00:00+09:00,392.68651376292974,392.68651376292974,385.4480526797421,388.1624755859375,13500,0.0,0.0
2020-06-23 00:00:00+09:00,393.59129865779437,393.59129865779437,386.3528379928234,389.0672607421875,8900,0.0,0.0
2020-06-24 00:00:00+09:00,392.6864766721372,396.30570687188043,387.25763137252244,390.8768615722656,27100,0.0,0.0
2020-06-25 00:00:00+09:00,389.0673053264618,463.26153564453125,389.0673053264618,463.26153564453125,654800,0.0,0.0
2020-06-26 00:00:00+09:00,553.7423095703125,553.7423095703125,553.7423095703125,553.7423095703125,89900,0.0,0.0
2020-06-29 00:00:00+09:00,617.0787355230095,644.2229614257812,484.9768361295207,644.2229614257812,2151800,0.0,0.0
2020-06-30 00:00:00+09:00,696.7018573467549,779.9441571855879,599.8874434037642,646.9374389648438,3827100,0.0,0.0
2020-07-01 00:00:00+09:00,633.3653314672288,636.079754316374,542.8845698290532,548.3134155273438,797200,0.0,0.0
2020-07-02 00:00:00+09:00,530.2172751390297,544.6941973271261,464.16631765584,474.11920166015625,803000,0.0,0.0
2020-07-03 00:00:00+09:00,465.97606089486356,564.6001203852328,465.97606089486356,563.6953125,2255300,0.0,0.0
2020-07-06 00:00:00+09:00,545.5990520507812,627.9365541015625,542.88462890625,565.5048217773438,1281100,0.0,0.0
2020-07-07 00:00:00+09:00,564.6000267235008,565.5048344586346,522.9788709073453,535.6461791992188,307000,0.0,0.0
2020-07-08 00:00:00+09:00,542.8845925305886,551.9326690727652,513.0259399414062,513.0259399414062,144100,0.0,0.0
2020-07-09 00:00:00+09:00,513.025948981519,517.549987332326,479.5480651855469,479.5480651855469,148100,0.0,0.0
2020-07-10 00:00:00+09:00,484.07214916113656,533.8365757104123,465.0711862968676,477.7384948730469,419700,0.0,0.0
2020-07-13 00:00:00+09:00,495.8346405295593,548.3134893447317,488.5961786240183,518.454833984375,701800,0.0,0.0
2020-07-14 00:00:00+09:00,513.9307475956239,542.8845925305886,484.07209500644154,513.0259399414062,323900,0.0,0.0
2020-07-15 00:00:00+09:00,529.3124625466087,545.5989998557351,489.5009269020774,497.6441955566406,455400,0.0,0.0
2020-07-16 00:00:00+09:00,494.02498846184716,497.64421914654935,462.3567199707031,462.3567199707031,201800,0.0,0.0
2020-07-17 00:00:00+09:00,453.3086422779521,467.7855649854316,437.9269119012551,441.546142578125,192800,0.0,0.0
2020-07-20 00:00:00+09:00,443.3557637532552,465.9759557814825,439.73653302873885,456.0230712890625,109800,0.0,0.0
2020-07-21 00:00:00+09:00,524.7885375091995,542.884693975034,484.9769932843637,499.45391845703125,978100,0.0,0.0
2020-07-22 00:00:00+09:00,499.4537909613715,509.4066744769061,475.9287935610171,488.5960998535156,262600,0.0,0.0
2020-07-27 00:00:00+09:00,484.0721263056216,486.786549443784,470.5000106148098,478.6432800292969,121000,0.0,0.0
2020-07-28 00:00:00+09:00,475.92876981312554,501.26338113397634,475.92876981312554,485.88165283203125,105000,0.0,0.0
2020-07-29 00:00:00+09:00,479.5480702620847,484.9769163405234,468.69037810520734,473.21441650390625,61300,0.0,0.0
2020-07-30 00:00:00+09:00,480.45284735760566,494.0249616897414,473.2143863804666,490.4057312011719,100300,0.0,0.0
2020-07-31 00:00:00+09:00,486.7865051742672,488.59612043513806,462.3566991525103,466.8807373046875,87400,0.0,0.0
2020-08-03 00:00:00+09:00,468.6904239908854,490.4058104306175,468.6904239908854,475.0240783691406,66600,0.0,0.0
2020-08-04 00:00:00+09:00,484.07199654527886,504.882568359375,483.1671890751008,504.882568359375,102600,0.0,0.0
2020-08-05 00:00:00+09:00,504.8826552129425,511.21630859375,485.8816950705199,511.21630859375,141400,0.0,0.0
2020-08-06 00:00:00+09:00,520.2643915812174,551.9326588948568,508.5018922932943,542.8845825195312,460800,0.0,0.0
2020-08-07 00:00:00+09:00,488.5960491775373,506.6921991470757,473.2143217034296,493.1200866699219,335600,0.0,0.0
2020-08-11 00:00:00+09:00,484.0720739272034,486.78649677165504,464.166306401225,465.9759216308594,130700,0.0,0.0
2020-08-12 00:00:00+09:00,475.0239877139821,481.35764088350186,459.6422585880055,461.4518737792969,81900,0.0,0.0
2020-08-13 00:00:00+09:00,465.9760006859189,479.54811721075146,463.26157738095236,475.0240783691406,88300,0.0,0.0
2020-08-14 00:00:00+09:00,483.1673185929008,483.1673185929008,473.2144337529722,478.6432800292969,53400,0.0,0.0
2020-08-17 00:00:00+09:00,475.02400597860645,480.4528517612191,465.0711220438166,466.8807373046875,45000,0.0,0.0
2020-08-18 00:00:00+09:00,465.9759216308594,466.88072924567655,461.45188355677334,465.9759216308594,38500,0.0,0.0
2020-08-19 00:00:00+09:00,463.26157738095236,475.0240783691406,460.5471540759858,475.0240783691406,57200,0.0,0.0
2020-08-20 00:00:00+09:00,470.49996782642927,475.02400597860645,464.16631441338114,466.8807373046875,34700,0.0,0.0
2020-08-21 00:00:00+09:00,466.8807862720562,479.5480944267244,466.8807862720562,475.9288635253906,60500,0.0,0.0
2020-08-24 00:00:00+09:00,472.3096125125885,472.3096125125885,463.26153564453125,463.26153564453125,55100,0.0,0.0
2020-08-25 00:00:00+09:00,467.7855368604938,468.69034447531095,463.26149878640774,465.9759216308594,34100,0.0,0.0
2020-08-26 00:00:00+09:00,464.16631765584,484.0720856644725,460.5470871088159,474.11920166015625,136300,0.0,0.0
2020-08-27 00:00:00+09:00,471.40482233113767,474.1192454923534,461.45193740667986,468.6903991699219,41800,0.0,0.0
2020-08-28 00:00:00+09:00,465.97596930691515,469.5952001364834,443.35577662211347,450.59423828125,89100,0.0,0.0
2020-08-31 00:00:00+09:00,449.68939851459703,466.8807437294408,449.68939851459703,464.16632080078125,39500,0.0,0.0
2020-09-01 00:00:00+09:00,467.7855368604938,467.7855368604938,457.83265309750453,465.9759216308594,30400,0.0,0.0
2020-09-02 00:00:00+09:00,463.26153564453125,469.5951894521713,462.3567279577255,463.26153564453125,23200,0.0,0.0
2020-09-03 00:00:00+09:00,468.6903991699219,469.5952068903271,462.3567451270851,468.6903991699219,28200,0.0,0.0
2020-09-04 00:00:00+09:00,459.6423100537593,466.8807716294091,451.4990407811533,456.9278869628906,44900,0.0,0.0
2020-09-07 00:00:00+09:00,454.2134102384657,454.2134102384657,440.64129638671875,440.64129638671875,75400,0.0,0.0
2020-09-08 00:00:00+09:00,442.45095607212613,458.7374943324498,437.02210998535156,456.0230712890625,41800,0.0,0.0
2020-09-09 00:00:00+09:00,456.92785806412314,460.5470886230469,452.40381986546845,460.5470886230469,18300,0.0,0.0
2020-09-10 00:00:00+09:00,458.73746016717723,461.4518830084031,448.7845764160156,448.7845764160156,30600,0.0,0.0
2020-09-11 00:00:00+09:00,445.165424331846,459.6423487003613,445.165424331846,457.8327331542969,21500,0.0,0.0
2020-09-14 00:00:00+09:00,454.21350206216806,459.6423487003613,453.3086942891359,457.8327331542969,16700,0.0,0.0
2020-09-15 00:00:00+09:00,460.5470886230469,460.5470886230469,453.3086275051994,460.5470886230469,16500,0.0,0.0
2020-09-16 00:00:00+09:00,456.0230299656493,466.88072115530764,456.0230299656493,465.07110595703125,29100,0.0,0.0
2020-09-17 00:00:00+09:00,461.4519166672891,475.0240318633858,460.5471089875493,473.21441650390625,41000,0.0,0.0
2020-09-18 00:00:00+09:00,473.21446172381087,475.92888502241783,465.9759995941924,471.40484619140625,20500,0.0,0.0
2020-09-23 00:00:00+09:00,465.9759587049484,470.49999713897705,456.9278818368912,463.26153564453125,22100,0.0,0.0
2020-09-24 00:00:00+09:00,458.737500950248,462.35673172697574,450.5942317026104,453.30865478515625,26700,0.0,0.0
2020-09-25 00:00:00+09:00,453.3086432589477,464.1663353130542,453.3086432589477,462.3567199707031,28200,0.0,0.0
2020-09-28 00:00:00+09:00,460.5471016066686,463.2615246023857,450.5942172890392,455.1182556152344,28100,0.0,0.0
2020-09-29 00:00:00+09:00,456.02305201480266,464.16632080078125,456.02305201480266,464.16632080078125,19100,0.0,0.0
2020-09-30 00:00:00+09:00,463.2615408415842,463.2615408415842,454.213463872022,456.9278869628906,15400,0.0,0.0
2020-10-02 00:00:00+09:00,453.30866810191765,456.9278989849669,444.2605908942945,447.87982177734375,39700,0.0,0.0
2020-10-05 00:00:00+09:00,447.8798049688339,465.9759587049484,446.9749972820282,463.26153564453125,29200,0.0,0.0
2020-10-06 00:00:00+09:00,463.2615261341223,465.9759491388144,455.1182571200459,458.73748779296875,19800,0.0,0.0
2020-10-07 00:00:00+09:00,455.11825860129875,465.07114298422977,454.2134509301232,462.3567199707031,35100,0.0,0.0
2020-10-08 00:00:00+09:00,461.45182422322966,531.1220016059525,458.7374017277989,493.1200866699219,1099800,0.0,0.0
2020-10-09 00:00:00+09:00,484.976804015457,514.835450531334,481.3575741347446,504.882568359375,306900,0.0,0.0
2020-10-12 00:00:00+09:00,532.0268710521941,595.3634033203125,523.8836026177217,595.3634033203125,621800,0.0,0.0
2020-10-13 00:00:00+09:00,617.9835363489981,644.2229544370228,557.361432490458,592.64892578125,947100,0.0,0.0
2020-10-14 00:00:00+09:00,601.6971410463934,627.9365652424016,579.0769477739726,594.4586791992188,333800,0.0,0.0
2020-10-15 00:00:00+09:00,639.699066524934,684.939453125,608.935603636889,684.939453125,1624000,0.0,0.0
2020-10-16 00:00:00+09:00,719.3221827915737,722.0366061228626,596.2683251064743,671.3673706054688,1412500,0.0,0.0
2020-10-19 00:00:00+09:00,696.7018751940191,703.9403362349958,662.3191852493791,683.1297607421875,408800,0.0,0.0
2020-10-20 00:00:00+09:00,683.129667899978,719.3219681860695,675.8912078427597,706.6546630859375,442700,0.0,0.0
2020-10-21 00:00:00+09:00,687.6538655915613,711.1788662565357,683.1298270021431,697.6067504882812,207100,0.0,0.0
2020-10-22 00:00:00+09:00,684.0346134991285,685.8442288787558,666.8432673926688,681.3201904296875,182000,0.0,0.0
2020-10-23 00:00:00+09:00,669.5576951909362,674.98654136816,616.1740411149021,654.1759643554688,228900,0.0,0.0
2020-10-26 00:00:00+09:00,666.8432395717076,673.1768931361607,629.7461258370536,633.3653564453125,135900,0.0,0.0
2020-10-27 00:00:00+09:00,612.5548746568644,638.794300602284,596.2683344148799,627.0317993164062,141200,0.0,0.0
2020-10-28 00:00:00+09:00,617.9835905750771,632.460512169808,598.077823382322,605.3162841796875,91300,0.0,0.0
2020-10-29 00:00:00+09:00,600.7922524575357,608.9355209396408,565.5047557017467,602.6018676757812,119900,0.0,0.0
2020-10-30 00:00:00+09:00,593.5538609375,610.7452075195313,559.1711677734374,565.5048217773438,105300,0.0,0.0
2020-11-02 00:00:00+09:00,560.9807644975864,571.8384567136687,541.9798031194423,556.4567260742188,68400,0.0,0.0
2020-11-04 00:00:00+09:00,552.8374728946235,587.2201635165478,543.7893964151698,574.5528564453125,78000,0.0,0.0
2020-11-05 00:00:00+09:00,589.9346171932699,633.3653865571916,587.2201941080248,612.5548095703125,165600,0.0,0.0
2020-11-06 00:00:00+09:00,617.9836200914885,667.7480404502467,609.8403513055099,653.2711181640625,211000,0.0,0.0
2020-11-09 00:00:00+09:00,693.0826446735306,695.7970675638969,655.9855318385244,683.1297607421875,236800,0.0,0.0
2020-11-10 00:00:00+09:00,684.9394099135005,689.4634482880942,625.2221033688623,635.1749877929688,212600,0.0,0.0
2020-11-11 00:00:00+09:00,631.5556697871767,668.6527793305496,607.125865941541,655.9854736328125,146500,0.0,0.0
2020-11-12 00:00:00+09:00,655.0807334498355,655.0807334498355,627.9365041632401,636.0797729492188,83000,0.0,0.0
2020-11-13 00:00:00+09:00,634.2702595731638,634.2702595731638,610.745257078296,619.7933349609375,63400,0.0,0.0
2020-11-16 00:00:00+09:00,610.7451876472024,619.7932645012351,589.0298031975241,615.2692260742188,89400,0.0,0.0
2020-11-17 00:00:00+09:00,613.4595919138825,623.4124761484735,589.02978515625,589.02978515625,70900,0.0,0.0
2020-11-18 00:00:00+09:00,589.0297786264858,615.2692004086181,585.410548035847,608.935546875,76800,0.0,0.0
2020-11-19 00:00:00+09:00,602.6019716053372,620.6981269088008,597.1731250142981,617.9837036132812,37400,0.0,0.0
2020-11-20 00:00:00+09:00,617.9837036132812,621.6029346739739,608.0308181963762,617.9837036132812,33900,0.0,0.0
2020-11-24 00:00:00+09:00,621.6028225695057,641.5085898133618,621.6028225695057,639.698974609375,75800,0.0,0.0
2020-11-25 00:00:00+09:00,634.2701642768849,636.9845872338473,611.6499729688647,616.1740112304688,70900,0.0,0.0
2020-11-26 00:00:00+09:00,616.1740523628566,627.9365526282269,616.1740523628566,624.3173217773438,23500,0.0,0.0
2020-11-27 00:00:00+09:00,624.3173244006313,644.2230941641296,622.5077089675859,631.5557861328125,62100,0.0,0.0
2020-11-30 00:00:00+09:00,646.937467894306,657.7951596631615,636.0797761254505,643.3182373046875,69000,0.0,0.0
2020-12-01 00:00:00+09:00,643.3182598275198,652.3663366183429,634.2701830366967,642.4134521484375,38100,0.0,0.0
2020-12-02 00:00:00+09:00,642.4134514786415,659.6047973632812,629.7461439846965,659.6047973632812,61000,0.0,0.0
2020-12-03 00:00:00+09:00,659.6047950157753,659.6047950157753,632.4605647682125,635.1749877929688,56100,0.0,0.0
2020-12-04 00:00:00+09:00,630.6509270918997,642.4134264494244,613.4595818770559,636.0797729492188,64400,0.0,0.0
2020-12-07 00:00:00+09:00,625.2221516496825,625.2221516496825,597.1731115612018,598.9827270507812,104900,0.0,0.0
2020-12-08 00:00:00+09:00,598.0779480425981,620.6981427492017,596.2683324660698,619.7933349609375,52500,0.0,0.0
2020-12-09 00:00:00+09:00,619.7931265080351,619.7931265080351,602.6017843129217,603.506591796875,46600,0.0,0.0
2020-12-10 00:00:00+09:00,601.6971502851503,608.0308044986782,593.553880582043,598.9827270507812,42700,0.0,0.0
2020-12-11 00:00:00+09:00,598.982624780564,611.6499310448056,598.982624780564,608.0307006835938,32800,0.0,0.0
2020-12-14 00:00:00+09:00,604.4115150565532,606.2211303710938,597.1730537983909,606.2211303710938,19400,0.0,0.0
2020-12-15 00:00:00+09:00,601.6970728093927,606.2211109508168,597.1730346679688,597.1730346679688,24500,0.0,0.0
2020-12-16 00:00:00+09:00,598.0778683320975,598.0778683320975,586.3153686523438,586.3153686523438,48500,0.0,0.0
2020-12-17 00:00:00+09:00,583.600939497163,589.9345931041089,566.4095939925954,571.8384399414062,55100,0.0,0.0
2020-12-18 00:00:00+09:00,571.8384663243447,573.6480817241053,557.36154312626,560.9807739257812,48000,0.0,0.0
2020-12-21 00:00:00+09:00,560.9807385896381,571.8384303042764,519.3595870168585,532.9317016601562,135000,0.0,0.0
2020-12-22 00:00:00+09:00,536.550965418799,536.550965418799,516.6451960440712,519.359619140625,59900,0.0,0.0
2020-12-23 00:00:00+09:00,521.1691486241467,530.2172241210938,517.549918425368,530.2172241210938,30300,0.0,0.0
2020-12-24 00:00:00+09:00,524.7884010249733,529.3124389648438,519.3595554971288,529.3124389648438,36700,0.0,0.0
2020-12-25 00:00:00+09:00,536.5509776646682,551.0279011766996,529.3125159086524,531.1221313476562,32400,0.0,0.0
2020-12-28 00:00:00+09:00,535.6461605321091,538.3605836429136,515.7403910528753,526.5980834960938,72500,0.0,0.0
2020-12-29 00:00:00+09:00,514.0665430972451,525.9577620656867,514.0665430972451,521.3842163085938,40200,6.3,0.0
2020-12-30 00:00:00+09:00,516.8106721297554,525.957763671875,514.9812538213315,525.957763671875,29700,0.0,0.0
2021-01-04 00:00:00+09:00,525.9577218838928,548.825448922323,515.8959219869836,542.4224853515625,59200,0.0,0.0
2021-01-05 00:00:00+09:00,535.1048629760742,555.2284646606445,535.1048629760742,548.8255004882812,56700,0.0,0.0
2021-01-06 00:00:00+09:00,553.3990079124502,566.2049353682754,545.1666259765625,545.1666259765625,64600,0.0,0.0
2021-01-07 00:00:00+09:00,546.9960557314683,553.3990195945457,542.4225101149844,543.3372192382812,31600,0.0,0.0
2021-01-08 00:00:00+09:00,544.2519661893813,549.7402213106187,541.5078386287626,546.99609375,24600,0.0,0.0
2021-01-12 00:00:00+09:00,553.3990580581103,553.3990580581103,546.0813845631271,546.99609375,23200,0.0,0.0
2021-01-13 00:00:00+09:00,546.9961067491681,551.5696527922213,546.9961067491681,549.740234375,12400,0.0,0.0
2021-01-14 00:00:00+09:00,548.8255251663894,557.0579080438853,545.1666883319468,549.740234375,35300,0.0,0.0
2021-01-15 00:00:00+09:00,553.3989711742305,553.3989711742305,541.507753611809,546.081298828125,24200,0.0,0.0
2021-01-18 00:00:00+09:00,544.2518807415986,546.9960078713882,542.4224626550722,546.081298828125,18300,0.0,0.0
2021-01-19 00:00:00+09:00,546.081298828125,546.9960078713882,537.8489174387563,546.081298828125,24500,0.0,0.0
2021-01-20 00:00:00+09:00,543.3372424109508,544.2519515732588,536.0195691124868,539.6784057617188,24000,0.0,0.0
2021-01-21 00:00:00+09:00,536.9343560968788,565.2903442382812,536.9343560968788,565.2903442382812,40700,0.0,0.0
2021-01-22 00:00:00+09:00,556.1431637407331,563.4608369478481,551.5696179862863,555.2284545898438,20900,0.0,0.0
2021-01-25 00:00:00+09:00,555.2284298131962,557.9725571434096,551.5695933729115,554.313720703125,18400,0.0,0.0
2021-01-26 00:00:00+09:00,557.0578728916224,557.9725820425118,551.5696179862863,555.2284545898438,11000,0.0,0.0
2021-01-27 00:00:00+09:00,555.2284661915677,559.8020120415806,553.3990478515625,553.3990478515625,17400,0.0,0.0
2021-01-28 00:00:00+09:00,553.3990580581103,556.1431856187291,544.2519661893813,546.99609375,39000,0.0,0.0
2021-01-29 00:00:00+09:00,547.9108382560112,551.5696752393568,535.1049088143013,541.5078735351562,25300,0.0,0.0
2021-02-01 00:00:00+09:00,538.7636753394329,548.8254757277755,533.2754205821551,547.9107666015625,12500,0.0,0.0
2021-02-02 00:00:00+09:00,543.3372469815341,556.1431753615702,538.7637011315212,553.3990478515625,25100,0.0,0.0
2021-02-03 00:00:00+09:00,553.3991118400328,569.8638788038685,551.5696932884955,567.1197509765625,34300,0.0,0.0
2021-02-04 00:00:00+09:00,568.9491355642086,580.8403554393448,566.2050079007156,577.1815185546875,54500,0.0,0.0
2021-02-05 00:00:00+09:00,577.1814161397643,593.6461791992188,577.1814161397643,593.6461791992188,61200,0.0,0.0
2021-02-08 00:00:00+09:00,593.6462094873414,610.1109733868362,582.6697002210116,608.2815551757812,119300,0.0,0.0
2021-02-09 00:00:00+09:00,544.2518870035807,561.6313590255438,539.678341734643,559.8019409179688,247200,0.0,0.0
2021-02-10 00:00:00+09:00,556.143173828125,558.8873013305664,544.2519546508789,548.8255004882812,88100,0.0,0.0
2021-02-12 00:00:00+09:00,547.9107866336138,548.8254957932693,530.5313126001603,535.1048583984375,104900,0.0,0.0
2021-02-15 00:00:00+09:00,538.7636566424738,538.7636566424738,524.1283111309635,531.4459838867188,41600,0.0,0.0
2021-02-16 00:00:00+09:00,531.4459953769295,538.7636682908976,525.0430315772074,529.6165771484375,42900,0.0,0.0
2021-02-17 00:00:00+09:00,525.0430108933222,537.8489379882812,522.298883658688,537.8489379882812,29800,0.0,0.0
2021-02-18 00:00:00+09:00,534.1901111701269,538.7636566424738,527.7871475088411,531.4459838867188,43200,0.0,0.0
2021-02-19 00:00:00+09:00,526.8724365234375,531.4459819793701,522.2988910675049,526.8724365234375,22100,0.0,0.0
2021-02-22 00:00:00+09:00,525.0430560934133,533.2754385060277,525.0430560934133,530.5313110351562,22600,0.0,0.0
2021-02-24 00:00:00+09:00,527.7870685570543,527.7870685570543,504.00463565846957,509.4928894042969,56500,0.0,0.0
2021-02-25 00:00:00+09:00,512.237187464745,515.8960245180647,504.91951335810586,506.7489318847656,24900,0.0,0.0
2021-02-26 00:00:00+09:00,503.0900576614928,503.0900576614928,483.88116455078125,483.88116455078125,53900,0.0,0.0
2021-03-01 00:00:00+09:00,495.7724127813217,498.51654052734375,482.96648329988534,498.51654052734375,32800,0.0,0.0
2021-03-02 00:00:00+09:00,495.7723545260197,497.60177280840355,485.7105539729086,488.4546813964844,19600,0.0,0.0
2021-03-03 00:00:00+09:00,488.454677327474,495.77235039605034,488.454677327474,493.94293212890625,13100,0.0,0.0
2021-03-04 00:00:00+09:00,488.4546338299799,493.02817909056023,485.7105066736317,491.1987609863281,18000,0.0,0.0
2021-03-05 00:00:00+09:00,485.71054992675784,503.09002346462677,472.90462205674913,493.94293212890625,41900,0.0,0.0
2021-03-08 00:00:00+09:00,493.0282418789459,495.7723693847656,486.62527769869985,495.7723693847656,16300,0.0,0.0
2021-03-09 00:00:00+09:00,490.28412997958895,507.6636047363281,488.45471158414273,507.6636047363281,26800,0.0,0.0
2021-03-10 00:00:00+09:00,504.0047036237258,515.8959216765542,504.0047036237258,513.1517944335938,22300,0.0,0.0
2021-03-11 00:00:00+09:00,513.1518824650691,527.7872302715596,513.1518824650691,523.2136840820312,32800,0.0,0.0
2021-03-12 00:00:00+09:00,521.3842179008152,526.872472826087,520.4695087466033,525.957763671875,18000,0.0,0.0
2021-03-15 00:00:00+09:00,535.1048336290334,539.6783792156062,526.872451573202,534.1901245117188,41100,0.0,0.0
2021-03-16 00:00:00+09:00,538.7636470664927,538.7636470664927,531.4459744408017,537.8489379882812,21900,0.0,0.0
2021-03-17 00:00:00+09:00,537.8489379882812,539.678356144704,534.1901016754358,537.8489379882812,13700,0.0,0.0
2021-03-18 00:00:00+09:00,538.7637329101562,542.4225698059807,534.1901867903756,538.7637329101562,19100,0.0,0.0
2021-03-19 00:00:00+09:00,534.1901245117188,536.019542746348,522.2989059866292,534.1901245117188,46700,0.0,0.0
2021-03-22 00:00:00+09:00,526.8724612759966,529.6165886784756,525.9577521418369,527.7871704101562,23000,0.0,0.0
2021-03-23 00:00:00+09:00,527.7872531274284,527.7872531274284,514.9813232421875,514.9813232421875,20000,0.0,0.0
2021-03-24 00:00:00+09:00,507.66361384102,507.66361384102,493.9429756291005,496.6871032714844,22100,0.0,0.0
2021-03-25 00:00:00+09:00,510.40771484375,510.40771484375,500.3459140134969,510.40771484375,18500,0.0,0.0
2021-03-26 00:00:00+09:00,508.57822654521567,516.8106079101562,508.57822654521567,516.8106079101562,13900,0.0,0.0
2021-03-29 00:00:00+09:00,516.8105966073496,518.6400146484375,512.2370515046297,518.6400146484375,13100,0.0,0.0
2021-03-30 00:00:00+09:00,518.6401250266023,525.957798748318,515.8959973809589,520.4695434570312,22400,0.0,0.0
2021-03-31 00:00:00+09:00,518.6400528087715,525.0430164236947,509.49296193031,522.2988891601562,20500,0.0,0.0
2021-04-01 00:00:00+09:00,517.7254158113878,526.8725079635325,517.7254158113878,520.4695434570312,7400,0.0,0.0
2021-04-02 00:00:00+09:00,522.2988777626663,525.0430049663231,519.5547505590096,524.1282958984375,11400,0.0,0.0
2021-04-05 00:00:00+09:00,522.298915605198,527.7871704101562,522.298915605198,527.7871704101562,6000,0.0,0.0
2021-04-06 00:00:00+09:00,530.5312880424605,536.9342518636626,525.9577424558875,534.1901245117188,29900,0.0,0.0
2021-04-07 00:00:00+09:00,531.4459724753431,536.9342269243139,531.4459724753431,533.275390625,17100,0.0,0.0
2021-04-08 00:00:00+09:00,525.957763671875,528.7018911345109,515.8959629755435,525.957763671875,26600,0.0,0.0
2021-04-09 00:00:00+09:00,520.4695447330275,525.9578000377695,519.5548355155705,525.0430908203125,15800,0.0,0.0
2021-04-12 00:00:00+09:00,521.384153112901,524.1282802345478,516.8106079101562,516.8106079101562,10700,0.0,0.0
2021-04-13 00:00:00+09:00,514.9811898290583,521.384153112901,513.1517717479604,516.8106079101562,8700,0.0,0.0
2021-04-14 00:00:00+09:00,516.8105966073496,518.6400146484375,512.2370515046297,518.6400146484375,11800,0.0,0.0
2021-04-15 00:00:00+09:00,526.8725438499112,526.8725438499112,514.9813232421875,514.9813232421875,16200,0.0,0.0
2021-04-16 00:00:00+09:00,514.0664706881955,514.0664706881955,507.6635075301575,508.5782165527344,9500,0.0,0.0
2021-04-19 00:00:00+09:00,490.2841572892775,504.9195052680619,490.2841572892775,498.51654052734375,43100,0.0,0.0
2021-04-20 00:00:00+09:00,493.9429756291005,502.1753585562522,492.1135572008446,496.6871032714844,12100,0.0,0.0
2021-04-21 00:00:00+09:00,487.53998812251217,493.94295231924315,481.13702392578125,481.13702392578125,20100,0.0,0.0
2021-04-22 00:00:00+09:00,481.13704859463945,491.1988499911053,480.2223393767789,482.0517578125,27100,0.0,0.0
2021-04-23 00:00:00+09:00,483.88116455078125,488.45471052952206,482.9664553550331,483.88116455078125,8100,0.0,0.0
2021-04-26 00:00:00+09:00,481.13703696353673,484.79587374652937,480.22232776778856,483.88116455078125,13500,0.0,0.0
2021-04-27 00:00:00+09:00,482.9664481026786,482.9664481026786,479.307611374628,480.2223205566406,6200,0.0,0.0
2021-04-28 00:00:00+09:00,477.4781302818885,480.2222574674166,474.7340030963604,475.6487121582031,9800,0.0,0.0
2021-04-30 00:00:00+09:00,473.81935921160624,473.81935921160624,470.1605224609375,470.1605224609375,11000,0.0,0.0
2021-05-06 00:00:00+09:00,470.1605009877659,482.9664290302342,470.1605009877659,478.39288330078125,23900,0.0,0.0
2021-05-07 00:00:00+09:00,481.13698580804004,495.77233138394996,474.7340221185794,477.4781494140625,29700,0.0,0.0
2021-05-10 00:00:00+09:00,478.39285851255687,480.22227670954567,475.64873121707376,477.4781494140625,6600,0.0,0.0
2021-05-11 00:00:00+09:00,476.56341914204717,476.56341914204717,466.50161950565075,471.0751647949219,10500,0.0,0.0
2021-05-12 00:00:00+09:00,471.0752228085357,471.0752228085357,458.2692944215076,461.9281311035156,13100,0.0,0.0
2021-05-13 00:00:00+09:00,457.3545852510056,461.9281311035156,450.9516210574915,461.9281311035156,16100,0.0,0.0
2021-05-14 00:00:00+09:00,475.64876866104584,475.64876866104584,453.69574856899754,461.9281311035156,16000,0.0,0.0
2021-05-17 00:00:00+09:00,470.16047093619017,470.16047093619017,460.09867097452076,463.75750732421875,6200,0.0,0.0
2021-05-18 00:00:00+09:00,463.7575092315674,468.3310546875,462.84280014038086,468.3310546875,4000,0.0,0.0
2021-05-19 00:00:00+09:00,470.16049936655406,475.64875422297297,467.4163719383446,473.8193359375,1700,0.0,0.0
2021-05-20 00:00:00+09:00,481.13703557371184,481.13703557371184,474.7340712219704,479.3076171875,4200,0.0,0.0
2021-05-21 00:00:00+09:00,478.39285851255687,480.22227670954567,476.56344031556813,477.4781494140625,7100,0.0,0.0
2021-05-24 00:00:00+09:00,480.2223393767789,482.0517578125,479.3076301589184,482.0517578125,3700,0.0,0.0
2021-05-25 00:00:00+09:00,482.05172151507753,484.7958489620324,480.2223032171076,482.9664306640625,6700,0.0,0.0
2021-05-26 00:00:00+09:00,481.13702973865327,482.9664481026786,476.56348382859005,480.2223205566406,8400,0.0,0.0
2021-05-27 00:00:00+09:00,478.39292094105787,482.0517578125,477.4782117231973,482.0517578125,5600,0.0,0.0
2021-05-28 00:00:00+09:00,485.71058294227754,486.6252921380257,477.47820018054404,483.88116455078125,9300,0.0,0.0
2021-05-31 00:00:00+09:00,482.05174036565813,486.62528628943096,480.222321996149,484.7958679199219,7000,0.0,0.0
2021-06-01 00:00:00+09:00,483.88115294145774,487.53998963666726,483.88115294145774,485.7105712890625,3500,0.0,0.0
2021-06-02 00:00:00+09:00,485.71058294227754,488.45471052952206,483.88116455078125,483.88116455078125,5000,0.0,0.0
2021-06-03 00:00:00+09:00,483.88117624822104,485.71059468394213,479.3076301589184,482.0517578125,6400,0.0,0.0
2021-06-04 00:00:00+09:00,479.3076040666987,482.05173157089735,475.6487673944338,476.5634765625,6500,0.0,0.0
2021-06-07 00:00:00+09:00,471.9899192795471,480.2223015925625,471.9899192795471,478.39288330078125,7600,0.0,0.0
2021-06-08 00:00:00+09:00,476.5634269346851,482.0516813715529,474.7340087890625,474.7340087890625,4800,0.0,0.0
2021-06-09 00:00:00+09:00,480.2223263806059,480.2223263806059,477.47819880128816,479.3076171875,3200,0.0,0.0
2021-06-10 00:00:00+09:00,480.2223147548197,481.13702392578125,478.39289641289656,481.13702392578125,6500,0.0,0.0
2021-06-11 00:00:00+09:00,478.39289789864347,485.7105712890625,478.39289789864347,485.7105712890625,7200,0.0,0.0
2021-06-14 00:00:00+09:00,485.7105712890625,485.7105712890625,482.9664437676554,485.7105712890625,2300,0.0,0.0
2021-06-15 00:00:00+09:00,495.77234867844624,495.77234867844624,486.62525737441587,489.369384765625,8300,0.0,0.0
2021-06-16 00:00:00+09:00,489.36934855446884,493.0281848053434,488.45463949175024,490.2840576171875,4300,0.0,0.0
2021-06-17 00:00:00+09:00,489.36942827302727,495.77239275510425,489.36942827302727,492.1135559082031,8200,0.0,0.0
2021-06-18 00:00:00+09:00,490.284051934212,495.77230624690844,483.8810885693996,491.1987609863281,10100,0.0,0.0
2021-06-21 00:00:00+09:00,484.7958854660816,485.71059468394213,481.13704859463945,482.0517578125,5500,0.0,0.0
2021-06-22 00:00:00+09:00,482.05174476681776,483.8811631530296,479.3076171875,479.3076171875,5000,0.0,0.0
2021-06-23 00:00:00+09:00,479.30759244667183,482.9664290302342,473.8193375713283,478.39288330078125,11900,0.0,0.0
2021-06-24 00:00:00+09:00,481.13703557371184,481.13703557371184,477.47819880128816,479.3076171875,2100,0.0,0.0
2021-06-25 00:00:00+09:00,479.3076301589184,487.5400131196632,475.6487932874763,482.0517578125,19400,0.0,0.0
2021-06-28 00:00:00+09:00,482.9664208528037,492.1135121568341,482.9664208528037,489.369384765625,15200,0.0,0.0
2021-06-29 00:00:00+09:00,477.47817415489067,484.79584732201545,477.47817415489067,478.39288330078125,11300,0.0,0.0
2021-06-30 00:00:00+09:00,478.39288491913766,488.45468555797225,478.39288491913766,482.9664306640625,14400,0.0,0.0
2021-07-01 00:00:00+09:00,484.79586060962754,486.6252789515506,481.13702392578125,481.13702392578125,2200,0.0,0.0
2021-07-02 00:00:00+09:00,480.2223393767789,482.9664670303605,479.3076301589184,482.0517578125,3100,0.0,0.0
2021-07-05 00:00:00+09:00,479.3076171875,482.9664539599237,479.3076171875,479.3076171875,4000,0.0,0.0
2021-07-06 00:00:00+09:00,481.13702973865327,482.9664481026786,477.4781930106027,480.2223205566406,9500,0.0,0.0
2021-07-07 00:00:00+09:00,480.22226322593025,480.22226322593025,471.9898815706286,474.7340087890625,4900,0.0,0.0
2021-07-08 00:00:00+09:00,462.8428649902344,466.50170186762756,461.0134465515378,462.8428649902344,12700,0.0,0.0
2021-07-09 00:00:00+09:00,461.0133800619452,465.5869254990677,460.09867097452076,463.75750732421875,4800,0.0,0.0
2021-07-12 00:00:00+09:00,464.672303316886,477.47823293585526,464.672303316886,469.245849609375,6300,0.0,0.0
2021-07-13 00:00:00+09:00,470.16049936655406,479.3075907939189,470.16049936655406,473.8193359375,3300,0.0,0.0
2021-07-14 00:00:00+09:00,478.3929079943941,479.3076171875,473.8193620288645,479.3076171875,2900,0.0,0.0
2021-07-15 00:00:00+09:00,482.0517389206659,482.0517389206659,474.73406546456476,480.2223205566406,5800,0.0,0.0
2021-07-16 00:00:00+09:00,480.2223205566406,480.2223205566406,474.73406546456476,480.2223205566406,1000,0.0,0.0
2021-07-19 00:00:00+09:00,475.6487274169922,477.47814559936523,459.18396377563477,468.3310546875,9200,0.0,0.0
2021-07-20 00:00:00+09:00,463.75755672792087,467.41639346739163,463.75755672792087,465.58697509765625,1900,0.0,0.0
2021-07-21 00:00:00+09:00,465.5869349398354,479.30757152941794,465.5869349398354,471.9898986816406,4800,0.0,0.0
2021-07-26 00:00:00+09:00,471.07518196105957,471.9898910522461,465.58692741394043,468.3310546875,1900,0.0,0.0
2021-07-27 00:00:00+09:00,465.58697509765625,467.41639346739163,465.58697509765625,465.58697509765625,3900,0.0,0.0
2021-07-28 00:00:00+09:00,462.84281545972067,463.75752458118257,461.0133972167969,461.0133972167969,6900,0.0,0.0
2021-07-29 00:00:00+09:00,460.0987243652344,461.9281427523725,458.26930597809627,460.0987243652344,2100,0.0,0.0
2021-07-30 00:00:00+09:00,460.09870542118887,460.09870542118887,455.52515964165417,458.269287109375,5100,0.0,0.0
2021-08-02 00:00:00+09:00,454.61045623779296,458.2692929077148,454.61045623779296,457.3545837402344,2900,0.0,0.0
2021-08-03 00:00:00+09:00,454.6104373548883,458.2692738728351,454.6104373548883,455.525146484375,3000,0.0,0.0
2021-08-04 00:00:00+09:00,454.61047817004913,454.61047817004913,449.1222229003906,449.1222229003906,9500,0.0,0.0
2021-08-05 00:00:00+09:00,446.3780633117927,446.3780633117927,439.97509928887763,444.54864501953125,10300,0.0,0.0
2021-08-06 00:00:00+09:00,439.9751165480841,444.54866245814736,439.06040736607144,441.8045349121094,9200,0.0,0.0
2021-08-10 00:00:00+09:00,419.8515145438058,441.8045349121094,419.8515145438058,441.8045349121094,19300,0.0,0.0
2021-08-11 00:00:00+09:00,443.63392841766483,444.5486375484229,434.4868371100841,440.8898010253906,4200,0.0,0.0
2021-08-12 00:00:00+09:00,443.63395327613466,443.63395327613466,439.06040736607144,441.8045349121094,3600,0.0,0.0
2021-08-13 00:00:00+09:00,446.37805580993904,446.37805580993904,439.0603827638745,440.8898010253906,7900,0.0,0.0
2021-08-16 00:00:00+09:00,439.0603752615063,440.8897934917626,434.4868296858656,437.23095703125,3700,0.0,0.0
2021-08-17 00:00:00+09:00,434.4868585372828,438.1456952407546,429.913312657943,432.6574401855469,3700,0.0,0.0
2021-08-18 00:00:00+09:00,429.91331844006555,431.74273681640625,427.1691908755545,431.74273681640625,2700,0.0,0.0
2021-08-19 00:00:00+09:00,429.9132633411707,436.31622683774134,428.99855427023203,430.8279724121094,6300,0.0,0.0
2021-08-20 00:00:00+09:00,429.91329453017687,429.91329453017687,416.1926574707031,416.1926574707031,10000,0.0,0.0
2021-08-23 00:00:00+09:00,417.10741485325633,421.6809610687526,413.4485778808594,413.4485778808594,7200,0.0,0.0
2021-08-24 00:00:00+09:00,414.363263782702,417.1073913574219,411.6191362079821,417.1073913574219,7300,0.0,0.0
2021-08-25 00:00:00+09:00,418.02205847860944,420.7661857771561,418.02205847860944,418.936767578125,1900,0.0,0.0
2021-08-26 00:00:00+09:00,413.4485300588084,416.1926574707031,413.4485300588084,416.1926574707031,9300,0.0,0.0
2021-08-27 00:00:00+09:00,418.0220947265625,418.0220947265625,416.192676368897,418.0220947265625,2000,0.0,0.0
2021-08-30 00:00:00+09:00,420.7662048339844,421.6809139749278,418.02207741115404,420.7662048339844,2800,0.0,0.0
2021-08-31 00:00:00+09:00,420.76615731093074,425.33970249909305,420.76615731093074,423.5102844238281,2200,0.0,0.0
2021-09-01 00:00:00+09:00,423.5103111023079,428.9985656738281,423.5103111023079,428.9985656738281,4200,0.0,0.0
2021-09-02 00:00:00+09:00,428.998603482075,432.6574401855469,428.998603482075,432.6574401855469,3500,0.0,0.0
2021-09-03 00:00:00+09:00,430.82798962715344,432.65740784213074,428.0838623046875,428.0838623046875,4800,0.0,0.0
2021-09-06 00:00:00+09:00,433.5721130371094,434.4868221363438,425.33973114399976,433.5721130371094,6000,0.0,0.0
2021-09-07 00:00:00+09:00,437.23094943404703,437.23094943404703,433.5721130371094,433.5721130371094,2800,0.0,0.0
2021-09-08 00:00:00+09:00,437.23094943404703,437.23094943404703,428.99856754093736,433.5721130371094,9100,0.0,0.0
2021-09-09 00:00:00+09:00,434.4868221363438,434.4868221363438,430.8279857394062,433.5721130371094,1500,0.0,0.0
2021-09-10 00:00:00+09:00,435.40153880099376,437.23095703125,432.65741145560935,437.23095703125,5100,0.0,0.0
2021-09-13 00:00:00+09:00,433.57211488472893,442.7192059160523,433.57211488472893,438.1456604003906,11500,0.0,0.0
2021-09-14 00:00:00+09:00,439.0603827638745,441.8045101561487,439.0603827638745,440.8898010253906,4900,0.0,0.0
2021-09-15 00:00:00+09:00,443.63395327613466,443.63395327613466,439.06040736607144,441.8045349121094,6500,0.0,0.0
2021-09-16 00:00:00+09:00,439.9750843766344,440.8897934917626,428.99857499509676,437.23095703125,8900,0.0,0.0
2021-09-17 00:00:00+09:00,437.23095703125,439.0603752615063,434.4868296858656,437.23095703125,3600,0.0,0.0
2021-09-21 00:00:00+09:00,428.0838508768285,434.4868144583195,428.0838508768285,429.91326904296875,5500,0.0,0.0
2021-09-22 00:00:00+09:00,437.2309860648867,437.2309860648867,428.998603482075,432.6574401855469,11300,0.0,0.0
2021-09-24 00:00:00+09:00,432.6573868917469,436.31622314453125,428.0838415757665,436.31622314453125,5900,0.0,0.0
2021-09-27 00:00:00+09:00,437.23098900204616,441.8045349121094,434.48686145600817,441.8045349121094,8300,0.0,0.0
2021-09-28 00:00:00+09:00,439.06036950352296,442.7192059160523,435.4015330909936,438.1456604003906,5700,0.0,0.0
2021-09-29 00:00:00+09:00,438.1456622289232,442.7192077636719,438.1456622289232,442.7192077636719,4600,0.0,0.0
2021-09-30 00:00:00+09:00,444.5486375484229,444.5486375484229,439.97509189463256,440.8898010253906,3300,0.0,0.0
2021-10-01 00:00:00+09:00,438.1456736331164,440.8898010253906,433.572127979326,440.8898010253906,5900,0.0,0.0
2021-10-04 00:00:00+09:00,441.80448529725265,442.71919437654304,439.9750671386719,439.9750671386719,2800,0.0,0.0
2021-10-05 00:00:00+09:00,432.65742862099097,440.88981098375825,431.74271946957236,434.4868469238281,4200,0.0,0.0
2021-10-06 00:00:00+09:00,435.4015197753906,438.1456470008658,429.9132653244403,435.4015197753906,2800,0.0,0.0
2021-10-07 00:00:00+09:00,435.40151408133516,438.1456412709234,435.40151408133516,436.31622314453125,800,0.0,0.0
2021-10-08 00:00:00+09:00,435.40156771315077,438.1456952407546,431.7427310096789,432.6574401855469,5200,0.0,0.0
2021-10-11 00:00:00+09:00,433.57215519274695,433.57215519274695,431.74273681640625,431.74273681640625,3000,0.0,0.0
2021-10-12 00:00:00+09:00,431.742681483048,433.57209962492533,430.8279724121094,430.8279724121094,1700,0.0,0.0
2021-10-13 00:00:00+09:00,430.8279781260389,430.8279781260389,429.91326904296875,429.91326904296875,2000,0.0,0.0
2021-10-14 00:00:00+09:00,429.913312657943,432.6574401855469,429.913312657943,432.6574401855469,2600,0.0,0.0
2021-10-15 00:00:00+09:00,439.9751180448675,439.9751180448675,423.51035271262714,427.169189453125,12300,0.0,0.0
2021-10-18 00:00:00+09:00,432.65739055398666,432.65739055398666,428.99855427023203,430.8279724121094,2300,0.0,0.0
2021-10-19 00:00:00+09:00,426.2544802680005,429.9133170084984,425.33977108287604,427.169189453125,5200,0.0,0.0
2021-10-20 00:00:00+09:00,428.0838986382495,429.9133170084984,427.169189453125,427.169189453125,1900,0.0,0.0
2021-10-21 00:00:00+09:00,425.3397521972656,428.0838796307964,425.3397521972656,425.3397521972656,1200,0.0,0.0
2021-10-22 00:00:00+09:00,425.3397505387016,426.25445967964504,420.7662048339844,420.7662048339844,6300,0.0,0.0
2021-10-25 00:00:00+09:00,420.7662412024272,420.7662412024272,417.10740432240607,419.8515319824219,6600,0.0,0.0
2021-10-26 00:00:00+09:00,419.8515319824219,422.59565964243774,416.19269510240076,419.8515319824219,6100,0.0,0.0
2021-10-27 00:00:00+09:00,419.8514482732983,423.5102844238281,418.9367392356658,423.5102844238281,2200,0.0,0.0
2021-10-28 00:00:00+09:00,423.5103322568147,423.5103322568147,419.85149569304093,420.7662048339844,1100,0.0,0.0
2021-10-29 00:00:00+09:00,420.7662399224773,420.7662399224773,415.2779846191406,415.2779846191406,5900,0.0,0.0
2021-11-01 00:00:00+09:00,418.93682148803174,418.93682148803174,415.2779846191406,415.2779846191406,3800,0.0,0.0
2021-11-02 00:00:00+09:00,418.022071689432,421.680908203125,418.022071689432,421.680908203125,4400,0.0,0.0
2021-11-04 00:00:00+09:00,421.6808663485632,424.4249934614606,421.6808663485632,423.5102844238281,8100,0.0,0.0
2021-11-05 00:00:00+09:00,421.6809156192246,426.2544613417759,420.76620647471435,425.3397521972656,5600,0.0,0.0
2021-11-08 00:00:00+09:00,428.0838602659349,440.88978770978764,427.16915116280256,438.1456604003906,21500,0.0,0.0
2021-11-09 00:00:00+09:00,427.16917048628613,432.6574253533476,422.59562476373486,425.3397521972656,12400,0.0,0.0
2021-11-10 00:00:00+09:00,421.6809373152883,422.5956465068616,417.1073913574219,417.1073913574219,11400,0.0,0.0
2021-11-11 00:00:00+09:00,417.10740432240607,419.8515319824219,415.2779858823955,419.8515319824219,4000,0.0,0.0
2021-11-12 00:00:00+09:00,418.9367865520975,420.7662048339844,418.9367865520975,420.7662048339844,3100,0.0,0.0
2021-11-15 00:00:00+09:00,427.1691629736646,427.1691629736646,420.7661990747018,421.680908203125,5500,0.0,0.0
2021-11-16 00:00:00+09:00,418.9367392356658,428.99853864962284,418.9367392356658,423.5102844238281,5800,0.0,0.0
2021-11-17 00:00:00+09:00,423.5103130757028,423.5103130757028,418.02205847860944,418.936767578125,3500,0.0,0.0
2021-11-18 00:00:00+09:00,418.0220757452996,418.93678488259786,416.1926574707031,416.1926574707031,2500,0.0,0.0
2021-11-19 00:00:00+09:00,416.1927115362129,416.1927115362129,411.6191652555952,412.53387451171875,8500,0.0,0.0
2021-11-22 00:00:00+09:00,413.4485778808594,414.3632871239586,411.61915939466087,413.4485778808594,5900,0.0,0.0
2021-11-24 00:00:00+09:00,415.27797743055555,415.27797743055555,411.619140625,411.619140625,6000,0.0,0.0
2021-11-25 00:00:00+09:00,411.6191232441277,414.3632507324219,411.6191232441277,414.3632507324219,3900,0.0,0.0
2021-11-26 00:00:00+09:00,414.3632741133726,414.3632741133726,409.7897280414811,410.7044372558594,6300,0.0,0.0
2021-11-29 00:00:00+09:00,391.49547413793107,398.8131465517242,391.49547413793107,397.8984375,18300,0.0,0.0
2021-11-30 00:00:00+09:00,396.06906549601143,397.8984838123902,390.580810546875,390.580810546875,7700,0.0,0.0
2021-12-01 00:00:00+09:00,390.5808089559112,390.5808089559112,385.09255402913027,386.00726318359375,10500,0.0,0.0
2021-12-02 00:00:00+09:00,386.00726318359375,388.75139064698425,385.09255402913027,386.00726318359375,4500,0.0,0.0
2021-12-03 00:00:00+09:00,384.17783913037454,387.83667569352093,384.17783913037454,386.9219665527344,9900,0.0,0.0
2021-12-06 00:00:00+09:00,387.83668576754053,389.6661040966327,380.5190124511719,380.5190124511719,11300,0.0,0.0
2021-12-07 00:00:00+09:00,385.0925582739023,385.0925582739023,375.0307574638953,380.5190124511719,12000,0.0,0.0
2021-12-08 00:00:00+09:00,377.7748603545039,385.09253319430064,377.7748603545039,379.6042785644531,8600,0.0,0.0
2021-12-09 00:00:00+09:00,379.6043162926285,386.0072806638294,378.68960709674263,383.2631530761719,12400,0.0,0.0
2021-12-10 00:00:00+09:00,390.58086377011534,390.58086377011534,382.3484802246094,382.3484802246094,8100,0.0,0.0
2021-12-13 00:00:00+09:00,383.26318950744337,384.17789879027737,379.60435237610744,382.3484802246094,7800,0.0,0.0
2021-12-14 00:00:00+09:00,382.34840587937686,382.34840587937686,376.86015124952934,379.6042785644531,10600,0.0,0.0
2021-12-15 00:00:00+09:00,389.6661071777344,390.5808163495131,385.0925613188408,389.6661071777344,17100,0.0,0.0
2021-12-16 00:00:00+09:00,389.66609397509416,392.410221397454,385.09254827116115,386.9219665527344,4200,0.0,0.0
2021-12-17 00:00:00+09:00,384.1778622720577,387.8366990556011,383.2631530761719,383.2631530761719,4100,0.0,0.0
2021-12-20 00:00:00+09:00,381.43372161571796,386.92197660299445,379.6043032866258,380.5190124511719,15900,0.0,0.0
2021-12-21 00:00:00+09:00,380.5190082568128,387.83668149252077,380.5190082568128,386.00726318359375,6500,0.0,0.0
2021-12-22 00:00:00+09:00,383.2631530761719,386.92198985971527,382.348443880286,383.2631530761719,9400,0.0,0.0
2021-12-23 00:00:00+09:00,383.2631168183826,385.0925350370861,383.2631168183826,384.1778259277344,6200,0.0,0.0
2021-12-24 00:00:00+09:00,383.2631168183826,386.00724414643787,383.2631168183826,384.1778259277344,6400,0.0,0.0
2021-12-27 00:00:00+09:00,386.9219690711753,405.2161520059826,376.86016845703125,376.86016845703125,43700,0.0,0.0
2021-12-28 00:00:00+09:00,379.60435237610744,382.3484802246094,376.86022452760545,382.3484802246094,16700,0.0,0.0
2021-12-29 00:00:00+09:00,385.0720783815546,391.64647971977627,385.0720783815546,387.8896789550781,8000,10.9,0.0
2021-12-30 00:00:00+09:00,387.8896789550781,389.7680793374272,386.9504787639036,387.8896789550781,6100,0.0,0.0
2022-01-04 00:00:00+09:00,387.88968772703896,391.64648857669556,387.88968772703896,388.8288879394531,2800,0.0,0.0
2022-01-05 00:00:00+09:00,387.88970073218485,389.76810121999205,386.95050048828125,386.95050048828125,5200,0.0,0.0
2022-01-06 00:00:00+09:00,386.95048751462485,388.8288879394531,385.0720870897966,388.8288879394531,6700,0.0,0.0
2022-01-07 00:00:00+09:00,386.9504787639036,387.8896789550781,386.9504787639036,387.8896789550781,1600,0.0,0.0
2022-01-11 00:00:00+09:00,386.01131331280965,387.8897138642102,384.1329127614091,385.0721130371094,2000,0.0,0.0
2022-01-12 00:00:00+09:00,386.0112959896225,389.7680969238281,385.0720957560711,389.7680969238281,2100,0.0,0.0
2022-01-13 00:00:00+09:00,389.76810121999205,391.6465017077992,385.07210000047405,386.95050048828125,3500,0.0,0.0
2022-01-14 00:00:00+09:00,391.6465540251663,392.58575439453125,386.0113518089769,392.58575439453125,9300,0.0,0.0
2022-01-17 00:00:00+09:00,388.82889669027674,393.5248978580337,387.88969645672535,389.7680969238281,4900,0.0,0.0
2022-01-18 00:00:00+09:00,387.8897226152629,389.76812320904145,386.0113220214844,386.0113220214844,3600,0.0,0.0
2022-01-19 00:00:00+09:00,385.0721130371094,386.01131331280965,383.19371248570883,385.0721130371094,5000,0.0,0.0
2022-01-20 00:00:00+09:00,381.3153032895114,384.1329040527344,381.3153032895114,384.1329040527344,4800,0.0,0.0
2022-01-21 00:00:00+09:00,383.1937168880528,383.1937168880528,381.31531631507215,382.2545166015625,2000,0.0,0.0
2022-01-24 00:00:00+09:00,381.3153381347656,382.25453847499904,380.3761377945322,381.3153381347656,2900,0.0,0.0
2022-01-25 00:00:00+09:00,381.3152988763503,384.13289960696375,379.4368983892747,380.3760986328125,3900,0.0,0.0
2022-01-26 00:00:00+09:00,380.3760986328125,380.3760986328125,378.4976981457369,380.3760986328125,1900,0.0,0.0
2022-01-27 00:00:00+09:00,379.43691589355467,379.43691589355467,375.68011474609375,375.68011474609375,5700,0.0,0.0
2022-01-28 00:00:00+09:00,380.376094142695,380.376094142695,375.68009298043955,376.6192932128906,2600,0.0,0.0
2022-01-31 00:00:00+09:00,376.61931488262053,382.2545166015625,376.61931488262053,382.2545166015625,1100,0.0,0.0
2022-02-01 00:00:00+09:00,381.31531631507215,382.2545166015625,380.3761160285818,382.2545166015625,600,0.0,0.0
2022-02-02 00:00:00+09:00,382.2544991198881,383.19369936342594,380.3760986328125,380.3760986328125,2000,0.0,0.0
2022-02-03 00:00:00+09:00,382.2545431056626,382.2545431056626,378.49774169921875,378.49774169921875,2200,0.0,0.0
2022-02-04 00:00:00+09:00,376.61931488262053,382.2545166015625,376.61931488262053,382.2545166015625,1900,0.0,0.0
2022-02-07 00:00:00+09:00,381.31531631507215,384.13291717454314,378.49771545560117,382.2545166015625,4100,0.0,0.0
2022-02-08 00:00:00+09:00,382.2545166015625,382.2545166015625,379.4369157420915,382.2545166015625,3000,0.0,0.0
2022-02-09 00:00:00+09:00,382.25453847499904,383.19373881523245,381.3153381347656,381.3153381347656,1900,0.0,0.0
2022-02-10 00:00:00+09:00,384.13293915546586,384.13293915546586,381.3153381347656,381.3153381347656,4900,0.0,0.0
2022-02-14 00:00:00+09:00,381.31532497032015,383.1937255859375,378.4977240468942,383.1937255859375,3000,0.0,0.0
2022-02-15 00:00:00+09:00,386.0113265093635,386.0113265093635,380.3761246625115,383.1937255859375,6300,0.0,0.0
2022-02-16 00:00:00+09:00,383.19371248570883,385.0721130371094,382.25451221000856,385.0721130371094,4000,0.0,0.0
2022-02-17 00:00:00+09:00,385.07211746103343,385.07211746103343,382.2545166015625,382.2545166015625,1400,0.0,0.0
2022-02-18 00:00:00+09:00,381.31532497032015,383.1937255859375,381.31532497032015,383.1937255859375,900,0.0,0.0
2022-02-21 00:00:00+09:00,380.3761424024407,380.3761424024407,375.68014064438586,378.49774169921875,4500,0.0,0.0
2022-02-22 00:00:00+09:00,378.4977423157355,378.4977423157355,370.9841394906092,371.92333984375,8800,0.0,0.0
2022-02-24 00:00:00+09:00,371.92334923377405,372.862549610627,366.28814697265625,366.28814697265625,7800,0.0,0.0
2022-02-25 00:00:00+09:00,368.1665384311869,373.8017405500316,368.1665384311869,371.92333984375,700,0.0,0.0
2022-02-28 00:00:00+09:00,382.2545167541504,384.1329173278809,375.68011474609375,375.68011474609375,5100,0.0,0.0
2022-03-01 00:00:00+09:00,376.6193019430436,379.4369027057097,376.6193019430436,377.5585021972656,900,0.0,0.0
2022-03-02 00:00:00+09:00,377.5585021972656,379.4369027057097,375.68010168882154,377.5585021972656,3400,0.0,0.0
2022-03-03 00:00:00+09:00,380.3761424024407,380.3761424024407,377.5585413476078,378.49774169921875,1500,0.0,0.0
2022-03-04 00:00:00+09:00,375.68014125631316,375.68014125631316,371.92333984375,371.92333984375,5900,0.0,0.0
2022-03-07 00:00:00+09:00,370.04491317787847,372.862514039639,369.105712890625,369.105712890625,2300,0.0,0.0
2022-03-08 00:00:00+09:00,369.105712890625,371.92331375238547,367.227312316118,369.105712890625,3600,0.0,0.0
2022-03-09 00:00:00+09:00,368.1665344238281,370.044935109664,368.1665344238281,368.1665344238281,800,0.0,0.0
2022-03-10 00:00:00+09:00,373.80169677734375,373.80169677734375,370.9840960478663,373.80169677734375,2100,0.0,0.0
2022-03-11 00:00:00+09:00,372.8625401968908,375.68014125631316,371.92333984375,371.92333984375,1300,0.0,0.0
2022-03-14 00:00:00+09:00,374.7409402927749,378.49774169921875,370.0449385347201,378.49774169921875,3700,0.0,0.0
2022-03-15 00:00:00+09:00,382.25453847499904,382.25453847499904,378.4977371140654,381.3153381347656,6400,0.0,0.0
2022-03-16 00:00:00+09:00,379.4369027057097,380.37610295993176,377.5585021972656,377.5585021972656,2600,0.0,0.0
2022-03-17 00:00:00+09:00,380.37610295993176,380.37610295993176,375.68010168882154,377.5585021972656,2300,0.0,0.0
2022-03-18 00:00:00+09:00,380.3761161804199,380.3761161804199,371.92331359863283,375.68011474609375,2300,0.0,0.0
2022-03-22 00:00:00+09:00,375.68009298043955,379.43689391024395,375.68009298043955,376.6192932128906,3200,0.0,0.0
2022-03-23 00:00:00+09:00,376.6193019430436,380.37610295993176,375.68010168882154,377.5585021972656,3000,0.0,0.0
2022-03-24 00:00:00+09:00,377.5585153198242,377.5585153198242,374.7409144592285,375.68011474609375,3300,0.0,0.0
2022-03-25 00:00:00+09:00,380.37607637563144,382.2544767527951,367.22727373548616,374.7408752441406,13300,0.0,0.0
2022-03-28 00:00:00+09:00,374.7409189065698,375.6801192045812,371.92331801253545,372.8625183105469,6900,0.0,0.0
2022-03-29 00:00:00+09:00,374.7408752441406,374.7408752441406,373.8016750555588,374.7408752441406,3100,0.0,0.0
2022-03-30 00:00:00+09:00,374.7408927479884,376.6192932128906,374.7408927479884,376.6192932128906,3100,0.0,0.0
2022-03-31 00:00:00+09:00,375.6801189762531,379.4369201660156,375.6801189762531,379.4369201660156,2200,0.0,0.0
2022-04-01 00:00:00+09:00,380.37607637563144,380.37607637563144,374.7408752441406,374.7408752441406,5200,0.0,0.0
2022-04-04 00:00:00+09:00,374.7408927479884,376.6192932128906,368.16649112083076,376.6192932128906,8400,0.0,0.0
2022-04-05 00:00:00+09:00,376.6193019430436,377.5585021972656,376.6193019430436,377.5585021972656,5900,0.0,0.0
2022-04-06 00:00:00+09:00,377.55849790219906,380.3760986328125,376.61929765866125,380.3760986328125,5000,0.0,0.0
2022-04-07 00:00:00+09:00,379.4369027057097,379.4369027057097,374.74090143459944,377.5585021972656,4800,0.0,0.0
2022-04-08 00:00:00+09:00,377.55849344534175,377.55849344534175,375.68009298043955,376.6192932128906,1000,0.0,0.0
2022-04-11 00:00:00+09:00,376.61927562130427,379.4368761870497,374.7408752441406,374.7408752441406,6500,0.0,0.0
2022-04-12 00:00:00+09:00,378.4976936777928,378.4976936777928,373.80169251553735,376.6192932128906,1700,0.0,0.0
2022-04-13 00:00:00+09:00,377.5585153198242,377.5585153198242,373.8017141723633,375.68011474609375,5100,0.0,0.0
2022-04-14 00:00:00+09:00,377.55849790219906,380.3760986328125,373.8016969280478,380.3760986328125,3200,0.0,0.0
2022-04-15 00:00:00+09:00,391.6465149670112,391.6465149670112,381.3153119343083,385.0721130371094,11800,0.0,0.0
2022-04-18 00:00:00+09:00,385.0721394956993,385.0721394956993,381.3153381347656,381.3153381347656,700,0.0,0.0
2022-04-19 00:00:00+09:00,376.6193409959968,384.13294380888453,376.6193409959968,378.49774169921875,6600,0.0,0.0
2022-04-20 00:00:00+09:00,384.13293915546586,385.0721394956993,380.3761377945322,381.3153381347656,2400,0.0,0.0
2022-04-21 00:00:00+09:00,380.3760986328125,384.13289960696375,380.3760986328125,380.3760986328125,900,0.0,0.0
2022-04-22 00:00:00+09:00,381.3153381347656,381.3153381347656,380.3761377945322,381.3153381347656,2100,0.0,0.0
2022-04-25 00:00:00+09:00,378.4976981457369,383.19369936342594,378.4976981457369,380.3760986328125,2300,0.0,0.0
2022-04-26 00:00:00+09:00,380.37612046345623,380.37612046345623,379.4369201660156,379.4369201660156,1000,0.0,0.0
2022-04-27 00:00:00+09:00,378.49770245148767,378.49770245148767,377.5585021972656,377.5585021972656,3400,0.0,0.0
2022-04-28 00:00:00+09:00,377.55849790219906,380.3760986328125,377.55849790219906,380.3760986328125,1300,0.0,0.0
2022-05-02 00:00:00+09:00,376.6193019430436,379.4369027057097,375.68010168882154,377.5585021972656,4600,0.0,0.0
2022-05-06 00:00:00+09:00,376.61929765866125,380.3760986328125,376.61929765866125,380.3760986328125,1400,0.0,0.0
2022-05-09 00:00:00+09:00,380.3760986328125,384.13289960696375,380.3760986328125,380.3760986328125,3000,0.0,0.0
2022-05-10 00:00:00+09:00,385.07209985050156,385.07209985050156,380.3760986328125,380.3760986328125,5000,0.0,0.0
2022-05-11 00:00:00+09:00,380.3761246625115,383.1937255859375,379.43692435470285,383.1937255859375,2200,0.0,0.0
2022-05-12 00:00:00+09:00,384.13293915546586,384.13293915546586,380.3761377945322,381.3153381347656,3000,0.0,0.0
2022-05-13 00:00:00+09:00,386.0113398359327,386.0113398359327,381.3153381347656,381.3153381347656,7300,0.0,0.0
2022-05-16 00:00:00+09:00,378.49771986857496,382.2545210583375,378.49771986857496,379.4369201660156,2800,0.0,0.0
2022-05-17 00:00:00+09:00,382.2544991198881,384.13289960696375,379.4368983892747,380.3760986328125,2100,0.0,0.0
2022-05-18 00:00:00+09:00,380.3760986328125,382.2544991198881,379.4368983892747,380.3760986328125,1400,0.0,0.0
2022-05-19 00:00:00+09:00,379.4369157420915,383.1937168880528,376.61931488262053,382.2545166015625,3600,0.0,0.0
2022-05-20 00:00:00+09:00,378.49774169921875,379.4369420508297,377.5585413476078,378.49774169921875,2600,0.0,0.0
2022-05-23 00:00:00+09:00,380.3761424024407,380.3761424024407,378.49774169921875,378.49774169921875,700,0.0,0.0
2022-05-24 00:00:00+09:00,379.4369201660156,381.3153207608969,379.4369201660156,379.4369201660156,1300,0.0,0.0
2022-05-25 00:00:00+09:00,379.4369420508297,379.4369420508297,378.49774169921875,378.49774169921875,800,0.0,0.0
2022-05-26 00:00:00+09:00,381.31534275405164,382.2545431056626,378.49774169921875,378.49774169921875,1400,0.0,0.0
2022-05-27 00:00:00+09:00,380.3760986328125,380.3760986328125,378.4976981457369,380.3760986328125,1800,0.0,0.0
2022-05-30 00:00:00+09:00,383.19373881523245,386.9505401761661,380.3761377945322,381.3153381347656,2800,0.0,0.0
2022-05-31 00:00:00+09:00,384.13291717454314,384.13291717454314,382.2545166015625,382.2545166015625,4900,0.0,0.0
2022-06-01 00:00:00+09:00,383.19369936342594,385.07209985050156,380.3760986328125,380.3760986328125,7500,0.0,0.0
2022-06-02 00:00:00+09:00,382.2544991198881,382.2544991198881,379.4368983892747,380.3760986328125,4300,0.0,0.0
2022-06-03 00:00:00+09:00,379.4369201660156,380.37612046345623,379.4369201660156,379.4369201660156,3400,0.0,0.0
2022-06-06 00:00:00+09:00,380.3761246625115,383.1937255859375,380.3761246625115,383.1937255859375,4300,0.0,0.0
2022-06-07 00:00:00+09:00,380.3761246625115,383.1937255859375,380.3761246625115,383.1937255859375,4800,0.0,0.0
2022-06-08 00:00:00+09:00,383.19370379832674,384.1329040527344,381.3153032895114,384.1329040527344,4900,0.0,0.0
2022-06-09 00:00:00+09:00,384.1329040527344,386.0113045615497,384.1329040527344,384.1329040527344,2900,0.0,0.0
2022-06-10 00:00:00+09:00,383.19371248570883,385.0721130371094,381.3153119343083,385.0721130371094,3500,0.0,0.0
2022-06-13 00:00:00+09:00,382.25453847499904,384.13293915546586,379.4369374542988,381.3153381347656,2900,0.0,0.0
2022-06-14 00:00:00+09:00,381.3153032895114,385.07210430714207,381.3153032895114,384.1329040527344,3700,0.0,0.0
2022-06-15 00:00:00+09:00,386.01131331280965,386.01131331280965,382.25451221000856,385.0721130371094,12100,0.0,0.0
2022-06-16 00:00:00+09:00,385.07212172459515,386.0113220214844,384.13292142770587,386.0113220214844,2800,0.0,0.0
2022-06-17 00:00:00+09:00,382.25453847499904,384.13293915546586,381.3153381347656,381.3153381347656,3900,0.0,0.0
2022-06-20 00:00:00+09:00,381.3153381347656,383.19373881523245,381.3153381347656,381.3153381347656,1000,0.0,0.0
2022-06-21 00:00:00+09:00,381.3153381347656,383.19373881523245,380.3761377945322,381.3153381347656,2800,0.0,0.0
2022-06-22 00:00:00+09:00,382.2545252781288,383.1937255859375,381.31532497032015,383.1937255859375,1700,0.0,0.0
2022-06-23 00:00:00+09:00,381.3153381347656,382.25453847499904,380.3761377945322,381.3153381347656,2600,0.0,0.0
2022-06-24 00:00:00+09:00,381.3153381347656,382.25453847499904,380.3761377945322,381.3153381347656,3100,0.0,0.0
2022-06-27 00:00:00+09:00,382.2545166015625,382.2545166015625,380.3761160285818,382.2545166015625,3300,0.0,0.0
2022-06-28 00:00:00+09:00,382.25449926876325,386.95050048828125,381.31529902485966,386.95050048828125,7600,0.0,0.0
2022-06-29 00:00:00+09:00,380.3760986328125,382.2544991198881,380.3760986328125,380.3760986328125,7400,0.0,0.0
2022-06-30 00:00:00+09:00,380.3760986328125,381.3152988763503,378.4976981457369,380.3760986328125,4300,0.0,0.0
2022-07-01 00:00:00+09:00,379.4369027057097,380.37610295993176,377.5585021972656,377.5585021972656,3600,0.0,0.0
2022-07-04 00:00:00+09:00,377.5585021972656,378.49770245148767,376.6193019430436,377.5585021972656,3500,0.0,0.0
2022-07-05 00:00:00+09:00,376.6193409959968,379.4369420508297,376.6193409959968,378.49774169921875,2000,0.0,0.0
2022-07-06 00:00:00+09:00,377.5585413476078,378.49774169921875,377.5585413476078,378.49774169921875,3200,0.0,0.0
2022-07-07 00:00:00+09:00,379.4369201660156,379.4369201660156,378.49771986857496,379.4369201660156,500,0.0,0.0
2022-07-08 00:00:00+09:00,379.4369420508297,380.3761424024407,377.5585413476078,378.49774169921875,1900,0.0,0.0
2022-07-11 00:00:00+09:00,378.49770245148767,380.37610295993176,376.6193019430436,377.5585021972656,1900,0.0,0.0
2022-07-12 00:00:00+09:00,377.55849344534175,380.376094142695,376.6192932128906,376.6192932128906,900,0.0,0.0
2022-07-13 00:00:00+09:00,380.37612046345623,380.37612046345623,377.55851957113435,379.4369201660156,1400,0.0,0.0
2022-07-14 00:00:00+09:00,379.4369374542988,381.3153381347656,378.4977371140654,381.3153381347656,2400,0.0,0.0
2022-07-15 00:00:00+09:00,385.0721394956993,385.0721394956993,380.3761377945322,381.3153381347656,6200,0.0,0.0
2022-07-19 00:00:00+09:00,381.3152988763503,382.2544991198881,378.4976981457369,380.3760986328125,7200,0.0,0.0
2022-07-20 00:00:00+09:00,381.31531631507215,383.1937168880528,377.5585151691109,382.2545166015625,3300,0.0,0.0
2022-07-21 00:00:00+09:00,379.4368983892747,381.3152988763503,379.4368983892747,380.3760986328125,1700,0.0,0.0
2022-07-22 00:00:00+09:00,380.37612046345623,382.2545210583375,377.55851957113435,379.4369201660156,9300,0.0,0.0
2022-07-25 00:00:00+09:00,379.43689391024395,379.43689391024395,376.6192932128906,376.6192932128906,8000,0.0,0.0
2022-07-26 00:00:00+09:00,377.5585413476078,378.49774169921875,376.6193409959968,378.49774169921875,3000,0.0,0.0
2022-07-27 00:00:00+09:00,377.55853195664304,453.6337585449219,376.6193316283927,453.6337585449219,287400,0.0,0.0
2022-07-28 00:00:00+09:00,528.769775390625,528.769775390625,528.769775390625,528.769775390625,80200,0.0,0.0
2022-07-29 00:00:00+09:00,510.924905156893,516.5601063167117,447.0592920122814,456.4512939453125,850600,0.0,0.0
2022-08-01 00:00:00+09:00,448.93770102749613,463.96490440916966,433.9104976458226,457.3905029296875,203700,0.0,0.0
2022-08-02 00:00:00+09:00,469.60017248957803,525.9521931883274,450.8161655899949,461.1473693847656,891200,0.0,0.0
2022-08-03 00:00:00+09:00,453.6337666249324,474.2961742144738,452.6945662799532,461.1473693847656,133900,0.0,0.0
2022-08-04 00:00:00+09:00,463.9649482069608,471.47855060707354,458.32974640687627,468.66094970703125,87300,0.0,0.0
2022-08-05 00:00:00+09:00,455.5120737557792,458.32967421200055,433.9104702580825,434.84967041015625,124100,0.0,0.0
2022-08-08 00:00:00+09:00,433.9105179245408,433.9105179245408,415.1265128195823,417.0049133300781,74900,0.0,0.0
2022-08-09 00:00:00+09:00,419.822518484933,420.76171875,412.3089163643973,420.76171875,40300,0.0,0.0
2022-08-10 00:00:00+09:00,418.8833355034722,432.97134006076385,413.24813368055555,422.64013671875,40400,0.0,0.0
2022-08-12 00:00:00+09:00,425.4577421661992,429.2145434215298,416.06573902787244,419.8225402832031,34000,0.0,0.0
2022-08-15 00:00:00+09:00,424.5185198102679,424.5185198102679,417.94411795479914,420.76171875,26000,0.0,0.0
2022-08-16 00:00:00+09:00,419.8224664021175,429.2144678876235,418.88326625356694,421.70086669921875,32000,0.0,0.0
2022-08-17 00:00:00+09:00,423.5793195452009,424.5185198102679,418.88331821986606,420.76171875,18900,0.0,0.0
2022-08-18 00:00:00+09:00,422.64013671875,425.4577376302083,418.8833355034722,422.64013671875,15500,0.0,0.0
2022-08-19 00:00:00+09:00,425.4577156963475,426.39691595174787,420.76171441934594,423.5793151855469,15000,0.0,0.0
2022-08-22 00:00:00+09:00,421.70098499769574,426.3969870578037,417.9441833496094,417.9441833496094,14900,0.0,0.0
2022-08-23 00:00:00+09:00,417.0049043707891,417.9441046058585,408.55210225516504,409.4913024902344,30200,0.0,0.0
2022-08-24 00:00:00+09:00,409.4912937208154,414.1872947955954,408.5520935058594,408.5520935058594,13000,0.0,0.0
2022-08-25 00:00:00+09:00,409.4913069291548,413.24810791015625,407.6129064386541,413.24810791015625,9000,0.0,0.0
2022-08-26 00:00:00+09:00,414.18727349481514,417.0048739947799,411.3696729948504,416.065673828125,8400,0.0,0.0
2022-08-29 00:00:00+09:00,403.8560924310794,411.36969415072736,403.8560924310794,408.5520935058594,17100,0.0,0.0
2022-08-30 00:00:00+09:00,409.4912937208154,415.12649501055137,405.7344928609914,408.5520935058594,7900,0.0,0.0
2022-08-31 00:00:00+09:00,408.5520935058594,415.12649501055137,406.67369307594737,408.5520935058594,15600,0.0,0.0
2022-09-01 00:00:00+09:00,408.5521065445475,409.49130678947745,401.9777048300375,406.6737060546875,25700,0.0,0.0
2022-09-02 00:00:00+09:00,407.6129414403161,407.6129414403161,401.97773948492005,403.85614013671875,11200,0.0,0.0
2022-09-05 00:00:00+09:00,401.9776874728103,404.7952880859375,401.0384872684346,404.7952880859375,6700,0.0,0.0
2022-09-06 00:00:00+09:00,404.79534046261807,404.79534046261807,402.9169398108194,403.85614013671875,2400,0.0,0.0
2022-09-07 00:00:00+09:00,403.8560963350184,403.8560963350184,397.28169476677385,399.16009521484375,8600,0.0,0.0
2022-09-08 00:00:00+09:00,401.97773991578015,401.97773991578015,395.40333762743796,397.28173828125,6200,0.0,0.0
2022-09-09 00:00:00+09:00,395.40331592199936,401.97771784944354,395.40331592199936,398.2209167480469,6800,0.0,0.0
2022-09-12 00:00:00+09:00,402.91690493301604,403.8561051776152,399.1601039546196,400.09930419921875,9400,0.0,0.0
2022-09-13 00:00:00+09:00,401.97772216796875,403.8561227388471,400.0993215970904,401.97772216796875,3000,0.0,0.0
2022-09-14 00:00:00+09:00,397.2817423550251,401.0385437011719,395.4033416819517,401.0385437011719,9500,0.0,0.0
2022-09-15 00:00:00+09:00,401.0385044438178,401.0385044438178,398.22090371002054,400.09930419921875,6600,0.0,0.0
2022-09-16 00:00:00+09:00,400.0992819649833,400.0992819649833,394.4640808105469,394.4640808105469,8800,0.0,0.0
2022-09-20 00:00:00+09:00,395.40333349551105,396.34253381260254,393.5249328613281,393.5249328613281,5200,0.0,0.0
2022-09-21 00:00:00+09:00,394.4640808105469,394.4640808105469,389.76807984851655,394.4640808105469,6500,0.0,0.0
2022-09-22 00:00:00+09:00,394.46408958163227,395.4032897949219,388.82888830189466,395.4032897949219,11100,0.0,0.0
2022-09-26 00:00:00+09:00,395.4032897949219,402.9168915012387,389.7680885151843,395.4032897949219,11100,0.0,0.0
2022-09-27 00:00:00+09:00,394.46408958163227,395.4032897949219,394.46408958163227,395.4032897949219,500,0.0,0.0
2022-09-28 00:00:00+09:00,393.5249547638961,394.46415513326104,389.76815328643653,392.58575439453125,2600,0.0,0.0
2022-09-29 00:00:00+09:00,393.5248893683427,410.4304932075555,391.6464889417635,395.4032897949219,16900,0.0,0.0
2022-09-30 00:00:00+09:00,395.40330311552754,468.6609222200671,386.95050091115763,406.6737060546875,470500,0.0,0.0
2022-10-03 00:00:00+09:00,399.160099259342,401.97769995999624,389.7680969238281,389.7680969238281,49100,0.0,0.0
2022-10-04 00:00:00+09:00,392.5856804257348,400.0992819649833,391.6464802333287,394.4640808105469,15700,0.0,0.0
2022-10-05 00:00:00+09:00,396.34254201848836,405.7345453838554,393.5249410088783,401.0385437011719,18500,0.0,0.0
2022-10-06 00:00:00+09:00,401.9777390678633,410.4305419921875,401.9777390678633,410.4305419921875,8700,0.0,0.0
2022-10-07 00:00:00+09:00,407.61293268092584,407.61293268092584,400.0993302351945,402.91693115234375,11300,0.0,0.0
2022-10-11 00:00:00+09:00,401.9777308466273,405.734532069493,399.16012992947805,402.91693115234375,11300,0.0,0.0
2022-10-12 00:00:00+09:00,405.73450566681333,405.73450566681333,398.22090371002054,400.09930419921875,11300,0.0,0.0
2022-10-13 00:00:00+09:00,400.09931729874523,402.9169181247927,397.2817164726977,398.2209167480469,7100,0.0,0.0
2022-10-14 00:00:00+09:00,405.7344882903132,406.6736884946889,399.16008685968313,404.7952880859375,9700,0.0,0.0
2022-10-17 00:00:00+09:00,403.8560878815618,406.6736884946889,401.9776874728103,404.7952880859375,6700,0.0,0.0
2022-10-18 00:00:00+09:00,406.67366670679166,406.67366670679166,401.9776659365054,405.7344665527344,4800,0.0,0.0
2022-10-19 00:00:00+09:00,407.61294101741277,416.065743941737,406.67374069248785,410.4305419921875,8800,0.0,0.0
2022-10-20 00:00:00+09:00,417.944109136408,464.9041213989258,412.30890766490586,413.24810791015625,169700,0.0,0.0
2022-10-21 00:00:00+09:00,413.24809458063936,416.0656952255074,407.6128932909034,408.5520935058594,15500,0.0,0.0
2022-10-24 00:00:00+09:00,414.1873036655811,416.0657041357198,408.55210225516504,409.4913024902344,6100,0.0,0.0
2022-10-25 00:00:00+09:00,417.0048957928273,417.0048957928273,410.43049428258007,415.1264953613281,9800,0.0,0.0
2022-10-26 00:00:00+09:00,415.1264736614701,421.70087482805445,412.30887316150535,416.065673828125,8300,0.0,0.0
2022-10-27 00:00:00+09:00,416.0657130748302,420.7617143510698,416.0657130748302,417.0049133300781,4900,0.0,0.0
2022-10-28 00:00:00+09:00,417.00490889115764,417.944109136408,408.55210668390447,413.24810791015625,7300,0.0,0.0
2022-10-31 00:00:00+09:00,417.0049829375878,417.9441833496094,416.0657825255662,417.9441833496094,4900,0.0,0.0
2022-11-01 00:00:00+09:00,417.94406610501636,422.64006684776933,417.94406610501636,421.70086669921875,2800,0.0,0.0
2022-11-02 00:00:00+09:00,420.7616665506681,423.5792669963199,418.88326625356694,421.70086669921875,4700,0.0,0.0
2022-11-04 00:00:00+09:00,419.82253119427224,436.7281364772631,419.82253119427224,432.0321350097656,15100,0.0,0.0
2022-11-07 00:00:00+09:00,435.78890566448075,455.51211044670936,434.8497054367555,438.60650634765625,61400,0.0,0.0
2022-11-08 00:00:00+09:00,446.120125906808,446.120125906808,417.94411795479914,420.76171875,66300,0.0,0.0
2022-11-09 00:00:00+09:00,418.883292409171,427.3360942739301,416.0656917875847,424.51849365234375,23800,0.0,0.0
2022-11-10 00:00:00+09:00,424.51846714487056,424.51846714487056,421.70086669921875,421.70086669921875,5900,0.0,0.0
2022-11-11 00:00:00+09:00,422.64018540971733,424.5185862337605,416.0657825255662,417.9441833496094,25700,0.0,0.0
2022-11-14 00:00:00+09:00,419.8225494177163,422.6401504205198,406.6737447379668,414.1873474121094,26000,0.0,0.0
2022-11-15 00:00:00+09:00,426.39694248003184,426.39694248003184,416.06573902787244,419.8225402832031,27200,0.0,0.0
2022-11-16 00:00:00+09:00,419.8225402832031,419.8225402832031,416.06573902787244,419.8225402832031,7300,0.0,0.0
2022-11-17 00:00:00+09:00,419.822518484933,421.700919015067,416.0657174246652,420.76171875,8000,0.0,0.0
2022-11-18 00:00:00+09:00,421.7009146063177,421.7009146063177,416.0657130748302,417.0049133300781,4700,0.0,0.0
2022-11-21 00:00:00+09:00,417.9441135853261,418.883313840574,416.0657130748302,417.0049133300781,7200,0.0,0.0
2022-11-22 00:00:00+09:00,417.9441833496094,419.82258417365256,417.0049829375878,417.9441833496094,4600,0.0,0.0
2022-11-24 00:00:00+09:00,417.9441310044361,420.7617318876121,417.9441310044361,418.8833312988281,6600,0.0,0.0
2022-11-25 00:00:00+09:00,420.7617361111111,427.3361382378472,420.7617361111111,422.64013671875,22600,0.0,0.0
2022-11-28 00:00:00+09:00,424.51847195993724,427.33607243754744,423.5792718007338,425.4576721191406,18100,0.0,0.0
2022-11-29 00:00:00+09:00,425.45771137523235,428.27531211281666,422.64011063764804,426.39691162109375,10200,0.0,0.0
2022-11-30 00:00:00+09:00,426.39692902146726,437.6673324317263,426.39692902146726,428.27532958984375,11900,0.0,0.0
2022-12-01 00:00:00+09:00,436.7280707143038,436.7280707143038,431.0928698018612,434.84967041015625,25100,0.0,0.0
2022-12-02 00:00:00+09:00,438.60653706426206,439.54573735776154,430.15373442276666,432.0321350097656,12200,0.0,0.0
2022-12-05 00:00:00+09:00,432.97133101078504,434.8497315791615,428.27532958984375,428.27532958984375,6400,0.0,0.0
2022-12-06 00:00:00+09:00,428.27533827099285,430.1537388774446,426.39693766454116,429.21453857421875,3800,0.0,0.0
2022-12-07 00:00:00+09:00,429.21453857421875,431.09293918067044,427.336137967767,429.21453857421875,4300,0.0,0.0
2022-12-08 00:00:00+09:00,429.21453857421875,430.1537388774446,427.336137967767,429.21453857421875,3100,0.0,0.0
2022-12-09 00:00:00+09:00,427.33607243754744,430.15367291515764,424.51847195993724,425.4576721191406,14400,0.0,0.0
2022-12-12 00:00:00+09:00,421.70093641493054,424.51853732638887,421.70093641493054,422.64013671875,4200,0.0,0.0
2022-12-13 00:00:00+09:00,422.6401235543046,432.0321262999558,422.6401235543046,431.0929260253906,9400,0.0,0.0
2022-12-14 00:00:00+09:00,430.1537257508255,432.0321262999558,428.2753252016953,431.0929260253906,5400,0.0,0.0
2022-12-15 00:00:00+09:00,443.3025161842462,443.3025161842462,431.0929129842564,432.9713134765625,30000,0.0,0.0
2022-12-16 00:00:00+09:00,436.728132147538,436.728132147538,427.3361293056555,428.27532958984375,15900,0.0,0.0
2022-12-19 00:00:00+09:00,432.03211323040944,435.7889142150217,429.21451249195025,432.9713134765625,10500,0.0,0.0
2022-12-20 00:00:00+09:00,434.8497139688686,436.72811446117475,426.39691175349105,432.9713134765625,29800,0.0,0.0
2022-12-21 00:00:00+09:00,432.0321005963265,445.1809036579538,432.0321005963265,441.4241027832031,31900,0.0,0.0
2022-12-22 00:00:00+09:00,441.42409399882564,442.36329419882316,433.91049239884563,440.4848937988281,21400,0.0,0.0
2022-12-23 00:00:00+09:00,447.0593217090894,465.84332682291665,431.09291736233615,436.7281188964844,99600,0.0,0.0
2022-12-26 00:00:00+09:00,436.72808427077075,451.75528717041016,436.72808427077075,439.5456848144531,23800,0.0,0.0
2022-12-27 00:00:00+09:00,439.5457590782591,443.30256043790234,435.7889577186159,437.6673583984375,16700,0.0,0.0
2022-12-28 00:00:00+09:00,440.48494194293846,442.36334254823885,435.7889404296875,435.7889404296875,21800,0.0,0.0
2022-12-29 00:00:00+09:00,429.5151129828559,439.1671379937066,427.5847079806858,434.34112548828125,17200,12.5,0.0
2022-12-30 00:00:00+09:00,438.20193549262154,438.20193549262154,433.3759229871962,434.34112548828125,5500,0.0,0.0
2023-01-04 00:00:00+09:00,434.341065015661,435.3062673823625,415.0370176816316,418.8978271484375,25200,0.0,0.0
2023-01-05 00:00:00+09:00,418.89784226723765,421.7934494718499,417.93263986570025,420.8282470703125,4400,0.0,0.0
2023-01-06 00:00:00+09:00,421.79345738364697,421.79345738364697,416.96744528543593,417.9326477050781,3300,0.0,0.0
2023-01-10 00:00:00+09:00,416.96750710227275,416.96750710227275,407.3154814749053,414.0718994140625,17600,0.0,0.0
2023-01-11 00:00:00+09:00,415.0370329397696,417.93264014632615,409.24581852665654,416.9674377441406,12900,0.0,0.0
2023-01-12 00:00:00+09:00,416.9674377441406,416.9674377441406,414.0718305375841,416.9674377441406,6100,0.0,0.0
2023-01-13 00:00:00+09:00,428.5498662826118,428.5498662826118,416.0022350626254,420.8282470703125,18200,0.0,0.0
2023-01-16 00:00:00+09:00,416.9674377441406,422.75865215725366,416.9674377441406,416.9674377441406,4000,0.0,0.0
2023-01-17 00:00:00+09:00,416.00228136639265,419.86309140227564,415.0370788574219,415.0370788574219,5100,0.0,0.0
2023-01-18 00:00:00+09:00,415.0370329397696,419.86304495069714,415.0370329397696,416.9674377441406,2600,0.0,0.0
2023-01-19 00:00:00+09:00,419.8630525443626,419.8630525443626,416.0022428657937,417.9326477050781,1900,0.0,0.0
2023-01-20 00:00:00+09:00,418.89784145355225,433.3758774484907,417.9326390538897,432.4106750488281,16900,0.0,0.0
2023-01-23 00:00:00+09:00,434.34114949087075,434.34114949087075,427.58473160990167,429.51513671875,16000,0.0,0.0
2023-01-24 00:00:00+09:00,437.236701864503,438.201904296875,429.51508240552727,438.201904296875,14200,0.0,0.0
2023-01-25 00:00:00+09:00,435.30631189179,441.097526684142,432.410704495614,440.13232421875,12200,0.0,0.0
2023-01-26 00:00:00+09:00,440.1323247588841,440.1323247588841,432.4107050262721,436.2715148925781,28300,0.0,0.0
2023-01-27 00:00:00+09:00,439.16709184646606,439.16709184646606,432.4106750488281,432.4106750488281,8200,0.0,0.0
2023-01-30 00:00:00+09:00,433.3759543927796,434.3411569638103,428.5499415376261,430.4803466796875,15800,0.0,0.0
2023-01-31 00:00:00+09:00,437.236709359976,439.1671142578125,431.44549466646635,439.1671142578125,19900,0.0,0.0
2023-02-01 00:00:00+09:00,441.09754164250137,442.062744140625,434.3411241556359,442.062744140625,15400,0.0,0.0
2023-02-02 00:00:00+09:00,443.99312650240387,443.99312650240387,435.3063044621394,439.1671142578125,12200,0.0,0.0
2023-02-03 00:00:00+09:00,435.3063044621394,441.097519155649,432.4106971153846,439.1671142578125,19500,0.0,0.0
2023-02-06 00:00:00+09:00,440.1323019252854,443.0279091747938,433.3758850097656,433.3758850097656,26400,0.0,0.0
2023-02-07 00:00:00+09:00,441.0975673718399,442.062769926264,419.8631111745084,429.51513671875,79000,0.0,0.0
2023-02-08 00:00:00+09:00,425.65432650105333,429.51513671875,425.65432650105333,429.51513671875,13100,0.0,0.0
2023-02-09 00:00:00+09:00,425.65431251612773,426.61951503884006,421.7935024252785,423.7239074707031,20700,0.0,0.0
2023-02-10 00:00:00+09:00,424.6890950148384,424.6890950148384,421.7934875488281,421.7934875488281,11300,0.0,0.0
2023-02-13 00:00:00+09:00,421.7934875488281,422.75869003749824,418.8978800828179,421.7934875488281,8900,0.0,0.0
2023-02-14 00:00:00+09:00,424.6890869140625,424.6890869140625,420.8282770330256,424.6890869140625,4100,0.0,0.0
2023-02-15 00:00:00+09:00,432.4107301751139,432.4107301751139,419.86309737985385,423.7239074707031,29900,0.0,0.0
2023-02-16 00:00:00+09:00,423.7238387025859,427.58464816684636,423.7238387025859,426.61944580078125,8700,0.0,0.0
2023-02-17 00:00:00+09:00,422.75871883778086,431.4455418275983,422.75871883778086,429.51513671875,10300,0.0,0.0
2023-02-20 00:00:00+09:00,431.44548017676,433.3758850097656,429.51507534375435,433.3758850097656,3400,0.0,0.0
2023-02-21 00:00:00+09:00,434.34111161665487,434.34111161665487,424.6890869140625,424.6890869140625,14700,0.0,0.0
2023-02-22 00:00:00+09:00,425.65424343471614,427.58464816684636,424.689041068651,426.61944580078125,4100,0.0,0.0
2023-02-24 00:00:00+09:00,426.6195299490239,433.37594784414415,423.72392227968663,425.6543273925781,16300,0.0,0.0
2023-02-27 00:00:00+09:00,424.6891099934154,427.58471756155234,423.7239074707031,423.7239074707031,7900,0.0,0.0
2023-02-28 00:00:00+09:00,424.689041068651,426.61944580078125,422.7586363365208,426.61944580078125,8800,0.0,0.0
2023-03-01 00:00:00+09:00,425.65428938432177,426.619491854581,424.6890869140625,424.6890869140625,2900,0.0,0.0
2023-03-02 00:00:00+09:00,424.6890869140625,426.619491854581,423.7238844438033,424.6890869140625,3800,0.0,0.0
2023-03-03 00:00:00+09:00,423.7239000154957,424.6891025212257,422.7586975097656,422.7586975097656,11000,0.0,0.0
2023-03-06 00:00:00+09:00,422.75868197354407,424.6890869140625,422.75868197354407,424.6890869140625,3400,0.0,0.0
2023-03-07 00:00:00+09:00,424.6891025212257,424.6891025212257,421.79349500403555,422.7586975097656,13500,0.0,0.0
2023-03-08 00:00:00+09:00,421.7934795032848,425.65428938432177,421.7934795032848,424.6890869140625,3000,0.0,0.0
2023-03-09 00:00:00+09:00,424.6890869140625,425.65428938432177,422.75868197354407,424.6890869140625,4800,0.0,0.0
2023-03-10 00:00:00+09:00,424.6890950148384,424.6890950148384,421.7934875488281,421.7934875488281,5000,0.0,0.0
2023-03-13 00:00:00+09:00,423.7238925261683,423.7238925261683,419.86308257148795,421.7934875488281,7600,0.0,0.0
2023-03-14 00:00:00+09:00,421.7934875488281,423.7238925261683,419.86308257148795,421.7934875488281,5200,0.0,0.0
2023-03-15 00:00:00+09:00,418.8978501247203,421.79345738364697,417.9326477050781,417.9326477050781,13800,0.0,0.0
2023-03-16 00:00:00+09:00,416.9674377441406,420.82824735288267,416.9674377441406,416.9674377441406,5300,0.0,0.0
2023-03-17 00:00:00+09:00,416.96744528543593,418.8978501247203,415.0370404461515,417.9326477050781,10400,0.0,0.0
2023-03-20 00:00:00+09:00,416.96748387536337,416.96748387536337,415.0370788574219,415.0370788574219,4100,0.0,0.0
2023-03-22 00:00:00+09:00,416.96744528543593,417.9326477050781,415.0370404461515,417.9326477050781,2700,0.0,0.0
2023-03-23 00:00:00+09:00,415.03702539855533,418.8978349371465,415.03702539855533,416.0022277832031,3000,0.0,0.0
2023-03-24 00:00:00+09:00,417.9327096650095,417.9327096650095,414.0718994140625,414.0718994140625,11000,0.0,0.0
2023-03-27 00:00:00+09:00,413.1066738394804,415.0370788574219,413.1066738394804,415.0370788574219,2700,0.0,0.0
2023-03-28 00:00:00+09:00,411.17625398724994,414.0718614096954,411.17625398724994,413.1066589355469,8800,0.0,0.0
2023-03-29 00:00:00+09:00,412.1414802857888,412.1414802857888,408.2806701660156,408.2806701660156,8400,0.0,0.0
2023-03-30 00:00:00+09:00,408.2806471338812,411.1762545603626,408.2806471338812,409.245849609375,3100,0.0,0.0
2023-03-31 00:00:00+09:00,410.211074436018,412.1414794921875,410.211074436018,412.1414794921875,4600,0.0,0.0
2023-04-03 00:00:00+09:00,412.1414182446119,416.0022277832031,412.1414182446119,416.0022277832031,10800,0.0,0.0
2023-04-04 00:00:00+09:00,418.8978349371465,418.8978349371465,415.03702539855533,416.0022277832031,3500,0.0,0.0
2023-04-05 00:00:00+09:00,416.0022896045265,416.96749213261126,412.1414794921875,412.1414794921875,4800,0.0,0.0
2023-04-06 00:00:00+09:00,415.0370638838438,415.0370638838438,413.1066589355469,413.1066589355469,1500,0.0,0.0
2023-04-07 00:00:00+09:00,413.1066589355469,417.93267130628925,413.1066589355469,413.1066589355469,1800,0.0,0.0
2023-04-10 00:00:00+09:00,412.14142573321305,418.8978425485116,412.14142573321305,416.9674377441406,9900,0.0,0.0
2023-04-11 00:00:00+09:00,417.93264014632615,420.82824735288267,416.9674377441406,416.9674377441406,5700,0.0,0.0
2023-04-12 00:00:00+09:00,417.9326696222479,424.6890869140625,417.9326696222479,424.6890869140625,5800,0.0,0.0
2023-04-13 00:00:00+09:00,421.7934875488281,424.6890950148384,421.7934875488281,421.7934875488281,3500,0.0,0.0
2023-04-14 00:00:00+09:00,429.5151074581888,429.5151074581888,420.82828506015807,421.7934875488281,22100,0.0,0.0
2023-04-17 00:00:00+09:00,424.68907989852727,424.68907989852727,416.9674602640086,419.8630676269531,5200,0.0,0.0
2023-04-18 00:00:00+09:00,420.82823188184045,428.54985081545215,418.8978271484375,418.8978271484375,11800,0.0,0.0
2023-04-19 00:00:00+09:00,416.0022578096938,419.8630676269531,416.0022578096938,419.8630676269531,7100,0.0,0.0
2023-04-20 00:00:00+09:00,417.93266271832346,419.8630676269531,417.93266271832346,419.8630676269531,2800,0.0,0.0
2023-04-21 00:00:00+09:00,417.93264014632615,419.86304495069714,416.0022353419551,416.9674377441406,4400,0.0,0.0
2023-04-24 00:00:00+09:00,416.0022428657937,417.9326477050781,416.0022428657937,417.9326477050781,5100,0.0,0.0
2023-04-25 00:00:00+09:00,418.89784226723765,420.8282470703125,417.93263986570025,420.8282470703125,2900,0.0,0.0
2023-04-26 00:00:00+09:00,418.8978874868454,422.7586975097656,416.9674824753853,422.7586975097656,1500,0.0,0.0
2023-04-27 00:00:00+09:00,417.9326775941478,425.6542975035085,417.9326775941478,421.7934875488281,8400,0.0,0.0
2023-04-28 00:00:00+09:00,421.79343424854187,421.79343424854187,415.0370176816316,418.8978271484375,7400,0.0,0.0
2023-05-01 00:00:00+09:00,420.82823188184045,421.79343424854187,417.932624781736,418.8978271484375,7700,0.0,0.0
2023-05-02 00:00:00+09:00,417.93266271832346,419.8630676269531,417.93266271832346,419.8630676269531,4000,0.0,0.0
2023-05-08 00:00:00+09:00,422.75865187338735,422.75865187338735,419.8630446687751,420.8282470703125,8300,0.0,0.0
2023-05-09 00:00:00+09:00,416.96750710227275,417.9327096650095,414.0718994140625,414.0718994140625,17600,0.0,0.0
2023-05-10 00:00:00+09:00,415.0370788574219,416.00228136639265,413.1066738394804,415.0370788574219,4800,0.0,0.0
2023-05-11 00:00:00+09:00,416.0022663579923,416.0022663579923,413.1066589355469,413.1066589355469,3000,0.0,0.0
2023-05-12 00:00:00+09:00,412.14144145267113,415.0370487696688,411.1762390136719,411.1762390136719,11800,0.0,0.0
2023-05-15 00:00:00+09:00,419.8630762545862,419.8630762545862,413.1066589355469,413.1066589355469,14100,0.0,0.0
2023-05-16 00:00:00+09:00,415.0370329397696,416.9674377441406,413.1066281353986,416.9674377441406,3700,0.0,0.0
2023-05-17 00:00:00+09:00,413.1066820202723,415.03708707644176,412.1414794921875,412.1414794921875,3400,0.0,0.0
2023-05-18 00:00:00+09:00,413.1066820202723,414.071884548357,412.1414794921875,412.1414794921875,2400,0.0,0.0
2023-05-19 00:00:00+09:00,411.1762314740349,414.07183873793656,409.24582663143383,410.2110290527344,10200,0.0,0.0
2023-05-22 00:00:00+09:00,424.6891123572892,440.1323528066452,412.1414794921875,412.1414794921875,72100,0.0,0.0
2023-05-23 00:00:00+09:00,416.9674377441406,416.9674377441406,413.1066281353986,416.9674377441406,10100,0.0,0.0
2023-05-24 00:00:00+09:00,416.002304539536,416.002304539536,412.141494288589,414.0718994140625,6800,0.0,0.0
2023-05-25 00:00:00+09:00,412.14145646139843,413.1066589355469,411.17625398724994,413.1066589355469,4600,0.0,0.0
2023-05-26 00:00:00+09:00,413.106636316636,413.106636316636,410.2110290527344,410.2110290527344,5800,0.0,0.0
2023-05-29 00:00:00+09:00,410.2110290527344,412.14143389533547,410.2110290527344,410.2110290527344,4900,0.0,0.0
2023-05-30 00:00:00+09:00,410.2110520848688,411.1762545603626,409.245849609375,409.245849609375,5300,0.0,0.0
2023-05-31 00:00:00+09:00,410.2110290527344,410.2110290527344,409.24582663143383,410.2110290527344,3000,0.0,0.0
2023-06-01 00:00:00+09:00,411.17627775584555,411.17627775584555,408.2806701660156,408.2806701660156,2700,0.0,0.0
2023-06-02 00:00:00+09:00,408.2806242101333,410.2110290527344,407.31542178883274,410.2110290527344,12500,0.0,0.0
2023-06-05 00:00:00+09:00,410.2110290527344,412.14143389533547,409.24582663143383,410.2110290527344,10100,0.0,0.0
2023-06-06 00:00:00+09:00,410.2110365746726,412.14144145267113,410.2110365746726,411.1762390136719,20300,0.0,0.0
2023-06-07 00:00:00+09:00,412.14143389533547,414.07183873793656,410.2110290527344,410.2110290527344,17100,0.0,0.0
2023-06-08 00:00:00+09:00,410.2110752259022,410.2110752259022,408.2806701660156,408.2806701660156,1800,0.0,0.0
2023-06-09 00:00:00+09:00,410.2110365746726,411.1762390136719,409.2458341356734,411.1762390136719,1600,0.0,0.0
2023-06-12 00:00:00+09:00,411.1762314740349,412.14143389533547,410.2110290527344,410.2110290527344,5700,0.0,0.0
2023-06-13 00:00:00+09:00,412.1414794921875,412.1414794921875,410.211074436018,412.1414794921875,5300,0.0,0.0
2023-06-14 00:00:00+09:00,411.1762545603626,412.14145703585643,405.38503970739976,409.245849609375,28900,0.0,0.0
2023-06-15 00:00:00+09:00,410.2110290527344,410.2110290527344,406.35021936753213,410.2110290527344,13700,0.0,0.0
2023-06-16 00:00:00+09:00,411.1762545603626,411.1762545603626,408.2806471338812,409.245849609375,4600,0.0,0.0
2023-06-19 00:00:00+09:00,412.14143389533547,412.14143389533547,408.2806242101333,410.2110290527344,6100,0.0,0.0
2023-06-20 00:00:00+09:00,411.1762390136719,411.1762390136719,408.28063169667416,411.1762390136719,4500,0.0,0.0
2023-06-21 00:00:00+09:00,409.2458341356734,411.1762390136719,408.28063169667416,411.1762390136719,11800,0.0,0.0
2023-06-22 00:00:00+09:00,410.211074436018,412.1414794921875,410.211074436018,412.1414794921875,3000,0.0,0.0
2023-06-23 00:00:00+09:00,410.2110365746726,412.14144145267113,410.2110365746726,411.1762390136719,3300,0.0,0.0
2023-06-26 00:00:00+09:00,415.03708707644176,415.03708707644176,410.211074436018,412.1414794921875,11400,0.0,0.0
2023-06-27 00:00:00+09:00,411.1762314740349,413.106636316636,410.2110290527344,410.2110290527344,4100,0.0,0.0
2023-06-28 00:00:00+09:00,410.2110515131015,413.1066589355469,410.2110515131015,413.1066589355469,8300,0.0,0.0
2023-06-29 00:00:00+09:00,407.31546763607236,410.2110752259022,407.31546763607236,408.2806701660156,8200,0.0,0.0
2023-06-30 00:00:00+09:00,410.2110752259022,410.2110752259022,407.31546763607236,408.2806701660156,4500,0.0,0.0
2023-07-03 00:00:00+09:00,411.1762545603626,411.1762545603626,409.245849609375,409.245849609375,4700,0.0,0.0
2023-07-04 00:00:00+09:00,407.31546763607236,409.24587269595895,407.31546763607236,408.2806701660156,5700,0.0,0.0
2023-07-05 00:00:00+09:00,407.3153991699219,409.24580390532435,407.3153991699219,407.3153991699219,3500,0.0,0.0
2023-07-06 00:00:00+09:00,407.3154221487158,407.3154221487158,406.3502197265625,406.3502197265625,4500,0.0,0.0
2023-07-07 00:00:00+09:00,407.3153991699219,407.3153991699219,405.3849944345194,407.3153991699219,3300,0.0,0.0
2023-07-10 00:00:00+09:00,407.31546763607236,408.2806701660156,406.35026510612903,408.2806701660156,1900,0.0,0.0
2023-07-11 00:00:00+09:00,409.245849609375,409.245849609375,407.3154446583874,409.245849609375,6500,0.0,0.0
2023-07-12 00:00:00+09:00,407.3153991699219,408.2806015376231,407.3153991699219,407.3153991699219,2200,0.0,0.0
2023-07-13 00:00:00+09:00,407.3153991699219,407.3153991699219,407.3153991699219,407.3153991699219,1500,0.0,0.0
2023-07-14 00:00:00+09:00,410.2110062730256,410.2110062730256,407.3153991699219,407.3153991699219,8000,0.0,0.0
2023-07-18 00:00:00+09:00,407.3154221487158,408.2806245708692,405.38501730440913,406.3502197265625,8200,0.0,0.0
2023-07-19 00:00:00+09:00,406.35024218289357,409.245849609375,406.35024218289357,409.245849609375,3100,0.0,0.0
2023-07-20 00:00:00+09:00,408.2806015376231,408.2806015376231,405.3849944345194,407.3153991699219,6300,0.0,0.0
2023-07-21 00:00:00+09:00,407.31542178883274,410.2110290527344,407.31542178883274,410.2110290527344,3100,0.0,0.0
2023-07-24 00:00:00+09:00,409.24580390532435,410.2110062730256,406.35019680222064,407.3153991699219,7500,0.0,0.0
2023-07-25 00:00:00+09:00,409.245849609375,410.2110520848688,407.3154446583874,409.245849609375,1900,0.0,0.0
2023-07-26 00:00:00+09:00,407.3154446583874,409.245849609375,407.3154446583874,409.245849609375,5600,0.0,0.0
2023-07-27 00:00:00+09:00,406.35019680222064,408.2806015376231,406.35019680222064,407.3153991699219,3700,0.0,0.0
2023-07-28 00:00:00+09:00,407.31541457403273,407.31541457403273,405.385009765625,405.385009765625,4400,0.0,0.0
2023-07-31 00:00:00+09:00,407.3154221487158,407.3154221487158,406.3502197265625,406.3502197265625,6400,0.0,0.0
2023-08-01 00:00:00+09:00,407.3153991699219,408.2806015376231,407.3153991699219,407.3153991699219,2300,0.0,0.0
2023-08-02 00:00:00+09:00,409.24587269595895,416.96749293550533,406.35026510612903,408.2806701660156,14500,0.0,0.0
2023-08-03 00:00:00+09:00,410.2110294151759,410.2110294151759,406.3502197265625,406.3502197265625,9000,0.0,0.0
2023-08-04 00:00:00+09:00,403.45460495721727,405.385009765625,400.5589977446057,405.385009765625,14800,0.0,0.0
2023-08-07 00:00:00+09:00,402.4894557761691,405.3850633716811,402.4894557761691,404.41986083984375,2300,0.0,0.0
2023-08-08 00:00:00+09:00,405.38505590703494,405.38505590703494,403.45465087890625,403.45465087890625,2200,0.0,0.0
2023-08-09 00:00:00+09:00,402.4894025530134,405.385009765625,402.4894025530134,405.385009765625,3100,0.0,0.0
2023-08-10 00:00:00+09:00,405.3850633716811,405.3850633716811,403.4546583080064,404.41986083984375,2600,0.0,0.0
2023-08-14 00:00:00+09:00,405.385009765625,405.385009765625,403.45460495721727,405.385009765625,3900,0.0,0.0
2023-08-15 00:00:00+09:00,406.35021246396576,406.35021246396576,399.59379562964807,401.5242004394531,17300,0.0,0.0
2023-08-16 00:00:00+09:00,402.4893952519061,402.4893952519061,400.5589904785156,400.5589904785156,4300,0.0,0.0
2023-08-17 00:00:00+09:00,400.5589983301255,400.5589983301255,394.767783896437,397.66339111328125,13300,0.0,0.0
2023-08-18 00:00:00+09:00,397.663444723236,398.628647258972,395.733039651764,396.6982421875,7700,0.0,0.0
2023-08-21 00:00:00+09:00,396.6981962264017,398.62860107421875,396.6981962264017,398.62860107421875,8100,0.0,0.0
2023-08-22 00:00:00+09:00,396.6981887076665,397.66339111328125,396.6981887076665,397.66339111328125,2600,0.0,0.0
2023-08-23 00:00:00+09:00,396.6981887076665,398.628593518896,396.6981887076665,397.66339111328125,2700,0.0,0.0
2023-08-24 00:00:00+09:00,397.663444723236,399.59384979470804,395.733039651764,396.6982421875,4800,0.0,0.0
2023-08-25 00:00:00+09:00,395.733039651764,398.628647258972,395.733039651764,396.6982421875,1800,0.0,0.0
2023-08-28 00:00:00+09:00,397.663437261814,397.663437261814,395.7330322265625,395.7330322265625,4700,0.0,0.0
2023-08-29 00:00:00+09:00,395.7330322265625,396.69823474418826,394.76782970893674,395.7330322265625,3800,0.0,0.0
2023-08-30 00:00:00+09:00,397.663444723236,397.663444723236,395.733039651764,396.6982421875,3300,0.0,0.0
2023-08-31 00:00:00+09:00,395.7329938024932,398.62860107421875,395.7329938024932,398.62860107421875,9000,0.0,0.0
2023-09-01 00:00:00+09:00,397.66339111328125,398.628593518896,395.73298630205176,397.66339111328125,5800,0.0,0.0
2023-09-04 00:00:00+09:00,397.66339111328125,397.66339111328125,394.767783896437,397.66339111328125,12700,0.0,0.0
2023-09-05 00:00:00+09:00,395.7330322265625,397.663437261814,395.7330322265625,395.7330322265625,8300,0.0,0.0
2023-09-06 00:00:00+09:00,395.73301726696536,395.73301726696536,392.83740982354857,393.8026123046875,21900,0.0,0.0
2023-09-07 00:00:00+09:00,393.80262719131093,395.7330322265625,392.8374246736852,395.7330322265625,17200,0.0,0.0
2023-09-08 00:00:00+09:00,394.7677917480469,395.73299417285875,393.80258932323505,394.7677917480469,17400,0.0,0.0
2023-09-11 00:00:00+09:00,396.69823474418826,396.69823474418826,394.76782970893674,395.7330322265625,2700,0.0,0.0
2023-09-12 00:00:00+09:00,394.767837116028,396.6982421875,394.767837116028,396.6982421875,1400,0.0,0.0
2023-09-13 00:00:00+09:00,396.6982421875,397.663444723236,395.733039651764,396.6982421875,2200,0.0,0.0
2023-09-14 00:00:00+09:00,397.663444723236,397.663444723236,395.733039651764,396.6982421875,7200,0.0,0.0
2023-09-15 00:00:00+09:00,399.59381103515625,400.5590134772701,397.66340615092844,399.59381103515625,10700,0.0,0.0
2023-09-19 00:00:00+09:00,399.59380387210615,399.59380387210615,393.80258932323505,394.7677917480469,14100,0.0,0.0
2023-09-20 00:00:00+09:00,394.7677917480469,395.73299417285875,394.7677917480469,394.7677917480469,2300,0.0,0.0
2023-09-21 00:00:00+09:00,394.7677917480469,395.73299417285875,393.80258932323505,394.7677917480469,3400,0.0,0.0
2023-09-22 00:00:00+09:00,393.80258932323505,394.7677917480469,393.80258932323505,394.7677917480469,7300,0.0,0.0
2023-09-25 00:00:00+09:00,393.80262719131093,395.7330322265625,393.80262719131093,395.7330322265625,3700,0.0,0.0
2023-09-26 00:00:00+09:00,396.6982197481043,396.6982197481043,393.8026123046875,393.8026123046875,2700,0.0,0.0
2023-09-27 00:00:00+09:00,393.80262719131093,395.7330322265625,393.80262719131093,395.7330322265625,5800,0.0,0.0
2023-09-28 00:00:00+09:00,395.733039651764,396.6982421875,394.767837116028,396.6982421875,1500,0.0,0.0
2023-09-29 00:00:00+09:00,395.73299417285875,396.6981965976706,394.7677917480469,394.7677917480469,1200,0.0,0.0
2023-10-02 00:00:00+09:00,394.76781478582643,396.6982197481043,393.8026123046875,393.8026123046875,6500,0.0,0.0
2023-10-03 00:00:00+09:00,394.7677917480469,395.73299417285875,391.87218447361136,394.7677917480469,11200,0.0,0.0
2023-10-04 00:00:00+09:00,392.8373876557386,392.8373876557386,386.08097066903053,387.0461730957031,13800,0.0,0.0
2023-10-05 00:00:00+09:00,387.0461727189429,391.872184847608,387.0461727189429,390.906982421875,8000,0.0,0.0
2023-10-06 00:00:00+09:00,389.9418260749457,389.9418260749457,388.0114209953668,388.97662353515625,1100,0.0,0.0
2023-10-10 00:00:00+09:00,388.97657757040895,390.906982421875,388.97657757040895,390.906982421875,3000,0.0,0.0
2023-10-11 00:00:00+09:00,390.90698280239343,390.90698280239343,387.0461730957031,387.0461730957031,6600,0.0,0.0
2023-10-12 00:00:00+09:00,388.97662353515625,390.90702861473517,388.0114209953668,388.97662353515625,3400,0.0,0.0
2023-10-13 00:00:00+09:00,392.8374104263759,392.8374104263759,388.9766004958956,389.9418029785156,7800,0.0,0.0
2023-10-16 00:00:00+09:00,387.0461806112261,389.94178794746966,386.0809781658116,388.0113830566406,5000,0.0,0.0
2023-10-17 00:00:00+09:00,387.0461806112261,389.94178794746966,387.0461806112261,388.0113830566406,3300,0.0,0.0
2023-10-18 00:00:00+09:00,387.0461806112261,388.9765855020552,387.0461806112261,388.0113830566406,2700,0.0,0.0
2023-10-19 00:00:00+09:00,387.0462184555773,389.9418260749457,387.0462184555773,388.97662353515625,900,0.0,0.0
2023-10-20 00:00:00+09:00,388.0113830566406,388.9765855020552,388.0113830566406,388.0113830566406,17100,0.0,0.0
2023-10-23 00:00:00+09:00,388.97662353515625,389.9418260749457,388.0114209953668,388.97662353515625,9200,0.0,0.0
2023-10-24 00:00:00+09:00,389.94178794746966,389.94178794746966,388.0113830566406,388.0113830566406,1600,0.0,0.0
2023-10-25 00:00:00+09:00,388.97662353515625,389.9418260749457,388.0114209953668,388.97662353515625,1400,0.0,0.0
2023-10-26 00:00:00+09:00,388.9765855020552,388.9765855020552,388.0113830566406,388.0113830566406,500,0.0,0.0
2023-10-27 00:00:00+09:00,390.9070054611357,390.9070054611357,388.9766004958956,389.9418029785156,1100,0.0,0.0
2023-10-30 00:00:00+09:00,388.0114209953668,389.9418260749457,388.0114209953668,388.97662353515625,15000,0.0,0.0
2023-10-31 00:00:00+09:00,388.9765855020552,389.94178794746966,388.0113830566406,388.0113830566406,6900,0.0,0.0
2023-11-01 00:00:00+09:00,388.97662353515625,389.9418260749457,388.97662353515625,388.97662353515625,1400,0.0,0.0
2023-11-02 00:00:00+09:00,388.0113980132755,389.9418029785156,388.0113980132755,389.9418029785156,10600,0.0,0.0
2023-11-06 00:00:00+09:00,390.9070054611357,392.8374104263759,389.9418029785156,389.9418029785156,7000,0.0,0.0
2023-11-07 00:00:00+09:00,384.1506133799053,384.1506133799053,374.4985879180986,377.3941955566406,40900,0.0,0.0
2023-11-08 00:00:00+09:00,377.39418361142236,378.35938612705263,360.0205383300781,360.0205383300781,37000,0.0,0.0
2023-11-09 00:00:00+09:00,361.9508819175336,364.84648897287383,361.9508819175336,363.88128662109375,5800,0.0,0.0
2023-11-10 00:00:00+09:00,367.7421115722656,368.70731396484376,360.0204924316406,361.9508972167969,7700,0.0,0.0
2023-11-13 00:00:00+09:00,361.9509433613386,363.8813483925991,358.09013329881765,360.0205383300781,14800,0.0,0.0
2023-11-14 00:00:00+09:00,360.9857094431799,367.74212646484375,359.0553045798474,367.74212646484375,13400,0.0,0.0
2023-11-15 00:00:00+09:00,367.7421115722656,367.7421115722656,361.9508972167969,361.9508972167969,12400,0.0,0.0
2023-11-16 00:00:00+09:00,360.9857023523209,362.9161071777344,360.9857023523209,362.9161071777344,5000,0.0,0.0
2023-11-17 00:00:00+09:00,362.9161383516045,363.88134084722043,358.09012587352464,359.0553283691406,13200,0.0,0.0
2023-11-20 00:00:00+09:00,359.05534321994065,361.9509508265531,358.0901406844032,360.9857482910156,8300,0.0,0.0
2023-11-21 00:00:00+09:00,360.02054575547817,361.9509508265531,360.02054575547817,360.9857482910156,3500,0.0,0.0
2023-11-22 00:00:00+09:00,358.09014892578125,360.02055404128413,358.09014892578125,358.09014892578125,15200,0.0,0.0
2023-11-24 00:00:00+09:00,357.12493078318744,360.0205383300781,357.12493078318744,360.0205383300781,8700,0.0,0.0
2023-11-27 00:00:00+09:00,360.0205383300781,360.9857408457084,358.09013329881765,360.0205383300781,3200,0.0,0.0
2023-11-28 00:00:00+09:00,359.0553358144479,360.0205383300781,358.09013329881765,360.0205383300781,2800,0.0,0.0
2023-11-29 00:00:00+09:00,360.02053086475655,360.02053086475655,358.09012587352464,359.0553283691406,11600,0.0,0.0
2023-11-30 00:00:00+09:00,360.98575659903554,360.98575659903554,357.12494636802984,358.09014892578125,7800,0.0,0.0
2023-12-01 00:00:00+09:00,356.15974381027837,358.09014892578125,356.15974381027837,358.09014892578125,14900,0.0,0.0
2023-12-04 00:00:00+09:00,357.1249084472656,358.0901109025285,356.1597059920027,357.1249084472656,8500,0.0,0.0
2023-12-05 00:00:00+09:00,357.124931521532,358.09013403915776,355.1945264862805,356.15972900390625,9300,0.0,0.0
2023-12-06 00:00:00+09:00,355.1945264862805,356.15972900390625,355.1945264862805,356.15972900390625,5900,0.0,0.0
2023-12-07 00:00:00+09:00,355.1944885253906,355.1944885253906,354.2292861109195,355.1944885253906,4400,0.0,0.0
2023-12-08 00:00:00+09:00,355.19452723672947,355.19452723672947,352.2989196777344,352.2989196777344,13200,0.0,0.0
2023-12-11 00:00:00+09:00,352.29891221601883,352.29891221601883,351.3337097167969,351.3337097167969,16300,0.0,0.0
2023-12-12 00:00:00+09:00,351.3336947109159,351.3336947109159,349.4032897949219,349.4032897949219,17000,0.0,0.0
2023-12-13 00:00:00+09:00,350.36846182199827,350.36846182199827,344.5772475770066,345.5424499511719,22200,0.0,0.0
2023-12-14 00:00:00+09:00,347.47292258522725,350.3685302734375,347.47292258522725,350.3685302734375,6800,0.0,0.0
2023-12-15 00:00:00+09:00,348.43804931640625,350.3684540217603,348.43804931640625,348.43804931640625,13600,0.0,0.0
2023-12-18 00:00:00+09:00,348.4380722893609,349.40327470567496,347.4728698730469,347.4728698730469,5100,0.0,0.0
2023-12-19 00:00:00+09:00,347.4728698730469,348.4380722893609,347.4728698730469,347.4728698730469,11700,0.0,0.0
2023-12-20 00:00:00+09:00,347.47284696372924,349.40325166908326,347.47284696372924,348.43804931640625,17000,0.0,0.0
2023-12-21 00:00:00+09:00,347.4728546995024,347.4728546995024,343.6120452028413,345.5424499511719,16800,0.0,0.0
2023-12-22 00:00:00+09:00,344.5772935674432,345.5424960704332,343.6120910644531,343.6120910644531,5900,0.0,0.0
2023-12-25 00:00:00+09:00,342.64685847542506,342.64685847542506,339.7512512207031,339.7512512207031,32900,0.0,0.0
2023-12-26 00:00:00+09:00,339.75126781798247,343.61207767955045,330.0992431640625,330.0992431640625,47500,0.0,0.0
2023-12-27 00:00:00+09:00,329.1340487769923,330.09925126607436,325.27323882066395,327.2036437988281,47600,0.0,0.0
2023-12-28 00:00:00+09:00,325.55647210315266,330.4010624618305,325.55647210315266,328.4632263183594,16000,1.3,0.0
2023-12-29 00:00:00+09:00,328.46324077405427,332.33891323156524,328.46324077405427,331.3699951171875,3800,0.0,0.0
2024-01-04 00:00:00+09:00,330.4010764720828,333.3078308105469,325.556485907976,333.3078308105469,13400,0.0,0.0
2024-01-05 00:00:00+09:00,329.4321434977451,332.3388977050781,328.4632254286341,332.3388977050781,3800,0.0,0.0
2024-01-09 00:00:00+09:00,330.4010314941406,330.4010314941406,330.4010314941406,330.4010314941406,1100,0.0,0.0
2024-01-10 00:00:00+09:00,331.3699951171875,332.33891323156524,329.432158888432,331.3699951171875,3900,0.0,0.0
2024-01-11 00:00:00+09:00,332.3388669221298,336.214538839589,331.36994894276495,334.2767028808594,8800,0.0,0.0
2024-01-12 00:00:00+09:00,335.24563563555137,340.0902257458917,334.2767176134833,337.1834716796875,8800,0.0,0.0
2024-01-15 00:00:00+09:00,341.05917410714284,341.05917410714284,337.1835016741071,339.121337890625,8500,0.0,0.0
2024-01-16 00:00:00+09:00,341.0591441248194,341.0591441248194,334.27671796324626,335.2456359863281,8600,0.0,0.0
2024-01-17 00:00:00+09:00,336.21453857421875,337.1834565528188,335.2456205956187,336.21453857421875,8300,0.0,0.0
2024-01-18 00:00:00+09:00,338.15238970175557,340.0902257458917,337.1834716796875,337.1834716796875,8100,0.0,0.0
2024-01-19 00:00:00+09:00,335.2456359863281,339.12130807865566,335.2456359863281,335.2456359863281,4100,0.0,0.0
2024-01-22 00:00:00+09:00,335.2456205956187,339.1212925100189,334.27670261701866,336.21453857421875,5900,0.0,0.0
2024-01-23 00:00:00+09:00,337.1834565528188,337.1834565528188,332.3388666598185,336.21453857421875,7400,0.0,0.0
2024-01-24 00:00:00+09:00,337.1835032618323,337.1835032618323,333.3078308105469,333.3078308105469,13300,0.0,0.0
2024-01-25 00:00:00+09:00,335.2456208602242,337.1834568189538,333.3077849014946,334.2767028808594,13000,0.0,0.0
2024-01-26 00:00:00+09:00,335.2456670361896,335.2456670361896,333.3078308105469,333.3078308105469,10900,0.0,0.0
2024-01-29 00:00:00+09:00,333.3077999401644,336.21455400941,333.3077999401644,335.2456359863281,2300,0.0,0.0
2024-01-30 00:00:00+09:00,335.24568084454467,338.1524353027344,335.24568084454467,338.1524353027344,1100,0.0,0.0
2024-01-31 00:00:00+09:00,338.15237453141884,338.15237453141884,336.21453857421875,336.21453857421875,1400,0.0,0.0
2024-02-01 00:00:00+09:00,337.18347203249186,337.18347203249186,334.27671796324626,335.2456359863281,3200,0.0,0.0
2024-02-02 00:00:00+09:00,334.2767176134833,337.1834716796875,333.30779959141523,337.1834716796875,4100,0.0,0.0
2024-02-05 00:00:00+09:00,336.21455296603114,341.05914306640625,334.2767169258811,341.05914306640625,12700,0.0,0.0
2024-02-06 00:00:00+09:00,341.0591603270773,341.0591603270773,320.711880875746,332.3388977050781,30200,0.0,0.0
2024-02-07 00:00:00+09:00,332.3389148712158,332.3389148712158,324.5875699179513,325.5564880371094,8500,0.0,0.0
2024-02-08 00:00:00+09:00,325.5564880371094,326.5254061562674,323.6186517987932,325.5564880371094,9500,0.0,0.0
2024-02-09 00:00:00+09:00,325.5565029789503,326.5254211425781,325.5565029789503,326.5254211425781,2400,0.0,0.0
2024-02-13 00:00:00+09:00,328.4632272293319,328.4632272293319,322.649718782795,324.5875549316406,12600,0.0,0.0
2024-02-14 00:00:00+09:00,324.58758481532243,326.5254211425781,322.6497484880668,326.5254211425781,7300,0.0,0.0
2024-02-15 00:00:00+09:00,329.4321756334616,329.4321756334616,324.58758481532243,326.5254211425781,10400,0.0,0.0
2024-02-16 00:00:00+09:00,328.46325746983376,328.46325746983376,326.5254211425781,326.5254211425781,4600,0.0,0.0
2024-02-19 00:00:00+09:00,324.5875699179513,326.5254061562674,322.6497336796352,325.5564880371094,5500,0.0,0.0
2024-02-20 00:00:00+09:00,325.5564266429228,330.40101632510914,325.5564266429228,329.4320983886719,7700,0.0,0.0
2024-02-21 00:00:00+09:00,329.43211298403537,334.2767028808594,328.4631950046705,334.2767028808594,6300,0.0,0.0
2024-02-22 00:00:00+09:00,334.27674946032073,334.27674946032073,330.40107700280976,331.3699951171875,7700,0.0,0.0
2024-02-26 00:00:00+09:00,330.40103096340016,334.2767028808594,330.40103096340016,334.2767028808594,4600,0.0,0.0
2024-02-27 00:00:00+09:00,331.3699342615464,334.2766880708582,329.4320983886719,329.4320983886719,11500,0.0,0.0
2024-02-28 00:00:00+09:00,332.3388977050781,332.3388977050781,330.40106156685613,332.3388977050781,4500,0.0,0.0
2024-02-29 00:00:00+09:00,329.4321434977451,332.3388977050781,327.4943073595231,332.3388977050781,6000,0.0,0.0
2024-03-01 00:00:00+09:00,333.30778543690434,333.30778543690434,330.4010314941406,330.4010314941406,2400,0.0,0.0
2024-03-04 00:00:00+09:00,330.40101632510914,330.40101632510914,329.4320983886719,329.4320983886719,2400,0.0,0.0
2024-03-05 00:00:00+09:00,328.4632263183594,330.4010624618305,327.4943082466238,328.4632263183594,2700,0.0,0.0
2024-03-06 00:00:00+09:00,328.46325746983376,329.4321756334616,326.5254211425781,326.5254211425781,5800,0.0,0.0
2024-03-07 00:00:00+09:00,327.4943393062059,328.46325746983376,326.5254211425781,326.5254211425781,2300,0.0,0.0
2024-03-08 00:00:00+09:00,326.5254061562674,326.5254061562674,324.5875699179513,325.5564880371094,4700,0.0,0.0
2024-03-11 00:00:00+09:00,325.55645788501124,326.5253759144309,323.6186218261719,323.6186218261719,7000,0.0,0.0
2024-03-12 00:00:00+09:00,322.6497037967522,325.55645788501124,322.6497037967522,323.6186218261719,3000,0.0,0.0
2024-03-13 00:00:00+09:00,327.4942939438506,327.4942939438506,323.6186218261719,323.6186218261719,5400,0.0,0.0
2024-03-14 00:00:00+09:00,323.61866665169464,327.4943393062059,323.61866665169464,326.5254211425781,4300,0.0,0.0
2024-03-15 00:00:00+09:00,329.4321453037547,329.4321453037547,323.61863685721784,324.5875549316406,16000,0.0,0.0
2024-03-18 00:00:00+09:00,326.52539017488823,328.4632263183594,325.55647210315266,328.4632263183594,2200,0.0,0.0
2024-03-19 00:00:00+09:00,326.52539017488823,328.4632263183594,324.5875540314171,328.4632263183594,23000,0.0,0.0
2024-03-21 00:00:00+09:00,329.4321756334616,330.4010937970894,326.5254211425781,326.5254211425781,9100,0.0,0.0
2024-03-22 00:00:00+09:00,327.4942775513769,330.4010314941406,327.4942775513769,330.4010314941406,3900,0.0,0.0
2024-03-25 00:00:00+09:00,331.3699951171875,331.3699951171875,329.432158888432,331.3699951171875,4100,0.0,0.0
2024-03-26 00:00:00+09:00,330.40107700280976,331.3699951171875,328.46324077405427,331.3699951171875,5900,0.0,0.0
2024-03-27 00:00:00+09:00,331.3699342615464,331.3699342615464,327.49426251579735,329.4320983886719,4400,0.0,0.0
2024-03-28 00:00:00+09:00,332.33885219798367,332.33885219798367,329.4320983886719,329.4320983886719,1700,0.0,0.0
2024-03-29 00:00:00+09:00,330.40101632510914,330.40101632510914,328.4631804522346,329.4320983886719,4300,0.0,0.0
2024-04-01 00:00:00+09:00,328.4632418480145,329.4321599655603,327.49432373046875,327.49432373046875,6900,0.0,0.0
2024-04-02 00:00:00+09:00,327.49430915490905,328.4632272293319,323.61863685721784,324.5875549316406,6600,0.0,0.0
2024-04-03 00:00:00+09:00,324.5875699179513,325.5564880371094,323.6186517987932,325.5564880371094,2900,0.0,0.0
2024-04-04 00:00:00+09:00,325.55647300606347,326.52539108048626,324.5875549316406,324.5875549316406,3300,0.0,0.0
2024-04-05 00:00:00+09:00,323.6186218261719,324.58753985559156,322.6497037967522,323.6186218261719,7400,0.0,0.0
2024-04-08 00:00:00+09:00,323.61863685721784,327.49430915490905,323.61863685721784,324.5875549316406,1000,0.0,0.0
2024-04-09 00:00:00+09:00,327.4943393062059,327.4943393062059,324.58758481532243,326.5254211425781,3500,0.0,0.0
2024-04-10 00:00:00+09:00,326.52539017488823,328.4632263183594,325.55647210315266,328.4632263183594,3600,0.0,0.0
2024-04-11 00:00:00+09:00,328.4632418480145,328.4632418480145,323.6186512602857,327.49432373046875,5500,0.0,0.0
2024-04-12 00:00:00+09:00,327.49426251579735,329.4320983886719,326.5253445793601,329.4320983886719,5500,0.0,0.0
2024-04-15 00:00:00+09:00,324.58756937783147,329.4321599655603,324.58756937783147,327.49432373046875,10000,0.0,0.0
2024-04-16 00:00:00+09:00,325.5565029789503,327.4943393062059,325.5565029789503,326.5254211425781,1600,0.0,0.0
2024-04-17 00:00:00+09:00,322.64973314273993,327.49432373046875,322.64973314273993,327.49432373046875,2800,0.0,0.0
2024-04-18 00:00:00+09:00,327.4943082466238,328.4632263183594,327.4943082466238,328.4632263183594,1800,0.0,0.0
2024-04-19 00:00:00+09:00,328.4632423945836,328.4632423945836,322.6497336796352,325.5564880371094,15000,0.0,0.0
2024-04-22 00:00:00+09:00,325.5565029789503,326.5254211425781,324.58758481532243,326.5254211425781,900,0.0,0.0
2024-04-23 00:00:00+09:00,323.6186517987932,326.5254061562674,323.6186517987932,325.5564880371094,1500,0.0,0.0
2024-04-24 00:00:00+09:00,325.55647300606347,326.52539108048626,324.5875549316406,324.5875549316406,3000,0.0,0.0
2024-04-25 00:00:00+09:00,323.61863685721784,324.5875549316406,323.61863685721784,324.5875549316406,1100,0.0,0.0
2024-04-26 00:00:00+09:00,324.5875699179513,325.5564880371094,323.6186517987932,325.5564880371094,2200,0.0,0.0
2024-04-30 00:00:00+09:00,324.58758481532243,326.5254211425781,324.58758481532243,326.5254211425781,5800,0.0,0.0
2024-05-01 00:00:00+09:00,324.5875699179513,326.5254061562674,324.5875699179513,325.5564880371094,2100,0.0,0.0
2024-05-02 00:00:00+09:00,323.6186512602857,327.49432373046875,323.6186512602857,327.49432373046875,5700,0.0,0.0
2024-05-07 00:00:00+09:00,327.4943393062059,327.4943393062059,323.61866665169464,326.5254211425781,7400,0.0,0.0
2024-05-08 00:00:00+09:00,326.5254211425781,329.4321756334616,325.5565029789503,326.5254211425781,9600,0.0,0.0
2024-05-09 00:00:00+09:00,323.6186517987932,325.5564880371094,320.711897441319,325.5564880371094,12000,0.0,0.0
2024-05-10 00:00:00+09:00,322.6496887207031,324.58752468899564,320.7118527524106,322.6496887207031,7300,0.0,0.0
2024-05-13 00:00:00+09:00,323.6186218261719,324.58753985559156,323.6186218261719,323.6186218261719,1800,0.0,0.0
2024-05-14 00:00:00+09:00,326.5254061562674,326.5254061562674,324.5875699179513,325.5564880371094,3900,0.0,0.0
2024-05-15 00:00:00+09:00,326.52539108048626,326.52539108048626,322.649718782795,324.5875549316406,8800,0.0,0.0
2024-05-16 00:00:00+09:00,325.55645788501124,326.5253759144309,323.6186218261719,323.6186218261719,2100,0.0,0.0
2024-05-17 00:00:00+09:00,323.6186218261719,324.58753985559156,323.6186218261719,323.6186218261719,1500,0.0,0.0
2024-05-20 00:00:00+09:00,322.6497037967522,323.6186218261719,322.6497037967522,323.6186218261719,3300,0.0,0.0
2024-05-21 00:00:00+09:00,324.5875549316406,324.5875549316406,322.649718782795,324.5875549316406,2000,0.0,0.0
2024-05-22 00:00:00+09:00,324.58752468899564,324.58752468899564,321.6807707365569,322.6496887207031,5100,0.0,0.0
2024-05-23 00:00:00+09:00,322.6497037967522,323.6186218261719,322.6497037967522,323.6186218261719,1200,0.0,0.0
2024-05-24 00:00:00+09:00,323.6186218261719,323.6186218261719,322.6497037967522,323.6186218261719,3600,0.0,0.0
2024-05-27 00:00:00+09:00,323.61863685721784,324.5875549316406,322.649718782795,324.5875549316406,3300,0.0,0.0
2024-05-28 00:00:00+09:00,324.5875549316406,324.5875549316406,322.649718782795,324.5875549316406,8400,0.0,0.0
2024-05-29 00:00:00+09:00,323.61860670484936,323.61860670484936,319.7429347682644,322.6496887207031,5300,0.0,0.0
2024-05-30 00:00:00+09:00,322.6496887207031,322.6496887207031,321.6807707365569,322.6496887207031,2100,0.0,0.0
2024-05-31 00:00:00+09:00,322.6496887207031,322.6496887207031,321.6807707365569,322.6496887207031,3200,0.0,0.0
2024-06-03 00:00:00+09:00,321.6808166503906,321.6808166503906,320.7118985279497,321.6808166503906,1700,0.0,0.0
2024-06-04 00:00:00+09:00,322.6497037967522,323.6186218261719,322.6497037967522,323.6186218261719,500,0.0,0.0
2024-06-05 00:00:00+09:00,321.6808166503906,322.64973477283155,321.6808166503906,321.6808166503906,3000,0.0,0.0
2024-06-06 00:00:00+09:00,322.64973477283155,322.64973477283155,321.6808166503906,321.6808166503906,23400,0.0,0.0
2024-06-07 00:00:00+09:00,321.6807857673325,323.6186218261719,321.6807857673325,323.6186218261719,12600,0.0,0.0
2024-06-10 00:00:00+09:00,322.6497037967522,323.6186218261719,321.6807857673325,323.6186218261719,12200,0.0,0.0
2024-06-11 00:00:00+09:00,322.6497037967522,323.6186218261719,322.6497037967522,323.6186218261719,1600,0.0,0.0
2024-06-12 00:00:00+09:00,323.61865289527253,323.61865289527253,321.6808166503906,321.6808166503906,8400,0.0,0.0
2024-06-13 00:00:00+09:00,321.6807857673325,323.6186218261719,321.6807857673325,323.6186218261719,1900,0.0,0.0
2024-06-14 00:00:00+09:00,324.58752468899564,324.58752468899564,322.6496887207031,322.6496887207031,6400,0.0,0.0
2024-06-17 00:00:00+09:00,321.6807707365569,323.61860670484936,321.6807707365569,322.6496887207031,2500,0.0,0.0
2024-06-18 00:00:00+09:00,322.6497037967522,323.6186218261719,321.6807857673325,323.6186218261719,1700,0.0,0.0
2024-06-19 00:00:00+09:00,323.6186218261719,323.6186218261719,321.6807857673325,323.6186218261719,5700,0.0,0.0
2024-06-20 00:00:00+09:00,322.6497037967522,326.5253759144309,321.6807857673325,323.6186218261719,16000,0.0,0.0
2024-06-21 00:00:00+09:00,321.68081556047713,325.5564880371094,321.68081556047713,325.5564880371094,2300,0.0,0.0
2024-06-24 00:00:00+09:00,324.58756937783147,327.49432373046875,324.58756937783147,327.49432373046875,20400,0.0,0.0
2024-06-25 00:00:00+09:00,328.4631947454183,336.21453857421875,326.5253587882182,336.21453857421875,12700,0.0,0.0
2024-06-26 00:00:00+09:00,413.72802734375,413.72802734375,413.72802734375,413.72802734375,43200,0.0,0.0
2024-06-27 00:00:00+09:00,491.2414245605469,491.2414245605469,491.2414245605469,491.2414245605469,34400,0.0,0.0
2024-06-28 00:00:00+09:00,801.2951957313502,878.8086366727142,610.4183474132413,626.8899536132812,3522200,0.0,0.0
2024-07-01 00:00:00+09:00,707.3101921030476,723.7817993164062,659.8332066057197,723.7817993164062,2758600,0.0,0.0
2024-07-02 00:00:00+09:00,658.8642561929934,676.3047806216315,578.4440602164957,584.257568359375,1402100,0.0,0.0
2024-07-03 00:00:00+09:00,566.8169971636147,623.0142379080414,544.5318844546179,608.48046875,970000,0.0,0.0
2024-07-04 00:00:00+09:00,569.7238675025202,618.1697746030746,552.2833409463205,600.729248046875,873900,0.0,0.0
2024-07-05 00:00:00+09:00,649.1751551474295,649.1751551474295,577.4752126386089,600.729248046875,441200,0.0,0.0
2024-07-08 00:00:00+09:00,591.0399967200058,596.8535048844649,571.6616361718089,572.6305541992188,90400,0.0,0.0
2024-07-09 00:00:00+09:00,562.941391201677,576.5062440017174,560.0346370302398,561.9724731445312,98000,0.0,0.0
2024-07-10 00:00:00+09:00,576.5062924592391,576.5062924592391,544.5319938858696,557.1279296875,85300,0.0,0.0
2024-07-11 00:00:00+09:00,557.1279016005254,557.1279016005254,545.5008845236449,547.438720703125,58100,0.0,0.0
2024-07-12 00:00:00+09:00,535.8117226340554,555.1900851162997,529.0292957652699,532.9049682617188,107100,0.0,0.0
2024-07-16 00:00:00+09:00,539.6874031929348,561.0036022418478,533.873894361413,557.1279296875,95200,0.0,0.0
2024-07-17 00:00:00+09:00,552.2832763255963,576.5062270416312,549.3765222396721,568.7548828125,76800,0.0,0.0
2024-07-18 00:00:00+09:00,568.754916685414,572.6305890308,551.3143911311764,555.1900634765625,62400,0.0,0.0
2024-07-19 00:00:00+09:00,555.1900181820519,563.9102802477385,547.4386741236636,552.2832641601562,51700,0.0,0.0
2024-07-22 00:00:00+09:00,559.0657233101981,559.0657233101981,534.8427716936384,542.5941162109375,57000,0.0,0.0
2024-07-23 00:00:00+09:00,561.0034640109498,569.7237251095655,547.438613413103,556.1588745117188,64900,0.0,0.0
2024-07-24 00:00:00+09:00,555.1900364231419,555.1900364231419,537.74951171875,537.74951171875,51300,0.0,0.0
2024-07-25 00:00:00+09:00,533.8739176283788,547.4387721597714,518.3712267353587,530.9671630859375,83900,0.0,0.0
2024-07-26 00:00:00+09:00,518.3711780684878,530.9671132365071,486.3968811035156,486.3968811035156,138800,0.0,0.0
2024-07-29 00:00:00+09:00,492.21037441718124,508.6819814350791,469.9252590400254,485.4279479980469,81500,0.0,0.0
2024-07-30 00:00:00+09:00,485.4279533722116,485.4279533722116,455.3914931835119,462.1739196777344,72900,0.0,0.0
2024-07-31 00:00:00+09:00,461.2049865722656,466.04957676735245,446.67121598700516,461.2049865722656,50500,0.0,0.0
2024-08-01 00:00:00+09:00,453.45367919921875,455.39151543511286,434.07531684027776,436.0131530761719,52800,0.0,0.0
2024-08-02 00:00:00+09:00,420.5104414345562,422.44827757019925,399.1942439424819,401.132080078125,76500,0.0,0.0
2024-08-05 00:00:00+09:00,385.6293925507582,389.5050648377005,323.6186359596815,328.4632263183594,149200,0.0,0.0
2024-08-06 00:00:00+09:00,352.68612482129913,380.7847446559631,352.68612482129913,375.9401550292969,86900,0.0,0.0
2024-08-07 00:00:00+09:00,374.00236153308254,402.1009845498167,370.12668939284333,392.41180419921875,73000,0.0,0.0
2024-08-08 00:00:00+09:00,387.5672479419757,392.4118385412504,375.9402305037164,378.84698486328125,29700,0.0,0.0
2024-08-09 00:00:00+09:00,368.18885783198,382.7226285358739,367.2199397850537,369.15777587890625,56000,0.0,0.0
2024-08-13 00:00:00+09:00,369.15775341457794,432.13742263228806,369.15775341457794,418.57257080078125,94300,0.0,0.0
2024-08-14 00:00:00+09:00,395.3185568156023,403.06990106688863,390.47396665854836,400.16314697265625,68000,0.0,0.0
2024-08-15 00:00:00+09:00,411.7901317182793,411.7901317182793,398.22528032050076,402.1009521484375,27100,0.0,0.0
2024-08-16 00:00:00+09:00,402.10098087086396,416.63475126378677,402.10098087086396,411.7901611328125,21800,0.0,0.0
2024-08-19 00:00:00+09:00,411.79020548975745,427.29289557878366,404.0388604452444,416.6347961425781,25700,0.0,0.0
2024-08-20 00:00:00+09:00,421.47938130696616,445.70233425564237,419.54154507107205,436.0131530761719,26900,0.0,0.0
2024-08-21 00:00:00+09:00,429.23072954291075,436.982074545943,417.6037120383624,424.3861389160156,35900,0.0,0.0
2024-08-22 00:00:00+09:00,434.07530381944446,436.0131399972098,426.32395910838295,427.2928771972656,23800,0.0,0.0
2024-08-23 00:00:00+09:00,426.32391248430525,439.8887642451695,421.47932256971086,434.07525634765625,10200,0.0,0.0
2024-08-26 00:00:00+09:00,432.1374839190479,432.1374839190479,421.47938453987854,424.3861389160156,24400,0.0,0.0
2024-08-27 00:00:00+09:00,426.3239263178228,443.7644505762792,425.3550083034641,440.8576965332031,25600,0.0,0.0
2024-08-28 00:00:00+09:00,440.8577606544066,441.82667880969103,428.2618246357093,431.1685791015625,13700,0.0,0.0
2024-08-29 00:00:00+09:00,426.32395910838295,430.1996314639137,426.32395910838295,427.2928771972656,5000,0.0,0.0
2024-08-30 00:00:00+09:00,429.23069424836535,486.39685894510023,427.2928581569506,445.7023010253906,174000,0.0,0.0
2024-09-02 00:00:00+09:00,434.0752860550332,450.54689289194295,434.0752860550332,437.9509582519531,27000,0.0,0.0
2024-09-03 00:00:00+09:00,442.79554728545475,447.64013751833716,437.9509570525723,443.76446533203125,17300,0.0,0.0
2024-09-04 00:00:00+09:00,438.9198479608658,438.9198479608658,422.4482421875,422.4482421875,28500,0.0,0.0
2024-09-05 00:00:00+09:00,421.4793823652738,438.9199085321127,421.4793823652738,432.1374816894531,21200,0.0,0.0
2024-09-06 00:00:00+09:00,432.1374220541858,438.9198479608658,421.4793242008314,422.4482421875,15300,0.0,0.0
2024-09-09 00:00:00+09:00,417.6037249275808,431.1685791015625,404.03887075359904,431.1685791015625,39900,0.0,0.0
2024-09-10 00:00:00+09:00,432.1374212066512,442.79551903910226,427.29283128280986,428.2617492675781,10400,0.0,0.0
2024-09-11 00:00:00+09:00,430.1995698054811,437.95091340557985,421.47930825537,429.23065185546875,7900,0.0,0.0
2024-09-12 00:00:00+09:00,436.9820386140243,445.7023010253906,432.13744838548746,445.7023010253906,18900,0.0,0.0
2024-09-13 00:00:00+09:00,454.4225929489463,465.08069214391094,436.98206699354967,451.5158386230469,36000,0.0,0.0
2024-09-17 00:00:00+09:00,451.51585658634775,454.42261102789075,442.79559326171875,442.79559326171875,13600,0.0,0.0
2024-09-18 00:00:00+09:00,442.7955031556416,442.7955031556416,419.5414723553453,429.23065185546875,15100,0.0,0.0
2024-09-19 00:00:00+09:00,431.1685481060805,436.9820566198703,428.26179384918555,433.10638427734375,7700,0.0,0.0
2024-09-20 00:00:00+09:00,435.04415853134054,440.8576662177282,430.1995687926842,438.9198303222656,10000,0.0,0.0
2024-09-24 00:00:00+09:00,436.9820254863238,438.9198615195225,431.16851738672744,435.044189453125,20900,0.0,0.0
2024-09-25 00:00:00+09:00,434.07525634765625,436.013092313494,427.2928304672241,434.07525634765625,19400,0.0,0.0
2024-09-26 00:00:00+09:00,434.07525634765625,435.0441743305751,431.1685023988996,434.07525634765625,7600,0.0,0.0
2024-09-27 00:00:00+09:00,436.0131530761719,437.950989312066,434.07531684027776,436.0131530761719,10100,0.0,0.0
2024-09-30 00:00:00+09:00,429.23072625054255,436.98207119411893,428.2618081325955,436.0131530761719,16500,0.0,0.0
2024-10-01 00:00:00+09:00,443.76446533203125,443.76446533203125,436.0131209594193,443.76446533203125,10600,0.0,0.0
2024-10-02 00:00:00+09:00,442.79559326171875,442.79559326171875,437.9510025258137,442.79559326171875,5600,0.0,0.0
2024-10-03 00:00:00+09:00,442.7955021131907,443.76442006092196,436.9819944268031,438.9198303222656,6800,0.0,0.0
2024-10-04 00:00:00+09:00,436.98203900599583,444.7333833786077,436.98203900599583,443.76446533203125,10400,0.0,0.0
2024-10-07 00:00:00+09:00,444.7333370068676,448.6090087890625,441.8265831702214,448.6090087890625,4900,0.0,0.0
2024-10-08 00:00:00+09:00,445.70234770326175,445.70234770326175,439.8888388201757,442.79559326171875,6400,0.0,0.0
2024-10-09 00:00:00+09:00,444.73339797410944,446.6712341308594,438.9198895038597,446.6712341308594,5100,0.0,0.0
2024-10-10 00:00:00+09:00,446.6712341308594,446.6712341308594,439.8888075822346,446.6712341308594,7400,0.0,0.0
2024-10-11 00:00:00+09:00,445.70231605248443,446.6712341308594,439.8888075822346,446.6712341308594,6500,0.0,0.0
2024-10-15 00:00:00+09:00,434.0753014135255,439.8888099145995,434.0753014135255,436.9820556640625,19200,0.0,0.0
2024-10-16 00:00:00+09:00,436.01312215349316,438.91987630118314,428.2617777596533,437.9509582519531,10400,0.0,0.0
2024-10-17 00:00:00+09:00,436.01312215349316,437.9509582519531,433.10636800580323,437.9509582519531,4200,0.0,0.0
2024-10-18 00:00:00+09:00,435.0442041042632,437.9509582519531,433.10636800580323,437.9509582519531,7300,0.0,0.0
2024-10-21 00:00:00+09:00,435.044220448607,435.044220448607,431.1685481060805,433.10638427734375,7200,0.0,0.0
2024-10-22 00:00:00+09:00,432.1374681338091,432.1374681338091,425.35504150390625,425.35504150390625,8900,0.0,0.0
2024-10-23 00:00:00+09:00,425.3549800554194,433.1063236555181,422.44822620538235,429.23065185546875,8800,0.0,0.0
2024-10-24 00:00:00+09:00,429.23066809418003,429.23066809418003,421.4793242008314,422.4482421875,10000,0.0,0.0
2024-10-25 00:00:00+09:00,421.47935679261116,426.3239471005722,406.945585868728,412.75909423828125,28500,0.0,0.0
2024-10-28 00:00:00+09:00,408.88345165787456,417.6037148448908,408.88345165787456,414.69696044921875,7900,0.0,0.0
2024-10-29 00:00:00+09:00,415.66581683688696,418.57257080078125,413.7279808609574,418.57257080078125,4500,0.0,0.0
2024-10-30 00:00:00+09:00,421.47933995200634,421.47933995200634,412.7590777461028,419.54150390625,5100,0.0,0.0
2024-10-31 00:00:00+09:00,421.4793247646756,429.2306686683938,418.57257080078125,418.57257080078125,4500,0.0,0.0
2024-11-01 00:00:00+09:00,418.5725858833718,420.5104219291282,410.82124170034643,419.54150390625,13100,0.0,0.0
2024-11-05 00:00:00+09:00,417.6036675113371,421.4793395996094,407.91448729065644,421.4793395996094,12700,0.0,0.0
2024-11-06 00:00:00+09:00,423.4172207906366,427.2928932921527,419.54154828912044,424.3861389160156,7900,0.0,0.0
2024-11-07 00:00:00+09:00,432.1374220541858,432.1374220541858,422.4482421875,422.4482421875,13500,0.0,0.0
2024-11-08 00:00:00+09:00,428.26181141753176,429.23072954291075,416.63479391298335,424.3861389160156,17200,0.0,0.0
2024-11-11 00:00:00+09:00,418.5725855334052,424.3860936658136,418.5725855334052,421.4793395996094,7100,0.0,0.0
2024-11-12 00:00:00+09:00,430.1996314639137,430.1996314639137,422.4482867528522,427.2928771972656,11800,0.0,0.0
2024-11-13 00:00:00+09:00,430.1996476682898,430.1996476682898,422.4483026652576,424.3861389160156,7700,0.0,0.0
2024-11-14 00:00:00+09:00,425.35504150390625,426.32395959389237,425.35504150390625,425.35504150390625,12000,0.0,0.0
2024-11-15 00:00:00+09:00,434.07528565528634,439.8887939453125,424.3861051719094,439.8887939453125,23500,0.0,0.0
2024-11-18 00:00:00+09:00,442.7955618173595,446.6712341308594,437.9509714254847,446.6712341308594,15900,0.0,0.0
2024-11-19 00:00:00+09:00,450.5469159843508,468.95635986328125,448.6090797865686,468.95635986328125,23000,0.0,0.0
2024-11-20 00:00:00+09:00,468.9563720703125,546.4698219992898,468.9563720703125,532.9049682617188,414700,0.0,0.0
2024-11-21 00:00:00+09:00,537.7494803851938,543.56298828125,518.3711207316733,543.56298828125,108100,0.0,0.0
2024-11-22 00:00:00+09:00,546.4697827037633,640.454833984375,546.4697827037633,640.454833984375,184800,0.0,0.0
2024-11-25 00:00:00+09:00,679.2114808011149,737.3465576171875,663.7087936501622,737.3465576171875,472200,0.0,0.0
2024-11-26 00:00:00+09:00,775.1345127410468,878.8087538201619,641.4238092932163,703.4345703125,2307400,0.0,0.0
2024-11-27 00:00:00+09:00,654.9885658139088,674.3669257492315,582.3197160564486,591.0399780273438,420500,0.0,0.0
2024-11-28 00:00:00+09:00,629.7967557996792,675.3359058344253,586.1954419366244,618.1697387695312,663800,0.0,0.0
2024-11-29 00:00:00+09:00,608.4805120346521,647.2372325464133,595.8845778683296,623.0142822265625,160400,0.0,0.0
2024-12-02 00:00:00+09:00,629.7967191227896,683.0872107408718,626.8899650345305,647.2372436523438,284700,0.0,0.0
2024-12-03 00:00:00+09:00,674.3669676612749,674.3669676612749,618.1697203561687,632.7034912109375,111100,0.0,0.0
2024-12-04 00:00:00+09:00,640.45486603948,640.45486603948,621.0765039807967,634.641357421875,38500,0.0,0.0
2024-12-05 00:00:00+09:00,624.9521653704509,627.8589196279879,615.2629845119943,618.1697387695312,49500,0.0,0.0
2024-12-06 00:00:00+09:00,616.2318589194526,710.2169065848409,607.5115967649322,693.7453002929688,703300,0.0,0.0
2024-12-09 00:00:00+09:00,679.2115176395968,712.1547296221164,659.8331576498792,677.273681640625,251600,0.0,0.0
2024-12-10 00:00:00+09:00,686.9629387555804,706.341300920759,675.3359214564732,678.24267578125,70200,0.0,0.0
2024-12-11 00:00:00+09:00,676.3048395647321,681.1494301060268,662.7399860491071,678.24267578125,54800,0.0,0.0
2024-12-12 00:00:00+09:00,681.1493536385685,689.8696156339413,675.3358456416532,677.273681640625,48400,0.0,0.0
2024-12-13 00:00:00+09:00,684.0561567923766,686.9629109997096,657.8953689263792,664.6777954101562,51400,0.0,0.0
2024-12-16 00:00:00+09:00,659.8331877655073,680.1804666833864,659.8331877655073,675.3358764648438,41100,0.0,0.0
2024-12-17 00:00:00+09:00,671.4602798418192,679.2116250636584,665.6467709254399,676.3048706054688,39800,0.0,0.0
2024-12-18 00:00:00+09:00,677.273740776526,702.4656109627773,671.4602322720065,685.0250854492188,84600,0.0,0.0
2024-12-19 00:00:00+09:00,670.4912411912373,691.8074367204385,663.708815341037,672.4290771484375,42700,0.0,0.0
2024-12-20 00:00:00+09:00,695.6831395240347,769.3209091672472,687.9317953510649,760.6006469726562,629200,0.0,0.0
2024-12-23 00:00:00+09:00,783.854671979842,868.1505390530759,736.3776893753769,803.2330322265625,1394300,0.0,0.0
2024-12-24 00:00:00+09:00,804.20198452311,821.6425094886714,769.3209345919871,785.7925415039062,258900,0.0,0.0
2024-12-25 00:00:00+09:00,858.4613950413794,931.1302490234375,858.4613950413794,931.1302490234375,1626400,0.0,0.0
2024-12-26 00:00:00+09:00,1075.4990994704938,1076.468017578125,1036.742375165251,1076.468017578125,358500,0.0,0.0
2024-12-27 00:00:00+09:00,1191.41739692103,1289.889702231197,1011.047332739041,1207.991943359375,2298300,6.9,0.0
2024-12-30 00:00:00+09:00,1174.8426367065329,1215.791508691325,1021.7718533348103,1168.9927978515625,667800,0.0,0.0
2025-01-06 00:00:00+09:00,1168.9928648861624,1168.9928648861624,966.1984396181709,972.0482788085938,709300,0.0,0.0
2025-01-07 00:00:00+09:00,952.5488972214033,953.5238705041273,875.5260078862028,878.450927734375,712000,0.0,0.0
2025-01-08 00:00:00+09:00,856.026467765571,856.026467765571,803.3779150783947,847.251708984375,622000,0.0,0.0
2025-01-09 00:00:00+09:00,838.4770004621898,923.2996737647602,816.052615566108,894.0504760742188,560400,0.0,0.0
2025-01-10 00:00:00+09:00,888.2006994176794,909.6501125759548,816.0526733398438,816.0526733398438,403300,0.0,0.0
2025-01-14 00:00:00+09:00,801.4280019906852,818.9775202824519,782.9035104604868,811.177734375,201000,0.0,0.0
2025-01-15 00:00:00+09:00,830.6772398783572,957.4237670898438,815.077667298482,957.4237670898438,603200,0.0,0.0
2025-01-16 00:00:00+09:00,928.1745817979821,972.0483803073405,889.1756497896635,963.2736206054688,417100,0.0,0.0
2025-01-17 00:00:00+09:00,963.2735473418278,1109.51953125,951.573868629174,1109.51953125,1159300,0.0,0.0
2025-01-20 00:00:00+09:00,1130.96905280339,1137.7938660530656,1050.0462671286648,1103.6697998046875,715900,0.0,0.0
2025-01-21 00:00:00+09:00,1074.4205950654268,1106.5947145183843,1022.7470092773438,1022.7470092773438,384200,0.0,0.0
2025-01-22 00:00:00+09:00,1013.972152217742,1101.719742313508,990.572794858871,1057.845947265625,442600,0.0,0.0
2025-01-23 00:00:00+09:00,1073.4455067952474,1083.1952389187284,1022.7468997531467,1052.9710693359375,208700,0.0,0.0
2025-01-24 00:00:00+09:00,1069.545772439708,1191.4174420431386,1062.7209589419158,1121.2193603515625,745200,0.0,0.0
2025-01-27 00:00:00+09:00,1121.219226553971,1168.0179420970933,1103.6697082253002,1116.3443603515625,413700,0.0,0.0
2025-01-28 00:00:00+09:00,1071.4956713737326,1127.0691502347906,1033.4717121530086,1099.7698974609375,229000,0.0,0.0
2025-01-29 00:00:00+09:00,1101.7196855433654,1133.8938002539237,1080.2702757363263,1085.1451416015625,117000,0.0,0.0
2025-01-30 00:00:00+09:00,1082.2202970429723,1087.0951632458687,1034.446608254589,1065.645751953125,158600,0.0,0.0
2025-01-31 00:00:00+09:00,1094.8949918429344,1142.6686824932492,1075.395526271377,1083.1953125,182100,0.0,0.0
2025-02-03 00:00:00+09:00,1086.1201487261123,1099.769773575453,1038.3464617534198,1049.0711669921875,120800,0.0,0.0
2025-02-04 00:00:00+09:00,1033.471684285252,1060.7709363229756,1032.4967109981903,1035.421630859375,77700,0.0,0.0
2025-02-05 00:00:00+09:00,1052.9711311818073,1062.7208638779352,1014.9471736669088,1027.621826171875,62800,0.0,0.0
2025-02-06 00:00:00+09:00,1021.772058082988,1063.6959116112023,1020.7970847451226,1058.821044921875,86900,0.0,0.0
2025-02-07 00:00:00+09:00,1061.7458929992965,1067.5957326301466,1028.5968017578125,1028.5968017578125,79000,0.0,0.0
2025-02-10 00:00:00+09:00,1015.9221618216823,1020.7970282411721,945.7240853810287,956.4487915039062,192700,0.0,0.0
2025-02-12 00:00:00+09:00,974.973295571596,978.8731887538825,954.4988563645926,961.3236694335938,165300,0.0,0.0
2025-02-13 00:00:00+09:00,1107.569580078125,1107.569580078125,1107.569580078125,1107.569580078125,60400,0.0,0.0
2025-02-14 00:00:00+09:00,1320.113762389338,1361.0626383275596,1233.341144329773,1266.490234375,1134800,0.0,0.0
2025-02-17 00:00:00+09:00,1258.6904034614563,1394.2116785049438,1194.3421721458435,1247.9656982421875,707100,0.0,0.0
2025-02-18 00:00:00+09:00,1248.9408694750643,1316.2140310627142,1221.6416154974672,1281.114990234375,238900,0.0,0.0
2025-02-19 00:00:00+09:00,1288.91475861692,1288.91475861692,1152.4184906847197,1167.0430908203125,535800,0.0,0.0
2025-02-20 00:00:00+09:00,1168.0179698808415,1179.7176490449235,1150.4684511347186,1178.74267578125,161300,0.0,0.0
2025-02-21 00:00:00+09:00,1179.7175628063726,1189.4672947303923,1130.9689031862745,1143.6435546875,179900,0.0,0.0
2025-02-25 00:00:00+09:00,1085.145160653658,1115.3693295487733,1043.2213134765625,1043.2213134765625,292900,0.0,0.0
2025-02-26 00:00:00+09:00,1050.0462778539331,1119.2693843791226,1050.0462778539331,1108.544677734375,200400,0.0,0.0
2025-02-27 00:00:00+09:00,1101.7198137412981,1212.8667684019247,1077.34548157888,1190.4423828125,580200,0.0,0.0
2025-02-28 00:00:00+09:00,1189.46735933467,1360.08767727202,1169.9678944275443,1322.063720703125,1055000,0.0,0.0
2025-03-03 00:00:00+09:00,1319.1388397216797,1319.1388397216797,1238.2160579796994,1286.9647216796875,371400,0.0,0.0
2025-03-04 00:00:00+09:00,1261.6155920786061,1268.44040594611,1169.968091572123,1203.1171875,284900,0.0,0.0
2025-03-05 00:00:00+09:00,1198.2421434134492,1217.7416087253034,1177.767704836002,1179.7176513671875,186600,0.0,0.0
2025-03-06 00:00:00+09:00,1207.0168073438779,1246.0157348832602,1186.5423703857023,1191.417236328125,138200,0.0,0.0
2025-03-07 00:00:00+09:00,1169.9678357712767,1189.4672997007979,1138.7686934840426,1145.593505859375,127400,0.0,0.0
2025-03-10 00:00:00+09:00,1145.593574311998,1163.1430928972031,1119.2692964341904,1123.169189453125,115500,0.0,0.0
2025-03-11 00:00:00+09:00,1076.3704369773327,1126.0940712942204,1075.395463755433,1107.569580078125,180900,0.0,0.0
2025-03-12 00:00:00+09:00,1111.4694206008585,1146.5684549356224,1105.6195815450644,1135.84375,169900,0.0,0.0
2025-03-13 00:00:00+09:00,1168.0180907356885,1168.9930641002425,1122.1943426016505,1125.1192626953125,93800,0.0,0.0
2025-03-14 00:00:00+09:00,1158.2682692307692,1163.1431356837606,1122.1942574786326,1140.71875,82600,0.0,0.0
2025-03-17 00:00:00+09:00,1148.5185621995192,1250.8907600186615,1142.6687223241397,1204.092041015625,201600,0.0,0.0
2025-03-18 00:00:00+09:00,1218.716490502451,1223.591356464461,1192.3922143075981,1193.3671875,86000,0.0,0.0
2025-03-19 00:00:00+09:00,1164.1179394206272,1196.2920533242122,1143.6435033001637,1171.917724609375,160200,0.0,0.0
2025-03-21 00:00:00+09:00,1169.9679882655116,1223.5915210610144,1169.9679882655116,1209.94189453125,143300,0.0,0.0
2025-03-24 00:00:00+09:00,1213.8416294017002,1241.1408788982844,1191.4172458866485,1195.317138671875,91000,0.0,0.0
2025-03-25 00:00:00+09:00,1184.5924942016602,1195.3171999104818,1164.1180560302735,1169.9678955078125,86600,0.0,0.0
2025-03-26 00:00:00+09:00,1169.9679071576763,1197.2671583246888,1161.1931478539937,1174.8427734375,109100,0.0,0.0
2025-03-27 00:00:00+09:00,1192.3922168010342,1192.3922168010342,1130.968905551267,1144.6185302734375,113300,0.0,0.0
2025-03-28 00:00:00+09:00,1170.6649503587573,1196.1141884100348,1155.0038807887406,1163.813232421875,107100,4.61,0.0
2025-03-31 00:00:00+09:00,1128.575796346517,1144.236865506573,1111.9359103639579,1141.3004150390625,126200,0.0,0.0
2025-04-01 00:00:00+09:00,1135.4275671612975,1158.9191719991175,1107.041877982265,1108.99951171875,79000,0.0,0.0
2025-04-02 00:00:00+09:00,1164.7919982496826,1321.402687089976,1144.236845339394,1300.8475341796875,1081500,0.0,0.0
2025-04-03 00:00:00+09:00,1292.0382254464287,1526.9542664366884,1229.393947849026,1507.3779296875,2051900,0.0,0.0
2025-04-04 00:00:00+09:00,1468.2252428763559,1486.8227626194564,1340.979055160405,1398.729248046875,568100,0.0,0.0
2025-04-07 00:00:00+09:00,1231.3515153216695,1678.6707859909882,1222.5421642581598,1651.263916015625,1899300,0.0,0.0
2025-04-08 00:00:00+09:00,1761.8703836741402,1859.7520716560368,1574.9163596287174,1721.7388916015625,1357100,0.0,0.0
2025-04-09 00:00:00+09:00,1745.2304360411422,1780.4678424895333,1606.2384439391556,1676.7132568359375,569900,0.0,0.0
2025-04-10 00:00:00+09:00,1762.849227050781,1794.1713676757813,1689.4379599609374,1712.9295654296875,489200,0.0,0.0
2025-04-11 00:00:00+09:00,1702.162504327887,1840.1756803544727,1663.9886471290445,1800.044189453125,716000,0.0,0.0
2025-04-14 00:00:00+09:00,1810.8112194080818,1810.8112194080818,1712.9295318725099,1719.78125,480700,0.0,0.0
2025-04-15 00:00:00+09:00,1702.1625282045395,2002.659305754162,1683.5650077698722,1973.2947998046875,1216900,0.0,0.0
2025-04-16 00:00:00+09:00,2054.5364477802887,2456.8301495609935,2035.938928719867,2355.033203125,3302900,0.0,0.0
2025-04-17 00:00:00+09:00,2352.0968818772008,2769.0728584397007,2258.1304646236795,2432.35986328125,5126200,0.0,0.0
2025-04-18 00:00:00+09:00,2437.2539562466286,2611.483355528516,2341.3299049566003,2495.004150390625,2740600,0.0,0.0
2025-04-21 00:00:00+09:00,2520.4532938639322,2936.450439453125,2495.0040567220053,2936.450439453125,5944800,0.0,0.0
2025-04-22 00:00:00+09:00,3337.765212677456,3582.4694071552753,2662.3816359186744,2762.220947265625,6621200,0.0,0.0
2025-04-23 00:00:00+09:00,3000.073419178336,3053.908341871585,2521.4320155965393,2686.85205078125,5575900,0.0,0.0
2025-04-24 00:00:00+09:00,2700.5558522419165,2714.2592889694943,2412.783680962785,2425.50830078125,1283700,0.0,0.0
2025-04-25 00:00:00+09:00,2376.56739935773,2474.449087963897,2329.58418882677,2426.487060546875,913600,0.0,0.0
2025-04-28 00:00:00+09:00,2377.5459977342207,2581.1398913236476,2373.6307305498085,2476.406494140625,1103100,0.0,0.0
2025-04-30 00:00:00+09:00,2524.3686002849977,2722.089599609375,2513.6016151732742,2722.089599609375,1236000,0.0,0.0
2025-05-01 00:00:00+09:00,2722.0896120928255,2951.1327509744224,2500.877007873847,2680.00048828125,1599600,0.0,0.0
2025-05-02 00:00:00+09:00,2691.7465204282194,2804.310465827945,2574.288490445897,2630.0810546875,819700,0.0,0.0
2025-05-07 00:00:00+09:00,2631.0595770785217,2672.1698829703737,2476.4065215806027,2542.966064453125,417200,0.0,0.0
2025-05-08 00:00:00+09:00,2538.0723749199838,2661.403311765305,2513.6019509427374,2628.12353515625,391100,0.0,0.0
2025-05-09 00:00:00+09:00,2579.182514763223,2721.110964342224,2575.26724718863,2706.4287109375,352600,0.0,0.0
2025-05-12 00:00:00+09:00,2707.4073541100543,2876.742665845788,2691.746284816576,2814.098388671875,492300,0.0,0.0
2025-05-13 00:00:00+09:00,2833.6747194254417,2872.827392578125,2742.6447543454533,2872.827392578125,343400,0.0,0.0
2025-05-14 00:00:00+09:00,2823.8861954227573,3058.8022047473537,2822.907378717238,3034.331787109375,636800,0.0,0.0
2025-05-15 00:00:00+09:00,2456.8302526750317,2698.598010607595,2407.889410988278,2499.898193359375,1134100,0.0,0.0
2025-05-16 00:00:00+09:00,2564.500181136593,2818.0137486611643,2499.8982681766634,2791.585693359375,926600,0.0,0.0
2025-05-19 00:00:00+09:00,2791.5855944214086,2875.76384165852,2713.2802481543285,2722.089599609375,457700,0.0,0.0
2025-05-20 00:00:00+09:00,2711.3228117952644,2902.192107210454,2673.148952712226,2848.357177734375,508000,0.0,0.0
2025-05-21 00:00:00+09:00,2821.9289584154835,2871.848617409306,2760.263497305468,2792.564453125,332700,0.0,0.0
2025-05-22 00:00:00+09:00,2743.623537121018,3283.930419921875,2730.898918504331,3283.930419921875,1731000,0.0,0.0
2025-05-23 00:00:00+09:00,3557.9993781323706,3562.8934625589623,2946.238824808373,3112.6376953125,1490900,0.0,0.0
2025-05-26 00:00:00+09:00,3376.918109214469,3597.1518989458473,3166.4724879155965,3215.413330078125,1511200,0.0,0.0
2025-05-27 00:00:00+09:00,3151.7902008151123,3186.048789954407,3058.8026017227407,3161.578369140625,523000,0.0,0.0
2025-05-28 00:00:00+09:00,3195.836797400366,3210.519049149525,3073.484699490704,3093.06103515625,319400,0.0,0.0
2025-05-29 00:00:00+09:00,3063.6967045017927,3068.5907886942878,2975.603189036885,2985.391357421875,335300,0.0,0.0
2025-05-30 00:00:00+09:00,2990.2854032153923,3034.3321603822315,2875.7638345816117,2960.9208984375,285300,0.0,0.0
2025-06-02 00:00:00+09:00,3004.967592712232,3009.861676739451,2790.606712320057,2811.161865234375,475600,0.0,0.0
2025-06-03 00:00:00+09:00,2853.251071238218,2867.933323748878,2721.1107986422803,2726.0048828125,395700,0.0,0.0
2025-06-04 00:00:00+09:00,2677.063953682534,2739.708229015507,2587.991624693462,2719.153076171875,535700,0.0,0.0
2025-06-05 00:00:00+09:00,2692.7252102392326,2805.289150325569,2638.890282371854,2644.76318359375,319000,0.0,0.0
2025-06-06 00:00:00+09:00,2595.8222045430016,2623.2290754808614,2540.029645848073,2550.796630859375,404600,0.0,0.0
2025-06-09 00:00:00+09:00,2515.559128765673,2628.1230586520746,2476.4064575008374,2556.66943359375,518800,0.0,0.0
2025-06-10 00:00:00+09:00,2574.2883442873676,2788.6492368344907,2520.4534169353506,2774.94580078125,833900,0.0,0.0
2025-06-11 00:00:00+09:00,2772.9879452535974,2777.882029166858,2645.741763508815,2661.40283203125,588600,0.0,0.0
2025-06-12 00:00:00+09:00,2674.1274113468935,2738.72931806318,2605.6102375568926,2607.56787109375,337000,0.0,0.0
2025-06-13 00:00:00+09:00,2581.139971214117,2586.034055346112,2522.410961630178,2525.347412109375,267900,0.0,0.0
2025-06-16 00:00:00+09:00,2495.9831231790295,2544.92396873156,2456.830446737006,2488.152587890625,315900,0.0,0.0
2025-06-17 00:00:00+09:00,2505.7709580838323,2622.2501549635103,2449.978401595247,2451.93603515625,513400,0.0,0.0
2025-06-18 00:00:00+09:00,2431.381020990639,2436.275105171377,2358.9485751157167,2365.80029296875,375400,0.0,0.0
2025-06-19 00:00:00+09:00,2335.456662416772,2349.1600963119245,2221.913924428362,2232.680908203125,582200,0.0,0.0
2025-06-20 00:00:00+09:00,2229.744998299754,2333.4995943576005,2171.015981663237,2215.062744140625,743400,0.0,0.0
2025-06-23 00:00:00+09:00,2174.9306969065306,2200.3799309837445,2105.4347115418304,2182.76123046875,432100,0.0,0.0
2025-06-24 00:00:00+09:00,2182.7615342063796,2262.0456975564766,2069.2187817543886,2077.04931640625,518200,0.0,0.0
2025-06-25 00:00:00+09:00,2067.261065764925,2067.261065764925,1948.8242338721432,1967.4217529296875,608000,0.0,0.0
2025-06-26 00:00:00+09:00,2016.362699048552,2030.0661348673286,1840.1756670928535,1842.13330078125,743000,0.0,0.0
2025-06-27 00:00:00+09:00,1844.2619753267427,1944.3229973923424,1813.8512725420994,1829.547119140625,722500,4.17,0.0
2025-06-30 00:00:00+09:00,1841.3190377034853,1843.2810185641179,1746.1629659628152,1828.566162109375,698500,0.0,0.0
2025-07-01 00:00:00+09:00,1834.4521830906378,1852.1100115909755,1676.5127170598396,1679.4556884765625,744600,0.0,0.0
2025-07-02 00:00:00+09:00,1661.7978387920673,1713.790333158053,1589.2045447716348,1594.1094970703125,1012000,0.0,0.0
2025-07-03 00:00:00+09:00,1579.3945469908526,1599.9953454298638,1498.9533340385235,1521.51611328125,863900,0.0,0.0
2025-07-04 00:00:00+09:00,1530.344961065995,1547.0217971801758,1486.200394881399,1491.1053466796875,724100,0.0,0.0
2025-07-07 00:00:00+09:00,1496.0105138432896,1549.964991391736,1446.9609887992472,1531.326171875,1121600,0.0,0.0
2025-07-08 00:00:00+09:00,1452.8468610950654,1453.8278515482018,1339.0519685312386,1340.032958984375,2779400,0.0,0.0
2025-07-09 00:00:00+09:00,1367.500677614796,1634.330078125,1341.9949260954381,1634.330078125,7185500,0.0,0.0
2025-07-10 00:00:00+09:00,1752.04888023827,2026.7261962890625,1678.474599153236,2026.7261962890625,12909300,0.0,0.0
2025-07-11 00:00:00+09:00,2222.924450114354,2391.6548143772266,1879.5777786492067,1893.3116455078125,21927700,0.0,0.0
2025-07-14 00:00:00+09:00,1909.007428371446,2285.707763671875,1903.1214856323768,2285.707763671875,19392500,0.0,0.0
2025-07-15 00:00:00+09:00,2524.08832888983,2538.803185062915,2159.159895797324,2217.038330078125,16075800,0.0,0.0
2025-07-16 00:00:00+09:00,2295.517517468944,2301.4034598214284,2053.212890625,2053.212890625,4493200,0.0,0.0
2025-07-17 00:00:00+09:00,2046.345935296808,2255.2968865040084,2043.4029641530446,2061.060791015625,6502200,0.0,0.0
2025-07-18 00:00:00+09:00,2071.851906819909,2120.901431129092,1930.5892768094604,1936.4752197265625,2535300,0.0,0.0
2025-07-22 00:00:00+09:00,1930.58924427599,1939.418158502862,1776.573740540558,1783.440673828125,2599900,0.0,0.0
2025-07-23 00:00:00+09:00,1777.5546798320947,1790.3075555704045,1710.8473298163208,1749.10595703125,2057300,0.0,0.0
2025-07-24 00:00:00+09:00,1774.6116380629048,1775.592628465372,1645.1209049372533,1647.0828857421875,2995900,0.0,0.0
2025-07-25 00:00:00+09:00,1645.1209798631721,1678.4746550661225,1580.3756103515625,1580.3756103515625,2389800,0.0,0.0
2025-07-28 00:00:00+09:00,1570.565707244873,1807.9653956604004,1569.584716796875,1569.584716796875,11906400,0.0,0.0
2025-07-29 00:00:00+09:00,1569.5847133046163,1618.6342355953855,1477.3716113979701,1508.7633056640625,3624200,0.0,0.0
2025-07-30 00:00:00+09:00,1510.7251538728412,1515.6301056711297,1446.9607804950915,1491.1053466796875,2565700,0.0,0.0
2025-07-31 00:00:00+09:00,1501.896240635922,1535.2499128642835,1456.7706840916683,1491.1053466796875,2016800,0.0,0.0
2025-08-01 00:00:00+09:00,1493.067481134313,1621.577231481616,1453.8278627076556,1583.318603515625,8597300,0.0,0.0
2025-08-04 00:00:00+09:00,1504.8392942044254,1615.6912109222221,1494.0483996566752,1567.6226806640625,2973100,0.0,0.0
2025-08-05 00:00:00+09:00,1646.1019450369056,1700.0564188015242,1569.5846913343557,1599.014404296875,5283300,0.0,0.0
2025-08-06 00:00:00+09:00,1606.8623078818634,1612.748250401577,1538.1929784852025,1574.4896240234375,1985100,0.0,0.0
2025-08-07 00:00:00+09:00,1555.8507206955596,1588.223402778128,1508.7631831209146,1519.5540771484375,1890200,0.0,0.0
2025-08-08 00:00:00+09:00,1509.7443576907565,1562.71784392552,1509.7443576907565,1539.174072265625,1274000,0.0,0.0
2025-08-12 00:00:00+09:00,1559.7746470222808,1593.1283187196125,1512.6871105084006,1563.6986083984375,2537800,0.0,0.0
2025-08-13 00:00:00+09:00,1599.0145041371306,1599.9954946304663,1512.6873407235921,1535.2501220703125,2302800,0.0,0.0
2025-08-14 00:00:00+09:00,1513.6682266506932,1523.4781309063685,1473.4476192024247,1488.1624755859375,1187800,0.0,0.0
2025-08-15 00:00:00+09:00,1492.0864407521374,1493.0674311799823,1453.8278140661853,1455.789794921875,1130800,0.0,0.0
2025-08-18 00:00:00+09:00,1460.6948008973677,1514.6492764174182,1460.6948008973677,1468.542724609375,1353400,0.0,0.0
2025-08-19 00:00:00+09:00,1472.4666216623646,1476.3905833456754,1446.9608707208447,1448.9228515625,693800,0.0,0.0
2025-08-20 00:00:00+09:00,1446.960829886508,1451.865781852225,1399.873291015625,1399.873291015625,879500,0.0,0.0
2025-08-21 00:00:00+09:00,1409.6832436217603,1424.3981000269978,1361.614712697984,1362.595703125,846100,0.0,0.0
2025-08-22 00:00:00+09:00,1355.728759765625,1402.8162999022024,1342.9758843119687,1355.728759765625,1003000,0.0,0.0
2025-08-25 00:00:00+09:00,1361.6146971636874,1427.3410550238941,1329.242013441496,1409.6832275390625,1668700,0.0,0.0
2025-08-26 00:00:00+09:00,1388.1015173683704,1495.0294787769587,1363.5767555774098,1393.0064697265625,2214600,0.0,0.0
2025-08-27 00:00:00+09:00,1403.7973010596652,1405.759281913697,1359.6527318439526,1362.595703125,746100,0.0,0.0
2025-08-28 00:00:00+09:00,1362.5956831677568,1362.5956831677568,1337.0899324389147,1338.0709228515625,486400,0.0,0.0
2025-08-29 00:00:00+09:00,1335.1278749978087,1339.0518364232248,1294.9072703872944,1311.5841064453125,888500,0.0,0.0
2025-09-01 00:00:00+09:00,1290.0025321405053,1308.6413519965276,1276.2686648781728,1280.192626953125,692400,0.0,0.0
2025-09-02 00:00:00+09:00,1280.1926214044745,1309.6223368390602,1251.743896484375,1251.743896484375,1075800,0.0,0.0
2025-09-03 00:00:00+09:00,1245.8578026704429,1249.7817642536568,1193.8653116928574,1198.770263671875,1205100,0.0,0.0
2025-09-04 00:00:00+09:00,1191.9033973568776,1206.6182541143698,1163.4546742923924,1196.808349609375,1051100,0.0,0.0
2025-09-05 00:00:00+09:00,1189.941487085859,1196.8084206469482,1151.6828572455058,1173.2646484375,879300,0.0,0.0
2025-09-08 00:00:00+09:00,1189.9414326658919,1198.7703468406594,1158.5497378222738,1160.51171875,637700,0.0,0.0
2025-09-09 00:00:00+09:00,1164.4356703985304,1186.0174604143415,1146.777842203776,1153.644775390625,721500,0.0,0.0
2025-09-10 00:00:00+09:00,1156.587761655061,1389.0825025475544,1148.7398379118547,1353.766845703125,8285400,0.0,0.0
2025-09-11 00:00:00+09:00,1324.337100758272,1397.9113841337316,1240.9529129327511,1250.7628173828125,3737900,0.0,0.0
2025-09-12 00:00:00+09:00,1251.7437102348222,1255.6676717089126,1191.9032977549443,1199.751220703125,1288800,0.0,0.0
2025-09-16 00:00:00+09:00,1213.4850858624413,1216.428056968009,1177.1884422271055,1199.751220703125,662800,0.0,0.0
2025-09-17 00:00:00+09:00,1216.428064416956,1283.1354098849827,1198.7702376754196,1271.363525390625,2053500,0.0,0.0
2025-09-18 00:00:00+09:00,1287.0595550058779,1324.3371945563529,1236.0480482525961,1251.743896484375,2410900,0.0,0.0
2025-09-19 00:00:00+09:00,1249.7819464432566,1251.7439275208756,1187.9795424982603,1211.5233154296875,1334200,0.0,0.0
2025-09-22 00:00:00+09:00,1206.6183257342182,1210.5422877691262,1173.2646484375,1173.2646484375,797100,0.0,0.0
2025-09-24 00:00:00+09:00,1170.3215804190006,1171.3025708468456,1139.9108771558078,1143.8348388671875,660100,0.0,0.0
2025-09-25 00:00:00+09:00,1137.9489356252789,1139.9109165487707,1099.6903076171875,1099.6903076171875,747400,0.0,0.0
2025-09-26 00:00:00+09:00,1101.652222557891,1124.2150018266636,1088.8993473190196,1090.861328125,773300,0.0,0.0
2025-09-29 00:00:00+09:00,1096.620524012698,1136.0673054520037,1046.3258776775833,1058.159912109375,1356500,5.84,0.0
2025-09-30 00:00:00+09:00,1058.1599823777474,1058.1599823777474,1003.920654296875,1003.920654296875,912900,0.0,0.0
2025-10-01 00:00:00+09:00,1005.8930071840191,1018.713212177541,986.1696148862933,996.0313110351562,814400,0.0,0.0
2025-10-02 00:00:00+09:00,997.0174905735919,1032.5195970628592,986.1696247018713,1007.8653564453125,822800,0.0,0.0
2025-10-03 00:00:00+09:00,1028.5749385553604,1104.510001133273,1020.6855814044084,1087.7451171875,1368100,0.0,0.0
2025-10-06 00:00:00+09:00,1088.7313019638761,1094.648319909332,1045.3398370305333,1074.9249267578125,742100,0.0,0.0
2025-10-07 00:00:00+09:00,1076.8973182579139,1093.6622032491086,1053.2292453291686,1063.0909423828125,413500,0.0,0.0
2025-10-08 00:00:00+09:00,1055.2015380859375,1070.9802526741385,1042.3813324830242,1055.2015380859375,285400,0.0,0.0
2025-10-09 00:00:00+09:00,1055.201499100131,1137.0535780022906,1054.2153294748036,1130.150390625,1283500,0.0,0.0
2025-10-10 00:00:00+09:00,1104.5099169741698,1120.2886300738007,1061.1184559501846,1069.0078125,621400,0.0,0.0
2025-10-14 00:00:00+09:00,1043.3674461255234,1069.9940255635092,1021.6717147316089,1030.5472412109375,553400,0.0,0.0
2025-10-15 00:00:00+09:00,1045.3397692276744,1059.1461435382284,1036.4642428851753,1053.2291259765625,232100,0.0,0.0
2025-10-16 00:00:00+09:00,1043.3674332713351,1053.229129237983,1030.5472285146932,1033.5057373046875,277300,0.0,0.0
2025-10-17 00:00:00+09:00,1021.6717982492047,1032.5196648329318,987.155859119164,988.1420288085938,684000,0.0,0.0
2025-10-20 00:00:00+09:00,1010.8238761464407,1076.8972417091836,1006.8791976053815,1014.7685546875,758900,0.0,0.0
2025-10-21 00:00:00+09:00,1005.8930279701167,1030.5472688517373,1002.9345190643222,1014.7685546875,292100,0.0,0.0
2025-10-22 00:00:00+09:00,1003.9207302876656,1050.2707050651904,1003.9207302876656,1042.38134765625,329500,0.0,0.0
2025-10-23 00:00:00+09:00,1033.5058229987465,1061.1185739948962,1031.5334836418785,1032.5196533203125,279900,0.0,0.0
2025-10-24 00:00:00+09:00,1045.3397724646647,1058.159977221307,1030.5472285146932,1033.5057373046875,278500,0.0,0.0
2025-10-27 00:00:00+09:00,1035.4781805300245,1069.9941198810254,1033.5058411385387,1056.187744140625,402900,0.0,0.0
2025-10-28 00:00:00+09:00,1058.1599977407882,1125.2195316143889,1050.2706408144822,1123.2471923828125,1128700,0.0,0.0
2025-10-29 00:00:00+09:00,1120.2887445274757,1123.247253535911,1000.962214520588,1020.6856079101562,1724900,0.0,0.0
2025-10-30 00:00:00+09:00,1006.8791968577193,1007.8653664922518,958.556884765625,958.556884765625,1563600,0.0,0.0
2025-10-31 00:00:00+09:00,946.7228542436642,956.5845506420358,924.0409525274098,933.9026489257812,1024600,0.0,0.0
2025-11-04 00:00:00+09:00,922.0686334990565,925.0271424835455,844.1612302408474,845.1473999023438,1876200,0.0,0.0
2025-11-05 00:00:00+09:00,832.3271612106124,839.2303485666246,809.6452598980009,829.36865234375,1203300,0.0,0.0
2025-11-06 00:00:00+09:00,829.3686196169239,831.3409587836704,794.8526841988593,803.7282104492188,1201700,0.0,0.0
2025-11-07 00:00:00+09:00,793.8665535268415,800.769740948814,774.1431608926342,789.921875,1160900,0.0,0.0
2025-11-10 00:00:00+09:00,792.8803626643422,796.8250410855579,767.2399529264407,771.1846313476562,1018000,0.0,0.0
2025-11-11 00:00:00+09:00,782.0324781753078,840.2164834872159,776.1154606859611,813.5899047851562,1898000,0.0,0.0
2025-11-12 00:00:00+09:00,823.4516488407435,914.1792556591248,819.5069702834226,877.6909790039062,2459300,0.0,0.0
2025-11-13 00:00:00+09:00,869.8016130899646,873.7462916073794,848.1058812441831,860.9260864257812,1304000,0.0,0.0
2025-11-14 00:00:00+09:00,902.3452064706961,907.2760545934868,818.5207883832544,819.5069580078125,2192500,0.0,0.0
2025-11-17 00:00:00+09:00,821.4793492504674,851.0644398597279,788.9357495802808,807.6729736328125,873800,0.0,0.0
2025-11-18 00:00:00+09:00,797.8112351123916,804.7144225608301,772.1708245896201,775.1293334960938,757000,0.0,0.0
2025-11-19 00:00:00+09:00,782.032550647212,785.9772293390013,749.488951439951,754.4197998046875,696500,0.0,0.0
2025-11-20 00:00:00+09:00,758.3644809343957,768.2261776955712,739.6272570881623,744.55810546875,864000,0.0,0.0
2025-11-21 00:00:00+09:00,738.6410850375306,760.3368178423714,738.6410850375306,754.4197998046875,701700,0.0,0.0
2025-11-25 00:00:00+09:00,778.0878132588155,779.0739828573691,727.7931637325802,729.7655029296875,791400,0.0,0.0
2025-11-26 00:00:00+09:00,730.7517440366936,743.5719500724251,721.8762167811873,736.6687622070312,635900,0.0,0.0
2025-11-27 00:00:00+09:00,735.682554053251,766.2538130018446,726.8070272617239,745.5442504882812,761000,0.0,0.0
2025-11-28 00:00:00+09:00,759.3506665499705,759.3506665499705,729.7655756454262,731.7379150390625,721900,0.0,0.0
2025-12-01 00:00:00+09:00,733.7102091246546,735.6825483964951,713.98681640625,713.98681640625,773200,0.0,0.0
2025-12-02 00:00:00+09:00,712.0144551881602,728.7793384820643,699.1942503163513,700.180419921875,735300,0.0,0.0
2025-12-03 00:00:00+09:00,692.2910561350595,699.1942433044974,668.6229858398438,668.6229858398438,1156000,0.0,0.0
2025-12-04 00:00:00+09:00,675.5261968797253,678.4847057711693,665.6645005749118,672.5676879882812,927900,0.0,0.0
2025-12-05 00:00:00+09:00,671.5814946267458,677.4985122005496,661.7197986704059,668.6229858398438,614200,0.0,0.0
2025-12-08 00:00:00+09:00,661.7198733201668,663.6922127339377,652.8443459581973,660.7337036132812,721500,0.0,0.0
2025-12-09 00:00:00+09:00,669.6092296006944,724.8347330729167,664.6783810763889,665.66455078125,2178900,0.0,0.0
2025-12-10 00:00:00+09:00,661.7197868753467,670.5953130778477,653.8304302509015,666.650634765625,729900,0.0,0.0
2025-12-11 00:00:00+09:00,666.6507018949213,667.6368715722806,640.0241206062188,641.9964599609375,979300,0.0,0.0
2025-12-12 00:00:00+09:00,642.9826201676203,651.8581471331242,629.1762448879475,630.1624145507812,849300,0.0,0.0
2025-12-15 00:00:00+09:00,637.0656319754464,662.7060444078948,630.1624440128642,655.8028564453125,1194600,0.0,0.0
2025-12-16 00:00:00+09:00,648.8996148003472,658.7613110739087,621.286865234375,621.286865234375,1103700,0.0,0.0
2025-12-17 00:00:00+09:00,620.3007306752714,630.1624275063568,607.4805247948605,627.2039184570312,1123600,0.0,0.0
2025-12-18 00:00:00+09:00,625.2315618257421,657.7751604696688,622.2730528581125,649.8858032226562,930600,0.0,0.0
2025-12-19 00:00:00+09:00,661.7198194420856,748.5027465820312,653.8304624293633,748.5027465820312,4618600,0.0,0.0
2025-12-22 00:00:00+09:00,844.1612197212551,845.1473893704622,713.0006563767143,725.8208618164062,5301400,0.0,0.0
2025-12-23 00:00:00+09:00,723.8484722091491,837.257973985787,721.8761330478163,818.520751953125,7676900,0.0,0.0
2025-12-24 00:00:00+09:00,871.7739444654815,966.4462280273438,818.5207849619339,966.4462280273438,10420500,0.0,0.0
2025-12-25 00:00:00+09:00,1015.754747303254,1089.7174716214522,927.9856477789922,967.4324340820312,18485400,0.0,0.0
2025-12-26 00:00:00+09:00,1011.8100104345034,1111.4131401166524,983.2110920109161,1079.855712890625,14422600,0.0,0.0
2025-12-29 00:00:00+09:00,1056.699603335855,1070.5774592896094,1011.1009337735198,1033.9002685546875,5663600,5.64,0.0
2025-12-30 00:00:00+09:00,1021.0136206758187,1021.0136206758187,915.9384325285986,928.8250122070312,5566500,0.0,0.0
2026-01-05 00:00:00+09:00,981.3626027056403,990.2840809120552,924.8599073983459,929.8162841796875,2476000,0.0,0.0
2026-01-06 00:00:00+09:00,919.9035719816904,936.7552537960103,883.2263821505239,900.0780639648438,2325300,0.0,0.0
2026-01-07 00:00:00+09:00,896.1129595652708,908.0082643382611,867.3659730305442,883.2263793945312,1541000,0.0,0.0
2026-01-08 00:00:00+09:00,877.2786865234375,905.0343963795463,852.4968027233404,877.2786865234375,1559000,0.0,0.0
2026-01-09 00:00:00+09:00,888.1827518857759,938.7377969149886,865.3834178529937,919.903564453125,2699000,0.0,0.0
2026-01-13 00:00:00+09:00,940.7203057213167,945.6766824637893,894.1303643420734,896.1129150390625,1379200,0.0,0.0
2026-01-14 00:00:00+09:00,896.1129602036798,900.0780617975014,860.4270458592855,865.3834228515625,1321700,0.0,0.0
2026-01-15 00:00:00+09:00,864.3921401482013,889.1740249001566,854.4793862474191,885.2089233398438,875100,0.0,0.0
2026-01-16 00:00:00+09:00,870.3397899707714,872.3223407451924,849.5230068393521,850.5142822265625,810100,0.0,0.0
2026-01-19 00:00:00+09:00,846.549184080322,860.4270395570485,829.6975024300111,849.5230102539062,628600,0.0,0.0
2026-01-20 00:00:00+09:00,857.4532217286231,943.6941816019066,846.5491923193574,900.0780639648438,3031000,0.0,0.0
2026-01-21 00:00:00+09:00,870.3397447199224,882.235048747985,835.6451079714061,845.557861328125,1607900,0.0,0.0
2026-01-22 00:00:00+09:00,835.6451663737774,852.4968482579462,804.9156288202934,810.86328125,1108500,0.0,0.0
2026-01-23 00:00:00+09:00,808.8806864045204,826.7236427222671,799.9592082456469,805.9068603515625,765300,0.0,0.0
2026-01-26 00:00:00+09:00,802.933071229516,823.7498545576886,796.9854188500381,812.8458251953125,423200,0.0,0.0
2026-01-27 00:00:00+09:00,817.8021783439722,820.7760044470411,799.9592217255582,801.9417724609375,447300,0.0,0.0
2026-01-28 00:00:00+09:00,793.020308032878,796.9854095730424,778.1511772572616,780.1337280273438,594600,0.0,0.0
2026-01-29 00:00:00+09:00,765.2645566047878,767.2471072695671,748.4128759541643,756.3430786132812,799400,0.0,0.0
2026-01-30 00:00:00+09:00,745.4390557650862,749.4041571255387,718.6746215820312,718.6746215820312,1185900,0.0,0.0
2026-02-02 00:00:00+09:00,733.5437622070312,765.2645735457137,728.5873854353621,733.5437622070312,835900,0.0,0.0
2026-02-03 00:00:00+09:00,735.5262994253507,752.3779801399477,733.5437487530452,737.5088500976562,432300,0.0,0.0
2026-02-04 00:00:00+09:00,727.596120184765,746.4303521786486,725.6135694485667,730.5699462890625,364000,0.0,0.0
2026-02-05 00:00:00+09:00,728.5873986278791,775.177341125172,728.5873986278791,765.2645874023438,670300,0.0,0.0
2026-02-06 00:00:00+09:00,765.2645702739007,771.2122223744751,738.5001358213161,752.3779907226562,412400,0.0,0.0
2026-02-09 00:00:00+09:00,763.2820640683798,765.2646148841419,751.3867591738077,757.3344116210938,574600,0.0,0.0
2026-02-10 00:00:00+09:00,758.3256303503158,806.8981217060877,758.3256303503158,792.0289916992188,839200,0.0,0.0
2026-02-12 00:00:00+09:00,812.8458198641342,893.1391264604695,801.9417905732739,885.2089233398438,3010200,0.0,0.0
2026-02-13 00:00:00+09:00,797.9766879864593,835.6451527609754,780.1337309880042,796.9854125976562,1978400,0.0,0.0
2026-02-16 00:00:00+09:00,788.0639070333893,790.0464577429074,759.316921745379,769.2296752929688,877500,0.0,0.0
2026-02-17 00:00:00+09:00,775.1773584557326,793.0203155557367,759.3169521446179,760.3082275390625,511300,0.0,0.0
2026-02-18 00:00:00+09:00,760.3082071676909,775.1773376859637,749.4041781209573,766.255859375,583500,0.0,0.0
2026-02-19 00:00:00+09:00,768.2384171808858,776.1686201969466,746.4303588867188,746.4303588867188,403300,0.0,0.0
2026-02-20 00:00:00+09:00,743.4565085732476,743.4565085732476,717.683349609375,717.683349609375,526700,0.0,0.0
2026-02-24 00:00:00+09:00,713.7182942708333,713.7182942708333,668.1196254701968,669.1109008789062,953700,0.0,0.0
2026-02-25 00:00:00+09:00,679.0236206922897,715.7008089632601,678.0323453336148,696.8665771484375,920700,0.0,0.0
2026-02-26 00:00:00+09:00,689.9276652546672,763.2820434570312,689.9276652546672,763.2820434570312,1217900,0.0,0.0
2026-02-27 00:00:00+09:00,753.369289645901,773.1947972681616,744.4478112158837,763.2820434570312,682300,0.0,0.0
2026-03-02 00:00:00+09:00,759.3169318799152,761.299482615894,741.4739752561052,748.4129028320312,277900,0.0,0.0
2026-03-03 00:00:00+09:00,739.4914453926556,748.412923956374,719.6659374732815,724.622314453125,520500,0.0,0.0
2026-03-04 00:00:00+09:00,709.7531430947224,724.6222731874889,699.8403896995447,700.8316650390625,557800,0.0,0.0
2026-03-05 00:00:00+09:00,723.6310120041865,739.491417746744,722.6397366452766,732.552490234375,418200,0.0,0.0
2026-03-06 00:00:00+09:00,731.5612411001671,762.2907783279519,726.6048641279438,760.3082275390625,424300,0.0,0.0
2026-03-09 00:00:00+09:00,715.7007995605468,755.351813386616,704.7967707583779,753.3692626953125,709500,0.0,0.0
2026-03-10 00:00:00+09:00,741.4739650417018,753.3692692937077,731.5612114983636,733.5437622070312,323600,0.0,0.0
2026-03-11 00:00:00+09:00,743.4565498229654,770.2209856165921,738.5001728241456,741.4739990234375,446700,0.0,0.0
2026-03-12 00:00:00+09:00,741.4739718967013,741.4739718967013,727.5961168077257,731.5612182617188,196200,0.0,0.0
2026-03-13 00:00:00+09:00,718.6746654771779,732.5525210863923,714.7095638745451,723.6310424804688,171900,0.0,0.0
2026-03-16 00:00:00+09:00,724.622314453125,735.5263438087808,716.6921112853754,724.622314453125,157400,0.0,0.0
2026-03-17 00:00:00+09:00,728.5873956375228,740.4827000560946,709.7531636414508,712.7269897460938,298400,0.0,0.0
2026-03-18 00:00:00+09:00,710.7444422348686,736.5176019253938,710.7444422348686,729.5786743164062,251000,0.0,0.0
2026-03-19 00:00:00+09:00,711.7357314507834,720.657209978718,707.7706298828125,707.7706298828125,197900,0.0,0.0
2026-03-23 00:00:00+09:00,692.9014755317654,692.9014755317654,660.1893887040854,661.1806640625,542400,0.0,0.0
2026-03-24 00:00:00+09:00,681.0061988098055,691.9102281939508,659.1981400415148,671.0934448242188,351600,0.0,0.0
2026-03-25 00:00:00+09:00,686.9538064707881,692.9014584748642,680.0148791326993,683.97998046875,340300,0.0,0.0
2026-03-26 00:00:00+09:00,683.9799903219591,683.9799903219591,658.206831266349,663.1632080078125,409700,0.0,0.0
2026-03-27 00:00:00+09:00,659.198097118433,696.8665598109149,659.198097118433,683.97998046875,450700,0.0,0.0
2026-03-30 00:00:00+09:00,666.0,681.0,663.0,674.0,250200,6.02,0.0
2026-03-31 00:00:00+09:00,676.0,703.0,674.0,690.0,338800,0.0,0.0
2026-04-01 00:00:00+09:00,699.0,715.0,692.0,709.0,327400,0.0,0.0
2026-04-02 00:00:00+09:00,711.0,718.0,679.0,684.0,337100,0.0,0.0
2026-04-03 00:00:00+09:00,694.0,734.0,694.0,733.0,487600,0.0,0.0
2026-04-06 00:00:00+09:00,745.0,798.0,742.0,798.0,1585200,0.0,0.0
2026-04-07 00:00:00+09:00,807.0,812.0,758.0,791.0,1038300,0.0,0.0
2026-04-08 00:00:00+09:00,797.0,805.0,771.0,778.0,491400,0.0,0.0
2026-04-09 00:00:00+09:00,772.0,772.0,752.0,755.0,303600,0.0,0.0
2026-04-10 00:00:00+09:00,752.0,755.0,715.0,728.0,424900,0.0,0.0
2026-04-13 00:00:00+09:00,705.0,744.0,696.0,718.0,675800,0.0,0.0
2026-04-14 00:00:00+09:00,731.0,739.0,721.0,729.0,483700,0.0,0.0
2026-04-15 00:00:00+09:00,740.0,740.0,723.0,729.0,373500,0.0,0.0
2026-04-16 00:00:00+09:00,737.0,745.0,726.0,726.0,424300,0.0,0.0
2026-04-17 00:00:00+09:00,741.0,760.0,740.0,755.0,511000,0.0,0.0
2026-04-20 00:00:00+09:00,745.0,764.0,735.0,764.0,459000,0.0,0.0
2026-04-21 00:00:00+09:00,765.0,785.0,723.0,735.0,1137000,0.0,0.0
2026-04-22 00:00:00+09:00,735.0,736.0,712.0,712.0,724500,0.0,0.0
2026-04-23 00:00:00+09:00,712.0,716.0,693.0,702.0,884400,0.0,0.0
2026-04-24 00:00:00+09:00,685.0,690.0,677.0,680.0,1333800,0.0,0.0
2026-04-27 00:00:00+09:00,675.0,678.0,665.0,665.0,1262600,0.0,0.0
2026-04-28 00:00:00+09:00,581.0,620.0,579.0,602.0,8344000,0.0,0.0
2026-04-30 00:00:00+09:00,602.0,602.0,570.0,570.0,3539200,0.0,0.0
2026-05-01 00:00:00+09:00,561.0,594.0,539.0,580.0,4703500,0.0,0.0
2026-05-07 00:00:00+09:00,584.0,603.0,578.0,600.0,2640500,0.0,0.0
2026-05-08 00:00:00+09:00,609.0,686.0,605.0,671.0,5499200,0.0,0.0
2026-05-11 00:00:00+09:00,670.0,679.0,643.0,655.0,2228200,0.0,0.0
2026-05-12 00:00:00+09:00,660.0,687.0,625.0,637.0,2546900,0.0,0.0
2026-05-13 00:00:00+09:00,627.0,654.0,627.0,641.0,1428200,0.0,0.0
2026-05-14 00:00:00+09:00,644.0,653.0,631.0,653.0,1282400,0.0,0.0
2026-05-15 00:00:00+09:00,650.0,655.0,629.0,629.0,1890200,0.0,0.0
2026-05-18 00:00:00+09:00,649.0,651.0,606.0,609.0,2404700,0.0,0.0
2026-05-19 00:00:00+09:00,619.0,620.0,594.0,608.0,2318400,0.0,0.0
2026-05-20 00:00:00+09:00,615.0,618.0,577.0,580.0,1598700,0.0,0.0
2026-05-21 00:00:00+09:00,581.0,600.0,581.0,582.0,1277800,0.0,0.0
2026-05-22 00:00:00+09:00,589.0,608.0,582.0,603.0,1649400,0.0,0.0
2026-05-25 00:00:00+09:00,597.0,597.0,561.0,564.0,2301900,0.0,0.0
2026-05-26 00:00:00+09:00,560.0,566.0,541.0,542.0,2146400,0.0,0.0
2026-05-27 00:00:00+09:00,539.0,540.0,523.0,529.0,1929300,0.0,0.0
2026-05-28 00:00:00+09:00,523.0,529.0,515.0,517.0,1215400,0.0,0.0
2026-05-29 00:00:00+09:00,522.0,533.0,521.0,522.0,1334100,0.0,0.0
2026-06-01 00:00:00+09:00,530.0,535.0,506.0,508.0,1715600,0.0,0.0
2026-06-02 00:00:00+09:00,510.0,515.0,497.0,500.0,1778500,0.0,0.0
2026-06-03 00:00:00+09:00,500.0,500.0,482.0,489.0,2292400,0.0,0.0
2026-06-04 00:00:00+09:00,488.0,491.0,477.0,480.0,2044500,0.0,0.0
2026-06-05 00:00:00+09:00,496.0,505.0,481.0,481.0,1488700,0.0,0.0
2026-06-08 00:00:00+09:00,481.0,486.0,474.0,478.0,1703500,0.0,0.0
2026-06-09 00:00:00+09:00,481.0,490.0,475.0,475.0,1375900,0.0,0.0
2026-06-10 00:00:00+09:00,476.0,480.0,449.0,456.0,2661200,0.0,0.0
2026-06-11 00:00:00+09:00,453.0,459.0,440.0,447.0,1529600,0.0,0.0
2026-06-12 00:00:00+09:00,450.0,462.0,442.0,458.0,1572300,0.0,0.0
2026-06-15 00:00:00+09:00,460.0,463.0,444.0,444.0,1627800,0.0,0.0
2026-06-16 00:00:00+09:00,445.0,458.0,441.0,456.0,1405400,0.0,0.0
2026-06-17 00:00:00+09:00,458.0,482.0,458.0,472.0,1604800,0.0,0.0
2026-06-18 00:00:00+09:00,468.0,485.0,463.0,473.0,1101000,0.0,0.0
2026-06-19 00:00:00+09:00,474.0,474.0,453.0,464.0,1772900,0.0,0.0
2026-06-22 00:00:00+09:00,472.0,501.0,464.0,495.0,1874200,0.0,0.0
2026-06-23 00:00:00+09:00,495.0,497.0,460.0,460.0,1785300,0.0,0.0
2026-06-24 00:00:00+09:00,466.0,475.0,455.0,455.0,1018300,0.0,0.0
2026-06-25 00:00:00+09:00,452.0,460.0,442.0,447.0,1322000,0.0,0.0
2026-06-26 00:00:00+09:00,444.0,456.0,442.0,454.0,1418500,0.0,0.0
2026-06-29 00:00:00+09:00,455.0,462.0,449.0,456.0,721900,0.0,0.0
2026-06-30 00:00:00+09:00,464.0,467.0,450.0,456.0,785200,0.0,0.0
2026-07-01 00:00:00+09:00,456.0,460.0,445.0,457.0,847900,0.0,0.0
2026-07-02 00:00:00+09:00,460.0,476.0,460.0,466.0,1356800,0.0,0.0
2026-07-03 00:00:00+09:00,478.0,483.0,463.0,471.0,921500,0.0,0.0
2026-07-06 00:00:00+09:00,478.0,493.0,474.0,485.0,1118400,0.0,0.0
2026-07-07 00:00:00+09:00,485.0,488.0,467.0,467.0,1322500,0.0,0.0
2026-07-08 00:00:00+09:00,473.0,505.0,473.0,500.0,3674600,0.0,0.0
2026-07-09 00:00:00+09:00,501.0,503.0,480.0,491.0,1473100,0.0,0.0
2026-07-10 00:00:00+09:00,491.0,523.0,491.0,514.0,2018000,0.0,0.0
2026-07-13 00:00:00+09:00,514.0,529.0,504.0,526.0,1783000,0.0,0.0
2026-07-14 00:00:00+09:00,524.0,543.0,522.0,536.0,2383800,0.0,0.0
2026-07-15 00:00:00+09:00,538.0,571.0,531.0,568.0,2900600,0.0,0.0
2026-07-16 00:00:00+09:00,569.0,579.0,547.0,552.0,2609800,0.0,0.0
2026-07-17 00:00:00+09:00,545.0,558.0,527.0,538.0,2130800,0.0,0.0
