Date,Open,High,Low,Close,Volume,Dividends,Stock Splits
2006-04-21 00:00:00+09:00,862.4869036549117,863.8526786409052,840.6345038790153,857.0238037109375,11400,0.0,0.0
2006-04-24 00:00:00+09:00,846.7805950552058,860.4383465883543,846.7805950552058,854.2923583984375,6300,0.0,0.0
2006-04-25 00:00:00+09:00,852.9263409399704,864.5354264451581,852.9263409399704,863.8525390625,8200,0.0,0.0
2006-04-26 00:00:00+09:00,863.8527844716415,863.8527844716415,854.2923583984375,854.2923583984375,5100,0.0,0.0
2006-04-27 00:00:00+09:00,853.6095063849145,853.6095063849145,843.3661923082956,850.195068359375,3900,0.0,0.0
2006-04-28 00:00:00+09:00,850.8778251968927,850.8778251968927,842.0002876948384,844.0489501953125,1600,0.0,0.0
2006-05-01 00:00:00+09:00,844.0491259885009,844.0491259885009,826.976934928863,837.9031372070312,3800,0.0,0.0
2006-05-02 00:00:00+09:00,827.6597637733151,833.1228645242941,819.4651126468466,828.3426513671875,4000,0.0,0.0
2006-05-03 00:00:00+09:00,828.3426513671875,828.3426513671875,828.3426513671875,828.3426513671875,0,0.0,0.0
2006-05-04 00:00:00+09:00,828.3426513671875,828.3426513671875,828.3426513671875,828.3426513671875,0,0.0,0.0
2006-05-05 00:00:00+09:00,828.3426513671875,828.3426513671875,828.3426513671875,828.3426513671875,0,0.0,0.0
2006-05-08 00:00:00+09:00,828.3426513671875,828.3426513671875,819.4651126468466,828.3426513671875,17900,0.0,0.0
2006-05-09 00:00:00+09:00,826.2939184072067,836.5372314453125,822.8794807278381,836.5372314453125,12900,0.0,0.0
2006-05-10 00:00:00+09:00,848.1460582528523,854.9749315077062,843.3658469744546,852.92626953125,21700,0.0,0.0
2006-05-11 00:00:00+09:00,853.6093750982061,853.6093750982061,838.5858500964777,848.8291625976562,21900,0.0,0.0
2006-05-12 00:00:00+09:00,846.097666055648,846.780553598873,820.8308269563269,833.122802734375,12100,0.0,0.0
2006-05-15 00:00:00+09:00,819.4649047851562,825.6108915710449,812.6360305786133,819.4649047851562,3800,0.0,0.0
2006-05-16 00:00:00+09:00,819.4650186074746,819.4650186074746,808.538818359375,808.538818359375,10400,0.0,0.0
2006-05-17 00:00:00+09:00,805.8074673739346,807.173242742365,775.0775215842507,781.2235107421875,9200,0.0,0.0
2006-05-18 00:00:00+09:00,730.6896439985795,758.0051447088068,730.6896439985795,751.17626953125,6200,0.0,0.0
2006-05-19 00:00:00+09:00,740.9329567649147,758.6880322265624,738.2014066938921,751.17626953125,5600,0.0,0.0
2006-05-22 00:00:00+09:00,737.5183715820312,778.4916144476996,737.5183715820312,737.5183715820312,5200,0.0,0.0
2006-05-23 00:00:00+09:00,749.127608121057,750.4933831586525,724.5436574443405,727.2752075195312,5400,0.0,0.0
2006-05-24 00:00:00+09:00,717.7147811612216,754.5907071200284,713.6174560546875,751.17626953125,7600,0.0,0.0
2006-05-25 00:00:00+09:00,749.1275903459292,749.1275903459292,704.7399026773007,719.763427734375,5300,0.0,0.0
2006-05-26 00:00:00+09:00,723.8606719074884,723.8606719074884,689.7163005910974,697.9109497070312,11300,0.0,0.0
2006-05-29 00:00:00+09:00,680.1559621582031,702.6912500610351,678.7901871337891,682.8875122070312,28600,0.0,0.0
2006-05-30 00:00:00+09:00,681.5216933722899,681.5216933722899,665.1323941328761,671.2783813476562,7600,0.0,0.0
2006-05-31 00:00:00+09:00,643.9630185081845,662.4009840434136,643.9630185081845,659.66943359375,12800,0.0,0.0
2006-06-01 00:00:00+09:00,666.4982034381263,682.2046160191477,666.4982034381263,681.521728515625,8700,0.0,0.0
2006-06-02 00:00:00+09:00,677.4243861607142,681.5217110770088,648.7431117466517,669.229736328125,11000,0.0,0.0
2006-06-05 00:00:00+09:00,659.669473174124,681.5218780825837,655.5721472537879,676.0587768554688,4900,0.0,0.0
2006-06-06 00:00:00+09:00,662.4009491124918,662.4009491124918,652.1576354664224,658.9865112304688,3500,0.0,0.0
2006-06-07 00:00:00+09:00,658.9863977432251,658.9863977432251,648.743085861206,655.5719604492188,7600,0.0,0.0
2006-06-08 00:00:00+09:00,648.743192691368,648.743192691368,628.939453125,628.939453125,8400,0.0,0.0
2006-06-09 00:00:00+09:00,622.110594251478,648.0603226615287,622.110594251478,631.6710205078125,11900,0.0,0.0
2006-06-12 00:00:00+09:00,672.6441828950923,676.0586203717171,636.4511456428689,641.9142456054688,11400,0.0,0.0
2006-06-13 00:00:00+09:00,643.2799942702758,643.9628817376539,633.7195697269808,637.81689453125,2000,0.0,0.0
2006-06-14 00:00:00+09:00,630.9879677303385,634.4024047851562,624.8419810316664,634.4024047851562,5800,0.0,0.0
2006-06-15 00:00:00+09:00,637.8168865203858,662.4008350372314,637.8168865203858,655.5719604492188,3900,0.0,0.0
2006-06-16 00:00:00+09:00,669.229736328125,669.229736328125,655.5719866071428,669.229736328125,8500,0.0,0.0
2006-06-19 00:00:00+09:00,667.8639876754196,667.8639876754196,662.4008875717352,663.7666625976562,5600,0.0,0.0
2006-06-20 00:00:00+09:00,660.3523212061658,663.0838716558294,656.2549955316705,659.66943359375,5100,0.0,0.0
2006-06-21 00:00:00+09:00,659.6693553012523,659.6693553012523,649.4260423307359,656.9378051757812,8700,0.0,0.0
2006-06-22 00:00:00+09:00,661.7180615360872,662.4009491124918,648.7431975843992,658.9865112304688,7100,0.0,0.0
2006-06-23 00:00:00+09:00,652.1575579053451,652.1575579053451,648.743120429401,651.4746704101562,6600,0.0,0.0
2006-06-26 00:00:00+09:00,649.4260167080685,655.5720042478924,645.3286916815191,648.0602416992188,4200,0.0,0.0
2006-06-27 00:00:00+09:00,661.717982837989,661.717982837989,649.4260079245897,651.4746704101562,2700,0.0,0.0
2006-06-28 00:00:00+09:00,652.8405343117678,652.8405343117678,637.8170073715388,641.2314453125,8600,0.0,0.0
2006-06-29 00:00:00+09:00,641.9141324766123,646.6943441014381,641.9141324766123,643.2799072265625,8600,0.0,0.0
2006-06-30 00:00:00+09:00,647.37744140625,648.7432165990901,643.2801158277293,647.37744140625,10500,0.0,0.0
2006-07-03 00:00:00+09:00,654.2062553685373,654.8891429002372,650.1089301783377,652.1575927734375,10700,0.0,0.0
2006-07-04 00:00:00+09:00,658.9865855207347,676.0587768554688,658.9865855207347,676.0587768554688,10200,0.0,0.0
2006-07-05 00:00:00+09:00,669.2298677884614,675.3758563701923,662.4009915865385,665.8154296875,5100,0.0,0.0
2006-07-06 00:00:00+09:00,668.5468665704301,668.5468665704301,657.6206665039062,657.6206665039062,5400,0.0,0.0
2006-07-07 00:00:00+09:00,658.9864417700169,658.9864417700169,647.3773541947938,648.0602416992188,16100,0.0,0.0
2006-07-10 00:00:00+09:00,648.060313235047,648.7432008148521,635.08544921875,635.08544921875,17700,0.0,0.0
2006-07-11 00:00:00+09:00,634.4026669858599,635.0855546790632,629.6224531334369,632.35400390625,8700,0.0,0.0
2006-07-12 00:00:00+09:00,641.9143250168011,641.9143250168011,635.08544921875,635.08544921875,11000,0.0,0.0
2006-07-13 00:00:00+09:00,635.0853019593253,645.32861328125,631.6708648520172,645.32861328125,2500,0.0,0.0
2006-07-14 00:00:00+09:00,631.670863027791,631.670863027791,625.5248762523855,626.207763671875,18900,0.0,0.0
2006-07-17 00:00:00+09:00,626.207763671875,626.207763671875,626.207763671875,626.207763671875,0,0.0,0.0
2006-07-18 00:00:00+09:00,622.7935724225116,622.7935724225116,586.6005249023438,586.6005249023438,10700,0.0,0.0
2006-07-19 00:00:00+09:00,574.308570747155,590.6978759765625,574.308570747155,590.6978759765625,5500,0.0,0.0
2006-07-20 00:00:00+09:00,590.6978979892417,626.8909483862705,590.6978979892417,624.84228515625,15500,0.0,0.0
2006-07-21 00:00:00+09:00,590.6976417243148,618.0131396075201,590.6976417243148,611.1842651367188,9800,0.0,0.0
2006-07-24 00:00:00+09:00,604.3553561012217,614.5986672215813,602.3066938771498,610.5013427734375,5000,0.0,0.0
2006-07-25 00:00:00+09:00,605.0383473599895,613.9158851880707,604.3554598347525,607.7698974609375,3300,0.0,0.0
2006-07-26 00:00:00+09:00,605.7212363081368,605.7212363081368,583.1859479223775,583.8688354492188,6700,0.0,0.0
2006-07-27 00:00:00+09:00,590.6977447860542,600.941058279454,580.4544312926544,594.1121826171875,9100,0.0,0.0
2006-07-28 00:00:00+09:00,600.941058279454,600.941058279454,585.2346442562409,594.1121826171875,10500,0.0,0.0
2006-07-31 00:00:00+09:00,600.2582134593616,600.9411010742188,594.1122249256481,600.9411010742188,6200,0.0,0.0
2006-08-01 00:00:00+09:00,590.6975981206177,599.5751342773438,587.9660485339327,599.5751342773438,2400,0.0,0.0
2006-08-02 00:00:00+09:00,594.1120778648086,600.2580648772032,581.1372163941978,592.0634155273438,12100,0.0,0.0
2006-08-03 00:00:00+09:00,592.7464258948038,594.1122010696766,585.2346624330032,587.2833251953125,17200,0.0,0.0
2006-08-04 00:00:00+09:00,585.2346362956863,588.6490740803753,583.8688611818108,587.9661865234375,10600,0.0,0.0
2006-08-07 00:00:00+09:00,587.2833438648897,587.2833438648897,579.0886925551471,580.4544677734375,14100,0.0,0.0
2006-08-08 00:00:00+09:00,574.3081864191332,583.8686080717705,573.6252991582306,581.8199462890625,6600,0.0,0.0
2006-08-09 00:00:00+09:00,577.0401068872814,585.9176469932395,574.3085560854481,583.1860961914062,2300,0.0,0.0
2006-08-10 00:00:00+09:00,585.9175500204396,590.0148755450581,577.0400113837663,587.2833251953125,9700,0.0,0.0
2006-08-11 00:00:00+09:00,590.697615573736,604.355363910701,587.966065906343,602.3067016601562,10800,0.0,0.0
2006-08-14 00:00:00+09:00,614.5986255846526,638.499683246278,613.9157382228918,622.7932739257812,47900,0.0,0.0
2006-08-15 00:00:00+09:00,624.8421904743703,624.8421904743703,614.5988758764298,619.3790893554688,19900,0.0,0.0
2006-08-16 00:00:00+09:00,624.1591186523438,624.8420060906942,620.7446814605913,624.1591186523438,16300,0.0,0.0
2006-08-17 00:00:00+09:00,628.2565307617188,634.4025185626485,621.4276554273522,628.2565307617188,14900,0.0,0.0
2006-08-18 00:00:00+09:00,621.4276651431136,621.4276651431136,611.1843519814139,615.2816772460938,15200,0.0,0.0
2006-08-21 00:00:00+09:00,615.2816249302455,624.842049734933,611.1843000139509,611.8671875,27800,0.0,0.0
2006-08-22 00:00:00+09:00,614.5987548828125,615.9645298936632,611.8672048611112,614.5987548828125,14700,0.0,0.0
2006-08-23 00:00:00+09:00,614.5987897019805,618.6961149666604,614.5987897019805,615.2816772460938,7300,0.0,0.0
2006-08-24 00:00:00+09:00,615.2816772460938,617.3303398784337,614.5987897019805,615.2816772460938,19400,0.0,0.0
2006-08-25 00:00:00+09:00,618.6960011225602,618.6960011225602,615.2815640302723,616.6473388671875,8600,0.0,0.0
2006-08-28 00:00:00+09:00,619.37896742079,620.7447424316407,611.1843173556858,614.5987548828125,23700,0.0,0.0
2006-08-29 00:00:00+09:00,618.0131396075201,618.0131396075201,611.1842651367188,611.1842651367188,3300,0.0,0.0
2006-08-30 00:00:00+09:00,611.8671525837989,613.9158149250393,611.1842651367188,611.1842651367188,4100,0.0,0.0
2006-08-31 00:00:00+09:00,611.1843173556858,614.5987548828125,608.4527673339844,614.5987548828125,10700,0.0,0.0
2006-09-01 00:00:00+09:00,613.9158149250393,613.9158149250393,608.4527153483982,611.1842651367188,5900,0.0,0.0
2006-09-04 00:00:00+09:00,613.2328924055334,613.2328924055334,608.4526805493656,610.5013427734375,8400,0.0,0.0
2006-09-05 00:00:00+09:00,608.4527673339844,614.5987548828125,608.4527673339844,614.5987548828125,6300,0.0,0.0
2006-09-06 00:00:00+09:00,611.8672048611112,615.2816423882379,611.8672048611112,614.5987548828125,6100,0.0,0.0
2006-09-07 00:00:00+09:00,614.5986935059141,615.2815809431429,609.8184814453125,609.8184814453125,7900,0.0,0.0
2006-09-08 00:00:00+09:00,610.5013864574624,612.550048828125,609.1356115436873,612.550048828125,7800,0.0,0.0
2006-09-11 00:00:00+09:00,612.5500049975094,612.5500049975094,609.8184553654135,610.5013427734375,6000,0.0,0.0
2006-09-12 00:00:00+09:00,611.8671520289444,611.8671520289444,600.9409528855704,601.6238403320312,8800,0.0,0.0
2006-09-13 00:00:00+09:00,601.6239376621933,606.4041505607578,587.2832989664997,587.9661865234375,6900,0.0,0.0
2006-09-14 00:00:00+09:00,588.6492128228865,592.7465391302385,583.1861110797507,590.6978759765625,11000,0.0,0.0
2006-09-15 00:00:00+09:00,589.3319879576217,594.1122010696766,584.5517748455668,587.2833251953125,3200,0.0,0.0
2006-09-18 00:00:00+09:00,587.2833251953125,587.2833251953125,587.2833251953125,587.2833251953125,0,0.0,0.0
2006-09-19 00:00:00+09:00,587.9663184335299,587.9663184335299,583.868992172669,584.5518798828125,3500,0.0,0.0
2006-09-20 00:00:00+09:00,581.1374628842233,581.1374628842233,567.4797081748408,572.9428100585938,9400,0.0,0.0
2006-09-21 00:00:00+09:00,570.2111647476215,573.6256028598827,567.4796142578125,567.4796142578125,6600,0.0,0.0
2006-09-22 00:00:00+09:00,567.4795541191335,568.1624416692167,556.5533533178024,557.9191284179688,13800,0.0,0.0
2006-09-25 00:00:00+09:00,562.016464522756,562.016464522756,536.7496246839444,540.1640625,10100,0.0,0.0
2006-09-26 00:00:00+09:00,538.7982526175583,549.0415654049643,529.2378273493127,539.4811401367188,5100,0.0,0.0
2006-09-27 00:00:00+09:00,539.4811305769955,566.796630859375,539.4811305769955,566.796630859375,5000,0.0,0.0
2006-09-28 00:00:00+09:00,573.6255916819853,580.4544677734375,573.6255916819853,580.4544677734375,1700,0.0,0.0
2006-09-29 00:00:00+09:00,573.6256028598827,580.4544790844051,567.4796142578125,567.4796142578125,3500,0.0,0.0
2006-10-02 00:00:00+09:00,577.7229285945962,577.7229285945962,567.4796142578125,567.4796142578125,2100,0.0,0.0
2006-10-03 00:00:00+09:00,566.1139327039026,572.9428100585938,559.9679430846804,572.9428100585938,3000,0.0,0.0
2006-10-04 00:00:00+09:00,566.1137702801476,566.1137702801476,556.5533447265625,556.5533447265625,12400,0.0,0.0
2006-10-05 00:00:00+09:00,559.9677385602678,559.9677385602678,554.504638671875,554.504638671875,1500,0.0,0.0
2006-10-06 00:00:00+09:00,559.9679932840334,559.9679932840334,554.5048909105305,555.8706665039062,5400,0.0,0.0
2006-10-09 00:00:00+09:00,555.8706665039062,555.8706665039062,555.8706665039062,555.8706665039062,0,0.0,0.0
2006-10-10 00:00:00+09:00,553.1389515435517,557.9191647050392,549.0416259765625,549.0416259765625,4000,0.0,0.0
2006-10-11 00:00:00+09:00,546.3101459832603,546.9930336657394,545.6272583007812,545.6272583007812,17000,0.0,0.0
2006-10-12 00:00:00+09:00,538.7983057703465,539.4811933568742,532.6523174915973,533.335205078125,14000,0.0,0.0
2006-10-13 00:00:00+09:00,536.0667025409167,541.5298026941999,529.2378273493127,539.4811401367188,9100,0.0,0.0
2006-10-16 00:00:00+09:00,538.1153998103666,549.7244883849557,538.1153998103666,540.1640625,5300,0.0,0.0
2006-10-17 00:00:00+09:00,544.9443359375,546.3101112155388,544.9443359375,544.9443359375,1200,0.0,0.0
2006-10-18 00:00:00+09:00,549.724496459961,549.724496459961,545.6271710205078,546.31005859375,1600,0.0,0.0
2006-10-19 00:00:00+09:00,553.13876953125,563.382080078125,552.4558821614584,563.382080078125,2900,0.0,0.0
2006-10-20 00:00:00+09:00,556.5533439903121,570.2110947630805,556.5533439903121,566.11376953125,3900,0.0,0.0
2006-10-23 00:00:00+09:00,566.7965169270833,566.7965169270833,559.9676432291667,563.382080078125,6700,0.0,0.0
2006-10-24 00:00:00+09:00,562.699191888562,562.699191888562,558.6018676757812,558.6018676757812,7600,0.0,0.0
2006-10-25 00:00:00+09:00,555.8705019215446,555.8705019215446,549.0416259765625,549.0416259765625,5400,0.0,0.0
2006-10-26 00:00:00+09:00,549.7245483398438,549.7245483398438,546.9929977890868,549.7245483398438,6300,0.0,0.0
2006-10-27 00:00:00+09:00,553.1388288655498,566.7965777264276,549.7243916503304,553.8217163085938,11500,0.0,0.0
2006-10-30 00:00:00+09:00,551.0903416203145,551.0903416203145,547.6759033203125,547.6759033203125,2000,0.0,0.0
2006-10-31 00:00:00+09:00,547.6758864935777,549.0416617716165,542.2127853814222,544.9443359375,3800,0.0,0.0
2006-11-01 00:00:00+09:00,541.5300453789112,546.3102601552697,540.164269728523,544.2615966796875,1400,0.0,0.0
2006-11-02 00:00:00+09:00,538.7983814759905,546.3101459832603,538.7983814759905,545.6272583007812,3400,0.0,0.0
2006-11-03 00:00:00+09:00,545.6272583007812,545.6272583007812,545.6272583007812,545.6272583007812,0,0.0,0.0
2006-11-06 00:00:00+09:00,546.3102601552697,546.3102601552697,543.5787088544934,544.2615966796875,1600,0.0,0.0
2006-11-07 00:00:00+09:00,545.6271538662551,545.6271538662551,543.5784912109375,543.5784912109375,1500,0.0,0.0
2006-11-08 00:00:00+09:00,542.8956298828125,543.5785174675708,541.529854713296,542.8956298828125,2600,0.0,0.0
2006-11-09 00:00:00+09:00,543.5784476473833,543.5784476473833,540.8468976592055,541.52978515625,2600,0.0,0.0
2006-11-10 00:00:00+09:00,566.7966574415964,574.9913079106315,559.9677820507337,561.3335571289062,24500,0.0,0.0
2006-11-13 00:00:00+09:00,568.1624325197689,568.1624325197689,557.2362318943887,561.3335571289062,18600,0.0,0.0
2006-11-14 00:00:00+09:00,561.3335308028991,566.796630859375,561.3335308028991,566.796630859375,2000,0.0,0.0
2006-11-15 00:00:00+09:00,566.7966563449918,580.4544071002929,562.0164435806365,575.6741943359375,54500,0.0,0.0
2006-11-16 00:00:00+09:00,574.991079711914,580.4541778564453,570.8937561035156,573.6253051757812,14100,0.0,0.0
2006-11-17 00:00:00+09:00,570.2108688354492,575.6739669799804,559.9675598144531,573.6253051757812,14400,0.0,0.0
2006-11-20 00:00:00+09:00,570.8939293378666,573.6254792390047,553.1388549804688,553.1388549804688,16000,0.0,0.0
2006-11-21 00:00:00+09:00,549.7244175285064,557.9190672307947,547.6757551029343,548.358642578125,4700,0.0,0.0
2006-11-22 00:00:00+09:00,548.358642578125,549.7244175285064,546.309980152553,548.358642578125,4000,0.0,0.0
2006-11-23 00:00:00+09:00,548.358642578125,548.358642578125,548.358642578125,548.358642578125,0,0.0,0.0
2006-11-24 00:00:00+09:00,549.724470083782,551.7731327052122,546.992919921875,546.992919921875,4300,0.0,0.0
2006-11-27 00:00:00+09:00,547.6758337402343,547.6758337402343,543.5785083007812,546.31005859375,4600,0.0,0.0
2006-11-28 00:00:00+09:00,543.5784476473833,546.3099976355611,540.164010162161,541.52978515625,5300,0.0,0.0
2006-11-29 00:00:00+09:00,545.6271181405309,566.796630859375,542.2126806052335,566.796630859375,13400,0.0,0.0
2006-11-30 00:00:00+09:00,563.3822205043075,566.7966582043337,549.7244697042031,551.7731323242188,11800,0.0,0.0
2006-12-01 00:00:00+09:00,556.553352009994,572.259765625,552.4560267191229,572.259765625,19500,0.0,0.0
2006-12-04 00:00:00+09:00,579.0885285408266,592.7462768554688,573.6254292149698,592.7462768554688,34600,0.0,0.0
2006-12-05 00:00:00+09:00,599.5754163091582,611.8673952312139,587.2834373871026,590.6978759765625,17100,0.0,0.0
2006-12-06 00:00:00+09:00,584.5518798828125,584.5518798828125,580.4545536219516,584.5518798828125,15200,0.0,0.0
2006-12-07 00:00:00+09:00,598.2095456112132,600.9410960477942,580.4544677734375,580.4544677734375,36700,0.0,0.0
2006-12-08 00:00:00+09:00,587.2833069549209,594.1121826171875,580.4544312926544,594.1121826171875,55100,0.0,0.0
2006-12-11 00:00:00+09:00,597.5265859860425,597.5265859860425,583.8688354492188,583.8688354492188,18400,0.0,0.0
2006-12-12 00:00:00+09:00,597.5266390068587,599.5753017691678,587.2833251953125,587.2833251953125,23300,0.0,0.0
2006-12-13 00:00:00+09:00,590.0148572198275,594.1121826171875,584.5517566900144,594.1121826171875,10400,0.0,0.0
2006-12-14 00:00:00+09:00,596.843776287765,596.843776287765,587.2833496653064,596.160888671875,14000,0.0,0.0
2006-12-15 00:00:00+09:00,600.9410388197142,621.4276651431136,600.9410388197142,615.2816772460938,59600,0.0,0.0
2006-12-18 00:00:00+09:00,621.4275112273587,643.9627946015377,621.4275112273587,643.2799072265625,57200,0.0,0.0
2006-12-19 00:00:00+09:00,638.4999389648438,641.9143771411264,636.4512760590742,638.4999389648438,25500,0.0,0.0
2006-12-20 00:00:00+09:00,635.7682070552555,652.8403930664062,629.6222200912412,652.8403930664062,45100,0.0,0.0
2006-12-21 00:00:00+09:00,652.8404104226784,655.5719602570829,648.7430856710716,650.791748046875,25300,0.0,0.0
2006-12-22 00:00:00+09:00,646.6946839663857,650.7920103695518,638.5000311600535,648.7433471679688,27000,0.0,0.0
2006-12-25 00:00:00+09:00,648.7431740274235,648.7431740274235,635.0854229952672,635.768310546875,13500,0.0,0.0
2006-12-26 00:00:00+09:00,628.256372819867,630.98792226691,622.7932739257812,622.7932739257812,18000,0.0,0.0
2006-12-27 00:00:00+09:00,621.4276976226479,635.08544921875,621.4276976226479,635.08544921875,11300,0.0,0.0
2006-12-28 00:00:00+09:00,648.7431382674927,648.7431382674927,639.8656005859375,639.8656005859375,13700,0.0,0.0
2006-12-29 00:00:00+09:00,643.9630932250845,647.37753168333,636.4513286169447,637.1342163085938,16100,0.0,0.0
2007-01-04 00:00:00+09:00,641.9141761739418,648.7430503885581,641.9141761739418,645.32861328125,9700,0.0,0.0
2007-01-05 00:00:00+09:00,647.3772755456349,648.7430503885581,643.2799510168651,645.32861328125,19900,0.0,0.0
2007-01-09 00:00:00+09:00,648.743233560514,654.889222088982,643.2801326463202,650.1090087890625,18700,0.0,0.0
2007-01-10 00:00:00+09:00,656.2549179636371,661.0351306855366,648.7431551149378,652.1575927734375,11300,0.0,0.0
2007-01-11 00:00:00+09:00,652.840505552686,663.0838189243285,652.1576179945764,661.03515625,13200,0.0,0.0
2007-01-12 00:00:00+09:00,665.8152730841385,675.3756975181672,665.132385624565,674.6928100585938,19600,0.0,0.0
2007-01-15 00:00:00+09:00,681.5216850235078,687.6676721629983,676.0585853439605,684.2532348632812,19700,0.0,0.0
2007-01-16 00:00:00+09:00,688.3505859375,689.7163609095982,676.058611188616,678.7901611328125,13600,0.0,0.0
2007-01-17 00:00:00+09:00,679.4729805740656,696.545166015625,676.0585434857537,696.545166015625,15100,0.0,0.0
2007-01-18 00:00:00+09:00,696.5453592936198,696.5453592936198,682.8876071506076,688.3507080078125,13700,0.0,0.0
2007-01-19 00:00:00+09:00,682.8874946820854,689.7163696289062,681.5217196927213,689.7163696289062,14300,0.0,0.0
2007-01-22 00:00:00+09:00,701.325572543674,702.6913477579752,688.3507080078125,688.3507080078125,18100,0.0,0.0
2007-01-23 00:00:00+09:00,688.3506300150452,688.3506300150452,678.7902045981696,680.8388671875,19000,0.0,0.0
2007-01-24 00:00:00+09:00,687.6676721629983,689.7163345428285,681.5216850235078,684.2532348632812,10100,0.0,0.0
2007-01-25 00:00:00+09:00,684.2533747126032,686.9849251106575,682.2047119140625,682.2047119140625,9000,0.0,0.0
2007-01-26 00:00:00+09:00,682.8875122070312,682.8875122070312,679.4730746459961,682.8875122070312,4300,0.0,0.0
2007-01-29 00:00:00+09:00,680.8389031014791,686.3020036278701,648.743187508932,671.9613647460938,21800,0.0,0.0
2007-01-30 00:00:00+09:00,676.0586458905858,679.4730834960938,674.0099833272809,679.4730834960938,9400,0.0,0.0
2007-01-31 00:00:00+09:00,678.7901959749921,679.4730834960938,672.6442082850778,679.4730834960938,5800,0.0,0.0
2007-02-01 00:00:00+09:00,675.3756095435615,677.4242716554227,669.229623207978,670.5953979492188,14100,0.0,0.0
2007-02-02 00:00:00+09:00,672.6440600610799,672.6440600610799,659.6692000192926,670.5953979492188,10100,0.0,0.0
2007-02-05 00:00:00+09:00,671.2783987862723,671.9612862723213,666.4981863839286,669.229736328125,6100,0.0,0.0
2007-02-06 00:00:00+09:00,662.4009388249095,679.4731279698814,662.4009388249095,671.9613647460938,15100,0.0,0.0
2007-02-07 00:00:00+09:00,675.3755324579055,678.7899689212923,673.3268705798733,677.4241943359375,12700,0.0,0.0
2007-02-08 00:00:00+09:00,681.5217460593985,682.2046335805002,674.6928708483825,679.4730834960938,7600,0.0,0.0
2007-02-09 00:00:00+09:00,682.2046160191477,682.2046160191477,673.327078473353,681.521728515625,6100,0.0,0.0
2007-02-13 00:00:00+09:00,689.0334561391055,698.5938807039693,684.2532438566736,695.179443359375,18900,0.0,0.0
2007-02-14 00:00:00+09:00,710.885934724057,710.885934724057,699.959733998231,702.6912841796875,29200,0.0,0.0
2007-02-15 00:00:00+09:00,700.6425431107258,702.6912055174822,686.984793732349,695.179443359375,7100,0.0,0.0
2007-02-16 00:00:00+09:00,682.887598724062,692.4480251061988,682.887598724062,686.9849243164062,7000,0.0,0.0
2007-02-19 00:00:00+09:00,688.3505684294074,689.0334558980874,684.9361310860075,685.6190185546875,5900,0.0,0.0
2007-02-20 00:00:00+09:00,684.9362438493016,689.0335693359375,684.2533562681956,689.0335693359375,11000,0.0,0.0
2007-02-21 00:00:00+09:00,681.5217371826172,682.8875122070312,678.7901871337891,682.8875122070312,17500,0.0,0.0
2007-02-22 00:00:00+09:00,678.1072299622383,682.2045546145781,676.0585676360685,676.741455078125,9700,0.0,0.0
2007-02-23 00:00:00+09:00,676.7414724373141,680.1559097351815,674.6928100585938,674.6928100585938,10900,0.0,0.0
2007-02-26 00:00:00+09:00,676.0587235184403,682.887599513576,674.6929483194131,682.2047119140625,18000,0.0,0.0
2007-02-27 00:00:00+09:00,682.8875211016018,682.8875211016018,678.1073084538906,679.4730834960938,3500,0.0,0.0
2007-02-28 00:00:00+09:00,624.8421324102372,662.4009491124918,624.8421324102372,658.9865112304688,19900,0.0,0.0
2007-03-01 00:00:00+09:00,667.864049723729,669.2298248765383,658.9865112304688,658.9865112304688,11600,0.0,0.0
2007-03-02 00:00:00+09:00,658.9864680904368,658.9864680904368,649.4260426466377,652.1575927734375,3900,0.0,0.0
2007-03-05 00:00:00+09:00,631.670906368622,635.0853437003442,594.1120957196769,604.3554077148438,13500,0.0,0.0
2007-03-06 00:00:00+09:00,597.5265672471788,620.7447424316407,597.5265672471788,614.5987548828125,12300,0.0,0.0
2007-03-07 00:00:00+09:00,631.670924595424,633.7195870535713,628.2564871651786,630.988037109375,7500,0.0,0.0
2007-03-08 00:00:00+09:00,628.2565307617188,629.622305828592,628.2565307617188,628.2565307617188,1500,0.0,0.0
2007-03-09 00:00:00+09:00,635.085370652219,641.9142456054688,635.085370652219,641.9142456054688,4300,0.0,0.0
2007-03-12 00:00:00+09:00,674.6929610668996,674.6929610668996,656.9378831440864,659.66943359375,5600,0.0,0.0
2007-03-13 00:00:00+09:00,673.3270172462736,673.3270172462736,661.0350433006013,667.1810302734375,2700,0.0,0.0
2007-03-14 00:00:00+09:00,646.6944580727435,652.1575580353432,636.4511456428689,641.9142456054688,8200,0.0,0.0
2007-03-15 00:00:00+09:00,641.9142631278348,641.9142631278348,638.4998255580059,639.8656005859375,4500,0.0,0.0
2007-03-16 00:00:00+09:00,639.8656622773857,639.8656622773857,635.08544921875,635.08544921875,3900,0.0,0.0
2007-03-19 00:00:00+09:00,634.4025185626485,634.4025185626485,627.5736432282821,628.2565307617188,6500,0.0,0.0
2007-03-20 00:00:00+09:00,628.2566244359961,638.4999389648438,626.890849165483,638.4999389648438,9600,0.0,0.0
2007-03-22 00:00:00+09:00,646.0115882116295,646.0115882116295,639.8656005859375,639.8656005859375,1700,0.0,0.0
2007-03-23 00:00:00+09:00,638.499879122557,643.9629796925896,628.2565655537459,628.939453125,7000,0.0,0.0
2007-03-26 00:00:00+09:00,628.2565811368477,646.6945460180377,628.2565811368477,641.2314453125,5800,0.0,0.0
2007-03-27 00:00:00+09:00,640.5425583775564,640.5425583775564,637.7875366210938,637.7875366210938,2600,8.0,0.0
2007-03-28 00:00:00+09:00,648.8078370467476,648.8078370467476,629.5226784084155,633.6552124023438,3900,0.0,0.0
2007-03-29 00:00:00+09:00,624.7013027784744,632.9663696289062,623.3237916367358,632.9663696289062,3500,0.0,0.0
2007-03-30 00:00:00+09:00,633.6551076564206,633.6551076564206,629.5225743456178,630.9000854492188,1700,0.0,0.0
2007-04-02 00:00:00+09:00,630.9001116071429,630.9001116071429,626.767578125,626.767578125,2200,0.0,0.0
2007-04-03 00:00:00+09:00,626.7675693575189,626.7675693575189,623.3237915039062,623.3237915039062,1900,0.0,0.0
2007-04-04 00:00:00+09:00,621.9462456103192,628.8338009326926,620.5687345458446,624.0125122070312,6700,0.0,0.0
2007-04-05 00:00:00+09:00,623.3237915039062,624.0125470746287,619.8800136502934,623.3237915039062,4300,0.0,0.0
2007-04-06 00:00:00+09:00,623.3237743794136,630.9000854492188,621.9462632758127,630.9000854492188,6600,0.0,0.0
2007-04-09 00:00:00+09:00,631.5886950539053,639.853759765625,631.5886950539053,639.853759765625,7600,0.0,0.0
2007-04-10 00:00:00+09:00,633.6549612318353,639.853759765625,632.2774504465486,639.853759765625,10700,0.0,0.0
2007-04-11 00:00:00+09:00,641.2312705509115,641.2312705509115,633.6549612318353,639.853759765625,5600,0.0,0.0
2007-04-12 00:00:00+09:00,633.6551076564206,637.0988854154228,630.9000854492188,630.9000854492188,8400,0.0,0.0
2007-04-13 00:00:00+09:00,632.9662636240148,632.9662636240148,621.9461763356751,625.3899536132812,3600,0.0,0.0
2007-04-16 00:00:00+09:00,626.7675519382993,626.7675519382993,621.2575075256549,626.0787963867188,4300,0.0,0.0
2007-04-17 00:00:00+09:00,620.5686561018393,625.3899442180578,620.5686561018393,621.9461669921875,2400,0.0,0.0
2007-04-18 00:00:00+09:00,624.0126259451305,624.0126259451305,619.880091998474,620.56884765625,3600,0.0,0.0
2007-04-19 00:00:00+09:00,621.2575071196316,621.946262670762,616.4362182617188,616.4362182617188,10800,0.0,0.0
2007-04-20 00:00:00+09:00,617.813677368164,620.5686993408203,616.436166381836,619.8799438476562,2100,0.0,0.0
2007-04-23 00:00:00+09:00,624.7011260305133,624.7011260305133,617.1248168945312,617.1248168945312,1900,0.0,0.0
2007-04-24 00:00:00+09:00,617.1249218749999,619.8799438476562,612.9923889160156,619.8799438476562,4600,0.0,0.0
2007-04-25 00:00:00+09:00,619.8799438476562,619.8799438476562,610.9261224365234,619.8799438476562,4800,0.0,0.0
2007-04-26 00:00:00+09:00,616.4362356611908,616.4362356611908,607.4824132437658,613.6812133789062,2700,0.0,0.0
2007-04-27 00:00:00+09:00,617.8135806090079,617.8135806090079,610.2372713707704,615.747314453125,4700,0.0,0.0
2007-05-01 00:00:00+09:00,612.9923889160156,619.8799438476562,612.9923889160156,619.8799438476562,3200,0.0,0.0
2007-05-02 00:00:00+09:00,624.7013027784744,633.6551251997755,624.7013027784744,632.9663696289062,6200,0.0,0.0
2007-05-07 00:00:00+09:00,649.4963810697516,649.4963810697516,647.4301147460938,647.4301147460938,6500,0.0,0.0
2007-05-08 00:00:00+09:00,644.6750783900378,661.205208605167,644.6750783900378,659.8276977539062,10200,0.0,0.0
2007-05-09 00:00:00+09:00,673.6028357680963,674.9803466796875,669.4703030333227,674.9803466796875,18800,0.0,0.0
2007-05-10 00:00:00+09:00,645.3638909452706,647.4301574050739,640.5426025390625,640.5426025390625,23000,0.0,0.0
2007-05-11 00:00:00+09:00,637.0989379882812,640.5427160314612,628.1451150760136,637.0989379882812,9900,0.0,0.0
2007-05-14 00:00:00+09:00,640.5426025390625,640.5426025390625,635.7213141328546,640.5426025390625,10800,0.0,0.0
2007-05-15 00:00:00+09:00,639.1651339162528,639.1651339162528,623.3237566747939,624.0125122070312,5800,0.0,0.0
2007-05-16 00:00:00+09:00,619.1912667410714,619.8800223214287,606.1049107142858,612.3037109375,9400,0.0,0.0
2007-05-17 00:00:00+09:00,612.992343340331,612.992343340331,607.4822998046875,607.4822998046875,2200,0.0,0.0
2007-05-18 00:00:00+09:00,609.548583984375,609.548583984375,609.548583984375,609.548583984375,2200,0.0,0.0
2007-05-21 00:00:00+09:00,602.6609677117071,612.992298586765,599.905946145025,604.7272338867188,2800,0.0,0.0
2007-05-22 00:00:00+09:00,604.7272602033561,606.1047710466439,602.6609939384243,605.416015625,3100,0.0,0.0
2007-05-23 00:00:00+09:00,606.1048082939377,619.191162109375,606.1048082939377,619.191162109375,2400,0.0,0.0
2007-05-24 00:00:00+09:00,614.3698738615824,619.191162109375,612.9923629336415,619.191162109375,1300,0.0,0.0
2007-05-25 00:00:00+09:00,609.5485077585492,617.1248168945312,609.5485077585492,617.1248168945312,1900,0.0,0.0
2007-05-28 00:00:00+09:00,619.1911251851722,619.1911251851722,610.2373046875,610.2373046875,4400,0.0,0.0
2007-05-29 00:00:00+09:00,612.9922666474927,616.4360434264112,612.9922666474927,615.0585327148438,2100,0.0,0.0
2007-05-30 00:00:00+09:00,617.125,617.125,612.3037109375,612.3037109375,2000,0.0,0.0
2007-05-31 00:00:00+09:00,609.5486364181845,610.9261474609375,609.5486364181845,610.9261474609375,6600,0.0,0.0
2007-06-01 00:00:00+09:00,612.9923263790914,613.6810818019893,610.2373046875,610.2373046875,5100,0.0,0.0
2007-06-04 00:00:00+09:00,608.1711687459125,608.8599243164062,604.7273908934442,608.8599243164062,8100,0.0,0.0
2007-06-05 00:00:00+09:00,604.0384868465059,606.1047530500856,603.3497314453125,603.3497314453125,6600,0.0,0.0
2007-06-06 00:00:00+09:00,603.3499321893815,605.4161990804411,599.2173984072624,600.5949096679688,4600,0.0,0.0
2007-06-07 00:00:00+09:00,599.9060668945312,602.6610890157461,599.9060668945312,599.9060668945312,3900,0.0,0.0
2007-06-08 00:00:00+09:00,599.9059722518488,605.416015625,599.9059722518488,605.416015625,2600,0.0,0.0
2007-06-11 00:00:00+09:00,610.2373394465043,610.2373394465043,607.4823175979873,609.548583984375,14400,0.0,0.0
2007-06-12 00:00:00+09:00,610.2373046875,610.9260601103979,609.5485492646021,610.2373046875,9500,0.0,0.0
2007-06-13 00:00:00+09:00,603.3499578302557,606.10498046875,603.3499578302557,606.10498046875,5700,0.0,0.0
2007-06-14 00:00:00+09:00,612.3037022377639,614.3699689494774,611.6149466671927,613.6812133789062,1800,0.0,0.0
2007-06-15 00:00:00+09:00,607.482302643532,622.6349224373615,606.7935471983578,621.9461669921875,10400,0.0,0.0
2007-06-18 00:00:00+09:00,614.3699690175216,622.635035865291,612.9924578762267,618.5025024414062,9500,0.0,0.0
2007-06-19 00:00:00+09:00,614.3699689494774,616.4362356611908,613.6812133789062,613.6812133789062,9800,0.0,0.0
2007-06-20 00:00:00+09:00,624.0124768066406,624.0124768066406,617.1249218749999,619.8799438476562,10300,0.0,0.0
2007-06-21 00:00:00+09:00,621.9461669921875,623.3236778825357,620.5686561018393,621.9461669921875,10700,0.0,0.0
2007-06-22 00:00:00+09:00,620.5686823076907,622.6349487304688,619.8799268334313,622.6349487304688,12700,0.0,0.0
2007-06-25 00:00:00+09:00,616.436235729464,618.5025024414062,615.0587245881691,618.5025024414062,5100,0.0,0.0
2007-06-26 00:00:00+09:00,612.9924578762267,618.5025024414062,610.237435593637,618.5025024414062,5200,0.0,0.0
2007-06-27 00:00:00+09:00,612.992379128396,615.0586455748962,611.6148681640625,611.6148681640625,2900,0.0,0.0
2007-06-28 00:00:00+09:00,609.5487236516565,609.5487236516565,606.793701171875,606.793701171875,4900,0.0,0.0
2007-06-29 00:00:00+09:00,606.7937361283736,608.8600031072443,606.10498046875,606.10498046875,3800,0.0,0.0
2007-07-02 00:00:00+09:00,606.7935621358581,612.9923612950212,606.1048066737288,609.548583984375,3800,0.0,0.0
2007-07-03 00:00:00+09:00,612.3036849549362,617.1249738128491,612.3036849549362,616.4362182617188,2700,0.0,0.0
2007-07-04 00:00:00+09:00,612.3036585036904,616.4361916319493,607.482369854055,610.9261474609375,10600,0.0,0.0
2007-07-05 00:00:00+09:00,612.9924140250669,612.9924140250669,608.859880896808,610.9261474609375,3400,0.0,0.0
2007-07-06 00:00:00+09:00,619.1910830225263,619.1910830225263,612.9922846385412,617.1248168945312,3600,0.0,0.0
2007-07-09 00:00:00+09:00,617.1249568846579,624.0125122070312,616.4362013524204,624.0125122070312,5400,0.0,0.0
2007-07-10 00:00:00+09:00,626.0788139202131,633.6551251997755,625.3900583493437,632.9663696289062,11700,0.0,0.0
2007-07-11 00:00:00+09:00,631.5886950539053,639.853759765625,630.2111842686188,639.853759765625,10700,0.0,0.0
2007-07-12 00:00:00+09:00,653.6289488251091,654.317704303323,640.5425947390426,646.7413940429688,9000,0.0,0.0
2007-07-13 00:00:00+09:00,648.8075312960946,648.8075312960946,627.4561157226562,627.4561157226562,5800,0.0,0.0
2007-07-17 00:00:00+09:00,624.0125297319771,626.0787963867188,614.3699520098494,626.0787963867188,4000,0.0,0.0
2007-07-18 00:00:00+09:00,614.3699690175216,618.5025024414062,613.6812134468742,618.5025024414062,3800,0.0,0.0
2007-07-19 00:00:00+09:00,612.9924140250669,612.9924140250669,610.9261474609375,610.9261474609375,2500,0.0,0.0
2007-07-20 00:00:00+09:00,617.1249218749999,619.8799438476562,617.1249218749999,619.8799438476562,2600,0.0,0.0
2007-07-23 00:00:00+09:00,619.8800223214287,626.767578125,616.4362444196429,626.767578125,5500,0.0,0.0
2007-07-24 00:00:00+09:00,618.5024328613281,619.8799438476562,618.5024328613281,619.8799438476562,900,0.0,0.0
2007-07-25 00:00:00+09:00,611.6148681640625,611.6148681640625,609.5486017175623,611.6148681640625,2700,0.0,0.0
2007-07-26 00:00:00+09:00,611.6148681640625,612.992379128396,608.8598462353956,611.6148681640625,4700,0.0,0.0
2007-07-27 00:00:00+09:00,596.4622631555317,602.661062657148,596.4622631555317,599.21728515625,9100,0.0,0.0
2007-07-30 00:00:00+09:00,595.7735076553521,599.21728515625,592.3297301544541,599.21728515625,5200,0.0,0.0
2007-07-31 00:00:00+09:00,599.2173286622783,599.2173286622783,597.1510620117188,597.1510620117188,1800,0.0,0.0
2007-08-01 00:00:00+09:00,598.5284411082964,599.9059519048633,593.0183979220291,593.7071533203125,2700,0.0,0.0
2007-08-02 00:00:00+09:00,593.7073190176168,599.2173637416782,591.6410522460938,591.6410522460938,2900,0.0,0.0
2007-08-03 00:00:00+09:00,591.6408677078749,592.3296230835534,582.6870478240537,586.819580078125,7600,0.0,0.0
2007-08-06 00:00:00+09:00,586.8197811867694,586.8197811867694,571.6671577288951,574.4221801757812,8300,0.0,0.0
2007-08-07 00:00:00+09:00,560.6471921101988,560.6471921101988,555.1371459960938,555.1371459960938,13700,0.0,0.0
2007-08-08 00:00:00+09:00,555.8258061218262,557.892073059082,551.0045166015625,551.0045166015625,23900,0.0,0.0
2007-08-09 00:00:00+09:00,559.9581730595341,562.024439380787,557.8919067382812,557.8919067382812,8000,0.0,0.0
2007-08-10 00:00:00+09:00,535.8518587570481,550.3157264098734,535.1631031545327,542.0506591796875,9500,0.0,0.0
2007-08-13 00:00:00+09:00,562.0245710314417,570.9783938542465,561.3358154296875,561.3358154296875,14200,0.0,0.0
2007-08-14 00:00:00+09:00,564.7795934384586,564.7795934384586,557.8920374209164,561.3358154296875,9700,0.0,0.0
2007-08-15 00:00:00+09:00,561.3358512878418,561.3358512878418,551.0045166015625,551.0045166015625,3800,0.0,0.0
2007-08-16 00:00:00+09:00,557.8919930293641,557.8919930293641,533.7855488861201,539.2955932617188,6200,0.0,0.0
2007-08-17 00:00:00+09:00,539.2955748555554,539.984330378998,527.5867309570312,527.5867309570312,10000,0.0,0.0
2007-08-20 00:00:00+09:00,524.8316207523396,529.65290860702,517.2553112664135,522.0765991210938,17800,0.0,0.0
2007-08-21 00:00:00+09:00,516.5667024996912,524.8317697396863,516.5667024996912,522.7655029296875,8700,0.0,0.0
2007-08-22 00:00:00+09:00,509.67899688302657,509.67899688302657,489.70509024842147,502.79144287109375,21000,0.0,0.0
2007-08-23 00:00:00+09:00,513.1229762879227,519.32177734375,513.1229762879227,519.32177734375,2200,0.0,0.0
2007-08-24 00:00:00+09:00,521.3878784179688,521.3878784179688,516.5665902423733,521.3878784179688,3000,0.0,0.0
2007-08-27 00:00:00+09:00,523.4541447789383,523.4541447789383,520.6991229643122,521.3878784179688,8000,0.0,0.0
2007-08-28 00:00:00+09:00,528.2754234151638,530.3416897388215,517.944091796875,517.944091796875,6100,0.0,0.0
2007-08-29 00:00:00+09:00,510.3678283691407,510.3678283691407,510.3678283691407,510.3678283691406,200,0.0,0.0
2007-08-30 00:00:00+09:00,511.74543962657606,515.8779734593613,511.74543962657606,513.8117065429688,2500,0.0,0.0
2007-08-31 00:00:00+09:00,515.8779989794016,519.32177734375,515.8779989794016,519.32177734375,3900,0.0,0.0
2007-09-03 00:00:00+09:00,520.0103943270017,526.89794921875,519.3216388378269,526.89794921875,1900,0.0,0.0
2007-09-04 00:00:00+09:00,514.5004621817662,519.3217516533491,513.8117065429688,513.8117065429688,3800,0.0,0.0
2007-09-05 00:00:00+09:00,515.1891430497981,515.8778985886347,506.2353210449219,506.2353210449219,6600,0.0,0.0
2007-09-06 00:00:00+09:00,506.2353210449219,509.67909873910503,506.2353210449219,506.2353210449219,500,0.0,0.0
2007-09-07 00:00:00+09:00,506.9239682002707,508.99023437500006,506.2352128086942,508.990234375,1300,0.0,0.0
2007-09-10 00:00:00+09:00,508.30150525892105,510.3677715404614,508.30150525892105,509.67901611328125,1500,0.0,0.0
2007-09-11 00:00:00+09:00,510.3679108886719,516.5667114257812,509.6791552734375,516.5667114257812,5900,0.0,0.0
2007-09-12 00:00:00+09:00,544.1168298091985,544.1168298091985,540.6730524053428,542.7393188476562,5200,0.0,0.0
2007-09-13 00:00:00+09:00,519.3216297350432,523.4541625976562,519.3216297350432,523.4541625976562,1400,0.0,0.0
2007-09-14 00:00:00+09:00,513.1229333496094,516.5667114257812,506.2353771972656,516.5667114257812,1600,0.0,0.0
2007-09-18 00:00:00+09:00,495.90398796237247,513.8116319721248,495.90398796237247,506.2353210449219,2200,0.0,0.0
2007-09-19 00:00:00+09:00,504.16882324218744,504.16882324218744,502.7913127961706,504.1688232421875,3600,0.0,0.0
2007-09-20 00:00:00+09:00,502.1026874699005,502.7914428710938,502.1026874699005,502.79144287109375,3200,0.0,0.0
2007-09-21 00:00:00+09:00,502.1028530535377,502.1028530535377,500.72534179687506,500.725341796875,2300,0.0,0.0
2007-09-25 00:00:00+09:00,507.67989889400735,523.67529296875,507.67989889400735,523.67529296875,1300,7.0,0.0
2007-09-26 00:00:00+09:00,521.5886194324108,521.5886194324108,510.4613955511861,516.720458984375,1700,0.0,0.0
2007-09-27 00:00:00+09:00,516.0252033434416,528.5433349609375,514.6342998303865,528.5433349609375,5000,0.0,0.0
2007-09-28 00:00:00+09:00,550.7977637954905,550.7977637954905,543.8432465758505,549.4068603515625,2300,0.0,0.0
2007-10-01 00:00:00+09:00,532.7159863090266,533.4114379882812,530.6296312712628,533.4114379882812,1000,0.0,0.0
2007-10-02 00:00:00+09:00,530.6297607421875,532.02066444007,530.6297607421875,530.6297607421875,900,0.0,0.0
2007-10-03 00:00:00+09:00,524.3706168129806,531.3251342773438,524.3706168129806,531.3251342773438,3500,0.0,0.0
2007-10-04 00:00:00+09:00,528.5433349609375,532.0205937435752,527.1524314478823,528.5433349609375,1900,0.0,0.0
2007-10-05 00:00:00+09:00,524.3705371866754,527.15234375,522.9796339050132,527.15234375,1900,0.0,0.0
2007-10-09 00:00:00+09:00,525.7615781249999,530.6297408854166,520.8934153645833,521.5888671875,9100,0.0,0.0
2007-10-10 00:00:00+09:00,527.847788172444,531.3250463290477,527.847788172444,529.9341430664062,4700,0.0,0.0
2007-10-11 00:00:00+09:00,532.0206126718546,539.670582265829,532.0206126718546,532.716064453125,1600,0.0,0.0
2007-10-12 00:00:00+09:00,542.4523700914884,542.4523700914884,525.0660761782997,528.5433349609375,10300,0.0,0.0
2007-10-15 00:00:00+09:00,529.9342890624999,529.9342890624999,521.5888671875,521.5888671875,2800,0.0,0.0
2007-10-16 00:00:00+09:00,521.5888671875,521.5888671875,521.5888671875,521.5888671875,5900,0.0,0.0
2007-10-17 00:00:00+09:00,520.8933816578077,520.8933816578077,511.8525085449219,511.8525085449219,4200,0.0,0.0
2007-10-18 00:00:00+09:00,513.2434121007504,518.1115745461506,511.8525085449219,511.8525085449219,3900,0.0,0.0
2007-10-19 00:00:00+09:00,518.111474526895,518.111474526895,512.5478613776129,514.6342163085938,2100,0.0,0.0
2007-10-22 00:00:00+09:00,511.15704345703125,511.15704345703125,502.11617057955993,511.15704345703125,5400,0.0,0.0
2007-10-23 00:00:00+09:00,509.0706672140106,509.0706672140106,502.11614990234375,502.11614990234375,5000,0.0,0.0
2007-10-24 00:00:00+09:00,508.3751831054687,509.0706347923435,508.3751831054687,508.37518310546875,1400,0.0,0.0
2007-10-25 00:00:00+09:00,511.8523391891312,514.6341453803765,504.897823711018,506.2887268066406,2100,0.0,0.0
2007-10-26 00:00:00+09:00,514.6342347027504,520.8932997194055,503.50700800647473,507.6797180175781,4800,0.0,0.0
2007-10-29 00:00:00+09:00,508.37516235850484,513.9387756264501,508.37516235850484,510.4615173339844,1500,0.0,0.0
2007-10-30 00:00:00+09:00,507.6797733701509,512.5479355805496,504.2025146484375,504.2025146484375,4600,0.0,0.0
2007-10-31 00:00:00+09:00,507.6797180175781,507.6797180175781,507.6797180175781,507.6797180175781,400,0.0,0.0
2007-11-01 00:00:00+09:00,511.15700169613484,515.3297119140625,504.8979363692434,515.3297119140625,4500,0.0,0.0
2007-11-02 00:00:00+09:00,515.3297037509243,515.3297037509243,502.1161216034647,506.9842834472656,2900,0.0,0.0
2007-11-05 00:00:00+09:00,510.46154725651223,511.15699895577177,493.7707064742829,499.3343200683594,5000,0.0,0.0
2007-11-06 00:00:00+09:00,497.24798003720565,497.94343175753744,490.2934628338881,493.7707214355469,2300,0.0,0.0
2007-11-07 00:00:00+09:00,482.6435829611385,483.3390348097857,472.9072570800781,472.9072570800781,6100,0.0,0.0
2007-11-08 00:00:00+09:00,458.9981460571289,458.9981460571289,456.2163391113281,456.2163391113281,14000,0.0,0.0
2007-11-09 00:00:00+09:00,473.6025561164407,496.5524597167969,473.6025561164407,496.5524597167969,5500,0.0,0.0
2007-11-12 00:00:00+09:00,490.9889526367188,491.68440441099176,490.9889526367188,490.98895263671875,16000,0.0,0.0
2007-11-13 00:00:00+09:00,475.6889782091127,477.7753333766965,475.6889782091127,476.3844299316406,3400,0.0,0.0
2007-11-14 00:00:00+09:00,487.5116271972656,506.28882253867243,487.5116271972656,487.5116271972656,1400,0.0,0.0
2007-11-15 00:00:00+09:00,493.77067500709467,494.46612666203424,488.2070617675781,488.2070617675781,1500,0.0,0.0
2007-11-16 00:00:00+09:00,477.07988165416856,486.81620576955976,476.3844299316406,476.3844299316406,2900,0.0,0.0
2007-11-19 00:00:00+09:00,466.64821975050495,468.03912353515625,466.64821975050495,468.03912353515625,1300,0.0,0.0
2007-11-20 00:00:00+09:00,433.26655524202096,448.5664978027344,426.31203589624215,448.5664978027344,5700,0.0,0.0
2007-11-21 00:00:00+09:00,445.0891958534621,445.0891958534621,431.8756103515625,431.8756103515625,2000,0.0,0.0
2007-11-22 00:00:00+09:00,427.0073605045941,431.87552259503735,427.0073605045941,430.484619140625,3200,0.0,0.0
2007-11-26 00:00:00+09:00,430.48465437889104,445.0891418457031,428.39829902648927,445.0891418457031,1600,0.0,0.0
2007-11-27 00:00:00+09:00,436.0481657646072,444.3935852050781,436.0481657646072,444.3935852050781,2400,0.0,0.0
2007-11-28 00:00:00+09:00,438.1346568063775,439.52556047877874,438.1346568063775,438.8301086425781,3400,0.0,0.0
2007-11-29 00:00:00+09:00,447.8709278255006,447.8709278255006,447.17547607421875,447.17547607421875,2600,0.0,0.0
2007-11-30 00:00:00+09:00,465.9527887082567,465.9527887082567,459.6937213972503,461.0846252441406,5900,0.0,0.0
2007-12-03 00:00:00+09:00,465.95269775390625,465.95269775390625,465.95269775390625,465.95269775390625,1100,0.0,0.0
2007-12-04 00:00:00+09:00,462.4753112792969,462.4753112792969,462.4753112792969,462.4753112792969,1800,0.0,0.0
2007-12-05 00:00:00+09:00,461.08461131321565,461.78006321564885,455.52099609375,455.52099609375,3300,0.0,0.0
2007-12-06 00:00:00+09:00,458.30279130113286,460.38914695197263,458.30279130113286,459.6936950683594,4800,0.0,0.0
2007-12-07 00:00:00+09:00,459.6936859316376,485.4254051138927,457.60733032226557,457.6073303222656,4500,0.0,0.0
2007-12-10 00:00:00+09:00,460.38901946658183,470.8207948321388,460.38901946658183,467.3435363769531,6000,0.0,0.0
2007-12-11 00:00:00+09:00,480.55715178345605,483.3389587402344,477.07989308748313,483.3389587402344,5600,0.0,0.0
2007-12-12 00:00:00+09:00,486.81617779920333,492.3797912597656,486.81617779920333,492.3797912597656,15800,0.0,0.0
2007-12-13 00:00:00+09:00,494.46617315587866,496.5525283168739,493.7707214355469,493.7707214355469,6800,0.0,0.0
2007-12-14 00:00:00+09:00,495.85707659654213,499.33433519820096,493.7707214355469,493.7707214355469,8600,0.0,0.0
2007-12-17 00:00:00+09:00,493.7707214355469,497.94343175753744,493.7707214355469,493.7707214355469,10900,0.0,0.0
2007-12-18 00:00:00+09:00,486.8162174814755,486.8162174814755,469.42992399999423,472.21173095703125,3700,0.0,0.0
2007-12-19 00:00:00+09:00,470.82079047774727,486.1207275390625,470.82079047774727,486.1207275390625,6900,0.0,0.0
2007-12-20 00:00:00+09:00,468.0390205214758,472.21173095703125,463.170858346661,472.21173095703125,15300,0.0,0.0
2007-12-21 00:00:00+09:00,454.8253239586791,458.3025817871094,448.56625986750464,458.3025817871094,10900,0.0,0.0
2007-12-25 00:00:00+09:00,455.52090671409394,456.21635848006963,445.7845819904339,449.2618408203125,14400,0.0,0.0
2007-12-26 00:00:00+09:00,452.7391926179801,454.1300964355469,452.7391926179801,454.1300964355469,5900,0.0,0.0
2007-12-27 00:00:00+09:00,470.12547097142726,470.8209228515625,470.12547097142726,470.8209228515625,3500,0.0,0.0
2007-12-28 00:00:00+09:00,491.6844073728318,491.6844073728318,472.90720935435024,473.6026611328125,10100,0.0,0.0
2008-01-04 00:00:00+09:00,471.51620579193525,472.90710905385833,465.2571411132812,465.25714111328125,6200,0.0,0.0
2008-01-07 00:00:00+09:00,446.47999596228965,452.0436096191406,446.47999596228965,452.0436096191406,4100,0.0,0.0
2008-01-08 00:00:00+09:00,449.95718383789057,449.95718383789057,449.95718383789057,449.9571838378906,3600,0.0,0.0
2008-01-09 00:00:00+09:00,443.0027026290414,443.69815428152026,438.82999271416816,442.3072509765625,4500,0.0,0.0
2008-01-10 00:00:00+09:00,449.2618217468262,449.2618217468262,433.9618835449219,433.9618835449219,14600,0.0,0.0
2008-01-11 00:00:00+09:00,443.0028588205243,445.0892145135566,435.35288794607254,436.04833984375,19100,0.0,0.0
2008-01-15 00:00:00+09:00,424.9210950713797,424.9210950713797,404.05753884856233,404.75299072265625,16000,0.0,0.0
2008-01-16 00:00:00+09:00,383.88930655135965,389.4529196897852,376.2393384860246,380.41204833984375,11700,0.0,0.0
2008-01-17 00:00:00+09:00,390.1484995022626,395.0166625976563,389.4530476314921,395.01666259765625,31200,0.0,0.0
2008-01-18 00:00:00+09:00,385.280284475773,406.1438377867354,385.280284475773,392.23480224609375,14400,0.0,0.0
2008-01-21 00:00:00+09:00,393.6257019042969,393.6257019042969,392.234798363999,393.6257019042969,2900,0.0,0.0
2008-01-22 00:00:00+09:00,376.23928524925594,376.23928524925594,365.112060546875,365.112060546875,8400,0.0,0.0
2008-01-23 00:00:00+09:00,375.54399189196135,375.54399189196135,369.9803771972656,369.9803771972656,3100,0.0,0.0
2008-01-24 00:00:00+09:00,375.54392644708804,382.4984436035156,375.54392644708804,382.4984436035156,2100,0.0,0.0
2008-01-25 00:00:00+09:00,392.9302673339844,399.8847853398956,392.9302673339844,392.9302673339844,1700,0.0,0.0
2008-01-28 00:00:00+09:00,396.4074276515415,396.4074276515415,389.45291137695307,389.4529113769531,3900,0.0,0.0
2008-01-29 00:00:00+09:00,392.9302673339844,392.9302673339844,392.9302673339844,392.9302673339844,1200,0.0,0.0
2008-01-30 00:00:00+09:00,396.4074276515415,396.4074276515415,389.45291137695307,389.4529113769531,4100,0.0,0.0
2008-01-31 00:00:00+09:00,389.45309067442884,396.40761015075793,386.6712828838972,395.712158203125,1100,0.0,0.0
2008-02-01 00:00:00+09:00,403.3619384765625,406.8391965668777,403.3619384765625,403.3619384765625,1200,0.0,0.0
2008-02-04 00:00:00+09:00,420.052839294938,420.748291015625,413.0983220880682,420.748291015625,5600,0.0,0.0
2008-02-05 00:00:00+09:00,426.31190877738794,430.484619140625,426.31190877738794,430.484619140625,4500,0.0,0.0
2008-02-06 00:00:00+09:00,422.8347179878049,427.702880859375,420.7483624714177,427.702880859375,4400,0.0,0.0
2008-02-07 00:00:00+09:00,430.4847066145204,431.8756103515625,430.4847066145204,431.8756103515625,3900,0.0,0.0
2008-02-08 00:00:00+09:00,433.9618605090726,442.3072809034778,428.39824691280245,431.1800537109375,7100,0.0,0.0
2008-02-12 00:00:00+09:00,438.1346130371094,438.1346130371094,438.1346130371094,438.1346130371094,10600,0.0,0.0
2008-02-13 00:00:00+09:00,451.3482039502105,452.043655728254,446.48004150390625,446.48004150390625,3900,0.0,0.0
2008-02-14 00:00:00+09:00,446.47999596228965,452.0436096191406,446.47999596228965,452.0436096191406,5200,0.0,0.0
2008-02-15 00:00:00+09:00,456.21622709005123,463.17074274691174,456.21622709005123,458.3025817871094,10100,0.0,0.0
2008-02-18 00:00:00+09:00,465.95269775390625,465.95269775390625,465.95269775390625,465.95269775390625,1200,0.0,0.0
2008-02-19 00:00:00+09:00,466.6481495415986,466.6481495415986,465.95269775390625,465.95269775390625,3600,0.0,0.0
2008-02-20 00:00:00+09:00,466.64807870112793,466.64807870112793,463.86627197265625,463.86627197265625,3600,0.0,0.0
2008-02-21 00:00:00+09:00,472.9071826523156,483.3389587402344,472.9071826523156,483.3389587402344,4900,0.0,0.0
2008-02-22 00:00:00+09:00,486.8161315917968,489.59793805803565,486.8161315917968,486.8161315917969,11200,0.0,0.0
2008-02-25 00:00:00+09:00,472.90709926060265,486.8161315917968,472.90709926060265,486.8161315917969,10600,0.0,0.0
2008-02-26 00:00:00+09:00,493.77064775739393,493.77064775739393,486.8161315917968,486.8161315917969,1500,0.0,0.0
2008-02-27 00:00:00+09:00,480.55704037029625,486.1206529939755,476.3843309025368,485.4252014160156,5000,0.0,0.0
2008-02-28 00:00:00+09:00,479.86163330078125,479.86163330078125,478.4707300158514,479.86163330078125,6200,0.0,0.0
2008-02-29 00:00:00+09:00,462.47536630341506,465.9526246966738,458.9981079101563,458.99810791015625,4100,0.0,0.0
2008-03-03 00:00:00+09:00,449.26180279071514,452.0436096191406,441.61183401254505,452.0436096191406,5900,0.0,0.0
2008-03-04 00:00:00+09:00,440.22088623046875,440.22088623046875,440.22088623046875,440.22088623046875,2600,0.0,0.0
2008-03-05 00:00:00+09:00,445.78459362983705,445.78459362983705,445.0891418457031,445.0891418457031,1700,0.0,0.0
2008-03-06 00:00:00+09:00,438.1345669172968,445.08908385249197,432.5709533691407,432.5709533691406,7100,0.0,0.0
2008-03-07 00:00:00+09:00,438.1346568063775,438.8301086425781,438.1346568063775,438.8301086425781,200,0.0,0.0
2008-03-10 00:00:00+09:00,443.6981335850389,444.3935852050781,443.6981335850389,444.3935852050781,1300,0.0,0.0
2008-03-11 00:00:00+09:00,452.04373658158397,455.52099609375,452.04373658158397,455.52099609375,1900,0.0,0.0
2008-03-12 00:00:00+09:00,472.9072570800781,472.9072570800781,472.9072570800781,472.9072570800781,6600,0.0,0.0
2008-03-13 00:00:00+09:00,449.9572925862882,449.9572925862882,449.26184082031244,449.2618408203125,3400,0.0,0.0
2008-03-14 00:00:00+09:00,442.3073292169045,442.3073292169045,434.65735968642343,441.61187744140625,2500,0.0,0.0
2008-03-17 00:00:00+09:00,436.74371337890625,436.74371337890625,436.74371337890625,436.74371337890625,1100,0.0,0.0
2008-03-18 00:00:00+09:00,417.2710592976681,417.2710592976681,411.0119934082031,411.0119934082031,6300,0.0,0.0
2008-03-19 00:00:00+09:00,417.96655511623476,427.702880859375,417.96655511623476,427.702880859375,2000,0.0,0.0
2008-03-21 00:00:00+09:00,429.0937023471474,429.7891540527344,429.0937023471474,429.7891540527344,3100,0.0,0.0
2008-03-24 00:00:00+09:00,425.61642456054693,425.61642456054693,422.83461786407275,425.6164245605469,3000,0.0,0.0
2008-03-25 00:00:00+09:00,427.0073435137349,431.1800537109375,427.0073435137349,431.1800537109375,1000,0.0,0.0
2008-03-26 00:00:00+09:00,434.71428149414066,441.7828063964844,434.71428149414066,441.7828063964844,600,10.0,0.0
2008-03-27 00:00:00+09:00,431.8869143176309,439.66229248046875,431.1800617573729,439.66229248046875,1300,0.0,0.0
2008-03-28 00:00:00+09:00,436.8348606232674,438.2485656738281,436.8348606232674,438.2485656738281,2700,0.0,0.0
2008-03-31 00:00:00+09:00,429.7662658691406,429.7662658691406,429.7662658691406,429.7662658691406,400,0.0,0.0
2008-04-01 00:00:00+09:00,432.5937194824219,432.5937194824219,432.5937194824219,432.5937194824219,0,0.0,0.0
2008-04-02 00:00:00+09:00,436.8348954652161,437.541748046875,436.8348954652161,437.541748046875,700,0.0,0.0
2008-04-03 00:00:00+09:00,434.0074462890625,434.0074462890625,434.0074462890625,434.0074462890625,900,0.0,0.0
2008-04-04 00:00:00+09:00,429.76634399019014,436.8348693847656,429.76634399019014,436.8348693847656,2100,0.0,0.0
2008-04-07 00:00:00+09:00,428.3526611328125,428.3526611328125,428.3526611328125,428.3526611328125,200,0.0,0.0
2008-04-08 00:00:00+09:00,434.0074462890625,434.0074462890625,434.0074462890625,434.0074462890625,700,0.0,0.0
2008-04-09 00:00:00+09:00,434.0075288252397,435.4212341308594,434.0075288252397,435.4212341308594,400,0.0,0.0
2008-04-10 00:00:00+09:00,430.4731965296477,436.8348693847656,430.4731965296477,436.8348693847656,3200,0.0,0.0
2008-04-11 00:00:00+09:00,441.7829149088282,443.90347290039057,441.7829149088282,443.9034729003906,2100,0.0,0.0
2008-04-14 00:00:00+09:00,433.3005979968655,438.2485656738281,433.3005979968655,438.2485656738281,6000,0.0,0.0
2008-04-15 00:00:00+09:00,431.1800748119447,437.541748046875,431.1800748119447,437.541748046875,2700,0.0,0.0
2008-04-16 00:00:00+09:00,438.2486412173412,438.2486412173412,431.18011474609375,431.18011474609375,2000,0.0,0.0
2008-04-17 00:00:00+09:00,431.1800886883916,431.1800886883916,429.7663834795772,430.4732360839844,5600,0.0,0.0
2008-04-18 00:00:00+09:00,433.30064137364513,436.1280517578125,433.30064137364513,436.1280517578125,400,0.0,0.0
2008-04-21 00:00:00+09:00,428.35270415759476,431.18011474609375,428.35270415759476,431.18011474609375,4100,0.0,0.0
2008-04-22 00:00:00+09:00,431.8868929463048,438.2485656738281,431.8868929463048,438.2485656738281,1600,0.0,0.0
2008-04-23 00:00:00+09:00,431.8869412927988,432.593793897206,430.4732360839844,430.4732360839844,500,0.0,0.0
2008-04-24 00:00:00+09:00,431.88686699960743,432.5937194824219,431.88686699960743,432.5937194824219,1600,0.0,0.0
2008-04-25 00:00:00+09:00,434.0074633084811,441.07598876953125,433.30061076237604,441.07598876953125,2300,0.0,0.0
2008-04-28 00:00:00+09:00,448.1445367717589,455.9199151700071,437.541748046875,437.541748046875,1800,0.0,0.0
2008-04-30 00:00:00+09:00,441.07592429577466,451.6787109375,439.66221941021126,451.6787109375,3800,0.0,0.0
2008-05-01 00:00:00+09:00,452.3856422244094,454.50619992233635,448.14452682855557,448.85137939453125,4400,0.0,0.0
2008-05-02 00:00:00+09:00,455.9199389704952,458.7473494447308,455.9199389704952,458.0404968261719,2400,0.0,0.0
2008-05-07 00:00:00+09:00,467.22956837006734,484.19403076171875,467.22956837006734,484.19403076171875,4600,0.0,0.0
2008-05-08 00:00:00+09:00,480.65979003906244,481.36664267147285,477.12552687701054,480.6597900390625,3200,0.0,0.0
2008-05-09 00:00:00+09:00,485.60775225522707,491.2625732421875,482.78034176174685,491.2625732421875,5500,0.0,0.0
2008-05-12 00:00:00+09:00,501.8652318972535,522.3639526367188,501.8652318972535,522.3639526367188,27600,0.0,0.0
2008-05-13 00:00:00+09:00,516.0023193359375,516.0023193359375,516.0023193359375,516.0023193359375,7000,0.0,0.0
2008-05-14 00:00:00+09:00,502.5722719564477,516.0024733167465,502.5722719564477,511.05450439453125,6600,0.0,0.0
2008-05-15 00:00:00+09:00,511.76116604734017,522.3639526367188,511.76116604734017,522.3639526367188,6800,0.0,0.0
2008-05-16 00:00:00+09:00,508.2271377139621,516.0025181240505,508.2271377139621,508.9339904785156,5300,0.0,0.0
2008-05-19 00:00:00+09:00,513.1748657226562,521.6570949081547,512.4680132905314,513.1748657226562,6900,0.0,0.0
2008-05-20 00:00:00+09:00,519.5365428795511,522.3639526367188,516.0022806830916,522.3639526367188,6400,0.0,0.0
2008-05-21 00:00:00+09:00,517.4161603631147,517.4161603631147,513.8818969726562,513.8818969726562,1600,0.0,0.0
2008-05-22 00:00:00+09:00,509.640625,509.640625,509.640625,509.640625,2800,0.0,0.0
2008-05-23 00:00:00+09:00,511.05437356883084,512.4680786132812,511.05437356883084,512.4680786132812,2900,0.0,0.0
2008-05-26 00:00:00+09:00,512.4680524372923,521.6571347568575,511.76119995117193,511.7611999511719,3800,0.0,0.0
2008-05-27 00:00:00+09:00,526.6051332220475,526.6051332220475,521.6571655273438,521.6571655273438,3800,0.0,0.0
2008-05-28 00:00:00+09:00,522.3640881413999,522.3640881413999,520.2435302734375,520.2435302734375,5600,0.0,0.0
2008-05-29 00:00:00+09:00,523.0708838222789,523.0708838222789,518.8297685480442,519.53662109375,3400,0.0,0.0
2008-05-30 00:00:00+09:00,523.777692592544,526.6051025390625,523.0708401059144,526.6051025390625,5100,0.0,0.0
2008-06-02 00:00:00+09:00,526.6051025390625,526.6051025390625,525.8982500524329,526.6051025390625,2400,0.0,0.0
2008-06-03 00:00:00+09:00,525.8982674911438,525.8982674911438,523.7777099609375,523.7777099609375,3300,0.0,0.0
2008-06-04 00:00:00+09:00,529.4325344601193,529.4325344601193,523.0708618164062,523.0708618164062,5300,0.0,0.0
2008-06-05 00:00:00+09:00,523.0708618164062,523.7777143323744,520.9503042685019,523.0708618164062,9300,0.0,0.0
2008-06-06 00:00:00+09:00,523.0708705829734,523.7777231107882,516.7091978326399,521.6571655273438,12900,0.0,0.0
2008-06-09 00:00:00+09:00,520.9503784179688,523.0709362677027,520.9503784179688,520.9503784179688,4400,0.0,0.0
2008-06-10 00:00:00+09:00,523.0708882594304,523.0708882594304,518.8297729492188,518.8297729492188,6500,0.0,0.0
2008-06-11 00:00:00+09:00,523.0708444246682,525.8982543945312,523.0708444246682,525.8982543945312,4400,0.0,0.0
2008-06-12 00:00:00+09:00,523.0708705829734,523.0708705829734,521.6571655273438,521.6571655273438,13600,0.0,0.0
2008-06-13 00:00:00+09:00,523.0708838222789,529.4325567336309,519.53662109375,519.53662109375,6400,0.0,0.0
2008-06-16 00:00:00+09:00,530.1395263671875,530.1395263671875,530.1395263671875,530.1395263671875,1600,0.0,0.0
2008-06-17 00:00:00+09:00,530.1395263671875,530.1395263671875,530.1395263671875,530.1395263671875,3100,0.0,0.0
2008-06-18 00:00:00+09:00,525.1914717270679,525.1914717270679,524.484619140625,524.484619140625,1500,0.0,0.0
2008-06-19 00:00:00+09:00,530.1393825515562,531.5530875716937,523.7777099609375,523.7777099609375,7100,0.0,0.0
2008-06-20 00:00:00+09:00,524.4845624710063,524.4845624710063,523.7777099609375,523.7777099609375,2800,0.0,0.0
2008-06-23 00:00:00+09:00,516.7091278832806,516.7091278832806,513.1748657226562,513.1748657226562,6800,0.0,0.0
2008-06-24 00:00:00+09:00,512.4680786132812,512.4680786132812,512.4680786132812,512.4680786132812,1300,0.0,0.0
2008-06-25 00:00:00+09:00,523.070827218938,528.7256469726562,523.070827218938,528.7256469726562,3700,0.0,0.0
2008-06-26 00:00:00+09:00,528.7256469726562,528.7256469726562,523.070827218938,528.7256469726562,1600,0.0,0.0
2008-06-27 00:00:00+09:00,515.2955322265625,515.2955322265625,515.2955322265625,515.2955322265625,3300,0.0,0.0
2008-06-30 00:00:00+09:00,511.76119995117193,511.76119995117193,511.76119995117193,511.7611999511719,700,0.0,0.0
2008-07-01 00:00:00+09:00,513.8818969726562,513.8818969726562,513.8818969726562,513.8818969726562,300,0.0,0.0
2008-07-02 00:00:00+09:00,495.5036889824078,495.5036889824078,484.19404700848696,491.2625732421875,4600,0.0,0.0
2008-07-03 00:00:00+09:00,487.72817993164057,487.72817993164057,487.72817993164057,487.7281799316406,3900,0.0,0.0
2008-07-04 00:00:00+09:00,481.3667053404038,487.72837986032107,473.5913253716161,475.7118835449219,3800,0.0,0.0
2008-07-07 00:00:00+09:00,474.2980874093088,474.2980874093088,470.7638244628907,470.7638244628906,3500,0.0,0.0
2008-07-08 00:00:00+09:00,474.298116347369,480.65979003906244,474.298116347369,480.6597900390625,200,0.0,0.0
2008-07-09 00:00:00+09:00,487.72817993164057,487.72817993164057,487.72817993164057,487.7281799316406,600,0.0,0.0
2008-07-10 00:00:00+09:00,494.09008511629975,494.79693788470644,488.43526296904594,489.8489685058594,2900,0.0,0.0
2008-07-11 00:00:00+09:00,497.6242104973592,501.8653259277344,496.91735792563,501.8653259277344,4200,0.0,0.0
2008-07-14 00:00:00+09:00,499.0378371756417,508.9337716238839,494.7967224121094,494.7967224121094,18200,0.0,0.0
2008-07-15 00:00:00+09:00,484.19403076171875,484.19403076171875,484.19403076171875,484.19403076171875,300,0.0,0.0
2008-07-16 00:00:00+09:00,484.1939830638744,484.1939830638744,477.1254577636719,477.1254577636719,600,0.0,0.0
2008-07-17 00:00:00+09:00,470.7637372239192,470.7637372239192,460.1609503495066,470.056884765625,3500,0.0,0.0
2008-07-18 00:00:00+09:00,470.05688476562506,470.05688476562506,470.05688476562506,470.056884765625,500,0.0,0.0
2008-07-22 00:00:00+09:00,477.12546261874115,477.12546261874115,466.5226745605469,466.5226745605469,1300,0.0,0.0
2008-07-23 00:00:00+09:00,466.5226745605469,466.5226745605469,466.5226745605469,466.5226745605469,100,0.0,0.0
2008-07-24 00:00:00+09:00,473.5913192125745,473.5913192125745,467.2296447753906,467.2296447753906,1000,0.0,0.0
2008-07-25 00:00:00+09:00,459.4541491884174,470.05693724661165,459.4541491884174,466.5226745605469,2100,0.0,0.0
2008-07-28 00:00:00+09:00,473.59119511357056,477.1254577636719,473.59119511357056,477.1254577636719,7500,0.0,0.0
2008-07-29 00:00:00+09:00,455.21304725060094,459.45416259765625,453.7993421349159,459.45416259765625,4100,0.0,0.0
2008-07-30 00:00:00+09:00,466.5226745605469,466.5226745605469,466.5226745605469,466.5226745605469,100,0.0,0.0
2008-07-31 00:00:00+09:00,467.2296447753906,467.2296447753906,467.2296447753906,467.2296447753906,100,0.0,0.0
2008-08-01 00:00:00+09:00,459.45416259765625,459.45416259765625,459.45416259765625,459.45416259765625,600,0.0,0.0
2008-08-04 00:00:00+09:00,431.1800901268711,431.1800901268711,420.5773010253906,420.5773010253906,4900,0.0,0.0
2008-08-05 00:00:00+09:00,424.1115626443196,430.4732360839844,422.69785743550517,430.4732360839844,5100,0.0,0.0
2008-08-06 00:00:00+09:00,430.473262098969,431.18011474609375,430.473262098969,431.18011474609375,600,0.0,0.0
2008-08-07 00:00:00+09:00,426.93902587890625,426.93902587890625,426.93902587890625,426.93902587890625,1800,0.0,0.0
2008-08-08 00:00:00+09:00,419.16361974497306,431.18011474609375,419.16361974497306,431.18011474609375,1500,0.0,0.0
2008-08-11 00:00:00+09:00,424.81839431762694,427.64580459594725,418.45672119140625,424.1115417480469,5400,0.0,0.0
2008-08-12 00:00:00+09:00,424.1116118670307,424.1116118670307,422.6979064941406,422.6979064941406,7800,0.0,0.0
2008-08-13 00:00:00+09:00,410.68137409093026,414.21563720703125,409.9745214677101,414.21563720703125,4500,0.0,0.0
2008-08-14 00:00:00+09:00,416.3361950766918,416.3361950766918,414.21563720703125,414.21563720703125,2100,0.0,0.0
2008-08-15 00:00:00+09:00,413.50877495773705,420.5773010253906,413.50877495773705,420.5773010253906,600,0.0,0.0
2008-08-18 00:00:00+09:00,395.8374196894427,397.9579772949219,395.8374196894427,397.9579772949219,3300,0.0,0.0
2008-08-19 00:00:00+09:00,402.9059143066406,402.9059143066406,402.9059143066406,402.9059143066406,7300,0.0,0.0
2008-08-20 00:00:00+09:00,394.4236796431108,394.4236796431108,388.76885986328125,388.76885986328125,12300,0.0,0.0
2008-08-21 00:00:00+09:00,388.76885986328125,388.76885986328125,388.76885986328125,388.76885986328125,18500,0.0,0.0
2008-08-22 00:00:00+09:00,388.76894520447314,399.3717346191406,388.76894520447314,399.3717346191406,5400,0.0,0.0
2008-08-25 00:00:00+09:00,388.76886907613505,413.5087061991618,387.3551640976764,412.0950012207031,13100,0.0,0.0
2008-08-26 00:00:00+09:00,414.9224548339843,414.9224548339843,413.50874970678166,414.9224548339844,2300,0.0,0.0
2008-08-27 00:00:00+09:00,395.83746704532905,400.0785827636719,395.83746704532905,400.0785827636719,2900,0.0,0.0
2008-08-28 00:00:00+09:00,400.0785486038512,400.78540116322193,390.88946533203125,390.88946533203125,6100,0.0,0.0
2008-08-29 00:00:00+09:00,392.30317045077277,392.30317045077277,390.88946533203125,390.88946533203125,2100,0.0,0.0
2008-09-01 00:00:00+09:00,395.8373845880682,395.8373845880682,388.76885986328125,388.76885986328125,6400,0.0,0.0
2008-09-02 00:00:00+09:00,389.47571233575997,392.3031222256747,388.76885986328125,388.76885986328125,700,0.0,0.0
2008-09-03 00:00:00+09:00,402.9059093128551,402.9059093128551,385.9414499733665,388.76885986328125,11100,0.0,0.0
2008-09-04 00:00:00+09:00,385.94153279995703,385.94153279995703,385.23468017578125,385.23468017578125,2000,0.0,0.0
2008-09-05 00:00:00+09:00,376.0456237792969,376.0456237792969,376.0456237792969,376.0456237792969,1500,0.0,0.0
2008-09-08 00:00:00+09:00,382.40718761097304,388.76885986328125,382.40718761097304,388.76885986328125,2000,0.0,0.0
2008-09-09 00:00:00+09:00,388.0620073908026,388.76885986328125,385.9414499733665,388.76885986328125,3500,0.0,0.0
2008-09-10 00:00:00+09:00,385.23468017578125,385.23468017578125,385.23468017578125,385.23468017578125,4600,0.0,0.0
2008-09-11 00:00:00+09:00,385.23468017578125,385.23468017578125,385.23468017578125,385.23468017578125,2600,0.0,0.0
2008-09-12 00:00:00+09:00,385.23468017578125,385.23468017578125,385.23468017578125,385.23468017578125,6200,0.0,0.0
2008-09-16 00:00:00+09:00,356.96055103750786,384.5278015136719,356.96055103750786,384.5278015136719,2000,0.0,0.0
2008-09-17 00:00:00+09:00,384.5278015136719,384.5278015136719,384.5278015136719,384.5278015136719,600,0.0,0.0
2008-09-18 00:00:00+09:00,361.90855135658916,364.7359619140625,358.3742881597475,364.7359619140625,3900,0.0,0.0
2008-09-19 00:00:00+09:00,363.32219572049024,369.6838684082031,363.32219572049024,369.6838684082031,3900,0.0,0.0
2008-09-22 00:00:00+09:00,371.09762769226637,385.23468017578125,371.09762769226637,385.23468017578125,700,0.0,0.0
2008-09-24 00:00:00+09:00,369.6838509192834,369.6838509192834,361.90847355769233,367.56329345703125,5200,0.0,0.0
2008-09-25 00:00:00+09:00,365.4427008127888,365.4427008127888,363.3221435546875,363.3221435546875,800,0.0,0.0
2008-09-26 00:00:00+09:00,374.6318664550781,374.6318664550781,374.6318664550781,374.6318664550781,1700,0.0,0.0
2008-09-29 00:00:00+09:00,373.2181091308594,373.2181091308594,373.2181091308594,373.2181091308594,2400,0.0,0.0
2008-09-30 00:00:00+09:00,360.4948298638988,360.4948298638988,357.66741943359375,357.66741943359375,2200,0.0,0.0
2008-10-01 00:00:00+09:00,360.4947859927478,360.4947859927478,354.8399658203125,354.8399658203125,2400,0.0,0.0
2008-10-02 00:00:00+09:00,356.2537104492188,356.2537104492188,353.4263000488281,353.4263000488281,2800,0.0,0.0
2008-10-03 00:00:00+09:00,348.47821044921875,348.47821044921875,348.47821044921875,348.47821044921875,4900,0.0,0.0
2008-10-06 00:00:00+09:00,301.11920611213236,303.9466164981618,296.87809053308825,300.412353515625,7700,0.0,0.0
2008-10-07 00:00:00+09:00,254.46685614613438,261.53537992797146,244.5709228515625,244.5709228515625,19200,0.0,0.0
2008-10-08 00:00:00+09:00,231.140766682069,238.20929165705581,229.72706168707163,230.4339141845703,28000,0.0,0.0
2008-10-09 00:00:00+09:00,233.26138760181183,236.79565105032412,232.55453491210938,232.55453491210938,11600,0.0,0.0
2008-10-10 00:00:00+09:00,232.5545299053192,232.5545299053192,222.65859246253967,226.19285583496094,7300,0.0,0.0
2008-10-14 00:00:00+09:00,233.9681898174864,240.32986265240294,231.1407796686346,233.26133728027344,60000,0.0,0.0
2008-10-15 00:00:00+09:00,233.26133728027344,233.26133728027344,230.43392713142165,233.26133728027344,7900,0.0,0.0
2008-10-16 00:00:00+09:00,232.554528173212,232.554528173212,224.0722961425781,224.07229614257812,6900,0.0,0.0
2008-10-17 00:00:00+09:00,222.6585454633159,222.6585454633159,216.2968727357926,219.12428283691406,8100,0.0,0.0
2008-10-20 00:00:00+09:00,215.59003372192385,215.59003372192385,211.34891830444337,212.05577087402344,23300,0.0,0.0
2008-10-21 00:00:00+09:00,219.12429859929352,219.12429859929352,214.17633056640625,214.17633056640625,19100,0.0,0.0
2008-10-22 00:00:00+09:00,212.05580593351536,212.05580593351536,211.3489532470703,211.3489532470703,9200,0.0,0.0
2008-10-23 00:00:00+09:00,209.93521316528322,212.05577087402344,209.93521316528322,212.05577087402344,4600,0.0,0.0
2008-10-24 00:00:00+09:00,212.05580593351536,212.7626586199604,211.3489532470703,211.3489532470703,10500,0.0,0.0
2008-10-27 00:00:00+09:00,209.93520329887136,209.93520329887136,191.55703735351562,191.55703735351562,8200,0.0,0.0
2008-10-28 00:00:00+09:00,185.9022338256836,186.60908642578124,176.71315002441406,176.71315002441406,25400,0.0,0.0
2008-10-29 00:00:00+09:00,190.1433089665004,197.91868591308594,190.1433089665004,197.91868591308594,16700,0.0,0.0
2008-10-30 00:00:00+09:00,202.8667113564231,217.7106170654297,202.8667113564231,217.7106170654297,13000,0.0,0.0
2008-10-31 00:00:00+09:00,203.57352120535717,204.28037370954243,202.86666870117188,202.86666870117188,8700,0.0,0.0
2008-11-04 00:00:00+09:00,212.0557555158286,217.00372314453125,210.6420504790564,217.00372314453125,11400,0.0,0.0
2008-11-05 00:00:00+09:00,226.19285583496094,236.79564595222473,222.65859246253967,226.19285583496094,18500,0.0,0.0
2008-11-06 00:00:00+09:00,222.65858911404942,222.65858911404942,219.83117845863293,221.9517364501953,15000,0.0,0.0
2008-11-07 00:00:00+09:00,208.52150802612306,212.76262344360353,208.52150802612306,212.05577087402344,9600,0.0,0.0
2008-11-10 00:00:00+09:00,222.6585845947266,226.89970049176898,219.12432134719123,222.65858459472656,24300,0.0,0.0
2008-11-11 00:00:00+09:00,221.95173645019528,222.65858911404942,219.83117845863293,221.9517364501953,25300,0.0,0.0
2008-11-12 00:00:00+09:00,226.89967106745794,229.72708129882812,223.36540827824518,229.72708129882812,25400,0.0,0.0
2008-11-13 00:00:00+09:00,219.12432134719123,222.6585845947266,219.12432134719123,222.65858459472656,8500,0.0,0.0
2008-11-14 00:00:00+09:00,225.4859204082369,225.4859204082369,224.0722155780912,224.77906799316406,11900,0.0,0.0
2008-11-17 00:00:00+09:00,228.31338754492495,228.31338754492495,223.36541939379654,225.48597717285156,11100,0.0,0.0
2008-11-18 00:00:00+09:00,225.4859533651644,225.4859533651644,217.00372314453125,217.00372314453125,10000,0.0,0.0
2008-11-19 00:00:00+09:00,222.65858911404942,222.65858911404942,221.24488378634118,221.9517364501953,8000,0.0,0.0
2008-11-20 00:00:00+09:00,222.65859246253967,226.19285583496094,222.65859246253967,226.19285583496094,10100,0.0,0.0
2008-11-21 00:00:00+09:00,222.6585430052222,232.55447824989875,222.6585430052222,231.84762573242188,10300,0.0,0.0
2008-11-25 00:00:00+09:00,244.57100647654616,253.0532379150391,244.57100647654616,253.05323791503906,5700,0.0,0.0
2008-11-26 00:00:00+09:00,261.5354221291738,261.5354221291738,253.0531922222817,258.00115966796875,9900,0.0,0.0
2008-11-27 00:00:00+09:00,260.12171722740254,262.9491271972656,260.12171722740254,262.9491271972656,8300,0.0,0.0
2008-11-28 00:00:00+09:00,272.13823579694565,273.55194091796875,272.13823579694565,273.55194091796875,6000,0.0,0.0
2008-12-01 00:00:00+09:00,275.6724548339844,275.6724548339844,275.6724548339844,275.6724548339844,3400,0.0,0.0
2008-12-02 00:00:00+09:00,272.13818359375,272.13818359375,272.13818359375,272.13818359375,6100,0.0,0.0
2008-12-03 00:00:00+09:00,272.13818359375,272.13818359375,272.13818359375,272.13818359375,4000,0.0,0.0
2008-12-04 00:00:00+09:00,280.6204669350072,280.6204669350072,268.6039733886719,268.6039733886719,8100,0.0,0.0
2008-12-05 00:00:00+09:00,270.72454833984375,270.72454833984375,270.72454833984375,270.72454833984375,1000,0.0,0.0
2008-12-08 00:00:00+09:00,272.84509613878447,282.0341796875,272.84509613878447,282.0341796875,3100,0.0,0.0
2008-12-09 00:00:00+09:00,280.62046652308425,280.62046652308425,273.55194091796875,273.55194091796875,10100,0.0,0.0
2008-12-10 00:00:00+09:00,274.9656110153985,275.6724634858751,274.2587585449219,274.2587585449219,9100,0.0,0.0
2008-12-11 00:00:00+09:00,279.9136477661133,282.7410583496094,279.9136477661133,282.7410583496094,8400,0.0,0.0
2008-12-12 00:00:00+09:00,296.87807585063734,296.87807585063734,268.6039733886719,268.6039733886719,21400,0.0,0.0
2008-12-15 00:00:00+09:00,282.0341796875,282.0341796875,282.0341796875,282.0341796875,1600,0.0,0.0
2008-12-16 00:00:00+09:00,272.1382402014856,272.8450927734375,272.1382402014856,272.8450927734375,5300,0.0,0.0
2008-12-17 00:00:00+09:00,275.6724548339844,275.6724548339844,275.6724548339844,275.6724548339844,4100,0.0,0.0
2008-12-18 00:00:00+09:00,275.6724899851215,275.6724899851215,270.0176696777344,270.0176696777344,8400,0.0,0.0
2008-12-19 00:00:00+09:00,256.5874328613281,256.5874328613281,253.0531707007038,256.5874328613281,2900,0.0,0.0
2008-12-22 00:00:00+09:00,240.3298277924026,243.86408996582028,240.3298277924026,243.8640899658203,5400,0.0,0.0
2008-12-24 00:00:00+09:00,240.3297647398118,241.74346923828128,240.3297647398118,241.74346923828125,1600,0.0,0.0
2008-12-25 00:00:00+09:00,243.15724182128906,243.15724182128906,243.15724182128906,243.15724182128906,200,0.0,0.0
2008-12-26 00:00:00+09:00,268.6039822694486,268.6039822694486,267.1902770996094,267.1902770996094,9600,0.0,0.0
2008-12-29 00:00:00+09:00,264.3628234863281,264.3628234863281,264.3628234863281,264.3628234863281,0,0.0,0.0
2008-12-30 00:00:00+09:00,264.3628234863281,264.3628234863281,264.3628234863281,264.3628234863281,0,0.0,0.0
2009-01-05 00:00:00+09:00,266.48345828056335,266.48345828056335,226.19285583496094,226.19285583496094,0,0.0,0.0
2009-01-06 00:00:00+09:00,244.5709228515625,244.5709228515625,244.5709228515625,244.5709228515625,500,0.0,0.0
2009-01-07 00:00:00+09:00,248.1052705515986,260.12176513671875,248.1052705515986,260.12176513671875,1200,0.0,0.0
2009-01-08 00:00:00+09:00,240.32989501953122,240.32989501953122,240.32989501953122,240.32989501953125,5200,0.0,0.0
2009-01-09 00:00:00+09:00,248.81212317425272,261.53547038202703,248.81212317425272,260.12176513671875,3300,0.0,0.0
2009-01-13 00:00:00+09:00,236.79562377929688,243.86414986226097,235.38191856270407,236.79562377929688,27300,0.0,0.0
2009-01-14 00:00:00+09:00,222.6585107479455,224.77906799316403,222.6585107479455,224.77906799316406,1100,0.0,0.0
2009-01-15 00:00:00+09:00,217.71059623222234,228.31338500976565,217.71059623222234,228.31338500976562,12000,0.0,0.0
2009-01-16 00:00:00+09:00,217.0037436470528,228.31338500976565,217.0037436470528,228.31338500976562,700,0.0,0.0
2009-01-19 00:00:00+09:00,238.20930803739108,238.20930803739108,220.53799438476562,220.53799438476562,0,0.0,0.0
2009-01-20 00:00:00+09:00,220.53799438476562,220.53799438476562,220.53799438476562,220.53799438476562,100,0.0,0.0
2009-01-21 00:00:00+09:00,213.4694760131836,220.53800170898438,212.05577087402344,212.05577087402344,4700,0.0,0.0
2009-01-22 00:00:00+09:00,201.45295083933863,204.98721313476562,201.45295083933863,204.98721313476562,800,0.0,0.0
2009-01-23 00:00:00+09:00,210.64205932617188,210.64205932617188,210.64205932617188,210.64205932617188,500,0.0,0.0
2009-01-26 00:00:00+09:00,212.05577087402344,212.05577087402344,212.05577087402344,212.05577087402344,300,0.0,0.0
2009-01-27 00:00:00+09:00,209.93520000826928,219.12428283691406,209.93520000826928,219.12428283691406,1900,0.0,0.0
2009-01-28 00:00:00+09:00,239.62304238712085,240.32989501953122,239.62304238712085,240.32989501953125,3900,0.0,0.0
2009-01-29 00:00:00+09:00,209.22838354892417,215.59005737304688,209.22838354892417,215.59005737304688,1400,0.0,0.0
2009-01-30 00:00:00+09:00,219.1242991267024,219.1242991267024,209.22836303710938,209.22836303710938,200,0.0,0.0
2009-02-02 00:00:00+09:00,201.45298233032227,212.05577087402344,197.9187194824219,212.05577087402344,5500,0.0,0.0
2009-02-03 00:00:00+09:00,202.1598006112235,202.1598006112235,194.38442366463798,197.91868591308594,3300,0.0,0.0
2009-02-04 00:00:00+09:00,190.85018271830543,190.85018271830543,189.4364776611328,189.4364776611328,2900,0.0,0.0
2009-02-05 00:00:00+09:00,190.85016141619,197.91868591308594,190.85016141619,197.91868591308594,1700,0.0,0.0
2009-02-06 00:00:00+09:00,195.79812856401716,197.91868591308594,195.79812856401716,197.91868591308594,2500,0.0,0.0
2009-02-09 00:00:00+09:00,188.7296665970997,197.21189880371094,188.02281391321543,197.21189880371094,11600,0.0,0.0
2009-02-10 00:00:00+09:00,195.7981934359424,197.91875148759522,195.09134075205813,197.21189880371094,3700,0.0,0.0
2009-02-12 00:00:00+09:00,197.21189880371094,197.21189880371094,197.21189880371094,197.21189880371094,12300,0.0,0.0
2009-02-13 00:00:00+09:00,192.9707005818685,192.9707005818685,190.8501434326172,190.8501434326172,700,0.0,0.0
2009-02-16 00:00:00+09:00,190.143310546875,190.143310546875,190.143310546875,190.143310546875,4000,0.0,0.0
2009-02-17 00:00:00+09:00,187.31590916560248,187.31590916560248,183.78164672851562,183.78164672851562,400,0.0,0.0
2009-02-18 00:00:00+09:00,183.78164672851562,183.78164672851562,183.78164672851562,183.78164672851562,200,0.0,0.0
2009-02-19 00:00:00+09:00,183.78164672851562,183.78164672851562,183.78164672851562,183.78164672851562,100,0.0,0.0
2009-02-20 00:00:00+09:00,176.71314314299937,180.24740600585938,176.71314314299937,180.24740600585938,5200,0.0,0.0
2009-02-23 00:00:00+09:00,180.24741302490236,180.24741302490236,176.71315002441406,176.71315002441406,2800,0.0,0.0
2009-02-24 00:00:00+09:00,176.71314314299937,180.24740600585938,176.71314314299937,180.24740600585938,4000,0.0,0.0
2009-02-25 00:00:00+09:00,179.54055786132812,179.54055786132812,179.54055786132812,179.54055786132812,1000,0.0,0.0
2009-02-26 00:00:00+09:00,179.54055786132812,179.54055786132812,179.54055786132812,179.54055786132812,5000,0.0,0.0
2009-02-27 00:00:00+09:00,180.24741302490236,180.24741302490236,176.71315002441406,176.71315002441406,6500,0.0,0.0
2009-03-02 00:00:00+09:00,177.42000009131243,179.54055786132812,177.42000009131243,179.54055786132812,200,0.0,0.0
2009-03-03 00:00:00+09:00,179.54055786132812,179.54055786132812,179.54055786132812,179.54055786132812,0,0.0,0.0
2009-03-04 00:00:00+09:00,176.71315002441406,176.71315002441406,176.71315002441406,176.71315002441406,800,0.0,0.0
2009-03-05 00:00:00+09:00,177.41998291015625,177.41998291015625,177.41998291015625,177.41998291015625,700,0.0,0.0
2009-03-06 00:00:00+09:00,171.05833435058594,171.05833435058594,171.05833435058594,171.05833435058594,1800,0.0,0.0
2009-03-09 00:00:00+09:00,173.17884826660156,173.17884826660156,170.35143849898358,173.17884826660156,2400,0.0,0.0
2009-03-10 00:00:00+09:00,172.47203063964844,173.17888322423715,171.76517805505972,172.47203063964844,3100,0.0,0.0
2009-03-11 00:00:00+09:00,168.93777020772296,169.64462280273438,168.93777020772296,169.64462280273438,5000,0.0,0.0
2009-03-12 00:00:00+09:00,173.17884826660156,173.17884826660156,173.17884826660156,173.17884826660156,12300,0.0,0.0
2009-03-13 00:00:00+09:00,168.23089599609375,168.23089599609375,168.23089599609375,168.23089599609375,600,0.0,0.0
2009-03-16 00:00:00+09:00,169.6446174172794,180.24740600585938,166.11035455441942,180.24740600585938,1600,0.0,0.0
2009-03-17 00:00:00+09:00,173.88571166992188,173.88571166992188,173.88571166992188,173.88571166992188,800,0.0,0.0
2009-03-18 00:00:00+09:00,159.74868647257486,170.35147539774576,159.74868647257486,169.64462280273438,2700,0.0,0.0
2009-03-19 00:00:00+09:00,169.64462280273438,169.64462280273438,169.64462280273438,169.64462280273438,7400,0.0,0.0
2009-03-23 00:00:00+09:00,169.6446866122159,169.6446866122159,155.50762939453125,155.50762939453125,2200,0.0,0.0
2009-03-24 00:00:00+09:00,169.64462280273438,169.64462280273438,169.64462280273438,169.64462280273438,5400,0.0,0.0
2009-03-25 00:00:00+09:00,166.1103598276774,169.64462280273438,166.1103598276774,169.64462280273438,1400,0.0,0.0
2009-03-26 00:00:00+09:00,171.7651824951172,176.71315071514113,171.7651824951172,171.7651824951172,3100,0.0,0.0
2009-03-27 00:00:00+09:00,182.36798095703125,182.36798095703125,182.36798095703125,182.36798095703125,3400,0.0,0.0
2009-03-30 00:00:00+09:00,176.71315002441406,176.71315002441406,176.71315002441406,176.71315002441406,2300,0.0,0.0
2009-03-31 00:00:00+09:00,180.24740600585938,180.24740600585938,180.24740600585938,180.24740600585938,2700,0.0,0.0
2009-04-01 00:00:00+09:00,171.05829094088807,173.17884826660156,169.64458605707907,173.17884826660156,1900,0.0,0.0
2009-04-02 00:00:00+09:00,166.1103238475566,173.17884826660156,166.1103238475566,173.17884826660156,7000,0.0,0.0
2009-04-03 00:00:00+09:00,171.05832799275714,171.05832799275714,169.64462280273438,169.64462280273438,3300,0.0,0.0
2009-04-06 00:00:00+09:00,166.11033848353796,173.17886352539062,161.16237095424108,163.28292846679688,4100,0.0,0.0
2009-04-07 00:00:00+09:00,158.334978947874,172.47203063964844,158.334978947874,172.47203063964844,8100,0.0,0.0
2009-04-08 00:00:00+09:00,162.57614135742188,162.57614135742188,162.57614135742188,162.57614135742188,4500,0.0,0.0
2009-04-09 00:00:00+09:00,161.86922345842635,163.28292846679688,161.16237095424108,163.28292846679688,7900,0.0,0.0
2009-04-10 00:00:00+09:00,163.28295193688345,166.8172149658203,163.28295193688345,166.8172149658203,4300,0.0,0.0
2009-04-13 00:00:00+09:00,173.88574582054503,178.12686157226562,173.88574582054503,178.12686157226562,17800,0.0,0.0
2009-04-14 00:00:00+09:00,171.05829747003102,174.59255981445312,171.05829747003102,174.59255981445312,7000,0.0,0.0
2009-04-15 00:00:00+09:00,169.64461837072093,170.35147094726562,166.1103554879976,170.35147094726562,3100,0.0,0.0
2009-04-16 00:00:00+09:00,171.7651824951172,171.7651824951172,171.7651824951172,171.7651824951172,7000,0.0,0.0
2009-04-17 00:00:00+09:00,166.11033630371094,166.11033630371094,166.11033630371094,166.11033630371094,9100,0.0,0.0
2009-04-20 00:00:00+09:00,157.6281345462011,171.05833435058594,157.6281345462011,171.05833435058594,18200,0.0,0.0
2009-04-21 00:00:00+09:00,162.576102895185,171.05833435058594,162.576102895185,171.05833435058594,6400,0.0,0.0
2009-04-22 00:00:00+09:00,161.16235781766244,161.86921026423116,160.45550537109375,160.45550537109375,4300,0.0,0.0
2009-04-23 00:00:00+09:00,163.98980204264322,169.64462280273438,163.98980204264322,169.64462280273438,1600,0.0,0.0
2009-04-24 00:00:00+09:00,161.162353515625,161.162353515625,161.162353515625,161.162353515625,6300,0.0,0.0
2009-04-27 00:00:00+09:00,163.98978097098217,168.23089599609375,163.98978097098217,168.23089599609375,3600,0.0,0.0
2009-04-28 00:00:00+09:00,161.162353515625,161.162353515625,160.45550108792492,161.162353515625,6300,0.0,0.0
2009-04-30 00:00:00+09:00,163.28292846679688,163.28292846679688,163.28292846679688,163.28292846679688,900,0.0,0.0
2009-05-01 00:00:00+09:00,158.3349609375,163.28292846679688,156.92125592912947,163.28292846679688,7800,0.0,0.0
2009-05-07 00:00:00+09:00,166.11033630371094,168.9377462833486,166.11033630371094,166.11033630371094,3000,0.0,0.0
2009-05-08 00:00:00+09:00,167.5240650177002,169.64462280273438,167.5240650177002,169.64462280273438,2200,0.0,0.0
2009-05-11 00:00:00+09:00,175.29944232129674,179.54055786132812,173.17888455128107,179.54055786132812,5300,0.0,0.0
2009-05-12 00:00:00+09:00,171.76517805505972,172.47203063964844,169.64462030129354,172.47203063964844,13500,0.0,0.0
2009-05-13 00:00:00+09:00,172.47203063964844,173.17888322423715,172.47203063964844,172.47203063964844,3300,0.0,0.0
2009-05-14 00:00:00+09:00,169.64462030129354,172.47203063964844,169.64462030129354,172.47203063964844,1100,0.0,0.0
2009-05-15 00:00:00+09:00,169.64462280273438,169.64462280273438,169.64462280273438,169.64462280273438,600,0.0,0.0
2009-05-18 00:00:00+09:00,166.11033630371094,166.81718879862035,166.11033630371094,166.11033630371094,3300,0.0,0.0
2009-05-19 00:00:00+09:00,163.98978097098217,163.98978097098217,163.28292846679688,163.28292846679688,2500,0.0,0.0
2009-05-20 00:00:00+09:00,163.98980712890625,163.98980712890625,163.98980712890625,163.98980712890625,0,0.0,0.0
2009-05-21 00:00:00+09:00,165.40351236277613,165.40351236277613,163.98980712890625,163.98980712890625,500,0.0,0.0
2009-05-22 00:00:00+09:00,162.57610004541655,162.57610004541655,161.86924743652344,161.86924743652344,3500,0.0,0.0
2009-05-25 00:00:00+09:00,161.1623773533899,164.69664001464844,159.74867228888647,164.69664001464844,6000,0.0,0.0
2009-05-26 00:00:00+09:00,168.23091761271158,169.64462280273438,168.23091761271158,169.64462280273438,2400,0.0,0.0
2009-05-27 00:00:00+09:00,171.05829094088807,173.17884826660156,169.64458605707907,173.17884826660156,3200,0.0,0.0
2009-05-28 00:00:00+09:00,173.17884826660156,173.17884826660156,173.17884826660156,173.17884826660156,7200,0.0,0.0
2009-05-29 00:00:00+09:00,170.35147539774576,170.35147539774576,169.64462280273438,169.64462280273438,3400,0.0,0.0
2009-06-01 00:00:00+09:00,173.17888577779132,173.17888577779132,169.64462280273438,169.64462280273438,5800,0.0,0.0
2009-06-02 00:00:00+09:00,170.35143849898358,173.17884826660156,169.64458605707907,173.17884826660156,4100,0.0,0.0
2009-06-03 00:00:00+09:00,169.64462280273438,169.64462280273438,169.64462280273438,169.64462280273438,500,0.0,0.0
2009-06-04 00:00:00+09:00,169.6446291080191,171.05833435058594,169.6446291080191,171.05833435058594,3100,0.0,0.0
2009-06-05 00:00:00+09:00,173.88573714128628,179.54055786132812,173.88573714128628,179.54055786132812,6400,0.0,0.0
2009-06-08 00:00:00+09:00,190.8502098258215,194.38447297074413,183.07483090699174,185.1953887939453,12200,0.0,0.0
2009-06-09 00:00:00+09:00,185.19540118454094,188.72966456592533,183.7816958319872,188.02281188964844,8700,0.0,0.0
2009-06-10 00:00:00+09:00,197.9186638482183,200.03922096087777,196.5049591064453,196.5049591064453,11300,0.0,0.0
2009-06-11 00:00:00+09:00,197.91876519476617,202.86673432463533,197.91876519476617,202.15988159179688,12000,0.0,0.0
2009-06-12 00:00:00+09:00,212.76264678454788,217.7106153144211,212.05579413742313,215.59005737304688,18400,0.0,0.0
2009-06-15 00:00:00+09:00,215.59005737304688,215.59005737304688,212.05579413742313,215.59005737304688,6400,0.0,0.0
2009-06-16 00:00:00+09:00,211.3489532470703,211.3489532470703,211.3489532470703,211.3489532470703,4000,0.0,0.0
2009-06-17 00:00:00+09:00,205.69410514831543,207.1078103383382,203.57354736328125,203.57354736328125,3500,0.0,0.0
2009-06-18 00:00:00+09:00,197.91874244119774,198.62559509277344,185.90224736441073,198.62559509277344,5300,0.0,0.0
2009-06-19 00:00:00+09:00,196.50504611982666,197.21189880371094,193.6776353842896,197.21189880371094,3200,0.0,0.0
2009-06-22 00:00:00+09:00,195.79813730340257,201.4529571533203,195.79813730340257,201.4529571533203,2100,0.0,0.0
2009-06-23 00:00:00+09:00,196.50498101370675,197.91868591308594,195.79812856401716,197.91868591308594,5300,0.0,0.0
2009-06-24 00:00:00+09:00,201.4529571533203,202.15980963456005,197.91869474712172,201.4529571533203,4800,0.0,0.0
2009-06-25 00:00:00+09:00,210.64203280744883,217.7105573983028,204.98721313476562,204.98721313476562,9600,0.0,0.0
2009-06-26 00:00:00+09:00,215.5900137765067,215.5900137765067,205.69407871791296,207.81463623046875,6900,0.0,0.0
2009-06-29 00:00:00+09:00,199.33243974809352,207.10781860351562,199.33243974809352,207.10781860351562,2900,0.0,0.0
2009-06-30 00:00:00+09:00,203.57352120535717,208.52148873465404,202.1598161969866,202.86666870117188,1400,0.0,0.0
2009-07-01 00:00:00+09:00,199.33240618024556,204.9872262137277,199.33240618024556,202.86666870117188,2600,0.0,0.0
2009-07-02 00:00:00+09:00,203.57356237192622,215.59005737304688,203.57356237192622,215.59005737304688,3400,0.0,0.0
2009-07-03 00:00:00+09:00,204.98719192763508,208.52145385742188,204.98719192763508,208.52145385742188,2700,0.0,0.0
2009-07-06 00:00:00+09:00,206.4008966995498,208.52145385742188,205.69404431359243,208.52145385742188,2400,0.0,0.0
2009-07-07 00:00:00+09:00,207.1077837262835,209.2283412388393,207.1077837262835,207.81463623046875,2900,0.0,0.0
2009-07-08 00:00:00+09:00,206.40099027967946,207.1078429861167,204.98728486680494,205.6941375732422,4900,0.0,0.0
2009-07-09 00:00:00+09:00,207.1078028869629,212.05577087402344,205.69409774780274,212.05577087402344,4000,0.0,0.0
2009-07-10 00:00:00+09:00,208.52150995739223,214.17633056640625,208.52150995739223,214.17633056640625,12000,0.0,0.0
2009-07-13 00:00:00+09:00,212.05577850341797,212.05577850341797,203.57354736328125,203.57354736328125,1400,0.0,0.0
2009-07-14 00:00:00+09:00,207.10781860351562,207.10781860351562,207.10781860351562,207.10781860351562,300,0.0,0.0
2009-07-15 00:00:00+09:00,207.10781860351562,207.10781860351562,207.10781860351562,207.10781860351562,1200,0.0,0.0
2009-07-16 00:00:00+09:00,204.98728486680494,206.40099027967946,204.98728486680494,205.6941375732422,1600,0.0,0.0
2009-07-17 00:00:00+09:00,205.69406559385104,205.69406559385104,204.98721313476562,204.98721313476562,300,0.0,0.0
2009-07-21 00:00:00+09:00,212.05573772561962,212.05573772561962,204.98721313476562,204.98721313476562,0,0.0,0.0
2009-07-22 00:00:00+09:00,202.1598161969866,204.9872262137277,201.45296369280135,202.86666870117188,2100,0.0,0.0
2009-07-23 00:00:00+09:00,202.86665306091308,202.86665306091308,197.91868591308594,197.91868591308594,1300,0.0,0.0
2009-07-24 00:00:00+09:00,202.15980329842404,204.98721313476562,200.03924592116783,204.98721313476562,1100,0.0,0.0
2009-07-27 00:00:00+09:00,202.15985775902158,222.6585845947266,202.15985775902158,222.65858459472656,4000,0.0,0.0
2009-07-28 00:00:00+09:00,219.83112880161832,219.83112880161832,204.9872262137277,207.81463623046875,9300,0.0,0.0
2009-07-29 00:00:00+09:00,197.91868854391166,204.98721313476562,197.91868854391166,204.98721313476562,7100,0.0,0.0
2009-07-30 00:00:00+09:00,202.15980329842404,204.98721313476562,200.74609838025324,204.98721313476562,2300,0.0,0.0
2009-07-31 00:00:00+09:00,201.45299662128355,204.98725971990254,200.03929138183594,200.03929138183594,4600,0.0,0.0
2009-08-03 00:00:00+09:00,198.62559509277344,199.33244774434914,198.62559509277344,198.62559509277344,2400,0.0,0.0
2009-08-04 00:00:00+09:00,202.1598537796778,202.1598537796778,199.3324432373047,199.3324432373047,800,0.0,0.0
2009-08-05 00:00:00+09:00,199.33246462110063,200.7461700439453,199.33246462110063,200.7461700439453,500,0.0,0.0
2009-08-06 00:00:00+09:00,201.4529571533203,202.15980963456005,200.7461046720806,201.4529571533203,900,0.0,0.0
2009-08-07 00:00:00+09:00,202.15980963456005,202.15980963456005,200.7461046720806,201.4529571533203,1300,0.0,0.0
2009-08-10 00:00:00+09:00,200.03931733252296,200.7461700439453,199.33246462110063,200.7461700439453,2300,0.0,0.0
2009-08-11 00:00:00+09:00,200.74614400155974,201.45299662128355,199.33243876211213,200.03929138183594,7000,0.0,0.0
2009-08-12 00:00:00+09:00,201.45300114408454,201.45300114408454,199.3324432373047,199.3324432373047,9900,0.0,0.0
2009-08-13 00:00:00+09:00,201.45300114408454,201.45300114408454,199.3324432373047,199.3324432373047,1600,0.0,0.0
2009-08-14 00:00:00+09:00,201.4529571533203,204.98721955951893,201.4529571533203,201.4529571533203,2000,0.0,0.0
2009-08-17 00:00:00+09:00,200.03929138183594,200.03929138183594,200.03929138183594,200.03929138183594,1500,0.0,0.0
2009-08-18 00:00:00+09:00,195.79813487659803,196.5049873490767,194.38442993164062,194.38442993164062,9900,0.0,0.0
2009-08-19 00:00:00+09:00,195.79811011420358,195.79811011420358,187.31588151719836,190.8501434326172,2700,0.0,0.0
2009-08-20 00:00:00+09:00,190.8501848171558,191.55703735351562,187.3159221353566,191.55703735351562,7100,0.0,0.0
2009-08-21 00:00:00+09:00,192.26384819878473,192.26384819878473,190.8501434326172,190.8501434326172,0,0.0,0.0
2009-08-24 00:00:00+09:00,191.55702004172585,201.45295465642755,191.55702004172585,194.38442993164062,2500,0.0,0.0
2009-08-25 00:00:00+09:00,196.5049591064453,196.5049591064453,196.5049591064453,196.5049591064453,100,0.0,0.0
2009-08-26 00:00:00+09:00,201.45298170006794,201.45298170006794,194.38445602638134,195.09130859375,1800,0.0,0.0
2009-08-27 00:00:00+09:00,197.91869474712172,201.4529571533203,195.79813730340257,201.4529571533203,4000,0.0,0.0
2009-08-28 00:00:00+09:00,197.9187194824219,212.05577087402344,197.9187194824219,212.05577087402344,6800,0.0,0.0
2009-08-31 00:00:00+09:00,209.22840258101343,209.22840258101343,200.7461700439453,200.7461700439453,3400,0.0,0.0
2009-09-02 00:00:00+09:00,201.4529571533203,201.4529571533203,201.4529571533203,201.4529571533203,700,0.0,0.0
2009-09-03 00:00:00+09:00,202.86665306091308,202.86665306091308,197.91868591308594,197.91868591308594,4000,0.0,0.0
2009-09-04 00:00:00+09:00,200.03929587289798,200.74614850849125,199.3324432373047,199.3324432373047,1100,0.0,0.0
2009-09-07 00:00:00+09:00,206.40099798882758,206.40099798882758,202.15988159179688,202.15988159179688,4800,0.0,0.0
2009-09-08 00:00:00+09:00,207.1078429861167,207.1078429861167,204.98728486680494,205.6941375732422,2700,0.0,0.0
2009-09-09 00:00:00+09:00,204.98721313476562,206.40091805293642,204.98721313476562,204.98721313476562,5800,0.0,0.0
2009-09-10 00:00:00+09:00,207.10779658579986,210.64205932617188,207.10779658579986,210.64205932617188,4300,0.0,0.0
2009-09-11 00:00:00+09:00,212.05573772561962,212.05573772561962,204.98721313476562,204.98721313476562,13400,0.0,0.0
2009-09-14 00:00:00+09:00,204.28036067568024,209.22832788927803,204.28036067568024,204.98721313476562,10700,0.0,0.0
2009-09-15 00:00:00+09:00,204.98721313476562,204.98721313476562,204.98721313476562,204.98721313476562,100,0.0,0.0
2009-09-16 00:00:00+09:00,202.15984924100732,202.15984924100732,200.03929138183594,200.03929138183594,1800,0.0,0.0
2009-09-17 00:00:00+09:00,200.03924592116783,204.98721313476562,198.62554100299704,204.98721313476562,5900,0.0,0.0
2009-09-18 00:00:00+09:00,205.69406285967145,205.69406285967145,197.91868591308594,197.91868591308594,4600,0.0,0.0
2009-09-21 00:00:00+09:00,197.91868591308594,197.91868591308594,197.91868591308594,197.91868591308594,0,0.0,0.0
2009-09-24 00:00:00+09:00,194.38440199378581,196.5049591064453,194.38440199378581,196.5049591064453,1000,0.0,0.0
2009-09-25 00:00:00+09:00,197.91874244119774,198.62559509277344,197.91874244119774,198.62559509277344,2200,0.0,0.0
2009-09-28 00:00:00+09:00,210.64208540679715,210.64208540679715,199.3324432373047,199.3324432373047,5700,0.0,0.0
2009-09-29 00:00:00+09:00,204.98721313476562,204.98721313476562,204.98721313476562,204.98721313476562,400,0.0,0.0
2009-09-30 00:00:00+09:00,204.98721955951893,204.98721955951893,201.4529571533203,201.4529571533203,1200,0.0,0.0
2009-10-01 00:00:00+09:00,197.91868354439305,198.625535985623,194.38442133824316,195.79812622070312,4800,0.0,0.0
2009-10-02 00:00:00+09:00,201.45298170006794,201.45298170006794,195.09130859375,195.09130859375,2600,0.0,0.0
2009-10-05 00:00:00+09:00,192.26388988987546,192.9707424262353,191.55703735351562,191.55703735351562,4200,0.0,0.0
2009-10-06 00:00:00+09:00,194.38440534803604,194.38440534803604,190.8501434326172,190.8501434326172,3900,0.0,0.0
2009-10-07 00:00:00+09:00,192.97078062358656,192.97078062358656,188.02281188964844,188.02281188964844,4900,0.0,0.0
2009-10-08 00:00:00+09:00,190.8501434326172,190.8501434326172,190.8501434326172,190.8501434326172,5000,0.0,0.0
2009-10-09 00:00:00+09:00,197.91868854391166,204.98721313476562,195.79813116665545,204.98721313476562,2900,0.0,0.0
2009-10-13 00:00:00+09:00,212.05580593351536,212.05580593351536,201.45301563683958,211.3489532470703,13800,0.0,0.0
2009-10-14 00:00:00+09:00,211.34892590840656,211.34892590840656,203.57354736328125,203.57354736328125,300,0.0,0.0
2009-10-15 00:00:00+09:00,204.28040710017873,204.28040710017873,200.03929138183594,200.03929138183594,500,0.0,0.0
2009-10-16 00:00:00+09:00,201.4529571533203,201.4529571533203,201.4529571533203,201.4529571533203,100,0.0,0.0
2009-10-19 00:00:00+09:00,195.79813487659803,195.79813487659803,194.38442993164062,194.38442993164062,2200,0.0,0.0
2009-10-20 00:00:00+09:00,197.9186922940341,197.9186922940341,194.38442993164062,194.38442993164062,2700,0.0,0.0
2009-10-21 00:00:00+09:00,195.0912824041193,195.0912824041193,194.38442993164062,194.38442993164062,300,0.0,0.0
2009-10-22 00:00:00+09:00,194.38442133824316,195.79812622070312,194.38442133824316,195.79812622070312,200,0.0,0.0
2009-10-23 00:00:00+09:00,195.79812622070312,202.86665063300288,195.79812622070312,195.79812622070312,500,0.0,0.0
2009-10-26 00:00:00+09:00,197.91869474712172,201.4529571533203,197.91869474712172,201.4529571533203,300,0.0,0.0
2009-10-27 00:00:00+09:00,203.57352120535717,207.81463623046875,203.57352120535717,207.81463623046875,1200,0.0,0.0
2009-10-28 00:00:00+09:00,210.64201101529397,210.64201101529397,207.81460147146453,208.52145385742188,4300,0.0,0.0
2009-10-29 00:00:00+09:00,206.40092452199838,206.40092452199838,195.09128482216283,201.4529571533203,3200,0.0,0.0
2009-10-30 00:00:00+09:00,195.09130859375,195.09130859375,195.09130859375,195.09130859375,200,0.0,0.0
2009-11-02 00:00:00+09:00,191.55701545800417,191.55701545800417,188.02275318018124,190.143310546875,3500,0.0,0.0
2009-11-04 00:00:00+09:00,186.60907188158356,188.72962951660156,186.60907188158356,188.72962951660156,400,0.0,0.0
2009-11-05 00:00:00+09:00,188.72960563574583,190.143310546875,188.72960563574583,190.143310546875,1700,0.0,0.0
2009-11-06 00:00:00+09:00,192.2638679135688,192.2638679135688,190.143310546875,190.143310546875,1600,0.0,0.0
2009-11-09 00:00:00+09:00,190.8501434326172,190.8501434326172,190.8501434326172,190.8501434326172,3800,0.0,0.0
2009-11-10 00:00:00+09:00,195.09128482216283,201.4529571533203,194.38443234092313,201.4529571533203,2300,0.0,0.0
2009-11-11 00:00:00+09:00,200.0392521908409,201.4529571533203,200.0392521908409,201.4529571533203,4700,0.0,0.0
2009-11-12 00:00:00+09:00,202.86666211579976,202.86666211579976,200.7461046720806,201.4529571533203,10200,0.0,0.0
2009-11-13 00:00:00+09:00,197.91868591308594,197.91868591308594,197.91868591308594,197.91868591308594,1700,0.0,0.0
2009-11-16 00:00:00+09:00,191.55703735351562,191.55703735351562,191.55703735351562,191.55703735351562,300,0.0,0.0
2009-11-17 00:00:00+09:00,188.72961015181107,194.38442993164062,188.72961015181107,194.38442993164062,1500,0.0,0.0
2009-11-18 00:00:00+09:00,188.72963787527644,192.26390075683594,188.72963787527644,192.26390075683594,800,0.0,0.0
2009-11-19 00:00:00+09:00,185.1953831849833,185.9022357925596,168.23092060315278,178.83370971679688,4500,0.0,0.0
2009-11-20 00:00:00+09:00,192.26388586279882,192.26388586279882,177.41998291015625,177.41998291015625,0,0.0,0.0
2009-11-24 00:00:00+09:00,178.12686157226562,178.12686157226562,178.12686157226562,178.12686157226562,100,0.0,0.0
2009-11-25 00:00:00+09:00,178.83370086071537,180.24740600585938,178.83370086071537,180.24740600585938,1500,0.0,0.0
2009-11-26 00:00:00+09:00,180.2473842914288,183.78164672851562,178.83367931659407,183.78164672851562,4800,0.0,0.0
2009-11-27 00:00:00+09:00,181.66107177734375,181.66107177734375,178.12680968050827,181.66107177734375,3700,0.0,0.0
2009-11-30 00:00:00+09:00,178.83370086071537,180.24740600585938,178.83370086071537,180.24740600585938,1700,0.0,0.0
2009-12-01 00:00:00+09:00,180.24740600585938,180.24740600585938,180.24740600585938,180.24740600585938,1900,0.0,0.0
2009-12-02 00:00:00+09:00,180.95425857843136,180.95425857843136,180.24740600585938,180.24740600585938,3100,0.0,0.0
2009-12-03 00:00:00+09:00,176.7131563216921,178.12686157226562,176.7131563216921,178.12686157226562,400,0.0,0.0
2009-12-04 00:00:00+09:00,178.12685894966125,183.78167986869812,178.12685894966125,180.9542694091797,2500,0.0,0.0
2009-12-07 00:00:00+09:00,183.78164672851562,183.78164672851562,180.2473842914288,183.78164672851562,2500,0.0,0.0
2009-12-08 00:00:00+09:00,181.66112831766293,183.78168623576792,180.24742303892623,182.36798095703125,4600,0.0,0.0
2009-12-09 00:00:00+09:00,182.36798095703125,183.0748335963996,182.36798095703125,182.36798095703125,1600,0.0,0.0
2009-12-10 00:00:00+09:00,189.43647974443613,191.55703735351562,186.60906959899677,191.55703735351562,4000,0.0,0.0
2009-12-11 00:00:00+09:00,191.55704818052402,196.5050162147073,186.60908014634074,192.26390075683594,10700,0.0,0.0
2009-12-14 00:00:00+09:00,178.1268435866207,186.60907423360266,178.1268435866207,185.9022216796875,14700,0.0,0.0
2009-12-15 00:00:00+09:00,178.83367907516356,178.83367907516356,173.88571166992188,173.88571166992188,1300,0.0,0.0
2009-12-16 00:00:00+09:00,179.54056042480468,179.54056042480468,176.71315002441406,176.71315002441406,300,0.0,0.0
2009-12-17 00:00:00+09:00,176.71315189406806,178.83370971679688,176.71315189406806,178.83370971679688,1400,0.0,0.0
2009-12-18 00:00:00+09:00,176.71315002441406,177.4200026245117,176.71315002441406,176.71315002441406,700,0.0,0.0
2009-12-21 00:00:00+09:00,176.71315189406806,178.83370971679688,176.71315189406806,178.83370971679688,600,0.0,0.0
2009-12-22 00:00:00+09:00,177.4200026245117,178.83370782470703,176.71315002441406,176.71315002441406,500,0.0,0.0
2009-12-24 00:00:00+09:00,176.71314750130722,179.54055786132812,176.71314750130722,179.54055786132812,2200,0.0,0.0
2009-12-25 00:00:00+09:00,180.2473842914288,183.78164672851562,178.1268268291767,183.78164672851562,5600,0.0,0.0
2009-12-28 00:00:00+09:00,176.71315002441406,178.83370782470703,176.71315002441406,176.71315002441406,6200,0.0,0.0
2009-12-29 00:00:00+09:00,176.71315002441406,176.71315002441406,176.71315002441406,176.71315002441406,4300,0.0,0.0
2009-12-30 00:00:00+09:00,176.00629742431641,176.71315002441406,171.76518182373047,176.71315002441406,3100,0.0,0.0
2010-01-04 00:00:00+09:00,176.7131563216921,178.12686157226562,176.7131563216921,178.12686157226562,800,0.0,0.0
2010-01-05 00:00:00+09:00,178.83370971679688,178.83370971679688,178.83370971679688,178.83370971679688,100,0.0,0.0
2010-01-06 00:00:00+09:00,176.7131563216921,178.12686157226562,176.7131563216921,178.12686157226562,1200,0.0,0.0
2010-01-07 00:00:00+09:00,182.36797275467822,182.36797275467822,178.83370971679688,178.83370971679688,1400,0.0,0.0
2010-01-08 00:00:00+09:00,183.78165743244227,189.4364776611328,183.07480490385595,189.4364776611328,4100,0.0,0.0
2010-01-12 00:00:00+09:00,195.0913318348949,198.62559509277344,180.2474261518051,198.62559509277344,14600,0.0,0.0
2010-01-13 00:00:00+09:00,187.31592007537384,189.4364776611328,187.31592007537384,189.4364776611328,200,0.0,0.0
2010-01-14 00:00:00+09:00,195.091327423745,199.3324432373047,195.091327423745,199.3324432373047,2400,0.0,0.0
2010-01-15 00:00:00+09:00,195.0912824041193,195.0912824041193,194.38442993164062,194.38442993164062,1900,0.0,0.0
2010-01-18 00:00:00+09:00,194.38442993164062,194.38442993164062,194.38442993164062,194.38442993164062,100,0.0,0.0
2010-01-19 00:00:00+09:00,197.21189880371094,197.21189880371094,197.21189880371094,197.21189880371094,1100,0.0,0.0
2010-01-20 00:00:00+09:00,192.2639279473097,194.38448597614033,187.31595921337157,188.02281188964844,4900,0.0,0.0
2010-01-21 00:00:00+09:00,191.55703735351562,191.55703735351562,191.55703735351562,191.55703735351562,300,0.0,0.0
2010-01-22 00:00:00+09:00,191.55702004172585,194.38442993164062,188.72961015181107,194.38442993164062,1600,0.0,0.0
2010-01-25 00:00:00+09:00,190.14333866105412,192.9707489013672,190.14333866105412,192.9707489013672,300,0.0,0.0
2010-01-26 00:00:00+09:00,194.38442993164062,194.38442993164062,194.38442993164062,194.38442993164062,1100,0.0,0.0
2010-01-27 00:00:00+09:00,195.7981067355588,197.2118114773318,195.09125436467232,196.5049591064453,1600,0.0,0.0
2010-01-28 00:00:00+09:00,197.9186922940341,197.9186922940341,194.38442993164062,194.38442993164062,2100,0.0,0.0
2010-01-29 00:00:00+09:00,190.143310546875,190.143310546875,190.143310546875,190.143310546875,200,0.0,0.0
2010-02-01 00:00:00+09:00,194.38442993164062,194.38442993164062,194.38442993164062,194.38442993164062,300,0.0,0.0
2010-02-02 00:00:00+09:00,198.6255714305933,198.6255714305933,194.38445602638134,195.09130859375,2600,0.0,0.0
2010-02-03 00:00:00+09:00,190.85018687004592,197.91871230967723,190.85018687004592,193.67759704589844,1300,0.0,0.0
2010-02-04 00:00:00+09:00,200.03931733252296,200.7461700439453,194.3844956411442,200.7461700439453,2700,0.0,0.0
2010-02-05 00:00:00+09:00,194.38445602638134,195.09130859375,191.55704575690672,195.09130859375,4300,0.0,0.0
2010-02-08 00:00:00+09:00,192.26387251420456,194.38442993164062,192.26387251420456,194.38442993164062,1000,0.0,0.0
2010-02-09 00:00:00+09:00,195.7981934359424,197.21189880371094,192.97078270040532,197.21189880371094,1400,0.0,0.0
2010-02-10 00:00:00+09:00,196.50502925521278,207.10781860351562,196.50502925521278,207.10781860351562,4600,0.0,0.0
2010-02-12 00:00:00+09:00,204.98721313476562,204.98721313476562,204.98721313476562,204.98721313476562,10400,0.0,0.0
2010-02-15 00:00:00+09:00,197.2118715782688,206.4009552001953,195.09131381936268,206.4009552001953,4600,0.0,0.0
2010-02-16 00:00:00+09:00,198.62553836277553,198.62553836277553,197.91868591308594,197.91868591308594,300,0.0,0.0
2010-02-17 00:00:00+09:00,200.74612913269928,200.74612913269928,195.09130859375,195.09130859375,0,0.0,0.0
2010-02-18 00:00:00+09:00,195.09130859375,195.09130859375,195.09130859375,195.09130859375,1100,0.0,0.0
2010-02-19 00:00:00+09:00,195.09130859375,195.09130859375,195.09130859375,195.09130859375,1400,0.0,0.0
2010-02-22 00:00:00+09:00,197.9187266031901,203.57354736328125,197.9187266031901,203.57354736328125,500,0.0,0.0
2010-02-23 00:00:00+09:00,198.62551964653863,198.62551964653863,188.7295862833659,190.8501434326172,13300,0.0,0.0
2010-02-24 00:00:00+09:00,197.91866726345486,197.91866726345486,190.8501434326172,190.8501434326172,6000,0.0,0.0
2010-02-25 00:00:00+09:00,193.67755296495227,195.0912577311198,190.14329104953345,190.8501434326172,4300,0.0,0.0
2010-02-26 00:00:00+09:00,187.31590916560248,187.31590916560248,176.71312185434195,183.78164672851562,7900,0.0,0.0
2010-03-01 00:00:00+09:00,183.78168623576792,183.78168623576792,182.36798095703125,182.36798095703125,1700,0.0,0.0
2010-03-02 00:00:00+09:00,183.7816958319872,188.02281188964844,183.7816958319872,188.02281188964844,2800,0.0,0.0
2010-03-03 00:00:00+09:00,186.6090545654297,186.6090545654297,186.6090545654297,186.6090545654297,700,0.0,0.0
2010-03-04 00:00:00+09:00,188.72962951660156,188.72962951660156,188.72962951660156,188.72962951660156,300,0.0,0.0
2010-03-05 00:00:00+09:00,190.8501671100485,190.8501671100485,184.48849487304685,184.48849487304688,6000,0.0,0.0
2010-03-08 00:00:00+09:00,188.02281188964844,190.14336991847907,188.02281188964844,188.02281188964844,7500,0.0,0.0
2010-03-09 00:00:00+09:00,188.7296383839733,190.14334354040759,187.31593322753906,187.31593322753906,2500,0.0,0.0
2010-03-10 00:00:00+09:00,189.4365020859789,200.03929138183594,189.4365020859789,200.03929138183594,7800,0.0,0.0
2010-03-11 00:00:00+09:00,202.15980963456005,202.15980963456005,198.62554722836146,201.4529571533203,6600,0.0,0.0
2010-03-12 00:00:00+09:00,195.7981756634931,201.45299662128355,195.7981756634931,200.03929138183594,12100,0.0,0.0
2010-03-15 00:00:00+09:00,197.91868591308594,197.91868591308594,197.91868591308594,197.91868591308594,1000,0.0,0.0
2010-03-16 00:00:00+09:00,196.5050137284873,196.5050137284873,195.09130859375,195.09130859375,0,0.0,0.0
2010-03-17 00:00:00+09:00,195.09127611432757,197.91868591308594,195.09127611432757,197.91868591308594,6900,0.0,0.0
2010-03-18 00:00:00+09:00,195.7981800593383,199.3324432373047,195.7981800593383,199.3324432373047,2600,0.0,0.0
2010-03-19 00:00:00+09:00,200.03922096087777,200.03922096087777,196.5049591064453,196.5049591064453,3400,0.0,0.0
2010-03-23 00:00:00+09:00,197.21189880371094,197.21189880371094,197.21189880371094,197.21189880371094,200,0.0,0.0
2010-03-24 00:00:00+09:00,197.21189880371094,197.91875148759522,197.21189880371094,197.21189880371094,4400,0.0,0.0
2010-03-25 00:00:00+09:00,199.33246462110063,200.7461700439453,198.62561190967827,200.7461700439453,4300,0.0,0.0
2010-03-26 00:00:00+09:00,207.10774908550715,208.52145385742188,202.86663476976298,208.52145385742188,10300,0.0,0.0
2010-03-29 00:00:00+09:00,208.52150995739223,215.59003571865978,208.52150995739223,214.17633056640625,3400,0.0,0.0
2010-03-30 00:00:00+09:00,216.2968727357926,219.12428283691406,212.05575758411038,219.12428283691406,4900,0.0,0.0
2010-03-31 00:00:00+09:00,222.6585454633159,222.6585454633159,219.12428283691406,219.12428283691406,3900,0.0,0.0
2010-04-01 00:00:00+09:00,218.4174346923828,218.4174346923828,218.4174346923828,218.4174346923828,300,0.0,0.0
2010-04-02 00:00:00+09:00,209.93524275818834,224.7791488117976,209.93524275818834,224.07229614257812,1700,0.0,0.0
2010-04-05 00:00:00+09:00,209.93517310101052,245.98464726987092,209.93517310101052,243.8640899658203,2900,0.0,0.0
2010-04-06 00:00:00+09:00,238.20930043056873,243.8641206188315,236.79559538350304,238.91615295410156,5700,0.0,0.0
2010-04-07 00:00:00+09:00,239.6230171086238,239.6230171086238,226.1928185096154,229.72708129882812,28600,0.0,0.0
2010-04-08 00:00:00+09:00,228.31338253662858,231.14079284667972,228.31338253662858,231.1407928466797,900,0.0,0.0
2010-04-09 00:00:00+09:00,239.62295620427653,245.2777752297462,239.62295620427653,244.5709228515625,11100,0.0,0.0
2010-04-12 00:00:00+09:00,245.27784239003356,253.0532206790548,245.27784239003356,250.9326629638672,2200,0.0,0.0
2010-04-13 00:00:00+09:00,247.39835213923797,247.39835213923797,243.86408996582028,243.8640899658203,2900,0.0,0.0
2010-04-14 00:00:00+09:00,243.1572464425223,254.46688581194195,243.1572464425223,247.3983612060547,2700,0.0,0.0
2010-04-15 00:00:00+09:00,254.4669952392578,259.4149645911323,254.4669952392578,254.4669952392578,2900,0.0,0.0
2010-04-16 00:00:00+09:00,247.39846759372287,254.4669952392578,247.39846759372287,254.4669952392578,3300,0.0,0.0
2010-04-19 00:00:00+09:00,248.1052089513734,254.4668809757676,237.50242224404977,243.15724182128906,4400,0.0,0.0
2010-04-20 00:00:00+09:00,243.86409890311103,247.3983612060547,243.86409890311103,247.3983612060547,500,0.0,0.0
2010-04-21 00:00:00+09:00,253.0531808907645,253.0531808907645,247.3983612060547,247.3983612060547,3100,0.0,0.0
2010-04-22 00:00:00+09:00,247.3983612060547,247.3983612060547,247.3983612060547,247.3983612060547,300,0.0,0.0
2010-04-23 00:00:00+09:00,243.8641073277269,243.8641073277269,240.3298449026874,241.0366973876953,1100,0.0,0.0
2010-04-26 00:00:00+09:00,243.86409890311103,247.3983612060547,243.86409890311103,247.3983612060547,1200,0.0,0.0
2010-04-27 00:00:00+09:00,245.98471517865184,245.98471517865184,244.57100991900444,245.27786254882812,900,0.0,0.0
2010-04-28 00:00:00+09:00,243.86408996582028,243.86408996582028,243.86408996582028,243.8640899658203,200,0.0,0.0
2010-04-30 00:00:00+09:00,243.86407047337877,244.5709228515625,243.86407047337877,244.5709228515625,800,0.0,0.0
2010-05-06 00:00:00+09:00,240.32985800116725,240.32985800116725,233.2613327658388,238.91615295410156,4700,0.0,0.0
2010-05-07 00:00:00+09:00,237.50250374002658,237.50250374002658,223.3654499459774,232.55453491210938,6700,0.0,0.0
2010-05-10 00:00:00+09:00,238.209270488352,243.86408996582028,238.209270488352,243.8640899658203,4600,0.0,0.0
2010-05-11 00:00:00+09:00,244.57094051503177,246.69149780273438,243.1572356565634,246.69149780273438,5100,0.0,0.0
2010-05-12 00:00:00+09:00,246.6915426870493,246.6915426870493,226.1928185096154,229.72708129882812,13800,0.0,0.0
2010-05-13 00:00:00+09:00,221.24480591779982,224.77906799316403,214.88313418214423,224.77906799316406,8400,0.0,0.0
2010-05-14 00:00:00+09:00,219.12428283691406,219.12428283691406,213.46946263467112,219.12428283691406,1600,0.0,0.0
2010-05-17 00:00:00+09:00,217.7106290905681,217.7106290905681,212.76266024760062,213.46951293945312,1400,0.0,0.0
2010-05-18 00:00:00+09:00,204.28039995829263,211.34892590840656,203.57354736328125,203.57354736328125,3300,0.0,0.0
2010-05-19 00:00:00+09:00,205.6941375732422,205.6941375732422,205.6941375732422,205.6941375732422,400,0.0,0.0
2010-05-20 00:00:00+09:00,202.86669476826984,204.98725255330402,202.15984217325845,203.57354736328125,900,0.0,0.0
2010-05-21 00:00:00+09:00,204.28036067568024,204.98721313476562,204.28036067568024,204.98721313476562,700,0.0,0.0
2010-05-24 00:00:00+09:00,216.29685974121094,216.29685974121094,216.29685974121094,216.29685974121094,200,0.0,0.0
2010-05-25 00:00:00+09:00,212.05581193117752,212.05581193117752,204.98728486680494,205.6941375732422,1200,0.0,0.0
2010-05-26 00:00:00+09:00,200.03927110505583,210.64205932617188,200.03927110505583,210.64205932617188,1900,0.0,0.0
2010-05-27 00:00:00+09:00,216.29691002017162,216.29691002017162,215.59005737304688,215.59005737304688,700,0.0,0.0
2010-05-28 00:00:00+09:00,226.8997039794922,226.8997039794922,226.8997039794922,226.8997039794922,2200,0.0,0.0
2010-05-31 00:00:00+09:00,227.60649182549838,227.60649182549838,204.98721313476562,204.98721313476562,0,0.0,0.0
2010-06-01 00:00:00+09:00,209.93521118164062,209.93521118164062,209.93521118164062,209.93521118164062,100,0.0,0.0
2010-06-02 00:00:00+09:00,210.64201101529397,210.64201101529397,208.52145385742188,208.52145385742188,0,0.0,0.0
2010-06-03 00:00:00+09:00,210.64205932617188,210.64205932617188,210.64205932617188,210.64205932617188,100,0.0,0.0
2010-06-04 00:00:00+09:00,215.59003571865978,215.59003571865978,213.4694779902795,214.17633056640625,900,0.0,0.0
2010-06-07 00:00:00+09:00,215.59005737304688,216.29691002017162,212.76264678454788,215.59005737304688,2400,0.0,0.0
2010-06-08 00:00:00+09:00,215.5899853455393,215.5899853455393,214.8831329345703,214.8831329345703,300,0.0,0.0
2010-06-09 00:00:00+09:00,219.1242936799764,219.83114624023438,217.00373599920243,219.83114624023438,1600,0.0,0.0
2010-06-10 00:00:00+09:00,224.77910754750076,224.77910754750076,217.71058215292527,218.4174346923828,2900,0.0,0.0
2010-06-11 00:00:00+09:00,223.36532592773435,223.36532592773435,222.65847363049468,223.36532592773438,1900,0.0,0.0
2010-06-14 00:00:00+09:00,221.95167960372626,226.19279450061273,216.29685974121094,216.29685974121094,14700,0.0,0.0
2010-06-15 00:00:00+09:00,212.76263427734375,212.76263427734375,212.76263427734375,212.76263427734375,300,0.0,0.0
2010-06-16 00:00:00+09:00,214.17635380138051,217.7106170654297,214.17635380138051,217.7106170654297,700,0.0,0.0
2010-06-17 00:00:00+09:00,219.12433447427307,219.12433447427307,213.46951293945312,213.46951293945312,0,0.0,0.0
2010-06-18 00:00:00+09:00,220.53803985797805,220.53803985797805,213.46951293945312,213.46951293945312,0,0.0,0.0
2010-06-21 00:00:00+09:00,214.1762817670714,224.77906799316403,214.1762817670714,224.77906799316406,700,0.0,0.0
2010-06-22 00:00:00+09:00,215.5899853455393,217.00369016747726,214.8831329345703,214.8831329345703,1900,0.0,0.0
2010-06-23 00:00:00+09:00,215.59005737304688,215.59005737304688,215.59005737304688,215.59005737304688,700,0.0,0.0
2010-06-24 00:00:00+09:00,214.8831329345703,214.8831329345703,214.8831329345703,214.8831329345703,100,0.0,0.0
2010-06-25 00:00:00+09:00,224.07230331724054,224.07230331724054,212.76266024760062,213.46951293945312,3500,0.0,0.0
2010-06-28 00:00:00+09:00,218.41742818130345,218.41742818130345,217.00372314453125,217.00372314453125,2800,0.0,0.0
2010-06-29 00:00:00+09:00,219.12433447427307,219.12433447427307,213.46951293945312,213.46951293945312,700,0.0,0.0
2010-06-30 00:00:00+09:00,207.81460147146453,208.52145385742188,207.81460147146453,208.52145385742188,2000,0.0,0.0
2010-07-01 00:00:00+09:00,208.52145385742188,208.52145385742188,208.52145385742188,208.52145385742188,1000,0.0,0.0
2010-07-02 00:00:00+09:00,208.52147543019262,212.05573772561962,204.98721313476562,204.98721313476562,4500,0.0,0.0
2010-07-05 00:00:00+09:00,205.6941375732422,205.6941375732422,205.6941375732422,205.6941375732422,800,0.0,0.0
2010-07-06 00:00:00+09:00,209.93522909639637,209.93522909639637,205.69411335707525,207.10781860351562,2800,0.0,0.0
2010-07-07 00:00:00+09:00,220.53795957717654,222.65851688080323,219.12425470809205,221.24481201171875,2100,0.0,0.0
2010-07-08 00:00:00+09:00,220.53799880049237,220.53799880049237,219.1242936799764,219.83114624023438,2800,0.0,0.0
2010-07-09 00:00:00+09:00,224.77917167710962,228.31343538272455,222.65861345374066,227.60658264160156,10700,0.0,0.0
2010-07-12 00:00:00+09:00,225.48597717285156,229.72709273096163,222.6585668007782,225.48597717285156,9700,0.0,0.0
2010-07-13 00:00:00+09:00,223.36543724423365,223.36543724423365,222.6585845947266,222.65858459472656,5200,0.0,0.0
2010-07-14 00:00:00+09:00,222.65857075535973,222.65857075535973,212.76263427734375,212.76263427734375,0,0.0,0.0
2010-07-15 00:00:00+09:00,222.6585594177246,222.6585594177246,212.05577087402344,212.05577087402344,0,0.0,0.0
2010-07-16 00:00:00+09:00,222.6585845947266,222.6585845947266,222.6585845947266,222.65858459472656,0,0.0,0.0
2010-07-21 00:00:00+09:00,217.71059143066407,217.71059143066407,212.05577087402344,212.05577087402344,1500,0.0,0.0
2010-07-22 00:00:00+09:00,209.22836303710938,209.22836303710938,209.22836303710938,209.22836303710938,100,0.0,0.0
2010-07-23 00:00:00+09:00,212.05577087402344,212.05577087402344,212.05577087402344,212.05577087402344,2400,0.0,0.0
2010-07-26 00:00:00+09:00,216.2968727357926,219.12428283691406,216.2968727357926,219.12428283691406,400,0.0,0.0
2010-07-27 00:00:00+09:00,213.46946892371545,222.6585520230807,213.46946892371545,220.53799438476562,2300,0.0,0.0
2010-07-28 00:00:00+09:00,214.8831329345703,218.41739498941524,214.8831329345703,214.8831329345703,3600,0.0,0.0
2010-07-29 00:00:00+09:00,217.71058937355323,217.71058937355323,209.93521118164062,209.93521118164062,0,0.0,0.0
2010-07-30 00:00:00+09:00,217.0037763987156,217.0037763987156,213.46951293945312,213.46951293945312,0,0.0,0.0
2010-08-02 00:00:00+09:00,213.4694760131836,213.4694760131836,212.05577087402344,212.05577087402344,400,0.0,0.0
2010-08-03 00:00:00+09:00,216.29689140842385,216.29689140842385,206.4009552001953,206.4009552001953,0,0.0,0.0
2010-08-04 00:00:00+09:00,208.52150802612306,212.05577087402344,208.52150802612306,212.05577087402344,1700,0.0,0.0
2010-08-05 00:00:00+09:00,214.88320472592213,215.59005737304688,214.88320472592213,215.59005737304688,1200,0.0,0.0
2010-08-06 00:00:00+09:00,215.59005737304688,215.59005737304688,214.17635207879738,215.59005737304688,900,0.0,0.0
2010-08-09 00:00:00+09:00,216.29692205218566,216.29692205218566,208.5215425012901,211.3489532470703,2500,0.0,0.0
2010-08-10 00:00:00+09:00,211.3489163074429,211.3489163074429,209.93521118164062,209.93521118164062,3000,0.0,0.0
2010-08-11 00:00:00+09:00,211.34891830444337,213.4694760131836,210.64206573486328,212.05577087402344,5400,0.0,0.0
2010-08-12 00:00:00+09:00,206.40099027967946,212.05581193117752,204.98728486680494,205.6941375732422,11900,0.0,0.0
2010-08-13 00:00:00+09:00,205.69410261389328,206.4009552001953,205.69410261389328,206.4009552001953,1200,0.0,0.0
2010-08-16 00:00:00+09:00,203.57354736328125,203.57354736328125,203.57354736328125,203.57354736328125,300,0.0,0.0
2010-08-17 00:00:00+09:00,204.98723894157663,210.64205932617188,204.98723894157663,210.64205932617188,600,0.0,0.0
2010-08-18 00:00:00+09:00,211.34895020678528,211.34895020678528,188.02281188964844,188.02281188964844,0,0.0,0.0
2010-08-19 00:00:00+09:00,200.03929138183594,200.03929138183594,200.03929138183594,200.03929138183594,100,0.0,0.0
2010-08-20 00:00:00+09:00,194.38440534803604,194.38440534803604,173.178833855523,190.8501434326172,5300,0.0,0.0
2010-08-23 00:00:00+09:00,190.14337196486824,197.91875148759522,188.02281391321543,197.21189880371094,1100,0.0,0.0
2010-08-24 00:00:00+09:00,191.55704635620117,212.05577087402344,191.55704635620117,212.05577087402344,1600,0.0,0.0
2010-08-25 00:00:00+09:00,211.34885889506168,211.34885889506168,193.67754962289933,196.5049591064453,2900,0.0,0.0
2010-08-26 00:00:00+09:00,201.45295465642755,201.45295465642755,193.67757745916194,194.38442993164062,1100,0.0,0.0
2010-08-27 00:00:00+09:00,210.64205932617188,210.64205932617188,209.93520677809747,210.64205932617188,3200,0.0,0.0
2010-08-30 00:00:00+09:00,212.05577087402344,212.05577087402344,212.05577087402344,212.05577087402344,300,0.0,0.0
2010-08-31 00:00:00+09:00,212.05577087402344,212.05577087402344,212.05577087402344,212.05577087402344,200,0.0,0.0
2010-09-01 00:00:00+09:00,212.05579413742313,215.59005737304688,212.05579413742313,215.59005737304688,200,0.0,0.0
2010-09-02 00:00:00+09:00,212.05577087402344,212.05577087402344,212.05577087402344,212.05577087402344,100,0.0,0.0
2010-09-03 00:00:00+09:00,216.29685925935445,216.29685925935445,201.4529571533203,201.4529571533203,0,0.0,0.0
2010-09-06 00:00:00+09:00,215.59005737304688,215.59005737304688,215.59005737304688,215.59005737304688,800,0.0,0.0
2010-09-07 00:00:00+09:00,212.76263427734375,212.76263427734375,212.76263427734375,212.76263427734375,400,0.0,0.0
2010-09-08 00:00:00+09:00,214.8832183231581,214.8832183231581,207.81469140463318,213.46951293945312,700,0.0,0.0
2010-09-09 00:00:00+09:00,214.8831329345703,214.8831329345703,214.8831329345703,214.8831329345703,1000,0.0,0.0
2010-09-10 00:00:00+09:00,214.8831329345703,214.8831329345703,212.76257570166337,214.8831329345703,1200,0.0,0.0
2010-09-13 00:00:00+09:00,222.6585845947266,222.6585845947266,222.6585845947266,222.65858459472656,8800,0.0,0.0
2010-09-14 00:00:00+09:00,211.3488852665342,211.3488852665342,204.98721313476562,204.98721313476562,3400,0.0,0.0
2010-09-16 00:00:00+09:00,201.45295083933863,204.98721313476562,201.45295083933863,204.98721313476562,1900,0.0,0.0
2010-09-17 00:00:00+09:00,207.1078103383382,207.1078103383382,203.57354736328125,203.57354736328125,1500,0.0,0.0
2010-09-21 00:00:00+09:00,221.24489711486189,221.24489711486189,205.6941375732422,205.6941375732422,0,0.0,0.0
2010-09-22 00:00:00+09:00,204.28039067843144,209.93521118164062,197.9187176123211,209.93521118164062,4200,0.0,0.0
2010-09-24 00:00:00+09:00,202.1598006112235,206.40091530936104,197.91868591308594,197.91868591308594,7400,0.0,0.0
2010-09-27 00:00:00+09:00,202.15982266858373,206.40093782946312,197.91870750770437,204.28038024902344,2000,0.0,0.0
2010-09-28 00:00:00+09:00,215.66884338378907,215.66884338378907,209.97461649576823,213.53350830078125,3100,2.0,0.0
2010-09-29 00:00:00+09:00,212.10996464705718,212.10996464705718,201.43328857421875,201.43328857421875,0,0.0,0.0
2010-09-30 00:00:00+09:00,202.14503479003906,202.14503479003906,202.14503479003906,202.14503479003906,600,0.0,0.0
2010-10-01 00:00:00+09:00,204.99213867187498,204.99213867187498,199.29791259765625,199.29791259765625,0,0.0,0.0
2010-10-04 00:00:00+09:00,200.00973510742188,200.00973510742188,200.00973510742188,200.00973510742188,200,0.0,0.0
2010-10-05 00:00:00+09:00,212.1099395751953,212.1099395751953,212.1099395751953,212.1099395751953,900,0.0,0.0
2010-10-06 00:00:00+09:00,206.41571044921875,206.41571044921875,206.41571044921875,206.41571044921875,1400,0.0,0.0
2010-10-07 00:00:00+09:00,212.109958133182,212.109958133182,210.6864013671875,210.6864013671875,0,0.0,0.0
2010-10-08 00:00:00+09:00,211.39815225406568,211.39815225406568,209.2628173828125,209.2628173828125,3800,0.0,0.0
2010-10-12 00:00:00+09:00,212.82173485547204,212.82173485547204,204.28039432615543,211.39817810058594,10900,0.0,0.0
2010-10-13 00:00:00+09:00,209.9746046130289,212.1099395751953,209.9746046130289,212.1099395751953,400,0.0,0.0
2010-10-14 00:00:00+09:00,206.41574435763889,206.41574435763889,204.9921875,204.9921875,300,0.0,0.0
2010-10-15 00:00:00+09:00,206.41571044921875,206.41571044921875,206.41571044921875,206.41571044921875,600,0.0,0.0
2010-10-18 00:00:00+09:00,206.41573366911516,206.41573366911516,195.73905778967816,196.45083618164062,2300,0.0,0.0
2010-10-19 00:00:00+09:00,195.02728271484375,195.02728271484375,195.02728271484375,195.02728271484375,500,0.0,0.0
2010-10-20 00:00:00+09:00,193.60372935665038,200.00973510742188,193.60372935665038,200.00973510742188,4000,0.0,0.0
2010-10-21 00:00:00+09:00,199.29795335965105,201.43328857421875,199.29795335965105,201.43328857421875,400,0.0,0.0
2010-10-22 00:00:00+09:00,195.73906111891253,196.45083952298128,195.02728271484375,195.02728271484375,2600,0.0,0.0
2010-10-25 00:00:00+09:00,197.87435913085938,197.87435913085938,197.87435913085938,197.87435913085938,100,0.0,0.0
2010-10-26 00:00:00+09:00,197.87439296556556,197.87439296556556,196.45083618164062,196.45083618164062,700,0.0,0.0
2010-10-27 00:00:00+09:00,200.00973510742188,200.00973510742188,200.00973510742188,200.00973510742188,200,0.0,0.0
2010-10-28 00:00:00+09:00,194.31549855825062,195.0272769412479,183.6388228132918,184.35060119628906,4400,0.0,0.0
2010-10-29 00:00:00+09:00,194.31552124023438,195.0272997063158,183.6388442490127,194.31552124023438,900,0.0,0.0
2010-11-01 00:00:00+09:00,200.72151352417427,207.8392976916982,200.00973510742188,200.00973510742188,3300,0.0,0.0
2010-11-02 00:00:00+09:00,209.26286556846216,209.26286556846216,189.33306884765625,189.33306884765625,0,0.0,0.0
2010-11-04 00:00:00+09:00,193.60374450683594,194.31552297928755,192.89196603438435,193.60374450683594,1200,0.0,0.0
2010-11-05 00:00:00+09:00,204.99221058238635,204.99221058238635,195.7390899658203,195.7390899658203,1300,0.0,0.0
2010-11-08 00:00:00+09:00,212.8216995239258,212.8216995239258,199.29791259765625,199.29791259765625,5000,0.0,0.0
2010-11-09 00:00:00+09:00,202.85680389404297,202.85680389404297,193.6036865234375,199.29791259765625,2500,0.0,0.0
2010-11-10 00:00:00+09:00,200.0097011006326,208.55104064941406,200.0097011006326,208.55104064941406,3400,0.0,0.0
2010-11-11 00:00:00+09:00,208.55104538490033,209.97460200868804,204.99215382543105,206.41571044921875,6100,0.0,0.0
2010-11-12 00:00:00+09:00,200.72150994739394,206.4157371799441,194.31550431077497,195.02728271484375,15100,0.0,0.0
2010-11-15 00:00:00+09:00,202.85681308155327,202.85681308155327,202.14503479003906,202.14503479003906,2900,0.0,0.0
2010-11-16 00:00:00+09:00,201.43323979963336,202.85679626464844,201.43323979963336,202.85679626464844,2400,0.0,0.0
2010-11-17 00:00:00+09:00,199.29791259765625,199.29791259765625,199.29791259765625,199.29791259765625,200,0.0,0.0
2010-11-18 00:00:00+09:00,199.29793195026676,204.2803802490234,197.87437529347915,204.28038024902344,3100,0.0,0.0
2010-11-19 00:00:00+09:00,200.7214793963644,208.55104064941406,200.7214793963644,208.55104064941406,500,0.0,0.0
2010-11-22 00:00:00+09:00,202.85684559443226,207.83929443359375,202.85684559443226,207.83929443359375,200,0.0,0.0
2010-11-24 00:00:00+09:00,204.99217060445503,205.70394897460938,204.99217060445503,205.70394897460938,300,0.0,0.0
2010-11-25 00:00:00+09:00,206.41576326810397,207.1275417621319,202.85687079796423,203.5686492919922,1400,0.0,0.0
2010-11-26 00:00:00+09:00,209.26282629230678,212.1099395751953,209.26282629230678,212.1099395751953,2700,0.0,0.0
2010-11-29 00:00:00+09:00,210.68641493055554,210.68641493055554,204.9921875,204.9921875,0,0.0,0.0
2010-11-30 00:00:00+09:00,201.43325649852483,202.14503479003906,201.43325649852483,202.14503479003906,2000,0.0,0.0
2010-12-01 00:00:00+09:00,202.85683549399195,205.70394897460938,202.85683549399195,205.70394897460938,200,0.0,0.0
2010-12-02 00:00:00+09:00,201.43328238822318,210.6864013671875,201.43328238822318,210.6864013671875,1700,0.0,0.0
2010-12-03 00:00:00+09:00,202.85687079796423,203.5686492919922,202.85687079796423,203.5686492919922,900,0.0,0.0
2010-12-06 00:00:00+09:00,209.26285293421796,209.26285293421796,206.41573928885444,207.1275177001953,1500,0.0,0.0
2010-12-07 00:00:00+09:00,212.1099305444834,212.1099305444834,207.83926080197702,209.2628173828125,1900,0.0,0.0
2010-12-08 00:00:00+09:00,209.9746046130289,212.1099395751953,209.9746046130289,212.1099395751953,2700,0.0,0.0
2010-12-09 00:00:00+09:00,211.39815967776704,212.82171630859375,209.97460304694033,212.82171630859375,4500,0.0,0.0
2010-12-10 00:00:00+09:00,210.68640017041972,217.8041839599609,210.68640017041972,217.80418395996094,8200,0.0,0.0
2010-12-13 00:00:00+09:00,220.6512919108073,221.3630702718099,212.10995157877605,213.53350830078125,3600,0.0,0.0
2010-12-14 00:00:00+09:00,212.82173530728207,217.8041839599609,212.82173530728207,217.80418395996094,1200,0.0,0.0
2010-12-15 00:00:00+09:00,215.66885210338393,216.38063049316406,215.66885210338393,216.38063049316406,1000,0.0,0.0
2010-12-16 00:00:00+09:00,216.3806272020527,217.8041839599609,215.66884882309856,217.80418395996094,4900,0.0,0.0
2010-12-17 00:00:00+09:00,215.6688232421875,219.22771471483085,214.24526665313016,215.6688232421875,1500,0.0,0.0
2010-12-20 00:00:00+09:00,212.82171630859375,212.82171630859375,212.82171630859375,212.82171630859375,600,0.0,0.0
2010-12-21 00:00:00+09:00,220.6512451171875,220.6512451171875,219.93946690713204,220.6512451171875,1000,0.0,0.0
2010-12-22 00:00:00+09:00,218.51585131401384,219.9394073486328,215.66873924477588,219.9394073486328,2100,0.0,0.0
2010-12-24 00:00:00+09:00,214.2452920651903,217.8041839599609,214.2452920651903,217.80418395996094,3000,0.0,0.0
2010-12-27 00:00:00+09:00,217.09241084563428,222.07485961914062,217.09241084563428,222.07485961914062,1900,0.0,0.0
2010-12-28 00:00:00+09:00,238.44576273209012,238.44576273209012,221.36308122292544,222.07485961914062,7100,0.0,0.0
2010-12-29 00:00:00+09:00,223.49845351932177,225.63378906250003,223.49845351932177,225.6337890625,1700,0.0,0.0
2010-12-30 00:00:00+09:00,222.78668470382692,227.76913452148438,222.07490615844728,227.76913452148438,2500,0.0,0.0
2011-01-04 00:00:00+09:00,233.46328894005637,233.46328894005637,232.7515106201172,232.7515106201172,500,0.0,0.0
2011-01-05 00:00:00+09:00,238.44574783787584,238.44574783787584,232.75152102383703,234.88685607910156,1300,0.0,0.0
2011-01-06 00:00:00+09:00,240.58104545913056,240.58104545913056,237.7339324951172,237.7339324951172,2100,0.0,0.0
2011-01-07 00:00:00+09:00,239.15755882488907,240.58111572265628,236.31044502935467,240.58111572265625,3500,0.0,0.0
2011-01-11 00:00:00+09:00,245.5634994506836,249.1223907470703,242.00460815429688,249.1223907470703,12900,0.0,0.0
2011-01-12 00:00:00+09:00,249.83420615664798,256.24021144271586,245.56353596593604,246.2753143310547,20700,0.0,0.0
2011-01-13 00:00:00+09:00,246.98711835509698,246.98711835509698,234.88688489101443,235.59866333007812,600,0.0,0.0
2011-01-14 00:00:00+09:00,242.00462816730803,244.13996312172546,239.8692932128906,239.86929321289062,9000,0.0,0.0
2011-01-17 00:00:00+09:00,239.86933556840833,241.29289245605466,239.86933556840833,241.2928924560547,600,0.0,0.0
2011-01-18 00:00:00+09:00,237.02222020820548,237.73399864726915,235.59866333007812,235.59866333007812,2500,0.0,0.0
2011-01-19 00:00:00+09:00,235.59866333007812,235.59866333007812,235.59866333007812,235.59866333007812,400,0.0,0.0
2011-01-20 00:00:00+09:00,238.44578037600547,240.58111572265628,238.44578037600547,240.58111572265625,200,0.0,0.0
2011-01-21 00:00:00+09:00,237.73401095543377,237.73401095543377,229.90444772037458,230.61622619628906,1200,0.0,0.0
2011-01-24 00:00:00+09:00,224.92201246656813,237.02224731445312,224.92201246656813,237.02224731445312,900,0.0,0.0
2011-01-25 00:00:00+09:00,229.9044621098149,240.58113991677223,229.9044621098149,237.02224731445312,1300,0.0,0.0
2011-01-26 00:00:00+09:00,237.733944665818,240.58105777558828,237.0221663883754,239.15750122070312,1500,0.0,0.0
2011-01-27 00:00:00+09:00,239.15747207470156,253.3930358886719,239.15747207470156,253.39303588867188,5200,0.0,0.0
2011-01-28 00:00:00+09:00,249.1224601443878,251.96957397460938,248.4106816868324,251.96957397460938,6200,0.0,0.0
2011-01-31 00:00:00+09:00,234.88686048915622,246.27531433105472,234.88686048915622,246.2753143310547,1000,0.0,0.0
2011-02-01 00:00:00+09:00,237.73399864726915,237.73399864726915,234.88688489101443,235.59866333007812,1000,0.0,0.0
2011-02-02 00:00:00+09:00,236.31044502935467,240.58111572265628,234.88688813158748,240.58111572265625,4300,0.0,0.0
2011-02-03 00:00:00+09:00,246.98712176260867,246.98712176260867,240.58111572265628,240.58111572265625,0,0.0,0.0
2011-02-04 00:00:00+09:00,242.7164764404297,248.41070462671541,242.7164764404297,242.7164764404297,1200,0.0,0.0
2011-02-07 00:00:00+09:00,249.1224601443878,251.96957397460938,244.85178939905543,251.96957397460938,5200,0.0,0.0
2011-02-08 00:00:00+09:00,251.25776122695086,251.25776122695086,246.27531270403682,246.98709106445312,4100,0.0,0.0
2011-02-09 00:00:00+09:00,249.83416900634765,250.545947265625,246.27527770996093,249.1223907470703,3900,0.0,0.0
2011-02-10 00:00:00+09:00,246.27525826689205,251.25770568847656,246.27525826689205,251.25770568847656,5200,0.0,0.0
2011-02-14 00:00:00+09:00,256.24024297150083,256.24024297150083,252.68135070800778,252.6813507080078,8400,0.0,0.0
2011-02-15 00:00:00+09:00,255.5283749069776,255.5283749069776,251.25770568847656,251.25770568847656,2500,0.0,0.0
2011-02-16 00:00:00+09:00,249.83421687973276,254.81666564941406,249.83421687973276,254.81666564941406,700,0.0,0.0
2011-02-17 00:00:00+09:00,246.27527770996093,250.545947265625,245.5634994506836,249.1223907470703,4800,0.0,0.0
2011-02-18 00:00:00+09:00,249.1224091628502,249.1224091628502,246.2752959152748,247.6988525390625,1200,0.0,0.0
2011-02-21 00:00:00+09:00,246.275306288673,251.9695330236712,246.275306288673,249.83419799804688,900,0.0,0.0
2011-02-22 00:00:00+09:00,249.83423886506455,249.83423886506455,245.56356811523438,245.56356811523438,3500,0.0,0.0
2011-02-23 00:00:00+09:00,256.24020565257354,256.24020565257354,242.00463867187497,242.004638671875,0,0.0,0.0
2011-02-24 00:00:00+09:00,242.00458483749563,253.3930358886719,242.00458483749563,253.39303588867188,800,0.0,0.0
2011-02-25 00:00:00+09:00,248.4106816868324,252.68135243216477,248.4106816868324,251.96957397460938,800,0.0,0.0
2011-02-28 00:00:00+09:00,259.7990417480469,259.7990417480469,249.122368799497,259.7990417480469,3000,0.0,0.0
2011-03-01 00:00:00+09:00,259.7990417480469,259.7990417480469,259.7990417480469,259.7990417480469,200,0.0,0.0
2011-03-02 00:00:00+09:00,263.35808139377167,263.35808139377167,256.24029541015625,256.24029541015625,500,0.0,0.0
2011-03-03 00:00:00+09:00,251.96948158577698,259.7990417480469,249.83414699606698,259.7990417480469,1900,0.0,0.0
2011-03-04 00:00:00+09:00,256.2402174677545,259.79910937702886,256.2402174677545,256.9519958496094,1500,0.0,0.0
2011-03-07 00:00:00+09:00,264.7815618100374,266.9168969859248,261.22266985022503,261.9344482421875,3200,0.0,0.0
2011-03-08 00:00:00+09:00,256.9519232359682,266.2050395851859,256.9519232359682,262.6461486816406,9200,0.0,0.0
2011-03-09 00:00:00+09:00,256.9519318719869,258.37548828125,256.9519318719869,258.37548828125,7600,0.0,0.0
2011-03-10 00:00:00+09:00,261.2227455986871,261.2227455986871,253.39318101671006,256.24029541015625,5900,0.0,0.0
2011-03-11 00:00:00+09:00,249.12247290978064,264.78159977839545,246.27535893366885,259.0873718261719,10200,0.0,0.0
2011-03-14 00:00:00+09:00,224.92201246656813,237.02224731445312,224.2102339461043,237.02224731445312,14100,0.0,0.0
2011-03-15 00:00:00+09:00,202.85689296492612,236.31048583984375,180.07997866710986,236.31048583984375,4900,0.0,0.0
2011-03-16 00:00:00+09:00,223.4984715473221,236.31048583984375,214.24535011383423,236.31048583984375,1500,0.0,0.0
2011-03-17 00:00:00+09:00,207.83926235368227,227.76905463417236,202.14503598782798,208.55104064941406,2700,0.0,0.0
2011-03-18 00:00:00+09:00,225.63374003347556,227.76907511265674,225.63374003347556,227.0572967529297,1900,0.0,0.0
2011-03-22 00:00:00+09:00,244.13995074371795,244.13995074371795,238.44572448730472,238.4457244873047,2400,0.0,0.0
2011-03-23 00:00:00+09:00,227.057258880067,237.7339324951172,227.057258880067,237.7339324951172,7000,0.0,0.0
2011-03-24 00:00:00+09:00,234.88683807183497,234.88683807183497,229.19261169433594,229.19261169433594,400,0.0,0.0
2011-03-25 00:00:00+09:00,234.88685518152573,242.00463867187497,229.90440673828124,242.004638671875,1600,0.0,0.0
2011-03-28 00:00:00+09:00,246.98712503184444,246.98712503184444,242.00467582370925,245.56356811523438,2600,0.0,0.0
2011-03-29 00:00:00+09:00,239.10130318853282,249.15361022949216,239.10130318853282,249.1536102294922,400,3.0,0.0
2011-03-30 00:00:00+09:00,247.71762084960938,247.71762084960938,247.71762084960938,247.71762084960938,100,0.0,0.0
2011-03-31 00:00:00+09:00,243.40950012207034,243.40950012207034,243.40950012207034,243.4095001220703,500,0.0,0.0
2011-04-01 00:00:00+09:00,236.9472916248702,237.66531372070312,236.9472916248702,237.66531372070312,2100,0.0,0.0
2011-04-04 00:00:00+09:00,237.66528764204546,238.3833096590909,236.947265625,236.947265625,1100,0.0,0.0
2011-04-05 00:00:00+09:00,242.6914489746094,242.6914489746094,233.35716247558597,233.35716247558594,4000,0.0,0.0
2011-04-06 00:00:00+09:00,229.04899402471253,241.973388671875,229.04899402471253,241.973388671875,2500,0.0,0.0
2011-04-07 00:00:00+09:00,241.97344629570077,241.97344629570077,237.66531372070312,237.66531372070312,700,0.0,0.0
2011-04-08 00:00:00+09:00,239.10130097250556,241.973388671875,236.9472351979785,241.973388671875,3000,0.0,0.0
2011-04-11 00:00:00+09:00,244.12751040251356,247.71762084960938,244.12751040251356,247.71762084960938,4300,0.0,0.0
2011-04-12 00:00:00+09:00,241.97344580463982,249.87168884277347,240.53740161588823,249.87168884277344,9800,0.0,0.0
2011-04-13 00:00:00+09:00,239.10136014361714,246.99960327148438,239.10136014361714,246.99960327148438,400,0.0,0.0
2011-04-14 00:00:00+09:00,241.25543374930865,244.84554437057812,241.25543374930865,243.4095001220703,300,0.0,0.0
2011-04-15 00:00:00+09:00,241.25540489783654,241.25540489783654,233.35716247558597,233.35716247558594,2300,0.0,0.0
2011-04-18 00:00:00+09:00,236.94724826637758,236.94724826637758,234.7931823730469,234.79318237304688,1700,0.0,0.0
2011-04-19 00:00:00+09:00,233.3571903825158,243.40950012207034,233.3571903825158,243.4095001220703,1000,0.0,0.0
2011-04-20 00:00:00+09:00,242.69144176136365,242.69144176136365,236.947265625,236.947265625,300,0.0,0.0
2011-04-21 00:00:00+09:00,240.53741613083338,242.69148254394534,240.53741613083338,242.6914825439453,400,0.0,0.0
2011-04-22 00:00:00+09:00,241.973388671875,241.973388671875,241.973388671875,241.973388671875,200,0.0,0.0
2011-04-25 00:00:00+09:00,236.22924804687497,236.22924804687497,236.22924804687497,236.229248046875,400,0.0,0.0
2011-04-26 00:00:00+09:00,233.35723189620285,241.25547666807435,233.35723189620285,239.10140991210938,1000,0.0,0.0
2011-04-27 00:00:00+09:00,239.10132918671934,239.81935119628906,239.10132918671934,239.81935119628906,1200,0.0,0.0
2011-04-28 00:00:00+09:00,240.53736877441406,240.53736877441406,240.53736877441406,240.53736877441406,2400,0.0,0.0
2011-05-02 00:00:00+09:00,244.12749097526418,250.5896892657859,244.12749097526418,248.4356231689453,4500,0.0,0.0
2011-05-06 00:00:00+09:00,253.46173095703125,253.46173095703125,253.46173095703125,253.46173095703125,900,0.0,0.0
2011-05-09 00:00:00+09:00,252.7437744140625,252.7437744140625,252.02575232765892,252.7437744140625,2000,0.0,0.0
2011-05-10 00:00:00+09:00,251.3076530015173,260.6419372558594,247.71754367292422,260.6419372558594,5900,0.0,0.0
2011-05-11 00:00:00+09:00,260.6420153008133,269.2582802694352,260.6420153008133,262.79608154296875,12700,0.0,0.0
2011-05-12 00:00:00+09:00,257.0518823828401,258.48792641849843,253.46177229369428,254.17979431152344,10900,0.0,0.0
2011-05-13 00:00:00+09:00,253.4617549972317,253.4617549972317,252.02571105957034,252.0257110595703,1200,0.0,0.0
2011-05-16 00:00:00+09:00,247.71756632187785,248.43558825324564,244.12745666503906,244.12745666503906,1700,0.0,0.0
2011-05-17 00:00:00+09:00,254.17979431152347,254.17979431152347,254.17979431152347,254.17979431152344,100,0.0,0.0
2011-05-18 00:00:00+09:00,247.71762084960938,247.71762084960938,247.71762084960938,247.71762084960938,600,0.0,0.0
2011-05-19 00:00:00+09:00,259.2059307478772,262.0780186231999,247.7175792465862,252.0257110595703,46100,0.0,0.0
2011-05-20 00:00:00+09:00,252.02568485804966,252.74370675223213,249.87161917550222,251.3076629638672,11800,0.0,0.0
2011-05-23 00:00:00+09:00,251.30767602398345,257.76987340745734,247.71756636649798,249.1536102294922,3800,0.0,0.0
2011-05-24 00:00:00+09:00,247.71762084960938,247.71762084960938,247.71762084960938,247.71762084960938,400,0.0,0.0
2011-05-25 00:00:00+09:00,250.58972767580988,250.58972767580988,244.84555053710938,244.84555053710938,0,0.0,0.0
2011-05-26 00:00:00+09:00,252.74375727525074,253.46177931296452,242.6914487472578,250.58969116210938,4800,0.0,0.0
2011-05-27 00:00:00+09:00,254.1798185868697,254.1798185868697,250.58970815485173,252.7437744140625,3400,0.0,0.0
2011-05-30 00:00:00+09:00,246.9995443905101,246.9995443905101,244.12745666503906,244.12745666503906,5600,0.0,0.0
2011-05-31 00:00:00+09:00,243.40948214961907,247.71761457704596,243.40948214961907,246.2815704345703,2900,0.0,0.0
2011-06-01 00:00:00+09:00,251.30774981814744,251.30774981814744,244.84555053710938,244.84555053710938,0,0.0,0.0
2011-06-02 00:00:00+09:00,250.58972767580988,250.58972767580988,244.84555053710938,244.84555053710938,0,0.0,0.0
2011-06-03 00:00:00+09:00,241.255368939568,244.12745666503906,241.255368939568,244.12745666503906,1200,0.0,0.0
2011-06-06 00:00:00+09:00,249.1536101846134,249.1536101846134,244.12745666503906,244.12745666503906,1600,0.0,0.0
2011-06-07 00:00:00+09:00,247.7175887378294,248.43561073417095,240.53736877441406,240.53736877441406,10500,0.0,0.0
2011-06-08 00:00:00+09:00,242.6914469107038,248.4356231689453,240.53738081386325,248.4356231689453,15500,0.0,0.0
2011-06-09 00:00:00+09:00,246.28155707210476,248.4356231689453,245.56353503982456,248.4356231689453,1700,0.0,0.0
2011-06-10 00:00:00+09:00,249.87166220454847,254.89781632935262,249.87166220454847,254.17979431152344,12200,0.0,0.0
2011-06-13 00:00:00+09:00,254.89778791155135,277.8744899204799,254.89778791155135,266.3861389160156,44000,0.0,0.0
2011-06-14 00:00:00+09:00,277.8744899204799,280.028555733817,265.66811697823664,266.3861389160156,19100,0.0,0.0
2011-06-15 00:00:00+09:00,272.130350143845,272.130350143845,265.66815185546875,265.66815185546875,9000,0.0,0.0
2011-06-16 00:00:00+09:00,267.1041959195524,267.1041959195524,262.07804169525974,265.66815185546875,6000,0.0,0.0
2011-06-17 00:00:00+09:00,265.6681126420216,271.4122880504977,265.6681126420216,267.1041564941406,2700,0.0,0.0
2011-06-20 00:00:00+09:00,267.1042057787613,270.6943160714866,259.2059631347656,259.2059631347656,5100,0.0,0.0
2011-06-21 00:00:00+09:00,267.1041959195524,267.8222179515942,264.23210779138515,265.66815185546875,2300,0.0,0.0
2011-06-22 00:00:00+09:00,265.66815185546875,265.66815185546875,261.36001966321794,265.66815185546875,2500,0.0,0.0
2011-06-23 00:00:00+09:00,262.078003011724,267.1041564941406,260.64195915960494,267.1041564941406,3600,0.0,0.0
2011-06-24 00:00:00+09:00,264.23210779138515,266.38617388751055,262.79606372730154,265.66815185546875,12500,0.0,0.0
2011-06-27 00:00:00+09:00,266.3861345680811,267.1041564941406,262.7960249377835,267.1041564941406,7800,0.0,0.0
2011-06-28 00:00:00+09:00,267.82222615559897,269.2582702636719,265.6681599934896,269.2582702636719,6100,0.0,0.0
2011-06-29 00:00:00+09:00,269.2582595288454,285.77276611328125,269.2582595288454,285.77276611328125,6800,0.0,0.0
2011-06-30 00:00:00+09:00,285.77273982586246,290.08087158203125,280.74658611033226,290.08087158203125,6100,0.0,0.0
2011-07-01 00:00:00+09:00,293.67094613534437,293.67094613534437,285.77270553023726,290.7988586425781,6300,0.0,0.0
2011-07-04 00:00:00+09:00,290.0809119115902,290.0809119115902,277.8745369054094,283.61871337890625,7000,0.0,0.0
2011-07-05 00:00:00+09:00,289.36282734035217,289.36282734035217,277.15645497115617,278.5924987792969,3700,0.0,0.0
2011-07-06 00:00:00+09:00,283.6187393496735,290.7989605990323,280.02862872499406,284.3367614746094,20000,0.0,0.0
2011-07-07 00:00:00+09:00,290.0809191204699,292.2349853515625,285.7727866582847,292.2349853515625,6900,0.0,0.0
2011-07-08 00:00:00+09:00,292.9529674340647,303.7232971191406,292.9529674340647,303.7232971191406,12100,0.0,0.0
2011-07-11 00:00:00+09:00,302.2873070425095,314.4936828613281,300.1332407215415,314.4936828613281,13900,0.0,0.0
2011-07-12 00:00:00+09:00,316.6477355957031,324.5459784336912,315.92971351952235,316.6477355957031,20100,0.0,0.0
2011-07-13 00:00:00+09:00,315.21171277048353,321.67391189334086,305.15940302381665,318.08380126953125,5100,0.0,0.0
2011-07-14 00:00:00+09:00,313.05763527199076,324.54598885995375,309.46752477575234,310.185546875,5700,0.0,0.0
2011-07-15 00:00:00+09:00,309.46746402516084,309.46746402516084,305.1593322753906,305.1593322753906,4100,0.0,0.0
2011-07-19 00:00:00+09:00,301.56922248391544,308.0314201085708,301.56922248391544,305.1593322753906,1400,0.0,0.0
2011-07-20 00:00:00+09:00,310.90356341275304,315.9297180175781,302.28729837591,315.9297180175781,6900,0.0,0.0
2011-07-21 00:00:00+09:00,310.9034643414377,319.51972663265536,310.9034643414377,312.3395080566406,4100,0.0,0.0
2011-07-22 00:00:00+09:00,310.9034686110536,313.0575342134397,310.9034686110536,311.6214904785156,6200,0.0,0.0
2011-07-25 00:00:00+09:00,308.7494420668658,308.7494420668658,305.1593322753906,305.1593322753906,3100,0.0,0.0
2011-07-26 00:00:00+09:00,300.1331743408786,305.159327978166,299.41515239269467,300.8511962890625,5100,0.0,0.0
2011-07-27 00:00:00+09:00,300.1331785673254,308.7494420668658,300.1331785673254,305.1593322753906,2600,0.0,0.0
2011-07-28 00:00:00+09:00,306.5953718745339,306.5953718745339,300.8511962890625,300.8511962890625,6500,0.0,0.0
2011-07-29 00:00:00+09:00,298.69717945772055,298.69717945772055,292.23498086368335,292.9530029296875,4000,0.0,0.0
2011-08-01 00:00:00+09:00,292.9529506138393,296.5430603027344,286.4907531738281,296.5430603027344,2800,0.0,0.0
2011-08-02 00:00:00+09:00,290.7988586425781,290.7988586425781,288.6447930230035,290.7988586425781,2000,0.0,0.0
2011-08-03 00:00:00+09:00,287.20880126953125,287.92682327270506,275.72044921875,287.20880126953125,10700,0.0,0.0
2011-08-04 00:00:00+09:00,287.2088264016544,292.9530029296875,284.33673813763784,292.9530029296875,1100,0.0,0.0
2011-08-05 00:00:00+09:00,278.59249017177484,280.0285339355469,269.25820570725665,280.0285339355469,6000,0.0,0.0
2011-08-08 00:00:00+09:00,276.4384765625,278.59254261363634,275.7204545454546,276.4384765625,2800,0.0,0.0
2011-08-09 00:00:00+09:00,259.20591522634845,262.0780029296875,244.1274547838185,262.0780029296875,20500,0.0,0.0
2011-08-10 00:00:00+09:00,273.5663454508044,278.5924987792969,273.5663454508044,278.5924987792969,1400,0.0,0.0
2011-08-11 00:00:00+09:00,275.00248714379074,282.1827087402344,275.00248714379074,282.1827087402344,2800,0.0,0.0
2011-08-12 00:00:00+09:00,285.0547675888773,286.4908117580908,277.1565246582031,277.1565246582031,7400,0.0,0.0
2011-08-15 00:00:00+09:00,277.15652112458883,277.15652112458883,272.848388671875,272.848388671875,2200,0.0,0.0
2011-08-16 00:00:00+09:00,283.61871980365953,283.61871980365953,272.848388671875,272.848388671875,0,0.0,0.0
2011-08-17 00:00:00+09:00,272.84834913239075,279.310546875,272.84834913239075,279.310546875,700,0.0,0.0
2011-08-18 00:00:00+09:00,278.59249017177484,287.20875275440704,278.59249017177484,280.0285339355469,2500,0.0,0.0
2011-08-19 00:00:00+09:00,269.2582710929539,269.2582710929539,264.23211669921875,264.23211669921875,1300,0.0,0.0
2011-08-22 00:00:00+09:00,264.23224690755205,264.23224690755205,257.77004521687826,258.4880676269531,3300,0.0,0.0
2011-08-23 00:00:00+09:00,252.74377547554346,253.4617975649626,247.71762084960938,247.71762084960938,7300,0.0,0.0
2011-08-24 00:00:00+09:00,258.4879087790465,258.4879087790465,252.02571105957034,252.0257110595703,500,0.0,0.0
2011-08-25 00:00:00+09:00,252.02573324667443,265.66815185546875,252.02573324667443,265.66815185546875,1500,0.0,0.0
2011-08-26 00:00:00+09:00,271.41225271761897,273.56631821537786,259.9239033962383,267.8221435546875,4300,0.0,0.0
2011-08-29 00:00:00+09:00,272.13031005859375,272.13031005859375,272.13031005859375,272.13031005859375,100,0.0,0.0
2011-08-30 00:00:00+09:00,272.13036659642273,272.848388671875,272.13036659642273,272.848388671875,500,0.0,0.0
2011-08-31 00:00:00+09:00,267.1041564941406,267.1041564941406,264.23206878990254,267.1041564941406,2300,0.0,0.0
2011-09-01 00:00:00+09:00,272.1303230464925,275.7204328492167,269.25823520431317,275.0024108886719,5800,0.0,0.0
2011-09-02 00:00:00+09:00,270.69425735881623,270.69425735881623,268.5401916503906,268.5401916503906,1400,0.0,0.0
2011-09-05 00:00:00+09:00,268.540239983636,269.2582620156778,262.79606372730154,265.66815185546875,3100,0.0,0.0
2011-09-06 00:00:00+09:00,271.4122880504977,271.4122880504977,263.514046863843,267.1041564941406,900,0.0,0.0
2011-09-07 00:00:00+09:00,272.13036659642273,272.848388671875,272.13036659642273,272.848388671875,600,0.0,0.0
2011-09-08 00:00:00+09:00,275.72047697368424,276.4384990491365,272.848388671875,272.848388671875,3300,0.0,0.0
2011-09-09 00:00:00+09:00,276.4385116100311,276.4385116100311,271.4123568534851,275.7204895019531,5800,0.0,0.0
2011-09-12 00:00:00+09:00,262.07805136894586,265.66816166167115,259.2059631347656,259.2059631347656,13800,0.0,0.0
2011-09-13 00:00:00+09:00,270.6942443847656,270.6942443847656,270.6942443847656,270.6942443847656,100,0.0,0.0
2011-09-14 00:00:00+09:00,270.6942443847656,270.6942443847656,270.6942443847656,270.6942443847656,1000,0.0,0.0
2011-09-15 00:00:00+09:00,264.95013427734375,264.95013427734375,264.95013427734375,264.95013427734375,100,0.0,0.0
2011-09-16 00:00:00+09:00,265.6681563214558,265.6681563214558,264.95013427734375,264.95013427734375,1100,0.0,0.0
2011-09-20 00:00:00+09:00,259.20589780017156,259.9239196777344,259.20589780017156,259.9239196777344,2400,0.0,0.0
2011-09-21 00:00:00+09:00,260.64205471499935,263.51414347218946,260.64205471499935,261.3600769042969,600,0.0,0.0
2011-09-22 00:00:00+09:00,264.23212959397006,264.23212959397006,254.89784240722656,254.89784240722656,3700,0.0,0.0
2011-09-26 00:00:00+09:00,250.5896586772031,250.5896586772031,226.17691255965323,228.3309783935547,7900,0.0,0.0
2011-09-27 00:00:00+09:00,229.7669580377684,234.07508850097656,229.7669580377684,234.07508850097656,10500,0.0,0.0
2011-09-28 00:00:00+09:00,241.32213605992933,247.11966485416187,241.32213605992933,246.3949737548828,3900,3.0,0.0
2011-09-29 00:00:00+09:00,246.39497375488278,246.39497375488278,239.14806276209214,246.3949737548828,3100,0.0,0.0
2011-09-30 00:00:00+09:00,246.39500980883574,247.11970101415585,245.67031860351562,245.67031860351562,5100,0.0,0.0
2011-10-03 00:00:00+09:00,239.87272803673378,239.87272803673378,235.5245819091797,235.5245819091797,3800,0.0,0.0
2011-10-04 00:00:00+09:00,230.4517350373445,234.7998809814453,230.4517350373445,234.7998809814453,1000,0.0,0.0
2011-10-05 00:00:00+09:00,244.94558715820312,244.94558715820312,244.94558715820312,244.94558715820312,1100,0.0,0.0
2011-10-06 00:00:00+09:00,244.2209004570456,246.39497375488278,244.2209004570456,246.3949737548828,700,0.0,0.0
2011-10-07 00:00:00+09:00,253.64188474767346,253.64188474767346,246.39497375488278,246.3949737548828,3400,0.0,0.0
2011-10-11 00:00:00+09:00,246.39487155142675,254.36647033691406,246.39487155142675,254.36647033691406,5500,0.0,0.0
2011-10-12 00:00:00+09:00,259.43939208984375,259.43939208984375,259.43939208984375,259.43939208984375,7900,0.0,0.0
2011-10-13 00:00:00+09:00,253.64185720250228,253.64185720250228,250.01840209960938,250.01840209960938,300,0.0,0.0
2011-10-14 00:00:00+09:00,247.1196746826172,247.1196746826172,247.1196746826172,247.1196746826172,200,0.0,0.0
2011-10-17 00:00:00+09:00,248.56900423422627,252.1924591064453,246.39493131089483,252.1924591064453,900,0.0,0.0
2011-10-18 00:00:00+09:00,244.22087633042108,244.22087633042108,243.49618530273438,243.49618530273438,600,0.0,0.0
2011-10-19 00:00:00+09:00,245.67027824447,245.67027824447,244.94558715820312,244.94558715820312,1500,0.0,0.0
2011-10-20 00:00:00+09:00,246.39497375488278,246.39497375488278,246.39497375488278,246.3949737548828,1600,0.0,0.0
2011-10-21 00:00:00+09:00,253.64188474767346,253.64188474767346,246.39497375488278,246.3949737548828,2200,0.0,0.0
2011-10-24 00:00:00+09:00,252.19247516134513,252.19247516134513,247.84432903787365,250.01840209960938,400,0.0,0.0
2011-10-25 00:00:00+09:00,251.46778414076655,251.46778414076655,250.01840209960938,250.01840209960938,200,0.0,0.0
2011-10-26 00:00:00+09:00,244.22089607193627,244.94558715820312,244.22089607193627,244.94558715820312,2000,0.0,0.0
2011-10-27 00:00:00+09:00,246.39490660741626,253.64181562528145,245.67021570562974,251.46774291992188,3200,0.0,0.0
2011-10-28 00:00:00+09:00,251.46778414076655,253.64185720250228,250.01840209960938,250.01840209960938,3800,0.0,0.0
2011-10-31 00:00:00+09:00,255.09120178222656,255.09120178222656,255.09120178222656,255.09120178222656,100,0.0,0.0
2011-11-01 00:00:00+09:00,255.09120178222656,255.09120178222656,255.09120178222656,255.09120178222656,0,0.0,0.0
2011-11-02 00:00:00+09:00,252.1924338217084,252.1924338217084,251.46774291992188,251.46774291992188,300,0.0,0.0
2011-11-04 00:00:00+09:00,251.4677931995993,252.91717529296875,250.01841110622985,252.91717529296875,700,0.0,0.0
2011-11-07 00:00:00+09:00,253.64186633965346,253.64186633965346,252.91717529296875,252.91717529296875,1600,0.0,0.0
2011-11-08 00:00:00+09:00,281.9047558433131,282.62944673237047,275.3825378417969,275.3825378417969,11200,0.0,0.0
2011-11-09 00:00:00+09:00,277.5565906647713,277.5565906647713,263.78746475711944,269.5849914550781,8400,0.0,0.0
2011-11-10 00:00:00+09:00,270.30970367013595,270.30970367013595,262.33810382999786,264.5121765136719,2800,0.0,0.0
2011-11-11 00:00:00+09:00,269.5850713512309,274.657908715367,268.13568924719203,273.2085266113281,3600,0.0,0.0
2011-11-14 00:00:00+09:00,271.7590639668126,280.4553540137506,269.5849914550781,269.5849914550781,12100,0.0,0.0
2011-11-15 00:00:00+09:00,275.3826137188354,275.3826137188354,260.88879194415983,265.2369384765625,2400,0.0,0.0
2011-11-16 00:00:00+09:00,262.3380691224014,262.3380691224014,254.36647033691406,254.36647033691406,2200,0.0,0.0
2011-11-17 00:00:00+09:00,253.6418130953018,264.5121765136719,253.6418130953018,264.5121765136719,6000,0.0,0.0
2011-11-18 00:00:00+09:00,264.5121765136719,264.5121765136719,264.5121765136719,264.5121765136719,3200,0.0,0.0
2011-11-21 00:00:00+09:00,261.613413352334,268.13563141374954,259.4393406651955,262.3381042480469,2900,0.0,0.0
2011-11-22 00:00:00+09:00,252.19246372767856,253.641845703125,240.59740792410713,253.641845703125,2900,0.0,0.0
2011-11-24 00:00:00+09:00,253.64180584343111,253.64180584343111,248.5689697265625,248.5689697265625,800,0.0,0.0
2011-11-25 00:00:00+09:00,247.11957692291776,256.5405578613281,246.39488608150157,256.5405578613281,2200,0.0,0.0
2011-11-28 00:00:00+09:00,256.54062709649844,261.61346435546875,256.54062709649844,261.61346435546875,2900,0.0,0.0
2011-11-29 00:00:00+09:00,252.91713224889162,263.06280517578125,252.91713224889162,263.06280517578125,1400,0.0,0.0
2011-11-30 00:00:00+09:00,263.06284558642045,263.78753662109375,263.06284558642045,263.78753662109375,1400,0.0,0.0
2011-12-01 00:00:00+09:00,264.5121765136719,267.4109400919039,263.7874856191139,264.5121765136719,1300,0.0,0.0
2011-12-02 00:00:00+09:00,265.2368674082299,265.2368674082299,260.8887220408819,264.5121765136719,2900,0.0,0.0
2011-12-05 00:00:00+09:00,270.3096618652344,270.3096618652344,265.96151717035127,270.3096618652344,2100,0.0,0.0
2011-12-06 00:00:00+09:00,270.30970367013595,270.30970367013595,264.5121765136719,264.5121765136719,2900,0.0,0.0
2011-12-07 00:00:00+09:00,267.4109596871041,268.1356506347656,267.4109596871041,268.1356506347656,1200,0.0,0.0
2011-12-08 00:00:00+09:00,267.41094970703125,267.41094970703125,266.686258786416,267.41094970703125,3500,0.0,0.0
2011-12-09 00:00:00+09:00,268.1356097805884,269.5849914550781,262.3380830826298,269.5849914550781,7200,0.0,0.0
2011-12-12 00:00:00+09:00,267.41093806216594,275.3825378417969,266.68624717310854,275.3825378417969,29100,0.0,0.0
2011-12-13 00:00:00+09:00,269.5850740515668,270.30976511084515,265.2369276958963,266.6863098144531,3300,0.0,0.0
2011-12-14 00:00:00+09:00,264.51218505859373,271.75909423828125,264.51218505859373,271.75909423828125,500,0.0,0.0
2011-12-15 00:00:00+09:00,271.75909423828125,271.75909423828125,271.75909423828125,271.75909423828125,0,0.0,0.0
2011-12-16 00:00:00+09:00,271.0343933105469,271.0343933105469,271.0343933105469,271.0343933105469,100,0.0,0.0
2011-12-19 00:00:00+09:00,265.23691954044756,265.23691954044756,260.888773318473,261.61346435546875,4300,0.0,0.0
2011-12-20 00:00:00+09:00,261.61346435546875,261.61346435546875,261.61346435546875,261.61346435546875,100,0.0,0.0
2011-12-21 00:00:00+09:00,264.5121765136719,265.2368674082299,263.7874856191139,264.5121765136719,2800,0.0,0.0
2011-12-22 00:00:00+09:00,263.06289800008136,263.06289800008136,256.5406773885091,260.8888244628906,2300,0.0,0.0
2011-12-26 00:00:00+09:00,265.96160972511376,265.96160972511376,262.3381545517471,263.78753662109375,4700,0.0,0.0
2011-12-27 00:00:00+09:00,264.51219589645797,268.1356506347656,263.06281400113494,268.1356506347656,3400,0.0,0.0
2011-12-28 00:00:00+09:00,262.3381042480469,268.13563141374954,262.3381042480469,262.3381042480469,7600,0.0,0.0
2011-12-29 00:00:00+09:00,261.61346351707374,263.78753662109375,261.61346351707374,263.78753662109375,800,0.0,0.0
2011-12-30 00:00:00+09:00,261.6134326737323,265.9615783691406,260.8887417244976,265.9615783691406,1100,0.0,0.0
2012-01-04 00:00:00+09:00,263.06280418333967,270.3097133894923,263.06280418333967,267.41094970703125,1000,0.0,0.0
2012-01-05 00:00:00+09:00,271.75909523072283,271.75909523072283,264.5121860245702,267.41094970703125,4000,0.0,0.0
2012-01-06 00:00:00+09:00,271.03441442541174,271.03441442541174,268.1356506347656,268.1356506347656,5400,0.0,0.0
2012-01-10 00:00:00+09:00,269.5850615805768,272.48382568359375,269.5850615805768,272.48382568359375,1900,0.0,0.0
2012-01-11 00:00:00+09:00,273.9331970214844,275.38257901630703,273.2085060240731,273.9331970214844,5100,0.0,0.0
2012-01-12 00:00:00+09:00,268.1356285633057,277.5566101074219,268.1356285633057,277.5566101074219,10400,0.0,0.0
2012-01-13 00:00:00+09:00,266.68626705763523,274.6578674316406,266.68626705763523,274.6578674316406,500,0.0,0.0
2012-01-16 00:00:00+09:00,268.86034158242717,268.86034158242717,268.1356506347656,268.1356506347656,1100,0.0,0.0
2012-01-17 00:00:00+09:00,268.8603939202314,268.8603939202314,265.2369384765625,265.2369384765625,900,0.0,0.0
2012-01-18 00:00:00+09:00,266.68629747755983,272.48382568359375,266.68629747755983,272.48382568359375,800,0.0,0.0
2012-01-19 00:00:00+09:00,273.2084855454578,274.6578674316406,273.2084855454578,274.6578674316406,1900,0.0,0.0
2012-01-20 00:00:00+09:00,275.38257829160517,276.1072692871094,263.78752236353756,276.1072692871094,6500,0.0,0.0
2012-01-23 00:00:00+09:00,274.6578987608565,274.6578987608565,271.7591346578395,272.48382568359375,1100,0.0,0.0
2012-01-24 00:00:00+09:00,275.3825873833198,279.00604248046875,273.93320534446025,279.00604248046875,4400,0.0,0.0
2012-01-25 00:00:00+09:00,281.1801237768056,288.4270341834243,281.1801237768056,284.0788879394531,10700,0.0,0.0
2012-01-26 00:00:00+09:00,286.2529729010215,286.97766397165697,280.4554443359375,280.4554443359375,4000,0.0,0.0
2012-01-27 00:00:00+09:00,286.25295936162746,289.87641454342025,282.6295041798347,288.4270324707031,7600,0.0,0.0
2012-01-30 00:00:00+09:00,293.49988975524906,293.49988975524906,287.7023610687256,289.8764343261719,3200,0.0,0.0
2012-01-31 00:00:00+09:00,289.8764045772985,289.8764045772985,287.70233154296875,287.70233154296875,1800,0.0,0.0
2012-02-01 00:00:00+09:00,286.25297889709475,289.8764343261719,282.6295234680176,289.8764343261719,3200,0.0,0.0
2012-02-02 00:00:00+09:00,286.25297889709475,289.8764343261719,286.25297889709475,289.8764343261719,3300,0.0,0.0
2012-02-03 00:00:00+09:00,289.87645505364975,289.87645505364975,286.2529993654791,289.1517639160156,3900,0.0,0.0
2012-02-06 00:00:00+09:00,293.4998580894754,293.4998580894754,289.1517120437054,292.05047607421875,8200,0.0,0.0
2012-02-07 00:00:00+09:00,292.7752107644383,292.7752107644383,286.25299072265625,286.25299072265625,7700,0.0,0.0
2012-02-08 00:00:00+09:00,292.05051964868477,292.05051964868477,282.62953514388846,286.25299072265625,8700,0.0,0.0
2012-02-09 00:00:00+09:00,286.2529700693458,286.9776611328125,283.354205815479,286.9776611328125,10200,0.0,0.0
2012-02-10 00:00:00+09:00,286.9776611328125,286.9776611328125,276.107295180812,286.9776611328125,9900,0.0,0.0
2012-02-13 00:00:00+09:00,281.1800537109375,283.3541262911767,276.10721769037934,281.1800537109375,8500,0.0,0.0
2012-02-14 00:00:00+09:00,276.83198898276004,281.9048264772085,276.83198898276004,280.4554443359375,2400,0.0,0.0
2012-02-15 00:00:00+09:00,280.45536285085774,284.07881715125643,279.0059811306983,281.1800537109375,5000,0.0,0.0
2012-02-16 00:00:00+09:00,279.7307334998985,281.1801155387581,276.1072784027496,279.00604248046875,3500,0.0,0.0
2012-02-17 00:00:00+09:00,279.7307334998985,279.7307334998985,276.1072784027496,279.00604248046875,11100,0.0,0.0
2012-02-20 00:00:00+09:00,278.28135961415813,284.803578980115,278.28135961415813,284.0788879394531,5000,0.0,0.0
2012-02-21 00:00:00+09:00,284.80360849114913,286.25299072265625,280.4554617966278,286.25299072265625,5500,0.0,0.0
2012-02-22 00:00:00+09:00,286.9775889179494,292.7751159667969,286.9775889179494,292.7751159667969,16600,0.0,0.0
2012-02-23 00:00:00+09:00,310.1678659838299,316.6900874647983,302.19626195153523,311.61724853515625,27300,0.0,0.0
2012-02-24 00:00:00+09:00,311.61711586846246,318.1393345726861,307.99366103278265,313.0664978027344,13600,0.0,0.0
2012-02-27 00:00:00+09:00,318.13931178403703,322.4874572753906,312.3417844622323,322.4874572753906,19400,0.0,0.0
2012-02-28 00:00:00+09:00,322.4875201179661,322.4875201179661,316.68999166640714,318.1393737792969,11400,0.0,0.0
2012-02-29 00:00:00+09:00,318.8639940283764,323.2121394014906,311.61708507318605,315.24053955078125,12500,0.0,0.0
2012-03-01 00:00:00+09:00,313.79121368610305,328.2850341796875,313.79121368610305,328.2850341796875,13700,0.0,0.0
2012-03-02 00:00:00+09:00,333.3578583289837,336.9813133108205,326.11094836531015,336.2566223144531,10500,0.0,0.0
2012-03-05 00:00:00+09:00,333.35787135244203,340.6047815992343,326.83565213032904,328.2850341796875,4600,0.0,0.0
2012-03-06 00:00:00+09:00,334.08257155136675,336.98133572968663,329.73442528388694,331.1838073730469,3200,0.0,0.0
2012-03-07 00:00:00+09:00,330.4590771484375,330.4590771484375,323.21216756184896,326.1109313964844,12400,0.0,0.0
2012-03-08 00:00:00+09:00,326.1108600987797,334.80714970141383,326.1108600987797,327.56024169921875,7900,0.0,0.0
2012-03-09 00:00:00+09:00,329.73438262939453,339.1553649902344,329.73438262939453,339.1553649902344,4100,0.0,0.0
2012-03-12 00:00:00+09:00,340.60478497748596,351.4751504554908,336.981329818151,346.4023132324219,27900,0.0,0.0
2012-03-13 00:00:00+09:00,344.9528897050498,355.09856293166894,344.9528897050498,350.0257263183594,12600,0.0,0.0
2012-03-14 00:00:00+09:00,356.547932123994,362.34545947560366,352.92447752923795,360.17138671875,26400,0.0,0.0
2012-03-15 00:00:00+09:00,362.34542756745765,384.08615322150507,360.8960458571878,368.8676452636719,14400,0.0,0.0
2012-03-16 00:00:00+09:00,369.5923558097869,383.36148279093584,369.5923558097869,372.4911193847656,6200,0.0,0.0
2012-03-19 00:00:00+09:00,372.49113234092056,372.49113234092056,359.4466957997988,360.17138671875,9300,0.0,0.0
2012-03-21 00:00:00+09:00,368.1429868272133,369.5923686651157,355.09855028609155,360.17138671875,7900,0.0,0.0
2012-03-22 00:00:00+09:00,362.34547953328536,363.0701704923519,360.8960976151522,361.62078857421875,6400,0.0,0.0
2012-03-23 00:00:00+09:00,360.8961683349609,362.3455505371094,351.4751840209961,362.3455505371094,27400,0.0,0.0
2012-03-26 00:00:00+09:00,356.54796368818415,362.3454915530327,351.4751268064417,355.8232727050781,22300,0.0,0.0
2012-03-27 00:00:00+09:00,356.5480217285156,363.0702416381836,356.5480217285156,362.3455505371094,3800,0.0,0.0
2012-03-28 00:00:00+09:00,373.32566528320314,373.32566528320314,358.68544311523436,366.00555419921875,18600,5.0,0.0
2012-03-29 00:00:00+09:00,361.6134832502625,361.6134832502625,359.4174499511719,359.4174499511719,1800,0.0,0.0
2012-03-30 00:00:00+09:00,359.4174944249595,366.0055951374333,359.4174944249595,360.1495056152344,8900,0.0,0.0
2012-04-02 00:00:00+09:00,360.8815040132439,367.4696044921875,360.8815040132439,367.4696044921875,5600,0.0,0.0
2012-04-03 00:00:00+09:00,368.20155473727624,376.9856872558594,368.20155473727624,376.9856872558594,7800,0.0,0.0
2012-04-04 00:00:00+09:00,366.00551183075015,373.32562206736515,363.8094787597656,363.8094787597656,2600,0.0,0.0
2012-04-05 00:00:00+09:00,364.5415313899168,375.5216979980469,363.80952028270815,375.5216979980469,5000,0.0,0.0
2012-04-06 00:00:00+09:00,375.52167931133897,375.52167931133897,368.2015686035156,368.2015686035156,2000,0.0,0.0
2012-04-09 00:00:00+09:00,375.5216720950219,375.5216720950219,352.8293293368432,363.0774841308594,13200,0.0,0.0
2012-04-10 00:00:00+09:00,363.07751038725615,363.07751038725615,353.56136596178374,356.4894104003906,8300,0.0,0.0
2012-04-11 00:00:00+09:00,351.3653478832665,365.2735595703125,351.3653478832665,365.2735595703125,8400,0.0,0.0
2012-04-12 00:00:00+09:00,359.4174867193383,364.54156494140625,356.48944202101376,364.54156494140625,10400,0.0,0.0
2012-04-13 00:00:00+09:00,358.6854680379232,368.9336242675781,358.6854680379232,368.9336242675781,1500,0.0,0.0
2012-04-16 00:00:00+09:00,366.0055951374333,366.0055951374333,358.6854832346846,360.1495056152344,700,0.0,0.0
2012-04-17 00:00:00+09:00,359.4174358757175,359.4174358757175,358.6854248046875,358.6854248046875,1800,0.0,0.0
2012-04-18 00:00:00+09:00,357.2215021306818,362.3455810546875,357.2215021306818,362.3455810546875,900,0.0,0.0
2012-04-19 00:00:00+09:00,358.6854246833452,368.2015686035156,358.6854246833452,368.2015686035156,2100,0.0,0.0
2012-04-20 00:00:00+09:00,360.8815142056237,361.613525390625,346.97330169059967,361.613525390625,4300,0.0,0.0
2012-04-23 00:00:00+09:00,361.61346908880745,361.61346908880745,356.4893915915976,358.6854248046875,600,0.0,0.0
2012-04-24 00:00:00+09:00,352.8293927801374,352.8293927801374,352.0973815917969,352.0973815917969,1100,0.0,0.0
2012-04-25 00:00:00+09:00,352.8293937124857,360.88151680550925,352.8293937124857,360.1495056152344,1100,0.0,0.0
2012-04-26 00:00:00+09:00,359.4175359552557,362.3455810546875,352.0974232066762,362.3455810546875,2700,0.0,0.0
2012-04-27 00:00:00+09:00,362.3455810546875,362.3455810546875,362.3455810546875,362.3455810546875,1800,0.0,0.0
2012-05-01 00:00:00+09:00,361.61341186021093,361.61341186021093,355.75732421875,355.75732421875,1300,0.0,0.0
2012-05-02 00:00:00+09:00,355.75732421875,355.75732421875,355.75732421875,355.75732421875,0,0.0,0.0
2012-05-07 00:00:00+09:00,355.7573616027832,357.22138366699215,344.7771961212158,351.36529541015625,3700,0.0,0.0
2012-05-08 00:00:00+09:00,351.36529541015625,351.36529541015625,350.6332843780517,351.36529541015625,1500,0.0,0.0
2012-05-09 00:00:00+09:00,357.22138366699215,357.22138366699215,351.36529541015625,351.36529541015625,700,0.0,0.0
2012-05-10 00:00:00+09:00,355.02533180126244,355.02533180126244,351.3652768342391,353.5613098144531,2000,0.0,0.0
2012-05-11 00:00:00+09:00,358.68550638052136,388.69796711848335,358.68550638052136,380.6458435058594,19400,0.0,0.0
2012-05-14 00:00:00+09:00,380.6458145532853,387.9659263716177,366.7376020984537,371.1296691894531,31200,0.0,0.0
2012-05-15 00:00:00+09:00,366.0055283577212,366.7375394144366,344.0451966562579,363.0774841308594,5700,0.0,0.0
2012-05-16 00:00:00+09:00,363.077509765625,369.665609741211,363.077509765625,366.00555419921875,4500,0.0,0.0
2012-05-17 00:00:00+09:00,359.4174867193383,364.54156494140625,358.68547554475714,364.54156494140625,1800,0.0,0.0
2012-05-18 00:00:00+09:00,364.5416148792614,364.5416148792614,362.3455810546875,362.3455810546875,4300,0.0,0.0
2012-05-21 00:00:00+09:00,361.6134548694322,362.345465911678,357.9533996582031,357.9533996582031,800,0.0,0.0
2012-05-22 00:00:00+09:00,358.68544311523436,366.00555419921875,357.2214208984375,366.00555419921875,9500,0.0,0.0
2012-05-23 00:00:00+09:00,361.6134405917809,364.5414846451556,357.22137451171875,357.22137451171875,1600,0.0,0.0
2012-05-24 00:00:00+09:00,354.29345703125,366.0056374289773,354.29345703125,362.3455810546875,4100,0.0,0.0
2012-05-25 00:00:00+09:00,363.80953728746556,365.2735595703125,359.4174704389247,365.2735595703125,2600,0.0,0.0
2012-05-28 00:00:00+09:00,365.2735595703125,365.2735595703125,365.2735595703125,365.2735595703125,1600,0.0,0.0
2012-05-29 00:00:00+09:00,360.8815142056237,361.613525390625,360.8815142056237,361.613525390625,300,0.0,0.0
2012-05-30 00:00:00+09:00,361.613525390625,361.613525390625,361.613525390625,361.613525390625,0,0.0,0.0
2012-05-31 00:00:00+09:00,361.6134875488281,366.00555419921875,360.8814764404297,366.00555419921875,2400,0.0,0.0
2012-06-01 00:00:00+09:00,366.0056374289773,366.0056374289773,360.8815585049716,362.3455810546875,2100,0.0,0.0
2012-06-04 00:00:00+09:00,359.4174092395613,359.4174092395613,346.2412109375,346.2412109375,3300,0.0,0.0
2012-06-05 00:00:00+09:00,362.34546089172363,362.34546089172363,349.90127334594723,351.36529541015625,1400,0.0,0.0
2012-06-06 00:00:00+09:00,351.36528271967825,369.6655578613281,350.6332717140122,369.6655578613281,10100,0.0,0.0
2012-06-07 00:00:00+09:00,369.6655578613281,376.9856679179881,366.00550283299816,369.6655578613281,17100,0.0,0.0
2012-06-08 00:00:00+09:00,376.253662109375,376.98567312515195,371.86159601471303,376.253662109375,4100,0.0,0.0
2012-06-11 00:00:00+09:00,378.44967969258624,386.5018005371094,376.98565772085476,386.5018005371094,6600,0.0,0.0
2012-06-12 00:00:00+09:00,369.66557010350436,386.50182379138676,369.66557010350436,381.37774658203125,18900,0.0,0.0
2012-06-13 00:00:00+09:00,381.3777535151509,381.3777535151509,376.9856872558594,376.9856872558594,1800,0.0,0.0
2012-06-14 00:00:00+09:00,369.6656580906288,373.3257141113281,369.6656580906288,373.3257141113281,1200,0.0,0.0
2012-06-15 00:00:00+09:00,379.1817792232078,379.1817792232078,368.2016118711844,378.44976806640625,5500,0.0,0.0
2012-06-18 00:00:00+09:00,378.44977435628874,390.89396422873926,378.44977435628874,383.5738525390625,3300,0.0,0.0
2012-06-19 00:00:00+09:00,380.64574247193565,380.64574247193565,376.9856872558594,376.9856872558594,4600,0.0,0.0
2012-06-20 00:00:00+09:00,376.98578731830304,380.6458435058594,376.98578731830304,380.6458435058594,1700,0.0,0.0
2012-06-21 00:00:00+09:00,373.3257141113281,374.057725315468,371.12968049890856,373.3257141113281,3500,0.0,0.0
2012-06-22 00:00:00+09:00,373.3257141113281,376.9857701320274,369.6656580906288,373.3257141113281,8700,0.0,0.0
2012-06-25 00:00:00+09:00,376.98577280119645,376.98577280119645,371.8616943359375,371.8616943359375,1100,0.0,0.0
2012-06-26 00:00:00+09:00,369.6655415169335,370.3975524902344,369.6655415169335,370.3975524902344,600,0.0,0.0
2012-06-27 00:00:00+09:00,369.6655837023422,372.5936279296875,369.6655837023422,372.5936279296875,1900,0.0,0.0
2012-06-28 00:00:00+09:00,371.8616917030484,373.3257141113281,368.933646886489,373.3257141113281,6900,0.0,0.0
2012-06-29 00:00:00+09:00,373.3256389865238,373.3256389865238,363.0774841908153,372.5936279296875,2600,0.0,0.0
2012-07-02 00:00:00+09:00,372.59368264247695,372.59368264247695,366.00558216353335,367.4696044921875,1000,0.0,0.0
2012-07-03 00:00:00+09:00,371.86168037128635,371.86168037128635,371.1296691894531,371.1296691894531,800,0.0,0.0
2012-07-04 00:00:00+09:00,373.3257141113281,374.78973651960786,368.933646886489,373.3257141113281,11300,0.0,0.0
2012-07-05 00:00:00+09:00,378.4497024623995,381.37774658203125,378.4497024623995,381.37774658203125,3600,0.0,0.0
2012-07-06 00:00:00+09:00,384.30593588320534,387.96599241542634,378.44984543165174,385.76995849609375,4800,0.0,0.0
2012-07-09 00:00:00+09:00,395.28589071394345,395.28589071394345,388.69779253537774,393.8218688964844,3100,0.0,0.0
2012-07-10 00:00:00+09:00,395.2860107421875,398.94606639720774,392.35796621817127,395.2860107421875,3700,0.0,0.0
2012-07-11 00:00:00+09:00,395.28599185838226,399.67805843458655,391.6259363782121,397.4820251464844,4500,0.0,0.0
2012-07-12 00:00:00+09:00,401.8740892882741,402.60610037987385,398.946044921875,398.946044921875,12700,0.0,0.0
2012-07-13 00:00:00+09:00,396.0180096435547,402.6061096191406,396.0180096435547,402.6061096191406,2500,0.0,0.0
2012-07-17 00:00:00+09:00,401.8740985107422,402.6061096191406,396.7500207519531,402.6061096191406,1600,0.0,0.0
2012-07-18 00:00:00+09:00,399.67798583984376,399.67798583984376,384.3057556152344,384.3057556152344,1700,0.0,0.0
2012-07-19 00:00:00+09:00,379.1817203855051,384.305797688012,369.6655768237068,376.9856872558594,7300,0.0,0.0
2012-07-20 00:00:00+09:00,376.9856872558594,376.9856872558594,376.9856872558594,376.9856872558594,300,0.0,0.0
2012-07-23 00:00:00+09:00,373.325646225287,373.325646225287,358.6854248046875,358.6854248046875,2100,0.0,0.0
2012-07-24 00:00:00+09:00,346.9732408831197,364.54150624429025,346.9732408831197,363.0774841308594,2100,0.0,0.0
2012-07-25 00:00:00+09:00,359.4175015419408,359.4175015419408,346.9733110608552,347.705322265625,4900,0.0,0.0
2012-07-26 00:00:00+09:00,339.6531939098382,350.63336181640625,338.921182716067,350.63336181640625,3000,0.0,0.0
2012-07-27 00:00:00+09:00,362.345526341898,368.20161565651455,362.345526341898,367.4696044921875,6000,0.0,0.0
2012-07-30 00:00:00+09:00,367.4696044921875,367.4696044921875,366.7375933278604,367.4696044921875,300,0.0,0.0
2012-07-31 00:00:00+09:00,367.46955053183325,372.5936279296875,367.46955053183325,372.5936279296875,800,0.0,0.0
2012-08-01 00:00:00+09:00,363.8095537668251,364.54156494140625,363.8095537668251,364.54156494140625,200,0.0,0.0
2012-08-02 00:00:00+09:00,361.613525390625,361.613525390625,361.613525390625,361.613525390625,100,0.0,0.0
2012-08-03 00:00:00+09:00,351.36529541015625,351.36529541015625,351.36529541015625,351.36529541015625,800,0.0,0.0
2012-08-06 00:00:00+09:00,367.4696270800012,371.8616943359375,367.4696270800012,371.8616943359375,2100,0.0,0.0
2012-08-07 00:00:00+09:00,372.59367140118985,390.8939499572404,372.59367140118985,382.8418273925781,4300,0.0,0.0
2012-08-08 00:00:00+09:00,386.50185915389153,387.96588134765625,386.50185915389153,387.96588134765625,4700,0.0,0.0
2012-08-09 00:00:00+09:00,390.89398301068474,391.62599421482463,373.3257141113281,373.3257141113281,2900,0.0,0.0
2012-08-10 00:00:00+09:00,387.9658104306176,387.9658104306176,381.37771176292785,384.3057556152344,3800,0.0,0.0
2012-08-13 00:00:00+09:00,370.39758786692204,379.1817203855051,370.39758786692204,376.9856872558594,6500,0.0,0.0
2012-08-14 00:00:00+09:00,376.9858065518466,376.9858065518466,362.3455810546875,362.3455810546875,500,0.0,0.0
2012-08-15 00:00:00+09:00,356.4894908558239,362.3455810546875,356.4894908558239,362.3455810546875,2200,0.0,0.0
2012-08-16 00:00:00+09:00,360.1495056152344,360.1495056152344,359.4174944249595,360.1495056152344,1400,0.0,0.0
2012-08-17 00:00:00+09:00,367.4695248443301,369.6655578613281,367.4695248443301,369.6655578613281,200,0.0,0.0
2012-08-20 00:00:00+09:00,368.2015686035156,368.2015686035156,368.2015686035156,368.2015686035156,100,0.0,0.0
2012-08-21 00:00:00+09:00,363.0774841308594,363.0774841308594,363.0774841308594,363.0774841308594,700,0.0,0.0
2012-08-22 00:00:00+09:00,363.07754259224396,364.54156494140625,362.34553141766287,364.54156494140625,1100,0.0,0.0
2012-08-23 00:00:00+09:00,362.34553141766287,364.54156494140625,362.34553141766287,364.54156494140625,500,0.0,0.0
2012-08-24 00:00:00+09:00,362.3454986572266,366.00555419921875,361.6134875488281,366.00555419921875,900,0.0,0.0
2012-08-27 00:00:00+09:00,366.0055796305339,369.66563542683923,366.0055796305339,368.9336242675781,2500,0.0,0.0
2012-08-28 00:00:00+09:00,366.0055283577212,369.6655836412984,363.0774841308594,363.0774841308594,3900,0.0,0.0
2012-08-29 00:00:00+09:00,365.2735008070886,365.2735008070886,363.8094787597656,363.8094787597656,200,0.0,0.0
2012-08-30 00:00:00+09:00,363.8094787597656,363.8094787597656,363.8094787597656,363.8094787597656,0,0.0,0.0
2012-08-31 00:00:00+09:00,363.8094787597656,363.8094787597656,363.8094787597656,363.8094787597656,0,0.0,0.0
2012-09-03 00:00:00+09:00,360.8814392089844,360.8814392089844,360.8814392089844,360.8814392089844,100,0.0,0.0
2012-09-04 00:00:00+09:00,358.6854248046875,358.6854248046875,358.6854248046875,358.6854248046875,1500,0.0,0.0
2012-09-05 00:00:00+09:00,361.61346908880745,361.61346908880745,358.6854248046875,358.6854248046875,1300,0.0,0.0
2012-09-06 00:00:00+09:00,358.6854248046875,361.61346908880745,358.6854248046875,358.6854248046875,1200,0.0,0.0
2012-09-07 00:00:00+09:00,358.6854248046875,363.80950230189734,358.6854248046875,358.6854248046875,4100,0.0,0.0
2012-09-10 00:00:00+09:00,365.27354309082034,366.00555419921875,358.68544311523436,366.00555419921875,3600,0.0,0.0
2012-09-11 00:00:00+09:00,362.34553141766287,364.54156494140625,358.68547554475714,364.54156494140625,2300,0.0,0.0
2012-09-12 00:00:00+09:00,357.9533996582031,363.80948799616965,357.9533996582031,357.9533996582031,6900,0.0,0.0
2012-09-13 00:00:00+09:00,357.9533996582031,357.9533996582031,357.9533996582031,357.9533996582031,100,0.0,0.0
2012-09-14 00:00:00+09:00,362.345465911678,363.0774769539238,357.9533996582031,357.9533996582031,2500,0.0,0.0
2012-09-18 00:00:00+09:00,357.9533996582031,357.9533996582031,357.9533996582031,357.9533996582031,0,0.0,0.0
2012-09-19 00:00:00+09:00,362.3455365756263,362.3455365756263,358.6854806506199,361.613525390625,1500,0.0,0.0
2012-09-20 00:00:00+09:00,362.3454801598374,362.3454801598374,358.6854248046875,358.6854248046875,2000,0.0,0.0
2012-09-21 00:00:00+09:00,358.6854248046875,358.6854248046875,358.6854248046875,358.6854248046875,300,0.0,0.0
2012-09-24 00:00:00+09:00,357.95337577488107,357.95337577488107,353.5613098144531,353.5613098144531,600,0.0,0.0
2012-09-25 00:00:00+09:00,341.84921662997357,347.7053059940844,329.4050267312379,330.8690490722656,32100,0.0,0.0
2012-09-26 00:00:00+09:00,327.90822662626,331.6092224121094,323.46703168324063,331.6092224121094,2900,5.0,0.0
2012-09-27 00:00:00+09:00,333.08970470302154,335.310302734375,329.388707984099,335.310302734375,1800,0.0,0.0
2012-09-28 00:00:00+09:00,329.38861556117314,335.3102086499133,327.16801815289557,330.1288146972656,3100,0.0,0.0
2012-10-01 00:00:00+09:00,330.12880610493784,331.60920433859224,303.4816378991581,304.9620361328125,3200,0.0,0.0
2012-10-02 00:00:00+09:00,308.6630859375,310.1434844312051,307.9228866906475,308.6630859375,1900,0.0,0.0
2012-10-03 00:00:00+09:00,308.6631380012236,308.6631380012236,307.1827392578125,307.1827392578125,2300,0.0,0.0
2012-10-04 00:00:00+09:00,307.18264080229255,311.6238356090727,307.18264080229255,310.8836364746094,2100,0.0,0.0
2012-10-05 00:00:00+09:00,312.36403947771305,312.36403947771305,310.88364118634945,311.62384033203125,2000,0.0,0.0
2012-10-09 00:00:00+09:00,312.364088493796,314.5846862792969,310.88368997012867,314.5846862792969,7400,0.0,0.0
2012-10-10 00:00:00+09:00,317.5455232213755,317.5455232213755,309.40333031826333,316.06512451171875,1000,0.0,0.0
2012-10-11 00:00:00+09:00,318.2855757455977,326.4277648925781,318.2855757455977,326.4277648925781,2400,0.0,0.0
2012-10-12 00:00:00+09:00,321.24647963579963,325.6876752068015,314.5846862792969,314.5846862792969,8000,0.0,0.0
2012-10-15 00:00:00+09:00,310.88363174037886,310.88363174037886,307.182636124422,310.1434326171875,300,0.0,0.0
2012-10-16 00:00:00+09:00,310.88368997012867,314.5846862792969,310.88368997012867,314.5846862792969,600,0.0,0.0
2012-10-17 00:00:00+09:00,317.5454382873824,317.5454382873824,312.3640441894531,312.3640441894531,400,0.0,0.0
2012-10-18 00:00:00+09:00,307.9228838837175,313.1042785644531,307.1826846436124,313.1042785644531,3200,0.0,0.0
2012-10-19 00:00:00+09:00,313.8444330124628,319.7660260881696,310.8836364746094,310.8836364746094,1500,0.0,0.0
2012-10-22 00:00:00+09:00,307.92286811440675,307.92286811440675,305.7022705078125,305.7022705078125,1100,0.0,0.0
2012-10-23 00:00:00+09:00,316.80518024723705,316.80518024723705,303.4815979003906,303.4815979003906,2600,0.0,0.0
2012-10-24 00:00:00+09:00,303.4816378991581,304.9620361328125,303.4816378991581,304.9620361328125,1800,0.0,0.0
2012-10-25 00:00:00+09:00,310.88364594558186,321.98663330078125,310.88364594558186,321.98663330078125,1400,0.0,0.0
2012-10-26 00:00:00+09:00,327.9082946777344,327.9082946777344,325.6876967453795,327.9082946777344,2500,0.0,0.0
2012-10-29 00:00:00+09:00,327.1679831515537,329.3885803222656,327.1679831515537,329.3885803222656,800,0.0,0.0
2012-10-30 00:00:00+09:00,329.3885803222656,329.3885803222656,329.3885803222656,329.3885803222656,0,0.0,0.0
2012-10-31 00:00:00+09:00,328.6484069824219,328.6484069824219,328.6484069824219,328.6484069824219,100,0.0,0.0
2012-11-01 00:00:00+09:00,328.6484069824219,328.6484069824219,328.6484069824219,328.6484069824219,100,0.0,0.0
2012-11-02 00:00:00+09:00,323.46695560879175,323.46695560879175,319.7659606933594,319.7659606933594,2300,0.0,0.0
2012-11-05 00:00:00+09:00,319.7660260881696,320.50622522263296,310.8836364746094,310.8836364746094,1700,0.0,0.0
2012-11-06 00:00:00+09:00,320.50622522263296,320.50622522263296,307.92283993675596,310.8836364746094,4200,0.0,0.0
2012-11-07 00:00:00+09:00,316.06507552487346,316.06507552487346,310.8836808441378,313.1042785644531,2100,0.0,0.0
2012-11-08 00:00:00+09:00,316.80523913053537,316.80523913053537,311.6238450326061,312.3640441894531,1500,0.0,0.0
2012-11-09 00:00:00+09:00,316.06512451171875,316.06512451171875,310.8837290279201,316.06512451171875,3600,0.0,0.0
2012-11-12 00:00:00+09:00,322.72690481509807,322.72690481509807,313.1043136164827,313.8445129394531,19500,0.0,0.0
2012-11-13 00:00:00+09:00,312.36411429351233,313.8445129394531,310.88371564757153,313.8445129394531,5300,0.0,0.0
2012-11-14 00:00:00+09:00,310.88371564757153,313.8445129394531,310.88371564757153,313.8445129394531,2200,0.0,0.0
2012-11-15 00:00:00+09:00,313.8444778045582,313.8444778045582,307.9228838837175,313.1042785644531,2100,0.0,0.0
2012-11-16 00:00:00+09:00,313.104252947508,313.104252947508,304.22186279296875,304.22186279296875,3300,0.0,0.0
2012-11-19 00:00:00+09:00,310.14348160403273,318.2856732451887,304.96208692329714,313.1042785644531,4100,0.0,0.0
2012-11-20 00:00:00+09:00,313.1042785644531,313.1042785644531,310.8836808441378,313.1042785644531,1500,0.0,0.0
2012-11-21 00:00:00+09:00,313.10424334630017,316.06503997368833,307.9228492483708,312.3640441894531,4600,0.0,0.0
2012-11-22 00:00:00+09:00,313.8444778045582,318.2856732451887,313.1042785644531,313.1042785644531,12900,0.0,0.0
2012-11-26 00:00:00+09:00,322.72687815946693,323.46707742130053,313.10428775562957,314.5846862792969,12900,0.0,0.0
2012-11-27 00:00:00+09:00,314.5846862792969,318.2856825884651,311.6238892319623,314.5846862792969,10900,0.0,0.0
2012-11-28 00:00:00+09:00,315.3248762847684,319.7660717253989,313.1042785644531,313.1042785644531,7800,0.0,0.0
2012-11-29 00:00:00+09:00,313.10424334630017,313.10424334630017,311.6238450326061,312.3640441894531,6800,0.0,0.0
2012-11-30 00:00:00+09:00,311.6238308635702,312.36402998676164,309.40323349399614,310.1434326171875,8700,0.0,0.0
2012-12-03 00:00:00+09:00,315.32482647952713,315.32482647952713,310.1434326171875,310.1434326171875,3800,0.0,0.0
2012-12-04 00:00:00+09:00,307.9228912791567,310.14348905280445,307.9228912791567,309.4032897949219,3500,0.0,0.0
2012-12-05 00:00:00+09:00,310.1434326171875,310.1434326171875,307.92283524761336,310.1434326171875,10700,0.0,0.0
2012-12-06 00:00:00+09:00,310.14348905280445,310.88368831068703,309.4032897949219,309.4032897949219,10900,0.0,0.0
2012-12-07 00:00:00+09:00,310.143437340146,312.3640347435361,309.40323820568267,310.8836364746094,5100,0.0,0.0
2012-12-10 00:00:00+09:00,311.6238356090727,311.6238356090727,308.6630390712193,310.8836364746094,13600,0.0,0.0
2012-12-11 00:00:00+09:00,310.88368831068703,311.6238875685696,309.4032897949219,309.4032897949219,7400,0.0,0.0
2012-12-12 00:00:00+09:00,307.182687443795,313.10428141861513,307.182687443795,308.6630859375,20700,0.0,0.0
2012-12-13 00:00:00+09:00,311.6238727747837,319.7660642249562,311.6238727747837,316.8052673339844,16200,0.0,0.0
2012-12-14 00:00:00+09:00,318.28566577947026,319.7660642249562,316.06506811124143,316.8052673339844,10500,0.0,0.0
2012-12-17 00:00:00+09:00,321.98663330078125,327.90822655688754,319.0258366727281,321.98663330078125,22300,0.0,0.0
2012-12-18 00:00:00+09:00,322.7268874746575,334.57007600583756,322.7268874746575,330.86907958984375,10900,0.0,0.0
2012-12-19 00:00:00+09:00,333.08968615176076,347.8936722029501,333.08968615176076,347.1534729003906,27500,0.0,0.0
2012-12-20 00:00:00+09:00,347.8936229418683,350.85441973286294,340.4916309643817,344.192626953125,13400,0.0,0.0
2012-12-21 00:00:00+09:00,344.19264170887703,347.89363785628433,336.7906494140625,336.7906494140625,12800,0.0,0.0
2012-12-25 00:00:00+09:00,341.9720440204327,341.9720440204327,335.31025095509955,336.7906494140625,18800,0.0,0.0
2012-12-26 00:00:00+09:00,336.7906304063468,343.4524230957031,336.05043121864054,343.4524230957031,18800,0.0,0.0
2012-12-27 00:00:00+09:00,347.1533727645874,356.7759609222412,344.9327754974365,355.2955627441406,32900,0.0,0.0
2012-12-28 00:00:00+09:00,367.1387491284229,367.8789482194076,358.99655912759096,364.91815185546875,22600,0.0,0.0
2013-01-04 00:00:00+09:00,380.4624004175912,380.4624004175912,373.8006074141704,375.281005859375,28600,0.0,0.0
2013-01-07 00:00:00+09:00,379.72219444993505,384.90358891611345,362.69761263249154,369.3594055175781,14000,0.0,0.0
2013-01-08 00:00:00+09:00,369.3593629175303,369.3593629175303,356.77597780811544,362.69757080078125,17900,0.0,0.0
2013-01-09 00:00:00+09:00,356.7759581915223,373.800537109375,356.03575910813737,373.800537109375,16300,0.0,0.0
2013-01-10 00:00:00+09:00,377.5015325262995,378.24173160968445,370.8397407758354,373.800537109375,15100,0.0,0.0
2013-01-11 00:00:00+09:00,377.50160352718194,378.98200197238657,372.3202089689657,375.281005859375,7700,0.0,0.0
2013-01-15 00:00:00+09:00,379.72221857900837,389.3448089133692,379.72221857900837,387.8644104003906,17300,0.0,0.0
2013-01-16 00:00:00+09:00,387.8643393525909,387.8643393525909,376.7613525390625,376.7613525390625,15100,0.0,0.0
2013-01-17 00:00:00+09:00,381.20258501004895,395.2663696997401,371.57999548552345,382.6829833984375,13500,0.0,0.0
2013-01-18 00:00:00+09:00,388.6045579221312,393.7859520277596,384.16336297444974,389.3447570800781,10800,0.0,0.0
2013-01-21 00:00:00+09:00,393.7859279241663,419.69289686654565,390.0849323609692,418.95269775390625,21000,0.0,0.0
2013-01-22 00:00:00+09:00,414.5114860260229,425.6144722588628,410.8104906150763,411.5506896972656,28600,0.0,0.0
2013-01-23 00:00:00+09:00,407.1094893001542,407.1094893001542,398.96729951415114,401.1878967285156,9300,0.0,0.0
2013-01-24 00:00:00+09:00,399.7075333505307,399.7075333505307,384.90355063384436,392.3055419921875,12300,0.0,0.0
2013-01-25 00:00:00+09:00,407.1094809561483,414.5114715189873,399.7074903933092,409.330078125,10700,0.0,0.0
2013-01-28 00:00:00+09:00,413.7712945599928,418.9526882306904,410.81049817673704,417.4722900390625,17700,0.0,0.0
2013-01-29 00:00:00+09:00,417.47239985936125,421.91359560254597,417.47239985936125,420.4331970214844,12300,0.0,0.0
2013-01-30 00:00:00+09:00,420.4331525684458,421.1733517807142,413.7713596580303,418.2125549316406,7100,0.0,0.0
2013-01-31 00:00:00+09:00,418.21248435635334,418.21248435635334,411.55069257014594,416.7320861816406,6600,0.0,0.0
2013-02-01 00:00:00+09:00,417.472240121024,418.21243912833074,412.2908470698765,414.5114440917969,8600,0.0,0.0
2013-02-04 00:00:00+09:00,420.4331354725642,442.6391109376644,420.4331354725642,439.6783142089844,15500,0.0,0.0
2013-02-05 00:00:00+09:00,441.1586255498293,458.18320338145026,437.4576303690422,440.4184265136719,21300,0.0,0.0
2013-02-06 00:00:00+09:00,447.08032884784774,457.44311792710243,447.08032884784774,453.0019226074219,10800,0.0,0.0
2013-02-07 00:00:00+09:00,458.1832418165789,461.14403820957784,450.04105173583196,460.4038391113281,19900,0.0,0.0
2013-02-08 00:00:00+09:00,467.80592130335367,468.5461205459223,455.2225341796875,455.2225341796875,12200,0.0,0.0
2013-02-12 00:00:00+09:00,396.00661169478303,412.2909957270919,384.90362258184524,404.1488037109375,88400,0.0,0.0
2013-02-13 00:00:00+09:00,399.70752093705016,399.70752093705016,385.64373779296875,385.64373779296875,15600,0.0,0.0
2013-02-14 00:00:00+09:00,372.32017639041175,384.9035620735867,372.32017639041175,379.72216796875,13600,0.0,0.0
2013-02-15 00:00:00+09:00,378.98200197238657,378.98200197238657,371.5800097463634,375.281005859375,11300,0.0,0.0
2013-02-18 00:00:00+09:00,377.5015066964286,391.5652883184524,375.2809095982143,388.6044921875,14000,0.0,0.0
2013-02-19 00:00:00+09:00,381.20250983924717,384.9035050804049,380.4623107910156,380.4623107910156,5200,0.0,0.0
2013-02-20 00:00:00+09:00,387.8643471771816,394.52613939969046,387.8643471771816,392.3055419921875,6800,0.0,0.0
2013-02-21 00:00:00+09:00,390.0848903656006,402.66827392578125,387.12409423379336,402.66827392578125,11000,0.0,0.0
2013-02-22 00:00:00+09:00,410.0703979045043,410.0703979045043,399.7076080657623,404.1488037109375,7400,0.0,0.0
2013-02-25 00:00:00+09:00,407.1094540187291,415.99184210641045,407.1094540187291,414.5114440917969,4700,0.0,0.0
2013-02-26 00:00:00+09:00,408.5899258700284,409.3301250110973,404.1487310236151,407.1095275878906,6600,0.0,0.0
2013-02-27 00:00:00+09:00,407.109541716399,407.109541716399,399.7075500488281,399.7075500488281,3500,0.0,0.0
2013-02-28 00:00:00+09:00,397.486990270882,404.1487834039135,384.9036032418224,396.006591796875,8300,0.0,0.0
2013-03-01 00:00:00+09:00,396.0065495016004,396.7467486595473,389.3447570800781,389.3447570800781,4700,0.0,0.0
2013-03-04 00:00:00+09:00,389.3447570800781,393.0457528698127,389.3447570800781,389.3447570800781,3200,0.0,0.0
2013-03-05 00:00:00+09:00,393.0457528698127,394.52615118570657,389.3447570800781,389.3447570800781,3700,0.0,0.0
2013-03-06 00:00:00+09:00,390.8250892857143,391.5652883184524,386.3838950892857,388.6044921875,9000,0.0,0.0
2013-03-07 00:00:00+09:00,388.6045719139517,391.56536865234375,388.6045719139517,391.56536865234375,5100,0.0,0.0
2013-03-08 00:00:00+09:00,391.5653428563532,392.3055419921875,390.0849445846846,392.3055419921875,8200,0.0,0.0
2013-03-11 00:00:00+09:00,393.04574112802186,399.7075333505307,388.60454631301593,392.3055419921875,19600,0.0,0.0
2013-03-12 00:00:00+09:00,398.22715171531394,405.6291433828848,396.0065542150427,399.7075500488281,14900,0.0,0.0
2013-03-13 00:00:00+09:00,396.0065542150427,399.7075500488281,396.0065542150427,399.7075500488281,1900,0.0,0.0
2013-03-14 00:00:00+09:00,399.70760649785484,402.66840358302414,394.5262115988086,398.9674072265625,4600,0.0,0.0
2013-03-15 00:00:00+09:00,398.2270969432184,410.0702819824219,394.5261016184673,410.0702819824219,16500,0.0,0.0
2013-03-18 00:00:00+09:00,413.03112071644176,414.51151899857956,407.1095275878906,407.1095275878906,8000,0.0,0.0
2013-03-19 00:00:00+09:00,410.07032663561074,415.9919198000239,407.10953005340417,412.2909240722656,10700,0.0,0.0
2013-03-21 00:00:00+09:00,416.7320909432486,424.87428099720194,415.9918918474346,417.4722900390625,9100,0.0,0.0
2013-03-22 00:00:00+09:00,428.575212498715,428.575212498715,416.7320287336383,421.9134216308594,6300,0.0,0.0
2013-03-25 00:00:00+09:00,425.6145767687101,428.57537382449243,421.9135804489822,427.8351745605469,5000,0.0,0.0
2013-03-26 00:00:00+09:00,429.315573088438,433.01656940816594,425.6145767687101,427.8351745605469,9900,0.0,0.0
2013-03-27 00:00:00+09:00,435.3278856891135,435.3278856891135,424.088783648947,430.8322448730469,3600,7.0,0.0
2013-03-28 00:00:00+09:00,436.07700227436266,436.8262754741468,424.0886310778166,427.0857238769531,10100,0.0,0.0
2013-03-29 00:00:00+09:00,427.0858255118714,427.0858255118714,421.8409118652344,421.8409118652344,1000,0.0,0.0
2013-04-01 00:00:00+09:00,422.59018933935073,422.59018933935073,382.87869991561746,385.87579345703125,8700,0.0,0.0
2013-04-02 00:00:00+09:00,378.3830330984933,393.3684997558594,367.14393310546876,393.3684997558594,8000,0.0,0.0
2013-04-03 00:00:00+09:00,400.1118636481506,406.85532202424304,397.8640441894531,397.8640441894531,2900,0.0,0.0
2013-04-04 00:00:00+09:00,395.61638108269057,412.84967041015625,393.36856073562984,412.84967041015625,5600,0.0,0.0
2013-04-05 00:00:00+09:00,420.34239893374234,422.59021924889606,404.60765672766644,413.59893798828125,7900,0.0,0.0
2013-04-08 00:00:00+09:00,419.5931337733957,421.84095413289606,412.8496726948947,420.3424072265625,5300,0.0,0.0
2013-04-09 00:00:00+09:00,421.0916043879973,421.0916043879973,395.61631159584084,414.34814453125,6600,0.0,0.0
2013-04-10 00:00:00+09:00,406.8554382324219,412.10035180079564,399.36270456331647,406.8554382324219,6300,0.0,0.0
2013-04-11 00:00:00+09:00,412.1003911115121,413.59893798828125,408.3540239195893,413.59893798828125,3800,0.0,0.0
2013-04-12 00:00:00+09:00,410.60186178349835,423.33951078043174,410.60186178349835,411.35113525390625,7400,0.0,0.0
2013-04-15 00:00:00+09:00,411.35108001040714,411.35108001040714,403.8583463125855,410.601806640625,2300,0.0,0.0
2013-04-16 00:00:00+09:00,407.60461743436343,409.10316382198977,403.10897827148443,403.1089782714844,3700,0.0,0.0
2013-04-17 00:00:00+09:00,409.10316382198977,409.10316382198977,403.10897827148443,403.1089782714844,1800,0.0,0.0
2013-04-18 00:00:00+09:00,403.1090713978692,409.852531700064,394.1177909949427,406.8554382324219,6600,0.0,0.0
2013-04-19 00:00:00+09:00,409.85247802734375,409.85247802734375,409.85247802734375,409.85247802734375,500,0.0,0.0
2013-04-22 00:00:00+09:00,409.8524876875843,427.0857732759105,409.8524876875843,416.595947265625,11800,0.0,0.0
2013-04-23 00:00:00+09:00,413.5989556651298,416.59604954676115,411.35113525390625,411.35113525390625,3300,0.0,0.0
2013-04-24 00:00:00+09:00,413.59883161272325,419.593017578125,409.8524653843471,419.593017578125,4900,0.0,0.0
2013-04-25 00:00:00+09:00,424.08877214546,424.08877214546,412.100396961136,412.84967041015625,4900,0.0,0.0
2013-04-26 00:00:00+09:00,418.84377864465813,418.84377864465813,414.3481388023183,415.097412109375,2300,0.0,0.0
2013-04-30 00:00:00+09:00,418.09459648757684,418.09459648757684,395.6163923753415,411.35113525390625,9900,0.0,0.0
2013-05-01 00:00:00+09:00,410.60182269061056,410.60182269061056,400.8612685026946,404.6076354980469,9600,0.0,0.0
2013-05-02 00:00:00+09:00,402.35986920257113,404.60768970090953,398.6135017053405,401.610595703125,8300,0.0,0.0
2013-05-07 00:00:00+09:00,406.85545710292433,412.1003709145642,405.3569102995986,408.35400390625,19000,0.0,0.0
2013-05-08 00:00:00+09:00,412.1004466942134,419.5931820886537,409.85262607588135,418.0946350097656,17400,0.0,0.0
2013-05-09 00:00:00+09:00,418.8439399826695,427.08594953510124,418.0946663869939,425.58740234375,28900,0.0,0.0
2013-05-10 00:00:00+09:00,427.0858823645513,430.83224975371405,422.59024149755606,426.33660888671875,32300,0.0,0.0
2013-05-13 00:00:00+09:00,404.60750256554553,404.60750256554553,390.3713126604615,397.8640441894531,52300,0.0,0.0
2013-05-14 00:00:00+09:00,409.85253327084286,410.601806640625,397.86415935432825,410.601806640625,21700,0.0,0.0
2013-05-15 00:00:00+09:00,412.100341796875,412.100341796875,397.1148748224432,412.100341796875,30900,0.0,0.0
2013-05-16 00:00:00+09:00,415.8467396265617,415.8467396265617,394.117810889318,396.3656311035156,11000,0.0,0.0
2013-05-17 00:00:00+09:00,392.61926111291956,404.6076354980469,392.61926111291956,404.6076354980469,5000,0.0,0.0
2013-05-20 00:00:00+09:00,404.607551799101,408.35391801946304,401.6104588228114,407.6046447753906,10900,0.0,0.0
2013-05-21 00:00:00+09:00,409.10327730791283,409.10327730791283,404.6076368979358,408.35400390625,8300,0.0,0.0
2013-05-22 00:00:00+09:00,408.35398496624293,412.10035180079564,403.8583447647797,406.8554382324219,10400,0.0,0.0
2013-05-23 00:00:00+09:00,405.35697354615195,405.35697354615195,391.8700502118992,392.61932373046875,11700,0.0,0.0
2013-05-24 00:00:00+09:00,391.87002457430924,399.3627592698027,388.1236572265625,388.1236572265625,5200,0.0,0.0
2013-05-27 00:00:00+09:00,394.867090650329,394.867090650329,373.138161563309,379.8816223144531,4600,0.0,0.0
2013-05-28 00:00:00+09:00,378.38312031672547,389.6222229003906,371.63965876652645,389.6222229003906,7300,0.0,0.0
2013-05-29 00:00:00+09:00,389.62217215673735,389.62217215673735,382.8787114847938,384.37725830078125,6600,0.0,0.0
2013-05-30 00:00:00+09:00,384.3772126754912,384.3772126754912,378.3830261230469,378.3830261230469,1500,0.0,0.0
2013-05-31 00:00:00+09:00,376.13524917573693,400.86127153191086,375.3859757710044,396.3656311035156,8600,0.0,0.0
2013-06-03 00:00:00+09:00,380.63088262648813,391.86998349144346,376.884515671503,377.6337890625,4000,0.0,0.0
2013-06-04 00:00:00+09:00,374.63670707793824,376.13525390625,370.89034000715884,376.13525390625,2200,0.0,0.0
2013-06-05 00:00:00+09:00,383.62786091549293,383.62786091549293,372.3887634277344,372.3887634277344,2300,0.0,0.0
2013-06-06 00:00:00+09:00,361.8990346908569,367.14394823710126,358.9019412358602,359.6512145996094,2900,0.0,0.0
2013-06-07 00:00:00+09:00,357.40339667456493,357.40339667456493,335.6744689941406,335.6744689941406,6400,0.0,0.0
2013-06-10 00:00:00+09:00,336.4237625960465,340.9194030761719,334.17594235598386,340.9194030761719,45100,0.0,0.0
2013-06-11 00:00:00+09:00,344.6657217806402,355.9048214039219,344.6657217806402,355.1555480957031,5500,0.0,0.0
2013-06-12 00:00:00+09:00,349.16138435526096,352.1584777832031,349.16138435526096,352.1584777832031,11500,0.0,0.0
2013-06-13 00:00:00+09:00,352.1584605565787,355.15555383791127,348.4120939549129,354.4062805175781,3100,0.0,0.0
2013-06-14 00:00:00+09:00,354.4062945158585,354.4062945158585,344.6657409667969,344.6657409667969,2400,0.0,0.0
2013-06-17 00:00:00+09:00,344.6657409667969,344.6657409667969,340.17010086722996,344.6657409667969,2100,0.0,0.0
2013-06-18 00:00:00+09:00,356.6541475029402,356.6541475029402,348.4121398925781,348.4121398925781,9100,0.0,0.0
2013-06-19 00:00:00+09:00,352.15850246939686,352.90777587890625,352.15850246939686,352.90777587890625,2200,0.0,0.0
2013-06-20 00:00:00+09:00,352.90777587890625,352.90777587890625,344.66576837430335,352.90777587890625,4600,0.0,0.0
2013-06-21 00:00:00+09:00,346.16431963520665,348.4121398925781,343.9164993778352,348.4121398925781,7000,0.0,0.0
2013-06-24 00:00:00+09:00,348.4121268136161,348.4121268136161,346.164306640625,346.164306640625,8600,0.0,0.0
2013-06-25 00:00:00+09:00,348.4121268136161,361.8990478515625,344.66575985863096,346.164306640625,16500,0.0,0.0
2013-06-26 00:00:00+09:00,348.4121398925781,350.6599601499496,346.9135930543305,348.4121398925781,4400,0.0,0.0
2013-06-27 00:00:00+09:00,347.6628637963599,347.6628637963599,340.9194030761719,340.9194030761719,4500,0.0,0.0
2013-06-28 00:00:00+09:00,346.16431696965145,352.15850427648525,340.17012966281766,340.9194030761719,34700,0.0,0.0
2013-07-01 00:00:00+09:00,346.9135674158732,359.6512145996094,346.9135674158732,359.6512145996094,1600,0.0,0.0
2013-07-02 00:00:00+09:00,359.6512145996094,371.63958841959635,353.65702768961586,359.6512145996094,9700,0.0,0.0
2013-07-03 00:00:00+09:00,367.14389966881794,382.878638226053,360.4004402871458,361.89898681640625,16600,0.0,0.0
2013-07-04 00:00:00+09:00,360.40050528039893,373.1381530761719,360.40050528039893,373.1381530761719,4700,0.0,0.0
2013-07-05 00:00:00+09:00,374.63658292528606,377.63367558868833,368.64239759848147,372.3887634277344,5700,0.0,0.0
2013-07-08 00:00:00+09:00,379.1322994421024,382.8786660373801,370.8902929324915,378.3830261230469,10900,0.0,0.0
2013-07-09 00:00:00+09:00,378.3830668744313,379.881613673934,373.1381530761719,373.1381530761719,2900,0.0,0.0
2013-07-10 00:00:00+09:00,377.63375097656245,380.6308442382812,374.63665771484375,374.63665771484375,6100,0.0,0.0
2013-07-11 00:00:00+09:00,376.13529224731684,385.1265741337069,376.13529224731684,382.8787536621094,8700,0.0,0.0
2013-07-12 00:00:00+09:00,383.6279464285714,393.3684997558594,383.6279464285714,393.3684997558594,25700,0.0,0.0
2013-07-16 00:00:00+09:00,393.368517119309,393.368517119309,391.1206970214844,391.1206970214844,4000,0.0,0.0
2013-07-17 00:00:00+09:00,391.1206722442568,393.3684921996836,390.37139892578125,390.37139892578125,2200,0.0,0.0
2013-07-18 00:00:00+09:00,386.62506103515625,386.62506103515625,386.62506103515625,386.62506103515625,400,0.0,0.0
2013-07-19 00:00:00+09:00,386.6251270967371,386.6251270967371,379.881665577608,382.1294860839844,6100,0.0,0.0
2013-07-22 00:00:00+09:00,382.87870709193237,388.8728942871094,379.88161349434387,388.8728942871094,900,0.0,0.0
2013-07-23 00:00:00+09:00,388.8729059746925,388.8729059746925,387.3743591308594,387.3743591308594,1100,0.0,0.0
2013-07-24 00:00:00+09:00,392.6192730842753,392.6192730842753,382.87871859936007,387.3743591308594,700,0.0,0.0
2013-07-25 00:00:00+09:00,388.1236826190512,392.61932373046875,381.3802209519248,392.61932373046875,3200,0.0,0.0
2013-07-26 00:00:00+09:00,397.1148490905762,397.1148490905762,389.6221160888672,395.6163024902344,14100,0.0,0.0
2013-07-29 00:00:00+09:00,392.61922642299106,393.3684997558594,392.61922642299106,393.3684997558594,2900,0.0,0.0
2013-07-30 00:00:00+09:00,393.3684997558594,397.1148664202009,393.3684997558594,393.3684997558594,1400,0.0,0.0
2013-07-31 00:00:00+09:00,397.864231461745,397.864231461745,389.6222229003906,389.6222229003906,600,0.0,0.0
2013-08-01 00:00:00+09:00,389.6220850944519,389.6220850944519,383.6278991699219,383.6278991699219,700,0.0,0.0
2013-08-02 00:00:00+09:00,398.6134772470064,404.607664874781,385.12655508451377,400.8612976074219,4900,0.0,0.0
2013-08-05 00:00:00+09:00,406.8554939652962,406.8554939652962,388.1236572265625,388.1236572265625,2000,0.0,0.0
2013-08-06 00:00:00+09:00,394.86711845250665,394.86711845250665,388.1236572265625,388.1236572265625,300,0.0,0.0
2013-08-07 00:00:00+09:00,393.3684997558594,393.3684997558594,393.3684997558594,393.3684997558594,400,0.0,0.0
2013-08-08 00:00:00+09:00,393.36857151340797,393.36857151340797,388.1236572265625,388.1236572265625,1800,0.0,0.0
2013-08-09 00:00:00+09:00,389.6221704609227,397.86417791298067,389.6221704609227,396.3656311035156,2400,0.0,0.0
2013-08-12 00:00:00+09:00,385.87580343726,396.3656311035156,385.87580343726,396.3656311035156,12100,0.0,0.0
2013-08-13 00:00:00+09:00,385.87579345703125,389.6221603837986,385.87579345703125,385.87579345703125,4100,0.0,0.0
2013-08-14 00:00:00+09:00,393.3685725779196,393.3685725779196,389.6222052200347,391.8700256347656,2200,0.0,0.0
2013-08-15 00:00:00+09:00,386.62506103515625,386.62506103515625,386.62506103515625,386.62506103515625,1000,0.0,0.0
2013-08-16 00:00:00+09:00,385.87579345703125,385.87579345703125,385.87579345703125,385.87579345703125,3200,0.0,0.0
2013-08-19 00:00:00+09:00,384.37725830078125,389.62217215673735,384.37725830078125,384.37725830078125,3300,0.0,0.0
2013-08-20 00:00:00+09:00,384.37728987881576,388.1236572265625,382.12946947016775,388.1236572265625,2400,0.0,0.0
2013-08-21 00:00:00+09:00,380.6309509277344,380.6309509277344,380.6309509277344,380.6309509277344,200,0.0,0.0
2013-08-22 00:00:00+09:00,376.1352176249146,376.8844909667969,376.1352176249146,376.8844909667969,300,0.0,0.0
2013-08-23 00:00:00+09:00,388.1236572265625,388.1236572265625,388.1236572265625,388.1236572265625,700,0.0,0.0
2013-08-26 00:00:00+09:00,382.8787536621094,382.8787536621094,382.8787536621094,382.8787536621094,100,0.0,0.0
2013-08-27 00:00:00+09:00,382.1294860839844,382.1294860839844,382.1294860839844,382.1294860839844,200,0.0,0.0
2013-08-28 00:00:00+09:00,387.3743591308594,387.3743591308594,387.3743591308594,387.3743591308594,1700,0.0,0.0
2013-08-29 00:00:00+09:00,367.89328385145933,382.8787536621094,367.89328385145933,382.8787536621094,1400,0.0,0.0
2013-08-30 00:00:00+09:00,369.3917236328125,369.3917236328125,369.3917236328125,369.3917236328125,200,0.0,0.0
2013-09-02 00:00:00+09:00,367.8932830489309,374.6367444490132,355.9049072265625,355.9049072265625,2300,0.0,0.0
2013-09-03 00:00:00+09:00,359.65119140624995,374.63665771484375,359.65119140624995,374.63665771484375,2500,0.0,0.0
2013-09-04 00:00:00+09:00,374.6367791686395,374.6367791686395,370.8904113769531,370.8904113769531,1500,0.0,0.0
2013-09-05 00:00:00+09:00,370.89032259854406,370.89032259854406,361.1497686717136,362.6483154296875,3000,0.0,0.0
2013-09-06 00:00:00+09:00,363.3975524902344,363.3975524902344,363.3975524902344,363.3975524902344,200,0.0,0.0
2013-09-09 00:00:00+09:00,373.13810736208546,373.13810736208546,363.39755435865754,367.1439208984375,5500,0.0,0.0
2013-09-10 00:00:00+09:00,374.636634451444,374.636634451444,365.6453552246094,365.6453552246094,2200,0.0,0.0
2013-09-11 00:00:00+09:00,365.6453742825255,367.1439208984375,365.6453742825255,367.1439208984375,2500,0.0,0.0
2013-09-12 00:00:00+09:00,370.14105224609375,370.14105224609375,370.14105224609375,370.14105224609375,5600,0.0,0.0
2013-09-13 00:00:00+09:00,364.1468448208098,367.1439381938206,364.1468448208098,364.8961181640625,1600,0.0,0.0
2013-09-17 00:00:00+09:00,365.6454089456353,365.6454089456353,362.6483154296875,362.6483154296875,2500,0.0,0.0
2013-09-18 00:00:00+09:00,366.394674873352,366.394674873352,359.6512145996094,359.6512145996094,1600,0.0,0.0
2013-09-19 00:00:00+09:00,366.394674873352,366.394674873352,359.6512145996094,359.6512145996094,10300,0.0,0.0
2013-09-20 00:00:00+09:00,361.14976132710774,361.14976132710774,359.6512145996094,359.6512145996094,7100,0.0,0.0
2013-09-24 00:00:00+09:00,359.65116702251555,362.6482600810365,359.65116702251555,361.89898681640625,4900,0.0,0.0
2013-09-25 00:00:00+09:00,361.89898681640625,361.89898681640625,361.89898681640625,361.89898681640625,200,0.0,0.0
2013-09-26 00:00:00+09:00,367.18770049048254,368.6987609863281,362.6545190029457,368.6987609863281,1600,4.0,0.0
2013-09-27 00:00:00+09:00,368.6987609863281,368.6987609863281,364.92110974671414,368.6987609863281,4500,0.0,0.0
2013-09-30 00:00:00+09:00,358.12144966125487,362.6546325683594,358.12144966125487,362.6546325683594,2700,0.0,0.0
2013-10-01 00:00:00+09:00,363.41006878725034,366.43218994140625,363.41006878725034,366.43218994140625,200,0.0,0.0
2013-10-02 00:00:00+09:00,365.6766662597656,365.6766662597656,355.0992420291112,365.6766662597656,8700,0.0,0.0
2013-10-03 00:00:00+09:00,362.65454505100723,365.6766662597656,362.65454505100723,365.6766662597656,3500,0.0,0.0
2013-10-04 00:00:00+09:00,362.6546325683594,362.6546325683594,362.6546325683594,362.6546325683594,700,0.0,0.0
2013-10-07 00:00:00+09:00,367.9433459599813,367.9433459599813,362.6546325683594,362.6546325683594,2100,0.0,0.0
2013-10-08 00:00:00+09:00,356.6103182938614,360.3879699707031,356.6103182938614,360.3879699707031,1300,0.0,0.0
2013-10-09 00:00:00+09:00,355.0993277231852,362.6546325683594,355.0993277231852,362.6546325683594,1900,0.0,0.0
2013-10-10 00:00:00+09:00,367.1878154754639,367.1878154754639,362.6546325683594,362.6546325683594,2100,0.0,0.0
2013-10-11 00:00:00+09:00,368.6988249911038,368.6988249911038,364.165642716623,364.9211730957031,6200,0.0,0.0
2013-10-15 00:00:00+09:00,369.4543151855469,373.9874969669646,369.4543151855469,369.4543151855469,8500,0.0,0.0
2013-10-16 00:00:00+09:00,369.4543428614072,373.23199462890625,368.6988125079074,373.23199462890625,1300,0.0,0.0
2013-10-17 00:00:00+09:00,373.23196667006164,373.23196667006164,361.1434819196143,369.4543151855469,2200,0.0,0.0
2013-10-18 00:00:00+09:00,373.23194247386493,373.23194247386493,364.1655794987913,368.6987609863281,1900,0.0,0.0
2013-10-21 00:00:00+09:00,370.2098454824498,370.2098454824498,364.16560310722616,369.4543151855469,1300,0.0,0.0
2013-10-22 00:00:00+09:00,369.4543694943798,370.20989990234375,366.4322478625239,370.20989990234375,1700,0.0,0.0
2013-10-23 00:00:00+09:00,370.20989990234375,370.20989990234375,370.20989990234375,370.20989990234375,8100,0.0,0.0
2013-10-24 00:00:00+09:00,370.20989990234375,370.96543031030774,362.6545958227041,370.20989990234375,9800,0.0,0.0
2013-10-25 00:00:00+09:00,371.7209101245563,372.4764404296875,370.20984951429386,372.4764404296875,1500,0.0,0.0
2013-10-28 00:00:00+09:00,377.0096396706321,377.7651700106534,367.18774525035514,373.9875183105469,12400,0.0,0.0
2013-10-29 00:00:00+09:00,373.9875183105469,373.9875183105469,373.9875183105469,373.9875183105469,0,0.0,0.0
2013-10-30 00:00:00+09:00,377.7652039819834,377.7652039819834,364.165656638632,370.20989990234375,4000,0.0,0.0
2013-10-31 00:00:00+09:00,366.4322478625239,370.96543031030774,366.4322478625239,370.20989990234375,4500,0.0,0.0
2013-11-01 00:00:00+09:00,365.6766807416306,370.96539306640625,365.6766807416306,370.96539306640625,7600,0.0,0.0
2013-11-05 00:00:00+09:00,377.009632971979,377.009632971979,366.43220839961884,374.7430419921875,4800,0.0,0.0
2013-11-06 00:00:00+09:00,375.4985856894057,377.0096463964053,367.9432821544076,373.23199462890625,10200,0.0,0.0
2013-11-07 00:00:00+09:00,377.7651632985761,377.7651632985761,373.9875116655904,374.7430419921875,5600,0.0,0.0
2013-11-08 00:00:00+09:00,373.9875143948495,373.9875143948495,370.96539306640625,370.96539306640625,1600,0.0,0.0
2013-11-11 00:00:00+09:00,378.52064297051135,378.52064297051135,367.9432198136507,377.00958251953125,17200,0.0,0.0
2013-11-12 00:00:00+09:00,380.787302040192,380.787302040192,373.9875287894743,376.2541198730469,11500,0.0,0.0
2013-11-13 00:00:00+09:00,375.4985575607705,375.4985575607705,363.4100728103232,369.4543151855469,4600,0.0,0.0
2013-11-14 00:00:00+09:00,377.76519775390625,377.76519775390625,377.0096673583985,377.76519775390625,17000,0.0,0.0
2013-11-15 00:00:00+09:00,370.2098627342954,375.4985750590711,370.2098627342954,370.96539306640625,5200,0.0,0.0
2013-11-18 00:00:00+09:00,374.74305915066515,380.787302040192,374.74305915066515,376.2541198730469,5400,0.0,0.0
2013-11-19 00:00:00+09:00,370.9654035684068,374.74305533590586,370.9654035684068,373.23199462890625,500,0.0,0.0
2013-11-20 00:00:00+09:00,371.7209377059017,376.2541198730469,371.7209377059017,376.2541198730469,71300,0.0,0.0
2013-11-21 00:00:00+09:00,378.5207214355469,384.5649644924019,374.74306952501246,378.5207214355469,20400,0.0,0.0
2013-11-22 00:00:00+09:00,378.5207071034049,378.5207071034049,363.4101000334087,373.23199462890625,13200,0.0,0.0
2013-11-25 00:00:00+09:00,373.9875183105469,376.2541093306108,373.9875183105469,373.9875183105469,1700,0.0,0.0
2013-11-26 00:00:00+09:00,374.7430486505682,376.2541093306108,373.9875183105469,373.9875183105469,2400,0.0,0.0
2013-11-27 00:00:00+09:00,374.7430049044266,375.49853515625,371.7208838971328,375.49853515625,3400,0.0,0.0
2013-11-28 00:00:00+09:00,372.4764141489563,376.2540654080735,372.4764141489563,375.49853515625,6900,0.0,0.0
2013-11-29 00:00:00+09:00,371.7209777832031,372.47650822585194,371.7209777832031,371.7209777832031,3800,0.0,0.0
2013-12-02 00:00:00+09:00,371.72093392190664,373.23199462890625,370.209873214907,373.23199462890625,9500,0.0,0.0
2013-12-03 00:00:00+09:00,373.2320110469873,373.2320110469873,367.18776795310896,367.94329833984375,8200,0.0,0.0
2013-12-04 00:00:00+09:00,372.476536202938,372.476536202938,355.0993347167969,355.0993347167969,32400,0.0,0.0
2013-12-05 00:00:00+09:00,370.9654198867829,379.27625414086566,364.9211767929046,367.94329833984375,21200,0.0,0.0
2013-12-06 00:00:00+09:00,372.47649112623566,372.47649112623566,365.67671745455993,370.20989990234375,8200,0.0,0.0
2013-12-09 00:00:00+09:00,370.2098454824498,370.2098454824498,367.187724294838,369.4543151855469,3400,0.0,0.0
2013-12-10 00:00:00+09:00,370.2098627342954,372.47645373062784,367.943271737963,370.96539306640625,4700,0.0,0.0
2013-12-11 00:00:00+09:00,375.4985283613205,389.0980726480484,373.9874678850174,386.83148193359375,21500,0.0,0.0
2013-12-12 00:00:00+09:00,389.098198765008,390.60925973108573,382.29842441765834,389.8537292480469,32600,0.0,0.0
2013-12-13 00:00:00+09:00,391.36480712890625,391.36480712890625,381.54291042489893,391.36480712890625,10200,0.0,0.0
2013-12-16 00:00:00+09:00,391.3647386737898,391.3647386737898,377.0096613865273,385.32049560546875,9100,0.0,0.0
2013-12-17 00:00:00+09:00,385.3204303485132,385.3204303485132,380.03171855941594,382.2983093261719,1100,0.0,0.0
2013-12-18 00:00:00+09:00,388.3426171396293,389.0981475231694,373.98753985236675,385.32049560546875,12000,0.0,0.0
2013-12-19 00:00:00+09:00,385.3205095361234,390.6092224121094,383.80944871441307,390.6092224121094,16000,0.0,0.0
2013-12-20 00:00:00+09:00,383.80940714921104,385.32046780727876,374.74304320080444,381.5428161621094,5600,0.0,0.0
2013-12-24 00:00:00+09:00,381.54278978149176,389.8536228262371,376.2540778439265,384.5649108886719,19400,0.0,0.0
2013-12-25 00:00:00+09:00,387.5870587943804,392.1202407685837,376.2541038588722,381.5428161621094,16000,0.0,0.0
2013-12-26 00:00:00+09:00,385.32046751542526,401.94213474158084,381.54281587311715,398.9200134277344,8200,0.0,0.0
2013-12-27 00:00:00+09:00,398.9199987254079,400.4310593266405,392.12022601986115,393.63128662109375,9100,0.0,0.0
2013-12-30 00:00:00+09:00,396.6534118652344,396.6534118652344,395.1423512486049,396.6534118652344,2700,0.0,0.0
2014-01-06 00:00:00+09:00,401.9420841885152,402.6976144219522,397.4089027878928,401.1865539550781,6900,0.0,0.0
2014-01-07 00:00:00+09:00,404.2087743189428,407.2308959960938,396.6534701260654,407.23089599609375,7400,0.0,0.0
2014-01-08 00:00:00+09:00,407.23088317871094,415.5417175292969,406.47535278320316,415.5417175292969,17200,0.0,0.0
2014-01-09 00:00:00+09:00,415.54177121663554,430.6523810790586,410.25305776478746,429.8968505859375,14400,0.0,0.0
2014-01-10 00:00:00+09:00,429.8968030065035,430.65233341600526,423.09702932098764,428.3857421875,8100,0.0,0.0
2014-01-14 00:00:00+09:00,429.8968780247511,432.9190001901272,425.36369477668694,426.874755859375,18600,0.0,0.0
2014-01-15 00:00:00+09:00,426.8746154890936,438.2075698826094,426.8746154890936,435.94097900390625,8300,0.0,0.0
2014-01-16 00:00:00+09:00,438.20770577208634,445.00748051682564,437.4521752448931,441.2298278808594,15200,0.0,0.0
2014-01-17 00:00:00+09:00,433.67441461639675,433.67441461639675,430.6522932601849,432.91888427734375,3100,0.0,0.0
2014-01-20 00:00:00+09:00,432.91889094639487,432.91889094639487,428.3857088422442,432.1633605957031,4000,0.0,0.0
2014-01-21 00:00:00+09:00,441.22967108364764,448.7849736706964,434.4298987553038,438.2075500488281,18800,0.0,0.0
2014-01-22 00:00:00+09:00,438.20770577208634,441.2298278808594,438.20770577208634,441.2298278808594,3000,0.0,0.0
2014-01-23 00:00:00+09:00,441.2297334266235,449.5405674466455,441.2297334266235,445.00738525390625,8100,0.0,0.0
2014-01-24 00:00:00+09:00,445.0073002406529,445.76283046177457,439.71858869280135,444.25177001953125,9700,0.0,0.0
2014-01-27 00:00:00+09:00,419.31944259225503,441.2298278808594,419.31944259225503,441.2298278808594,8200,0.0,0.0
2014-01-28 00:00:00+09:00,441.2297084986237,441.2297084986237,430.65228397982105,437.4520568847656,9600,0.0,0.0
2014-01-29 00:00:00+09:00,441.22974738818687,451.0516424499102,440.4742169988236,450.2961120605469,10900,0.0,0.0
2014-01-30 00:00:00+09:00,447.2739860835656,447.2739860835656,438.20762150079065,440.4742126464844,2600,0.0,0.0
2014-01-31 00:00:00+09:00,441.98528955853175,441.98528955853175,425.3636205494929,428.3857421875,3500,0.0,0.0
2014-02-03 00:00:00+09:00,438.2076140030571,438.2076140030571,423.8525369926121,434.4299621582031,1700,0.0,0.0
2014-02-04 00:00:00+09:00,423.0970761478471,429.8968505859375,409.4975272716663,429.8968505859375,12700,0.0,0.0
2014-02-05 00:00:00+09:00,441.22967108364764,441.22967108364764,431.40777772048426,438.2075500488281,8400,0.0,0.0
2014-02-06 00:00:00+09:00,438.2076244948232,438.2076244948232,436.6965637207031,436.6965637207031,1300,0.0,0.0
2014-02-07 00:00:00+09:00,438.2075238144189,438.2075238144189,430.6522216796875,430.6522216796875,5300,0.0,0.0
2014-02-10 00:00:00+09:00,436.6965092968073,453.3181757406304,426.1190851961926,435.94097900390625,7700,0.0,0.0
2014-02-12 00:00:00+09:00,438.20770577208634,441.2298278808594,428.38580891857407,441.2298278808594,11000,0.0,0.0
2014-02-13 00:00:00+09:00,441.22967108364764,441.22967108364764,435.94095927271354,438.2075500488281,11100,0.0,0.0
2014-02-14 00:00:00+09:00,430.65231157385784,430.65231157385784,410.2529915519383,417.0527648925781,10600,0.0,0.0
2014-02-17 00:00:00+09:00,417.0527648925781,417.0527648925781,412.5195826654849,417.0527648925781,8900,0.0,0.0
2014-02-18 00:00:00+09:00,417.05277832031254,417.05277832031254,414.03065673828127,415.5417175292969,800,0.0,0.0
2014-02-19 00:00:00+09:00,414.78619333903,414.78619333903,407.23088927092374,407.9864196777344,1900,0.0,0.0
2014-02-20 00:00:00+09:00,407.2307451798228,407.2307451798228,389.8535519717784,403.4530944824219,7300,0.0,0.0
2014-02-21 00:00:00+09:00,397.40885336658033,404.96415476138225,397.40885336658033,403.4530944824219,2900,0.0,0.0
2014-02-24 00:00:00+09:00,403.4533258253528,403.4533258253528,397.40908124369963,398.16461181640625,12400,0.0,0.0
2014-02-25 00:00:00+09:00,400.43109130859375,400.43109130859375,400.43109130859375,400.43109130859375,600,0.0,0.0
2014-02-26 00:00:00+09:00,400.4310740846576,400.4310740846576,398.1644830992728,398.9200134277344,3700,0.0,0.0
2014-02-27 00:00:00+09:00,400.43109130859375,400.43109130859375,400.43109130859375,400.43109130859375,3100,0.0,0.0
2014-02-28 00:00:00+09:00,404.20874311339185,411.00851636202833,400.43109130859375,400.43109130859375,2800,0.0,0.0
2014-03-03 00:00:00+09:00,400.4310764410557,412.5195617675781,395.8978944436098,412.5195617675781,3300,0.0,0.0
2014-03-04 00:00:00+09:00,412.5195617675781,412.5195617675781,412.5195617675781,412.5195617675781,0,0.0,0.0
2014-03-05 00:00:00+09:00,411.0085754964953,411.0085754964953,403.45327079986856,404.20880126953125,1800,0.0,0.0
2014-03-06 00:00:00+09:00,407.2308919348191,407.2308919348191,396.65346617027836,397.40899658203125,5300,0.0,0.0
2014-03-07 00:00:00+09:00,404.9642840129573,404.9642840129573,398.16451058736664,402.69769287109375,3700,0.0,0.0
2014-03-10 00:00:00+09:00,403.4530944824219,404.20862462190206,403.4530944824219,403.4530944824219,1700,0.0,0.0
2014-03-11 00:00:00+09:00,406.47535886411316,407.9864196777344,404.2087676436813,407.9864196777344,6200,0.0,0.0
2014-03-12 00:00:00+09:00,404.96428024205454,407.98640173639825,399.67556762695307,399.6755676269531,7400,0.0,0.0
2014-03-13 00:00:00+09:00,398.9200134277344,398.9200134277344,398.9200134277344,398.9200134277344,800,0.0,0.0
2014-03-14 00:00:00+09:00,398.92000279017856,398.92000279017856,396.6534118652344,396.6534118652344,1400,0.0,0.0
2014-03-17 00:00:00+09:00,396.6534118652344,396.6534118652344,396.6534118652344,396.6534118652344,0,0.0,0.0
2014-03-18 00:00:00+09:00,396.6534118652344,396.6534118652344,396.6534118652344,396.6534118652344,1100,0.0,0.0
2014-03-19 00:00:00+09:00,393.63128662109375,393.63128662109375,393.63128662109375,393.63128662109375,100,0.0,0.0
2014-03-20 00:00:00+09:00,386.0759859220493,386.83151622718054,366.4321979886378,372.4764404296875,4000,0.0,0.0
2014-03-24 00:00:00+09:00,373.9875183105469,373.9875183105469,373.23198797052555,373.9875183105469,500,0.0,0.0
2014-03-25 00:00:00+09:00,379.27619895110666,384.5649108886719,379.27619895110666,384.5649108886719,2100,0.0,0.0
2014-03-26 00:00:00+09:00,378.5207214355469,378.5207214355469,378.5207214355469,378.5207214355469,300,0.0,0.0
2014-03-27 00:00:00+09:00,382.34417724609375,382.34417724609375,382.34417724609375,382.34417724609375,100,6.0,0.0
2014-03-28 00:00:00+09:00,396.8732996480873,396.8732996480873,382.34421931414965,383.87359619140625,4000,0.0,0.0
2014-03-31 00:00:00+09:00,383.87359619140625,383.87359619140625,380.05015399826476,383.87359619140625,2300,0.0,0.0
2014-04-01 00:00:00+09:00,384.63823990167356,389.9910583496094,383.87355155196843,389.9910583496094,600,0.0,0.0
2014-04-02 00:00:00+09:00,389.991079431224,395.3438981685153,387.69701425809916,390.7557678222656,4000,0.0,0.0
2014-04-03 00:00:00+09:00,390.7557678222656,393.8145213864321,390.7557678222656,390.7557678222656,1000,0.0,0.0
2014-04-04 00:00:00+09:00,390.75579213906093,390.75579213906093,383.87359619140625,383.87359619140625,1300,0.0,0.0
2014-04-07 00:00:00+09:00,388.4616368057704,389.2263250671991,383.87350723719834,386.1675720214844,3200,0.0,0.0
2014-04-08 00:00:00+09:00,386.9323073730469,386.9323073730469,382.34417724609375,382.34417724609375,800,0.0,0.0
2014-04-09 00:00:00+09:00,386.16763641230796,386.16763641230796,363.9916731331853,368.5798034667969,4200,0.0,0.0
2014-04-10 00:00:00+09:00,380.81472878377946,380.81472878377946,369.3444056276415,373.1678466796875,5200,0.0,0.0
2014-04-11 00:00:00+09:00,369.3444056276415,373.1678466796875,367.8150292068231,373.1678466796875,2400,0.0,0.0
2014-04-14 00:00:00+09:00,365.52099696390496,375.4619445800781,365.52099696390496,375.4619445800781,6300,0.0,0.0
2014-04-15 00:00:00+09:00,375.4619445800781,375.4619445800781,375.4619445800781,375.4619445800781,0,0.0,0.0
2014-04-16 00:00:00+09:00,375.4619445800781,375.4619445800781,366.28568524207213,375.4619445800781,3800,0.0,0.0
2014-04-17 00:00:00+09:00,376.2266328582453,377.75600941457964,375.4619445800781,375.4619445800781,3300,0.0,0.0
2014-04-18 00:00:00+09:00,376.2266873561495,376.2266873561495,367.05042668892634,368.5798034667969,6300,0.0,0.0
2014-04-21 00:00:00+09:00,377.75604724296556,377.75604724296556,372.4032287597656,372.4032287597656,1600,0.0,0.0
2014-04-22 00:00:00+09:00,372.4032287597656,372.4032287597656,372.4032287597656,372.4032287597656,200,0.0,0.0
2014-04-23 00:00:00+09:00,372.40323106415417,374.6972961425781,372.40323106415417,374.6972961425781,400,0.0,0.0
2014-04-24 00:00:00+09:00,368.5798034667969,368.5798034667969,368.5798034667969,368.5798034667969,700,0.0,0.0
2014-04-25 00:00:00+09:00,368.57974501147714,370.8738098144531,368.57974501147714,370.8738098144531,700,0.0,0.0
2014-04-28 00:00:00+09:00,370.8738098144531,370.8738098144531,370.8738098144531,370.8738098144531,1700,0.0,0.0
2014-04-30 00:00:00+09:00,370.8738098144531,370.8738098144531,370.8738098144531,370.8738098144531,700,0.0,0.0
2014-05-01 00:00:00+09:00,375.46193942040514,375.46193942040514,368.57974501147714,370.8738098144531,1800,0.0,0.0
2014-05-02 00:00:00+09:00,374.69723776919847,376.9913024902344,370.87379656747197,376.9913024902344,500,0.0,0.0
2014-05-07 00:00:00+09:00,382.3440949281375,383.8734713078501,376.9912775991436,381.57940673828125,3500,0.0,0.0
2014-05-08 00:00:00+09:00,386.16759515577746,386.16759515577746,379.285400390625,379.285400390625,3000,0.0,0.0
2014-05-09 00:00:00+09:00,386.1675720214844,386.1675720214844,380.0500659300549,386.1675720214844,700,0.0,0.0
2014-05-12 00:00:00+09:00,424.4020647559661,448.10740530990296,404.5201662268578,419.8139343261719,81700,0.0,0.0
2014-05-13 00:00:00+09:00,420.5785850242332,428.22546838831016,412.93170166015625,412.93170166015625,19200,0.0,0.0
2014-05-14 00:00:00+09:00,420.5785444615729,420.5785444615729,412.93166183499886,413.69635009765625,6000,0.0,0.0
2014-05-15 00:00:00+09:00,413.6963877729936,427.46077775435015,413.6963877729936,420.5785827636719,6000,0.0,0.0
2014-05-16 00:00:00+09:00,420.5785827636719,420.5785827636719,420.5785827636719,420.5785827636719,1200,0.0,0.0
2014-05-19 00:00:00+09:00,416.75518798828125,417.5198764066084,416.75518798828125,416.75518798828125,3800,0.0,0.0
2014-05-20 00:00:00+09:00,416.75515975395257,419.0492248535156,412.1670295548265,419.0492248535156,3400,0.0,0.0
2014-05-21 00:00:00+09:00,412.93169944069604,420.5785827636719,412.93169944069604,420.5785827636719,2500,0.0,0.0
2014-05-22 00:00:00+09:00,424.4021260759472,437.4018308386339,424.4021260759472,432.04901123046875,13800,0.0,0.0
2014-05-23 00:00:00+09:00,439.6957592752606,474.106731740281,435.8723178902584,448.1073303222656,21300,0.0,0.0
2014-05-26 00:00:00+09:00,449.6366387939453,460.342273050944,449.6366387939453,458.8128967285156,12600,0.0,0.0
2014-05-27 00:00:00+09:00,465.6951926204318,465.6951926204318,457.28362099674587,458.0483093261719,19700,0.0,0.0
2014-05-28 00:00:00+09:00,465.69525146484375,467.9893167429957,461.1071209085399,465.69525146484375,12600,0.0,0.0
2014-05-29 00:00:00+09:00,465.69504068064134,465.69504068064134,455.7540956414815,460.34222412109375,5100,0.0,0.0
2014-05-30 00:00:00+09:00,461.87185854966793,464.1659240722656,459.57779302707024,464.1659240722656,6700,0.0,0.0
2014-06-02 00:00:00+09:00,467.989135545933,500.87072513494456,467.989135545933,475.6360168457031,23300,0.0,0.0
2014-06-03 00:00:00+09:00,500.1062993504544,500.1062993504544,481.7537746036487,482.5184631347656,19800,0.0,0.0
2014-06-04 00:00:00+09:00,489.4004581859276,490.1651464018432,483.2829524586036,486.3417053222656,4400,0.0,0.0
2014-06-05 00:00:00+09:00,493.22398020265985,493.22398020265985,480.98896674026827,484.8124084472656,6700,0.0,0.0
2014-06-06 00:00:00+09:00,485.57713174819946,493.22401571273804,484.8124433517456,489.40057373046875,11400,0.0,0.0
2014-06-09 00:00:00+09:00,496.2827336629232,504.6943054199219,496.2827336629232,504.6943054199219,18700,0.0,0.0
2014-06-10 00:00:00+09:00,504.69423090025435,507.7529838148013,493.2239074707031,493.2239074707031,6400,0.0,0.0
2014-06-11 00:00:00+09:00,493.22396159355736,496.28271484374994,482.5183252178833,496.28271484375,12800,0.0,0.0
2014-06-12 00:00:00+09:00,489.4004663275194,496.2826603852501,487.1064016416091,493.2239074707031,9100,0.0,0.0
2014-06-13 00:00:00+09:00,500.87087277600364,533.7524720574818,493.22398922217155,523.8115234375,48000,0.0,0.0
2014-06-16 00:00:00+09:00,548.2815128353092,571.9868502103366,544.4580713232081,546.7521362304688,41900,0.0,0.0
2014-06-17 00:00:00+09:00,553.6342259817671,555.1636022966339,545.22265625,545.22265625,19800,0.0,0.0
2014-06-18 00:00:00+09:00,553.6344023204985,595.6922643752325,553.6344023204985,578.1044311523438,78700,0.0,0.0
2014-06-19 00:00:00+09:00,587.2806282092426,595.6921997070312,580.3984333474156,595.6921997070312,54000,0.0,0.0
2014-06-20 00:00:00+09:00,594.9275656960227,595.6922540838068,573.5162908380681,588.81005859375,39700,0.0,0.0
2014-06-23 00:00:00+09:00,577.3396705120142,590.339371702351,577.3396705120142,586.5159301757812,15200,0.0,0.0
2014-06-24 00:00:00+09:00,581.1631216653963,604.1037712048199,581.1631216653963,595.6921997070312,23900,0.0,0.0
2014-06-25 00:00:00+09:00,598.7510586174167,607.9273200521664,592.6335509942503,599.5157470703125,17500,0.0,0.0
2014-06-26 00:00:00+09:00,596.4568910504332,619.397540706219,596.4568910504332,617.8681640625,42200,0.0,0.0
2014-06-27 00:00:00+09:00,640.8088756533836,649.9851364025967,630.8679265084027,637.7501220703125,52800,0.0,0.0
2014-06-30 00:00:00+09:00,646.9262766218945,672.1609895397698,639.2793939195082,671.3963012695312,34000,0.0,0.0
2014-07-01 00:00:00+09:00,671.3964044744317,677.5139115767045,666.8082741477273,672.92578125,20300,0.0,0.0
2014-07-02 00:00:00+09:00,679.0432838422482,680.5726606076587,668.337646484375,668.337646484375,23200,0.0,0.0
2014-07-03 00:00:00+09:00,665.2787001512396,665.2787001512396,643.867431640625,643.867431640625,23400,0.0,0.0
2014-07-04 00:00:00+09:00,653.808516391488,658.3966463310774,647.6910098053688,657.6319580078125,6700,0.0,0.0
2014-07-07 00:00:00+09:00,669.1023606520432,695.866455078125,669.1023606520432,695.866455078125,30000,0.0,0.0
2014-07-08 00:00:00+09:00,705.0427266529628,705.0427266529628,682.102073941912,685.1608276367188,11200,0.0,0.0
2014-07-09 00:00:00+09:00,662.2200001059057,681.3372056516882,657.631870774918,669.8668823242188,23700,0.0,0.0
2014-07-10 00:00:00+09:00,684.3962293774943,684.3962293774943,669.8671474130559,670.6318359375,12600,0.0,0.0
2014-07-11 00:00:00+09:00,669.102357610516,669.102357610516,645.3970169408863,649.220458984375,23400,0.0,0.0
2014-07-14 00:00:00+09:00,637.7501111761657,668.337646484375,634.6913576453446,668.337646484375,22900,0.0,0.0
2014-07-15 00:00:00+09:00,666.0436401367188,673.6905246388625,665.2789516865043,666.0436401367188,8400,0.0,0.0
2014-07-16 00:00:00+09:00,666.8083355519242,666.8083355519242,643.8676818058717,650.7498779296875,5400,0.0,0.0
2014-07-17 00:00:00+09:00,639.2795153808594,644.6323342895508,577.3397537231446,611.750732421875,48200,0.0,0.0
2014-07-18 00:00:00+09:00,612.5153105742608,648.4556596341736,611.7506222963902,640.8087768554688,23500,0.0,0.0
2014-07-22 00:00:00+09:00,649.220278672769,668.3374835806833,647.6909022801359,651.5143432617188,6800,0.0,0.0
2014-07-23 00:00:00+09:00,659.9259804323281,659.9259804323281,636.2206439393939,656.1025390625,8900,0.0,0.0
2014-07-24 00:00:00+09:00,646.161633158839,663.7494645939316,642.3381915425146,657.6319580078125,8200,0.0,0.0
2014-07-25 00:00:00+09:00,657.6320611019975,659.1614379882812,648.4557997842952,659.1614379882812,7200,0.0,0.0
2014-07-28 00:00:00+09:00,644.6323184900737,661.455463219352,644.6323184900737,659.9260864257812,12100,0.0,0.0
2014-07-29 00:00:00+09:00,649.220358096852,651.5144229664522,649.220358096852,649.9850463867188,6400,0.0,0.0
2014-07-30 00:00:00+09:00,647.6911506238691,649.2205276029101,630.8680038544179,633.9267578125,10100,0.0,0.0
2014-07-31 00:00:00+09:00,649.9850463867188,650.7497346765855,646.1616049373852,649.9850463867188,7500,0.0,0.0
2014-08-01 00:00:00+09:00,636.2207872308612,649.9851792622982,633.1620334460976,639.279541015625,11600,0.0,0.0
2014-08-04 00:00:00+09:00,627.8092102786144,635.456094691265,625.5151449548192,634.69140625,14100,0.0,0.0
2014-08-05 00:00:00+09:00,638.5147154418647,638.5147154418647,623.2209498025386,625.5150146484375,8100,0.0,0.0
2014-08-06 00:00:00+09:00,621.6915117371757,622.4561999434945,604.8683711981623,607.9271240234375,11300,0.0,0.0
2014-08-07 00:00:00+09:00,618.6329216070934,620.9269868293694,594.1628925694829,604.8685302734375,13200,0.0,0.0
2014-08-08 00:00:00+09:00,613.2800219080036,619.3975283609514,600.2803206954899,606.3978271484375,10200,0.0,0.0
2014-08-11 00:00:00+09:00,586.5159934303977,592.6335005326704,554.3990811434659,588.81005859375,47200,0.0,0.0
2014-08-12 00:00:00+09:00,588.8099680153955,627.0443815228887,588.8099680153955,598.7509155273438,20300,0.0,0.0
2014-08-13 00:00:00+09:00,601.0449829101562,601.8096711835788,597.2215415430433,601.0449829101562,2700,0.0,0.0
2014-08-14 00:00:00+09:00,607.1624570300231,609.456521729129,601.0449511657408,608.6918334960938,8200,0.0,0.0
2014-08-15 00:00:00+09:00,609.4566961947696,628.5739074932253,609.4566961947696,621.6917114257812,11100,0.0,0.0
2014-08-18 00:00:00+09:00,623.2210371759866,627.0444791218515,610.9860229492188,610.9860229492188,13400,0.0,0.0
2014-08-19 00:00:00+09:00,610.9860629509565,616.3388820256207,610.2213745117188,610.2213745117188,4900,0.0,0.0
2014-08-20 00:00:00+09:00,610.2212045403975,610.2212045403975,598.750881146781,604.1036987304688,7000,0.0,0.0
2014-08-21 00:00:00+09:00,604.8685595004713,614.8095092773438,600.2804288342224,614.8095092773438,11100,0.0,0.0
2014-08-22 00:00:00+09:00,619.3975382739713,619.3975382739713,612.5153434042605,615.5740966796875,3400,0.0,0.0
2014-08-25 00:00:00+09:00,615.574108287129,616.338796620405,605.6331599545418,607.1625366210938,9400,0.0,0.0
2014-08-26 00:00:00+09:00,611.750732421875,611.750732421875,604.1038482666016,611.750732421875,5700,0.0,0.0
2014-08-27 00:00:00+09:00,611.7507513901942,611.7507513901942,604.1038669978168,610.2213745117188,5600,0.0,0.0
2014-08-28 00:00:00+09:00,610.985966766547,615.5740966796875,607.92721349112,615.5740966796875,18100,0.0,0.0
2014-08-29 00:00:00+09:00,617.1035322917073,618.6329090755777,611.7507135481609,613.2800903320312,13300,0.0,0.0
2014-09-01 00:00:00+09:00,613.2800664809143,630.1032104492188,613.2800664809143,630.1032104492188,9300,0.0,0.0
2014-09-02 00:00:00+09:00,632.3973578805635,640.8089309599906,624.7504732629025,630.8679809570312,10100,0.0,0.0
2014-09-03 00:00:00+09:00,634.6914103384794,640.0442294618159,634.6914103384794,639.279541015625,6600,0.0,0.0
2014-09-04 00:00:00+09:00,630.867819058693,647.6909609002582,630.867819058693,631.6325073242188,13200,0.0,0.0
2014-09-05 00:00:00+09:00,634.6913596197346,635.4560480048186,621.6916570733063,628.5738525390625,7700,0.0,0.0
2014-09-08 00:00:00+09:00,624.7503919138492,640.8088475199579,624.7503919138492,630.1032104492188,3900,0.0,0.0
2014-09-09 00:00:00+09:00,634.6912417204484,634.6912417204484,623.2209180748981,633.161865234375,10300,0.0,0.0
2014-09-10 00:00:00+09:00,633.1619895081227,638.514808260003,628.5738591493682,635.4560546875,5400,0.0,0.0
2014-09-11 00:00:00+09:00,640.0441331965219,644.6322631835938,636.9853798718074,644.6322631835938,2600,0.0,0.0
2014-09-12 00:00:00+09:00,628.5740212100465,636.985595703125,628.5740212100465,636.985595703125,7700,0.0,0.0
2014-09-16 00:00:00+09:00,633.1620463423295,633.1620463423295,621.6917194158381,630.8679809570312,4100,0.0,0.0
2014-09-17 00:00:00+09:00,627.0444712919348,628.5738480511834,623.9857177734375,623.9857177734375,3300,0.0,0.0
2014-09-18 00:00:00+09:00,623.9857680722891,634.69140625,616.3388836596386,634.69140625,10100,0.0,0.0
2014-09-19 00:00:00+09:00,627.0443878538,640.8087768554688,623.2209464644475,640.8087768554688,10900,0.0,0.0
2014-09-22 00:00:00+09:00,642.3381981900578,646.1616398459511,636.9853798718074,644.6322631835938,7700,0.0,0.0
2014-09-24 00:00:00+09:00,633.1618915489335,642.338150846744,630.8678267244808,638.5147094726562,5100,0.0,0.0
2014-09-25 00:00:00+09:00,634.6913125174386,642.3381958007812,630.8678708757673,642.3381958007812,4800,0.0,0.0
2014-09-26 00:00:00+09:00,644.6460391257307,646.1845738253147,638.4919003273943,641.5689697265625,2900,5.0,0.0
2014-09-29 00:00:00+09:00,644.6459350585938,645.4152022842006,639.2610644793454,644.6459350585938,1900,0.0,0.0
2014-09-30 00:00:00+09:00,644.6458763709435,644.6458763709435,638.4917391263522,640.0302734375,1400,0.0,0.0
2014-10-01 00:00:00+09:00,635.4147567098528,635.4147567098528,623.8757478107634,631.5684204101562,9700,0.0,0.0
2014-10-02 00:00:00+09:00,623.1064989612361,623.1064989612361,602.3362823291949,603.8748168945312,14000,0.0,0.0
2014-10-03 00:00:00+09:00,600.0283975721915,612.3366723941851,593.10499298482,607.7210693359375,8700,0.0,0.0
2014-10-06 00:00:00+09:00,611.5675640823249,623.8758421015918,611.5675640823249,613.8753662109375,1200,0.0,0.0
2014-10-07 00:00:00+09:00,626.183481568928,627.7220159216772,607.7210693359375,607.7210693359375,4800,0.0,0.0
2014-10-08 00:00:00+09:00,607.7211502017324,608.4904174804688,607.7211502017324,608.4904174804688,1000,0.0,0.0
2014-10-09 00:00:00+09:00,615.4137827748732,622.3371878310905,606.9518432617188,606.9518432617188,3400,0.0,0.0
2014-10-10 00:00:00+09:00,607.7211104901874,607.7211104901874,593.105033149284,606.9518432617188,4700,0.0,0.0
2014-10-14 00:00:00+09:00,565.4113593468298,600.0283813476562,565.4113593468298,600.0283813476562,7200,0.0,0.0
2014-10-15 00:00:00+09:00,600.0283813476562,600.0283813476562,600.0283813476562,600.0283813476562,200,0.0,0.0
2014-10-16 00:00:00+09:00,588.4893740140475,600.0283813476562,588.4893740140475,600.0283813476562,2900,0.0,0.0
2014-10-17 00:00:00+09:00,600.0285501851664,603.8748870453277,591.5666090928115,592.3358764648438,3500,0.0,0.0
2014-10-20 00:00:00+09:00,603.1055614076155,616.18310546875,603.1055614076155,616.18310546875,1600,0.0,0.0
2014-10-21 00:00:00+09:00,620.0292768585016,622.3370781371312,607.7210033724767,619.260009765625,2400,0.0,0.0
2014-10-22 00:00:00+09:00,603.8747334540644,613.8752067469343,603.8747334540644,607.7210693359375,5800,0.0,0.0
2014-10-23 00:00:00+09:00,614.6445155464046,614.6445155464046,603.8747743478443,606.9518432617188,1000,0.0,0.0
2014-10-24 00:00:00+09:00,607.7212308633208,611.567567767519,607.7212308633208,609.259765625,2100,0.0,0.0
2014-10-27 00:00:00+09:00,603.8748691558839,615.4138793945312,603.8748691558839,615.4138793945312,1000,0.0,0.0
2014-10-28 00:00:00+09:00,615.413920721214,615.413920721214,606.9519793112974,614.6446533203125,2500,0.0,0.0
2014-10-29 00:00:00+09:00,608.4905141131004,614.6446533203125,589.2588290905625,614.6446533203125,7400,0.0,0.0
2014-10-30 00:00:00+09:00,603.105549611863,607.7211533078722,602.3362823291949,603.8748168945312,2100,0.0,0.0
2014-10-31 00:00:00+09:00,607.7210693359375,607.7210693359375,600.0283975721915,607.7210693359375,7500,0.0,0.0
2014-11-04 00:00:00+09:00,616.9524394333965,616.9524394333965,609.259765625,609.259765625,16500,0.0,0.0
2014-11-05 00:00:00+09:00,607.7209864202536,611.5673217773438,606.9517193488355,611.5673217773438,4000,0.0,0.0
2014-11-06 00:00:00+09:00,623.1065928014436,624.6451275984842,613.8753840192,616.9524536132812,23600,0.0,0.0
2014-11-07 00:00:00+09:00,620.7987092550327,624.6450457436017,614.6445708733223,616.18310546875,16100,0.0,0.0
2014-11-10 00:00:00+09:00,617.7216171378237,626.1835570986159,615.413815330335,620.0294189453125,10400,0.0,0.0
2014-11-11 00:00:00+09:00,623.1065079359316,624.6450425234278,620.7987060546875,620.7987060546875,13100,0.0,0.0
2014-11-12 00:00:00+09:00,623.1065362879788,623.1065362879788,607.721189712967,610.0289916992188,16600,0.0,0.0
2014-11-13 00:00:00+09:00,619.2601362065454,619.2601362065454,612.3367309570312,612.3367309570312,4500,0.0,0.0
2014-11-14 00:00:00+09:00,608.4903365123121,610.7981380414359,607.7210693359375,607.7210693359375,5500,0.0,0.0
2014-11-17 00:00:00+09:00,615.4137410996835,615.4137410996835,603.8747334540644,607.7210693359375,4100,0.0,0.0
2014-11-18 00:00:00+09:00,611.5675640823249,613.8753662109375,603.874890320283,613.8753662109375,4900,0.0,0.0
2014-11-19 00:00:00+09:00,614.6446335871417,614.6446335871417,613.8753662109375,613.8753662109375,2100,0.0,0.0
2014-11-20 00:00:00+09:00,609.2595205630896,611.5673217773438,603.1053839917453,611.5673217773438,4600,0.0,0.0
2014-11-21 00:00:00+09:00,607.7213286396252,613.106201171875,607.7213286396252,613.106201171875,1700,0.0,0.0
2014-11-25 00:00:00+09:00,613.8752067469343,618.4908098051819,606.9518021595628,607.7210693359375,10100,0.0,0.0
2014-11-26 00:00:00+09:00,606.9517833913555,615.4137220698155,604.6439819335938,604.6439819335938,17300,0.0,0.0
2014-11-27 00:00:00+09:00,603.8747334540644,608.4903365123121,601.5669319249406,607.7210693359375,4000,0.0,0.0
2014-11-28 00:00:00+09:00,613.1061185185096,614.6446533203125,603.8749097076912,614.6446533203125,5000,0.0,0.0
2014-12-01 00:00:00+09:00,616.1831467437744,616.9524140930176,606.1826712036133,615.4138793945312,19100,0.0,0.0
2014-12-02 00:00:00+09:00,615.4138793945312,615.4138793945312,609.2597406005859,615.4138793945312,9100,0.0,0.0
2014-12-03 00:00:00+09:00,616.18316833955,617.7217030919584,613.8753662109375,613.8753662109375,6200,0.0,0.0
2014-12-04 00:00:00+09:00,617.7216400641776,617.7216400641776,614.6445708733223,616.18310546875,6900,0.0,0.0
2014-12-05 00:00:00+09:00,617.7216171378237,620.0294189453125,609.2596771770317,620.0294189453125,11200,0.0,0.0
2014-12-08 00:00:00+09:00,621.5679321289062,622.33719937164,620.0293976434386,621.5679321289062,12400,0.0,0.0
2014-12-09 00:00:00+09:00,621.5680523177405,628.4914588410816,620.0295175347758,623.8758544921875,34200,0.0,0.0
2014-12-10 00:00:00+09:00,620.7987508392334,623.8758202362061,610.7982752990723,615.4138793945312,13000,0.0,0.0
2014-12-11 00:00:00+09:00,609.2596223384367,618.4908287375039,609.2596223384367,610.7981567382812,16500,0.0,0.0
2014-12-12 00:00:00+09:00,603.8746547577177,606.9517230622157,602.3361206054688,602.3361206054688,30000,0.0,0.0
2014-12-15 00:00:00+09:00,613.875248317936,613.875248317936,596.951369291627,606.9518432617188,9100,0.0,0.0
2014-12-16 00:00:00+09:00,597.7205798809345,606.1825185922476,596.1820455697866,600.0283813476562,4600,0.0,0.0
2014-12-17 00:00:00+09:00,593.1050875409361,593.8743548399516,584.6431472517658,585.4124145507812,10000,0.0,0.0
2014-12-18 00:00:00+09:00,606.9518783569335,606.9518783569335,584.6431274414062,584.6431274414062,14600,0.0,0.0
2014-12-19 00:00:00+09:00,588.4893899265724,607.7210693359375,588.4893899265724,607.7210693359375,8000,0.0,0.0
2014-12-22 00:00:00+09:00,596.1820891110123,599.2591579580369,593.8742874757438,594.6435546875,49900,0.0,0.0
2014-12-24 00:00:00+09:00,593.1050042268645,599.2591417545103,586.181599508263,586.9508666992188,20500,0.0,0.0
2014-12-25 00:00:00+09:00,586.181640625,586.9509078699147,583.8738388902559,586.181640625,60800,0.0,0.0
2014-12-26 00:00:00+09:00,586.1818152139354,596.1822923763777,586.1818152139354,595.4130249023438,12200,0.0,0.0
2014-12-29 00:00:00+09:00,595.4127784142127,604.6439842810997,595.4127784142127,600.0283813476562,7400,0.0,0.0
2014-12-30 00:00:00+09:00,603.874791207625,612.3367309570312,600.7977222078409,612.3367309570312,11200,0.0,0.0
2015-01-05 00:00:00+09:00,613.8754171111048,625.4144287109375,601.5671380712831,625.4144287109375,20000,0.0,0.0
2015-01-06 00:00:00+09:00,626.9527679366489,626.9527679366489,610.7981567382812,610.7981567382812,7000,0.0,0.0
2015-01-07 00:00:00+09:00,608.4904982441604,615.4139046717172,608.4904982441604,609.259765625,4200,0.0,0.0
2015-01-08 00:00:00+09:00,615.4138229890962,615.4138229890962,607.7211502017324,608.4904174804688,6100,0.0,0.0
2015-01-09 00:00:00+09:00,609.259765625,611.567567767519,596.182220150726,609.259765625,12200,0.0,0.0
2015-01-13 00:00:00+09:00,596.182066615872,607.7210743568244,596.182066615872,598.4898681640625,4600,0.0,0.0
2015-01-14 00:00:00+09:00,596.9514806970374,599.2592828131341,590.0280743487469,592.3358764648438,5300,0.0,0.0
2015-01-15 00:00:00+09:00,596.9514572832661,600.0285266507057,594.6436552576864,596.1821899414062,4100,0.0,0.0
2015-01-16 00:00:00+09:00,602.3363449994256,602.3363449994256,593.105136646944,601.5670776367188,3200,0.0,0.0
2015-01-19 00:00:00+09:00,606.9517193488355,611.5673217773438,606.9517193488355,611.5673217773438,700,0.0,0.0
2015-01-20 00:00:00+09:00,611.5674239382035,611.5674239382035,602.3362175391363,610.7981567382812,2900,0.0,0.0
2015-01-21 00:00:00+09:00,607.7211948316925,607.7211948316925,603.1055908203125,603.1055908203125,400,0.0,0.0
2015-01-22 00:00:00+09:00,600.028315706073,611.5673217773438,592.3356449918927,611.5673217773438,4400,0.0,0.0
2015-01-23 00:00:00+09:00,606.1825760332501,611.5674466325303,600.0284382055014,606.9518432617188,5000,0.0,0.0
2015-01-26 00:00:00+09:00,601.5671886027682,613.106201171875,601.5671886027682,613.106201171875,2600,0.0,0.0
2015-01-27 00:00:00+09:00,614.6447361810892,615.4140036856963,610.0291311534465,613.106201171875,2700,0.0,0.0
2015-01-28 00:00:00+09:00,615.413920721214,615.413920721214,610.798316315805,614.6446533203125,5700,0.0,0.0
2015-01-29 00:00:00+09:00,609.2597619537123,615.4139009633458,608.4904945775082,613.8753662109375,2200,0.0,0.0
2015-01-30 00:00:00+09:00,614.6446372908775,614.6446372908775,607.7212308633208,609.259765625,2400,0.0,0.0
2015-02-02 00:00:00+09:00,609.2597243704681,610.0289916992188,604.6441203979646,610.0289916992188,1300,0.0,0.0
2015-02-03 00:00:00+09:00,612.3367538741506,612.3367538741506,601.5670119718415,608.4904174804688,5800,0.0,0.0
2015-02-04 00:00:00+09:00,608.4904732513428,615.4138793945312,603.8748691558839,615.4138793945312,6100,0.0,0.0
2015-02-05 00:00:00+09:00,616.9522084869953,620.0292768585016,615.4136743012423,619.260009765625,10600,0.0,0.0
2015-02-06 00:00:00+09:00,616.9523680133584,624.6450409312307,616.9523680133584,623.1065063476562,9000,0.0,0.0
2015-02-09 00:00:00+09:00,630.02978515625,634.6453879779075,623.1063809237637,630.02978515625,18100,0.0,0.0
2015-02-10 00:00:00+09:00,584.6431333280457,606.9518844681949,584.6431333280457,606.1826171875,42100,0.0,0.0
2015-02-12 00:00:00+09:00,605.4132514366736,607.7210529033954,596.1820455697866,600.0283813476562,11000,0.0,0.0
2015-02-13 00:00:00+09:00,606.9518891751997,606.9518891751997,596.951414448612,599.2592163085938,3400,0.0,0.0
2015-02-16 00:00:00+09:00,600.0285214793926,623.1065415362923,600.0285214793926,603.1055908203125,7200,0.0,0.0
2015-02-17 00:00:00+09:00,600.0286451039332,600.7979125976562,596.1823076353182,600.7979125976562,5800,0.0,0.0
2015-02-18 00:00:00+09:00,598.4898681640625,601.5669368949832,596.9513337986023,598.4898681640625,10000,0.0,0.0
2015-02-19 00:00:00+09:00,598.4900947984798,598.4900947984798,592.3359550062075,595.4130249023438,13100,0.0,0.0
2015-02-20 00:00:00+09:00,592.3357557473313,596.1820918236126,588.4894196710499,590.0279541015625,24900,0.0,0.0
2015-02-23 00:00:00+09:00,594.6435546875,596.1820891110123,592.3357530522316,594.6435546875,8500,0.0,0.0
2015-02-24 00:00:00+09:00,591.5666917959849,595.4130291938782,589.2588893572489,590.7974243164062,6600,0.0,0.0
2015-02-25 00:00:00+09:00,593.1052224802417,596.1822923763777,593.1052224802417,595.4130249023438,14200,0.0,0.0
2015-02-26 00:00:00+09:00,595.4129619819316,600.7978337311223,590.7973576254826,597.7207641601562,6800,0.0,0.0
2015-02-27 00:00:00+09:00,598.4899490219332,600.0284835952543,596.1821471619514,599.2592163085938,4700,0.0,0.0
2015-03-02 00:00:00+09:00,603.1055960181451,603.1055960181451,579.2583084204889,596.1821899414062,12100,0.0,0.0
2015-03-03 00:00:00+09:00,603.105659761577,603.105659761577,593.1051832604285,593.8744506835938,3500,0.0,0.0
2015-03-04 00:00:00+09:00,591.5666090928115,596.182213325005,586.9510048606179,592.3358764648438,11100,0.0,0.0
2015-03-05 00:00:00+09:00,592.3359592755635,592.3359592755635,588.4896218776703,590.7974243164062,6000,0.0,0.0
2015-03-06 00:00:00+09:00,590.7974243164062,593.8744942347208,590.0281568368275,590.7974243164062,3900,0.0,0.0
2015-03-09 00:00:00+09:00,588.4894638061523,588.4894638061523,583.1045928955078,584.6431274414062,21200,0.0,0.0
2015-03-10 00:00:00+09:00,585.4123962482972,586.950930798227,581.5660598734726,582.3353271484375,9700,0.0,0.0
2015-03-11 00:00:00+09:00,582.3353256225586,586.9509292602539,582.3353256225586,584.6431274414062,5900,0.0,0.0
2015-03-12 00:00:00+09:00,580.796942895697,600.028629746548,580.796942895697,595.4130249023438,24500,0.0,0.0
2015-03-13 00:00:00+09:00,599.2592025238913,599.2592025238913,586.9509262204481,589.2587280273438,25400,0.0,0.0
2015-03-16 00:00:00+09:00,588.4896176360375,596.1822923763777,583.8740127918333,595.4130249023438,17300,0.0,0.0
2015-03-17 00:00:00+09:00,596.1820918236126,596.1820918236126,584.6430835947685,590.0279541015625,29500,0.0,0.0
2015-03-18 00:00:00+09:00,590.7973417207792,594.6436785809406,587.7202722326501,592.3358764648438,8900,0.0,0.0
2015-03-19 00:00:00+09:00,594.6435803190616,594.6435803190616,586.181640625,586.181640625,6700,0.0,0.0
2015-03-20 00:00:00+09:00,586.9508666992188,593.1050042268645,586.9508666992188,586.9508666992188,6700,0.0,0.0
2015-03-23 00:00:00+09:00,586.9510048606179,596.9514806970374,586.9510048606179,592.3358764648438,10500,0.0,0.0
2015-03-24 00:00:00+09:00,592.335795587309,595.412864655295,590.0279937863195,591.5665283203125,5800,0.0,0.0
2015-03-25 00:00:00+09:00,592.335795587309,594.6435973882985,590.797261053316,591.5665283203125,7400,0.0,0.0
2015-03-26 00:00:00+09:00,591.5664898937285,591.5664898937285,587.7201538085938,587.7201538085938,8500,0.0,0.0
2015-03-27 00:00:00+09:00,593.9559936523438,598.6328125,593.9559936523438,593.9559936523438,2500,10.0,0.0
2015-03-30 00:00:00+09:00,593.9560855669466,593.9560855669466,591.61767578125,591.61767578125,3600,0.0,0.0
2015-03-31 00:00:00+09:00,591.6175945094042,596.2944134383323,585.3818359375,585.3818359375,10500,0.0,0.0
2015-04-01 00:00:00+09:00,585.3818359375,586.940775580476,583.043426473036,585.3818359375,2400,0.0,0.0
2015-04-02 00:00:00+09:00,583.043324665851,586.1612034073795,580.7049156097045,582.2638549804688,10200,0.0,0.0
2015-04-03 00:00:00+09:00,590.8379115054482,592.3968505859375,589.278972424959,592.3968505859375,3000,0.0,0.0
2015-04-06 00:00:00+09:00,591.6176145067402,597.073903441585,591.6176145067402,596.29443359375,4800,0.0,0.0
2015-04-07 00:00:00+09:00,596.2944236091071,597.8533632786733,590.0586649308419,590.838134765625,17500,0.0,0.0
2015-04-08 00:00:00+09:00,598.6328735351562,598.6328735351562,590.8381746610005,598.6328735351562,11100,0.0,0.0
2015-04-09 00:00:00+09:00,592.3970642492982,593.1765340706789,590.0586547851562,590.0586547851562,17800,0.0,0.0
2015-04-10 00:00:00+09:00,591.6175842285156,596.2944030761719,591.6175842285156,593.9559936523438,5100,0.0,0.0
2015-04-13 00:00:00+09:00,593.9560137860186,604.0891216327617,593.1765439516538,600.1917724609375,21200,0.0,0.0
2015-04-14 00:00:00+09:00,607.9863409584246,631.370430995287,607.2068712905292,622.7962646484375,56600,0.0,0.0
2015-04-15 00:00:00+09:00,629.8116870117187,630.5911569213866,620.4580480957031,623.575927734375,16000,0.0,0.0
2015-04-16 00:00:00+09:00,622.7962936089964,622.7962936089964,602.5300813013193,611.104248046875,13200,0.0,0.0
2015-04-17 00:00:00+09:00,607.986319791502,618.1194251213603,607.2068501507437,616.5604858398438,10500,0.0,0.0
2015-04-20 00:00:00+09:00,615.001586212509,615.7810559035261,610.3247680664062,610.3247680664062,8200,0.0,0.0
2015-04-21 00:00:00+09:00,611.8837787069208,615.0016578340898,604.0890808889982,606.427490234375,5200,0.0,0.0
2015-04-22 00:00:00+09:00,611.8835866949858,615.7809343809411,609.5451780834126,615.00146484375,7300,0.0,0.0
2015-04-23 00:00:00+09:00,615.001527030513,620.4578143425707,614.2220574145047,619.6783447265625,13200,0.0,0.0
2015-04-24 00:00:00+09:00,612.6632893363836,622.7963971752805,606.4275306662931,614.2222290039062,15500,0.0,0.0
2015-04-27 00:00:00+09:00,614.222096618885,614.222096618885,611.104217955845,613.442626953125,1600,0.0,0.0
2015-04-28 00:00:00+09:00,612.6631478974313,617.3399658203125,609.5452692821772,617.3399658203125,5100,0.0,0.0
2015-04-30 00:00:00+09:00,607.986318794785,618.1194241080315,607.986318794785,611.8836669921875,5700,0.0,0.0
2015-05-01 00:00:00+09:00,608.7658893285725,611.8837684032386,588.4996753432423,605.6480102539062,17500,0.0,0.0
2015-05-07 00:00:00+09:00,610.3248391433362,610.3248391433362,606.427490234375,606.427490234375,3400,0.0,0.0
2015-05-08 00:00:00+09:00,611.1042377574233,615.7810559035261,610.3247680664062,610.3247680664062,7000,0.0,0.0
2015-05-11 00:00:00+09:00,727.2453002929688,727.2453002929688,727.2453002929688,727.2453002929688,53400,0.0,0.0
2015-05-12 00:00:00+09:00,809.0896216091078,844.1657612742425,784.1465889583453,843.3862915039062,505800,0.0,0.0
2015-05-13 00:00:00+09:00,822.3406173178906,862.0935760697507,808.3101612878223,834.8121337890625,113400,0.0,0.0
2015-05-14 00:00:00+09:00,857.4167394428001,891.7134090205121,845.7246929958528,884.6981811523438,202700,0.0,0.0
2015-05-15 00:00:00+09:00,892.4929087227638,896.3902576691514,846.50419115539,849.6220703125,110800,0.0,0.0
2015-05-18 00:00:00+09:00,870.6677651703627,911.9796645025286,858.196248390841,859.7551879882812,76700,0.0,0.0
2015-05-19 00:00:00+09:00,863.6526182159231,881.5804252727519,853.5195098794547,865.9910278320312,48600,0.0,0.0
2015-05-20 00:00:00+09:00,887.0365462908462,887.0365462908462,853.5193481445312,853.5193481445312,61100,0.0,0.0
2015-05-21 00:00:00+09:00,861.3141680749171,892.4929614893938,856.6373490627457,867.5499267578125,65100,0.0,0.0
2015-05-22 00:00:00+09:00,861.3141276408575,873.7856444211776,861.3141276408575,864.4320068359375,23600,0.0,0.0
2015-05-25 00:00:00+09:00,884.6981816844724,894.0518188476562,877.6829538120845,894.0518188476562,51100,0.0,0.0
2015-05-26 00:00:00+09:00,911.9795858053337,934.5842080176027,897.1696609076403,933.0252685546875,79100,0.0,0.0
2015-05-27 00:00:00+09:00,933.8047382861452,934.5842080176027,911.9795858053337,933.0252685546875,44500,0.0,0.0
2015-05-28 00:00:00+09:00,933.0252232926615,935.3636323735955,897.9490870786517,901.846435546875,58300,0.0,0.0
2015-05-29 00:00:00+09:00,901.8465677897136,902.6260375976562,873.0061848958334,888.5955810546875,46800,0.0,0.0
2015-06-01 00:00:00+09:00,894.051940180702,912.7592170458605,875.3446633155435,903.4055786132812,27000,0.0,0.0
2015-06-02 00:00:00+09:00,906.5233559084145,908.0822954714556,884.6982020258388,900.28759765625,15800,0.0,0.0
2015-06-03 00:00:00+09:00,896.3901572757297,902.6259148915609,887.036520851983,897.9490966796875,9500,0.0,0.0
2015-06-04 00:00:00+09:00,898.7284628129903,931.4661865234375,898.7284628129903,931.4661865234375,36100,0.0,0.0
2015-06-05 00:00:00+09:00,929.9074325257565,978.2345581054689,919.7743255493651,978.2345581054688,110400,0.0,0.0
2015-06-08 00:00:00+09:00,967.3219601032705,1010.9722661192119,945.4968070952999,962.6451416015625,70600,0.0,0.0
2015-06-09 00:00:00+09:00,954.8504310966339,957.9683100553168,928.3484599478294,929.1279296875,58400,0.0,0.0
2015-06-10 00:00:00+09:00,924.4511414857548,949.3941739710365,920.5537926599295,926.78955078125,64500,0.0,0.0
2015-06-11 00:00:00+09:00,923.6716736876011,965.76304109615,881.5803062790521,964.2041015625,78900,0.0,0.0
2015-06-12 00:00:00+09:00,982.1319390751938,1056.1815694022919,978.2345901106097,1055.402099609375,243200,0.0,0.0
2015-06-15 00:00:00+09:00,1032.7973158094617,1063.9761027018228,1032.7973158094617,1052.2840576171875,101200,0.0,0.0
2015-06-16 00:00:00+09:00,1067.0939894702678,1067.0939894702678,1005.515884891633,1039.0330810546875,74500,0.0,0.0
2015-06-17 00:00:00+09:00,1006.2956310804834,1046.8280654849646,994.6035826945754,1032.797607421875,114700,0.0,0.0
2015-06-18 00:00:00+09:00,997.7212051868803,1036.6946897644928,966.5424175247903,1021.884765625,76400,0.0,0.0
2015-06-19 00:00:00+09:00,1023.4435683684453,1031.2382642433001,1002.3978895063372,1007.07470703125,22800,0.0,0.0
2015-06-22 00:00:00+09:00,988.3675851605325,1006.2953883613939,986.8086457517619,995.3828125,26100,0.0,0.0
2015-06-23 00:00:00+09:00,997.72109375,1032.7972259521484,997.72109375,1013.3104858398438,31600,0.0,0.0
2015-06-24 00:00:00+09:00,1028.9001264728483,1049.1663410851922,1027.3411868872834,1046.0484619140625,52300,0.0,0.0
2015-06-25 00:00:00+09:00,1032.0178839432567,1051.5046264648438,1032.0178839432567,1036.6947021484375,23800,0.0,0.0
2015-06-26 00:00:00+09:00,1023.4436714586361,1029.67942878664,997.7211724806202,1005.515869140625,28800,0.0,0.0
2015-06-29 00:00:00+09:00,978.234518851486,1005.5159596162684,952.5120175589767,993.8239135742188,52500,0.0,0.0
2015-06-30 00:00:00+09:00,970.4400810874969,1003.9572887073863,969.6606111428483,986.0294799804688,28900,0.0,0.0
2015-07-01 00:00:00+09:00,989.1470584680538,1028.90001353651,971.2192552018873,1023.4437255859375,32000,0.0,0.0
2015-07-02 00:00:00+09:00,1032.7972766141604,1032.7972766141604,1006.2953087614196,1007.854248046875,16300,0.0,0.0
2015-07-03 00:00:00+09:00,1024.2232350267934,1024.2232350267934,996.9417942155775,1012.5311889648438,15500,0.0,0.0
2015-07-06 00:00:00+09:00,1003.9570116886556,1017.2079970913786,992.2649657450766,1011.751708984375,39300,0.0,0.0
2015-07-07 00:00:00+09:00,1016.4285282979484,1027.3411045220062,1001.6186034224415,1021.1053466796875,23500,0.0,0.0
2015-07-08 00:00:00+09:00,1026.5616173453684,1026.5616173453684,950.9530547922167,959.5272216796875,50100,0.0,0.0
2015-07-09 00:00:00+09:00,919.7742573957704,973.5576673621333,887.8159992998156,968.1013793945312,34700,0.0,0.0
2015-07-10 00:00:00+09:00,968.1015223825215,968.1015223825215,926.010151844151,941.5995483398438,46300,0.0,0.0
2015-07-13 00:00:00+09:00,936.1431573445366,942.3789152619023,927.5689902081587,929.1279296875,28900,0.0,0.0
2015-07-14 00:00:00+09:00,947.0557380518587,986.0292252144866,943.1583893355959,980.5729370117188,31800,0.0,0.0
2015-07-15 00:00:00+09:00,982.1319787144083,982.1319787144083,952.5121253881008,964.983642578125,21400,0.0,0.0
2015-07-16 00:00:00+09:00,980.572967407713,980.572967407713,966.542511594248,978.2345581054688,23300,0.0,0.0
2015-07-17 00:00:00+09:00,974.3369380130043,985.24951171875,974.3369380130043,985.24951171875,24800,0.0,0.0
2015-07-21 00:00:00+09:00,984.4705400911715,991.4857695930089,984.4705400911715,986.0294799804688,5000,0.0,0.0
2015-07-22 00:00:00+09:00,974.3371657383294,974.3371657383294,939.2610277717496,947.0557250976562,30500,0.0,0.0
2015-07-23 00:00:00+09:00,947.8351447422258,960.3066598046236,947.8351447422258,952.511962890625,17700,0.0,0.0
2015-07-24 00:00:00+09:00,941.5993134838684,950.1734794179102,929.9072690283568,937.7019653320312,17200,0.0,0.0
2015-07-27 00:00:00+09:00,938.4817520321723,938.4817520321723,917.4360649018827,924.4512939453125,8300,0.0,0.0
2015-07-28 00:00:00+09:00,912.7591451009115,921.3333129882812,911.2002054850261,911.9796752929688,9700,0.0,0.0
2015-07-29 00:00:00+09:00,911.9796228618874,911.9796228618874,874.5650742316561,884.6981811523438,24900,0.0,0.0
2015-07-30 00:00:00+09:00,866.7703855214455,882.3597809444931,845.7247017003313,862.0935668945312,36100,0.0,0.0
2015-07-31 00:00:00+09:00,865.211455538002,865.211455538002,824.6790269902758,844.165771484375,35800,0.0,0.0
2015-08-03 00:00:00+09:00,869.1089170179555,887.0367242748281,863.6526278528204,871.4473266601562,12300,0.0,0.0
2015-08-04 00:00:00+09:00,853.5193662077161,858.9756543935189,822.3405765745575,827.0173950195312,41800,0.0,0.0
2015-08-05 00:00:00+09:00,819.2227169931219,822.3405960302033,812.207489159689,814.5458984375,25200,0.0,0.0
2015-08-06 00:00:00+09:00,820.0020605828441,847.2834979596497,818.4431213041695,846.5040283203125,15500,0.0,0.0
2015-08-07 00:00:00+09:00,839.488931621792,841.8273409020754,824.6790061799961,828.5763549804688,12500,0.0,0.0
2015-08-10 00:00:00+09:00,841.8274125532671,865.2115073464134,837.1505935946378,857.4168090820312,62900,0.0,0.0
2015-08-11 00:00:00+09:00,869.8881582284903,883.139142717634,834.8120228160512,840.268310546875,77600,0.0,0.0
2015-08-12 00:00:00+09:00,827.0174351233227,835.5916026882205,806.7512208790189,811.4280395507812,36600,0.0,0.0
2015-08-13 00:00:00+09:00,795.0591941533587,816.8843485026666,785.705556575084,812.9869995117188,31000,0.0,0.0
2015-08-14 00:00:00+09:00,796.6181130498325,799.7359921615736,791.9412943822209,792.7207641601562,11000,0.0,0.0
2015-08-17 00:00:00+09:00,789.6029672287218,802.0744849736966,767.7778111750157,775.572509765625,43900,0.0,0.0
2015-08-18 00:00:00+09:00,775.5724290455805,798.177052605703,768.5572010441632,792.7207641601562,22200,0.0,0.0
2015-08-19 00:00:00+09:00,791.1617724609375,791.1617724609375,774.792908203125,779.4697265625,16800,0.0,0.0
2015-08-20 00:00:00+09:00,768.5571596398272,771.6750385835993,764.659810960112,770.8955688476562,18000,0.0,0.0
2015-08-21 00:00:00+09:00,740.4962563816506,748.2909538172469,724.9068615104579,738.9373168945312,28900,0.0,0.0
2015-08-24 00:00:00+09:00,692.169189453125,709.3175252278646,685.9334309895834,687.4923706054688,36400,0.0,0.0
2015-08-25 00:00:00+09:00,629.0321251547495,700.7433463619823,592.3970447554021,649.29833984375,54400,0.0,0.0
2015-08-26 00:00:00+09:00,653.9750298614999,724.9067673077413,639.1651066584385,717.8915405273438,32800,0.0,0.0
2015-08-27 00:00:00+09:00,741.2756494339517,771.67496628771,741.2756494339517,765.439208984375,31200,0.0,0.0
2015-08-28 00:00:00+09:00,784.9260249638057,793.5001920686735,777.1313275957441,780.2492065429688,28100,0.0,0.0
2015-08-31 00:00:00+09:00,779.4697873505504,779.4697873505504,759.2035728794361,770.1161499023438,12300,0.0,0.0
2015-09-01 00:00:00+09:00,805.1923439378005,805.1923439378005,743.6142266376202,759.9830932617188,32400,0.0,0.0
2015-09-02 00:00:00+09:00,728.8041102359169,759.9828957005551,728.8041102359169,740.4961547851562,14500,0.0,0.0
2015-09-03 00:00:00+09:00,756.0857031511113,795.0591930042614,728.8042602539062,728.8042602539062,69500,0.0,0.0
2015-09-04 00:00:00+09:00,731.1425768067461,737.3783343914517,706.1995464679231,721.7889404296875,29900,0.0,0.0
2015-09-07 00:00:00+09:00,701.5228170321133,716.3327431694579,689.0513002848757,705.420166015625,21200,0.0,0.0
2015-09-08 00:00:00+09:00,717.1121917964366,717.1121917964366,691.3896892646079,694.507568359375,14700,0.0,0.0
2015-09-09 00:00:00+09:00,717.1120923456001,724.1273193359375,706.9789866928905,724.1273193359375,11100,0.0,0.0
2015-09-10 00:00:00+09:00,705.4200754645616,718.6710603075423,703.8611360712698,712.435302734375,5600,0.0,0.0
2015-09-11 00:00:00+09:00,722.5684918992063,740.4962969840841,706.1996263869265,732.7015991210938,13400,0.0,0.0
2015-09-14 00:00:00+09:00,745.9525549097734,746.7320246641202,733.4810388402266,739.716796875,16000,0.0,0.0
2015-09-15 00:00:00+09:00,733.4810375316723,734.2605072846284,721.009521484375,721.009521484375,10000,0.0,0.0
2015-09-16 00:00:00+09:00,724.9068393003914,729.5836576184585,717.8916118232909,718.6710815429688,12100,0.0,0.0
2015-09-17 00:00:00+09:00,721.7889410845712,732.7015168677073,721.7889410845712,726.4657592773438,6200,0.0,0.0
2015-09-18 00:00:00+09:00,717.8916021550743,723.3478901193365,717.8916021550743,722.5684204101562,4400,0.0,0.0
2015-09-24 00:00:00+09:00,713.2148130316483,713.2148130316483,709.3174643265573,710.8764038085938,3100,0.0,0.0
2015-09-25 00:00:00+09:00,710.8763324557492,734.260422339162,702.3021661651645,710.0968627929688,9900,0.0,0.0
2015-09-28 00:00:00+09:00,721.8665176085746,721.8665176085746,704.6044921875,704.6044921875,8000,6.0,0.0
2015-09-29 00:00:00+09:00,705.3890999581473,705.3890999581473,679.4960629185267,686.5578002929688,11200,0.0,0.0
2015-09-30 00:00:00+09:00,692.0502921494862,717.1586927716897,692.0502921494862,701.4659423828125,7200,0.0,0.0
2015-10-01 00:00:00+09:00,721.8664857624658,721.8664857624658,706.1737360719775,717.9432983398438,4100,0.0,0.0
2015-10-02 00:00:00+09:00,725.0051277509702,725.0051277509702,706.1738257314645,720.2973022460938,7200,0.0,0.0
2015-10-05 00:00:00+09:00,730.4974059402301,731.2820433257729,720.2971199281753,729.7127685546875,4100,0.0,0.0
2015-10-06 00:00:00+09:00,736.7746274911674,742.2670901029227,731.2821648794121,739.1285400390625,7700,0.0,0.0
2015-10-07 00:00:00+09:00,739.1286307861586,743.0518188476562,730.4976170508638,743.0518188476562,16200,0.0,0.0
2015-10-08 00:00:00+09:00,745.4057014594644,746.1903390399481,740.6978759765625,740.6978759765625,6000,0.0,0.0
2015-10-09 00:00:00+09:00,742.2671759524719,769.7294921875,740.6979007390418,769.7294921875,11900,0.0,0.0
2015-10-13 00:00:00+09:00,764.2369692770018,782.2836328225573,757.9598689133303,761.883056640625,19600,0.0,0.0
2015-10-14 00:00:00+09:00,757.9598704392997,757.9598704392997,743.8363945926047,749.328857421875,10600,0.0,0.0
2015-10-15 00:00:00+09:00,743.0517258476965,768.9447638128222,739.1285382772229,761.098388671875,7900,0.0,0.0
2015-10-16 00:00:00+09:00,755.606017750162,765.0216690616904,755.606017750162,757.17529296875,2700,0.0,0.0
2015-10-19 00:00:00+09:00,755.6060206444488,755.6060206444488,742.2671812353567,743.0518188476562,7000,0.0,0.0
2015-10-20 00:00:00+09:00,746.9749758429276,746.9749758429276,738.3439624665913,745.4057006835938,5600,0.0,0.0
2015-10-21 00:00:00+09:00,746.1901857382078,755.6058347696047,742.2669986417924,750.8980102539062,4300,0.0,0.0
2015-10-22 00:00:00+09:00,750.8981627143748,751.6828002929688,746.1903372428114,751.6828002929688,1600,0.0,0.0
2015-10-23 00:00:00+09:00,755.6059263241217,770.5140390968717,754.0366512954112,757.9598388671875,13200,0.0,0.0
2015-10-26 00:00:00+09:00,761.098297275641,783.0681450320513,761.098297275641,765.021484375,9600,0.0,0.0
2015-10-27 00:00:00+09:00,765.8062137564433,766.590851270538,761.098388671875,761.098388671875,5600,0.0,0.0
2015-10-28 00:00:00+09:00,755.605895254025,776.0064697884015,755.605895254025,774.4371948242188,4700,0.0,0.0
2015-10-29 00:00:00+09:00,779.1450809366903,779.9297184804332,774.4372556742329,776.0065307617188,4800,0.0,0.0
2015-10-30 00:00:00+09:00,783.0682661118409,797.9763793945312,775.2218906998986,797.9763793945312,9900,0.0,0.0
2015-11-02 00:00:00+09:00,797.1918334960938,797.1918334960938,788.5608195507621,797.1918334960938,6400,0.0,0.0
2015-11-04 00:00:00+09:00,797.9764718519369,806.6074858051044,789.3454578987695,794.0532836914062,5900,0.0,0.0
2015-11-05 00:00:00+09:00,786.9914238984298,795.6224365234375,784.6375113643368,795.6224365234375,7300,0.0,0.0
2015-11-06 00:00:00+09:00,796.4071059584976,796.4071059584976,768.9447919599287,783.8529052734375,9900,0.0,0.0
2015-11-09 00:00:00+09:00,788.5606683498476,808.9612428544208,787.7760308689025,804.25341796875,19000,0.0,0.0
2015-11-10 00:00:00+09:00,686.5578598863497,714.0201742818036,686.5578598863497,697.5427856445312,124300,0.0,0.0
2015-11-11 00:00:00+09:00,699.1119077527845,702.2504572825388,692.0501713108372,696.7579956054688,32000,0.0,0.0
2015-11-12 00:00:00+09:00,698.327516309258,699.1121539680325,692.0504150390625,692.0504150390625,27200,0.0,0.0
2015-11-13 00:00:00+09:00,692.0502945301145,692.0502945301145,669.2958063879678,674.7882690429688,25700,0.0,0.0
2015-11-16 00:00:00+09:00,669.2958407396245,670.8651158644536,642.6181636175293,645.7567138671875,43300,0.0,0.0
2015-11-17 00:00:00+09:00,660.6649513844279,666.1574153508068,648.1107480327048,648.8953857421875,21600,0.0,0.0
2015-11-18 00:00:00+09:00,660.664826206961,660.664826206961,655.17236328125,655.17236328125,18100,0.0,0.0
2015-11-19 00:00:00+09:00,659.0954893213757,668.511139168824,655.9569393722263,663.0186767578125,21800,0.0,0.0
2015-11-20 00:00:00+09:00,663.8034970622417,668.5113232825413,654.3878446216426,664.588134765625,17000,0.0,0.0
2015-11-24 00:00:00+09:00,664.5880433571817,664.5880433571817,659.8802177844036,663.8034057617188,12700,0.0,0.0
2015-11-25 00:00:00+09:00,666.9420157439256,670.08056640625,663.0188274160201,670.08056640625,14700,0.0,0.0
2015-11-26 00:00:00+09:00,674.7882080078125,681.0653076171875,671.649658203125,681.0653076171875,14000,0.0,0.0
2015-11-27 00:00:00+09:00,682.6346131427065,683.4192506290774,674.7882382789973,680.2807006835938,11300,0.0,0.0
2015-11-30 00:00:00+09:00,684.9884332021078,684.9884332021078,663.8032239278158,677.9266967773438,13100,0.0,0.0
2015-12-01 00:00:00+09:00,668.511078339505,680.2806395778766,667.7264409236136,678.7113647460938,5600,0.0,0.0
2015-12-02 00:00:00+09:00,678.7113647460938,686.5577389050081,674.7881776666366,678.7113647460938,22300,0.0,0.0
2015-12-03 00:00:00+09:00,673.2189931607028,684.2039184570312,673.2189931607028,684.2039184570312,12600,0.0,0.0
2015-12-04 00:00:00+09:00,681.8500067422556,681.8500067422556,674.7882690429688,674.7882690429688,9500,0.0,0.0
2015-12-07 00:00:00+09:00,678.7113341578731,681.8498836799904,674.7881472552265,677.9266967773438,13100,0.0,0.0
2015-12-08 00:00:00+09:00,681.0653383115766,681.0653383115766,677.1421508789062,677.1421508789062,7200,0.0,0.0
2015-12-09 00:00:00+09:00,674.788330648547,675.5729682423245,669.2958674921053,671.6497802734375,4500,0.0,0.0
2015-12-10 00:00:00+09:00,666.941803156981,670.864990234375,663.8032534950657,670.864990234375,11900,0.0,0.0
2015-12-11 00:00:00+09:00,674.0037547341555,674.0037547341555,663.0188274160201,670.08056640625,7900,0.0,0.0
2015-12-14 00:00:00+09:00,659.0955206064077,670.0804459498479,647.3259577384362,652.8184204101562,24600,0.0,0.0
2015-12-15 00:00:00+09:00,647.3260814387623,651.2492698111186,641.8336177174638,643.4028930664062,9300,0.0,0.0
2015-12-16 00:00:00+09:00,644.9720745609543,662.2341008874032,644.9720745609543,658.3109130859375,17000,0.0,0.0
2015-12-17 00:00:00+09:00,666.941926693488,667.7265642543039,651.2491754771706,655.17236328125,16400,0.0,0.0
2015-12-18 00:00:00+09:00,648.895263893821,655.1723643909801,647.3259887695312,647.3259887695312,14800,0.0,0.0
2015-12-21 00:00:00+09:00,647.3259898928776,647.3259898928776,635.5564264402799,639.4796142578125,37700,0.0,0.0
2015-12-22 00:00:00+09:00,639.4796147093673,639.4796147093673,631.6332390687616,636.341064453125,30400,0.0,0.0
2015-12-24 00:00:00+09:00,636.3410353997741,636.3410353997741,614.371184609153,621.4329223632812,44100,0.0,0.0
2015-12-25 00:00:00+09:00,621.4329223632812,621.4329223632812,621.4329223632812,621.4329223632812,0,0.0,0.0
2015-12-28 00:00:00+09:00,604.1709866941808,625.35620311073,604.1709866941808,617.5098266601562,10000,0.0,0.0
2015-12-29 00:00:00+09:00,612.0173318320018,623.7868959056941,612.0173318320018,623.0022583007812,7900,0.0,0.0
2015-12-30 00:00:00+09:00,623.0021971122703,624.5714721679688,617.5097344173258,624.5714721679688,5500,0.0,0.0
2016-01-04 00:00:00+09:00,626.9254472606679,626.9254472606679,612.801970351166,618.29443359375,3000,0.0,0.0
2016-01-05 00:00:00+09:00,623.0022288328523,623.0022288328523,615.1558531548567,615.9404907226562,2900,0.0,0.0
2016-01-06 00:00:00+09:00,625.356141536251,627.7100542396497,615.1558531548567,615.9404907226562,3600,0.0,0.0
2016-01-07 00:00:00+09:00,623.0021362304688,623.0021362304688,601.0322875976562,604.1708374023438,8400,0.0,0.0
2016-01-08 00:00:00+09:00,604.1709267503861,619.0790405273438,599.4631013471363,619.0790405273438,5000,0.0,0.0
2016-01-12 00:00:00+09:00,630.8485107421875,630.8485107421875,596.324462890625,604.1708374023438,16300,0.0,0.0
2016-01-13 00:00:00+09:00,604.171017238072,620.6484086172921,604.171017238072,615.1559448242188,1400,0.0,0.0
2016-01-14 00:00:00+09:00,611.232605950564,611.232605950564,588.4781186943812,592.4013061523438,9500,0.0,0.0
2016-01-15 00:00:00+09:00,595.5399503065248,607.3095145418316,582.2011108398438,582.2011108398438,2500,0.0,0.0
2016-01-18 00:00:00+09:00,576.7086485157843,577.4932861328125,558.6619833241339,577.4932861328125,6900,0.0,0.0
2016-01-19 00:00:00+09:00,577.493379736797,577.493379736797,562.5852625968524,572.0009155273438,11100,0.0,0.0
2016-01-20 00:00:00+09:00,568.8621828718543,576.7085578080179,561.0158079356909,564.1543579101562,23600,0.0,0.0
2016-01-21 00:00:00+09:00,564.1544549631518,572.785468877748,539.8306884765625,539.8306884765625,22400,0.0,0.0
2016-01-22 00:00:00+09:00,545.3230582283927,561.0158081054688,545.3230582283927,561.0158081054688,3300,0.0,0.0
2016-01-25 00:00:00+09:00,561.8004150390625,564.93896484375,561.8004150390625,561.8004150390625,5700,0.0,0.0
2016-01-26 00:00:00+09:00,557.0926522391183,557.0926522391183,545.3230891636439,549.2462768554688,2900,0.0,0.0
2016-01-27 00:00:00+09:00,550.8155811164952,561.0158696556896,550.8155811164952,557.8773193359375,2900,0.0,0.0
2016-01-28 00:00:00+09:00,562.5850524902344,562.5850524902344,550.0308532714844,561.8004150390625,4300,0.0,0.0
2016-01-29 00:00:00+09:00,561.0157775878906,561.0157775878906,549.2462158203125,557.0925903320312,2700,0.0,0.0
2016-02-01 00:00:00+09:00,561.0159948574191,566.5084591427365,551.600341796875,551.600341796875,11700,0.0,0.0
2016-02-02 00:00:00+09:00,552.3848270089286,555.5233771623883,549.2462768554688,549.2462768554688,3400,0.0,0.0
2016-02-03 00:00:00+09:00,549.246369064966,549.246369064966,539.0460793537594,546.8924560546875,8500,0.0,0.0
2016-02-04 00:00:00+09:00,545.3231501101081,547.6770629882812,531.984310467127,547.6770629882812,5800,0.0,0.0
2016-02-05 00:00:00+09:00,546.8924922604532,546.8924922604532,517.076258823011,530.4151000976562,8500,0.0,0.0
2016-02-08 00:00:00+09:00,530.4149169921875,533.553466796875,525.7070922851562,533.553466796875,4200,0.0,0.0
2016-02-09 00:00:00+09:00,533.5534987721495,533.5534987721495,509.229736328125,509.229736328125,5900,0.0,0.0
2016-02-10 00:00:00+09:00,508.44516577509233,508.44516577509233,462.93618488781556,477.84429931640625,11400,0.0,0.0
2016-02-12 00:00:00+09:00,443.3202562385431,443.3202562385431,419.78112758870896,421.35040283203125,31900,0.0,0.0
2016-02-15 00:00:00+09:00,432.3353505713308,470.7825959034455,428.4121622721354,459.0130310058594,17100,0.0,0.0
2016-02-16 00:00:00+09:00,466.074765846946,474.7057800292969,463.72085288812303,474.7057800292969,4300,0.0,0.0
2016-02-17 00:00:00+09:00,469.21316588354887,486.4751887086962,462.9360666744044,478.6288146972656,12300,0.0,0.0
2016-02-18 00:00:00+09:00,482.5521241725462,482.5521241725462,470.7825601683378,481.7674865722656,7800,0.0,0.0
2016-02-19 00:00:00+09:00,476.27505373682516,480.9828796386719,464.50548898220836,480.9828796386719,1500,0.0,0.0
2016-02-22 00:00:00+09:00,470.78256412428254,474.7057521586516,461.3669128417969,461.3669128417969,10100,0.0,0.0
2016-02-23 00:00:00+09:00,466.85934499966896,470.7825327727754,457.44369434421344,462.9361572265625,11300,0.0,0.0
2016-02-24 00:00:00+09:00,455.0897816803496,462.9361572265625,448.81268124337925,462.9361572265625,1500,0.0,0.0
2016-02-25 00:00:00+09:00,462.93615630950677,470.7825318401764,455.08978077883717,469.9978942871094,4100,0.0,0.0
2016-02-26 00:00:00+09:00,473.92105143502255,474.7056889373984,467.6439514160156,467.6439514160156,9300,0.0,0.0
2016-02-29 00:00:00+09:00,469.9978332519531,470.782470703125,468.4285583496094,470.782470703125,6300,0.0,0.0
2016-03-01 00:00:00+09:00,470.78265472872175,470.78265472872175,459.01308836050373,468.4287414550781,5700,0.0,0.0
2016-03-02 00:00:00+09:00,474.70574981537624,476.2750250213775,472.3518370063744,473.136474609375,4200,0.0,0.0
2016-03-03 00:00:00+09:00,470.78252967429046,487.2599182128906,470.78252967429046,487.2599182128906,5600,0.0,0.0
2016-03-04 00:00:00+09:00,494.32159423828125,495.890869140625,488.8291320800781,494.32159423828125,8900,0.0,0.0
2016-03-07 00:00:00+09:00,502.16799917250785,506.09118666604303,500.5987241750937,503.7372741699219,7400,0.0,0.0
2016-03-08 00:00:00+09:00,510.01446646933226,512.3683793914985,499.8141771399456,505.306640625,5900,0.0,0.0
2016-03-09 00:00:00+09:00,505.306640625,505.306640625,500.5988147806677,505.306640625,3300,0.0,0.0
2016-03-10 00:00:00+09:00,512.36834661057,515.5068969726562,506.8758834769192,515.5068969726562,5400,0.0,0.0
2016-03-11 00:00:00+09:00,513.9375305175781,521.7839050292969,506.87579345703125,519.4299926757812,5000,0.0,0.0
2016-03-14 00:00:00+09:00,512.3681952274208,528.060942401308,511.58355786872636,517.8606567382812,14800,0.0,0.0
2016-03-15 00:00:00+09:00,517.8608687599559,529.6304339590458,517.8608687599559,523.3533325195312,11200,0.0,0.0
2016-03-16 00:00:00+09:00,523.3533293826289,534.3382568359375,523.3533293826289,534.3382568359375,3500,0.0,0.0
2016-03-17 00:00:00+09:00,534.3380743452113,560.2311087848472,534.3380743452113,545.322998046875,9100,0.0,0.0
2016-03-18 00:00:00+09:00,529.6303096130816,545.3230595275434,528.0610346216355,537.4766845703125,11100,0.0,0.0
2016-03-22 00:00:00+09:00,548.4617349901913,549.2463726654277,531.9843438102286,534.3382568359375,4100,0.0,0.0
2016-03-23 00:00:00+09:00,542.1846024409767,546.1077905917797,535.1228637695312,535.1228637695312,2400,0.0,0.0
2016-03-24 00:00:00+09:00,537.4766845703125,545.3230595275434,536.6920470745894,537.4766845703125,4400,0.0,0.0
2016-03-25 00:00:00+09:00,538.2612915039062,542.9691162109375,533.553466796875,542.9691162109375,6700,0.0,0.0
2016-03-28 00:00:00+09:00,545.3229977811196,545.3229977811196,533.55343667793,540.6151733398438,2200,0.0,0.0
2016-03-29 00:00:00+09:00,539.8167462016261,549.3992919921875,531.8312913761582,549.3992919921875,4300,12.0,0.0
2016-03-30 00:00:00+09:00,549.3993024967544,549.3993024967544,538.2196655273438,538.2196655273438,1300,0.0,0.0
2016-03-31 00:00:00+09:00,536.6225038536995,536.6225038536995,534.2268676757812,534.2268676757812,500,0.0,0.0
2016-04-01 00:00:00+09:00,534.2268834026313,534.2268834026313,518.2559750796827,520.651611328125,4100,0.0,0.0
2016-04-04 00:00:00+09:00,504.6806557481134,515.8602905273438,499.8893836998718,515.8602905273438,6200,0.0,0.0
2016-04-05 00:00:00+09:00,519.8530937988281,519.8530937988281,487.11272998046877,499.0909118652344,6700,0.0,0.0
2016-04-06 00:00:00+09:00,499.09095579279835,499.09095579279835,487.11277285377116,494.2996826171875,3900,0.0,0.0
2016-04-07 00:00:00+09:00,494.2997250391432,495.09827063694473,479.12735868091426,483.1200866699219,10000,0.0,0.0
2016-04-08 00:00:00+09:00,475.134426383085,483.11987892733856,470.3431548565329,480.7242431640625,7900,0.0,0.0
2016-04-11 00:00:00+09:00,478.3287353515625,479.12728081959517,463.156371458942,478.3287353515625,5800,0.0,0.0
2016-04-12 00:00:00+09:00,479.1271931416279,479.1271931416279,467.94755863498995,472.73883056640625,13100,0.0,0.0
2016-04-13 00:00:00+09:00,475.1345557069626,500.6880108038077,475.1345557069626,499.88946533203125,5700,0.0,0.0
2016-04-14 00:00:00+09:00,495.09811790126145,501.4864807128906,491.1053911439932,501.4864807128906,6300,0.0,0.0
2016-04-15 00:00:00+09:00,495.09811824531,495.09811824531,487.1126647252243,489.50830078125,2900,0.0,0.0
2016-04-18 00:00:00+09:00,489.50837038184414,491.10546131294313,449.58109710436906,475.1345520019531,14400,0.0,0.0
2016-04-19 00:00:00+09:00,479.1272209685983,493.50103759765625,479.1272209685983,493.50103759765625,4300,0.0,0.0
2016-04-20 00:00:00+09:00,493.5010554973896,506.2777818533091,493.5010554973896,498.2923278808594,5000,0.0,0.0
2016-04-21 00:00:00+09:00,503.08351251143444,509.4718745750717,492.70242415802386,504.68060302734375,7000,0.0,0.0
2016-04-22 00:00:00+09:00,495.09811790126145,503.0835714157979,495.09811790126145,501.4864807128906,2300,0.0,0.0
2016-04-25 00:00:00+09:00,502.2850366487472,503.0835820170282,493.50103759765625,493.50103759765625,6400,0.0,0.0
2016-04-26 00:00:00+09:00,496.69531920499287,499.8895013220668,493.501137087919,494.2996826171875,1700,0.0,0.0
2016-04-27 00:00:00+09:00,494.2995344098105,501.4864420183538,491.10535325045794,500.6878967285156,2900,0.0,0.0
2016-04-28 00:00:00+09:00,502.2851054369919,502.2851054369919,491.10546875,491.10546875,6700,0.0,0.0
2016-05-02 00:00:00+09:00,490.3067862171667,490.3067862171667,479.1271526552118,480.7242431640625,5800,0.0,0.0
2016-05-06 00:00:00+09:00,491.10538131312325,491.10538131312325,478.32865594562736,485.51556396484375,7000,0.0,0.0
2016-05-09 00:00:00+09:00,485.5155839148463,493.50103759765625,484.7170385465653,493.50103759765625,4900,0.0,0.0
2016-05-10 00:00:00+09:00,515.0616978887302,539.816601198111,515.0616978887302,535.0253295898438,57800,0.0,0.0
2016-05-11 00:00:00+09:00,538.2195619052515,538.2195619052515,519.0544736474976,531.0326538085938,12100,0.0,0.0
2016-05-12 00:00:00+09:00,527.040091245229,528.6371824308206,519.0546353172709,523.04736328125,12500,0.0,0.0
2016-05-13 00:00:00+09:00,519.8529947036201,531.0326289983216,514.2631775562694,516.6588134765625,14600,0.0,0.0
2016-05-16 00:00:00+09:00,519.0545909412276,521.4502275148025,504.6807714997782,506.2778625488281,15100,0.0,0.0
2016-05-17 00:00:00+09:00,506.2776999402402,535.0253295898438,506.2776999402402,535.0253295898438,8400,0.0,0.0
2016-05-18 00:00:00+09:00,535.8240071738638,535.8240071738638,523.8458251953125,523.8458251953125,10200,0.0,0.0
2016-05-19 00:00:00+09:00,537.4210751324716,540.6152568568845,531.0327116836457,539.8167114257812,5900,0.0,0.0
2016-05-20 00:00:00+09:00,539.0182336407643,539.0182336407643,527.8385962022892,537.421142578125,5400,0.0,0.0
2016-05-23 00:00:00+09:00,540.6152763767043,540.6152763767043,532.6298217773438,532.6298217773438,2100,0.0,0.0
2016-05-24 00:00:00+09:00,532.6296937857102,535.0253295898438,532.6296937857102,535.0253295898438,300,0.0,0.0
2016-05-25 00:00:00+09:00,539.0182336407643,540.6153247034035,534.2269604528464,537.421142578125,12300,0.0,0.0
2016-05-26 00:00:00+09:00,535.823952175322,536.6224975585938,531.8312252589634,536.6224975585938,2000,0.0,0.0
2016-05-27 00:00:00+09:00,539.816601198111,540.6151464661556,529.435512713532,535.0253295898438,4500,0.0,0.0
2016-05-30 00:00:00+09:00,535.8240515154856,537.421142578125,531.8313238588875,537.421142578125,1900,0.0,0.0
2016-05-31 00:00:00+09:00,537.4211584020544,539.0182495117188,531.032793963397,539.0182495117188,900,0.0,0.0
2016-06-01 00:00:00+09:00,535.0254835360835,539.0182110251587,535.0254835360835,538.2196655273438,1500,0.0,0.0
2016-06-02 00:00:00+09:00,532.6298470426384,538.2196655273438,532.6298470426384,538.2196655273438,1300,0.0,0.0
2016-06-03 00:00:00+09:00,530.2342755762161,533.4284579592053,527.8386387889741,529.4357299804688,2100,0.0,0.0
2016-06-06 00:00:00+09:00,527.8385494844413,528.6370949450834,516.6589130354516,517.4574584960938,6900,0.0,0.0
2016-06-07 00:00:00+09:00,517.4575441316794,523.04736328125,512.6662705749046,523.04736328125,1900,0.0,0.0
2016-06-08 00:00:00+09:00,525.4428683567475,539.8166854242572,525.4428683567475,534.2268676757812,4300,0.0,0.0
2016-06-09 00:00:00+09:00,540.6151733398438,540.6151733398438,536.6224468011447,540.6151733398438,2500,0.0,0.0
2016-06-10 00:00:00+09:00,540.6152280919692,543.0108642578125,537.4210465375115,543.0108642578125,3000,0.0,0.0
2016-06-13 00:00:00+09:00,543.0109772858797,543.8095228407118,539.0182495117188,539.0182495117188,6500,0.0,0.0
2016-06-14 00:00:00+09:00,525.4428040566495,540.615164660109,516.6588058125413,527.8384399414062,8400,0.0,0.0
2016-06-15 00:00:00+09:00,527.8386457038648,527.8386457038648,524.6444632790306,527.0401000976562,17200,0.0,0.0
2016-06-16 00:00:00+09:00,527.8384349189208,527.8384349189208,505.4791668739438,509.4718933105469,9900,0.0,0.0
2016-06-17 00:00:00+09:00,509.4718933105469,514.2631650344705,507.87480273590563,509.4718933105469,19000,0.0,0.0
2016-06-20 00:00:00+09:00,511.06913569597793,516.6589543676527,499.09095282810347,506.2778625488281,19300,0.0,0.0
2016-06-21 00:00:00+09:00,499.8893498626996,513.4646197471499,499.8893498626996,509.4718933105469,8500,0.0,0.0
2016-06-22 00:00:00+09:00,509.47191169691376,514.26318359375,503.0835491677989,514.26318359375,11400,0.0,0.0
2016-06-23 00:00:00+09:00,507.07647705078125,507.07647705078125,505.4793857844796,507.07647705078125,2700,0.0,0.0
2016-06-24 00:00:00+09:00,516.6589202393359,527.0400113724291,491.9040106142672,499.88946533203125,13900,0.0,0.0
2016-06-27 00:00:00+09:00,494.2995991368448,495.09814453125,479.92578203755045,495.09814453125,5500,0.0,0.0
2016-06-28 00:00:00+09:00,495.09814453125,495.09814453125,494.2995991368448,495.09814453125,2200,0.0,0.0
2016-06-29 00:00:00+09:00,511.0691654265873,511.0691654265873,502.2851641458178,503.0837097167969,2400,0.0,0.0
2016-06-30 00:00:00+09:00,500.68799300932545,510.2705383300781,500.68799300932545,510.2705383300781,600,0.0,0.0
2016-07-01 00:00:00+09:00,510.270616256359,515.0618896484375,504.6807972989341,515.0618896484375,4800,0.0,0.0
2016-07-04 00:00:00+09:00,515.0617289098893,515.0617289098893,514.26318359375,514.26318359375,2700,0.0,0.0
2016-07-05 00:00:00+09:00,516.6589807791304,516.6589807791304,514.263344083091,515.0618896484375,1400,0.0,0.0
2016-07-06 00:00:00+09:00,515.0617289098893,515.0617289098893,507.0762757484957,514.26318359375,2200,0.0,0.0
2016-07-07 00:00:00+09:00,515.8602905273438,515.8602905273438,511.06901847910217,515.8602905273438,1700,0.0,0.0
2016-07-08 00:00:00+09:00,515.8603675748095,517.4574584960938,515.8603675748095,517.4574584960938,4400,0.0,0.0
2016-07-11 00:00:00+09:00,517.4574584960938,517.4574584960938,517.4574584960938,517.4574584960938,0,0.0,0.0
2016-07-12 00:00:00+09:00,543.0110333056214,547.8023071289062,539.0183051195506,547.8023071289062,19100,0.0,0.0
2016-07-13 00:00:00+09:00,547.8023071289062,548.6008527661204,530.234303110195,547.8023071289062,3600,0.0,0.0
2016-07-14 00:00:00+09:00,543.8095789428355,547.8023071289062,543.0110333056214,547.8023071289062,2100,0.0,0.0
2016-07-15 00:00:00+09:00,547.8021754686353,547.8021754686353,535.0254483440024,543.8094482421875,6800,0.0,0.0
2016-07-19 00:00:00+09:00,539.8167683741585,548.6007690429688,539.8167683741585,548.6007690429688,6800,0.0,0.0
2016-07-20 00:00:00+09:00,535.8240356445312,535.8240356445312,535.0254901368643,535.8240356445312,400,0.0,0.0
2016-07-21 00:00:00+09:00,531.0328249587226,543.0110089803479,531.0328249587226,542.2124633789062,1200,0.0,0.0
2016-07-22 00:00:00+09:00,535.0254103716682,543.0108642578125,534.2268649830538,543.0108642578125,1800,0.0,0.0
2016-07-25 00:00:00+09:00,542.2124317310474,542.2124317310474,535.0255217375578,539.0182495117188,2700,0.0,0.0
2016-07-26 00:00:00+09:00,530.2342755762161,531.8313667677106,527.8386387889741,529.4357299804688,3500,0.0,0.0
2016-07-27 00:00:00+09:00,527.8384221774429,538.219510662022,527.8384221774429,535.0253295898438,4200,0.0,0.0
2016-07-28 00:00:00+09:00,543.0107822702892,543.0107822702892,535.0253295898438,535.0253295898438,7900,0.0,0.0
2016-07-29 00:00:00+09:00,535.0253475956765,535.0253475956765,519.8529869922171,527.8384399414062,1400,0.0,0.0
2016-08-01 00:00:00+09:00,519.0543601040466,520.6514504428283,518.2558149346557,519.8529052734375,2200,0.0,0.0
2016-08-02 00:00:00+09:00,519.8531426945957,522.248779296875,517.4575060923165,522.248779296875,3700,0.0,0.0
2016-08-03 00:00:00+09:00,522.2487213964549,528.6370849609375,522.2487213964549,528.6370849609375,3000,0.0,0.0
2016-08-04 00:00:00+09:00,523.0471759306777,523.0471759306777,516.6588134765625,516.6588134765625,3300,0.0,0.0
2016-08-05 00:00:00+09:00,528.6370914441862,528.6370914441862,518.2560005245874,526.241455078125,1400,0.0,0.0
2016-08-08 00:00:00+09:00,527.0400005334787,527.0400005334787,524.6443641674175,526.241455078125,2300,0.0,0.0
2016-08-09 00:00:00+09:00,479.127251611997,479.127251611997,463.1563432249304,466.35052490234375,33900,0.0,0.0
2016-08-10 00:00:00+09:00,467.94765851964905,477.53020442790125,467.1491130272947,476.7316589355469,7200,0.0,0.0
2016-08-12 00:00:00+09:00,479.1272873846477,479.1272873846477,474.3360145108012,475.93310546875,8600,0.0,0.0
2016-08-15 00:00:00+09:00,474.3359726446045,474.3359726446045,467.1490639681711,468.74615478515625,2000,0.0,0.0
2016-08-16 00:00:00+09:00,468.74617243697634,474.3359905069232,468.74617243697634,473.5374450683594,5100,0.0,0.0
2016-08-17 00:00:00+09:00,473.5374418340178,476.73162356645634,467.1490783691406,467.1490783691406,8600,0.0,0.0
2016-08-18 00:00:00+09:00,467.9476333876788,471.14181518554693,467.1490879382118,471.1418151855469,2000,0.0,0.0
2016-08-19 00:00:00+09:00,467.14911685461885,470.343298850206,467.14911685461885,467.9476623535156,3800,0.0,0.0
2016-08-22 00:00:00+09:00,467.9476238022503,467.9476238022503,467.1490783691406,467.1490783691406,2600,0.0,0.0
2016-08-23 00:00:00+09:00,467.9476157410504,471.14179741846374,466.35052490234375,466.35052490234375,3100,0.0,0.0
2016-08-24 00:00:00+09:00,467.14906863508554,467.14906863508554,447.9839786398,463.1563415527344,5900,0.0,0.0
2016-08-25 00:00:00+09:00,463.1563432249304,466.35052490234375,458.3650707088105,466.35052490234375,2600,0.0,0.0
2016-08-26 00:00:00+09:00,466.35054741102056,466.35054741102056,465.552001953125,465.552001953125,2800,0.0,0.0
2016-08-29 00:00:00+09:00,465.552001953125,467.14909286891617,465.552001953125,465.552001953125,6900,0.0,0.0
2016-08-30 00:00:00+09:00,467.149140595985,471.1418682933866,465.5520495170244,470.34332275390625,1700,0.0,0.0
2016-08-31 00:00:00+09:00,471.14181518554693,471.14181518554693,471.14181518554693,471.1418151855469,600,0.0,0.0
2016-09-01 00:00:00+09:00,467.1490879382118,472.73890608448096,467.1490879382118,471.1418151855469,1700,0.0,0.0
2016-09-02 00:00:00+09:00,475.1346356940992,475.1346356940992,474.3360900878906,474.3360900878906,1300,0.0,0.0
2016-09-05 00:00:00+09:00,478.3287696151608,487.9113159179687,478.3287696151608,487.91131591796875,4100,0.0,0.0
2016-09-06 00:00:00+09:00,494.29964260635626,494.29964260635626,482.3214606368969,490.3069152832031,2700,0.0,0.0
2016-09-07 00:00:00+09:00,482.3214626917258,487.1127354999217,478.3287353515625,478.3287353515625,6400,0.0,0.0
2016-09-08 00:00:00+09:00,485.51563643133363,485.51563643133363,476.73163643010884,477.5301818847656,6200,0.0,0.0
2016-09-09 00:00:00+09:00,481.5229157263491,481.5229157263491,475.1345520019531,475.1345520019531,5600,0.0,0.0
2016-09-12 00:00:00+09:00,485.5156217447917,485.5156217447917,476.7316220092774,479.12725830078125,5000,0.0,0.0
2016-09-13 00:00:00+09:00,485.5156217447917,485.5156217447917,467.94762227376305,479.12725830078125,7200,0.0,0.0
2016-09-14 00:00:00+09:00,475.1346356940992,475.1346356940992,474.3360900878906,474.3360900878906,1500,0.0,0.0
2016-09-15 00:00:00+09:00,471.9402852445035,479.1271931416279,471.9402852445035,472.73883056640625,400,0.0,0.0
2016-09-16 00:00:00+09:00,471.1417910106341,471.1417910106341,468.7461547851563,468.74615478515625,2000,0.0,0.0
2016-09-20 00:00:00+09:00,469.5447929885787,475.13461195272845,469.5447929885787,471.9404296875,800,0.0,0.0
2016-09-21 00:00:00+09:00,471.9403780738779,478.3287419056732,471.9403780738779,475.93310546875,1200,0.0,0.0
2016-09-23 00:00:00+09:00,476.73164441549716,479.12728081959517,474.3360080113992,478.3287353515625,2400,0.0,0.0
2016-09-26 00:00:00+09:00,477.53016743977867,479.12725830078125,475.9330765787761,479.12725830078125,2400,0.0,0.0
2016-09-27 00:00:00+09:00,480.72447245010477,483.1201093560023,479.1273811795064,482.3215637207031,2800,0.0,0.0
2016-09-28 00:00:00+09:00,490.4006042480469,491.20851298651155,489.59269550958226,490.4006042480469,2000,7.0,0.0
2016-09-29 00:00:00+09:00,490.4006042480469,490.4006042480469,486.3610605557236,490.4006042480469,800,0.0,0.0
2016-09-30 00:00:00+09:00,490.4006042480469,490.4006042480469,490.4006042480469,490.4006042480469,800,0.0,0.0
2016-10-03 00:00:00+09:00,490.40047401605653,490.40047401605653,478.28184615734017,486.3609313964844,11100,0.0,0.0
2016-10-04 00:00:00+09:00,486.3609313964844,487.9767484443133,486.3609313964844,486.3609313964844,4100,0.0,0.0
2016-10-05 00:00:00+09:00,490.4005493872596,490.4005493872596,487.1689147949219,487.1689147949219,2700,0.0,0.0
2016-10-06 00:00:00+09:00,491.20831298828125,492.0162213978014,487.9766793502004,491.20831298828125,10000,0.0,0.0
2016-10-07 00:00:00+09:00,494.440127713563,494.440127713563,492.82431030273443,492.8243103027344,6300,0.0,0.0
2016-10-11 00:00:00+09:00,492.8242505412667,499.2875194008243,483.937255859375,483.937255859375,11200,0.0,0.0
2016-10-12 00:00:00+09:00,482.32142391110875,498.4795955664223,482.32142391110875,492.0163269042969,7300,0.0,0.0
2016-10-13 00:00:00+09:00,483.9373145431769,492.82431030273443,483.9373145431769,492.8243103027344,600,0.0,0.0
2016-10-14 00:00:00+09:00,492.82431030273443,492.82431030273443,492.82431030273443,492.8243103027344,100,0.0,0.0
2016-10-17 00:00:00+09:00,498.4796850326213,504.13504612699467,493.6322326660156,493.6322326660156,8200,0.0,0.0
2016-10-18 00:00:00+09:00,492.8243143090939,498.47967529296875,492.8243143090939,498.47967529296875,1000,0.0,0.0
2016-10-19 00:00:00+09:00,498.47955889802967,498.47955889802967,495.2479248046875,495.2479248046875,1300,0.0,0.0
2016-10-20 00:00:00+09:00,496.86377840089096,497.6716869836566,492.0163269042969,492.0163269042969,15000,0.0,0.0
2016-10-21 00:00:00+09:00,492.0163724095063,500.9033676418619,492.0163724095063,500.095458984375,3300,0.0,0.0
2016-10-24 00:00:00+09:00,493.63218972448004,504.1350022718094,493.63218972448004,500.095458984375,6100,0.0,0.0
2016-10-25 00:00:00+09:00,499.28754416476477,503.32708740234375,499.28754416476477,503.32708740234375,2400,0.0,0.0
2016-10-26 00:00:00+09:00,499.28740925190914,502.51904296875,499.28740925190914,502.51904296875,500,0.0,0.0
2016-10-27 00:00:00+09:00,495.24796612231756,501.7112348482206,495.24796612231756,497.67169189453125,4400,0.0,0.0
2016-10-28 00:00:00+09:00,502.519048301919,505.7506820530567,499.28741455078125,499.28741455078125,13600,0.0,0.0
2016-10-31 00:00:00+09:00,499.28741455078125,500.9032314263501,497.67159767521235,499.28741455078125,2500,0.0,0.0
2016-11-01 00:00:00+09:00,499.2875259027249,500.903343138656,496.8638000488281,496.8638000488281,6700,0.0,0.0
2016-11-02 00:00:00+09:00,496.86377840089096,499.28750414918795,488.78469257323417,492.0163269042969,9000,0.0,0.0
2016-11-04 00:00:00+09:00,492.82423350016273,492.82423350016273,480.7056048075358,484.7451477050781,7200,0.0,0.0
2016-11-07 00:00:00+09:00,490.40050973876555,492.8242354870626,483.93724107664013,492.0163269042969,3300,0.0,0.0
2016-11-08 00:00:00+09:00,496.86376741617033,496.86376741617033,485.5530475075096,489.59259033203125,5700,0.0,0.0
2016-11-09 00:00:00+09:00,491.20847146739135,492.8242888077446,452.42885529891305,464.5474853515625,18400,0.0,0.0
2016-11-10 00:00:00+09:00,480.7056214295962,484.7451644668197,478.28189560726213,483.937255859375,8000,0.0,0.0
2016-11-11 00:00:00+09:00,483.93724107664013,492.0163269042969,481.5135153283431,492.0163269042969,5300,0.0,0.0
2016-11-14 00:00:00+09:00,492.0164864532219,495.24812183222497,483.1294891609634,488.78485107421875,10600,0.0,0.0
2016-11-15 00:00:00+09:00,490.4006042480469,492.0164217249762,488.7847867711176,490.4006042480469,6600,0.0,0.0
2016-11-16 00:00:00+09:00,487.9768780326529,491.20851298651155,487.9768780326529,490.4006042480469,5100,0.0,0.0
2016-11-17 00:00:00+09:00,488.7848510742188,489.59275991896953,484.7453068504649,488.78485107421875,7200,0.0,0.0
2016-11-18 00:00:00+09:00,492.824240350104,501.7112348482206,492.824240350104,497.67169189453125,8300,0.0,0.0
2016-11-21 00:00:00+09:00,501.71123083748387,514.6377681859536,496.05587074752833,508.17449951171875,14700,0.0,0.0
2016-11-22 00:00:00+09:00,508.9824309715858,508.9824309715858,496.0558930421487,504.1349792480469,4600,0.0,0.0
2016-11-24 00:00:00+09:00,504.1349792480469,505.7507964892265,504.1349792480469,504.1349792480469,6300,0.0,0.0
2016-11-25 00:00:00+09:00,513.021875369321,513.021875369321,504.1348822526871,507.36651611328125,14500,0.0,0.0
2016-11-28 00:00:00+09:00,508.9823330435783,512.2139669041725,506.5586076481327,507.36651611328125,7400,0.0,0.0
2016-11-29 00:00:00+09:00,512.2140623829997,512.2140623829997,504.9428848412852,505.75079345703125,5200,0.0,0.0
2016-11-30 00:00:00+09:00,506.5586022485661,512.2139614443236,506.5586022485661,510.59814453125,4900,0.0,0.0
2016-12-01 00:00:00+09:00,513.021875369321,522.7167769511034,503.3269737875385,507.36651611328125,16700,0.0,0.0
2016-12-02 00:00:00+09:00,510.5982764790076,529.9880844465649,510.5982764790076,529.18017578125,32600,0.0,0.0
2016-12-05 00:00:00+09:00,531.6038197236902,549.3778076171875,529.1800941018497,549.3778076171875,23100,0.0,0.0
2016-12-06 00:00:00+09:00,549.3779507643885,565.5361257868706,549.3779507643885,561.49658203125,19200,0.0,0.0
2016-12-07 00:00:00+09:00,565.536045549385,619.6659241948262,565.536045549385,603.5077514648438,46000,0.0,0.0
2016-12-08 00:00:00+09:00,613.2027585449218,615.6264848632812,601.8920357259115,605.9315795898438,26100,0.0,0.0
2016-12-09 00:00:00+09:00,605.9313408491118,606.7392493035774,598.6601647589225,602.69970703125,21300,0.0,0.0
2016-12-12 00:00:00+09:00,639.0557140509288,664.9087897141775,603.5077350139618,620.4738159179688,50000,0.0,0.0
2016-12-13 00:00:00+09:00,620.4738545816733,621.2817632464931,593.0049599777972,608.355224609375,19300,0.0,0.0
2016-12-14 00:00:00+09:00,609.1631807367852,611.5869069200882,605.9315458257148,607.54736328125,8000,0.0,0.0
2016-12-15 00:00:00+09:00,605.9315795898438,621.2818462727864,605.9315795898438,605.9315795898438,19400,0.0,0.0
2016-12-16 00:00:00+09:00,605.9314497365248,605.9314497365248,597.044455140389,601.8919067382812,10300,0.0,0.0
2016-12-19 00:00:00+09:00,593.812877686907,594.620786364032,578.4626128215311,580.0784301757812,26900,0.0,0.0
2016-12-20 00:00:00+09:00,604.3155153508771,604.3155153508771,589.773163377193,598.66015625,26400,0.0,0.0
2016-12-21 00:00:00+09:00,605.9314911378259,613.2026690314798,601.8919478635737,604.315673828125,5600,0.0,0.0
2016-12-22 00:00:00+09:00,605.9315795898438,605.9315795898438,595.4287655436198,605.9315795898438,7800,0.0,0.0
2016-12-26 00:00:00+09:00,605.9315795898438,607.5473971354166,603.5078532714844,605.9315795898438,13400,0.0,0.0
2016-12-27 00:00:00+09:00,605.9314397376354,618.0500685323881,604.3156225650017,615.6263427734375,18500,0.0,0.0
2016-12-28 00:00:00+09:00,620.4739029255319,620.4739029255319,604.3157283701795,607.54736328125,19000,0.0,0.0
2016-12-29 00:00:00+09:00,607.5473222108644,607.5473222108644,597.0445094598788,605.1235961914062,6200,0.0,0.0
2016-12-30 00:00:00+09:00,604.3157620442709,605.9315795898438,601.8920357259115,605.9315795898438,5300,0.0,0.0
2017-01-04 00:00:00+09:00,602.6998639556358,609.9710419390148,584.1179646647784,608.355224609375,10200,0.0,0.0
2017-01-05 00:00:00+09:00,609.1631119203375,609.1631119203375,584.9258528253639,603.5077514648438,9900,0.0,0.0
2017-01-06 00:00:00+09:00,597.8523500504032,605.9314358618951,597.8523500504032,601.083984375,4200,0.0,0.0
2017-01-10 00:00:00+09:00,610.7789981923205,610.7789981923205,605.1236370979472,607.54736328125,6400,0.0,0.0
2017-01-11 00:00:00+09:00,608.3552308840171,608.3552308840171,605.1235961914062,605.1235961914062,11600,0.0,0.0
2017-01-12 00:00:00+09:00,597.044549820271,618.050176742229,593.8129149092005,607.54736328125,25200,0.0,0.0
2017-01-13 00:00:00+09:00,608.3551439557757,614.010503859747,608.3551439557757,610.7788696289062,5300,0.0,0.0
2017-01-16 00:00:00+09:00,621.2817245324453,621.2817245324453,614.0105470021566,620.4738159179688,15300,0.0,0.0
2017-01-17 00:00:00+09:00,622.0895857990796,622.8974943520655,616.4342259281789,621.2816772460938,13600,0.0,0.0
2017-01-18 00:00:00+09:00,622.0896606445312,622.0896606445312,615.6263914430297,622.0896606445312,5700,0.0,0.0
2017-01-19 00:00:00+09:00,621.2818671332465,625.3214111328125,621.2818671332465,625.3214111328125,7900,0.0,0.0
2017-01-20 00:00:00+09:00,622.0896484061195,628.5529174804688,621.2817397718259,628.5529174804688,4900,0.0,0.0
2017-01-23 00:00:00+09:00,622.0895000339783,626.9369506835938,616.4341409427603,626.9369506835938,5500,0.0,0.0
2017-01-24 00:00:00+09:00,621.2817519943436,622.0896606445312,613.2026654924665,622.0896606445312,7000,0.0,0.0
2017-01-25 00:00:00+09:00,616.4342591684831,621.2817107477897,611.5868075891766,619.6658935546875,5000,0.0,0.0
2017-01-26 00:00:00+09:00,619.6659165014087,631.7845458984375,619.6659165014087,631.7845458984375,26400,0.0,0.0
2017-01-27 00:00:00+09:00,633.4002951442606,654.405917177106,622.8974841278379,652.7901000976562,43500,0.0,0.0
2017-01-30 00:00:00+09:00,658.4454667325505,678.6431804360029,658.4454667325505,674.6036376953125,27400,0.0,0.0
2017-01-31 00:00:00+09:00,665.7167174416866,676.219529731422,661.6771742533268,675.41162109375,14200,0.0,0.0
2017-02-01 00:00:00+09:00,667.3325057705966,670.564140181108,660.0613283469461,666.5245971679688,13800,0.0,0.0
2017-02-02 00:00:00+09:00,673.7956958620351,680.258963927858,665.7166107797565,676.2194213867188,36200,0.0,0.0
2017-02-03 00:00:00+09:00,669.7562620625694,682.6828002929688,668.9483534231694,682.6828002929688,16000,0.0,0.0
2017-02-06 00:00:00+09:00,684.2986989508332,685.1066076863124,668.9484329767295,680.2591552734375,20000,0.0,0.0
2017-02-07 00:00:00+09:00,679.4512465379584,684.2986989508332,672.9879766541252,680.2591552734375,10200,0.0,0.0
2017-02-08 00:00:00+09:00,686.7221765350877,690.76171875,685.1063596491227,690.76171875,14000,0.0,0.0
2017-02-09 00:00:00+09:00,691.5696271929825,692.3775356359649,685.9142680921052,690.76171875,17200,0.0,0.0
2017-02-10 00:00:00+09:00,690.7618743789154,690.7618743789154,685.9144226288879,689.1460571289062,11100,0.0,0.0
2017-02-13 00:00:00+09:00,686.722242217703,706.1120467038498,685.1064251771908,705.3041381835938,41400,0.0,0.0
2017-02-14 00:00:00+09:00,702.8804496284964,703.6883581912879,690.7618211866259,693.185546875,11400,0.0,0.0
2017-02-15 00:00:00+09:00,689.1459774319217,702.0725139370926,672.9878068004581,673.7957153320312,23800,0.0,0.0
2017-02-16 00:00:00+09:00,667.3325016140084,681.0669477731345,667.3325016140084,677.0274047851562,13500,0.0,0.0
2017-02-17 00:00:00+09:00,678.6432465378481,698.8409622086173,678.6432465378481,696.417236328125,8700,0.0,0.0
2017-02-20 00:00:00+09:00,688.3380840204604,699.6488037109375,688.3380840204604,699.6488037109375,7900,0.0,0.0
2017-02-21 00:00:00+09:00,706.1120572439578,716.6148681640625,701.2646060500634,716.6148681640625,37900,0.0,0.0
2017-02-22 00:00:00+09:00,707.7279765603274,731.1573273825301,702.8805246660786,726.3098754882812,24600,0.0,0.0
2017-02-23 00:00:00+09:00,725.5019668392397,726.3098754882812,712.5754284545762,726.3098754882812,8700,0.0,0.0
2017-02-24 00:00:00+09:00,718.2307768866929,739.2364014075636,718.2307768866929,732.7731323242188,17400,0.0,0.0
2017-02-27 00:00:00+09:00,731.1571570502387,731.1571570502387,719.0385301378038,727.1176147460938,10200,0.0,0.0
2017-02-28 00:00:00+09:00,727.1176147460938,727.1176147460938,715.8068962944878,727.1176147460938,11200,0.0,0.0
2017-03-01 00:00:00+09:00,719.0386704324745,727.1177566171091,719.0386704324745,724.6940307617188,6000,0.0,0.0
2017-03-02 00:00:00+09:00,724.6940091836332,727.1177349668561,707.7279287010732,719.8465576171875,7200,0.0,0.0
2017-03-03 00:00:00+09:00,715.8070435111645,733.5810333048954,715.8070435111645,728.7335815429688,8100,0.0,0.0
2017-03-06 00:00:00+09:00,737.6205385097891,743.2758986078926,734.3889041680156,740.8521728515625,11600,0.0,0.0
2017-03-07 00:00:00+09:00,741.6601271181197,765.0894775390625,740.0443098477099,765.0894775390625,32600,0.0,0.0
2017-03-08 00:00:00+09:00,765.8973830846072,798.2137283624387,761.0499312929325,782.8634643554688,21500,0.0,0.0
2017-03-09 00:00:00+09:00,777.208120997948,795.7900199407263,753.7787701570535,765.8973999023438,30700,0.0,0.0
2017-03-10 00:00:00+09:00,763.4736526392068,763.4736526392068,740.0443024523952,761.0499267578125,11800,0.0,0.0
2017-03-13 00:00:00+09:00,767.5131202884232,775.5922057651435,749.7391322396387,760.241943359375,17900,0.0,0.0
2017-03-14 00:00:00+09:00,736.8126358416621,737.6205444335938,712.5753780837126,737.6205444335938,50300,0.0,0.0
2017-03-15 00:00:00+09:00,737.6206570126277,737.6206570126277,682.6828643764188,711.767578125,35200,0.0,0.0
2017-03-16 00:00:00+09:00,700.4567679939689,735.1968383789062,700.4567679939689,735.1968383789062,11500,0.0,0.0
2017-03-17 00:00:00+09:00,736.0047638317061,736.0047638317061,715.8070480295188,718.2307739257812,8800,0.0,0.0
2017-03-21 00:00:00+09:00,713.3832752013475,719.8465438328433,710.1516408855996,719.0386352539062,10500,0.0,0.0
2017-03-22 00:00:00+09:00,710.9595993728374,718.230777093696,689.1460662102618,700.456787109375,14200,0.0,0.0
2017-03-23 00:00:00+09:00,694.8014020189414,738.428466796875,694.8014020189414,738.428466796875,23300,0.0,0.0
2017-03-24 00:00:00+09:00,736.0049031127392,736.8128118977147,732.773267972837,733.5811767578125,6500,0.0,0.0
2017-03-27 00:00:00+09:00,710.9595612333475,719.8465557487643,709.3437440487263,712.5753784179688,8400,0.0,0.0
2017-03-28 00:00:00+09:00,710.9595395440924,719.0386252207298,707.7279052734375,707.7279052734375,4000,0.0,0.0
2017-03-29 00:00:00+09:00,738.0708867853338,738.0708867853338,720.8492327603426,721.6693115234375,2800,13.0,0.0
2017-03-30 00:00:00+09:00,733.9704681396485,738.0708618164062,729.8700744628907,738.0708618164062,12400,0.0,0.0
2017-03-31 00:00:00+09:00,733.1503483595046,750.372000837748,733.1503483595046,741.3511352539062,5300,0.0,0.0
2017-04-03 00:00:00+09:00,737.2507909111082,752.0122083042115,734.7905546789243,747.0917358398438,9400,0.0,0.0
2017-04-04 00:00:00+09:00,750.3719649203988,750.3719649203988,677.3849650538244,705.2676391601562,16200,0.0,0.0
2017-04-05 00:00:00+09:00,729.8701380824183,738.0709261507601,716.7488771730715,728.22998046875,12700,0.0,0.0
2017-04-06 00:00:00+09:00,732.3302429268814,732.3302429268814,711.8282764395667,719.208984375,6000,0.0,0.0
2017-04-07 00:00:00+09:00,719.208984375,719.208984375,718.3889057155075,719.208984375,1000,0.0,0.0
2017-04-10 00:00:00+09:00,729.8700963862808,731.51025390625,728.2299388663117,731.51025390625,2700,0.0,0.0
2017-04-11 00:00:00+09:00,735.6105463364545,735.6105463364545,721.6692093378817,724.9495239257812,3300,0.0,0.0
2017-04-12 00:00:00+09:00,708.548005756579,727.4098160950064,692.966510259617,701.1672973632812,8500,0.0,0.0
2017-04-13 00:00:00+09:00,684.7657066977181,701.1672805108371,679.0251558631264,683.1255493164062,8900,0.0,0.0
2017-04-14 00:00:00+09:00,681.485392892231,681.485392892231,658.5231895216143,678.205078125,4000,0.0,0.0
2017-04-17 00:00:00+09:00,661.803537002338,673.2846392551667,661.803537002338,665.9039306640625,4600,0.0,0.0
2017-04-18 00:00:00+09:00,668.3641575998829,671.6444724838087,637.2011662025877,661.8035278320312,14700,0.0,0.0
2017-04-19 00:00:00+09:00,662.6234638611963,668.364013671875,656.062835506135,668.364013671875,3700,0.0,0.0
2017-04-20 00:00:00+09:00,660.9835011774762,670.8244466044362,656.0630284639963,657.7031860351562,6300,0.0,0.0
2017-04-21 00:00:00+09:00,658.5232096354166,680.6653349905303,658.5232096354166,676.56494140625,4800,0.0,0.0
2017-04-24 00:00:00+09:00,676.5650216575411,680.6654157281929,671.644548772759,679.8453369140625,3700,0.0,0.0
2017-04-25 00:00:00+09:00,688.0460110671229,688.0460110671229,676.5649095713663,683.9456176757812,1300,0.0,0.0
2017-04-26 00:00:00+09:00,686.4059552644428,686.4059552644428,679.84532486765,685.5858764648438,1700,0.0,0.0
2017-04-27 00:00:00+09:00,688.8661036720538,716.748779296875,675.7448445544908,716.748779296875,10700,0.0,0.0
2017-04-28 00:00:00+09:00,720.8491217229785,720.8491217229785,707.7278635346194,715.9286499023438,5000,0.0,0.0
2017-05-01 00:00:00+09:00,668.3641786530544,698.7070922851562,653.6027612104102,698.7070922851562,43300,0.0,0.0
2017-05-02 00:00:00+09:00,703.6276068057654,703.6276068057654,677.3850853398161,695.4268188476562,9900,0.0,0.0
2017-05-08 00:00:00+09:00,707.7279100360847,707.7279100360847,677.3849984818146,683.1255493164062,17600,0.0,0.0
2017-05-09 00:00:00+09:00,687.2260827622238,695.4268713393386,682.305609615955,691.3264770507812,5000,0.0,0.0
2017-05-10 00:00:00+09:00,728.2299838131421,738.0709295403467,717.5689592753371,718.3890380859375,64600,0.0,0.0
2017-05-11 00:00:00+09:00,714.2885627485897,721.669271204086,705.2676968585386,720.0291137695312,13000,0.0,0.0
2017-05-12 00:00:00+09:00,720.0292198495854,735.6107177734375,720.0292198495854,735.6107177734375,14900,0.0,0.0
2017-05-15 00:00:00+09:00,735.6106372589761,736.4307160073138,722.4893772855718,732.330322265625,6500,0.0,0.0
2017-05-16 00:00:00+09:00,726.58984375,726.58984375,715.928818954571,726.58984375,5800,0.0,0.0
2017-05-17 00:00:00+09:00,727.4099173770812,727.4099173770812,705.2677891141938,712.6484985351562,12900,0.0,0.0
2017-05-18 00:00:00+09:00,710.1880994449367,718.3888858126611,705.267627624302,715.9286499023438,5500,0.0,0.0
2017-05-19 00:00:00+09:00,723.3094794888545,724.9496370387159,716.7488492894091,720.8492431640625,2000,0.0,0.0
2017-05-22 00:00:00+09:00,719.208984375,720.0290630344927,709.368040461089,719.208984375,4600,0.0,0.0
2017-05-23 00:00:00+09:00,718.3890068392705,720.8492431640625,712.6484554147557,720.8492431640625,3700,0.0,0.0
2017-05-24 00:00:00+09:00,721.6693115234375,725.7697053389115,720.8492327603426,721.6693115234375,7900,0.0,0.0
2017-05-25 00:00:00+09:00,724.9495539960893,727.4097900390625,724.1294753150983,727.4097900390625,4900,0.0,0.0
2017-05-26 00:00:00+09:00,727.4098291833974,744.6314824109637,721.6692781075419,733.970458984375,23600,0.0,0.0
2017-05-29 00:00:00+09:00,743.8115148438583,746.271751386892,738.0709629101129,739.7111206054688,11500,0.0,0.0
2017-05-30 00:00:00+09:00,749.5518684263754,761.0329692556635,746.2715539037217,760.212890625,14400,0.0,0.0
2017-05-31 00:00:00+09:00,758.5727027154738,762.673095703125,749.5518381426411,762.673095703125,8800,0.0,0.0
2017-06-01 00:00:00+09:00,762.6732579832936,764.3134155273438,754.4724702630432,764.3134155273438,13200,0.0,0.0
2017-06-02 00:00:00+09:00,766.7736309958219,766.7736309958219,761.0330797477249,765.9535522460938,5500,0.0,0.0
2017-06-05 00:00:00+09:00,766.7736696538905,772.5142211914062,765.9535908628168,772.5142211914062,6800,0.0,0.0
2017-06-06 00:00:00+09:00,773.3342003000193,774.1542789853852,741.3511315707502,761.0330200195312,10400,0.0,0.0
2017-06-07 00:00:00+09:00,759.3928719834371,770.0538950242413,754.4723998107582,765.1334228515625,3400,0.0,0.0
2017-06-08 00:00:00+09:00,769.233891097359,769.233891097359,754.4724731445312,754.4724731445312,3700,0.0,0.0
2017-06-09 00:00:00+09:00,766.7735604244104,766.7735604244104,756.1125376591513,761.8530883789062,2400,0.0,0.0
2017-06-12 00:00:00+09:00,761.8530850485515,787.275523839192,761.8530850485515,781.5349731445312,47600,0.0,0.0
2017-06-13 00:00:00+09:00,773.3342365768721,782.3551025390625,773.3342365768721,782.3551025390625,3700,0.0,0.0
2017-06-14 00:00:00+09:00,777.4346729860467,782.3551455998825,766.7736489894027,774.1543579101562,6100,0.0,0.0
2017-06-15 00:00:00+09:00,774.1543787735536,774.1543787735536,750.3720938324169,772.5142211914062,8800,0.0,0.0
2017-06-16 00:00:00+09:00,771.6940721900639,771.6940721900639,750.3720255620707,768.4137573242188,6600,0.0,0.0
2017-06-19 00:00:00+09:00,768.4137562239031,773.334228515625,767.5936775086161,773.334228515625,6500,0.0,0.0
2017-06-20 00:00:00+09:00,771.6940930371617,771.6940930371617,766.7736206054688,766.7736206054688,1500,0.0,0.0
2017-06-21 00:00:00+09:00,766.7736696538905,772.5142211914062,762.673275698522,772.5142211914062,8400,0.0,0.0
2017-06-22 00:00:00+09:00,772.5140483341359,772.5140483341359,769.2337339038423,771.6939697265625,3300,0.0,0.0
2017-06-23 00:00:00+09:00,769.2337244833669,769.2337244833669,746.2715237525201,762.673095703125,13100,0.0,0.0
2017-06-26 00:00:00+09:00,754.4725846778299,758.5729791597746,750.3721901958851,755.2926635742188,9800,0.0,0.0
2017-06-27 00:00:00+09:00,754.4723905366042,761.0330200195312,747.9117610536772,761.0330200195312,4000,0.0,0.0
2017-06-28 00:00:00+09:00,751.1921295601503,754.4724445363955,746.2716570957825,747.0917358398438,8200,0.0,0.0
2017-06-29 00:00:00+09:00,747.0917371212448,747.0917371212448,722.4893747572082,742.1712646484375,11100,0.0,0.0
2017-06-30 00:00:00+09:00,738.0709944100215,740.5312310580549,729.8702055832435,737.2509155273438,2500,0.0,0.0
2017-07-03 00:00:00+09:00,738.8910191127231,746.271728515625,738.8910191127231,746.271728515625,1500,0.0,0.0
2017-07-04 00:00:00+09:00,750.372050816089,750.372050816089,745.4515783517212,747.0917358398438,4500,0.0,0.0
2017-07-05 00:00:00+09:00,752.832315594217,754.4724731445312,747.0917641681174,754.4724731445312,4400,0.0,0.0
2017-07-06 00:00:00+09:00,756.1126111959267,756.1126111959267,750.3720599178664,751.192138671875,2200,0.0,0.0
2017-07-07 00:00:00+09:00,751.1921566001283,759.3929443359375,750.3720778265473,759.3929443359375,4000,0.0,0.0
2017-07-10 00:00:00+09:00,761.0330784574468,770.8740234375,761.0330784574468,770.8740234375,6200,0.0,0.0
2017-07-11 00:00:00+09:00,779.0747063928069,786.4554141375809,775.794391839574,783.9951782226562,14700,0.0,0.0
2017-07-12 00:00:00+09:00,787.2756167763158,792.1960893811678,774.9744352641858,779.0748291015625,24500,0.0,0.0
2017-07-13 00:00:00+09:00,777.4346232052928,780.714938071138,768.4137573242188,768.4137573242188,5400,0.0,0.0
2017-07-14 00:00:00+09:00,766.7736696538905,774.9744575646273,766.7736696538905,772.5142211914062,5400,0.0,0.0
2017-07-17 00:00:00+09:00,772.5142211914062,772.5142211914062,772.5142211914062,772.5142211914062,0,0.0,0.0
2017-07-18 00:00:00+09:00,769.2338568213153,770.0539355599307,766.7736206054688,766.7736206054688,1600,0.0,0.0
2017-07-19 00:00:00+09:00,775.7944738975558,777.4346313476562,774.9743951725055,777.4346313476562,1900,0.0,0.0
2017-07-20 00:00:00+09:00,772.5141989617598,779.0748291015625,772.5141989617598,779.0748291015625,4500,0.0,0.0
2017-07-21 00:00:00+09:00,779.0746257370672,779.0746257370672,771.6939187564003,775.7943115234375,9100,0.0,0.0
2017-07-24 00:00:00+09:00,783.9953017064145,790.555931846217,778.2547503340871,779.0748291015625,2900,0.0,0.0
2017-07-25 00:00:00+09:00,779.0748969325166,788.0957641601562,778.2548180936402,788.0957641601562,9400,0.0,0.0
2017-07-26 00:00:00+09:00,791.376005012152,798.7567138671875,790.5559262504813,798.7567138671875,17600,0.0,0.0
2017-07-27 00:00:00+09:00,818.4384928858557,850.4215602431186,815.978256935297,846.3211669921875,54200,0.0,0.0
2017-07-28 00:00:00+09:00,847.9613932291667,847.9613932291667,811.8779296875,811.8779296875,21200,0.0,0.0
2017-07-31 00:00:00+09:00,824.1792025378824,824.1792025378824,811.8780204104513,814.3382568359375,3300,0.0,0.0
2017-08-01 00:00:00+09:00,814.3381704010579,814.3381704010579,787.2755725931678,792.196044921875,10900,0.0,0.0
2017-08-02 00:00:00+09:00,780.7149797712053,803.6771850585938,774.9744284493582,803.6771850585938,7300,0.0,0.0
2017-08-03 00:00:00+09:00,806.9574767943599,820.078736579634,806.9574767943599,815.1582641601562,4300,0.0,0.0
2017-08-04 00:00:00+09:00,818.4385375976562,819.2586162926439,815.1582228177058,818.4385375976562,2400,0.0,0.0
2017-08-07 00:00:00+09:00,818.4386997070313,824.1792517089845,818.4386997070313,820.078857421875,8100,0.0,0.0
2017-08-08 00:00:00+09:00,834.8402242807241,852.8819580078125,832.3799878633939,852.8819580078125,14200,0.0,0.0
2017-08-09 00:00:00+09:00,869.2833266011127,869.2833266011127,845.5010469110822,854.5219116210938,14400,0.0,0.0
2017-08-10 00:00:00+09:00,854.5222485187079,856.1624063853465,835.660433052364,852.06201171875,14700,0.0,0.0
2017-08-11 00:00:00+09:00,852.06201171875,852.06201171875,852.06201171875,852.06201171875,0,0.0,0.0
2017-08-14 00:00:00+09:00,790.5558966372457,802.8570776015182,749.5519600896707,796.2964477539062,31600,0.0,0.0
2017-08-15 00:00:00+09:00,796.2965225506426,796.2965225506426,780.7150251989822,785.635498046875,9700,0.0,0.0
2017-08-16 00:00:00+09:00,799.576829609118,810.2378540039062,795.4764356111225,810.2378540039062,10000,0.0,0.0
2017-08-17 00:00:00+09:00,818.4385791064748,819.2586578430544,806.9574767943599,815.1582641601562,5000,0.0,0.0
2017-08-18 00:00:00+09:00,801.2169487778021,810.2378151407047,797.1165549764828,803.6771850585938,5300,0.0,0.0
2017-08-21 00:00:00+09:00,799.5767926288581,802.03702891387,795.4763988205051,798.7567138671875,2400,0.0,0.0
2017-08-22 00:00:00+09:00,797.11662079936,797.11662079936,785.6355172075997,788.9158325195312,4600,0.0,0.0
2017-08-23 00:00:00+09:00,802.8570473410866,802.8570473410866,791.3759455404991,793.836181640625,3600,0.0,0.0
2017-08-24 00:00:00+09:00,794.65625,795.4763286893705,769.2338106295149,794.65625,13400,0.0,0.0
2017-08-25 00:00:00+09:00,794.6563304183662,797.9366455078125,789.7358577841967,797.9366455078125,2600,0.0,0.0
2017-08-28 00:00:00+09:00,802.8570423928912,818.4385375976562,802.8570423928912,818.4385375976562,6300,0.0,0.0
2017-08-29 00:00:00+09:00,818.4386027433434,818.4386027433434,803.6771850585938,803.6771850585938,5400,0.0,0.0
2017-08-30 00:00:00+09:00,805.3173530118823,815.9783770334245,802.8571166992188,802.8571166992188,4800,0.0,0.0
2017-08-31 00:00:00+09:00,807.7775893245459,807.7775893245459,801.216959157443,802.8571166992188,4800,0.0,0.0
2017-09-01 00:00:00+09:00,802.8570368937048,805.3172729618162,793.8361713106295,794.65625,6900,0.0,0.0
2017-09-04 00:00:00+09:00,791.3761550450398,804.4974177193617,791.3761550450398,801.2171020507812,4100,0.0,0.0
2017-09-05 00:00:00+09:00,801.2169805021367,801.2169805021367,761.8531984508546,767.59375,11500,0.0,0.0
2017-09-06 00:00:00+09:00,756.9325455204133,767.5935672883064,753.6522311302923,762.673095703125,11200,0.0,0.0
2017-09-07 00:00:00+09:00,774.1543164474552,779.0747887977568,771.6940802723044,777.4346313476562,2800,0.0,0.0
2017-09-08 00:00:00+09:00,777.4346417242774,779.0747991962695,776.6145629882812,776.6145629882812,1700,0.0,0.0
2017-09-11 00:00:00+09:00,779.8948755035559,790.5558990383048,779.8948755035559,786.4555053710938,4500,0.0,0.0
2017-09-12 00:00:00+09:00,795.4763806608208,795.4763806608208,790.555908203125,790.555908203125,7700,0.0,0.0
2017-09-13 00:00:00+09:00,794.6562634894349,850.4216153132548,794.6562634894349,827.4594116210938,25200,0.0,0.0
2017-09-14 00:00:00+09:00,843.0408545499722,843.0408545499722,827.4593601565389,831.5597534179688,6400,0.0,0.0
2017-09-15 00:00:00+09:00,829.9196373665687,829.9196373665687,806.9574339611695,828.2794799804688,5000,0.0,0.0
2017-09-18 00:00:00+09:00,828.2794799804688,828.2794799804688,828.2794799804688,828.2794799804688,0,0.0,0.0
2017-09-19 00:00:00+09:00,827.459419818953,847.9613876043582,812.6980030134613,836.4802856445312,11700,0.0,0.0
2017-09-20 00:00:00+09:00,843.8609761393877,843.8609761393877,823.3590087890625,823.3590087890625,5500,0.0,0.0
2017-09-21 00:00:00+09:00,827.4594712731874,834.8401801348907,827.4594712731874,832.3799438476562,3400,0.0,0.0
2017-09-22 00:00:00+09:00,828.2794593539634,836.4802460802402,828.2794593539634,829.9196166992188,4500,0.0,0.0
2017-09-25 00:00:00+09:00,832.3798527171018,844.6810328065171,826.639302008708,829.9196166992188,13700,0.0,0.0
2017-09-26 00:00:00+09:00,828.2793873856707,840.58056640625,828.2793873856707,840.58056640625,3300,0.0,0.0
2017-09-27 00:00:00+09:00,846.3607372476897,848.837890625,841.4064304930691,848.837890625,3900,7.0,0.0
2017-09-28 00:00:00+09:00,862.0493700891791,863.7008056640625,852.9664744273199,863.7008056640625,8700,0.0,0.0
2017-09-29 00:00:00+09:00,859.5721996905033,863.7007885458852,842.2321264978996,853.7921752929688,11100,0.0,0.0
2017-10-02 00:00:00+09:00,862.8751100393442,862.8751100393442,853.7922141441932,858.7465209960938,4600,0.0,0.0
2017-10-03 00:00:00+09:00,858.746543422965,890.9495388013263,858.746543422965,887.6466674804688,27500,0.0,0.0
2017-10-04 00:00:00+09:00,892.6008984103481,900.0323582491021,862.8750590553319,890.949462890625,17200,0.0,0.0
2017-10-05 00:00:00+09:00,895.9038038377638,900.0323927955416,884.3437547559862,890.123779296875,9500,0.0,0.0
2017-10-06 00:00:00+09:00,885.1696091958141,900.0325317382811,881.8667375197103,900.0325317382812,6600,0.0,0.0
2017-10-09 00:00:00+09:00,900.0325317382811,900.0325317382811,900.0325317382811,900.0325317382812,0,0.0,0.0
2017-10-10 00:00:00+09:00,904.161121333411,904.161121333411,893.4267883860737,900.0325317382812,5700,0.0,0.0
2017-10-11 00:00:00+09:00,902.5094478831572,902.5094478831572,886.82081155216,898.380859375,15500,0.0,0.0
2017-10-12 00:00:00+09:00,882.692143453431,900.0322136241718,882.692143453431,895.9036254882812,10300,0.0,0.0
2017-10-13 00:00:00+09:00,898.3810727719907,898.3810727719907,883.51815061216,891.7753295898438,12200,0.0,0.0
2017-10-16 00:00:00+09:00,893.4266161702096,893.4266161702096,884.3437208117325,890.949462890625,3900,0.0,0.0
2017-10-17 00:00:00+09:00,895.0782395407418,895.9039574738974,883.5181884765625,883.5181884765625,4700,0.0,0.0
2017-10-18 00:00:00+09:00,881.0409338565273,885.1695230498569,838.1036062459,865.352294921875,24200,0.0,0.0
2017-10-19 00:00:00+09:00,867.829367605693,875.2608274614983,862.0493432734002,862.8750610351562,9000,0.0,0.0
2017-10-20 00:00:00+09:00,863.7007764783712,870.3065185546875,852.1407278448174,870.3065185546875,10600,0.0,0.0
2017-10-23 00:00:00+09:00,875.2607421875,875.2607421875,869.4807184183372,875.2607421875,7300,0.0,0.0
2017-10-24 00:00:00+09:00,877.7379659501795,877.7379659501795,858.7464577499404,866.1779174804688,10600,0.0,0.0
2017-10-25 00:00:00+09:00,863.7007787969125,865.3522143204247,856.2693189411073,862.8750610351562,12900,0.0,0.0
2017-10-26 00:00:00+09:00,862.8750587188316,870.3065185546875,859.5721876806733,870.3065185546875,6100,0.0,0.0
2017-10-27 00:00:00+09:00,867.8292830557193,877.7378952314269,866.1778476931014,875.2607421875,10100,0.0,0.0
2017-10-30 00:00:00+09:00,885.9952467233638,886.8209645674676,881.0409396587411,884.3438110351562,5800,0.0,0.0
2017-10-31 00:00:00+09:00,885.9950938505285,898.380859375,876.9121991325828,898.380859375,11000,0.0,0.0
2017-11-01 00:00:00+09:00,898.381081081081,919.0240287162162,897.5553631756757,916.546875,32600,0.0,0.0
2017-11-02 00:00:00+09:00,923.1526182432432,933.061233108108,908.2896959459459,916.546875,22500,0.0,0.0
2017-11-03 00:00:00+09:00,916.5468749999999,916.5468749999999,916.5468749999999,916.546875,0,0.0,0.0
2017-11-06 00:00:00+09:00,924.80390625,924.80390625,892.6009130859375,908.28955078125,17300,0.0,0.0
2017-11-07 00:00:00+09:00,858.7464605340375,899.2066303091989,858.7464605340375,879.389404296875,39700,0.0,0.0
2017-11-08 00:00:00+09:00,876.9122045231135,883.5179461767716,858.7464149755538,876.0864868164062,20500,0.0,0.0
2017-11-09 00:00:00+09:00,890.1236604510614,890.1236604510614,862.8749769678656,875.2607421875,21700,0.0,0.0
2017-11-10 00:00:00+09:00,874.435229118615,923.9783015899246,865.352332498875,917.37255859375,27500,0.0,0.0
2017-11-13 00:00:00+09:00,909.1151840111153,909.1151840111153,875.2607584484851,892.600830078125,26900,0.0,0.0
2017-11-14 00:00:00+09:00,885.1693974916243,894.252292428572,876.0865025546767,893.4265747070312,6600,0.0,0.0
2017-11-15 00:00:00+09:00,893.4266504630972,899.206675003986,867.8293989248754,890.123779296875,15700,0.0,0.0
2017-11-16 00:00:00+09:00,894.252460627266,896.7296142578125,885.995281858778,896.7296142578125,4800,0.0,0.0
2017-11-17 00:00:00+09:00,892.601047487612,898.3810727719907,884.3438685099284,891.7753295898438,2400,0.0,0.0
2017-11-20 00:00:00+09:00,884.3437568622708,903.3352661132812,883.5180390687485,903.3352661132812,7300,0.0,0.0
2017-11-21 00:00:00+09:00,904.1610241961736,921.5010986328125,884.3437962685862,921.5010986328125,16000,0.0,0.0
2017-11-22 00:00:00+09:00,919.8497122173155,919.8497122173155,904.1610726014007,917.37255859375,5400,0.0,0.0
2017-11-23 00:00:00+09:00,917.37255859375,917.37255859375,917.37255859375,917.37255859375,0,0.0,0.0
2017-11-24 00:00:00+09:00,909.1150982748869,915.7208392251131,904.1607925622172,912.41796875,3000,0.0,0.0
2017-11-27 00:00:00+09:00,911.5925375950358,929.758330916676,911.5925375950358,923.152587890625,11900,0.0,0.0
2017-11-28 00:00:00+09:00,922.3266962700959,923.1524139928085,906.6380595385544,914.0695190429688,16800,0.0,0.0
2017-11-29 00:00:00+09:00,909.1152685546874,916.546728515625,907.4638330078125,908.28955078125,1500,0.0,0.0
2017-11-30 00:00:00+09:00,908.2894556528865,920.6752209572442,907.4637379659295,909.1151733398438,3700,0.0,0.0
2017-12-01 00:00:00+09:00,900.0322947782629,908.2894717945773,895.9037062701058,898.380859375,12400,0.0,0.0
2017-12-04 00:00:00+09:00,898.3809302688294,909.9409790039062,893.4266236680821,909.9409790039062,13300,0.0,0.0
2017-12-05 00:00:00+09:00,909.9411237953353,914.8954311844207,900.0325090171647,904.98681640625,9800,0.0,0.0
2017-12-06 00:00:00+09:00,908.2895361858866,911.5924072265625,891.7751809825069,911.5924072265625,12300,0.0,0.0
2017-12-07 00:00:00+09:00,908.2896959459459,919.8497466216215,903.3353885135134,916.546875,14300,0.0,0.0
2017-12-08 00:00:00+09:00,923.1523904239431,929.7581320369945,913.2437780043658,926.4552612304688,8900,0.0,0.0
2017-12-11 00:00:00+09:00,929.7583883602061,981.7786179043385,929.7583883602061,970.2185668945312,32100,0.0,0.0
2017-12-12 00:00:00+09:00,977.6499036076359,980.9527749036076,938.8411658799679,957.0069580078125,20900,0.0,0.0
2017-12-13 00:00:00+09:00,969.3926758651471,969.3926758651471,936.3639645920587,961.135498046875,8500,0.0,0.0
2017-12-14 00:00:00+09:00,965.2639842160053,966.0897019099455,956.181089582664,963.612548828125,6300,0.0,0.0
2017-12-15 00:00:00+09:00,973.5209148165546,978.4752197265625,971.8694798465519,978.4752197265625,16100,0.0,0.0
2017-12-18 00:00:00+09:00,998.2927833366854,1027.1929052695093,990.8613234111021,1026.3671875,28700,0.0,0.0
2017-12-19 00:00:00+09:00,1028.0185167266102,1028.0185167266102,990.0355032571932,1015.6327514648438,13700,0.0,0.0
2017-12-20 00:00:00+09:00,1020.5870937660093,1048.6614960217084,1007.3756103515625,1007.3756103515625,36900,0.0,0.0
2017-12-21 00:00:00+09:00,1012.3300602922909,1027.1929812427486,1012.3300602922909,1023.0643920898438,2000,0.0,0.0
2017-12-22 00:00:00+09:00,1023.8901113796077,1027.1929827066388,953.7040956801991,1002.4214477539062,27200,0.0,0.0
2017-12-25 00:00:00+09:00,1000.7699759565263,1000.7699759565263,967.7412638787532,990.03564453125,11000,0.0,0.0
2017-12-26 00:00:00+09:00,987.5583270347281,987.5583270347281,960.3096440981511,964.438232421875,8800,0.0,0.0
2017-12-27 00:00:00+09:00,966.0898019286909,1012.3299975765599,958.6583419138549,1009.8528442382812,6400,0.0,0.0
2017-12-28 00:00:00+09:00,1010.6784904233871,1010.6784904233871,993.3384182837701,998.292724609375,11700,0.0,0.0
2017-12-29 00:00:00+09:00,998.2927390957274,999.1184568286436,984.2555376361514,994.9898681640625,4100,0.0,0.0
2018-01-01 00:00:00+09:00,994.9898681640625,994.9898681640625,994.9898681640625,994.9898681640625,0,0.0,0.0
2018-01-02 00:00:00+09:00,994.9898681640625,994.9898681640625,994.9898681640625,994.9898681640625,0,0.0,0.0
2018-01-03 00:00:00+09:00,994.9898681640625,994.9898681640625,994.9898681640625,994.9898681640625,0,0.0,0.0
2018-01-04 00:00:00+09:00,1013.9814331354124,1013.9814331354124,1001.5956664440189,1009.8528442382812,11300,0.0,0.0
2018-01-05 00:00:00+09:00,1027.19287109375,1029.6700243198602,1023.0642823835661,1027.19287109375,9100,0.0,0.0
2018-01-08 00:00:00+09:00,1027.19287109375,1027.19287109375,1027.19287109375,1027.19287109375,0,0.0,0.0
2018-01-09 00:00:00+09:00,1033.798741145236,1084.1675296515134,1028.8444340790447,1080.0389404296875,32900,0.0,0.0
2018-01-10 00:00:00+09:00,1066.827279560646,1075.0844566470287,1057.744384765625,1057.744384765625,17400,0.0,0.0
2018-01-11 00:00:00+09:00,1070.95620546875,1070.95620546875,1032.1474609375,1032.1474609375,5900,0.0,0.0
2018-01-12 00:00:00+09:00,1073.4332737778172,1089.9476318359375,1073.4332737778172,1089.9476318359375,35800,0.0,0.0
2018-01-15 00:00:00+09:00,1107.287614031536,1151.0506591796875,1100.681871367664,1151.0506591796875,30700,0.0,0.0
2018-01-16 00:00:00+09:00,1151.050492382671,1151.050492382671,1131.23326726274,1140.316162109375,15500,0.0,0.0
2018-01-17 00:00:00+09:00,1139.490675982307,1140.3163938634536,1122.976318359375,1122.976318359375,10400,0.0,0.0
2018-01-18 00:00:00+09:00,1143.6193553732246,1143.6193553732246,1094.9019965522714,1097.379150390625,9800,0.0,0.0
2018-01-19 00:00:00+09:00,1097.3789895678324,1099.8561430431546,1087.4703756665426,1092.4246826171875,6700,0.0,0.0
2018-01-22 00:00:00+09:00,1091.5991247678,1099.8563042289786,1077.5619196837965,1097.379150390625,10400,0.0,0.0
2018-01-23 00:00:00+09:00,1091.5990415423105,1107.2876813224193,1089.9476057759832,1102.3333740234375,10400,0.0,0.0
2018-01-24 00:00:00+09:00,1150.2248091103374,1154.3533978006114,1134.5361720872963,1139.490478515625,17400,0.0,0.0
2018-01-25 00:00:00+09:00,1132.059413809818,1134.5365678881765,1120.4993614441453,1132.8851318359375,7900,0.0,0.0
2018-01-26 00:00:00+09:00,1133.7104543492414,1143.619067205899,1116.3703818500906,1139.490478515625,9900,0.0,0.0
2018-01-29 00:00:00+09:00,1122.9763486963757,1137.0135530550806,1116.37060546875,1116.37060546875,13300,0.0,0.0
2018-01-30 00:00:00+09:00,1120.4990623065503,1136.1877006144534,1108.1132952213636,1125.453369140625,11000,0.0,0.0
2018-01-31 00:00:00+09:00,1114.718791533573,1187.381942389095,1114.718791533573,1155.178955078125,49500,0.0,0.0
2018-02-01 00:00:00+09:00,1148.5733301447726,1156.004789505882,1133.7104114225542,1149.3990478515625,14500,0.0,0.0
2018-02-02 00:00:00+09:00,1154.353237454767,1168.3904370518562,1146.0960612211848,1155.178955078125,10800,0.0,0.0
2018-02-05 00:00:00+09:00,1112.2417477012214,1131.2332549002772,1069.3044270772693,1108.1131591796875,19100,0.0,0.0
2018-02-06 00:00:00+09:00,1017.2844654910347,1036.2759774279614,927.2812132682077,1001.5958251953125,29400,0.0,0.0
2018-02-07 00:00:00+09:00,1024.7158277510057,1059.3959766354071,1020.5872385981008,1023.0643920898438,12100,0.0,0.0
2018-02-08 00:00:00+09:00,1033.7987694277838,1033.7987694277838,978.4756723417921,1013.1558227539062,6100,0.0,0.0
2018-02-09 00:00:00+09:00,949.575497591876,957.0069580078125,942.1440371759396,957.0069580078125,13300,0.0,0.0
2018-02-12 00:00:00+09:00,957.0069580078125,957.0069580078125,957.0069580078125,957.0069580078125,0,0.0,0.0
2018-02-13 00:00:00+09:00,990.8613950467957,1010.6786229477316,968.5670136582428,975.9984741210938,17000,0.0,0.0
2018-02-14 00:00:00+09:00,926.4553878959879,961.9612539205222,870.3065765083522,932.2354125976562,28200,0.0,0.0
2018-02-15 00:00:00+09:00,932.2353307595207,1050.3129678707796,932.2353307595207,1027.19287109375,15300,0.0,0.0
2018-02-16 00:00:00+09:00,1044.5328111382596,1045.358528775523,990.8611647161355,1036.275634765625,11000,0.0,0.0
2018-02-19 00:00:00+09:00,1038.7527876774154,1038.7527876774154,1015.632693834039,1036.275634765625,9800,0.0,0.0
2018-02-20 00:00:00+09:00,1034.624269583975,1056.092929607266,1022.2385041859228,1055.2672119140625,7300,0.0,0.0
2018-02-21 00:00:00+09:00,1056.093017578125,1067.6530662459074,1023.890024860731,1056.093017578125,7500,0.0,0.0
2018-02-22 00:00:00+09:00,1061.0474020487388,1084.1675010817075,1048.6616347096485,1066.001708984375,7200,0.0,0.0
2018-02-23 00:00:00+09:00,1090.7731336046766,1098.2045932583042,1056.9187062937062,1062.69873046875,6400,0.0,0.0
2018-02-26 00:00:00+09:00,1070.13037109375,1087.4704465512875,1059.3960386676554,1070.13037109375,2500,0.0,0.0
2018-02-27 00:00:00+09:00,1073.4330372143818,1084.1673675865254,1066.0015777259744,1075.08447265625,4000,0.0,0.0
2018-02-28 00:00:00+09:00,1057.7443938968688,1059.3958293284018,1046.184345876138,1048.6614990234375,900,0.0,0.0
2018-03-01 00:00:00+09:00,1048.6614990234375,1048.6614990234375,1048.6614990234375,1048.6614990234375,0,0.0,0.0
2018-03-02 00:00:00+09:00,1065.175805029931,1065.175805029931,999.9441084428267,1017.2841796875,2900,0.0,0.0
2018-03-05 00:00:00+09:00,1009.8528150842018,1016.4585571289062,989.2098711945002,1016.4585571289062,4300,0.0,0.0
2018-03-06 00:00:00+09:00,1046.18466640625,1046.18466640625,991.68728046875,1032.1474609375,4000,0.0,0.0
2018-03-07 00:00:00+09:00,1056.9188775510204,1056.9188775510204,1011.50439453125,1011.50439453125,2200,0.0,0.0
2018-03-08 00:00:00+09:00,1055.2676131877492,1055.2676131877492,1003.2473787348321,1009.0274047851562,3000,0.0,0.0
2018-03-09 00:00:00+09:00,1011.5042676488334,1026.3671875,1009.0271143403057,1026.3671875,3100,0.0,0.0
2018-03-12 00:00:00+09:00,1015.632796748992,1015.632796748992,993.3384182837701,998.292724609375,5600,0.0,0.0
2018-03-13 00:00:00+09:00,1018.9357180070649,1035.4500732421875,994.164185154381,1035.4500732421875,5500,0.0,0.0
2018-03-14 00:00:00+09:00,1035.450216293335,1046.184548679151,1004.0729370117188,1004.0729370117188,2100,0.0,0.0
2018-03-15 00:00:00+09:00,1023.8903289145611,1023.8903289145611,994.9901986629404,1009.0274047851562,3300,0.0,0.0
2018-03-16 00:00:00+09:00,1009.0270052161023,1047.010018505743,999.1183930535874,1037.9271240234375,2300,0.0,0.0
2018-03-19 00:00:00+09:00,1056.9188846313173,1056.9188846313173,996.6414794921875,996.6414794921875,3200,0.0,0.0
2018-03-20 00:00:00+09:00,993.3383933581417,1046.184326171875,967.7411446514898,1046.184326171875,3100,0.0,0.0
2018-03-21 00:00:00+09:00,1046.184326171875,1046.184326171875,1046.184326171875,1046.184326171875,0,0.0,0.0
2018-03-22 00:00:00+09:00,1024.7157519609814,1028.0186230390184,1011.5042676488334,1026.3671875,5600,0.0,0.0
2018-03-23 00:00:00+09:00,999.1185186476935,999.1185186476935,951.2268871753247,953.7040405273438,2900,0.0,0.0
2018-03-26 00:00:00+09:00,924.8039432948772,975.1727294921875,908.2895871646115,975.1727294921875,8000,0.0,0.0
2018-03-27 00:00:00+09:00,976.8241404657779,1003.2471096077094,976.8241404657779,987.5584716796875,1500,0.0,0.0
2018-03-28 00:00:00+09:00,962.5147638353251,987.5585131111792,962.5147638353251,985.0541381835938,2200,13.0,0.0
2018-03-29 00:00:00+09:00,990.8974963285086,992.5670793046307,969.1929176389203,977.5408325195312,1200,0.0,0.0
2018-03-30 00:00:00+09:00,979.2105634135585,992.5672292401714,979.2105634135585,983.384521484375,800,0.0,0.0
2018-04-02 00:00:00+09:00,1033.4720992619812,1057.681057968441,1026.7937658257163,1056.011474609375,13400,0.0,0.0
2018-04-03 00:00:00+09:00,1038.4810975011396,1061.0204782346852,1010.0981736144525,1030.1331787109375,13200,0.0,0.0
2018-04-04 00:00:00+09:00,1059.3507005645008,1060.185492290714,1022.6198646111217,1026.7938232421875,9700,0.0,0.0
2018-04-05 00:00:00+09:00,1051.8375750285823,1051.8375750285823,1018.4459059800558,1026.7938232421875,4600,0.0,0.0
2018-04-06 00:00:00+09:00,1026.79375,1026.79375,1001.75,1001.75,5100,0.0,0.0
2018-04-09 00:00:00+09:00,1001.7500164128152,1001.7500164128152,986.7237661666229,993.402099609375,5600,0.0,0.0
2018-04-10 00:00:00+09:00,1018.4456924300786,1018.4456924300786,1010.0977769183565,1017.6109008789062,5900,0.0,0.0
2018-04-11 00:00:00+09:00,1018.4458644876394,1018.4458644876394,1002.5848223357827,1010.9327392578125,4700,0.0,0.0
2018-04-12 00:00:00+09:00,1005.9238991572939,1009.2630656275256,968.3582763671875,968.3582763671875,9500,0.0,0.0
2018-04-13 00:00:00+09:00,959.1755843452785,976.7062086022419,951.6624596637229,960.0103759765625,13700,0.0,0.0
2018-04-16 00:00:00+09:00,960.0103759765625,960.0103759765625,960.0103759765625,960.0103759765625,0,0.0,0.0
2018-04-17 00:00:00+09:00,955.8365596700411,1001.7501062044098,941.6450998321452,944.1494750976562,5500,0.0,0.0
2018-04-18 00:00:00+09:00,940.8100849002143,980.0452880859375,940.8100849002143,980.0452880859375,11600,0.0,0.0
2018-04-19 00:00:00+09:00,970.8625838863808,970.8625838863808,960.8450851704422,965.01904296875,7300,0.0,0.0
2018-04-20 00:00:00+09:00,967.5235590871846,967.5235590871846,943.3146003179626,949.1581420898438,7200,0.0,0.0
2018-04-23 00:00:00+09:00,951.6623719533285,968.3582030402289,951.6623719533285,961.6798706054688,2500,0.0,0.0
2018-04-24 00:00:00+09:00,963.3495286664788,964.1843202857739,951.6624459963482,960.8451538085938,11800,0.0,0.0
2018-04-25 00:00:00+09:00,959.1755945447466,960.0103861849074,948.3233032226562,948.3233032226562,2000,0.0,0.0
2018-04-26 00:00:00+09:00,949.9927295007313,954.1666870117188,948.3231464963364,954.1666870117188,10600,0.0,0.0
2018-04-27 00:00:00+09:00,979.2104855655284,979.2104855655284,951.6623644882374,965.8538208007812,8400,0.0,0.0
2018-04-30 00:00:00+09:00,965.8538208007812,965.8538208007812,965.8538208007812,965.8538208007812,0,0.0,0.0
2018-05-01 00:00:00+09:00,990.8974609375,990.8974609375,985.053920729781,990.8974609375,16000,0.0,0.0
2018-05-02 00:00:00+09:00,995.0715439539131,1043.489454649657,995.0715439539131,1042.6546630859375,6900,0.0,0.0
2018-05-03 00:00:00+09:00,1042.6546630859375,1042.6546630859375,1042.6546630859375,1042.6546630859375,0,0.0,0.0
2018-05-04 00:00:00+09:00,1042.6546630859375,1042.6546630859375,1042.6546630859375,1042.6546630859375,0,0.0,0.0
2018-05-07 00:00:00+09:00,1042.654860080817,1042.654860080817,1018.4459001590044,1041.820068359375,4400,0.0,0.0
2018-05-08 00:00:00+09:00,1040.150424650898,1060.1854248046875,1036.8112579585998,1060.1854248046875,8100,0.0,0.0
2018-05-09 00:00:00+09:00,1079.3854904292361,1084.3942398047777,1060.1852844896596,1083.5594482421875,18400,0.0,0.0
2018-05-10 00:00:00+09:00,1333.9970034588932,1333.9970034588932,1283.0747148412509,1304.779296875,254100,0.0,0.0
2018-05-11 00:00:00+09:00,1303.9444806134259,1303.9444806134259,1211.282612912984,1239.66552734375,77000,0.0,0.0
2018-05-14 00:00:00+09:00,1253.0223471901634,1260.5354725230823,1212.1175537109375,1212.1175537109375,25100,0.0,0.0
2018-05-15 00:00:00+09:00,1213.7870108883396,1248.0134671788637,1213.7870108883396,1227.1436767578125,13100,0.0,0.0
2018-05-16 00:00:00+09:00,1227.1439016767317,1227.1439016767317,1217.1264004385544,1224.6395263671875,13100,0.0,0.0
2018-05-17 00:00:00+09:00,1232.1524840904387,1277.2312335083816,1227.1437341551118,1260.535400390625,26700,0.0,0.0
2018-05-18 00:00:00+09:00,1258.8658170788492,1277.2312335083816,1243.8395672728684,1260.535400390625,34000,0.0,0.0
2018-05-21 00:00:00+09:00,1280.5702591282763,1313.961921687032,1279.7354675643076,1309.7879638671875,25500,0.0,0.0
2018-05-22 00:00:00+09:00,1316.4663715751803,1318.9707464101364,1303.1097057887487,1308.9532470703125,19800,0.0,0.0
2018-05-23 00:00:00+09:00,1308.118463421615,1308.118463421615,1263.8745077347319,1278.9007568359375,17500,0.0,0.0
2018-05-24 00:00:00+09:00,1278.9007570020194,1278.9007570020194,1221.300135439918,1227.1436767578125,20100,0.0,0.0
2018-05-25 00:00:00+09:00,1202.934764785548,1208.7783063216332,1160.360390736927,1165.369140625,61100,0.0,0.0
2018-05-28 00:00:00+09:00,1177.8909675844254,1258.865754158266,1177.8909675844254,1216.2913818359375,18100,0.0,0.0
2018-05-29 00:00:00+09:00,1222.9694583578348,1222.9694583578348,1160.360100421427,1164.5340576171875,30000,0.0,0.0
2018-05-30 00:00:00+09:00,1152.0124917118312,1152.0124917118312,1118.6208252854015,1131.1427001953125,22500,0.0,0.0
2018-05-31 00:00:00+09:00,1162.0299113100534,1172.8822021484375,1143.6644960450956,1172.8822021484375,12700,0.0,0.0
2018-06-01 00:00:00+09:00,1159.5256266217662,1173.7170849749484,1152.0125016112581,1163.6995849609375,5600,0.0,0.0
2018-06-04 00:00:00+09:00,1172.88235727768,1206.2740258122758,1172.0475655643152,1192.9173583984375,16100,0.0,0.0
2018-06-05 00:00:00+09:00,1197.9258689688677,1197.9258689688677,1156.1862916528794,1162.8646240234375,14000,0.0,0.0
2018-06-06 00:00:00+09:00,1179.56071115983,1179.56071115983,1139.4907082329566,1158.69091796875,12400,0.0,0.0
2018-06-07 00:00:00+09:00,1168.7082079335626,1168.7082079335626,1127.803420655888,1152.84716796875,9600,0.0,0.0
2018-06-08 00:00:00+09:00,1141.9949951171875,1151.1777034112586,1138.655828464798,1141.9949951171875,4800,0.0,0.0
2018-06-11 00:00:00+09:00,1152.0123339212805,1167.0385817550364,1144.4992100044026,1162.8646240234375,3400,0.0,0.0
2018-06-12 00:00:00+09:00,1145.3341917573737,1152.0125252370085,1104.4293991946104,1114.4468994140625,59400,0.0,0.0
2018-06-13 00:00:00+09:00,1120.2903972079157,1131.1426886860847,1118.620813903582,1124.46435546875,7200,0.0,0.0
2018-06-14 00:00:00+09:00,1128.6382188080854,1143.664467283341,1121.9598861524164,1122.794677734375,67100,0.0,0.0
2018-06-15 00:00:00+09:00,1141.99462890625,1141.99462890625,1121.1248440212673,1126.9683837890625,25400,0.0,0.0
2018-06-18 00:00:00+09:00,1118.6208252854015,1150.3429083905098,1110.2729086787938,1131.1427001953125,30500,0.0,0.0
2018-06-19 00:00:00+09:00,1123.6294401684793,1126.1338148493896,1090.2377777563402,1098.585693359375,55500,0.0,0.0
2018-06-20 00:00:00+09:00,1096.0814875412277,1106.0989878081696,1072.7073202516965,1099.420654296875,35400,0.0,0.0
2018-06-21 00:00:00+09:00,1101.9250542695952,1135.316722580795,1096.9163040229153,1123.629638671875,20500,0.0,0.0
2018-06-22 00:00:00+09:00,1106.933504639585,1120.2901683456432,1106.0987131579564,1116.1162109375,16100,0.0,0.0
2018-06-25 00:00:00+09:00,1104.429591163429,1116.9514686142616,1076.8814607715974,1081.055419921875,19600,0.0,0.0
2018-06-26 00:00:00+09:00,1068.5333091085272,1081.8899754723839,1047.6635179150012,1076.8812255859375,9900,0.0,0.0
2018-06-27 00:00:00+09:00,1078.5508088814197,1078.5508088814197,1053.5070594491885,1076.8812255859375,1800,0.0,0.0
2018-06-28 00:00:00+09:00,1078.5509041028145,1078.5509041028145,1041.820068359375,1041.820068359375,38400,0.0,0.0
2018-06-29 00:00:00+09:00,1031.802467021004,1035.1416335809427,1002.5847596215419,1018.44580078125,42000,0.0,0.0
2018-07-02 00:00:00+09:00,1019.2806390884818,1068.5333481025855,999.2456388115585,1000.9152221679688,33700,0.0,0.0
2018-07-03 00:00:00+09:00,1013.4371763956055,1022.6198855721719,977.541131432664,992.5673828125,21300,0.0,0.0
2018-07-04 00:00:00+09:00,988.3932850334537,997.575992918055,977.5409938971067,982.5497436523438,17500,0.0,0.0
2018-07-05 00:00:00+09:00,976.706217520969,976.706217520969,911.5924696862377,929.9578857421875,77600,0.0,0.0
2018-07-06 00:00:00+09:00,918.2708292269925,926.6187458563288,864.8441627992403,909.9229125976562,86400,0.0,0.0
2018-07-09 00:00:00+09:00,918.2708027974921,935.8014272145352,912.4272613251445,929.9578857421875,39800,0.0,0.0
2018-07-10 00:00:00+09:00,936.6361930867844,943.3145260143194,915.7664026882375,924.1143188476562,29400,0.0,0.0
2018-07-11 00:00:00+09:00,918.2707775360631,931.6274433911332,899.0705703694,924.1143188476562,23700,0.0,0.0
2018-07-12 00:00:00+09:00,919.1054624628782,929.9577522103963,914.0967133486391,915.7662963867188,51100,0.0,0.0
2018-07-13 00:00:00+09:00,918.2706291123055,934.131667251518,901.5747994920818,925.7837524414062,49500,0.0,0.0
2018-07-16 00:00:00+09:00,925.7837524414062,925.7837524414062,925.7837524414062,925.7837524414062,0,0.0,0.0
2018-07-17 00:00:00+09:00,924.1141750723283,949.9927111402977,919.105426155947,936.6360473632812,28200,0.0,0.0
2018-07-18 00:00:00+09:00,937.4710140956008,955.0016385800244,937.4710140956008,940.8101806640625,31900,0.0,0.0
2018-07-19 00:00:00+09:00,939.1402853020716,940.8098680314974,913.26175299597,922.4444580078125,43800,0.0,0.0
2018-07-20 00:00:00+09:00,921.6098784563528,923.2794615694984,908.2532135511883,913.261962890625,13700,0.0,0.0
2018-07-23 00:00:00+09:00,914.0968547474255,924.1143545254795,910.7576881547408,918.2708129882812,10100,0.0,0.0
2018-07-24 00:00:00+09:00,919.9403416032833,949.992839151122,919.1055500047322,947.4884643554688,54200,0.0,0.0
2018-07-25 00:00:00+09:00,958.3406968706109,980.8800686611218,958.3406968706109,965.8538208007812,24800,0.0,0.0
2018-07-26 00:00:00+09:00,964.1843045651143,976.7061786503755,949.9928472684849,969.1930541992188,32800,0.0,0.0
2018-07-27 00:00:00+09:00,972.5323809727187,992.5673828125,970.028005742746,992.5673828125,27400,0.0,0.0
2018-07-30 00:00:00+09:00,1002.5846618905601,1008.4282028008298,986.7236222769709,1005.923828125,41300,0.0,0.0
2018-07-31 00:00:00+09:00,996.7411533277862,1000.9151112562945,962.514698314018,981.7149047851562,36400,0.0,0.0
2018-08-01 00:00:00+09:00,993.4019791928516,1000.9151034052346,980.8801055055468,985.8888549804688,25400,0.0,0.0
2018-08-02 00:00:00+09:00,991.7324225494216,993.4020057523668,906.5836791992188,906.5836791992188,91700,0.0,0.0
2018-08-03 00:00:00+09:00,956.6711683049992,1001.7499144554965,944.9840859696851,962.5147094726562,97200,0.0,0.0
2018-08-06 00:00:00+09:00,984.2192718221614,994.2367707720053,968.358231818242,985.8888549804688,33900,0.0,0.0
2018-08-07 00:00:00+09:00,999.2456388115585,1034.3068892961744,985.8889719602761,1000.9152221679688,163100,0.0,0.0
2018-08-08 00:00:00+09:00,1043.4895652998464,1068.5333148670427,1035.1416487774477,1035.9764404296875,190000,0.0,0.0
2018-08-09 00:00:00+09:00,910.7575882209067,970.0277887375743,893.2269655328782,913.261962890625,258000,0.0,0.0
2018-08-10 00:00:00+09:00,906.5837054248,929.1230793165768,851.48745813379,860.670166015625,147500,0.0,0.0
2018-08-13 00:00:00+09:00,859.8352877103365,859.8352877103365,793.8867559344952,813.9217529296875,125100,0.0,0.0
2018-08-14 00:00:00+09:00,826.4437783399419,832.2873202069919,816.4262779964274,830.6177368164062,26600,0.0,0.0
2018-08-15 00:00:00+09:00,830.6176086487371,842.3046905794731,814.7565688855954,827.2784423828125,29000,0.0,0.0
2018-08-16 00:00:00+09:00,809.7479017725531,813.9218600291126,787.2085271871315,796.3912353515625,51500,0.0,0.0
2018-08-17 00:00:00+09:00,798.06082772472,815.5914526015182,798.06082772472,810.5827026367188,22900,0.0,0.0
2018-08-20 00:00:00+09:00,803.0695509212032,808.0783007190486,786.3737182617188,786.3737182617188,28600,0.0,0.0
2018-08-21 00:00:00+09:00,784.7042014382101,784.7042014382101,766.3387839577414,771.3475341796875,40500,0.0,0.0
2018-08-22 00:00:00+09:00,775.5213787520559,797.2259598581414,769.6778376850328,793.052001953125,20300,0.0,0.0
2018-08-23 00:00:00+09:00,798.8954917407426,815.5913222891385,798.8954917407426,814.7565307617188,23200,0.0,0.0
2018-08-24 00:00:00+09:00,818.0958261699258,838.1308259944954,815.5914511918546,836.4612426757812,36100,0.0,0.0
2018-08-27 00:00:00+09:00,846.4786152742347,859.00048828125,845.6438237404337,859.00048828125,28800,0.0,0.0
2018-08-28 00:00:00+09:00,874.8616422268713,874.8616422268713,836.4612266329437,844.8091430664062,55300,0.0,0.0
2018-08-29 00:00:00+09:00,852.3221757282582,863.1744659187257,848.1482179626937,861.5048828125,18000,0.0,0.0
2018-08-30 00:00:00+09:00,869.8529579723689,880.7052501543659,868.183374559754,874.0269165039062,22500,0.0,0.0
2018-08-31 00:00:00+09:00,868.1832707624027,868.1832707624027,856.4961882713704,858.165771484375,22400,0.0,0.0
2018-09-03 00:00:00+09:00,854.8266108891108,854.8266108891108,826.4436960744333,835.6264038085938,22200,0.0,0.0
2018-09-04 00:00:00+09:00,836.4611954207901,840.6351534817721,832.2872373598082,835.6264038085938,7500,0.0,0.0
2018-09-05 00:00:00+09:00,848.9830696037361,848.9830696037361,828.1132792988261,835.6264038085938,18300,0.0,0.0
2018-09-06 00:00:00+09:00,827.2785334373007,827.2785334373007,808.0783252949617,818.0958251953125,31600,0.0,0.0
2018-09-07 00:00:00+09:00,813.9217392342989,817.2609053439782,797.225908685903,814.7565307617188,16600,0.0,0.0
2018-09-10 00:00:00+09:00,807.2434710221897,818.0957617391375,795.5563887116307,799.7303466796875,20000,0.0,0.0
2018-09-11 00:00:00+09:00,801.3998775158898,803.0694605940479,781.3648805779926,788.043212890625,38700,0.0,0.0
2018-09-12 00:00:00+09:00,782.1996871654176,793.8867689373662,774.686563169165,779.6953125,21200,0.0,0.0
2018-09-13 00:00:00+09:00,772.1821885037474,795.5563520476446,772.1821885037474,779.6953125,26100,0.0,0.0
2018-09-14 00:00:00+09:00,792.2173833622537,816.426344497665,783.0346739660631,815.591552734375,22800,0.0,0.0
2018-09-17 00:00:00+09:00,815.591552734375,815.591552734375,815.591552734375,815.591552734375,0,0.0,0.0
2018-09-18 00:00:00+09:00,818.0959130859375,840.6352902832031,810.5827873535155,834.791748046875,24900,0.0,0.0
2018-09-19 00:00:00+09:00,844.8091350844242,848.9830932617188,838.9655936362117,848.9830932617188,19700,0.0,0.0
2018-09-20 00:00:00+09:00,853.1570734614552,854.8266567754698,839.8004069493385,843.974365234375,22300,0.0,0.0
2018-09-21 00:00:00+09:00,851.4876116949267,865.6790718898421,851.4876116949267,862.3399047851562,18300,0.0,0.0
2018-09-24 00:00:00+09:00,862.3399047851562,862.3399047851562,862.3399047851562,862.3399047851562,0,0.0,0.0
2018-09-25 00:00:00+09:00,863.1745446449952,884.8791270055076,859.8353781279933,871.5224609375,28800,0.0,0.0
2018-09-26 00:00:00+09:00,870.6811882639615,884.98223193593,870.6811882639615,879.0935668945312,14100,8.0,0.0
2018-09-27 00:00:00+09:00,887.5059809739986,887.5059809739986,860.5863682809484,871.5224609375,29100,0.0,0.0
2018-09-28 00:00:00+09:00,879.0935447263763,884.9822096192803,871.5224041497855,882.45849609375,13400,0.0,0.0
2018-10-01 00:00:00+09:00,887.5059562289099,901.8070000733568,884.1410047360989,895.9183349609375,24900,0.0,0.0
2018-10-02 00:00:00+09:00,903.4895941218106,916.9494018554688,900.1246421883959,916.9494018554688,31000,0.0,0.0
2018-10-03 00:00:00+09:00,911.0606818544179,916.9493473881029,906.0132542541164,906.8544921875,17500,0.0,0.0
2018-10-04 00:00:00+09:00,916.1079906599987,921.9966554300813,909.3780880656185,917.7904663085938,15200,0.0,0.0
2018-10-05 00:00:00+09:00,916.9491820158783,916.9491820158783,903.4893775092231,908.5368041992188,28300,0.0,0.0
2018-10-08 00:00:00+09:00,908.5368041992188,908.5368041992188,908.5368041992188,908.5368041992188,0,0.0,0.0
2018-10-09 00:00:00+09:00,901.8068964806262,901.8068964806262,870.6810987476196,876.5697631835938,19000,0.0,0.0
2018-10-10 00:00:00+09:00,879.0935271586978,899.2832349594718,877.4110515086334,896.759521484375,25000,0.0,0.0
2018-10-11 00:00:00+09:00,846.2852880180534,855.5389044874356,837.031671548671,847.1265258789062,44300,0.0,0.0
2018-10-12 00:00:00+09:00,853.856407980317,868.157451266687,847.1265052573195,866.4749755859375,9700,0.0,0.0
2018-10-15 00:00:00+09:00,866.4749515326739,866.4749515326739,842.9202926560575,853.8563842773438,15300,0.0,0.0
2018-10-16 00:00:00+09:00,862.2687624475639,862.2687624475639,846.2852439241456,853.8563842773438,11500,0.0,0.0
2018-10-17 00:00:00+09:00,866.4749755859375,874.0461161493098,855.5388836610665,866.4749755859375,18400,0.0,0.0
2018-10-18 00:00:00+09:00,873.2048560609209,874.046093879862,860.5862887768035,869.8399047851562,5100,0.0,0.0
2018-10-19 00:00:00+09:00,861.4276507782101,874.8874578216197,860.586412837997,864.7926025390625,10700,0.0,0.0
2018-10-22 00:00:00+09:00,864.7924999051882,876.5698296704339,862.268786384064,866.4749755859375,59400,0.0,0.0
2018-10-23 00:00:00+09:00,872.3636088901096,872.3636088901096,847.9677124023438,847.9677124023438,10100,0.0,0.0
2018-10-24 00:00:00+09:00,849.6501951922336,865.6337137156519,846.2852439241456,853.8563842773438,16900,0.0,0.0
2018-10-25 00:00:00+09:00,824.4131832797427,824.4131832797427,783.1925241157556,784.875,36800,0.0,0.0
2018-10-26 00:00:00+09:00,805.9059619245859,808.4296757928256,758.796636384109,780.6688232421875,28800,0.0,0.0
2018-10-29 00:00:00+09:00,775.6212777400361,778.986229053442,752.907856374547,754.59033203125,25500,0.0,0.0
2018-10-30 00:00:00+09:00,733.5594461099549,770.5739135742188,730.1944945222947,770.5739135742188,27200,0.0,0.0
2018-10-31 00:00:00+09:00,795.8109822631959,839.5553491529275,770.5738475191199,838.714111328125,20500,0.0,0.0
2018-11-01 00:00:00+09:00,838.7141885785915,845.444091796875,828.6193337511661,845.444091796875,9500,0.0,0.0
2018-11-02 00:00:00+09:00,848.8090140615831,895.9183349609375,842.079111075961,895.9183349609375,32700,0.0,0.0
2018-11-05 00:00:00+09:00,887.5060880673763,887.5060880673763,858.9039961296598,880.7761840820312,11500,0.0,0.0
2018-11-06 00:00:00+09:00,867.3162149405684,885.8234474611237,867.3162149405684,882.45849609375,6300,0.0,0.0
2018-11-07 00:00:00+09:00,881.6172582519066,883.2997339355934,874.8873555171592,882.45849609375,11400,0.0,0.0
2018-11-08 00:00:00+09:00,883.2996657996281,897.6007080078125,883.2996657996281,897.6007080078125,14800,0.0,0.0
2018-11-09 00:00:00+09:00,905.1718800480205,905.1718800480205,884.9821726863546,895.0770263671875,41300,0.0,0.0
2018-11-12 00:00:00+09:00,939.6626810728668,939.6626810728668,899.2832641601562,899.2832641601562,80900,0.0,0.0
2018-11-13 00:00:00+09:00,872.363574300755,881.6171898430002,834.5078743552064,876.5697631835938,31100,0.0,0.0
2018-11-14 00:00:00+09:00,901.8069191052505,901.8069191052505,862.2687426146284,873.204833984375,17100,0.0,0.0
2018-11-15 00:00:00+09:00,871.5225661021818,900.1246580398982,866.475138113173,880.7761840820312,10600,0.0,0.0
2018-11-16 00:00:00+09:00,879.093520793509,879.093520793509,860.5862887768035,869.8399047851562,11600,0.0,0.0
2018-11-19 00:00:00+09:00,865.6337156904505,878.2522829745678,859.7450509578623,869.8399047851562,7700,0.0,0.0
2018-11-20 00:00:00+09:00,861.4276123046875,866.4750397205353,853.0152332782745,861.4276123046875,7800,0.0,0.0
2018-11-21 00:00:00+09:00,842.9202926560575,857.2213355454318,837.0316279369034,853.8563842773438,17400,0.0,0.0
2018-11-22 00:00:00+09:00,847.1265676014459,849.6502813083023,831.1430474580225,845.444091796875,13900,0.0,0.0
2018-11-23 00:00:00+09:00,845.444091796875,845.444091796875,845.444091796875,845.444091796875,0,0.0,0.0
2018-11-26 00:00:00+09:00,841.2378442896021,847.1265091996294,832.8254658467062,840.3966064453125,8800,0.0,0.0
2018-11-27 00:00:00+09:00,847.1265741280416,853.0152394894084,841.2379087666749,851.332763671875,32600,0.0,0.0
2018-11-28 00:00:00+09:00,849.6501951922336,858.0625733624538,845.4440061071235,853.8563842773438,13400,0.0,0.0
2018-11-29 00:00:00+09:00,860.5863424596442,870.6811969166489,860.5863424596442,863.9512939453125,23700,0.0,0.0
2018-11-30 00:00:00+09:00,868.9987016482469,868.9987016482469,858.0626095655488,862.268798828125,24900,0.0,0.0
2018-12-03 00:00:00+09:00,868.9987537826581,881.6173223274209,868.9987537826581,877.4111328125,51200,0.0,0.0
2018-12-04 00:00:00+09:00,877.4110773421397,879.9347908915419,867.3162231445312,867.3162231445312,33700,0.0,0.0
2018-12-05 00:00:00+09:00,858.0625610351562,858.0625610351562,843.761518351237,858.0625610351562,24100,0.0,0.0
2018-12-06 00:00:00+09:00,848.8089918739516,852.1739432788038,832.8254727009039,846.2852783203125,20300,0.0,0.0
2018-12-07 00:00:00+09:00,849.650355834961,854.6977836914062,841.2379760742188,841.2379760742188,7800,0.0,0.0
2018-12-10 00:00:00+09:00,832.8254482184695,832.8254482184695,796.6522216796875,796.6522216796875,22200,0.0,0.0
2018-12-11 00:00:00+09:00,809.2709904695681,811.7947045770616,782.3513733229712,803.38232421875,45600,0.0,0.0
2018-12-12 00:00:00+09:00,816.0008640466094,831.9843861258729,807.5884840048918,816.8421020507812,75600,0.0,0.0
2018-12-13 00:00:00+09:00,816.842040645715,834.5080374053031,816.842040645715,832.8255615234375,94900,0.0,0.0
2018-12-14 00:00:00+09:00,832.8254907991816,834.5079665381699,819.3656848872756,831.9842529296875,57800,0.0,0.0
2018-12-17 00:00:00+09:00,826.9368638306917,832.8255291885908,816.0007710231647,819.36572265625,9400,0.0,0.0
2018-12-18 00:00:00+09:00,797.4936191363744,797.4936191363744,768.0502893159387,773.0977172851562,70600,0.0,0.0
2018-12-19 00:00:00+09:00,765.5264379373629,790.7635732539792,763.8439622495885,766.36767578125,99700,0.0,0.0
2018-12-20 00:00:00+09:00,763.8439678705226,763.8439678705226,699.0686534145423,719.2583618164062,142100,0.0,0.0
2018-12-21 00:00:00+09:00,694.0210803447325,706.6396454419095,671.307663169814,685.6087036132812,157400,0.0,0.0
2018-12-24 00:00:00+09:00,685.6087036132812,685.6087036132812,685.6087036132812,685.6087036132812,0,0.0,0.0
2018-12-25 00:00:00+09:00,609.8973854728367,626.7221409341563,609.8973854728367,619.1510009765625,131100,0.0,0.0
2018-12-26 00:00:00+09:00,631.7696503370883,657.8480247185126,630.9284124538165,636.8170776367188,29700,0.0,0.0
2018-12-27 00:00:00+09:00,674.6727845288026,684.7676391601562,667.9428814412335,684.7676391601562,25100,0.0,0.0
2018-12-28 00:00:00+09:00,680.561465518709,684.7676550460188,662.0542315985464,675.5140380859375,24100,0.0,0.0
2018-12-31 00:00:00+09:00,675.5140380859375,675.5140380859375,675.5140380859375,675.5140380859375,0,0.0,0.0
2019-01-04 00:00:00+09:00,651.9592623797784,651.9592623797784,630.9283184320435,644.3881225585938,17500,0.0,0.0
2019-01-07 00:00:00+09:00,657.0066606550653,670.4664642024162,657.0066606550653,662.8953247070312,22200,0.0,0.0
2019-01-08 00:00:00+09:00,667.9429644597918,667.9429644597918,660.3718225452601,665.4192504882812,14700,0.0,0.0
2019-01-09 00:00:00+09:00,668.784108966664,668.784108966664,656.1655408729534,667.94287109375,10400,0.0,0.0
2019-01-10 00:00:00+09:00,661.2130290763608,661.2130290763608,647.7532218686996,651.9594116210938,12700,0.0,0.0
2019-01-11 00:00:00+09:00,657.848009897157,665.4191506760245,657.848009897157,662.05419921875,14800,0.0,0.0
2019-01-15 00:00:00+09:00,666.2605266067217,670.466716799946,658.689384258918,668.7842407226562,13600,0.0,0.0
2019-01-16 00:00:00+09:00,667.9427292949022,669.6252046835542,662.0540654346196,666.26025390625,6400,0.0,0.0
2019-01-17 00:00:00+09:00,666.2605266067217,672.9904309158804,664.578050529432,668.7842407226562,8700,0.0,0.0
2019-01-18 00:00:00+09:00,667.1017381751019,677.1965942382812,665.419262164572,677.1965942382812,13800,0.0,0.0
2019-01-21 00:00:00+09:00,683.0850589501597,691.4974365234375,678.037632406193,691.4974365234375,21800,0.0,0.0
2019-01-22 00:00:00+09:00,689.8152126736111,689.8152126736111,677.1966417100695,681.40283203125,14000,0.0,0.0
2019-01-23 00:00:00+09:00,677.1965461730957,679.7202600097656,672.1491184997559,672.9903564453125,7800,0.0,0.0
2019-01-24 00:00:00+09:00,675.5141063743234,675.5141063743234,662.8955365167707,665.4192504882812,35000,0.0,0.0
2019-01-25 00:00:00+09:00,662.0541797808021,664.5778932996616,657.0067527430832,660.3717041015625,60100,0.0,0.0
2019-01-28 00:00:00+09:00,662.8954821134869,662.8954821134869,653.6418649773849,655.3243408203125,44200,0.0,0.0
2019-01-29 00:00:00+09:00,643.5469341533753,643.5469341533753,618.309799480694,627.5634155273438,68200,0.0,0.0
2019-01-30 00:00:00+09:00,627.5632736041982,632.6106993972614,620.8333725467805,625.8807983398438,40300,0.0,0.0
2019-01-31 00:00:00+09:00,623.3571580775858,630.0870599191792,621.6746826171875,621.6746826171875,39100,0.0,0.0
2019-02-01 00:00:00+09:00,618.3098101417773,624.1984750002705,603.1675290770808,607.3737182617188,116900,0.0,0.0
2019-02-04 00:00:00+09:00,619.9922510379206,637.6582446224476,615.7860620892237,635.9757690429688,58400,0.0,0.0
2019-02-05 00:00:00+09:00,642.7057552571837,642.7057552571837,613.2624287728886,616.6273803710938,144000,0.0,0.0
2019-02-06 00:00:00+09:00,622.5160036670918,625.8809550382653,613.2623873963648,618.309814453125,130400,0.0,0.0
2019-02-07 00:00:00+09:00,619.9922659132216,623.3572171529134,605.6912231445312,605.6912231445312,73400,0.0,0.0
2019-02-08 00:00:00+09:00,606.5324609544542,614.1036012437609,599.8025584750706,605.6912231445312,59800,0.0,0.0
2019-02-12 00:00:00+09:00,618.309807410607,632.6108505752061,612.421142578125,612.421142578125,202800,0.0,0.0
2019-02-13 00:00:00+09:00,622.5161050482328,648.594482421875,619.9923911088481,648.594482421875,155300,0.0,0.0
2019-02-14 00:00:00+09:00,651.9594799497592,679.7203352250393,639.3409093700865,668.7842407226562,144600,0.0,0.0
2019-02-15 00:00:00+09:00,662.8955744521422,671.3079548385907,657.0069081816283,668.7842407226562,60800,0.0,0.0
2019-02-18 00:00:00+09:00,677.196517487486,704.116130605001,677.196517487486,702.4336547851562,110600,0.0,0.0
2019-02-19 00:00:00+09:00,695.7037929429584,706.6398864233194,689.8151272227641,700.751220703125,46200,0.0,0.0
2019-02-20 00:00:00+09:00,699.068634498301,719.2583423538476,690.6562562251565,717.5758666992188,124200,0.0,0.0
2019-02-21 00:00:00+09:00,717.5758543925964,727.6707081472401,713.3696653281614,721.7820434570312,67000,0.0,0.0
2019-02-22 00:00:00+09:00,718.4170992989071,743.6542339347002,714.2109101929417,727.6707153320312,77300,0.0,0.0
2019-02-25 00:00:00+09:00,741.9717688927284,768.8913795555031,741.9717688927284,765.5264282226562,109300,0.0,0.0
2019-02-26 00:00:00+09:00,772.2563117125566,776.4625007741719,740.2892748442808,742.81298828125,103300,0.0,0.0
2019-02-27 00:00:00+09:00,751.225417330533,755.4316066772885,716.7346646871379,725.98828125,87600,0.0,0.0
2019-02-28 00:00:00+09:00,730.1944666245405,731.0357044893153,715.0521850585938,715.0521850585938,32200,0.0,0.0
2019-03-01 00:00:00+09:00,715.8934936523438,725.1471110791073,700.751210590367,715.8934936523438,30400,0.0,0.0
2019-03-04 00:00:00+09:00,730.1944350090579,757.1140455163043,725.1470080389493,754.59033203125,49800,0.0,0.0
2019-03-05 00:00:00+09:00,747.8605090046884,765.5265052803898,737.765653990002,756.2728881835938,52100,0.0,0.0
2019-03-06 00:00:00+09:00,762.1613975533602,764.6851107902919,730.1943632188926,737.7655029296875,62200,0.0,0.0
2019-03-07 00:00:00+09:00,735.2418602180915,747.0191897868024,726.8294819547266,738.6068115234375,88600,0.0,0.0
2019-03-08 00:00:00+09:00,731.8769916735198,731.8769916735198,694.021285207648,703.27490234375,90500,0.0,0.0
2019-03-11 00:00:00+09:00,710.0047636555602,710.0047636555602,690.6562926080745,704.9573364257812,23300,0.0,0.0
2019-03-12 00:00:00+09:00,719.2583423538476,720.9408180084765,710.8459640807032,717.5758666992188,19900,0.0,0.0
2019-03-13 00:00:00+09:00,746.1779493098884,752.9078518966743,727.6707171962272,743.6542358398438,50700,0.0,0.0
2019-03-14 00:00:00+09:00,748.7016627799331,752.9078518966743,740.2892845464507,743.6542358398438,30000,0.0,0.0
2019-03-15 00:00:00+09:00,741.1304539122631,750.3840691143458,736.9242651840436,737.7655029296875,38700,0.0,0.0
2019-03-18 00:00:00+09:00,737.7656443034965,746.1780233719514,734.4006926761145,739.4481201171875,25000,0.0,0.0
2019-03-19 00:00:00+09:00,741.9718403353379,748.7017436490371,730.1945095363643,745.3367919921875,35600,0.0,0.0
2019-03-20 00:00:00+09:00,740.2893902504281,746.1780558546928,730.1945349288313,736.9244384765625,56700,0.0,0.0
2019-03-22 00:00:00+09:00,735.2418836228392,751.2254028320312,733.5594079166084,751.2254028320312,31600,0.0,0.0
2019-03-25 00:00:00+09:00,732.7180764558242,740.2892161666192,725.1469367450293,737.7655029296875,22700,0.0,0.0
2019-03-26 00:00:00+09:00,740.2892996491981,745.3367266922609,731.8769212440936,734.400634765625,44300,0.0,0.0
2019-03-27 00:00:00+09:00,729.2709351285882,746.3699019545809,728.4159867872886,745.5149536132812,25300,14.0,0.0
2019-03-28 00:00:00+09:00,741.2402707378957,741.2402707378957,727.5610961914062,727.5610961914062,24500,0.0,0.0
2019-03-29 00:00:00+09:00,733.5457733724719,733.5457733724719,722.431443472889,731.8358764648438,18000,0.0,0.0
2019-04-01 00:00:00+09:00,736.1105729382804,745.5150053451573,736.1105729382804,740.3853149414062,18000,0.0,0.0
2019-04-02 00:00:00+09:00,741.2402280098041,744.6600214492956,728.4160026117106,737.8204345703125,17100,0.0,0.0
2019-04-03 00:00:00+09:00,734.4005617339036,751.4995270827721,730.1258203966864,743.8049926757812,32000,0.0,0.0
2019-04-04 00:00:00+09:00,749.7896695731027,774.5831706194197,745.5149280133928,748.0797729492188,92700,0.0,0.0
2019-04-05 00:00:00+09:00,754.9194520065905,765.1788330078125,750.6447099227479,765.1788330078125,33000,0.0,0.0
2019-04-08 00:00:00+09:00,772.8732940432991,772.8732940432991,754.0644306926878,758.3391723632812,20400,0.0,0.0
2019-04-09 00:00:00+09:00,758.3390942772546,758.3390942772546,739.5302328633882,749.7896118164062,21800,0.0,0.0
2019-04-10 00:00:00+09:00,740.3852796499311,742.095176369677,733.545692770948,737.8204345703125,27700,0.0,0.0
2019-04-11 00:00:00+09:00,742.0951731612043,746.3699149420868,735.2555863117923,736.1105346679688,19200,0.0,0.0
2019-04-12 00:00:00+09:00,742.0952015118387,752.354582177901,740.3853047341617,751.4996337890625,25200,0.0,0.0
2019-04-15 00:00:00+09:00,756.6293980266554,776.293212890625,756.6293980266554,776.293212890625,78900,0.0,0.0
2019-04-16 00:00:00+09:00,772.8731953917089,801.0864868164062,767.7435060417639,801.0864868164062,64800,0.0,0.0
2019-04-17 00:00:00+09:00,798.5216516665088,798.5216516665088,769.4534116700834,775.4380493164062,145500,0.0,0.0
2019-04-18 00:00:00+09:00,781.4229184485209,803.6515791483694,781.4229184485209,784.8427124023438,81000,0.0,0.0
2019-04-19 00:00:00+09:00,788.2625589985686,835.2847290039062,787.407610453017,835.2847290039062,144900,0.0,0.0
2019-04-22 00:00:00+09:00,835.2844653559665,884.0165170706954,825.0250860476026,872.0472412109375,139000,0.0,0.0
2019-04-23 00:00:00+09:00,866.0628166503907,870.3375590820312,833.5747741699219,854.948486328125,86900,0.0,0.0
2019-04-24 00:00:00+09:00,856.6583860438169,860.0781800000797,836.9945707953061,838.7044677734375,53300,0.0,0.0
2019-04-25 00:00:00+09:00,837.8494991657706,845.5440353825991,813.055993578212,844.6890869140625,60700,0.0,0.0
2019-04-26 00:00:00+09:00,832.7196011013455,832.7196011013455,814.7656877305773,831.0097045898438,36700,0.0,0.0
2019-05-07 00:00:00+09:00,825.8800652090071,829.2998584396862,805.3613058249324,809.6360473632812,33200,0.0,0.0
2019-05-08 00:00:00+09:00,792.5371539776143,802.7965346116287,786.5525152744391,800.231689453125,46200,0.0,0.0
2019-05-09 00:00:00+09:00,802.7965224867213,803.6514708599766,754.9194135844249,777.1480712890625,76100,0.0,0.0
2019-05-10 00:00:00+09:00,765.1787815242179,806.2163027679749,765.1787815242179,770.3084716796875,88400,0.0,0.0
2019-05-13 00:00:00+09:00,762.6139473230699,762.6139473230699,726.7061157226562,726.7061157226562,49700,0.0,0.0
2019-05-14 00:00:00+09:00,688.2334364280194,718.1566293161942,670.2795206951146,708.752197265625,128300,0.0,0.0
2019-05-15 00:00:00+09:00,717.3016516995717,719.8664966996894,689.9433050316501,709.6071166992188,46600,0.0,0.0
2019-05-16 00:00:00+09:00,710.4621104914968,712.1720072676495,682.2488136849752,701.0576782226562,72000,0.0,0.0
2019-05-17 00:00:00+09:00,712.1718818546053,726.7060018924544,707.8971406670026,715.5916748046875,38100,0.0,0.0
2019-05-20 00:00:00+09:00,715.5917548051451,724.9961864692509,692.5081498114307,693.3630981445312,42100,0.0,0.0
2019-05-21 00:00:00+09:00,692.5081850094058,697.6378752687347,674.5542691017545,695.927978515625,38600,0.0,0.0
2019-05-22 00:00:00+09:00,713.8819040438024,713.8819040438024,692.5081943418921,701.0576782226562,27400,0.0,0.0
2019-05-23 00:00:00+09:00,701.0577654050643,706.1874563714427,688.233537989118,698.492919921875,25700,0.0,0.0
2019-05-24 00:00:00+09:00,686.5235432591932,698.4928204766635,677.9740595324286,694.2180786132812,31400,0.0,0.0
2019-05-27 00:00:00+09:00,695.9279753586342,699.34776884934,688.2334400045461,694.2180786132812,15900,0.0,0.0
2019-05-28 00:00:00+09:00,694.218091118045,703.6225233868855,692.5081943418921,701.0576782226562,18400,0.0,0.0
2019-05-29 00:00:00+09:00,694.2180241603478,701.0576106052773,684.8135927985696,697.6378173828125,17700,0.0,0.0
2019-05-30 00:00:00+09:00,689.0882421575441,699.3476204526936,685.6684493924943,696.7827758789062,12300,0.0,0.0
2019-05-31 00:00:00+09:00,696.7827758789062,703.622361409006,684.8135012012318,696.7827758789062,26600,0.0,0.0
2019-06-03 00:00:00+09:00,686.5235210217928,698.4927978515625,679.6839342619244,682.248779296875,29400,0.0,0.0
2019-06-04 00:00:00+09:00,688.2334431266316,696.7829268921798,683.9587012438575,695.927978515625,16700,0.0,0.0
2019-06-05 00:00:00+09:00,703.6225101916225,714.7368390281852,701.0576650754927,710.4620971679688,20600,0.0,0.0
2019-06-06 00:00:00+09:00,716.4467681004451,718.1566649216873,702.7675935305082,711.3170776367188,14000,0.0,0.0
2019-06-07 00:00:00+09:00,717.3016582815477,730.980831741029,711.3170198930246,729.2709350585938,21200,0.0,0.0
2019-06-10 00:00:00+09:00,740.3851962463098,748.0797306183846,733.5456101377988,742.0950927734375,24600,0.0,0.0
2019-06-11 00:00:00+09:00,744.6600084806744,748.0798018606085,735.2555766858553,747.224853515625,15900,0.0,0.0
2019-06-12 00:00:00+09:00,742.095118316474,748.0797563674133,736.1104802655346,739.5302734375,19200,0.0,0.0
2019-06-13 00:00:00+09:00,732.6908035821982,736.1105972978678,715.5918350038506,719.8665771484375,24600,0.0,0.0
2019-06-14 00:00:00+09:00,722.4314132033353,725.8512068753038,713.8819290234142,714.7368774414062,15300,0.0,0.0
2019-06-17 00:00:00+09:00,718.1566459841845,719.0115943722609,701.0576782226562,701.0576782226562,19100,0.0,0.0
2019-06-18 00:00:00+09:00,709.6070420016918,718.1565244354471,700.2026113245608,702.7674560546875,31200,0.0,0.0
2019-06-19 00:00:00+09:00,721.576380599268,726.7060705087414,714.7367940533034,719.0115356445312,25500,0.0,0.0
2019-06-20 00:00:00+09:00,722.431380768736,722.431380768736,710.4621034542243,713.8818969726562,20900,0.0,0.0
2019-06-21 00:00:00+09:00,722.4312607048518,729.270846605016,715.5916748046875,715.5916748046875,15900,0.0,0.0
2019-06-24 00:00:00+09:00,721.5764647853432,721.5764647853432,714.7368774414062,714.7368774414062,7100,0.0,0.0
2019-06-25 00:00:00+09:00,718.1565938193418,722.4313354492188,714.7368005154401,722.4313354492188,10800,0.0,0.0
2019-06-26 00:00:00+09:00,724.1413192930244,732.6908035821982,715.5918350038506,719.8665771484375,15300,0.0,0.0
2019-06-27 00:00:00+09:00,724.1412545360703,734.400634765625,721.5764094786816,734.400634765625,13500,0.0,0.0
2019-06-28 00:00:00+09:00,735.2555606983326,739.5303023302996,727.561025760792,738.6753540039062,16700,0.0,0.0
2019-07-01 00:00:00+09:00,745.5150043034957,756.6293334960938,741.2402623063427,756.6293334960938,22800,0.0,0.0
2019-07-02 00:00:00+09:00,760.0490233957903,760.0490233957903,749.7896440023713,750.6445922851562,13700,0.0,0.0
2019-07-03 00:00:00+09:00,750.6444993129996,750.6444993129996,733.5455357751181,735.2554321289062,28400,0.0,0.0
2019-07-04 00:00:00+09:00,741.2402215853282,742.950118290254,733.5456864131621,734.400634765625,20100,0.0,0.0
2019-07-05 00:00:00+09:00,738.6753441870629,742.0951374471882,733.545654296875,733.545654296875,9800,0.0,0.0
2019-07-08 00:00:00+09:00,737.8203634931994,737.8203634931994,728.415932440563,732.690673828125,8000,0.0,0.0
2019-07-09 00:00:00+09:00,736.1106126812143,736.9655611279985,727.5611282133721,728.4160766601562,8500,0.0,0.0
2019-07-10 00:00:00+09:00,730.1258930033106,736.1105314705508,727.5610479459218,734.400634765625,12600,0.0,0.0
2019-07-11 00:00:00+09:00,736.9654448939732,748.0797729492188,730.9808067103795,748.0797729492188,29400,0.0,0.0
2019-07-12 00:00:00+09:00,753.2095115160034,753.2095115160034,741.240234375,741.240234375,26200,0.0,0.0
2019-07-16 00:00:00+09:00,742.9500857622196,742.9500857622196,731.8357576668124,733.545654296875,8000,0.0,0.0
2019-07-17 00:00:00+09:00,731.8358059512867,731.8358059512867,726.7061157226562,726.7061157226562,10000,0.0,0.0
2019-07-18 00:00:00+09:00,721.5763999152241,722.4313482563558,712.1719681627745,713.0269165039062,19200,0.0,0.0
2019-07-19 00:00:00+09:00,714.7367082207123,724.9960868076125,714.7367082207123,721.5762939453125,11200,0.0,0.0
2019-07-22 00:00:00+09:00,728.416032132729,728.416032132729,719.0115997929872,720.7214965820312,6900,0.0,0.0
2019-07-23 00:00:00+09:00,724.9962768554688,727.5611221745329,724.1413284157807,724.9962768554688,7000,0.0,0.0
2019-07-24 00:00:00+09:00,726.7061157226562,729.2709608369714,723.2863222369025,726.7061157226562,5600,0.0,0.0
2019-07-25 00:00:00+09:00,727.5609841630506,734.4005703831498,726.7060358855382,732.690673828125,5100,0.0,0.0
2019-07-26 00:00:00+09:00,736.1105250308389,736.1105250308389,724.9961965460526,730.9808349609375,16400,0.0,0.0
2019-07-29 00:00:00+09:00,729.2709061848196,731.8357511069233,726.7060612627159,730.1258544921875,7900,0.0,0.0
2019-07-30 00:00:00+09:00,735.2556318738066,735.2556318738066,724.9962509639395,727.5610961914062,25200,0.0,0.0
2019-07-31 00:00:00+09:00,726.706090034941,731.8357800822465,721.5763999876356,729.2709350585938,16400,0.0,0.0
2019-08-01 00:00:00+09:00,723.2863222369025,728.4160124655331,721.5764254940257,726.7061157226562,7300,0.0,0.0
2019-08-02 00:00:00+09:00,718.1566972492121,718.1566972492121,701.057728267088,712.1720581054688,26300,0.0,0.0
2019-08-05 00:00:00+09:00,705.3324074580752,710.4620976941338,694.2180786132812,694.2180786132812,25500,0.0,0.0
2019-08-06 00:00:00+09:00,685.6686111773233,691.6532499282476,672.8443852824856,686.5235595703125,30100,0.0,0.0
2019-08-07 00:00:00+09:00,702.7676101628949,706.1874038863153,689.9433837000684,703.62255859375,9500,0.0,0.0
2019-08-08 00:00:00+09:00,706.1874111823316,726.7061737348449,695.9280299060749,724.9962768554688,16700,0.0,0.0
2019-08-09 00:00:00+09:00,732.6907059818437,739.5302925020943,719.0115329413425,733.545654296875,31800,0.0,0.0
2019-08-13 00:00:00+09:00,707.897241974761,741.2402280098041,707.897241974761,737.8204345703125,48800,0.0,0.0
2019-08-14 00:00:00+09:00,745.5150127836736,748.0798580111403,727.5610961914062,727.5610961914062,34100,0.0,0.0
2019-08-15 00:00:00+09:00,723.286290253009,732.6907219229654,716.4467035839499,725.8511352539062,32300,0.0,0.0
2019-08-16 00:00:00+09:00,724.1412450112883,730.1258833998113,721.5763999876356,729.2709350585938,15900,0.0,0.0
2019-08-19 00:00:00+09:00,735.2555636391307,735.2555636391307,724.1412353515625,724.1412353515625,18700,0.0,0.0
2019-08-20 00:00:00+09:00,733.5456570547061,733.5456570547061,718.1565873262856,719.0115356445312,14300,0.0,0.0
2019-08-21 00:00:00+09:00,717.3017488001059,717.3017488001059,710.4621612072563,712.1720581054688,17200,0.0,0.0
2019-08-22 00:00:00+09:00,719.8665195904356,719.8665195904356,705.3323974609375,705.3323974609375,12700,0.0,0.0
2019-08-23 00:00:00+09:00,707.0421541740558,708.7520505565807,696.7827758789062,696.7827758789062,26400,0.0,0.0
2019-08-26 00:00:00+09:00,692.5081951698561,692.5081951698561,683.1037628897716,684.8136596679688,23000,0.0,0.0
2019-08-27 00:00:00+09:00,692.508262871215,692.508262871215,685.668675089771,688.2335205078125,11100,0.0,0.0
2019-08-28 00:00:00+09:00,688.2334177117599,688.2334177117599,682.248779296875,682.248779296875,22600,0.0,0.0
2019-08-29 00:00:00+09:00,683.9587602459017,683.9587602459017,677.1191726434427,677.97412109375,11000,0.0,0.0
2019-08-30 00:00:00+09:00,683.9586664804254,693.3630981445312,679.6839248149228,693.3630981445312,21900,0.0,0.0
2019-09-02 00:00:00+09:00,685.6685214066387,689.943262811917,684.813573125583,687.37841796875,22200,0.0,0.0
2019-09-03 00:00:00+09:00,691.6532014783302,695.9279431438329,687.3784598128275,693.3630981445312,9800,0.0,0.0
2019-09-04 00:00:00+09:00,694.2180817625155,697.6378752687347,692.5081850094058,695.927978515625,4100,0.0,0.0
2019-09-05 00:00:00+09:00,703.6224719179168,714.736800149913,701.0576269413023,706.1873168945312,17400,0.0,0.0
2019-09-06 00:00:00+09:00,713.8818648450381,716.4467098684333,707.8972264571156,713.0269165039062,21400,0.0,0.0
2019-09-09 00:00:00+09:00,709.6072127581501,713.8819550036811,708.7522643090439,712.1720581054688,8600,0.0,0.0
2019-09-10 00:00:00+09:00,713.8819290234142,724.9962584573116,713.8819290234142,714.7368774414062,14600,0.0,0.0
2019-09-11 00:00:00+09:00,712.1720321874299,719.0116195313668,712.1720321874299,714.7368774414062,32000,0.0,0.0
2019-09-12 00:00:00+09:00,721.5764064014953,721.5764064014953,713.8818712621429,716.4467163085938,15100,0.0,0.0
2019-09-13 00:00:00+09:00,716.4467742773904,719.0116195313668,714.7368774414062,714.7368774414062,9100,0.0,0.0
2019-09-17 00:00:00+09:00,722.4314315364046,726.7061737348449,715.5918440189001,724.9962768554688,22300,0.0,0.0
2019-09-18 00:00:00+09:00,724.1413162231446,725.8512130737305,714.7368835449219,718.1566772460938,16300,0.0,0.0
2019-09-19 00:00:00+09:00,719.8664904712925,727.5610254050712,719.8664904712925,722.4313354492188,15700,0.0,0.0
2019-09-20 00:00:00+09:00,727.5611282133721,731.8358704472931,724.9962828730194,728.4160766601562,10400,0.0,0.0
2019-09-24 00:00:00+09:00,732.6908140193469,743.8051437535961,730.1259686960587,742.9501953125,16400,0.0,0.0
2019-09-25 00:00:00+09:00,742.9500666094654,742.9500666094654,733.5456353865607,739.5302734375,15200,0.0,0.0
2019-09-26 00:00:00+09:00,740.3851962463098,748.0797306183846,739.5302479827459,742.0950927734375,14100,0.0,0.0
2019-09-27 00:00:00+09:00,749.0144678305464,749.0144678305464,739.5004272460938,739.5004272460938,11900,10.0,0.0
2019-09-30 00:00:00+09:00,742.0953330546967,745.5549849570496,733.4462032988145,738.6356811523438,15300,0.0,0.0
2019-10-01 00:00:00+09:00,742.9602460302849,742.9602460302849,734.3111162744026,738.6356811523438,9900,0.0,0.0
2019-10-02 00:00:00+09:00,736.0406888776919,739.5003395892204,731.7161254882812,731.7161254882812,7600,0.0,0.0
2019-10-03 00:00:00+09:00,726.5268192358657,734.31103515625,723.067167715695,734.31103515625,15100,0.0,0.0
2019-10-04 00:00:00+09:00,734.3111162744026,738.6356811523438,729.9865513964616,738.6356811523438,6100,0.0,0.0
2019-10-07 00:00:00+09:00,742.9601067635825,742.9601067635825,736.0408042558892,737.7706298828125,6700,0.0,0.0
2019-10-08 00:00:00+09:00,735.1760292499908,742.9602460302849,732.5812903232262,738.6356811523438,9800,0.0,0.0
2019-10-09 00:00:00+09:00,735.1758422851562,735.1758422851562,729.9863657513787,735.1758422851562,3800,0.0,0.0
2019-10-10 00:00:00+09:00,735.175870499521,735.175870499521,728.2565681889372,733.446044921875,8800,0.0,0.0
2019-10-11 00:00:00+09:00,739.5004344436358,739.5004344436358,729.9863937665832,733.446044921875,13100,0.0,0.0
2019-10-15 00:00:00+09:00,736.0407761244746,743.8249911481178,735.1758633440699,739.5004272460938,14600,0.0,0.0
2019-10-16 00:00:00+09:00,743.8250076436551,747.2846588419977,740.3653564453125,740.3653564453125,10500,0.0,0.0
2019-10-17 00:00:00+09:00,740.3653472324588,741.2302600212818,725.6618298224683,733.446044921875,15600,0.0,0.0
2019-10-18 00:00:00+09:00,736.9057170693508,741.2302811366592,735.1758914424274,737.7706298828125,9900,0.0,0.0
2019-10-21 00:00:00+09:00,739.5003949578712,761.9881262665316,736.9056567299488,760.25830078125,28900,0.0,0.0
2019-10-23 00:00:00+09:00,760.2584021806172,768.042617902603,749.0145350266375,755.933837890625,28800,0.0,0.0
2019-10-24 00:00:00+09:00,755.9336892894238,761.1231654172688,748.1494750976562,748.1494750976562,14300,0.0,0.0
2019-10-25 00:00:00+09:00,769.7724657719679,787.0707234297648,755.9338596457302,786.205810546875,58500,0.0,0.0
2019-10-28 00:00:00+09:00,800.9093464949325,812.1532142103041,789.6654787795609,800.04443359375,74500,0.0,0.0
2019-10-29 00:00:00+09:00,808.6934843517486,810.4233099867256,794.8548792719325,799.179443359375,35800,0.0,0.0
2019-10-30 00:00:00+09:00,809.5583732358871,809.5583732358871,792.2601173975135,804.368896484375,19400,0.0,0.0
2019-10-31 00:00:00+09:00,752.47412109375,756.7986850080819,737.7706037850215,752.47412109375,81100,0.0,0.0
2019-11-01 00:00:00+09:00,750.744264831899,752.4740903269034,734.3109226293575,741.230224609375,36600,0.0,0.0
2019-11-05 00:00:00+09:00,750.7442955280172,760.2583361395474,741.2302549164871,752.47412109375,32300,0.0,0.0
2019-11-06 00:00:00+09:00,760.2582346540179,764.5827979910714,752.4740206473214,756.798583984375,24400,0.0,0.0
2019-11-07 00:00:00+09:00,752.4741864586313,759.3934893226187,742.0952321626502,755.933837890625,19800,0.0,0.0
2019-11-08 00:00:00+09:00,760.2583527066814,760.2583527066814,749.8793990861124,753.3390502929688,13600,0.0,0.0
2019-11-11 00:00:00+09:00,766.3127737416573,777.556640625,764.5829480672969,777.556640625,41000,0.0,0.0
2019-11-12 00:00:00+09:00,785.3406931109133,785.3406931109133,772.3670032467462,781.8810424804688,35200,0.0,0.0
2019-11-13 00:00:00+09:00,776.6917474701648,776.6917474701648,765.4478803018885,768.9075317382812,14800,0.0,0.0
2019-11-14 00:00:00+09:00,767.1776733398438,769.7724118066076,761.9881964063161,767.1776733398438,10300,0.0,0.0
2019-11-15 00:00:00+09:00,766.3127395733684,768.907477969215,761.9881755802907,762.8530883789062,11800,0.0,0.0
2019-11-18 00:00:00+09:00,773.2320960337722,773.2320960337722,767.1777060200849,768.9075317382812,9100,0.0,0.0
2019-11-19 00:00:00+09:00,768.907498984353,768.907498984353,765.4478476953345,767.1776733398438,3900,0.0,0.0
2019-11-20 00:00:00+09:00,759.3933715820312,767.177586097109,755.9337206864411,759.3933715820312,13400,0.0,0.0
2019-11-21 00:00:00+09:00,755.933788698111,757.6636143015392,744.6899222758278,753.3390502929688,10300,0.0,0.0
2019-11-22 00:00:00+09:00,753.3389961101391,753.3389961101391,745.5547814545808,747.2846069335938,8600,0.0,0.0
2019-11-25 00:00:00+09:00,745.554835077542,755.933788698111,745.554835077542,753.3390502929688,13400,0.0,0.0
2019-11-26 00:00:00+09:00,755.0687586495535,758.5284093191964,753.3389333147321,756.798583984375,10000,0.0,0.0
2019-11-27 00:00:00+09:00,755.9337675521886,755.9337675521886,749.0144653320312,749.0144653320312,9700,0.0,0.0
2019-11-28 00:00:00+09:00,752.4741117472992,752.4741117472992,745.5548095703125,745.5548095703125,21700,0.0,0.0
2019-11-29 00:00:00+09:00,746.419649721708,751.6091258495529,746.419649721708,748.1494750976562,6500,0.0,0.0
2019-12-02 00:00:00+09:00,748.1494750976562,753.3389512255013,747.284562409682,748.1494750976562,16800,0.0,0.0
2019-12-03 00:00:00+09:00,747.2846351145591,748.1495478866825,741.2302457096959,745.5548095703125,14000,0.0,0.0
2019-12-04 00:00:00+09:00,745.5548259783731,747.2846515606894,742.0951748137402,746.4197387695312,7200,0.0,0.0
2019-12-05 00:00:00+09:00,750.7444010603963,751.6093139648438,747.2847494426064,751.6093139648438,6100,0.0,0.0
2019-12-06 00:00:00+09:00,752.4740385375271,757.6635146653721,748.1494750976562,748.1494750976562,20600,0.0,0.0
2019-12-09 00:00:00+09:00,752.4742309989798,757.6637084541452,752.4742309989798,755.0689697265625,12000,0.0,0.0
2019-12-10 00:00:00+09:00,756.7987875504926,761.1233520507812,753.3391359502618,761.1233520507812,13100,0.0,0.0
2019-12-11 00:00:00+09:00,764.5829631223517,765.4478759765625,760.2583988512977,765.4478759765625,10700,0.0,0.0
2019-12-12 00:00:00+09:00,769.7722394434036,783.6108415008131,761.1231131575227,764.582763671875,119700,0.0,0.0
2019-12-13 00:00:00+09:00,765.4478521379157,780.1513702015818,765.4478521379157,770.6373291015625,58800,0.0,0.0
2019-12-16 00:00:00+09:00,778.4215325477139,778.4215325477139,769.7724044082948,773.2320556640625,14500,0.0,0.0
2019-12-17 00:00:00+09:00,778.4215534621802,780.1513791365405,774.0969892762791,777.556640625,26200,0.0,0.0
2019-12-18 00:00:00+09:00,775.8266947978252,775.8266947978252,768.04248046875,768.04248046875,18500,0.0,0.0
2019-12-19 00:00:00+09:00,768.0425697481659,769.7723953557069,759.3934417104613,766.312744140625,21600,0.0,0.0
2019-12-20 00:00:00+09:00,766.3127017783248,768.0425272902397,757.66357421875,757.66357421875,8600,0.0,0.0
2019-12-23 00:00:00+09:00,754.2039648878385,769.7723953557069,754.2039648878385,766.312744140625,24300,0.0,0.0
2019-12-24 00:00:00+09:00,763.7180102401904,776.691702373376,761.9881846224324,769.7723999023438,28000,0.0,0.0
2019-12-25 00:00:00+09:00,769.7724445973795,769.7724445973795,766.3127931609868,768.9075317382812,16400,0.0,0.0
2019-12-26 00:00:00+09:00,766.312902476221,772.3672933535726,766.312902476221,771.5023803710938,14800,0.0,0.0
2019-12-27 00:00:00+09:00,774.0971193185302,776.6918582659666,770.6374673886149,771.5023803710938,13800,0.0,0.0
2019-12-30 00:00:00+09:00,776.691702373376,776.691702373376,768.0425742845856,769.7723999023438,8800,0.0,0.0
2020-01-06 00:00:00+09:00,769.7723999023438,769.7723999023438,761.1232718135533,769.7723999023438,22300,0.0,0.0
2020-01-07 00:00:00+09:00,769.7724044082948,776.69170691983,769.7724044082948,773.2320556640625,14700,0.0,0.0
2020-01-08 00:00:00+09:00,772.3671337670182,772.3671337670182,755.9337904953795,766.312744140625,18100,0.0,0.0
2020-01-09 00:00:00+09:00,772.3671547561115,773.232067583386,765.4478521379157,770.6373291015625,13200,0.0,0.0
2020-01-10 00:00:00+09:00,774.0969684780043,774.9618812919463,768.0425787804111,773.2320556640625,8800,0.0,0.0
2020-01-14 00:00:00+09:00,774.0970088928703,774.9619217519685,768.9075317382812,768.9075317382812,15700,0.0,0.0
2020-01-15 00:00:00+09:00,765.4476763004632,766.3125889290512,761.9880257861107,764.582763671875,9300,0.0,0.0
2020-01-16 00:00:00+09:00,764.5829631223517,767.1777016849841,764.5829631223517,765.4478759765625,3600,0.0,0.0
2020-01-17 00:00:00+09:00,768.0427284411785,771.5023803710938,768.0427284411785,771.5023803710938,8100,0.0,0.0
2020-01-20 00:00:00+09:00,772.3671502733714,773.2320630956261,763.7180220508253,767.1776733398438,9200,0.0,0.0
2020-01-21 00:00:00+09:00,767.1777016849841,768.9075273934058,762.8531374139301,765.4478759765625,4200,0.0,0.0
2020-01-22 00:00:00+09:00,765.4478476953345,770.6373246288622,764.5829348730799,767.1776733398438,10500,0.0,0.0
2020-01-23 00:00:00+09:00,765.4477440237047,765.4477440237047,758.5284423828125,758.5284423828125,12000,0.0,0.0
2020-01-24 00:00:00+09:00,759.3935178704218,761.9882565419608,733.4461311550316,754.2040405273438,27700,0.0,0.0
2020-01-27 00:00:00+09:00,743.8250481395968,747.2846995262926,733.4460939795093,736.0408325195312,32500,0.0,0.0
2020-01-28 00:00:00+09:00,733.4460851775652,733.4460851775652,723.9320439783279,729.1215209960938,12100,0.0,0.0
2020-01-29 00:00:00+09:00,732.581053122496,742.9600054689777,732.581053122496,742.0950927734375,8100,0.0,0.0
2020-01-30 00:00:00+09:00,742.960163956677,742.960163956677,727.3917321159084,734.31103515625,29000,0.0,0.0
2020-01-31 00:00:00+09:00,736.9056677964154,741.2302315745634,735.1758422851562,735.1758422851562,7200,0.0,0.0
2020-02-03 00:00:00+09:00,725.6616821289062,736.9055460951467,723.9318569033308,725.6616821289062,23000,0.0,0.0
2020-02-04 00:00:00+09:00,726.5266869773327,755.9337195454628,726.5266869773327,736.9056396484375,15700,0.0,0.0
2020-02-05 00:00:00+09:00,751.6091706311262,751.6091706311262,738.635479538529,747.2846069335938,9000,0.0,0.0
2020-02-06 00:00:00+09:00,752.4741329206315,758.528522495855,746.419743345408,749.87939453125,8500,0.0,0.0
2020-02-07 00:00:00+09:00,749.8793781095509,756.7986803297082,747.2846397769919,749.0144653320312,8600,0.0,0.0
2020-02-10 00:00:00+09:00,748.1495265893925,748.1495265893925,739.5003991143706,741.230224609375,9200,0.0,0.0
2020-02-12 00:00:00+09:00,725.6618252433307,733.4460402936166,723.9319996766004,729.9863891601562,15700,0.0,0.0
2020-02-13 00:00:00+09:00,728.256591796875,732.5811558811795,723.0671148957097,728.256591796875,28200,0.0,0.0
2020-02-14 00:00:00+09:00,722.2021388430982,724.7968770664866,715.2828369140625,715.2828369140625,14200,0.0,0.0
2020-02-17 00:00:00+09:00,702.309220467693,703.1741333007812,693.66009213681,703.1741333007812,18400,0.0,0.0
2020-02-18 00:00:00+09:00,698.8496051237951,701.4443437566805,695.3899536132812,695.3899536132812,9400,0.0,0.0
2020-02-19 00:00:00+09:00,696.2547654952343,701.4442420082422,696.2547654952343,699.7144165039062,5400,0.0,0.0
2020-02-20 00:00:00+09:00,701.4442255001258,704.0389636955639,696.2547491092494,698.8494873046875,13200,0.0,0.0
2020-02-21 00:00:00+09:00,695.3897870365877,702.3090884001358,695.3897870365877,696.2546997070312,4200,0.0,0.0
2020-02-25 00:00:00+09:00,690.2003878079928,690.2003878079928,674.6319580078125,674.6319580078125,21500,0.0,0.0
2020-02-26 00:00:00+09:00,661.6582969456639,668.5775993973833,661.6582969456639,663.3881225585938,13200,0.0,0.0
2020-02-27 00:00:00+09:00,672.0371344735689,672.0371344735689,647.819580078125,647.819580078125,20900,0.0,0.0
2020-02-28 00:00:00+09:00,627.061755840595,627.061755840595,601.1143728402944,607.1687622070312,32700,0.0,0.0
2020-03-02 00:00:00+09:00,589.005578714027,633.1161286617736,589.005578714027,628.7915649414062,18500,0.0,0.0
2020-03-03 00:00:00+09:00,634.8459707406851,650.4144005408654,625.3319303072416,629.656494140625,21000,0.0,0.0
2020-03-04 00:00:00+09:00,617.5477503748697,634.8460066878912,614.9530119279164,621.872314453125,10000,0.0,0.0
2020-03-05 00:00:00+09:00,634.8459872859331,634.8459872859331,621.8722954476648,630.5214233398438,4400,0.0,0.0
2020-03-06 00:00:00+09:00,617.5477562881098,619.2775819359756,594.1951100419207,602.84423828125,13200,0.0,0.0
2020-03-09 00:00:00+09:00,588.1407921246549,588.1407921246549,543.1653197857107,548.3547973632812,27700,0.0,0.0
2020-03-10 00:00:00+09:00,518.9477154589075,557.0038812592273,518.9477154589075,549.2196655273438,17200,0.0,0.0
2020-03-11 00:00:00+09:00,555.2738925933837,570.8423194885254,538.8405530929565,553.5440673828125,12700,0.0,0.0
2020-03-12 00:00:00+09:00,562.193351656744,562.193351656744,518.9477092216098,519.8126220703125,21100,0.0,0.0
2020-03-13 00:00:00+09:00,459.2686742738236,474.83710391022436,441.9704191222671,446.29498291015625,59300,0.0,0.0
2020-03-16 00:00:00+09:00,458.40376151624577,464.4581508192905,441.9704191222671,446.29498291015625,41200,0.0,0.0
2020-03-17 00:00:00+09:00,441.10554020579264,469.64766339557923,428.9967606707317,460.99853515625,16500,0.0,0.0
2020-03-18 00:00:00+09:00,469.64760300208786,480.0265555546202,451.48443603515625,451.48443603515625,12600,0.0,0.0
2020-03-19 00:00:00+09:00,457.53882873535156,457.53882873535156,429.86162170410154,432.45635986328125,40300,0.0,0.0
2020-03-23 00:00:00+09:00,434.18621613112805,442.8353439425051,415.1581349460985,421.2125244140625,67400,0.0,0.0
2020-03-24 00:00:00+09:00,436.7810064462515,456.6740027794471,436.7810064462515,449.75469970703125,15100,0.0,0.0
2020-03-25 00:00:00+09:00,460.1335674712755,497.3248144661343,458.4037420296542,486.94586181640625,39500,0.0,0.0
2020-03-26 00:00:00+09:00,475.70205688476557,480.89153386896305,466.18801574707027,475.7020568847656,11600,0.0,0.0
2020-03-27 00:00:00+09:00,492.1354612990647,508.568807106942,483.4863319264976,499.919677734375,18700,0.0,0.0
2020-03-30 00:00:00+09:00,501.6954620473939,501.6954620473939,467.95311238756915,481.2724609375,17600,15.0,0.0
2020-03-31 00:00:00+09:00,507.91122546298897,507.91122546298897,488.3761783297971,493.70391845703125,10700,0.0,0.0
2020-04-01 00:00:00+09:00,501.6955000308049,501.6955000308049,461.7374513557851,471.5049743652344,16900,0.0,0.0
2020-04-02 00:00:00+09:00,475.0567854522063,480.3845251021376,462.62539293569995,464.40130615234375,7200,0.0,0.0
2020-04-03 00:00:00+09:00,501.69555152426574,501.69555152426574,446.64223436585075,450.1940612792969,9300,0.0,0.0
2020-04-06 00:00:00+09:00,459.073665894483,467.0652770996094,440.4265730825214,467.0652770996094,14300,0.0,0.0
2020-04-07 00:00:00+09:00,493.7039561980361,493.7039561980361,471.5050373042395,483.9364318847656,5100,0.0,0.0
2020-04-08 00:00:00+09:00,492.8158948728696,494.5918080075466,480.38450293013057,489.2640686035156,14500,0.0,0.0
2020-04-09 00:00:00+09:00,498.143700438119,499.9196138086649,484.82435015902496,487.48822021484375,10100,0.0,0.0
2020-04-10 00:00:00+09:00,492.8160400390625,492.8160400390625,483.9364717500704,492.8160400390625,10000,0.0,0.0
2020-04-13 00:00:00+09:00,500.80758137438505,506.1353216017721,492.81597103330444,496.3677978515625,10900,0.0,0.0
2020-04-14 00:00:00+09:00,504.35940819264306,506.1353216017721,492.81597103330444,496.3677978515625,10900,0.0,0.0
2020-04-15 00:00:00+09:00,499.0316298238974,499.0316298238974,482.16045372664814,485.7122802734375,14400,0.0,0.0
2020-04-16 00:00:00+09:00,491.9279383055311,495.4797645748851,485.7122423341616,489.2640686035156,3300,0.0,0.0
2020-04-17 00:00:00+09:00,495.479831832776,499.0316585842654,488.3761783297971,493.70391845703125,7400,0.0,0.0
2020-04-20 00:00:00+09:00,497.2557678222657,507.02329183306017,497.2557678222657,497.2557678222656,4800,0.0,0.0
2020-04-21 00:00:00+09:00,506.13540506808556,506.13540506808556,473.28100158120986,475.0569152832031,9100,0.0,0.0
2020-04-22 00:00:00+09:00,466.177208076578,472.3929041842657,459.9615119688903,469.7290344238281,9300,0.0,0.0
2020-04-23 00:00:00+09:00,475.05680063306954,485.7122802734375,471.50497408628024,485.7122802734375,2900,0.0,0.0
2020-04-24 00:00:00+09:00,480.3845425290246,483.0484124506273,475.9447593263534,477.7206726074219,2400,0.0,0.0
2020-04-27 00:00:00+09:00,482.16044238678586,491.0400085449219,473.28087622864984,491.0400085449219,9400,0.0,0.0
2020-04-28 00:00:00+09:00,497.2557165505027,497.2557165505027,485.7122802734375,485.7122802734375,8800,0.0,0.0
2020-04-30 00:00:00+09:00,499.9195578056469,506.13525390625,495.47977487664474,506.13525390625,11700,0.0,0.0
2020-05-01 00:00:00+09:00,507.02322762956675,507.02322762956675,491.0400085449219,491.0400085449219,11500,0.0,0.0
2020-05-07 00:00:00+09:00,491.040067202085,491.040067202085,478.6086730957031,478.6086730957031,12600,0.0,0.0
2020-05-08 00:00:00+09:00,492.8160400390625,492.8160400390625,484.82442857896956,492.8160400390625,10700,0.0,0.0
2020-05-11 00:00:00+09:00,499.0315569709329,543.4293823242188,491.9279049144072,543.4293823242188,26800,0.0,0.0
2020-05-12 00:00:00+09:00,552.3090329996744,552.3090329996744,523.0064637247721,532.7739868164062,14800,0.0,0.0
2020-05-13 00:00:00+09:00,528.3342457780934,528.3342457780934,512.3510248974117,527.4462890625,12600,0.0,0.0
2020-05-14 00:00:00+09:00,518.5667100506391,518.5667100506391,507.9112297071328,512.3510131835938,11600,0.0,0.0
2020-05-15 00:00:00+09:00,512.3510333671771,525.6703843212632,490.15211511036705,503.4714660644531,7700,0.0,0.0
2020-05-18 00:00:00+09:00,494.5919844839308,513.2390790515476,488.3762862947252,511.4631652832031,12500,0.0,0.0
2020-05-19 00:00:00+09:00,515.902843972911,518.5667140794837,504.3594068444293,510.5751037597656,9100,0.0,0.0
2020-05-20 00:00:00+09:00,506.1353362552703,519.4546872093564,499.9196391433635,503.4714660644531,8900,0.0,0.0
2020-05-21 00:00:00+09:00,512.3511177236687,512.3511177236687,502.5835920824896,507.02337646484375,6700,0.0,0.0
2020-05-22 00:00:00+09:00,506.13533510480613,507.9112485613142,494.5918976375035,497.2557678222656,7600,0.0,0.0
2020-05-25 00:00:00+09:00,499.0315990820659,509.68707806602464,494.59181617208316,499.9195556640625,10200,0.0,0.0
2020-05-26 00:00:00+09:00,510.5752083990309,513.2390790515476,500.80768267313636,511.4631652832031,23600,0.0,0.0
2020-05-27 00:00:00+09:00,525.6704359428237,528.3343063952367,514.1269973157009,521.2306518554688,16900,0.0,0.0
2020-05-28 00:00:00+09:00,530.1100411521428,532.7739107056711,515.9027368666582,517.6786499023438,20600,0.0,0.0
2020-05-29 00:00:00+09:00,515.014853922526,542.5415099080403,510.57507069905597,532.7739868164062,20100,0.0,0.0
2020-06-01 00:00:00+09:00,536.3259006532301,537.213857442391,528.3342895507812,528.3342895507812,8700,0.0,0.0
2020-06-02 00:00:00+09:00,532.774005549969,546.0933556887182,531.8860488740524,538.1017456054688,12000,0.0,0.0
2020-06-03 00:00:00+09:00,546.0934102013587,552.309107553244,539.8777128494733,547.8693237304688,10100,0.0,0.0
2020-06-04 00:00:00+09:00,549.6451648291096,551.4210781241956,538.1017284110508,538.9896850585938,9400,0.0,0.0
2020-06-05 00:00:00+09:00,546.9813416901126,554.9729522018188,540.7656446254522,552.30908203125,9600,0.0,0.0
2020-06-08 00:00:00+09:00,565.6284037396952,583.3875372951015,561.1886203508435,578.94775390625,14800,0.0,0.0
2020-06-09 00:00:00+09:00,581.6115595120102,594.930908203125,573.6199502973415,594.930908203125,39500,0.0,0.0
2020-06-10 00:00:00+09:00,590.4912383761533,600.2587626199694,586.939411378402,598.4828491210938,11000,0.0,0.0
2020-06-11 00:00:00+09:00,599.370786173441,599.370786173441,578.0598248872743,586.9393920898438,15000,0.0,0.0
2020-06-12 00:00:00+09:00,565.6284071634831,565.6284071634831,536.3258366196919,556.7488403320312,35000,0.0,0.0
2020-06-15 00:00:00+09:00,559.4127616696844,571.8441563734552,547.8693237304688,547.8693237304688,18200,0.0,0.0
2020-06-16 00:00:00+09:00,551.4211344726563,564.740485546875,551.4211344726563,554.9729614257812,6500,0.0,0.0
2020-06-17 00:00:00+09:00,560.3005907434178,569.180156365342,560.3005907434178,563.8524169921875,2000,0.0,0.0
2020-06-18 00:00:00+09:00,572.7319135352479,572.7319135352479,554.9727844333798,567.4041748046875,3000,0.0,0.0
2020-06-19 00:00:00+09:00,568.292194756192,575.3958471906444,568.292194756192,573.6199340820312,3200,0.0,0.0
2020-06-22 00:00:00+09:00,573.6199170072812,581.6115257581566,570.068090895781,574.5078735351562,4700,0.0,0.0
2020-06-23 00:00:00+09:00,581.6116224185441,581.6116224185441,567.4043156113736,572.7320556640625,2700,0.0,0.0
2020-06-24 00:00:00+09:00,578.0597534179688,578.9477100284419,569.1801873132381,578.0597534179688,2400,0.0,0.0
2020-06-25 00:00:00+09:00,575.3957959661499,577.1717089166626,570.9560135898678,576.2837524414062,3300,0.0,0.0
2020-06-26 00:00:00+09:00,584.2753953417817,584.2753953417817,574.5078735351562,574.5078735351562,4100,0.0,0.0
2020-06-29 00:00:00+09:00,568.2922707680251,568.2922707680251,559.4127040372747,566.516357421875,2000,0.0,0.0
2020-06-30 00:00:00+09:00,566.516321167185,566.516321167185,559.412668237189,562.0765380859375,2900,0.0,0.0
2020-07-01 00:00:00+09:00,564.7404174804688,565.6283741117273,562.076547586693,564.7404174804688,1500,0.0,0.0
2020-07-02 00:00:00+09:00,566.5163446447891,567.4043012978374,551.4210815429688,551.4210815429688,4200,0.0,0.0
2020-07-03 00:00:00+09:00,551.4211498823322,551.4211498823322,541.6536254882812,541.6536254882812,3400,0.0,0.0
2020-07-06 00:00:00+09:00,557.6368089758831,577.1718564240829,549.6451986561651,571.8441162109375,3600,0.0,0.0
2020-07-07 00:00:00+09:00,572.732049430289,583.3875294196897,572.732049430289,582.4995727539062,10800,0.0,0.0
2020-07-08 00:00:00+09:00,577.171798752434,584.2754516601562,568.2922326177812,584.2754516601562,15400,0.0,0.0
2020-07-09 00:00:00+09:00,581.6116176507412,597.5948376777844,581.6116176507412,588.7152709960938,12900,0.0,0.0
2020-07-10 00:00:00+09:00,590.4911518096924,598.4827613830566,586.0513687133789,596.7068481445312,14700,0.0,0.0
2020-07-13 00:00:00+09:00,603.8104739972015,609.1382134736474,594.930908203125,594.930908203125,33700,0.0,0.0
2020-07-14 00:00:00+09:00,596.7068161481278,609.1382081512138,595.8188595764788,604.6984252929688,4300,0.0,0.0
2020-07-15 00:00:00+09:00,611.8020993103555,621.5696219408546,611.8020993103555,616.2418823242188,5300,0.0,0.0
2020-07-16 00:00:00+09:00,614.4660365717652,614.4660365717652,606.4744262695312,606.4744262695312,1600,0.0,0.0
2020-07-17 00:00:00+09:00,618.9057414354431,618.9057414354431,585.1633911132812,585.1633911132812,4100,0.0,0.0
2020-07-20 00:00:00+09:00,582.499608488559,589.6032622506146,581.6116517683021,586.9393920898438,1500,0.0,0.0
2020-07-21 00:00:00+09:00,586.939296012701,613.5779932598736,586.939296012701,610.9141235351562,1300,0.0,0.0
2020-07-22 00:00:00+09:00,610.026254405146,615.3539946182914,604.6985141920006,612.6901245117188,2700,0.0,0.0
2020-07-27 00:00:00+09:00,599.3708058705315,599.3708058705315,577.171887134586,598.4828491210938,13300,0.0,0.0
2020-07-28 00:00:00+09:00,612.6900171184819,621.5695825839672,599.370668920254,605.5863647460938,14000,0.0,0.0
2020-07-29 00:00:00+09:00,599.3708223909945,599.3708223909945,591.3792114257812,591.3792114257812,3300,0.0,0.0
2020-07-30 00:00:00+09:00,598.4828664431069,599.370823218245,596.7069528928306,597.5949096679688,700,0.0,0.0
2020-07-31 00:00:00+09:00,594.0430528846153,594.0430528846153,554.9729567307692,577.171875,4500,0.0,0.0
2020-08-03 00:00:00+09:00,577.1718702898914,577.1718702898914,552.30908203125,552.30908203125,3700,0.0,0.0
2020-08-04 00:00:00+09:00,552.3090153071929,570.068147632183,552.3090153071929,562.0765380859375,3900,0.0,0.0
2020-08-05 00:00:00+09:00,588.7153064262576,588.7153064262576,546.0933837890625,546.0933837890625,5900,0.0,0.0
2020-08-06 00:00:00+09:00,543.4294682963088,547.8692515340236,529.2221619356209,538.9896850585938,16900,0.0,0.0
2020-08-07 00:00:00+09:00,537.213787403648,552.3090508513538,530.9980906898868,531.8860473632812,8800,0.0,0.0
2020-08-11 00:00:00+09:00,539.8776020665323,550.5330810546875,534.5498625724547,550.5330810546875,7400,0.0,0.0
2020-08-12 00:00:00+09:00,575.3959430197011,575.3959430197011,568.2922894021739,571.8441162109375,6800,0.0,0.0
2020-08-13 00:00:00+09:00,568.2923402996845,568.2923402996845,561.1886860459385,562.964599609375,3700,0.0,0.0
2020-08-14 00:00:00+09:00,564.7403982979911,564.7403982979911,559.4126586914062,559.4126586914062,800,0.0,0.0
2020-08-17 00:00:00+09:00,559.4126930965739,564.740433030827,557.6367797851562,557.6367797851562,2800,0.0,0.0
2020-08-18 00:00:00+09:00,554.9730051058931,555.8609619140625,554.9730051058931,555.8609619140625,1600,0.0,0.0
2020-08-19 00:00:00+09:00,556.7487888881138,559.4126586914062,550.5330926804315,559.4126586914062,3300,0.0,0.0
2020-08-20 00:00:00+09:00,557.6367970151764,567.4043205297735,556.7488403320312,556.7488403320312,3500,0.0,0.0
2020-08-21 00:00:00+09:00,558.5247000362097,559.4126566340415,553.1969604492188,553.1969604492188,700,0.0,0.0
2020-08-24 00:00:00+09:00,557.6368589190655,562.964599609375,554.9729885739107,562.964599609375,2200,0.0,0.0
2020-08-25 00:00:00+09:00,562.964460429995,567.4042432409572,562.964460429995,563.8524169921875,4300,0.0,0.0
2020-08-26 00:00:00+09:00,568.2923410686428,574.5080385490811,567.404384285723,569.1802978515625,2000,0.0,0.0
2020-08-27 00:00:00+09:00,566.5164275028033,571.8441682003217,566.5164275028033,569.1802978515625,2100,0.0,0.0
2020-08-28 00:00:00+09:00,578.0597669493477,578.9477235806063,561.1885909554344,564.7404174804688,7400,0.0,0.0
2020-08-31 00:00:00+09:00,564.7404174804688,564.7404174804688,564.7404174804688,564.7404174804688,800,0.0,0.0
2020-09-01 00:00:00+09:00,558.5247894480259,568.2923135878165,558.5247894480259,561.1886596679688,3100,0.0,0.0
2020-09-02 00:00:00+09:00,561.1884935865689,568.2921454041204,557.6366676777932,560.300537109375,1700,0.0,0.0
2020-09-03 00:00:00+09:00,562.076547586693,569.1802006367618,561.1885909554344,564.7404174804688,3200,0.0,0.0
2020-09-04 00:00:00+09:00,562.9644408597476,570.9560496416683,558.524658203125,558.524658203125,2000,0.0,0.0
2020-09-07 00:00:00+09:00,571.8440705305376,574.5079404243133,564.7404174804688,564.7404174804688,4000,0.0,0.0
2020-09-08 00:00:00+09:00,573.6200108064753,573.6200108064753,562.0765740564998,566.516357421875,2700,0.0,0.0
2020-09-09 00:00:00+09:00,574.5079595738111,576.283872895523,565.6283929652515,570.0681762695312,1700,0.0,0.0
2020-09-10 00:00:00+09:00,575.3957829005282,575.3957829005282,566.5162183495942,567.4041748046875,1200,0.0,0.0
2020-09-11 00:00:00+09:00,572.7319265403806,576.2837524414062,570.0680571146114,576.2837524414062,3700,0.0,0.0
2020-09-14 00:00:00+09:00,582.4996246291156,585.1634948637,579.8357543945312,579.8357543945312,8900,0.0,0.0
2020-09-15 00:00:00+09:00,580.7236594223394,586.9393560828232,579.8357027565561,582.4995727539062,900,0.0,0.0
2020-09-16 00:00:00+09:00,586.0513159472072,594.0429248010328,583.3874463292653,593.1549682617188,3000,0.0,0.0
2020-09-17 00:00:00+09:00,600.2586498626754,602.9225196105866,594.9309103668528,601.1466064453125,2600,0.0,0.0
2020-09-18 00:00:00+09:00,602.0345336548583,602.0345336548583,590.4910986437769,593.1549682617188,3200,0.0,0.0
2020-09-23 00:00:00+09:00,601.146680526151,602.0346372182132,581.6116333007812,581.6116333007812,9500,0.0,0.0
2020-09-24 00:00:00+09:00,577.1717968074956,580.723623249388,577.1717968074956,578.0597534179688,3400,0.0,0.0
2020-09-25 00:00:00+09:00,578.9477884615385,583.3875721153846,568.2923076923076,577.171875,6200,0.0,0.0
2020-09-28 00:00:00+09:00,562.0765038678027,566.5162866787648,562.0765038678027,563.8524169921875,6400,0.0,0.0
2020-09-29 00:00:00+09:00,568.3274446927585,583.542510141226,564.747429293119,581.7525024414062,3400,5.0,0.0
2020-09-30 00:00:00+09:00,585.3325606657079,585.3325606657079,573.697509765625,573.697509765625,1100,0.0,0.0
2020-10-02 00:00:00+09:00,573.6976625908219,575.4876708984375,571.0126501293984,575.4876708984375,1100,0.0,0.0
2020-10-05 00:00:00+09:00,581.7525275848196,581.7525275848196,568.3274692559393,569.2224731445312,4300,0.0,0.0
2020-10-06 00:00:00+09:00,578.1725135803223,578.1725135803223,569.2224746704102,572.802490234375,7800,0.0,0.0
2020-10-07 00:00:00+09:00,580.8576350735365,582.6476431939479,573.6976025918905,579.067626953125,3700,0.0,0.0
2020-10-08 00:00:00+09:00,579.067581459328,582.6475974188911,578.1725774694372,579.9625854492188,1200,0.0,0.0
2020-10-09 00:00:00+09:00,585.3325961280415,586.2276000976562,579.962572310353,586.2276000976562,1800,0.0,0.0
2020-10-12 00:00:00+09:00,589.807675675594,592.4926878562113,579.067626953125,579.067626953125,6700,0.0,0.0
2020-10-13 00:00:00+09:00,579.9624964162844,588.912534941227,579.9624964162844,585.33251953125,3200,0.0,0.0
2020-10-14 00:00:00+09:00,589.8076338250953,604.1276977722903,581.7525978547981,594.2826538085938,22700,0.0,0.0
2020-10-15 00:00:00+09:00,595.1776265953963,596.0726305451637,591.5976107963262,592.4926147460938,1100,0.0,0.0
2020-10-16 00:00:00+09:00,595.1776109196234,595.1776109196234,590.7025912886488,591.5975952148438,2300,0.0,0.0
2020-10-19 00:00:00+09:00,588.9124693501475,588.9124693501475,578.1724243164062,578.1724243164062,2600,0.0,0.0
2020-10-20 00:00:00+09:00,577.277467607166,582.6474905616514,577.277467607166,580.8574829101562,700,0.0,0.0
2020-10-21 00:00:00+09:00,577.2775899469397,585.3326260857341,577.2775899469397,584.4376220703125,4000,0.0,0.0
2020-10-22 00:00:00+09:00,581.7525464434956,581.7525464434956,577.2775268554688,577.2775268554688,1500,0.0,0.0
2020-10-23 00:00:00+09:00,585.3325765734521,585.3325765734521,574.592529296875,574.592529296875,1600,0.0,0.0
2020-10-26 00:00:00+09:00,577.2775156905011,589.8075702946361,577.2775156905011,587.12255859375,2000,0.0,0.0
2020-10-27 00:00:00+09:00,585.3325961280415,586.2276000976562,578.1725643711236,586.2276000976562,1900,0.0,0.0
2020-10-28 00:00:00+09:00,590.7025912886488,591.5975952148438,587.1225755838691,591.5975952148438,6000,0.0,0.0
2020-10-29 00:00:00+09:00,590.7025249933793,590.7025249933793,580.8574829101562,580.8574829101562,1000,0.0,0.0
2020-10-30 00:00:00+09:00,580.8575396335667,588.9125748519059,570.1174926757812,570.1174926757812,3400,0.0,0.0
2020-11-02 00:00:00+09:00,581.752621641727,581.752621641727,571.0125732421875,571.0125732421875,4500,0.0,0.0
2020-11-04 00:00:00+09:00,574.5925716042328,581.7526036491454,554.0074794751092,562.95751953125,10700,0.0,0.0
2020-11-05 00:00:00+09:00,579.9626310133307,580.8576350735365,570.1175863510674,579.067626953125,4500,0.0,0.0
2020-11-06 00:00:00+09:00,571.0125455503111,579.9625854492188,571.0125455503111,579.9625854492188,1300,0.0,0.0
2020-11-09 00:00:00+09:00,581.7525753206304,587.1225990928208,571.9075317382812,571.9075317382812,8200,0.0,0.0
2020-11-10 00:00:00+09:00,579.0675332579709,588.0175724118809,572.8025058502341,573.697509765625,6200,0.0,0.0
2020-11-11 00:00:00+09:00,579.9625865725652,583.5426025390625,573.6975586311949,583.5426025390625,4400,0.0,0.0
2020-11-12 00:00:00+09:00,579.9624947415866,588.0175293907753,579.9624947415866,581.7525024414062,6200,0.0,0.0
2020-11-13 00:00:00+09:00,581.752560814593,581.752560814593,572.8025214174455,574.592529296875,1500,0.0,0.0
2020-11-16 00:00:00+09:00,574.5926667446297,581.7526999750924,574.5926667446297,575.4876708984375,4300,0.0,0.0
2020-11-17 00:00:00+09:00,581.7524393276533,581.7524393276533,572.8024017995356,578.1724243164062,5700,0.0,0.0
2020-11-18 00:00:00+09:00,574.5924980163574,581.7525291442871,572.802490234375,572.802490234375,2100,0.0,0.0
2020-11-19 00:00:00+09:00,573.6975111850472,578.1725307730741,568.327487679415,577.2775268554688,4000,0.0,0.0
2020-11-20 00:00:00+09:00,573.697509765625,573.697509765625,572.8025058502341,573.697509765625,400,0.0,0.0
2020-11-24 00:00:00+09:00,571.9075147947678,571.9075147947678,567.4324951171875,567.4324951171875,5000,0.0,0.0
2020-11-25 00:00:00+09:00,571.0125081120208,571.0125081120208,560.2724609375,560.2724609375,5400,0.0,0.0
2020-11-26 00:00:00+09:00,562.9574304295337,571.012465205155,562.9574304295337,568.3274536132812,3900,0.0,0.0
2020-11-27 00:00:00+09:00,572.802533181458,572.802533181458,554.9024540195375,564.7474975585938,11900,0.0,0.0
2020-11-30 00:00:00+09:00,579.0675346906795,579.0675346906795,568.327487679415,577.2775268554688,5400,0.0,0.0
2020-12-01 00:00:00+09:00,577.2775723475107,577.2775723475107,568.3275324661539,576.382568359375,1900,0.0,0.0
2020-12-02 00:00:00+09:00,577.2775268554688,577.2775268554688,572.8025072674418,577.2775268554688,8900,0.0,0.0
2020-12-03 00:00:00+09:00,577.2775723475107,577.2775723475107,563.8525125254756,576.382568359375,7700,0.0,0.0
2020-12-04 00:00:00+09:00,581.7525934290003,586.2276133784542,578.1725774694372,579.9625854492188,27200,0.0,0.0
2020-12-07 00:00:00+09:00,576.3825057983398,579.9625213623046,572.802490234375,572.802490234375,13800,0.0,0.0
2020-12-08 00:00:00+09:00,576.3825576157057,590.702621158953,574.5925496727997,589.8076171875,17200,0.0,0.0
2020-12-09 00:00:00+09:00,591.5975965915766,598.7576280177984,590.7025926632989,595.1776123046875,8000,0.0,0.0
2020-12-10 00:00:00+09:00,597.8625801655784,599.652587890625,584.4375222277286,599.652587890625,6100,0.0,0.0
2020-12-11 00:00:00+09:00,599.652606587698,607.7076416015625,597.8625988068391,607.7076416015625,17500,0.0,0.0
2020-12-14 00:00:00+09:00,611.2876990149329,626.5027661939283,596.0726318359375,596.0726318359375,40700,0.0,0.0
2020-12-15 00:00:00+09:00,592.4927059289181,595.1777181914358,586.2276773163767,590.7026977539062,7300,0.0,0.0
2020-12-16 00:00:00+09:00,590.7026977539062,593.387710016424,588.9126895788944,590.7026977539062,3900,0.0,0.0
2020-12-17 00:00:00+09:00,594.2825897961128,603.2326287990663,586.2275546934546,587.12255859375,6100,0.0,0.0
2020-12-18 00:00:00+09:00,596.0725674614719,596.0725674614719,583.5425134908103,588.9125366210938,2300,0.0,0.0
2020-12-21 00:00:00+09:00,590.7026344720571,590.7026344720571,577.2775745976921,583.5426025390625,6900,0.0,0.0
2020-12-22 00:00:00+09:00,579.9624964162844,605.0226042861239,578.1724887112958,585.33251953125,5800,0.0,0.0
2020-12-23 00:00:00+09:00,587.1225255408655,596.0725640399639,577.277483191857,581.7525024414062,14000,0.0,0.0
2020-12-24 00:00:00+09:00,590.7025568386377,590.7025568386377,581.7525180986584,582.6475219726562,6500,0.0,0.0
2020-12-25 00:00:00+09:00,587.122579634101,602.337646484375,587.122579634101,602.337646484375,5300,0.0,0.0
2020-12-28 00:00:00+09:00,602.337590989333,604.1275986891527,566.5374369929388,581.7525024414062,18300,0.0,0.0
2020-12-29 00:00:00+09:00,583.542561237077,595.1776123046875,583.542561237077,595.1776123046875,4700,0.0,0.0
2020-12-30 00:00:00+09:00,596.9676782862151,596.9676782862151,579.9626019932044,584.4376220703125,3000,0.0,0.0
2021-01-04 00:00:00+09:00,581.7524867359039,584.4374982131465,578.1724714329137,580.8574829101562,1600,0.0,0.0
2021-01-05 00:00:00+09:00,598.7576436910543,598.7576436910543,589.8076041739982,596.0726318359375,3100,0.0,0.0
2021-01-06 00:00:00+09:00,594.282564715485,599.652587890625,594.282564715485,599.652587890625,1900,0.0,0.0
2021-01-07 00:00:00+09:00,605.9176464989072,605.9176464989072,601.442626953125,601.442626953125,1700,0.0,0.0
2021-01-08 00:00:00+09:00,602.3376620601123,604.1276699711378,596.9676383270354,603.232666015625,7800,0.0,0.0
2021-01-12 00:00:00+09:00,601.4426398026316,601.4426398026316,593.387604448132,595.1776123046875,5300,0.0,0.0
2021-01-13 00:00:00+09:00,595.1776123046875,595.1776123046875,591.5975965915766,595.1776123046875,2000,0.0,0.0
2021-01-14 00:00:00+09:00,594.282564715485,600.5475917531483,594.282564715485,599.652587890625,7500,0.0,0.0
2021-01-15 00:00:00+09:00,595.1776304160098,605.9176778821634,595.1776304160098,603.232666015625,10000,0.0,0.0
2021-01-18 00:00:00+09:00,596.9676383270354,603.232666015625,593.3876225049843,603.232666015625,1800,0.0,0.0
2021-01-19 00:00:00+09:00,605.9176464989072,606.8126504080636,592.4925878615607,601.442626953125,2200,0.0,0.0
2021-01-20 00:00:00+09:00,606.8125452579741,609.4975565201775,599.6525152254316,605.9175415039062,6000,0.0,0.0
2021-01-21 00:00:00+09:00,601.4426312362939,612.1826782226562,601.4426312362939,612.1826782226562,2400,0.0,0.0
2021-01-22 00:00:00+09:00,608.6027077804722,611.2877197265625,604.1276878703217,611.2877197265625,1300,0.0,0.0
2021-01-25 00:00:00+09:00,610.3926375397539,610.3926375397539,603.2326066008711,606.8126220703125,3100,0.0,0.0
2021-01-26 00:00:00+09:00,606.8126220703125,608.6026298050332,605.0226143355918,606.8126220703125,1500,0.0,0.0
2021-01-27 00:00:00+09:00,609.49763529042,611.2876430298926,609.49763529042,610.3926391601562,1600,0.0,0.0
2021-01-28 00:00:00+09:00,596.9676357876431,605.0226713529936,588.9126002222926,596.0726318359375,6100,0.0,0.0
2021-01-29 00:00:00+09:00,604.1276529765449,604.1276529765449,596.96762153386,598.7576293945312,5900,0.0,0.0
2021-02-01 00:00:00+09:00,571.9075484186966,588.0176202051388,568.3275324661539,576.382568359375,8700,0.0,0.0
2021-02-02 00:00:00+09:00,585.3326093885634,590.702633327908,577.2775734795464,579.9625854492188,16900,0.0,0.0
2021-02-03 00:00:00+09:00,584.4375638052843,594.2826069934284,584.4375638052843,591.5975952148438,2400,0.0,0.0
2021-02-04 00:00:00+09:00,591.5975715738333,608.6026454919919,591.5975715738333,607.7076416015625,20600,0.0,0.0
2021-02-05 00:00:00+09:00,625.6076783569839,653.3527971396256,625.6076783569839,650.6677856445312,46400,0.0,0.0
2021-02-08 00:00:00+09:00,654.2478540333602,675.7279477362339,653.3528501290739,667.6729125976562,21700,0.0,0.0
2021-02-09 00:00:00+09:00,667.6729912562085,675.72802734375,659.6179551686672,675.72802734375,13100,0.0,0.0
2021-02-10 00:00:00+09:00,672.1480113048427,675.72802734375,659.6179551686672,675.72802734375,7900,0.0,0.0
2021-02-12 00:00:00+09:00,678.4129848160283,695.4180596333165,677.5179808782763,693.6280517578125,21400,0.0,0.0
2021-02-15 00:00:00+09:00,691.8380017183265,701.6830444335938,689.1529900687082,701.6830444335938,8800,0.0,0.0
2021-02-16 00:00:00+09:00,693.627947293795,698.1029663085938,688.2579244760367,698.1029663085938,9400,0.0,0.0
2021-02-17 00:00:00+09:00,698.1030464172363,749.1182690400343,698.1030464172363,744.6432495117188,47600,0.0,0.0
2021-02-18 00:00:00+09:00,752.6982438488119,766.1233017058062,745.5382129917483,756.2782592773438,38800,0.0,0.0
2021-02-19 00:00:00+09:00,742.8532088235851,742.8532088235851,722.2681199043773,739.273193359375,7800,0.0,0.0
2021-02-22 00:00:00+09:00,725.848071632292,751.8031814687117,725.848071632292,732.1130981445312,10700,0.0,0.0
2021-02-24 00:00:00+09:00,729.4281772538727,741.9582318324668,729.4281772538727,730.3231811523438,5100,0.0,0.0
2021-02-25 00:00:00+09:00,728.533208419616,742.853271484375,728.533208419616,742.853271484375,9100,0.0,0.0
2021-02-26 00:00:00+09:00,741.9581196977123,745.538134750536,724.0580444335938,724.0580444335938,8600,0.0,0.0
2021-03-01 00:00:00+09:00,724.9531374654616,725.8481413388757,718.6881103515625,718.6881103515625,2800,0.0,0.0
2021-03-02 00:00:00+09:00,719.5830575796274,733.0081146240234,698.1029663085938,698.1029663085938,8800,0.0,0.0
2021-03-03 00:00:00+09:00,690.047956098773,697.2079867716527,654.247802734375,654.247802734375,9700,0.0,0.0
2021-03-04 00:00:00+09:00,656.0378310500935,669.4628889842701,655.1428271878151,665.8828735351562,9600,0.0,0.0
2021-03-05 00:00:00+09:00,661.4079362457874,684.6780395507812,654.2479044596354,684.6780395507812,8500,0.0,0.0
2021-03-08 00:00:00+09:00,684.6780476323593,715.1081830826863,681.0980316970267,709.7381591796875,5700,0.0,0.0
2021-03-09 00:00:00+09:00,707.0531888352227,707.0531888352227,692.7331242512182,694.5231323242188,2500,0.0,0.0
2021-03-10 00:00:00+09:00,694.522971764718,707.0530253790299,678.4129028320312,678.4129028320312,15000,0.0,0.0
2021-03-11 00:00:00+09:00,684.6780811656605,688.2580972763307,663.1979845016398,669.4630126953125,16100,0.0,0.0
2021-03-12 00:00:00+09:00,664.0928089919599,673.0428468489945,635.4526878494496,645.2977294921875,26900,0.0,0.0
2021-03-15 00:00:00+09:00,653.352800641741,662.3028390066964,641.7177507672991,657.8278198242188,12400,0.0,0.0
2021-03-16 00:00:00+09:00,657.8279719541375,664.9880043019376,656.0379638671875,656.0379638671875,4500,0.0,0.0
2021-03-17 00:00:00+09:00,656.9328797290335,665.882918962399,656.9328797290335,664.9879150390625,3300,0.0,0.0
2021-03-18 00:00:00+09:00,669.4629672245286,670.3579711914062,661.4079315226292,670.3579711914062,4400,0.0,0.0
2021-03-19 00:00:00+09:00,666.7779673341167,669.4629792831131,660.512939453125,660.512939453125,5000,0.0,0.0
2021-03-22 00:00:00+09:00,660.5128954223798,664.9879150390625,658.7228875757066,664.9879150390625,2600,0.0,0.0
2021-03-23 00:00:00+09:00,664.9879164280821,673.9379556801424,664.9879164280821,668.5679321289062,6200,0.0,0.0
2021-03-24 00:00:00+09:00,668.5679235181373,673.9379470002107,640.8228021940914,647.0878295898438,11700,0.0,0.0
2021-03-25 00:00:00+09:00,655.1428859401393,662.3029174804688,655.1428859401393,662.3029174804688,1400,0.0,0.0
2021-03-26 00:00:00+09:00,670.3579711914062,673.9379870589171,669.4629672245286,670.3579711914062,2500,0.0,0.0
2021-03-29 00:00:00+09:00,670.3579167137461,670.3579167137461,649.7728271484375,649.7728271484375,5600,0.0,0.0
2021-03-30 00:00:00+09:00,668.6982606880074,668.6982606880074,649.7728382157053,665.99462890625,2900,5.0,0.0
2021-03-31 00:00:00+09:00,666.8959657393675,674.1056518554688,666.8959657393675,674.1056518554688,2600,0.0,0.0
2021-04-01 00:00:00+09:00,675.9079290896045,675.9079290896045,662.3897705078125,662.3897705078125,1400,0.0,0.0
2021-04-02 00:00:00+09:00,657.8837015592937,663.2909648597811,657.8837015592937,658.784912109375,4500,0.0,0.0
2021-04-05 00:00:00+09:00,668.6982526222757,668.6982526222757,659.6861467917869,664.1921997070312,2000,0.0,0.0
2021-04-06 00:00:00+09:00,666.8958314561779,670.5006737883735,663.2909891239824,664.1921997070312,1900,0.0,0.0
2021-04-07 00:00:00+09:00,657.8836852943389,665.9945800445431,647.9703694885338,655.1800537109375,8500,0.0,0.0
2021-04-08 00:00:00+09:00,658.7850531274146,660.5874746133993,656.0814208984375,656.0814208984375,1200,0.0,0.0
2021-04-09 00:00:00+09:00,660.5874445542046,665.0934980641241,656.0813910442849,663.2910766601562,1400,0.0,0.0
2021-04-12 00:00:00+09:00,656.0812965029762,664.1921916520514,649.7728224981398,662.3897705078125,5300,0.0,0.0
2021-04-13 00:00:00+09:00,662.3897647069506,664.1921858354049,654.2788696289062,654.2788696289062,1000,0.0,0.0
2021-04-14 00:00:00+09:00,656.9825174410049,657.8837280273438,654.2788856819884,657.8837280273438,500,0.0,0.0
2021-04-15 00:00:00+09:00,653.3776909518957,661.4885864257812,653.3776909518957,661.4885864257812,2400,0.0,0.0
2021-04-16 00:00:00+09:00,660.5873758175718,661.4885864257812,654.2789015601052,661.4885864257812,500,0.0,0.0
2021-04-19 00:00:00+09:00,661.488559935693,662.3897705078125,660.5873493635735,662.3897705078125,2600,0.0,0.0
2021-04-20 00:00:00+09:00,649.7729337258652,652.4765659050296,636.2547728300427,646.1680908203125,5900,0.0,0.0
2021-04-21 00:00:00+09:00,647.970402624252,647.970402624252,635.3534545898438,635.3534545898438,3100,0.0,0.0
2021-04-22 00:00:00+09:00,638.9583016822031,643.4643545854627,622.7365112304688,622.7365112304688,6400,0.0,0.0
2021-04-23 00:00:00+09:00,629.0450360528355,629.9462467062062,622.7365614792396,627.2426147460938,1100,0.0,0.0
2021-04-26 00:00:00+09:00,630.8474226478193,636.2546862705148,626.3413696289062,626.3413696289062,1300,0.0,0.0
2021-04-27 00:00:00+09:00,626.341380243716,642.5631713867188,626.341380243716,642.5631713867188,1200,0.0,0.0
2021-04-28 00:00:00+09:00,648.8716674631045,648.8716674631045,633.5510864257812,633.5510864257812,4700,0.0,0.0
2021-04-30 00:00:00+09:00,643.4643268955051,654.2788533979506,639.8594847280233,650.6740112304688,5500,0.0,0.0
2021-05-06 00:00:00+09:00,623.6377273995536,636.2546756417411,623.6377273995536,630.847412109375,8200,0.0,0.0
2021-05-07 00:00:00+09:00,644.3655926248301,648.8716457201087,642.5631713867188,642.5631713867188,2500,0.0,0.0
2021-05-10 00:00:00+09:00,645.2668270275556,647.970458984375,638.0571418093706,647.970458984375,2200,0.0,0.0
2021-05-11 00:00:00+09:00,647.0693015467007,647.0693015467007,636.2547728300427,646.1680908203125,3400,0.0,0.0
2021-05-12 00:00:00+09:00,639.8596023338429,639.8596023338429,621.8353881835938,621.8353881835938,7400,0.0,0.0
2021-05-13 00:00:00+09:00,621.8353188880404,621.8353188880404,599.3050537109375,599.3050537109375,7400,0.0,0.0
2021-05-14 00:00:00+09:00,601.1074644174149,607.4159385567281,594.7989902781017,603.8110961914062,4400,0.0,0.0
2021-05-17 00:00:00+09:00,617.3292983623352,617.3292983623352,606.5147705078125,606.5147705078125,6300,0.0,0.0
2021-05-18 00:00:00+09:00,607.415975467954,620.9341351593773,607.415975467954,619.1317138671875,1600,0.0,0.0
2021-05-19 00:00:00+09:00,619.1316873417344,620.0328979492188,619.1316873417344,620.0328979492188,300,0.0,0.0
2021-05-20 00:00:00+09:00,615.5268850368924,620.9341490342882,608.3171997070312,608.3171997070312,900,0.0,0.0
2021-05-21 00:00:00+09:00,617.3292661267658,620.9341085567031,611.9220024818597,620.0328979492188,1600,0.0,0.0
2021-05-24 00:00:00+09:00,610.1195450928439,625.4401245117188,610.1195450928439,625.4401245117188,2800,0.0,0.0
2021-05-25 00:00:00+09:00,618.2306135761944,627.2427216458183,618.2306135761944,623.6378784179688,800,0.0,0.0
2021-05-26 00:00:00+09:00,623.6377226671918,643.46435546875,623.6377226671918,643.46435546875,3600,0.0,0.0
2021-05-27 00:00:00+09:00,638.0571396720528,638.0571396720528,618.2305053884579,633.5510864257812,2900,0.0,0.0
2021-05-28 00:00:00+09:00,635.3535654847051,644.3656727965449,630.8475118287852,639.859619140625,3000,0.0,0.0
2021-05-31 00:00:00+09:00,639.8596035792538,639.8596035792538,628.1438643587885,636.2547607421875,600,0.0,0.0
2021-06-01 00:00:00+09:00,636.2547607421875,636.2547607421875,636.2547607421875,636.2547607421875,0,0.0,0.0
2021-06-02 00:00:00+09:00,642.5631820764919,642.5631820764919,630.847443833863,638.05712890625,12800,0.0,0.0
2021-06-03 00:00:00+09:00,638.0571821607206,639.8596035792538,629.0450750680551,636.2547607421875,3000,0.0,0.0
2021-06-04 00:00:00+09:00,630.8474017204122,638.958296885389,628.1437699987533,635.3534545898438,5700,0.0,0.0
2021-06-07 00:00:00+09:00,635.3534180202565,641.6618916743583,629.9461548881692,640.7606811523438,6100,0.0,0.0
2021-06-08 00:00:00+09:00,640.7608298718089,643.4644620653609,639.859619140625,639.859619140625,2400,0.0,0.0
2021-06-09 00:00:00+09:00,642.5631929183244,642.5631929183244,633.5510864257812,633.5510864257812,1600,0.0,0.0
2021-06-10 00:00:00+09:00,639.8595609705613,639.8595609705613,632.6498757765269,633.5510864257812,1100,0.0,0.0
2021-06-11 00:00:00+09:00,633.5510334420711,642.5631391809342,629.946191146526,635.3534545898438,5500,0.0,0.0
2021-06-14 00:00:00+09:00,634.4523189484127,634.4523189484127,621.8353694238704,624.5390014648438,9900,0.0,0.0
2021-06-15 00:00:00+09:00,625.4401934393521,630.8474573595771,624.5389827859813,627.2426147460938,1600,0.0,0.0
2021-06-16 00:00:00+09:00,627.2425353741953,633.5510091495105,627.2425353741953,629.9461669921875,1400,0.0,0.0
2021-06-17 00:00:00+09:00,629.9463540667053,629.9463540667053,623.6378784179688,623.6378784179688,3300,0.0,0.0
2021-06-18 00:00:00+09:00,623.6377938940643,629.9462686877904,615.5268977307022,618.2305297851562,7800,0.0,0.0
2021-06-21 00:00:00+09:00,617.3292954388787,626.341401941636,612.8232421875,612.8232421875,1200,0.0,0.0
2021-06-22 00:00:00+09:00,621.8353537239773,623.6377750391192,615.5268791209804,620.9341430664062,5100,0.0,0.0
2021-06-23 00:00:00+09:00,620.934140172498,628.1438253994646,620.934140172498,627.2426147460938,1700,0.0,0.0
2021-06-24 00:00:00+09:00,623.6378095986187,627.2426524286684,621.8353881835938,621.8353881835938,800,0.0,0.0
2021-06-25 00:00:00+09:00,620.0329032908895,628.143798828125,618.2304820603928,628.143798828125,1000,0.0,0.0
2021-06-28 00:00:00+09:00,630.8475418308182,632.6499633789062,626.341487960598,632.6499633789062,2800,0.0,0.0
2021-06-29 00:00:00+09:00,632.6498089441305,634.4522300522335,620.0328611874099,625.4401245117188,5400,0.0,0.0
2021-06-30 00:00:00+09:00,625.4402310136436,629.0450738436933,621.8353881835938,621.8353881835938,1700,0.0,0.0
2021-07-01 00:00:00+09:00,621.8353191641874,621.8353191641874,620.0328979492188,620.0328979492188,700,0.0,0.0
2021-07-02 00:00:00+09:00,620.9341085567031,621.8353191641874,617.3292661267658,620.0328979492188,3000,0.0,0.0
2021-07-05 00:00:00+09:00,623.6378108124558,636.2547607421875,623.6378108124558,636.2547607421875,4500,0.0,0.0
2021-07-06 00:00:00+09:00,639.8594905576692,661.4885437596187,639.8594905576692,658.784912109375,7000,0.0,0.0
2021-07-07 00:00:00+09:00,656.9825174410049,657.8837280273438,646.1679904049389,657.8837280273438,3200,0.0,0.0
2021-07-08 00:00:00+09:00,657.8838423844222,658.7850531274146,652.476577926468,656.0814208984375,5500,0.0,0.0
2021-07-09 00:00:00+09:00,655.1801356959987,666.8958740234375,636.2547122439822,666.8958740234375,9800,0.0,0.0
2021-07-12 00:00:00+09:00,666.8958712453982,676.8091882503974,666.8958712453982,673.204345703125,18100,0.0,0.0
2021-07-13 00:00:00+09:00,674.1055377604166,684.9200651041666,649.7728512369791,675.907958984375,5200,0.0,0.0
2021-07-14 00:00:00+09:00,669.5995059451541,674.1055591480151,666.8958740234375,666.8958740234375,2000,0.0,0.0
2021-07-15 00:00:00+09:00,654.2789068414578,672.3031191511399,654.2789068414578,669.5994873046875,2700,0.0,0.0
2021-07-16 00:00:00+09:00,656.0812965029762,671.4018762290073,656.0812965029762,662.3897705078125,1800,0.0,0.0
2021-07-19 00:00:00+09:00,662.3897890184746,662.3897890184746,651.5752618508261,659.6861572265625,1900,0.0,0.0
2021-07-20 00:00:00+09:00,659.6861731487772,659.6861731487772,642.5631713867188,642.5631713867188,2000,0.0,0.0
2021-07-21 00:00:00+09:00,647.9703694885338,656.9824747665384,640.76068526613,655.1800537109375,2100,0.0,0.0
2021-07-26 00:00:00+09:00,655.1802559531196,655.1802559531196,645.266937087254,652.4766235351562,1200,0.0,0.0
2021-07-27 00:00:00+09:00,654.278904296875,675.907958984375,654.278904296875,675.907958984375,6200,0.0,0.0
2021-07-28 00:00:00+09:00,664.1923523367841,670.5008278677983,654.2790336451903,656.982666015625,7500,0.0,0.0
2021-07-29 00:00:00+09:00,663.2909915453766,665.9946233043931,649.7728327502942,657.8837280273438,2900,0.0,0.0
2021-07-30 00:00:00+09:00,657.8837118858148,662.3897647069506,654.2788696289062,654.2788696289062,1100,0.0,0.0
2021-08-02 00:00:00+09:00,660.5873493635735,666.8958233684099,655.1800859308566,662.3897705078125,5800,0.0,0.0
2021-08-03 00:00:00+09:00,662.3897339361399,669.5994181150367,653.3776287125189,667.7969970703125,1900,0.0,0.0
2021-08-04 00:00:00+09:00,674.10556640625,689.4261474609375,671.4019344554229,689.4261474609375,10300,0.0,0.0
2021-08-05 00:00:00+09:00,657.8837287568476,689.4260993136828,657.8837287568476,678.611572265625,14700,0.0,0.0
2021-08-06 00:00:00+09:00,675.0067483723958,679.5128014322917,663.2910104166666,675.907958984375,2600,0.0,0.0
2021-08-10 00:00:00+09:00,675.907958984375,675.907958984375,674.1055377604166,675.907958984375,1800,0.0,0.0
2021-08-11 00:00:00+09:00,680.413956673563,684.9200093667654,680.413956673563,684.018798828125,3900,0.0,0.0
2021-08-12 00:00:00+09:00,692.129744764398,692.129744764398,685.8212705282641,688.52490234375,5100,0.0,0.0
2021-08-13 00:00:00+09:00,688.5249476382606,688.5249476382606,684.9201049804688,684.9201049804688,1100,0.0,0.0
2021-08-16 00:00:00+09:00,684.9201049804688,684.9201049804688,675.9079983359889,684.9201049804688,3600,0.0,0.0
2021-08-17 00:00:00+09:00,684.9201049804688,684.9201049804688,678.6116303293328,684.9201049804688,1000,0.0,0.0
2021-08-18 00:00:00+09:00,684.9201049804688,684.9201049804688,678.6116303293328,684.9201049804688,900,0.0,0.0
2021-08-19 00:00:00+09:00,674.1055954967181,682.2164916992188,669.5995420508845,682.2164916992188,1300,0.0,0.0
2021-08-20 00:00:00+09:00,672.303097408765,675.9079397541202,657.8837280273438,657.8837280273438,4700,0.0,0.0
2021-08-23 00:00:00+09:00,644.3655374373756,657.8836955654324,644.3655374373756,650.6740112304688,3200,0.0,0.0
2021-08-24 00:00:00+09:00,658.7849466292585,675.0067373807314,657.8837360319544,659.6861572265625,1200,0.0,0.0
2021-08-25 00:00:00+09:00,665.9946314076909,665.9946314076909,658.7849466292585,659.6861572265625,500,0.0,0.0
2021-08-26 00:00:00+09:00,659.686138791454,662.3897705078125,659.686138791454,662.3897705078125,2300,0.0,0.0
2021-08-27 00:00:00+09:00,662.3898208205763,666.8958740234375,656.9825569771431,666.8958740234375,2200,0.0,0.0
2021-08-30 00:00:00+09:00,666.895833890732,666.895833890732,653.3776750956496,657.8837280273438,1900,0.0,0.0
2021-08-31 00:00:00+09:00,656.9824910092125,660.5873332095374,656.9824910092125,658.784912109375,1000,0.0,0.0
2021-09-01 00:00:00+09:00,659.6861572265625,659.6861572265625,653.3776830454342,659.6861572265625,1100,0.0,0.0
2021-09-02 00:00:00+09:00,652.4765358970905,658.7850106916757,652.4765358970905,653.3777465820312,2900,0.0,0.0
2021-09-03 00:00:00+09:00,653.3776961432563,657.8837492201063,648.8716430664062,648.8716430664062,5100,0.0,0.0
2021-09-06 00:00:00+09:00,656.9824747665384,665.9945800445431,653.3776326553366,655.1800537109375,10700,0.0,0.0
2021-09-07 00:00:00+09:00,659.6862526512406,660.5874633789062,657.8838311959094,660.5874633789062,1400,0.0,0.0
2021-09-08 00:00:00+09:00,660.5873758175718,661.4885864257812,656.9825333847338,661.4885864257812,1200,0.0,0.0
2021-09-09 00:00:00+09:00,661.4885864257812,661.4885864257812,656.9825333847338,661.4885864257812,3800,0.0,0.0
2021-09-10 00:00:00+09:00,662.3897816935383,679.5127828529631,662.3897816935383,678.611572265625,4800,0.0,0.0
2021-09-13 00:00:00+09:00,675.907958984375,677.7103802083333,671.4019059244791,675.907958984375,6200,0.0,0.0
2021-09-14 00:00:00+09:00,678.611545795471,680.4139668998415,676.8091246911006,679.5127563476562,5900,0.0,0.0
2021-09-15 00:00:00+09:00,682.2163880042119,682.2163880042119,672.3030719301745,679.5127563476562,2300,0.0,0.0
2021-09-16 00:00:00+09:00,682.2165641784668,682.2165641784668,657.8838729858398,677.7105102539062,5500,0.0,0.0
2021-09-17 00:00:00+09:00,680.4140147714639,699.3394376988822,680.4140147714639,690.3273315429688,16700,0.0,0.0
2021-09-21 00:00:00+09:00,680.4140487332699,692.1297873207301,680.4140487332699,691.2285766601562,13600,0.0,0.0
2021-09-22 00:00:00+09:00,699.3393307376218,699.3393307376218,681.3151211825284,693.9320678710938,3900,0.0,0.0
2021-09-24 00:00:00+09:00,691.228568761489,695.7346220128677,675.9079877068015,689.4261474609375,15700,0.0,0.0
2021-09-27 00:00:00+09:00,684.018902155358,686.7225341796875,684.018902155358,686.7225341796875,1200,0.0,0.0
2021-09-28 00:00:00+09:00,686.7225263093646,686.7225263093646,680.4140516582288,684.9201049804688,5300,0.0,0.0
2021-09-29 00:00:00+09:00,686.7343617139832,687.6415405273438,685.8271829006225,687.6415405273438,700,5.0,0.0
2021-09-30 00:00:00+09:00,699.4348596495382,699.4348596495382,687.6415351677691,692.1774291992188,2900,0.0,0.0
2021-10-01 00:00:00+09:00,692.1774806315104,698.5277327473959,680.3841552734375,680.3841552734375,2700,0.0,0.0
2021-10-04 00:00:00+09:00,687.6416193062332,687.6416193062332,674.033935546875,674.033935546875,4200,0.0,0.0
2021-10-05 00:00:00+09:00,674.9411548511403,674.9411548511403,653.1688595333615,671.3124389648438,4000,0.0,0.0
2021-10-06 00:00:00+09:00,681.2913625659212,687.6416149466954,678.5698258313037,686.7344360351562,2700,0.0,0.0
2021-10-07 00:00:00+09:00,690.363219403206,690.363219403206,681.2914293979077,682.1986083984375,1000,0.0,0.0
2021-10-08 00:00:00+09:00,684.0129333415679,689.4560070816865,684.0129333415679,688.548828125,1300,0.0,0.0
2021-10-11 00:00:00+09:00,693.9919504232618,697.6206665039062,690.3632343426173,697.6206665039062,4400,0.0,0.0
2021-10-12 00:00:00+09:00,696.7132686491935,697.6204473844139,674.9409790039062,674.9409790039062,5200,0.0,0.0
2021-10-13 00:00:00+09:00,679.47698212694,679.47698212694,670.4051933134962,675.8482666015625,1900,0.0,0.0
2021-10-14 00:00:00+09:00,675.8483553947286,682.1986083984375,668.5909233904899,682.1986083984375,800,0.0,0.0
2021-10-15 00:00:00+09:00,681.2913438455188,681.2913438455188,662.2405872266694,663.1477661132812,16300,0.0,0.0
2021-10-18 00:00:00+09:00,663.1478548540979,670.4052869181646,661.3334968380811,669.4981079101562,7000,0.0,0.0
2021-10-19 00:00:00+09:00,670.4052599932696,671.3124389648438,670.4052599932696,671.3124389648438,300,0.0,0.0
2021-10-20 00:00:00+09:00,674.0339758795661,674.0339758795661,666.7765441069732,671.3124389648438,600,0.0,0.0
2021-10-21 00:00:00+09:00,680.3841184376057,680.3841184376057,666.7764360688536,670.4051513671875,2700,0.0,0.0
2021-10-22 00:00:00+09:00,664.9620129164829,674.9409790039062,664.9620129164829,674.9409790039062,1100,0.0,0.0
2021-10-25 00:00:00+09:00,666.7764892578125,671.3123837425595,662.2405947730655,666.7764892578125,1800,0.0,0.0
2021-10-26 00:00:00+09:00,671.3124062003221,677.6626586914062,671.3124062003221,677.6626586914062,1000,0.0,0.0
2021-10-27 00:00:00+09:00,677.6626166834039,677.6626166834039,668.5908279727828,672.2195434570312,2900,0.0,0.0
2021-10-28 00:00:00+09:00,685.827228672974,723.9287413770281,681.2913343034437,709.4138793945312,27700,0.0,0.0
2021-10-29 00:00:00+09:00,721.207206716429,725.7431010982933,704.8779869417174,717.5784912109375,15800,0.0,0.0
2021-11-01 00:00:00+09:00,729.3718448774976,733.9077394351934,671.3123945389902,686.7344360351562,35600,0.0,0.0
2021-11-02 00:00:00+09:00,681.2912942144184,685.8271883170444,671.3123271886413,683.1056518554688,13000,0.0,0.0
2021-11-04 00:00:00+09:00,680.384162882595,684.9200573018122,673.1267318118472,684.0128784179688,7100,0.0,0.0
2021-11-05 00:00:00+09:00,684.0128227610772,684.0128227610772,675.8482134708257,679.4769287109375,1500,0.0,0.0
2021-11-08 00:00:00+09:00,679.4770165460018,684.9200901097881,671.3124062003221,677.6626586914062,2500,0.0,0.0
2021-11-09 00:00:00+09:00,680.3841532965904,684.0128687808389,671.3123645859691,672.2195434570312,1900,0.0,0.0
2021-11-10 00:00:00+09:00,677.6627189822314,677.6627189822314,669.4981079101562,669.4981079101562,1700,0.0,0.0
2021-11-11 00:00:00+09:00,669.4979166555795,679.4768828929932,663.1476654135889,665.8692016601562,17800,0.0,0.0
2021-11-12 00:00:00+09:00,665.8693918781229,676.755539974223,665.8693918781229,669.4981079101562,11400,0.0,0.0
2021-11-15 00:00:00+09:00,674.9410645197391,674.9410645197391,664.9620971679688,664.9620971679688,1900,0.0,0.0
2021-11-16 00:00:00+09:00,665.8692913595964,674.9410800702176,664.9621124885343,672.2195434570312,2100,0.0,0.0
2021-11-17 00:00:00+09:00,666.7763804090121,668.5907379067237,665.8692016601562,665.8692016601562,1300,0.0,0.0
2021-11-18 00:00:00+09:00,670.4052599932696,677.6626917658625,667.6837230785474,671.3124389648438,3900,0.0,0.0
2021-11-19 00:00:00+09:00,671.312418178108,671.312418178108,666.7765234606884,668.5908813476562,1200,0.0,0.0
2021-11-22 00:00:00+09:00,670.4050853278047,674.9409790039062,670.4050853278047,674.9409790039062,900,0.0,0.0
2021-11-24 00:00:00+09:00,671.3123721948406,675.8482666015625,669.4980144321519,675.8482666015625,700,0.0,0.0
2021-11-25 00:00:00+09:00,671.3123721948406,683.1056976523175,667.6836566694631,675.8482666015625,7600,0.0,0.0
2021-11-26 00:00:00+09:00,678.5697799203829,678.5697799203829,664.9620971679688,664.9620971679688,2800,0.0,0.0
2021-11-29 00:00:00+09:00,663.1478035940252,663.1478035940252,640.4683301468971,644.0970458984375,2400,0.0,0.0
2021-11-30 00:00:00+09:00,645.0041904772743,655.8903371519962,642.2826538085938,642.2826538085938,18500,0.0,0.0
2021-12-01 00:00:00+09:00,643.1898269546316,661.3334045838172,639.5611114287944,646.8185424804688,16700,0.0,0.0
2021-12-02 00:00:00+09:00,634.1180822438207,639.5611559111496,627.7678296319369,631.3965454101562,6400,0.0,0.0
2021-12-03 00:00:00+09:00,633.2107968763871,642.2825847972523,624.139008955522,638.6538696289062,5300,0.0,0.0
2021-12-06 00:00:00+09:00,640.4682903102538,650.4472580063059,640.4682903102538,646.8185424804688,11400,0.0,0.0
2021-12-07 00:00:00+09:00,646.8185518122901,662.2405930195958,646.8185518122901,658.6118774414062,22300,0.0,0.0
2021-12-08 00:00:00+09:00,659.5190756903754,664.0549702962239,653.1688232421875,653.1688232421875,7300,0.0,0.0
2021-12-09 00:00:00+09:00,663.1477742744544,663.1477742744544,631.3965128522849,637.7467651367188,8800,0.0,0.0
2021-12-10 00:00:00+09:00,641.3754618409192,672.2195434570312,641.3754618409192,672.2195434570312,11800,0.0,0.0
2021-12-13 00:00:00+09:00,677.6627062629251,689.4560331456802,672.2196323170381,678.5698852539062,29000,0.0,0.0
2021-12-14 00:00:00+09:00,664.9621373006743,666.7764951104988,658.6118849662886,662.2406005859375,5900,0.0,0.0
2021-12-15 00:00:00+09:00,662.240606478987,664.9621432179418,656.7975330010776,657.7047119140625,1400,0.0,0.0
2021-12-16 00:00:00+09:00,659.519105164901,667.6837158203125,659.519105164901,667.6837158203125,4000,0.0,0.0
2021-12-17 00:00:00+09:00,654.0759904417273,679.4769997792702,654.0759904417273,662.2406005859375,3100,0.0,0.0
2021-12-20 00:00:00+09:00,662.2405776339986,664.9621142544122,650.4472522788725,651.3544311523438,2600,0.0,0.0
2021-12-21 00:00:00+09:00,647.7257307068376,659.5190563359537,641.3754784450058,658.6118774414062,16200,0.0,0.0
2021-12-22 00:00:00+09:00,662.2406005859375,663.1477794908498,653.168811536815,662.2406005859375,1200,0.0,0.0
2021-12-23 00:00:00+09:00,664.0549449998931,669.4980183195644,653.1687983605506,663.1477661132812,1800,0.0,0.0
2021-12-24 00:00:00+09:00,665.8693027731168,666.7764816597288,657.70469279361,663.1477661132812,1800,0.0,0.0
2021-12-27 00:00:00+09:00,657.7047800658007,664.0550331147119,657.7047800658007,661.33349609375,3000,0.0,0.0
2021-12-28 00:00:00+09:00,658.6118679394394,670.4051933984101,641.375469191713,646.8185424804688,15500,0.0,0.0
2021-12-29 00:00:00+09:00,644.0970058360908,654.075973532143,644.0970058360908,646.8185424804688,4500,0.0,0.0
2021-12-30 00:00:00+09:00,651.3544787750457,663.1478049924211,645.9114051362569,652.2616577148438,1900,0.0,0.0
2022-01-04 00:00:00+09:00,656.7975433635585,681.2913744005972,656.7975433635585,677.6626586914062,7800,0.0,0.0
2022-01-05 00:00:00+09:00,678.5697975260417,681.2913341471354,675.848260904948,680.3841552734375,5900,0.0,0.0
2022-01-06 00:00:00+09:00,680.3841879679088,680.3841879679088,672.2195777122939,674.033935546875,3400,0.0,0.0
2022-01-07 00:00:00+09:00,680.3842503973779,684.9201454000271,674.033997393669,682.1986083984375,5600,0.0,0.0
2022-01-11 00:00:00+09:00,682.1985621402139,689.4559936523438,681.2913832011976,689.4559936523438,5700,0.0,0.0
2022-01-12 00:00:00+09:00,689.4559517210296,689.4559517210296,683.1056995341253,684.0128784179688,7400,0.0,0.0
2022-01-13 00:00:00+09:00,687.6415862630208,687.6415862630208,680.3841552734375,680.3841552734375,800,0.0,0.0
2022-01-14 00:00:00+09:00,682.198494078621,685.8272094726562,674.0338844420418,685.8272094726562,3200,0.0,0.0
2022-01-17 00:00:00+09:00,685.8272094726562,689.4559248666915,685.8272094726562,685.8272094726562,1400,0.0,0.0
2022-01-18 00:00:00+09:00,685.8272690370859,685.8272690370859,677.6626586914062,677.6626586914062,1800,0.0,0.0
2022-01-19 00:00:00+09:00,677.6627158140525,677.6627158140525,636.8396606445312,636.8396606445312,6300,0.0,0.0
2022-01-20 00:00:00+09:00,653.1688232421875,661.3334335327148,653.1688232421875,653.1688232421875,3800,0.0,0.0
2022-01-21 00:00:00+09:00,666.7765221228966,666.7765221228966,645.0042275229654,660.42626953125,1900,0.0,0.0
2022-01-24 00:00:00+09:00,660.426260653409,661.333439582878,642.2826820640297,648.6329345703125,3100,0.0,0.0
2022-01-25 00:00:00+09:00,650.4472790084071,658.6118892051654,649.5401000976562,649.5401000976562,1600,0.0,0.0
2022-01-26 00:00:00+09:00,650.4473266601562,650.4473266601562,650.4473266601562,650.4473266601562,200,0.0,0.0
2022-01-27 00:00:00+09:00,654.9832407198741,654.9832407198741,610.5314695352843,636.8396606445312,6200,0.0,0.0
2022-01-28 00:00:00+09:00,652.2616908898514,653.16886987579,645.0042590023427,645.9114379882812,4100,0.0,0.0
2022-01-31 00:00:00+09:00,651.3544653998481,662.2406124538845,646.8185707939996,653.1688232421875,2600,0.0,0.0
2022-02-01 00:00:00+09:00,653.1688277376948,653.1688277376948,623.2319231330504,640.4683227539062,4000,0.0,0.0
2022-02-02 00:00:00+09:00,640.4682791091265,657.7046775554061,639.5611002435328,655.8903198242188,2800,0.0,0.0
2022-02-03 00:00:00+09:00,656.7975389268663,656.7975389268663,653.1688232421875,653.1688232421875,1400,0.0,0.0
2022-02-04 00:00:00+09:00,655.8903540880927,657.7047119140625,654.9831751751078,657.7047119140625,700,0.0,0.0
2022-02-07 00:00:00+09:00,666.7765708861313,669.4981079101562,663.1478548540979,669.4981079101562,2200,0.0,0.0
2022-02-08 00:00:00+09:00,670.4051933134962,679.47698212694,670.4051933134962,675.8482666015625,1600,0.0,0.0
2022-02-09 00:00:00+09:00,680.3840514152281,680.3840514152281,669.4979065925844,674.9409790039062,2900,0.0,0.0
2022-02-10 00:00:00+09:00,677.6626660871442,681.2913818359375,675.8483082127476,681.2913818359375,1900,0.0,0.0
2022-02-14 00:00:00+09:00,681.2913668851994,681.2913668851994,672.2195777122939,674.033935546875,6800,0.0,0.0
2022-02-15 00:00:00+09:00,674.0339049873195,675.8482627396406,655.8903274641076,659.51904296875,1400,0.0,0.0
2022-02-16 00:00:00+09:00,662.2405606174859,667.6836337184516,654.9831298161985,664.9620971679688,1400,0.0,0.0
2022-02-17 00:00:00+09:00,664.9620971679688,664.9620971679688,664.9620971679688,664.9620971679688,0,0.0,0.0
2022-02-18 00:00:00+09:00,666.776479789755,666.776479789755,654.983154296875,654.983154296875,2000,0.0,0.0
2022-02-21 00:00:00+09:00,654.9831524136023,654.9831524136023,645.0041847175502,646.8185424804688,2300,0.0,0.0
2022-02-22 00:00:00+09:00,645.9113977819055,652.2616502881883,618.6960298978365,648.6329345703125,7500,0.0,0.0
2022-02-24 00:00:00+09:00,642.2826284883324,642.2826284883324,623.2318725585938,623.2318725585938,2200,0.0,0.0
2022-02-25 00:00:00+09:00,623.2319231330504,645.0042173909736,621.4175652782235,640.4683227539062,5900,0.0,0.0
2022-02-28 00:00:00+09:00,637.7467575400684,637.7467575400684,623.2318953485448,634.1180419921875,3600,0.0,0.0
2022-03-01 00:00:00+09:00,638.6538878294036,675.8482193649228,638.6538878294036,654.075927734375,3400,0.0,0.0
2022-03-02 00:00:00+09:00,646.8186169742198,647.7257959601584,638.6540061007724,645.9114379882812,1700,0.0,0.0
2022-03-03 00:00:00+09:00,645.9112999655983,645.9112999655983,637.7466908368198,638.6538696289062,2600,0.0,0.0
2022-03-04 00:00:00+09:00,638.6540186520656,638.6540186520656,632.3037656256955,636.8396606445312,1500,0.0,0.0
2022-03-07 00:00:00+09:00,642.2826500934103,642.2826500934103,623.231893522843,625.9534301757812,4300,0.0,0.0
2022-03-08 00:00:00+09:00,635.9324191094821,641.375492596867,618.6960197327629,628.6749877929688,2900,0.0,0.0
2022-03-09 00:00:00+09:00,635.0252735371492,635.0252735371492,622.3247680664062,622.3247680664062,1000,0.0,0.0
2022-03-10 00:00:00+09:00,625.953445215963,642.2826655259447,625.953445215963,633.2108764648438,6600,0.0,0.0
2022-03-11 00:00:00+09:00,638.6538616071429,638.6538616071429,629.5820738002233,635.025146484375,2800,0.0,0.0
2022-03-14 00:00:00+09:00,630.48933807063,630.48933807063,622.3247279373413,625.0462646484375,13500,0.0,0.0
2022-03-15 00:00:00+09:00,625.0462646484375,629.5821591669312,622.3247279373413,625.0462646484375,3100,0.0,0.0
2022-03-16 00:00:00+09:00,624.13916659041,635.9324938661008,618.696092463168,619.603271484375,4500,0.0,0.0
2022-03-17 00:00:00+09:00,621.417629526789,628.6750616964449,619.603271484375,619.603271484375,5200,0.0,0.0
2022-03-18 00:00:00+09:00,623.2318878393379,644.0970019882532,622.3247089632981,630.4893188476562,16300,0.0,0.0
2022-03-22 00:00:00+09:00,635.0253154776689,637.7468525440017,622.3248091681155,627.7678833007812,12700,0.0,0.0
2022-03-23 00:00:00+09:00,627.7678833007812,633.210957433447,625.0463462344484,627.7678833007812,11700,0.0,0.0
2022-03-24 00:00:00+09:00,619.6031986473271,628.6749877929688,619.6031986473271,628.6749877929688,10400,0.0,0.0
2022-03-25 00:00:00+09:00,630.4893664656014,631.3965454101562,626.8606506873821,631.3965454101562,7500,0.0,0.0
2022-03-28 00:00:00+09:00,626.8606090600939,628.6749668287194,623.231893522843,625.9534301757812,5000,0.0,0.0
2022-03-29 00:00:00+09:00,620.5103759765625,624.1390916255483,618.6960181520697,620.5103759765625,6700,0.0,0.0
2022-03-30 00:00:00+09:00,627.8428344726562,632.4256288848654,619.5938045306797,627.8428344726562,13000,7.0,0.0
2022-03-31 00:00:00+09:00,618.6772641882433,632.4256478368709,618.6772641882433,621.4269409179688,5600,0.0,0.0
2022-04-01 00:00:00+09:00,617.7606385088741,625.0931089956264,616.8440796980301,620.5103149414062,4500,0.0,0.0
2022-04-04 00:00:00+09:00,616.8441278833542,627.8428344726562,615.0110101184706,627.8428344726562,3300,0.0,0.0
2022-04-05 00:00:00+09:00,625.0932259644277,625.0932259644277,617.7607541056075,619.5938720703125,4200,0.0,0.0
2022-04-06 00:00:00+09:00,615.9276242581602,620.5104190815097,614.0945063288204,617.7607421875,7100,0.0,0.0
2022-04-07 00:00:00+09:00,615.0110404519473,623.2600708007812,615.0110404519473,623.2600708007812,4200,0.0,0.0
2022-04-08 00:00:00+09:00,623.2600788341528,626.0097556525387,605.845458984375,605.845458984375,8500,0.0,0.0
2022-04-11 00:00:00+09:00,601.2626157734728,607.6785278320312,601.2626157734728,607.6785278320312,2300,0.0,0.0
2022-04-12 00:00:00+09:00,604.9289297842764,610.4282836914062,601.2626938461899,610.4282836914062,6000,0.0,0.0
2022-04-13 00:00:00+09:00,601.2627012580859,616.8442041870303,597.5964652748049,602.1792602539062,4700,0.0,0.0
2022-04-14 00:00:00+09:00,602.1790833632634,615.9274642619681,598.5128484569423,603.0956420898438,3600,0.0,0.0
2022-04-15 00:00:00+09:00,599.4295164899129,601.2626342773438,599.4295164899129,601.2626342773438,400,0.0,0.0
2022-04-18 00:00:00+09:00,595.7633368913517,596.6798958711846,591.1805419921875,591.1805419921875,4200,0.0,0.0
2022-04-19 00:00:00+09:00,591.1805110051081,595.7633056640625,591.1805110051081,595.7633056640625,1100,0.0,0.0
2022-04-20 00:00:00+09:00,594.8467346944927,599.4295292607061,589.3473812150366,593.93017578125,5900,0.0,0.0
2022-04-21 00:00:00+09:00,589.3472662456965,595.763177386785,589.3472662456965,594.8466186523438,1400,0.0,0.0
2022-04-22 00:00:00+09:00,589.3473567671003,599.4295043945312,589.3473567671003,599.4295043945312,3700,0.0,0.0
2022-04-25 00:00:00+09:00,594.84677190366,599.4295667565387,590.2639770507812,590.2639770507812,4800,0.0,0.0
2022-04-26 00:00:00+09:00,591.1805228952982,597.596435546875,591.1805228952982,597.596435546875,1700,0.0,0.0
2022-04-27 00:00:00+09:00,595.7633165434409,607.6785828743097,595.7633165434409,606.7620239257812,1900,0.0,0.0
2022-04-28 00:00:00+09:00,610.4282161458333,622.3434816261574,606.761980613426,618.67724609375,8400,0.0,0.0
2022-05-02 00:00:00+09:00,591.1805288130803,603.0957952852818,583.8480571378793,598.5130004882812,10500,0.0,0.0
2022-05-06 00:00:00+09:00,607.6785758596951,616.8441652391778,601.2626632940573,615.0110473632812,18000,0.0,0.0
2022-05-09 00:00:00+09:00,618.677271000473,627.84286020048,609.511681800466,613.1779174804688,10300,0.0,0.0
2022-05-10 00:00:00+09:00,613.1779486414898,613.1779486414898,601.2626820759601,608.5951538085938,4400,0.0,0.0
2022-05-11 00:00:00+09:00,604.9288330078125,615.9275390624999,604.9288330078125,614.0944213867188,9000,0.0,0.0
2022-05-12 00:00:00+09:00,604.9288949819711,604.9288949819711,595.7633056640625,595.7633056640625,9100,0.0,0.0
2022-05-13 00:00:00+09:00,596.679846455546,596.679846455546,572.8493149534812,593.0136108398438,13600,0.0,0.0
2022-05-16 00:00:00+09:00,597.5964548510175,604.0123677098474,591.1805419921875,591.1805419921875,5100,0.0,0.0
2022-05-17 00:00:00+09:00,584.7646053986691,594.8467537676116,584.7646053986691,587.5142822265625,3700,0.0,0.0
2022-05-18 00:00:00+09:00,584.7645807045136,594.8467286476949,582.9314628966624,593.0136108398438,5200,0.0,0.0
2022-05-19 00:00:00+09:00,582.0148620605469,586.59765625,580.1817443847656,586.59765625,3300,0.0,0.0
2022-05-20 00:00:00+09:00,582.0149285707756,599.4295484807674,582.0149285707756,587.5142822265625,6300,0.0,0.0
2022-05-23 00:00:00+09:00,583.8480224609375,587.5142580807864,583.8480224609375,583.8480224609375,2400,0.0,0.0
2022-05-24 00:00:00+09:00,585.6810974121094,595.7632446289062,579.2651855468749,586.59765625,3700,0.0,0.0
2022-05-25 00:00:00+09:00,587.5141487768141,596.6797361212261,587.5141487768141,594.8466186523438,12900,0.0,0.0
2022-05-26 00:00:00+09:00,592.0970579547646,593.93017578125,587.5142633885514,593.93017578125,1600,0.0,0.0
2022-05-27 00:00:00+09:00,597.596429546491,604.0123421336466,592.0970759003576,596.6798706054688,5100,0.0,0.0
2022-05-30 00:00:00+09:00,580.1817564206702,600.3460512725735,579.2651975637656,588.4307861328125,10500,0.0,0.0
2022-05-31 00:00:00+09:00,585.6811835352179,587.514301480555,581.098388671875,581.098388671875,4200,0.0,0.0
2022-06-01 00:00:00+09:00,582.014855995238,587.5142089652717,582.014855995238,585.6810913085938,1100,0.0,0.0
2022-06-02 00:00:00+09:00,586.5977470930233,595.7633368913517,586.5977470930233,591.1805419921875,3600,0.0,0.0
2022-06-03 00:00:00+09:00,591.1804260631833,594.8466612635751,586.5976320626935,592.0969848632812,4600,0.0,0.0
2022-06-06 00:00:00+09:00,595.7633056640625,598.5129824594351,593.0136288686899,595.7633056640625,4800,0.0,0.0
2022-06-07 00:00:00+09:00,593.0136599518532,605.8454856695131,586.5977470930233,591.1805419921875,20900,0.0,0.0
2022-06-08 00:00:00+09:00,594.8466857910156,594.8466857910156,586.59765625,586.59765625,6600,0.0,0.0
2022-06-09 00:00:00+09:00,588.430865052689,595.7633368913517,578.3487162745276,591.1805419921875,11000,0.0,0.0
2022-06-10 00:00:00+09:00,600.3461063695577,600.3461063695577,589.347399077291,596.6798706054688,5500,0.0,0.0
2022-06-13 00:00:00+09:00,589.3473758907109,593.930170415522,583.8480224609375,583.8480224609375,11400,0.0,0.0
2022-06-14 00:00:00+09:00,581.0983517446488,584.7645874023438,581.0983517446488,584.7645874023438,1800,0.0,0.0
2022-06-15 00:00:00+09:00,582.9314695734963,585.6811463167675,581.0983517446488,584.7645874023438,2600,0.0,0.0
2022-06-16 00:00:00+09:00,584.7645385742187,586.59765625,584.7645385742187,586.59765625,1500,0.0,0.0
2022-06-17 00:00:00+09:00,580.1818296992064,582.0149476445436,571.0162399725207,581.098388671875,5100,0.0,0.0
2022-06-20 00:00:00+09:00,581.0983215621297,581.0983215621297,580.1817626953125,580.1817626953125,300,0.0,0.0
2022-06-21 00:00:00+09:00,580.1818296992064,586.5977425078864,580.1818296992064,581.098388671875,500,0.0,0.0
2022-06-22 00:00:00+09:00,584.7645813658997,584.7645813658997,582.014904651013,583.8480224609375,600,0.0,0.0
2022-06-23 00:00:00+09:00,583.84802848792,584.7645874023438,582.9314695734963,584.7645874023438,400,0.0,0.0
2022-06-24 00:00:00+09:00,585.6811463167675,585.6811463167675,583.84802848792,584.7645874023438,1100,0.0,0.0
2022-06-27 00:00:00+09:00,586.5977044753087,593.93017578125,579.2652331693673,593.93017578125,2200,0.0,0.0
2022-06-28 00:00:00+09:00,595.7632936077354,595.7632936077354,593.93017578125,593.93017578125,2400,0.0,0.0
2022-06-29 00:00:00+09:00,593.93017578125,593.93017578125,593.93017578125,593.93017578125,100,0.0,0.0
2022-06-30 00:00:00+09:00,593.9301697437693,593.9301697437693,593.0136108398438,593.0136108398438,500,0.0,0.0
2022-07-01 00:00:00+09:00,588.4308108923569,588.4308108923569,582.0148986240603,582.9314575195312,900,0.0,0.0
2022-07-04 00:00:00+09:00,584.7645385742187,589.3473327636718,583.847979736328,586.59765625,2700,0.0,0.0
2022-07-05 00:00:00+09:00,588.4308591096298,594.84677190366,583.8480642567511,590.2639770507812,4200,0.0,0.0
2022-07-06 00:00:00+09:00,585.6811821979026,590.2639770507812,583.8480642567511,590.2639770507812,3100,0.0,0.0
2022-07-07 00:00:00+09:00,593.0135011834614,597.5962948556673,591.180383714579,594.8466186523438,4200,0.0,0.0
2022-07-08 00:00:00+09:00,597.5964828953598,604.928955078125,594.8468058268229,604.928955078125,10800,0.0,0.0
2022-07-11 00:00:00+09:00,604.928844996861,617.760668981643,598.5129330044701,615.9275512695312,11100,0.0,0.0
2022-07-12 00:00:00+09:00,591.1805179970871,603.095784251292,586.5977232839314,587.5142822265625,26600,0.0,0.0
2022-07-13 00:00:00+09:00,586.5976501369328,588.4307677936107,582.014855995238,585.6810913085938,4900,0.0,0.0
2022-07-14 00:00:00+09:00,581.0983946312131,583.8480715774176,579.2652766670768,582.0149536132812,3300,0.0,0.0
2022-07-15 00:00:00+09:00,577.4320800394952,583.847992039934,576.5155211822896,579.2651977539062,2200,0.0,0.0
2022-07-19 00:00:00+09:00,579.2652038284953,583.8479981625815,579.2652038284953,580.1817626953125,3000,0.0,0.0
2022-07-20 00:00:00+09:00,582.014855995238,591.1804442786275,582.014855995238,585.6810913085938,7300,0.0,0.0
2022-07-21 00:00:00+09:00,582.0149536132812,584.7646305594857,582.0149536132812,582.0149536132812,2500,0.0,0.0
2022-07-22 00:00:00+09:00,583.8480224609375,589.3473758907109,583.8480224609375,583.8480224609375,2400,0.0,0.0
2022-07-25 00:00:00+09:00,585.6811881131904,594.8467779115189,585.6811881131904,591.1805419921875,5400,0.0,0.0
2022-07-26 00:00:00+09:00,591.1804627035266,592.0970215604312,583.8479918482891,588.4307861328125,3300,0.0,0.0
2022-07-27 00:00:00+09:00,591.1805169593355,597.596429546491,591.1805169593355,596.6798706054688,1600,0.0,0.0
2022-07-28 00:00:00+09:00,603.0957649136767,604.9288827401621,593.93017578125,593.93017578125,5200,0.0,0.0
2022-07-29 00:00:00+09:00,594.8466857910156,602.1791564941406,586.59765625,586.59765625,5000,0.0,0.0
2022-08-01 00:00:00+09:00,582.014880428947,582.9314392957642,576.5155272280435,580.1817626953125,4800,0.0,0.0
2022-08-02 00:00:00+09:00,582.9315066172121,582.9315066172121,579.2652707265379,581.098388671875,2300,0.0,0.0
2022-08-03 00:00:00+09:00,583.8479981625815,583.8479981625815,580.1817626953125,580.1817626953125,400,0.0,0.0
2022-08-04 00:00:00+09:00,584.7645324802548,585.6810913085938,584.7645324802548,585.6810913085938,1400,0.0,0.0
2022-08-05 00:00:00+09:00,592.0971503131683,592.0971503131683,587.5143550321066,589.3474731445312,2400,0.0,0.0
2022-08-08 00:00:00+09:00,589.3473819744625,589.3473819744625,583.84802848792,584.7645874023438,1600,0.0,0.0
2022-08-09 00:00:00+09:00,584.7646003844246,588.4308361235119,577.43212890625,577.43212890625,4400,0.0,0.0
2022-08-10 00:00:00+09:00,577.4321587029405,582.0149536132812,573.7659227746678,582.0149536132812,2800,0.0,0.0
2022-08-12 00:00:00+09:00,582.0149536132812,590.2639844518947,582.0149536132812,582.0149536132812,4700,0.0,0.0
2022-08-15 00:00:00+09:00,577.4320739649366,579.2651916600634,573.765838574683,578.3486328125,4100,0.0,0.0
2022-08-16 00:00:00+09:00,576.5155699714782,577.43212890625,575.5990110367063,577.43212890625,3700,0.0,0.0
2022-08-17 00:00:00+09:00,580.1818057105654,580.1818057105654,577.43212890625,577.43212890625,500,0.0,0.0
2022-08-18 00:00:00+09:00,572.8492615329233,575.5989379882812,572.8492615329233,575.5989379882812,3600,0.0,0.0
2022-08-19 00:00:00+09:00,574.6824461143991,576.5155639648438,573.7658871891767,576.5155639648438,800,0.0,0.0
2022-08-22 00:00:00+09:00,577.4321108001271,577.4321108001271,574.6824340820312,574.6824340820312,900,0.0,0.0
2022-08-23 00:00:00+09:00,576.5155518940952,577.4321108001271,574.6824340820312,574.6824340820312,400,0.0,0.0
2022-08-24 00:00:00+09:00,577.43212890625,577.43212890625,575.5990110367063,577.43212890625,700,0.0,0.0
2022-08-25 00:00:00+09:00,577.4321527812007,581.098388671875,577.4321527812007,581.098388671875,1200,0.0,0.0
2022-08-26 00:00:00+09:00,585.6811035930072,585.6811035930072,577.4320739649366,578.3486328125,3000,0.0,0.0
2022-08-29 00:00:00+09:00,577.4320739649366,578.3486328125,577.4320739649366,578.3486328125,600,0.0,0.0
2022-08-30 00:00:00+09:00,577.432122890066,577.432122890066,576.5155639648438,576.5155639648438,400,0.0,0.0
2022-08-31 00:00:00+09:00,576.515496806734,576.515496806734,572.8492615329233,575.5989379882812,1900,0.0,0.0
2022-09-01 00:00:00+09:00,577.43212890625,577.43212890625,577.43212890625,577.43212890625,100,0.0,0.0
2022-09-02 00:00:00+09:00,576.5155639648438,576.5155639648438,573.7658871891767,576.5155639648438,1100,0.0,0.0
2022-09-05 00:00:00+09:00,579.2652467757937,579.2652467757937,572.8493342323909,577.43212890625,3600,0.0,0.0
2022-09-06 00:00:00+09:00,577.4321108001271,577.4321108001271,574.6824340820312,574.6824340820312,1000,0.0,0.0
2022-09-07 00:00:00+09:00,579.2653339092548,579.2653339092548,571.932861328125,571.932861328125,6600,0.0,0.0
2022-09-08 00:00:00+09:00,576.5154845021403,576.5154845021403,573.7658081054688,573.7658081054688,4600,0.0,0.0
2022-09-09 00:00:00+09:00,576.5155518940952,576.5155518940952,573.7658751759993,574.6824340820312,1800,0.0,0.0
2022-09-12 00:00:00+09:00,582.014880428947,582.014880428947,574.6824094944091,580.1817626953125,5500,0.0,0.0
2022-09-13 00:00:00+09:00,580.1817505076268,580.1817505076268,578.3486328125,578.3486328125,500,0.0,0.0
2022-09-14 00:00:00+09:00,577.4320433010308,577.4320433010308,572.8492493065783,573.7658081054688,700,0.0,0.0
2022-09-15 00:00:00+09:00,573.76592421875,573.76592421875,572.849365234375,572.849365234375,900,0.0,0.0
2022-09-16 00:00:00+09:00,572.849365234375,572.849365234375,572.849365234375,572.849365234375,600,0.0,0.0
2022-09-20 00:00:00+09:00,572.849365234375,572.849365234375,572.849365234375,572.849365234375,300,0.0,0.0
2022-09-21 00:00:00+09:00,569.1830444335938,569.1830444335938,569.1830444335938,569.1830444335938,1200,0.0,0.0
2022-09-22 00:00:00+09:00,569.1830141110162,573.7658081054688,569.1830141110162,573.7658081054688,900,0.0,0.0
2022-09-26 00:00:00+09:00,571.9327752976191,577.43212890625,571.9327752976191,577.43212890625,900,0.0,0.0
2022-09-27 00:00:00+09:00,580.1818296992064,581.098388671875,580.1818296992064,581.098388671875,300,0.0,0.0
2022-09-28 00:00:00+09:00,582.01484971745,583.8479673543553,575.5989379882812,575.5989379882812,3100,0.0,0.0
2022-09-29 00:00:00+09:00,575.5990501092892,592.2562573471787,564.4942452840297,590.4054565429688,6900,6.0,0.0
2022-09-30 00:00:00+09:00,571.8973703755961,572.8227706512847,564.4941681700867,570.0465698242188,4100,0.0,0.0
2022-10-03 00:00:00+09:00,564.4941240967196,567.2703247070312,561.7179234864078,567.2703247070312,1500,0.0,0.0
2022-10-04 00:00:00+09:00,570.0466284967238,573.7482299804688,570.0466284967238,573.7482299804688,2100,0.0,0.0
2022-10-05 00:00:00+09:00,583.0022060133347,583.0022060133347,565.4195998002341,568.19580078125,4400,0.0,0.0
2022-10-06 00:00:00+09:00,566.3449727108604,569.1211735574823,560.7925710176166,562.6433715820312,18700,0.0,0.0
2022-10-07 00:00:00+09:00,559.8671598864319,563.5687609435322,554.3147583007812,554.3147583007812,12300,0.0,0.0
2022-10-11 00:00:00+09:00,549.6877111816406,556.1655124918619,548.7623109944661,555.2401123046875,3800,0.0,0.0
2022-10-12 00:00:00+09:00,558.0164060050429,558.0164060050429,551.5386036136078,553.389404296875,5300,0.0,0.0
2022-10-13 00:00:00+09:00,555.2401123046875,555.2401123046875,555.2401123046875,555.2401123046875,200,0.0,0.0
2022-10-14 00:00:00+09:00,558.0163426193288,558.0163426193288,557.0909423828125,557.0909423828125,2000,0.0,0.0
2022-10-17 00:00:00+09:00,553.3894213251707,555.2402220653887,550.6132202148438,550.6132202148438,1300,0.0,0.0
2022-10-18 00:00:00+09:00,547.8369288838533,548.7623291015625,545.9861284484349,548.7623291015625,4800,0.0,0.0
2022-10-19 00:00:00+09:00,548.7623291015625,554.3147304078178,545.0607282307257,548.7623291015625,6900,0.0,0.0
2022-10-20 00:00:00+09:00,535.8068286474866,536.7322290423873,528.4036254882812,528.4036254882812,11300,0.0,0.0
2022-10-21 00:00:00+09:00,523.7765057362205,527.478106483473,520.0749049889681,521.0003051757812,8100,0.0,0.0
2022-10-24 00:00:00+09:00,521.0002933874027,521.0002933874027,510.82089156278204,512.6716918945312,16900,0.0,0.0
2022-10-25 00:00:00+09:00,513.5970920604059,520.0748932215281,512.6716918945312,512.6716918945312,5900,0.0,0.0
2022-10-26 00:00:00+09:00,513.5971805027554,522.8511837550573,512.6717801775252,518.2241821289062,3500,0.0,0.0
2022-10-27 00:00:00+09:00,515.4479811532157,522.8511837550573,514.5225808279855,518.2241821289062,5400,0.0,0.0
2022-10-28 00:00:00+09:00,523.7766259679508,524.7020263671875,518.2242235725308,524.7020263671875,3400,0.0,0.0
2022-10-31 00:00:00+09:00,527.4782058029439,534.8814086914062,527.4782058029439,534.8814086914062,3700,0.0,0.0
2022-11-01 00:00:00+09:00,525.6273740571121,536.732177734375,524.7019737506735,536.732177734375,4500,0.0,0.0
2022-11-02 00:00:00+09:00,545.0607804923222,545.0607804923222,534.8813771214978,536.732177734375,6600,0.0,0.0
2022-11-04 00:00:00+09:00,533.0306079692907,534.8814086914062,522.8512039976549,534.8814086914062,5800,0.0,0.0
2022-11-07 00:00:00+09:00,529.3290283633709,533.0306299603175,523.7766259679508,524.7020263671875,6800,0.0,0.0
2022-11-08 00:00:00+09:00,521.000422329076,528.4036254882812,521.000422329076,528.4036254882812,3100,0.0,0.0
2022-11-09 00:00:00+09:00,530.2543334960938,531.1797337290712,528.4035330301388,530.2543334960938,2000,0.0,0.0
2022-11-10 00:00:00+09:00,530.2544262780826,530.2544262780826,527.4782250933806,528.4036254882812,5400,0.0,0.0
2022-11-11 00:00:00+09:00,529.3289314679918,533.9559326171875,529.3289314679918,533.9559326171875,3600,0.0,0.0
2022-11-14 00:00:00+09:00,529.3289499383224,535.8067517732319,525.6273488898026,527.4781494140625,6800,0.0,0.0
2022-11-15 00:00:00+09:00,523.7765797359842,527.4781810062033,520.0749784657653,525.6273803710938,3300,0.0,0.0
2022-11-16 00:00:00+09:00,525.6274733256956,525.6274733256956,520.0750704384524,523.7766723632812,1500,0.0,0.0
2022-11-17 00:00:00+09:00,519.1495361328125,520.0749363754735,519.1495361328125,519.1495361328125,3400,0.0,0.0
2022-11-18 00:00:00+09:00,518.2242138496864,518.2242138496864,515.4480127040631,516.3734130859375,4200,0.0,0.0
2022-11-21 00:00:00+09:00,513.5970920604059,514.5224922262805,509.89549139690746,512.6716918945312,20200,0.0,0.0
2022-11-22 00:00:00+09:00,512.6718285912866,515.4480298291455,510.8210277660473,513.5972290039062,10900,0.0,0.0
2022-11-24 00:00:00+09:00,512.6718285912866,514.5226294165259,511.7464281786669,513.5972290039062,17000,0.0,0.0
2022-11-25 00:00:00+09:00,511.7462917286567,513.5970920604059,509.89549139690746,512.6716918945312,9200,0.0,0.0
2022-11-28 00:00:00+09:00,513.5971690172744,513.5971690172744,509.89556779913187,511.7463684082031,12000,0.0,0.0
2022-11-29 00:00:00+09:00,509.89561401588327,513.5972155695376,507.11941285064256,510.8210144042969,16800,0.0,0.0
2022-11-30 00:00:00+09:00,508.9701843261719,511.74638533158736,507.11938365589486,508.9701843261719,24800,0.0,0.0
2022-12-01 00:00:00+09:00,508.97016749459624,511.7463684082031,508.97016749459624,511.7463684082031,10200,0.0,0.0
2022-12-02 00:00:00+09:00,509.89556990382016,510.82097021217555,505.2685683620432,508.0447692871094,9900,0.0,0.0
2022-12-05 00:00:00+09:00,508.97023332228355,508.97023332228355,504.3432312011719,504.3432312011719,7800,0.0,0.0
2022-12-06 00:00:00+09:00,504.34327480566765,507.1194763183594,502.49247379720646,507.1194763183594,8200,0.0,0.0
2022-12-07 00:00:00+09:00,506.1940161177527,508.0448169079456,505.26861572265625,505.26861572265625,5400,0.0,0.0
2022-12-08 00:00:00+09:00,506.1939697265625,507.1193700368487,505.26856941627625,506.1939697265625,5300,0.0,0.0
2022-12-09 00:00:00+09:00,505.2686252903294,513.5972290039062,505.2686252903294,513.5972290039062,19900,0.0,0.0
2022-12-12 00:00:00+09:00,513.5971860018643,513.5971860018643,508.04478399103334,508.9701843261719,19600,0.0,0.0
2022-12-13 00:00:00+09:00,508.97013807902533,509.8955383300781,505.2685370748143,509.8955383300781,6000,0.0,0.0
2022-12-14 00:00:00+09:00,507.1193700368487,508.04477034713494,505.26856941627625,506.1939697265625,10000,0.0,0.0
2022-12-15 00:00:00+09:00,504.3432153275598,507.1194165128491,504.3432153275598,505.26861572265625,9300,0.0,0.0
2022-12-16 00:00:00+09:00,501.56694468771985,502.4923449546714,492.31294201820475,493.23834228515625,28200,0.0,0.0
2022-12-19 00:00:00+09:00,485.83515671064265,491.3875585016214,485.83515671064265,490.462158203125,25700,0.0,0.0
2022-12-20 00:00:00+09:00,497.86533245057547,497.86533245057547,481.2081280191436,484.90972900390625,16700,0.0,0.0
2022-12-21 00:00:00+09:00,486.7605931208684,486.7605931208684,481.20819091796875,481.20819091796875,10200,0.0,0.0
2022-12-22 00:00:00+09:00,485.8351292500969,488.6113299886689,481.2081280191436,484.90972900390625,8200,0.0,0.0
2022-12-23 00:00:00+09:00,484.90972900390625,490.4621304810502,483.0589285115249,484.90972900390625,5000,0.0,0.0
2022-12-26 00:00:00+09:00,483.0589631546375,483.9843634671943,476.58116096674013,477.5065612792969,18800,0.0,0.0
2022-12-27 00:00:00+09:00,468.2525456796187,481.2081497102801,468.2525456796187,472.8795471191406,23200,0.0,0.0
2022-12-28 00:00:00+09:00,478.4319605293421,480.2827611503454,471.9541583558307,479.35736083984375,12000,0.0,0.0
2022-12-29 00:00:00+09:00,484.9097627028535,484.9097627028535,476.58115990833886,479.35736083984375,800,0.0,0.0
2022-12-30 00:00:00+09:00,479.3573711474887,488.61137445149427,479.3573711474887,487.68597412109375,1000,0.0,0.0
2023-01-04 00:00:00+09:00,487.68597522553944,487.68597522553944,479.3573722330729,485.8351745605469,4900,0.0,0.0
2023-01-05 00:00:00+09:00,495.08919642521784,495.08919642521784,479.3573901836689,481.20819091796875,4500,0.0,0.0
2023-01-06 00:00:00+09:00,488.6113755580357,488.6113755580357,480.2827725655692,485.8351745605469,6000,0.0,0.0
2023-01-10 00:00:00+09:00,490.46222179108247,490.46222179108247,484.9098192802401,486.7606201171875,1800,0.0,0.0
2023-01-11 00:00:00+09:00,490.4621258567782,495.08912704410625,490.4621258567782,494.1637268066406,10100,0.0,0.0
2023-01-12 00:00:00+09:00,496.0145430860108,496.0145430860108,490.4621414843017,493.23834228515625,6800,0.0,0.0
2023-01-13 00:00:00+09:00,493.2383442465885,493.2383442465885,483.058941269642,489.5367431640625,6300,0.0,0.0
2023-01-16 00:00:00+09:00,482.1335721386904,487.68597412109375,482.1335721386904,487.68597412109375,800,0.0,0.0
2023-01-17 00:00:00+09:00,484.9098192802401,489.53682137260876,479.3574167693976,486.7606201171875,2100,0.0,0.0
2023-01-18 00:00:00+09:00,481.20815521816036,491.3875585016214,481.20815521816036,490.462158203125,1500,0.0,0.0
2023-01-19 00:00:00+09:00,494.16374451722,494.16374451722,486.760542352168,489.5367431640625,8100,0.0,0.0
2023-01-20 00:00:00+09:00,490.462158203125,492.3129588001179,489.53675790462853,490.462158203125,1300,0.0,0.0
2023-01-23 00:00:00+09:00,491.3875574671236,495.08915865331664,489.5367568740271,492.3129577636719,3700,0.0,0.0
2023-01-24 00:00:00+09:00,496.0146179199219,496.0146179199219,489.5368150739527,496.0146179199219,5000,0.0,0.0
2023-01-25 00:00:00+09:00,494.16375427246095,499.7161560058594,494.16375427246095,499.7161560058594,5300,0.0,0.0
2023-01-26 00:00:00+09:00,500.6415678648452,506.1939697265625,500.6415678648452,506.1939697265625,1800,0.0,0.0
2023-01-27 00:00:00+09:00,506.19407581412884,507.1194763183594,506.19407581412884,507.1194763183594,2400,0.0,0.0
2023-01-30 00:00:00+09:00,507.11938365589486,508.9701843261719,505.26858298561785,508.9701843261719,2000,0.0,0.0
2023-01-31 00:00:00+09:00,508.9701843261719,508.9701843261719,508.04478399103334,508.9701843261719,900,0.0,0.0
2023-02-01 00:00:00+09:00,503.4177709196593,508.9701728048026,502.49237060546875,502.49237060546875,1700,0.0,0.0
2023-02-02 00:00:00+09:00,508.0447692871094,508.97016959546477,503.4177677453324,508.0447692871094,1800,0.0,0.0
2023-02-03 00:00:00+09:00,507.11940417051756,507.11940417051756,496.94000007220427,500.6416015625,4600,0.0,0.0
2023-02-06 00:00:00+09:00,504.34317123384983,504.34317123384983,499.7161696628971,502.49237060546875,1900,0.0,0.0
2023-02-07 00:00:00+09:00,505.26867530989824,507.1194763183594,504.34327480566765,507.1194763183594,1300,0.0,0.0
2023-02-08 00:00:00+09:00,507.11937217642145,507.11937217642145,502.49237060546875,502.49237060546875,6700,0.0,0.0
2023-02-09 00:00:00+09:00,504.34309426475977,505.2684944377226,503.4176940917969,503.4176940917969,1100,0.0,0.0
2023-02-10 00:00:00+09:00,504.34309426475977,504.34309426475977,499.71609339994546,503.4176940917969,2600,0.0,0.0
2023-02-13 00:00:00+09:00,499.71609339994546,503.4176940917969,499.71609339994546,503.4176940917969,5600,0.0,0.0
2023-02-14 00:00:00+09:00,500.6415699770876,504.34317123384983,498.79076934870653,502.49237060546875,6000,0.0,0.0
2023-02-15 00:00:00+09:00,504.3431564274749,504.3431564274749,499.7161549923605,501.56695556640625,1200,0.0,0.0
2023-02-16 00:00:00+09:00,504.3431564274749,504.3431564274749,499.7161549923605,501.56695556640625,1200,0.0,0.0
2023-02-17 00:00:00+09:00,501.56697029127815,502.49237060546875,498.79076934870653,502.49237060546875,4000,0.0,0.0
2023-02-20 00:00:00+09:00,505.26867530989824,507.1194763183594,505.26867530989824,507.1194763183594,8000,0.0,0.0
2023-02-21 00:00:00+09:00,504.34327480566765,507.1194763183594,503.41787430143705,507.1194763183594,12200,0.0,0.0
2023-02-22 00:00:00+09:00,505.26867530989824,508.04487682258997,503.41787430143705,507.1194763183594,5400,0.0,0.0
2023-02-24 00:00:00+09:00,506.19407581412884,510.82107833528175,503.41787430143705,507.1194763183594,9600,0.0,0.0
2023-02-27 00:00:00+09:00,510.8210567563398,517.2988600123078,507.1194548957866,515.4480590820312,7100,0.0,0.0
2023-02-28 00:00:00+09:00,516.3734302417652,517.2988306543848,510.8210277660473,513.5972290039062,7200,0.0,0.0
2023-03-01 00:00:00+09:00,513.5972581517547,515.4480590820312,508.9702558260632,515.4480590820312,2400,0.0,0.0
2023-03-02 00:00:00+09:00,510.8210144042969,515.4480163463647,510.8210144042969,510.8210144042969,1600,0.0,0.0
2023-03-03 00:00:00+09:00,512.6718091862906,520.0750122070312,512.6718091862906,520.0750122070312,5500,0.0,0.0
2023-03-06 00:00:00+09:00,523.7765734442349,536.732177734375,521.0003725249192,536.732177734375,9000,0.0,0.0
2023-03-07 00:00:00+09:00,534.8813771214978,536.732177734375,532.1051762021822,536.732177734375,4900,0.0,0.0
2023-03-08 00:00:00+09:00,538.5830516326122,544.1354542267628,533.95604947082,541.3592529296875,9100,0.0,0.0
2023-03-09 00:00:00+09:00,544.135363204197,544.135363204197,533.9559601510573,539.5083618164062,13200,0.0,0.0
2023-03-10 00:00:00+09:00,531.1797758957435,539.5083786536908,530.254375589305,536.732177734375,5000,0.0,0.0
2023-03-13 00:00:00+09:00,533.9559344280036,533.9559344280036,518.2241304673865,530.2543334960938,7900,0.0,0.0
2023-03-14 00:00:00+09:00,518.2242604774461,521.9258623379993,502.4924525700951,515.4480590820312,3900,0.0,0.0
2023-03-15 00:00:00+09:00,518.2242235725308,524.7020263671875,515.4480223748209,524.7020263671875,600,0.0,0.0
2023-03-16 00:00:00+09:00,525.6274343679617,525.6274343679617,513.5972290039062,513.5972290039062,1300,0.0,0.0
2023-03-17 00:00:00+09:00,522.8512573242188,522.8512573242188,521.9258568687777,522.8512573242188,700,0.0,0.0
2023-03-20 00:00:00+09:00,516.3733916324555,526.5527954101562,516.3733916324555,526.5527954101562,1300,0.0,0.0
2023-03-22 00:00:00+09:00,526.5528591459831,527.4782596014243,519.1496555024544,522.8512573242188,800,0.0,0.0
2023-03-23 00:00:00+09:00,531.1798291618442,531.1798291618442,522.8512255687142,524.7020263671875,400,0.0,0.0
2023-03-24 00:00:00+09:00,530.2544163605496,530.2544163605496,520.0750122070312,520.0750122070312,700,0.0,0.0
2023-03-27 00:00:00+09:00,529.3289794921875,530.2543798059851,526.552778550795,529.3289794921875,1300,0.0,0.0
2023-03-28 00:00:00+09:00,529.3290283633709,529.3290283633709,522.8512255687142,524.7020263671875,3600,0.0,0.0
2023-03-29 00:00:00+09:00,525.6273488898026,527.4781494140625,522.8511481034128,527.4781494140625,2600,0.0,0.0
2023-03-30 00:00:00+09:00,527.4781523052014,535.9403686523438,527.4781523052014,535.9403686523438,1600,9.0,0.0
2023-03-31 00:00:00+09:00,534.0598761307566,535.9403686523438,530.2988910875822,535.9403686523438,2600,0.0,0.0
2023-04-03 00:00:00+09:00,537.8209251547759,549.1038816265544,537.8209251547759,548.1636352539062,6700,0.0,0.0
2023-04-04 00:00:00+09:00,548.1636352539062,549.1038816265544,547.223388881258,548.1636352539062,600,0.0,0.0
2023-04-05 00:00:00+09:00,548.1636346225081,548.1636346225081,542.5221563931169,545.3428955078125,1700,0.0,0.0
2023-04-06 00:00:00+09:00,545.3428955078125,545.3428955078125,544.4026491362473,545.3428955078125,2200,0.0,0.0
2023-04-07 00:00:00+09:00,544.4025869369507,547.2233257293701,541.5818481445312,541.5818481445312,4100,0.0,0.0
2023-04-10 00:00:00+09:00,548.1636352539062,549.1038816265544,540.6416642727205,548.1636352539062,1400,0.0,0.0
2023-04-11 00:00:00+09:00,550.0440686263131,553.8050537109375,547.2233298128449,553.8050537109375,3200,0.0,0.0
2023-04-12 00:00:00+09:00,552.8648071289062,554.7452996701611,550.9843145876515,552.8648071289062,7600,0.0,0.0
2023-04-13 00:00:00+09:00,552.864805241221,553.805051508638,547.2233276367188,547.2233276367188,2500,0.0,0.0
2023-04-14 00:00:00+09:00,549.103821113782,551.9245599208734,548.1635748447516,550.0440673828125,3700,0.0,0.0
2023-04-17 00:00:00+09:00,535.9403667044132,544.4025830207987,526.5379041306516,530.2988891601562,13000,0.0,0.0
2023-04-18 00:00:00+09:00,530.2988904496314,536.8806142672687,530.2988904496314,534.0598754882812,3400,0.0,0.0
2023-04-19 00:00:00+09:00,534.0598770860602,538.7611083984375,528.4183995112074,538.7611083984375,1900,0.0,0.0
2023-04-20 00:00:00+09:00,531.239197635483,540.6416613104473,531.239197635483,535.0001831054688,2100,0.0,0.0
2023-04-21 00:00:00+09:00,532.179326770631,545.3427730158409,532.179326770631,544.4025268554688,1500,0.0,0.0
2023-04-24 00:00:00+09:00,539.7012960536081,544.4025268554688,539.7012960536081,544.4025268554688,700,0.0,0.0
2023-04-25 00:00:00+09:00,539.7014174863516,546.2831420898438,537.8209247424968,546.2831420898438,4700,0.0,0.0
2023-04-26 00:00:00+09:00,542.522157018017,549.1038816265544,542.522157018017,548.1636352539062,2300,0.0,0.0
2023-04-27 00:00:00+09:00,545.3428360376603,550.0440673828125,535.0001270783254,550.0440673828125,4500,0.0,0.0
2023-04-28 00:00:00+09:00,550.0440038177017,553.8049884591901,535.0000652517474,544.4025268554688,14100,0.0,0.0
2023-05-01 00:00:00+09:00,517.1354370117188,517.1354370117188,503.0317432750355,517.1354370117188,21800,0.0,0.0
2023-05-02 00:00:00+09:00,519.9561757590553,519.9561757590553,509.613467018821,517.1354370117188,9600,0.0,0.0
2023-05-08 00:00:00+09:00,512.4342041015625,516.1951890857941,503.9719878870413,512.4342041015625,13100,0.0,0.0
2023-05-09 00:00:00+09:00,516.1951907626066,519.0159295099431,516.1951907626066,517.1354370117188,5800,0.0,0.0
2023-05-10 00:00:00+09:00,523.7171617614856,523.7171617614856,514.3146992523028,519.9561767578125,1800,0.0,0.0
2023-05-11 00:00:00+09:00,524.6574093392336,524.6574093392336,519.956178072753,523.7171630859375,4700,0.0,0.0
2023-05-12 00:00:00+09:00,523.7171627566112,523.7171627566112,518.075685240382,522.7769165039062,7400,0.0,0.0
2023-05-15 00:00:00+09:00,524.657470703125,526.5379634296595,513.374514343918,524.657470703125,5200,0.0,0.0
2023-05-16 00:00:00+09:00,524.657470703125,525.5977170663922,520.896485250056,524.657470703125,800,0.0,0.0
2023-05-17 00:00:00+09:00,524.657470703125,526.5379634296595,521.8367316133232,524.657470703125,2900,0.0,0.0
2023-05-18 00:00:00+09:00,528.4183956697025,528.4183956697025,523.7171643915024,527.4781494140625,3400,0.0,0.0
2023-05-19 00:00:00+09:00,521.8366973540362,521.8366973540362,508.6732491324929,511.4939880371094,19800,0.0,0.0
2023-05-22 00:00:00+09:00,506.7927542729164,509.6134931649735,502.09152278615466,503.9720153808594,15000,0.0,0.0
2023-05-23 00:00:00+09:00,507.73294027749597,512.4341712059913,503.0317093490006,506.7926940917969,18200,0.0,0.0
2023-05-24 00:00:00+09:00,507.73303177276955,507.73303177276955,502.091553641961,505.8525390625,3700,0.0,0.0
2023-05-25 00:00:00+09:00,504.9122927073653,505.8525390625,503.03179999709573,505.8525390625,800,0.0,0.0
2023-05-26 00:00:00+09:00,506.7927845015508,508.6732772084211,502.091552734375,502.091552734375,4300,0.0,0.0
2023-05-29 00:00:00+09:00,503.03176764939013,503.03176764939013,499.27078247070307,499.2707824707031,2700,0.0,0.0
2023-05-30 00:00:00+09:00,503.9720176247989,511.4939880371094,503.0317713232601,511.4939880371094,15300,0.0,0.0
2023-05-31 00:00:00+09:00,512.4342640064381,517.1354957863136,507.7330322265625,507.7330322265625,9300,0.0,0.0
2023-06-01 00:00:00+09:00,507.7330025520114,516.1952192612116,507.7330025520114,510.5537414550781,1900,0.0,0.0
2023-06-02 00:00:00+09:00,508.6732488530336,512.4342340571226,507.7330025520114,510.5537414550781,3600,0.0,0.0
2023-06-05 00:00:00+09:00,511.49392581735214,515.2549105660091,508.6731872558594,508.6731872558594,3100,0.0,0.0
2023-06-06 00:00:00+09:00,511.494017650463,511.494017650463,505.85253951461226,507.7330322265625,7000,0.0,0.0
2023-06-07 00:00:00+09:00,507.73300057026876,507.73300057026876,503.9720153808594,503.9720153808594,2200,0.0,0.0
2023-06-08 00:00:00+09:00,506.7927854176348,506.7927854176348,505.8525390625,505.8525390625,800,0.0,0.0
2023-06-09 00:00:00+09:00,505.85244790609784,506.7926940917969,505.85244790609784,506.7926940917969,2300,0.0,0.0
2023-06-12 00:00:00+09:00,506.7927854176348,506.7927854176348,503.03179999709573,505.8525390625,9800,0.0,0.0
2023-06-13 00:00:00+09:00,504.91220172039874,508.673186463195,504.91220172039874,506.7926940917969,1700,0.0,0.0
2023-06-14 00:00:00+09:00,509.61346536338874,512.4342041015625,506.79272662521504,512.4342041015625,17200,0.0,0.0
2023-06-15 00:00:00+09:00,512.4342640064381,512.4342640064381,507.7330322265625,507.7330322265625,900,0.0,0.0
2023-06-16 00:00:00+09:00,507.73309292074026,507.73309292074026,503.03186057888155,504.912353515625,3000,0.0,0.0
2023-06-19 00:00:00+09:00,507.73303177276955,507.73303177276955,504.9122927073653,505.8525390625,2400,0.0,0.0
2023-06-20 00:00:00+09:00,505.8525390625,507.73303177276955,504.9122927073653,505.8525390625,2400,0.0,0.0
2023-06-21 00:00:00+09:00,508.67333938911196,508.67333938911196,503.03186057888155,504.912353515625,9700,0.0,0.0
2023-06-22 00:00:00+09:00,506.7926940917969,506.7926940917969,501.1512169776025,506.7926940917969,12300,0.0,0.0
2023-06-23 00:00:00+09:00,503.03176735931976,504.9122599475789,496.45004330041274,498.3305358886719,20100,0.0,0.0
2023-06-26 00:00:00+09:00,496.45001116071427,496.45001116071427,487.9877950613839,493.6292724609375,13100,0.0,0.0
2023-06-27 00:00:00+09:00,490.80853341371954,494.5695183440929,490.80853341371954,492.68902587890625,3400,0.0,0.0
2023-06-28 00:00:00+09:00,493.6293038454923,498.3305353106875,493.6293038454923,496.4500427246094,7600,0.0,0.0
2023-06-29 00:00:00+09:00,494.5695183440929,496.45001080927955,491.7487796463129,492.68902587890625,6900,0.0,0.0
2023-06-30 00:00:00+09:00,492.68902622767854,495.50976492745536,490.8085337611607,493.6292724609375,7600,0.0,0.0
2023-07-03 00:00:00+09:00,492.68905783871395,498.3305356002259,490.80856525154326,497.3902893066406,15100,0.0,0.0
2023-07-04 00:00:00+09:00,495.50976562499994,497.39025809416506,493.6292731558349,495.509765625,17200,0.0,0.0
2023-07-05 00:00:00+09:00,495.50976492745536,496.45001116071427,492.68902622767854,493.6292724609375,14100,0.0,0.0
2023-07-06 00:00:00+09:00,493.6293038454923,496.4500427246094,492.6890575524533,496.4500427246094,10300,0.0,0.0
2023-07-07 00:00:00+09:00,494.56951939041744,496.4500118595825,493.6292731558349,495.509765625,8200,0.0,0.0
2023-07-10 00:00:00+09:00,493.6292731558349,495.50976562499994,492.6890269212523,495.509765625,12700,0.0,0.0
2023-07-11 00:00:00+09:00,494.5695501385313,500.21102789676553,492.6890575524533,496.4500427246094,48500,0.0,0.0
2023-07-12 00:00:00+09:00,489.86831517182577,493.6293003170989,484.22683745391606,485.1670837402344,47900,0.0,0.0
2023-07-13 00:00:00+09:00,486.10733002655263,486.10733002655263,480.465852308643,485.1670837402344,14600,0.0,0.0
2023-07-14 00:00:00+09:00,493.6292835979428,573.5502152280859,487.04755981663686,525.59765625,252600,0.0,0.0
2023-07-18 00:00:00+09:00,517.1355014976259,545.3428924884055,514.3147623985479,532.179443359375,56000,0.0,0.0
2023-07-19 00:00:00+09:00,532.179443359375,539.7014142902495,521.8367333294225,532.179443359375,11900,0.0,0.0
2023-07-20 00:00:00+09:00,529.3586473299971,545.3428338390734,526.5379085342777,543.4623413085938,14100,0.0,0.0
2023-07-21 00:00:00+09:00,535.9404317921606,545.3428955078125,529.3587071912042,545.3428955078125,11100,0.0,0.0
2023-07-24 00:00:00+09:00,545.3428296114491,550.044060901203,530.2988894842367,531.2391357421875,12300,0.0,0.0
2023-07-25 00:00:00+09:00,531.239137666238,539.7013540184436,531.239137666238,536.880615234375,3400,0.0,0.0
2023-07-26 00:00:00+09:00,536.880617138418,549.1038185793977,536.880617138418,542.5220947265625,9700,0.0,0.0
2023-07-27 00:00:00+09:00,537.8209217751047,539.7014145085841,526.5379653742284,533.1196899414062,9100,0.0,0.0
2023-07-28 00:00:00+09:00,533.1196879725302,533.1196879725302,519.0159925235215,524.657470703125,9600,0.0,0.0
2023-07-31 00:00:00+09:00,522.7769784109933,527.4782102312361,519.9562393188477,526.5379638671875,12100,0.0,0.0
2023-08-01 00:00:00+09:00,496.4500169366928,514.3146955764602,494.56952444829625,509.61346435546875,39500,0.0,0.0
2023-08-02 00:00:00+09:00,510.5537701473058,514.3147555627555,503.03179931640625,503.03179931640625,7900,0.0,0.0
2023-08-03 00:00:00+09:00,503.03176131902956,503.03176131902956,478.58535796520755,479.5256042480469,35900,0.0,0.0
2023-08-04 00:00:00+09:00,483.28655789593074,487.0475427822804,477.64508056640625,477.64508056640625,17200,0.0,0.0
2023-08-07 00:00:00+09:00,482.3463116743433,482.3463116743433,476.70483434481883,477.64508056640625,10300,0.0,0.0
2023-08-08 00:00:00+09:00,479.52557337073307,487.04754314909746,477.64508092614193,478.5853271484375,13600,0.0,0.0
2023-08-09 00:00:00+09:00,480.4658195930286,483.28655825991524,477.64508092614193,478.5853271484375,8700,0.0,0.0
2023-08-10 00:00:00+09:00,478.5853888988495,485.1671133041382,477.6451425552368,481.4061279296875,9800,0.0,0.0
2023-08-14 00:00:00+09:00,482.3463116743433,485.1670503391056,474.824341901644,477.64508056640625,17500,0.0,0.0
2023-08-15 00:00:00+09:00,476.70489621162415,481.4061279296875,476.70489621162415,481.4061279296875,6500,0.0,0.0
2023-08-16 00:00:00+09:00,481.40607108778624,492.68902587890625,481.40607108778624,492.68902587890625,8900,0.0,0.0
2023-08-17 00:00:00+09:00,492.68908942391937,509.61352379344333,492.68908942391937,503.03179931640625,10500,0.0,0.0
2023-08-18 00:00:00+09:00,500.2110613787616,509.61352493851274,500.2110613787616,507.7330322265625,6100,0.0,0.0
2023-08-21 00:00:00+09:00,507.73303085498594,507.73303085498594,499.27081367406953,502.091552734375,6200,0.0,0.0
2023-08-22 00:00:00+09:00,509.61352379344333,510.5537701473058,498.33056754709406,503.03179931640625,7400,0.0,0.0
2023-08-23 00:00:00+09:00,503.03176677588266,503.03176677588266,488.9280723802971,496.4500427246094,6400,0.0,0.0
2023-08-24 00:00:00+09:00,498.33053617603133,507.73299912274894,497.3902898813596,499.2707824707031,8400,0.0,0.0
2023-08-25 00:00:00+09:00,497.3903211932316,503.03179931640625,494.56958213164427,503.03179931640625,1400,0.0,0.0
2023-08-28 00:00:00+09:00,503.0317661880087,504.91225877188907,492.68905697666645,494.5695495605469,9100,0.0,0.0
2023-08-29 00:00:00+09:00,494.56958190689375,502.091552734375,491.7488428465882,502.091552734375,5800,0.0,0.0
2023-08-30 00:00:00+09:00,495.50982549090037,502.0915499281609,490.80859375,490.80859375,3900,0.0,0.0
2023-08-31 00:00:00+09:00,492.68908644636014,495.50982549090037,489.8683474018199,490.80859375,1700,0.0,0.0
2023-09-01 00:00:00+09:00,493.6293047026725,499.27078247070307,493.6293047026725,499.2707824707031,1900,0.0,0.0
2023-09-04 00:00:00+09:00,501.15130615234375,509.6135233294002,498.33056709332493,501.15130615234375,10100,0.0,0.0
2023-09-05 00:00:00+09:00,508.6732468676211,508.6732468676211,498.3305375967453,503.9720153808594,12100,0.0,0.0
2023-09-06 00:00:00+09:00,502.091553641961,508.6732781279043,502.091553641961,505.8525390625,2200,0.0,0.0
2023-09-07 00:00:00+09:00,508.673219781907,517.135436007484,507.73297353462067,514.314697265625,7700,0.0,0.0
2023-09-08 00:00:00+09:00,514.3147594064906,519.0159912109375,508.6732812411543,519.0159912109375,3300,0.0,0.0
2023-09-11 00:00:00+09:00,521.8367316133232,526.5379634296595,517.135499796987,524.657470703125,12100,0.0,0.0
2023-09-12 00:00:00+09:00,527.4782084589419,529.3587011807207,511.49402032382244,519.0159912109375,10300,0.0,0.0
2023-09-13 00:00:00+09:00,515.2549428397363,515.2549428397363,503.9719878870413,512.4342041015625,6200,0.0,0.0
2023-09-14 00:00:00+09:00,515.2549428397363,517.135435331852,504.9122341330992,512.4342041015625,9300,0.0,0.0
2023-09-15 00:00:00+09:00,509.61349515405584,511.49398775610035,502.0915247458779,510.5537414550781,10500,0.0,0.0
2023-09-19 00:00:00+09:00,513.3744513518619,523.7171600787309,510.5537126081703,515.2549438476562,3300,0.0,0.0
2023-09-20 00:00:00+09:00,511.4939568438653,512.4342030880636,505.85247937867564,509.61346435546875,1700,0.0,0.0
2023-09-21 00:00:00+09:00,503.9719834865484,503.9719834865484,500.21099853515625,500.21099853515625,2700,0.0,0.0
2023-09-22 00:00:00+09:00,503.97204878899134,520.8964832632486,501.1513097099485,516.1952514648438,6000,0.0,0.0
2023-09-25 00:00:00+09:00,506.7927858705874,511.494017650463,499.27081502278645,507.7330322265625,6900,0.0,0.0
2023-09-26 00:00:00+09:00,517.1354635437923,517.1354635437923,503.9720153808594,503.9720153808594,4800,0.0,0.0
2023-09-27 00:00:00+09:00,502.0915529625438,503.03179931640625,494.56958213164427,503.03179931640625,14100,0.0,0.0
2023-09-28 00:00:00+09:00,512.5229327728446,512.5229327728446,498.2861846402655,500.1844177246094,11400,5.0,0.0
2023-09-29 00:00:00+09:00,509.67559814453125,509.67559814453125,502.08266558371884,509.67559814453125,4200,0.0,0.0
2023-10-02 00:00:00+09:00,510.6246825943279,510.6246825943279,503.9808670215392,506.8282165527344,2800,0.0,0.0
2023-10-03 00:00:00+09:00,501.1335283297937,501.1335283297937,485.94766383495147,488.7950134277344,11100,0.0,0.0
2023-10-04 00:00:00+09:00,488.79501042993695,488.79501042993695,478.3547286537635,483.1003112792969,16000,0.0,0.0
2023-10-05 00:00:00+09:00,486.8967923732162,493.54060825355253,469.81269439520867,492.59149169921875,19600,0.0,0.0
2023-10-06 00:00:00+09:00,492.59142170208656,494.4896545410156,490.6931888631575,494.4896545410156,3200,0.0,0.0
2023-10-10 00:00:00+09:00,501.13354211566093,502.0826586726982,495.4388427734375,495.4388427734375,3100,0.0,0.0
2023-10-11 00:00:00+09:00,501.133544921875,501.133544921875,491.6423792983546,501.133544921875,5400,0.0,0.0
2023-10-12 00:00:00+09:00,491.6423553466797,500.18440399169924,491.6423553466797,493.54058837890625,8600,0.0,0.0
2023-10-13 00:00:00+09:00,487.84589226436253,499.23529052734375,487.84589226436253,499.23529052734375,5800,0.0,0.0
2023-10-16 00:00:00+09:00,486.8967681705602,491.64235070633566,484.99853515625,484.99853515625,1300,0.0,0.0
2023-10-17 00:00:00+09:00,485.9476681774809,497.3370666503906,485.9476681774809,497.3370666503906,1600,0.0,0.0
2023-10-18 00:00:00+09:00,489.74412995866203,492.59147955144493,488.7950134277344,488.7950134277344,4100,0.0,0.0
2023-10-19 00:00:00+09:00,494.48972194143676,494.48972194143676,484.99855645311743,486.89678955078125,2800,0.0,0.0
2023-10-20 00:00:00+09:00,486.89677432232776,493.54058995635563,477.4056091308594,477.4056091308594,6800,0.0,0.0
2023-10-23 00:00:00+09:00,478.3547441562813,478.3547441562813,472.66004482108747,473.6091613769531,12200,0.0,0.0
2023-10-24 00:00:00+09:00,473.60912925966323,481.2020611916819,465.0670808361422,470.76177978515625,13600,0.0,0.0
2023-10-25 00:00:00+09:00,470.76176506916994,482.151162611166,470.76176506916994,480.2529296875,6500,0.0,0.0
2023-10-26 00:00:00+09:00,475.5073909647981,488.7950226484451,473.60915786713423,486.89678955078125,3900,0.0,0.0
2023-10-27 00:00:00+09:00,484.04943990428546,486.89678955078125,481.2020902577897,486.89678955078125,4600,0.0,0.0
2023-10-30 00:00:00+09:00,486.89678519112726,486.89678519112726,478.354736328125,478.354736328125,1400,0.0,0.0
2023-10-31 00:00:00+09:00,474.5582505027847,482.15118251082924,473.60913400177907,479.3038330078125,3500,0.0,0.0
2023-11-01 00:00:00+09:00,487.8459167480469,491.6423830262418,481.20210076120577,487.8459167480469,21900,0.0,0.0
2023-11-02 00:00:00+09:00,490.693223362343,490.693223362343,478.3547090418199,484.0494079589844,6200,0.0,0.0
2023-11-06 00:00:00+09:00,492.5914396953767,492.5914396953767,484.99850806230734,490.6932067871094,3500,0.0,0.0
2023-11-07 00:00:00+09:00,485.9476623535156,488.79501193761826,483.100312769413,485.9476623535156,3300,0.0,0.0
2023-11-08 00:00:00+09:00,490.693223362343,492.59145633473116,474.55824309704354,484.0494079589844,17500,0.0,0.0
2023-11-09 00:00:00+09:00,486.89678666154305,487.84590320474297,481.20208740234375,481.20208740234375,1600,0.0,0.0
2023-11-10 00:00:00+09:00,477.4056290098396,481.20209524451025,470.76181309916586,476.4565124511719,30100,0.0,0.0
2023-11-13 00:00:00+09:00,471.7109296578335,477.4056290098396,471.7109296578335,476.4565124511719,20300,0.0,0.0
2023-11-14 00:00:00+09:00,476.4564910888672,476.4564910888672,469.8126754760742,474.5582580566406,6800,0.0,0.0
2023-11-15 00:00:00+09:00,478.3547256500062,478.3547256500062,473.609143054272,477.4056091308594,5900,0.0,0.0
2023-11-16 00:00:00+09:00,477.4056290098396,478.3547455685072,473.60916277516884,476.4565124511719,3600,0.0,0.0
2023-11-17 00:00:00+09:00,476.45647121284776,476.45647121284776,474.55823825980855,475.5073547363281,7500,0.0,0.0
2023-11-20 00:00:00+09:00,474.5582779328187,477.40562760041564,473.6091613769531,473.6091613769531,7800,0.0,0.0
2023-11-21 00:00:00+09:00,474.55827933383654,477.4056290098396,472.6600462165012,476.4565124511719,5100,0.0,0.0
2023-11-22 00:00:00+09:00,476.4564910888672,476.4564910888672,471.7109085083008,474.5582580566406,8400,0.0,0.0
2023-11-24 00:00:00+09:00,473.6091217832889,478.354704165887,470.76177235373007,475.5073547363281,31400,0.0,0.0
2023-11-27 00:00:00+09:00,474.558222012257,483.10027000847765,473.6091055682325,482.1511535644531,52300,0.0,0.0
2023-11-28 00:00:00+09:00,481.2020859491258,482.15120248945937,475.5073867071243,478.354736328125,5200,0.0,0.0
2023-11-29 00:00:00+09:00,476.4565124511719,478.3547455685072,474.55827933383654,476.4565124511719,13000,0.0,0.0
2023-11-30 00:00:00+09:00,476.4565046863443,484.0494370319434,474.55827159994453,481.20208740234375,33200,0.0,0.0
2023-12-01 00:00:00+09:00,483.10030214193984,485.9476516634051,478.3547196061644,484.99853515625,4100,0.0,0.0
2023-12-04 00:00:00+09:00,484.99853201384593,484.99853201384593,477.4056000058014,479.3038330078125,6000,0.0,0.0
2023-12-05 00:00:00+09:00,483.1003112792969,484.0494278044036,479.3038451788702,483.1003112792969,4800,0.0,0.0
2023-12-06 00:00:00+09:00,483.10032335545355,487.8459060996132,483.10032335545355,486.89678955078125,4000,0.0,0.0
2023-12-07 00:00:00+09:00,488.79500579833984,496.3879379272461,488.79500579833984,493.54058837890625,9400,0.0,0.0
2023-12-08 00:00:00+09:00,496.38795648619185,496.38795648619185,485.94767441860466,489.744140625,11700,0.0,0.0
2023-12-11 00:00:00+09:00,489.7441238199092,496.387939453125,489.7441238199092,496.387939453125,8700,0.0,0.0
2023-12-12 00:00:00+09:00,496.3879501109815,500.18441626861807,491.6423674139358,497.3370666503906,21300,0.0,0.0
2023-12-13 00:00:00+09:00,497.33706220608315,497.33706220608315,488.7950134277344,488.7950134277344,3200,0.0,0.0
2023-12-14 00:00:00+09:00,495.43882914422784,496.3879456751555,488.7950134277344,488.7950134277344,3500,0.0,0.0
2023-12-15 00:00:00+09:00,493.540560153162,493.540560153162,474.55823091650194,480.2529296875,21600,0.0,0.0
2023-12-18 00:00:00+09:00,479.30384665727615,488.79501193761826,476.4564970731735,485.9476623535156,15200,0.0,0.0
2023-12-19 00:00:00+09:00,485.9476516634051,492.5914672134907,484.04941864909495,484.99853515625,4600,0.0,0.0
2023-12-20 00:00:00+09:00,486.8967681705602,487.8458846777153,482.1511856347848,484.99853515625,4800,0.0,0.0
2023-12-21 00:00:00+09:00,480.2529617039769,484.0494278044036,476.4564956035502,483.1003112792969,7400,0.0,0.0
2023-12-22 00:00:00+09:00,483.10027000847765,484.0493864525021,474.558222012257,482.1511535644531,17700,0.0,0.0
2023-12-25 00:00:00+09:00,478.3547455685072,480.2529786858426,472.6600462165012,476.4565124511719,15400,0.0,0.0
2023-12-26 00:00:00+09:00,477.4055876893674,481.2020535954459,474.55823825980855,475.5073547363281,10100,0.0,0.0
2023-12-27 00:00:00+09:00,475.5073745727539,479.30384063720703,474.5582580566406,474.5582580566406,24000,0.0,0.0
2023-12-28 00:00:00+09:00,472.6600053067693,482.15117007196545,472.6600053067693,475.5073547363281,8100,0.0,0.0
2023-12-29 00:00:00+09:00,476.4565124511719,481.20209524451025,476.4565124511719,476.4565124511719,4800,0.0,0.0
2024-01-04 00:00:00+09:00,481.2020371204286,484.0493864525021,478.3546877883551,482.1511535644531,7900,0.0,0.0
2024-01-05 00:00:00+09:00,484.0494079589844,484.0494079589844,479.303825528014,484.0494079589844,7000,0.0,0.0
2024-01-09 00:00:00+09:00,484.04940218538854,493.54056693412167,484.04940218538854,491.642333984375,11800,0.0,0.0
2024-01-10 00:00:00+09:00,491.642368845062,500.1844177246094,490.69325230289,500.1844177246094,12100,0.0,0.0
2024-01-11 00:00:00+09:00,501.1334979191004,507.7773132324219,501.1334979191004,507.7773132324219,7400,0.0,0.0
2024-01-12 00:00:00+09:00,507.7773392245797,507.7773392245797,495.43882443968334,499.23529052734375,10100,0.0,0.0
2024-01-15 00:00:00+09:00,503.98084401813935,503.98084401813935,502.0826110839844,502.0826110839844,200,0.0,0.0
2024-01-16 00:00:00+09:00,493.54059139585314,499.23529052734375,493.54059139585314,499.23529052734375,2800,0.0,0.0
2024-01-17 00:00:00+09:00,499.2352997292089,503.0317658868455,497.3370666503906,497.3370666503906,4100,0.0,0.0
2024-01-18 00:00:00+09:00,497.33700379940916,501.1334694772672,494.4896545410156,494.4896545410156,2600,0.0,0.0
2024-01-19 00:00:00+09:00,494.4896545410156,498.2861202188737,493.5405381215511,494.4896545410156,5400,0.0,0.0
2024-01-22 00:00:00+09:00,500.18441626861807,500.18441626861807,496.3879501109815,497.3370666503906,1400,0.0,0.0
2024-01-23 00:00:00+09:00,500.1844070492589,503.03175661500416,496.3879409615985,499.23529052734375,5100,0.0,0.0
2024-01-24 00:00:00+09:00,499.23528901021746,499.23528901021746,494.4897064150633,496.387939453125,2300,0.0,0.0
2024-01-25 00:00:00+09:00,496.3879501109815,500.18441626861807,493.54060049275404,497.3370666503906,6000,0.0,0.0
2024-01-26 00:00:00+09:00,502.08264934743636,503.0317658868455,496.3879501109815,497.3370666503906,7100,0.0,0.0
2024-01-29 00:00:00+09:00,498.2861952348189,502.08266148422706,498.2861952348189,501.133544921875,600,0.0,0.0
2024-01-30 00:00:00+09:00,501.13350530660375,503.03173828125,494.48968989534194,503.03173828125,6000,0.0,0.0
2024-01-31 00:00:00+09:00,503.03175661500416,503.03175661500416,499.23529052734375,499.23529052734375,2500,0.0,0.0
2024-02-01 00:00:00+09:00,497.33707303779073,497.33707303779073,488.7950240734012,489.744140625,10600,0.0,0.0
2024-02-02 00:00:00+09:00,489.744134812128,489.744134812128,466.0162213037885,478.354736328125,38000,0.0,0.0
2024-02-05 00:00:00+09:00,477.4056091308594,480.2529586882999,474.55825957341887,477.4056091308594,24500,0.0,0.0
2024-02-06 00:00:00+09:00,479.3038330078125,482.15118251082924,479.3038330078125,479.3038330078125,2600,0.0,0.0
2024-02-07 00:00:00+09:00,481.20208740234375,482.1512039455436,479.30385431594397,481.20208740234375,3300,0.0,0.0
2024-02-08 00:00:00+09:00,481.20207822908355,484.0494278044036,480.2529617039769,483.1003112792969,5300,0.0,0.0
2024-02-09 00:00:00+09:00,488.7950134277344,490.6932464895897,483.10031424216857,488.7950134277344,11600,0.0,0.0
2024-02-13 00:00:00+09:00,490.6932175095017,492.59145045924834,488.7949845597551,491.642333984375,13200,0.0,0.0
2024-02-14 00:00:00+09:00,491.6423737281977,492.5914902797965,488.7950240734012,489.744140625,20900,0.0,0.0
2024-02-15 00:00:00+09:00,484.0494278044036,485.9476608546169,483.1003112792969,483.1003112792969,6200,0.0,0.0
2024-02-16 00:00:00+09:00,482.1511962413788,485.9476623535156,479.30384665727615,485.9476623535156,2700,0.0,0.0
2024-02-19 00:00:00+09:00,485.94767441860466,489.744140625,485.94767441860466,489.744140625,4600,0.0,0.0
2024-02-20 00:00:00+09:00,489.744140625,490.6932571765989,482.1512082122093,489.744140625,3000,0.0,0.0
2024-02-21 00:00:00+09:00,489.744140625,489.744140625,485.94767441860466,489.744140625,700,0.0,0.0
2024-02-22 00:00:00+09:00,489.7440903329757,490.6932067871094,485.947624516441,490.6932067871094,3900,0.0,0.0
2024-02-26 00:00:00+09:00,490.6932664566931,490.6932664566931,484.049450469852,487.8459167480469,3400,0.0,0.0
2024-02-27 00:00:00+09:00,488.7950333175956,488.7950333175956,485.94768360894943,487.8459167480469,2100,0.0,0.0
2024-02-28 00:00:00+09:00,487.8459060996132,489.7441391972771,484.99855645311743,486.89678955078125,3400,0.0,0.0
2024-02-29 00:00:00+09:00,484.9985473040238,488.7950134277344,484.9985473040238,488.7950134277344,2500,0.0,0.0
2024-03-01 00:00:00+09:00,487.8458968968067,490.6932464895897,483.10031424216857,488.7950134277344,4900,0.0,0.0
2024-03-04 00:00:00+09:00,488.7950240734012,490.6932571765989,487.84590752180236,489.744140625,2900,0.0,0.0
2024-03-05 00:00:00+09:00,490.6932571765989,492.5914902797965,487.84590752180236,489.744140625,4600,0.0,0.0
2024-03-06 00:00:00+09:00,491.6423630205173,492.59147955144493,487.8458968968067,488.7950134277344,5700,0.0,0.0
2024-03-07 00:00:00+09:00,490.6931888631575,494.4896545410156,489.74407244369297,494.4896545410156,3000,0.0,0.0
2024-03-08 00:00:00+09:00,494.4897262164003,496.38795933047476,491.6423765452886,495.4388427734375,3300,0.0,0.0
2024-03-11 00:00:00+09:00,500.1844070492589,500.1844070492589,490.69324183010787,499.23529052734375,6300,0.0,0.0
2024-03-12 00:00:00+09:00,499.2352997292089,503.0317658868455,494.4897170321632,497.3370666503906,9800,0.0,0.0
2024-03-13 00:00:00+09:00,501.13352357117395,504.92998965883436,494.48970791776827,499.23529052734375,6700,0.0,0.0
2024-03-14 00:00:00+09:00,504.9299881244025,504.9299881244025,495.43882293409416,496.387939453125,1700,0.0,0.0
2024-03-15 00:00:00+09:00,496.38795155592163,504.930000435469,489.7441357607181,500.1844177246094,2200,0.0,0.0
2024-03-18 00:00:00+09:00,500.18441626861807,502.08264934743636,497.3370666503906,497.3370666503906,1700,0.0,0.0
2024-03-19 00:00:00+09:00,497.3370680980936,502.08265080895325,491.642368845062,500.1844177246094,5100,0.0,0.0
2024-03-21 00:00:00+09:00,498.2861952348189,502.08266148422706,498.2861952348189,501.133544921875,4300,0.0,0.0
2024-03-22 00:00:00+09:00,502.0826400930891,503.03175661500416,496.3879409615985,499.23529052734375,8400,0.0,0.0
2024-03-25 00:00:00+09:00,494.4896545410156,498.2861202188737,493.5405381215511,494.4896545410156,4100,0.0,0.0
2024-03-26 00:00:00+09:00,496.3879501109815,499.2352997292089,494.4897170321632,497.3370666503906,4200,0.0,0.0
2024-03-27 00:00:00+09:00,499.23530118243747,502.08265080895325,492.5914853872339,500.1844177246094,4500,0.0,0.0
2024-03-28 00:00:00+09:00,504.01717313608725,509.76641845703125,500.18434292212464,509.76641845703125,3200,5.0,0.0
2024-03-29 00:00:00+09:00,507.8501417946681,512.6411808682027,501.14268709171967,508.808349609375,4100,0.0,0.0
2024-04-01 00:00:00+09:00,498.26802340420807,506.89189304005015,496.3516079295765,505.9336853027344,3000,0.0,0.0
2024-04-02 00:00:00+09:00,504.9754333496094,504.9754333496094,504.9754333496094,504.9754333496094,100,0.0,0.0
2024-04-03 00:00:00+09:00,490.60234375,499.22621307373043,487.7277206420898,498.26800537109375,17000,0.0,0.0
2024-04-04 00:00:00+09:00,498.2679867744446,498.2679867744446,489.6441177725792,490.6023254394531,2800,0.0,0.0
2024-04-05 00:00:00+09:00,490.60233616504854,493.4769592285156,484.8530900381144,493.4769592285156,4200,0.0,0.0
2024-04-08 00:00:00+09:00,494.4351501464844,495.39335780180704,489.64411186987115,494.4351501464844,800,0.0,0.0
2024-04-09 00:00:00+09:00,498.26803273168105,500.1844482421875,495.39340946592137,500.1844482421875,1700,0.0,0.0
2024-04-10 00:00:00+09:00,503.0590453986184,508.8082916317455,497.30979916549137,506.8918762207031,22700,0.0,0.0
2024-04-11 00:00:00+09:00,517.4321609814361,565.342546257495,505.933668515182,506.8918762207031,223400,0.0,0.0
2024-04-12 00:00:00+09:00,502.10081138906554,502.10081138906554,490.6023195251938,494.4351501464844,58300,0.0,0.0
2024-04-15 00:00:00+09:00,490.60234676640925,504.01725468580327,490.60234676640925,496.3515930175781,11400,0.0,0.0
2024-04-16 00:00:00+09:00,496.3515930175781,505.93367010285954,491.5605544749374,496.3515930175781,8500,0.0,0.0
2024-04-17 00:00:00+09:00,496.3515654571297,497.3097731124523,492.5187348358391,494.4351501464844,4900,0.0,0.0
2024-04-18 00:00:00+09:00,490.60233616504854,497.3097899798051,489.64412847722616,493.4769592285156,14500,0.0,0.0
2024-04-19 00:00:00+09:00,491.5605361040901,493.47695144952513,483.89487472234987,488.6859130859375,14000,0.0,0.0
2024-04-22 00:00:00+09:00,488.6859130859375,489.644120758655,486.76949774050246,488.6859130859375,8400,0.0,0.0
2024-04-23 00:00:00+09:00,489.6441177725792,491.56053310632706,489.6441177725792,490.6023254394531,700,0.0,0.0
2024-04-24 00:00:00+09:00,493.4769592285156,494.435166916338,490.60233616504854,493.4769592285156,13900,0.0,0.0
2024-04-25 00:00:00+09:00,493.47695621807753,495.39337158203125,490.602333172147,495.39337158203125,4600,0.0,0.0
2024-04-26 00:00:00+09:00,490.602333172147,495.39337158203125,489.64412549017015,495.39337158203125,23900,0.0,0.0
2024-04-30 00:00:00+09:00,494.43517760052185,498.2680084346344,491.5605544749374,496.3515930175781,8900,0.0,0.0
2024-05-01 00:00:00+09:00,496.35159151867936,496.35159151867936,478.1456451116236,487.72772216796875,43100,0.0,0.0
2024-05-02 00:00:00+09:00,488.68592682183373,495.3933807193883,486.7695114225324,489.6441345214844,6400,0.0,0.0
2024-05-07 00:00:00+09:00,495.39335780180704,496.3515654571297,492.5187348358391,494.4351501464844,7200,0.0,0.0
2024-05-08 00:00:00+09:00,490.60233918128654,495.3933776498538,490.60233918128654,491.560546875,29500,0.0,0.0
2024-05-09 00:00:00+09:00,491.560546875,494.4351699561403,491.560546875,491.560546875,9100,0.0,0.0
2024-05-10 00:00:00+09:00,491.560546875,493.47696226242687,490.60233918128654,491.560546875,25200,0.0,0.0
2024-05-13 00:00:00+09:00,489.644120758655,491.5605361040901,486.76949774050246,488.6859130859375,17500,0.0,0.0
2024-05-14 00:00:00+09:00,488.68592987360324,489.6441375792378,487.72772216796875,487.72772216796875,17000,0.0,0.0
2024-05-15 00:00:00+09:00,486.76948991530014,487.7276975726137,481.9784516287322,483.8948669433594,29400,0.0,0.0
2024-05-16 00:00:00+09:00,481.0202193269711,486.7694649762974,477.18738889408684,480.06201171875,25900,0.0,0.0
2024-05-17 00:00:00+09:00,478.14564361572263,483.89488983154297,476.2292282104492,479.1038513183594,27500,0.0,0.0
2024-05-20 00:00:00+09:00,479.1038041105289,484.8530497598553,479.1038041105289,480.06201171875,13500,0.0,0.0
2024-05-21 00:00:00+09:00,481.0202836092106,483.89490681803056,478.1456604003906,478.1456604003906,12900,0.0,0.0
2024-05-22 00:00:00+09:00,477.18738889408684,482.93663454341316,477.18738889408684,480.06201171875,11500,0.0,0.0
2024-05-23 00:00:00+09:00,482.9366592860458,485.81128225798653,482.9366592860458,483.8948669433594,3300,0.0,0.0
2024-05-24 00:00:00+09:00,481.97843212217794,488.68588545191005,481.97843212217794,486.76947021484375,6100,0.0,0.0
2024-05-27 00:00:00+09:00,485.8112625963106,486.76947021484375,483.89484735924424,486.76947021484375,1500,0.0,0.0
2024-05-28 00:00:00+09:00,487.7277558757474,487.7277558757474,485.81134033203125,485.81134033203125,2000,0.0,0.0
2024-05-29 00:00:00+09:00,482.93667906499,485.8113021546626,481.020263671875,481.020263671875,3300,0.0,0.0
2024-05-30 00:00:00+09:00,481.0202910408141,482.93670654296875,476.2292522854275,482.93670654296875,8500,0.0,0.0
2024-05-31 00:00:00+09:00,482.93667906499,482.93667906499,478.1456405822024,481.020263671875,2200,0.0,0.0
2024-06-03 00:00:00+09:00,482.93670654296875,483.89491429404603,479.10387553865945,482.93670654296875,2300,0.0,0.0
2024-06-04 00:00:00+09:00,482.93666225304423,482.93666225304423,481.97845458984375,481.97845458984375,2500,0.0,0.0
2024-06-05 00:00:00+09:00,482.93666225304423,482.93666225304423,481.02024692664327,481.97845458984375,8000,0.0,0.0
2024-06-06 00:00:00+09:00,483.89492478831517,485.81134033203125,481.9785092445991,485.81134033203125,2700,0.0,0.0
2024-06-07 00:00:00+09:00,485.81134033203125,486.7695481038893,481.9785092445991,485.81134033203125,3000,0.0,0.0
2024-06-10 00:00:00+09:00,487.72770541321995,488.6859130859375,486.76949774050246,488.6859130859375,1500,0.0,0.0
2024-06-11 00:00:00+09:00,488.6859237938596,491.560546875,487.7277161001462,491.560546875,3000,0.0,0.0
2024-06-12 00:00:00+09:00,491.5605361040901,492.5187437768076,488.6859130859375,488.6859130859375,7900,0.0,0.0
2024-06-13 00:00:00+09:00,488.6859130859375,492.5187437768076,487.72770541321995,488.6859130859375,600,0.0,0.0
2024-06-14 00:00:00+09:00,490.602342221135,492.5187576204363,486.7695114225324,489.6441345214844,3600,0.0,0.0
2024-06-17 00:00:00+09:00,486.7695114225324,491.56054992078566,485.81130372288175,489.6441345214844,3300,0.0,0.0
2024-06-18 00:00:00+09:00,485.81129772593675,497.3097899798051,485.81129772593675,493.4769592285156,8600,0.0,0.0
2024-06-19 00:00:00+09:00,495.39337158203125,496.3515792640081,490.602333172147,495.39337158203125,700,0.0,0.0
2024-06-20 00:00:00+09:00,493.47695621807753,495.39337158203125,493.47695621807753,495.39337158203125,200,0.0,0.0
2024-06-21 00:00:00+09:00,489.644120758655,495.3933667949602,488.6859130859375,488.6859130859375,1800,0.0,0.0
2024-06-24 00:00:00+09:00,488.68592682183373,493.476965320087,488.68592682183373,489.6441345214844,4100,0.0,0.0
2024-06-25 00:00:00+09:00,488.6859374287527,495.39339147189247,488.6859374287527,492.5187683105469,3000,0.0,0.0
2024-06-26 00:00:00+09:00,492.51875456871346,493.47696226242687,487.7277161001462,491.560546875,10000,0.0,0.0
2024-06-27 00:00:00+09:00,494.43516390005436,496.3515792640081,490.602333172147,495.39337158203125,5300,0.0,0.0
2024-06-28 00:00:00+09:00,495.39338530904996,496.3515930175781,491.5605544749374,496.3515930175781,3500,0.0,0.0
2024-07-01 00:00:00+09:00,496.3515930175781,498.2680084346344,492.5187621834655,496.3515930175781,3200,0.0,0.0
2024-07-02 00:00:00+09:00,496.35157031903526,505.93364696612093,491.56053199549245,501.1426086425781,8900,0.0,0.0
2024-07-03 00:00:00+09:00,501.1426223871362,504.9754531510914,499.22620700515864,502.100830078125,2900,0.0,0.0
2024-07-04 00:00:00+09:00,503.0590715079472,503.0590715079472,497.3098249764278,500.1844482421875,6400,0.0,0.0
2024-07-05 00:00:00+09:00,502.10081630728666,503.0590239719952,495.3933626543267,501.1426086425781,4600,0.0,0.0
2024-07-08 00:00:00+09:00,502.1008376930973,507.85008392622433,502.1008376930973,506.8918762207031,7600,0.0,0.0
2024-07-09 00:00:00+09:00,507.85008392622433,507.85008392622433,500.18442228205487,506.8918762207031,4600,0.0,0.0
2024-07-10 00:00:00+09:00,506.8918762207031,506.8918762207031,504.0172531041396,506.8918762207031,3900,0.0,0.0
2024-07-11 00:00:00+09:00,507.8500778455895,511.68290862178264,504.97545476344465,510.7247009277344,13500,0.0,0.0
2024-07-12 00:00:00+09:00,493.4769608592259,511.6829069880129,493.4769608592259,502.100830078125,25900,0.0,0.0
2024-07-16 00:00:00+09:00,502.1008103893649,505.93364100302415,502.1008103893649,504.9754333496094,2200,0.0,0.0
2024-07-17 00:00:00+09:00,504.9754114425571,505.9336190544026,499.2261657714844,499.2261657714844,2000,0.0,0.0
2024-07-18 00:00:00+09:00,503.0590347464094,504.0172424316406,500.18441169071565,504.0172424316406,1200,0.0,0.0
2024-07-19 00:00:00+09:00,504.9754775654186,505.9336853027344,500.18443887883967,505.9336853027344,600,0.0,0.0
2024-07-22 00:00:00+09:00,498.2679581596389,505.9336190544026,498.2679581596389,499.2261657714844,3000,0.0,0.0
2024-07-23 00:00:00+09:00,502.10082706117817,504.9754501168719,502.10082706117817,504.0172424316406,1600,0.0,0.0
2024-07-24 00:00:00+09:00,504.0172424316406,504.9754501168719,501.1426193759469,504.0172424316406,3700,0.0,0.0
2024-07-25 00:00:00+09:00,499.226193313161,503.0590239719952,484.85307834253257,501.1426086425781,12000,0.0,0.0
2024-07-26 00:00:00+09:00,495.39335780180704,498.267980767775,488.68590421454854,494.4351501464844,7600,0.0,0.0
2024-07-29 00:00:00+09:00,495.39335780180704,499.2261884230976,493.47694249116176,494.4351501464844,3300,0.0,0.0
2024-07-30 00:00:00+09:00,491.5605271805165,497.3097731124523,491.5605271805165,494.4351501464844,11700,0.0,0.0
2024-07-31 00:00:00+09:00,496.35157031903526,502.10081630728666,496.35157031903526,501.1426086425781,6900,0.0,0.0
2024-08-01 00:00:00+09:00,481.02030147274104,494.43521027875374,472.39643152601855,485.81134033203125,50100,0.0,0.0
2024-08-02 00:00:00+09:00,476.22920971381956,478.1456250446599,465.68892539419784,471.43817138671875,23900,0.0,0.0
2024-08-05 00:00:00+09:00,460.89790164723115,461.8561093429634,423.5278015136719,423.5278015136719,46400,0.0,0.0
2024-08-06 00:00:00+09:00,435.02630478076725,461.85612093464715,424.4860198631715,426.4024353027344,27500,0.0,0.0
2024-08-07 00:00:00+09:00,431.1934515770445,451.31581265063994,431.1934515770445,450.35760498046875,7400,0.0,0.0
2024-08-08 00:00:00+09:00,450.357602006298,458.9814709808867,450.357602006298,452.2740173339844,1700,0.0,0.0
2024-08-09 00:00:00+09:00,456.1068664550781,459.939697265625,451.3158279418945,459.939697265625,3100,0.0,0.0
2024-08-13 00:00:00+09:00,461.85610492907074,463.7725203022204,455.1486511230469,455.1486511230469,7500,0.0,0.0
2024-08-14 00:00:00+09:00,456.10686949406704,459.93970033015165,456.10686949406704,458.0232849121094,400,0.0,0.0
2024-08-15 00:00:00+09:00,459.93973744066454,459.93973744066454,450.35765957731735,454.19049072265625,8100,0.0,0.0
2024-08-16 00:00:00+09:00,459.93964722437886,463.77247761791534,454.19040163407414,462.81427001953125,2100,0.0,0.0
2024-08-19 00:00:00+09:00,462.8143142826301,468.56356042278696,459.9396912125516,463.77252197265625,2600,0.0,0.0
2024-08-20 00:00:00+09:00,462.81427001953125,468.563515609836,456.1068168308424,462.81427001953125,5800,0.0,0.0
2024-08-21 00:00:00+09:00,462.8143112747758,465.6889343261719,459.9396882233796,465.6889343261719,1300,0.0,0.0
2024-08-22 00:00:00+09:00,465.6889343261719,478.1456342155551,465.6889343261719,465.6889343261719,1800,0.0,0.0
2024-08-23 00:00:00+09:00,463.77251596919825,467.6053466796875,463.77251596919825,467.6053466796875,600,0.0,0.0
2024-08-26 00:00:00+09:00,467.6053436902105,470.47996670469945,467.6053436902105,469.5217590332031,900,0.0,0.0
2024-08-27 00:00:00+09:00,469.5217667396622,474.31280517578125,467.60535136521463,474.31280517578125,1100,0.0,0.0
2024-08-28 00:00:00+09:00,474.31280820896853,474.31280820896853,465.6889389688055,472.3963928222656,4400,0.0,0.0
2024-08-29 00:00:00+09:00,472.3963928222656,472.3963928222656,472.3963928222656,472.3963928222656,700,0.0,0.0
2024-08-30 00:00:00+09:00,469.5217820000403,469.5217820000403,464.7307434082031,464.7307434082031,1100,0.0,0.0
2024-09-02 00:00:00+09:00,468.5635543573098,468.5635543573098,461.85610061395363,467.6053466796875,1300,0.0,0.0
2024-09-03 00:00:00+09:00,465.68895112657054,469.5217820000403,464.7307434082031,464.7307434082031,1700,0.0,0.0
2024-09-04 00:00:00+09:00,464.7306852162995,464.7306852162995,459.93964722437886,462.81427001953125,1400,0.0,0.0
2024-09-05 00:00:00+09:00,463.77253116623626,463.77253116623626,458.0232849121094,458.0232849121094,7000,0.0,0.0
2024-09-06 00:00:00+09:00,463.77253116623626,463.77253116623626,458.0232849121094,458.0232849121094,2600,0.0,0.0
2024-09-09 00:00:00+09:00,455.148634389669,456.1068420410156,440.7755196194689,456.1068420410156,9600,0.0,0.0
2024-09-10 00:00:00+09:00,463.77250325178903,464.7307109031357,445.56655787620224,456.1068420410156,4200,0.0,0.0
2024-09-11 00:00:00+09:00,462.8143126156456,462.8143126156456,453.2322357498972,455.1486511230469,2600,0.0,0.0
2024-09-12 00:00:00+09:00,456.1068479893571,461.85609397241626,452.2740173339844,452.2740173339844,7700,0.0,0.0
2024-09-13 00:00:00+09:00,455.1486697104271,456.10687743613323,434.0680997448915,443.6501770019531,12700,0.0,0.0
2024-09-17 00:00:00+09:00,444.6083601409314,444.6083601409314,439.81732177734375,439.81732177734375,800,0.0,0.0
2024-09-18 00:00:00+09:00,438.8591519059806,447.4830217032597,435.9845286402209,444.6083984375,4000,0.0,0.0
2024-09-19 00:00:00+09:00,444.6083695329017,458.02327723432546,444.6083695329017,453.23223876953125,1700,0.0,0.0
2024-09-20 00:00:00+09:00,458.02326634183845,458.02326634183845,450.35760498046875,450.35760498046875,300,0.0,0.0
2024-09-24 00:00:00+09:00,449.3994202316448,449.3994202316448,435.98451216502855,445.56658935546875,13400,0.0,0.0
2024-09-25 00:00:00+09:00,445.56660190974594,446.52480965578843,433.1099012111939,437.90093994140625,12400,0.0,0.0
2024-09-26 00:00:00+09:00,437.9009124420501,445.5665739290007,435.9844970703125,435.9844970703125,7300,0.0,0.0
2024-09-27 00:00:00+09:00,440.8287593062206,450.5173034667969,438.8910504741053,450.5173034667969,10700,5.0,0.0
2024-09-30 00:00:00+09:00,442.76650071302,445.6730641750311,436.95337378899785,438.8910827636719,3900,0.0,0.0
2024-10-01 00:00:00+09:00,446.6419186623681,446.6419186623681,438.8910827636719,438.8910827636719,600,0.0,0.0
2024-10-02 00:00:00+09:00,438.89106514179605,457.2992996620921,437.9222106933594,437.9222106933594,4900,0.0,0.0
2024-10-03 00:00:00+09:00,440.8287481904555,443.7353113653376,436.953330623946,439.8598937988281,3100,0.0,0.0
2024-10-04 00:00:00+09:00,441.79760424433977,446.6418762207031,440.8287498490671,446.6418762207031,2400,0.0,0.0
2024-10-07 00:00:00+09:00,449.5484915635257,450.51734607120574,442.7665100097656,442.7665100097656,2700,0.0,0.0
2024-10-08 00:00:00+09:00,444.7042013469495,444.7042013469495,435.9845111244603,441.7976379394531,5700,0.0,0.0
2024-10-09 00:00:00+09:00,441.7976025820829,441.7976025820829,439.8598937988281,439.8598937988281,800,0.0,0.0
2024-10-10 00:00:00+09:00,441.7976379394531,441.7976379394531,438.8910745319567,441.7976379394531,6200,0.0,0.0
2024-10-11 00:00:00+09:00,441.79763905996896,448.5796203613281,440.82878458834625,448.5796203613281,4000,0.0,0.0
2024-10-15 00:00:00+09:00,449.5484915635257,449.5484915635257,442.7665100097656,442.7665100097656,20600,0.0,0.0
2024-10-16 00:00:00+09:00,442.76645863961244,446.6418762207031,440.8287498490671,446.6418762207031,700,0.0,0.0
2024-10-17 00:00:00+09:00,449.5484748329509,454.3927471910646,448.5796203613281,448.5796203613281,2000,0.0,0.0
2024-10-18 00:00:00+09:00,454.39272594247694,454.39272594247694,450.5173082372106,452.45501708984375,500,0.0,0.0
2024-10-21 00:00:00+09:00,447.61078254816573,447.61078254816573,441.79765550208566,442.7665100097656,1900,0.0,0.0
2024-10-22 00:00:00+09:00,442.7665100097656,444.70421902512567,440.82880099440564,442.7665100097656,1000,0.0,0.0
2024-10-23 00:00:00+09:00,441.7976202996223,441.7976202996223,437.92220257769577,440.8287658691406,2400,0.0,0.0
2024-10-24 00:00:00+09:00,440.8287658691406,440.8287658691406,440.8287658691406,440.8287658691406,4400,0.0,0.0
2024-10-25 00:00:00+09:00,440.82879173834596,440.82879173834596,435.98451930166084,438.8910827636719,2900,0.0,0.0
2024-10-28 00:00:00+09:00,442.76650071302,442.76650071302,436.95337378899785,438.8910827636719,4300,0.0,0.0
2024-10-29 00:00:00+09:00,438.89105700817737,442.7664747301039,438.89105700817737,440.8287658691406,1200,0.0,0.0
2024-10-30 00:00:00+09:00,440.8287658691406,440.8287658691406,440.8287658691406,440.8287658691406,300,0.0,0.0
2024-10-31 00:00:00+09:00,442.76645863961244,446.6418762207031,441.79760424433977,446.6418762207031,2400,0.0,0.0
2024-11-01 00:00:00+09:00,435.98450526295096,440.8287775436504,433.07794189453125,433.07794189453125,11700,0.0,0.0
2024-11-05 00:00:00+09:00,435.98451930166084,446.6419186623681,435.98451930166084,438.8910827636719,5300,0.0,0.0
2024-11-06 00:00:00+09:00,446.6418646240234,446.6418646240234,435.0156121826172,435.9844665527344,2600,0.0,0.0
2024-11-07 00:00:00+09:00,443.735346877784,443.735346877784,434.04680218612936,441.7976379394531,3800,0.0,0.0
2024-11-08 00:00:00+09:00,445.67302987044553,445.67302987044553,442.76646663216,443.7353210449219,1800,0.0,0.0
2024-11-11 00:00:00+09:00,442.76645863961244,446.6418762207031,442.76645863961244,446.6418762207031,5400,0.0,0.0
2024-11-12 00:00:00+09:00,445.6730475664658,449.5484653713916,444.7041931152344,444.7041931152344,8200,0.0,0.0
2024-11-13 00:00:00+09:00,446.64190201769725,446.64190201769725,444.7041931152344,444.7041931152344,300,0.0,0.0
2024-11-14 00:00:00+09:00,442.76646663216,444.70417545768373,442.76646663216,443.7353210449219,3300,0.0,0.0
2024-11-15 00:00:00+09:00,443.7353480032144,448.5796203613281,443.7353480032144,448.5796203613281,1000,0.0,0.0
2024-11-18 00:00:00+09:00,445.6730475664658,446.64190201769725,444.7041931152344,444.7041931152344,1700,0.0,0.0
2024-11-19 00:00:00+09:00,444.7041931152344,448.5796109201602,444.7041931152344,444.7041931152344,4900,0.0,0.0
2024-11-20 00:00:00+09:00,443.73533866400294,446.64190201769725,443.73533866400294,444.7041931152344,24800,0.0,0.0
2024-11-21 00:00:00+09:00,444.7041849904246,447.6107482910156,444.7041849904246,447.6107482910156,900,0.0,0.0
2024-11-22 00:00:00+09:00,447.6107306159758,447.6107306159758,440.8287498490671,446.6418762207031,3800,0.0,0.0
2024-11-25 00:00:00+09:00,446.64190201769725,446.64190201769725,442.76648421277145,444.7041931152344,1900,0.0,0.0
2024-11-26 00:00:00+09:00,445.67303942395495,447.6107482910156,443.73533055689427,447.6107482910156,700,0.0,0.0
2024-11-27 00:00:00+09:00,448.57960272454596,448.57960272454596,439.8599128227729,447.6107482910156,3200,0.0,0.0
2024-11-28 00:00:00+09:00,448.5796203613281,448.5796203613281,443.7353480032144,448.5796203613281,3100,0.0,0.0
2024-11-29 00:00:00+09:00,448.57959310873105,448.57959310873105,443.7353210449219,443.7353210449219,2000,0.0,0.0
2024-12-02 00:00:00+09:00,444.70417545768373,444.70417545768373,443.7353210449219,443.7353210449219,2100,0.0,0.0
2024-12-03 00:00:00+09:00,444.7041931152344,445.6730475664658,442.76648421277145,444.7041931152344,2800,0.0,0.0
2024-12-04 00:00:00+09:00,441.7976025820829,443.7353113653376,439.8598937988281,439.8598937988281,5000,0.0,0.0
2024-12-05 00:00:00+09:00,441.7976122193982,444.70417545768373,440.82875780663636,443.7353210449219,3300,0.0,0.0
2024-12-06 00:00:00+09:00,444.7041931152344,444.7041931152344,440.8287753103086,444.7041931152344,2300,0.0,0.0
2024-12-09 00:00:00+09:00,446.64191141808266,448.5796203613281,445.67305694645995,448.5796203613281,18300,0.0,0.0
2024-12-10 00:00:00+09:00,445.6730380215488,447.61074688251205,439.859911438659,440.8287658691406,23000,0.0,0.0
2024-12-11 00:00:00+09:00,440.8288018456821,449.5484924316406,440.8288018456821,449.5484924316406,8100,0.0,0.0
2024-12-12 00:00:00+09:00,449.5484475214929,449.5484475214929,441.7976122193982,443.7353210449219,22400,0.0,0.0
2024-12-13 00:00:00+09:00,439.85992900112217,442.7664924086186,435.9845111244603,441.7976379394531,10900,0.0,0.0
2024-12-16 00:00:00+09:00,438.89105700817737,440.8287658691406,438.89105700817737,440.8287658691406,2200,0.0,0.0
2024-12-17 00:00:00+09:00,437.92222827633486,438.8910827636719,437.92222827633486,438.8910827636719,700,0.0,0.0
2024-12-18 00:00:00+09:00,438.89106514179605,438.89106514179605,436.95335624492276,437.9222106933594,3400,0.0,0.0
2024-12-19 00:00:00+09:00,436.95332092285156,438.89102966308593,435.9844665527344,435.9844665527344,2200,0.0,0.0
2024-12-20 00:00:00+09:00,436.9533597190908,436.9533597190908,431.14023298225146,433.07794189453125,14700,0.0,0.0
2024-12-23 00:00:00+09:00,428.23366837935015,431.14023173939097,426.29595947265625,426.29595947265625,18400,0.0,0.0
2024-12-24 00:00:00+09:00,427.26482688538846,427.26482688538846,422.42055447172197,425.3271179199219,12900,0.0,0.0
2024-12-25 00:00:00+09:00,425.32708584820784,425.32708584820784,418.54510498046875,418.54510498046875,6200,0.0,0.0
2024-12-26 00:00:00+09:00,419.51396751848415,419.51396751848415,408.8565688055434,415.6385498046875,56300,0.0,0.0
2024-12-27 00:00:00+09:00,419.51399203587005,441.79764519250983,419.51399203587005,432.1091003417969,15600,0.0,0.0
2024-12-30 00:00:00+09:00,432.1090921176834,435.0156555175781,422.4205474513676,435.0156555175781,4100,0.0,0.0
2025-01-06 00:00:00+09:00,442.7664802586107,442.7664802586107,423.38939140703036,424.3582458496094,23900,0.0,0.0
2025-01-07 00:00:00+09:00,432.1090665762282,436.9533386230469,430.1713577575007,436.9533386230469,1000,0.0,0.0
2025-01-08 00:00:00+09:00,436.95335494480776,436.95335494480776,429.20251938037654,431.1402282714844,4200,0.0,0.0
2025-01-09 00:00:00+09:00,433.07793716259215,436.95335494480776,431.1402282714844,431.1402282714844,1800,0.0,0.0
2025-01-10 00:00:00+09:00,432.1091003417969,432.1091003417969,428.2336824015117,432.1091003417969,8300,0.0,0.0
2025-01-14 00:00:00+09:00,432.1090731458599,433.0779275699537,422.4205289049213,427.2648010253906,9100,0.0,0.0
2025-01-15 00:00:00+09:00,424.35823775310905,427.2648010253906,424.35823775310905,427.2648010253906,300,0.0,0.0
2025-01-16 00:00:00+09:00,425.3271002921884,427.2648091773464,423.38939140703036,424.3582458496094,800,0.0,0.0
2025-01-17 00:00:00+09:00,424.3582458496094,424.3582458496094,424.3582458496094,424.3582458496094,200,0.0,0.0
2025-01-20 00:00:00+09:00,422.420509673156,429.2024903330461,419.5139465332031,419.5139465332031,3700,0.0,0.0
2025-01-21 00:00:00+09:00,421.4516906738281,421.4516906738281,419.5139817511898,421.4516906738281,2100,0.0,0.0
2025-01-22 00:00:00+09:00,421.45167779485024,422.4205322265625,419.5139689314256,422.4205322265625,2300,0.0,0.0
2025-01-23 00:00:00+09:00,422.4205322265625,425.3270955216994,422.4205322265625,422.4205322265625,1600,0.0,0.0
2025-01-24 00:00:00+09:00,428.23366837935015,428.23366837935015,423.3893961126154,426.29595947265625,4000,0.0,0.0
2025-01-27 00:00:00+09:00,425.3271179199219,426.2959724026552,422.42055447172197,425.3271179199219,2600,0.0,0.0
2025-01-28 00:00:00+09:00,425.3271179199219,425.3271179199219,421.45169998898865,425.3271179199219,2900,0.0,0.0
2025-01-29 00:00:00+09:00,424.3582458496094,424.3582458496094,424.3582458496094,424.3582458496094,500,0.0,0.0
2025-01-30 00:00:00+09:00,424.35824108998713,424.35824108998713,422.4205322265625,422.4205322265625,1300,0.0,0.0
2025-01-31 00:00:00+09:00,426.2959724026552,426.2959724026552,423.38940895445523,425.3271179199219,12500,0.0,0.0
2025-02-03 00:00:00+09:00,421.4516825218723,431.1402269476625,421.4516825218723,424.3582458496094,20000,0.0,0.0
2025-02-04 00:00:00+09:00,429.2024841308594,431.1401928628271,427.26477539889163,429.2024841308594,1100,0.0,0.0
2025-02-05 00:00:00+09:00,430.17137382593046,432.10908271703823,425.327101598161,431.1402282714844,3300,0.0,0.0
2025-02-06 00:00:00+09:00,432.1091003417969,432.1091003417969,428.2336824015117,432.1091003417969,700,0.0,0.0
2025-02-07 00:00:00+09:00,434.04678485576926,445.6730380215488,434.04678485576926,440.8287658691406,9900,0.0,0.0
2025-02-10 00:00:00+09:00,446.64191141808266,450.5173293045736,441.79763905996896,448.5796203613281,14500,0.0,0.0
2025-02-12 00:00:00+09:00,450.5173469411916,450.5173469411916,442.766510864784,449.5484924316406,7600,0.0,0.0
2025-02-13 00:00:00+09:00,449.5484748329509,450.5173293045736,445.67305694645995,448.5796203613281,2100,0.0,0.0
2025-02-14 00:00:00+09:00,444.70419536821,447.61075873662963,433.07794189453125,433.07794189453125,15400,0.0,0.0
2025-02-17 00:00:00+09:00,440.82878347028765,441.7976379394531,434.04680218612936,441.7976379394531,1100,0.0,0.0
2025-02-18 00:00:00+09:00,443.735346877784,443.735346877784,435.01565665529483,441.7976379394531,5400,0.0,0.0
2025-02-19 00:00:00+09:00,436.95332092285156,439.8598840332031,435.9844665527344,435.9844665527344,600,0.0,0.0
2025-02-20 00:00:00+09:00,440.82878347028765,442.7664924086186,434.04680218612936,441.7976379394531,7800,0.0,0.0
2025-02-21 00:00:00+09:00,438.89105700817737,440.8287658691406,435.9844937167325,440.8287658691406,1900,0.0,0.0
2025-02-25 00:00:00+09:00,440.8287658691406,440.8287658691406,439.859911438659,440.8287658691406,4000,0.0,0.0
2025-02-26 00:00:00+09:00,440.8287481904555,440.8287481904555,438.89103940720076,439.8598937988281,700,0.0,0.0
2025-02-27 00:00:00+09:00,439.8599464867256,442.7665100097656,437.9222374713656,442.7665100097656,1200,0.0,0.0
2025-02-28 00:00:00+09:00,442.76650071302,443.73535520035705,438.8910827636719,438.8910827636719,2400,0.0,0.0
2025-03-03 00:00:00+09:00,437.92219456835085,444.70417545768373,436.953340155589,443.7353210449219,3900,0.0,0.0
2025-03-04 00:00:00+09:00,443.735346877784,445.673055816115,441.7976379394531,441.7976379394531,4100,0.0,0.0
2025-03-05 00:00:00+09:00,443.7353480032144,450.5173293045736,441.79763905996896,448.5796203613281,5300,0.0,0.0
2025-03-06 00:00:00+09:00,450.5173469411916,453.42391046984443,446.6419289029878,449.5484924316406,5000,0.0,0.0
2025-03-07 00:00:00+09:00,451.4861802321214,455.3615980881911,450.517325768104,453.42388916015625,2500,0.0,0.0
2025-03-10 00:00:00+09:00,456.3304490458386,458.2681579589844,452.455031219547,458.2681579589844,1800,0.0,0.0
2025-03-11 00:00:00+09:00,457.29931173121673,458.26816620522357,452.4550393611827,455.3616027832031,5500,0.0,0.0
2025-03-12 00:00:00+09:00,450.5173469411916,455.36161948894636,445.6730743934368,449.5484924316406,12500,0.0,0.0
2025-03-13 00:00:00+09:00,450.5172906310773,454.392708184893,450.5172906310773,451.48614501953125,1400,0.0,0.0
2025-03-14 00:00:00+09:00,454.392708184893,455.36156257334693,448.5795818541694,451.48614501953125,6600,0.0,0.0
2025-03-17 00:00:00+09:00,451.48614501953125,456.3304169618009,451.48614501953125,451.48614501953125,1200,0.0,0.0
2025-03-18 00:00:00+09:00,452.4550382478191,452.4550382478191,448.5796203613281,448.5796203613281,1200,0.0,0.0
2025-03-19 00:00:00+09:00,450.5173293045736,452.4550382478191,447.6107658897054,448.5796203613281,4800,0.0,0.0
2025-03-21 00:00:00+09:00,450.5173082372106,453.4238715161603,447.61074495826085,452.45501708984375,2700,0.0,0.0
2025-03-24 00:00:00+09:00,453.42386671496973,453.42386671496973,450.5173034667969,450.5173034667969,300,0.0,0.0
2025-03-25 00:00:00+09:00,453.42386671496973,453.42386671496973,448.5795946346816,450.5173034667969,2200,0.0,0.0
2025-03-26 00:00:00+09:00,452.455048573168,459.2370300292969,450.51733958570264,459.2370300292969,4700,0.0,0.0
2025-03-27 00:00:00+09:00,456.3304443359375,457.2992987825106,450.5173176564988,456.3304443359375,2800,0.0,0.0
2025-03-28 00:00:00+09:00,457.3096762264476,462.2059254365809,444.5794282801011,449.4756774902344,11000,5.0,0.0
2025-03-31 00:00:00+09:00,449.47568473396717,449.47568473396717,445.5586853027344,445.5586853027344,1900,0.0,0.0
2025-04-01 00:00:00+09:00,449.47567928930556,450.45492913525175,445.55867990552076,448.4964294433594,1200,0.0,0.0
2025-04-02 00:00:00+09:00,449.4757117473844,449.4757117473844,447.5172119140625,447.5172119140625,2700,0.0,0.0
2025-04-03 00:00:00+09:00,443.6002141049034,446.5379638671875,432.8284649765282,446.5379638671875,1900,0.0,0.0
2025-04-04 00:00:00+09:00,433.80769055094936,443.6001892089844,428.9114412219319,443.6001892089844,7200,0.0,0.0
2025-04-07 00:00:00+09:00,424.0152151627974,433.80771435824306,411.28496620871806,430.8699645996094,21200,0.0,0.0
2025-04-08 00:00:00+09:00,436.74546411687675,436.74546411687675,428.91146476052023,430.8699645996094,4200,0.0,0.0
2025-04-09 00:00:00+09:00,429.8906806497013,433.8076800178079,428.91143080767466,432.82843017578125,2500,0.0,0.0
2025-04-10 00:00:00+09:00,440.66245432650106,440.66245432650106,434.78695493548105,435.7662048339844,2000,0.0,0.0
2025-04-11 00:00:00+09:00,438.70394168279864,443.600191031937,436.7454419431433,442.6209411621094,1700,0.0,0.0
2025-04-14 00:00:00+09:00,442.62093572930974,445.5586853027344,442.62093572930974,445.5586853027344,15300,0.0,0.0
2025-04-15 00:00:00+09:00,438.7039292279412,449.4756774902344,438.7039292279412,449.4756774902344,2100,0.0,0.0
2025-04-16 00:00:00+09:00,441.6417042250044,445.55870381901775,435.7662048339844,435.7662048339844,2100,0.0,0.0
2025-04-17 00:00:00+09:00,436.745438361483,444.5794372558594,436.745438361483,444.5794372558594,700,0.0,0.0
2025-04-18 00:00:00+09:00,443.6001747749947,445.5586744428755,434.78692626953125,434.78692626953125,2400,0.0,0.0
2025-04-21 00:00:00+09:00,435.7661974934533,439.6831970214844,434.78694761144556,439.6831970214844,1700,0.0,0.0
2025-04-22 00:00:00+09:00,437.724704630991,437.724704630991,435.7662048339844,435.7662048339844,800,0.0,0.0
2025-04-23 00:00:00+09:00,438.7039526695628,438.7039526695628,435.76620298650766,436.7454528808594,3600,0.0,0.0
2025-04-24 00:00:00+09:00,436.7454528808594,436.7454528808594,436.7454528808594,436.7454528808594,300,0.0,0.0
2025-04-25 00:00:00+09:00,435.7662147388123,446.5379638671875,435.7662147388123,446.5379638671875,4400,0.0,0.0
2025-04-28 00:00:00+09:00,445.5586871176564,445.5586871176564,444.5794372558594,444.5794372558594,3000,0.0,0.0
2025-04-30 00:00:00+09:00,441.6416912922817,443.600191031937,439.68319155262634,442.6209411621094,1400,0.0,0.0
2025-05-01 00:00:00+09:00,443.60020026904624,444.5794501592649,437.7247009277344,437.7247009277344,3600,0.0,0.0
2025-05-02 00:00:00+09:00,440.6624360136933,450.4549345917754,436.7454365824605,445.5586853027344,20600,0.0,0.0
2025-05-07 00:00:00+09:00,468.0814440715363,476.8946930184899,463.18519465656203,471.9984436035156,51700,0.0,0.0
2025-05-08 00:00:00+09:00,466.122938899404,474.9361877441406,460.2474396695796,474.9361877441406,19500,0.0,0.0
2025-05-09 00:00:00+09:00,475.91541957456195,475.91541957456195,463.1851717258597,468.0814208984375,8700,0.0,0.0
2025-05-12 00:00:00+09:00,472.97768800086584,474.9361877441406,464.1644391561292,474.9361877441406,12000,0.0,0.0
2025-05-13 00:00:00+09:00,473.9569253700658,476.89467490748353,460.24742752878285,465.1436767578125,7400,0.0,0.0
2025-05-14 00:00:00+09:00,465.1436980565389,470.0399475097656,465.1436980565389,470.0399475097656,1700,0.0,0.0
2025-05-15 00:00:00+09:00,465.14368401464634,465.14368401464634,460.247434709229,461.2266845703125,3500,0.0,0.0
2025-05-16 00:00:00+09:00,461.2266886888352,471.9984372569396,440.66244142245404,442.6209411621094,43000,0.0,0.0
2025-05-19 00:00:00+09:00,446.53795013427737,471.9984472910563,446.53795013427737,470.0399475097656,11800,0.0,0.0
2025-05-20 00:00:00+09:00,462.205934431396,467.1021837368133,461.2266845703125,461.2266845703125,600,0.0,0.0
2025-05-21 00:00:00+09:00,461.2266882142024,468.0814372959422,455.35118900128265,459.2681884765625,4200,0.0,0.0
2025-05-22 00:00:00+09:00,454.37194093883545,458.2889404296875,452.4134411934094,458.2889404296875,1500,0.0,0.0
2025-05-23 00:00:00+09:00,459.26820965859457,465.1437091424998,459.26820965859457,464.1644592285156,1800,0.0,0.0
2025-05-26 00:00:00+09:00,461.2267003069342,469.0606994628906,461.2267003069342,469.0606994628906,1300,0.0,0.0
2025-05-27 00:00:00+09:00,466.12294977940695,469.0606994628906,463.18520009592334,469.0606994628906,2400,0.0,0.0
2025-05-28 00:00:00+09:00,468.0814208984375,469.06067073295304,464.1644215603752,468.0814208984375,4000,0.0,0.0
2025-05-29 00:00:00+09:00,468.08142629523024,468.08142629523024,462.2059272203947,465.1436767578125,3900,0.0,0.0
2025-05-30 00:00:00+09:00,463.18517706620065,465.1436767578125,461.2266773745888,465.1436767578125,3400,0.0,0.0
2025-06-02 00:00:00+09:00,465.1436767578125,465.1436767578125,465.1436767578125,465.1436767578125,1300,0.0,0.0
2025-06-03 00:00:00+09:00,465.14368218890695,465.14368218890695,462.2059326171875,462.2059326171875,1600,0.0,0.0
2025-06-04 00:00:00+09:00,465.1436713948908,468.0814208984375,461.2266720568286,468.0814208984375,7500,0.0,0.0
2025-06-05 00:00:00+09:00,468.0814208984375,468.0814208984375,468.0814208984375,468.0814208984375,2800,0.0,0.0
2025-06-06 00:00:00+09:00,465.14369513398856,505.29294039818546,454.3719464045699,455.3511962890625,105300,0.0,0.0
2025-06-09 00:00:00+09:00,457.30966363342026,457.30966363342026,455.35116400329855,456.3304138183594,3300,0.0,0.0
2025-06-10 00:00:00+09:00,459.26819213605796,459.26819213605796,456.3304425061898,457.3096923828125,3300,0.0,0.0
2025-06-11 00:00:00+09:00,458.2889349870621,461.2266845703125,456.3304352648952,461.2266845703125,5800,0.0,0.0
2025-06-12 00:00:00+09:00,456.3304138183594,461.2266628936637,456.3304138183594,456.3304138183594,7700,0.0,0.0
2025-06-13 00:00:00+09:00,455.3511981306405,455.3511981306405,454.3719482421875,454.3719482421875,1000,0.0,0.0
2025-06-16 00:00:00+09:00,459.26819768445245,459.26819768445245,454.3719482421875,454.3719482421875,1100,0.0,0.0
2025-06-17 00:00:00+09:00,448.49642408126863,453.3926732524615,448.49642408126863,451.4341735839844,2000,0.0,0.0
2025-06-18 00:00:00+09:00,455.35118900128265,459.2681884765625,455.35118900128265,459.2681884765625,1300,0.0,0.0
2025-06-19 00:00:00+09:00,456.3304461735551,456.3304461735551,455.3511962890625,455.3511962890625,1400,0.0,0.0
2025-06-20 00:00:00+09:00,455.3511871987201,460.2474365234375,455.3511871987201,460.2474365234375,1900,0.0,0.0
2025-06-23 00:00:00+09:00,453.39267505148183,453.39267505148183,444.57942650836446,450.4549255371094,9400,0.0,0.0
2025-06-24 00:00:00+09:00,450.45491492799425,456.3304138183594,450.45491492799425,456.3304138183594,600,0.0,0.0
2025-06-25 00:00:00+09:00,459.26816326354196,459.26816326354196,451.43416474305513,456.3304138183594,1600,0.0,0.0
2025-06-26 00:00:00+09:00,454.37191418823767,456.3304138183594,452.41341455811596,456.3304138183594,4700,0.0,0.0
2025-06-27 00:00:00+09:00,479.832424380915,481.7909240722656,471.9984256155123,481.7909240722656,23400,0.0,0.0
2025-06-30 00:00:00+09:00,486.6871862037895,487.6664360754269,471.01918825759105,474.9361877441406,5100,0.0,0.0
2025-07-01 00:00:00+09:00,471.998432722248,482.7701811868636,471.998432722248,477.8739318847656,2900,0.0,0.0
2025-07-02 00:00:00+09:00,477.8739318847656,481.790931326444,474.9361823035068,477.8739318847656,4500,0.0,0.0
2025-07-03 00:00:00+09:00,476.8946948775135,476.8946948775135,470.03994566982846,471.0191955566406,3800,0.0,0.0
2025-07-04 00:00:00+09:00,471.99843994645045,473.9569396972656,471.99843994645045,473.9569396972656,600,0.0,0.0
2025-07-07 00:00:00+09:00,476.8946893234883,476.8946893234883,472.97768982185806,473.9569396972656,2200,0.0,0.0
2025-07-08 00:00:00+09:00,476.89468748741547,477.8739373590529,474.9361877441406,474.9361877441406,1200,0.0,0.0
2025-07-09 00:00:00+09:00,477.87393370203415,478.8531835661776,476.8946838378906,476.8946838378906,3000,0.0,0.0
2025-07-10 00:00:00+09:00,480.8116832944647,480.8116832944647,476.8946838378906,476.8946838378906,2700,0.0,0.0
2025-07-11 00:00:00+09:00,480.8117084113919,480.8117084113919,476.8947087501993,479.83245849609375,9500,0.0,0.0
2025-07-14 00:00:00+09:00,479.83245849609375,480.8117084113919,472.9777090890067,479.83245849609375,18100,0.0,0.0
2025-07-15 00:00:00+09:00,478.8531890743035,478.8531890743035,472.97768982185806,473.9569396972656,1000,0.0,0.0
2025-07-16 00:00:00+09:00,473.956947072347,478.85319652557376,470.0399475097656,470.0399475097656,4300,0.0,0.0
2025-07-17 00:00:00+09:00,471.0191846530295,482.77018302275167,466.12293533231195,476.8946838378906,29200,0.0,0.0
2025-07-18 00:00:00+09:00,476.8946893234883,476.8946893234883,473.9569396972656,473.9569396972656,1200,0.0,0.0
2025-07-22 00:00:00+09:00,473.9569396972656,473.9569396972656,473.9569396972656,473.9569396972656,200,0.0,0.0
2025-07-23 00:00:00+09:00,480.8116742265903,484.72867360929166,478.85317453523965,481.7909240722656,4800,0.0,0.0
2025-07-24 00:00:00+09:00,484.72867000440834,487.6664195195866,482.77017032762285,483.7494201660156,3500,0.0,0.0
2025-07-25 00:00:00+09:00,487.66640881347655,494.5211575317383,487.66640881347655,489.6249084472656,4100,0.0,0.0
2025-07-28 00:00:00+09:00,489.6249084472656,491.5834080810547,484.728659362793,489.6249084472656,9900,0.0,0.0
2025-07-29 00:00:00+09:00,489.62494821259475,489.62494821259475,484.72869873046875,484.72869873046875,300,0.0,0.0
2025-07-30 00:00:00+09:00,486.68715899658207,489.6249084472656,484.728659362793,489.6249084472656,3000,0.0,0.0
2025-07-31 00:00:00+09:00,489.62492283766835,489.62492283766835,475.9154249982136,481.7909240722656,5400,0.0,0.0
2025-08-01 00:00:00+09:00,479.8324492483428,488.64569831616956,479.8324492483428,484.72869873046875,1400,0.0,0.0
2025-08-04 00:00:00+09:00,483.74940954589846,489.6249084472656,482.7701597290039,489.6249084472656,1600,0.0,0.0
2025-08-05 00:00:00+09:00,489.6249084472656,489.6249084472656,486.68715899658207,489.6249084472656,2900,0.0,0.0
2025-08-06 00:00:00+09:00,489.6249084472656,489.6249084472656,485.70790917968753,489.6249084472656,2800,0.0,0.0
2025-08-07 00:00:00+09:00,489.6249084472656,489.6249084472656,484.728659362793,489.6249084472656,3500,0.0,0.0
2025-08-08 00:00:00+09:00,485.7079358347858,491.58343505859375,484.72868596415117,491.58343505859375,8000,0.0,0.0
2025-08-12 00:00:00+09:00,492.5627073949697,492.5627073949697,471.99845917370857,479.83245849609375,17100,0.0,0.0
2025-08-13 00:00:00+09:00,479.83245849609375,482.7702082419882,472.9777090890067,479.83245849609375,6100,0.0,0.0
2025-08-14 00:00:00+09:00,482.7702082419882,482.7702082419882,471.99845917370857,479.83245849609375,9100,0.0,0.0
2025-08-15 00:00:00+09:00,479.8324297883516,479.8324297883516,472.9776807913751,478.8531799316406,1900,0.0,0.0
2025-08-18 00:00:00+09:00,479.83245849609375,479.83245849609375,477.87395866549747,479.83245849609375,2700,0.0,0.0
2025-08-19 00:00:00+09:00,476.89468565889837,476.89468565889837,474.9361859231328,475.9154357910156,900,0.0,0.0
2025-08-20 00:00:00+09:00,474.9361895726732,478.8531890743035,471.99843994645045,473.9569396972656,18000,0.0,0.0
2025-08-21 00:00:00+09:00,473.95695900430485,479.83245849609375,465.1437097666215,479.83245849609375,18600,0.0,0.0
2025-08-22 00:00:00+09:00,489.6249353173244,491.58343505859375,482.7701862228819,491.58343505859375,20100,0.0,0.0
2025-08-25 00:00:00+09:00,489.62494079956787,489.62494079956787,483.74944150997305,488.64569091796875,1200,0.0,0.0
2025-08-26 00:00:00+09:00,488.645672991993,488.645672991993,481.7909240722656,481.7909240722656,1500,0.0,0.0
2025-08-27 00:00:00+09:00,479.8324297883516,480.8116796450625,476.8946802182188,478.8531799316406,4200,0.0,0.0
2025-08-28 00:00:00+09:00,479.83245849609375,479.83245849609375,478.85320858079564,479.83245849609375,3400,0.0,0.0
2025-08-29 00:00:00+09:00,479.83244378882716,489.6249426416604,479.83244378882716,487.66644287109375,17300,0.0,0.0
2025-09-01 00:00:00+09:00,487.66644287109375,489.6249426416604,473.95694447712725,487.66644287109375,8200,0.0,0.0
2025-09-02 00:00:00+09:00,487.6664355760551,494.5211846704977,483.7494360935165,491.58343505859375,9200,0.0,0.0
2025-09-03 00:00:00+09:00,488.645687263169,492.56268676026855,488.645687263169,490.60418701171875,11600,0.0,0.0
2025-09-04 00:00:00+09:00,489.62493713744385,491.58343688599365,484.7286877660694,490.60418701171875,9600,0.0,0.0
2025-09-05 00:00:00+09:00,489.62494634812873,489.62494634812873,485.70794677734375,485.70794677734375,1700,0.0,0.0
2025-09-08 00:00:00+09:00,487.6664447132011,489.6249444911657,485.7079449352364,486.68719482421875,2900,0.0,0.0
2025-09-09 00:00:00+09:00,486.6871985233192,487.66644841974437,483.74944883404356,484.72869873046875,3500,0.0,0.0
2025-09-10 00:00:00+09:00,486.68718570542046,514.1061820831907,484.72868596415117,491.58343505859375,65600,0.0,0.0
2025-09-11 00:00:00+09:00,491.58340849590485,506.27215576171875,490.6041586781839,506.27215576171875,19900,0.0,0.0
2025-09-12 00:00:00+09:00,499.4174176419551,504.3136668345233,486.6871697412778,500.39666748046875,15900,0.0,0.0
2025-09-16 00:00:00+09:00,498.4382075132589,498.4382075132589,489.62495826449793,495.5004577636719,3300,0.0,0.0
2025-09-17 00:00:00+09:00,491.58344613352125,491.58344613352125,485.70794677734375,485.70794677734375,5100,0.0,0.0
2025-09-18 00:00:00+09:00,482.7702082419882,482.7702082419882,477.87395866549747,479.83245849609375,6100,0.0,0.0
2025-09-19 00:00:00+09:00,479.83242081244464,483.7494201660156,476.8946712972664,483.7494201660156,13100,0.0,0.0
2025-09-22 00:00:00+09:00,479.83245849609375,480.8117084113919,476.8947087501993,479.83245849609375,4300,0.0,0.0
2025-09-24 00:00:00+09:00,479.8324316056048,481.790931326444,476.894682024346,477.8739318847656,3900,0.0,0.0
2025-09-25 00:00:00+09:00,470.03994566982846,474.9361951038892,469.06069578301634,471.0191955566406,11800,0.0,0.0
2025-09-26 00:00:00+09:00,473.9569360552501,475.9154357910156,471.01918645160185,475.9154357910156,9400,0.0,0.0
2025-09-29 00:00:00+09:00,474.92599228681144,477.894279738604,467.01055908203125,467.01055908203125,12400,5.0,0.0
2025-09-30 00:00:00+09:00,465.0317219091587,467.0105803002615,458.1057175402989,461.0740051269531,9800,0.0,0.0
2025-10-01 00:00:00+09:00,461.0739815810631,461.0739815810631,457.11626500096816,459.0951232910156,7100,0.0,0.0
2025-10-02 00:00:00+09:00,457.1162860986968,458.1057152893866,452.16914014524764,453.1585693359375,3500,0.0,0.0
2025-10-03 00:00:00+09:00,452.1691239742957,464.04227383795336,451.17969481899087,462.06341552734375,40000,0.0,0.0
2025-10-06 00:00:00+09:00,452.16913546048676,453.1585646409255,450.1902770996094,450.1902770996094,14400,0.0,0.0
2025-10-07 00:00:00+09:00,454.1479985266273,454.1479985266273,450.19028176386803,453.1585693359375,4300,0.0,0.0
2025-10-08 00:00:00+09:00,454.1480031706506,468.98944118276336,453.1585739698431,456.1268615722656,18500,0.0,0.0
2025-10-09 00:00:00+09:00,459.0951373556386,459.0951373556386,452.1691331282906,455.1374206542969,2900,0.0,0.0
2025-10-10 00:00:00+09:00,456.1268498296323,456.1268498296323,451.17970395295515,455.1374206542969,3800,0.0,0.0
2025-10-14 00:00:00+09:00,454.14800344194686,464.0422954559326,440.2959946223668,443.2642822265625,17300,0.0,0.0
2025-10-15 00:00:00+09:00,443.2642681830752,451.1797015434873,443.2642681830752,447.22198486328125,900,0.0,0.0
2025-10-16 00:00:00+09:00,448.21143039904143,453.1585764299359,448.21143039904143,451.1797180175781,3400,0.0,0.0
2025-10-17 00:00:00+09:00,447.2219872516134,460.084566530974,446.232558076278,455.1374206542969,7000,0.0,0.0
2025-10-20 00:00:00+09:00,455.1374206542969,457.11627900496774,455.1374206542969,455.1374206542969,9400,0.0,0.0
2025-10-21 00:00:00+09:00,455.1374183572749,460.0845642089844,455.1374183572749,460.0845642089844,5600,0.0,0.0
2025-10-22 00:00:00+09:00,457.1162883447475,463.0528635180559,457.1162883447475,461.0740051269531,5700,0.0,0.0
2025-10-23 00:00:00+09:00,460.08455971165705,469.9788513183594,459.0951305509868,469.9788513183594,10400,0.0,0.0
2025-10-24 00:00:00+09:00,469.9788584140103,482.84143769692,468.98942923840184,480.8625793457031,22400,0.0,0.0
2025-10-27 00:00:00+09:00,482.8414522671242,482.8414522671242,458.10572213048874,464.04229736328125,21900,0.0,0.0
2025-10-28 00:00:00+09:00,465.0317148061899,465.0317148061899,460.0845689039964,463.0528564453125,7900,0.0,0.0
2025-10-29 00:00:00+09:00,465.0317243795333,467.0105827811483,455.1374323714581,456.1268615722656,22000,0.0,0.0
2025-10-30 00:00:00+09:00,461.0740049358201,473.93658447265625,460.0845757406789,473.93658447265625,13900,0.0,0.0
2025-10-31 00:00:00+09:00,469.9788583509514,472.94714587737843,458.10570824524314,468.0,5600,0.0,0.0
2025-11-04 00:00:00+09:00,466.021139360372,473.936572725304,464.042281019139,472.9471435546875,9200,0.0,0.0
2025-11-05 00:00:00+09:00,480.8625792811839,480.8625792811839,468.0,468.0,5200,0.0,0.0
2025-11-06 00:00:00+09:00,472.94715988982273,476.9048767089844,469.9788722754514,476.9048767089844,2800,0.0,0.0
2025-11-07 00:00:00+09:00,474.9259948730469,477.8942823410034,471.95770740509033,474.9259948730469,4600,0.0,0.0
2025-11-10 00:00:00+09:00,479.8731502890587,512.5243130922318,475.91543358564377,506.5877380371094,89700,0.0,0.0
2025-11-11 00:00:00+09:00,470.96830148024185,479.8731643233557,468.0000138658706,476.9048767089844,55000,0.0,0.0
2025-11-12 00:00:00+09:00,474.9259948730469,477.8942823410034,465.0317033131917,474.9259948730469,27700,0.0,0.0
2025-11-13 00:00:00+09:00,470.9682852134545,491.746297796401,469.978856042838,472.9471435546875,21900,0.0,0.0
2025-11-14 00:00:00+09:00,466.0211462477233,488.7780175082279,465.031717062484,483.83087158203125,8500,0.0,0.0
2025-11-17 00:00:00+09:00,487.7885932046337,487.7885932046337,469.9788676920913,473.93658447265625,5100,0.0,0.0
2025-11-18 00:00:00+09:00,468.98944091796875,477.89430372020865,465.03172411697324,468.98944091796875,4500,0.0,0.0
2025-11-19 00:00:00+09:00,468.9894268722215,478.8837185783865,467.0105685309885,472.9471435546875,2200,0.0,0.0
2025-11-20 00:00:00+09:00,480.86258396589426,496.6934509277344,473.9365796700892,496.6934509277344,8800,0.0,0.0
2025-11-21 00:00:00+09:00,481.85199709972704,493.725146925593,481.85199709972704,492.7357177734375,8700,0.0,0.0
2025-11-25 00:00:00+09:00,499.6617408921301,499.6617408921301,486.79916142361986,491.7463073730469,4400,0.0,0.0
2025-11-26 00:00:00+09:00,483.830855404038,494.7145760777485,483.830855404038,492.7357177734375,14900,0.0,0.0
2025-11-27 00:00:00+09:00,494.71458798363096,519.4503173828125,494.71458798363096,519.4503173828125,27600,0.0,0.0
2025-11-28 00:00:00+09:00,539.2388961649388,543.1966128340391,526.3763169903622,529.3446044921875,41700,0.0,0.0
2025-12-01 00:00:00+09:00,525.3868851123617,525.3868851123617,496.6934394094267,508.56658935546875,15700,0.0,0.0
2025-12-02 00:00:00+09:00,506.5877380371094,514.5031714439392,495.70401710271835,506.5877380371094,9600,0.0,0.0
2025-12-03 00:00:00+09:00,508.56659874549274,511.53488628680884,500.65116530198316,501.6405944824219,1000,0.0,0.0
2025-12-04 00:00:00+09:00,510.5454406738281,514.5031572681988,502.6300074850866,510.5454406738281,7900,0.0,0.0
2025-12-05 00:00:00+09:00,520.4397393015108,520.4397393015108,508.56658935546875,508.56658935546875,3900,0.0,0.0
2025-12-08 00:00:00+09:00,513.5137518854425,513.5137518854425,490.756880414604,499.6617431640625,13400,0.0,0.0
2025-12-09 00:00:00+09:00,499.66173848307943,501.64059685330943,488.7780174468143,496.6934509277344,14000,0.0,0.0
2025-12-10 00:00:00+09:00,504.6088796854019,511.534883916378,501.64059215784073,506.5877380371094,4200,0.0,0.0
2025-12-11 00:00:00+09:00,513.5137423270089,519.4503173828125,497.6828755115327,519.4503173828125,18700,0.0,0.0
2025-12-12 00:00:00+09:00,509.55603510790536,512.5243226910582,488.7780220258354,499.6617431640625,26500,0.0,0.0
2025-12-15 00:00:00+09:00,517.471461369441,517.471461369441,497.68287776066705,501.6405944824219,10400,0.0,0.0
2025-12-16 00:00:00+09:00,498.6723069411057,504.608882023738,485.8097275954026,488.77801513671875,15600,0.0,0.0
2025-12-17 00:00:00+09:00,490.7568758170444,500.65116766819443,489.7674466319293,496.6934509277344,4000,0.0,0.0
2025-12-18 00:00:00+09:00,503.61945284329926,503.61945284329926,488.77801513671875,488.77801513671875,10000,0.0,0.0
2025-12-19 00:00:00+09:00,490.75687349759613,493.72516103891223,480.8625816932091,488.77801513671875,7100,0.0,0.0
2025-12-22 00:00:00+09:00,472.94714587737843,472.94714587737843,462.06342494714585,468.0,44800,0.0,0.0
2025-12-23 00:00:00+09:00,467.999986052763,471.95770263671875,462.06341117682945,471.95770263671875,19800,0.0,0.0
2025-12-24 00:00:00+09:00,471.9577117185363,476.9048575436782,452.16912841796875,452.16912841796875,90600,0.0,0.0
2025-12-25 00:00:00+09:00,460.08457811572885,476.9048745199598,455.13743211448445,468.98944091796875,19200,0.0,0.0
2025-12-26 00:00:00+09:00,474.9260089778099,474.9260089778099,465.0317171241055,470.9682922363281,26300,0.0,0.0
2025-12-29 00:00:00+09:00,477.8942846037212,478.8837137643914,466.02113467567847,469.9788513183594,11900,0.0,0.0
2025-12-30 00:00:00+09:00,469.9788676920913,474.9260136677975,462.06343413096135,473.93658447265625,4600,0.0,0.0
2026-01-05 00:00:00+09:00,479.8731358046302,479.8731358046302,468.98941519875194,471.95770263671875,4600,0.0,0.0
2026-01-06 00:00:00+09:00,471.9577236963698,479.8731572174829,471.9577236963698,478.88372802734375,5300,0.0,0.0
2026-01-07 00:00:00+09:00,478.88371401927515,482.8414306640625,477.89428485807827,482.8414306640625,2200,0.0,0.0
2026-01-08 00:00:00+09:00,483.8308598252594,483.8308598252594,476.90485569688144,482.8414306640625,3700,0.0,0.0
2026-01-09 00:00:00+09:00,485.8097181476531,485.8097181476531,471.95770989089715,482.8414306640625,10300,0.0,0.0
2026-01-13 00:00:00+09:00,482.84145162563135,507.57718172940343,482.84145162563135,489.7674560546875,25800,0.0,0.0
2026-01-14 00:00:00+09:00,496.6934414525186,496.6934414525186,486.7991497901178,490.7568664550781,3500,0.0,0.0
2026-01-15 00:00:00+09:00,496.6934580078125,496.6934580078125,488.77802441406254,494.714599609375,3200,0.0,0.0
2026-01-16 00:00:00+09:00,494.71457831516227,494.71457831516227,480.86257012233773,487.78857421875,8200,0.0,0.0
2026-01-19 00:00:00+09:00,482.84143769692,482.84143769692,477.89429181887783,480.8625793457031,4100,0.0,0.0
2026-01-20 00:00:00+09:00,480.8625910639518,483.830878663112,479.87316186423175,481.8520202636719,2900,0.0,0.0
2026-01-21 00:00:00+09:00,479.87314544109086,480.8625746069488,477.894287109375,477.894287109375,1900,0.0,0.0
2026-01-22 00:00:00+09:00,484.8202889864562,484.8202889864562,479.87314318047197,482.8414306640625,1100,0.0,0.0
2026-01-23 00:00:00+09:00,480.8625816932091,480.8625816932091,475.9154357910156,475.9154357910156,3700,0.0,0.0
2026-01-26 00:00:00+09:00,475.9154357910156,477.894294151893,474.9260066105769,475.9154357910156,4500,0.0,0.0
2026-01-27 00:00:00+09:00,476.9048649714543,495.7040193997896,476.9048649714543,488.77801513671875,7900,0.0,0.0
2026-01-28 00:00:00+09:00,496.6934343820595,496.6934343820595,485.809713708349,492.7357177734375,7900,0.0,0.0
2026-01-29 00:00:00+09:00,492.7357433649499,502.6300354003906,485.80973894014136,502.6300354003906,6600,0.0,0.0
2026-01-30 00:00:00+09:00,498.67231640625005,498.67231640625005,486.799166015625,494.714599609375,2700,0.0,0.0
2026-02-02 00:00:00+09:00,493.7251683754812,493.7251683754812,465.03172171638505,473.93658447265625,19600,0.0,0.0
2026-02-03 00:00:00+09:00,472.94714824969947,478.8837233323317,471.9577190692608,475.9154357910156,7300,0.0,0.0
2026-02-04 00:00:00+09:00,476.9048696470655,478.88372802734375,470.9682945062306,478.88372802734375,10100,0.0,0.0
2026-02-05 00:00:00+09:00,480.8625816932091,480.8625816932091,473.9365774301382,475.9154357910156,4900,0.0,0.0
2026-02-06 00:00:00+09:00,483.8308621045225,485.80972043623836,475.9154287776592,477.894287109375,3500,0.0,0.0
2026-02-09 00:00:00+09:00,473.9365774301382,480.8625816932091,472.94714824969947,475.9154357910156,7900,0.0,0.0
2026-02-10 00:00:00+09:00,477.8943012532213,477.8943012532213,460.0845757406789,473.93658447265625,42600,0.0,0.0
2026-02-12 00:00:00+09:00,480.8625793457031,484.8202960481369,472.9471459408356,480.8625793457031,12700,0.0,0.0
2026-02-13 00:00:00+09:00,479.87314544109086,479.87314544109086,473.93657044594335,477.894287109375,22100,0.0,0.0
2026-02-16 00:00:00+09:00,477.8942895333782,489.7674395838969,477.8942895333782,485.8097229003906,4100,0.0,0.0
2026-02-17 00:00:00+09:00,487.7885835749622,491.746300277396,479.8731501700947,480.8625793457031,31600,0.0,0.0
2026-02-18 00:00:00+09:00,480.8625793457031,489.7674419261791,467.01057088718494,480.8625793457031,35700,0.0,0.0
2026-02-19 00:00:00+09:00,483.830878663112,485.80973706255213,477.8943034647916,481.8520202636719,5300,0.0,0.0
2026-02-20 00:00:00+09:00,487.7885812421438,487.7885812421438,478.8837187042547,485.8097229003906,4000,0.0,0.0
2026-02-24 00:00:00+09:00,484.8202819824219,484.8202819824219,479.8731362479073,484.8202819824219,1900,0.0,0.0
2026-02-25 00:00:00+09:00,479.87316186423175,482.84144946339194,475.9154450653515,481.8520202636719,4300,0.0,0.0
2026-02-26 00:00:00+09:00,481.8520202636719,481.8520202636719,474.9260158656314,481.8520202636719,8700,0.0,0.0
2026-02-27 00:00:00+09:00,481.8520227329365,482.84145193772696,474.92601829940355,476.9048767089844,9700,0.0,0.0
2026-03-02 00:00:00+09:00,473.93658447265625,475.9154428629388,471.95772608237377,473.93658447265625,6400,0.0,0.0
2026-03-03 00:00:00+09:00,474.9260042283298,474.9260042283298,467.01057082452434,468.0,9900,0.0,0.0
2026-03-04 00:00:00+09:00,465.0317196242153,468.0000071962848,453.1585693359375,453.1585693359375,15400,0.0,0.0
2026-03-05 00:00:00+09:00,458.1056967266535,472.94713398561635,458.1056967266535,467.01055908203125,12000,0.0,0.0
2026-03-06 00:00:00+09:00,474.9260042283298,474.9260042283298,461.0739957716702,468.0,30400,0.0,0.0
2026-03-09 00:00:00+09:00,466.02113467567847,469.9788513183594,461.0739888723273,469.9788513183594,6600,0.0,0.0
2026-03-10 00:00:00+09:00,474.9259971217105,478.8837137643914,469.9788513183594,469.9788513183594,7300,0.0,0.0
2026-03-11 00:00:00+09:00,471.95770263671875,472.9471317827077,464.0422694688073,471.95770263671875,18100,0.0,0.0
2026-03-12 00:00:00+09:00,470.9682827563996,470.9682827563996,464.04227859821725,465.0317077636719,18500,0.0,0.0
2026-03-13 00:00:00+09:00,468.00000706245436,471.9577238240819,465.03171949123373,466.0211486816406,6200,0.0,0.0
2026-03-16 00:00:00+09:00,468.98943625286125,468.98943625286125,459.0951443487924,466.0211486816406,7900,0.0,0.0
2026-03-17 00:00:00+09:00,468.98941519875194,472.9471317827077,467.999986052763,471.95770263671875,3800,0.0,0.0
2026-03-18 00:00:00+09:00,469.9788513183594,473.9365679610403,467.0105638363487,469.9788513183594,7200,0.0,0.0
2026-03-19 00:00:00+09:00,469.9788701182176,469.9788701182176,465.03172411697324,468.98944091796875,9000,0.0,0.0
2026-03-23 00:00:00+09:00,462.0634133290436,468.9894173832263,458.1056967266535,467.01055908203125,7700,0.0,0.0
2026-03-24 00:00:00+09:00,465.03170078083616,469.9788465338238,465.03170078083616,467.01055908203125,1000,0.0,0.0
2026-03-25 00:00:00+09:00,469.9788583509514,477.89429175475686,463.05285412262157,468.0,23900,0.0,0.0
2026-03-26 00:00:00+09:00,467.99999526003575,470.9682827563996,456.12684527458026,465.0317077636719,8600,0.0,0.0
2026-03-27 00:00:00+09:00,471.95771670190277,471.95771670190277,466.0211416490486,468.0,3700,0.0,0.0
2026-03-30 00:00:00+09:00,468.0,473.0,465.0,469.0,2700,5.0,0.0
2026-03-31 00:00:00+09:00,470.0,470.0,467.0,467.0,800,0.0,0.0
2026-04-01 00:00:00+09:00,469.0,471.0,468.0,471.0,1000,0.0,0.0
2026-04-02 00:00:00+09:00,475.0,476.0,473.0,473.0,600,0.0,0.0
2026-04-03 00:00:00+09:00,473.0,475.0,470.0,475.0,2900,0.0,0.0
2026-04-06 00:00:00+09:00,478.0,478.0,471.0,475.0,1900,0.0,0.0
2026-04-07 00:00:00+09:00,476.0,476.0,468.0,472.0,5200,0.0,0.0
2026-04-08 00:00:00+09:00,476.0,482.0,476.0,480.0,5200,0.0,0.0
2026-04-09 00:00:00+09:00,479.0,480.0,470.0,480.0,3500,0.0,0.0
2026-04-10 00:00:00+09:00,483.0,486.0,473.0,486.0,8000,0.0,0.0
2026-04-13 00:00:00+09:00,484.0,486.0,478.0,480.0,7400,0.0,0.0
2026-04-14 00:00:00+09:00,483.0,483.0,480.0,480.0,8000,0.0,0.0
2026-04-15 00:00:00+09:00,480.0,484.0,479.0,484.0,1500,0.0,0.0
2026-04-16 00:00:00+09:00,484.0,484.0,484.0,484.0,2600,0.0,0.0
2026-04-17 00:00:00+09:00,484.0,484.0,484.0,484.0,200,0.0,0.0
2026-04-20 00:00:00+09:00,480.0,490.0,480.0,490.0,7800,0.0,0.0
2026-04-21 00:00:00+09:00,494.0,498.0,487.0,498.0,4400,0.0,0.0
2026-04-22 00:00:00+09:00,500.0,503.0,491.0,496.0,8600,0.0,0.0
2026-04-23 00:00:00+09:00,496.0,496.0,492.0,496.0,2400,0.0,0.0
2026-04-24 00:00:00+09:00,496.0,499.0,491.0,494.0,2600,0.0,0.0
2026-04-27 00:00:00+09:00,494.0,498.0,492.0,498.0,1900,0.0,0.0
2026-04-28 00:00:00+09:00,498.0,498.0,495.0,498.0,3700,0.0,0.0
2026-04-30 00:00:00+09:00,490.0,496.0,484.0,494.0,2800,0.0,0.0
2026-05-01 00:00:00+09:00,494.0,495.0,491.0,495.0,1200,0.0,0.0
2026-05-07 00:00:00+09:00,497.0,497.0,490.0,495.0,5200,0.0,0.0
2026-05-08 00:00:00+09:00,495.0,498.0,486.0,486.0,4800,0.0,0.0
2026-05-11 00:00:00+09:00,487.0,490.0,450.0,475.0,43500,0.0,0.0
2026-05-12 00:00:00+09:00,479.0,484.0,466.0,466.0,11100,0.0,0.0
2026-05-13 00:00:00+09:00,474.0,480.0,466.0,467.0,4800,0.0,0.0
2026-05-14 00:00:00+09:00,469.0,479.0,467.0,474.0,5900,0.0,0.0
2026-05-15 00:00:00+09:00,474.0,480.0,470.0,480.0,3500,0.0,0.0
2026-05-18 00:00:00+09:00,487.0,487.0,476.0,483.0,2400,0.0,0.0
2026-05-19 00:00:00+09:00,479.0,489.0,475.0,483.0,1100,0.0,0.0
2026-05-20 00:00:00+09:00,478.0,482.0,468.0,468.0,4300,0.0,0.0
2026-05-21 00:00:00+09:00,468.0,484.0,468.0,477.0,3300,0.0,0.0
2026-05-22 00:00:00+09:00,477.0,480.0,470.0,478.0,3600,0.0,0.0
2026-05-25 00:00:00+09:00,478.0,488.0,477.0,483.0,4000,0.0,0.0
2026-05-26 00:00:00+09:00,490.0,494.0,482.0,490.0,12700,0.0,0.0
2026-05-27 00:00:00+09:00,490.0,490.0,488.0,489.0,1300,0.0,0.0
2026-05-28 00:00:00+09:00,485.0,489.0,480.0,482.0,3300,0.0,0.0
2026-05-29 00:00:00+09:00,482.0,486.0,471.0,484.0,18600,0.0,0.0
2026-06-01 00:00:00+09:00,482.0,484.0,474.0,480.0,2700,0.0,0.0
2026-06-02 00:00:00+09:00,475.0,484.0,475.0,480.0,3600,0.0,0.0
2026-06-03 00:00:00+09:00,484.0,484.0,475.0,479.0,900,0.0,0.0
2026-06-04 00:00:00+09:00,475.0,480.0,473.0,480.0,1100,0.0,0.0
2026-06-05 00:00:00+09:00,483.0,483.0,460.0,472.0,11200,0.0,0.0
2026-06-08 00:00:00+09:00,469.0,474.0,460.0,468.0,8600,0.0,0.0
2026-06-09 00:00:00+09:00,468.0,479.0,463.0,479.0,4000,0.0,0.0
2026-06-10 00:00:00+09:00,479.0,479.0,470.0,478.0,3700,0.0,0.0
2026-06-11 00:00:00+09:00,478.0,480.0,470.0,477.0,4800,0.0,0.0
2026-06-12 00:00:00+09:00,475.0,483.0,475.0,477.0,6600,0.0,0.0
2026-06-15 00:00:00+09:00,472.0,478.0,464.0,474.0,3900,0.0,0.0
2026-06-16 00:00:00+09:00,474.0,474.0,466.0,473.0,5100,0.0,0.0
2026-06-17 00:00:00+09:00,474.0,474.0,470.0,473.0,1100,0.0,0.0
2026-06-18 00:00:00+09:00,475.0,476.0,460.0,468.0,4200,0.0,0.0
2026-06-19 00:00:00+09:00,460.0,467.0,460.0,467.0,11000,0.0,0.0
2026-06-22 00:00:00+09:00,470.0,480.0,470.0,479.0,4800,0.0,0.0
2026-06-23 00:00:00+09:00,479.0,480.0,479.0,480.0,1400,0.0,0.0
2026-06-24 00:00:00+09:00,480.0,480.0,480.0,480.0,0,0.0,0.0
2026-06-25 00:00:00+09:00,480.0,490.0,478.0,488.0,10100,0.0,0.0
2026-06-26 00:00:00+09:00,489.0,495.0,488.0,495.0,8900,0.0,0.0
2026-06-29 00:00:00+09:00,494.0,495.0,480.0,494.0,13200,0.0,0.0
2026-06-30 00:00:00+09:00,494.0,494.0,481.0,494.0,5400,0.0,0.0
2026-07-01 00:00:00+09:00,486.0,494.0,480.0,493.0,6900,0.0,0.0
2026-07-02 00:00:00+09:00,493.0,495.0,493.0,495.0,1100,0.0,0.0
2026-07-03 00:00:00+09:00,491.0,495.0,490.0,495.0,5900,0.0,0.0
2026-07-06 00:00:00+09:00,495.0,496.0,491.0,491.0,6400,0.0,0.0
2026-07-07 00:00:00+09:00,493.0,499.0,491.0,496.0,9700,0.0,0.0
2026-07-08 00:00:00+09:00,500.0,505.0,497.0,505.0,5500,0.0,0.0
2026-07-09 00:00:00+09:00,506.0,509.0,500.0,509.0,4300,0.0,0.0
2026-07-10 00:00:00+09:00,509.0,520.0,508.0,520.0,11700,0.0,0.0
2026-07-13 00:00:00+09:00,520.0,520.0,501.0,513.0,28400,0.0,0.0
2026-07-14 00:00:00+09:00,505.0,510.0,490.0,501.0,11000,0.0,0.0
2026-07-15 00:00:00+09:00,501.0,515.0,501.0,513.0,10800,0.0,0.0
2026-07-16 00:00:00+09:00,519.0,519.0,501.0,513.0,2400,0.0,0.0
2026-07-17 00:00:00+09:00,507.0,510.0,483.0,495.0,10700,0.0,0.0
