Date,Open,High,Low,Close,Volume,Dividends,Stock Splits
2017-10-20 00:00:00-04:00,3.878000020980835,3.885999917984009,3.878000020980835,3.885999917984009,3300,0.0,0.0
2017-10-23 00:00:00-04:00,3.9030001163482666,3.9189999103546143,3.9030001163482666,3.9159998893737793,6800,0.0,0.0
2017-10-24 00:00:00-04:00,4.114999771118164,4.114999771118164,4.065999984741211,4.104000091552734,3100,0.0,0.0
2017-10-25 00:00:00-04:00,3.9839999675750732,3.9839999675750732,3.9489998817443848,3.950000047683716,8000,0.0,0.0
2017-10-26 00:00:00-04:00,3.934000015258789,4.010000228881836,3.934000015258789,3.9489998817443848,2800,0.0,0.0
2017-10-27 00:00:00-04:00,4.0,4.0,4.0,4.0,7500,0.0,0.0
2017-10-30 00:00:00-04:00,4.0,4.0,4.0,4.0,0,0.0,0.0
2017-10-31 00:00:00-04:00,4.0,4.0,4.0,4.0,0,0.0,0.0
2017-11-01 00:00:00-04:00,4.0,4.0,4.0,4.0,0,0.0,0.0
2017-11-02 00:00:00-04:00,4.0,4.0,4.0,4.0,0,0.0,0.0
2017-11-03 00:00:00-04:00,4.0,4.0,4.0,4.0,0,0.0,0.0
2017-11-06 00:00:00-05:00,4.388999938964844,4.559999942779541,4.381999969482422,4.552999973297119,5800,0.0,0.0
2017-11-07 00:00:00-05:00,4.625,4.693999767303467,4.576000213623047,4.576000213623047,10900,0.0,0.0
2017-11-08 00:00:00-05:00,4.763999938964844,4.827000141143799,4.65500020980835,4.7179999351501465,7800,0.0,0.0
2017-11-09 00:00:00-05:00,4.854000091552734,4.928999900817871,4.747000217437744,4.8480000495910645,5600,0.0,0.0
2017-11-10 00:00:00-05:00,5.2729997634887695,5.2729997634887695,5.2729997634887695,5.2729997634887695,400,0.0,0.0
2017-11-13 00:00:00-05:00,5.052000045776367,5.052000045776367,5.052000045776367,5.052000045776367,100,0.0,0.0
2017-11-14 00:00:00-05:00,5.059999942779541,5.059999942779541,5.059999942779541,5.059999942779541,300,0.0,0.0
2017-11-15 00:00:00-05:00,5.059999942779541,5.059999942779541,5.059999942779541,5.059999942779541,0,0.0,0.0
2017-11-16 00:00:00-05:00,5.059999942779541,5.059999942779541,5.059999942779541,5.059999942779541,0,0.0,0.0
2017-11-17 00:00:00-05:00,5.059999942779541,5.059999942779541,5.059999942779541,5.059999942779541,0,0.0,0.0
2017-11-20 00:00:00-05:00,5.059999942779541,5.059999942779541,5.059999942779541,5.059999942779541,0,0.0,0.0
2017-11-21 00:00:00-05:00,5.059999942779541,5.059999942779541,5.059000015258789,5.059999942779541,2000,0.0,0.0
2017-11-22 00:00:00-05:00,5.118000030517578,5.118000030517578,5.118000030517578,5.118000030517578,500,0.0,0.0
2017-11-24 00:00:00-05:00,5.118000030517578,5.118000030517578,5.118000030517578,5.118000030517578,0,0.0,0.0
2017-11-27 00:00:00-05:00,5.118000030517578,5.118000030517578,5.118000030517578,5.118000030517578,0,0.0,0.0
2017-11-28 00:00:00-05:00,5.271999835968018,5.2789998054504395,5.271999835968018,5.2789998054504395,1800,0.0,0.0
2017-11-29 00:00:00-05:00,5.2789998054504395,5.2789998054504395,5.2789998054504395,5.2789998054504395,0,0.0,0.0
2017-11-30 00:00:00-05:00,5.2789998054504395,5.2789998054504395,5.2789998054504395,5.2789998054504395,0,0.0,0.0
2017-12-01 00:00:00-05:00,5.2789998054504395,5.2789998054504395,5.2789998054504395,5.2789998054504395,0,0.0,0.0
2017-12-04 00:00:00-05:00,5.2789998054504395,5.2789998054504395,5.2789998054504395,5.2789998054504395,0,0.0,0.0
2017-12-05 00:00:00-05:00,5.2789998054504395,5.2789998054504395,5.2789998054504395,5.2789998054504395,0,0.0,0.0
2017-12-06 00:00:00-05:00,5.2789998054504395,5.2789998054504395,5.2789998054504395,5.2789998054504395,0,0.0,0.0
2017-12-07 00:00:00-05:00,5.2789998054504395,5.2789998054504395,5.2789998054504395,5.2789998054504395,0,0.0,0.0
2017-12-08 00:00:00-05:00,5.2789998054504395,5.2789998054504395,5.2789998054504395,5.2789998054504395,0,0.0,0.0
2017-12-11 00:00:00-05:00,5.2789998054504395,5.2789998054504395,5.2789998054504395,5.2789998054504395,0,0.0,0.0
2017-12-12 00:00:00-05:00,5.0,5.0,5.0,5.0,300,0.0,0.0
2017-12-13 00:00:00-05:00,5.0,5.0,5.0,5.0,0,0.0,0.0
2017-12-14 00:00:00-05:00,5.0,5.0,5.0,5.0,0,0.0,0.0
2017-12-15 00:00:00-05:00,5.0,5.0,5.0,5.0,0,0.0,0.0
2017-12-18 00:00:00-05:00,5.0,5.0,5.0,5.0,0,0.0,0.0
2017-12-19 00:00:00-05:00,5.0,5.0,5.0,5.0,0,0.0,0.0
2017-12-20 00:00:00-05:00,5.0,5.0,5.0,5.0,0,0.0,0.0
2017-12-21 00:00:00-05:00,5.0,5.0,5.0,5.0,0,0.0,0.0
2017-12-22 00:00:00-05:00,5.0,5.0,5.0,5.0,0,0.0,0.0
2017-12-26 00:00:00-05:00,5.0,5.0,5.0,5.0,0,0.0,0.0
2017-12-27 00:00:00-05:00,5.882999897003174,5.946000099182129,5.882999897003174,5.946000099182129,500,0.0,0.0
2017-12-28 00:00:00-05:00,5.961999893188477,5.961999893188477,5.961999893188477,5.961999893188477,1000,0.0,0.0
2017-12-29 00:00:00-05:00,5.961999893188477,5.961999893188477,5.961999893188477,5.961999893188477,0,0.0,0.0
2018-01-02 00:00:00-05:00,5.961999893188477,5.961999893188477,5.961999893188477,5.961999893188477,0,0.0,0.0
2018-01-03 00:00:00-05:00,6.431000232696533,6.664999961853027,6.421999931335449,6.6570000648498535,12600,0.0,0.0
2018-01-04 00:00:00-05:00,6.71999979019165,7.247000217437744,6.71999979019165,7.247000217437744,18900,0.0,0.0
2018-01-05 00:00:00-05:00,7.0980000495910645,7.235000133514404,7.0980000495910645,7.186999797821045,14000,0.0,0.0
2018-01-08 00:00:00-05:00,6.860000133514404,6.860000133514404,6.860000133514404,6.860000133514404,200,0.0,0.0
2018-01-09 00:00:00-05:00,6.860000133514404,6.860000133514404,6.860000133514404,6.860000133514404,0,0.0,0.0
2018-01-10 00:00:00-05:00,6.831999778747559,6.888000011444092,6.748000144958496,6.748000144958496,4000,0.0,0.0
2018-01-11 00:00:00-05:00,6.748000144958496,6.748000144958496,6.748000144958496,6.748000144958496,0,0.0,0.0
2018-01-12 00:00:00-05:00,6.7230000495910645,6.7230000495910645,6.63700008392334,6.63700008392334,5600,0.0,0.0
2018-01-16 00:00:00-05:00,6.63700008392334,6.63700008392334,6.63700008392334,6.63700008392334,0,0.0,0.0
2018-01-17 00:00:00-05:00,6.63700008392334,6.63700008392334,6.63700008392334,6.63700008392334,0,0.0,0.0
2018-01-18 00:00:00-05:00,6.63700008392334,6.63700008392334,6.63700008392334,6.63700008392334,0,0.0,0.0
2018-01-19 00:00:00-05:00,6.235000133514404,6.235000133514404,6.198999881744385,6.208000183105469,2300,0.0,0.0
2018-01-22 00:00:00-05:00,6.208000183105469,6.208000183105469,6.208000183105469,6.208000183105469,0,0.0,0.0
2018-01-23 00:00:00-05:00,6.135000228881836,6.135000228881836,6.135000228881836,6.135000228881836,200,0.0,0.0
2018-01-24 00:00:00-05:00,6.125,6.165999889373779,5.9019999504089355,5.9019999504089355,3200,0.0,0.0
2018-01-25 00:00:00-05:00,6.110000133514404,6.110000133514404,6.079999923706055,6.079999923706055,8000,0.0,0.0
2018-01-26 00:00:00-05:00,6.079999923706055,6.079999923706055,6.079999923706055,6.079999923706055,0,0.0,0.0
2018-01-29 00:00:00-05:00,6.066999912261963,6.066999912261963,6.066999912261963,6.066999912261963,500,0.0,0.0
2018-01-30 00:00:00-05:00,6.008999824523926,6.008999824523926,6.008999824523926,6.008999824523926,15000,0.0,0.0
2018-01-31 00:00:00-05:00,6.008999824523926,6.008999824523926,6.008999824523926,6.008999824523926,0,0.0,0.0
2018-02-01 00:00:00-05:00,6.258999824523926,6.258999824523926,6.138000011444092,6.138000011444092,1800,0.0,0.0
2018-02-02 00:00:00-05:00,6.138000011444092,6.138000011444092,6.138000011444092,6.138000011444092,0,0.0,0.0
2018-02-05 00:00:00-05:00,6.138000011444092,6.138000011444092,6.138000011444092,6.138000011444092,0,0.0,0.0
2018-02-06 00:00:00-05:00,6.138000011444092,6.138000011444092,6.138000011444092,6.138000011444092,0,0.0,0.0
2018-02-07 00:00:00-05:00,5.796999931335449,5.796999931335449,5.796999931335449,5.796999931335449,100,0.0,0.0
2018-02-08 00:00:00-05:00,5.748000144958496,5.748000144958496,5.748000144958496,5.748000144958496,100,0.0,0.0
2018-02-09 00:00:00-05:00,5.748000144958496,5.748000144958496,5.748000144958496,5.748000144958496,0,0.0,0.0
2018-02-12 00:00:00-05:00,5.796000003814697,5.796000003814697,5.796000003814697,5.796000003814697,400,0.0,0.0
2018-02-13 00:00:00-05:00,5.840000152587891,5.840000152587891,5.840000152587891,5.840000152587891,100,0.0,0.0
2018-02-14 00:00:00-05:00,5.840000152587891,5.840000152587891,5.840000152587891,5.840000152587891,0,0.0,0.0
2018-02-15 00:00:00-05:00,5.840000152587891,5.840000152587891,5.840000152587891,5.840000152587891,0,0.0,0.0
2018-02-16 00:00:00-05:00,6.15500020980835,6.159999847412109,6.000999927520752,6.004000186920166,2100,0.0,0.0
2018-02-20 00:00:00-05:00,6.275000095367432,6.298999786376953,6.275000095367432,6.298999786376953,1600,0.0,0.0
2018-02-21 00:00:00-05:00,6.210000038146973,6.243000030517578,6.210000038146973,6.242000102996826,1500,0.0,0.0
2018-02-22 00:00:00-05:00,6.242000102996826,6.242000102996826,6.242000102996826,6.242000102996826,0,0.0,0.0
2018-02-23 00:00:00-05:00,6.254000186920166,6.254000186920166,6.251999855041504,6.251999855041504,800,0.0,0.0
2018-02-26 00:00:00-05:00,6.251999855041504,6.251999855041504,6.251999855041504,6.251999855041504,0,0.0,0.0
2018-02-27 00:00:00-05:00,6.251999855041504,6.251999855041504,6.251999855041504,6.251999855041504,0,0.0,0.0
2018-02-28 00:00:00-05:00,6.251999855041504,6.251999855041504,6.251999855041504,6.251999855041504,0,0.0,0.0
2018-03-01 00:00:00-05:00,6.2829999923706055,6.314000129699707,6.2829999923706055,6.314000129699707,300,0.0,0.0
2018-03-02 00:00:00-05:00,6.314000129699707,6.314000129699707,6.314000129699707,6.314000129699707,0,0.0,0.0
2018-03-05 00:00:00-05:00,6.314000129699707,6.314000129699707,6.314000129699707,6.314000129699707,0,0.0,0.0
2018-03-06 00:00:00-05:00,6.314000129699707,6.314000129699707,6.314000129699707,6.314000129699707,0,0.0,0.0
2018-03-07 00:00:00-05:00,6.314000129699707,6.314000129699707,6.314000129699707,6.314000129699707,0,0.0,0.0
2018-03-08 00:00:00-05:00,6.314000129699707,6.314000129699707,6.314000129699707,6.314000129699707,0,0.0,0.0
2018-03-09 00:00:00-05:00,6.314000129699707,6.314000129699707,6.314000129699707,6.314000129699707,0,0.0,0.0
2018-03-12 00:00:00-04:00,6.169000148773193,6.238999843597412,6.169000148773193,6.238999843597412,1000,0.0,0.0
2018-03-13 00:00:00-04:00,6.238999843597412,6.238999843597412,6.238999843597412,6.238999843597412,0,0.0,0.0
2018-03-14 00:00:00-04:00,6.238999843597412,6.238999843597412,6.238999843597412,6.238999843597412,0,0.0,0.0
2018-03-15 00:00:00-04:00,6.238999843597412,6.238999843597412,6.238999843597412,6.238999843597412,0,0.0,0.0
2018-03-16 00:00:00-04:00,6.238999843597412,6.238999843597412,6.238999843597412,6.238999843597412,0,0.0,0.0
2018-03-19 00:00:00-04:00,6.238999843597412,6.238999843597412,6.238999843597412,6.238999843597412,0,0.0,0.0
2018-03-20 00:00:00-04:00,6.238999843597412,6.238999843597412,6.238999843597412,6.238999843597412,0,0.0,0.0
2018-03-21 00:00:00-04:00,6.499000072479248,6.499000072479248,6.499000072479248,6.499000072479248,200,0.0,0.0
2018-03-22 00:00:00-04:00,6.545000076293945,6.622000217437744,6.545000076293945,6.622000217437744,500,0.0,0.0
2018-03-23 00:00:00-04:00,6.622000217437744,6.622000217437744,6.622000217437744,6.622000217437744,0,0.0,0.0
2018-03-26 00:00:00-04:00,6.622000217437744,6.622000217437744,6.622000217437744,6.622000217437744,0,0.0,0.0
2018-03-27 00:00:00-04:00,6.622000217437744,6.622000217437744,6.622000217437744,6.622000217437744,0,0.0,0.0
2018-03-28 00:00:00-04:00,6.622000217437744,6.622000217437744,6.622000217437744,6.622000217437744,0,0.0,0.0
2018-03-29 00:00:00-04:00,6.622000217437744,6.622000217437744,6.622000217437744,6.622000217437744,0,0.0,0.0
2018-04-02 00:00:00-04:00,6.328000068664551,6.343999862670898,6.172999858856201,6.250999927520752,5000,0.0,0.0
2018-04-03 00:00:00-04:00,6.250999927520752,6.250999927520752,6.250999927520752,6.250999927520752,0,0.0,0.0
2018-04-04 00:00:00-04:00,6.250999927520752,6.250999927520752,6.250999927520752,6.250999927520752,0,0.0,0.0
2018-04-05 00:00:00-04:00,6.420000076293945,6.420000076293945,6.420000076293945,6.420000076293945,100,0.0,0.0
2018-04-06 00:00:00-04:00,6.420000076293945,6.420000076293945,6.420000076293945,6.420000076293945,0,0.0,0.0
2018-04-09 00:00:00-04:00,6.420000076293945,6.420000076293945,6.420000076293945,6.420000076293945,0,0.0,0.0
2018-04-10 00:00:00-04:00,6.420000076293945,6.420000076293945,6.420000076293945,6.420000076293945,0,0.0,0.0
2018-04-11 00:00:00-04:00,6.420000076293945,6.420000076293945,6.420000076293945,6.420000076293945,0,0.0,0.0
2018-04-12 00:00:00-04:00,6.420000076293945,6.420000076293945,6.420000076293945,6.420000076293945,0,0.0,0.0
2018-04-13 00:00:00-04:00,6.449999809265137,6.449999809265137,6.409999847412109,6.409999847412109,5000,0.0,0.0
2018-04-16 00:00:00-04:00,6.329999923706055,6.329999923706055,6.329999923706055,6.329999923706055,1000,0.0,0.0
2018-04-17 00:00:00-04:00,6.329999923706055,6.329999923706055,6.329999923706055,6.329999923706055,0,0.0,0.0
2018-04-18 00:00:00-04:00,6.349999904632568,6.349999904632568,6.349999904632568,6.349999904632568,8000,0.0,0.0
2018-04-19 00:00:00-04:00,6.349999904632568,6.349999904632568,6.349999904632568,6.349999904632568,0,0.0,0.0
2018-04-20 00:00:00-04:00,6.349999904632568,6.349999904632568,6.349999904632568,6.349999904632568,0,0.0,0.0
2018-04-23 00:00:00-04:00,6.349999904632568,6.349999904632568,6.349999904632568,6.349999904632568,0,0.0,0.0
2018-04-24 00:00:00-04:00,6.26200008392334,6.28000020980835,6.26200008392334,6.28000020980835,5000,0.0,0.0
2018-04-25 00:00:00-04:00,6.28000020980835,6.28000020980835,6.28000020980835,6.28000020980835,0,0.0,0.0
2018-04-26 00:00:00-04:00,6.28000020980835,6.28000020980835,6.28000020980835,6.28000020980835,0,0.0,0.0
2018-04-27 00:00:00-04:00,6.28000020980835,6.28000020980835,6.28000020980835,6.28000020980835,0,0.0,0.0
2018-04-30 00:00:00-04:00,6.26800012588501,6.26800012588501,6.26800012588501,6.26800012588501,200,0.0,0.0
2018-05-01 00:00:00-04:00,6.26800012588501,6.26800012588501,6.26800012588501,6.26800012588501,0,0.0,0.0
2018-05-02 00:00:00-04:00,6.26800012588501,6.26800012588501,6.26800012588501,6.26800012588501,0,0.0,0.0
2018-05-03 00:00:00-04:00,6.119999885559082,6.150000095367432,6.119999885559082,6.150000095367432,5000,0.0,0.0
2018-05-04 00:00:00-04:00,5.96999979019165,5.96999979019165,5.96999979019165,5.96999979019165,5000,0.0,0.0
2018-05-07 00:00:00-04:00,5.96999979019165,5.96999979019165,5.96999979019165,5.96999979019165,0,0.0,0.0
2018-05-08 00:00:00-04:00,5.770999908447266,5.770999908447266,5.769999980926514,5.769999980926514,5200,0.0,0.0
2018-05-09 00:00:00-04:00,6.039999961853027,6.039999961853027,6.039999961853027,6.039999961853027,100,0.0,0.0
2018-05-10 00:00:00-04:00,6.039999961853027,6.039999961853027,6.039999961853027,6.039999961853027,0,0.0,0.0
2018-05-11 00:00:00-04:00,6.039999961853027,6.039999961853027,6.039999961853027,6.039999961853027,0,0.0,0.0
2018-05-14 00:00:00-04:00,6.039999961853027,6.039999961853027,6.039999961853027,6.039999961853027,0,0.0,0.0
2018-05-15 00:00:00-04:00,6.039999961853027,6.039999961853027,6.039999961853027,6.039999961853027,0,0.0,0.0
2018-05-16 00:00:00-04:00,6.039999961853027,6.039999961853027,6.039999961853027,6.039999961853027,0,0.0,0.0
2018-05-17 00:00:00-04:00,6.039999961853027,6.039999961853027,6.039999961853027,6.039999961853027,0,0.0,0.0
2018-05-18 00:00:00-04:00,6.801000118255615,6.801000118255615,6.801000118255615,6.801000118255615,2000,0.0,0.0
2018-05-21 00:00:00-04:00,6.801000118255615,6.801000118255615,6.801000118255615,6.801000118255615,0,0.0,0.0
2018-05-22 00:00:00-04:00,7.380000114440918,7.380000114440918,7.159999847412109,7.159999847412109,8000,0.0,0.0
2018-05-23 00:00:00-04:00,7.159999847412109,7.159999847412109,7.159999847412109,7.159999847412109,0,0.0,0.0
2018-05-24 00:00:00-04:00,7.019999980926514,7.039999961853027,7.019999980926514,7.039999961853027,1800,0.0,0.0
2018-05-25 00:00:00-04:00,7.46999979019165,7.494999885559082,7.420000076293945,7.494999885559082,3600,0.0,0.0
2018-05-29 00:00:00-04:00,7.494999885559082,7.494999885559082,7.494999885559082,7.494999885559082,0,0.0,0.0
2018-05-30 00:00:00-04:00,7.258999824523926,7.28000020980835,7.258999824523926,7.269999980926514,3300,0.0,0.0
2018-05-31 00:00:00-04:00,7.230000019073486,7.433000087738037,7.230000019073486,7.340000152587891,3500,0.0,0.0
2018-06-01 00:00:00-04:00,7.230000019073486,7.230000019073486,7.190000057220459,7.190000057220459,4800,0.0,0.0
2018-06-04 00:00:00-04:00,7.380000114440918,7.421000003814697,7.380000114440918,7.421000003814697,5500,0.0,0.0
2018-06-05 00:00:00-04:00,7.380000114440918,7.380000114440918,7.380000114440918,7.380000114440918,4000,0.0,0.0
2018-06-06 00:00:00-04:00,7.635000228881836,7.635000228881836,7.605999946594238,7.605999946594238,500,0.0,0.0
2018-06-07 00:00:00-04:00,8.10099983215332,8.116999626159668,8.0,8.0,13300,0.0,0.0
2018-06-08 00:00:00-04:00,7.989999771118164,7.989999771118164,7.909999847412109,7.909999847412109,1100,0.0,0.0
2018-06-11 00:00:00-04:00,7.889999866485596,7.889999866485596,7.889999866485596,7.889999866485596,5000,0.0,0.0
2018-06-12 00:00:00-04:00,7.88700008392334,7.88700008392334,7.88700008392334,7.88700008392334,100,0.0,0.0
2018-06-13 00:00:00-04:00,7.88700008392334,7.88700008392334,7.88700008392334,7.88700008392334,0,0.0,0.0
2018-06-14 00:00:00-04:00,7.803999900817871,7.810999870300293,7.803999900817871,7.810999870300293,1000,0.0,0.0
2018-06-15 00:00:00-04:00,7.810999870300293,7.810999870300293,7.810999870300293,7.810999870300293,0,0.0,0.0
2018-06-18 00:00:00-04:00,7.861999988555908,7.875999927520752,7.861999988555908,7.875999927520752,1500,0.0,0.0
2018-06-19 00:00:00-04:00,7.75,7.75,7.75,7.75,200,0.0,0.0
2018-06-20 00:00:00-04:00,7.75,7.75,7.75,7.75,0,0.0,0.0
2018-06-21 00:00:00-04:00,7.679999828338623,7.679999828338623,7.679999828338623,7.679999828338623,2000,0.0,0.0
2018-06-22 00:00:00-04:00,7.670000076293945,7.670000076293945,7.670000076293945,7.670000076293945,1000,0.0,0.0
2018-06-25 00:00:00-04:00,7.589000225067139,7.589000225067139,7.4629998207092285,7.4629998207092285,1000,0.0,0.0
2018-06-26 00:00:00-04:00,7.4629998207092285,7.4629998207092285,7.4629998207092285,7.4629998207092285,0,0.0,0.0
2018-06-27 00:00:00-04:00,7.385000228881836,7.415999889373779,7.377999782562256,7.415999889373779,3000,0.0,0.0
2018-06-28 00:00:00-04:00,7.251999855041504,7.251999855041504,7.251999855041504,7.251999855041504,3000,0.0,0.0
2018-06-29 00:00:00-04:00,7.251999855041504,7.251999855041504,7.251999855041504,7.251999855041504,0,0.0,0.0
2018-07-02 00:00:00-04:00,7.251999855041504,7.251999855041504,7.251999855041504,7.251999855041504,0,0.0,0.0
2018-07-03 00:00:00-04:00,7.251999855041504,7.251999855041504,7.251999855041504,7.251999855041504,0,0.0,0.0
2018-07-05 00:00:00-04:00,7.191999912261963,7.209000110626221,6.949999809265137,6.949999809265137,7500,0.0,0.0
2018-07-06 00:00:00-04:00,6.949999809265137,6.949999809265137,6.949999809265137,6.949999809265137,0,0.0,0.0
2018-07-09 00:00:00-04:00,6.949999809265137,6.949999809265137,6.949999809265137,6.949999809265137,0,0.0,0.0
2018-07-10 00:00:00-04:00,6.949999809265137,6.949999809265137,6.949999809265137,6.949999809265137,0,0.0,0.0
2018-07-11 00:00:00-04:00,6.949999809265137,6.949999809265137,6.949999809265137,6.949999809265137,0,0.0,0.0
2018-07-12 00:00:00-04:00,6.709000110626221,6.764999866485596,6.709000110626221,6.764999866485596,600,0.0,0.0
2018-07-13 00:00:00-04:00,6.764999866485596,6.764999866485596,6.764999866485596,6.764999866485596,0,0.0,0.0
2018-07-16 00:00:00-04:00,6.764999866485596,6.764999866485596,6.764999866485596,6.764999866485596,0,0.0,0.0
2018-07-17 00:00:00-04:00,6.764999866485596,6.764999866485596,6.764999866485596,6.764999866485596,0,0.0,0.0
2018-07-18 00:00:00-04:00,6.764999866485596,6.764999866485596,6.764999866485596,6.764999866485596,0,0.0,0.0
2018-07-19 00:00:00-04:00,6.5970001220703125,6.5970001220703125,6.459000110626221,6.459000110626221,3000,0.0,0.0
2018-07-20 00:00:00-04:00,6.459000110626221,6.459000110626221,6.459000110626221,6.459000110626221,0,0.0,0.0
2018-07-23 00:00:00-04:00,6.459000110626221,6.459000110626221,6.459000110626221,6.459000110626221,0,0.0,0.0
2018-07-24 00:00:00-04:00,6.459000110626221,6.459000110626221,6.459000110626221,6.459000110626221,0,0.0,0.0
2018-07-25 00:00:00-04:00,6.459000110626221,6.459000110626221,6.459000110626221,6.459000110626221,0,0.0,0.0
2018-07-26 00:00:00-04:00,6.459000110626221,6.459000110626221,6.459000110626221,6.459000110626221,0,0.0,0.0
2018-07-27 00:00:00-04:00,6.439000129699707,6.439000129699707,6.439000129699707,6.439000129699707,1000,0.0,0.0
2018-07-30 00:00:00-04:00,6.439000129699707,6.439000129699707,6.439000129699707,6.439000129699707,0,0.0,0.0
2018-07-31 00:00:00-04:00,6.439000129699707,6.439000129699707,6.439000129699707,6.439000129699707,0,0.0,0.0
2018-08-01 00:00:00-04:00,6.439000129699707,6.439000129699707,6.439000129699707,6.439000129699707,0,0.0,0.0
2018-08-02 00:00:00-04:00,6.5289998054504395,6.53000020980835,6.5289998054504395,6.53000020980835,2000,0.0,0.0
2018-08-03 00:00:00-04:00,6.506999969482422,6.506999969482422,6.506999969482422,6.506999969482422,1700,0.0,0.0
2018-08-06 00:00:00-04:00,6.506999969482422,6.506999969482422,6.506999969482422,6.506999969482422,0,0.0,0.0
2018-08-07 00:00:00-04:00,6.506999969482422,6.506999969482422,6.506999969482422,6.506999969482422,0,0.0,0.0
2018-08-08 00:00:00-04:00,6.506999969482422,6.506999969482422,6.506999969482422,6.506999969482422,0,0.0,0.0
2018-08-09 00:00:00-04:00,6.525000095367432,6.525000095367432,6.525000095367432,6.525000095367432,300,0.0,0.0
2018-08-10 00:00:00-04:00,6.525000095367432,6.525000095367432,6.525000095367432,6.525000095367432,0,0.0,0.0
2018-08-13 00:00:00-04:00,6.525000095367432,6.525000095367432,6.525000095367432,6.525000095367432,0,0.0,0.0
2018-08-14 00:00:00-04:00,6.525000095367432,6.525000095367432,6.525000095367432,6.525000095367432,0,0.0,0.0
2018-08-15 00:00:00-04:00,5.943999767303467,5.959000110626221,5.943999767303467,5.959000110626221,500,0.0,0.0
2018-08-16 00:00:00-04:00,5.8429999351501465,5.8429999351501465,5.8429999351501465,5.8429999351501465,2000,0.0,0.0
2018-08-17 00:00:00-04:00,5.8429999351501465,5.8429999351501465,5.8429999351501465,5.8429999351501465,0,0.0,0.0
2018-08-20 00:00:00-04:00,5.8429999351501465,5.8429999351501465,5.8429999351501465,5.8429999351501465,0,0.0,0.0
2018-08-21 00:00:00-04:00,5.8429999351501465,5.8429999351501465,5.8429999351501465,5.8429999351501465,0,0.0,0.0
2018-08-22 00:00:00-04:00,5.8429999351501465,5.8429999351501465,5.8429999351501465,5.8429999351501465,0,0.0,0.0
2018-08-23 00:00:00-04:00,5.8429999351501465,5.8429999351501465,5.8429999351501465,5.8429999351501465,0,0.0,0.0
2018-08-24 00:00:00-04:00,6.6570000648498535,6.659999847412109,6.6570000648498535,6.659999847412109,500,0.0,0.0
2018-08-27 00:00:00-04:00,6.659999847412109,6.659999847412109,6.659999847412109,6.659999847412109,0,0.0,0.0
2018-08-28 00:00:00-04:00,6.659999847412109,6.659999847412109,6.659999847412109,6.659999847412109,0,0.0,0.0
2018-08-29 00:00:00-04:00,6.659999847412109,6.659999847412109,6.659999847412109,6.659999847412109,0,0.0,0.0
2018-08-30 00:00:00-04:00,6.659999847412109,6.659999847412109,6.659999847412109,6.659999847412109,0,0.0,0.0
2018-08-31 00:00:00-04:00,6.659999847412109,6.659999847412109,6.659999847412109,6.659999847412109,0,0.0,0.0
2018-09-04 00:00:00-04:00,6.659999847412109,6.659999847412109,6.659999847412109,6.659999847412109,0,0.0,0.0
2018-09-05 00:00:00-04:00,6.633999824523926,6.633999824523926,6.626999855041504,6.626999855041504,1800,0.0,0.0
2018-09-06 00:00:00-04:00,6.938000202178955,6.938000202178955,6.938000202178955,6.938000202178955,1000,0.0,0.0
2018-09-07 00:00:00-04:00,6.938000202178955,6.938000202178955,6.938000202178955,6.938000202178955,0,0.0,0.0
2018-09-10 00:00:00-04:00,7.066999912261963,7.066999912261963,7.066999912261963,7.066999912261963,2000,0.0,0.0
2018-09-11 00:00:00-04:00,7.066999912261963,7.066999912261963,7.066999912261963,7.066999912261963,0,0.0,0.0
2018-09-12 00:00:00-04:00,7.066999912261963,7.066999912261963,7.066999912261963,7.066999912261963,0,0.0,0.0
2018-09-13 00:00:00-04:00,7.066999912261963,7.066999912261963,7.066999912261963,7.066999912261963,0,0.0,0.0
2018-09-14 00:00:00-04:00,7.066999912261963,7.066999912261963,7.066999912261963,7.066999912261963,0,0.0,0.0
2018-09-17 00:00:00-04:00,7.948999881744385,7.948999881744385,7.927999973297119,7.927999973297119,900,0.0,0.0
2018-09-18 00:00:00-04:00,7.927999973297119,7.927999973297119,7.927999973297119,7.927999973297119,0,0.0,0.0
2018-09-19 00:00:00-04:00,7.927999973297119,7.927999973297119,7.927999973297119,7.927999973297119,0,0.0,0.0
2018-09-20 00:00:00-04:00,7.927999973297119,7.927999973297119,7.927999973297119,7.927999973297119,0,0.0,0.0
2018-09-21 00:00:00-04:00,7.927999973297119,7.927999973297119,7.927999973297119,7.927999973297119,0,0.0,0.0
2018-09-24 00:00:00-04:00,7.927999973297119,7.927999973297119,7.927999973297119,7.927999973297119,0,0.0,0.0
2018-09-25 00:00:00-04:00,8.937999725341797,9.017000198364258,8.937999725341797,9.017000198364258,1300,0.0,0.0
2018-09-26 00:00:00-04:00,9.017000198364258,9.017000198364258,9.017000198364258,9.017000198364258,0,0.0,0.0
2018-09-27 00:00:00-04:00,9.017000198364258,9.017000198364258,9.017000198364258,9.017000198364258,0,0.0,0.0
2018-09-28 00:00:00-04:00,9.017000198364258,9.017000198364258,9.017000198364258,9.017000198364258,0,0.0,0.0
2018-10-01 00:00:00-04:00,9.017000198364258,9.017000198364258,9.017000198364258,9.017000198364258,0,0.0,0.0
2018-10-02 00:00:00-04:00,9.017000198364258,9.017000198364258,9.017000198364258,9.017000198364258,0,0.0,0.0
2018-10-03 00:00:00-04:00,9.170000076293945,9.170000076293945,9.170000076293945,9.170000076293945,3400,0.0,0.0
2018-10-04 00:00:00-04:00,9.170000076293945,9.170000076293945,9.170000076293945,9.170000076293945,0,0.0,0.0
2018-10-05 00:00:00-04:00,9.170000076293945,9.170000076293945,9.170000076293945,9.170000076293945,0,0.0,0.0
2018-10-08 00:00:00-04:00,9.170000076293945,9.170000076293945,9.170000076293945,9.170000076293945,0,0.0,0.0
2018-10-09 00:00:00-04:00,8.824000358581543,8.824000358581543,8.824000358581543,8.824000358581543,200,0.0,0.0
2018-10-10 00:00:00-04:00,8.824000358581543,8.824000358581543,8.824000358581543,8.824000358581543,0,0.0,0.0
2018-10-11 00:00:00-04:00,8.494000434875488,8.494000434875488,8.494000434875488,8.494000434875488,500,0.0,0.0
2018-10-12 00:00:00-04:00,8.494000434875488,8.494000434875488,8.494000434875488,8.494000434875488,0,0.0,0.0
2018-10-15 00:00:00-04:00,8.494000434875488,8.494000434875488,8.494000434875488,8.494000434875488,0,0.0,0.0
2018-10-16 00:00:00-04:00,8.494000434875488,8.494000434875488,8.494000434875488,8.494000434875488,0,0.0,0.0
2018-10-17 00:00:00-04:00,8.494000434875488,8.494000434875488,8.494000434875488,8.494000434875488,0,0.0,0.0
2018-10-18 00:00:00-04:00,8.494000434875488,8.494000434875488,8.494000434875488,8.494000434875488,0,0.0,0.0
2018-10-19 00:00:00-04:00,8.494000434875488,8.494000434875488,8.494000434875488,8.494000434875488,0,0.0,0.0
2018-10-22 00:00:00-04:00,8.494000434875488,8.494000434875488,8.494000434875488,8.494000434875488,0,0.0,0.0
2018-10-23 00:00:00-04:00,8.0,8.0,7.999000072479248,7.999000072479248,1100,0.0,0.0
2018-10-24 00:00:00-04:00,7.620999813079834,7.620999813079834,7.620999813079834,7.620999813079834,600,0.0,0.0
2018-10-25 00:00:00-04:00,7.5329999923706055,7.5329999923706055,7.465000152587891,7.465000152587891,300,0.0,0.0
2018-10-26 00:00:00-04:00,7.465000152587891,7.465000152587891,7.465000152587891,7.465000152587891,0,0.0,0.0
2018-10-29 00:00:00-04:00,7.465000152587891,7.465000152587891,7.465000152587891,7.465000152587891,0,0.0,0.0
2018-10-30 00:00:00-04:00,7.465000152587891,7.465000152587891,7.465000152587891,7.465000152587891,0,0.0,0.0
2018-10-31 00:00:00-04:00,7.465000152587891,7.465000152587891,7.465000152587891,7.465000152587891,0,0.0,0.0
2018-11-01 00:00:00-04:00,7.465000152587891,7.465000152587891,7.465000152587891,7.465000152587891,0,0.0,0.0
2018-11-02 00:00:00-04:00,7.465000152587891,7.465000152587891,7.465000152587891,7.465000152587891,0,0.0,0.0
2018-11-05 00:00:00-05:00,7.465000152587891,7.465000152587891,7.465000152587891,7.465000152587891,0,0.0,0.0
2018-11-06 00:00:00-05:00,7.465000152587891,7.465000152587891,7.465000152587891,7.465000152587891,0,0.0,0.0
2018-11-07 00:00:00-05:00,7.465000152587891,7.465000152587891,7.465000152587891,7.465000152587891,0,0.0,0.0
2018-11-08 00:00:00-05:00,7.465000152587891,7.465000152587891,7.465000152587891,7.465000152587891,0,0.0,0.0
2018-11-09 00:00:00-05:00,7.574999809265137,7.574999809265137,7.574999809265137,7.574999809265137,200,0.0,0.0
2018-11-12 00:00:00-05:00,7.574999809265137,7.574999809265137,7.574999809265137,7.574999809265137,0,0.0,0.0
2018-11-13 00:00:00-05:00,7.574999809265137,7.574999809265137,7.574999809265137,7.574999809265137,0,0.0,0.0
2018-11-14 00:00:00-05:00,6.5,6.5,6.491000175476074,6.491000175476074,4000,0.0,0.0
2018-11-15 00:00:00-05:00,6.491000175476074,6.491000175476074,6.491000175476074,6.491000175476074,0,0.0,0.0
2018-11-16 00:00:00-05:00,6.491000175476074,6.491000175476074,6.491000175476074,6.491000175476074,0,0.0,0.0
2018-11-19 00:00:00-05:00,7.801000118255615,7.801000118255615,7.801000118255615,7.801000118255615,100,0.0,0.0
2018-11-20 00:00:00-05:00,7.801000118255615,7.801000118255615,7.801000118255615,7.801000118255615,0,0.0,0.0
2018-11-21 00:00:00-05:00,7.801000118255615,7.801000118255615,7.801000118255615,7.801000118255615,0,0.0,0.0
2018-11-23 00:00:00-05:00,7.801000118255615,7.801000118255615,7.801000118255615,7.801000118255615,0,0.0,0.0
2018-11-26 00:00:00-05:00,7.801000118255615,7.801000118255615,7.801000118255615,7.801000118255615,0,0.0,0.0
2018-11-27 00:00:00-05:00,7.801000118255615,7.801000118255615,7.801000118255615,7.801000118255615,0,0.0,0.0
2018-11-28 00:00:00-05:00,7.801000118255615,7.801000118255615,7.801000118255615,7.801000118255615,0,0.0,0.0
2018-11-29 00:00:00-05:00,7.2179999351501465,7.2179999351501465,7.2179999351501465,7.2179999351501465,400,0.0,0.0
2018-11-30 00:00:00-05:00,7.2179999351501465,7.2179999351501465,7.2179999351501465,7.2179999351501465,0,0.0,0.0
2018-12-03 00:00:00-05:00,7.2179999351501465,7.2179999351501465,7.2179999351501465,7.2179999351501465,0,0.0,0.0
2018-12-04 00:00:00-05:00,7.2179999351501465,7.2179999351501465,7.2179999351501465,7.2179999351501465,0,0.0,0.0
2018-12-06 00:00:00-05:00,7.193999767303467,7.193999767303467,7.1570000648498535,7.1570000648498535,14400,0.0,0.0
2018-12-07 00:00:00-05:00,7.1570000648498535,7.1570000648498535,7.1570000648498535,7.1570000648498535,0,0.0,0.0
2018-12-10 00:00:00-05:00,7.165999889373779,7.179999828338623,7.165999889373779,7.179999828338623,4000,0.0,0.0
2018-12-11 00:00:00-05:00,7.828000068664551,8.024999618530273,7.775000095367432,8.024999618530273,4200,0.0,0.0
2018-12-12 00:00:00-05:00,8.270999908447266,8.449000358581543,8.270999908447266,8.449000358581543,5500,0.0,0.0
2018-12-13 00:00:00-05:00,8.074999809265137,8.074999809265137,8.074999809265137,8.074999809265137,5000,0.0,0.0
2018-12-14 00:00:00-05:00,7.626999855041504,7.626999855041504,7.626999855041504,7.626999855041504,3000,0.0,0.0
2018-12-17 00:00:00-05:00,7.626999855041504,7.626999855041504,7.626999855041504,7.626999855041504,0,0.0,0.0
2018-12-18 00:00:00-05:00,7.626999855041504,7.626999855041504,7.626999855041504,7.626999855041504,0,0.0,0.0
2018-12-19 00:00:00-05:00,7.626999855041504,7.626999855041504,7.626999855041504,7.626999855041504,0,0.0,0.0
2018-12-20 00:00:00-05:00,7.626999855041504,7.626999855041504,7.626999855041504,7.626999855041504,0,0.0,0.0
2018-12-21 00:00:00-05:00,7.236000061035156,7.236000061035156,7.236000061035156,7.236000061035156,4000,0.0,0.0
2018-12-24 00:00:00-05:00,7.236000061035156,7.236000061035156,7.236000061035156,7.236000061035156,0,0.0,0.0
2018-12-26 00:00:00-05:00,7.236000061035156,7.236000061035156,7.236000061035156,7.236000061035156,0,0.0,0.0
2018-12-27 00:00:00-05:00,7.236000061035156,7.236000061035156,7.236000061035156,7.236000061035156,0,0.0,0.0
2018-12-28 00:00:00-05:00,7.236000061035156,7.236000061035156,7.236000061035156,7.236000061035156,0,0.0,0.0
2018-12-31 00:00:00-05:00,7.239999771118164,7.25,7.238999843597412,7.238999843597412,50900,0.0,0.0
2019-01-02 00:00:00-05:00,7.168000221252441,7.168000221252441,7.168000221252441,7.168000221252441,500,0.0,0.0
2019-01-03 00:00:00-05:00,7.480000019073486,7.480000019073486,7.28000020980835,7.28000020980835,3500,0.0,0.0
2019-01-04 00:00:00-05:00,7.8429999351501465,7.8429999351501465,7.8429999351501465,7.8429999351501465,1000,0.0,0.0
2019-01-07 00:00:00-05:00,8.062999725341797,8.062999725341797,7.934999942779541,7.934999942779541,10000,0.0,0.0
2019-01-08 00:00:00-05:00,7.763000011444092,7.763000011444092,7.732999801635742,7.736000061035156,8000,0.0,0.0
2019-01-09 00:00:00-05:00,7.736000061035156,7.736000061035156,7.736000061035156,7.736000061035156,0,0.0,0.0
2019-01-10 00:00:00-05:00,7.932000160217285,8.041999816894531,7.923999786376953,8.015999794006348,8000,0.0,0.0
2019-01-11 00:00:00-05:00,8.015999794006348,8.015999794006348,8.015999794006348,8.015999794006348,0,0.0,0.0
2019-01-14 00:00:00-05:00,8.015999794006348,8.015999794006348,8.015999794006348,8.015999794006348,0,0.0,0.0
2019-01-15 00:00:00-05:00,8.218999862670898,8.218999862670898,8.206999778747559,8.206999778747559,600,0.0,0.0
2019-01-16 00:00:00-05:00,8.836999893188477,8.847999572753906,8.70300006866455,8.70300006866455,12000,0.0,0.0
2019-01-17 00:00:00-05:00,8.70300006866455,8.70300006866455,8.70300006866455,8.70300006866455,0,0.0,0.0
2019-01-18 00:00:00-05:00,8.557000160217285,8.557000160217285,8.557000160217285,8.557000160217285,100,0.0,0.0
2019-01-22 00:00:00-05:00,8.239999771118164,8.239999771118164,8.239999771118164,8.239999771118164,500,0.0,0.0
2019-01-23 00:00:00-05:00,8.201000213623047,8.201000213623047,8.060999870300293,8.060999870300293,600,0.0,0.0
2019-01-24 00:00:00-05:00,8.060999870300293,8.060999870300293,8.060999870300293,8.060999870300293,0,0.0,0.0
2019-01-25 00:00:00-05:00,8.060999870300293,8.060999870300293,8.060999870300293,8.060999870300293,0,0.0,0.0
2019-01-28 00:00:00-05:00,8.060999870300293,8.060999870300293,8.060999870300293,8.060999870300293,0,0.0,0.0
2019-01-29 00:00:00-05:00,8.060999870300293,8.060999870300293,8.060999870300293,8.060999870300293,0,0.0,0.0
2019-01-30 00:00:00-05:00,8.060999870300293,8.060999870300293,8.060999870300293,8.060999870300293,0,0.0,0.0
2019-01-31 00:00:00-05:00,9.258000373840332,9.666999816894531,9.258000373840332,9.597000122070312,15000,0.0,0.0
2019-02-01 00:00:00-05:00,9.640999794006348,9.800999641418457,9.640999794006348,9.800999641418457,6200,0.0,0.0
2019-02-04 00:00:00-05:00,9.95199966430664,9.954000473022461,9.937000274658203,9.954000473022461,9000,0.0,0.0
2019-02-05 00:00:00-05:00,10.140000343322754,10.147000312805176,10.128999710083008,10.138999938964844,12000,0.0,0.0
2019-02-06 00:00:00-05:00,10.138999938964844,10.138999938964844,10.138999938964844,10.138999938964844,0,0.0,0.0
2019-02-07 00:00:00-05:00,9.829999923706055,9.829999923706055,9.744000434875488,9.781000137329102,5500,0.0,0.0
2019-02-08 00:00:00-05:00,9.765000343322754,9.765000343322754,9.593000411987305,9.668999671936035,7200,0.0,0.0
2019-02-11 00:00:00-05:00,9.526000022888184,9.526000022888184,9.526000022888184,9.526000022888184,600,0.0,0.0
2019-02-12 00:00:00-05:00,9.539999961853027,9.539999961853027,9.539999961853027,9.539999961853027,500,0.0,0.0
2019-02-13 00:00:00-05:00,9.539999961853027,9.539999961853027,9.539999961853027,9.539999961853027,0,0.0,0.0
2019-02-14 00:00:00-05:00,10.359999656677246,10.359999656677246,10.359999656677246,10.359999656677246,500,0.0,0.0
2019-02-15 00:00:00-05:00,10.324999809265137,10.734999656677246,10.324999809265137,10.734999656677246,3500,0.0,0.0
2019-02-19 00:00:00-05:00,10.734999656677246,10.734999656677246,10.734999656677246,10.734999656677246,0,0.0,0.0
2019-02-20 00:00:00-05:00,11.597999572753906,11.597999572753906,11.51200008392334,11.550000190734863,1400,0.0,0.0
2019-02-21 00:00:00-05:00,11.550000190734863,11.550000190734863,11.550000190734863,11.550000190734863,0,0.0,0.0
2019-02-22 00:00:00-05:00,11.949999809265137,11.958999633789062,11.949999809265137,11.951000213623047,800,0.0,0.0
2019-02-25 00:00:00-05:00,12.034000396728516,12.277000427246094,12.034000396728516,12.277000427246094,5900,0.0,0.0
2019-02-26 00:00:00-05:00,12.267999649047852,12.267999649047852,12.258999824523926,12.258999824523926,300,0.0,0.0
2019-02-27 00:00:00-05:00,12.258999824523926,12.258999824523926,12.258999824523926,12.258999824523926,0,0.0,0.0
2019-02-28 00:00:00-05:00,12.258999824523926,12.258999824523926,12.258999824523926,12.258999824523926,0,0.0,0.0
2019-03-01 00:00:00-05:00,12.258999824523926,12.258999824523926,12.258999824523926,12.258999824523926,0,0.0,0.0
2019-03-04 00:00:00-05:00,12.975000381469727,12.984000205993652,12.932999610900879,12.942999839782715,3600,0.0,0.0
2019-03-05 00:00:00-05:00,13.062999725341797,13.062999725341797,12.8100004196167,12.899999618530273,1700,0.0,0.0
2019-03-06 00:00:00-05:00,12.899999618530273,12.899999618530273,12.899999618530273,12.899999618530273,0,0.0,0.0
2019-03-07 00:00:00-05:00,12.520999908447266,12.520999908447266,12.520999908447266,12.520999908447266,1300,0.0,0.0
2019-03-08 00:00:00-05:00,12.520999908447266,12.520999908447266,12.520999908447266,12.520999908447266,0,0.0,0.0
2019-03-11 00:00:00-04:00,12.520999908447266,12.520999908447266,12.520999908447266,12.520999908447266,0,0.0,0.0
2019-03-12 00:00:00-04:00,12.520999908447266,12.520999908447266,12.520999908447266,12.520999908447266,0,0.0,0.0
2019-03-13 00:00:00-04:00,12.520999908447266,12.520999908447266,12.520999908447266,12.520999908447266,0,0.0,0.0
2019-03-14 00:00:00-04:00,12.520999908447266,12.520999908447266,12.520999908447266,12.520999908447266,0,0.0,0.0
2019-03-15 00:00:00-04:00,12.520999908447266,12.520999908447266,12.520999908447266,12.520999908447266,0,0.0,0.0
2019-03-18 00:00:00-04:00,11.71399974822998,11.71399974822998,11.71399974822998,11.71399974822998,100,0.0,0.0
2019-03-19 00:00:00-04:00,12.015000343322754,12.07800006866455,12.00100040435791,12.062999725341797,1800,0.0,0.0
2019-03-20 00:00:00-04:00,12.062999725341797,12.062999725341797,12.062999725341797,12.062999725341797,0,0.0,0.0
2019-03-21 00:00:00-04:00,12.079999923706055,12.079999923706055,12.079999923706055,12.079999923706055,5000,0.0,0.0
2019-03-22 00:00:00-04:00,11.581000328063965,11.581000328063965,11.404999732971191,11.404999732971191,11400,0.0,0.0
2019-03-25 00:00:00-04:00,11.27299976348877,11.479999542236328,11.27299976348877,11.479999542236328,3100,0.0,0.0
2019-03-26 00:00:00-04:00,11.600000381469727,11.600000381469727,11.600000381469727,11.600000381469727,100,0.0,0.0
2019-03-27 00:00:00-04:00,11.552000045776367,11.552000045776367,11.321999549865723,11.482999801635742,15100,0.0,0.0
2019-03-28 00:00:00-04:00,11.479999542236328,11.687999725341797,11.479999542236328,11.6850004196167,11000,0.0,0.0
2019-03-29 00:00:00-04:00,11.6850004196167,11.6850004196167,11.6850004196167,11.6850004196167,0,0.0,0.0
2019-04-01 00:00:00-04:00,11.6850004196167,11.6850004196167,11.6850004196167,11.6850004196167,0,0.0,0.0
2019-04-02 00:00:00-04:00,11.6850004196167,11.6850004196167,11.6850004196167,11.6850004196167,0,0.0,0.0
2019-04-03 00:00:00-04:00,12.539999961853027,12.539999961853027,12.164999961853027,12.199999809265137,4500,0.0,0.0
2019-04-04 00:00:00-04:00,12.199999809265137,12.199999809265137,12.199999809265137,12.199999809265137,0,0.0,0.0
2019-04-05 00:00:00-04:00,11.54800033569336,11.54800033569336,11.53600025177002,11.53600025177002,300,0.0,0.0
2019-04-08 00:00:00-04:00,12.041000366210938,12.083000183105469,12.015000343322754,12.015000343322754,1200,0.0,0.0
2019-04-09 00:00:00-04:00,12.015000343322754,12.015000343322754,12.015000343322754,12.015000343322754,0,0.0,0.0
2019-04-10 00:00:00-04:00,12.015000343322754,12.015000343322754,12.015000343322754,12.015000343322754,0,0.0,0.0
2019-04-11 00:00:00-04:00,12.015000343322754,12.015000343322754,12.015000343322754,12.015000343322754,0,0.0,0.0
2019-04-12 00:00:00-04:00,12.015000343322754,12.015000343322754,12.015000343322754,12.015000343322754,0,0.0,0.0
2019-04-15 00:00:00-04:00,12.015000343322754,12.015000343322754,12.015000343322754,12.015000343322754,0,0.0,0.0
2019-04-16 00:00:00-04:00,11.9399995803833,11.942999839782715,11.9399995803833,11.942999839782715,3000,0.0,0.0
2019-04-17 00:00:00-04:00,11.942999839782715,11.942999839782715,11.942999839782715,11.942999839782715,0,0.0,0.0
2019-04-18 00:00:00-04:00,12.914999961853027,13.354999542236328,12.899999618530273,13.354999542236328,34500,0.0,0.0
2019-04-22 00:00:00-04:00,13.145999908447266,13.145999908447266,12.958999633789062,13.13599967956543,20400,0.0,0.0
2019-04-23 00:00:00-04:00,13.189000129699707,13.189000129699707,13.144000053405762,13.17199993133545,20000,0.0,0.0
2019-04-24 00:00:00-04:00,13.480999946594238,13.597000122070312,13.45199966430664,13.49899959564209,16800,0.0,0.0
2019-04-25 00:00:00-04:00,13.210000038146973,13.399999618530273,13.210000038146973,13.399999618530273,2000,0.0,0.0
2019-04-26 00:00:00-04:00,13.399999618530273,13.399999618530273,13.399999618530273,13.399999618530273,0,0.0,0.0
2019-04-29 00:00:00-04:00,13.399999618530273,13.399999618530273,13.399999618530273,13.399999618530273,0,0.0,0.0
2019-04-30 00:00:00-04:00,13.399999618530273,13.399999618530273,13.399999618530273,13.399999618530273,0,0.0,0.0
2019-05-01 00:00:00-04:00,13.706999778747559,13.706999778747559,13.34000015258789,13.34000015258789,300,0.0,0.0
2019-05-02 00:00:00-04:00,12.593000411987305,12.597000122070312,12.593000411987305,12.597000122070312,6500,0.0,0.0
2019-05-03 00:00:00-04:00,13.088000297546387,13.130000114440918,13.088000297546387,13.130000114440918,2500,0.0,0.0
2019-05-06 00:00:00-04:00,13.130000114440918,13.130000114440918,13.130000114440918,13.130000114440918,0,0.0,0.0
2019-05-07 00:00:00-04:00,12.574000358581543,12.574000358581543,12.574000358581543,12.574000358581543,500,0.0,0.0
2019-05-08 00:00:00-04:00,12.572999954223633,12.572999954223633,12.572999954223633,12.572999954223633,10000,0.0,0.0
2019-05-09 00:00:00-04:00,12.572999954223633,12.572999954223633,12.572999954223633,12.572999954223633,0,0.0,0.0
2019-05-10 00:00:00-04:00,12.572999954223633,12.572999954223633,12.572999954223633,12.572999954223633,0,0.0,0.0
2019-05-13 00:00:00-04:00,12.38700008392334,12.470000267028809,12.38700008392334,12.470000267028809,1100,0.0,0.0
2019-05-14 00:00:00-04:00,12.810999870300293,12.810999870300293,12.810999870300293,12.810999870300293,500,0.0,0.0
2019-05-15 00:00:00-04:00,13.100000381469727,13.100000381469727,13.100000381469727,13.100000381469727,500,0.0,0.0
2019-05-16 00:00:00-04:00,13.100000381469727,13.100000381469727,13.100000381469727,13.100000381469727,0,0.0,0.0
2019-05-17 00:00:00-04:00,12.949999809265137,12.972999572753906,12.949999809265137,12.972999572753906,1200,0.0,0.0
2019-05-20 00:00:00-04:00,12.972999572753906,12.972999572753906,12.972999572753906,12.972999572753906,0,0.0,0.0
2019-05-21 00:00:00-04:00,13.020000457763672,13.020000457763672,13.020000457763672,13.020000457763672,2500,0.0,0.0
2019-05-22 00:00:00-04:00,13.020000457763672,13.020000457763672,13.020000457763672,13.020000457763672,0,0.0,0.0
2019-05-23 00:00:00-04:00,13.020000457763672,13.020000457763672,13.020000457763672,13.020000457763672,0,0.0,0.0
2019-05-24 00:00:00-04:00,13.020000457763672,13.020000457763672,13.020000457763672,13.020000457763672,0,0.0,0.0
2019-05-28 00:00:00-04:00,12.144000053405762,12.144000053405762,12.144000053405762,12.144000053405762,500,0.0,0.0
2019-05-29 00:00:00-04:00,12.144000053405762,12.144000053405762,12.144000053405762,12.144000053405762,0,0.0,0.0
2019-05-30 00:00:00-04:00,12.144000053405762,12.144000053405762,12.144000053405762,12.144000053405762,0,0.0,0.0
2019-05-31 00:00:00-04:00,12.079999923706055,12.079999923706055,12.079999923706055,12.079999923706055,100,0.0,0.0
2019-06-03 00:00:00-04:00,12.079999923706055,12.079999923706055,12.079999923706055,12.079999923706055,0,0.0,0.0
2019-06-04 00:00:00-04:00,13.552000045776367,13.552000045776367,13.484999656677246,13.484999656677246,1000,0.0,0.0
2019-06-05 00:00:00-04:00,13.300000190734863,13.300000190734863,13.218000411987305,13.218000411987305,1500,0.0,0.0
2019-06-06 00:00:00-04:00,13.222999572753906,13.222999572753906,13.222999572753906,13.222999572753906,100,0.0,0.0
2019-06-07 00:00:00-04:00,13.491000175476074,13.491000175476074,13.491000175476074,13.491000175476074,1100,0.0,0.0
2019-06-10 00:00:00-04:00,13.491000175476074,13.491000175476074,13.491000175476074,13.491000175476074,0,0.0,0.0
2019-06-11 00:00:00-04:00,13.491000175476074,13.491000175476074,13.491000175476074,13.491000175476074,0,0.0,0.0
2019-06-12 00:00:00-04:00,14.241999626159668,14.241999626159668,14.210000038146973,14.23900032043457,1400,0.0,0.0
2019-06-13 00:00:00-04:00,14.248000144958496,14.413999557495117,14.248000144958496,14.399999618530273,1600,0.0,0.0
2019-06-14 00:00:00-04:00,14.020000457763672,14.402000427246094,14.01200008392334,14.399999618530273,2700,0.0,0.0
2019-06-17 00:00:00-04:00,14.553999900817871,14.600000381469727,14.553999900817871,14.600000381469727,200,0.0,0.0
2019-06-18 00:00:00-04:00,14.934000015258789,14.961000442504883,14.899999618530273,14.906999588012695,700,0.0,0.0
2019-06-19 00:00:00-04:00,14.699999809265137,14.699999809265137,14.699999809265137,14.699999809265137,4000,0.0,0.0
2019-06-20 00:00:00-04:00,15.394000053405762,15.75,15.394000053405762,15.75,49100,0.0,0.0
2019-06-21 00:00:00-04:00,15.784000396728516,16.479999542236328,15.6899995803833,16.479999542236328,32100,0.0,0.0
2019-06-24 00:00:00-04:00,16.3700008392334,17.270999908447266,16.3700008392334,17.270999908447266,700,0.0,0.0
2019-06-25 00:00:00-04:00,17.270999908447266,17.270999908447266,17.270999908447266,17.270999908447266,0,0.0,0.0
2019-06-26 00:00:00-04:00,17.084999084472656,17.084999084472656,16.374000549316406,16.374000549316406,2700,0.0,0.0
2019-06-27 00:00:00-04:00,16.280000686645508,16.280000686645508,16.280000686645508,16.280000686645508,100,0.0,0.0
2019-06-28 00:00:00-04:00,16.280000686645508,16.280000686645508,16.280000686645508,16.280000686645508,0,0.0,0.0
2019-07-01 00:00:00-04:00,16.280000686645508,16.280000686645508,16.280000686645508,16.280000686645508,0,0.0,0.0
2019-07-02 00:00:00-04:00,16.280000686645508,16.280000686645508,16.280000686645508,16.280000686645508,0,0.0,0.0
2019-07-03 00:00:00-04:00,16.95199966430664,16.972999572753906,16.95199966430664,16.972999572753906,16000,0.0,0.0
2019-07-05 00:00:00-04:00,16.972999572753906,16.972999572753906,16.972999572753906,16.972999572753906,0,0.0,0.0
2019-07-08 00:00:00-04:00,16.972999572753906,16.972999572753906,16.972999572753906,16.972999572753906,0,0.0,0.0
2019-07-09 00:00:00-04:00,17.06599998474121,17.06599998474121,17.06599998474121,17.06599998474121,2100,0.0,0.0
2019-07-10 00:00:00-04:00,17.888999938964844,17.9950008392334,17.881000518798828,17.993000030517578,21100,0.0,0.0
2019-07-11 00:00:00-04:00,17.993000030517578,17.993000030517578,17.993000030517578,17.993000030517578,0,0.0,0.0
2019-07-12 00:00:00-04:00,17.993000030517578,17.993000030517578,17.993000030517578,17.993000030517578,0,0.0,0.0
2019-07-15 00:00:00-04:00,18.739999771118164,18.739999771118164,18.621999740600586,18.6299991607666,18900,0.0,0.0
2019-07-16 00:00:00-04:00,18.746000289916992,18.746000289916992,18.715999603271484,18.715999603271484,700,0.0,0.0
2019-07-17 00:00:00-04:00,18.288000106811523,18.67799949645996,18.288000106811523,18.67799949645996,3500,0.0,0.0
2019-07-18 00:00:00-04:00,18.356000900268555,18.393999099731445,18.354999542236328,18.35700035095215,1400,0.0,0.0
2019-07-19 00:00:00-04:00,19.09000015258789,19.13599967956543,19.09000015258789,19.13599967956543,1000,0.0,0.0
2019-07-22 00:00:00-04:00,19.19099998474121,19.19099998474121,19.082000732421875,19.082000732421875,300,0.0,0.0
2019-07-23 00:00:00-04:00,19.082000732421875,19.082000732421875,19.082000732421875,19.082000732421875,0,0.0,0.0
2019-07-24 00:00:00-04:00,18.81399917602539,18.851999282836914,18.81399917602539,18.850000381469727,800,0.0,0.0
2019-07-25 00:00:00-04:00,18.533000946044922,18.533000946044922,18.533000946044922,18.533000946044922,100,0.0,0.0
2019-07-26 00:00:00-04:00,19.07699966430664,19.198999404907227,19.07699966430664,19.198999404907227,300,0.0,0.0
2019-07-29 00:00:00-04:00,18.88599967956543,18.88599967956543,18.88599967956543,18.88599967956543,200,0.0,0.0
2019-07-30 00:00:00-04:00,18.88599967956543,18.88599967956543,18.88599967956543,18.88599967956543,0,0.0,0.0
2019-07-31 00:00:00-04:00,19.020999908447266,19.101999282836914,18.834999084472656,18.865999221801758,1700,0.0,0.0
2019-08-01 00:00:00-04:00,18.865999221801758,18.865999221801758,18.865999221801758,18.865999221801758,0,0.0,0.0
2019-08-02 00:00:00-04:00,18.865999221801758,18.865999221801758,18.865999221801758,18.865999221801758,0,0.0,0.0
2019-08-05 00:00:00-04:00,18.865999221801758,18.865999221801758,18.865999221801758,18.865999221801758,0,0.0,0.0
2019-08-06 00:00:00-04:00,17.929000854492188,17.929000854492188,17.469999313354492,17.482999801635742,4000,0.0,0.0
2019-08-07 00:00:00-04:00,17.399999618530273,17.399999618530273,16.694000244140625,16.774999618530273,3800,0.0,0.0
2019-08-08 00:00:00-04:00,16.400999069213867,16.400999069213867,16.34600067138672,16.360000610351562,1600,0.0,0.0
2019-08-09 00:00:00-04:00,16.488000869750977,16.488000869750977,15.892000198364258,16.0,10800,0.0,0.0
2019-08-12 00:00:00-04:00,15.774999618530273,16.268999099731445,15.774999618530273,16.268999099731445,800,0.0,0.0
2019-08-13 00:00:00-04:00,16.097000122070312,16.097000122070312,16.04400062561035,16.04400062561035,1200,0.0,0.0
2019-08-14 00:00:00-04:00,16.04400062561035,16.04400062561035,16.04400062561035,16.04400062561035,0,0.0,0.0
2019-08-15 00:00:00-04:00,16.04400062561035,16.04400062561035,16.04400062561035,16.04400062561035,0,0.0,0.0
2019-08-16 00:00:00-04:00,16.04400062561035,16.04400062561035,16.04400062561035,16.04400062561035,0,0.0,0.0
2019-08-19 00:00:00-04:00,15.303999900817871,15.303999900817871,15.303999900817871,15.303999900817871,200,0.0,0.0
2019-08-20 00:00:00-04:00,15.303999900817871,15.303999900817871,15.303999900817871,15.303999900817871,0,0.0,0.0
2019-08-21 00:00:00-04:00,14.869000434875488,14.869000434875488,14.869000434875488,14.869000434875488,400,0.0,0.0
2019-08-22 00:00:00-04:00,14.869000434875488,14.869000434875488,14.869000434875488,14.869000434875488,0,0.0,0.0
2019-08-23 00:00:00-04:00,14.869000434875488,14.869000434875488,14.869000434875488,14.869000434875488,0,0.0,0.0
2019-08-26 00:00:00-04:00,14.869000434875488,14.869000434875488,14.869000434875488,14.869000434875488,0,0.0,0.0
2019-08-27 00:00:00-04:00,14.899999618530273,14.899999618530273,14.899999618530273,14.899999618530273,1000,0.0,0.0
2019-08-28 00:00:00-04:00,14.899999618530273,14.899999618530273,14.899999618530273,14.899999618530273,0,0.0,0.0
2019-08-29 00:00:00-04:00,14.729000091552734,14.729000091552734,14.725000381469727,14.725000381469727,3000,0.0,0.0
2019-08-30 00:00:00-04:00,14.725000381469727,14.725000381469727,14.725000381469727,14.725000381469727,0,0.0,0.0
2019-09-03 00:00:00-04:00,14.725000381469727,14.725000381469727,14.725000381469727,14.725000381469727,0,0.0,0.0
2019-09-04 00:00:00-04:00,14.725000381469727,14.725000381469727,14.725000381469727,14.725000381469727,0,0.0,0.0
2019-09-05 00:00:00-04:00,16.260000228881836,16.260000228881836,16.260000228881836,16.260000228881836,100,0.0,0.0
2019-09-06 00:00:00-04:00,16.260000228881836,16.260000228881836,16.260000228881836,16.260000228881836,0,0.0,0.0
2019-09-09 00:00:00-04:00,16.260000228881836,16.260000228881836,16.260000228881836,16.260000228881836,0,0.0,0.0
2019-09-10 00:00:00-04:00,16.260000228881836,16.260000228881836,16.260000228881836,16.260000228881836,0,0.0,0.0
2019-09-11 00:00:00-04:00,16.260000228881836,16.260000228881836,16.260000228881836,16.260000228881836,0,0.0,0.0
2019-09-12 00:00:00-04:00,16.45199966430664,16.45199966430664,16.45199966430664,16.45199966430664,500,0.0,0.0
2019-09-13 00:00:00-04:00,16.677000045776367,16.677000045776367,16.474000930786133,16.474000930786133,1500,0.0,0.0
2019-09-16 00:00:00-04:00,16.474000930786133,16.474000930786133,16.474000930786133,16.474000930786133,0,0.0,0.0
2019-09-17 00:00:00-04:00,16.474000930786133,16.474000930786133,16.474000930786133,16.474000930786133,0,0.0,0.0
2019-09-18 00:00:00-04:00,16.474000930786133,16.474000930786133,16.474000930786133,16.474000930786133,0,0.0,0.0
2019-09-19 00:00:00-04:00,16.474000930786133,16.474000930786133,16.474000930786133,16.474000930786133,0,0.0,0.0
2019-09-20 00:00:00-04:00,16.474000930786133,16.474000930786133,16.474000930786133,16.474000930786133,0,0.0,0.0
2019-09-23 00:00:00-04:00,16.474000930786133,16.474000930786133,16.474000930786133,16.474000930786133,0,0.0,0.0
2019-09-24 00:00:00-04:00,16.474000930786133,16.474000930786133,16.474000930786133,16.474000930786133,0,0.0,0.0
2019-09-25 00:00:00-04:00,16.474000930786133,16.474000930786133,16.474000930786133,16.474000930786133,0,0.0,0.0
2019-09-26 00:00:00-04:00,14.538999557495117,14.539999961853027,14.53499984741211,14.53499984741211,1000,0.0,0.0
2019-09-27 00:00:00-04:00,14.53499984741211,14.53499984741211,14.53499984741211,14.53499984741211,0,0.0,0.0
2019-09-30 00:00:00-04:00,14.53499984741211,14.53499984741211,14.53499984741211,14.53499984741211,0,0.0,0.0
2019-10-01 00:00:00-04:00,14.53499984741211,14.53499984741211,14.53499984741211,14.53499984741211,0,0.0,0.0
2019-10-02 00:00:00-04:00,13.892999649047852,13.892999649047852,13.892999649047852,13.892999649047852,100,0.0,0.0
2019-10-03 00:00:00-04:00,13.892999649047852,13.892999649047852,13.892999649047852,13.892999649047852,0,0.0,0.0
2019-10-04 00:00:00-04:00,13.892999649047852,13.892999649047852,13.892999649047852,13.892999649047852,0,0.0,0.0
2019-10-07 00:00:00-04:00,13.876999855041504,13.876999855041504,13.694000244140625,13.694000244140625,400,0.0,0.0
2019-10-08 00:00:00-04:00,13.244999885559082,13.244999885559082,13.244999885559082,13.244999885559082,100,0.0,0.0
2019-10-09 00:00:00-04:00,13.244999885559082,13.244999885559082,13.244999885559082,13.244999885559082,0,0.0,0.0
2019-10-10 00:00:00-04:00,12.784000396728516,12.789999961853027,12.784000396728516,12.789999961853027,2600,0.0,0.0
2019-10-11 00:00:00-04:00,12.555000305175781,12.710000038146973,12.33899974822998,12.33899974822998,108300,0.0,0.0
2019-10-14 00:00:00-04:00,12.33899974822998,12.33899974822998,12.33899974822998,12.33899974822998,0,0.0,0.0
2019-10-15 00:00:00-04:00,12.342000007629395,12.342000007629395,12.342000007629395,12.342000007629395,28200,0.0,0.0
2019-10-16 00:00:00-04:00,12.394000053405762,12.394000053405762,12.394000053405762,12.394000053405762,4800,0.0,0.0
2019-10-17 00:00:00-04:00,12.394000053405762,12.394000053405762,12.394000053405762,12.394000053405762,0,0.0,0.0
2019-10-18 00:00:00-04:00,12.416999816894531,12.416999816894531,12.416999816894531,12.416999816894531,10800,0.0,0.0
2019-10-21 00:00:00-04:00,12.416999816894531,12.416999816894531,12.416999816894531,12.416999816894531,0,0.0,0.0
2019-10-22 00:00:00-04:00,12.416999816894531,12.416999816894531,12.416999816894531,12.416999816894531,0,0.0,0.0
2019-10-23 00:00:00-04:00,12.553000450134277,12.553000450134277,12.277999877929688,12.319999694824219,900,0.0,0.0
2019-10-24 00:00:00-04:00,11.819999694824219,11.902999877929688,11.819999694824219,11.869000434875488,25100,0.0,0.0
2019-10-25 00:00:00-04:00,11.869000434875488,11.869000434875488,11.869000434875488,11.869000434875488,0,0.0,0.0
2019-10-28 00:00:00-04:00,11.869000434875488,11.869000434875488,11.869000434875488,11.869000434875488,0,0.0,0.0
2019-10-29 00:00:00-04:00,12.920000076293945,12.92300033569336,12.800999641418457,12.800999641418457,2400,0.0,0.0
2019-10-30 00:00:00-04:00,12.529999732971191,12.600000381469727,12.529999732971191,12.600000381469727,2900,0.0,0.0
2019-10-31 00:00:00-04:00,12.600000381469727,12.600000381469727,12.600000381469727,12.600000381469727,0,0.0,0.0
2019-11-01 00:00:00-04:00,12.57800006866455,12.781999588012695,12.555999755859375,12.781999588012695,1600,0.0,0.0
2019-11-04 00:00:00-05:00,13.449999809265137,13.449999809265137,13.449999809265137,13.449999809265137,100,0.0,0.0
2019-11-05 00:00:00-05:00,13.449999809265137,13.449999809265137,13.449999809265137,13.449999809265137,0,0.0,0.0
2019-11-06 00:00:00-05:00,13.449999809265137,13.449999809265137,13.449999809265137,13.449999809265137,0,0.0,0.0
2019-11-07 00:00:00-05:00,13.449999809265137,13.449999809265137,13.449999809265137,13.449999809265137,0,0.0,0.0
2019-11-08 00:00:00-05:00,14.5,14.520000457763672,14.5,14.520000457763672,16900,0.0,0.0
2019-11-11 00:00:00-05:00,14.520000457763672,14.520000457763672,14.520000457763672,14.520000457763672,0,0.0,0.0
2019-11-12 00:00:00-05:00,14.395000457763672,14.395000457763672,14.395000457763672,14.395000457763672,1100,0.0,0.0
2019-11-13 00:00:00-05:00,14.395000457763672,14.395000457763672,14.395000457763672,14.395000457763672,0,0.0,0.0
2019-11-14 00:00:00-05:00,14.395000457763672,14.395000457763672,14.395000457763672,14.395000457763672,0,0.0,0.0
2019-11-15 00:00:00-05:00,14.9399995803833,14.9399995803833,14.9399995803833,14.9399995803833,8400,0.0,0.0
2019-11-18 00:00:00-05:00,14.940999984741211,16.155000686645508,14.940999984741211,15.949999809265137,3800,0.0,0.0
2019-11-19 00:00:00-05:00,15.930000305175781,15.930000305175781,15.930000305175781,15.930000305175781,5100,0.0,0.0
2019-11-20 00:00:00-05:00,15.930000305175781,15.930000305175781,15.930000305175781,15.930000305175781,0,0.0,0.0
2019-11-21 00:00:00-05:00,15.600000381469727,15.600000381469727,15.600000381469727,15.600000381469727,1500,0.0,0.0
2019-11-22 00:00:00-05:00,15.600000381469727,15.600000381469727,15.600000381469727,15.600000381469727,0,0.0,0.0
2019-11-25 00:00:00-05:00,15.600000381469727,15.600000381469727,15.600000381469727,15.600000381469727,0,0.0,0.0
2019-11-26 00:00:00-05:00,15.600000381469727,15.600000381469727,15.600000381469727,15.600000381469727,0,0.0,0.0
2019-11-27 00:00:00-05:00,15.600000381469727,15.600000381469727,15.600000381469727,15.600000381469727,0,0.0,0.0
2019-11-29 00:00:00-05:00,15.600000381469727,15.600000381469727,15.600000381469727,15.600000381469727,0,0.0,0.0
2019-12-02 00:00:00-05:00,15.348999977111816,15.348999977111816,15.348999977111816,15.348999977111816,200,0.0,0.0
2019-12-03 00:00:00-05:00,15.967000007629395,15.967000007629395,15.925000190734863,15.932000160217285,1500,0.0,0.0
2019-12-04 00:00:00-05:00,15.932000160217285,15.932000160217285,15.932000160217285,15.932000160217285,0,0.0,0.0
2019-12-05 00:00:00-05:00,15.928999900817871,15.928999900817871,15.920000076293945,15.920000076293945,2000,0.0,0.0
2019-12-06 00:00:00-05:00,15.920000076293945,15.920000076293945,15.920000076293945,15.920000076293945,0,0.0,0.0
2019-12-09 00:00:00-05:00,15.920000076293945,15.920000076293945,15.920000076293945,15.920000076293945,0,0.0,0.0
2019-12-10 00:00:00-05:00,15.920000076293945,15.920000076293945,15.920000076293945,15.920000076293945,0,0.0,0.0
2019-12-11 00:00:00-05:00,15.920000076293945,15.920000076293945,15.920000076293945,15.920000076293945,0,0.0,0.0
2019-12-12 00:00:00-05:00,15.920000076293945,15.920000076293945,15.920000076293945,15.920000076293945,0,0.0,0.0
2019-12-13 00:00:00-05:00,15.920000076293945,15.920000076293945,15.920000076293945,15.920000076293945,0,0.0,0.0
2019-12-16 00:00:00-05:00,15.998000144958496,15.998000144958496,15.998000144958496,15.998000144958496,200,0.0,0.0
2019-12-17 00:00:00-05:00,15.699999809265137,15.699999809265137,15.699999809265137,15.699999809265137,200,0.0,0.0
2019-12-18 00:00:00-05:00,15.699999809265137,15.699999809265137,15.699999809265137,15.699999809265137,0,0.0,0.0
2019-12-19 00:00:00-05:00,16.39699935913086,17.040000915527344,16.39699935913086,17.040000915527344,4200,0.0,0.0
2019-12-20 00:00:00-05:00,16.766000747680664,17.302000045776367,16.766000747680664,17.302000045776367,500,0.0,0.0
2019-12-23 00:00:00-05:00,17.344999313354492,17.344999313354492,17.344999313354492,17.344999313354492,100,0.0,0.0
2019-12-24 00:00:00-05:00,17.690000534057617,17.690000534057617,17.690000534057617,17.690000534057617,10600,0.0,0.0
2019-12-26 00:00:00-05:00,17.690000534057617,17.690000534057617,17.690000534057617,17.690000534057617,0,0.0,0.0
2019-12-27 00:00:00-05:00,18.006000518798828,18.101999282836914,17.934999465942383,17.934999465942383,6500,0.0,0.0
2019-12-30 00:00:00-05:00,18.167999267578125,18.2189998626709,18.165000915527344,18.2189998626709,11000,0.0,0.0
2019-12-31 00:00:00-05:00,18.2189998626709,18.2189998626709,18.2189998626709,18.2189998626709,0,0.0,0.0
2020-01-02 00:00:00-05:00,18.2189998626709,18.2189998626709,18.2189998626709,18.2189998626709,0,0.0,0.0
2020-01-03 00:00:00-05:00,18.2189998626709,18.2189998626709,18.2189998626709,18.2189998626709,0,0.0,0.0
2020-01-06 00:00:00-05:00,16.75,16.75,16.70199966430664,16.722000122070312,1400,0.0,0.0
2020-01-07 00:00:00-05:00,16.670000076293945,16.670000076293945,16.600000381469727,16.600000381469727,2200,0.0,0.0
2020-01-08 00:00:00-05:00,16.64299964904785,16.64299964904785,16.64299964904785,16.64299964904785,1800,0.0,0.0
2020-01-09 00:00:00-05:00,16.64299964904785,16.64299964904785,16.64299964904785,16.64299964904785,0,0.0,0.0
2020-01-10 00:00:00-05:00,16.52400016784668,16.52400016784668,16.52400016784668,16.52400016784668,1000,0.0,0.0
2020-01-13 00:00:00-05:00,16.52400016784668,16.52400016784668,16.52400016784668,16.52400016784668,0,0.0,0.0
2020-01-14 00:00:00-05:00,16.52400016784668,16.52400016784668,16.52400016784668,16.52400016784668,0,0.0,0.0
2020-01-15 00:00:00-05:00,16.347000122070312,16.347000122070312,16.347000122070312,16.347000122070312,800,0.0,0.0
2020-01-16 00:00:00-05:00,16.110000610351562,16.110000610351562,15.824999809265137,15.824999809265137,400,0.0,0.0
2020-01-17 00:00:00-05:00,15.583000183105469,15.64900016784668,15.583000183105469,15.64900016784668,5100,0.0,0.0
2020-01-21 00:00:00-05:00,15.5,15.5,14.78499984741211,14.78499984741211,12200,0.0,0.0
2020-01-22 00:00:00-05:00,14.78499984741211,14.78499984741211,14.78499984741211,14.78499984741211,0,0.0,0.0
2020-01-23 00:00:00-05:00,14.20300006866455,14.20300006866455,14.20300006866455,14.20300006866455,100,0.0,0.0
2020-01-24 00:00:00-05:00,14.20300006866455,14.20300006866455,14.20300006866455,14.20300006866455,0,0.0,0.0
2020-01-27 00:00:00-05:00,14.234000205993652,14.5,14.234000205993652,14.489999771118164,2100,0.0,0.0
2020-01-28 00:00:00-05:00,14.489999771118164,14.489999771118164,14.489999771118164,14.489999771118164,0,0.0,0.0
2020-01-29 00:00:00-05:00,14.489999771118164,14.489999771118164,14.489999771118164,14.489999771118164,0,0.0,0.0
2020-01-30 00:00:00-05:00,14.489999771118164,14.489999771118164,14.489999771118164,14.489999771118164,0,0.0,0.0
2020-01-31 00:00:00-05:00,13.699999809265137,13.736000061035156,13.680000305175781,13.732999801635742,1000,0.0,0.0
2020-02-03 00:00:00-05:00,13.737000465393066,14.020000457763672,13.720000267028809,14.020000457763672,2500,0.0,0.0
2020-02-04 00:00:00-05:00,14.420000076293945,14.428000450134277,14.420000076293945,14.428000450134277,3700,0.0,0.0
2020-02-05 00:00:00-05:00,14.439000129699707,14.439000129699707,14.288999557495117,14.288999557495117,300,0.0,0.0
2020-02-06 00:00:00-05:00,13.885000228881836,13.885000228881836,13.885000228881836,13.885000228881836,100,0.0,0.0
2020-02-07 00:00:00-05:00,13.300000190734863,13.300000190734863,13.272000312805176,13.272000312805176,300,0.0,0.0
2020-02-10 00:00:00-05:00,13.272000312805176,13.272000312805176,13.272000312805176,13.272000312805176,0,0.0,0.0
2020-02-11 00:00:00-05:00,13.663000106811523,13.663000106811523,13.663000106811523,13.663000106811523,200,0.0,0.0
2020-02-12 00:00:00-05:00,13.663000106811523,13.663000106811523,13.663000106811523,13.663000106811523,0,0.0,0.0
2020-02-13 00:00:00-05:00,13.461999893188477,13.550000190734863,13.461999893188477,13.543000221252441,4400,0.0,0.0
2020-02-14 00:00:00-05:00,13.543000221252441,13.543000221252441,13.543000221252441,13.543000221252441,0,0.0,0.0
2020-02-18 00:00:00-05:00,13.130000114440918,13.130000114440918,12.970000267028809,13.0,700,0.0,0.0
2020-02-19 00:00:00-05:00,13.220999717712402,14.043000221252441,13.220999717712402,13.670000076293945,66700,0.0,0.0
2020-02-20 00:00:00-05:00,13.675999641418457,14.085000038146973,13.315999984741211,13.315999984741211,26500,0.0,0.0
2020-02-21 00:00:00-05:00,13.255000114440918,13.32699966430664,12.951000213623047,12.951000213623047,15800,0.0,0.0
2020-02-24 00:00:00-05:00,12.432999610900879,12.652999877929688,12.25,12.413000106811523,15700,0.0,0.0
2020-02-25 00:00:00-05:00,12.609999656677246,12.609999656677246,11.597999572753906,11.614999771118164,10100,0.0,0.0
2020-02-26 00:00:00-05:00,11.609999656677246,11.609999656677246,10.732999801635742,10.732999801635742,42900,0.0,0.0
2020-02-27 00:00:00-05:00,10.147000312805176,10.812000274658203,10.147000312805176,10.791000366210938,6400,0.0,0.0
2020-02-28 00:00:00-05:00,10.512999534606934,10.644000053405762,10.02400016784668,10.644000053405762,8600,0.0,0.0
2020-03-02 00:00:00-05:00,10.843000411987305,11.095999717712402,10.600000381469727,11.0,32000,0.0,0.0
2020-03-03 00:00:00-05:00,11.293000221252441,11.293000221252441,10.47599983215332,10.47599983215332,4000,0.0,0.0
2020-03-04 00:00:00-05:00,10.496999740600586,10.496999740600586,10.343000411987305,10.350000381469727,2100,0.0,0.0
2020-03-05 00:00:00-05:00,10.428000450134277,10.428000450134277,9.993000030517578,10.027000427246094,13200,0.0,0.0
2020-03-06 00:00:00-05:00,9.880000114440918,9.994999885559082,9.880000114440918,9.994000434875488,3600,0.0,0.0
2020-03-09 00:00:00-04:00,9.227999687194824,9.227999687194824,8.5,8.704999923706055,10100,0.0,0.0
2020-03-10 00:00:00-04:00,8.79800033569336,8.880000114440918,8.715999603271484,8.880000114440918,2300,0.0,0.0
2020-03-11 00:00:00-04:00,8.661999702453613,8.661999702453613,7.978000164031982,7.978000164031982,3400,0.0,0.0
2020-03-12 00:00:00-04:00,7.238999843597412,7.474999904632568,6.945000171661377,6.945000171661377,9800,0.0,0.0
2020-03-13 00:00:00-04:00,8.029999732971191,8.258000373840332,7.769999980926514,8.258000373840332,3100,0.0,0.0
2020-03-16 00:00:00-04:00,7.828000068664551,8.699999809265137,7.010000228881836,7.803999900817871,9900,0.0,0.0
2020-03-17 00:00:00-04:00,8.0,8.28499984741211,7.546000003814697,7.598999977111816,3500,0.0,0.0
2020-03-18 00:00:00-04:00,7.303999900817871,7.333000183105469,5.925000190734863,6.302999973297119,5800,0.0,0.0
2020-03-19 00:00:00-04:00,6.264999866485596,6.849999904632568,6.264999866485596,6.849999904632568,500,0.0,0.0
2020-03-20 00:00:00-04:00,7.301000118255615,7.301000118255615,7.079999923706055,7.079999923706055,3200,0.0,0.0
2020-03-23 00:00:00-04:00,7.25,7.25,6.199999809265137,6.991000175476074,4400,0.0,0.0
2020-03-24 00:00:00-04:00,7.699999809265137,7.849999904632568,7.619999885559082,7.642000198364258,2500,0.0,0.0
2020-03-25 00:00:00-04:00,7.639999866485596,8.477999687194824,7.639999866485596,8.241000175476074,1800,0.0,0.0
2020-03-26 00:00:00-04:00,8.517999649047852,8.630000114440918,8.02400016784668,8.02400016784668,4600,0.0,0.0
2020-03-27 00:00:00-04:00,7.258999824523926,7.258999824523926,7.258999824523926,7.258999824523926,300,0.0,0.0
2020-03-30 00:00:00-04:00,7.099999904632568,7.179999828338623,7.090000152587891,7.090000152587891,1600,0.0,0.0
2020-03-31 00:00:00-04:00,7.671999931335449,7.671999931335449,7.599999904632568,7.599999904632568,3900,0.0,0.0
2020-04-01 00:00:00-04:00,7.21999979019165,7.269999980926514,6.982999801635742,6.982999801635742,900,0.0,0.0
2020-04-02 00:00:00-04:00,6.97599983215332,7.2729997634887695,6.97599983215332,7.2729997634887695,2700,0.0,0.0
2020-04-03 00:00:00-04:00,7.048999786376953,7.048999786376953,6.849999904632568,6.849999904632568,800,0.0,0.0
2020-04-06 00:00:00-04:00,7.145999908447266,7.710999965667725,7.145999908447266,7.710999965667725,14500,0.0,0.0
2020-04-07 00:00:00-04:00,8.399999618530273,8.61299991607666,8.399999618530273,8.61299991607666,1100,0.0,0.0
2020-04-08 00:00:00-04:00,8.687000274658203,8.687000274658203,8.267000198364258,8.267000198364258,2700,0.0,0.0
2020-04-09 00:00:00-04:00,8.442000389099121,8.805000305175781,8.434000015258789,8.805000305175781,15100,0.0,0.0
2020-04-13 00:00:00-04:00,8.930999755859375,8.930999755859375,8.541000366210938,8.600000381469727,1000,0.0,0.0
2020-04-14 00:00:00-04:00,8.654000282287598,9.199999809265137,8.654000282287598,9.199999809265137,500,0.0,0.0
2020-04-15 00:00:00-04:00,9.029999732971191,9.029999732971191,9.029999732971191,9.029999732971191,700,0.0,0.0
2020-04-16 00:00:00-04:00,9.210000038146973,9.210000038146973,8.99899959564209,8.99899959564209,3200,0.0,0.0
2020-04-17 00:00:00-04:00,9.60200023651123,9.734999656677246,9.60200023651123,9.734999656677246,3300,0.0,0.0
2020-04-20 00:00:00-04:00,10.079999923706055,10.079999923706055,9.765000343322754,9.765000343322754,900,0.0,0.0
2020-04-21 00:00:00-04:00,9.210000038146973,9.210000038146973,8.899999618530273,8.899999618530273,7200,0.0,0.0
2020-04-22 00:00:00-04:00,9.300000190734863,9.300000190734863,9.154999732971191,9.154999732971191,1900,0.0,0.0
2020-04-23 00:00:00-04:00,9.725000381469727,10.477999687194824,9.725000381469727,10.053999900817871,25700,0.0,0.0
2020-04-24 00:00:00-04:00,10.1850004196167,10.1850004196167,9.968999862670898,10.100000381469727,1100,0.0,0.0
2020-04-27 00:00:00-04:00,10.229000091552734,10.36400032043457,10.199000358581543,10.319999694824219,1100,0.0,0.0
2020-04-28 00:00:00-04:00,10.38599967956543,10.657999992370605,10.38599967956543,10.657999992370605,5900,0.0,0.0
2020-04-29 00:00:00-04:00,11.63700008392334,11.831000328063965,11.498000144958496,11.831000328063965,25100,0.0,0.0
2020-04-30 00:00:00-04:00,11.390999794006348,11.390999794006348,11.390999794006348,11.390999794006348,1100,0.0,0.0
2020-05-01 00:00:00-04:00,10.909000396728516,10.993000030517578,10.88700008392334,10.993000030517578,6800,0.0,0.0
2020-05-04 00:00:00-04:00,10.619999885559082,10.619999885559082,10.5,10.541999816894531,1700,0.0,0.0
2020-05-05 00:00:00-04:00,10.706999778747559,10.862000465393066,10.621999740600586,10.621999740600586,6600,0.0,0.0
2020-05-06 00:00:00-04:00,10.621999740600586,10.621999740600586,10.621999740600586,10.621999740600586,0,0.0,0.0
2020-05-07 00:00:00-04:00,10.666000366210938,10.699999809265137,10.666000366210938,10.699999809265137,400,0.0,0.0
2020-05-08 00:00:00-04:00,11.057999610900879,11.45300006866455,10.930000305175781,11.45300006866455,6100,0.0,0.0
2020-05-11 00:00:00-04:00,11.244000434875488,11.399999618530273,11.244000434875488,11.399999618530273,1600,0.0,0.0
2020-05-12 00:00:00-04:00,11.394000053405762,11.510000228881836,11.394000053405762,11.470000267028809,2700,0.0,0.0
2020-05-13 00:00:00-04:00,11.444999694824219,11.444999694824219,11.21500015258789,11.21500015258789,3600,0.0,0.0
2020-05-14 00:00:00-04:00,10.79699993133545,10.79699993133545,10.416999816894531,10.684000015258789,6100,0.0,0.0
2020-05-15 00:00:00-04:00,10.680999755859375,10.696000099182129,10.630999565124512,10.67300033569336,2400,0.0,0.0
2020-05-18 00:00:00-04:00,10.670000076293945,10.670000076293945,10.670000076293945,10.670000076293945,300,0.0,0.0
2020-05-19 00:00:00-04:00,11.0,11.204000473022461,11.0,11.069000244140625,4300,0.0,0.0
2020-05-20 00:00:00-04:00,11.5,11.899999618530273,11.5,11.887999534606934,8800,0.0,0.0
2020-05-21 00:00:00-04:00,11.920999526977539,11.920999526977539,11.607999801635742,11.670000076293945,2600,0.0,0.0
2020-05-22 00:00:00-04:00,11.557999610900879,11.5649995803833,11.545999526977539,11.54800033569336,2100,0.0,0.0
2020-05-26 00:00:00-04:00,11.916000366210938,11.935999870300293,11.85099983215332,11.859999656677246,2200,0.0,0.0
2020-05-27 00:00:00-04:00,11.770000457763672,11.86299991607666,11.770000457763672,11.821999549865723,3500,0.0,0.0
2020-05-28 00:00:00-04:00,11.899999618530273,11.899999618530273,11.829999923706055,11.87600040435791,6600,0.0,0.0
2020-05-29 00:00:00-04:00,11.807999610900879,11.807999610900879,11.708000183105469,11.708000183105469,7100,0.0,0.0
2020-06-01 00:00:00-04:00,11.96399974822998,12.199999809265137,11.958999633789062,12.144000053405762,4100,0.0,0.0
2020-06-02 00:00:00-04:00,12.1899995803833,13.208999633789062,12.1899995803833,13.083999633789062,8000,0.0,0.0
2020-06-03 00:00:00-04:00,13.0,13.0,12.991999626159668,12.991999626159668,400,0.0,0.0
2020-06-04 00:00:00-04:00,12.979999542236328,13.210000038146973,12.949999809265137,12.960000038146973,2600,0.0,0.0
2020-06-05 00:00:00-04:00,13.416999816894531,13.869999885559082,13.416999816894531,13.869999885559082,2000,0.0,0.0
2020-06-08 00:00:00-04:00,14.0,14.260000228881836,13.836000442504883,14.260000228881836,6600,0.0,0.0
2020-06-09 00:00:00-04:00,13.795999526977539,13.800000190734863,13.26200008392334,13.800000190734863,1000,0.0,0.0
2020-06-10 00:00:00-04:00,13.503999710083008,13.659000396728516,13.503999710083008,13.659000396728516,1700,0.0,0.0
2020-06-11 00:00:00-04:00,12.779999732971191,12.779999732971191,12.232999801635742,12.329000473022461,2100,0.0,0.0
2020-06-12 00:00:00-04:00,12.52299976348877,12.727999687194824,12.52299976348877,12.699999809265137,1100,0.0,0.0
2020-06-15 00:00:00-04:00,12.017000198364258,12.321000099182129,12.017000198364258,12.321000099182129,500,0.0,0.0
2020-06-16 00:00:00-04:00,12.786999702453613,12.786999702453613,12.725000381469727,12.725000381469727,500,0.0,0.0
2020-06-17 00:00:00-04:00,12.03600025177002,12.03600025177002,12.022000312805176,12.022000312805176,500,0.0,0.0
2020-06-18 00:00:00-04:00,11.930000305175781,12.067000389099121,11.836000442504883,11.836000442504883,5100,0.0,0.0
2020-06-19 00:00:00-04:00,12.20300006866455,12.20300006866455,11.888999938964844,11.961999893188477,1100,0.0,0.0
2020-06-22 00:00:00-04:00,12.151000022888184,12.656999588012695,12.151000022888184,12.656999588012695,300,0.0,0.0
2020-06-23 00:00:00-04:00,12.960000038146973,13.64900016784668,12.960000038146973,13.460000038146973,3500,0.0,0.0
2020-06-24 00:00:00-04:00,13.697999954223633,13.847000122070312,13.015000343322754,13.130000114440918,25700,0.0,0.0
2020-06-25 00:00:00-04:00,13.399999618530273,13.399999618530273,13.399999618530273,13.399999618530273,800,0.0,0.0
2020-06-26 00:00:00-04:00,13.149999618530273,13.786999702453613,13.149999618530273,13.78600025177002,1200,0.0,0.0
2020-06-29 00:00:00-04:00,13.979999542236328,14.201000213623047,13.871999740600586,14.201000213623047,2400,0.0,0.0
2020-06-30 00:00:00-04:00,14.149999618530273,14.574000358581543,14.149999618530273,14.574000358581543,1000,0.0,0.0
2020-07-01 00:00:00-04:00,14.574000358581543,14.574000358581543,14.574000358581543,14.574000358581543,0,0.0,0.0
2020-07-02 00:00:00-04:00,13.770000457763672,14.0,13.701000213623047,14.0,1000,0.0,0.0
2020-07-06 00:00:00-04:00,14.006999969482422,14.006999969482422,14.006999969482422,14.006999969482422,400,0.0,0.0
2020-07-07 00:00:00-04:00,14.220000267028809,14.300000190734863,13.852999687194824,13.852999687194824,3300,0.0,0.0
2020-07-08 00:00:00-04:00,13.845999717712402,13.845999717712402,13.770000457763672,13.770000457763672,1700,0.0,0.0
2020-07-09 00:00:00-04:00,13.748000144958496,13.822999954223633,13.359999656677246,13.359999656677246,2600,0.0,0.0
2020-07-10 00:00:00-04:00,13.456999778747559,13.487000465393066,13.456999778747559,13.479999542236328,400,0.0,0.0
2020-07-13 00:00:00-04:00,13.394000053405762,13.394000053405762,13.394000053405762,13.394000053405762,200,0.0,0.0
2020-07-14 00:00:00-04:00,13.086000442504883,13.118000030517578,13.086000442504883,13.118000030517578,200,0.0,0.0
2020-07-15 00:00:00-04:00,13.0600004196167,13.270000457763672,13.0,13.039999961853027,8900,0.0,0.0
2020-07-16 00:00:00-04:00,12.92300033569336,12.92300033569336,12.609999656677246,12.609999656677246,2400,0.0,0.0
2020-07-17 00:00:00-04:00,12.600000381469727,12.633000373840332,12.565999984741211,12.633000373840332,4600,0.0,0.0
2020-07-20 00:00:00-04:00,12.600000381469727,12.682000160217285,12.5600004196167,12.65999984741211,4600,0.0,0.0
2020-07-21 00:00:00-04:00,12.699999809265137,13.336999893188477,12.699999809265137,13.336999893188477,1400,0.0,0.0
2020-07-22 00:00:00-04:00,13.321000099182129,13.321000099182129,12.949999809265137,12.949999809265137,8500,0.0,0.0
2020-07-23 00:00:00-04:00,12.949999809265137,12.949999809265137,12.949999809265137,12.949999809265137,0,0.0,0.0
2020-07-24 00:00:00-04:00,12.784000396728516,12.784000396728516,12.293999671936035,12.420000076293945,4300,0.0,0.0
2020-07-27 00:00:00-04:00,12.550000190734863,12.789999961853027,12.53499984741211,12.789999961853027,3100,0.0,0.0
2020-07-28 00:00:00-04:00,13.027999877929688,13.027999877929688,12.800000190734863,12.800000190734863,2700,0.0,0.0
2020-07-29 00:00:00-04:00,12.319999694824219,12.319999694824219,12.289999961853027,12.300000190734863,1700,0.0,0.0
2020-07-30 00:00:00-04:00,12.0,12.072999954223633,11.895000457763672,12.072999954223633,900,0.0,0.0
2020-07-31 00:00:00-04:00,12.145999908447266,12.156999588012695,12.116999626159668,12.156999588012695,800,0.0,0.0
2020-08-03 00:00:00-04:00,12.156999588012695,12.156999588012695,12.156999588012695,12.156999588012695,0,0.0,0.0
2020-08-04 00:00:00-04:00,12.321999549865723,12.321999549865723,12.279999732971191,12.279999732971191,1600,0.0,0.0
2020-08-05 00:00:00-04:00,12.54699993133545,12.54699993133545,12.54699993133545,12.54699993133545,1400,0.0,0.0
2020-08-06 00:00:00-04:00,13.284000396728516,13.446000099182129,13.284000396728516,13.446000099182129,5800,0.0,0.0
2020-08-07 00:00:00-04:00,13.1899995803833,13.574999809265137,13.1899995803833,13.574999809265137,12800,0.0,0.0
2020-08-10 00:00:00-04:00,13.621000289916992,13.621000289916992,13.621000289916992,13.621000289916992,2900,0.0,0.0
2020-08-11 00:00:00-04:00,13.833999633789062,13.833999633789062,13.5,13.5,500,0.0,0.0
2020-08-12 00:00:00-04:00,13.57699966430664,13.57699966430664,13.57699966430664,13.57699966430664,300,0.0,0.0
2020-08-13 00:00:00-04:00,14.0,14.0,13.62600040435791,13.711000442504883,1300,0.0,0.0
2020-08-14 00:00:00-04:00,13.770000457763672,13.770999908447266,13.493000030517578,13.493000030517578,4300,0.0,0.0
2020-08-17 00:00:00-04:00,13.920000076293945,14.199999809265137,13.87399959564209,13.87399959564209,1400,0.0,0.0
2020-08-18 00:00:00-04:00,14.128000259399414,14.128000259399414,14.128000259399414,14.128000259399414,1100,0.0,0.0
2020-08-19 00:00:00-04:00,14.130000114440918,14.140000343322754,13.968000411987305,14.067999839782715,4400,0.0,0.0
2020-08-20 00:00:00-04:00,13.91100025177002,14.329999923706055,13.91100025177002,14.329999923706055,1900,0.0,0.0
2020-08-21 00:00:00-04:00,14.291000366210938,14.291000366210938,14.282999992370605,14.282999992370605,1400,0.0,0.0
2020-08-24 00:00:00-04:00,14.0,14.0,13.73900032043457,13.923999786376953,2100,0.0,0.0
2020-08-25 00:00:00-04:00,13.920000076293945,13.920000076293945,13.920000076293945,13.920000076293945,600,0.0,0.0
2020-08-26 00:00:00-04:00,14.020000457763672,14.394000053405762,14.020000457763672,14.394000053405762,500,0.0,0.0
2020-08-27 00:00:00-04:00,14.394000053405762,14.394000053405762,14.394000053405762,14.394000053405762,0,0.0,0.0
2020-08-28 00:00:00-04:00,14.39799976348877,14.770000457763672,14.37600040435791,14.770000457763672,6700,0.0,0.0
2020-08-31 00:00:00-04:00,15.050000190734863,15.057000160217285,15.050000190734863,15.050000190734863,2600,0.0,0.0
2020-09-01 00:00:00-04:00,15.270000457763672,15.359999656677246,15.25,15.359999656677246,25000,0.0,0.0
2020-09-02 00:00:00-04:00,15.366000175476074,15.366000175476074,14.920000076293945,15.184000015258789,5100,0.0,0.0
2020-09-03 00:00:00-04:00,15.050000190734863,15.050000190734863,14.506999969482422,14.506999969482422,2400,0.0,0.0
2020-09-04 00:00:00-04:00,14.649999618530273,14.78499984741211,14.649999618530273,14.78499984741211,7400,0.0,0.0
2020-09-08 00:00:00-04:00,14.78499984741211,14.78499984741211,14.78499984741211,14.78499984741211,0,0.0,0.0
2020-09-09 00:00:00-04:00,14.368000030517578,14.369999885559082,14.368000030517578,14.369999885559082,700,0.0,0.0
2020-09-10 00:00:00-04:00,14.149999618530273,14.149999618530273,14.149999618530273,14.149999618530273,200,0.0,0.0
2020-09-11 00:00:00-04:00,14.15999984741211,14.25,14.006999969482422,14.22700023651123,1900,0.0,0.0
2020-09-14 00:00:00-04:00,14.717000007629395,14.793999671936035,14.717000007629395,14.793999671936035,5500,0.0,0.0
2020-09-15 00:00:00-04:00,14.800000190734863,14.843999862670898,14.800000190734863,14.843999862670898,40600,0.0,0.0
2020-09-16 00:00:00-04:00,15.50100040435791,15.515999794006348,15.178000450134277,15.178000450134277,23100,0.0,0.0
2020-09-17 00:00:00-04:00,15.010000228881836,15.07699966430664,14.850000381469727,14.852999687194824,1500,0.0,0.0
2020-09-18 00:00:00-04:00,15.25,15.479000091552734,15.109000205993652,15.11299991607666,4300,0.0,0.0
2020-09-21 00:00:00-04:00,14.5,14.5,13.685999870300293,13.763999938964844,3100,0.0,0.0
2020-09-22 00:00:00-04:00,14.02400016784668,14.02400016784668,13.982999801635742,13.982999801635742,1200,0.0,0.0
2020-09-23 00:00:00-04:00,13.984999656677246,14.0,13.647000312805176,13.699999809265137,3200,0.0,0.0
2020-09-24 00:00:00-04:00,13.314000129699707,13.640000343322754,13.196000099182129,13.640000343322754,1600,0.0,0.0
2020-09-25 00:00:00-04:00,13.640000343322754,13.640000343322754,13.640000343322754,13.640000343322754,0,0.0,0.0
2020-09-28 00:00:00-04:00,13.807000160217285,13.92300033569336,13.657999992370605,13.92300033569336,5600,0.0,0.0
2020-09-29 00:00:00-04:00,13.895999908447266,14.003999710083008,13.765999794006348,14.0,11100,0.0,0.0
2020-09-30 00:00:00-04:00,14.057999610900879,14.597000122070312,14.057999610900879,14.579999923706055,51000,0.0,0.0
2020-10-01 00:00:00-04:00,14.5,14.510000228881836,14.5,14.510000228881836,2500,0.0,0.0
2020-10-02 00:00:00-04:00,14.510000228881836,14.510000228881836,14.510000228881836,14.510000228881836,0,0.0,0.0
2020-10-05 00:00:00-04:00,14.9350004196167,15.003000259399414,14.9350004196167,15.003000259399414,11500,0.0,0.0
2020-10-06 00:00:00-04:00,14.618000030517578,14.618000030517578,14.539999961853027,14.539999961853027,400,0.0,0.0
2020-10-07 00:00:00-04:00,14.539999961853027,14.539999961853027,14.539999961853027,14.539999961853027,0,0.0,0.0
2020-10-08 00:00:00-04:00,14.539999961853027,14.539999961853027,14.539999961853027,14.539999961853027,0,0.0,0.0
2020-10-09 00:00:00-04:00,14.99899959564209,15.074000358581543,14.779999732971191,14.84000015258789,8200,0.0,0.0
2020-10-12 00:00:00-04:00,14.84000015258789,14.84000015258789,14.84000015258789,14.84000015258789,0,0.0,0.0
2020-10-13 00:00:00-04:00,14.824000358581543,14.824000358581543,14.649999618530273,14.649999618530273,1300,0.0,0.0
2020-10-14 00:00:00-04:00,14.595999717712402,14.595999717712402,14.45199966430664,14.45300006866455,3100,0.0,0.0
2020-10-15 00:00:00-04:00,14.800000190734863,15.01200008392334,14.770000457763672,15.01200008392334,15600,0.0,0.0
2020-10-16 00:00:00-04:00,14.956000328063965,14.956000328063965,14.777999877929688,14.800000190734863,1000,0.0,0.0
2020-10-19 00:00:00-04:00,15.185999870300293,15.664999961853027,15.097000122070312,15.097000122070312,25100,0.0,0.0
2020-10-20 00:00:00-04:00,15.09000015258789,15.85099983215332,15.09000015258789,15.793000221252441,40500,0.0,0.0
2020-10-21 00:00:00-04:00,16.12700080871582,16.5,16.0,16.038999557495117,1500,0.0,0.0
2020-10-22 00:00:00-04:00,15.489999771118164,15.489999771118164,15.489999771118164,15.489999771118164,600,0.0,0.0
2020-10-23 00:00:00-04:00,14.909000396728516,14.909000396728516,14.850000381469727,14.850000381469727,400,0.0,0.0
2020-10-26 00:00:00-04:00,15.027000427246094,15.104999542236328,15.027000427246094,15.104999542236328,900,0.0,0.0
2020-10-27 00:00:00-04:00,15.104999542236328,15.104999542236328,15.104999542236328,15.104999542236328,0,0.0,0.0
2020-10-28 00:00:00-04:00,14.180000305175781,14.180000305175781,13.479999542236328,13.479999542236328,1200,0.0,0.0
2020-10-29 00:00:00-04:00,13.479999542236328,13.479999542236328,13.479999542236328,13.479999542236328,0,0.0,0.0
2020-10-30 00:00:00-04:00,13.092000007629395,13.092000007629395,13.092000007629395,13.092000007629395,200,0.0,0.0
2020-11-02 00:00:00-05:00,13.378999710083008,13.378999710083008,13.274999618530273,13.274999618530273,300,0.0,0.0
2020-11-03 00:00:00-05:00,13.383999824523926,14.008000373840332,13.383999824523926,14.008000373840332,1200,0.0,0.0
2020-11-04 00:00:00-05:00,13.678999900817871,13.678999900817871,13.678999900817871,13.678999900817871,200,0.0,0.0
2020-11-05 00:00:00-05:00,13.678999900817871,13.678999900817871,13.678999900817871,13.678999900817871,0,0.0,0.0
2020-11-06 00:00:00-05:00,13.678999900817871,13.678999900817871,13.678999900817871,13.678999900817871,0,0.0,0.0
2020-11-09 00:00:00-05:00,15.177000045776367,15.350000381469727,15.177000045776367,15.350000381469727,400,0.0,0.0
2020-11-10 00:00:00-05:00,15.109999656677246,15.109999656677246,15.109999656677246,15.109999656677246,800,0.0,0.0
2020-11-11 00:00:00-05:00,15.109999656677246,15.109999656677246,15.109999656677246,15.109999656677246,0,0.0,0.0
2020-11-12 00:00:00-05:00,15.390000343322754,15.390000343322754,15.326000213623047,15.326000213623047,700,0.0,0.0
2020-11-13 00:00:00-05:00,15.637999534606934,16.0,15.637999534606934,16.0,32500,0.0,0.0
2020-11-16 00:00:00-05:00,15.579999923706055,15.579999923706055,15.5,15.5,5100,0.0,0.0
2020-11-17 00:00:00-05:00,16.170000076293945,16.492000579833984,16.170000076293945,16.427000045776367,25800,0.0,0.0
2020-11-18 00:00:00-05:00,16.291000366210938,16.291000366210938,16.291000366210938,16.291000366210938,15600,0.0,0.0
2020-11-19 00:00:00-05:00,15.517000198364258,15.517000198364258,15.517000198364258,15.517000198364258,100,0.0,0.0
2020-11-20 00:00:00-05:00,15.663000106811523,15.755999565124512,15.663000106811523,15.755999565124512,600,0.0,0.0
2020-11-23 00:00:00-05:00,16.0,16.5049991607666,16.0,16.5049991607666,71200,0.0,0.0
2020-11-24 00:00:00-05:00,17.033000946044922,17.56100082397461,16.770999908447266,17.219999313354492,64400,0.0,0.0
2020-11-25 00:00:00-05:00,17.219999313354492,17.219999313354492,17.219999313354492,17.219999313354492,0,0.0,0.0
2020-11-27 00:00:00-05:00,17.149999618530273,17.149999618530273,17.149999618530273,17.149999618530273,200,0.0,0.0
2020-11-30 00:00:00-05:00,17.358999252319336,17.358999252319336,17.290000915527344,17.290000915527344,11500,0.0,0.0
2020-12-01 00:00:00-05:00,16.43600082397461,16.67099952697754,16.43600082397461,16.459999084472656,700,0.0,0.0
2020-12-02 00:00:00-05:00,16.128000259399414,16.128000259399414,15.949999809265137,15.949999809265137,1900,0.0,0.0
2020-12-03 00:00:00-05:00,15.939000129699707,15.939000129699707,15.354999542236328,15.505999565124512,1600,0.0,0.0
2020-12-04 00:00:00-05:00,15.859999656677246,15.859999656677246,15.77299976348877,15.77299976348877,2900,0.0,0.0
2020-12-07 00:00:00-05:00,15.77299976348877,15.77299976348877,15.77299976348877,15.77299976348877,0,0.0,0.0
2020-12-08 00:00:00-05:00,15.25,15.262999534606934,14.925000190734863,14.965999603271484,2200,0.0,0.0
2020-12-09 00:00:00-05:00,14.991999626159668,14.991999626159668,14.29699993133545,14.319000244140625,3800,0.0,0.0
2020-12-10 00:00:00-05:00,14.701000213623047,14.812999725341797,14.661999702453613,14.77400016784668,11700,0.0,0.0
2020-12-11 00:00:00-05:00,14.380000114440918,14.597999572753906,14.095000267028809,14.095000267028809,1300,0.0,0.0
2020-12-14 00:00:00-05:00,14.041999816894531,14.51099967956543,14.041999816894531,14.51099967956543,1800,0.0,0.0
2020-12-15 00:00:00-05:00,15.07800006866455,15.604999542236328,15.07800006866455,15.368000030517578,20500,0.0,0.0
2020-12-16 00:00:00-05:00,15.095999717712402,15.097000122070312,15.095999717712402,15.097000122070312,1300,0.0,0.0
2020-12-17 00:00:00-05:00,15.508999824523926,15.508999824523926,15.414999961853027,15.414999961853027,800,0.0,0.0
2020-12-18 00:00:00-05:00,15.569999694824219,15.569999694824219,15.420000076293945,15.45300006866455,2200,0.0,0.0
2020-12-21 00:00:00-05:00,15.131999969482422,15.315999984741211,15.131999969482422,15.315999984741211,800,0.0,0.0
2020-12-22 00:00:00-05:00,14.880000114440918,14.880000114440918,14.880000114440918,14.880000114440918,100,0.0,0.0
2020-12-23 00:00:00-05:00,14.880000114440918,14.880000114440918,14.880000114440918,14.880000114440918,0,0.0,0.0
2020-12-24 00:00:00-05:00,14.880000114440918,14.880000114440918,14.880000114440918,14.880000114440918,0,0.0,0.0
2020-12-28 00:00:00-05:00,16.0,16.0,15.5,15.5,2500,0.0,0.0
2020-12-29 00:00:00-05:00,15.930000305175781,15.930000305175781,15.76099967956543,15.76099967956543,8800,0.0,0.0
2020-12-30 00:00:00-05:00,15.64900016784668,16.003000259399414,15.64900016784668,16.0,7200,0.0,0.0
2020-12-31 00:00:00-05:00,16.219999313354492,16.219999313354492,16.219999313354492,16.219999313354492,300,0.0,0.0
2021-01-04 00:00:00-05:00,17.260000228881836,17.260000228881836,17.260000228881836,17.260000228881836,300,0.0,0.0
2021-01-05 00:00:00-05:00,17.038999557495117,17.038999557495117,17.038999557495117,17.038999557495117,3600,0.0,0.0
2021-01-06 00:00:00-05:00,17.542999267578125,18.187999725341797,17.05699920654297,17.608999252319336,33000,0.0,0.0
2021-01-07 00:00:00-05:00,17.78700065612793,18.072999954223633,17.5939998626709,17.766000747680664,43900,0.0,0.0
2021-01-08 00:00:00-05:00,17.760000228881836,17.760000228881836,17.760000228881836,17.760000228881836,600,0.0,0.0
2021-01-11 00:00:00-05:00,15.807999610900879,15.807999610900879,15.48799991607666,15.48799991607666,1900,0.0,0.0
2021-01-12 00:00:00-05:00,16.07900047302246,17.01300048828125,16.024999618530273,17.007999420166016,7300,0.0,0.0
2021-01-13 00:00:00-05:00,16.937999725341797,17.020999908447266,16.937999725341797,17.020999908447266,1500,0.0,0.0
2021-01-14 00:00:00-05:00,16.740999221801758,16.93600082397461,16.740999221801758,16.93600082397461,3400,0.0,0.0
2021-01-15 00:00:00-05:00,16.440000534057617,16.440000534057617,16.2549991607666,16.30900001525879,2200,0.0,0.0
2021-01-19 00:00:00-05:00,16.650999069213867,16.729000091552734,16.621000289916992,16.729000091552734,1400,0.0,0.0
2021-01-20 00:00:00-05:00,17.125999450683594,17.2450008392334,16.999000549316406,17.0,4800,0.0,0.0
2021-01-21 00:00:00-05:00,17.058000564575195,17.086000442504883,16.700000762939453,16.700000762939453,2900,0.0,0.0
2021-01-22 00:00:00-05:00,16.31999969482422,16.31999969482422,16.100000381469727,16.259000778198242,2200,0.0,0.0
2021-01-25 00:00:00-05:00,16.25,16.25,15.399999618530273,15.401000022888184,5800,0.0,0.0
2021-01-26 00:00:00-05:00,15.494000434875488,15.494000434875488,14.5,14.5,4300,0.0,0.0
2021-01-27 00:00:00-05:00,14.222999572753906,14.222999572753906,13.57699966430664,14.067000389099121,3300,0.0,0.0
2021-01-28 00:00:00-05:00,14.350000381469727,14.350000381469727,14.350000381469727,14.350000381469727,400,0.0,0.0
2021-01-29 00:00:00-05:00,15.005000114440918,15.005000114440918,14.5,14.5,1400,0.0,0.0
2021-02-01 00:00:00-05:00,15.069999694824219,15.069999694824219,14.779999732971191,14.963000297546387,1700,0.0,0.0
2021-02-02 00:00:00-05:00,14.850000381469727,15.008000373840332,14.581999778747559,15.008000373840332,4400,0.0,0.0
2021-02-03 00:00:00-05:00,15.274999618530273,15.282999992370605,15.0649995803833,15.0649995803833,600,0.0,0.0
2021-02-04 00:00:00-05:00,14.920000076293945,14.977999687194824,14.90999984741211,14.977999687194824,4500,0.0,0.0
2021-02-05 00:00:00-05:00,15.390000343322754,15.399999618530273,15.371999740600586,15.399999618530273,1000,0.0,0.0
2021-02-08 00:00:00-05:00,15.654000282287598,16.09000015258789,15.654000282287598,16.0,5500,0.0,0.0
2021-02-09 00:00:00-05:00,15.946000099182129,16.31399917602539,15.946000099182129,16.100000381469727,16100,0.0,0.0
2021-02-10 00:00:00-05:00,16.44300079345703,17.156999588012695,16.44300079345703,16.969999313354492,3300,0.0,0.0
2021-02-11 00:00:00-05:00,17.05900001525879,17.05900001525879,17.05900001525879,17.05900001525879,200,0.0,0.0
2021-02-12 00:00:00-05:00,16.378999710083008,16.378999710083008,16.163999557495117,16.229999542236328,1900,0.0,0.0
2021-02-16 00:00:00-05:00,17.0,17.07200050354004,16.523000717163086,16.523000717163086,7100,0.0,0.0
2021-02-17 00:00:00-05:00,17.052000045776367,17.073999404907227,16.961999893188477,16.961999893188477,32000,0.0,0.0
2021-02-18 00:00:00-05:00,17.058000564575195,17.058000564575195,17.058000564575195,17.058000564575195,20200,0.0,0.0
2021-02-19 00:00:00-05:00,17.559999465942383,18.839000701904297,17.559999465942383,18.839000701904297,42800,0.0,0.0
2021-02-22 00:00:00-05:00,19.5310001373291,19.864999771118164,19.0,19.0,50300,0.0,0.0
2021-02-23 00:00:00-05:00,19.108999252319336,19.108999252319336,18.719999313354492,19.100000381469727,30600,0.0,0.0
2021-02-24 00:00:00-05:00,19.05299949645996,19.195999145507812,18.98900032043457,19.195999145507812,21300,0.0,0.0
2021-02-25 00:00:00-05:00,18.985000610351562,18.985000610351562,18.34000015258789,18.756999969482422,2300,0.0,0.0
2021-02-26 00:00:00-05:00,18.0,18.0,17.829999923706055,17.906999588012695,1200,0.0,0.0
2021-03-01 00:00:00-05:00,17.729999542236328,17.729999542236328,17.167999267578125,17.167999267578125,900,0.0,0.0
2021-03-02 00:00:00-05:00,17.020000457763672,17.020000457763672,16.729999542236328,16.801000595092773,700,0.0,0.0
2021-03-03 00:00:00-05:00,16.777999877929688,16.799999237060547,16.375999450683594,16.589000701904297,2200,0.0,0.0
2021-03-04 00:00:00-05:00,16.389999389648438,16.389999389648438,15.91100025177002,16.131000518798828,3200,0.0,0.0
2021-03-05 00:00:00-05:00,16.121999740600586,16.36199951171875,15.800000190734863,16.36199951171875,5400,0.0,0.0
2021-03-08 00:00:00-05:00,17.229999542236328,17.53700065612793,17.214000701904297,17.53700065612793,2400,0.0,0.0
2021-03-09 00:00:00-05:00,17.836000442504883,17.83799934387207,17.65999984741211,17.736000061035156,4300,0.0,0.0
2021-03-10 00:00:00-05:00,18.239999771118164,18.393999099731445,17.81599998474121,18.378000259399414,2300,0.0,0.0
2021-03-11 00:00:00-05:00,19.0,19.391000747680664,19.0,19.391000747680664,1100,0.0,0.0
2021-03-12 00:00:00-05:00,19.384000778198242,20.097999572753906,19.384000778198242,20.091999053955078,2000,0.0,0.0
2021-03-15 00:00:00-04:00,19.850000381469727,20.06999969482422,19.691999435424805,20.06999969482422,4700,0.0,0.0
2021-03-16 00:00:00-04:00,19.676000595092773,19.676000595092773,19.676000595092773,19.676000595092773,300,0.0,0.0
2021-03-17 00:00:00-04:00,19.649999618530273,19.649999618530273,19.510000228881836,19.510000228881836,700,0.0,0.0
2021-03-18 00:00:00-04:00,19.385000228881836,19.385000228881836,19.385000228881836,19.385000228881836,200,0.0,0.0
2021-03-19 00:00:00-04:00,18.648000717163086,18.648000717163086,18.614999771118164,18.614999771118164,3100,0.0,0.0
2021-03-22 00:00:00-04:00,18.3799991607666,18.614999771118164,18.26799964904785,18.26799964904785,11100,0.0,0.0
2021-03-23 00:00:00-04:00,17.871999740600586,17.871999740600586,17.784000396728516,17.799999237060547,1000,0.0,0.0
2021-03-24 00:00:00-04:00,17.98200035095215,18.236000061035156,17.98200035095215,18.079999923706055,2800,0.0,0.0
2021-03-25 00:00:00-04:00,17.450000762939453,17.7549991607666,17.450000762939453,17.69499969482422,4800,0.0,0.0
2021-03-26 00:00:00-04:00,17.700000762939453,17.700000762939453,17.43000030517578,17.458999633789062,1900,0.0,0.0
2021-03-29 00:00:00-04:00,17.458999633789062,17.458999633789062,17.458999633789062,17.458999633789062,0,0.0,0.0
2021-03-30 00:00:00-04:00,17.0,17.46299934387207,16.9060001373291,17.46299934387207,15300,0.0,0.0
2021-03-31 00:00:00-04:00,17.486000061035156,17.486000061035156,17.083999633789062,17.083999633789062,400,0.0,0.0
2021-04-01 00:00:00-04:00,17.17300033569336,17.441999435424805,17.17300033569336,17.441999435424805,500,0.0,0.0
2021-04-05 00:00:00-04:00,18.65399932861328,18.65399932861328,18.628999710083008,18.649999618530273,2100,0.0,0.0
2021-04-06 00:00:00-04:00,19.215999603271484,19.409000396728516,18.33099937438965,18.33099937438965,500,0.0,0.0
2021-04-07 00:00:00-04:00,17.90999984741211,17.90999984741211,17.90999984741211,17.90999984741211,300,0.0,0.0
2021-04-08 00:00:00-04:00,17.868000030517578,17.868000030517578,17.860000610351562,17.860000610351562,500,0.0,0.0
2021-04-09 00:00:00-04:00,17.89299964904785,17.950000762939453,17.89299964904785,17.94099998474121,500,0.0,0.0
2021-04-12 00:00:00-04:00,17.781999588012695,17.781999588012695,17.170000076293945,17.172000885009766,1100,0.0,0.0
2021-04-13 00:00:00-04:00,17.25200080871582,17.25200080871582,17.25200080871582,17.25200080871582,600,0.0,0.0
2021-04-14 00:00:00-04:00,17.941999435424805,18.315000534057617,17.941999435424805,18.309999465942383,2300,0.0,0.0
2021-04-15 00:00:00-04:00,18.80500030517578,18.972000122070312,18.708999633789062,18.972000122070312,22200,0.0,0.0
2021-04-16 00:00:00-04:00,18.969999313354492,19.354000091552734,18.913000106811523,19.354000091552734,11100,0.0,0.0
2021-04-19 00:00:00-04:00,19.469999313354492,19.469999313354492,18.884000778198242,18.884000778198242,2200,0.0,0.0
2021-04-20 00:00:00-04:00,18.945999145507812,18.969999313354492,18.945999145507812,18.969999313354492,1000,0.0,0.0
2021-04-21 00:00:00-04:00,18.700000762939453,19.113000869750977,18.700000762939453,19.113000869750977,600,0.0,0.0
2021-04-22 00:00:00-04:00,19.113000869750977,19.113000869750977,19.113000869750977,19.113000869750977,0,0.0,0.0
2021-04-23 00:00:00-04:00,18.927000045776367,18.927000045776367,18.927000045776367,18.927000045776367,500,0.0,0.0
2021-04-26 00:00:00-04:00,19.110000610351562,19.197999954223633,19.110000610351562,19.197999954223633,1400,0.0,0.0
2021-04-27 00:00:00-04:00,19.8799991607666,20.017000198364258,19.770000457763672,19.770000457763672,8000,0.0,0.0
2021-04-28 00:00:00-04:00,19.850000381469727,19.850000381469727,19.500999450683594,19.742000579833984,800,0.0,0.0
2021-04-29 00:00:00-04:00,20.27899932861328,20.360000610351562,19.799999237060547,19.799999237060547,2500,0.0,0.0
2021-04-30 00:00:00-04:00,20.030000686645508,20.086000442504883,19.79599952697754,19.79599952697754,28500,0.0,0.0
2021-05-03 00:00:00-04:00,19.999000549316406,20.0,19.999000549316406,20.0,1500,0.0,0.0
2021-05-04 00:00:00-04:00,19.604000091552734,20.110000610351562,19.589000701904297,20.093000411987305,14100,0.0,0.0
2021-05-05 00:00:00-04:00,20.761999130249023,22.04400062561035,20.761999130249023,22.003999710083008,68300,0.0,0.0
2021-05-06 00:00:00-04:00,22.892000198364258,23.100000381469727,21.823999404907227,22.4060001373291,42000,0.0,0.0
2021-05-07 00:00:00-04:00,22.891000747680664,22.891000747680664,22.434999465942383,22.767000198364258,21000,0.0,0.0
2021-05-10 00:00:00-04:00,23.243999481201172,24.226999282836914,23.204999923706055,23.235000610351562,17800,0.0,0.0
2021-05-11 00:00:00-04:00,23.42300033569336,24.190000534057617,23.420000076293945,24.190000534057617,10500,0.0,0.0
2021-05-12 00:00:00-04:00,24.200000762939453,24.229999542236328,22.950000762939453,23.320999145507812,3000,0.0,0.0
2021-05-13 00:00:00-04:00,24.079999923706055,24.079999923706055,22.195999145507812,22.5,4200,0.0,0.0
2021-05-14 00:00:00-04:00,22.674999237060547,23.166000366210938,22.66699981689453,23.166000366210938,3700,0.0,0.0
2021-05-17 00:00:00-04:00,23.200000762939453,24.260000228881836,23.200000762939453,24.260000228881836,1300,0.0,0.0
2021-05-18 00:00:00-04:00,24.64299964904785,24.68000030517578,23.95599937438965,23.95599937438965,1300,0.0,0.0
2021-05-19 00:00:00-04:00,23.649999618530273,23.649999618530273,22.677000045776367,22.677000045776367,900,0.0,0.0
2021-05-20 00:00:00-04:00,22.871999740600586,22.871999740600586,22.648000717163086,22.684999465942383,1600,0.0,0.0
2021-05-21 00:00:00-04:00,22.89299964904785,22.89299964904785,22.389999389648438,22.5,3200,0.0,0.0
2021-05-24 00:00:00-04:00,22.469999313354492,25.989999771118164,20.200000762939453,22.479999542236328,2100,0.0,0.0
2021-05-25 00:00:00-04:00,22.549999237060547,22.850000381469727,21.902999877929688,22.0,3000,0.0,0.0
2021-05-26 00:00:00-04:00,22.299999237060547,22.347000122070312,22.235000610351562,22.239999771118164,800,0.0,0.0
2021-05-27 00:00:00-04:00,22.572999954223633,23.5,22.572999954223633,23.2189998626709,3500,0.0,0.0
2021-05-28 00:00:00-04:00,22.700000762939453,23.30699920654297,22.700000762939453,23.30699920654297,800,0.0,0.0
2021-06-01 00:00:00-04:00,23.917999267578125,24.00200080871582,23.288999557495117,23.288999557495117,3200,0.0,0.0
2021-06-02 00:00:00-04:00,23.31800079345703,23.360000610351562,22.785999298095703,22.802000045776367,10800,0.0,0.0
2021-06-03 00:00:00-04:00,22.979999542236328,22.979999542236328,21.94700050354004,21.988000869750977,2400,0.0,0.0
2021-06-04 00:00:00-04:00,23.115999221801758,23.115999221801758,23.0,23.0,600,0.0,0.0
2021-06-07 00:00:00-04:00,22.860000610351562,22.860000610351562,22.36199951171875,22.36199951171875,2400,0.0,0.0
2021-06-08 00:00:00-04:00,22.290000915527344,22.850000381469727,22.290000915527344,22.850000381469727,1500,0.0,0.0
2021-06-09 00:00:00-04:00,22.77899932861328,23.115999221801758,22.777000427246094,23.115999221801758,4300,0.0,0.0
2021-06-10 00:00:00-04:00,23.194000244140625,23.35700035095215,22.785999298095703,23.32699966430664,4000,0.0,0.0
2021-06-11 00:00:00-04:00,23.541000366210938,23.541000366210938,23.507999420166016,23.507999420166016,400,0.0,0.0
2021-06-14 00:00:00-04:00,22.941999435424805,23.06599998474121,22.941999435424805,23.06599998474121,1600,0.0,0.0
2021-06-15 00:00:00-04:00,22.290000915527344,22.299999237060547,21.3700008392334,21.520000457763672,13200,0.0,0.0
2021-06-16 00:00:00-04:00,21.25,21.5049991607666,20.68000030517578,20.729999542236328,10000,0.0,0.0
2021-06-17 00:00:00-04:00,20.25,20.25,19.06999969482422,19.25,31100,0.0,0.0
2021-06-18 00:00:00-04:00,19.209999084472656,19.43000030517578,18.799999237060547,18.905000686645508,4800,0.0,0.0
2021-06-21 00:00:00-04:00,19.200000762939453,19.709999084472656,18.90999984741211,19.600000381469727,9900,0.0,0.0
2021-06-22 00:00:00-04:00,19.760000228881836,20.700000762939453,19.739999771118164,20.65999984741211,11300,0.0,0.0
2021-06-23 00:00:00-04:00,20.8700008392334,21.40999984741211,20.8700008392334,20.959999084472656,7200,0.0,0.0
2021-06-24 00:00:00-04:00,20.690000534057617,21.0,20.43000030517578,20.53499984741211,12000,0.0,0.0
2021-06-25 00:00:00-04:00,20.43000030517578,20.520000457763672,20.391000747680664,20.469999313354492,1900,0.0,0.0
2021-06-28 00:00:00-04:00,20.59000015258789,20.59000015258789,20.27899932861328,20.420000076293945,4000,0.0,0.0
2021-06-29 00:00:00-04:00,20.299999237060547,20.601999282836914,20.299999237060547,20.520000457763672,18100,0.0,0.0
2021-06-30 00:00:00-04:00,20.989999771118164,21.700000762939453,20.989999771118164,21.020000457763672,13200,0.0,0.0
2021-07-01 00:00:00-04:00,21.280000686645508,21.371000289916992,20.586999893188477,21.371000289916992,1200,0.0,0.0
2021-07-02 00:00:00-04:00,21.5,21.5,20.329999923706055,20.639999389648438,17000,0.0,0.0
2021-07-06 00:00:00-04:00,20.93000030517578,20.93000030517578,20.139999389648438,20.15999984741211,5800,0.0,0.0
2021-07-07 00:00:00-04:00,20.690000534057617,21.200000762939453,20.280000686645508,20.299999237060547,10800,0.0,0.0
2021-07-08 00:00:00-04:00,19.809999465942383,20.200000762939453,19.56999969482422,20.18000030517578,5700,0.0,0.0
2021-07-09 00:00:00-04:00,20.5310001373291,21.020000457763672,20.5310001373291,20.729999542236328,9100,0.0,0.0
2021-07-12 00:00:00-04:00,20.65999984741211,20.760000228881836,20.31999969482422,20.709999084472656,4100,0.0,0.0
2021-07-13 00:00:00-04:00,20.739999771118164,20.889999389648438,20.209999084472656,20.350000381469727,5000,0.0,0.0
2021-07-14 00:00:00-04:00,20.399999618530273,20.399999618530273,19.8799991607666,20.020000457763672,9000,0.0,0.0
2021-07-15 00:00:00-04:00,20.100000381469727,20.229999542236328,19.43000030517578,19.43000030517578,19000,0.0,0.0
2021-07-16 00:00:00-04:00,19.329999923706055,19.329999923706055,18.969999313354492,19.0,19000,0.0,0.0
2021-07-19 00:00:00-04:00,18.799999237060547,18.799999237060547,17.450000762939453,18.31999969482422,23600,0.0,0.0
2021-07-20 00:00:00-04:00,18.25,18.639999389648438,18.0,18.25,11600,0.0,0.0
2021-07-21 00:00:00-04:00,18.360000610351562,19.020000457763672,18.360000610351562,19.020000457763672,5300,0.0,0.0
2021-07-22 00:00:00-04:00,18.950000762939453,19.209999084472656,18.799999237060547,19.0,4000,0.0,0.0
2021-07-23 00:00:00-04:00,19.280000686645508,19.280000686645508,18.799999237060547,19.104999542236328,5900,0.0,0.0
2021-07-26 00:00:00-04:00,19.299999237060547,20.09000015258789,19.299999237060547,19.84000015258789,3600,0.0,0.0
2021-07-27 00:00:00-04:00,19.459999084472656,19.780000686645508,19.459999084472656,19.700000762939453,4400,0.0,0.0
2021-07-28 00:00:00-04:00,19.700000762939453,20.260000228881836,19.6299991607666,20.239999771118164,5400,0.0,0.0
2021-07-29 00:00:00-04:00,20.649999618530273,20.799999237060547,20.479999542236328,20.579999923706055,6500,0.0,0.0
2021-07-30 00:00:00-04:00,20.200000762939453,20.200000762939453,19.920000076293945,20.100000381469727,3100,0.0,0.0
2021-08-02 00:00:00-04:00,20.360000610351562,20.360000610351562,20.360000610351562,20.360000610351562,400,0.0,0.0
2021-08-03 00:00:00-04:00,19.600000381469727,19.81999969482422,19.360000610351562,19.559999465942383,10300,0.0,0.0
2021-08-04 00:00:00-04:00,19.450000762939453,19.450000762939453,18.89900016784668,19.010000228881836,5200,0.0,0.0
2021-08-05 00:00:00-04:00,19.5,20.18000030517578,19.31999969482422,19.809999465942383,7200,0.0,0.0
2021-08-06 00:00:00-04:00,20.049999237060547,20.049999237060547,18.540000915527344,18.8700008392334,27500,0.0,0.0
2021-08-09 00:00:00-04:00,18.8700008392334,18.8700008392334,18.35300064086914,18.520000457763672,29800,0.0,0.0
2021-08-10 00:00:00-04:00,18.7549991607666,19.219999313354492,18.7549991607666,19.15999984741211,5600,0.0,0.0
2021-08-11 00:00:00-04:00,19.15999984741211,19.420000076293945,19.030000686645508,19.420000076293945,15000,0.0,0.0
2021-08-12 00:00:00-04:00,19.010000228881836,19.139999389648438,18.5,19.110000610351562,14400,0.0,0.0
2021-08-13 00:00:00-04:00,19.43000030517578,19.729999542236328,19.329999923706055,19.540000915527344,5900,0.0,0.0
2021-08-16 00:00:00-04:00,19.399999618530273,19.399999618530273,18.549999237060547,18.81999969482422,7300,0.0,0.0
2021-08-17 00:00:00-04:00,18.559999465942383,18.559999465942383,17.850000381469727,18.270000457763672,7000,0.0,0.0
2021-08-18 00:00:00-04:00,18.110000610351562,18.31999969482422,18.0,18.020000457763672,27300,0.0,0.0
2021-08-19 00:00:00-04:00,17.8799991607666,17.8799991607666,16.709999084472656,16.924999237060547,11800,0.0,0.0
2021-08-20 00:00:00-04:00,16.90999984741211,17.3700008392334,16.90999984741211,17.3700008392334,3300,0.0,0.0
2021-08-23 00:00:00-04:00,17.799999237060547,18.270000457763672,17.799999237060547,18.25,7600,0.0,0.0
2021-08-24 00:00:00-04:00,18.520000457763672,18.770000457763672,18.40999984741211,18.75,14000,0.0,0.0
2021-08-25 00:00:00-04:00,18.56999969482422,18.65999984741211,18.43000030517578,18.510000228881836,13200,0.0,0.0
2021-08-26 00:00:00-04:00,18.479999542236328,18.59000015258789,18.440000534057617,18.559999465942383,16800,0.0,0.0
2021-08-27 00:00:00-04:00,18.719999313354492,18.850000381469727,18.5,18.850000381469727,71300,0.0,0.0
2021-08-30 00:00:00-04:00,18.959999084472656,19.0,18.799999237060547,18.90999984741211,9500,0.0,0.0
2021-08-31 00:00:00-04:00,19.059999465942383,19.059999465942383,18.559999465942383,19.0,35000,0.0,0.0
2021-09-01 00:00:00-04:00,19.049999237060547,20.09000015258789,18.969999313354492,19.43000030517578,29100,0.0,0.0
2021-09-02 00:00:00-04:00,19.469999313354492,19.690000534057617,19.170000076293945,19.579999923706055,8900,0.0,0.0
2021-09-03 00:00:00-04:00,19.649999618530273,20.309999465942383,19.649999618530273,19.93000030517578,7000,0.0,0.0
2021-09-07 00:00:00-04:00,19.940000534057617,19.940000534057617,19.30500030517578,19.3700008392334,12000,0.0,0.0
2021-09-08 00:00:00-04:00,19.15999984741211,19.15999984741211,18.549999237060547,18.75,9400,0.0,0.0
2021-09-09 00:00:00-04:00,18.950000762939453,18.950000762939453,18.5,18.540000915527344,9100,0.0,0.0
2021-09-10 00:00:00-04:00,19.219999313354492,19.610000610351562,19.1299991607666,19.290000915527344,5700,0.0,0.0
2021-09-13 00:00:00-04:00,19.510000228881836,19.510000228881836,18.8799991607666,19.1299991607666,7300,0.0,0.0
2021-09-14 00:00:00-04:00,19.1299991607666,19.549999237060547,18.979999542236328,19.34000015258789,5400,0.0,0.0
2021-09-15 00:00:00-04:00,19.579999923706055,20.09000015258789,19.540000915527344,20.09000015258789,6700,0.0,0.0
2021-09-16 00:00:00-04:00,19.950000762939453,19.950000762939453,19.290000915527344,19.780000686645508,8400,0.0,0.0
2021-09-17 00:00:00-04:00,19.6200008392334,19.66900062561035,19.309999465942383,19.579999923706055,23700,0.0,0.0
2021-09-20 00:00:00-04:00,18.597999572753906,18.84000015258789,17.427000045776367,17.459999084472656,22700,0.0,0.0
2021-09-21 00:00:00-04:00,17.68000030517578,17.68000030517578,17.0,17.200000762939453,23500,0.0,0.0
2021-09-22 00:00:00-04:00,17.420000076293945,17.969999313354492,17.420000076293945,17.780000686645508,41000,0.0,0.0
2021-09-23 00:00:00-04:00,18.040000915527344,18.040000915527344,17.479999542236328,17.489999771118164,44600,0.0,0.0
2021-09-24 00:00:00-04:00,17.479999542236328,17.829999923706055,17.27899932861328,17.700000762939453,11000,0.0,0.0
2021-09-27 00:00:00-04:00,17.740999221801758,18.719999313354492,17.740999221801758,18.719999313354492,18200,0.0,0.0
2021-09-28 00:00:00-04:00,18.81999969482422,19.100000381469727,18.06999969482422,19.049999237060547,23400,0.0,0.0
2021-09-29 00:00:00-04:00,19.3799991607666,19.3799991607666,18.277999877929688,18.350000381469727,10500,0.0,0.0
2021-09-30 00:00:00-04:00,18.350000381469727,18.399999618530273,17.336000442504883,17.75,53600,0.0,0.0
2021-10-01 00:00:00-04:00,17.780000686645508,18.089000701904297,17.559999465942383,17.579999923706055,4600,0.0,0.0
2021-10-04 00:00:00-04:00,17.739999771118164,17.84000015258789,16.979999542236328,17.327999114990234,12700,0.0,0.0
2021-10-05 00:00:00-04:00,17.299999237060547,17.709999084472656,16.6299991607666,17.59000015258789,22200,0.0,0.0
2021-10-06 00:00:00-04:00,17.290000915527344,17.290000915527344,16.649999618530273,17.0,19300,0.0,0.0
2021-10-07 00:00:00-04:00,17.049999237060547,18.18000030517578,17.049999237060547,18.18000030517578,16300,0.0,0.0
2021-10-08 00:00:00-04:00,18.270000457763672,18.510000228881836,18.0,18.420000076293945,36300,0.0,0.0
2021-10-11 00:00:00-04:00,18.6200008392334,18.739999771118164,18.5,18.510000228881836,4000,0.0,0.0
2021-10-12 00:00:00-04:00,18.729999542236328,19.06999969482422,18.645000457763672,18.950000762939453,18900,0.0,0.0
2021-10-13 00:00:00-04:00,19.149999618530273,19.40999984741211,18.729999542236328,19.350000381469727,31000,0.0,0.0
2021-10-14 00:00:00-04:00,19.549999237060547,20.260000228881836,19.5,19.670000076293945,23000,0.0,0.0
2021-10-15 00:00:00-04:00,20.0,20.950000762939453,19.940000534057617,20.950000762939453,54200,0.0,0.0
2021-10-18 00:00:00-04:00,20.6200008392334,20.729999542236328,20.361000061035156,20.479999542236328,11300,0.0,0.0
2021-10-19 00:00:00-04:00,20.850000381469727,20.850000381469727,19.979999542236328,20.229999542236328,14300,0.0,0.0
2021-10-20 00:00:00-04:00,20.100000381469727,20.59000015258789,20.100000381469727,20.59000015258789,19700,0.0,0.0
2021-10-21 00:00:00-04:00,20.350000381469727,20.559999465942383,20.010000228881836,20.049999237060547,17200,0.0,0.0
2021-10-22 00:00:00-04:00,20.299999237060547,20.299999237060547,19.59000015258789,19.729999542236328,14500,0.0,0.0
2021-10-25 00:00:00-04:00,19.899999618530273,20.659000396728516,19.899999618530273,20.135000228881836,16300,0.0,0.0
2021-10-26 00:00:00-04:00,20.299999237060547,20.299999237060547,19.731000900268555,19.889999389648438,14000,0.0,0.0
2021-10-27 00:00:00-04:00,19.5,19.549999237060547,18.65999984741211,18.690000534057617,27900,0.0,0.0
2021-10-28 00:00:00-04:00,18.700000762939453,18.809999465942383,17.860000610351562,18.739999771118164,31600,0.0,0.0
2021-10-29 00:00:00-04:00,18.950000762939453,18.950000762939453,18.459999084472656,18.65999984741211,9200,0.0,0.0
2021-11-01 00:00:00-04:00,18.770000457763672,18.8799991607666,18.56999969482422,18.719999313354492,29400,0.0,0.0
2021-11-02 00:00:00-04:00,18.6299991607666,18.700000762939453,17.600000381469727,18.520000457763672,21000,0.0,0.0
2021-11-03 00:00:00-04:00,18.15999984741211,18.280000686645508,17.780000686645508,18.280000686645508,20700,0.0,0.0
2021-11-04 00:00:00-04:00,18.299999237060547,18.600000381469727,18.170000076293945,18.25,14000,0.0,0.0
2021-11-05 00:00:00-04:00,18.219999313354492,18.549999237060547,18.100000381469727,18.170000076293945,29500,0.0,0.0
2021-11-08 00:00:00-05:00,18.280000686645508,18.90999984741211,18.100000381469727,18.850000381469727,55600,0.0,0.0
2021-11-09 00:00:00-05:00,18.850000381469727,18.850000381469727,18.399999618530273,18.479999542236328,19100,0.0,0.0
2021-11-10 00:00:00-05:00,18.749000549316406,18.8700008392334,18.110000610351562,18.3799991607666,8500,0.0,0.0
2021-11-11 00:00:00-05:00,18.719999313354492,18.950000762939453,18.420000076293945,18.5,14100,0.0,0.0
2021-11-12 00:00:00-05:00,18.600000381469727,19.450000762939453,18.600000381469727,19.104999542236328,27100,0.0,0.0
2021-11-15 00:00:00-05:00,19.110000610351562,19.110000610351562,18.145000457763672,18.329999923706055,42200,0.0,0.0
2021-11-16 00:00:00-05:00,18.350000381469727,18.450000762939453,18.200000762939453,18.31999969482422,11500,0.0,0.0
2021-11-17 00:00:00-05:00,18.31999969482422,18.469999313354492,18.200000762939453,18.239999771118164,7200,0.0,0.0
2021-11-18 00:00:00-05:00,18.25,18.350000381469727,17.952999114990234,18.209999084472656,9000,0.0,0.0
2021-11-19 00:00:00-05:00,18.15999984741211,18.540000915527344,18.075000762939453,18.200000762939453,4700,0.0,0.0
2021-11-22 00:00:00-05:00,18.110000610351562,18.34000015258789,17.8799991607666,18.010000228881836,7600,0.0,0.0
2021-11-23 00:00:00-05:00,18.079999923706055,18.079999923706055,17.440000534057617,17.850000381469727,14700,0.0,0.0
2021-11-24 00:00:00-05:00,17.549999237060547,17.93000030517578,17.520000457763672,17.899999618530273,24800,0.0,0.0
2021-11-26 00:00:00-05:00,17.299999237060547,17.299999237060547,16.510000228881836,16.600000381469727,10100,0.0,0.0
2021-11-29 00:00:00-05:00,16.93000030517578,16.93000030517578,15.920000076293945,16.6200008392334,30100,0.0,0.0
2021-11-30 00:00:00-05:00,16.8799991607666,16.8799991607666,15.670000076293945,16.389999389648438,41200,0.0,0.0
2021-12-01 00:00:00-05:00,16.469999313354492,16.469999313354492,15.489999771118164,15.515000343322754,33300,0.0,0.0
2021-12-02 00:00:00-05:00,15.260000228881836,15.399999618530273,14.779999732971191,14.83899974822998,15900,0.0,0.0
2021-12-03 00:00:00-05:00,14.899999618530273,15.0,14.59000015258789,14.722999572753906,47400,0.0,0.0
2021-12-06 00:00:00-05:00,14.609999656677246,14.890000343322754,14.510000228881836,14.859999656677246,29500,0.0,0.0
2021-12-07 00:00:00-05:00,15.109999656677246,15.550000190734863,14.949999809265137,15.100000381469727,20500,0.0,0.0
2021-12-08 00:00:00-05:00,15.095000267028809,15.149999618530273,14.890000343322754,14.96500015258789,22100,0.0,0.0
2021-12-09 00:00:00-05:00,15.149999618530273,15.149999618530273,14.359999656677246,14.729999542236328,44500,0.0,0.0
2021-12-10 00:00:00-05:00,14.619999885559082,14.670000076293945,14.288000106811523,14.569999694824219,49100,0.0,0.0
2021-12-13 00:00:00-05:00,14.5600004196167,14.869999885559082,14.390000343322754,14.850000381469727,13400,0.0,0.0
2021-12-14 00:00:00-05:00,14.5600004196167,14.829999923706055,14.479999542236328,14.529999732971191,10200,0.0,0.0
2021-12-15 00:00:00-05:00,14.289999961853027,14.289999961853027,13.539999961853027,14.260000228881836,18300,0.0,0.0
2021-12-16 00:00:00-05:00,14.479999542236328,14.6899995803833,14.34000015258789,14.390000343322754,45800,0.0,0.0
2021-12-17 00:00:00-05:00,14.170000076293945,14.170000076293945,13.324999809265137,13.6899995803833,55200,0.0,0.0
2021-12-20 00:00:00-05:00,13.649999618530273,14.1899995803833,13.4399995803833,14.1899995803833,21300,0.0,0.0
2021-12-21 00:00:00-05:00,14.25,14.869999885559082,14.25,14.680000305175781,15500,0.0,0.0
2021-12-22 00:00:00-05:00,14.479999542236328,14.920000076293945,14.479999542236328,14.859999656677246,18800,0.0,0.0
2021-12-23 00:00:00-05:00,15.050000190734863,15.100000381469727,14.8100004196167,14.920000076293945,16500,0.0,0.0
2021-12-27 00:00:00-05:00,14.949999809265137,15.413999557495117,14.949999809265137,15.210000038146973,8300,0.0,0.0
2021-12-28 00:00:00-05:00,15.220000267028809,15.246999740600586,15.100000381469727,15.118000030517578,13200,0.0,0.0
2021-12-29 00:00:00-05:00,15.020000457763672,15.175000190734863,14.9399995803833,15.0,26100,0.0,0.0
2021-12-30 00:00:00-05:00,15.109999656677246,15.180000305175781,14.989999771118164,15.010000228881836,5700,0.0,0.0
2021-12-31 00:00:00-05:00,15.010000228881836,15.319999694824219,14.989999771118164,15.289999961853027,7300,0.0,0.0
2022-01-03 00:00:00-05:00,15.140000343322754,15.609999656677246,14.984000205993652,15.100000381469727,6600,0.0,0.0
2022-01-04 00:00:00-05:00,15.100000381469727,15.1899995803833,14.970000267028809,15.0,12200,0.0,0.0
2022-01-05 00:00:00-05:00,15.25,15.420000076293945,14.829999923706055,14.880000114440918,14100,0.0,0.0
2022-01-06 00:00:00-05:00,14.680000305175781,14.75,14.140000343322754,14.369999885559082,41100,0.0,0.0
2022-01-07 00:00:00-05:00,14.460000038146973,14.569999694824219,14.279999732971191,14.40999984741211,14000,0.0,0.0
2022-01-10 00:00:00-05:00,14.369999885559082,14.369999885559082,13.649999618530273,13.970000267028809,15400,0.0,0.0
2022-01-11 00:00:00-05:00,14.199999809265137,14.199999809265137,13.11400032043457,13.130000114440918,94100,0.0,0.0
2022-01-12 00:00:00-05:00,13.460000038146973,13.609999656677246,13.119999885559082,13.140000343322754,64600,0.0,0.0
2022-01-13 00:00:00-05:00,13.149999618530273,13.420000076293945,12.859999656677246,12.960000038146973,382700,0.0,0.0
2022-01-14 00:00:00-05:00,12.9399995803833,13.359999656677246,12.779999732971191,12.970000267028809,134400,0.0,0.0
2022-01-18 00:00:00-05:00,13.069999694824219,13.40999984741211,12.949999809265137,13.1899995803833,75500,0.0,0.0
2022-01-19 00:00:00-05:00,13.369999885559082,13.989999771118164,13.317999839782715,13.859999656677246,72000,0.0,0.0
2022-01-20 00:00:00-05:00,14.199999809265137,14.359999656677246,13.789999961853027,13.90999984741211,102100,0.0,0.0
2022-01-21 00:00:00-05:00,13.880000114440918,14.0,13.220000267028809,13.350000381469727,112700,0.0,0.0
2022-01-24 00:00:00-05:00,13.180000305175781,13.180000305175781,12.640000343322754,12.789999961853027,80500,0.0,0.0
2022-01-25 00:00:00-05:00,12.720000267028809,12.880000114440918,12.279999732971191,12.770000457763672,55400,0.0,0.0
2022-01-26 00:00:00-05:00,12.970000267028809,12.979999542236328,12.350000381469727,12.460000038146973,58200,0.0,0.0
2022-01-27 00:00:00-05:00,12.569999694824219,12.779999732971191,12.220000267028809,12.470000267028809,32700,0.0,0.0
2022-01-28 00:00:00-05:00,12.550000190734863,12.550000190734863,11.760000228881836,12.020000457763672,134900,0.0,0.0
2022-01-31 00:00:00-05:00,12.199999809265137,12.520000457763672,11.899999618530273,12.449999809265137,251600,0.0,0.0
2022-02-01 00:00:00-05:00,12.550000190734863,12.640000343322754,12.170000076293945,12.470000267028809,63700,0.0,0.0
2022-02-02 00:00:00-05:00,12.420000076293945,13.0,12.359999656677246,12.84000015258789,72000,0.0,0.0
2022-02-03 00:00:00-05:00,12.800000190734863,12.961000442504883,12.600000381469727,12.90999984741211,43000,0.0,0.0
2022-02-04 00:00:00-05:00,12.899999618530273,13.100000381469727,12.829999923706055,12.960000038146973,98300,0.0,0.0
2022-02-07 00:00:00-05:00,13.010000228881836,13.390000343322754,13.010000228881836,13.079999923706055,20900,0.0,0.0
2022-02-08 00:00:00-05:00,13.09000015258789,13.119999885559082,12.822999954223633,13.079999923706055,82800,0.0,0.0
2022-02-09 00:00:00-05:00,13.15999984741211,13.875,13.020000457763672,13.8100004196167,85800,0.0,0.0
2022-02-10 00:00:00-05:00,13.5600004196167,14.4350004196167,13.5600004196167,14.020000457763672,66000,0.0,0.0
2022-02-11 00:00:00-05:00,13.859999656677246,14.239999771118164,13.569999694824219,13.670000076293945,75100,0.0,0.0
2022-02-14 00:00:00-05:00,13.760000228881836,13.880000114440918,13.550000190734863,13.579999923706055,39900,0.0,0.0
2022-02-15 00:00:00-05:00,13.65999984741211,13.850000381469727,13.329999923706055,13.59000015258789,23900,0.0,0.0
2022-02-16 00:00:00-05:00,13.65999984741211,13.739999771118164,13.390000343322754,13.479999542236328,54600,0.0,0.0
2022-02-17 00:00:00-05:00,13.369999885559082,13.829999923706055,13.369999885559082,13.680000305175781,19500,0.0,0.0
2022-02-18 00:00:00-05:00,13.569999694824219,13.949999809265137,13.529999732971191,13.859999656677246,32100,0.0,0.0
2022-02-22 00:00:00-05:00,13.979999542236328,14.199999809265137,13.270000457763672,13.430000305175781,55300,0.0,0.0
2022-02-23 00:00:00-05:00,13.5,13.640000343322754,13.239999771118164,13.489999771118164,48600,0.0,0.0
2022-02-24 00:00:00-05:00,13.449999809265137,13.538999557495117,13.0,13.529999732971191,71600,0.0,0.0
2022-02-25 00:00:00-05:00,13.470000267028809,14.100000381469727,13.470000267028809,14.079999923706055,66100,0.0,0.0
2022-02-28 00:00:00-05:00,14.079999923706055,14.3100004196167,13.90999984741211,14.260000228881836,81000,0.0,0.0
2022-03-01 00:00:00-05:00,14.289999961853027,14.789999961853027,14.180000305175781,14.270000457763672,61500,0.0,0.0
2022-03-02 00:00:00-05:00,14.399999618530273,14.6850004196167,14.319999694824219,14.449999809265137,42200,0.0,0.0
2022-03-03 00:00:00-05:00,14.520000457763672,15.630000114440918,14.520000457763672,15.420000076293945,135300,0.0,0.0
2022-03-04 00:00:00-05:00,15.319999694824219,16.059999465942383,15.029999732971191,16.059999465942383,72900,0.0,0.0
2022-03-07 00:00:00-05:00,16.200000762939453,16.329999923706055,15.229999542236328,15.270000457763672,112600,0.0,0.0
2022-03-08 00:00:00-05:00,15.449999809265137,15.75,15.15999984741211,15.449999809265137,110100,0.0,0.0
2022-03-09 00:00:00-05:00,16.190000534057617,16.219999313354492,14.930000305175781,15.430000305175781,112200,0.0,0.0
2022-03-10 00:00:00-05:00,15.5,15.5600004196167,15.005000114440918,15.449999809265137,106100,0.0,0.0
2022-03-11 00:00:00-05:00,15.479999542236328,15.479999542236328,14.78499984741211,14.819999694824219,68800,0.0,0.0
2022-03-14 00:00:00-04:00,14.729999542236328,14.880000114440918,13.109999656677246,13.170000076293945,104000,0.0,0.0
2022-03-15 00:00:00-04:00,13.079999923706055,13.369999885559082,12.78600025177002,13.3100004196167,110600,0.0,0.0
2022-03-16 00:00:00-04:00,13.600000381469727,14.130000114440918,13.487000465393066,14.020000457763672,110500,0.0,0.0
2022-03-17 00:00:00-04:00,14.050000190734863,14.9399995803833,14.050000190734863,14.619999885559082,46100,0.0,0.0
2022-03-18 00:00:00-04:00,14.600000381469727,14.75,14.479999542236328,14.699999809265137,33200,0.0,0.0
2022-03-21 00:00:00-04:00,14.710000038146973,14.710000038146973,14.239999771118164,14.510000228881836,83000,0.0,0.0
2022-03-22 00:00:00-04:00,14.460000038146973,14.579999923706055,14.140000343322754,14.289999961853027,49900,0.0,0.0
2022-03-23 00:00:00-04:00,14.210000038146973,14.569999694824219,14.1899995803833,14.3100004196167,51800,0.0,0.0
2022-03-24 00:00:00-04:00,14.40999984741211,14.579999923706055,14.029999732971191,14.1899995803833,42400,0.0,0.0
2022-03-25 00:00:00-04:00,14.119999885559082,14.5600004196167,14.050000190734863,14.5600004196167,43900,0.0,0.0
2022-03-28 00:00:00-04:00,14.420000076293945,14.470000267028809,14.010000228881836,14.470000267028809,50200,0.0,0.0
2022-03-29 00:00:00-04:00,14.329999923706055,14.529999732971191,14.210000038146973,14.40999984741211,27200,0.0,0.0
2022-03-30 00:00:00-04:00,14.359999656677246,14.859999656677246,14.359999656677246,14.609999656677246,62300,0.0,0.0
2022-03-31 00:00:00-04:00,14.619999885559082,14.720000267028809,14.425000190734863,14.640000343322754,27800,0.0,0.0
2022-04-01 00:00:00-04:00,14.619999885559082,15.619999885559082,14.609999656677246,15.579999923706055,77200,0.0,0.0
2022-04-04 00:00:00-04:00,15.770000457763672,16.010000228881836,15.539999961853027,15.699999809265137,70200,0.0,0.0
2022-04-05 00:00:00-04:00,15.640000343322754,15.869999885559082,15.050000190734863,15.109999656677246,56700,0.0,0.0
2022-04-06 00:00:00-04:00,15.0,15.119999885559082,14.28600025177002,14.350000381469727,67700,0.0,0.0
2022-04-07 00:00:00-04:00,14.270000457763672,15.359999656677246,14.270000457763672,15.34000015258789,88000,0.0,0.0
2022-04-08 00:00:00-04:00,15.25,16.09000015258789,15.25,16.059999465942383,73400,0.0,0.0
2022-04-11 00:00:00-04:00,16.0,16.0,14.859999656677246,14.949999809265137,65900,0.0,0.0
2022-04-12 00:00:00-04:00,15.079999923706055,15.079999923706055,14.5,14.649999618530273,57500,0.0,0.0
2022-04-13 00:00:00-04:00,14.600000381469727,15.890000343322754,14.600000381469727,15.880000114440918,63500,0.0,0.0
2022-04-14 00:00:00-04:00,16.0,16.25,15.847999572753906,16.010000228881836,72100,0.0,0.0
2022-04-18 00:00:00-04:00,15.960000038146973,16.399999618530273,15.960000038146973,16.219999313354492,62100,0.0,0.0
2022-04-19 00:00:00-04:00,16.030000686645508,16.719999313354492,15.75,16.229999542236328,87100,0.0,0.0
2022-04-20 00:00:00-04:00,16.18000030517578,16.5,15.960000038146973,16.360000610351562,98900,0.0,0.0
2022-04-21 00:00:00-04:00,16.459999084472656,16.459999084472656,15.048999786376953,15.270000457763672,79000,0.0,0.0
2022-04-22 00:00:00-04:00,15.109999656677246,15.180000305175781,14.489999771118164,14.5600004196167,57100,0.0,0.0
2022-04-25 00:00:00-04:00,14.34000015258789,14.34000015258789,12.899999618530273,13.859999656677246,102100,0.0,0.0
2022-04-26 00:00:00-04:00,13.789999961853027,13.914999961853027,13.34000015258789,13.789999961853027,103300,0.0,0.0
2022-04-27 00:00:00-04:00,13.850000381469727,14.0600004196167,13.668999671936035,14.029999732971191,48300,0.0,0.0
2022-04-28 00:00:00-04:00,14.199999809265137,14.579999923706055,13.920000076293945,14.460000038146973,84400,0.0,0.0
2022-04-29 00:00:00-04:00,14.539999961853027,15.399999618530273,14.34000015258789,14.40999984741211,57100,0.0,0.0
2022-05-02 00:00:00-04:00,14.130000114440918,14.289999961853027,13.359999656677246,13.59000015258789,60300,0.0,0.0
2022-05-03 00:00:00-04:00,13.710000038146973,13.710000038146973,13.09000015258789,13.300000190734863,68200,0.0,0.0
2022-05-04 00:00:00-04:00,13.350000381469727,13.5,12.5649995803833,13.5,187000,0.0,0.0
2022-05-05 00:00:00-04:00,13.430000305175781,13.430000305175781,12.489999771118164,12.699999809265137,100700,0.0,0.0
2022-05-06 00:00:00-04:00,12.600000381469727,12.8100004196167,12.239999771118164,12.720000267028809,79800,0.0,0.0
2022-05-09 00:00:00-04:00,12.279999732971191,12.319999694824219,11.229999542236328,11.289999961853027,168800,0.0,0.0
2022-05-10 00:00:00-04:00,11.800000190734863,11.800000190734863,10.880000114440918,11.1899995803833,82000,0.0,0.0
2022-05-11 00:00:00-04:00,11.279999732971191,11.829999923706055,10.850000381469727,10.899999618530273,89400,0.0,0.0
2022-05-12 00:00:00-04:00,10.720000267028809,10.720000267028809,10.029999732971191,10.220000267028809,117200,0.0,0.0
2022-05-13 00:00:00-04:00,10.399999618530273,10.8100004196167,10.350000381469727,10.600000381469727,60600,0.0,0.0
2022-05-16 00:00:00-04:00,10.630000114440918,11.1899995803833,10.529999732971191,11.020000457763672,195100,0.0,0.0
2022-05-17 00:00:00-04:00,11.300000190734863,11.75,11.300000190734863,11.649999618530273,85700,0.0,0.0
2022-05-18 00:00:00-04:00,11.680000305175781,11.720000267028809,11.125,11.289999961853027,82400,0.0,0.0
2022-05-19 00:00:00-04:00,11.199999809265137,12.100000381469727,11.199999809265137,12.069999694824219,54900,0.0,0.0
2022-05-20 00:00:00-04:00,12.130000114440918,12.260000228881836,11.729999542236328,12.100000381469727,60600,0.0,0.0
2022-05-23 00:00:00-04:00,12.229999542236328,12.270000457763672,11.920000076293945,12.260000228881836,25500,0.0,0.0
2022-05-24 00:00:00-04:00,12.1899995803833,12.399999618530273,12.0,12.329999923706055,82000,0.0,0.0
2022-05-25 00:00:00-04:00,12.239999771118164,12.380000114440918,12.0600004196167,12.210000038146973,38000,0.0,0.0
2022-05-26 00:00:00-04:00,12.260000228881836,12.40999984741211,11.899999618530273,12.149999618530273,75400,0.0,0.0
2022-05-27 00:00:00-04:00,12.199999809265137,12.510000228881836,12.104999542236328,12.289999961853027,66200,0.0,0.0
2022-05-31 00:00:00-04:00,12.460000038146973,12.550000190734863,12.1899995803833,12.380000114440918,63100,0.0,0.0
2022-06-01 00:00:00-04:00,12.5,12.569999694824219,11.869999885559082,12.079999923706055,137800,0.0,0.0
2022-06-02 00:00:00-04:00,12.260000228881836,12.960000038146973,12.210000038146973,12.779999732971191,143700,0.0,0.0
2022-06-03 00:00:00-04:00,12.65999984741211,12.65999984741211,12.020000457763672,12.100000381469727,67500,0.0,0.0
2022-06-06 00:00:00-04:00,12.0,12.539999961853027,12.0,12.149999618530273,88000,0.0,0.0
2022-06-07 00:00:00-04:00,12.149999618530273,12.550000190734863,12.0,12.5,178400,0.0,0.0
2022-06-08 00:00:00-04:00,12.380000114440918,12.399999618530273,11.579999923706055,11.630000114440918,82000,0.0,0.0
2022-06-09 00:00:00-04:00,11.579999923706055,11.65999984741211,10.960000038146973,11.0600004196167,70900,0.0,0.0
2022-06-10 00:00:00-04:00,10.779999732971191,11.220000267028809,10.602999687194824,11.1899995803833,80900,0.0,0.0
2022-06-13 00:00:00-04:00,10.75,10.75,10.40999984741211,10.569999694824219,53300,0.0,0.0
2022-06-14 00:00:00-04:00,10.510000228881836,10.510000228881836,9.760000228881836,9.829999923706055,78400,0.0,0.0
2022-06-15 00:00:00-04:00,10.15999984741211,10.25,9.609999656677246,9.8100004196167,129800,0.0,0.0
2022-06-16 00:00:00-04:00,9.630000114440918,9.630000114440918,9.039999961853027,9.34000015258789,122000,0.0,0.0
2022-06-17 00:00:00-04:00,9.289999961853027,9.670000076293945,9.109999656677246,9.619999885559082,54500,0.0,0.0
2022-06-21 00:00:00-04:00,9.739999771118164,10.15999984741211,9.680000305175781,9.970000267028809,62200,0.0,0.0
2022-06-22 00:00:00-04:00,9.8100004196167,9.8100004196167,9.25,9.350000381469727,67700,0.0,0.0
2022-06-23 00:00:00-04:00,9.25,9.260000228881836,8.359999656677246,8.720000267028809,146800,0.0,0.0
2022-06-24 00:00:00-04:00,8.760000228881836,9.300000190734863,8.739999771118164,9.300000190734863,68200,0.0,0.0
2022-06-27 00:00:00-04:00,9.569999694824219,9.729999542236328,9.279999732971191,9.550000190734863,201300,0.0,0.0
2022-06-28 00:00:00-04:00,9.579999923706055,9.680000305175781,9.260000228881836,9.399999618530273,134000,0.0,0.0
2022-06-29 00:00:00-04:00,9.470000267028809,9.470000267028809,8.75,8.829999923706055,75500,0.0,0.0
2022-06-30 00:00:00-04:00,8.710000038146973,8.789999961853027,8.380000114440918,8.430000305175781,117600,0.0,0.0
2022-07-01 00:00:00-04:00,8.390000343322754,8.574999809265137,8.210000038146973,8.460000038146973,59600,0.0,0.0
2022-07-05 00:00:00-04:00,8.289999961853027,8.446999549865723,8.069999694824219,8.329999923706055,173300,0.0,0.0
2022-07-06 00:00:00-04:00,8.369999885559082,8.53499984741211,8.199999809265137,8.5,86200,0.0,0.0
2022-07-07 00:00:00-04:00,8.649999618530273,9.3149995803833,8.649999618530273,9.210000038146973,114100,0.0,0.0
2022-07-08 00:00:00-04:00,9.199999809265137,9.199999809265137,8.829999923706055,8.84000015258789,82800,0.0,0.0
2022-07-11 00:00:00-04:00,8.699999809265137,8.710000038146973,8.380000114440918,8.479999542236328,117600,0.0,0.0
2022-07-12 00:00:00-04:00,8.3100004196167,8.579999923706055,8.260000228881836,8.5,62800,0.0,0.0
2022-07-13 00:00:00-04:00,8.380000114440918,8.890000343322754,8.300000190734863,8.649999618530273,71700,0.0,0.0
2022-07-14 00:00:00-04:00,8.270000457763672,8.609999656677246,8.140000343322754,8.449999809265137,77500,0.0,0.0
2022-07-15 00:00:00-04:00,8.5,8.59000015258789,8.25,8.460000038146973,118500,0.0,0.0
2022-07-18 00:00:00-04:00,8.65999984741211,9.0,8.579999923706055,8.75,65800,0.0,0.0
2022-07-19 00:00:00-04:00,8.859999656677246,8.960000038146973,8.399999618530273,8.9399995803833,131000,0.0,0.0
2022-07-20 00:00:00-04:00,8.989999771118164,9.08899974822998,8.6899995803833,8.859999656677246,122100,0.0,0.0
2022-07-21 00:00:00-04:00,8.850000381469727,8.960000038146973,8.619999885559082,8.960000038146973,77100,0.0,0.0
2022-07-22 00:00:00-04:00,8.890000343322754,9.25,8.699999809265137,8.770000457763672,138500,0.0,0.0
2022-07-25 00:00:00-04:00,8.869999885559082,8.869999885559082,8.470000267028809,8.59000015258789,106600,0.0,0.0
2022-07-26 00:00:00-04:00,8.59000015258789,8.710000038146973,8.470000267028809,8.630000114440918,83900,0.0,0.0
2022-07-27 00:00:00-04:00,8.739999771118164,9.048999786376953,8.579999923706055,9.029999732971191,76100,0.0,0.0
2022-07-28 00:00:00-04:00,9.1899995803833,9.319999694824219,8.960000038146973,9.0600004196167,73600,0.0,0.0
2022-07-29 00:00:00-04:00,9.100000381469727,9.899999618530273,8.970000267028809,9.899999618530273,174800,0.0,0.0
2022-08-01 00:00:00-04:00,9.899999618530273,10.25,9.725000381469727,10.210000038146973,59400,0.0,0.0
2022-08-02 00:00:00-04:00,10.149999618530273,10.149999618530273,9.079999923706055,9.09000015258789,162100,0.0,0.0
2022-08-03 00:00:00-04:00,8.90999984741211,9.0,8.329999923706055,8.470000267028809,360700,0.0,0.0
2022-08-04 00:00:00-04:00,8.430000305175781,8.875,8.430000305175781,8.609999656677246,111700,0.0,0.0
2022-08-05 00:00:00-04:00,8.5,9.460000038146973,8.470000267028809,9.4399995803833,108400,0.0,0.0
2022-08-08 00:00:00-04:00,9.569999694824219,10.4399995803833,9.569999694824219,10.399999618530273,150300,0.0,0.0
2022-08-09 00:00:00-04:00,10.539999961853027,10.539999961853027,10.09000015258789,10.380000114440918,93500,0.0,0.0
2022-08-10 00:00:00-04:00,10.479999542236328,11.07699966430664,10.479999542236328,11.020000457763672,67100,0.0,0.0
2022-08-11 00:00:00-04:00,11.140000343322754,11.460000038146973,11.0,11.270000457763672,96700,0.0,0.0
2022-08-12 00:00:00-04:00,11.390000343322754,11.390000343322754,10.5,10.84000015258789,123900,0.0,0.0
2022-08-15 00:00:00-04:00,10.420000076293945,10.420000076293945,9.850000381469727,9.920000076293945,119100,0.0,0.0
2022-08-16 00:00:00-04:00,9.899999618530273,10.350000381469727,9.899999618530273,10.329999923706055,76000,0.0,0.0
2022-08-17 00:00:00-04:00,10.180000305175781,10.279999732971191,9.739999771118164,10.09000015258789,51400,0.0,0.0
2022-08-18 00:00:00-04:00,10.109999656677246,10.350000381469727,10.100000381469727,10.329999923706055,49800,0.0,0.0
2022-08-19 00:00:00-04:00,10.279999732971191,10.279999732971191,9.960000038146973,10.020000457763672,44000,0.0,0.0
2022-08-22 00:00:00-04:00,9.960000038146973,9.960000038146973,9.619999885559082,9.850000381469727,48000,0.0,0.0
2022-08-23 00:00:00-04:00,9.949999809265137,10.699999809265137,9.899999618530273,10.699999809265137,57900,0.0,0.0
2022-08-24 00:00:00-04:00,10.699999809265137,10.819999694824219,10.449999809265137,10.670000076293945,98000,0.0,0.0
2022-08-25 00:00:00-04:00,10.84000015258789,10.899999618530273,10.569999694824219,10.779999732971191,62100,0.0,0.0
2022-08-26 00:00:00-04:00,10.84000015258789,10.930000305175781,10.295000076293945,10.3100004196167,58200,0.0,0.0
2022-08-29 00:00:00-04:00,10.25,10.350000381469727,10.029999732971191,10.050000190734863,26400,0.0,0.0
2022-08-30 00:00:00-04:00,10.119999885559082,10.119999885559082,9.479999542236328,9.479999542236328,47900,0.0,0.0
2022-08-31 00:00:00-04:00,9.319999694824219,9.59000015258789,9.319999694824219,9.470000267028809,53600,0.0,0.0
2022-09-01 00:00:00-04:00,9.350000381469727,9.460000038146973,8.829999923706055,9.050000190734863,139300,0.0,0.0
2022-09-02 00:00:00-04:00,9.470000267028809,9.479999542236328,9.109999656677246,9.390000343322754,65200,0.0,0.0
2022-09-06 00:00:00-04:00,9.529999732971191,9.779999732971191,9.529999732971191,9.680000305175781,37300,0.0,0.0
2022-09-07 00:00:00-04:00,9.529999732971191,9.970000267028809,9.430000305175781,9.890000343322754,52200,0.0,0.0
2022-09-08 00:00:00-04:00,9.90999984741211,10.460000038146973,9.880000114440918,10.430000305175781,69900,0.0,0.0
2022-09-09 00:00:00-04:00,10.630000114440918,11.104999542236328,10.630000114440918,11.079999923706055,72400,0.0,0.0
2022-09-12 00:00:00-04:00,11.130000114440918,11.5,11.130000114440918,11.390000343322754,107800,0.0,0.0
2022-09-13 00:00:00-04:00,10.949999809265137,11.5600004196167,10.869999885559082,10.869999885559082,109000,0.0,0.0
2022-09-14 00:00:00-04:00,10.770000457763672,11.0,10.668000221252441,10.869999885559082,41700,0.0,0.0
2022-09-15 00:00:00-04:00,10.75,10.920000076293945,10.350000381469727,10.470000267028809,49600,0.0,0.0
2022-09-16 00:00:00-04:00,10.229999542236328,10.670000076293945,10.03600025177002,10.600000381469727,53900,0.0,0.0
2022-09-19 00:00:00-04:00,10.350000381469727,10.869999885559082,10.270000457763672,10.770000457763672,51400,0.0,0.0
2022-09-20 00:00:00-04:00,10.649999618530273,10.65999984741211,10.399999618530273,10.640000343322754,40000,0.0,0.0
2022-09-21 00:00:00-04:00,10.720000267028809,10.869999885559082,10.470000267028809,10.510000228881836,32200,0.0,0.0
2022-09-22 00:00:00-04:00,10.5600004196167,10.597999572753906,10.130000114440918,10.199999809265137,77500,0.0,0.0
2022-09-23 00:00:00-04:00,9.8100004196167,9.8100004196167,9.307999610900879,9.4399995803833,102400,0.0,0.0
2022-09-26 00:00:00-04:00,9.329999923706055,9.649999618530273,9.279999732971191,9.430000305175781,49600,0.0,0.0
2022-09-27 00:00:00-04:00,9.65999984741211,9.779999732971191,9.489999771118164,9.600000381469727,53800,0.0,0.0
2022-09-28 00:00:00-04:00,9.729999542236328,10.4399995803833,9.6899995803833,10.420000076293945,72100,0.0,0.0
2022-09-29 00:00:00-04:00,10.649999618530273,11.418000221252441,10.649999618530273,11.180000305175781,227800,0.0,0.0
2022-09-30 00:00:00-04:00,11.119999885559082,11.149999618530273,10.800000190734863,11.0,107100,0.0,0.0
2022-10-03 00:00:00-04:00,11.1899995803833,11.600000381469727,11.1899995803833,11.260000228881836,57900,0.0,0.0
2022-10-04 00:00:00-04:00,11.489999771118164,12.039999961853027,11.411999702453613,11.989999771118164,49800,0.0,0.0
2022-10-05 00:00:00-04:00,11.680000305175781,11.9399995803833,11.65999984741211,11.899999618530273,35500,0.0,0.0
2022-10-06 00:00:00-04:00,11.850000381469727,12.267999649047852,11.680000305175781,11.699999809265137,49100,0.0,0.0
2022-10-07 00:00:00-04:00,11.630000114440918,12.300000190734863,11.539999961853027,12.140000343322754,65400,0.0,0.0
2022-10-10 00:00:00-04:00,12.210000038146973,12.460000038146973,11.8100004196167,12.130000114440918,60400,0.0,0.0
2022-10-11 00:00:00-04:00,11.90999984741211,12.0,11.539999961853027,11.609999656677246,84000,0.0,0.0
2022-10-12 00:00:00-04:00,11.5,12.210000038146973,11.5,12.170000076293945,46600,0.0,0.0
2022-10-13 00:00:00-04:00,11.8100004196167,12.904999732971191,11.489999771118164,12.880000114440918,115800,0.0,0.0
2022-10-14 00:00:00-04:00,12.824999809265137,12.890000343322754,12.300000190734863,12.319999694824219,64800,0.0,0.0
2022-10-17 00:00:00-04:00,12.329999923706055,12.600000381469727,11.760000228881836,12.119999885559082,72100,0.0,0.0
2022-10-18 00:00:00-04:00,12.329999923706055,12.336000442504883,11.569999694824219,11.640000343322754,33800,0.0,0.0
2022-10-19 00:00:00-04:00,11.40999984741211,11.680000305175781,10.59000015258789,10.899999618530273,72800,0.0,0.0
2022-10-20 00:00:00-04:00,10.9399995803833,11.399999618530273,10.859999656677246,11.069999694824219,55700,0.0,0.0
2022-10-21 00:00:00-04:00,11.050000190734863,11.510000228881836,10.970000267028809,11.4399995803833,116400,0.0,0.0
2022-10-24 00:00:00-04:00,11.5,11.5,11.0600004196167,11.25,35100,0.0,0.0
2022-10-25 00:00:00-04:00,11.130000114440918,11.420000076293945,11.020000457763672,11.420000076293945,20500,0.0,0.0
2022-10-26 00:00:00-04:00,11.5,12.319999694824219,11.5,12.170000076293945,72500,0.0,0.0
2022-10-27 00:00:00-04:00,12.199999809265137,12.279999732971191,11.8100004196167,11.850000381469727,34000,0.0,0.0
2022-10-28 00:00:00-04:00,11.619999885559082,11.789999961853027,11.517000198364258,11.680000305175781,34200,0.0,0.0
2022-10-31 00:00:00-04:00,11.569999694824219,11.569999694824219,11.237000465393066,11.380000114440918,84800,0.0,0.0
2022-11-01 00:00:00-04:00,11.779999732971191,12.300000190734863,11.670000076293945,12.270000457763672,98200,0.0,0.0
2022-11-02 00:00:00-04:00,11.300000190734863,11.699999809265137,9.850000381469727,9.989999771118164,146500,0.0,0.0
2022-11-03 00:00:00-04:00,9.989999771118164,10.300000190734863,9.557000160217285,10.050000190734863,69900,0.0,0.0
2022-11-04 00:00:00-04:00,10.600000381469727,11.119999885559082,10.510000228881836,11.050000190734863,106100,0.0,0.0
2022-11-07 00:00:00-05:00,11.09000015258789,11.09000015258789,10.729999542236328,11.029999732971191,65200,0.0,0.0
2022-11-08 00:00:00-05:00,11.079999923706055,12.0600004196167,11.079999923706055,11.9399995803833,51200,0.0,0.0
2022-11-09 00:00:00-05:00,11.9399995803833,11.9399995803833,11.371999740600586,11.510000228881836,37400,0.0,0.0
2022-11-10 00:00:00-05:00,12.239999771118164,13.166999816894531,12.039999961853027,13.09000015258789,114600,0.0,0.0
2022-11-11 00:00:00-05:00,13.260000228881836,13.550000190734863,12.829999923706055,12.829999923706055,106500,0.0,0.0
2022-11-14 00:00:00-05:00,12.699999809265137,12.699999809265137,12.130000114440918,12.430000305175781,77800,0.0,0.0
2022-11-15 00:00:00-05:00,12.430000305175781,12.579999923706055,12.069999694824219,12.25,123900,0.0,0.0
2022-11-16 00:00:00-05:00,12.140000343322754,12.300000190734863,11.8100004196167,12.260000228881836,70200,0.0,0.0
2022-11-17 00:00:00-05:00,11.930000305175781,12.039999961853027,11.710000038146973,12.039999961853027,39600,0.0,0.0
2022-11-18 00:00:00-05:00,12.09000015258789,12.09000015258789,11.369999885559082,11.579999923706055,83600,0.0,0.0
2022-11-21 00:00:00-05:00,11.430000305175781,11.489999771118164,11.0,11.489999771118164,59500,0.0,0.0
2022-11-22 00:00:00-05:00,11.609999656677246,12.149999618530273,11.539999961853027,12.119999885559082,64400,0.0,0.0
2022-11-23 00:00:00-05:00,12.039999961853027,12.4399995803833,11.979999542236328,12.350000381469727,50100,0.0,0.0
2022-11-25 00:00:00-05:00,12.449999809265137,12.449999809265137,12.119999885559082,12.229999542236328,23400,0.0,0.0
2022-11-28 00:00:00-05:00,12.170000076293945,12.170000076293945,11.359999656677246,11.4399995803833,82300,0.0,0.0
2022-11-29 00:00:00-05:00,11.529999732971191,12.170000076293945,11.529999732971191,12.09000015258789,44400,0.0,0.0
2022-11-30 00:00:00-05:00,12.40999984741211,12.779999732971191,12.260000228881836,12.640000343322754,83200,0.0,0.0
2022-12-01 00:00:00-05:00,12.880000114440918,13.220000267028809,12.720000267028809,13.15999984741211,48700,0.0,0.0
2022-12-02 00:00:00-05:00,12.930000305175781,13.140000343322754,12.550000190734863,13.109999656677246,80600,0.0,0.0
2022-12-05 00:00:00-05:00,13.109999656677246,13.369999885559082,12.550000190734863,12.670000076293945,66300,0.0,0.0
2022-12-06 00:00:00-05:00,12.850000381469727,12.864999771118164,12.125,12.220000267028809,52200,0.0,0.0
2022-12-07 00:00:00-05:00,12.25,13.093999862670898,12.25,12.84000015258789,49000,0.0,0.0
2022-12-08 00:00:00-05:00,13.020000457763672,13.300000190734863,12.9399995803833,12.970000267028809,45200,0.0,0.0
2022-12-09 00:00:00-05:00,12.960000038146973,13.119999885559082,12.800000190734863,12.890000343322754,35300,0.0,0.0
2022-12-12 00:00:00-05:00,12.979999542236328,13.460000038146973,12.949999809265137,13.3100004196167,78700,0.0,0.0
2022-12-13 00:00:00-05:00,13.920000076293945,14.319999694824219,13.920000076293945,14.1899995803833,115700,0.0,0.0
2022-12-14 00:00:00-05:00,14.1899995803833,14.390000343322754,13.930000305175781,13.960000038146973,78400,0.0,0.0
2022-12-15 00:00:00-05:00,13.65999984741211,13.895000457763672,13.199999809265137,13.489999771118164,55800,0.0,0.0
2022-12-16 00:00:00-05:00,13.359999656677246,14.479999542236328,13.15999984741211,14.34000015258789,67100,0.0,0.0
2022-12-19 00:00:00-05:00,14.529999732971191,14.779999732971191,14.005000114440918,14.050000190734863,96900,0.0,0.0
2022-12-20 00:00:00-05:00,14.199999809265137,14.289999961853027,13.729999542236328,13.8100004196167,46700,0.0,0.0
2022-12-21 00:00:00-05:00,13.960000038146973,14.0600004196167,13.600000381469727,13.65999984741211,42000,0.0,0.0
2022-12-22 00:00:00-05:00,13.5,13.630000114440918,13.3100004196167,13.600000381469727,39000,0.0,0.0
2022-12-23 00:00:00-05:00,13.609999656677246,13.729999542236328,13.40999984741211,13.59000015258789,42900,0.0,0.0
2022-12-27 00:00:00-05:00,13.710000038146973,14.071000099182129,13.579999923706055,13.890000343322754,36900,0.0,0.0
2022-12-28 00:00:00-05:00,13.930000305175781,14.149999618530273,13.800000190734863,13.960000038146973,71100,0.0,0.0
2022-12-29 00:00:00-05:00,14.050000190734863,14.25,13.989999771118164,14.0,34100,0.0,0.0
2022-12-30 00:00:00-05:00,14.029999732971191,14.039999961853027,13.640000343322754,13.75,50000,0.0,0.0
2023-01-03 00:00:00-05:00,13.630000114440918,13.989999771118164,13.609999656677246,13.779999732971191,75400,0.0,0.0
2023-01-04 00:00:00-05:00,14.119999885559082,14.4399995803833,13.869999885559082,14.210000038146973,59900,0.0,0.0
2023-01-05 00:00:00-05:00,14.25,14.25,13.670000076293945,14.119999885559082,34300,0.0,0.0
2023-01-06 00:00:00-05:00,14.380000114440918,15.0,14.380000114440918,14.90999984741211,67700,0.0,0.0
2023-01-09 00:00:00-05:00,15.1899995803833,15.449999809265137,14.9399995803833,14.960000038146973,70700,0.0,0.0
2023-01-10 00:00:00-05:00,15.050000190734863,15.1899995803833,14.84000015258789,15.020000457763672,54300,0.0,0.0
2023-01-11 00:00:00-05:00,15.460000038146973,15.479999542236328,15.130000114440918,15.180000305175781,119200,0.0,0.0
2023-01-12 00:00:00-05:00,15.470000267028809,15.59000015258789,14.960000038146973,15.390000343322754,80800,0.0,0.0
2023-01-13 00:00:00-05:00,15.380000114440918,15.869999885559082,15.039999961853027,15.569999694824219,130400,0.0,0.0
2023-01-17 00:00:00-05:00,15.380000114440918,15.529999732971191,15.055000305175781,15.149999618530273,87500,0.0,0.0
2023-01-18 00:00:00-05:00,15.510000228881836,16.309999465942383,15.470000267028809,15.699999809265137,217200,0.0,0.0
2023-01-19 00:00:00-05:00,15.869999885559082,16.25,15.569999694824219,16.040000915527344,140200,0.0,0.0
2023-01-20 00:00:00-05:00,15.899999618530273,16.200000762939453,15.739999771118164,16.049999237060547,76500,0.0,0.0
2023-01-23 00:00:00-05:00,16.0,16.094999313354492,15.539999961853027,16.049999237060547,92200,0.0,0.0
2023-01-24 00:00:00-05:00,16.09000015258789,16.18000030517578,15.789999961853027,16.06999969482422,62800,0.0,0.0
2023-01-25 00:00:00-05:00,15.850000381469727,16.040000915527344,15.75,16.0,104600,0.0,0.0
2023-01-26 00:00:00-05:00,16.020000457763672,16.149999618530273,15.831000328063965,16.030000686645508,60000,0.0,0.0
2023-01-27 00:00:00-05:00,15.84000015258789,15.989999771118164,15.640000343322754,15.6899995803833,40000,0.0,0.0
2023-01-30 00:00:00-05:00,15.460000038146973,15.729999542236328,15.319999694824219,15.539999961853027,53500,0.0,0.0
2023-01-31 00:00:00-05:00,15.229999542236328,16.489999771118164,15.220999717712402,16.389999389648438,113100,0.0,0.0
2023-02-01 00:00:00-05:00,16.229999542236328,16.90999984741211,16.100000381469727,16.770000457763672,87000,0.0,0.0
2023-02-02 00:00:00-05:00,16.770000457763672,16.850000381469727,15.84000015258789,15.9399995803833,93100,0.0,0.0
2023-02-03 00:00:00-05:00,15.399999618530273,16.030000686645508,15.359999656677246,15.600000381469727,103300,0.0,0.0
2023-02-06 00:00:00-05:00,15.40999984741211,15.59000015258789,15.1899995803833,15.470000267028809,45900,0.0,0.0
2023-02-07 00:00:00-05:00,15.350000381469727,15.970000267028809,15.319999694824219,15.970000267028809,64800,0.0,0.0
2023-02-08 00:00:00-05:00,15.989999771118164,16.15999984741211,15.699999809265137,15.8100004196167,42800,0.0,0.0
2023-02-09 00:00:00-05:00,15.90999984741211,16.084999084472656,15.5600004196167,15.609999656677246,30300,0.0,0.0
2023-02-10 00:00:00-05:00,15.600000381469727,15.600000381469727,14.967000007629395,15.109999656677246,51300,0.0,0.0
2023-02-13 00:00:00-05:00,14.970000267028809,15.539999961853027,14.970000267028809,15.329999923706055,88200,0.0,0.0
2023-02-14 00:00:00-05:00,15.119999885559082,15.680999755859375,15.109999656677246,15.670000076293945,86400,0.0,0.0
2023-02-15 00:00:00-05:00,15.220000267028809,15.649999618530273,14.970000267028809,15.649999618530273,68500,0.0,0.0
2023-02-16 00:00:00-05:00,15.479999542236328,16.459999084472656,15.449999809265137,16.3700008392334,75800,0.0,0.0
2023-02-17 00:00:00-05:00,16.0,16.639999389648438,15.97700023651123,16.600000381469727,64900,0.0,0.0
2023-02-21 00:00:00-05:00,16.559999465942383,16.600000381469727,15.84000015258789,16.020000457763672,79300,0.0,0.0
2023-02-22 00:00:00-05:00,15.819999694824219,15.885000228881836,15.550000190734863,15.65999984741211,38100,0.0,0.0
2023-02-23 00:00:00-05:00,15.569999694824219,16.274999618530273,15.569999694824219,15.850000381469727,38800,0.0,0.0
2023-02-24 00:00:00-05:00,15.390000343322754,15.460000038146973,14.8100004196167,15.069999694824219,60500,0.0,0.0
2023-02-27 00:00:00-05:00,15.069999694824219,16.219999313354492,15.069999694824219,16.139999389648438,74300,0.0,0.0
2023-02-28 00:00:00-05:00,16.110000610351562,16.65999984741211,15.59000015258789,15.649999618530273,79000,0.0,0.0
2023-03-01 00:00:00-05:00,15.729999542236328,16.899999618530273,15.729999542236328,16.579999923706055,239500,0.0,0.0
2023-03-02 00:00:00-05:00,16.299999237060547,17.149999618530273,16.139999389648438,17.139999389648438,112200,0.0,0.0
2023-03-03 00:00:00-05:00,17.170000076293945,18.45400047302246,17.170000076293945,18.18000030517578,143500,0.0,0.0
2023-03-06 00:00:00-05:00,18.030000686645508,18.270000457763672,17.674999237060547,18.100000381469727,121300,0.0,0.0
2023-03-07 00:00:00-05:00,17.799999237060547,17.920000076293945,17.1200008392334,17.139999389648438,166700,0.0,0.0
2023-03-08 00:00:00-05:00,16.229999542236328,17.700000762939453,16.229999542236328,17.68000030517578,159600,0.0,0.0
2023-03-09 00:00:00-05:00,17.719999313354492,18.360000610351562,16.45599937438965,16.780000686645508,272600,0.0,0.0
2023-03-10 00:00:00-05:00,16.709999084472656,17.260000228881836,16.450000762939453,16.829999923706055,93800,0.0,0.0
2023-03-13 00:00:00-04:00,16.43000030517578,16.850000381469727,15.819999694824219,16.579999923706055,180100,0.0,0.0
2023-03-14 00:00:00-04:00,16.56999969482422,16.889999389648438,16.190000534057617,16.700000762939453,176800,0.0,0.0
2023-03-15 00:00:00-04:00,16.1299991607666,16.170000076293945,15.260000228881836,15.399999618530273,187700,0.0,0.0
2023-03-16 00:00:00-04:00,15.239999771118164,15.819999694824219,15.100000381469727,15.640000343322754,179700,0.0,0.0
2023-03-17 00:00:00-04:00,15.5,16.450000762939453,15.270000457763672,16.200000762939453,182600,0.0,0.0
2023-03-20 00:00:00-04:00,16.309999465942383,17.0,16.18000030517578,16.549999237060547,94900,0.0,0.0
2023-03-21 00:00:00-04:00,16.709999084472656,16.875,16.45800018310547,16.690000534057617,55500,0.0,0.0
2023-03-22 00:00:00-04:00,16.6299991607666,17.18000030517578,16.440000534057617,16.579999923706055,81100,0.0,0.0
2023-03-23 00:00:00-04:00,16.6299991607666,16.860000610351562,16.309999465942383,16.5,71400,0.0,0.0
2023-03-24 00:00:00-04:00,16.290000915527344,16.68000030517578,16.1299991607666,16.65999984741211,67300,0.0,0.0
2023-03-27 00:00:00-04:00,16.559999465942383,17.09000015258789,16.469999313354492,17.0,65200,0.0,0.0
2023-03-28 00:00:00-04:00,16.93000030517578,17.389999389648438,16.604999542236328,17.3700008392334,57500,0.0,0.0
2023-03-29 00:00:00-04:00,17.610000610351562,18.719999313354492,17.579999923706055,17.969999313354492,358700,0.0,0.0
2023-03-30 00:00:00-04:00,18.139999389648438,18.229999542236328,17.729999542236328,17.90999984741211,116900,0.0,0.0
2023-03-31 00:00:00-04:00,17.860000610351562,18.06999969482422,17.40999984741211,17.639999389648438,86400,0.0,0.0
2023-04-03 00:00:00-04:00,17.540000915527344,18.200000762939453,17.540000915527344,18.110000610351562,141100,0.0,0.0
2023-04-04 00:00:00-04:00,18.079999923706055,18.079999923706055,17.079999923706055,17.110000610351562,178500,0.0,0.0
2023-04-05 00:00:00-04:00,16.90999984741211,17.559999465942383,16.81999969482422,16.940000534057617,115800,0.0,0.0
2023-04-06 00:00:00-04:00,17.079999923706055,17.90999984741211,17.040000915527344,17.59000015258789,108900,0.0,0.0
2023-04-10 00:00:00-04:00,17.3799991607666,17.43000030517578,16.979999542236328,17.209999084472656,52700,0.0,0.0
2023-04-11 00:00:00-04:00,17.200000762939453,17.850000381469727,17.200000762939453,17.700000762939453,86600,0.0,0.0
2023-04-12 00:00:00-04:00,17.799999237060547,18.110000610351562,17.600000381469727,17.729999542236328,100100,0.0,0.0
2023-04-13 00:00:00-04:00,17.93000030517578,19.209999084472656,17.799999237060547,19.010000228881836,143100,0.0,0.0
2023-04-14 00:00:00-04:00,19.0,19.729999542236328,18.950000762939453,19.329999923706055,195200,0.0,0.0
2023-04-17 00:00:00-04:00,19.280000686645508,19.530000686645508,18.09000015258789,18.8700008392334,204600,0.0,0.0
2023-04-18 00:00:00-04:00,18.969999313354492,20.049999237060547,18.860000610351562,19.93000030517578,166300,0.0,0.0
2023-04-19 00:00:00-04:00,19.610000610351562,19.94499969482422,19.309999465942383,19.799999237060547,70000,0.0,0.0
2023-04-20 00:00:00-04:00,19.530000686645508,20.5,19.434999465942383,19.84000015258789,164700,0.0,0.0
2023-04-21 00:00:00-04:00,19.559999465942383,19.809999465942383,18.920000076293945,19.299999237060547,145300,0.0,0.0
2023-04-24 00:00:00-04:00,19.100000381469727,19.701000213623047,19.06999969482422,19.530000686645508,99900,0.0,0.0
2023-04-25 00:00:00-04:00,19.139999389648438,19.190000534057617,18.70199966430664,18.93000030517578,87500,0.0,0.0
2023-04-26 00:00:00-04:00,19.040000915527344,19.360000610351562,18.829999923706055,19.219999313354492,78300,0.0,0.0
2023-04-27 00:00:00-04:00,19.18000030517578,19.719999313354492,19.149999618530273,19.6299991607666,71500,0.0,0.0
2023-04-28 00:00:00-04:00,19.43000030517578,19.739999771118164,19.3799991607666,19.690000534057617,72000,0.0,0.0
2023-05-01 00:00:00-04:00,19.760000228881836,20.270000457763672,19.760000228881836,20.06999969482422,70300,0.0,0.0
2023-05-02 00:00:00-04:00,19.860000610351562,20.049999237060547,19.600000381469727,19.950000762939453,99800,0.0,0.0
2023-05-03 00:00:00-04:00,19.920000076293945,20.139999389648438,19.392000198364258,19.6299991607666,95400,0.0,0.0
2023-05-04 00:00:00-04:00,19.520000457763672,20.170000076293945,19.420000076293945,19.799999237060547,83800,0.0,0.0
2023-05-05 00:00:00-04:00,19.729999542236328,20.690000534057617,19.690000534057617,20.540000915527344,108900,0.0,0.0
2023-05-08 00:00:00-04:00,20.809999465942383,20.985000610351562,20.549999237060547,20.639999389648438,127500,0.0,0.0
2023-05-09 00:00:00-04:00,20.329999923706055,20.559999465942383,19.299999237060547,20.280000686645508,136600,0.0,0.0
2023-05-10 00:00:00-04:00,20.280000686645508,20.280000686645508,18.1299991607666,18.719999313354492,229900,0.0,0.0
2023-05-11 00:00:00-04:00,18.149999618530273,18.299999237060547,17.299999237060547,17.639999389648438,173100,0.0,0.0
2023-05-12 00:00:00-04:00,17.579999923706055,18.09000015258789,17.389999389648438,17.530000686645508,94200,0.0,0.0
2023-05-15 00:00:00-04:00,17.489999771118164,18.424999237060547,17.489999771118164,18.399999618530273,64400,0.0,0.0
2023-05-16 00:00:00-04:00,18.049999237060547,18.610000610351562,17.899999618530273,18.290000915527344,139700,0.0,0.0
2023-05-17 00:00:00-04:00,18.309999465942383,18.770000457763672,18.149999618530273,18.59000015258789,118000,0.0,0.0
2023-05-18 00:00:00-04:00,18.229999542236328,18.600000381469727,18.200000762939453,18.520000457763672,57100,0.0,0.0
2023-05-19 00:00:00-04:00,18.149999618530273,18.760000228881836,18.010000228881836,18.559999465942383,142100,0.0,0.0
2023-05-22 00:00:00-04:00,18.389999389648438,18.700000762939453,18.059999465942383,18.65999984741211,67700,0.0,0.0
2023-05-23 00:00:00-04:00,18.25,18.584999084472656,17.959999084472656,18.09000015258789,88200,0.0,0.0
2023-05-24 00:00:00-04:00,17.899999618530273,17.915000915527344,16.639999389648438,17.040000915527344,185900,0.0,0.0
2023-05-25 00:00:00-04:00,17.09000015258789,17.479999542236328,16.954999923706055,17.299999237060547,61700,0.0,0.0
2023-05-26 00:00:00-04:00,17.40999984741211,17.860000610351562,17.3700008392334,17.809999465942383,95500,0.0,0.0
2023-05-30 00:00:00-04:00,18.010000228881836,18.40999984741211,17.850000381469727,18.1299991607666,114800,0.0,0.0
2023-05-31 00:00:00-04:00,17.770000457763672,17.770000457763672,16.239999771118164,16.530000686645508,162200,0.0,0.0
2023-06-01 00:00:00-04:00,16.469999313354492,17.368000030517578,16.469999313354492,17.020000457763672,67900,0.0,0.0
2023-06-02 00:00:00-04:00,17.270000457763672,18.1299991607666,17.270000457763672,17.739999771118164,188600,0.0,0.0
2023-06-05 00:00:00-04:00,17.600000381469727,17.8799991607666,17.299999237060547,17.420000076293945,86200,0.0,0.0
2023-06-06 00:00:00-04:00,17.170000076293945,17.760000228881836,17.110000610351562,17.459999084472656,71800,0.0,0.0
2023-06-07 00:00:00-04:00,17.299999237060547,17.8799991607666,17.21500015258789,17.469999313354492,81200,0.0,0.0
2023-06-08 00:00:00-04:00,17.360000610351562,17.665000915527344,17.166000366210938,17.40999984741211,51300,0.0,0.0
2023-06-09 00:00:00-04:00,17.239999771118164,18.25,17.239999771118164,18.18000030517578,121500,0.0,0.0
2023-06-12 00:00:00-04:00,18.200000762939453,19.170000076293945,18.10099983215332,18.8799991607666,122800,0.0,0.0
2023-06-13 00:00:00-04:00,19.09000015258789,19.65999984741211,18.985000610351562,19.600000381469727,111600,0.0,0.0
2023-06-14 00:00:00-04:00,19.920000076293945,20.549999237060547,19.559999465942383,20.290000915527344,166400,0.0,0.0
2023-06-15 00:00:00-04:00,19.950000762939453,21.139999389648438,19.950000762939453,20.90999984741211,123100,0.0,0.0
2023-06-16 00:00:00-04:00,20.690000534057617,21.0,20.420000076293945,20.75,72000,0.0,0.0
2023-06-20 00:00:00-04:00,20.399999618530273,20.520000457763672,19.75,20.270000457763672,87000,0.0,0.0
2023-06-21 00:00:00-04:00,19.959999084472656,20.780000686645508,19.959999084472656,20.709999084472656,53600,0.0,0.0
2023-06-22 00:00:00-04:00,20.309999465942383,20.899999618530273,20.209999084472656,20.270000457763672,397900,0.0,0.0
2023-06-23 00:00:00-04:00,19.93000030517578,20.020000457763672,19.54199981689453,19.969999313354492,116900,0.0,0.0
2023-06-26 00:00:00-04:00,19.84000015258789,20.450000762939453,19.84000015258789,20.389999389648438,39000,0.0,0.0
2023-06-27 00:00:00-04:00,20.5,20.700000762939453,20.260000228881836,20.5,79100,0.0,0.0
2023-06-28 00:00:00-04:00,20.030000686645508,20.389999389648438,19.885000228881836,20.239999771118164,102100,0.0,0.0
2023-06-29 00:00:00-04:00,20.100000381469727,20.510000228881836,19.899999618530273,20.450000762939453,124900,0.0,0.0
2023-06-30 00:00:00-04:00,20.200000762939453,20.5,19.25,20.229999542236328,228600,0.0,0.0
2023-07-03 00:00:00-04:00,20.309999465942383,21.198999404907227,20.135000228881836,20.860000610351562,53700,0.0,0.0
2023-07-05 00:00:00-04:00,20.350000381469727,20.350000381469727,19.899999618530273,20.100000381469727,98700,0.0,0.0
2023-07-06 00:00:00-04:00,19.549999237060547,19.920000076293945,19.15999984741211,19.639999389648438,143400,0.0,0.0
2023-07-07 00:00:00-04:00,19.600000381469727,20.34000015258789,19.520000457763672,20.110000610351562,103700,0.0,0.0
2023-07-10 00:00:00-04:00,19.889999389648438,20.719999313354492,19.84000015258789,20.6200008392334,118300,0.0,0.0
2023-07-11 00:00:00-04:00,20.649999618530273,20.81999969482422,20.43000030517578,20.780000686645508,143100,0.0,0.0
2023-07-12 00:00:00-04:00,21.0,22.045000076293945,21.0,21.889999389648438,146700,0.0,0.0
2023-07-13 00:00:00-04:00,22.049999237060547,22.46500015258789,21.90999984741211,22.3700008392334,94500,0.0,0.0
2023-07-14 00:00:00-04:00,22.06999969482422,22.145000457763672,21.135000228881836,21.739999771118164,204000,0.0,0.0
2023-07-17 00:00:00-04:00,21.219999313354492,21.780000686645508,21.219999313354492,21.739999771118164,87800,0.0,0.0
2023-07-18 00:00:00-04:00,21.6200008392334,22.18000030517578,21.440000534057617,21.889999389648438,116400,0.0,0.0
2023-07-19 00:00:00-04:00,21.649999618530273,21.81999969482422,21.3799991607666,21.760000228881836,89800,0.0,0.0
2023-07-20 00:00:00-04:00,21.899999618530273,22.280000686645508,21.60099983215332,21.860000610351562,136200,0.0,0.0
2023-07-21 00:00:00-04:00,21.729999542236328,21.81999969482422,21.229999542236328,21.549999237060547,106500,0.0,0.0
2023-07-24 00:00:00-04:00,21.40999984741211,22.1200008392334,21.385000228881836,21.899999618530273,96200,0.0,0.0
2023-07-25 00:00:00-04:00,21.969999313354492,23.299999237060547,21.969999313354492,22.790000915527344,293800,0.0,0.0
2023-07-26 00:00:00-04:00,22.56999969482422,22.690000534057617,21.969999313354492,22.600000381469727,112000,0.0,0.0
2023-07-27 00:00:00-04:00,22.59000015258789,23.1299991607666,22.090999603271484,22.65999984741211,178700,0.0,0.0
2023-07-28 00:00:00-04:00,22.760000228881836,23.34000015258789,22.739999771118164,23.239999771118164,136400,0.0,0.0
2023-07-31 00:00:00-04:00,23.270000457763672,24.3799991607666,23.270000457763672,24.030000686645508,364600,0.0,0.0
2023-08-01 00:00:00-04:00,23.790000915527344,24.010000228881836,23.209999084472656,23.479999542236328,173000,0.0,0.0
2023-08-02 00:00:00-04:00,22.90999984741211,23.219999313354492,22.459999084472656,22.6200008392334,115000,0.0,0.0
2023-08-03 00:00:00-04:00,22.200000762939453,22.459999084472656,21.6299991607666,21.959999084472656,202600,0.0,0.0
2023-08-04 00:00:00-04:00,21.799999237060547,22.510000228881836,21.700000762939453,21.719999313354492,178000,0.0,0.0
2023-08-07 00:00:00-04:00,21.670000076293945,21.719999313354492,21.260000228881836,21.43000030517578,66800,0.0,0.0
2023-08-08 00:00:00-04:00,20.950000762939453,21.40999984741211,20.295000076293945,21.3700008392334,197500,0.0,0.0
2023-08-09 00:00:00-04:00,21.290000915527344,21.459999084472656,21.020000457763672,21.25,87200,0.0,0.0
2023-08-10 00:00:00-04:00,21.350000381469727,21.520000457763672,20.93000030517578,21.110000610351562,94000,0.0,0.0
2023-08-11 00:00:00-04:00,20.690000534057617,21.219999313354492,20.690000534057617,21.149999618530273,54500,0.0,0.0
2023-08-14 00:00:00-04:00,21.0,21.049999237060547,20.735000610351562,20.889999389648438,110700,0.0,0.0
2023-08-15 00:00:00-04:00,20.59000015258789,20.59000015258789,19.75,20.0,236600,0.0,0.0
2023-08-16 00:00:00-04:00,19.809999465942383,19.90999984741211,19.479999542236328,19.639999389648438,220000,0.0,0.0
2023-08-17 00:00:00-04:00,19.770000457763672,19.989999771118164,19.600000381469727,19.649999618530273,114500,0.0,0.0
2023-08-18 00:00:00-04:00,19.270000457763672,19.790000915527344,19.040000915527344,19.780000686645508,140600,0.0,0.0
2023-08-21 00:00:00-04:00,19.649999618530273,20.709999084472656,19.649999618530273,20.540000915527344,110300,0.0,0.0
2023-08-22 00:00:00-04:00,20.549999237060547,20.809999465942383,20.479999542236328,20.639999389648438,132500,0.0,0.0
2023-08-23 00:00:00-04:00,20.59000015258789,21.290000915527344,20.56999969482422,21.25,152400,0.0,0.0
2023-08-24 00:00:00-04:00,21.170000076293945,21.219999313354492,20.540000915527344,20.549999237060547,140900,0.0,0.0
2023-08-25 00:00:00-04:00,20.6200008392334,20.860000610351562,20.139999389648438,20.649999618530273,124300,0.0,0.0
2023-08-28 00:00:00-04:00,20.68000030517578,21.049999237060547,20.68000030517578,20.889999389648438,86800,0.0,0.0
2023-08-29 00:00:00-04:00,20.709999084472656,21.510000228881836,20.670000076293945,21.510000228881836,147700,0.0,0.0
2023-08-30 00:00:00-04:00,21.399999618530273,22.110000610351562,21.3799991607666,21.510000228881836,128600,0.0,0.0
2023-08-31 00:00:00-04:00,20.950000762939453,20.986000061035156,20.1299991607666,20.68000030517578,263700,0.0,0.0
2023-09-01 00:00:00-04:00,20.950000762939453,20.975000381469727,20.110000610351562,20.350000381469727,149900,0.0,0.0
2023-09-05 00:00:00-04:00,20.200000762939453,20.350000381469727,19.90999984741211,20.219999313354492,106800,0.0,0.0
2023-09-06 00:00:00-04:00,20.049999237060547,20.25,19.46500015258789,19.780000686645508,253100,0.0,0.0
2023-09-07 00:00:00-04:00,19.399999618530273,19.459999084472656,19.040000915527344,19.170000076293945,107600,0.0,0.0
2023-09-08 00:00:00-04:00,18.979999542236328,19.100000381469727,18.549999237060547,18.600000381469727,128000,0.0,0.0
2023-09-11 00:00:00-04:00,18.899999618530273,19.385000228881836,18.809999465942383,19.149999618530273,154000,0.0,0.0
2023-09-12 00:00:00-04:00,18.920000076293945,19.110000610351562,18.709999084472656,18.809999465942383,117200,0.0,0.0
2023-09-13 00:00:00-04:00,18.540000915527344,18.8700008392334,18.170000076293945,18.350000381469727,308800,0.0,0.0
2023-09-14 00:00:00-04:00,18.479999542236328,18.690000534057617,18.309999465942383,18.520000457763672,249000,0.0,0.0
2023-09-15 00:00:00-04:00,18.34000015258789,18.989999771118164,18.170000076293945,18.81999969482422,215400,0.0,0.0
2023-09-18 00:00:00-04:00,18.780000686645508,19.155000686645508,18.68000030517578,19.010000228881836,154900,0.0,0.0
2023-09-19 00:00:00-04:00,18.940000534057617,19.079999923706055,18.170000076293945,18.530000686645508,164800,0.0,0.0
2023-09-20 00:00:00-04:00,18.6200008392334,18.989999771118164,18.360000610351562,18.360000610351562,143600,0.0,0.0
2023-09-21 00:00:00-04:00,17.920000076293945,18.010000228881836,17.4950008392334,17.690000534057617,213500,0.0,0.0
2023-09-22 00:00:00-04:00,17.639999389648438,18.020000457763672,17.6200008392334,17.639999389648438,192500,0.0,0.0
2023-09-25 00:00:00-04:00,17.31999969482422,17.690000534057617,17.309999465942383,17.610000610351562,165300,0.0,0.0
2023-09-26 00:00:00-04:00,17.25,17.3799991607666,16.760000228881836,16.940000534057617,117700,0.0,0.0
2023-09-27 00:00:00-04:00,16.93000030517578,17.06999969482422,16.65999984741211,16.799999237060547,171100,0.0,0.0
2023-09-28 00:00:00-04:00,16.670000076293945,17.1200008392334,16.645000457763672,17.079999923706055,161000,0.0,0.0
2023-09-29 00:00:00-04:00,17.329999923706055,17.7189998626709,17.09000015258789,17.239999771118164,145100,0.0,0.0
2023-10-02 00:00:00-04:00,16.899999618530273,17.049999237060547,16.149999618530273,16.25,188300,0.0,0.0
2023-10-03 00:00:00-04:00,15.930000305175781,16.25,15.539999961853027,15.6899995803833,158200,0.0,0.0
2023-10-04 00:00:00-04:00,15.579999923706055,15.710000038146973,15.170000076293945,15.579999923706055,143300,0.0,0.0
2023-10-05 00:00:00-04:00,15.369999885559082,15.6899995803833,15.359999656677246,15.65999984741211,111000,0.0,0.0
2023-10-06 00:00:00-04:00,15.4399995803833,16.559999465942383,15.4399995803833,16.389999389648438,243200,0.0,0.0
2023-10-09 00:00:00-04:00,16.059999465942383,16.395000457763672,15.9399995803833,16.229999542236328,45800,0.0,0.0
2023-10-10 00:00:00-04:00,16.309999465942383,16.53499984741211,16.18000030517578,16.31999969482422,204300,0.0,0.0
2023-10-11 00:00:00-04:00,16.31999969482422,16.610000610351562,15.770000457763672,15.970000267028809,110800,0.0,0.0
2023-10-12 00:00:00-04:00,15.850000381469727,15.920000076293945,14.779999732971191,14.779999732971191,277900,0.0,0.0
2023-10-13 00:00:00-04:00,14.829999923706055,15.020000457763672,14.470000267028809,14.600000381469727,222200,0.0,0.0
2023-10-16 00:00:00-04:00,14.529999732971191,15.0,14.529999732971191,14.8100004196167,231500,0.0,0.0
2023-10-17 00:00:00-04:00,14.460000038146973,14.949999809265137,14.390000343322754,14.869999885559082,203800,0.0,0.0
2023-10-18 00:00:00-04:00,14.5600004196167,14.819999694824219,14.260000228881836,14.5,155700,0.0,0.0
2023-10-19 00:00:00-04:00,14.390000343322754,14.600000381469727,14.109999656677246,14.109999656677246,358700,0.0,0.0
2023-10-20 00:00:00-04:00,13.890000343322754,14.100000381469727,13.760000228881836,13.800000190734863,338700,0.0,0.0
2023-10-23 00:00:00-04:00,13.619999885559082,13.819999694824219,13.319999694824219,13.609999656677246,246700,0.0,0.0
2023-10-24 00:00:00-04:00,13.680000305175781,14.25,13.680000305175781,14.100000381469727,144800,0.0,0.0
2023-10-25 00:00:00-04:00,13.800000190734863,14.194999694824219,13.729999542236328,13.760000228881836,182100,0.0,0.0
2023-10-26 00:00:00-04:00,13.65999984741211,13.90999984741211,13.59000015258789,13.75,307400,0.0,0.0
2023-10-27 00:00:00-04:00,13.800000190734863,14.130000114440918,13.774999618530273,13.850000381469727,200300,0.0,0.0
2023-10-30 00:00:00-04:00,14.039999961853027,14.260000228881836,13.135000228881836,13.539999961853027,215700,0.0,0.0
2023-10-31 00:00:00-04:00,13.449999809265137,13.800000190734863,13.375,13.569999694824219,204700,0.0,0.0
2023-11-01 00:00:00-04:00,13.449999809265137,13.545000076293945,13.0,13.279999732971191,190700,0.0,0.0
2023-11-02 00:00:00-04:00,13.430000305175781,13.739999771118164,13.319999694824219,13.550000190734863,153400,0.0,0.0
2023-11-03 00:00:00-04:00,13.109999656677246,14.229999542236328,13.020000457763672,13.520000457763672,432100,0.0,0.0
2023-11-06 00:00:00-05:00,13.380000114440918,13.850000381469727,13.15999984741211,13.34000015258789,259700,0.0,0.0
2023-11-07 00:00:00-05:00,12.050000190734863,12.260000228881836,11.885000228881836,11.920000076293945,1267800,0.0,0.0
2023-11-08 00:00:00-05:00,12.0600004196167,12.140000343322754,11.75,11.979999542236328,462800,0.0,0.0
2023-11-09 00:00:00-05:00,12.069999694824219,12.119999885559082,11.600000381469727,11.720000267028809,535000,0.0,0.0
2023-11-10 00:00:00-05:00,11.670000076293945,11.770000457763672,11.350000381469727,11.75,461700,0.0,0.0
2023-11-13 00:00:00-05:00,11.619999885559082,11.710000038146973,11.430000305175781,11.630000114440918,352800,0.0,0.0
2023-11-14 00:00:00-05:00,11.90999984741211,12.229999542236328,11.821000099182129,12.079999923706055,914500,0.0,0.0
2023-11-15 00:00:00-05:00,12.170000076293945,12.380000114440918,11.90999984741211,11.949999809265137,297000,0.0,0.0
2023-11-16 00:00:00-05:00,11.789999961853027,11.989999771118164,11.4399995803833,11.65999984741211,369000,0.0,0.0
2023-11-17 00:00:00-05:00,11.8100004196167,11.970000267028809,11.59000015258789,11.65999984741211,190300,0.0,0.0
2023-11-20 00:00:00-05:00,11.649999618530273,12.399999618530273,11.5600004196167,12.319999694824219,635200,0.0,0.0
2023-11-21 00:00:00-05:00,12.260000228881836,12.9399995803833,12.260000228881836,12.609999656677246,730100,0.0,0.0
2023-11-22 00:00:00-05:00,12.569999694824219,12.850000381469727,12.4399995803833,12.65999984741211,333700,0.0,0.0
2023-11-24 00:00:00-05:00,12.579999923706055,12.755000114440918,12.489999771118164,12.569999694824219,112900,0.0,0.0
2023-11-27 00:00:00-05:00,12.5,12.59000015258789,12.130000114440918,12.270000457763672,266000,0.0,0.0
2023-11-28 00:00:00-05:00,12.239999771118164,12.579999923706055,12.109999656677246,12.489999771118164,412100,0.0,0.0
2023-11-29 00:00:00-05:00,12.65999984741211,12.65999984741211,12.329999923706055,12.399999618530273,346200,0.0,0.0
2023-11-30 00:00:00-05:00,12.40999984741211,12.489999771118164,11.960000038146973,12.329999923706055,510600,0.0,0.0
2023-12-01 00:00:00-05:00,12.25,13.680000305175781,12.25,13.649999618530273,889500,0.0,0.0
2023-12-04 00:00:00-05:00,13.34000015258789,13.640000343322754,13.239999771118164,13.40999984741211,344300,0.0,0.0
2023-12-05 00:00:00-05:00,13.170000076293945,13.255000114440918,12.6899995803833,12.739999771118164,225000,0.0,0.0
2023-12-06 00:00:00-05:00,12.869999885559082,13.010000228881836,12.59000015258789,12.65999984741211,139600,0.0,0.0
2023-12-07 00:00:00-05:00,12.720000267028809,12.859999656677246,12.59000015258789,12.720000267028809,130000,0.0,0.0
2023-12-08 00:00:00-05:00,12.630000114440918,13.579999923706055,12.630000114440918,13.539999961853027,304500,0.0,0.0
2023-12-11 00:00:00-05:00,13.350000381469727,13.460000038146973,13.220000267028809,13.460000038146973,252200,0.0,0.0
2023-12-12 00:00:00-05:00,13.449999809265137,13.779999732971191,13.220000267028809,13.739999771118164,480800,0.0,0.0
2023-12-13 00:00:00-05:00,13.8100004196167,14.789999961853027,13.649999618530273,14.770000457763672,449200,0.0,0.0
2023-12-14 00:00:00-05:00,15.140000343322754,16.360000610351562,15.140000343322754,16.329999923706055,589700,0.0,0.0
2023-12-15 00:00:00-05:00,16.399999618530273,16.739999771118164,16.135000228881836,16.209999084472656,452100,0.0,0.0
2023-12-18 00:00:00-05:00,16.190000534057617,16.510000228881836,15.84000015258789,15.90999984741211,287200,0.0,0.0
2023-12-19 00:00:00-05:00,15.960000038146973,16.84000015258789,15.960000038146973,16.799999237060547,303000,0.0,0.0
2023-12-20 00:00:00-05:00,16.610000610351562,16.84000015258789,16.167999267578125,16.229999542236328,230200,0.0,0.0
2023-12-21 00:00:00-05:00,16.440000534057617,16.690000534057617,16.280000686645508,16.459999084472656,148100,0.0,0.0
2023-12-22 00:00:00-05:00,16.399999618530273,16.809999465942383,16.399999618530273,16.600000381469727,245800,0.0,0.0
2023-12-26 00:00:00-05:00,16.489999771118164,16.6299991607666,16.450000762939453,16.579999923706055,85200,0.0,0.0
2023-12-27 00:00:00-05:00,16.40999984741211,16.780000686645508,16.40999984741211,16.510000228881836,195500,0.0,0.0
2023-12-28 00:00:00-05:00,16.559999465942383,16.559999465942383,15.869999885559082,16.030000686645508,238900,0.0,0.0
2023-12-29 00:00:00-05:00,15.770000457763672,16.010000228881836,15.564000129699707,15.789999961853027,192600,0.0,0.0
2024-01-02 00:00:00-05:00,15.680000305175781,16.06399917602539,15.569999694824219,15.75,120300,0.0,0.0
2024-01-03 00:00:00-05:00,15.399999618530273,16.1200008392334,15.1899995803833,16.1200008392334,388400,0.0,0.0
2024-01-04 00:00:00-05:00,15.979999542236328,16.270000457763672,15.760000228881836,16.239999771118164,257800,0.0,0.0
2024-01-05 00:00:00-05:00,16.280000686645508,16.600000381469727,15.84000015258789,16.389999389648438,272100,0.0,0.0
2024-01-08 00:00:00-05:00,15.920000076293945,16.670000076293945,15.920000076293945,16.65999984741211,189800,0.0,0.0
2024-01-09 00:00:00-05:00,16.270000457763672,16.3700008392334,15.890000343322754,15.949999809265137,273200,0.0,0.0
2024-01-10 00:00:00-05:00,15.739999771118164,16.0,15.489999771118164,15.550000190734863,201300,0.0,0.0
2024-01-11 00:00:00-05:00,15.390000343322754,15.697999954223633,15.279999732971191,15.5600004196167,138500,0.0,0.0
2024-01-12 00:00:00-05:00,15.65999984741211,16.0,15.470000267028809,15.539999961853027,86800,0.0,0.0
2024-01-16 00:00:00-05:00,15.289999961853027,15.539999961853027,15.100000381469727,15.529999732971191,264600,0.0,0.0
2024-01-17 00:00:00-05:00,15.25,15.456999778747559,15.09000015258789,15.210000038146973,304000,0.0,0.0
2024-01-18 00:00:00-05:00,15.199999809265137,15.199999809265137,14.880000114440918,15.069999694824219,238400,0.0,0.0
2024-01-19 00:00:00-05:00,15.149999618530273,15.300000190734863,14.90999984741211,15.279999732971191,340800,0.0,0.0
2024-01-22 00:00:00-05:00,15.15999984741211,15.3100004196167,14.399999618530273,14.4399995803833,418800,0.0,0.0
2024-01-23 00:00:00-05:00,14.670000076293945,15.270000457763672,14.479999542236328,14.609999656677246,455900,0.0,0.0
2024-01-24 00:00:00-05:00,14.920000076293945,15.65999984741211,14.920000076293945,15.329999923706055,302800,0.0,0.0
2024-01-25 00:00:00-05:00,15.40999984741211,15.649999618530273,15.109999656677246,15.34000015258789,296600,0.0,0.0
2024-01-26 00:00:00-05:00,15.399999618530273,15.600000381469727,15.220000267028809,15.300000190734863,161200,0.0,0.0
2024-01-29 00:00:00-05:00,15.319999694824219,15.850000381469727,14.869999885559082,15.729999542236328,669900,0.0,0.0
2024-01-30 00:00:00-05:00,15.5,15.75,15.09000015258789,15.680000305175781,241400,0.0,0.0
2024-01-31 00:00:00-05:00,15.779999732971191,16.1200008392334,15.600000381469727,15.65999984741211,311500,0.0,0.0
2024-02-01 00:00:00-05:00,15.9399995803833,16.40999984741211,15.880000114440918,16.389999389648438,268100,0.0,0.0
2024-02-02 00:00:00-05:00,15.970000267028809,16.229999542236328,15.59000015258789,15.720000267028809,279800,0.0,0.0
2024-02-05 00:00:00-05:00,15.289999961853027,15.449999809265137,14.449999809265137,14.90999984741211,271700,0.0,0.0
2024-02-06 00:00:00-05:00,15.0600004196167,15.449999809265137,15.0,15.420000076293945,191700,0.0,0.0
2024-02-07 00:00:00-05:00,15.460000038146973,15.550000190734863,15.164999961853027,15.489999771118164,148300,0.0,0.0
2024-02-08 00:00:00-05:00,15.4399995803833,15.619999885559082,15.166999816894531,15.609999656677246,216900,0.0,0.0
2024-02-09 00:00:00-05:00,15.65999984741211,15.65999984741211,15.34000015258789,15.59000015258789,441000,0.0,0.0
2024-02-12 00:00:00-05:00,15.579999923706055,15.800000190734863,15.229999542236328,15.550000190734863,112400,0.0,0.0
2024-02-13 00:00:00-05:00,15.15999984741211,15.239999771118164,13.949999809265137,14.09000015258789,296400,0.0,0.0
2024-02-14 00:00:00-05:00,14.079999923706055,14.510000228881836,13.779999732971191,14.4399995803833,285300,0.0,0.0
2024-02-15 00:00:00-05:00,14.569999694824219,15.140000343322754,14.569999694824219,15.119999885559082,184800,0.0,0.0
2024-02-16 00:00:00-05:00,15.220000267028809,16.709999084472656,15.210000038146973,16.270000457763672,375900,0.0,0.0
2024-02-20 00:00:00-05:00,16.149999618530273,16.149999618530273,15.420000076293945,15.539999961853027,203700,0.0,0.0
2024-02-21 00:00:00-05:00,15.270000457763672,16.209999084472656,15.270000457763672,16.200000762939453,416700,0.0,0.0
2024-02-22 00:00:00-05:00,16.280000686645508,16.559999465942383,15.930000305175781,16.389999389648438,293000,0.0,0.0
2024-02-23 00:00:00-05:00,16.510000228881836,16.65999984741211,16.281999588012695,16.579999923706055,251600,0.0,0.0
2024-02-26 00:00:00-05:00,16.229999542236328,16.3799991607666,15.6899995803833,16.010000228881836,258400,0.0,0.0
2024-02-27 00:00:00-05:00,16.200000762939453,17.030000686645508,15.949999809265137,16.979999542236328,404600,0.0,0.0
2024-02-28 00:00:00-05:00,16.950000762939453,17.190000534057617,16.59000015258789,16.719999313354492,308800,0.0,0.0
2024-02-29 00:00:00-05:00,17.079999923706055,17.184999465942383,16.790000915527344,17.059999465942383,228800,0.0,0.0
2024-03-01 00:00:00-05:00,17.260000228881836,17.8700008392334,16.989999771118164,17.739999771118164,383300,0.0,0.0
2024-03-04 00:00:00-05:00,17.809999465942383,18.280000686645508,17.700000762939453,18.049999237060547,682900,0.0,0.0
2024-03-05 00:00:00-05:00,18.110000610351562,18.110000610351562,16.964000701904297,17.079999923706055,280500,0.0,0.0
2024-03-06 00:00:00-05:00,17.59000015258789,17.920000076293945,17.450000762939453,17.719999313354492,224100,0.0,0.0
2024-03-07 00:00:00-05:00,18.06999969482422,18.260000228881836,17.459999084472656,17.479999542236328,364000,0.0,0.0
2024-03-08 00:00:00-05:00,16.719999313354492,17.43000030517578,15.800000190734863,16.540000915527344,576600,0.0,0.0
2024-03-11 00:00:00-04:00,16.329999923706055,17.1299991607666,16.329999923706055,16.93000030517578,387800,0.0,0.0
2024-03-12 00:00:00-04:00,16.809999465942383,17.06999969482422,16.549999237060547,17.059999465942383,257500,0.0,0.0
2024-03-13 00:00:00-04:00,17.34000015258789,18.549999237060547,17.34000015258789,18.260000228881836,884200,0.0,0.0
2024-03-14 00:00:00-04:00,18.25,18.260000228881836,17.649999618530273,18.239999771118164,402300,0.0,0.0
2024-03-15 00:00:00-04:00,18.440000534057617,19.264999389648438,18.399999618530273,19.049999237060547,495400,0.0,0.0
2024-03-18 00:00:00-04:00,19.18000030517578,19.43000030517578,18.399999618530273,18.479999542236328,340600,0.0,0.0
2024-03-19 00:00:00-04:00,18.219999313354492,18.309999465942383,17.940000534057617,18.25,337300,0.0,0.0
2024-03-20 00:00:00-04:00,18.139999389648438,19.315000534057617,18.079999923706055,19.020000457763672,361900,0.0,0.0
2024-03-21 00:00:00-04:00,19.270000457763672,19.270000457763672,18.71299934387207,19.06999969482422,241400,0.0,0.0
2024-03-22 00:00:00-04:00,18.809999465942383,19.1200008392334,18.649999618530273,18.709999084472656,156400,0.0,0.0
2024-03-25 00:00:00-04:00,18.709999084472656,18.989999771118164,18.56999969482422,18.56999969482422,175000,0.0,0.0
2024-03-26 00:00:00-04:00,18.700000762939453,18.940000534057617,18.51099967956543,18.559999465942383,163500,0.0,0.0
2024-03-27 00:00:00-04:00,18.579999923706055,19.0,18.549999237060547,18.93000030517578,215700,0.0,0.0
2024-03-28 00:00:00-04:00,19.049999237060547,19.3799991607666,19.0,19.280000686645508,323200,0.0,0.0
2024-04-01 00:00:00-04:00,19.5,19.65999984741211,19.0,19.280000686645508,462000,0.0,0.0
2024-04-02 00:00:00-04:00,19.309999465942383,20.299999237060547,19.309999465942383,20.170000076293945,432000,0.0,0.0
2024-04-03 00:00:00-04:00,20.3700008392334,21.479999542236328,20.329999923706055,20.84000015258789,610700,0.0,0.0
2024-04-04 00:00:00-04:00,20.959999084472656,21.690000534057617,20.649999618530273,20.799999237060547,482300,0.0,0.0
2024-04-05 00:00:00-04:00,20.670000076293945,21.219999313354492,20.354999542236328,20.889999389648438,441700,0.0,0.0
2024-04-08 00:00:00-04:00,21.260000228881836,21.420000076293945,20.489999771118164,20.899999618530273,248400,0.0,0.0
2024-04-09 00:00:00-04:00,21.280000686645508,22.209999084472656,21.110000610351562,21.790000915527344,527700,0.0,0.0
2024-04-10 00:00:00-04:00,21.209999084472656,21.979999542236328,20.899999618530273,21.190000534057617,435700,0.0,0.0
2024-04-11 00:00:00-04:00,21.190000534057617,21.399999618530273,20.469999313354492,21.010000228881836,335000,0.0,0.0
2024-04-12 00:00:00-04:00,21.520000457763672,21.670000076293945,20.389999389648438,20.6200008392334,387600,0.0,0.0
2024-04-15 00:00:00-04:00,21.030000686645508,21.030000686645508,20.18000030517578,20.600000381469727,298000,0.0,0.0
2024-04-16 00:00:00-04:00,19.989999771118164,20.229999542236328,19.5,20.06999969482422,389300,0.0,0.0
2024-04-17 00:00:00-04:00,20.360000610351562,20.899999618530273,19.799999237060547,19.940000534057617,292300,0.0,0.0
2024-04-18 00:00:00-04:00,20.459999084472656,20.959999084472656,20.149999618530273,20.299999237060547,415600,0.0,0.0
2024-04-19 00:00:00-04:00,20.170000076293945,20.44499969482422,19.8799991607666,20.139999389648438,423000,0.0,0.0
2024-04-22 00:00:00-04:00,19.780000686645508,19.799999237060547,19.049999237060547,19.40999984741211,465800,0.0,0.0
2024-04-23 00:00:00-04:00,18.860000610351562,19.440000534057617,18.510000228881836,19.229999542236328,636500,0.0,0.0
2024-04-24 00:00:00-04:00,19.209999084472656,19.239999771118164,18.559999465942383,18.6200008392334,458500,0.0,0.0
2024-04-25 00:00:00-04:00,18.639999389648438,19.3799991607666,18.280000686645508,19.079999923706055,488700,0.0,0.0
2024-04-26 00:00:00-04:00,19.360000610351562,20.670000076293945,19.360000610351562,20.6200008392334,369700,0.0,0.0
2024-04-29 00:00:00-04:00,20.8700008392334,21.139999389648438,20.40999984741211,21.139999389648438,643300,0.0,0.0
2024-04-30 00:00:00-04:00,20.530000686645508,21.15999984741211,20.290000915527344,20.389999389648438,663300,0.0,0.0
2024-05-01 00:00:00-04:00,20.209999084472656,21.113000869750977,19.989999771118164,20.440000534057617,475500,0.0,0.0
2024-05-02 00:00:00-04:00,20.5,20.690000534057617,20.020000457763672,20.440000534057617,281000,0.0,0.0
2024-05-03 00:00:00-04:00,20.760000228881836,21.239999771118164,20.6299991607666,20.81999969482422,321400,0.0,0.0
2024-05-06 00:00:00-04:00,21.09000015258789,21.68000030517578,20.965999603271484,21.190000534057617,415700,0.0,0.0
2024-05-07 00:00:00-04:00,21.010000228881836,21.270000457763672,20.7450008392334,20.920000076293945,291500,0.0,0.0
2024-05-08 00:00:00-04:00,20.700000762939453,21.540000915527344,20.31999969482422,21.350000381469727,762600,0.0,0.0
2024-05-09 00:00:00-04:00,21.360000610351562,21.93000030517578,21.06999969482422,21.809999465942383,455000,0.0,0.0
2024-05-10 00:00:00-04:00,22.0,22.540000915527344,21.489999771118164,21.520000457763672,470900,0.0,0.0
2024-05-13 00:00:00-04:00,21.700000762939453,21.84000015258789,21.31999969482422,21.700000762939453,450800,0.0,0.0
2024-05-14 00:00:00-04:00,21.969999313354492,22.469999313354492,21.920000076293945,22.1200008392334,397700,0.0,0.0
2024-05-15 00:00:00-04:00,22.399999618530273,22.399999618530273,21.760000228881836,21.93000030517578,408800,0.0,0.0
2024-05-16 00:00:00-04:00,21.8700008392334,22.399999618530273,21.639999389648438,22.200000762939453,373600,0.0,0.0
2024-05-17 00:00:00-04:00,22.520000457763672,23.899999618530273,22.209999084472656,23.8700008392334,654400,0.0,0.0
2024-05-20 00:00:00-04:00,24.100000381469727,24.34000015258789,23.43000030517578,23.920000076293945,581500,0.0,0.0
2024-05-21 00:00:00-04:00,23.809999465942383,24.1299991607666,23.56999969482422,23.6299991607666,284900,0.0,0.0
2024-05-22 00:00:00-04:00,22.920000076293945,23.149999618530273,22.280000686645508,22.3700008392334,537700,0.0,0.0
2024-05-23 00:00:00-04:00,22.469999313354492,22.690000534057617,21.8700008392334,21.989999771118164,363200,0.0,0.0
2024-05-24 00:00:00-04:00,22.200000762939453,22.84000015258789,22.110000610351562,22.780000686645508,231000,0.0,0.0
2024-05-28 00:00:00-04:00,22.770000457763672,23.530000686645508,22.389999389648438,23.1299991607666,470300,0.0,0.0
2024-05-29 00:00:00-04:00,22.56999969482422,22.65999984741211,21.65999984741211,21.719999313354492,482200,0.0,0.0
2024-05-30 00:00:00-04:00,21.700000762939453,21.954999923706055,21.520000457763672,21.610000610351562,388000,0.0,0.0
2024-05-31 00:00:00-04:00,21.780000686645508,21.850000381469727,20.979999542236328,21.299999237060547,410700,0.0,0.0
2024-06-03 00:00:00-04:00,21.280000686645508,21.375,20.200000762939453,20.56999969482422,598200,0.0,0.0
2024-06-04 00:00:00-04:00,20.09000015258789,20.176000595092773,18.950000762939453,19.059999465942383,509500,0.0,0.0
2024-06-05 00:00:00-04:00,19.049999237060547,19.709999084472656,19.049999237060547,19.540000915527344,315700,0.0,0.0
2024-06-06 00:00:00-04:00,19.5,20.25,19.5,20.100000381469727,297000,0.0,0.0
2024-06-07 00:00:00-04:00,19.450000762939453,19.790000915527344,19.246999740600586,19.6200008392334,327900,0.0,0.0
2024-06-10 00:00:00-04:00,19.729999542236328,20.899999618530273,19.700000762939453,20.68000030517578,604800,0.0,0.0
2024-06-11 00:00:00-04:00,20.31999969482422,20.3799991607666,19.934999465942383,20.25,375100,0.0,0.0
2024-06-12 00:00:00-04:00,20.790000915527344,21.170000076293945,20.68000030517578,20.8799991607666,359000,0.0,0.0
2024-06-13 00:00:00-04:00,20.739999771118164,21.139999389648438,20.510000228881836,20.6299991607666,237500,0.0,0.0
2024-06-14 00:00:00-04:00,20.3700008392334,20.700000762939453,20.110000610351562,20.309999465942383,191300,0.0,0.0
2024-06-17 00:00:00-04:00,20.059999465942383,20.510000228881836,19.700000762939453,20.270000457763672,258600,0.0,0.0
2024-06-18 00:00:00-04:00,20.1200008392334,20.479999542236328,20.040000915527344,20.260000228881836,228100,0.0,0.0
2024-06-20 00:00:00-04:00,20.639999389648438,21.270000457763672,20.639999389648438,21.030000686645508,343800,0.0,0.0
2024-06-21 00:00:00-04:00,20.8799991607666,20.950000762939453,20.30500030517578,20.520000457763672,197700,0.0,0.0
2024-06-24 00:00:00-04:00,20.520000457763672,21.729999542236328,20.520000457763672,21.6200008392334,501700,0.0,0.0
2024-06-25 00:00:00-04:00,21.5,21.549999237060547,20.940000534057617,21.049999237060547,222400,0.0,0.0
2024-06-26 00:00:00-04:00,21.43000030517578,21.989999771118164,21.31999969482422,21.920000076293945,351200,0.0,0.0
2024-06-27 00:00:00-04:00,21.989999771118164,22.219999313354492,21.639999389648438,21.75,206600,0.0,0.0
2024-06-28 00:00:00-04:00,22.0,22.450000762939453,21.260000228881836,21.3799991607666,256900,0.0,0.0
2024-07-01 00:00:00-04:00,21.540000915527344,21.649999618530273,21.06999969482422,21.299999237060547,166200,0.0,0.0
2024-07-02 00:00:00-04:00,21.40999984741211,21.799999237060547,21.200000762939453,21.739999771118164,157300,0.0,0.0
2024-07-03 00:00:00-04:00,22.1200008392334,23.030000686645508,22.1200008392334,22.559999465942383,203700,0.0,0.0
2024-07-05 00:00:00-04:00,22.989999771118164,23.31999969482422,22.92099952697754,22.950000762939453,246800,0.0,0.0
2024-07-08 00:00:00-04:00,22.790000915527344,22.850000381469727,22.104999542236328,22.520000457763672,241000,0.0,0.0
2024-07-09 00:00:00-04:00,22.489999771118164,22.719999313354492,22.329999923706055,22.3799991607666,173200,0.0,0.0
2024-07-10 00:00:00-04:00,22.540000915527344,23.049999237060547,22.540000915527344,22.790000915527344,153900,0.0,0.0
2024-07-11 00:00:00-04:00,23.219999313354492,23.219999313354492,21.709999084472656,21.950000762939453,261800,0.0,0.0
2024-07-12 00:00:00-04:00,22.100000381469727,23.059999465942383,22.040000915527344,22.81999969482422,400100,0.0,0.0
2024-07-15 00:00:00-04:00,22.719999313354492,22.760000228881836,22.020000457763672,22.020000457763672,273400,0.0,0.0
2024-07-16 00:00:00-04:00,21.75,21.790000915527344,21.0,21.540000915527344,266200,0.0,0.0
2024-07-17 00:00:00-04:00,21.299999237060547,21.420000076293945,20.5,20.670000076293945,404900,0.0,0.0
2024-07-18 00:00:00-04:00,20.56999969482422,20.56999969482422,19.510000228881836,19.780000686645508,455700,0.0,0.0
2024-07-19 00:00:00-04:00,19.399999618530273,19.760000228881836,19.329999923706055,19.610000610351562,273600,0.0,0.0
2024-07-22 00:00:00-04:00,19.68000030517578,19.68000030517578,19.15999984741211,19.31999969482422,269800,0.0,0.0
2024-07-23 00:00:00-04:00,19.1299991607666,19.65999984741211,18.770000457763672,19.6299991607666,295900,0.0,0.0
2024-07-24 00:00:00-04:00,19.700000762939453,20.280000686645508,19.040000915527344,19.06999969482422,312200,0.0,0.0
2024-07-25 00:00:00-04:00,18.81999969482422,19.190000534057617,18.450000762939453,18.979999542236328,306400,0.0,0.0
2024-07-26 00:00:00-04:00,19.209999084472656,19.5,19.1200008392334,19.329999923706055,178000,0.0,0.0
2024-07-29 00:00:00-04:00,19.229999542236328,19.389999389648438,18.780000686645508,19.059999465942383,228200,0.0,0.0
2024-07-30 00:00:00-04:00,18.940000534057617,19.170000076293945,18.350000381469727,18.709999084472656,265300,0.0,0.0
2024-07-31 00:00:00-04:00,19.360000610351562,19.731000900268555,19.190000534057617,19.5,291700,0.0,0.0
2024-08-01 00:00:00-04:00,19.56999969482422,19.6299991607666,18.579999923706055,18.700000762939453,418500,0.0,0.0
2024-08-02 00:00:00-04:00,18.25,19.229999542236328,18.160999298095703,19.010000228881836,563900,0.0,0.0
2024-08-05 00:00:00-04:00,18.309999465942383,18.73900032043457,17.68000030517578,17.940000534057617,327900,0.0,0.0
2024-08-06 00:00:00-04:00,18.1200008392334,19.6200008392334,17.959999084472656,19.34000015258789,638100,0.0,0.0
2024-08-07 00:00:00-04:00,19.729999542236328,19.729999542236328,17.90999984741211,18.1200008392334,384900,0.0,0.0
2024-08-08 00:00:00-04:00,18.31999969482422,18.610000610351562,18.18000030517578,18.540000915527344,286200,0.0,0.0
2024-08-09 00:00:00-04:00,18.780000686645508,18.920000076293945,18.459999084472656,18.530000686645508,195300,0.0,0.0
2024-08-12 00:00:00-04:00,18.59000015258789,19.06999969482422,18.59000015258789,18.889999389648438,194900,0.0,0.0
2024-08-13 00:00:00-04:00,18.84000015258789,19.149999618530273,18.510000228881836,19.020000457763672,165400,0.0,0.0
2024-08-14 00:00:00-04:00,19.020000457763672,19.139999389648438,18.760000228881836,19.09000015258789,140800,0.0,0.0
2024-08-15 00:00:00-04:00,19.450000762939453,20.075000762939453,19.3799991607666,19.93000030517578,367200,0.0,0.0
2024-08-16 00:00:00-04:00,19.829999923706055,19.8700008392334,19.40999984741211,19.790000915527344,255400,0.0,0.0
2024-08-19 00:00:00-04:00,19.860000610351562,20.0,19.709999084472656,19.90999984741211,153500,0.0,0.0
2024-08-20 00:00:00-04:00,20.09000015258789,20.59000015258789,19.969999313354492,20.059999465942383,370700,0.0,0.0
2024-08-21 00:00:00-04:00,20.25,21.110000610351562,20.145000457763672,20.989999771118164,378900,0.0,0.0
2024-08-22 00:00:00-04:00,20.84000015258789,20.8799991607666,20.415000915527344,20.639999389648438,326900,0.0,0.0
2024-08-23 00:00:00-04:00,21.0,21.65999984741211,20.899999618530273,21.360000610351562,253100,0.0,0.0
2024-08-26 00:00:00-04:00,21.600000381469727,22.209999084472656,21.520000457763672,21.799999237060547,272600,0.0,0.0
2024-08-27 00:00:00-04:00,21.860000610351562,22.270000457763672,21.739999771118164,21.799999237060547,248600,0.0,0.0
2024-08-28 00:00:00-04:00,21.290000915527344,21.389999389648438,20.979999542236328,21.110000610351562,208500,0.0,0.0
2024-08-29 00:00:00-04:00,21.270000457763672,21.270000457763672,20.219999313354492,20.219999313354492,302000,0.0,0.0
2024-08-30 00:00:00-04:00,20.360000610351562,20.670000076293945,20.079999923706055,20.549999237060547,219700,0.0,0.0
