Date,Open,High,Low,Close,Volume,Dividends,Stock Splits
1992-07-09 00:00:00-04:00,43.125,43.125,41.25,41.25,1107,0.0,0.0
1992-07-10 00:00:00-04:00,43.125,43.125,41.25,41.25,533,0.0,0.0
1992-07-13 00:00:00-04:00,43.125,43.125,41.25,41.25,1847,0.0,0.0
1992-07-14 00:00:00-04:00,41.25,41.25,41.25,41.25,27,0.0,0.0
1992-07-15 00:00:00-04:00,41.25,41.25,41.25,41.25,67,0.0,0.0
1992-07-16 00:00:00-04:00,43.125,43.125,41.25,41.25,233,0.0,0.0
1992-07-17 00:00:00-04:00,41.25,43.125,41.25,41.25,380,0.0,0.0
1992-07-20 00:00:00-04:00,43.125,43.125,41.25,41.25,633,0.0,0.0
1992-07-21 00:00:00-04:00,41.25,41.25,41.25,41.25,67,0.0,0.0
1992-07-22 00:00:00-04:00,43.125,43.125,43.125,43.125,213,0.0,0.0
1992-07-23 00:00:00-04:00,41.25,43.125,41.25,43.125,767,0.0,0.0
1992-07-24 00:00:00-04:00,41.25,43.125,41.25,43.125,1973,0.0,0.0
1992-07-27 00:00:00-04:00,41.25,41.25,41.25,41.25,67,0.0,0.0
1992-07-28 00:00:00-04:00,41.25,41.25,41.25,41.25,13,0.0,0.0
1992-07-29 00:00:00-04:00,41.25,41.25,41.25,41.25,333,0.0,0.0
1992-07-30 00:00:00-04:00,41.25,43.125,41.25,43.125,53,0.0,0.0
1992-07-31 00:00:00-04:00,41.25,41.25,41.25,41.25,367,0.0,0.0
1992-08-03 00:00:00-04:00,43.125,43.125,43.125,43.125,13,0.0,0.0
1992-08-04 00:00:00-04:00,42.1875,43.125,41.25,41.25,467,0.0,0.0
1992-08-05 00:00:00-04:00,43.125,43.125,41.25,43.125,1133,0.0,0.0
1992-08-06 00:00:00-04:00,41.25,41.25,41.25,41.25,13,0.0,0.0
1992-08-07 00:00:00-04:00,43.125,43.125,43.125,43.125,340,0.0,0.0
1992-08-10 00:00:00-04:00,43.125,43.125,43.125,43.125,33,0.0,0.0
1992-08-11 00:00:00-04:00,43.125,43.125,41.25,41.25,67,0.0,0.0
1992-08-12 00:00:00-04:00,43.125,43.125,41.25,41.25,360,0.0,0.0
1992-08-13 00:00:00-04:00,43.125,43.125,41.25,43.125,600,0.0,0.0
1992-08-14 00:00:00-04:00,43.125,43.125,41.25,41.25,1527,0.0,0.0
1992-08-17 00:00:00-04:00,40.3125,43.125,40.3125,43.125,787,0.0,0.0
1992-08-18 00:00:00-04:00,40.3125,43.125,40.3125,43.125,627,0.0,0.0
1992-08-19 00:00:00-04:00,43.125,43.125,39.375,43.125,300,0.0,0.0
1992-08-20 00:00:00-04:00,39.375,43.125,39.375,39.375,1180,0.0,0.0
1992-08-21 00:00:00-04:00,43.125,43.125,43.125,43.125,180,0.0,0.0
1992-08-24 00:00:00-04:00,43.125,43.125,43.125,43.125,273,0.0,0.0
1992-08-25 00:00:00-04:00,43.125,43.125,43.125,43.125,67,0.0,0.0
1992-08-26 00:00:00-04:00,43.125,43.125,38.4375,43.125,507,0.0,0.0
1992-08-27 00:00:00-04:00,43.125,43.125,43.125,43.125,400,0.0,0.0
1992-08-28 00:00:00-04:00,39.375,43.125,39.375,43.125,67,0.0,0.0
1992-08-31 00:00:00-04:00,43.125,43.125,38.4375,43.125,1213,0.0,0.0
1992-09-01 00:00:00-04:00,43.125,43.125,39.375,43.125,427,0.0,0.0
1992-09-02 00:00:00-04:00,39.375,43.125,39.375,43.125,973,0.0,0.0
1992-09-03 00:00:00-04:00,43.125,43.125,40.3125,41.25,1613,0.0,0.0
1992-09-04 00:00:00-04:00,43.125,43.125,41.25,43.125,940,0.0,0.0
1992-09-08 00:00:00-04:00,43.125,46.875,43.125,44.0625,1880,0.0,0.0
1992-09-09 00:00:00-04:00,46.875,46.875,44.0625,46.875,3407,0.0,0.0
1992-09-10 00:00:00-04:00,44.0625,48.75,44.0625,45.0,2067,0.0,0.0
1992-09-11 00:00:00-04:00,48.75,50.625,45.0,45.0,3113,0.0,0.0
1992-09-14 00:00:00-04:00,50.625,50.625,45.0,48.75,1487,0.0,0.0
1992-09-15 00:00:00-04:00,48.75,50.625,45.0,50.625,1393,0.0,0.0
1992-09-16 00:00:00-04:00,50.625,50.625,45.0,45.0,1033,0.0,0.0
1992-09-17 00:00:00-04:00,50.625,50.625,45.0,45.0,3067,0.0,0.0
1992-09-18 00:00:00-04:00,48.75,48.75,45.0,48.75,1853,0.0,0.0
1992-09-21 00:00:00-04:00,48.75,48.75,45.0,48.75,747,0.0,0.0
1992-09-22 00:00:00-04:00,48.75,48.75,45.0,48.75,707,0.0,0.0
1992-09-23 00:00:00-04:00,48.75,48.75,48.75,48.75,67,0.0,0.0
1992-09-24 00:00:00-04:00,48.75,48.75,45.0,45.0,2053,0.0,0.0
1992-09-25 00:00:00-04:00,45.9375,48.75,45.9375,48.75,5247,0.0,0.0
1992-09-28 00:00:00-04:00,46.875,52.5,46.875,52.5,6813,0.0,0.0
1992-09-29 00:00:00-04:00,52.5,52.5,48.75,48.75,4213,0.0,0.0
1992-09-30 00:00:00-04:00,52.5,52.5,48.75,48.75,5300,0.0,0.0
1992-10-01 00:00:00-04:00,48.75,52.5,48.75,52.5,1947,0.0,0.0
1992-10-02 00:00:00-04:00,52.5,52.5,48.75,52.5,1927,0.0,0.0
1992-10-05 00:00:00-04:00,52.5,52.5,48.75,52.5,607,0.0,0.0
1992-10-06 00:00:00-04:00,52.5,52.5,46.875,50.625,680,0.0,0.0
1992-10-07 00:00:00-04:00,46.875,52.5,46.875,50.625,393,0.0,0.0
1992-10-08 00:00:00-04:00,50.625,50.625,46.875,48.75,727,0.0,0.0
1992-10-09 00:00:00-04:00,50.625,50.625,46.875,46.875,2053,0.0,0.0
1992-10-12 00:00:00-04:00,46.875,50.625,46.875,48.75,540,0.0,0.0
1992-10-13 00:00:00-04:00,50.625,50.625,46.875,50.625,1000,0.0,0.0
1992-10-14 00:00:00-04:00,50.625,50.625,46.875,46.875,2053,0.0,0.0
1992-10-15 00:00:00-04:00,50.625,50.625,46.875,46.875,860,0.0,0.0
1992-10-16 00:00:00-04:00,46.875,50.625,46.875,46.875,2087,0.0,0.0
1992-10-19 00:00:00-04:00,50.625,50.625,50.625,50.625,133,0.0,0.0
1992-10-20 00:00:00-04:00,46.875,50.625,46.875,46.875,747,0.0,0.0
1992-10-21 00:00:00-04:00,50.625,50.625,46.875,50.625,2040,0.0,0.0
1992-10-22 00:00:00-04:00,50.625,50.625,45.0,50.625,1833,0.0,0.0
1992-10-23 00:00:00-04:00,48.75,48.75,45.0,45.0,1327,0.0,0.0
1992-10-26 00:00:00-05:00,47.8125,48.75,45.0,45.0,2180,0.0,0.0
1992-10-27 00:00:00-05:00,45.0,48.75,45.0,48.75,233,0.0,0.0
1992-10-28 00:00:00-05:00,45.0,45.0,45.0,45.0,240,0.0,0.0
1992-10-29 00:00:00-05:00,48.75,48.75,45.0,45.0,453,0.0,0.0
1992-10-30 00:00:00-05:00,48.75,48.75,41.25,43.125,3220,0.0,0.0
1992-11-02 00:00:00-05:00,43.125,45.9375,42.1875,42.1875,573,0.0,0.0
1992-11-03 00:00:00-05:00,45.9375,45.9375,41.25,41.25,460,0.0,0.0
1992-11-04 00:00:00-05:00,42.1875,45.9375,42.1875,43.125,527,0.0,0.0
1992-11-05 00:00:00-05:00,45.0,45.0,41.25,41.25,140,0.0,0.0
1992-11-06 00:00:00-05:00,41.25,45.0,41.25,41.25,580,0.0,0.0
1992-11-09 00:00:00-05:00,42.1875,43.125,37.5,37.5,1820,0.0,0.0
1992-11-10 00:00:00-05:00,37.5,38.4375,35.625,35.625,1173,0.0,0.0
1992-11-11 00:00:00-05:00,34.6875,39.375,34.6875,39.375,2840,0.0,0.0
1992-11-12 00:00:00-05:00,39.375,43.125,38.4375,40.3125,2233,0.0,0.0
1992-11-13 00:00:00-05:00,45.0,45.0,40.3125,40.3125,567,0.0,0.0
1992-11-16 00:00:00-05:00,40.3125,40.3125,40.3125,40.3125,313,0.0,0.0
1992-11-17 00:00:00-05:00,40.3125,43.125,40.3125,40.3125,1147,0.0,0.0
1992-11-18 00:00:00-05:00,40.3125,40.3125,37.5,37.5,753,0.0,0.0
1992-11-19 00:00:00-05:00,39.375,41.25,38.4375,38.4375,1467,0.0,0.0
1992-11-20 00:00:00-05:00,41.25,41.25,38.4375,38.4375,1093,0.0,0.0
1992-11-23 00:00:00-05:00,38.4375,41.25,38.4375,38.4375,1107,0.0,0.0
1992-11-24 00:00:00-05:00,38.4375,40.3125,37.5,37.5,267,0.0,0.0
1992-11-25 00:00:00-05:00,37.5,37.5,36.5625,36.5625,267,0.0,0.0
1992-11-27 00:00:00-05:00,36.5625,36.5625,36.5625,36.5625,0,0.0,0.0
1992-11-30 00:00:00-05:00,40.3125,40.3125,36.5625,36.5625,1160,0.0,0.0
1992-12-01 00:00:00-05:00,40.3125,40.3125,36.5625,36.5625,433,0.0,0.0
1992-12-02 00:00:00-05:00,35.625,39.375,35.625,38.4375,3633,0.0,0.0
1992-12-03 00:00:00-05:00,38.4375,38.4375,35.625,35.625,673,0.0,0.0
1992-12-04 00:00:00-05:00,35.625,37.5,35.625,37.5,1500,0.0,0.0
1992-12-07 00:00:00-05:00,36.5625,36.5625,35.625,35.625,300,0.0,0.0
1992-12-08 00:00:00-05:00,35.625,41.25,34.6875,34.6875,660,0.0,0.0
1992-12-09 00:00:00-05:00,39.375,39.375,33.75,33.75,920,0.0,0.0
1992-12-10 00:00:00-05:00,39.375,39.375,33.75,35.625,733,0.0,0.0
1992-12-11 00:00:00-05:00,33.75,37.5,32.8125,37.5,520,0.0,0.0
1992-12-14 00:00:00-05:00,31.875,37.5,31.875,37.5,720,0.0,0.0
1992-12-15 00:00:00-05:00,37.5,37.5,33.75,33.75,107,0.0,0.0
1992-12-16 00:00:00-05:00,32.8125,32.8125,32.8125,32.8125,133,0.0,0.0
1992-12-17 00:00:00-05:00,32.8125,37.5,32.8125,34.6875,1920,0.0,0.0
1992-12-18 00:00:00-05:00,33.75,37.5,33.75,37.5,593,0.0,0.0
1992-12-21 00:00:00-05:00,33.75,37.5,33.75,33.75,520,0.0,0.0
1992-12-22 00:00:00-05:00,33.75,37.5,33.75,35.625,1420,0.0,0.0
1992-12-23 00:00:00-05:00,35.625,37.5,35.625,35.625,247,0.0,0.0
1992-12-24 00:00:00-05:00,34.6875,37.5,33.75,37.5,2440,0.0,0.0
1992-12-28 00:00:00-05:00,37.5,37.5,33.75,33.75,500,0.0,0.0
1992-12-29 00:00:00-05:00,36.5625,36.5625,33.75,33.75,813,0.0,0.0
1992-12-30 00:00:00-05:00,33.75,37.5,33.75,37.5,713,0.0,0.0
1992-12-31 00:00:00-05:00,37.5,37.5,33.75,37.5,333,0.0,0.0
1993-01-04 00:00:00-05:00,36.5625,36.5625,33.75,33.75,467,0.0,0.0
1993-01-05 00:00:00-05:00,37.5,37.5,34.6875,37.5,333,0.0,0.0
1993-01-06 00:00:00-05:00,37.5,38.4375,36.5625,36.5625,860,0.0,0.0
1993-01-07 00:00:00-05:00,39.375,39.375,36.5625,37.5,1720,0.0,0.0
1993-01-08 00:00:00-05:00,39.375,43.125,37.5,41.25,1160,0.0,0.0
1993-01-11 00:00:00-05:00,43.125,43.125,39.375,41.25,627,0.0,0.0
1993-01-12 00:00:00-05:00,43.125,43.125,40.3125,42.1875,873,0.0,0.0
1993-01-13 00:00:00-05:00,43.125,43.125,41.25,41.25,4367,0.0,0.0
1993-01-14 00:00:00-05:00,43.125,43.125,41.25,43.125,2133,0.0,0.0
1993-01-15 00:00:00-05:00,43.125,43.125,41.25,41.25,720,0.0,0.0
1993-01-18 00:00:00-05:00,41.25,43.125,41.25,41.25,327,0.0,0.0
1993-01-19 00:00:00-05:00,43.125,43.125,39.375,41.25,1513,0.0,0.0
1993-01-20 00:00:00-05:00,41.25,41.25,37.5,41.25,253,0.0,0.0
1993-01-21 00:00:00-05:00,41.25,41.25,37.5,39.375,1447,0.0,0.0
1993-01-22 00:00:00-05:00,41.25,41.25,38.4375,39.375,1713,0.0,0.0
1993-01-25 00:00:00-05:00,40.3125,40.3125,37.5,40.3125,527,0.0,0.0
1993-01-26 00:00:00-05:00,38.4375,40.3125,37.5,37.5,953,0.0,0.0
1993-01-27 00:00:00-05:00,40.3125,40.3125,37.5,37.5,1553,0.0,0.0
1993-01-28 00:00:00-05:00,40.3125,40.3125,37.5,37.5,1233,0.0,0.0
1993-01-29 00:00:00-05:00,40.3125,40.3125,37.5,40.3125,627,0.0,0.0
1993-02-01 00:00:00-05:00,37.5,41.25,36.5625,41.25,580,0.0,0.0
1993-02-02 00:00:00-05:00,39.375,42.1875,36.5625,42.1875,1147,0.0,0.0
1993-02-03 00:00:00-05:00,37.5,37.5,37.5,37.5,40,0.0,0.0
1993-02-04 00:00:00-05:00,42.1875,42.1875,37.5,37.5,927,0.0,0.0
1993-02-05 00:00:00-05:00,37.5,42.1875,37.5,37.5,447,0.0,0.0
1993-02-08 00:00:00-05:00,42.1875,42.1875,37.5,37.5,173,0.0,0.0
1993-02-09 00:00:00-05:00,41.25,41.25,35.625,35.625,147,0.0,0.0
1993-02-10 00:00:00-05:00,37.5,39.375,35.625,35.625,600,0.0,0.0
1993-02-11 00:00:00-05:00,34.6875,34.6875,34.6875,34.6875,380,0.0,0.0
1993-02-12 00:00:00-05:00,38.4375,38.4375,31.875,37.5,2987,0.0,0.0
1993-02-16 00:00:00-05:00,37.5,37.5,31.875,31.875,267,0.0,0.0
1993-02-17 00:00:00-05:00,37.5,37.5,31.875,31.875,393,0.0,0.0
1993-02-18 00:00:00-05:00,35.625,36.5625,31.875,35.625,380,0.0,0.0
1993-02-19 00:00:00-05:00,31.875,35.625,31.875,32.8125,1473,0.0,0.0
1993-02-22 00:00:00-05:00,31.875,31.875,31.875,31.875,173,0.0,0.0
1993-02-23 00:00:00-05:00,31.875,31.875,31.875,31.875,53,0.0,0.0
1993-02-24 00:00:00-05:00,33.75,36.5625,31.875,36.5625,547,0.0,0.0
1993-02-25 00:00:00-05:00,31.875,31.875,30.0,30.0,353,0.0,0.0
1993-02-26 00:00:00-05:00,34.6875,34.6875,30.0,34.6875,347,0.0,0.0
1993-03-01 00:00:00-05:00,30.0,35.625,30.0,31.875,1200,0.0,0.0
1993-03-02 00:00:00-05:00,33.75,33.75,30.0,33.75,700,0.0,0.0
1993-03-03 00:00:00-05:00,35.625,35.625,30.0,33.75,393,0.0,0.0
1993-03-04 00:00:00-05:00,33.75,33.75,30.0,30.0,700,0.0,0.0
1993-03-05 00:00:00-05:00,33.75,35.625,30.0,35.625,293,0.0,0.0
1993-03-08 00:00:00-05:00,33.75,34.6875,30.0,30.0,673,0.0,0.0
1993-03-09 00:00:00-05:00,30.0,33.75,28.125,29.0625,387,0.0,0.0
1993-03-10 00:00:00-05:00,31.875,31.875,28.125,31.875,1287,0.0,0.0
1993-03-11 00:00:00-05:00,29.0625,33.75,29.0625,33.75,3160,0.0,0.0
1993-03-12 00:00:00-05:00,33.75,33.75,30.9375,30.9375,180,0.0,0.0
1993-03-15 00:00:00-05:00,33.75,33.75,31.875,33.75,313,0.0,0.0
1993-03-16 00:00:00-05:00,33.75,33.75,30.0,30.9375,300,0.0,0.0
1993-03-17 00:00:00-05:00,30.9375,33.75,30.0,30.0,780,0.0,0.0
1993-03-18 00:00:00-05:00,33.75,33.75,30.0,33.75,447,0.0,0.0
1993-03-19 00:00:00-05:00,33.75,33.75,30.0,30.9375,1353,0.0,0.0
1993-03-22 00:00:00-05:00,30.0,30.9375,30.0,30.0,260,0.0,0.0
1993-03-23 00:00:00-05:00,30.0,30.0,28.125,28.125,207,0.0,0.0
1993-03-24 00:00:00-05:00,28.125,31.875,28.125,31.875,600,0.0,0.0
1993-03-25 00:00:00-05:00,28.125,30.9375,28.125,28.125,433,0.0,0.0
1993-03-26 00:00:00-05:00,28.125,28.125,28.125,28.125,0,0.0,0.0
1993-03-29 00:00:00-05:00,28.125,31.875,28.125,31.875,207,0.0,0.0
1993-03-30 00:00:00-05:00,23.4375,28.125,23.4375,28.125,6453,0.0,0.0
1993-03-31 00:00:00-05:00,28.125,30.0,24.375,27.1875,1607,0.0,0.0
1993-04-01 00:00:00-05:00,27.1875,27.1875,25.3125,26.25,893,0.0,0.0
1993-04-02 00:00:00-05:00,24.375,28.125,24.375,25.3125,180,0.0,0.0
1993-04-05 00:00:00-04:00,28.125,28.125,25.3125,25.3125,80,0.0,0.0
1993-04-06 00:00:00-04:00,26.25,28.125,25.3125,25.3125,280,0.0,0.0
1993-04-07 00:00:00-04:00,27.1875,27.1875,24.375,24.375,40,0.0,0.0
1993-04-08 00:00:00-04:00,24.375,30.0,24.375,30.0,320,0.0,0.0
1993-04-12 00:00:00-04:00,24.375,25.3125,24.375,24.375,640,0.0,0.0
1993-04-13 00:00:00-04:00,24.375,27.65625,24.375,27.65625,373,0.0,0.0
1993-04-14 00:00:00-04:00,28.125,31.875,25.3125,31.875,1840,0.0,0.0
1993-04-15 00:00:00-04:00,31.875,31.875,31.40625,31.40625,533,0.0,0.0
1993-04-16 00:00:00-04:00,33.75,33.75,30.0,30.9375,867,0.0,0.0
1993-04-19 00:00:00-04:00,33.75,35.625,31.875,31.875,807,0.0,0.0
1993-04-20 00:00:00-04:00,31.875,36.5625,31.875,36.5625,700,0.0,0.0
1993-04-21 00:00:00-04:00,36.5625,36.5625,32.8125,32.8125,1327,0.0,0.0
1993-04-22 00:00:00-04:00,32.8125,33.75,30.0,30.0,1900,0.0,0.0
1993-04-23 00:00:00-04:00,30.0,33.75,26.25,33.75,1187,0.0,0.0
1993-04-26 00:00:00-04:00,33.75,33.75,33.75,33.75,0,0.0,0.0
1993-04-27 00:00:00-04:00,33.75,33.75,28.125,28.125,127,0.0,0.0
1993-04-28 00:00:00-04:00,28.125,28.125,26.25,26.25,367,0.0,0.0
1993-04-29 00:00:00-04:00,26.25,33.75,26.25,33.75,560,0.0,0.0
1993-04-30 00:00:00-04:00,33.75,33.75,28.125,28.125,513,0.0,0.0
1993-05-03 00:00:00-04:00,33.75,33.75,33.75,33.75,33,0.0,0.0
1993-05-04 00:00:00-04:00,30.0,33.75,27.1875,30.0,333,0.0,0.0
1993-05-05 00:00:00-04:00,33.75,33.75,27.1875,27.1875,147,0.0,0.0
1993-05-06 00:00:00-04:00,31.40625,31.40625,31.40625,31.40625,133,0.0,0.0
1993-05-07 00:00:00-04:00,31.40625,31.40625,31.40625,31.40625,0,0.0,0.0
1993-05-10 00:00:00-04:00,33.75,33.75,27.1875,27.1875,507,0.0,0.0
1993-05-11 00:00:00-04:00,31.40625,31.40625,31.40625,31.40625,220,0.0,0.0
1993-05-12 00:00:00-04:00,28.125,28.125,28.125,28.125,187,0.0,0.0
1993-05-13 00:00:00-04:00,28.125,28.125,28.125,28.125,200,0.0,0.0
1993-05-14 00:00:00-04:00,30.9375,30.9375,26.25,26.25,413,0.0,0.0
1993-05-17 00:00:00-04:00,30.0,30.0,26.25,26.25,293,0.0,0.0
1993-05-18 00:00:00-04:00,26.25,26.25,26.25,26.25,667,0.0,0.0
1993-05-19 00:00:00-04:00,30.0,30.0,27.1875,30.0,400,0.0,0.0
1993-05-20 00:00:00-04:00,30.0,30.0,27.1875,28.125,167,0.0,0.0
1993-05-21 00:00:00-04:00,30.0,30.0,26.25,30.0,840,0.0,0.0
1993-05-24 00:00:00-04:00,26.25,26.25,26.25,26.25,427,0.0,0.0
1993-05-25 00:00:00-04:00,26.25,26.25,26.25,26.25,0,0.0,0.0
1993-05-26 00:00:00-04:00,26.25,26.25,26.25,26.25,233,0.0,0.0
1993-05-27 00:00:00-04:00,26.25,28.125,26.25,28.125,667,0.0,0.0
1993-05-28 00:00:00-04:00,28.125,28.125,28.125,28.125,167,0.0,0.0
1993-06-01 00:00:00-04:00,28.125,28.125,28.125,28.125,33,0.0,0.0
1993-06-02 00:00:00-04:00,24.375,28.125,24.375,28.125,387,0.0,0.0
1993-06-03 00:00:00-04:00,28.125,28.125,28.125,28.125,667,0.0,0.0
1993-06-04 00:00:00-04:00,25.3125,25.3125,24.375,24.375,160,0.0,0.0
1993-06-07 00:00:00-04:00,24.375,24.375,24.375,24.375,187,0.0,0.0
1993-06-08 00:00:00-04:00,24.375,24.375,24.375,24.375,167,0.0,0.0
1993-06-09 00:00:00-04:00,24.375,28.125,24.375,28.125,140,0.0,0.0
1993-06-10 00:00:00-04:00,28.125,28.125,28.125,28.125,100,0.0,0.0
1993-06-11 00:00:00-04:00,24.375,28.125,24.375,28.125,220,0.0,0.0
1993-06-14 00:00:00-04:00,27.65625,28.125,24.375,24.375,287,0.0,0.0
1993-06-15 00:00:00-04:00,24.375,28.125,24.375,28.125,113,0.0,0.0
1993-06-16 00:00:00-04:00,27.65625,28.125,24.375,24.375,240,0.0,0.0
1993-06-17 00:00:00-04:00,24.375,26.25,24.375,24.375,1600,0.0,0.0
1993-06-18 00:00:00-04:00,23.4375,25.3125,23.4375,25.3125,520,0.0,0.0
1993-06-21 00:00:00-04:00,26.25,26.25,23.4375,23.4375,220,0.0,0.0
1993-06-22 00:00:00-04:00,24.375,26.25,24.375,24.375,240,0.0,0.0
1993-06-23 00:00:00-04:00,24.375,24.375,24.375,24.375,0,0.0,0.0
1993-06-24 00:00:00-04:00,23.4375,23.4375,23.4375,23.4375,120,0.0,0.0
1993-06-25 00:00:00-04:00,23.4375,23.4375,23.4375,23.4375,53,0.0,0.0
1993-06-28 00:00:00-04:00,23.4375,23.4375,23.4375,23.4375,147,0.0,0.0
1993-06-29 00:00:00-04:00,22.5,25.3125,22.5,25.3125,300,0.0,0.0
1993-06-30 00:00:00-04:00,24.375,24.375,24.375,24.375,67,0.0,0.0
1993-07-01 00:00:00-04:00,22.5,25.3125,22.5,25.3125,207,0.0,0.0
1993-07-02 00:00:00-04:00,28.125,28.125,25.3125,28.125,440,0.0,0.0
1993-07-06 00:00:00-04:00,25.3125,25.3125,25.3125,25.3125,133,0.0,0.0
1993-07-07 00:00:00-04:00,23.4375,25.3125,23.4375,25.3125,673,0.0,0.0
1993-07-08 00:00:00-04:00,25.3125,28.125,23.4375,28.125,413,0.0,0.0
1993-07-09 00:00:00-04:00,23.4375,24.375,23.4375,24.375,100,0.0,0.0
1993-07-12 00:00:00-04:00,23.4375,24.375,23.4375,24.375,233,0.0,0.0
1993-07-13 00:00:00-04:00,23.4375,28.125,22.5,22.5,1660,0.0,0.0
1993-07-14 00:00:00-04:00,24.375,24.375,24.375,24.375,533,0.0,0.0
1993-07-15 00:00:00-04:00,23.4375,28.125,23.4375,28.125,80,0.0,0.0
1993-07-16 00:00:00-04:00,23.4375,23.4375,23.4375,23.4375,120,0.0,0.0
1993-07-19 00:00:00-04:00,28.125,28.125,23.4375,23.4375,673,0.0,0.0
1993-07-20 00:00:00-04:00,23.4375,23.4375,23.4375,23.4375,0,0.0,0.0
1993-07-21 00:00:00-04:00,23.4375,23.4375,23.4375,23.4375,200,0.0,0.0
1993-07-22 00:00:00-04:00,24.375,26.25,23.4375,23.4375,247,0.0,0.0
1993-07-23 00:00:00-04:00,23.4375,25.3125,23.4375,25.3125,1933,0.0,0.0
1993-07-26 00:00:00-04:00,23.4375,23.4375,23.4375,23.4375,60,0.0,0.0
1993-07-27 00:00:00-04:00,26.25,26.25,23.4375,23.4375,167,0.0,0.0
1993-07-28 00:00:00-04:00,23.4375,23.4375,23.4375,23.4375,27,0.0,0.0
1993-07-29 00:00:00-04:00,23.4375,23.4375,23.4375,23.4375,7,0.0,0.0
1993-07-30 00:00:00-04:00,25.78125,25.78125,23.4375,25.78125,147,0.0,0.0
1993-08-02 00:00:00-04:00,23.4375,23.4375,23.4375,23.4375,107,0.0,0.0
1993-08-03 00:00:00-04:00,23.4375,25.3125,23.4375,25.3125,100,0.0,0.0
1993-08-04 00:00:00-04:00,24.375,24.375,23.4375,23.4375,300,0.0,0.0
1993-08-05 00:00:00-04:00,27.1875,27.1875,27.1875,27.1875,33,0.0,0.0
1993-08-06 00:00:00-04:00,23.4375,26.25,23.4375,26.25,407,0.0,0.0
1993-08-09 00:00:00-04:00,23.4375,23.4375,23.4375,23.4375,47,0.0,0.0
1993-08-10 00:00:00-04:00,27.1875,30.0,26.25,26.25,1480,0.0,0.0
1993-08-11 00:00:00-04:00,26.25,26.25,26.25,26.25,0,0.0,0.0
1993-08-12 00:00:00-04:00,26.25,26.25,26.25,26.25,293,0.0,0.0
1993-08-13 00:00:00-04:00,26.25,30.0,26.25,30.0,473,0.0,0.0
1993-08-16 00:00:00-04:00,30.0,30.0,24.375,24.375,1167,0.0,0.0
1993-08-17 00:00:00-04:00,24.375,28.125,24.375,28.125,427,0.0,0.0
1993-08-18 00:00:00-04:00,28.125,28.125,24.375,24.375,1267,0.0,0.0
1993-08-19 00:00:00-04:00,24.375,24.375,24.375,24.375,180,0.0,0.0
1993-08-20 00:00:00-04:00,24.375,28.125,24.375,28.125,1427,0.0,0.0
1993-08-23 00:00:00-04:00,24.375,28.125,24.375,24.375,687,0.0,0.0
1993-08-24 00:00:00-04:00,24.375,24.375,24.375,24.375,7,0.0,0.0
1993-08-25 00:00:00-04:00,27.65625,27.65625,27.65625,27.65625,213,0.0,0.0
1993-08-26 00:00:00-04:00,28.125,28.125,24.375,24.84375,113,0.0,0.0
1993-08-27 00:00:00-04:00,24.84375,24.84375,24.84375,24.84375,0,0.0,0.0
1993-08-30 00:00:00-04:00,24.84375,24.84375,24.84375,24.84375,0,0.0,0.0
1993-08-31 00:00:00-04:00,24.375,24.375,24.375,24.375,27,0.0,0.0
1993-09-01 00:00:00-04:00,24.375,27.65625,24.375,24.375,420,0.0,0.0
1993-09-02 00:00:00-04:00,24.375,24.375,24.375,24.375,73,0.0,0.0
1993-09-03 00:00:00-04:00,24.375,24.375,24.375,24.375,0,0.0,0.0
1993-09-07 00:00:00-04:00,24.375,27.65625,24.375,24.375,513,0.0,0.0
1993-09-08 00:00:00-04:00,28.125,28.125,24.375,24.375,40,0.0,0.0
1993-09-09 00:00:00-04:00,24.375,24.375,24.375,24.375,33,0.0,0.0
1993-09-10 00:00:00-04:00,24.375,28.125,24.375,24.375,767,0.0,0.0
1993-09-13 00:00:00-04:00,24.375,24.375,24.375,24.375,1740,0.0,0.0
1993-09-14 00:00:00-04:00,26.25,28.125,24.375,28.125,293,0.0,0.0
1993-09-15 00:00:00-04:00,26.25,26.25,26.25,26.25,100,0.0,0.0
1993-09-16 00:00:00-04:00,25.78125,25.78125,24.375,24.375,300,0.0,0.0
1993-09-17 00:00:00-04:00,27.65625,27.65625,27.65625,27.65625,333,0.0,0.0
1993-09-20 00:00:00-04:00,24.375,24.375,24.375,24.375,20,0.0,0.0
1993-09-21 00:00:00-04:00,28.125,28.125,23.4375,23.4375,573,0.0,0.0
1993-09-22 00:00:00-04:00,23.4375,23.4375,23.4375,23.4375,60,0.0,0.0
1993-09-23 00:00:00-04:00,28.125,28.125,28.125,28.125,93,0.0,0.0
1993-09-24 00:00:00-04:00,27.65625,27.65625,27.65625,27.65625,367,0.0,0.0
1993-09-27 00:00:00-04:00,28.125,28.125,23.4375,23.4375,100,0.0,0.0
1993-09-28 00:00:00-04:00,22.5,28.125,22.5,28.125,73,0.0,0.0
1993-09-29 00:00:00-04:00,22.5,22.5,22.5,22.5,67,0.0,0.0
1993-09-30 00:00:00-04:00,24.375,24.375,24.375,24.375,13,0.0,0.0
1993-10-01 00:00:00-04:00,23.4375,23.4375,23.4375,23.4375,67,0.0,0.0
1993-10-04 00:00:00-04:00,22.5,22.5,22.5,22.5,20,0.0,0.0
1993-10-05 00:00:00-04:00,23.4375,23.4375,23.4375,23.4375,293,0.0,0.0
1993-10-06 00:00:00-04:00,28.125,31.875,24.375,31.875,1340,0.0,0.0
1993-10-07 00:00:00-04:00,31.875,37.5,30.0,35.15625,2393,0.0,0.0
1993-10-08 00:00:00-04:00,38.4375,38.4375,31.875,31.875,353,0.0,0.0
1993-10-11 00:00:00-04:00,31.875,34.6875,30.0,34.6875,527,0.0,0.0
1993-10-12 00:00:00-04:00,34.6875,34.6875,30.9375,30.9375,693,0.0,0.0
1993-10-13 00:00:00-04:00,30.9375,35.625,28.125,32.8125,1600,0.0,0.0
1993-10-14 00:00:00-04:00,31.875,35.625,28.125,28.125,667,0.0,0.0
1993-10-15 00:00:00-04:00,28.125,30.9375,28.125,30.9375,4313,0.0,0.0
1993-10-18 00:00:00-04:00,28.125,28.125,28.125,28.125,80,0.0,0.0
1993-10-19 00:00:00-04:00,33.75,33.75,29.0625,29.0625,940,0.0,0.0
1993-10-20 00:00:00-04:00,29.0625,29.0625,29.0625,29.0625,13,0.0,0.0
1993-10-21 00:00:00-04:00,29.0625,33.75,28.125,29.0625,967,0.0,0.0
1993-10-22 00:00:00-04:00,33.75,33.75,29.0625,30.9375,393,0.0,0.0
1993-10-25 00:00:00-04:00,29.0625,29.0625,29.0625,29.0625,167,0.0,0.0
1993-10-26 00:00:00-04:00,29.0625,29.0625,28.125,28.125,200,0.0,0.0
1993-10-27 00:00:00-04:00,31.875,31.875,28.125,28.125,287,0.0,0.0
1993-10-28 00:00:00-04:00,33.75,33.75,28.125,28.125,113,0.0,0.0
1993-10-29 00:00:00-04:00,31.40625,33.75,29.0625,29.0625,687,0.0,0.0
1993-11-01 00:00:00-05:00,31.875,31.875,29.0625,29.0625,267,0.0,0.0
1993-11-02 00:00:00-05:00,29.0625,29.0625,29.0625,29.0625,227,0.0,0.0
1993-11-03 00:00:00-05:00,29.0625,29.0625,29.0625,29.0625,133,0.0,0.0
1993-11-04 00:00:00-05:00,29.0625,29.0625,28.125,28.125,253,0.0,0.0
1993-11-05 00:00:00-05:00,28.125,28.125,28.125,28.125,0,0.0,0.0
1993-11-08 00:00:00-05:00,28.125,28.125,28.125,28.125,427,0.0,0.0
1993-11-09 00:00:00-05:00,28.125,28.125,28.125,28.125,87,0.0,0.0
1993-11-10 00:00:00-05:00,30.0,30.46875,30.0,30.46875,360,0.0,0.0
1993-11-11 00:00:00-05:00,28.125,32.8125,28.125,32.8125,340,0.0,0.0
1993-11-12 00:00:00-05:00,28.125,30.0,26.25,27.1875,760,0.0,0.0
1993-11-15 00:00:00-05:00,30.0,30.0,30.0,30.0,60,0.0,0.0
1993-11-16 00:00:00-05:00,30.0,30.0,30.0,30.0,0,0.0,0.0
1993-11-17 00:00:00-05:00,30.0,30.0,26.25,26.25,247,0.0,0.0
1993-11-18 00:00:00-05:00,26.25,30.0,26.25,30.0,380,0.0,0.0
1993-11-19 00:00:00-05:00,27.1875,27.1875,27.1875,27.1875,467,0.0,0.0
1993-11-22 00:00:00-05:00,30.0,30.0,30.0,30.0,33,0.0,0.0
1993-11-23 00:00:00-05:00,30.0,30.0,27.1875,29.0625,240,0.0,0.0
1993-11-24 00:00:00-05:00,30.0,30.0,28.125,30.0,433,0.0,0.0
1993-11-26 00:00:00-05:00,28.125,28.125,28.125,28.125,33,0.0,0.0
1993-11-29 00:00:00-05:00,30.46875,31.875,30.46875,31.875,233,0.0,0.0
1993-11-30 00:00:00-05:00,31.875,31.875,26.25,26.25,680,0.0,0.0
1993-12-01 00:00:00-05:00,26.25,29.0625,26.25,28.125,140,0.0,0.0
1993-12-02 00:00:00-05:00,29.0625,29.0625,28.125,28.125,80,0.0,0.0
1993-12-03 00:00:00-05:00,29.0625,29.0625,27.1875,27.1875,200,0.0,0.0
1993-12-06 00:00:00-05:00,27.1875,27.1875,23.4375,27.1875,1267,0.0,0.0
1993-12-07 00:00:00-05:00,25.78125,25.78125,25.78125,25.78125,1000,0.0,0.0
1993-12-08 00:00:00-05:00,25.3125,26.25,25.3125,25.3125,200,0.0,0.0
1993-12-09 00:00:00-05:00,25.78125,27.1875,25.3125,27.1875,527,0.0,0.0
1993-12-10 00:00:00-05:00,27.1875,27.1875,27.1875,27.1875,0,0.0,0.0
1993-12-13 00:00:00-05:00,24.375,24.375,24.375,24.375,7,0.0,0.0
1993-12-14 00:00:00-05:00,27.1875,27.1875,24.375,26.25,373,0.0,0.0
1993-12-15 00:00:00-05:00,24.375,24.375,24.375,24.375,80,0.0,0.0
1993-12-16 00:00:00-05:00,26.25,26.25,26.25,26.25,40,0.0,0.0
1993-12-17 00:00:00-05:00,26.25,27.1875,26.25,26.25,693,0.0,0.0
1993-12-20 00:00:00-05:00,26.25,26.25,26.25,26.25,13,0.0,0.0
1993-12-21 00:00:00-05:00,26.25,27.1875,25.3125,27.1875,507,0.0,0.0
1993-12-22 00:00:00-05:00,25.3125,25.3125,25.3125,25.3125,73,0.0,0.0
1993-12-23 00:00:00-05:00,25.3125,25.3125,25.3125,25.3125,60,0.0,0.0
1993-12-27 00:00:00-05:00,25.3125,25.3125,25.3125,25.3125,0,0.0,0.0
1993-12-28 00:00:00-05:00,25.3125,25.3125,25.3125,25.3125,213,0.0,0.0
1993-12-29 00:00:00-05:00,25.3125,27.1875,25.3125,27.1875,1273,0.0,0.0
1993-12-30 00:00:00-05:00,26.25,27.1875,26.25,26.25,693,0.0,0.0
1993-12-31 00:00:00-05:00,26.25,27.1875,26.25,27.1875,833,0.0,0.0
1994-01-03 00:00:00-05:00,27.1875,28.125,27.1875,28.125,100,0.0,0.0
1994-01-04 00:00:00-05:00,27.1875,28.125,27.1875,28.125,300,0.0,0.0
1994-01-05 00:00:00-05:00,27.1875,27.1875,27.1875,27.1875,67,0.0,0.0
1994-01-06 00:00:00-05:00,27.1875,29.0625,27.1875,29.0625,360,0.0,0.0
1994-01-07 00:00:00-05:00,26.25,29.0625,26.25,26.25,293,0.0,0.0
1994-01-10 00:00:00-05:00,26.25,26.25,26.25,26.25,693,0.0,0.0
1994-01-11 00:00:00-05:00,25.3125,27.1875,25.3125,26.25,467,0.0,0.0
1994-01-12 00:00:00-05:00,26.25,27.1875,26.25,27.1875,613,0.0,0.0
1994-01-13 00:00:00-05:00,27.1875,30.0,26.25,26.25,973,0.0,0.0
1994-01-14 00:00:00-05:00,27.1875,27.1875,26.25,26.25,700,0.0,0.0
1994-01-17 00:00:00-05:00,30.9375,30.9375,30.9375,30.9375,67,0.0,0.0
1994-01-18 00:00:00-05:00,30.9375,31.40625,30.0,30.0,873,0.0,0.0
1994-01-19 00:00:00-05:00,30.0,31.875,30.0,30.9375,813,0.0,0.0
1994-01-20 00:00:00-05:00,31.875,31.875,31.875,31.875,147,0.0,0.0
1994-01-21 00:00:00-05:00,29.0625,29.0625,29.0625,29.0625,200,0.0,0.0
1994-01-24 00:00:00-05:00,31.875,31.875,31.875,31.875,120,0.0,0.0
1994-01-25 00:00:00-05:00,29.0625,29.0625,29.0625,29.0625,27,0.0,0.0
1994-01-26 00:00:00-05:00,29.0625,30.0,29.0625,29.0625,340,0.0,0.0
1994-01-27 00:00:00-05:00,29.0625,29.0625,29.0625,29.0625,0,0.0,0.0
1994-01-28 00:00:00-05:00,30.9375,30.9375,28.125,28.125,653,0.0,0.0
1994-01-31 00:00:00-05:00,30.9375,30.9375,28.125,30.0,420,0.0,0.0
1994-02-01 00:00:00-05:00,30.0,30.0,28.125,28.125,133,0.0,0.0
1994-02-02 00:00:00-05:00,27.1875,29.0625,27.1875,29.0625,813,0.0,0.0
1994-02-03 00:00:00-05:00,27.1875,29.0625,26.25,29.0625,293,0.0,0.0
1994-02-04 00:00:00-05:00,29.0625,29.0625,28.125,28.125,47,0.0,0.0
1994-02-07 00:00:00-05:00,29.0625,29.0625,26.25,26.25,853,0.0,0.0
1994-02-08 00:00:00-05:00,30.0,30.0,28.125,28.59375,527,0.0,0.0
1994-02-09 00:00:00-05:00,27.1875,27.1875,26.25,26.71875,340,0.0,0.0
1994-02-10 00:00:00-05:00,25.3125,26.25,23.4375,23.90625,66280,0.0,0.0
1994-02-11 00:00:00-05:00,24.375,24.84375,23.90625,23.90625,23533,0.0,0.0
1994-02-14 00:00:00-05:00,24.84375,24.84375,23.90625,23.90625,14320,0.0,0.0
1994-02-15 00:00:00-05:00,23.90625,24.375,23.90625,23.90625,12100,0.0,0.0
1994-02-16 00:00:00-05:00,24.375,24.375,23.4375,24.375,18480,0.0,0.0
1994-02-17 00:00:00-05:00,24.375,24.375,23.90625,24.375,28153,0.0,0.0
1994-02-18 00:00:00-05:00,23.90625,24.375,23.90625,23.90625,2000,0.0,0.0
1994-02-22 00:00:00-05:00,24.375,24.84375,24.375,24.84375,4267,0.0,0.0
1994-02-23 00:00:00-05:00,24.84375,26.25,24.375,26.25,11740,0.0,0.0
1994-02-24 00:00:00-05:00,26.25,26.71875,25.3125,25.78125,10467,0.0,0.0
1994-02-25 00:00:00-05:00,25.78125,26.71875,25.3125,25.3125,10527,0.0,0.0
1994-02-28 00:00:00-05:00,26.25,26.25,25.3125,25.3125,1487,0.0,0.0
1994-03-01 00:00:00-05:00,26.25,26.25,24.375,24.375,1793,0.0,0.0
1994-03-02 00:00:00-05:00,26.25,26.25,23.4375,23.4375,2420,0.0,0.0
1994-03-03 00:00:00-05:00,25.3125,25.3125,23.4375,24.375,1327,0.0,0.0
1994-03-04 00:00:00-05:00,23.90625,25.3125,23.4375,23.4375,2860,0.0,0.0
1994-03-07 00:00:00-05:00,25.3125,25.3125,23.4375,23.4375,3553,0.0,0.0
1994-03-08 00:00:00-05:00,25.3125,25.3125,23.4375,24.375,7133,0.0,0.0
1994-03-09 00:00:00-05:00,24.375,25.3125,23.90625,23.90625,3707,0.0,0.0
1994-03-10 00:00:00-05:00,25.3125,25.3125,22.5,24.375,1867,0.0,0.0
1994-03-11 00:00:00-05:00,22.96875,24.375,22.96875,23.4375,11713,0.0,0.0
1994-03-14 00:00:00-05:00,23.4375,23.4375,22.5,22.5,4453,0.0,0.0
1994-03-15 00:00:00-05:00,22.5,23.90625,22.5,23.90625,1367,0.0,0.0
1994-03-16 00:00:00-05:00,23.90625,23.90625,22.5,22.5,5547,0.0,0.0
1994-03-17 00:00:00-05:00,23.90625,23.90625,22.5,23.4375,1973,0.0,0.0
1994-03-18 00:00:00-05:00,22.96875,23.90625,22.5,22.5,9080,0.0,0.0
1994-03-21 00:00:00-05:00,23.90625,23.90625,22.5,22.5,1440,0.0,0.0
1994-03-22 00:00:00-05:00,22.5,23.4375,22.5,22.5,4127,0.0,0.0
1994-03-23 00:00:00-05:00,23.4375,23.4375,22.5,22.5,2747,0.0,0.0
1994-03-24 00:00:00-05:00,22.5,23.4375,22.5,22.5,1527,0.0,0.0
1994-03-25 00:00:00-05:00,23.4375,26.25,22.5,26.25,12813,0.0,0.0
1994-03-28 00:00:00-05:00,27.65625,27.65625,23.4375,23.90625,4973,0.0,0.0
1994-03-29 00:00:00-05:00,25.78125,25.78125,23.4375,23.90625,4473,0.0,0.0
1994-03-30 00:00:00-05:00,25.3125,25.3125,23.4375,23.4375,1327,0.0,0.0
1994-03-31 00:00:00-05:00,23.4375,25.3125,22.96875,25.3125,1280,0.0,0.0
1994-04-04 00:00:00-04:00,25.3125,25.3125,22.96875,23.4375,1013,0.0,0.0
1994-04-05 00:00:00-04:00,22.96875,24.375,22.5,22.5,2373,0.0,0.0
1994-04-06 00:00:00-04:00,23.90625,24.375,22.5,23.90625,1760,0.0,0.0
1994-04-07 00:00:00-04:00,24.375,24.375,22.5,23.4375,1387,0.0,0.0
1994-04-08 00:00:00-04:00,24.375,24.375,22.5,22.5,1087,0.0,0.0
1994-04-11 00:00:00-04:00,24.375,24.375,22.5,22.96875,667,0.0,0.0
1994-04-12 00:00:00-04:00,24.375,24.375,22.03125,23.671875,1180,0.0,0.0
1994-04-13 00:00:00-04:00,23.90625,23.90625,22.03125,22.03125,567,0.0,0.0
1994-04-14 00:00:00-04:00,22.03125,24.375,22.03125,22.03125,1713,0.0,0.0
1994-04-15 00:00:00-04:00,22.03125,24.375,21.5625,21.5625,3387,0.0,0.0
1994-04-18 00:00:00-04:00,21.5625,22.5,20.625,21.09375,3413,0.0,0.0
1994-04-19 00:00:00-04:00,22.96875,22.96875,16.875,21.5625,6880,0.0,0.0
1994-04-20 00:00:00-04:00,20.15625,22.96875,19.6875,19.6875,1440,0.0,0.0
1994-04-21 00:00:00-04:00,19.6875,23.4375,19.6875,22.5,1013,0.0,0.0
1994-04-22 00:00:00-04:00,22.5,22.5,18.75,18.75,2800,0.0,0.0
1994-04-25 00:00:00-04:00,20.625,22.5,19.21875,19.21875,1353,0.0,0.0
1994-04-26 00:00:00-04:00,19.21875,22.5,19.21875,19.21875,673,0.0,0.0
1994-04-28 00:00:00-04:00,21.5625,22.5,19.21875,19.21875,2773,0.0,0.0
1994-04-29 00:00:00-04:00,21.5625,22.5,19.21875,20.625,2640,0.0,0.0
1994-05-02 00:00:00-04:00,20.625,22.5,19.6875,19.6875,2500,0.0,0.0
1994-05-03 00:00:00-04:00,22.5,22.5,19.6875,20.15625,1407,0.0,0.0
1994-05-04 00:00:00-04:00,22.5,22.5,20.15625,20.15625,220,0.0,0.0
1994-05-05 00:00:00-04:00,20.15625,21.796875,20.15625,20.15625,807,0.0,0.0
1994-05-06 00:00:00-04:00,20.15625,22.5,20.15625,22.5,1107,0.0,0.0
1994-05-09 00:00:00-04:00,22.5,22.5,21.09375,21.09375,3013,0.0,0.0
1994-05-10 00:00:00-04:00,21.5625,23.4375,21.5625,23.4375,4093,0.0,0.0
1994-05-11 00:00:00-04:00,23.4375,24.375,22.5,22.5,7013,0.0,0.0
1994-05-12 00:00:00-04:00,23.4375,23.4375,21.5625,23.4375,2380,0.0,0.0
1994-05-13 00:00:00-04:00,22.03125,23.4375,22.03125,23.4375,2187,0.0,0.0
1994-05-16 00:00:00-04:00,22.5,23.4375,22.03125,22.5,3133,0.0,0.0
1994-05-17 00:00:00-04:00,22.5,22.5,21.09375,21.09375,2100,0.0,0.0
1994-05-18 00:00:00-04:00,22.5,22.5,19.6875,19.6875,1947,0.0,0.0
1994-05-19 00:00:00-04:00,19.6875,22.5,19.6875,19.6875,1113,0.0,0.0
1994-05-20 00:00:00-04:00,20.625,20.625,19.6875,20.625,2107,0.0,0.0
1994-05-23 00:00:00-04:00,20.15625,22.5,19.6875,22.5,2913,0.0,0.0
1994-05-24 00:00:00-04:00,22.5,22.5,21.5625,21.5625,1480,0.0,0.0
1994-05-25 00:00:00-04:00,22.03125,22.5,20.15625,21.09375,2853,0.0,0.0
1994-05-26 00:00:00-04:00,22.03125,22.03125,21.09375,21.09375,1240,0.0,0.0
1994-05-27 00:00:00-04:00,21.5625,21.5625,21.09375,21.5625,653,0.0,0.0
1994-05-31 00:00:00-04:00,21.5625,21.5625,20.15625,20.15625,613,0.0,0.0
1994-06-01 00:00:00-04:00,21.5625,21.5625,20.625,21.5625,1987,0.0,0.0
1994-06-02 00:00:00-04:00,22.03125,22.03125,20.859375,22.03125,407,0.0,0.0
1994-06-03 00:00:00-04:00,22.03125,22.03125,20.625,22.03125,1693,0.0,0.0
1994-06-06 00:00:00-04:00,21.5625,22.03125,21.5625,22.03125,913,0.0,0.0
1994-06-07 00:00:00-04:00,21.5625,22.03125,21.5625,22.03125,267,0.0,0.0
1994-06-08 00:00:00-04:00,22.03125,22.03125,21.09375,21.09375,327,0.0,0.0
1994-06-09 00:00:00-04:00,22.03125,22.03125,21.09375,21.09375,1300,0.0,0.0
1994-06-10 00:00:00-04:00,22.03125,22.03125,21.09375,22.03125,1867,0.0,0.0
1994-06-13 00:00:00-04:00,22.03125,22.03125,21.09375,21.5625,613,0.0,0.0
1994-06-14 00:00:00-04:00,22.03125,22.03125,21.09375,21.09375,2813,0.0,0.0
1994-06-15 00:00:00-04:00,22.03125,22.03125,21.328125,22.03125,2947,0.0,0.0
1994-06-16 00:00:00-04:00,21.5625,24.375,21.5625,22.96875,6340,0.0,0.0
1994-06-17 00:00:00-04:00,22.5,24.375,21.09375,21.09375,4733,0.0,0.0
1994-06-20 00:00:00-04:00,21.09375,23.4375,21.09375,23.203125,620,0.0,0.0
1994-06-21 00:00:00-04:00,21.09375,22.5,20.625,20.625,2020,0.0,0.0
1994-06-22 00:00:00-04:00,20.625,21.5625,20.625,21.5625,1280,0.0,0.0
1994-06-23 00:00:00-04:00,20.625,21.5625,20.625,21.09375,1613,0.0,0.0
1994-06-24 00:00:00-04:00,20.625,21.5625,20.15625,20.15625,647,0.0,0.0
1994-06-27 00:00:00-04:00,21.5625,21.5625,21.5625,21.5625,747,0.0,0.0
1994-06-28 00:00:00-04:00,20.625,21.5625,20.625,20.625,2600,0.0,0.0
1994-06-29 00:00:00-04:00,21.5625,21.5625,20.625,20.625,487,0.0,0.0
1994-06-30 00:00:00-04:00,20.15625,21.5625,20.15625,21.5625,467,0.0,0.0
1994-07-01 00:00:00-04:00,19.6875,21.5625,19.6875,21.5625,407,0.0,0.0
1994-07-05 00:00:00-04:00,21.5625,21.5625,21.5625,21.5625,140,0.0,0.0
1994-07-06 00:00:00-04:00,21.5625,21.5625,19.6875,19.6875,167,0.0,0.0
1994-07-07 00:00:00-04:00,21.5625,21.5625,19.6875,19.6875,913,0.0,0.0
1994-07-08 00:00:00-04:00,19.6875,21.09375,19.6875,19.6875,667,0.0,0.0
1994-07-11 00:00:00-04:00,21.5625,21.5625,20.15625,21.5625,913,0.0,0.0
1994-07-12 00:00:00-04:00,20.625,21.5625,20.15625,20.15625,3833,0.0,0.0
1994-07-13 00:00:00-04:00,20.15625,20.625,19.6875,19.6875,1667,0.0,0.0
1994-07-14 00:00:00-04:00,20.625,20.625,18.75,19.21875,787,0.0,0.0
1994-07-15 00:00:00-04:00,20.625,20.625,19.21875,19.6875,500,0.0,0.0
1994-07-18 00:00:00-04:00,19.6875,20.625,19.6875,20.15625,1193,0.0,0.0
1994-07-19 00:00:00-04:00,20.15625,20.625,20.15625,20.15625,2353,0.0,0.0
1994-07-20 00:00:00-04:00,19.6875,20.625,19.6875,20.625,1787,0.0,0.0
1994-07-21 00:00:00-04:00,19.6875,20.625,19.6875,20.625,573,0.0,0.0
1994-07-22 00:00:00-04:00,19.6875,20.625,19.6875,19.6875,4733,0.0,0.0
1994-07-25 00:00:00-04:00,20.625,20.625,19.6875,19.6875,813,0.0,0.0
1994-07-26 00:00:00-04:00,20.625,20.625,19.6875,20.625,1853,0.0,0.0
1994-07-27 00:00:00-04:00,20.15625,20.625,19.6875,20.625,467,0.0,0.0
1994-07-28 00:00:00-04:00,19.6875,20.625,19.6875,20.15625,1287,0.0,0.0
1994-07-29 00:00:00-04:00,20.15625,20.15625,19.21875,19.6875,820,0.0,0.0
1994-08-01 00:00:00-04:00,19.6875,19.6875,19.21875,19.21875,160,0.0,0.0
1994-08-02 00:00:00-04:00,19.21875,20.15625,18.75,20.15625,3140,0.0,0.0
1994-08-03 00:00:00-04:00,18.75,19.21875,18.75,18.75,920,0.0,0.0
1994-08-04 00:00:00-04:00,17.8125,19.6875,17.8125,18.28125,6320,0.0,0.0
1994-08-05 00:00:00-04:00,19.6875,19.6875,17.8125,18.28125,5933,0.0,0.0
1994-08-08 00:00:00-04:00,17.8125,19.6875,17.8125,19.6875,700,0.0,0.0
1994-08-09 00:00:00-04:00,19.6875,19.6875,17.8125,18.75,5253,0.0,0.0
1994-08-10 00:00:00-04:00,19.6875,19.6875,17.8125,18.28125,2093,0.0,0.0
1994-08-11 00:00:00-04:00,19.6875,19.6875,18.28125,18.28125,8880,0.0,0.0
1994-08-12 00:00:00-04:00,19.21875,19.21875,18.28125,18.28125,580,0.0,0.0
1994-08-15 00:00:00-04:00,18.28125,19.21875,18.28125,19.21875,2753,0.0,0.0
1994-08-16 00:00:00-04:00,19.21875,19.21875,19.21875,19.21875,380,0.0,0.0
1994-08-17 00:00:00-04:00,19.21875,19.21875,18.28125,18.75,1753,0.0,0.0
1994-08-18 00:00:00-04:00,18.75,18.75,17.8125,18.75,3320,0.0,0.0
1994-08-19 00:00:00-04:00,18.75,18.75,17.8125,18.75,3040,0.0,0.0
1994-08-22 00:00:00-04:00,18.75,18.75,17.8125,18.75,720,0.0,0.0
1994-08-23 00:00:00-04:00,18.75,18.75,17.8125,18.75,3727,0.0,0.0
1994-08-24 00:00:00-04:00,17.8125,20.625,17.8125,20.625,11553,0.0,0.0
1994-08-25 00:00:00-04:00,20.625,20.625,18.75,19.6875,2760,0.0,0.0
1994-08-26 00:00:00-04:00,20.625,20.625,18.75,20.625,1853,0.0,0.0
1994-08-29 00:00:00-04:00,20.625,20.625,18.75,20.15625,660,0.0,0.0
1994-08-30 00:00:00-04:00,20.625,24.375,19.21875,21.5625,2613,0.0,0.0
1994-08-31 00:00:00-04:00,24.375,25.3125,21.5625,23.4375,6233,0.0,0.0
1994-09-01 00:00:00-04:00,24.375,24.84375,23.4375,23.4375,3127,0.0,0.0
1994-09-02 00:00:00-04:00,24.375,24.375,22.96875,22.96875,2500,0.0,0.0
1994-09-06 00:00:00-04:00,24.375,24.375,22.96875,23.4375,753,0.0,0.0
1994-09-07 00:00:00-04:00,24.375,24.375,22.5,24.375,2033,0.0,0.0
1994-09-08 00:00:00-04:00,26.25,26.25,23.4375,23.4375,3200,0.0,0.0
1994-09-09 00:00:00-04:00,23.4375,26.25,23.4375,23.4375,1473,0.0,0.0
1994-09-12 00:00:00-04:00,24.375,25.3125,22.5,23.203125,2393,0.0,0.0
1994-09-13 00:00:00-04:00,24.375,24.375,22.96875,22.96875,3093,0.0,0.0
1994-09-14 00:00:00-04:00,22.96875,24.375,22.96875,23.4375,3493,0.0,0.0
1994-09-15 00:00:00-04:00,23.4375,24.375,22.96875,23.4375,3307,0.0,0.0
1994-09-16 00:00:00-04:00,23.90625,23.90625,22.96875,22.96875,1880,0.0,0.0
1994-09-19 00:00:00-04:00,22.96875,23.4375,22.5,23.4375,1673,0.0,0.0
1994-09-20 00:00:00-04:00,22.96875,23.4375,21.5625,23.4375,4127,0.0,0.0
1994-09-21 00:00:00-04:00,21.5625,23.4375,21.5625,23.4375,1000,0.0,0.0
1994-09-22 00:00:00-04:00,22.03125,23.4375,21.5625,22.265625,1340,0.0,0.0
1994-09-23 00:00:00-04:00,23.4375,23.4375,22.03125,22.5,1187,0.0,0.0
1994-09-26 00:00:00-04:00,23.4375,23.4375,22.03125,22.03125,580,0.0,0.0
1994-09-27 00:00:00-04:00,23.4375,23.4375,21.5625,23.4375,260,0.0,0.0
1994-09-28 00:00:00-04:00,21.5625,23.4375,21.5625,21.5625,287,0.0,0.0
1994-09-29 00:00:00-04:00,21.5625,21.5625,21.5625,21.5625,67,0.0,0.0
1994-09-30 00:00:00-04:00,23.4375,23.4375,21.5625,23.4375,327,0.0,0.0
1994-10-03 00:00:00-04:00,23.4375,23.4375,22.03125,23.4375,273,0.0,0.0
1994-10-04 00:00:00-04:00,22.03125,23.4375,22.03125,22.03125,1927,0.0,0.0
1994-10-05 00:00:00-04:00,23.4375,23.90625,22.03125,23.90625,1900,0.0,0.0
1994-10-06 00:00:00-04:00,22.5,23.90625,21.5625,21.5625,2133,0.0,0.0
1994-10-07 00:00:00-04:00,23.90625,23.90625,20.625,20.625,2107,0.0,0.0
1994-10-10 00:00:00-04:00,22.5,22.5,20.625,22.5,1327,0.0,0.0
1994-10-11 00:00:00-04:00,22.5,22.5,19.6875,22.265625,1240,0.0,0.0
1994-10-12 00:00:00-04:00,22.5,22.5,20.15625,20.15625,833,0.0,0.0
1994-10-13 00:00:00-04:00,21.5625,21.5625,19.6875,20.15625,1993,0.0,0.0
1994-10-14 00:00:00-04:00,21.5625,21.5625,20.15625,20.15625,1100,0.0,0.0
1994-10-17 00:00:00-04:00,21.5625,21.5625,20.625,21.5625,653,0.0,0.0
1994-10-18 00:00:00-04:00,21.5625,21.5625,20.625,20.625,273,0.0,0.0
1994-10-19 00:00:00-04:00,21.09375,22.5,20.625,22.5,1107,0.0,0.0
1994-10-20 00:00:00-04:00,22.5,22.5,21.09375,22.5,1027,0.0,0.0
1994-10-21 00:00:00-04:00,21.09375,22.5,21.09375,21.09375,533,0.0,0.0
1994-10-24 00:00:00-04:00,22.5,22.5,21.09375,22.5,907,0.0,0.0
1994-10-25 00:00:00-04:00,22.5,22.5,21.09375,21.09375,93,0.0,0.0
1994-10-26 00:00:00-04:00,22.5,22.5,21.09375,22.03125,1493,0.0,0.0
1994-10-27 00:00:00-04:00,22.03125,22.5,21.5625,21.5625,2287,0.0,0.0
1994-10-28 00:00:00-04:00,21.5625,22.5,21.5625,22.5,760,0.0,0.0
1994-10-31 00:00:00-05:00,21.5625,23.4375,21.5625,23.203125,3593,0.0,0.0
1994-11-01 00:00:00-05:00,22.03125,23.4375,22.03125,23.4375,993,0.0,0.0
1994-11-02 00:00:00-05:00,23.4375,24.375,22.5,23.671875,2520,0.0,0.0
1994-11-03 00:00:00-05:00,24.375,24.375,22.5,22.5,507,0.0,0.0
1994-11-04 00:00:00-05:00,22.5,23.4375,22.03125,22.03125,2860,0.0,0.0
1994-11-07 00:00:00-05:00,23.4375,23.4375,22.03125,22.5,227,0.0,0.0
1994-11-08 00:00:00-05:00,23.4375,23.4375,22.03125,22.03125,427,0.0,0.0
1994-11-09 00:00:00-05:00,21.5625,22.96875,21.5625,22.5,1433,0.0,0.0
1994-11-10 00:00:00-05:00,21.5625,22.96875,21.5625,22.96875,187,0.0,0.0
1994-11-11 00:00:00-05:00,21.5625,22.96875,21.5625,21.5625,607,0.0,0.0
1994-11-14 00:00:00-05:00,21.5625,22.96875,21.5625,22.5,873,0.0,0.0
1994-11-15 00:00:00-05:00,22.03125,23.4375,22.03125,22.5,1773,0.0,0.0
1994-11-16 00:00:00-05:00,22.03125,23.4375,21.5625,23.4375,527,0.0,0.0
1994-11-17 00:00:00-05:00,23.4375,23.4375,21.5625,23.4375,2293,0.0,0.0
1994-11-18 00:00:00-05:00,22.5,22.5,21.5625,22.03125,1967,0.0,0.0
1994-11-21 00:00:00-05:00,23.4375,23.4375,21.5625,21.5625,1720,0.0,0.0
1994-11-22 00:00:00-05:00,20.625,20.625,20.625,20.625,453,0.0,0.0
1994-11-23 00:00:00-05:00,22.5,22.5,19.453125,19.453125,680,0.0,0.0
1994-11-25 00:00:00-05:00,18.75,21.5625,18.75,21.5625,180,0.0,0.0
1994-11-28 00:00:00-05:00,21.5625,21.5625,19.6875,21.5625,307,0.0,0.0
1994-11-29 00:00:00-05:00,20.625,21.5625,19.6875,21.5625,407,0.0,0.0
1994-11-30 00:00:00-05:00,20.625,20.625,18.75,18.75,680,0.0,0.0
1994-12-01 00:00:00-05:00,18.75,22.5,18.75,22.5,73,0.0,0.0
1994-12-02 00:00:00-05:00,22.5,22.5,18.75,22.5,987,0.0,0.0
1994-12-05 00:00:00-05:00,22.5,22.5,19.21875,22.5,360,0.0,0.0
1994-12-06 00:00:00-05:00,20.625,22.5,18.75,19.6875,1013,0.0,0.0
1994-12-07 00:00:00-05:00,21.5625,21.5625,19.6875,19.6875,913,0.0,0.0
1994-12-08 00:00:00-05:00,20.625,21.328125,19.6875,19.6875,2467,0.0,0.0
1994-12-09 00:00:00-05:00,20.625,20.625,18.75,18.75,313,0.0,0.0
1994-12-12 00:00:00-05:00,19.6875,19.6875,19.6875,19.6875,67,0.0,0.0
1994-12-13 00:00:00-05:00,20.625,20.625,18.75,18.75,980,0.0,0.0
1994-12-14 00:00:00-05:00,18.75,20.625,18.75,20.15625,2840,0.0,0.0
1994-12-15 00:00:00-05:00,21.5625,21.5625,18.75,18.75,1047,0.0,0.0
1994-12-16 00:00:00-05:00,19.21875,21.5625,18.75,18.75,1040,0.0,0.0
1994-12-19 00:00:00-05:00,21.5625,21.5625,18.75,21.5625,1080,0.0,0.0
1994-12-20 00:00:00-05:00,18.75,21.09375,18.75,20.15625,1113,0.0,0.0
1994-12-21 00:00:00-05:00,21.09375,21.09375,18.75,18.75,3640,0.0,0.0
1994-12-22 00:00:00-05:00,18.75,20.625,18.75,19.6875,1700,0.0,0.0
1994-12-23 00:00:00-05:00,20.15625,20.625,19.21875,19.6875,2487,0.0,0.0
1994-12-27 00:00:00-05:00,20.625,20.625,19.21875,19.21875,340,0.0,0.0
1994-12-28 00:00:00-05:00,21.5625,21.5625,19.6875,20.15625,973,0.0,0.0
1994-12-29 00:00:00-05:00,22.5,22.5,20.625,21.5625,1427,0.0,0.0
1994-12-30 00:00:00-05:00,22.5,22.5,21.09375,22.5,1200,0.0,0.0
1995-01-03 00:00:00-05:00,22.5,22.5,21.09375,21.5625,407,0.0,0.0
1995-01-04 00:00:00-05:00,22.5,24.375,22.5,23.4375,1647,0.0,0.0
1995-01-05 00:00:00-05:00,22.96875,24.375,21.5625,21.5625,1493,0.0,0.0
1995-01-06 00:00:00-05:00,24.375,24.375,21.5625,21.5625,2340,0.0,0.0
1995-01-09 00:00:00-05:00,24.375,24.375,24.375,24.375,227,0.0,0.0
1995-01-10 00:00:00-05:00,24.375,24.375,21.5625,21.5625,933,0.0,0.0
1995-01-11 00:00:00-05:00,21.09375,21.09375,21.09375,21.09375,220,0.0,0.0
1995-01-12 00:00:00-05:00,21.09375,21.5625,21.09375,21.5625,367,0.0,0.0
1995-01-13 00:00:00-05:00,21.5625,22.5,20.625,20.625,1093,0.0,0.0
1995-01-16 00:00:00-05:00,20.625,22.5,20.625,21.5625,1360,0.0,0.0
1995-01-17 00:00:00-05:00,22.5,22.5,18.75,18.75,1327,0.0,0.0
1995-01-18 00:00:00-05:00,18.75,18.75,18.75,18.75,200,0.0,0.0
1995-01-19 00:00:00-05:00,18.75,22.5,18.75,18.75,1060,0.0,0.0
1995-01-20 00:00:00-05:00,21.5625,21.5625,18.75,18.75,1307,0.0,0.0
1995-01-23 00:00:00-05:00,18.75,21.5625,18.75,18.75,320,0.0,0.0
1995-01-24 00:00:00-05:00,19.6875,21.09375,19.6875,21.09375,440,0.0,0.0
1995-01-25 00:00:00-05:00,21.09375,21.09375,19.21875,19.21875,300,0.0,0.0
1995-01-26 00:00:00-05:00,19.21875,21.09375,19.21875,21.09375,273,0.0,0.0
1995-01-27 00:00:00-05:00,21.09375,21.09375,19.6875,19.6875,993,0.0,0.0
1995-01-30 00:00:00-05:00,21.09375,21.09375,20.15625,21.09375,853,0.0,0.0
1995-01-31 00:00:00-05:00,19.21875,21.09375,19.21875,21.09375,393,0.0,0.0
1995-02-01 00:00:00-05:00,20.625,20.625,19.21875,19.21875,647,0.0,0.0
1995-02-02 00:00:00-05:00,20.15625,20.15625,20.15625,20.15625,67,0.0,0.0
1995-02-03 00:00:00-05:00,18.75,20.625,18.75,18.75,507,0.0,0.0
1995-02-06 00:00:00-05:00,18.75,20.15625,18.75,19.6875,3547,0.0,0.0
1995-02-07 00:00:00-05:00,20.625,20.625,18.75,19.6875,1680,0.0,0.0
1995-02-08 00:00:00-05:00,18.75,19.6875,18.75,19.6875,340,0.0,0.0
1995-02-09 00:00:00-05:00,18.75,19.6875,18.75,19.6875,407,0.0,0.0
1995-02-10 00:00:00-05:00,18.75,19.6875,18.75,19.6875,1293,0.0,0.0
1995-02-13 00:00:00-05:00,18.75,19.6875,18.75,19.6875,807,0.0,0.0
1995-02-14 00:00:00-05:00,19.6875,19.6875,18.75,19.21875,1180,0.0,0.0
1995-02-15 00:00:00-05:00,19.6875,22.5,19.21875,19.6875,4660,0.0,0.0
1995-02-16 00:00:00-05:00,22.5,22.5,18.75,20.15625,1507,0.0,0.0
1995-02-17 00:00:00-05:00,18.75,19.21875,18.75,18.75,1040,0.0,0.0
1995-02-21 00:00:00-05:00,20.625,20.625,18.75,18.75,453,0.0,0.0
1995-02-22 00:00:00-05:00,18.75,18.75,18.75,18.75,0,0.0,0.0
1995-02-23 00:00:00-05:00,18.75,18.75,18.75,18.75,567,0.0,0.0
1995-02-24 00:00:00-05:00,20.15625,20.15625,17.8125,17.8125,560,0.0,0.0
1995-02-27 00:00:00-05:00,17.8125,20.15625,17.8125,19.6875,587,0.0,0.0
1995-02-28 00:00:00-05:00,18.28125,18.75,17.8125,18.75,2587,0.0,0.0
1995-03-01 00:00:00-05:00,18.75,18.75,18.28125,18.75,133,0.0,0.0
1995-03-02 00:00:00-05:00,18.75,18.75,18.75,18.75,120,0.0,0.0
1995-03-03 00:00:00-05:00,18.28125,18.28125,17.8125,17.8125,453,0.0,0.0
1995-03-06 00:00:00-05:00,18.75,18.75,17.8125,17.8125,2907,0.0,0.0
1995-03-07 00:00:00-05:00,17.8125,17.8125,14.0625,16.40625,4227,0.0,0.0
1995-03-08 00:00:00-05:00,17.8125,17.8125,16.40625,16.40625,540,0.0,0.0
1995-03-09 00:00:00-05:00,17.8125,17.8125,17.8125,17.8125,87,0.0,0.0
1995-03-10 00:00:00-05:00,16.40625,17.8125,16.40625,17.8125,1520,0.0,0.0
1995-03-13 00:00:00-05:00,16.875,18.75,16.875,18.75,4360,0.0,0.0
1995-03-14 00:00:00-05:00,20.15625,20.15625,18.28125,19.6875,2413,0.0,0.0
1995-03-15 00:00:00-05:00,20.15625,20.15625,18.28125,20.15625,1627,0.0,0.0
1995-03-16 00:00:00-05:00,18.28125,20.15625,18.28125,20.15625,1233,0.0,0.0
1995-03-17 00:00:00-05:00,20.15625,20.15625,20.15625,20.15625,133,0.0,0.0
1995-03-20 00:00:00-05:00,19.21875,19.6875,19.21875,19.6875,660,0.0,0.0
1995-03-21 00:00:00-05:00,19.6875,19.6875,19.21875,19.21875,1820,0.0,0.0
1995-03-22 00:00:00-05:00,18.75,19.6875,18.75,19.6875,1573,0.0,0.0
1995-03-23 00:00:00-05:00,17.8125,19.6875,17.8125,18.75,780,0.0,0.0
1995-03-24 00:00:00-05:00,19.6875,19.6875,17.8125,17.8125,940,0.0,0.0
1995-03-27 00:00:00-05:00,19.6875,19.6875,17.8125,18.75,1947,0.0,0.0
1995-03-28 00:00:00-05:00,18.28125,19.6875,18.28125,19.6875,2013,0.0,0.0
1995-03-29 00:00:00-05:00,20.625,20.625,18.75,18.75,840,0.0,0.0
1995-03-30 00:00:00-05:00,18.75,20.625,18.75,19.453125,913,0.0,0.0
1995-03-31 00:00:00-05:00,19.6875,22.5,19.6875,21.5625,2180,0.0,0.0
1995-04-03 00:00:00-04:00,22.5,22.5,19.6875,19.6875,887,0.0,0.0
1995-04-04 00:00:00-04:00,22.5,22.5,19.6875,20.625,2327,0.0,0.0
1995-04-05 00:00:00-04:00,20.625,22.5,20.625,22.03125,487,0.0,0.0
1995-04-06 00:00:00-04:00,22.03125,22.03125,19.21875,22.03125,1400,0.0,0.0
1995-04-07 00:00:00-04:00,22.03125,22.03125,19.6875,22.03125,4213,0.0,0.0
1995-04-10 00:00:00-04:00,20.625,23.4375,20.625,21.5625,1667,0.0,0.0
1995-04-11 00:00:00-04:00,21.5625,24.375,21.5625,22.03125,4307,0.0,0.0
1995-04-12 00:00:00-04:00,24.375,24.375,21.5625,22.5,4613,0.0,0.0
1995-04-13 00:00:00-04:00,23.4375,26.25,22.5,25.078125,2253,0.0,0.0
1995-04-17 00:00:00-04:00,23.4375,28.125,23.4375,25.3125,4927,0.0,0.0
1995-04-18 00:00:00-04:00,28.125,30.0,25.3125,29.0625,12920,0.0,0.0
1995-04-19 00:00:00-04:00,26.25,30.0,26.25,26.25,13607,0.0,0.0
1995-04-20 00:00:00-04:00,27.65625,27.65625,24.375,24.375,5267,0.0,0.0
1995-04-21 00:00:00-04:00,27.1875,27.1875,22.5,27.1875,1753,0.0,0.0
1995-04-24 00:00:00-04:00,27.1875,27.1875,24.375,24.375,780,0.0,0.0
1995-04-25 00:00:00-04:00,27.1875,27.1875,24.375,24.375,2173,0.0,0.0
1995-04-26 00:00:00-04:00,23.90625,27.1875,23.90625,26.25,727,0.0,0.0
1995-04-27 00:00:00-04:00,27.1875,27.1875,27.1875,27.1875,187,0.0,0.0
1995-04-28 00:00:00-04:00,25.3125,27.1875,25.3125,26.25,2347,0.0,0.0
1995-05-01 00:00:00-04:00,27.1875,27.1875,24.375,24.84375,1687,0.0,0.0
1995-05-02 00:00:00-04:00,24.84375,26.25,23.4375,24.375,1373,0.0,0.0
1995-05-03 00:00:00-04:00,26.25,26.25,25.3125,25.3125,687,0.0,0.0
1995-05-04 00:00:00-04:00,25.3125,27.1875,24.375,24.375,2393,0.0,0.0
1995-05-05 00:00:00-04:00,26.25,26.25,23.4375,23.671875,2747,0.0,0.0
1995-05-08 00:00:00-04:00,24.375,25.3125,22.5,22.5,1027,0.0,0.0
1995-05-09 00:00:00-04:00,25.3125,25.3125,22.5,24.375,1560,0.0,0.0
1995-05-10 00:00:00-04:00,24.375,24.375,24.375,24.375,40,0.0,0.0
1995-05-11 00:00:00-04:00,24.375,25.3125,24.375,25.3125,627,0.0,0.0
1995-05-12 00:00:00-04:00,25.3125,25.3125,22.5,22.5,313,0.0,0.0
1995-05-15 00:00:00-04:00,25.3125,25.3125,22.5,23.4375,2020,0.0,0.0
1995-05-16 00:00:00-04:00,25.3125,25.3125,22.5,22.5,867,0.0,0.0
1995-05-17 00:00:00-04:00,25.3125,25.3125,22.5,22.5,453,0.0,0.0
1995-05-18 00:00:00-04:00,22.5,22.5,22.5,22.5,867,0.0,0.0
1995-05-19 00:00:00-04:00,22.5,23.4375,21.5625,23.4375,2827,0.0,0.0
1995-05-22 00:00:00-04:00,22.5,24.375,21.5625,22.5,620,0.0,0.0
1995-05-23 00:00:00-04:00,21.5625,21.5625,21.5625,21.5625,200,0.0,0.0
1995-05-24 00:00:00-04:00,21.5625,24.375,21.5625,23.4375,1253,0.0,0.0
1995-05-25 00:00:00-04:00,22.5,25.3125,21.5625,23.4375,4087,0.0,0.0
1995-05-26 00:00:00-04:00,22.5,23.4375,21.5625,21.5625,3060,0.0,0.0
1995-05-30 00:00:00-04:00,23.4375,23.4375,21.5625,22.03125,1240,0.0,0.0
1995-05-31 00:00:00-04:00,22.96875,22.96875,21.5625,22.5,313,0.0,0.0
1995-06-01 00:00:00-04:00,22.96875,22.96875,21.5625,21.5625,1907,0.0,0.0
1995-06-02 00:00:00-04:00,22.03125,22.03125,21.5625,21.5625,407,0.0,0.0
1995-06-05 00:00:00-04:00,21.5625,22.5,21.5625,21.5625,987,0.0,0.0
1995-06-06 00:00:00-04:00,22.5,22.5,20.625,20.625,1820,0.0,0.0
1995-06-07 00:00:00-04:00,22.5,22.5,19.6875,19.6875,1500,0.0,0.0
1995-06-08 00:00:00-04:00,19.6875,21.5625,19.6875,21.5625,233,0.0,0.0
1995-06-09 00:00:00-04:00,19.6875,21.5625,19.6875,21.5625,333,0.0,0.0
1995-06-12 00:00:00-04:00,21.5625,21.5625,19.6875,19.6875,1087,0.0,0.0
1995-06-13 00:00:00-04:00,19.6875,19.6875,19.6875,19.6875,320,0.0,0.0
1995-06-14 00:00:00-04:00,21.5625,21.5625,21.5625,21.5625,133,0.0,0.0
1995-06-15 00:00:00-04:00,19.6875,20.625,19.6875,20.625,660,0.0,0.0
1995-06-16 00:00:00-04:00,19.6875,21.5625,19.6875,21.5625,507,0.0,0.0
1995-06-19 00:00:00-04:00,21.5625,21.5625,21.5625,21.5625,0,0.0,0.0
1995-06-20 00:00:00-04:00,21.5625,21.5625,21.5625,21.5625,140,0.0,0.0
1995-06-21 00:00:00-04:00,19.6875,21.5625,19.6875,21.09375,2947,0.0,0.0
1995-06-22 00:00:00-04:00,19.6875,21.09375,19.6875,21.09375,1213,0.0,0.0
1995-06-23 00:00:00-04:00,21.5625,21.5625,19.6875,19.6875,1093,0.0,0.0
1995-06-26 00:00:00-04:00,20.15625,21.5625,19.6875,20.625,553,0.0,0.0
1995-06-27 00:00:00-04:00,21.5625,21.5625,18.75,21.5625,447,0.0,0.0
1995-06-28 00:00:00-04:00,18.75,21.5625,18.75,18.75,247,0.0,0.0
1995-06-29 00:00:00-04:00,18.75,18.75,18.75,18.75,0,0.0,0.0
1995-06-30 00:00:00-04:00,21.5625,21.5625,18.75,21.5625,293,0.0,0.0
1995-07-03 00:00:00-04:00,21.5625,21.5625,21.5625,21.5625,0,0.0,0.0
1995-07-05 00:00:00-04:00,21.5625,21.5625,17.8125,19.21875,333,0.0,0.0
1995-07-06 00:00:00-04:00,21.5625,21.5625,17.8125,17.8125,1440,0.0,0.0
1995-07-07 00:00:00-04:00,20.15625,20.15625,17.8125,17.8125,160,0.0,0.0
1995-07-10 00:00:00-04:00,18.75,21.5625,18.75,18.75,293,0.0,0.0
1995-07-11 00:00:00-04:00,21.5625,21.5625,17.8125,17.8125,960,0.0,0.0
1995-07-12 00:00:00-04:00,17.8125,20.625,16.875,16.875,1147,0.0,0.0
1995-07-13 00:00:00-04:00,19.6875,19.6875,15.9375,16.875,8553,0.0,0.0
1995-07-14 00:00:00-04:00,19.6875,19.6875,17.34375,19.21875,560,0.0,0.0
1995-07-17 00:00:00-04:00,17.34375,19.21875,17.34375,19.21875,287,0.0,0.0
1995-07-18 00:00:00-04:00,17.34375,19.21875,17.34375,19.21875,660,0.0,0.0
1995-07-19 00:00:00-04:00,17.8125,17.8125,17.8125,17.8125,400,0.0,0.0
1995-07-20 00:00:00-04:00,17.8125,19.6875,17.8125,19.6875,300,0.0,0.0
1995-07-21 00:00:00-04:00,19.6875,19.6875,17.8125,18.75,1027,0.0,0.0
1995-07-24 00:00:00-04:00,19.6875,19.6875,17.34375,17.8125,7320,0.0,0.0
1995-07-25 00:00:00-04:00,19.6875,19.6875,17.8125,19.6875,1893,0.0,0.0
1995-07-26 00:00:00-04:00,19.6875,19.6875,17.8125,19.21875,1500,0.0,0.0
1995-07-27 00:00:00-04:00,19.6875,19.6875,18.28125,19.6875,3187,0.0,0.0
1995-07-28 00:00:00-04:00,19.6875,19.6875,18.75,19.21875,1940,0.0,0.0
1995-07-31 00:00:00-04:00,17.8125,18.75,17.8125,17.8125,493,0.0,0.0
1995-08-01 00:00:00-04:00,17.8125,17.8125,17.8125,17.8125,7,0.0,0.0
1995-08-02 00:00:00-04:00,17.8125,19.453125,17.8125,19.453125,273,0.0,0.0
1995-08-03 00:00:00-04:00,18.75,18.75,17.8125,18.75,2213,0.0,0.0
1995-08-04 00:00:00-04:00,17.8125,18.75,16.875,16.875,760,0.0,0.0
1995-08-07 00:00:00-04:00,16.875,18.75,16.875,18.75,480,0.0,0.0
1995-08-08 00:00:00-04:00,16.875,18.75,15.0,18.75,3167,0.0,0.0
1995-08-09 00:00:00-04:00,17.8125,18.75,15.9375,18.75,6047,0.0,0.0
1995-08-10 00:00:00-04:00,17.8125,17.8125,17.8125,17.8125,87,0.0,0.0
1995-08-11 00:00:00-04:00,16.40625,18.75,16.40625,16.875,3467,0.0,0.0
1995-08-14 00:00:00-04:00,16.875,17.8125,16.40625,16.40625,660,0.0,0.0
1995-08-15 00:00:00-04:00,16.875,18.75,16.40625,18.75,667,0.0,0.0
1995-08-16 00:00:00-04:00,16.40625,16.875,15.9375,15.9375,2547,0.0,0.0
1995-08-17 00:00:00-04:00,15.9375,17.8125,15.9375,17.8125,1500,0.0,0.0
1995-08-18 00:00:00-04:00,15.9375,17.8125,15.9375,17.8125,1340,0.0,0.0
1995-08-21 00:00:00-04:00,15.9375,15.9375,15.9375,15.9375,587,0.0,0.0
1995-08-22 00:00:00-04:00,15.9375,17.8125,15.9375,17.8125,187,0.0,0.0
1995-08-23 00:00:00-04:00,17.8125,17.8125,16.40625,16.875,520,0.0,0.0
1995-08-24 00:00:00-04:00,17.8125,17.8125,16.40625,17.8125,1147,0.0,0.0
1995-08-25 00:00:00-04:00,16.40625,17.8125,16.40625,17.8125,1360,0.0,0.0
1995-08-28 00:00:00-04:00,16.875,16.875,16.40625,16.40625,433,0.0,0.0
1995-08-29 00:00:00-04:00,17.34375,17.34375,16.875,16.875,513,0.0,0.0
1995-08-30 00:00:00-04:00,17.34375,17.34375,16.40625,17.34375,367,0.0,0.0
1995-08-31 00:00:00-04:00,16.40625,17.34375,16.40625,16.875,487,0.0,0.0
1995-09-01 00:00:00-04:00,17.109375,17.109375,16.875,16.875,333,0.0,0.0
1995-09-05 00:00:00-04:00,17.34375,17.34375,16.40625,16.875,60,0.0,0.0
1995-09-06 00:00:00-04:00,16.40625,17.34375,16.40625,16.875,1200,0.0,0.0
1995-09-07 00:00:00-04:00,16.40625,16.875,14.53125,15.9375,2167,0.0,0.0
1995-09-08 00:00:00-04:00,16.875,16.875,15.0,15.0,1993,0.0,0.0
1995-09-11 00:00:00-04:00,15.9375,16.875,15.0,15.0,1440,0.0,0.0
1995-09-12 00:00:00-04:00,15.0,16.40625,14.0625,15.46875,2747,0.0,0.0
1995-09-13 00:00:00-04:00,15.46875,15.46875,14.0625,14.0625,1840,0.0,0.0
1995-09-14 00:00:00-04:00,15.0,15.46875,14.0625,14.0625,807,0.0,0.0
1995-09-15 00:00:00-04:00,15.0,15.46875,14.0625,15.46875,473,0.0,0.0
1995-09-18 00:00:00-04:00,14.0625,15.46875,14.0625,15.46875,300,0.0,0.0
1995-09-19 00:00:00-04:00,15.46875,15.46875,14.0625,14.0625,113,0.0,0.0
1995-09-20 00:00:00-04:00,14.0625,15.0,14.0625,15.0,627,0.0,0.0
1995-09-21 00:00:00-04:00,15.46875,15.46875,14.0625,15.46875,227,0.0,0.0
1995-09-22 00:00:00-04:00,15.46875,15.46875,15.46875,15.46875,867,0.0,0.0
1995-09-25 00:00:00-04:00,14.0625,15.46875,14.0625,15.46875,793,0.0,0.0
1995-09-26 00:00:00-04:00,14.0625,15.0,14.0625,15.0,2333,0.0,0.0
1995-09-27 00:00:00-04:00,14.53125,14.53125,14.0625,14.0625,833,0.0,0.0
1995-09-28 00:00:00-04:00,14.0625,15.46875,14.0625,15.46875,587,0.0,0.0
1995-09-29 00:00:00-04:00,14.53125,15.46875,14.0625,15.46875,840,0.0,0.0
1995-10-02 00:00:00-04:00,15.0,15.46875,14.53125,14.53125,1607,0.0,0.0
1995-10-03 00:00:00-04:00,14.53125,15.46875,14.53125,15.46875,133,0.0,0.0
1995-10-04 00:00:00-04:00,15.46875,15.46875,14.53125,14.53125,160,0.0,0.0
1995-10-05 00:00:00-04:00,15.46875,15.46875,14.53125,14.53125,627,0.0,0.0
1995-10-06 00:00:00-04:00,14.53125,16.640625,14.53125,16.640625,1040,0.0,0.0
1995-10-09 00:00:00-04:00,16.875,16.875,15.0,16.875,1387,0.0,0.0
1995-10-10 00:00:00-04:00,15.0,15.0,15.0,15.0,20,0.0,0.0
1995-10-11 00:00:00-04:00,17.34375,17.34375,15.0,15.0,533,0.0,0.0
1995-10-12 00:00:00-04:00,15.0,16.875,15.0,16.875,73,0.0,0.0
1995-10-13 00:00:00-04:00,16.875,16.875,15.9375,15.9375,167,0.0,0.0
1995-10-16 00:00:00-04:00,16.875,16.875,15.0,16.875,253,0.0,0.0
1995-10-17 00:00:00-04:00,15.0,16.875,15.0,15.9375,240,0.0,0.0
1995-10-18 00:00:00-04:00,15.0,15.0,14.53125,14.53125,680,0.0,0.0
1995-10-19 00:00:00-04:00,16.40625,16.40625,14.53125,15.46875,1273,0.0,0.0
1995-10-20 00:00:00-04:00,15.0,16.640625,15.0,15.0,400,0.0,0.0
1995-10-23 00:00:00-04:00,15.0,15.46875,14.53125,14.53125,2520,0.0,0.0
1995-10-24 00:00:00-04:00,15.46875,15.46875,14.53125,14.53125,653,0.0,0.0
1995-10-25 00:00:00-04:00,14.53125,14.53125,14.53125,14.53125,0,0.0,0.0
1995-10-26 00:00:00-04:00,14.53125,14.53125,14.53125,14.53125,1333,0.0,0.0
1995-10-27 00:00:00-04:00,14.53125,15.0,14.53125,14.53125,1020,0.0,0.0
1995-10-30 00:00:00-05:00,14.53125,14.53125,12.65625,12.65625,1033,0.0,0.0
1995-10-31 00:00:00-05:00,14.53125,14.53125,12.65625,14.53125,1000,0.0,0.0
1995-11-01 00:00:00-05:00,14.53125,14.53125,12.65625,14.53125,240,0.0,0.0
1995-11-02 00:00:00-05:00,14.53125,14.53125,12.65625,14.53125,360,0.0,0.0
1995-11-03 00:00:00-05:00,14.53125,14.53125,9.84375,13.125,5967,0.0,0.0
1995-11-06 00:00:00-05:00,13.125,13.125,8.90625,9.84375,2020,0.0,0.0
1995-11-07 00:00:00-05:00,10.3125,12.1875,9.375,12.1875,920,0.0,0.0
1995-11-08 00:00:00-05:00,9.375,11.25,9.375,9.375,1247,0.0,0.0
1995-11-09 00:00:00-05:00,10.3125,12.1875,8.90625,8.90625,1900,0.0,0.0
1995-11-10 00:00:00-05:00,8.90625,12.1875,8.90625,9.375,1687,0.0,0.0
1995-11-13 00:00:00-05:00,11.25,11.25,8.90625,8.90625,2553,0.0,0.0
1995-11-14 00:00:00-05:00,9.375,9.375,8.4375,8.4375,2960,0.0,0.0
1995-11-15 00:00:00-05:00,9.375,9.375,8.4375,9.375,633,0.0,0.0
1995-11-16 00:00:00-05:00,8.4375,9.375,8.4375,8.4375,1553,0.0,0.0
1995-11-17 00:00:00-05:00,9.375,10.3125,9.140625,10.3125,1233,0.0,0.0
1995-11-20 00:00:00-05:00,10.3125,10.78125,9.375,10.78125,1933,0.0,0.0
1995-11-21 00:00:00-05:00,9.84375,10.78125,9.375,9.375,1027,0.0,0.0
1995-11-22 00:00:00-05:00,9.375,10.78125,9.375,10.3125,1273,0.0,0.0
1995-11-24 00:00:00-05:00,9.375,10.78125,9.375,10.3125,1360,0.0,0.0
1995-11-27 00:00:00-05:00,10.3125,10.78125,9.375,10.78125,907,0.0,0.0
1995-11-28 00:00:00-05:00,9.375,10.78125,9.375,9.375,200,0.0,0.0
1995-11-29 00:00:00-05:00,10.3125,10.3125,8.90625,10.3125,967,0.0,0.0
1995-11-30 00:00:00-05:00,10.3125,10.3125,9.375,10.3125,1393,0.0,0.0
1995-12-01 00:00:00-05:00,9.375,10.3125,9.375,9.84375,3720,0.0,0.0
1995-12-04 00:00:00-05:00,9.84375,9.84375,9.84375,9.84375,247,0.0,0.0
1995-12-05 00:00:00-05:00,9.84375,9.84375,9.84375,9.84375,320,0.0,0.0
1995-12-06 00:00:00-05:00,10.3125,10.3125,7.5,7.5,5233,0.0,0.0
1995-12-07 00:00:00-05:00,7.5,8.90625,7.5,8.203125,2027,0.0,0.0
1995-12-08 00:00:00-05:00,7.5,8.4375,7.5,8.4375,5700,0.0,0.0
1995-12-11 00:00:00-05:00,7.5,8.4375,7.5,7.5,1287,0.0,0.0
1995-12-12 00:00:00-05:00,7.5,8.4375,7.5,8.4375,1273,0.0,0.0
1995-12-13 00:00:00-05:00,7.5,8.90625,7.5,8.90625,1247,0.0,0.0
1995-12-14 00:00:00-05:00,7.96875,8.90625,7.96875,7.96875,627,0.0,0.0
1995-12-15 00:00:00-05:00,7.96875,8.90625,7.96875,7.96875,667,0.0,0.0
1995-12-18 00:00:00-05:00,7.5,8.4375,7.5,7.5,1400,0.0,0.0
1995-12-19 00:00:00-05:00,7.5,7.96875,7.5,7.96875,2787,0.0,0.0
1995-12-20 00:00:00-05:00,7.5,7.5,7.03125,7.5,1227,0.0,0.0
1995-12-21 00:00:00-05:00,7.03125,7.96875,7.03125,7.5,2533,0.0,0.0
1995-12-22 00:00:00-05:00,7.03125,7.96875,7.03125,7.03125,487,0.0,0.0
1995-12-26 00:00:00-05:00,7.03125,7.96875,7.03125,7.03125,3747,0.0,0.0
1995-12-27 00:00:00-05:00,7.03125,7.96875,7.03125,7.5,2533,0.0,0.0
1995-12-28 00:00:00-05:00,7.03125,7.96875,7.03125,7.5,4153,0.0,0.0
1995-12-29 00:00:00-05:00,7.5,7.5,7.03125,7.5,4313,0.0,0.0
1996-01-02 00:00:00-05:00,7.5,7.5,7.03125,7.03125,1400,0.0,0.0
1996-01-03 00:00:00-05:00,7.03125,7.96875,7.03125,7.96875,1493,0.0,0.0
1996-01-04 00:00:00-05:00,7.96875,7.96875,7.5,7.5,907,0.0,0.0
1996-01-05 00:00:00-05:00,7.03125,7.5,7.03125,7.5,2433,0.0,0.0
1996-01-08 00:00:00-05:00,7.5,7.5,7.5,7.5,0,0.0,0.0
1996-01-09 00:00:00-05:00,7.5,7.96875,7.03125,7.03125,447,0.0,0.0
1996-01-10 00:00:00-05:00,7.03125,7.5,7.03125,7.03125,1333,0.0,0.0
1996-01-11 00:00:00-05:00,7.5,7.5,7.03125,7.03125,293,0.0,0.0
1996-01-12 00:00:00-05:00,7.03125,7.5,7.03125,7.265625,2733,0.0,0.0
1996-01-15 00:00:00-05:00,7.5,7.5,7.03125,7.03125,453,0.0,0.0
1996-01-16 00:00:00-05:00,7.5,7.5,7.5,7.5,53,0.0,0.0
1996-01-17 00:00:00-05:00,7.03125,7.03125,7.03125,7.03125,387,0.0,0.0
1996-01-18 00:00:00-05:00,7.5,7.5,7.5,7.5,13,0.0,0.0
1996-01-19 00:00:00-05:00,7.5,7.5,7.5,7.5,0,0.0,0.0
1996-01-22 00:00:00-05:00,7.03125,7.5,7.03125,7.5,133,0.0,0.0
1996-01-23 00:00:00-05:00,7.5,7.5,7.265625,7.265625,413,0.0,0.0
1996-01-24 00:00:00-05:00,7.265625,7.265625,7.265625,7.265625,0,0.0,0.0
1996-01-25 00:00:00-05:00,7.5,7.5,7.03125,7.5,227,0.0,0.0
1996-01-26 00:00:00-05:00,7.03125,7.03125,7.03125,7.03125,7,0.0,0.0
1996-01-29 00:00:00-05:00,7.03125,7.03125,7.03125,7.03125,167,0.0,0.0
1996-01-30 00:00:00-05:00,7.5,7.5,6.5625,6.5625,1373,0.0,0.0
1996-01-31 00:00:00-05:00,7.5,7.5,7.5,7.5,67,0.0,0.0
1996-02-01 00:00:00-05:00,7.5,7.5,6.5625,6.5625,1720,0.0,0.0
1996-02-02 00:00:00-05:00,7.5,7.5,7.5,7.5,287,0.0,0.0
1996-02-05 00:00:00-05:00,6.09375,6.09375,6.09375,6.09375,713,0.0,0.0
1996-02-06 00:00:00-05:00,5.625,6.5625,4.21875,5.625,3053,0.0,0.0
1996-02-07 00:00:00-05:00,5.625,5.625,4.6875,5.15625,7933,0.0,0.0
1996-02-08 00:00:00-05:00,5.15625,5.15625,4.6875,5.15625,4800,0.0,0.0
1996-02-09 00:00:00-05:00,5.15625,5.15625,4.6875,5.15625,1287,0.0,0.0
1996-02-12 00:00:00-05:00,5.15625,5.390625,4.6875,5.390625,2547,0.0,0.0
1996-02-13 00:00:00-05:00,5.15625,6.5625,5.15625,6.5625,147,0.0,0.0
1996-02-14 00:00:00-05:00,6.5625,6.5625,5.15625,5.15625,2440,0.0,0.0
1996-02-15 00:00:00-05:00,5.15625,6.09375,5.15625,6.09375,1253,0.0,0.0
1996-02-16 00:00:00-05:00,6.09375,7.03125,6.09375,7.03125,2413,0.0,0.0
1996-02-20 00:00:00-05:00,6.09375,7.03125,6.09375,7.03125,1620,0.0,0.0
1996-02-21 00:00:00-05:00,6.5625,7.5,6.5625,6.5625,307,0.0,0.0
1996-02-22 00:00:00-05:00,7.5,7.5,7.03125,7.03125,633,0.0,0.0
1996-02-23 00:00:00-05:00,7.5,7.96875,7.5,7.96875,1027,0.0,0.0
1996-02-26 00:00:00-05:00,7.5,8.4375,7.03125,7.03125,1040,0.0,0.0
1996-02-27 00:00:00-05:00,7.5,7.5,6.5625,6.5625,1127,0.0,0.0
1996-02-28 00:00:00-05:00,7.5,7.5,7.5,7.5,133,0.0,0.0
1996-02-29 00:00:00-05:00,6.09375,7.5,6.09375,7.5,247,0.0,0.0
1996-03-01 00:00:00-05:00,6.5625,8.4375,6.5625,7.96875,3040,0.0,0.0
1996-03-04 00:00:00-05:00,7.5,9.84375,7.5,9.84375,2820,0.0,0.0
1996-03-05 00:00:00-05:00,9.84375,9.84375,9.84375,9.84375,153,0.0,0.0
1996-03-06 00:00:00-05:00,9.84375,9.84375,8.90625,9.84375,433,0.0,0.0
1996-03-07 00:00:00-05:00,8.90625,9.84375,8.90625,8.90625,3127,0.0,0.0
1996-03-08 00:00:00-05:00,9.84375,9.84375,8.90625,9.375,2160,0.0,0.0
1996-03-11 00:00:00-05:00,9.375,9.84375,8.90625,9.609375,2653,0.0,0.0
1996-03-12 00:00:00-05:00,9.84375,9.84375,9.375,9.609375,1833,0.0,0.0
1996-03-13 00:00:00-05:00,9.84375,9.84375,9.375,9.375,393,0.0,0.0
1996-03-14 00:00:00-05:00,9.84375,9.84375,9.375,9.375,227,0.0,0.0
1996-03-15 00:00:00-05:00,9.375,9.84375,9.375,9.84375,1053,0.0,0.0
1996-03-18 00:00:00-05:00,9.375,9.84375,9.375,9.84375,93,0.0,0.0
1996-03-19 00:00:00-05:00,9.375,9.375,9.375,9.375,13,0.0,0.0
1996-03-20 00:00:00-05:00,9.375,9.84375,9.375,9.84375,2400,0.0,0.0
1996-03-21 00:00:00-05:00,9.84375,9.84375,9.375,9.84375,1567,0.0,0.0
1996-03-22 00:00:00-05:00,10.3125,10.3125,9.375,9.375,233,0.0,0.0
1996-03-25 00:00:00-05:00,9.375,9.375,9.375,9.375,367,0.0,0.0
1996-03-26 00:00:00-05:00,9.375,9.375,9.375,9.375,0,0.0,0.0
1996-03-27 00:00:00-05:00,10.3125,10.3125,9.375,10.078125,393,0.0,0.0
1996-03-28 00:00:00-05:00,10.3125,10.3125,10.078125,10.078125,167,0.0,0.0
1996-03-29 00:00:00-05:00,10.3125,10.3125,10.3125,10.3125,33,0.0,0.0
1996-04-01 00:00:00-05:00,9.375,10.3125,9.375,10.078125,513,0.0,0.0
1996-04-02 00:00:00-05:00,10.3125,10.3125,8.90625,8.90625,433,0.0,0.0
1996-04-03 00:00:00-05:00,8.90625,8.90625,8.90625,8.90625,0,0.0,0.0
1996-04-04 00:00:00-05:00,8.90625,8.90625,8.90625,8.90625,20,0.0,0.0
1996-04-08 00:00:00-04:00,8.90625,10.3125,8.90625,10.3125,233,0.0,0.0
1996-04-09 00:00:00-04:00,10.3125,10.3125,10.3125,10.3125,53,0.0,0.0
1996-04-10 00:00:00-04:00,10.3125,10.3125,8.90625,8.90625,1707,0.0,0.0
1996-04-11 00:00:00-04:00,10.3125,10.3125,8.90625,9.84375,860,0.0,0.0
1996-04-12 00:00:00-04:00,8.90625,8.90625,8.90625,8.90625,533,0.0,0.0
1996-04-15 00:00:00-04:00,8.90625,8.90625,8.90625,8.90625,373,0.0,0.0
1996-04-16 00:00:00-04:00,8.90625,8.90625,8.90625,8.90625,0,0.0,0.0
1996-04-17 00:00:00-04:00,9.375,9.375,9.375,9.375,193,0.0,0.0
1996-04-18 00:00:00-04:00,9.375,9.375,9.375,9.375,0,0.0,0.0
1996-04-19 00:00:00-04:00,9.375,9.375,9.375,9.375,93,0.0,0.0
1996-04-22 00:00:00-04:00,9.375,9.375,9.375,9.375,67,0.0,0.0
1996-04-23 00:00:00-04:00,8.4375,9.375,8.4375,9.375,380,0.0,0.0
1996-04-24 00:00:00-04:00,8.4375,8.4375,8.4375,8.4375,153,0.0,0.0
1996-04-25 00:00:00-04:00,8.4375,8.4375,8.4375,8.4375,0,0.0,0.0
1996-04-26 00:00:00-04:00,9.375,9.375,8.4375,8.4375,400,0.0,0.0
1996-04-29 00:00:00-04:00,8.4375,8.4375,8.4375,8.4375,0,0.0,0.0
1996-04-30 00:00:00-04:00,8.4375,9.375,8.4375,9.375,600,0.0,0.0
1996-05-01 00:00:00-04:00,9.375,9.375,8.4375,8.4375,227,0.0,0.0
1996-05-02 00:00:00-04:00,9.375,9.375,9.375,9.375,13,0.0,0.0
1996-05-03 00:00:00-04:00,8.4375,9.375,8.4375,9.375,127,0.0,0.0
1996-05-06 00:00:00-04:00,9.375,10.3125,8.4375,8.671875,3907,0.0,0.0
1996-05-07 00:00:00-04:00,10.3125,10.3125,10.3125,10.3125,153,0.0,0.0
1996-05-08 00:00:00-04:00,8.90625,9.375,8.4375,9.375,1260,0.0,0.0
1996-05-09 00:00:00-04:00,7.96875,9.375,7.96875,7.96875,847,0.0,0.0
1996-05-10 00:00:00-04:00,7.96875,8.90625,7.96875,8.90625,373,0.0,0.0
1996-05-13 00:00:00-04:00,7.96875,8.4375,7.96875,7.96875,1227,0.0,0.0
1996-05-14 00:00:00-04:00,8.90625,9.375,7.96875,8.90625,3173,0.0,0.0
1996-05-15 00:00:00-04:00,8.4375,9.375,8.4375,9.375,333,0.0,0.0
1996-05-16 00:00:00-04:00,8.90625,10.3125,8.90625,10.3125,520,0.0,0.0
1996-05-17 00:00:00-04:00,8.4375,10.3125,8.4375,10.3125,1247,0.0,0.0
1996-05-20 00:00:00-04:00,10.3125,10.3125,10.3125,10.3125,27,0.0,0.0
1996-05-21 00:00:00-04:00,8.4375,8.90625,8.4375,8.4375,707,0.0,0.0
1996-05-22 00:00:00-04:00,8.4375,8.4375,8.4375,8.4375,327,0.0,0.0
1996-05-23 00:00:00-04:00,9.84375,9.84375,8.4375,9.84375,420,0.0,0.0
1996-05-24 00:00:00-04:00,9.84375,9.84375,9.84375,9.84375,0,0.0,0.0
1996-05-28 00:00:00-04:00,8.4375,8.4375,8.4375,8.4375,1327,0.0,0.0
1996-05-29 00:00:00-04:00,9.375,9.375,8.90625,9.375,1000,0.0,0.0
1996-05-30 00:00:00-04:00,9.375,9.375,8.4375,8.4375,173,0.0,0.0
1996-05-31 00:00:00-04:00,8.90625,8.90625,8.90625,8.90625,200,0.0,0.0
1996-06-03 00:00:00-04:00,8.4375,8.4375,8.4375,8.4375,7,0.0,0.0
1996-06-04 00:00:00-04:00,8.4375,8.4375,8.4375,8.4375,400,0.0,0.0
1996-06-05 00:00:00-04:00,8.671875,9.84375,8.4375,9.84375,2687,0.0,0.0
1996-06-06 00:00:00-04:00,9.84375,9.84375,9.375,9.84375,2033,0.0,0.0
1996-06-07 00:00:00-04:00,10.3125,10.3125,8.4375,8.4375,787,0.0,0.0
1996-06-10 00:00:00-04:00,9.84375,9.84375,9.84375,9.84375,33,0.0,0.0
1996-06-11 00:00:00-04:00,8.4375,9.375,8.4375,8.4375,1400,0.0,0.0
1996-06-12 00:00:00-04:00,8.90625,8.90625,8.90625,8.90625,667,0.0,0.0
1996-06-13 00:00:00-04:00,8.4375,9.84375,8.4375,9.84375,133,0.0,0.0
1996-06-14 00:00:00-04:00,9.84375,9.84375,9.84375,9.84375,93,0.0,0.0
1996-06-17 00:00:00-04:00,9.84375,9.84375,9.84375,9.84375,67,0.0,0.0
1996-06-18 00:00:00-04:00,8.90625,9.375,8.4375,8.4375,687,0.0,0.0
1996-06-19 00:00:00-04:00,8.4375,9.84375,7.96875,8.90625,1527,0.0,0.0
1996-06-20 00:00:00-04:00,7.96875,7.96875,7.96875,7.96875,40,0.0,0.0
1996-06-21 00:00:00-04:00,7.96875,7.96875,7.96875,7.96875,0,0.0,0.0
1996-06-24 00:00:00-04:00,7.96875,7.96875,7.96875,7.96875,460,0.0,0.0
1996-06-25 00:00:00-04:00,7.96875,7.96875,7.96875,7.96875,173,0.0,0.0
1996-06-26 00:00:00-04:00,7.96875,8.90625,7.96875,7.96875,140,0.0,0.0
1996-06-27 00:00:00-04:00,7.96875,8.4375,7.96875,8.4375,133,0.0,0.0
1996-06-28 00:00:00-04:00,8.90625,8.90625,7.96875,7.96875,3627,0.0,0.0
1996-07-01 00:00:00-04:00,7.96875,8.90625,7.96875,8.90625,147,0.0,0.0
1996-07-02 00:00:00-04:00,7.96875,8.90625,7.96875,8.90625,507,0.0,0.0
1996-07-03 00:00:00-04:00,8.90625,8.90625,7.96875,8.90625,240,0.0,0.0
1996-07-05 00:00:00-04:00,8.90625,8.90625,8.90625,8.90625,0,0.0,0.0
1996-07-08 00:00:00-04:00,7.96875,7.96875,7.96875,7.96875,207,0.0,0.0
1996-07-09 00:00:00-04:00,9.375,9.375,7.96875,9.375,3293,0.0,0.0
1996-07-10 00:00:00-04:00,9.375,9.375,9.375,9.375,0,0.0,0.0
1996-07-11 00:00:00-04:00,9.375,9.375,9.375,9.375,0,0.0,0.0
1996-07-12 00:00:00-04:00,7.96875,9.375,7.96875,9.375,393,0.0,0.0
1996-07-15 00:00:00-04:00,7.96875,7.96875,7.96875,7.96875,1533,0.0,0.0
1996-07-16 00:00:00-04:00,7.96875,8.90625,7.5,7.5,2807,0.0,0.0
1996-07-17 00:00:00-04:00,8.4375,8.4375,6.5625,6.5625,1487,0.0,0.0
1996-07-18 00:00:00-04:00,7.96875,7.96875,7.96875,7.96875,120,0.0,0.0
1996-07-19 00:00:00-04:00,7.96875,7.96875,7.03125,7.03125,387,0.0,0.0
1996-07-22 00:00:00-04:00,7.03125,7.03125,7.03125,7.03125,0,0.0,0.0
1996-07-23 00:00:00-04:00,7.03125,7.03125,7.03125,7.03125,0,0.0,0.0
1996-07-24 00:00:00-04:00,8.4375,8.4375,6.5625,6.5625,727,0.0,0.0
1996-07-25 00:00:00-04:00,7.96875,7.96875,6.5625,7.5,2980,0.0,0.0
1996-07-26 00:00:00-04:00,7.03125,7.96875,7.03125,7.96875,4233,0.0,0.0
1996-07-29 00:00:00-04:00,7.5,7.5,7.5,7.5,933,0.0,0.0
1996-07-30 00:00:00-04:00,7.96875,7.96875,7.03125,7.03125,460,0.0,0.0
1996-07-31 00:00:00-04:00,7.03125,7.03125,7.03125,7.03125,0,0.0,0.0
1996-08-01 00:00:00-04:00,7.96875,7.96875,7.03125,7.96875,313,0.0,0.0
1996-08-02 00:00:00-04:00,7.03125,7.5,7.03125,7.5,100,0.0,0.0
1996-08-05 00:00:00-04:00,7.96875,7.96875,7.96875,7.96875,133,0.0,0.0
1996-08-06 00:00:00-04:00,7.96875,7.96875,7.03125,7.96875,273,0.0,0.0
1996-08-07 00:00:00-04:00,7.96875,7.96875,7.96875,7.96875,133,0.0,0.0
1996-08-08 00:00:00-04:00,7.96875,7.96875,7.03125,7.265625,4520,0.0,0.0
1996-08-09 00:00:00-04:00,7.03125,7.03125,7.03125,7.03125,733,0.0,0.0
1996-08-12 00:00:00-04:00,7.5,7.5,7.5,7.5,40,0.0,0.0
1996-08-13 00:00:00-04:00,7.03125,7.96875,7.03125,7.96875,933,0.0,0.0
1996-08-14 00:00:00-04:00,7.5,7.5,7.03125,7.03125,1207,0.0,0.0
1996-08-15 00:00:00-04:00,7.96875,7.96875,7.96875,7.96875,767,0.0,0.0
1996-08-16 00:00:00-04:00,7.03125,7.5,7.03125,7.5,133,0.0,0.0
1996-08-19 00:00:00-04:00,7.03125,7.5,7.03125,7.5,47,0.0,0.0
1996-08-20 00:00:00-04:00,7.03125,7.96875,7.03125,7.96875,267,0.0,0.0
1996-08-21 00:00:00-04:00,7.03125,7.03125,7.03125,7.03125,67,0.0,0.0
1996-08-22 00:00:00-04:00,7.03125,7.03125,7.03125,7.03125,667,0.0,0.0
1996-08-23 00:00:00-04:00,7.03125,7.5,7.03125,7.5,3733,0.0,0.0
1996-08-26 00:00:00-04:00,7.03125,7.03125,7.03125,7.03125,67,0.0,0.0
1996-08-27 00:00:00-04:00,7.96875,7.96875,7.03125,7.265625,3333,0.0,0.0
1996-08-28 00:00:00-04:00,7.03125,7.03125,7.03125,7.03125,900,0.0,0.0
1996-08-29 00:00:00-04:00,7.265625,7.96875,7.03125,7.03125,1200,0.0,0.0
1996-08-30 00:00:00-04:00,7.03125,7.03125,7.03125,7.03125,0,0.0,0.0
1996-09-03 00:00:00-04:00,7.03125,7.03125,7.03125,7.03125,80,0.0,0.0
1996-09-04 00:00:00-04:00,7.03125,7.03125,7.03125,7.03125,0,0.0,0.0
1996-09-05 00:00:00-04:00,7.96875,7.96875,7.5,7.5,333,0.0,0.0
1996-09-06 00:00:00-04:00,7.96875,7.96875,7.96875,7.96875,20,0.0,0.0
1996-09-09 00:00:00-04:00,7.03125,7.03125,7.03125,7.03125,200,0.0,0.0
1996-09-10 00:00:00-04:00,7.96875,7.96875,7.96875,7.96875,13,0.0,0.0
1996-09-11 00:00:00-04:00,7.03125,7.03125,7.03125,7.03125,400,0.0,0.0
1996-09-12 00:00:00-04:00,7.96875,7.96875,7.96875,7.96875,33,0.0,0.0
1996-09-13 00:00:00-04:00,7.265625,7.265625,7.265625,7.265625,267,0.0,0.0
1996-09-16 00:00:00-04:00,7.96875,7.96875,7.03125,7.03125,200,0.0,0.0
1996-09-17 00:00:00-04:00,7.5,7.5,7.5,7.5,1333,0.0,0.0
1996-09-18 00:00:00-04:00,7.5,8.4375,7.03125,7.265625,3253,0.0,0.0
1996-09-19 00:00:00-04:00,7.5,7.5,7.5,7.5,400,0.0,0.0
1996-09-20 00:00:00-04:00,7.03125,7.03125,7.03125,7.03125,33,0.0,0.0
1996-09-23 00:00:00-04:00,7.03125,7.96875,7.03125,7.03125,1567,0.0,0.0
1996-09-24 00:00:00-04:00,7.03125,7.03125,7.03125,7.03125,33,0.0,0.0
1996-09-25 00:00:00-04:00,7.03125,7.96875,7.03125,7.5,287,0.0,0.0
1996-09-26 00:00:00-04:00,7.03125,7.265625,7.03125,7.03125,1133,0.0,0.0
1996-09-27 00:00:00-04:00,7.03125,7.03125,7.03125,7.03125,0,0.0,0.0
1996-09-30 00:00:00-04:00,7.03125,7.03125,7.03125,7.03125,27,0.0,0.0
1996-10-01 00:00:00-04:00,7.03125,7.03125,7.03125,7.03125,0,0.0,0.0
1996-10-02 00:00:00-04:00,7.03125,7.03125,7.03125,7.03125,133,0.0,0.0
1996-10-03 00:00:00-04:00,7.5,7.5,7.5,7.5,333,0.0,0.0
1996-10-04 00:00:00-04:00,7.03125,7.03125,7.03125,7.03125,427,0.0,0.0
1996-10-07 00:00:00-04:00,7.03125,8.4375,7.03125,7.03125,1193,0.0,0.0
1996-10-08 00:00:00-04:00,7.03125,7.03125,7.03125,7.03125,33,0.0,0.0
1996-10-09 00:00:00-04:00,8.4375,8.4375,8.4375,8.4375,67,0.0,0.0
1996-10-10 00:00:00-04:00,7.03125,7.5,7.03125,7.5,893,0.0,0.0
1996-10-11 00:00:00-04:00,7.03125,7.5,7.03125,7.03125,2313,0.0,0.0
1996-10-14 00:00:00-04:00,7.03125,7.03125,7.03125,7.03125,1900,0.0,0.0
1996-10-15 00:00:00-04:00,7.03125,7.5,7.03125,7.03125,1327,0.0,0.0
1996-10-16 00:00:00-04:00,7.03125,7.03125,7.03125,7.03125,567,0.0,0.0
1996-10-17 00:00:00-04:00,7.03125,7.5,6.5625,6.5625,4453,0.0,0.0
1996-10-18 00:00:00-04:00,7.5,7.5,6.5625,6.5625,400,0.0,0.0
1996-10-21 00:00:00-04:00,7.5,7.5,7.5,7.5,67,0.0,0.0
1996-10-22 00:00:00-04:00,7.5,7.5,6.5625,6.5625,480,0.0,0.0
1996-10-23 00:00:00-04:00,6.5625,7.03125,6.5625,7.03125,813,0.0,0.0
1996-10-24 00:00:00-04:00,6.5625,7.5,6.5625,7.5,133,0.0,0.0
1996-10-25 00:00:00-04:00,6.5625,7.03125,6.5625,7.03125,7820,0.0,0.0
1996-10-28 00:00:00-05:00,7.5,7.5,6.5625,6.5625,187,0.0,0.0
1996-10-29 00:00:00-05:00,6.5625,6.5625,6.5625,6.5625,33,0.0,0.0
1996-10-30 00:00:00-05:00,6.5625,6.5625,6.5625,6.5625,0,0.0,0.0
1996-10-31 00:00:00-05:00,6.5625,6.5625,6.5625,6.5625,1300,0.0,0.0
1996-11-01 00:00:00-05:00,6.5625,7.265625,6.5625,6.5625,1787,0.0,0.0
1996-11-04 00:00:00-05:00,7.5,7.5,7.5,7.5,67,0.0,0.0
1996-11-05 00:00:00-05:00,6.5625,6.5625,6.5625,6.5625,133,0.0,0.0
1996-11-06 00:00:00-05:00,6.5625,6.5625,6.5625,6.5625,0,0.0,0.0
1996-11-07 00:00:00-05:00,6.5625,7.265625,6.5625,6.5625,2733,0.0,0.0
1996-11-08 00:00:00-05:00,6.5625,6.5625,6.5625,6.5625,1053,0.0,0.0
1996-11-11 00:00:00-05:00,6.5625,6.5625,6.5625,6.5625,600,0.0,0.0
1996-11-12 00:00:00-05:00,6.5625,6.5625,6.5625,6.5625,420,0.0,0.0
1996-11-13 00:00:00-05:00,6.5625,6.5625,6.5625,6.5625,113,0.0,0.0
1996-11-14 00:00:00-05:00,6.5625,7.03125,6.5625,6.5625,2293,0.0,0.0
1996-11-15 00:00:00-05:00,6.5625,6.5625,6.5625,6.5625,107,0.0,0.0
1996-11-18 00:00:00-05:00,6.5625,6.5625,6.5625,6.5625,1693,0.0,0.0
1996-11-19 00:00:00-05:00,7.03125,7.03125,6.5625,6.5625,1467,0.0,0.0
1996-11-20 00:00:00-05:00,6.5625,6.5625,5.625,5.625,487,0.0,0.0
1996-11-21 00:00:00-05:00,6.09375,6.5625,5.625,5.625,1160,0.0,0.0
1996-11-22 00:00:00-05:00,5.625,5.625,5.15625,5.625,1467,0.0,0.0
1996-11-25 00:00:00-05:00,6.09375,6.5625,5.625,5.625,2460,0.0,0.0
1996-11-26 00:00:00-05:00,5.15625,5.625,5.15625,5.15625,2673,0.0,0.0
1996-11-27 00:00:00-05:00,5.15625,5.625,5.15625,5.15625,220,0.0,0.0
1996-11-29 00:00:00-05:00,5.15625,6.09375,5.15625,6.09375,913,0.0,0.0
1996-12-02 00:00:00-05:00,6.09375,6.09375,5.15625,5.15625,347,0.0,0.0
1996-12-03 00:00:00-05:00,5.15625,5.625,5.15625,5.625,2227,0.0,0.0
1996-12-04 00:00:00-05:00,5.625,6.5625,5.15625,6.09375,2507,0.0,0.0
1996-12-05 00:00:00-05:00,5.15625,6.09375,5.15625,6.09375,253,0.0,0.0
1996-12-06 00:00:00-05:00,5.15625,6.09375,5.15625,6.09375,467,0.0,0.0
1996-12-09 00:00:00-05:00,5.625,6.5625,5.15625,6.5625,3527,0.0,0.0
1996-12-10 00:00:00-05:00,6.5625,6.5625,5.15625,5.15625,87,0.0,0.0
1996-12-11 00:00:00-05:00,5.15625,5.625,5.15625,5.15625,2560,0.0,0.0
1996-12-12 00:00:00-05:00,5.15625,6.09375,5.15625,5.15625,933,0.0,0.0
1996-12-13 00:00:00-05:00,5.15625,6.09375,5.15625,5.15625,1267,0.0,0.0
1996-12-16 00:00:00-05:00,5.625,6.09375,5.15625,5.15625,1220,0.0,0.0
1996-12-17 00:00:00-05:00,5.15625,6.09375,5.15625,5.15625,1033,0.0,0.0
1996-12-18 00:00:00-05:00,5.15625,6.5625,5.15625,6.5625,4220,0.0,0.0
1996-12-19 00:00:00-05:00,5.15625,6.796875,5.15625,6.796875,2007,0.0,0.0
1996-12-20 00:00:00-05:00,5.625,7.03125,5.625,7.03125,4147,0.0,0.0
1996-12-23 00:00:00-05:00,5.625,7.96875,5.625,7.96875,4680,0.0,0.0
1996-12-24 00:00:00-05:00,7.96875,8.4375,7.5,8.4375,700,0.0,0.0
1996-12-26 00:00:00-05:00,7.5,8.4375,6.5625,7.03125,2200,0.0,0.0
1996-12-27 00:00:00-05:00,6.09375,6.5625,6.09375,6.5625,760,0.0,0.0
1996-12-30 00:00:00-05:00,5.625,6.5625,5.625,5.625,1573,0.0,0.0
1996-12-31 00:00:00-05:00,7.03125,7.5,5.625,5.625,9487,0.0,0.0
1997-01-02 00:00:00-05:00,6.5625,7.5,6.5625,7.5,2753,0.0,0.0
1997-01-03 00:00:00-05:00,7.5,7.96875,6.5625,7.96875,2480,0.0,0.0
1997-01-06 00:00:00-05:00,7.96875,7.96875,7.96875,7.96875,0,0.0,0.0
1997-01-07 00:00:00-05:00,7.96875,7.96875,7.96875,7.96875,0,0.0,0.0
1997-01-08 00:00:00-05:00,8.4375,8.4375,8.4375,8.4375,113,0.0,0.0
1997-01-09 00:00:00-05:00,7.03125,7.5,7.03125,7.5,153,0.0,0.0
1997-01-10 00:00:00-05:00,7.5,8.4375,7.5,8.4375,1847,0.0,0.0
1997-01-13 00:00:00-05:00,9.375,9.375,7.96875,8.4375,1927,0.0,0.0
1997-01-14 00:00:00-05:00,7.96875,9.140625,7.96875,9.140625,1147,0.0,0.0
1997-01-15 00:00:00-05:00,7.03125,7.03125,7.03125,7.03125,933,0.0,0.0
1997-01-16 00:00:00-05:00,7.03125,7.96875,7.03125,7.03125,333,0.0,0.0
1997-01-17 00:00:00-05:00,7.03125,7.03125,7.03125,7.03125,333,0.0,0.0
1997-01-20 00:00:00-05:00,6.5625,7.03125,6.5625,6.5625,307,0.0,0.0
1997-01-21 00:00:00-05:00,6.5625,7.5,6.5625,7.03125,1787,0.0,0.0
1997-01-22 00:00:00-05:00,7.5,7.5,6.5625,6.5625,580,0.0,0.0
1997-01-23 00:00:00-05:00,7.03125,7.03125,6.5625,6.5625,527,0.0,0.0
1997-01-24 00:00:00-05:00,6.5625,6.5625,6.5625,6.5625,133,0.0,0.0
1997-01-27 00:00:00-05:00,6.5625,7.5,6.5625,7.5,420,0.0,0.0
1997-01-28 00:00:00-05:00,6.5625,7.265625,6.5625,7.265625,560,0.0,0.0
1997-01-29 00:00:00-05:00,7.265625,7.265625,7.265625,7.265625,0,0.0,0.0
1997-01-30 00:00:00-05:00,6.5625,6.5625,6.5625,6.5625,260,0.0,0.0
1997-01-31 00:00:00-05:00,6.5625,7.5,6.5625,7.5,140,0.0,0.0
1997-02-03 00:00:00-05:00,6.5625,6.5625,6.5625,6.5625,213,0.0,0.0
1997-02-04 00:00:00-05:00,7.5,7.5,7.5,7.5,133,0.0,0.0
1997-02-05 00:00:00-05:00,6.5625,6.5625,6.5625,6.5625,1033,0.0,0.0
1997-02-06 00:00:00-05:00,7.5,7.5,7.5,7.5,507,0.0,0.0
1997-02-07 00:00:00-05:00,7.5,7.5,7.5,7.5,0,0.0,0.0
1997-02-10 00:00:00-05:00,7.5,8.4375,6.5625,8.4375,993,0.0,0.0
1997-02-11 00:00:00-05:00,6.5625,6.5625,6.5625,6.5625,133,0.0,0.0
1997-02-12 00:00:00-05:00,7.5,7.96875,6.5625,7.96875,1287,0.0,0.0
1997-02-13 00:00:00-05:00,6.5625,7.5,6.5625,7.5,547,0.0,0.0
1997-02-14 00:00:00-05:00,6.5625,7.5,6.5625,7.5,67,0.0,0.0
1997-02-18 00:00:00-05:00,7.03125,7.03125,7.03125,7.03125,133,0.0,0.0
1997-02-19 00:00:00-05:00,7.03125,7.03125,7.03125,7.03125,60,0.0,0.0
1997-02-20 00:00:00-05:00,7.03125,7.03125,6.5625,7.03125,840,0.0,0.0
1997-02-21 00:00:00-05:00,6.5625,7.03125,6.5625,7.03125,1067,0.0,0.0
1997-02-24 00:00:00-05:00,6.5625,6.5625,6.5625,6.5625,53,0.0,0.0
1997-02-25 00:00:00-05:00,7.03125,7.03125,7.03125,7.03125,347,0.0,0.0
1997-02-26 00:00:00-05:00,6.5625,6.5625,6.5625,6.5625,333,0.0,0.0
1997-02-27 00:00:00-05:00,6.5625,7.03125,5.625,5.625,2107,0.0,0.0
1997-02-28 00:00:00-05:00,7.03125,7.03125,7.03125,7.03125,80,0.0,0.0
1997-03-03 00:00:00-05:00,5.15625,5.15625,5.15625,5.15625,920,0.0,0.0
1997-03-04 00:00:00-05:00,5.625,5.625,5.625,5.625,67,0.0,0.0
1997-03-05 00:00:00-05:00,6.5625,6.5625,6.5625,6.5625,47,0.0,0.0
1997-03-06 00:00:00-05:00,5.625,5.625,5.15625,5.15625,5367,0.0,0.0
1997-03-07 00:00:00-05:00,5.625,5.625,5.15625,5.625,1453,0.0,0.0
1997-03-10 00:00:00-05:00,5.625,6.09375,5.15625,5.15625,933,0.0,0.0
1997-03-11 00:00:00-05:00,5.15625,5.625,5.15625,5.625,213,0.0,0.0
1997-03-12 00:00:00-05:00,6.09375,6.09375,5.15625,5.390625,5360,0.0,0.0
1997-03-13 00:00:00-05:00,5.15625,6.09375,5.15625,6.09375,193,0.0,0.0
1997-03-14 00:00:00-05:00,5.15625,6.09375,5.15625,6.09375,207,0.0,0.0
1997-03-17 00:00:00-05:00,5.15625,6.09375,5.15625,6.09375,927,0.0,0.0
1997-03-18 00:00:00-05:00,5.15625,5.15625,5.15625,5.15625,80,0.0,0.0
1997-03-19 00:00:00-05:00,5.15625,5.15625,5.15625,5.15625,0,0.0,0.0
1997-03-20 00:00:00-05:00,5.15625,5.15625,5.15625,5.15625,93,0.0,0.0
1997-03-21 00:00:00-05:00,5.15625,6.5625,5.15625,6.5625,3447,0.0,0.0
1997-03-24 00:00:00-05:00,6.5625,6.5625,6.5625,6.5625,273,0.0,0.0
1997-03-25 00:00:00-05:00,5.625,5.625,5.625,5.625,100,0.0,0.0
1997-03-26 00:00:00-05:00,6.5625,6.5625,5.625,5.625,320,0.0,0.0
1997-03-27 00:00:00-05:00,5.625,5.625,5.625,5.625,0,0.0,0.0
1997-03-31 00:00:00-05:00,5.625,5.625,5.625,5.625,0,0.0,0.0
1997-04-01 00:00:00-05:00,5.625,5.625,5.625,5.625,133,0.0,0.0
1997-04-02 00:00:00-05:00,5.15625,5.15625,5.15625,5.15625,173,0.0,0.0
1997-04-03 00:00:00-05:00,5.15625,5.15625,5.15625,5.15625,0,0.0,0.0
1997-04-04 00:00:00-05:00,5.15625,5.15625,5.15625,5.15625,267,0.0,0.0
1997-04-07 00:00:00-04:00,5.15625,5.15625,5.15625,5.15625,0,0.0,0.0
1997-04-08 00:00:00-04:00,5.15625,6.5625,5.15625,6.5625,667,0.0,0.0
1997-04-09 00:00:00-04:00,5.15625,6.5625,5.15625,6.5625,47,0.0,0.0
1997-04-10 00:00:00-04:00,6.5625,6.5625,6.5625,6.5625,0,0.0,0.0
1997-04-11 00:00:00-04:00,5.15625,6.5625,5.15625,6.5625,140,0.0,0.0
1997-04-14 00:00:00-04:00,6.5625,6.5625,6.5625,6.5625,33,0.0,0.0
1997-04-15 00:00:00-04:00,5.15625,5.390625,5.15625,5.390625,3333,0.0,0.0
1997-04-16 00:00:00-04:00,5.390625,5.390625,5.390625,5.390625,0,0.0,0.0
1997-04-17 00:00:00-04:00,5.390625,5.390625,5.390625,5.390625,0,0.0,0.0
1997-04-18 00:00:00-04:00,5.15625,6.09375,5.15625,5.625,827,0.0,0.0
1997-04-21 00:00:00-04:00,5.15625,6.5625,5.15625,6.09375,600,0.0,0.0
1997-04-22 00:00:00-04:00,5.15625,6.5625,5.15625,6.5625,333,0.0,0.0
1997-04-23 00:00:00-04:00,6.5625,6.5625,6.5625,6.5625,0,0.0,0.0
1997-04-24 00:00:00-04:00,6.5625,6.5625,6.5625,6.5625,0,0.0,0.0
1997-04-25 00:00:00-04:00,5.15625,5.625,5.15625,5.625,140,0.0,0.0
1997-04-28 00:00:00-04:00,6.5625,6.5625,5.15625,6.5625,713,0.0,0.0
1997-04-29 00:00:00-04:00,5.15625,5.625,5.15625,5.625,947,0.0,0.0
1997-04-30 00:00:00-04:00,5.390625,5.390625,5.390625,5.390625,2000,0.0,0.0
1997-05-01 00:00:00-04:00,5.390625,5.390625,5.390625,5.390625,0,0.0,0.0
1997-05-02 00:00:00-04:00,5.15625,5.625,4.21875,5.15625,5160,0.0,0.0
1997-05-05 00:00:00-04:00,4.6875,5.625,4.6875,5.625,53,0.0,0.0
1997-05-06 00:00:00-04:00,4.6875,4.6875,4.21875,4.21875,3700,0.0,0.0
1997-05-07 00:00:00-04:00,3.75,4.21875,2.34375,3.75,6547,0.0,0.0
1997-05-08 00:00:00-04:00,3.75,4.21875,3.75,4.21875,1400,0.0,0.0
1997-05-09 00:00:00-04:00,4.6875,4.6875,4.453125,4.453125,467,0.0,0.0
1997-05-12 00:00:00-04:00,4.21875,5.15625,4.21875,5.15625,3073,0.0,0.0
1997-05-13 00:00:00-04:00,5.15625,5.15625,4.21875,4.6875,460,0.0,0.0
1997-05-14 00:00:00-04:00,4.21875,5.15625,4.21875,5.15625,153,0.0,0.0
1997-05-15 00:00:00-04:00,5.15625,5.15625,5.15625,5.15625,67,0.0,0.0
1997-05-16 00:00:00-04:00,4.21875,5.15625,4.21875,5.15625,887,0.0,0.0
1997-05-19 00:00:00-04:00,5.15625,5.15625,5.15625,5.15625,267,0.0,0.0
1997-05-20 00:00:00-04:00,5.15625,5.15625,4.21875,4.21875,733,0.0,0.0
1997-05-21 00:00:00-04:00,4.6875,4.6875,4.21875,4.6875,5033,0.0,0.0
1997-05-22 00:00:00-04:00,4.921875,5.15625,4.21875,5.15625,1013,0.0,0.0
1997-05-23 00:00:00-04:00,4.921875,5.15625,4.21875,5.15625,547,0.0,0.0
1997-05-27 00:00:00-04:00,5.15625,5.15625,5.15625,5.15625,800,0.0,0.0
1997-05-28 00:00:00-04:00,4.6875,5.15625,4.21875,5.15625,453,0.0,0.0
1997-05-29 00:00:00-04:00,4.21875,5.15625,4.21875,5.15625,600,0.0,0.0
1997-05-30 00:00:00-04:00,5.15625,5.625,5.15625,5.625,1073,0.0,0.0
1997-06-02 00:00:00-04:00,5.15625,6.5625,4.6875,6.5625,1347,0.0,0.0
1997-06-03 00:00:00-04:00,6.5625,6.5625,5.15625,6.09375,2333,0.0,0.0
1997-06-04 00:00:00-04:00,6.09375,6.09375,6.09375,6.09375,0,0.0,0.0
1997-06-05 00:00:00-04:00,6.09375,6.09375,5.15625,5.15625,233,0.0,0.0
1997-06-06 00:00:00-04:00,5.625,5.625,5.625,5.625,67,0.0,0.0
1997-06-09 00:00:00-04:00,5.15625,5.15625,5.15625,5.15625,320,0.0,0.0
1997-06-10 00:00:00-04:00,5.625,5.625,5.15625,5.15625,487,0.0,0.0
1997-06-11 00:00:00-04:00,5.15625,5.15625,5.15625,5.15625,347,0.0,0.0
1997-06-12 00:00:00-04:00,5.15625,5.15625,5.15625,5.15625,67,0.0,0.0
1997-06-13 00:00:00-04:00,5.625,7.03125,5.625,7.03125,1873,0.0,0.0
1997-06-16 00:00:00-04:00,5.625,6.5625,5.390625,6.5625,1207,0.0,0.0
1997-06-17 00:00:00-04:00,5.15625,6.5625,5.15625,6.5625,420,0.0,0.0
1997-06-18 00:00:00-04:00,5.390625,6.5625,5.15625,6.5625,680,0.0,0.0
1997-06-19 00:00:00-04:00,6.5625,6.5625,6.5625,6.5625,287,0.0,0.0
1997-06-20 00:00:00-04:00,6.5625,6.5625,6.5625,6.5625,0,0.0,0.0
1997-06-23 00:00:00-04:00,5.15625,5.625,5.15625,5.625,40,0.0,0.0
1997-06-24 00:00:00-04:00,5.15625,6.5625,5.15625,6.5625,73,0.0,0.0
1997-06-25 00:00:00-04:00,6.5625,6.5625,6.5625,6.5625,0,0.0,0.0
1997-06-26 00:00:00-04:00,5.625,6.5625,5.625,6.5625,100,0.0,0.0
1997-06-27 00:00:00-04:00,5.625,5.625,5.625,5.625,460,0.0,0.0
1997-06-30 00:00:00-04:00,5.625,5.625,5.625,5.625,0,0.0,0.0
1997-07-01 00:00:00-04:00,5.625,5.625,5.625,5.625,380,0.0,0.0
1997-07-02 00:00:00-04:00,5.625,5.625,5.625,5.625,1247,0.0,0.0
1997-07-03 00:00:00-04:00,5.625,6.328125,5.625,6.328125,1333,0.0,0.0
1997-07-07 00:00:00-04:00,5.625,5.625,5.625,5.625,2300,0.0,0.0
1997-07-08 00:00:00-04:00,5.625,6.09375,5.625,6.09375,2347,0.0,0.0
1997-07-09 00:00:00-04:00,5.625,5.625,5.625,5.625,1100,0.0,0.0
1997-07-10 00:00:00-04:00,5.625,6.09375,5.625,6.09375,140,0.0,0.0
1997-07-11 00:00:00-04:00,5.625,5.625,5.625,5.625,367,0.0,0.0
1997-07-14 00:00:00-04:00,5.625,6.09375,5.625,6.09375,240,0.0,0.0
1997-07-15 00:00:00-04:00,6.09375,6.09375,6.09375,6.09375,0,0.0,0.0
1997-07-16 00:00:00-04:00,5.625,5.625,5.625,5.625,2000,0.0,0.0
1997-07-17 00:00:00-04:00,5.625,5.859375,5.625,5.859375,4867,0.0,0.0
1997-07-18 00:00:00-04:00,6.09375,6.09375,6.09375,6.09375,307,0.0,0.0
1997-07-21 00:00:00-04:00,6.09375,6.09375,6.09375,6.09375,0,0.0,0.0
1997-07-22 00:00:00-04:00,5.625,6.09375,5.625,6.09375,300,0.0,0.0
1997-07-23 00:00:00-04:00,6.09375,6.09375,5.15625,5.15625,4087,0.0,0.0
1997-07-24 00:00:00-04:00,5.15625,5.625,5.15625,5.15625,2640,0.0,0.0
1997-07-25 00:00:00-04:00,5.625,6.09375,5.15625,6.09375,993,0.0,0.0
1997-07-28 00:00:00-04:00,5.15625,6.09375,5.15625,6.09375,880,0.0,0.0
1997-07-29 00:00:00-04:00,6.09375,6.09375,6.09375,6.09375,0,0.0,0.0
1997-07-30 00:00:00-04:00,6.09375,6.09375,6.09375,6.09375,0,0.0,0.0
1997-07-31 00:00:00-04:00,6.09375,6.09375,6.09375,6.09375,0,0.0,0.0
1997-08-01 00:00:00-04:00,5.15625,5.390625,5.15625,5.390625,267,0.0,0.0
1997-08-04 00:00:00-04:00,5.625,5.625,5.625,5.625,487,0.0,0.0
1997-08-05 00:00:00-04:00,5.625,6.09375,5.625,5.625,307,0.0,0.0
1997-08-06 00:00:00-04:00,5.625,5.625,5.625,5.625,667,0.0,0.0
1997-08-07 00:00:00-04:00,6.09375,6.09375,5.625,5.625,1867,0.0,0.0
1997-08-08 00:00:00-04:00,5.625,5.625,5.625,5.625,0,0.0,0.0
1997-08-11 00:00:00-04:00,5.625,5.625,5.625,5.625,0,0.0,0.0
1997-08-12 00:00:00-04:00,6.09375,6.09375,5.625,5.625,433,0.0,0.0
1997-08-13 00:00:00-04:00,5.625,6.09375,5.625,5.625,1293,0.0,0.0
1997-08-14 00:00:00-04:00,6.09375,6.09375,6.09375,6.09375,200,0.0,0.0
1997-08-15 00:00:00-04:00,5.625,6.5625,5.625,6.5625,2820,0.0,0.0
1997-08-18 00:00:00-04:00,5.625,6.5625,5.625,6.09375,5273,0.0,0.0
1997-08-19 00:00:00-04:00,6.09375,6.09375,6.09375,6.09375,0,0.0,0.0
1997-08-20 00:00:00-04:00,6.09375,6.09375,6.09375,6.09375,133,0.0,0.0
1997-08-21 00:00:00-04:00,6.09375,6.09375,6.09375,6.09375,333,0.0,0.0
1997-08-22 00:00:00-04:00,6.5625,7.03125,6.5625,6.5625,1840,0.0,0.0
1997-08-25 00:00:00-04:00,6.5625,7.03125,6.5625,6.5625,1020,0.0,0.0
1997-08-26 00:00:00-04:00,6.09375,7.03125,6.09375,7.03125,313,0.0,0.0
1997-08-27 00:00:00-04:00,6.09375,7.03125,6.09375,6.5625,1533,0.0,0.0
1997-08-28 00:00:00-04:00,6.5625,6.5625,6.5625,6.5625,0,0.0,0.0
1997-08-29 00:00:00-04:00,6.5625,6.5625,6.5625,6.5625,0,0.0,0.0
1997-09-02 00:00:00-04:00,6.09375,6.09375,6.09375,6.09375,647,0.0,0.0
1997-09-03 00:00:00-04:00,6.09375,6.09375,6.09375,6.09375,0,0.0,0.0
1997-09-04 00:00:00-04:00,6.09375,6.09375,6.09375,6.09375,467,0.0,0.0
1997-09-05 00:00:00-04:00,6.09375,6.09375,5.625,5.625,1147,0.0,0.0
1997-09-08 00:00:00-04:00,5.625,6.09375,5.625,6.09375,420,0.0,0.0
1997-09-09 00:00:00-04:00,5.625,6.5625,5.625,6.5625,1173,0.0,0.0
1997-09-10 00:00:00-04:00,6.5625,6.5625,6.5625,6.5625,967,0.0,0.0
1997-09-11 00:00:00-04:00,6.5625,6.5625,5.625,6.5625,813,0.0,0.0
1997-09-12 00:00:00-04:00,6.5625,6.5625,5.625,6.09375,893,0.0,0.0
1997-09-15 00:00:00-04:00,6.5625,6.5625,6.5625,6.5625,440,0.0,0.0
1997-09-16 00:00:00-04:00,6.5625,6.5625,6.5625,6.5625,7,0.0,0.0
1997-09-17 00:00:00-04:00,6.09375,6.09375,6.09375,6.09375,67,0.0,0.0
1997-09-18 00:00:00-04:00,6.09375,6.09375,6.09375,6.09375,0,0.0,0.0
1997-09-19 00:00:00-04:00,6.09375,6.09375,6.09375,6.09375,0,0.0,0.0
1997-09-22 00:00:00-04:00,5.625,5.625,5.625,5.625,607,0.0,0.0
1997-09-23 00:00:00-04:00,5.625,5.625,5.625,5.625,447,0.0,0.0
1997-09-24 00:00:00-04:00,6.09375,6.09375,6.09375,6.09375,100,0.0,0.0
1997-09-25 00:00:00-04:00,6.09375,6.09375,6.09375,6.09375,0,0.0,0.0
1997-09-26 00:00:00-04:00,6.09375,6.09375,6.09375,6.09375,53,0.0,0.0
1997-09-29 00:00:00-04:00,6.09375,6.09375,6.09375,6.09375,0,0.0,0.0
1997-09-30 00:00:00-04:00,6.09375,6.09375,6.09375,6.09375,0,0.0,0.0
1997-10-01 00:00:00-04:00,6.09375,6.09375,6.09375,6.09375,0,0.0,0.0
1997-10-02 00:00:00-04:00,6.09375,6.09375,6.09375,6.09375,0,0.0,0.0
1997-10-03 00:00:00-04:00,6.09375,6.09375,6.09375,6.09375,0,0.0,0.0
1997-10-06 00:00:00-04:00,6.09375,6.09375,6.09375,6.09375,0,0.0,0.0
1997-10-07 00:00:00-04:00,5.625,5.625,5.625,5.625,133,0.0,0.0
1997-10-08 00:00:00-04:00,5.625,5.625,5.625,5.625,13,0.0,0.0
1997-10-09 00:00:00-04:00,6.09375,6.09375,6.09375,6.09375,153,0.0,0.0
1997-10-10 00:00:00-04:00,6.09375,6.09375,6.09375,6.09375,207,0.0,0.0
1997-10-13 00:00:00-04:00,6.09375,6.09375,5.15625,5.15625,533,0.0,0.0
1997-10-14 00:00:00-04:00,5.625,5.625,5.15625,5.15625,800,0.0,0.0
1997-10-15 00:00:00-04:00,5.625,5.625,5.15625,5.15625,800,0.0,0.0
1997-10-16 00:00:00-04:00,5.625,5.625,5.625,5.625,667,0.0,0.0
1997-10-17 00:00:00-04:00,5.625,5.625,5.625,5.625,1000,0.0,0.0
1997-10-20 00:00:00-04:00,5.625,5.625,5.15625,5.625,1107,0.0,0.0
1997-10-21 00:00:00-04:00,5.625,5.625,5.625,5.625,500,0.0,0.0
1997-10-22 00:00:00-04:00,5.625,5.625,5.625,5.625,860,0.0,0.0
1997-10-23 00:00:00-04:00,5.625,5.625,5.15625,5.15625,993,0.0,0.0
1997-10-24 00:00:00-04:00,6.09375,6.09375,5.625,5.625,280,0.0,0.0
1997-10-27 00:00:00-05:00,5.625,5.625,5.625,5.625,1667,0.0,0.0
1997-10-28 00:00:00-05:00,5.625,5.625,5.625,5.625,0,0.0,0.0
1997-10-29 00:00:00-05:00,6.09375,6.09375,5.15625,5.15625,220,0.0,0.0
1997-10-30 00:00:00-05:00,5.15625,5.15625,5.15625,5.15625,7,0.0,0.0
1997-10-31 00:00:00-05:00,5.15625,6.09375,5.15625,6.09375,500,0.0,0.0
1997-11-03 00:00:00-05:00,5.15625,5.625,5.15625,5.625,693,0.0,0.0
1997-11-04 00:00:00-05:00,5.625,5.625,5.625,5.625,0,0.0,0.0
1997-11-05 00:00:00-05:00,5.625,5.625,5.15625,5.15625,400,0.0,0.0
1997-11-06 00:00:00-05:00,5.15625,5.15625,5.15625,5.15625,0,0.0,0.0
1997-11-07 00:00:00-05:00,5.15625,5.15625,5.15625,5.15625,100,0.0,0.0
1997-11-10 00:00:00-05:00,5.15625,5.15625,5.15625,5.15625,233,0.0,0.0
1997-11-11 00:00:00-05:00,5.15625,5.15625,5.15625,5.15625,80,0.0,0.0
1997-11-12 00:00:00-05:00,5.625,5.625,5.625,5.625,533,0.0,0.0
1997-11-13 00:00:00-05:00,5.625,5.625,5.625,5.625,3667,0.0,0.0
1997-11-14 00:00:00-05:00,5.625,6.5625,5.625,6.5625,4400,0.0,0.0
1997-11-17 00:00:00-05:00,5.625,7.5,5.625,7.5,347,0.0,0.0
1997-11-18 00:00:00-05:00,7.5,7.5,5.625,5.625,1753,0.0,0.0
1997-11-19 00:00:00-05:00,5.625,6.09375,5.625,5.625,373,0.0,0.0
1997-11-20 00:00:00-05:00,5.625,6.5625,5.625,5.625,880,0.0,0.0
1997-11-21 00:00:00-05:00,6.5625,6.5625,6.5625,6.5625,67,0.0,0.0
1997-11-24 00:00:00-05:00,5.625,6.5625,5.625,6.5625,280,0.0,0.0
1997-11-25 00:00:00-05:00,6.09375,6.5625,6.09375,6.5625,480,0.0,0.0
1997-11-26 00:00:00-05:00,6.09375,6.09375,6.09375,6.09375,213,0.0,0.0
1997-11-28 00:00:00-05:00,6.09375,6.09375,6.09375,6.09375,0,0.0,0.0
1997-12-01 00:00:00-05:00,6.09375,6.09375,5.625,5.625,2080,0.0,0.0
1997-12-02 00:00:00-05:00,5.625,5.625,4.21875,5.15625,6027,0.0,0.0
1997-12-03 00:00:00-05:00,5.15625,5.15625,5.15625,5.15625,0,0.0,0.0
1997-12-04 00:00:00-05:00,5.625,5.625,5.625,5.625,200,0.0,0.0
1997-12-05 00:00:00-05:00,5.625,5.625,5.15625,5.390625,5347,0.0,0.0
1997-12-08 00:00:00-05:00,5.15625,6.5625,5.15625,5.15625,3760,0.0,0.0
1997-12-09 00:00:00-05:00,5.15625,6.5625,5.15625,6.5625,1120,0.0,0.0
1997-12-10 00:00:00-05:00,6.5625,7.03125,5.625,7.03125,1633,0.0,0.0
1997-12-11 00:00:00-05:00,5.625,7.03125,5.625,7.03125,567,0.0,0.0
1997-12-12 00:00:00-05:00,5.625,5.625,5.625,5.625,280,0.0,0.0
1997-12-15 00:00:00-05:00,5.625,6.5625,5.625,5.625,3127,0.0,0.0
1997-12-16 00:00:00-05:00,5.625,6.5625,5.625,6.5625,1513,0.0,0.0
1997-12-17 00:00:00-05:00,5.625,5.625,5.625,5.625,1213,0.0,0.0
1997-12-18 00:00:00-05:00,5.625,5.625,5.625,5.625,0,0.0,0.0
1997-12-19 00:00:00-05:00,5.15625,5.625,5.15625,5.15625,1087,0.0,0.0
1997-12-22 00:00:00-05:00,5.15625,5.625,5.15625,5.625,193,0.0,0.0
1997-12-23 00:00:00-05:00,5.15625,5.625,5.15625,5.625,520,0.0,0.0
1997-12-24 00:00:00-05:00,6.09375,6.09375,6.09375,6.09375,67,0.0,0.0
1997-12-26 00:00:00-05:00,6.09375,6.09375,6.09375,6.09375,0,0.0,0.0
1997-12-29 00:00:00-05:00,5.625,5.625,5.625,5.625,673,0.0,0.0
1997-12-30 00:00:00-05:00,5.625,5.625,5.15625,5.15625,520,0.0,0.0
1997-12-31 00:00:00-05:00,5.15625,5.625,5.15625,5.15625,4707,0.0,0.0
1998-01-02 00:00:00-05:00,5.625,5.625,5.625,5.625,67,0.0,0.0
1998-01-05 00:00:00-05:00,5.625,5.625,5.625,5.625,0,0.0,0.0
1998-01-06 00:00:00-05:00,5.625,5.625,5.625,5.625,687,0.0,0.0
1998-01-07 00:00:00-05:00,5.15625,6.09375,5.15625,6.09375,80,0.0,0.0
1998-01-08 00:00:00-05:00,6.09375,6.09375,6.09375,6.09375,0,0.0,0.0
1998-01-09 00:00:00-05:00,6.09375,6.09375,6.09375,6.09375,0,0.0,0.0
1998-01-12 00:00:00-05:00,5.625,6.09375,5.625,6.09375,93,0.0,0.0
1998-01-13 00:00:00-05:00,5.625,6.09375,5.15625,6.09375,447,0.0,0.0
1998-01-14 00:00:00-05:00,5.390625,5.625,4.6875,5.15625,11667,0.0,0.0
1998-01-15 00:00:00-05:00,5.625,5.625,4.6875,4.6875,2800,0.0,0.0
1998-01-16 00:00:00-05:00,4.6875,4.6875,4.6875,4.6875,0,0.0,0.0
1998-01-20 00:00:00-05:00,5.625,5.625,5.625,5.625,333,0.0,0.0
1998-01-21 00:00:00-05:00,5.625,5.625,5.15625,5.15625,667,0.0,0.0
1998-01-22 00:00:00-05:00,5.625,5.625,5.625,5.625,2520,0.0,0.0
1998-01-23 00:00:00-05:00,5.625,6.09375,5.15625,6.09375,413,0.0,0.0
1998-01-26 00:00:00-05:00,5.15625,5.15625,5.15625,5.15625,520,0.0,0.0
1998-01-27 00:00:00-05:00,5.625,6.09375,5.15625,6.09375,5247,0.0,0.0
1998-01-28 00:00:00-05:00,5.15625,5.625,5.15625,5.625,600,0.0,0.0
1998-01-29 00:00:00-05:00,5.625,6.09375,5.625,6.09375,533,0.0,0.0
1998-01-30 00:00:00-05:00,5.625,5.625,5.15625,5.625,1067,0.0,0.0
1998-02-02 00:00:00-05:00,6.09375,6.09375,6.09375,6.09375,53,0.0,0.0
1998-02-03 00:00:00-05:00,5.625,6.09375,5.625,6.09375,1933,0.0,0.0
1998-02-04 00:00:00-05:00,5.625,6.09375,5.15625,6.09375,1127,0.0,0.0
1998-02-05 00:00:00-05:00,5.625,6.09375,5.15625,6.09375,3653,0.0,0.0
1998-02-06 00:00:00-05:00,6.09375,6.09375,5.625,5.625,347,0.0,0.0
1998-02-09 00:00:00-05:00,5.625,5.625,5.625,5.625,80,0.0,0.0
1998-02-10 00:00:00-05:00,5.625,6.09375,5.15625,5.625,4160,0.0,0.0
1998-02-11 00:00:00-05:00,6.09375,6.09375,6.09375,6.09375,200,0.0,0.0
1998-02-12 00:00:00-05:00,5.625,5.625,5.625,5.625,1000,0.0,0.0
1998-02-13 00:00:00-05:00,5.625,5.625,5.625,5.625,20,0.0,0.0
1998-02-17 00:00:00-05:00,5.625,5.625,5.625,5.625,0,0.0,0.0
1998-02-18 00:00:00-05:00,5.625,5.625,5.625,5.625,93,0.0,0.0
1998-02-19 00:00:00-05:00,5.625,5.625,5.625,5.625,487,0.0,0.0
1998-02-20 00:00:00-05:00,5.625,5.625,5.15625,5.15625,493,0.0,0.0
1998-02-23 00:00:00-05:00,5.625,5.625,5.25,5.25,4500,0.0,0.2
1998-02-24 00:00:00-05:00,4.875,4.875,4.875,4.875,100,0.0,0.0
1998-02-25 00:00:00-05:00,4.875,4.875,4.875,4.875,0,0.0,0.0
1998-02-26 00:00:00-05:00,4.875,4.875,4.875,4.875,33,0.0,0.0
1998-02-27 00:00:00-05:00,4.875,5.4375,4.875,5.4375,1567,0.0,0.0
1998-03-02 00:00:00-05:00,5.625,5.625,5.25,5.25,733,0.0,0.0
1998-03-03 00:00:00-05:00,5.0625,5.53125,5.0625,5.53125,2000,0.0,0.0
1998-03-04 00:00:00-05:00,5.53125,5.53125,5.53125,5.53125,0,0.0,0.0
1998-03-05 00:00:00-05:00,5.25,5.25,5.25,5.25,367,0.0,0.0
1998-03-06 00:00:00-05:00,5.53125,5.53125,5.53125,5.53125,667,0.0,0.0
1998-03-09 00:00:00-05:00,5.53125,5.53125,5.53125,5.53125,1000,0.0,0.0
1998-03-10 00:00:00-05:00,5.8125,5.8125,5.25,5.25,233,0.0,0.0
1998-03-11 00:00:00-05:00,5.8125,5.8125,5.34375,5.34375,233,0.0,0.0
1998-03-12 00:00:00-05:00,5.4375,6.375,5.4375,6.375,6567,0.0,0.0
1998-03-13 00:00:00-05:00,6.375,6.75,6.09375,6.375,3733,0.0,0.0
1998-03-16 00:00:00-05:00,6.75,6.9375,6.75,6.75,2433,0.0,0.0
1998-03-17 00:00:00-05:00,7.125,7.125,6.65625,6.65625,1033,0.0,0.0
1998-03-18 00:00:00-05:00,7.3125,8.4375,7.125,8.4375,11133,0.0,0.0
1998-03-19 00:00:00-05:00,8.4375,8.4375,7.875,7.875,3633,0.0,0.0
1998-03-20 00:00:00-05:00,8.4375,8.4375,8.0625,8.25,2267,0.0,0.0
1998-03-23 00:00:00-05:00,8.0625,8.0625,7.875,7.875,1400,0.0,0.0
1998-03-24 00:00:00-05:00,8.0625,8.4375,7.6875,7.6875,300,0.0,0.0
1998-03-25 00:00:00-05:00,7.6875,8.4375,7.6875,8.4375,1367,0.0,0.0
1998-03-26 00:00:00-05:00,8.4375,9.9375,8.25,9.75,4167,0.0,0.0
1998-03-27 00:00:00-05:00,10.3125,11.0625,10.078125,10.5,9367,0.0,0.0
1998-03-30 00:00:00-05:00,9.9375,10.875,9.9375,10.125,6467,0.0,0.0
1998-03-31 00:00:00-05:00,10.125,10.5,9.9375,9.9375,2433,0.0,0.0
1998-04-01 00:00:00-05:00,9.9375,9.9375,9.375,9.375,2433,0.0,0.0
1998-04-02 00:00:00-05:00,9.375,9.375,9.0,9.0,2567,0.0,0.0
1998-04-03 00:00:00-05:00,8.625,8.625,8.25,8.4375,2267,0.0,0.0
1998-04-06 00:00:00-04:00,7.6875,8.625,7.6875,8.0625,4833,0.0,0.0
1998-04-07 00:00:00-04:00,8.4375,8.625,8.4375,8.625,2500,0.0,0.0
1998-04-08 00:00:00-04:00,8.4375,8.625,8.4375,8.625,5433,0.0,0.0
1998-04-09 00:00:00-04:00,8.625,9.375,8.625,9.375,3100,0.0,0.0
1998-04-13 00:00:00-04:00,9.1875,11.25,9.1875,10.875,6467,0.0,0.0
1998-04-14 00:00:00-04:00,10.5,10.6875,9.75,9.75,1700,0.0,0.0
1998-04-15 00:00:00-04:00,9.75,9.75,9.375,9.375,3000,0.0,0.0
1998-04-16 00:00:00-04:00,9.0,9.75,9.0,9.75,6500,0.0,0.0
1998-04-17 00:00:00-04:00,9.75,9.75,9.0,9.0,967,0.0,0.0
1998-04-20 00:00:00-04:00,9.0,9.0,9.0,9.0,33,0.0,0.0
1998-04-21 00:00:00-04:00,9.1875,9.1875,9.1875,9.1875,233,0.0,0.0
1998-04-22 00:00:00-04:00,9.0,9.1875,8.8125,9.1875,933,0.0,0.0
1998-04-23 00:00:00-04:00,9.0,9.0,9.0,9.0,933,0.0,0.0
1998-04-24 00:00:00-04:00,9.0,9.0,9.0,9.0,967,0.0,0.0
1998-04-27 00:00:00-04:00,8.625,9.0,8.625,8.8125,400,0.0,0.0
1998-04-28 00:00:00-04:00,9.0,9.0,8.625,8.625,1667,0.0,0.0
1998-04-29 00:00:00-04:00,8.25,8.625,8.25,8.25,1133,0.0,0.0
1998-04-30 00:00:00-04:00,8.625,8.625,8.25,8.25,400,0.0,0.0
1998-05-01 00:00:00-04:00,8.625,8.625,8.25,8.25,1100,0.0,0.0
1998-05-04 00:00:00-04:00,8.625,8.625,8.25,8.25,2367,0.0,0.0
1998-05-05 00:00:00-04:00,8.25,8.25,8.25,8.25,867,0.0,0.0
1998-05-06 00:00:00-04:00,8.25,8.25,8.25,8.25,933,0.0,0.0
1998-05-07 00:00:00-04:00,8.25,8.4375,8.25,8.34375,12533,0.0,0.0
1998-05-08 00:00:00-04:00,8.25,8.25,8.25,8.25,233,0.0,0.0
1998-05-11 00:00:00-04:00,8.25,8.25,8.25,8.25,233,0.0,0.0
1998-05-12 00:00:00-04:00,8.25,8.4375,8.0625,8.25,1633,0.0,0.0
1998-05-13 00:00:00-04:00,8.25,8.25,8.25,8.25,133,0.0,0.0
1998-05-14 00:00:00-04:00,8.25,9.0,8.25,8.25,8933,0.0,0.0
1998-05-15 00:00:00-04:00,8.0625,8.0625,8.0625,8.0625,1133,0.0,0.0
1998-05-18 00:00:00-04:00,9.0,9.0,9.0,9.0,100,0.0,0.0
1998-05-19 00:00:00-04:00,9.0,9.0,9.0,9.0,0,0.0,0.0
1998-05-20 00:00:00-04:00,8.25,8.25,8.25,8.25,67,0.0,0.0
1998-05-21 00:00:00-04:00,8.8125,9.0,8.625,8.8125,2867,0.0,0.0
1998-05-22 00:00:00-04:00,8.625,8.625,8.25,8.25,833,0.0,0.0
1998-05-26 00:00:00-04:00,8.25,8.4375,7.875,8.25,2333,0.0,0.0
1998-05-27 00:00:00-04:00,7.875,8.625,7.875,8.625,667,0.0,0.0
1998-05-28 00:00:00-04:00,7.875,7.875,7.875,7.875,100,0.0,0.0
1998-05-29 00:00:00-04:00,8.625,8.8125,8.625,8.625,2333,0.0,0.0
1998-06-01 00:00:00-04:00,8.8125,9.09375,8.625,8.625,2800,0.0,0.0
1998-06-02 00:00:00-04:00,8.625,8.625,8.625,8.625,0,0.0,0.0
1998-06-03 00:00:00-04:00,8.625,8.625,8.625,8.625,167,0.0,0.0
1998-06-04 00:00:00-04:00,8.8125,8.8125,8.8125,8.8125,733,0.0,0.0
1998-06-05 00:00:00-04:00,9.0,9.0,8.4375,9.0,767,0.0,0.0
1998-06-08 00:00:00-04:00,9.0,9.0,8.4375,8.4375,1367,0.0,0.0
1998-06-09 00:00:00-04:00,9.0,9.0,8.625,8.625,333,0.0,0.0
1998-06-10 00:00:00-04:00,9.375,9.375,8.625,8.625,3667,0.0,0.0
1998-06-11 00:00:00-04:00,8.625,8.625,8.625,8.625,267,0.0,0.0
1998-06-12 00:00:00-04:00,9.0,9.0,9.0,9.0,333,0.0,0.0
1998-06-15 00:00:00-04:00,8.4375,8.4375,8.4375,8.4375,267,0.0,0.0
1998-06-16 00:00:00-04:00,8.8125,8.8125,8.25,8.25,1667,0.0,0.0
1998-06-17 00:00:00-04:00,8.25,8.25,7.875,7.875,1967,0.0,0.0
1998-06-18 00:00:00-04:00,7.875,7.875,7.875,7.875,0,0.0,0.0
1998-06-19 00:00:00-04:00,8.25,8.25,7.875,7.875,7033,0.0,0.0
1998-06-22 00:00:00-04:00,7.875,7.875,7.875,7.875,2033,0.0,0.0
1998-06-23 00:00:00-04:00,7.875,7.875,7.875,7.875,11600,0.0,0.0
1998-06-24 00:00:00-04:00,7.875,8.0625,7.875,8.0625,2800,0.0,0.0
1998-06-25 00:00:00-04:00,8.0625,8.0625,8.0625,8.0625,300,0.0,0.0
1998-06-26 00:00:00-04:00,8.0625,8.0625,7.6875,7.6875,1067,0.0,0.0
1998-06-29 00:00:00-04:00,7.6875,7.6875,7.6875,7.6875,0,0.0,0.0
1998-06-30 00:00:00-04:00,7.6875,7.6875,7.6875,7.6875,33,0.0,0.0
1998-07-01 00:00:00-04:00,7.875,7.875,7.875,7.875,267,0.0,0.0
1998-07-02 00:00:00-04:00,7.875,7.875,7.5,7.6875,4633,0.0,0.0
1998-07-06 00:00:00-04:00,7.5,7.5,6.75,6.75,4433,0.0,0.0
1998-07-07 00:00:00-04:00,6.75,7.3125,6.75,7.125,1000,0.0,0.0
1998-07-08 00:00:00-04:00,7.3125,7.3125,7.3125,7.3125,1333,0.0,0.0
1998-07-09 00:00:00-04:00,7.125,7.3125,7.125,7.3125,6167,0.0,0.0
1998-07-10 00:00:00-04:00,7.3125,7.3125,6.75,6.75,1933,0.0,0.0
1998-07-13 00:00:00-04:00,7.3125,7.3125,6.9375,6.9375,2900,0.0,0.0
1998-07-14 00:00:00-04:00,7.125,7.125,6.9375,7.125,1933,0.0,0.0
1998-07-15 00:00:00-04:00,6.9375,7.125,6.9375,7.125,2500,0.0,0.0
1998-07-16 00:00:00-04:00,7.5,8.25,7.5,8.25,2467,0.0,0.0
1998-07-17 00:00:00-04:00,8.25,8.25,8.25,8.25,0,0.0,0.0
1998-07-20 00:00:00-04:00,8.25,8.25,7.875,7.875,733,0.0,0.0
1998-07-21 00:00:00-04:00,7.96875,8.25,7.96875,8.25,1833,0.0,0.0
1998-07-22 00:00:00-04:00,8.25,8.25,8.25,8.25,0,0.0,0.0
1998-07-23 00:00:00-04:00,7.875,7.875,7.875,7.875,267,0.0,0.0
1998-07-24 00:00:00-04:00,7.875,8.25,7.875,8.25,167,0.0,0.0
1998-07-27 00:00:00-04:00,7.875,7.875,7.875,7.875,33,0.0,0.0
1998-07-28 00:00:00-04:00,7.875,8.25,7.875,8.25,733,0.0,0.0
1998-07-29 00:00:00-04:00,8.25,8.4375,8.25,8.4375,900,0.0,0.0
1998-07-30 00:00:00-04:00,8.4375,8.4375,8.4375,8.4375,0,0.0,0.0
1998-07-31 00:00:00-04:00,8.4375,8.4375,8.4375,8.4375,0,0.0,0.0
1998-08-03 00:00:00-04:00,8.625,8.625,8.625,8.625,4200,0.0,0.0
1998-08-04 00:00:00-04:00,8.953125,8.953125,8.25,8.25,1633,0.0,0.0
1998-08-05 00:00:00-04:00,8.25,8.25,8.25,8.25,833,0.0,0.0
1998-08-06 00:00:00-04:00,8.625,8.625,8.25,8.25,567,0.0,0.0
1998-08-07 00:00:00-04:00,8.25,8.25,8.0625,8.0625,267,0.0,0.0
1998-08-10 00:00:00-04:00,8.0625,8.0625,8.0625,8.0625,0,0.0,0.0
1998-08-11 00:00:00-04:00,8.0625,8.0625,8.0625,8.0625,333,0.0,0.0
1998-08-12 00:00:00-04:00,8.0625,8.25,8.0625,8.25,1333,0.0,0.0
1998-08-13 00:00:00-04:00,8.25,8.25,8.25,8.25,0,0.0,0.0
1998-08-14 00:00:00-04:00,8.0625,8.625,8.0625,8.625,2033,0.0,0.0
1998-08-17 00:00:00-04:00,8.8125,8.8125,8.0625,8.0625,167,0.0,0.0
1998-08-18 00:00:00-04:00,8.0625,8.0625,7.6875,7.6875,800,0.0,0.0
1998-08-19 00:00:00-04:00,7.6875,8.25,7.6875,7.875,1600,0.0,0.0
1998-08-20 00:00:00-04:00,7.6875,7.6875,7.6875,7.6875,167,0.0,0.0
1998-08-21 00:00:00-04:00,7.6875,7.6875,7.6875,7.6875,67,0.0,0.0
1998-08-24 00:00:00-04:00,7.6875,7.6875,7.6875,7.6875,367,0.0,0.0
1998-08-25 00:00:00-04:00,7.6875,8.25,7.6875,8.25,3500,0.0,0.0
1998-08-26 00:00:00-04:00,8.25,9.1875,8.25,8.25,2533,0.0,0.0
1998-08-27 00:00:00-04:00,8.25,8.25,7.875,7.875,633,0.0,0.0
1998-08-28 00:00:00-04:00,8.25,8.25,7.875,7.875,200,0.0,0.0
1998-08-31 00:00:00-04:00,7.875,7.875,7.5,7.5,3667,0.0,0.0
1998-09-01 00:00:00-04:00,7.125,7.125,7.125,7.125,333,0.0,0.0
1998-09-02 00:00:00-04:00,6.9375,7.125,6.9375,7.125,6133,0.0,0.0
1998-09-03 00:00:00-04:00,7.125,7.125,7.125,7.125,0,0.0,0.0
1998-09-04 00:00:00-04:00,7.5,7.5,7.5,7.5,67,0.0,0.0
1998-09-08 00:00:00-04:00,7.5,7.5,7.5,7.5,0,0.0,0.0
1998-09-09 00:00:00-04:00,8.25,8.25,8.25,8.25,67,0.0,0.0
1998-09-10 00:00:00-04:00,7.125,7.125,7.125,7.125,167,0.0,0.0
1998-09-11 00:00:00-04:00,6.75,7.5,6.75,7.5,300,0.0,0.0
1998-09-14 00:00:00-04:00,7.5,7.5,7.125,7.125,733,0.0,0.0
1998-09-15 00:00:00-04:00,7.125,7.125,7.125,7.125,67,0.0,0.0
1998-09-16 00:00:00-04:00,7.5,7.5,7.5,7.5,1667,0.0,0.0
1998-09-17 00:00:00-04:00,7.5,7.5,7.5,7.5,0,0.0,0.0
1998-09-18 00:00:00-04:00,7.125,8.25,7.125,8.25,1433,0.0,0.0
1998-09-21 00:00:00-04:00,8.25,8.25,8.25,8.25,0,0.0,0.0
1998-09-22 00:00:00-04:00,7.875,7.875,7.875,7.875,167,0.0,0.0
1998-09-23 00:00:00-04:00,7.875,7.875,7.875,7.875,0,0.0,0.0
1998-09-24 00:00:00-04:00,7.3125,7.3125,6.9375,6.9375,1100,0.0,0.0
1998-09-25 00:00:00-04:00,6.75,6.75,6.75,6.75,600,0.0,0.0
1998-09-28 00:00:00-04:00,6.9375,7.40625,6.75,6.9375,1567,0.0,0.0
1998-09-29 00:00:00-04:00,6.9375,6.9375,6.9375,6.9375,0,0.0,0.0
1998-09-30 00:00:00-04:00,6.9375,6.9375,6.9375,6.9375,0,0.0,0.0
1998-10-01 00:00:00-04:00,6.9375,7.5,6.9375,6.9375,1567,0.0,0.0
1998-10-02 00:00:00-04:00,6.9375,6.9375,6.9375,6.9375,0,0.0,0.0
1998-10-05 00:00:00-04:00,7.5,7.5,7.125,7.125,333,0.0,0.0
1998-10-06 00:00:00-04:00,7.5,7.5,7.5,7.5,267,0.0,0.0
1998-10-07 00:00:00-04:00,7.125,7.5,7.125,7.3125,533,0.0,0.0
1998-10-08 00:00:00-04:00,6.9375,6.9375,6.1875,6.375,2267,0.0,0.0
1998-10-09 00:00:00-04:00,6.1875,6.1875,6.1875,6.1875,733,0.0,0.0
1998-10-12 00:00:00-04:00,6.375,6.375,6.375,6.375,767,0.0,0.0
1998-10-13 00:00:00-04:00,6.375,6.375,6.375,6.375,167,0.0,0.0
1998-10-14 00:00:00-04:00,6.75,6.9375,6.5625,6.9375,1333,0.0,0.0
1998-10-15 00:00:00-04:00,6.9375,6.9375,6.9375,6.9375,767,0.0,0.0
1998-10-16 00:00:00-04:00,6.9375,7.125,6.9375,7.125,700,0.0,0.0
1998-10-19 00:00:00-04:00,6.9375,6.9375,6.9375,6.9375,333,0.0,0.0
1998-10-20 00:00:00-04:00,6.75,7.3125,6.75,7.125,567,0.0,0.0
1998-10-21 00:00:00-04:00,7.125,7.125,7.125,7.125,833,0.0,0.0
1998-10-22 00:00:00-04:00,7.3125,7.3125,7.3125,7.3125,867,0.0,0.0
1998-10-23 00:00:00-04:00,7.3125,7.3125,7.3125,7.3125,667,0.0,0.0
1998-10-26 00:00:00-05:00,7.125,7.6875,7.125,7.5,3100,0.0,0.0
1998-10-27 00:00:00-05:00,7.3125,7.5,6.9375,7.453125,2467,0.0,0.0
1998-10-28 00:00:00-05:00,7.5,7.5,7.5,7.5,167,0.0,0.0
1998-10-29 00:00:00-05:00,7.125,7.875,7.125,7.3125,8467,0.0,0.0
1998-10-30 00:00:00-05:00,7.6875,7.6875,7.6875,7.6875,500,0.0,0.0
1998-11-02 00:00:00-05:00,7.6875,7.6875,7.3125,7.3125,1433,0.0,0.0
1998-11-03 00:00:00-05:00,7.3125,7.3125,7.3125,7.3125,0,0.0,0.0
1998-11-04 00:00:00-05:00,7.5,8.0625,7.5,8.0625,1400,0.0,0.0
1998-11-05 00:00:00-05:00,8.0625,8.25,7.6875,7.6875,3433,0.0,0.0
1998-11-06 00:00:00-05:00,7.6875,8.4375,7.6875,8.25,5233,0.0,0.0
1998-11-09 00:00:00-05:00,8.34375,8.8125,8.34375,8.8125,567,0.0,0.0
1998-11-10 00:00:00-05:00,8.8125,8.8125,8.8125,8.8125,0,0.0,0.0
1998-11-11 00:00:00-05:00,8.4375,8.4375,8.4375,8.4375,2467,0.0,0.0
1998-11-12 00:00:00-05:00,8.8125,8.8125,8.34375,8.8125,1933,0.0,0.0
1998-11-13 00:00:00-05:00,8.25,8.25,8.25,8.25,100,0.0,0.0
1998-11-16 00:00:00-05:00,8.25,8.25,8.25,8.25,133,0.0,0.0
1998-11-17 00:00:00-05:00,9.0,9.0,8.625,8.625,967,0.0,0.0
1998-11-18 00:00:00-05:00,9.0,9.09375,9.0,9.09375,2300,0.0,0.0
1998-11-19 00:00:00-05:00,9.09375,9.75,9.09375,9.1875,667,0.0,0.0
1998-11-20 00:00:00-05:00,9.75,9.75,9.1875,9.1875,467,0.0,0.0
1998-11-23 00:00:00-05:00,9.375,9.375,9.375,9.375,1233,0.0,0.0
1998-11-24 00:00:00-05:00,9.0,9.0,9.0,9.0,367,0.0,0.0
1998-11-25 00:00:00-05:00,9.75,9.75,9.0,9.0,1100,0.0,0.0
1998-11-27 00:00:00-05:00,9.0,9.0,9.0,9.0,0,0.0,0.0
1998-11-30 00:00:00-05:00,9.0,9.0,9.0,9.0,3567,0.0,0.0
1998-12-01 00:00:00-05:00,9.0,9.375,9.0,9.0,2033,0.0,0.0
1998-12-02 00:00:00-05:00,9.1875,9.1875,9.1875,9.1875,700,0.0,0.0
1998-12-03 00:00:00-05:00,9.375,9.375,9.0,9.375,8433,0.0,0.0
1998-12-04 00:00:00-05:00,9.75,9.75,9.75,9.75,833,0.0,0.0
1998-12-07 00:00:00-05:00,10.5,10.5,9.375,9.375,2033,0.0,0.0
1998-12-08 00:00:00-05:00,9.75,10.125,9.375,10.125,2233,0.0,0.0
1998-12-09 00:00:00-05:00,9.0,9.75,9.0,9.75,2700,0.0,0.0
1998-12-10 00:00:00-05:00,9.75,10.125,9.375,10.125,1733,0.0,0.0
1998-12-11 00:00:00-05:00,9.75,9.75,9.75,9.75,200,0.0,0.0
1998-12-14 00:00:00-05:00,9.75,10.125,9.75,10.125,700,0.0,0.0
1998-12-15 00:00:00-05:00,10.5,11.25,10.125,11.25,4000,0.0,0.0
1998-12-16 00:00:00-05:00,11.25,12.0,11.25,11.625,2333,0.0,0.0
1998-12-17 00:00:00-05:00,11.625,12.375,11.625,12.375,1733,0.0,0.0
1998-12-18 00:00:00-05:00,12.375,12.375,12.0,12.0,2833,0.0,0.0
1998-12-21 00:00:00-05:00,12.375,12.375,11.625,11.625,1300,0.0,0.0
1998-12-22 00:00:00-05:00,12.0,12.375,12.0,12.0,600,0.0,0.0
1998-12-23 00:00:00-05:00,12.0,12.375,11.625,12.1875,3867,0.0,0.0
1998-12-24 00:00:00-05:00,12.1875,12.1875,12.1875,12.1875,0,0.0,0.0
1998-12-28 00:00:00-05:00,11.625,11.625,11.625,11.625,100,0.0,0.0
1998-12-29 00:00:00-05:00,12.375,12.375,11.625,11.625,300,0.0,0.0
1998-12-30 00:00:00-05:00,11.625,11.625,11.0625,11.0625,433,0.0,0.0
1998-12-31 00:00:00-05:00,11.625,11.625,10.875,11.25,1000,0.0,0.0
1999-01-04 00:00:00-05:00,11.25,12.0,10.875,11.625,2100,0.0,0.0
1999-01-05 00:00:00-05:00,11.25,11.25,11.25,11.25,900,0.0,0.0
1999-01-06 00:00:00-05:00,11.25,11.8125,10.875,11.25,3000,0.0,0.0
1999-01-07 00:00:00-05:00,11.8125,11.8125,11.8125,11.8125,200,0.0,0.0
1999-01-08 00:00:00-05:00,11.8125,11.8125,10.875,11.625,2900,0.0,0.0
1999-01-11 00:00:00-05:00,12.1875,12.1875,10.875,11.625,4167,0.0,0.0
1999-01-12 00:00:00-05:00,10.875,10.875,10.875,10.875,467,0.0,0.0
1999-01-13 00:00:00-05:00,10.875,11.625,10.875,11.625,833,0.0,0.0
1999-01-14 00:00:00-05:00,10.875,10.875,10.875,10.875,67,0.0,0.0
1999-01-15 00:00:00-05:00,11.625,11.625,11.625,11.625,200,0.0,0.0
1999-01-19 00:00:00-05:00,11.25,11.625,10.875,11.625,2633,0.0,0.0
1999-01-20 00:00:00-05:00,11.625,11.625,11.625,11.625,67,0.0,0.0
1999-01-21 00:00:00-05:00,10.875,10.875,10.875,10.875,67,0.0,0.0
1999-01-22 00:00:00-05:00,11.625,11.625,11.4375,11.625,1233,0.0,0.0
1999-01-25 00:00:00-05:00,10.875,11.625,10.5,10.5,400,0.0,0.0
1999-01-26 00:00:00-05:00,10.5,11.25,10.5,11.25,1467,0.0,0.0
1999-01-27 00:00:00-05:00,10.5,10.5,10.5,10.5,67,0.0,0.0
1999-01-28 00:00:00-05:00,11.0625,11.0625,10.5,10.5,200,0.0,0.0
1999-01-29 00:00:00-05:00,10.5,10.5,10.5,10.5,0,0.0,0.0
1999-02-01 00:00:00-05:00,10.5,10.875,10.125,10.6875,3700,0.0,0.0
1999-02-02 00:00:00-05:00,10.6875,10.6875,10.6875,10.6875,0,0.0,0.0
1999-02-03 00:00:00-05:00,10.5,10.6875,10.5,10.5,1433,0.0,0.0
1999-02-04 00:00:00-05:00,10.125,10.875,10.125,10.875,367,0.0,0.0
1999-02-05 00:00:00-05:00,10.6875,10.6875,10.5,10.5,1233,0.0,0.0
1999-02-08 00:00:00-05:00,10.125,10.125,10.125,10.125,67,0.0,0.0
1999-02-09 00:00:00-05:00,10.125,10.5,9.9375,10.5,1667,0.0,0.0
1999-02-10 00:00:00-05:00,10.5,10.5,10.5,10.5,0,0.0,0.0
1999-02-11 00:00:00-05:00,9.9375,10.875,9.9375,10.875,133,0.0,0.0
1999-02-12 00:00:00-05:00,9.9375,9.9375,9.9375,9.9375,433,0.0,0.0
1999-02-16 00:00:00-05:00,9.9375,9.9375,9.9375,9.9375,133,0.0,0.0
1999-02-17 00:00:00-05:00,9.9375,9.9375,9.9375,9.9375,33,0.0,0.0
1999-02-18 00:00:00-05:00,9.9375,9.9375,9.9375,9.9375,500,0.0,0.0
1999-02-19 00:00:00-05:00,9.9375,10.5,9.9375,10.5,300,0.0,0.0
1999-02-22 00:00:00-05:00,10.3125,10.3125,10.3125,10.3125,200,0.0,0.0
1999-02-23 00:00:00-05:00,10.5,10.5,9.9375,9.9375,600,0.0,0.0
1999-02-24 00:00:00-05:00,9.9375,9.9375,9.9375,9.9375,200,0.0,0.0
1999-02-25 00:00:00-05:00,9.9375,9.9375,9.9375,9.9375,100,0.0,0.0
1999-02-26 00:00:00-05:00,9.9375,9.9375,9.9375,9.9375,233,0.0,0.0
1999-03-01 00:00:00-05:00,9.9375,9.9375,9.9375,9.9375,0,0.0,0.0
1999-03-02 00:00:00-05:00,9.9375,9.9375,9.9375,9.9375,200,0.0,0.0
1999-03-03 00:00:00-05:00,9.9375,9.9375,9.9375,9.9375,333,0.0,0.0
1999-03-04 00:00:00-05:00,9.9375,9.9375,9.9375,9.9375,0,0.0,0.0
1999-03-05 00:00:00-05:00,9.9375,9.9375,9.9375,9.9375,167,0.0,0.0
1999-03-08 00:00:00-05:00,9.9375,9.9375,9.9375,9.9375,167,0.0,0.0
1999-03-09 00:00:00-05:00,10.3125,10.3125,9.9375,9.9375,167,0.0,0.0
1999-03-10 00:00:00-05:00,9.9375,10.3125,9.9375,10.3125,100,0.0,0.0
1999-03-11 00:00:00-05:00,10.3125,10.3125,10.3125,10.3125,333,0.0,0.0
1999-03-12 00:00:00-05:00,9.9375,9.9375,8.8125,9.0,600,0.0,0.0
1999-03-15 00:00:00-05:00,8.8125,8.8125,8.8125,8.8125,100,0.0,0.0
1999-03-16 00:00:00-05:00,9.1875,9.1875,9.1875,9.1875,33,0.0,0.0
1999-03-17 00:00:00-05:00,8.8125,9.1875,8.8125,9.1875,100,0.0,0.0
1999-03-18 00:00:00-05:00,8.8125,8.8125,8.8125,8.8125,67,0.0,0.0
1999-03-19 00:00:00-05:00,8.25,8.25,8.0625,8.0625,1000,0.0,0.0
1999-03-22 00:00:00-05:00,8.0625,8.0625,7.5,8.0625,933,0.0,0.0
1999-03-23 00:00:00-05:00,8.0625,8.0625,8.0625,8.0625,167,0.0,0.0
1999-03-24 00:00:00-05:00,8.25,8.25,8.25,8.25,167,0.0,0.0
1999-03-25 00:00:00-05:00,8.4375,8.4375,8.4375,8.4375,1100,0.0,0.0
1999-03-26 00:00:00-05:00,9.1875,9.1875,9.1875,9.1875,333,0.0,0.0
1999-03-29 00:00:00-05:00,9.1875,9.1875,9.1875,9.1875,33,0.0,0.0
1999-03-30 00:00:00-05:00,9.1875,9.1875,9.1875,9.1875,100,0.0,0.0
1999-03-31 00:00:00-05:00,9.0,9.0,9.0,9.0,33,0.0,0.0
1999-04-01 00:00:00-05:00,9.0,9.0,9.0,9.0,400,0.0,0.0
1999-04-05 00:00:00-04:00,9.0,9.0,9.0,9.0,133,0.0,0.0
1999-04-06 00:00:00-04:00,9.0,9.375,8.625,8.625,6067,0.0,0.0
1999-04-07 00:00:00-04:00,8.625,9.0,8.4375,9.0,600,0.0,0.0
1999-04-08 00:00:00-04:00,9.0,9.0,9.0,9.0,0,0.0,0.0
1999-04-09 00:00:00-04:00,8.4375,9.375,8.4375,9.375,167,0.0,0.0
1999-04-12 00:00:00-04:00,9.375,9.375,9.375,9.375,1333,0.0,0.0
1999-04-13 00:00:00-04:00,9.375,9.375,9.0,9.0,833,0.0,0.0
1999-04-14 00:00:00-04:00,9.0,9.0,9.0,9.0,0,0.0,0.0
1999-04-15 00:00:00-04:00,9.375,9.375,9.0,9.0,1133,0.0,0.0
1999-04-16 00:00:00-04:00,9.0,9.0,9.0,9.0,267,0.0,0.0
1999-04-19 00:00:00-04:00,9.375,9.375,9.0,9.0,400,0.0,0.0
1999-04-20 00:00:00-04:00,9.0,9.0,9.0,9.0,133,0.0,0.0
1999-04-21 00:00:00-04:00,9.0,9.0,8.625,8.625,2267,0.0,0.0
1999-04-22 00:00:00-04:00,8.625,8.625,8.625,8.625,0,0.0,0.0
1999-04-23 00:00:00-04:00,8.8125,8.8125,8.25,8.25,867,0.0,0.0
1999-04-26 00:00:00-04:00,8.15625,8.34375,8.0625,8.0625,1200,0.0,0.0
1999-04-27 00:00:00-04:00,8.0625,8.0625,8.0625,8.0625,733,0.0,0.0
1999-04-28 00:00:00-04:00,7.96875,7.96875,7.96875,7.96875,33,0.0,0.0
1999-04-29 00:00:00-04:00,7.96875,7.96875,7.96875,7.96875,33,0.0,0.0
1999-04-30 00:00:00-04:00,7.96875,8.25,7.96875,8.25,267,0.0,0.0
1999-05-03 00:00:00-04:00,8.25,8.25,8.0625,8.0625,1567,0.0,0.0
1999-05-04 00:00:00-04:00,8.25,8.25,8.25,8.25,333,0.0,0.0
1999-05-05 00:00:00-04:00,7.96875,8.25,7.96875,8.25,733,0.0,0.0
1999-05-06 00:00:00-04:00,7.96875,8.25,7.96875,8.25,100,0.0,0.0
1999-05-07 00:00:00-04:00,8.25,8.25,8.25,8.25,0,0.0,0.0
1999-05-10 00:00:00-04:00,8.25,8.25,8.25,8.25,233,0.0,0.0
1999-05-11 00:00:00-04:00,8.25,8.25,8.25,8.25,333,0.0,0.0
1999-05-12 00:00:00-04:00,8.25,8.25,8.25,8.25,0,0.0,0.0
1999-05-13 00:00:00-04:00,8.25,8.25,8.25,8.25,0,0.0,0.0
1999-05-14 00:00:00-04:00,8.625,8.625,8.625,8.625,333,0.0,0.0
1999-05-17 00:00:00-04:00,8.625,8.625,8.625,8.625,0,0.0,0.0
1999-05-18 00:00:00-04:00,8.4375,8.4375,8.4375,8.4375,2733,0.0,0.0
1999-05-19 00:00:00-04:00,8.8125,8.8125,8.8125,8.8125,133,0.0,0.0
1999-05-20 00:00:00-04:00,8.8125,8.8125,8.25,8.625,3033,0.0,0.0
1999-05-21 00:00:00-04:00,8.8125,9.0,8.8125,9.0,333,0.0,0.0
1999-05-24 00:00:00-04:00,8.8125,8.8125,8.71875,8.8125,1133,0.0,0.0
1999-05-25 00:00:00-04:00,8.8125,8.8125,8.8125,8.8125,333,0.0,0.0
1999-05-26 00:00:00-04:00,8.8125,9.0,8.625,9.0,4067,0.0,0.0
1999-05-27 00:00:00-04:00,8.625,9.0,8.4375,9.0,433,0.0,0.0
1999-05-28 00:00:00-04:00,9.0,9.0,9.0,9.0,0,0.0,0.0
1999-06-01 00:00:00-04:00,9.0,9.0,9.0,9.0,0,0.0,0.0
1999-06-02 00:00:00-04:00,9.0,9.0,9.0,9.0,200,0.0,0.0
1999-06-03 00:00:00-04:00,8.625,8.90625,8.625,8.90625,2833,0.0,0.0
1999-06-04 00:00:00-04:00,8.90625,8.90625,8.90625,8.90625,0,0.0,0.0
1999-06-07 00:00:00-04:00,8.90625,8.90625,8.90625,8.90625,0,0.0,0.0
1999-06-08 00:00:00-04:00,9.0,9.0,8.625,8.625,100,0.0,0.0
1999-06-09 00:00:00-04:00,8.625,8.625,8.625,8.625,0,0.0,0.0
1999-06-10 00:00:00-04:00,8.4375,8.4375,8.4375,8.4375,700,0.0,0.0
1999-06-11 00:00:00-04:00,8.625,8.625,8.625,8.625,1333,0.0,0.0
1999-06-14 00:00:00-04:00,8.625,8.625,8.625,8.625,733,0.0,0.0
1999-06-15 00:00:00-04:00,8.625,9.0,8.625,9.0,1767,0.0,0.0
1999-06-16 00:00:00-04:00,8.8125,9.0,8.8125,9.0,5133,0.0,0.0
1999-06-17 00:00:00-04:00,9.0,9.0,9.0,9.0,0,0.0,0.0
1999-06-18 00:00:00-04:00,9.0,9.0,9.0,9.0,0,0.0,0.0
1999-06-21 00:00:00-04:00,8.8125,8.8125,8.8125,8.8125,33,0.0,0.0
1999-06-22 00:00:00-04:00,8.8125,8.8125,8.8125,8.8125,0,0.0,0.0
1999-06-23 00:00:00-04:00,8.8125,8.8125,8.8125,8.8125,0,0.0,0.0
1999-06-24 00:00:00-04:00,8.8125,8.8125,8.8125,8.8125,0,0.0,0.0
1999-06-25 00:00:00-04:00,9.0,9.0,8.8125,8.8125,900,0.0,0.0
1999-06-28 00:00:00-04:00,9.0,9.0,9.0,9.0,200,0.0,0.0
1999-06-29 00:00:00-04:00,9.0,9.0,9.0,9.0,4500,0.0,0.0
1999-06-30 00:00:00-04:00,9.0,9.0,9.0,9.0,3033,0.0,0.0
1999-07-01 00:00:00-04:00,9.0,9.0,9.0,9.0,0,0.0,0.0
1999-07-02 00:00:00-04:00,9.0,9.0,9.0,9.0,500,0.0,0.0
1999-07-06 00:00:00-04:00,9.0,9.0,9.0,9.0,933,0.0,0.0
1999-07-07 00:00:00-04:00,9.0,9.0,9.0,9.0,500,0.0,0.0
1999-07-08 00:00:00-04:00,9.0,9.0,9.0,9.0,167,0.0,0.0
1999-07-09 00:00:00-04:00,9.0,9.0,9.0,9.0,67,0.0,0.0
1999-07-12 00:00:00-04:00,9.0,9.1875,9.0,9.1875,1333,0.0,0.0
1999-07-13 00:00:00-04:00,9.1875,9.5625,9.1875,9.375,4167,0.0,0.0
1999-07-14 00:00:00-04:00,9.5625,10.5,9.5625,10.5,4833,0.0,0.0
1999-07-15 00:00:00-04:00,9.75,10.5,9.75,10.5,767,0.0,0.0
1999-07-16 00:00:00-04:00,10.5,10.5,10.3125,10.3125,1733,0.0,0.0
1999-07-19 00:00:00-04:00,10.5,11.625,10.40625,11.25,4833,0.0,0.0
1999-07-20 00:00:00-04:00,11.25,11.25,11.109375,11.25,1267,0.0,0.0
1999-07-21 00:00:00-04:00,10.875,11.25,10.5,11.25,200,0.0,0.0
1999-07-22 00:00:00-04:00,10.5,10.5,10.5,10.5,200,0.0,0.0
1999-07-23 00:00:00-04:00,10.5,10.5,10.5,10.5,333,0.0,0.0
1999-07-26 00:00:00-04:00,10.5,10.5,10.3125,10.3125,733,0.0,0.0
1999-07-27 00:00:00-04:00,10.3125,10.3125,10.3125,10.3125,0,0.0,0.0
1999-07-28 00:00:00-04:00,9.75,9.75,9.75,9.75,667,0.0,0.0
1999-07-29 00:00:00-04:00,9.75,9.75,9.75,9.75,167,0.0,0.0
1999-07-30 00:00:00-04:00,10.125,10.125,9.0,9.375,1467,0.0,0.0
1999-08-02 00:00:00-04:00,9.75,9.75,9.75,9.75,300,0.0,0.0
1999-08-03 00:00:00-04:00,9.1875,9.9375,9.1875,9.9375,1133,0.0,0.0
1999-08-04 00:00:00-04:00,9.75,9.75,9.75,9.75,133,0.0,0.0
1999-08-05 00:00:00-04:00,9.75,10.6875,9.75,10.6875,1633,0.0,0.0
1999-08-06 00:00:00-04:00,9.9375,9.9375,9.9375,9.9375,33,0.0,0.0
1999-08-09 00:00:00-04:00,10.125,10.5,10.125,10.5,367,0.0,0.0
1999-08-10 00:00:00-04:00,10.125,10.125,9.9375,10.03125,2100,0.0,0.0
1999-08-11 00:00:00-04:00,10.5,10.5,9.9375,9.9375,267,0.0,0.0
1999-08-12 00:00:00-04:00,9.9375,9.9375,9.9375,9.9375,0,0.0,0.0
1999-08-13 00:00:00-04:00,10.125,10.125,9.9375,9.9375,1000,0.0,0.0
1999-08-16 00:00:00-04:00,10.5,10.5,9.9375,9.9375,333,0.0,0.0
1999-08-17 00:00:00-04:00,9.9375,9.9375,9.9375,9.9375,0,0.0,0.0
1999-08-18 00:00:00-04:00,9.9375,9.9375,9.9375,9.9375,733,0.0,0.0
1999-08-19 00:00:00-04:00,10.125,10.5,10.125,10.5,633,0.0,0.0
1999-08-20 00:00:00-04:00,10.21875,10.21875,10.21875,10.21875,700,0.0,0.0
1999-08-23 00:00:00-04:00,10.5,10.5,10.5,10.5,167,0.0,0.0
1999-08-24 00:00:00-04:00,9.9375,9.9375,9.1875,9.375,4833,0.0,0.0
1999-08-25 00:00:00-04:00,9.375,9.5625,9.375,9.5625,4867,0.0,0.0
1999-08-26 00:00:00-04:00,9.5625,9.5625,9.375,9.375,1700,0.0,0.0
1999-08-27 00:00:00-04:00,9.375,9.375,9.375,9.375,0,0.0,0.0
1999-08-30 00:00:00-04:00,9.28125,9.28125,9.28125,9.28125,1833,0.0,0.0
1999-08-31 00:00:00-04:00,9.1875,9.1875,9.1875,9.1875,33,0.0,0.0
1999-09-01 00:00:00-04:00,9.1875,9.1875,9.1875,9.1875,0,0.0,0.0
1999-09-02 00:00:00-04:00,9.375,9.375,9.375,9.375,700,0.0,0.0
1999-09-03 00:00:00-04:00,9.75,9.75,9.375,9.75,733,0.0,0.0
1999-09-07 00:00:00-04:00,9.75,9.75,9.5625,9.5625,967,0.0,0.0
1999-09-08 00:00:00-04:00,9.5625,9.5625,9.5625,9.5625,0,0.0,0.0
1999-09-09 00:00:00-04:00,9.5625,9.5625,9.5625,9.5625,167,0.0,0.0
1999-09-10 00:00:00-04:00,9.5625,9.5625,9.5625,9.5625,0,0.0,0.0
1999-09-13 00:00:00-04:00,9.5625,9.5625,9.5625,9.5625,0,0.0,0.0
1999-09-14 00:00:00-04:00,9.5625,9.5625,9.5625,9.5625,0,0.0,0.0
1999-09-15 00:00:00-04:00,9.5625,9.5625,9.5625,9.5625,0,0.0,0.0
1999-09-16 00:00:00-04:00,9.5625,9.5625,9.5625,9.5625,0,0.0,0.0
1999-09-17 00:00:00-04:00,9.75,9.75,9.75,9.75,167,0.0,0.0
1999-09-20 00:00:00-04:00,9.1875,9.75,9.1875,9.75,133,0.0,0.0
1999-09-21 00:00:00-04:00,9.1875,9.1875,9.1875,9.1875,2033,0.0,0.0
1999-09-22 00:00:00-04:00,9.1875,9.1875,9.1875,9.1875,133,0.0,0.0
1999-09-23 00:00:00-04:00,9.1875,9.1875,9.1875,9.1875,0,0.0,0.0
1999-09-24 00:00:00-04:00,9.1875,9.1875,9.0,9.0,2667,0.0,0.0
1999-09-27 00:00:00-04:00,9.1875,9.5625,9.1875,9.1875,667,0.0,0.0
1999-09-28 00:00:00-04:00,9.28125,9.28125,8.8125,8.8125,4233,0.0,0.0
1999-09-29 00:00:00-04:00,9.0,9.0,9.0,9.0,67,0.0,0.0
1999-09-30 00:00:00-04:00,8.625,9.375,8.625,9.375,1167,0.0,0.0
1999-10-01 00:00:00-04:00,9.375,9.375,9.375,9.375,1067,0.0,0.0
1999-10-04 00:00:00-04:00,9.375,9.375,9.375,9.375,333,0.0,0.0
1999-10-05 00:00:00-04:00,9.1875,9.1875,9.1875,9.1875,133,0.0,0.0
1999-10-06 00:00:00-04:00,9.28125,9.28125,9.1875,9.1875,800,0.0,0.0
1999-10-07 00:00:00-04:00,9.1875,9.1875,9.1875,9.1875,167,0.0,0.0
1999-10-08 00:00:00-04:00,9.1875,9.1875,9.1875,9.1875,0,0.0,0.0
1999-10-11 00:00:00-04:00,9.1875,9.1875,9.1875,9.1875,0,0.0,0.0
1999-10-12 00:00:00-04:00,8.625,8.625,8.625,8.625,167,0.0,0.0
1999-10-13 00:00:00-04:00,8.625,8.625,8.625,8.625,0,0.0,0.0
1999-10-14 00:00:00-04:00,8.625,8.71875,8.25,8.25,933,0.0,0.0
1999-10-15 00:00:00-04:00,8.25,8.25,8.25,8.25,167,0.0,0.0
1999-10-18 00:00:00-04:00,9.0,9.375,9.0,9.0,967,0.0,0.0
1999-10-19 00:00:00-04:00,9.0,9.0,9.0,9.0,133,0.0,0.0
1999-10-20 00:00:00-04:00,8.625,8.625,8.25,8.625,733,0.0,0.0
1999-10-21 00:00:00-04:00,8.625,8.625,8.25,8.625,1000,0.0,0.0
1999-10-22 00:00:00-04:00,8.25,8.25,8.25,8.25,2000,0.0,0.0
1999-10-25 00:00:00-04:00,8.25,8.25,8.25,8.25,0,0.0,0.0
1999-10-26 00:00:00-04:00,7.875,7.875,7.875,7.875,133,0.0,0.0
1999-10-27 00:00:00-04:00,7.875,7.875,7.875,7.875,0,0.0,0.0
1999-10-28 00:00:00-04:00,7.875,7.875,7.875,7.875,833,0.0,0.0
1999-10-29 00:00:00-04:00,7.875,7.875,7.875,7.875,433,0.0,0.0
1999-11-01 00:00:00-05:00,7.5,8.0625,7.5,8.0625,300,0.0,0.0
1999-11-02 00:00:00-05:00,7.875,7.875,7.875,7.875,100,0.0,0.0
1999-11-03 00:00:00-05:00,8.15625,8.15625,7.875,7.875,333,0.0,0.0
1999-11-04 00:00:00-05:00,8.4375,8.4375,8.4375,8.4375,333,0.0,0.0
1999-11-05 00:00:00-05:00,8.4375,8.625,8.4375,8.625,1233,0.0,0.0
1999-11-08 00:00:00-05:00,8.625,8.625,8.625,8.625,300,0.0,0.0
1999-11-09 00:00:00-05:00,8.625,8.625,8.625,8.625,0,0.0,0.0
1999-11-10 00:00:00-05:00,8.90625,8.90625,8.625,8.8125,1167,0.0,0.0
1999-11-11 00:00:00-05:00,8.4375,8.8125,8.4375,8.8125,500,0.0,0.0
1999-11-12 00:00:00-05:00,8.625,8.625,8.625,8.625,100,0.0,0.0
1999-11-15 00:00:00-05:00,8.625,8.625,8.625,8.625,0,0.0,0.0
1999-11-16 00:00:00-05:00,8.4375,8.4375,8.4375,8.4375,400,0.0,0.0
1999-11-17 00:00:00-05:00,8.625,8.625,8.625,8.625,1467,0.0,0.0
1999-11-18 00:00:00-05:00,8.625,8.625,8.625,8.625,133,0.0,0.0
1999-11-19 00:00:00-05:00,9.0,9.0,8.625,8.625,867,0.0,0.0
1999-11-22 00:00:00-05:00,8.8125,9.0,8.8125,9.0,100,0.0,0.0
1999-11-23 00:00:00-05:00,9.0,9.0,9.0,9.0,1900,0.0,0.0
1999-11-24 00:00:00-05:00,8.8125,8.8125,8.625,8.625,400,0.0,0.0
1999-11-26 00:00:00-05:00,8.8125,8.8125,8.8125,8.8125,300,0.0,0.0
1999-11-29 00:00:00-05:00,8.8125,8.8125,8.8125,8.8125,0,0.0,0.0
1999-11-30 00:00:00-05:00,8.4375,8.4375,7.875,7.875,1067,0.0,0.0
1999-12-01 00:00:00-05:00,8.0625,8.0625,7.875,7.875,1000,0.0,0.0
1999-12-02 00:00:00-05:00,7.875,8.0625,7.875,7.875,2600,0.0,0.0
1999-12-03 00:00:00-05:00,7.6875,7.6875,7.5,7.5,2300,0.0,0.0
1999-12-06 00:00:00-05:00,7.5,7.5,7.5,7.5,0,0.0,0.0
1999-12-07 00:00:00-05:00,7.125,7.5,6.75,7.5,1067,0.0,0.0
1999-12-08 00:00:00-05:00,6.75,7.5,6.75,7.5,167,0.0,0.0
1999-12-09 00:00:00-05:00,6.75,6.75,6.75,6.75,200,0.0,0.0
1999-12-10 00:00:00-05:00,6.75,6.9375,6.75,6.9375,367,0.0,0.0
1999-12-13 00:00:00-05:00,7.5,7.5,7.5,7.5,67,0.0,0.0
1999-12-14 00:00:00-05:00,6.9375,7.5,6.9375,6.9375,233,0.0,0.0
1999-12-15 00:00:00-05:00,6.9375,6.9375,6.9375,6.9375,0,0.0,0.0
1999-12-16 00:00:00-05:00,6.75,7.125,6.75,7.125,2367,0.0,0.0
1999-12-17 00:00:00-05:00,6.75,6.9375,6.75,6.9375,1400,0.0,0.0
1999-12-20 00:00:00-05:00,6.75,7.125,6.75,7.125,367,0.0,0.0
1999-12-21 00:00:00-05:00,6.65625,6.75,6.65625,6.75,100,0.0,0.0
1999-12-22 00:00:00-05:00,7.5,7.5,6.9375,6.9375,400,0.0,0.0
1999-12-23 00:00:00-05:00,6.9375,6.9375,6.9375,6.9375,600,0.0,0.0
1999-12-27 00:00:00-05:00,6.75,6.9375,6.5625,6.75,7667,0.0,0.0
1999-12-28 00:00:00-05:00,6.75,7.125,6.75,7.125,533,0.0,0.0
1999-12-29 00:00:00-05:00,7.125,7.125,6.75,6.75,600,0.0,0.0
1999-12-30 00:00:00-05:00,6.5625,6.984375,6.5625,6.5625,3267,0.0,0.0
1999-12-31 00:00:00-05:00,6.65625,6.65625,6.5625,6.5625,1467,0.0,0.0
2000-01-03 00:00:00-05:00,6.65625,6.75,6.65625,6.75,867,0.0,0.0
2000-01-04 00:00:00-05:00,7.3125,7.3125,6.75,6.75,567,0.0,0.0
2000-01-05 00:00:00-05:00,6.75,6.75,6.75,6.75,2333,0.0,0.0
2000-01-06 00:00:00-05:00,6.5625,6.75,6.5625,6.75,600,0.0,0.0
2000-01-07 00:00:00-05:00,6.75,6.75,6.75,6.75,0,0.0,0.0
2000-01-10 00:00:00-05:00,6.75,6.75,6.5625,6.5625,733,0.0,0.0
2000-01-11 00:00:00-05:00,6.75,6.75,6.65625,6.65625,1233,0.0,0.0
2000-01-12 00:00:00-05:00,6.65625,6.75,6.5625,6.75,4100,0.0,0.0
2000-01-13 00:00:00-05:00,6.75,6.75,6.75,6.75,0,0.0,0.0
2000-01-14 00:00:00-05:00,6.75,6.75,6.75,6.75,4967,0.0,0.0
2000-01-18 00:00:00-05:00,6.75,8.25,6.75,7.875,4567,0.0,0.0
2000-01-19 00:00:00-05:00,7.875,8.25,7.5,8.25,2633,0.0,0.0
2000-01-20 00:00:00-05:00,8.25,8.25,8.25,8.25,533,0.0,0.0
2000-01-21 00:00:00-05:00,8.25,8.34375,8.0625,8.0625,2333,0.0,0.0
2000-01-24 00:00:00-05:00,8.0625,8.0625,8.0625,8.0625,133,0.0,0.0
2000-01-25 00:00:00-05:00,8.0625,8.0625,6.75,6.75,533,0.0,0.0
2000-01-26 00:00:00-05:00,6.75,6.9375,6.75,6.9375,100,0.0,0.0
2000-01-27 00:00:00-05:00,6.9375,6.9375,6.9375,6.9375,1500,0.0,0.0
2000-01-28 00:00:00-05:00,6.9375,6.9375,6.75,6.75,200,0.0,0.0
2000-01-31 00:00:00-05:00,6.84375,6.84375,5.625,6.75,2833,0.0,0.0
2000-02-01 00:00:00-05:00,7.21875,7.21875,7.21875,7.21875,67,0.0,0.0
2000-02-02 00:00:00-05:00,7.125,7.125,7.125,7.125,67,0.0,0.0
2000-02-03 00:00:00-05:00,6.75,7.5,6.75,7.5,200,0.0,0.0
2000-02-04 00:00:00-05:00,6.75,6.75,6.375,6.75,2433,0.0,0.0
2000-02-07 00:00:00-05:00,6.75,6.75,6.75,6.75,333,0.0,0.0
2000-02-08 00:00:00-05:00,6.5625,6.5625,6.5625,6.5625,300,0.0,0.0
2000-02-09 00:00:00-05:00,6.75,6.75,6.75,6.75,1167,0.0,0.0
2000-02-10 00:00:00-05:00,6.65625,6.65625,6.5625,6.5625,133,0.0,0.0
2000-02-11 00:00:00-05:00,6.5625,6.5625,6.5625,6.5625,0,0.0,0.0
2000-02-14 00:00:00-05:00,6.5625,6.5625,6.5625,6.5625,67,0.0,0.0
2000-02-15 00:00:00-05:00,6.5625,6.5625,6.5625,6.5625,0,0.0,0.0
2000-02-16 00:00:00-05:00,6.5625,6.5625,6.5625,6.5625,67,0.0,0.0
2000-02-17 00:00:00-05:00,6.75,6.75,6.75,6.75,33,0.0,0.0
2000-02-18 00:00:00-05:00,7.5,7.5,6.9375,6.9375,267,0.0,0.0
2000-02-22 00:00:00-05:00,7.5,7.5,6.9375,6.9375,300,0.0,0.0
2000-02-23 00:00:00-05:00,7.125,7.125,6.375,6.9375,1767,0.0,0.0
2000-02-24 00:00:00-05:00,6.5625,6.5625,6.5625,6.5625,200,0.0,0.0
2000-02-25 00:00:00-05:00,6.5625,6.5625,6.375,6.375,2133,0.0,0.0
2000-02-28 00:00:00-05:00,6.1875,6.1875,6.1875,6.1875,867,0.0,0.0
2000-02-29 00:00:00-05:00,6.1875,6.375,6.1875,6.375,900,0.0,0.0
2000-03-01 00:00:00-05:00,6.1875,6.1875,6.1875,6.1875,33,0.0,0.0
2000-03-02 00:00:00-05:00,6.1875,6.1875,6.1875,6.1875,800,0.0,0.0
2000-03-03 00:00:00-05:00,6.1875,6.1875,6.1875,6.1875,333,0.0,0.0
2000-03-06 00:00:00-05:00,6.1875,6.1875,6.1875,6.1875,0,0.0,0.0
2000-03-07 00:00:00-05:00,6.1875,6.9375,6.1875,6.9375,133,0.0,0.0
2000-03-08 00:00:00-05:00,6.1875,7.3125,6.1875,7.3125,2333,0.0,0.0
2000-03-09 00:00:00-05:00,6.375,7.125,6.375,6.375,667,0.0,0.0
2000-03-10 00:00:00-05:00,6.5625,6.5625,6.5625,6.5625,300,0.0,0.0
2000-03-13 00:00:00-05:00,6.75,7.125,6.75,7.125,867,0.0,0.0
2000-03-14 00:00:00-05:00,6.75,7.5,6.375,7.5,3000,0.0,0.0
2000-03-15 00:00:00-05:00,7.5,7.5,7.5,7.5,1300,0.0,0.0
2000-03-16 00:00:00-05:00,7.875,7.875,6.75,6.75,500,0.0,0.0
2000-03-17 00:00:00-05:00,7.5,7.5,7.5,7.5,1333,0.0,0.0
2000-03-20 00:00:00-05:00,7.125,7.125,7.125,7.125,367,0.0,0.0
2000-03-21 00:00:00-05:00,7.125,7.125,7.125,7.125,33,0.0,0.0
2000-03-22 00:00:00-05:00,7.3125,7.875,7.125,7.125,1133,0.0,0.0
2000-03-23 00:00:00-05:00,6.75,8.625,6.75,8.625,3933,0.0,0.0
2000-03-24 00:00:00-05:00,8.25,8.25,7.5,8.0625,3633,0.0,0.0
2000-03-27 00:00:00-05:00,8.4375,8.4375,8.34375,8.4375,367,0.0,0.0
2000-03-28 00:00:00-05:00,8.4375,8.4375,8.25,8.25,1800,0.0,0.0
2000-03-29 00:00:00-05:00,8.4375,8.4375,8.4375,8.4375,33,0.0,0.0
2000-03-30 00:00:00-05:00,7.875,8.25,7.875,8.25,367,0.0,0.0
2000-03-31 00:00:00-05:00,8.25,8.25,8.25,8.25,0,0.0,0.0
2000-04-03 00:00:00-04:00,8.25,8.25,8.25,8.25,367,0.0,0.0
2000-04-04 00:00:00-04:00,7.875,7.875,7.875,7.875,67,0.0,0.0
2000-04-05 00:00:00-04:00,7.875,7.875,7.875,7.875,133,0.0,0.0
2000-04-06 00:00:00-04:00,7.875,7.875,7.875,7.875,0,0.0,0.0
2000-04-07 00:00:00-04:00,7.875,7.875,7.875,7.875,200,0.0,0.0
2000-04-10 00:00:00-04:00,7.6875,7.6875,6.375,7.125,3233,0.0,0.0
2000-04-11 00:00:00-04:00,6.375,6.375,6.375,6.375,300,0.0,0.0
2000-04-12 00:00:00-04:00,6.375,6.375,6.375,6.375,67,0.0,0.0
2000-04-13 00:00:00-04:00,6.375,6.375,6.375,6.375,33,0.0,0.0
2000-04-14 00:00:00-04:00,6.75,6.75,6.75,6.75,200,0.0,0.0
2000-04-17 00:00:00-04:00,6.375,6.375,6.375,6.375,433,0.0,0.0
2000-04-18 00:00:00-04:00,6.375,6.375,6.375,6.375,0,0.0,0.0
2000-04-19 00:00:00-04:00,6.375,6.375,6.375,6.375,0,0.0,0.0
2000-04-20 00:00:00-04:00,6.375,7.125,6.375,7.125,133,0.0,0.0
2000-04-24 00:00:00-04:00,6.75,6.75,6.75,6.75,167,0.0,0.0
2000-04-25 00:00:00-04:00,7.125,7.125,6.375,6.375,133,0.0,0.0
2000-04-26 00:00:00-04:00,6.375,6.375,6.375,6.375,67,0.0,0.0
2000-04-27 00:00:00-04:00,6.375,6.375,6.375,6.375,0,0.0,0.0
2000-04-28 00:00:00-04:00,6.375,6.375,6.1875,6.1875,733,0.0,0.0
2000-05-01 00:00:00-04:00,6.1875,6.1875,6.1875,6.1875,0,0.0,0.0
2000-05-02 00:00:00-04:00,7.125,7.125,6.375,6.375,367,0.0,0.0
2000-05-03 00:00:00-04:00,6.375,6.375,6.375,6.375,200,0.0,0.0
2000-05-04 00:00:00-04:00,6.375,6.375,6.375,6.375,0,0.0,0.0
2000-05-05 00:00:00-04:00,6.375,6.375,6.375,6.375,0,0.0,0.0
2000-05-08 00:00:00-04:00,6.375,6.375,6.375,6.375,0,0.0,0.0
2000-05-09 00:00:00-04:00,6.375,6.375,6.375,6.375,0,0.0,0.0
2000-05-10 00:00:00-04:00,6.375,6.375,6.375,6.375,0,0.0,0.0
2000-05-11 00:00:00-04:00,6.75,6.75,6.75,6.75,33,0.0,0.0
2000-05-12 00:00:00-04:00,6.84375,9.0,6.84375,9.0,9067,0.0,0.0
2000-05-15 00:00:00-04:00,7.875,8.53125,7.875,7.875,2867,0.0,0.0
2000-05-16 00:00:00-04:00,7.875,7.875,7.125,7.125,2133,0.0,0.0
2000-05-17 00:00:00-04:00,7.125,7.125,7.125,7.125,0,0.0,0.0
2000-05-18 00:00:00-04:00,7.125,7.125,7.125,7.125,1333,0.0,0.0
2000-05-19 00:00:00-04:00,6.9375,6.9375,6.375,6.375,433,0.0,0.0
2000-05-22 00:00:00-04:00,6.375,6.375,6.375,6.375,633,0.0,0.0
2000-05-23 00:00:00-04:00,6.328125,6.328125,6.328125,6.328125,33,0.0,0.0
2000-05-24 00:00:00-04:00,6.28125,6.375,6.28125,6.375,433,0.0,0.0
2000-05-25 00:00:00-04:00,6.328125,6.328125,6.28125,6.28125,667,0.0,0.0
2000-05-26 00:00:00-04:00,6.28125,6.28125,6.28125,6.28125,0,0.0,0.0
2000-05-30 00:00:00-04:00,6.0,6.0,6.0,6.0,400,0.0,0.0
2000-05-31 00:00:00-04:00,6.375,6.375,6.1875,6.1875,233,0.0,0.0
2000-06-01 00:00:00-04:00,6.1875,6.1875,5.8125,5.8125,4567,0.0,0.0
2000-06-02 00:00:00-04:00,5.8125,5.8125,5.8125,5.8125,0,0.0,0.0
2000-06-05 00:00:00-04:00,6.0,6.0,6.0,6.0,67,0.0,0.0
2000-06-06 00:00:00-04:00,6.0,6.0,6.0,6.0,0,0.0,0.0
2000-06-07 00:00:00-04:00,6.0,6.0,6.0,6.0,1133,0.0,0.0
2000-06-08 00:00:00-04:00,6.0,6.0,6.0,6.0,0,0.0,0.0
2000-06-09 00:00:00-04:00,6.0,6.0,6.0,6.0,0,0.0,0.0
2000-06-12 00:00:00-04:00,6.0,6.0,6.0,6.0,4167,0.0,0.0
2000-06-13 00:00:00-04:00,6.0,6.0,6.0,6.0,0,0.0,0.0
2000-06-14 00:00:00-04:00,6.0,6.0,6.0,6.0,3167,0.0,0.0
2000-06-15 00:00:00-04:00,6.0,6.0,6.0,6.0,0,0.0,0.0
2000-06-16 00:00:00-04:00,6.0,6.0,6.0,6.0,100,0.0,0.0
2000-06-19 00:00:00-04:00,5.625,6.0,5.625,6.0,5467,0.0,0.0
2000-06-20 00:00:00-04:00,6.0,6.375,6.0,6.0,2767,0.0,0.0
2000-06-21 00:00:00-04:00,6.0,6.0,6.0,6.0,67,0.0,0.0
2000-06-22 00:00:00-04:00,6.0,6.0,6.0,6.0,0,0.0,0.0
2000-06-23 00:00:00-04:00,6.0,6.0,6.0,6.0,400,0.0,0.0
2000-06-26 00:00:00-04:00,6.0,6.0,6.0,6.0,0,0.0,0.0
2000-06-27 00:00:00-04:00,6.0,6.0,6.0,6.0,0,0.0,0.0
2000-06-28 00:00:00-04:00,6.0,6.0,6.0,6.0,1200,0.0,0.0
2000-06-29 00:00:00-04:00,6.0,6.0,6.0,6.0,0,0.0,0.0
2000-06-30 00:00:00-04:00,6.0,6.0,6.0,6.0,0,0.0,0.0
2000-07-03 00:00:00-04:00,6.0,6.0,6.0,6.0,0,0.0,0.0
2000-07-05 00:00:00-04:00,6.0,6.0,6.0,6.0,367,0.0,0.0
2000-07-06 00:00:00-04:00,6.0,6.0,6.0,6.0,1767,0.0,0.0
2000-07-07 00:00:00-04:00,6.0,6.0,6.0,6.0,0,0.0,0.0
2000-07-10 00:00:00-04:00,6.0,6.0,6.0,6.0,2333,0.0,0.0
2000-07-11 00:00:00-04:00,6.0,6.0,6.0,6.0,0,0.0,0.0
2000-07-12 00:00:00-04:00,6.0,6.0,6.0,6.0,667,0.0,0.0
2000-07-13 00:00:00-04:00,6.0,6.0,6.0,6.0,0,0.0,0.0
2000-07-14 00:00:00-04:00,6.0,6.0,6.0,6.0,0,0.0,0.0
2000-07-17 00:00:00-04:00,6.0,6.0,6.0,6.0,333,0.0,0.0
2000-07-18 00:00:00-04:00,5.625,5.625,5.625,5.625,1333,0.0,0.0
2000-07-19 00:00:00-04:00,5.625,5.625,5.625,5.625,0,0.0,0.0
2000-07-20 00:00:00-04:00,5.25,5.25,5.25,5.25,467,0.0,0.0
2000-07-21 00:00:00-04:00,5.25,6.0,5.25,6.0,367,0.0,0.0
2000-07-24 00:00:00-04:00,4.875,5.8125,4.875,5.8125,800,0.0,0.0
2000-07-25 00:00:00-04:00,5.8125,5.8125,5.8125,5.8125,0,0.0,0.0
2000-07-26 00:00:00-04:00,5.8125,5.8125,5.8125,5.8125,0,0.0,0.0
2000-07-27 00:00:00-04:00,5.8125,5.8125,5.8125,5.8125,0,0.0,0.0
2000-07-28 00:00:00-04:00,5.25,5.25,5.25,5.25,167,0.0,0.0
2000-07-31 00:00:00-04:00,4.875,4.875,3.375,3.9375,3067,0.0,0.0
2000-08-01 00:00:00-04:00,4.125,4.5,4.125,4.5,267,0.0,0.0
2000-08-02 00:00:00-04:00,4.5,4.5,4.5,4.5,500,0.0,0.0
2000-08-03 00:00:00-04:00,4.125,4.125,4.125,4.125,33,0.0,0.0
2000-08-04 00:00:00-04:00,4.125,4.125,4.125,4.125,0,0.0,0.0
2000-08-07 00:00:00-04:00,4.125,4.125,4.125,4.125,0,0.0,0.0
2000-08-08 00:00:00-04:00,4.125,4.125,4.125,4.125,0,0.0,0.0
2000-08-09 00:00:00-04:00,4.125,4.125,4.125,4.125,0,0.0,0.0
2000-08-10 00:00:00-04:00,4.3125,4.3125,4.125,4.125,67,0.0,0.0
2000-08-11 00:00:00-04:00,4.125,4.125,4.125,4.125,0,0.0,0.0
2000-08-14 00:00:00-04:00,5.0625,5.0625,5.0625,5.0625,333,0.0,0.0
2000-08-15 00:00:00-04:00,5.0625,5.0625,5.0625,5.0625,300,0.0,0.0
2000-08-16 00:00:00-04:00,5.0625,5.0625,5.0625,5.0625,367,0.0,0.0
2000-08-17 00:00:00-04:00,5.0625,5.0625,5.0625,5.0625,0,0.0,0.0
2000-08-18 00:00:00-04:00,4.875,5.25,4.875,4.875,1533,0.0,0.0
2000-08-21 00:00:00-04:00,5.25,5.25,5.25,5.25,33,0.0,0.0
2000-08-22 00:00:00-04:00,5.25,5.25,5.25,5.25,0,0.0,0.0
2000-08-23 00:00:00-04:00,5.4375,5.4375,5.4375,5.4375,100,0.0,0.0
2000-08-24 00:00:00-04:00,5.25,5.25,5.25,5.25,1567,0.0,0.0
2000-08-25 00:00:00-04:00,5.0625,5.625,5.0625,5.625,700,0.0,0.0
2000-08-28 00:00:00-04:00,5.25,5.25,5.25,5.25,133,0.0,0.0
2000-08-29 00:00:00-04:00,5.25,5.25,5.25,5.25,67,0.0,0.0
2000-08-30 00:00:00-04:00,5.25,5.25,4.125,4.5,1500,0.0,0.0
2000-08-31 00:00:00-04:00,4.5,4.5,4.5,4.5,400,0.0,0.0
2000-09-01 00:00:00-04:00,4.5,4.5,4.125,4.125,1167,0.0,0.0
2000-09-05 00:00:00-04:00,4.125,4.125,4.125,4.125,0,0.0,0.0
2000-09-06 00:00:00-04:00,5.625,5.625,4.125,4.125,900,0.0,0.0
2000-09-07 00:00:00-04:00,4.125,4.125,4.125,4.125,0,0.0,0.0
2000-09-08 00:00:00-04:00,4.125,4.125,4.125,4.125,0,0.0,0.0
2000-09-11 00:00:00-04:00,5.25,5.25,5.25,5.25,33,0.0,0.0
2000-09-12 00:00:00-04:00,4.5,4.5,4.5,4.5,500,0.0,0.0
2000-09-13 00:00:00-04:00,4.5,4.5,4.5,4.5,0,0.0,0.0
2000-09-14 00:00:00-04:00,4.5,4.5,4.5,4.5,33,0.0,0.0
2000-09-15 00:00:00-04:00,4.5,4.5,4.5,4.5,700,0.0,0.0
2000-09-18 00:00:00-04:00,4.5,4.5,4.5,4.5,0,0.0,0.0
2000-09-19 00:00:00-04:00,4.5,4.5,4.125,4.5,533,0.0,0.0
2000-09-20 00:00:00-04:00,4.5,4.5,4.5,4.5,0,0.0,0.0
2000-09-21 00:00:00-04:00,4.5,4.5,4.5,4.5,0,0.0,0.0
2000-09-22 00:00:00-04:00,4.125,4.125,3.5625,3.5625,1700,0.0,0.0
2000-09-25 00:00:00-04:00,3.5625,3.609375,3.5625,3.609375,1600,0.0,0.0
2000-09-26 00:00:00-04:00,3.75,3.75,3.375,3.375,1400,0.0,0.0
2000-09-27 00:00:00-04:00,3.375,3.375,3.375,3.375,67,0.0,0.0
2000-09-28 00:00:00-04:00,3.375,3.375,3.375,3.375,0,0.0,0.0
2000-09-29 00:00:00-04:00,3.75,3.75,3.75,3.75,300,0.0,0.0
2000-10-02 00:00:00-04:00,4.125,4.5,4.125,4.125,1300,0.0,0.0
2000-10-03 00:00:00-04:00,4.5,4.5,4.125,4.125,467,0.0,0.0
2000-10-04 00:00:00-04:00,4.125,4.125,4.125,4.125,67,0.0,0.0
2000-10-05 00:00:00-04:00,4.125,4.125,4.125,4.125,0,0.0,0.0
2000-10-06 00:00:00-04:00,4.875,5.625,4.5,5.625,2000,0.0,0.0
2000-10-09 00:00:00-04:00,4.875,4.875,4.5,4.5,267,0.0,0.0
2000-10-10 00:00:00-04:00,5.625,5.625,4.875,5.625,167,0.0,0.0
2000-10-11 00:00:00-04:00,5.625,5.625,5.625,5.625,133,0.0,0.0
2000-10-12 00:00:00-04:00,4.875,4.875,4.875,4.875,233,0.0,0.0
2000-10-13 00:00:00-04:00,4.875,4.875,4.875,4.875,0,0.0,0.0
2000-10-16 00:00:00-04:00,4.875,4.875,4.875,4.875,0,0.0,0.0
2000-10-17 00:00:00-04:00,4.96875,4.96875,4.875,4.875,1900,0.0,0.0
2000-10-18 00:00:00-04:00,5.25,6.0,5.25,6.0,333,0.0,0.0
2000-10-19 00:00:00-04:00,6.0,6.375,6.0,6.375,767,0.0,0.0
2000-10-20 00:00:00-04:00,6.0,6.0,6.0,6.0,33,0.0,0.0
2000-10-23 00:00:00-04:00,6.375,6.375,5.625,6.0,3200,0.0,0.0
2000-10-24 00:00:00-04:00,6.1875,6.1875,6.0,6.0,1167,0.0,0.0
2000-10-25 00:00:00-04:00,6.0,6.75,5.625,6.75,400,0.0,0.0
2000-10-26 00:00:00-04:00,6.375,6.375,6.0,6.0,700,0.0,0.0
2000-10-27 00:00:00-04:00,5.8125,6.375,5.8125,6.375,400,0.0,0.0
2000-10-30 00:00:00-05:00,5.859375,5.859375,5.859375,5.859375,333,0.0,0.0
2000-10-31 00:00:00-05:00,6.1875,6.1875,6.0,6.0,700,0.0,0.0
2000-11-01 00:00:00-05:00,6.0,6.0,6.0,6.0,0,0.0,0.0
2000-11-02 00:00:00-05:00,6.0,6.0,6.0,6.0,533,0.0,0.0
2000-11-03 00:00:00-05:00,6.0,6.0,6.0,6.0,200,0.0,0.0
2000-11-06 00:00:00-05:00,6.1875,6.375,6.1875,6.375,1067,0.0,0.0
2000-11-07 00:00:00-05:00,6.0,6.0,6.0,6.0,200,0.0,0.0
2000-11-08 00:00:00-05:00,6.0,6.0,6.0,6.0,2133,0.0,0.0
2000-11-09 00:00:00-05:00,6.0,6.0,6.0,6.0,0,0.0,0.0
2000-11-10 00:00:00-05:00,5.625,5.625,5.625,5.625,100,0.0,0.0
2000-11-13 00:00:00-05:00,6.0,6.0,5.625,5.625,300,0.0,0.0
2000-11-14 00:00:00-05:00,5.625,5.625,5.625,5.625,33,0.0,0.0
2000-11-15 00:00:00-05:00,6.0,6.0,6.0,6.0,233,0.0,0.0
2000-11-16 00:00:00-05:00,6.0,6.0,6.0,6.0,0,0.0,0.0
2000-11-17 00:00:00-05:00,6.09375,6.09375,5.625,5.625,1367,0.0,0.0
2000-11-20 00:00:00-05:00,5.25,5.25,5.25,5.25,67,0.0,0.0
2000-11-21 00:00:00-05:00,5.625,5.625,5.25,5.25,133,0.0,0.0
2000-11-22 00:00:00-05:00,5.25,5.25,5.25,5.25,0,0.0,0.0
2000-11-24 00:00:00-05:00,5.25,5.25,5.25,5.25,0,0.0,0.0
2000-11-27 00:00:00-05:00,5.25,5.25,5.25,5.25,0,0.0,0.0
2000-11-28 00:00:00-05:00,5.25,5.25,5.25,5.25,0,0.0,0.0
2000-11-29 00:00:00-05:00,5.625,5.625,5.25,5.25,67,0.0,0.0
2000-11-30 00:00:00-05:00,5.25,5.25,5.25,5.25,0,0.0,0.0
2000-12-01 00:00:00-05:00,5.25,5.25,5.25,5.25,0,0.0,0.0
2000-12-04 00:00:00-05:00,5.25,5.625,5.25,5.625,333,0.0,0.0
2000-12-05 00:00:00-05:00,6.0,6.0,4.875,4.875,967,0.0,0.0
2000-12-06 00:00:00-05:00,4.875,4.875,4.875,4.875,0,0.0,0.0
2000-12-07 00:00:00-05:00,4.5,4.5,4.5,4.5,167,0.0,0.0
2000-12-08 00:00:00-05:00,5.15625,5.15625,5.15625,5.15625,33,0.0,0.0
2000-12-11 00:00:00-05:00,4.5,5.53125,4.5,5.53125,100,0.0,0.0
2000-12-12 00:00:00-05:00,5.8125,5.8125,5.8125,5.8125,67,0.0,0.0
2000-12-13 00:00:00-05:00,5.8125,5.8125,5.625,5.625,467,0.0,0.0
2000-12-14 00:00:00-05:00,5.25,5.53125,5.25,5.25,2500,0.0,0.0
2000-12-15 00:00:00-05:00,5.25,5.25,4.125,4.125,767,0.0,0.0
2000-12-18 00:00:00-05:00,5.25,5.25,5.25,5.25,67,0.0,0.0
2000-12-19 00:00:00-05:00,4.734375,5.25,4.6875,4.6875,233,0.0,0.0
2000-12-20 00:00:00-05:00,4.6875,4.6875,4.6875,4.6875,0,0.0,0.0
2000-12-21 00:00:00-05:00,4.6875,4.6875,4.6875,4.6875,2033,0.0,0.0
2000-12-22 00:00:00-05:00,4.875,4.875,4.875,4.875,2233,0.0,0.0
2000-12-26 00:00:00-05:00,4.6875,4.6875,3.375,3.375,600,0.0,0.0
2000-12-27 00:00:00-05:00,3.9375,4.21875,3.375,3.375,1167,0.0,0.0
2000-12-28 00:00:00-05:00,3.375,4.125,2.625,3.375,4033,0.0,0.0
2000-12-29 00:00:00-05:00,3.1875,4.3125,3.1875,4.125,3667,0.0,0.0
2001-01-02 00:00:00-05:00,4.125,4.125,4.125,4.125,0,0.0,0.0
2001-01-03 00:00:00-05:00,4.125,4.125,4.125,4.125,0,0.0,0.0
2001-01-04 00:00:00-05:00,4.125,4.125,4.125,4.125,33,0.0,0.0
2001-01-05 00:00:00-05:00,4.125,4.125,4.125,4.125,0,0.0,0.0
2001-01-08 00:00:00-05:00,4.125,4.125,4.125,4.125,0,0.0,0.0
2001-01-09 00:00:00-05:00,4.125,4.125,4.125,4.125,0,0.0,0.0
2001-01-10 00:00:00-05:00,4.21875,4.21875,4.21875,4.21875,3667,0.0,0.0
2001-01-11 00:00:00-05:00,4.21875,4.21875,4.21875,4.21875,100,0.0,0.0
2001-01-12 00:00:00-05:00,4.21875,4.21875,4.21875,4.21875,0,0.0,0.0
2001-01-16 00:00:00-05:00,4.453125,4.453125,4.453125,4.453125,33,0.0,0.0
2001-01-17 00:00:00-05:00,4.21875,4.40625,4.21875,4.40625,4033,0.0,0.0
2001-01-18 00:00:00-05:00,4.640625,4.6875,4.640625,4.6875,433,0.0,0.0
2001-01-19 00:00:00-05:00,4.5,16.3125,4.5,5.25,121533,0.0,0.0
2001-01-22 00:00:00-05:00,5.4375,5.625,4.5,5.0625,4033,0.0,0.0
2001-01-23 00:00:00-05:00,4.734375,4.96875,4.59375,4.59375,2433,0.0,0.0
2001-01-24 00:00:00-05:00,4.640625,5.0625,4.59375,5.0625,2067,0.0,0.0
2001-01-25 00:00:00-05:00,5.0625,6.0,5.0625,5.25,2333,0.0,0.0
2001-01-26 00:00:00-05:00,5.578125,5.625,5.4375,5.4375,4167,0.0,0.0
2001-01-29 00:00:00-05:00,5.4375,6.0,5.0625,6.0,4967,0.0,0.0
2001-01-30 00:00:00-05:00,6.0,6.75,5.625,6.75,6200,0.0,0.0
2001-01-31 00:00:00-05:00,7.125,9.0,6.375,7.875,4433,0.0,0.0
2001-02-01 00:00:00-05:00,7.875,8.25,7.875,8.0625,900,0.0,0.0
2001-02-02 00:00:00-05:00,8.0625,8.8125,8.0625,8.625,3200,0.0,0.0
2001-02-05 00:00:00-05:00,8.765625,8.90625,8.25,8.25,3833,0.0,0.0
2001-02-06 00:00:00-05:00,8.25,8.296875,8.0625,8.0625,1133,0.0,0.0
2001-02-07 00:00:00-05:00,7.3125,8.0625,7.3125,7.3125,533,0.0,0.0
2001-02-08 00:00:00-05:00,7.125,7.875,7.125,7.5,167,0.0,0.0
2001-02-09 00:00:00-05:00,7.6875,7.6875,7.6875,7.6875,133,0.0,0.0
2001-02-12 00:00:00-05:00,7.5,8.25,7.5,7.5,1833,0.0,0.0
2001-02-13 00:00:00-05:00,7.875,8.015625,7.875,8.015625,367,0.0,0.0
2001-02-14 00:00:00-05:00,7.5,7.875,7.5,7.875,900,0.0,0.0
2001-02-15 00:00:00-05:00,7.875,7.875,7.875,7.875,67,0.0,0.0
2001-02-16 00:00:00-05:00,7.875,7.875,7.6875,7.6875,400,0.0,0.0
2001-02-20 00:00:00-05:00,7.5,7.5,7.5,7.5,500,0.0,0.0
2001-02-21 00:00:00-05:00,7.125,7.125,6.5625,6.75,933,0.0,0.0
2001-02-22 00:00:00-05:00,6.75,6.75,6.375,6.375,500,0.0,0.0
2001-02-23 00:00:00-05:00,6.375,6.375,6.375,6.375,0,0.0,0.0
2001-02-26 00:00:00-05:00,6.9375,7.3125,6.9375,7.125,600,0.0,0.0
2001-02-27 00:00:00-05:00,6.75,6.75,6.75,6.75,200,0.0,0.0
2001-02-28 00:00:00-05:00,6.75,6.75,6.75,6.75,33,0.0,0.0
2001-03-01 00:00:00-05:00,6.5625,6.5625,6.375,6.5625,767,0.0,0.0
2001-03-02 00:00:00-05:00,6.5625,6.5625,6.5625,6.5625,67,0.0,0.0
2001-03-05 00:00:00-05:00,7.125,7.125,7.125,7.125,67,0.0,0.0
2001-03-06 00:00:00-05:00,6.75,6.75,6.75,6.75,33,0.0,0.0
2001-03-07 00:00:00-05:00,6.75,6.75,6.75,6.75,1167,0.0,0.0
2001-03-08 00:00:00-05:00,6.375,6.375,6.375,6.375,33,0.0,0.0
2001-03-09 00:00:00-05:00,6.375,6.375,6.1875,6.1875,133,0.0,0.0
2001-03-12 00:00:00-05:00,6.0,6.0,6.0,6.0,33,0.0,0.0
2001-03-13 00:00:00-05:00,6.0,6.75,6.0,6.0,1000,0.0,0.0
2001-03-14 00:00:00-05:00,6.0,6.0,6.0,6.0,0,0.0,0.0
2001-03-15 00:00:00-05:00,5.8125,6.375,5.8125,6.0,133,0.0,0.0
2001-03-16 00:00:00-05:00,5.8125,5.8125,5.8125,5.8125,1100,0.0,0.0
2001-03-19 00:00:00-05:00,5.625,5.625,5.34375,5.34375,200,0.0,0.0
2001-03-20 00:00:00-05:00,5.625,6.9375,5.625,6.0,433,0.0,0.0
2001-03-21 00:00:00-05:00,6.375,6.375,6.0,6.0,200,0.0,0.0
2001-03-22 00:00:00-05:00,6.328125,6.375,6.0,6.375,367,0.0,0.0
2001-03-23 00:00:00-05:00,6.375,6.375,6.375,6.375,133,0.0,0.0
2001-03-26 00:00:00-05:00,6.0,6.0,5.25,5.25,567,0.0,0.0
2001-03-27 00:00:00-05:00,5.25,5.25,5.25,5.25,0,0.0,0.0
2001-03-28 00:00:00-05:00,6.0,6.0,6.0,6.0,67,0.0,0.0
2001-03-29 00:00:00-05:00,6.0,6.0,6.0,6.0,0,0.0,0.0
2001-03-30 00:00:00-05:00,6.0,6.0,6.0,6.0,0,0.0,0.0
2001-04-02 00:00:00-04:00,6.0,6.0,6.0,6.0,0,0.0,0.0
2001-04-03 00:00:00-04:00,5.25,5.25,4.875,4.875,500,0.0,0.0
2001-04-04 00:00:00-04:00,5.0625,5.0625,4.875,4.875,233,0.0,0.0
2001-04-05 00:00:00-04:00,5.25,5.25,4.6875,4.6875,200,0.0,0.0
2001-04-06 00:00:00-04:00,5.25,5.25,4.6875,4.6875,467,0.0,0.0
2001-04-09 00:00:00-04:00,4.800000190734863,5.25,4.800000190734863,5.25,2000,0.0,0.0
2001-04-10 00:00:00-04:00,4.860000133514404,4.860000133514404,4.860000133514404,4.860000133514404,33,0.0,0.0
2001-04-11 00:00:00-04:00,5.670000076293945,5.670000076293945,4.860000133514404,4.860000133514404,1200,0.0,0.0
2001-04-12 00:00:00-04:00,4.860000133514404,4.860000133514404,4.860000133514404,4.860000133514404,367,0.0,0.0
2001-04-16 00:00:00-04:00,4.860000133514404,4.860000133514404,4.860000133514404,4.860000133514404,0,0.0,0.0
2001-04-17 00:00:00-04:00,5.400000095367432,5.699999809265137,5.400000095367432,5.699999809265137,100,0.0,0.0
2001-04-18 00:00:00-04:00,5.699999809265137,5.96999979019165,5.25,5.28000020980835,3333,0.0,0.0
2001-04-19 00:00:00-04:00,5.130000114440918,5.130000114440918,5.130000114440918,5.130000114440918,33,0.0,0.0
2001-04-20 00:00:00-04:00,5.699999809265137,5.699999809265137,5.130000114440918,5.130000114440918,133,0.0,0.0
2001-04-23 00:00:00-04:00,5.130000114440918,5.130000114440918,5.130000114440918,5.130000114440918,0,0.0,0.0
2001-04-24 00:00:00-04:00,5.130000114440918,5.130000114440918,5.130000114440918,5.130000114440918,0,0.0,0.0
2001-04-25 00:00:00-04:00,5.130000114440918,5.130000114440918,5.130000114440918,5.130000114440918,0,0.0,0.0
2001-04-26 00:00:00-04:00,5.130000114440918,5.130000114440918,5.130000114440918,5.130000114440918,0,0.0,0.0
2001-04-27 00:00:00-04:00,5.130000114440918,5.130000114440918,5.130000114440918,5.130000114440918,0,0.0,0.0
2001-04-30 00:00:00-04:00,5.010000228881836,5.010000228881836,5.010000228881836,5.010000228881836,33,0.0,0.0
2001-05-01 00:00:00-04:00,5.039999961853027,5.039999961853027,5.039999961853027,5.039999961853027,600,0.0,0.0
2001-05-02 00:00:00-04:00,5.099999904632568,5.099999904632568,5.099999904632568,5.099999904632568,33,0.0,0.0
2001-05-03 00:00:00-04:00,5.670000076293945,5.670000076293945,5.25,5.550000190734863,3000,0.0,0.0
2001-05-04 00:00:00-04:00,5.400000095367432,5.550000190734863,5.400000095367432,5.550000190734863,367,0.0,0.0
2001-05-07 00:00:00-04:00,5.400000095367432,5.400000095367432,5.400000095367432,5.400000095367432,100,0.0,0.0
2001-05-08 00:00:00-04:00,5.400000095367432,5.400000095367432,5.400000095367432,5.400000095367432,67,0.0,0.0
2001-05-09 00:00:00-04:00,5.039999961853027,5.039999961853027,5.039999961853027,5.039999961853027,33,0.0,0.0
2001-05-10 00:00:00-04:00,5.400000095367432,5.550000190734863,5.400000095367432,5.550000190734863,1067,0.0,0.0
2001-05-11 00:00:00-04:00,5.550000190734863,5.550000190734863,5.550000190734863,5.550000190734863,667,0.0,0.0
2001-05-14 00:00:00-04:00,5.400000095367432,5.400000095367432,5.400000095367432,5.400000095367432,333,0.0,0.0
2001-05-15 00:00:00-04:00,5.550000190734863,6.03000020980835,5.550000190734863,6.0,1267,0.0,0.0
2001-05-16 00:00:00-04:00,5.550000190734863,5.550000190734863,5.190000057220459,5.400000095367432,367,0.0,0.0
2001-05-17 00:00:00-04:00,5.400000095367432,5.550000190734863,4.650000095367432,5.550000190734863,933,0.0,0.0
2001-05-18 00:00:00-04:00,5.25,5.25,4.590000152587891,4.650000095367432,600,0.0,0.0
2001-05-21 00:00:00-04:00,4.650000095367432,5.099999904632568,4.650000095367432,5.099999904632568,667,0.0,0.0
2001-05-22 00:00:00-04:00,5.099999904632568,5.099999904632568,5.099999904632568,5.099999904632568,0,0.0,0.0
2001-05-23 00:00:00-04:00,5.099999904632568,5.099999904632568,5.099999904632568,5.099999904632568,0,0.0,0.0
2001-05-24 00:00:00-04:00,5.400000095367432,5.940000057220459,5.400000095367432,5.849999904632568,2033,0.0,0.0
2001-05-25 00:00:00-04:00,5.849999904632568,5.849999904632568,5.849999904632568,5.849999904632568,0,0.0,0.0
2001-05-29 00:00:00-04:00,5.610000133514404,5.849999904632568,5.610000133514404,5.849999904632568,133,0.0,0.0
2001-05-30 00:00:00-04:00,5.849999904632568,5.849999904632568,5.849999904632568,5.849999904632568,0,0.0,0.0
2001-05-31 00:00:00-04:00,5.849999904632568,6.119999885559082,5.849999904632568,6.0,8133,0.0,0.0
2001-06-01 00:00:00-04:00,6.0,6.0,5.730000019073486,6.0,467,0.0,0.0
2001-06-04 00:00:00-04:00,5.730000019073486,5.730000019073486,5.730000019073486,5.730000019073486,100,0.0,0.0
2001-06-05 00:00:00-04:00,5.730000019073486,5.730000019073486,5.730000019073486,5.730000019073486,33,0.0,0.0
2001-06-06 00:00:00-04:00,5.730000019073486,5.730000019073486,5.730000019073486,5.730000019073486,0,0.0,0.0
2001-06-07 00:00:00-04:00,5.730000019073486,5.730000019073486,4.53000020980835,5.25,1733,0.0,0.0
2001-06-08 00:00:00-04:00,5.099999904632568,5.099999904632568,4.829999923706055,5.099999904632568,233,0.0,0.0
2001-06-11 00:00:00-04:00,5.099999904632568,5.099999904632568,5.099999904632568,5.099999904632568,0,0.0,0.0
2001-06-12 00:00:00-04:00,5.940000057220459,5.940000057220459,5.940000057220459,5.940000057220459,67,0.0,0.0
2001-06-13 00:00:00-04:00,5.909999847412109,5.909999847412109,5.909999847412109,5.909999847412109,33,0.0,0.0
2001-06-14 00:00:00-04:00,5.909999847412109,5.909999847412109,5.909999847412109,5.909999847412109,0,0.0,0.0
2001-06-15 00:00:00-04:00,4.829999923706055,5.25,4.829999923706055,5.25,133,0.0,0.0
2001-06-18 00:00:00-04:00,5.25,5.25,5.25,5.25,67,0.0,0.0
2001-06-19 00:00:00-04:00,5.25,5.25,5.25,5.25,0,0.0,0.0
2001-06-20 00:00:00-04:00,5.25,5.940000057220459,5.25,5.940000057220459,133,0.0,0.0
2001-06-21 00:00:00-04:00,5.940000057220459,5.940000057220459,5.940000057220459,5.940000057220459,0,0.0,0.0
2001-06-22 00:00:00-04:00,5.28000020980835,5.28000020980835,5.28000020980835,5.28000020980835,667,0.0,0.0
2001-06-25 00:00:00-04:00,5.400000095367432,5.400000095367432,5.400000095367432,5.400000095367432,33,0.0,0.0
2001-06-26 00:00:00-04:00,5.400000095367432,5.400000095367432,5.400000095367432,5.400000095367432,0,0.0,0.0
2001-06-27 00:00:00-04:00,5.28000020980835,5.28000020980835,5.28000020980835,5.28000020980835,67,0.0,0.0
2001-06-28 00:00:00-04:00,5.28000020980835,5.28000020980835,5.28000020980835,5.28000020980835,0,0.0,0.0
2001-06-29 00:00:00-04:00,5.400000095367432,5.400000095367432,5.400000095367432,5.400000095367432,33,0.0,0.0
2001-07-02 00:00:00-04:00,5.400000095367432,5.400000095367432,5.400000095367432,5.400000095367432,33,0.0,0.0
2001-07-03 00:00:00-04:00,5.400000095367432,5.400000095367432,5.400000095367432,5.400000095367432,0,0.0,0.0
2001-07-05 00:00:00-04:00,5.400000095367432,5.400000095367432,5.400000095367432,5.400000095367432,0,0.0,0.0
2001-07-06 00:00:00-04:00,5.400000095367432,5.400000095367432,5.400000095367432,5.400000095367432,0,0.0,0.0
2001-07-09 00:00:00-04:00,4.829999923706055,5.369999885559082,4.829999923706055,5.369999885559082,1933,0.0,0.0
2001-07-10 00:00:00-04:00,5.369999885559082,5.369999885559082,5.369999885559082,5.369999885559082,0,0.0,0.0
2001-07-11 00:00:00-04:00,5.369999885559082,5.369999885559082,5.369999885559082,5.369999885559082,0,0.0,0.0
2001-07-12 00:00:00-04:00,5.369999885559082,5.369999885559082,5.369999885559082,5.369999885559082,0,0.0,0.0
2001-07-13 00:00:00-04:00,5.369999885559082,5.369999885559082,5.369999885559082,5.369999885559082,0,0.0,0.0
2001-07-16 00:00:00-04:00,5.159999847412109,5.159999847412109,5.159999847412109,5.159999847412109,33,0.0,0.0
2001-07-17 00:00:00-04:00,5.369999885559082,5.369999885559082,5.369999885559082,5.369999885559082,167,0.0,0.0
2001-07-18 00:00:00-04:00,5.369999885559082,5.369999885559082,5.369999885559082,5.369999885559082,0,0.0,0.0
2001-07-19 00:00:00-04:00,5.369999885559082,5.369999885559082,5.369999885559082,5.369999885559082,0,0.0,0.0
2001-07-20 00:00:00-04:00,5.369999885559082,5.369999885559082,5.369999885559082,5.369999885559082,0,0.0,0.0
2001-07-23 00:00:00-04:00,5.369999885559082,5.369999885559082,5.369999885559082,5.369999885559082,0,0.0,0.0
2001-07-24 00:00:00-04:00,5.159999847412109,5.159999847412109,5.159999847412109,5.159999847412109,33,0.0,0.0
2001-07-25 00:00:00-04:00,5.159999847412109,5.159999847412109,5.159999847412109,5.159999847412109,0,0.0,0.0
2001-07-26 00:00:00-04:00,5.159999847412109,5.159999847412109,5.159999847412109,5.159999847412109,0,0.0,0.0
2001-07-27 00:00:00-04:00,5.340000152587891,5.699999809265137,4.860000133514404,5.400000095367432,1000,0.0,0.0
2001-07-30 00:00:00-04:00,5.400000095367432,5.400000095367432,5.400000095367432,5.400000095367432,400,0.0,0.0
2001-07-31 00:00:00-04:00,5.400000095367432,5.400000095367432,5.400000095367432,5.400000095367432,0,0.0,0.0
2001-08-01 00:00:00-04:00,5.400000095367432,5.400000095367432,5.400000095367432,5.400000095367432,0,0.0,0.0
2001-08-02 00:00:00-04:00,5.099999904632568,5.099999904632568,4.800000190734863,4.800000190734863,1000,0.0,0.0
2001-08-03 00:00:00-04:00,4.800000190734863,4.800000190734863,4.800000190734863,4.800000190734863,0,0.0,0.0
2001-08-06 00:00:00-04:00,5.25,5.25,5.25,5.25,233,0.0,0.0
2001-08-07 00:00:00-04:00,5.25,5.400000095367432,5.25,5.400000095367432,467,0.0,0.0
2001-08-08 00:00:00-04:00,5.400000095367432,5.699999809265137,5.25,5.699999809265137,700,0.0,0.0
2001-08-09 00:00:00-04:00,5.699999809265137,5.730000019073486,5.699999809265137,5.699999809265137,400,0.0,0.0
2001-08-10 00:00:00-04:00,5.400000095367432,5.429999828338623,5.130000114440918,5.130000114440918,367,0.0,0.0
2001-08-13 00:00:00-04:00,5.130000114440918,5.130000114440918,5.130000114440918,5.130000114440918,0,0.0,0.0
2001-08-14 00:00:00-04:00,5.130000114440918,5.130000114440918,5.130000114440918,5.130000114440918,0,0.0,0.0
2001-08-15 00:00:00-04:00,5.099999904632568,5.849999904632568,5.099999904632568,5.849999904632568,400,0.0,0.0
2001-08-16 00:00:00-04:00,5.400000095367432,5.489999771118164,5.400000095367432,5.489999771118164,1000,0.0,0.0
2001-08-17 00:00:00-04:00,5.519999980926514,5.789999961853027,5.400000095367432,5.789999961853027,267,0.0,0.0
2001-08-20 00:00:00-04:00,5.519999980926514,5.550000190734863,5.400000095367432,5.550000190734863,1367,0.0,0.0
2001-08-21 00:00:00-04:00,5.699999809265137,5.699999809265137,5.550000190734863,5.550000190734863,1033,0.0,0.0
2001-08-22 00:00:00-04:00,5.190000057220459,5.190000057220459,5.190000057220459,5.190000057220459,133,0.0,0.0
2001-08-23 00:00:00-04:00,5.429999828338623,5.429999828338623,5.400000095367432,5.429999828338623,1467,0.0,0.0
2001-08-24 00:00:00-04:00,5.429999828338623,5.429999828338623,5.429999828338623,5.429999828338623,0,0.0,0.0
2001-08-27 00:00:00-04:00,5.429999828338623,5.429999828338623,5.429999828338623,5.429999828338623,0,0.0,0.0
2001-08-28 00:00:00-04:00,5.550000190734863,5.550000190734863,5.550000190734863,5.550000190734863,33,0.0,0.0
2001-08-29 00:00:00-04:00,5.550000190734863,5.550000190734863,5.550000190734863,5.550000190734863,0,0.0,0.0
2001-08-30 00:00:00-04:00,5.550000190734863,5.550000190734863,5.550000190734863,5.550000190734863,0,0.0,0.0
2001-08-31 00:00:00-04:00,5.25,5.25,5.25,5.25,933,0.0,0.0
2001-09-04 00:00:00-04:00,5.400000095367432,5.550000190734863,5.400000095367432,5.550000190734863,900,0.0,0.0
2001-09-05 00:00:00-04:00,5.25,5.25,5.25,5.25,533,0.0,0.0
2001-09-06 00:00:00-04:00,5.25,5.25,5.25,5.25,0,0.0,0.0
2001-09-07 00:00:00-04:00,5.190000057220459,5.190000057220459,5.190000057220459,5.190000057220459,67,0.0,0.0
2001-09-10 00:00:00-04:00,5.190000057220459,5.25,5.099999904632568,5.25,1167,0.0,0.0
2001-09-17 00:00:00-04:00,5.550000190734863,5.550000190734863,4.5,4.5,1133,0.0,0.0
2001-09-18 00:00:00-04:00,5.25,5.699999809265137,5.25,5.25,1400,0.0,0.0
2001-09-19 00:00:00-04:00,5.25,5.25,5.25,5.25,1100,0.0,0.0
2001-09-20 00:00:00-04:00,5.099999904632568,5.25,5.099999904632568,5.099999904632568,2167,0.0,0.0
2001-09-21 00:00:00-04:00,5.25,5.25,5.25,5.25,1267,0.0,0.0
2001-09-24 00:00:00-04:00,5.849999904632568,5.849999904632568,5.849999904632568,5.849999904632568,333,0.0,0.0
2001-09-25 00:00:00-04:00,5.849999904632568,5.849999904632568,5.849999904632568,5.849999904632568,0,0.0,0.0
2001-09-26 00:00:00-04:00,5.25,5.25,5.25,5.25,367,0.0,0.0
2001-09-27 00:00:00-04:00,5.25,5.25,4.800000190734863,4.800000190734863,967,0.0,0.0
2001-09-28 00:00:00-04:00,5.25,5.25,5.25,5.25,900,0.0,0.0
2001-10-01 00:00:00-04:00,5.25,5.25,5.25,5.25,0,0.0,0.0
2001-10-02 00:00:00-04:00,4.800000190734863,4.800000190734863,4.800000190734863,4.800000190734863,200,0.0,0.0
2001-10-03 00:00:00-04:00,5.880000114440918,5.880000114440918,5.880000114440918,5.880000114440918,67,0.0,0.0
2001-10-04 00:00:00-04:00,5.880000114440918,5.880000114440918,5.880000114440918,5.880000114440918,0,0.0,0.0
2001-10-05 00:00:00-04:00,5.880000114440918,5.880000114440918,5.880000114440918,5.880000114440918,100,0.0,0.0
2001-10-08 00:00:00-04:00,5.849999904632568,5.880000114440918,5.849999904632568,5.880000114440918,367,0.0,0.0
2001-10-09 00:00:00-04:00,5.429999828338623,5.429999828338623,5.429999828338623,5.429999828338623,33,0.0,0.0
2001-10-10 00:00:00-04:00,5.429999828338623,5.429999828338623,5.429999828338623,5.429999828338623,0,0.0,0.0
2001-10-11 00:00:00-04:00,5.789999961853027,6.150000095367432,5.550000190734863,6.150000095367432,2767,0.0,0.0
2001-10-12 00:00:00-04:00,6.150000095367432,6.150000095367432,6.150000095367432,6.150000095367432,0,0.0,0.0
2001-10-15 00:00:00-04:00,6.0,6.0,6.0,6.0,200,0.0,0.0
2001-10-16 00:00:00-04:00,5.909999847412109,6.599999904632568,5.909999847412109,6.599999904632568,1933,0.0,0.0
2001-10-17 00:00:00-04:00,6.78000020980835,6.78000020980835,6.599999904632568,6.599999904632568,200,0.0,0.0
2001-10-18 00:00:00-04:00,6.599999904632568,6.599999904632568,6.599999904632568,6.599999904632568,0,0.0,0.0
2001-10-19 00:00:00-04:00,6.71999979019165,6.75,6.71999979019165,6.75,1200,0.0,0.0
2001-10-22 00:00:00-04:00,6.75,6.75,6.03000020980835,6.150000095367432,1933,0.0,0.0
2001-10-23 00:00:00-04:00,6.03000020980835,6.03000020980835,6.0,6.0,233,0.0,0.0
2001-10-24 00:00:00-04:00,6.03000020980835,6.03000020980835,6.03000020980835,6.03000020980835,733,0.0,0.0
2001-10-25 00:00:00-04:00,6.03000020980835,6.03000020980835,5.699999809265137,5.699999809265137,1267,0.0,0.0
2001-10-26 00:00:00-04:00,5.699999809265137,5.699999809265137,5.699999809265137,5.699999809265137,467,0.0,0.0
2001-10-29 00:00:00-05:00,6.090000152587891,6.150000095367432,5.699999809265137,6.119999885559082,1400,0.0,0.0
2001-10-30 00:00:00-05:00,6.119999885559082,6.119999885559082,6.119999885559082,6.119999885559082,0,0.0,0.0
2001-10-31 00:00:00-05:00,6.119999885559082,6.119999885559082,6.119999885559082,6.119999885559082,0,0.0,0.0
2001-11-01 00:00:00-05:00,5.670000076293945,5.670000076293945,5.670000076293945,5.670000076293945,100,0.0,0.0
2001-11-02 00:00:00-05:00,6.150000095367432,6.900000095367432,6.150000095367432,6.75,600,0.0,0.0
2001-11-05 00:00:00-05:00,6.75,6.75,6.75,6.75,1167,0.0,0.0
2001-11-06 00:00:00-05:00,6.75,6.75,6.389999866485596,6.389999866485596,267,0.0,0.0
2001-11-07 00:00:00-05:00,6.389999866485596,6.389999866485596,6.389999866485596,6.389999866485596,67,0.0,0.0
2001-11-08 00:00:00-05:00,6.449999809265137,6.599999904632568,6.449999809265137,6.449999809265137,533,0.0,0.0
2001-11-09 00:00:00-05:00,6.449999809265137,6.449999809265137,6.449999809265137,6.449999809265137,100,0.0,0.0
2001-11-12 00:00:00-05:00,6.599999904632568,6.599999904632568,6.449999809265137,6.449999809265137,233,0.0,0.0
2001-11-13 00:00:00-05:00,6.75,6.75,6.75,6.75,167,0.0,0.0
2001-11-14 00:00:00-05:00,6.75,6.900000095367432,6.449999809265137,6.449999809265137,1500,0.0,0.0
2001-11-15 00:00:00-05:00,6.449999809265137,6.449999809265137,6.449999809265137,6.449999809265137,0,0.0,0.0
2001-11-16 00:00:00-05:00,6.449999809265137,6.449999809265137,6.449999809265137,6.449999809265137,33,0.0,0.0
2001-11-19 00:00:00-05:00,6.150000095367432,6.150000095367432,6.0,6.0,1233,0.0,0.0
2001-11-20 00:00:00-05:00,6.900000095367432,6.900000095367432,6.0,6.900000095367432,233,0.0,0.0
2001-11-21 00:00:00-05:00,6.0,6.75,6.0,6.75,133,0.0,0.0
2001-11-23 00:00:00-05:00,6.75,6.75,6.75,6.75,0,0.0,0.0
2001-11-26 00:00:00-05:00,6.0,6.0,6.0,6.0,333,0.0,0.0
2001-11-27 00:00:00-05:00,6.0,6.0,6.0,6.0,0,0.0,0.0
2001-11-28 00:00:00-05:00,6.75,6.900000095367432,6.449999809265137,6.449999809265137,1033,0.0,0.0
2001-11-29 00:00:00-05:00,6.75,6.75,6.75,6.75,667,0.0,0.0
2001-11-30 00:00:00-05:00,6.900000095367432,6.900000095367432,6.150000095367432,6.75,867,0.0,0.0
2001-12-03 00:00:00-05:00,6.75,6.75,6.75,6.75,0,0.0,0.0
2001-12-04 00:00:00-05:00,6.150000095367432,6.150000095367432,6.150000095367432,6.150000095367432,33,0.0,0.0
2001-12-05 00:00:00-05:00,6.150000095367432,6.150000095367432,6.150000095367432,6.150000095367432,500,0.0,0.0
2001-12-06 00:00:00-05:00,6.599999904632568,6.599999904632568,6.599999904632568,6.599999904632568,1100,0.0,0.0
2001-12-07 00:00:00-05:00,6.75,6.900000095367432,6.599999904632568,6.599999904632568,1233,0.0,0.0
2001-12-10 00:00:00-05:00,6.900000095367432,7.199999809265137,6.71999979019165,6.75,3400,0.0,0.0
2001-12-11 00:00:00-05:00,7.199999809265137,7.349999904632568,7.050000190734863,7.349999904632568,1300,0.0,0.0
2001-12-12 00:00:00-05:00,7.5,7.5,7.349999904632568,7.46999979019165,1967,0.0,0.0
2001-12-13 00:00:00-05:00,7.46999979019165,7.5,7.349999904632568,7.5,633,0.0,0.0
2001-12-14 00:00:00-05:00,7.46999979019165,7.5,7.380000114440918,7.380000114440918,133,0.0,0.0
2001-12-17 00:00:00-05:00,7.5,7.5,7.199999809265137,7.199999809265137,233,0.0,0.0
2001-12-18 00:00:00-05:00,7.199999809265137,7.199999809265137,7.199999809265137,7.199999809265137,0,0.0,0.0
2001-12-19 00:00:00-05:00,7.199999809265137,7.199999809265137,7.199999809265137,7.199999809265137,0,0.0,0.0
2001-12-20 00:00:00-05:00,7.199999809265137,7.199999809265137,7.199999809265137,7.199999809265137,0,0.0,0.0
2001-12-21 00:00:00-05:00,7.199999809265137,7.199999809265137,7.199999809265137,7.199999809265137,133,0.0,0.0
2001-12-24 00:00:00-05:00,7.199999809265137,7.199999809265137,7.199999809265137,7.199999809265137,0,0.0,0.0
2001-12-26 00:00:00-05:00,7.199999809265137,7.199999809265137,7.199999809265137,7.199999809265137,0,0.0,0.0
2001-12-27 00:00:00-05:00,7.230000019073486,7.230000019073486,7.199999809265137,7.199999809265137,67,0.0,0.0
2001-12-28 00:00:00-05:00,7.199999809265137,7.349999904632568,7.199999809265137,7.349999904632568,400,0.0,0.0
2001-12-31 00:00:00-05:00,7.440000057220459,7.440000057220459,7.199999809265137,7.199999809265137,333,0.0,0.0
2002-01-02 00:00:00-05:00,7.199999809265137,7.5,7.199999809265137,7.5,700,0.0,0.0
2002-01-03 00:00:00-05:00,7.199999809265137,7.199999809265137,7.199999809265137,7.199999809265137,733,0.0,0.0
2002-01-04 00:00:00-05:00,7.349999904632568,7.349999904632568,6.630000114440918,6.869999885559082,600,0.0,0.0
2002-01-07 00:00:00-05:00,7.320000171661377,9.0,7.199999809265137,8.699999809265137,4700,0.0,0.0
2002-01-08 00:00:00-05:00,9.149999618530273,9.75,7.800000190734863,8.010000228881836,7967,0.0,0.0
2002-01-09 00:00:00-05:00,8.9399995803833,9.0,8.039999961853027,9.0,3000,0.0,0.0
2002-01-10 00:00:00-05:00,8.9399995803833,8.9399995803833,8.699999809265137,8.699999809265137,1167,0.0,0.0
2002-01-11 00:00:00-05:00,8.699999809265137,8.699999809265137,7.800000190734863,8.25,1167,0.0,0.0
2002-01-14 00:00:00-05:00,7.5,8.970000267028809,7.5,8.970000267028809,700,0.0,0.0
2002-01-15 00:00:00-05:00,8.850000381469727,8.850000381469727,8.850000381469727,8.850000381469727,100,0.0,0.0
2002-01-16 00:00:00-05:00,8.850000381469727,8.850000381469727,8.850000381469727,8.850000381469727,0,0.0,0.0
2002-01-17 00:00:00-05:00,8.100000381469727,8.25,7.739999771118164,8.25,800,0.0,0.0
2002-01-18 00:00:00-05:00,8.100000381469727,8.100000381469727,7.739999771118164,7.739999771118164,200,0.0,0.0
2002-01-22 00:00:00-05:00,7.949999809265137,7.949999809265137,7.949999809265137,7.949999809265137,67,0.0,0.0
2002-01-23 00:00:00-05:00,7.920000076293945,7.920000076293945,7.679999828338623,7.710000038146973,767,0.0,0.0
2002-01-24 00:00:00-05:00,7.800000190734863,7.920000076293945,7.800000190734863,7.920000076293945,67,0.0,0.0
2002-01-25 00:00:00-05:00,7.860000133514404,7.949999809265137,7.860000133514404,7.949999809265137,100,0.0,0.0
2002-01-28 00:00:00-05:00,7.949999809265137,7.949999809265137,7.949999809265137,7.949999809265137,0,0.0,0.0
2002-01-29 00:00:00-05:00,7.920000076293945,7.949999809265137,7.800000190734863,7.800000190734863,300,0.0,0.0
2002-01-30 00:00:00-05:00,7.949999809265137,7.949999809265137,7.829999923706055,7.949999809265137,600,0.0,0.0
2002-01-31 00:00:00-05:00,7.949999809265137,7.949999809265137,7.949999809265137,7.949999809265137,367,0.0,0.0
2002-02-01 00:00:00-05:00,7.949999809265137,7.949999809265137,7.949999809265137,7.949999809265137,367,0.0,0.0
2002-02-04 00:00:00-05:00,8.25,8.34000015258789,8.25,8.34000015258789,767,0.0,0.0
2002-02-05 00:00:00-05:00,8.399999618530273,9.300000190734863,8.399999618530273,9.0,5000,0.0,0.0
2002-02-06 00:00:00-05:00,9.029999732971191,9.899999618530273,9.029999732971191,9.539999961853027,1633,0.0,0.0
2002-02-07 00:00:00-05:00,11.25,11.25,9.449999809265137,9.479999542236328,6533,0.0,0.0
2002-02-08 00:00:00-05:00,10.050000190734863,10.050000190734863,9.479999542236328,9.510000228881836,767,0.0,0.0
2002-02-11 00:00:00-05:00,9.300000190734863,10.470000267028809,8.279999732971191,9.359999656677246,2467,0.0,0.0
2002-02-12 00:00:00-05:00,9.300000190734863,9.300000190734863,9.300000190734863,9.300000190734863,633,0.0,0.0
2002-02-13 00:00:00-05:00,9.180000305175781,9.569999694824219,9.149999618530273,9.149999618530273,667,0.0,0.0
2002-02-14 00:00:00-05:00,9.600000381469727,9.600000381469727,8.90999984741211,9.0,1467,0.0,0.0
2002-02-15 00:00:00-05:00,9.149999618530273,9.149999618530273,9.149999618530273,9.149999618530273,33,0.0,0.0
2002-02-19 00:00:00-05:00,9.09000015258789,9.149999618530273,9.09000015258789,9.149999618530273,100,0.0,0.0
2002-02-20 00:00:00-05:00,9.0,9.0,8.699999809265137,8.699999809265137,933,0.0,0.0
2002-02-21 00:00:00-05:00,8.760000228881836,9.0,8.760000228881836,9.0,367,0.0,0.0
2002-02-22 00:00:00-05:00,8.90999984741211,9.0,8.90999984741211,8.970000267028809,333,0.0,0.0
2002-02-25 00:00:00-05:00,9.0,9.0,8.970000267028809,9.0,1100,0.0,0.0
2002-02-26 00:00:00-05:00,9.0,9.0,8.699999809265137,8.699999809265137,1167,0.0,0.0
2002-02-27 00:00:00-05:00,8.729999542236328,8.729999542236328,8.729999542236328,8.729999542236328,67,0.0,0.0
2002-02-28 00:00:00-05:00,9.180000305175781,9.300000190734863,8.819999694824219,8.819999694824219,167,0.0,0.0
2002-03-01 00:00:00-05:00,9.0,9.0,9.0,9.0,67,0.0,0.0
2002-03-04 00:00:00-05:00,9.149999618530273,9.300000190734863,8.850000381469727,8.850000381469727,667,0.0,0.0
2002-03-05 00:00:00-05:00,9.0,9.149999618530273,9.0,9.149999618530273,267,0.0,0.0
2002-03-06 00:00:00-05:00,9.0,9.0,9.0,9.0,33,0.0,0.0
2002-03-07 00:00:00-05:00,9.0,9.0,9.0,9.0,367,0.0,0.0
2002-03-08 00:00:00-05:00,8.789999961853027,8.789999961853027,8.789999961853027,8.789999961853027,67,0.0,0.0
2002-03-11 00:00:00-05:00,10.050000190734863,10.4399995803833,9.180000305175781,9.539999961853027,11733,0.0,0.0
2002-03-12 00:00:00-05:00,9.84000015258789,10.800000190734863,9.569999694824219,10.5600004196167,9300,0.0,0.0
2002-03-13 00:00:00-05:00,10.829999923706055,11.609999656677246,10.800000190734863,10.920000076293945,12000,0.0,0.0
2002-03-14 00:00:00-05:00,11.369999885559082,14.1899995803833,11.369999885559082,13.470000267028809,24367,0.0,0.0
2002-03-15 00:00:00-05:00,14.039999961853027,14.789999961853027,12.630000114440918,13.020000457763672,18867,0.0,0.0
2002-03-18 00:00:00-05:00,13.470000267028809,13.859999656677246,12.75,13.020000457763672,10900,0.0,0.0
2002-03-19 00:00:00-05:00,13.170000076293945,13.470000267028809,12.75,13.350000381469727,7000,0.0,0.0
2002-03-20 00:00:00-05:00,13.350000381469727,13.350000381469727,12.960000038146973,13.199999809265137,1867,0.0,0.0
2002-03-21 00:00:00-05:00,13.680000305175781,13.680000305175781,13.199999809265137,13.199999809265137,2500,0.0,0.0
2002-03-22 00:00:00-05:00,13.5,13.59000015258789,13.140000343322754,13.350000381469727,3133,0.0,0.0
2002-03-25 00:00:00-05:00,13.5600004196167,13.859999656677246,13.529999732971191,13.619999885559082,2967,0.0,0.0
2002-03-26 00:00:00-05:00,13.800000190734863,13.859999656677246,13.619999885559082,13.859999656677246,1233,0.0,0.0
2002-03-27 00:00:00-05:00,13.649999618530273,13.859999656677246,13.470000267028809,13.5,2267,0.0,0.0
2002-03-28 00:00:00-05:00,13.829999923706055,13.829999923706055,13.319999694824219,13.800000190734863,1200,0.0,0.0
2002-04-01 00:00:00-05:00,13.859999656677246,13.859999656677246,13.350000381469727,13.5,1500,0.0,0.0
2002-04-02 00:00:00-05:00,13.649999618530273,14.100000381469727,12.449999809265137,12.75,4500,0.0,0.0
2002-04-03 00:00:00-05:00,12.479999542236328,13.5600004196167,12.479999542236328,12.600000381469727,1233,0.0,0.0
2002-04-04 00:00:00-05:00,13.4399995803833,13.5,12.0600004196167,12.479999542236328,2900,0.0,0.0
2002-04-05 00:00:00-05:00,12.989999771118164,13.5,12.630000114440918,13.470000267028809,867,0.0,0.0
2002-04-08 00:00:00-04:00,13.40999984741211,13.5,13.40999984741211,13.470000267028809,867,0.0,0.0
2002-04-09 00:00:00-04:00,13.470000267028809,13.619999885559082,13.470000267028809,13.619999885559082,967,0.0,0.0
2002-04-10 00:00:00-04:00,13.59000015258789,13.800000190734863,13.470000267028809,13.649999618530273,1567,0.0,0.0
2002-04-11 00:00:00-04:00,13.829999923706055,13.829999923706055,13.649999618530273,13.739999771118164,800,0.0,0.0
2002-04-12 00:00:00-04:00,13.5,13.770000457763672,13.5,13.739999771118164,400,0.0,0.0
2002-04-15 00:00:00-04:00,13.829999923706055,14.100000381469727,13.260000228881836,13.260000228881836,667,0.0,0.0
2002-04-16 00:00:00-04:00,14.010000228881836,14.010000228881836,13.260000228881836,13.260000228881836,400,0.0,0.0
2002-04-17 00:00:00-04:00,13.260000228881836,14.100000381469727,13.199999809265137,14.069999694824219,1633,0.0,0.0
2002-04-18 00:00:00-04:00,14.670000076293945,14.850000381469727,14.279999732971191,14.819999694824219,2833,0.0,0.0
2002-04-19 00:00:00-04:00,14.819999694824219,15.0,14.789999961853027,14.850000381469727,5200,0.0,0.0
2002-04-22 00:00:00-04:00,14.9399995803833,15.600000381469727,14.850000381469727,15.300000190734863,5333,0.0,0.0
2002-04-23 00:00:00-04:00,15.300000190734863,15.6899995803833,15.300000190734863,15.65999984741211,3867,0.0,0.0
2002-04-24 00:00:00-04:00,15.65999984741211,15.75,15.300000190734863,15.65999984741211,1067,0.0,0.0
2002-04-25 00:00:00-04:00,15.6899995803833,15.720000267028809,15.300000190734863,15.300000190734863,933,0.0,0.0
2002-04-26 00:00:00-04:00,15.449999809265137,15.479999542236328,15.0,15.0,3167,0.0,0.0
2002-04-29 00:00:00-04:00,15.630000114440918,15.630000114440918,14.399999618530273,14.550000190734863,2467,0.0,0.0
2002-04-30 00:00:00-04:00,15.0,15.0,11.279999732971191,12.029999732971191,8667,0.0,0.0
2002-05-01 00:00:00-04:00,12.930000305175781,13.260000228881836,12.0600004196167,12.75,1767,0.0,0.0
2002-05-02 00:00:00-04:00,12.65999984741211,12.65999984741211,12.119999885559082,12.119999885559082,1233,0.0,0.0
2002-05-03 00:00:00-04:00,12.119999885559082,12.539999961853027,12.09000015258789,12.539999961853027,1600,0.0,0.0
2002-05-06 00:00:00-04:00,12.539999961853027,13.710000038146973,12.029999732971191,12.479999542236328,3500,0.0,0.0
2002-05-07 00:00:00-04:00,12.75,13.170000076293945,12.479999542236328,13.170000076293945,933,0.0,0.0
2002-05-08 00:00:00-04:00,12.449999809265137,13.020000457763672,11.850000381469727,11.880000114440918,2533,0.0,0.0
2002-05-09 00:00:00-04:00,12.600000381469727,12.779999732971191,12.300000190734863,12.75,1967,0.0,0.0
2002-05-10 00:00:00-04:00,12.329999923706055,12.75,12.329999923706055,12.75,100,0.0,0.0
2002-05-13 00:00:00-04:00,12.600000381469727,12.869999885559082,12.600000381469727,12.869999885559082,167,0.0,0.0
2002-05-14 00:00:00-04:00,12.75,12.75,12.75,12.75,267,0.0,0.0
2002-05-15 00:00:00-04:00,12.479999542236328,12.479999542236328,12.329999923706055,12.329999923706055,633,0.0,0.0
2002-05-16 00:00:00-04:00,12.449999809265137,12.449999809265137,12.449999809265137,12.449999809265137,233,0.0,0.0
2002-05-17 00:00:00-04:00,12.449999809265137,12.449999809265137,12.449999809265137,12.449999809265137,300,0.0,0.0
2002-05-20 00:00:00-04:00,12.75,12.75,12.75,12.75,67,0.0,0.0
2002-05-21 00:00:00-04:00,12.779999732971191,12.779999732971191,12.239999771118164,12.239999771118164,1467,0.0,0.0
2002-05-22 00:00:00-04:00,10.739999771118164,11.550000190734863,9.329999923706055,11.15999984741211,5800,0.0,0.0
2002-05-23 00:00:00-04:00,11.100000381469727,11.399999618530273,11.100000381469727,11.130000114440918,533,0.0,0.0
2002-05-24 00:00:00-04:00,11.760000228881836,12.75,11.550000190734863,11.550000190734863,1167,0.0,0.0
2002-05-28 00:00:00-04:00,12.75,12.75,11.579999923706055,11.609999656677246,367,0.0,0.0
2002-05-29 00:00:00-04:00,11.640000343322754,11.640000343322754,11.640000343322754,11.640000343322754,67,0.0,0.0
2002-05-30 00:00:00-04:00,11.640000343322754,11.640000343322754,11.640000343322754,11.640000343322754,0,0.0,0.0
2002-05-31 00:00:00-04:00,11.880000114440918,12.75,11.850000381469727,12.75,333,0.0,0.0
2002-06-03 00:00:00-04:00,12.75,12.75,12.0600004196167,12.0600004196167,133,0.0,0.0
2002-06-04 00:00:00-04:00,12.479999542236328,12.720000267028809,12.479999542236328,12.6899995803833,167,0.0,0.0
2002-06-05 00:00:00-04:00,12.720000267028809,12.720000267028809,10.4399995803833,10.4399995803833,2733,0.0,0.0
2002-06-06 00:00:00-04:00,10.4399995803833,11.220000267028809,10.4399995803833,10.800000190734863,967,0.0,0.0
2002-06-07 00:00:00-04:00,10.529999732971191,10.649999618530273,10.5,10.5,767,0.0,0.0
2002-06-10 00:00:00-04:00,10.140000343322754,10.140000343322754,10.140000343322754,10.140000343322754,67,0.0,0.0
2002-06-11 00:00:00-04:00,10.5,10.5,10.199999809265137,10.350000381469727,1067,0.0,0.0
2002-06-12 00:00:00-04:00,9.930000305175781,11.34000015258789,8.34000015258789,11.34000015258789,6567,0.0,0.0
2002-06-13 00:00:00-04:00,11.100000381469727,12.0,11.100000381469727,12.0,667,0.0,0.0
2002-06-14 00:00:00-04:00,11.100000381469727,12.300000190734863,11.100000381469727,12.300000190734863,400,0.0,0.0
2002-06-17 00:00:00-04:00,12.270000457763672,12.420000076293945,11.729999542236328,12.420000076293945,1333,0.0,0.0
2002-06-18 00:00:00-04:00,12.720000267028809,12.720000267028809,11.25,11.25,433,0.0,0.0
2002-06-19 00:00:00-04:00,10.829999923706055,11.90999984741211,10.829999923706055,11.90999984741211,267,0.0,0.0
2002-06-20 00:00:00-04:00,11.850000381469727,11.9399995803833,11.699999809265137,11.90999984741211,767,0.0,0.0
2002-06-21 00:00:00-04:00,11.699999809265137,11.699999809265137,11.369999885559082,11.369999885559082,100,0.0,0.0
2002-06-24 00:00:00-04:00,11.430000305175781,11.430000305175781,11.430000305175781,11.430000305175781,333,0.0,0.0
2002-06-25 00:00:00-04:00,11.399999618530273,11.550000190734863,11.369999885559082,11.550000190734863,767,0.0,0.0
2002-06-26 00:00:00-04:00,11.369999885559082,11.369999885559082,11.369999885559082,11.369999885559082,33,0.0,0.0
2002-06-27 00:00:00-04:00,11.369999885559082,11.369999885559082,11.369999885559082,11.369999885559082,0,0.0,0.0
2002-06-28 00:00:00-04:00,11.34000015258789,11.34000015258789,9.779999732971191,10.350000381469727,1333,0.0,0.0
2002-07-01 00:00:00-04:00,10.350000381469727,10.350000381469727,10.350000381469727,10.350000381469727,433,0.0,0.0
2002-07-02 00:00:00-04:00,10.260000228881836,11.34000015258789,8.520000457763672,10.800000190734863,1300,0.0,0.0
2002-07-03 00:00:00-04:00,9.75,9.75,8.369999885559082,9.6899995803833,1100,0.0,0.0
2002-07-05 00:00:00-04:00,8.550000190734863,8.970000267028809,8.100000381469727,8.970000267028809,800,0.0,0.0
2002-07-08 00:00:00-04:00,9.539999961853027,9.539999961853027,8.3100004196167,8.699999809265137,1033,0.0,0.0
2002-07-09 00:00:00-04:00,9.539999961853027,9.569999694824219,9.0,9.569999694824219,433,0.0,0.0
2002-07-10 00:00:00-04:00,9.569999694824219,9.569999694824219,9.569999694824219,9.569999694824219,0,0.0,0.0
2002-07-11 00:00:00-04:00,9.0600004196167,11.25,8.579999923706055,11.25,1733,0.0,0.0
2002-07-12 00:00:00-04:00,11.25,11.279999732971191,9.899999618530273,10.170000076293945,933,0.0,0.0
2002-07-15 00:00:00-04:00,9.930000305175781,9.930000305175781,9.539999961853027,9.539999961853027,400,0.0,0.0
2002-07-16 00:00:00-04:00,9.510000228881836,9.539999961853027,9.510000228881836,9.539999961853027,400,0.0,0.0
2002-07-17 00:00:00-04:00,9.359999656677246,9.359999656677246,9.329999923706055,9.359999656677246,967,0.0,0.0
2002-07-18 00:00:00-04:00,9.329999923706055,9.359999656677246,8.729999542236328,8.729999542236328,1033,0.0,0.0
2002-07-19 00:00:00-04:00,8.640000343322754,9.300000190734863,8.640000343322754,9.149999618530273,533,0.0,0.0
2002-07-22 00:00:00-04:00,9.300000190734863,9.300000190734863,8.640000343322754,8.640000343322754,1367,0.0,0.0
2002-07-23 00:00:00-04:00,8.789999961853027,8.90999984741211,8.729999542236328,8.850000381469727,900,0.0,0.0
2002-07-24 00:00:00-04:00,8.430000305175781,8.760000228881836,8.100000381469727,8.760000228881836,1567,0.0,0.0
2002-07-25 00:00:00-04:00,8.760000228881836,10.229999542236328,8.760000228881836,10.229999542236328,2400,0.0,0.0
2002-07-26 00:00:00-04:00,10.229999542236328,10.260000228881836,10.229999542236328,10.229999542236328,267,0.0,0.0
2002-07-29 00:00:00-04:00,10.5,10.5600004196167,9.600000381469727,10.4399995803833,467,0.0,0.0
2002-07-30 00:00:00-04:00,10.5600004196167,10.649999618530273,10.5600004196167,10.649999618530273,100,0.0,0.0
2002-07-31 00:00:00-04:00,9.630000114440918,10.619999885559082,9.630000114440918,10.619999885559082,167,0.0,0.0
2002-08-01 00:00:00-04:00,10.619999885559082,10.619999885559082,10.619999885559082,10.619999885559082,0,0.0,0.0
2002-08-02 00:00:00-04:00,10.619999885559082,10.619999885559082,10.619999885559082,10.619999885559082,0,0.0,0.0
2002-08-05 00:00:00-04:00,9.630000114440918,9.630000114440918,9.630000114440918,9.630000114440918,100,0.0,0.0
2002-08-06 00:00:00-04:00,9.630000114440918,10.649999618530273,9.630000114440918,10.5,567,0.0,0.0
2002-08-07 00:00:00-04:00,9.779999732971191,9.779999732971191,9.630000114440918,9.630000114440918,267,0.0,0.0
2002-08-08 00:00:00-04:00,9.630000114440918,9.630000114440918,9.630000114440918,9.630000114440918,0,0.0,0.0
2002-08-09 00:00:00-04:00,9.569999694824219,9.84000015258789,7.559999942779541,8.579999923706055,3833,0.0,0.0
2002-08-12 00:00:00-04:00,9.210000038146973,9.210000038146973,9.210000038146973,9.210000038146973,167,0.0,0.0
2002-08-13 00:00:00-04:00,9.75,9.75,9.239999771118164,9.300000190734863,167,0.0,0.0
2002-08-14 00:00:00-04:00,9.239999771118164,9.239999771118164,8.609999656677246,8.819999694824219,1000,0.0,0.0
2002-08-15 00:00:00-04:00,8.819999694824219,8.819999694824219,8.819999694824219,8.819999694824219,67,0.0,0.0
2002-08-16 00:00:00-04:00,8.430000305175781,8.819999694824219,8.399999618530273,8.399999618530273,1367,0.0,0.0
2002-08-19 00:00:00-04:00,8.819999694824219,8.819999694824219,8.579999923706055,8.579999923706055,1233,0.0,0.0
2002-08-20 00:00:00-04:00,8.430000305175781,8.430000305175781,8.279999732971191,8.279999732971191,133,0.0,0.0
2002-08-21 00:00:00-04:00,8.279999732971191,8.279999732971191,7.829999923706055,7.829999923706055,433,0.0,0.0
2002-08-22 00:00:00-04:00,8.699999809265137,8.699999809265137,8.699999809265137,8.699999809265137,400,0.0,0.0
2002-08-23 00:00:00-04:00,8.850000381469727,8.850000381469727,8.039999961853027,8.039999961853027,467,0.0,0.0
2002-08-26 00:00:00-04:00,8.850000381469727,8.850000381469727,8.819999694824219,8.819999694824219,567,0.0,0.0
2002-08-27 00:00:00-04:00,7.949999809265137,10.199999809265137,7.949999809265137,10.199999809265137,1200,0.0,0.0
2002-08-28 00:00:00-04:00,9.779999732971191,9.779999732971191,9.6899995803833,9.779999732971191,567,0.0,0.0
2002-08-29 00:00:00-04:00,9.779999732971191,9.779999732971191,9.779999732971191,9.779999732971191,0,0.0,0.0
2002-08-30 00:00:00-04:00,9.779999732971191,9.779999732971191,9.779999732971191,9.779999732971191,0,0.0,0.0
2002-09-03 00:00:00-04:00,9.09000015258789,9.09000015258789,9.09000015258789,9.09000015258789,33,0.0,0.0
2002-09-04 00:00:00-04:00,8.220000267028809,8.220000267028809,8.220000267028809,8.220000267028809,33,0.0,0.0
2002-09-05 00:00:00-04:00,8.220000267028809,8.220000267028809,8.220000267028809,8.220000267028809,0,0.0,0.0
2002-09-06 00:00:00-04:00,8.220000267028809,8.220000267028809,8.220000267028809,8.220000267028809,0,0.0,0.0
2002-09-09 00:00:00-04:00,8.3100004196167,8.550000190734863,8.3100004196167,8.550000190734863,700,0.0,0.0
2002-09-10 00:00:00-04:00,8.460000038146973,8.460000038146973,8.25,8.25,1333,0.0,0.0
2002-09-11 00:00:00-04:00,8.15999984741211,8.1899995803833,8.15999984741211,8.1899995803833,100,0.0,0.0
2002-09-12 00:00:00-04:00,8.1899995803833,8.1899995803833,8.1899995803833,8.1899995803833,0,0.0,0.0
2002-09-13 00:00:00-04:00,8.1899995803833,8.1899995803833,8.100000381469727,8.100000381469727,167,0.0,0.0
2002-09-16 00:00:00-04:00,8.1899995803833,8.1899995803833,8.1899995803833,8.1899995803833,67,0.0,0.0
2002-09-17 00:00:00-04:00,8.100000381469727,8.970000267028809,8.100000381469727,8.970000267028809,67,0.0,0.0
2002-09-18 00:00:00-04:00,8.550000190734863,8.579999923706055,8.550000190734863,8.579999923706055,200,0.0,0.0
2002-09-19 00:00:00-04:00,8.970000267028809,8.970000267028809,8.9399995803833,8.9399995803833,133,0.0,0.0
2002-09-20 00:00:00-04:00,8.9399995803833,8.9399995803833,8.9399995803833,8.9399995803833,0,0.0,0.0
2002-09-23 00:00:00-04:00,8.9399995803833,8.9399995803833,8.9399995803833,8.9399995803833,0,0.0,0.0
2002-09-24 00:00:00-04:00,8.130000114440918,8.130000114440918,8.130000114440918,8.130000114440918,367,0.0,0.0
2002-09-25 00:00:00-04:00,8.130000114440918,8.130000114440918,8.130000114440918,8.130000114440918,133,0.0,0.0
2002-09-26 00:00:00-04:00,7.800000190734863,7.800000190734863,7.800000190734863,7.800000190734863,33,0.0,0.0
2002-09-27 00:00:00-04:00,7.889999866485596,7.889999866485596,7.889999866485596,7.889999866485596,167,0.0,0.0
2002-09-30 00:00:00-04:00,8.100000381469727,8.100000381469727,8.100000381469727,8.100000381469727,100,0.0,0.0
2002-10-01 00:00:00-04:00,8.100000381469727,8.100000381469727,8.100000381469727,8.100000381469727,0,0.0,0.0
2002-10-02 00:00:00-04:00,8.15999984741211,8.1899995803833,6.03000020980835,7.349999904632568,3400,0.0,0.0
2002-10-03 00:00:00-04:00,7.260000228881836,7.260000228881836,6.900000095367432,6.900000095367432,567,0.0,0.0
2002-10-04 00:00:00-04:00,7.440000057220459,7.440000057220459,6.929999828338623,7.440000057220459,500,0.0,0.0
2002-10-07 00:00:00-04:00,7.440000057220459,8.579999923706055,7.440000057220459,8.520000457763672,1867,0.0,0.0
2002-10-08 00:00:00-04:00,8.25,8.25,7.019999980926514,7.019999980926514,533,0.0,0.0
2002-10-09 00:00:00-04:00,7.349999904632568,7.739999771118164,6.900000095367432,7.739999771118164,933,0.0,0.0
2002-10-10 00:00:00-04:00,7.019999980926514,7.019999980926514,6.989999771118164,6.989999771118164,333,0.0,0.0
2002-10-11 00:00:00-04:00,6.989999771118164,6.989999771118164,6.989999771118164,6.989999771118164,0,0.0,0.0
2002-10-14 00:00:00-04:00,7.110000133514404,7.110000133514404,7.079999923706055,7.079999923706055,200,0.0,0.0
2002-10-15 00:00:00-04:00,7.800000190734863,7.829999923706055,7.110000133514404,7.110000133514404,467,0.0,0.0
2002-10-16 00:00:00-04:00,7.230000019073486,8.399999618530273,7.230000019073486,8.399999618530273,167,0.0,0.0
2002-10-17 00:00:00-04:00,8.369999885559082,8.369999885559082,8.369999885559082,8.369999885559082,67,0.0,0.0
2002-10-18 00:00:00-04:00,8.15999984741211,8.15999984741211,8.15999984741211,8.15999984741211,33,0.0,0.0
2002-10-21 00:00:00-04:00,8.3100004196167,8.3100004196167,8.3100004196167,8.3100004196167,33,0.0,0.0
2002-10-22 00:00:00-04:00,8.3100004196167,8.3100004196167,8.3100004196167,8.3100004196167,0,0.0,0.0
2002-10-23 00:00:00-04:00,8.220000267028809,8.220000267028809,8.220000267028809,8.220000267028809,33,0.0,0.0
2002-10-24 00:00:00-04:00,7.349999904632568,7.380000114440918,7.349999904632568,7.380000114440918,1133,0.0,0.0
2002-10-25 00:00:00-04:00,7.380000114440918,7.380000114440918,7.380000114440918,7.380000114440918,100,0.0,0.0
2002-10-28 00:00:00-05:00,7.380000114440918,7.380000114440918,7.349999904632568,7.349999904632568,100,0.0,0.0
2002-10-29 00:00:00-05:00,7.650000095367432,7.650000095367432,7.349999904632568,7.349999904632568,67,0.0,0.0
2002-10-30 00:00:00-05:00,7.380000114440918,7.590000152587891,7.050000190734863,7.050000190734863,1067,0.0,0.0
2002-10-31 00:00:00-05:00,7.650000095367432,7.650000095367432,7.289999961853027,7.289999961853027,167,0.0,0.0
2002-11-01 00:00:00-05:00,7.46999979019165,7.889999866485596,7.46999979019165,7.5,333,0.0,0.0
2002-11-04 00:00:00-05:00,7.260000228881836,7.889999866485596,7.260000228881836,7.800000190734863,1967,0.0,0.0
2002-11-05 00:00:00-05:00,7.650000095367432,8.1899995803833,7.650000095367432,8.1899995803833,1133,0.0,0.0
2002-11-06 00:00:00-05:00,8.069999694824219,8.069999694824219,8.069999694824219,8.069999694824219,33,0.0,0.0
2002-11-07 00:00:00-05:00,8.220000267028809,8.220000267028809,8.220000267028809,8.220000267028809,33,0.0,0.0
2002-11-08 00:00:00-05:00,8.399999618530273,8.399999618530273,7.860000133514404,7.860000133514404,133,0.0,0.0
2002-11-11 00:00:00-05:00,7.829999923706055,8.34000015258789,7.829999923706055,8.34000015258789,100,0.0,0.0
2002-11-12 00:00:00-05:00,7.800000190734863,7.800000190734863,7.800000190734863,7.800000190734863,233,0.0,0.0
2002-11-13 00:00:00-05:00,7.800000190734863,7.800000190734863,7.800000190734863,7.800000190734863,33,0.0,0.0
2002-11-14 00:00:00-05:00,8.369999885559082,8.369999885559082,8.369999885559082,8.369999885559082,33,0.0,0.0
2002-11-15 00:00:00-05:00,7.800000190734863,8.069999694824219,7.170000076293945,7.199999809265137,833,0.0,0.0
2002-11-18 00:00:00-05:00,7.380000114440918,7.380000114440918,7.380000114440918,7.380000114440918,133,0.0,0.0
2002-11-19 00:00:00-05:00,7.380000114440918,7.46999979019165,7.050000190734863,7.440000057220459,2633,0.0,0.0
2002-11-20 00:00:00-05:00,7.079999923706055,7.079999923706055,7.079999923706055,7.079999923706055,133,0.0,0.0
2002-11-21 00:00:00-05:00,7.380000114440918,7.559999942779541,7.380000114440918,7.409999847412109,333,0.0,0.0
2002-11-22 00:00:00-05:00,7.829999923706055,8.279999732971191,7.829999923706055,8.100000381469727,233,0.0,0.0
2002-11-25 00:00:00-05:00,7.559999942779541,7.829999923706055,7.050000190734863,7.5,1300,0.0,0.0
2002-11-26 00:00:00-05:00,7.380000114440918,7.380000114440918,7.050000190734863,7.199999809265137,1900,0.0,0.0
2002-11-27 00:00:00-05:00,7.199999809265137,7.199999809265137,7.199999809265137,7.199999809265137,0,0.0,0.0
2002-11-29 00:00:00-05:00,7.860000133514404,7.889999866485596,7.860000133514404,7.889999866485596,100,0.0,0.0
2002-12-02 00:00:00-05:00,8.1899995803833,8.1899995803833,8.1899995803833,8.1899995803833,167,0.0,0.0
2002-12-03 00:00:00-05:00,7.949999809265137,8.25,7.860000133514404,7.860000133514404,300,0.0,0.0
2002-12-04 00:00:00-05:00,7.829999923706055,7.829999923706055,7.829999923706055,7.829999923706055,100,0.0,0.0
2002-12-05 00:00:00-05:00,7.829999923706055,7.829999923706055,7.289999961853027,7.289999961853027,367,0.0,0.0
2002-12-06 00:00:00-05:00,7.079999923706055,7.230000019073486,7.079999923706055,7.079999923706055,600,0.0,0.0
2002-12-09 00:00:00-05:00,7.110000133514404,7.230000019073486,7.110000133514404,7.230000019073486,233,0.0,0.0
2002-12-10 00:00:00-05:00,7.139999866485596,7.139999866485596,7.139999866485596,7.139999866485596,667,0.0,0.0
2002-12-11 00:00:00-05:00,7.139999866485596,7.139999866485596,7.139999866485596,7.139999866485596,600,0.0,0.0
2002-12-12 00:00:00-05:00,7.170000076293945,7.170000076293945,7.170000076293945,7.170000076293945,33,0.0,0.0
2002-12-13 00:00:00-05:00,7.170000076293945,7.170000076293945,7.170000076293945,7.170000076293945,0,0.0,0.0
2002-12-16 00:00:00-05:00,7.199999809265137,7.199999809265137,7.170000076293945,7.170000076293945,667,0.0,0.0
2002-12-17 00:00:00-05:00,7.139999866485596,7.199999809265137,7.050000190734863,7.199999809265137,1267,0.0,0.0
2002-12-18 00:00:00-05:00,7.199999809265137,7.199999809265137,7.199999809265137,7.199999809265137,0,0.0,0.0
2002-12-19 00:00:00-05:00,7.139999866485596,7.199999809265137,7.079999923706055,7.199999809265137,2000,0.0,0.0
2002-12-20 00:00:00-05:00,7.110000133514404,7.110000133514404,7.110000133514404,7.110000133514404,267,0.0,0.0
2002-12-23 00:00:00-05:00,7.46999979019165,7.46999979019165,7.46999979019165,7.46999979019165,33,0.0,0.0
2002-12-24 00:00:00-05:00,7.199999809265137,7.440000057220459,7.170000076293945,7.440000057220459,400,0.0,0.0
2002-12-26 00:00:00-05:00,7.139999866485596,7.139999866485596,7.139999866485596,7.139999866485596,267,0.0,0.0
2002-12-27 00:00:00-05:00,7.139999866485596,7.139999866485596,7.139999866485596,7.139999866485596,0,0.0,0.0
2002-12-30 00:00:00-05:00,7.110000133514404,7.139999866485596,7.110000133514404,7.110000133514404,933,0.0,0.0
2002-12-31 00:00:00-05:00,7.110000133514404,7.110000133514404,7.110000133514404,7.110000133514404,0,0.0,0.0
2003-01-02 00:00:00-05:00,7.46999979019165,7.46999979019165,7.110000133514404,7.110000133514404,100,0.0,0.0
2003-01-03 00:00:00-05:00,7.110000133514404,7.110000133514404,7.110000133514404,7.110000133514404,0,0.0,0.0
2003-01-06 00:00:00-05:00,7.139999866485596,7.139999866485596,7.079999923706055,7.079999923706055,267,0.0,0.0
2003-01-07 00:00:00-05:00,7.110000133514404,7.110000133514404,6.900000095367432,7.050000190734863,833,0.0,0.0
2003-01-08 00:00:00-05:00,7.019999980926514,7.110000133514404,6.989999771118164,7.110000133514404,600,0.0,0.0
2003-01-09 00:00:00-05:00,7.349999904632568,7.349999904632568,6.989999771118164,6.989999771118164,467,0.0,0.0
2003-01-10 00:00:00-05:00,7.289999961853027,7.320000171661377,7.289999961853027,7.320000171661377,333,0.0,0.0
2003-01-13 00:00:00-05:00,7.289999961853027,7.289999961853027,7.110000133514404,7.230000019073486,1533,0.0,0.0
2003-01-14 00:00:00-05:00,7.320000171661377,7.320000171661377,7.320000171661377,7.320000171661377,33,0.0,0.0
2003-01-15 00:00:00-05:00,7.320000171661377,7.349999904632568,7.320000171661377,7.349999904632568,100,0.0,0.0
2003-01-16 00:00:00-05:00,7.46999979019165,7.769999980926514,7.199999809265137,7.199999809265137,1100,0.0,0.0
2003-01-17 00:00:00-05:00,7.320000171661377,7.5,7.320000171661377,7.5,1033,0.0,0.0
2003-01-21 00:00:00-05:00,7.5,7.5,7.5,7.5,433,0.0,0.0
2003-01-22 00:00:00-05:00,7.050000190734863,7.650000095367432,6.929999828338623,7.650000095367432,1000,0.0,0.0
2003-01-23 00:00:00-05:00,7.650000095367432,7.650000095367432,7.650000095367432,7.650000095367432,0,0.0,0.0
2003-01-24 00:00:00-05:00,7.019999980926514,7.019999980926514,6.929999828338623,6.929999828338623,300,0.0,0.0
2003-01-27 00:00:00-05:00,7.289999961853027,7.320000171661377,7.289999961853027,7.320000171661377,233,0.0,0.0
2003-01-28 00:00:00-05:00,7.320000171661377,7.320000171661377,7.320000171661377,7.320000171661377,0,0.0,0.0
2003-01-29 00:00:00-05:00,6.960000038146973,7.349999904632568,6.960000038146973,7.349999904632568,233,0.0,0.0
2003-01-30 00:00:00-05:00,7.590000152587891,7.590000152587891,7.019999980926514,7.019999980926514,133,0.0,0.0
2003-01-31 00:00:00-05:00,7.349999904632568,7.349999904632568,7.349999904632568,7.349999904632568,433,0.0,0.0
2003-02-03 00:00:00-05:00,7.050000190734863,7.650000095367432,7.019999980926514,7.650000095367432,1733,0.0,0.0
2003-02-04 00:00:00-05:00,6.929999828338623,7.289999961853027,6.929999828338623,7.289999961853027,133,0.0,0.0
2003-02-05 00:00:00-05:00,7.289999961853027,7.289999961853027,7.289999961853027,7.289999961853027,0,0.0,0.0
2003-02-06 00:00:00-05:00,7.019999980926514,7.050000190734863,7.019999980926514,7.050000190734863,567,0.0,0.0
2003-02-07 00:00:00-05:00,7.050000190734863,7.050000190734863,6.989999771118164,7.050000190734863,2333,0.0,0.0
2003-02-10 00:00:00-05:00,7.199999809265137,7.199999809265137,6.960000038146973,6.989999771118164,2067,0.0,0.0
2003-02-11 00:00:00-05:00,6.900000095367432,6.929999828338623,6.900000095367432,6.929999828338623,533,0.0,0.0
2003-02-12 00:00:00-05:00,6.929999828338623,6.929999828338623,6.929999828338623,6.929999828338623,0,0.0,0.0
2003-02-13 00:00:00-05:00,6.900000095367432,6.929999828338623,6.420000076293945,6.420000076293945,867,0.0,0.0
2003-02-14 00:00:00-05:00,6.960000038146973,7.199999809265137,6.960000038146973,7.199999809265137,267,0.0,0.0
2003-02-18 00:00:00-05:00,7.199999809265137,7.710000038146973,7.199999809265137,7.710000038146973,4100,0.0,0.0
2003-02-19 00:00:00-05:00,7.46999979019165,7.650000095367432,7.349999904632568,7.349999904632568,1167,0.0,0.0
2003-02-20 00:00:00-05:00,7.260000228881836,7.769999980926514,6.900000095367432,7.769999980926514,900,0.0,0.0
2003-02-21 00:00:00-05:00,7.769999980926514,7.769999980926514,7.769999980926514,7.769999980926514,0,0.0,0.0
2003-02-24 00:00:00-05:00,7.769999980926514,7.800000190734863,7.5,7.800000190734863,4933,0.0,0.0
2003-02-25 00:00:00-05:00,7.860000133514404,7.980000019073486,7.860000133514404,7.980000019073486,633,0.0,0.0
2003-02-26 00:00:00-05:00,7.980000019073486,7.980000019073486,7.980000019073486,7.980000019073486,0,0.0,0.0
2003-02-27 00:00:00-05:00,7.980000019073486,7.980000019073486,7.980000019073486,7.980000019073486,0,0.0,0.0
2003-02-28 00:00:00-05:00,8.069999694824219,8.399999618530273,8.069999694824219,8.399999618530273,567,0.0,0.0
2003-03-03 00:00:00-05:00,8.15999984741211,8.15999984741211,8.15999984741211,8.15999984741211,33,0.0,0.0
2003-03-04 00:00:00-05:00,8.15999984741211,8.15999984741211,8.15999984741211,8.15999984741211,0,0.0,0.0
2003-03-05 00:00:00-05:00,8.15999984741211,8.15999984741211,8.15999984741211,8.15999984741211,133,0.0,0.0
2003-03-06 00:00:00-05:00,8.15999984741211,8.15999984741211,8.130000114440918,8.130000114440918,533,0.0,0.0
2003-03-07 00:00:00-05:00,8.130000114440918,8.130000114440918,8.130000114440918,8.130000114440918,0,0.0,0.0
2003-03-10 00:00:00-05:00,8.130000114440918,8.130000114440918,8.130000114440918,8.130000114440918,0,0.0,0.0
2003-03-11 00:00:00-05:00,8.1899995803833,8.1899995803833,8.1899995803833,8.1899995803833,67,0.0,0.0
2003-03-12 00:00:00-05:00,8.1899995803833,8.1899995803833,8.1899995803833,8.1899995803833,0,0.0,0.0
2003-03-13 00:00:00-05:00,8.25,8.25,8.25,8.25,33,0.0,0.0
2003-03-14 00:00:00-05:00,8.069999694824219,8.069999694824219,7.53000020980835,7.53000020980835,1000,0.0,0.0
2003-03-17 00:00:00-05:00,7.409999847412109,7.409999847412109,6.599999904632568,6.75,1200,0.0,0.0
2003-03-18 00:00:00-05:00,6.75,6.75,6.75,6.75,0,0.0,0.0
2003-03-19 00:00:00-05:00,6.75,6.75,6.75,6.75,0,0.0,0.0
2003-03-20 00:00:00-05:00,6.75,6.75,6.75,6.75,0,0.0,0.0
2003-03-21 00:00:00-05:00,6.960000038146973,6.960000038146973,6.960000038146973,6.960000038146973,100,0.0,0.0
2003-03-24 00:00:00-05:00,6.809999942779541,6.809999942779541,6.809999942779541,6.809999942779541,167,0.0,0.0
2003-03-25 00:00:00-05:00,6.809999942779541,6.809999942779541,6.809999942779541,6.809999942779541,0,0.0,0.0
2003-03-26 00:00:00-05:00,6.809999942779541,6.960000038146973,6.809999942779541,6.900000095367432,500,0.0,0.0
2003-03-27 00:00:00-05:00,6.960000038146973,8.399999618530273,6.900000095367432,8.399999618530273,667,0.0,0.0
2003-03-28 00:00:00-05:00,8.279999732971191,8.279999732971191,7.889999866485596,8.279999732971191,500,0.0,0.0
2003-03-31 00:00:00-05:00,8.15999984741211,8.15999984741211,8.15999984741211,8.15999984741211,133,0.0,0.0
2003-04-01 00:00:00-05:00,7.980000019073486,8.279999732971191,7.980000019073486,8.279999732971191,167,0.0,0.0
2003-04-02 00:00:00-05:00,8.279999732971191,8.279999732971191,8.100000381469727,8.100000381469727,900,0.0,0.0
2003-04-03 00:00:00-05:00,8.100000381469727,8.100000381469727,8.100000381469727,8.100000381469727,33,0.0,0.0
2003-04-04 00:00:00-05:00,8.100000381469727,8.100000381469727,8.100000381469727,8.100000381469727,67,0.0,0.0
2003-04-07 00:00:00-04:00,8.460000038146973,8.460000038146973,7.980000019073486,7.980000019073486,200,0.0,0.0
2003-04-08 00:00:00-04:00,8.279999732971191,8.430000305175781,8.279999732971191,8.279999732971191,567,0.0,0.0
2003-04-09 00:00:00-04:00,8.039999961853027,8.25,8.039999961853027,8.25,133,0.0,0.0
2003-04-10 00:00:00-04:00,8.25,8.25,8.25,8.25,0,0.0,0.0
2003-04-11 00:00:00-04:00,7.860000133514404,7.860000133514404,6.75,7.46999979019165,1200,0.0,0.0
2003-04-14 00:00:00-04:00,7.260000228881836,7.5,7.260000228881836,7.5,200,0.0,0.0
2003-04-15 00:00:00-04:00,7.5,7.5,7.5,7.5,0,0.0,0.0
2003-04-16 00:00:00-04:00,7.170000076293945,7.170000076293945,7.170000076293945,7.170000076293945,433,0.0,0.0
2003-04-17 00:00:00-04:00,7.230000019073486,7.230000019073486,7.199999809265137,7.199999809265137,533,0.0,0.0
2003-04-21 00:00:00-04:00,7.440000057220459,8.25,7.440000057220459,8.25,733,0.0,0.0
2003-04-22 00:00:00-04:00,8.369999885559082,8.520000457763672,8.369999885559082,8.489999771118164,400,0.0,0.0
2003-04-23 00:00:00-04:00,8.15999984741211,8.15999984741211,8.15999984741211,8.15999984741211,33,0.0,0.0
2003-04-24 00:00:00-04:00,7.199999809265137,7.199999809265137,7.199999809265137,7.199999809265137,33,0.0,0.0
2003-04-25 00:00:00-04:00,7.199999809265137,7.199999809265137,7.199999809265137,7.199999809265137,0,0.0,0.0
2003-04-28 00:00:00-04:00,7.260000228881836,7.559999942779541,7.260000228881836,7.559999942779541,833,0.0,0.0
2003-04-29 00:00:00-04:00,7.650000095367432,7.650000095367432,7.5,7.5,700,0.0,0.0
2003-04-30 00:00:00-04:00,7.5,7.5,7.5,7.5,0,0.0,0.0
2003-05-01 00:00:00-04:00,7.710000038146973,7.800000190734863,7.710000038146973,7.800000190734863,1167,0.0,0.0
2003-05-02 00:00:00-04:00,7.949999809265137,7.949999809265137,7.559999942779541,7.679999828338623,1733,0.0,0.0
2003-05-05 00:00:00-04:00,7.679999828338623,7.679999828338623,7.679999828338623,7.679999828338623,0,0.0,0.0
2003-05-06 00:00:00-04:00,7.5,7.5,7.5,7.5,33,0.0,0.0
2003-05-07 00:00:00-04:00,7.949999809265137,7.949999809265137,7.53000020980835,7.53000020980835,100,0.0,0.0
2003-05-08 00:00:00-04:00,7.860000133514404,7.860000133514404,7.860000133514404,7.860000133514404,367,0.0,0.0
2003-05-09 00:00:00-04:00,7.53000020980835,7.860000133514404,7.53000020980835,7.710000038146973,567,0.0,0.0
2003-05-12 00:00:00-04:00,7.53000020980835,7.710000038146973,7.199999809265137,7.710000038146973,1867,0.0,0.0
2003-05-13 00:00:00-04:00,7.710000038146973,7.710000038146973,7.710000038146973,7.710000038146973,0,0.0,0.0
2003-05-14 00:00:00-04:00,7.710000038146973,7.710000038146973,7.710000038146973,7.710000038146973,0,0.0,0.0
2003-05-15 00:00:00-04:00,7.5,7.5,6.75,7.199999809265137,700,0.0,0.0
2003-05-16 00:00:00-04:00,7.5,7.5,7.5,7.5,267,0.0,0.0
2003-05-19 00:00:00-04:00,7.710000038146973,7.800000190734863,7.710000038146973,7.800000190734863,67,0.0,0.0
2003-05-20 00:00:00-04:00,7.409999847412109,7.409999847412109,7.170000076293945,7.170000076293945,133,0.0,0.0
2003-05-21 00:00:00-04:00,7.199999809265137,7.199999809265137,7.199999809265137,7.199999809265137,200,0.0,0.0
2003-05-22 00:00:00-04:00,7.5,7.710000038146973,7.349999904632568,7.710000038146973,433,0.0,0.0
2003-05-23 00:00:00-04:00,7.710000038146973,7.710000038146973,7.710000038146973,7.710000038146973,0,0.0,0.0
2003-05-27 00:00:00-04:00,7.710000038146973,7.710000038146973,7.710000038146973,7.710000038146973,0,0.0,0.0
2003-05-28 00:00:00-04:00,7.409999847412109,7.710000038146973,7.409999847412109,7.710000038146973,133,0.0,0.0
2003-05-29 00:00:00-04:00,7.679999828338623,7.679999828338623,7.679999828338623,7.679999828338623,333,0.0,0.0
2003-05-30 00:00:00-04:00,7.5,7.5,7.260000228881836,7.289999961853027,433,0.0,0.0
2003-06-02 00:00:00-04:00,7.710000038146973,7.710000038146973,7.409999847412109,7.409999847412109,100,0.0,0.0
2003-06-03 00:00:00-04:00,7.5,7.5,7.5,7.5,100,0.0,0.0
2003-06-04 00:00:00-04:00,7.5,7.5,7.5,7.5,0,0.0,0.0
2003-06-05 00:00:00-04:00,7.260000228881836,7.5,7.199999809265137,7.199999809265137,233,0.0,0.0
2003-06-06 00:00:00-04:00,7.199999809265137,7.5,7.199999809265137,7.5,100,0.0,0.0
2003-06-09 00:00:00-04:00,7.5,7.5,7.5,7.5,0,0.0,0.0
2003-06-10 00:00:00-04:00,7.5,7.5,7.5,7.5,0,0.0,0.0
2003-06-11 00:00:00-04:00,7.199999809265137,7.199999809265137,7.139999866485596,7.139999866485596,300,0.0,0.0
2003-06-12 00:00:00-04:00,7.5,7.5,7.139999866485596,7.139999866485596,133,0.0,0.0
2003-06-13 00:00:00-04:00,7.139999866485596,7.199999809265137,7.079999923706055,7.079999923706055,400,0.0,0.0
2003-06-16 00:00:00-04:00,7.079999923706055,7.079999923706055,7.079999923706055,7.079999923706055,0,0.0,0.0
2003-06-17 00:00:00-04:00,7.440000057220459,7.440000057220459,7.079999923706055,7.079999923706055,67,0.0,0.0
2003-06-18 00:00:00-04:00,6.960000038146973,6.960000038146973,6.960000038146973,6.960000038146973,33,0.0,0.0
2003-06-19 00:00:00-04:00,6.960000038146973,7.289999961853027,6.960000038146973,6.989999771118164,200,0.0,0.0
2003-06-20 00:00:00-04:00,7.260000228881836,7.260000228881836,7.260000228881836,7.260000228881836,33,0.0,0.0
2003-06-23 00:00:00-04:00,7.320000171661377,7.320000171661377,7.320000171661377,7.320000171661377,67,0.0,0.0
2003-06-24 00:00:00-04:00,6.929999828338623,6.929999828338623,6.929999828338623,6.929999828338623,233,0.0,0.0
2003-06-25 00:00:00-04:00,6.900000095367432,6.900000095367432,6.900000095367432,6.900000095367432,33,0.0,0.0
2003-06-26 00:00:00-04:00,6.900000095367432,6.900000095367432,6.900000095367432,6.900000095367432,0,0.0,0.0
2003-06-27 00:00:00-04:00,6.900000095367432,6.900000095367432,6.900000095367432,6.900000095367432,0,0.0,0.0
2003-06-30 00:00:00-04:00,6.900000095367432,6.900000095367432,6.900000095367432,6.900000095367432,0,0.0,0.0
2003-07-01 00:00:00-04:00,6.900000095367432,6.900000095367432,6.900000095367432,6.900000095367432,0,0.0,0.0
2003-07-02 00:00:00-04:00,7.079999923706055,7.079999923706055,7.079999923706055,7.079999923706055,33,0.0,0.0
2003-07-03 00:00:00-04:00,6.900000095367432,7.110000133514404,6.900000095367432,7.110000133514404,733,0.0,0.0
2003-07-07 00:00:00-04:00,7.110000133514404,7.110000133514404,7.110000133514404,7.110000133514404,0,0.0,0.0
2003-07-08 00:00:00-04:00,6.900000095367432,6.900000095367432,6.900000095367432,6.900000095367432,133,0.0,0.0
2003-07-09 00:00:00-04:00,6.900000095367432,6.900000095367432,6.900000095367432,6.900000095367432,0,0.0,0.0
2003-07-10 00:00:00-04:00,7.199999809265137,7.5,6.900000095367432,7.5,1033,0.0,0.0
2003-07-11 00:00:00-04:00,7.5,8.460000038146973,7.5,8.460000038146973,2833,0.0,0.0
2003-07-14 00:00:00-04:00,8.399999618530273,9.329999923706055,8.25,8.9399995803833,10100,0.0,0.0
2003-07-15 00:00:00-04:00,9.149999618530273,11.069999694824219,9.0,9.75,4800,0.0,0.0
2003-07-16 00:00:00-04:00,9.899999618530273,11.1899995803833,9.600000381469727,10.050000190734863,8133,0.0,0.0
2003-07-17 00:00:00-04:00,10.350000381469727,10.5,9.899999618530273,10.020000457763672,3000,0.0,0.0
2003-07-18 00:00:00-04:00,10.40999984741211,11.579999923706055,9.899999618530273,10.199999809265137,3300,0.0,0.0
2003-07-21 00:00:00-04:00,10.680000305175781,10.680000305175781,9.899999618530273,10.380000114440918,2033,0.0,0.0
2003-07-22 00:00:00-04:00,10.770000457763672,10.770000457763672,10.050000190734863,10.380000114440918,3633,0.0,0.0
2003-07-23 00:00:00-04:00,10.319999694824219,10.649999618530273,10.319999694824219,10.649999618530273,1367,0.0,0.0
2003-07-24 00:00:00-04:00,10.680000305175781,12.119999885559082,10.619999885559082,11.25,6233,0.0,0.0
2003-07-25 00:00:00-04:00,11.25,12.0,10.5,11.970000267028809,3867,0.0,0.0
2003-07-28 00:00:00-04:00,11.850000381469727,12.300000190734863,10.5600004196167,12.0,2467,0.0,0.0
2003-07-29 00:00:00-04:00,12.0,12.300000190734863,11.670000076293945,12.0,4333,0.0,0.0
2003-07-30 00:00:00-04:00,11.279999732971191,12.210000038146973,11.279999732971191,12.0,3833,0.0,0.0
2003-07-31 00:00:00-04:00,12.0,12.270000457763672,12.0,12.0,3667,0.0,0.0
2003-08-01 00:00:00-04:00,12.149999618530273,12.84000015258789,12.149999618530273,12.75,9967,0.0,0.0
2003-08-04 00:00:00-04:00,12.239999771118164,12.75,12.0,12.75,1567,0.0,0.0
2003-08-05 00:00:00-04:00,12.510000228881836,13.5600004196167,12.420000076293945,13.5600004196167,5633,0.0,0.0
2003-08-06 00:00:00-04:00,13.350000381469727,13.529999732971191,11.90999984741211,13.350000381469727,2700,0.0,0.0
2003-08-07 00:00:00-04:00,12.65999984741211,12.6899995803833,12.0,12.6899995803833,800,0.0,0.0
2003-08-08 00:00:00-04:00,12.6899995803833,12.6899995803833,12.6899995803833,12.6899995803833,100,0.0,0.0
2003-08-11 00:00:00-04:00,11.90999984741211,12.390000343322754,11.90999984741211,12.390000343322754,133,0.0,0.0
2003-08-12 00:00:00-04:00,11.880000114440918,12.75,11.880000114440918,12.75,1867,0.0,0.0
2003-08-13 00:00:00-04:00,12.75,12.75,12.600000381469727,12.600000381469727,1100,0.0,0.0
2003-08-14 00:00:00-04:00,12.75,12.899999618530273,12.75,12.899999618530273,1800,0.0,0.0
2003-08-15 00:00:00-04:00,12.300000190734863,12.869999885559082,12.300000190734863,12.869999885559082,733,0.0,0.0
2003-08-18 00:00:00-04:00,10.40999984741211,11.970000267028809,10.40999984741211,11.970000267028809,2200,0.0,0.0
2003-08-19 00:00:00-04:00,11.9399995803833,12.0,11.9399995803833,12.0,2000,0.0,0.0
2003-08-20 00:00:00-04:00,11.279999732971191,12.0,11.130000114440918,11.729999542236328,4967,0.0,0.0
2003-08-21 00:00:00-04:00,11.789999961853027,11.789999961853027,11.130000114440918,11.34000015258789,1700,0.0,0.0
2003-08-22 00:00:00-04:00,11.399999618530273,11.399999618530273,11.010000228881836,11.15999984741211,1067,0.0,0.0
2003-08-25 00:00:00-04:00,10.949999809265137,11.100000381469727,10.800000190734863,10.800000190734863,433,0.0,0.0
2003-08-26 00:00:00-04:00,10.770000457763672,10.770000457763672,10.770000457763672,10.770000457763672,33,0.0,0.0
2003-08-27 00:00:00-04:00,10.649999618530273,10.680000305175781,9.779999732971191,9.8100004196167,3267,0.0,0.0
2003-08-28 00:00:00-04:00,10.079999923706055,10.319999694824219,10.079999923706055,10.319999694824219,133,0.0,0.0
2003-08-29 00:00:00-04:00,10.289999961853027,10.5,9.75,9.930000305175781,1967,0.0,0.0
2003-09-02 00:00:00-04:00,10.350000381469727,13.5,10.350000381469727,10.649999618530273,2933,0.0,0.0
2003-09-03 00:00:00-04:00,10.5600004196167,11.100000381469727,10.5,10.5,1100,0.0,0.0
2003-09-04 00:00:00-04:00,10.859999656677246,10.859999656677246,9.779999732971191,9.779999732971191,700,0.0,0.0
2003-09-05 00:00:00-04:00,10.470000267028809,10.5600004196167,9.8100004196167,10.5600004196167,367,0.0,0.0
2003-09-08 00:00:00-04:00,10.170000076293945,10.170000076293945,9.869999885559082,9.899999618530273,200,0.0,0.0
2003-09-09 00:00:00-04:00,10.649999618530273,10.649999618530273,9.899999618530273,10.350000381469727,700,0.0,0.0
2003-09-10 00:00:00-04:00,10.649999618530273,10.649999618530273,9.779999732971191,9.779999732971191,3467,0.0,0.0
2003-09-11 00:00:00-04:00,10.079999923706055,10.170000076293945,9.899999618530273,10.170000076293945,567,0.0,0.0
2003-09-12 00:00:00-04:00,10.619999885559082,10.649999618530273,10.619999885559082,10.649999618530273,333,0.0,0.0
2003-09-15 00:00:00-04:00,10.5,10.5,10.5,10.5,167,0.0,0.0
2003-09-16 00:00:00-04:00,10.739999771118164,11.640000343322754,10.710000038146973,11.640000343322754,467,0.0,0.0
2003-09-17 00:00:00-04:00,12.0,12.09000015258789,11.100000381469727,11.369999885559082,3000,0.0,0.0
2003-09-18 00:00:00-04:00,11.399999618530273,11.550000190734863,11.010000228881836,11.550000190734863,900,0.0,0.0
2003-09-19 00:00:00-04:00,11.789999961853027,11.880000114440918,11.789999961853027,11.880000114440918,167,0.0,0.0
2003-09-22 00:00:00-04:00,11.880000114440918,11.880000114440918,11.880000114440918,11.880000114440918,0,0.0,0.0
2003-09-23 00:00:00-04:00,11.550000190734863,11.550000190734863,11.399999618530273,11.399999618530273,300,0.0,0.0
2003-09-24 00:00:00-04:00,11.579999923706055,11.579999923706055,11.1899995803833,11.369999885559082,433,0.0,0.0
2003-09-25 00:00:00-04:00,11.550000190734863,11.550000190734863,10.829999923706055,11.279999732971191,1400,0.0,0.0
2003-09-26 00:00:00-04:00,11.25,11.279999732971191,11.220000267028809,11.279999732971191,667,0.0,0.0
2003-09-29 00:00:00-04:00,10.529999732971191,11.550000190734863,10.529999732971191,11.550000190734863,667,0.0,0.0
2003-09-30 00:00:00-04:00,10.5,11.34000015258789,10.5,10.800000190734863,1033,0.0,0.0
2003-10-01 00:00:00-04:00,11.1899995803833,11.25,11.1899995803833,11.25,300,0.0,0.0
2003-10-02 00:00:00-04:00,10.649999618530273,10.649999618530273,10.649999618530273,10.649999618530273,100,0.0,0.0
2003-10-03 00:00:00-04:00,10.859999656677246,10.859999656677246,10.649999618530273,10.649999618530273,333,0.0,0.0
2003-10-06 00:00:00-04:00,10.680000305175781,10.680000305175781,10.680000305175781,10.680000305175781,167,0.0,0.0
2003-10-07 00:00:00-04:00,10.829999923706055,10.859999656677246,10.829999923706055,10.859999656677246,667,0.0,0.0
2003-10-08 00:00:00-04:00,10.829999923706055,11.550000190734863,10.829999923706055,11.550000190734863,533,0.0,0.0
2003-10-09 00:00:00-04:00,11.579999923706055,11.640000343322754,11.3100004196167,11.640000343322754,433,0.0,0.0
2003-10-10 00:00:00-04:00,11.699999809265137,12.0,11.699999809265137,11.729999542236328,1100,0.0,0.0
2003-10-13 00:00:00-04:00,11.729999542236328,11.760000228881836,11.130000114440918,11.25,500,0.0,0.0
2003-10-14 00:00:00-04:00,11.399999618530273,11.399999618530273,10.649999618530273,11.369999885559082,433,0.0,0.0
2003-10-15 00:00:00-04:00,11.729999542236328,11.729999542236328,11.699999809265137,11.699999809265137,100,0.0,0.0
2003-10-16 00:00:00-04:00,10.829999923706055,10.829999923706055,10.829999923706055,10.829999923706055,33,0.0,0.0
2003-10-17 00:00:00-04:00,11.100000381469727,11.220000267028809,11.100000381469727,11.220000267028809,200,0.0,0.0
2003-10-20 00:00:00-04:00,11.010000228881836,11.010000228881836,10.949999809265137,10.949999809265137,367,0.0,0.0
2003-10-21 00:00:00-04:00,11.15999984741211,11.15999984741211,10.979999542236328,10.979999542236328,133,0.0,0.0
2003-10-22 00:00:00-04:00,11.100000381469727,11.100000381469727,11.100000381469727,11.100000381469727,67,0.0,0.0
2003-10-23 00:00:00-04:00,11.15999984741211,11.850000381469727,11.15999984741211,11.850000381469727,1033,0.0,0.0
2003-10-24 00:00:00-04:00,12.0,12.0,11.130000114440918,11.130000114440918,633,0.0,0.0
2003-10-27 00:00:00-05:00,11.550000190734863,11.640000343322754,11.550000190734863,11.640000343322754,267,0.0,0.0
2003-10-28 00:00:00-05:00,11.640000343322754,11.640000343322754,11.640000343322754,11.640000343322754,0,0.0,0.0
2003-10-29 00:00:00-05:00,11.25,11.25,11.25,11.25,67,0.0,0.0
2003-10-30 00:00:00-05:00,11.25,11.25,11.010000228881836,11.010000228881836,133,0.0,0.0
2003-10-31 00:00:00-05:00,10.979999542236328,11.100000381469727,10.649999618530273,11.010000228881836,2300,0.0,0.0
2003-11-03 00:00:00-05:00,11.010000228881836,11.010000228881836,10.680000305175781,10.680000305175781,333,0.0,0.0
2003-11-04 00:00:00-05:00,10.5,10.680000305175781,10.5,10.680000305175781,200,0.0,0.0
2003-11-05 00:00:00-05:00,10.710000038146973,10.710000038146973,10.680000305175781,10.680000305175781,333,0.0,0.0
2003-11-06 00:00:00-05:00,10.680000305175781,10.680000305175781,10.680000305175781,10.680000305175781,100,0.0,0.0
2003-11-07 00:00:00-05:00,11.100000381469727,11.100000381469727,10.710000038146973,11.100000381469727,800,0.0,0.0
2003-11-10 00:00:00-05:00,10.920000076293945,11.550000190734863,10.649999618530273,11.520000457763672,867,0.0,0.0
2003-11-11 00:00:00-05:00,11.550000190734863,11.550000190734863,10.920000076293945,11.399999618530273,700,0.0,0.0
2003-11-12 00:00:00-05:00,11.399999618530273,11.550000190734863,11.399999618530273,11.399999618530273,567,0.0,0.0
2003-11-13 00:00:00-05:00,11.25,11.850000381469727,11.25,11.520000457763672,1033,0.0,0.0
2003-11-14 00:00:00-05:00,11.1899995803833,11.550000190734863,11.1899995803833,11.550000190734863,267,0.0,0.0
2003-11-17 00:00:00-05:00,11.1899995803833,11.25,11.1899995803833,11.25,167,0.0,0.0
2003-11-18 00:00:00-05:00,10.800000190734863,11.3100004196167,10.800000190734863,10.859999656677246,300,0.0,0.0
2003-11-19 00:00:00-05:00,10.829999923706055,10.829999923706055,10.829999923706055,10.829999923706055,467,0.0,0.0
2003-11-20 00:00:00-05:00,11.100000381469727,11.579999923706055,11.100000381469727,11.579999923706055,1267,0.0,0.0
2003-11-21 00:00:00-05:00,11.100000381469727,11.729999542236328,11.100000381469727,11.729999542236328,367,0.0,0.0
2003-11-24 00:00:00-05:00,11.729999542236328,11.819999694824219,11.100000381469727,11.819999694824219,500,0.0,0.0
2003-11-25 00:00:00-05:00,11.789999961853027,11.9399995803833,11.789999961853027,11.9399995803833,533,0.0,0.0
2003-11-26 00:00:00-05:00,11.970000267028809,11.970000267028809,11.970000267028809,11.970000267028809,333,0.0,0.0
2003-11-28 00:00:00-05:00,11.970000267028809,11.970000267028809,11.970000267028809,11.970000267028809,0,0.0,0.0
2003-12-01 00:00:00-05:00,11.699999809265137,12.0,11.699999809265137,12.0,67,0.0,0.0
2003-12-02 00:00:00-05:00,12.0,12.0,11.579999923706055,11.579999923706055,633,0.0,0.0
2003-12-03 00:00:00-05:00,11.3100004196167,12.0,11.3100004196167,11.699999809265137,867,0.0,0.0
2003-12-04 00:00:00-05:00,11.970000267028809,11.970000267028809,11.25,11.699999809265137,2333,0.0,0.0
2003-12-05 00:00:00-05:00,11.819999694824219,11.850000381469727,11.819999694824219,11.850000381469727,233,0.0,0.0
2003-12-08 00:00:00-05:00,10.710000038146973,11.279999732971191,10.710000038146973,11.279999732971191,367,0.0,0.0
2003-12-09 00:00:00-05:00,11.25,11.25,11.25,11.25,67,0.0,0.0
2003-12-10 00:00:00-05:00,11.25,11.25,11.25,11.25,133,0.0,0.0
2003-12-11 00:00:00-05:00,11.25,11.399999618530273,11.25,11.399999618530273,333,0.0,0.0
2003-12-12 00:00:00-05:00,11.399999618530273,11.399999618530273,11.399999618530273,11.399999618530273,0,0.0,0.0
2003-12-15 00:00:00-05:00,12.0,12.0,11.010000228881836,11.550000190734863,267,0.0,0.0
2003-12-16 00:00:00-05:00,11.550000190734863,11.550000190734863,11.550000190734863,11.550000190734863,0,0.0,0.0
2003-12-17 00:00:00-05:00,11.279999732971191,11.399999618530273,10.710000038146973,11.399999618530273,567,0.0,0.0
2003-12-18 00:00:00-05:00,11.399999618530273,11.399999618530273,11.399999618530273,11.399999618530273,0,0.0,0.0
2003-12-19 00:00:00-05:00,11.010000228881836,11.010000228881836,10.979999542236328,10.979999542236328,533,0.0,0.0
2003-12-22 00:00:00-05:00,11.520000457763672,11.850000381469727,10.949999809265137,11.850000381469727,867,0.0,0.0
2003-12-23 00:00:00-05:00,11.850000381469727,11.850000381469727,11.850000381469727,11.850000381469727,0,0.0,0.0
2003-12-24 00:00:00-05:00,11.069999694824219,11.069999694824219,10.680000305175781,10.680000305175781,467,0.0,0.0
2003-12-26 00:00:00-05:00,10.529999732971191,11.34000015258789,10.529999732971191,10.680000305175781,433,0.0,0.0
2003-12-29 00:00:00-05:00,11.34000015258789,11.850000381469727,10.859999656677246,11.850000381469727,3400,0.0,0.0
2003-12-30 00:00:00-05:00,12.0,12.0,11.579999923706055,12.0,3300,0.0,0.0
2003-12-31 00:00:00-05:00,12.0,12.0,11.670000076293945,12.0,2400,0.0,0.0
2004-01-02 00:00:00-05:00,12.0,12.0,11.880000114440918,12.0,1467,0.0,0.0
2004-01-05 00:00:00-05:00,12.0,12.0,11.699999809265137,11.699999809265137,1233,0.0,0.0
2004-01-06 00:00:00-05:00,11.34000015258789,12.0,10.710000038146973,10.710000038146973,900,0.0,0.0
2004-01-07 00:00:00-05:00,10.710000038146973,11.729999542236328,10.649999618530273,11.729999542236328,400,0.0,0.0
2004-01-08 00:00:00-05:00,11.729999542236328,11.729999542236328,11.729999542236328,11.729999542236328,0,0.0,0.0
2004-01-09 00:00:00-05:00,11.15999984741211,11.15999984741211,10.710000038146973,10.859999656677246,500,0.0,0.0
2004-01-12 00:00:00-05:00,11.039999961853027,11.039999961853027,11.039999961853027,11.039999961853027,67,0.0,0.0
2004-01-13 00:00:00-05:00,10.979999542236328,11.3100004196167,10.710000038146973,10.710000038146973,1300,0.0,0.0
2004-01-14 00:00:00-05:00,11.460000038146973,11.460000038146973,10.680000305175781,10.680000305175781,1533,0.0,0.0
2004-01-15 00:00:00-05:00,10.710000038146973,10.710000038146973,10.649999618530273,10.649999618530273,900,0.0,0.0
2004-01-16 00:00:00-05:00,10.649999618530273,10.649999618530273,10.380000114440918,10.380000114440918,533,0.0,0.0
2004-01-20 00:00:00-05:00,10.470000267028809,11.760000228881836,10.470000267028809,10.529999732971191,2167,0.0,0.0
2004-01-21 00:00:00-05:00,11.220000267028809,11.220000267028809,9.960000038146973,9.960000038146973,767,0.0,0.0
2004-01-22 00:00:00-05:00,10.770000457763672,10.770000457763672,9.899999618530273,10.229999542236328,1700,0.0,0.0
2004-01-23 00:00:00-05:00,10.229999542236328,10.229999542236328,10.229999542236328,10.229999542236328,0,0.0,0.0
2004-01-26 00:00:00-05:00,9.930000305175781,9.930000305175781,9.930000305175781,9.930000305175781,233,0.0,0.0
2004-01-27 00:00:00-05:00,9.779999732971191,10.140000343322754,9.779999732971191,10.109999656677246,767,0.0,0.0
2004-01-28 00:00:00-05:00,10.260000228881836,10.260000228881836,9.899999618530273,9.899999618530273,433,0.0,0.0
2004-01-29 00:00:00-05:00,9.899999618530273,9.899999618530273,9.899999618530273,9.899999618530273,133,0.0,0.0
2004-01-30 00:00:00-05:00,9.779999732971191,10.229999542236328,9.779999732971191,9.779999732971191,267,0.0,0.0
2004-02-02 00:00:00-05:00,9.779999732971191,9.779999732971191,9.779999732971191,9.779999732971191,0,0.0,0.0
2004-02-03 00:00:00-05:00,9.449999809265137,9.449999809265137,7.860000133514404,8.970000267028809,700,0.0,0.0
2004-02-04 00:00:00-05:00,9.300000190734863,9.300000190734863,8.1899995803833,8.9399995803833,600,0.0,0.0
2004-02-05 00:00:00-05:00,8.729999542236328,8.729999542236328,8.729999542236328,8.729999542236328,67,0.0,0.0
2004-02-06 00:00:00-05:00,9.300000190734863,9.300000190734863,8.670000076293945,8.670000076293945,233,0.0,0.0
2004-02-09 00:00:00-05:00,8.670000076293945,8.670000076293945,8.670000076293945,8.670000076293945,0,0.0,0.0
2004-02-10 00:00:00-05:00,8.970000267028809,8.970000267028809,8.369999885559082,8.489999771118164,967,0.0,0.0
2004-02-11 00:00:00-05:00,8.970000267028809,10.050000190734863,8.3100004196167,9.0,1500,0.0,0.0
2004-02-12 00:00:00-05:00,9.720000267028809,9.720000267028809,9.029999732971191,9.029999732971191,67,0.0,0.0
2004-02-13 00:00:00-05:00,8.399999618530273,9.569999694824219,8.399999618530273,8.729999542236328,333,0.0,0.0
2004-02-17 00:00:00-05:00,9.239999771118164,10.380000114440918,8.430000305175781,9.449999809265137,1200,0.0,0.0
2004-02-18 00:00:00-05:00,9.600000381469727,9.600000381469727,8.609999656677246,8.970000267028809,2633,0.0,0.0
2004-02-19 00:00:00-05:00,8.850000381469727,8.850000381469727,8.579999923706055,8.579999923706055,633,0.0,0.0
2004-02-20 00:00:00-05:00,9.0600004196167,9.0600004196167,9.0600004196167,9.0600004196167,67,0.0,0.0
2004-02-23 00:00:00-05:00,8.34000015258789,8.850000381469727,8.34000015258789,8.850000381469727,833,0.0,0.0
2004-02-24 00:00:00-05:00,8.489999771118164,9.149999618530273,8.369999885559082,9.149999618530273,1767,0.0,0.0
2004-02-25 00:00:00-05:00,8.399999618530273,8.789999961853027,8.399999618530273,8.550000190734863,667,0.0,0.0
2004-02-26 00:00:00-05:00,8.399999618530273,8.850000381469727,8.399999618530273,8.789999961853027,667,0.0,0.0
2004-02-27 00:00:00-05:00,8.550000190734863,8.970000267028809,8.25,8.25,1333,0.0,0.0
2004-03-01 00:00:00-05:00,8.34000015258789,8.970000267028809,8.25,8.819999694824219,1367,0.0,0.0
2004-03-02 00:00:00-05:00,8.579999923706055,9.0,8.550000190734863,9.0,3067,0.0,0.0
2004-03-03 00:00:00-05:00,8.880000114440918,9.0,8.609999656677246,9.0,1733,0.0,0.0
2004-03-04 00:00:00-05:00,8.670000076293945,9.0,8.670000076293945,9.0,1333,0.0,0.0
2004-03-05 00:00:00-05:00,8.699999809265137,9.0,8.699999809265137,9.0,600,0.0,0.0
2004-03-08 00:00:00-05:00,8.640000343322754,8.90999984741211,8.640000343322754,8.819999694824219,1067,0.0,0.0
2004-03-09 00:00:00-05:00,8.640000343322754,8.970000267028809,8.609999656677246,8.609999656677246,1933,0.0,0.0
2004-03-10 00:00:00-05:00,8.670000076293945,8.9399995803833,8.640000343322754,8.9399995803833,933,0.0,0.0
2004-03-11 00:00:00-05:00,8.699999809265137,8.760000228881836,8.699999809265137,8.760000228881836,267,0.0,0.0
2004-03-12 00:00:00-05:00,8.579999923706055,8.970000267028809,8.579999923706055,8.90999984741211,967,0.0,0.0
2004-03-15 00:00:00-05:00,8.970000267028809,8.970000267028809,8.550000190734863,8.550000190734863,1300,0.0,0.0
2004-03-16 00:00:00-05:00,8.729999542236328,8.970000267028809,8.640000343322754,8.970000267028809,667,0.0,0.0
2004-03-17 00:00:00-05:00,9.0,9.600000381469727,9.0,9.149999618530273,1033,0.0,0.0
2004-03-18 00:00:00-05:00,9.300000190734863,9.300000190734863,9.239999771118164,9.300000190734863,1033,0.0,0.0
2004-03-19 00:00:00-05:00,9.239999771118164,9.569999694824219,8.729999542236328,9.539999961853027,2233,0.0,0.0
2004-03-22 00:00:00-05:00,9.0,9.479999542236328,9.0,9.0,1867,0.0,0.0
2004-03-23 00:00:00-05:00,8.850000381469727,9.479999542236328,8.850000381469727,9.479999542236328,1033,0.0,0.0
2004-03-24 00:00:00-05:00,9.0,9.510000228881836,8.729999542236328,8.850000381469727,1467,0.0,0.0
2004-03-25 00:00:00-05:00,9.270000457763672,9.449999809265137,8.850000381469727,9.270000457763672,1433,0.0,0.0
2004-03-26 00:00:00-05:00,9.75,9.75,8.970000267028809,9.149999618530273,533,0.0,0.0
2004-03-29 00:00:00-05:00,9.449999809265137,9.449999809265137,8.850000381469727,9.300000190734863,833,0.0,0.0
2004-03-30 00:00:00-05:00,9.149999618530273,9.569999694824219,9.0600004196167,9.539999961853027,1900,0.0,0.0
2004-03-31 00:00:00-05:00,9.09000015258789,11.369999885559082,9.09000015258789,9.329999923706055,2900,0.0,0.0
2004-04-01 00:00:00-05:00,9.8100004196167,9.869999885559082,9.600000381469727,9.869999885559082,1000,0.0,0.0
2004-04-02 00:00:00-05:00,9.329999923706055,9.329999923706055,9.329999923706055,9.329999923706055,267,0.0,0.0
2004-04-05 00:00:00-04:00,9.65999984741211,9.65999984741211,9.390000343322754,9.390000343322754,1033,0.0,0.0
2004-04-06 00:00:00-04:00,9.779999732971191,9.899999618530273,9.720000267028809,9.899999618530273,2067,0.0,0.0
2004-04-07 00:00:00-04:00,9.930000305175781,9.930000305175781,9.899999618530273,9.899999618530273,1633,0.0,0.0
2004-04-08 00:00:00-04:00,9.359999656677246,9.930000305175781,9.359999656677246,9.899999618530273,533,0.0,0.0
2004-04-12 00:00:00-04:00,9.930000305175781,11.279999732971191,9.630000114440918,9.84000015258789,8633,0.0,0.0
2004-04-13 00:00:00-04:00,10.229999542236328,10.470000267028809,9.75,10.199999809265137,1533,0.0,0.0
2004-04-14 00:00:00-04:00,9.630000114440918,10.020000457763672,9.630000114440918,9.899999618530273,533,0.0,0.0
2004-04-15 00:00:00-04:00,10.350000381469727,10.350000381469727,9.960000038146973,9.960000038146973,100,0.0,0.0
2004-04-16 00:00:00-04:00,10.109999656677246,10.109999656677246,9.960000038146973,10.020000457763672,433,0.0,0.0
2004-04-19 00:00:00-04:00,9.600000381469727,9.65999984741211,9.449999809265137,9.449999809265137,133,0.0,0.0
2004-04-20 00:00:00-04:00,9.600000381469727,10.109999656677246,9.600000381469727,9.989999771118164,867,0.0,0.0
2004-04-21 00:00:00-04:00,9.449999809265137,9.960000038146973,9.449999809265137,9.84000015258789,1000,0.0,0.0
2004-04-22 00:00:00-04:00,9.84000015258789,9.899999618530273,9.449999809265137,9.449999809265137,500,0.0,0.0
2004-04-23 00:00:00-04:00,10.140000343322754,10.319999694824219,9.600000381469727,10.170000076293945,1267,0.0,0.0
2004-04-26 00:00:00-04:00,9.779999732971191,10.5,9.779999732971191,10.5,2667,0.0,0.0
2004-04-27 00:00:00-04:00,9.84000015258789,10.319999694824219,9.84000015258789,10.050000190734863,533,0.0,0.0
2004-04-28 00:00:00-04:00,10.529999732971191,10.529999732971191,10.199999809265137,10.229999542236328,1267,0.0,0.0
2004-04-29 00:00:00-04:00,10.40999984741211,10.5,10.229999542236328,10.380000114440918,2600,0.0,0.0
2004-04-30 00:00:00-04:00,10.4399995803833,10.5,10.020000457763672,10.079999923706055,1033,0.0,0.0
2004-05-03 00:00:00-04:00,10.229999542236328,10.5,10.199999809265137,10.350000381469727,1300,0.0,0.0
2004-05-04 00:00:00-04:00,10.350000381469727,10.350000381469727,10.350000381469727,10.350000381469727,0,0.0,0.0
2004-05-05 00:00:00-04:00,10.5,10.5,10.199999809265137,10.470000267028809,2400,0.0,0.0
2004-05-06 00:00:00-04:00,11.25,11.25,10.199999809265137,10.199999809265137,3233,0.0,0.0
2004-05-07 00:00:00-04:00,10.020000457763672,10.319999694824219,10.020000457763672,10.229999542236328,167,0.0,0.0
2004-05-10 00:00:00-04:00,9.600000381469727,10.4399995803833,9.600000381469727,10.170000076293945,367,0.0,0.0
2004-05-11 00:00:00-04:00,10.079999923706055,10.5,10.050000190734863,10.40999984741211,2267,0.0,0.0
2004-05-12 00:00:00-04:00,10.260000228881836,10.5,10.199999809265137,10.5,533,0.0,0.0
2004-05-13 00:00:00-04:00,10.050000190734863,10.5,10.050000190734863,10.5,1033,0.0,0.0
2004-05-14 00:00:00-04:00,10.380000114440918,10.4399995803833,10.229999542236328,10.229999542236328,1700,0.0,0.0
2004-05-17 00:00:00-04:00,10.260000228881836,10.350000381469727,10.199999809265137,10.350000381469727,1633,0.0,0.0
2004-05-18 00:00:00-04:00,9.930000305175781,9.930000305175781,9.930000305175781,9.930000305175781,133,0.0,0.0
2004-05-19 00:00:00-04:00,9.930000305175781,9.930000305175781,9.930000305175781,9.930000305175781,0,0.0,0.0
2004-05-20 00:00:00-04:00,10.050000190734863,10.380000114440918,9.359999656677246,9.359999656677246,2133,0.0,0.0
2004-05-21 00:00:00-04:00,9.359999656677246,9.569999694824219,9.359999656677246,9.539999961853027,167,0.0,0.0
2004-05-24 00:00:00-04:00,9.539999961853027,9.539999961853027,9.539999961853027,9.539999961853027,67,0.0,0.0
2004-05-25 00:00:00-04:00,9.539999961853027,9.539999961853027,9.539999961853027,9.539999961853027,0,0.0,0.0
2004-05-26 00:00:00-04:00,9.569999694824219,9.569999694824219,9.569999694824219,9.569999694824219,367,0.0,0.0
2004-05-27 00:00:00-04:00,9.600000381469727,10.319999694824219,9.600000381469727,9.720000267028809,2900,0.0,0.0
2004-05-28 00:00:00-04:00,10.050000190734863,10.050000190734863,10.020000457763672,10.050000190734863,267,0.0,0.0
2004-06-01 00:00:00-04:00,10.050000190734863,10.050000190734863,10.050000190734863,10.050000190734863,0,0.0,0.0
2004-06-02 00:00:00-04:00,10.050000190734863,10.350000381469727,10.050000190734863,10.170000076293945,533,0.0,0.0
2004-06-03 00:00:00-04:00,10.199999809265137,10.260000228881836,10.050000190734863,10.050000190734863,3300,0.0,0.0
2004-06-04 00:00:00-04:00,10.050000190734863,10.050000190734863,10.050000190734863,10.050000190734863,0,0.0,0.0
2004-06-07 00:00:00-04:00,10.109999656677246,10.109999656677246,10.109999656677246,10.109999656677246,67,0.0,0.0
2004-06-08 00:00:00-04:00,10.289999961853027,10.5,10.079999923706055,10.079999923706055,2400,0.0,0.0
2004-06-09 00:00:00-04:00,10.350000381469727,11.699999809265137,10.319999694824219,10.680000305175781,5500,0.0,0.0
2004-06-10 00:00:00-04:00,10.920000076293945,10.920000076293945,10.529999732971191,10.649999618530273,4833,0.0,0.0
2004-06-14 00:00:00-04:00,10.59000015258789,10.800000190734863,10.59000015258789,10.739999771118164,133,0.0,0.0
2004-06-15 00:00:00-04:00,10.920000076293945,10.949999809265137,10.920000076293945,10.949999809265137,200,0.0,0.0
2004-06-16 00:00:00-04:00,10.829999923706055,10.829999923706055,10.5,10.710000038146973,1967,0.0,0.0
2004-06-17 00:00:00-04:00,10.710000038146973,10.710000038146973,10.710000038146973,10.710000038146973,0,0.0,0.0
2004-06-18 00:00:00-04:00,10.800000190734863,10.949999809265137,10.5,10.920000076293945,2533,0.0,0.0
2004-06-21 00:00:00-04:00,10.350000381469727,10.949999809265137,10.350000381469727,10.5,1900,0.0,0.0
2004-06-22 00:00:00-04:00,10.800000190734863,10.920000076293945,10.199999809265137,10.199999809265137,967,0.0,0.0
2004-06-23 00:00:00-04:00,10.350000381469727,10.800000190734863,10.199999809265137,10.199999809265137,2433,0.0,0.0
2004-06-24 00:00:00-04:00,9.930000305175781,10.649999618530273,9.869999885559082,9.989999771118164,800,0.0,0.0
2004-06-25 00:00:00-04:00,9.899999618530273,10.260000228881836,9.899999618530273,10.260000228881836,600,0.0,0.0
2004-06-28 00:00:00-04:00,10.350000381469727,10.350000381469727,9.930000305175781,10.109999656677246,333,0.0,0.0
2004-06-29 00:00:00-04:00,10.470000267028809,10.470000267028809,9.84000015258789,9.84000015258789,633,0.0,0.0
2004-06-30 00:00:00-04:00,10.020000457763672,10.199999809265137,9.899999618530273,9.899999618530273,333,0.0,0.0
2004-07-01 00:00:00-04:00,9.899999618530273,10.260000228881836,9.899999618530273,10.199999809265137,567,0.0,0.0
2004-07-02 00:00:00-04:00,9.899999618530273,10.319999694824219,9.899999618530273,9.989999771118164,900,0.0,0.0
2004-07-06 00:00:00-04:00,9.899999618530273,10.289999961853027,9.899999618530273,9.930000305175781,1133,0.0,0.0
2004-07-07 00:00:00-04:00,10.050000190734863,10.289999961853027,10.050000190734863,10.289999961853027,467,0.0,0.0
2004-07-08 00:00:00-04:00,10.470000267028809,10.470000267028809,9.899999618530273,9.899999618530273,233,0.0,0.0
2004-07-09 00:00:00-04:00,9.8100004196167,10.140000343322754,9.65999984741211,9.65999984741211,467,0.0,0.0
2004-07-12 00:00:00-04:00,9.8100004196167,9.960000038146973,9.8100004196167,9.960000038146973,133,0.0,0.0
2004-07-13 00:00:00-04:00,9.899999618530273,9.930000305175781,9.359999656677246,9.630000114440918,2400,0.0,0.0
2004-07-14 00:00:00-04:00,9.869999885559082,9.869999885559082,9.539999961853027,9.600000381469727,967,0.0,0.0
2004-07-15 00:00:00-04:00,9.479999542236328,9.869999885559082,9.479999542236328,9.6899995803833,433,0.0,0.0
2004-07-16 00:00:00-04:00,9.210000038146973,9.6899995803833,9.210000038146973,9.6899995803833,700,0.0,0.0
2004-07-19 00:00:00-04:00,9.449999809265137,9.6899995803833,9.300000190734863,9.300000190734863,300,0.0,0.0
2004-07-20 00:00:00-04:00,9.449999809265137,9.75,9.300000190734863,9.300000190734863,1333,0.0,0.0
2004-07-21 00:00:00-04:00,9.449999809265137,10.020000457763672,9.449999809265137,10.020000457763672,633,0.0,0.0
2004-07-22 00:00:00-04:00,9.420000076293945,9.75,9.420000076293945,9.569999694824219,900,0.0,0.0
2004-07-23 00:00:00-04:00,9.449999809265137,9.75,9.300000190734863,9.359999656677246,2133,0.0,0.0
2004-07-26 00:00:00-04:00,9.449999809265137,9.6899995803833,9.449999809265137,9.65999984741211,467,0.0,0.0
2004-07-27 00:00:00-04:00,9.65999984741211,9.65999984741211,9.65999984741211,9.65999984741211,0,0.0,0.0
2004-07-28 00:00:00-04:00,9.65999984741211,9.65999984741211,9.65999984741211,9.65999984741211,0,0.0,0.0
2004-07-29 00:00:00-04:00,9.300000190734863,9.300000190734863,9.300000190734863,9.300000190734863,33,0.0,0.0
2004-07-30 00:00:00-04:00,9.300000190734863,9.300000190734863,9.300000190734863,9.300000190734863,0,0.0,0.0
2004-08-02 00:00:00-04:00,9.449999809265137,9.75,9.300000190734863,9.300000190734863,800,0.0,0.0
2004-08-03 00:00:00-04:00,10.470000267028809,10.470000267028809,9.390000343322754,9.8100004196167,1767,0.0,0.0
2004-08-04 00:00:00-04:00,9.449999809265137,9.75,9.329999923706055,9.329999923706055,1367,0.0,0.0
2004-08-05 00:00:00-04:00,9.449999809265137,9.720000267028809,9.300000190734863,9.300000190734863,1867,0.0,0.0
2004-08-06 00:00:00-04:00,9.359999656677246,9.720000267028809,9.359999656677246,9.420000076293945,1033,0.0,0.0
2004-08-09 00:00:00-04:00,9.630000114440918,9.720000267028809,9.180000305175781,9.539999961853027,1700,0.0,0.0
2004-08-10 00:00:00-04:00,9.600000381469727,9.779999732971191,9.300000190734863,9.600000381469727,1067,0.0,0.0
2004-08-11 00:00:00-04:00,9.149999618530273,9.75,9.149999618530273,9.210000038146973,1567,0.0,0.0
2004-08-12 00:00:00-04:00,9.119999885559082,9.119999885559082,9.119999885559082,9.119999885559082,100,0.0,0.0
2004-08-13 00:00:00-04:00,9.300000190734863,9.600000381469727,9.300000190734863,9.569999694824219,100,0.0,0.0
2004-08-16 00:00:00-04:00,9.0,9.65999984741211,9.0,9.329999923706055,2200,0.0,0.0
2004-08-17 00:00:00-04:00,9.239999771118164,9.510000228881836,9.239999771118164,9.300000190734863,567,0.0,0.0
2004-08-18 00:00:00-04:00,9.300000190734863,9.300000190734863,9.300000190734863,9.300000190734863,0,0.0,0.0
2004-08-19 00:00:00-04:00,9.149999618530273,9.300000190734863,9.09000015258789,9.300000190734863,1067,0.0,0.0
2004-08-20 00:00:00-04:00,9.300000190734863,9.300000190734863,9.300000190734863,9.300000190734863,0,0.0,0.0
2004-08-23 00:00:00-04:00,8.9399995803833,9.270000457763672,8.760000228881836,8.90999984741211,1033,0.0,0.0
2004-08-24 00:00:00-04:00,8.850000381469727,8.850000381469727,8.850000381469727,8.850000381469727,1533,0.0,0.0
2004-08-25 00:00:00-04:00,9.300000190734863,9.300000190734863,9.300000190734863,9.300000190734863,33,0.0,0.0
2004-08-26 00:00:00-04:00,8.729999542236328,9.75,8.729999542236328,9.720000267028809,4000,0.0,0.0
2004-08-27 00:00:00-04:00,9.569999694824219,9.569999694824219,9.029999732971191,9.449999809265137,1767,0.0,0.0
2004-08-30 00:00:00-04:00,9.539999961853027,9.539999961853027,9.029999732971191,9.300000190734863,533,0.0,0.0
2004-08-31 00:00:00-04:00,9.300000190734863,9.300000190734863,8.699999809265137,8.699999809265137,133,0.0,0.0
2004-09-01 00:00:00-04:00,8.699999809265137,9.600000381469727,8.699999809265137,9.600000381469727,667,0.0,0.0
2004-09-02 00:00:00-04:00,9.600000381469727,10.470000267028809,9.0600004196167,9.0600004196167,1933,0.0,0.0
2004-09-03 00:00:00-04:00,9.0600004196167,9.0600004196167,9.0600004196167,9.0600004196167,0,0.0,0.0
2004-09-07 00:00:00-04:00,9.329999923706055,9.329999923706055,9.329999923706055,9.329999923706055,33,0.0,0.0
2004-09-08 00:00:00-04:00,9.029999732971191,9.930000305175781,9.029999732971191,9.630000114440918,1533,0.0,0.0
2004-09-09 00:00:00-04:00,9.420000076293945,10.319999694824219,9.029999732971191,9.0600004196167,2567,0.0,0.0
2004-09-10 00:00:00-04:00,9.779999732971191,9.8100004196167,9.420000076293945,9.420000076293945,700,0.0,0.0
2004-09-13 00:00:00-04:00,9.84000015258789,10.350000381469727,9.390000343322754,9.899999618530273,2167,0.0,0.0
2004-09-14 00:00:00-04:00,9.449999809265137,10.350000381469727,9.359999656677246,10.109999656677246,1467,0.0,0.0
2004-09-15 00:00:00-04:00,10.020000457763672,10.050000190734863,9.149999618530273,9.359999656677246,4100,0.0,0.0
2004-09-16 00:00:00-04:00,9.359999656677246,9.899999618530273,9.359999656677246,9.479999542236328,767,0.0,0.0
2004-09-17 00:00:00-04:00,9.270000457763672,9.869999885559082,9.270000457763672,9.479999542236328,1900,0.0,0.0
2004-09-20 00:00:00-04:00,9.300000190734863,10.050000190734863,9.300000190734863,10.050000190734863,2300,0.0,0.0
2004-09-21 00:00:00-04:00,9.779999732971191,10.350000381469727,9.779999732971191,9.930000305175781,1767,0.0,0.0
2004-09-22 00:00:00-04:00,9.989999771118164,9.989999771118164,9.359999656677246,9.569999694824219,3233,0.0,0.0
2004-09-23 00:00:00-04:00,9.449999809265137,9.75,9.449999809265137,9.569999694824219,300,0.0,0.0
2004-09-24 00:00:00-04:00,9.510000228881836,9.510000228881836,9.449999809265137,9.510000228881836,333,0.0,0.0
2004-09-27 00:00:00-04:00,9.119999885559082,9.359999656677246,9.119999885559082,9.270000457763672,233,0.0,0.0
2004-09-28 00:00:00-04:00,9.180000305175781,9.180000305175781,9.149999618530273,9.149999618530273,267,0.0,0.0
2004-09-29 00:00:00-04:00,9.149999618530273,9.869999885559082,9.149999618530273,9.300000190734863,1433,0.0,0.0
2004-09-30 00:00:00-04:00,9.029999732971191,9.420000076293945,9.029999732971191,9.329999923706055,1500,0.0,0.0
2004-10-01 00:00:00-04:00,9.0600004196167,9.600000381469727,9.029999732971191,9.210000038146973,4733,0.0,0.0
2004-10-04 00:00:00-04:00,9.029999732971191,9.029999732971191,9.0,9.0,433,0.0,0.0
2004-10-05 00:00:00-04:00,9.0,9.0,9.0,9.0,0,0.0,0.0
2004-10-06 00:00:00-04:00,9.0,9.569999694824219,8.90999984741211,9.449999809265137,1200,0.0,0.0
2004-10-07 00:00:00-04:00,9.029999732971191,9.029999732971191,9.029999732971191,9.029999732971191,33,0.0,0.0
2004-10-08 00:00:00-04:00,9.210000038146973,9.600000381469727,9.029999732971191,9.420000076293945,1100,0.0,0.0
2004-10-11 00:00:00-04:00,9.449999809265137,9.449999809265137,9.270000457763672,9.300000190734863,1133,0.0,0.0
2004-10-12 00:00:00-04:00,9.390000343322754,9.720000267028809,9.180000305175781,9.180000305175781,1467,0.0,0.0
2004-10-13 00:00:00-04:00,9.270000457763672,9.479999542236328,9.270000457763672,9.359999656677246,1867,0.0,0.0
2004-10-14 00:00:00-04:00,9.329999923706055,9.329999923706055,9.029999732971191,9.029999732971191,267,0.0,0.0
2004-10-15 00:00:00-04:00,9.359999656677246,9.359999656677246,9.029999732971191,9.119999885559082,133,0.0,0.0
2004-10-18 00:00:00-04:00,9.0,9.359999656677246,8.699999809265137,8.699999809265137,2267,0.0,0.0
2004-10-19 00:00:00-04:00,9.0,9.0,9.0,9.0,133,0.0,0.0
2004-10-20 00:00:00-04:00,9.0,10.199999809265137,9.0,10.199999809265137,5900,0.0,0.0
2004-10-21 00:00:00-04:00,9.84000015258789,9.84000015258789,9.329999923706055,9.510000228881836,1067,0.0,0.0
2004-10-22 00:00:00-04:00,10.050000190734863,10.050000190734863,10.050000190734863,10.050000190734863,67,0.0,0.0
2004-10-25 00:00:00-04:00,9.270000457763672,10.020000457763672,9.270000457763672,10.020000457763672,267,0.0,0.0
2004-10-26 00:00:00-04:00,10.020000457763672,10.020000457763672,10.020000457763672,10.020000457763672,0,0.0,0.0
2004-10-27 00:00:00-04:00,10.020000457763672,10.020000457763672,10.020000457763672,10.020000457763672,0,0.0,0.0
2004-10-28 00:00:00-04:00,10.020000457763672,10.020000457763672,10.020000457763672,10.020000457763672,0,0.0,0.0
2004-10-29 00:00:00-04:00,10.020000457763672,10.020000457763672,10.020000457763672,10.020000457763672,0,0.0,0.0
2004-11-01 00:00:00-05:00,10.020000457763672,10.020000457763672,10.020000457763672,10.020000457763672,0,0.0,0.0
2004-11-02 00:00:00-05:00,9.029999732971191,9.84000015258789,9.029999732971191,9.84000015258789,700,0.0,0.0
2004-11-03 00:00:00-05:00,9.449999809265137,9.510000228881836,9.449999809265137,9.510000228881836,467,0.0,0.0
2004-11-04 00:00:00-05:00,9.029999732971191,9.479999542236328,9.029999732971191,9.479999542236328,367,0.0,0.0
2004-11-05 00:00:00-05:00,9.479999542236328,9.479999542236328,9.479999542236328,9.479999542236328,0,0.0,0.0
2004-11-08 00:00:00-05:00,9.65999984741211,9.869999885559082,9.65999984741211,9.8100004196167,1100,0.0,0.0
2004-11-09 00:00:00-05:00,9.8100004196167,9.8100004196167,9.8100004196167,9.8100004196167,0,0.0,0.0
2004-11-10 00:00:00-05:00,9.539999961853027,9.539999961853027,9.449999809265137,9.449999809265137,967,0.0,0.0
2004-11-11 00:00:00-05:00,9.449999809265137,9.539999961853027,9.359999656677246,9.510000228881836,633,0.0,0.0
2004-11-12 00:00:00-05:00,9.449999809265137,9.539999961853027,9.300000190734863,9.539999961853027,733,0.0,0.0
2004-11-15 00:00:00-05:00,9.65999984741211,9.65999984741211,9.329999923706055,9.329999923706055,233,0.0,0.0
2004-11-16 00:00:00-05:00,9.329999923706055,9.329999923706055,9.329999923706055,9.329999923706055,233,0.0,0.0
2004-11-17 00:00:00-05:00,9.149999618530273,9.149999618530273,9.149999618530273,9.149999618530273,100,0.0,0.0
2004-11-18 00:00:00-05:00,9.300000190734863,9.300000190734863,9.029999732971191,9.210000038146973,800,0.0,0.0
2004-11-19 00:00:00-05:00,9.420000076293945,9.600000381469727,8.729999542236328,9.600000381469727,833,0.0,0.0
2004-11-22 00:00:00-05:00,9.239999771118164,9.479999542236328,9.09000015258789,9.09000015258789,1767,0.0,0.0
2004-11-23 00:00:00-05:00,9.180000305175781,9.75,9.180000305175781,9.75,567,0.0,0.0
2004-11-24 00:00:00-05:00,9.270000457763672,9.539999961853027,9.239999771118164,9.420000076293945,1933,0.0,0.0
2004-11-26 00:00:00-05:00,9.479999542236328,10.920000076293945,9.420000076293945,10.109999656677246,9333,0.0,0.0
2004-11-29 00:00:00-05:00,9.84000015258789,9.930000305175781,9.84000015258789,9.930000305175781,167,0.0,0.0
2004-11-30 00:00:00-05:00,9.899999618530273,9.899999618530273,9.65999984741211,9.65999984741211,800,0.0,0.0
2004-12-01 00:00:00-05:00,9.84000015258789,10.260000228881836,9.630000114440918,9.75,2167,0.0,0.0
2004-12-02 00:00:00-05:00,9.869999885559082,10.529999732971191,9.779999732971191,10.199999809265137,1800,0.0,0.0
2004-12-03 00:00:00-05:00,9.180000305175781,9.210000038146973,8.760000228881836,8.760000228881836,433,0.0,0.0
2004-12-06 00:00:00-05:00,9.0,10.529999732971191,9.0,9.539999961853027,2567,0.0,0.0
2004-12-07 00:00:00-05:00,9.359999656677246,10.199999809265137,9.359999656677246,9.479999542236328,1133,0.0,0.0
2004-12-08 00:00:00-05:00,9.420000076293945,9.989999771118164,9.239999771118164,9.479999542236328,1600,0.0,0.0
2004-12-09 00:00:00-05:00,9.65999984741211,9.899999618530273,9.149999618530273,9.479999542236328,1267,0.0,0.0
2004-12-10 00:00:00-05:00,9.029999732971191,10.020000457763672,9.029999732971191,9.149999618530273,1733,0.0,0.0
2004-12-13 00:00:00-05:00,9.300000190734863,9.75,9.239999771118164,9.449999809265137,1100,0.0,0.0
2004-12-14 00:00:00-05:00,9.390000343322754,9.600000381469727,9.0600004196167,9.359999656677246,2933,0.0,0.0
2004-12-15 00:00:00-05:00,9.359999656677246,9.359999656677246,9.329999923706055,9.329999923706055,200,0.0,0.0
2004-12-16 00:00:00-05:00,9.329999923706055,9.329999923706055,9.329999923706055,9.329999923706055,0,0.0,0.0
2004-12-17 00:00:00-05:00,9.84000015258789,9.84000015258789,9.510000228881836,9.510000228881836,67,0.0,0.0
2004-12-20 00:00:00-05:00,9.869999885559082,9.869999885559082,9.420000076293945,9.420000076293945,233,0.0,0.0
2004-12-21 00:00:00-05:00,9.359999656677246,9.539999961853027,9.300000190734863,9.390000343322754,600,0.0,0.0
2004-12-22 00:00:00-05:00,9.029999732971191,9.84000015258789,9.029999732971191,9.449999809265137,1733,0.0,0.0
2004-12-23 00:00:00-05:00,9.479999542236328,9.479999542236328,9.390000343322754,9.390000343322754,300,0.0,0.0
2004-12-27 00:00:00-05:00,9.0600004196167,9.779999732971191,9.0,9.300000190734863,1833,0.0,0.0
2004-12-28 00:00:00-05:00,9.0600004196167,9.84000015258789,8.699999809265137,9.329999923706055,3433,0.0,0.0
2004-12-29 00:00:00-05:00,8.789999961853027,9.479999542236328,8.789999961853027,9.479999542236328,667,0.0,0.0
2004-12-30 00:00:00-05:00,9.449999809265137,9.449999809265137,8.789999961853027,8.789999961853027,167,0.0,0.0
2004-12-31 00:00:00-05:00,8.789999961853027,10.470000267028809,8.789999961853027,9.029999732971191,6267,0.0,0.0
2005-01-03 00:00:00-05:00,9.300000190734863,9.359999656677246,9.300000190734863,9.300000190734863,600,0.0,0.0
2005-01-04 00:00:00-05:00,9.029999732971191,9.0600004196167,9.029999732971191,9.029999732971191,867,0.0,0.0
2005-01-05 00:00:00-05:00,9.029999732971191,9.029999732971191,9.029999732971191,9.029999732971191,333,0.0,0.0
2005-01-06 00:00:00-05:00,9.029999732971191,9.270000457763672,8.760000228881836,9.149999618530273,667,0.0,0.0
2005-01-07 00:00:00-05:00,9.0,9.149999618530273,9.0,9.149999618530273,1233,0.0,0.0
2005-01-10 00:00:00-05:00,9.0,9.239999771118164,8.699999809265137,9.239999771118164,3167,0.0,0.0
2005-01-11 00:00:00-05:00,9.239999771118164,9.239999771118164,9.239999771118164,9.239999771118164,0,0.0,0.0
2005-01-12 00:00:00-05:00,9.239999771118164,9.239999771118164,9.239999771118164,9.239999771118164,0,0.0,0.0
2005-01-13 00:00:00-05:00,8.9399995803833,8.9399995803833,8.9399995803833,8.9399995803833,67,0.0,0.0
2005-01-14 00:00:00-05:00,8.9399995803833,8.9399995803833,8.9399995803833,8.9399995803833,0,0.0,0.0
2005-01-18 00:00:00-05:00,8.9399995803833,8.9399995803833,8.9399995803833,8.9399995803833,0,0.0,0.0
2005-01-19 00:00:00-05:00,9.239999771118164,9.239999771118164,9.119999885559082,9.119999885559082,300,0.0,0.0
2005-01-20 00:00:00-05:00,8.850000381469727,8.850000381469727,8.850000381469727,8.850000381469727,200,0.0,0.0
2005-01-21 00:00:00-05:00,8.850000381469727,8.850000381469727,8.850000381469727,8.850000381469727,0,0.0,0.0
2005-01-24 00:00:00-05:00,8.850000381469727,8.850000381469727,8.850000381469727,8.850000381469727,200,0.0,0.0
2005-01-25 00:00:00-05:00,8.850000381469727,8.850000381469727,8.850000381469727,8.850000381469727,0,0.0,0.0
2005-01-26 00:00:00-05:00,8.850000381469727,8.850000381469727,8.850000381469727,8.850000381469727,0,0.0,0.0
2005-01-27 00:00:00-05:00,8.850000381469727,8.850000381469727,8.850000381469727,8.850000381469727,67,0.0,0.0
2005-01-28 00:00:00-05:00,8.90999984741211,10.470000267028809,8.850000381469727,10.470000267028809,7367,0.0,0.0
2005-01-31 00:00:00-05:00,10.4399995803833,10.4399995803833,9.510000228881836,10.40999984741211,767,0.0,0.0
2005-02-01 00:00:00-05:00,10.4399995803833,10.649999618530273,10.4399995803833,10.470000267028809,3667,0.0,0.0
2005-02-02 00:00:00-05:00,9.75,10.5,9.75,10.5,533,0.0,0.0
2005-02-03 00:00:00-05:00,10.229999542236328,10.470000267028809,10.229999542236328,10.470000267028809,167,0.0,0.0
2005-02-04 00:00:00-05:00,10.229999542236328,10.229999542236328,9.899999618530273,9.930000305175781,1167,0.0,0.0
2005-02-07 00:00:00-05:00,10.40999984741211,10.470000267028809,10.40999984741211,10.470000267028809,267,0.0,0.0
2005-02-08 00:00:00-05:00,10.350000381469727,10.350000381469727,10.020000457763672,10.229999542236328,533,0.0,0.0
2005-02-09 00:00:00-05:00,10.229999542236328,10.5,10.229999542236328,10.5,767,0.0,0.0
2005-02-10 00:00:00-05:00,9.930000305175781,10.319999694824219,9.930000305175781,10.319999694824219,333,0.0,0.0
2005-02-11 00:00:00-05:00,10.170000076293945,10.170000076293945,9.989999771118164,9.989999771118164,267,0.0,0.0
2005-02-14 00:00:00-05:00,10.199999809265137,10.710000038146973,10.170000076293945,10.710000038146973,5767,0.0,0.0
2005-02-15 00:00:00-05:00,10.800000190734863,10.800000190734863,10.800000190734863,10.800000190734863,200,0.0,0.0
2005-02-16 00:00:00-05:00,10.949999809265137,11.100000381469727,10.800000190734863,11.100000381469727,2000,0.0,0.0
2005-02-17 00:00:00-05:00,11.100000381469727,11.100000381469727,11.100000381469727,11.100000381469727,433,0.0,0.0
2005-02-18 00:00:00-05:00,11.100000381469727,11.25,11.010000228881836,11.220000267028809,2500,0.0,0.0
2005-02-22 00:00:00-05:00,11.220000267028809,11.220000267028809,11.220000267028809,11.220000267028809,0,0.0,0.0
2005-02-23 00:00:00-05:00,10.949999809265137,11.069999694824219,10.59000015258789,10.800000190734863,500,0.0,0.0
2005-02-24 00:00:00-05:00,10.680000305175781,10.680000305175781,10.680000305175781,10.680000305175781,33,0.0,0.0
2005-02-25 00:00:00-05:00,10.649999618530273,10.859999656677246,10.649999618530273,10.859999656677246,267,0.0,0.0
2005-02-28 00:00:00-05:00,10.859999656677246,10.859999656677246,10.859999656677246,10.859999656677246,0,0.0,0.0
2005-03-01 00:00:00-05:00,10.859999656677246,10.859999656677246,10.859999656677246,10.859999656677246,0,0.0,0.0
2005-03-02 00:00:00-05:00,10.5600004196167,10.619999885559082,10.5600004196167,10.59000015258789,733,0.0,0.0
2005-03-03 00:00:00-05:00,11.100000381469727,11.25,11.039999961853027,11.039999961853027,433,0.0,0.0
2005-03-04 00:00:00-05:00,11.220000267028809,11.220000267028809,11.220000267028809,11.220000267028809,133,0.0,0.0
2005-03-07 00:00:00-05:00,11.220000267028809,11.220000267028809,11.220000267028809,11.220000267028809,0,0.0,0.0
2005-03-08 00:00:00-05:00,10.619999885559082,10.619999885559082,10.619999885559082,10.619999885559082,33,0.0,0.0
2005-03-09 00:00:00-05:00,10.5600004196167,11.220000267028809,10.229999542236328,10.229999542236328,2000,0.0,0.0
2005-03-10 00:00:00-05:00,10.59000015258789,11.220000267028809,10.4399995803833,10.5,2100,0.0,0.0
2005-03-11 00:00:00-05:00,10.5,11.220000267028809,10.5,11.220000267028809,200,0.0,0.0
2005-03-14 00:00:00-05:00,10.619999885559082,11.25,10.619999885559082,10.710000038146973,300,0.0,0.0
2005-03-15 00:00:00-05:00,10.979999542236328,11.25,10.979999542236328,11.25,333,0.0,0.0
2005-03-16 00:00:00-05:00,11.069999694824219,11.069999694824219,10.800000190734863,10.979999542236328,467,0.0,0.0
2005-03-17 00:00:00-05:00,10.5600004196167,10.800000190734863,10.5600004196167,10.800000190734863,133,0.0,0.0
2005-03-18 00:00:00-05:00,10.800000190734863,10.800000190734863,10.800000190734863,10.800000190734863,0,0.0,0.0
2005-03-21 00:00:00-05:00,10.800000190734863,10.800000190734863,10.800000190734863,10.800000190734863,0,0.0,0.0
2005-03-22 00:00:00-05:00,10.949999809265137,10.949999809265137,10.949999809265137,10.949999809265137,300,0.0,0.0
2005-03-23 00:00:00-05:00,11.220000267028809,11.220000267028809,11.220000267028809,11.220000267028809,33,0.0,0.0
2005-03-24 00:00:00-05:00,11.220000267028809,11.220000267028809,11.220000267028809,11.220000267028809,0,0.0,0.0
2005-03-28 00:00:00-05:00,11.220000267028809,11.220000267028809,10.649999618530273,10.649999618530273,1000,0.0,0.0
2005-03-29 00:00:00-05:00,10.649999618530273,10.649999618530273,10.649999618530273,10.649999618530273,0,0.0,0.0
2005-03-30 00:00:00-05:00,10.5600004196167,10.649999618530273,10.5600004196167,10.649999618530273,367,0.0,0.0
2005-03-31 00:00:00-05:00,10.59000015258789,10.59000015258789,10.229999542236328,10.229999542236328,300,0.0,0.0
2005-04-01 00:00:00-05:00,10.770000457763672,11.699999809265137,10.770000457763672,11.699999809265137,3167,0.0,0.0
2005-04-04 00:00:00-04:00,11.279999732971191,11.699999809265137,11.25,11.699999809265137,600,0.0,0.0
2005-04-05 00:00:00-04:00,11.699999809265137,11.699999809265137,11.699999809265137,11.699999809265137,0,0.0,0.0
2005-04-06 00:00:00-04:00,10.59000015258789,11.699999809265137,10.59000015258789,11.699999809265137,733,0.0,0.0
2005-04-07 00:00:00-04:00,11.699999809265137,11.699999809265137,11.699999809265137,11.699999809265137,0,0.0,0.0
2005-04-08 00:00:00-04:00,11.399999618530273,11.699999809265137,10.40999984741211,10.5,1333,0.0,0.0
2005-04-11 00:00:00-04:00,10.350000381469727,10.5,10.350000381469727,10.5,433,0.0,0.0
2005-04-12 00:00:00-04:00,10.800000190734863,10.800000190734863,10.800000190734863,10.800000190734863,200,0.0,0.0
2005-04-13 00:00:00-04:00,11.34000015258789,11.850000381469727,11.3100004196167,11.850000381469727,1067,0.0,0.0
2005-04-14 00:00:00-04:00,11.970000267028809,12.0,11.789999961853027,11.789999961853027,667,0.0,0.0
2005-04-15 00:00:00-04:00,11.3100004196167,11.399999618530273,11.3100004196167,11.399999618530273,333,0.0,0.0
2005-04-18 00:00:00-04:00,11.399999618530273,11.520000457763672,10.800000190734863,10.800000190734863,2067,0.0,0.0
2005-04-19 00:00:00-04:00,11.25,11.25,11.100000381469727,11.25,4033,0.0,0.0
2005-04-20 00:00:00-04:00,10.800000190734863,10.800000190734863,10.800000190734863,10.800000190734863,133,0.0,0.0
2005-04-21 00:00:00-04:00,10.920000076293945,10.920000076293945,10.920000076293945,10.920000076293945,33,0.0,0.0
2005-04-22 00:00:00-04:00,11.850000381469727,11.850000381469727,11.850000381469727,11.850000381469727,167,0.0,0.0
2005-04-25 00:00:00-04:00,11.670000076293945,11.670000076293945,10.800000190734863,10.800000190734863,400,0.0,0.0
2005-04-26 00:00:00-04:00,11.25,11.850000381469727,11.25,11.850000381469727,333,0.0,0.0
2005-04-27 00:00:00-04:00,11.850000381469727,11.850000381469727,11.850000381469727,11.850000381469727,0,0.0,0.0
2005-04-28 00:00:00-04:00,10.5,11.850000381469727,10.5,11.850000381469727,3200,0.0,0.0
2005-04-29 00:00:00-04:00,11.699999809265137,11.699999809265137,11.699999809265137,11.699999809265137,33,0.0,0.0
2005-05-02 00:00:00-04:00,10.859999656677246,11.489999771118164,10.829999923706055,10.859999656677246,700,0.0,0.0
2005-05-03 00:00:00-04:00,11.670000076293945,11.670000076293945,11.670000076293945,11.670000076293945,167,0.0,0.0
2005-05-04 00:00:00-04:00,11.520000457763672,11.520000457763672,11.520000457763672,11.520000457763672,67,0.0,0.0
2005-05-05 00:00:00-04:00,11.369999885559082,11.369999885559082,11.3100004196167,11.3100004196167,733,0.0,0.0
2005-05-06 00:00:00-04:00,11.3100004196167,11.3100004196167,11.3100004196167,11.3100004196167,0,0.0,0.0
2005-05-09 00:00:00-04:00,11.520000457763672,11.520000457763672,11.130000114440918,11.130000114440918,567,0.0,0.0
2005-05-10 00:00:00-04:00,11.520000457763672,12.0,11.520000457763672,12.0,3333,0.0,0.0
2005-05-11 00:00:00-04:00,11.729999542236328,12.449999809265137,11.729999542236328,12.449999809265137,7567,0.0,0.0
2005-05-12 00:00:00-04:00,12.420000076293945,12.420000076293945,12.0,12.0,1600,0.0,0.0
2005-05-13 00:00:00-04:00,12.75,12.75,12.75,12.75,6133,0.0,0.0
2005-05-16 00:00:00-04:00,11.880000114440918,13.5,11.880000114440918,13.5,5467,0.0,0.0
2005-05-17 00:00:00-04:00,12.75,13.5,12.75,13.5,1433,0.0,0.0
2005-05-18 00:00:00-04:00,12.960000038146973,12.960000038146973,12.449999809265137,12.449999809265137,500,0.0,0.0
2005-05-19 00:00:00-04:00,12.449999809265137,12.449999809265137,12.029999732971191,12.329999923706055,833,0.0,0.0
2005-05-20 00:00:00-04:00,12.569999694824219,13.470000267028809,12.569999694824219,13.470000267028809,1000,0.0,0.0
2005-05-23 00:00:00-04:00,13.470000267028809,13.470000267028809,12.180000305175781,13.470000267028809,500,0.0,0.0
2005-05-24 00:00:00-04:00,12.180000305175781,12.300000190734863,12.180000305175781,12.300000190734863,500,0.0,0.0
2005-05-25 00:00:00-04:00,13.40999984741211,13.40999984741211,12.239999771118164,12.239999771118164,1033,0.0,0.0
2005-05-26 00:00:00-04:00,12.180000305175781,12.180000305175781,12.180000305175781,12.180000305175781,67,0.0,0.0
2005-05-27 00:00:00-04:00,12.180000305175781,12.210000038146973,12.149999618530273,12.149999618530273,633,0.0,0.0
2005-05-31 00:00:00-04:00,12.149999618530273,12.149999618530273,12.149999618530273,12.149999618530273,333,0.0,0.0
2005-06-01 00:00:00-04:00,12.300000190734863,12.300000190734863,12.149999618530273,12.149999618530273,1300,0.0,0.0
2005-06-02 00:00:00-04:00,12.329999923706055,13.140000343322754,12.300000190734863,13.140000343322754,800,0.0,0.0
2005-06-03 00:00:00-04:00,13.649999618530273,14.25,13.229999542236328,14.25,2867,0.0,0.0
2005-06-06 00:00:00-04:00,14.100000381469727,15.0,14.100000381469727,14.399999618530273,4667,0.0,0.0
2005-06-07 00:00:00-04:00,14.25,14.34000015258789,14.25,14.25,333,0.0,0.0
2005-06-08 00:00:00-04:00,14.399999618530273,15.239999771118164,14.399999618530273,15.239999771118164,4100,0.0,0.0
2005-06-09 00:00:00-04:00,15.300000190734863,17.25,15.09000015258789,15.75,8633,0.0,0.0
2005-06-10 00:00:00-04:00,15.75,16.200000762939453,15.329999923706055,15.329999923706055,3367,0.0,0.0
2005-06-13 00:00:00-04:00,15.0,15.0,13.949999809265137,13.949999809265137,1933,0.0,0.0
2005-06-14 00:00:00-04:00,14.220000267028809,14.279999732971191,14.100000381469727,14.100000381469727,500,0.0,0.0
2005-06-15 00:00:00-04:00,13.5,13.800000190734863,13.199999809265137,13.199999809265137,467,0.0,0.0
2005-06-16 00:00:00-04:00,13.800000190734863,15.029999732971191,13.800000190734863,14.699999809265137,667,0.0,0.0
2005-06-17 00:00:00-04:00,14.970000267028809,14.970000267028809,13.619999885559082,14.789999961853027,1267,0.0,0.0
2005-06-20 00:00:00-04:00,14.789999961853027,14.789999961853027,14.789999961853027,14.789999961853027,0,0.0,0.0
2005-06-21 00:00:00-04:00,14.670000076293945,20.25,13.5,13.5,41767,0.0,0.0
2005-06-22 00:00:00-04:00,13.319999694824219,14.430000305175781,13.319999694824219,14.25,2300,0.0,0.0
2005-06-23 00:00:00-04:00,14.25,15.0,13.649999618530273,14.1899995803833,2867,0.0,0.0
2005-06-24 00:00:00-04:00,14.15999984741211,14.15999984741211,13.5,14.039999961853027,1567,0.0,0.0
2005-06-27 00:00:00-04:00,14.1899995803833,14.430000305175781,13.5,14.25,2767,0.0,0.0
2005-06-28 00:00:00-04:00,14.399999618530273,14.399999618530273,14.25,14.25,233,0.0,0.0
2005-06-29 00:00:00-04:00,13.5600004196167,13.5600004196167,13.5600004196167,13.5600004196167,200,0.0,0.0
2005-06-30 00:00:00-04:00,13.529999732971191,13.829999923706055,12.75,12.75,1333,0.0,0.0
2005-07-01 00:00:00-04:00,12.75,13.470000267028809,12.0,13.470000267028809,2333,0.0,0.0
2005-07-05 00:00:00-04:00,13.5,14.699999809265137,13.5,14.699999809265137,2300,0.0,0.0
2005-07-06 00:00:00-04:00,14.970000267028809,14.970000267028809,14.460000038146973,14.90999984741211,1600,0.0,0.0
2005-07-07 00:00:00-04:00,14.609999656677246,15.300000190734863,14.579999923706055,15.300000190734863,1900,0.0,0.0
2005-07-08 00:00:00-04:00,15.0,15.0,14.760000228881836,14.760000228881836,600,0.0,0.0
2005-07-11 00:00:00-04:00,14.699999809265137,15.239999771118164,13.5,14.25,3867,0.0,0.0
2005-07-12 00:00:00-04:00,13.260000228881836,15.0,12.390000343322754,15.0,3133,0.0,0.0
2005-07-13 00:00:00-04:00,13.649999618530273,14.850000381469727,13.380000114440918,13.5,5167,0.0,0.0
2005-07-14 00:00:00-04:00,14.369999885559082,14.369999885559082,13.619999885559082,13.649999618530273,2100,0.0,0.0
2005-07-15 00:00:00-04:00,13.800000190734863,14.489999771118164,13.739999771118164,14.25,3133,0.0,0.0
2005-07-18 00:00:00-04:00,13.260000228881836,13.649999618530273,13.260000228881836,13.649999618530273,2200,0.0,0.0
2005-07-19 00:00:00-04:00,13.529999732971191,13.770000457763672,13.529999732971191,13.770000457763672,1400,0.0,0.0
2005-07-20 00:00:00-04:00,13.5,13.649999618530273,13.140000343322754,13.649999618530273,2233,0.0,0.0
2005-07-21 00:00:00-04:00,13.800000190734863,14.970000267028809,13.380000114440918,13.380000114440918,3400,0.0,0.0
2005-07-22 00:00:00-04:00,13.5,14.90999984741211,13.140000343322754,14.039999961853027,4700,0.0,0.0
2005-07-25 00:00:00-04:00,15.149999618530273,15.930000305175781,15.0,15.0,4867,0.0,0.0
2005-07-26 00:00:00-04:00,14.039999961853027,16.5,14.039999961853027,14.609999656677246,1767,0.0,0.0
2005-07-27 00:00:00-04:00,14.520000457763672,15.300000190734863,14.520000457763672,14.850000381469727,3467,0.0,0.0
2005-07-28 00:00:00-04:00,14.34000015258789,15.300000190734863,14.34000015258789,15.119999885559082,4333,0.0,0.0
2005-07-29 00:00:00-04:00,15.449999809265137,15.449999809265137,14.729999542236328,15.300000190734863,3900,0.0,0.0
2005-08-01 00:00:00-04:00,15.449999809265137,15.6899995803833,14.9399995803833,14.9399995803833,4967,0.0,0.0
2005-08-02 00:00:00-04:00,14.90999984741211,14.90999984741211,14.90999984741211,14.90999984741211,133,0.0,0.0
2005-08-03 00:00:00-04:00,14.90999984741211,14.90999984741211,14.90999984741211,14.90999984741211,0,0.0,0.0
2005-08-04 00:00:00-04:00,14.90999984741211,14.90999984741211,14.90999984741211,14.90999984741211,0,0.0,0.0
2005-08-05 00:00:00-04:00,14.90999984741211,14.90999984741211,14.90999984741211,14.90999984741211,33,0.0,0.0
2005-08-08 00:00:00-04:00,15.0,15.600000381469727,15.0,15.300000190734863,2667,0.0,0.0
2005-08-09 00:00:00-04:00,15.270000457763672,16.200000762939453,14.670000076293945,16.200000762939453,1267,0.0,0.0
2005-08-10 00:00:00-04:00,16.200000762939453,16.5,15.569999694824219,15.569999694824219,1500,0.0,0.0
2005-08-11 00:00:00-04:00,16.350000381469727,16.350000381469727,15.539999961853027,15.899999618530273,1033,0.0,0.0
2005-08-12 00:00:00-04:00,15.899999618530273,18.360000610351562,15.899999618530273,17.25,2967,0.0,0.0
2005-08-15 00:00:00-04:00,18.0,18.56999969482422,15.300000190734863,17.670000076293945,2567,0.0,0.0
2005-08-16 00:00:00-04:00,17.25,18.0,16.200000762939453,16.200000762939453,1800,0.0,0.0
2005-08-17 00:00:00-04:00,16.799999237060547,17.06999969482422,15.75,17.06999969482422,2667,0.0,0.0
2005-08-18 00:00:00-04:00,17.90999984741211,17.90999984741211,15.0,15.75,6800,0.0,0.0
2005-08-19 00:00:00-04:00,15.75,16.350000381469727,15.0600004196167,16.350000381469727,1733,0.0,0.0
2005-08-22 00:00:00-04:00,15.300000190734863,16.260000228881836,15.300000190734863,16.260000228881836,533,0.0,0.0
2005-08-23 00:00:00-04:00,16.049999237060547,17.399999618530273,15.65999984741211,17.399999618530273,1667,0.0,0.0
2005-08-24 00:00:00-04:00,17.100000381469727,17.81999969482422,17.100000381469727,17.81999969482422,2100,0.0,0.0
2005-08-25 00:00:00-04:00,17.850000381469727,18.030000686645508,17.850000381469727,18.030000686645508,1767,0.0,0.0
2005-08-26 00:00:00-04:00,19.350000381469727,19.350000381469727,18.0,18.600000381469727,2400,0.0,0.0
2005-08-29 00:00:00-04:00,19.260000228881836,19.260000228881836,18.0,18.0,1467,0.0,0.0
2005-08-30 00:00:00-04:00,19.139999389648438,19.139999389648438,16.469999313354492,17.700000762939453,3200,0.0,0.0
2005-08-31 00:00:00-04:00,18.0,18.56999969482422,16.469999313354492,17.040000915527344,5533,0.0,0.0
2005-09-01 00:00:00-04:00,16.350000381469727,16.559999465942383,15.930000305175781,16.350000381469727,1233,0.0,0.0
2005-09-02 00:00:00-04:00,16.350000381469727,17.190000534057617,16.350000381469727,16.530000686645508,1100,0.0,0.0
2005-09-06 00:00:00-04:00,17.280000686645508,17.280000686645508,15.930000305175781,15.930000305175781,2067,0.0,0.0
2005-09-07 00:00:00-04:00,15.930000305175781,17.34000015258789,15.930000305175781,16.770000457763672,2400,0.0,0.0
2005-09-08 00:00:00-04:00,17.3700008392334,17.3700008392334,16.5,16.59000015258789,500,0.0,0.0
2005-09-09 00:00:00-04:00,16.59000015258789,16.59000015258789,16.59000015258789,16.59000015258789,0,0.0,0.0
2005-09-12 00:00:00-04:00,16.530000686645508,17.639999389648438,16.5,17.639999389648438,2267,0.0,0.0
2005-09-13 00:00:00-04:00,16.170000076293945,16.950000762939453,16.170000076293945,16.530000686645508,467,0.0,0.0
2005-09-14 00:00:00-04:00,16.530000686645508,17.25,16.5,17.219999313354492,1033,0.0,0.0
2005-09-15 00:00:00-04:00,17.8799991607666,17.8799991607666,17.850000381469727,17.850000381469727,167,0.0,0.0
2005-09-16 00:00:00-04:00,16.709999084472656,16.709999084472656,16.709999084472656,16.709999084472656,67,0.0,0.0
2005-09-19 00:00:00-04:00,16.799999237060547,17.700000762939453,16.799999237060547,17.700000762939453,367,0.0,0.0
2005-09-20 00:00:00-04:00,17.969999313354492,17.969999313354492,16.559999465942383,16.559999465942383,667,0.0,0.0
2005-09-21 00:00:00-04:00,16.5,16.5,15.899999618530273,15.899999618530273,1633,0.0,0.0
2005-09-22 00:00:00-04:00,15.899999618530273,16.950000762939453,15.600000381469727,16.649999618530273,1400,0.0,0.0
2005-09-23 00:00:00-04:00,16.649999618530273,16.649999618530273,16.649999618530273,16.649999618530273,0,0.0,0.0
2005-09-26 00:00:00-04:00,16.950000762939453,16.950000762939453,15.0,15.0,1667,0.0,0.0
2005-09-27 00:00:00-04:00,15.0,16.649999618530273,15.0,15.899999618530273,300,0.0,0.0
2005-09-28 00:00:00-04:00,15.930000305175781,16.260000228881836,15.899999618530273,16.260000228881836,1167,0.0,0.0
2005-09-29 00:00:00-04:00,16.350000381469727,16.649999618530273,16.31999969482422,16.649999618530273,200,0.0,0.0
2005-09-30 00:00:00-04:00,16.649999618530273,17.25,15.779999732971191,17.040000915527344,1200,0.0,0.0
2005-10-03 00:00:00-04:00,15.84000015258789,16.530000686645508,15.239999771118164,15.630000114440918,2133,0.0,0.0
2005-10-04 00:00:00-04:00,15.75,15.8100004196167,15.0,15.479999542236328,633,0.0,0.0
2005-10-05 00:00:00-04:00,15.539999961853027,16.350000381469727,15.390000343322754,15.390000343322754,1500,0.0,0.0
2005-10-06 00:00:00-04:00,16.170000076293945,16.170000076293945,15.0,15.75,433,0.0,0.0
2005-10-07 00:00:00-04:00,15.029999732971191,15.899999618530273,15.0,15.899999618530273,600,0.0,0.0
2005-10-10 00:00:00-04:00,15.720000267028809,15.899999618530273,15.600000381469727,15.600000381469727,1767,0.0,0.0
2005-10-11 00:00:00-04:00,16.139999389648438,16.139999389648438,15.600000381469727,15.600000381469727,67,0.0,0.0
2005-10-12 00:00:00-04:00,15.600000381469727,15.600000381469727,15.029999732971191,15.029999732971191,67,0.0,0.0
2005-10-13 00:00:00-04:00,15.420000076293945,15.930000305175781,15.0,15.930000305175781,667,0.0,0.0
2005-10-14 00:00:00-04:00,15.0,15.989999771118164,15.0,15.989999771118164,200,0.0,0.0
2005-10-17 00:00:00-04:00,15.989999771118164,15.989999771118164,15.869999885559082,15.869999885559082,67,0.0,0.0
2005-10-18 00:00:00-04:00,15.960000038146973,16.139999389648438,15.0,15.6899995803833,1400,0.0,0.0
2005-10-19 00:00:00-04:00,15.6899995803833,15.6899995803833,15.6899995803833,15.6899995803833,0,0.0,0.0
2005-10-20 00:00:00-04:00,15.6899995803833,15.6899995803833,15.6899995803833,15.6899995803833,0,0.0,0.0
2005-10-21 00:00:00-04:00,15.029999732971191,15.029999732971191,15.0,15.0,333,0.0,0.0
2005-10-24 00:00:00-04:00,15.0,15.0,15.0,15.0,0,0.0,0.0
2005-10-25 00:00:00-04:00,15.510000228881836,15.510000228881836,15.510000228881836,15.510000228881836,33,0.0,0.0
2005-10-26 00:00:00-04:00,15.869999885559082,15.869999885559082,15.869999885559082,15.869999885559082,100,0.0,0.0
2005-10-27 00:00:00-04:00,15.869999885559082,15.869999885559082,15.869999885559082,15.869999885559082,0,0.0,0.0
2005-10-28 00:00:00-04:00,15.149999618530273,15.149999618530273,15.029999732971191,15.029999732971191,67,0.0,0.0
2005-10-31 00:00:00-05:00,15.0,15.569999694824219,15.0,15.449999809265137,467,0.0,0.0
2005-11-01 00:00:00-05:00,15.420000076293945,15.420000076293945,15.420000076293945,15.420000076293945,33,0.0,0.0
2005-11-02 00:00:00-05:00,16.139999389648438,16.5,15.300000190734863,15.329999923706055,533,0.0,0.0
2005-11-03 00:00:00-05:00,15.420000076293945,15.420000076293945,15.0,15.0,800,0.0,0.0
2005-11-04 00:00:00-05:00,15.0,15.029999732971191,15.0,15.0,967,0.0,0.0
2005-11-07 00:00:00-05:00,15.0,15.569999694824219,15.0,15.0,333,0.0,0.0
2005-11-08 00:00:00-05:00,15.180000305175781,15.180000305175781,15.180000305175781,15.180000305175781,67,0.0,0.0
2005-11-09 00:00:00-05:00,15.0,15.0,15.0,15.0,100,0.0,0.0
2005-11-10 00:00:00-05:00,15.420000076293945,15.869999885559082,13.40999984741211,15.869999885559082,3200,0.0,0.0
2005-11-11 00:00:00-05:00,15.390000343322754,16.170000076293945,15.390000343322754,16.170000076293945,100,0.0,0.0
2005-11-14 00:00:00-05:00,16.170000076293945,16.170000076293945,16.170000076293945,16.170000076293945,0,0.0,0.0
2005-11-15 00:00:00-05:00,15.539999961853027,15.539999961853027,15.300000190734863,15.300000190734863,667,0.0,0.0
2005-11-16 00:00:00-05:00,15.300000190734863,15.300000190734863,15.300000190734863,15.300000190734863,0,0.0,0.0
2005-11-17 00:00:00-05:00,15.300000190734863,15.300000190734863,15.300000190734863,15.300000190734863,167,0.0,0.0
2005-11-18 00:00:00-05:00,15.300000190734863,15.300000190734863,15.300000190734863,15.300000190734863,0,0.0,0.0
2005-11-21 00:00:00-05:00,15.300000190734863,15.300000190734863,15.149999618530273,15.149999618530273,200,0.0,0.0
2005-11-22 00:00:00-05:00,15.149999618530273,15.149999618530273,15.149999618530273,15.149999618530273,0,0.0,0.0
2005-11-23 00:00:00-05:00,15.180000305175781,15.8100004196167,15.149999618530273,15.75,1200,0.0,0.0
2005-11-25 00:00:00-05:00,15.75,15.75,15.75,15.75,0,0.0,0.0
2005-11-28 00:00:00-05:00,15.75,15.75,15.75,15.75,0,0.0,0.0
2005-11-29 00:00:00-05:00,15.75,15.75,15.75,15.75,0,0.0,0.0
2005-11-30 00:00:00-05:00,15.600000381469727,15.600000381469727,15.600000381469727,15.600000381469727,133,0.0,0.0
2005-12-01 00:00:00-05:00,15.600000381469727,15.600000381469727,15.600000381469727,15.600000381469727,167,0.0,0.0
2005-12-02 00:00:00-05:00,15.600000381469727,15.600000381469727,15.300000190734863,15.300000190734863,100,0.0,0.0
2005-12-05 00:00:00-05:00,13.800000190734863,15.300000190734863,13.800000190734863,15.0,2433,0.0,0.0
2005-12-06 00:00:00-05:00,15.0,15.149999618530273,14.699999809265137,15.149999618530273,1367,0.0,0.0
2005-12-07 00:00:00-05:00,15.0,15.0,15.0,15.0,467,0.0,0.0
2005-12-08 00:00:00-05:00,14.850000381469727,15.600000381469727,14.699999809265137,15.600000381469727,1300,0.0,0.0
2005-12-09 00:00:00-05:00,15.210000038146973,15.359999656677246,15.210000038146973,15.359999656677246,900,0.0,0.0
2005-12-12 00:00:00-05:00,15.300000190734863,15.449999809265137,14.729999542236328,15.449999809265137,767,0.0,0.0
2005-12-13 00:00:00-05:00,15.029999732971191,15.029999732971191,15.029999732971191,15.029999732971191,33,0.0,0.0
2005-12-14 00:00:00-05:00,15.300000190734863,15.600000381469727,15.300000190734863,15.600000381469727,400,0.0,0.0
2005-12-15 00:00:00-05:00,15.300000190734863,15.899999618530273,15.0,15.869999885559082,2200,0.0,0.0
2005-12-16 00:00:00-05:00,15.75,15.899999618530273,15.75,15.899999618530273,167,0.0,0.0
2005-12-19 00:00:00-05:00,15.600000381469727,15.899999618530273,15.600000381469727,15.8100004196167,167,0.0,0.0
2005-12-20 00:00:00-05:00,15.8100004196167,15.8100004196167,15.8100004196167,15.8100004196167,0,0.0,0.0
2005-12-21 00:00:00-05:00,14.729999542236328,16.5,14.729999542236328,15.600000381469727,1033,0.0,0.0
2005-12-22 00:00:00-05:00,15.600000381469727,15.600000381469727,15.0600004196167,15.0600004196167,267,0.0,0.0
2005-12-23 00:00:00-05:00,15.0,16.5,15.0,16.5,533,0.0,0.0
2005-12-27 00:00:00-05:00,16.200000762939453,16.200000762939453,15.0600004196167,15.300000190734863,300,0.0,0.0
2005-12-28 00:00:00-05:00,16.5,16.5,15.0,15.8100004196167,1133,0.0,0.0
2005-12-29 00:00:00-05:00,15.0600004196167,15.75,14.699999809265137,15.75,433,0.0,0.0
2005-12-30 00:00:00-05:00,15.300000190734863,16.40999984741211,14.699999809265137,15.149999618530273,1067,0.0,0.0
2006-01-03 00:00:00-05:00,15.149999618530273,15.149999618530273,15.149999618530273,15.149999618530273,0,0.0,0.0
2006-01-04 00:00:00-05:00,15.300000190734863,16.200000762939453,14.25,15.149999618530273,4100,0.0,0.0
2006-01-05 00:00:00-05:00,16.31999969482422,16.31999969482422,15.0,16.110000610351562,467,0.0,0.0
2006-01-06 00:00:00-05:00,16.020000457763672,16.020000457763672,15.0,15.390000343322754,1033,0.0,0.0
2006-01-09 00:00:00-05:00,15.0,15.300000190734863,15.0,15.300000190734863,533,0.0,0.0
2006-01-10 00:00:00-05:00,15.0,15.65999984741211,15.0,15.65999984741211,700,0.0,0.0
2006-01-11 00:00:00-05:00,15.6899995803833,16.170000076293945,15.510000228881836,15.899999618530273,2667,0.0,0.0
2006-01-12 00:00:00-05:00,15.899999618530273,17.100000381469727,15.75,16.5,3433,0.0,0.0
2006-01-13 00:00:00-05:00,17.100000381469727,18.0,16.649999618530273,17.549999237060547,867,0.0,0.0
2006-01-17 00:00:00-05:00,17.700000762939453,18.75,17.579999923706055,17.579999923706055,733,0.0,0.0
2006-01-18 00:00:00-05:00,18.0,18.600000381469727,17.549999237060547,17.549999237060547,2500,0.0,0.0
2006-01-19 00:00:00-05:00,17.549999237060547,18.989999771118164,17.280000686645508,18.989999771118164,1667,0.0,0.0
2006-01-20 00:00:00-05:00,18.510000228881836,19.5,18.510000228881836,18.809999465942383,1333,0.0,0.0
2006-01-23 00:00:00-05:00,18.0,19.469999313354492,18.0,18.299999237060547,833,0.0,0.0
2006-01-24 00:00:00-05:00,19.170000076293945,19.5,19.170000076293945,19.5,300,0.0,0.0
2006-01-25 00:00:00-05:00,18.690000534057617,19.200000762939453,18.299999237060547,19.200000762939453,167,0.0,0.0
2006-01-26 00:00:00-05:00,18.030000686645508,18.030000686645508,18.0,18.0,200,0.0,0.0
2006-01-27 00:00:00-05:00,18.239999771118164,18.239999771118164,18.239999771118164,18.239999771118164,233,0.0,0.0
2006-01-30 00:00:00-05:00,18.690000534057617,18.93000030517578,18.239999771118164,18.75,267,0.0,0.0
2006-01-31 00:00:00-05:00,18.75,18.75,18.75,18.75,67,0.0,0.0
2006-02-01 00:00:00-05:00,18.149999618530273,18.149999618530273,18.149999618530273,18.149999618530273,133,0.0,0.0
2006-02-02 00:00:00-05:00,18.030000686645508,19.200000762939453,18.030000686645508,19.200000762939453,1200,0.0,0.0
2006-02-03 00:00:00-05:00,18.059999465942383,18.059999465942383,18.030000686645508,18.030000686645508,167,0.0,0.0
2006-02-06 00:00:00-05:00,18.75,18.75,18.149999618530273,18.75,433,0.0,0.0
2006-02-07 00:00:00-05:00,18.75,18.75,18.75,18.75,0,0.0,0.0
2006-02-08 00:00:00-05:00,18.299999237060547,18.329999923706055,18.299999237060547,18.329999923706055,1433,0.0,0.0
2006-02-09 00:00:00-05:00,18.299999237060547,18.299999237060547,18.0,18.0,667,0.0,0.0
2006-02-10 00:00:00-05:00,18.0,18.0,18.0,18.0,0,0.0,0.0
2006-02-13 00:00:00-05:00,18.1200008392334,18.1200008392334,18.1200008392334,18.1200008392334,67,0.0,0.0
2006-02-14 00:00:00-05:00,18.0,18.0,18.0,18.0,467,0.0,0.0
2006-02-15 00:00:00-05:00,18.149999618530273,18.149999618530273,18.149999618530273,18.149999618530273,67,0.0,0.0
2006-02-16 00:00:00-05:00,18.0,18.1200008392334,17.219999313354492,18.1200008392334,2833,0.0,0.0
2006-02-17 00:00:00-05:00,17.25,18.270000457763672,17.25,17.34000015258789,500,0.0,0.0
2006-02-21 00:00:00-05:00,18.059999465942383,18.09000015258789,16.950000762939453,16.950000762939453,400,0.0,0.0
2006-02-22 00:00:00-05:00,17.100000381469727,17.100000381469727,17.100000381469727,17.100000381469727,67,0.0,0.0
2006-02-23 00:00:00-05:00,18.0,18.0,18.0,18.0,33,0.0,0.0
2006-02-24 00:00:00-05:00,17.280000686645508,17.43000030517578,17.280000686645508,17.43000030517578,100,0.0,0.0
2006-02-27 00:00:00-05:00,16.979999542236328,16.979999542236328,16.799999237060547,16.799999237060547,167,0.0,0.0
2006-02-28 00:00:00-05:00,16.920000076293945,16.920000076293945,16.920000076293945,16.920000076293945,200,0.0,0.0
2006-03-01 00:00:00-05:00,16.920000076293945,16.920000076293945,16.920000076293945,16.920000076293945,0,0.0,0.0
2006-03-02 00:00:00-05:00,16.649999618530273,16.649999618530273,16.649999618530273,16.649999618530273,33,0.0,0.0
2006-03-03 00:00:00-05:00,16.649999618530273,16.68000030517578,16.649999618530273,16.68000030517578,400,0.0,0.0
2006-03-06 00:00:00-05:00,16.59000015258789,16.799999237060547,16.59000015258789,16.799999237060547,500,0.0,0.0
2006-03-07 00:00:00-05:00,16.59000015258789,17.850000381469727,16.5,17.25,833,0.0,0.0
2006-03-08 00:00:00-05:00,17.25,17.25,17.25,17.25,0,0.0,0.0
2006-03-09 00:00:00-05:00,17.25,17.280000686645508,17.25,17.280000686645508,1000,0.0,0.0
2006-03-10 00:00:00-05:00,15.75,16.5,15.75,16.5,1967,0.0,0.0
2006-03-13 00:00:00-05:00,16.5,16.5,16.5,16.5,0,0.0,0.0
2006-03-14 00:00:00-05:00,16.5,16.5,16.5,16.5,0,0.0,0.0
2006-03-15 00:00:00-05:00,16.5,16.5,16.5,16.5,0,0.0,0.0
2006-03-16 00:00:00-05:00,16.5,16.920000076293945,16.170000076293945,16.170000076293945,167,0.0,0.0
2006-03-17 00:00:00-05:00,16.5,16.5,16.5,16.5,433,0.0,0.0
2006-03-20 00:00:00-05:00,15.75,16.889999389648438,15.449999809265137,16.889999389648438,2333,0.0,0.0
2006-03-21 00:00:00-05:00,16.889999389648438,16.889999389648438,16.889999389648438,16.889999389648438,0,0.0,0.0
2006-03-22 00:00:00-05:00,16.5,16.5,16.5,16.5,4667,0.0,0.0
2006-03-23 00:00:00-05:00,16.5,16.5,16.5,16.5,0,0.0,0.0
2006-03-24 00:00:00-05:00,16.5,17.25,16.5,16.5,1033,0.0,0.0
2006-03-27 00:00:00-05:00,16.530000686645508,16.530000686645508,16.200000762939453,16.200000762939453,300,0.0,0.0
2006-03-28 00:00:00-05:00,16.200000762939453,16.200000762939453,16.200000762939453,16.200000762939453,0,0.0,0.0
2006-03-29 00:00:00-05:00,16.200000762939453,16.200000762939453,16.200000762939453,16.200000762939453,0,0.0,0.0
2006-03-30 00:00:00-05:00,16.649999618530273,16.649999618530273,15.600000381469727,15.75,600,0.0,0.0
2006-03-31 00:00:00-05:00,15.75,15.75,15.75,15.75,400,0.0,0.0
2006-04-03 00:00:00-04:00,15.75,15.899999618530273,15.75,15.899999618530273,433,0.0,0.0
2006-04-04 00:00:00-04:00,16.139999389648438,16.139999389648438,15.75,15.75,167,0.0,0.0
2006-04-05 00:00:00-04:00,15.75,16.5,15.75,16.5,233,0.0,0.0
2006-04-06 00:00:00-04:00,15.779999732971191,16.350000381469727,15.779999732971191,16.350000381469727,367,0.0,0.0
2006-04-07 00:00:00-04:00,16.5,16.5,16.469999313354492,16.5,300,0.0,0.0
2006-04-10 00:00:00-04:00,16.3799991607666,16.5,16.3799991607666,16.5,567,0.0,0.0
2006-04-11 00:00:00-04:00,15.930000305175781,15.930000305175781,15.84000015258789,15.930000305175781,167,0.0,0.0
2006-04-12 00:00:00-04:00,16.440000534057617,16.440000534057617,15.930000305175781,15.930000305175781,167,0.0,0.0
2006-04-13 00:00:00-04:00,16.469999313354492,16.469999313354492,16.049999237060547,16.049999237060547,400,0.0,0.0
2006-04-17 00:00:00-04:00,16.469999313354492,16.469999313354492,15.84000015258789,16.40999984741211,200,0.0,0.0
2006-04-18 00:00:00-04:00,15.75,16.5,15.75,15.930000305175781,400,0.0,0.0
2006-04-19 00:00:00-04:00,16.5,16.5,15.75,15.8100004196167,1267,0.0,0.0
2006-04-20 00:00:00-04:00,15.75,15.75,15.630000114440918,15.630000114440918,333,0.0,0.0
2006-04-21 00:00:00-04:00,15.600000381469727,15.75,15.600000381469727,15.600000381469727,1133,0.0,0.0
2006-04-24 00:00:00-04:00,15.420000076293945,15.569999694824219,15.420000076293945,15.569999694824219,167,0.0,0.0
2006-04-25 00:00:00-04:00,15.329999923706055,15.329999923706055,15.329999923706055,15.329999923706055,100,0.0,0.0
2006-04-26 00:00:00-04:00,15.329999923706055,15.600000381469727,15.300000190734863,15.300000190734863,1467,0.0,0.0
2006-04-27 00:00:00-04:00,15.300000190734863,15.449999809265137,15.300000190734863,15.300000190734863,2033,0.0,0.0
2006-04-28 00:00:00-04:00,15.449999809265137,15.449999809265137,15.449999809265137,15.449999809265137,133,0.0,0.0
2006-05-01 00:00:00-04:00,15.600000381469727,17.34000015258789,15.300000190734863,17.34000015258789,2600,0.0,0.0
2006-05-02 00:00:00-04:00,17.43000030517578,18.0,15.930000305175781,18.0,1700,0.0,0.0
2006-05-03 00:00:00-04:00,17.280000686645508,17.850000381469727,17.280000686645508,17.850000381469727,200,0.0,0.0
2006-05-04 00:00:00-04:00,17.850000381469727,17.850000381469727,17.850000381469727,17.850000381469727,100,0.0,0.0
2006-05-05 00:00:00-04:00,17.280000686645508,17.34000015258789,17.280000686645508,17.34000015258789,100,0.0,0.0
2006-05-08 00:00:00-04:00,17.25,17.309999465942383,16.229999542236328,16.229999542236328,833,0.0,0.0
2006-05-09 00:00:00-04:00,16.649999618530273,17.790000915527344,16.649999618530273,17.639999389648438,900,0.0,0.0
2006-05-10 00:00:00-04:00,17.43000030517578,17.850000381469727,17.43000030517578,17.489999771118164,567,0.0,0.0
2006-05-11 00:00:00-04:00,16.920000076293945,17.850000381469727,16.920000076293945,17.010000228881836,233,0.0,0.0
2006-05-12 00:00:00-04:00,17.010000228881836,17.010000228881836,17.010000228881836,17.010000228881836,0,0.0,0.0
2006-05-15 00:00:00-04:00,17.010000228881836,17.010000228881836,17.010000228881836,17.010000228881836,0,0.0,0.0
2006-05-16 00:00:00-04:00,16.649999618530273,16.649999618530273,16.200000762939453,16.200000762939453,1233,0.0,0.0
2006-05-17 00:00:00-04:00,15.65999984741211,16.6200008392334,15.630000114440918,15.989999771118164,2733,0.0,0.0
2006-05-18 00:00:00-04:00,16.200000762939453,16.200000762939453,15.600000381469727,15.600000381469727,867,0.0,0.0
2006-05-19 00:00:00-04:00,15.600000381469727,15.899999618530273,15.600000381469727,15.899999618530273,133,0.0,0.0
2006-05-22 00:00:00-04:00,15.75,15.75,15.75,15.75,133,0.0,0.0
2006-05-23 00:00:00-04:00,15.869999885559082,15.869999885559082,15.600000381469727,15.600000381469727,533,0.0,0.0
2006-05-24 00:00:00-04:00,16.950000762939453,16.950000762939453,16.920000076293945,16.950000762939453,167,0.0,0.0
2006-05-25 00:00:00-04:00,16.5,18.719999313354492,15.84000015258789,17.010000228881836,1367,0.0,0.0
2006-05-26 00:00:00-04:00,17.43000030517578,17.579999923706055,16.530000686645508,16.530000686645508,167,0.0,0.0
2006-05-30 00:00:00-04:00,16.530000686645508,16.530000686645508,16.530000686645508,16.530000686645508,0,0.0,0.0
2006-05-31 00:00:00-04:00,16.5,16.5,16.5,16.5,133,0.0,0.0
2006-06-01 00:00:00-04:00,16.5,16.5,16.5,16.5,0,0.0,0.0
2006-06-02 00:00:00-04:00,16.649999618530273,16.649999618530273,16.350000381469727,16.3799991607666,633,0.0,0.0
2006-06-05 00:00:00-04:00,16.229999542236328,16.229999542236328,15.539999961853027,15.539999961853027,1067,0.0,0.0
2006-06-06 00:00:00-04:00,15.779999732971191,15.989999771118164,15.779999732971191,15.989999771118164,133,0.0,0.0
2006-06-07 00:00:00-04:00,15.989999771118164,15.989999771118164,15.989999771118164,15.989999771118164,0,0.0,0.0
2006-06-08 00:00:00-04:00,15.989999771118164,15.989999771118164,15.989999771118164,15.989999771118164,0,0.0,0.0
2006-06-09 00:00:00-04:00,16.079999923706055,16.3799991607666,15.779999732971191,15.779999732971191,1233,0.0,0.0
2006-06-12 00:00:00-04:00,15.779999732971191,16.170000076293945,15.300000190734863,16.170000076293945,5033,0.0,0.0
2006-06-13 00:00:00-04:00,16.170000076293945,16.170000076293945,16.170000076293945,16.170000076293945,0,0.0,0.0
2006-06-14 00:00:00-04:00,15.479999542236328,15.930000305175781,15.329999923706055,15.449999809265137,6500,0.0,0.0
2006-06-15 00:00:00-04:00,15.8100004196167,15.930000305175781,15.420000076293945,15.899999618530273,3133,0.0,0.0
2006-06-16 00:00:00-04:00,16.139999389648438,16.139999389648438,16.139999389648438,16.139999389648438,33,0.0,0.0
2006-06-19 00:00:00-04:00,15.390000343322754,15.960000038146973,15.359999656677246,15.75,1133,0.0,0.0
2006-06-20 00:00:00-04:00,15.239999771118164,15.449999809265137,15.149999618530273,15.149999618530273,233,0.0,0.0
2006-06-21 00:00:00-04:00,15.149999618530273,15.149999618530273,15.149999618530273,15.149999618530273,0,0.0,0.0
2006-06-22 00:00:00-04:00,15.149999618530273,15.149999618530273,15.149999618530273,15.149999618530273,0,0.0,0.0
2006-06-23 00:00:00-04:00,15.960000038146973,15.960000038146973,15.75,15.75,100,0.0,0.0
2006-06-26 00:00:00-04:00,15.960000038146973,16.079999923706055,15.75,15.75,600,0.0,0.0
2006-06-27 00:00:00-04:00,15.75,16.139999389648438,15.75,16.139999389648438,1433,0.0,0.0
2006-06-28 00:00:00-04:00,15.869999885559082,15.869999885559082,15.75,15.869999885559082,133,0.0,0.0
2006-06-29 00:00:00-04:00,15.869999885559082,15.869999885559082,15.869999885559082,15.869999885559082,0,0.0,0.0
2006-06-30 00:00:00-04:00,15.0,16.170000076293945,15.0,16.170000076293945,200,0.0,0.0
2006-07-03 00:00:00-04:00,16.170000076293945,16.170000076293945,16.170000076293945,16.170000076293945,0,0.0,0.0
2006-07-05 00:00:00-04:00,16.170000076293945,16.170000076293945,16.170000076293945,16.170000076293945,0,0.0,0.0
2006-07-06 00:00:00-04:00,16.170000076293945,16.170000076293945,16.170000076293945,16.170000076293945,0,0.0,0.0
2006-07-07 00:00:00-04:00,15.75,15.75,15.75,15.75,100,0.0,0.0
2006-07-10 00:00:00-04:00,15.0,15.75,15.0,15.65999984741211,1400,0.0,0.0
2006-07-11 00:00:00-04:00,15.0,15.149999618530273,15.0,15.09000015258789,467,0.0,0.0
2006-07-12 00:00:00-04:00,15.119999885559082,15.119999885559082,15.119999885559082,15.119999885559082,67,0.0,0.0
2006-07-13 00:00:00-04:00,15.119999885559082,15.119999885559082,15.119999885559082,15.119999885559082,0,0.0,0.0
2006-07-14 00:00:00-04:00,15.75,15.75,15.029999732971191,15.029999732971191,100,0.0,0.0
2006-07-17 00:00:00-04:00,15.0,15.0,15.0,15.0,1000,0.0,0.0
2006-07-18 00:00:00-04:00,15.0,15.0,15.0,15.0,33,0.0,0.0
2006-07-19 00:00:00-04:00,15.0,15.0,15.0,15.0,133,0.0,0.0
2006-07-20 00:00:00-04:00,15.0,15.0,15.0,15.0,0,0.0,0.0
2006-07-21 00:00:00-04:00,15.0,15.0,15.0,15.0,67,0.0,0.0
2006-07-24 00:00:00-04:00,15.0,15.0,15.0,15.0,1167,0.0,0.0
2006-07-25 00:00:00-04:00,15.449999809265137,15.449999809265137,15.449999809265137,15.449999809265137,333,0.0,0.0
2006-07-26 00:00:00-04:00,14.760000228881836,14.760000228881836,14.760000228881836,14.760000228881836,67,0.0,0.0
2006-07-27 00:00:00-04:00,14.640000343322754,14.640000343322754,14.25,14.399999618530273,167,0.0,0.0
2006-07-28 00:00:00-04:00,14.399999618530273,14.399999618530273,14.399999618530273,14.399999618530273,0,0.0,0.0
2006-07-31 00:00:00-04:00,14.550000190734863,14.550000190734863,14.550000190734863,14.550000190734863,33,0.0,0.0
2006-08-01 00:00:00-04:00,14.550000190734863,14.550000190734863,14.399999618530273,14.399999618530273,367,0.0,0.0
2006-08-02 00:00:00-04:00,14.670000076293945,14.670000076293945,14.670000076293945,14.670000076293945,67,0.0,0.0
2006-08-03 00:00:00-04:00,14.399999618530273,15.0,13.319999694824219,13.5,6833,0.0,0.0
2006-08-04 00:00:00-04:00,13.649999618530273,13.649999618530273,13.649999618530273,13.649999618530273,67,0.0,0.0
2006-08-07 00:00:00-04:00,12.0600004196167,13.5,12.0600004196167,13.5,300,0.0,0.0
2006-08-08 00:00:00-04:00,13.5,13.5,13.5,13.5,0,0.0,0.0
2006-08-09 00:00:00-04:00,13.739999771118164,15.0,13.739999771118164,14.010000228881836,2267,0.0,0.0
2006-08-10 00:00:00-04:00,14.130000114440918,14.130000114440918,14.130000114440918,14.130000114440918,33,0.0,0.0
2006-08-11 00:00:00-04:00,14.130000114440918,15.0,14.130000114440918,15.0,267,0.0,0.0
2006-08-14 00:00:00-04:00,15.0,15.0,15.0,15.0,667,0.0,0.0
2006-08-15 00:00:00-04:00,15.0,15.0,15.0,15.0,367,0.0,0.0
2006-08-16 00:00:00-04:00,15.0,15.6899995803833,15.0,15.6899995803833,867,0.0,0.0
2006-08-17 00:00:00-04:00,15.300000190734863,16.200000762939453,14.15999984741211,14.34000015258789,5167,0.0,0.0
2006-08-18 00:00:00-04:00,14.430000305175781,15.0600004196167,14.430000305175781,15.0600004196167,467,0.0,0.0
2006-08-21 00:00:00-04:00,15.359999656677246,15.75,15.270000457763672,15.270000457763672,200,0.0,0.0
2006-08-22 00:00:00-04:00,15.239999771118164,15.239999771118164,15.239999771118164,15.239999771118164,100,0.0,0.0
2006-08-23 00:00:00-04:00,15.239999771118164,15.239999771118164,15.239999771118164,15.239999771118164,67,0.0,0.0
2006-08-24 00:00:00-04:00,15.210000038146973,15.210000038146973,15.210000038146973,15.210000038146973,33,0.0,0.0
2006-08-25 00:00:00-04:00,15.210000038146973,15.210000038146973,15.210000038146973,15.210000038146973,0,0.0,0.0
2006-08-28 00:00:00-04:00,15.239999771118164,16.170000076293945,15.239999771118164,15.449999809265137,333,0.0,0.0
2006-08-29 00:00:00-04:00,15.449999809265137,15.449999809265137,15.449999809265137,15.449999809265137,0,0.0,0.0
2006-08-30 00:00:00-04:00,14.579999923706055,15.479999542236328,14.579999923706055,15.479999542236328,233,0.0,0.0
2006-08-31 00:00:00-04:00,14.819999694824219,14.819999694824219,14.819999694824219,14.819999694824219,67,0.0,0.0
2006-09-01 00:00:00-04:00,14.729999542236328,15.899999618530273,14.640000343322754,15.899999618530273,467,0.0,0.0
2006-09-05 00:00:00-04:00,15.899999618530273,15.899999618530273,15.899999618530273,15.899999618530273,0,0.0,0.0
2006-09-06 00:00:00-04:00,15.899999618530273,15.899999618530273,15.899999618530273,15.899999618530273,0,0.0,0.0
2006-09-07 00:00:00-04:00,15.899999618530273,15.899999618530273,15.899999618530273,15.899999618530273,0,0.0,0.0
2006-09-08 00:00:00-04:00,15.600000381469727,15.600000381469727,15.600000381469727,15.600000381469727,67,0.0,0.0
2006-09-11 00:00:00-04:00,15.75,15.960000038146973,15.75,15.930000305175781,400,0.0,0.0
2006-09-12 00:00:00-04:00,15.930000305175781,15.930000305175781,15.930000305175781,15.930000305175781,0,0.0,0.0
2006-09-13 00:00:00-04:00,16.170000076293945,16.170000076293945,16.170000076293945,16.170000076293945,33,0.0,0.0
2006-09-14 00:00:00-04:00,16.170000076293945,16.170000076293945,15.989999771118164,15.989999771118164,467,0.0,0.0
2006-09-15 00:00:00-04:00,15.510000228881836,15.510000228881836,15.510000228881836,15.510000228881836,167,0.0,0.0
2006-09-18 00:00:00-04:00,15.510000228881836,15.510000228881836,15.510000228881836,15.510000228881836,0,0.0,0.0
2006-09-19 00:00:00-04:00,15.539999961853027,16.5,15.539999961853027,16.5,333,0.0,0.0
2006-09-20 00:00:00-04:00,16.5,16.5,15.720000267028809,16.5,533,0.0,0.0
2006-09-21 00:00:00-04:00,16.5,16.5,16.5,16.5,0,0.0,0.0
2006-09-22 00:00:00-04:00,16.5,16.5,16.5,16.5,0,0.0,0.0
2006-09-25 00:00:00-04:00,16.5,17.700000762939453,16.3799991607666,17.700000762939453,1533,0.0,0.0
2006-09-26 00:00:00-04:00,18.0,18.0,16.649999618530273,16.649999618530273,2567,0.0,0.0
2006-09-27 00:00:00-04:00,17.399999618530273,18.540000915527344,17.399999618530273,18.510000228881836,3567,0.0,0.0
2006-09-28 00:00:00-04:00,17.850000381469727,18.059999465942383,17.850000381469727,18.030000686645508,733,0.0,0.0
2006-09-29 00:00:00-04:00,18.09000015258789,18.719999313354492,18.09000015258789,18.600000381469727,1800,0.0,0.0
2006-10-02 00:00:00-04:00,18.600000381469727,18.75,17.3700008392334,17.43000030517578,1900,0.0,0.0
2006-10-03 00:00:00-04:00,18.75,18.75,17.190000534057617,17.190000534057617,1000,0.0,0.0
2006-10-04 00:00:00-04:00,17.309999465942383,17.43000030517578,17.309999465942383,17.43000030517578,133,0.0,0.0
2006-10-05 00:00:00-04:00,17.43000030517578,17.700000762939453,17.43000030517578,17.700000762939453,400,0.0,0.0
2006-10-06 00:00:00-04:00,17.700000762939453,17.700000762939453,17.700000762939453,17.700000762939453,0,0.0,0.0
2006-10-09 00:00:00-04:00,18.0,18.75,17.399999618530273,17.850000381469727,1667,0.0,0.0
2006-10-10 00:00:00-04:00,17.850000381469727,18.299999237060547,17.850000381469727,18.299999237060547,667,0.0,0.0
2006-10-11 00:00:00-04:00,18.299999237060547,18.299999237060547,18.299999237060547,18.299999237060547,0,0.0,0.0
2006-10-12 00:00:00-04:00,18.0,18.0,17.670000076293945,17.670000076293945,133,0.0,0.0
2006-10-13 00:00:00-04:00,18.56999969482422,18.56999969482422,18.56999969482422,18.56999969482422,100,0.0,0.0
2006-10-16 00:00:00-04:00,18.510000228881836,18.510000228881836,18.510000228881836,18.510000228881836,67,0.0,0.0
2006-10-17 00:00:00-04:00,18.510000228881836,18.510000228881836,18.510000228881836,18.510000228881836,0,0.0,0.0
2006-10-18 00:00:00-04:00,18.510000228881836,18.510000228881836,18.510000228881836,18.510000228881836,0,0.0,0.0
2006-10-19 00:00:00-04:00,18.420000076293945,18.420000076293945,18.420000076293945,18.420000076293945,33,0.0,0.0
2006-10-20 00:00:00-04:00,18.420000076293945,18.420000076293945,18.420000076293945,18.420000076293945,0,0.0,0.0
2006-10-23 00:00:00-04:00,18.420000076293945,18.420000076293945,18.420000076293945,18.420000076293945,0,0.0,0.0
2006-10-24 00:00:00-04:00,19.200000762939453,19.200000762939453,18.0,18.0,733,0.0,0.0
2006-10-25 00:00:00-04:00,18.6299991607666,18.75,18.299999237060547,18.450000762939453,800,0.0,0.0
2006-10-26 00:00:00-04:00,18.450000762939453,18.719999313354492,18.450000762939453,18.56999969482422,433,0.0,0.0
2006-10-27 00:00:00-04:00,18.75,18.75,18.75,18.75,600,0.0,0.0
2006-10-30 00:00:00-05:00,17.43000030517578,17.549999237060547,17.100000381469727,17.549999237060547,733,0.0,0.0
2006-10-31 00:00:00-05:00,18.0,18.030000686645508,18.0,18.030000686645508,100,0.0,0.0
2006-11-01 00:00:00-05:00,18.030000686645508,18.030000686645508,18.030000686645508,18.030000686645508,233,0.0,0.0
2006-11-02 00:00:00-05:00,18.0,18.0,17.969999313354492,18.0,267,0.0,0.0
2006-11-03 00:00:00-05:00,18.0,18.0,18.0,18.0,0,0.0,0.0
2006-11-06 00:00:00-05:00,16.920000076293945,19.40999984741211,16.920000076293945,19.049999237060547,700,0.0,0.0
2006-11-07 00:00:00-05:00,17.90999984741211,18.0,17.90999984741211,18.0,300,0.0,0.0
2006-11-08 00:00:00-05:00,16.709999084472656,17.81999969482422,16.709999084472656,17.81999969482422,600,0.0,0.0
2006-11-09 00:00:00-05:00,18.0,18.0,18.0,18.0,200,0.0,0.0
2006-11-10 00:00:00-05:00,18.0,18.0,18.0,18.0,0,0.0,0.0
2006-11-13 00:00:00-05:00,18.0,19.200000762939453,17.579999923706055,19.200000762939453,733,0.0,0.0
2006-11-14 00:00:00-05:00,18.030000686645508,19.5,18.030000686645508,19.079999923706055,667,0.0,0.0
2006-11-15 00:00:00-05:00,19.049999237060547,19.049999237060547,18.600000381469727,18.600000381469727,267,0.0,0.0
2006-11-16 00:00:00-05:00,18.6299991607666,18.6299991607666,18.6299991607666,18.6299991607666,67,0.0,0.0
2006-11-17 00:00:00-05:00,18.719999313354492,19.139999389648438,18.6299991607666,19.139999389648438,167,0.0,0.0
2006-11-20 00:00:00-05:00,18.780000686645508,19.049999237060547,18.209999084472656,19.049999237060547,1100,0.0,0.0
2006-11-21 00:00:00-05:00,19.049999237060547,19.049999237060547,19.049999237060547,19.049999237060547,0,0.0,0.0
2006-11-22 00:00:00-05:00,18.360000610351562,19.079999923706055,18.0,19.079999923706055,400,0.0,0.0
2006-11-24 00:00:00-05:00,19.079999923706055,19.079999923706055,19.079999923706055,19.079999923706055,0,0.0,0.0
2006-11-27 00:00:00-05:00,19.079999923706055,19.079999923706055,19.079999923706055,19.079999923706055,0,0.0,0.0
2006-11-28 00:00:00-05:00,19.079999923706055,19.079999923706055,19.079999923706055,19.079999923706055,0,0.0,0.0
2006-11-29 00:00:00-05:00,18.899999618530273,18.899999618530273,18.899999618530273,18.899999618530273,467,0.0,0.0
2006-11-30 00:00:00-05:00,18.93000030517578,18.959999084472656,17.309999465942383,18.1200008392334,1167,0.0,0.0
2006-12-01 00:00:00-05:00,18.1200008392334,19.200000762939453,17.8799991607666,19.200000762939453,1167,0.0,0.0
2006-12-04 00:00:00-05:00,19.200000762939453,19.200000762939453,19.200000762939453,19.200000762939453,0,0.0,0.0
2006-12-05 00:00:00-05:00,19.200000762939453,19.200000762939453,19.200000762939453,19.200000762939453,0,0.0,0.0
2006-12-06 00:00:00-05:00,18.389999389648438,19.200000762939453,18.389999389648438,19.200000762939453,100,0.0,0.0
2006-12-07 00:00:00-05:00,18.479999542236328,18.540000915527344,18.479999542236328,18.540000915527344,67,0.0,0.0
2006-12-08 00:00:00-05:00,18.540000915527344,18.540000915527344,18.540000915527344,18.540000915527344,0,0.0,0.0
2006-12-11 00:00:00-05:00,18.540000915527344,18.540000915527344,18.540000915527344,18.540000915527344,0,0.0,0.0
2006-12-12 00:00:00-05:00,18.540000915527344,18.540000915527344,18.540000915527344,18.540000915527344,0,0.0,0.0
2006-12-13 00:00:00-05:00,19.170000076293945,19.170000076293945,19.170000076293945,19.170000076293945,100,0.0,0.0
2006-12-14 00:00:00-05:00,18.450000762939453,19.350000381469727,18.450000762939453,19.350000381469727,700,0.0,0.0
2006-12-15 00:00:00-05:00,19.350000381469727,19.350000381469727,19.350000381469727,19.350000381469727,0,0.0,0.0
2006-12-18 00:00:00-05:00,19.350000381469727,19.350000381469727,19.350000381469727,19.350000381469727,0,0.0,0.0
2006-12-19 00:00:00-05:00,19.350000381469727,19.350000381469727,19.350000381469727,19.350000381469727,0,0.0,0.0
2006-12-20 00:00:00-05:00,19.350000381469727,19.350000381469727,19.350000381469727,19.350000381469727,0,0.0,0.0
2006-12-21 00:00:00-05:00,19.350000381469727,19.350000381469727,19.350000381469727,19.350000381469727,33,0.0,0.0
2006-12-22 00:00:00-05:00,19.350000381469727,20.670000076293945,17.90999984741211,18.84000015258789,19200,0.0,0.0
2006-12-26 00:00:00-05:00,18.899999618530273,18.899999618530273,16.530000686645508,17.940000534057617,6100,0.0,0.0
2006-12-27 00:00:00-05:00,17.729999542236328,18.360000610351562,17.700000762939453,17.969999313354492,467,0.0,0.0
2006-12-28 00:00:00-05:00,18.329999923706055,18.329999923706055,17.969999313354492,17.969999313354492,333,0.0,0.0
2006-12-29 00:00:00-05:00,17.549999237060547,18.149999618530273,17.15999984741211,18.0,2167,0.0,0.0
2007-01-03 00:00:00-05:00,18.0,18.0,18.0,18.0,0,0.0,0.0
2007-01-04 00:00:00-05:00,17.06999969482422,17.790000915527344,16.649999618530273,17.700000762939453,2600,0.0,0.0
2007-01-05 00:00:00-05:00,17.639999389648438,17.700000762939453,16.68000030517578,17.670000076293945,1400,0.0,0.0
2007-01-08 00:00:00-05:00,17.010000228881836,17.579999923706055,16.979999542236328,17.399999618530273,633,0.0,0.0
2007-01-09 00:00:00-05:00,17.399999618530273,17.399999618530273,17.399999618530273,17.399999618530273,0,0.0,0.0
2007-01-10 00:00:00-05:00,17.34000015258789,18.0,17.25,17.670000076293945,1700,0.0,0.0
2007-01-11 00:00:00-05:00,17.100000381469727,17.760000228881836,17.100000381469727,17.760000228881836,100,0.0,0.0
2007-01-12 00:00:00-05:00,17.309999465942383,17.8799991607666,17.100000381469727,17.8799991607666,733,0.0,0.0
2007-01-16 00:00:00-05:00,17.43000030517578,17.43000030517578,17.040000915527344,17.43000030517578,200,0.0,0.0
2007-01-17 00:00:00-05:00,17.700000762939453,17.700000762939453,16.5,16.5,2067,0.0,0.0
2007-01-18 00:00:00-05:00,16.5,16.889999389648438,16.5,16.860000610351562,200,0.0,0.0
2007-01-19 00:00:00-05:00,16.709999084472656,18.0,16.200000762939453,16.649999618530273,2833,0.0,0.0
2007-01-22 00:00:00-05:00,17.34000015258789,17.34000015258789,16.110000610351562,16.229999542236328,1133,0.0,0.0
2007-01-23 00:00:00-05:00,16.5,16.5,16.5,16.5,400,0.0,0.0
2007-01-24 00:00:00-05:00,16.950000762939453,16.950000762939453,16.950000762939453,16.950000762939453,33,0.0,0.0
2007-01-25 00:00:00-05:00,16.5,16.5,16.5,16.5,67,0.0,0.0
2007-01-26 00:00:00-05:00,16.5,16.5,16.5,16.5,100,0.0,0.0
2007-01-29 00:00:00-05:00,16.139999389648438,16.799999237060547,16.139999389648438,16.799999237060547,367,0.0,0.0
2007-01-30 00:00:00-05:00,16.979999542236328,16.979999542236328,16.979999542236328,16.979999542236328,167,0.0,0.0
2007-01-31 00:00:00-05:00,16.799999237060547,17.100000381469727,16.799999237060547,17.100000381469727,367,0.0,0.0
2007-02-01 00:00:00-05:00,17.100000381469727,17.100000381469727,17.100000381469727,17.100000381469727,67,0.0,0.0
2007-02-02 00:00:00-05:00,16.739999771118164,17.25,16.739999771118164,17.25,2433,0.0,0.0
2007-02-05 00:00:00-05:00,17.25,17.25,17.25,17.25,267,0.0,0.0
2007-02-06 00:00:00-05:00,17.25,17.549999237060547,17.25,17.25,2167,0.0,0.0
2007-02-07 00:00:00-05:00,16.889999389648438,17.520000457763672,16.889999389648438,17.520000457763672,1333,0.0,0.0
2007-02-08 00:00:00-05:00,16.799999237060547,17.489999771118164,16.5,17.489999771118164,1467,0.0,0.0
2007-02-09 00:00:00-05:00,17.520000457763672,17.549999237060547,17.520000457763672,17.549999237060547,333,0.0,0.0
2007-02-12 00:00:00-05:00,17.25,17.25,17.25,17.25,767,0.0,0.0
2007-02-13 00:00:00-05:00,16.829999923706055,16.829999923706055,16.5,16.5,333,0.0,0.0
2007-02-14 00:00:00-05:00,16.5,16.5,16.5,16.5,0,0.0,0.0
2007-02-15 00:00:00-05:00,16.049999237060547,16.139999389648438,16.049999237060547,16.139999389648438,133,0.0,0.0
2007-02-16 00:00:00-05:00,16.559999465942383,16.559999465942383,16.530000686645508,16.559999465942383,167,0.0,0.0
2007-02-20 00:00:00-05:00,16.5,16.5,15.8100004196167,15.8100004196167,867,0.0,0.0
2007-02-21 00:00:00-05:00,15.8100004196167,15.8100004196167,15.8100004196167,15.8100004196167,0,0.0,0.0
2007-02-22 00:00:00-05:00,15.8100004196167,15.8100004196167,15.8100004196167,15.8100004196167,0,0.0,0.0
2007-02-23 00:00:00-05:00,15.8100004196167,15.8100004196167,15.8100004196167,15.8100004196167,0,0.0,0.0
2007-02-26 00:00:00-05:00,15.8100004196167,15.8100004196167,15.8100004196167,15.8100004196167,0,0.0,0.0
2007-02-27 00:00:00-05:00,15.8100004196167,15.8100004196167,15.8100004196167,15.8100004196167,0,0.0,0.0
2007-02-28 00:00:00-05:00,16.5,16.5,16.5,16.5,333,0.0,0.0
2007-03-01 00:00:00-05:00,16.5,16.5,16.5,16.5,0,0.0,0.0
2007-03-02 00:00:00-05:00,15.989999771118164,15.989999771118164,15.899999618530273,15.899999618530273,200,0.0,0.0
2007-03-05 00:00:00-05:00,16.290000915527344,16.290000915527344,15.65999984741211,15.65999984741211,200,0.0,0.0
2007-03-06 00:00:00-05:00,15.930000305175781,16.200000762939453,14.460000038146973,15.989999771118164,2100,0.0,0.0
2007-03-07 00:00:00-05:00,15.09000015258789,15.09000015258789,15.09000015258789,15.09000015258789,33,0.0,0.0
2007-03-08 00:00:00-05:00,15.09000015258789,15.09000015258789,15.09000015258789,15.09000015258789,0,0.0,0.0
2007-03-09 00:00:00-05:00,15.09000015258789,15.09000015258789,15.09000015258789,15.09000015258789,0,0.0,0.0
2007-03-12 00:00:00-04:00,15.300000190734863,15.75,15.300000190734863,15.75,333,0.0,0.0
2007-03-13 00:00:00-04:00,16.110000610351562,16.110000610351562,15.720000267028809,15.720000267028809,367,0.0,0.0
2007-03-14 00:00:00-04:00,15.420000076293945,15.420000076293945,14.279999732971191,14.9399995803833,633,0.0,0.0
2007-03-15 00:00:00-04:00,14.640000343322754,15.029999732971191,14.25,15.0,633,0.0,0.0
2007-03-16 00:00:00-04:00,14.489999771118164,15.149999618530273,14.489999771118164,15.0600004196167,1267,0.0,0.0
2007-03-19 00:00:00-04:00,16.229999542236328,16.229999542236328,16.229999542236328,16.229999542236328,500,0.0,0.0
2007-03-20 00:00:00-04:00,16.229999542236328,16.229999542236328,16.229999542236328,16.229999542236328,100,0.0,0.0
2007-03-21 00:00:00-04:00,16.200000762939453,16.200000762939453,15.0,15.0,3467,0.0,0.0
2007-03-22 00:00:00-04:00,16.200000762939453,16.200000762939453,16.200000762939453,16.200000762939453,33,0.0,0.0
2007-03-23 00:00:00-04:00,16.200000762939453,16.260000228881836,15.960000038146973,15.960000038146973,533,0.0,0.0
2007-03-26 00:00:00-04:00,15.210000038146973,16.020000457763672,15.210000038146973,15.960000038146973,700,0.0,0.0
2007-03-27 00:00:00-04:00,14.670000076293945,16.440000534057617,14.670000076293945,16.440000534057617,933,0.0,0.0
2007-03-28 00:00:00-04:00,15.630000114440918,17.100000381469727,15.630000114440918,16.200000762939453,567,0.0,0.0
2007-03-29 00:00:00-04:00,16.200000762939453,16.200000762939453,16.200000762939453,16.200000762939453,0,0.0,0.0
2007-03-30 00:00:00-04:00,16.200000762939453,16.200000762939453,16.200000762939453,16.200000762939453,0,0.0,0.0
2007-04-02 00:00:00-04:00,15.0600004196167,15.600000381469727,15.0600004196167,15.600000381469727,167,0.0,0.0
2007-04-03 00:00:00-04:00,15.75,15.75,15.029999732971191,15.449999809265137,1167,0.0,0.0
2007-04-04 00:00:00-04:00,15.420000076293945,15.449999809265137,14.970000267028809,15.449999809265137,2933,0.0,0.0
2007-04-05 00:00:00-04:00,16.079999923706055,16.079999923706055,15.600000381469727,15.600000381469727,2867,0.0,0.0
2007-04-09 00:00:00-04:00,15.600000381469727,15.600000381469727,15.600000381469727,15.600000381469727,0,0.0,0.0
2007-04-10 00:00:00-04:00,15.600000381469727,15.600000381469727,15.600000381469727,15.600000381469727,0,0.0,0.0
2007-04-11 00:00:00-04:00,15.899999618530273,15.899999618530273,15.75,15.75,767,0.0,0.0
2007-04-12 00:00:00-04:00,15.510000228881836,16.530000686645508,15.270000457763672,15.270000457763672,1533,0.0,0.0
2007-04-13 00:00:00-04:00,16.079999923706055,16.079999923706055,16.079999923706055,16.079999923706055,200,0.0,0.0
2007-04-16 00:00:00-04:00,16.290000915527344,16.290000915527344,16.049999237060547,16.139999389648438,967,0.0,0.0
2007-04-17 00:00:00-04:00,16.139999389648438,16.139999389648438,16.139999389648438,16.139999389648438,0,0.0,0.0
2007-04-18 00:00:00-04:00,16.139999389648438,16.139999389648438,16.139999389648438,16.139999389648438,0,0.0,0.0
2007-04-19 00:00:00-04:00,16.139999389648438,16.139999389648438,16.139999389648438,16.139999389648438,0,0.0,0.0
2007-04-20 00:00:00-04:00,16.290000915527344,16.5,16.290000915527344,16.5,233,0.0,0.0
2007-04-23 00:00:00-04:00,15.930000305175781,15.930000305175781,15.930000305175781,15.930000305175781,67,0.0,0.0
2007-04-24 00:00:00-04:00,15.630000114440918,15.6899995803833,15.630000114440918,15.6899995803833,133,0.0,0.0
2007-04-25 00:00:00-04:00,16.799999237060547,16.799999237060547,16.559999465942383,16.799999237060547,767,0.0,0.0
2007-04-26 00:00:00-04:00,15.869999885559082,15.869999885559082,15.869999885559082,15.869999885559082,33,0.0,0.0
2007-04-27 00:00:00-04:00,16.5,16.920000076293945,16.200000762939453,16.920000076293945,1033,0.0,0.0
2007-04-30 00:00:00-04:00,16.200000762939453,16.920000076293945,15.65999984741211,16.260000228881836,1800,0.0,0.0
2007-05-01 00:00:00-04:00,16.770000457763672,16.799999237060547,16.5,16.5,900,0.0,0.0
2007-05-02 00:00:00-04:00,16.139999389648438,16.68000030517578,16.049999237060547,16.59000015258789,733,0.0,0.0
2007-05-03 00:00:00-04:00,15.630000114440918,16.920000076293945,15.630000114440918,16.40999984741211,567,0.0,0.0
2007-05-04 00:00:00-04:00,16.350000381469727,16.350000381469727,16.350000381469727,16.350000381469727,33,0.0,0.0
2007-05-07 00:00:00-04:00,16.350000381469727,16.350000381469727,16.350000381469727,16.350000381469727,0,0.0,0.0
2007-05-08 00:00:00-04:00,16.350000381469727,16.350000381469727,16.350000381469727,16.350000381469727,0,0.0,0.0
2007-05-09 00:00:00-04:00,16.350000381469727,16.350000381469727,16.350000381469727,16.350000381469727,0,0.0,0.0
2007-05-10 00:00:00-04:00,17.969999313354492,17.969999313354492,17.969999313354492,17.969999313354492,100,0.0,0.0
2007-05-11 00:00:00-04:00,18.0,18.0,18.0,18.0,333,0.0,0.0
2007-05-14 00:00:00-04:00,17.969999313354492,17.969999313354492,17.940000534057617,17.940000534057617,633,0.0,0.0
2007-05-15 00:00:00-04:00,17.25,17.90999984741211,16.920000076293945,16.920000076293945,1500,0.0,0.0
2007-05-16 00:00:00-04:00,16.920000076293945,16.920000076293945,16.920000076293945,16.920000076293945,0,0.0,0.0
2007-05-17 00:00:00-04:00,16.920000076293945,16.920000076293945,16.920000076293945,16.920000076293945,0,0.0,0.0
2007-05-18 00:00:00-04:00,16.950000762939453,16.950000762939453,16.860000610351562,16.860000610351562,733,0.0,0.0
2007-05-21 00:00:00-04:00,16.950000762939453,17.399999618530273,16.799999237060547,16.950000762939453,2367,0.0,0.0
2007-05-22 00:00:00-04:00,16.889999389648438,16.889999389648438,16.889999389648438,16.889999389648438,133,0.0,0.0
2007-05-23 00:00:00-04:00,16.6200008392334,16.6200008392334,16.229999542236328,16.5,400,0.0,0.0
2007-05-24 00:00:00-04:00,15.930000305175781,16.59000015258789,15.930000305175781,16.59000015258789,2467,0.0,0.0
2007-05-25 00:00:00-04:00,15.899999618530273,16.110000610351562,15.359999656677246,15.65999984741211,1633,0.0,0.0
2007-05-29 00:00:00-04:00,15.270000457763672,16.3799991607666,15.270000457763672,15.930000305175781,1000,0.0,0.0
2007-05-30 00:00:00-04:00,15.390000343322754,15.510000228881836,15.390000343322754,15.510000228881836,100,0.0,0.0
2007-05-31 00:00:00-04:00,15.960000038146973,16.31999969482422,15.600000381469727,16.31999969482422,367,0.0,0.0
2007-06-01 00:00:00-04:00,15.899999618530273,16.260000228881836,15.899999618530273,16.260000228881836,100,0.0,0.0
2007-06-04 00:00:00-04:00,15.8100004196167,15.8100004196167,15.8100004196167,15.8100004196167,33,0.0,0.0
2007-06-05 00:00:00-04:00,15.8100004196167,15.8100004196167,15.8100004196167,15.8100004196167,0,0.0,0.0
2007-06-06 00:00:00-04:00,15.8100004196167,15.8100004196167,15.8100004196167,15.8100004196167,0,0.0,0.0
2007-06-07 00:00:00-04:00,15.75,16.170000076293945,15.390000343322754,15.390000343322754,333,0.0,0.0
2007-06-08 00:00:00-04:00,15.869999885559082,15.869999885559082,15.449999809265137,15.449999809265137,300,0.0,0.0
2007-06-11 00:00:00-04:00,15.6899995803833,16.170000076293945,15.6899995803833,15.75,2833,0.0,0.0
2007-06-12 00:00:00-04:00,15.8100004196167,15.8100004196167,15.8100004196167,15.8100004196167,33,0.0,0.0
2007-06-13 00:00:00-04:00,16.079999923706055,16.079999923706055,15.84000015258789,15.84000015258789,200,0.0,0.0
2007-06-14 00:00:00-04:00,15.899999618530273,16.049999237060547,15.6899995803833,15.6899995803833,233,0.0,0.0
2007-06-15 00:00:00-04:00,15.6899995803833,15.6899995803833,15.6899995803833,15.6899995803833,0,0.0,0.0
2007-06-18 00:00:00-04:00,15.6899995803833,15.6899995803833,15.6899995803833,15.6899995803833,0,0.0,0.0
2007-06-19 00:00:00-04:00,15.119999885559082,15.75,15.119999885559082,15.75,567,0.0,0.0
2007-06-20 00:00:00-04:00,15.779999732971191,16.200000762939453,15.779999732971191,16.170000076293945,7200,0.0,0.0
2007-06-21 00:00:00-04:00,16.170000076293945,16.170000076293945,16.170000076293945,16.170000076293945,0,0.0,0.0
2007-06-22 00:00:00-04:00,17.399999618530273,17.700000762939453,17.34000015258789,17.700000762939453,533,0.0,0.0
2007-06-25 00:00:00-04:00,17.700000762939453,17.969999313354492,16.68000030517578,16.709999084472656,933,0.0,0.0
2007-06-26 00:00:00-04:00,17.670000076293945,17.850000381469727,16.6200008392334,16.950000762939453,400,0.0,0.0
2007-06-27 00:00:00-04:00,17.459999084472656,17.549999237060547,16.889999389648438,17.25,1267,0.0,0.0
2007-06-28 00:00:00-04:00,17.579999923706055,17.670000076293945,17.579999923706055,17.670000076293945,900,0.0,0.0
2007-06-29 00:00:00-04:00,17.579999923706055,17.850000381469727,17.579999923706055,17.610000610351562,933,0.0,0.0
2007-07-02 00:00:00-04:00,18.0,18.0,17.579999923706055,17.579999923706055,133,0.0,0.0
2007-07-03 00:00:00-04:00,17.579999923706055,17.8799991607666,17.579999923706055,17.579999923706055,467,0.0,0.0
2007-07-05 00:00:00-04:00,18.0,18.18000030517578,18.0,18.149999618530273,2567,0.0,0.0
2007-07-06 00:00:00-04:00,18.299999237060547,18.420000076293945,18.030000686645508,18.030000686645508,333,0.0,0.0
2007-07-09 00:00:00-04:00,18.0,18.450000762939453,18.0,18.030000686645508,1100,0.0,0.0
2007-07-10 00:00:00-04:00,18.75,18.75,18.6299991607666,18.690000534057617,600,0.0,0.0
2007-07-11 00:00:00-04:00,18.299999237060547,18.56999969482422,18.0,18.059999465942383,1833,0.0,0.0
2007-07-12 00:00:00-04:00,18.75,18.75,18.0,18.329999923706055,1867,0.0,0.0
2007-07-13 00:00:00-04:00,18.299999237060547,18.299999237060547,18.299999237060547,18.299999237060547,433,0.0,0.0
2007-07-16 00:00:00-04:00,18.0,18.059999465942383,18.0,18.059999465942383,633,0.0,0.0
2007-07-17 00:00:00-04:00,18.059999465942383,18.059999465942383,18.059999465942383,18.059999465942383,33,0.0,0.0
2007-07-18 00:00:00-04:00,18.0,18.299999237060547,18.0,18.030000686645508,133,0.0,0.0
2007-07-19 00:00:00-04:00,18.299999237060547,18.6299991607666,18.299999237060547,18.360000610351562,500,0.0,0.0
2007-07-20 00:00:00-04:00,18.360000610351562,18.360000610351562,18.360000610351562,18.360000610351562,0,0.0,0.0
2007-07-23 00:00:00-04:00,18.149999618530273,18.149999618530273,18.0,18.0,333,0.0,0.0
2007-07-24 00:00:00-04:00,18.360000610351562,18.360000610351562,18.149999618530273,18.360000610351562,1367,0.0,0.0
2007-07-25 00:00:00-04:00,18.360000610351562,18.360000610351562,18.360000610351562,18.360000610351562,167,0.0,0.0
2007-07-26 00:00:00-04:00,18.360000610351562,18.360000610351562,18.360000610351562,18.360000610351562,0,0.0,0.0
2007-07-27 00:00:00-04:00,18.360000610351562,18.360000610351562,18.360000610351562,18.360000610351562,0,0.0,0.0
2007-07-30 00:00:00-04:00,18.09000015258789,18.719999313354492,18.09000015258789,18.719999313354492,133,0.0,0.0
2007-07-31 00:00:00-04:00,18.75,18.75,18.75,18.75,67,0.0,0.0
2007-08-01 00:00:00-04:00,18.75,18.75,17.700000762939453,17.700000762939453,3567,0.0,0.0
2007-08-02 00:00:00-04:00,18.0,18.0,18.0,18.0,2467,0.0,0.0
2007-08-03 00:00:00-04:00,18.0,18.0,18.0,18.0,67,0.0,0.0
2007-08-06 00:00:00-04:00,18.059999465942383,18.059999465942383,18.0,18.0,933,0.0,0.0
2007-08-07 00:00:00-04:00,18.0,18.0,18.0,18.0,0,0.0,0.0
2007-08-08 00:00:00-04:00,18.270000457763672,18.75,18.270000457763672,18.75,1000,0.0,0.0
2007-08-09 00:00:00-04:00,18.75,18.75,18.75,18.75,0,0.0,0.0
2007-08-10 00:00:00-04:00,18.030000686645508,18.360000610351562,18.0,18.09000015258789,733,0.0,0.0
2007-08-13 00:00:00-04:00,18.600000381469727,18.600000381469727,18.0,18.0,1000,0.0,0.0
2007-08-14 00:00:00-04:00,18.0,18.030000686645508,15.359999656677246,15.359999656677246,4100,0.0,0.0
2007-08-15 00:00:00-04:00,14.90999984741211,14.90999984741211,11.850000381469727,14.279999732971191,10000,0.0,0.0
2007-08-16 00:00:00-04:00,14.100000381469727,14.550000190734863,13.170000076293945,14.550000190734863,1300,0.0,0.0
2007-08-17 00:00:00-04:00,14.699999809265137,15.300000190734863,14.369999885559082,15.270000457763672,1067,0.0,0.0
2007-08-20 00:00:00-04:00,14.850000381469727,15.0,14.699999809265137,14.699999809265137,733,0.0,0.0
2007-08-21 00:00:00-04:00,14.699999809265137,14.699999809265137,14.699999809265137,14.699999809265137,0,0.0,0.0
2007-08-22 00:00:00-04:00,15.390000343322754,15.390000343322754,15.390000343322754,15.390000343322754,67,0.0,0.0
2007-08-23 00:00:00-04:00,16.799999237060547,16.799999237060547,15.0600004196167,15.0600004196167,433,0.0,0.0
2007-08-24 00:00:00-04:00,15.0,15.0,15.0,15.0,133,0.0,0.0
2007-08-27 00:00:00-04:00,15.359999656677246,16.200000762939453,14.699999809265137,14.699999809265137,1033,0.0,0.0
2007-08-28 00:00:00-04:00,14.699999809265137,14.699999809265137,14.699999809265137,14.699999809265137,0,0.0,0.0
2007-08-29 00:00:00-04:00,14.699999809265137,16.079999923706055,14.699999809265137,14.789999961853027,333,0.0,0.0
2007-08-30 00:00:00-04:00,14.789999961853027,14.789999961853027,14.789999961853027,14.789999961853027,0,0.0,0.0
2007-08-31 00:00:00-04:00,14.789999961853027,14.789999961853027,14.789999961853027,14.789999961853027,0,0.0,0.0
2007-09-04 00:00:00-04:00,15.300000190734863,15.300000190734863,14.399999618530273,14.699999809265137,2300,0.0,0.0
2007-09-05 00:00:00-04:00,14.699999809265137,14.699999809265137,14.699999809265137,14.699999809265137,0,0.0,0.0
2007-09-06 00:00:00-04:00,14.699999809265137,14.699999809265137,14.699999809265137,14.699999809265137,167,0.0,0.0
2007-09-07 00:00:00-04:00,14.699999809265137,14.699999809265137,14.699999809265137,14.699999809265137,0,0.0,0.0
2007-09-10 00:00:00-04:00,15.149999618530273,15.720000267028809,14.880000114440918,14.880000114440918,500,0.0,0.0
2007-09-11 00:00:00-04:00,15.0,15.329999923706055,15.0,15.300000190734863,233,0.0,0.0
2007-09-12 00:00:00-04:00,15.359999656677246,15.449999809265137,15.359999656677246,15.359999656677246,333,0.0,0.0
2007-09-13 00:00:00-04:00,15.420000076293945,15.75,15.420000076293945,15.75,333,0.0,0.0
2007-09-14 00:00:00-04:00,15.779999732971191,15.779999732971191,15.779999732971191,15.779999732971191,100,0.0,0.0
2007-09-17 00:00:00-04:00,15.600000381469727,15.600000381469727,15.600000381469727,15.600000381469727,67,0.0,0.0
2007-09-18 00:00:00-04:00,15.75,16.110000610351562,14.25,16.110000610351562,1467,0.0,0.0
2007-09-19 00:00:00-04:00,15.329999923706055,15.329999923706055,14.699999809265137,14.699999809265137,333,0.0,0.0
2007-09-20 00:00:00-04:00,15.65999984741211,15.65999984741211,15.65999984741211,15.65999984741211,67,0.0,0.0
2007-09-21 00:00:00-04:00,15.65999984741211,15.65999984741211,15.65999984741211,15.65999984741211,0,0.0,0.0
2007-09-24 00:00:00-04:00,15.65999984741211,15.65999984741211,15.65999984741211,15.65999984741211,0,0.0,0.0
2007-09-25 00:00:00-04:00,15.75,16.049999237060547,15.75,16.049999237060547,300,0.0,0.0
2007-09-26 00:00:00-04:00,16.049999237060547,16.049999237060547,16.049999237060547,16.049999237060547,0,0.0,0.0
2007-09-27 00:00:00-04:00,16.110000610351562,16.110000610351562,16.110000610351562,16.110000610351562,33,0.0,0.0
2007-09-28 00:00:00-04:00,15.329999923706055,16.40999984741211,15.329999923706055,16.40999984741211,667,0.0,0.0
2007-10-01 00:00:00-04:00,16.770000457763672,17.25,16.770000457763672,17.100000381469727,2000,0.0,0.0
2007-10-02 00:00:00-04:00,16.649999618530273,17.25,16.649999618530273,17.25,600,0.0,0.0
2007-10-03 00:00:00-04:00,17.25,17.25,17.25,17.25,300,0.0,0.0
2007-10-04 00:00:00-04:00,17.25,17.25,17.25,17.25,0,0.0,0.0
2007-10-05 00:00:00-04:00,17.25,17.25,17.25,17.25,500,0.0,0.0
2007-10-08 00:00:00-04:00,17.25,17.25,17.25,17.25,0,0.0,0.0
2007-10-09 00:00:00-04:00,17.25,17.25,17.25,17.25,167,0.0,0.0
2007-10-10 00:00:00-04:00,17.280000686645508,18.0,15.449999809265137,17.639999389648438,4600,0.0,0.0
2007-10-11 00:00:00-04:00,17.639999389648438,17.639999389648438,17.639999389648438,17.639999389648438,0,0.0,0.0
2007-10-12 00:00:00-04:00,17.43000030517578,17.43000030517578,17.43000030517578,17.43000030517578,33,0.0,0.0
2007-10-15 00:00:00-04:00,17.969999313354492,17.969999313354492,17.43000030517578,17.43000030517578,233,0.0,0.0
2007-10-16 00:00:00-04:00,18.0,18.75,18.0,18.75,1000,0.0,0.0
2007-10-17 00:00:00-04:00,17.43000030517578,17.43000030517578,17.43000030517578,17.43000030517578,33,0.0,0.0
2007-10-18 00:00:00-04:00,17.43000030517578,17.43000030517578,17.43000030517578,17.43000030517578,0,0.0,0.0
2007-10-19 00:00:00-04:00,18.75,18.75,18.270000457763672,18.75,233,0.0,0.0
2007-10-22 00:00:00-04:00,18.75,18.75,18.75,18.75,0,0.0,0.0
2007-10-23 00:00:00-04:00,18.75,18.75,18.75,18.75,100,0.0,0.0
2007-10-24 00:00:00-04:00,16.770000457763672,18.75,16.770000457763672,17.43000030517578,200,0.0,0.0
2007-10-25 00:00:00-04:00,16.829999923706055,17.010000228881836,16.799999237060547,16.799999237060547,133,0.0,0.0
2007-10-26 00:00:00-04:00,16.799999237060547,16.799999237060547,16.799999237060547,16.799999237060547,0,0.0,0.0
2007-10-29 00:00:00-04:00,17.06999969482422,17.06999969482422,16.889999389648438,16.889999389648438,67,0.0,0.0
2007-10-30 00:00:00-04:00,18.420000076293945,18.75,18.389999389648438,18.75,300,0.0,0.0
2007-10-31 00:00:00-04:00,18.75,18.75,18.75,18.75,0,0.0,0.0
2007-11-01 00:00:00-04:00,18.75,18.75,18.75,18.75,0,0.0,0.0
2007-11-02 00:00:00-04:00,18.719999313354492,18.899999618530273,18.719999313354492,18.75,1833,0.0,0.0
2007-11-05 00:00:00-05:00,18.75,18.75,18.75,18.75,0,0.0,0.0
2007-11-06 00:00:00-05:00,17.459999084472656,17.610000610351562,17.43000030517578,17.43000030517578,700,0.0,0.0
2007-11-07 00:00:00-05:00,17.43000030517578,17.43000030517578,17.43000030517578,17.43000030517578,0,0.0,0.0
2007-11-08 00:00:00-05:00,17.43000030517578,17.43000030517578,17.43000030517578,17.43000030517578,0,0.0,0.0
2007-11-09 00:00:00-05:00,17.43000030517578,17.43000030517578,17.43000030517578,17.43000030517578,0,0.0,0.0
2007-11-12 00:00:00-05:00,16.5,16.5,15.899999618530273,15.899999618530273,67,0.0,0.0
2007-11-13 00:00:00-05:00,15.899999618530273,15.899999618530273,15.899999618530273,15.899999618530273,0,0.0,0.0
2007-11-14 00:00:00-05:00,15.899999618530273,15.899999618530273,15.899999618530273,15.899999618530273,0,0.0,0.0
2007-11-15 00:00:00-05:00,16.649999618530273,18.0,16.649999618530273,18.0,433,0.0,0.0
2007-11-16 00:00:00-05:00,18.0,18.0,18.0,18.0,0,0.0,0.0
2007-11-19 00:00:00-05:00,18.0,18.0,18.0,18.0,0,0.0,0.0
2007-11-20 00:00:00-05:00,16.649999618530273,16.649999618530273,16.649999618530273,16.649999618530273,100,0.0,0.0
2007-11-21 00:00:00-05:00,17.100000381469727,17.100000381469727,16.649999618530273,17.100000381469727,533,0.0,0.0
2007-11-23 00:00:00-05:00,17.100000381469727,17.100000381469727,17.100000381469727,17.100000381469727,0,0.0,0.0
2007-11-26 00:00:00-05:00,17.100000381469727,17.100000381469727,17.100000381469727,17.100000381469727,0,0.0,0.0
2007-11-27 00:00:00-05:00,16.649999618530273,16.649999618530273,16.649999618530273,16.649999618530273,133,0.0,0.0
2007-11-28 00:00:00-05:00,16.649999618530273,16.649999618530273,16.649999618530273,16.649999618530273,0,0.0,0.0
2007-11-29 00:00:00-05:00,16.649999618530273,16.649999618530273,16.649999618530273,16.649999618530273,0,0.0,0.0
2007-11-30 00:00:00-05:00,16.649999618530273,16.649999618530273,16.649999618530273,16.649999618530273,0,0.0,0.0
2007-12-03 00:00:00-05:00,16.649999618530273,16.649999618530273,16.649999618530273,16.649999618530273,0,0.0,0.0
2007-12-04 00:00:00-05:00,16.649999618530273,16.649999618530273,16.649999618530273,16.649999618530273,0,0.0,0.0
2007-12-05 00:00:00-05:00,16.649999618530273,16.649999618530273,16.649999618530273,16.649999618530273,0,0.0,0.0
2007-12-06 00:00:00-05:00,18.0,18.0,18.0,18.0,167,0.0,0.0
2007-12-07 00:00:00-05:00,18.75,18.899999618530273,18.510000228881836,18.510000228881836,1067,0.0,0.0
2007-12-10 00:00:00-05:00,18.510000228881836,18.510000228881836,18.510000228881836,18.510000228881836,0,0.0,0.0
2007-12-11 00:00:00-05:00,17.850000381469727,17.969999313354492,16.770000457763672,17.969999313354492,1200,0.0,0.0
2007-12-12 00:00:00-05:00,17.190000534057617,17.190000534057617,17.190000534057617,17.190000534057617,33,0.0,0.0
2007-12-13 00:00:00-05:00,17.280000686645508,17.280000686645508,17.280000686645508,17.280000686645508,300,0.0,0.0
2007-12-14 00:00:00-05:00,18.600000381469727,18.6299991607666,18.600000381469727,18.6299991607666,733,0.0,0.0
2007-12-17 00:00:00-05:00,18.0,18.0,16.920000076293945,16.920000076293945,100,0.0,0.0
2007-12-18 00:00:00-05:00,18.0,18.0,16.559999465942383,16.559999465942383,267,0.0,0.0
2007-12-19 00:00:00-05:00,16.59000015258789,16.59000015258789,16.3799991607666,16.3799991607666,100,0.0,0.0
2007-12-20 00:00:00-05:00,16.200000762939453,16.260000228881836,15.149999618530273,15.300000190734863,1900,0.0,0.0
2007-12-21 00:00:00-05:00,15.899999618530273,16.350000381469727,15.899999618530273,16.350000381469727,367,0.0,0.0
2007-12-24 00:00:00-05:00,16.350000381469727,16.350000381469727,16.350000381469727,16.350000381469727,0,0.0,0.0
2007-12-26 00:00:00-05:00,16.350000381469727,16.350000381469727,16.350000381469727,16.350000381469727,0,0.0,0.0
2007-12-27 00:00:00-05:00,16.6200008392334,16.6200008392334,16.6200008392334,16.6200008392334,33,0.0,0.0
2007-12-28 00:00:00-05:00,15.75,15.75,15.75,15.75,33,0.0,0.0
2007-12-31 00:00:00-05:00,16.649999618530273,18.0,16.649999618530273,17.06999969482422,1333,0.0,0.0
2008-01-02 00:00:00-05:00,17.06999969482422,17.06999969482422,17.06999969482422,17.06999969482422,0,0.0,0.0
2008-01-03 00:00:00-05:00,18.299999237060547,18.299999237060547,16.799999237060547,16.799999237060547,267,0.0,0.0
2008-01-04 00:00:00-05:00,15.84000015258789,18.75,15.449999809265137,16.5,3300,0.0,0.0
2008-01-07 00:00:00-05:00,15.0600004196167,18.420000076293945,15.0600004196167,18.420000076293945,167,0.0,0.0
2008-01-08 00:00:00-05:00,18.420000076293945,18.420000076293945,18.420000076293945,18.420000076293945,0,0.0,0.0
2008-01-09 00:00:00-05:00,18.299999237060547,18.75,18.0,18.75,1100,0.0,0.0
2008-01-10 00:00:00-05:00,18.75,18.75,18.75,18.75,0,0.0,0.0
2008-01-11 00:00:00-05:00,15.0600004196167,18.600000381469727,15.0600004196167,18.600000381469727,133,0.0,0.0
2008-01-14 00:00:00-05:00,18.0,18.0,18.0,18.0,167,0.0,0.0
2008-01-15 00:00:00-05:00,18.0,18.0,18.0,18.0,0,0.0,0.0
2008-01-16 00:00:00-05:00,18.0,18.0,18.0,18.0,0,0.0,0.0
2008-01-17 00:00:00-05:00,16.020000457763672,16.020000457763672,15.0,15.899999618530273,267,0.0,0.0
2008-01-18 00:00:00-05:00,15.899999618530273,15.899999618530273,15.899999618530273,15.899999618530273,0,0.0,0.0
2008-01-22 00:00:00-05:00,16.799999237060547,16.799999237060547,15.329999923706055,16.799999237060547,133,0.0,0.0
2008-01-23 00:00:00-05:00,15.420000076293945,16.770000457763672,15.420000076293945,16.770000457763672,167,0.0,0.0
2008-01-24 00:00:00-05:00,16.5,18.0,16.5,18.0,233,0.0,0.0
2008-01-25 00:00:00-05:00,17.100000381469727,17.100000381469727,17.100000381469727,17.100000381469727,67,0.0,0.0
2008-01-28 00:00:00-05:00,17.100000381469727,17.100000381469727,17.100000381469727,17.100000381469727,0,0.0,0.0
2008-01-29 00:00:00-05:00,16.5,16.649999618530273,16.5,16.5,200,0.0,0.0
2008-01-30 00:00:00-05:00,16.5,16.5,16.5,16.5,33,0.0,0.0
2008-01-31 00:00:00-05:00,17.850000381469727,17.850000381469727,17.850000381469727,17.850000381469727,67,0.0,0.0
2008-02-01 00:00:00-05:00,17.25,17.25,15.479999542236328,17.100000381469727,133,0.0,0.0
2008-02-04 00:00:00-05:00,15.510000228881836,17.190000534057617,15.510000228881836,15.510000228881836,733,0.0,0.0
2008-02-05 00:00:00-05:00,16.5,17.850000381469727,14.609999656677246,15.0,967,0.0,0.0
2008-02-06 00:00:00-05:00,15.569999694824219,15.569999694824219,15.569999694824219,15.569999694824219,33,0.0,0.0
2008-02-07 00:00:00-05:00,15.569999694824219,15.569999694824219,15.569999694824219,15.569999694824219,0,0.0,0.0
2008-02-08 00:00:00-05:00,16.469999313354492,17.489999771118164,15.899999618530273,16.799999237060547,1433,0.0,0.0
2008-02-11 00:00:00-05:00,16.559999465942383,16.559999465942383,16.559999465942383,16.559999465942383,33,0.0,0.0
2008-02-12 00:00:00-05:00,16.950000762939453,16.950000762939453,15.149999618530273,15.149999618530273,100,0.0,0.0
2008-02-13 00:00:00-05:00,15.359999656677246,15.359999656677246,15.359999656677246,15.359999656677246,33,0.0,0.0
2008-02-14 00:00:00-05:00,15.359999656677246,15.359999656677246,15.359999656677246,15.359999656677246,0,0.0,0.0
2008-02-15 00:00:00-05:00,15.149999618530273,15.149999618530273,15.149999618530273,15.149999618530273,200,0.0,0.0
2008-02-19 00:00:00-05:00,15.359999656677246,15.539999961853027,15.300000190734863,15.300000190734863,533,0.0,0.0
2008-02-20 00:00:00-05:00,15.149999618530273,15.300000190734863,14.670000076293945,15.300000190734863,667,0.0,0.0
2008-02-21 00:00:00-05:00,15.270000457763672,15.300000190734863,15.0,15.0,13833,0.0,0.0
2008-02-22 00:00:00-05:00,15.029999732971191,15.239999771118164,14.970000267028809,15.239999771118164,133,0.0,0.0
2008-02-25 00:00:00-05:00,15.239999771118164,15.239999771118164,15.239999771118164,15.239999771118164,0,0.0,0.0
2008-02-26 00:00:00-05:00,15.300000190734863,16.170000076293945,14.880000114440918,15.180000305175781,1200,0.0,0.0
2008-02-27 00:00:00-05:00,15.420000076293945,15.449999809265137,15.420000076293945,15.449999809265137,67,0.0,0.0
2008-02-28 00:00:00-05:00,15.449999809265137,15.449999809265137,15.449999809265137,15.449999809265137,0,0.0,0.0
2008-02-29 00:00:00-05:00,15.449999809265137,15.449999809265137,15.449999809265137,15.449999809265137,0,0.0,0.0
2008-03-03 00:00:00-05:00,15.449999809265137,15.449999809265137,15.449999809265137,15.449999809265137,0,0.0,0.0
2008-03-04 00:00:00-05:00,15.149999618530273,15.149999618530273,15.149999618530273,15.149999618530273,33,0.0,0.0
2008-03-05 00:00:00-05:00,14.550000190734863,15.0,14.550000190734863,15.0,367,0.0,0.0
2008-03-06 00:00:00-05:00,15.029999732971191,15.029999732971191,15.029999732971191,15.029999732971191,67,0.0,0.0
2008-03-07 00:00:00-05:00,15.0,15.0600004196167,15.0,15.0600004196167,167,0.0,0.0
2008-03-10 00:00:00-04:00,15.029999732971191,15.029999732971191,15.029999732971191,15.029999732971191,200,0.0,0.0
2008-03-11 00:00:00-04:00,15.029999732971191,16.469999313354492,15.029999732971191,16.469999313354492,1267,0.0,0.0
2008-03-12 00:00:00-04:00,15.029999732971191,15.029999732971191,14.550000190734863,15.029999732971191,233,0.0,0.0
2008-03-13 00:00:00-04:00,14.550000190734863,16.200000762939453,14.550000190734863,16.200000762939453,133,0.0,0.0
2008-03-14 00:00:00-04:00,16.200000762939453,16.200000762939453,16.200000762939453,16.200000762939453,0,0.0,0.0
2008-03-17 00:00:00-04:00,14.789999961853027,16.5,14.550000190734863,16.3799991607666,1300,0.0,0.0
2008-03-18 00:00:00-04:00,16.3799991607666,16.469999313354492,16.290000915527344,16.3799991607666,333,0.0,0.0
2008-03-19 00:00:00-04:00,17.190000534057617,17.190000534057617,17.190000534057617,17.190000534057617,33,0.0,0.0
2008-03-20 00:00:00-04:00,16.260000228881836,16.260000228881836,14.550000190734863,14.970000267028809,2333,0.0,0.0
2008-03-24 00:00:00-04:00,14.670000076293945,16.110000610351562,14.579999923706055,16.110000610351562,500,0.0,0.0
2008-03-25 00:00:00-04:00,16.110000610351562,16.110000610351562,16.110000610351562,16.110000610351562,0,0.0,0.0
2008-03-26 00:00:00-04:00,16.110000610351562,16.110000610351562,16.110000610351562,16.110000610351562,0,0.0,0.0
2008-03-27 00:00:00-04:00,15.0600004196167,15.0600004196167,15.0600004196167,15.0600004196167,67,0.0,0.0
2008-03-28 00:00:00-04:00,14.550000190734863,15.75,14.550000190734863,15.75,167,0.0,0.0
2008-03-31 00:00:00-04:00,15.75,15.75,15.75,15.75,0,0.0,0.0
2008-04-01 00:00:00-04:00,15.0600004196167,15.0600004196167,15.0,15.0600004196167,167,0.0,0.0
2008-04-02 00:00:00-04:00,15.0600004196167,15.0600004196167,15.0600004196167,15.0600004196167,67,0.0,0.0
2008-04-03 00:00:00-04:00,14.550000190734863,16.440000534057617,14.550000190734863,16.350000381469727,200,0.0,0.0
2008-04-04 00:00:00-04:00,16.049999237060547,16.139999389648438,14.579999923706055,15.0,1167,0.0,0.0
2008-04-07 00:00:00-04:00,15.0,15.0,15.0,15.0,67,0.0,0.0
2008-04-08 00:00:00-04:00,16.3799991607666,16.5,16.3799991607666,16.5,633,0.0,0.0
2008-04-09 00:00:00-04:00,16.5,16.5,16.5,16.5,0,0.0,0.0
2008-04-10 00:00:00-04:00,15.0,15.0,15.0,15.0,167,0.0,0.0
2008-04-11 00:00:00-04:00,15.0,16.5,15.0,16.5,800,0.0,0.0
2008-04-14 00:00:00-04:00,15.0,20.969999313354492,14.699999809265137,15.479999542236328,28467,0.0,0.0
2008-04-15 00:00:00-04:00,15.75,15.75,15.75,15.75,167,0.0,0.0
2008-04-16 00:00:00-04:00,15.75,15.75,14.880000114440918,15.0,2600,0.0,0.0
2008-04-17 00:00:00-04:00,14.90999984741211,14.90999984741211,14.90999984741211,14.90999984741211,100,0.0,0.0
2008-04-18 00:00:00-04:00,14.850000381469727,14.970000267028809,14.850000381469727,14.970000267028809,200,0.0,0.0
2008-04-21 00:00:00-04:00,14.699999809265137,16.049999237060547,14.699999809265137,16.049999237060547,1833,0.0,0.0
2008-04-22 00:00:00-04:00,15.449999809265137,15.449999809265137,15.449999809265137,15.449999809265137,67,0.0,0.0
2008-04-23 00:00:00-04:00,14.399999618530273,15.300000190734863,14.399999618530273,15.300000190734863,67,0.0,0.0
2008-04-24 00:00:00-04:00,15.359999656677246,15.359999656677246,15.359999656677246,15.359999656677246,33,0.0,0.0
2008-04-25 00:00:00-04:00,15.359999656677246,15.359999656677246,15.359999656677246,15.359999656677246,0,0.0,0.0
2008-04-28 00:00:00-04:00,15.359999656677246,15.359999656677246,15.359999656677246,15.359999656677246,0,0.0,0.0
2008-04-29 00:00:00-04:00,15.359999656677246,15.359999656677246,15.359999656677246,15.359999656677246,0,0.0,0.0
2008-04-30 00:00:00-04:00,15.0,15.0,15.0,15.0,67,0.0,0.0
2008-05-01 00:00:00-04:00,15.0600004196167,15.0600004196167,15.0600004196167,15.0600004196167,33,0.0,0.0
2008-05-02 00:00:00-04:00,15.0600004196167,15.0600004196167,15.0600004196167,15.0600004196167,0,0.0,0.0
2008-05-05 00:00:00-04:00,15.029999732971191,15.119999885559082,14.550000190734863,15.119999885559082,133,0.0,0.0
2008-05-06 00:00:00-04:00,15.029999732971191,15.09000015258789,14.850000381469727,14.850000381469727,2433,0.0,0.0
2008-05-07 00:00:00-04:00,14.850000381469727,14.850000381469727,14.850000381469727,14.850000381469727,0,0.0,0.0
2008-05-08 00:00:00-04:00,14.579999923706055,15.569999694824219,14.579999923706055,15.569999694824219,433,0.0,0.0
2008-05-09 00:00:00-04:00,14.579999923706055,14.579999923706055,14.550000190734863,14.550000190734863,167,0.0,0.0
2008-05-12 00:00:00-04:00,14.550000190734863,14.550000190734863,14.550000190734863,14.550000190734863,0,0.0,0.0
2008-05-13 00:00:00-04:00,15.0,15.0,14.550000190734863,14.550000190734863,367,0.0,0.0
2008-05-14 00:00:00-04:00,14.550000190734863,14.550000190734863,14.550000190734863,14.550000190734863,67,0.0,0.0
2008-05-15 00:00:00-04:00,14.550000190734863,15.0600004196167,13.350000381469727,14.970000267028809,600,0.0,0.0
2008-05-16 00:00:00-04:00,14.970000267028809,14.970000267028809,14.970000267028809,14.970000267028809,0,0.0,0.0
2008-05-19 00:00:00-04:00,13.289999961853027,14.550000190734863,13.199999809265137,14.520000457763672,133,0.0,0.0
2008-05-20 00:00:00-04:00,13.199999809265137,14.520000457763672,13.199999809265137,14.520000457763672,100,0.0,0.0
2008-05-21 00:00:00-04:00,14.520000457763672,14.520000457763672,14.520000457763672,14.520000457763672,67,0.0,0.0
2008-05-22 00:00:00-04:00,14.399999618530273,14.399999618530273,14.399999618530273,14.399999618530273,33,0.0,0.0
2008-05-23 00:00:00-04:00,14.399999618530273,14.399999618530273,14.399999618530273,14.399999618530273,0,0.0,0.0
2008-05-27 00:00:00-04:00,14.699999809265137,14.699999809265137,14.699999809265137,14.699999809265137,33,0.0,0.0
2008-05-28 00:00:00-04:00,14.699999809265137,14.699999809265137,14.699999809265137,14.699999809265137,67,0.0,0.0
2008-05-29 00:00:00-04:00,14.699999809265137,14.699999809265137,14.699999809265137,14.699999809265137,0,0.0,0.0
2008-05-30 00:00:00-04:00,14.699999809265137,14.699999809265137,14.699999809265137,14.699999809265137,0,0.0,0.0
2008-06-02 00:00:00-04:00,14.399999618530273,14.399999618530273,14.399999618530273,14.399999618530273,33,0.0,0.0
2008-06-03 00:00:00-04:00,13.319999694824219,14.279999732971191,13.319999694824219,14.279999732971191,67,0.0,0.0
2008-06-04 00:00:00-04:00,14.399999618530273,14.399999618530273,14.399999618530273,14.399999618530273,33,0.0,0.0
2008-06-05 00:00:00-04:00,14.430000305175781,14.430000305175781,14.430000305175781,14.430000305175781,33,0.0,0.0
2008-06-06 00:00:00-04:00,14.34000015258789,14.399999618530273,14.34000015258789,14.399999618530273,100,0.0,0.0
2008-06-09 00:00:00-04:00,13.350000381469727,13.350000381469727,13.350000381469727,13.350000381469727,67,0.0,0.0
2008-06-10 00:00:00-04:00,13.350000381469727,13.350000381469727,13.350000381469727,13.350000381469727,0,0.0,0.0
2008-06-11 00:00:00-04:00,13.289999961853027,13.289999961853027,11.90999984741211,13.170000076293945,333,0.0,0.0
2008-06-12 00:00:00-04:00,12.600000381469727,12.600000381469727,12.300000190734863,12.300000190734863,467,0.0,0.0
2008-06-13 00:00:00-04:00,13.050000190734863,13.170000076293945,12.149999618530273,13.170000076293945,200,0.0,0.0
2008-06-16 00:00:00-04:00,13.170000076293945,13.170000076293945,13.170000076293945,13.170000076293945,0,0.0,0.0
2008-06-17 00:00:00-04:00,12.149999618530273,12.960000038146973,11.729999542236328,12.960000038146973,1133,0.0,0.0
2008-06-18 00:00:00-04:00,11.789999961853027,12.0,11.789999961853027,12.0,333,0.0,0.0
2008-06-19 00:00:00-04:00,12.270000457763672,12.300000190734863,12.270000457763672,12.300000190734863,2367,0.0,0.0
2008-06-20 00:00:00-04:00,12.0,12.0,12.0,12.0,67,0.0,0.0
2008-06-23 00:00:00-04:00,12.0,12.0,12.0,12.0,0,0.0,0.0
2008-06-24 00:00:00-04:00,12.0,12.0,12.0,12.0,267,0.0,0.0
2008-06-25 00:00:00-04:00,12.0,12.300000190734863,10.5600004196167,10.5600004196167,367,0.0,0.0
2008-06-26 00:00:00-04:00,10.020000457763672,10.020000457763672,8.130000114440918,8.460000038146973,4400,0.0,0.0
2008-06-27 00:00:00-04:00,8.1899995803833,8.1899995803833,6.239999771118164,6.239999771118164,3467,0.0,0.0
2008-06-30 00:00:00-04:00,6.989999771118164,7.170000076293945,6.269999980926514,6.300000190734863,2200,0.0,0.0
2008-07-01 00:00:00-04:00,6.300000190734863,6.300000190734863,6.0,6.0,3200,0.0,0.0
2008-07-02 00:00:00-04:00,6.869999885559082,7.170000076293945,6.869999885559082,7.170000076293945,167,0.0,0.0
2008-07-03 00:00:00-04:00,6.75,9.0,6.0,9.0,5233,0.0,0.0
2008-07-07 00:00:00-04:00,6.300000190734863,7.650000095367432,6.300000190734863,7.5,533,0.0,0.0
2008-07-08 00:00:00-04:00,6.300000190734863,6.300000190734863,6.300000190734863,6.300000190734863,267,0.0,0.0
2008-07-09 00:00:00-04:00,6.300000190734863,6.300000190734863,6.300000190734863,6.300000190734863,0,0.0,0.0
2008-07-10 00:00:00-04:00,7.710000038146973,9.0,7.710000038146973,8.550000190734863,800,0.0,0.0
2008-07-11 00:00:00-04:00,7.230000019073486,7.230000019073486,6.599999904632568,6.71999979019165,967,0.0,0.0
2008-07-14 00:00:00-04:00,6.03000020980835,6.539999961853027,3.059999942779541,3.690000057220459,19300,0.0,0.0
2008-07-15 00:00:00-04:00,4.110000133514404,4.559999942779541,3.5999999046325684,4.559999942779541,3667,0.0,0.0
2008-07-16 00:00:00-04:00,4.679999828338623,5.789999961853027,4.260000228881836,4.800000190734863,3333,0.0,0.0
2008-07-17 00:00:00-04:00,6.420000076293945,12.84000015258789,6.420000076293945,7.920000076293945,21667,0.0,0.0
2008-07-18 00:00:00-04:00,7.5,10.829999923706055,6.0,8.430000305175781,4133,0.0,0.0
2008-07-21 00:00:00-04:00,9.0,9.0,7.559999942779541,8.25,800,0.0,0.0
2008-07-22 00:00:00-04:00,8.970000267028809,8.970000267028809,7.590000152587891,8.520000457763672,2133,0.0,0.0
2008-07-23 00:00:00-04:00,8.699999809265137,9.0,7.590000152587891,9.0,700,0.0,0.0
2008-07-24 00:00:00-04:00,9.0600004196167,9.0600004196167,9.0600004196167,9.0600004196167,67,0.0,0.0
2008-07-25 00:00:00-04:00,9.029999732971191,9.029999732971191,7.800000190734863,7.800000190734863,267,0.0,0.0
2008-07-28 00:00:00-04:00,7.650000095367432,7.829999923706055,7.590000152587891,7.739999771118164,133,0.0,0.0
2008-07-29 00:00:00-04:00,7.739999771118164,7.739999771118164,7.739999771118164,7.739999771118164,0,0.0,0.0
2008-07-30 00:00:00-04:00,7.590000152587891,7.590000152587891,7.5,7.5,733,0.0,0.0
2008-07-31 00:00:00-04:00,7.559999942779541,7.559999942779541,7.5,7.559999942779541,1267,0.0,0.0
2008-08-01 00:00:00-04:00,7.5,7.619999885559082,7.5,7.5,1167,0.0,0.0
2008-08-04 00:00:00-04:00,7.5,7.5,7.5,7.5,333,0.0,0.0
2008-08-05 00:00:00-04:00,7.5,7.5,7.5,7.5,0,0.0,0.0
2008-08-06 00:00:00-04:00,7.5,7.5,7.5,7.5,0,0.0,0.0
2008-08-07 00:00:00-04:00,7.5,7.5,7.5,7.5,0,0.0,0.0
2008-08-08 00:00:00-04:00,7.5,7.5,7.5,7.5,0,0.0,0.0
2008-08-11 00:00:00-04:00,8.970000267028809,10.5,8.970000267028809,10.5,1333,0.0,0.0
2008-08-12 00:00:00-04:00,10.5,10.5,9.119999885559082,10.319999694824219,933,0.0,0.0
2008-08-13 00:00:00-04:00,10.319999694824219,10.319999694824219,10.319999694824219,10.319999694824219,0,0.0,0.0
2008-08-14 00:00:00-04:00,9.75,9.75,9.75,9.75,33,0.0,0.0
2008-08-15 00:00:00-04:00,10.4399995803833,10.5,9.600000381469727,10.5,500,0.0,0.0
2008-08-18 00:00:00-04:00,10.5,10.5,10.5,10.5,0,0.0,0.0
2008-08-19 00:00:00-04:00,10.5,10.5,10.5,10.5,0,0.0,0.0
2008-08-20 00:00:00-04:00,10.5,10.5,10.5,10.5,100,0.0,0.0
2008-08-21 00:00:00-04:00,9.119999885559082,9.119999885559082,9.0,9.0,100,0.0,0.0
2008-08-22 00:00:00-04:00,8.670000076293945,9.0,7.559999942779541,7.559999942779541,167,0.0,0.0
2008-08-25 00:00:00-04:00,10.350000381469727,10.350000381469727,7.5,7.5,600,0.0,0.0
2008-08-26 00:00:00-04:00,7.5,7.650000095367432,7.5,7.650000095367432,167,0.0,0.0
2008-08-27 00:00:00-04:00,7.650000095367432,7.650000095367432,7.650000095367432,7.650000095367432,0,0.0,0.0
2008-08-28 00:00:00-04:00,7.650000095367432,7.650000095367432,7.650000095367432,7.650000095367432,0,0.0,0.0
2008-08-29 00:00:00-04:00,7.650000095367432,7.650000095367432,7.650000095367432,7.650000095367432,0,0.0,0.0
2008-09-02 00:00:00-04:00,7.800000190734863,8.100000381469727,7.800000190734863,8.100000381469727,67,0.0,0.0
2008-09-03 00:00:00-04:00,7.650000095367432,7.650000095367432,6.150000095367432,6.150000095367432,667,0.0,0.0
2008-09-04 00:00:00-04:00,6.900000095367432,6.900000095367432,6.900000095367432,6.900000095367432,67,0.0,0.0
2008-09-05 00:00:00-04:00,6.900000095367432,6.900000095367432,6.900000095367432,6.900000095367432,0,0.0,0.0
2008-09-08 00:00:00-04:00,6.900000095367432,6.900000095367432,6.900000095367432,6.900000095367432,300,0.0,0.0
2008-09-09 00:00:00-04:00,6.75,6.75,6.75,6.75,267,0.0,0.0
2008-09-10 00:00:00-04:00,6.75,6.75,6.75,6.75,0,0.0,0.0
2008-09-11 00:00:00-04:00,7.139999866485596,8.100000381469727,7.050000190734863,7.980000019073486,233,0.0,0.0
2008-09-12 00:00:00-04:00,7.170000076293945,7.170000076293945,7.170000076293945,7.170000076293945,33,0.0,0.0
2008-09-15 00:00:00-04:00,7.170000076293945,7.170000076293945,7.170000076293945,7.170000076293945,0,0.0,0.0
2008-09-16 00:00:00-04:00,8.069999694824219,8.069999694824219,6.599999904632568,6.599999904632568,200,0.0,0.0
2008-09-17 00:00:00-04:00,6.599999904632568,6.599999904632568,6.599999904632568,6.599999904632568,0,0.0,0.0
2008-09-18 00:00:00-04:00,6.599999904632568,6.599999904632568,6.599999904632568,6.599999904632568,0,0.0,0.0
2008-09-19 00:00:00-04:00,6.599999904632568,6.599999904632568,6.599999904632568,6.599999904632568,0,0.0,0.0
2008-09-22 00:00:00-04:00,6.599999904632568,6.599999904632568,6.599999904632568,6.599999904632568,100,0.0,0.0
2008-09-23 00:00:00-04:00,6.599999904632568,6.599999904632568,6.599999904632568,6.599999904632568,0,0.0,0.0
2008-09-24 00:00:00-04:00,6.989999771118164,8.819999694824219,6.71999979019165,6.809999942779541,1967,0.0,0.0
2008-09-25 00:00:00-04:00,6.809999942779541,6.809999942779541,6.0,6.0,3000,0.0,0.0
2008-09-26 00:00:00-04:00,6.0,8.25,6.0,6.179999828338623,11033,0.0,0.0
2008-09-29 00:00:00-04:00,6.0,6.0,6.0,6.0,67,0.0,0.0
2008-09-30 00:00:00-04:00,6.75,6.75,6.75,6.75,533,0.0,0.0
2008-10-01 00:00:00-04:00,6.75,8.850000381469727,6.239999771118164,7.050000190734863,1500,0.0,0.0
2008-10-02 00:00:00-04:00,8.850000381469727,8.850000381469727,6.0,6.0,1700,0.0,0.0
2008-10-03 00:00:00-04:00,6.0,6.0,6.0,6.0,0,0.0,0.0
2008-10-06 00:00:00-04:00,6.300000190734863,7.949999809265137,6.0,6.0,867,0.0,0.0
2008-10-07 00:00:00-04:00,6.0,6.0,4.679999828338623,4.679999828338623,100,0.0,0.0
2008-10-08 00:00:00-04:00,5.25,7.289999961853027,4.800000190734863,4.860000133514404,1833,0.0,0.0
2008-10-09 00:00:00-04:00,4.860000133514404,4.860000133514404,4.860000133514404,4.860000133514404,0,0.0,0.0
2008-10-10 00:00:00-04:00,4.949999809265137,5.28000020980835,4.949999809265137,5.28000020980835,133,0.0,0.0
2008-10-13 00:00:00-04:00,7.739999771118164,7.769999980926514,5.099999904632568,6.71999979019165,1967,0.0,0.0
2008-10-14 00:00:00-04:00,6.71999979019165,6.71999979019165,6.71999979019165,6.71999979019165,33,0.0,0.0
2008-10-15 00:00:00-04:00,4.949999809265137,4.949999809265137,3.869999885559082,3.869999885559082,467,0.0,0.0
2008-10-16 00:00:00-04:00,6.300000190734863,6.300000190734863,6.150000095367432,6.150000095367432,500,0.0,0.0
2008-10-17 00:00:00-04:00,6.150000095367432,6.150000095367432,6.150000095367432,6.150000095367432,0,0.0,0.0
2008-10-20 00:00:00-04:00,4.679999828338623,5.429999828338623,2.2799999713897705,3.809999942779541,7133,0.0,0.0
2008-10-21 00:00:00-04:00,3.5999999046325684,4.199999809265137,2.700000047683716,3.450000047683716,16933,0.0,0.0
2008-10-22 00:00:00-04:00,3.690000057220459,3.75,3.1500000953674316,3.299999952316284,3067,0.0,0.0
2008-10-23 00:00:00-04:00,3.299999952316284,3.299999952316284,3.299999952316284,3.299999952316284,0,0.0,0.0
2008-10-24 00:00:00-04:00,3.1500000953674316,3.450000047683716,3.0,3.1500000953674316,1267,0.0,0.0
2008-10-27 00:00:00-04:00,3.0,3.0,2.2799999713897705,2.700000047683716,2533,0.0,0.0
2008-10-28 00:00:00-04:00,2.7300000190734863,3.0,2.7300000190734863,3.0,767,0.0,0.0
2008-10-29 00:00:00-04:00,3.299999952316284,5.010000228881836,2.9700000286102295,5.010000228881836,1600,0.0,0.0
2008-10-30 00:00:00-04:00,3.0899999141693115,4.349999904632568,2.7300000190734863,4.170000076293945,5067,0.0,0.0
2008-10-31 00:00:00-04:00,4.170000076293945,4.170000076293945,4.170000076293945,4.170000076293945,0,0.0,0.0
2008-11-03 00:00:00-05:00,3.75,3.75,2.549999952316284,3.7200000286102295,1767,0.0,0.0
2008-11-04 00:00:00-05:00,3.059999942779541,3.5999999046325684,3.059999942779541,3.569999933242798,933,0.0,0.0
2008-11-05 00:00:00-05:00,3.5999999046325684,3.5999999046325684,3.5999999046325684,3.5999999046325684,200,0.0,0.0
2008-11-06 00:00:00-05:00,3.4200000762939453,3.4200000762939453,3.0,3.059999942779541,1467,0.0,0.0
2008-11-07 00:00:00-05:00,3.059999942779541,3.059999942779541,3.059999942779541,3.059999942779541,0,0.0,0.0
2008-11-10 00:00:00-05:00,3.0,5.039999961853027,3.0,3.630000114440918,4033,0.0,0.0
2008-11-11 00:00:00-05:00,3.930000066757202,3.930000066757202,3.930000066757202,3.930000066757202,333,0.0,0.0
2008-11-12 00:00:00-05:00,4.409999847412109,4.409999847412109,3.630000114440918,3.630000114440918,200,0.0,0.0
2008-11-13 00:00:00-05:00,3.630000114440918,3.630000114440918,3.630000114440918,3.630000114440918,0,0.0,0.0
2008-11-14 00:00:00-05:00,4.050000190734863,4.409999847412109,4.050000190734863,4.409999847412109,900,0.0,0.0
2008-11-17 00:00:00-05:00,4.349999904632568,4.349999904632568,4.050000190734863,4.050000190734863,500,0.0,0.0
2008-11-18 00:00:00-05:00,4.5,6.510000228881836,4.260000228881836,4.349999904632568,367,0.0,0.0
2008-11-19 00:00:00-05:00,4.349999904632568,4.349999904632568,3.930000066757202,3.930000066757202,1500,0.0,0.0
2008-11-20 00:00:00-05:00,3.930000066757202,3.930000066757202,3.930000066757202,3.930000066757202,0,0.0,0.0
2008-11-21 00:00:00-05:00,3.9600000381469727,3.9600000381469727,3.9600000381469727,3.9600000381469727,267,0.0,0.0
2008-11-24 00:00:00-05:00,4.199999809265137,4.199999809265137,4.199999809265137,4.199999809265137,67,0.0,0.0
2008-11-25 00:00:00-05:00,4.199999809265137,4.199999809265137,4.199999809265137,4.199999809265137,0,0.0,0.0
2008-11-26 00:00:00-05:00,4.5,4.5,3.9600000381469727,4.380000114440918,433,0.0,0.0
2008-11-28 00:00:00-05:00,3.930000066757202,3.930000066757202,3.930000066757202,3.930000066757202,33,0.0,0.0
2008-12-01 00:00:00-05:00,3.930000066757202,3.930000066757202,3.9000000953674316,3.9000000953674316,700,0.0,0.0
2008-12-02 00:00:00-05:00,4.5,4.5,3.9000000953674316,3.9000000953674316,267,0.0,0.0
2008-12-03 00:00:00-05:00,3.9000000953674316,3.9000000953674316,3.9000000953674316,3.9000000953674316,67,0.0,0.0
2008-12-04 00:00:00-05:00,3.9000000953674316,3.9000000953674316,3.9000000953674316,3.9000000953674316,0,0.0,0.0
2008-12-05 00:00:00-05:00,3.9000000953674316,3.9000000953674316,3.9000000953674316,3.9000000953674316,0,0.0,0.0
2008-12-08 00:00:00-05:00,4.5,4.5,3.9600000381469727,3.9600000381469727,167,0.0,0.0
2008-12-09 00:00:00-05:00,3.9600000381469727,3.9600000381469727,3.9600000381469727,3.9600000381469727,0,0.0,0.0
2008-12-10 00:00:00-05:00,3.9600000381469727,3.9600000381469727,3.9600000381469727,3.9600000381469727,0,0.0,0.0
2008-12-11 00:00:00-05:00,3.9600000381469727,3.9600000381469727,3.9600000381469727,3.9600000381469727,0,0.0,0.0
2008-12-12 00:00:00-05:00,3.9600000381469727,3.9600000381469727,3.9600000381469727,3.9600000381469727,0,0.0,0.0
2008-12-15 00:00:00-05:00,4.5,5.099999904632568,3.9000000953674316,3.9000000953674316,1000,0.0,0.0
2008-12-16 00:00:00-05:00,3.930000066757202,3.930000066757202,3.9000000953674316,3.9000000953674316,100,0.0,0.0
2008-12-17 00:00:00-05:00,4.800000190734863,4.800000190734863,3.930000066757202,3.930000066757202,500,0.0,0.0
2008-12-18 00:00:00-05:00,4.920000076293945,4.920000076293945,3.9000000953674316,3.9000000953674316,400,0.0,0.0
2008-12-19 00:00:00-05:00,3.9000000953674316,3.9000000953674316,3.9000000953674316,3.9000000953674316,67,0.0,0.0
2008-12-22 00:00:00-05:00,5.400000095367432,5.400000095367432,4.079999923706055,4.079999923706055,567,0.0,0.0
2008-12-23 00:00:00-05:00,3.9000000953674316,3.9000000953674316,3.9000000953674316,3.9000000953674316,67,0.0,0.0
2008-12-24 00:00:00-05:00,4.079999923706055,4.079999923706055,4.079999923706055,4.079999923706055,33,0.0,0.0
2008-12-26 00:00:00-05:00,3.9000000953674316,3.9000000953674316,3.9000000953674316,3.9000000953674316,100,0.0,0.0
2008-12-29 00:00:00-05:00,3.9000000953674316,3.9000000953674316,3.9000000953674316,3.9000000953674316,33,0.0,0.0
2008-12-30 00:00:00-05:00,4.409999847412109,4.409999847412109,3.9600000381469727,3.9600000381469727,167,0.0,0.0
2008-12-31 00:00:00-05:00,3.809999942779541,3.9600000381469727,3.7200000286102295,3.930000066757202,233,0.0,0.0
2009-01-02 00:00:00-05:00,3.930000066757202,3.930000066757202,3.930000066757202,3.930000066757202,0,0.0,0.0
2009-01-05 00:00:00-05:00,4.289999961853027,4.710000038146973,4.289999961853027,4.710000038146973,200,0.0,0.0
2009-01-06 00:00:00-05:00,4.710000038146973,4.710000038146973,4.710000038146973,4.710000038146973,0,0.0,0.0
2009-01-07 00:00:00-05:00,4.710000038146973,4.710000038146973,4.710000038146973,4.710000038146973,0,0.0,0.0
2009-01-08 00:00:00-05:00,4.710000038146973,4.710000038146973,4.710000038146973,4.710000038146973,0,0.0,0.0
2009-01-09 00:00:00-05:00,4.710000038146973,4.710000038146973,4.710000038146973,4.710000038146973,0,0.0,0.0
2009-01-12 00:00:00-05:00,4.710000038146973,4.710000038146973,4.710000038146973,4.710000038146973,0,0.0,0.0
2009-01-13 00:00:00-05:00,4.710000038146973,4.710000038146973,4.710000038146973,4.710000038146973,0,0.0,0.0
2009-01-14 00:00:00-05:00,4.710000038146973,4.710000038146973,4.710000038146973,4.710000038146973,0,0.0,0.0
2009-01-15 00:00:00-05:00,4.710000038146973,4.710000038146973,4.710000038146973,4.710000038146973,0,0.0,0.0
2009-01-16 00:00:00-05:00,4.710000038146973,4.710000038146973,4.710000038146973,4.710000038146973,0,0.0,0.0
2009-01-20 00:00:00-05:00,4.710000038146973,4.710000038146973,4.710000038146973,4.710000038146973,0,0.0,0.0
2009-01-21 00:00:00-05:00,3.9000000953674316,3.9000000953674316,3.1500000953674316,3.1500000953674316,367,0.0,0.0
2009-01-22 00:00:00-05:00,3.1500000953674316,3.1500000953674316,3.1500000953674316,3.1500000953674316,0,0.0,0.0
2009-01-23 00:00:00-05:00,3.1500000953674316,3.1500000953674316,3.1500000953674316,3.1500000953674316,0,0.0,0.0
2009-01-26 00:00:00-05:00,3.1500000953674316,3.1500000953674316,3.1500000953674316,3.1500000953674316,0,0.0,0.0
2009-01-27 00:00:00-05:00,3.5999999046325684,3.5999999046325684,3.5999999046325684,3.5999999046325684,200,0.0,0.0
2009-01-28 00:00:00-05:00,3.5999999046325684,3.690000057220459,3.1500000953674316,3.690000057220459,367,0.0,0.0
2009-01-29 00:00:00-05:00,3.690000057220459,3.690000057220459,3.690000057220459,3.690000057220459,0,0.0,0.0
2009-01-30 00:00:00-05:00,3.690000057220459,3.690000057220459,3.690000057220459,3.690000057220459,0,0.0,0.0
2009-02-02 00:00:00-05:00,3.1500000953674316,3.1500000953674316,3.1500000953674316,3.1500000953674316,167,0.0,0.0
2009-02-03 00:00:00-05:00,3.240000009536743,3.240000009536743,3.240000009536743,3.240000009536743,33,0.0,0.0
2009-02-04 00:00:00-05:00,3.240000009536743,3.240000009536743,3.240000009536743,3.240000009536743,0,0.0,0.0
2009-02-05 00:00:00-05:00,3.240000009536743,3.240000009536743,3.240000009536743,3.240000009536743,0,0.0,0.0
2009-02-06 00:00:00-05:00,3.240000009536743,3.240000009536743,3.240000009536743,3.240000009536743,0,0.0,0.0
2009-02-09 00:00:00-05:00,3.569999933242798,3.569999933242798,3.569999933242798,3.569999933242798,33,0.0,0.0
2009-02-10 00:00:00-05:00,3.569999933242798,3.5999999046325684,3.569999933242798,3.5999999046325684,67,0.0,0.0
2009-02-11 00:00:00-05:00,3.5999999046325684,3.5999999046325684,3.5999999046325684,3.5999999046325684,0,0.0,0.0
2009-02-12 00:00:00-05:00,3.5999999046325684,3.5999999046325684,3.5999999046325684,3.5999999046325684,0,0.0,0.0
2009-02-13 00:00:00-05:00,3.240000009536743,3.240000009536743,3.1500000953674316,3.1500000953674316,1033,0.0,0.0
2009-02-17 00:00:00-05:00,3.1500000953674316,3.1500000953674316,3.1500000953674316,3.1500000953674316,0,0.0,0.0
2009-02-18 00:00:00-05:00,3.1500000953674316,3.1500000953674316,3.1500000953674316,3.1500000953674316,0,0.0,0.0
2009-02-19 00:00:00-05:00,3.1500000953674316,3.1500000953674316,3.1500000953674316,3.1500000953674316,533,0.0,0.0
2009-02-20 00:00:00-05:00,3.0,3.0,2.9700000286102295,2.9700000286102295,933,0.0,0.0
2009-02-23 00:00:00-05:00,2.700000047683716,2.700000047683716,2.700000047683716,2.700000047683716,333,0.0,0.0
2009-02-24 00:00:00-05:00,2.700000047683716,2.700000047683716,2.700000047683716,2.700000047683716,0,0.0,0.0
2009-02-25 00:00:00-05:00,2.5199999809265137,2.640000104904175,2.2799999713897705,2.2799999713897705,600,0.0,0.0
2009-02-26 00:00:00-05:00,2.640000104904175,2.640000104904175,2.25,2.25,600,0.0,0.0
2009-02-27 00:00:00-05:00,2.3399999141693115,2.3399999141693115,2.3399999141693115,2.3399999141693115,133,0.0,0.0
2009-03-02 00:00:00-05:00,2.490000009536743,2.940000057220459,2.25,2.4000000953674316,833,0.0,0.0
2009-03-03 00:00:00-05:00,2.4000000953674316,2.4000000953674316,2.4000000953674316,2.4000000953674316,0,0.0,0.0
2009-03-04 00:00:00-05:00,2.369999885559082,3.75,2.369999885559082,3.75,2033,0.0,0.0
2009-03-05 00:00:00-05:00,3.75,3.75,3.75,3.75,0,0.0,0.0
2009-03-06 00:00:00-05:00,3.0,3.0,3.0,3.0,33,0.0,0.0
2009-03-09 00:00:00-04:00,3.0,3.0,3.0,3.0,0,0.0,0.0
2009-03-10 00:00:00-04:00,3.359999895095825,3.7799999713897705,2.700000047683716,2.700000047683716,467,0.0,0.0
2009-03-11 00:00:00-04:00,2.6700000762939453,2.6700000762939453,2.6700000762939453,2.6700000762939453,167,0.0,0.0
2009-03-12 00:00:00-04:00,2.6700000762939453,2.6700000762939453,2.6700000762939453,2.6700000762939453,0,0.0,0.0
2009-03-13 00:00:00-04:00,2.8499999046325684,2.8499999046325684,2.8499999046325684,2.8499999046325684,200,0.0,0.0
2009-03-16 00:00:00-04:00,2.8499999046325684,2.8499999046325684,2.8499999046325684,2.8499999046325684,0,0.0,0.0
2009-03-17 00:00:00-04:00,2.8499999046325684,2.8499999046325684,2.8499999046325684,2.8499999046325684,0,0.0,0.0
2009-03-18 00:00:00-04:00,2.8499999046325684,2.8499999046325684,2.8499999046325684,2.8499999046325684,0,0.0,0.0
2009-03-19 00:00:00-04:00,2.9100000858306885,2.9100000858306885,2.759999990463257,2.759999990463257,800,0.0,0.0
2009-03-20 00:00:00-04:00,2.759999990463257,2.759999990463257,2.759999990463257,2.759999990463257,0,0.0,0.0
2009-03-23 00:00:00-04:00,3.2100000381469727,3.2100000381469727,3.2100000381469727,3.2100000381469727,33,0.0,0.0
2009-03-24 00:00:00-04:00,2.759999990463257,2.759999990463257,2.759999990463257,2.759999990463257,1000,0.0,0.0
2009-03-25 00:00:00-04:00,2.759999990463257,2.759999990463257,2.759999990463257,2.759999990463257,0,0.0,0.0
2009-03-26 00:00:00-04:00,2.759999990463257,2.759999990463257,2.759999990463257,2.759999990463257,0,0.0,0.0
2009-03-27 00:00:00-04:00,2.759999990463257,2.759999990463257,2.759999990463257,2.759999990463257,0,0.0,0.0
2009-03-30 00:00:00-04:00,3.509999990463257,3.509999990463257,3.509999990463257,3.509999990463257,67,0.0,0.0
2009-03-31 00:00:00-04:00,3.180000066757202,3.359999895095825,3.180000066757202,3.359999895095825,67,0.0,0.0
2009-04-01 00:00:00-04:00,3.359999895095825,3.359999895095825,3.359999895095825,3.359999895095825,0,0.0,0.0
2009-04-02 00:00:00-04:00,3.359999895095825,3.359999895095825,3.359999895095825,3.359999895095825,0,0.0,0.0
2009-04-03 00:00:00-04:00,3.8399999141693115,4.349999904632568,3.8399999141693115,4.349999904632568,367,0.0,0.0
2009-04-06 00:00:00-04:00,3.5999999046325684,3.5999999046325684,3.299999952316284,3.299999952316284,333,0.0,0.0
2009-04-07 00:00:00-04:00,3.299999952316284,3.299999952316284,3.299999952316284,3.299999952316284,0,0.0,0.0
2009-04-08 00:00:00-04:00,3.5999999046325684,3.5999999046325684,3.5999999046325684,3.5999999046325684,133,0.0,0.0
2009-04-09 00:00:00-04:00,3.5999999046325684,3.5999999046325684,3.5999999046325684,3.5999999046325684,0,0.0,0.0
2009-04-13 00:00:00-04:00,3.5999999046325684,3.5999999046325684,3.5999999046325684,3.5999999046325684,0,0.0,0.0
2009-04-14 00:00:00-04:00,3.5999999046325684,3.5999999046325684,3.5999999046325684,3.5999999046325684,0,0.0,0.0
2009-04-15 00:00:00-04:00,3.5999999046325684,3.5999999046325684,3.5999999046325684,3.5999999046325684,67,0.0,0.0
2009-04-16 00:00:00-04:00,3.630000114440918,3.630000114440918,3.450000047683716,3.450000047683716,667,0.0,0.0
2009-04-17 00:00:00-04:00,3.450000047683716,3.450000047683716,3.450000047683716,3.450000047683716,67,0.0,0.0
2009-04-20 00:00:00-04:00,3.450000047683716,3.450000047683716,3.450000047683716,3.450000047683716,0,0.0,0.0
2009-04-21 00:00:00-04:00,3.450000047683716,3.450000047683716,3.450000047683716,3.450000047683716,0,0.0,0.0
2009-04-22 00:00:00-04:00,3.450000047683716,3.450000047683716,3.450000047683716,3.450000047683716,0,0.0,0.0
2009-04-23 00:00:00-04:00,3.450000047683716,3.450000047683716,3.450000047683716,3.450000047683716,0,0.0,0.0
2009-04-24 00:00:00-04:00,3.450000047683716,3.450000047683716,3.450000047683716,3.450000047683716,0,0.0,0.0
2009-04-27 00:00:00-04:00,3.450000047683716,3.450000047683716,3.450000047683716,3.450000047683716,0,0.0,0.0
2009-04-28 00:00:00-04:00,3.450000047683716,3.450000047683716,3.450000047683716,3.450000047683716,0,0.0,0.0
2009-04-29 00:00:00-04:00,3.450000047683716,3.450000047683716,3.450000047683716,3.450000047683716,0,0.0,0.0
2009-04-30 00:00:00-04:00,3.5999999046325684,3.5999999046325684,3.5999999046325684,3.5999999046325684,167,0.0,0.0
2009-05-01 00:00:00-04:00,3.5999999046325684,3.5999999046325684,3.5999999046325684,3.5999999046325684,0,0.0,0.0
2009-05-04 00:00:00-04:00,3.5999999046325684,3.5999999046325684,3.450000047683716,3.450000047683716,1967,0.0,0.0
2009-05-05 00:00:00-04:00,3.450000047683716,3.450000047683716,3.450000047683716,3.450000047683716,0,0.0,0.0
2009-05-06 00:00:00-04:00,3.5399999618530273,3.5399999618530273,3.0,3.0,1033,0.0,0.0
2009-05-07 00:00:00-04:00,3.0,6.900000095367432,3.0,5.099999904632568,6700,0.0,0.0
2009-05-08 00:00:00-04:00,6.599999904632568,7.5,5.099999904632568,6.0,3167,0.0,0.0
2009-05-11 00:00:00-04:00,5.96999979019165,6.0,5.880000114440918,5.880000114440918,2400,0.0,0.0
2009-05-12 00:00:00-04:00,5.909999847412109,6.570000171661377,5.909999847412109,6.300000190734863,1200,0.0,0.0
2009-05-13 00:00:00-04:00,5.099999904632568,7.199999809265137,5.099999904632568,6.269999980926514,1167,0.0,0.0
2009-05-14 00:00:00-04:00,6.269999980926514,6.269999980926514,6.269999980926514,6.269999980926514,0,0.0,0.0
2009-05-15 00:00:00-04:00,6.300000190734863,6.300000190734863,6.300000190734863,6.300000190734863,33,0.0,0.0
2009-05-18 00:00:00-04:00,6.300000190734863,6.300000190734863,6.300000190734863,6.300000190734863,67,0.0,0.0
2009-05-19 00:00:00-04:00,6.150000095367432,6.150000095367432,5.25,5.25,200,0.0,0.0
2009-05-20 00:00:00-04:00,6.150000095367432,6.150000095367432,6.150000095367432,6.150000095367432,900,0.0,0.0
2009-05-21 00:00:00-04:00,6.150000095367432,6.150000095367432,6.150000095367432,6.150000095367432,0,0.0,0.0
2009-05-22 00:00:00-04:00,5.25,6.599999904632568,3.569999933242798,3.5999999046325684,967,0.0,0.0
2009-05-26 00:00:00-04:00,3.5999999046325684,6.510000228881836,3.5999999046325684,5.96999979019165,267,0.0,0.0
2009-05-27 00:00:00-04:00,6.0,6.0,4.559999942779541,4.559999942779541,1200,0.0,0.0
2009-05-28 00:00:00-04:00,4.710000038146973,5.940000057220459,4.5,5.730000019073486,1733,0.0,0.0
2009-05-29 00:00:00-04:00,5.760000228881836,6.0,4.590000152587891,6.0,2133,0.0,0.0
2009-06-01 00:00:00-04:00,4.860000133514404,4.860000133514404,3.869999885559082,4.349999904632568,1067,0.0,0.0
2009-06-02 00:00:00-04:00,5.21999979019165,5.400000095367432,4.349999904632568,4.349999904632568,200,0.0,0.0
2009-06-03 00:00:00-04:00,5.940000057220459,5.940000057220459,4.5,5.25,1067,0.0,0.0
2009-06-04 00:00:00-04:00,4.650000095367432,5.550000190734863,4.199999809265137,4.380000114440918,767,0.0,0.0
2009-06-05 00:00:00-04:00,5.340000152587891,5.340000152587891,4.409999847412109,4.650000095367432,267,0.0,0.0
2009-06-08 00:00:00-04:00,5.309999942779541,5.309999942779541,5.309999942779541,5.309999942779541,267,0.0,0.0
2009-06-09 00:00:00-04:00,4.289999961853027,5.699999809265137,4.199999809265137,5.699999809265137,800,0.0,0.0
2009-06-10 00:00:00-04:00,4.380000114440918,5.190000057220459,4.380000114440918,4.769999980926514,2167,0.0,0.0
2009-06-11 00:00:00-04:00,4.769999980926514,4.769999980926514,4.440000057220459,4.440000057220459,1400,0.0,0.0
2009-06-12 00:00:00-04:00,4.5,5.309999942779541,4.5,4.53000020980835,1067,0.0,0.0
2009-06-15 00:00:00-04:00,4.53000020980835,4.53000020980835,4.53000020980835,4.53000020980835,0,0.0,0.0
2009-06-16 00:00:00-04:00,4.5,4.800000190734863,4.5,4.5,400,0.0,0.0
2009-06-17 00:00:00-04:00,4.5,4.5,4.5,4.5,0,0.0,0.0
2009-06-18 00:00:00-04:00,4.5,4.5,4.5,4.5,33,0.0,0.0
2009-06-19 00:00:00-04:00,4.5,4.650000095367432,4.5,4.650000095367432,567,0.0,0.0
2009-06-22 00:00:00-04:00,4.349999904632568,4.349999904632568,4.349999904632568,4.349999904632568,333,0.0,0.0
2009-06-23 00:00:00-04:00,4.349999904632568,4.349999904632568,4.050000190734863,4.050000190734863,1933,0.0,0.0
2009-06-24 00:00:00-04:00,4.199999809265137,4.199999809265137,4.199999809265137,4.199999809265137,533,0.0,0.0
2009-06-25 00:00:00-04:00,4.559999942779541,4.559999942779541,4.559999942779541,4.559999942779541,100,0.0,0.0
2009-06-26 00:00:00-04:00,4.440000057220459,4.440000057220459,4.050000190734863,4.079999923706055,600,0.0,0.0
2009-06-29 00:00:00-04:00,4.050000190734863,4.050000190734863,4.050000190734863,4.050000190734863,333,0.0,0.0
2009-06-30 00:00:00-04:00,4.199999809265137,4.199999809265137,3.9600000381469727,4.050000190734863,1167,0.0,0.0
2009-07-01 00:00:00-04:00,4.050000190734863,4.050000190734863,3.5999999046325684,3.5999999046325684,1833,0.0,0.0
2009-07-02 00:00:00-04:00,4.050000190734863,4.050000190734863,4.050000190734863,4.050000190734863,500,0.0,0.0
2009-07-06 00:00:00-04:00,4.349999904632568,4.5,4.349999904632568,4.5,600,0.0,0.0
2009-07-07 00:00:00-04:00,4.050000190734863,4.050000190734863,4.050000190734863,4.050000190734863,1000,0.0,0.0
2009-07-08 00:00:00-04:00,4.380000114440918,4.380000114440918,4.050000190734863,4.050000190734863,1033,0.0,0.0
2009-07-09 00:00:00-04:00,3.9000000953674316,4.349999904632568,3.9000000953674316,4.199999809265137,267,0.0,0.0
2009-07-10 00:00:00-04:00,3.630000114440918,3.869999885559082,3.3299999237060547,3.5999999046325684,1100,0.0,0.0
2009-07-13 00:00:00-04:00,3.5999999046325684,3.5999999046325684,3.5999999046325684,3.5999999046325684,0,0.0,0.0
2009-07-14 00:00:00-04:00,4.110000133514404,4.110000133514404,4.110000133514404,4.110000133514404,67,0.0,0.0
2009-07-15 00:00:00-04:00,4.110000133514404,4.110000133514404,4.110000133514404,4.110000133514404,0,0.0,0.0
2009-07-16 00:00:00-04:00,3.930000066757202,3.930000066757202,3.930000066757202,3.930000066757202,67,0.0,0.0
2009-07-17 00:00:00-04:00,3.930000066757202,3.930000066757202,3.930000066757202,3.930000066757202,0,0.0,0.0
2009-07-20 00:00:00-04:00,3.5999999046325684,4.110000133514404,3.5999999046325684,4.110000133514404,467,0.0,0.0
2009-07-21 00:00:00-04:00,3.390000104904175,3.7799999713897705,3.240000009536743,3.7799999713897705,800,0.0,0.0
2009-07-22 00:00:00-04:00,3.7799999713897705,3.7799999713897705,3.7799999713897705,3.7799999713897705,0,0.0,0.0
2009-07-23 00:00:00-04:00,3.450000047683716,3.450000047683716,3.450000047683716,3.450000047683716,33,0.0,0.0
2009-07-24 00:00:00-04:00,3.450000047683716,3.450000047683716,3.450000047683716,3.450000047683716,0,0.0,0.0
2009-07-27 00:00:00-04:00,3.450000047683716,3.450000047683716,3.450000047683716,3.450000047683716,0,0.0,0.0
2009-07-28 00:00:00-04:00,3.450000047683716,3.450000047683716,3.450000047683716,3.450000047683716,0,0.0,0.0
2009-07-29 00:00:00-04:00,3.299999952316284,4.349999904632568,3.299999952316284,3.75,1800,0.0,0.0
2009-07-30 00:00:00-04:00,4.289999961853027,4.289999961853027,4.289999961853027,4.289999961853027,33,0.0,0.0
2009-07-31 00:00:00-04:00,4.289999961853027,4.289999961853027,4.289999961853027,4.289999961853027,0,0.0,0.0
2009-08-03 00:00:00-04:00,3.809999942779541,4.260000228881836,3.5999999046325684,4.260000228881836,1033,0.0,0.0
2009-08-04 00:00:00-04:00,4.199999809265137,4.349999904632568,4.199999809265137,4.289999961853027,1833,0.0,0.0
2009-08-05 00:00:00-04:00,3.75,4.230000019073486,3.75,4.170000076293945,1033,0.0,0.0
2009-08-06 00:00:00-04:00,4.170000076293945,4.170000076293945,4.170000076293945,4.170000076293945,0,0.0,0.0
2009-08-07 00:00:00-04:00,4.170000076293945,4.230000019073486,3.75,3.75,1233,0.0,0.0
2009-08-10 00:00:00-04:00,3.75,3.75,3.75,3.75,0,0.0,0.0
2009-08-11 00:00:00-04:00,4.199999809265137,4.5,4.199999809265137,4.5,1600,0.0,0.0
2009-08-12 00:00:00-04:00,4.650000095367432,4.650000095367432,3.9000000953674316,4.650000095367432,300,0.0,0.0
2009-08-13 00:00:00-04:00,4.349999904632568,4.349999904632568,4.349999904632568,4.349999904632568,167,0.0,0.0
2009-08-14 00:00:00-04:00,3.630000114440918,4.46999979019165,3.630000114440918,4.349999904632568,767,0.0,0.0
2009-08-17 00:00:00-04:00,4.650000095367432,4.949999809265137,4.5,4.710000038146973,1000,0.0,0.0
2009-08-18 00:00:00-04:00,4.860000133514404,4.949999809265137,4.650000095367432,4.889999866485596,1100,0.0,0.0
2009-08-19 00:00:00-04:00,4.949999809265137,4.949999809265137,3.7200000286102295,3.7200000286102295,833,0.0,0.0
2009-08-20 00:00:00-04:00,3.7200000286102295,3.7200000286102295,3.7200000286102295,3.7200000286102295,0,0.0,0.0
2009-08-21 00:00:00-04:00,4.199999809265137,4.650000095367432,4.199999809265137,4.650000095367432,833,0.0,0.0
2009-08-24 00:00:00-04:00,4.199999809265137,4.769999980926514,4.199999809265137,4.769999980926514,1467,0.0,0.0
2009-08-25 00:00:00-04:00,3.75,4.5,3.75,4.5,767,0.0,0.0
2009-08-26 00:00:00-04:00,4.199999809265137,4.199999809265137,4.199999809265137,4.199999809265137,167,0.0,0.0
2009-08-27 00:00:00-04:00,4.199999809265137,4.199999809265137,4.199999809265137,4.199999809265137,0,0.0,0.0
2009-08-28 00:00:00-04:00,3.7799999713897705,4.050000190734863,3.75,3.9000000953674316,3200,0.0,0.0
2009-08-31 00:00:00-04:00,3.6600000858306885,3.75,3.5999999046325684,3.5999999046325684,3300,0.0,0.0
2009-09-01 00:00:00-04:00,3.5999999046325684,3.5999999046325684,3.5999999046325684,3.5999999046325684,167,0.0,0.0
2009-09-02 00:00:00-04:00,3.9000000953674316,3.9000000953674316,3.9000000953674316,3.9000000953674316,67,0.0,0.0
2009-09-03 00:00:00-04:00,3.6600000858306885,3.690000057220459,3.630000114440918,3.690000057220459,900,0.0,0.0
2009-09-04 00:00:00-04:00,3.630000114440918,3.9000000953674316,3.630000114440918,3.9000000953674316,533,0.0,0.0
2009-09-08 00:00:00-04:00,3.9000000953674316,3.9000000953674316,3.9000000953674316,3.9000000953674316,0,0.0,0.0
2009-09-09 00:00:00-04:00,3.869999885559082,3.9000000953674316,3.75,3.75,433,0.0,0.0
2009-09-10 00:00:00-04:00,3.75,3.75,3.75,3.75,0,0.0,0.0
2009-09-11 00:00:00-04:00,3.75,3.75,3.75,3.75,833,0.0,0.0
2009-09-14 00:00:00-04:00,3.930000066757202,3.930000066757202,3.6600000858306885,3.930000066757202,367,0.0,0.0
2009-09-15 00:00:00-04:00,3.869999885559082,3.869999885559082,3.869999885559082,3.869999885559082,33,0.0,0.0
2009-09-16 00:00:00-04:00,3.630000114440918,3.75,3.630000114440918,3.75,2667,0.0,0.0
2009-09-17 00:00:00-04:00,3.75,3.75,3.75,3.75,0,0.0,0.0
2009-09-18 00:00:00-04:00,3.75,3.75,3.75,3.75,0,0.0,0.0
2009-09-21 00:00:00-04:00,3.6600000858306885,3.869999885559082,3.630000114440918,3.869999885559082,900,0.0,0.0
2009-09-22 00:00:00-04:00,3.869999885559082,3.869999885559082,3.869999885559082,3.869999885559082,0,0.0,0.0
2009-09-23 00:00:00-04:00,3.75,3.75,3.5999999046325684,3.5999999046325684,2200,0.0,0.0
2009-09-24 00:00:00-04:00,3.5999999046325684,3.5999999046325684,3.5999999046325684,3.5999999046325684,0,0.0,0.0
2009-09-25 00:00:00-04:00,3.5999999046325684,3.5999999046325684,3.5999999046325684,3.5999999046325684,0,0.0,0.0
2009-09-28 00:00:00-04:00,3.5999999046325684,3.5999999046325684,3.5999999046325684,3.5999999046325684,0,0.0,0.0
2009-09-29 00:00:00-04:00,3.5999999046325684,3.5999999046325684,3.5999999046325684,3.5999999046325684,0,0.0,0.0
2009-09-30 00:00:00-04:00,3.630000114440918,3.630000114440918,3.630000114440918,3.630000114440918,67,0.0,0.0
2009-10-01 00:00:00-04:00,3.5999999046325684,3.5999999046325684,3.5999999046325684,3.5999999046325684,700,0.0,0.0
2009-10-02 00:00:00-04:00,3.5999999046325684,3.5999999046325684,3.5999999046325684,3.5999999046325684,0,0.0,0.0
2009-10-05 00:00:00-04:00,3.5999999046325684,3.5999999046325684,3.5999999046325684,3.5999999046325684,1333,0.0,0.0
2009-10-06 00:00:00-04:00,3.5999999046325684,3.5999999046325684,3.5999999046325684,3.5999999046325684,0,0.0,0.0
2009-10-07 00:00:00-04:00,3.5999999046325684,3.5999999046325684,3.5999999046325684,3.5999999046325684,0,0.0,0.0
2009-10-08 00:00:00-04:00,3.450000047683716,3.450000047683716,3.450000047683716,3.450000047683716,133,0.0,0.0
2009-10-09 00:00:00-04:00,3.5999999046325684,3.5999999046325684,3.359999895095825,3.359999895095825,300,0.0,0.0
2009-10-12 00:00:00-04:00,3.359999895095825,3.359999895095825,3.359999895095825,3.359999895095825,600,0.0,0.0
2009-10-13 00:00:00-04:00,3.359999895095825,3.359999895095825,3.299999952316284,3.299999952316284,500,0.0,0.0
2009-10-14 00:00:00-04:00,3.299999952316284,3.299999952316284,3.299999952316284,3.299999952316284,0,0.0,0.0
2009-10-15 00:00:00-04:00,3.299999952316284,3.450000047683716,3.299999952316284,3.299999952316284,367,0.0,0.0
2009-10-16 00:00:00-04:00,3.299999952316284,3.299999952316284,3.299999952316284,3.299999952316284,333,0.0,0.0
2009-10-19 00:00:00-04:00,3.240000009536743,3.509999990463257,3.240000009536743,3.509999990463257,367,0.0,0.0
2009-10-20 00:00:00-04:00,3.509999990463257,3.509999990463257,3.509999990463257,3.509999990463257,0,0.0,0.0
2009-10-21 00:00:00-04:00,3.509999990463257,3.509999990463257,3.509999990463257,3.509999990463257,0,0.0,0.0
2009-10-22 00:00:00-04:00,3.509999990463257,3.509999990463257,3.509999990463257,3.509999990463257,0,0.0,0.0
2009-10-23 00:00:00-04:00,3.509999990463257,3.509999990463257,3.509999990463257,3.509999990463257,0,0.0,0.0
2009-10-26 00:00:00-04:00,3.3299999237060547,3.3299999237060547,3.3299999237060547,3.3299999237060547,33,0.0,0.0
2009-10-27 00:00:00-04:00,3.3299999237060547,3.3299999237060547,3.3299999237060547,3.3299999237060547,0,0.0,0.0
2009-10-28 00:00:00-04:00,3.3299999237060547,3.3299999237060547,3.3299999237060547,3.3299999237060547,167,0.0,0.0
2009-10-29 00:00:00-04:00,3.3299999237060547,3.3299999237060547,3.3299999237060547,3.3299999237060547,0,0.0,0.0
2009-10-30 00:00:00-04:00,3.509999990463257,3.509999990463257,3.450000047683716,3.450000047683716,333,0.0,0.0
2009-11-02 00:00:00-05:00,3.3299999237060547,3.3299999237060547,3.3299999237060547,3.3299999237060547,33,0.0,0.0
2009-11-03 00:00:00-05:00,3.3299999237060547,3.3299999237060547,3.299999952316284,3.299999952316284,600,0.0,0.0
2009-11-04 00:00:00-05:00,3.299999952316284,3.299999952316284,3.1500000953674316,3.1500000953674316,667,0.0,0.0
2009-11-05 00:00:00-05:00,3.1500000953674316,3.1500000953674316,3.1500000953674316,3.1500000953674316,0,0.0,0.0
2009-11-06 00:00:00-05:00,3.299999952316284,3.450000047683716,3.299999952316284,3.450000047683716,267,0.0,0.0
2009-11-09 00:00:00-05:00,3.450000047683716,3.450000047683716,3.450000047683716,3.450000047683716,0,0.0,0.0
2009-11-10 00:00:00-05:00,3.450000047683716,3.450000047683716,3.450000047683716,3.450000047683716,0,0.0,0.0
2009-11-11 00:00:00-05:00,3.75,3.75,3.5999999046325684,3.5999999046325684,333,0.0,0.0
2009-11-12 00:00:00-05:00,3.299999952316284,3.299999952316284,3.299999952316284,3.299999952316284,33,0.0,0.0
2009-11-13 00:00:00-05:00,3.299999952316284,3.299999952316284,3.299999952316284,3.299999952316284,0,0.0,0.0
2009-11-16 00:00:00-05:00,3.299999952316284,3.299999952316284,3.299999952316284,3.299999952316284,67,0.0,0.0
2009-11-17 00:00:00-05:00,3.450000047683716,3.450000047683716,3.450000047683716,3.450000047683716,267,0.0,0.0
2009-11-18 00:00:00-05:00,3.5399999618530273,3.75,3.1500000953674316,3.1500000953674316,1900,0.0,0.0
2009-11-19 00:00:00-05:00,3.1500000953674316,3.1500000953674316,3.1500000953674316,3.1500000953674316,0,0.0,0.0
2009-11-20 00:00:00-05:00,3.1500000953674316,3.1500000953674316,3.1500000953674316,3.1500000953674316,0,0.0,0.0
2009-11-23 00:00:00-05:00,3.1500000953674316,3.1500000953674316,3.1500000953674316,3.1500000953674316,0,0.0,0.0
2009-11-24 00:00:00-05:00,3.1500000953674316,3.1500000953674316,3.1500000953674316,3.1500000953674316,0,0.0,0.0
2009-11-25 00:00:00-05:00,3.6600000858306885,3.6600000858306885,3.2699999809265137,3.2699999809265137,1567,0.0,0.0
2009-11-27 00:00:00-05:00,3.2699999809265137,3.2699999809265137,3.2699999809265137,3.2699999809265137,0,0.0,0.0
2009-11-30 00:00:00-05:00,3.2699999809265137,4.679999828338623,3.1500000953674316,3.1500000953674316,7100,0.0,0.0
2009-12-01 00:00:00-05:00,3.240000009536743,3.240000009536743,3.240000009536743,3.240000009536743,67,0.0,0.0
2009-12-02 00:00:00-05:00,3.240000009536743,3.240000009536743,3.240000009536743,3.240000009536743,0,0.0,0.0
2009-12-03 00:00:00-05:00,3.240000009536743,3.240000009536743,3.240000009536743,3.240000009536743,0,0.0,0.0
2009-12-04 00:00:00-05:00,3.359999895095825,3.359999895095825,3.359999895095825,3.359999895095825,100,0.0,0.0
2009-12-07 00:00:00-05:00,3.359999895095825,3.359999895095825,3.359999895095825,3.359999895095825,0,0.0,0.0
2009-12-08 00:00:00-05:00,3.359999895095825,3.359999895095825,3.359999895095825,3.359999895095825,0,0.0,0.0
2009-12-09 00:00:00-05:00,3.359999895095825,3.359999895095825,3.359999895095825,3.359999895095825,0,0.0,0.0
2009-12-10 00:00:00-05:00,3.299999952316284,3.299999952316284,3.299999952316284,3.299999952316284,1900,0.0,0.0
2009-12-11 00:00:00-05:00,3.299999952316284,3.299999952316284,3.240000009536743,3.240000009536743,667,0.0,0.0
2009-12-14 00:00:00-05:00,3.240000009536743,3.240000009536743,3.240000009536743,3.240000009536743,33,0.0,0.0
2009-12-15 00:00:00-05:00,3.240000009536743,3.240000009536743,3.240000009536743,3.240000009536743,0,0.0,0.0
2009-12-16 00:00:00-05:00,3.299999952316284,4.110000133514404,3.240000009536743,4.110000133514404,133,0.0,0.0
2009-12-17 00:00:00-05:00,3.9000000953674316,3.9000000953674316,3.2699999809265137,3.299999952316284,400,0.0,0.0
2009-12-18 00:00:00-05:00,3.240000009536743,3.240000009536743,3.240000009536743,3.240000009536743,67,0.0,0.0
2009-12-21 00:00:00-05:00,3.869999885559082,3.869999885559082,3.240000009536743,3.2699999809265137,267,0.0,0.0
2009-12-22 00:00:00-05:00,3.2699999809265137,3.2699999809265137,3.2699999809265137,3.2699999809265137,0,0.0,0.0
2009-12-23 00:00:00-05:00,3.2699999809265137,3.2699999809265137,3.240000009536743,3.240000009536743,1567,0.0,0.0
2009-12-24 00:00:00-05:00,3.240000009536743,3.240000009536743,3.240000009536743,3.240000009536743,0,0.0,0.0
2009-12-28 00:00:00-05:00,3.240000009536743,3.240000009536743,3.240000009536743,3.240000009536743,0,0.0,0.0
2009-12-29 00:00:00-05:00,3.240000009536743,3.240000009536743,3.240000009536743,3.240000009536743,0,0.0,0.0
2009-12-30 00:00:00-05:00,3.240000009536743,3.240000009536743,3.240000009536743,3.240000009536743,0,0.0,0.0
2009-12-31 00:00:00-05:00,3.240000009536743,3.240000009536743,3.240000009536743,3.240000009536743,0,0.0,0.0
2010-01-04 00:00:00-05:00,3.240000009536743,3.240000009536743,3.240000009536743,3.240000009536743,0,0.0,0.0
2010-01-05 00:00:00-05:00,3.299999952316284,3.299999952316284,3.299999952316284,3.299999952316284,100,0.0,0.0
2010-01-06 00:00:00-05:00,3.299999952316284,3.299999952316284,3.299999952316284,3.299999952316284,0,0.0,0.0
2010-01-07 00:00:00-05:00,3.2699999809265137,3.2699999809265137,3.2699999809265137,3.2699999809265137,33,0.0,0.0
2010-01-08 00:00:00-05:00,3.450000047683716,3.450000047683716,3.450000047683716,3.450000047683716,267,0.0,0.0
2010-01-11 00:00:00-05:00,3.450000047683716,3.450000047683716,3.450000047683716,3.450000047683716,0,0.0,0.0
2010-01-12 00:00:00-05:00,3.2699999809265137,3.2699999809265137,3.2699999809265137,3.2699999809265137,67,0.0,0.0
2010-01-13 00:00:00-05:00,3.2699999809265137,3.2699999809265137,3.2699999809265137,3.2699999809265137,0,0.0,0.0
2010-01-14 00:00:00-05:00,3.2699999809265137,3.2699999809265137,3.2699999809265137,3.2699999809265137,0,0.0,0.0
2010-01-15 00:00:00-05:00,3.4200000762939453,3.4200000762939453,3.4200000762939453,3.4200000762939453,33,0.0,0.0
2010-01-19 00:00:00-05:00,3.390000104904175,3.450000047683716,3.390000104904175,3.450000047683716,54167,0.0,0.0
2010-01-20 00:00:00-05:00,3.75,3.75,3.75,3.75,67,0.0,0.0
2010-01-21 00:00:00-05:00,3.8399999141693115,3.8399999141693115,3.8399999141693115,3.8399999141693115,67,0.0,0.0
2010-01-22 00:00:00-05:00,3.8399999141693115,3.8399999141693115,3.8399999141693115,3.8399999141693115,0,0.0,0.0
2010-01-25 00:00:00-05:00,3.8399999141693115,3.8399999141693115,3.8399999141693115,3.8399999141693115,0,0.0,0.0
2010-01-26 00:00:00-05:00,3.6600000858306885,3.75,3.5399999618530273,3.75,700,0.0,0.0
2010-01-27 00:00:00-05:00,3.75,3.75,3.75,3.75,0,0.0,0.0
2010-01-28 00:00:00-05:00,3.450000047683716,3.7200000286102295,3.450000047683716,3.7200000286102295,467,0.0,0.0
2010-01-29 00:00:00-05:00,3.5999999046325684,3.5999999046325684,3.509999990463257,3.509999990463257,67,0.0,0.0
2010-02-01 00:00:00-05:00,3.509999990463257,3.6600000858306885,3.509999990463257,3.6600000858306885,233,0.0,0.0
2010-02-02 00:00:00-05:00,3.4800000190734863,3.4800000190734863,3.390000104904175,3.390000104904175,333,0.0,0.0
2010-02-03 00:00:00-05:00,3.359999895095825,3.359999895095825,3.359999895095825,3.359999895095825,300,0.0,0.0
2010-02-04 00:00:00-05:00,3.359999895095825,3.569999933242798,3.299999952316284,3.5399999618530273,567,0.0,0.0
2010-02-05 00:00:00-05:00,3.299999952316284,3.299999952316284,3.240000009536743,3.240000009536743,400,0.0,0.0
2010-02-08 00:00:00-05:00,3.390000104904175,3.390000104904175,3.390000104904175,3.390000104904175,33,0.0,0.0
2010-02-09 00:00:00-05:00,3.390000104904175,3.390000104904175,3.390000104904175,3.390000104904175,0,0.0,0.0
2010-02-10 00:00:00-05:00,3.390000104904175,3.390000104904175,3.390000104904175,3.390000104904175,0,0.0,0.0
2010-02-11 00:00:00-05:00,3.390000104904175,3.390000104904175,3.390000104904175,3.390000104904175,0,0.0,0.0
2010-02-12 00:00:00-05:00,3.240000009536743,3.240000009536743,3.240000009536743,3.240000009536743,67,0.0,0.0
2010-02-16 00:00:00-05:00,3.240000009536743,3.240000009536743,3.240000009536743,3.240000009536743,200,0.0,0.0
2010-02-17 00:00:00-05:00,3.240000009536743,3.240000009536743,3.240000009536743,3.240000009536743,0,0.0,0.0
2010-02-18 00:00:00-05:00,3.299999952316284,3.450000047683716,3.299999952316284,3.450000047683716,1033,0.0,0.0
2010-02-19 00:00:00-05:00,3.450000047683716,3.450000047683716,3.450000047683716,3.450000047683716,0,0.0,0.0
2010-02-22 00:00:00-05:00,3.450000047683716,3.450000047683716,3.450000047683716,3.450000047683716,0,0.0,0.0
2010-02-23 00:00:00-05:00,3.299999952316284,3.630000114440918,2.880000114440918,3.630000114440918,5567,0.0,0.0
2010-02-24 00:00:00-05:00,3.2100000381469727,3.240000009536743,3.0,3.1500000953674316,467,0.0,0.0
2010-02-25 00:00:00-05:00,3.2699999809265137,3.2699999809265137,3.2699999809265137,3.2699999809265137,200,0.0,0.0
2010-02-26 00:00:00-05:00,3.1500000953674316,3.1500000953674316,3.1500000953674316,3.1500000953674316,2167,0.0,0.0
2010-03-01 00:00:00-05:00,3.1500000953674316,3.1500000953674316,3.1500000953674316,3.1500000953674316,167,0.0,0.0
2010-03-02 00:00:00-05:00,3.1500000953674316,3.299999952316284,3.1500000953674316,3.299999952316284,333,0.0,0.0
2010-03-03 00:00:00-05:00,3.2699999809265137,3.2699999809265137,3.2699999809265137,3.2699999809265137,67,0.0,0.0
2010-03-04 00:00:00-05:00,3.1500000953674316,3.1500000953674316,3.1500000953674316,3.1500000953674316,267,0.0,0.0
2010-03-05 00:00:00-05:00,3.240000009536743,3.240000009536743,3.240000009536743,3.240000009536743,3367,0.0,0.0
2010-03-08 00:00:00-05:00,3.4800000190734863,3.5999999046325684,3.059999942779541,3.119999885559082,1133,0.0,0.0
2010-03-09 00:00:00-05:00,3.450000047683716,3.450000047683716,3.3299999237060547,3.3299999237060547,200,0.0,0.0
2010-03-10 00:00:00-05:00,3.299999952316284,3.75,3.299999952316284,3.690000057220459,1733,0.0,0.0
2010-03-11 00:00:00-05:00,3.569999933242798,3.5999999046325684,3.569999933242798,3.569999933242798,300,0.0,0.0
2010-03-12 00:00:00-05:00,3.180000066757202,3.8399999141693115,3.180000066757202,3.8399999141693115,467,0.0,0.0
2010-03-15 00:00:00-04:00,3.3299999237060547,3.3299999237060547,3.299999952316284,3.299999952316284,333,0.0,0.0
2010-03-16 00:00:00-04:00,3.3299999237060547,3.3299999237060547,3.3299999237060547,3.3299999237060547,133,0.0,0.0
2010-03-17 00:00:00-04:00,3.569999933242798,3.569999933242798,3.0899999141693115,3.0899999141693115,1400,0.0,0.0
2010-03-18 00:00:00-04:00,3.5999999046325684,3.75,3.569999933242798,3.75,967,0.0,0.0
2010-03-19 00:00:00-04:00,3.75,4.320000171661377,3.240000009536743,3.9600000381469727,2533,0.0,0.0
2010-03-22 00:00:00-04:00,3.5399999618530273,3.75,3.450000047683716,3.75,1033,0.0,0.0
2010-03-23 00:00:00-04:00,3.75,3.75,3.75,3.75,0,0.0,0.0
2010-03-24 00:00:00-04:00,3.5999999046325684,3.5999999046325684,3.5999999046325684,3.5999999046325684,33,0.0,0.0
2010-03-25 00:00:00-04:00,3.5999999046325684,3.5999999046325684,3.5999999046325684,3.5999999046325684,0,0.0,0.0
2010-03-26 00:00:00-04:00,3.569999933242798,3.569999933242798,3.569999933242798,3.569999933242798,133,0.0,0.0
2010-03-29 00:00:00-04:00,3.5999999046325684,3.5999999046325684,3.4800000190734863,3.4800000190734863,133,0.0,0.0
2010-03-30 00:00:00-04:00,3.240000009536743,3.240000009536743,3.240000009536743,3.240000009536743,133,0.0,0.0
2010-03-31 00:00:00-04:00,3.240000009536743,3.240000009536743,3.240000009536743,3.240000009536743,0,0.0,0.0
2010-04-01 00:00:00-04:00,3.3299999237060547,3.3299999237060547,3.3299999237060547,3.3299999237060547,167,0.0,0.0
2010-04-05 00:00:00-04:00,3.4200000762939453,3.4200000762939453,3.4200000762939453,3.4200000762939453,67,0.0,0.0
2010-04-06 00:00:00-04:00,3.240000009536743,3.4800000190734863,3.240000009536743,3.4800000190734863,233,0.0,0.0
2010-04-07 00:00:00-04:00,3.4800000190734863,3.4800000190734863,3.4800000190734863,3.4800000190734863,0,0.0,0.0
2010-04-08 00:00:00-04:00,3.240000009536743,3.240000009536743,3.240000009536743,3.240000009536743,133,0.0,0.0
2010-04-09 00:00:00-04:00,3.5399999618530273,3.75,3.5399999618530273,3.75,900,0.0,0.0
2010-04-12 00:00:00-04:00,3.2100000381469727,3.75,3.2100000381469727,3.75,233,0.0,0.0
2010-04-13 00:00:00-04:00,3.75,3.75,3.75,3.75,0,0.0,0.0
2010-04-14 00:00:00-04:00,3.450000047683716,3.450000047683716,3.450000047683716,3.450000047683716,67,0.0,0.0
2010-04-15 00:00:00-04:00,3.450000047683716,3.450000047683716,3.450000047683716,3.450000047683716,0,0.0,0.0
2010-04-16 00:00:00-04:00,3.450000047683716,3.450000047683716,3.450000047683716,3.450000047683716,0,0.0,0.0
2010-04-19 00:00:00-04:00,3.450000047683716,3.450000047683716,3.450000047683716,3.450000047683716,0,0.0,0.0
2010-04-20 00:00:00-04:00,3.450000047683716,3.450000047683716,3.450000047683716,3.450000047683716,0,0.0,0.0
2010-04-21 00:00:00-04:00,3.3299999237060547,3.3299999237060547,3.3299999237060547,3.3299999237060547,433,0.0,0.0
2010-04-22 00:00:00-04:00,3.3299999237060547,4.019999980926514,3.180000066757202,3.2100000381469727,5767,0.0,0.0
2010-04-23 00:00:00-04:00,3.180000066757202,3.180000066757202,3.180000066757202,3.180000066757202,167,0.0,0.0
2010-04-26 00:00:00-04:00,3.2100000381469727,3.2100000381469727,3.180000066757202,3.180000066757202,433,0.0,0.0
2010-04-27 00:00:00-04:00,3.180000066757202,3.180000066757202,3.180000066757202,3.180000066757202,100,0.0,0.0
2010-04-28 00:00:00-04:00,3.180000066757202,3.180000066757202,3.180000066757202,3.180000066757202,0,0.0,0.0
2010-04-29 00:00:00-04:00,3.180000066757202,3.75,3.180000066757202,3.5399999618530273,567,0.0,0.0
2010-04-30 00:00:00-04:00,3.5399999618530273,3.5399999618530273,3.5399999618530273,3.5399999618530273,0,0.0,0.0
2010-05-03 00:00:00-04:00,3.180000066757202,3.180000066757202,3.180000066757202,3.180000066757202,67,0.0,0.0
2010-05-04 00:00:00-04:00,3.180000066757202,3.180000066757202,3.180000066757202,3.180000066757202,0,0.0,0.0
2010-05-05 00:00:00-04:00,3.180000066757202,3.180000066757202,3.180000066757202,3.180000066757202,33,0.0,0.0
2010-05-06 00:00:00-04:00,3.180000066757202,3.180000066757202,3.180000066757202,3.180000066757202,0,0.0,0.0
2010-05-07 00:00:00-04:00,3.180000066757202,3.180000066757202,3.180000066757202,3.180000066757202,67,0.0,0.0
2010-05-10 00:00:00-04:00,3.119999885559082,3.1500000953674316,3.0899999141693115,3.0899999141693115,900,0.0,0.0
2010-05-11 00:00:00-04:00,3.0899999141693115,3.0899999141693115,3.0899999141693115,3.0899999141693115,0,0.0,0.0
2010-05-12 00:00:00-04:00,3.1500000953674316,3.180000066757202,3.1500000953674316,3.180000066757202,533,0.0,0.0
2010-05-13 00:00:00-04:00,3.3299999237060547,3.3299999237060547,3.3299999237060547,3.3299999237060547,33,0.0,0.0
2010-05-14 00:00:00-04:00,3.0899999141693115,3.0899999141693115,3.0299999713897705,3.0299999713897705,400,0.0,0.0
2010-05-17 00:00:00-04:00,3.0899999141693115,3.0899999141693115,3.0899999141693115,3.0899999141693115,167,0.0,0.0
2010-05-18 00:00:00-04:00,3.0899999141693115,3.0899999141693115,3.0899999141693115,3.0899999141693115,0,0.0,0.0
2010-05-19 00:00:00-04:00,3.0299999713897705,3.0299999713897705,3.0299999713897705,3.0299999713897705,67,0.0,0.0
2010-05-20 00:00:00-04:00,3.119999885559082,3.119999885559082,3.0299999713897705,3.0299999713897705,200,0.0,0.0
2010-05-21 00:00:00-04:00,3.0299999713897705,3.0299999713897705,3.0299999713897705,3.0299999713897705,400,0.0,0.0
2010-05-24 00:00:00-04:00,3.299999952316284,3.299999952316284,3.0299999713897705,3.2100000381469727,1200,0.0,0.0
2010-05-25 00:00:00-04:00,3.2100000381469727,3.2100000381469727,3.0,3.0,2233,0.0,0.0
2010-05-26 00:00:00-04:00,3.119999885559082,3.4800000190734863,3.119999885559082,3.4800000190734863,267,0.0,0.0
2010-05-27 00:00:00-04:00,3.4800000190734863,3.4800000190734863,3.4800000190734863,3.4800000190734863,0,0.0,0.0
2010-05-28 00:00:00-04:00,3.0,3.0,2.700000047683716,2.819999933242798,2167,0.0,0.0
2010-06-01 00:00:00-04:00,3.509999990463257,3.509999990463257,2.9700000286102295,2.9700000286102295,233,0.0,0.0
2010-06-02 00:00:00-04:00,3.2100000381469727,3.2100000381469727,3.0299999713897705,3.0299999713897705,467,0.0,0.0
2010-06-03 00:00:00-04:00,3.390000104904175,3.390000104904175,3.0299999713897705,3.0299999713897705,367,0.0,0.0
2010-06-04 00:00:00-04:00,2.819999933242798,2.819999933242798,2.819999933242798,2.819999933242798,33,0.0,0.0
2010-06-07 00:00:00-04:00,2.819999933242798,2.8499999046325684,2.759999990463257,2.759999990463257,233,0.0,0.0
2010-06-08 00:00:00-04:00,3.0899999141693115,3.0899999141693115,2.759999990463257,2.759999990463257,567,0.0,0.0
2010-06-09 00:00:00-04:00,3.0899999141693115,3.0899999141693115,2.9700000286102295,2.9700000286102295,267,0.0,0.0
2010-06-10 00:00:00-04:00,2.8499999046325684,2.8499999046325684,2.8499999046325684,2.8499999046325684,167,0.0,0.0
2010-06-11 00:00:00-04:00,2.759999990463257,2.759999990463257,2.759999990463257,2.759999990463257,67,0.0,0.0
2010-06-14 00:00:00-04:00,2.759999990463257,2.759999990463257,2.759999990463257,2.759999990463257,100,0.0,0.0
2010-06-15 00:00:00-04:00,2.759999990463257,2.759999990463257,2.759999990463257,2.759999990463257,33,0.0,0.0
2010-06-16 00:00:00-04:00,2.759999990463257,2.759999990463257,2.759999990463257,2.759999990463257,0,0.0,0.0
2010-06-17 00:00:00-04:00,2.759999990463257,2.759999990463257,2.759999990463257,2.759999990463257,0,0.0,0.0
2010-06-18 00:00:00-04:00,2.759999990463257,2.759999990463257,2.759999990463257,2.759999990463257,0,0.0,0.0
2010-06-21 00:00:00-04:00,2.7899999618530273,2.7899999618530273,2.7899999618530273,2.7899999618530273,33,0.0,0.0
2010-06-22 00:00:00-04:00,2.7899999618530273,2.7899999618530273,2.7899999618530273,2.7899999618530273,0,0.0,0.0
2010-06-23 00:00:00-04:00,2.7899999618530273,2.7899999618530273,2.7899999618530273,2.7899999618530273,0,0.0,0.0
2010-06-24 00:00:00-04:00,2.7899999618530273,2.7899999618530273,2.7899999618530273,2.7899999618530273,0,0.0,0.0
2010-06-25 00:00:00-04:00,2.7899999618530273,2.7899999618530273,2.7899999618530273,2.7899999618530273,67,0.0,0.0
2010-06-28 00:00:00-04:00,2.7899999618530273,2.7899999618530273,2.7899999618530273,2.7899999618530273,0,0.0,0.0
2010-06-29 00:00:00-04:00,2.7899999618530273,2.7899999618530273,2.7899999618530273,2.7899999618530273,367,0.0,0.0
2010-06-30 00:00:00-04:00,2.759999990463257,2.759999990463257,2.759999990463257,2.759999990463257,1667,0.0,0.0
2010-07-01 00:00:00-04:00,2.759999990463257,2.759999990463257,2.759999990463257,2.759999990463257,0,0.0,0.0
2010-07-02 00:00:00-04:00,2.759999990463257,2.759999990463257,2.759999990463257,2.759999990463257,0,0.0,0.0
2010-07-06 00:00:00-04:00,2.759999990463257,2.759999990463257,2.759999990463257,2.759999990463257,0,0.0,0.0
2010-07-07 00:00:00-04:00,2.759999990463257,2.759999990463257,2.759999990463257,2.759999990463257,0,0.0,0.0
2010-07-08 00:00:00-04:00,2.759999990463257,2.759999990463257,2.759999990463257,2.759999990463257,0,0.0,0.0
2010-07-09 00:00:00-04:00,2.759999990463257,2.759999990463257,2.759999990463257,2.759999990463257,0,0.0,0.0
2010-07-12 00:00:00-04:00,2.759999990463257,2.759999990463257,2.759999990463257,2.759999990463257,0,0.0,0.0
2010-07-13 00:00:00-04:00,2.8499999046325684,2.8499999046325684,2.8499999046325684,2.8499999046325684,133,0.0,0.0
2010-07-14 00:00:00-04:00,2.819999933242798,2.8499999046325684,2.819999933242798,2.8499999046325684,667,0.0,0.0
2010-07-15 00:00:00-04:00,2.8499999046325684,2.8499999046325684,2.8499999046325684,2.8499999046325684,0,0.0,0.0
2010-07-16 00:00:00-04:00,2.8499999046325684,2.8499999046325684,2.8499999046325684,2.8499999046325684,0,0.0,0.0
2010-07-19 00:00:00-04:00,2.8499999046325684,2.8499999046325684,2.8499999046325684,2.8499999046325684,0,0.0,0.0
2010-07-20 00:00:00-04:00,2.8499999046325684,2.8499999046325684,2.8499999046325684,2.8499999046325684,600,0.0,0.0
2010-07-21 00:00:00-04:00,2.759999990463257,2.759999990463257,2.759999990463257,2.759999990463257,667,0.0,0.0
2010-07-22 00:00:00-04:00,2.8499999046325684,3.0,2.8499999046325684,3.0,500,0.0,0.0
2010-07-23 00:00:00-04:00,2.9700000286102295,3.0,2.9700000286102295,3.0,567,0.0,0.0
2010-07-26 00:00:00-04:00,3.0,3.0,3.0,3.0,0,0.0,0.0
2010-07-27 00:00:00-04:00,2.9700000286102295,3.0299999713897705,2.9700000286102295,3.0299999713897705,1000,0.0,0.0
2010-07-28 00:00:00-04:00,3.0299999713897705,3.0299999713897705,3.0299999713897705,3.0299999713897705,0,0.0,0.0
2010-07-29 00:00:00-04:00,3.0299999713897705,3.0299999713897705,3.0299999713897705,3.0299999713897705,0,0.0,0.0
2010-07-30 00:00:00-04:00,3.0299999713897705,3.0299999713897705,3.0299999713897705,3.0299999713897705,0,0.0,0.0
2010-08-02 00:00:00-04:00,2.759999990463257,3.0,2.759999990463257,3.0,100,0.0,0.0
2010-08-03 00:00:00-04:00,2.490000009536743,2.640000104904175,2.490000009536743,2.640000104904175,133,0.0,0.0
2010-08-04 00:00:00-04:00,2.8499999046325684,3.0899999141693115,2.640000104904175,2.759999990463257,2000,0.0,0.0
2010-08-05 00:00:00-04:00,2.759999990463257,2.759999990463257,2.759999990463257,2.759999990463257,0,0.0,0.0
2010-08-06 00:00:00-04:00,2.759999990463257,2.759999990463257,2.759999990463257,2.759999990463257,0,0.0,0.0
2010-08-09 00:00:00-04:00,2.759999990463257,2.759999990463257,2.759999990463257,2.759999990463257,0,0.0,0.0
2010-08-10 00:00:00-04:00,2.549999952316284,2.549999952316284,2.309999942779541,2.309999942779541,300,0.0,0.0
2010-08-11 00:00:00-04:00,2.309999942779541,2.309999942779541,2.309999942779541,2.309999942779541,0,0.0,0.0
2010-08-12 00:00:00-04:00,2.309999942779541,2.309999942779541,2.309999942779541,2.309999942779541,0,0.0,0.0
2010-08-13 00:00:00-04:00,2.309999942779541,2.309999942779541,2.309999942779541,2.309999942779541,267,0.0,0.0
2010-08-16 00:00:00-04:00,1.7699999809265137,1.7999999523162842,1.590000033378601,1.590000033378601,1033,0.0,0.0
2010-08-17 00:00:00-04:00,1.7999999523162842,3.0,1.7999999523162842,2.7300000190734863,2867,0.0,0.0
2010-08-18 00:00:00-04:00,2.25,2.25,2.25,2.25,33,0.0,0.0
2010-08-19 00:00:00-04:00,2.25,2.25,2.25,2.25,67,0.0,0.0
2010-08-20 00:00:00-04:00,2.25,2.25,2.25,2.25,0,0.0,0.0
2010-08-23 00:00:00-04:00,2.2799999713897705,2.2799999713897705,2.0399999618530273,2.0999999046325684,333,0.0,0.0
2010-08-24 00:00:00-04:00,2.0999999046325684,2.0999999046325684,2.0999999046325684,2.0999999046325684,0,0.0,0.0
2010-08-25 00:00:00-04:00,2.0999999046325684,2.0999999046325684,2.0999999046325684,2.0999999046325684,0,0.0,0.0
2010-08-26 00:00:00-04:00,2.2200000286102295,2.2200000286102295,2.2200000286102295,2.2200000286102295,33,0.0,0.0
2010-08-27 00:00:00-04:00,2.549999952316284,2.7300000190734863,2.4000000953674316,2.7300000190734863,667,0.0,0.0
2010-08-30 00:00:00-04:00,2.7300000190734863,2.759999990463257,2.700000047683716,2.759999990463257,1267,0.0,0.0
2010-08-31 00:00:00-04:00,2.759999990463257,2.759999990463257,2.759999990463257,2.759999990463257,0,0.0,0.0
2010-09-01 00:00:00-04:00,2.0999999046325684,2.0999999046325684,1.649999976158142,1.7400000095367432,1100,0.0,0.0
2010-09-02 00:00:00-04:00,1.7699999809265137,3.0,1.0499999523162842,1.0800000429153442,24200,0.0,0.0
2010-09-03 00:00:00-04:00,1.1399999856948853,1.590000033378601,0.8999999761581421,0.8999999761581421,35200,0.0,0.0
2010-09-07 00:00:00-04:00,0.9900000095367432,1.3200000524520874,0.9900000095367432,1.2000000476837158,16767,0.0,0.0
2010-09-08 00:00:00-04:00,1.350000023841858,1.350000023841858,1.0499999523162842,1.3200000524520874,7267,0.0,0.0
2010-09-09 00:00:00-04:00,1.350000023841858,1.350000023841858,1.2000000476837158,1.2000000476837158,267,0.0,0.0
2010-09-10 00:00:00-04:00,1.2899999618530273,1.2899999618530273,1.2899999618530273,1.2899999618530273,4600,0.0,0.0
2010-09-13 00:00:00-04:00,1.3200000524520874,1.440000057220459,1.3200000524520874,1.3799999952316284,4133,0.0,0.0
2010-09-14 00:00:00-04:00,1.440000057220459,1.7699999809265137,1.440000057220459,1.7699999809265137,12667,0.0,0.0
2010-09-15 00:00:00-04:00,1.7999999523162842,2.4600000381469727,1.7999999523162842,2.4000000953674316,20000,0.0,0.0
2010-09-16 00:00:00-04:00,2.430000066757202,2.4600000381469727,2.2200000286102295,2.2799999713897705,18900,0.0,0.0
2010-09-17 00:00:00-04:00,2.3399999141693115,2.4600000381469727,2.3399999141693115,2.4600000381469727,867,0.0,0.0
2010-09-20 00:00:00-04:00,2.2200000286102295,2.2799999713897705,2.0999999046325684,2.2799999713897705,3900,0.0,0.0
2010-09-21 00:00:00-04:00,2.130000114440918,2.2799999713897705,1.9500000476837158,2.2799999713897705,1800,0.0,0.0
2010-09-22 00:00:00-04:00,1.9800000190734863,2.2200000286102295,1.9800000190734863,2.2200000286102295,2333,0.0,0.0
2010-09-23 00:00:00-04:00,1.9500000476837158,2.2799999713897705,1.9500000476837158,2.2799999713897705,1733,0.0,0.0
2010-09-24 00:00:00-04:00,2.2799999713897705,2.4000000953674316,2.009999990463257,2.4000000953674316,1767,0.0,0.0
2010-09-27 00:00:00-04:00,2.0999999046325684,2.819999933242798,1.9800000190734863,2.7300000190734863,12500,0.0,0.0
2010-09-28 00:00:00-04:00,2.5799999237060547,2.5799999237060547,2.4600000381469727,2.4600000381469727,100,0.0,0.0
2010-09-29 00:00:00-04:00,2.549999952316284,2.549999952316284,2.549999952316284,2.549999952316284,67,0.0,0.0
2010-09-30 00:00:00-04:00,2.700000047683716,2.819999933242798,2.700000047683716,2.819999933242798,800,0.0,0.0
2010-10-01 00:00:00-04:00,2.819999933242798,3.0,2.759999990463257,3.0,2733,0.0,0.0
2010-10-04 00:00:00-04:00,3.0,3.0,2.4600000381469727,2.4600000381469727,500,0.0,0.0
2010-10-05 00:00:00-04:00,2.549999952316284,2.549999952316284,1.9199999570846558,2.25,6133,0.0,0.0
2010-10-06 00:00:00-04:00,2.25,2.5199999809265137,2.0999999046325684,2.2200000286102295,6267,0.0,0.0
2010-10-07 00:00:00-04:00,2.4000000953674316,2.4000000953674316,2.4000000953674316,2.4000000953674316,4233,0.0,0.0
2010-10-08 00:00:00-04:00,2.4000000953674316,2.430000066757202,2.4000000953674316,2.430000066757202,2433,0.0,0.0
2010-10-11 00:00:00-04:00,2.5799999237060547,2.5799999237060547,2.430000066757202,2.430000066757202,800,0.0,0.0
2010-10-12 00:00:00-04:00,2.430000066757202,2.430000066757202,2.430000066757202,2.430000066757202,0,0.0,0.0
2010-10-13 00:00:00-04:00,2.430000066757202,2.430000066757202,2.430000066757202,2.430000066757202,0,0.0,0.0
2010-10-14 00:00:00-04:00,2.430000066757202,2.430000066757202,2.430000066757202,2.430000066757202,0,0.0,0.0
2010-10-15 00:00:00-04:00,2.009999990463257,2.25,2.009999990463257,2.25,133,0.0,0.0
2010-10-18 00:00:00-04:00,2.2799999713897705,2.2799999713897705,2.25,2.25,100,0.0,0.0
2010-10-19 00:00:00-04:00,2.1600000858306885,2.25,2.1600000858306885,2.25,700,0.0,0.0
2010-10-20 00:00:00-04:00,2.25,2.25,2.1600000858306885,2.1600000858306885,267,0.0,0.0
2010-10-21 00:00:00-04:00,2.1600000858306885,2.1600000858306885,2.1600000858306885,2.1600000858306885,67,0.0,0.0
2010-10-22 00:00:00-04:00,2.1600000858306885,2.1600000858306885,2.1600000858306885,2.1600000858306885,200,0.0,0.0
2010-10-25 00:00:00-04:00,2.1600000858306885,2.1600000858306885,2.1600000858306885,2.1600000858306885,0,0.0,0.0
2010-10-26 00:00:00-04:00,2.069999933242798,2.5199999809265137,2.069999933242798,2.309999942779541,167,0.0,0.0
2010-10-27 00:00:00-04:00,2.309999942779541,2.309999942779541,2.309999942779541,2.309999942779541,0,0.0,0.0
2010-10-28 00:00:00-04:00,2.309999942779541,2.309999942779541,2.309999942779541,2.309999942779541,0,0.0,0.0
2010-10-29 00:00:00-04:00,2.25,2.25,2.25,2.25,67,0.0,0.0
2010-11-01 00:00:00-04:00,2.25,2.25,2.25,2.25,0,0.0,0.0
2010-11-02 00:00:00-04:00,2.0999999046325684,2.25,2.0999999046325684,2.0999999046325684,200,0.0,0.0
2010-11-03 00:00:00-04:00,2.25,2.25,2.25,2.25,33,0.0,0.0
2010-11-04 00:00:00-04:00,2.25,2.25,2.25,2.25,68933,0.0,0.0
2010-11-05 00:00:00-04:00,2.25,2.25,2.130000114440918,2.25,4067,0.0,0.0
2010-11-08 00:00:00-05:00,2.130000114440918,2.25,2.130000114440918,2.25,733,0.0,0.0
2010-11-09 00:00:00-05:00,2.25,2.25,2.25,2.25,0,0.0,0.0
2010-11-10 00:00:00-05:00,2.25,2.25,2.25,2.25,0,0.0,0.0
2010-11-11 00:00:00-05:00,2.25,2.25,2.25,2.25,2833,0.0,0.0
2010-11-12 00:00:00-05:00,2.25,2.25,2.25,2.25,0,0.0,0.0
2010-11-15 00:00:00-05:00,2.25,2.25,2.25,2.25,0,0.0,0.0
2010-11-16 00:00:00-05:00,2.0399999618530273,2.0399999618530273,2.0399999618530273,2.0399999618530273,33,0.0,0.0
2010-11-17 00:00:00-05:00,2.0399999618530273,2.0399999618530273,2.0399999618530273,2.0399999618530273,0,0.0,0.0
2010-11-18 00:00:00-05:00,2.9100000858306885,2.9100000858306885,2.130000114440918,2.2200000286102295,233,0.0,0.0
2010-11-19 00:00:00-05:00,2.0999999046325684,2.0999999046325684,2.0399999618530273,2.0399999618530273,233,0.0,0.0
2010-11-22 00:00:00-05:00,2.0399999618530273,2.0399999618530273,2.0399999618530273,2.0399999618530273,0,0.0,0.0
2010-11-23 00:00:00-05:00,2.069999933242798,2.0999999046325684,2.069999933242798,2.0999999046325684,1367,0.0,0.0
2010-11-24 00:00:00-05:00,2.0999999046325684,2.0999999046325684,1.8899999856948853,2.069999933242798,933,0.0,0.0
2010-11-26 00:00:00-05:00,2.069999933242798,2.069999933242798,2.069999933242798,2.069999933242798,67,0.0,0.0
2010-11-29 00:00:00-05:00,2.069999933242798,2.069999933242798,2.069999933242798,2.069999933242798,0,0.0,0.0
2010-11-30 00:00:00-05:00,2.069999933242798,2.069999933242798,2.069999933242798,2.069999933242798,0,0.0,0.0
2010-12-01 00:00:00-05:00,2.0999999046325684,2.0999999046325684,2.0999999046325684,2.0999999046325684,1267,0.0,0.0
2010-12-02 00:00:00-05:00,2.0999999046325684,2.0999999046325684,2.0999999046325684,2.0999999046325684,0,0.0,0.0
2010-12-03 00:00:00-05:00,1.9800000190734863,2.0399999618530273,1.9800000190734863,2.0399999618530273,100,0.0,0.0
2010-12-06 00:00:00-05:00,2.009999990463257,2.0999999046325684,2.009999990463257,2.0999999046325684,233,0.0,0.0
2010-12-07 00:00:00-05:00,2.0999999046325684,2.0999999046325684,2.0999999046325684,2.0999999046325684,0,0.0,0.0
2010-12-08 00:00:00-05:00,2.0999999046325684,2.0999999046325684,1.2000000476837158,1.6200000047683716,30833,0.0,0.0
2010-12-09 00:00:00-05:00,1.590000033378601,1.590000033378601,1.590000033378601,1.590000033378601,33,0.0,0.0
2010-12-10 00:00:00-05:00,1.590000033378601,1.7699999809265137,1.590000033378601,1.7400000095367432,1400,0.0,0.0
2010-12-13 00:00:00-05:00,1.5,2.0399999618530273,1.5,1.559999942779541,2967,0.0,0.0
2010-12-14 00:00:00-05:00,1.5299999713897705,1.7100000381469727,1.5299999713897705,1.6799999475479126,667,0.0,0.0
2010-12-15 00:00:00-05:00,1.6799999475479126,1.7999999523162842,1.649999976158142,1.7999999523162842,3600,0.0,0.0
2010-12-16 00:00:00-05:00,1.649999976158142,1.7999999523162842,1.649999976158142,1.7999999523162842,633,0.0,0.0
2010-12-17 00:00:00-05:00,1.7999999523162842,1.7999999523162842,1.7999999523162842,1.7999999523162842,33,0.0,0.0
2010-12-20 00:00:00-05:00,1.8899999856948853,1.8899999856948853,1.8899999856948853,1.8899999856948853,1767,0.0,0.0
2010-12-21 00:00:00-05:00,1.7999999523162842,1.9500000476837158,1.7999999523162842,1.9500000476837158,2433,0.0,0.0
2010-12-22 00:00:00-05:00,1.9500000476837158,1.9500000476837158,1.9500000476837158,1.9500000476837158,0,0.0,0.0
2010-12-23 00:00:00-05:00,1.7999999523162842,1.7999999523162842,1.7999999523162842,1.7999999523162842,100,0.0,0.0
2010-12-27 00:00:00-05:00,1.8300000429153442,2.009999990463257,1.8300000429153442,1.8300000429153442,1100,0.0,0.0
2010-12-28 00:00:00-05:00,1.8600000143051147,1.8600000143051147,1.8600000143051147,1.8600000143051147,333,0.0,0.0
2010-12-29 00:00:00-05:00,1.8300000429153442,2.0999999046325684,1.8300000429153442,2.0399999618530273,5567,0.0,0.0
2010-12-30 00:00:00-05:00,2.0999999046325684,2.0999999046325684,1.8899999856948853,2.0399999618530273,4067,0.0,0.0
2010-12-31 00:00:00-05:00,2.0399999618530273,2.0399999618530273,2.0399999618530273,2.0399999618530273,0,0.0,0.3333333333333333
2011-01-03 00:00:00-05:00,2.069999933242798,2.069999933242798,2.0,2.0,400,0.0,0.0
2011-01-04 00:00:00-05:00,2.0999999046325684,2.119999885559082,1.9800000190734863,2.0999999046325684,5700,0.0,0.0
2011-01-05 00:00:00-05:00,2.0999999046325684,2.0999999046325684,2.0999999046325684,2.0999999046325684,0,0.0,0.0
2011-01-06 00:00:00-05:00,0.8600000143051147,2.0999999046325684,0.8600000143051147,2.0199999809265137,1300,0.0,0.0
2011-01-07 00:00:00-05:00,1.5199999809265137,2.990000009536743,1.5199999809265137,2.0899999141693115,8700,0.0,0.0
2011-01-10 00:00:00-05:00,1.9500000476837158,2.7799999713897705,1.7599999904632568,2.680000066757202,1900,0.0,0.0
2011-01-11 00:00:00-05:00,2.259999990463257,2.6700000762939453,2.25,2.6700000762939453,600,0.0,0.0
2011-01-12 00:00:00-05:00,2.25,2.25,2.25,2.25,600,0.0,0.0
2011-01-13 00:00:00-05:00,2.299999952316284,2.299999952316284,1.75,2.049999952316284,4100,0.0,0.0
2011-01-14 00:00:00-05:00,2.0,2.25,2.0,2.0,700,0.0,0.0
2011-01-18 00:00:00-05:00,2.0199999809265137,2.0399999618530273,2.0,2.0399999618530273,1700,0.0,0.0
2011-01-19 00:00:00-05:00,2.0,2.299999952316284,1.850000023841858,2.299999952316284,8100,0.0,0.0
2011-01-20 00:00:00-05:00,2.299999952316284,2.299999952316284,2.299999952316284,2.299999952316284,0,0.0,0.0
2011-01-21 00:00:00-05:00,2.2899999618530273,3.0,2.2899999618530273,2.809999942779541,10100,0.0,0.0
2011-01-24 00:00:00-05:00,2.8499999046325684,3.0999999046325684,2.569999933242798,3.0,16100,0.0,0.0
2011-01-25 00:00:00-05:00,3.0,4.889999866485596,2.8299999237060547,4.730000019073486,113300,0.0,0.0
2011-01-26 00:00:00-05:00,4.789999961853027,4.789999961853027,3.109999895095825,3.490000009536743,203700,0.0,0.0
2011-01-27 00:00:00-05:00,3.5299999713897705,3.559999942779541,3.140000104904175,3.319999933242798,20600,0.0,0.0
2011-01-28 00:00:00-05:00,3.140000104904175,3.1600000858306885,2.7799999713897705,2.930000066757202,10700,0.0,0.0
2011-01-31 00:00:00-05:00,2.9800000190734863,4.050000190734863,2.109999895095825,3.75,208800,0.0,0.0
2011-02-01 00:00:00-05:00,3.9600000381469727,3.9600000381469727,3.200000047683716,3.549999952316284,97900,0.0,0.0
2011-02-02 00:00:00-05:00,3.5,3.6700000762939453,3.5,3.5999999046325684,2500,0.0,0.0
2011-02-03 00:00:00-05:00,3.5199999809265137,3.5299999713897705,3.5,3.5199999809265137,3800,0.0,0.0
2011-02-04 00:00:00-05:00,3.5,3.619999885559082,3.309999942779541,3.3299999237060547,8800,0.0,0.0
2011-02-07 00:00:00-05:00,3.430000066757202,3.7300000190734863,3.430000066757202,3.680000066757202,28300,0.0,0.0
2011-02-08 00:00:00-05:00,3.640000104904175,3.9600000381469727,3.630000114440918,3.859999895095825,5300,0.0,0.0
2011-02-09 00:00:00-05:00,3.859999895095825,3.859999895095825,3.859999895095825,3.859999895095825,0,0.0,0.0
2011-02-10 00:00:00-05:00,3.799999952316284,3.9700000286102295,3.690000057220459,3.75,57200,0.0,0.0
2011-02-11 00:00:00-05:00,3.75,3.869999885559082,3.75,3.869999885559082,2800,0.0,0.0
2011-02-14 00:00:00-05:00,3.7300000190734863,3.7300000190734863,3.680000066757202,3.680000066757202,1000,0.0,0.0
2011-02-15 00:00:00-05:00,3.9800000190734863,3.9800000190734863,3.9800000190734863,3.9800000190734863,100,0.0,0.0
2011-02-16 00:00:00-05:00,3.7699999809265137,3.7699999809265137,3.559999942779541,3.690000057220459,2900,0.0,0.0
2011-02-17 00:00:00-05:00,3.869999885559082,3.9600000381469727,3.5899999141693115,3.5899999141693115,46300,0.0,0.0
2011-02-18 00:00:00-05:00,3.6600000858306885,3.930000066757202,3.6600000858306885,3.9000000953674316,111700,0.0,0.0
2011-02-22 00:00:00-05:00,3.7300000190734863,3.7300000190734863,2.950000047683716,2.950000047683716,36200,0.0,0.0
2011-02-23 00:00:00-05:00,3.180000066757202,3.2100000381469727,2.950000047683716,2.950000047683716,7500,0.0,0.0
2011-02-24 00:00:00-05:00,2.950000047683716,3.0799999237060547,2.9000000953674316,3.0799999237060547,3800,0.0,0.0
2011-02-25 00:00:00-05:00,2.7200000286102295,2.890000104904175,2.7200000286102295,2.890000104904175,1300,0.0,0.0
2011-02-28 00:00:00-05:00,2.890000104904175,2.950000047683716,2.890000104904175,2.950000047683716,300,0.0,0.0
2011-03-01 00:00:00-05:00,3.0999999046325684,3.0999999046325684,3.0999999046325684,3.0999999046325684,200,0.0,0.0
2011-03-02 00:00:00-05:00,2.7200000286102295,2.9800000190734863,2.7200000286102295,2.9800000190734863,500,0.0,0.0
2011-03-03 00:00:00-05:00,2.9800000190734863,2.9800000190734863,2.9800000190734863,2.9800000190734863,0,0.0,0.0
2011-03-04 00:00:00-05:00,2.9800000190734863,2.9800000190734863,2.9800000190734863,2.9800000190734863,0,0.0,0.0
2011-03-07 00:00:00-05:00,2.880000114440918,2.880000114440918,2.6700000762939453,2.6700000762939453,3700,0.0,0.0
2011-03-08 00:00:00-05:00,2.5799999237060547,2.5799999237060547,2.4000000953674316,2.4000000953674316,2400,0.0,0.0
2011-03-09 00:00:00-05:00,2.4800000190734863,2.490000009536743,2.180000066757202,2.2699999809265137,3700,0.0,0.0
2011-03-10 00:00:00-05:00,2.2799999713897705,2.430000066757202,2.009999990463257,2.240000009536743,3500,0.0,0.0
2011-03-11 00:00:00-05:00,2.049999952316284,2.2699999809265137,2.0299999713897705,2.2699999809265137,600,0.0,0.0
2011-03-14 00:00:00-04:00,2.2699999809265137,2.2699999809265137,2.2699999809265137,2.2699999809265137,0,0.0,0.0
2011-03-15 00:00:00-04:00,2.2300000190734863,2.2799999713897705,2.2300000190734863,2.2799999713897705,2500,0.0,0.0
2011-03-16 00:00:00-04:00,2.2799999713897705,2.2799999713897705,2.2799999713897705,2.2799999713897705,0,0.0,0.0
2011-03-17 00:00:00-04:00,2.069999933242798,2.119999885559082,2.059999942779541,2.119999885559082,800,0.0,0.0
2011-03-18 00:00:00-04:00,2.059999942779541,2.059999942779541,2.049999952316284,2.049999952316284,1700,0.0,0.0
2011-03-21 00:00:00-04:00,2.049999952316284,2.049999952316284,2.049999952316284,2.049999952316284,0,0.0,0.0
2011-03-22 00:00:00-04:00,2.049999952316284,2.049999952316284,2.049999952316284,2.049999952316284,0,0.0,0.0
2011-03-23 00:00:00-04:00,2.009999990463257,2.009999990463257,1.9900000095367432,1.9900000095367432,1000,0.0,0.0
2011-03-24 00:00:00-04:00,1.9900000095367432,1.9900000095367432,1.9900000095367432,1.9900000095367432,0,0.0,0.0
2011-03-25 00:00:00-04:00,1.9500000476837158,1.9500000476837158,1.9500000476837158,1.9500000476837158,200,0.0,0.0
2011-03-28 00:00:00-04:00,1.8799999952316284,1.909999966621399,1.8799999952316284,1.909999966621399,1000,0.0,0.0
2011-03-29 00:00:00-04:00,1.7999999523162842,1.7999999523162842,1.7999999523162842,1.7999999523162842,300,0.0,0.0
2011-03-30 00:00:00-04:00,1.9900000095367432,2.390000104904175,1.9900000095367432,2.299999952316284,4300,0.0,0.0
2011-03-31 00:00:00-04:00,2.3299999237060547,2.390000104904175,2.049999952316284,2.25,4400,0.0,0.0
2011-04-01 00:00:00-04:00,2.319999933242798,2.319999933242798,1.909999966621399,1.9600000381469727,3600,0.0,0.0
2011-04-04 00:00:00-04:00,1.9500000476837158,1.9900000095367432,1.899999976158142,1.899999976158142,4800,0.0,0.0
2011-04-05 00:00:00-04:00,2.2899999618530273,2.390000104904175,2.25,2.3399999141693115,9100,0.0,0.0
2011-04-06 00:00:00-04:00,2.4800000190734863,2.990000009536743,2.3399999141693115,2.440000057220459,40700,0.0,0.0
2011-04-07 00:00:00-04:00,2.450000047683716,2.5299999713897705,1.9500000476837158,2.109999895095825,8700,0.0,0.0
2011-04-08 00:00:00-04:00,2.140000104904175,2.200000047683716,2.119999885559082,2.119999885559082,1600,0.0,0.0
2011-04-11 00:00:00-04:00,2.109999895095825,2.4000000953674316,2.109999895095825,2.259999990463257,1000,0.0,0.0
2011-04-12 00:00:00-04:00,2.200000047683716,2.4000000953674316,2.200000047683716,2.4000000953674316,2700,0.0,0.0
2011-04-13 00:00:00-04:00,2.359999895095825,2.509999990463257,2.200000047683716,2.200000047683716,1400,0.0,0.0
2011-04-14 00:00:00-04:00,2.049999952316284,2.1500000953674316,2.049999952316284,2.109999895095825,1200,0.0,0.0
2011-04-15 00:00:00-04:00,2.059999942779541,2.059999942779541,1.8600000143051147,1.909999966621399,4500,0.0,0.0
2011-04-18 00:00:00-04:00,1.8700000047683716,2.109999895095825,1.8700000047683716,1.899999976158142,1300,0.0,0.0
2011-04-19 00:00:00-04:00,1.8899999856948853,1.899999976158142,1.7999999523162842,1.7999999523162842,2500,0.0,0.0
2011-04-20 00:00:00-04:00,1.7999999523162842,1.8700000047683716,1.7799999713897705,1.8700000047683716,1100,0.0,0.0
2011-04-21 00:00:00-04:00,1.899999976158142,1.899999976158142,1.840000033378601,1.840000033378601,400,0.0,0.0
2011-04-25 00:00:00-04:00,1.8700000047683716,1.899999976158142,1.7999999523162842,1.7999999523162842,700,0.0,0.0
2011-04-26 00:00:00-04:00,1.7999999523162842,1.7999999523162842,1.7999999523162842,1.7999999523162842,0,0.0,0.0
2011-04-27 00:00:00-04:00,1.8300000429153442,1.8300000429153442,1.8300000429153442,1.8300000429153442,500,0.0,0.0
2011-04-28 00:00:00-04:00,1.8300000429153442,1.8300000429153442,1.8300000429153442,1.8300000429153442,0,0.0,0.0
2011-04-29 00:00:00-04:00,1.8600000143051147,1.909999966621399,1.8600000143051147,1.909999966621399,300,0.0,0.0
2011-05-02 00:00:00-04:00,1.850000023841858,1.850000023841858,1.850000023841858,1.850000023841858,300,0.0,0.0
2011-05-03 00:00:00-04:00,1.899999976158142,1.9800000190734863,1.899999976158142,1.9800000190734863,700,0.0,0.0
2011-05-04 00:00:00-04:00,1.9900000095367432,1.9900000095367432,1.9900000095367432,1.9900000095367432,500,0.0,0.0
2011-05-05 00:00:00-04:00,1.9900000095367432,1.9900000095367432,1.9900000095367432,1.9900000095367432,0,0.0,0.0
2011-05-06 00:00:00-04:00,1.9900000095367432,1.9900000095367432,1.9900000095367432,1.9900000095367432,0,0.0,0.0
2011-05-09 00:00:00-04:00,1.850000023841858,1.9900000095367432,1.850000023841858,1.940000057220459,2600,0.0,0.0
2011-05-10 00:00:00-04:00,1.940000057220459,1.940000057220459,1.940000057220459,1.940000057220459,0,0.0,0.0
2011-05-11 00:00:00-04:00,2.0,2.0,2.0,2.0,500,0.0,0.0
2011-05-12 00:00:00-04:00,1.8300000429153442,1.8300000429153442,1.8300000429153442,1.8300000429153442,100,0.0,0.0
2011-05-13 00:00:00-04:00,2.0,2.0,1.9800000190734863,1.9800000190734863,900,0.0,0.0
2011-05-16 00:00:00-04:00,1.9299999475479126,1.9299999475479126,1.9299999475479126,1.9299999475479126,100,0.0,0.0
2011-05-17 00:00:00-04:00,1.9500000476837158,2.0,1.809999942779541,2.0,4900,0.0,0.0
2011-05-18 00:00:00-04:00,2.0,2.0,2.0,2.0,0,0.0,0.0
2011-05-19 00:00:00-04:00,2.0,2.0,2.0,2.0,0,0.0,0.0
2011-05-20 00:00:00-04:00,2.0,2.0,2.0,2.0,0,0.0,0.0
2011-05-23 00:00:00-04:00,1.8600000143051147,1.8600000143051147,1.7999999523162842,1.7999999523162842,12400,0.0,0.0
2011-05-24 00:00:00-04:00,1.7999999523162842,1.7999999523162842,1.7799999713897705,1.7799999713897705,900,0.0,0.0
2011-05-25 00:00:00-04:00,1.7999999523162842,1.7999999523162842,1.7999999523162842,1.7999999523162842,300,0.0,0.0
2011-05-26 00:00:00-04:00,1.7899999618530273,1.7899999618530273,1.7899999618530273,1.7899999618530273,200,0.0,0.0
2011-05-27 00:00:00-04:00,1.7799999713897705,1.7799999713897705,1.7799999713897705,1.7799999713897705,500,0.0,0.0
2011-05-31 00:00:00-04:00,1.75,1.7899999618530273,1.7400000095367432,1.7899999618530273,2300,0.0,0.0
2011-06-01 00:00:00-04:00,1.7899999618530273,1.7899999618530273,1.7899999618530273,1.7899999618530273,0,0.0,0.0
2011-06-02 00:00:00-04:00,1.7899999618530273,1.7899999618530273,1.7899999618530273,1.7899999618530273,0,0.0,0.0
2011-06-03 00:00:00-04:00,1.7899999618530273,1.7899999618530273,1.7899999618530273,1.7899999618530273,0,0.0,0.0
2011-06-06 00:00:00-04:00,1.7699999809265137,1.7699999809265137,1.7699999809265137,1.7699999809265137,100,0.0,0.0
2011-06-07 00:00:00-04:00,1.7699999809265137,1.7699999809265137,1.7699999809265137,1.7699999809265137,0,0.0,0.0
2011-06-08 00:00:00-04:00,1.850000023841858,1.850000023841858,1.850000023841858,1.850000023841858,100,0.0,0.0
2011-06-09 00:00:00-04:00,1.7599999904632568,1.8300000429153442,1.75,1.8300000429153442,600,0.0,0.0
2011-06-10 00:00:00-04:00,1.850000023841858,2.0,1.6799999475479126,1.7100000381469727,2300,0.0,0.0
2011-06-13 00:00:00-04:00,1.7100000381469727,1.7100000381469727,1.7100000381469727,1.7100000381469727,0,0.0,0.0
2011-06-14 00:00:00-04:00,1.9199999570846558,1.9299999475479126,1.9199999570846558,1.9299999475479126,1400,0.0,0.0
2011-06-15 00:00:00-04:00,1.659999966621399,1.9800000190734863,1.600000023841858,1.7400000095367432,2400,0.0,0.0
2011-06-16 00:00:00-04:00,1.9199999570846558,1.9800000190734863,1.9199999570846558,1.9800000190734863,1900,0.0,0.0
2011-06-17 00:00:00-04:00,2.0,2.0,2.0,2.0,1700,0.0,0.0
2011-06-20 00:00:00-04:00,2.0,2.0,2.0,2.0,0,0.0,0.0
2011-06-21 00:00:00-04:00,1.9199999570846558,1.9900000095367432,1.899999976158142,1.9900000095367432,1900,0.0,0.0
2011-06-22 00:00:00-04:00,1.909999966621399,1.909999966621399,1.809999942779541,1.809999942779541,2600,0.0,0.0
2011-06-23 00:00:00-04:00,1.809999942779541,1.809999942779541,1.809999942779541,1.809999942779541,200,0.0,0.0
2011-06-24 00:00:00-04:00,1.809999942779541,1.809999942779541,1.809999942779541,1.809999942779541,0,0.0,0.0
2011-06-27 00:00:00-04:00,1.75,1.7999999523162842,1.4700000286102295,1.6699999570846558,10100,0.0,0.0
2011-06-28 00:00:00-04:00,1.6699999570846558,1.909999966621399,1.5199999809265137,1.7000000476837158,32200,0.0,0.0
2011-06-29 00:00:00-04:00,1.7000000476837158,1.7000000476837158,1.7000000476837158,1.7000000476837158,0,0.0,0.0
2011-06-30 00:00:00-04:00,1.6699999570846558,1.7100000381469727,1.5499999523162842,1.6399999856948853,3200,0.0,0.0
2011-07-01 00:00:00-04:00,1.6399999856948853,1.6399999856948853,1.6399999856948853,1.6399999856948853,0,0.0,0.0
2011-07-05 00:00:00-04:00,1.600000023841858,1.7200000286102295,1.600000023841858,1.600000023841858,1000,0.0,0.0
2011-07-06 00:00:00-04:00,1.600000023841858,1.600000023841858,1.600000023841858,1.600000023841858,0,0.0,0.0
2011-07-07 00:00:00-04:00,1.6200000047683716,1.6200000047683716,1.6100000143051147,1.6100000143051147,300,0.0,0.0
2011-07-08 00:00:00-04:00,1.7999999523162842,1.9700000286102295,1.7999999523162842,1.8600000143051147,3500,0.0,0.0
2011-07-11 00:00:00-04:00,1.7400000095367432,1.9900000095367432,1.7400000095367432,1.8799999952316284,2700,0.0,0.0
2011-07-12 00:00:00-04:00,1.8799999952316284,1.8799999952316284,1.8799999952316284,1.8799999952316284,0,0.0,0.0
2011-07-13 00:00:00-04:00,1.8300000429153442,1.8600000143051147,1.8300000429153442,1.850000023841858,1800,0.0,0.0
2011-07-14 00:00:00-04:00,1.840000033378601,1.840000033378601,1.6799999475479126,1.6799999475479126,4200,0.0,0.0
2011-07-15 00:00:00-04:00,1.7799999713897705,1.7799999713897705,1.6799999475479126,1.6799999475479126,400,0.0,0.0
2011-07-18 00:00:00-04:00,1.6699999570846558,1.6699999570846558,1.649999976158142,1.649999976158142,400,0.0,0.0
2011-07-19 00:00:00-04:00,1.649999976158142,1.649999976158142,1.649999976158142,1.649999976158142,0,0.0,0.0
2011-07-20 00:00:00-04:00,1.649999976158142,1.649999976158142,1.649999976158142,1.649999976158142,300,0.0,0.0
2011-07-21 00:00:00-04:00,1.7300000190734863,1.7300000190734863,1.7200000286102295,1.7200000286102295,2100,0.0,0.0
2011-07-22 00:00:00-04:00,1.7200000286102295,1.7200000286102295,1.7200000286102295,1.7200000286102295,0,0.0,0.0
2011-07-25 00:00:00-04:00,1.6299999952316284,1.6699999570846558,1.4900000095367432,1.6200000047683716,1300,0.0,0.0
2011-07-26 00:00:00-04:00,1.6200000047683716,1.6200000047683716,1.6200000047683716,1.6200000047683716,0,0.0,0.0
2011-07-27 00:00:00-04:00,1.6200000047683716,1.6200000047683716,1.6200000047683716,1.6200000047683716,0,0.0,0.0
2011-07-28 00:00:00-04:00,1.590000033378601,1.590000033378601,1.590000033378601,1.590000033378601,100,0.0,0.0
2011-07-29 00:00:00-04:00,1.75,1.7699999809265137,1.75,1.7699999809265137,900,0.0,0.0
2011-08-01 00:00:00-04:00,1.7699999809265137,1.7699999809265137,1.7699999809265137,1.7699999809265137,200,0.0,0.0
2011-08-02 00:00:00-04:00,1.7699999809265137,1.7699999809265137,1.7699999809265137,1.7699999809265137,0,0.0,0.0
2011-08-03 00:00:00-04:00,1.6799999475479126,1.6799999475479126,1.4700000286102295,1.4900000095367432,2600,0.0,0.0
2011-08-04 00:00:00-04:00,1.5199999809265137,1.850000023841858,1.4800000190734863,1.4800000190734863,4000,0.0,0.0
2011-08-05 00:00:00-04:00,1.4800000190734863,1.4800000190734863,1.4800000190734863,1.4800000190734863,0,0.0,0.0
2011-08-08 00:00:00-04:00,1.4800000190734863,1.5,1.440000057220459,1.5,700,0.0,0.0
2011-08-09 00:00:00-04:00,1.440000057220459,1.440000057220459,1.440000057220459,1.440000057220459,200,0.0,0.0
2011-08-10 00:00:00-04:00,1.850000023841858,1.850000023841858,1.4500000476837158,1.5399999618530273,4700,0.0,0.0
2011-08-11 00:00:00-04:00,1.5,1.75,1.5,1.75,1700,0.0,0.0
2011-08-12 00:00:00-04:00,1.7799999713897705,1.7799999713897705,1.590000033378601,1.7200000286102295,1800,0.0,0.0
2011-08-15 00:00:00-04:00,1.7100000381469727,1.7899999618530273,1.5,1.7400000095367432,1200,0.0,0.0
2011-08-16 00:00:00-04:00,1.840000033378601,1.850000023841858,1.840000033378601,1.850000023841858,700,0.0,0.0
2011-08-17 00:00:00-04:00,1.850000023841858,1.850000023841858,1.850000023841858,1.850000023841858,0,0.0,0.0
2011-08-18 00:00:00-04:00,1.559999942779541,1.7999999523162842,1.559999942779541,1.7999999523162842,400,0.0,0.0
2011-08-19 00:00:00-04:00,1.7599999904632568,1.7799999713897705,1.6200000047683716,1.7000000476837158,2000,0.0,0.0
2011-08-22 00:00:00-04:00,1.5700000524520874,1.5700000524520874,1.4299999475479126,1.5,1800,0.0,0.0
2011-08-23 00:00:00-04:00,1.5,1.5,1.5,1.5,0,0.0,0.0
2011-08-24 00:00:00-04:00,1.6100000143051147,1.6100000143051147,1.3799999952316284,1.3799999952316284,1200,0.0,0.0
2011-08-25 00:00:00-04:00,1.5299999713897705,1.5299999713897705,1.5299999713897705,1.5299999713897705,300,0.0,0.0
2011-08-26 00:00:00-04:00,1.7699999809265137,1.7899999618530273,1.7699999809265137,1.7899999618530273,4000,0.0,0.0
2011-08-29 00:00:00-04:00,1.5399999618530273,1.5399999618530273,1.5399999618530273,1.5399999618530273,100,0.0,0.0
2011-08-30 00:00:00-04:00,1.5399999618530273,1.5399999618530273,1.5399999618530273,1.5399999618530273,100,0.0,0.0
2011-08-31 00:00:00-04:00,1.5499999523162842,1.5499999523162842,1.5499999523162842,1.5499999523162842,100,0.0,0.0
2011-09-01 00:00:00-04:00,1.5499999523162842,1.5499999523162842,1.5499999523162842,1.5499999523162842,0,0.0,0.0
2011-09-02 00:00:00-04:00,1.7599999904632568,1.7599999904632568,1.7000000476837158,1.7000000476837158,200,0.0,0.0
2011-09-06 00:00:00-04:00,1.7000000476837158,1.7000000476837158,1.7000000476837158,1.7000000476837158,0,0.0,0.0
2011-09-07 00:00:00-04:00,1.690000057220459,1.690000057220459,1.690000057220459,1.690000057220459,100,0.0,0.0
2011-09-08 00:00:00-04:00,1.7300000190734863,1.7300000190734863,1.7300000190734863,1.7300000190734863,200,0.0,0.0
2011-09-09 00:00:00-04:00,1.7000000476837158,1.7000000476837158,1.7000000476837158,1.7000000476837158,200,0.0,0.0
2011-09-12 00:00:00-04:00,1.7000000476837158,1.7000000476837158,1.7000000476837158,1.7000000476837158,0,0.0,0.0
2011-09-13 00:00:00-04:00,1.7000000476837158,1.7000000476837158,1.7000000476837158,1.7000000476837158,0,0.0,0.0
2011-09-14 00:00:00-04:00,1.7000000476837158,1.7000000476837158,1.7000000476837158,1.7000000476837158,0,0.0,0.0
2011-09-15 00:00:00-04:00,1.5499999523162842,1.7799999713897705,1.5499999523162842,1.7799999713897705,2300,0.0,0.0
2011-09-16 00:00:00-04:00,1.7799999713897705,1.7799999713897705,1.7799999713897705,1.7799999713897705,0,0.0,0.0
2011-09-19 00:00:00-04:00,1.5499999523162842,1.5499999523162842,1.5499999523162842,1.5499999523162842,500,0.0,0.0
2011-09-20 00:00:00-04:00,1.5399999618530273,1.5399999618530273,1.5399999618530273,1.5399999618530273,600,0.0,0.0
2011-09-21 00:00:00-04:00,1.5399999618530273,1.5399999618530273,1.5399999618530273,1.5399999618530273,0,0.0,0.0
2011-09-22 00:00:00-04:00,1.5399999618530273,1.5399999618530273,1.5399999618530273,1.5399999618530273,1000,0.0,0.0
2011-09-23 00:00:00-04:00,1.7799999713897705,1.7799999713897705,1.7699999809265137,1.7699999809265137,400,0.0,0.0
2011-09-26 00:00:00-04:00,1.7699999809265137,1.7699999809265137,1.7699999809265137,1.7699999809265137,0,0.0,0.0
2011-09-27 00:00:00-04:00,1.5399999618530273,1.5399999618530273,1.5399999618530273,1.5399999618530273,200,0.0,0.0
2011-09-28 00:00:00-04:00,1.5399999618530273,1.5399999618530273,1.5399999618530273,1.5399999618530273,0,0.0,0.0
2011-09-29 00:00:00-04:00,1.5399999618530273,1.5399999618530273,1.5399999618530273,1.5399999618530273,0,0.0,0.0
2011-09-30 00:00:00-04:00,1.5700000524520874,1.5700000524520874,1.5499999523162842,1.5499999523162842,1100,0.0,0.0
2011-10-03 00:00:00-04:00,1.5499999523162842,1.5499999523162842,1.5,1.5,4800,0.0,0.0
2011-10-04 00:00:00-04:00,1.5,1.5,1.5,1.5,1500,0.0,0.0
2011-10-05 00:00:00-04:00,1.5,1.5199999809265137,1.5,1.5199999809265137,2100,0.0,0.0
2011-10-06 00:00:00-04:00,1.5199999809265137,1.5199999809265137,1.5199999809265137,1.5199999809265137,0,0.0,0.0
2011-10-07 00:00:00-04:00,1.5199999809265137,1.5199999809265137,1.5199999809265137,1.5199999809265137,0,0.0,0.0
2011-10-10 00:00:00-04:00,1.5199999809265137,1.5199999809265137,1.5199999809265137,1.5199999809265137,300,0.0,0.0
2011-10-11 00:00:00-04:00,1.5199999809265137,1.5199999809265137,1.5199999809265137,1.5199999809265137,0,0.0,0.0
2011-10-12 00:00:00-04:00,1.5,1.5099999904632568,1.399999976158142,1.4199999570846558,2900,0.0,0.0
2011-10-13 00:00:00-04:00,1.4199999570846558,1.4199999570846558,1.4199999570846558,1.4199999570846558,0,0.0,0.0
2011-10-14 00:00:00-04:00,1.4500000476837158,1.4500000476837158,1.4500000476837158,1.4500000476837158,1000,0.0,0.0
2011-10-17 00:00:00-04:00,1.399999976158142,1.399999976158142,1.399999976158142,1.399999976158142,300,0.0,0.0
2011-10-18 00:00:00-04:00,1.440000057220459,1.7599999904632568,1.399999976158142,1.649999976158142,9900,0.0,0.0
2011-10-19 00:00:00-04:00,1.7000000476837158,1.7000000476837158,1.4600000381469727,1.4600000381469727,1600,0.0,0.0
2011-10-20 00:00:00-04:00,1.4700000286102295,1.4700000286102295,1.4700000286102295,1.4700000286102295,400,0.0,0.0
2011-10-21 00:00:00-04:00,1.4600000381469727,1.4800000190734863,1.4600000381469727,1.4600000381469727,500,0.0,0.0
2011-10-24 00:00:00-04:00,1.4600000381469727,1.4600000381469727,1.399999976158142,1.440000057220459,3300,0.0,0.0
2011-10-25 00:00:00-04:00,1.4299999475479126,1.4500000476837158,1.4299999475479126,1.4299999475479126,600,0.0,0.0
2011-10-26 00:00:00-04:00,1.4299999475479126,1.4299999475479126,1.4299999475479126,1.4299999475479126,0,0.0,0.0
2011-10-27 00:00:00-04:00,1.4299999475479126,1.4299999475479126,1.4299999475479126,1.4299999475479126,600,0.0,0.0
2011-10-28 00:00:00-04:00,1.4299999475479126,1.4800000190734863,1.399999976158142,1.4800000190734863,7900,0.0,0.0
2011-10-31 00:00:00-04:00,1.399999976158142,1.399999976158142,1.399999976158142,1.399999976158142,1000,0.0,0.0
2011-11-01 00:00:00-04:00,1.399999976158142,1.4700000286102295,1.399999976158142,1.4700000286102295,200,0.0,0.0
2011-11-02 00:00:00-04:00,1.4700000286102295,1.4700000286102295,1.4700000286102295,1.4700000286102295,0,0.0,0.0
2011-11-03 00:00:00-04:00,1.4700000286102295,1.4700000286102295,1.4700000286102295,1.4700000286102295,0,0.0,0.0
2011-11-04 00:00:00-04:00,1.4700000286102295,1.4700000286102295,1.4700000286102295,1.4700000286102295,0,0.0,0.0
2011-11-07 00:00:00-05:00,1.4700000286102295,1.4700000286102295,1.4700000286102295,1.4700000286102295,0,0.0,0.0
2011-11-08 00:00:00-05:00,1.399999976158142,1.399999976158142,1.399999976158142,1.399999976158142,200,0.0,0.0
2011-11-09 00:00:00-05:00,1.399999976158142,1.399999976158142,1.399999976158142,1.399999976158142,0,0.0,0.0
2011-11-10 00:00:00-05:00,1.399999976158142,1.399999976158142,1.399999976158142,1.399999976158142,0,0.0,0.0
2011-11-11 00:00:00-05:00,1.409999966621399,1.409999966621399,1.399999976158142,1.399999976158142,1200,0.0,0.0
2011-11-14 00:00:00-05:00,1.4900000095367432,1.4900000095367432,1.4900000095367432,1.4900000095367432,500,0.0,0.0
2011-11-15 00:00:00-05:00,1.4900000095367432,1.4900000095367432,1.4900000095367432,1.4900000095367432,0,0.0,0.0
2011-11-16 00:00:00-05:00,1.4800000190734863,1.4800000190734863,1.4800000190734863,1.4800000190734863,500,0.0,0.0
2011-11-17 00:00:00-05:00,1.4800000190734863,1.4800000190734863,1.4800000190734863,1.4800000190734863,0,0.0,0.0
2011-11-18 00:00:00-05:00,1.340000033378601,1.409999966621399,1.340000033378601,1.409999966621399,3200,0.0,0.0
2011-11-21 00:00:00-05:00,1.409999966621399,1.409999966621399,1.409999966621399,1.409999966621399,0,0.0,0.0
2011-11-22 00:00:00-05:00,1.409999966621399,1.409999966621399,1.409999966621399,1.409999966621399,0,0.0,0.0
2011-11-23 00:00:00-05:00,1.399999976158142,1.4500000476837158,1.2200000286102295,1.4500000476837158,11100,0.0,0.0
2011-11-25 00:00:00-05:00,1.4500000476837158,1.4500000476837158,1.4500000476837158,1.4500000476837158,0,0.0,0.0
2011-11-28 00:00:00-05:00,1.25,1.2799999713897705,1.25,1.2699999809265137,1200,0.0,0.0
2011-11-29 00:00:00-05:00,1.2699999809265137,1.2699999809265137,1.2699999809265137,1.2699999809265137,0,0.0,0.0
2011-11-30 00:00:00-05:00,1.2699999809265137,1.2699999809265137,1.2699999809265137,1.2699999809265137,0,0.0,0.0
2011-12-01 00:00:00-05:00,1.2699999809265137,1.2699999809265137,1.2699999809265137,1.2699999809265137,0,0.0,0.0
2011-12-02 00:00:00-05:00,1.440000057220459,1.440000057220459,1.25,1.25,1200,0.0,0.0
2011-12-05 00:00:00-05:00,1.2799999713897705,1.2799999713897705,1.2400000095367432,1.2400000095367432,6000,0.0,0.0
2011-12-06 00:00:00-05:00,1.25,1.2999999523162842,1.25,1.2999999523162842,1300,0.0,0.0
2011-12-07 00:00:00-05:00,1.2999999523162842,1.2999999523162842,1.2999999523162842,1.2999999523162842,400,0.0,0.0
2011-12-08 00:00:00-05:00,1.2999999523162842,1.2999999523162842,1.2999999523162842,1.2999999523162842,0,0.0,0.0
2011-12-09 00:00:00-05:00,1.2999999523162842,1.2999999523162842,1.2999999523162842,1.2999999523162842,900,0.0,0.0
2011-12-12 00:00:00-05:00,1.2999999523162842,1.2999999523162842,1.2999999523162842,1.2999999523162842,400,0.0,0.0
2011-12-13 00:00:00-05:00,1.2999999523162842,1.309999942779541,1.2999999523162842,1.309999942779541,300,0.0,0.0
2011-12-14 00:00:00-05:00,1.2899999618530273,1.2899999618530273,1.2899999618530273,1.2899999618530273,100,0.0,0.0
2011-12-15 00:00:00-05:00,1.309999942779541,1.4500000476837158,1.309999942779541,1.3899999856948853,1800,0.0,0.0
2011-12-16 00:00:00-05:00,1.4500000476837158,1.4500000476837158,1.2999999523162842,1.2999999523162842,2300,0.0,0.0
2011-12-19 00:00:00-05:00,1.3600000143051147,1.3600000143051147,1.190000057220459,1.190000057220459,2400,0.0,0.0
2011-12-20 00:00:00-05:00,1.3300000429153442,1.3300000429153442,1.190000057220459,1.190000057220459,400,0.0,0.0
2011-12-21 00:00:00-05:00,1.2000000476837158,1.2000000476837158,1.190000057220459,1.190000057220459,1100,0.0,0.0
2011-12-22 00:00:00-05:00,1.25,1.3600000143051147,1.25,1.3600000143051147,7300,0.0,0.0
2011-12-23 00:00:00-05:00,1.3600000143051147,1.3600000143051147,1.3600000143051147,1.3600000143051147,0,0.0,0.0
2011-12-27 00:00:00-05:00,1.2100000381469727,1.4600000381469727,1.149999976158142,1.2799999713897705,11100,0.0,0.0
2011-12-28 00:00:00-05:00,1.2599999904632568,1.2599999904632568,1.059999942779541,1.059999942779541,2200,0.0,0.0
2011-12-29 00:00:00-05:00,1.149999976158142,1.2799999713897705,1.1100000143051147,1.149999976158142,5400,0.0,0.0
2011-12-30 00:00:00-05:00,1.25,1.25,1.149999976158142,1.149999976158142,1200,0.0,0.0
2012-01-03 00:00:00-05:00,1.25,1.25,1.2000000476837158,1.2200000286102295,2400,0.0,0.0
2012-01-04 00:00:00-05:00,1.2200000286102295,1.2200000286102295,1.2200000286102295,1.2200000286102295,0,0.0,0.0
2012-01-05 00:00:00-05:00,1.0800000429153442,1.399999976158142,1.0800000429153442,1.3899999856948853,5400,0.0,0.0
2012-01-06 00:00:00-05:00,1.399999976158142,1.4600000381469727,1.149999976158142,1.4500000476837158,6600,0.0,0.0
2012-01-09 00:00:00-05:00,1.440000057220459,1.440000057220459,1.2599999904632568,1.2599999904632568,500,0.0,0.0
2012-01-10 00:00:00-05:00,1.3899999856948853,1.4500000476837158,1.3700000047683716,1.3700000047683716,700,0.0,0.0
2012-01-11 00:00:00-05:00,1.4500000476837158,1.4500000476837158,1.25,1.3200000524520874,6900,0.0,0.0
2012-01-12 00:00:00-05:00,1.440000057220459,1.440000057220459,1.25,1.25,700,0.0,0.0
2012-01-13 00:00:00-05:00,1.4199999570846558,1.4199999570846558,1.350000023841858,1.409999966621399,4600,0.0,0.0
2012-01-17 00:00:00-05:00,1.350000023841858,1.350000023841858,1.350000023841858,1.350000023841858,200,0.0,0.0
2012-01-18 00:00:00-05:00,1.2599999904632568,1.399999976158142,1.25,1.399999976158142,2600,0.0,0.0
2012-01-19 00:00:00-05:00,1.399999976158142,1.399999976158142,1.399999976158142,1.399999976158142,100,0.0,0.0
2012-01-20 00:00:00-05:00,1.350000023841858,1.350000023841858,1.2799999713897705,1.350000023841858,4600,0.0,0.0
2012-01-23 00:00:00-05:00,1.350000023841858,1.350000023841858,1.350000023841858,1.350000023841858,0,0.0,0.0
2012-01-24 00:00:00-05:00,1.350000023841858,1.350000023841858,1.25,1.25,3000,0.0,0.0
2012-01-25 00:00:00-05:00,1.25,1.25,1.25,1.25,0,0.0,0.0
2012-01-26 00:00:00-05:00,1.2699999809265137,1.2699999809265137,1.25,1.25,300,0.0,0.0
2012-01-27 00:00:00-05:00,1.25,1.25,1.25,1.25,0,0.0,0.0
2012-01-30 00:00:00-05:00,1.25,1.2599999904632568,1.190000057220459,1.2100000381469727,1200,0.0,0.0
2012-01-31 00:00:00-05:00,1.2400000095367432,1.25,1.2400000095367432,1.25,1800,0.0,0.0
2012-02-01 00:00:00-05:00,1.25,1.25,1.25,1.25,600,0.0,0.0
2012-02-02 00:00:00-05:00,1.25,1.25,1.25,1.25,0,0.0,0.0
2012-02-03 00:00:00-05:00,1.25,1.25,1.25,1.25,0,0.0,0.0
2012-02-06 00:00:00-05:00,1.1799999475479126,1.2200000286102295,1.1799999475479126,1.1799999475479126,2000,0.0,0.0
2012-02-07 00:00:00-05:00,1.149999976158142,1.149999976158142,1.149999976158142,1.149999976158142,400,0.0,0.0
2012-02-08 00:00:00-05:00,1.149999976158142,1.2000000476837158,1.149999976158142,1.159999966621399,6400,0.0,0.0
2012-02-09 00:00:00-05:00,1.159999966621399,1.159999966621399,1.159999966621399,1.159999966621399,0,0.0,0.0
2012-02-10 00:00:00-05:00,1.1299999952316284,1.1299999952316284,1.1299999952316284,1.1299999952316284,500,0.0,0.0
2012-02-13 00:00:00-05:00,1.1699999570846558,1.2200000286102295,1.1699999570846558,1.2200000286102295,300,0.0,0.0
2012-02-14 00:00:00-05:00,1.2599999904632568,1.2699999809265137,1.2599999904632568,1.2699999809265137,500,0.0,0.0
2012-02-15 00:00:00-05:00,1.149999976158142,1.4199999570846558,1.149999976158142,1.399999976158142,11500,0.0,0.0
2012-02-16 00:00:00-05:00,1.399999976158142,1.4199999570846558,1.25,1.340000033378601,800,0.0,0.0
2012-02-17 00:00:00-05:00,1.2000000476837158,1.2699999809265137,1.2000000476837158,1.2100000381469727,400,0.0,0.0
2012-02-21 00:00:00-05:00,1.2799999713897705,1.3300000429153442,1.2799999713897705,1.2999999523162842,400,0.0,0.0
2012-02-22 00:00:00-05:00,1.3899999856948853,1.3899999856948853,1.3899999856948853,1.3899999856948853,100,0.0,0.0
2012-02-23 00:00:00-05:00,1.3899999856948853,1.3899999856948853,1.3899999856948853,1.3899999856948853,0,0.0,0.0
2012-02-24 00:00:00-05:00,1.3799999952316284,1.3799999952316284,1.3799999952316284,1.3799999952316284,500,0.0,0.0
2012-02-27 00:00:00-05:00,1.3799999952316284,1.3799999952316284,1.3799999952316284,1.3799999952316284,0,0.0,0.0
2012-02-28 00:00:00-05:00,1.3799999952316284,1.3799999952316284,1.3799999952316284,1.3799999952316284,0,0.0,0.0
2012-02-29 00:00:00-05:00,1.2000000476837158,1.2999999523162842,1.1699999570846558,1.2999999523162842,9000,0.0,0.0
2012-03-01 00:00:00-05:00,1.350000023841858,1.3700000047683716,1.350000023841858,1.3700000047683716,400,0.0,0.0
2012-03-02 00:00:00-05:00,1.3700000047683716,1.3700000047683716,1.3700000047683716,1.3700000047683716,0,0.0,0.0
2012-03-05 00:00:00-05:00,1.3700000047683716,1.3700000047683716,1.3700000047683716,1.3700000047683716,0,0.0,0.0
2012-03-06 00:00:00-05:00,1.3700000047683716,1.3700000047683716,1.3700000047683716,1.3700000047683716,0,0.0,0.0
2012-03-07 00:00:00-05:00,1.2599999904632568,1.2599999904632568,1.2599999904632568,1.2599999904632568,500,0.0,0.0
2012-03-08 00:00:00-05:00,1.3600000143051147,1.3700000047683716,1.3600000143051147,1.3700000047683716,1900,0.0,0.0
2012-03-09 00:00:00-05:00,1.3700000047683716,1.3700000047683716,1.3700000047683716,1.3700000047683716,0,0.0,0.0
2012-03-12 00:00:00-04:00,1.3700000047683716,1.3700000047683716,1.3700000047683716,1.3700000047683716,0,0.0,0.0
2012-03-13 00:00:00-04:00,1.3700000047683716,1.3700000047683716,1.3700000047683716,1.3700000047683716,0,0.0,0.0
2012-03-14 00:00:00-04:00,1.3700000047683716,1.3700000047683716,1.3700000047683716,1.3700000047683716,0,0.0,0.0
2012-03-15 00:00:00-04:00,1.2400000095367432,1.2400000095367432,1.2400000095367432,1.2400000095367432,900,0.0,0.0
2012-03-16 00:00:00-04:00,1.2400000095367432,1.2699999809265137,1.1799999475479126,1.2699999809265137,2600,0.0,0.0
2012-03-19 00:00:00-04:00,1.2400000095367432,1.2400000095367432,1.2400000095367432,1.2400000095367432,200,0.0,0.0
2012-03-20 00:00:00-04:00,1.25,1.25,1.1699999570846558,1.1699999570846558,1100,0.0,0.0
2012-03-21 00:00:00-04:00,1.1699999570846558,1.1699999570846558,1.090000033378601,1.1200000047683716,7200,0.0,0.0
2012-03-22 00:00:00-04:00,1.1200000047683716,1.1200000047683716,1.1200000047683716,1.1200000047683716,0,0.0,0.0
2012-03-23 00:00:00-04:00,1.1299999952316284,1.1299999952316284,1.1299999952316284,1.1299999952316284,200,0.0,0.0
2012-03-26 00:00:00-04:00,1.100000023841858,1.100000023841858,0.7099999785423279,0.9100000262260437,14900,0.0,0.0
2012-03-27 00:00:00-04:00,1.0499999523162842,1.1200000047683716,0.949999988079071,1.1100000143051147,16000,0.0,0.0
2012-03-28 00:00:00-04:00,1.1200000047683716,1.159999966621399,1.100000023841858,1.100000023841858,6000,0.0,0.0
2012-03-29 00:00:00-04:00,1.090000033378601,1.090000033378601,0.949999988079071,0.949999988079071,400,0.0,0.0
2012-03-30 00:00:00-04:00,0.9900000095367432,0.9900000095367432,0.9900000095367432,0.9900000095367432,300,0.0,0.0
2012-04-02 00:00:00-04:00,0.9900000095367432,0.9900000095367432,0.9900000095367432,0.9900000095367432,0,0.0,0.0
2012-04-03 00:00:00-04:00,0.8999999761581421,0.949999988079071,0.8999999761581421,0.949999988079071,1300,0.0,0.0
2012-04-04 00:00:00-04:00,0.8999999761581421,0.8999999761581421,0.8999999761581421,0.8999999761581421,200,0.0,0.0
2012-04-05 00:00:00-04:00,0.9900000095367432,1.4600000381469727,0.9900000095367432,1.1100000143051147,96400,0.0,0.0
2012-04-09 00:00:00-04:00,1.2100000381469727,1.590000033378601,1.1100000143051147,1.350000023841858,75300,0.0,0.0
2012-04-10 00:00:00-04:00,1.600000023841858,1.600000023841858,1.159999966621399,1.2699999809265137,28900,0.0,0.0
2012-04-11 00:00:00-04:00,1.2000000476837158,1.4500000476837158,1.1299999952316284,1.149999976158142,56500,0.0,0.0
2012-04-12 00:00:00-04:00,1.2899999618530273,1.3200000524520874,1.100000023841858,1.100000023841858,17100,0.0,0.0
2012-04-13 00:00:00-04:00,1.190000057220459,3.3399999141693115,1.190000057220459,2.069999933242798,2133800,0.0,0.0
2012-04-16 00:00:00-04:00,1.8600000143051147,2.0,1.4199999570846558,1.6699999570846558,217600,0.0,0.0
2012-04-17 00:00:00-04:00,1.5800000429153442,1.9600000381469727,1.5499999523162842,1.659999966621399,128200,0.0,0.0
2012-04-18 00:00:00-04:00,1.6699999570846558,1.7300000190734863,1.5399999618530273,1.590000033378601,27600,0.0,0.0
2012-04-19 00:00:00-04:00,1.649999976158142,2.450000047683716,1.6299999952316284,2.059999942779541,481900,0.0,0.0
2012-04-20 00:00:00-04:00,2.25,2.740000009536743,2.119999885559082,2.2300000190734863,286600,0.0,0.0
2012-04-23 00:00:00-04:00,2.2699999809265137,3.0,2.200000047683716,2.809999942779541,305500,0.0,0.0
2012-04-24 00:00:00-04:00,3.0999999046325684,5.980000019073486,3.0999999046325684,4.550000190734863,1707600,0.0,0.0
2012-04-25 00:00:00-04:00,4.550000190734863,5.639999866485596,4.5,5.0,847300,0.0,0.0
2012-04-26 00:00:00-04:00,4.579999923706055,4.929999828338623,3.8499999046325684,4.130000114440918,346100,0.0,0.0
2012-04-27 00:00:00-04:00,3.759999990463257,4.5,3.690000057220459,3.7799999713897705,173100,0.0,0.0
2012-04-30 00:00:00-04:00,4.0,4.119999885559082,3.7799999713897705,3.9600000381469727,65000,0.0,0.0
2012-05-01 00:00:00-04:00,4.099999904632568,4.099999904632568,3.4000000953674316,3.619999885559082,77000,0.0,0.0
2012-05-02 00:00:00-04:00,3.630000114440918,3.630000114440918,3.140000104904175,3.140000104904175,127600,0.0,0.0
2012-05-03 00:00:00-04:00,3.1500000953674316,3.3399999141693115,3.140000104904175,3.1500000953674316,49000,0.0,0.0
2012-05-04 00:00:00-04:00,3.2300000190734863,3.4000000953674316,2.940000057220459,2.950000047683716,57500,0.0,0.0
2012-05-07 00:00:00-04:00,2.9000000953674316,2.9000000953674316,2.6600000858306885,2.680000066757202,96000,0.0,0.0
2012-05-08 00:00:00-04:00,2.680000066757202,2.7100000381469727,2.5,2.569999933242798,66600,0.0,0.0
2012-05-09 00:00:00-04:00,2.9000000953674316,2.9000000953674316,2.4000000953674316,2.559999942779541,93000,0.0,0.0
2012-05-10 00:00:00-04:00,2.5899999141693115,2.7699999809265137,2.25,2.3499999046325684,108000,0.0,0.0
2012-05-11 00:00:00-04:00,2.309999942779541,2.390000104904175,2.1700000762939453,2.2799999713897705,69100,0.0,0.0
2012-05-14 00:00:00-04:00,2.049999952316284,2.369999885559082,2.049999952316284,2.319999933242798,58100,0.0,0.0
2012-05-15 00:00:00-04:00,2.25,2.25,2.009999990463257,2.009999990463257,26000,0.0,0.0
2012-05-16 00:00:00-04:00,2.109999895095825,2.200000047683716,2.0199999809265137,2.1500000953674316,22100,0.0,0.0
2012-05-17 00:00:00-04:00,2.0999999046325684,2.0999999046325684,2.009999990463257,2.009999990463257,21700,0.0,0.0
2012-05-18 00:00:00-04:00,1.9900000095367432,2.2200000286102295,1.9900000095367432,2.059999942779541,20900,0.0,0.0
2012-05-21 00:00:00-04:00,2.049999952316284,2.2100000381469727,2.049999952316284,2.049999952316284,10800,0.0,0.0
2012-05-22 00:00:00-04:00,2.0299999713897705,2.0899999141693115,1.7799999713897705,1.8200000524520874,26000,0.0,0.0
2012-05-23 00:00:00-04:00,1.899999976158142,2.569999933242798,1.899999976158142,2.2300000190734863,195000,0.0,0.0
2012-05-24 00:00:00-04:00,2.200000047683716,2.680000066757202,2.1700000762939453,2.309999942779541,116700,0.0,0.0
2012-05-25 00:00:00-04:00,2.4800000190734863,2.4800000190734863,2.25,2.3299999237060547,25900,0.0,0.0
2012-05-29 00:00:00-04:00,2.2899999618530273,2.4600000381469727,2.1700000762939453,2.3399999141693115,24200,0.0,0.0
2012-05-30 00:00:00-04:00,2.3499999046325684,2.3499999046325684,2.190000057220459,2.200000047683716,5100,0.0,0.0
2012-05-31 00:00:00-04:00,2.2100000381469727,2.380000114440918,2.2100000381469727,2.2799999713897705,10900,0.0,0.0
2012-06-01 00:00:00-04:00,2.2699999809265137,2.2699999809265137,2.140000104904175,2.25,8700,0.0,0.0
2012-06-04 00:00:00-04:00,2.140000104904175,2.200000047683716,2.059999942779541,2.200000047683716,9400,0.0,0.0
2012-06-05 00:00:00-04:00,2.119999885559082,2.2799999713897705,1.9600000381469727,2.0,7500,0.0,0.0
2012-06-06 00:00:00-04:00,2.049999952316284,2.240000009536743,2.049999952316284,2.0999999046325684,26200,0.0,0.0
2012-06-07 00:00:00-04:00,2.0999999046325684,2.5799999237060547,2.0999999046325684,2.119999885559082,47700,0.0,0.0
2012-06-08 00:00:00-04:00,2.140000104904175,2.309999942779541,2.140000104904175,2.299999952316284,4100,0.0,0.0
2012-06-11 00:00:00-04:00,2.180000066757202,2.2200000286102295,2.180000066757202,2.200000047683716,2100,0.0,0.0
2012-06-12 00:00:00-04:00,2.1500000953674316,2.259999990463257,2.109999895095825,2.109999895095825,4100,0.0,0.0
2012-06-13 00:00:00-04:00,2.109999895095825,2.1500000953674316,1.8700000047683716,1.8700000047683716,8300,0.0,0.0
2012-06-14 00:00:00-04:00,2.0299999713897705,2.0399999618530273,1.8700000047683716,2.0299999713897705,20400,0.0,0.0
2012-06-15 00:00:00-04:00,2.0299999713897705,2.740000009536743,1.8799999952316284,2.740000009536743,99400,0.0,0.0
2012-06-18 00:00:00-04:00,2.740000009536743,2.740000009536743,2.0799999237060547,2.4600000381469727,57200,0.0,0.0
2012-06-19 00:00:00-04:00,2.4200000762939453,2.5,2.009999990463257,2.4100000858306885,22900,0.0,0.0
2012-06-20 00:00:00-04:00,2.4700000286102295,2.5,2.299999952316284,2.490000009536743,9800,0.0,0.0
2012-06-21 00:00:00-04:00,2.4800000190734863,2.4800000190734863,2.259999990463257,2.3399999141693115,12200,0.0,0.0
2012-06-22 00:00:00-04:00,2.3299999237060547,2.369999885559082,2.25,2.369999885559082,2700,0.0,0.0
2012-06-25 00:00:00-04:00,2.4600000381469727,2.4600000381469727,2.259999990463257,2.2899999618530273,2800,0.0,0.0
2012-06-26 00:00:00-04:00,2.2699999809265137,2.3499999046325684,2.049999952316284,2.1500000953674316,28700,0.0,0.0
2012-06-27 00:00:00-04:00,2.130000114440918,2.1700000762939453,2.0999999046325684,2.0999999046325684,5200,0.0,0.0
2012-06-28 00:00:00-04:00,2.049999952316284,2.3399999141693115,2.0,2.0799999237060547,19100,0.0,0.0
2012-06-29 00:00:00-04:00,2.0199999809265137,2.1600000858306885,1.9199999570846558,1.9500000476837158,17500,0.0,0.0
2012-07-02 00:00:00-04:00,2.0799999237060547,2.0899999141693115,1.9700000286102295,2.069999933242798,2200,0.0,0.0
2012-07-03 00:00:00-04:00,1.9800000190734863,2.2899999618530273,1.9800000190734863,2.009999990463257,9600,0.0,0.0
2012-07-05 00:00:00-04:00,2.0,2.059999942779541,2.0,2.059999942779541,1400,0.0,0.0
2012-07-06 00:00:00-04:00,2.0,2.25,2.0,2.069999933242798,14600,0.0,0.0
2012-07-09 00:00:00-04:00,2.2300000190734863,2.2799999713897705,2.0799999237060547,2.1500000953674316,4200,0.0,0.0
2012-07-10 00:00:00-04:00,2.1500000953674316,2.1500000953674316,2.140000104904175,2.140000104904175,600,0.0,0.0
2012-07-11 00:00:00-04:00,2.119999885559082,2.200000047683716,2.049999952316284,2.200000047683716,4000,0.0,0.0
2012-07-12 00:00:00-04:00,2.009999990463257,2.0999999046325684,2.009999990463257,2.0799999237060547,1300,0.0,0.0
2012-07-13 00:00:00-04:00,2.049999952316284,2.190000057220459,2.009999990463257,2.009999990463257,6500,0.0,0.0
2012-07-16 00:00:00-04:00,2.0299999713897705,2.0299999713897705,2.0299999713897705,2.0299999713897705,200,0.0,0.0
2012-07-17 00:00:00-04:00,1.9700000286102295,2.0999999046325684,1.9700000286102295,2.0399999618530273,13500,0.0,0.0
2012-07-18 00:00:00-04:00,1.9600000381469727,2.049999952316284,1.9600000381469727,2.049999952316284,2500,0.0,0.0
2012-07-19 00:00:00-04:00,2.0399999618530273,2.0399999618530273,1.9800000190734863,2.0399999618530273,4900,0.0,0.0
2012-07-20 00:00:00-04:00,1.9900000095367432,1.9900000095367432,1.9900000095367432,1.9900000095367432,1000,0.0,0.0
2012-07-23 00:00:00-04:00,1.9500000476837158,2.0399999618530273,1.9500000476837158,2.0,3100,0.0,0.0
2012-07-24 00:00:00-04:00,2.0299999713897705,2.0299999713897705,2.0,2.009999990463257,3700,0.0,0.0
2012-07-25 00:00:00-04:00,2.009999990463257,2.180000066757202,1.9500000476837158,2.1500000953674316,12700,0.0,0.0
2012-07-26 00:00:00-04:00,2.069999933242798,2.069999933242798,1.9500000476837158,2.069999933242798,19600,0.0,0.0
2012-07-27 00:00:00-04:00,2.119999885559082,2.140000104904175,2.059999942779541,2.059999942779541,1500,0.0,0.0
2012-07-30 00:00:00-04:00,2.009999990463257,2.0999999046325684,2.009999990463257,2.0999999046325684,600,0.0,0.0
2012-07-31 00:00:00-04:00,2.009999990463257,2.009999990463257,1.9500000476837158,1.9500000476837158,4000,0.0,0.0
2012-08-01 00:00:00-04:00,2.0199999809265137,2.049999952316284,2.0199999809265137,2.049999952316284,3900,0.0,0.0
2012-08-02 00:00:00-04:00,2.049999952316284,2.049999952316284,2.049999952316284,2.049999952316284,0,0.0,0.0
2012-08-03 00:00:00-04:00,2.049999952316284,2.049999952316284,1.9500000476837158,1.9500000476837158,4600,0.0,0.0
2012-08-06 00:00:00-04:00,1.9500000476837158,2.0399999618530273,1.9500000476837158,1.9600000381469727,5500,0.0,0.0
2012-08-07 00:00:00-04:00,1.9800000190734863,1.9800000190734863,1.9600000381469727,1.9600000381469727,500,0.0,0.0
2012-08-08 00:00:00-04:00,1.9600000381469727,2.0399999618530273,1.9600000381469727,2.0399999618530273,2000,0.0,0.0
2012-08-09 00:00:00-04:00,1.9500000476837158,1.9500000476837158,1.9500000476837158,1.9500000476837158,100,0.0,0.0
2012-08-10 00:00:00-04:00,1.9500000476837158,2.0,1.9500000476837158,2.0,1300,0.0,0.0
2012-08-13 00:00:00-04:00,1.9500000476837158,1.9900000095367432,1.8899999856948853,1.8899999856948853,4400,0.0,0.0
2012-08-14 00:00:00-04:00,1.8600000143051147,1.8600000143051147,1.7000000476837158,1.850000023841858,23400,0.0,0.0
2012-08-15 00:00:00-04:00,1.7400000095367432,1.8200000524520874,1.7200000286102295,1.75,10000,0.0,0.0
2012-08-16 00:00:00-04:00,1.7599999904632568,1.840000033378601,1.7599999904632568,1.7799999713897705,11600,0.0,0.0
2012-08-17 00:00:00-04:00,1.7999999523162842,1.7999999523162842,1.7899999618530273,1.7899999618530273,2700,0.0,0.0
2012-08-20 00:00:00-04:00,1.7899999618530273,1.8300000429153442,1.7000000476837158,1.7400000095367432,4100,0.0,0.0
2012-08-21 00:00:00-04:00,1.8300000429153442,1.840000033378601,1.8300000429153442,1.8300000429153442,800,0.0,0.0
2012-08-22 00:00:00-04:00,1.8300000429153442,1.840000033378601,1.7000000476837158,1.7899999618530273,4700,0.0,0.0
2012-08-23 00:00:00-04:00,1.7100000381469727,1.7799999713897705,1.7100000381469727,1.7799999713897705,2300,0.0,0.0
2012-08-24 00:00:00-04:00,1.7899999618530273,2.0,1.7000000476837158,1.75,12100,0.0,0.0
2012-08-27 00:00:00-04:00,1.7400000095367432,1.7699999809265137,1.7400000095367432,1.75,900,0.0,0.0
2012-08-28 00:00:00-04:00,1.7599999904632568,1.7599999904632568,1.7400000095367432,1.7599999904632568,1600,0.0,0.0
2012-08-29 00:00:00-04:00,1.7300000190734863,1.7300000190734863,1.5099999904632568,1.690000057220459,7400,0.0,0.0
2012-08-30 00:00:00-04:00,1.6100000143051147,1.6100000143051147,1.4500000476837158,1.4500000476837158,6500,0.0,0.0
2012-08-31 00:00:00-04:00,1.4500000476837158,1.5,1.2100000381469727,1.399999976158142,13200,0.0,0.0
2012-09-04 00:00:00-04:00,1.3899999856948853,1.4500000476837158,1.3300000429153442,1.4500000476837158,1800,0.0,0.0
2012-09-05 00:00:00-04:00,1.4299999475479126,1.4299999475479126,1.4299999475479126,1.4299999475479126,200,0.0,0.0
2012-09-06 00:00:00-04:00,1.3899999856948853,1.5,1.350000023841858,1.5,1700,0.0,0.0
2012-09-07 00:00:00-04:00,1.4199999570846558,1.590000033378601,1.399999976158142,1.5499999523162842,8400,0.0,0.0
2012-09-10 00:00:00-04:00,1.5099999904632568,1.559999942779541,1.5099999904632568,1.559999942779541,700,0.0,0.0
2012-09-11 00:00:00-04:00,1.5499999523162842,1.5499999523162842,1.3700000047683716,1.5299999713897705,3500,0.0,0.0
2012-09-12 00:00:00-04:00,1.3799999952316284,1.5499999523162842,1.350000023841858,1.5099999904632568,9400,0.0,0.0
2012-09-13 00:00:00-04:00,1.4700000286102295,1.4700000286102295,1.3300000429153442,1.4600000381469727,2800,0.0,0.0
2012-09-14 00:00:00-04:00,1.4500000476837158,1.5,1.149999976158142,1.4600000381469727,13500,0.0,0.0
2012-09-17 00:00:00-04:00,1.3799999952316284,1.4900000095367432,1.3799999952316284,1.4900000095367432,1100,0.0,0.0
2012-09-18 00:00:00-04:00,1.3899999856948853,1.4500000476837158,1.3899999856948853,1.4500000476837158,2400,0.0,0.0
2012-09-19 00:00:00-04:00,1.2799999713897705,1.3799999952316284,1.25,1.3799999952316284,10700,0.0,0.0
2012-09-20 00:00:00-04:00,1.3799999952316284,1.3799999952316284,1.3799999952316284,1.3799999952316284,0,0.0,0.0
2012-09-21 00:00:00-04:00,1.309999942779541,1.440000057220459,1.309999942779541,1.440000057220459,5900,0.0,0.0
2012-09-24 00:00:00-04:00,1.3600000143051147,1.4500000476837158,1.3300000429153442,1.399999976158142,2900,0.0,0.0
2012-09-25 00:00:00-04:00,1.399999976158142,1.399999976158142,1.399999976158142,1.399999976158142,0,0.0,0.0
2012-09-26 00:00:00-04:00,1.3200000524520874,1.3300000429153442,1.3200000524520874,1.3300000429153442,600,0.0,0.0
2012-09-27 00:00:00-04:00,1.340000033378601,1.5399999618530273,1.2000000476837158,1.2799999713897705,5600,0.0,0.0
2012-09-28 00:00:00-04:00,1.2799999713897705,1.2799999713897705,1.2799999713897705,1.2799999713897705,0,0.0,0.0
2012-10-01 00:00:00-04:00,1.2000000476837158,1.2799999713897705,1.2000000476837158,1.2599999904632568,3500,0.0,0.0
2012-10-02 00:00:00-04:00,1.350000023841858,1.3799999952316284,1.2400000095367432,1.2999999523162842,6000,0.0,0.0
2012-10-03 00:00:00-04:00,1.2999999523162842,1.3300000429153442,1.2999999523162842,1.3300000429153442,300,0.0,0.0
2012-10-04 00:00:00-04:00,1.350000023841858,1.350000023841858,1.2000000476837158,1.2000000476837158,2700,0.0,0.0
2012-10-05 00:00:00-04:00,1.2599999904632568,1.3300000429153442,1.2000000476837158,1.3300000429153442,2800,0.0,0.0
2012-10-08 00:00:00-04:00,1.3300000429153442,1.3300000429153442,1.3200000524520874,1.3200000524520874,300,0.0,0.0
2012-10-09 00:00:00-04:00,1.3200000524520874,1.3200000524520874,1.3200000524520874,1.3200000524520874,200,0.0,0.0
2012-10-10 00:00:00-04:00,1.4199999570846558,1.4199999570846558,1.3300000429153442,1.3300000429153442,6100,0.0,0.0
2012-10-11 00:00:00-04:00,1.3600000143051147,1.3600000143051147,1.25,1.2699999809265137,1500,0.0,0.0
2012-10-12 00:00:00-04:00,1.2699999809265137,1.2699999809265137,1.2699999809265137,1.2699999809265137,500,0.0,0.0
2012-10-15 00:00:00-04:00,1.2699999809265137,1.2699999809265137,1.2699999809265137,1.2699999809265137,0,0.0,0.0
2012-10-16 00:00:00-04:00,1.2599999904632568,1.2999999523162842,1.2599999904632568,1.2999999523162842,200,0.0,0.0
2012-10-17 00:00:00-04:00,1.2699999809265137,1.2699999809265137,1.25,1.25,700,0.0,0.0
2012-10-18 00:00:00-04:00,1.409999966621399,1.409999966621399,1.2999999523162842,1.2999999523162842,1500,0.0,0.0
2012-10-19 00:00:00-04:00,1.3799999952316284,1.3799999952316284,1.3700000047683716,1.3700000047683716,300,0.0,0.0
2012-10-22 00:00:00-04:00,1.340000033378601,1.340000033378601,1.340000033378601,1.340000033378601,4000,0.0,0.0
2012-10-23 00:00:00-04:00,1.340000033378601,1.340000033378601,1.340000033378601,1.340000033378601,100,0.0,0.0
2012-10-24 00:00:00-04:00,1.3300000429153442,1.399999976158142,1.3300000429153442,1.399999976158142,3500,0.0,0.0
2012-10-25 00:00:00-04:00,1.3799999952316284,1.5700000524520874,1.3799999952316284,1.409999966621399,17200,0.0,0.0
2012-10-26 00:00:00-04:00,1.4700000286102295,1.6399999856948853,1.409999966621399,1.4700000286102295,2000,0.0,0.0
2012-10-31 00:00:00-04:00,1.6100000143051147,1.6100000143051147,1.559999942779541,1.559999942779541,600,0.0,0.0
2012-11-01 00:00:00-04:00,1.4500000476837158,1.4800000190734863,1.4500000476837158,1.4800000190734863,400,0.0,0.0
2012-11-02 00:00:00-04:00,1.5,1.5,1.340000033378601,1.4500000476837158,2800,0.0,0.0
2012-11-05 00:00:00-05:00,1.4600000381469727,1.4900000095367432,1.2699999809265137,1.4199999570846558,11600,0.0,0.0
2012-11-06 00:00:00-05:00,1.5,1.5,1.5,1.5,1000,0.0,0.0
2012-11-07 00:00:00-05:00,1.5,1.5,1.5,1.5,100,0.0,0.0
2012-11-08 00:00:00-05:00,1.4600000381469727,1.4600000381469727,1.4600000381469727,1.4600000381469727,2400,0.0,0.0
2012-11-09 00:00:00-05:00,1.5399999618530273,1.5499999523162842,1.5399999618530273,1.5499999523162842,2500,0.0,0.0
2012-11-12 00:00:00-05:00,1.5800000429153442,1.7000000476837158,1.5800000429153442,1.7000000476837158,800,0.0,0.0
2012-11-13 00:00:00-05:00,1.7000000476837158,3.049999952316284,1.6799999475479126,2.259999990463257,879700,0.0,0.0
2012-11-14 00:00:00-05:00,2.140000104904175,2.369999885559082,1.840000033378601,1.9600000381469727,176700,0.0,0.0
2012-11-15 00:00:00-05:00,2.069999933242798,2.069999933242798,1.5700000524520874,1.7000000476837158,103900,0.0,0.0
2012-11-16 00:00:00-05:00,1.8700000047683716,1.8700000047683716,1.600000023841858,1.659999966621399,26900,0.0,0.0
2012-11-19 00:00:00-05:00,1.75,2.630000114440918,1.6699999570846558,2.109999895095825,414900,0.0,0.0
2012-11-20 00:00:00-05:00,2.3499999046325684,2.3499999046325684,1.9500000476837158,2.0299999713897705,99400,0.0,0.0
2012-11-21 00:00:00-05:00,2.0,2.059999942779541,1.7899999618530273,1.9199999570846558,48000,0.0,0.0
2012-11-23 00:00:00-05:00,1.940000057220459,1.940000057220459,1.7599999904632568,1.8300000429153442,22900,0.0,0.0
2012-11-26 00:00:00-05:00,1.7999999523162842,2.109999895095825,1.590000033378601,1.840000033378601,42600,0.0,0.0
2012-11-27 00:00:00-05:00,2.190000057220459,2.190000057220459,1.8200000524520874,1.9500000476837158,8800,0.0,0.0
2012-11-28 00:00:00-05:00,1.9500000476837158,2.1500000953674316,1.809999942779541,2.0399999618530273,42300,0.0,0.0
2012-11-29 00:00:00-05:00,2.200000047683716,2.200000047683716,1.9299999475479126,2.130000114440918,25300,0.0,0.0
2012-11-30 00:00:00-05:00,2.0,2.0,1.7999999523162842,1.8799999952316284,17200,0.0,0.0
2012-12-03 00:00:00-05:00,1.9199999570846558,1.9900000095367432,1.8600000143051147,1.8600000143051147,4100,0.0,0.0
2012-12-04 00:00:00-05:00,1.8600000143051147,2.0899999141693115,1.8600000143051147,1.899999976158142,18100,0.0,0.0
2012-12-05 00:00:00-05:00,1.809999942779541,1.9500000476837158,1.809999942779541,1.909999966621399,2300,0.0,0.0
2012-12-06 00:00:00-05:00,1.850000023841858,1.9500000476837158,1.850000023841858,1.9500000476837158,2900,0.0,0.0
2012-12-07 00:00:00-05:00,1.940000057220459,3.380000114440918,1.8700000047683716,2.740000009536743,1029100,0.0,0.0
2012-12-10 00:00:00-05:00,2.5399999618530273,2.609999895095825,2.1500000953674316,2.2300000190734863,117300,0.0,0.0
2012-12-11 00:00:00-05:00,2.2300000190734863,2.450000047683716,2.180000066757202,2.190000057220459,69500,0.0,0.0
2012-12-12 00:00:00-05:00,2.1500000953674316,2.3499999046325684,2.1500000953674316,2.200000047683716,30600,0.0,0.0
2012-12-13 00:00:00-05:00,2.2100000381469727,2.2100000381469727,2.049999952316284,2.1700000762939453,60500,0.0,0.0
2012-12-14 00:00:00-05:00,2.200000047683716,2.200000047683716,2.130000114440918,2.190000057220459,6100,0.0,0.0
2012-12-17 00:00:00-05:00,2.109999895095825,2.2100000381469727,2.0399999618530273,2.200000047683716,19000,0.0,0.0
2012-12-18 00:00:00-05:00,2.1500000953674316,2.200000047683716,2.069999933242798,2.190000057220459,5900,0.0,0.0
2012-12-19 00:00:00-05:00,2.190000057220459,2.4600000381469727,2.109999895095825,2.359999895095825,52900,0.0,0.0
2012-12-20 00:00:00-05:00,2.430000066757202,3.119999885559082,2.1500000953674316,2.380000114440918,308500,0.0,0.0
2012-12-21 00:00:00-05:00,2.3299999237060547,2.3499999046325684,2.2200000286102295,2.309999942779541,15600,0.0,0.0
2012-12-24 00:00:00-05:00,2.25,2.4700000286102295,2.25,2.299999952316284,28100,0.0,0.0
2012-12-26 00:00:00-05:00,2.309999942779541,2.450000047683716,2.309999942779541,2.359999895095825,15800,0.0,0.0
2012-12-27 00:00:00-05:00,2.4000000953674316,2.5899999141693115,2.309999942779541,2.359999895095825,46200,0.0,0.0
2012-12-28 00:00:00-05:00,2.3499999046325684,2.3499999046325684,2.25,2.299999952316284,35200,0.0,0.0
2012-12-31 00:00:00-05:00,2.25,2.369999885559082,2.25,2.309999942779541,15000,0.0,0.0
2013-01-02 00:00:00-05:00,2.4200000762939453,2.4200000762939453,2.259999990463257,2.369999885559082,22500,0.0,0.0
2013-01-03 00:00:00-05:00,2.450000047683716,2.450000047683716,2.2899999618530273,2.4200000762939453,10100,0.0,0.0
2013-01-04 00:00:00-05:00,2.430000066757202,3.3499999046325684,2.4200000762939453,2.819999933242798,457800,0.0,0.0
2013-01-07 00:00:00-05:00,2.9800000190734863,3.0,2.690000057220459,2.740000009536743,52800,0.0,0.0
2013-01-08 00:00:00-05:00,3.0399999618530273,3.200000047683716,2.7699999809265137,2.799999952316284,67600,0.0,0.0
2013-01-09 00:00:00-05:00,2.8399999141693115,2.9800000190734863,2.75,2.869999885559082,30000,0.0,0.0
2013-01-10 00:00:00-05:00,2.890000104904175,2.9600000381469727,2.819999933242798,2.930000066757202,31100,0.0,0.0
2013-01-11 00:00:00-05:00,2.809999942779541,2.9600000381469727,2.809999942779541,2.930000066757202,7000,0.0,0.0
2013-01-14 00:00:00-05:00,2.880000114440918,3.190000057220459,2.8299999237060547,3.069999933242798,27200,0.0,0.0
2013-01-15 00:00:00-05:00,3.0,3.049999952316284,2.8399999141693115,2.9200000762939453,29600,0.0,0.0
2013-01-16 00:00:00-05:00,2.880000114440918,3.059999942779541,2.7899999618530273,2.809999942779541,30400,0.0,0.0
2013-01-17 00:00:00-05:00,3.0,3.0,2.799999952316284,2.859999895095825,31900,0.0,0.0
2013-01-18 00:00:00-05:00,2.8499999046325684,2.9600000381469727,2.7799999713897705,2.7899999618530273,28300,0.0,0.0
2013-01-22 00:00:00-05:00,2.7799999713897705,2.950000047683716,2.7799999713897705,2.940000057220459,5600,0.0,0.0
2013-01-23 00:00:00-05:00,2.940000057220459,2.9800000190734863,2.8299999237060547,2.9000000953674316,10400,0.0,0.0
2013-01-24 00:00:00-05:00,2.9000000953674316,2.9000000953674316,2.8299999237060547,2.869999885559082,8900,0.0,0.0
2013-01-25 00:00:00-05:00,2.9000000953674316,2.9000000953674316,2.7899999618530273,2.7899999618530273,6200,0.0,0.0
2013-01-28 00:00:00-05:00,2.75,2.869999885559082,2.619999885559082,2.8499999046325684,22500,0.0,0.0
2013-01-29 00:00:00-05:00,2.880000114440918,2.9100000858306885,2.809999942779541,2.880000114440918,2400,0.0,0.0
2013-01-30 00:00:00-05:00,2.8399999141693115,2.869999885559082,2.819999933242798,2.869999885559082,800,0.0,0.0
2013-01-31 00:00:00-05:00,2.869999885559082,2.869999885559082,2.759999990463257,2.7699999809265137,2700,0.0,0.0
2013-02-01 00:00:00-05:00,2.8299999237060547,2.9100000858306885,2.8299999237060547,2.8299999237060547,6800,0.0,0.0
2013-02-04 00:00:00-05:00,2.950000047683716,3.2899999618530273,2.7799999713897705,2.7799999713897705,121800,0.0,0.0
2013-02-05 00:00:00-05:00,2.799999952316284,2.869999885559082,2.700000047683716,2.7799999713897705,12600,0.0,0.0
2013-02-06 00:00:00-05:00,2.740000009536743,2.8299999237060547,2.700000047683716,2.799999952316284,9600,0.0,0.0
2013-02-07 00:00:00-05:00,2.9000000953674316,2.9000000953674316,2.8399999141693115,2.890000104904175,8700,0.0,0.0
2013-02-08 00:00:00-05:00,2.880000114440918,2.9000000953674316,2.8499999046325684,2.9000000953674316,8700,0.0,0.0
2013-02-11 00:00:00-05:00,2.8499999046325684,2.8499999046325684,2.8399999141693115,2.8499999046325684,4300,0.0,0.0
2013-02-12 00:00:00-05:00,2.8499999046325684,2.859999895095825,2.7899999618530273,2.859999895095825,2600,0.0,0.0
2013-02-13 00:00:00-05:00,2.9200000762939453,2.9200000762939453,2.890000104904175,2.890000104904175,5000,0.0,0.0
2013-02-14 00:00:00-05:00,2.930000066757202,2.930000066757202,2.75,2.8299999237060547,1800,0.0,0.0
2013-02-15 00:00:00-05:00,2.9200000762939453,3.059999942779541,2.799999952316284,2.9700000286102295,16700,0.0,0.0
2013-02-19 00:00:00-05:00,2.9200000762939453,2.9600000381469727,2.799999952316284,2.9600000381469727,8000,0.0,0.0
2013-02-20 00:00:00-05:00,2.8299999237060547,2.9600000381469727,2.799999952316284,2.799999952316284,6400,0.0,0.0
2013-02-21 00:00:00-05:00,2.8499999046325684,2.880000114440918,2.8499999046325684,2.880000114440918,700,0.0,0.0
2013-02-22 00:00:00-05:00,2.9000000953674316,2.940000057220459,2.8499999046325684,2.940000057220459,3100,0.0,0.0
2013-02-25 00:00:00-05:00,2.8299999237060547,2.869999885559082,2.7699999809265137,2.7699999809265137,2900,0.0,0.0
2013-02-26 00:00:00-05:00,2.8499999046325684,2.859999895095825,2.7699999809265137,2.8399999141693115,2700,0.0,0.0
2013-02-27 00:00:00-05:00,2.880000114440918,2.9200000762939453,2.7799999713897705,2.8299999237060547,4400,0.0,0.0
2013-02-28 00:00:00-05:00,2.8299999237060547,2.8499999046325684,2.7899999618530273,2.8499999046325684,3500,0.0,0.0
2013-03-01 00:00:00-05:00,2.799999952316284,2.799999952316284,2.7899999618530273,2.7899999618530273,1500,0.0,0.0
2013-03-04 00:00:00-05:00,2.809999942779541,2.9100000858306885,2.7699999809265137,2.819999933242798,13400,0.0,0.0
2013-03-05 00:00:00-05:00,2.8499999046325684,2.9700000286102295,2.8499999046325684,2.890000104904175,9300,0.0,0.0
2013-03-06 00:00:00-05:00,2.880000114440918,3.4800000190734863,2.880000114440918,2.990000009536743,253400,0.0,0.0
2013-03-07 00:00:00-05:00,3.0399999618530273,3.0899999141693115,2.799999952316284,2.9600000381469727,26600,0.0,0.0
2013-03-08 00:00:00-05:00,2.9700000286102295,2.9800000190734863,2.799999952316284,2.859999895095825,22500,0.0,0.0
2013-03-11 00:00:00-04:00,2.9000000953674316,2.950000047683716,2.8499999046325684,2.859999895095825,8800,0.0,0.0
2013-03-12 00:00:00-04:00,2.930000066757202,2.940000057220459,2.859999895095825,2.859999895095825,7600,0.0,0.0
2013-03-13 00:00:00-04:00,2.859999895095825,3.0,2.8499999046325684,2.940000057220459,15500,0.0,0.0
2013-03-14 00:00:00-04:00,2.950000047683716,2.950000047683716,2.859999895095825,2.859999895095825,10700,0.0,0.0
2013-03-15 00:00:00-04:00,2.9000000953674316,2.990000009536743,2.9000000953674316,2.9000000953674316,5800,0.0,0.0
2013-03-18 00:00:00-04:00,2.859999895095825,3.0,2.799999952316284,2.799999952316284,10100,0.0,0.0
2013-03-19 00:00:00-04:00,2.9000000953674316,2.930000066757202,2.7799999713897705,2.930000066757202,17100,0.0,0.0
2013-03-20 00:00:00-04:00,2.890000104904175,2.890000104904175,2.880000114440918,2.880000114440918,1800,0.0,0.0
2013-03-21 00:00:00-04:00,2.9000000953674316,2.9000000953674316,2.819999933242798,2.819999933242798,3000,0.0,0.0
2013-03-22 00:00:00-04:00,2.859999895095825,2.859999895095825,2.8499999046325684,2.859999895095825,2300,0.0,0.0
2013-03-25 00:00:00-04:00,2.8499999046325684,2.859999895095825,2.809999942779541,2.809999942779541,4600,0.0,0.0
2013-03-26 00:00:00-04:00,2.799999952316284,2.8499999046325684,2.7799999713897705,2.8399999141693115,7700,0.0,0.0
2013-03-27 00:00:00-04:00,2.799999952316284,2.9200000762939453,2.799999952316284,2.9000000953674316,12500,0.0,0.0
2013-03-28 00:00:00-04:00,2.859999895095825,2.930000066757202,2.8399999141693115,2.8499999046325684,4500,0.0,0.0
2013-04-01 00:00:00-04:00,2.8499999046325684,2.8499999046325684,2.8399999141693115,2.8499999046325684,3200,0.0,0.0
2013-04-02 00:00:00-04:00,2.930000066757202,3.0,2.930000066757202,3.0,10700,0.0,0.0
2013-04-03 00:00:00-04:00,3.0299999713897705,3.450000047683716,2.9200000762939453,3.299999952316284,169700,0.0,0.0
2013-04-04 00:00:00-04:00,3.1600000858306885,3.5999999046325684,3.119999885559082,3.1600000858306885,119200,0.0,0.0
2013-04-05 00:00:00-04:00,3.200000047683716,3.2699999809265137,3.0799999237060547,3.190000057220459,7700,0.0,0.0
2013-04-08 00:00:00-04:00,3.2899999618530273,3.309999942779541,3.109999895095825,3.200000047683716,13300,0.0,0.0
2013-04-09 00:00:00-04:00,3.0999999046325684,3.240000009536743,3.0999999046325684,3.0999999046325684,10300,0.0,0.0
2013-04-10 00:00:00-04:00,3.2799999713897705,3.2799999713897705,2.950000047683716,3.0999999046325684,30200,0.0,0.0
2013-04-11 00:00:00-04:00,3.200000047683716,3.200000047683716,2.950000047683716,2.950000047683716,11300,0.0,0.0
2013-04-12 00:00:00-04:00,2.950000047683716,3.049999952316284,2.859999895095825,2.859999895095825,22600,0.0,0.0
2013-04-15 00:00:00-04:00,2.880000114440918,3.0,2.799999952316284,2.9000000953674316,20700,0.0,0.0
2013-04-16 00:00:00-04:00,2.859999895095825,2.9000000953674316,2.819999933242798,2.9000000953674316,3700,0.0,0.0
2013-04-17 00:00:00-04:00,2.859999895095825,2.859999895095825,2.7799999713897705,2.7799999713897705,1500,0.0,0.0
2013-04-18 00:00:00-04:00,2.890000104904175,2.950000047683716,2.8499999046325684,2.8499999046325684,5500,0.0,0.0
2013-04-19 00:00:00-04:00,2.819999933242798,2.890000104904175,2.799999952316284,2.890000104904175,700,0.0,0.0
2013-04-22 00:00:00-04:00,2.9200000762939453,2.9800000190734863,2.8299999237060547,2.9000000953674316,1300,0.0,0.0
2013-04-23 00:00:00-04:00,2.9000000953674316,3.0399999618530273,2.9000000953674316,3.0399999618530273,9600,0.0,0.0
2013-04-24 00:00:00-04:00,3.049999952316284,3.1500000953674316,2.9800000190734863,3.069999933242798,4800,0.0,0.0
2013-04-25 00:00:00-04:00,3.0999999046325684,3.190000057220459,3.0899999141693115,3.140000104904175,6700,0.0,0.0
2013-04-26 00:00:00-04:00,3.190000057220459,3.200000047683716,3.119999885559082,3.1500000953674316,4500,0.0,0.0
2013-04-29 00:00:00-04:00,3.1500000953674316,3.299999952316284,2.9800000190734863,3.299999952316284,25700,0.0,0.0
2013-04-30 00:00:00-04:00,3.299999952316284,3.430000066757202,3.1600000858306885,3.1600000858306885,5400,0.0,0.0
2013-05-01 00:00:00-04:00,3.2100000381469727,3.2100000381469727,3.140000104904175,3.180000066757202,18100,0.0,0.0
2013-05-02 00:00:00-04:00,3.109999895095825,3.190000057220459,2.9100000858306885,2.9100000858306885,48300,0.0,0.0
2013-05-03 00:00:00-04:00,2.9700000286102295,3.0399999618530273,2.950000047683716,2.9600000381469727,8900,0.0,0.0
2013-05-06 00:00:00-04:00,3.0799999237060547,3.130000114440918,2.990000009536743,3.119999885559082,19200,0.0,0.0
2013-05-07 00:00:00-04:00,3.0799999237060547,3.1700000762939453,3.0799999237060547,3.1700000762939453,9300,0.0,0.0
2013-05-08 00:00:00-04:00,3.109999895095825,3.109999895095825,3.0199999809265137,3.0199999809265137,1300,0.0,0.0
2013-05-09 00:00:00-04:00,3.059999942779541,3.0899999141693115,2.9800000190734863,3.0,4500,0.0,0.0
2013-05-10 00:00:00-04:00,2.9600000381469727,3.1500000953674316,2.930000066757202,2.990000009536743,1700,0.0,0.0
2013-05-13 00:00:00-04:00,3.140000104904175,3.140000104904175,3.140000104904175,3.140000104904175,100,0.0,0.0
2013-05-14 00:00:00-04:00,3.0,3.140000104904175,2.950000047683716,3.059999942779541,1600,0.0,0.0
2013-05-15 00:00:00-04:00,3.059999942779541,3.0799999237060547,2.950000047683716,3.0,4200,0.0,0.0
2013-05-16 00:00:00-04:00,2.9700000286102295,3.0899999141693115,2.940000057220459,3.0,6200,0.0,0.0
2013-05-17 00:00:00-04:00,3.0,3.0,3.0,3.0,400,0.0,0.0
2013-05-20 00:00:00-04:00,3.009999990463257,3.009999990463257,3.009999990463257,3.009999990463257,200,0.0,0.0
2013-05-21 00:00:00-04:00,3.0299999713897705,3.0299999713897705,3.0299999713897705,3.0299999713897705,300,0.0,0.0
2013-05-22 00:00:00-04:00,3.009999990463257,3.009999990463257,2.950000047683716,2.950000047683716,8500,0.0,0.0
2013-05-23 00:00:00-04:00,2.950000047683716,2.950000047683716,2.950000047683716,2.950000047683716,0,0.0,0.0
2013-05-24 00:00:00-04:00,2.990000009536743,3.0,2.990000009536743,2.990000009536743,2100,0.0,0.0
2013-05-28 00:00:00-04:00,3.0,3.0,2.950000047683716,2.9700000286102295,3200,0.0,0.0
2013-05-29 00:00:00-04:00,2.9700000286102295,3.119999885559082,2.950000047683716,3.119999885559082,11000,0.0,0.0
2013-05-30 00:00:00-04:00,3.0299999713897705,3.109999895095825,3.0199999809265137,3.059999942779541,2600,0.0,0.0
2013-05-31 00:00:00-04:00,3.0399999618530273,3.0999999046325684,3.0399999618530273,3.0999999046325684,2100,0.0,0.0
2013-06-03 00:00:00-04:00,3.059999942779541,3.559999942779541,3.0399999618530273,3.069999933242798,74000,0.0,0.0
2013-06-04 00:00:00-04:00,3.140000104904175,3.1500000953674316,3.009999990463257,3.1500000953674316,8100,0.0,0.0
2013-06-05 00:00:00-04:00,3.0399999618530273,3.059999942779541,3.0399999618530273,3.049999952316284,1600,0.0,0.0
2013-06-06 00:00:00-04:00,3.0199999809265137,3.119999885559082,3.0,3.0,10900,0.0,0.0
2013-06-07 00:00:00-04:00,3.0,3.140000104904175,2.9600000381469727,2.990000009536743,12700,0.0,0.0
2013-06-10 00:00:00-04:00,3.009999990463257,3.200000047683716,3.0,3.1500000953674316,15000,0.0,0.0
2013-06-11 00:00:00-04:00,3.0299999713897705,3.140000104904175,3.0199999809265137,3.130000114440918,5100,0.0,0.0
2013-06-12 00:00:00-04:00,3.130000114440918,3.130000114440918,3.130000114440918,3.130000114440918,100,0.0,0.0
2013-06-13 00:00:00-04:00,3.0199999809265137,3.140000104904175,3.0199999809265137,3.0199999809265137,1600,0.0,0.0
2013-06-14 00:00:00-04:00,3.049999952316284,3.130000114440918,3.0199999809265137,3.0399999618530273,5900,0.0,0.0
2013-06-17 00:00:00-04:00,3.0199999809265137,3.0899999141693115,3.009999990463257,3.069999933242798,2700,0.0,0.0
2013-06-18 00:00:00-04:00,3.0999999046325684,3.0999999046325684,2.950000047683716,3.0299999713897705,5900,0.0,0.0
2013-06-19 00:00:00-04:00,3.119999885559082,3.119999885559082,2.990000009536743,3.0,3500,0.0,0.0
2013-06-20 00:00:00-04:00,3.0199999809265137,3.0299999713897705,3.0,3.0299999713897705,2000,0.0,0.0
2013-06-21 00:00:00-04:00,3.0,3.009999990463257,2.990000009536743,2.990000009536743,1800,0.0,0.0
2013-06-24 00:00:00-04:00,3.009999990463257,3.009999990463257,3.009999990463257,3.009999990463257,200,0.0,0.0
2013-06-25 00:00:00-04:00,3.0899999141693115,3.0899999141693115,3.0,3.009999990463257,500,0.0,0.0
2013-06-26 00:00:00-04:00,2.950000047683716,3.0,2.950000047683716,3.0,2900,0.0,0.0
2013-06-27 00:00:00-04:00,2.950000047683716,3.0899999141693115,2.950000047683716,3.0799999237060547,700,0.0,0.0
2013-06-28 00:00:00-04:00,3.0199999809265137,3.0399999618530273,3.009999990463257,3.009999990463257,1200,0.0,0.0
2013-07-01 00:00:00-04:00,3.009999990463257,3.009999990463257,2.950000047683716,2.950000047683716,10800,0.0,0.0
2013-07-02 00:00:00-04:00,2.950000047683716,3.0399999618530273,2.950000047683716,3.0399999618530273,1200,0.0,0.0
2013-07-03 00:00:00-04:00,3.0399999618530273,3.0399999618530273,3.0399999618530273,3.0399999618530273,0,0.0,0.0
2013-07-05 00:00:00-04:00,3.0399999618530273,3.0399999618530273,3.0399999618530273,3.0399999618530273,0,0.0,0.0
2013-07-08 00:00:00-04:00,3.0399999618530273,3.0399999618530273,2.9600000381469727,2.9600000381469727,800,0.0,0.0
2013-07-09 00:00:00-04:00,2.950000047683716,3.0,2.950000047683716,3.0,2600,0.0,0.0
2013-07-10 00:00:00-04:00,2.9800000190734863,3.0,2.75,3.0,11900,0.0,0.0
2013-07-11 00:00:00-04:00,2.9600000381469727,2.990000009536743,2.950000047683716,2.9700000286102295,2100,0.0,0.0
2013-07-12 00:00:00-04:00,2.9000000953674316,2.9800000190734863,2.9000000953674316,2.9800000190734863,400,0.0,0.0
2013-07-15 00:00:00-04:00,2.940000057220459,2.940000057220459,2.809999942779541,2.819999933242798,1100,0.0,0.0
2013-07-16 00:00:00-04:00,2.8499999046325684,2.869999885559082,2.8499999046325684,2.8499999046325684,6600,0.0,0.0
2013-07-17 00:00:00-04:00,2.9800000190734863,3.0199999809265137,2.8499999046325684,2.8499999046325684,5000,0.0,0.0
2013-07-18 00:00:00-04:00,2.869999885559082,2.869999885559082,2.869999885559082,2.869999885559082,4400,0.0,0.0
2013-07-19 00:00:00-04:00,2.869999885559082,2.9800000190734863,2.869999885559082,2.9800000190734863,1000,0.0,0.0
2013-07-22 00:00:00-04:00,3.0299999713897705,3.0299999713897705,3.0199999809265137,3.0299999713897705,2800,0.0,0.0
2013-07-23 00:00:00-04:00,3.0,3.009999990463257,2.869999885559082,2.990000009536743,1400,0.0,0.0
2013-07-24 00:00:00-04:00,2.9000000953674316,3.0,2.9000000953674316,3.0,1100,0.0,0.0
2013-07-25 00:00:00-04:00,2.9000000953674316,2.9100000858306885,2.869999885559082,2.880000114440918,1900,0.0,0.0
2013-07-26 00:00:00-04:00,2.9000000953674316,2.990000009536743,2.9000000953674316,2.990000009536743,1100,0.0,0.0
2013-07-29 00:00:00-04:00,2.990000009536743,2.990000009536743,2.6500000953674316,2.759999990463257,21500,0.0,0.0
2013-07-30 00:00:00-04:00,2.799999952316284,2.940000057220459,2.799999952316284,2.859999895095825,8300,0.0,0.0
2013-07-31 00:00:00-04:00,2.8399999141693115,2.8499999046325684,2.809999942779541,2.809999942779541,2000,0.0,0.0
2013-08-01 00:00:00-04:00,2.930000066757202,2.930000066757202,2.75,2.8499999046325684,14400,0.0,0.0
2013-08-02 00:00:00-04:00,2.7799999713897705,3.4100000858306885,2.740000009536743,2.9100000858306885,104600,0.0,0.0
2013-08-05 00:00:00-04:00,2.9000000953674316,2.940000057220459,2.890000104904175,2.930000066757202,5500,0.0,0.0
2013-08-06 00:00:00-04:00,2.940000057220459,3.049999952316284,2.9000000953674316,3.049999952316284,34600,0.0,0.0
2013-08-07 00:00:00-04:00,3.049999952316284,3.049999952316284,2.869999885559082,3.049999952316284,12600,0.0,0.0
2013-08-08 00:00:00-04:00,2.990000009536743,3.0299999713897705,2.819999933242798,2.9600000381469727,1900,0.0,0.0
2013-08-09 00:00:00-04:00,2.8399999141693115,2.9600000381469727,2.8299999237060547,2.950000047683716,7000,0.0,0.0
2013-08-12 00:00:00-04:00,2.950000047683716,3.4100000858306885,2.9000000953674316,2.9000000953674316,137200,0.0,0.0
2013-08-13 00:00:00-04:00,2.869999885559082,2.890000104904175,2.799999952316284,2.799999952316284,41800,0.0,0.0
2013-08-14 00:00:00-04:00,2.819999933242798,2.950000047683716,2.7799999713897705,2.799999952316284,19100,0.0,0.0
2013-08-15 00:00:00-04:00,2.7799999713897705,2.8399999141693115,2.680000066757202,2.680000066757202,20900,0.0,0.0
2013-08-16 00:00:00-04:00,2.25,2.25,2.069999933242798,2.109999895095825,616900,0.0,0.0
2013-08-19 00:00:00-04:00,2.200000047683716,2.200000047683716,2.109999895095825,2.109999895095825,112700,0.0,0.0
2013-08-20 00:00:00-04:00,2.0999999046325684,2.25,2.0799999237060547,2.109999895095825,100500,0.0,0.0
2013-08-21 00:00:00-04:00,2.069999933242798,2.190000057220459,2.049999952316284,2.109999895095825,96300,0.0,0.0
2013-08-22 00:00:00-04:00,2.180000066757202,2.190000057220459,2.0899999141693115,2.140000104904175,27700,0.0,0.0
2013-08-23 00:00:00-04:00,2.1600000858306885,2.1700000762939453,2.119999885559082,2.119999885559082,58100,0.0,0.0
2013-08-26 00:00:00-04:00,2.1600000858306885,2.180000066757202,2.130000114440918,2.1600000858306885,54100,0.0,0.0
2013-08-27 00:00:00-04:00,2.1500000953674316,2.1500000953674316,2.069999933242798,2.069999933242798,55100,0.0,0.0
2013-08-28 00:00:00-04:00,2.0899999141693115,2.130000114440918,2.049999952316284,2.049999952316284,121600,0.0,0.0
2013-08-29 00:00:00-04:00,2.0799999237060547,2.0899999141693115,2.0199999809265137,2.0399999618530273,12500,0.0,0.0
2013-08-30 00:00:00-04:00,2.0799999237060547,2.119999885559082,2.0299999713897705,2.0399999618530273,44400,0.0,0.0
2013-09-03 00:00:00-04:00,2.130000114440918,2.180000066757202,2.0,2.109999895095825,278900,0.0,0.0
2013-09-04 00:00:00-04:00,2.1500000953674316,2.3499999046325684,2.0399999618530273,2.3499999046325684,45900,0.0,0.0
2013-09-05 00:00:00-04:00,2.4000000953674316,2.430000066757202,2.299999952316284,2.4000000953674316,76900,0.0,0.0
2013-09-06 00:00:00-04:00,2.4000000953674316,2.5,2.3499999046325684,2.450000047683716,109900,0.0,0.0
2013-09-09 00:00:00-04:00,2.4800000190734863,2.4800000190734863,2.299999952316284,2.3299999237060547,52100,0.0,0.0
2013-09-10 00:00:00-04:00,2.3499999046325684,2.4800000190734863,2.299999952316284,2.4800000190734863,16000,0.0,0.0
2013-09-11 00:00:00-04:00,2.4600000381469727,2.490000009536743,2.369999885559082,2.390000104904175,52500,0.0,0.0
2013-09-12 00:00:00-04:00,2.440000057220459,2.4600000381469727,2.299999952316284,2.390000104904175,42000,0.0,0.0
2013-09-13 00:00:00-04:00,2.450000047683716,2.4700000286102295,2.2799999713897705,2.4000000953674316,24600,0.0,0.0
2013-09-16 00:00:00-04:00,2.440000057220459,2.440000057220459,2.299999952316284,2.4100000858306885,7200,0.0,0.0
2013-09-17 00:00:00-04:00,2.380000114440918,2.4800000190734863,2.380000114440918,2.4100000858306885,36800,0.0,0.0
2013-09-18 00:00:00-04:00,2.440000057220459,2.4800000190734863,2.4200000762939453,2.440000057220459,23900,0.0,0.0
2013-09-19 00:00:00-04:00,2.4700000286102295,2.4800000190734863,2.450000047683716,2.4800000190734863,22800,0.0,0.0
2013-09-20 00:00:00-04:00,2.450000047683716,2.4600000381469727,2.3499999046325684,2.4000000953674316,56100,0.0,0.0
2013-09-23 00:00:00-04:00,2.380000114440918,2.4200000762939453,2.299999952316284,2.4200000762939453,10900,0.0,0.0
2013-09-24 00:00:00-04:00,2.430000066757202,2.450000047683716,2.3499999046325684,2.4100000858306885,11700,0.0,0.0
2013-09-25 00:00:00-04:00,2.380000114440918,2.430000066757202,2.309999942779541,2.3499999046325684,60300,0.0,0.0
2013-09-26 00:00:00-04:00,2.3299999237060547,2.4000000953674316,2.3299999237060547,2.4000000953674316,3200,0.0,0.0
2013-09-27 00:00:00-04:00,2.3299999237060547,2.450000047683716,2.3299999237060547,2.440000057220459,1900,0.0,0.0
2013-09-30 00:00:00-04:00,2.4200000762939453,2.4200000762939453,2.3499999046325684,2.3499999046325684,8800,0.0,0.0
2013-10-01 00:00:00-04:00,2.390000104904175,2.390000104904175,2.3399999141693115,2.359999895095825,16300,0.0,0.0
2013-10-02 00:00:00-04:00,2.390000104904175,2.450000047683716,2.319999933242798,2.4200000762939453,4800,0.0,0.0
2013-10-03 00:00:00-04:00,2.450000047683716,2.450000047683716,2.059999942779541,2.200000047683716,72200,0.0,0.0
2013-10-04 00:00:00-04:00,2.200000047683716,2.4000000953674316,2.109999895095825,2.3299999237060547,180900,0.0,0.0
2013-10-07 00:00:00-04:00,2.299999952316284,2.4000000953674316,2.25,2.3399999141693115,46000,0.0,0.0
2013-10-08 00:00:00-04:00,2.390000104904175,2.390000104904175,2.2300000190734863,2.299999952316284,27200,0.0,0.0
2013-10-09 00:00:00-04:00,2.390000104904175,2.390000104904175,2.2799999713897705,2.3299999237060547,9600,0.0,0.0
2013-10-10 00:00:00-04:00,2.309999942779541,2.319999933242798,2.25,2.2699999809265137,69300,0.0,0.0
2013-10-11 00:00:00-04:00,2.2899999618530273,2.390000104904175,2.2799999713897705,2.359999895095825,69200,0.0,0.0
2013-10-14 00:00:00-04:00,2.390000104904175,2.440000057220459,2.3299999237060547,2.390000104904175,50600,0.0,0.0
2013-10-15 00:00:00-04:00,2.4100000858306885,2.4100000858306885,2.380000114440918,2.390000104904175,26300,0.0,0.0
2013-10-16 00:00:00-04:00,2.4200000762939453,2.4200000762939453,2.3499999046325684,2.4000000953674316,20700,0.0,0.0
2013-10-17 00:00:00-04:00,2.369999885559082,2.4200000762939453,2.369999885559082,2.4000000953674316,9400,0.0,0.0
2013-10-18 00:00:00-04:00,2.4200000762939453,2.549999952316284,2.4200000762939453,2.5199999809265137,155600,0.0,0.0
2013-10-21 00:00:00-04:00,2.569999933242798,2.569999933242798,2.4800000190734863,2.490000009536743,33800,0.0,0.0
2013-10-22 00:00:00-04:00,2.509999990463257,2.5299999713897705,2.369999885559082,2.5,97600,0.0,0.0
2013-10-23 00:00:00-04:00,2.5299999713897705,2.5299999713897705,2.4600000381469727,2.4700000286102295,31900,0.0,0.0
2013-10-24 00:00:00-04:00,2.509999990463257,2.509999990463257,2.4600000381469727,2.4700000286102295,12600,0.0,0.0
2013-10-25 00:00:00-04:00,2.490000009536743,2.509999990463257,2.450000047683716,2.4600000381469727,18500,0.0,0.0
2013-10-28 00:00:00-04:00,2.450000047683716,2.5,2.440000057220459,2.440000057220459,40700,0.0,0.0
2013-10-29 00:00:00-04:00,2.549999952316284,2.549999952316284,2.450000047683716,2.4600000381469727,6300,0.0,0.0
2013-10-30 00:00:00-04:00,2.5,2.5,2.4800000190734863,2.4800000190734863,1500,0.0,0.0
2013-10-31 00:00:00-04:00,2.509999990463257,2.509999990463257,2.440000057220459,2.4600000381469727,15400,0.0,0.0
2013-11-01 00:00:00-04:00,2.4700000286102295,2.4700000286102295,2.450000047683716,2.450000047683716,4800,0.0,0.0
2013-11-04 00:00:00-05:00,2.5,2.690000057220459,2.5,2.5199999809265137,369200,0.0,0.0
2013-11-05 00:00:00-05:00,2.549999952316284,2.630000114440918,2.5,2.5,126800,0.0,0.0
2013-11-06 00:00:00-05:00,2.5,2.5899999141693115,2.5,2.5799999237060547,42400,0.0,0.0
2013-11-07 00:00:00-05:00,2.5999999046325684,2.5999999046325684,2.450000047683716,2.450000047683716,39600,0.0,0.0
2013-11-08 00:00:00-05:00,2.5399999618530273,2.5399999618530273,2.490000009536743,2.5299999713897705,14300,0.0,0.0
2013-11-11 00:00:00-05:00,2.509999990463257,2.5299999713897705,2.450000047683716,2.450000047683716,46500,0.0,0.0
2013-11-12 00:00:00-05:00,2.450000047683716,2.5199999809265137,2.440000057220459,2.450000047683716,66900,0.0,0.0
2013-11-13 00:00:00-05:00,2.4600000381469727,2.5,2.450000047683716,2.5,33100,0.0,0.0
2013-11-14 00:00:00-05:00,2.5,2.5,2.4600000381469727,2.490000009536743,21200,0.0,0.0
2013-11-15 00:00:00-05:00,2.490000009536743,2.5,2.4600000381469727,2.5,33500,0.0,0.0
2013-11-18 00:00:00-05:00,2.5299999713897705,2.5299999713897705,2.4600000381469727,2.490000009536743,19900,0.0,0.0
2013-11-19 00:00:00-05:00,2.5199999809265137,2.5199999809265137,2.490000009536743,2.490000009536743,13300,0.0,0.0
2013-11-20 00:00:00-05:00,2.5,2.5,2.4800000190734863,2.4800000190734863,7600,0.0,0.0
2013-11-21 00:00:00-05:00,2.490000009536743,2.5399999618530273,2.4800000190734863,2.4800000190734863,2700,0.0,0.0
2013-11-22 00:00:00-05:00,2.4800000190734863,2.5299999713897705,2.4800000190734863,2.509999990463257,8100,0.0,0.0
2013-11-25 00:00:00-05:00,2.450000047683716,2.4800000190734863,2.4000000953674316,2.430000066757202,25700,0.0,0.0
2013-11-26 00:00:00-05:00,2.430000066757202,2.5,2.430000066757202,2.4800000190734863,2600,0.0,0.0
2013-11-27 00:00:00-05:00,2.490000009536743,2.490000009536743,2.440000057220459,2.440000057220459,2400,0.0,0.0
2013-11-29 00:00:00-05:00,2.430000066757202,2.4700000286102295,2.430000066757202,2.4700000286102295,6500,0.0,0.0
2013-12-02 00:00:00-05:00,2.5,2.5,2.430000066757202,2.4600000381469727,8000,0.0,0.0
2013-12-03 00:00:00-05:00,2.5,2.930000066757202,2.4000000953674316,2.509999990463257,367200,0.0,0.0
2013-12-04 00:00:00-05:00,2.609999895095825,2.609999895095825,2.4000000953674316,2.559999942779541,41700,0.0,0.0
2013-12-05 00:00:00-05:00,2.509999990463257,2.630000114440918,2.509999990463257,2.549999952316284,10600,0.0,0.0
2013-12-06 00:00:00-05:00,2.569999933242798,2.5799999237060547,2.5199999809265137,2.549999952316284,27400,0.0,0.0
2013-12-09 00:00:00-05:00,2.430000066757202,2.5999999046325684,2.430000066757202,2.5999999046325684,15500,0.0,0.0
2013-12-10 00:00:00-05:00,2.5399999618530273,2.6500000953674316,2.5,2.619999885559082,51800,0.0,0.0
2013-12-11 00:00:00-05:00,2.6700000762939453,2.6700000762939453,2.549999952316284,2.569999933242798,32000,0.0,0.0
2013-12-12 00:00:00-05:00,2.5899999141693115,2.5899999141693115,2.549999952316284,2.559999942779541,10500,0.0,0.0
2013-12-13 00:00:00-05:00,2.5799999237060547,2.5799999237060547,2.490000009536743,2.5199999809265137,5100,0.0,0.0
2013-12-16 00:00:00-05:00,2.5399999618530273,2.640000104904175,2.5199999809265137,2.5199999809265137,3800,0.0,0.0
2013-12-17 00:00:00-05:00,2.549999952316284,2.7300000190734863,2.450000047683716,2.5399999618530273,150000,0.0,0.0
2013-12-18 00:00:00-05:00,2.509999990463257,2.509999990463257,2.4200000762939453,2.5,38200,0.0,0.0
2013-12-19 00:00:00-05:00,2.5,2.559999942779541,2.430000066757202,2.440000057220459,13200,0.0,0.0
2013-12-20 00:00:00-05:00,2.440000057220459,2.569999933242798,2.440000057220459,2.490000009536743,15400,0.0,0.0
2013-12-23 00:00:00-05:00,2.5799999237060547,2.5799999237060547,2.509999990463257,2.559999942779541,8400,0.0,0.0
2013-12-24 00:00:00-05:00,2.4800000190734863,2.5,2.4800000190734863,2.5,1500,0.0,0.0
2013-12-26 00:00:00-05:00,2.450000047683716,2.640000104904175,2.450000047683716,2.609999895095825,33400,0.0,0.0
2013-12-27 00:00:00-05:00,2.569999933242798,2.609999895095825,2.549999952316284,2.549999952316284,8600,0.0,0.0
2013-12-30 00:00:00-05:00,2.5999999046325684,2.5999999046325684,2.5,2.5899999141693115,27000,0.0,0.0
2013-12-31 00:00:00-05:00,2.630000114440918,2.630000114440918,2.5199999809265137,2.5199999809265137,8000,0.0,0.0
2014-01-02 00:00:00-05:00,2.559999942779541,2.5999999046325684,2.5,2.5999999046325684,20100,0.0,0.0
2014-01-03 00:00:00-05:00,2.5999999046325684,2.6500000953674316,2.569999933242798,2.630000114440918,13200,0.0,0.0
2014-01-06 00:00:00-05:00,2.5999999046325684,2.6500000953674316,2.5999999046325684,2.6500000953674316,13500,0.0,0.0
2014-01-07 00:00:00-05:00,2.619999885559082,2.700000047683716,2.559999942779541,2.700000047683716,63200,0.0,0.0
2014-01-08 00:00:00-05:00,2.7100000381469727,2.890000104904175,2.5299999713897705,2.799999952316284,153700,0.0,0.0
2014-01-09 00:00:00-05:00,2.8499999046325684,2.859999895095825,2.740000009536743,2.759999990463257,53300,0.0,0.0
2014-01-10 00:00:00-05:00,2.799999952316284,2.869999885559082,2.7699999809265137,2.859999895095825,39500,0.0,0.0
2014-01-13 00:00:00-05:00,2.8499999046325684,2.950000047683716,2.8499999046325684,2.880000114440918,81800,0.0,0.0
2014-01-14 00:00:00-05:00,2.940000057220459,2.950000047683716,2.8499999046325684,2.890000104904175,24600,0.0,0.0
2014-01-15 00:00:00-05:00,2.990000009536743,2.990000009536743,2.890000104904175,2.9700000286102295,38300,0.0,0.0
2014-01-16 00:00:00-05:00,2.9100000858306885,2.950000047683716,2.9000000953674316,2.9000000953674316,33500,0.0,0.0
2014-01-17 00:00:00-05:00,2.880000114440918,2.9200000762939453,2.8499999046325684,2.8499999046325684,6600,0.0,0.0
2014-01-21 00:00:00-05:00,2.9100000858306885,2.9100000858306885,2.8399999141693115,2.869999885559082,18400,0.0,0.0
2014-01-22 00:00:00-05:00,2.859999895095825,3.0199999809265137,2.859999895095825,3.009999990463257,100400,0.0,0.0
2014-01-23 00:00:00-05:00,3.0299999713897705,3.0399999618530273,2.8499999046325684,3.0,55700,0.0,0.0
2014-01-24 00:00:00-05:00,2.9800000190734863,3.0,2.9800000190734863,2.990000009536743,17900,0.0,0.0
2014-01-27 00:00:00-05:00,3.0,3.0,2.859999895095825,2.950000047683716,39800,0.0,0.0
2014-01-28 00:00:00-05:00,2.990000009536743,3.119999885559082,2.950000047683716,3.0,109300,0.0,0.0
2014-01-29 00:00:00-05:00,3.0999999046325684,3.109999895095825,2.9800000190734863,3.109999895095825,30000,0.0,0.0
2014-01-30 00:00:00-05:00,3.0999999046325684,3.0999999046325684,2.950000047683716,2.9700000286102295,16100,0.0,0.0
2014-01-31 00:00:00-05:00,2.9700000286102295,3.119999885559082,2.9700000286102295,3.0199999809265137,36000,0.0,0.0
2014-02-03 00:00:00-05:00,3.049999952316284,3.0999999046325684,2.869999885559082,2.869999885559082,42600,0.0,0.0
2014-02-04 00:00:00-05:00,2.9000000953674316,3.009999990463257,2.8299999237060547,2.950000047683716,37400,0.0,0.0
2014-02-05 00:00:00-05:00,2.950000047683716,3.0399999618530273,2.9000000953674316,3.0299999713897705,25500,0.0,0.0
2014-02-06 00:00:00-05:00,3.069999933242798,3.0799999237060547,2.930000066757202,3.069999933242798,62300,0.0,0.0
2014-02-07 00:00:00-05:00,3.069999933242798,3.119999885559082,2.9600000381469727,3.0399999618530273,37500,0.0,0.0
2014-02-10 00:00:00-05:00,3.069999933242798,3.069999933242798,2.9600000381469727,3.0,18000,0.0,0.0
2014-02-11 00:00:00-05:00,2.940000057220459,3.0,2.940000057220459,2.9600000381469727,32300,0.0,0.0
2014-02-12 00:00:00-05:00,3.0,3.0,2.930000066757202,2.950000047683716,67700,0.0,0.0
2014-02-13 00:00:00-05:00,2.930000066757202,2.9800000190734863,2.9000000953674316,2.9000000953674316,64400,0.0,0.0
2014-02-14 00:00:00-05:00,2.940000057220459,2.940000057220459,2.7699999809265137,2.799999952316284,83900,0.0,0.0
2014-02-18 00:00:00-05:00,2.8499999046325684,2.9200000762939453,2.8299999237060547,2.9100000858306885,36500,0.0,0.0
2014-02-19 00:00:00-05:00,2.950000047683716,2.950000047683716,2.759999990463257,2.819999933242798,44900,0.0,0.0
2014-02-20 00:00:00-05:00,2.859999895095825,2.9100000858306885,2.819999933242798,2.869999885559082,38300,0.0,0.0
2014-02-21 00:00:00-05:00,2.9100000858306885,2.9100000858306885,2.7100000381469727,2.8299999237060547,87500,0.0,0.0
2014-02-24 00:00:00-05:00,2.7899999618530273,2.9100000858306885,2.7899999618530273,2.859999895095825,42900,0.0,0.0
2014-02-25 00:00:00-05:00,2.799999952316284,2.890000104904175,2.7799999713897705,2.7799999713897705,34000,0.0,0.0
2014-02-26 00:00:00-05:00,2.8399999141693115,2.8399999141693115,2.799999952316284,2.809999942779541,16800,0.0,0.0
2014-02-27 00:00:00-05:00,2.809999942779541,2.809999942779541,2.7699999809265137,2.7899999618530273,24100,0.0,0.0
2014-02-28 00:00:00-05:00,2.809999942779541,2.809999942779541,2.7899999618530273,2.809999942779541,23600,0.0,0.0
2014-03-03 00:00:00-05:00,2.8299999237060547,3.059999942779541,2.8299999237060547,2.869999885559082,216500,0.0,0.0
2014-03-04 00:00:00-05:00,2.9000000953674316,2.9100000858306885,2.8399999141693115,2.8399999141693115,66900,0.0,0.0
2014-03-05 00:00:00-05:00,2.8399999141693115,2.859999895095825,2.799999952316284,2.8299999237060547,38900,0.0,0.0
2014-03-06 00:00:00-05:00,2.869999885559082,2.9000000953674316,2.8299999237060547,2.8299999237060547,28900,0.0,0.0
2014-03-07 00:00:00-05:00,2.8299999237060547,2.8499999046325684,2.799999952316284,2.8299999237060547,18800,0.0,0.0
2014-03-10 00:00:00-04:00,2.799999952316284,2.9200000762939453,2.7200000286102295,2.890000104904175,57100,0.0,0.0
2014-03-11 00:00:00-04:00,2.859999895095825,2.880000114440918,2.8399999141693115,2.8399999141693115,13400,0.0,0.0
2014-03-12 00:00:00-04:00,2.759999990463257,2.8299999237060547,2.759999990463257,2.8299999237060547,2200,0.0,0.0
2014-03-13 00:00:00-04:00,2.8399999141693115,2.880000114440918,2.7799999713897705,2.7799999713897705,22800,0.0,0.0
2014-03-14 00:00:00-04:00,2.799999952316284,2.809999942779541,2.759999990463257,2.809999942779541,31900,0.0,0.0
2014-03-17 00:00:00-04:00,2.8399999141693115,2.9000000953674316,2.819999933242798,2.9000000953674316,19400,0.0,0.0
2014-03-18 00:00:00-04:00,2.9000000953674316,2.9800000190734863,2.809999942779541,2.869999885559082,167300,0.0,0.0
2014-03-19 00:00:00-04:00,2.8399999141693115,2.880000114440918,2.759999990463257,2.809999942779541,16300,0.0,0.0
2014-03-20 00:00:00-04:00,2.8299999237060547,2.8299999237060547,2.75,2.7699999809265137,21800,0.0,0.0
2014-03-21 00:00:00-04:00,2.7100000381469727,2.7699999809265137,2.7100000381469727,2.7100000381469727,18700,0.0,0.0
2014-03-24 00:00:00-04:00,2.7100000381469727,2.7799999713897705,2.700000047683716,2.75,12700,0.0,0.0
2014-03-25 00:00:00-04:00,2.7699999809265137,2.880000114440918,2.759999990463257,2.8299999237060547,67900,0.0,0.0
2014-03-26 00:00:00-04:00,2.859999895095825,2.890000104904175,2.700000047683716,2.799999952316284,70900,0.0,0.0
2014-03-27 00:00:00-04:00,2.799999952316284,2.8499999046325684,2.7899999618530273,2.809999942779541,23300,0.0,0.0
2014-03-28 00:00:00-04:00,2.809999942779541,2.9200000762939453,2.809999942779541,2.9200000762939453,3700,0.0,0.0
2014-03-31 00:00:00-04:00,2.890000104904175,2.890000104904175,2.809999942779541,2.859999895095825,9200,0.0,0.0
2014-04-01 00:00:00-04:00,2.9000000953674316,2.9000000953674316,2.799999952316284,2.859999895095825,6500,0.0,0.0
2014-04-02 00:00:00-04:00,2.930000066757202,3.0899999141693115,2.75,3.009999990463257,151700,0.0,0.0
2014-04-03 00:00:00-04:00,2.9200000762939453,3.049999952316284,2.9200000762939453,3.009999990463257,38800,0.0,0.0
2014-04-04 00:00:00-04:00,2.950000047683716,3.009999990463257,2.940000057220459,2.9700000286102295,28200,0.0,0.0
2014-04-07 00:00:00-04:00,2.9600000381469727,3.0,2.9000000953674316,2.950000047683716,36300,0.0,0.0
2014-04-08 00:00:00-04:00,2.9600000381469727,3.049999952316284,2.9600000381469727,3.0,68800,0.0,0.0
2014-04-09 00:00:00-04:00,3.0399999618530273,3.069999933242798,2.9000000953674316,2.9100000858306885,64100,0.0,0.0
2014-04-10 00:00:00-04:00,3.0199999809265137,3.0399999618530273,2.9000000953674316,2.990000009536743,29300,0.0,0.0
2014-04-11 00:00:00-04:00,2.940000057220459,2.990000009536743,2.880000114440918,2.950000047683716,28500,0.0,0.0
2014-04-14 00:00:00-04:00,2.9200000762939453,2.940000057220459,2.799999952316284,2.8499999046325684,37900,0.0,0.0
2014-04-15 00:00:00-04:00,2.9800000190734863,2.9800000190734863,2.8499999046325684,2.8499999046325684,31800,0.0,0.0
2014-04-16 00:00:00-04:00,2.9200000762939453,2.9200000762939453,2.8499999046325684,2.859999895095825,13400,0.0,0.0
2014-04-17 00:00:00-04:00,2.890000104904175,3.0199999809265137,2.880000114440918,3.0,41100,0.0,0.0
2014-04-21 00:00:00-04:00,2.9700000286102295,3.0299999713897705,2.9600000381469727,2.9800000190734863,23900,0.0,0.0
2014-04-22 00:00:00-04:00,2.9600000381469727,3.049999952316284,2.9600000381469727,3.049999952316284,53100,0.0,0.0
2014-04-23 00:00:00-04:00,3.049999952316284,3.069999933242798,2.9800000190734863,2.990000009536743,53400,0.0,0.0
2014-04-24 00:00:00-04:00,2.9800000190734863,3.0999999046325684,2.9800000190734863,3.0799999237060547,68600,0.0,0.0
2014-04-25 00:00:00-04:00,3.0999999046325684,3.7300000190734863,3.0299999713897705,3.390000104904175,285500,0.0,0.0
2014-04-28 00:00:00-04:00,3.799999952316284,3.799999952316284,3.299999952316284,3.4000000953674316,204100,0.0,0.0
2014-04-29 00:00:00-04:00,3.4200000762939453,3.549999952316284,3.4000000953674316,3.440000057220459,75700,0.0,0.0
2014-04-30 00:00:00-04:00,3.4800000190734863,3.4800000190734863,3.359999895095825,3.4000000953674316,54100,0.0,0.0
2014-05-01 00:00:00-04:00,3.359999895095825,3.680000066757202,3.359999895095825,3.630000114440918,127500,0.0,0.0
2014-05-02 00:00:00-04:00,3.7100000381469727,3.8499999046325684,3.4000000953674316,3.4200000762939453,301100,0.0,0.0
2014-05-05 00:00:00-04:00,3.450000047683716,3.549999952316284,3.299999952316284,3.5299999713897705,89700,0.0,0.0
2014-05-06 00:00:00-04:00,3.5799999237060547,3.5799999237060547,3.319999933242798,3.380000114440918,61800,0.0,0.0
2014-05-07 00:00:00-04:00,3.490000009536743,3.5,3.0299999713897705,3.359999895095825,280500,0.0,0.0
2014-05-08 00:00:00-04:00,3.319999933242798,3.700000047683716,3.319999933242798,3.6500000953674316,160800,0.0,0.0
2014-05-09 00:00:00-04:00,3.7799999713897705,3.819999933242798,3.609999895095825,3.7899999618530273,96800,0.0,0.0
2014-05-12 00:00:00-04:00,3.75,3.7899999618530273,3.6600000858306885,3.7899999618530273,165100,0.0,0.0
2014-05-13 00:00:00-04:00,3.799999952316284,3.809999942779541,3.7100000381469727,3.759999990463257,50200,0.0,0.0
2014-05-14 00:00:00-04:00,3.7300000190734863,3.75,3.640000104904175,3.700000047683716,20200,0.0,0.0
2014-05-15 00:00:00-04:00,3.7799999713897705,3.7799999713897705,3.4100000858306885,3.5,28000,0.0,0.0
2014-05-16 00:00:00-04:00,3.490000009536743,3.490000009536743,3.390000104904175,3.4700000286102295,17800,0.0,0.0
2014-05-19 00:00:00-04:00,3.430000066757202,3.569999933242798,3.4000000953674316,3.4600000381469727,20300,0.0,0.0
2014-05-20 00:00:00-04:00,3.4200000762939453,3.700000047683716,3.4100000858306885,3.640000104904175,46500,0.0,0.0
2014-05-21 00:00:00-04:00,3.619999885559082,3.7699999809265137,3.619999885559082,3.690000057220459,40900,0.0,0.0
2014-05-22 00:00:00-04:00,3.6500000953674316,3.6500000953674316,3.5299999713897705,3.559999942779541,7500,0.0,0.0
2014-05-23 00:00:00-04:00,3.6500000953674316,3.6500000953674316,3.5299999713897705,3.5999999046325684,18800,0.0,0.0
2014-05-27 00:00:00-04:00,3.630000114440918,3.75,3.569999933242798,3.7200000286102295,52700,0.0,0.0
2014-05-28 00:00:00-04:00,3.75,3.75,3.640000104904175,3.75,34100,0.0,0.0
2014-05-29 00:00:00-04:00,3.7200000286102295,3.740000009536743,3.6600000858306885,3.740000009536743,28800,0.0,0.0
2014-05-30 00:00:00-04:00,3.7799999713897705,3.7899999618530273,3.680000066757202,3.700000047683716,86100,0.0,0.0
2014-06-02 00:00:00-04:00,3.7200000286102295,3.7200000286102295,3.640000104904175,3.700000047683716,33200,0.0,0.0
2014-06-03 00:00:00-04:00,3.7799999713897705,3.9000000953674316,3.5899999141693115,3.809999942779541,144400,0.0,0.0
2014-06-04 00:00:00-04:00,3.809999942779541,3.9000000953674316,3.690000057220459,3.7300000190734863,85700,0.0,0.0
2014-06-05 00:00:00-04:00,3.6700000762939453,3.740000009536743,3.6500000953674316,3.6700000762939453,29000,0.0,0.0
2014-06-06 00:00:00-04:00,3.6700000762939453,3.7699999809265137,3.6700000762939453,3.7699999809265137,36200,0.0,0.0
2014-06-09 00:00:00-04:00,3.75,3.950000047683716,3.740000009536743,3.950000047683716,63800,0.0,0.0
2014-06-10 00:00:00-04:00,4.0,4.0,3.859999895095825,3.990000009536743,65900,0.0,0.0
2014-06-11 00:00:00-04:00,4.0,4.070000171661377,3.9000000953674316,4.0,88000,0.0,0.0
2014-06-12 00:00:00-04:00,4.0,4.039999961853027,3.880000114440918,4.0,33000,0.0,0.0
2014-06-13 00:00:00-04:00,4.039999961853027,4.039999961853027,3.9100000858306885,3.9800000190734863,6300,0.0,0.0
2014-06-16 00:00:00-04:00,3.9000000953674316,4.039999961853027,3.8499999046325684,4.019999980926514,25600,0.0,0.0
2014-06-17 00:00:00-04:00,3.950000047683716,4.0,3.7799999713897705,3.940000057220459,25200,0.0,0.0
2014-06-18 00:00:00-04:00,3.950000047683716,3.9700000286102295,3.8299999237060547,3.880000114440918,13500,0.0,0.0
2014-06-19 00:00:00-04:00,3.8499999046325684,3.930000066757202,3.680000066757202,3.700000047683716,40700,0.0,0.0
2014-06-20 00:00:00-04:00,3.700000047683716,3.799999952316284,3.5799999237060547,3.75,58300,0.0,0.0
2014-06-23 00:00:00-04:00,3.75,3.8399999141693115,3.609999895095825,3.6500000953674316,28400,0.0,0.0
2014-06-24 00:00:00-04:00,3.700000047683716,3.7799999713897705,3.5999999046325684,3.700000047683716,29400,0.0,0.0
2014-06-25 00:00:00-04:00,3.6700000762939453,3.7699999809265137,3.6600000858306885,3.7300000190734863,25100,0.0,0.0
2014-06-26 00:00:00-04:00,3.7200000286102295,3.8399999141693115,3.6700000762939453,3.799999952316284,30900,0.0,0.0
2014-06-27 00:00:00-04:00,3.7699999809265137,3.8499999046325684,3.7699999809265137,3.819999933242798,7800,0.0,0.0
2014-06-30 00:00:00-04:00,3.8299999237060547,3.8499999046325684,3.7100000381469727,3.759999990463257,7700,0.0,0.0
2014-07-01 00:00:00-04:00,3.740000009536743,3.7899999618530273,3.6500000953674316,3.7200000286102295,5500,0.0,0.0
2014-07-02 00:00:00-04:00,3.740000009536743,3.8299999237060547,3.700000047683716,3.759999990463257,17200,0.0,0.0
2014-07-03 00:00:00-04:00,3.75,3.759999990463257,3.559999942779541,3.6700000762939453,47700,0.0,0.0
2014-07-07 00:00:00-04:00,3.700000047683716,3.7899999618530273,3.6500000953674316,3.6500000953674316,50600,0.0,0.0
2014-07-08 00:00:00-04:00,3.7300000190734863,3.75,3.4600000381469727,3.569999933242798,45600,0.0,0.0
2014-07-09 00:00:00-04:00,3.569999933242798,3.5799999237060547,3.430000066757202,3.5799999237060547,14100,0.0,0.0
2014-07-10 00:00:00-04:00,3.569999933242798,3.630000114440918,3.4800000190734863,3.5799999237060547,13900,0.0,0.0
2014-07-11 00:00:00-04:00,3.559999942779541,3.680000066757202,3.4800000190734863,3.509999990463257,26400,0.0,0.0
2014-07-14 00:00:00-04:00,3.509999990463257,3.509999990463257,3.4700000286102295,3.4800000190734863,25000,0.0,0.0
2014-07-15 00:00:00-04:00,3.450000047683716,3.509999990463257,3.3399999141693115,3.4000000953674316,13600,0.0,0.0
2014-07-16 00:00:00-04:00,3.3299999237060547,3.450000047683716,3.2100000381469727,3.2200000286102295,74500,0.0,0.0
2014-07-17 00:00:00-04:00,3.25,3.319999933242798,3.2100000381469727,3.259999990463257,21600,0.0,0.0
2014-07-18 00:00:00-04:00,3.4000000953674316,3.4000000953674316,3.259999990463257,3.2899999618530273,15000,0.0,0.0
2014-07-21 00:00:00-04:00,3.2799999713897705,3.380000114440918,3.180000066757202,3.380000114440918,47200,0.0,0.0
2014-07-22 00:00:00-04:00,3.319999933242798,3.380000114440918,3.240000009536743,3.299999952316284,14300,0.0,0.0
2014-07-23 00:00:00-04:00,3.299999952316284,3.299999952316284,2.9200000762939453,3.2300000190734863,35800,0.0,0.0
2014-07-24 00:00:00-04:00,3.2300000190734863,3.2899999618530273,3.2300000190734863,3.259999990463257,4900,0.0,0.0
2014-07-25 00:00:00-04:00,3.299999952316284,3.299999952316284,3.2300000190734863,3.2899999618530273,16600,0.0,0.0
2014-07-28 00:00:00-04:00,3.259999990463257,3.680000066757202,3.259999990463257,3.640000104904175,319000,0.0,0.0
2014-07-29 00:00:00-04:00,3.700000047683716,3.700000047683716,3.4000000953674316,3.5799999237060547,94300,0.0,0.0
2014-07-30 00:00:00-04:00,3.5899999141693115,3.5899999141693115,3.450000047683716,3.509999990463257,30700,0.0,0.0
2014-07-31 00:00:00-04:00,3.559999942779541,3.559999942779541,3.25,3.3299999237060547,42600,0.0,0.0
2014-08-01 00:00:00-04:00,3.3299999237060547,3.559999942779541,3.25,3.4100000858306885,96900,0.0,0.0
2014-08-04 00:00:00-04:00,3.2799999713897705,3.680000066757202,3.25,3.640000104904175,55500,0.0,0.0
2014-08-05 00:00:00-04:00,3.6500000953674316,3.700000047683716,3.5299999713897705,3.700000047683716,39800,0.0,0.0
2014-08-06 00:00:00-04:00,3.700000047683716,3.700000047683716,3.5899999141693115,3.680000066757202,20500,0.0,0.0
2014-08-07 00:00:00-04:00,3.7799999713897705,3.9800000190734863,3.7200000286102295,3.7699999809265137,131000,0.0,0.0
2014-08-08 00:00:00-04:00,3.8499999046325684,4.099999904632568,3.8299999237060547,4.0,69700,0.0,0.0
2014-08-11 00:00:00-04:00,4.0,4.21999979019165,3.9600000381469727,4.150000095367432,167000,0.0,0.0
2014-08-12 00:00:00-04:00,4.210000038146973,4.260000228881836,4.0,4.170000076293945,60800,0.0,0.0
2014-08-13 00:00:00-04:00,4.199999809265137,4.199999809265137,4.119999885559082,4.199999809265137,86800,0.0,0.0
2014-08-14 00:00:00-04:00,4.199999809265137,4.25,3.9100000858306885,4.010000228881836,66500,0.0,0.0
2014-08-15 00:00:00-04:00,4.059999942779541,4.260000228881836,3.9600000381469727,3.9700000286102295,44500,0.0,0.0
2014-08-18 00:00:00-04:00,4.039999961853027,4.210000038146973,4.010000228881836,4.159999847412109,52500,0.0,0.0
2014-08-19 00:00:00-04:00,4.199999809265137,4.239999771118164,4.0,4.03000020980835,54300,0.0,0.0
2014-08-20 00:00:00-04:00,4.079999923706055,4.090000152587891,3.940000057220459,4.039999961853027,19600,0.0,0.0
2014-08-21 00:00:00-04:00,4.010000228881836,4.03000020980835,3.859999895095825,3.940000057220459,28600,0.0,0.0
2014-08-22 00:00:00-04:00,3.9700000286102295,4.0,3.859999895095825,3.9600000381469727,28500,0.0,0.0
2014-08-25 00:00:00-04:00,4.010000228881836,4.170000076293945,4.0,4.110000133514404,79700,0.0,0.0
2014-08-26 00:00:00-04:00,4.139999866485596,4.159999847412109,3.9800000190734863,4.090000152587891,12200,0.0,0.0
2014-08-27 00:00:00-04:00,4.110000133514404,4.119999885559082,3.930000066757202,4.0,43800,0.0,0.0
2014-08-28 00:00:00-04:00,4.0,4.050000190734863,3.930000066757202,4.050000190734863,15900,0.0,0.0
2014-08-29 00:00:00-04:00,3.940000057220459,4.130000114440918,3.940000057220459,4.010000228881836,30500,0.0,0.0
2014-09-02 00:00:00-04:00,3.9700000286102295,4.199999809265137,3.9700000286102295,4.079999923706055,22200,0.0,0.0
2014-09-03 00:00:00-04:00,4.159999847412109,4.159999847412109,4.039999961853027,4.050000190734863,5700,0.0,0.0
2014-09-04 00:00:00-04:00,4.070000171661377,4.070000171661377,3.9700000286102295,4.0,10200,0.0,0.0
2014-09-05 00:00:00-04:00,3.9800000190734863,4.0,3.859999895095825,3.950000047683716,49900,0.0,0.0
2014-09-08 00:00:00-04:00,3.9100000858306885,4.059999942779541,3.9100000858306885,4.0,18200,0.0,0.0
2014-09-09 00:00:00-04:00,4.159999847412109,4.199999809265137,3.9800000190734863,3.990000009536743,61300,0.0,0.0
2014-09-10 00:00:00-04:00,4.03000020980835,4.090000152587891,3.9700000286102295,3.9700000286102295,28700,0.0,0.0
2014-09-11 00:00:00-04:00,4.0,5.28000020980835,4.0,4.960000038146973,596400,0.0,0.0
2014-09-12 00:00:00-04:00,5.170000076293945,5.349999904632568,4.929999828338623,4.929999828338623,368700,0.0,0.0
2014-09-15 00:00:00-04:00,5.050000190734863,5.300000190734863,4.989999771118164,5.230000019073486,173400,0.0,0.0
2014-09-16 00:00:00-04:00,5.190000057220459,5.489999771118164,5.090000152587891,5.190000057220459,127500,0.0,0.0
2014-09-17 00:00:00-04:00,5.199999809265137,5.199999809265137,5.019999980926514,5.110000133514404,71700,0.0,0.0
2014-09-18 00:00:00-04:00,5.179999828338623,5.199999809265137,5.0,5.059999942779541,56300,0.0,0.0
2014-09-19 00:00:00-04:00,5.099999904632568,5.199999809265137,5.039999961853027,5.059999942779541,78100,0.0,0.0
2014-09-22 00:00:00-04:00,5.03000020980835,5.119999885559082,4.75,5.099999904632568,56600,0.0,0.0
2014-09-23 00:00:00-04:00,5.159999847412109,5.21999979019165,5.010000228881836,5.099999904632568,49900,0.0,0.0
2014-09-24 00:00:00-04:00,5.159999847412109,5.239999771118164,5.039999961853027,5.239999771118164,112900,0.0,0.0
2014-09-25 00:00:00-04:00,5.199999809265137,5.400000095367432,5.0,5.300000190734863,265800,0.0,0.0
2014-09-26 00:00:00-04:00,5.369999885559082,6.110000133514404,5.369999885559082,6.010000228881836,349600,0.0,0.0
2014-09-29 00:00:00-04:00,5.949999809265137,6.099999904632568,5.619999885559082,6.039999961853027,121800,0.0,0.0
2014-09-30 00:00:00-04:00,6.099999904632568,6.119999885559082,5.840000152587891,6.0,131400,0.0,0.0
2014-10-01 00:00:00-04:00,5.929999828338623,5.949999809265137,5.5,5.679999828338623,141900,0.0,0.0
2014-10-02 00:00:00-04:00,5.650000095367432,5.920000076293945,5.5,5.820000171661377,85900,0.0,0.0
2014-10-03 00:00:00-04:00,5.829999923706055,6.110000133514404,5.480000019073486,5.550000190734863,124300,0.0,0.0
2014-10-06 00:00:00-04:00,5.639999866485596,6.110000133514404,5.179999828338623,5.360000133514404,122100,0.0,0.0
2014-10-07 00:00:00-04:00,5.320000171661377,5.599999904632568,5.300000190734863,5.349999904632568,30900,0.0,0.0
2014-10-08 00:00:00-04:00,5.380000114440918,5.590000152587891,5.0,5.190000057220459,81200,0.0,0.0
2014-10-09 00:00:00-04:00,5.309999942779541,5.360000133514404,5.079999923706055,5.179999828338623,49500,0.0,0.0
2014-10-10 00:00:00-04:00,5.190000057220459,5.409999847412109,5.0,5.25,70700,0.0,0.0
2014-10-13 00:00:00-04:00,5.269999980926514,5.5,4.809999942779541,5.380000114440918,152300,0.0,0.0
2014-10-14 00:00:00-04:00,5.420000076293945,5.420000076293945,5.090000152587891,5.199999809265137,26100,0.0,0.0
2014-10-15 00:00:00-04:00,5.050000190734863,5.230000019073486,4.920000076293945,5.170000076293945,73600,0.0,0.0
2014-10-16 00:00:00-04:00,5.130000114440918,5.25,5.010000228881836,5.239999771118164,34200,0.0,0.0
2014-10-17 00:00:00-04:00,5.260000228881836,5.650000095367432,5.25,5.579999923706055,107100,0.0,0.0
2014-10-20 00:00:00-04:00,5.769999980926514,5.769999980926514,5.260000228881836,5.380000114440918,63300,0.0,0.0
2014-10-21 00:00:00-04:00,5.369999885559082,5.760000228881836,5.010000228881836,5.679999828338623,98200,0.0,0.0
2014-10-22 00:00:00-04:00,5.599999904632568,5.670000076293945,5.460000038146973,5.53000020980835,70800,0.0,0.0
2014-10-23 00:00:00-04:00,5.550000190734863,5.550000190734863,5.400000095367432,5.480000019073486,34900,0.0,0.0
2014-10-24 00:00:00-04:00,5.550000190734863,5.550000190734863,5.389999866485596,5.480000019073486,57400,0.0,0.0
2014-10-27 00:00:00-04:00,5.449999809265137,5.650000095367432,5.360000133514404,5.590000152587891,72200,0.0,0.0
2014-10-28 00:00:00-04:00,5.650000095367432,5.800000190734863,5.5,5.650000095367432,95800,0.0,0.0
2014-10-29 00:00:00-04:00,5.630000114440918,5.75,5.420000076293945,5.440000057220459,44900,0.0,0.0
2014-10-30 00:00:00-04:00,5.400000095367432,5.489999771118164,5.389999866485596,5.400000095367432,100400,0.0,0.0
2014-10-31 00:00:00-04:00,5.480000019073486,5.5,5.25,5.320000171661377,29600,0.0,0.0
2014-11-03 00:00:00-05:00,5.400000095367432,5.610000133514404,5.320000171661377,5.5,70800,0.0,0.0
2014-11-04 00:00:00-05:00,5.5,5.800000190734863,5.46999979019165,5.71999979019165,129900,0.0,0.0
2014-11-05 00:00:00-05:00,5.75,5.75,5.550000190734863,5.570000171661377,48100,0.0,0.0
2014-11-06 00:00:00-05:00,5.550000190734863,5.650000095367432,5.369999885559082,5.480000019073486,55200,0.0,0.0
2014-11-07 00:00:00-05:00,5.449999809265137,5.619999885559082,5.400000095367432,5.559999942779541,30900,0.0,0.0
2014-11-10 00:00:00-05:00,5.619999885559082,5.650000095367432,5.539999961853027,5.599999904632568,24100,0.0,0.0
2014-11-11 00:00:00-05:00,5.670000076293945,5.690000057220459,5.5,5.679999828338623,16100,0.0,0.0
2014-11-12 00:00:00-05:00,5.679999828338623,5.679999828338623,5.5,5.619999885559082,29400,0.0,0.0
2014-11-13 00:00:00-05:00,5.670000076293945,5.679999828338623,5.53000020980835,5.590000152587891,11900,0.0,0.0
2014-11-14 00:00:00-05:00,5.559999942779541,5.949999809265137,5.559999942779541,5.949999809265137,127600,0.0,0.0
2014-11-17 00:00:00-05:00,5.909999847412109,5.989999771118164,5.809999942779541,5.860000133514404,35100,0.0,0.0
2014-11-18 00:00:00-05:00,5.800000190734863,6.190000057220459,5.800000190734863,6.079999923706055,213900,0.0,0.0
2014-11-19 00:00:00-05:00,6.119999885559082,6.199999809265137,5.949999809265137,6.050000190734863,60800,0.0,0.0
2014-11-20 00:00:00-05:00,6.0,6.199999809265137,5.809999942779541,5.820000171661377,149500,0.0,0.0
2014-11-21 00:00:00-05:00,5.929999828338623,5.929999828338623,5.559999942779541,5.730000019073486,75400,0.0,0.0
2014-11-24 00:00:00-05:00,5.809999942779541,5.929999828338623,5.71999979019165,5.849999904632568,23700,0.0,0.0
2014-11-25 00:00:00-05:00,5.889999866485596,5.909999847412109,5.849999904632568,5.880000114440918,12500,0.0,0.0
2014-11-26 00:00:00-05:00,5.889999866485596,5.900000095367432,5.840000152587891,5.889999866485596,16400,0.0,0.0
2014-11-28 00:00:00-05:00,5.909999847412109,5.949999809265137,5.820000171661377,5.849999904632568,16300,0.0,0.0
2014-12-01 00:00:00-05:00,5.840000152587891,5.920000076293945,5.820000171661377,5.909999847412109,31600,0.0,0.0
2014-12-02 00:00:00-05:00,5.920000076293945,6.25,5.900000095367432,6.25,192600,0.0,0.0
2014-12-03 00:00:00-05:00,6.289999961853027,6.760000228881836,6.179999828338623,6.75,258200,0.0,0.0
2014-12-04 00:00:00-05:00,6.900000095367432,7.739999771118164,6.75,7.739999771118164,597700,0.0,0.0
2014-12-05 00:00:00-05:00,7.75,7.75,7.019999980926514,7.170000076293945,197600,0.0,0.0
2014-12-08 00:00:00-05:00,7.0,7.449999809265137,6.789999961853027,6.809999942779541,88600,0.0,0.0
2014-12-09 00:00:00-05:00,6.389999866485596,6.679999828338623,5.5,6.679999828338623,238600,0.0,0.0
2014-12-10 00:00:00-05:00,6.849999904632568,6.849999904632568,6.5,6.599999904632568,102100,0.0,0.0
2014-12-11 00:00:00-05:00,6.599999904632568,6.699999809265137,6.539999961853027,6.630000114440918,73000,0.0,0.0
2014-12-12 00:00:00-05:00,6.599999904632568,6.679999828338623,6.269999980926514,6.489999771118164,101700,0.0,0.0
2014-12-15 00:00:00-05:00,6.46999979019165,6.710000038146973,6.420000076293945,6.579999923706055,46300,0.0,0.0
2014-12-16 00:00:00-05:00,6.5,6.5,6.21999979019165,6.340000152587891,40700,0.0,0.0
2014-12-17 00:00:00-05:00,6.389999866485596,6.510000228881836,5.96999979019165,6.0,188000,0.0,0.0
2014-12-18 00:00:00-05:00,6.0,6.340000152587891,5.829999923706055,6.019999980926514,109600,0.0,0.0
2014-12-19 00:00:00-05:00,6.059999942779541,6.409999847412109,5.920000076293945,6.150000095367432,94100,0.0,0.0
2014-12-22 00:00:00-05:00,6.190000057220459,6.489999771118164,6.159999847412109,6.28000020980835,50700,0.0,0.0
2014-12-23 00:00:00-05:00,6.320000171661377,6.320000171661377,6.039999961853027,6.199999809265137,21700,0.0,0.0
2014-12-24 00:00:00-05:00,6.199999809265137,6.199999809265137,6.110000133514404,6.130000114440918,8400,0.0,0.0
2014-12-26 00:00:00-05:00,6.199999809265137,6.239999771118164,6.019999980926514,6.199999809265137,14000,0.0,0.0
2014-12-29 00:00:00-05:00,6.130000114440918,6.260000228881836,6.130000114440918,6.210000038146973,28300,0.0,0.0
2014-12-30 00:00:00-05:00,6.289999961853027,6.650000095367432,6.28000020980835,6.559999942779541,90200,0.0,0.0
2014-12-31 00:00:00-05:00,6.639999866485596,6.989999771118164,6.639999866485596,6.960000038146973,151900,0.0,0.0
2015-01-02 00:00:00-05:00,7.03000020980835,7.940000057220459,6.880000114440918,7.630000114440918,251300,0.0,0.0
2015-01-05 00:00:00-05:00,7.639999866485596,7.639999866485596,7.0,7.300000190734863,149900,0.0,0.0
2015-01-06 00:00:00-05:00,7.309999942779541,7.349999904632568,7.099999904632568,7.099999904632568,84600,0.0,0.0
2015-01-07 00:00:00-05:00,7.130000114440918,7.570000171661377,7.130000114440918,7.53000020980835,140500,0.0,0.0
2015-01-08 00:00:00-05:00,7.599999904632568,7.75,7.369999885559082,7.579999923706055,84500,0.0,0.0
2015-01-09 00:00:00-05:00,7.650000095367432,7.650000095367432,7.320000171661377,7.369999885559082,49900,0.0,0.0
2015-01-12 00:00:00-05:00,7.340000152587891,7.349999904632568,7.099999904632568,7.349999904632568,54900,0.0,0.0
2015-01-13 00:00:00-05:00,7.269999980926514,7.440000057220459,7.179999828338623,7.429999828338623,36900,0.0,0.0
2015-01-14 00:00:00-05:00,7.300000190734863,7.360000133514404,6.900000095367432,6.949999809265137,63800,0.0,0.0
2015-01-15 00:00:00-05:00,6.949999809265137,6.960000038146973,6.650000095367432,6.880000114440918,35500,0.0,0.0
2015-01-16 00:00:00-05:00,6.789999961853027,7.079999923706055,6.619999885559082,6.829999923706055,60200,0.0,0.0
2015-01-20 00:00:00-05:00,6.809999942779541,7.400000095367432,6.760000228881836,7.110000133514404,66100,0.0,0.0
2015-01-21 00:00:00-05:00,7.130000114440918,7.130000114440918,6.800000190734863,6.900000095367432,34800,0.0,0.0
2015-01-22 00:00:00-05:00,6.75,7.130000114440918,6.730000019073486,6.860000133514404,25500,0.0,0.0
2015-01-23 00:00:00-05:00,6.909999847412109,7.099999904632568,6.849999904632568,6.849999904632568,41000,0.0,0.0
2015-01-26 00:00:00-05:00,6.849999904632568,7.050000190734863,6.849999904632568,6.849999904632568,13800,0.0,0.0
2015-01-27 00:00:00-05:00,6.869999885559082,7.090000152587891,6.599999904632568,7.090000152587891,50600,0.0,0.0
2015-01-28 00:00:00-05:00,7.0,7.179999828338623,6.920000076293945,7.119999885559082,36900,0.0,0.0
2015-01-29 00:00:00-05:00,7.119999885559082,7.650000095367432,7.019999980926514,7.480000019073486,145600,0.0,0.0
2015-01-30 00:00:00-05:00,7.460000038146973,7.860000133514404,7.170000076293945,7.420000076293945,185200,0.0,0.0
2015-02-02 00:00:00-05:00,7.460000038146973,7.5,7.289999961853027,7.329999923706055,15500,0.0,0.0
2015-02-03 00:00:00-05:00,7.349999904632568,7.449999809265137,7.050000190734863,7.079999923706055,55600,0.0,0.0
2015-02-04 00:00:00-05:00,7.039999961853027,7.190000057220459,7.03000020980835,7.110000133514404,20500,0.0,0.0
2015-02-05 00:00:00-05:00,7.159999847412109,7.190000057220459,7.099999904632568,7.190000057220459,26700,0.0,0.0
2015-02-06 00:00:00-05:00,7.21999979019165,7.340000152587891,7.119999885559082,7.269999980926514,31700,0.0,0.0
2015-02-09 00:00:00-05:00,7.210000038146973,7.309999942779541,6.920000076293945,7.21999979019165,86400,0.0,0.0
2015-02-10 00:00:00-05:00,7.369999885559082,7.420000076293945,7.0,7.289999961853027,110800,0.0,0.0
2015-02-11 00:00:00-05:00,7.5,8.319999694824219,7.369999885559082,8.319999694824219,384800,0.0,0.0
2015-02-12 00:00:00-05:00,8.350000381469727,8.350000381469727,7.900000095367432,8.15999984741211,103100,0.0,0.0
2015-02-13 00:00:00-05:00,8.119999885559082,8.350000381469727,8.050000190734863,8.229999542236328,62700,0.0,0.0
2015-02-17 00:00:00-05:00,8.399999618530273,8.489999771118164,8.050000190734863,8.25,230500,0.0,0.0
2015-02-18 00:00:00-05:00,8.359999656677246,8.359999656677246,8.109999656677246,8.1899995803833,16000,0.0,0.0
2015-02-19 00:00:00-05:00,8.289999961853027,8.319999694824219,8.100000381469727,8.3100004196167,30200,0.0,0.0
2015-02-20 00:00:00-05:00,8.329999923706055,8.329999923706055,8.1899995803833,8.289999961853027,21200,0.0,0.0
2015-02-23 00:00:00-05:00,8.199999809265137,8.369999885559082,8.039999961853027,8.369999885559082,42600,0.0,0.0
2015-02-24 00:00:00-05:00,8.399999618530273,8.729999542236328,8.300000190734863,8.470000267028809,105300,0.0,0.0
2015-02-25 00:00:00-05:00,8.489999771118164,8.529999732971191,8.15999984741211,8.430000305175781,46300,0.0,0.0
2015-02-26 00:00:00-05:00,8.350000381469727,8.489999771118164,8.199999809265137,8.4399995803833,28600,0.0,0.0
2015-02-27 00:00:00-05:00,8.510000228881836,8.510000228881836,8.270000457763672,8.390000343322754,24700,0.0,0.0
2015-03-02 00:00:00-05:00,8.369999885559082,8.6899995803833,8.029999732971191,8.260000228881836,77000,0.0,0.0
2015-03-03 00:00:00-05:00,8.220000267028809,8.479999542236328,8.0600004196167,8.449999809265137,40100,0.0,0.0
2015-03-04 00:00:00-05:00,8.380000114440918,8.380000114440918,8.0600004196167,8.319999694824219,23800,0.0,0.0
2015-03-05 00:00:00-05:00,8.260000228881836,8.4399995803833,8.0600004196167,8.390000343322754,33900,0.0,0.0
2015-03-06 00:00:00-05:00,8.3100004196167,8.329999923706055,8.0600004196167,8.079999923706055,38800,0.0,0.0
2015-03-09 00:00:00-04:00,8.010000228881836,8.34000015258789,8.010000228881836,8.180000305175781,34700,0.0,0.0
2015-03-10 00:00:00-04:00,8.119999885559082,8.279999732971191,7.920000076293945,8.170000076293945,50900,0.0,0.0
2015-03-11 00:00:00-04:00,8.09000015258789,8.149999618530273,7.929999828338623,8.029999732971191,31400,0.0,0.0
2015-03-12 00:00:00-04:00,8.0,8.029999732971191,7.53000020980835,7.789999961853027,90500,0.0,0.0
2015-03-13 00:00:00-04:00,7.789999961853027,7.960000038146973,7.559999942779541,7.829999923706055,77600,0.0,0.0
2015-03-16 00:00:00-04:00,7.760000228881836,7.96999979019165,7.739999771118164,7.739999771118164,27400,0.0,0.0
2015-03-17 00:00:00-04:00,7.699999809265137,7.909999847412109,7.550000190734863,7.869999885559082,47700,0.0,0.0
2015-03-18 00:00:00-04:00,7.739999771118164,7.929999828338623,7.599999904632568,7.820000171661377,10200,0.0,0.0
2015-03-19 00:00:00-04:00,7.880000114440918,7.900000095367432,7.599999904632568,7.630000114440918,22800,0.0,0.0
2015-03-20 00:00:00-04:00,7.599999904632568,8.050000190734863,7.599999904632568,7.670000076293945,70600,0.0,0.0
2015-03-23 00:00:00-04:00,7.71999979019165,7.960000038146973,7.670000076293945,7.760000228881836,16200,0.0,0.0
2015-03-24 00:00:00-04:00,7.849999904632568,7.980000019073486,7.75,7.760000228881836,23600,0.0,0.0
2015-03-25 00:00:00-04:00,7.789999961853027,7.889999866485596,7.639999866485596,7.699999809265137,34100,0.0,0.0
2015-03-26 00:00:00-04:00,7.519999980926514,7.639999866485596,7.5,7.570000171661377,19500,0.0,0.0
2015-03-27 00:00:00-04:00,7.559999942779541,7.570000171661377,7.349999904632568,7.429999828338623,35000,0.0,0.0
2015-03-30 00:00:00-04:00,7.420000076293945,7.440000057220459,7.050000190734863,7.289999961853027,47100,0.0,0.0
2015-03-31 00:00:00-04:00,7.260000228881836,7.28000020980835,6.96999979019165,7.190000057220459,27600,0.0,0.0
2015-04-01 00:00:00-04:00,7.190000057220459,7.190000057220459,6.579999923706055,6.909999847412109,55000,0.0,0.0
2015-04-02 00:00:00-04:00,6.809999942779541,7.650000095367432,6.809999942779541,7.25,99100,0.0,0.0
2015-04-06 00:00:00-04:00,7.25,7.5,7.21999979019165,7.389999866485596,12500,0.0,0.0
2015-04-07 00:00:00-04:00,7.5,7.659999847412109,7.5,7.510000228881836,9300,0.0,0.0
2015-04-08 00:00:00-04:00,7.590000152587891,7.670000076293945,7.409999847412109,7.420000076293945,20400,0.0,0.0
2015-04-09 00:00:00-04:00,7.619999885559082,7.639999866485596,7.489999771118164,7.519999980926514,17100,0.0,0.0
2015-04-10 00:00:00-04:00,7.599999904632568,7.889999866485596,7.519999980926514,7.769999980926514,24500,0.0,0.0
2015-04-13 00:00:00-04:00,7.78000020980835,7.840000152587891,7.690000057220459,7.840000152587891,18300,0.0,0.0
2015-04-14 00:00:00-04:00,7.840000152587891,7.840000152587891,7.690000057220459,7.760000228881836,4600,0.0,0.0
2015-04-15 00:00:00-04:00,7.949999809265137,8.119999885559082,7.809999942779541,7.820000171661377,60800,0.0,0.0
2015-04-16 00:00:00-04:00,7.800000190734863,8.0,7.800000190734863,7.880000114440918,13500,0.0,0.0
2015-04-17 00:00:00-04:00,7.889999866485596,8.050000190734863,7.699999809265137,7.909999847412109,14600,0.0,0.0
2015-04-20 00:00:00-04:00,8.0,8.079999923706055,7.829999923706055,7.900000095367432,23600,0.0,0.0
2015-04-21 00:00:00-04:00,8.0,8.550000190734863,7.940000057220459,8.300000190734863,54600,0.0,0.0
2015-04-22 00:00:00-04:00,8.369999885559082,8.420000076293945,8.079999923706055,8.09000015258789,29200,0.0,0.0
2015-04-23 00:00:00-04:00,8.109999656677246,8.229999542236328,8.039999961853027,8.149999618530273,15400,0.0,0.0
2015-04-24 00:00:00-04:00,8.130000114440918,8.270000457763672,8.050000190734863,8.0600004196167,14700,0.0,0.0
2015-04-27 00:00:00-04:00,8.100000381469727,8.289999961853027,8.09000015258789,8.289999961853027,9300,0.0,0.0
2015-04-28 00:00:00-04:00,8.220000267028809,8.329999923706055,8.039999961853027,8.199999809265137,70200,0.0,0.0
2015-04-29 00:00:00-04:00,8.199999809265137,8.199999809265137,7.400000095367432,7.809999942779541,117100,0.0,0.0
2015-04-30 00:00:00-04:00,7.769999980926514,7.860000133514404,7.260000228881836,7.420000076293945,60200,0.0,0.0
2015-05-01 00:00:00-04:00,7.409999847412109,8.260000228881836,7.309999942779541,8.229999542236328,97900,0.0,0.0
2015-05-04 00:00:00-04:00,8.25,8.539999961853027,7.809999942779541,8.4399995803833,160600,0.0,0.0
2015-05-05 00:00:00-04:00,8.949999809265137,9.850000381469727,8.899999618530273,9.079999923706055,1640000,0.0,0.0
2015-05-06 00:00:00-04:00,9.050000190734863,9.449999809265137,8.989999771118164,9.119999885559082,116900,0.0,0.0
2015-05-07 00:00:00-04:00,9.050000190734863,9.239999771118164,9.020000457763672,9.170000076293945,57300,0.0,0.0
2015-05-08 00:00:00-04:00,9.260000228881836,9.369999885559082,9.140000343322754,9.350000381469727,71300,0.0,0.0
2015-05-11 00:00:00-04:00,9.399999618530273,9.539999961853027,9.039999961853027,9.079999923706055,198700,0.0,0.0
2015-05-12 00:00:00-04:00,9.0600004196167,9.850000381469727,9.029999732971191,9.829999923706055,127800,0.0,0.0
2015-05-13 00:00:00-04:00,10.079999923706055,10.1899995803833,9.050000190734863,9.25,335700,0.0,0.0
2015-05-14 00:00:00-04:00,9.0600004196167,9.3100004196167,9.0,9.050000190734863,123400,0.0,0.0
2015-05-15 00:00:00-04:00,9.399999618530273,9.5,9.220000267028809,9.359999656677246,169700,0.0,0.0
2015-05-18 00:00:00-04:00,9.420000076293945,9.520000457763672,9.15999984741211,9.229999542236328,102900,0.0,0.0
2015-05-19 00:00:00-04:00,9.359999656677246,9.5,9.199999809265137,9.5,102600,0.0,0.0
2015-05-20 00:00:00-04:00,9.5,9.520000457763672,9.279999732971191,9.520000457763672,82400,0.0,0.0
2015-05-21 00:00:00-04:00,9.529999732971191,9.619999885559082,9.350000381469727,9.40999984741211,70500,0.0,0.0
2015-05-22 00:00:00-04:00,9.430000305175781,9.550000190734863,9.300000190734863,9.449999809265137,97800,0.0,0.0
2015-05-26 00:00:00-04:00,9.470000267028809,9.5,9.25,9.369999885559082,63400,0.0,0.0
2015-05-27 00:00:00-04:00,9.4399995803833,9.4399995803833,9.229999542236328,9.359999656677246,49000,0.0,0.0
2015-05-28 00:00:00-04:00,9.359999656677246,9.369999885559082,8.949999809265137,9.029999732971191,74800,0.0,0.0
2015-05-29 00:00:00-04:00,9.0,9.199999809265137,8.949999809265137,9.180000305175781,58200,0.0,0.0
2015-06-01 00:00:00-04:00,9.229999542236328,9.300000190734863,8.949999809265137,9.020000457763672,43700,0.0,0.0
2015-06-02 00:00:00-04:00,9.149999618530273,9.149999618530273,8.90999984741211,9.079999923706055,28000,0.0,0.0
2015-06-03 00:00:00-04:00,9.130000114440918,9.229999542236328,9.09000015258789,9.09000015258789,28400,0.0,0.0
2015-06-04 00:00:00-04:00,9.119999885559082,9.119999885559082,8.960000038146973,9.119999885559082,34300,0.0,0.0
2015-06-05 00:00:00-04:00,9.069999694824219,9.279999732971191,8.960000038146973,9.239999771118164,127800,0.0,0.0
2015-06-08 00:00:00-04:00,9.170000076293945,9.300000190734863,9.0,9.100000381469727,101700,0.0,0.0
2015-06-09 00:00:00-04:00,9.140000343322754,9.140000343322754,8.970000267028809,9.020000457763672,40300,0.0,0.0
2015-06-10 00:00:00-04:00,9.029999732971191,9.130000114440918,8.989999771118164,9.130000114440918,51800,0.0,0.0
2015-06-11 00:00:00-04:00,9.130000114440918,9.619999885559082,9.119999885559082,9.529999732971191,90800,0.0,0.0
2015-06-12 00:00:00-04:00,9.529999732971191,9.529999732971191,9.25,9.3100004196167,35600,0.0,0.0
2015-06-15 00:00:00-04:00,9.319999694824219,9.34000015258789,9.239999771118164,9.25,35200,0.0,0.0
2015-06-16 00:00:00-04:00,9.239999771118164,9.390000343322754,9.15999984741211,9.199999809265137,79900,0.0,0.0
2015-06-17 00:00:00-04:00,9.100000381469727,9.5,9.100000381469727,9.390000343322754,161500,0.0,0.0
2015-06-18 00:00:00-04:00,9.460000038146973,9.5,9.25,9.260000228881836,56200,0.0,0.0
2015-06-19 00:00:00-04:00,9.25,9.569999694824219,9.210000038146973,9.569999694824219,108700,0.0,0.0
2015-06-22 00:00:00-04:00,9.619999885559082,9.979999542236328,9.569999694824219,9.899999618530273,189700,0.0,0.0
2015-06-23 00:00:00-04:00,9.960000038146973,9.960000038146973,9.710000038146973,9.890000343322754,33200,0.0,0.0
2015-06-24 00:00:00-04:00,9.899999618530273,9.899999618530273,9.199999809265137,9.199999809265137,117500,0.0,0.0
2015-06-25 00:00:00-04:00,9.199999809265137,9.390000343322754,9.119999885559082,9.3100004196167,53500,0.0,0.0
2015-06-26 00:00:00-04:00,9.34000015258789,9.390000343322754,9.0,9.229999542236328,220700,0.0,0.0
2015-06-29 00:00:00-04:00,9.180000305175781,9.239999771118164,8.529999732971191,8.600000381469727,100800,0.0,0.0
2015-06-30 00:00:00-04:00,8.619999885559082,9.3100004196167,8.619999885559082,8.8100004196167,95600,0.0,0.0
2015-07-01 00:00:00-04:00,8.84000015258789,9.420000076293945,8.640000343322754,8.6899995803833,112500,0.0,0.0
2015-07-02 00:00:00-04:00,8.65999984741211,8.960000038146973,8.65999984741211,8.8100004196167,33300,0.0,0.0
2015-07-06 00:00:00-04:00,8.8100004196167,9.350000381469727,8.760000228881836,9.34000015258789,56000,0.0,0.0
2015-07-07 00:00:00-04:00,9.34000015258789,9.5,8.949999809265137,9.170000076293945,65700,0.0,0.0
2015-07-08 00:00:00-04:00,8.989999771118164,9.279999732971191,8.699999809265137,9.029999732971191,233500,0.0,0.0
2015-07-09 00:00:00-04:00,9.100000381469727,9.199999809265137,8.90999984741211,9.029999732971191,34700,0.0,0.0
2015-07-10 00:00:00-04:00,9.069999694824219,9.149999618530273,8.819999694824219,8.850000381469727,55100,0.0,0.0
2015-07-13 00:00:00-04:00,8.899999618530273,9.170000076293945,8.899999618530273,9.010000228881836,38700,0.0,0.0
2015-07-14 00:00:00-04:00,9.050000190734863,9.100000381469727,8.770000457763672,8.770000457763672,29000,0.0,0.0
2015-07-15 00:00:00-04:00,8.739999771118164,8.949999809265137,8.649999618530273,8.670000076293945,49600,0.0,0.0
2015-07-16 00:00:00-04:00,8.670000076293945,8.8100004196167,8.609999656677246,8.699999809265137,23800,0.0,0.0
2015-07-17 00:00:00-04:00,8.720000267028809,8.729999542236328,7.929999828338623,8.460000038146973,204000,0.0,0.0
2015-07-20 00:00:00-04:00,8.430000305175781,8.5,8.289999961853027,8.350000381469727,79200,0.0,0.0
2015-07-21 00:00:00-04:00,8.319999694824219,8.34000015258789,7.840000152587891,8.260000228881836,92600,0.0,0.0
2015-07-22 00:00:00-04:00,8.470000267028809,8.5,7.980000019073486,8.170000076293945,72400,0.0,0.0
2015-07-23 00:00:00-04:00,8.239999771118164,8.239999771118164,7.829999923706055,7.920000076293945,102900,0.0,0.0
2015-07-24 00:00:00-04:00,7.900000095367432,8.149999618530273,7.75,7.960000038146973,47700,0.0,0.0
2015-07-27 00:00:00-04:00,7.900000095367432,7.920000076293945,7.539999961853027,7.550000190734863,28800,0.0,0.0
2015-07-28 00:00:00-04:00,7.590000152587891,8.0,7.510000228881836,7.739999771118164,75300,0.0,0.0
2015-07-29 00:00:00-04:00,7.710000038146973,8.0,7.599999904632568,7.889999866485596,40500,0.0,0.0
2015-07-30 00:00:00-04:00,7.849999904632568,7.849999904632568,7.679999828338623,7.71999979019165,49000,0.0,0.0
2015-07-31 00:00:00-04:00,7.829999923706055,8.220000267028809,7.71999979019165,8.140000343322754,82100,0.0,0.0
2015-08-03 00:00:00-04:00,8.15999984741211,8.3100004196167,7.789999961853027,7.96999979019165,30300,0.0,0.0
2015-08-04 00:00:00-04:00,7.909999847412109,8.109999656677246,7.820000171661377,8.039999961853027,34900,0.0,0.0
2015-08-05 00:00:00-04:00,8.109999656677246,8.550000190734863,8.039999961853027,8.539999961853027,80200,0.0,0.0
2015-08-06 00:00:00-04:00,8.5600004196167,8.5600004196167,7.880000114440918,8.109999656677246,81700,0.0,0.0
2015-08-07 00:00:00-04:00,8.09000015258789,8.3100004196167,7.889999866485596,8.3100004196167,54000,0.0,0.0
2015-08-10 00:00:00-04:00,8.3100004196167,8.3100004196167,7.789999961853027,7.920000076293945,78200,0.0,0.0
2015-08-11 00:00:00-04:00,7.900000095367432,8.050000190734863,7.25,7.260000228881836,136700,0.0,0.0
2015-08-12 00:00:00-04:00,7.400000095367432,7.849999904632568,6.820000171661377,7.460000038146973,232700,0.0,0.0
2015-08-13 00:00:00-04:00,7.420000076293945,7.710000038146973,7.239999771118164,7.559999942779541,113800,0.0,0.0
2015-08-14 00:00:00-04:00,7.53000020980835,7.570000171661377,7.050000190734863,7.300000190734863,85400,0.0,0.0
2015-08-17 00:00:00-04:00,7.269999980926514,7.400000095367432,7.21999979019165,7.21999979019165,73300,0.0,0.0
2015-08-18 00:00:00-04:00,7.199999809265137,7.389999866485596,6.900000095367432,7.019999980926514,81700,0.0,0.0
2015-08-19 00:00:00-04:00,7.03000020980835,7.059999942779541,6.369999885559082,6.510000228881836,92000,0.0,0.0
2015-08-20 00:00:00-04:00,6.679999828338623,6.679999828338623,5.980000019073486,6.119999885559082,158300,0.0,0.0
2015-08-21 00:00:00-04:00,6.019999980926514,6.570000171661377,5.800000190734863,6.46999979019165,143100,0.0,0.0
2015-08-24 00:00:00-04:00,6.25,6.510000228881836,6.070000171661377,6.289999961853027,58000,0.0,0.0
2015-08-25 00:00:00-04:00,6.46999979019165,7.440000057220459,6.46999979019165,6.5,77000,0.0,0.0
2015-08-26 00:00:00-04:00,6.699999809265137,6.699999809265137,6.170000076293945,6.360000133514404,46900,0.0,0.0
2015-08-27 00:00:00-04:00,6.440000057220459,6.789999961853027,6.329999923706055,6.75,50400,0.0,0.0
2015-08-28 00:00:00-04:00,6.75,7.099999904632568,6.679999828338623,7.03000020980835,63400,0.0,0.0
2015-08-31 00:00:00-04:00,6.980000019073486,6.980000019073486,6.679999828338623,6.900000095367432,39900,0.0,0.0
2015-09-01 00:00:00-04:00,6.699999809265137,6.820000171661377,6.5,6.71999979019165,32300,0.0,0.0
2015-09-02 00:00:00-04:00,6.760000228881836,6.849999904632568,6.619999885559082,6.789999961853027,34000,0.0,0.0
2015-09-03 00:00:00-04:00,6.769999980926514,6.769999980926514,6.659999847412109,6.699999809265137,11900,0.0,0.0
2015-09-04 00:00:00-04:00,6.599999904632568,6.800000190734863,6.590000152587891,6.789999961853027,18800,0.0,0.0
2015-09-08 00:00:00-04:00,7.019999980926514,7.429999828338623,6.809999942779541,6.840000152587891,60600,0.0,0.0
2015-09-09 00:00:00-04:00,6.840000152587891,6.949999809265137,6.769999980926514,6.829999923706055,43600,0.0,0.0
2015-09-10 00:00:00-04:00,6.840000152587891,6.909999847412109,6.679999828338623,6.699999809265137,46300,0.0,0.0
2015-09-11 00:00:00-04:00,6.630000114440918,7.03000020980835,6.619999885559082,6.920000076293945,65200,0.0,0.0
2015-09-14 00:00:00-04:00,6.929999828338623,6.929999828338623,6.619999885559082,6.619999885559082,54600,0.0,0.0
2015-09-15 00:00:00-04:00,6.630000114440918,6.710000038146973,6.550000190734863,6.579999923706055,23800,0.0,0.0
2015-09-16 00:00:00-04:00,6.590000152587891,6.96999979019165,6.46999979019165,6.630000114440918,39600,0.0,0.0
2015-09-17 00:00:00-04:00,6.71999979019165,6.900000095367432,6.710000038146973,6.900000095367432,12300,0.0,0.0
2015-09-18 00:00:00-04:00,6.800000190734863,7.400000095367432,6.78000020980835,7.380000114440918,67100,0.0,0.0
2015-09-21 00:00:00-04:00,7.400000095367432,7.78000020980835,6.96999979019165,7.130000114440918,155700,0.0,0.0
2015-09-22 00:00:00-04:00,7.0,7.659999847412109,6.809999942779541,6.840000152587891,66600,0.0,0.0
2015-09-23 00:00:00-04:00,6.880000114440918,6.989999771118164,6.360000133514404,6.510000228881836,92200,0.0,0.0
2015-09-24 00:00:00-04:00,6.46999979019165,6.940000057220459,6.369999885559082,6.639999866485596,38700,0.0,0.0
2015-09-25 00:00:00-04:00,6.590000152587891,6.96999979019165,6.260000228881836,6.380000114440918,162600,0.0,0.0
2015-09-28 00:00:00-04:00,6.25,6.300000190734863,6.090000152587891,6.260000228881836,55000,0.0,0.0
2015-09-29 00:00:00-04:00,6.230000019073486,6.619999885559082,6.190000057220459,6.289999961853027,64200,0.0,0.0
2015-09-30 00:00:00-04:00,6.340000152587891,6.449999809265137,6.119999885559082,6.25,25000,0.0,0.0
2015-10-01 00:00:00-04:00,6.230000019073486,6.300000190734863,6.099999904632568,6.260000228881836,47900,0.0,0.0
2015-10-02 00:00:00-04:00,6.210000038146973,6.329999923706055,6.050000190734863,6.099999904632568,98400,0.0,0.0
2015-10-05 00:00:00-04:00,6.239999771118164,6.320000171661377,6.099999904632568,6.199999809265137,122900,0.0,0.0
2015-10-06 00:00:00-04:00,6.210000038146973,6.429999828338623,5.829999923706055,6.429999828338623,57700,0.0,0.0
2015-10-07 00:00:00-04:00,6.440000057220459,6.869999885559082,6.320000171661377,6.800000190734863,43300,0.0,0.0
2015-10-08 00:00:00-04:00,6.820000171661377,6.849999904632568,6.650000095367432,6.789999961853027,25900,0.0,0.0
2015-10-09 00:00:00-04:00,6.809999942779541,7.0,6.760000228881836,6.940000057220459,38800,0.0,0.0
2015-10-12 00:00:00-04:00,6.96999979019165,7.0,6.829999923706055,6.929999828338623,25300,0.0,0.0
2015-10-13 00:00:00-04:00,6.909999847412109,7.110000133514404,6.869999885559082,6.989999771118164,46300,0.0,0.0
2015-10-14 00:00:00-04:00,6.989999771118164,6.989999771118164,6.440000057220459,6.570000171661377,40900,0.0,0.0
2015-10-15 00:00:00-04:00,6.559999942779541,6.690000057220459,6.53000020980835,6.570000171661377,25700,0.0,0.0
2015-10-16 00:00:00-04:00,6.550000190734863,6.599999904632568,6.150000095367432,6.190000057220459,44000,0.0,0.0
2015-10-19 00:00:00-04:00,6.199999809265137,6.630000114440918,6.199999809265137,6.570000171661377,19800,0.0,0.0
2015-10-20 00:00:00-04:00,6.619999885559082,6.690000057220459,6.539999961853027,6.670000076293945,16000,0.0,0.0
2015-10-21 00:00:00-04:00,6.639999866485596,6.639999866485596,6.179999828338623,6.340000152587891,36100,0.0,0.0
2015-10-22 00:00:00-04:00,6.349999904632568,6.400000095367432,5.880000114440918,6.230000019073486,166100,0.0,0.0
2015-10-23 00:00:00-04:00,6.309999942779541,6.380000114440918,6.119999885559082,6.360000133514404,23000,0.0,0.0
2015-10-26 00:00:00-04:00,6.320000171661377,6.519999980926514,6.159999847412109,6.230000019073486,72700,0.0,0.0
2015-10-27 00:00:00-04:00,6.239999771118164,6.28000020980835,6.039999961853027,6.110000133514404,82200,0.0,0.0
2015-10-28 00:00:00-04:00,6.119999885559082,6.380000114440918,6.119999885559082,6.289999961853027,14500,0.0,0.0
2015-10-29 00:00:00-04:00,6.260000228881836,6.289999961853027,6.110000133514404,6.139999866485596,22800,0.0,0.0
2015-10-30 00:00:00-04:00,6.179999828338623,6.179999828338623,5.909999847412109,5.929999828338623,73500,0.0,0.0
2015-11-02 00:00:00-05:00,5.96999979019165,6.159999847412109,5.920000076293945,5.960000038146973,33300,0.0,0.0
2015-11-03 00:00:00-05:00,5.940000057220459,5.980000019073486,5.860000133514404,5.949999809265137,29800,0.0,0.0
2015-11-04 00:00:00-05:00,5.96999979019165,5.96999979019165,5.78000020980835,5.829999923706055,19000,0.0,0.0
2015-11-05 00:00:00-05:00,5.800000190734863,5.820000171661377,5.199999809265137,5.300000190734863,177000,0.0,0.0
2015-11-06 00:00:00-05:00,5.349999904632568,5.559999942779541,5.050000190734863,5.260000228881836,141000,0.0,0.0
2015-11-09 00:00:00-05:00,5.269999980926514,5.340000152587891,4.96999979019165,4.980000019073486,113300,0.0,0.0
2015-11-10 00:00:00-05:00,4.989999771118164,5.070000171661377,4.340000152587891,4.510000228881836,313100,0.0,0.0
2015-11-11 00:00:00-05:00,4.550000190734863,4.710000038146973,4.510000228881836,4.670000076293945,154900,0.0,0.0
2015-11-12 00:00:00-05:00,4.820000171661377,5.489999771118164,4.800000190734863,5.0,347200,0.0,0.0
2015-11-13 00:00:00-05:00,5.190000057220459,5.199999809265137,4.789999961853027,4.980000019073486,71900,0.0,0.0
2015-11-16 00:00:00-05:00,5.0,5.0,4.579999923706055,4.650000095367432,194900,0.0,0.0
2015-11-17 00:00:00-05:00,4.75,4.789999961853027,4.159999847412109,4.5,434200,0.0,0.0
2015-11-18 00:00:00-05:00,4.650000095367432,4.670000076293945,4.449999809265137,4.579999923706055,172500,0.0,0.0
2015-11-19 00:00:00-05:00,4.559999942779541,4.619999885559082,4.420000076293945,4.489999771118164,138400,0.0,0.0
2015-11-20 00:00:00-05:00,4.46999979019165,4.690000057220459,4.320000171661377,4.420000076293945,441900,0.0,0.0
2015-11-23 00:00:00-05:00,4.380000114440918,4.449999809265137,4.130000114440918,4.179999828338623,207800,0.0,0.0
2015-11-24 00:00:00-05:00,4.039999961853027,4.199999809265137,3.9000000953674316,4.150000095367432,297900,0.0,0.0
2015-11-25 00:00:00-05:00,4.190000057220459,4.480000019073486,4.039999961853027,4.429999828338623,145700,0.0,0.0
2015-11-27 00:00:00-05:00,4.440000057220459,4.699999809265137,4.400000095367432,4.659999847412109,31100,0.0,0.0
2015-11-30 00:00:00-05:00,4.710000038146973,4.75,4.409999847412109,4.519999980926514,97000,0.0,0.0
2015-12-01 00:00:00-05:00,4.53000020980835,4.829999923706055,4.5,4.789999961853027,206700,0.0,0.0
2015-12-02 00:00:00-05:00,4.78000020980835,4.78000020980835,4.610000133514404,4.650000095367432,166500,0.0,0.0
2015-12-03 00:00:00-05:00,4.690000057220459,4.800000190734863,4.489999771118164,4.739999771118164,117200,0.0,0.0
2015-12-04 00:00:00-05:00,4.730000019073486,5.0,4.53000020980835,4.929999828338623,133500,0.0,0.0
2015-12-07 00:00:00-05:00,4.929999828338623,5.0,4.5,4.619999885559082,94900,0.0,0.0
2015-12-08 00:00:00-05:00,4.619999885559082,4.849999904632568,4.489999771118164,4.78000020980835,49400,0.0,0.0
2015-12-09 00:00:00-05:00,4.900000095367432,4.900000095367432,4.03000020980835,4.360000133514404,365200,0.0,0.0
2015-12-10 00:00:00-05:00,4.320000171661377,4.409999847412109,4.210000038146973,4.360000133514404,95400,0.0,0.0
2015-12-11 00:00:00-05:00,4.349999904632568,4.409999847412109,4.210000038146973,4.360000133514404,127300,0.0,0.0
2015-12-14 00:00:00-05:00,4.340000152587891,4.579999923706055,4.269999980926514,4.400000095367432,57500,0.0,0.0
2015-12-15 00:00:00-05:00,4.429999828338623,4.670000076293945,4.360000133514404,4.670000076293945,115400,0.0,0.0
2015-12-16 00:00:00-05:00,4.739999771118164,4.739999771118164,4.400000095367432,4.46999979019165,80700,0.0,0.0
2015-12-17 00:00:00-05:00,4.449999809265137,4.519999980926514,4.309999942779541,4.380000114440918,93100,0.0,0.0
2015-12-18 00:00:00-05:00,4.380000114440918,4.730000019073486,4.380000114440918,4.710000038146973,158600,0.0,0.0
2015-12-21 00:00:00-05:00,4.71999979019165,4.840000152587891,4.429999828338623,4.590000152587891,151700,0.0,0.0
2015-12-22 00:00:00-05:00,4.539999961853027,4.769999980926514,4.53000020980835,4.699999809265137,70400,0.0,0.0
2015-12-23 00:00:00-05:00,4.710000038146973,4.849999904632568,4.630000114440918,4.789999961853027,26000,0.0,0.0
2015-12-24 00:00:00-05:00,4.639999866485596,4.980000019073486,4.639999866485596,4.849999904632568,62900,0.0,0.0
2015-12-28 00:00:00-05:00,4.860000133514404,4.940000057220459,4.590000152587891,4.690000057220459,79200,0.0,0.0
2015-12-29 00:00:00-05:00,4.619999885559082,4.739999771118164,4.489999771118164,4.489999771118164,92400,0.0,0.0
2015-12-30 00:00:00-05:00,4.510000228881836,4.610000133514404,4.340000152587891,4.570000171661377,30300,0.0,0.0
2015-12-31 00:00:00-05:00,4.550000190734863,4.829999923706055,4.420000076293945,4.800000190734863,98700,0.0,0.0
2016-01-04 00:00:00-05:00,4.710000038146973,4.980000019073486,4.46999979019165,4.880000114440918,88200,0.0,0.0
2016-01-05 00:00:00-05:00,4.860000133514404,5.28000020980835,4.860000133514404,5.170000076293945,95600,0.0,0.0
2016-01-06 00:00:00-05:00,5.050000190734863,5.159999847412109,4.920000076293945,5.130000114440918,71100,0.0,0.0
2016-01-07 00:00:00-05:00,5.050000190734863,5.079999923706055,4.730000019073486,4.730000019073486,112300,0.0,0.0
2016-01-08 00:00:00-05:00,4.789999961853027,4.900000095367432,4.679999828338623,4.710000038146973,62300,0.0,0.0
2016-01-11 00:00:00-05:00,4.690000057220459,4.78000020980835,4.670000076293945,4.730000019073486,28400,0.0,0.0
2016-01-12 00:00:00-05:00,4.71999979019165,4.829999923706055,4.659999847412109,4.699999809265137,23600,0.0,0.0
2016-01-13 00:00:00-05:00,4.670000076293945,4.679999828338623,4.360000133514404,4.510000228881836,54800,0.0,0.0
2016-01-14 00:00:00-05:00,4.5,4.5,4.150000095367432,4.150000095367432,105300,0.0,0.0
2016-01-15 00:00:00-05:00,4.099999904632568,4.170000076293945,3.8299999237060547,4.0,68000,0.0,0.0
2016-01-19 00:00:00-05:00,4.059999942779541,4.159999847412109,3.9600000381469727,4.150000095367432,24800,0.0,0.0
2016-01-20 00:00:00-05:00,4.119999885559082,4.130000114440918,3.859999895095825,4.079999923706055,44200,0.0,0.0
2016-01-21 00:00:00-05:00,4.059999942779541,4.110000133514404,3.9700000286102295,4.099999904632568,34800,0.0,0.0
2016-01-22 00:00:00-05:00,4.119999885559082,4.349999904632568,4.019999980926514,4.340000152587891,56100,0.0,0.0
2016-01-25 00:00:00-05:00,4.300000190734863,4.340000152587891,4.079999923706055,4.179999828338623,22000,0.0,0.0
2016-01-26 00:00:00-05:00,4.260000228881836,4.420000076293945,4.110000133514404,4.28000020980835,44300,0.0,0.0
2016-01-27 00:00:00-05:00,4.289999961853027,4.320000171661377,4.099999904632568,4.159999847412109,48400,0.0,0.0
2016-01-28 00:00:00-05:00,4.230000019073486,4.300000190734863,4.039999961853027,4.139999866485596,14400,0.0,0.0
2016-01-29 00:00:00-05:00,4.150000095367432,4.25,4.150000095367432,4.159999847412109,12700,0.0,0.0
2016-02-01 00:00:00-05:00,4.079999923706055,4.239999771118164,4.0,4.079999923706055,19800,0.0,0.0
2016-02-02 00:00:00-05:00,4.010000228881836,4.150000095367432,4.0,4.019999980926514,7900,0.0,0.0
2016-02-03 00:00:00-05:00,4.03000020980835,4.190000057220459,3.940000057220459,4.03000020980835,12800,0.0,0.0
2016-02-04 00:00:00-05:00,4.03000020980835,4.159999847412109,3.890000104904175,3.9100000858306885,4800,0.0,0.0
2016-02-05 00:00:00-05:00,4.210000038146973,4.210000038146973,3.890000104904175,3.9600000381469727,15000,0.0,0.0
2016-02-08 00:00:00-05:00,3.9100000858306885,3.9100000858306885,3.7899999618530273,3.8299999237060547,71200,0.0,0.0
2016-02-09 00:00:00-05:00,3.799999952316284,3.869999885559082,3.640000104904175,3.6700000762939453,74400,0.0,0.0
2016-02-10 00:00:00-05:00,3.690000057220459,3.690000057220459,3.4800000190734863,3.5,53900,0.0,0.0
2016-02-11 00:00:00-05:00,3.299999952316284,3.390000104904175,2.9200000762939453,3.0299999713897705,203900,0.0,0.0
2016-02-12 00:00:00-05:00,3.1600000858306885,3.490000009536743,3.1600000858306885,3.490000009536743,110300,0.0,0.0
2016-02-16 00:00:00-05:00,3.680000066757202,3.9800000190734863,3.509999990463257,3.930000066757202,116500,0.0,0.0
2016-02-17 00:00:00-05:00,4.0,4.190000057220459,3.759999990463257,4.110000133514404,57800,0.0,0.0
2016-02-18 00:00:00-05:00,4.139999866485596,4.139999866485596,4.039999961853027,4.119999885559082,41100,0.0,0.0
2016-02-19 00:00:00-05:00,4.130000114440918,4.28000020980835,4.099999904632568,4.139999866485596,16800,0.0,0.0
2016-02-22 00:00:00-05:00,4.079999923706055,4.170000076293945,3.9800000190734863,4.119999885559082,56700,0.0,0.0
2016-02-23 00:00:00-05:00,4.269999980926514,4.269999980926514,4.079999923706055,4.170000076293945,41700,0.0,0.0
2016-02-24 00:00:00-05:00,4.090000152587891,4.340000152587891,4.079999923706055,4.28000020980835,165000,0.0,0.0
2016-02-25 00:00:00-05:00,4.289999961853027,4.289999961853027,4.019999980926514,4.079999923706055,14100,0.0,0.0
2016-02-26 00:00:00-05:00,4.050000190734863,4.179999828338623,3.950000047683716,3.990000009536743,40500,0.0,0.0
2016-02-29 00:00:00-05:00,4.010000228881836,4.300000190734863,4.0,4.239999771118164,35300,0.0,0.0
2016-03-01 00:00:00-05:00,4.239999771118164,4.289999961853027,3.9800000190734863,4.179999828338623,16400,0.0,0.0
2016-03-02 00:00:00-05:00,4.190000057220459,4.349999904632568,4.110000133514404,4.260000228881836,28100,0.0,0.0
2016-03-03 00:00:00-05:00,4.340000152587891,4.590000152587891,4.329999923706055,4.570000171661377,45000,0.0,0.0
2016-03-04 00:00:00-05:00,4.599999904632568,4.659999847412109,4.340000152587891,4.349999904632568,56900,0.0,0.0
2016-03-07 00:00:00-05:00,4.400000095367432,4.5,4.349999904632568,4.389999866485596,36900,0.0,0.0
2016-03-08 00:00:00-05:00,4.360000133514404,4.519999980926514,4.300000190734863,4.309999942779541,46500,0.0,0.0
2016-03-09 00:00:00-05:00,4.349999904632568,4.5,4.28000020980835,4.329999923706055,5300,0.0,0.0
2016-03-10 00:00:00-05:00,4.320000171661377,4.440000057220459,4.110000133514404,4.119999885559082,26600,0.0,0.0
2016-03-11 00:00:00-05:00,4.159999847412109,4.46999979019165,4.159999847412109,4.21999979019165,45800,0.0,0.0
2016-03-14 00:00:00-04:00,4.239999771118164,4.369999885559082,4.159999847412109,4.21999979019165,8700,0.0,0.0
2016-03-15 00:00:00-04:00,4.190000057220459,4.199999809265137,4.079999923706055,4.079999923706055,18500,0.0,0.0
2016-03-16 00:00:00-04:00,4.059999942779541,4.239999771118164,3.75,3.950000047683716,30800,0.0,0.0
2016-03-17 00:00:00-04:00,3.930000066757202,4.010000228881836,3.8499999046325684,3.890000104904175,46000,0.0,0.0
2016-03-18 00:00:00-04:00,3.9200000762939453,4.119999885559082,3.890000104904175,3.990000009536743,35500,0.0,0.0
2016-03-21 00:00:00-04:00,4.0,4.449999809265137,4.0,4.210000038146973,75600,0.0,0.0
2016-03-22 00:00:00-04:00,4.0,4.150000095367432,3.9800000190734863,4.099999904632568,12400,0.0,0.0
2016-03-23 00:00:00-04:00,4.090000152587891,4.25,3.9600000381469727,3.9700000286102295,23700,0.0,0.0
2016-03-24 00:00:00-04:00,3.9800000190734863,4.210000038146973,3.930000066757202,4.0,26300,0.0,0.0
2016-03-28 00:00:00-04:00,4.019999980926514,4.090000152587891,3.799999952316284,3.940000057220459,59700,0.0,0.0
2016-03-29 00:00:00-04:00,3.930000066757202,4.090000152587891,3.869999885559082,4.039999961853027,34400,0.0,0.0
2016-03-30 00:00:00-04:00,4.070000171661377,4.190000057220459,4.0,4.070000171661377,14100,0.0,0.0
2016-03-31 00:00:00-04:00,4.03000020980835,4.099999904632568,3.9800000190734863,3.9800000190734863,8500,0.0,0.0
2016-04-01 00:00:00-04:00,3.9600000381469727,4.170000076293945,3.880000114440918,4.0,14500,0.0,0.0
2016-04-04 00:00:00-04:00,4.090000152587891,4.230000019073486,3.9000000953674316,3.9700000286102295,29500,0.0,0.0
2016-04-05 00:00:00-04:00,3.990000009536743,4.0,3.809999942779541,3.8299999237060547,53900,0.0,0.0
2016-04-06 00:00:00-04:00,3.8299999237060547,4.0,3.7799999713897705,3.869999885559082,97100,0.0,0.0
2016-04-07 00:00:00-04:00,3.880000114440918,3.950000047683716,3.799999952316284,3.809999942779541,43000,0.0,0.0
2016-04-08 00:00:00-04:00,3.859999895095825,3.9000000953674316,3.740000009536743,3.75,18100,0.0,0.0
2016-04-11 00:00:00-04:00,3.809999942779541,3.819999933242798,3.6600000858306885,3.6700000762939453,62200,0.0,0.0
2016-04-12 00:00:00-04:00,3.700000047683716,3.7799999713897705,3.6600000858306885,3.740000009536743,138200,0.0,0.0
2016-04-13 00:00:00-04:00,3.740000009536743,3.940000057220459,3.6500000953674316,3.9000000953674316,220300,0.0,0.0
2016-04-14 00:00:00-04:00,3.9100000858306885,4.159999847412109,3.859999895095825,4.110000133514404,111000,0.0,0.0
2016-04-15 00:00:00-04:00,4.119999885559082,4.230000019073486,4.019999980926514,4.039999961853027,8100,0.0,0.0
2016-04-18 00:00:00-04:00,4.070000171661377,4.139999866485596,3.9700000286102295,4.050000190734863,15400,0.0,0.0
2016-04-19 00:00:00-04:00,4.039999961853027,4.110000133514404,3.9700000286102295,4.050000190734863,21200,0.0,0.0
2016-04-20 00:00:00-04:00,4.03000020980835,4.079999923706055,3.809999942779541,3.8299999237060547,36100,0.0,0.0
2016-04-21 00:00:00-04:00,3.880000114440918,3.890000104904175,3.759999990463257,3.7899999618530273,21400,0.0,0.0
2016-04-22 00:00:00-04:00,3.759999990463257,3.890000104904175,3.700000047683716,3.700000047683716,26300,0.0,0.0
2016-04-25 00:00:00-04:00,3.7300000190734863,3.869999885559082,3.700000047683716,3.7100000381469727,27400,0.0,0.0
2016-04-26 00:00:00-04:00,3.7100000381469727,3.880000114440918,3.5799999237060547,3.5899999141693115,126200,0.0,0.0
2016-04-27 00:00:00-04:00,3.619999885559082,3.690000057220459,3.3399999141693115,3.5799999237060547,192600,0.0,0.0
2016-04-28 00:00:00-04:00,3.559999942779541,3.640000104904175,3.3499999046325684,3.390000104904175,41900,0.0,0.0
2016-04-29 00:00:00-04:00,3.4000000953674316,3.4600000381469727,3.0899999141693115,3.0899999141693115,120900,0.0,0.0
2016-05-02 00:00:00-04:00,3.140000104904175,3.299999952316284,3.140000104904175,3.2200000286102295,184300,0.0,0.0
2016-05-03 00:00:00-04:00,3.2100000381469727,3.390000104904175,3.180000066757202,3.2699999809265137,90300,0.0,0.0
2016-05-04 00:00:00-04:00,3.1600000858306885,3.3399999141693115,3.1500000953674316,3.1500000953674316,83600,0.0,0.0
2016-05-05 00:00:00-04:00,3.200000047683716,3.259999990463257,3.180000066757202,3.190000057220459,27300,0.0,0.0
2016-05-06 00:00:00-04:00,3.200000047683716,3.319999933242798,3.059999942779541,3.25,65600,0.0,0.0
2016-05-09 00:00:00-04:00,3.2200000286102295,3.75,3.2100000381469727,3.5299999713897705,69000,0.0,0.0
2016-05-10 00:00:00-04:00,3.5899999141693115,3.680000066757202,3.509999990463257,3.5799999237060547,26400,0.0,0.0
2016-05-11 00:00:00-04:00,3.5999999046325684,3.7200000286102295,3.5299999713897705,3.5899999141693115,155900,0.0,0.0
2016-05-12 00:00:00-04:00,3.5899999141693115,3.619999885559082,3.2699999809265137,3.319999933242798,73300,0.0,0.0
2016-05-13 00:00:00-04:00,3.319999933242798,3.3399999141693115,3.069999933242798,3.1500000953674316,144100,0.0,0.0
2016-05-16 00:00:00-04:00,3.190000057220459,3.25,3.0999999046325684,3.130000114440918,34000,0.0,0.0
2016-05-17 00:00:00-04:00,3.0899999141693115,3.259999990463257,3.0899999141693115,3.140000104904175,157600,0.0,0.0
2016-05-18 00:00:00-04:00,3.119999885559082,3.2100000381469727,2.950000047683716,2.990000009536743,133100,0.0,0.0
2016-05-19 00:00:00-04:00,3.049999952316284,3.049999952316284,2.75,2.869999885559082,165200,0.0,0.0
2016-05-20 00:00:00-04:00,2.940000057220459,3.059999942779541,2.799999952316284,2.8499999046325684,130500,0.0,0.0
2016-05-23 00:00:00-04:00,2.9200000762939453,3.1500000953674316,2.8499999046325684,3.049999952316284,184700,0.0,0.0
2016-05-24 00:00:00-04:00,3.109999895095825,3.549999952316284,3.0999999046325684,3.390000104904175,251700,0.0,0.0
2016-05-25 00:00:00-04:00,3.4700000286102295,3.5999999046325684,3.240000009536743,3.4100000858306885,132500,0.0,0.0
2016-05-26 00:00:00-04:00,3.380000114440918,3.509999990463257,3.2100000381469727,3.259999990463257,77600,0.0,0.0
2016-05-27 00:00:00-04:00,3.309999942779541,3.4100000858306885,3.119999885559082,3.2200000286102295,107200,0.0,0.0
2016-05-31 00:00:00-04:00,3.200000047683716,3.4100000858306885,3.1500000953674316,3.380000114440918,190500,0.0,0.0
2016-06-01 00:00:00-04:00,3.3499999046325684,3.509999990463257,3.2899999618530273,3.450000047683716,116700,0.0,0.0
2016-06-02 00:00:00-04:00,3.440000057220459,3.5199999809265137,3.319999933242798,3.3299999237060547,51300,0.0,0.0
2016-06-03 00:00:00-04:00,3.3299999237060547,3.5199999809265137,3.25,3.309999942779541,120900,0.0,0.0
2016-06-06 00:00:00-04:00,3.2699999809265137,3.5,3.2699999809265137,3.5,66700,0.0,0.0
2016-06-07 00:00:00-04:00,3.440000057220459,3.619999885559082,3.390000104904175,3.5199999809265137,119900,0.0,0.0
2016-06-08 00:00:00-04:00,3.549999952316284,3.640000104904175,3.5,3.609999895095825,49300,0.0,0.0
2016-06-09 00:00:00-04:00,3.5899999141693115,3.640000104904175,3.5,3.5999999046325684,68200,0.0,0.0
2016-06-10 00:00:00-04:00,3.549999952316284,3.5999999046325684,3.490000009536743,3.5399999618530273,73800,0.0,0.0
2016-06-13 00:00:00-04:00,3.640000104904175,3.640000104904175,3.390000104904175,3.430000066757202,63000,0.0,0.0
2016-06-14 00:00:00-04:00,3.3499999046325684,3.5399999618530273,3.3499999046325684,3.490000009536743,29000,0.0,0.0
2016-06-15 00:00:00-04:00,3.4800000190734863,3.5899999141693115,3.4000000953674316,3.4100000858306885,41700,0.0,0.0
2016-06-16 00:00:00-04:00,3.4000000953674316,3.490000009536743,3.359999895095825,3.4600000381469727,31800,0.0,0.0
2016-06-17 00:00:00-04:00,3.450000047683716,3.6500000953674316,3.390000104904175,3.509999990463257,71600,0.0,0.0
2016-06-20 00:00:00-04:00,3.559999942779541,3.6700000762939453,3.559999942779541,3.6700000762939453,24700,0.0,0.0
2016-06-21 00:00:00-04:00,3.640000104904175,3.680000066757202,3.549999952316284,3.549999952316284,12700,0.0,0.0
2016-06-22 00:00:00-04:00,3.6700000762939453,3.6700000762939453,3.4600000381469727,3.5,30300,0.0,0.0
2016-06-23 00:00:00-04:00,3.5299999713897705,3.6600000858306885,3.509999990463257,3.5199999809265137,6300,0.0,0.0
2016-06-24 00:00:00-04:00,3.4000000953674316,3.5799999237060547,3.4000000953674316,3.450000047683716,32400,0.0,0.0
2016-06-27 00:00:00-04:00,3.4800000190734863,3.490000009536743,3.3299999237060547,3.430000066757202,42900,0.0,0.0
2016-06-28 00:00:00-04:00,3.5899999141693115,3.5899999141693115,3.390000104904175,3.490000009536743,25400,0.0,0.0
2016-06-29 00:00:00-04:00,3.509999990463257,3.6700000762939453,3.4100000858306885,3.5,51500,0.0,0.0
2016-06-30 00:00:00-04:00,3.569999933242798,3.5999999046325684,3.490000009536743,3.490000009536743,23100,0.0,0.0
2016-07-01 00:00:00-04:00,3.5,3.5899999141693115,3.430000066757202,3.549999952316284,34200,0.0,0.0
2016-07-05 00:00:00-04:00,3.559999942779541,3.609999895095825,3.509999990463257,3.5799999237060547,26900,0.0,0.0
2016-07-06 00:00:00-04:00,3.5299999713897705,3.609999895095825,3.5,3.609999895095825,27100,0.0,0.0
2016-07-07 00:00:00-04:00,3.5799999237060547,3.680000066757202,3.569999933242798,3.619999885559082,6600,0.0,0.0
2016-07-08 00:00:00-04:00,3.700000047683716,3.8499999046325684,3.569999933242798,3.740000009536743,38200,0.0,0.0
2016-07-11 00:00:00-04:00,3.740000009536743,4.019999980926514,3.7300000190734863,4.0,105500,0.0,0.0
2016-07-12 00:00:00-04:00,3.9800000190734863,4.119999885559082,3.7699999809265137,4.010000228881836,68500,0.0,0.0
2016-07-13 00:00:00-04:00,4.0,4.03000020980835,3.9800000190734863,4.010000228881836,20100,0.0,0.0
2016-07-14 00:00:00-04:00,4.010000228881836,4.099999904632568,3.880000114440918,4.050000190734863,41100,0.0,0.0
2016-07-15 00:00:00-04:00,4.050000190734863,4.050000190734863,3.930000066757202,4.039999961853027,44800,0.0,0.0
2016-07-18 00:00:00-04:00,4.0,4.329999923706055,4.0,4.329999923706055,75700,0.0,0.0
2016-07-19 00:00:00-04:00,4.400000095367432,4.480000019073486,3.940000057220459,3.9800000190734863,150500,0.0,0.0
2016-07-20 00:00:00-04:00,4.059999942779541,4.210000038146973,4.0,4.210000038146973,53000,0.0,0.0
2016-07-21 00:00:00-04:00,4.159999847412109,4.320000171661377,3.990000009536743,4.320000171661377,35300,0.0,0.0
2016-07-22 00:00:00-04:00,4.269999980926514,4.449999809265137,4.159999847412109,4.389999866485596,33400,0.0,0.0
2016-07-25 00:00:00-04:00,4.309999942779541,4.369999885559082,4.010000228881836,4.03000020980835,42000,0.0,0.0
2016-07-26 00:00:00-04:00,4.079999923706055,4.099999904632568,3.9700000286102295,4.090000152587891,39200,0.0,0.0
2016-07-27 00:00:00-04:00,4.050000190734863,4.090000152587891,3.990000009536743,4.050000190734863,24800,0.0,0.0
2016-07-28 00:00:00-04:00,4.010000228881836,4.340000152587891,3.990000009536743,4.300000190734863,39100,0.0,0.0
2016-07-29 00:00:00-04:00,4.21999979019165,4.21999979019165,4.050000190734863,4.059999942779541,10200,0.0,0.0
2016-08-01 00:00:00-04:00,4.099999904632568,4.320000171661377,4.0,4.289999961853027,48500,0.0,0.0
2016-08-02 00:00:00-04:00,4.239999771118164,4.239999771118164,4.090000152587891,4.130000114440918,13200,0.0,0.0
2016-08-03 00:00:00-04:00,4.199999809265137,4.199999809265137,4.019999980926514,4.059999942779541,8900,0.0,0.0
2016-08-04 00:00:00-04:00,4.059999942779541,4.179999828338623,3.990000009536743,4.010000228881836,12100,0.0,0.0
2016-08-05 00:00:00-04:00,4.179999828338623,4.199999809265137,3.9600000381469727,4.03000020980835,14300,0.0,0.0
2016-08-08 00:00:00-04:00,4.099999904632568,4.179999828338623,3.9800000190734863,4.110000133514404,31700,0.0,0.0
2016-08-09 00:00:00-04:00,4.059999942779541,4.190000057220459,4.059999942779541,4.099999904632568,18500,0.0,0.0
2016-08-10 00:00:00-04:00,4.170000076293945,4.170000076293945,4.0,4.039999961853027,11300,0.0,0.0
2016-08-11 00:00:00-04:00,4.0,4.0,3.5,3.559999942779541,509400,0.0,0.0
2016-08-12 00:00:00-04:00,3.5799999237060547,3.609999895095825,3.3299999237060547,3.549999952316284,101000,0.0,0.0
2016-08-15 00:00:00-04:00,3.619999885559082,3.680000066757202,3.5299999713897705,3.630000114440918,141100,0.0,0.0
2016-08-16 00:00:00-04:00,3.680000066757202,3.75,3.5399999618530273,3.75,53800,0.0,0.0
2016-08-17 00:00:00-04:00,3.619999885559082,3.740000009536743,3.5299999713897705,3.5999999046325684,28800,0.0,0.0
2016-08-18 00:00:00-04:00,3.569999933242798,3.630000114440918,3.509999990463257,3.619999885559082,40000,0.0,0.0
2016-08-19 00:00:00-04:00,3.569999933242798,3.690000057220459,3.509999990463257,3.5999999046325684,87700,0.0,0.0
2016-08-22 00:00:00-04:00,3.5199999809265137,3.609999895095825,3.4600000381469727,3.5899999141693115,70700,0.0,0.0
2016-08-23 00:00:00-04:00,3.5999999046325684,3.740000009536743,3.559999942779541,3.5999999046325684,43300,0.0,0.0
2016-08-24 00:00:00-04:00,3.619999885559082,3.6500000953674316,3.4800000190734863,3.5199999809265137,20900,0.0,0.0
2016-08-25 00:00:00-04:00,3.569999933242798,3.569999933242798,3.490000009536743,3.5199999809265137,19800,0.0,0.0
2016-08-26 00:00:00-04:00,3.5999999046325684,3.630000114440918,3.369999885559082,3.4800000190734863,77900,0.0,0.0
2016-08-29 00:00:00-04:00,3.4200000762939453,3.5399999618530273,3.4000000953674316,3.450000047683716,107400,0.0,0.0
2016-08-30 00:00:00-04:00,3.4800000190734863,3.5199999809265137,3.450000047683716,3.490000009536743,28200,0.0,0.0
2016-08-31 00:00:00-04:00,3.490000009536743,3.490000009536743,3.4200000762939453,3.440000057220459,11100,0.0,0.0
2016-09-01 00:00:00-04:00,3.4200000762939453,3.440000057220459,3.369999885559082,3.4200000762939453,14600,0.0,0.0
2016-09-02 00:00:00-04:00,3.4800000190734863,3.5199999809265137,3.430000066757202,3.4700000286102295,23700,0.0,0.0
2016-09-06 00:00:00-04:00,3.509999990463257,3.5299999713897705,3.430000066757202,3.5299999713897705,47600,0.0,0.0
2016-09-07 00:00:00-04:00,3.490000009536743,3.6500000953674316,3.4700000286102295,3.5299999713897705,44400,0.0,0.0
2016-09-08 00:00:00-04:00,3.5399999618530273,3.75,3.440000057220459,3.75,70100,0.0,0.0
2016-09-09 00:00:00-04:00,3.7300000190734863,3.7300000190734863,3.4800000190734863,3.559999942779541,31600,0.0,0.0
2016-09-12 00:00:00-04:00,3.5,3.549999952316284,3.4100000858306885,3.4600000381469727,71000,0.0,0.0
2016-09-13 00:00:00-04:00,3.390000104904175,3.569999933242798,3.3499999046325684,3.490000009536743,86300,0.0,0.0
2016-09-14 00:00:00-04:00,3.490000009536743,3.5799999237060547,3.490000009536743,3.5399999618530273,24600,0.0,0.0
2016-09-15 00:00:00-04:00,3.5799999237060547,3.5999999046325684,3.509999990463257,3.5999999046325684,22900,0.0,0.0
2016-09-16 00:00:00-04:00,3.5199999809265137,3.7100000381469727,3.5199999809265137,3.5999999046325684,42300,0.0,0.0
2016-09-19 00:00:00-04:00,3.6500000953674316,3.690000057220459,3.5999999046325684,3.640000104904175,20400,0.0,0.0
2016-09-20 00:00:00-04:00,3.680000066757202,3.690000057220459,3.569999933242798,3.6500000953674316,9600,0.0,0.0
2016-09-21 00:00:00-04:00,3.640000104904175,3.680000066757202,3.5399999618530273,3.6500000953674316,26600,0.0,0.0
2016-09-22 00:00:00-04:00,3.5999999046325684,3.6600000858306885,3.5399999618530273,3.5399999618530273,30100,0.0,0.0
2016-09-23 00:00:00-04:00,3.609999895095825,3.6500000953674316,3.5399999618530273,3.5399999618530273,18400,0.0,0.0
2016-09-26 00:00:00-04:00,3.5199999809265137,3.559999942779541,3.359999895095825,3.390000104904175,109700,0.0,0.0
2016-09-27 00:00:00-04:00,3.359999895095825,3.5,3.3499999046325684,3.5,16800,0.0,0.0
2016-09-28 00:00:00-04:00,3.4200000762939453,3.490000009536743,3.369999885559082,3.369999885559082,21800,0.0,0.0
2016-09-29 00:00:00-04:00,3.4000000953674316,3.440000057220459,3.380000114440918,3.4200000762939453,24600,0.0,0.0
2016-09-30 00:00:00-04:00,3.4000000953674316,3.450000047683716,3.369999885559082,3.369999885559082,10200,0.0,0.0
2016-10-03 00:00:00-04:00,3.369999885559082,3.430000066757202,3.3499999046325684,3.430000066757202,21400,0.0,0.0
2016-10-04 00:00:00-04:00,3.440000057220459,3.450000047683716,3.3299999237060547,3.380000114440918,34900,0.0,0.0
2016-10-05 00:00:00-04:00,3.4000000953674316,3.4600000381469727,3.369999885559082,3.4000000953674316,50600,0.0,0.0
2016-10-06 00:00:00-04:00,3.3499999046325684,3.4000000953674316,3.1500000953674316,3.200000047683716,92400,0.0,0.0
2016-10-07 00:00:00-04:00,3.2899999618530273,3.2899999618530273,3.140000104904175,3.2300000190734863,29400,0.0,0.0
2016-10-10 00:00:00-04:00,3.25,3.3499999046325684,3.25,3.25,28100,0.0,0.0
2016-10-11 00:00:00-04:00,3.299999952316284,3.299999952316284,3.1500000953674316,3.200000047683716,33500,0.0,0.0
2016-10-12 00:00:00-04:00,3.299999952316284,3.450000047683716,3.200000047683716,3.450000047683716,23600,0.0,0.0
2016-10-13 00:00:00-04:00,3.299999952316284,3.4000000953674316,3.25,3.25,532700,0.0,0.0
2016-10-14 00:00:00-04:00,3.25,3.25,3.200000047683716,3.25,14800,0.0,0.0
2016-10-17 00:00:00-04:00,3.200000047683716,3.3499999046325684,2.8499999046325684,3.049999952316284,120500,0.0,0.0
2016-10-18 00:00:00-04:00,3.0399999618530273,3.049999952316284,2.9000000953674316,2.950000047683716,70100,0.0,0.0
2016-10-19 00:00:00-04:00,2.9700000286102295,3.299999952316284,2.950000047683716,3.25,26200,0.0,0.0
2016-10-20 00:00:00-04:00,3.200000047683716,3.25,3.069999933242798,3.200000047683716,98800,0.0,0.0
2016-10-21 00:00:00-04:00,3.049999952316284,3.200000047683716,3.049999952316284,3.200000047683716,22500,0.0,0.0
2016-10-24 00:00:00-04:00,3.200000047683716,3.299999952316284,3.0999999046325684,3.25,13500,0.0,0.0
2016-10-25 00:00:00-04:00,3.200000047683716,3.200000047683716,3.0999999046325684,3.0999999046325684,42900,0.0,0.0
2016-10-26 00:00:00-04:00,2.8499999046325684,3.1500000953674316,2.8499999046325684,3.0999999046325684,97300,0.0,0.0
2016-10-27 00:00:00-04:00,3.1500000953674316,3.200000047683716,3.0,3.0999999046325684,41100,0.0,0.0
2016-10-28 00:00:00-04:00,3.0899999141693115,3.1500000953674316,3.049999952316284,3.0799999237060547,34400,0.0,0.0
2016-10-31 00:00:00-04:00,3.049999952316284,3.1500000953674316,3.049999952316284,3.1500000953674316,17600,0.0,0.0
2016-11-01 00:00:00-04:00,3.0999999046325684,3.200000047683716,3.0999999046325684,3.0999999046325684,21700,0.0,0.0
2016-11-02 00:00:00-04:00,3.0999999046325684,3.1500000953674316,3.049999952316284,3.0999999046325684,51100,0.0,0.0
2016-11-03 00:00:00-04:00,3.049999952316284,3.0999999046325684,3.049999952316284,3.049999952316284,2000,0.0,0.0
2016-11-04 00:00:00-04:00,3.0799999237060547,3.0999999046325684,2.950000047683716,2.950000047683716,31500,0.0,0.0
2016-11-07 00:00:00-05:00,2.9000000953674316,3.049999952316284,2.8499999046325684,3.0,73400,0.0,0.0
2016-11-08 00:00:00-05:00,3.0999999046325684,3.1500000953674316,3.0,3.1500000953674316,14700,0.0,0.0
2016-11-09 00:00:00-05:00,3.0999999046325684,3.25,2.950000047683716,3.25,43700,0.0,0.0
2016-11-10 00:00:00-05:00,3.1500000953674316,3.25,3.0,3.0,46400,0.0,0.0
2016-11-11 00:00:00-05:00,3.0,3.0999999046325684,3.0,3.049999952316284,30400,0.0,0.0
2016-11-14 00:00:00-05:00,3.049999952316284,3.25,3.0,3.049999952316284,103800,0.0,0.0
2016-11-15 00:00:00-05:00,3.0999999046325684,3.200000047683716,3.0999999046325684,3.200000047683716,30100,0.0,0.0
2016-11-16 00:00:00-05:00,3.1500000953674316,3.25,3.1500000953674316,3.1500000953674316,18600,0.0,0.0
2016-11-17 00:00:00-05:00,3.200000047683716,3.25,3.180000066757202,3.2300000190734863,12900,0.0,0.0
2016-11-18 00:00:00-05:00,3.1700000762939453,3.25,3.0,3.049999952316284,58800,0.0,0.0
2016-11-21 00:00:00-05:00,3.049999952316284,3.200000047683716,3.0,3.1500000953674316,618200,0.0,0.0
2016-11-22 00:00:00-05:00,3.1500000953674316,3.200000047683716,3.049999952316284,3.1500000953674316,64600,0.0,0.0
2016-11-23 00:00:00-05:00,3.0999999046325684,3.200000047683716,3.049999952316284,3.200000047683716,13300,0.0,0.0
2016-11-25 00:00:00-05:00,3.1500000953674316,3.25,3.1500000953674316,3.25,9900,0.0,0.0
2016-11-28 00:00:00-05:00,3.25,3.25,3.0999999046325684,3.0999999046325684,71000,0.0,0.0
2016-11-29 00:00:00-05:00,3.0999999046325684,3.25,3.0999999046325684,3.0999999046325684,39500,0.0,0.0
2016-11-30 00:00:00-05:00,3.200000047683716,3.200000047683716,3.1500000953674316,3.200000047683716,35500,0.0,0.0
2016-12-01 00:00:00-05:00,3.1500000953674316,3.200000047683716,3.0,3.0,61200,0.0,0.0
2016-12-02 00:00:00-05:00,3.049999952316284,3.0999999046325684,3.0,3.049999952316284,56300,0.0,0.0
2016-12-05 00:00:00-05:00,3.049999952316284,3.0999999046325684,2.950000047683716,3.049999952316284,59500,0.0,0.0
2016-12-06 00:00:00-05:00,3.049999952316284,3.200000047683716,3.0,3.1500000953674316,49400,0.0,0.0
2016-12-07 00:00:00-05:00,3.1500000953674316,3.200000047683716,3.0999999046325684,3.0999999046325684,43000,0.0,0.0
2016-12-08 00:00:00-05:00,3.1500000953674316,3.25,3.0999999046325684,3.0999999046325684,147400,0.0,0.0
2016-12-09 00:00:00-05:00,3.299999952316284,3.299999952316284,3.0999999046325684,3.0999999046325684,58400,0.0,0.0
2016-12-12 00:00:00-05:00,3.1500000953674316,3.1500000953674316,3.0999999046325684,3.0999999046325684,59800,0.0,0.0
2016-12-13 00:00:00-05:00,3.1500000953674316,3.25,3.049999952316284,3.200000047683716,69200,0.0,0.0
2016-12-14 00:00:00-05:00,3.1500000953674316,3.1500000953674316,3.0999999046325684,3.0999999046325684,21100,0.0,0.0
2016-12-15 00:00:00-05:00,3.049999952316284,3.1500000953674316,3.049999952316284,3.0999999046325684,14700,0.0,0.0
2016-12-16 00:00:00-05:00,3.200000047683716,3.200000047683716,3.049999952316284,3.1500000953674316,51300,0.0,0.0
2016-12-19 00:00:00-05:00,3.0999999046325684,3.200000047683716,3.0999999046325684,3.1500000953674316,23200,0.0,0.0
2016-12-20 00:00:00-05:00,3.1500000953674316,3.1500000953674316,3.0999999046325684,3.0999999046325684,21700,0.0,0.0
2016-12-21 00:00:00-05:00,3.1500000953674316,3.200000047683716,3.049999952316284,3.049999952316284,31300,0.0,0.0
2016-12-22 00:00:00-05:00,3.0,3.049999952316284,2.9800000190734863,3.0,93700,0.0,0.0
2016-12-23 00:00:00-05:00,3.049999952316284,3.1500000953674316,3.0,3.0999999046325684,30000,0.0,0.0
2016-12-27 00:00:00-05:00,3.049999952316284,3.1500000953674316,3.049999952316284,3.1500000953674316,20300,0.0,0.0
2016-12-28 00:00:00-05:00,3.0999999046325684,3.0999999046325684,3.0,3.0,17300,0.0,0.0
2016-12-29 00:00:00-05:00,3.0999999046325684,3.0999999046325684,3.0,3.0,9600,0.0,0.0
2016-12-30 00:00:00-05:00,3.0,3.1500000953674316,3.0,3.1500000953674316,33700,0.0,0.0
2017-01-03 00:00:00-05:00,3.200000047683716,3.200000047683716,3.049999952316284,3.200000047683716,25100,0.0,0.0
2017-01-04 00:00:00-05:00,3.200000047683716,3.25,3.190000057220459,3.25,65400,0.0,0.0
2017-01-05 00:00:00-05:00,3.2100000381469727,3.549999952316284,3.200000047683716,3.549999952316284,66300,0.0,0.0
2017-01-06 00:00:00-05:00,3.5,3.5999999046325684,3.1500000953674316,3.25,77200,0.0,0.0
2017-01-09 00:00:00-05:00,3.25,3.4000000953674316,3.0999999046325684,3.1500000953674316,30500,0.0,0.0
2017-01-10 00:00:00-05:00,3.0999999046325684,3.299999952316284,3.0999999046325684,3.25,26200,0.0,0.0
2017-01-11 00:00:00-05:00,3.299999952316284,3.4000000953674316,3.200000047683716,3.3499999046325684,26800,0.0,0.0
2017-01-12 00:00:00-05:00,3.299999952316284,3.3499999046325684,3.25,3.2799999713897705,6700,0.0,0.0
2017-01-13 00:00:00-05:00,3.390000104904175,3.4000000953674316,3.309999942779541,3.3499999046325684,8300,0.0,0.0
2017-01-17 00:00:00-05:00,3.4000000953674316,3.4000000953674316,3.25,3.299999952316284,11100,0.0,0.0
2017-01-18 00:00:00-05:00,3.3499999046325684,3.4000000953674316,3.1500000953674316,3.1500000953674316,15600,0.0,0.0
2017-01-19 00:00:00-05:00,3.1700000762939453,3.25,3.059999942779541,3.1500000953674316,50600,0.0,0.0
2017-01-20 00:00:00-05:00,3.1500000953674316,3.299999952316284,3.049999952316284,3.1500000953674316,31800,0.0,0.0
2017-01-23 00:00:00-05:00,3.1500000953674316,3.200000047683716,3.049999952316284,3.0999999046325684,12800,0.0,0.0
2017-01-24 00:00:00-05:00,3.0999999046325684,3.25,3.0999999046325684,3.25,48200,0.0,0.0
2017-01-25 00:00:00-05:00,3.299999952316284,3.299999952316284,3.200000047683716,3.299999952316284,42000,0.0,0.0
2017-01-26 00:00:00-05:00,3.25,3.299999952316284,3.1500000953674316,3.1500000953674316,31700,0.0,0.0
2017-01-27 00:00:00-05:00,3.1500000953674316,3.25,3.0999999046325684,3.25,5400,0.0,0.0
2017-01-30 00:00:00-05:00,3.1500000953674316,3.25,3.1500000953674316,3.200000047683716,8500,0.0,0.0
2017-01-31 00:00:00-05:00,3.25,3.299999952316284,3.1500000953674316,3.200000047683716,12700,0.0,0.0
2017-02-01 00:00:00-05:00,3.1500000953674316,3.299999952316284,3.049999952316284,3.200000047683716,45000,0.0,0.0
2017-02-02 00:00:00-05:00,3.1500000953674316,3.25,3.1500000953674316,3.25,12100,0.0,0.0
2017-02-03 00:00:00-05:00,3.25,3.299999952316284,3.0999999046325684,3.200000047683716,8600,0.0,0.0
2017-02-06 00:00:00-05:00,3.200000047683716,3.25,3.049999952316284,3.1500000953674316,30400,0.0,0.0
2017-02-07 00:00:00-05:00,3.200000047683716,3.25,3.0999999046325684,3.25,14900,0.0,0.0
2017-02-08 00:00:00-05:00,3.200000047683716,3.25,3.0999999046325684,3.200000047683716,36200,0.0,0.0
2017-02-09 00:00:00-05:00,3.200000047683716,3.25,3.049999952316284,3.0999999046325684,34800,0.0,0.0
2017-02-10 00:00:00-05:00,3.049999952316284,3.25,3.049999952316284,3.25,22300,0.0,0.0
2017-02-13 00:00:00-05:00,3.25,3.25,3.1500000953674316,3.200000047683716,53300,0.0,0.0
2017-02-14 00:00:00-05:00,3.1500000953674316,3.1500000953674316,3.0999999046325684,3.1500000953674316,13400,0.0,0.0
2017-02-15 00:00:00-05:00,3.200000047683716,3.299999952316284,3.1500000953674316,3.180000066757202,71800,0.0,0.0
2017-02-16 00:00:00-05:00,3.200000047683716,3.299999952316284,3.200000047683716,3.200000047683716,53900,0.0,0.0
2017-02-17 00:00:00-05:00,3.25,3.25,3.1500000953674316,3.200000047683716,16600,0.0,0.0
2017-02-21 00:00:00-05:00,3.200000047683716,3.25,3.1500000953674316,3.1500000953674316,13100,0.0,0.0
2017-02-22 00:00:00-05:00,3.1500000953674316,3.1500000953674316,3.049999952316284,3.049999952316284,30300,0.0,0.0
2017-02-23 00:00:00-05:00,3.0999999046325684,3.1500000953674316,3.049999952316284,3.1500000953674316,12600,0.0,0.0
2017-02-24 00:00:00-05:00,3.049999952316284,3.0999999046325684,3.049999952316284,3.0999999046325684,15100,0.0,0.0
2017-02-27 00:00:00-05:00,3.049999952316284,3.0999999046325684,3.049999952316284,3.0999999046325684,15700,0.0,0.0
2017-02-28 00:00:00-05:00,3.049999952316284,3.1500000953674316,3.0,3.0,45400,0.0,0.0
2017-03-01 00:00:00-05:00,3.049999952316284,3.0999999046325684,3.049999952316284,3.049999952316284,14200,0.0,0.0
2017-03-02 00:00:00-05:00,3.0999999046325684,3.0999999046325684,3.049999952316284,3.049999952316284,12400,0.0,0.0
2017-03-03 00:00:00-05:00,3.049999952316284,3.0999999046325684,2.950000047683716,3.0,29400,0.0,0.0
2017-03-06 00:00:00-05:00,2.950000047683716,3.0,2.950000047683716,3.0,25800,0.0,0.0
2017-03-07 00:00:00-05:00,2.950000047683716,3.0,2.8499999046325684,2.9000000953674316,75100,0.0,0.0
2017-03-08 00:00:00-05:00,2.9000000953674316,3.0,2.9000000953674316,3.0,21400,0.0,0.0
2017-03-09 00:00:00-05:00,2.950000047683716,3.0,2.799999952316284,2.8499999046325684,70000,0.0,0.0
2017-03-10 00:00:00-05:00,2.8499999046325684,3.0,2.799999952316284,2.950000047683716,66300,0.0,0.0
2017-03-13 00:00:00-04:00,2.950000047683716,2.950000047683716,2.9000000953674316,2.9000000953674316,17800,0.0,0.0
2017-03-14 00:00:00-04:00,2.950000047683716,2.950000047683716,2.8499999046325684,2.9000000953674316,16500,0.0,0.0
2017-03-15 00:00:00-04:00,2.9000000953674316,2.9000000953674316,2.8499999046325684,2.8499999046325684,20200,0.0,0.0
2017-03-16 00:00:00-04:00,2.9000000953674316,2.9000000953674316,2.8499999046325684,2.9000000953674316,25100,0.0,0.0
2017-03-17 00:00:00-04:00,2.9000000953674316,2.950000047683716,2.8499999046325684,2.950000047683716,25900,0.0,0.0
2017-03-20 00:00:00-04:00,2.9000000953674316,3.1500000953674316,2.9000000953674316,3.1500000953674316,36000,0.0,0.0
2017-03-21 00:00:00-04:00,3.0999999046325684,3.25,3.0999999046325684,3.25,75900,0.0,0.0
2017-03-22 00:00:00-04:00,3.200000047683716,3.299999952316284,3.0999999046325684,3.0999999046325684,40400,0.0,0.0
2017-03-23 00:00:00-04:00,3.200000047683716,3.200000047683716,3.0799999237060547,3.0999999046325684,6000,0.0,0.0
2017-03-24 00:00:00-04:00,3.1500000953674316,3.1500000953674316,3.0,3.0999999046325684,7400,0.0,0.0
2017-03-27 00:00:00-04:00,3.0,3.200000047683716,3.0,3.0999999046325684,15900,0.0,0.0
2017-03-28 00:00:00-04:00,3.200000047683716,3.200000047683716,3.049999952316284,3.0999999046325684,12000,0.0,0.0
2017-03-29 00:00:00-04:00,3.049999952316284,3.1500000953674316,3.049999952316284,3.0999999046325684,7700,0.0,0.0
2017-03-30 00:00:00-04:00,3.0999999046325684,3.25,3.049999952316284,3.0999999046325684,14000,0.0,0.0
2017-03-31 00:00:00-04:00,3.200000047683716,3.25,3.049999952316284,3.1500000953674316,33500,0.0,0.0
2017-04-03 00:00:00-04:00,3.1500000953674316,3.3499999046325684,3.1500000953674316,3.200000047683716,76100,0.0,0.0
2017-04-04 00:00:00-04:00,3.200000047683716,3.4000000953674316,3.1500000953674316,3.25,41500,0.0,0.0
2017-04-05 00:00:00-04:00,3.299999952316284,3.4000000953674316,3.25,3.25,42900,0.0,0.0
2017-04-06 00:00:00-04:00,3.299999952316284,3.3499999046325684,3.299999952316284,3.3499999046325684,3600,0.0,0.0
2017-04-07 00:00:00-04:00,3.25,3.299999952316284,3.25,3.299999952316284,18900,0.0,0.0
2017-04-10 00:00:00-04:00,3.299999952316284,3.299999952316284,3.200000047683716,3.299999952316284,3100,0.0,0.0
2017-04-11 00:00:00-04:00,3.299999952316284,3.299999952316284,3.1500000953674316,3.1500000953674316,21000,0.0,0.0
2017-04-12 00:00:00-04:00,3.200000047683716,3.4000000953674316,3.200000047683716,3.299999952316284,4700,0.0,0.0
2017-04-13 00:00:00-04:00,3.2899999618530273,3.3499999046325684,3.2899999618530273,3.3499999046325684,9300,0.0,0.0
2017-04-17 00:00:00-04:00,3.3499999046325684,3.4000000953674316,3.259999990463257,3.4000000953674316,15800,0.0,0.0
2017-04-18 00:00:00-04:00,3.4000000953674316,3.4000000953674316,3.299999952316284,3.299999952316284,10000,0.0,0.0
2017-04-19 00:00:00-04:00,3.3499999046325684,3.3499999046325684,3.299999952316284,3.3499999046325684,1800,0.0,0.0
2017-04-20 00:00:00-04:00,3.2899999618530273,3.4000000953674316,3.25,3.299999952316284,12700,0.0,0.0
2017-04-21 00:00:00-04:00,3.3499999046325684,3.4000000953674316,3.1500000953674316,3.1500000953674316,22300,0.0,0.0
2017-04-24 00:00:00-04:00,3.2899999618530273,3.299999952316284,3.1500000953674316,3.25,67500,0.0,0.0
2017-04-25 00:00:00-04:00,3.1500000953674316,3.299999952316284,3.1500000953674316,3.2699999809265137,9700,0.0,0.0
2017-04-26 00:00:00-04:00,3.3499999046325684,3.4000000953674316,3.309999942779541,3.4000000953674316,35500,0.0,0.0
2017-04-27 00:00:00-04:00,3.4000000953674316,3.4000000953674316,3.299999952316284,3.299999952316284,5700,0.0,0.0
2017-04-28 00:00:00-04:00,3.3499999046325684,3.4000000953674316,3.299999952316284,3.4000000953674316,25100,0.0,0.0
2017-05-01 00:00:00-04:00,3.450000047683716,3.450000047683716,3.3499999046325684,3.450000047683716,7600,0.0,0.0
2017-05-02 00:00:00-04:00,3.450000047683716,3.450000047683716,3.4100000858306885,3.450000047683716,3600,0.0,0.0
2017-05-03 00:00:00-04:00,3.450000047683716,3.450000047683716,3.4000000953674316,3.450000047683716,3800,0.0,0.0
2017-05-04 00:00:00-04:00,3.450000047683716,3.450000047683716,3.3499999046325684,3.450000047683716,5900,0.0,0.0
2017-05-05 00:00:00-04:00,3.450000047683716,3.450000047683716,3.25,3.450000047683716,12900,0.0,0.0
2017-05-08 00:00:00-04:00,3.450000047683716,3.450000047683716,3.3499999046325684,3.4000000953674316,12400,0.0,0.0
2017-05-09 00:00:00-04:00,3.299999952316284,3.299999952316284,3.0,3.2300000190734863,37700,0.0,0.0
2017-05-10 00:00:00-04:00,3.25,3.299999952316284,3.25,3.299999952316284,7700,0.0,0.0
2017-05-11 00:00:00-04:00,3.200000047683716,3.5,3.1500000953674316,3.5,25900,0.0,0.0
2017-05-12 00:00:00-04:00,3.5,3.75,3.450000047683716,3.6500000953674316,57200,0.0,0.0
2017-05-15 00:00:00-04:00,3.75,3.7799999713897705,3.609999895095825,3.700000047683716,20200,0.0,0.0
2017-05-16 00:00:00-04:00,3.700000047683716,3.700000047683716,3.609999895095825,3.6500000953674316,5500,0.0,0.0
2017-05-17 00:00:00-04:00,3.5999999046325684,3.5999999046325684,3.4000000953674316,3.4000000953674316,24900,0.0,0.0
2017-05-18 00:00:00-04:00,3.450000047683716,3.450000047683716,3.299999952316284,3.299999952316284,8000,0.0,0.0
2017-05-19 00:00:00-04:00,3.299999952316284,3.450000047683716,3.299999952316284,3.450000047683716,15900,0.0,0.0
2017-05-22 00:00:00-04:00,3.3499999046325684,3.450000047683716,3.3499999046325684,3.4000000953674316,2800,0.0,0.0
2017-05-23 00:00:00-04:00,3.4000000953674316,3.4000000953674316,3.299999952316284,3.299999952316284,2100,0.0,0.0
2017-05-24 00:00:00-04:00,3.4100000858306885,3.5,3.4000000953674316,3.4100000858306885,14000,0.0,0.0
2017-05-25 00:00:00-04:00,3.5,3.5,3.4000000953674316,3.4000000953674316,7700,0.0,0.0
2017-05-26 00:00:00-04:00,3.4800000190734863,3.4800000190734863,3.3499999046325684,3.450000047683716,2500,0.0,0.0
2017-05-30 00:00:00-04:00,3.4000000953674316,3.5,3.4000000953674316,3.4000000953674316,2700,0.0,0.0
2017-05-31 00:00:00-04:00,3.4000000953674316,3.5,3.4000000953674316,3.5,8400,0.0,0.0
2017-06-01 00:00:00-04:00,3.5,3.5,3.3499999046325684,3.3499999046325684,4700,0.0,0.0
2017-06-02 00:00:00-04:00,3.4000000953674316,3.5,3.3499999046325684,3.4800000190734863,15300,0.0,0.0
2017-06-05 00:00:00-04:00,3.450000047683716,3.450000047683716,3.3499999046325684,3.3499999046325684,10200,0.0,0.0
2017-06-06 00:00:00-04:00,3.299999952316284,3.5,3.299999952316284,3.450000047683716,32400,0.0,0.0
2017-06-07 00:00:00-04:00,3.450000047683716,3.450000047683716,3.3499999046325684,3.4000000953674316,9200,0.0,0.0
2017-06-08 00:00:00-04:00,3.299999952316284,3.4000000953674316,3.299999952316284,3.4000000953674316,3800,0.0,0.0
2017-06-09 00:00:00-04:00,3.3499999046325684,3.4000000953674316,3.200000047683716,3.3299999237060547,8900,0.0,0.0
2017-06-12 00:00:00-04:00,3.299999952316284,3.4000000953674316,3.299999952316284,3.3499999046325684,14500,0.0,0.0
2017-06-13 00:00:00-04:00,3.299999952316284,3.299999952316284,3.25,3.2799999713897705,18100,0.0,0.0
2017-06-14 00:00:00-04:00,3.25,3.299999952316284,3.25,3.2799999713897705,11100,0.0,0.0
2017-06-15 00:00:00-04:00,3.25,3.299999952316284,3.200000047683716,3.25,9800,0.0,0.0
2017-06-16 00:00:00-04:00,3.25,3.5999999046325684,3.200000047683716,3.4000000953674316,17400,0.0,0.0
2017-06-19 00:00:00-04:00,3.3499999046325684,3.3499999046325684,3.200000047683716,3.299999952316284,27300,0.0,0.0
2017-06-20 00:00:00-04:00,3.2899999618530273,3.2899999618530273,3.1500000953674316,3.200000047683716,9700,0.0,0.0
2017-06-21 00:00:00-04:00,3.190000057220459,3.25,3.1500000953674316,3.200000047683716,17500,0.0,0.0
2017-06-22 00:00:00-04:00,3.25,3.3499999046325684,3.1500000953674316,3.200000047683716,34000,0.0,0.0
2017-06-23 00:00:00-04:00,3.299999952316284,3.299999952316284,3.1500000953674316,3.25,5400,0.0,0.0
2017-06-26 00:00:00-04:00,3.299999952316284,3.3299999237060547,3.200000047683716,3.299999952316284,23500,0.0,0.0
2017-06-27 00:00:00-04:00,3.299999952316284,3.450000047683716,3.25,3.450000047683716,31400,0.0,0.0
2017-06-28 00:00:00-04:00,3.3499999046325684,3.549999952316284,3.3499999046325684,3.450000047683716,49900,0.0,0.0
2017-06-29 00:00:00-04:00,3.450000047683716,3.5999999046325684,3.450000047683716,3.490000009536743,75300,0.0,0.0
2017-06-30 00:00:00-04:00,3.5399999618530273,3.5999999046325684,3.450000047683716,3.549999952316284,30300,0.0,0.0
2017-07-03 00:00:00-04:00,3.559999942779541,3.6500000953674316,3.549999952316284,3.549999952316284,4400,0.0,0.0
2017-07-05 00:00:00-04:00,3.549999952316284,3.549999952316284,3.450000047683716,3.450000047683716,19300,0.0,0.0
2017-07-06 00:00:00-04:00,3.549999952316284,3.549999952316284,3.450000047683716,3.549999952316284,12700,0.0,0.0
2017-07-07 00:00:00-04:00,3.5999999046325684,3.5999999046325684,3.5,3.5,11100,0.0,0.0
2017-07-10 00:00:00-04:00,3.450000047683716,3.5,3.4000000953674316,3.450000047683716,5500,0.0,0.0
2017-07-11 00:00:00-04:00,3.4000000953674316,3.549999952316284,3.4000000953674316,3.450000047683716,9600,0.0,0.0
2017-07-12 00:00:00-04:00,3.450000047683716,3.5299999713897705,3.450000047683716,3.450000047683716,1900,0.0,0.0
2017-07-13 00:00:00-04:00,3.450000047683716,3.5,3.450000047683716,3.450000047683716,4400,0.0,0.0
2017-07-14 00:00:00-04:00,3.4800000190734863,3.4800000190734863,3.4000000953674316,3.4000000953674316,4600,0.0,0.0
2017-07-17 00:00:00-04:00,3.4000000953674316,3.450000047683716,3.319999933242798,3.3499999046325684,600,0.0,0.0
2017-07-18 00:00:00-04:00,3.390000104904175,3.390000104904175,3.390000104904175,3.390000104904175,1200,0.0,0.0
2017-07-19 00:00:00-04:00,3.450000047683716,3.5299999713897705,3.4000000953674316,3.4000000953674316,22800,0.0,0.0
2017-07-20 00:00:00-04:00,3.5999999046325684,3.5999999046325684,3.4000000953674316,3.4000000953674316,22300,0.0,0.0
2017-07-21 00:00:00-04:00,3.450000047683716,3.5999999046325684,3.4000000953674316,3.5999999046325684,83500,0.0,0.0
2017-07-24 00:00:00-04:00,3.5999999046325684,3.6500000953674316,3.549999952316284,3.549999952316284,47800,0.0,0.0
2017-07-25 00:00:00-04:00,3.5,3.549999952316284,3.3499999046325684,3.3499999046325684,52500,0.0,0.0
2017-07-26 00:00:00-04:00,3.3499999046325684,3.450000047683716,3.3499999046325684,3.4000000953674316,11200,0.0,0.0
2017-07-27 00:00:00-04:00,3.4000000953674316,3.450000047683716,3.3499999046325684,3.3499999046325684,9300,0.0,0.0
2017-07-28 00:00:00-04:00,3.4000000953674316,3.5,3.3499999046325684,3.450000047683716,4600,0.0,0.0
2017-07-31 00:00:00-04:00,3.4000000953674316,3.5,3.3499999046325684,3.5,7000,0.0,0.0
2017-08-01 00:00:00-04:00,3.450000047683716,3.5,3.430000066757202,3.5,11700,0.0,0.0
2017-08-02 00:00:00-04:00,3.4100000858306885,3.5,3.4000000953674316,3.4000000953674316,32600,0.0,0.0
2017-08-03 00:00:00-04:00,3.450000047683716,3.5,3.4000000953674316,3.5,18400,0.0,0.0
2017-08-04 00:00:00-04:00,3.5,3.5,3.4000000953674316,3.4000000953674316,26700,0.0,0.0
2017-08-07 00:00:00-04:00,3.3499999046325684,3.5,3.3499999046325684,3.5,9400,0.0,0.0
2017-08-08 00:00:00-04:00,3.450000047683716,3.5,3.3499999046325684,3.4000000953674316,9800,0.0,0.0
2017-08-09 00:00:00-04:00,3.3499999046325684,3.440000057220459,3.299999952316284,3.299999952316284,20800,0.0,0.0
2017-08-10 00:00:00-04:00,3.4000000953674316,3.4000000953674316,3.200000047683716,3.25,12300,0.0,0.0
2017-08-11 00:00:00-04:00,3.0999999046325684,3.200000047683716,2.8499999046325684,2.9000000953674316,69100,0.0,0.0
2017-08-14 00:00:00-04:00,2.950000047683716,2.950000047683716,2.799999952316284,2.8499999046325684,35300,0.0,0.0
2017-08-15 00:00:00-04:00,2.75,2.8499999046325684,2.5999999046325684,2.8499999046325684,97200,0.0,0.0
2017-08-16 00:00:00-04:00,2.9000000953674316,2.9000000953674316,2.8499999046325684,2.8499999046325684,12800,0.0,0.0
2017-08-17 00:00:00-04:00,2.8499999046325684,2.950000047683716,2.8499999046325684,2.9000000953674316,24600,0.0,0.0
2017-08-18 00:00:00-04:00,2.9000000953674316,2.9000000953674316,2.75,2.8499999046325684,25400,0.0,0.0
2017-08-21 00:00:00-04:00,2.8499999046325684,2.8499999046325684,2.75,2.75,15100,0.0,0.0
2017-08-22 00:00:00-04:00,2.75,2.799999952316284,2.700000047683716,2.700000047683716,11000,0.0,0.0
2017-08-23 00:00:00-04:00,2.799999952316284,2.799999952316284,2.700000047683716,2.700000047683716,19300,0.0,0.0
2017-08-24 00:00:00-04:00,2.700000047683716,2.75,2.700000047683716,2.700000047683716,17600,0.0,0.0
2017-08-25 00:00:00-04:00,2.700000047683716,2.9000000953674316,2.700000047683716,2.9000000953674316,33000,0.0,0.0
2017-08-28 00:00:00-04:00,2.9000000953674316,2.9000000953674316,2.799999952316284,2.799999952316284,5800,0.0,0.0
2017-08-29 00:00:00-04:00,2.799999952316284,2.8499999046325684,2.799999952316284,2.8499999046325684,5600,0.0,0.0
2017-08-30 00:00:00-04:00,2.8499999046325684,2.8499999046325684,2.799999952316284,2.799999952316284,5800,0.0,0.0
2017-08-31 00:00:00-04:00,2.9000000953674316,2.9000000953674316,2.799999952316284,2.799999952316284,12400,0.0,0.0
2017-09-01 00:00:00-04:00,2.799999952316284,2.8499999046325684,2.7699999809265137,2.799999952316284,11600,0.0,0.0
2017-09-05 00:00:00-04:00,2.8499999046325684,2.9000000953674316,2.75,2.799999952316284,24200,0.0,0.0
2017-09-06 00:00:00-04:00,2.8499999046325684,3.0,2.7300000190734863,2.950000047683716,11400,0.0,0.0
2017-09-07 00:00:00-04:00,2.950000047683716,2.950000047683716,2.9000000953674316,2.950000047683716,9900,0.0,0.0
2017-09-08 00:00:00-04:00,2.950000047683716,3.0,2.8499999046325684,2.950000047683716,24500,0.0,0.0
2017-09-11 00:00:00-04:00,2.9000000953674316,3.0,2.890000104904175,3.0,30900,0.0,0.0
2017-09-12 00:00:00-04:00,3.0,3.0,2.9000000953674316,2.9000000953674316,6700,0.0,0.0
2017-09-13 00:00:00-04:00,3.0,3.0,2.799999952316284,2.8499999046325684,11200,0.0,0.0
2017-09-14 00:00:00-04:00,2.9000000953674316,3.0,2.5999999046325684,2.75,48100,0.0,0.0
2017-09-15 00:00:00-04:00,2.700000047683716,2.799999952316284,2.5,2.700000047683716,51200,0.0,0.0
2017-09-18 00:00:00-04:00,2.700000047683716,2.700000047683716,2.549999952316284,2.549999952316284,25800,0.0,0.0
2017-09-19 00:00:00-04:00,2.5999999046325684,2.6500000953674316,2.5999999046325684,2.5999999046325684,12800,0.0,0.0
2017-09-20 00:00:00-04:00,2.5999999046325684,2.680000066757202,2.5,2.680000066757202,97800,0.0,0.0
2017-09-21 00:00:00-04:00,2.700000047683716,2.7300000190734863,2.6500000953674316,2.6500000953674316,19700,0.0,0.0
2017-09-22 00:00:00-04:00,2.6500000953674316,2.700000047683716,2.6500000953674316,2.700000047683716,20600,0.0,0.0
2017-09-25 00:00:00-04:00,2.799999952316284,2.880000114440918,2.6500000953674316,2.8499999046325684,32600,0.0,0.0
2017-09-26 00:00:00-04:00,2.8499999046325684,2.880000114440918,2.799999952316284,2.8499999046325684,7300,0.0,0.0
2017-09-27 00:00:00-04:00,2.799999952316284,2.9000000953674316,2.700000047683716,2.700000047683716,6300,0.0,0.0
2017-09-28 00:00:00-04:00,2.75,2.9000000953674316,2.5999999046325684,2.75,30600,0.0,0.0
2017-09-29 00:00:00-04:00,2.700000047683716,2.799999952316284,2.700000047683716,2.700000047683716,4700,0.0,0.0
2017-10-02 00:00:00-04:00,2.75,2.950000047683716,2.740000009536743,2.8499999046325684,14300,0.0,0.0
2017-10-03 00:00:00-04:00,2.9000000953674316,3.0999999046325684,2.890000104904175,3.049999952316284,29400,0.0,0.0
2017-10-04 00:00:00-04:00,2.950000047683716,3.0999999046325684,2.950000047683716,3.049999952316284,16100,0.0,0.0
2017-10-05 00:00:00-04:00,3.0999999046325684,3.200000047683716,3.0999999046325684,3.1500000953674316,11400,0.0,0.0
2017-10-06 00:00:00-04:00,3.0999999046325684,3.1500000953674316,3.049999952316284,3.1500000953674316,5100,0.0,0.0
2017-10-09 00:00:00-04:00,3.0999999046325684,3.25,3.0999999046325684,3.1600000858306885,1400,0.0,0.0
2017-10-10 00:00:00-04:00,3.1500000953674316,3.190000057220459,3.0999999046325684,3.1500000953674316,1500,0.0,0.0
2017-10-11 00:00:00-04:00,3.0999999046325684,3.1500000953674316,3.049999952316284,3.049999952316284,6600,0.0,0.0
2017-10-12 00:00:00-04:00,3.049999952316284,3.049999952316284,3.0,3.0,21400,0.0,0.0
2017-10-13 00:00:00-04:00,2.950000047683716,3.0899999141693115,2.950000047683716,3.0,8800,0.0,0.0
2017-10-16 00:00:00-04:00,3.0,3.0999999046325684,3.0,3.049999952316284,7300,0.0,0.0
2017-10-17 00:00:00-04:00,3.0,3.0999999046325684,3.0,3.0999999046325684,3000,0.0,0.0
2017-10-18 00:00:00-04:00,3.0,3.0799999237060547,3.0,3.0,8500,0.0,0.0
2017-10-19 00:00:00-04:00,3.0399999618530273,3.1500000953674316,3.0,3.0,20100,0.0,0.0
2017-10-20 00:00:00-04:00,3.049999952316284,3.0999999046325684,3.049999952316284,3.0999999046325684,4500,0.0,0.0
2017-10-23 00:00:00-04:00,3.0999999046325684,3.0999999046325684,3.0,3.0999999046325684,4900,0.0,0.0
2017-10-24 00:00:00-04:00,3.0999999046325684,3.109999895095825,3.0,3.049999952316284,6600,0.0,0.0
2017-10-25 00:00:00-04:00,3.049999952316284,3.0799999237060547,3.0,3.049999952316284,2700,0.0,0.0
2017-10-26 00:00:00-04:00,3.049999952316284,3.049999952316284,2.9000000953674316,2.9000000953674316,15400,0.0,0.0
2017-10-27 00:00:00-04:00,2.950000047683716,2.950000047683716,2.609999895095825,2.8499999046325684,47200,0.0,0.0
2017-10-30 00:00:00-04:00,2.799999952316284,2.950000047683716,2.799999952316284,2.8499999046325684,9100,0.0,0.0
2017-10-31 00:00:00-04:00,2.799999952316284,2.9000000953674316,2.799999952316284,2.8499999046325684,6300,0.0,0.0
2017-11-01 00:00:00-04:00,2.9000000953674316,2.9000000953674316,2.7300000190734863,2.8499999046325684,1500,0.0,0.0
2017-11-02 00:00:00-04:00,2.8399999141693115,2.9000000953674316,2.759999990463257,2.799999952316284,3300,0.0,0.0
2017-11-03 00:00:00-04:00,2.75,2.9000000953674316,2.75,2.799999952316284,5200,0.0,0.0
2017-11-06 00:00:00-05:00,2.8499999046325684,2.8499999046325684,2.75,2.75,5300,0.0,0.0
2017-11-07 00:00:00-05:00,2.799999952316284,2.799999952316284,2.700000047683716,2.799999952316284,7800,0.0,0.0
2017-11-08 00:00:00-05:00,2.700000047683716,2.759999990463257,2.700000047683716,2.700000047683716,6500,0.0,0.0
2017-11-09 00:00:00-05:00,2.75,2.8499999046325684,2.700000047683716,2.700000047683716,13900,0.0,0.0
2017-11-10 00:00:00-05:00,2.700000047683716,2.799999952316284,2.700000047683716,2.700000047683716,7900,0.0,0.0
2017-11-13 00:00:00-05:00,2.700000047683716,2.7799999713897705,2.6500000953674316,2.700000047683716,7200,0.0,0.0
2017-11-14 00:00:00-05:00,2.799999952316284,2.799999952316284,2.6600000858306885,2.740000009536743,18900,0.0,0.0
2017-11-15 00:00:00-05:00,2.6600000858306885,2.7300000190734863,2.6600000858306885,2.700000047683716,5500,0.0,0.0
2017-11-16 00:00:00-05:00,2.7200000286102295,2.7200000286102295,2.5999999046325684,2.609999895095825,12300,0.0,0.0
2017-11-17 00:00:00-05:00,2.5999999046325684,2.6500000953674316,2.549999952316284,2.5999999046325684,22200,0.0,0.0
2017-11-20 00:00:00-05:00,2.6500000953674316,2.6500000953674316,2.549999952316284,2.630000114440918,18200,0.0,0.0
2017-11-21 00:00:00-05:00,2.7300000190734863,2.75,2.549999952316284,2.549999952316284,44300,0.0,0.0
2017-11-22 00:00:00-05:00,2.549999952316284,2.6500000953674316,2.549999952316284,2.5999999046325684,9900,0.0,0.0
2017-11-24 00:00:00-05:00,2.700000047683716,2.700000047683716,2.549999952316284,2.5999999046325684,9500,0.0,0.0
2017-11-27 00:00:00-05:00,2.5999999046325684,2.700000047683716,2.5899999141693115,2.5999999046325684,22600,0.0,0.0
2017-11-28 00:00:00-05:00,2.75,2.75,2.549999952316284,2.549999952316284,15800,0.0,0.0
2017-11-29 00:00:00-05:00,2.6600000858306885,2.700000047683716,2.549999952316284,2.5999999046325684,22200,0.0,0.0
2017-11-30 00:00:00-05:00,2.690000057220459,2.690000057220459,2.4800000190734863,2.549999952316284,30300,0.0,0.0
2017-12-01 00:00:00-05:00,2.549999952316284,2.549999952316284,2.25,2.3499999046325684,94000,0.0,0.0
2017-12-04 00:00:00-05:00,2.4000000953674316,2.5,2.3399999141693115,2.4600000381469727,51400,0.0,0.0
2017-12-05 00:00:00-05:00,2.450000047683716,2.5,2.450000047683716,2.5,23800,0.0,0.0
2017-12-06 00:00:00-05:00,2.5,2.549999952316284,2.450000047683716,2.5,22900,0.0,0.0
2017-12-07 00:00:00-05:00,2.5199999809265137,2.549999952316284,2.450000047683716,2.450000047683716,23200,0.0,0.0
2017-12-08 00:00:00-05:00,2.4800000190734863,2.799999952316284,2.4800000190734863,2.5,94100,0.0,0.0
2017-12-11 00:00:00-05:00,2.549999952316284,2.5999999046325684,2.450000047683716,2.5,35900,0.0,0.0
2017-12-12 00:00:00-05:00,2.5,2.700000047683716,2.5,2.5299999713897705,55700,0.0,0.0
2017-12-13 00:00:00-05:00,2.549999952316284,2.6500000953674316,2.5,2.5,59300,0.0,0.0
2017-12-14 00:00:00-05:00,2.549999952316284,2.549999952316284,2.25,2.299999952316284,152500,0.0,0.0
2017-12-15 00:00:00-05:00,2.4000000953674316,2.4000000953674316,2.299999952316284,2.3499999046325684,32100,0.0,0.0
2017-12-18 00:00:00-05:00,2.3499999046325684,2.4000000953674316,2.299999952316284,2.3499999046325684,49000,0.0,0.0
2017-12-19 00:00:00-05:00,2.4000000953674316,2.4000000953674316,2.3499999046325684,2.4000000953674316,42900,0.0,0.0
2017-12-20 00:00:00-05:00,2.4000000953674316,2.450000047683716,2.3499999046325684,2.4000000953674316,61200,0.0,0.0
2017-12-21 00:00:00-05:00,2.4000000953674316,2.4000000953674316,2.3499999046325684,2.3499999046325684,50800,0.0,0.0
2017-12-22 00:00:00-05:00,2.3499999046325684,2.4200000762939453,2.3499999046325684,2.4000000953674316,23300,0.0,0.0
2017-12-26 00:00:00-05:00,2.4000000953674316,2.450000047683716,2.3499999046325684,2.4000000953674316,8500,0.0,0.0
2017-12-27 00:00:00-05:00,2.3499999046325684,2.450000047683716,2.3499999046325684,2.3499999046325684,32400,0.0,0.0
2017-12-28 00:00:00-05:00,2.3499999046325684,2.4000000953674316,2.299999952316284,2.3499999046325684,71200,0.0,0.0
2017-12-29 00:00:00-05:00,2.4000000953674316,2.6500000953674316,2.3499999046325684,2.6500000953674316,155300,0.0,0.0
2018-01-02 00:00:00-05:00,2.6500000953674316,2.75,2.5,2.549999952316284,84100,0.0,0.0
2018-01-03 00:00:00-05:00,2.6700000762939453,2.700000047683716,2.559999942779541,2.6500000953674316,97200,0.0,0.0
2018-01-04 00:00:00-05:00,2.700000047683716,2.700000047683716,2.5,2.5999999046325684,35900,0.0,0.0
2018-01-05 00:00:00-05:00,2.549999952316284,2.5999999046325684,2.549999952316284,2.5999999046325684,12100,0.0,0.0
2018-01-08 00:00:00-05:00,2.549999952316284,2.6500000953674316,2.549999952316284,2.5799999237060547,14400,0.0,0.0
2018-01-09 00:00:00-05:00,2.549999952316284,2.5899999141693115,2.549999952316284,2.549999952316284,8700,0.0,0.0
2018-01-10 00:00:00-05:00,2.549999952316284,2.549999952316284,2.5,2.5299999713897705,10000,0.0,0.0
2018-01-11 00:00:00-05:00,2.549999952316284,2.549999952316284,2.5,2.549999952316284,30500,0.0,0.0
2018-01-12 00:00:00-05:00,2.549999952316284,2.6500000953674316,2.549999952316284,2.5999999046325684,27000,0.0,0.0
2018-01-16 00:00:00-05:00,2.549999952316284,2.6500000953674316,2.4000000953674316,2.5999999046325684,41000,0.0,0.0
2018-01-17 00:00:00-05:00,2.5999999046325684,2.5999999046325684,2.5,2.5999999046325684,37900,0.0,0.0
2018-01-18 00:00:00-05:00,2.5299999713897705,2.549999952316284,2.5,2.549999952316284,8400,0.0,0.0
2018-01-19 00:00:00-05:00,2.549999952316284,2.5999999046325684,2.5,2.549999952316284,13900,0.0,0.0
2018-01-22 00:00:00-05:00,2.549999952316284,2.549999952316284,2.5,2.5,9100,0.0,0.0
2018-01-23 00:00:00-05:00,2.5,2.549999952316284,2.450000047683716,2.549999952316284,21700,0.0,0.0
2018-01-24 00:00:00-05:00,2.450000047683716,2.5999999046325684,2.450000047683716,2.5,21400,0.0,0.0
2018-01-25 00:00:00-05:00,2.5,2.509999990463257,2.450000047683716,2.5,5600,0.0,0.0
2018-01-26 00:00:00-05:00,2.5,2.549999952316284,2.450000047683716,2.549999952316284,14500,0.0,0.0
2018-01-29 00:00:00-05:00,2.5999999046325684,2.5999999046325684,2.4800000190734863,2.5,8100,0.0,0.0
2018-01-30 00:00:00-05:00,2.549999952316284,2.549999952316284,2.309999942779541,2.4000000953674316,23300,0.0,0.0
2018-01-31 00:00:00-05:00,2.299999952316284,2.4200000762939453,2.299999952316284,2.3499999046325684,17600,0.0,0.0
2018-02-01 00:00:00-05:00,2.3499999046325684,2.4000000953674316,2.3499999046325684,2.4000000953674316,11400,0.0,0.0
2018-02-02 00:00:00-05:00,2.4000000953674316,2.4100000858306885,2.3499999046325684,2.4000000953674316,20400,0.0,0.0
2018-02-05 00:00:00-05:00,2.3399999141693115,2.3499999046325684,2.299999952316284,2.3499999046325684,20300,0.0,0.0
2018-02-06 00:00:00-05:00,2.3499999046325684,2.3499999046325684,2.25,2.3499999046325684,27400,0.0,0.0
2018-02-07 00:00:00-05:00,2.4000000953674316,2.549999952316284,2.3499999046325684,2.549999952316284,20600,0.0,0.0
2018-02-08 00:00:00-05:00,2.5,2.5999999046325684,2.5,2.5299999713897705,23700,0.0,0.0
2018-02-09 00:00:00-05:00,2.5,2.5999999046325684,2.450000047683716,2.450000047683716,26200,0.0,0.0
2018-02-12 00:00:00-05:00,2.450000047683716,2.5999999046325684,2.450000047683716,2.549999952316284,23600,0.0,0.0
2018-02-13 00:00:00-05:00,2.549999952316284,2.5999999046325684,2.5,2.549999952316284,20800,0.0,0.0
2018-02-14 00:00:00-05:00,2.5999999046325684,2.6500000953674316,2.549999952316284,2.5999999046325684,54200,0.0,0.0
2018-02-15 00:00:00-05:00,2.6500000953674316,2.6500000953674316,2.549999952316284,2.6500000953674316,33100,0.0,0.0
2018-02-16 00:00:00-05:00,2.640000104904175,2.6500000953674316,2.5999999046325684,2.5999999046325684,4900,0.0,0.0
2018-02-20 00:00:00-05:00,2.5999999046325684,2.5999999046325684,2.549999952316284,2.5999999046325684,9600,0.0,0.0
2018-02-21 00:00:00-05:00,2.559999942779541,2.6500000953674316,2.5,2.5999999046325684,6700,0.0,0.0
2018-02-22 00:00:00-05:00,2.5999999046325684,2.5999999046325684,2.559999942779541,2.5999999046325684,19900,0.0,0.0
2018-02-23 00:00:00-05:00,2.549999952316284,2.5999999046325684,2.5,2.559999942779541,4600,0.0,0.0
2018-02-26 00:00:00-05:00,2.5999999046325684,2.5999999046325684,2.549999952316284,2.549999952316284,14000,0.0,0.0
2018-02-27 00:00:00-05:00,2.5899999141693115,2.5999999046325684,2.549999952316284,2.5799999237060547,6600,0.0,0.0
2018-02-28 00:00:00-05:00,2.5999999046325684,2.700000047683716,2.569999933242798,2.5999999046325684,29900,0.0,0.0
2018-03-01 00:00:00-05:00,2.609999895095825,2.75,2.5999999046325684,2.5999999046325684,28300,0.0,0.0
2018-03-02 00:00:00-05:00,2.5999999046325684,2.75,2.549999952316284,2.700000047683716,23300,0.0,0.0
2018-03-05 00:00:00-05:00,2.75,2.75,2.6500000953674316,2.700000047683716,29900,0.0,0.0
2018-03-06 00:00:00-05:00,2.700000047683716,2.75,2.6500000953674316,2.700000047683716,72900,0.0,0.0
2018-03-07 00:00:00-05:00,2.6500000953674316,2.75,2.5999999046325684,2.6500000953674316,23500,0.0,0.0
2018-03-08 00:00:00-05:00,2.6600000858306885,2.75,2.6500000953674316,2.6500000953674316,13000,0.0,0.0
2018-03-09 00:00:00-05:00,2.680000066757202,2.75,2.5999999046325684,2.700000047683716,22600,0.0,0.0
2018-03-12 00:00:00-04:00,2.6500000953674316,2.75,2.6500000953674316,2.75,6500,0.0,0.0
2018-03-13 00:00:00-04:00,2.75,2.75,2.6500000953674316,2.6500000953674316,47500,0.0,0.0
2018-03-14 00:00:00-04:00,2.700000047683716,2.75,2.6500000953674316,2.6500000953674316,56100,0.0,0.0
2018-03-15 00:00:00-04:00,2.6500000953674316,2.950000047683716,2.6500000953674316,2.799999952316284,72000,0.0,0.0
2018-03-16 00:00:00-04:00,2.8499999046325684,3.299999952316284,2.8499999046325684,3.200000047683716,115100,0.0,0.0
2018-03-19 00:00:00-04:00,3.25,3.25,3.0,3.0,42300,0.0,0.0
2018-03-20 00:00:00-04:00,3.049999952316284,3.1500000953674316,2.950000047683716,2.950000047683716,53100,0.0,0.0
2018-03-21 00:00:00-04:00,2.950000047683716,3.0999999046325684,2.950000047683716,3.0,37100,0.0,0.0
2018-03-22 00:00:00-04:00,3.0,3.049999952316284,2.990000009536743,3.049999952316284,5900,0.0,0.0
2018-03-23 00:00:00-04:00,3.0999999046325684,3.0999999046325684,3.0,3.049999952316284,3600,0.0,0.0
2018-03-26 00:00:00-04:00,3.0999999046325684,3.0999999046325684,3.009999990463257,3.0399999618530273,22600,0.0,0.0
2018-03-27 00:00:00-04:00,3.0,3.0999999046325684,3.0,3.0999999046325684,27000,0.0,0.0
2018-03-28 00:00:00-04:00,3.0999999046325684,3.0999999046325684,3.0,3.0,24000,0.0,0.0
2018-03-29 00:00:00-04:00,3.0,3.0999999046325684,2.9000000953674316,3.049999952316284,43400,0.0,0.0
2018-04-02 00:00:00-04:00,3.0999999046325684,3.1500000953674316,3.049999952316284,3.049999952316284,17100,0.0,0.0
2018-04-03 00:00:00-04:00,3.1500000953674316,3.200000047683716,3.0899999141693115,3.1500000953674316,20800,0.0,0.0
2018-04-04 00:00:00-04:00,3.049999952316284,3.3499999046325684,3.049999952316284,3.3499999046325684,22000,0.0,0.0
2018-04-05 00:00:00-04:00,3.3499999046325684,3.4000000953674316,3.3399999141693115,3.3499999046325684,32100,0.0,0.0
2018-04-06 00:00:00-04:00,3.3499999046325684,3.5999999046325684,3.3499999046325684,3.549999952316284,24100,0.0,0.0
2018-04-09 00:00:00-04:00,3.5999999046325684,3.5999999046325684,3.4000000953674316,3.549999952316284,10300,0.0,0.0
2018-04-10 00:00:00-04:00,3.5999999046325684,3.5999999046325684,3.3499999046325684,3.4100000858306885,9900,0.0,0.0
2018-04-11 00:00:00-04:00,3.5,3.5999999046325684,3.4000000953674316,3.5999999046325684,9900,0.0,0.0
2018-04-12 00:00:00-04:00,3.5999999046325684,3.5999999046325684,3.450000047683716,3.450000047683716,6700,0.0,0.0
2018-04-13 00:00:00-04:00,3.4000000953674316,3.5999999046325684,3.4000000953674316,3.5,7900,0.0,0.0
2018-04-16 00:00:00-04:00,3.5,3.5,3.3499999046325684,3.450000047683716,3600,0.0,0.0
2018-04-17 00:00:00-04:00,3.450000047683716,3.549999952316284,3.450000047683716,3.450000047683716,4700,0.0,0.0
2018-04-18 00:00:00-04:00,3.4000000953674316,3.549999952316284,3.4000000953674316,3.4000000953674316,23000,0.0,0.0
2018-04-19 00:00:00-04:00,3.4000000953674316,3.450000047683716,3.299999952316284,3.450000047683716,7800,0.0,0.0
2018-04-20 00:00:00-04:00,3.4000000953674316,3.450000047683716,3.3499999046325684,3.4000000953674316,1600,0.0,0.0
2018-04-23 00:00:00-04:00,3.3499999046325684,3.3499999046325684,3.2100000381469727,3.25,7400,0.0,0.0
2018-04-24 00:00:00-04:00,3.25,3.299999952316284,3.1500000953674316,3.299999952316284,3500,0.0,0.0
2018-04-25 00:00:00-04:00,3.25,3.299999952316284,3.1600000858306885,3.25,17300,0.0,0.0
2018-04-26 00:00:00-04:00,3.299999952316284,3.299999952316284,3.200000047683716,3.200000047683716,9000,0.0,0.0
2018-04-27 00:00:00-04:00,3.200000047683716,3.299999952316284,3.200000047683716,3.299999952316284,2800,0.0,0.0
2018-04-30 00:00:00-04:00,3.299999952316284,3.299999952316284,3.2300000190734863,3.25,1700,0.0,0.0
2018-05-01 00:00:00-04:00,3.200000047683716,3.25,3.1500000953674316,3.200000047683716,11900,0.0,0.0
2018-05-02 00:00:00-04:00,3.1500000953674316,3.25,3.1500000953674316,3.200000047683716,1200,0.0,0.0
2018-05-03 00:00:00-04:00,3.200000047683716,3.25,3.200000047683716,3.2300000190734863,2300,0.0,0.0
2018-05-04 00:00:00-04:00,3.1500000953674316,3.299999952316284,3.1500000953674316,3.299999952316284,7200,0.0,0.0
2018-05-07 00:00:00-04:00,3.299999952316284,3.299999952316284,3.2100000381469727,3.299999952316284,11700,0.0,0.0
2018-05-08 00:00:00-04:00,3.25,3.299999952316284,3.25,3.299999952316284,9600,0.0,0.0
2018-05-09 00:00:00-04:00,3.2200000286102295,3.299999952316284,3.2200000286102295,3.299999952316284,4600,0.0,0.0
2018-05-10 00:00:00-04:00,3.299999952316284,3.299999952316284,3.200000047683716,3.299999952316284,9800,0.0,0.0
2018-05-11 00:00:00-04:00,3.200000047683716,3.299999952316284,3.200000047683716,3.2899999618530273,11000,0.0,0.0
2018-05-14 00:00:00-04:00,3.25,3.299999952316284,3.240000009536743,3.25,1000,0.0,0.0
2018-05-15 00:00:00-04:00,3.25,3.25,3.1500000953674316,3.1500000953674316,3700,0.0,0.0
2018-05-16 00:00:00-04:00,3.200000047683716,3.200000047683716,3.1500000953674316,3.1500000953674316,7700,0.0,0.0
2018-05-17 00:00:00-04:00,3.200000047683716,3.2799999713897705,3.1600000858306885,3.240000009536743,19000,0.0,0.0
2018-05-18 00:00:00-04:00,3.25,3.25,3.1700000762939453,3.25,20800,0.0,0.0
2018-05-21 00:00:00-04:00,3.2100000381469727,3.299999952316284,3.200000047683716,3.25,5900,0.0,0.0
2018-05-22 00:00:00-04:00,3.25,3.25,3.200000047683716,3.200000047683716,9700,0.0,0.0
2018-05-23 00:00:00-04:00,3.1500000953674316,3.200000047683716,3.0999999046325684,3.0999999046325684,11000,0.0,0.0
2018-05-24 00:00:00-04:00,3.1500000953674316,3.200000047683716,3.0999999046325684,3.200000047683716,1800,0.0,0.0
2018-05-25 00:00:00-04:00,3.1500000953674316,3.1500000953674316,3.0999999046325684,3.1500000953674316,15600,0.0,0.0
2018-05-29 00:00:00-04:00,3.1500000953674316,3.25,3.130000114440918,3.2300000190734863,13400,0.0,0.0
2018-05-30 00:00:00-04:00,3.200000047683716,3.25,3.200000047683716,3.200000047683716,9000,0.0,0.0
2018-05-31 00:00:00-04:00,3.25,3.4000000953674316,3.2300000190734863,3.299999952316284,23600,0.0,0.0
2018-06-01 00:00:00-04:00,3.299999952316284,3.75,3.299999952316284,3.75,51400,0.0,0.0
2018-06-04 00:00:00-04:00,3.75,3.75,3.5999999046325684,3.5999999046325684,39800,0.0,0.0
2018-06-05 00:00:00-04:00,3.700000047683716,3.700000047683716,3.549999952316284,3.5999999046325684,29400,0.0,0.0
2018-06-06 00:00:00-04:00,3.5,3.6500000953674316,3.5,3.5999999046325684,9800,0.0,0.0
2018-06-07 00:00:00-04:00,3.630000114440918,3.75,3.5,3.5,84600,0.0,0.0
2018-06-08 00:00:00-04:00,3.549999952316284,3.700000047683716,3.5,3.6500000953674316,43200,0.0,0.0
2018-06-11 00:00:00-04:00,3.75,3.950000047683716,3.7300000190734863,3.950000047683716,40400,0.0,0.0
2018-06-12 00:00:00-04:00,3.9000000953674316,4.050000190734863,3.75,3.75,46300,0.0,0.0
2018-06-13 00:00:00-04:00,3.700000047683716,3.75,3.6500000953674316,3.700000047683716,8700,0.0,0.0
2018-06-14 00:00:00-04:00,3.700000047683716,3.75,3.6600000858306885,3.700000047683716,17200,0.0,0.0
2018-06-15 00:00:00-04:00,3.700000047683716,3.700000047683716,3.559999942779541,3.6500000953674316,22400,0.0,0.0
2018-06-18 00:00:00-04:00,3.700000047683716,3.75,3.5999999046325684,3.6500000953674316,4800,0.0,0.0
2018-06-19 00:00:00-04:00,3.5999999046325684,3.5999999046325684,3.549999952316284,3.549999952316284,12600,0.0,0.0
2018-06-20 00:00:00-04:00,3.5999999046325684,3.7300000190734863,3.569999933242798,3.6500000953674316,27000,0.0,0.0
2018-06-21 00:00:00-04:00,3.700000047683716,3.8499999046325684,3.700000047683716,3.799999952316284,9700,0.0,0.0
2018-06-22 00:00:00-04:00,3.8499999046325684,3.8499999046325684,3.450000047683716,3.450000047683716,40300,0.0,0.0
2018-06-25 00:00:00-04:00,3.5,3.5999999046325684,3.4000000953674316,3.5,10700,0.0,0.0
2018-06-26 00:00:00-04:00,3.5,3.75,3.450000047683716,3.549999952316284,38500,0.0,0.0
2018-06-27 00:00:00-04:00,3.5,3.549999952316284,3.3499999046325684,3.4800000190734863,20700,0.0,0.0
2018-06-28 00:00:00-04:00,3.450000047683716,3.5,3.430000066757202,3.5,5000,0.0,0.0
2018-06-29 00:00:00-04:00,3.5999999046325684,3.75,3.4600000381469727,3.75,10800,0.0,0.0
2018-07-02 00:00:00-04:00,3.75,3.799999952316284,3.7200000286102295,3.75,9000,0.0,0.0
2018-07-03 00:00:00-04:00,3.75,3.75,3.700000047683716,3.700000047683716,800,0.0,0.0
2018-07-05 00:00:00-04:00,3.8499999046325684,3.8499999046325684,3.6500000953674316,3.8499999046325684,13300,0.0,0.0
2018-07-06 00:00:00-04:00,3.700000047683716,3.9000000953674316,3.700000047683716,3.9000000953674316,7100,0.0,0.0
2018-07-09 00:00:00-04:00,3.9000000953674316,3.9000000953674316,3.8499999046325684,3.8499999046325684,37600,0.0,0.0
2018-07-10 00:00:00-04:00,3.9000000953674316,4.300000190734863,3.9000000953674316,4.150000095367432,76200,0.0,0.0
2018-07-11 00:00:00-04:00,4.150000095367432,4.199999809265137,4.050000190734863,4.050000190734863,33500,0.0,0.0
2018-07-12 00:00:00-04:00,3.950000047683716,4.050000190734863,3.8499999046325684,3.950000047683716,12900,0.0,0.0
2018-07-13 00:00:00-04:00,3.9000000953674316,4.25,3.880000114440918,4.25,35800,0.0,0.0
2018-07-16 00:00:00-04:00,4.25,4.25,4.099999904632568,4.199999809265137,33400,0.0,0.0
2018-07-17 00:00:00-04:00,4.25,4.25,4.150000095367432,4.190000057220459,11000,0.0,0.0
2018-07-18 00:00:00-04:00,4.25,4.25,4.159999847412109,4.25,15900,0.0,0.0
2018-07-19 00:00:00-04:00,4.25,4.25,4.199999809265137,4.21999979019165,30200,0.0,0.0
2018-07-20 00:00:00-04:00,4.25,4.25,4.130000114440918,4.25,15900,0.0,0.0
2018-07-23 00:00:00-04:00,4.25,4.25,4.190000057220459,4.25,8200,0.0,0.0
2018-07-24 00:00:00-04:00,4.25,4.25,4.199999809265137,4.199999809265137,16200,0.0,0.0
2018-07-25 00:00:00-04:00,4.25,4.25,4.199999809265137,4.199999809265137,14900,0.0,0.0
2018-07-26 00:00:00-04:00,4.179999828338623,4.25,4.179999828338623,4.210000038146973,14000,0.0,0.0
2018-07-27 00:00:00-04:00,4.21999979019165,4.25,4.199999809265137,4.21999979019165,5200,0.0,0.0
2018-07-30 00:00:00-04:00,4.199999809265137,4.199999809265137,4.150000095367432,4.199999809265137,10800,0.0,0.0
2018-07-31 00:00:00-04:00,4.150000095367432,4.199999809265137,4.130000114440918,4.150000095367432,14700,0.0,0.0
2018-08-01 00:00:00-04:00,4.199999809265137,4.199999809265137,3.950000047683716,4.099999904632568,34800,0.0,0.0
2018-08-02 00:00:00-04:00,3.9100000858306885,4.150000095367432,3.9100000858306885,4.150000095367432,7300,0.0,0.0
2018-08-03 00:00:00-04:00,4.099999904632568,4.199999809265137,4.099999904632568,4.199999809265137,24400,0.0,0.0
2018-08-06 00:00:00-04:00,4.139999866485596,4.139999866485596,4.059999942779541,4.099999904632568,15400,0.0,0.0
2018-08-07 00:00:00-04:00,4.150000095367432,4.150000095367432,4.050000190734863,4.079999923706055,16800,0.0,0.0
2018-08-08 00:00:00-04:00,4.099999904632568,4.099999904632568,4.050000190734863,4.099999904632568,24400,0.0,0.0
2018-08-09 00:00:00-04:00,4.099999904632568,4.099999904632568,4.050000190734863,4.099999904632568,21600,0.0,0.0
2018-08-10 00:00:00-04:00,4.25,4.25,4.099999904632568,4.199999809265137,48500,0.0,0.0
2018-08-13 00:00:00-04:00,4.199999809265137,4.199999809265137,4.099999904632568,4.099999904632568,50600,0.0,0.0
2018-08-14 00:00:00-04:00,4.099999904632568,4.239999771118164,4.079999923706055,4.199999809265137,58700,0.0,0.0
2018-08-15 00:00:00-04:00,4.25,4.300000190734863,4.199999809265137,4.300000190734863,98500,0.0,0.0
2018-08-16 00:00:00-04:00,4.25,4.300000190734863,4.21999979019165,4.21999979019165,93300,0.0,0.0
2018-08-17 00:00:00-04:00,4.199999809265137,4.300000190734863,4.199999809265137,4.28000020980835,42800,0.0,0.0
2018-08-20 00:00:00-04:00,4.300000190734863,4.760000228881836,4.300000190734863,4.679999828338623,218600,0.0,0.0
2018-08-21 00:00:00-04:00,4.75,4.800000190734863,4.650000095367432,4.75,90800,0.0,0.0
2018-08-22 00:00:00-04:00,4.800000190734863,4.800000190734863,4.599999904632568,4.699999809265137,59400,0.0,0.0
2018-08-23 00:00:00-04:00,4.800000190734863,5.25,4.699999809265137,5.150000095367432,105400,0.0,0.0
2018-08-24 00:00:00-04:00,5.199999809265137,5.199999809265137,4.800000190734863,4.849999904632568,52500,0.0,0.0
2018-08-27 00:00:00-04:00,4.900000095367432,5.150000095367432,4.900000095367432,5.099999904632568,40300,0.0,0.0
2018-08-28 00:00:00-04:00,5.150000095367432,5.199999809265137,5.099999904632568,5.099999904632568,32500,0.0,0.0
2018-08-29 00:00:00-04:00,5.150000095367432,5.25,5.099999904632568,5.159999847412109,26300,0.0,0.0
2018-08-30 00:00:00-04:00,5.150000095367432,5.199999809265137,5.099999904632568,5.099999904632568,19000,0.0,0.0
2018-08-31 00:00:00-04:00,5.130000114440918,5.150000095367432,4.849999904632568,4.900000095367432,26800,0.0,0.0
2018-09-04 00:00:00-04:00,4.900000095367432,4.949999809265137,4.75,4.880000114440918,20600,0.0,0.0
2018-09-05 00:00:00-04:00,4.849999904632568,4.849999904632568,4.690000057220459,4.71999979019165,19100,0.0,0.0
2018-09-06 00:00:00-04:00,4.75,4.900000095367432,4.75,4.900000095367432,16700,0.0,0.0
2018-09-07 00:00:00-04:00,4.880000114440918,5.050000190734863,4.800000190734863,4.949999809265137,26300,0.0,0.0
2018-09-10 00:00:00-04:00,5.099999904632568,5.199999809265137,5.099999904632568,5.150000095367432,57500,0.0,0.0
2018-09-11 00:00:00-04:00,5.199999809265137,5.199999809265137,5.0,5.0,13800,0.0,0.0
2018-09-12 00:00:00-04:00,5.050000190734863,5.099999904632568,4.75,4.849999904632568,25300,0.0,0.0
2018-09-13 00:00:00-04:00,4.800000190734863,4.849999904632568,4.650000095367432,4.75,28900,0.0,0.0
2018-09-14 00:00:00-04:00,4.699999809265137,4.849999904632568,4.699999809265137,4.75,9200,0.0,0.0
2018-09-17 00:00:00-04:00,4.75,4.900000095367432,4.71999979019165,4.849999904632568,31600,0.0,0.0
2018-09-18 00:00:00-04:00,4.75,4.949999809265137,4.75,4.900000095367432,22600,0.0,0.0
2018-09-19 00:00:00-04:00,5.050000190734863,5.050000190734863,4.800000190734863,4.949999809265137,41100,0.0,0.0
2018-09-20 00:00:00-04:00,4.900000095367432,5.099999904632568,4.900000095367432,4.949999809265137,23700,0.0,0.0
2018-09-21 00:00:00-04:00,4.849999904632568,5.050000190734863,4.800000190734863,5.050000190734863,40600,0.0,0.0
2018-09-24 00:00:00-04:00,5.099999904632568,5.099999904632568,4.800000190734863,4.949999809265137,40500,0.0,0.0
2018-09-25 00:00:00-04:00,4.900000095367432,4.900000095367432,4.800000190734863,4.880000114440918,15300,0.0,0.0
2018-09-26 00:00:00-04:00,4.849999904632568,4.880000114440918,4.349999904632568,4.349999904632568,46800,0.0,0.0
2018-09-27 00:00:00-04:00,4.449999809265137,4.75,4.449999809265137,4.699999809265137,28700,0.0,0.0
2018-09-28 00:00:00-04:00,4.75,4.949999809265137,4.550000190734863,4.650000095367432,21100,0.0,0.0
2018-10-01 00:00:00-04:00,4.659999847412109,4.699999809265137,4.46999979019165,4.5,53600,0.0,0.0
2018-10-02 00:00:00-04:00,4.5,4.670000076293945,4.480000019073486,4.570000171661377,29600,0.0,0.0
2018-10-03 00:00:00-04:00,4.579999923706055,4.610000133514404,4.519999980926514,4.550000190734863,15200,0.0,0.0
2018-10-04 00:00:00-04:00,4.550000190734863,4.71999979019165,4.53000020980835,4.550000190734863,26800,0.0,0.0
2018-10-05 00:00:00-04:00,4.590000152587891,4.71999979019165,4.5,4.550000190734863,24100,0.0,0.0
2018-10-08 00:00:00-04:00,4.480000019073486,4.659999847412109,4.369999885559082,4.519999980926514,21000,0.0,0.0
2018-10-09 00:00:00-04:00,4.559999942779541,4.659999847412109,4.340000152587891,4.510000228881836,30800,0.0,0.0
2018-10-10 00:00:00-04:00,4.710000038146973,4.710000038146973,4.5,4.5,27900,0.0,0.0
2018-10-11 00:00:00-04:00,4.460000038146973,4.639999866485596,4.440000057220459,4.5,23000,0.0,0.0
2018-10-12 00:00:00-04:00,4.5,4.639999866485596,4.5,4.579999923706055,7600,0.0,0.0
2018-10-15 00:00:00-04:00,4.610000133514404,4.800000190734863,4.599999904632568,4.789999961853027,43500,0.0,0.0
2018-10-16 00:00:00-04:00,4.789999961853027,4.900000095367432,4.690000057220459,4.760000228881836,18900,0.0,0.0
2018-10-17 00:00:00-04:00,4.78000020980835,4.949999809265137,4.75,4.820000171661377,27000,0.0,0.0
2018-10-18 00:00:00-04:00,4.820000171661377,4.989999771118164,4.75,4.769999980926514,20000,0.0,0.0
2018-10-19 00:00:00-04:00,4.809999942779541,4.840000152587891,4.710000038146973,4.789999961853027,11400,0.0,0.0
2018-10-22 00:00:00-04:00,4.809999942779541,4.909999847412109,4.78000020980835,4.809999942779541,39500,0.0,0.0
2018-10-23 00:00:00-04:00,4.820000171661377,4.820000171661377,4.519999980926514,4.639999866485596,29400,0.0,0.0
2018-10-24 00:00:00-04:00,4.579999923706055,4.650000095367432,4.449999809265137,4.519999980926514,14000,0.0,0.0
2018-10-25 00:00:00-04:00,4.53000020980835,4.769999980926514,4.5,4.539999961853027,17300,0.0,0.0
2018-10-26 00:00:00-04:00,4.53000020980835,4.670000076293945,4.5,4.639999866485596,14000,0.0,0.0
2018-10-29 00:00:00-04:00,4.730000019073486,4.760000228881836,4.510000228881836,4.760000228881836,12000,0.0,0.0
2018-10-30 00:00:00-04:00,4.739999771118164,4.75,4.559999942779541,4.559999942779541,10100,0.0,0.0
2018-10-31 00:00:00-04:00,4.579999923706055,4.650000095367432,4.349999904632568,4.5,69200,0.0,0.0
2018-11-01 00:00:00-04:00,4.489999771118164,4.519999980926514,4.460000038146973,4.510000228881836,13100,0.0,0.0
2018-11-02 00:00:00-04:00,4.550000190734863,4.599999904632568,4.349999904632568,4.349999904632568,19800,0.0,0.0
2018-11-05 00:00:00-05:00,4.389999866485596,4.550000190734863,4.25,4.25,42600,0.0,0.0
2018-11-06 00:00:00-05:00,4.289999961853027,4.429999828338623,4.130000114440918,4.329999923706055,22800,0.0,0.0
2018-11-07 00:00:00-05:00,4.300000190734863,4.300000190734863,4.099999904632568,4.25,24100,0.0,0.0
2018-11-08 00:00:00-05:00,4.260000228881836,4.300000190734863,4.159999847412109,4.300000190734863,16900,0.0,0.0
2018-11-09 00:00:00-05:00,4.300000190734863,4.340000152587891,4.25,4.300000190734863,9700,0.0,0.0
2018-11-12 00:00:00-05:00,4.260000228881836,4.260000228881836,3.869999885559082,4.0,16200,0.0,0.0
2018-11-13 00:00:00-05:00,3.990000009536743,4.070000171661377,3.990000009536743,4.050000190734863,9700,0.0,0.0
2018-11-14 00:00:00-05:00,4.019999980926514,4.099999904632568,3.9700000286102295,4.099999904632568,19200,0.0,0.0
2018-11-15 00:00:00-05:00,4.070000171661377,4.090000152587891,3.9000000953674316,4.090000152587891,13600,0.0,0.0
2018-11-16 00:00:00-05:00,4.010000228881836,4.019999980926514,3.680000066757202,3.950000047683716,39400,0.0,0.0
2018-11-19 00:00:00-05:00,3.9700000286102295,3.9700000286102295,3.75,3.799999952316284,36300,0.0,0.0
2018-11-20 00:00:00-05:00,3.700000047683716,3.930000066757202,3.559999942779541,3.7200000286102295,36700,0.0,0.0
2018-11-21 00:00:00-05:00,3.7200000286102295,3.9800000190734863,3.630000114440918,3.8399999141693115,34900,0.0,0.0
2018-11-23 00:00:00-05:00,3.890000104904175,3.9800000190734863,3.75,3.9800000190734863,4400,0.0,0.0
2018-11-26 00:00:00-05:00,4.0,4.28000020980835,3.8499999046325684,4.190000057220459,10700,0.0,0.0
2018-11-27 00:00:00-05:00,4.139999866485596,4.389999866485596,4.010000228881836,4.389999866485596,8500,0.0,0.0
2018-11-28 00:00:00-05:00,4.340000152587891,4.380000114440918,4.179999828338623,4.360000133514404,9900,0.0,0.0
2018-11-29 00:00:00-05:00,4.389999866485596,4.409999847412109,4.25,4.360000133514404,7500,0.0,0.0
2018-11-30 00:00:00-05:00,4.309999942779541,4.309999942779541,4.050000190734863,4.150000095367432,9600,0.0,0.0
2018-12-03 00:00:00-05:00,4.150000095367432,4.269999980926514,3.990000009536743,4.159999847412109,14100,0.0,0.0
2018-12-04 00:00:00-05:00,4.210000038146973,4.239999771118164,4.050000190734863,4.110000133514404,5500,0.0,0.0
2018-12-06 00:00:00-05:00,4.110000133514404,4.239999771118164,4.050000190734863,4.050000190734863,21600,0.0,0.0
2018-12-07 00:00:00-05:00,4.079999923706055,4.130000114440918,3.9000000953674316,4.010000228881836,13200,0.0,0.0
2018-12-10 00:00:00-05:00,3.950000047683716,4.019999980926514,3.640000104904175,3.6500000953674316,22400,0.0,0.0
2018-12-11 00:00:00-05:00,3.640000104904175,3.759999990463257,3.5,3.609999895095825,22700,0.0,0.0
2018-12-12 00:00:00-05:00,3.609999895095825,3.8299999237060547,3.440000057220459,3.700000047683716,27400,0.0,0.0
2018-12-13 00:00:00-05:00,3.809999942779541,4.0,3.640000104904175,3.799999952316284,13700,0.0,0.0
2018-12-14 00:00:00-05:00,3.7300000190734863,3.7300000190734863,2.75,2.799999952316284,158300,0.0,0.0
2018-12-17 00:00:00-05:00,2.799999952316284,3.0799999237060547,2.7300000190734863,2.7300000190734863,46900,0.0,0.0
2018-12-18 00:00:00-05:00,2.7799999713897705,2.809999942779541,2.549999952316284,2.640000104904175,185700,0.0,0.0
2018-12-19 00:00:00-05:00,2.6600000858306885,2.8299999237060547,2.5299999713897705,2.609999895095825,28700,0.0,0.0
2018-12-20 00:00:00-05:00,2.5999999046325684,2.609999895095825,2.3399999141693115,2.380000114440918,46900,0.0,0.0
2018-12-21 00:00:00-05:00,2.380000114440918,2.6600000858306885,2.299999952316284,2.4600000381469727,42200,0.0,0.0
2018-12-24 00:00:00-05:00,2.440000057220459,2.440000057220459,2.299999952316284,2.299999952316284,26500,0.0,0.0
2018-12-26 00:00:00-05:00,2.4100000858306885,2.490000009536743,2.25,2.299999952316284,33500,0.0,0.0
2018-12-27 00:00:00-05:00,2.299999952316284,2.450000047683716,2.2799999713897705,2.3299999237060547,32800,0.0,0.0
2018-12-28 00:00:00-05:00,2.390000104904175,2.440000057220459,2.3499999046325684,2.380000114440918,19100,0.0,0.0
2018-12-31 00:00:00-05:00,2.4200000762939453,2.5299999713897705,2.4200000762939453,2.5,71600,0.0,0.0
2019-01-02 00:00:00-05:00,2.4200000762939453,2.5899999141693115,2.4200000762939453,2.509999990463257,21000,0.0,0.0
2019-01-03 00:00:00-05:00,3.009999990463257,3.009999990463257,2.3499999046325684,2.4200000762939453,67600,0.0,0.0
2019-01-04 00:00:00-05:00,2.619999885559082,2.640000104904175,2.4100000858306885,2.4100000858306885,42700,0.0,0.0
2019-01-07 00:00:00-05:00,2.440000057220459,2.549999952316284,2.380000114440918,2.549999952316284,44100,0.0,0.0
2019-01-08 00:00:00-05:00,2.7200000286102295,2.7200000286102295,2.450000047683716,2.569999933242798,22300,0.0,0.0
2019-01-09 00:00:00-05:00,2.619999885559082,2.7100000381469727,2.5,2.5,30800,0.0,0.0
2019-01-10 00:00:00-05:00,2.509999990463257,2.7200000286102295,2.430000066757202,2.5,25100,0.0,0.0
2019-01-11 00:00:00-05:00,2.509999990463257,2.5999999046325684,2.4100000858306885,2.569999933242798,20200,0.0,0.0
2019-01-14 00:00:00-05:00,2.569999933242798,2.619999885559082,2.5399999618530273,2.549999952316284,2000,0.0,0.0
2019-01-15 00:00:00-05:00,2.559999942779541,2.5999999046325684,2.5,2.569999933242798,7300,0.0,0.0
2019-01-16 00:00:00-05:00,2.5399999618530273,2.549999952316284,2.450000047683716,2.450000047683716,5100,0.0,0.0
2019-01-17 00:00:00-05:00,2.4000000953674316,2.4700000286102295,2.359999895095825,2.380000114440918,39700,0.0,0.0
2019-01-18 00:00:00-05:00,2.359999895095825,2.450000047683716,2.3499999046325684,2.369999885559082,34100,0.0,0.0
2019-01-22 00:00:00-05:00,2.380000114440918,2.569999933242798,2.380000114440918,2.5199999809265137,9100,0.0,0.0
2019-01-23 00:00:00-05:00,2.5999999046325684,2.640000104904175,2.549999952316284,2.549999952316284,6300,0.0,0.0
2019-01-24 00:00:00-05:00,2.5999999046325684,2.5999999046325684,2.5199999809265137,2.5899999141693115,1000,0.0,0.0
2019-01-25 00:00:00-05:00,2.630000114440918,2.630000114440918,2.3399999141693115,2.4000000953674316,5600,0.0,0.0
2019-01-28 00:00:00-05:00,2.4000000953674316,2.509999990463257,2.4000000953674316,2.509999990463257,1500,0.0,0.0
2019-01-29 00:00:00-05:00,2.3399999141693115,2.4200000762939453,2.3399999141693115,2.4000000953674316,4600,0.0,0.0
2019-01-30 00:00:00-05:00,2.4100000858306885,2.509999990463257,2.4000000953674316,2.440000057220459,13200,0.0,0.0
2019-01-31 00:00:00-05:00,2.5,2.5,2.4200000762939453,2.490000009536743,15200,0.0,0.0
2019-02-01 00:00:00-05:00,2.4000000953674316,2.5899999141693115,2.4000000953674316,2.509999990463257,8500,0.0,0.0
2019-02-04 00:00:00-05:00,2.490000009536743,2.569999933242798,2.450000047683716,2.569999933242798,9600,0.0,0.0
2019-02-05 00:00:00-05:00,2.5899999141693115,2.930000066757202,2.5199999809265137,2.559999942779541,45100,0.0,0.0
2019-02-06 00:00:00-05:00,2.5399999618530273,2.8299999237060547,2.5399999618530273,2.5399999618530273,16200,0.0,0.0
2019-02-07 00:00:00-05:00,2.549999952316284,2.819999933242798,2.549999952316284,2.559999942779541,14400,0.0,0.0
2019-02-08 00:00:00-05:00,2.549999952316284,2.619999885559082,2.5299999713897705,2.5299999713897705,14200,0.0,0.0
2019-02-11 00:00:00-05:00,2.5299999713897705,2.5299999713897705,2.430000066757202,2.430000066757202,14100,0.0,0.0
2019-02-12 00:00:00-05:00,2.4200000762939453,2.8499999046325684,2.4200000762939453,2.5999999046325684,35000,0.0,0.0
2019-02-13 00:00:00-05:00,2.630000114440918,2.799999952316284,2.5999999046325684,2.619999885559082,20600,0.0,0.0
2019-02-14 00:00:00-05:00,2.680000066757202,2.700000047683716,2.5999999046325684,2.619999885559082,4900,0.0,0.0
2019-02-15 00:00:00-05:00,2.680000066757202,2.7200000286102295,2.619999885559082,2.6500000953674316,11900,0.0,0.0
2019-02-19 00:00:00-05:00,2.6700000762939453,2.7200000286102295,2.619999885559082,2.7200000286102295,8700,0.0,0.0
2019-02-20 00:00:00-05:00,2.680000066757202,2.680000066757202,2.5999999046325684,2.5999999046325684,1200,0.0,0.0
2019-02-21 00:00:00-05:00,2.5999999046325684,2.7300000190734863,2.5999999046325684,2.690000057220459,3100,0.0,0.0
2019-02-22 00:00:00-05:00,2.680000066757202,2.700000047683716,2.4200000762939453,2.700000047683716,57100,0.0,0.0
2019-02-25 00:00:00-05:00,2.690000057220459,2.700000047683716,2.5399999618530273,2.640000104904175,148900,0.0,0.0
2019-02-26 00:00:00-05:00,2.5999999046325684,2.640000104904175,2.559999942779541,2.5799999237060547,16900,0.0,0.0
2019-02-27 00:00:00-05:00,2.5399999618530273,2.609999895095825,2.5399999618530273,2.609999895095825,2100,0.0,0.0
2019-02-28 00:00:00-05:00,2.5399999618530273,2.759999990463257,2.450000047683716,2.700000047683716,50300,0.0,0.0
2019-03-01 00:00:00-05:00,2.759999990463257,2.759999990463257,2.5999999046325684,2.619999885559082,64300,0.0,0.0
2019-03-04 00:00:00-05:00,2.640000104904175,2.75,2.5799999237060547,2.630000114440918,65400,0.0,0.0
2019-03-05 00:00:00-05:00,2.569999933242798,2.859999895095825,2.559999942779541,2.630000114440918,44900,0.0,0.0
2019-03-06 00:00:00-05:00,2.690000057220459,2.7699999809265137,2.5799999237060547,2.5799999237060547,18400,0.0,0.0
2019-03-07 00:00:00-05:00,2.5799999237060547,2.8499999046325684,2.549999952316284,2.559999942779541,60200,0.0,0.0
2019-03-08 00:00:00-05:00,2.5999999046325684,2.7100000381469727,2.569999933242798,2.5899999141693115,25500,0.0,0.0
2019-03-11 00:00:00-04:00,2.619999885559082,2.700000047683716,2.5999999046325684,2.6500000953674316,56800,0.0,0.0
2019-03-12 00:00:00-04:00,2.740000009536743,2.740000009536743,2.569999933242798,2.569999933242798,11300,0.0,0.0
2019-03-13 00:00:00-04:00,2.5999999046325684,2.6700000762939453,2.549999952316284,2.549999952316284,10300,0.0,0.0
2019-03-14 00:00:00-04:00,2.549999952316284,2.7100000381469727,2.490000009536743,2.5399999618530273,61300,0.0,0.0
2019-03-15 00:00:00-04:00,2.5999999046325684,2.6500000953674316,2.4700000286102295,2.490000009536743,22500,0.0,0.0
2019-03-18 00:00:00-04:00,2.4700000286102295,2.5399999618530273,2.4700000286102295,2.5,12600,0.0,0.0
2019-03-19 00:00:00-04:00,2.5299999713897705,2.619999885559082,2.4100000858306885,2.4800000190734863,56600,0.0,0.0
2019-03-20 00:00:00-04:00,2.5,2.7200000286102295,2.4100000858306885,2.5999999046325684,27400,0.0,0.0
2019-03-21 00:00:00-04:00,2.5399999618530273,2.630000114440918,2.450000047683716,2.4700000286102295,40600,0.0,0.0
2019-03-22 00:00:00-04:00,2.4800000190734863,2.640000104904175,2.4000000953674316,2.5899999141693115,39400,0.0,0.0
2019-03-25 00:00:00-04:00,2.549999952316284,2.549999952316284,2.319999933242798,2.430000066757202,48200,0.0,0.0
2019-03-26 00:00:00-04:00,2.4700000286102295,2.569999933242798,2.380000114440918,2.440000057220459,29200,0.0,0.0
2019-03-27 00:00:00-04:00,2.4000000953674316,2.4700000286102295,2.380000114440918,2.380000114440918,12400,0.0,0.0
2019-03-28 00:00:00-04:00,2.380000114440918,2.4800000190734863,2.309999942779541,2.359999895095825,32600,0.0,0.0
2019-03-29 00:00:00-04:00,2.4100000858306885,2.5,2.3499999046325684,2.4200000762939453,16700,0.0,0.0
2019-04-01 00:00:00-04:00,2.4800000190734863,2.4800000190734863,2.380000114440918,2.4200000762939453,18800,0.0,0.0
2019-04-02 00:00:00-04:00,2.4000000953674316,2.509999990463257,2.359999895095825,2.4100000858306885,21900,0.0,0.0
2019-04-03 00:00:00-04:00,2.369999885559082,2.430000066757202,2.309999942779541,2.309999942779541,20400,0.0,0.0
2019-04-04 00:00:00-04:00,2.3499999046325684,2.380000114440918,2.25,2.259999990463257,15300,0.0,0.0
2019-04-05 00:00:00-04:00,2.259999990463257,2.3399999141693115,2.180000066757202,2.259999990463257,43500,0.0,0.0
2019-04-08 00:00:00-04:00,2.2300000190734863,2.3399999141693115,2.2100000381469727,2.299999952316284,38200,0.0,0.0
2019-04-09 00:00:00-04:00,2.299999952316284,2.3399999141693115,2.2200000286102295,2.2799999713897705,35600,0.0,0.0
2019-04-10 00:00:00-04:00,2.2300000190734863,2.369999885559082,2.180000066757202,2.25,46400,0.0,0.0
2019-04-11 00:00:00-04:00,2.25,2.3299999237060547,2.25,2.2899999618530273,12800,0.0,0.0
2019-04-12 00:00:00-04:00,2.259999990463257,2.319999933242798,2.25,2.25,17900,0.0,0.0
2019-04-15 00:00:00-04:00,2.25,2.3399999141693115,2.200000047683716,2.200000047683716,24200,0.0,0.0
2019-04-16 00:00:00-04:00,2.2100000381469727,2.2799999713897705,2.0799999237060547,2.2300000190734863,83400,0.0,0.0
2019-04-17 00:00:00-04:00,2.200000047683716,2.3299999237060547,2.1600000858306885,2.2300000190734863,22600,0.0,0.0
2019-04-18 00:00:00-04:00,2.2300000190734863,2.3299999237060547,2.1700000762939453,2.2300000190734863,20500,0.0,0.0
2019-04-22 00:00:00-04:00,2.2699999809265137,2.2699999809265137,2.190000057220459,2.2300000190734863,19000,0.0,0.0
2019-04-23 00:00:00-04:00,2.1700000762939453,2.2899999618530273,2.0899999141693115,2.2300000190734863,70200,0.0,0.0
2019-04-24 00:00:00-04:00,2.259999990463257,2.309999942779541,2.2300000190734863,2.2699999809265137,28900,0.0,0.0
2019-04-25 00:00:00-04:00,2.25,2.2899999618530273,2.1500000953674316,2.2300000190734863,21200,0.0,0.0
2019-04-26 00:00:00-04:00,2.2200000286102295,2.309999942779541,2.200000047683716,2.2699999809265137,18800,0.0,0.0
2019-04-29 00:00:00-04:00,2.2300000190734863,2.2899999618530273,2.130000114440918,2.2300000190734863,26200,0.0,0.0
2019-04-30 00:00:00-04:00,2.1500000953674316,2.259999990463257,2.1500000953674316,2.240000009536743,16000,0.0,0.0
2019-05-01 00:00:00-04:00,2.2200000286102295,2.2799999713897705,2.1600000858306885,2.2300000190734863,26000,0.0,0.0
2019-05-02 00:00:00-04:00,2.200000047683716,2.2899999618530273,2.1500000953674316,2.25,21200,0.0,0.0
2019-05-03 00:00:00-04:00,2.240000009536743,2.299999952316284,2.240000009536743,2.2699999809265137,3600,0.0,0.0
2019-05-06 00:00:00-04:00,2.2899999618530273,2.3299999237060547,2.2699999809265137,2.2699999809265137,5500,0.0,0.0
2019-05-07 00:00:00-04:00,2.240000009536743,2.2799999713897705,2.240000009536743,2.259999990463257,3800,0.0,0.0
2019-05-08 00:00:00-04:00,2.259999990463257,2.319999933242798,2.259999990463257,2.319999933242798,7900,0.0,0.0
2019-05-09 00:00:00-04:00,2.259999990463257,2.319999933242798,2.2300000190734863,2.25,15700,0.0,0.0
2019-05-10 00:00:00-04:00,2.25,2.3399999141693115,2.25,2.3399999141693115,8500,0.0,0.0
2019-05-13 00:00:00-04:00,2.319999933242798,2.3499999046325684,2.309999942779541,2.319999933242798,4200,0.0,0.0
2019-05-14 00:00:00-04:00,2.3499999046325684,2.359999895095825,2.3299999237060547,2.3299999237060547,2600,0.0,0.0
2019-05-15 00:00:00-04:00,2.319999933242798,2.3299999237060547,2.259999990463257,2.2899999618530273,18500,0.0,0.0
2019-05-16 00:00:00-04:00,2.2799999713897705,2.3299999237060547,2.2699999809265137,2.2699999809265137,18900,0.0,0.0
2019-05-17 00:00:00-04:00,2.2699999809265137,2.2799999713897705,2.259999990463257,2.259999990463257,2400,0.0,0.0
2019-05-20 00:00:00-04:00,2.259999990463257,2.2899999618530273,2.2200000286102295,2.25,32300,0.0,0.0
2019-05-21 00:00:00-04:00,2.190000057220459,2.2699999809265137,2.190000057220459,2.2699999809265137,3600,0.0,0.0
2019-05-22 00:00:00-04:00,2.2300000190734863,2.25,2.180000066757202,2.2100000381469727,24600,0.0,0.0
2019-05-23 00:00:00-04:00,2.190000057220459,2.299999952316284,2.190000057220459,2.200000047683716,7800,0.0,0.0
2019-05-24 00:00:00-04:00,2.200000047683716,2.2200000286102295,2.1500000953674316,2.1700000762939453,4300,0.0,0.0
2019-05-28 00:00:00-04:00,2.2100000381469727,2.2200000286102295,2.0999999046325684,2.0999999046325684,5900,0.0,0.0
2019-05-29 00:00:00-04:00,2.0999999046325684,2.2300000190734863,2.0899999141693115,2.0999999046325684,32500,0.0,0.0
2019-05-30 00:00:00-04:00,2.0899999141693115,2.180000066757202,2.0899999141693115,2.140000104904175,4800,0.0,0.0
2019-05-31 00:00:00-04:00,2.109999895095825,2.180000066757202,2.109999895095825,2.119999885559082,7400,0.0,0.0
2019-06-03 00:00:00-04:00,2.109999895095825,2.130000114440918,2.0899999141693115,2.0999999046325684,22800,0.0,0.0
2019-06-04 00:00:00-04:00,2.0999999046325684,2.180000066757202,2.0999999046325684,2.0999999046325684,5000,0.0,0.0
2019-06-05 00:00:00-04:00,2.0899999141693115,2.119999885559082,2.0399999618530273,2.109999895095825,35500,0.0,0.0
2019-06-06 00:00:00-04:00,2.119999885559082,2.119999885559082,2.0399999618530273,2.0399999618530273,6300,0.0,0.0
2019-06-07 00:00:00-04:00,2.0299999713897705,2.0299999713897705,1.899999976158142,1.899999976158142,42300,0.0,0.0
2019-06-10 00:00:00-04:00,1.9299999475479126,2.140000104904175,1.899999976158142,1.899999976158142,11100,0.0,0.0
2019-06-11 00:00:00-04:00,1.909999966621399,2.059999942779541,1.909999966621399,1.9900000095367432,2900,0.0,0.0
2019-06-12 00:00:00-04:00,2.0,2.0,1.7799999713897705,1.840000033378601,32400,0.0,0.0
2019-06-13 00:00:00-04:00,1.9500000476837158,1.9500000476837158,1.8300000429153442,1.850000023841858,26100,0.0,0.0
2019-06-14 00:00:00-04:00,1.8300000429153442,2.0199999809265137,1.8300000429153442,2.009999990463257,17700,0.0,0.0
2019-06-17 00:00:00-04:00,1.909999966621399,1.940000057220459,1.850000023841858,1.8600000143051147,5700,0.0,0.0
2019-06-18 00:00:00-04:00,1.8899999856948853,1.8899999856948853,1.8300000429153442,1.8799999952316284,16500,0.0,0.0
2019-06-19 00:00:00-04:00,1.850000023841858,1.8700000047683716,1.850000023841858,1.8600000143051147,13500,0.0,0.0
2019-06-20 00:00:00-04:00,1.8300000429153442,1.8700000047683716,1.7100000381469727,1.8200000524520874,27000,0.0,0.0
2019-06-21 00:00:00-04:00,1.7999999523162842,2.0,1.7799999713897705,2.0,6800,0.0,0.0
2019-06-24 00:00:00-04:00,1.9500000476837158,1.9500000476837158,1.7999999523162842,1.809999942779541,6100,0.0,0.0
2019-06-25 00:00:00-04:00,1.8799999952316284,1.8799999952316284,1.840000033378601,1.850000023841858,4700,0.0,0.0
2019-06-26 00:00:00-04:00,1.850000023841858,1.850000023841858,1.7200000286102295,1.7699999809265137,16400,0.0,0.0
2019-06-27 00:00:00-04:00,1.75,1.8300000429153442,1.75,1.75,22400,0.0,0.0
2019-06-28 00:00:00-04:00,1.8700000047683716,2.0,1.7400000095367432,1.7599999904632568,321200,0.0,0.0
2019-07-01 00:00:00-04:00,1.7699999809265137,1.850000023841858,1.7200000286102295,1.75,34800,0.0,0.0
2019-07-02 00:00:00-04:00,1.7100000381469727,1.9900000095367432,1.7100000381469727,1.809999942779541,90900,0.0,0.0
2019-07-03 00:00:00-04:00,1.7999999523162842,1.9500000476837158,1.7999999523162842,1.8700000047683716,10400,0.0,0.0
2019-07-05 00:00:00-04:00,1.8600000143051147,1.9800000190734863,1.8600000143051147,1.8700000047683716,20800,0.0,0.0
2019-07-08 00:00:00-04:00,1.9299999475479126,2.0,1.899999976158142,1.9700000286102295,11800,0.0,0.0
2019-07-09 00:00:00-04:00,2.009999990463257,2.0199999809265137,1.9299999475479126,2.0199999809265137,29500,0.0,0.0
2019-07-10 00:00:00-04:00,2.009999990463257,2.0899999141693115,1.9600000381469727,2.0899999141693115,10700,0.0,0.0
2019-07-11 00:00:00-04:00,2.0999999046325684,2.0999999046325684,1.9199999570846558,1.9199999570846558,40700,0.0,0.0
2019-07-12 00:00:00-04:00,1.9600000381469727,2.0799999237060547,1.9600000381469727,2.0399999618530273,16200,0.0,0.0
2019-07-15 00:00:00-04:00,2.0,2.049999952316284,1.940000057220459,2.049999952316284,6900,0.0,0.0
2019-07-16 00:00:00-04:00,2.0399999618530273,2.049999952316284,1.9700000286102295,1.9700000286102295,31600,0.0,0.0
2019-07-17 00:00:00-04:00,1.9600000381469727,2.0199999809265137,1.899999976158142,2.009999990463257,18600,0.0,0.0
2019-07-18 00:00:00-04:00,1.9600000381469727,2.009999990463257,1.9600000381469727,1.9900000095367432,6500,0.0,0.0
2019-07-19 00:00:00-04:00,2.0299999713897705,2.0299999713897705,2.0299999713897705,2.0299999713897705,200,0.0,0.0
2019-07-22 00:00:00-04:00,1.9900000095367432,2.009999990463257,1.899999976158142,1.899999976158142,21000,0.0,0.0
2019-07-23 00:00:00-04:00,2.049999952316284,2.049999952316284,1.899999976158142,1.899999976158142,18700,0.0,0.0
2019-07-24 00:00:00-04:00,1.9299999475479126,2.0399999618530273,1.899999976158142,1.909999966621399,15500,0.0,0.0
2019-07-25 00:00:00-04:00,1.909999966621399,2.0399999618530273,1.909999966621399,2.0199999809265137,1800,0.0,0.0
2019-07-26 00:00:00-04:00,2.0,2.009999990463257,1.899999976158142,1.909999966621399,25500,0.0,0.0
2019-07-29 00:00:00-04:00,1.8899999856948853,1.9600000381469727,1.850000023841858,1.850000023841858,26900,0.0,0.0
2019-07-30 00:00:00-04:00,1.8700000047683716,1.9199999570846558,1.8600000143051147,1.8600000143051147,7300,0.0,0.0
2019-07-31 00:00:00-04:00,1.899999976158142,1.9299999475479126,1.840000033378601,1.840000033378601,14800,0.0,0.0
2019-08-01 00:00:00-04:00,1.850000023841858,1.940000057220459,1.850000023841858,1.8799999952316284,7900,0.0,0.0
2019-08-02 00:00:00-04:00,1.8600000143051147,1.909999966621399,1.8300000429153442,1.8700000047683716,7200,0.0,0.0
2019-08-05 00:00:00-04:00,1.809999942779541,1.909999966621399,1.7999999523162842,1.850000023841858,48600,0.0,0.0
2019-08-06 00:00:00-04:00,1.8600000143051147,1.9199999570846558,1.8600000143051147,1.8700000047683716,14800,0.0,0.0
2019-08-07 00:00:00-04:00,1.9500000476837158,1.9500000476837158,1.8300000429153442,1.899999976158142,15700,0.0,0.0
2019-08-08 00:00:00-04:00,1.9299999475479126,1.9299999475479126,1.850000023841858,1.8700000047683716,16600,0.0,0.0
2019-08-09 00:00:00-04:00,1.850000023841858,1.8899999856948853,1.7699999809265137,1.8899999856948853,12800,0.0,0.0
2019-08-12 00:00:00-04:00,1.8799999952316284,1.8899999856948853,1.7699999809265137,1.850000023841858,26600,0.0,0.0
2019-08-13 00:00:00-04:00,1.850000023841858,1.940000057220459,1.850000023841858,1.899999976158142,27700,0.0,0.0
2019-08-14 00:00:00-04:00,1.899999976158142,1.909999966621399,1.809999942779541,1.8899999856948853,24500,0.0,0.0
2019-08-15 00:00:00-04:00,1.899999976158142,1.9199999570846558,1.8300000429153442,1.8600000143051147,21200,0.0,0.0
2019-08-16 00:00:00-04:00,1.8300000429153442,1.9199999570846558,1.7899999618530273,1.8899999856948853,46700,0.0,0.0
2019-08-19 00:00:00-04:00,1.8899999856948853,1.9199999570846558,1.8799999952316284,1.8899999856948853,6200,0.0,0.0
2019-08-20 00:00:00-04:00,1.9199999570846558,1.940000057220459,1.8899999856948853,1.899999976158142,4800,0.0,0.0
2019-08-21 00:00:00-04:00,1.8899999856948853,1.940000057220459,1.8700000047683716,1.940000057220459,6000,0.0,0.0
2019-08-22 00:00:00-04:00,1.909999966621399,1.909999966621399,1.8600000143051147,1.8799999952316284,13500,0.0,0.0
2019-08-23 00:00:00-04:00,1.8899999856948853,1.909999966621399,1.7899999618530273,1.909999966621399,26800,0.0,0.0
2019-08-26 00:00:00-04:00,1.8600000143051147,1.8799999952316284,1.7999999523162842,1.850000023841858,30000,0.0,0.0
2019-08-27 00:00:00-04:00,1.840000033378601,1.899999976158142,1.8200000524520874,1.8799999952316284,6400,0.0,0.0
2019-08-28 00:00:00-04:00,1.850000023841858,1.909999966621399,1.7699999809265137,1.909999966621399,9600,0.0,0.0
2019-08-29 00:00:00-04:00,1.8799999952316284,1.8799999952316284,1.7599999904632568,1.7599999904632568,8100,0.0,0.0
2019-08-30 00:00:00-04:00,1.809999942779541,1.840000033378601,1.809999942779541,1.809999942779541,1700,0.0,0.0
2019-09-03 00:00:00-04:00,1.840000033378601,1.840000033378601,1.7100000381469727,1.7100000381469727,17400,0.0,0.0
2019-09-04 00:00:00-04:00,1.7400000095367432,1.7899999618530273,1.7200000286102295,1.75,9400,0.0,0.0
2019-09-05 00:00:00-04:00,1.75,1.7999999523162842,1.6799999475479126,1.7599999904632568,8200,0.0,0.0
2019-09-06 00:00:00-04:00,1.75,1.809999942779541,1.7300000190734863,1.7799999713897705,9600,0.0,0.0
2019-09-09 00:00:00-04:00,1.7899999618530273,1.7999999523162842,1.7400000095367432,1.7599999904632568,21700,0.0,0.0
2019-09-10 00:00:00-04:00,1.7599999904632568,1.7999999523162842,1.7300000190734863,1.75,9800,0.0,0.0
2019-09-11 00:00:00-04:00,1.7699999809265137,1.899999976158142,1.7699999809265137,1.7899999618530273,5400,0.0,0.0
2019-09-12 00:00:00-04:00,1.899999976158142,1.899999976158142,1.840000033378601,1.840000033378601,1500,0.0,0.0
2019-09-13 00:00:00-04:00,1.809999942779541,1.850000023841858,1.75,1.75,12900,0.0,0.0
2019-09-16 00:00:00-04:00,1.7599999904632568,1.7799999713897705,1.7100000381469727,1.7400000095367432,18900,0.0,0.0
2019-09-17 00:00:00-04:00,1.7400000095367432,1.7400000095367432,1.649999976158142,1.7000000476837158,15400,0.0,0.0
2019-09-18 00:00:00-04:00,1.6699999570846558,1.7400000095367432,1.6699999570846558,1.7000000476837158,10800,0.0,0.0
2019-09-19 00:00:00-04:00,1.6699999570846558,1.75,1.559999942779541,1.6399999856948853,24700,0.0,0.0
2019-09-20 00:00:00-04:00,1.6299999952316284,1.8700000047683716,1.600000023841858,1.8700000047683716,20400,0.0,0.0
2019-09-23 00:00:00-04:00,1.7400000095367432,1.7799999713897705,1.659999966621399,1.659999966621399,27200,0.0,0.0
2019-09-24 00:00:00-04:00,1.7000000476837158,1.7300000190734863,1.659999966621399,1.6799999475479126,43200,0.0,0.0
2019-09-25 00:00:00-04:00,1.6100000143051147,1.7100000381469727,1.6100000143051147,1.649999976158142,11900,0.0,0.0
2019-09-26 00:00:00-04:00,1.6399999856948853,1.690000057220459,1.600000023841858,1.6200000047683716,5900,0.0,0.0
2019-09-27 00:00:00-04:00,1.5800000429153442,1.6299999952316284,1.5800000429153442,1.6200000047683716,2800,0.0,0.0
2019-09-30 00:00:00-04:00,1.6200000047683716,1.649999976158142,1.5800000429153442,1.6100000143051147,19300,0.0,0.0
2019-10-01 00:00:00-04:00,1.5800000429153442,1.600000023841858,1.559999942779541,1.590000033378601,19400,0.0,0.0
2019-10-02 00:00:00-04:00,1.600000023841858,1.600000023841858,1.5099999904632568,1.5099999904632568,9000,0.0,0.0
2019-10-03 00:00:00-04:00,1.559999942779541,1.600000023841858,1.4600000381469727,1.600000023841858,17900,0.0,0.0
2019-10-04 00:00:00-04:00,1.559999942779541,1.6200000047683716,1.5499999523162842,1.6200000047683716,15700,0.0,0.0
2019-10-07 00:00:00-04:00,1.6100000143051147,1.75,1.600000023841858,1.6799999475479126,35600,0.0,0.0
2019-10-08 00:00:00-04:00,1.690000057220459,1.75,1.690000057220459,1.7300000190734863,5300,0.0,0.0
2019-10-09 00:00:00-04:00,1.7300000190734863,1.7300000190734863,1.6699999570846558,1.7300000190734863,10600,0.0,0.0
2019-10-10 00:00:00-04:00,1.7400000095367432,1.909999966621399,1.7400000095367432,1.840000033378601,35200,0.0,0.0
2019-10-11 00:00:00-04:00,1.9299999475479126,1.9299999475479126,1.7999999523162842,1.840000033378601,13600,0.0,0.0
2019-10-14 00:00:00-04:00,1.8600000143051147,1.909999966621399,1.7200000286102295,1.8600000143051147,19800,0.0,0.0
2019-10-15 00:00:00-04:00,1.7899999618530273,1.9199999570846558,1.7899999618530273,1.8600000143051147,13100,0.0,0.0
2019-10-16 00:00:00-04:00,1.8600000143051147,1.9299999475479126,1.8200000524520874,1.840000033378601,6500,0.0,0.0
2019-10-17 00:00:00-04:00,1.8600000143051147,1.909999966621399,1.7899999618530273,1.899999976158142,7100,0.0,0.0
2019-10-18 00:00:00-04:00,1.8899999856948853,1.9700000286102295,1.75,1.8200000524520874,15100,0.0,0.0
2019-10-21 00:00:00-04:00,1.7599999904632568,1.8799999952316284,1.75,1.8300000429153442,12500,0.0,0.0
2019-10-22 00:00:00-04:00,1.8200000524520874,1.8700000047683716,1.7200000286102295,1.8200000524520874,21800,0.0,0.0
2019-10-23 00:00:00-04:00,1.7400000095367432,1.8600000143051147,1.7300000190734863,1.75,5800,0.0,0.0
2019-10-24 00:00:00-04:00,1.75,1.8700000047683716,1.7300000190734863,1.8700000047683716,9700,0.0,0.0
2019-10-25 00:00:00-04:00,1.8700000047683716,1.9199999570846558,1.7599999904632568,1.9199999570846558,2300,0.0,0.0
2019-10-28 00:00:00-04:00,1.8600000143051147,1.899999976158142,1.7699999809265137,1.899999976158142,9100,0.0,0.0
2019-10-29 00:00:00-04:00,1.809999942779541,1.840000033378601,1.7599999904632568,1.7999999523162842,10600,0.0,0.0
2019-10-30 00:00:00-04:00,1.7000000476837158,1.8200000524520874,1.6799999475479126,1.809999942779541,14700,0.0,0.0
2019-10-31 00:00:00-04:00,1.7599999904632568,1.809999942779541,1.690000057220459,1.7799999713897705,9100,0.0,0.0
2019-11-01 00:00:00-04:00,1.75,1.7799999713897705,1.690000057220459,1.690000057220459,15200,0.0,0.0
2019-11-04 00:00:00-05:00,1.690000057220459,1.809999942779541,1.6699999570846558,1.7899999618530273,31300,0.0,0.0
2019-11-05 00:00:00-05:00,1.7899999618530273,1.8200000524520874,1.7200000286102295,1.7899999618530273,16600,0.0,0.0
2019-11-06 00:00:00-05:00,1.7899999618530273,1.809999942779541,1.7400000095367432,1.809999942779541,21900,0.0,0.0
2019-11-07 00:00:00-05:00,1.7200000286102295,1.8200000524520874,1.7100000381469727,1.8200000524520874,6100,0.0,0.0
2019-11-08 00:00:00-05:00,1.840000033378601,1.840000033378601,1.840000033378601,1.840000033378601,100,0.0,0.0
2019-11-11 00:00:00-05:00,1.7999999523162842,1.7999999523162842,1.75,1.75,8200,0.0,0.0
2019-11-12 00:00:00-05:00,1.75,1.7799999713897705,1.690000057220459,1.7000000476837158,26800,0.0,0.0
2019-11-13 00:00:00-05:00,1.7100000381469727,1.7799999713897705,1.6699999570846558,1.7300000190734863,1500,0.0,0.0
2019-11-14 00:00:00-05:00,1.75,1.75,1.6699999570846558,1.7100000381469727,6900,0.0,0.0
2019-11-15 00:00:00-05:00,1.75,1.75,1.6699999570846558,1.6799999475479126,7500,0.0,0.0
2019-11-18 00:00:00-05:00,1.7100000381469727,1.7400000095367432,1.7100000381469727,1.7400000095367432,4900,0.0,0.0
2019-11-19 00:00:00-05:00,1.75,1.7599999904632568,1.7000000476837158,1.7599999904632568,8800,0.0,0.0
2019-11-20 00:00:00-05:00,1.75,1.7699999809265137,1.6799999475479126,1.6799999475479126,14400,0.0,0.0
2019-11-21 00:00:00-05:00,1.6699999570846558,1.7200000286102295,1.6200000047683716,1.6699999570846558,22700,0.0,0.0
2019-11-22 00:00:00-05:00,1.6399999856948853,1.7000000476837158,1.600000023841858,1.6399999856948853,27700,0.0,0.0
2019-11-25 00:00:00-05:00,1.649999976158142,1.6699999570846558,1.6100000143051147,1.6200000047683716,19500,0.0,0.0
2019-11-26 00:00:00-05:00,1.649999976158142,1.649999976158142,1.5099999904632568,1.6399999856948853,23900,0.0,0.0
2019-11-27 00:00:00-05:00,1.590000033378601,1.649999976158142,1.590000033378601,1.6100000143051147,11700,0.0,0.0
2019-11-29 00:00:00-05:00,1.6299999952316284,1.649999976158142,1.6200000047683716,1.6399999856948853,3600,0.0,0.0
2019-12-02 00:00:00-05:00,1.6100000143051147,1.649999976158142,1.5800000429153442,1.6299999952316284,12600,0.0,0.0
2019-12-03 00:00:00-05:00,1.6200000047683716,1.6299999952316284,1.5099999904632568,1.5399999618530273,24500,0.0,0.0
2019-12-04 00:00:00-05:00,1.600000023841858,1.649999976158142,1.5199999809265137,1.559999942779541,23500,0.0,0.0
2019-12-05 00:00:00-05:00,1.5800000429153442,1.590000033378601,1.5199999809265137,1.5199999809265137,7800,0.0,0.0
2019-12-06 00:00:00-05:00,1.5700000524520874,1.590000033378601,1.5099999904632568,1.559999942779541,43500,0.0,0.0
2019-12-09 00:00:00-05:00,1.5800000429153442,1.600000023841858,1.5099999904632568,1.5499999523162842,22400,0.0,0.0
2019-12-10 00:00:00-05:00,1.5299999713897705,1.590000033378601,1.5199999809265137,1.5299999713897705,21800,0.0,0.0
2019-12-11 00:00:00-05:00,1.5299999713897705,1.600000023841858,1.440000057220459,1.600000023841858,62700,0.0,0.0
2019-12-12 00:00:00-05:00,1.600000023841858,1.7599999904632568,1.5499999523162842,1.649999976158142,115600,0.0,0.0
2019-12-13 00:00:00-05:00,1.5,1.5,1.2999999523162842,1.4700000286102295,205900,0.0,0.0
2019-12-16 00:00:00-05:00,1.5700000524520874,1.690000057220459,1.4900000095367432,1.6100000143051147,93700,0.0,0.0
2019-12-17 00:00:00-05:00,1.5199999809265137,1.590000033378601,1.4199999570846558,1.5399999618530273,42100,0.0,0.0
2019-12-18 00:00:00-05:00,1.5099999904632568,1.5700000524520874,1.440000057220459,1.4800000190734863,63300,0.0,0.0
2019-12-19 00:00:00-05:00,1.5199999809265137,1.5299999713897705,1.4500000476837158,1.5099999904632568,54400,0.0,0.0
2019-12-20 00:00:00-05:00,1.4700000286102295,1.559999942779541,1.4600000381469727,1.5199999809265137,82600,0.0,0.0
2019-12-23 00:00:00-05:00,1.5499999523162842,1.559999942779541,1.4700000286102295,1.4900000095367432,42100,0.0,0.0
2019-12-24 00:00:00-05:00,1.4700000286102295,1.5199999809265137,1.4500000476837158,1.4500000476837158,67200,0.0,0.0
2019-12-26 00:00:00-05:00,1.4900000095367432,1.5499999523162842,1.4700000286102295,1.5,54200,0.0,0.0
2019-12-27 00:00:00-05:00,1.5199999809265137,1.600000023841858,1.5,1.5399999618530273,121100,0.0,0.0
2019-12-30 00:00:00-05:00,1.559999942779541,1.649999976158142,1.559999942779541,1.590000033378601,69500,0.0,0.0
2019-12-31 00:00:00-05:00,1.5700000524520874,1.649999976158142,1.5700000524520874,1.590000033378601,38800,0.0,0.0
2020-01-02 00:00:00-05:00,1.6100000143051147,1.649999976158142,1.559999942779541,1.600000023841858,30900,0.0,0.0
2020-01-03 00:00:00-05:00,1.6200000047683716,1.75,1.5800000429153442,1.5800000429153442,46300,0.0,0.0
2020-01-06 00:00:00-05:00,1.590000033378601,1.7200000286102295,1.5499999523162842,1.600000023841858,68000,0.0,0.0
2020-01-07 00:00:00-05:00,1.6299999952316284,1.6399999856948853,1.590000033378601,1.6100000143051147,49600,0.0,0.0
2020-01-08 00:00:00-05:00,1.6100000143051147,1.6200000047683716,1.559999942779541,1.5800000429153442,50200,0.0,0.0
2020-01-09 00:00:00-05:00,1.600000023841858,1.6299999952316284,1.5399999618530273,1.590000033378601,15700,0.0,0.0
2020-01-10 00:00:00-05:00,1.600000023841858,1.6100000143051147,1.5499999523162842,1.5499999523162842,33000,0.0,0.0
2020-01-13 00:00:00-05:00,1.5499999523162842,1.600000023841858,1.399999976158142,1.600000023841858,124300,0.0,0.0
2020-01-14 00:00:00-05:00,1.559999942779541,1.600000023841858,1.559999942779541,1.590000033378601,10000,0.0,0.0
2020-01-15 00:00:00-05:00,1.590000033378601,1.7000000476837158,1.5800000429153442,1.6799999475479126,31200,0.0,0.0
2020-01-16 00:00:00-05:00,1.6100000143051147,1.75,1.6100000143051147,1.75,25200,0.0,0.0
2020-01-17 00:00:00-05:00,1.7699999809265137,1.8200000524520874,1.7000000476837158,1.7000000476837158,32100,0.0,0.0
2020-01-21 00:00:00-05:00,1.7100000381469727,1.7799999713897705,1.6100000143051147,1.690000057220459,19100,0.0,0.0
2020-01-22 00:00:00-05:00,1.7300000190734863,1.7799999713897705,1.7000000476837158,1.7000000476837158,29200,0.0,0.0
2020-01-23 00:00:00-05:00,1.690000057220459,1.7899999618530273,1.6799999475479126,1.7799999713897705,12100,0.0,0.0
2020-01-24 00:00:00-05:00,1.7100000381469727,1.7899999618530273,1.559999942779541,1.649999976158142,14700,0.0,0.0
2020-01-27 00:00:00-05:00,1.6699999570846558,1.690000057220459,1.5499999523162842,1.5499999523162842,27900,0.0,0.0
2020-01-28 00:00:00-05:00,1.600000023841858,1.659999966621399,1.590000033378601,1.649999976158142,1300,0.0,0.0
2020-01-29 00:00:00-05:00,1.649999976158142,1.6699999570846558,1.5299999713897705,1.590000033378601,9200,0.0,0.0
2020-01-30 00:00:00-05:00,1.5800000429153442,1.6299999952316284,1.4700000286102295,1.5499999523162842,12400,0.0,0.0
2020-01-31 00:00:00-05:00,1.5,1.5,1.409999966621399,1.4500000476837158,48400,0.0,0.0
2020-02-03 00:00:00-05:00,1.4900000095367432,1.4900000095367432,1.409999966621399,1.409999966621399,10800,0.0,0.0
2020-02-04 00:00:00-05:00,1.4600000381469727,1.5,1.4500000476837158,1.4700000286102295,13800,0.0,0.0
2020-02-05 00:00:00-05:00,1.4800000190734863,1.5299999713897705,1.440000057220459,1.4700000286102295,24200,0.0,0.0
2020-02-06 00:00:00-05:00,1.5,1.5299999713897705,1.4500000476837158,1.4800000190734863,23900,0.0,0.0
2020-02-07 00:00:00-05:00,1.5,1.5,1.4199999570846558,1.4800000190734863,12400,0.0,0.0
2020-02-10 00:00:00-05:00,1.4800000190734863,1.5199999809265137,1.4800000190734863,1.5199999809265137,13300,0.0,0.0
2020-02-11 00:00:00-05:00,1.5099999904632568,1.5800000429153442,1.4500000476837158,1.5,27100,0.0,0.0
2020-02-12 00:00:00-05:00,1.5,1.6299999952316284,1.5,1.6299999952316284,44800,0.0,0.0
2020-02-13 00:00:00-05:00,1.6200000047683716,1.659999966621399,1.5199999809265137,1.590000033378601,24700,0.0,0.0
2020-02-14 00:00:00-05:00,1.600000023841858,1.6799999475479126,1.600000023841858,1.6699999570846558,10100,0.0,0.0
2020-02-18 00:00:00-05:00,1.6399999856948853,1.6799999475479126,1.5800000429153442,1.6799999475479126,2500,0.0,0.0
2020-02-19 00:00:00-05:00,1.6399999856948853,1.6399999856948853,1.600000023841858,1.600000023841858,2100,0.0,0.0
2020-02-20 00:00:00-05:00,1.5800000429153442,1.6399999856948853,1.5399999618530273,1.6299999952316284,8300,0.0,0.0
2020-02-21 00:00:00-05:00,1.600000023841858,1.6799999475479126,1.600000023841858,1.600000023841858,3300,0.0,0.0
2020-02-24 00:00:00-05:00,1.5499999523162842,1.600000023841858,1.5099999904632568,1.5700000524520874,39500,0.0,0.0
2020-02-25 00:00:00-05:00,1.5499999523162842,1.600000023841858,1.5399999618530273,1.5399999618530273,17500,0.0,0.0
2020-02-26 00:00:00-05:00,1.5299999713897705,1.5399999618530273,1.4500000476837158,1.4900000095367432,16900,0.0,0.0
2020-02-27 00:00:00-05:00,1.4700000286102295,1.4700000286102295,1.4199999570846558,1.440000057220459,36900,0.0,0.0
2020-02-28 00:00:00-05:00,1.4199999570846558,1.4299999475479126,1.2999999523162842,1.350000023841858,47100,0.0,0.0
2020-03-02 00:00:00-05:00,1.3200000524520874,1.399999976158142,1.3200000524520874,1.3600000143051147,15500,0.0,0.0
2020-03-03 00:00:00-05:00,1.3600000143051147,1.399999976158142,1.350000023841858,1.399999976158142,8100,0.0,0.0
2020-03-04 00:00:00-05:00,1.3700000047683716,1.399999976158142,1.3300000429153442,1.399999976158142,14500,0.0,0.0
2020-03-05 00:00:00-05:00,1.399999976158142,1.4500000476837158,1.3300000429153442,1.4500000476837158,23700,0.0,0.0
2020-03-06 00:00:00-05:00,1.4299999475479126,1.4299999475479126,1.2599999904632568,1.2599999904632568,61800,0.0,0.0
2020-03-09 00:00:00-04:00,1.0099999904632568,1.2300000190734863,1.0,1.0700000524520874,42400,0.0,0.0
2020-03-10 00:00:00-04:00,1.149999976158142,1.2000000476837158,1.100000023841858,1.159999966621399,14500,0.0,0.0
2020-03-11 00:00:00-04:00,1.149999976158142,1.149999976158142,1.0099999904632568,1.0099999904632568,35400,0.0,0.0
2020-03-12 00:00:00-04:00,0.9100000262260437,1.0,0.800000011920929,0.949999988079071,14000,0.0,0.0
2020-03-13 00:00:00-04:00,0.9100000262260437,1.4299999475479126,0.8199999928474426,1.0399999618530273,28900,0.0,0.0
2020-03-16 00:00:00-04:00,1.1100000143051147,1.1100000143051147,0.800000011920929,0.8600000143051147,68600,0.0,0.0
2020-03-17 00:00:00-04:00,0.8999999761581421,1.0,0.7599999904632568,0.800000011920929,331100,0.0,0.0
2020-03-18 00:00:00-04:00,0.7599999904632568,1.2899999618530273,0.7300000190734863,0.9100000262260437,813400,0.0,0.0
2020-03-19 00:00:00-04:00,0.9100000262260437,1.149999976158142,0.800000011920929,0.8999999761581421,295100,0.0,0.0
2020-03-20 00:00:00-04:00,0.800000011920929,0.8899999856948853,0.6200000047683716,0.7300000190734863,162800,0.0,0.0
2020-03-23 00:00:00-04:00,0.6899999976158142,0.75,0.550000011920929,0.699999988079071,152700,0.0,0.0
2020-03-24 00:00:00-04:00,0.7099999785423279,0.7099999785423279,0.6000000238418579,0.6000000238418579,86100,0.0,0.0
2020-03-25 00:00:00-04:00,0.6000000238418579,0.6499999761581421,0.550000011920929,0.5799999833106995,76800,0.0,0.0
2020-03-26 00:00:00-04:00,0.6000000238418579,0.8199999928474426,0.5799999833106995,0.7300000190734863,152000,0.0,0.0
2020-03-27 00:00:00-04:00,0.699999988079071,0.7400000095367432,0.5600000023841858,0.5799999833106995,136400,0.0,0.0
2020-03-30 00:00:00-04:00,0.6100000143051147,0.6299999952316284,0.5699999928474426,0.6100000143051147,38500,0.0,0.0
2020-03-31 00:00:00-04:00,0.6000000238418579,0.6499999761581421,0.5799999833106995,0.5799999833106995,55900,0.0,0.0
2020-04-01 00:00:00-04:00,0.6200000047683716,0.6200000047683716,0.5099999904632568,0.5299999713897705,30500,0.0,0.0
2020-04-02 00:00:00-04:00,0.5600000023841858,0.6000000238418579,0.5099999904632568,0.5099999904632568,47200,0.0,0.0
2020-04-03 00:00:00-04:00,0.5,0.5699999928474426,0.44999998807907104,0.4699999988079071,49000,0.0,0.0
2020-04-06 00:00:00-04:00,0.5299999713897705,0.5299999713897705,0.49000000953674316,0.5,40400,0.0,0.0
2020-04-07 00:00:00-04:00,0.5,0.5,0.47999998927116394,0.49000000953674316,45900,0.0,0.0
2020-04-08 00:00:00-04:00,0.5,0.5,0.44999998807907104,0.44999998807907104,122700,0.0,0.0
2020-04-09 00:00:00-04:00,0.5,0.550000011920929,0.47999998927116394,0.5,297300,0.0,0.0
2020-04-13 00:00:00-04:00,0.550000011920929,0.5899999737739563,0.5,0.5699999928474426,100500,0.0,0.0
2020-04-14 00:00:00-04:00,0.5799999833106995,0.7300000190734863,0.5799999833106995,0.6399999856948853,102100,0.0,0.0
2020-04-15 00:00:00-04:00,0.6899999976158142,0.8399999737739563,0.6399999856948853,0.7699999809265137,281000,0.0,0.0
2020-04-16 00:00:00-04:00,0.800000011920929,0.8299999833106995,0.699999988079071,0.7099999785423279,77800,0.0,0.0
2020-04-17 00:00:00-04:00,0.699999988079071,1.0,0.699999988079071,0.8700000047683716,188500,0.0,0.0
2020-04-20 00:00:00-04:00,0.7099999785423279,0.8600000143051147,0.7099999785423279,0.8299999833106995,108300,0.0,0.0
2020-04-21 00:00:00-04:00,0.8199999928474426,0.8199999928474426,0.7799999713897705,0.800000011920929,23000,0.0,0.0
2020-04-22 00:00:00-04:00,0.800000011920929,0.800000011920929,0.7099999785423279,0.7300000190734863,64100,0.0,0.0
2020-04-23 00:00:00-04:00,0.7300000190734863,0.7799999713897705,0.7200000286102295,0.7400000095367432,39200,0.0,0.0
2020-04-24 00:00:00-04:00,0.7400000095367432,0.7900000214576721,0.699999988079071,0.699999988079071,67000,0.0,0.0
2020-04-27 00:00:00-04:00,0.7400000095367432,0.7799999713897705,0.7200000286102295,0.7300000190734863,42100,0.0,0.0
2020-04-28 00:00:00-04:00,0.7699999809265137,0.7699999809265137,0.699999988079071,0.7400000095367432,32600,0.0,0.0
2020-04-29 00:00:00-04:00,0.75,0.9100000262260437,0.7400000095367432,0.8600000143051147,301800,0.0,0.0
2020-04-30 00:00:00-04:00,0.8999999761581421,0.9100000262260437,0.800000011920929,0.8199999928474426,66100,0.0,0.0
2020-05-01 00:00:00-04:00,0.8899999856948853,0.8899999856948853,0.8199999928474426,0.8600000143051147,85900,0.0,0.0
2020-05-04 00:00:00-04:00,0.8399999737739563,0.8399999737739563,0.7599999904632568,0.8100000023841858,27300,0.0,0.0
2020-05-05 00:00:00-04:00,0.8299999833106995,0.8500000238418579,0.800000011920929,0.8100000023841858,73200,0.0,0.0
2020-05-06 00:00:00-04:00,0.8399999737739563,0.8399999737739563,0.75,0.8199999928474426,39400,0.0,0.0
2020-05-07 00:00:00-04:00,0.8199999928474426,0.8500000238418579,0.75,0.8299999833106995,43500,0.0,0.0
2020-05-08 00:00:00-04:00,0.8600000143051147,0.8999999761581421,0.7599999904632568,0.8399999737739563,66500,0.0,0.0
2020-05-11 00:00:00-04:00,0.8700000047683716,1.0199999809265137,0.8500000238418579,0.9700000286102295,132500,0.0,0.0
2020-05-12 00:00:00-04:00,1.0099999904632568,1.2000000476837158,0.8999999761581421,0.8999999761581421,212900,0.0,0.0
2020-05-13 00:00:00-04:00,0.9800000190734863,1.059999942779541,0.7799999713897705,0.8299999833106995,99400,0.0,0.0
2020-05-14 00:00:00-04:00,0.949999988079071,0.949999988079071,0.8299999833106995,0.8899999856948853,38000,0.0,0.0
2020-05-15 00:00:00-04:00,0.9200000166893005,1.190000057220459,0.9200000166893005,1.159999966621399,204000,0.0,0.0
2020-05-18 00:00:00-04:00,1.2000000476837158,1.3600000143051147,1.149999976158142,1.25,186300,0.0,0.0
2020-05-19 00:00:00-04:00,1.2599999904632568,1.2999999523162842,1.1799999475479126,1.2100000381469727,121900,0.0,0.0
2020-05-20 00:00:00-04:00,1.1799999475479126,1.1799999475479126,1.0,1.0800000429153442,194100,0.0,0.0
2020-05-21 00:00:00-04:00,1.0800000429153442,1.25,1.0,1.1699999570846558,144200,0.0,0.0
2020-05-22 00:00:00-04:00,1.1399999856948853,1.1699999570846558,1.0700000524520874,1.1299999952316284,59200,0.0,0.0
2020-05-26 00:00:00-04:00,1.149999976158142,1.2100000381469727,1.100000023841858,1.1299999952316284,47100,0.0,0.0
2020-05-27 00:00:00-04:00,1.149999976158142,1.2400000095367432,1.0800000429153442,1.2400000095367432,109600,0.0,0.0
2020-05-28 00:00:00-04:00,1.1799999475479126,1.2300000190734863,1.1299999952316284,1.2300000190734863,70800,0.0,0.0
2020-05-29 00:00:00-04:00,1.1699999570846558,1.1799999475479126,1.100000023841858,1.159999966621399,42400,0.0,0.0
2020-06-01 00:00:00-04:00,1.1799999475479126,1.2000000476837158,1.159999966621399,1.190000057220459,43100,0.0,0.0
2020-06-02 00:00:00-04:00,1.2000000476837158,1.2000000476837158,1.1100000143051147,1.149999976158142,36700,0.0,0.0
2020-06-03 00:00:00-04:00,1.2100000381469727,1.2400000095367432,1.1200000047683716,1.2400000095367432,41600,0.0,0.0
2020-06-04 00:00:00-04:00,1.2000000476837158,1.2400000095367432,1.2000000476837158,1.2400000095367432,49900,0.0,0.0
2020-06-05 00:00:00-04:00,1.2400000095367432,1.2999999523162842,1.159999966621399,1.2400000095367432,92400,0.0,0.0
2020-06-08 00:00:00-04:00,1.2999999523162842,1.590000033378601,1.2999999523162842,1.5399999618530273,154700,0.0,0.0
2020-06-09 00:00:00-04:00,1.5,1.5,1.2200000286102295,1.3600000143051147,103900,0.0,0.0
2020-06-10 00:00:00-04:00,1.309999942779541,1.3600000143051147,1.1399999856948853,1.2000000476837158,109600,0.0,0.0
2020-06-11 00:00:00-04:00,1.2000000476837158,1.2000000476837158,1.0499999523162842,1.100000023841858,149600,0.0,0.0
2020-06-12 00:00:00-04:00,1.149999976158142,1.2000000476837158,1.149999976158142,1.1799999475479126,48700,0.0,0.0
2020-06-15 00:00:00-04:00,1.1399999856948853,1.2100000381469727,1.1100000143051147,1.1799999475479126,25900,0.0,0.0
2020-06-16 00:00:00-04:00,1.2300000190734863,1.2400000095367432,1.1200000047683716,1.2000000476837158,58300,0.0,0.0
2020-06-17 00:00:00-04:00,1.2100000381469727,1.2300000190734863,1.159999966621399,1.159999966621399,6100,0.0,0.0
2020-06-18 00:00:00-04:00,1.159999966621399,1.1799999475479126,1.1299999952316284,1.149999976158142,27300,0.0,0.0
2020-06-19 00:00:00-04:00,1.159999966621399,1.1699999570846558,1.1200000047683716,1.1399999856948853,58700,0.0,0.0
2020-06-22 00:00:00-04:00,1.190000057220459,1.2000000476837158,1.1100000143051147,1.1299999952316284,32900,0.0,0.0
2020-06-23 00:00:00-04:00,1.149999976158142,1.149999976158142,1.100000023841858,1.1200000047683716,14800,0.0,0.0
2020-06-24 00:00:00-04:00,1.1100000143051147,1.159999966621399,1.100000023841858,1.1299999952316284,57000,0.0,0.0
2020-06-25 00:00:00-04:00,1.1200000047683716,1.2300000190734863,1.1200000047683716,1.2100000381469727,118900,0.0,0.0
2020-06-26 00:00:00-04:00,1.2200000286102295,1.2200000286102295,1.149999976158142,1.2000000476837158,57500,0.0,0.0
2020-06-29 00:00:00-04:00,1.1699999570846558,1.2000000476837158,1.149999976158142,1.1799999475479126,26100,0.0,0.0
2020-06-30 00:00:00-04:00,1.1799999475479126,1.2400000095367432,1.159999966621399,1.2300000190734863,42100,0.0,0.0
2020-07-01 00:00:00-04:00,1.2300000190734863,1.2899999618530273,1.2200000286102295,1.2799999713897705,22200,0.0,0.0
2020-07-02 00:00:00-04:00,1.2599999904632568,1.2999999523162842,1.2200000286102295,1.2400000095367432,26700,0.0,0.0
2020-07-06 00:00:00-04:00,1.2400000095367432,1.2799999713897705,1.190000057220459,1.2200000286102295,35200,0.0,0.0
2020-07-07 00:00:00-04:00,1.2400000095367432,1.2999999523162842,1.2200000286102295,1.2400000095367432,33600,0.0,0.0
2020-07-08 00:00:00-04:00,1.25,1.2799999713897705,1.1799999475479126,1.2000000476837158,25400,0.0,0.0
2020-07-09 00:00:00-04:00,1.190000057220459,1.2400000095367432,1.190000057220459,1.190000057220459,14900,0.0,0.0
2020-07-10 00:00:00-04:00,1.2899999618530273,1.2899999618530273,1.2000000476837158,1.2100000381469727,16500,0.0,0.0
2020-07-13 00:00:00-04:00,1.25,1.25,1.1799999475479126,1.2200000286102295,39700,0.0,0.0
2020-07-14 00:00:00-04:00,1.2000000476837158,1.2100000381469727,1.1699999570846558,1.2100000381469727,7700,0.0,0.0
2020-07-15 00:00:00-04:00,1.190000057220459,1.2400000095367432,1.1799999475479126,1.2200000286102295,31900,0.0,0.0
2020-07-16 00:00:00-04:00,1.2300000190734863,1.2699999809265137,1.2300000190734863,1.25,2600,0.0,0.0
2020-07-17 00:00:00-04:00,1.25,1.2699999809265137,1.25,1.2599999904632568,11300,0.0,0.0
2020-07-20 00:00:00-04:00,1.2799999713897705,1.2799999713897705,1.1799999475479126,1.190000057220459,23200,0.0,0.0
2020-07-21 00:00:00-04:00,1.1699999570846558,1.2200000286102295,1.1699999570846558,1.2200000286102295,8300,0.0,0.0
2020-07-22 00:00:00-04:00,1.2100000381469727,1.2400000095367432,1.1799999475479126,1.1799999475479126,6700,0.0,0.0
2020-07-23 00:00:00-04:00,1.2100000381469727,1.2300000190734863,1.159999966621399,1.190000057220459,11800,0.0,0.0
2020-07-24 00:00:00-04:00,1.1699999570846558,1.190000057220459,1.149999976158142,1.159999966621399,18300,0.0,0.0
2020-07-27 00:00:00-04:00,1.1799999475479126,1.2000000476837158,1.149999976158142,1.2000000476837158,17200,0.0,0.0
2020-07-28 00:00:00-04:00,1.190000057220459,1.2000000476837158,1.1399999856948853,1.1699999570846558,33700,0.0,0.0
2020-07-29 00:00:00-04:00,1.1799999475479126,1.190000057220459,1.1399999856948853,1.159999966621399,10000,0.0,0.0
2020-07-30 00:00:00-04:00,1.1100000143051147,1.190000057220459,1.090000033378601,1.1100000143051147,31400,0.0,0.0
2020-07-31 00:00:00-04:00,1.1200000047683716,1.159999966621399,1.100000023841858,1.1299999952316284,11400,0.0,0.0
2020-08-03 00:00:00-04:00,1.1299999952316284,1.159999966621399,1.059999942779541,1.0800000429153442,55500,0.0,0.0
2020-08-04 00:00:00-04:00,1.059999942779541,1.090000033378601,1.059999942779541,1.0800000429153442,19200,0.0,0.0
2020-08-05 00:00:00-04:00,1.100000023841858,1.1299999952316284,1.090000033378601,1.1299999952316284,27200,0.0,0.0
2020-08-06 00:00:00-04:00,1.1100000143051147,1.1399999856948853,1.0800000429153442,1.0800000429153442,14400,0.0,0.0
2020-08-07 00:00:00-04:00,1.1200000047683716,1.1399999856948853,1.090000033378601,1.1399999856948853,29600,0.0,0.0
2020-08-10 00:00:00-04:00,1.159999966621399,1.159999966621399,1.1200000047683716,1.1399999856948853,17400,0.0,0.0
2020-08-11 00:00:00-04:00,1.1299999952316284,1.2400000095367432,1.1299999952316284,1.190000057220459,38600,0.0,0.0
2020-08-12 00:00:00-04:00,1.2000000476837158,1.2799999713897705,1.1200000047683716,1.1699999570846558,133000,0.0,0.0
2020-08-13 00:00:00-04:00,1.1699999570846558,1.2000000476837158,1.100000023841858,1.1699999570846558,170700,0.0,0.0
2020-08-14 00:00:00-04:00,1.1799999475479126,1.3799999952316284,1.1399999856948853,1.350000023841858,256300,0.0,0.0
2020-08-17 00:00:00-04:00,1.3300000429153442,1.3899999856948853,1.3300000429153442,1.3700000047683716,51800,0.0,0.0
2020-08-18 00:00:00-04:00,1.3300000429153442,1.350000023841858,1.2200000286102295,1.309999942779541,42700,0.0,0.0
2020-08-19 00:00:00-04:00,1.2799999713897705,2.200000047683716,1.2799999713897705,1.7300000190734863,486000,0.0,0.0
2020-08-20 00:00:00-04:00,1.600000023841858,1.6799999475479126,1.409999966621399,1.5499999523162842,121500,0.0,0.0
2020-08-21 00:00:00-04:00,1.5,1.7400000095367432,1.5,1.6299999952316284,213500,0.0,0.0
2020-08-24 00:00:00-04:00,1.6399999856948853,1.7999999523162842,1.6399999856948853,1.6399999856948853,57900,0.0,0.0
2020-08-25 00:00:00-04:00,1.6799999475479126,1.7300000190734863,1.600000023841858,1.6399999856948853,32000,0.0,0.0
2020-08-26 00:00:00-04:00,1.6299999952316284,1.6699999570846558,1.559999942779541,1.659999966621399,50200,0.0,0.0
2020-08-27 00:00:00-04:00,1.659999966621399,1.7200000286102295,1.6100000143051147,1.6699999570846558,33000,0.0,0.0
2020-08-28 00:00:00-04:00,1.7200000286102295,1.7300000190734863,1.5700000524520874,1.590000033378601,79900,0.0,0.0
2020-08-31 00:00:00-04:00,1.590000033378601,1.6699999570846558,1.5,1.5399999618530273,139100,0.0,0.0
2020-09-01 00:00:00-04:00,1.5399999618530273,1.600000023841858,1.5099999904632568,1.5199999809265137,20300,0.0,0.0
2020-09-02 00:00:00-04:00,1.5499999523162842,1.6699999570846558,1.5099999904632568,1.649999976158142,30500,0.0,0.0
2020-09-03 00:00:00-04:00,1.6799999475479126,1.7400000095367432,1.6299999952316284,1.649999976158142,31800,0.0,0.0
2020-09-04 00:00:00-04:00,1.6799999475479126,1.6799999475479126,1.600000023841858,1.6699999570846558,14300,0.0,0.0
2020-09-08 00:00:00-04:00,1.6399999856948853,1.7400000095367432,1.5499999523162842,1.600000023841858,90200,0.0,0.0
2020-09-09 00:00:00-04:00,1.5499999523162842,1.600000023841858,1.5499999523162842,1.5700000524520874,12300,0.0,0.0
2020-09-10 00:00:00-04:00,1.5499999523162842,1.600000023841858,1.5099999904632568,1.5199999809265137,14800,0.0,0.0
2020-09-11 00:00:00-04:00,1.5499999523162842,1.5499999523162842,1.5099999904632568,1.5399999618530273,5600,0.0,0.0
2020-09-14 00:00:00-04:00,1.5299999713897705,1.559999942779541,1.5199999809265137,1.5499999523162842,8600,0.0,0.0
2020-09-15 00:00:00-04:00,1.5199999809265137,1.5499999523162842,1.5099999904632568,1.5199999809265137,8700,0.0,0.0
2020-09-16 00:00:00-04:00,1.4500000476837158,1.4800000190734863,1.409999966621399,1.4600000381469727,30600,0.0,0.0
2020-09-17 00:00:00-04:00,1.409999966621399,1.5199999809265137,1.409999966621399,1.5199999809265137,4900,0.0,0.0
2020-09-18 00:00:00-04:00,1.5,1.5399999618530273,1.4600000381469727,1.5299999713897705,4100,0.0,0.0
2020-09-21 00:00:00-04:00,1.4700000286102295,1.5499999523162842,1.4199999570846558,1.4600000381469727,18600,0.0,0.0
2020-09-22 00:00:00-04:00,1.4500000476837158,1.4900000095367432,1.4199999570846558,1.440000057220459,7400,0.0,0.0
2020-09-23 00:00:00-04:00,1.4199999570846558,1.4500000476837158,1.399999976158142,1.399999976158142,21400,0.0,0.0
2020-09-24 00:00:00-04:00,1.399999976158142,1.409999966621399,1.3200000524520874,1.3200000524520874,13300,0.0,0.0
2020-09-25 00:00:00-04:00,1.350000023841858,1.350000023841858,1.3200000524520874,1.3200000524520874,4000,0.0,0.0
2020-09-28 00:00:00-04:00,1.3600000143051147,1.4199999570846558,1.340000033378601,1.409999966621399,15400,0.0,0.0
2020-09-29 00:00:00-04:00,1.4700000286102295,1.4700000286102295,1.3899999856948853,1.4199999570846558,18000,0.0,0.0
2020-09-30 00:00:00-04:00,1.440000057220459,1.5299999713897705,1.350000023841858,1.4600000381469727,7600,0.0,0.0
2020-10-01 00:00:00-04:00,1.4900000095367432,1.4900000095367432,1.440000057220459,1.4800000190734863,4200,0.0,0.0
2020-10-02 00:00:00-04:00,1.4700000286102295,1.6399999856948853,1.4600000381469727,1.5099999904632568,10900,0.0,0.0
2020-10-05 00:00:00-04:00,1.559999942779541,1.559999942779541,1.399999976158142,1.4800000190734863,19800,0.0,0.0
2020-10-06 00:00:00-04:00,1.4800000190734863,1.5499999523162842,1.399999976158142,1.5,23800,0.0,0.0
2020-10-07 00:00:00-04:00,1.5499999523162842,1.7200000286102295,1.5099999904632568,1.5499999523162842,90100,0.0,0.0
2020-10-08 00:00:00-04:00,1.6100000143051147,1.659999966621399,1.5199999809265137,1.6399999856948853,19100,0.0,0.0
2020-10-09 00:00:00-04:00,1.690000057220459,1.690000057220459,1.5,1.6100000143051147,19700,0.0,0.0
2020-10-12 00:00:00-04:00,1.5399999618530273,1.649999976158142,1.5299999713897705,1.649999976158142,6700,0.0,0.0
2020-10-13 00:00:00-04:00,1.7000000476837158,1.7300000190734863,1.6399999856948853,1.6399999856948853,21600,0.0,0.0
2020-10-14 00:00:00-04:00,1.6399999856948853,1.7200000286102295,1.5800000429153442,1.6200000047683716,14000,0.0,0.0
2020-10-15 00:00:00-04:00,1.6200000047683716,1.7100000381469727,1.5499999523162842,1.600000023841858,7800,0.0,0.0
2020-10-16 00:00:00-04:00,1.6200000047683716,1.6299999952316284,1.5199999809265137,1.5399999618530273,18700,0.0,0.0
2020-10-19 00:00:00-04:00,1.5099999904632568,1.6399999856948853,1.5099999904632568,1.6399999856948853,9400,0.0,0.0
2020-10-20 00:00:00-04:00,1.5800000429153442,1.6399999856948853,1.5800000429153442,1.6299999952316284,6700,0.0,0.0
2020-10-21 00:00:00-04:00,1.6299999952316284,1.6299999952316284,1.590000033378601,1.6100000143051147,8400,0.0,0.0
2020-10-22 00:00:00-04:00,1.6299999952316284,1.6699999570846558,1.6100000143051147,1.6399999856948853,6600,0.0,0.0
2020-10-23 00:00:00-04:00,1.6299999952316284,1.6699999570846558,1.6200000047683716,1.659999966621399,22000,0.0,0.0
2020-10-26 00:00:00-04:00,1.6799999475479126,1.899999976158142,1.4900000095367432,1.5299999713897705,328400,0.0,0.0
2020-10-27 00:00:00-04:00,1.5700000524520874,1.590000033378601,1.4299999475479126,1.4299999475479126,43000,0.0,0.0
2020-10-28 00:00:00-04:00,1.4900000095367432,1.4900000095367432,1.2999999523162842,1.350000023841858,36900,0.0,0.0
2020-10-29 00:00:00-04:00,1.3200000524520874,1.4800000190734863,1.309999942779541,1.440000057220459,19200,0.0,0.0
2020-10-30 00:00:00-04:00,1.409999966621399,1.409999966621399,1.2899999618530273,1.2899999618530273,36400,0.0,0.0
2020-11-02 00:00:00-05:00,1.350000023841858,1.350000023841858,1.149999976158142,1.190000057220459,52100,0.0,0.0
2020-11-03 00:00:00-05:00,1.159999966621399,1.3300000429153442,1.159999966621399,1.2799999713897705,17100,0.0,0.0
2020-11-04 00:00:00-05:00,1.2999999523162842,1.2999999523162842,1.2300000190734863,1.2599999904632568,13600,0.0,0.0
2020-11-05 00:00:00-05:00,1.2599999904632568,1.3300000429153442,1.2599999904632568,1.2699999809265137,18600,0.0,0.0
2020-11-06 00:00:00-05:00,1.2999999523162842,1.2999999523162842,1.25,1.2799999713897705,8500,0.0,0.0
2020-11-09 00:00:00-05:00,1.399999976158142,1.399999976158142,1.309999942779541,1.3799999952316284,34600,0.0,0.0
2020-11-10 00:00:00-05:00,1.3600000143051147,1.4800000190734863,1.3600000143051147,1.3700000047683716,16500,0.0,0.0
2020-11-11 00:00:00-05:00,1.4199999570846558,1.4600000381469727,1.3600000143051147,1.4600000381469727,68700,0.0,0.0
2020-11-12 00:00:00-05:00,1.4600000381469727,1.4600000381469727,1.3700000047683716,1.3799999952316284,14900,0.0,0.0
2020-11-13 00:00:00-05:00,1.399999976158142,1.409999966621399,1.3700000047683716,1.3700000047683716,15300,0.0,0.0
2020-11-16 00:00:00-05:00,1.399999976158142,1.4700000286102295,1.3799999952316284,1.3899999856948853,51300,0.0,0.0
2020-11-17 00:00:00-05:00,1.4199999570846558,1.4199999570846558,1.3600000143051147,1.3700000047683716,9300,0.0,0.0
2020-11-18 00:00:00-05:00,1.3700000047683716,1.4500000476837158,1.350000023841858,1.409999966621399,157500,0.0,0.0
2020-11-19 00:00:00-05:00,1.3600000143051147,1.440000057220459,1.340000033378601,1.3799999952316284,54600,0.0,0.0
2020-11-20 00:00:00-05:00,1.3700000047683716,1.409999966621399,1.3300000429153442,1.3899999856948853,26900,0.0,0.0
2020-11-23 00:00:00-05:00,1.440000057220459,1.6299999952316284,1.3899999856948853,1.600000023841858,156200,0.0,0.0
2020-11-24 00:00:00-05:00,1.4900000095367432,1.5700000524520874,1.3200000524520874,1.5099999904632568,58000,0.0,0.0
2020-11-25 00:00:00-05:00,1.5099999904632568,1.6200000047683716,1.4800000190734863,1.5399999618530273,26900,0.0,0.0
2020-11-27 00:00:00-05:00,1.5800000429153442,1.5800000429153442,1.5199999809265137,1.5299999713897705,18100,0.0,0.0
2020-11-30 00:00:00-05:00,1.5,1.659999966621399,1.5,1.649999976158142,22200,0.0,0.0
2020-12-01 00:00:00-05:00,1.659999966621399,1.659999966621399,1.5800000429153442,1.600000023841858,27100,0.0,0.0
2020-12-02 00:00:00-05:00,1.5499999523162842,1.6299999952316284,1.4900000095367432,1.6100000143051147,37300,0.0,0.0
2020-12-03 00:00:00-05:00,1.5800000429153442,1.649999976158142,1.5800000429153442,1.649999976158142,23300,0.0,0.0
2020-12-04 00:00:00-05:00,1.659999966621399,1.75,1.6100000143051147,1.7300000190734863,111700,0.0,0.0
2020-12-07 00:00:00-05:00,1.7400000095367432,1.7899999618530273,1.6200000047683716,1.6399999856948853,61100,0.0,0.0
2020-12-08 00:00:00-05:00,1.7000000476837158,1.7999999523162842,1.6100000143051147,1.75,86700,0.0,0.0
2020-12-09 00:00:00-05:00,1.7899999618530273,1.9299999475479126,1.7000000476837158,1.7599999904632568,154200,0.0,0.0
2020-12-10 00:00:00-05:00,1.7599999904632568,1.9500000476837158,1.6399999856948853,1.8600000143051147,40200,0.0,0.0
2020-12-11 00:00:00-05:00,1.9299999475479126,1.9299999475479126,1.8600000143051147,1.909999966621399,33100,0.0,0.0
2020-12-14 00:00:00-05:00,1.909999966621399,1.9199999570846558,1.7999999523162842,1.899999976158142,46300,0.0,0.0
2020-12-15 00:00:00-05:00,1.8600000143051147,2.0299999713897705,1.8600000143051147,1.9500000476837158,163700,0.0,0.0
2020-12-16 00:00:00-05:00,2.1500000953674316,2.240000009536743,2.059999942779541,2.109999895095825,255300,0.0,0.0
2020-12-17 00:00:00-05:00,2.240000009536743,2.299999952316284,2.190000057220459,2.2799999713897705,149600,0.0,0.0
2020-12-18 00:00:00-05:00,2.299999952316284,2.369999885559082,2.200000047683716,2.240000009536743,119200,0.0,0.0
2020-12-21 00:00:00-05:00,2.1700000762939453,2.25,2.059999942779541,2.180000066757202,101100,0.0,0.0
2020-12-22 00:00:00-05:00,2.200000047683716,2.2699999809265137,2.1500000953674316,2.2300000190734863,43100,0.0,0.0
2020-12-23 00:00:00-05:00,2.2300000190734863,2.4700000286102295,2.2100000381469727,2.3299999237060547,158300,0.0,0.0
2020-12-24 00:00:00-05:00,2.430000066757202,2.8499999046325684,2.380000114440918,2.740000009536743,188800,0.0,0.0
2020-12-28 00:00:00-05:00,3.0,3.240000009536743,2.809999942779541,3.119999885559082,239100,0.0,0.0
2020-12-29 00:00:00-05:00,3.0399999618530273,3.0999999046325684,2.509999990463257,2.559999942779541,173000,0.0,0.0
2020-12-30 00:00:00-05:00,2.6700000762939453,3.2300000190734863,2.6700000762939453,2.930000066757202,241500,0.0,0.0
2020-12-31 00:00:00-05:00,3.0299999713897705,3.140000104904175,2.700000047683716,2.8499999046325684,144400,0.0,0.0
2021-01-04 00:00:00-05:00,2.990000009536743,3.0399999618530273,2.799999952316284,2.950000047683716,104900,0.0,0.0
2021-01-05 00:00:00-05:00,3.0,3.0999999046325684,2.9000000953674316,3.0299999713897705,70700,0.0,0.0
2021-01-06 00:00:00-05:00,3.0,3.0199999809265137,2.9000000953674316,2.9000000953674316,79000,0.0,0.0
2021-01-07 00:00:00-05:00,2.9100000858306885,2.950000047683716,2.7799999713897705,2.819999933242798,36800,0.0,0.0
2021-01-08 00:00:00-05:00,2.759999990463257,2.9000000953674316,2.759999990463257,2.7799999713897705,49600,0.0,0.0
2021-01-11 00:00:00-05:00,2.75,2.8399999141693115,2.700000047683716,2.7699999809265137,57300,0.0,0.0
2021-01-12 00:00:00-05:00,2.819999933242798,2.880000114440918,2.759999990463257,2.819999933242798,60200,0.0,0.0
2021-01-13 00:00:00-05:00,2.8399999141693115,2.890000104904175,2.809999942779541,2.8299999237060547,11600,0.0,0.0
2021-01-14 00:00:00-05:00,2.8299999237060547,3.380000114440918,2.8299999237060547,3.059999942779541,324300,0.0,0.0
2021-01-15 00:00:00-05:00,3.059999942779541,3.0899999141693115,2.799999952316284,2.890000104904175,111300,0.0,0.0
2021-01-19 00:00:00-05:00,2.9800000190734863,3.059999942779541,2.890000104904175,3.059999942779541,61200,0.0,0.0
2021-01-20 00:00:00-05:00,3.0399999618530273,3.0399999618530273,2.940000057220459,2.9600000381469727,44700,0.0,0.0
2021-01-21 00:00:00-05:00,2.9800000190734863,3.0199999809265137,2.9200000762939453,2.9600000381469727,37700,0.0,0.0
2021-01-22 00:00:00-05:00,2.9100000858306885,2.9600000381469727,2.7899999618530273,2.9000000953674316,26300,0.0,0.0
2021-01-25 00:00:00-05:00,2.869999885559082,2.9600000381469727,2.569999933242798,2.940000057220459,78800,0.0,0.0
2021-01-26 00:00:00-05:00,2.940000057220459,2.950000047683716,2.75,2.9200000762939453,21600,0.0,0.0
2021-01-27 00:00:00-05:00,2.799999952316284,2.950000047683716,2.700000047683716,2.7799999713897705,57800,0.0,0.0
2021-01-28 00:00:00-05:00,2.740000009536743,2.869999885559082,2.7200000286102295,2.859999895095825,25400,0.0,0.0
2021-01-29 00:00:00-05:00,2.7799999713897705,2.8499999046325684,2.7300000190734863,2.799999952316284,50900,0.0,0.0
2021-02-01 00:00:00-05:00,2.8299999237060547,2.940000057220459,2.799999952316284,2.880000114440918,22300,0.0,0.0
2021-02-02 00:00:00-05:00,2.859999895095825,3.049999952316284,2.799999952316284,3.0,100000,0.0,0.0
2021-02-03 00:00:00-05:00,3.0999999046325684,3.3499999046325684,2.9200000762939453,3.3499999046325684,125700,0.0,0.0
2021-02-04 00:00:00-05:00,3.369999885559082,3.5,3.109999895095825,3.109999895095825,86200,0.0,0.0
2021-02-05 00:00:00-05:00,3.25,3.640000104904175,3.25,3.549999952316284,202900,0.0,0.0
2021-02-08 00:00:00-05:00,3.640000104904175,3.990000009536743,3.630000114440918,3.7699999809265137,77000,0.0,0.0
2021-02-09 00:00:00-05:00,3.7300000190734863,3.740000009536743,3.4800000190734863,3.490000009536743,124300,0.0,0.0
2021-02-10 00:00:00-05:00,3.4800000190734863,3.490000009536743,3.299999952316284,3.440000057220459,55700,0.0,0.0
2021-02-11 00:00:00-05:00,3.390000104904175,3.5999999046325684,3.309999942779541,3.5199999809265137,83700,0.0,0.0
2021-02-12 00:00:00-05:00,3.640000104904175,3.7799999713897705,3.180000066757202,3.4600000381469727,509200,0.0,0.0
2021-02-16 00:00:00-05:00,3.299999952316284,3.4000000953674316,3.25,3.3299999237060547,90300,0.0,0.0
2021-02-17 00:00:00-05:00,3.3399999141693115,3.4700000286102295,3.3399999141693115,3.4200000762939453,34700,0.0,0.0
2021-02-18 00:00:00-05:00,3.4600000381469727,3.7899999618530273,3.369999885559082,3.609999895095825,105800,0.0,0.0
2021-02-19 00:00:00-05:00,3.640000104904175,3.7100000381469727,3.559999942779541,3.6600000858306885,68100,0.0,0.0
2021-02-22 00:00:00-05:00,3.6600000858306885,3.9800000190734863,3.6600000858306885,3.9000000953674316,89400,0.0,0.0
2021-02-23 00:00:00-05:00,3.8499999046325684,3.8499999046325684,3.450000047683716,3.450000047683716,49400,0.0,0.0
2021-02-24 00:00:00-05:00,3.4600000381469727,4.28000020980835,3.4600000381469727,3.940000057220459,707800,0.0,0.0
2021-02-25 00:00:00-05:00,3.9600000381469727,4.0,3.5799999237060547,3.7100000381469727,89300,0.0,0.0
2021-02-26 00:00:00-05:00,3.6600000858306885,3.7100000381469727,3.3399999141693115,3.4600000381469727,86200,0.0,0.0
2021-03-01 00:00:00-05:00,3.609999895095825,3.619999885559082,3.4600000381469727,3.5899999141693115,37700,0.0,0.0
2021-03-02 00:00:00-05:00,3.5799999237060547,3.75,3.5799999237060547,3.5899999141693115,42800,0.0,0.0
2021-03-03 00:00:00-05:00,3.5899999141693115,3.740000009536743,3.559999942779541,3.680000066757202,34100,0.0,0.0
2021-03-04 00:00:00-05:00,3.7200000286102295,3.7200000286102295,3.4600000381469727,3.509999990463257,28600,0.0,0.0
2021-03-05 00:00:00-05:00,3.509999990463257,3.5199999809265137,3.3299999237060547,3.430000066757202,40100,0.0,0.0
2021-03-08 00:00:00-05:00,3.5,3.5399999618530273,3.4100000858306885,3.5299999713897705,24800,0.0,0.0
2021-03-09 00:00:00-05:00,3.549999952316284,3.869999885559082,3.4200000762939453,3.690000057220459,94200,0.0,0.0
2021-03-10 00:00:00-05:00,3.809999942779541,3.809999942779541,3.680000066757202,3.7300000190734863,33200,0.0,0.0
2021-03-11 00:00:00-05:00,3.8299999237060547,4.349999904632568,3.740000009536743,4.079999923706055,212500,0.0,0.0
2021-03-12 00:00:00-05:00,4.070000171661377,4.360000133514404,4.0,4.0,89500,0.0,0.0
2021-03-15 00:00:00-04:00,4.0,4.400000095367432,4.0,4.300000190734863,127000,0.0,0.0
2021-03-16 00:00:00-04:00,4.349999904632568,4.400000095367432,4.099999904632568,4.130000114440918,65100,0.0,0.0
2021-03-17 00:00:00-04:00,4.03000020980835,4.340000152587891,4.010000228881836,4.239999771118164,47200,0.0,0.0
2021-03-18 00:00:00-04:00,4.28000020980835,4.349999904632568,4.010000228881836,4.059999942779541,50000,0.0,0.0
2021-03-19 00:00:00-04:00,4.050000190734863,4.21999979019165,4.03000020980835,4.190000057220459,81100,0.0,0.0
2021-03-22 00:00:00-04:00,4.199999809265137,4.199999809265137,4.050000190734863,4.099999904632568,52000,0.0,0.0
2021-03-23 00:00:00-04:00,4.079999923706055,4.079999923706055,4.0,4.019999980926514,82200,0.0,0.0
2021-03-24 00:00:00-04:00,4.050000190734863,4.199999809265137,4.0,4.019999980926514,58400,0.0,0.0
2021-03-25 00:00:00-04:00,4.019999980926514,4.179999828338623,4.0,4.050000190734863,79400,0.0,0.0
2021-03-26 00:00:00-04:00,4.119999885559082,4.159999847412109,4.010000228881836,4.050000190734863,23200,0.0,0.0
2021-03-29 00:00:00-04:00,4.070000171661377,4.349999904632568,4.0,4.03000020980835,318500,0.0,0.0
2021-03-30 00:00:00-04:00,4.099999904632568,4.190000057220459,3.5999999046325684,3.9100000858306885,168400,0.0,0.0
2021-03-31 00:00:00-04:00,3.9000000953674316,4.079999923706055,3.9000000953674316,4.0,37300,0.0,0.0
2021-04-01 00:00:00-04:00,4.079999923706055,4.650000095367432,4.059999942779541,4.519999980926514,188200,0.0,0.0
2021-04-05 00:00:00-04:00,4.760000228881836,6.019999980926514,4.75,5.059999942779541,1032600,0.0,0.0
2021-04-06 00:00:00-04:00,5.059999942779541,6.320000171661377,4.599999904632568,4.849999904632568,500400,0.0,0.0
2021-04-07 00:00:00-04:00,4.829999923706055,5.28000020980835,4.800000190734863,4.860000133514404,103100,0.0,0.0
2021-04-08 00:00:00-04:00,4.829999923706055,4.829999923706055,4.449999809265137,4.550000190734863,171000,0.0,0.0
2021-04-09 00:00:00-04:00,4.900000095367432,5.179999828338623,4.670000076293945,4.880000114440918,261100,0.0,0.0
2021-04-12 00:00:00-04:00,4.860000133514404,4.989999771118164,4.710000038146973,4.949999809265137,91800,0.0,0.0
2021-04-13 00:00:00-04:00,4.960000038146973,5.0,4.510000228881836,4.519999980926514,105300,0.0,0.0
2021-04-14 00:00:00-04:00,4.519999980926514,4.78000020980835,4.519999980926514,4.559999942779541,43900,0.0,0.0
2021-04-15 00:00:00-04:00,4.53000020980835,4.619999885559082,4.400000095367432,4.429999828338623,51100,0.0,0.0
2021-04-16 00:00:00-04:00,4.400000095367432,4.510000228881836,4.25,4.429999828338623,94700,0.0,0.0
2021-04-19 00:00:00-04:00,4.429999828338623,4.639999866485596,4.349999904632568,4.550000190734863,78700,0.0,0.0
2021-04-20 00:00:00-04:00,4.519999980926514,4.800000190734863,4.480000019073486,4.510000228881836,83800,0.0,0.0
2021-04-21 00:00:00-04:00,4.460000038146973,4.75,4.460000038146973,4.71999979019165,27500,0.0,0.0
2021-04-22 00:00:00-04:00,4.739999771118164,4.75,4.579999923706055,4.679999828338623,36000,0.0,0.0
2021-04-23 00:00:00-04:00,4.679999828338623,4.960000038146973,4.570000171661377,4.949999809265137,53000,0.0,0.0
2021-04-26 00:00:00-04:00,4.900000095367432,4.949999809265137,4.710000038146973,4.840000152587891,37700,0.0,0.0
2021-04-27 00:00:00-04:00,4.829999923706055,4.869999885559082,4.670000076293945,4.670000076293945,21500,0.0,0.0
2021-04-28 00:00:00-04:00,4.690000057220459,4.690000057220459,4.449999809265137,4.460000038146973,46800,0.0,0.0
2021-04-29 00:00:00-04:00,4.5,4.869999885559082,4.460000038146973,4.510000228881836,41100,0.0,0.0
2021-04-30 00:00:00-04:00,4.440000057220459,4.599999904632568,4.400000095367432,4.510000228881836,16600,0.0,0.0
2021-05-03 00:00:00-04:00,4.550000190734863,4.630000114440918,4.510000228881836,4.590000152587891,39900,0.0,0.0
2021-05-04 00:00:00-04:00,4.550000190734863,4.679999828338623,4.5,4.619999885559082,39300,0.0,0.0
2021-05-05 00:00:00-04:00,4.599999904632568,4.710000038146973,4.559999942779541,4.650000095367432,23700,0.0,0.0
2021-05-06 00:00:00-04:00,4.690000057220459,4.789999961853027,4.53000020980835,4.53000020980835,27300,0.0,0.0
2021-05-07 00:00:00-04:00,4.599999904632568,4.900000095367432,4.599999904632568,4.840000152587891,65800,0.0,0.0
2021-05-10 00:00:00-04:00,4.769999980926514,4.800000190734863,4.329999923706055,4.429999828338623,117700,0.0,0.0
2021-05-11 00:00:00-04:00,4.309999942779541,4.400000095367432,3.859999895095825,4.079999923706055,179000,0.0,0.0
2021-05-12 00:00:00-04:00,3.9600000381469727,4.039999961853027,3.6700000762939453,3.7200000286102295,101900,0.0,0.0
2021-05-13 00:00:00-04:00,3.7200000286102295,3.890000104904175,3.7200000286102295,3.859999895095825,65600,0.0,0.0
2021-05-14 00:00:00-04:00,3.859999895095825,4.170000076293945,3.859999895095825,4.130000114440918,38200,0.0,0.0
2021-05-17 00:00:00-04:00,4.190000057220459,4.210000038146973,3.940000057220459,4.179999828338623,104500,0.0,0.0
2021-05-18 00:00:00-04:00,4.130000114440918,4.349999904632568,4.130000114440918,4.25,65300,0.0,0.0
2021-05-19 00:00:00-04:00,4.190000057220459,4.349999904632568,4.119999885559082,4.230000019073486,18500,0.0,0.0
2021-05-20 00:00:00-04:00,4.230000019073486,4.25,4.130000114440918,4.190000057220459,22500,0.0,0.0
2021-05-21 00:00:00-04:00,4.230000019073486,4.230000019073486,4.070000171661377,4.090000152587891,21600,0.0,0.0
2021-05-24 00:00:00-04:00,4.139999866485596,4.619999885559082,4.099999904632568,4.429999828338623,95400,0.0,0.0
2021-05-25 00:00:00-04:00,4.460000038146973,4.519999980926514,4.170000076293945,4.170000076293945,45300,0.0,0.0
2021-05-26 00:00:00-04:00,4.190000057220459,4.340000152587891,4.119999885559082,4.300000190734863,37300,0.0,0.0
2021-05-27 00:00:00-04:00,4.320000171661377,4.360000133514404,4.150000095367432,4.230000019073486,17000,0.0,0.0
2021-05-28 00:00:00-04:00,4.230000019073486,4.230000019073486,4.139999866485596,4.230000019073486,19700,0.0,0.0
2021-06-01 00:00:00-04:00,4.230000019073486,4.28000020980835,4.139999866485596,4.150000095367432,30800,0.0,0.0
2021-06-02 00:00:00-04:00,4.230000019073486,4.230000019073486,4.010000228881836,4.139999866485596,36000,0.0,0.0
2021-06-03 00:00:00-04:00,4.090000152587891,4.119999885559082,3.9800000190734863,4.03000020980835,26100,0.0,0.0
2021-06-04 00:00:00-04:00,4.019999980926514,4.099999904632568,3.930000066757202,4.090000152587891,41600,0.0,0.0
2021-06-07 00:00:00-04:00,4.039999961853027,4.070000171661377,3.9700000286102295,3.9700000286102295,31500,0.0,0.0
2021-06-08 00:00:00-04:00,3.940000057220459,4.059999942779541,3.9000000953674316,3.950000047683716,58000,0.0,0.0
2021-06-09 00:00:00-04:00,3.9600000381469727,4.25,3.9600000381469727,4.079999923706055,51100,0.0,0.0
2021-06-10 00:00:00-04:00,4.079999923706055,4.139999866485596,4.079999923706055,4.119999885559082,14200,0.0,0.0
2021-06-11 00:00:00-04:00,4.119999885559082,4.199999809265137,4.119999885559082,4.170000076293945,19300,0.0,0.0
2021-06-14 00:00:00-04:00,4.199999809265137,4.199999809265137,4.110000133514404,4.110000133514404,26800,0.0,0.0
2021-06-15 00:00:00-04:00,4.090000152587891,4.179999828338623,4.050000190734863,4.139999866485596,18700,0.0,0.0
2021-06-16 00:00:00-04:00,4.050000190734863,4.139999866485596,3.9700000286102295,4.0,37100,0.0,0.0
2021-06-17 00:00:00-04:00,4.0,4.110000133514404,4.0,4.110000133514404,21800,0.0,0.0
2021-06-18 00:00:00-04:00,4.059999942779541,4.070000171661377,3.9200000762939453,3.9600000381469727,27300,0.0,0.0
2021-06-21 00:00:00-04:00,3.9700000286102295,4.059999942779541,3.9700000286102295,3.9800000190734863,22900,0.0,0.0
2021-06-22 00:00:00-04:00,4.0,4.03000020980835,3.859999895095825,4.03000020980835,18600,0.0,0.0
2021-06-23 00:00:00-04:00,4.03000020980835,4.150000095367432,3.930000066757202,4.099999904632568,24600,0.0,0.0
2021-06-24 00:00:00-04:00,4.139999866485596,4.150000095367432,4.03000020980835,4.119999885559082,35400,0.0,0.0
2021-06-25 00:00:00-04:00,4.070000171661377,4.150000095367432,4.059999942779541,4.150000095367432,55200,0.0,0.0
2021-06-28 00:00:00-04:00,4.150000095367432,4.150000095367432,4.050000190734863,4.059999942779541,43200,0.0,0.0
2021-06-29 00:00:00-04:00,4.099999904632568,4.130000114440918,4.019999980926514,4.03000020980835,14600,0.0,0.0
2021-06-30 00:00:00-04:00,4.019999980926514,4.099999904632568,3.9800000190734863,4.090000152587891,21700,0.0,0.0
2021-07-01 00:00:00-04:00,4.039999961853027,4.079999923706055,3.9800000190734863,3.9800000190734863,21600,0.0,0.0
2021-07-02 00:00:00-04:00,4.0,4.0,3.9000000953674316,3.990000009536743,17600,0.0,0.0
2021-07-06 00:00:00-04:00,4.0,4.090000152587891,3.9700000286102295,4.059999942779541,21700,0.0,0.0
2021-07-07 00:00:00-04:00,4.03000020980835,4.03000020980835,3.950000047683716,3.950000047683716,17600,0.0,0.0
2021-07-08 00:00:00-04:00,3.950000047683716,4.150000095367432,3.950000047683716,4.119999885559082,82100,0.0,0.0
2021-07-09 00:00:00-04:00,4.150000095367432,4.150000095367432,3.9800000190734863,3.9800000190734863,17800,0.0,0.0
2021-07-12 00:00:00-04:00,3.950000047683716,4.039999961853027,3.950000047683716,4.0,17700,0.0,0.0
2021-07-13 00:00:00-04:00,3.990000009536743,4.059999942779541,3.9200000762939453,3.9700000286102295,42400,0.0,0.0
2021-07-14 00:00:00-04:00,4.0,4.039999961853027,3.9000000953674316,3.9100000858306885,13400,0.0,0.0
2021-07-15 00:00:00-04:00,3.9100000858306885,4.03000020980835,3.9000000953674316,3.9200000762939453,15800,0.0,0.0
2021-07-16 00:00:00-04:00,3.9200000762939453,4.010000228881836,3.9100000858306885,3.9100000858306885,18200,0.0,0.0
2021-07-19 00:00:00-04:00,3.9000000953674316,3.9800000190734863,3.700000047683716,3.799999952316284,72500,0.0,0.0
2021-07-20 00:00:00-04:00,3.8299999237060547,4.050000190734863,3.75,4.03000020980835,25700,0.0,0.0
2021-07-21 00:00:00-04:00,3.990000009536743,4.050000190734863,3.8399999141693115,3.890000104904175,22300,0.0,0.0
2021-07-22 00:00:00-04:00,4.0,4.010000228881836,3.950000047683716,4.0,26400,0.0,0.0
2021-07-23 00:00:00-04:00,4.039999961853027,4.25,4.039999961853027,4.25,129300,0.0,0.0
2021-07-26 00:00:00-04:00,4.25,4.820000171661377,4.25,4.539999961853027,138800,0.0,0.0
2021-07-27 00:00:00-04:00,4.550000190734863,4.710000038146973,4.550000190734863,4.610000133514404,56400,0.0,0.0
2021-07-28 00:00:00-04:00,4.599999904632568,4.670000076293945,4.550000190734863,4.619999885559082,32100,0.0,0.0
2021-07-29 00:00:00-04:00,4.670000076293945,4.690000057220459,4.360000133514404,4.420000076293945,31000,0.0,0.0
2021-07-30 00:00:00-04:00,4.360000133514404,4.440000057220459,4.119999885559082,4.159999847412109,44100,0.0,0.0
2021-08-02 00:00:00-04:00,4.21999979019165,4.46999979019165,4.199999809265137,4.239999771118164,39500,0.0,0.0
2021-08-03 00:00:00-04:00,4.320000171661377,4.320000171661377,4.159999847412109,4.199999809265137,15500,0.0,0.0
2021-08-04 00:00:00-04:00,4.159999847412109,4.230000019073486,3.930000066757202,4.039999961853027,59100,0.0,0.0
2021-08-05 00:00:00-04:00,4.019999980926514,4.090000152587891,3.9100000858306885,4.050000190734863,39800,0.0,0.0
2021-08-06 00:00:00-04:00,4.050000190734863,4.079999923706055,3.940000057220459,4.050000190734863,6900,0.0,0.0
2021-08-09 00:00:00-04:00,4.010000228881836,4.440000057220459,3.9000000953674316,4.099999904632568,126600,0.0,0.0
2021-08-10 00:00:00-04:00,4.099999904632568,4.559999942779541,3.990000009536743,4.5,651100,0.0,0.0
2021-08-11 00:00:00-04:00,5.519999980926514,5.789999961853027,4.679999828338623,4.880000114440918,8942600,0.0,0.0
2021-08-12 00:00:00-04:00,4.519999980926514,4.670000076293945,4.210000038146973,4.46999979019165,673500,0.0,0.0
2021-08-13 00:00:00-04:00,4.420000076293945,4.489999771118164,4.320000171661377,4.389999866485596,113200,0.0,0.0
2021-08-16 00:00:00-04:00,4.400000095367432,4.480000019073486,4.260000228881836,4.369999885559082,364400,0.0,0.0
2021-08-17 00:00:00-04:00,4.300000190734863,4.429999828338623,4.130000114440918,4.389999866485596,284400,0.0,0.0
2021-08-18 00:00:00-04:00,4.369999885559082,4.5,4.260000228881836,4.440000057220459,132400,0.0,0.0
2021-08-19 00:00:00-04:00,4.380000114440918,4.579999923706055,4.380000114440918,4.550000190734863,100100,0.0,0.0
2021-08-20 00:00:00-04:00,4.5,4.599999904632568,4.429999828338623,4.480000019073486,87900,0.0,0.0
2021-08-23 00:00:00-04:00,4.539999961853027,4.559999942779541,4.389999866485596,4.519999980926514,116200,0.0,0.0
2021-08-24 00:00:00-04:00,4.570000171661377,4.599999904632568,4.5,4.519999980926514,120400,0.0,0.0
2021-08-25 00:00:00-04:00,4.519999980926514,4.650000095367432,4.5,4.590000152587891,110500,0.0,0.0
2021-08-26 00:00:00-04:00,4.599999904632568,4.75,4.579999923706055,4.739999771118164,194600,0.0,0.0
2021-08-27 00:00:00-04:00,4.760000228881836,5.03000020980835,4.690000057220459,5.0,211400,0.0,0.0
2021-08-30 00:00:00-04:00,5.059999942779541,5.289999961853027,4.889999866485596,5.25,236500,0.0,0.0
2021-08-31 00:00:00-04:00,5.21999979019165,5.46999979019165,5.139999866485596,5.369999885559082,196300,0.0,0.0
2021-09-01 00:00:00-04:00,5.380000114440918,5.519999980926514,5.25,5.340000152587891,92200,0.0,0.0
2021-09-02 00:00:00-04:00,5.150000095367432,5.420000076293945,5.110000133514404,5.369999885559082,81200,0.0,0.0
2021-09-03 00:00:00-04:00,5.309999942779541,5.599999904632568,5.21999979019165,5.320000171661377,116100,0.0,0.0
2021-09-07 00:00:00-04:00,5.269999980926514,5.28000020980835,5.170000076293945,5.25,84800,0.0,0.0
2021-09-08 00:00:00-04:00,5.230000019073486,5.28000020980835,5.050000190734863,5.150000095367432,128100,0.0,0.0
2021-09-09 00:00:00-04:00,5.170000076293945,5.28000020980835,5.099999904632568,5.139999866485596,63400,0.0,0.0
2021-09-10 00:00:00-04:00,5.139999866485596,5.25,5.059999942779541,5.179999828338623,61900,0.0,0.0
2021-09-13 00:00:00-04:00,5.150000095367432,5.150000095367432,4.929999828338623,4.940000057220459,59300,0.0,0.0
2021-09-14 00:00:00-04:00,4.96999979019165,5.159999847412109,4.909999847412109,4.920000076293945,64600,0.0,0.0
2021-09-15 00:00:00-04:00,4.929999828338623,5.159999847412109,4.929999828338623,5.070000171661377,47600,0.0,0.0
2021-09-16 00:00:00-04:00,5.079999923706055,5.079999923706055,4.889999866485596,5.050000190734863,24900,0.0,0.0
2021-09-17 00:00:00-04:00,5.050000190734863,5.139999866485596,4.940000057220459,5.070000171661377,39600,0.0,0.0
2021-09-20 00:00:00-04:00,4.960000038146973,5.059999942779541,4.760000228881836,4.989999771118164,88500,0.0,0.0
2021-09-21 00:00:00-04:00,4.989999771118164,5.0,4.909999847412109,4.960000038146973,11200,0.0,0.0
2021-09-22 00:00:00-04:00,5.0,5.090000152587891,4.920000076293945,5.010000228881836,14700,0.0,0.0
2021-09-23 00:00:00-04:00,5.019999980926514,5.25,4.949999809265137,5.25,46000,0.0,0.0
2021-09-24 00:00:00-04:00,5.25,5.5,5.230000019073486,5.349999904632568,98100,0.0,0.0
2021-09-27 00:00:00-04:00,5.289999961853027,5.460000038146973,5.269999980926514,5.309999942779541,46400,0.0,0.0
2021-09-28 00:00:00-04:00,5.28000020980835,5.320000171661377,5.090000152587891,5.150000095367432,47000,0.0,0.0
2021-09-29 00:00:00-04:00,5.170000076293945,5.380000114440918,5.039999961853027,5.300000190734863,42400,0.0,0.0
2021-09-30 00:00:00-04:00,5.380000114440918,5.380000114440918,5.059999942779541,5.119999885559082,28400,0.0,0.0
2021-10-01 00:00:00-04:00,5.150000095367432,5.489999771118164,5.03000020980835,5.389999866485596,64700,0.0,0.0
2021-10-04 00:00:00-04:00,5.400000095367432,5.5,5.25,5.409999847412109,63100,0.0,0.0
2021-10-05 00:00:00-04:00,5.409999847412109,5.690000057220459,5.409999847412109,5.639999866485596,127100,0.0,0.0
2021-10-06 00:00:00-04:00,5.639999866485596,5.650000095367432,5.409999847412109,5.53000020980835,25900,0.0,0.0
2021-10-07 00:00:00-04:00,5.489999771118164,5.590000152587891,5.320000171661377,5.340000152587891,33600,0.0,0.0
2021-10-08 00:00:00-04:00,5.360000133514404,5.380000114440918,5.070000171661377,5.28000020980835,30500,0.0,0.0
2021-10-11 00:00:00-04:00,5.28000020980835,5.309999942779541,4.900000095367432,5.039999961853027,55500,0.0,0.0
2021-10-12 00:00:00-04:00,5.050000190734863,5.119999885559082,4.960000038146973,5.090000152587891,15100,0.0,0.0
2021-10-13 00:00:00-04:00,5.050000190734863,5.239999771118164,4.900000095367432,5.099999904632568,26300,0.0,0.0
2021-10-14 00:00:00-04:00,5.139999866485596,5.170000076293945,5.099999904632568,5.110000133514404,23600,0.0,0.0
2021-10-15 00:00:00-04:00,5.150000095367432,5.170000076293945,4.980000019073486,5.050000190734863,20300,0.0,0.0
2021-10-18 00:00:00-04:00,5.010000228881836,5.110000133514404,4.960000038146973,5.059999942779541,24100,0.0,0.0
2021-10-19 00:00:00-04:00,5.099999904632568,5.099999904632568,4.940000057220459,4.980000019073486,10500,0.0,0.0
2021-10-20 00:00:00-04:00,4.960000038146973,5.010000228881836,4.800000190734863,4.980000019073486,57000,0.0,0.0
2021-10-21 00:00:00-04:00,4.909999847412109,5.019999980926514,4.769999980926514,4.900000095367432,33900,0.0,0.0
2021-10-22 00:00:00-04:00,4.900000095367432,4.900000095367432,4.760000228881836,4.869999885559082,7800,0.0,0.0
2021-10-25 00:00:00-04:00,4.809999942779541,4.809999942779541,4.699999809265137,4.699999809265137,45600,0.0,0.0
2021-10-26 00:00:00-04:00,4.639999866485596,4.809999942779541,4.510000228881836,4.75,58900,0.0,0.0
2021-10-27 00:00:00-04:00,4.75,4.849999904632568,4.619999885559082,4.820000171661377,15500,0.0,0.0
2021-10-28 00:00:00-04:00,4.75,4.949999809265137,4.699999809265137,4.829999923706055,25600,0.0,0.0
2021-10-29 00:00:00-04:00,4.78000020980835,4.989999771118164,4.78000020980835,4.820000171661377,27300,0.0,0.0
2021-11-01 00:00:00-04:00,4.760000228881836,4.940000057220459,4.760000228881836,4.869999885559082,18400,0.0,0.0
2021-11-02 00:00:00-04:00,4.420000076293945,4.920000076293945,4.360000133514404,4.900000095367432,24100,0.0,0.0
2021-11-03 00:00:00-04:00,4.849999904632568,4.949999809265137,4.789999961853027,4.940000057220459,16200,0.0,0.0
2021-11-04 00:00:00-04:00,4.949999809265137,4.949999809265137,4.860000133514404,4.860000133514404,12300,0.0,0.0
2021-11-05 00:00:00-04:00,4.940000057220459,4.96999979019165,4.789999961853027,4.909999847412109,37300,0.0,0.0
2021-11-08 00:00:00-05:00,5.0,5.050000190734863,4.769999980926514,5.019999980926514,34500,0.0,0.0
2021-11-09 00:00:00-05:00,5.099999904632568,5.130000114440918,4.929999828338623,5.079999923706055,33500,0.0,0.0
2021-11-10 00:00:00-05:00,5.0,5.130000114440918,4.800000190734863,5.019999980926514,47300,0.0,0.0
2021-11-11 00:00:00-05:00,5.0,5.099999904632568,5.0,5.099999904632568,10200,0.0,0.0
2021-11-12 00:00:00-05:00,4.989999771118164,5.070000171661377,4.980000019073486,5.070000171661377,12300,0.0,0.0
2021-11-15 00:00:00-05:00,5.039999961853027,5.039999961853027,4.900000095367432,4.909999847412109,31900,0.0,0.0
2021-11-16 00:00:00-05:00,4.940000057220459,4.989999771118164,4.809999942779541,4.929999828338623,31500,0.0,0.0
2021-11-17 00:00:00-05:00,4.880000114440918,4.949999809265137,4.710000038146973,4.889999866485596,44100,0.0,0.0
2021-11-18 00:00:00-05:00,4.869999885559082,4.929999828338623,4.71999979019165,4.800000190734863,26700,0.0,0.0
2021-11-19 00:00:00-05:00,4.880000114440918,4.900000095367432,4.760000228881836,4.840000152587891,23400,0.0,0.0
2021-11-22 00:00:00-05:00,4.829999923706055,4.949999809265137,4.739999771118164,4.739999771118164,21700,0.0,0.0
2021-11-23 00:00:00-05:00,4.71999979019165,4.949999809265137,4.71999979019165,4.760000228881836,9000,0.0,0.0
2021-11-24 00:00:00-05:00,4.739999771118164,4.789999961853027,4.739999771118164,4.760000228881836,7500,0.0,0.0
2021-11-26 00:00:00-05:00,4.739999771118164,4.889999866485596,4.559999942779541,4.71999979019165,22600,0.0,0.0
2021-11-29 00:00:00-05:00,4.71999979019165,4.71999979019165,4.550000190734863,4.590000152587891,15400,0.0,0.0
2021-11-30 00:00:00-05:00,4.519999980926514,4.559999942779541,4.46999979019165,4.510000228881836,37800,0.0,0.0
2021-12-01 00:00:00-05:00,4.53000020980835,4.53000020980835,4.300000190734863,4.349999904632568,28000,0.0,0.0
2021-12-02 00:00:00-05:00,4.329999923706055,4.349999904632568,4.170000076293945,4.349999904632568,32500,0.0,0.0
2021-12-03 00:00:00-05:00,4.329999923706055,4.349999904632568,4.170000076293945,4.329999923706055,34900,0.0,0.0
2021-12-06 00:00:00-05:00,4.309999942779541,4.449999809265137,4.199999809265137,4.300000190734863,30900,0.0,0.0
2021-12-07 00:00:00-05:00,4.429999828338623,4.429999828338623,4.289999961853027,4.360000133514404,15400,0.0,0.0
2021-12-08 00:00:00-05:00,4.340000152587891,4.510000228881836,4.340000152587891,4.510000228881836,11500,0.0,0.0
2021-12-09 00:00:00-05:00,4.449999809265137,4.550000190734863,4.449999809265137,4.46999979019165,8300,0.0,0.0
2021-12-10 00:00:00-05:00,4.519999980926514,4.519999980926514,4.260000228881836,4.320000171661377,19100,0.0,0.0
2021-12-13 00:00:00-05:00,4.400000095367432,4.409999847412109,4.320000171661377,4.320000171661377,32300,0.0,0.0
2021-12-14 00:00:00-05:00,4.380000114440918,4.380000114440918,4.25,4.320000171661377,37000,0.0,0.0
2021-12-15 00:00:00-05:00,4.380000114440918,4.389999866485596,4.25,4.309999942779541,20500,0.0,0.0
2021-12-16 00:00:00-05:00,4.269999980926514,4.400000095367432,4.269999980926514,4.400000095367432,45000,0.0,0.0
2021-12-17 00:00:00-05:00,4.400000095367432,4.480000019073486,4.159999847412109,4.400000095367432,61300,0.0,0.0
2021-12-20 00:00:00-05:00,4.210000038146973,4.320000171661377,4.150000095367432,4.28000020980835,30600,0.0,0.0
2021-12-21 00:00:00-05:00,4.25,4.400000095367432,4.190000057220459,4.340000152587891,35000,0.0,0.0
2021-12-22 00:00:00-05:00,4.210000038146973,4.400000095367432,4.210000038146973,4.389999866485596,11400,0.0,0.0
2021-12-23 00:00:00-05:00,4.449999809265137,4.519999980926514,4.360000133514404,4.380000114440918,50200,0.0,0.0
2021-12-27 00:00:00-05:00,4.380000114440918,4.380000114440918,4.25,4.340000152587891,27200,0.0,0.0
2021-12-28 00:00:00-05:00,4.340000152587891,4.400000095367432,4.300000190734863,4.400000095367432,21500,0.0,0.0
2021-12-29 00:00:00-05:00,4.400000095367432,4.5,4.329999923706055,4.329999923706055,30100,0.0,0.0
2021-12-30 00:00:00-05:00,4.300000190734863,4.46999979019165,4.179999828338623,4.420000076293945,33000,0.0,0.0
2021-12-31 00:00:00-05:00,4.409999847412109,4.690000057220459,4.329999923706055,4.340000152587891,27200,0.0,0.0
2022-01-03 00:00:00-05:00,4.300000190734863,4.710000038146973,4.300000190734863,4.539999961853027,13800,0.0,0.0
2022-01-04 00:00:00-05:00,4.559999942779541,4.559999942779541,4.440000057220459,4.519999980926514,3700,0.0,0.0
2022-01-05 00:00:00-05:00,4.53000020980835,4.590000152587891,4.420000076293945,4.519999980926514,14700,0.0,0.0
2022-01-06 00:00:00-05:00,4.420000076293945,4.960000038146973,4.420000076293945,4.920000076293945,34300,0.0,0.0
2022-01-07 00:00:00-05:00,4.929999828338623,4.929999828338623,4.559999942779541,4.679999828338623,16400,0.0,0.0
2022-01-10 00:00:00-05:00,4.619999885559082,4.650000095367432,4.519999980926514,4.610000133514404,10800,0.0,0.0
2022-01-11 00:00:00-05:00,4.53000020980835,4.53000020980835,4.5,4.5,3800,0.0,0.0
2022-01-12 00:00:00-05:00,4.550000190734863,4.590000152587891,4.5,4.550000190734863,26200,0.0,0.0
2022-01-13 00:00:00-05:00,4.559999942779541,4.570000171661377,4.480000019073486,4.510000228881836,7500,0.0,0.0
2022-01-14 00:00:00-05:00,4.480000019073486,4.599999904632568,4.480000019073486,4.599999904632568,19700,0.0,0.0
2022-01-18 00:00:00-05:00,4.599999904632568,4.599999904632568,4.489999771118164,4.5,6800,0.0,0.0
2022-01-19 00:00:00-05:00,4.630000114440918,4.630000114440918,4.489999771118164,4.579999923706055,8200,0.0,0.0
2022-01-20 00:00:00-05:00,4.599999904632568,4.599999904632568,4.449999809265137,4.539999961853027,17100,0.0,0.0
2022-01-21 00:00:00-05:00,4.460000038146973,4.510000228881836,4.329999923706055,4.480000019073486,12000,0.0,0.0
2022-01-24 00:00:00-05:00,4.409999847412109,4.46999979019165,4.199999809265137,4.309999942779541,33300,0.0,0.0
2022-01-25 00:00:00-05:00,4.360000133514404,4.400000095367432,4.300000190734863,4.320000171661377,26800,0.0,0.0
2022-01-26 00:00:00-05:00,4.349999904632568,4.570000171661377,4.349999904632568,4.429999828338623,6600,0.0,0.0
2022-01-27 00:00:00-05:00,4.28000020980835,4.46999979019165,4.28000020980835,4.389999866485596,6600,0.0,0.0
2022-01-28 00:00:00-05:00,4.389999866485596,4.449999809265137,4.150000095367432,4.320000171661377,17000,0.0,0.0
2022-01-31 00:00:00-05:00,4.429999828338623,4.650000095367432,4.150000095367432,4.25,52900,0.0,0.0
2022-02-01 00:00:00-05:00,4.309999942779541,4.599999904632568,4.309999942779541,4.449999809265137,13000,0.0,0.0
2022-02-02 00:00:00-05:00,4.449999809265137,4.710000038146973,4.340000152587891,4.380000114440918,11400,0.0,0.0
2022-02-03 00:00:00-05:00,4.369999885559082,4.579999923706055,4.210000038146973,4.579999923706055,14600,0.0,0.0
2022-02-04 00:00:00-05:00,4.650000095367432,4.650000095367432,4.46999979019165,4.489999771118164,17300,0.0,0.0
2022-02-07 00:00:00-05:00,4.460000038146973,4.460000038146973,4.0,4.409999847412109,30500,0.0,0.0
2022-02-08 00:00:00-05:00,4.440000057220459,4.550000190734863,4.409999847412109,4.5,12500,0.0,0.0
2022-02-09 00:00:00-05:00,4.340000152587891,4.550000190734863,4.340000152587891,4.550000190734863,5500,0.0,0.0
2022-02-10 00:00:00-05:00,4.449999809265137,4.510000228881836,4.380000114440918,4.480000019073486,5500,0.0,0.0
2022-02-11 00:00:00-05:00,4.570000171661377,4.599999904632568,4.389999866485596,4.389999866485596,10600,0.0,0.0
2022-02-14 00:00:00-05:00,4.230000019073486,4.5,4.210000038146973,4.340000152587891,23400,0.0,0.0
2022-02-15 00:00:00-05:00,4.289999961853027,4.480000019073486,4.289999961853027,4.380000114440918,5500,0.0,0.0
2022-02-16 00:00:00-05:00,4.340000152587891,4.460000038146973,4.300000190734863,4.440000057220459,4200,0.0,0.0
2022-02-17 00:00:00-05:00,4.320000171661377,4.46999979019165,4.320000171661377,4.380000114440918,11700,0.0,0.0
2022-02-18 00:00:00-05:00,4.300000190734863,4.5,4.300000190734863,4.449999809265137,18300,0.0,0.0
2022-02-22 00:00:00-05:00,4.449999809265137,4.489999771118164,4.300000190734863,4.300000190734863,23600,0.0,0.0
2022-02-23 00:00:00-05:00,4.300000190734863,4.360000133514404,4.21999979019165,4.21999979019165,8800,0.0,0.0
2022-02-24 00:00:00-05:00,4.179999828338623,4.289999961853027,4.099999904632568,4.190000057220459,14600,0.0,0.0
2022-02-25 00:00:00-05:00,4.099999904632568,4.230000019073486,4.090000152587891,4.119999885559082,4700,0.0,0.0
2022-02-28 00:00:00-05:00,4.239999771118164,4.25,4.079999923706055,4.110000133514404,7200,0.0,0.0
2022-03-01 00:00:00-05:00,4.110000133514404,4.21999979019165,4.0,4.0,23700,0.0,0.0
2022-03-02 00:00:00-05:00,4.119999885559082,4.230000019073486,4.019999980926514,4.019999980926514,18000,0.0,0.0
2022-03-03 00:00:00-05:00,4.039999961853027,4.150000095367432,3.9200000762939453,4.010000228881836,13700,0.0,0.0
2022-03-04 00:00:00-05:00,4.0,4.239999771118164,4.0,4.039999961853027,9800,0.0,0.0
2022-03-07 00:00:00-05:00,4.059999942779541,4.079999923706055,3.950000047683716,3.950000047683716,16600,0.0,0.0
2022-03-08 00:00:00-05:00,3.950000047683716,4.099999904632568,3.950000047683716,4.010000228881836,7700,0.0,0.0
2022-03-09 00:00:00-05:00,4.070000171661377,4.25,3.9600000381469727,4.199999809265137,12200,0.0,0.0
2022-03-10 00:00:00-05:00,3.9800000190734863,4.210000038146973,3.9800000190734863,4.050000190734863,5300,0.0,0.0
2022-03-11 00:00:00-05:00,4.050000190734863,4.079999923706055,4.050000190734863,4.079999923706055,4700,0.0,0.0
2022-03-14 00:00:00-04:00,4.019999980926514,4.079999923706055,4.019999980926514,4.059999942779541,3500,0.0,0.0
2022-03-15 00:00:00-04:00,4.210000038146973,4.210000038146973,3.990000009536743,4.0,8300,0.0,0.0
2022-03-16 00:00:00-04:00,4.070000171661377,4.070000171661377,3.9200000762939453,3.9200000762939453,6300,0.0,0.0
2022-03-17 00:00:00-04:00,3.930000066757202,4.0,3.9200000762939453,3.9600000381469727,4200,0.0,0.0
2022-03-18 00:00:00-04:00,3.930000066757202,3.990000009536743,3.75,3.7899999618530273,49800,0.0,0.0
2022-03-21 00:00:00-04:00,4.019999980926514,4.019999980926514,3.7899999618530273,3.819999933242798,31400,0.0,0.0
2022-03-22 00:00:00-04:00,3.8399999141693115,3.859999895095825,3.7100000381469727,3.8399999141693115,18500,0.0,0.0
2022-03-23 00:00:00-04:00,3.9800000190734863,3.9800000190734863,3.7699999809265137,3.8399999141693115,9600,0.0,0.0
2022-03-24 00:00:00-04:00,3.799999952316284,3.8399999141693115,3.700000047683716,3.75,24800,0.0,0.0
2022-03-25 00:00:00-04:00,3.75,3.8299999237060547,3.7200000286102295,3.7300000190734863,5700,0.0,0.0
2022-03-28 00:00:00-04:00,3.740000009536743,3.7899999618530273,3.700000047683716,3.7200000286102295,19500,0.0,0.0
2022-03-29 00:00:00-04:00,3.700000047683716,3.8399999141693115,3.490000009536743,3.5999999046325684,58600,0.0,0.0
2022-03-30 00:00:00-04:00,3.6500000953674316,3.680000066757202,3.549999952316284,3.549999952316284,30100,0.0,0.0
2022-03-31 00:00:00-04:00,3.640000104904175,3.640000104904175,3.490000009536743,3.5,29900,0.0,0.0
2022-04-01 00:00:00-04:00,3.7300000190734863,3.7300000190734863,3.5299999713897705,3.5899999141693115,7200,0.0,0.0
2022-04-04 00:00:00-04:00,3.630000114440918,3.7899999618530273,3.619999885559082,3.6500000953674316,6600,0.0,0.0
2022-04-05 00:00:00-04:00,3.609999895095825,3.690000057220459,3.5,3.509999990463257,11300,0.0,0.0
2022-04-06 00:00:00-04:00,3.4700000286102295,3.559999942779541,3.3499999046325684,3.380000114440918,18500,0.0,0.0
2022-04-07 00:00:00-04:00,3.2899999618530273,3.5,3.2899999618530273,3.4600000381469727,24900,0.0,0.0
2022-04-08 00:00:00-04:00,3.4800000190734863,3.509999990463257,3.4800000190734863,3.490000009536743,2200,0.0,0.0
2022-04-11 00:00:00-04:00,3.440000057220459,3.5399999618530273,3.4000000953674316,3.4600000381469727,10100,0.0,0.0
2022-04-12 00:00:00-04:00,3.4000000953674316,3.4700000286102295,3.3299999237060547,3.4100000858306885,21200,0.0,0.0
2022-04-13 00:00:00-04:00,3.450000047683716,3.5899999141693115,3.440000057220459,3.5899999141693115,12200,0.0,0.0
2022-04-14 00:00:00-04:00,3.5799999237060547,3.7899999618530273,3.5799999237060547,3.7300000190734863,17600,0.0,0.0
2022-04-18 00:00:00-04:00,3.799999952316284,3.799999952316284,3.509999990463257,3.509999990463257,9700,0.0,0.0
2022-04-19 00:00:00-04:00,3.690000057220459,3.690000057220459,3.549999952316284,3.630000114440918,11400,0.0,0.0
2022-04-20 00:00:00-04:00,3.7699999809265137,3.7699999809265137,3.430000066757202,3.430000066757202,19900,0.0,0.0
2022-04-21 00:00:00-04:00,3.5799999237060547,3.609999895095825,3.450000047683716,3.509999990463257,18000,0.0,0.0
2022-04-22 00:00:00-04:00,3.5299999713897705,3.5399999618530273,3.5,3.5,9700,0.0,0.0
2022-04-25 00:00:00-04:00,3.5399999618530273,3.549999952316284,3.2100000381469727,3.390000104904175,34000,0.0,0.0
2022-04-26 00:00:00-04:00,3.4000000953674316,3.4000000953674316,3.190000057220459,3.259999990463257,27000,0.0,0.0
2022-04-27 00:00:00-04:00,3.190000057220459,3.3399999141693115,3.190000057220459,3.309999942779541,12700,0.0,0.0
2022-04-28 00:00:00-04:00,3.25,3.3299999237060547,3.25,3.309999942779541,3300,0.0,0.0
2022-04-29 00:00:00-04:00,3.450000047683716,3.450000047683716,3.309999942779541,3.380000114440918,7600,0.0,0.0
2022-05-02 00:00:00-04:00,3.3399999141693115,3.369999885559082,3.259999990463257,3.2899999618530273,9400,0.0,0.0
2022-05-03 00:00:00-04:00,3.359999895095825,3.359999895095825,3.240000009536743,3.240000009536743,5300,0.0,0.0
2022-05-04 00:00:00-04:00,3.180000066757202,3.25,3.180000066757202,3.240000009536743,7800,0.0,0.0
2022-05-05 00:00:00-04:00,3.240000009536743,3.3499999046325684,3.240000009536743,3.240000009536743,2800,0.0,0.0
2022-05-06 00:00:00-04:00,3.190000057220459,3.190000057220459,2.5299999713897705,2.799999952316284,91600,0.0,0.0
2022-05-09 00:00:00-04:00,2.799999952316284,2.8499999046325684,2.440000057220459,2.6700000762939453,40300,0.0,0.0
2022-05-10 00:00:00-04:00,2.5,2.619999885559082,2.5,2.5799999237060547,20300,0.0,0.0
2022-05-11 00:00:00-04:00,2.440000057220459,2.640000104904175,2.440000057220459,2.5999999046325684,16400,0.0,0.0
2022-05-12 00:00:00-04:00,2.5799999237060547,2.6700000762939453,2.5799999237060547,2.630000114440918,13800,0.0,0.0
2022-05-13 00:00:00-04:00,2.5999999046325684,2.6700000762939453,2.5999999046325684,2.640000104904175,8300,0.0,0.0
2022-05-16 00:00:00-04:00,2.619999885559082,2.859999895095825,2.619999885559082,2.8399999141693115,14100,0.0,0.0
2022-05-17 00:00:00-04:00,2.8299999237060547,3.0,2.799999952316284,3.0,11300,0.0,0.0
2022-05-18 00:00:00-04:00,3.0,3.0,2.890000104904175,2.9000000953674316,7600,0.0,0.0
2022-05-19 00:00:00-04:00,2.7699999809265137,3.0199999809265137,2.700000047683716,3.0,19700,0.0,0.0
2022-05-20 00:00:00-04:00,3.140000104904175,3.140000104904175,2.8399999141693115,2.8399999141693115,7200,0.0,0.0
2022-05-23 00:00:00-04:00,2.9100000858306885,2.950000047683716,2.799999952316284,2.799999952316284,19900,0.0,0.0
2022-05-24 00:00:00-04:00,2.75,2.869999885559082,2.5999999046325684,2.619999885559082,26300,0.0,0.0
2022-05-25 00:00:00-04:00,2.630000114440918,2.7799999713897705,2.5999999046325684,2.5999999046325684,17900,0.0,0.0
2022-05-26 00:00:00-04:00,2.7799999713897705,2.799999952316284,2.5999999046325684,2.619999885559082,27700,0.0,0.0
2022-05-27 00:00:00-04:00,2.6700000762939453,2.7899999618530273,2.640000104904175,2.75,21700,0.0,0.0
2022-05-31 00:00:00-04:00,2.740000009536743,2.799999952316284,2.740000009536743,2.759999990463257,8400,0.0,0.0
2022-06-01 00:00:00-04:00,2.7899999618530273,3.0799999237060547,2.7899999618530273,3.0799999237060547,22900,0.0,0.0
2022-06-02 00:00:00-04:00,3.140000104904175,3.3299999237060547,3.0,3.0,32400,0.0,0.0
2022-06-03 00:00:00-04:00,3.0199999809265137,3.240000009536743,3.0199999809265137,3.180000066757202,7600,0.0,0.0
2022-06-06 00:00:00-04:00,3.190000057220459,3.2699999809265137,3.0899999141693115,3.0899999141693115,4400,0.0,0.0
2022-06-07 00:00:00-04:00,3.119999885559082,3.180000066757202,3.0,3.0,7600,0.0,0.0
2022-06-08 00:00:00-04:00,2.9800000190734863,3.1700000762939453,2.9800000190734863,3.119999885559082,12100,0.0,0.0
2022-06-09 00:00:00-04:00,3.0899999141693115,3.109999895095825,2.7899999618530273,2.930000066757202,8400,0.0,0.0
2022-06-10 00:00:00-04:00,3.190000057220459,3.190000057220459,2.869999885559082,2.9600000381469727,2000,0.0,0.0
2022-06-13 00:00:00-04:00,2.8399999141693115,2.9100000858306885,2.759999990463257,2.759999990463257,10300,0.0,0.0
2022-06-14 00:00:00-04:00,2.809999942779541,3.119999885559082,2.75,2.799999952316284,29400,0.0,0.0
2022-06-15 00:00:00-04:00,2.8499999046325684,2.859999895095825,2.799999952316284,2.799999952316284,7000,0.0,0.0
2022-06-16 00:00:00-04:00,2.8299999237060547,2.859999895095825,2.6500000953674316,2.6500000953674316,25500,0.0,0.0
2022-06-17 00:00:00-04:00,2.799999952316284,2.8499999046325684,2.609999895095825,2.700000047683716,7300,0.0,0.0
2022-06-21 00:00:00-04:00,2.680000066757202,3.009999990463257,2.5999999046325684,2.7100000381469727,16500,0.0,0.0
2022-06-22 00:00:00-04:00,2.740000009536743,2.7699999809265137,2.619999885559082,2.740000009536743,7600,0.0,0.0
2022-06-23 00:00:00-04:00,2.8499999046325684,2.990000009536743,2.75,2.809999942779541,37000,0.0,0.0
2022-06-24 00:00:00-04:00,2.809999942779541,3.049999952316284,2.809999942779541,2.9800000190734863,2800,0.0,0.0
2022-06-27 00:00:00-04:00,3.049999952316284,3.0899999141693115,2.990000009536743,3.0899999141693115,4900,0.0,0.0
2022-06-28 00:00:00-04:00,3.059999942779541,3.1600000858306885,2.809999942779541,2.809999942779541,11200,0.0,0.0
2022-06-29 00:00:00-04:00,2.819999933242798,3.009999990463257,2.819999933242798,2.8499999046325684,11900,0.0,0.0
2022-06-30 00:00:00-04:00,2.8399999141693115,3.009999990463257,2.8399999141693115,3.009999990463257,1400,0.0,0.0
2022-07-01 00:00:00-04:00,3.0,3.0,2.799999952316284,2.8499999046325684,4400,0.0,0.0
2022-07-05 00:00:00-04:00,2.799999952316284,3.1500000953674316,2.799999952316284,2.8299999237060547,11300,0.0,0.0
2022-07-06 00:00:00-04:00,2.8399999141693115,2.8399999141693115,2.7699999809265137,2.7699999809265137,2300,0.0,0.0
2022-07-07 00:00:00-04:00,2.8499999046325684,2.880000114440918,2.809999942779541,2.8499999046325684,1700,0.0,0.0
2022-07-08 00:00:00-04:00,2.75,2.9700000286102295,2.75,2.9700000286102295,4000,0.0,0.0
2022-07-11 00:00:00-04:00,2.9100000858306885,2.990000009536743,2.8499999046325684,2.9100000858306885,5600,0.0,0.0
2022-07-12 00:00:00-04:00,2.759999990463257,2.8399999141693115,2.75,2.8399999141693115,3100,0.0,0.0
2022-07-13 00:00:00-04:00,2.759999990463257,2.9200000762939453,2.759999990463257,2.9000000953674316,4600,0.0,0.0
2022-07-14 00:00:00-04:00,2.930000066757202,2.9800000190734863,2.7699999809265137,2.930000066757202,10000,0.0,0.0
2022-07-15 00:00:00-04:00,3.0,3.0,2.819999933242798,2.8399999141693115,1700,0.0,0.0
2022-07-18 00:00:00-04:00,2.9800000190734863,3.059999942779541,2.9800000190734863,3.009999990463257,13600,0.0,0.0
2022-07-19 00:00:00-04:00,3.0899999141693115,3.0899999141693115,2.9600000381469727,2.9600000381469727,7800,0.0,0.0
2022-07-20 00:00:00-04:00,2.9800000190734863,3.0899999141693115,2.9800000190734863,3.069999933242798,14800,0.0,0.0
2022-07-21 00:00:00-04:00,3.0799999237060547,3.2100000381469727,3.0799999237060547,3.180000066757202,17300,0.0,0.0
2022-07-22 00:00:00-04:00,3.140000104904175,3.390000104904175,3.140000104904175,3.180000066757202,5300,0.0,0.0
2022-07-25 00:00:00-04:00,3.180000066757202,3.25,3.180000066757202,3.240000009536743,2800,0.0,0.0
2022-07-26 00:00:00-04:00,3.25,3.2899999618530273,3.109999895095825,3.109999895095825,18500,0.0,0.0
2022-07-27 00:00:00-04:00,3.200000047683716,3.369999885559082,3.009999990463257,3.0999999046325684,4400,0.0,0.0
2022-07-28 00:00:00-04:00,3.1600000858306885,3.1600000858306885,3.069999933242798,3.069999933242798,3200,0.0,0.0
2022-07-29 00:00:00-04:00,3.180000066757202,3.259999990463257,3.180000066757202,3.2200000286102295,4900,0.0,0.0
2022-08-01 00:00:00-04:00,3.2699999809265137,3.4600000381469727,3.2699999809265137,3.4000000953674316,3800,0.0,0.0
2022-08-02 00:00:00-04:00,3.369999885559082,3.369999885559082,3.2200000286102295,3.2200000286102295,2900,0.0,0.0
2022-08-03 00:00:00-04:00,3.25,3.5,3.25,3.490000009536743,23900,0.0,0.0
2022-08-04 00:00:00-04:00,3.5,3.549999952316284,3.3299999237060547,3.450000047683716,8300,0.0,0.0
2022-08-05 00:00:00-04:00,3.3299999237060547,3.390000104904175,3.3299999237060547,3.369999885559082,1100,0.0,0.0
2022-08-08 00:00:00-04:00,3.390000104904175,3.940000057220459,3.3499999046325684,3.390000104904175,30500,0.0,0.0
2022-08-09 00:00:00-04:00,3.4600000381469727,3.690000057220459,3.2200000286102295,3.2300000190734863,24400,0.0,0.0
2022-08-10 00:00:00-04:00,3.3499999046325684,3.4000000953674316,3.2899999618530273,3.3399999141693115,7100,0.0,0.0
2022-08-11 00:00:00-04:00,3.25,3.509999990463257,3.25,3.5,6800,0.0,0.0
2022-08-12 00:00:00-04:00,3.319999933242798,3.390000104904175,3.130000114440918,3.3299999237060547,29000,0.0,0.0
2022-08-15 00:00:00-04:00,3.440000057220459,3.440000057220459,3.109999895095825,3.2200000286102295,9300,0.0,0.0
2022-08-16 00:00:00-04:00,3.259999990463257,3.259999990463257,3.1600000858306885,3.1600000858306885,5500,0.0,0.0
2022-08-17 00:00:00-04:00,3.1600000858306885,3.180000066757202,3.009999990463257,3.009999990463257,14500,0.0,0.0
2022-08-18 00:00:00-04:00,3.180000066757202,3.359999895095825,3.049999952316284,3.1500000953674316,15300,0.0,0.0
2022-08-19 00:00:00-04:00,3.2100000381469727,3.369999885559082,3.140000104904175,3.1700000762939453,11300,0.0,0.0
2022-08-22 00:00:00-04:00,3.190000057220459,3.200000047683716,3.009999990463257,3.069999933242798,20400,0.0,0.0
2022-08-23 00:00:00-04:00,3.0299999713897705,3.069999933242798,2.869999885559082,2.890000104904175,17700,0.0,0.0
2022-08-24 00:00:00-04:00,2.880000114440918,3.0,2.880000114440918,2.940000057220459,11800,0.0,0.0
2022-08-25 00:00:00-04:00,2.930000066757202,3.140000104904175,2.930000066757202,3.009999990463257,11400,0.0,0.0
2022-08-26 00:00:00-04:00,2.9800000190734863,2.9800000190734863,2.890000104904175,2.890000104904175,9700,0.0,0.0
2022-08-29 00:00:00-04:00,2.859999895095825,3.0399999618530273,2.8499999046325684,2.880000114440918,14900,0.0,0.0
2022-08-30 00:00:00-04:00,2.8499999046325684,3.109999895095825,2.8499999046325684,3.049999952316284,10000,0.0,0.0
2022-08-31 00:00:00-04:00,2.9600000381469727,3.0,2.9000000953674316,2.9600000381469727,10500,0.0,0.0
2022-09-01 00:00:00-04:00,2.9000000953674316,2.990000009536743,2.9000000953674316,2.950000047683716,6600,0.0,0.0
2022-09-02 00:00:00-04:00,2.9600000381469727,3.0299999713897705,2.9000000953674316,2.940000057220459,7400,0.0,0.0
2022-09-06 00:00:00-04:00,2.880000114440918,2.9700000286102295,2.7799999713897705,2.859999895095825,20800,0.0,0.0
2022-09-07 00:00:00-04:00,2.8399999141693115,2.890000104904175,2.7799999713897705,2.880000114440918,17400,0.0,0.0
2022-09-08 00:00:00-04:00,2.759999990463257,2.9200000762939453,2.759999990463257,2.7699999809265137,21500,0.0,0.0
2022-09-09 00:00:00-04:00,2.7899999618530273,2.859999895095825,2.75,2.819999933242798,9600,0.0,0.0
2022-09-12 00:00:00-04:00,2.880000114440918,3.0299999713897705,2.7699999809265137,2.940000057220459,15200,0.0,0.0
2022-09-13 00:00:00-04:00,2.8399999141693115,2.9100000858306885,2.819999933242798,2.9100000858306885,5600,0.0,0.0
2022-09-14 00:00:00-04:00,2.819999933242798,2.9100000858306885,2.819999933242798,2.8299999237060547,8600,0.0,0.0
2022-09-15 00:00:00-04:00,2.8499999046325684,2.869999885559082,2.75,2.7699999809265137,20900,0.0,0.0
2022-09-16 00:00:00-04:00,2.7699999809265137,2.7699999809265137,2.630000114440918,2.6600000858306885,31900,0.0,0.0
2022-09-19 00:00:00-04:00,2.740000009536743,2.740000009536743,2.240000009536743,2.569999933242798,81200,0.0,0.0
2022-09-20 00:00:00-04:00,2.490000009536743,2.6500000953674316,2.359999895095825,2.5199999809265137,28100,0.0,0.0
2022-09-21 00:00:00-04:00,2.4700000286102295,2.549999952316284,2.3299999237060547,2.440000057220459,53000,0.0,0.0
2022-09-22 00:00:00-04:00,2.4000000953674316,2.559999942779541,2.259999990463257,2.3299999237060547,36800,0.0,0.0
2022-09-23 00:00:00-04:00,2.3499999046325684,2.3499999046325684,2.1500000953674316,2.2899999618530273,26700,0.0,0.0
2022-09-26 00:00:00-04:00,2.2200000286102295,2.319999933242798,2.0999999046325684,2.2699999809265137,40100,0.0,0.0
2022-09-27 00:00:00-04:00,2.3299999237060547,2.369999885559082,2.180000066757202,2.180000066757202,44800,0.0,0.0
2022-09-28 00:00:00-04:00,2.240000009536743,2.690000057220459,2.2300000190734863,2.2300000190734863,35000,0.0,0.0
2022-09-29 00:00:00-04:00,2.259999990463257,2.2799999713897705,2.109999895095825,2.180000066757202,75300,0.0,0.0
2022-09-30 00:00:00-04:00,2.200000047683716,2.2699999809265137,2.119999885559082,2.1700000762939453,43500,0.0,0.0
2022-10-03 00:00:00-04:00,2.2200000286102295,2.25,2.1600000858306885,2.200000047683716,60300,0.0,0.0
2022-10-04 00:00:00-04:00,2.180000066757202,2.2699999809265137,2.180000066757202,2.2100000381469727,45900,0.0,0.0
2022-10-05 00:00:00-04:00,2.2300000190734863,2.3299999237060547,2.119999885559082,2.140000104904175,42900,0.0,0.0
2022-10-06 00:00:00-04:00,2.130000114440918,2.5,2.130000114440918,2.2100000381469727,34800,0.0,0.0
2022-10-07 00:00:00-04:00,2.2899999618530273,2.2899999618530273,2.130000114440918,2.1500000953674316,32000,0.0,0.0
2022-10-10 00:00:00-04:00,2.119999885559082,2.5199999809265137,2.119999885559082,2.440000057220459,44200,0.0,0.0
2022-10-11 00:00:00-04:00,2.390000104904175,2.390000104904175,2.190000057220459,2.200000047683716,57000,0.0,0.0
2022-10-12 00:00:00-04:00,2.2300000190734863,2.2699999809265137,2.200000047683716,2.240000009536743,70400,0.0,0.0
2022-10-13 00:00:00-04:00,2.299999952316284,2.369999885559082,2.240000009536743,2.240000009536743,80700,0.0,0.0
2022-10-14 00:00:00-04:00,2.190000057220459,2.259999990463257,2.1500000953674316,2.180000066757202,55800,0.0,0.0
2022-10-17 00:00:00-04:00,2.200000047683716,2.25,2.1700000762939453,2.240000009536743,43700,0.0,0.0
2022-10-18 00:00:00-04:00,2.2699999809265137,2.309999942779541,2.2200000286102295,2.2200000286102295,53400,0.0,0.0
2022-10-19 00:00:00-04:00,2.240000009536743,2.2799999713897705,2.1500000953674316,2.1700000762939453,63400,0.0,0.0
2022-10-20 00:00:00-04:00,2.1500000953674316,2.2200000286102295,2.1500000953674316,2.1600000858306885,34800,0.0,0.0
2022-10-21 00:00:00-04:00,2.130000114440918,2.240000009536743,2.069999933242798,2.1700000762939453,77600,0.0,0.0
2022-10-24 00:00:00-04:00,2.1500000953674316,2.190000057220459,2.0999999046325684,2.130000114440918,43400,0.0,0.0
2022-10-25 00:00:00-04:00,2.1500000953674316,2.1600000858306885,2.069999933242798,2.119999885559082,54000,0.0,0.0
2022-10-26 00:00:00-04:00,2.119999885559082,2.190000057220459,2.0899999141693115,2.119999885559082,85000,0.0,0.0
2022-10-27 00:00:00-04:00,2.130000114440918,2.130000114440918,2.0199999809265137,2.069999933242798,56800,0.0,0.0
2022-10-28 00:00:00-04:00,2.049999952316284,2.2899999618530273,2.049999952316284,2.259999990463257,32900,0.0,0.0
2022-10-31 00:00:00-04:00,2.380000114440918,2.680000066757202,2.369999885559082,2.5399999618530273,21900,0.0,0.0
2022-11-01 00:00:00-04:00,2.609999895095825,2.809999942779541,2.559999942779541,2.630000114440918,31700,0.0,0.0
2022-11-02 00:00:00-04:00,2.559999942779541,2.6600000858306885,2.450000047683716,2.4800000190734863,28200,0.0,0.0
2022-11-03 00:00:00-04:00,2.4100000858306885,2.440000057220459,2.3499999046325684,2.359999895095825,13200,0.0,0.0
2022-11-04 00:00:00-04:00,2.359999895095825,2.4200000762939453,2.309999942779541,2.4200000762939453,5000,0.0,0.0
2022-11-07 00:00:00-05:00,2.450000047683716,2.450000047683716,2.4100000858306885,2.4100000858306885,2300,0.0,0.0
2022-11-08 00:00:00-05:00,2.4700000286102295,2.490000009536743,2.2300000190734863,2.2899999618530273,40900,0.0,0.0
2022-11-09 00:00:00-05:00,2.25,2.2899999618530273,2.1500000953674316,2.2300000190734863,59900,0.0,0.0
2022-11-10 00:00:00-05:00,2.2699999809265137,2.369999885559082,2.2699999809265137,2.3299999237060547,6500,0.0,0.0
2022-11-11 00:00:00-05:00,2.3499999046325684,2.4000000953674316,2.309999942779541,2.369999885559082,15700,0.0,0.0
2022-11-14 00:00:00-05:00,2.390000104904175,2.440000057220459,2.299999952316284,2.430000066757202,17300,0.0,0.0
2022-11-15 00:00:00-05:00,2.490000009536743,2.549999952316284,2.490000009536743,2.5199999809265137,15100,0.0,0.0
2022-11-16 00:00:00-05:00,2.549999952316284,2.559999942779541,2.4200000762939453,2.549999952316284,10000,0.0,0.0
2022-11-17 00:00:00-05:00,2.549999952316284,2.549999952316284,2.4000000953674316,2.430000066757202,13200,0.0,0.0
2022-11-18 00:00:00-05:00,2.390000104904175,2.4800000190734863,2.3499999046325684,2.4100000858306885,53700,0.0,0.0
2022-11-21 00:00:00-05:00,2.430000066757202,2.5299999713897705,2.430000066757202,2.490000009536743,8900,0.0,0.0
2022-11-22 00:00:00-05:00,2.490000009536743,2.5999999046325684,2.490000009536743,2.509999990463257,10500,0.0,0.0
2022-11-23 00:00:00-05:00,2.509999990463257,2.609999895095825,2.509999990463257,2.5999999046325684,13700,0.0,0.0
2022-11-25 00:00:00-05:00,2.5999999046325684,2.609999895095825,2.5399999618530273,2.5399999618530273,3700,0.0,0.0
2022-11-28 00:00:00-05:00,2.4800000190734863,2.5299999713897705,2.450000047683716,2.5299999713897705,6900,0.0,0.0
2022-11-29 00:00:00-05:00,2.569999933242798,2.569999933242798,2.4100000858306885,2.4100000858306885,5900,0.0,0.0
2022-11-30 00:00:00-05:00,2.569999933242798,2.5799999237060547,2.4000000953674316,2.5799999237060547,7700,0.0,0.0
2022-12-01 00:00:00-05:00,2.4200000762939453,2.5799999237060547,2.4200000762939453,2.5,2200,0.0,0.0
2022-12-02 00:00:00-05:00,2.440000057220459,2.5199999809265137,2.4100000858306885,2.4100000858306885,8000,0.0,0.0
2022-12-05 00:00:00-05:00,2.4800000190734863,2.5,2.4000000953674316,2.4100000858306885,14400,0.0,0.0
2022-12-06 00:00:00-05:00,2.4100000858306885,2.8299999237060547,2.4100000858306885,2.4800000190734863,112400,0.0,0.0
2022-12-07 00:00:00-05:00,2.5399999618530273,2.859999895095825,2.5399999618530273,2.859999895095825,22400,0.0,0.0
2022-12-08 00:00:00-05:00,2.9200000762939453,2.930000066757202,2.630000114440918,2.700000047683716,28000,0.0,0.0
2022-12-09 00:00:00-05:00,2.7200000286102295,2.740000009536743,2.569999933242798,2.5799999237060547,8700,0.0,0.0
2022-12-12 00:00:00-05:00,2.5799999237060547,2.8299999237060547,2.5199999809265137,2.549999952316284,18200,0.0,0.0
2022-12-13 00:00:00-05:00,2.5199999809265137,2.740000009536743,2.5199999809265137,2.7200000286102295,17600,0.0,0.0
2022-12-14 00:00:00-05:00,2.700000047683716,2.7200000286102295,2.630000114440918,2.690000057220459,6100,0.0,0.0
2022-12-15 00:00:00-05:00,2.690000057220459,2.75,2.630000114440918,2.75,30400,0.0,0.0
2022-12-16 00:00:00-05:00,2.6500000953674316,2.7200000286102295,2.3399999141693115,2.3399999141693115,85700,0.0,0.0
2022-12-19 00:00:00-05:00,2.259999990463257,2.309999942779541,2.1500000953674316,2.1500000953674316,56000,0.0,0.0
2022-12-20 00:00:00-05:00,2.299999952316284,2.4600000381469727,2.180000066757202,2.359999895095825,27900,0.0,0.0
2022-12-21 00:00:00-05:00,2.5,2.5399999618530273,2.319999933242798,2.319999933242798,22900,0.0,0.0
2022-12-22 00:00:00-05:00,2.369999885559082,2.430000066757202,2.309999942779541,2.4000000953674316,11400,0.0,0.0
2022-12-23 00:00:00-05:00,2.5199999809265137,2.5199999809265137,2.2699999809265137,2.4200000762939453,5900,0.0,0.0
2022-12-27 00:00:00-05:00,2.4200000762939453,2.4200000762939453,2.309999942779541,2.309999942779541,6500,0.0,0.0
2022-12-28 00:00:00-05:00,2.4200000762939453,2.4200000762939453,2.319999933242798,2.369999885559082,6700,0.0,0.0
2022-12-29 00:00:00-05:00,2.369999885559082,2.390000104904175,2.309999942779541,2.309999942779541,9400,0.0,0.0
2022-12-30 00:00:00-05:00,2.3399999141693115,2.359999895095825,2.1500000953674316,2.240000009536743,26600,0.0,0.0
2023-01-03 00:00:00-05:00,2.299999952316284,2.3299999237060547,2.240000009536743,2.319999933242798,12400,0.0,0.0
2023-01-04 00:00:00-05:00,2.319999933242798,2.4200000762939453,2.319999933242798,2.4100000858306885,6300,0.0,0.0
2023-01-05 00:00:00-05:00,2.3299999237060547,2.430000066757202,2.3299999237060547,2.4100000858306885,5300,0.0,0.0
2023-01-06 00:00:00-05:00,2.359999895095825,2.5399999618530273,2.359999895095825,2.5399999618530273,7500,0.0,0.0
2023-01-09 00:00:00-05:00,2.559999942779541,2.630000114440918,2.5,2.559999942779541,13000,0.0,0.0
2023-01-10 00:00:00-05:00,2.5,2.630000114440918,2.5,2.569999933242798,7400,0.0,0.0
2023-01-11 00:00:00-05:00,2.569999933242798,2.569999933242798,2.5,2.5399999618530273,6500,0.0,0.0
2023-01-12 00:00:00-05:00,2.6500000953674316,2.6600000858306885,2.5199999809265137,2.6600000858306885,7400,0.0,0.0
2023-01-13 00:00:00-05:00,2.5999999046325684,2.740000009536743,2.5299999713897705,2.640000104904175,10400,0.0,0.0
2023-01-17 00:00:00-05:00,2.700000047683716,2.8499999046325684,2.640000104904175,2.799999952316284,26800,0.0,0.0
2023-01-18 00:00:00-05:00,2.869999885559082,2.950000047683716,2.7100000381469727,2.7799999713897705,23800,0.0,0.0
2023-01-19 00:00:00-05:00,2.8499999046325684,2.8499999046325684,2.700000047683716,2.7200000286102295,12700,0.0,0.0
2023-01-20 00:00:00-05:00,2.7699999809265137,2.7899999618530273,2.6500000953674316,2.6700000762939453,18800,0.0,0.0
2023-01-23 00:00:00-05:00,2.6500000953674316,2.7799999713897705,2.5,2.509999990463257,27900,0.0,0.0
2023-01-24 00:00:00-05:00,2.549999952316284,2.7300000190734863,2.549999952316284,2.7300000190734863,8100,0.0,0.0
2023-01-25 00:00:00-05:00,2.7300000190734863,2.7799999713897705,2.5299999713897705,2.5999999046325684,13700,0.0,0.0
2023-01-26 00:00:00-05:00,2.680000066757202,2.7799999713897705,2.619999885559082,2.680000066757202,16800,0.0,0.0
2023-01-27 00:00:00-05:00,2.809999942779541,2.819999933242798,2.559999942779541,2.690000057220459,21100,0.0,0.0
2023-01-30 00:00:00-05:00,2.890000104904175,2.9800000190734863,2.799999952316284,2.8499999046325684,58000,0.0,0.0
2023-01-31 00:00:00-05:00,2.9100000858306885,2.990000009536743,2.7200000286102295,2.7799999713897705,23300,0.0,0.0
2023-02-01 00:00:00-05:00,2.8399999141693115,2.9700000286102295,2.8399999141693115,2.880000114440918,20000,0.0,0.0
2023-02-02 00:00:00-05:00,3.0,3.0299999713897705,2.9000000953674316,3.0,19200,0.0,0.0
2023-02-03 00:00:00-05:00,3.0999999046325684,3.0999999046325684,2.75,2.75,42500,0.0,0.0
2023-02-06 00:00:00-05:00,2.799999952316284,2.9200000762939453,2.7200000286102295,2.7200000286102295,25700,0.0,0.0
2023-02-07 00:00:00-05:00,2.809999942779541,2.990000009536743,2.809999942779541,2.890000104904175,21800,0.0,0.0
2023-02-08 00:00:00-05:00,2.9100000858306885,2.9800000190734863,2.8499999046325684,2.9200000762939453,13000,0.0,0.0
2023-02-09 00:00:00-05:00,2.9700000286102295,3.0799999237060547,2.930000066757202,2.930000066757202,14200,0.0,0.0
2023-02-10 00:00:00-05:00,2.940000057220459,2.990000009536743,2.819999933242798,2.819999933242798,25600,0.0,0.0
2023-02-13 00:00:00-05:00,2.9000000953674316,2.9000000953674316,2.819999933242798,2.890000104904175,6400,0.0,0.0
2023-02-14 00:00:00-05:00,2.9200000762939453,2.9200000762939453,2.799999952316284,2.799999952316284,20400,0.0,0.0
2023-02-15 00:00:00-05:00,2.859999895095825,2.9000000953674316,2.859999895095825,2.869999885559082,14200,0.0,0.0
2023-02-16 00:00:00-05:00,2.880000114440918,2.890000104904175,2.8499999046325684,2.8499999046325684,10800,0.0,0.0
2023-02-17 00:00:00-05:00,2.9000000953674316,2.9200000762939453,2.859999895095825,2.9000000953674316,5900,0.0,0.0
2023-02-21 00:00:00-05:00,2.880000114440918,2.9200000762939453,2.8399999141693115,2.9000000953674316,5600,0.0,0.0
2023-02-22 00:00:00-05:00,2.930000066757202,2.940000057220459,2.8499999046325684,2.869999885559082,13800,0.0,0.0
2023-02-23 00:00:00-05:00,2.9000000953674316,2.940000057220459,2.8399999141693115,2.9100000858306885,17100,0.0,0.0
2023-02-24 00:00:00-05:00,2.8499999046325684,2.869999885559082,2.809999942779541,2.8399999141693115,8400,0.0,0.0
2023-02-27 00:00:00-05:00,2.890000104904175,2.9000000953674316,2.8499999046325684,2.8499999046325684,7600,0.0,0.0
2023-02-28 00:00:00-05:00,2.809999942779541,2.940000057220459,2.809999942779541,2.8299999237060547,9000,0.0,0.0
2023-03-01 00:00:00-05:00,2.930000066757202,2.930000066757202,2.869999885559082,2.869999885559082,6300,0.0,0.0
2023-03-02 00:00:00-05:00,2.9100000858306885,2.9100000858306885,2.9100000858306885,2.9100000858306885,1200,0.0,0.0
2023-03-03 00:00:00-05:00,2.9200000762939453,2.940000057220459,2.880000114440918,2.880000114440918,3400,0.0,0.0
2023-03-06 00:00:00-05:00,2.890000104904175,2.9600000381469727,2.880000114440918,2.9600000381469727,13400,0.0,0.0
2023-03-07 00:00:00-05:00,2.9000000953674316,2.9000000953674316,2.880000114440918,2.880000114440918,2800,0.0,0.0
2023-03-08 00:00:00-05:00,2.880000114440918,2.880000114440918,2.859999895095825,2.869999885559082,9100,0.0,0.0
2023-03-09 00:00:00-05:00,2.8399999141693115,2.8499999046325684,2.799999952316284,2.819999933242798,5200,0.0,0.0
2023-03-10 00:00:00-05:00,2.819999933242798,2.890000104904175,2.7200000286102295,2.7200000286102295,12600,0.0,0.0
2023-03-13 00:00:00-04:00,2.690000057220459,2.8299999237060547,2.609999895095825,2.619999885559082,12900,0.0,0.0
2023-03-14 00:00:00-04:00,2.7899999618530273,2.859999895095825,2.640000104904175,2.680000066757202,20500,0.0,0.0
2023-03-15 00:00:00-04:00,2.619999885559082,2.6500000953674316,2.5399999618530273,2.549999952316284,13300,0.0,0.0
2023-03-16 00:00:00-04:00,2.5399999618530273,2.619999885559082,2.5199999809265137,2.609999895095825,8100,0.0,0.0
2023-03-17 00:00:00-04:00,2.569999933242798,2.5999999046325684,2.430000066757202,2.5999999046325684,8700,0.0,0.0
2023-03-20 00:00:00-04:00,2.5199999809265137,2.640000104904175,2.5199999809265137,2.5399999618530273,3200,0.0,0.0
2023-03-21 00:00:00-04:00,2.5999999046325684,2.7799999713897705,2.569999933242798,2.630000114440918,12100,0.0,0.0
2023-03-22 00:00:00-04:00,2.6500000953674316,2.7699999809265137,2.6500000953674316,2.75,7000,0.0,0.0
2023-03-23 00:00:00-04:00,2.7200000286102295,2.819999933242798,2.6600000858306885,2.7699999809265137,7000,0.0,0.0
2023-03-24 00:00:00-04:00,2.75,2.799999952316284,2.5899999141693115,2.7799999713897705,4200,0.0,0.0
2023-03-27 00:00:00-04:00,2.559999942779541,2.7899999618530273,2.5299999713897705,2.7200000286102295,6100,0.0,0.0
2023-03-28 00:00:00-04:00,2.6700000762939453,2.680000066757202,2.5399999618530273,2.619999885559082,6300,0.0,0.0
2023-03-29 00:00:00-04:00,2.680000066757202,2.7100000381469727,2.5799999237060547,2.5999999046325684,2500,0.0,0.0
2023-03-30 00:00:00-04:00,2.6500000953674316,2.7200000286102295,2.6500000953674316,2.700000047683716,4000,0.0,0.0
2023-03-31 00:00:00-04:00,2.680000066757202,2.7300000190734863,2.559999942779541,2.7300000190734863,3100,0.0,0.0
2023-04-03 00:00:00-04:00,2.700000047683716,2.75,2.700000047683716,2.700000047683716,16300,0.0,0.0
2023-04-04 00:00:00-04:00,2.7100000381469727,2.740000009536743,2.5799999237060547,2.5899999141693115,8400,0.0,0.0
2023-04-05 00:00:00-04:00,2.619999885559082,2.6700000762939453,2.559999942779541,2.559999942779541,5600,0.0,0.0
2023-04-06 00:00:00-04:00,2.619999885559082,2.619999885559082,2.559999942779541,2.559999942779541,4800,0.0,0.0
2023-04-10 00:00:00-04:00,2.5199999809265137,2.740000009536743,2.5199999809265137,2.569999933242798,11300,0.0,0.0
2023-04-11 00:00:00-04:00,2.7100000381469727,2.75,2.569999933242798,2.7300000190734863,8600,0.0,0.0
2023-04-12 00:00:00-04:00,2.75,2.75,2.609999895095825,2.609999895095825,3400,0.0,0.0
2023-04-13 00:00:00-04:00,2.7899999618530273,2.7899999618530273,2.680000066757202,2.740000009536743,5000,0.0,0.0
2023-04-14 00:00:00-04:00,2.6700000762939453,2.7899999618530273,2.640000104904175,2.7100000381469727,18700,0.0,0.0
2023-04-17 00:00:00-04:00,2.6600000858306885,2.6600000858306885,2.5899999141693115,2.5899999141693115,5700,0.0,0.0
2023-04-18 00:00:00-04:00,2.5899999141693115,2.6700000762939453,2.5899999141693115,2.6700000762939453,1100,0.0,0.0
2023-04-19 00:00:00-04:00,2.5899999141693115,2.6700000762939453,2.5899999141693115,2.5899999141693115,4000,0.0,0.0
2023-04-20 00:00:00-04:00,2.5999999046325684,2.690000057220459,2.5899999141693115,2.690000057220459,4300,0.0,0.0
2023-04-21 00:00:00-04:00,2.680000066757202,2.680000066757202,2.5899999141693115,2.6700000762939453,1700,0.0,0.0
2023-04-24 00:00:00-04:00,2.700000047683716,2.7300000190734863,2.569999933242798,2.630000114440918,3600,0.0,0.0
2023-04-25 00:00:00-04:00,2.6700000762939453,2.6700000762939453,2.6500000953674316,2.6700000762939453,2300,0.0,0.0
2023-04-26 00:00:00-04:00,2.799999952316284,2.809999942779541,2.609999895095825,2.609999895095825,8700,0.0,0.0
2023-04-27 00:00:00-04:00,2.700000047683716,2.7799999713897705,2.690000057220459,2.740000009536743,3000,0.0,0.0
2023-04-28 00:00:00-04:00,2.799999952316284,2.809999942779541,2.619999885559082,2.619999885559082,6700,0.0,0.0
2023-05-01 00:00:00-04:00,2.619999885559082,2.759999990463257,2.619999885559082,2.759999990463257,2600,0.0,0.0
2023-05-02 00:00:00-04:00,2.6600000858306885,2.809999942779541,2.619999885559082,2.640000104904175,13000,0.0,0.0
2023-05-03 00:00:00-04:00,2.799999952316284,2.809999942779541,2.5999999046325684,2.609999895095825,14000,0.0,0.0
2023-05-04 00:00:00-04:00,2.6600000858306885,2.7100000381469727,2.569999933242798,2.609999895095825,13700,0.0,0.0
2023-05-05 00:00:00-04:00,2.619999885559082,2.630000114440918,2.619999885559082,2.630000114440918,3500,0.0,0.0
2023-05-08 00:00:00-04:00,2.559999942779541,2.7100000381469727,2.559999942779541,2.569999933242798,5800,0.0,0.0
2023-05-09 00:00:00-04:00,2.619999885559082,2.6500000953674316,2.559999942779541,2.6500000953674316,3600,0.0,0.0
2023-05-10 00:00:00-04:00,2.690000057220459,2.809999942779541,2.6500000953674316,2.700000047683716,29200,0.0,0.0
2023-05-11 00:00:00-04:00,2.7300000190734863,2.7699999809265137,2.680000066757202,2.700000047683716,16500,0.0,0.0
2023-05-12 00:00:00-04:00,2.6700000762939453,2.799999952316284,2.6500000953674316,2.75,26100,0.0,0.0
2023-05-15 00:00:00-04:00,2.7699999809265137,2.869999885559082,2.700000047683716,2.7100000381469727,33900,0.0,0.0
2023-05-16 00:00:00-04:00,2.809999942779541,2.809999942779541,2.700000047683716,2.740000009536743,7400,0.0,0.0
2023-05-17 00:00:00-04:00,2.75,2.7799999713897705,2.6600000858306885,2.7100000381469727,15300,0.0,0.0
2023-05-18 00:00:00-04:00,2.700000047683716,2.740000009536743,2.6500000953674316,2.700000047683716,10000,0.0,0.0
2023-05-19 00:00:00-04:00,2.690000057220459,2.859999895095825,2.630000114440918,2.799999952316284,51700,0.0,0.0
2023-05-22 00:00:00-04:00,2.819999933242798,2.8499999046325684,2.75,2.7899999618530273,9800,0.0,0.0
2023-05-23 00:00:00-04:00,2.7799999713897705,2.7799999713897705,2.759999990463257,2.7799999713897705,8500,0.0,0.0
2023-05-24 00:00:00-04:00,2.7300000190734863,2.8499999046325684,2.7100000381469727,2.7799999713897705,5900,0.0,0.0
2023-05-25 00:00:00-04:00,2.7799999713897705,2.8299999237060547,2.700000047683716,2.7799999713897705,5100,0.0,0.0
2023-05-26 00:00:00-04:00,2.7899999618530273,2.880000114440918,2.7799999713897705,2.8299999237060547,11400,0.0,0.0
2023-05-30 00:00:00-04:00,2.8299999237060547,2.990000009536743,2.8299999237060547,2.9100000858306885,15100,0.0,0.0
2023-05-31 00:00:00-04:00,2.940000057220459,2.9600000381469727,2.890000104904175,2.890000104904175,14200,0.0,0.0
2023-06-01 00:00:00-04:00,2.890000104904175,2.990000009536743,2.880000114440918,2.9700000286102295,5100,0.0,0.0
2023-06-02 00:00:00-04:00,3.0,3.0899999141693115,2.9800000190734863,2.9800000190734863,15000,0.0,0.0
2023-06-05 00:00:00-04:00,3.0,3.0799999237060547,2.859999895095825,2.890000104904175,14600,0.0,0.0
2023-06-06 00:00:00-04:00,2.880000114440918,2.940000057220459,2.859999895095825,2.880000114440918,4300,0.0,0.0
2023-06-07 00:00:00-04:00,2.869999885559082,3.059999942779541,2.869999885559082,2.990000009536743,17600,0.0,0.0
2023-06-08 00:00:00-04:00,3.009999990463257,3.049999952316284,2.9100000858306885,3.0,14700,0.0,0.0
2023-06-09 00:00:00-04:00,3.0399999618530273,3.059999942779541,2.9100000858306885,2.9100000858306885,21400,0.0,0.0
2023-06-12 00:00:00-04:00,2.9100000858306885,3.059999942779541,2.9100000858306885,3.059999942779541,3400,0.0,0.0
2023-06-13 00:00:00-04:00,3.0999999046325684,3.180000066757202,3.059999942779541,3.0999999046325684,9800,0.0,0.0
2023-06-14 00:00:00-04:00,3.069999933242798,3.25,3.069999933242798,3.0999999046325684,29900,0.0,0.0
2023-06-15 00:00:00-04:00,3.0899999141693115,3.190000057220459,3.009999990463257,3.1500000953674316,31700,0.0,0.0
2023-06-16 00:00:00-04:00,3.1600000858306885,3.25,3.1600000858306885,3.190000057220459,16900,0.0,0.0
2023-06-20 00:00:00-04:00,3.200000047683716,3.569999933242798,3.200000047683716,3.240000009536743,28900,0.0,0.0
2023-06-21 00:00:00-04:00,3.4800000190734863,3.509999990463257,3.359999895095825,3.430000066757202,44600,0.0,0.0
2023-06-22 00:00:00-04:00,3.430000066757202,3.440000057220459,3.2799999713897705,3.2799999713897705,17500,0.0,0.0
2023-06-23 00:00:00-04:00,3.2100000381469727,3.430000066757202,3.200000047683716,3.3299999237060547,22100,0.0,0.0
2023-06-26 00:00:00-04:00,3.3499999046325684,3.390000104904175,3.2799999713897705,3.3299999237060547,17900,0.0,0.0
2023-06-27 00:00:00-04:00,3.3299999237060547,3.4800000190734863,3.3299999237060547,3.4000000953674316,10700,0.0,0.0
2023-06-28 00:00:00-04:00,3.430000066757202,3.450000047683716,3.319999933242798,3.359999895095825,15900,0.0,0.0
2023-06-29 00:00:00-04:00,3.25,3.4600000381469727,3.25,3.390000104904175,10900,0.0,0.0
2023-06-30 00:00:00-04:00,3.4100000858306885,3.4100000858306885,3.3399999141693115,3.4000000953674316,10700,0.0,0.0
2023-07-03 00:00:00-04:00,3.3399999141693115,3.5,3.3399999141693115,3.4100000858306885,14800,0.0,0.0
2023-07-05 00:00:00-04:00,3.4700000286102295,3.5,3.359999895095825,3.359999895095825,14500,0.0,0.0
2023-07-06 00:00:00-04:00,3.190000057220459,3.3399999141693115,3.190000057220459,3.25,7100,0.0,0.0
2023-07-07 00:00:00-04:00,3.200000047683716,3.4100000858306885,3.1600000858306885,3.309999942779541,15300,0.0,0.0
2023-07-10 00:00:00-04:00,3.309999942779541,3.380000114440918,3.2799999713897705,3.299999952316284,9400,0.0,0.0
2023-07-11 00:00:00-04:00,3.3399999141693115,3.450000047683716,3.309999942779541,3.440000057220459,13800,0.0,0.0
2023-07-12 00:00:00-04:00,3.450000047683716,3.5,3.3299999237060547,3.4200000762939453,38000,0.0,0.0
2023-07-13 00:00:00-04:00,3.450000047683716,3.5,3.440000057220459,3.490000009536743,14800,0.0,0.0
2023-07-14 00:00:00-04:00,3.4600000381469727,3.5,3.3399999141693115,3.359999895095825,19100,0.0,0.0
2023-07-17 00:00:00-04:00,3.4000000953674316,3.4700000286102295,3.3399999141693115,3.440000057220459,3800,0.0,0.0
2023-07-18 00:00:00-04:00,3.4200000762939453,3.450000047683716,3.4000000953674316,3.4200000762939453,6500,0.0,0.0
2023-07-19 00:00:00-04:00,3.380000114440918,3.490000009536743,3.3399999141693115,3.359999895095825,36100,0.0,0.0
2023-07-20 00:00:00-04:00,3.4200000762939453,3.4200000762939453,3.299999952316284,3.369999885559082,18700,0.0,0.0
2023-07-21 00:00:00-04:00,3.299999952316284,3.4000000953674316,3.2300000190734863,3.2300000190734863,17100,0.0,0.0
2023-07-24 00:00:00-04:00,3.2300000190734863,3.390000104904175,3.2300000190734863,3.2899999618530273,8300,0.0,0.0
2023-07-25 00:00:00-04:00,3.2699999809265137,3.380000114440918,3.2300000190734863,3.2300000190734863,10400,0.0,0.0
2023-07-26 00:00:00-04:00,3.299999952316284,3.309999942779541,3.2300000190734863,3.2799999713897705,6400,0.0,0.0
2023-07-27 00:00:00-04:00,3.25,3.259999990463257,3.2100000381469727,3.240000009536743,3200,0.0,0.0
2023-07-28 00:00:00-04:00,3.299999952316284,3.319999933242798,3.180000066757202,3.299999952316284,7700,0.0,0.0
2023-07-31 00:00:00-04:00,3.25,3.319999933242798,3.200000047683716,3.2100000381469727,17500,0.0,0.0
2023-08-01 00:00:00-04:00,3.190000057220459,3.3499999046325684,3.180000066757202,3.200000047683716,17100,0.0,0.0
2023-08-02 00:00:00-04:00,3.1600000858306885,3.25,3.130000114440918,3.2200000286102295,5700,0.0,0.0
2023-08-03 00:00:00-04:00,3.0799999237060547,3.259999990463257,3.0,3.2300000190734863,17900,0.0,0.0
2023-08-04 00:00:00-04:00,3.049999952316284,3.180000066757202,2.9600000381469727,3.130000114440918,11800,0.0,0.0
2023-08-07 00:00:00-04:00,3.0899999141693115,3.0899999141693115,2.9600000381469727,2.9800000190734863,14700,0.0,0.0
2023-08-08 00:00:00-04:00,2.930000066757202,2.9700000286102295,2.8499999046325684,2.859999895095825,9100,0.0,0.0
2023-08-09 00:00:00-04:00,2.930000066757202,2.9800000190734863,2.809999942779541,2.809999942779541,8200,0.0,0.0
2023-08-10 00:00:00-04:00,2.8499999046325684,2.950000047683716,2.8299999237060547,2.940000057220459,18800,0.0,0.0
2023-08-11 00:00:00-04:00,2.869999885559082,3.0399999618530273,2.869999885559082,2.9800000190734863,4600,0.0,0.0
2023-08-14 00:00:00-04:00,2.930000066757202,2.9800000190734863,2.890000104904175,2.890000104904175,20400,0.0,0.0
2023-08-15 00:00:00-04:00,2.890000104904175,2.9700000286102295,2.809999942779541,2.809999942779541,15900,0.0,0.0
2023-08-16 00:00:00-04:00,2.8499999046325684,2.8499999046325684,2.7200000286102295,2.7200000286102295,10600,0.0,0.0
2023-08-17 00:00:00-04:00,2.75,2.75,2.5,2.5,11600,0.0,0.0
2023-08-18 00:00:00-04:00,2.450000047683716,2.569999933242798,2.4100000858306885,2.450000047683716,52900,0.0,0.0
2023-08-21 00:00:00-04:00,2.5,2.509999990463257,2.309999942779541,2.3499999046325684,45900,0.0,0.0
2023-08-22 00:00:00-04:00,2.4000000953674316,2.549999952316284,2.4000000953674316,2.490000009536743,13700,0.0,0.0
2023-08-23 00:00:00-04:00,2.5,2.5999999046325684,2.5,2.559999942779541,4300,0.0,0.0
2023-08-24 00:00:00-04:00,2.619999885559082,2.6600000858306885,2.430000066757202,2.630000114440918,3500,0.0,0.0
2023-08-25 00:00:00-04:00,2.359999895095825,2.700000047683716,2.359999895095825,2.680000066757202,12000,0.0,0.0
2023-08-28 00:00:00-04:00,2.75,2.75,2.5,2.549999952316284,24100,0.0,0.0
2023-08-29 00:00:00-04:00,2.569999933242798,2.799999952316284,2.569999933242798,2.7300000190734863,24100,0.0,0.0
2023-08-30 00:00:00-04:00,2.7899999618530273,2.9000000953674316,2.7300000190734863,2.890000104904175,14200,0.0,0.0
2023-08-31 00:00:00-04:00,2.859999895095825,2.890000104904175,2.7200000286102295,2.8299999237060547,5200,0.0,0.0
2023-09-01 00:00:00-04:00,2.9000000953674316,2.9000000953674316,2.7799999713897705,2.7799999713897705,10500,0.0,0.0
2023-09-05 00:00:00-04:00,2.700000047683716,2.7799999713897705,2.700000047683716,2.75,11400,0.0,0.0
2023-09-06 00:00:00-04:00,2.75,2.7799999713897705,2.700000047683716,2.7699999809265137,10300,0.0,0.0
2023-09-07 00:00:00-04:00,2.700000047683716,2.7699999809265137,2.690000057220459,2.75,7900,0.0,0.0
2023-09-08 00:00:00-04:00,2.75,2.8399999141693115,2.75,2.75,13300,0.0,0.0
2023-09-11 00:00:00-04:00,2.799999952316284,2.809999942779541,2.740000009536743,2.740000009536743,7200,0.0,0.0
2023-09-12 00:00:00-04:00,2.75,2.799999952316284,2.7300000190734863,2.740000009536743,17500,0.0,0.0
2023-09-13 00:00:00-04:00,2.75,2.9200000762939453,2.7300000190734863,2.7300000190734863,19000,0.0,0.0
2023-09-14 00:00:00-04:00,2.759999990463257,2.880000114440918,2.759999990463257,2.869999885559082,9100,0.0,0.0
2023-09-15 00:00:00-04:00,2.8399999141693115,2.8499999046325684,2.75,2.799999952316284,5800,0.0,0.0
2023-09-18 00:00:00-04:00,2.9200000762939453,2.9800000190734863,2.8399999141693115,2.950000047683716,28300,0.0,0.0
2023-09-19 00:00:00-04:00,2.9700000286102295,2.9700000286102295,2.8399999141693115,2.890000104904175,8600,0.0,0.0
2023-09-20 00:00:00-04:00,2.9000000953674316,3.059999942779541,2.8299999237060547,2.9200000762939453,39200,0.0,0.0
2023-09-21 00:00:00-04:00,3.0299999713897705,3.0399999618530273,2.9000000953674316,2.9700000286102295,22900,0.0,0.0
2023-09-22 00:00:00-04:00,2.9700000286102295,3.0,2.9200000762939453,3.0,4700,0.0,0.0
2023-09-25 00:00:00-04:00,3.059999942779541,3.130000114440918,2.9600000381469727,2.9600000381469727,16000,0.0,0.0
2023-09-26 00:00:00-04:00,2.9600000381469727,3.0,2.9600000381469727,2.990000009536743,18000,0.0,0.0
2023-09-27 00:00:00-04:00,2.950000047683716,3.069999933242798,2.950000047683716,3.0,9600,0.0,0.0
2023-09-28 00:00:00-04:00,3.0,3.009999990463257,3.0,3.0,1700,0.0,0.0
2023-09-29 00:00:00-04:00,3.0,3.009999990463257,2.930000066757202,2.9800000190734863,2200,0.0,0.0
2023-10-02 00:00:00-04:00,2.930000066757202,2.940000057220459,2.9000000953674316,2.940000057220459,10300,0.0,0.0
2023-10-03 00:00:00-04:00,2.9100000858306885,2.9100000858306885,2.799999952316284,2.9100000858306885,11800,0.0,0.0
2023-10-04 00:00:00-04:00,2.869999885559082,2.9200000762939453,2.799999952316284,2.809999942779541,9200,0.0,0.0
2023-10-05 00:00:00-04:00,2.9200000762939453,2.9200000762939453,2.809999942779541,2.809999942779541,6700,0.0,0.0
2023-10-06 00:00:00-04:00,2.799999952316284,2.9000000953674316,2.7899999618530273,2.8499999046325684,21300,0.0,0.0
2023-10-09 00:00:00-04:00,2.9100000858306885,2.9200000762939453,2.9100000858306885,2.9200000762939453,5200,0.0,0.0
2023-10-10 00:00:00-04:00,2.880000114440918,3.059999942779541,2.869999885559082,2.940000057220459,5900,0.0,0.0
2023-10-11 00:00:00-04:00,2.930000066757202,3.0999999046325684,2.930000066757202,3.0,7700,0.0,0.0
2023-10-12 00:00:00-04:00,2.9000000953674316,2.990000009536743,2.890000104904175,2.930000066757202,6600,0.0,0.0
2023-10-13 00:00:00-04:00,2.940000057220459,3.069999933242798,2.9200000762939453,2.9200000762939453,12600,0.0,0.0
2023-10-16 00:00:00-04:00,2.9200000762939453,3.0799999237060547,2.9000000953674316,2.9100000858306885,9500,0.0,0.0
2023-10-17 00:00:00-04:00,2.890000104904175,3.0299999713897705,2.799999952316284,2.799999952316284,30800,0.0,0.0
2023-10-18 00:00:00-04:00,2.799999952316284,2.9000000953674316,2.759999990463257,2.7699999809265137,20700,0.0,0.0
2023-10-19 00:00:00-04:00,2.759999990463257,2.759999990463257,2.75,2.75,600,0.0,0.0
2023-10-20 00:00:00-04:00,2.7799999713897705,2.7799999713897705,2.559999942779541,2.680000066757202,13100,0.0,0.0
2023-10-23 00:00:00-04:00,2.609999895095825,2.700000047683716,2.609999895095825,2.6500000953674316,9200,0.0,0.0
2023-10-24 00:00:00-04:00,2.6500000953674316,2.7799999713897705,2.6500000953674316,2.7300000190734863,12900,0.0,0.0
2023-10-25 00:00:00-04:00,2.690000057220459,2.690000057220459,2.6500000953674316,2.6700000762939453,7200,0.0,0.0
2023-10-26 00:00:00-04:00,2.759999990463257,2.7799999713897705,2.6700000762939453,2.75,9500,0.0,0.0
2023-10-27 00:00:00-04:00,2.7100000381469727,2.740000009536743,2.680000066757202,2.7100000381469727,1500,0.0,0.0
2023-10-30 00:00:00-04:00,2.700000047683716,2.7200000286102295,2.690000057220459,2.690000057220459,8400,0.0,0.0
2023-10-31 00:00:00-04:00,2.700000047683716,2.7200000286102295,2.6700000762939453,2.680000066757202,4600,0.0,0.0
2023-11-01 00:00:00-04:00,2.680000066757202,2.7699999809265137,2.680000066757202,2.7100000381469727,18900,0.0,0.0
2023-11-02 00:00:00-04:00,2.7100000381469727,2.75,2.700000047683716,2.7100000381469727,2500,0.0,0.0
2023-11-03 00:00:00-04:00,2.7100000381469727,2.75,2.6700000762939453,2.690000057220459,5400,0.0,0.0
2023-11-06 00:00:00-05:00,2.7200000286102295,2.75,2.6600000858306885,2.6600000858306885,9200,0.0,0.0
2023-11-07 00:00:00-05:00,2.6600000858306885,2.6700000762939453,2.549999952316284,2.549999952316284,16100,0.0,0.0
2023-11-08 00:00:00-05:00,2.490000009536743,2.569999933242798,2.490000009536743,2.5299999713897705,7700,0.0,0.0
2023-11-09 00:00:00-05:00,2.5199999809265137,2.5799999237060547,2.5,2.5,9900,0.0,0.0
2023-11-10 00:00:00-05:00,2.5,2.6600000858306885,2.5,2.509999990463257,12600,0.0,0.0
2023-11-13 00:00:00-05:00,2.5299999713897705,2.569999933242798,2.490000009536743,2.5199999809265137,17100,0.0,0.0
2023-11-14 00:00:00-05:00,2.569999933242798,2.630000114440918,2.569999933242798,2.5899999141693115,7800,0.0,0.0
2023-11-15 00:00:00-05:00,2.569999933242798,2.619999885559082,2.549999952316284,2.549999952316284,17200,0.0,0.0
2023-11-16 00:00:00-05:00,2.509999990463257,2.5899999141693115,2.4800000190734863,2.4800000190734863,21500,0.0,0.0
2023-11-17 00:00:00-05:00,2.4200000762939453,2.569999933242798,2.4200000762939453,2.4800000190734863,21100,0.0,0.0
2023-11-20 00:00:00-05:00,2.4700000286102295,2.5899999141693115,2.440000057220459,2.440000057220459,22900,0.0,0.0
2023-11-21 00:00:00-05:00,2.4100000858306885,2.5299999713897705,2.4100000858306885,2.450000047683716,10000,0.0,0.0
2023-11-22 00:00:00-05:00,2.490000009536743,2.5899999141693115,2.4600000381469727,2.4800000190734863,12000,0.0,0.0
2023-11-24 00:00:00-05:00,2.5299999713897705,2.609999895095825,2.490000009536743,2.5199999809265137,11600,0.0,0.0
2023-11-27 00:00:00-05:00,2.5,2.5999999046325684,2.490000009536743,2.549999952316284,14300,0.0,0.0
2023-11-28 00:00:00-05:00,2.5999999046325684,2.5999999046325684,2.5199999809265137,2.5199999809265137,8900,0.0,0.0
2023-11-29 00:00:00-05:00,2.509999990463257,2.609999895095825,2.509999990463257,2.509999990463257,15300,0.0,0.0
2023-11-30 00:00:00-05:00,2.549999952316284,2.609999895095825,2.4800000190734863,2.4800000190734863,13400,0.0,0.0
2023-12-01 00:00:00-05:00,2.5999999046325684,2.609999895095825,2.509999990463257,2.559999942779541,4800,0.0,0.0
2023-12-04 00:00:00-05:00,2.509999990463257,2.5899999141693115,2.509999990463257,2.5899999141693115,5500,0.0,0.0
2023-12-05 00:00:00-05:00,2.549999952316284,2.609999895095825,2.549999952316284,2.5799999237060547,14100,0.0,0.0
2023-12-06 00:00:00-05:00,2.5999999046325684,2.6700000762939453,2.5,2.5199999809265137,11200,0.0,0.0
2023-12-07 00:00:00-05:00,2.490000009536743,2.619999885559082,2.490000009536743,2.549999952316284,15500,0.0,0.0
2023-12-08 00:00:00-05:00,2.5,2.619999885559082,2.5,2.5399999618530273,16500,0.0,0.0
2023-12-11 00:00:00-05:00,2.549999952316284,2.6700000762939453,2.5299999713897705,2.5299999713897705,12400,0.0,0.0
2023-12-12 00:00:00-05:00,2.509999990463257,2.619999885559082,2.5,2.5,18800,0.0,0.0
2023-12-13 00:00:00-05:00,2.5899999141693115,2.640000104904175,2.4800000190734863,2.4800000190734863,25500,0.0,0.0
2023-12-14 00:00:00-05:00,2.509999990463257,2.7300000190734863,2.509999990463257,2.5999999046325684,36400,0.0,0.0
2023-12-15 00:00:00-05:00,2.5,2.5999999046325684,2.319999933242798,2.3299999237060547,66900,0.0,0.0
2023-12-18 00:00:00-05:00,2.3499999046325684,2.4200000762939453,2.2300000190734863,2.25,32200,0.0,0.0
2023-12-19 00:00:00-05:00,2.25,2.4700000286102295,2.1500000953674316,2.319999933242798,33300,0.0,0.0
2023-12-20 00:00:00-05:00,2.369999885559082,2.4600000381469727,2.2899999618530273,2.4200000762939453,60300,0.0,0.0
2023-12-21 00:00:00-05:00,2.450000047683716,2.5399999618530273,2.430000066757202,2.4800000190734863,15400,0.0,0.0
2023-12-22 00:00:00-05:00,2.4100000858306885,2.549999952316284,2.4000000953674316,2.450000047683716,18600,0.0,0.0
2023-12-26 00:00:00-05:00,2.450000047683716,2.6500000953674316,2.450000047683716,2.549999952316284,32900,0.0,0.0
2023-12-27 00:00:00-05:00,2.509999990463257,2.630000114440918,2.430000066757202,2.450000047683716,43500,0.0,0.0
2023-12-28 00:00:00-05:00,2.4200000762939453,2.5799999237060547,2.4200000762939453,2.430000066757202,33700,0.0,0.0
2023-12-29 00:00:00-05:00,2.4800000190734863,2.640000104904175,2.4700000286102295,2.5399999618530273,22600,0.0,0.0
2024-01-02 00:00:00-05:00,2.5399999618530273,2.6600000858306885,2.440000057220459,2.5399999618530273,24600,0.0,0.0
2024-01-03 00:00:00-05:00,2.5399999618530273,2.5899999141693115,2.440000057220459,2.5,24300,0.0,0.0
2024-01-04 00:00:00-05:00,2.5,2.569999933242798,2.4200000762939453,2.4800000190734863,23200,0.0,0.0
2024-01-05 00:00:00-05:00,2.559999942779541,2.569999933242798,2.4200000762939453,2.4600000381469727,19400,0.0,0.0
2024-01-08 00:00:00-05:00,2.559999942779541,2.559999942779541,2.390000104904175,2.390000104904175,29400,0.0,0.0
2024-01-09 00:00:00-05:00,2.4200000762939453,2.6500000953674316,2.4100000858306885,2.450000047683716,26800,0.0,0.0
2024-01-10 00:00:00-05:00,2.440000057220459,2.4800000190734863,2.430000066757202,2.4600000381469727,39700,0.0,0.0
2024-01-11 00:00:00-05:00,2.4800000190734863,2.490000009536743,2.359999895095825,2.4000000953674316,24900,0.0,0.0
2024-01-12 00:00:00-05:00,2.490000009536743,2.640000104904175,2.4600000381469727,2.5299999713897705,49800,0.0,0.0
2024-01-16 00:00:00-05:00,2.450000047683716,2.549999952316284,2.380000114440918,2.4000000953674316,17300,0.0,0.0
2024-01-17 00:00:00-05:00,2.430000066757202,2.5399999618530273,2.4100000858306885,2.5199999809265137,11100,0.0,0.0
2024-01-18 00:00:00-05:00,2.559999942779541,2.559999942779541,2.4700000286102295,2.490000009536743,14300,0.0,0.0
2024-01-19 00:00:00-05:00,2.5,2.5899999141693115,2.490000009536743,2.5299999713897705,18100,0.0,0.0
2024-01-22 00:00:00-05:00,2.549999952316284,2.680000066757202,2.549999952316284,2.5799999237060547,51700,0.0,0.0
2024-01-23 00:00:00-05:00,2.6600000858306885,2.75,2.5899999141693115,2.619999885559082,19800,0.0,0.0
2024-01-24 00:00:00-05:00,2.7200000286102295,2.7200000286102295,2.4700000286102295,2.5,28100,0.0,0.0
2024-01-25 00:00:00-05:00,2.4800000190734863,2.5799999237060547,2.4600000381469727,2.5199999809265137,16300,0.0,0.0
2024-01-26 00:00:00-05:00,2.5799999237060547,2.5799999237060547,2.5299999713897705,2.5299999713897705,18100,0.0,0.0
2024-01-29 00:00:00-05:00,2.4800000190734863,2.5999999046325684,2.4800000190734863,2.5999999046325684,16800,0.0,0.0
2024-01-30 00:00:00-05:00,2.609999895095825,2.619999885559082,2.509999990463257,2.549999952316284,26100,0.0,0.0
2024-01-31 00:00:00-05:00,2.549999952316284,2.559999942779541,2.450000047683716,2.4700000286102295,19200,0.0,0.0
2024-02-01 00:00:00-05:00,2.5799999237060547,2.5799999237060547,2.4200000762939453,2.440000057220459,22200,0.0,0.0
2024-02-02 00:00:00-05:00,2.4600000381469727,2.4700000286102295,2.4200000762939453,2.4700000286102295,16100,0.0,0.0
2024-02-05 00:00:00-05:00,2.4700000286102295,2.490000009536743,2.430000066757202,2.4700000286102295,33400,0.0,0.0
2024-02-06 00:00:00-05:00,2.4600000381469727,2.4700000286102295,2.359999895095825,2.4100000858306885,22800,0.0,0.0
2024-02-07 00:00:00-05:00,2.450000047683716,2.4600000381469727,2.359999895095825,2.4000000953674316,22900,0.0,0.0
2024-02-08 00:00:00-05:00,2.3499999046325684,2.4000000953674316,2.3499999046325684,2.380000114440918,14100,0.0,0.0
2024-02-09 00:00:00-05:00,2.380000114440918,2.4000000953674316,2.3299999237060547,2.380000114440918,24900,0.0,0.0
2024-02-12 00:00:00-05:00,2.359999895095825,2.4700000286102295,2.359999895095825,2.4700000286102295,35800,0.0,0.0
2024-02-13 00:00:00-05:00,2.4100000858306885,2.4700000286102295,2.390000104904175,2.4100000858306885,22000,0.0,0.0
2024-02-14 00:00:00-05:00,2.390000104904175,2.4700000286102295,2.369999885559082,2.4700000286102295,20100,0.0,0.0
2024-02-15 00:00:00-05:00,2.4600000381469727,2.4600000381469727,2.4200000762939453,2.450000047683716,7000,0.0,0.0
2024-02-16 00:00:00-05:00,2.4100000858306885,2.5,2.4000000953674316,2.4100000858306885,17000,0.0,0.0
2024-02-20 00:00:00-05:00,2.359999895095825,2.390000104904175,2.319999933242798,2.3299999237060547,9400,0.0,0.0
2024-02-21 00:00:00-05:00,2.319999933242798,2.359999895095825,2.319999933242798,2.319999933242798,6700,0.0,0.0
2024-02-22 00:00:00-05:00,2.319999933242798,2.380000114440918,2.190000057220459,2.190000057220459,41700,0.0,0.0
2024-02-23 00:00:00-05:00,2.180000066757202,2.3499999046325684,2.180000066757202,2.3299999237060547,45000,0.0,0.0
2024-02-26 00:00:00-05:00,2.359999895095825,2.490000009536743,2.3299999237060547,2.4600000381469727,43100,0.0,0.0
2024-02-27 00:00:00-05:00,2.380000114440918,2.440000057220459,2.380000114440918,2.380000114440918,20300,0.0,0.0
2024-02-28 00:00:00-05:00,2.3499999046325684,2.4100000858306885,2.3499999046325684,2.369999885559082,12500,0.0,0.0
2024-02-29 00:00:00-05:00,2.369999885559082,2.4100000858306885,2.259999990463257,2.299999952316284,34700,0.0,0.0
2024-03-01 00:00:00-05:00,2.299999952316284,2.440000057220459,2.299999952316284,2.369999885559082,78300,0.0,0.0
2024-03-04 00:00:00-05:00,2.4000000953674316,2.549999952316284,2.4000000953674316,2.509999990463257,41900,0.0,0.0
2024-03-05 00:00:00-05:00,2.5,2.690000057220459,2.4700000286102295,2.5999999046325684,24200,0.0,0.0
2024-03-06 00:00:00-05:00,2.5799999237060547,2.690000057220459,2.5799999237060547,2.5999999046325684,11500,0.0,0.0
2024-03-07 00:00:00-05:00,2.5799999237060547,2.640000104904175,2.559999942779541,2.609999895095825,15300,0.0,0.0
2024-03-08 00:00:00-05:00,2.6600000858306885,2.6600000858306885,2.5799999237060547,2.6600000858306885,6500,0.0,0.0
2024-03-11 00:00:00-04:00,2.6500000953674316,2.700000047683716,2.5299999713897705,2.5299999713897705,54000,0.0,0.0
2024-03-12 00:00:00-04:00,2.509999990463257,2.609999895095825,2.509999990463257,2.569999933242798,13300,0.0,0.0
2024-03-13 00:00:00-04:00,2.5399999618530273,2.619999885559082,2.5299999713897705,2.609999895095825,32700,0.0,0.0
2024-03-14 00:00:00-04:00,2.5799999237060547,2.700000047683716,2.5299999713897705,2.680000066757202,19700,0.0,0.0
2024-03-15 00:00:00-04:00,2.640000104904175,2.690000057220459,2.640000104904175,2.6600000858306885,34200,0.0,0.0
2024-03-18 00:00:00-04:00,2.5999999046325684,2.6700000762939453,2.549999952316284,2.630000114440918,17000,0.0,0.0
2024-03-19 00:00:00-04:00,2.5899999141693115,2.619999885559082,2.5299999713897705,2.569999933242798,17900,0.0,0.0
2024-03-20 00:00:00-04:00,2.5899999141693115,2.5899999141693115,2.5799999237060547,2.5799999237060547,8600,0.0,0.0
2024-03-21 00:00:00-04:00,2.559999942779541,2.700000047683716,2.549999952316284,2.619999885559082,11700,0.0,0.0
2024-03-22 00:00:00-04:00,2.549999952316284,2.569999933242798,2.490000009536743,2.5399999618530273,8600,0.0,0.0
2024-03-25 00:00:00-04:00,2.5299999713897705,2.609999895095825,2.509999990463257,2.5899999141693115,6400,0.0,0.0
2024-03-26 00:00:00-04:00,2.609999895095825,2.609999895095825,2.4600000381469727,2.4700000286102295,10900,0.0,0.0
2024-03-27 00:00:00-04:00,2.5,2.619999885559082,2.490000009536743,2.559999942779541,28500,0.0,0.0
2024-03-28 00:00:00-04:00,2.5899999141693115,2.5899999141693115,2.4700000286102295,2.4700000286102295,14700,0.0,0.0
2024-04-01 00:00:00-04:00,2.4600000381469727,2.569999933242798,2.4600000381469727,2.569999933242798,11800,0.0,0.0
2024-04-02 00:00:00-04:00,2.4800000190734863,2.5399999618530273,2.450000047683716,2.4800000190734863,12600,0.0,0.0
2024-04-03 00:00:00-04:00,2.4700000286102295,2.569999933242798,2.4600000381469727,2.549999952316284,7800,0.0,0.0
2024-04-04 00:00:00-04:00,2.509999990463257,2.569999933242798,2.5,2.5399999618530273,6800,0.0,0.0
2024-04-05 00:00:00-04:00,2.5399999618530273,2.5999999046325684,2.5199999809265137,2.549999952316284,11300,0.0,0.0
2024-04-08 00:00:00-04:00,2.5199999809265137,2.559999942779541,2.4700000286102295,2.4700000286102295,27700,0.0,0.0
2024-04-09 00:00:00-04:00,2.4700000286102295,2.5799999237060547,2.4700000286102295,2.5399999618530273,9800,0.0,0.0
2024-04-10 00:00:00-04:00,2.509999990463257,2.569999933242798,2.509999990463257,2.569999933242798,19000,0.0,0.0
2024-04-11 00:00:00-04:00,2.5799999237060547,2.619999885559082,2.5199999809265137,2.569999933242798,11900,0.0,0.0
2024-04-12 00:00:00-04:00,2.5799999237060547,2.5899999141693115,2.5199999809265137,2.5899999141693115,10700,0.0,0.0
2024-04-15 00:00:00-04:00,2.5999999046325684,2.5999999046325684,2.5199999809265137,2.5299999713897705,12500,0.0,0.0
2024-04-16 00:00:00-04:00,2.5199999809265137,2.559999942779541,2.4600000381469727,2.4700000286102295,14000,0.0,0.0
2024-04-17 00:00:00-04:00,2.5,2.5199999809265137,2.450000047683716,2.5199999809265137,10900,0.0,0.0
2024-04-18 00:00:00-04:00,2.5,2.509999990463257,2.369999885559082,2.440000057220459,64400,0.0,0.0
2024-04-19 00:00:00-04:00,2.490000009536743,2.5399999618530273,2.4800000190734863,2.5399999618530273,15400,0.0,0.0
2024-04-22 00:00:00-04:00,2.5399999618530273,2.5899999141693115,2.5299999713897705,2.569999933242798,10700,0.0,0.0
2024-04-23 00:00:00-04:00,2.5899999141693115,2.640000104904175,2.559999942779541,2.640000104904175,11100,0.0,0.0
2024-04-24 00:00:00-04:00,2.549999952316284,2.630000114440918,2.549999952316284,2.609999895095825,7900,0.0,0.0
2024-04-25 00:00:00-04:00,2.559999942779541,2.75,2.559999942779541,2.740000009536743,19300,0.0,0.0
2024-04-26 00:00:00-04:00,2.700000047683716,2.859999895095825,2.700000047683716,2.7899999618530273,14800,0.0,0.0
2024-04-29 00:00:00-04:00,2.7899999618530273,2.7899999618530273,2.7300000190734863,2.7799999713897705,6400,0.0,0.0
2024-04-30 00:00:00-04:00,2.759999990463257,2.759999990463257,2.640000104904175,2.6700000762939453,16300,0.0,0.0
2024-05-01 00:00:00-04:00,2.619999885559082,2.75,2.619999885559082,2.75,9600,0.0,0.0
2024-05-02 00:00:00-04:00,2.700000047683716,2.75,2.6700000762939453,2.680000066757202,13600,0.0,0.0
2024-05-03 00:00:00-04:00,2.6600000858306885,2.75,2.630000114440918,2.680000066757202,31300,0.0,0.0
2024-05-06 00:00:00-04:00,2.7100000381469727,2.75,2.640000104904175,2.700000047683716,17000,0.0,0.0
2024-05-07 00:00:00-04:00,2.700000047683716,2.869999885559082,2.700000047683716,2.7100000381469727,21000,0.0,0.0
2024-05-08 00:00:00-04:00,2.680000066757202,2.9000000953674316,2.680000066757202,2.8499999046325684,32200,0.0,0.0
2024-05-09 00:00:00-04:00,2.8499999046325684,2.9800000190734863,2.799999952316284,2.880000114440918,33700,0.0,0.0
2024-05-10 00:00:00-04:00,2.869999885559082,2.950000047683716,2.809999942779541,2.809999942779541,18800,0.0,0.0
2024-05-13 00:00:00-04:00,2.809999942779541,2.9100000858306885,2.75,2.759999990463257,19400,0.0,0.0
2024-05-14 00:00:00-04:00,2.7699999809265137,2.809999942779541,2.6500000953674316,2.6500000953674316,34400,0.0,0.0
2024-05-15 00:00:00-04:00,2.640000104904175,2.7799999713897705,2.640000104904175,2.680000066757202,17300,0.0,0.0
2024-05-16 00:00:00-04:00,2.690000057220459,2.7899999618530273,2.680000066757202,2.7300000190734863,28500,0.0,0.0
2024-05-17 00:00:00-04:00,2.740000009536743,2.819999933242798,2.7100000381469727,2.75,25200,0.0,0.0
2024-05-20 00:00:00-04:00,2.7200000286102295,2.819999933242798,2.6500000953674316,2.680000066757202,16300,0.0,0.0
2024-05-21 00:00:00-04:00,2.680000066757202,2.7100000381469727,2.5999999046325684,2.700000047683716,15300,0.0,0.0
2024-05-22 00:00:00-04:00,2.6600000858306885,2.7200000286102295,2.6500000953674316,2.6700000762939453,10100,0.0,0.0
2024-05-23 00:00:00-04:00,2.6700000762939453,2.75,2.6600000858306885,2.6700000762939453,13100,0.0,0.0
2024-05-24 00:00:00-04:00,2.740000009536743,2.75,2.700000047683716,2.7200000286102295,10000,0.0,0.0
2024-05-28 00:00:00-04:00,2.6700000762939453,2.690000057220459,2.619999885559082,2.6500000953674316,11800,0.0,0.0
2024-05-29 00:00:00-04:00,2.619999885559082,2.6500000953674316,2.569999933242798,2.609999895095825,6600,0.0,0.0
2024-05-30 00:00:00-04:00,2.609999895095825,2.700000047683716,2.5799999237060547,2.5799999237060547,13600,0.0,0.0
2024-05-31 00:00:00-04:00,2.559999942779541,2.619999885559082,2.440000057220459,2.4700000286102295,21200,0.0,0.0
2024-06-03 00:00:00-04:00,2.4700000286102295,2.619999885559082,2.450000047683716,2.5299999713897705,15700,0.0,0.0
2024-06-04 00:00:00-04:00,2.619999885559082,2.619999885559082,2.450000047683716,2.450000047683716,3600,0.0,0.0
2024-06-05 00:00:00-04:00,2.4600000381469727,2.549999952316284,2.430000066757202,2.430000066757202,11800,0.0,0.0
2024-06-06 00:00:00-04:00,2.4700000286102295,2.549999952316284,2.440000057220459,2.440000057220459,11800,0.0,0.0
2024-06-07 00:00:00-04:00,2.450000047683716,2.5199999809265137,2.450000047683716,2.4800000190734863,6000,0.0,0.0
2024-06-10 00:00:00-04:00,2.490000009536743,2.5199999809265137,2.4600000381469727,2.4600000381469727,9600,0.0,0.0
2024-06-11 00:00:00-04:00,2.430000066757202,2.5,2.390000104904175,2.4800000190734863,16100,0.0,0.0
2024-06-12 00:00:00-04:00,2.490000009536743,2.5,2.4200000762939453,2.450000047683716,6600,0.0,0.0
2024-06-13 00:00:00-04:00,2.4100000858306885,2.490000009536743,2.4100000858306885,2.490000009536743,4200,0.0,0.0
2024-06-14 00:00:00-04:00,2.4200000762939453,2.5199999809265137,2.4200000762939453,2.5199999809265137,19800,0.0,0.0
2024-06-17 00:00:00-04:00,2.5,2.609999895095825,2.5,2.5999999046325684,8600,0.0,0.0
2024-06-18 00:00:00-04:00,2.5199999809265137,2.640000104904175,2.5,2.5899999141693115,15400,0.0,0.0
2024-06-20 00:00:00-04:00,2.569999933242798,2.630000114440918,2.5,2.569999933242798,10400,0.0,0.0
2024-06-21 00:00:00-04:00,2.5799999237060547,2.6700000762939453,2.5399999618530273,2.6700000762939453,19800,0.0,0.0
2024-06-24 00:00:00-04:00,2.5999999046325684,2.6700000762939453,2.569999933242798,2.6500000953674316,8500,0.0,0.0
2024-06-25 00:00:00-04:00,2.5799999237060547,2.5999999046325684,2.5799999237060547,2.5799999237060547,5800,0.0,0.0
2024-06-26 00:00:00-04:00,2.569999933242798,2.690000057220459,2.569999933242798,2.5899999141693115,13300,0.0,0.0
2024-06-27 00:00:00-04:00,2.609999895095825,2.6700000762939453,2.5899999141693115,2.630000114440918,13000,0.0,0.0
2024-06-28 00:00:00-04:00,2.5999999046325684,2.640000104904175,2.5299999713897705,2.5299999713897705,25400,0.0,0.0
2024-07-01 00:00:00-04:00,2.5799999237060547,2.5799999237060547,2.4600000381469727,2.4600000381469727,9500,0.0,0.0
2024-07-02 00:00:00-04:00,2.4800000190734863,2.5,2.369999885559082,2.4200000762939453,19300,0.0,0.0
2024-07-03 00:00:00-04:00,2.4800000190734863,2.490000009536743,2.440000057220459,2.440000057220459,1400,0.0,0.0
2024-07-05 00:00:00-04:00,2.490000009536743,2.5199999809265137,2.450000047683716,2.509999990463257,9800,0.0,0.0
2024-07-08 00:00:00-04:00,2.4800000190734863,2.509999990463257,2.4700000286102295,2.4800000190734863,6300,0.0,0.0
2024-07-09 00:00:00-04:00,2.5299999713897705,2.559999942779541,2.4200000762939453,2.4700000286102295,8200,0.0,0.0
2024-07-10 00:00:00-04:00,2.5199999809265137,2.5799999237060547,2.4600000381469727,2.5799999237060547,15700,0.0,0.0
2024-07-11 00:00:00-04:00,2.5799999237060547,2.640000104904175,2.5,2.5799999237060547,50800,0.0,0.0
2024-07-12 00:00:00-04:00,2.5799999237060547,2.640000104904175,2.5399999618530273,2.5999999046325684,7400,0.0,0.0
2024-07-15 00:00:00-04:00,2.5899999141693115,2.640000104904175,2.5899999141693115,2.630000114440918,2500,0.0,0.0
2024-07-16 00:00:00-04:00,2.5999999046325684,2.700000047683716,2.5899999141693115,2.690000057220459,14700,0.0,0.0
2024-07-17 00:00:00-04:00,2.6700000762939453,2.6700000762939453,2.490000009536743,2.630000114440918,25600,0.0,0.0
2024-07-18 00:00:00-04:00,2.559999942779541,2.619999885559082,2.5,2.5,11300,0.0,0.0
2024-07-19 00:00:00-04:00,2.4800000190734863,2.5799999237060547,2.4800000190734863,2.559999942779541,3500,0.0,0.0
2024-07-22 00:00:00-04:00,2.5899999141693115,2.5899999141693115,2.3399999141693115,2.509999990463257,19500,0.0,0.0
2024-07-23 00:00:00-04:00,2.559999942779541,2.559999942779541,2.430000066757202,2.5,5300,0.0,0.0
2024-07-24 00:00:00-04:00,2.490000009536743,2.5299999713897705,2.4700000286102295,2.509999990463257,13200,0.0,0.0
2024-07-25 00:00:00-04:00,2.4600000381469727,2.630000114440918,2.4600000381469727,2.5899999141693115,27200,0.0,0.0
2024-07-26 00:00:00-04:00,2.609999895095825,2.609999895095825,2.5999999046325684,2.5999999046325684,7200,0.0,0.0
2024-07-29 00:00:00-04:00,2.5999999046325684,2.6600000858306885,2.5799999237060547,2.619999885559082,8100,0.0,0.0
2024-07-30 00:00:00-04:00,2.6600000858306885,2.690000057220459,2.619999885559082,2.619999885559082,10400,0.0,0.0
2024-07-31 00:00:00-04:00,2.609999895095825,2.690000057220459,2.609999895095825,2.690000057220459,12400,0.0,0.0
2024-08-01 00:00:00-04:00,2.680000066757202,2.680000066757202,2.569999933242798,2.630000114440918,9900,0.0,0.0
2024-08-02 00:00:00-04:00,2.690000057220459,2.690000057220459,2.490000009536743,2.509999990463257,26700,0.0,0.0
2024-08-05 00:00:00-04:00,2.4100000858306885,2.5399999618530273,2.359999895095825,2.4800000190734863,16700,0.0,0.0
2024-08-06 00:00:00-04:00,2.4200000762939453,2.6500000953674316,2.4200000762939453,2.549999952316284,21700,0.0,0.0
2024-08-07 00:00:00-04:00,2.619999885559082,2.640000104904175,2.559999942779541,2.5999999046325684,8700,0.0,0.0
2024-08-08 00:00:00-04:00,2.6600000858306885,2.680000066757202,2.5999999046325684,2.680000066757202,18500,0.0,0.0
2024-08-09 00:00:00-04:00,2.5999999046325684,2.680000066757202,2.5999999046325684,2.640000104904175,4400,0.0,0.0
2024-08-12 00:00:00-04:00,2.619999885559082,2.690000057220459,2.569999933242798,2.640000104904175,3500,0.0,0.0
2024-08-13 00:00:00-04:00,2.690000057220459,2.690000057220459,2.609999895095825,2.609999895095825,2800,0.0,0.0
2024-08-14 00:00:00-04:00,2.609999895095825,2.6500000953674316,2.569999933242798,2.6500000953674316,7500,0.0,0.0
2024-08-15 00:00:00-04:00,2.640000104904175,2.6500000953674316,2.559999942779541,2.6500000953674316,5600,0.0,0.0
2024-08-16 00:00:00-04:00,2.6500000953674316,2.700000047683716,2.630000114440918,2.700000047683716,35500,0.0,0.0
2024-08-19 00:00:00-04:00,2.700000047683716,2.890000104904175,2.700000047683716,2.8299999237060547,68800,0.0,0.0
2024-08-20 00:00:00-04:00,2.8399999141693115,2.930000066757202,2.7100000381469727,2.9000000953674316,16900,0.0,0.0
2024-08-21 00:00:00-04:00,2.950000047683716,3.069999933242798,2.9100000858306885,3.0399999618530273,101700,0.0,0.0
2024-08-22 00:00:00-04:00,3.1500000953674316,3.1500000953674316,2.930000066757202,3.059999942779541,72300,0.0,0.0
2024-08-23 00:00:00-04:00,3.0899999141693115,3.0899999141693115,2.9800000190734863,3.009999990463257,11400,0.0,0.0
2024-08-26 00:00:00-04:00,3.0399999618530273,3.130000114440918,3.0,3.0899999141693115,17100,0.0,0.0
2024-08-27 00:00:00-04:00,3.069999933242798,3.0999999046325684,3.0,3.0799999237060547,6900,0.0,0.0
2024-08-28 00:00:00-04:00,3.0899999141693115,3.140000104904175,3.0299999713897705,3.119999885559082,20200,0.0,0.0
2024-08-29 00:00:00-04:00,3.1500000953674316,3.450000047683716,3.1500000953674316,3.259999990463257,48700,0.0,0.0
2024-08-30 00:00:00-04:00,3.2899999618530273,3.309999942779541,3.140000104904175,3.25,35500,0.0,0.0
