Date,Open,High,Low,Close,Volume,Dividends,Stock Splits,Capital Gains
2022-01-03 00:00:00-05:00,25.719999313354492,25.790000915527344,25.514999389648438,25.780000686645508,90100,0.0,0.0,0.0
2022-01-04 00:00:00-05:00,25.709999084472656,25.709999084472656,25.356000900268555,25.523000717163086,126700,0.0,0.0,0.0
2022-01-05 00:00:00-05:00,25.31999969482422,25.31999969482422,24.780000686645508,24.780000686645508,24800,0.0,0.0,0.0
2022-01-06 00:00:00-05:00,24.75,24.815000534057617,24.540000915527344,24.704999923706055,7500,0.0,0.0,0.0
2022-01-07 00:00:00-05:00,24.809999465942383,24.829999923706055,24.489999771118164,24.517000198364258,4100,0.0,0.0,0.0
2022-01-10 00:00:00-05:00,24.100000381469727,24.503999710083008,23.825000762939453,24.503999710083008,6500,0.0,0.0,0.0
2022-01-11 00:00:00-05:00,24.5,24.940000534057617,24.489999771118164,24.865999221801758,14300,0.0,0.0,0.0
2022-01-12 00:00:00-05:00,25.149999618530273,25.149999618530273,24.8700008392334,24.974000930786133,10000,0.0,0.0,0.0
2022-01-13 00:00:00-05:00,24.900999069213867,24.93000030517578,24.450000762939453,24.450000762939453,8700,0.0,0.0,0.0
2022-01-14 00:00:00-05:00,24.350000381469727,24.523000717163086,24.350000381469727,24.523000717163086,400,0.0,0.0,0.0
2022-01-18 00:00:00-05:00,24.239999771118164,24.239999771118164,23.950000762939453,23.950000762939453,4300,0.0,0.0,0.0
2022-01-19 00:00:00-05:00,23.899999618530273,23.899999618530273,23.71299934387207,23.71299934387207,3300,0.0,0.0,0.0
2022-01-20 00:00:00-05:00,24.139999389648438,24.149999618530273,23.364999771118164,23.364999771118164,14800,0.0,0.0,0.0
2022-01-21 00:00:00-05:00,23.09000015258789,23.389999389648438,22.729999542236328,22.729999542236328,71100,0.0,0.0,0.0
2022-01-24 00:00:00-05:00,21.989999771118164,22.79800033569336,21.739999771118164,22.79800033569336,14300,0.0,0.0,0.0
2022-01-25 00:00:00-05:00,22.399999618530273,22.649999618530273,22.084999084472656,22.2549991607666,3800,0.0,0.0,0.0
2022-01-26 00:00:00-05:00,22.639999389648438,22.850000381469727,22.268999099731445,22.268999099731445,9500,0.0,0.0,0.0
2022-01-27 00:00:00-05:00,22.1299991607666,22.15999984741211,22.031999588012695,22.031999588012695,5300,0.0,0.0,0.0
2022-01-28 00:00:00-05:00,21.920000076293945,22.71299934387207,21.920000076293945,22.71299934387207,1800,0.0,0.0,0.0
2022-01-31 00:00:00-05:00,23.110000610351562,23.545000076293945,23.100000381469727,23.545000076293945,1500,0.0,0.0,0.0
2022-02-01 00:00:00-05:00,23.57900047302246,23.725000381469727,23.524999618530273,23.725000381469727,1300,0.0,0.0,0.0
2022-02-02 00:00:00-05:00,23.84000015258789,23.889999389648438,23.579999923706055,23.860000610351562,3900,0.0,0.0,0.0
2022-02-03 00:00:00-05:00,23.27899932861328,23.27899932861328,22.857999801635742,22.857999801635742,600,0.0,0.0,0.0
2022-02-04 00:00:00-05:00,22.899999618530273,23.309999465942383,22.850000381469727,23.20400047302246,8700,0.0,0.0,0.0
2022-02-07 00:00:00-05:00,22.979999542236328,22.979999542236328,22.93400001525879,22.93400001525879,400,0.0,0.0,0.0
2022-02-08 00:00:00-05:00,22.84000015258789,23.281999588012695,22.84000015258789,23.281999588012695,33600,0.0,0.0,0.0
2022-02-09 00:00:00-05:00,23.611000061035156,23.7450008392334,23.600000381469727,23.7450008392334,12500,0.0,0.0,0.0
2022-02-10 00:00:00-05:00,23.191999435424805,23.191999435424805,23.191999435424805,23.191999435424805,0,0.0,0.0,0.0
2022-02-11 00:00:00-05:00,23.114999771118164,23.114999771118164,22.466999053955078,22.466999053955078,1300,0.0,0.0,0.0
2022-02-14 00:00:00-05:00,22.655000686645508,22.655000686645508,22.445999145507812,22.445999145507812,1500,0.0,0.0,0.0
2022-02-15 00:00:00-05:00,22.969999313354492,23.02400016784668,22.969999313354492,23.02400016784668,6800,0.0,0.0,0.0
2022-02-16 00:00:00-05:00,22.889999389648438,23.055999755859375,22.670000076293945,23.041000366210938,8200,0.0,0.0,0.0
2022-02-17 00:00:00-05:00,22.65999984741211,22.65999984741211,22.295000076293945,22.295000076293945,1500,0.0,0.0,0.0
2022-02-18 00:00:00-05:00,22.100000381469727,22.239999771118164,21.90999984741211,22.006000518798828,2700,0.0,0.0,0.0
2022-02-22 00:00:00-05:00,21.836999893188477,22.010000228881836,21.809999465942383,21.809999465942383,1900,0.0,0.0,0.0
2022-02-23 00:00:00-05:00,22.024999618530273,22.024999618530273,21.209999084472656,21.209999084472656,1600,0.0,0.0,0.0
2022-02-24 00:00:00-05:00,20.770000457763672,21.917999267578125,20.770000457763672,21.917999267578125,1300,0.0,0.0,0.0
2022-02-25 00:00:00-05:00,22.15999984741211,22.288000106811523,22.14900016784668,22.288000106811523,2800,0.0,0.0,0.0
2022-02-28 00:00:00-05:00,22.1299991607666,22.350000381469727,22.1200008392334,22.350000381469727,400,0.0,0.0,0.0
2022-03-01 00:00:00-05:00,22.06800079345703,22.09000015258789,21.954999923706055,21.954999923706055,26100,0.0,0.0,0.0
2022-03-02 00:00:00-05:00,22.34000015258789,22.424999237060547,22.34000015258789,22.424999237060547,100,0.0,0.0,0.0
2022-03-03 00:00:00-05:00,22.288999557495117,22.288999557495117,22.01799964904785,22.01799964904785,2200,0.0,0.0,0.0
2022-03-04 00:00:00-05:00,21.708999633789062,21.75,21.549999237060547,21.694000244140625,4300,0.0,0.0,0.0
2022-03-07 00:00:00-05:00,21.350000381469727,21.350000381469727,20.86400032043457,20.86400032043457,800,0.0,0.0,0.0
2022-03-08 00:00:00-05:00,20.75,20.7549991607666,20.75,20.7549991607666,300,0.0,0.0,0.0
2022-03-09 00:00:00-05:00,21.559999465942383,21.59000015258789,21.549999237060547,21.59000015258789,2400,0.0,0.0,0.0
2022-03-10 00:00:00-05:00,21.31999969482422,21.399999618530273,21.31999969482422,21.31999969482422,3700,0.0,0.0,0.0
2022-03-11 00:00:00-05:00,20.81599998474121,20.81599998474121,20.81599998474121,20.81599998474121,1200,0.0,0.0,0.0
2022-03-14 00:00:00-04:00,20.759000778198242,20.969999313354492,20.374000549316406,20.374000549316406,46200,0.0,0.0,0.0
2022-03-15 00:00:00-04:00,20.59000015258789,21.059999465942383,20.549999237060547,21.040000915527344,8700,0.0,0.0,0.0
2022-03-16 00:00:00-04:00,21.41200065612793,21.85300064086914,21.290000915527344,21.85300064086914,20700,0.0,0.0,0.0
2022-03-17 00:00:00-04:00,22.040000915527344,22.219999313354492,22.040000915527344,22.219999313354492,4300,0.0,0.0,0.0
2022-03-18 00:00:00-04:00,22.31999969482422,22.72800064086914,22.31999969482422,22.72800064086914,1800,0.0,0.0,0.0
2022-03-21 00:00:00-04:00,22.649999618530273,22.649999618530273,22.631999969482422,22.631999969482422,100,0.0,0.0,0.0
2022-03-22 00:00:00-04:00,23.139999389648438,23.18000030517578,23.09000015258789,23.1200008392334,4400,0.0,0.0,0.0
2022-03-23 00:00:00-04:00,22.899999618530273,22.940000534057617,22.797000885009766,22.797000885009766,2200,0.0,0.0,0.0
2022-03-24 00:00:00-04:00,22.929000854492188,23.288999557495117,22.929000854492188,23.288999557495117,3200,0.0,0.0,0.0
2022-03-25 00:00:00-04:00,23.3799991607666,23.3799991607666,23.1200008392334,23.27199935913086,40800,0.0,0.0,0.0
2022-03-28 00:00:00-04:00,23.31999969482422,23.760000228881836,23.291000366210938,23.760000228881836,23500,0.0,0.0,0.0
2022-03-29 00:00:00-04:00,24.0,24.170000076293945,23.850000381469727,24.124000549316406,6900,0.0,0.0,0.0
2022-03-30 00:00:00-04:00,24.06999969482422,24.100000381469727,23.815000534057617,23.899999618530273,13900,0.0,0.0,0.0
2022-03-31 00:00:00-04:00,23.860000610351562,23.920000076293945,23.54599952697754,23.54599952697754,5900,0.0,0.0,0.0
2022-04-01 00:00:00-04:00,23.3700008392334,23.489999771118164,23.30699920654297,23.485000610351562,1500,0.0,0.0,0.0
2022-04-04 00:00:00-04:00,23.922000885009766,24.030000686645508,23.875,23.959999084472656,9100,0.0,0.0,0.0
2022-04-05 00:00:00-04:00,23.979999542236328,23.979999542236328,23.41200065612793,23.41200065612793,4000,0.0,0.0,0.0
2022-04-06 00:00:00-04:00,22.829999923706055,23.030000686645508,22.7450008392334,22.881999969482422,2800,0.0,0.0,0.0
2022-04-07 00:00:00-04:00,22.652999877929688,22.92799949645996,22.652999877929688,22.92799949645996,500,0.0,0.0,0.0
2022-04-08 00:00:00-04:00,22.799999237060547,22.809999465942383,22.56100082397461,22.56100082397461,900,0.0,0.0,0.0
2022-04-11 00:00:00-04:00,22.1200008392334,22.187000274658203,21.9689998626709,21.9689998626709,2000,0.0,0.0,0.0
2022-04-12 00:00:00-04:00,22.260000228881836,22.260000228881836,21.895999908447266,21.895999908447266,2400,0.0,0.0,0.0
2022-04-13 00:00:00-04:00,22.200000762939453,22.448999404907227,22.200000762939453,22.398000717163086,4600,0.0,0.0,0.0
2022-04-14 00:00:00-04:00,22.09000015258789,22.100000381469727,21.79800033569336,21.79800033569336,1200,0.0,0.0,0.0
2022-04-18 00:00:00-04:00,21.767000198364258,21.93000030517578,21.649999618530273,21.7810001373291,2800,0.0,0.0,0.0
2022-04-19 00:00:00-04:00,22.229000091552734,22.336999893188477,22.229000091552734,22.336999893188477,2500,0.0,0.0,0.0
2022-04-20 00:00:00-04:00,22.209999084472656,22.209999084472656,21.97800064086914,21.97800064086914,2700,0.0,0.0,0.0
2022-04-21 00:00:00-04:00,21.670000076293945,21.670000076293945,21.500999450683594,21.500999450683594,1200,0.0,0.0,0.0
2022-04-22 00:00:00-04:00,20.871000289916992,20.871000289916992,20.871000289916992,20.871000289916992,100,0.0,0.0,0.0
2022-04-25 00:00:00-04:00,20.89900016784668,21.155000686645508,20.89900016784668,21.155000686645508,13700,0.0,0.0,0.0
2022-04-26 00:00:00-04:00,20.520000457763672,20.520000457763672,20.30699920654297,20.30699920654297,1000,0.0,0.0,0.0
2022-04-27 00:00:00-04:00,20.350000381469727,20.43000030517578,20.273000717163086,20.273000717163086,1500,0.0,0.0,0.0
2022-04-28 00:00:00-04:00,20.9950008392334,20.9950008392334,20.9950008392334,20.9950008392334,100,0.0,0.0,0.0
2022-04-29 00:00:00-04:00,20.200000762939453,20.200000762939453,19.990999221801758,19.990999221801758,1100,0.0,0.0,0.0
2022-05-02 00:00:00-04:00,20.045000076293945,20.374000549316406,20.045000076293945,20.374000549316406,1500,0.0,0.0,0.0
2022-05-03 00:00:00-04:00,20.459999084472656,20.459999084472656,20.378000259399414,20.378000259399414,300,0.0,0.0,0.0
2022-05-04 00:00:00-04:00,20.399999618530273,21.125999450683594,20.399999618530273,21.125999450683594,200,0.0,0.0,0.0
2022-05-05 00:00:00-04:00,20.209999084472656,20.209999084472656,19.944000244140625,19.944000244140625,12200,0.0,0.0,0.0
2022-05-06 00:00:00-04:00,19.790000915527344,19.790000915527344,19.732999801635742,19.732999801635742,1100,0.0,0.0,0.0
2022-05-09 00:00:00-04:00,19.18000030517578,19.18000030517578,18.910999298095703,18.910999298095703,3400,0.0,0.0,0.0
2022-05-10 00:00:00-04:00,19.43000030517578,19.43000030517578,19.156999588012695,19.156999588012695,600,0.0,0.0,0.0
2022-05-11 00:00:00-04:00,19.049999237060547,19.049999237060547,18.540000915527344,18.549999237060547,6700,0.0,0.0,0.0
2022-05-12 00:00:00-04:00,18.290000915527344,18.464000701904297,18.290000915527344,18.464000701904297,700,0.0,0.0,0.0
2022-05-13 00:00:00-04:00,18.809999465942383,19.180999755859375,18.809999465942383,19.180999755859375,19900,0.0,0.0,0.0
2022-05-16 00:00:00-04:00,18.974000930786133,19.100000381469727,18.899999618530273,18.954999923706055,8700,0.0,0.0,0.0
2022-05-17 00:00:00-04:00,19.200000762939453,19.469999313354492,19.200000762939453,19.469999313354492,6100,0.0,0.0,0.0
2022-05-18 00:00:00-04:00,18.530000686645508,18.540000915527344,18.399999618530273,18.45199966430664,37000,0.0,0.0,0.0
2022-05-19 00:00:00-04:00,18.270000457763672,18.579999923706055,18.270000457763672,18.38599967956543,6400,0.0,0.0,0.0
2022-05-20 00:00:00-04:00,18.68000030517578,18.68000030517578,18.139999389648438,18.291000366210938,3900,0.0,0.0,0.0
2022-05-23 00:00:00-04:00,18.34000015258789,18.613000869750977,18.270000457763672,18.613000869750977,1700,0.0,0.0,0.0
2022-05-24 00:00:00-04:00,18.05299949645996,18.183000564575195,18.05299949645996,18.183000564575195,900,0.0,0.0,0.0
2022-05-25 00:00:00-04:00,18.395000457763672,18.465999603271484,18.229999542236328,18.465999603271484,1700,0.0,0.0,0.0
2022-05-26 00:00:00-04:00,18.90999984741211,19.0310001373291,18.90999984741211,19.0310001373291,400,0.0,0.0,0.0
2022-05-27 00:00:00-04:00,19.559999465942383,19.65399932861328,19.559999465942383,19.65399932861328,100,0.0,0.0,0.0
2022-05-31 00:00:00-04:00,19.6299991607666,19.6299991607666,19.6299991607666,19.6299991607666,100,0.0,0.0,0.0
2022-06-01 00:00:00-04:00,19.56999969482422,19.56999969482422,19.399999618530273,19.492000579833984,4400,0.0,0.0,0.0
2022-06-02 00:00:00-04:00,19.424999237060547,20.030000686645508,19.424999237060547,20.030000686645508,1000,0.0,0.0,0.0
2022-06-03 00:00:00-04:00,19.65999984741211,19.739999771118164,19.465999603271484,19.465999603271484,7300,0.0,0.0,0.0
2022-06-06 00:00:00-04:00,19.510000228881836,19.542999267578125,19.469999313354492,19.542999267578125,1600,0.0,0.0,0.0
2022-06-07 00:00:00-04:00,19.510000228881836,19.736000061035156,19.510000228881836,19.736000061035156,400,0.0,0.0,0.0
2022-06-08 00:00:00-04:00,19.59000015258789,19.59000015258789,19.510000228881836,19.55500030517578,700,0.0,0.0,0.0
2022-06-09 00:00:00-04:00,19.459999084472656,19.459999084472656,19.0310001373291,19.0310001373291,400,0.0,0.0,0.0
2022-06-10 00:00:00-04:00,18.489999771118164,18.489999771118164,18.332000732421875,18.332000732421875,800,0.0,0.0,0.0
2022-06-13 00:00:00-04:00,17.81999969482422,17.81999969482422,17.447999954223633,17.447999954223633,30300,0.0,0.0,0.0
2022-06-14 00:00:00-04:00,17.40999984741211,17.586000442504883,17.329999923706055,17.420000076293945,43900,0.0,0.0,0.0
2022-06-15 00:00:00-04:00,17.753000259399414,17.909000396728516,17.729999542236328,17.909000396728516,4500,0.0,0.0,0.0
2022-06-16 00:00:00-04:00,17.360000610351562,17.3700008392334,17.040000915527344,17.110000610351562,5000,0.0,0.0,0.0
2022-06-17 00:00:00-04:00,17.350000381469727,17.479999542236328,17.350000381469727,17.429000854492188,1500,0.0,0.0,0.0
2022-06-21 00:00:00-04:00,17.790000915527344,17.959999084472656,17.790000915527344,17.836999893188477,1200,0.0,0.0,0.0
2022-06-22 00:00:00-04:00,17.709999084472656,17.851999282836914,17.709999084472656,17.851999282836914,200,0.0,0.0,0.0
2022-06-23 00:00:00-04:00,17.802000045776367,18.079999923706055,17.802000045776367,18.079999923706055,8200,0.0,0.0,0.0
2022-06-24 00:00:00-04:00,18.698999404907227,18.698999404907227,18.698999404907227,18.698999404907227,100,0.0,0.0,0.0
2022-06-27 00:00:00-04:00,18.565000534057617,18.565000534057617,18.535999298095703,18.535999298095703,600,0.0,0.0,0.0
2022-06-28 00:00:00-04:00,18.56100082397461,18.56100082397461,17.990999221801758,17.993000030517578,4400,0.0,0.0,0.0
2022-06-29 00:00:00-04:00,17.900999069213867,18.01099967956543,17.900999069213867,18.01099967956543,200,0.0,0.0,0.0
2022-06-30 00:00:00-04:00,17.73900032043457,17.73900032043457,17.719999313354492,17.72100067138672,1000,0.0,0.0,0.0
2022-07-01 00:00:00-04:00,17.801000595092773,17.875999450683594,17.6200008392334,17.875999450683594,3400,0.0,0.0,0.0
2022-07-05 00:00:00-04:00,17.58099937438965,18.18400001525879,17.58099937438965,18.18400001525879,2900,0.0,0.0,0.0
2022-07-06 00:00:00-04:00,18.400999069213867,18.400999069213867,18.295000076293945,18.295000076293945,5000,0.0,0.0,0.0
2022-07-07 00:00:00-04:00,18.72800064086914,18.72800064086914,18.72800064086914,18.72800064086914,100,0.0,0.0,0.0
2022-07-08 00:00:00-04:00,18.75,18.756999969482422,18.75,18.756999969482422,300,0.0,0.0,0.0
2022-07-11 00:00:00-04:00,18.30299949645996,18.30299949645996,18.30299949645996,18.30299949645996,100,0.0,0.0,0.0
2022-07-12 00:00:00-04:00,18.14699935913086,18.14699935913086,18.14699935913086,18.14699935913086,100,0.0,0.0,0.0
2022-07-13 00:00:00-04:00,18.14299964904785,18.14299964904785,18.14299964904785,18.14299964904785,0,0.0,0.0,0.0
2022-07-14 00:00:00-04:00,17.850000381469727,18.176000595092773,17.780000686645508,18.176000595092773,600,0.0,0.0,0.0
2022-07-15 00:00:00-04:00,18.25,18.469999313354492,18.242000579833984,18.469999313354492,10500,0.0,0.0,0.0
2022-07-18 00:00:00-04:00,18.3439998626709,18.3439998626709,18.3439998626709,18.3439998626709,100,0.0,0.0,0.0
2022-07-19 00:00:00-04:00,18.530000686645508,18.93400001525879,18.530000686645508,18.93400001525879,5100,0.0,0.0,0.0
2022-07-20 00:00:00-04:00,19.243999481201172,19.243999481201172,19.243999481201172,19.243999481201172,100,0.0,0.0,0.0
2022-07-21 00:00:00-04:00,19.507999420166016,19.507999420166016,19.507999420166016,19.507999420166016,0,0.0,0.0,0.0
2022-07-22 00:00:00-04:00,19.141000747680664,19.141000747680664,19.141000747680664,19.141000747680664,0,0.0,0.0,0.0
2022-07-25 00:00:00-04:00,19.110000610351562,19.110000610351562,18.950000762939453,19.038000106811523,4800,0.0,0.0,0.0
2022-07-26 00:00:00-04:00,18.67799949645996,18.67799949645996,18.67799949645996,18.67799949645996,0,0.0,0.0,0.0
2022-07-27 00:00:00-04:00,19.499000549316406,19.499000549316406,19.499000549316406,19.499000549316406,0,0.0,0.0,0.0
2022-07-28 00:00:00-04:00,19.68000030517578,19.68000030517578,19.650999069213867,19.650999069213867,6700,0.0,0.0,0.0
2022-07-29 00:00:00-04:00,19.780000686645508,20.059999465942383,19.780000686645508,20.054000854492188,5400,0.0,0.0,0.0
2022-08-01 00:00:00-04:00,20.049999237060547,20.05900001525879,20.013999938964844,20.031999588012695,4000,0.0,0.0,0.0
2022-08-02 00:00:00-04:00,19.993999481201172,19.993999481201172,19.993999481201172,19.993999481201172,0,0.0,0.0,0.0
2022-08-03 00:00:00-04:00,20.57900047302246,20.57900047302246,20.57900047302246,20.57900047302246,0,0.0,0.0,0.0
2022-08-04 00:00:00-04:00,20.628999710083008,20.632999420166016,20.600000381469727,20.632999420166016,1100,0.0,0.0,0.0
2022-08-05 00:00:00-04:00,20.520000457763672,20.520000457763672,20.520000457763672,20.520000457763672,500,0.0,0.0,0.0
2022-08-08 00:00:00-04:00,20.40399932861328,20.40399932861328,20.40399932861328,20.40399932861328,0,0.0,0.0,0.0
2022-08-09 00:00:00-04:00,20.1560001373291,20.1560001373291,20.1560001373291,20.1560001373291,100,0.0,0.0,0.0
2022-08-10 00:00:00-04:00,20.670000076293945,20.761999130249023,20.670000076293945,20.761999130249023,200,0.0,0.0,0.0
2022-08-11 00:00:00-04:00,20.78499984741211,20.78499984741211,20.62299919128418,20.62299919128418,300,0.0,0.0,0.0
2022-08-12 00:00:00-04:00,20.899999618530273,21.038000106811523,20.899999618530273,21.038000106811523,27500,0.0,0.0,0.0
2022-08-15 00:00:00-04:00,21.246000289916992,21.246000289916992,21.246000289916992,21.246000289916992,100,0.0,0.0,0.0
2022-08-16 00:00:00-04:00,21.204999923706055,21.204999923706055,21.200000762939453,21.200000762939453,100,0.0,0.0,0.0
2022-08-17 00:00:00-04:00,20.924999237060547,20.924999237060547,20.924999237060547,20.924999237060547,100,0.0,0.0,0.0
2022-08-18 00:00:00-04:00,21.0,21.0,20.954999923706055,20.954999923706055,100,0.0,0.0,0.0
2022-08-19 00:00:00-04:00,20.59000015258789,20.59000015258789,20.510000228881836,20.54199981689453,9200,0.0,0.0,0.0
2022-08-22 00:00:00-04:00,20.06999969482422,20.06999969482422,19.93600082397461,19.93600082397461,7500,0.0,0.0,0.0
2022-08-23 00:00:00-04:00,19.937999725341797,19.937999725341797,19.937999725341797,19.937999725341797,100,0.0,0.0,0.0
2022-08-24 00:00:00-04:00,19.993999481201172,19.993999481201172,19.993999481201172,19.993999481201172,100,0.0,0.0,0.0
2022-08-25 00:00:00-04:00,20.332000732421875,20.332000732421875,20.332000732421875,20.332000732421875,100,0.0,0.0,0.0
2022-08-26 00:00:00-04:00,19.509000778198242,19.509000778198242,19.509000778198242,19.509000778198242,100,0.0,0.0,0.0
2022-08-29 00:00:00-04:00,19.312000274658203,19.312000274658203,19.312000274658203,19.312000274658203,100,0.0,0.0,0.0
2022-08-30 00:00:00-04:00,18.969999313354492,19.045000076293945,18.969999313354492,19.045000076293945,6700,0.0,0.0,0.0
2022-08-31 00:00:00-04:00,19.030000686645508,19.049999237060547,18.979999542236328,18.990999221801758,9200,0.0,0.0,0.0
2022-09-01 00:00:00-04:00,18.93600082397461,18.93600082397461,18.93600082397461,18.93600082397461,100,0.0,0.0,0.0
2022-09-02 00:00:00-04:00,18.660999298095703,18.660999298095703,18.660999298095703,18.660999298095703,0,0.0,0.0,0.0
2022-09-06 00:00:00-04:00,18.533000946044922,18.533000946044922,18.533000946044922,18.533000946044922,0,0.0,0.0,0.0
2022-09-07 00:00:00-04:00,18.940000534057617,18.940000534057617,18.940000534057617,18.940000534057617,0,0.0,0.0,0.0
2022-09-08 00:00:00-04:00,19.009000778198242,19.009000778198242,19.009000778198242,19.009000778198242,0,0.0,0.0,0.0
2022-09-09 00:00:00-04:00,19.464000701904297,19.464000701904297,19.464000701904297,19.464000701904297,0,0.0,0.0,0.0
2022-09-12 00:00:00-04:00,19.600000381469727,19.69099998474121,19.600000381469727,19.69099998474121,900,0.0,0.0,0.0
2022-09-13 00:00:00-04:00,18.597999572753906,18.597999572753906,18.597999572753906,18.597999572753906,100,0.0,0.0,0.0
2022-09-14 00:00:00-04:00,18.72599983215332,18.72599983215332,18.72599983215332,18.72599983215332,0,0.0,0.0,0.0
2022-09-15 00:00:00-04:00,18.42300033569336,18.42300033569336,18.42300033569336,18.42300033569336,0,0.0,0.0,0.0
2022-09-16 00:00:00-04:00,18.30900001525879,18.30900001525879,18.30900001525879,18.30900001525879,0,0.0,0.0,0.0
2022-09-19 00:00:00-04:00,18.433000564575195,18.433000564575195,18.433000564575195,18.433000564575195,0,0.0,0.0,0.0
2022-09-20 00:00:00-04:00,18.283000946044922,18.283000946044922,18.283000946044922,18.283000946044922,0,0.0,0.0,0.0
2022-09-21 00:00:00-04:00,18.25,18.25,17.990999221801758,17.990999221801758,200,0.0,0.0,0.0
2022-09-22 00:00:00-04:00,17.763999938964844,17.763999938964844,17.763999938964844,17.763999938964844,0,0.0,0.0,0.0
2022-09-23 00:00:00-04:00,17.413000106811523,17.413000106811523,17.413000106811523,17.413000106811523,100,0.0,0.0,0.0
2022-09-26 00:00:00-04:00,17.381000518798828,17.381000518798828,17.381000518798828,17.381000518798828,0,0.0,0.0,0.0
2022-09-27 00:00:00-04:00,17.304000854492188,17.381999969482422,17.295000076293945,17.381999969482422,1000,0.0,0.0,0.0
2022-09-28 00:00:00-04:00,17.756000518798828,17.756000518798828,17.756000518798828,17.756000518798828,0,0.0,0.0,0.0
2022-09-29 00:00:00-04:00,17.139999389648438,17.209999084472656,17.139999389648438,17.209999084472656,700,0.0,0.0,0.0
2022-09-30 00:00:00-04:00,16.926000595092773,16.926000595092773,16.926000595092773,16.926000595092773,0,0.0,0.0,0.0
2022-10-03 00:00:00-04:00,17.0,17.309999465942383,16.989999771118164,17.309999465942383,1900,0.0,0.0,0.0
2022-10-04 00:00:00-04:00,17.85300064086914,17.85300064086914,17.84600067138672,17.84600067138672,500,0.0,0.0,0.0
2022-10-05 00:00:00-04:00,17.649999618530273,17.844999313354492,17.649999618530273,17.844999313354492,400,0.0,0.0,0.0
2022-10-06 00:00:00-04:00,17.722000122070312,17.722000122070312,17.722000122070312,17.722000122070312,0,0.0,0.0,0.0
2022-10-07 00:00:00-04:00,17.209999084472656,17.280000686645508,17.024999618530273,17.024999618530273,700,0.0,0.0,0.0
2022-10-10 00:00:00-04:00,16.75,16.895000457763672,16.75,16.878000259399414,1200,0.0,0.0,0.0
2022-10-11 00:00:00-04:00,16.642000198364258,16.642000198364258,16.642000198364258,16.642000198364258,0,0.0,0.0,0.0
2022-10-12 00:00:00-04:00,16.670000076293945,16.71500015258789,16.650999069213867,16.650999069213867,2200,0.0,0.0,0.0
2022-10-13 00:00:00-04:00,16.40999984741211,17.03499984741211,16.40999984741211,17.03499984741211,400,0.0,0.0,0.0
2022-10-14 00:00:00-04:00,16.488000869750977,16.488000869750977,16.488000869750977,16.488000869750977,0,0.0,0.0,0.0
2022-10-17 00:00:00-04:00,16.950000762939453,17.079999923706055,16.950000762939453,17.054000854492188,4700,0.0,0.0,0.0
2022-10-18 00:00:00-04:00,17.160999298095703,17.160999298095703,17.160999298095703,17.160999298095703,0,0.0,0.0,0.0
2022-10-19 00:00:00-04:00,17.093000411987305,17.093000411987305,17.093000411987305,17.093000411987305,100,0.0,0.0,0.0
2022-10-20 00:00:00-04:00,17.048999786376953,17.048999786376953,17.048999786376953,17.048999786376953,100,0.0,0.0,0.0
2022-10-21 00:00:00-04:00,17.44300079345703,17.44300079345703,17.44300079345703,17.44300079345703,0,0.0,0.0,0.0
2022-10-24 00:00:00-04:00,17.618000030517578,17.618000030517578,17.618000030517578,17.618000030517578,100,0.0,0.0,0.0
2022-10-25 00:00:00-04:00,17.899999618530273,17.993000030517578,17.8799991607666,17.993000030517578,1900,0.0,0.0,0.0
2022-10-26 00:00:00-04:00,17.65999984741211,17.65999984741211,17.594999313354492,17.594999313354492,1400,0.0,0.0,0.0
2022-10-27 00:00:00-04:00,17.3700008392334,17.3700008392334,17.253999710083008,17.253999710083008,400,0.0,0.0,0.0
2022-10-28 00:00:00-04:00,17.81999969482422,17.81999969482422,17.81999969482422,17.81999969482422,0,0.0,0.0,0.0
2022-10-31 00:00:00-04:00,17.583999633789062,17.583999633789062,17.583999633789062,17.583999633789062,100,0.0,0.0,0.0
2022-11-01 00:00:00-04:00,17.399999618530273,17.429000854492188,17.399999618530273,17.429000854492188,400,0.0,0.0,0.0
2022-11-02 00:00:00-04:00,17.3799991607666,17.3799991607666,16.851999282836914,16.851999282836914,500,0.0,0.0,0.0
2022-11-03 00:00:00-04:00,16.570999145507812,16.570999145507812,16.48900032043457,16.48900032043457,200,0.0,0.0,0.0
2022-11-04 00:00:00-04:00,16.459999084472656,16.716999053955078,16.440000534057617,16.716999053955078,500,0.0,0.0,0.0
2022-11-07 00:00:00-05:00,16.922000885009766,16.922000885009766,16.922000885009766,16.922000885009766,0,0.0,0.0,0.0
2022-11-08 00:00:00-05:00,17.06599998474121,17.06599998474121,17.06599998474121,17.06599998474121,0,0.0,0.0,0.0
2022-11-09 00:00:00-05:00,16.66200065612793,16.66200065612793,16.66200065612793,16.66200065612793,0,0.0,0.0,0.0
2022-11-10 00:00:00-05:00,17.908000946044922,17.908000946044922,17.908000946044922,17.908000946044922,0,0.0,0.0,0.0
2022-11-11 00:00:00-05:00,18.2450008392334,18.2450008392334,18.2450008392334,18.2450008392334,100,0.0,0.0,0.0
2022-11-14 00:00:00-05:00,18.069000244140625,18.069000244140625,18.069000244140625,18.069000244140625,100,0.0,0.0,0.0
2022-11-15 00:00:00-05:00,18.440000534057617,18.440000534057617,18.30699920654297,18.30699920654297,200,0.0,0.0,0.0
2022-11-16 00:00:00-05:00,18.086000442504883,18.086000442504883,18.086000442504883,18.086000442504883,100,0.0,0.0,0.0
2022-11-17 00:00:00-05:00,18.0,18.0,18.0,18.0,100,0.0,0.0,0.0
2022-11-18 00:00:00-05:00,18.020000457763672,18.020000457763672,18.009000778198242,18.009000778198242,100,0.0,0.0,0.0
2022-11-21 00:00:00-05:00,17.841999053955078,17.841999053955078,17.841999053955078,17.841999053955078,0,0.0,0.0,0.0
2022-11-22 00:00:00-05:00,17.969999313354492,18.099000930786133,17.950000762939453,18.099000930786133,800,0.0,0.0,0.0
2022-11-23 00:00:00-05:00,18.270000457763672,18.270000457763672,18.253000259399414,18.253000259399414,2500,0.0,0.0,0.0
2022-11-25 00:00:00-05:00,18.160999298095703,18.160999298095703,18.160999298095703,18.160999298095703,0,0.0,0.0,0.0
2022-11-28 00:00:00-05:00,17.97100067138672,18.030000686645508,17.8799991607666,17.8799991607666,600,0.0,0.0,0.0
2022-11-29 00:00:00-05:00,17.74799919128418,17.74799919128418,17.74799919128418,17.74799919128418,100,0.0,0.0,0.0
2022-11-30 00:00:00-05:00,18.533000946044922,18.533000946044922,18.533000946044922,18.533000946044922,0,0.0,0.0,0.0
2022-12-01 00:00:00-05:00,18.687000274658203,18.687000274658203,18.606000900268555,18.606000900268555,900,0.0,0.0,0.0
2022-12-02 00:00:00-05:00,18.510000228881836,18.510000228881836,18.510000228881836,18.510000228881836,0,0.0,0.0,0.0
2022-12-05 00:00:00-05:00,18.389999389648438,18.389999389648438,18.187000274658203,18.187000274658203,2100,0.0,0.0,0.0
2022-12-06 00:00:00-05:00,17.815000534057617,17.815000534057617,17.815000534057617,17.815000534057617,0,0.0,0.0,0.0
2022-12-07 00:00:00-05:00,17.799999237060547,17.799999237060547,17.670000076293945,17.753000259399414,1500,0.0,0.0,0.0
2022-12-08 00:00:00-05:00,17.952999114990234,17.952999114990234,17.952999114990234,17.952999114990234,0,0.0,0.0,0.0
2022-12-09 00:00:00-05:00,17.857999801635742,17.857999801635742,17.857999801635742,17.857999801635742,0,0.0,0.0,0.0
2022-12-12 00:00:00-05:00,17.889999389648438,18.038000106811523,17.889999389648438,18.038000106811523,2000,0.0,0.0,0.0
2022-12-13 00:00:00-05:00,18.273000717163086,18.273000717163086,18.273000717163086,18.273000717163086,0,0.0,0.0,0.0
2022-12-14 00:00:00-05:00,18.14299964904785,18.14299964904785,18.14299964904785,18.14299964904785,0,0.0,0.0,0.0
2022-12-15 00:00:00-05:00,17.440000534057617,17.510000228881836,17.43000030517578,17.5049991607666,5300,0.0,0.0,0.0
2022-12-16 00:00:00-05:00,17.389999389648438,17.43000030517578,17.368000030517578,17.368000030517578,8200,0.0,0.0,0.0
2022-12-19 00:00:00-05:00,17.117000579833984,17.117000579833984,17.117000579833984,17.117000579833984,0,0.0,0.0,0.0
2022-12-20 00:00:00-05:00,17.149999618530273,17.149999618530273,17.099000930786133,17.099000930786133,11100,0.0,0.0,0.0
2022-12-21 00:00:00-05:00,17.350000381469727,17.3700008392334,17.329999923706055,17.339000701904297,8200,0.0,0.0,0.0
2022-12-22 00:00:00-05:00,16.670000076293945,16.892000198364258,16.670000076293945,16.892000198364258,2000,0.0,0.0,0.0
2022-12-23 00:00:00-05:00,16.93000030517578,16.93899917602539,16.93000030517578,16.93899917602539,100,0.0,0.0,0.0
2022-12-27 00:00:00-05:00,16.731000900268555,16.731000900268555,16.69499969482422,16.697999954223633,2300,0.0,0.0,0.0
2022-12-28 00:00:00-05:00,16.572999954223633,16.572999954223633,16.475000381469727,16.475000381469727,200,0.0,0.0,0.0
2022-12-29 00:00:00-05:00,16.920000076293945,16.940000534057617,16.885000228881836,16.926000595092773,47000,0.0,0.0,0.0
2022-12-30 00:00:00-05:00,16.77899932861328,16.860000610351562,16.71500015258789,16.860000610351562,3400,0.0,0.0,0.0
2023-01-03 00:00:00-05:00,16.93000030517578,16.93000030517578,16.700000762939453,16.70599937438965,6000,0.0,0.0,0.0
2023-01-04 00:00:00-05:00,16.698999404907227,16.84000015258789,16.698999404907227,16.770999908447266,4400,0.0,0.0,0.0
2023-01-05 00:00:00-05:00,16.75,16.75,16.639999389648438,16.639999389648438,16400,0.0,0.0,0.0
2023-01-06 00:00:00-05:00,16.836000442504883,17.030000686645508,16.836000442504883,16.988000869750977,8500,0.0,0.0,0.0
2023-01-09 00:00:00-05:00,17.259000778198242,17.260000228881836,17.069000244140625,17.069000244140625,3400,0.0,0.0,0.0
2023-01-10 00:00:00-05:00,17.079999923706055,17.174999237060547,17.079999923706055,17.174999237060547,3000,0.0,0.0,0.0
2023-01-11 00:00:00-05:00,17.309999465942383,17.389999389648438,17.309999465942383,17.389999389648438,6700,0.0,0.0,0.0
2023-01-12 00:00:00-05:00,17.31999969482422,17.549999237060547,17.31999969482422,17.4950008392334,10000,0.0,0.0,0.0
2023-01-13 00:00:00-05:00,17.5,17.670000076293945,17.5,17.63599967956543,1100,0.0,0.0,0.0
2023-01-17 00:00:00-05:00,17.60099983215332,17.75,17.60099983215332,17.691999435424805,9500,0.0,0.0,0.0
2023-01-18 00:00:00-05:00,17.700000762939453,17.700000762939453,17.584999084472656,17.599000930786133,575800,0.0,0.0,0.0
2023-01-19 00:00:00-05:00,17.3799991607666,17.549999237060547,17.3799991607666,17.459999084472656,3500,0.0,0.0,0.0
2023-01-20 00:00:00-05:00,17.600000381469727,17.80299949645996,17.600000381469727,17.784000396728516,10400,0.0,0.0,0.0
2023-01-23 00:00:00-05:00,18.090999603271484,18.1299991607666,17.989999771118164,18.079999923706055,7200,0.0,0.0,0.0
2023-01-24 00:00:00-05:00,18.09000015258789,18.25,18.030000686645508,18.070999145507812,9300,0.0,0.0,0.0
2023-01-25 00:00:00-05:00,17.856000900268555,18.110000610351562,17.856000900268555,18.110000610351562,2900,0.0,0.0,0.0
2023-01-26 00:00:00-05:00,18.18000030517578,18.31999969482422,18.18000030517578,18.30500030517578,61900,0.0,0.0,0.0
2023-01-27 00:00:00-05:00,18.350000381469727,18.459999084472656,18.32900047302246,18.405000686645508,11400,0.0,0.0,0.0
2023-01-30 00:00:00-05:00,18.299999237060547,18.299999237060547,18.18600082397461,18.18600082397461,32400,0.0,0.0,0.0
2023-01-31 00:00:00-05:00,18.170000076293945,18.34000015258789,18.170000076293945,18.329999923706055,20500,0.0,0.0,0.0
2023-02-01 00:00:00-05:00,18.31999969482422,18.65999984741211,18.239999771118164,18.59000015258789,42000,0.0,0.0,0.0
2023-02-02 00:00:00-05:00,18.809999465942383,18.84000015258789,18.75,18.81999969482422,66300,0.0,0.0,0.0
2023-02-03 00:00:00-05:00,18.690000534057617,18.790000915527344,18.618000030517578,18.639999389648438,16500,0.0,0.0,0.0
2023-02-06 00:00:00-05:00,18.549999237060547,18.56999969482422,18.520000457763672,18.530000686645508,9800,0.0,0.0,0.0
2023-02-07 00:00:00-05:00,18.5,18.724000930786133,18.5,18.724000930786133,5300,0.0,0.0,0.0
2023-02-08 00:00:00-05:00,18.509000778198242,18.57900047302246,18.509000778198242,18.56999969482422,4300,0.0,0.0,0.0
2023-02-09 00:00:00-05:00,18.58099937438965,18.600000381469727,18.405000686645508,18.430999755859375,19300,0.0,0.0,0.0
2023-02-10 00:00:00-05:00,18.389999389648438,18.399999618530273,18.325000762939453,18.371999740600586,6400,0.0,0.0,0.0
2023-02-13 00:00:00-05:00,18.5049991607666,18.540000915527344,18.5049991607666,18.527000427246094,67000,0.0,0.0,0.0
2023-02-14 00:00:00-05:00,18.520000457763672,18.670000076293945,18.520000457763672,18.652999877929688,12400,0.0,0.0,0.0
2023-02-15 00:00:00-05:00,18.6200008392334,18.729999542236328,18.6200008392334,18.691999435424805,4400,0.0,0.0,0.0
2023-02-16 00:00:00-05:00,18.60300064086914,18.719999313354492,18.542999267578125,18.542999267578125,34300,0.0,0.0,0.0
2023-02-17 00:00:00-05:00,18.420000076293945,18.4689998626709,18.400999069213867,18.4689998626709,8900,0.0,0.0,0.0
2023-02-21 00:00:00-05:00,18.40999984741211,18.40999984741211,18.229999542236328,18.229999542236328,4100,0.0,0.0,0.0
2023-02-22 00:00:00-05:00,18.31999969482422,18.350000381469727,18.209999084472656,18.25,11600,0.0,0.0,0.0
2023-02-23 00:00:00-05:00,18.225000381469727,18.399999618530273,18.225000381469727,18.347000122070312,1600,0.0,0.0,0.0
2023-02-24 00:00:00-05:00,18.209999084472656,18.209999084472656,18.079999923706055,18.190000534057617,22000,0.0,0.0,0.0
2023-02-27 00:00:00-05:00,18.360000610351562,18.360000610351562,18.2549991607666,18.2549991607666,2200,0.0,0.0,0.0
2023-02-28 00:00:00-05:00,18.25,18.360000610351562,18.25,18.268999099731445,10400,0.0,0.0,0.0
2023-03-01 00:00:00-05:00,18.260000228881836,18.270000457763672,18.139999389648438,18.200000762939453,51800,0.0,0.0,0.0
2023-03-02 00:00:00-05:00,18.117000579833984,18.329999923706055,18.100000381469727,18.290000915527344,51200,0.0,0.0,0.0
2023-03-03 00:00:00-05:00,18.479000091552734,18.520000457763672,18.44499969482422,18.483999252319336,3000,0.0,0.0,0.0
2023-03-06 00:00:00-05:00,18.579999923706055,18.579999923706055,18.530000686645508,18.540000915527344,3100,0.0,0.0,0.0
2023-03-07 00:00:00-05:00,18.540000915527344,18.540000915527344,18.3799991607666,18.43000030517578,12900,0.0,0.0,0.0
2023-03-08 00:00:00-05:00,18.399999618530273,18.510000228881836,18.399999618530273,18.475000381469727,12500,0.0,0.0,0.0
2023-03-09 00:00:00-05:00,18.589000701904297,18.589000701904297,18.239999771118164,18.239999771118164,11000,0.0,0.0,0.0
2023-03-10 00:00:00-05:00,18.15999984741211,18.190000534057617,18.030000686645508,18.030000686645508,283800,0.0,0.0,0.0
2023-03-13 00:00:00-04:00,18.113000869750977,18.304000854492188,18.113000869750977,18.190000534057617,3000,0.0,0.0,0.0
2023-03-14 00:00:00-04:00,18.25,18.489999771118164,18.25,18.43199920654297,5900,0.0,0.0,0.0
2023-03-15 00:00:00-04:00,18.360000610351562,18.469999313354492,18.275999069213867,18.40399932861328,6500,0.0,0.0,0.0
2023-03-16 00:00:00-04:00,18.3700008392334,18.739999771118164,18.3700008392334,18.700000762939453,9200,0.0,0.0,0.0
2023-03-17 00:00:00-04:00,18.69499969482422,18.69499969482422,18.57200050354004,18.6200008392334,14500,0.0,0.0,0.0
2023-03-20 00:00:00-04:00,18.670000076293945,18.69499969482422,18.6200008392334,18.690000534057617,25000,0.0,0.0,0.0
2023-03-21 00:00:00-04:00,18.760000228881836,18.83099937438965,18.719999313354492,18.83099937438965,8300,0.0,0.0,0.0
2023-03-22 00:00:00-04:00,18.790000915527344,19.020000457763672,18.743000030517578,18.743000030517578,10800,0.0,0.0,0.0
2023-03-23 00:00:00-04:00,18.8799991607666,18.950000762939453,18.739999771118164,18.829999923706055,7600,0.0,0.0,0.0
2023-03-24 00:00:00-04:00,18.889999389648438,18.889999389648438,18.736000061035156,18.827999114990234,27300,0.0,0.0,0.0
2023-03-27 00:00:00-04:00,18.8700008392334,18.920000076293945,18.65999984741211,18.808000564575195,11500,0.0,0.0,0.0
2023-03-28 00:00:00-04:00,18.729999542236328,18.790000915527344,18.68000030517578,18.790000915527344,10800,0.0,0.0,0.0
2023-03-29 00:00:00-04:00,18.850000381469727,18.989999771118164,18.850000381469727,18.97100067138672,7400,0.0,0.0,0.0
2023-03-30 00:00:00-04:00,18.989999771118164,19.0,18.959999084472656,18.985000610351562,4800,0.0,0.0,0.0
2023-03-31 00:00:00-04:00,19.072999954223633,19.165000915527344,19.06999969482422,19.165000915527344,12300,0.0,0.0,0.0
2023-04-03 00:00:00-04:00,19.1200008392334,19.18000030517578,19.110000610351562,19.163999557495117,44100,0.0,0.0,0.0
2023-04-04 00:00:00-04:00,19.1299991607666,19.179000854492188,19.09000015258789,19.125999450683594,41800,0.0,0.0,0.0
2023-04-05 00:00:00-04:00,19.040000915527344,19.079999923706055,19.035999298095703,19.059999465942383,2200,0.0,0.0,0.0
2023-04-06 00:00:00-04:00,19.040000915527344,19.170000076293945,18.975000381469727,19.110000610351562,10600,0.0,0.0,0.0
2023-04-10 00:00:00-04:00,19.079999923706055,19.149999618530273,19.066999435424805,19.114999771118164,5200,0.0,0.0,0.0
2023-04-11 00:00:00-04:00,19.097000122070312,19.15999984741211,19.08099937438965,19.08099937438965,3900,0.0,0.0,0.0
2023-04-12 00:00:00-04:00,19.09000015258789,19.11199951171875,19.04599952697754,19.04599952697754,1700,0.0,0.0,0.0
2023-04-13 00:00:00-04:00,19.23900032043457,19.25,19.207000732421875,19.239999771118164,5600,0.0,0.0,0.0
2023-04-14 00:00:00-04:00,19.200000762939453,19.239999771118164,19.149999618530273,19.239999771118164,11500,0.0,0.0,0.0
2023-04-17 00:00:00-04:00,19.19499969482422,19.25,19.17799949645996,19.25,3000,0.0,0.0,0.0
2023-04-18 00:00:00-04:00,19.22100067138672,19.290000915527344,19.22100067138672,19.270000457763672,3000,0.0,0.0,0.0
2023-04-19 00:00:00-04:00,19.229999542236328,19.31999969482422,19.229999542236328,19.274999618530273,7700,0.0,0.0,0.0
2023-04-20 00:00:00-04:00,19.200000762939453,19.280000686645508,19.200000762939453,19.20800018310547,6400,0.0,0.0,0.0
2023-04-21 00:00:00-04:00,19.2189998626709,19.270000457763672,19.2189998626709,19.22800064086914,600,0.0,0.0,0.0
2023-04-24 00:00:00-04:00,19.172000885009766,19.222999572753906,19.149999618530273,19.222999572753906,1200,0.0,0.0,0.0
2023-04-25 00:00:00-04:00,19.200000762939453,19.200000762939453,19.079999923706055,19.079999923706055,15300,0.0,0.0,0.0
2023-04-26 00:00:00-04:00,19.190000534057617,19.190000534057617,19.049999237060547,19.1200008392334,12800,0.0,0.0,0.0
2023-04-27 00:00:00-04:00,19.299999237060547,19.360000610351562,19.25,19.344999313354492,12400,0.0,0.0,0.0
2023-04-28 00:00:00-04:00,19.399999618530273,19.399999618530273,19.350000381469727,19.38599967956543,900,0.0,0.0,0.0
2023-05-01 00:00:00-04:00,19.420000076293945,19.450000762939453,19.391000747680664,19.440000534057617,20900,0.0,0.0,0.0
2023-05-02 00:00:00-04:00,19.459999084472656,19.459999084472656,19.25,19.354999542236328,22300,0.0,0.0,0.0
2023-05-03 00:00:00-04:00,19.34000015258789,19.3799991607666,19.25,19.26300048828125,16900,0.0,0.0,0.0
2023-05-04 00:00:00-04:00,19.243999481201172,19.25,19.219999313354492,19.239999771118164,14100,0.0,0.0,0.0
2023-05-05 00:00:00-04:00,19.350000381469727,19.454999923706055,19.350000381469727,19.440000534057617,10400,0.0,0.0,0.0
2023-05-08 00:00:00-04:00,19.388999938964844,19.479999542236328,19.360000610351562,19.444000244140625,2300,0.0,0.0,0.0
2023-05-09 00:00:00-04:00,19.399999618530273,19.440000534057617,19.395000457763672,19.395000457763672,1500,0.0,0.0,0.0
2023-05-10 00:00:00-04:00,19.429000854492188,19.530000686645508,19.429000854492188,19.520000457763672,6900,0.0,0.0,0.0
2023-05-11 00:00:00-04:00,19.469999313354492,19.56999969482422,19.469999313354492,19.527999877929688,17500,0.0,0.0,0.0
2023-05-12 00:00:00-04:00,19.549999237060547,19.579999923706055,19.450000762939453,19.5049991607666,6800,0.0,0.0,0.0
2023-05-15 00:00:00-04:00,19.524999618530273,19.600000381469727,19.49799919128418,19.576000213623047,7300,0.0,0.0,0.0
2023-05-16 00:00:00-04:00,19.599000930786133,19.670000076293945,19.58099937438965,19.586000442504883,130900,0.0,0.0,0.0
2023-05-17 00:00:00-04:00,19.614999771118164,19.690000534057617,19.608999252319336,19.674999237060547,50000,0.0,0.0,0.0
2023-05-18 00:00:00-04:00,19.725000381469727,19.774999618530273,19.716999053955078,19.774999618530273,700,0.0,0.0,0.0
2023-05-19 00:00:00-04:00,19.740999221801758,19.791000366210938,19.739999771118164,19.764999389648438,4500,0.0,0.0,0.0
2023-05-22 00:00:00-04:00,19.815000534057617,19.829999923706055,19.784000396728516,19.790000915527344,4000,0.0,0.0,0.0
2023-05-23 00:00:00-04:00,19.81999969482422,19.81999969482422,19.709999084472656,19.722999572753906,8400,0.0,0.0,0.0
2023-05-24 00:00:00-04:00,19.65999984741211,19.690000534057617,19.6200008392334,19.639999389648438,3500,0.0,0.0,0.0
2023-05-25 00:00:00-04:00,19.750999450683594,19.82900047302246,19.75,19.774999618530273,6600,0.0,0.0,0.0
2023-05-26 00:00:00-04:00,19.895999908447266,19.905000686645508,19.8700008392334,19.905000686645508,1600,0.0,0.0,0.0
2023-05-30 00:00:00-04:00,19.934999465942383,19.948999404907227,19.902000427246094,19.902000427246094,1800,0.0,0.0,0.0
2023-05-31 00:00:00-04:00,19.895000457763672,19.93899917602539,19.8799991607666,19.905000686645508,4700,0.0,0.0,0.0
2023-06-01 00:00:00-04:00,19.985000610351562,19.985000610351562,19.985000610351562,19.985000610351562,300,0.0,0.0,0.0
2023-06-02 00:00:00-04:00,19.979999542236328,20.045000076293945,19.979999542236328,20.045000076293945,63400,0.0,0.0,0.0
2023-06-05 00:00:00-04:00,19.989999771118164,20.075000762939453,19.989999771118164,20.075000762939453,2100,0.0,0.0,0.0
2023-06-06 00:00:00-04:00,20.062000274658203,20.138999938964844,20.062000274658203,20.110000610351562,1300,0.0,0.0,0.0
2023-06-07 00:00:00-04:00,20.100000381469727,20.100000381469727,20.020000457763672,20.05500030517578,6300,0.0,0.0,0.0
2023-06-08 00:00:00-04:00,20.020000457763672,20.100000381469727,20.020000457763672,20.09000015258789,3300,0.0,0.0,0.0
2023-06-09 00:00:00-04:00,20.100000381469727,20.18000030517578,20.100000381469727,20.135000228881836,1300,0.0,0.0,0.0
2023-06-12 00:00:00-04:00,20.165000915527344,20.190000534057617,20.155000686645508,20.177000045776367,1300,0.0,0.0,0.0
2023-06-13 00:00:00-04:00,20.219999313354492,20.225000381469727,20.18000030517578,20.225000381469727,14100,0.0,0.0,0.0
2023-06-14 00:00:00-04:00,20.190000534057617,20.280000686645508,20.190000534057617,20.246999740600586,10200,0.0,0.0,0.0
2023-06-15 00:00:00-04:00,20.200000762939453,20.290000915527344,20.200000762939453,20.290000915527344,1200,0.0,0.0,0.0
2023-06-16 00:00:00-04:00,20.270000457763672,20.274999618530273,20.25,20.274999618530273,5900,0.0,0.0,0.0
2023-06-20 00:00:00-04:00,20.229999542236328,20.2450008392334,20.229999542236328,20.2450008392334,7400,0.0,0.0,0.0
2023-06-21 00:00:00-04:00,20.200000762939453,20.235000610351562,20.200000762939453,20.235000610351562,700,0.0,0.0,0.0
2023-06-22 00:00:00-04:00,20.239999771118164,20.319000244140625,20.239999771118164,20.295000076293945,2600,0.0,0.0,0.0
2023-06-23 00:00:00-04:00,20.25,20.299999237060547,20.249000549316406,20.270000457763672,2600,0.0,0.0,0.0
2023-06-26 00:00:00-04:00,20.260000228881836,20.260000228881836,20.219999313354492,20.233999252319336,5200,0.0,0.0,0.0
2023-06-27 00:00:00-04:00,20.219999313354492,20.315000534057617,20.219999313354492,20.315000534057617,21400,0.0,0.0,0.0
2023-06-28 00:00:00-04:00,20.260000228881836,20.3700008392334,20.260000228881836,20.334999084472656,33400,0.0,0.0,0.0
2023-06-29 00:00:00-04:00,20.280000686645508,20.360000610351562,20.280000686645508,20.325000762939453,40100,0.0,0.0,0.0
2023-06-30 00:00:00-04:00,20.31999969482422,20.40999984741211,20.31999969482422,20.40999984741211,6800,0.0,0.0,0.0
2023-07-03 00:00:00-04:00,20.405000686645508,20.440000534057617,20.391000747680664,20.405000686645508,41700,0.0,0.0,0.0
2023-07-05 00:00:00-04:00,20.350000381469727,20.440000534057617,20.350000381469727,20.416000366210938,83300,0.0,0.0,0.0
2023-07-06 00:00:00-04:00,20.332000732421875,20.399999618530273,20.332000732421875,20.399999618530273,21500,0.0,0.0,0.0
2023-07-07 00:00:00-04:00,20.389999389648438,20.389999389648438,20.389999389648438,20.389999389648438,100,0.0,0.0,0.0
2023-07-10 00:00:00-04:00,20.3799991607666,20.40999984741211,20.356000900268555,20.389999389648438,6400,0.0,0.0,0.0
2023-07-11 00:00:00-04:00,20.350000381469727,20.5,20.350000381469727,20.450000762939453,15900,0.0,0.0,0.0
2023-07-12 00:00:00-04:00,20.5,20.540000915527344,20.44099998474121,20.510000228881836,16600,0.0,0.0,0.0
2023-07-13 00:00:00-04:00,20.496999740600586,20.496999740600586,20.461000442504883,20.490999221801758,2700,0.0,0.0,0.0
2023-07-14 00:00:00-04:00,20.5049991607666,20.5049991607666,20.5,20.5,300,0.0,0.0,0.0
2023-07-17 00:00:00-04:00,20.469999313354492,20.549999237060547,20.469999313354492,20.53499984741211,2700,0.0,0.0,0.0
2023-07-18 00:00:00-04:00,20.489999771118164,20.56999969482422,20.489999771118164,20.55500030517578,5100,0.0,0.0,0.0
2023-07-19 00:00:00-04:00,20.600000381469727,20.610000610351562,20.510000228881836,20.514999389648438,22100,0.0,0.0,0.0
2023-07-20 00:00:00-04:00,20.489999771118164,20.513999938964844,20.489999771118164,20.513999938964844,4600,0.0,0.0,0.0
2023-07-21 00:00:00-04:00,20.579999923706055,20.579999923706055,20.489999771118164,20.517000198364258,2900,0.0,0.0,0.0
2023-07-24 00:00:00-04:00,20.5,20.530000686645508,20.5,20.530000686645508,1900,0.0,0.0,0.0
2023-07-25 00:00:00-04:00,20.54199981689453,20.54199981689453,20.510000228881836,20.510000228881836,44000,0.0,0.0,0.0
2023-07-26 00:00:00-04:00,20.5,20.513999938964844,20.5,20.5,3000,0.0,0.0,0.0
2023-07-27 00:00:00-04:00,20.600000381469727,20.600000381469727,20.514999389648438,20.514999389648438,200,0.0,0.0,0.0
2023-07-28 00:00:00-04:00,20.562999725341797,20.565000534057617,20.5310001373291,20.565000534057617,1800,0.0,0.0,0.0
2023-07-31 00:00:00-04:00,20.559999465942383,20.565000534057617,20.530000686645508,20.565000534057617,8500,0.0,0.0,0.0
2023-08-01 00:00:00-04:00,20.5310001373291,20.53499984741211,20.469999313354492,20.53499984741211,19900,0.0,0.0,0.0
2023-08-02 00:00:00-04:00,20.469999313354492,20.474000930786133,20.459999084472656,20.464000701904297,2500,0.0,0.0,0.0
2023-08-03 00:00:00-04:00,20.493999481201172,20.493999481201172,20.48900032043457,20.48900032043457,300,0.0,0.0,0.0
2023-08-04 00:00:00-04:00,20.440000534057617,20.6299991607666,20.350000381469727,20.475000381469727,14300,0.0,0.0,0.0
2023-08-07 00:00:00-04:00,20.496999740600586,20.524999618530273,20.469999313354492,20.524999618530273,12500,0.0,0.0,0.0
2023-08-08 00:00:00-04:00,20.450000762939453,20.5049991607666,20.43000030517578,20.5049991607666,8700,0.0,0.0,0.0
2023-08-09 00:00:00-04:00,20.475000381469727,20.475000381469727,20.450000762939453,20.458999633789062,477200,0.0,0.0,0.0
2023-08-10 00:00:00-04:00,20.459999084472656,20.4950008392334,20.459999084472656,20.4950008392334,230400,0.0,0.0,0.0
2023-08-11 00:00:00-04:00,20.510000228881836,20.510000228881836,20.459999084472656,20.4950008392334,2400,0.0,0.0,0.0
2023-08-14 00:00:00-04:00,20.5,20.559999465942383,20.489999771118164,20.530000686645508,3200,0.0,0.0,0.0
2023-08-15 00:00:00-04:00,20.485000610351562,20.485000610351562,20.469999313354492,20.469999313354492,1600,0.0,0.0,0.0
2023-08-16 00:00:00-04:00,20.479999542236328,20.479999542236328,20.440000534057617,20.44499969482422,22700,0.0,0.0,0.0
2023-08-17 00:00:00-04:00,20.450000762939453,20.459999084472656,20.43000030517578,20.43000030517578,11300,0.0,0.0,0.0
2023-08-18 00:00:00-04:00,20.399999618530273,20.43000030517578,20.399999618530273,20.424999237060547,3100,0.0,0.0,0.0
2023-08-21 00:00:00-04:00,20.450000762939453,20.4950008392334,20.450000762939453,20.4950008392334,2000,0.0,0.0,0.0
2023-08-22 00:00:00-04:00,20.485000610351562,20.490999221801758,20.479999542236328,20.489999771118164,4300,0.0,0.0,0.0
2023-08-23 00:00:00-04:00,20.55299949645996,20.579999923706055,20.540000915527344,20.540000915527344,86100,0.0,0.0,0.0
2023-08-24 00:00:00-04:00,20.549999237060547,20.549999237060547,20.46500015258789,20.46500015258789,3500,0.0,0.0,0.0
2023-08-25 00:00:00-04:00,20.520000457763672,20.540000915527344,20.520000457763672,20.540000915527344,400,0.0,0.0,0.0
2023-08-28 00:00:00-04:00,20.540000915527344,20.610000610351562,20.540000915527344,20.58799934387207,6800,0.0,0.0,0.0
2023-08-29 00:00:00-04:00,20.6200008392334,20.6299991607666,20.614999771118164,20.614999771118164,700,0.0,0.0,0.0
2023-08-30 00:00:00-04:00,20.6200008392334,20.674999237060547,20.6200008392334,20.674999237060547,1000,0.0,0.0,0.0
2023-08-31 00:00:00-04:00,20.684999465942383,20.684999465942383,20.674999237060547,20.674999237060547,600,0.0,0.0,0.0
2023-09-01 00:00:00-04:00,20.670000076293945,20.670000076293945,20.65999984741211,20.665000915527344,1700,0.0,0.0,0.0
2023-09-05 00:00:00-04:00,20.670000076293945,20.70199966430664,20.65999984741211,20.684999465942383,26000,0.0,0.0,0.0
2023-09-06 00:00:00-04:00,20.639999389648438,20.68899917602539,20.6200008392334,20.639999389648438,65700,0.0,0.0,0.0
2023-09-07 00:00:00-04:00,20.6200008392334,20.68000030517578,20.6200008392334,20.645000457763672,52000,0.0,0.0,0.0
2023-09-08 00:00:00-04:00,20.700000762939453,20.719999313354492,20.639999389648438,20.680999755859375,1800,0.0,0.0,0.0
2023-09-11 00:00:00-04:00,20.729999542236328,20.729999542236328,20.704999923706055,20.704999923706055,400,0.0,0.0,0.0
2023-09-12 00:00:00-04:00,20.729999542236328,20.739999771118164,20.709999084472656,20.709999084472656,2100,0.0,0.0,0.0
2023-09-13 00:00:00-04:00,20.68000030517578,20.770000457763672,20.68000030517578,20.736000061035156,28000,0.0,0.0,0.0
2023-09-14 00:00:00-04:00,20.7450008392334,20.780000686645508,20.729999542236328,20.729999542236328,9700,0.0,0.0,0.0
2023-09-15 00:00:00-04:00,20.735000610351562,20.735000610351562,20.735000610351562,20.735000610351562,100,0.0,0.0,0.0
2023-09-18 00:00:00-04:00,20.729999542236328,20.770000457763672,20.719999313354492,20.750999450683594,10900,0.0,0.0,0.0
2023-09-19 00:00:00-04:00,20.729000091552734,20.729999542236328,20.709999084472656,20.729999542236328,13500,0.0,0.0,0.0
2023-09-20 00:00:00-04:00,20.792999267578125,20.792999267578125,20.740999221801758,20.740999221801758,5600,0.0,0.0,0.0
2023-09-21 00:00:00-04:00,20.739999771118164,20.739999771118164,20.663000106811523,20.729999542236328,15900,0.0,0.0,0.0
2023-09-22 00:00:00-04:00,20.690000534057617,20.704999923706055,20.687999725341797,20.704999923706055,1100,0.0,0.0,0.0
2023-09-25 00:00:00-04:00,20.68000030517578,20.700000762939453,20.68000030517578,20.690000534057617,2400,0.0,0.0,0.0
2023-09-26 00:00:00-04:00,20.70599937438965,20.709999084472656,20.6299991607666,20.639999389648438,3300,0.0,0.0,0.0
2023-09-27 00:00:00-04:00,20.649999618530273,20.67300033569336,20.639999389648438,20.670000076293945,3900,0.0,0.0,0.0
2023-09-28 00:00:00-04:00,20.690000534057617,20.735000610351562,20.690000534057617,20.735000610351562,11000,0.0,0.0,0.0
2023-09-29 00:00:00-04:00,20.719999313354492,20.739999771118164,20.719999313354492,20.739999771118164,700,0.0,0.0,0.0
2023-10-02 00:00:00-04:00,20.7549991607666,20.764999389648438,20.729999542236328,20.764999389648438,3900,0.0,0.0,0.0
2023-10-03 00:00:00-04:00,20.670000076293945,20.704999923706055,20.670000076293945,20.704999923706055,1300,0.0,0.0,0.0
2023-10-04 00:00:00-04:00,20.742000579833984,20.764999389648438,20.742000579833984,20.764999389648438,300,0.0,0.0,0.0
2023-10-05 00:00:00-04:00,20.770000457763672,20.770000457763672,20.690000534057617,20.709999084472656,13500,0.0,0.0,0.0
2023-10-06 00:00:00-04:00,20.850000381469727,20.850000381469727,20.825000762939453,20.825000762939453,2600,0.0,0.0,0.0
2023-10-09 00:00:00-04:00,20.78499984741211,20.81999969482422,20.78499984741211,20.81999969482422,400,0.0,0.0,0.0
2023-10-10 00:00:00-04:00,20.780000686645508,20.84000015258789,20.780000686645508,20.834999084472656,9100,0.0,0.0,0.0
2023-10-11 00:00:00-04:00,20.850000381469727,20.8799991607666,20.809999465942383,20.81999969482422,2700,0.0,0.0,0.0
2023-10-12 00:00:00-04:00,20.889999389648438,20.899999618530273,20.809999465942383,20.844999313354492,24900,0.0,0.0,0.0
2023-10-13 00:00:00-04:00,20.825000762939453,20.825000762939453,20.809999465942383,20.815000534057617,1000,0.0,0.0,0.0
2023-10-16 00:00:00-04:00,20.81999969482422,20.860000610351562,20.81999969482422,20.860000610351562,400,0.0,0.0,0.0
2023-10-17 00:00:00-04:00,20.780000686645508,20.889999389648438,20.780000686645508,20.889999389648438,5400,0.0,0.0,0.0
2023-10-18 00:00:00-04:00,20.809999465942383,20.825000762939453,20.790000915527344,20.790000915527344,2700,0.0,0.0,0.0
2023-10-19 00:00:00-04:00,20.809999465942383,20.825000762939453,20.799999237060547,20.815000534057617,1200,0.0,0.0,0.0
2023-10-20 00:00:00-04:00,20.790000915527344,20.81999969482422,20.760000228881836,20.76300048828125,3000,0.0,0.0,0.0
2023-10-23 00:00:00-04:00,20.799999237060547,20.860000610351562,20.790000915527344,20.815000534057617,3000,0.0,0.0,0.0
2023-10-24 00:00:00-04:00,20.850000381469727,20.854999542236328,20.799999237060547,20.854999542236328,4200,0.0,0.0,0.0
2023-10-25 00:00:00-04:00,20.799999237060547,20.849000930786133,20.760000228881836,20.795000076293945,6800,0.0,0.0,0.0
2023-10-26 00:00:00-04:00,20.774999618530273,20.790000915527344,20.729999542236328,20.73900032043457,8400,0.0,0.0,0.0
2023-10-27 00:00:00-04:00,20.84000015258789,20.84000015258789,20.78499984741211,20.78499984741211,2500,0.0,0.0,0.0
2023-10-30 00:00:00-04:00,20.839000701904297,20.8700008392334,20.81999969482422,20.854999542236328,4000,0.0,0.0,0.0
2023-10-31 00:00:00-04:00,20.854999542236328,20.8799991607666,20.854999542236328,20.860000610351562,4100,0.0,0.0,0.0
2023-11-01 00:00:00-04:00,20.881000518798828,20.889999389648438,20.8700008392334,20.889999389648438,13000,0.0,0.0,0.0
2023-11-02 00:00:00-04:00,20.920000076293945,20.959999084472656,20.90999984741211,20.95400047302246,7600,0.0,0.0,0.0
2023-11-03 00:00:00-04:00,20.989999771118164,20.989999771118164,20.93000030517578,20.9689998626709,4700,0.0,0.0,0.0
2023-11-06 00:00:00-05:00,20.950000762939453,20.9689998626709,20.940000534057617,20.9689998626709,1100,0.0,0.0,0.0
2023-11-07 00:00:00-05:00,20.959999084472656,20.990999221801758,20.959999084472656,20.974000930786133,2500,0.0,0.0,0.0
2023-11-08 00:00:00-05:00,20.959999084472656,20.975000381469727,20.959999084472656,20.975000381469727,20900,0.0,0.0,0.0
2023-11-09 00:00:00-05:00,21.0,21.0,20.979000091552734,20.979000091552734,600,0.0,0.0,0.0
2023-11-10 00:00:00-05:00,20.986000061035156,20.98699951171875,20.979999542236328,20.985000610351562,3300,0.0,0.0,0.0
2023-11-13 00:00:00-05:00,20.989999771118164,20.989999771118164,20.985000610351562,20.985000610351562,49000,0.0,0.0,0.0
2023-11-14 00:00:00-05:00,20.989999771118164,21.0,20.989999771118164,20.9950008392334,26100,0.0,0.0,0.0
2023-11-15 00:00:00-05:00,20.9950008392334,21.014999389648438,20.989999771118164,21.014999389648438,9600,0.0,0.0,0.0
2023-11-16 00:00:00-05:00,21.040000915527344,21.040000915527344,21.040000915527344,21.040000915527344,200,0.0,0.0,0.0
2023-11-17 00:00:00-05:00,21.038999557495117,21.049999237060547,21.010000228881836,21.049999237060547,4300,0.0,0.0,0.0
2023-11-20 00:00:00-05:00,21.049999237060547,21.05500030517578,21.020000457763672,21.05500030517578,9600,0.0,0.0,0.0
2023-11-21 00:00:00-05:00,21.100000381469727,21.100000381469727,21.05500030517578,21.05500030517578,400,0.0,0.0,0.0
2023-11-22 00:00:00-05:00,21.030000686645508,21.038999557495117,21.030000686645508,21.03499984741211,1600,0.0,0.0,0.0
2023-11-24 00:00:00-05:00,21.079999923706055,21.09000015258789,21.06999969482422,21.06999969482422,800,0.0,0.0,0.0
2023-11-27 00:00:00-05:00,21.040000915527344,21.079999923706055,21.040000915527344,21.040000915527344,6900,0.0,0.0,0.0
2023-11-28 00:00:00-05:00,21.05500030517578,21.059999465942383,21.04400062561035,21.04400062561035,7300,0.0,0.0,0.0
2023-11-29 00:00:00-05:00,21.040000915527344,21.049999237060547,21.040000915527344,21.040000915527344,9700,0.0,0.0,0.0
2023-11-30 00:00:00-05:00,21.086999893188477,21.086999893188477,21.049999237060547,21.083999633789062,1400,0.0,0.0,0.0
2023-12-01 00:00:00-05:00,21.093000411987305,21.094999313354492,21.059999465942383,21.091999053955078,7600,0.0,0.0,0.0
2023-12-04 00:00:00-05:00,21.065000534057617,21.06999969482422,21.049999237060547,21.06999969482422,6700,0.0,0.0,0.0
2023-12-05 00:00:00-05:00,21.06999969482422,21.139999389648438,21.06999969482422,21.104999542236328,2500,0.0,0.0,0.0
2023-12-06 00:00:00-05:00,21.104999542236328,21.104999542236328,21.104999542236328,21.104999542236328,200,0.0,0.0,0.0
2023-12-07 00:00:00-05:00,21.09000015258789,21.14900016784668,21.06999969482422,21.110000610351562,14000,0.0,0.0,0.0
2023-12-08 00:00:00-05:00,21.079999923706055,21.1200008392334,21.079999923706055,21.1200008392334,900,0.0,0.0,0.0
2023-12-11 00:00:00-05:00,21.091999053955078,21.125,21.09000015258789,21.125,3500,0.0,0.0,0.0
2023-12-12 00:00:00-05:00,21.09000015258789,21.125,21.09000015258789,21.124000549316406,2400,0.0,0.0,0.0
2023-12-13 00:00:00-05:00,21.15999984741211,21.15999984741211,21.09000015258789,21.125,30200,0.0,0.0,0.0
2023-12-14 00:00:00-05:00,21.1299991607666,21.1299991607666,21.024999618530273,21.1299991607666,5000,0.0,0.0,0.0
2023-12-15 00:00:00-05:00,21.118000030517578,21.1200008392334,21.100000381469727,21.104000091552734,5300,0.0,0.0,0.0
2023-12-18 00:00:00-05:00,21.10099983215332,21.139999389648438,21.100000381469727,21.139999389648438,6600,0.0,0.0,0.0
2023-12-19 00:00:00-05:00,21.160999298095703,21.160999298095703,21.100000381469727,21.135000228881836,7200,0.0,0.0,0.0
2023-12-20 00:00:00-05:00,21.104000091552734,21.170000076293945,21.104000091552734,21.138999938964844,1500,0.0,0.0,0.0
2023-12-21 00:00:00-05:00,21.100000381469727,21.16900062561035,21.100000381469727,21.139999389648438,4900,0.0,0.0,0.0
2023-12-22 00:00:00-05:00,21.149999618530273,21.190000534057617,21.1200008392334,21.159000396728516,37100,0.0,0.0,0.0
2023-12-26 00:00:00-05:00,21.18000030517578,21.195999145507812,21.149999618530273,21.195999145507812,55800,0.0,0.0,0.0
2023-12-27 00:00:00-05:00,21.190000534057617,21.200000762939453,21.1299991607666,21.170000076293945,29700,0.0,0.0,0.0
2023-12-28 00:00:00-05:00,21.20800018310547,21.208999633789062,21.1299991607666,21.1560001373291,72000,0.0,0.0,0.0
2023-12-29 00:00:00-05:00,21.100000381469727,21.209999084472656,21.100000381469727,21.170000076293945,62900,0.0,0.0,0.0
2024-01-02 00:00:00-05:00,21.06999969482422,21.110000610351562,20.799999237060547,20.895999908447266,139200,0.0,0.0,0.0
2024-01-03 00:00:00-05:00,20.760000228881836,20.80500030517578,20.68000030517578,20.71500015258789,22000,0.0,0.0,0.0
2024-01-04 00:00:00-05:00,20.670000076293945,20.739999771118164,20.639999389648438,20.645000457763672,6500,0.0,0.0,0.0
2024-01-05 00:00:00-05:00,20.649999618530273,20.780000686645508,20.600000381469727,20.673999786376953,71400,0.0,0.0,0.0
2024-01-08 00:00:00-05:00,20.770000457763672,21.051000595092773,20.770000457763672,21.051000595092773,83600,0.0,0.0,0.0
2024-01-09 00:00:00-05:00,20.915000915527344,21.079999923706055,20.915000915527344,21.0,16100,0.0,0.0,0.0
2024-01-10 00:00:00-05:00,21.06999969482422,21.229999542236328,21.040000915527344,21.209999084472656,35600,0.0,0.0,0.0
2024-01-11 00:00:00-05:00,21.290000915527344,21.290000915527344,21.084999084472656,21.215999603271484,1500,0.0,0.0,0.0
2024-01-12 00:00:00-05:00,21.239999771118164,21.280000686645508,21.209999084472656,21.25,30400,0.0,0.0,0.0
2024-01-16 00:00:00-05:00,21.219999313354492,21.270000457763672,21.165000915527344,21.229000091552734,3800,0.0,0.0,0.0
2024-01-17 00:00:00-05:00,21.020000457763672,21.15399932861328,21.020000457763672,21.15399932861328,5100,0.0,0.0,0.0
2024-01-18 00:00:00-05:00,21.31999969482422,21.399999618530273,21.25,21.399999618530273,6200,0.0,0.0,0.0
2024-01-19 00:00:00-05:00,21.510000228881836,21.690000534057617,21.447999954223633,21.639999389648438,5600,0.0,0.0,0.0
2024-01-22 00:00:00-05:00,21.739999771118164,21.739999771118164,21.700000762939453,21.711000442504883,2900,0.0,0.0,0.0
2024-01-23 00:00:00-05:00,21.770000457763672,21.780000686645508,21.690000534057617,21.767000198364258,2900,0.0,0.0,0.0
2024-01-24 00:00:00-05:00,21.860000610351562,21.950000762939453,21.81999969482422,21.81999969482422,7400,0.0,0.0,0.0
2024-01-25 00:00:00-05:00,21.959999084472656,21.959999084472656,21.77899932861328,21.815000534057617,29600,0.0,0.0,0.0
2024-01-26 00:00:00-05:00,21.780000686645508,21.81999969482422,21.719999313354492,21.790000915527344,4300,0.0,0.0,0.0
2024-01-29 00:00:00-05:00,21.761999130249023,21.920000076293945,21.761999130249023,21.920000076293945,3500,0.0,0.0,0.0
2024-01-30 00:00:00-05:00,21.8799991607666,21.8799991607666,21.760000228881836,21.829999923706055,7100,0.0,0.0,0.0
2024-01-31 00:00:00-05:00,21.56999969482422,21.739999771118164,21.510000228881836,21.510000228881836,9100,0.0,0.0,0.0
2024-02-01 00:00:00-05:00,21.639999389648438,21.739999771118164,21.610000610351562,21.68899917602539,10800,0.0,0.0,0.0
2024-02-02 00:00:00-05:00,21.850000381469727,21.959999084472656,21.780000686645508,21.8799991607666,15900,0.0,0.0,0.0
2024-02-05 00:00:00-05:00,21.969999313354492,21.969999313354492,21.860000610351562,21.8700008392334,14100,0.0,0.0,0.0
2024-02-06 00:00:00-05:00,21.8799991607666,21.899999618530273,21.770000457763672,21.860000610351562,22800,0.0,0.0,0.0
2024-02-07 00:00:00-05:00,22.049999237060547,22.06999969482422,21.979999542236328,22.059999465942383,98800,0.0,0.0,0.0
2024-02-08 00:00:00-05:00,22.079999923706055,22.079999923706055,22.040000915527344,22.079999923706055,17500,0.0,0.0,0.0
2024-02-09 00:00:00-05:00,22.149999618530273,22.200000762939453,22.12700080871582,22.139999389648438,9300,0.0,0.0,0.0
2024-02-12 00:00:00-05:00,22.15999984741211,22.25,22.100000381469727,22.1200008392334,6500,0.0,0.0,0.0
2024-02-13 00:00:00-05:00,21.940000534057617,21.988000869750977,21.809999465942383,21.850000381469727,11000,0.0,0.0,0.0
2024-02-14 00:00:00-05:00,22.020000457763672,22.06399917602539,21.94700050354004,22.06399917602539,10500,0.0,0.0,0.0
2024-02-15 00:00:00-05:00,22.0,22.1200008392334,22.0,22.1200008392334,9200,0.0,0.0,0.0
2024-02-16 00:00:00-05:00,22.059999465942383,22.059999465942383,21.961999893188477,21.961999893188477,4000,0.0,0.0,0.0
2024-02-20 00:00:00-05:00,21.959999084472656,21.959999084472656,21.790000915527344,21.899999618530273,20800,0.0,0.0,0.0
2024-02-21 00:00:00-05:00,21.81999969482422,21.836000442504883,21.714000701904297,21.836000442504883,3700,0.0,0.0,0.0
2024-02-22 00:00:00-05:00,22.190000534057617,22.270000457763672,22.190000534057617,22.2189998626709,9800,0.0,0.0,0.0
2024-02-23 00:00:00-05:00,22.20199966430664,22.246999740600586,22.15999984741211,22.200000762939453,6300,0.0,0.0,0.0
2024-02-26 00:00:00-05:00,22.239999771118164,22.239999771118164,22.235000610351562,22.235000610351562,29300,0.0,0.0,0.0
2024-02-27 00:00:00-05:00,22.18000030517578,22.280000686645508,22.18000030517578,22.280000686645508,10600,0.0,0.0,0.0
2024-02-28 00:00:00-05:00,22.239999771118164,22.239999771118164,22.17300033569336,22.209999084472656,2700,0.0,0.0,0.0
2024-02-29 00:00:00-05:00,22.209999084472656,22.34000015258789,22.209999084472656,22.34000015258789,9800,0.0,0.0,0.0
2024-03-01 00:00:00-05:00,22.440000534057617,22.489999771118164,22.440000534057617,22.459999084472656,3100,0.0,0.0,0.0
2024-03-04 00:00:00-05:00,22.489999771118164,22.489999771118164,22.360000610351562,22.391000747680664,25200,0.0,0.0,0.0
2024-03-05 00:00:00-05:00,22.260000228881836,22.260000228881836,22.110000610351562,22.145999908447266,2000,0.0,0.0,0.0
2024-03-06 00:00:00-05:00,22.31999969482422,22.31999969482422,22.232999801635742,22.232999801635742,9700,0.0,0.0,0.0
2024-03-07 00:00:00-05:00,22.389999389648438,22.420000076293945,22.34000015258789,22.398000717163086,8200,0.0,0.0,0.0
2024-03-08 00:00:00-05:00,22.43000030517578,22.43000030517578,22.200000762939453,22.200000762939453,6800,0.0,0.0,0.0
2024-03-11 00:00:00-04:00,22.15999984741211,22.200000762939453,22.110000610351562,22.15999984741211,6500,0.0,0.0,0.0
2024-03-12 00:00:00-04:00,22.270000457763672,22.3799991607666,22.270000457763672,22.37299919128418,2400,0.0,0.0,0.0
2024-03-13 00:00:00-04:00,22.290000915527344,22.31399917602539,22.270000457763672,22.273000717163086,1300,0.0,0.0,0.0
2024-03-14 00:00:00-04:00,22.31999969482422,22.31999969482422,22.19700050354004,22.20400047302246,4300,0.0,0.0,0.0
2024-03-15 00:00:00-04:00,22.110000610351562,22.110000610351562,22.079999923706055,22.086000442504883,1000,0.0,0.0,0.0
2024-03-18 00:00:00-04:00,22.260000228881836,22.309999465942383,22.229999542236328,22.229999542236328,13800,0.0,0.0,0.0
2024-03-19 00:00:00-04:00,22.1200008392334,22.270000457763672,22.1200008392334,22.268999099731445,2500,0.0,0.0,0.0
2024-03-20 00:00:00-04:00,22.290000915527344,22.459999084472656,22.229999542236328,22.459999084472656,12300,0.0,0.0,0.0
2024-03-21 00:00:00-04:00,22.559999465942383,22.559999465942383,22.450000762939453,22.489999771118164,8700,0.0,0.0,0.0
2024-03-22 00:00:00-04:00,22.489999771118164,22.540000915527344,22.489999771118164,22.540000915527344,300,0.0,0.0,0.0
2024-03-25 00:00:00-04:00,22.440000534057617,22.530000686645508,22.440000534057617,22.479000091552734,2400,0.0,0.0,0.0
2024-03-26 00:00:00-04:00,22.549999237060547,22.549999237060547,22.44499969482422,22.44499969482422,5300,0.0,0.0,0.0
2024-03-27 00:00:00-04:00,22.520000457763672,22.520000457763672,22.450000762939453,22.472999572753906,5900,0.0,0.0,0.0
2024-03-28 00:00:00-04:00,22.472999572753906,22.530000686645508,22.450000762939453,22.485000610351562,8900,0.0,0.0,0.0
2024-04-01 00:00:00-04:00,22.559999465942383,22.559999465942383,22.450000762939453,22.540000915527344,3100,0.0,0.0,0.0
2024-04-02 00:00:00-04:00,22.459999084472656,22.459999084472656,22.350000381469727,22.40999984741211,4700,0.0,0.0,0.0
2024-04-03 00:00:00-04:00,22.489999771118164,22.510000228881836,22.426000595092773,22.426000595092773,2000,0.0,0.0,0.0
2024-04-04 00:00:00-04:00,22.59000015258789,22.59000015258789,22.260000228881836,22.260000228881836,8500,0.0,0.0,0.0
2024-04-05 00:00:00-04:00,22.309999465942383,22.389999389648438,22.309999465942383,22.389999389648438,1100,0.0,0.0,0.0
2024-04-08 00:00:00-04:00,22.43000030517578,22.459999084472656,22.389999389648438,22.400999069213867,2100,0.0,0.0,0.0
2024-04-09 00:00:00-04:00,22.40999984741211,22.43899917602539,22.40999984741211,22.43899917602539,900,0.0,0.0,0.0
2024-04-10 00:00:00-04:00,22.299999237060547,22.3799991607666,22.299999237060547,22.3799991607666,5700,0.0,0.0,0.0
2024-04-11 00:00:00-04:00,22.329999923706055,22.549999237060547,22.31999969482422,22.530000686645508,4400,0.0,0.0,0.0
2024-04-12 00:00:00-04:00,22.35300064086914,22.399999618530273,22.209999084472656,22.28499984741211,6300,0.0,0.0,0.0
2024-04-15 00:00:00-04:00,22.280000686645508,22.290000915527344,22.010000228881836,22.069000244140625,6600,0.0,0.0,0.0
2024-04-16 00:00:00-04:00,22.086999893188477,22.086999893188477,22.086999893188477,22.086999893188477,300,0.0,0.0,0.0
2024-04-17 00:00:00-04:00,22.014999389648438,22.014999389648438,21.905000686645508,21.922000885009766,5300,0.0,0.0,0.0
2024-04-18 00:00:00-04:00,21.889999389648438,21.920000076293945,21.823999404907227,21.823999404907227,2000,0.0,0.0,0.0
2024-04-19 00:00:00-04:00,21.56999969482422,21.56999969482422,21.450000762939453,21.503999710083008,3700,0.0,0.0,0.0
2024-04-22 00:00:00-04:00,21.56999969482422,21.809999465942383,21.56999969482422,21.75,1400,0.0,0.0,0.0
2024-04-23 00:00:00-04:00,21.94499969482422,22.048999786376953,21.920000076293945,21.979999542236328,5000,0.0,0.0,0.0
2024-04-24 00:00:00-04:00,21.989999771118164,22.069000244140625,21.989999771118164,22.042999267578125,800,0.0,0.0,0.0
2024-04-25 00:00:00-04:00,21.756000518798828,21.979999542236328,21.756000518798828,21.94700050354004,600,0.0,0.0,0.0
2024-04-26 00:00:00-04:00,22.114999771118164,22.270000457763672,22.114999771118164,22.207000732421875,14700,0.0,0.0,0.0
2024-04-29 00:00:00-04:00,22.23200035095215,22.299999237060547,22.219999313354492,22.299999237060547,11200,0.0,0.0,0.0
2024-04-30 00:00:00-04:00,22.239999771118164,22.270000457763672,22.009000778198242,22.009000778198242,4700,0.0,0.0,0.0
2024-05-01 00:00:00-04:00,21.90999984741211,21.959999084472656,21.90999984741211,21.91699981689453,900,0.0,0.0,0.0
2024-05-02 00:00:00-04:00,21.850000381469727,22.1299991607666,21.850000381469727,22.08300018310547,4300,0.0,0.0,0.0
2024-05-03 00:00:00-04:00,22.440000534057617,22.450000762939453,22.40999984741211,22.413999557495117,22200,0.0,0.0,0.0
2024-05-06 00:00:00-04:00,22.510000228881836,22.569000244140625,22.5,22.569000244140625,1400,0.0,0.0,0.0
2024-05-07 00:00:00-04:00,22.600000381469727,22.679000854492188,22.559999465942383,22.611000061035156,4300,0.0,0.0,0.0
2024-05-08 00:00:00-04:00,22.530000686645508,22.617000579833984,22.530000686645508,22.617000579833984,7600,0.0,0.0,0.0
2024-05-09 00:00:00-04:00,22.56999969482422,22.652000427246094,22.56800079345703,22.652000427246094,3700,0.0,0.0,0.0
2024-05-10 00:00:00-04:00,22.69099998474121,22.739999771118164,22.65999984741211,22.709999084472656,4300,0.0,0.0,0.0
2024-05-13 00:00:00-04:00,22.711000442504883,22.770000457763672,22.700000762939453,22.732999801635742,4700,0.0,0.0,0.0
2024-05-14 00:00:00-04:00,22.753999710083008,22.84000015258789,22.719999313354492,22.84000015258789,10800,0.0,0.0,0.0
2024-05-15 00:00:00-04:00,23.030000686645508,23.06999969482422,23.030000686645508,23.040000915527344,3900,0.0,0.0,0.0
2024-05-16 00:00:00-04:00,23.040000915527344,23.089000701904297,23.017000198364258,23.017000198364258,5400,0.0,0.0,0.0
2024-05-17 00:00:00-04:00,23.024999618530273,23.049999237060547,22.979999542236328,23.020000457763672,2100,0.0,0.0,0.0
2024-05-20 00:00:00-04:00,23.121999740600586,23.125999450683594,23.106000900268555,23.106000900268555,700,0.0,0.0,0.0
2024-05-21 00:00:00-04:00,23.149999618530273,23.170000076293945,23.110000610351562,23.139999389648438,7700,0.0,0.0,0.0
2024-05-22 00:00:00-04:00,23.149999618530273,23.149999618530273,23.117000579833984,23.117000579833984,300,0.0,0.0,0.0
2024-05-23 00:00:00-04:00,23.089000701904297,23.089000701904297,23.089000701904297,23.089000701904297,100,0.0,0.0,0.0
2024-05-24 00:00:00-04:00,23.110000610351562,23.219999313354492,23.100000381469727,23.219999313354492,1400,0.0,0.0,0.0
2024-05-28 00:00:00-04:00,23.290000915527344,23.290000915527344,23.232999801635742,23.232999801635742,5000,0.0,0.0,0.0
2024-05-29 00:00:00-04:00,23.215999603271484,23.229999542236328,23.15999984741211,23.15999984741211,3700,0.0,0.0,0.0
2024-05-30 00:00:00-04:00,23.15999984741211,23.15999984741211,23.049999237060547,23.06399917602539,4200,0.0,0.0,0.0
2024-05-31 00:00:00-04:00,22.920000076293945,23.06599998474121,22.84000015258789,23.06599998474121,27500,0.0,0.0,0.0
2024-06-03 00:00:00-04:00,23.049999237060547,23.108999252319336,23.024999618530273,23.101999282836914,1300,0.0,0.0,0.0
2024-06-04 00:00:00-04:00,23.084999084472656,23.190000534057617,23.084999084472656,23.149999618530273,700,0.0,0.0,0.0
2024-06-05 00:00:00-04:00,23.290000915527344,23.360000610351562,23.290000915527344,23.347999572753906,19400,0.0,0.0,0.0
2024-06-06 00:00:00-04:00,23.354999542236328,23.3799991607666,23.31999969482422,23.35099983215332,1700,0.0,0.0,0.0
2024-06-07 00:00:00-04:00,23.363000869750977,23.399999618530273,23.358999252319336,23.358999252319336,1300,0.0,0.0,0.0
2024-06-10 00:00:00-04:00,23.399999618530273,23.399999618530273,23.38599967956543,23.38599967956543,400,0.0,0.0,0.0
2024-06-11 00:00:00-04:00,23.43000030517578,23.469999313354492,23.420000076293945,23.451000213623047,13600,0.0,0.0,0.0
2024-06-12 00:00:00-04:00,23.6299991607666,23.649999618530273,23.56999969482422,23.60300064086914,2600,0.0,0.0,0.0
2024-06-13 00:00:00-04:00,23.59000015258789,23.65999984741211,23.59000015258789,23.636999130249023,2200,0.0,0.0,0.0
2024-06-14 00:00:00-04:00,23.65999984741211,23.65999984741211,23.639999389648438,23.639999389648438,200,0.0,0.0,0.0
2024-06-17 00:00:00-04:00,23.68000030517578,23.729999542236328,23.670000076293945,23.715999603271484,2300,0.0,0.0,0.0
2024-06-18 00:00:00-04:00,23.75,23.760000228881836,23.700000762939453,23.700000762939453,4400,0.0,0.0,0.0
2024-06-20 00:00:00-04:00,23.700000762939453,23.75,23.6299991607666,23.69499969482422,10900,0.0,0.0,0.0
2024-06-21 00:00:00-04:00,23.68600082397461,23.690000534057617,23.656999588012695,23.656999588012695,3400,0.0,0.0,0.0
2024-06-24 00:00:00-04:00,23.655000686645508,23.690000534057617,23.583999633789062,23.583999633789062,10300,0.0,0.0,0.0
2024-06-25 00:00:00-04:00,23.65999984741211,23.69700050354004,23.625,23.69700050354004,42500,0.0,0.0,0.0
2024-06-26 00:00:00-04:00,23.729999542236328,23.729999542236328,23.670000076293945,23.722999572753906,16800,0.0,0.0,0.0
2024-06-27 00:00:00-04:00,23.729999542236328,23.780000686645508,23.690000534057617,23.700000762939453,6500,0.0,0.0,0.0
2024-06-28 00:00:00-04:00,23.802000045776367,23.802000045776367,23.700000762939453,23.716999053955078,2900,0.0,0.0,0.0
2024-07-01 00:00:00-04:00,23.729999542236328,23.78700065612793,23.729999542236328,23.78700065612793,1700,0.0,0.0,0.0
2024-07-02 00:00:00-04:00,23.770000457763672,23.861000061035156,23.770000457763672,23.851999282836914,20900,0.0,0.0,0.0
2024-07-03 00:00:00-04:00,23.895000457763672,23.895000457763672,23.895000457763672,23.895000457763672,100,0.0,0.0,0.0
2024-07-05 00:00:00-04:00,23.906999588012695,23.979999542236328,23.906999588012695,23.95599937438965,15600,0.0,0.0,0.0
2024-07-08 00:00:00-04:00,23.940000534057617,23.968000411987305,23.93000030517578,23.968000411987305,9700,0.0,0.0,0.0
2024-07-09 00:00:00-04:00,23.959999084472656,23.992000579833984,23.950000762939453,23.961000442504883,4700,0.0,0.0,0.0
2024-07-10 00:00:00-04:00,23.969999313354492,23.989999771118164,23.969999313354492,23.985000610351562,11600,0.0,0.0,0.0
2024-07-11 00:00:00-04:00,23.989999771118164,23.989999771118164,23.89900016784668,23.89900016784668,30800,0.0,0.0,0.0
2024-07-12 00:00:00-04:00,23.959999084472656,23.989999771118164,23.93000030517578,23.952999114990234,7100,0.0,0.0,0.0
2024-07-15 00:00:00-04:00,23.969999313354492,23.969999313354492,23.93000030517578,23.94300079345703,6700,0.0,0.0,0.0
2024-07-16 00:00:00-04:00,23.940000534057617,23.972999572753906,23.920000076293945,23.972999572753906,13300,0.0,0.0,0.0
2024-07-17 00:00:00-04:00,23.8439998626709,23.850000381469727,23.75,23.75,36500,0.0,0.0,0.0
2024-07-18 00:00:00-04:00,23.815000534057617,23.84000015258789,23.65999984741211,23.700000762939453,13000,0.0,0.0,0.0
2024-07-19 00:00:00-04:00,23.639999389648438,23.709999084472656,23.639999389648438,23.655000686645508,1900,0.0,0.0,0.0
2024-07-22 00:00:00-04:00,23.7450008392334,23.823999404907227,23.7450008392334,23.812000274658203,3600,0.0,0.0,0.0
2024-07-23 00:00:00-04:00,23.809999465942383,23.832000732421875,23.790000915527344,23.79199981689453,8700,0.0,0.0,0.0
2024-07-24 00:00:00-04:00,23.6200008392334,23.6200008392334,23.399999618530273,23.42799949645996,13800,0.0,0.0,0.0
2024-07-25 00:00:00-04:00,23.389999389648438,23.533000946044922,23.329999923706055,23.329999923706055,5200,0.0,0.0,0.0
2024-07-26 00:00:00-04:00,23.489999771118164,23.506000518798828,23.360000610351562,23.413000106811523,9100,0.0,0.0,0.0
2024-07-29 00:00:00-04:00,23.549999237060547,23.549999237060547,23.496999740600586,23.496999740600586,1000,0.0,0.0,0.0
2024-07-30 00:00:00-04:00,23.540000915527344,23.540000915527344,23.309999465942383,23.351999282836914,3700,0.0,0.0,0.0
2024-07-31 00:00:00-04:00,23.628000259399414,23.719999313354492,23.628000259399414,23.66200065612793,62600,0.0,0.0,0.0
2024-08-01 00:00:00-04:00,23.4689998626709,23.4689998626709,23.299999237060547,23.35300064086914,1700,0.0,0.0,0.0
2024-08-02 00:00:00-04:00,23.15999984741211,23.170000076293945,22.860000610351562,22.95199966430664,5900,0.0,0.0,0.0
2024-08-05 00:00:00-04:00,21.639999389648438,22.6200008392334,21.639999389648438,22.299999237060547,28900,0.0,0.0,0.0
2024-08-06 00:00:00-04:00,22.479999542236328,22.799999237060547,22.459999084472656,22.71299934387207,17100,0.0,0.0,0.0
2024-08-07 00:00:00-04:00,23.020000457763672,23.020000457763672,22.540000915527344,22.540000915527344,7100,0.0,0.0,0.0
2024-08-08 00:00:00-04:00,22.81999969482422,23.049999237060547,22.81999969482422,22.972999572753906,7700,0.0,0.0,0.0
2024-08-09 00:00:00-04:00,23.15999984741211,23.190000534057617,23.143999099731445,23.143999099731445,3300,0.0,0.0,0.0
2024-08-12 00:00:00-04:00,23.139999389648438,23.280000686645508,23.139999389648438,23.18899917602539,1400,0.0,0.0,0.0
2024-08-13 00:00:00-04:00,23.375,23.520999908447266,23.375,23.520999908447266,1800,0.0,0.0,0.0
2024-08-14 00:00:00-04:00,23.59000015258789,23.621999740600586,23.559999465942383,23.614999771118164,8800,0.0,0.0,0.0
2024-08-15 00:00:00-04:00,23.780000686645508,23.8799991607666,23.780000686645508,23.847999572753906,2300,0.0,0.0,0.0
2024-08-16 00:00:00-04:00,23.832000732421875,23.920000076293945,23.832000732421875,23.881000518798828,1500,0.0,0.0,0.0
2024-08-19 00:00:00-04:00,23.889999389648438,23.98900032043457,23.889999389648438,23.98900032043457,7700,0.0,0.0,0.0
2024-08-20 00:00:00-04:00,23.969999313354492,24.0,23.96500015258789,23.9689998626709,4000,0.0,0.0,0.0
2024-08-21 00:00:00-04:00,23.989999771118164,24.0,23.969999313354492,23.969999313354492,14400,0.0,0.0,0.0
2024-08-22 00:00:00-04:00,24.0,24.0,23.832000732421875,23.832000732421875,6600,0.0,0.0,0.0
2024-08-23 00:00:00-04:00,23.96500015258789,23.989999771118164,23.96500015258789,23.989999771118164,200,0.0,0.0,0.0
2024-08-26 00:00:00-04:00,23.940000534057617,23.940000534057617,23.917999267578125,23.917999267578125,2000,0.0,0.0,0.0
2024-08-27 00:00:00-04:00,23.989999771118164,24.0,23.961000442504883,23.961000442504883,2400,0.0,0.0,0.0
2024-08-28 00:00:00-04:00,23.860000610351562,23.889999389648438,23.860000610351562,23.867000579833984,3100,0.0,0.0,0.0
2024-08-29 00:00:00-04:00,23.975000381469727,23.975000381469727,23.886999130249023,23.886999130249023,1700,0.0,0.0,0.0
2024-08-30 00:00:00-04:00,23.969999313354492,24.0,23.93000030517578,24.0,8200,0.0,0.0,0.0
