Date,Open,High,Low,Close,Volume,Dividends,Stock Splits
2007-12-28 00:00:00+09:00,275.82361150643385,275.82361150643385,271.47991943359375,271.47991943359375,4200,0.0,0.0
2008-01-04 00:00:00+09:00,271.47991943359375,271.47991943359375,271.47991943359375,271.47991943359375,0,0.0,0.0
2008-01-07 00:00:00+09:00,245.417830400902,260.6207118890224,245.417830400902,254.10519409179688,4200,0.0,0.0
2008-01-08 00:00:00+09:00,258.4488674430983,258.4488674430983,249.7615235873222,251.933349609375,3000,0.0,0.0
2008-01-09 00:00:00+09:00,258.4488830566406,258.4488830566406,258.4488830566406,258.4488830566406,2700,0.0,0.0
2008-01-10 00:00:00+09:00,260.6207133489336,260.6207133489336,249.7615235873222,251.933349609375,3300,0.0,0.0
2008-01-11 00:00:00+09:00,249.76149216857624,249.76149216857624,245.41780090332034,245.4178009033203,4800,0.0,0.0
2008-01-15 00:00:00+09:00,249.7615715390828,251.9333979781049,208.49661070844164,210.66845703125,11400,0.0,0.0
2008-01-16 00:00:00+09:00,188.95004115153833,199.80923229093978,188.95004115153833,189.60159301757812,35700,0.0,0.0
2008-01-17 00:00:00+09:00,191.33905364056346,191.33905364056346,184.82353512971812,185.0407257080078,15600,0.0,0.0
2008-01-18 00:00:00+09:00,184.60635530143045,190.0359405359719,184.60635530143045,188.9500274658203,8100,0.0,0.0
2008-01-21 00:00:00+09:00,189.1672226641674,190.03594518804155,186.77818601405352,186.99537658691406,14400,0.0,0.0
2008-01-22 00:00:00+09:00,184.60631177195725,184.60631177195725,167.66596847638735,168.31752014160156,15300,0.0,0.0
2008-01-23 00:00:00+09:00,170.70656503361764,181.78294520755463,170.70656503361764,181.1313934326172,12000,0.0,0.0
2008-01-24 00:00:00+09:00,181.13138915543897,188.95001027006225,181.13138915543897,184.60633850097656,33900,0.0,0.0
2008-01-25 00:00:00+09:00,184.82352598519063,195.46554565429688,184.82352598519063,195.46554565429688,42300,0.0,0.0
2008-01-28 00:00:00+09:00,201.9810653256025,217.18394783825315,201.9810653256025,207.84503173828125,26100,0.0,0.0
2008-01-29 00:00:00+09:00,207.84499112711603,219.35573113423348,204.15287147587756,210.88555908203125,37800,0.0,0.0
2008-01-30 00:00:00+09:00,206.7591038170435,215.01208636263124,206.32472270995103,212.84024047851562,6300,0.0,0.0
2008-01-31 00:00:00+09:00,210.88562774488045,210.88562774488045,199.8092453009945,210.66845703125,11100,0.0,0.0
2008-02-01 00:00:00+09:00,215.01213073730472,215.01213073730472,215.01213073730472,215.0121307373047,3300,0.0,0.0
2008-02-04 00:00:00+09:00,206.32470608638323,206.54189662243044,199.80918884277344,199.80918884277344,16500,0.0,0.0
2008-02-05 00:00:00+09:00,197.63735796083753,197.85452860754773,196.5514251921659,196.76861572265625,6900,0.0,0.0
2008-02-06 00:00:00+09:00,192.20780307175662,192.20780307175662,177.43930053710938,177.43930053710938,17400,0.0,0.0
2008-02-07 00:00:00+09:00,177.43926918345355,178.09082094314334,167.88316345214844,167.88316345214844,18900,0.0,0.0
2008-02-08 00:00:00+09:00,168.75190892132713,173.74713254461022,168.31754770132315,169.6206512451172,24300,0.0,0.0
2008-02-12 00:00:00+09:00,173.9643636223014,173.9643636223014,170.2722426827158,170.70660400390625,18900,0.0,0.0
2008-02-13 00:00:00+09:00,192.42494201660156,192.42494201660156,192.42494201660156,192.42494201660156,86400,0.0,0.0
2008-02-14 00:00:00+09:00,192.42497712760232,195.8999069056008,188.29847564697266,195.46554565429688,157800,0.0,0.0
2008-02-15 00:00:00+09:00,194.16242988874566,196.3342757771736,193.293687556618,195.68272399902344,28200,0.0,0.0
2008-02-18 00:00:00+09:00,195.68270283776477,198.723270845729,195.68270283776477,196.76861572265625,27300,0.0,0.0
2008-02-19 00:00:00+09:00,198.94046131853477,205.4559783935547,198.94046131853477,205.4559783935547,33600,0.0,0.0
2008-02-20 00:00:00+09:00,216.3151871241703,228.04311895620364,215.01208358727771,217.18392944335938,48600,0.0,0.0
2008-02-21 00:00:00+09:00,217.18392934082385,217.18392934082385,206.7591010506048,215.66363525390625,41100,0.0,0.0
2008-02-22 00:00:00+09:00,216.0980293633893,225.87130737304688,216.0980293633893,225.87130737304688,17700,0.0,0.0
2008-02-25 00:00:00+09:00,230.2149534778531,241.0741424560547,228.04310772870036,241.0741424560547,21000,0.0,0.0
2008-02-26 00:00:00+09:00,247.5896453188711,251.93331667899486,234.55861135472,238.90228271484375,15900,0.0,0.0
2008-02-27 00:00:00+09:00,243.24597395874736,243.24597395874736,228.04309437264445,238.90228271484375,12000,0.0,0.0
2008-02-28 00:00:00+09:00,236.7304571002133,256.2770080566406,232.38676585404286,256.2770080566406,33300,0.0,0.0
2008-02-29 00:00:00+09:00,260.62070100203806,299.71380615234375,260.62070100203806,299.71380615234375,235200,0.0,0.0
2008-03-03 00:00:00+09:00,286.68274537589855,321.43217568575227,277.99538282749023,310.5729675292969,220200,0.0,0.0
2008-03-04 00:00:00+09:00,306.2293410432944,314.9167048639396,295.370151180325,304.0574951171875,116100,0.0,0.0
2008-03-05 00:00:00+09:00,301.88565329508793,301.88565329508793,295.37013574112046,297.5419616699219,56700,0.0,0.0
2008-03-06 00:00:00+09:00,288.85461818715294,297.5419616699219,282.33910063318547,297.5419616699219,58800,0.0,0.0
2008-03-07 00:00:00+09:00,295.37013574112046,297.5419616699219,284.5109265619869,297.5419616699219,72300,0.0,0.0
2008-03-10 00:00:00+09:00,297.54197372184933,301.88566552295646,293.19830180452453,295.3701477050781,139800,0.0,0.0
2008-03-11 00:00:00+09:00,288.85461818715294,308.40117084905546,286.68277237456994,297.5419616699219,116100,0.0,0.0
2008-03-12 00:00:00+09:00,299.7138217357879,306.2293395996094,299.7138217357879,306.2293395996094,21300,0.0,0.0
2008-03-13 00:00:00+09:00,301.8856662484938,310.57301010402205,301.8856662484938,308.40118408203125,34200,0.0,0.0
2008-03-14 00:00:00+09:00,323.604066382963,334.4632568359375,321.43224022263837,334.4632568359375,75000,0.0,0.0
2008-03-17 00:00:00+09:00,332.29134925925575,345.32238256354026,323.60398709513976,336.6350402832031,63600,0.0,0.0
2008-03-18 00:00:00+09:00,325.77586146636423,330.1195329913222,301.88563825342436,321.43218994140625,42900,0.0,0.0
2008-03-19 00:00:00+09:00,323.6040782596076,336.635135118729,317.08855977193906,332.29144287109375,51300,0.0,0.0
2008-03-21 00:00:00+09:00,321.4322262044193,364.8690060057473,312.7448622906405,354.0097961425781,92100,0.0,0.0
2008-03-24 00:00:00+09:00,354.00978231930213,380.071853159191,354.00978231930213,373.55633544921875,56700,0.0,0.0
2008-03-25 00:00:00+09:00,380.0718810719438,393.1029174488969,369.2127106028609,390.93109130859375,63300,0.0,0.0
2008-03-26 00:00:00+09:00,399.6184232601109,399.6184232601109,386.58738728676417,393.1029052734375,20700,0.0,0.0
2008-03-27 00:00:00+09:00,388.7591857910156,393.10283718473045,377.8999777716106,388.7591857910156,25800,0.0,0.0
2008-03-28 00:00:00+09:00,371.38446091347936,388.7591857910156,371.38446091347936,388.7591857910156,32400,0.0,0.0
2008-03-31 00:00:00+09:00,388.7593085226292,410.4776916503906,388.7593085226292,410.4776916503906,58500,0.0,0.0
2008-04-01 00:00:00+09:00,410.47763431039584,432.19601440429693,410.47763431039584,432.1960144042969,66900,0.0,0.0
2008-04-02 00:00:00+09:00,447.3988529392019,453.9143700219691,445.22698739990597,449.5706787109375,87300,0.0,0.0
2008-04-03 00:00:00+09:00,453.9144440133586,466.9454803030477,453.9144440133586,460.4299621582031,89700,0.0,0.0
2008-04-04 00:00:00+09:00,456.08615062275874,456.08615062275874,397.4465026855469,397.4465026855469,86100,0.0,0.0
2008-04-07 00:00:00+09:00,380.07185657707913,436.53969049382704,380.07185657707913,425.68048095703125,79500,0.0,0.0
2008-04-08 00:00:00+09:00,412.6495289419541,469.1173742880385,412.6495289419541,464.773681640625,110400,0.0,0.0
2008-04-09 00:00:00+09:00,469.11724604007134,473.46093749999994,453.9143855816637,473.4609375,87600,0.0,0.0
2008-04-10 00:00:00+09:00,456.08625814948283,466.9454680279448,453.9144320808167,462.6017761230469,50700,0.0,0.0
2008-04-11 00:00:00+09:00,466.94546508789057,471.2891171978736,460.4299471553506,466.9454650878906,57900,0.0,0.0
2008-04-14 00:00:00+09:00,453.914416680799,456.08624267578125,449.57072492327006,456.08624267578125,35400,0.0,0.0
2008-04-15 00:00:00+09:00,458.2580802687028,458.2580802687028,425.68049068164896,440.8833923339844,17700,0.0,0.0
2008-04-16 00:00:00+09:00,432.196086025183,432.196086025183,401.79035680858357,421.3369140625,45900,0.0,0.0
2008-04-17 00:00:00+09:00,427.8523412022558,440.8833765711817,427.8523412022558,434.36785888671875,31800,0.0,0.0
2008-04-18 00:00:00+09:00,425.6804597796047,445.22701211286557,425.6804597796047,427.8523254394531,20100,0.0,0.0
2008-04-21 00:00:00+09:00,427.8523412022558,434.36785888671875,425.68047546239217,434.36785888671875,23100,0.0,0.0
2008-04-22 00:00:00+09:00,434.3679861867055,440.8835057806682,430.02429320153846,438.7116394042969,39900,0.0,0.0
2008-04-23 00:00:00+09:00,434.36788025098315,443.0552243350304,430.02418832517657,432.1960144042969,13800,0.0,0.0
2008-04-24 00:00:00+09:00,434.36781662169886,434.36781662169886,412.64939994169987,419.1649169921875,30000,0.0,0.0
2008-04-25 00:00:00+09:00,416.9931371881333,425.68048095703125,414.82131118779995,425.68048095703125,21000,0.0,0.0
2008-04-28 00:00:00+09:00,419.16491699218756,430.02412533218705,416.9930912312117,419.1649169921875,5700,0.0,0.0
2008-04-30 00:00:00+09:00,419.1649190688371,449.5706787109375,419.1649190688371,449.5706787109375,68100,0.0,0.0
2008-05-01 00:00:00+09:00,449.57074233995735,451.74256841907766,430.02418832517657,432.1960144042969,23700,0.0,0.0
2008-05-02 00:00:00+09:00,440.8833961336886,464.77360219171294,440.8833961336886,462.6017761230469,53700,0.0,0.0
2008-05-07 00:00:00+09:00,479.9764548061121,479.9764548061121,451.7425199679185,473.4609375,23400,0.0,0.0
2008-05-08 00:00:00+09:00,469.11723462484593,471.28906041818146,451.74250897547955,458.2580261230469,19200,0.0,0.0
2008-05-09 00:00:00+09:00,458.25814243524337,462.6018348919638,453.9144897460937,453.91448974609375,6600,0.0,0.0
2008-05-12 00:00:00+09:00,464.7735702100372,488.66381439170834,464.7735702100372,479.9764709472656,37800,0.0,0.0
2008-05-13 00:00:00+09:00,488.66389425177323,506.03862374769284,486.4920679776219,495.1794128417969,68400,0.0,0.0
2008-05-14 00:00:00+09:00,499.5230111377691,503.86666286851255,471.28907605012677,482.1482849121094,15600,0.0,0.0
2008-05-15 00:00:00+09:00,471.2891540527344,479.9765384871858,458.2581171686259,471.2891540527344,29400,0.0,0.0
2008-05-16 00:00:00+09:00,479.9764548061121,479.9764548061121,464.77355458014273,473.4609375,7800,0.0,0.0
2008-05-19 00:00:00+09:00,464.77358642327465,466.9454521858213,451.74255091825233,456.08624267578125,26700,0.0,0.0
2008-05-20 00:00:00+09:00,460.4299831610231,471.2891540527344,460.4299831610231,471.2891540527344,30300,0.0,0.0
2008-05-21 00:00:00+09:00,466.945547848118,466.945547848118,460.4300287607842,464.773681640625,18600,0.0,0.0
2008-05-22 00:00:00+09:00,464.7735896129018,508.21038818359375,464.7735896129018,508.21038818359375,49800,0.0,0.0
2008-05-23 00:00:00+09:00,508.21042158716847,542.9598388671875,503.86672951432837,542.9598388671875,136200,0.0,0.0
2008-05-26 00:00:00+09:00,551.6472230128677,551.6472230128677,521.2414580381216,542.9598388671875,50700,0.0,0.0
2008-05-27 00:00:00+09:00,542.9598327490847,551.647216796875,525.5851441886379,551.647216796875,35100,0.0,0.0
2008-05-28 00:00:00+09:00,551.6472230128677,551.6472230128677,532.1006683364382,542.9598388671875,47100,0.0,0.0
2008-05-29 00:00:00+09:00,538.6160935835243,538.6160935835243,529.9287109375,529.9287109375,21000,0.0,0.0
2008-05-30 00:00:00+09:00,525.5851892965641,540.7880530336204,516.897804503186,532.1007080078125,22500,0.0,0.0
2008-06-02 00:00:00+09:00,540.7880530336204,545.1317454303094,532.1007080078125,532.1007080078125,12300,0.0,0.0
2008-06-03 00:00:00+09:00,527.756985645834,527.756985645834,503.86673847185386,519.0696411132812,21000,0.0,0.0
2008-06-04 00:00:00+09:00,521.2414237780448,521.2414237780448,508.21038818359375,508.21038818359375,21000,0.0,0.0
2008-06-05 00:00:00+09:00,503.8666927599107,506.03855852168823,490.83565725950297,499.5230407714844,16500,0.0,0.0
2008-06-06 00:00:00+09:00,495.17945963541666,497.35128611480195,488.6639404296875,488.6639404296875,15600,0.0,0.0
2008-06-09 00:00:00+09:00,471.28904844761195,490.8355993938386,469.11722270944,477.8045654296875,44400,0.0,0.0
2008-06-10 00:00:00+09:00,469.11729409661086,473.46098600150884,458.2580842181489,462.6017761230469,35400,0.0,0.0
2008-06-11 00:00:00+09:00,456.08629094379734,473.46102004513153,456.08629094379734,471.2891540527344,24600,0.0,0.0
2008-06-12 00:00:00+09:00,471.2891540527344,471.2891540527344,464.7736356106801,471.2891540527344,16200,0.0,0.0
2008-06-13 00:00:00+09:00,477.80465069941073,477.80465069941073,432.196023685499,460.4299621582031,25800,0.0,0.0
2008-06-16 00:00:00+09:00,456.08624267578125,460.42993443331017,447.39889892828785,456.08624267578125,16200,0.0,0.0
2008-06-17 00:00:00+09:00,443.05520717075893,458.2580686707635,443.05520717075893,456.08624267578125,18000,0.0,0.0
2008-06-18 00:00:00+09:00,453.9144897460937,456.0863160906685,449.5707972893733,453.91448974609375,10500,0.0,0.0
2008-06-19 00:00:00+09:00,453.914416680799,456.08624267578125,447.39889892828785,456.08624267578125,10200,0.0,0.0
2008-06-20 00:00:00+09:00,456.08624267578125,456.08624267578125,443.05520717075893,456.08624267578125,7500,0.0,0.0
2008-06-23 00:00:00+09:00,451.7426236339481,456.0863160906685,438.71158603135757,453.91448974609375,14100,0.0,0.0
2008-06-24 00:00:00+09:00,453.9144808155088,453.9144808155088,449.5707884442487,451.74261474609375,7500,0.0,0.0
2008-06-25 00:00:00+09:00,443.05528543776455,449.5708043412611,438.71159291290974,445.22711181640625,15600,0.0,0.0
2008-06-26 00:00:00+09:00,438.7116394042969,443.0553323894639,427.8524665927428,438.7116394042969,17100,0.0,0.0
2008-06-27 00:00:00+09:00,427.8523412022558,434.36785888671875,419.1649577779292,434.36785888671875,24600,0.0,0.0
2008-06-30 00:00:00+09:00,423.5086364746094,434.36784553750493,412.6494274117139,423.5086364746094,11100,0.0,0.0
2008-07-01 00:00:00+09:00,432.1959510931629,432.1959510931629,419.16491699218756,419.1649169921875,6600,0.0,0.0
2008-07-02 00:00:00+09:00,425.68055586306644,425.68055586306644,410.4776916503906,410.4776916503906,13200,0.0,0.0
2008-07-03 00:00:00+09:00,412.64936111712007,412.64936111712007,390.9309862480789,397.4465026855469,24300,0.0,0.0
2008-07-04 00:00:00+09:00,388.7592989579698,395.2748177127539,369.21274269361777,386.5874328613281,55200,0.0,0.0
2008-07-07 00:00:00+09:00,386.58733441331975,386.58733441331975,380.0718173177719,382.2436828613281,21600,0.0,0.0
2008-07-08 00:00:00+09:00,375.7282287913375,377.9000549316406,373.5563628834672,377.9000549316406,15900,0.0,0.0
2008-07-09 00:00:00+09:00,380.0718464827765,380.0718464827765,369.2126770019531,369.2126770019531,11400,0.0,0.0
2008-07-10 00:00:00+09:00,369.2126825075442,369.2126825075442,360.5252990722656,360.5252990722656,15300,0.0,0.0
2008-07-11 00:00:00+09:00,364.8690153961548,369.2127074067265,351.8379791320064,356.1816711425781,30600,0.0,0.0
2008-07-14 00:00:00+09:00,360.5253141069665,360.5253141069665,354.0097961425781,354.0097961425781,17700,0.0,0.0
2008-07-15 00:00:00+09:00,358.3534502926105,358.3534502926105,347.4942415733442,349.6661071777344,22800,0.0,0.0
2008-07-16 00:00:00+09:00,347.49430882216603,347.49430882216603,340.9787902832031,340.9787902832031,37800,0.0,0.0
2008-07-17 00:00:00+09:00,343.1505923604874,345.3224182128906,334.46320941575084,345.3224182128906,76500,0.0,0.0
2008-07-18 00:00:00+09:00,358.3535035458948,358.3535035458948,343.15064089374295,347.4942932128906,26400,0.0,0.0
2008-07-22 00:00:00+09:00,347.27710719953944,347.27710719953944,345.3224518119248,347.0599365234375,2100,0.0,0.0
2008-07-23 00:00:00+09:00,347.05995184151635,347.4942932128906,340.97877496660163,347.4942932128906,15600,0.0,0.0
2008-07-24 00:00:00+09:00,347.71150366614523,348.5802261764613,347.4942932128906,347.4942932128906,21000,0.0,0.0
2008-07-25 00:00:00+09:00,347.7114807196507,347.7114807196507,346.4083771563885,347.277099609375,16200,0.0,0.0
2008-07-28 00:00:00+09:00,347.4942701372794,347.71148057611,343.1506181065751,344.23651123046875,6600,0.0,0.0
2008-07-29 00:00:00+09:00,344.23651123046875,344.23651123046875,344.23651123046875,344.23651123046875,0,0.0,0.0
2008-07-30 00:00:00+09:00,344.23651123046875,344.23651123046875,344.23651123046875,344.23651123046875,0,0.0,0.0
2008-07-31 00:00:00+09:00,344.23651123046875,344.23651123046875,344.23651123046875,344.23651123046875,0,0.0,0.0
2008-08-01 00:00:00+09:00,344.23651123046875,344.23651123046875,344.23651123046875,344.23651123046875,0,0.0,0.0
2008-08-04 00:00:00+09:00,344.23651123046875,344.23651123046875,344.23651123046875,344.23651123046875,0,0.0,0.0
2008-08-05 00:00:00+09:00,344.23651123046875,344.23651123046875,344.23651123046875,344.23651123046875,0,0.0,0.0
2008-08-06 00:00:00+09:00,344.23651123046875,344.23651123046875,344.23651123046875,344.23651123046875,0,0.0,0.0
2008-08-07 00:00:00+09:00,344.23651123046875,344.23651123046875,344.23651123046875,344.23651123046875,0,0.0,0.0
2008-08-08 00:00:00+09:00,344.23651123046875,344.23651123046875,344.23651123046875,344.23651123046875,0,0.0,0.0
2008-08-11 00:00:00+09:00,344.23651123046875,344.23651123046875,344.23651123046875,344.23651123046875,0,0.0,0.0
2008-08-12 00:00:00+09:00,344.23651123046875,344.23651123046875,344.23651123046875,344.23651123046875,0,0.0,0.0
2008-08-13 00:00:00+09:00,344.23651123046875,344.23651123046875,344.23651123046875,344.23651123046875,0,0.0,0.0
2008-08-14 00:00:00+09:00,344.23651123046875,344.23651123046875,344.23651123046875,344.23651123046875,0,0.0,0.0
2008-08-15 00:00:00+09:00,344.23651123046875,344.23651123046875,344.23651123046875,344.23651123046875,0,0.0,0.0
2008-08-18 00:00:00+09:00,378.98601376619285,380.0719070267156,378.98601376619285,379.854736328125,1800,0.0,0.0
2008-08-19 00:00:00+09:00,377.90007362903003,377.90007362903003,369.4298995649311,370.0814514160156,4500,0.0,0.0
2008-08-20 00:00:00+09:00,370.08144381191016,370.2986145019531,369.42989197421315,370.2986145019531,2400,0.0,0.0
2008-08-21 00:00:00+09:00,389.84514628010083,393.10290527343756,386.58738728676417,393.1029052734375,16800,0.0,0.0
2008-08-22 00:00:00+09:00,390.93109130859375,390.93109130859375,384.4155731201172,390.93109130859375,12000,0.0,0.0
2008-08-25 00:00:00+09:00,397.4466094970703,397.4466094970703,390.93109130859375,390.93109130859375,4200,0.0,0.0
2008-08-26 00:00:00+09:00,390.9310792004017,393.10290527343756,390.9310792004017,393.1029052734375,1500,0.0,0.0
2008-08-27 00:00:00+09:00,393.1029447324059,395.2748107910156,390.93111844136604,395.2748107910156,4200,0.0,0.0
2008-08-28 00:00:00+09:00,395.2746771289097,400.7042609042809,393.1028118047161,397.4465026855469,19500,0.0,0.0
2008-08-29 00:00:00+09:00,397.44655186019736,399.6183776855469,395.2747260348479,399.6183776855469,4800,0.0,0.0
2008-09-01 00:00:00+09:00,397.4466201259495,399.4012756347657,395.2747939275654,399.4012756347656,3900,0.0,0.0
2008-09-02 00:00:00+09:00,397.4465026855469,401.1386419226309,397.4465026855469,397.4465026855469,12900,0.0,0.0
2008-09-03 00:00:00+09:00,397.44655186019736,412.64941217276646,395.2747260348479,399.6183776855469,9300,0.0,0.0
2008-09-04 00:00:00+09:00,397.4465026855469,398.5324353476437,395.2746771289097,397.4465026855469,36600,0.0,0.0
2008-09-05 00:00:00+09:00,390.93109130859375,393.1029174488969,390.93109130859375,390.93109130859375,10800,0.0,0.0
2008-09-08 00:00:00+09:00,384.41558837890625,386.5874146054167,382.2437621523958,384.41558837890625,10800,0.0,0.0
2008-09-09 00:00:00+09:00,386.58739926042034,386.58739926042034,376.8141219777055,377.9000549316406,5400,0.0,0.0
2008-09-10 00:00:00+09:00,375.7282287913375,377.9000549316406,362.69719241438435,377.9000549316406,32700,0.0,0.0
2008-09-11 00:00:00+09:00,377.9000549316406,377.9000549316406,377.9000549316406,377.9000549316406,0,0.0,0.0
2008-09-12 00:00:00+09:00,390.93109130859375,390.93109130859375,377.9000549316406,377.9000549316406,1500,0.0,0.0
2008-09-16 00:00:00+09:00,371.3845029446051,371.3845029446051,359.22219017711444,369.2126770019531,14700,0.0,0.0
2008-09-17 00:00:00+09:00,371.3845029446051,371.3845029446051,367.04081129173767,369.2126770019531,11100,0.0,0.0
2008-09-18 00:00:00+09:00,367.0408493246769,367.0408493246769,362.91436767578125,362.91436767578125,1200,0.0,0.0
2008-09-19 00:00:00+09:00,369.2126872335435,369.2126872335435,361.6112365722656,361.6112365722656,6600,0.0,0.0
2008-09-22 00:00:00+09:00,362.91433035692813,362.91433035692813,355.0957092361325,355.53009033203125,14400,0.0,0.0
2008-09-24 00:00:00+09:00,349.66615914003194,355.53012556169205,338.80694880702777,347.4942932128906,10200,0.0,0.0
2008-09-25 00:00:00+09:00,330.98830156941,339.4584746410681,330.7711110165683,338.5897521972656,45300,0.0,0.0
2008-09-26 00:00:00+09:00,338.589775117021,338.80694580078125,336.6351196604781,338.80694580078125,19500,0.0,0.0
2008-09-29 00:00:00+09:00,358.3535036697786,358.3535036697786,332.29143067561284,334.4632568359375,11400,0.0,0.0
2008-09-30 00:00:00+09:00,333.5945098895743,334.46323233655687,327.9477344490584,333.3773193359375,13200,0.0,0.0
2008-10-01 00:00:00+09:00,336.6351227638296,336.6351227638296,329.2508621208881,334.4632568359375,13500,0.0,0.0
2008-10-02 00:00:00+09:00,334.4631971512488,334.4631971512488,324.68994140625,324.68994140625,28200,0.0,0.0
2008-10-03 00:00:00+09:00,307.31524658203125,307.31524658203125,307.31524658203125,307.31524658203125,27000,0.0,0.0
2008-10-06 00:00:00+09:00,263.00975041614817,263.00975041614817,259.5348205566406,259.5348205566406,11100,0.0,0.0
2008-10-07 00:00:00+09:00,216.09800429952986,221.5276091919664,216.09800429952986,220.4416961669922,86400,0.0,0.0
2008-10-08 00:00:00+09:00,181.34858997006987,181.34858997006987,177.00489807128906,177.00489807128906,69900,0.0,0.0
2008-10-09 00:00:00+09:00,162.887939453125,162.887939453125,155.2864989646822,162.887939453125,158100,0.0,0.0
2008-10-10 00:00:00+09:00,154.20058402648428,154.20058402648428,141.16954903669378,143.3413848876953,72000,0.0,0.0
2008-10-14 00:00:00+09:00,154.20059204101562,154.20059204101562,148.77098721847364,154.20059204101562,159300,0.0,0.0
2008-10-15 00:00:00+09:00,156.3724102551424,158.10988479416292,153.9833840067255,154.41775512695312,26400,0.0,0.0
2008-10-16 00:00:00+09:00,143.558572606622,147.68507385253906,143.34139199332313,147.68507385253906,18600,0.0,0.0
2008-10-17 00:00:00+09:00,147.68507307048566,148.1194342947833,146.38196951381047,147.25070190429688,22800,0.0,0.0
2008-10-20 00:00:00+09:00,158.10987854003906,158.10987854003906,158.10987854003906,158.10987854003906,78000,0.0,0.0
2008-10-21 00:00:00+09:00,165.0597809614156,167.23161691423317,161.80202206124363,166.36288452148438,65100,0.0,0.0
2008-10-22 00:00:00+09:00,165.05977319228873,166.3628766910223,163.3223084885711,164.6254119873047,55500,0.0,0.0
2008-10-23 00:00:00+09:00,158.97864305993232,162.45358276367188,156.37243579665474,162.45358276367188,47400,0.0,0.0
2008-10-24 00:00:00+09:00,156.37244197796704,157.24117445276949,152.24595029529027,153.3318634033203,37200,0.0,0.0
2008-10-27 00:00:00+09:00,132.69938283949728,136.8258741425305,131.61345988948173,133.568115234375,75000,0.0,0.0
2008-10-28 00:00:00+09:00,132.4822130239339,132.4822130239339,122.70893476949878,130.52755737304688,73500,0.0,0.0
2008-10-29 00:00:00+09:00,141.38673400878906,141.38673400878906,141.38673400878906,141.38673400878906,41400,0.0,0.0
2008-10-30 00:00:00+09:00,143.34138423738673,145.51322007853508,141.60390959933363,144.42730712890625,35700,0.0,0.0
2008-10-31 00:00:00+09:00,146.59913115812995,155.28648376464844,145.51320835410644,155.28648376464844,28200,0.0,0.0
2008-11-04 00:00:00+09:00,159.63018021268942,159.63018021268942,148.7709809658898,150.29127502441406,47700,0.0,0.0
2008-11-05 00:00:00+09:00,151.81158374609234,154.63497183227014,150.07410880127165,151.37721252441406,18600,0.0,0.0
2008-11-06 00:00:00+09:00,149.4225251452756,160.71609497070312,144.6444824910657,160.71609497070312,39600,0.0,0.0
2008-11-07 00:00:00+09:00,160.71611323752953,160.71611323752953,155.93806009836078,159.4130096435547,49500,0.0,0.0
2008-11-10 00:00:00+09:00,156.37242800489767,158.54426396877975,154.20059204101562,154.20059204101562,27300,0.0,0.0
2008-11-11 00:00:00+09:00,149.8569175696741,151.16002120071474,149.42254637869664,150.94284057617188,27300,0.0,0.0
2008-11-12 00:00:00+09:00,147.68507385253906,148.77098686092467,146.59915090226227,147.68507385253906,25200,0.0,0.0
2008-11-13 00:00:00+09:00,147.46790019828808,147.46790019828808,142.25548534660317,145.51324462890625,11100,0.0,0.0
2008-11-14 00:00:00+09:00,147.68507837890408,149.20536260237344,145.7304229736328,145.7304229736328,10500,0.0,0.0
2008-11-17 00:00:00+09:00,143.3413848876953,143.3413848876953,141.8211007861833,143.3413848876953,30900,0.0,0.0
2008-11-18 00:00:00+09:00,143.34138714892774,143.34138714892774,142.25546423535104,143.12420654296875,22500,0.0,0.0
2008-11-19 00:00:00+09:00,143.34137621623498,143.34137621623498,132.482177734375,132.482177734375,49800,0.0,0.0
2008-11-20 00:00:00+09:00,123.79483703082393,124.88075996786502,121.62300109863281,121.62300109863281,13500,0.0,0.0
2008-11-21 00:00:00+09:00,110.98099808459192,115.10749987215345,110.76381744278592,112.93565368652344,83100,0.0,0.0
2008-11-25 00:00:00+09:00,108.59196037351403,112.93563202796898,108.59196037351403,110.54661560058594,67500,0.0,0.0
2008-11-26 00:00:00+09:00,110.76380470584583,112.71846008300781,109.46070112107117,112.71846008300781,83700,0.0,0.0
2008-11-27 00:00:00+09:00,117.06214064067846,117.27932125496464,115.10748528642905,116.62776947021484,54600,0.0,0.0
2008-11-28 00:00:00+09:00,122.05736532446065,124.22921125200429,118.7996063750365,120.31990051269531,8100,0.0,0.0
2008-12-01 00:00:00+09:00,123.57766410969114,123.57766410969114,110.32943725585938,110.32943725585938,102300,0.0,0.0
2008-12-02 00:00:00+09:00,108.59196691914667,109.02632814563994,106.85449218750001,106.8544921875,37200,0.0,0.0
2008-12-03 00:00:00+09:00,107.07166148304012,109.02631662132212,106.42010977027944,107.72321319580078,123000,0.0,0.0
2008-12-04 00:00:00+09:00,111.84972351110537,112.71845588799329,107.83181762695312,107.83181762695312,29400,0.0,0.0
2008-12-05 00:00:00+09:00,107.50603529986213,111.84971680775942,107.50603529986213,110.7637939453125,161400,0.0,0.0
2008-12-08 00:00:00+09:00,110.76380063587034,117.2793183203333,106.42011886559804,108.59196472167969,69300,0.0,0.0
2008-12-09 00:00:00+09:00,107.61466860758196,111.84975634365773,107.50607330038461,109.67790985107422,103200,0.0,0.0
2008-12-10 00:00:00+09:00,110.76379603545645,110.76379603545645,108.59196021146985,109.02632141113281,12600,0.0,0.0
2008-12-11 00:00:00+09:00,107.9404445872801,113.58722160745184,107.9404445872801,109.67790985107422,99900,0.0,0.0
2008-12-12 00:00:00+09:00,109.67790985107422,110.76383309736597,106.63734066848757,109.67790985107422,31500,0.0,0.0
2008-12-15 00:00:00+09:00,109.89510046546891,112.0669370161585,109.67790985107422,109.67790985107422,47400,0.0,0.0
2008-12-16 00:00:00+09:00,111.84974053560093,112.93565368652344,110.76381744278592,112.93565368652344,15900,0.0,0.0
2008-12-17 00:00:00+09:00,112.93562177868723,115.10746735070313,111.63251841223358,113.58717346191406,37200,0.0,0.0
2008-12-18 00:00:00+09:00,113.37000086167279,113.37000086167279,109.8950616204892,110.7637939453125,11400,0.0,0.0
2008-12-19 00:00:00+09:00,110.54661670663648,110.54661670663648,106.6373062133789,106.6373062133789,51000,0.0,0.0
2008-12-22 00:00:00+09:00,106.42012636952705,110.32943725585938,106.42012636952705,110.32943725585938,4500,0.0,0.0
2008-12-24 00:00:00+09:00,110.32944621728141,112.93565368652344,109.67789434997091,112.93565368652344,16500,0.0,0.0
2008-12-25 00:00:00+09:00,107.9404445872801,111.19820438426146,107.9404445872801,109.67790985107422,4800,0.0,0.0
2008-12-26 00:00:00+09:00,108.80914081130133,109.02632141113281,108.80914081130133,109.02632141113281,7500,0.0,0.0
2008-12-29 00:00:00+09:00,107.94043662350019,108.80916919130269,107.50606536865236,107.50606536865234,3900,0.0,0.0
2008-12-30 00:00:00+09:00,106.42012023925781,106.85449140445915,106.42012023925781,106.42012023925781,2700,0.0,0.0
2009-01-05 00:00:00+09:00,106.42012023925781,106.42012023925781,106.42012023925781,106.42012023925781,600,0.0,0.0
2009-01-06 00:00:00+09:00,106.42012938430507,107.50605241967997,106.42012938430507,106.52872467041016,7200,0.0,0.0
2009-01-07 00:00:00+09:00,106.42012023925781,106.63731079280404,104.68265546223466,106.42012023925781,14400,0.0,0.0
2009-01-08 00:00:00+09:00,104.46546637429417,105.76856994628908,104.46546637429417,105.76856994628906,2700,0.0,0.0
2009-01-09 00:00:00+09:00,106.20294189453125,106.20294189453125,106.20294189453125,106.20294189453125,3900,0.0,0.0
2009-01-13 00:00:00+09:00,104.46546490868843,106.42012023925781,104.24828429703332,106.42012023925781,73200,0.0,0.0
2009-01-14 00:00:00+09:00,107.39744790454249,107.39744790454249,106.42012023925781,106.42012023925781,1200,0.0,0.0
2009-01-15 00:00:00+09:00,107.3974700694671,107.50606536865236,105.76859029115418,107.50606536865234,8700,0.0,0.0
2009-01-16 00:00:00+09:00,107.50606536865236,107.50606536865236,107.07169411380451,107.50606536865234,21000,0.0,0.0
2009-01-19 00:00:00+09:00,107.50606536865236,107.50606536865236,107.50606536865236,107.50606536865234,22200,0.0,0.0
2009-01-20 00:00:00+09:00,107.50604318131562,107.50604318131562,105.9857590159476,106.42012023925781,8100,0.0,0.0
2009-01-21 00:00:00+09:00,104.68266450403164,105.55139696757857,101.42490533836563,104.03111267089844,33000,0.0,0.0
2009-01-22 00:00:00+09:00,103.16236341628762,103.16236341628762,102.72800218429832,102.94518280029297,117600,0.0,0.0
2009-01-23 00:00:00+09:00,102.07645416259766,102.18503950365778,102.07645416259766,102.07645416259766,13200,0.0,0.0
2009-01-26 00:00:00+09:00,100.3389744090076,100.77334557755579,93.38908542169268,94.25782775878906,32400,0.0,0.0
2009-01-27 00:00:00+09:00,91.65159692602616,91.76018223365972,89.47975158691406,89.47975158691406,14100,0.0,0.0
2009-01-28 00:00:00+09:00,90.348535370016,91.21726794120593,87.74232771455296,88.93683624267578,17100,0.0,0.0
2009-01-29 00:00:00+09:00,87.95948375821332,87.95948375821332,82.5298843383789,82.5298843383789,17100,0.0,0.0
2009-01-30 00:00:00+09:00,76.0143728849319,77.1002958352087,73.84253692626953,73.84253692626953,29400,0.0,0.0
2009-02-02 00:00:00+09:00,65.1551742553711,65.1551742553711,65.1551742553711,65.1551742553711,15900,0.0,0.0
2009-02-03 00:00:00+09:00,56.46782684326172,56.46782684326172,56.46782684326172,56.46782684326172,8100,0.0,0.0
2009-02-04 00:00:00+09:00,53.21006934399912,59.50840759277344,51.47259929482678,59.50840759277344,113100,0.0,0.0
2009-02-05 00:00:00+09:00,55.599087873499755,56.03345407758441,53.86161311526978,54.730350494384766,39600,0.0,0.0
2009-02-06 00:00:00+09:00,56.033448697769636,61.2458625301203,55.16471140206279,59.747291564941406,46800,0.0,0.0
2009-02-09 00:00:00+09:00,61.70194803145831,67.00123918292171,61.571639671325684,65.1551742553711,123000,0.0,0.0
2009-02-10 00:00:00+09:00,66.02391347707491,66.02391347707491,56.467817662834655,57.96638870239258,71400,0.0,0.0
2009-02-12 00:00:00+09:00,61.875698704102895,61.875698704102895,60.59431325372104,61.158992767333984,60300,0.0,0.0
2009-02-13 00:00:00+09:00,59.855896991357916,59.855896991357916,54.64348227445467,55.0344123840332,81600,0.0,0.0
2009-02-16 00:00:00+09:00,53.731304745328096,56.09860826255525,53.21006132366997,54.730350494384766,50100,0.0,0.0
2009-02-17 00:00:00+09:00,54.7303499189835,58.74825093462542,54.7303499189835,58.31388473510742,42000,0.0,0.0
2009-02-18 00:00:00+09:00,57.33655562327406,57.33655562327406,54.295982360839844,54.295982360839844,41700,0.0,0.0
2009-02-19 00:00:00+09:00,54.295978817597955,54.925812484057445,53.64442709167056,54.60003662109375,55800,0.0,0.0
2009-02-20 00:00:00+09:00,54.94753608189993,56.46782028166906,54.60004212444308,54.730350494384766,54000,0.0,0.0
2009-02-23 00:00:00+09:00,54.7520633031395,56.46781486415797,54.73034524356618,55.38189697265625,19800,0.0,0.0
2009-02-24 00:00:00+09:00,55.38189810037075,56.46781601398449,55.164712529269885,55.27330780029297,23700,0.0,0.0
2009-02-25 00:00:00+09:00,55.27330699564973,56.46781519195216,54.36113357543945,54.36113357543945,70200,0.0,0.0
2009-02-26 00:00:00+09:00,54.36113847527096,56.359229973384316,54.36113847527096,54.730350494384766,25500,0.0,0.0
2009-02-27 00:00:00+09:00,54.73035847870119,56.4678285194556,54.73035847870119,54.94754409790039,41700,0.0,0.0
2009-03-02 00:00:00+09:00,54.94754409790039,56.2506478712028,54.94754409790039,54.94754409790039,33900,0.0,0.0
2009-03-03 00:00:00+09:00,54.96925219017132,54.96925219017132,54.295982360839844,54.295982360839844,33900,0.0,0.0
2009-03-04 00:00:00+09:00,54.31770191572069,54.73035005483434,53.644432067871094,53.644432067871094,34200,0.0,0.0
2009-03-05 00:00:00+09:00,52.1241455078125,52.1241455078125,48.86638641357422,48.86638641357422,10800,0.0,0.0
2009-03-06 00:00:00+09:00,43.871157459390815,44.08833808504278,42.350868225097656,42.350868225097656,51600,0.0,0.0
2009-03-09 00:00:00+09:00,38.00718688964844,38.0506254982921,38.00718688964844,38.00718688964844,71700,0.0,0.0
2009-03-10 00:00:00+09:00,34.53224699409292,35.83535065424737,33.772102363845164,35.5964469909668,89400,0.0,0.0
2009-03-11 00:00:00+09:00,35.16207830993384,38.4415552946333,35.16207830993384,36.26971435546875,57300,0.0,0.0
2009-03-12 00:00:00+09:00,37.138457841607675,37.138457841607675,32.664466857910156,32.664466857910156,13500,0.0,0.0
2009-03-13 00:00:00+09:00,33.53320132843183,35.835350806417395,32.555873579165905,33.68523025512695,74700,0.0,0.0
2009-03-16 00:00:00+09:00,38.02891159057617,38.02891159057617,37.594545312087604,38.02891159057617,226500,0.0,0.0
2009-03-17 00:00:00+09:00,37.16017456027443,39.093112101114855,37.16017456027443,37.68141555786133,95700,0.0,0.0
2009-03-18 00:00:00+09:00,38.55014132615179,42.02508544921875,38.55014132615179,42.02508544921875,70500,0.0,0.0
2009-03-19 00:00:00+09:00,46.36876678466797,46.36876678466797,46.36876678466797,46.36876678466797,115500,0.0,0.0
2009-03-23 00:00:00+09:00,49.952301936156005,52.88428497314454,49.952301936156005,52.88428497314453,54000,0.0,0.0
2009-03-24 00:00:00+09:00,60.70291083136314,60.811506117578205,57.11937574707801,57.68405532836914,169500,0.0,0.0
2009-03-25 00:00:00+09:00,56.380948351056006,56.68500618690321,51.16853398904192,52.558509826660156,88500,0.0,0.0
2009-03-26 00:00:00+09:00,49.083567043216284,52.775691986083984,48.86638146859628,52.775691986083984,67500,0.0,0.0
2009-03-27 00:00:00+09:00,54.75206612949201,56.033451594245136,46.93344497680664,46.93344497680664,95100,0.0,0.0
2009-03-30 00:00:00+09:00,43.43678433380715,44.739887913530815,41.26494586275864,42.78523254394531,116700,0.0,0.0
2009-03-31 00:00:00+09:00,47.563289642333984,47.563289642333984,47.563289642333984,47.563289642333984,24600,0.0,0.0
2009-04-01 00:00:00+09:00,54.07879638671874,54.07879638671874,54.07879638671874,54.07879638671875,107100,0.0,0.0
2009-04-02 00:00:00+09:00,55.38190286362778,57.11937266903419,51.03822586463888,53.62271499633789,264000,0.0,0.0
2009-04-03 00:00:00+09:00,54.27426608498842,54.295984146587884,51.472591400146484,51.472591400146484,48600,0.0,0.0
2009-04-06 00:00:00+09:00,50.16948310030599,54.295979038265266,50.16948310030599,52.34132385253906,31200,0.0,0.0
2009-04-07 00:00:00+09:00,53.6444293136186,54.07879549191322,51.86351853781444,52.775691986083984,33300,0.0,0.0
2009-04-08 00:00:00+09:00,52.124150633839875,52.124150633839875,50.38668060302734,50.386680603027344,18900,0.0,0.0
2009-04-09 00:00:00+09:00,48.432019099808535,51.03822631646288,47.128915491481365,50.60385513305664,33300,0.0,0.0
2009-04-10 00:00:00+09:00,53.21006427610462,53.21006427610462,49.95230513734422,50.64729309082031,22500,0.0,0.0
2009-04-13 00:00:00+09:00,50.647290464966495,51.798367620758,49.30075075355087,50.06089782714844,21900,0.0,0.0
2009-04-14 00:00:00+09:00,50.104322732371315,51.01649603388735,50.104322732371315,50.92961883544922,48900,0.0,0.0
2009-04-15 00:00:00+09:00,52.0806972816266,57.44513702392578,52.0806972816266,57.44513702392578,91800,0.0,0.0
2009-04-16 00:00:00+09:00,60.70290349396107,62.98333463558862,57.55373999329615,58.205291748046875,117600,0.0,0.0
2009-04-17 00:00:00+09:00,56.46780957263552,56.46780957263552,53.644422325117816,56.033443450927734,57000,0.0,0.0
2009-04-20 00:00:00+09:00,54.73035685408245,56.46782684326172,54.73035685408245,56.46782684326172,16500,0.0,0.0
2009-04-21 00:00:00+09:00,57.55374838330173,58.85685208276557,54.94754098437405,56.25064468383789,70500,0.0,0.0
2009-04-22 00:00:00+09:00,54.94753958454862,54.94753958454862,49.95230554989675,52.01555633544922,54300,0.0,0.0
2009-04-23 00:00:00+09:00,52.01555636037295,52.12414667563185,50.49526709201835,51.255409240722656,7500,0.0,0.0
2009-04-24 00:00:00+09:00,51.25541196448969,52.34133505856979,48.21483823714718,50.495269775390625,36600,0.0,0.0
2009-04-27 00:00:00+09:00,49.1921522037403,50.16947973096693,48.21482467651367,48.21482467651367,27300,0.0,0.0
2009-04-28 00:00:00+09:00,47.128916916118236,49.08357238769531,46.91173131784992,49.08357238769531,27600,0.0,0.0
2009-04-30 00:00:00+09:00,47.99764094688758,48.4320120672208,47.780460357666016,47.780460357666016,15600,0.0,0.0
2009-05-01 00:00:00+09:00,48.64919811444008,48.86638369897294,47.56328013366699,47.99764633178711,4200,0.0,0.0
2009-05-07 00:00:00+09:00,49.930590046268485,52.124149322509766,48.43202373581408,52.124149322509766,9900,0.0,0.0
2009-05-08 00:00:00+09:00,53.42725567966975,53.42725567966975,52.992889404296875,52.992889404296875,7800,0.0,0.0
2009-05-11 00:00:00+09:00,53.644431284830254,53.644431284830254,51.689775954260874,53.210060119628906,16500,0.0,0.0
2009-05-12 00:00:00+09:00,53.210058756085346,54.0787960932805,50.82103729248047,50.82103729248047,9300,0.0,0.0
2009-05-13 00:00:00+09:00,52.124149322509766,53.188349378925345,51.03823120193956,52.124149322509766,19500,0.0,0.0
2009-05-14 00:00:00+09:00,52.124146300476866,52.124146300476866,50.169490814208984,50.169490814208984,4800,0.0,0.0
2009-05-15 00:00:00+09:00,50.79932458006948,50.79932458006948,48.866387156697066,50.169490814208984,4500,0.0,0.0
2009-05-18 00:00:00+09:00,49.3007424942283,49.3007424942283,47.802176601714386,48.21482467651367,12900,0.0,0.0
2009-05-19 00:00:00+09:00,48.236544565976345,48.64919265644237,47.34608923733279,47.780460357666016,12300,0.0,0.0
2009-05-20 00:00:00+09:00,47.12891387939453,47.12891387939453,45.608624731367094,47.12891387939453,10800,0.0,0.0
2009-05-21 00:00:00+09:00,46.716271585500394,47.99765738452068,45.82582092285156,45.82582092285156,9600,0.0,0.0
2009-05-22 00:00:00+09:00,46.47735693855645,47.780460357666016,45.60861966883505,47.780460357666016,23700,0.0,0.0
2009-05-25 00:00:00+09:00,47.128906858799034,51.90694923349931,47.128906858799034,48.21482467651367,45000,0.0,0.0
2009-05-26 00:00:00+09:00,47.997639124592794,48.21482467651367,47.34608743977505,48.21482467651367,34200,0.0,0.0
2009-05-27 00:00:00+09:00,48.27998676335743,54.73035049438477,48.25826870170048,54.730350494384766,69000,0.0,0.0
2009-05-28 00:00:00+09:00,54.07879870278495,59.2912130355835,54.07879870278495,54.730350494384766,94200,0.0,0.0
2009-05-29 00:00:00+09:00,55.59909362518382,61.89742660522461,55.38190801520097,61.89742660522461,144300,0.0,0.0
2009-06-01 00:00:00+09:00,68.41293334960938,68.41293334960938,68.41293334960938,68.41293334960938,191400,0.0,0.0
2009-06-02 00:00:00+09:00,74.49407735437205,74.71125793457031,64.93798269730334,74.71125793457031,262800,0.0,0.0
2009-06-03 00:00:00+09:00,71.23631910460207,72.7566030532405,67.76137513310239,71.88787078857422,85800,0.0,0.0
2009-06-04 00:00:00+09:00,72.75660537311275,80.57522583007812,72.75660537311275,80.57522583007812,189600,0.0,0.0
2009-06-05 00:00:00+09:00,80.5752498194708,81.98694891401989,71.88789448368279,77.75186157226562,116700,0.0,0.0
2009-06-08 00:00:00+09:00,80.35805717972596,86.439208984375,78.6205823950001,86.439208984375,125700,0.0,0.0
2009-06-09 00:00:00+09:00,89.69698332439333,95.12657928466797,89.69698332439333,95.12657928466797,168600,0.0,0.0
2009-06-10 00:00:00+09:00,97.51557932860933,99.03586339126616,91.65161373307384,92.41175079345703,120900,0.0,0.0
2009-06-11 00:00:00+09:00,91.65162503847421,91.65162503847421,86.00483934337934,89.04541778564453,123900,0.0,0.0
2009-06-12 00:00:00+09:00,94.90937823571349,97.73276593772863,93.38908413764368,97.40699005126953,124500,0.0,0.0
2009-06-15 00:00:00+09:00,97.40700445519613,98.60151290155208,95.88672007420742,98.49292755126953,93600,0.0,0.0
2009-06-16 00:00:00+09:00,96.6468427172908,96.6468427172908,93.38908386230469,93.38908386230469,34800,0.0,0.0
2009-06-17 00:00:00+09:00,89.91415100097656,91.21725463867188,87.09076309993397,91.21725463867188,29700,0.0,0.0
2009-06-18 00:00:00+09:00,87.74230824201223,91.21724769747622,87.63371296650395,90.1313247680664,17700,0.0,0.0
2009-06-19 00:00:00+09:00,89.04541627644876,91.86880410519785,89.04541627644876,89.69696807861328,33900,0.0,0.0
2009-06-22 00:00:00+09:00,89.91413566134624,98.38430786132812,89.91413566134624,98.38430786132812,63900,0.0,0.0
2009-06-23 00:00:00+09:00,97.732770014395,106.31153869628906,92.52035561362727,106.31153869628906,76800,0.0,0.0
2009-06-24 00:00:00+09:00,105.98575880024542,106.42012002267164,100.99052520721517,103.16236114501953,60900,0.0,0.0
2009-06-25 00:00:00+09:00,107.50602736964468,111.8497085571289,107.50602736964468,111.8497085571289,114300,0.0,0.0
2009-06-26 00:00:00+09:00,117.2793192923595,122.70891409378282,111.84972449093618,121.62300109863281,286500,0.0,0.0
2009-06-29 00:00:00+09:00,110.7637939453125,115.10747545320979,110.7637939453125,110.7637939453125,257400,0.0,0.0
2009-06-30 00:00:00+09:00,106.63731079280404,108.4833708466003,102.29362896646394,106.42012023925781,219900,0.0,0.0
2009-07-01 00:00:00+09:00,105.98575446450263,108.15759031345995,104.6826509667501,106.6373062133789,33600,0.0,0.0
2009-07-02 00:00:00+09:00,108.59198442249838,112.9356570389112,108.26620847917278,109.89508819580078,149700,0.0,0.0
2009-07-03 00:00:00+09:00,110.98099474534295,120.75427246093751,106.85450302383377,120.7542724609375,228600,0.0,0.0
2009-07-06 00:00:00+09:00,126.18387149053942,131.61346663512006,126.18387149053942,131.3962860107422,229200,0.0,0.0
2009-07-07 00:00:00+09:00,134.4368395662855,134.4368395662855,124.66356342797982,130.3103485107422,191700,0.0,0.0
2009-07-08 00:00:00+09:00,128.13853203645988,137.69461907597218,126.83542835453619,134.87123107910156,185100,0.0,0.0
2009-07-09 00:00:00+09:00,137.04304653650033,137.477417678833,127.70414154052735,130.3103485107422,169500,0.0,0.0
2009-07-10 00:00:00+09:00,128.13853381161235,130.52755063364035,125.96668768372405,127.70416259765625,94800,0.0,0.0
2009-07-13 00:00:00+09:00,125.53231357703342,128.13852071052276,123.57765822691643,125.9666748046875,117000,0.0,0.0
2009-07-14 00:00:00+09:00,125.96668709602037,125.96668709602037,121.62301474429387,124.01203155517578,27600,0.0,0.0
2009-07-15 00:00:00+09:00,129.44160291348183,132.48217077279244,126.83539621013581,128.57286071777344,38700,0.0,0.0
2009-07-16 00:00:00+09:00,132.04782313818228,132.91655548095704,128.5728738833021,130.3103485107422,32100,0.0,0.0
2009-07-17 00:00:00+09:00,132.482177734375,132.69936826565967,130.52752260415363,132.482177734375,36900,0.0,0.0
2009-07-21 00:00:00+09:00,130.7447388078548,132.48220374795187,129.44163513183594,129.44163513183594,25800,0.0,0.0
2009-07-22 00:00:00+09:00,129.2244320650796,129.2244320650796,124.8807601928711,124.8807601928711,10200,0.0,0.0
2009-07-23 00:00:00+09:00,121.62301025797294,125.96668244947394,120.75426786615927,120.9714584350586,53100,0.0,0.0
2009-07-24 00:00:00+09:00,125.74949235236325,125.74949235236325,120.10270699839705,121.62300109863281,27000,0.0,0.0
2009-07-27 00:00:00+09:00,119.01678582775023,119.01678582775023,110.7637939453125,110.7637939453125,61500,0.0,0.0
2009-07-28 00:00:00+09:00,105.76858726450459,121.62302328099219,105.76858726450459,121.18865203857422,90600,0.0,0.0
2009-07-29 00:00:00+09:00,117.9308934528949,122.92612798125441,117.71371280101596,120.10272979736328,27300,0.0,0.0
2009-07-30 00:00:00+09:00,118.36526673386297,122.2745781862633,116.19342041015626,116.19342041015625,65400,0.0,0.0
2009-07-31 00:00:00+09:00,116.1933907397555,116.41058128180165,110.54661560058594,110.54661560058594,14400,0.0,0.0
2009-08-03 00:00:00+09:00,120.31987365717521,120.31987365717521,110.11222791337288,111.19815063476562,66900,0.0,0.0
2009-08-04 00:00:00+09:00,109.02634936899156,112.06692825578737,105.11703791820828,105.334228515625,43200,0.0,0.0
2009-08-05 00:00:00+09:00,105.00842749203603,106.8544874779972,104.46546107001335,105.55138397216797,33300,0.0,0.0
2009-08-06 00:00:00+09:00,99.47023442004044,101.09911375038013,96.86402749149694,97.51557922363281,123600,0.0,0.0
2009-08-07 00:00:00+09:00,93.3890907128527,94.25783309916955,90.131331618894,91.97740173339844,112800,0.0,0.0
2009-08-10 00:00:00+09:00,95.45234063488692,95.45234063488692,88.17667540677351,89.04541778564453,89100,0.0,0.0
2009-08-11 00:00:00+09:00,89.91414714763417,90.13132776397867,86.87356880935425,88.8282241821289,105900,0.0,0.0
2009-08-12 00:00:00+09:00,90.1313247680664,92.08598007586947,89.04541178054761,90.1313247680664,108900,0.0,0.0
2009-08-13 00:00:00+09:00,87.52513187012383,89.3712021433742,84.7017437265368,88.71965026855469,179400,0.0,0.0
2009-08-14 00:00:00+09:00,86.98216549253283,88.17667381454635,85.35328598892735,85.67906188964844,179100,0.0,0.0
2009-08-17 00:00:00+09:00,82.20411757665529,83.07285497190551,81.11819956080186,81.87834167480469,195600,0.0,0.0
2009-08-18 00:00:00+09:00,78.62057892683946,84.70173046323289,78.62057892683946,81.00960540771484,220800,0.0,0.0
2009-08-19 00:00:00+09:00,80.14087562697054,80.57524185956562,79.05495756000985,80.24946594238281,71100,0.0,0.0
2009-08-20 00:00:00+09:00,80.35806411436006,84.26737028998903,80.35806411436006,82.96427154541016,74100,0.0,0.0
2009-08-21 00:00:00+09:00,89.04540591008735,90.78287055232873,82.52988367601117,85.89623260498047,172500,0.0,0.0
2009-08-24 00:00:00+09:00,87.63372818628946,94.58361824613044,87.30795224507649,93.82347106933594,340800,0.0,0.0
2009-08-25 00:00:00+09:00,92.95473251420715,94.90938803477302,87.74231779269819,93.17191314697266,331200,0.0,0.0
2009-08-26 00:00:00+09:00,93.17190928866096,93.38908991243287,86.98216706319047,89.04541778564453,167400,0.0,0.0
2009-08-27 00:00:00+09:00,87.09075338759327,87.3079339890253,82.09552001953125,82.09552001953125,129300,0.0,0.0
2009-08-28 00:00:00+09:00,82.31272558017879,88.3938783449433,82.31272558017879,87.09077453613281,89700,0.0,0.0
2009-08-31 00:00:00+09:00,85.13610839880683,86.87357330322266,84.70173720175694,86.87357330322266,52500,0.0,0.0
2009-09-02 00:00:00+09:00,89.04541178054761,91.10865242196795,87.30793708187011,90.1313247680664,23400,0.0,0.0
2009-09-03 00:00:00+09:00,87.52512356479374,88.82822719078021,85.78765869140625,85.78765869140625,18300,0.0,0.0
2009-09-04 00:00:00+09:00,85.35328750426646,85.78765869357014,81.87834284456629,84.26736450195312,30000,0.0,0.0
2009-09-07 00:00:00+09:00,88.39386373334011,91.21725153842272,86.11343244487955,90.02274322509766,69000,0.0,0.0
2009-09-08 00:00:00+09:00,89.80555651405271,90.13133242636717,86.87357330322266,86.87357330322266,18900,0.0,0.0
2009-09-09 00:00:00+09:00,86.87355796000814,95.56092071533203,86.87355796000814,95.56092071533203,123000,0.0,0.0
2009-09-10 00:00:00+09:00,104.24829864501953,104.24829864501953,104.24829864501953,104.24829864501953,57900,0.0,0.0
2009-09-11 00:00:00+09:00,108.3747906153499,112.93565368652344,104.24829876968087,112.93565368652344,573300,0.0,0.0
2009-09-14 00:00:00+09:00,111.84971150626035,125.96665833949743,109.02631418610099,119.45114135742188,231000,0.0,0.0
2009-09-15 00:00:00+09:00,110.76379219791404,119.45114513476742,110.76379219791404,114.23873138427734,188700,0.0,0.0
2009-09-16 00:00:00+09:00,113.58719632780297,114.02156751802602,110.1122566316937,110.32943725585938,95100,0.0,0.0
2009-09-17 00:00:00+09:00,111.41535588071883,119.45115796166071,111.41535588071883,115.5418472290039,133800,0.0,0.0
2009-09-18 00:00:00+09:00,118.79960934970322,122.70892018689885,114.6731178910717,117.49650573730469,171000,0.0,0.0
2009-09-21 00:00:00+09:00,117.49650573730467,117.49650573730467,117.49650573730467,117.49650573730469,0,0.0,0.0
2009-09-24 00:00:00+09:00,119.01679673040415,119.45115796166071,115.10748599774736,115.5418472290039,42600,0.0,0.0
2009-09-25 00:00:00+09:00,117.713690709332,117.713690709332,108.80914646693638,114.02156066894531,71700,0.0,0.0
2009-09-28 00:00:00+09:00,112.93563185944305,112.93563185944305,106.63730498731474,109.02632141113281,65100,0.0,0.0
2009-09-29 00:00:00+09:00,111.19815465843989,113.80436133057607,110.76378356578738,112.06688690185547,23700,0.0,0.0
2009-09-30 00:00:00+09:00,112.9356150587271,112.9356150587271,110.11222791337288,111.19815063476562,18300,0.0,0.0
2009-10-01 00:00:00+09:00,110.76379116931396,111.41534288207463,107.72321319580078,107.72321319580078,18000,0.0,0.0
2009-10-02 00:00:00+09:00,108.59196472167969,110.76380063587034,104.24828295140739,108.59196472167969,46500,0.0,0.0
2009-10-05 00:00:00+09:00,107.50604174288377,108.59196467041193,105.5513864384677,107.83181762695312,37200,0.0,0.0
2009-10-06 00:00:00+09:00,106.96310875651244,110.76382492527819,106.96310875651244,107.50606536865234,30600,0.0,0.0
2009-10-07 00:00:00+09:00,106.42011566915969,106.6373062133789,104.24827982020236,106.6373062133789,6300,0.0,0.0
2009-10-08 00:00:00+09:00,108.15758702895221,110.7637939453125,107.83181116440717,110.7637939453125,26400,0.0,0.0
2009-10-09 00:00:00+09:00,112.28410515226001,112.9356570389112,109.89508819580078,109.89508819580078,17100,0.0,0.0
2009-10-13 00:00:00+09:00,112.93565028846187,120.75427246093751,112.50128901791913,120.7542724609375,49800,0.0,0.0
2009-10-14 00:00:00+09:00,125.9666748046875,127.05259775760513,122.27455466017176,125.9666748046875,36300,0.0,0.0
2009-10-15 00:00:00+09:00,125.96668411767754,125.96668411767754,116.62777784619225,117.06214904785156,27900,0.0,0.0
2009-10-16 00:00:00+09:00,114.89030150075136,114.89030150075136,111.41536175793753,114.45594024658203,23100,0.0,0.0
2009-10-19 00:00:00+09:00,112.28409271552368,115.1074905395508,112.28409271552368,115.10749053955078,11700,0.0,0.0
2009-10-20 00:00:00+09:00,120.53707016307388,120.53707016307388,117.27931151001783,118.365234375,7800,0.0,0.0
2009-10-21 00:00:00+09:00,119.23398902007888,119.23398902007888,117.9308853149414,117.9308853149414,4200,0.0,0.0
2009-10-22 00:00:00+09:00,116.84495310739439,116.84495310739439,115.32466888427734,115.32466888427734,1800,0.0,0.0
2009-10-23 00:00:00+09:00,115.32467269681253,115.32467269681253,114.45594024658203,114.45594024658203,1500,0.0,0.0
2009-10-26 00:00:00+09:00,114.45591299861012,114.45591299861012,111.84970632647394,112.06688690185547,3000,0.0,0.0
2009-10-27 00:00:00+09:00,111.19816507866935,111.19816507866935,110.7637939453125,110.7637939453125,3900,0.0,0.0
2009-10-28 00:00:00+09:00,110.7637939453125,110.7637939453125,110.7637939453125,110.7637939453125,1800,0.0,0.0
2009-10-29 00:00:00+09:00,110.7637939453125,110.7637939453125,110.7637939453125,110.7637939453125,600,0.0,0.0
2009-10-30 00:00:00+09:00,108.80914932868384,112.71846008300781,106.42012277596652,112.71846008300781,8100,0.0,0.0
2009-11-02 00:00:00+09:00,112.71846008300781,112.71846008300781,112.71846008300781,112.71846008300781,0,0.0,0.0
2009-11-04 00:00:00+09:00,111.63253711506515,112.71846008300781,111.63253711506515,112.71846008300781,2100,0.0,0.0
2009-11-05 00:00:00+09:00,112.93563772956308,114.02156066894531,112.93563772956308,114.02156066894531,8100,0.0,0.0
2009-11-06 00:00:00+09:00,114.02155259076287,115.32465604894301,109.8950616204892,110.7637939453125,5700,0.0,0.0
2009-11-09 00:00:00+09:00,106.42013513739671,106.42013513739671,100.99053955078125,100.99053955078125,24300,0.0,0.0
2009-11-10 00:00:00+09:00,92.30316925048828,92.30316925048828,92.30316925048828,92.30316925048828,1800,0.0,0.0
2009-11-11 00:00:00+09:00,86.8735865099064,90.56571739138538,83.61582689151125,85.35330200195312,78600,0.0,0.0
2009-11-12 00:00:00+09:00,86.87356946891036,91.65162259989604,85.78765643705204,86.76498413085938,19500,0.0,0.0
2009-11-13 00:00:00+09:00,91.10864994157386,91.10864994157386,87.4165299775007,88.61103820800781,9000,0.0,0.0
2009-11-16 00:00:00+09:00,87.19933361986993,87.52510947391913,80.79241180419922,80.79241180419922,28200,0.0,0.0
2009-11-17 00:00:00+09:00,80.79242340438161,80.79242340438161,72.10506439208984,72.10506439208984,69600,0.0,0.0
2009-11-18 00:00:00+09:00,71.67069277396615,72.7566107044687,67.3270160810106,71.12773132324219,42600,0.0,0.0
2009-11-19 00:00:00+09:00,73.51677042603262,73.51677042603262,67.65280364090894,69.93323516845703,9900,0.0,0.0
2009-11-20 00:00:00+09:00,68.4129326838906,78.62057495117188,68.4129326838906,78.62057495117188,27600,0.0,0.0
2009-11-24 00:00:00+09:00,79.4893235323722,80.79242719683731,73.84254264333867,74.27690887451172,20400,0.0,0.0
2009-11-25 00:00:00+09:00,76.01437336250407,82.85566711425781,75.14564096195942,82.85566711425781,14100,0.0,0.0
2009-11-26 00:00:00+09:00,84.7017226108285,88.39385229500748,84.0501708984375,84.0501708984375,22500,0.0,0.0
2009-11-27 00:00:00+09:00,84.26736141460353,89.04541449621271,83.83300018310547,83.83300018310547,59700,0.0,0.0
2009-11-30 00:00:00+09:00,84.7017356891203,88.39386594337918,84.7017356891203,85.78765869140625,9000,0.0,0.0
2009-12-01 00:00:00+09:00,94.47501373291016,94.47501373291016,94.47501373291016,94.47501373291016,6000,0.0,0.0
2009-12-02 00:00:00+09:00,103.16236114501953,103.16236114501953,103.16236114501953,103.16236114501953,14100,0.0,0.0
2009-12-03 00:00:00+09:00,105.98576504616236,106.42012629418619,101.64208297268213,102.07645416259766,129900,0.0,0.0
2009-12-04 00:00:00+09:00,102.07646264486135,102.07646264486135,97.94996085249248,100.99053955078125,31200,0.0,0.0
2009-12-07 00:00:00+09:00,100.9905341840367,103.3795608873005,100.9905341840367,102.51081848144531,15900,0.0,0.0
2009-12-08 00:00:00+09:00,104.24829568073248,104.24829568073248,102.29364013671875,102.29364013671875,7500,0.0,0.0
2009-12-09 00:00:00+09:00,101.64208297268213,102.29363478660957,100.99053115875468,102.07645416259766,4200,0.0,0.0
2009-12-10 00:00:00+09:00,101.20770080856146,101.8592525518395,98.16713263452425,98.60149383544922,20400,0.0,0.0
2009-12-11 00:00:00+09:00,96.86403593466179,99.68742370605469,95.12656118355545,99.68742370605469,27000,0.0,0.0
2009-12-14 00:00:00+09:00,99.68743059045406,99.68743059045406,96.42967142083137,99.25305938720703,11400,0.0,0.0
2009-12-15 00:00:00+09:00,97.94994209217116,99.25304557872728,97.73276149170869,98.60149383544922,19200,0.0,0.0
2009-12-16 00:00:00+09:00,94.47502737175928,97.73278693630272,93.38910420294708,95.12657928466797,16200,0.0,0.0
2009-12-17 00:00:00+09:00,95.23516756410517,98.81870282095198,95.23516756410517,97.29840850830078,30600,0.0,0.0
2009-12-18 00:00:00+09:00,95.7781188760028,98.81869739237955,95.7781188760028,97.08122253417969,9000,0.0,0.0
2009-12-21 00:00:00+09:00,95.99529650359939,97.62417602539062,95.99529650359939,97.62417602539062,16200,0.0,0.0
2009-12-22 00:00:00+09:00,97.62417754337658,97.73277282714844,96.21248856380116,97.73277282714844,23700,0.0,0.0
2009-12-24 00:00:00+09:00,99.68741382722983,103.8139047675526,97.73275865414689,99.90459442138672,32400,0.0,0.0
2009-12-25 00:00:00+09:00,99.03586210286885,102.07644013051687,98.60149097266476,99.90459442138672,18300,0.0,0.0
2009-12-28 00:00:00+09:00,90.56570419707856,107.50605174473354,90.56570419707856,100.33898162841797,8900,0.0,300.0
2009-12-29 00:00:00+09:00,100.33896298440087,100.33896298440087,94.47499761518264,98.38430786132812,9600,0.0,0.0
2009-12-30 00:00:00+09:00,99.03584289550781,99.68739449350457,99.03584289550781,99.03584289550781,7400,0.0,0.0
2010-01-04 00:00:00+09:00,101.64206283156935,101.64206283156935,93.17189092893858,96.42964935302734,7600,0.0,0.0
2010-01-05 00:00:00+09:00,100.9905111467516,100.9905111467516,93.82344261375633,96.42964935302734,27700,0.0,0.0
2010-01-06 00:00:00+09:00,99.6874282836914,101.64208374023437,96.42966918945312,97.73277282714844,11600,0.0,0.0
2010-01-07 00:00:00+09:00,99.6874298505335,99.6874298505335,97.08122253417969,97.08122253417969,2200,0.0,0.0
2010-01-08 00:00:00+09:00,100.99053644070959,102.29364013671875,97.7327772006867,102.29364013671875,4100,0.0,0.0
2010-01-12 00:00:00+09:00,100.99053644070959,102.29364013671875,98.38432904869127,102.29364013671875,4900,0.0,0.0
2010-01-13 00:00:00+09:00,101.64207922054243,102.94518280029297,99.68742385091662,102.94518280029297,1600,0.0,0.0
2010-01-14 00:00:00+09:00,101.64209141885081,101.64209141885081,97.73278021043346,100.99053955078125,5700,0.0,0.0
2010-01-15 00:00:00+09:00,102.94518737792968,102.94518737792968,95.1265655517578,97.73277282714844,8400,0.0,0.0
2010-01-18 00:00:00+09:00,98.38433207850302,100.99053955078125,98.38433207850302,100.99053955078125,6100,0.0,0.0
2010-01-19 00:00:00+09:00,101.64209141885081,101.64209141885081,99.68743581464214,100.99053955078125,7700,0.0,0.0
2010-01-20 00:00:00+09:00,101.64207026643574,103.59672546386719,101.64207026643574,103.59672546386719,6200,0.0,0.0
2010-01-21 00:00:00+09:00,102.29364013671875,102.29364013671875,100.99053644070959,102.29364013671875,4100,0.0,0.0
2010-01-22 00:00:00+09:00,102.29361810747362,102.29361810747362,96.42965273825538,98.38430786132812,14000,0.0,0.0
2010-01-25 00:00:00+09:00,99.6874298505335,99.6874298505335,97.08122253417969,97.08122253417969,800,0.0,0.0
2010-01-26 00:00:00+09:00,98.38432464599609,98.38432464599609,97.73277282714844,97.73277282714844,2700,0.0,0.0
2010-01-27 00:00:00+09:00,97.73273969951428,100.33894609150133,95.12653330752724,99.03584289550781,6800,0.0,0.0
2010-01-28 00:00:00+09:00,92.52034994272086,101.64207458496094,91.86879818256085,101.64207458496094,51500,0.0,0.0
2010-01-29 00:00:00+09:00,96.42967350467754,102.29364013671875,95.77812165667297,102.29364013671875,2100,0.0,0.0
2010-02-01 00:00:00+09:00,102.29364013671875,102.29364013671875,102.29364013671875,102.29364013671875,0,0.0,0.0
2010-02-02 00:00:00+09:00,100.33898010253905,100.99053192138672,97.73277282714844,97.73277282714844,13500,0.0,0.0
2010-02-03 00:00:00+09:00,96.42966476141237,99.68742370605469,95.77811297248391,99.68742370605469,500,0.0,0.0
2010-02-04 00:00:00+09:00,99.68744267502876,99.68744267502876,91.86881972012455,95.12657928466797,3900,0.0,0.0
2010-02-05 00:00:00+09:00,93.82346639827806,95.77812194824219,93.17191454829002,95.77812194824219,2600,0.0,0.0
2010-02-08 00:00:00+09:00,95.77812050772714,95.77812050772714,93.17191314697266,93.17191314697266,1600,0.0,0.0
2010-02-09 00:00:00+09:00,93.1718941998008,99.03585956901904,93.1718941998008,98.38430786132812,3600,0.0,0.0
2010-02-10 00:00:00+09:00,97.73278693630272,99.68744267502876,95.12657928466797,95.12657928466797,5100,0.0,0.0
2010-02-12 00:00:00+09:00,96.42967379823023,97.08122564821826,95.77812194824219,95.77812194824219,1300,0.0,0.0
2010-02-15 00:00:00+09:00,101.64208374023437,101.64208374023437,84.70173645019531,91.21725463867188,11800,0.0,0.0
2010-02-16 00:00:00+09:00,95.12656866753852,95.12656866753852,89.91415394602956,93.17191314697266,3900,0.0,0.0
2010-02-17 00:00:00+09:00,91.86880946659542,93.17191314697266,91.2172576264068,93.17191314697266,3700,0.0,0.0
2010-02-18 00:00:00+09:00,94.4750168273499,95.12656866753852,93.17191314697266,93.17191314697266,3500,0.0,0.0
2010-02-19 00:00:00+09:00,94.47501373291016,94.47501373291016,89.91415100097656,91.21725463867188,3100,0.0,0.0
2010-02-22 00:00:00+09:00,93.82346191406249,93.82346191406249,91.21725463867188,91.21725463867188,500,0.0,0.0
2010-02-23 00:00:00+09:00,88.61103967737269,89.91414320203992,87.95948791503906,87.95948791503906,2600,0.0,0.0
2010-02-24 00:00:00+09:00,87.9594836027726,89.91413879394531,81.44396629886351,89.91413879394531,4800,0.0,0.0
2010-02-25 00:00:00+09:00,85.35328826904296,91.21725463867188,85.35328826904296,91.21725463867188,1200,0.0,0.0
2010-02-26 00:00:00+09:00,91.21724849124605,91.21724849124605,87.9594896165587,90.5656967163086,1900,0.0,0.0
2010-03-01 00:00:00+09:00,91.86880026618353,93.17190381605847,90.5656967163086,90.5656967163086,1200,0.0,0.0
2010-03-02 00:00:00+09:00,91.21725463867188,94.47501373291016,91.21725463867188,94.47501373291016,2200,0.0,0.0
2010-03-03 00:00:00+09:00,91.21725463867188,93.82346191406249,91.21725463867188,91.21725463867188,0,0.0,0.0
2010-03-04 00:00:00+09:00,87.9594896165587,90.5656967163086,87.30793784162123,90.5656967163086,11300,0.0,0.0
2010-03-05 00:00:00+09:00,89.26259316643365,90.5656967163086,87.9594896165587,90.5656967163086,6100,0.0,0.0
2010-03-08 00:00:00+09:00,93.17190381605847,93.17190381605847,90.5656967163086,90.5656967163086,3200,0.0,0.0
2010-03-09 00:00:00+09:00,90.56569496437355,90.56569496437355,80.14086676703559,87.95948791503906,17200,0.0,0.0
2010-03-10 00:00:00+09:00,87.95949089796024,88.61104268238957,86.65638732910156,86.65638732910156,3300,0.0,0.0
2010-03-11 00:00:00+09:00,86.00483262803819,87.95948791503906,83.3986255787037,87.95948791503906,9700,0.0,0.0
2010-03-12 00:00:00+09:00,84.701727698831,88.61103820800781,83.39862419577206,88.61103820800781,10600,0.0,0.0
2010-03-15 00:00:00+09:00,86.00482979656135,89.26258850097656,86.00482979656135,89.26258850097656,3800,0.0,0.0
2010-03-16 00:00:00+09:00,87.95948791503906,89.2625914397063,86.00483262803819,87.95948791503906,5000,0.0,0.0
2010-03-17 00:00:00+09:00,87.30792946039244,87.30792946039244,84.0501708984375,84.0501708984375,15200,0.0,0.0
2010-03-18 00:00:00+09:00,84.70174095847389,86.65639651905407,84.70174095847389,86.00484466552734,7300,0.0,0.0
2010-03-19 00:00:00+09:00,86.65638732910156,86.65638732910156,84.70173197581356,86.65638732910156,6900,0.0,0.0
2010-03-23 00:00:00+09:00,87.30793470494888,88.61103820800781,87.30793470494888,88.61103820800781,6600,0.0,0.0
2010-03-24 00:00:00+09:00,89.91414625124824,90.56569803567757,86.00483554467222,86.65638732910156,13100,0.0,0.0
2010-03-25 00:00:00+09:00,88.61103820800781,88.61103820800781,87.95948645647834,88.61103820800781,500,0.0,0.0
2010-03-26 00:00:00+09:00,88.61103820800781,89.91414171106675,86.65638295341941,88.61103820800781,7500,0.0,0.0
2010-03-29 00:00:00+09:00,87.95948939536933,87.95948939536933,87.30793762207031,87.30793762207031,1200,0.0,0.0
2010-03-30 00:00:00+09:00,88.6110353331635,89.91413879394531,86.65638014199078,89.91413879394531,5200,0.0,0.0
2010-03-31 00:00:00+09:00,90.5656967163086,93.82345559099595,90.5656967163086,90.5656967163086,5800,0.0,0.0
2010-04-01 00:00:00+09:00,93.82344261375633,96.42964935302734,91.21723587448531,96.42964935302734,13500,0.0,0.0
2010-04-02 00:00:00+09:00,100.33898768271169,100.99053955078125,98.38433207850302,100.99053955078125,13100,0.0,0.0
2010-04-05 00:00:00+09:00,100.99053345717392,100.99053345717392,97.08122248463816,100.33898162841797,14200,0.0,0.0
2010-04-06 00:00:00+09:00,100.99052170176564,105.55138397216797,100.99052170176564,105.55138397216797,37900,0.0,0.0
2010-04-07 00:00:00+09:00,105.55137022151503,132.91654027894486,105.55137022151503,112.06688690185547,138500,0.0,0.0
2010-04-08 00:00:00+09:00,110.76381325721741,125.09795379638672,109.46070957183838,125.09795379638672,73200,0.0,0.0
2010-04-09 00:00:00+09:00,125.09795391878342,127.05260944876441,120.53709101549444,121.84019470214844,47500,0.0,0.0
2010-04-12 00:00:00+09:00,123.14328149024477,123.14328149024477,119.88552272066157,122.49172973632812,13600,0.0,0.0
2010-04-13 00:00:00+09:00,119.88552993602968,121.18863352229087,115.3246673841155,115.9762191772461,20300,0.0,0.0
2010-04-14 00:00:00+09:00,115.9762252310048,119.88553619384767,114.02156974958338,119.88553619384766,10600,0.0,0.0
2010-04-15 00:00:00+09:00,123.14330135144687,127.05261250546104,121.18864577443976,123.79485321044922,94900,0.0,0.0
2010-04-16 00:00:00+09:00,122.49172973632812,122.49172973632812,118.5824192128283,122.49172973632812,13100,0.0,0.0
2010-04-19 00:00:00+09:00,116.62776947021484,119.88552839396385,116.62776947021484,116.62776947021484,11600,0.0,0.0
2010-04-20 00:00:00+09:00,117.27933039430712,119.2339859008789,115.97622672325927,119.2339859008789,23500,0.0,0.0
2010-04-21 00:00:00+09:00,117.9308853149414,119.23398902007888,115.32467790466646,117.9308853149414,34700,0.0,0.0
2010-04-22 00:00:00+09:00,119.23397660921405,119.23397660921405,115.97621768546503,116.62776947021484,7000,0.0,0.0
2010-04-23 00:00:00+09:00,118.58243716751014,118.58243716751014,116.62778160980393,117.9308853149414,49900,0.0,0.0
2010-04-26 00:00:00+09:00,119.8855482532132,121.84020393125472,119.8855482532132,121.18865203857422,10000,0.0,0.0
2010-04-27 00:00:00+09:00,121.18864457778508,121.18864457778508,117.27933346237266,117.9308853149414,7400,0.0,0.0
2010-04-28 00:00:00+09:00,117.27933346237266,120.53709272521635,117.27933346237266,117.9308853149414,13700,0.0,0.0
2010-04-30 00:00:00+09:00,119.88554205643504,123.79485321044922,119.23399019743268,123.79485321044922,18100,0.0,0.0
2010-05-06 00:00:00+09:00,122.49172973632812,125.0979367519947,122.49172973632812,122.49172973632812,18400,0.0,0.0
2010-05-07 00:00:00+09:00,118.5824203491211,120.53707562960112,115.32466154832107,118.5824203491211,31300,0.0,0.0
2010-05-10 00:00:00+09:00,118.58242530429487,126.40104675292969,115.32466636736369,126.40104675292969,23900,0.0,0.0
2010-05-11 00:00:00+09:00,136.82588983754644,158.97865295410156,133.5681305557001,158.97865295410156,747600,0.0,0.0
2010-05-12 00:00:00+09:00,143.34141951340894,151.81159430283765,132.91658900334284,135.52279663085938,489900,0.0,0.0
2010-05-13 00:00:00+09:00,138.7805310417624,138.7805310417624,129.00725420783547,132.91656494140625,117100,0.0,0.0
2010-05-14 00:00:00+09:00,132.26503309563023,136.8258963058244,129.00727365977727,130.96192932128906,54000,0.0,0.0
2010-05-17 00:00:00+09:00,126.40103291724012,127.70413634937661,114.67310202801166,125.74948120117188,68700,0.0,0.0
2010-05-18 00:00:00+09:00,119.88552839396385,123.14328731771288,115.32466590071523,116.62776947021484,50000,0.0,0.0
2010-05-19 00:00:00+09:00,110.76379173160217,127.05258463330837,110.11224001553391,125.74948120117188,60900,0.0,0.0
2010-05-20 00:00:00+09:00,119.23397509256998,123.7948375278049,115.97621621025932,117.2793197631836,18500,0.0,0.0
2010-05-21 00:00:00+09:00,110.76380627303475,115.32466888427734,109.46070266982257,115.32466888427734,24500,0.0,0.0
2010-05-24 00:00:00+09:00,116.62776947021484,116.62776947021484,112.06690697696621,116.62776947021484,4800,0.0,0.0
2010-05-25 00:00:00+09:00,114.02155005413552,114.02155005413552,102.9451709060195,104.89982604980469,28200,0.0,0.0
2010-05-26 00:00:00+09:00,108.15759726682323,108.15759726682323,101.64207935918328,106.20294189453125,23800,0.0,0.0
2010-05-27 00:00:00+09:00,104.24828506097562,107.50604396913111,101.64207793445122,106.8544921875,6500,0.0,0.0
2010-05-28 00:00:00+09:00,110.11225447142866,115.32466888427734,110.11225447142866,115.32466888427734,26800,0.0,0.0
2010-05-31 00:00:00+09:00,114.67312605209771,117.9308853149414,114.67312605209771,117.9308853149414,12700,0.0,0.0
2010-06-01 00:00:00+09:00,117.93086428255648,120.53707122802734,117.93086428255648,120.53707122802734,18800,0.0,0.0
2010-06-02 00:00:00+09:00,120.53707842145647,120.53707842145647,114.02156066894531,114.02156066894531,21600,0.0,0.0
2010-06-03 00:00:00+09:00,120.53708957192677,120.53708957192677,115.97622672325927,119.2339859008789,10600,0.0,0.0
2010-06-04 00:00:00+09:00,115.97620907345333,120.53707122802734,115.97620907345333,120.53707122802734,2900,0.0,0.0
2010-06-07 00:00:00+09:00,114.67309850933908,117.27930529364224,113.3699951171875,113.3699951171875,7800,0.0,0.0
2010-06-08 00:00:00+09:00,112.71844342111171,114.02154681326329,112.71844342111171,113.3699951171875,3000,0.0,0.0
2010-06-09 00:00:00+09:00,113.37001187539515,113.37001187539515,111.41535649823315,112.71846008300781,7300,0.0,0.0
2010-06-10 00:00:00+09:00,112.7184708355463,112.7184708355463,109.46071156284265,111.41536712646484,12600,0.0,0.0
2010-06-11 00:00:00+09:00,117.2793227635073,117.2793227635073,112.71846021159313,115.9762191772461,4200,0.0,0.0
2010-06-14 00:00:00+09:00,118.58242331610785,119.23397509256998,114.67311265733505,117.2793197631836,9500,0.0,0.0
2010-06-15 00:00:00+09:00,119.23397487095424,119.23397487095424,112.71845711844308,114.02156066894531,3300,0.0,0.0
2010-06-16 00:00:00+09:00,115.3246644337972,119.23397509256998,115.3246644337972,117.2793197631836,7700,0.0,0.0
2010-06-17 00:00:00+09:00,114.6731155909849,117.2793227635073,114.6731155909849,115.9762191772461,1200,0.0,0.0
2010-06-18 00:00:00+09:00,115.97621917724611,119.23397814289908,115.97621917724611,115.9762191772461,7900,0.0,0.0
2010-06-21 00:00:00+09:00,117.93087132045201,117.93087132045201,114.02156066894531,114.02156066894531,4800,0.0,0.0
2010-06-22 00:00:00+09:00,113.37000889369419,116.62776776994977,112.71845711844308,114.02156066894531,14400,0.0,0.0
2010-06-23 00:00:00+09:00,112.7184708355463,112.7184708355463,111.41536712646484,111.41536712646484,12000,0.0,0.0
2010-06-24 00:00:00+09:00,111.41533523382142,112.71843856988951,111.41533523382142,112.06688690185547,1700,0.0,0.0
2010-06-25 00:00:00+09:00,112.06690662993482,112.71845841266699,110.11225128173828,110.11225128173828,7000,0.0,0.0
2010-06-28 00:00:00+09:00,110.11223189775333,114.02154190595759,110.11223189775333,112.06688690185547,3300,0.0,0.0
2010-06-29 00:00:00+09:00,110.76379982821912,110.76379982821912,108.15759277343749,108.1575927734375,3200,0.0,0.0
2010-06-30 00:00:00+09:00,102.94518149771342,110.1122510956555,98.38431902629574,106.8544921875,15600,0.0,0.0
2010-07-01 00:00:00+09:00,104.24828162560097,104.24828162560097,100.99052282480093,101.64207458496094,8200,0.0,0.0
2010-07-02 00:00:00+09:00,98.38431469010717,105.55138397216797,98.38431469010717,105.55138397216797,3000,0.0,0.0
2010-07-05 00:00:00+09:00,99.03587080792684,106.85449218750001,99.03587080792684,106.8544921875,3500,0.0,0.0
2010-07-06 00:00:00+09:00,97.08122248463816,101.6420852859299,97.08122248463816,100.33898162841797,25700,0.0,0.0
2010-07-07 00:00:00+09:00,100.33898162841797,102.29363711468585,99.68742979966201,100.33898162841797,3200,0.0,0.0
2010-07-08 00:00:00+09:00,102.94519515498992,102.94519515498992,99.68743581464214,100.99053955078125,8300,0.0,0.0
2010-07-09 00:00:00+09:00,102.29364328692036,102.29364328692036,100.33898768271169,100.99053955078125,5000,0.0,0.0
2010-07-12 00:00:00+09:00,100.33898744583131,104.24829864501953,100.33898744583131,104.24829864501953,6100,0.0,0.0
2010-07-13 00:00:00+09:00,103.59672546386719,104.89982892882149,103.59672546386719,103.59672546386719,2100,0.0,0.0
2010-07-14 00:00:00+09:00,105.55139023917063,109.46070098876955,104.89983844757081,109.46070098876953,1700,0.0,0.0
2010-07-15 00:00:00+09:00,107.50604415080956,110.11225128173828,106.85449236807739,110.11225128173828,12800,0.0,0.0
2010-07-16 00:00:00+09:00,113.37001647949218,113.37001647949218,91.86880645751953,94.47501373291016,87300,0.0,0.0
2010-07-21 00:00:00+09:00,99.03587797090604,100.33898162841797,95.77811882712625,100.33898162841797,9300,0.0,0.0
2010-07-22 00:00:00+09:00,97.08120103784509,97.73275272266284,91.86878755930307,96.42964935302734,6800,0.0,0.0
2010-07-23 00:00:00+09:00,99.6874298505335,99.6874298505335,91.2172560723836,97.08122253417969,7000,0.0,0.0
2010-07-26 00:00:00+09:00,96.4296706558822,100.33898162841797,96.4296706558822,100.33898162841797,3300,0.0,0.0
2010-07-27 00:00:00+09:00,96.42966918945312,98.38432464599609,95.77811737060547,97.73277282714844,5900,0.0,0.0
2010-07-28 00:00:00+09:00,97.73273969951428,99.68739449350457,97.08118810151753,99.03584289550781,4700,0.0,0.0
2010-07-29 00:00:00+09:00,99.03585956901904,99.03585956901904,96.42965273825538,98.38430786132812,10600,0.0,0.0
2010-07-30 00:00:00+09:00,97.08122100830077,97.73277282714844,95.77811737060547,97.73277282714844,600,0.0,0.0
2010-08-02 00:00:00+09:00,100.99051469209179,100.99051469209179,98.38430786132812,98.38430786132812,1400,0.0,0.0
2010-08-03 00:00:00+09:00,98.38432614215009,102.94518894344182,95.12656699837028,100.33898162841797,8800,0.0,0.0
2010-08-04 00:00:00+09:00,100.33894609150133,100.33894609150133,99.03584289550781,99.03584289550781,1400,0.0,0.0
2010-08-05 00:00:00+09:00,96.42966918945312,97.73277282714844,95.77811737060547,97.73277282714844,8400,0.0,0.0
2010-08-06 00:00:00+09:00,97.73277282714844,99.03587646484375,94.47501373291016,97.73277282714844,14900,0.0,0.0
2010-08-09 00:00:00+09:00,97.73276848129079,104.24828638004351,95.12656132178971,102.94518280029297,23500,0.0,0.0
2010-08-10 00:00:00+09:00,97.08120103784509,98.3843044074806,93.17189092893858,96.42964935302734,31500,0.0,0.0
2010-08-11 00:00:00+09:00,92.52034905616274,94.47500431791265,91.8687973022461,91.8687973022461,22900,0.0,0.0
2010-08-12 00:00:00+09:00,83.39864623091603,87.95950969666924,82.74709430723699,85.35330200195312,19000,0.0,0.0
2010-08-13 00:00:00+09:00,90.5656967163086,90.5656967163086,89.26259316643365,90.5656967163086,2500,0.0,0.0
2010-08-16 00:00:00+09:00,89.91413879394531,91.21724225472713,81.44396629886351,89.91413879394531,13200,0.0,0.0
2010-08-17 00:00:00+09:00,87.95948645647834,88.61103820800781,87.30793470494888,88.61103820800781,10500,0.0,0.0
2010-08-18 00:00:00+09:00,87.95948791503906,87.95948791503906,85.35328086570456,87.95948791503906,2600,0.0,0.0
2010-08-19 00:00:00+09:00,84.05018019138421,87.30793911353089,83.39862840695488,86.65638732910156,5200,0.0,0.0
2010-08-20 00:00:00+09:00,83.39862840695488,87.95949089796024,83.39862840695488,86.65638732910156,5200,0.0,0.0
2010-08-23 00:00:00+09:00,86.65638732910156,86.65638732910156,86.65638732910156,86.65638732910156,1000,0.0,0.0
2010-08-24 00:00:00+09:00,91.21725463867188,91.86880645751953,87.9594955444336,91.21725463867188,11000,0.0,0.0
2010-08-25 00:00:00+09:00,94.47500090668167,94.47500090668167,87.9594836027726,89.91413879394531,3400,0.0,0.0
2010-08-26 00:00:00+09:00,87.95948939536933,87.95948939536933,86.00483407547225,87.30793762207031,1500,0.0,0.0
2010-08-27 00:00:00+09:00,89.91413879394531,89.91413879394531,89.2625870635544,89.91413879394531,500,0.0,0.0
2010-08-30 00:00:00+09:00,89.26258995953728,89.26258995953728,84.701727698831,88.61103820800781,1600,0.0,0.0
2010-08-31 00:00:00+09:00,84.70172700427827,84.70172700427827,81.4439682733445,82.09552001953125,20100,0.0,0.0
2010-09-01 00:00:00+09:00,83.3986328125,84.70173645019531,83.3986328125,84.70173645019531,1400,0.0,0.0
2010-09-02 00:00:00+09:00,86.65638584877128,89.91414471526643,83.39862698227611,87.30793762207031,8300,0.0,0.0
2010-09-03 00:00:00+09:00,85.35328826904296,85.35328826904296,84.70173645019531,84.70173645019531,700,0.0,0.0
2010-09-06 00:00:00+09:00,84.70173645019531,84.70173645019531,82.74708099365235,84.70173645019531,6500,0.0,0.0
2010-09-07 00:00:00+09:00,85.35327432321948,85.35327432321948,84.0501708984375,84.0501708984375,4300,0.0,0.0
2010-09-08 00:00:00+09:00,82.74708539789373,86.00484466552734,82.74708539789373,86.00484466552734,3600,0.0,0.0
2010-09-09 00:00:00+09:00,85.35328230217321,89.91414471526643,84.05017875557515,87.30793762207031,9900,0.0,0.0
2010-09-10 00:00:00+09:00,88.61103938176082,116.62776506864108,88.61103938176082,101.64207458496094,803700,0.0,0.0
2010-09-13 00:00:00+09:00,94.47501373291016,100.99053192138672,92.52035827636719,97.73277282714844,159700,0.0,0.0
2010-09-14 00:00:00+09:00,97.73277282714844,97.73277282714844,90.56570281982421,94.47501373291016,39000,0.0,0.0
2010-09-16 00:00:00+09:00,95.77812438011169,118.58243970870971,93.82346878051759,104.24829864501953,827000,0.0,0.0
2010-09-17 00:00:00+09:00,100.33895946193385,104.24826957084036,94.47499429857407,96.42964935302734,189600,0.0,0.0
2010-09-21 00:00:00+09:00,99.68742306671994,118.58242482446425,99.68742306671994,116.62776947021484,1459800,0.0,0.0
2010-09-22 00:00:00+09:00,123.14328876120507,128.35570310030369,110.1122529134585,112.71846008300781,2391700,0.0,0.0
2010-09-24 00:00:00+09:00,112.718461677853,125.09794590836864,110.76380627303475,115.32466888427734,1444000,0.0,0.0
2010-09-27 00:00:00+09:00,119.23396038186961,121.18861547009698,106.20292646035381,113.3699951171875,833900,0.0,0.0
2010-09-28 00:00:00+09:00,112.06690150131413,113.37000500714338,105.55138397216797,105.55138397216797,175900,0.0,0.0
2010-09-29 00:00:00+09:00,106.85451345732719,108.80916919130269,103.59675390070136,107.50606536865234,94400,0.0,0.0
2010-09-30 00:00:00+09:00,104.24828638004351,105.55138995979405,102.94518280029297,102.94518280029297,69200,0.0,0.0
2010-10-01 00:00:00+09:00,105.55138066129865,105.55138066129865,101.64207026643574,103.59672546386719,53800,0.0,0.0
2010-10-04 00:00:00+09:00,104.24829864501953,110.76381731033325,102.29364304542541,104.24829864501953,219200,0.0,0.0
2010-10-05 00:00:00+09:00,104.89983801748238,107.50604517319623,99.68742370605469,99.68742370605469,65300,0.0,0.0
2010-10-06 00:00:00+09:00,100.33895946193385,100.9905111467516,95.77809766820958,96.42964935302734,28900,0.0,0.0
2010-10-07 00:00:00+09:00,96.42966918945312,101.64208374023437,92.52035827636719,94.47501373291016,78200,0.0,0.0
2010-10-08 00:00:00+09:00,97.08122100830077,97.08122100830077,87.30794372558593,91.21725463867188,87600,0.0,0.0
2010-10-12 00:00:00+09:00,91.86882123874344,92.52037316242247,84.70175007827409,85.35330200195312,89400,0.0,0.0
2010-10-13 00:00:00+09:00,87.30793187238169,93.17189744589986,87.30793187238169,89.91413879394531,70600,0.0,0.0
2010-10-14 00:00:00+09:00,91.8687973022461,93.17190081007938,87.30793502482963,91.8687973022461,33400,0.0,0.0
2010-10-15 00:00:00+09:00,96.42966269074583,96.42966269074583,89.26259316643365,90.5656967163086,78600,0.0,0.0
2010-10-18 00:00:00+09:00,89.9141402418596,91.86879546450872,88.61103676009351,89.26258850097656,58200,0.0,0.0
2010-10-19 00:00:00+09:00,89.26258995953728,89.26258995953728,86.65638295341941,88.61103820800781,47700,0.0,0.0
2010-10-20 00:00:00+09:00,86.65638584877128,90.56569648856546,86.65638584877128,87.30793762207031,16300,0.0,0.0
2010-10-21 00:00:00+09:00,87.30795777299022,87.30795777299022,84.70175007827409,85.35330200195312,21500,0.0,0.0
2010-10-22 00:00:00+09:00,84.70173074187134,98.38431801555825,84.70173074187134,90.5656967163086,193000,0.0,0.0
2010-10-25 00:00:00+09:00,89.91414171106675,91.21724521412568,87.95948645647834,88.61103820800781,21400,0.0,0.0
2010-10-26 00:00:00+09:00,91.21724225472713,91.86879398511805,88.6110353331635,89.91413879394531,13400,0.0,0.0
2010-10-27 00:00:00+09:00,91.21724225472713,91.21724225472713,88.6110353331635,89.91413879394531,12500,0.0,0.0
2010-10-28 00:00:00+09:00,90.56569346259622,90.56569346259622,88.61103820800781,88.61103820800781,12600,0.0,0.0
2010-10-29 00:00:00+09:00,89.26259316643365,92.520352041121,87.9594896165587,90.5656967163086,22600,0.0,0.0
2010-11-01 00:00:00+09:00,90.56569346259622,90.56569346259622,87.95948645647834,88.61103820800781,8100,0.0,0.0
2010-11-02 00:00:00+09:00,86.65639651905407,87.30794837258078,85.35329281200062,86.00484466552734,14400,0.0,0.0
2010-11-04 00:00:00+09:00,86.6563815374444,89.26258850097656,86.6563815374444,89.26258850097656,10800,0.0,0.0
2010-11-05 00:00:00+09:00,89.91415100097656,93.82346191406249,89.91415100097656,91.21725463867188,20400,0.0,0.0
2010-11-08 00:00:00+09:00,91.86880946659542,93.17191314697266,89.26260210584094,93.17191314697266,24900,0.0,0.0
2010-11-09 00:00:00+09:00,84.70173180103302,87.95949071645737,83.39862823486328,83.39862823486328,110400,0.0,0.0
2010-11-10 00:00:00+09:00,84.05018463134765,85.35328826904296,83.3986328125,84.70173645019531,35500,0.0,0.0
2010-11-11 00:00:00+09:00,85.35329281200062,89.26260393316096,84.70174095847389,86.00484466552734,54400,0.0,0.0
2010-11-12 00:00:00+09:00,86.00483554467222,87.95949089796024,84.05018019138421,86.65638732910156,19300,0.0,0.0
2010-11-15 00:00:00+09:00,87.95950022610751,87.95950022610751,85.35329281200062,86.00484466552734,11200,0.0,0.0
2010-11-16 00:00:00+09:00,86.00485392563215,86.00485392563215,84.05019815459507,85.35330200195312,24400,0.0,0.0
2010-11-17 00:00:00+09:00,84.70175007827409,86.00485392563215,84.70175007827409,85.35330200195312,25300,0.0,0.0
2010-11-18 00:00:00+09:00,85.35329281200062,86.00484466552734,84.70174095847389,86.00484466552734,35700,0.0,0.0
2010-11-19 00:00:00+09:00,85.35328376024289,87.30793911353089,85.35328376024289,86.65638732910156,45100,0.0,0.0
2010-11-22 00:00:00+09:00,86.6563815374444,89.26258850097656,86.00482979656135,89.26258850097656,14100,0.0,0.0
2010-11-24 00:00:00+09:00,88.61105207963423,88.61105207963423,86.00484466552734,86.00484466552734,42000,0.0,0.0
2010-11-25 00:00:00+09:00,87.95948645647834,90.56569346259622,87.30793470494888,88.61103820800781,58200,0.0,0.0
2010-11-26 00:00:00+09:00,87.95949089796024,88.61104268238957,86.65638732910156,86.65638732910156,43000,0.0,0.0
2010-11-29 00:00:00+09:00,87.30793470494888,89.26258995953728,87.30793470494888,88.61103820800781,20900,0.0,0.0
2010-11-30 00:00:00+09:00,89.26259316643365,93.82345559099595,88.61104139149617,90.5656967163086,147400,0.0,0.0
2010-12-01 00:00:00+09:00,91.21724554832946,92.52034905616274,89.91414204049619,91.8687973022461,49100,0.0,0.0
2010-12-02 00:00:00+09:00,92.52034994272086,101.64207458496094,92.52034994272086,101.64207458496094,226000,0.0,0.0
2010-12-03 00:00:00+09:00,100.33898338904748,100.33898338904748,91.86880946659542,93.17191314697266,238500,0.0,0.0
2010-12-06 00:00:00+09:00,94.47500431791265,94.47500431791265,89.26259028657954,91.8687973022461,93700,0.0,0.0
2010-12-07 00:00:00+09:00,91.21725463867188,92.52035827636719,90.56570281982421,91.21725463867188,76200,0.0,0.0
2010-12-08 00:00:00+09:00,91.86881100291937,93.82346655617297,91.21725915183482,92.5203628540039,51100,0.0,0.0
2010-12-09 00:00:00+09:00,92.52036730448404,93.82347106933594,91.8688154220581,93.82347106933594,33800,0.0,0.0
2010-12-10 00:00:00+09:00,93.17191918690999,94.47502295176187,92.52036730448404,93.82347106933594,43800,0.0,0.0
2010-12-13 00:00:00+09:00,93.17189744589986,93.17189744589986,88.6110353331635,89.91413879394531,112600,0.0,0.0
2010-12-14 00:00:00+09:00,89.91414204049619,91.8687973022461,89.91414204049619,91.8687973022461,35900,0.0,0.0
2010-12-15 00:00:00+09:00,91.21724849124605,91.86880026618353,90.5656967163086,90.5656967163086,43800,0.0,0.0
2010-12-16 00:00:00+09:00,91.21724372362569,91.21724372362569,86.6563815374444,89.26258850097656,104000,0.0,0.0
2010-12-17 00:00:00+09:00,89.91414204049619,91.8687973022461,89.91414204049619,91.8687973022461,29700,0.0,0.0
2010-12-20 00:00:00+09:00,91.86880946659542,93.17191314697266,91.86880946659542,93.17191314697266,50100,0.0,0.0
2010-12-21 00:00:00+09:00,93.1718941998008,100.99051469209179,93.1718941998008,98.38430786132812,301600,0.0,0.0
2010-12-22 00:00:00+09:00,97.73273969951428,101.64204928749486,95.12653330752724,99.03584289550781,209800,0.0,0.0
2010-12-24 00:00:00+09:00,99.03587206104133,104.24828638004351,99.03587206104133,102.94518280029297,159400,0.0,0.0
2010-12-27 00:00:00+09:00,102.94519229811064,104.24829599808673,95.12657009825413,95.77812194824219,155300,0.0,0.0
2010-12-28 00:00:00+09:00,98.13056219692888,98.802689335264,97.45843505859375,97.45843505859375,29900,4.5,0.0
2010-12-29 00:00:00+09:00,98.80268823778307,99.47481536865234,96.11417971430598,99.47481536865234,23900,0.0,0.0
2010-12-30 00:00:00+09:00,98.80268823778307,99.47481536865234,97.45843397604452,99.47481536865234,22500,0.0,0.0
2011-01-04 00:00:00+09:00,99.47482341325203,99.47482341325203,97.458441857578,98.80269622802734,22900,0.0,0.0
2011-01-05 00:00:00+09:00,99.47482341325203,99.47482341325203,97.458441857578,98.80269622802734,8900,0.0,0.0
2011-01-06 00:00:00+09:00,97.45843397604452,99.47481536865234,97.45843397604452,99.47481536865234,17700,0.0,0.0
2011-01-07 00:00:00+09:00,99.47480743203387,100.14693450927734,98.8026803547904,100.14693450927734,31300,0.0,0.0
2011-01-11 00:00:00+09:00,99.474813623366,104.17970345690358,99.474813623366,102.83544921875,117200,0.0,0.0
2011-01-12 00:00:00+09:00,104.17968851051583,106.19606957846129,101.49118041992188,101.49118041992188,150300,0.0,0.0
2011-01-13 00:00:00+09:00,102.8354425048828,102.8354425048828,100.14693420410156,100.81906127929688,52400,0.0,0.0
2011-01-14 00:00:00+09:00,102.16331574100776,102.16331574100776,100.14693450927734,100.14693450927734,33300,0.0,0.0
2011-01-17 00:00:00+09:00,101.49118041992188,101.49118041992188,100.81905339727338,101.49118041992188,15800,0.0,0.0
2011-01-18 00:00:00+09:00,101.49119676126016,101.49119676126016,99.47481536865234,99.47481536865234,56900,0.0,0.0
2011-01-19 00:00:00+09:00,99.47481647359913,99.47481647359913,97.45843505859375,97.45843505859375,25600,0.0,0.0
2011-01-20 00:00:00+09:00,97.45842806942812,98.1305551595621,96.11417388916016,96.11417388916016,23500,0.0,0.0
2011-01-21 00:00:00+09:00,96.7863037109375,97.45843082004123,88.04865129258897,90.7371597290039,109500,0.0,0.0
2011-01-24 00:00:00+09:00,88.72077840169271,91.40928683810763,88.72077840169271,90.7371597290039,20500,0.0,0.0
2011-01-25 00:00:00+09:00,91.40928519112724,94.09779357910156,91.40928519112724,94.09779357910156,34800,0.0,0.0
2011-01-26 00:00:00+09:00,94.09779357910156,94.09779357910156,94.09779357910156,94.09779357910156,0,0.0,0.0
2011-01-27 00:00:00+09:00,98.80267468304702,100.81905579902757,95.4420394897461,95.4420394897461,39500,0.0,0.0
2011-01-28 00:00:00+09:00,96.11417388916016,98.1305551595621,95.44204679902617,96.11417388916016,11100,0.0,0.0
2011-01-31 00:00:00+09:00,95.44204777308873,95.44204777308873,91.40928519112724,94.09779357910156,26700,0.0,0.0
2011-02-01 00:00:00+09:00,94.0977848900689,98.80267413457234,94.0977848900689,96.78629302978516,19900,0.0,0.0
2011-02-02 00:00:00+09:00,97.45842620030345,108.21245943619901,94.76991789132957,100.14693450927734,363200,0.0,0.0
2011-02-03 00:00:00+09:00,98.80269197874432,106.86821785456019,96.78631050979035,106.19609069824219,213100,0.0,0.0
2011-02-04 00:00:00+09:00,105.523949561181,106.19607662844966,102.16331422483765,103.507568359375,64600,0.0,0.0
2011-02-07 00:00:00+09:00,105.52396471577306,105.52396471577306,100.81907456920993,104.1797103881836,40200,0.0,0.0
2011-02-08 00:00:00+09:00,104.17971038818361,104.85183755197833,102.83545606059414,104.1797103881836,26300,0.0,0.0
2011-02-09 00:00:00+09:00,104.17970141524788,124.34351459239264,104.17970141524788,106.86820983886719,1131800,0.0,0.0
2011-02-10 00:00:00+09:00,104.17970999693259,111.57310877090845,103.50758283566206,104.85183715820312,123700,0.0,0.0
2011-02-14 00:00:00+09:00,106.86820551701364,116.95011169786397,104.17969720212021,116.27798461914062,222400,0.0,0.0
2011-02-15 00:00:00+09:00,113.58947850422688,114.93373268770884,110.22884304552193,111.5730972290039,153400,0.0,0.0
2011-02-16 00:00:00+09:00,113.58949320656912,113.58949320656912,110.22885731288365,112.91736602783203,57500,0.0,0.0
2011-02-17 00:00:00+09:00,112.24523055132698,116.95012045467601,112.24523055132698,114.26161193847656,112800,0.0,0.0
2011-02-18 00:00:00+09:00,114.26160308136336,120.98287385085533,114.26160308136336,116.95011138916016,169900,0.0,0.0
2011-02-21 00:00:00+09:00,116.2779775251422,116.2779775251422,111.57308826111911,114.93372344970703,56800,0.0,0.0
2011-02-22 00:00:00+09:00,114.26159044591392,114.26159044591392,108.21244742230671,110.22882843017578,102300,0.0,0.0
2011-02-23 00:00:00+09:00,107.54035317973725,108.21248038711062,102.83546272812374,105.52397155761719,80400,0.0,0.0
2011-02-24 00:00:00+09:00,104.85183755197833,106.1960918795678,104.17971038818361,104.1797103881836,20700,0.0,0.0
2011-02-25 00:00:00+09:00,103.50758993549711,106.8682259723639,103.50758993549711,105.52397155761719,28400,0.0,0.0
2011-02-28 00:00:00+09:00,108.88460540771486,108.88460540771486,106.19609663221571,108.88460540771484,20100,0.0,0.0
2011-03-01 00:00:00+09:00,109.55672380851978,111.57310522830848,108.21246952866063,110.9009780883789,30000,0.0,0.0
2011-03-02 00:00:00+09:00,109.55671014785767,109.55671014785767,106.86820192337036,107.54032897949219,27100,0.0,0.0
2011-03-03 00:00:00+09:00,114.26161229963134,122.32713787372296,112.24523090610843,113.58948516845703,469900,0.0,0.0
2011-03-04 00:00:00+09:00,116.95012082432855,117.62224795550286,112.91735803728274,113.58948516845703,108800,0.0,0.0
2011-03-07 00:00:00+09:00,116.95011866978237,118.96650002615793,115.60586443219867,117.62224578857422,101800,0.0,0.0
2011-03-08 00:00:00+09:00,117.62224578857422,117.62224578857422,117.62224578857422,117.62224578857422,0,0.0,0.0
2011-03-09 00:00:00+09:00,118.9664923095703,145.17944824218748,116.95011108398437,134.4254150390625,1057700,0.0,0.0
2011-03-10 00:00:00+09:00,133.08115582690812,134.42540992616983,125.6877582809688,128.3762664794922,106500,0.0,0.0
2011-03-11 00:00:00+09:00,124.34353126487152,134.4254392052665,124.34353126487152,132.4090576171875,73100,0.0,0.0
2011-03-14 00:00:00+09:00,132.4090576171875,132.4090576171875,132.4090576171875,132.4090576171875,0,0.0,0.0
2011-03-15 00:00:00+09:00,85.36014383489436,85.36014383489436,65.19633033058861,73.9339828491211,344300,0.0,0.0
2011-03-16 00:00:00+09:00,67.2127123232241,79.98312766463668,67.2127123232241,72.58972930908203,292800,0.0,0.0
2011-03-17 00:00:00+09:00,67.21269062587193,75.95034040723527,60.49142156328474,75.27821350097656,177800,0.0,0.0
2011-03-18 00:00:00+09:00,78.63887206120278,94.76992274042387,78.63887206120278,90.06503295898438,200600,0.0,0.0
2011-03-22 00:00:00+09:00,100.81905339727338,102.83543446521885,97.45841828403094,101.49118041992188,144100,0.0,0.0
2011-03-23 00:00:00+09:00,107.54035902319487,110.22886799877475,104.17972280372003,108.21248626708984,138000,0.0,0.0
2011-03-24 00:00:00+09:00,114.26160919532347,119.63862609863281,110.22884651784146,119.63862609863281,227800,0.0,0.0
2011-03-25 00:00:00+09:00,129.04839945948402,133.75328902311102,112.9173495270485,115.6058578491211,426200,0.0,0.0
2011-03-28 00:00:00+09:00,123.67137627129082,149.2122039794922,121.65499513643282,149.2122039794922,1757100,0.0,0.0
2011-03-29 00:00:00+09:00,138.4581940005524,143.1630840879498,127.03203235973011,133.0811767578125,542100,0.0,0.0
2011-03-30 00:00:00+09:00,138.45818010965985,138.45818010965985,127.70414670308432,129.04840087890625,158600,0.0,0.0
2011-03-31 00:00:00+09:00,131.06476947088927,132.40902351674455,118.9664830581918,121.65499114990234,306900,0.0,0.0
2011-04-01 00:00:00+09:00,118.29437290736608,119.63862714494978,112.2452288382394,117.62224578857422,247100,0.0,0.0
2011-04-04 00:00:00+09:00,120.98287417020411,122.99925540637419,115.60585754041726,116.27798461914062,174300,0.0,0.0
2011-04-05 00:00:00+09:00,116.2779826374797,116.2779826374797,103.50756835937499,103.507568359375,500600,0.0,0.0
2011-04-06 00:00:00+09:00,106.19606957846129,108.88457766905526,101.49118041992188,101.49118041992188,390700,0.0,0.0
2011-04-07 00:00:00+09:00,104.85182852115271,111.57309958020096,103.50757430934306,106.86820983886719,453200,0.0,0.0
2011-04-08 00:00:00+09:00,106.196080495076,114.93373268770884,104.17969921985305,111.5730972290039,315800,0.0,0.0
2011-04-11 00:00:00+09:00,121.6549959831837,136.44179107506238,120.98286893355284,128.3762664794922,1644000,0.0,0.0
2011-04-12 00:00:00+09:00,130.39265379613758,133.08116212183114,122.32712881905691,131.73690795898438,719000,0.0,0.0
2011-04-13 00:00:00+09:00,135.09753313762386,141.8188034429783,131.73689798494664,137.78604125976562,1134500,0.0,0.0
2011-04-14 00:00:00+09:00,135.7696681126757,166.01538625658858,135.7696681126757,153.91709899902344,2110500,0.0,0.0
2011-04-15 00:00:00+09:00,159.29407678331648,172.73661490849085,145.17941175188338,150.55642700195312,1638600,0.0,0.0
2011-04-18 00:00:00+09:00,144.50731804257347,147.195826285226,135.0975391932896,141.1466827392578,707100,0.0,0.0
2011-04-19 00:00:00+09:00,141.1466934431845,142.4909476664529,131.7369138803055,135.09754943847656,531200,0.0,0.0
2011-04-20 00:00:00+09:00,133.75328638646508,163.32687734628652,133.75328638646508,155.2613525390625,1868900,0.0,0.0
2011-04-21 00:00:00+09:00,157.9498973829017,159.96627905161958,145.17948014768837,147.19586181640625,1061500,0.0,0.0
2011-04-22 00:00:00+09:00,147.19583858143199,152.57285551591355,143.16307588057086,147.8679656982422,324900,0.0,0.0
2011-04-25 00:00:00+09:00,151.22859511264537,153.24497638081397,141.14668877180233,144.50732421875,547500,0.0,0.0
2011-04-26 00:00:00+09:00,144.5073314949318,151.2286027272542,143.16307724846735,145.17945861816406,362400,0.0,0.0
2011-04-27 00:00:00+09:00,145.8515610630737,153.24495816765346,143.83518003455194,149.8843231201172,485900,0.0,0.0
2011-04-28 00:00:00+09:00,149.21219611060994,151.90070414863897,145.8515610630737,149.8843231201172,206400,0.0,0.0
2011-05-02 00:00:00+09:00,149.8843231201172,149.8843231201172,149.8843231201172,149.8843231201172,0,0.0,0.0
2011-05-06 00:00:00+09:00,147.8679656982422,147.8679656982422,147.8679656982422,147.8679656982422,0,0.0,0.0
2011-05-09 00:00:00+09:00,147.8679656982422,147.8679656982422,147.8679656982422,147.8679656982422,0,0.0,0.0
2011-05-10 00:00:00+09:00,151.2285834864566,158.62198090135004,150.55645644873903,153.24496459960938,458000,0.0,0.0
2011-05-11 00:00:00+09:00,156.60564012315538,157.94989454481336,149.88436801486546,151.22862243652344,252100,0.0,0.0
2011-05-12 00:00:00+09:00,149.8843707080301,152.57287959965396,145.8516073705943,147.19586181640625,163200,0.0,0.0
2011-05-13 00:00:00+09:00,144.50731049314072,149.21219967198715,140.47454833984375,140.47454833984375,235300,0.0,0.0
2011-05-16 00:00:00+09:00,139.13029428874478,143.8351834675912,137.78604023764578,140.47454833984375,242200,0.0,0.0
2011-05-17 00:00:00+09:00,143.1630840879498,143.1630840879498,131.7369224471275,133.0811767578125,208000,0.0,0.0
2011-05-18 00:00:00+09:00,132.4090250154821,139.13029532083652,132.4090250154821,137.78604125976562,116900,0.0,0.0
2011-05-19 00:00:00+09:00,139.80243716032606,143.8351997707201,139.13031005859375,139.13031005859375,99400,0.0,0.0
2011-05-20 00:00:00+09:00,139.80242513020832,140.47455217410356,129.0483924278846,131.0647735595703,312400,0.0,0.0
2011-05-23 00:00:00+09:00,141.1466890222886,164.67113719267005,139.13030775054162,159.96624755859375,3912600,0.0,0.0
2011-05-24 00:00:00+09:00,155.26139022564064,160.63840806895288,152.57288130398453,155.9335174560547,1132700,0.0,0.0
2011-05-25 00:00:00+09:00,151.90072646869226,154.58923490176645,136.44180297851562,136.44180297851562,785500,0.0,0.0
2011-05-26 00:00:00+09:00,136.4417861865468,144.50731049314072,136.4417861865468,140.47454833984375,544300,0.0,0.0
2011-05-27 00:00:00+09:00,138.45818806585865,144.5073322046583,137.11393381279206,143.835205078125,194900,0.0,0.0
2011-05-30 00:00:00+09:00,143.835205078125,143.835205078125,143.835205078125,143.835205078125,0,0.0,0.0
2011-05-31 00:00:00+09:00,143.835205078125,143.835205078125,143.835205078125,143.835205078125,0,0.0,0.0
2011-06-01 00:00:00+09:00,146.5237054869186,161.9826285428779,143.83519712936047,144.50732421875,1007700,0.0,0.0
2011-06-02 00:00:00+09:00,143.8352248247932,151.90075145048255,142.49097038717832,148.5401153564453,378300,0.0,0.0
2011-06-03 00:00:00+09:00,153.2449662492082,154.58922033911352,147.86794988958684,149.2122039794922,221700,0.0,0.0
2011-06-06 00:00:00+09:00,149.21220509940332,149.21220509940332,145.17944279941943,146.52369689941406,129100,0.0,0.0
2011-06-07 00:00:00+09:00,147.1957924706595,150.55642700195312,145.17941175188338,150.55642700195312,131700,0.0,0.0
2011-06-08 00:00:00+09:00,151.22859661395734,157.27774047851562,145.85157984546106,157.27774047851562,301700,0.0,0.0
2011-06-09 00:00:00+09:00,157.27773374086848,158.62198787540584,152.57284426998783,155.2613525390625,275300,0.0,0.0
2011-06-10 00:00:00+09:00,157.27773197994955,164.67112963712668,155.26135080071944,159.2941131591797,499700,0.0,0.0
2011-06-13 00:00:00+09:00,155.93348020861762,159.29411555794127,151.90071778942925,153.91709899902344,200400,0.0,0.0
2011-06-14 00:00:00+09:00,153.2449572054825,155.26133822134415,150.5564491843337,152.5728302001953,168900,0.0,0.0
2011-06-15 00:00:00+09:00,151.90071329939255,151.90071329939255,145.85156984941676,146.52369689941406,205900,0.0,0.0
2011-06-16 00:00:00+09:00,145.85157839752907,146.5237054869186,142.4909429505814,144.50732421875,133400,0.0,0.0
2011-06-17 00:00:00+09:00,145.1794526158916,147.86796099766735,141.81881713867188,141.81881713867188,120200,0.0,0.0
2011-06-20 00:00:00+09:00,143.83520437169958,145.17945861816406,141.81882300200286,145.17945861816406,57900,0.0,0.0
2011-06-21 00:00:00+09:00,144.5073070440592,149.8843231201172,143.83518003455194,149.8843231201172,95900,0.0,0.0
2011-06-22 00:00:00+09:00,151.22857713913172,152.57283115814622,148.5400691011027,149.8843231201172,77100,0.0,0.0
2011-06-23 00:00:00+09:00,149.88434704867277,149.88434704867277,147.19583858143199,147.8679656982422,50400,0.0,0.0
2011-06-24 00:00:00+09:00,147.86798903931222,147.86798903931222,144.5073529247824,147.19586181640625,74600,0.0,0.0
2011-06-27 00:00:00+09:00,145.85156984941676,149.21220509940332,145.85156984941676,146.52369689941406,42300,0.0,0.0
2011-06-28 00:00:00+09:00,147.19583858143199,149.88434704867277,145.17945723100144,147.8679656982422,65600,0.0,0.0
2011-06-29 00:00:00+09:00,149.88434704867277,150.55647416548297,146.5237114646218,147.8679656982422,58100,0.0,0.0
2011-06-30 00:00:00+09:00,146.5237048452351,147.19583193168114,143.16306941300493,145.85157775878906,42700,0.0,0.0
2011-07-01 00:00:00+09:00,145.85157775878906,146.5237048452351,144.507323585897,145.85157775878906,51300,0.0,0.0
2011-07-04 00:00:00+09:00,147.19583257630813,147.86795966569767,143.83519712936047,144.50732421875,58900,0.0,0.0
2011-07-05 00:00:00+09:00,145.17945723100144,149.21221993186256,144.50733011419123,147.8679656982422,106500,0.0,0.0
2011-07-06 00:00:00+09:00,147.86794209159544,151.22857713913172,147.1958150820882,149.8843231201172,78200,0.0,0.0
2011-07-07 00:00:00+09:00,150.55649961274244,156.6056446864687,147.86799069108633,155.9335174560547,173700,0.0,0.0
2011-07-08 00:00:00+09:00,155.93347843251328,161.98262199239528,154.58922430809508,157.94985961914062,565600,0.0,0.0
2011-07-11 00:00:00+09:00,155.93349420768507,159.96625698891833,155.26136707747955,156.60562133789062,112400,0.0,0.0
2011-07-12 00:00:00+09:00,154.5892584906684,154.5892584906684,150.55649522569445,151.22862243652344,143300,0.0,0.0
2011-07-13 00:00:00+09:00,151.9007105241742,153.24496459960938,149.88432941102144,153.24496459960938,89900,0.0,0.0
2011-07-14 00:00:00+09:00,154.58924865722656,158.62201166567596,153.24499432107677,154.58924865722656,114300,0.0,0.0
2011-07-15 00:00:00+09:00,154.58924865722656,158.62201166567596,153.24499432107677,154.58924865722656,114300,0.0,0.0
2011-07-19 00:00:00+09:00,153.91711625896517,168.70391345414959,153.91711625896517,163.9990234375,332600,0.0,0.0
2011-07-20 00:00:00+09:00,166.01540487320696,171.3924220350922,161.98264200179304,163.9990234375,465400,0.0,0.0
2011-07-21 00:00:00+09:00,163.32688301150537,165.34326428325235,159.2941204680114,159.96624755859375,331400,0.0,0.0
2011-07-22 00:00:00+09:00,161.31051485655738,165.34327772797133,160.6383877113217,163.9990234375,160300,0.0,0.0
2011-07-25 00:00:00+09:00,166.01541212833288,178.78582844589695,166.01541212833288,177.4415740966797,625800,0.0,0.0
2011-07-26 00:00:00+09:00,178.1137012712883,181.47433714433149,174.75306539824513,177.4415740966797,418900,0.0,0.0
2011-07-27 00:00:00+09:00,176.76941116762833,195.58896825011348,173.4087759743274,190.8840789794922,1195100,0.0,0.0
2011-07-28 00:00:00+09:00,186.1791897088709,198.2774764047542,184.16280859289034,190.8840789794922,803600,0.0,0.0
2011-07-29 00:00:00+09:00,188.19556707786361,190.88407517897593,180.1300427745266,180.8021697998047,311300,0.0,0.0
2011-08-01 00:00:00+09:00,179.45792459704214,195.58897399902347,179.45792459704214,195.58897399902344,352900,0.0,0.0
2011-08-02 00:00:00+09:00,192.90046520037862,202.310243990641,190.8840840310367,196.9332275390625,530900,0.0,0.0
2011-08-03 00:00:00+09:00,193.57259398138063,196.9332292935574,187.5234504194625,192.9004669189453,330600,0.0,0.0
2011-08-04 00:00:00+09:00,196.93322811585523,203.6544987000141,194.24471988219167,195.58897399902344,515700,0.0,0.0
2011-08-05 00:00:00+09:00,181.47430363823386,186.8513200423297,176.76941428465003,182.8185577392578,415600,0.0,0.0
2011-08-08 00:00:00+09:00,179.45794777792008,184.83496493980533,159.29413342085041,163.9990234375,397200,0.0,0.0
2011-08-09 00:00:00+09:00,147.8679431152344,174.75302368164063,147.19581610107423,168.03175354003906,478100,0.0,0.0
2011-08-10 00:00:00+09:00,174.7530577612705,178.11369348744878,161.31051485655738,163.9990234375,241400,0.0,0.0
2011-08-11 00:00:00+09:00,155.93349297102108,173.40879821777344,155.93349297102108,173.40879821777344,153700,0.0,0.0
2011-08-12 00:00:00+09:00,173.4087755967671,179.45791893153805,172.06452152237355,172.7366485595703,275000,0.0,0.0
2011-08-15 00:00:00+09:00,174.7530438068726,178.78580635626196,173.4087896237428,175.4251708984375,108400,0.0,0.0
2011-08-16 00:00:00+09:00,174.7530577612705,174.7530577612705,163.9990234375,163.9990234375,169900,0.0,0.0
2011-08-17 00:00:00+09:00,161.31052196269133,165.3432850117586,159.29414043815768,164.67115783691406,108300,0.0,0.0
2011-08-18 00:00:00+09:00,164.67113148082385,166.68751268262986,155.2613525390625,155.2613525390625,172500,0.0,0.0
2011-08-19 00:00:00+09:00,149.88433214940062,151.22858624939525,145.85156984941676,146.52369689941406,206200,0.0,0.0
2011-08-22 00:00:00+09:00,147.1958374478924,147.8679645595266,134.42542232684235,135.09754943847656,250100,0.0,0.0
2011-08-23 00:00:00+09:00,139.80243585234004,142.49094423411583,137.11392747056428,141.81881713867188,208100,0.0,0.0
2011-08-24 00:00:00+09:00,143.8351997707201,146.52370817764944,137.78605585512906,139.13031005859375,161200,0.0,0.0
2011-08-25 00:00:00+09:00,140.4745616824128,145.17945130813953,140.4745616824128,144.50732421875,82800,0.0,0.0
2011-08-26 00:00:00+09:00,144.5073322046583,144.5073322046583,141.81882369852514,143.835205078125,56800,0.0,0.0
2011-08-29 00:00:00+09:00,149.21224348512413,152.57287959965396,145.8516073705943,147.19586181640625,113900,0.0,0.0
2011-08-30 00:00:00+09:00,151.22857713913172,152.57283115814622,149.21219611060994,149.8843231201172,98700,0.0,0.0
2011-08-31 00:00:00+09:00,150.55649793093608,150.55649793093608,147.19586181640625,147.19586181640625,74700,0.0,0.0
2011-09-01 00:00:00+09:00,147.19583858143199,149.21221993186256,146.5237114646218,147.8679656982422,34200,0.0,0.0
2011-09-02 00:00:00+09:00,147.86798813763787,149.21224257525276,144.50735204360063,148.5401153564453,39700,0.0,0.0
2011-09-05 00:00:00+09:00,146.52371286462855,147.19583998786078,144.5073314949318,145.17945861816406,55800,0.0,0.0
2011-09-06 00:00:00+09:00,145.17945397418478,145.17945397418478,139.13031005859375,139.13031005859375,65700,0.0,0.0
2011-09-07 00:00:00+09:00,141.14669004322795,145.85157971133555,139.1303087568961,141.81881713867188,60000,0.0,0.0
2011-09-08 00:00:00+09:00,147.19583323304082,147.19583323304082,142.49094358632263,143.16307067871094,31000,0.0,0.0
2011-09-09 00:00:00+09:00,142.4909429505814,145.17945130813953,142.4909429505814,144.50732421875,44800,0.0,0.0
2011-09-12 00:00:00+09:00,140.4745642620584,142.49094556725544,139.13031005859375,139.13031005859375,58200,0.0,0.0
2011-09-13 00:00:00+09:00,141.81881713867188,143.16307132955976,139.80243585234004,141.81881713867188,17200,0.0,0.0
2011-09-14 00:00:00+09:00,143.16309760598577,143.8352248247932,137.11395263671875,137.11395263671875,53500,0.0,0.0
2011-09-15 00:00:00+09:00,139.13031732119046,139.8024444580078,136.44180877392108,139.8024444580078,43000,0.0,0.0
2011-09-16 00:00:00+09:00,140.47454833984375,140.47454833984375,137.1139132120963,140.47454833984375,32600,0.0,0.0
2011-09-20 00:00:00+09:00,139.1303342931411,141.14671594956343,137.11395263671875,137.11395263671875,47000,0.0,0.0
2011-09-21 00:00:00+09:00,137.7860571950527,138.45818430332127,135.76967587024706,136.44180297851562,45700,0.0,0.0
2011-09-22 00:00:00+09:00,134.42541081854637,134.42541081854637,122.99925089896993,126.3598861694336,163000,0.0,0.0
2011-09-26 00:00:00+09:00,122.99927894932449,122.99927894932449,105.52397155761719,105.52397155761719,178900,0.0,0.0
2011-09-27 00:00:00+09:00,114.26161722703414,118.29438018798828,112.91736290671608,118.29438018798828,97400,0.0,0.0
2011-09-28 00:00:00+09:00,117.62223610511194,124.34350673968976,112.24521959744968,122.3271255493164,205900,0.0,0.0
2011-09-29 00:00:00+09:00,116.9501305251825,123.67140239444586,116.9501305251825,122.99927520751953,73300,0.0,0.0
2011-09-30 00:00:00+09:00,124.3435295813722,126.3599111421512,122.32714802059319,122.99927520751953,85500,0.0,0.0
2011-10-03 00:00:00+09:00,116.27798431221096,122.32712800475372,115.60585723526175,116.95011138916016,44400,0.0,0.0
2011-10-04 00:00:00+09:00,113.58948516845705,116.27799369315424,110.22884951258553,113.58948516845703,38800,0.0,0.0
2011-10-05 00:00:00+09:00,114.93372344970703,118.29435863829495,114.26159641198944,114.93372344970703,24500,0.0,0.0
2011-10-06 00:00:00+09:00,115.60586443219867,118.96650002615793,114.26161019461496,117.62224578857422,17700,0.0,0.0
2011-10-07 00:00:00+09:00,118.96649700662364,127.70414932914402,118.96649700662364,123.67138671875,82100,0.0,0.0
2011-10-11 00:00:00+09:00,128.3762737909953,131.06478214263916,127.03201961517334,129.04840087890625,81200,0.0,0.0
2011-10-12 00:00:00+09:00,128.3762737909953,130.3926550547282,126.35989252726237,129.04840087890625,17700,0.0,0.0
2011-10-13 00:00:00+09:00,129.04841236076732,137.1139381333153,129.04841236076732,135.76968383789062,75600,0.0,0.0
2011-10-14 00:00:00+09:00,134.42543106849746,134.42543106849746,131.7369224471275,133.0811767578125,48500,0.0,0.0
2011-10-17 00:00:00+09:00,135.76967655011077,137.1139307733792,133.08116810357393,135.09754943847656,37100,0.0,0.0
2011-10-18 00:00:00+09:00,131.73693215167583,132.40905935653132,127.70416892254289,129.72055053710938,66300,0.0,0.0
2011-10-19 00:00:00+09:00,131.06478087756096,133.75328920325452,128.37627255186743,131.73690795898438,28700,0.0,0.0
2011-10-20 00:00:00+09:00,131.73689317211662,133.081147184077,128.37625814221568,130.39263916015625,19900,0.0,0.0
2011-10-21 00:00:00+09:00,129.72052796681723,131.06478214263916,125.68776543935141,129.04840087890625,35400,0.0,0.0
2011-10-24 00:00:00+09:00,131.06480322513485,133.08118481321384,127.03204004897685,132.4090576171875,33800,0.0,0.0
2011-10-25 00:00:00+09:00,132.40904099193972,135.09754943847656,131.0647867686713,135.09754943847656,70000,0.0,0.0
2011-10-26 00:00:00+09:00,132.40904099193972,135.09754943847656,131.7369138803055,135.09754943847656,18200,0.0,0.0
2011-10-27 00:00:00+09:00,135.0975709802964,137.7860798555262,131.7369348862592,137.11395263671875,30400,0.0,0.0
2011-10-28 00:00:00+09:00,138.45818430332127,138.45818430332127,135.09754876197852,136.44180297851562,31600,0.0,0.0
2011-10-31 00:00:00+09:00,140.4745616824128,145.17945130813953,138.4581804142442,144.50732421875,104200,0.0,0.0
2011-11-01 00:00:00+09:00,144.50732486348755,145.8515790482642,141.14668940154598,143.16307067871094,67000,0.0,0.0
2011-11-02 00:00:00+09:00,138.4581672631953,140.47454833984375,137.78604023764578,140.47454833984375,38000,0.0,0.0
2011-11-04 00:00:00+09:00,141.81882369852514,143.835205078125,140.47456944545854,143.835205078125,41400,0.0,0.0
2011-11-07 00:00:00+09:00,145.17945130813953,146.5237054869186,143.16307003997093,144.50732421875,91000,0.0,0.0
2011-11-08 00:00:00+09:00,136.44179198082458,137.78604608901003,125.01563206124813,126.3598861694336,239100,0.0,0.0
2011-11-09 00:00:00+09:00,127.70414056624959,127.70414056624959,122.99925117696671,125.68775939941406,73700,0.0,0.0
2011-11-10 00:00:00+09:00,122.99927520751953,124.3435295813722,120.98289364674052,122.99927520751953,52400,0.0,0.0
2011-11-11 00:00:00+09:00,120.98288882862437,120.98288882862437,116.2779987075112,118.29438018798828,55000,0.0,0.0
2011-11-14 00:00:00+09:00,119.63861058410987,121.65499166137015,118.96648355835644,120.31073760986328,54300,0.0,0.0
2011-11-15 00:00:00+09:00,122.32712554931642,123.67137967623198,121.65499848585863,122.3271255493164,40400,0.0,0.0
2011-11-16 00:00:00+09:00,122.32711868712357,122.32711868712357,120.3107376098633,120.31073760986328,16100,0.0,0.0
2011-11-17 00:00:00+09:00,122.99925008244539,128.3762664794922,118.9664877846603,128.3762664794922,63200,0.0,0.0
2011-11-18 00:00:00+09:00,126.35990825452302,128.37628976922286,125.0156539113898,127.70416259765625,30400,0.0,0.0
2011-11-21 00:00:00+09:00,125.68778108295642,129.04841694078948,125.68778108295642,127.70416259765625,44800,0.0,0.0
2011-11-22 00:00:00+09:00,127.70416259765625,127.70416259765625,127.70416259765625,127.70416259765625,0,0.0,0.0
2011-11-24 00:00:00+09:00,136.4417887932092,137.1139158315994,132.40902656286806,133.75328063964844,39400,0.0,0.0
2011-11-25 00:00:00+09:00,133.08118932387407,141.14671594956343,133.08118932387407,137.11395263671875,47600,0.0,0.0
2011-11-28 00:00:00+09:00,134.42544376148896,139.1303342931411,134.42544376148896,137.11395263671875,24700,0.0,0.0
2011-11-29 00:00:00+09:00,138.45818430332127,140.47456562812692,135.76967587024706,136.44180297851562,21300,0.0,0.0
2011-11-30 00:00:00+09:00,134.42543106849746,135.09755822383997,126.35990520438762,133.0811767578125,75900,0.0,0.0
2011-12-01 00:00:00+09:00,133.08115582690812,133.75328287653898,127.70413942986133,128.3762664794922,72300,0.0,0.0
2011-12-02 00:00:00+09:00,129.0484233322539,133.0811865613868,127.70416892254289,129.72055053710938,86300,0.0,0.0
2011-12-05 00:00:00+09:00,128.37629612739838,130.39267774196486,125.01566010312094,129.72055053710938,69300,0.0,0.0
2011-12-06 00:00:00+09:00,127.70416259765625,129.04841694078948,127.03203542608964,127.70416259765625,21700,0.0,0.0
2011-12-07 00:00:00+09:00,127.70413834009415,131.0647735595703,127.03201129619892,131.0647735595703,46900,0.0,0.0
2011-12-08 00:00:00+09:00,130.39264762838474,130.39264762838474,127.70413942986133,128.3762664794922,20500,0.0,0.0
2011-12-09 00:00:00+09:00,125.68778108295642,128.37628976922286,125.68778108295642,127.70416259765625,25200,0.0,0.0
2011-12-12 00:00:00+09:00,128.3762664794922,129.04839352912302,127.03201238023048,128.3762664794922,31400,0.0,0.0
2011-12-13 00:00:00+09:00,129.04840478756157,136.44180297851562,128.37627767929303,136.44180297851562,97600,0.0,0.0
2011-12-14 00:00:00+09:00,136.4417887932092,137.1139158315994,133.08115360125825,133.75328063964844,76600,0.0,0.0
2011-12-15 00:00:00+09:00,131.73690172764643,132.40902877727729,128.3762664794922,128.3762664794922,33900,0.0,0.0
2011-12-16 00:00:00+09:00,131.73690172764643,132.40902877727729,128.3762664794922,128.3762664794922,33900,0.0,0.0
2011-12-19 00:00:00+09:00,128.37627643087635,128.37627643087635,123.67138671875,123.67138671875,26300,0.0,0.0
2011-12-20 00:00:00+09:00,124.34350528819039,125.68775939941406,124.34350528819039,125.68775939941406,10200,0.0,0.0
2011-12-21 00:00:00+09:00,127.70414766180453,128.3762747547614,125.01563928997706,127.03202056884766,19200,0.0,0.0
2011-12-22 00:00:00+09:00,126.3599102948163,127.03203747723553,123.67140156513936,124.3435287475586,11400,0.0,0.0
2011-12-26 00:00:00+09:00,124.3435287475586,124.3435287475586,124.3435287475586,124.3435287475586,0,0.0,0.0
2011-12-27 00:00:00+09:00,122.9992526127742,124.34350673968976,122.32712554931642,122.3271255493164,10700,0.0,0.0
2011-12-28 00:00:00+09:00,124.0500525788888,124.73921953766039,119.22588386748755,123.36088562011719,17100,4.5,0.0
2011-12-29 00:00:00+09:00,124.0500525788888,124.0500525788888,119.22588386748755,123.36088562011719,36000,0.0,0.0
2011-12-30 00:00:00+09:00,122.67170715332031,122.67170715332031,121.29337336508075,122.67170715332031,11900,0.0,0.0
2012-01-04 00:00:00+09:00,119.91503957684121,124.73920783567965,119.91503957684121,122.67170715332031,47800,0.0,0.0
2012-01-05 00:00:00+09:00,123.36087404744009,123.36087404744009,121.98254025920053,122.67170715332031,41100,0.0,0.0
2012-01-06 00:00:00+09:00,122.67171064104352,122.67171064104352,119.91504298618861,120.60420989990234,34700,0.0,0.0
2012-01-10 00:00:00+09:00,121.29335427149542,122.67168784276241,120.60418748586191,121.9825210571289,25200,0.0,0.0
2012-01-11 00:00:00+09:00,121.29337681361606,121.98254372732978,119.22587607247488,120.60420989990234,24900,0.0,0.0
2012-01-12 00:00:00+09:00,119.22587607247488,121.29337681361606,119.22587607247488,120.60420989990234,18000,0.0,0.0
2012-01-13 00:00:00+09:00,121.29336547851564,121.29336547851564,119.91503177989614,121.29336547851562,6700,0.0,0.0
2012-01-16 00:00:00+09:00,119.22587975688364,121.29338056191631,117.84754588686187,119.91504669189453,14400,0.0,0.0
2012-01-17 00:00:00+09:00,119.22587975688364,121.29338056191631,115.7800450818292,119.91504669189453,29600,0.0,0.0
2012-01-18 00:00:00+09:00,120.60418748586191,122.67168784276241,118.53668712896142,121.9825210571289,28700,0.0,0.0
2012-01-19 00:00:00+09:00,123.36086704966786,126.11753446977217,121.98253333961571,125.4283676147461,33600,0.0,0.0
2012-01-20 00:00:00+09:00,124.73924230627112,128.1850777290963,124.73924230627112,127.49591064453125,37200,0.0,0.0
2012-01-23 00:00:00+09:00,128.87421838442484,133.00922004381815,127.4958844979604,132.32005310058594,53300,0.0,0.0
2012-01-24 00:00:00+09:00,133.6983671642485,134.38753400530132,129.56336611793154,130.25253295898438,50400,0.0,0.0
2012-01-25 00:00:00+09:00,130.25255195130694,131.63088583438955,128.8742180682243,129.56338500976562,30700,0.0,0.0
2012-01-26 00:00:00+09:00,129.56338500976562,131.63088583438955,129.56338500976562,129.56338500976562,20200,0.0,0.0
2012-01-27 00:00:00+09:00,127.49588787874437,129.56338876326456,127.49588787874437,128.8742218017578,10800,0.0,0.0
2012-01-30 00:00:00+09:00,126.80672091723764,129.56338876326456,126.80672091723764,128.8742218017578,10600,0.0,0.0
2012-01-31 00:00:00+09:00,132.3200802364865,132.3200802364865,126.1175764754012,127.49591064453125,73100,0.0,0.0
2012-02-01 00:00:00+09:00,126.80674355996622,128.1850777290963,124.73924230627112,127.49591064453125,14000,0.0,0.0
2012-02-02 00:00:00+09:00,126.80672091723764,128.8742218017578,126.11755395573091,128.8742218017578,19100,0.0,0.0
2012-02-03 00:00:00+09:00,126.80672091723764,128.8742218017578,126.80672091723764,128.8742218017578,34500,0.0,0.0
2012-02-06 00:00:00+09:00,130.25253295898438,133.00920032319567,129.56336611793154,130.25253295898438,41100,0.0,0.0
2012-02-07 00:00:00+09:00,131.6308901273287,134.38755798339844,130.94172316331128,134.38755798339844,68700,0.0,0.0
2012-02-08 00:00:00+09:00,134.38754377693965,146.10338092672416,134.38754377693965,139.90087890625,193300,0.0,0.0
2012-02-09 00:00:00+09:00,141.2792205810547,144.03588829970943,139.21171979206366,141.2792205810547,130700,0.0,0.0
2012-02-10 00:00:00+09:00,141.96838155946773,150.92755126953125,141.96838155946773,150.92755126953125,202500,0.0,0.0
2012-02-13 00:00:00+09:00,148.86008808947258,156.44092590884387,148.1709210149843,152.30592346191406,188300,0.0,0.0
2012-02-14 00:00:00+09:00,157.81921921861115,160.5758868032157,141.27921371098378,145.41421508789062,408400,0.0,0.0
2012-02-15 00:00:00+09:00,143.34670655465013,145.4142071299576,141.27920597934266,144.03587341308594,80200,0.0,0.0
2012-02-16 00:00:00+09:00,143.3467036452249,150.23837208970684,141.96836995632847,147.48170471191406,84600,0.0,0.0
2012-02-17 00:00:00+09:00,145.41420417856946,148.17087155636224,145.41420417856946,147.48170471191406,48300,0.0,0.0
2012-02-20 00:00:00+09:00,145.41421508789062,148.17088267249517,145.41421508789062,145.41421508789062,56500,0.0,0.0
2012-02-21 00:00:00+09:00,145.4142114171442,151.61671332593232,142.65754390212723,146.10337829589844,77300,0.0,0.0
2012-02-22 00:00:00+09:00,144.72504453838997,146.79254517465267,144.72504453838997,146.10337829589844,25900,0.0,0.0
2012-02-23 00:00:00+09:00,148.17090610205304,149.5492401123047,147.4817390969272,149.5492401123047,44900,0.0,0.0
2012-02-24 00:00:00+09:00,148.86005613182772,164.021728515625,148.86005613182772,164.021728515625,333100,0.0,0.0
2012-02-27 00:00:00+09:00,161.26506415764152,166.7783996843985,157.8192294534184,160.57589721679688,117700,0.0,0.0
2012-02-28 00:00:00+09:00,158.50839982952988,164.0217354757744,154.3733980948465,157.13006591796875,99000,0.0,0.0
2012-02-29 00:00:00+09:00,157.13005808602392,161.2650596146035,155.75172424316406,155.75172424316406,26200,0.0,0.0
2012-03-01 00:00:00+09:00,151.61670885587995,152.30587571431576,144.03587341308594,144.03587341308594,142600,0.0,0.0
2012-03-02 00:00:00+09:00,144.03588129558833,147.48171577634403,141.96838060713492,145.41421508789062,76100,0.0,0.0
2012-03-05 00:00:00+09:00,144.0358807844816,144.0358807844816,140.59004631595334,142.6575469970703,76400,0.0,0.0
2012-03-06 00:00:00+09:00,142.6575469970703,142.6575469970703,142.6575469970703,142.6575469970703,0,0.0,0.0
2012-03-07 00:00:00+09:00,141.96842208563112,143.34675628063724,139.21175369561888,140.590087890625,19900,0.0,0.0
2012-03-08 00:00:00+09:00,140.590087890625,140.590087890625,140.590087890625,140.590087890625,0,0.0,0.0
2012-03-09 00:00:00+09:00,150.92753893415505,151.61670577860323,145.41420417856946,147.48170471191406,70900,0.0,0.0
2012-03-12 00:00:00+09:00,147.48170471191406,147.48170471191406,147.48170471191406,147.48170471191406,0,0.0,0.0
2012-03-13 00:00:00+09:00,161.26506415764152,164.02173192102,159.19756333510765,160.57589721679688,109500,0.0,0.0
2012-03-14 00:00:00+09:00,161.954221417827,172.2917249125819,159.19755381922567,170.91339111328125,234600,0.0,0.0
2012-03-15 00:00:00+09:00,203.9934223562047,218.46592867201653,188.14258210555366,190.2100830078125,1306200,0.0,0.0
2012-03-16 00:00:00+09:00,184.69674249992516,189.52091114731127,176.42673910440612,179.87257385253906,386200,0.0,0.0
2012-03-19 00:00:00+09:00,182.62923750766487,190.21007378156796,177.80506896972656,177.80506896972656,220900,0.0,0.0
2012-03-21 00:00:00+09:00,178.4942439108184,184.0075796300715,175.73757605119187,181.94007873535156,126200,0.0,0.0
2012-03-22 00:00:00+09:00,182.6292416510454,186.07507639917833,178.49423995328587,179.87257385253906,91300,0.0,0.0
2012-03-23 00:00:00+09:00,176.42675401264592,179.1834220440935,175.73758700478402,177.1159210205078,95600,0.0,0.0
2012-03-26 00:00:00+09:00,176.42674153645834,177.11590849558513,165.4000701904297,165.4000701904297,129000,0.0,0.0
2012-03-27 00:00:00+09:00,166.77839768777682,175.04840087890625,166.77839768777682,175.04840087890625,45400,0.0,0.0
2012-03-28 00:00:00+09:00,175.73756781150038,177.80506860928273,173.670067013718,175.04840087890625,39300,0.0,0.0
2012-03-29 00:00:00+09:00,172.98086907958984,175.04836950683594,170.91336865234373,172.2917022705078,23200,0.0,0.0
2012-03-30 00:00:00+09:00,172.29172540089442,173.67005920410156,170.22422469608367,173.67005920410156,35600,0.0,0.0
2012-04-02 00:00:00+09:00,179.18340065696023,192.9667391690341,175.73756602894176,189.52090454101562,328800,0.0,0.0
2012-04-03 00:00:00+09:00,192.96674262152777,192.96674262152777,181.94007161458333,186.0750732421875,217700,0.0,0.0
2012-04-04 00:00:00+09:00,184.69673013687134,186.07506394386292,176.42672729492188,176.42672729492188,73600,0.0,0.0
2012-04-05 00:00:00+09:00,175.04839085992776,184.69672736401827,174.35922396677844,182.6292266845703,68400,0.0,0.0
2012-04-06 00:00:00+09:00,181.25089702321523,185.38589847621634,179.87256320554818,184.6967315673828,32100,0.0,0.0
2012-04-09 00:00:00+09:00,182.6292266845703,183.31839357771963,179.872559111973,182.6292266845703,30100,0.0,0.0
2012-04-10 00:00:00+09:00,181.25089289827164,182.6292266845703,177.80505843252504,182.6292266845703,46500,0.0,0.0
2012-04-11 00:00:00+09:00,176.42671757958803,184.00755310058597,175.73755071404275,184.00755310058594,52500,0.0,0.0
2012-04-12 00:00:00+09:00,186.07508182525635,199.1692542499966,184.00758091608685,198.48008728027344,199300,0.0,0.0
2012-04-13 00:00:00+09:00,199.85839982047182,232.93841082523957,194.34506465301052,228.11424255371094,1257400,0.0,0.0
2012-04-16 00:00:00+09:00,224.6683984946089,241.20840329175803,219.84423042877373,235.695068359375,858100,0.0,0.0
2012-04-17 00:00:00+09:00,231.56010454963234,239.8301082835478,230.1817705939798,234.3167724609375,285000,0.0,0.0
2012-04-18 00:00:00+09:00,236.3842453049029,236.3842453049029,225.3575749699803,228.11424255371094,153100,0.0,0.0
2012-04-19 00:00:00+09:00,228.80340309351521,266.01841444005083,225.35756870957673,252.23507690429688,907900,0.0,0.0
2012-04-20 00:00:00+09:00,254.99174480196797,273.5992505037332,249.47840977922272,272.2209167480469,574500,0.0,0.0
2012-04-23 00:00:00+09:00,272.2209372171542,294.274278966392,258.43759862388055,282.5584411621094,506000,0.0,0.0
2012-04-24 00:00:00+09:00,274.97761815255853,289.4501243711142,261.19427889679116,263.26177978515625,482100,0.0,0.0
2012-04-25 00:00:00+09:00,268.08594442483303,287.382619087803,257.05927318885017,261.19427490234375,415300,0.0,0.0
2012-04-26 00:00:00+09:00,267.39682565608496,270.1534939618178,242.58681090448943,244.65431213378906,266800,0.0,0.0
2012-04-27 00:00:00+09:00,247.41093819900598,258.4376095393516,239.14093469374671,246.72177124023438,243800,0.0,0.0
2012-05-01 00:00:00+09:00,248.10011706904902,261.19428991435996,246.72178308533208,255.6809539794922,225900,0.0,0.0
2012-05-02 00:00:00+09:00,248.10011706904902,261.19428991435996,246.72178308533208,255.6809539794922,225900,0.0,0.0
2012-05-07 00:00:00+09:00,244.6542891350345,250.85679223986637,234.31678396031475,237.7626190185547,147200,0.0,0.0
2012-05-08 00:00:00+09:00,233.62760390244523,271.53178742644076,230.870936009791,265.32928466796875,382900,0.0,0.0
2012-05-09 00:00:00+09:00,264.64011177007296,291.517623121721,261.88344393913474,283.24761962890625,680400,0.0,0.0
2012-05-10 00:00:00+09:00,279.8017868920771,288.76095740832585,259.1267780084261,263.26177978515625,241400,0.0,0.0
2012-05-11 00:00:00+09:00,268.7751553853353,274.97765897115073,234.31680213080514,248.1001434326172,264400,0.0,0.0
2012-05-14 00:00:00+09:00,242.58677499505538,246.03260986714423,207.43925929974907,217.77676391601562,339700,0.0,0.0
2012-05-15 00:00:00+09:00,208.12842197105533,213.6417576524078,187.45341316598362,210.1959228515625,611600,0.0,0.0
2012-05-16 00:00:00+09:00,200.54759131850352,211.57426300611885,181.94008284565268,186.76425170898438,509200,0.0,0.0
2012-05-17 00:00:00+09:00,194.34507452581346,206.7500792827803,186.76423828544486,200.54757690429688,350800,0.0,0.0
2012-05-18 00:00:00+09:00,190.2100609312666,205.37173245477337,188.83172715640237,194.34506225585938,251400,0.0,0.0
2012-05-21 00:00:00+09:00,195.7234090849707,210.88508161972197,195.7234090849707,206.0609130859375,210200,0.0,0.0
2012-05-22 00:00:00+09:00,208.12839693757448,238.45173953775088,208.12839693757448,235.0059051513672,535700,0.0,0.0
2012-05-23 00:00:00+09:00,228.11426853228218,239.83010709738429,216.39842996718008,217.77676391601562,289000,0.0,0.0
2012-05-24 00:00:00+09:00,220.53337832225913,223.97921235854443,200.54754091180442,207.439208984375,178000,0.0,0.0
2012-05-25 00:00:00+09:00,212.95257149490655,214.3309052909901,202.61506802428002,210.88507080078125,109900,0.0,0.0
2012-05-28 00:00:00+09:00,208.12842549641925,210.88509338378907,203.9934236653646,206.75009155273438,79200,0.0,0.0
2012-05-29 00:00:00+09:00,203.3042543851412,228.11426508976862,203.3042543851412,223.97926330566406,104100,0.0,0.0
2012-05-30 00:00:00+09:00,226.73593067445967,227.42509763699601,210.19592357358724,218.46592712402344,97600,0.0,0.0
2012-05-31 00:00:00+09:00,210.19592357358724,219.84426104909616,210.19592357358724,218.46592712402344,51200,0.0,0.0
2012-06-01 00:00:00+09:00,215.02004386420265,217.7767110932309,206.75004217711793,207.439208984375,112200,0.0,0.0
2012-06-04 00:00:00+09:00,196.41259364944568,200.54759562101296,187.4534227110499,191.5884246826172,137700,0.0,0.0
2012-06-05 00:00:00+09:00,193.65590990720875,197.10174460306655,188.8317413330078,188.8317413330078,117200,0.0,0.0
2012-06-06 00:00:00+09:00,192.2775845527649,199.8584212197198,190.2100836435954,198.48008728027344,115700,0.0,0.0
2012-06-07 00:00:00+09:00,203.99341228574414,207.43924695273304,198.48007681856186,206.0609130859375,93100,0.0,0.0
2012-06-08 00:00:00+09:00,206.7500662296376,207.43923311706973,194.34506225585938,194.34506225585938,96500,0.0,0.0
2012-06-11 00:00:00+09:00,199.8584218343099,206.75009155273438,199.16925486246745,206.75009155273438,81000,0.0,0.0
2012-06-12 00:00:00+09:00,200.5475653286638,203.30423289331898,199.16923154633622,199.8583984375,34400,0.0,0.0
2012-06-13 00:00:00+09:00,203.3042279570347,204.68256170589595,193.65589171500594,195.0342254638672,71400,0.0,0.0
2012-06-14 00:00:00+09:00,195.03425614094485,199.16925803792603,192.9667551924543,197.79092407226562,44500,0.0,0.0
2012-06-15 00:00:00+09:00,198.4800986293372,199.16926563846684,192.96676255630004,193.6559295654297,33900,0.0,0.0
2012-06-18 00:00:00+09:00,202.61511191091228,214.33095171528475,200.5476107689642,213.64178466796875,155800,0.0,0.0
2012-06-19 00:00:00+09:00,209.50674738479873,215.70924977448027,203.3042449951172,203.3042449951172,86900,0.0,0.0
2012-06-20 00:00:00+09:00,208.12841352042506,208.12841352042506,199.16924340199614,203.3042449951172,79500,0.0,0.0
2012-06-21 00:00:00+09:00,206.75008001933526,207.43924695273304,202.61507841894857,206.0609130859375,54100,0.0,0.0
2012-06-22 00:00:00+09:00,201.23674052470437,206.06090896194044,200.54757360509922,203.993408203125,97500,0.0,0.0
2012-06-25 00:00:00+09:00,206.0609203247487,207.4392542399644,199.858417706278,201.92591857910156,57600,0.0,0.0
2012-06-26 00:00:00+09:00,200.5475567025198,201.2367235640405,193.65588808731295,195.723388671875,70400,0.0,0.0
2012-06-27 00:00:00+09:00,195.0342524316576,200.54758818944296,194.34508546193442,198.48008728027344,51500,0.0,0.0
2012-06-28 00:00:00+09:00,198.480087890625,210.1959264119466,198.480087890625,206.75009155273438,118200,0.0,0.0
2012-06-29 00:00:00+09:00,204.68259158134458,220.53343200683594,202.6150906562805,220.53343200683594,186300,0.0,0.0
2012-07-02 00:00:00+09:00,223.97926282431425,226.73593067445967,218.46592712402344,218.46592712402344,141900,0.0,0.0
2012-07-03 00:00:00+09:00,220.533439683618,226.04677567570846,220.533439683618,221.91177368164062,107900,0.0,0.0
2012-07-04 00:00:00+09:00,221.91176595687864,226.73593478202818,220.53343200683594,220.53343200683594,44500,0.0,0.0
2012-07-05 00:00:00+09:00,221.91178923576106,223.29012333039313,212.95261762065272,213.64178466796875,48700,0.0,0.0
2012-07-06 00:00:00+09:00,216.39839846127995,216.39839846127995,212.26339721679688,212.26339721679688,17700,0.0,0.0
2012-07-09 00:00:00+09:00,212.2633766351744,216.39837747871678,207.439208984375,207.439208984375,59100,0.0,0.0
2012-07-10 00:00:00+09:00,207.43925852457681,210.88509338378907,203.9934236653646,206.75009155273438,44500,0.0,0.0
2012-07-11 00:00:00+09:00,206.75008728235656,206.75008728235656,201.92591857910156,201.92591857910156,43100,0.0,0.0
2012-07-12 00:00:00+09:00,204.68257885949086,204.68257885949086,199.16924340199614,203.3042449951172,46400,0.0,0.0
2012-07-13 00:00:00+09:00,201.9259376525879,202.61510467529297,196.41260147094727,201.2367706298828,28200,0.0,0.0
2012-07-17 00:00:00+09:00,197.10175334082712,203.99342303805884,195.0342524316576,198.48008728027344,35400,0.0,0.0
2012-07-18 00:00:00+09:00,199.16923154633622,203.99339978448276,196.41256398168105,199.8583984375,45600,0.0,0.0
2012-07-19 00:00:00+09:00,202.6150890986125,202.6150890986125,195.0342524316576,198.48008728027344,26500,0.0,0.0
2012-07-20 00:00:00+09:00,198.48005611795776,200.5475567025198,192.27755436427157,195.723388671875,21000,0.0,0.0
2012-07-23 00:00:00+09:00,192.2775397338867,192.2775397338867,164.71086737060546,172.2917022705078,154600,0.0,0.0
2012-07-24 00:00:00+09:00,166.77839622176995,170.22423085445115,152.30589076450892,164.021728515625,184200,0.0,0.0
2012-07-25 00:00:00+09:00,163.33254411828662,171.6025463521239,162.64337726546685,170.22421264648438,52900,0.0,0.0
2012-07-26 00:00:00+09:00,168.84591283877035,170.22424682112765,164.02174390051977,166.77841186523438,65500,0.0,0.0
2012-07-27 00:00:00+09:00,170.2242226078825,184.69672736401827,168.84588882158386,182.6292266845703,111600,0.0,0.0
2012-07-30 00:00:00+09:00,182.6292533000917,185.3859212744327,177.11591735140968,180.56175231933594,54000,0.0,0.0
2012-07-31 00:00:00+09:00,180.5617448055383,182.62924570025822,177.80507694591176,181.94007873535156,28100,0.0,0.0
2012-08-01 00:00:00+09:00,177.80506061372301,179.87256131853377,172.98089230249798,173.67005920410156,54100,0.0,0.0
2012-08-02 00:00:00+09:00,173.67007130589977,181.25090775179223,173.67007130589977,179.87257385253906,30200,0.0,0.0
2012-08-03 00:00:00+09:00,177.80506484087778,182.62923326679305,175.73756408691406,175.73756408691406,38800,0.0,0.0
2012-08-06 00:00:00+09:00,165.40006645487554,168.15673422912346,154.37339535788382,166.0892333984375,113200,0.0,0.0
2012-08-07 00:00:00+09:00,155.75172152377593,158.50838916136487,135.07671424185875,139.2117156982422,565700,0.0,0.0
2012-08-08 00:00:00+09:00,141.2792205810547,143.34672137004574,139.21171979206366,141.2792205810547,191200,0.0,0.0
2012-08-09 00:00:00+09:00,143.3466897667001,154.37335821029242,141.96835621125106,150.2383575439453,301800,0.0,0.0
2012-08-10 00:00:00+09:00,147.48171577634403,148.8600495686463,145.41421508789062,145.41421508789062,75800,0.0,0.0
2012-08-13 00:00:00+09:00,146.7925408468292,148.86004142213667,141.9683728377785,144.03587341308594,91600,0.0,0.0
2012-08-14 00:00:00+09:00,144.72504767818725,145.41421457189293,141.96838010336467,142.6575469970703,66100,0.0,0.0
2012-08-15 00:00:00+09:00,145.41421403556035,145.41421403556035,139.90087890625,139.90087890625,92300,0.0,0.0
2012-08-16 00:00:00+09:00,141.96836995632847,152.30587262305144,140.59003626743208,147.48170471191406,103000,0.0,0.0
2012-08-17 00:00:00+09:00,147.48175435670666,150.2384226624395,145.41425312740702,146.79258728027344,110500,0.0,0.0
2012-08-20 00:00:00+09:00,146.7925371442522,146.7925371442522,142.65753609793526,144.72503662109375,65300,0.0,0.0
2012-08-21 00:00:00+09:00,144.03588129558833,146.10338198404176,141.96838060713492,145.41421508789062,54700,0.0,0.0
2012-08-22 00:00:00+09:00,144.72504819173946,146.7925488801929,144.03588129558833,145.41421508789062,39100,0.0,0.0
2012-08-23 00:00:00+09:00,146.79254050876784,158.5083770751953,146.10337365191916,158.5083770751953,154600,0.0,0.0
2012-08-24 00:00:00+09:00,154.37338805896965,171.60256083340823,152.99505423701459,164.7108917236328,298400,0.0,0.0
2012-08-27 00:00:00+09:00,170.22421459065438,179.18338377963622,167.46754714789077,178.4942169189453,302900,0.0,0.0
2012-08-28 00:00:00+09:00,175.04840191145587,190.21007451795992,169.53506641818169,183.3184051513672,275800,0.0,0.0
2012-08-29 00:00:00+09:00,194.3450964623755,199.85843253223013,186.7642593663254,188.14259338378906,720900,0.0,0.0
2012-08-30 00:00:00+09:00,185.3858965313624,188.83173103938026,170.91339159768725,173.67005920410156,303400,0.0,0.0
2012-08-31 00:00:00+09:00,173.67006291241287,178.49423132664654,172.29172907977465,172.98089599609375,87600,0.0,0.0
2012-09-03 00:00:00+09:00,178.49425084804133,178.49425084804133,168.15674597267213,169.5350799560547,91200,0.0,0.0
2012-09-04 00:00:00+09:00,170.22422746571985,171.6025612913532,164.7108921631864,167.46755981445312,32900,0.0,0.0
2012-09-05 00:00:00+09:00,168.15673422912346,168.84590117268544,165.40006645487554,166.0892333984375,53900,0.0,0.0
2012-09-06 00:00:00+09:00,166.08924545404565,180.56175231933594,166.08924545404565,180.56175231933594,212400,0.0,0.0
2012-09-07 00:00:00+09:00,180.56173251282937,184.69673402075674,175.04839716892616,175.73756408691406,104600,0.0,0.0
2012-09-10 00:00:00+09:00,177.11588319756348,178.4942169189453,175.04838261549077,178.4942169189453,26100,0.0,0.0
2012-09-11 00:00:00+09:00,178.4942275153266,181.2508951217409,173.67005920410156,173.67005920410156,40900,0.0,0.0
2012-09-12 00:00:00+09:00,176.42671633687257,180.56171750101802,176.42671633687257,178.4942169189453,62400,0.0,0.0
2012-09-13 00:00:00+09:00,179.1834038628472,190.21007486979164,177.80506998697916,186.0750732421875,197500,0.0,0.0
2012-09-14 00:00:00+09:00,188.8317302607457,194.34506545084048,184.69672886817463,190.89923095703125,186800,0.0,0.0
2012-09-18 00:00:00+09:00,191.58839523208727,199.16923101465187,191.58839523208727,197.1017303466797,153200,0.0,0.0
2012-09-19 00:00:00+09:00,197.10174961816068,202.61508527181553,197.10174961816068,199.16925048828125,137100,0.0,0.0
2012-09-20 00:00:00+09:00,199.8584123597528,199.8584123597528,188.8317413330078,188.8317413330078,123800,0.0,0.0
2012-09-21 00:00:00+09:00,190.21007146661933,194.34507302024147,188.14257068980825,189.52090454101562,63700,0.0,0.0
2012-09-24 00:00:00+09:00,188.8317492893764,194.34508503505162,186.07508141653878,192.9667510986328,30500,0.0,0.0
2012-09-25 00:00:00+09:00,194.34506545084048,195.03423234960232,190.2100640582694,190.89923095703125,51800,0.0,0.0
2012-09-26 00:00:00+09:00,190.8992499752321,192.96675087749094,187.45341513813406,190.2100830078125,49200,0.0,0.0
2012-09-27 00:00:00+09:00,188.8317532954731,197.79092407226562,188.8317532954731,197.79092407226562,49300,0.0,0.0
2012-09-28 00:00:00+09:00,196.41256291815574,196.41256291815574,191.58839470613086,194.34506225585938,58400,0.0,0.0
2012-10-01 00:00:00+09:00,199.85841717636376,199.85841717636376,195.03424848589978,196.41258239746094,134000,0.0,0.0
2012-10-02 00:00:00+09:00,195.03425200326103,195.72341897147044,187.4534153529576,192.9667510986328,73300,0.0,0.0
2012-10-03 00:00:00+09:00,192.96675087749094,193.65591784491053,190.2100830078125,190.2100830078125,33400,0.0,0.0
2012-10-04 00:00:00+09:00,190.21009451978148,195.03426358368898,190.21009451978148,193.6559295654297,34900,0.0,0.0
2012-10-05 00:00:00+09:00,195.03423234960232,195.03423234960232,188.14256336198386,190.89923095703125,34200,0.0,0.0
2012-10-09 00:00:00+09:00,189.52091963088822,189.52091963088822,184.69675076755652,186.76425170898438,41200,0.0,0.0
2012-10-10 00:00:00+09:00,184.0075872872622,184.69675428084744,180.56175231933594,180.56175231933594,68000,0.0,0.0
2012-10-11 00:00:00+09:00,179.87255064032712,184.00755180447257,176.42671633687257,178.4942169189453,44400,0.0,0.0
2012-10-12 00:00:00+09:00,174.35922894261992,177.8050635067033,166.08922598881978,167.46755981445312,174900,0.0,0.0
2012-10-15 00:00:00+09:00,166.0892449975983,172.9809149145111,165.40007800590703,169.5350799560547,75600,0.0,0.0
2012-10-16 00:00:00+09:00,168.1567014160156,174.3592026977539,168.1567014160156,172.2917022705078,55700,0.0,0.0
2012-10-17 00:00:00+09:00,170.22421264648438,172.29171320494368,168.8458789408448,170.22421264648438,55300,0.0,0.0
2012-10-18 00:00:00+09:00,168.84586822509763,172.98086907958984,168.1567014160156,172.2917022705078,44800,0.0,0.0
2012-10-19 00:00:00+09:00,170.91339524713646,175.73756366137016,170.91339524713646,172.98089599609375,48200,0.0,0.0
2012-10-22 00:00:00+09:00,170.2242018432617,173.67003588867186,169.53503503417969,172.2917022705078,38600,0.0,0.0
2012-10-23 00:00:00+09:00,174.359213763403,175.04838061622277,170.22421264648438,170.22421264648438,30700,0.0,0.0
2012-10-24 00:00:00+09:00,168.15672758186008,172.98089599609375,168.15672758186008,172.98089599609375,46300,0.0,0.0
2012-10-25 00:00:00+09:00,181.25089289827164,183.31839357771963,178.49422532567436,182.6292266845703,102900,0.0,0.0
2012-10-26 00:00:00+09:00,185.38590630425347,187.45340711805554,183.31840549045137,186.0750732421875,65500,0.0,0.0
2012-10-29 00:00:00+09:00,187.45340711805554,187.45340711805554,184.0075724283854,186.0750732421875,40500,0.0,0.0
2012-10-30 00:00:00+09:00,186.07506538504984,186.76423229388337,181.94006393204873,184.6967315673828,31600,0.0,0.0
2012-10-31 00:00:00+09:00,184.6967390246857,185.385905961345,181.94007127804863,183.3184051513672,40400,0.0,0.0
2012-11-01 00:00:00+09:00,183.31841354370118,195.72341897147044,182.62924657549178,192.9667510986328,94200,0.0,0.0
2012-11-02 00:00:00+09:00,196.41255553339568,196.41255553339568,192.96672122579224,195.723388671875,79900,0.0,0.0
2012-11-05 00:00:00+09:00,195.03424145675606,206.7500792827803,193.65590759487085,200.54757690429688,181600,0.0,0.0
2012-11-06 00:00:00+09:00,202.61508991843775,212.26342753360146,201.23675597341435,209.5067596435547,128400,0.0,0.0
2012-11-07 00:00:00+09:00,213.64171024968854,217.08754428597385,203.30420814083266,207.439208984375,174500,0.0,0.0
2012-11-08 00:00:00+09:00,218.46593849522293,237.76261445063693,210.1959345143312,216.3984375,1286500,0.0,0.0
2012-11-09 00:00:00+09:00,212.95257098469514,212.95257098469514,198.48006616049256,208.12840270996094,216500,0.0,0.0
2012-11-12 00:00:00+09:00,207.43927383422852,209.50677490234375,200.54760360717773,201.2367706298828,81700,0.0,0.0
2012-11-13 00:00:00+09:00,199.85842078072685,202.61508865356447,188.8317492893764,192.9667510986328,100500,0.0,0.0
2012-11-14 00:00:00+09:00,192.96674787791957,199.16925048828125,189.5209130943853,199.16925048828125,65600,0.0,0.0
2012-11-15 00:00:00+09:00,197.79089926410197,210.19590339913273,194.34506478214897,208.12840270996094,143300,0.0,0.0
2012-11-16 00:00:00+09:00,212.95258415006919,220.53342047903607,212.2634172110722,219.84425354003906,271600,0.0,0.0
2012-11-19 00:00:00+09:00,221.2225634297624,225.35756461536542,214.33089478709067,215.709228515625,148100,0.0,0.0
2012-11-20 00:00:00+09:00,215.02007218903185,219.15507357728248,210.19590390273947,210.88507080078125,73300,0.0,0.0
2012-11-21 00:00:00+09:00,211.57427597045898,217.7767791748047,210.19594192504883,215.02011108398438,74300,0.0,0.0
2012-11-22 00:00:00+09:00,215.70927810668945,216.39844512939453,213.64177703857422,215.02011108398438,51000,0.0,0.0
2012-11-26 00:00:00+09:00,216.39845285723285,216.39845285723285,208.81761533675655,213.64178466796875,79800,0.0,0.0
2012-11-27 00:00:00+09:00,210.19590803720416,215.7092433299833,206.75007347921724,212.95257568359375,64900,0.0,0.0
2012-11-28 00:00:00+09:00,210.19590390273947,212.26340459686477,210.19590390273947,210.88507080078125,29900,0.0,0.0
2012-11-29 00:00:00+09:00,211.57423454848902,216.39840276294967,211.57423454848902,214.33090209960938,92900,0.0,0.0
2012-11-30 00:00:00+09:00,216.3984262364144,219.84426104909616,213.64175838626898,218.46592712402344,121700,0.0,0.0
2012-12-03 00:00:00+09:00,217.7767412677501,221.91174268422637,217.7767412677501,219.1550750732422,92800,0.0,0.0
2012-12-04 00:00:00+09:00,219.15509408655979,219.84426104909616,215.0200923113417,218.46592712402344,48400,0.0,0.0
2012-12-05 00:00:00+09:00,215.70924055951198,221.22257578148032,215.70924055951198,219.1550750732422,47600,0.0,0.0
2012-12-06 00:00:00+09:00,220.53342507102272,228.80342851118607,220.53342507102272,227.4250946044922,231700,0.0,0.0
2012-12-07 00:00:00+09:00,227.4250946044922,230.18176241787995,223.97925983775744,227.4250946044922,117900,0.0,0.0
2012-12-10 00:00:00+09:00,229.49259546453303,230.8709293712269,226.73592765114523,227.4250946044922,100700,0.0,0.0
2012-12-11 00:00:00+09:00,226.04680107009244,244.65431213378906,226.04680107009244,244.65431213378906,420100,0.0,0.0
2012-12-12 00:00:00+09:00,246.72174494946762,257.74841511480696,241.89757675213164,248.78924560546875,565500,0.0,0.0
2012-12-13 00:00:00+09:00,252.92431705098755,253.61348412742078,241.208476751623,244.65431213378906,160400,0.0,0.0
2012-12-14 00:00:00+09:00,241.89763984680178,250.85681169297962,237.76263745625815,248.1001434326172,93400,0.0,0.0
2012-12-17 00:00:00+09:00,246.72179016997848,246.72179016997848,235.00595097196273,237.7626190185547,131800,0.0,0.0
2012-12-18 00:00:00+09:00,240.5192327026723,242.58673327031707,230.87089672033017,236.3842315673828,133000,0.0,0.0
2012-12-19 00:00:00+09:00,235.69508449009484,247.4109220232282,235.0059175763811,241.2084197998047,91400,0.0,0.0
2012-12-20 00:00:00+09:00,241.89759083172416,249.47842701163574,238.45175620449163,243.2759246826172,121200,0.0,0.0
2012-12-21 00:00:00+09:00,242.58673637435282,242.58673637435282,232.24923340385484,232.9384002685547,116900,0.0,0.0
2012-12-25 00:00:00+09:00,228.11426966050092,236.38427339441637,228.11426966050092,234.3167724609375,145000,0.0,0.0
2012-12-26 00:00:00+09:00,239.61801737408305,245.27271984898766,238.91117956471996,243.15220642089844,56900,8.5,0.0
2012-12-27 00:00:00+09:00,239.61801737408305,245.27271984898766,238.91117956471996,243.15220642089844,56900,0.0,0.0
2012-12-28 00:00:00+09:00,245.97957716159476,245.97957716159476,236.08384704589844,236.08384704589844,119000,0.0,0.0
2013-01-04 00:00:00+09:00,246.68641200079122,249.51376342773438,236.08384414975436,249.51376342773438,106100,0.0,0.0
2013-01-07 00:00:00+09:00,249.51376377062851,257.2889802054073,249.51376377062851,251.63427734375,90200,0.0,0.0
2013-01-08 00:00:00+09:00,255.87530517578122,258.7026566141877,252.3411158777732,255.87530517578125,108100,0.0,0.0
2013-01-09 00:00:00+09:00,257.9958087795383,259.4094844440838,254.4616196181748,257.2889709472656,67200,0.0,0.0
2013-01-10 00:00:00+09:00,254.46163965650828,257.28899120824724,254.46163965650828,256.5821533203125,93200,0.0,0.0
2013-01-11 00:00:00+09:00,258.70266796875,268.5983984375,255.168478515625,265.064208984375,178500,0.0,0.0
2013-01-15 00:00:00+09:00,270.01204411063605,271.42571973425197,265.06417942798043,269.3052062988281,154600,0.0,0.0
2013-01-16 00:00:00+09:00,268.5984293619792,268.5984293619792,256.5821838378906,258.70269775390625,92800,0.0,0.0
2013-01-17 00:00:00+09:00,260.82317497210795,260.82317497210795,247.39325539359834,253.04795837402344,131000,0.0,0.0
2013-01-18 00:00:00+09:00,256.58216387774496,261.530029296875,253.04797429265204,261.530029296875,91500,0.0,0.0
2013-01-21 00:00:00+09:00,264.357330888905,266.47784423828125,255.1684397082746,266.47784423828125,90900,0.0,0.0
2013-01-22 00:00:00+09:00,265.7710358992867,265.7710358992867,256.5821437006411,260.1163330078125,62400,0.0,0.0
2013-01-23 00:00:00+09:00,257.99581841173944,262.2368455637132,252.341115542441,253.75479125976562,76600,0.0,0.0
2013-01-24 00:00:00+09:00,252.34108034769693,254.4615936279297,248.10005378723145,254.4615936279297,59900,0.0,0.0
2013-01-25 00:00:00+09:00,253.75481220967063,262.9437051309122,253.04797429265204,261.530029296875,112300,0.0,0.0
2013-01-28 00:00:00+09:00,266.4778555234273,272.1325580279032,258.70263957977295,271.42572021484375,177800,0.0,0.0
2013-01-29 00:00:00+09:00,272.13254764248126,278.4940877172406,269.3051964981438,270.7188720703125,121900,0.0,0.0
2013-01-30 00:00:00+09:00,271.4257316782995,278.4941101074219,270.01205599247504,278.4941101074219,103200,0.0,0.0
2013-01-31 00:00:00+09:00,282.7351505055147,311.71550343232997,282.7351505055147,300.4060974121094,358700,0.0,0.0
2013-02-01 00:00:00+09:00,290.51035612175264,301.11292386342245,289.803518272308,293.33770751953125,166000,0.0,0.0
2013-02-04 00:00:00+09:00,297.57879638671875,300.40614837139066,291.217254421207,297.57879638671875,93300,0.0,0.0
2013-02-05 00:00:00+09:00,297.5787279470708,312.42232245274414,295.4582144462603,311.7154846191406,225400,0.0,0.0
2013-02-06 00:00:00+09:00,311.00864101978055,339.2821538397606,306.7676140967836,332.2137756347656,298000,0.0,0.0
2013-02-07 00:00:00+09:00,328.67957577684916,337.161629345284,321.61119780315346,329.38641357421875,116900,0.0,0.0
2013-02-08 00:00:00+09:00,328.67964630471397,329.38648425375635,307.4745078334421,313.12921142578125,137000,0.0,0.0
2013-02-12 00:00:00+09:00,317.3702280370636,320.9044176588572,298.2856040793783,301.8197937011719,128300,0.0,0.0
2013-02-13 00:00:00+09:00,280.6145997513172,327.26589341274524,255.87527735510537,303.94024658203125,731600,0.0,0.0
2013-02-14 00:00:00+09:00,280.6146232429368,287.68300166215437,272.8394069817975,276.37359619140625,131100,0.0,0.0
2013-02-15 00:00:00+09:00,272.83941880551134,272.83941880551134,248.10009326615148,253.04795837402344,174000,0.0,0.0
2013-02-18 00:00:00+09:00,263.6505033301298,272.83939486710483,257.2889630353009,267.1846923828125,86900,0.0,0.0
2013-02-19 00:00:00+09:00,268.5983314997033,279.2008972167969,265.06414292733876,279.2008972167969,74100,0.0,0.0
2013-02-20 00:00:00+09:00,281.32142938043654,285.56245595401094,273.5462139955501,274.2530517578125,88200,0.0,0.0
2013-02-21 00:00:00+09:00,271.4257410829049,279.20095762434227,270.7189032155015,274.9599304199219,63600,0.0,0.0
2013-02-22 00:00:00+09:00,272.83939535786783,272.83939535786783,264.3573416161725,269.3052062988281,61200,0.0,0.0
2013-02-25 00:00:00+09:00,275.6667266449371,279.2009154480773,270.01202455991273,272.1325378417969,84900,0.0,0.0
2013-02-26 00:00:00+09:00,266.4778730698053,269.3052245082117,254.461629456578,255.87530517578125,176500,0.0,0.0
2013-02-27 00:00:00+09:00,258.70268211044186,261.53003382749586,251.63430281780683,252.3411407470703,132900,0.0,0.0
2013-02-28 00:00:00+09:00,256.5821533203125,257.995829096182,253.0479638806388,256.5821533203125,178400,0.0,0.0
2013-03-01 00:00:00+09:00,257.2890120656867,272.83944686086556,257.2890120656867,268.5984191894531,239200,0.0,0.0
2013-03-04 00:00:00+09:00,277.08040280686214,277.08040280686214,267.18467413518846,274.2530517578125,305100,0.0,0.0
2013-03-05 00:00:00+09:00,278.4940865514133,279.9077621176641,262.9436553226542,266.47784423828125,239600,0.0,0.0
2013-03-06 00:00:00+09:00,270.01207421875,273.546263671875,264.35737109375003,265.064208984375,150600,0.0,0.0
2013-03-07 00:00:00+09:00,270.0120656538983,277.78728220414143,266.47787631287866,277.0804443359375,188300,0.0,0.0
2013-03-08 00:00:00+09:00,277.080434033328,285.56248813638905,272.8394069817975,276.37359619140625,195100,0.0,0.0
2013-03-11 00:00:00+09:00,277.08043442159743,286.2693263794565,277.08043442159743,278.4941101074219,142000,0.0,0.0
2013-03-12 00:00:00+09:00,278.49415042274876,279.20098836798417,267.1847432989823,268.5984191894531,113400,0.0,0.0
2013-03-13 00:00:00+09:00,268.5983689626058,272.1325580279032,266.4778555234273,271.42572021484375,51700,0.0,0.0
2013-03-14 00:00:00+09:00,273.54622321464996,273.54622321464996,266.4778453538063,270.7188720703125,102800,0.0,0.0
2013-03-15 00:00:00+09:00,272.83935778654075,282.73508578916136,272.13252007206785,279.2008972167969,217300,0.0,0.0
2013-03-18 00:00:00+09:00,282.02826322926035,307.47442231761465,280.6145877243518,294.7513427734375,437600,0.0,0.0
2013-03-19 00:00:00+09:00,300.40608083964975,323.0248916322822,297.5787294905707,320.1975402832031,490900,0.0,0.0
2013-03-21 00:00:00+09:00,324.43854899263175,335.0411159531753,319.49068441104475,329.38641357421875,359800,0.0,0.0
2013-03-22 00:00:00+09:00,329.386445368683,341.40268908384957,323.0249045783007,337.8684997558594,318200,0.0,0.0
2013-03-25 00:00:00+09:00,344.93687159069896,369.67619639740894,339.989006629357,358.3667907714844,576300,0.0,0.0
2013-03-26 00:00:00+09:00,346.35053298052617,350.5915599149816,332.21377653234146,336.4548034667969,179700,0.0,0.0
2013-03-27 00:00:00+09:00,332.213806916876,342.1095373356766,324.438590159247,338.5753479003906,164700,0.0,0.0
2013-03-28 00:00:00+09:00,335.7480061205128,339.28219565862344,323.73176169093654,335.0411682128906,124100,0.0,0.0
2013-03-29 00:00:00+09:00,329.38640200546365,334.33426641327105,312.42229546440973,324.43853759765625,126800,0.0,0.0
2013-04-01 00:00:00+09:00,313.1291889430244,318.0770542310632,283.44199721479185,292.6308898925781,316500,0.0,0.0
2013-04-02 00:00:00+09:00,282.7351505055147,311.0086655560662,275.66677174287685,300.4060974121094,239700,0.0,0.0
2013-04-03 00:00:00+09:00,306.76762956693125,323.7317381144113,301.1129267177712,310.30181884765625,150600,0.0,0.0
2013-04-04 00:00:00+09:00,308.88810602823895,323.731699224104,301.81972831592225,322.3180236816406,144400,0.0,0.0
2013-04-05 00:00:00+09:00,330.8000999937666,347.0573698652551,321.61120832727306,332.2137756347656,399600,0.0,0.0
2013-04-08 00:00:00+09:00,339.98904492334276,354.125803548014,337.8685311296421,352.7121276855469,295100,0.0,0.0
2013-04-09 00:00:00+09:00,359.7804955903047,359.7804955903047,333.6274929638975,341.4027099609375,227500,0.0,0.0
2013-04-10 00:00:00+09:00,341.4026673012591,348.47104550625414,332.2137756347656,332.2137756347656,176200,0.0,0.0
2013-04-11 00:00:00+09:00,335.74794195835887,339.98896859362236,319.49067318984885,324.43853759765625,157500,0.0,0.0
2013-04-12 00:00:00+09:00,320.1975628369039,345.6437267709625,318.0770491757323,338.5753479003906,190800,0.0,0.0
2013-04-15 00:00:00+09:00,338.575294281334,339.2821320564516,328.6795654296875,328.6795654296875,60000,0.0,0.0
2013-04-16 00:00:00+09:00,318.07702677139383,332.21378351678914,314.54283758504505,320.1975402832031,109900,0.0,0.0
2013-04-17 00:00:00+09:00,327.2659217946434,340.69584083157264,325.14540826249674,337.1616516113281,135300,0.0,0.0
2013-04-18 00:00:00+09:00,332.21380789265373,357.65997190145276,331.50697000352045,347.0574035644531,250100,0.0,0.0
2013-04-19 00:00:00+09:00,349.88472564697264,361.90096875,349.88472564697264,353.4189147949219,177400,0.0,0.0
2013-04-22 00:00:00+09:00,361.9009571501014,362.6077949570352,344.93684978369043,348.4710388183594,212900,0.0,0.0
2013-04-23 00:00:00+09:00,356.24625991415166,371.79669189453125,350.59155737583177,371.79669189453125,243300,0.0,0.0
2013-04-24 00:00:00+09:00,383.1061384966186,385.2266521783342,360.4873258916522,368.2625427246094,345400,0.0,0.0
2013-04-25 00:00:00+09:00,367.5556939863509,368.2625318594016,349.88474716008403,363.3146667480469,226100,0.0,0.0
2013-04-26 00:00:00+09:00,360.4873134243873,374.62407081357895,347.7642317741148,350.5915832519531,272700,0.0,0.0
2013-04-30 00:00:00+09:00,350.59159446371564,365.43519019705843,342.81637765101226,359.7804870605469,299500,0.0,0.0
2013-05-01 00:00:00+09:00,380.9855944939379,402.19072962347065,370.38302692917154,374.6240539550781,757300,0.0,0.0
2013-05-02 00:00:00+09:00,388.76087507153693,420.5685830319354,383.81300938880827,414.91387939453125,964900,0.0,0.0
2013-05-07 00:00:00+09:00,427.6368985291583,429.75741207558394,397.9497088792002,408.5522766113281,665200,0.0,0.0
2013-05-08 00:00:00+09:00,388.7608327983338,479.2360811586733,385.9334812870732,458.03094482421875,1037500,0.0,0.0
2013-05-09 00:00:00+09:00,463.6856262207031,466.5129776000976,427.63689613342285,452.376220703125,269700,0.0,0.0
2013-05-10 00:00:00+09:00,445.307861328125,450.9625643291171,426.2232386997768,445.307861328125,171900,0.0,0.0
2013-05-13 00:00:00+09:00,441.7736610669768,451.66939107487707,435.41212034761236,440.3599853515625,143300,0.0,0.0
2013-05-14 00:00:00+09:00,434.70521563422216,441.77359312420947,411.3795699172639,419.15478515625,157300,0.0,0.0
2013-05-15 00:00:00+09:00,426.2232293397682,429.0505807781746,376.0377413080542,383.8129577636719,296900,0.0,0.0
2013-05-16 00:00:00+09:00,381.6924841147064,388.0540255166182,326.5591252981377,373.9172668457031,384300,0.0,0.0
2013-05-17 00:00:00+09:00,374.6240761496804,393.00186101740053,359.073642800071,388.7608337402344,142800,0.0,0.0
2013-05-20 00:00:00+09:00,402.89757308426437,410.67278940694314,399.36338384668306,404.3112487792969,111000,0.0,0.0
2013-05-21 00:00:00+09:00,393.0018495912905,398.6565524631077,371.7967138219763,381.69244384765625,115000,0.0,0.0
2013-05-22 00:00:00+09:00,383.1060939999077,388.05395868256335,359.0736083984375,359.0736083984375,98000,0.0,0.0
2013-05-23 00:00:00+09:00,360.4872869462615,366.14198948659504,322.3180447990103,325.85223388671875,294100,0.0,0.0
2013-05-24 00:00:00+09:00,342.81634294225813,350.59155896775263,315.95650576327705,332.2137756347656,189600,0.0,0.0
2013-05-27 00:00:00+09:00,335.74795480501854,335.74795480501854,324.43855001158636,333.62744140625,52700,0.0,0.0
2013-05-28 00:00:00+09:00,325.1454172358076,336.45482305270525,315.24968714602215,331.5069580078125,122500,0.0,0.0
2013-05-29 00:00:00+09:00,337.86848213303256,359.78045482366855,335.04113081811175,351.29840087890625,111200,0.0,0.0
2013-05-30 00:00:00+09:00,342.10957845052087,349.8847961425781,322.318115234375,332.9206848144531,89900,0.0,0.0
2013-05-31 00:00:00+09:00,337.86847773353855,341.4026668311697,326.55907262111884,330.09326171875,83200,0.0,0.0
2013-06-03 00:00:00+09:00,320.9044392903646,327.2659810384115,307.4745178222656,315.9565734863281,101600,0.0,0.0
2013-06-04 00:00:00+09:00,308.18127712072135,319.49068178570195,293.3376834979343,318.7838439941406,91000,0.0,0.0
2013-06-05 00:00:00+09:00,318.07702292858716,323.0248877296985,301.1129150390625,301.1129150390625,61100,0.0,0.0
2013-06-06 00:00:00+09:00,289.80352596360814,296.87190464564736,274.2530928631218,277.0804443359375,152900,0.0,0.0
2013-06-07 00:00:00+09:00,271.4257225093985,282.0282897949219,250.92742575738666,282.0282897949219,186000,0.0,0.0
2013-06-10 00:00:00+09:00,291.9239924112956,302.5265587216332,289.80347914922805,296.8718566894531,119500,0.0,0.0
2013-06-11 00:00:00+09:00,293.3376863060928,300.4060642893721,280.61460593619,289.8034973144531,75600,0.0,0.0
2013-06-12 00:00:00+09:00,279.2009385187823,284.8556410710615,271.4257225093985,282.0282897949219,114100,0.0,0.0
2013-06-13 00:00:00+09:00,272.83942552792126,276.3736149777648,260.82318139845324,262.9436950683594,104300,0.0,0.0
2013-06-14 00:00:00+09:00,275.66673657290306,275.66673657290306,268.5983587120594,270.7188720703125,50600,0.0,0.0
2013-06-17 00:00:00+09:00,273.54624520703624,279.9077857932464,271.4257316782995,278.4941101074219,40200,0.0,0.0
2013-06-18 00:00:00+09:00,281.32146407897216,294.04454536897595,279.9077883800829,293.33770751953125,98500,0.0,0.0
2013-06-19 00:00:00+09:00,295.4582722981771,302.5266520182292,286.2693786621094,288.389892578125,78400,0.0,0.0
2013-06-20 00:00:00+09:00,285.56252044527406,296.8719271955819,281.32149291390857,286.9761962890625,60100,0.0,0.0
2013-06-21 00:00:00+09:00,276.3736470540365,282.73518880208337,270.7189432779948,279.9078369140625,63400,0.0,0.0
2013-06-24 00:00:00+09:00,284.14881362915037,289.0966785430908,274.9599216461181,282.7351379394531,55600,0.0,0.0
2013-06-25 00:00:00+09:00,279.20089150495073,279.20089150495073,256.58208510454966,264.3572998046875,104700,0.0,0.0
2013-06-26 00:00:00+09:00,271.4257417359104,271.4257417359104,244.56590270996094,244.56590270996094,81000,0.0,0.0
2013-06-27 00:00:00+09:00,241.73854798374913,255.87530517578122,233.25649366852986,255.87530517578125,67100,0.0,0.0
2013-06-28 00:00:00+09:00,266.4778550515963,269.3052062988281,255.8752878744771,269.3052062988281,45900,0.0,0.0
2013-07-01 00:00:00+09:00,280.6146351957204,287.6830139160156,274.2530943474547,287.6830139160156,73600,0.0,0.0
2013-07-02 00:00:00+09:00,293.3377096339131,306.060791015625,291.21719607029445,306.060791015625,67700,0.0,0.0
2013-07-03 00:00:00+09:00,302.52662046865566,302.52662046865566,292.6308898925781,292.6308898925781,65700,0.0,0.0
2013-07-04 00:00:00+09:00,294.04456634160755,302.5266211399231,293.3377284417479,298.992431640625,46100,0.0,0.0
2013-07-05 00:00:00+09:00,302.5266110409008,304.6471246696921,298.9924216595818,300.4060974121094,59500,0.0,0.0
2013-07-08 00:00:00+09:00,307.47449634144607,312.42236179981415,288.3898724305977,291.21722412109375,95300,0.0,0.0
2013-07-09 00:00:00+09:00,295.4581619838499,300.4060259405172,293.3376488595639,299.6991882324219,43400,0.0,0.0
2013-07-10 00:00:00+09:00,298.2855947834172,315.24970443934615,296.8719189787564,309.5950012207031,123100,0.0,0.0
2013-07-11 00:00:00+09:00,308.1812791597766,327.2658996582031,303.9402523823485,327.2658996582031,161400,0.0,0.0
2013-07-12 00:00:00+09:00,330.8001177651542,330.8001177651542,312.42233344486783,316.6633605957031,118400,0.0,0.0
2013-07-16 00:00:00+09:00,323.0249026754628,325.1454162597656,313.12917261538297,325.1454162597656,75200,0.0,0.0
2013-07-17 00:00:00+09:00,328.67959785461426,342.8163547515869,323.0248950958252,339.28216552734375,76500,0.0,0.0
2013-07-18 00:00:00+09:00,344.9368774153785,349.1779045967151,330.8001201442564,331.5069580078125,828000,0.0,0.0
2013-07-19 00:00:00+09:00,335.74795099161156,335.74795099161156,309.5949527038439,318.7838439941406,72300,0.0,0.0
2013-07-22 00:00:00+09:00,322.3180648140285,336.454822042714,316.6633619225543,325.1454162597656,68600,0.0,0.0
2013-07-23 00:00:00+09:00,327.97278913666935,349.8847642729554,326.55911332142506,335.0411682128906,201900,0.0,0.0
2013-07-24 00:00:00+09:00,338.5753479003906,342.81637522273377,331.50696902981883,338.5753479003906,54500,0.0,0.0
2013-07-25 00:00:00+09:00,338.5753276824951,356.95311164855957,336.4548141479492,339.28216552734375,185400,0.0,0.0
2013-07-26 00:00:00+09:00,333.6274398243453,335.74795321305936,326.5590618619651,327.2658996582031,70200,0.0,0.0
2013-07-29 00:00:00+09:00,315.95655141293423,316.66338933555824,291.21722412109375,291.21722412109375,93200,0.0,0.0
2013-07-30 00:00:00+09:00,294.04452993623875,318.78385336837425,294.04452993623875,315.2496643066406,47900,0.0,0.0
2013-07-31 00:00:00+09:00,320.19750790982636,320.19750790982636,311.00861695435674,313.8359680175781,34000,0.0,0.0
2013-08-01 00:00:00+09:00,342.10951690673824,362.6078144073486,323.7317329406738,339.28216552734375,502100,0.0,0.0
2013-08-02 00:00:00+09:00,337.86849132010605,352.71208612705635,333.627464232406,347.76422119140625,115600,0.0,0.0
2013-08-05 00:00:00+09:00,343.52321336674987,356.95313323088203,340.69586181640625,340.69586181640625,101400,0.0,0.0
2013-08-06 00:00:00+09:00,347.0573851455598,371.08987210064953,347.0573851455598,358.3667907714844,315000,0.0,0.0
2013-08-07 00:00:00+09:00,350.5915689503575,390.17448802539786,349.8847311097318,383.1061096191406,421800,0.0,0.0
2013-08-08 00:00:00+09:00,380.98559238470875,380.98559238470875,357.65994387135925,364.021484375,220500,0.0,0.0
2013-08-09 00:00:00+09:00,367.55571432674634,376.03776927274816,357.65998355641085,360.4873352050781,108500,0.0,0.0
2013-08-12 00:00:00+09:00,362.6078368640337,362.6078368640337,335.04115920770363,344.9368896484375,137300,0.0,0.0
2013-08-13 00:00:00+09:00,352.0052802590763,360.4873352050781,344.9369011374081,360.4873352050781,53700,0.0,0.0
2013-08-14 00:00:00+09:00,365.4351596236229,367.555673122406,353.41891646385193,361.9009704589844,41800,0.0,0.0
2013-08-15 00:00:00+09:00,360.4873352050781,364.02152476591226,356.24630773207724,360.4873352050781,20700,0.0,0.0
2013-08-16 00:00:00+09:00,354.12581384253076,357.6600036014383,344.9369204693713,355.53948974609375,31800,0.0,0.0
2013-08-19 00:00:00+09:00,352.0052702478435,359.7804870605469,344.2300534351401,359.7804870605469,37300,0.0,0.0
2013-08-20 00:00:00+09:00,360.48731179346413,360.48731179346413,339.989013671875,339.989013671875,59500,0.0,0.0
2013-08-21 00:00:00+09:00,339.9890746439784,358.3668624625718,339.9890746439784,342.1095886230469,56200,0.0,0.0
2013-08-22 00:00:00+09:00,344.93684978369043,349.17787662529315,339.9889851351539,348.4710388183594,32600,0.0,0.0
2013-08-23 00:00:00+09:00,352.00531005859375,373.91728719075525,352.00531005859375,371.0899353027344,123300,0.0,0.0
2013-08-26 00:00:00+09:00,374.62406687693556,392.2950134277344,374.62406687693556,392.2950134277344,190500,0.0,0.0
2013-08-27 00:00:00+09:00,388.05395303225384,388.7607908337698,373.210359200419,379.5718994140625,123500,0.0,0.0
2013-08-28 00:00:00+09:00,358.36677960205077,365.43515789794924,346.35053649902346,353.4189147949219,84900,0.0,0.0
2013-08-29 00:00:00+09:00,352.7121181712431,367.55571432674634,352.7121181712431,360.4873352050781,55500,0.0,0.0
2013-08-30 00:00:00+09:00,366.1419982910156,369.67618746370886,362.60780911832245,366.1419982910156,30100,0.0,0.0
2013-09-02 00:00:00+09:00,366.1419978762136,367.55567354368935,359.073619538835,364.021484375,44200,0.0,0.0
2013-09-03 00:00:00+09:00,367.55573562876856,383.106170597678,364.72838381623956,380.98565673828125,83800,0.0,0.0
2013-09-04 00:00:00+09:00,375.33093361776383,392.2950436117871,374.6240957013462,388.05401611328125,59400,0.0,0.0
2013-09-05 00:00:00+09:00,388.0539845784505,393.7086874502677,377.4514166937934,381.69244384765625,62100,0.0,0.0
2013-09-06 00:00:00+09:00,384.51978368219335,386.6402971951467,370.38302692917154,374.6240539550781,41000,0.0,0.0
2013-09-09 00:00:00+09:00,388.76085386171445,392.2950434422755,373.2104197072459,385.9335021972656,93400,0.0,0.0
2013-09-10 00:00:00+09:00,390.88134709834185,390.88134709834185,381.6924546710752,386.64031982421875,58300,0.0,0.0
2013-09-11 00:00:00+09:00,388.760806625313,407.13859021123693,380.98559049280675,405.72491455078125,172500,0.0,0.0
2013-09-12 00:00:00+09:00,407.1385393527867,438.2393999977913,407.1385393527867,437.5325622558594,368100,0.0,0.0
2013-09-13 00:00:00+09:00,436.11900804698763,445.30790124732937,421.2754113387433,429.0506286621094,161000,0.0,0.0
2013-09-17 00:00:00+09:00,430.4642393050655,460.8582660540274,430.4642393050655,460.15142822265625,234000,0.0,0.0
2013-09-18 00:00:00+09:00,451.6693824756089,463.6856258278552,438.2394634348631,450.2557067871094,133900,0.0,0.0
2013-09-19 00:00:00+09:00,457.3241891184161,459.44470313287553,432.5848589497228,438.23956298828125,157400,0.0,0.0
2013-09-20 00:00:00+09:00,437.5325995494607,437.5325995494607,408.552249660078,423.3958435058594,148900,0.0,0.0
2013-09-24 00:00:00+09:00,416.3274845432591,420.56851155049094,409.96594403241136,418.447998046875,58800,0.0,0.0
2013-09-25 00:00:00+09:00,413.5001323817126,428.3437268774664,410.6727810491881,414.20697021484375,63900,0.0,0.0
2013-09-26 00:00:00+09:00,407.13861386138615,428.34375,406.431775990099,428.34375,50900,0.0,0.0
2013-09-27 00:00:00+09:00,424.8095507872732,431.17109148125905,421.2753615128367,429.7574157714844,22700,0.0,0.0
2013-09-30 00:00:00+09:00,411.37963253868264,441.066822515701,409.96595682549133,436.11895751953125,125900,0.0,0.0
2013-10-01 00:00:00+09:00,430.46425432335667,438.23947073970635,420.56852433891174,433.9984436035156,51600,0.0,0.0
2013-10-02 00:00:00+09:00,429.75741506177326,435.41211789153346,409.96595515761265,425.5163879394531,78900,0.0,0.0
2013-10-03 00:00:00+09:00,419.86165449495905,426.2231947145797,415.62062768187866,423.3958435058594,22500,0.0,0.0
2013-10-04 00:00:00+09:00,416.32754474289493,417.0343826796401,405.0181377549725,407.8454895019531,52000,0.0,0.0
2013-10-07 00:00:00+09:00,402.19071370659145,402.8975515162691,381.69241722593915,398.6565246582031,78400,0.0,0.0
2013-10-08 00:00:00+09:00,388.0539379018598,403.6043689288924,382.39923571021154,399.36334228515625,51400,0.0,0.0
2013-10-09 00:00:00+09:00,397.94971028990665,422.6890350859044,395.12235888464977,417.0343322753906,44200,0.0,0.0
2013-10-10 00:00:00+09:00,417.0343322753906,422.6890350859044,411.37962946487687,417.0343322753906,19700,0.0,0.0
2013-10-11 00:00:00+09:00,409.9659415321483,417.0343198344267,402.89756322986983,405.72491455078125,42100,0.0,0.0
2013-10-15 00:00:00+09:00,410.67272405894147,427.63682969993044,407.1385353837355,424.8094787597656,59700,0.0,0.0
2013-10-16 00:00:00+09:00,419.1547955342816,421.98214660028015,415.62060670178346,419.86163330078125,26200,0.0,0.0
2013-10-17 00:00:00+09:00,424.1027319130777,429.0505971187303,414.2070015017726,420.56854248046875,34800,0.0,0.0
2013-10-18 00:00:00+09:00,420.5685222548927,425.5163872225973,418.448008697305,421.2753601074219,10800,0.0,0.0
2013-10-21 00:00:00+09:00,421.275360817133,426.2232257931732,420.568522963413,425.5163879394531,32700,0.0,0.0
2013-10-22 00:00:00+09:00,424.8094976662787,425.5163354327783,417.0342822347827,419.86163330078125,28600,0.0,0.0
2013-10-23 00:00:00+09:00,417.0343621626573,422.68906537842213,400.07025251536277,410.6728210449219,108500,0.0,0.0
2013-10-24 00:00:00+09:00,411.37971880512856,440.3600770027407,409.96604279548893,438.23956298828125,119300,0.0,0.0
2013-10-25 00:00:00+09:00,435.4121008086623,443.18731689453125,429.75739820075756,443.18731689453125,84700,0.0,0.0
2013-10-28 00:00:00+09:00,443.1873479906417,450.2557267464733,434.70529348364374,447.4283752441406,101300,0.0,0.0
2013-10-29 00:00:00+09:00,437.5326846177411,443.89422607421875,436.11900873852386,443.89422607421875,28000,0.0,0.0
2013-10-30 00:00:00+09:00,445.3078698330238,445.3078698330238,426.22324684017997,431.1711120605469,40100,0.0,0.0
2013-10-31 00:00:00+09:00,431.1711120605469,431.1711120605469,431.1711120605469,431.1711120605469,0,0.0,0.0
2013-11-01 00:00:00+09:00,436.8257862304688,441.7736511230469,425.5163807617188,441.7736511230469,51300,0.0,0.0
2013-11-05 00:00:00+09:00,441.7736084480596,441.7736084480596,434.7052307128906,434.7052307128906,19700,0.0,0.0
2013-11-06 00:00:00+09:00,438.23949405335134,459.44463086238443,438.23949405335134,458.73779296875,144100,0.0,0.0
2013-11-07 00:00:00+09:00,458.73776319663943,468.633493065288,443.89416839366646,462.9787902832031,138400,0.0,0.0
2013-11-08 00:00:00+09:00,434.7052838182825,455.20358175442914,418.4480130413386,448.842041015625,202300,0.0,0.0
2013-11-11 00:00:00+09:00,451.6694337363555,458.7378129810559,446.72156826506523,453.7899475097656,82900,0.0,0.0
2013-11-12 00:00:00+09:00,453.7899110942076,484.183939407371,450.9625596232156,482.770263671875,191500,0.0,0.0
2013-11-13 00:00:00+09:00,491.25231744267563,494.78650677679565,474.9950465057238,478.52923583984375,179400,0.0,0.0
2013-11-14 00:00:00+09:00,485.5975750324338,491.2522775073384,481.35654817625533,486.3044128417969,104500,0.0,0.0
2013-11-15 00:00:00+09:00,491.2523389384694,491.2523389384694,482.0634462676779,484.1839599609375,29500,0.0,0.0
2013-11-18 00:00:00+09:00,484.18394689530777,487.71813628870416,459.4446211415329,462.27197265625,52400,0.0,0.0
2013-11-19 00:00:00+09:00,462.27197122349986,465.099322729454,446.01470006426365,451.6694030761719,64900,0.0,0.0
2013-11-20 00:00:00+09:00,456.6172496533576,466.51297952200616,448.8420333279908,462.9787902832031,32700,0.0,0.0
2013-11-21 00:00:00+09:00,456.61726878558017,464.3924854367278,452.3762415213178,455.9104309082031,30500,0.0,0.0
2013-11-22 00:00:00+09:00,461.5650916024809,462.2719294150421,442.48047066332776,450.9625244140625,30800,0.0,0.0
2013-11-25 00:00:00+09:00,450.9625631289189,450.9625631289189,426.22323756542016,436.8258056640625,41100,0.0,0.0
2013-11-26 00:00:00+09:00,438.23953280396836,454.49680579508333,436.8258568916975,453.0831298828125,29000,0.0,0.0
2013-11-27 00:00:00+09:00,455.9104189243529,459.4446082183401,442.4804996072014,444.60101318359375,63700,0.0,0.0
2013-11-28 00:00:00+09:00,440.359913223587,448.13512838483814,436.8257245139274,437.5325622558594,24100,0.0,0.0
2013-11-29 00:00:00+09:00,443.1874488794294,448.13531513486157,439.6532586969778,446.0148010253906,27200,0.0,0.0
2013-12-02 00:00:00+09:00,447.4283565367707,456.61724853515625,447.4283565367707,456.61724853515625,32200,0.0,0.0
2013-12-03 00:00:00+09:00,455.9104612831757,458.7378129810559,447.4284061895353,453.7899475097656,22600,0.0,0.0
2013-12-04 00:00:00+09:00,439.6531485062612,448.1352028182791,439.6531485062612,446.7215270996094,20900,0.0,0.0
2013-12-05 00:00:00+09:00,448.1350785033009,448.1350785033009,438.2393512177391,442.4803771972656,16200,0.0,0.0
2013-12-06 00:00:00+09:00,438.23948286155957,447.4283752441406,431.8779419813111,447.4283752441406,34300,0.0,0.0
2013-12-09 00:00:00+09:00,455.91043090820307,457.3241066629572,441.7736733606619,455.9104309082031,33900,0.0,0.0
2013-12-10 00:00:00+09:00,455.91043090820307,458.03094454033425,452.3762415213178,455.9104309082031,23700,0.0,0.0
2013-12-11 00:00:00+09:00,455.91040954110764,455.91040954110764,448.13519325436005,450.2557067871094,33800,0.0,0.0
2013-12-12 00:00:00+09:00,448.13520247758095,450.2557160539733,440.35998603080907,444.60101318359375,22300,0.0,0.0
2013-12-13 00:00:00+09:00,438.239471778441,445.30785035551264,433.998444632198,440.3599853515625,49500,0.0,0.0
2013-12-16 00:00:00+09:00,445.3078303724955,448.13518167644787,435.4121008086623,443.18731689453125,117400,0.0,0.0
2013-12-17 00:00:00+09:00,446.72153707837305,446.72153707837305,438.94632045200893,445.307861328125,70600,0.0,0.0
2013-12-18 00:00:00+09:00,444.60095954212716,444.60095954212716,434.7052307128906,434.7052307128906,53800,0.0,0.0
2013-12-19 00:00:00+09:00,441.7736412425551,443.18731689453125,432.5847495047099,443.18731689453125,117600,0.0,0.0
2013-12-20 00:00:00+09:00,441.77367195250497,445.307861328125,434.7052932012649,445.307861328125,121100,0.0,0.0
2013-12-24 00:00:00+09:00,446.01469801621914,448.8420495091904,434.70529204433404,436.8258056640625,330800,0.0,0.0
2013-12-25 00:00:00+09:00,443.8941462884502,452.37620003918494,436.82576816283796,450.9625244140625,134700,0.0,0.0
2013-12-26 00:00:00+09:00,456.3354341205798,476.3941345214844,456.3354341205798,476.3941345214844,71100,8.5,0.0
2013-12-27 00:00:00+09:00,474.96134399414063,474.96134399414063,458.48455528846154,465.64837646484375,28700,0.0,0.0
2013-12-30 00:00:00+09:00,469.2303203869287,498.6019892966449,469.2303203869287,486.4234924316406,52500,0.0,0.0
2014-01-06 00:00:00+09:00,492.87081994074856,492.87081994074856,478.5431798261919,489.2889099121094,28300,0.0,0.0
2014-01-07 00:00:00+09:00,489.28901501279887,489.28901501279887,467.0811680649266,472.8122253417969,25000,0.0,0.0
2014-01-08 00:00:00+09:00,479.9760453073602,480.6924274645354,473.52860589278373,476.3941345214844,19300,0.0,0.0
2014-01-09 00:00:00+09:00,477.1105026495261,481.4087954661885,473.5285919689741,480.6924133300781,28500,0.0,0.0
2014-01-10 00:00:00+09:00,480.69243943956167,515.795166015625,479.97605726454,515.795166015625,185900,0.0,0.0
2014-01-14 00:00:00+09:00,500.7511329542814,526.5408908746736,500.0347507898261,505.76580810546875,143400,0.0,0.0
2014-01-15 00:00:00+09:00,520.8098440742737,579.5531827456498,517.2279331796775,560.92724609375,338100,0.0,0.0
2014-01-16 00:00:00+09:00,565.9418638547262,565.9418638547262,545.1667827765148,550.1814575195312,76200,0.0,0.0
2014-01-17 00:00:00+09:00,547.3160056248024,583.8514981468769,540.8685657679657,566.6583251953125,89700,0.0,0.0
2014-01-20 00:00:00+09:00,584.5678673946496,584.5678673946496,567.3746948242188,567.3746948242188,59000,0.0,0.0
2014-01-21 00:00:00+09:00,569.5238116375812,569.5238116375812,538.0029969054383,551.6142578125,100900,0.0,0.0
2014-01-22 00:00:00+09:00,551.6141729839778,556.6288472838321,538.0029141700874,549.4650268554688,48200,0.0,0.0
2014-01-23 00:00:00+09:00,551.6142258764421,551.6142258764421,527.2572340844953,539.4357299804688,27800,0.0,0.0
2014-01-24 00:00:00+09:00,524.3917632492992,545.8832289562376,524.3917632492992,543.0177001953125,35300,0.0,0.0
2014-01-27 00:00:00+09:00,501.46757383604313,532.98839276288,501.46757383604313,530.1228637695312,81800,0.0,0.0
2014-01-28 00:00:00+09:00,529.4063734007791,530.8391376048407,520.0934060743783,525.824462890625,23600,0.0,0.0
2014-01-29 00:00:00+09:00,523.6753538453734,552.3306399655032,523.6753538453734,551.6142578125,35800,0.0,0.0
2014-01-30 00:00:00+09:00,544.4504809602995,544.4504809602995,522.9590146066035,535.1375122070312,29300,0.0,0.0
2014-01-31 00:00:00+09:00,535.1375089146784,535.1375089146784,501.46754516770403,517.9443359375,34400,0.0,0.0
2014-02-03 00:00:00+09:00,501.46749629530797,508.63131767095524,487.8562356815782,492.87091064453125,61300,0.0,0.0
2014-02-04 00:00:00+09:00,442.7241928226691,449.8880147130036,421.23272715166576,433.4112243652344,216400,0.0,0.0
2014-02-05 00:00:00+09:00,446.3059917061476,447.02237371530674,394.01010503752997,429.1128234863281,169700,0.0,0.0
2014-02-06 00:00:00+09:00,431.9783667587653,444.1568613440041,429.112838621062,440.574951171875,50000,0.0,0.0
2014-02-07 00:00:00+09:00,458.48454833597464,459.9173125495246,449.17158094790017,452.037109375,27800,0.0,0.0
2014-02-10 00:00:00+09:00,460.6337016413762,469.23028705303483,454.1862625826322,465.64837646484375,52300,0.0,0.0
2014-02-12 00:00:00+09:00,479.97603119396774,485.7070882828509,473.5285919689741,480.6924133300781,54200,0.0,0.0
2014-02-13 00:00:00+09:00,501.46746073683653,527.9735979472122,499.31831447653576,522.9589233398438,194000,0.0,0.0
2014-02-14 00:00:00+09:00,512.9296623378743,529.4064531671636,497.88563592852324,514.3624267578125,92500,0.0,0.0
2014-02-17 00:00:00+09:00,510.0641316562932,522.959011389177,495.73648750864453,517.9443359375,26800,0.0,0.0
2014-02-18 00:00:00+09:00,525.1082233932783,531.5556640625,512.2133420548349,531.5556640625,43700,0.0,0.0
2014-02-19 00:00:00+09:00,532.9883323492006,555.9125616975533,529.4064215135205,554.4797973632812,120500,0.0,0.0
2014-02-20 00:00:00+09:00,543.0176142642373,579.5531001843905,528.6899727269223,544.4503784179688,109500,0.0,0.0
2014-02-21 00:00:00+09:00,544.4504362824675,568.0910473315746,544.4504362824675,551.6142578125,36300,0.0,0.0
2014-02-24 00:00:00+09:00,558.7780095289613,565.941830163948,532.2718731795106,538.0029296875,44800,0.0,0.0
2014-02-25 00:00:00+09:00,547.3159969554227,565.9419340245863,541.5849393956801,560.2108764648438,55900,0.0,0.0
2014-02-26 00:00:00+09:00,543.0176142642373,558.061637878418,543.0176142642373,544.4503784179688,40400,0.0,0.0
2014-02-27 00:00:00+09:00,545.8831991112751,554.479784924051,516.5115309176238,527.2572631835938,51400,0.0,0.0
2014-02-28 00:00:00+09:00,528.6900097176871,528.6900097176871,509.34769228899125,510.78045654296875,44200,0.0,0.0
2014-03-03 00:00:00+09:00,490.7217569872841,527.2572454637096,481.4087893364306,510.78045654296875,62400,0.0,0.0
2014-03-04 00:00:00+09:00,510.0640563964844,521.5261700233716,507.914910091443,510.0640563964844,12200,0.0,0.0
2014-03-05 00:00:00+09:00,519.3771300444732,534.4211572595545,519.3771300444732,530.1228637695312,97600,0.0,0.0
2014-03-06 00:00:00+09:00,530.1227666756648,535.1374414955698,522.9589455043721,528.6900024414062,41200,0.0,0.0
2014-03-07 00:00:00+09:00,535.1373522221647,544.4503181912252,532.9882062293046,540.868408203125,30200,0.0,0.0
2014-03-10 00:00:00+09:00,540.868408203125,551.6141381674255,538.7192622102649,540.868408203125,20700,0.0,0.0
2014-03-11 00:00:00+09:00,538.7193745023885,562.3599853515625,538.0029923554439,562.3599853515625,76000,0.0,0.0
2014-03-12 00:00:00+09:00,558.7781372070312,561.6436661157853,547.3160215720153,558.7781372070312,44500,0.0,0.0
2014-03-13 00:00:00+09:00,555.1960831981595,557.3452293266685,546.5994986841234,549.4650268554688,16300,0.0,0.0
2014-03-14 00:00:00+09:00,534.4211357408534,539.4358112772958,521.5262557900018,524.3917846679688,36100,0.0,0.0
2014-03-17 00:00:00+09:00,514.3623588245484,527.9736190162845,495.73642382533086,500.7510986328125,34800,0.0,0.0
2014-03-18 00:00:00+09:00,512.2132207969462,523.6753348287659,507.19854590802504,510.78045654296875,9100,0.0,0.0
2014-03-19 00:00:00+09:00,515.0787603785303,532.9883139382846,502.18388181550733,513.64599609375,26000,0.0,0.0
2014-03-20 00:00:00+09:00,508.63132895761834,508.63132895761834,483.55795358646816,495.7364501953125,31800,0.0,0.0
2014-03-24 00:00:00+09:00,495.73637918821527,515.0786945611659,490.7217048322651,508.6312561035156,17000,0.0,0.0
2014-03-25 00:00:00+09:00,510.06416475347714,511.4969292612116,502.1839599609375,502.1839599609375,5400,0.0,0.0
2014-03-26 00:00:00+09:00,515.7951584078435,517.2279227367542,501.46751511873674,505.76580810546875,15900,0.0,0.0
2014-03-27 00:00:00+09:00,505.7657552025038,507.91490147106964,497.8855522177622,500.0346984863281,10600,0.0,0.0
2014-03-28 00:00:00+09:00,501.4675416204809,527.2573009038199,501.4675416204809,525.108154296875,20600,0.0,0.0
2014-03-31 00:00:00+09:00,535.8539217562289,540.8685974945894,525.1081880311708,530.1228637695312,19000,0.0,0.0
2014-04-01 00:00:00+09:00,530.1228637695312,533.7047750112173,515.7952188027872,530.1228637695312,30500,0.0,0.0
2014-04-02 00:00:00+09:00,537.2866269670941,551.6142703528832,530.839187443489,550.8978881835938,48900,0.0,0.0
2014-04-03 00:00:00+09:00,557.3452994020587,564.509120731134,544.4504210097231,559.4944458007812,73500,0.0,0.0
2014-04-04 00:00:00+09:00,553.0469360351562,561.643520533112,548.032261744682,553.0469360351562,29000,0.0,0.0
2014-04-07 00:00:00+09:00,541.5849045973558,546.599579639924,530.8391723632812,530.8391723632812,18500,0.0,0.0
2014-04-08 00:00:00+09:00,522.9590412861593,538.7194507495777,522.9590412861593,530.1228637695312,18700,0.0,0.0
2014-04-09 00:00:00+09:00,523.6753682314117,535.1374829943426,509.3477247777478,519.3770751953125,36300,0.0,0.0
2014-04-10 00:00:00+09:00,528.689994011136,532.2719045396667,515.7951161084254,518.66064453125,55400,0.0,0.0
2014-04-11 00:00:00+09:00,497.88563592852324,517.2279555976888,490.72181382883224,514.3624267578125,39700,0.0,0.0
2014-04-14 00:00:00+09:00,512.2132404365055,512.2132404365055,506.4821832008523,507.9149475097656,10500,0.0,0.0
2014-04-15 00:00:00+09:00,517.2278407137159,524.3916612222162,507.91487405266565,508.6312561035156,8800,0.0,0.0
2014-04-16 00:00:00+09:00,504.33304956896546,520.8098395406788,503.6166673962823,519.3770751953125,16500,0.0,0.0
2014-04-17 00:00:00+09:00,515.7951750578704,522.2426147460938,515.7951750578704,522.2426147460938,10200,0.0,0.0
2014-04-18 00:00:00+09:00,517.9442859004255,520.809814453125,516.5115216240758,520.809814453125,3500,0.0,0.0
2014-04-21 00:00:00+09:00,524.3917013768992,528.689994011136,508.6312950513639,518.66064453125,11000,0.0,0.0
2014-04-22 00:00:00+09:00,514.3623588245484,514.3623588245484,500.7510986328125,500.7510986328125,16000,0.0,0.0
2014-04-23 00:00:00+09:00,505.04944022042406,512.9296442522322,494.30370744977677,501.467529296875,16300,0.0,0.0
2014-04-24 00:00:00+09:00,500.75108057585004,505.0493731129818,493.58725968063044,500.0346984863281,12700,0.0,0.0
2014-04-25 00:00:00+09:00,497.8856071281152,497.8856071281152,483.557963757522,486.4234924316406,30100,0.0,0.0
2014-04-28 00:00:00+09:00,477.11051277694,491.4381558032746,459.20095899402185,471.37945556640625,36700,0.0,0.0
2014-04-30 00:00:00+09:00,485.70715194564684,490.72182755570515,471.37950734548025,477.1105651855469,33300,0.0,0.0
2014-05-01 00:00:00+09:00,482.84152533083545,492.8708745216837,477.82685073541137,491.4381103515625,15000,0.0,0.0
2014-05-02 00:00:00+09:00,494.30363744799206,506.4821328633774,494.30363744799206,495.02001953125,16100,0.0,0.0
2014-05-07 00:00:00+09:00,500.75108907463846,512.9295848032062,494.30365015951435,510.0640563964844,33400,0.0,0.0
2014-05-08 00:00:00+09:00,553.0469621246937,578.8367168351716,530.1227357153799,548.0322875976562,270900,0.0,0.0
2014-05-09 00:00:00+09:00,538.7193854166667,551.6142643229167,527.9736529947917,537.28662109375,64600,0.0,0.0
2014-05-12 00:00:00+09:00,555.1961856418186,555.1961856418186,515.795166015625,515.795166015625,59100,0.0,0.0
2014-05-13 00:00:00+09:00,515.0787603785303,524.3917282296026,504.33302824267787,513.64599609375,38600,0.0,0.0
2014-05-14 00:00:00+09:00,512.2131833550651,519.3770041012898,507.1985088327078,512.9295654296875,23300,0.0,0.0
2014-05-15 00:00:00+09:00,506.48204982027096,512.9294875124668,503.61652195707285,505.0492858886719,17600,0.0,0.0
2014-05-16 00:00:00+09:00,495.73634796365985,496.4527299693877,484.99061787774235,489.2889099121094,58500,0.0,0.0
2014-05-19 00:00:00+09:00,494.3036507593116,494.3036507593116,459.200927734375,459.200927734375,73500,0.0,0.0
2014-05-20 00:00:00+09:00,460.6336624337442,477.110449736973,454.9026059804472,455.6189880371094,120600,0.0,0.0
2014-05-21 00:00:00+09:00,457.05189625809834,469.94677734375,457.05189625809834,469.94677734375,32700,0.0,0.0
2014-05-22 00:00:00+09:00,485.7070769599283,494.3036623928474,479.97602000464894,493.5872802734375,51600,0.0,0.0
2014-05-23 00:00:00+09:00,490.72167392356505,497.1691119751155,484.2742358720146,489.2889099121094,25400,0.0,0.0
2014-05-26 00:00:00+09:00,492.15448114389545,497.88553769287824,488.57257080078125,488.57257080078125,31900,0.0,0.0
2014-05-27 00:00:00+09:00,494.30360225209023,495.73636631658906,490.00531005859375,490.00531005859375,19100,0.0,0.0
2014-05-28 00:00:00+09:00,489.2889653456544,489.2889653456544,483.5579086505369,487.856201171875,19200,0.0,0.0
2014-05-29 00:00:00+09:00,495.0200103846463,505.04935936494303,492.1544821045615,504.3329772949219,67200,0.0,0.0
2014-05-30 00:00:00+09:00,507.91498903296457,510.06413567203214,495.0201091985593,498.6020202636719,45400,0.0,0.0
2014-06-02 00:00:00+09:00,507.9148876450278,507.9148876450278,501.4674490148371,504.3329772949219,34900,0.0,0.0
2014-06-03 00:00:00+09:00,505.0493913249397,512.2132124784849,497.8855701713944,500.7510986328125,52900,0.0,0.0
2014-06-04 00:00:00+09:00,501.467480748167,507.91491978635776,499.31833440210346,500.7510986328125,39800,0.0,0.0
2014-06-05 00:00:00+09:00,504.33303603684976,511.4968575714641,488.5726286606982,495.7364501953125,65900,0.0,0.0
2014-06-06 00:00:00+09:00,497.8855522177622,505.0493731129818,494.3036417701524,500.0346984863281,46700,0.0,0.0
2014-06-09 00:00:00+09:00,503.61662150181866,505.04938571661756,496.45280042782406,499.3183288574219,58200,0.0,0.0
2014-06-10 00:00:00+09:00,501.46750904066596,502.9002733522107,489.28901239253554,492.154541015625,50500,0.0,0.0
2014-06-11 00:00:00+09:00,488.5726816300866,497.8856506347657,484.9907704744408,497.8856506347656,41900,0.0,0.0
2014-06-12 00:00:00+09:00,490.72179998867756,497.16923969655795,487.13988903985506,494.3037109375,47600,0.0,0.0
2014-06-13 00:00:00+09:00,496.45293153007077,533.7048109522406,495.0201669369104,531.5556640625,149500,0.0,0.0
2014-06-16 00:00:00+09:00,535.1374150423395,543.0176179412227,526.5408300617397,533.7046508789062,81200,0.0,0.0
2014-06-17 00:00:00+09:00,538.7193668429799,563.0763594927954,537.2866025694614,552.3306274414062,154200,0.0,0.0
2014-06-18 00:00:00+09:00,556.6289328835227,560.2108436485389,546.5995827414772,551.6142578125,83900,0.0,0.0
2014-06-19 00:00:00+09:00,555.1960957579452,556.6288598760301,542.30121869518,548.7486572265625,39000,0.0,0.0
2014-06-20 00:00:00+09:00,546.5995411206318,546.5995411206318,532.2718991515458,532.98828125,75000,0.0,0.0
2014-06-23 00:00:00+09:00,543.73398939688,576.6875645118424,540.1520790582971,565.9418334960938,190400,0.0,0.0
2014-06-24 00:00:00+09:00,571.6730006395188,572.389382845834,560.927267544791,566.6583251953125,48100,0.0,0.0
2014-06-25 00:00:00+09:00,563.7927765441738,566.6583052686676,551.6142794650747,557.3453369140625,70900,0.0,0.0
2014-06-26 00:00:00+09:00,552.3306352943372,563.7927496454519,544.4504316779459,562.3599853515625,51400,0.0,0.0
2014-06-27 00:00:00+09:00,561.6435559411104,563.7927022010891,544.4503858612804,558.0616455078125,54400,0.0,0.0
2014-06-30 00:00:00+09:00,562.3599344527312,603.9100952148438,555.9124957137826,603.9100952148438,164700,0.0,0.0
2014-07-01 00:00:00+09:00,606.0592856712475,618.2377819554215,591.0152608496207,615.3722534179688,193900,0.0,0.0
2014-07-02 00:00:00+09:00,621.8196814464548,624.685209932383,610.3575675027413,612.5067138671875,89600,0.0,0.0
2014-07-03 00:00:00+09:00,609.6412353515625,616.0886749733769,591.7316808465225,609.6412353515625,80100,0.0,0.0
2014-07-04 00:00:00+09:00,606.0593774414062,649.7586942545573,606.0593774414062,644.7440185546875,152000,0.0,0.0
2014-07-07 00:00:00+09:00,644.7438992275281,664.8025983146067,636.8636960147471,637.580078125,68200,0.0,0.0
2014-07-08 00:00:00+09:00,630.4162491508152,665.5189721148947,630.4162491508152,659.071533203125,84500,0.0,0.0
2014-07-09 00:00:00+09:00,659.0716634114583,680.5631306966146,636.8638138834635,644.7440185546875,196300,0.0,0.0
2014-07-10 00:00:00+09:00,638.2964947040265,644.7439340444712,612.5067373422477,614.6558837890625,90200,0.0,0.0
2014-07-11 00:00:00+09:00,600.3282363035152,641.8784006300115,599.6118541599549,625.401611328125,97700,0.0,0.0
2014-07-14 00:00:00+09:00,636.1472763496567,678.413818359375,636.1472763496567,678.413818359375,103500,0.0,0.0
2014-07-15 00:00:00+09:00,692.7415301494618,704.920026542989,673.3992123479774,688.4432373046875,93800,0.0,0.0
2014-07-16 00:00:00+09:00,683.4285417387757,697.7561841232364,675.5483384273223,679.1302490234375,43600,0.0,0.0
2014-07-17 00:00:00+09:00,675.5483553644925,682.7121767363324,664.8026233067328,667.6681518554688,30600,0.0,0.0
2014-07-18 00:00:00+09:00,651.9077419272907,677.6974987507879,651.9077419272907,674.8319702148438,39900,0.0,0.0
2014-07-22 00:00:00+09:00,676.9812067037623,712.0839359402537,676.9812067037623,711.3675537109375,87100,0.0,0.0
2014-07-23 00:00:00+09:00,717.0984914272645,740.0227189254389,712.8001987713569,735.7244262695312,111700,0.0,0.0
2014-07-24 00:00:00+09:00,728.5606079101562,735.7244290302168,717.8148762300655,728.5606079101562,51500,0.0,0.0
2014-07-25 00:00:00+09:00,720.6804221520057,745.0374145507812,720.6804221520057,745.0374145507812,36300,0.0,0.0
2014-07-28 00:00:00+09:00,748.619439754846,774.4092003588407,747.1866752768464,759.3651733398438,48100,0.0,0.0
2014-07-29 00:00:00+09:00,764.3798128932094,764.3798128932094,748.6194043799474,757.932373046875,22900,0.0,0.0
2014-07-30 00:00:00+09:00,761.5142750128043,780.1402121250649,761.5142750128043,775.8419189453125,61500,0.0,0.0
2014-07-31 00:00:00+09:00,775.8418126260082,785.8711620043683,729.2769762264785,732.85888671875,138000,0.0,0.0
2014-08-01 00:00:00+09:00,700.6218155189216,722.8296644770878,691.3088466009809,697.7562866210938,237300,0.0,0.0
2014-08-04 00:00:00+09:00,688.4432546787161,704.2036621739625,669.8173185479704,676.9811401367188,115200,0.0,0.0
2014-08-05 00:00:00+09:00,676.2647628948253,687.7268775201612,664.8026482694892,666.2354125976562,82200,0.0,0.0
2014-08-06 00:00:00+09:00,641.8784448818898,651.9077955831693,624.6852722511248,636.86376953125,140700,0.0,0.0
2014-08-07 00:00:00+09:00,627.5507274298623,692.0251172343001,627.5507274298623,672.6828002929688,177000,0.0,0.0
2014-08-08 00:00:00+09:00,658.3551274323542,671.2500047922915,639.0128113924483,656.92236328125,77600,0.0,0.0
2014-08-11 00:00:00+09:00,662.6535286101179,689.1596697545226,662.6535286101179,685.5777587890625,44600,0.0,0.0
2014-08-12 00:00:00+09:00,676.9812198963309,686.2941890589259,664.0863395173532,665.5191040039062,35400,0.0,0.0
2014-08-13 00:00:00+09:00,665.5189721148947,671.2500289253567,658.3551511018173,659.071533203125,23700,0.0,0.0
2014-08-14 00:00:00+09:00,662.6535358619057,662.6535358619057,643.3112164367473,646.8931274414062,56800,0.0,0.0
2014-08-15 00:00:00+09:00,642.5947052847856,672.68275168608,642.5947052847856,671.9663696289062,24500,0.0,0.0
2014-08-18 00:00:00+09:00,671.966452600588,684.1449490762916,667.6681597268102,677.697509765625,16900,0.0,0.0
2014-08-19 00:00:00+09:00,679.1303066181987,686.2941284179688,653.3405481390266,686.2941284179688,48300,0.0,0.0
2014-08-20 00:00:00+09:00,691.3088058579898,725.6951506053302,680.5630731244459,707.0692138671875,73600,0.0,0.0
2014-08-21 00:00:00+09:00,712.800285752771,728.5606940809729,705.6364637854064,727.1279296875,60700,0.0,0.0
2014-08-22 00:00:00+09:00,728.5606270168138,752.9176194637869,724.9787163628472,741.4555053710938,88500,0.0,0.0
2014-08-25 00:00:00+09:00,739.3064163427034,757.2159710021681,739.3064163427034,748.619384765625,62600,0.0,0.0
2014-08-26 00:00:00+09:00,748.6192928847447,748.6192928847447,717.0984805527554,732.85888671875,58300,0.0,0.0
2014-08-27 00:00:00+09:00,727.8441761102779,737.8735249936872,720.6803554792712,731.4260864257812,24700,0.0,0.0
2014-08-28 00:00:00+09:00,724.2622805151609,739.3063041460397,714.9493135055693,723.5458984375,46500,0.0,0.0
2014-08-29 00:00:00+09:00,726.4115975995655,727.127979845719,692.7416320303549,703.4873657226562,58000,0.0,0.0
2014-09-01 00:00:00+09:00,702.0545013119475,728.5606406471945,702.0545013119475,709.2183227539062,57200,0.0,0.0
2014-09-02 00:00:00+09:00,712.8002684007677,740.7391733933605,706.3528287870923,738.5900268554688,64800,0.0,0.0
2014-09-03 00:00:00+09:00,738.5900852843572,739.3064675203265,711.3675603175235,721.3969116210938,81300,0.0,0.0
2014-09-04 00:00:00+09:00,713.5165177936013,720.6803382533765,691.3086743682985,707.7854614257812,54800,0.0,0.0
2014-09-05 00:00:00+09:00,705.6363871789748,729.9933792237313,705.6363871789748,710.6510620117188,27100,0.0,0.0
2014-09-08 00:00:00+09:00,710.651021039604,727.1278088258044,702.0544361076733,723.5458984375,31400,0.0,0.0
2014-09-09 00:00:00+09:00,730.709784235142,756.4995413257941,724.978727103886,744.321044921875,94000,0.0,0.0
2014-09-10 00:00:00+09:00,744.3210430391985,744.3210430391985,712.8002288970188,719.9640502929688,47800,0.0,0.0
2014-09-11 00:00:00+09:00,729.9934548875763,739.3064233993903,722.1132507621952,734.291748046875,27400,0.0,0.0
2014-09-12 00:00:00+09:00,724.2624508611053,724.9788331072588,696.323543261122,703.4873657226562,94400,0.0,0.0
2014-09-16 00:00:00+09:00,707.7855459881118,723.545952882584,706.352781724978,709.9346923828125,26300,0.0,0.0
2014-09-17 00:00:00+09:00,712.8002876531883,716.3821986464204,678.4139421181601,699.1890258789062,64900,0.0,0.0
2014-09-18 00:00:00+09:00,689.1595972627557,693.4578899691762,680.5630118499147,682.712158203125,40200,0.0,0.0
2014-09-19 00:00:00+09:00,693.457852032394,693.457852032394,676.9810642258393,684.8612670898438,33900,0.0,0.0
2014-09-22 00:00:00+09:00,694.1742992420487,720.680438635192,687.7268599302031,705.6364135742188,74200,0.0,0.0
2014-09-24 00:00:00+09:00,707.7855307451503,718.5312624872325,701.3380916999009,717.8148803710938,34500,0.0,0.0
2014-09-25 00:00:00+09:00,722.1132367316319,746.4702308277385,722.1132367316319,738.5900268554688,99700,0.0,0.0
2014-09-26 00:00:00+09:00,727.8442257981502,737.1571932542289,715.6657298940473,728.5606079101562,26600,0.0,0.0
2014-09-29 00:00:00+09:00,737.8735500149959,766.5288335107239,735.7244037528162,765.0960693359375,102300,0.0,0.0
2014-09-30 00:00:00+09:00,765.0961494336498,765.0961494336498,720.6804553654041,750.0521240234375,109000,0.0,0.0
2014-10-01 00:00:00+09:00,750.0522016724104,751.4849661455191,729.9934990488885,742.1719970703125,77000,0.0,0.0
2014-10-02 00:00:00+09:00,716.3821645415317,735.0081008196115,713.5166358833656,718.5313110351562,89500,0.0,0.0
2014-10-03 00:00:00+09:00,718.5312863638574,747.9029541015625,718.5312863638574,747.9029541015625,34800,0.0,0.0
2014-10-06 00:00:00+09:00,764.3797749511259,764.3797749511259,753.6340424072956,760.0814819335938,42200,0.0,0.0
2014-10-07 00:00:00+09:00,770.1108267061379,815.2429030619394,764.3797693911155,798.76611328125,329800,0.0,0.0
2014-10-08 00:00:00+09:00,788.0203192574637,805.2134898594447,765.8124738965715,802.3479614257812,106700,0.0,0.0
2014-10-09 00:00:00+09:00,802.347990919651,820.9739264231429,775.1254697991628,790.1694946289062,127400,0.0,0.0
2014-10-10 00:00:00+09:00,770.1108459039782,816.6756877493351,764.3797884460881,808.0791015625,114300,0.0,0.0
2014-10-14 00:00:00+09:00,805.9298949253897,844.6145298818084,777.9909919013095,836.0179443359375,162300,0.0,0.0
2014-10-15 00:00:00+09:00,847.4802323075029,879.7174347198762,832.436204515062,874.7027587890625,171600,0.0,0.0
2014-10-16 00:00:00+09:00,840.3161191418396,889.0300970631057,838.1669730570779,863.9567260742188,128100,0.0,0.0
2014-10-17 00:00:00+09:00,895.4776893332239,915.5363895742881,884.7319570612252,886.881103515625,129800,0.0,0.0
2014-10-20 00:00:00+09:00,916.9690873168851,947.0571354944703,891.1793317360977,929.1475830078125,125800,0.0,0.0
2014-10-21 00:00:00+09:00,930.580414560428,946.3408218893961,904.7906571130259,942.7589111328125,126400,0.0,0.0
2014-10-22 00:00:00+09:00,969.265004189728,978.5779717096588,790.1694749602882,840.3162231445312,407900,0.0,0.0
2014-10-23 00:00:00+09:00,823.8393120514271,836.0178062295786,800.1987057056035,801.6314697265625,157700,0.0,0.0
2014-10-24 00:00:00+09:00,802.3480732295518,812.3774241449212,737.1572922796507,775.1255493164062,336800,0.0,0.0
2014-10-27 00:00:00+09:00,767.9616770833334,808.079078125,767.9616770833334,805.929931640625,123800,0.0,0.0
2014-10-28 00:00:00+09:00,790.1694507548285,820.2574987436795,780.1401014252115,810.2281494140625,84300,0.0,0.0
2014-10-29 00:00:00+09:00,810.2281468464134,827.421317071271,805.2134721974967,817.3919677734375,70700,0.0,0.0
2014-10-30 00:00:00+09:00,810.228219765111,820.9739521227385,792.318665835732,816.6756591796875,58700,0.0,0.0
2014-10-31 00:00:00+09:00,814.5264169637439,823.839383912318,798.0496292854975,811.660888671875,66100,0.0,0.0
2014-11-04 00:00:00+09:00,844.614514547681,844.614514547681,807.3626445252218,812.3773193359375,116900,0.0,0.0
2014-11-05 00:00:00+09:00,808.0790044266207,818.8247358684641,800.9151834653918,806.646240234375,52000,0.0,0.0
2014-11-06 00:00:00+09:00,805.2134718438156,858.2257466805081,805.2134718438156,852.4946899414062,116000,0.0,0.0
2014-11-07 00:00:00+09:00,853.927609428945,883.2992805586318,846.763787202192,881.8665161132812,98200,0.0,0.0
2014-11-10 00:00:00+09:00,889.7464867568598,909.0888016863568,876.1352281027694,881.14990234375,87100,0.0,0.0
2014-11-11 00:00:00+09:00,931.2967518263404,945.6243941621302,847.4800441619698,871.8370361328125,343300,0.0,0.0
2014-11-12 00:00:00+09:00,886.8810249795224,915.5363085006702,885.448260803465,901.925048828125,112600,0.0,0.0
2014-11-13 00:00:00+09:00,896.1939975770581,896.1939975770581,843.1817227403657,852.4946899414062,145500,0.0,0.0
2014-11-14 00:00:00+09:00,846.0473563696919,860.3749999999999,827.4214196502913,860.375,72600,0.0,0.0
2014-11-17 00:00:00+09:00,881.8664838702367,881.8664838702367,837.4507876883076,848.9129028320312,102600,0.0,0.0
2014-11-18 00:00:00+09:00,857.5094802730339,866.8224487304686,846.0473652484987,866.8224487304688,65000,0.0,0.0
2014-11-19 00:00:00+09:00,873.986116746981,886.1646118164061,867.5386781808148,886.1646118164062,43100,0.0,0.0
2014-11-20 00:00:00+09:00,891.8958614343242,894.0450080883828,883.2992748180898,892.6122436523438,37200,0.0,0.0
2014-11-21 00:00:00+09:00,887.5974240710387,887.5974240710387,848.9127905764173,855.3602294921875,74400,0.0,0.0
2014-11-25 00:00:00+09:00,866.8222769873931,873.2697154112664,859.6584565164229,869.6878051757812,33200,0.0,0.0
2014-11-26 00:00:00+09:00,866.8224577440994,866.8224577440994,840.3163164742385,848.9129028320312,80000,0.0,0.0
2014-11-27 00:00:00+09:00,838.1671063380257,845.3309277597183,822.4066992103022,828.1377563476562,115500,0.0,0.0
2014-11-28 00:00:00+09:00,849.6291654546211,851.7783117416058,833.8687593500665,841.7489624023438,92500,0.0,0.0
2014-12-01 00:00:00+09:00,848.9128494878963,895.4776893332239,848.1964673364297,886.881103515625,147700,0.0,0.0
2014-12-02 00:00:00+09:00,882.5826588088205,886.16456895009,857.5092878199335,863.9567260742188,99900,0.0,0.0
2014-12-03 00:00:00+09:00,871.8370000140657,881.1499671465085,857.509358271846,870.4042358398438,40800,0.0,0.0
2014-12-04 00:00:00+09:00,865.3894670642477,876.851579210794,857.509264963497,858.2256469726562,25000,0.0,0.0
2014-12-05 00:00:00+09:00,859.658458621003,863.2403688652571,857.5093124744504,862.5239868164062,15800,0.0,0.0
2014-12-08 00:00:00+09:00,871.1207331730769,899.7760204485071,871.1207331730769,884.7319946289062,115200,0.0,0.0
2014-12-09 00:00:00+09:00,878.2845408818494,901.2087703339041,873.9862478595891,889.0302734375,40000,0.0,0.0
2014-12-10 00:00:00+09:00,873.9862653459821,888.3139090401785,862.524150390625,877.5681762695312,38200,0.0,0.0
2014-12-11 00:00:00+09:00,856.7929131732724,883.2990484470275,854.643767069995,881.14990234375,43300,0.0,0.0
2014-12-12 00:00:00+09:00,881.8664624807826,894.7613417047095,881.8664624807826,891.8958129882812,24800,0.0,0.0
2014-12-15 00:00:00+09:00,870.4043757306398,887.5975485845784,868.2552291238975,883.2992553710938,42800,0.0,0.0
2014-12-16 00:00:00+09:00,874.7026691961727,880.4337268158035,853.2112031225566,858.9422607421875,51500,0.0,0.0
2014-12-17 00:00:00+09:00,835.3016358439128,866.106070098877,833.1524892679851,859.6586303710938,37300,0.0,0.0
2014-12-18 00:00:00+09:00,881.1500431941106,881.866425343049,861.0913430238381,866.1060180664062,22200,0.0,0.0
2014-12-19 00:00:00+09:00,880.4336640575292,914.8200073242186,877.5681354519717,914.8200073242188,73600,0.0,0.0
2014-12-22 00:00:00+09:00,923.416549635667,938.4605741060697,917.6854926945613,931.2967529296875,69500,0.0,0.0
2014-12-24 00:00:00+09:00,934.8786692619324,934.8786692619324,916.9691162109375,916.9691162109375,25800,0.0,0.0
2014-12-25 00:00:00+09:00,924.1328747226106,924.1328747226106,916.9690539883268,920.5509643554688,24300,0.0,0.0
2014-12-26 00:00:00+09:00,927.6305999515563,933.4693448765071,915.9531101016547,926.9007568359375,29800,23.7,0.0
2014-12-29 00:00:00+09:00,930.5498015263166,933.4691734526738,915.9529418945312,915.9529418945312,19400,0.0,0.0
2014-12-30 00:00:00+09:00,913.7635023824006,918.8724037535483,899.896484375,899.896484375,24100,0.0,0.0
2015-01-05 00:00:00+09:00,891.8683623893282,904.2756963996544,891.1385192122502,892.5982055664062,18100,0.0,0.0
2015-01-06 00:00:00+09:00,880.190692311646,905.0053552789727,880.190692311646,901.3561401367188,16600,0.0,0.0
2015-01-07 00:00:00+09:00,886.0293934161846,912.3037411616399,881.6503354586088,910.8440551757812,14900,0.0,0.0
2015-01-08 00:00:00+09:00,931.2796613475945,931.2796613475945,910.844057493572,922.5215454101562,12400,0.0,0.0
2015-01-09 00:00:00+09:00,923.2513848581623,926.1707568260932,881.6503343151462,905.0053100585938,15800,0.0,0.0
2015-01-13 00:00:00+09:00,880.9205649964517,899.896484375,878.7310358373885,899.896484375,26500,0.0,0.0
2015-01-14 00:00:00+09:00,899.1666563452744,902.815871671351,889.6786964974752,897.7069702148438,12800,0.0,0.0
2015-01-15 00:00:00+09:00,895.5173157242705,896.9770016504714,879.4607705360602,883.1099853515625,26600,0.0,0.0
2015-01-16 00:00:00+09:00,876.5415792841444,878.0012655110955,821.0735026600021,850.9970703125,46400,0.0,0.0
2015-01-19 00:00:00+09:00,848.807508925317,860.484998300042,820.3436285744251,829.1017456054688,32000,0.0,0.0
2015-01-20 00:00:00+09:00,824.7227478027344,829.8316497802734,797.7185516357422,823.2630615234375,47900,0.0,0.0
2015-01-21 00:00:00+09:00,802.8273254860447,806.4765406018904,760.4964301422351,764.87548828125,122500,0.0,0.0
2015-01-22 00:00:00+09:00,759.7666775305295,772.9038535108845,750.2787171002731,751.7384033203125,60000,0.0,0.0
2015-01-23 00:00:00+09:00,750.2786300602031,779.4723510742188,750.2786300602031,779.4723510742188,43900,0.0,0.0
2015-01-26 00:00:00+09:00,773.6337130372451,788.2305755473818,767.7949680331905,787.500732421875,26200,0.0,0.0
2015-01-27 00:00:00+09:00,788.9604964400783,789.6903396375251,769.9845733064593,770.7144165039062,29600,0.0,0.0
2015-01-28 00:00:00+09:00,768.5247493186447,768.5247493186447,755.3875741166166,764.1456909179688,29700,0.0,0.0
2015-01-29 00:00:00+09:00,757.5771635926892,774.3635554642035,750.2787323442047,752.46826171875,34100,0.0,0.0
2015-01-30 00:00:00+09:00,753.9278710794728,767.0650459869563,745.1697544744837,748.8189697265625,23100,0.0,0.0
2015-02-02 00:00:00+09:00,729.842953565644,732.7623253799067,709.407350865806,718.1654663085938,64300,0.0,0.0
2015-02-03 00:00:00+09:00,722.5446155758723,753.1980235093941,709.4074407472201,713.7864990234375,45000,0.0,0.0
2015-02-04 00:00:00+09:00,707.9478454589844,722.5447082519531,707.9478454589844,712.326904296875,29800,0.0,0.0
2015-02-05 00:00:00+09:00,707.9478606084474,726.9237826453749,703.5688016768488,713.0567626953125,33300,0.0,0.0
2015-02-06 00:00:00+09:00,708.6776421526009,709.4074852444162,697.0001526835571,698.4598388671875,40200,0.0,0.0
2015-02-09 00:00:00+09:00,698.4598544103018,711.5970303553231,694.8106388700181,705.0284423828125,13200,0.0,0.0
2015-02-10 00:00:00+09:00,702.8388514508783,706.4880666712878,697.7299501423049,699.1896362304688,24000,0.0,0.0
2015-02-12 00:00:00+09:00,702.8388525894007,713.7864982683634,698.4597943178156,707.94775390625,25500,0.0,0.0
2015-02-13 00:00:00+09:00,741.5205099706491,741.5205099706491,627.664998597203,660.5079345703125,414900,0.0,0.0
2015-02-16 00:00:00+09:00,671.4555794126318,683.8629107713435,649.5602887796113,657.5885620117188,117600,0.0,0.0
2015-02-17 00:00:00+09:00,656.8588101310341,663.4273982323444,640.8022614389422,644.4514770507812,92500,0.0,0.0
2015-02-18 00:00:00+09:00,645.1812890960589,651.0200337937607,632.7739566134424,637.1530151367188,95300,0.0,0.0
2015-02-19 00:00:00+09:00,642.9916832632126,650.2901132662003,633.5037242593286,639.3424682617188,70400,0.0,0.0
2015-02-20 00:00:00+09:00,642.261962890625,649.5603942871094,624.7457275390625,627.6651000976562,101700,0.0,0.0
2015-02-23 00:00:00+09:00,632.0441589355469,636.4232177734375,627.6651000976562,633.5038452148438,53700,0.0,0.0
2015-02-24 00:00:00+09:00,641.5320604037395,662.6975094955579,641.5320604037395,659.7781372070312,90200,0.0,0.0
2015-02-25 00:00:00+09:00,667.076571039793,707.9477832698021,661.9676695110418,694.8106079101562,133600,0.0,0.0
2015-02-26 00:00:00+09:00,683.8629917506167,700.6493832236843,672.1855020302221,693.3509521484375,95100,0.0,0.0
2015-02-27 00:00:00+09:00,694.0807791461516,697.7299945990756,678.7540742438706,680.943603515625,34800,0.0,0.0
2015-03-02 00:00:00+09:00,674.3749378987275,677.2943099242631,665.6168218221206,668.5361938476562,44500,0.0,0.0
2015-03-03 00:00:00+09:00,664.157226291834,664.8870693976493,655.3991090220517,658.3184814453125,51100,0.0,0.0
2015-03-04 00:00:00+09:00,656.1288928860932,669.9959106445312,653.9393637663399,669.9959106445312,26100,0.0,0.0
2015-03-05 00:00:00+09:00,674.3749849881169,676.5645141601562,664.1571821852666,676.5645141601562,28700,0.0,0.0
2015-03-06 00:00:00+09:00,680.2137294468885,684.5927877909671,672.1854558160775,676.5645141601562,45100,0.0,0.0
2015-03-09 00:00:00+09:00,675.8346380244302,677.2943240676796,660.5079345703125,660.5079345703125,40500,0.0,0.0
2015-03-10 00:00:00+09:00,661.237853173496,667.806441118928,636.4231876018637,643.7216186523438,88300,0.0,0.0
2015-03-11 00:00:00+09:00,642.2619779272817,656.8588410619926,640.8022916138106,651.7499389648438,69100,0.0,0.0
2015-03-12 00:00:00+09:00,654.6692518739443,675.834701488598,651.7498795133024,675.1048583984375,58800,0.0,0.0
2015-03-13 00:00:00+09:00,680.9435881913475,684.592803562148,678.7540589688674,680.2137451171875,66700,0.0,0.0
2015-03-16 00:00:00+09:00,679.4839165374523,680.213759627181,666.346740922335,669.26611328125,35700,0.0,0.0
2015-03-17 00:00:00+09:00,668.5361784387807,672.1853933865907,664.8869634909707,667.8063354492188,19300,0.0,0.0
2015-03-18 00:00:00+09:00,667.8064418209101,668.5362849267253,654.6692659162364,658.3184814453125,49800,0.0,0.0
2015-03-19 00:00:00+09:00,660.5079207774334,670.7257228668079,660.5079207774334,668.5361938476562,18400,0.0,0.0
2015-03-20 00:00:00+09:00,669.9958515782511,678.7539672851562,667.0764796759493,678.7539672851562,20700,0.0,0.0
2015-03-23 00:00:00+09:00,686.0523977014186,686.0523977014186,677.2942819860814,681.67333984375,26000,0.0,0.0
2015-03-24 00:00:00+09:00,681.6734312655077,685.322646636308,678.0242158947073,680.2137451171875,18800,0.0,0.0
2015-03-25 00:00:00+09:00,683.8629599567099,683.8629599567099,671.4556277056276,674.375,14300,0.0,0.0
2015-03-26 00:00:00+09:00,676.5644971910414,676.5644971910414,664.1571655273438,664.1571655273438,22400,0.0,0.0
2015-03-27 00:00:00+09:00,664.1571808698802,672.9152975406919,660.5079655903754,664.8870239257812,14600,0.0,0.0
2015-03-30 00:00:00+09:00,670.7257097778976,679.4838256835938,667.0764948171908,679.4838256835938,12700,0.0,0.0
2015-03-31 00:00:00+09:00,687.5121919177827,693.3509366474455,683.8629764617435,689.7017211914062,39000,0.0,0.0
2015-04-01 00:00:00+09:00,694.0808107993472,710.8672026483324,690.4315951800025,705.75830078125,55400,0.0,0.0
2015-04-02 00:00:00+09:00,709.4073831256263,734.2220446752881,709.4073831256263,728.38330078125,83600,0.0,0.0
2015-04-03 00:00:00+09:00,748.818916051861,788.2304379493274,740.0608000746463,786.770751953125,145900,0.0,0.0
2015-04-06 00:00:00+09:00,780.9320285759754,820.3435515134545,778.7424995238932,819.6137084960938,111100,0.0,0.0
2015-04-07 00:00:00+09:00,832.0210728541213,850.2671490132028,814.5048397414029,835.6702880859375,136400,0.0,0.0
2015-04-08 00:00:00+09:00,831.2913201294506,840.7792807630615,794.0693207206691,796.2588500976562,81900,0.0,0.0
2015-04-09 00:00:00+09:00,794.0692910279531,814.504897782349,791.8797617328394,809.39599609375,26700,0.0,0.0
2015-04-10 00:00:00+09:00,815.2347568208137,827.6420897357232,800.6378945679791,824.7227172851562,62000,0.0,0.0
2015-04-13 00:00:00+09:00,846.6179377858232,870.7027584297302,842.9687225367464,867.7833862304688,84200,0.0,0.0
2015-04-14 00:00:00+09:00,868.5132898996721,870.7028192019402,857.5656433883318,859.0253295898438,40600,0.0,0.0
2015-04-15 00:00:00+09:00,861.9446564495262,877.2713607555719,854.6462258275996,862.6744995117188,48500,0.0,0.0
2015-04-16 00:00:00+09:00,868.5132143161441,873.6221155768272,862.6744700182204,869.972900390625,34600,0.0,0.0
2015-04-17 00:00:00+09:00,864.8639962107866,868.5132113846718,802.8273382547386,849.5372924804688,47100,0.0,0.0
2015-04-20 00:00:00+09:00,805.7466733070554,821.8032193331018,801.3676152999518,804.2869873046875,49800,0.0,0.0
2015-04-21 00:00:00+09:00,803.557171846411,807.9362300036122,777.2828229032042,785.3110961914062,59600,0.0,0.0
2015-04-22 00:00:00+09:00,785.311095277022,798.448269733329,771.4440777953645,779.4723510742188,65300,0.0,0.0
2015-04-23 00:00:00+09:00,799.1781132256807,799.1781132256807,779.472351529705,782.3917236328125,39200,0.0,0.0
2015-04-24 00:00:00+09:00,780.9320380342051,795.528898558209,778.7425089556045,785.3110961914062,34100,0.0,0.0
2015-04-27 00:00:00+09:00,799.1781593243804,799.1781593243804,765.6053782020776,775.8231811523438,34400,0.0,0.0
2015-04-28 00:00:00+09:00,779.4723959104709,779.4723959104709,759.7666330925096,769.9844360351562,24300,0.0,0.0
2015-04-30 00:00:00+09:00,769.9845123291016,779.4724731445312,769.9845123291016,773.6337280273438,22700,0.0,0.0
2015-05-01 00:00:00+09:00,766.3351779513889,788.23046875,759.0367476851852,788.23046875,44100,0.0,0.0
2015-05-07 00:00:00+09:00,775.0933251057196,799.178145942338,773.6336389944094,795.5289306640625,44800,0.0,0.0
2015-05-08 00:00:00+09:00,1014.4818725585938,1014.4818725585938,1014.4818725585938,1014.4818725585938,83700,0.0,0.0
2015-05-11 00:00:00+09:00,1014.4819188236766,1130.526972847392,979.4494496844417,1025.4295654296875,1625200,0.0,0.0
2015-05-12 00:00:00+09:00,1050.9739851804122,1150.23263933634,1048.0546129993556,1061.921630859375,498300,0.0,0.0
2015-05-13 00:00:00+09:00,1050.9740532350215,1181.615966796875,1032.7279759219136,1181.615966796875,668000,0.0,0.0
2015-05-14 00:00:00+09:00,1153.1520430402059,1196.942626953125,1120.3091051055164,1196.942626953125,375500,0.0,0.0
2015-05-15 00:00:00+09:00,1189.6441480112755,1215.9184972925061,1160.450426587686,1177.23681640625,227400,0.0,0.0
2015-05-18 00:00:00+09:00,1189.6442430263946,1240.7332595980804,1131.2567955158968,1216.6484375,316300,0.0,0.0
2015-05-19 00:00:00+09:00,1208.6202392578125,1269.9270629882812,1183.0757293701172,1226.136474609375,246300,0.0,0.0
2015-05-20 00:00:00+09:00,1196.94270080684,1207.1605043503132,1135.635879546002,1136.36572265625,289800,0.0,0.0
2015-05-21 00:00:00+09:00,1144.393878991433,1198.402263586692,1144.393878991433,1171.3980712890625,127800,0.0,0.0
2015-05-22 00:00:00+09:00,1192.5636901855469,1192.5636901855469,1161.180435180664,1173.5877685546875,55500,0.0,0.0
2015-05-25 00:00:00+09:00,1191.8337147400441,1251.6808455475664,1191.8337147400441,1237.083984375,139900,0.0,0.0
2015-05-26 00:00:00+09:00,1237.0839011857918,1240.0032732239883,1193.2933206128434,1198.4022216796875,116900,0.0,0.0
2015-05-27 00:00:00+09:00,1182.3457176553782,1210.809596043378,1176.5069733706603,1177.23681640625,47000,0.0,0.0
2015-05-28 00:00:00+09:00,1168.478585780352,1211.5393206716954,1143.6639249955101,1206.430419921875,128400,0.0,0.0
2015-05-29 00:00:00+09:00,1193.293343845802,1201.32161710715,1142.204332182679,1153.1519775390625,180600,0.0,0.0
2015-06-01 00:00:00+09:00,1161.9101568603517,1188.9143502044678,1157.5310984802247,1167.7489013671875,53000,0.0,0.0
2015-06-02 00:00:00+09:00,1177.2367669931728,1178.6964530030837,1144.3938317701766,1157.531005859375,50800,0.0,0.0
2015-06-03 00:00:00+09:00,1161.1805100626302,1190.3742375312065,1153.882078195486,1183.0758056640625,88200,0.0,0.0
2015-06-04 00:00:00+09:00,1185.2651390775966,1228.325879967731,1185.2651390775966,1208.6201171875,95600,0.0,0.0
2015-06-05 00:00:00+09:00,1208.620161220275,1215.918592145518,1172.128006594059,1181.615966796875,67200,0.0,0.0
2015-06-08 00:00:00+09:00,1202.7814164800802,1202.7814164800802,1153.1520861884264,1181.615966796875,45400,0.0,0.0
2015-06-09 00:00:00+09:00,1181.616074560858,1181.616074560858,1142.204543970193,1145.853759765625,91800,0.0,0.0
2015-06-10 00:00:00+09:00,1137.825228442553,1158.9906752833704,1135.6356994590203,1150.96240234375,39900,0.0,0.0
2015-06-11 00:00:00+09:00,1153.8821121029857,1167.0192898498888,1129.0674430255021,1137.8255615234375,52600,0.0,0.0
2015-06-12 00:00:00+09:00,1110.8212271188368,1121.768873903845,1036.3772289807807,1078.7081298828125,356000,0.0,0.0
2015-06-15 00:00:00+09:00,1056.8128036196442,1072.1395086445148,1017.4012764128342,1030.5384521484375,292200,0.0,0.0
2015-06-16 00:00:00+09:00,1021.7802444306931,1055.3530238905587,1006.4535407642327,1031.998046875,156800,0.0,0.0
2015-06-17 00:00:00+09:00,1026.1594397611639,1094.7646939130482,1023.2400672440623,1073.5992431640625,145600,0.0,0.0
2015-06-18 00:00:00+09:00,1051.7037804903757,1062.6514256724408,1031.9980191626587,1048.0545654296875,69900,0.0,0.0
2015-06-19 00:00:00+09:00,1039.2966609960126,1054.6233673730605,1029.808699905459,1052.433837890625,70400,0.0,0.0
2015-06-22 00:00:00+09:00,1038.5666822424207,1053.8933866184507,1035.6473099803197,1051.703857421875,40300,0.0,0.0
2015-06-23 00:00:00+09:00,1051.7038162662718,1091.1153402623706,1041.4860137487647,1084.5467529296875,86400,0.0,0.0
2015-06-24 00:00:00+09:00,1077.978180117346,1102.0630006616063,1068.4902205090011,1079.4378662109375,89700,0.0,0.0
2015-06-25 00:00:00+09:00,1075.7887570737325,1084.5468744990276,1061.9217378170156,1067.0306396484375,68000,0.0,0.0
2015-06-26 00:00:00+09:00,1066.3007038601195,1072.869291358231,1050.2441566425134,1056.812744140625,33000,0.0,0.0
2015-06-29 00:00:00+09:00,1022.5103149414062,1041.4862379881417,1020.3207853590906,1022.5103149414062,57000,0.0,0.0
2015-06-30 00:00:00+09:00,1014.4817408511514,1040.7560880962171,1014.4817408511514,1040.0262451171875,31600,0.0,0.0
2015-07-01 00:00:00+09:00,1042.945652272131,1067.76031439757,1042.945652272131,1064.8409423828125,32400,0.0,0.0
2015-07-02 00:00:00+09:00,1083.8168411574104,1084.5466841480888,1044.4053196607774,1046.5948486328125,29700,0.0,0.0
2015-07-03 00:00:00+09:00,1052.4336080411585,1053.163451042574,1040.0262770170948,1047.32470703125,30200,0.0,0.0
2015-07-06 00:00:00+09:00,1029.8084598472094,1047.324691623491,1021.0503439590689,1046.5948486328125,57700,0.0,0.0
2015-07-07 00:00:00+09:00,1058.2724490321789,1092.5750732421875,1056.0829198272847,1092.5750732421875,122500,0.0,0.0
2015-07-08 00:00:00+09:00,1086.00662227349,1105.7123875970008,1073.5992885512794,1087.46630859375,124700,0.0,0.0
2015-07-09 00:00:00+09:00,1043.6754178406763,1117.3895557441087,1007.9131133132685,1113.010498046875,142500,0.0,0.0
2015-07-10 00:00:00+09:00,1117.3896409063823,1118.8493269167107,1072.8692175913664,1076.5184326171875,93400,0.0,0.0
2015-07-13 00:00:00+09:00,1090.3854955556442,1090.3854955556442,1069.2200475160769,1072.8692626953125,40200,0.0,0.0
2015-07-14 00:00:00+09:00,1080.1676688607283,1116.659819835753,1080.1676688607283,1112.28076171875,77200,0.0,0.0
2015-07-15 00:00:00+09:00,1121.0390479153702,1175.0474395467097,1116.6599891344508,1172.85791015625,123700,0.0,0.0
2015-07-16 00:00:00+09:00,1175.7772369763395,1193.29347141919,1154.6117870245619,1176.507080078125,83200,0.0,0.0
2015-07-17 00:00:00+09:00,1189.6442430263946,1218.8379667816437,1187.454713744751,1216.6484375,129500,0.0,0.0
2015-07-21 00:00:00+09:00,1241.4629521971224,1255.3299692998535,1226.8660920889847,1244.38232421875,138400,0.0,0.0
2015-07-22 00:00:00+09:00,1240.733219493519,1292.552077484131,1226.136358087713,1284.5238037109375,175400,0.0,0.0
2015-07-23 00:00:00+09:00,1279.4146728515625,1310.7979192478074,1273.575929335982,1279.4146728515625,99400,0.0,0.0
2015-07-24 00:00:00+09:00,1277.2254943847656,1287.4432983398438,1254.600357055664,1255.3302001953125,51400,0.0,0.0
2015-07-27 00:00:00+09:00,1280.8746632935354,1290.3626237623762,1234.894547175306,1253.140625,71400,0.0,0.0
2015-07-28 00:00:00+09:00,1237.8139200447201,1275.7657619328836,1202.0516074962582,1264.818115234375,72900,0.0,0.0
2015-07-29 00:00:00+09:00,1283.0642696762516,1312.2579959487487,1267.007720226378,1297.6611328125,115200,0.0,0.0
2015-07-30 00:00:00+09:00,1319.556255968803,1321.0159420926625,1280.1447306246023,1289.6326904296875,89900,0.0,0.0
2015-07-31 00:00:00+09:00,1277.95530780457,1312.2579345703125,1275.765778436544,1312.2579345703125,63000,0.0,0.0
2015-08-03 00:00:00+09:00,1312.9875959027538,1329.7739854001209,1295.471363383762,1321.015869140625,81100,0.0,0.0
2015-08-04 00:00:00+09:00,1321.0158965721557,1321.0158965721557,1288.172959917047,1299.12060546875,62600,0.0,0.0
2015-08-05 00:00:00+09:00,1281.6043725860252,1306.4190358365518,1259.7090814826192,1299.12060546875,68700,0.0,0.0
2015-08-06 00:00:00+09:00,1313.7176065128267,1340.7218017578125,1308.6087047097212,1340.7218017578125,125200,0.0,0.0
2015-08-07 00:00:00+09:00,1346.5604007362883,1423.9237625130072,1346.5604007362883,1391.8106689453125,400000,0.0,0.0
2015-08-10 00:00:00+09:00,1372.1049900428923,1372.1049900428923,1284.5238204656862,1302.7698974609375,230700,0.0,0.0
2015-08-11 00:00:00+09:00,1317.3667929876615,1375.7542408763113,1317.3667929876615,1356.7783203125,116300,0.0,0.0
2015-08-12 00:00:00+09:00,1348.020263867605,1388.1616360997211,1327.5846561858007,1365.5364990234375,78300,0.0,0.0
2015-08-13 00:00:00+09:00,1364.8066711425781,1429.762710571289,1364.8066711425781,1412.976318359375,137600,0.0,0.0
2015-08-14 00:00:00+09:00,1430.4924787554824,1459.6862028117168,1399.8390684964363,1456.0369873046875,212400,0.0,0.0
2015-08-17 00:00:00+09:00,1459.6861916866028,1530.4809719834032,1459.6861916866028,1525.3720703125,244600,0.0,0.0
2015-08-18 00:00:00+09:00,1547.2674259629362,1580.110366608376,1541.4286809593025,1569.1627197265625,305900,0.0,0.0
2015-08-19 00:00:00+09:00,1576.4609918576054,1616.6023597058315,1512.9646463522297,1520.992919921875,272200,0.0,0.0
2015-08-20 00:00:00+09:00,1460.415900648362,1525.3719302124318,1442.1698249281174,1507.1258544921875,164300,0.0,0.0
2015-08-21 00:00:00+09:00,1416.6252872467041,1467.7142981211346,1386.7017237345378,1401.298583984375,148900,0.0,0.0
2015-08-24 00:00:00+09:00,1329.0441271178115,1366.9959638065134,1215.1886170517057,1233.4346923828125,231300,0.0,0.0
2015-08-25 00:00:00+09:00,1161.1802964564733,1290.3625167410714,1085.2766190011162,1149.5028076171875,315400,0.0,0.0
2015-08-26 00:00:00+09:00,1218.8380432128906,1237.0841217041016,1175.7772979736328,1226.136474609375,132900,0.0,0.0
2015-08-27 00:00:00+09:00,1284.523798504147,1284.523798504147,1217.378236309612,1231.97509765625,171000,0.0,0.0
2015-08-28 00:00:00+09:00,1263.358366797559,1273.5761698796885,1237.0840160149407,1250.22119140625,144200,0.0,0.0
2015-08-31 00:00:00+09:00,1250.2211283882623,1268.467204400934,1205.7007029173435,1235.624267578125,121700,0.0,0.0
2015-09-01 00:00:00+09:00,1223.2168287928191,1228.325729629066,1154.6115889917899,1161.18017578125,157700,0.0,0.0
2015-09-02 00:00:00+09:00,1095.4943932588155,1187.4546154777436,1095.4943932588155,1153.8818359375,124100,0.0,0.0
2015-09-03 00:00:00+09:00,1178.6966387348791,1180.1563249747985,1124.688247857863,1131.2568359375,94300,0.0,0.0
2015-09-04 00:00:00+09:00,1120.3088415822676,1126.147584730579,1056.81250984438,1086.0062255859375,162100,0.0,0.0
2015-09-07 00:00:00+09:00,1069.220199584961,1113.7406311035156,1045.1353759765625,1080.1678466796875,88500,0.0,0.0
2015-09-08 00:00:00+09:00,1088.1958965952542,1105.7121283311938,1026.1592425304677,1034.9173583984375,57500,0.0,0.0
2015-09-09 00:00:00+09:00,1079.4378878079929,1141.474548026843,1074.3289863782052,1138.55517578125,133100,0.0,0.0
2015-09-10 00:00:00+09:00,1094.0348511148277,1107.9018705752558,1073.5992434889336,1096.9542236328125,99000,0.0,0.0
2015-09-11 00:00:00+09:00,1102.0630406296127,1189.6442094213699,1094.7646098969662,1174.3175048828125,172300,0.0,0.0
2015-09-14 00:00:00+09:00,1167.7491365403705,1167.7491365403705,1097.6841883479483,1102.7930908203125,150900,0.0,0.0
2015-09-15 00:00:00+09:00,1099.8733988148376,1138.5550777379872,1096.2241838220878,1104.9822998046875,67900,0.0,0.0
2015-09-16 00:00:00+09:00,1110.821163494948,1118.849437344123,1063.3813634770954,1069.949951171875,85100,0.0,0.0
2015-09-17 00:00:00+09:00,1094.7648149481568,1117.3899544570854,1087.4663828485025,1108.6318359375,78600,0.0,0.0
2015-09-18 00:00:00+09:00,1105.7121726119549,1112.2807597759863,1079.4378239558293,1100.603271484375,37000,0.0,0.0
2015-09-24 00:00:00+09:00,1069.219904018925,1075.7884904599969,1037.8366576893593,1048.7843017578125,102300,0.0,0.0
2015-09-25 00:00:00+09:00,1048.0545664441222,1061.191740675316,1034.1875492000843,1053.893310546875,40700,0.0,0.0
2015-09-28 00:00:00+09:00,1094.764694244324,1105.7123411867672,1077.2484591364146,1096.9542236328125,71700,0.0,0.0
2015-09-29 00:00:00+09:00,1088.1957702208704,1094.0345134547852,1036.3769240198765,1040.7559814453125,62000,0.0,0.0
2015-09-30 00:00:00+09:00,1075.7888498017282,1086.7364975269834,1046.5951225343815,1059.7322998046875,36300,0.0,0.0
2015-10-01 00:00:00+09:00,1078.708035800997,1080.1677219116884,1047.3247844211303,1056.812744140625,63000,0.0,0.0
2015-10-02 00:00:00+09:00,1059.002289839084,1069.2200927734375,1038.5666839703765,1069.2200927734375,41900,0.0,0.0
2015-10-05 00:00:00+09:00,1091.1153495778929,1156.8012234655253,1091.1153495778929,1154.6116943359375,90600,0.0,0.0
2015-10-06 00:00:00+09:00,1156.8013452963285,1167.74899209724,1118.849503053168,1137.0955810546875,72900,0.0,0.0
2015-10-07 00:00:00+09:00,1140.014672979051,1144.3937306217363,1113.0104841824923,1118.119384765625,56800,0.0,0.0
2015-10-08 00:00:00+09:00,1129.7971022199877,1133.4463176664347,1095.4944770233858,1105.7122802734375,55600,0.0,0.0
2015-10-09 00:00:00+09:00,1102.7929536319375,1114.4704435446517,1098.4138949146698,1107.90185546875,30600,0.0,0.0
2015-10-13 00:00:00+09:00,1119.5793184256847,1185.265197603202,1118.11963222174,1182.3458251953125,103100,0.0,0.0
2015-10-14 00:00:00+09:00,1168.4787121566599,1180.1562008477945,1149.5027930335661,1154.6116943359375,56200,0.0,0.0
2015-10-15 00:00:00+09:00,1139.2850248011148,1215.1887035835082,1134.905966409823,1196.942626953125,64000,0.0,0.0
2015-10-16 00:00:00+09:00,1211.5393528849406,1226.1362125582532,1199.132022162625,1213.7288818359375,51300,0.0,0.0
2015-10-19 00:00:00+09:00,1233.434921568535,1233.434921568535,1199.1322935722503,1209.35009765625,45500,0.0,0.0
2015-10-20 00:00:00+09:00,1218.8378572115932,1219.5677002398636,1191.833665165588,1199.8619384765625,40700,0.0,0.0
2015-10-21 00:00:00+09:00,1202.781325987842,1214.4588145896655,1172.1279184080547,1200.591796875,49400,0.0,0.0
2015-10-22 00:00:00+09:00,1186.7247438579518,1202.0514471919107,1168.4786684603819,1169.9383544921875,58600,0.0,0.0
2015-10-23 00:00:00+09:00,1196.2129830249219,1196.9428262116364,1172.8580010500607,1183.0758056640625,46200,0.0,0.0
2015-10-26 00:00:00+09:00,1191.1037393004722,1252.4105494115258,1191.1037393004722,1236.35400390625,126300,0.0,0.0
2015-10-27 00:00:00+09:00,1211.5396876989403,1240.0035719280118,1211.5396876989403,1218.1082763671875,59700,0.0,0.0
2015-10-28 00:00:00+09:00,1230.5153779072514,1237.813808381197,1204.9708712484412,1207.160400390625,51200,0.0,0.0
2015-10-29 00:00:00+09:00,1255.3301545516304,1280.87466351053,1230.5154887058425,1258.9793701171875,116700,0.0,0.0
2015-10-30 00:00:00+09:00,1262.6284800550284,1280.8745563564016,1237.0839732331058,1271.3865966796875,90600,0.0,0.0
2015-11-02 00:00:00+09:00,1251.680924338856,1284.5238640445402,1251.680924338856,1269.927001953125,60400,0.0,0.0
2015-11-04 00:00:00+09:00,1310.0681367596974,1310.0681367596974,1262.6283435065607,1270.6566162109375,70200,0.0,0.0
2015-11-05 00:00:00+09:00,1256.0598424021255,1264.8179586768642,1222.48706334896,1240.0032958984375,76500,0.0,0.0
2015-11-06 00:00:00+09:00,1226.1363397684104,1250.221160728147,1222.4871244714805,1248.761474609375,48700,0.0,0.0
2015-11-09 00:00:00+09:00,1266.2779857362862,1282.3345365640662,1250.2214349085061,1256.0601806640625,72900,0.0,0.0
2015-11-10 00:00:00+09:00,1118.1194476982473,1141.474423107088,1080.8974556404073,1126.8775634765625,377600,0.0,0.0
2015-11-11 00:00:00+09:00,1124.6880880597466,1125.4179310760087,1080.8975070840265,1083.0870361328125,255000,0.0,0.0
2015-11-12 00:00:00+09:00,1082.357360715367,1090.3856351373959,1073.5992431640625,1073.5992431640625,123600,0.0,0.0
2015-11-13 00:00:00+09:00,1072.8692659461863,1096.2242431640625,1069.9498937939518,1096.2242431640625,77400,0.0,0.0
2015-11-16 00:00:00+09:00,1074.3289003273603,1076.5184293361797,1059.002197265625,1059.002197265625,97100,0.0,0.0
2015-11-17 00:00:00+09:00,1070.6798248706787,1077.9782558513923,1048.784531928538,1071.40966796875,108400,0.0,0.0
2015-11-18 00:00:00+09:00,1085.2765805844908,1093.3048538773148,1080.167679398148,1083.81689453125,87900,0.0,0.0
2015-11-19 00:00:00+09:00,1093.3048701969335,1097.6839284220214,1084.5467537467578,1090.385498046875,72100,0.0,0.0
2015-11-20 00:00:00+09:00,1086.7362461248592,1086.7362461248592,1050.9739384954987,1053.893310546875,195400,0.0,0.0
2015-11-24 00:00:00+09:00,1061.1917765462892,1090.385498046875,1060.4619335087746,1090.385498046875,99600,0.0,0.0
2015-11-25 00:00:00+09:00,1102.0630057766693,1131.2567277839983,1088.195987823188,1120.30908203125,233400,0.0,0.0
2015-11-26 00:00:00+09:00,1134.9058037351288,1139.284861498737,1112.2806719564865,1119.5791015625,146900,0.0,0.0
2015-11-27 00:00:00+09:00,1129.7972104198343,1152.4223483545984,1124.6883083055327,1140.0150146484375,135300,0.0,0.0
2015-11-30 00:00:00+09:00,1150.9623818669295,1156.0712827376133,1120.308976642826,1126.8775634765625,129700,0.0,0.0
2015-12-01 00:00:00+09:00,1126.8777607790755,1127.6076038883884,1098.4138795158735,1101.333251953125,153900,0.0,0.0
2015-12-02 00:00:00+09:00,1109.3615261555667,1114.4704279207567,1096.224350187935,1101.333251953125,82000,0.0,0.0
2015-12-03 00:00:00+09:00,1104.2527012767407,1104.2527012767407,1087.46630859375,1087.46630859375,114900,0.0,0.0
2015-12-04 00:00:00+09:00,1072.8692626953125,1083.8169082330198,1068.4902044802295,1072.8692626953125,116500,0.0,0.0
2015-12-07 00:00:00+09:00,1080.1676167101577,1101.3330632538027,1074.328872836049,1075.0587158203125,106400,0.0,0.0
2015-12-08 00:00:00+09:00,1077.2483973590874,1083.0871420602207,1065.570907956821,1070.6798095703125,51500,0.0,0.0
2015-12-09 00:00:00+09:00,1063.3814851326777,1064.8411714540678,1048.0547787580817,1058.2725830078125,109800,0.0,0.0
2015-12-10 00:00:00+09:00,1047.3246892113948,1050.2440611673849,1029.0786144864576,1034.9173583984375,115400,0.0,0.0
2015-12-11 00:00:00+09:00,1037.1069071774314,1059.002197265625,1031.2681631539133,1059.002197265625,61900,0.0,0.0
2015-12-14 00:00:00+09:00,1047.3249053955078,1068.4903564453125,1036.3772583007812,1068.4903564453125,103700,0.0,0.0
2015-12-15 00:00:00+09:00,1075.7887557569823,1076.5185988748633,1023.2400512695311,1023.2400512695312,139100,0.0,0.0
2015-12-16 00:00:00+09:00,1045.1352369975707,1047.3247661253588,1027.619003975265,1032.7279052734375,86700,0.0,0.0
2015-12-17 00:00:00+09:00,1048.0545511331645,1061.92156817462,1041.4859641135276,1053.1634521484375,77000,0.0,0.0
2015-12-18 00:00:00+09:00,1053.1634665146512,1058.2723675996147,1043.6755073568615,1048.0545654296875,93600,0.0,0.0
2015-12-21 00:00:00+09:00,1048.0547329618648,1056.8128505075072,1002.0746158472425,1026.8892822265625,236600,0.0,0.0
2015-12-22 00:00:00+09:00,1025.4294612857846,1045.865066208206,1021.0504030881227,1043.675537109375,130300,0.0,0.0
2015-12-24 00:00:00+09:00,1049.514403602307,1072.139540258546,1014.481933941034,1026.159423828125,158300,0.0,0.0
2015-12-25 00:00:00+09:00,1026.159423828125,1026.159423828125,1026.159423828125,1026.159423828125,0,0.0,0.0
2015-12-28 00:00:00+09:00,988.9693523656541,1053.8445349007009,988.9693523656541,1049.318359375,143900,45.7,0.0
2015-12-29 00:00:00+09:00,1035.7397511021982,1092.3169407108396,1035.7397511021982,1084.7733154296875,107500,0.0,0.0
2015-12-30 00:00:00+09:00,1093.0711936817022,1093.0711936817022,1064.4054204864608,1076.4752197265625,55400,0.0,0.0
2016-01-04 00:00:00+09:00,1057.6162951721324,1075.7209963733671,1048.5639445715149,1053.844482421875,39300,0.0,0.0
2016-01-05 00:00:00+09:00,1031.2135058066829,1056.1074675415919,1016.8806187471897,1048.5638427734375,61900,0.0,0.0
2016-01-06 00:00:00+09:00,1052.3357200479256,1052.3357200479256,990.4779931347143,1004.0565185546875,72100,0.0,0.0
2016-01-07 00:00:00+09:00,988.9692230341894,1003.3021103245401,977.6537856997022,981.4255981445312,79700,0.0,0.0
2016-01-08 00:00:00+09:00,956.531729481703,1014.6176468082733,956.531729481703,983.6887817382812,71200,0.0,0.0
2016-01-12 00:00:00+09:00,964.8295988497807,965.5839613195616,890.9020768112517,894.6738891601562,163600,0.0,0.0
2016-01-13 00:00:00+09:00,909.7611046055742,936.1637900626182,909.7611046055742,922.5852661132812,62800,0.0,0.0
2016-01-14 00:00:00+09:00,890.9020768112517,899.9544264486226,862.2363029595773,894.6738891601562,82300,0.0,0.0
2016-01-15 00:00:00+09:00,898.4457181663815,901.4631681014491,850.1665192052998,857.7101440429688,104900,0.0,0.0
2016-01-18 00:00:00+09:00,792.0806441679191,843.3772954092701,783.0282939488573,831.3074951171875,197700,0.0,0.0
2016-01-19 00:00:00+09:00,822.2551486545138,851.675287000868,821.5007861328124,848.6578369140625,63800,0.0,0.0
2016-01-20 00:00:00+09:00,905.2350163863878,930.8833418506688,867.5168907036216,890.1477661132812,303300,0.0,0.0
2016-01-21 00:00:00+09:00,904.4806259079106,942.953112914836,898.4457259852556,906.7437133789062,223300,0.0,0.0
2016-01-22 00:00:00+09:00,928.6202606914092,1010.8457752449134,928.6202606914092,1001.0390625,219600,0.0,0.0
2016-01-25 00:00:00+09:00,1010.0914969793862,1051.581438976299,1010.0914969793862,1028.9505615234375,151300,0.0,0.0
2016-01-26 00:00:00+09:00,989.7236764740127,1033.4767048547235,989.7236764740127,1012.3545532226562,139600,0.0,0.0
2016-01-27 00:00:00+09:00,1029.704889003936,1034.2310643402168,970.8646096322824,995.0042114257812,121400,0.0,0.0
2016-01-28 00:00:00+09:00,1001.7933807141502,1007.0739181124928,978.408143664347,994.249755859375,44800,0.0,0.0
2016-01-29 00:00:00+09:00,994.2496406106388,1028.1959485222312,977.6536678538604,1025.932861328125,140800,0.0,0.0
2016-02-01 00:00:00+09:00,1044.0377295025692,1071.194780269977,1044.0377295025692,1064.405517578125,176300,0.0,0.0
2016-02-02 00:00:00+09:00,1056.1074467028602,1074.212145789195,1043.2832848500398,1068.17724609375,135900,0.0,0.0
2016-02-03 00:00:00+09:00,1060.6336028270232,1199.4362933819111,1045.546353853666,1176.805419921875,898300,0.0,0.0
2016-02-04 00:00:00+09:00,1170.7706426680286,1176.0511803604747,1105.1411027761997,1130.7894287109375,566700,0.0,0.0
2016-02-05 00:00:00+09:00,1093.825637348385,1108.9128875187075,1027.441736598966,1055.3531494140625,254000,0.0,0.0
2016-02-08 00:00:00+09:00,1037.248532091357,1062.8968594303433,1018.3894678715141,1051.5814208984375,97000,0.0,0.0
2016-02-09 00:00:00+09:00,1018.3894152772677,1035.739753463473,927.1115491672311,930.8833618164062,208900,0.0,0.0
2016-02-10 00:00:00+09:00,959.5491465692935,968.6014970086264,863.7451044196863,919.5679321289062,218700,0.0,0.0
2016-02-12 00:00:00+09:00,829.798686997297,942.9530534060193,814.7114381428007,893.9194946289062,270700,0.0,0.0
2016-02-15 00:00:00+09:00,939.1814894086859,969.3559950924991,919.5680607142074,939.9358520507812,96600,0.0,0.0
2016-02-16 00:00:00+09:00,943.7074064057449,978.4080784238618,927.8657952670393,962.5664672851562,199700,0.0,0.0
2016-02-17 00:00:00+09:00,933.9008528428639,955.7773671663235,885.621648818677,904.480712890625,173300,0.0,0.0
2016-02-18 00:00:00+09:00,933.146528370137,940.6901543068399,906.7438375916772,924.0941772460938,123100,0.0,0.0
2016-02-19 00:00:00+09:00,909.0069197671127,930.1290722596265,895.4283931647823,921.0767211914062,51300,0.0,0.0
2016-02-22 00:00:00+09:00,906.74384698606,967.0928551049326,906.74384698606,961.8123168945312,72500,0.0,0.0
2016-02-23 00:00:00+09:00,976.1451901897459,976.1451901897459,916.5505456572962,921.0767211914062,92300,0.0,0.0
2016-02-24 00:00:00+09:00,914.2873884789739,943.7075272171586,907.4981256932389,916.5504760742188,62600,0.0,0.0
2016-02-25 00:00:00+09:00,927.8658767563845,939.1813142778038,905.9893642149739,928.6202392578125,75800,0.0,0.0
2016-02-26 00:00:00+09:00,942.9531267849436,955.0229268077909,927.8658767563845,928.6202392578125,45400,0.0,0.0
2016-02-29 00:00:00+09:00,937.6725923239653,964.075279959797,930.1289672851562,930.1289672851562,61000,0.0,0.0
2016-03-01 00:00:00+09:00,933.9009192041605,941.4445453689759,919.568029491011,939.1814575195312,39200,0.0,0.0
2016-03-02 00:00:00+09:00,957.2859868409486,1007.0739105064353,946.7249121240271,1005.565185546875,131000,0.0,0.0
2016-03-03 00:00:00+09:00,994.2498027953642,1008.5826906960561,985.1974525422957,1002.5477905273438,87000,0.0,0.0
2016-03-04 00:00:00+09:00,988.2149063200641,1025.9330325154863,974.636380889712,1019.8981323242188,100100,0.0,0.0
2016-03-07 00:00:00+09:00,1041.0203449353255,1059.1250465863745,1026.687456128245,1051.5814208984375,166000,0.0,0.0
2016-03-08 00:00:00+09:00,1038.0028015670555,1045.546426578444,998.7759515078353,1034.9853515625,123100,0.0,0.0
2016-03-09 00:00:00+09:00,1004.0564605873149,1022.1611601020372,1004.0564605873149,1005.565185546875,46800,0.0,0.0
2016-03-10 00:00:00+09:00,1007.0737757001604,1030.4590094430105,1007.0737757001604,1013.863037109375,50900,0.0,0.0
2016-03-11 00:00:00+09:00,1014.6176983835414,1026.6875,1012.3546105804555,1026.6875,47100,0.0,0.0
2016-03-14 00:00:00+09:00,1047.8095994236353,1047.8095994236353,1027.441810233975,1031.213623046875,57300,0.0,0.0
2016-03-15 00:00:00+09:00,1031.2137242390772,1044.0378890613626,1028.196273692657,1036.4942626953125,54400,0.0,0.0
2016-03-16 00:00:00+09:00,1040.2657142846876,1041.0200766590783,1018.3892054273592,1025.178466796875,68100,0.0,0.0
2016-03-17 00:00:00+09:00,1018.3894215014157,1031.213584586989,1007.0739834847333,1011.6001586914062,88000,0.0,0.0
2016-03-18 00:00:00+09:00,1018.3893437008206,1056.1074675415919,999.5302817804351,1048.5638427734375,136300,0.0,0.0
2016-03-22 00:00:00+09:00,1056.1074798540326,1072.7034545374531,1049.3182174835424,1054.5987548828125,154900,0.0,0.0
2016-03-23 00:00:00+09:00,1056.1075846354167,1059.879397437686,1042.5290585472471,1045.5465087890625,41000,0.0,0.0
2016-03-24 00:00:00+09:00,1041.0203449353255,1057.6163214487872,1034.9854443849758,1051.5814208984375,49800,0.0,0.0
2016-03-25 00:00:00+09:00,1046.3006721319155,1049.3181217992028,1036.4939607132312,1038.002685546875,45100,0.0,0.0
2016-03-28 00:00:00+09:00,1034.9853515625,1041.7746140727497,1025.9330015488338,1034.9853515625,41300,0.0,0.0
2016-03-29 00:00:00+09:00,1034.9852977688029,1071.1946959414724,1034.9852977688029,1068.17724609375,110200,0.0,0.0
2016-03-30 00:00:00+09:00,1086.2820306963147,1091.5625683455328,1059.8793424502237,1064.405517578125,148900,0.0,0.0
2016-03-31 00:00:00+09:00,1063.6512714052506,1074.9667104627533,1061.38818359375,1061.38818359375,69200,0.0,0.0
2016-04-01 00:00:00+09:00,1061.3882567825149,1065.1600700617705,1016.1264974314482,1034.231201171875,110300,0.0,0.0
2016-04-04 00:00:00+09:00,1035.7396444138014,1037.2483693146228,1006.3195088477868,1016.126220703125,52500,0.0,0.0
2016-04-05 00:00:00+09:00,1014.6176128100063,1014.6176128100063,942.9531717565116,951.2511596679688,134600,0.0,0.0
2016-04-06 00:00:00+09:00,950.4968291228092,954.2686419367886,922.5854142993617,936.1639404296875,90100,0.0,0.0
2016-04-07 00:00:00+09:00,935.409539367927,950.4967900028936,911.2699383519805,916.5504760742188,77300,0.0,0.0
2016-04-08 00:00:00+09:00,917.3048450100807,942.1988087315714,909.0068571029171,935.4095458984375,79000,0.0,0.0
2016-04-11 00:00:00+09:00,924.0939107755336,930.8831721608232,910.5153880049543,927.86572265625,62100,0.0,0.0
2016-04-12 00:00:00+09:00,931.6378031827965,931.6378031827965,916.5505513093909,924.0941772460938,66100,0.0,0.0
2016-04-13 00:00:00+09:00,927.8659749543183,954.2686652985468,926.3572497917909,948.2337646484375,62700,0.0,0.0
2016-04-14 00:00:00+09:00,958.7948628680599,987.4606416162788,958.7948628680599,976.1452026367188,100100,0.0,0.0
2016-04-15 00:00:00+09:00,980.67137538095,982.9344631702907,967.0928486449061,974.636474609375,85100,0.0,0.0
2016-04-18 00:00:00+09:00,982.1800506517785,982.9344132098828,927.86594646827,933.146484375,134300,0.0,0.0
2016-04-19 00:00:00+09:00,948.2335068121189,951.250956316692,926.3569979039635,927.86572265625,130000,0.0,0.0
2016-04-20 00:00:00+09:00,931.6376892635243,942.1987642835156,928.6202392578125,928.6202392578125,66100,0.0,0.0
2016-04-21 00:00:00+09:00,948.2336983433697,964.8296739707,939.9357105297046,961.057861328125,93800,0.0,0.0
2016-04-22 00:00:00+09:00,969.3557894703154,1010.091363502531,947.4792774900515,1007.0739135742188,173400,0.0,0.0
2016-04-25 00:00:00+09:00,1029.704814054528,1062.8967641046374,1019.898101539723,1034.9853515625,200200,0.0,0.0
2016-04-26 00:00:00+09:00,1029.7049241051996,1049.318351231013,982.1800814541904,1028.9505615234375,153500,0.0,0.0
2016-04-27 00:00:00+09:00,1016.8806593128223,1033.4766344648122,1007.8283092299189,1023.669921875,53500,0.0,0.0
2016-04-28 00:00:00+09:00,1018.3894239647847,1041.0203000528911,984.4431098326252,997.2672729492188,95000,0.0,0.0
2016-05-02 00:00:00+09:00,954.268545572165,995.758482336172,946.7249207059817,979.9168701171875,99300,0.0,0.0
2016-05-06 00:00:00+09:00,974.6363807978593,986.7061811792569,950.4967800350639,958.0404052734375,75600,0.0,0.0
2016-05-09 00:00:00+09:00,958.0404461794861,1009.3370999906712,958.0404461794861,995.0042114257812,107300,0.0,0.0
2016-05-10 00:00:00+09:00,995.0042064398107,1081.755899950484,995.0042064398107,1071.19482421875,374300,0.0,0.0
2016-05-11 00:00:00+09:00,1057.6163010307928,1072.7035521153975,1048.5639503800298,1056.8619384765625,83600,0.0,0.0
2016-05-12 00:00:00+09:00,1041.7745926274422,1058.3705673108627,1037.248417713782,1054.5987548828125,48500,0.0,0.0
2016-05-13 00:00:00+09:00,1048.5640325914399,1052.3358456583155,1019.1438906698095,1035.7398681640625,84500,0.0,0.0
2016-05-16 00:00:00+09:00,1022.9154764432474,1047.0550747073949,1011.6000397569283,1013.1087646484375,75800,0.0,0.0
2016-05-17 00:00:00+09:00,1014.617591688368,1028.9504796006943,1013.1088666449652,1018.389404296875,40900,0.0,0.0
2016-05-18 00:00:00+09:00,1018.3893770784946,1022.1611895861927,999.5303145400039,1004.8108520507812,55000,0.0,0.0
2016-05-19 00:00:00+09:00,1006.319528334888,1018.3893277751865,1005.5651658698694,1010.845703125,26400,0.0,0.0
2016-05-20 00:00:00+09:00,1007.0740125907312,1046.3008655156136,1004.810924921988,1042.529052734375,52700,0.0,0.0
2016-05-23 00:00:00+09:00,1056.1076226635514,1069.6861492406542,1044.7921838492991,1049.318359375,73400,0.0,0.0
2016-05-24 00:00:00+09:00,1048.564091633046,1050.8271796005995,1028.1962999250661,1034.231201171875,32900,0.0,0.0
2016-05-25 00:00:00+09:00,1034.9853828023877,1044.7920956131975,1019.1437698003103,1019.8981323242188,43100,0.0,0.0
2016-05-26 00:00:00+09:00,1025.9330493274867,1036.4941248352698,995.7585478766783,997.2672729492188,73300,0.0,0.0
2016-05-27 00:00:00+09:00,999.5302183338018,1024.4241784885305,999.5302183338018,1016.8805541992188,43100,0.0,0.0
2016-05-30 00:00:00+09:00,1022.1611990393529,1055.3531494140625,1021.4068365308368,1055.3531494140625,57700,0.0,0.0
2016-05-31 00:00:00+09:00,1052.335926762741,1053.0902894342555,1041.0204866900235,1046.301025390625,25400,0.0,0.0
2016-06-01 00:00:00+09:00,1041.0202777603406,1054.598803122432,1025.1786648379007,1032.7222900390625,54700,0.0,0.0
2016-06-02 00:00:00+09:00,1029.7049298202783,1050.827082226848,1028.9505672343294,1031.968017578125,43600,0.0,0.0
2016-06-03 00:00:00+09:00,1041.0203277930784,1074.2122802734375,1041.0203277930784,1074.2122802734375,93800,0.0,0.0
2016-06-06 00:00:00+09:00,1052.3356915464497,1071.1947541189666,1044.792066517443,1066.6685791015625,52200,0.0,0.0
2016-06-07 00:00:00+09:00,1062.1426020408164,1124.754701450893,1062.1426020408164,1108.9130859375,145600,0.0,0.0
2016-06-08 00:00:00+09:00,1108.912958038455,1114.1934959338762,1090.808256682725,1105.8955078125,73800,0.0,0.0
2016-06-09 00:00:00+09:00,1109.667309326172,1148.1397993164062,1104.386771484375,1131.5438232421875,180900,0.0,0.0
2016-06-10 00:00:00+09:00,1135.3153790243312,1159.4549751231873,1134.5610166462418,1154.1744384765625,102300,0.0,0.0
2016-06-13 00:00:00+09:00,1133.052483778325,1135.3155712958583,1081.0014708750598,1084.0189208984375,138000,0.0,0.0
2016-06-14 00:00:00+09:00,1079.492838685245,1114.1935169378805,1047.8096107154474,1068.9317626953125,126600,0.0,0.0
2016-06-15 00:00:00+09:00,1048.563840208935,1090.8081388072808,1044.7920278340828,1077.2296142578125,84900,0.0,0.0
2016-06-16 00:00:00+09:00,1056.1073738058612,1068.1771723636425,1015.3718036733495,1019.1436157226562,167000,0.0,0.0
2016-06-17 00:00:00+09:00,1041.774577934201,1077.983976732783,1028.1960533847327,1077.2296142578125,126600,0.0,0.0
2016-06-20 00:00:00+09:00,1077.2297509731166,1103.632440947948,1063.6512247003463,1068.9317626953125,98500,0.0,0.0
2016-06-21 00:00:00+09:00,1074.9666428298092,1084.7733560626425,1065.1599295969759,1074.2122802734375,50200,0.0,0.0
2016-06-22 00:00:00+09:00,1077.9839919367232,1079.4927169079433,1041.7745926274422,1054.5987548828125,100500,0.0,0.0
2016-06-23 00:00:00+09:00,1144.3678924778671,1161.7182296743015,1121.7370178738222,1160.9638671875,505700,0.0,0.0
2016-06-24 00:00:00+09:00,1151.1571315127335,1151.911493984236,991.9866500257173,1059.8792724609375,367600,0.0,0.0
2016-06-27 00:00:00+09:00,1078.7385505901266,1130.0352089398668,1069.686199116643,1125.509033203125,162900,0.0,0.0
2016-06-28 00:00:00+09:00,1122.4915119924362,1194.9103192177547,1096.8431844334693,1184.3492431640625,241200,0.0,0.0
2016-06-29 00:00:00+09:00,1206.980043595911,1259.0310579759846,1179.822992615003,1254.5048828125,245700,0.0,0.0
2016-06-30 00:00:00+09:00,1271.1008458704382,1299.766621623006,1262.8028581525896,1294.486083984375,347700,0.0,0.0
2016-07-01 00:00:00+09:00,1318.625841202827,1349.5547081875613,1272.609722030417,1344.274169921875,311700,0.0,0.0
2016-07-04 00:00:00+09:00,1344.2740968258795,1395.5707514746784,1323.9063074800329,1385.7640380859375,220300,0.0,0.0
2016-07-05 00:00:00+09:00,1394.8162555167687,1395.570618012992,1350.3088682395976,1365.3961181640625,126300,0.0,0.0
2016-07-06 00:00:00+09:00,1335.221598934327,1371.4309982274613,1302.0296495822872,1370.6766357421875,194700,0.0,0.0
2016-07-07 00:00:00+09:00,1391.7989389743645,1402.3600149340616,1348.8002725670265,1354.080810546875,148700,0.0,0.0
2016-07-08 00:00:00+09:00,1342.7651390111503,1354.0805755758508,1283.1705064370599,1285.43359375,221900,0.0,0.0
2016-07-11 00:00:00+09:00,1285.43359375,1285.43359375,1285.43359375,1285.43359375,0,0.0,0.0
2016-07-12 00:00:00+09:00,1365.3960839452677,1387.2725957874848,1305.8014482371593,1318.6256103515625,133600,0.0,0.0
2016-07-13 00:00:00+09:00,1335.2215070472075,1342.0107689474476,1289.9597610456074,1311.0819091796875,140400,0.0,0.0
2016-07-14 00:00:00+09:00,1282.4162054499354,1353.326277986579,1282.4162054499354,1315.608154296875,97500,0.0,0.0
2016-07-15 00:00:00+09:00,1301.2755070918524,1322.397660250445,1285.4338922229083,1298.258056640625,104600,0.0,0.0
2016-07-19 00:00:00+09:00,1297.5034984669137,1336.7303484205647,1297.5034984669137,1322.3974609375,87800,0.0,0.0
2016-07-20 00:00:00+09:00,1312.5906460251417,1339.7476938739378,1291.4684976983003,1331.44970703125,83200,0.0,0.0
2016-07-21 00:00:00+09:00,1346.5370211155296,1346.5370211155296,1255.2591614208634,1258.276611328125,202200,0.0,0.0
2016-07-22 00:00:00+09:00,1243.1892858489143,1277.1355952319248,1233.382574249378,1250.73291015625,99200,0.0,0.0
2016-07-25 00:00:00+09:00,1255.2593945924764,1255.2593945924764,1200.190923555667,1203.2083740234375,122800,0.0,0.0
2016-07-26 00:00:00+09:00,1207.7344010487964,1222.0672890062774,1184.3491628023799,1205.4713134765625,91300,0.0,0.0
2016-07-27 00:00:00+09:00,1205.4711593025986,1224.330219992564,1186.612098612633,1204.716796875,109600,0.0,0.0
2016-07-28 00:00:00+09:00,1200.1909202541206,1211.5063594771325,1157.1922512066758,1168.5076904296875,481800,0.0,0.0
2016-07-29 00:00:00+09:00,1162.4726026980813,1184.3491150136194,1133.0524654461508,1181.3316650390625,211000,0.0,0.0
2016-08-01 00:00:00+09:00,1151.157363861386,1176.805693069307,1139.8419245049506,1142.859375,120700,0.0,0.0
2016-08-02 00:00:00+09:00,1137.5786470349203,1150.4028095014944,1124.0001220703125,1124.0001220703125,117900,0.0,0.0
2016-08-03 00:00:00+09:00,1116.4566273834746,1124.0002532441738,1097.5975627317266,1112.684814453125,112800,0.0,0.0
2016-08-04 00:00:00+09:00,1067.422893297471,1071.1947056412785,991.2322839525633,1028.196044921875,423800,0.0,0.0
2016-08-05 00:00:00+09:00,1047.0550739663638,1061.3879604255574,1018.3893010479762,1027.441650390625,177700,0.0,0.0
2016-08-08 00:00:00+09:00,1050.0725513059701,1052.335638701026,1002.5477160097947,1010.845703125,159600,0.0,0.0
2016-08-09 00:00:00+09:00,1011.5999693743951,1033.4764787792105,1006.3194326215087,1022.9154052734375,79200,0.0,0.0
2016-08-10 00:00:00+09:00,1025.9329192171392,1041.020168029156,1010.8456704051225,1024.4241943359375,65600,0.0,0.0
2016-08-12 00:00:00+09:00,1029.7049743652344,1063.6512922014508,1028.1962491280692,1056.107666015625,76100,0.0,0.0
2016-08-15 00:00:00+09:00,1067.4229637827584,1069.6860513384815,1042.5290006698037,1047.05517578125,64400,0.0,0.0
2016-08-16 00:00:00+09:00,1049.3184597833806,1052.3359104225851,1028.196305308949,1037.2486572265625,61600,0.0,0.0
2016-08-17 00:00:00+09:00,1028.9504856126523,1037.2484733998513,1010.8457849860368,1021.4068603515625,77700,0.0,0.0
2016-08-18 00:00:00+09:00,1018.3894299813525,1025.9330553886218,995.7585537595446,1000.2847290039062,76400,0.0,0.0
2016-08-19 00:00:00+09:00,1014.6175445488267,1021.4068069287074,999.5302948157587,1010.0913696289062,56600,0.0,0.0
2016-08-22 00:00:00+09:00,1012.3546583239514,1037.2486253319175,1004.8110319579012,1036.4942626953125,54700,0.0,0.0
2016-08-23 00:00:00+09:00,1041.0203932902452,1077.2297982742539,1037.2485802710778,1061.38818359375,106400,0.0,0.0
2016-08-24 00:00:00+09:00,1056.107517930328,1071.949130699283,1048.5638928022543,1058.37060546875,51500,0.0,0.0
2016-08-25 00:00:00+09:00,1068.9316544295375,1071.194741912451,1051.581317060533,1060.6336669921875,57600,0.0,0.0
2016-08-26 00:00:00+09:00,1056.1076226635514,1066.6686988901868,1045.5465464369158,1049.318359375,54400,0.0,0.0
2016-08-29 00:00:00+09:00,1063.6510641869759,1082.5101256087307,1063.6510641869759,1079.49267578125,83900,0.0,0.0
2016-08-30 00:00:00+09:00,1087.0363264324285,1094.579951182133,1068.9316270331374,1077.2296142578125,74200,0.0,0.0
2016-08-31 00:00:00+09:00,1078.738405483146,1084.7733056536808,1050.072629673104,1064.405517578125,65400,0.0,0.0
2016-09-01 00:00:00+09:00,1075.721005386181,1084.7733560626425,1067.4230172660912,1074.2122802734375,34700,0.0,0.0
2016-09-02 00:00:00+09:00,1069.6862043900924,1069.6862043900924,1059.125127618963,1062.142578125,27300,0.0,0.0
2016-09-05 00:00:00+09:00,1074.9665010400288,1090.0537501774327,1070.4403262988076,1079.49267578125,46400,0.0,0.0
2016-09-06 00:00:00+09:00,1083.264642474771,1115.7022327438624,1083.264642474771,1111.930419921875,56900,0.0,0.0
2016-09-07 00:00:00+09:00,1111.9303655236304,1139.0874165133525,1103.632377721215,1130.7894287109375,113600,0.0,0.0
2016-09-08 00:00:00+09:00,1135.3156564128694,1137.5787441000712,1117.2109549152556,1126.2633056640625,56200,0.0,0.0
2016-09-09 00:00:00+09:00,1124.7545166015625,1131.543779277226,1109.6672662111996,1124.7545166015625,40300,0.0,0.0
2016-09-12 00:00:00+09:00,1115.702174489091,1124.0001622641958,1102.878011563929,1113.4390869140625,46500,0.0,0.0
2016-09-13 00:00:00+09:00,1118.7195465396148,1130.0349836253156,1113.4390092329545,1120.228271484375,52900,0.0,0.0
2016-09-14 00:00:00+09:00,1112.6846802340287,1123.2457551650637,1102.123605302994,1106.6497802734375,35200,0.0,0.0
2016-09-15 00:00:00+09:00,1104.38670059078,1114.9477755964294,1087.790725581902,1095.3343505859375,60900,0.0,0.0
2016-09-16 00:00:00+09:00,1090.0539424501615,1115.7022705078125,1090.0539424501615,1115.7022705078125,64400,0.0,0.0
2016-09-20 00:00:00+09:00,1117.2109125419806,1156.4377642990253,1111.9303748054554,1151.1572265625,125600,0.0,0.0
2016-09-21 00:00:00+09:00,1147.3853917859265,1170.7706298828125,1140.5961291126368,1170.7706298828125,97600,0.0,0.0
2016-09-23 00:00:00+09:00,1187.3667275537662,1218.2955940275301,1176.8056511968712,1202.4539794921875,155400,0.0,0.0
2016-09-26 00:00:00+09:00,1225.0847690049445,1240.172019854759,1210.7518806976207,1220.55859375,126500,0.0,0.0
2016-09-27 00:00:00+09:00,1214.5235916222941,1228.8564787283956,1195.6645296405813,1215.2779541015625,126600,0.0,0.0
2016-09-28 00:00:00+09:00,1214.523513481039,1265.8201587709214,1205.4711643122362,1250.73291015625,166700,0.0,0.0
2016-09-29 00:00:00+09:00,1259.7854348245023,1263.5572475036176,1236.4001962139878,1246.2069091796875,89000,0.0,0.0
2016-09-30 00:00:00+09:00,1239.4175322200003,1251.4873316816681,1224.3302828929159,1234.891357421875,57100,0.0,0.0
2016-10-03 00:00:00+09:00,1244.6982448142371,1265.0660342748338,1244.6982448142371,1262.048583984375,97500,0.0,0.0
2016-10-04 00:00:00+09:00,1263.557103080886,1278.6443520728965,1256.0134785848807,1265.8201904296875,107600,0.0,0.0
2016-10-05 00:00:00+09:00,1267.3290612086778,1281.6619494009187,1259.0310733079066,1277.89013671875,98000,0.0,0.0
2016-10-06 00:00:00+09:00,1267.3291073615649,1304.2928729929438,1263.5572945420363,1270.3465576171875,172400,0.0,0.0
2016-10-07 00:00:00+09:00,1274.872671048181,1275.6270335754284,1238.6632697403036,1254.5048828125,108600,0.0,0.0
2016-10-11 00:00:00+09:00,1273.3639961916392,1277.8901715335528,1254.5049322670002,1264.3116455078125,97300,0.0,0.0
2016-10-12 00:00:00+09:00,1252.2419962023882,1266.5748865203673,1240.172193829353,1247.7158203125,97700,0.0,0.0
2016-10-13 00:00:00+09:00,1243.1893569528875,1259.7853313782296,1225.0846575797873,1240.92626953125,105200,0.0,0.0
2016-10-14 00:00:00+09:00,1229.6108958760246,1246.9612336705943,1229.6108958760246,1242.43505859375,47100,0.0,0.0
2016-10-17 00:00:00+09:00,1244.6981441502382,1262.0484819171809,1227.3478063832954,1256.7679443359375,106200,0.0,0.0
2016-10-18 00:00:00+09:00,1256.7678678208504,1261.294042614923,1241.6806185072746,1249.2242431640625,77300,0.0,0.0
2016-10-19 00:00:00+09:00,1252.9961216049705,1256.7679341323787,1228.1021589240772,1236.400146484375,117800,0.0,0.0
2016-10-20 00:00:00+09:00,1234.1370208628175,1248.4699080244272,1222.0672211477777,1232.6282958984375,112500,0.0,0.0
2016-10-21 00:00:00+09:00,1233.3826660005454,1247.7155532507045,1216.7866912898346,1221.3128662109375,84300,0.0,0.0
2016-10-24 00:00:00+09:00,1224.3302643479567,1231.1195264423077,1215.2779148888221,1225.8389892578125,45700,0.0,0.0
2016-10-25 00:00:00+09:00,1219.804271973874,1227.3478976508923,1203.9626580521353,1209.99755859375,70600,0.0,0.0
2016-10-26 00:00:00+09:00,1210.751858453681,1242.4350846562072,1202.4538706387336,1240.1719970703125,95400,0.0,0.0
2016-10-27 00:00:00+09:00,1240.171940724397,1246.2068406792603,1217.5410658936598,1227.3477783203125,69100,0.0,0.0
2016-10-28 00:00:00+09:00,1218.2955641793733,1225.8391899637656,1209.9975758165415,1219.0499267578125,93200,0.0,0.0
2016-10-31 00:00:00+09:00,1221.3129042451606,1227.3478043279038,1210.7518291003598,1225.084716796875,72100,0.0,0.0
2016-11-01 00:00:00+09:00,1225.0848273853264,1231.8740905912796,1216.0324764440554,1219.0499267578125,57800,0.0,0.0
2016-11-02 00:00:00+09:00,1213.0148881111988,1219.0497880520506,1191.8927383182177,1195.66455078125,127300,0.0,0.0
2016-11-04 00:00:00+09:00,1184.3491228252437,1185.8578478224733,1163.9813353626441,1170.0162353515625,73500,0.0,0.0
2016-11-07 00:00:00+09:00,1161.7182950316844,1205.4713217276828,1161.7182950316844,1194.1558837890625,58500,0.0,0.0
2016-11-08 00:00:00+09:00,1250.7332086637127,1301.2755035855876,1246.2070329990672,1263.557373046875,442300,0.0,0.0
2016-11-09 00:00:00+09:00,1264.3116266564477,1272.6096146595628,1161.7183204361154,1191.892822265625,329700,0.0,0.0
2016-11-10 00:00:00+09:00,1267.3291302849266,1285.4338321461398,1248.4700658461627,1282.4163818359375,287600,0.0,0.0
2016-11-11 00:00:00+09:00,1293.7318172754417,1300.521080456479,1268.0834897026343,1296.749267578125,142300,0.0,0.0
2016-11-14 00:00:00+09:00,1311.8364983468034,1342.765363460213,1311.0821357830619,1333.7130126953125,193800,0.0,0.0
2016-11-15 00:00:00+09:00,1329.1866011570069,1329.1866011570069,1288.451029952422,1308.064453125,152400,0.0,0.0
2016-11-16 00:00:00+09:00,1320.1343278890297,1334.4672148775392,1319.3799654159504,1329.9410400390625,122900,0.0,0.0
2016-11-17 00:00:00+09:00,1317.87135313225,1346.5371295598547,1317.87135313225,1341.256591796875,134700,0.0,0.0
2016-11-18 00:00:00+09:00,1350.3089362900314,1351.817661358512,1335.2216856052266,1338.2391357421875,89200,0.0,0.0
2016-11-21 00:00:00+09:00,1338.99365234375,1350.309091659331,1337.4849271016726,1338.99365234375,114400,0.0,0.0
2016-11-22 00:00:00+09:00,1331.4499365316856,1346.5371879371437,1320.134497977592,1339.7479248046875,92100,0.0,0.0
2016-11-24 00:00:00+09:00,1357.0982169805957,1362.3787547898587,1346.5371413620696,1347.29150390625,141000,0.0,0.0
2016-11-25 00:00:00+09:00,1350.3088142416757,1354.0806265719596,1308.8188786085516,1323.9061279296875,141100,0.0,0.0
2016-11-28 00:00:00+09:00,1324.6605997001175,1366.150538756784,1315.608249360481,1363.887451171875,236600,0.0,0.0
2016-11-29 00:00:00+09:00,1361.624283042558,1419.710194285925,1359.3611955915178,1399.3424072265625,226700,0.0,0.0
2016-11-30 00:00:00+09:00,1403.1145031200213,1425.7453822026023,1399.342689939591,1420.46484375,175700,0.0,0.0
2016-12-01 00:00:00+09:00,1425.745211145407,1486.0942147917733,1424.9908485998274,1474.0244140625,351400,0.0,0.0
2016-12-02 00:00:00+09:00,1474.0245413824996,1534.373550241558,1455.919838724782,1526.0755615234375,300800,0.0,0.0
2016-12-05 00:00:00+09:00,1534.3733238627892,1584.9156113253293,1517.0229863756485,1581.143798828125,340700,0.0,0.0
2016-12-06 00:00:00+09:00,1587.9330368041992,1609.0551864624024,1547.197462463379,1569.073974609375,222400,0.0,0.0
2016-12-07 00:00:00+09:00,1562.2846912119576,1595.4766402285322,1509.4793177764977,1588.6873779296875,251800,0.0,0.0
2016-12-08 00:00:00+09:00,1591.7050894214028,1621.125230884642,1578.1265625922156,1597.739990234375,166800,0.0,0.0
2016-12-09 00:00:00+09:00,1569.07394494743,1615.0900558329074,1565.3021325797679,1614.335693359375,134700,0.0,0.0
2016-12-12 00:00:00+09:00,1621.8792079613954,1650.544980009085,1610.5637716267809,1634.703369140625,151500,0.0,0.0
2016-12-13 00:00:00+09:00,1629.4229545644191,1701.087390066095,1615.0900674640839,1695.052490234375,266900,0.0,0.0
2016-12-14 00:00:00+09:00,1697.3154360780488,1724.4724830552975,1674.684563597008,1700.3328857421875,267300,0.0,0.0
2016-12-15 00:00:00+09:00,1700.3330413327021,1712.402841093715,1667.1410919899165,1686.7545166015625,126500,0.0,0.0
2016-12-16 00:00:00+09:00,1689.7720058711245,1695.8069058920928,1630.1773681640627,1630.1773681640625,202800,0.0,0.0
2016-12-19 00:00:00+09:00,1592.4592117309571,1644.5102233886719,1546.443099975586,1629.4229736328125,349300,0.0,0.0
2016-12-20 00:00:00+09:00,1628.6685502755852,1686.0000972051564,1618.1074758411903,1673.9302978515625,136900,0.0,0.0
2016-12-21 00:00:00+09:00,1686.7547563944777,1687.509118986783,1642.2473634484697,1652.0540771484375,136900,0.0,0.0
2016-12-22 00:00:00+09:00,1637.7212400890533,1651.2997671832968,1630.9319765419314,1647.5279541015625,70100,0.0,0.0
2016-12-26 00:00:00+09:00,1640.73851115095,1670.1586499715877,1639.9841486170874,1649.0364990234375,110400,0.0,0.0
2016-12-27 00:00:00+09:00,1648.282034297556,1684.491433678006,1633.9491470427947,1643.755859375,250500,0.0,0.0
2016-12-28 00:00:00+09:00,1630.7071444403748,1670.5567200831438,1611.173038733135,1654.1480712890625,152800,75.3,0.0
2016-12-29 00:00:00+09:00,1631.4886006731808,1640.8649719414175,1593.9831156002342,1626.8004150390625,139200,0.0,0.0
2016-12-30 00:00:00+09:00,1587.7322269428553,1614.2986126298913,1580.6999483786399,1604.9222412109375,122200,0.0,0.0
2017-01-04 00:00:00+09:00,1638.520976798945,1715.876044373144,1633.832790885357,1710.406494140625,320400,0.0,0.0
2017-01-05 00:00:00+09:00,1713.5319533575148,1713.5319533575148,1665.8687298487102,1673.682373046875,110100,0.0,0.0
2017-01-06 00:00:00+09:00,1672.1195792887559,1703.3741508642465,1669.775486420594,1691.6536865234375,107300,0.0,0.0
2017-01-10 00:00:00+09:00,1694.7791521649362,1694.7791521649362,1629.1445515278433,1655.7109375,88500,0.0,0.0
2017-01-11 00:00:00+09:00,1641.646468905394,1646.3346549184507,1620.5496318466382,1640.083740234375,84300,0.0,0.0
2017-01-12 00:00:00+09:00,1647.8971710205078,1652.5853564288166,1608.047595049884,1618.9866943359375,54600,0.0,0.0
2017-01-13 00:00:00+09:00,1601.7967180690005,1654.9294872537282,1601.7967180690005,1647.1158447265625,82300,0.0,0.0
2017-01-16 00:00:00+09:00,1644.771811639695,1659.617732979911,1627.5817974562874,1640.864990234375,38000,0.0,0.0
2017-01-17 00:00:00+09:00,1622.8935694656973,1629.1444835512657,1579.9185351274145,1587.732177734375,58700,0.0,0.0
2017-01-18 00:00:00+09:00,1562.728459656003,1587.732115010499,1540.0688969909909,1581.481201171875,80400,0.0,0.0
2017-01-19 00:00:00+09:00,1595.545757308779,1605.7034922965431,1573.667558873595,1581.481201171875,50700,0.0,0.0
2017-01-20 00:00:00+09:00,1596.3271360346341,1608.047599588486,1579.9184870592412,1607.2662353515625,40300,0.0,0.0
2017-01-23 00:00:00+09:00,1578.3558115394148,1586.1694541707982,1561.94716201351,1576.01171875,58200,0.0,0.0
2017-01-24 00:00:00+09:00,1572.886128112793,1583.8252268676756,1559.602936767578,1562.7283935546875,37700,0.0,0.0
2017-01-25 00:00:00+09:00,1572.1047404212125,1590.0761166785126,1548.6638148682123,1584.6065673828125,90700,0.0,0.0
2017-01-26 00:00:00+09:00,1618.9866196148328,1618.9866196148328,1579.9184096820425,1599.4525146484375,66200,0.0,0.0
2017-01-27 00:00:00+09:00,1601.7966423163855,1616.642562415903,1583.0439011380472,1615.079833984375,51500,0.0,0.0
2017-01-30 00:00:00+09:00,1603.3594589452005,1640.8649433649712,1603.3594589452005,1636.1767578125,46200,0.0,0.0
2017-01-31 00:00:00+09:00,1613.5170940120047,1625.2375571646342,1592.4202603372714,1601.796630859375,49200,0.0,0.0
2017-02-01 00:00:00+09:00,1590.0762221392463,1608.8289638254093,1565.853930794619,1607.2662353515625,50700,0.0,0.0
2017-02-02 00:00:00+09:00,1593.2018578224913,1609.6105086387113,1583.8254859275085,1588.513671875,39100,0.0,0.0
2017-02-03 00:00:00+09:00,1578.3557785840417,1602.578070235579,1563.5098578943898,1597.1085205078125,70400,0.0,0.0
2017-02-06 00:00:00+09:00,1590.076320098892,1600.2340558046835,1566.6353915470656,1568.1981201171875,42500,0.0,0.0
2017-02-07 00:00:00+09:00,1568.1979429321289,1572.1047639160156,1558.8215725708008,1562.7283935546875,38700,0.0,0.0
2017-02-08 00:00:00+09:00,1574.4491446808265,1604.1409895929216,1555.6964005258192,1591.63916015625,46100,0.0,0.0
2017-02-09 00:00:00+09:00,1601.0153321780278,1601.0153321780278,1558.0402988594376,1559.60302734375,38600,0.0,0.0
2017-02-10 00:00:00+09:00,1564.2911028096762,1636.9579722209148,1559.6029176863703,1621.3306884765625,112900,0.0,0.0
2017-02-13 00:00:00+09:00,1640.8650335330633,1675.2450628070894,1640.8650335330633,1669.7755126953125,134000,0.0,0.0
2017-02-14 00:00:00+09:00,1490.0615686068418,1501.0006676946737,1433.8033447265625,1433.8033447265625,604700,0.0,0.0
2017-02-15 00:00:00+09:00,1453.3374178201764,1479.1224365234375,1451.774689413918,1479.1224365234375,237200,0.0,0.0
2017-02-16 00:00:00+09:00,1480.685241633448,1482.24797012066,1440.83566520954,1450.2120361328125,130900,0.0,0.0
2017-02-17 00:00:00+09:00,1459.5883932901268,1504.1261547556178,1450.9933866915233,1485.3734130859375,127000,0.0,0.0
2017-02-20 00:00:00+09:00,1496.3126166941588,1511.939902508197,1482.2480594615245,1508.0330810546875,78900,0.0,0.0
2017-02-21 00:00:00+09:00,1510.377137582613,1535.3807942834114,1506.470316223113,1516.6280517578125,106700,0.0,0.0
2017-02-22 00:00:00+09:00,1533.03662223164,1533.03662223164,1493.96841065591,1508.8143310546875,78400,0.0,0.0
2017-02-23 00:00:00+09:00,1523.6602921709532,1549.4453125,1514.2839211422088,1549.4453125,126500,0.0,0.0
2017-02-24 00:00:00+09:00,1554.9149397307751,1597.889975753485,1535.3808324477252,1593.983154296875,167200,0.0,0.0
2017-02-27 00:00:00+09:00,1593.9828644719883,1597.8896852182431,1542.4128306214238,1553.3519287109375,117400,0.0,0.0
2017-02-28 00:00:00+09:00,1572.1047908727135,1608.0475445407774,1554.1334140386814,1601.796630859375,140100,0.0,0.0
2017-03-01 00:00:00+09:00,1587.7321228780863,1595.5457652150849,1556.4775535300926,1582.2625732421875,107500,0.0,0.0
2017-03-02 00:00:00+09:00,1597.8899181178729,1600.234010907288,1573.667625960585,1576.01171875,86300,0.0,0.0
2017-03-03 00:00:00+09:00,1579.9185478883408,1593.2017404274613,1569.7608124172486,1576.7930908203125,55400,0.0,0.0
2017-03-06 00:00:00+09:00,1587.732259899349,1620.549560546875,1583.0440740925596,1620.549560546875,105300,0.0,0.0
2017-03-07 00:00:00+09:00,1620.5494589104576,1639.3022009614947,1602.5780811115471,1610.3917236328125,87500,0.0,0.0
2017-03-08 00:00:00+09:00,1625.2374931133693,1625.2374931133693,1586.169284144298,1595.545654296875,54100,0.0,0.0
2017-03-09 00:00:00+09:00,1601.0153124836227,1633.051246017946,1592.4203059256333,1630.7071533203125,97200,0.0,0.0
2017-03-10 00:00:00+09:00,1636.9580892502615,1668.9940232164956,1622.1121686317626,1657.2735595703125,129000,0.0,0.0
2017-03-13 00:00:00+09:00,1656.4920100272127,1666.6497440509643,1633.8324495126894,1651.0224609375,74700,0.0,0.0
2017-03-14 00:00:00+09:00,1638.5205755229363,1708.8433470046075,1618.205108206009,1693.216064453125,121100,0.0,0.0
2017-03-15 00:00:00+09:00,1687.7468650765013,1701.030057996085,1665.0873006842705,1691.6536865234375,71200,0.0,0.0
2017-03-16 00:00:00+09:00,1691.6534179149744,1776.0407477693934,1678.3702271045568,1773.6966552734375,224900,0.0,0.0
2017-03-17 00:00:00+09:00,1764.3204862968612,1793.2309637073943,1732.284551868973,1757.2882080078125,139300,0.0,0.0
2017-03-21 00:00:00+09:00,1761.9765294563583,1765.8833510294323,1746.3492431640625,1746.3492431640625,59400,0.0,0.0
2017-03-22 00:00:00+09:00,1708.8434590068905,1734.6284769068575,1662.7429724584651,1728.3775634765625,82000,0.0,0.0
2017-03-23 00:00:00+09:00,1734.6288194147571,1740.8797340793149,1705.7183390911778,1713.531982421875,53700,0.0,0.0
2017-03-24 00:00:00+09:00,1701.8113935730794,1722.1268647543925,1688.5282008776055,1701.030029296875,76700,0.0,0.0
2017-03-27 00:00:00+09:00,1695.560342589421,1701.029892081645,1654.9294035043288,1675.244873046875,59000,0.0,0.0
2017-03-28 00:00:00+09:00,1688.5281706389005,1734.628662109375,1675.2449781813064,1734.628662109375,69300,0.0,0.0
2017-03-29 00:00:00+09:00,1736.191318916913,1753.3813319754963,1715.8758489385873,1751.818603515625,38100,0.0,0.0
2017-03-30 00:00:00+09:00,1751.037240389406,1771.352710380537,1726.8149492461343,1727.5963134765625,82300,0.0,0.0
2017-03-31 00:00:00+09:00,1756.5068656954131,1854.9587629719354,1743.2236732057236,1820.5787353515625,209600,0.0,0.0
2017-04-03 00:00:00+09:00,1804.170206562138,1810.421121093319,1722.1269533403863,1771.3529052734375,245500,0.0,0.0
2017-04-04 00:00:00+09:00,1756.5068395113792,1796.356416386415,1697.9045205775033,1708.062255859375,112300,0.0,0.0
2017-04-05 00:00:00+09:00,1691.6534857163574,1729.9403313515081,1662.7430104408352,1683.83984375,75700,0.0,0.0
2017-04-06 00:00:00+09:00,1676.0264259272165,1680.7146117340058,1593.9831743084017,1620.549560546875,107400,0.0,0.0
2017-04-07 00:00:00+09:00,1617.4239580346905,1640.8648849627293,1591.6389384138474,1618.205322265625,99500,0.0,0.0
2017-04-10 00:00:00+09:00,1627.5817323658966,1645.5531101116555,1608.8289903703223,1622.1121826171875,64100,0.0,0.0
2017-04-11 00:00:00+09:00,1622.1123756838836,1633.8328408261082,1554.9150422017958,1579.918701171875,69000,0.0,0.0
2017-04-12 00:00:00+09:00,1561.9471929022607,1571.3235642453458,1527.567164644282,1542.4130859375,88700,0.0,0.0
2017-04-13 00:00:00+09:00,1512.7211356026785,1538.5061549595425,1504.1261291503906,1531.473876953125,58400,0.0,0.0
2017-04-14 00:00:00+09:00,1531.4740368896228,1532.2554011941584,1485.3735429220271,1486.1549072265625,49300,0.0,0.0
2017-04-17 00:00:00+09:00,1475.2157102491035,1527.5671152208672,1469.7461604759342,1525.2230224609375,51900,0.0,0.0
2017-04-18 00:00:00+09:00,1556.4776114371828,1565.0726183276493,1516.6280340359297,1539.28759765625,64800,0.0,0.0
2017-04-19 00:00:00+09:00,1551.78955078125,1576.7932092027002,1545.5386361758874,1551.78955078125,58000,0.0,0.0
2017-04-20 00:00:00+09:00,1565.8539746440927,1565.8539746440927,1538.5062255859375,1538.5062255859375,32600,0.0,0.0
2017-04-21 00:00:00+09:00,1554.914911817137,1567.4167402538576,1542.413083380416,1566.6353759765625,36000,0.0,0.0
2017-04-24 00:00:00+09:00,1569.7607377244549,1597.889849998263,1560.3843669665189,1581.481201171875,54800,0.0,0.0
2017-04-25 00:00:00+09:00,1590.0761599003133,1608.8289008524546,1574.448875773529,1601.0152587890625,39100,0.0,0.0
2017-04-26 00:00:00+09:00,1613.5171446929107,1633.8326147955818,1613.5171446929107,1618.9866943359375,50600,0.0,0.0
2017-04-27 00:00:00+09:00,1633.0512790124394,1636.1767360057645,1609.6103515625,1609.6103515625,130800,0.0,0.0
2017-04-28 00:00:00+09:00,1639.3020885425929,1664.3057428959594,1631.4884465571656,1647.8970947265625,86000,0.0,0.0
2017-05-01 00:00:00+09:00,1644.7715443776067,1673.6820180792558,1643.990180223508,1662.742919921875,47100,0.0,0.0
2017-05-02 00:00:00+09:00,1672.1195484675063,1703.3741194668992,1657.2736272427949,1688.5281982421875,87600,0.0,0.0
2017-05-08 00:00:00+09:00,1719.0014492933917,1724.4709993593253,1673.682320175657,1717.438720703125,133600,0.0,0.0
2017-05-09 00:00:00+09:00,1748.6932457162554,1879.181079511883,1746.3491528935795,1859.64697265625,378500,0.0,0.0
2017-05-10 00:00:00+09:00,1859.64694574775,1964.3497569789258,1851.8333031185578,1942.4715576171875,262100,0.0,0.0
2017-05-11 00:00:00+09:00,1937.0020519270727,1944.815694734362,1877.6183665916722,1897.933837890625,105000,0.0,0.0
2017-05-12 00:00:00+09:00,1877.618318217308,1919.811988289607,1869.8046756113265,1917.4678955078125,64100,0.0,0.0
2017-05-15 00:00:00+09:00,1886.213158598635,1965.1309419534246,1879.1808808739506,1937.0018310546875,106600,0.0,0.0
2017-05-16 00:00:00+09:00,1950.2851609733978,1968.2565386586493,1915.9051340972642,1938.564697265625,71500,0.0,0.0
2017-05-17 00:00:00+09:00,1945.5967909231695,2050.2995901134123,1945.5967909231695,1980.7581787109375,219800,0.0,0.0
2017-05-18 00:00:00+09:00,1921.3749955185679,1972.9450441986107,1906.5290724137071,1958.09912109375,105100,0.0,0.0
2017-05-19 00:00:00+09:00,1985.4465062915096,2002.6365193329946,1958.0987582709654,1970.6005859375,70600,0.0,0.0
2017-05-22 00:00:00+09:00,2013.5755656686824,2019.0451151291716,1984.6650899489534,2001.8551025390625,61100,0.0,0.0
2017-05-23 00:00:00+09:00,2009.6687753447488,2048.7369863740014,2006.5433184624085,2029.202880859375,91400,0.0,0.0
2017-05-24 00:00:00+09:00,2047.174353542098,2087.023930653032,2034.6725254288638,2075.303466796875,81800,0.0,0.0
2017-05-25 00:00:00+09:00,2086.2428428248354,2122.9669677734373,2045.6118960731908,2078.42919921875,90700,0.0,0.0
2017-05-26 00:00:00+09:00,2073.7406746830925,2087.8052308791343,2001.855165236655,2008.1060791015625,111700,0.0,0.0
2017-05-29 00:00:00+09:00,2006.5431609172476,2030.765449853554,1984.6649644586485,1989.3531494140625,91000,0.0,0.0
2017-05-30 00:00:00+09:00,1978.4142998221125,2027.6402480404354,1977.632935564679,2014.3570556640625,57000,0.0,0.0
2017-05-31 00:00:00+09:00,2001.8552167922992,2018.2638661102687,1990.916117246986,2001.0738525390625,32600,0.0,0.0
2017-06-01 00:00:00+09:00,2001.0737266795338,2026.8587454145688,1980.7582573731427,1988.5718994140625,50900,0.0,0.0
2017-06-02 00:00:00+09:00,2000.2924631620867,2004.1992843792002,1961.2242509909524,1962.005615234375,68000,0.0,0.0
2017-06-05 00:00:00+09:00,1945.5970460427855,1995.6043596760137,1945.5970460427855,1982.3211669921875,59900,0.0,0.0
2017-06-06 00:00:00+09:00,1985.4464473878932,1985.4464473878932,1919.030489879837,1928.4068603515625,79100,0.0,0.0
2017-06-07 00:00:00+09:00,1918.2491734395787,1937.7832790754196,1891.682789774835,1908.872802734375,79800,0.0,0.0
2017-06-08 00:00:00+09:00,1929.1883883815349,1967.4752377256805,1898.7151817606846,1944.815673828125,78900,0.0,0.0
2017-06-09 00:00:00+09:00,1953.410611633575,1961.2242540801094,1908.091485443676,1913.56103515625,48100,0.0,0.0
2017-06-12 00:00:00+09:00,1906.5285955145307,1906.5285955145307,1864.3349298760943,1885.4317626953125,92700,0.0,0.0
2017-06-13 00:00:00+09:00,1893.2455473836262,1901.0591897583006,1862.7723421223957,1875.274169921875,61800,0.0,0.0
2017-06-14 00:00:00+09:00,1884.6506934803504,1884.6506934803504,1825.2670066211022,1829.173828125,41000,0.0,0.0
2017-06-15 00:00:00+09:00,1838.549970157117,1857.3027110341977,1827.6108713121532,1830.736328125,45600,0.0,0.0
2017-06-16 00:00:00+09:00,1865.897637536683,1872.1485508952649,1839.3312557627103,1847.1448974609375,45400,0.0,0.0
2017-06-19 00:00:00+09:00,1861.990952549547,1923.71872646957,1861.990952549547,1921.3746337890625,95000,0.0,0.0
2017-06-20 00:00:00+09:00,1951.0666603932043,1983.8839610485966,1937.0021029694647,1964.349853515625,115800,0.0,0.0
2017-06-21 00:00:00+09:00,1982.3213193073784,1982.3213193073784,1917.4680794561714,1923.718994140625,53000,0.0,0.0
2017-06-22 00:00:00+09:00,1952.6292018660579,1973.726035979857,1898.715070241905,1945.596923828125,93500,0.0,0.0
2017-06-23 00:00:00+09:00,1965.1313669305098,1965.1313669305098,1890.9017526726973,1929.969970703125,76900,0.0,0.0
2017-06-26 00:00:00+09:00,1922.1561922082578,1957.317585968165,1922.1561922082578,1940.908935546875,40500,0.0,0.0
2017-06-27 00:00:00+09:00,1940.9086294445187,2008.8873133260295,1924.4999816110505,2007.3245849609375,131000,0.0,0.0
2017-06-28 00:00:00+09:00,2007.3247556386502,2035.453868602057,1970.600635936425,1987.7906494140625,95400,0.0,0.0
2017-06-29 00:00:00+09:00,1988.5721196498407,2051.862627190759,1957.317548024696,2022.9521484375,113200,0.0,0.0
2017-06-30 00:00:00+09:00,2019.82656790464,2051.0811376207657,1983.1024484881918,2047.17431640625,94400,0.0,0.0
2017-07-03 00:00:00+09:00,2037.0166742852396,2094.0562666223404,2037.0166742852396,2093.27490234375,118600,0.0,0.0
2017-07-04 00:00:00+09:00,2101.0884034028854,2131.561608212373,2069.052470141629,2079.210205078125,127000,0.0,0.0
2017-07-05 00:00:00+09:00,2087.8051168849133,2118.2783203125,2061.2387344095814,2118.2783203125,71400,0.0,0.0
2017-07-06 00:00:00+09:00,2130.780351487572,2156.565372242647,2100.307145140665,2138.593994140625,93000,0.0,0.0
2017-07-07 00:00:00+09:00,2114.3716747151116,2116.715767480871,2052.64389855011,2087.02392578125,70400,0.0,0.0
2017-07-10 00:00:00+09:00,2082.335895040761,2134.687304034281,2062.020422894022,2102.6513671875,64300,0.0,0.0
2017-07-11 00:00:00+09:00,2108.9022294560186,2126.8736082175924,2086.2426649305553,2109.68359375,76400,0.0,0.0
2017-07-12 00:00:00+09:00,2109.6833259828627,2124.529245684224,2067.4896594632055,2083.116943359375,68000,0.0,0.0
2017-07-13 00:00:00+09:00,2072.1777695031474,2091.7118736651305,2062.0200353389164,2063.582763671875,51900,0.0,0.0
2017-07-14 00:00:00+09:00,2048.737235167636,2099.5259156733173,2047.9558708521638,2090.930908203125,43200,0.0,0.0
2017-07-17 00:00:00+09:00,2090.930908203125,2090.930908203125,2090.930908203125,2090.930908203125,0,0.0,0.0
2017-07-18 00:00:00+09:00,2103.4325435883015,2103.4325435883015,2076.0847950646794,2083.8984375,25800,0.0,0.0
2017-07-19 00:00:00+09:00,2086.2420872279577,2113.589829944429,2083.1166309175037,2100.306640625,28200,0.0,0.0
2017-07-20 00:00:00+09:00,2111.2462018707265,2111.2462018707265,2076.8661748972577,2085.461181640625,30700,0.0,0.0
2017-07-21 00:00:00+09:00,2073.740655496935,2081.554297755778,2044.0488149133314,2079.210205078125,31900,0.0,0.0
2017-07-24 00:00:00+09:00,2079.2105635793587,2082.336021021793,2037.0168881064967,2078.42919921875,46700,0.0,0.0
2017-07-25 00:00:00+09:00,2078.4288052313345,2093.274725268701,2062.0201567689815,2087.80517578125,32700,0.0,0.0
2017-07-26 00:00:00+09:00,2102.6510482295866,2111.2460543724796,2061.2387459047377,2083.116943359375,33600,0.0,0.0
2017-07-27 00:00:00+09:00,2086.242684711046,2142.500914411119,2060.457662765179,2136.25,113000,0.0,0.0
2017-07-28 00:00:00+09:00,2148.7519315649884,2221.4188150688224,2126.873730079963,2158.90966796875,126700,0.0,0.0
2017-07-31 00:00:00+09:00,2159.690796534694,2187.8199096588796,2085.4611924569817,2098.744384765625,97000,0.0,0.0
2017-08-01 00:00:00+09:00,2104.2136680420754,2112.8086737414674,2012.0126978122332,2060.457275390625,92100,0.0,0.0
2017-08-02 00:00:00+09:00,2066.7088239265213,2083.898840609464,2049.5188072435785,2062.802001953125,39300,0.0,0.0
2017-08-03 00:00:00+09:00,2062.8015718879083,2084.6797703776288,2025.2960887626737,2080.77294921875,56300,0.0,0.0
2017-08-04 00:00:00+09:00,2051.0811546671566,2138.5939505996216,2027.6402271852462,2085.461181640625,94900,0.0,0.0
2017-08-07 00:00:00+09:00,2113.5902757599224,2137.031203032676,2072.9593351538165,2132.343017578125,87300,0.0,0.0
2017-08-08 00:00:00+09:00,2305.024382252647,2433.94947481932,2305.024382252647,2398.7880859375,474100,0.0,0.0
2017-08-09 00:00:00+09:00,2418.3224828100356,2512.0861978139787,2390.974732600552,2476.9248046875,294800,0.0,0.0
2017-08-10 00:00:00+09:00,2484.738354377925,2598.0361724234594,2469.111069130265,2504.2724609375,235800,0.0,0.0
2017-08-11 00:00:00+09:00,2504.2724609375,2504.2724609375,2504.2724609375,2504.2724609375,0,0.0,0.0
2017-08-14 00:00:00+09:00,2453.4835336538463,2578.5018028846152,2441.7630709134614,2539.43359375,137900,0.0,0.0
2017-08-15 00:00:00+09:00,2547.2474707626716,2613.6634324236616,2547.2474707626716,2562.874755859375,87500,0.0,0.0
2017-08-16 00:00:00+09:00,2562.875052472015,2656.638773903918,2555.0614090193562,2617.570556640625,95500,0.0,0.0
2017-08-17 00:00:00+09:00,2644.9180026170684,2652.73164516542,2555.0611133110233,2562.874755859375,127300,0.0,0.0
2017-08-18 00:00:00+09:00,2535.5269568101417,2570.688347582547,2453.4837116745284,2484.73828125,150500,0.0,0.0
2017-08-21 00:00:00+09:00,2539.433987645072,2613.6635965146975,2531.6203446061645,2566.78173828125,109200,0.0,0.0
2017-08-22 00:00:00+09:00,2543.3407874684694,2621.477217191003,2543.3407874684694,2613.66357421875,96800,0.0,0.0
2017-08-23 00:00:00+09:00,2660.545212832364,2754.308920773593,2660.545212832364,2750.402099609375,166700,0.0,0.0
2017-08-24 00:00:00+09:00,2777.749812534877,2777.749812534877,2609.756504603795,2625.3837890625,134400,0.0,0.0
2017-08-25 00:00:00+09:00,2652.731601877059,2711.3339200334003,2617.570210983254,2668.35888671875,100400,0.0,0.0
2017-08-28 00:00:00+09:00,2707.4270988229778,2707.4270988229778,2644.9179594562133,2668.35888671875,70400,0.0,0.0
2017-08-29 00:00:00+09:00,2641.0111157436427,2734.774823994896,2609.7565463265582,2726.961181640625,86400,0.0,0.0
2017-08-30 00:00:00+09:00,2715.2410382952007,2734.775146484375,2637.1046055385045,2734.775146484375,73600,0.0,0.0
2017-08-31 00:00:00+09:00,2715.2407091314144,2793.3771324157715,2707.4270668029785,2750.402099609375,130300,0.0,0.0
2017-09-01 00:00:00+09:00,2758.215959530381,2824.6319245615655,2738.6818521682676,2809.004638671875,103200,0.0,0.0
2017-09-04 00:00:00+09:00,2781.656910250177,2816.8183037786202,2738.681873715413,2762.122802734375,78500,0.0,0.0
2017-09-05 00:00:00+09:00,2742.5883444996252,2746.495165503186,2558.9677573322715,2605.849609375,111300,0.0,0.0
2017-09-06 00:00:00+09:00,2555.061215608016,2703.5204299705615,2519.8998227326765,2695.706787109375,134100,0.0,0.0
2017-09-07 00:00:00+09:00,2715.2402368446305,2750.4016212066476,2641.0106476359288,2703.519775390625,71600,0.0,0.0
2017-09-08 00:00:00+09:00,2703.52019371345,2726.961120248538,2648.824698464912,2672.265625,34000,0.0,0.0
2017-09-11 00:00:00+09:00,2695.706787109375,2754.3091085682745,2676.1726799564085,2695.706787109375,43600,0.0,0.0
2017-09-12 00:00:00+09:00,2730.867915748531,2750.402021011396,2687.8928841702277,2742.58837890625,42200,0.0,0.0
2017-09-13 00:00:00+09:00,2754.308441691316,2754.308441691316,2691.7993139366195,2703.519775390625,67900,0.0,0.0
2017-09-14 00:00:00+09:00,2687.8931712962963,2695.706814236111,2609.756741898148,2637.1044921875,94200,0.0,0.0
2017-09-15 00:00:00+09:00,2637.104379615454,2711.333984375,2625.383915706052,2711.333984375,65300,0.0,0.0
2017-09-18 00:00:00+09:00,2711.333984375,2711.333984375,2711.333984375,2711.333984375,0,0.0,0.0
2017-09-19 00:00:00+09:00,2730.868030862247,2734.7748520795035,2641.011142865349,2656.638427734375,62500,0.0,0.0
2017-09-20 00:00:00+09:00,2672.266060809235,2676.1728825355644,2605.850091461637,2617.570556640625,47600,0.0,0.0
2017-09-21 00:00:00+09:00,2605.84978987531,2613.6634324236616,2519.8997218434406,2562.874755859375,102300,0.0,0.0
2017-09-22 00:00:00+09:00,2558.967625508056,2594.129012728777,2484.738030264311,2508.178955078125,65500,0.0,0.0
2017-09-25 00:00:00+09:00,2515.993042358765,2605.849936728721,2515.993042358765,2601.943115234375,74500,0.0,0.0
2017-09-26 00:00:00+09:00,2598.0361280612606,2609.756591796875,2551.1542731188015,2609.756591796875,38000,0.0,0.0
2017-09-27 00:00:00+09:00,2598.0364480089784,2641.0114869986005,2586.3159828299904,2617.570556640625,26500,0.0,0.0
2017-09-28 00:00:00+09:00,2641.010982372975,2668.358729231867,2613.663235514083,2652.7314453125,36000,0.0,0.0
2017-09-29 00:00:00+09:00,2664.4519828216376,2723.0542991593566,2652.7315195540937,2672.265625,85600,0.0,0.0
2017-10-02 00:00:00+09:00,2726.961358554121,2750.402287137681,2676.1726799564085,2695.706787109375,72900,0.0,0.0
2017-10-03 00:00:00+09:00,2742.5886389001626,2742.5886389001626,2680.079496133207,2707.42724609375,66800,0.0,0.0
2017-10-04 00:00:00+09:00,2703.5202776125548,2703.5202776125548,2594.1292837207175,2668.35888671875,107900,0.0,0.0
2017-10-05 00:00:00+09:00,2652.7314655349915,2664.451928563865,2582.4086873617516,2594.129150390625,53400,0.0,0.0
2017-10-06 00:00:00+09:00,2578.502012530137,2637.1043309967313,2566.7815488368183,2633.197509765625,44600,0.0,0.0
2017-10-09 00:00:00+09:00,2633.197509765625,2633.197509765625,2633.197509765625,2633.197509765625,0,0.0,0.0
2017-10-10 00:00:00+09:00,2633.197409906068,2695.706547233215,2605.8496623254414,2683.986083984375,80200,0.0,0.0
2017-10-11 00:00:00+09:00,2699.613635706018,2711.3341001157405,2625.3840277777776,2637.1044921875,37300,0.0,0.0
2017-10-12 00:00:00+09:00,2672.265987723214,2672.265987723214,2594.1295553336467,2598.036376953125,58300,0.0,0.0
2017-10-13 00:00:00+09:00,2598.0359714002498,2601.942792409874,2523.806372217385,2594.129150390625,90900,0.0,0.0
2017-10-16 00:00:00+09:00,2590.222325360757,2613.6632513821214,2535.5268313109073,2605.849609375,70100,0.0,0.0
2017-10-17 00:00:00+09:00,2578.50218084361,2629.2908601632566,2570.6885378713564,2613.66357421875,49200,0.0,0.0
2017-10-18 00:00:00+09:00,2625.3836062227865,2699.6132022320617,2613.6631436950065,2691.799560546875,102100,0.0,0.0
2017-10-19 00:00:00+09:00,2691.799818689683,2691.799818689683,2633.1975004308365,2656.638427734375,41300,0.0,0.0
2017-10-20 00:00:00+09:00,2637.10450313551,2637.10450313551,2547.247608954596,2613.66357421875,98100,0.0,0.0
2017-10-23 00:00:00+09:00,2633.197577781342,2664.4521484375,2613.6634711212428,2664.4521484375,37600,0.0,0.0
2017-10-24 00:00:00+09:00,2683.9861398176713,2785.563490087336,2683.9861398176713,2750.402099609375,104600,0.0,0.0
2017-10-25 00:00:00+09:00,2742.58823512664,2742.58823512664,2672.2654598669824,2680.0791015625,51300,0.0,0.0
2017-10-26 00:00:00+09:00,2680.079490924704,2738.681812154836,2652.7317410173087,2719.147705078125,35900,0.0,0.0
2017-10-27 00:00:00+09:00,2742.588684338841,2824.631935579747,2742.588684338841,2785.563720703125,80800,0.0,0.0
2017-10-30 00:00:00+09:00,2812.911211262119,2820.724853515625,2754.308894360825,2820.724853515625,61600,0.0,0.0
2017-10-31 00:00:00+09:00,2832.445390745895,2867.6067818034303,2805.09764214559,2840.259033203125,41700,0.0,0.0
2017-11-01 00:00:00+09:00,2844.1658497431504,2859.793134631849,2785.5635314105307,2851.9794921875,43400,0.0,0.0
2017-11-02 00:00:00+09:00,2848.0727589504777,2855.886401636213,2805.097724178934,2836.352294921875,39800,0.0,0.0
2017-11-03 00:00:00+09:00,2836.352294921875,2836.352294921875,2836.352294921875,2836.352294921875,0,0.0,0.0
2017-11-06 00:00:00+09:00,2859.7933178133694,2859.7933178133694,2793.3773527821845,2809.004638671875,66500,0.0,0.0
2017-11-07 00:00:00+09:00,2371.4405030892563,2406.6018944035945,2290.1786209405636,2390.974609375,589500,0.0,0.0
2017-11-08 00:00:00+09:00,2359.7201494364476,2371.440613754841,2166.7231703269103,2181.569091796875,791700,0.0,0.0
2017-11-09 00:00:00+09:00,2189.3828241257443,2219.07466827877,2144.0636935763887,2165.94189453125,416200,0.0,0.0
2017-11-10 00:00:00+09:00,2167.504498697917,2240.1713762678182,2143.2822061746165,2226.88818359375,328800,0.0,0.0
2017-11-13 00:00:00+09:00,2226.8883591851713,2226.8883591851713,2126.092359769422,2170.630126953125,200200,0.0,0.0
2017-11-14 00:00:00+09:00,2176.0995635316103,2187.8200279671487,2125.3108843109444,2134.687255859375,195200,0.0,0.0
2017-11-15 00:00:00+09:00,2137.0311285617086,2150.3143202200445,2088.586547219542,2112.808837890625,167500,0.0,0.0
2017-11-16 00:00:00+09:00,2088.586492723034,2236.2643255418348,2086.242400138609,2228.45068359375,251200,0.0,0.0
2017-11-17 00:00:00+09:00,2228.450638980115,2235.4829165926044,2144.8446718094024,2163.597412109375,172000,0.0,0.0
2017-11-20 00:00:00+09:00,2153.4399003358644,2191.7267490718796,2148.7517147763524,2173.75537109375,98900,0.0,0.0
2017-11-21 00:00:00+09:00,2176.099380914738,2194.0707582077503,2133.905712487666,2177.662109375,97800,0.0,0.0
2017-11-22 00:00:00+09:00,2204.2285266362755,2267.5190302369624,2189.3826060385836,2217.51171875,175400,0.0,0.0
2017-11-23 00:00:00+09:00,2217.51171875,2217.51171875,2217.51171875,2217.51171875,0,0.0,0.0
2017-11-24 00:00:00+09:00,2217.5115497361267,2240.9524752090247,2192.507895898369,2237.045654296875,111800,0.0,0.0
2017-11-27 00:00:00+09:00,2258.142542610576,2280.020740255246,2235.482980764311,2266.737548828125,123900,0.0,0.0
2017-11-28 00:00:00+09:00,2280.021184828368,2280.021184828368,2219.856129574158,2262.0498046875,106700,0.0,0.0
2017-11-29 00:00:00+09:00,2262.049752227531,2271.42612425749,2236.264729145145,2269.08203125,87600,0.0,0.0
2017-11-30 00:00:00+09:00,2255.798837540892,2276.114310272469,2211.2610703985883,2269.08203125,224600,0.0,0.0
2017-12-01 00:00:00+09:00,2276.1140311458157,2375.3472896269413,2269.863117225745,2314.40087890625,232900,0.0,0.0
2017-12-04 00:00:00+09:00,2315.1818828199443,2351.9059963847562,2252.6727533479243,2255.016845703125,143800,0.0,0.0
2017-12-05 00:00:00+09:00,2253.454549057322,2315.1823262333023,2240.9527207685155,2310.494140625,124200,0.0,0.0
2017-12-06 00:00:00+09:00,2328.464994550034,2337.059999563474,2267.518595363825,2307.3681640625,109100,0.0,0.0
2017-12-07 00:00:00+09:00,2307.368881739248,2367.533935546875,2307.368881739248,2367.533935546875,139100,0.0,0.0
2017-12-08 00:00:00+09:00,2363.626704968904,2414.415377968236,2347.99942096911,2375.34716796875,101800,0.0,0.0
2017-12-11 00:00:00+09:00,2398.7881600868336,2488.645045562399,2398.7881600868336,2418.322265625,174900,0.0,0.0
2017-12-12 00:00:00+09:00,2441.7635699895422,2523.8068259411907,2441.7635699895422,2480.831787109375,167400,0.0,0.0
2017-12-13 00:00:00+09:00,2476.924726655212,2480.83154799063,2441.763334636447,2469.111083984375,62400,0.0,0.0
2017-12-14 00:00:00+09:00,2476.924763131649,2574.595297955452,2449.577013380984,2570.6884765625,163800,0.0,0.0
2017-12-15 00:00:00+09:00,2594.1293163472433,2613.6634226450387,2539.433818713416,2586.315673828125,118500,0.0,0.0
2017-12-18 00:00:00+09:00,2621.4771088760267,2687.8930713959853,2617.570287551323,2676.172607421875,166000,0.0,0.0
2017-12-19 00:00:00+09:00,2711.334036568214,2785.5636427566806,2703.520393811533,2777.75,213800,0.0,0.0
2017-12-20 00:00:00+09:00,2773.843215721241,2773.843215721241,2680.0795013870015,2695.706787109375,114100,0.0,0.0
2017-12-21 00:00:00+09:00,2680.079399532139,2769.936289020826,2676.172578250022,2746.495361328125,92300,0.0,0.0
2017-12-22 00:00:00+09:00,2746.4954340875483,2781.6568265580863,2730.8681485450875,2766.029541015625,67300,0.0,0.0
2017-12-25 00:00:00+09:00,2777.749984741211,2816.8181983100044,2762.1226993136934,2812.911376953125,85500,0.0,0.0
2017-12-26 00:00:00+09:00,2828.5384827077637,2883.2339782297367,2805.0975560554893,2855.88623046875,135900,0.0,0.0
2017-12-27 00:00:00+09:00,2878.031103921399,2914.006492720416,2858.0447768108334,2886.025634765625,109400,82.7,0.0
2017-12-28 00:00:00+09:00,2902.0147470263473,2997.949118828871,2902.0147470263473,2929.99560546875,104800,0.0,0.0
2017-12-29 00:00:00+09:00,2933.9928187924947,2965.9709421580806,2838.0584486957373,2866.039306640625,120300,0.0,0.0
2018-01-01 00:00:00+09:00,2866.039306640625,2866.039306640625,2866.039306640625,2866.039306640625,0,0.0,0.0
2018-01-02 00:00:00+09:00,2866.039306640625,2866.039306640625,2866.039306640625,2866.039306640625,0,0.0,0.0
2018-01-03 00:00:00+09:00,2866.039306640625,2866.039306640625,2866.039306640625,2866.039306640625,0,0.0,0.0
2018-01-04 00:00:00+09:00,2894.0202119265646,2894.0202119265646,2774.102247343972,2810.07763671875,145200,0.0,0.0
2018-01-05 00:00:00+09:00,2810.077483819001,2834.061075430543,2710.1458521042427,2738.126708984375,74100,0.0,0.0
2018-01-08 00:00:00+09:00,2738.126708984375,2738.126708984375,2738.126708984375,2738.126708984375,0,0.0,0.0
2018-01-09 00:00:00+09:00,2722.137890625,2742.1242187499997,2666.176171875,2698.154296875,117200,0.0,0.0
2018-01-10 00:00:00+09:00,2698.154296875,2698.154296875,2626.203515625,2638.1953125,119400,0.0,0.0
2018-01-11 00:00:00+09:00,2622.206152640578,2666.1760728830263,2594.225294304474,2630.20068359375,83900,0.0,0.0
2018-01-12 00:00:00+09:00,2638.1950755399816,2742.123972455193,2638.1950755399816,2718.140380859375,125200,0.0,0.0
2018-01-15 00:00:00+09:00,2722.1376031441373,2794.0883767955243,2702.151277129863,2774.10205078125,69600,0.0,0.0
2018-01-16 00:00:00+09:00,2782.0967307947312,2838.0584466440505,2778.099465376923,2826.066650390625,61800,0.0,0.0
2018-01-17 00:00:00+09:00,2826.066698663096,2846.053026093528,2782.096778316145,2810.07763671875,59400,0.0,0.0
2018-01-18 00:00:00+09:00,2826.066650390625,2874.0338354043274,2806.0803233015827,2826.066650390625,65700,0.0,0.0
2018-01-19 00:00:00+09:00,2830.06383203125,2997.948974609375,2826.0665667317708,2997.948974609375,129600,0.0,0.0
2018-01-22 00:00:00+09:00,3013.9383306017507,3049.9137218158303,2945.9848138640455,2981.960205078125,112400,0.0,0.0
2018-01-23 00:00:00+09:00,2977.9627952725673,3049.91357421875,2965.9709987815368,3049.91357421875,64400,0.0,0.0
2018-01-24 00:00:00+09:00,3045.916358792052,3157.83979454819,3029.927296541175,3133.856201171875,124900,0.0,0.0
2018-01-25 00:00:00+09:00,3093.883348341112,3121.864205496652,3041.918899337967,3077.894287109375,52000,0.0,0.0
2018-01-26 00:00:00+09:00,3081.89189568467,3125.861818969406,3041.919238153092,3045.91650390625,80600,0.0,0.0
2018-01-29 00:00:00+09:00,3077.8943841926744,3141.850631136938,3065.902587890625,3065.902587890625,75400,0.0,0.0
2018-01-30 00:00:00+09:00,3065.902483024853,3077.8942789167368,2965.970850592492,2977.962646484375,91000,0.0,0.0
2018-01-31 00:00:00+09:00,2977.962940050208,3009.941065580949,2933.9930174454403,2941.987548828125,75500,0.0,0.0
2018-02-01 00:00:00+09:00,2973.9655278659757,3005.943651821524,2945.984669404871,2989.95458984375,68200,0.0,0.0
2018-02-02 00:00:00+09:00,2985.9572744035336,2997.9490706862784,2910.0092312794814,2965.970947265625,70900,0.0,0.0
2018-02-05 00:00:00+09:00,2894.020067003038,2945.984515719944,2842.055618286133,2878.031005859375,90300,0.0,0.0
2018-02-06 00:00:00+09:00,2766.1075584468986,2794.0884152519975,2554.2524997797227,2658.181396484375,139500,0.0,0.0
2018-02-07 00:00:00+09:00,2782.096824201233,2842.055807481432,2662.1788576408353,2674.170654296875,106400,0.0,0.0
2018-02-08 00:00:00+09:00,2678.168167322648,2726.1353583791733,2618.2091785019916,2634.1982421875,148200,0.0,0.0
2018-02-09 00:00:00+09:00,2442.329296875,2586.230859375,2410.351171875,2578.236328125,157900,0.0,0.0
2018-02-12 00:00:00+09:00,2578.236328125,2578.236328125,2578.236328125,2578.236328125,0,0.0,0.0
2018-02-13 00:00:00+09:00,2646.18984375,2662.17890625,2546.258203125,2578.236328125,111900,0.0,0.0
2018-02-14 00:00:00+09:00,2578.236328125,2846.053125,2494.29375,2818.072265625,432700,0.0,0.0
2018-02-15 00:00:00+09:00,2826.066796875,2838.05859375,2618.208984375,2798.0859375,259800,0.0,0.0
2018-02-16 00:00:00+09:00,2854.047285364029,3093.883191697141,2818.0718994140625,3005.943359375,176800,0.0,0.0
2018-02-19 00:00:00+09:00,3061.9052349853514,3197.812255859375,3037.921643066406,3197.812255859375,148100,0.0,0.0
2018-02-20 00:00:00+09:00,3181.823388548882,3257.771434255451,3141.850732913846,3173.828857421875,179400,0.0,0.0
2018-02-21 00:00:00+09:00,3197.8122999359794,3217.798626810579,3029.9271541893404,3121.8642578125,217200,0.0,0.0
2018-02-22 00:00:00+09:00,3121.864147639561,3121.864147639561,2977.962599220836,2993.95166015625,216400,0.0,0.0
2018-02-23 00:00:00+09:00,3001.946531630054,3153.842627771122,3001.946531630054,3101.878173828125,132700,0.0,0.0
2018-02-26 00:00:00+09:00,3157.839456555834,3229.790228983689,3113.8695400721454,3185.8203125,100500,0.0,0.0
2018-02-27 00:00:00+09:00,3197.8124501753828,3201.8097157381017,3089.8862799819635,3133.856201171875,54800,0.0,0.0
2018-02-28 00:00:00+09:00,3189.81760712732,3493.6097601870647,3133.8558947215774,3445.642578125,348500,0.0,0.0
2018-03-01 00:00:00+09:00,3449.639992198725,3521.5907683975397,3405.6700734105607,3477.620849609375,166000,0.0,0.0
2018-03-02 00:00:00+09:00,3445.643015988882,3609.530908860743,3413.66489055047,3561.563720703125,205800,0.0,0.0
2018-03-05 00:00:00+09:00,3565.5605842174828,3577.552379904313,3401.6727098308047,3449.639892578125,110800,0.0,0.0
2018-03-06 00:00:00+09:00,3509.599070407115,3545.574459511516,3437.6482921983134,3465.629150390625,88800,0.0,0.0
2018-03-07 00:00:00+09:00,3449.6398063298006,3609.5304114899304,3449.6398063298006,3541.576904296875,86500,0.0,0.0
2018-03-08 00:00:00+09:00,3597.538917943051,3689.476023623818,3553.5689978348582,3645.506103515625,113200,0.0,0.0
2018-03-09 00:00:00+09:00,3653.5002935023904,3685.4784142332646,3577.552256766564,3657.49755859375,106000,0.0,0.0
2018-03-12 00:00:00+09:00,3713.459913864634,3729.4489770029104,3613.5282692504084,3669.489990234375,70900,0.0,0.0
2018-03-13 00:00:00+09:00,3649.5036613115294,3709.4626480800653,3637.5118639578227,3669.489990234375,99800,0.0,0.0
2018-03-14 00:00:00+09:00,3613.528125,3641.5089843749997,3525.58828125,3557.56640625,94900,0.0,0.0
2018-03-15 00:00:00+09:00,3517.593503053161,3517.593503053161,3433.6509308212107,3477.620849609375,169800,0.0,0.0
2018-03-16 00:00:00+09:00,3477.62109375,3533.5828125,3421.6593749999997,3437.6484375,269100,0.0,0.0
2018-03-19 00:00:00+09:00,3433.6508276739264,3529.585193057133,3369.694584085122,3409.667236328125,66700,0.0,0.0
2018-03-20 00:00:00+09:00,3353.706139969499,3521.591310265946,3321.7280122939856,3501.60498046875,101800,0.0,0.0
2018-03-21 00:00:00+09:00,3501.60498046875,3501.60498046875,3501.60498046875,3501.60498046875,0,0.0,0.0
2018-03-22 00:00:00+09:00,3485.615337633577,3629.516888269826,3485.615337633577,3553.56884765625,81500,0.0,0.0
2018-03-23 00:00:00+09:00,3417.6617219221284,3465.6289039841936,3389.6808657192573,3445.642578125,60400,0.0,0.0
2018-03-26 00:00:00+09:00,3409.6673857444425,3477.6208975353634,3293.7466891599306,3461.6318359375,53600,0.0,0.0
2018-03-27 00:00:00+09:00,3521.5907669684793,3569.5579510815573,3441.645460113349,3457.634521484375,54100,0.0,0.0
2018-03-28 00:00:00+09:00,3449.6399417453345,3533.582512749566,3405.6700236002603,3453.63720703125,38300,0.0,0.0
2018-03-29 00:00:00+09:00,3509.599265552504,3713.459815146101,3509.599265552504,3661.495361328125,86400,0.0,0.0
2018-03-30 00:00:00+09:00,3689.476023623818,3705.4650854813426,3609.5307143361947,3645.506103515625,54800,0.0,0.0
2018-04-02 00:00:00+09:00,3709.4625,3769.421484375,3681.4816406249997,3737.443359375,58100,0.0,0.0
2018-04-03 00:00:00+09:00,3709.462689989518,3821.3861332219603,3649.5037025435668,3813.3916015625,69600,0.0,0.0
2018-04-04 00:00:00+09:00,3837.37461018711,3881.344527595504,3749.4347753703223,3845.369140625,68400,0.0,0.0
2018-04-05 00:00:00+09:00,3881.3450719133207,3881.3450719133207,3765.4243643072587,3789.407958984375,63300,0.0,0.0
2018-04-06 00:00:00+09:00,3785.410879880803,3957.2933168764466,3773.4190819508744,3885.342529296875,96800,0.0,0.0
2018-04-09 00:00:00+09:00,3869.353125,3917.3203125,3825.383203125,3857.361328125,42300,0.0,0.0
2018-04-10 00:00:00+09:00,3869.3529752672916,3873.350240737609,3765.424073039038,3785.410400390625,59200,0.0,0.0
2018-04-11 00:00:00+09:00,3757.4292804185143,3757.4292804185143,3581.5496119733925,3605.533203125,84500,0.0,0.0
2018-04-12 00:00:00+09:00,3621.522557723761,3689.476071500035,3565.560840496242,3589.54443359375,66300,0.0,0.0
2018-04-13 00:00:00+09:00,3609.5307600691513,3609.5307600691513,3501.604591163429,3549.57177734375,74900,0.0,0.0
2018-04-16 00:00:00+09:00,3525.58843183184,3529.5856976275677,3413.6649895514643,3429.654052734375,90400,0.0,0.0
2018-04-17 00:00:00+09:00,3429.6537127417723,3501.604489932159,3365.6974663503174,3461.6318359375,93000,0.0,0.0
2018-04-18 00:00:00+09:00,3457.6344740047825,3553.568840913586,3457.6344740047825,3473.62353515625,49800,0.0,0.0
2018-04-19 00:00:00+09:00,3497.6072210542748,3497.6072210542748,3381.686524585047,3401.6728515625,53000,0.0,0.0
2018-04-20 00:00:00+09:00,3373.6918050319023,3481.6179646715486,3373.6918050319023,3445.642578125,29100,0.0,0.0
2018-04-23 00:00:00+09:00,3425.656838945868,3425.656838945868,3337.716990104784,3373.6923828125,54200,0.0,0.0
2018-04-24 00:00:00+09:00,3409.667426116275,3425.6564879034554,3277.7576663720347,3285.752197265625,119700,0.0,0.0
2018-04-25 00:00:00+09:00,3209.804048716871,3233.7876406126384,3149.8450689774527,3157.839599609375,120600,0.0,0.0
2018-04-26 00:00:00+09:00,3209.804101074828,3257.7712856487983,3149.8451203573654,3201.8095703125,69400,0.0,0.0
2018-04-27 00:00:00+09:00,3197.8125490734924,3229.790674564227,3137.8535637783643,3181.823486328125,61100,0.0,0.0
2018-04-30 00:00:00+09:00,3181.823486328125,3181.823486328125,3181.823486328125,3181.823486328125,0,0.0,0.0
2018-05-01 00:00:00+09:00,3173.8286593103103,3201.8095165082605,3089.886087716461,3137.853271484375,62700,0.0,0.0
2018-05-02 00:00:00+09:00,3145.8480951510483,3229.790674564227,3129.8590324056804,3181.823486328125,57500,0.0,0.0
2018-05-03 00:00:00+09:00,3181.823486328125,3181.823486328125,3181.823486328125,3181.823486328125,0,0.0,0.0
2018-05-04 00:00:00+09:00,3181.823486328125,3181.823486328125,3181.823486328125,3181.823486328125,0,0.0,0.0
2018-05-07 00:00:00+09:00,3181.823485722317,3305.738721975322,3153.8426259232515,3221.796142578125,155200,0.0,0.0
2018-05-08 00:00:00+09:00,2902.014666725187,3209.804101074828,2886.02560520053,3201.8095703125,308700,0.0,0.0
2018-05-09 00:00:00+09:00,3141.850728604038,3161.8370563941403,2914.006591796875,2914.006591796875,208200,0.0,0.0
2018-05-10 00:00:00+09:00,2914.0065914596644,2953.9792470352427,2870.036670326528,2894.020263671875,97800,0.0,0.0
2018-05-11 00:00:00+09:00,2910.009044550963,3057.907855881163,2910.009044550963,3009.940673828125,130100,0.0,0.0
2018-05-14 00:00:00+09:00,3009.9408699146506,3073.8971168185476,2993.9518081886768,3025.929931640625,92200,0.0,0.0
2018-05-15 00:00:00+09:00,3021.932713135094,3049.913571590049,2941.9874032637954,2969.96826171875,47000,0.0,0.0
2018-05-16 00:00:00+09:00,2961.9737300717734,2985.9573230278197,2922.0010751450286,2949.98193359375,48400,0.0,0.0
2018-05-17 00:00:00+09:00,2945.984814519468,2957.9766115934954,2910.0094232973847,2941.987548828125,31500,0.0,0.0
2018-05-18 00:00:00+09:00,2941.9872571790543,2981.959910129857,2925.998195998733,2957.976318359375,33200,0.0,0.0
2018-05-21 00:00:00+09:00,2985.957615374254,3045.9166036347815,2957.9767541860083,3013.9384765625,36700,0.0,0.0
2018-05-22 00:00:00+09:00,3013.938182147964,3057.9081025771784,2941.9874032637954,2969.96826171875,58400,0.0,0.0
2018-05-23 00:00:00+09:00,2941.9873575792603,3029.927197072119,2941.9873575792603,3025.929931640625,38300,0.0,0.0
2018-05-24 00:00:00+09:00,3061.905370063077,3061.905370063077,2965.9709981550955,3029.92724609375,62500,0.0,0.0
2018-05-25 00:00:00+09:00,3013.938030798257,3013.938030798257,2937.989990234375,2937.989990234375,58300,0.0,0.0
2018-05-28 00:00:00+09:00,2953.979056315104,3037.921627604167,2945.984525716146,2997.948974609375,36500,0.0,0.0
2018-05-29 00:00:00+09:00,2977.9627906883156,2977.9627906883156,2870.036622435182,2910.00927734375,81600,0.0,0.0
2018-05-30 00:00:00+09:00,2858.0447778085236,2929.9955554316753,2858.0447778085236,2906.011962890625,26600,0.0,0.0
2018-05-31 00:00:00+09:00,2933.9927778586884,3001.9462890625,2918.003716398968,3001.9462890625,65100,0.0,0.0
2018-06-01 00:00:00+09:00,2989.9546373992625,2989.9546373992625,2870.0366706586506,2914.006591796875,52200,0.0,0.0
2018-06-04 00:00:00+09:00,2925.998191002155,2945.9845174434267,2886.025538119612,2898.017333984375,24400,0.0,0.0
2018-06-05 00:00:00+09:00,2890.0229977752306,2890.0229977752306,2818.0722177476314,2874.033935546875,59800,0.0,0.0
2018-06-06 00:00:00+09:00,2858.0448719292067,2858.0448719292067,2786.0940919365835,2794.088623046875,50200,0.0,0.0
2018-06-07 00:00:00+09:00,2794.088478499026,2830.0638666342065,2754.115825015492,2822.0693359375,52500,0.0,0.0
2018-06-08 00:00:00+09:00,2794.088524970297,2810.0775866296403,2762.1104016516097,2786.093994140625,43700,0.0,0.0
2018-06-11 00:00:00+09:00,2782.096686459778,2910.009177791262,2782.096686459778,2882.0283203125,57300,0.0,0.0
2018-06-12 00:00:00+09:00,2890.0229485386926,2902.014745005658,2834.061231692853,2870.03662109375,33800,0.0,0.0
2018-06-13 00:00:00+09:00,2870.036518700963,2878.031049393723,2790.091211773359,2802.0830078125,52400,0.0,0.0
2018-06-14 00:00:00+09:00,2802.0832031249997,2870.03671875,2802.0832031249997,2838.05859375,34600,0.0,0.0
2018-06-15 00:00:00+09:00,2858.044719778853,2858.044719778853,2738.126759508412,2762.1103515625,60500,0.0,0.0
2018-06-18 00:00:00+09:00,2790.0916514444693,2802.083449373314,2722.1381298476845,2778.099853515625,38900,0.0,0.0
2018-06-19 00:00:00+09:00,2778.0992142012374,2794.088274426856,2722.137503411572,2746.12109375,37200,0.0,0.0
2018-06-20 00:00:00+09:00,2746.121102096688,2810.077343193554,2722.1375116853633,2806.080078125,53300,0.0,0.0
2018-06-21 00:00:00+09:00,2810.0776360192067,2826.066697959572,2782.0967776235675,2790.09130859375,26900,0.0,0.0
2018-06-22 00:00:00+09:00,2782.0968263814375,2806.080419712312,2754.1159674954174,2794.088623046875,31800,0.0,0.0
2018-06-25 00:00:00+09:00,2806.0802167107076,2810.077481976677,2698.1540545295265,2718.140380859375,46500,0.0,0.0
2018-06-26 00:00:00+09:00,2698.154101851424,2722.137693867881,2662.178713826738,2702.1513671875,36100,0.0,0.0
2018-06-27 00:00:00+09:00,2702.151169549851,2714.1429646809897,2646.189458937872,2686.162109375,38300,0.0,0.0
2018-06-28 00:00:00+09:00,2686.162156156437,2690.159421269765,2614.2113841165324,2670.173095703125,44500,0.0,0.0
2018-06-29 00:00:00+09:00,2678.1681629033756,2698.154492477281,2642.192769670345,2694.1572265625,26300,0.0,0.0
2018-07-02 00:00:00+09:00,2678.16796875,2702.1515625,2618.208984375,2638.1953125,49000,0.0,0.0
2018-07-03 00:00:00+09:00,2642.192232140721,2694.1566784611887,2582.233255617104,2610.214111328125,36500,0.0,0.0
2018-07-04 00:00:00+09:00,2586.230907533227,2642.1926273252907,2546.258250538896,2622.206298828125,32400,0.0,0.0
2018-07-05 00:00:00+09:00,2594.2252888932085,2606.2170852979534,2478.304590314005,2490.29638671875,46800,0.0,0.0
2018-07-06 00:00:00+09:00,2502.28828125,2578.236328125,2486.29921875,2578.236328125,41600,0.0,0.0
2018-07-09 00:00:00+09:00,2590.228172508446,2666.1762207764405,2582.233641111815,2662.178955078125,43600,0.0,0.0
2018-07-10 00:00:00+09:00,2662.1788576408353,2690.159716504928,2602.2198743606364,2674.170654296875,46100,0.0,0.0
2018-07-11 00:00:00+09:00,2650.1870609847956,2710.1460442649945,2578.2362810485565,2674.170654296875,47600,0.0,0.0
2018-07-12 00:00:00+09:00,2674.1708018138693,2674.1708018138693,2590.2282205910124,2646.18994140625,56800,0.0,0.0
2018-07-13 00:00:00+09:00,2670.1730576783116,2762.1101539756187,2626.2031420578605,2746.12109375,51700,0.0,0.0
2018-07-16 00:00:00+09:00,2746.12109375,2746.12109375,2746.12109375,2746.12109375,0,0.0,0.0
2018-07-17 00:00:00+09:00,2766.107715683202,2802.083105049024,2738.126857287563,2790.09130859375,49400,0.0,0.0
2018-07-18 00:00:00+09:00,2794.08842274464,2802.08295328182,2706.1485868356526,2738.126708984375,41900,0.0,0.0
2018-07-19 00:00:00+09:00,2734.129498273725,2850.050193375974,2690.1595794418376,2822.0693359375,98000,0.0,0.0
2018-07-20 00:00:00+09:00,2822.0695312499997,2838.05859375,2754.116015625,2758.11328125,44700,0.0,0.0
2018-07-23 00:00:00+09:00,2742.1239332719283,2830.063767866655,2742.1239332719283,2814.07470703125,38000,0.0,0.0
2018-07-24 00:00:00+09:00,2818.07231271642,2937.9902834703103,2810.0777813328273,2922.001220703125,54800,0.0,0.0
2018-07-25 00:00:00+09:00,2933.992723271618,2941.9872538527397,2894.0200703660103,2918.003662109375,39900,0.0,0.0
2018-07-26 00:00:00+09:00,2953.979248046875,2969.968310282582,2910.0093268986807,2953.979248046875,35600,0.0,0.0
2018-07-27 00:00:00+09:00,2965.9708489495356,2989.954440720017,2933.9927265888937,2957.976318359375,31000,0.0,0.0
2018-07-30 00:00:00+09:00,2949.9819342509254,2985.9573236930096,2918.003810302406,2969.96826171875,102400,0.0,0.0
2018-07-31 00:00:00+09:00,2949.981879416476,2949.981879416476,2786.0939972266724,2846.052978515625,89500,0.0,0.0
2018-08-01 00:00:00+09:00,2882.028364096687,2898.01742575603,2778.099463310953,2786.093994140625,42000,0.0,0.0
2018-08-02 00:00:00+09:00,2822.0695793961677,2961.9738786580174,2802.0832509301895,2862.042236328125,104900,0.0,0.0
2018-08-03 00:00:00+09:00,2874.033837482021,2922.0010225304,2834.061183275039,2866.039306640625,54500,0.0,0.0
2018-08-06 00:00:00+09:00,2894.0201624933698,2894.0201624933698,2818.072119555008,2826.066650390625,72100,0.0,0.0
2018-08-07 00:00:00+09:00,2770.1050341225414,3077.8944823583793,2770.1050341225414,3073.897216796875,209700,0.0,0.0
2018-08-08 00:00:00+09:00,3069.899901055409,3069.899901055409,2922.001077697271,3029.92724609375,157200,0.0,0.0
2018-08-09 00:00:00+09:00,2997.9494130263597,3061.905667170922,2965.971285954078,3013.9384765625,31600,0.0,0.0
2018-08-10 00:00:00+09:00,3049.9137696594075,3121.864553216248,3009.9411121278295,3045.91650390625,73000,0.0,0.0
2018-08-13 00:00:00+09:00,3021.9325664062503,3045.916158203125,2973.9653828125,2997.948974609375,43100,0.0,0.0
2018-08-14 00:00:00+09:00,3033.924215113863,3045.9160104305183,2997.9488291638963,3005.943359375,32000,0.0,0.0
2018-08-15 00:00:00+09:00,2969.968408334915,2997.949268171179,2933.9930171168608,2961.973876953125,27500,0.0,0.0
2018-08-16 00:00:00+09:00,2925.9983365333687,2937.990132994571,2826.0666993566824,2830.06396484375,40300,0.0,0.0
2018-08-17 00:00:00+09:00,2838.0583959299215,2898.017376125624,2790.091211773359,2802.0830078125,44500,0.0,0.0
2018-08-20 00:00:00+09:00,2814.0751008064517,2830.0641638792154,2718.140722369868,2726.13525390625,33700,0.0,0.0
2018-08-21 00:00:00+09:00,2690.159665742544,2726.1350550318202,2626.203418117164,2630.20068359375,33300,0.0,0.0
2018-08-22 00:00:00+09:00,2630.2008306031585,2638.195362003168,2530.2691881030382,2602.219970703125,67600,0.0,0.0
2018-08-23 00:00:00+09:00,2598.2223160234016,2614.2113764296996,2554.2523999060827,2610.214111328125,67100,0.0,0.0
2018-08-24 00:00:00+09:00,2622.2059143431884,2678.167625929781,2618.2086492298604,2670.173095703125,50400,0.0,0.0
2018-08-27 00:00:00+09:00,2686.162645188053,2714.143506075429,2654.184518459624,2710.146240234375,24900,0.0,0.0
2018-08-28 00:00:00+09:00,2742.124316979014,2778.099708892733,2710.146190833486,2726.13525390625,28400,0.0,0.0
2018-08-29 00:00:00+09:00,2726.135107564647,2758.113231993558,2706.148779796578,2734.129638671875,18600,0.0,0.0
2018-08-30 00:00:00+09:00,2750.1189916816547,2806.0807153495953,2738.1271937528104,2778.099853515625,27200,0.0,0.0
2018-08-31 00:00:00+09:00,2762.1104480748995,2826.066695787198,2718.140527772694,2730.13232421875,46900,0.0,0.0
2018-09-03 00:00:00+09:00,2722.137542176389,2722.137542176389,2650.186770136485,2670.173095703125,38000,0.0,0.0
2018-09-04 00:00:00+09:00,2686.1624509529147,2690.159716504928,2662.1788576408353,2674.170654296875,18900,0.0,0.0
2018-09-05 00:00:00+09:00,2674.170401127937,2674.170401127937,2594.22509765625,2594.22509765625,28300,0.0,0.0
2018-09-06 00:00:00+09:00,2586.2312586394155,2602.22032360782,2510.283200039494,2530.26953125,32600,0.0,0.0
2018-09-07 00:00:00+09:00,2510.282517653245,2510.282517653245,2466.3126009427583,2494.29345703125,30900,0.0,0.0
2018-09-10 00:00:00+09:00,2498.2908190544485,2506.285349675423,2458.318165949577,2482.3017578125,19200,0.0,0.0
2018-09-11 00:00:00+09:00,2474.3072749157973,2490.2963364661414,2454.3209479778666,2466.312744140625,19600,0.0,0.0
2018-09-12 00:00:00+09:00,2462.315328663793,2482.3016543834665,2414.348146936576,2434.33447265625,25500,0.0,0.0
2018-09-13 00:00:00+09:00,2422.342872208911,2486.2991196599714,2422.342872208911,2450.32373046875,29900,0.0,0.0
2018-09-14 00:00:00+09:00,2494.2936521869983,2538.2635723377307,2482.3018557822534,2490.29638671875,23600,0.0,0.0
2018-09-17 00:00:00+09:00,2490.29638671875,2490.29638671875,2490.29638671875,2490.29638671875,0,0.0,0.0
2018-09-18 00:00:00+09:00,2474.307421875,2530.269140625,2462.315625,2518.27734375,29200,0.0,0.0
2018-09-19 00:00:00+09:00,2578.236425479376,2594.2254885831244,2542.261033495943,2586.23095703125,29700,0.0,0.0
2018-09-20 00:00:00+09:00,2626.203611817138,2678.1680668454833,2586.2309541030263,2666.17626953125,44600,0.0,0.0
2018-09-21 00:00:00+09:00,2706.1484431859535,2790.0910093704515,2674.170322734716,2746.12109375,60200,0.0,0.0
2018-09-24 00:00:00+09:00,2746.12109375,2746.12109375,2746.12109375,2746.12109375,0,0.0,0.0
2018-09-25 00:00:00+09:00,2750.1186516288435,2754.115917110862,2686.1624039165445,2730.13232421875,30900,0.0,0.0
2018-09-26 00:00:00+09:00,2782.0965853604403,2830.063767866655,2766.1075245250354,2814.07470703125,43800,0.0,0.0
2018-09-27 00:00:00+09:00,2814.0751008064517,2814.0751008064517,2726.13525390625,2726.13525390625,21900,0.0,0.0
2018-09-28 00:00:00+09:00,2726.1349620763485,2790.091207520955,2726.1349620763485,2742.1240234375,31800,0.0,0.0
2018-10-01 00:00:00+09:00,2738.126856596095,2794.0885733732416,2730.132325627931,2770.10498046875,29800,0.0,0.0
2018-10-02 00:00:00+09:00,2790.091155646829,2790.091155646829,2710.1458503274357,2718.140380859375,19900,0.0,0.0
2018-10-03 00:00:00+09:00,2738.127053416651,2738.127053416651,2646.189940674194,2666.17626953125,18600,0.0,0.0
2018-10-04 00:00:00+09:00,2646.190039951631,2690.1599650867793,2578.2365192882207,2634.1982421875,32900,0.0,0.0
2018-10-05 00:00:00+09:00,2598.2223582379697,2626.2032144036093,2554.25244140625,2554.25244140625,23300,0.0,0.0
2018-10-08 00:00:00+09:00,2554.25244140625,2554.25244140625,2554.25244140625,2554.25244140625,0,0.0,0.0
2018-10-09 00:00:00+09:00,2554.2527842171276,2554.2527842171276,2458.3184073451225,2502.288330078125,35700,0.0,0.0
2018-10-10 00:00:00+09:00,2486.299072265625,2534.26625693956,2458.3182145391634,2486.299072265625,35700,0.0,0.0
2018-10-11 00:00:00+09:00,2391.9638953669155,2458.318508774487,2363.183581117848,2410.351318359375,57400,0.0,0.0
2018-10-12 00:00:00+09:00,2382.370172138766,2498.2908684341087,2382.370172138766,2486.299072265625,34700,0.0,0.0
2018-10-15 00:00:00+09:00,2502.2882914694605,2502.2882914694605,2390.3648535123602,2391.164306640625,33500,0.0,0.0
2018-10-16 00:00:00+09:00,2398.3591954481612,2402.356460773908,2323.210607324119,2347.99365234375,44600,0.0,0.0
2018-10-17 00:00:00+09:00,2410.3509775293937,2422.3427734375,2372.7766836839937,2422.3427734375,39400,0.0,0.0
2018-10-18 00:00:00+09:00,2454.321369832079,2462.3159019813693,2320.8126829389334,2343.996826171875,72800,0.0,0.0
2018-10-19 00:00:00+09:00,2343.996650782053,2343.996650782053,2303.2245398714513,2333.603759765625,43200,0.0,0.0
2018-10-22 00:00:00+09:00,2332.80421875,2333.603671875,2271.2463281249998,2318.4140625,26100,0.0,0.0
2018-10-23 00:00:00+09:00,2281.6390974834576,2287.2352690610273,2193.6992584073605,2204.8916015625,53800,0.0,0.0
2018-10-24 00:00:00+09:00,2209.6883691158837,2248.861571028575,2137.7375900925736,2208.888916015625,85100,0.0,0.0
2018-10-25 00:00:00+09:00,2126.5449943790663,2134.539524433123,2080.1767200655377,2088.970703125,61800,0.0,0.0
2018-10-26 00:00:00+09:00,2081.7758373831202,2102.5616176334893,2013.0228719395914,2030.61083984375,44600,0.0,0.0
2018-10-29 00:00:00+09:00,2058.591660209324,2100.9626730213995,1985.8414306640625,1985.8414306640625,46900,0.0,0.0
2018-10-30 00:00:00+09:00,1988.2397286088776,2115.352763127901,1982.6435572778514,2109.756591796875,49500,0.0,0.0
2018-10-31 00:00:00+09:00,2128.9433281852284,2180.1083199253167,2118.550439238023,2177.7099609375,29300,0.0,0.0
2018-11-01 00:00:00+09:00,2157.723767441487,2158.5232204861113,2114.5533030317647,2136.93798828125,22200,0.0,0.0
2018-11-02 00:00:00+09:00,2119.3501390207757,2181.707479965182,2082.5752969253567,2170.51513671875,50200,0.0,0.0
2018-11-05 00:00:00+09:00,2162.520505990555,2285.6362760173743,2138.536914426889,2249.660888671875,73400,0.0,0.0
2018-11-06 00:00:00+09:00,2398.3593545698222,2458.3183384340678,2280.040293077711,2292.83154296875,119600,0.0,0.0
2018-11-07 00:00:00+09:00,2332.8039002466817,2384.7683462768514,2248.861333582562,2288.833984375,97800,0.0,0.0
2018-11-08 00:00:00+09:00,2330.40583986383,2351.1916209398023,2293.630996421725,2332.80419921875,45200,0.0,0.0
2018-11-09 00:00:00+09:00,2355.188876508927,2389.5653604498248,2296.8287991208917,2320.012939453125,45200,0.0,0.0
2018-11-12 00:00:00+09:00,2313.6170798115345,2335.2023117240815,2211.287091485385,2225.67724609375,87300,0.0,0.0
2018-11-13 00:00:00+09:00,2145.7323924254238,2175.3121608754013,2124.946609190304,2147.331298828125,56600,0.0,0.0
2018-11-14 00:00:00+09:00,2152.926958634788,2154.5258646567972,2046.5997081712062,2054.59423828125,90300,0.0,0.0
2018-11-15 00:00:00+09:00,2019.4184285012327,2152.127636391654,2019.4184285012327,2148.13037109375,89700,0.0,0.0
2018-11-16 00:00:00+09:00,2168.9162564638777,2198.4960211115604,2062.588994351937,2068.984619140625,36300,0.0,0.0
2018-11-19 00:00:00+09:00,2040.204287246919,2048.198818153059,1992.2371018100794,2043.402099609375,91000,0.0,0.0
2018-11-20 00:00:00+09:00,2003.429605559685,2018.6192154980865,1970.652026218924,1974.6492919921875,62800,0.0,0.0
2018-11-21 00:00:00+09:00,1945.0692864733373,2027.4129512932116,1939.473115077812,1994.6353759765625,51600,0.0,0.0
2018-11-22 00:00:00+09:00,1995.4348073122528,2030.6107414155138,1966.654497591403,2022.6162109375,40800,0.0,0.0
2018-11-23 00:00:00+09:00,2022.6162109375,2022.6162109375,2022.6162109375,2022.6162109375,0,0.0,0.0
2018-11-26 00:00:00+09:00,2041.0038580669222,2051.3967488443877,1970.6519820348465,1997.033935546875,37100,0.0,0.0
2018-11-27 00:00:00+09:00,1996.2343244832118,2052.196039626914,1977.0474507196566,2045.8004150390625,44900,0.0,0.0
2018-11-28 00:00:00+09:00,2045.8004161338633,2152.1276749637987,2034.6080730991334,2139.33642578125,75600,0.0,0.0
2018-11-29 00:00:00+09:00,2141.734796697443,2195.298152941836,2132.141359758149,2172.114013671875,39900,0.0,0.0
2018-11-30 00:00:00+09:00,2159.322611044722,2206.490339312637,2111.355429755317,2187.303466796875,74800,0.0,0.0
2018-12-03 00:00:00+09:00,2214.485224807375,2243.265538198373,2198.4961618123757,2208.089599609375,31300,0.0,0.0
2018-12-04 00:00:00+09:00,2200.0949800408466,2206.490604982826,2148.130527387266,2152.92724609375,37100,0.0,0.0
2018-12-05 00:00:00+09:00,2124.9465817012065,2154.5263497685296,2093.767907251866,2128.94384765625,29600,0.0,0.0
2018-12-06 00:00:00+09:00,2110.5560481898237,2110.5560481898237,2038.6052738197163,2042.6025390625,59900,0.0,0.0
2018-12-07 00:00:00+09:00,2049.7976994568285,2140.1358975998164,2048.1987932950055,2124.9462890625,45400,0.0,0.0
2018-12-10 00:00:00+09:00,2103.361299947727,2139.3366927632524,2067.3859071322013,2084.973876953125,36500,0.0,0.0
2018-12-11 00:00:00+09:00,2098.564427592365,2100.1633338229117,1997.0338819526582,2006.6273193359375,24400,0.0,0.0
2018-12-12 00:00:00+09:00,2056.193427779726,2074.580849567803,2020.2180373247932,2065.786865234375,38800,0.0,0.0
2018-12-13 00:00:00+09:00,2078.5779897302928,2078.5779897302928,2004.2288539437864,2025.8140869140625,44500,0.0,0.0
2018-12-14 00:00:00+09:00,2014.621814830379,2014.621814830379,1941.0721295270478,1961.85791015625,37300,0.0,0.0
2018-12-17 00:00:00+09:00,1958.6603285550088,1981.045018024209,1938.6739986717946,1942.6712646484375,19500,0.0,0.0
2018-12-18 00:00:00+09:00,1918.6875612478223,1918.6875612478223,1820.3548237338714,1835.54443359375,50900,0.0,0.0
2018-12-19 00:00:00+09:00,1848.3356987847221,1893.1050755718952,1810.7614004097732,1834.7449951171875,42100,0.0,0.0
2018-12-20 00:00:00+09:00,1812.3600595689518,1829.9480266225542,1698.8377267684261,1721.222412109375,55400,0.0,0.0
2018-12-21 00:00:00+09:00,1678.851471799712,1742.807718344463,1655.66733242724,1717.2252197265625,81700,0.0,0.0
2018-12-24 00:00:00+09:00,1717.2252197265625,1717.2252197265625,1717.2252197265625,1717.2252197265625,0,0.0,0.0
2018-12-25 00:00:00+09:00,1607.7001504490518,1650.870616945446,1569.326402452257,1590.1121826171875,145300,0.0,0.0
2018-12-26 00:00:00+09:00,1656.8535485035368,1761.1368785956527,1646.8423488146937,1746.954345703125,67900,83.0,0.0
2018-12-27 00:00:00+09:00,1842.0608731169693,1888.7798083047187,1768.6454035362206,1882.93994140625,58300,0.0,0.0
2018-12-28 00:00:00+09:00,1841.226540016352,1857.0776067405525,1766.1425397438227,1793.67333984375,58100,0.0,0.0
2018-12-31 00:00:00+09:00,1793.67333984375,1793.67333984375,1793.67333984375,1793.67333984375,0,0.0,0.0
2019-01-04 00:00:00+09:00,1751.959907331444,1783.6620389879176,1684.3843109058025,1747.78857421875,57500,0.0,0.0
2019-01-07 00:00:00+09:00,1802.016044102476,1833.718178211686,1786.1649770478707,1819.53564453125,37400,0.0,0.0
2019-01-08 00:00:00+09:00,1822.87237472466,1883.7738316376578,1822.87237472466,1867.0885009765625,29000,0.0,0.0
2019-01-09 00:00:00+09:00,1882.939850051083,1991.3945157607156,1882.939850051083,1932.995849609375,65700,0.0,0.0
2019-01-10 00:00:00+09:00,1927.9902197971176,1980.54901851941,1902.127953759164,1963.0294189453125,53900,0.0,0.0
2019-01-11 00:00:00+09:00,1963.0293899123733,2073.986852240612,1939.66992415906,2006.4112548828125,88500,0.0,0.0
2019-01-15 00:00:00+09:00,1992.22887211617,2127.380077008473,1983.051938450643,2043.119140625,76000,0.0,0.0
2019-01-16 00:00:00+09:00,2084.8324353347816,2125.711502694287,2068.981368399463,2097.346435546875,60100,0.0,0.0
2019-01-17 00:00:00+09:00,2116.5345692054184,2156.5793698841176,2091.5065687812316,2097.346435546875,48800,0.0,0.0
2019-01-18 00:00:00+09:00,2098.1805723760763,2139.8939038348453,2094.0092392301995,2094.843505859375,25500,0.0,0.0
2019-01-21 00:00:00+09:00,2143.231040864973,2158.24784068419,2108.191841286799,2130.717041015625,31700,0.0,0.0
2019-01-22 00:00:00+09:00,2156.5792458360775,2198.2925774770074,2120.7057806248777,2137.39111328125,29200,0.0,0.0
2019-01-23 00:00:00+09:00,2095.6777187874104,2122.3742502369314,2060.638521259914,2090.672119140625,43400,0.0,0.0
2019-01-24 00:00:00+09:00,2091.5064555991626,2152.4079200023293,2081.495255971245,2126.545654296875,32300,0.0,0.0
2019-01-25 00:00:00+09:00,2132.385665833903,2157.413666606602,2114.031798600591,2134.05419921875,15300,0.0,0.0
2019-01-28 00:00:00+09:00,2128.2141821716727,2219.149245228008,2128.2141821716727,2190.7841796875,56300,0.0,0.0
2019-01-29 00:00:00+09:00,2181.6072773156156,2209.1380766087,2171.5960775726758,2200.79541015625,27600,0.0,0.0
2019-01-30 00:00:00+09:00,2169.9276571950604,2270.873926522474,2169.9276571950604,2198.292724609375,62000,0.0,0.0
2019-01-31 00:00:00+09:00,2223.3202790188916,2290.0616007155186,2223.3202790188916,2250.85107421875,43200,0.0,0.0
2019-02-01 00:00:00+09:00,2224.1547313920987,2259.1939282107287,2180.772868664271,2219.9833984375,41900,0.0,0.0
2019-02-04 00:00:00+09:00,2255.856685067365,2370.1511990667104,2255.856685067365,2368.482666015625,66100,0.0,0.0
2019-02-05 00:00:00+09:00,2380.162741714925,2415.20194085689,2320.9298098320787,2334.278076171875,47300,0.0,0.0
2019-02-06 00:00:00+09:00,2340.118019919444,2344.2893532882845,2265.034019280318,2279.216552734375,30000,0.0,0.0
2019-02-07 00:00:00+09:00,2279.21640032495,2303.410132246408,2255.856935021473,2282.553466796875,20600,0.0,0.0
2019-02-08 00:00:00+09:00,2252.5197977830253,2303.4100598810865,2239.1715323146814,2246.679931640625,32600,0.0,0.0
2019-02-12 00:00:00+09:00,2293.3989426004105,2418.5389358306984,2285.056276385058,2325.10107421875,129400,0.0,0.0
2019-02-13 00:00:00+09:00,1907.9676513671875,1939.6697811231793,1907.9676513671875,1907.9676513671875,58600,0.0,0.0
2019-02-14 00:00:00+09:00,1949.6810546151466,2020.5937159939604,1914.6418572279683,1970.5377197265625,158900,0.0,0.0
2019-02-15 00:00:00+09:00,1965.5321632982339,1979.7146958856997,1907.9677663255775,1918.813232421875,57800,0.0,0.0
2019-02-18 00:00:00+09:00,1900.4595175350414,1948.8469854968644,1839.5580492382644,1928.8245849609375,133500,0.0,0.0
2019-02-19 00:00:00+09:00,1887.111198658172,1902.1279986474945,1797.010398722238,1831.21533203125,255100,0.0,0.0
2019-02-20 00:00:00+09:00,1811.1929552294107,1820.3698886736868,1748.6229544729824,1798.678955078125,187500,0.0,0.0
2019-02-21 00:00:00+09:00,1810.3586032488297,1827.043935997667,1769.4795380141788,1771.1480712890625,117800,0.0,0.0
2019-02-22 00:00:00+09:00,1757.7997467916396,1757.7997467916396,1661.8590866677484,1686.8870849609375,368800,0.0,0.0
2019-02-25 00:00:00+09:00,1691.8926854606232,1718.589216986629,1671.8702868161188,1700.2353515625,159300,0.0,0.0
2019-02-26 00:00:00+09:00,1710.2465902912033,1741.114455579386,1681.8815248912517,1726.09765625,116300,0.0,0.0
2019-02-27 00:00:00+09:00,1751.125618939134,1782.827750201491,1732.7717534714538,1766.9766845703125,152400,0.0,0.0
2019-02-28 00:00:00+09:00,1781.9936382722442,1781.9936382722442,1716.086570190078,1736.9432373046875,115100,0.0,0.0
2019-03-01 00:00:00+09:00,1736.1087780732016,1761.9710424270072,1704.4066475749885,1714.4178466796875,86200,0.0,0.0
2019-03-04 00:00:00+09:00,1720.2577965829887,1745.2857955633426,1669.3675319896024,1701.9039306640625,207700,0.0,0.0
2019-03-05 00:00:00+09:00,1691.8927536948938,1711.9151531469042,1673.5388875305507,1696.0640869140625,74800,0.0,0.0
2019-03-06 00:00:00+09:00,1711.915229890541,1723.5949634278059,1696.0641629471102,1707.743896484375,91100,0.0,0.0
2019-03-07 00:00:00+09:00,1707.7438742897727,1707.7438742897727,1624.3172072507023,1633.494140625,155900,0.0,0.0
2019-03-08 00:00:00+09:00,1590.9465336075546,1618.4773336122998,1495.8401335911615,1510.85693359375,206000,0.0,0.0
2019-03-11 00:00:00+09:00,1527.5422888753772,1573.4269562091542,1506.6856219054787,1571.7584228515625,77800,0.0,0.0
2019-03-12 00:00:00+09:00,1597.620552673023,1621.814284280082,1586.7750867802035,1606.7974853515625,43000,0.0,0.0
2019-03-13 00:00:00+09:00,1586.775299297369,1622.648768208929,1572.5927650765198,1583.438232421875,36400,0.0,0.0
2019-03-14 00:00:00+09:00,1591.7807543475078,1617.6430202724412,1585.9408878483293,1602.626220703125,22600,0.0,0.0
2019-03-15 00:00:00+09:00,1600.9577867835135,1638.499788036905,1588.4437863657165,1595.117919921875,74200,0.0,0.0
2019-03-18 00:00:00+09:00,1605.1289394967923,1645.1737363241552,1587.6093408848212,1641.836669921875,38400,0.0,0.0
2019-03-19 00:00:00+09:00,1636.8310603710634,1637.6653269665635,1607.6317295285623,1612.6373291015625,23800,0.0,0.0
2019-03-20 00:00:00+09:00,1615.1403190768494,1635.1627197265625,1589.27805157097,1635.1627197265625,52200,0.0,0.0
2019-03-22 00:00:00+09:00,1619.3114835569372,1620.9800167702879,1565.0841541230366,1593.44921875,95300,0.0,0.0
2019-03-25 00:00:00+09:00,1527.5421209052058,1542.5589194722695,1507.5197228157874,1516.6966552734375,71900,0.0,0.0
2019-03-26 00:00:00+09:00,1529.210844695346,1577.598312776268,1529.210844695346,1565.9185791015625,42300,0.0,0.0
2019-03-27 00:00:00+09:00,1570.9240740211303,1640.1682047400648,1570.9240740211303,1624.317138671875,55800,0.0,0.0
2019-03-28 00:00:00+09:00,1610.1346036055922,1615.1402034095474,1553.4044724941,1557.5758056640625,39300,0.0,0.0
2019-03-29 00:00:00+09:00,1568.4212877183695,1591.7807537056642,1546.7303550158813,1575.9296875,54000,0.0,0.0
2019-04-01 00:00:00+09:00,1590.9465329553923,1660.190666272276,1590.9465329553923,1644.339599609375,64400,0.0,0.0
2019-04-02 00:00:00+09:00,1645.1737483638742,1652.6821478239528,1588.4436191099476,1593.44921875,50400,0.0,0.0
2019-04-03 00:00:00+09:00,1585.1066889476579,1625.9857561889396,1585.1066889476579,1611.80322265625,22800,0.0,0.0
2019-04-04 00:00:00+09:00,1625.985627625407,1654.3506924480155,1605.1289623146656,1649.3450927734375,35500,0.0,0.0
2019-04-05 00:00:00+09:00,1634.3282773537405,1643.5052099984016,1615.9744120644182,1630.9912109375,47700,0.0,0.0
2019-04-08 00:00:00+09:00,1639.333907478837,1649.3451069138223,1615.140175510956,1627.6541748046875,14700,0.0,0.0
2019-04-09 00:00:00+09:00,1630.991241283016,1633.4940411417622,1601.7919095976422,1627.6541748046875,22500,0.0,0.0
2019-04-10 00:00:00+09:00,1614.3059153164836,1636.8311141348531,1595.1177829897242,1603.46044921875,18900,0.0,0.0
2019-04-11 00:00:00+09:00,1600.123312144418,1600.123312144418,1573.4267813891408,1580.9351806640625,20100,0.0,0.0
2019-04-12 00:00:00+09:00,1585.9407903325373,1624.3170535389006,1585.9407903325373,1610.134521484375,33200,0.0,0.0
2019-04-15 00:00:00+09:00,1621.8143392009997,1641.0024718150032,1607.631806399345,1637.6654052734375,48900,0.0,0.0
2019-04-16 00:00:00+09:00,1635.9968166014612,1645.1737492800007,1606.7974853515625,1606.7974853515625,21200,0.0,0.0
2019-04-17 00:00:00+09:00,1617.6429443359375,1633.494009803902,1599.289079057242,1617.6429443359375,18900,0.0,0.0
2019-04-18 00:00:00+09:00,1605.1291756465516,1605.9634423698606,1572.5927734375,1572.5927734375,35300,0.0,0.0
2019-04-19 00:00:00+09:00,1574.261092823278,1602.6261575588326,1563.4156268949778,1569.2554931640625,21400,0.0,0.0
2019-04-22 00:00:00+09:00,1602.6260717513712,1602.6260717513712,1560.9127434913148,1568.421142578125,22200,0.0,0.0
2019-04-23 00:00:00+09:00,1561.7470546121383,1570.0897205021604,1535.8847903530698,1556.741455078125,30200,0.0,0.0
2019-04-24 00:00:00+09:00,1579.2665575880917,1580.1008241267014,1532.5476314259506,1540.0560302734375,27600,0.0,0.0
2019-04-25 00:00:00+09:00,1543.393206192275,1575.0953369140625,1535.8848068107993,1575.0953369140625,27700,0.0,0.0
2019-04-26 00:00:00+09:00,1581.7695462660724,1581.7695462660724,1536.719147796469,1573.4268798828125,33600,0.0,0.0
2019-05-07 00:00:00+09:00,1588.4436801437043,1640.1682117450225,1570.0898140916238,1600.1234130859375,79700,0.0,0.0
2019-05-08 00:00:00+09:00,1563.4156577326416,1581.769523511787,1530.0449926796505,1579.2667236328125,120900,0.0,0.0
2019-05-09 00:00:00+09:00,1563.4156923805363,1581.7695585664337,1409.076363090035,1431.6015625,150700,0.0,0.0
2019-05-10 00:00:00+09:00,1418.2532751513093,1509.1883380874815,1418.2532751513093,1477.4862060546875,53000,0.0,0.0
2019-05-13 00:00:00+09:00,1461.635200738486,1476.652000746073,1414.9162673815479,1417.4190673828125,56300,0.0,0.0
2019-05-14 00:00:00+09:00,1354.014697178067,1409.0762929967684,1338.1636317151076,1395.72802734375,62200,0.0,0.0
2019-05-15 00:00:00+09:00,1409.0762957894892,1439.944160173273,1375.7056315908037,1435.7728271484375,35100,0.0,0.0
2019-05-16 00:00:00+09:00,1411.5791401787676,1439.1099390120414,1400.7336739717205,1424.0931396484375,37800,0.0,0.0
2019-05-17 00:00:00+09:00,1444.1154863298145,1467.4749511577954,1444.1154863298145,1446.6182861328125,28100,0.0,0.0
2019-05-20 00:00:00+09:00,1457.4637349921968,1480.8231995484539,1418.2532052013362,1428.264404296875,21300,0.0,0.0
2019-05-21 00:00:00+09:00,1430.7672716738573,1430.7672716738573,1378.2084739388993,1397.3966064453125,45000,0.0,0.0
2019-05-22 00:00:00+09:00,1399.0651775922322,1409.9106440851954,1356.5175782736849,1369.8658447265625,52900,0.0,0.0
2019-05-23 00:00:00+09:00,1360.6888271484374,1381.5454921875,1339.832162109375,1355.6832275390625,45800,0.0,0.0
2019-05-24 00:00:00+09:00,1340.6665792214703,1374.0372470303432,1323.146978621812,1365.694580078125,31400,0.0,0.0
2019-05-27 00:00:00+09:00,1375.705680763736,1397.3966132681976,1363.1916812419313,1373.202880859375,15100,0.0,0.0
2019-05-28 00:00:00+09:00,1373.2028435703078,1393.2252422614908,1364.0259108368489,1387.3853759765625,26400,0.0,0.0
2019-05-29 00:00:00+09:00,1369.8658676474101,1374.871467650994,1349.0092009658113,1364.0260009765625,22300,0.0,0.0
2019-05-30 00:00:00+09:00,1345.6719878039964,1354.8489201448792,1323.9810568164553,1329.8209228515625,38800,0.0,0.0
2019-05-31 00:00:00+09:00,1330.6552656930894,1355.6832644208591,1313.9699332079097,1328.1524658203125,47600,0.0,0.0
2019-06-03 00:00:00+09:00,1313.9698092185154,1313.9698092185154,1243.0571528479923,1250.5655517578125,39100,0.0,0.0
2019-06-04 00:00:00+09:00,1252.2342531661052,1324.8154523835942,1252.2342531661052,1292.279052734375,48900,0.0,0.0
2019-06-05 00:00:00+09:00,1325.649696020073,1325.649696020073,1282.2678305744823,1311.4671630859375,59700,0.0,0.0
2019-06-06 00:00:00+09:00,1317.3070602416992,1333.1581268310547,1305.627326965332,1308.130126953125,24500,0.0,0.0
2019-06-07 00:00:00+09:00,1323.1469342089076,1382.3798675814373,1301.4560008612204,1377.374267578125,59900,0.0,0.0
2019-06-10 00:00:00+09:00,1382.3798443746155,1395.7281108260302,1347.3406449396525,1356.517578125,37700,0.0,0.0
2019-06-11 00:00:00+09:00,1356.5175633465117,1389.8882291114935,1353.1804967700136,1378.20849609375,64200,0.0,0.0
2019-06-12 00:00:00+09:00,1409.076327419551,1495.0057896600565,1403.2364610536915,1472.4805908203125,126200,0.0,0.0
2019-06-13 00:00:00+09:00,1479.1547689566664,1484.9946355007705,1409.0763704274166,1420.756103515625,48700,0.0,0.0
2019-06-14 00:00:00+09:00,1420.7560654044712,1436.6071313132702,1394.0595333475462,1421.59033203125,24500,0.0,0.0
2019-06-17 00:00:00+09:00,1417.418983414541,1434.938582385527,1406.573517384883,1416.584716796875,17900,0.0,0.0
2019-06-18 00:00:00+09:00,1416.584800862093,1424.0932008666625,1387.3854675109899,1390.7225341796875,20800,0.0,0.0
2019-06-19 00:00:00+09:00,1409.076195331376,1467.474853515625,1409.076195331376,1467.474853515625,43000,0.0,0.0
2019-06-20 00:00:00+09:00,1474.149223518806,1498.3429572381299,1460.800956639179,1464.9722900390625,41000,0.0,0.0
2019-06-21 00:00:00+09:00,1465.8064804337537,1474.9834134359003,1438.2756814273146,1466.6407470703125,80900,0.0,0.0
2019-06-24 00:00:00+09:00,1473.3148262298114,1488.331625138156,1441.6126952010839,1462.4693603515625,20500,0.0,0.0
2019-06-25 00:00:00+09:00,1471.6464784444586,1471.6464784444586,1439.9443434212785,1442.4471435546875,15800,0.0,0.0
2019-06-26 00:00:00+09:00,1442.4470440204327,1452.458243863258,1402.4022446491308,1409.91064453125,18300,0.0,0.0
2019-06-27 00:00:00+09:00,1404.0707931518555,1404.0707931518555,1368.1973266601562,1374.8714599609375,36600,0.0,0.0
2019-06-28 00:00:00+09:00,1376.5398733956474,1426.5958687918526,1376.5398733956474,1401.56787109375,46800,0.0,0.0
2019-07-01 00:00:00+09:00,1434.9387043531854,1474.9835054049022,1404.9051035643977,1469.9779052734375,48700,0.0,0.0
2019-07-02 00:00:00+09:00,1459.1324836575257,1491.6688855229593,1459.1324836575257,1471.646484375,28800,0.0,0.0
2019-07-03 00:00:00+09:00,1471.646346467781,1475.8176796493792,1449.9554139234715,1453.29248046875,15800,0.0,0.0
2019-07-04 00:00:00+09:00,1467.4750672620821,1467.4750672620821,1433.2701339148703,1444.1156005859375,13000,0.0,0.0
2019-07-05 00:00:00+09:00,1454.1269546093524,1459.1325551415705,1428.2646851928923,1440.7786865234375,19100,0.0,0.0
2019-07-08 00:00:00+09:00,1441.6126233552632,1447.4524893063551,1420.7559592442205,1426.5958251953125,29200,0.0,0.0
2019-07-09 00:00:00+09:00,1432.4357903697503,1446.6183229476687,1414.0819246806795,1419.0875244140625,33600,0.0,0.0
2019-07-10 00:00:00+09:00,1419.087517363327,1438.275649579292,1389.8881857303365,1429.9329833984375,29100,0.0,0.0
2019-07-11 00:00:00+09:00,1438.2757339169013,1446.618400586953,1422.4246672438032,1444.1156005859375,14800,0.0,0.0
2019-07-12 00:00:00+09:00,1437.441302036496,1449.1210340321493,1387.3853077694096,1391.556640625,47600,0.0,0.0
2019-07-16 00:00:00+09:00,1389.053907552283,1413.2476392754156,1353.1804432731549,1360.6888427734375,43400,0.0,0.0
2019-07-17 00:00:00+09:00,1359.8546523243763,1359.8546523243763,1321.4783860624614,1345.672119140625,36900,0.0,0.0
2019-07-18 00:00:00+09:00,1328.1525579193974,1336.495224740499,1301.4560240918718,1304.7930908203125,35100,0.0,0.0
2019-07-19 00:00:00+09:00,1313.1357042850898,1340.6665036760733,1307.2958377476086,1327.3182373046875,20800,0.0,0.0
2019-07-22 00:00:00+09:00,1301.456016525865,1320.6441501028487,1293.9476164305233,1302.290283203125,21100,0.0,0.0
2019-07-23 00:00:00+09:00,1303.9588163251278,1337.329483409584,1303.9588163251278,1315.6385498046875,21800,0.0,0.0
2019-07-24 00:00:00+09:00,1318.1413500710682,1323.9812168118895,1302.290283203125,1302.290283203125,20700,0.0,0.0
2019-07-25 00:00:00+09:00,1306.4615478515625,1328.1524803190853,1306.4615478515625,1306.4615478515625,16300,0.0,0.0
2019-07-26 00:00:00+09:00,1305.6272962712383,1318.1412959160104,1295.6160965554204,1298.118896484375,24700,0.0,0.0
2019-07-29 00:00:00+09:00,1302.2902757617442,1308.964409141689,1279.7650756044302,1286.439208984375,30200,0.0,0.0
2019-07-30 00:00:00+09:00,1286.4390926424114,1302.2901579862544,1259.7425615369918,1262.245361328125,65600,0.0,0.0
2019-07-31 00:00:00+09:00,1255.5712808478086,1268.9195469564897,1239.72021484375,1239.72021484375,45400,0.0,0.0
2019-08-01 00:00:00+09:00,1236.3832550873628,1246.3944555334142,1218.8636543067726,1234.7147216796875,42000,0.0,0.0
2019-08-02 00:00:00+09:00,1220.5319938471753,1221.3662604184992,1170.4759995677284,1185.4927978515625,91200,0.0,0.0
2019-08-05 00:00:00+09:00,1185.4927948635202,1186.3270614327416,1147.95079924856,1158.7962646484375,67500,0.0,0.0
2019-08-06 00:00:00+09:00,1188.82976770401,1296.4501466751099,1169.6416381200156,1281.433349609375,338300,0.0,0.0
2019-08-07 00:00:00+09:00,1298.1188492266601,1406.5735088664198,1298.1188492266601,1400.733642578125,219000,0.0,0.0
2019-08-08 00:00:00+09:00,1394.0595689174108,1399.0651688058038,1303.124504278274,1313.969970703125,144600,0.0,0.0
2019-08-09 00:00:00+09:00,1313.9698752430186,1340.666406041607,1258.90828047093,1270.5880126953125,81200,0.0,0.0
2019-08-13 00:00:00+09:00,1265.5825429934646,1276.4280097429141,1212.1894759192512,1219.6978759765625,89300,0.0,0.0
2019-08-14 00:00:00+09:00,1231.3775561802174,1253.9027553786361,1222.2006231734545,1242.2230224609375,52400,0.0,0.0
2019-08-15 00:00:00+09:00,1219.6977508605034,1275.5936122200478,1218.8634842730476,1270.5880126953125,111000,0.0,0.0
2019-08-16 00:00:00+09:00,1261.411059538729,1308.1299876697929,1261.411059538729,1289.776123046875,54200,0.0,0.0
2019-08-19 00:00:00+09:00,1293.1131893419508,1317.306919981252,1279.7649241616468,1289.776123046875,48300,0.0,0.0
2019-08-20 00:00:00+09:00,1300.621726989746,1385.716926574707,1300.621726989746,1374.8714599609375,149600,0.0,0.0
2019-08-21 00:00:00+09:00,1376.5400390625,1391.5568394886363,1349.00923828125,1376.5400390625,99900,0.0,0.0
2019-08-22 00:00:00+09:00,1380.7113725142044,1413.2477734375,1364.8603053977272,1376.5400390625,96200,0.0,0.0
2019-08-23 00:00:00+09:00,1376.5398579259072,1388.2195900537633,1312.3013312226983,1318.9754638671875,116500,0.0,0.0
2019-08-26 00:00:00+09:00,1265.5823594245358,1275.5935580488565,1248.0627618319747,1266.4166259765625,57300,0.0,0.0
2019-08-27 00:00:00+09:00,1308.1302116870572,1354.0148811021008,1286.4392770544914,1295.6162109375,90900,0.0,0.0
2019-08-28 00:00:00+09:00,1301.4558683696546,1303.124401534231,1247.228540520919,1268.085205078125,102200,0.0,0.0
2019-08-29 00:00:00+09:00,1268.0853194224683,1278.9307859701605,1221.3663866016404,1252.2342529296875,70200,0.0,0.0
2019-08-30 00:00:00+09:00,1269.7539287345382,1282.2679293462454,1249.731527755807,1277.2623291015625,62800,0.0,0.0
2019-09-02 00:00:00+09:00,1286.439132131207,1324.8153967732535,1274.7593994140625,1274.7593994140625,59100,0.0,0.0
2019-09-03 00:00:00+09:00,1279.7649991499816,1298.9531314710048,1267.2509998101839,1274.7593994140625,26200,0.0,0.0
2019-09-04 00:00:00+09:00,1266.416747061112,1267.2510136929045,1223.8691488396912,1239.72021484375,79400,0.0,0.0
2019-09-05 00:00:00+09:00,1245.560037094559,1292.2789668181326,1245.560037094559,1264.7481689453125,90300,0.0,0.0
2019-09-06 00:00:00+09:00,1274.7593232996323,1289.7761216107538,1268.9194572897518,1276.4278564453125,51300,0.0,0.0
2019-09-09 00:00:00+09:00,1291.4448317743593,1310.6329655797922,1278.0965647792755,1293.9476318359375,59500,0.0,0.0
2019-09-10 00:00:00+09:00,1303.124481779887,1336.495147126363,1298.9531486115775,1319.809814453125,66200,0.0,0.0
2019-09-11 00:00:00+09:00,1330.6553193731056,1374.8714522425566,1309.7986529252512,1359.0203857421875,107500,0.0,0.0
2019-09-12 00:00:00+09:00,1376.5400546934547,1399.0652555884385,1363.1917874964272,1368.1973876953125,59900,0.0,0.0
2019-09-13 00:00:00+09:00,1376.5400471160087,1381.5456472873398,1356.517646430685,1365.694580078125,39300,0.0,0.0
2019-09-17 00:00:00+09:00,1363.191619082826,1365.6944188730638,1326.4838888260056,1353.180419921875,51800,0.0,0.0
2019-09-18 00:00:00+09:00,1359.854560546875,1390.7224248046875,1355.6832275390625,1355.6832275390625,44000,0.0,0.0
2019-09-19 00:00:00+09:00,1355.6831751592583,1385.7167716550944,1342.334910049998,1364.860107421875,44500,0.0,0.0
2019-09-20 00:00:00+09:00,1375.7056567729217,1376.53992339316,1352.34619140625,1352.34619140625,34300,0.0,0.0
2019-09-24 00:00:00+09:00,1352.34619140625,1373.202856912207,1347.3405916848203,1352.34619140625,54900,0.0,0.0
2019-09-25 00:00:00+09:00,1353.1805730812557,1353.1805730812557,1318.1413720520247,1336.4952392578125,37200,0.0,0.0
2019-09-26 00:00:00+09:00,1343.1692650569744,1352.3461979238232,1325.6496659475354,1328.1524658203125,43400,0.0,0.0
2019-09-27 00:00:00+09:00,1342.335060119629,1342.335060119629,1313.9699935913086,1334.82666015625,42900,0.0,0.0
2019-09-30 00:00:00+09:00,1318.1413269042969,1318.1413269042969,1295.6161270141602,1308.130126953125,43300,0.0,0.0
2019-10-01 00:00:00+09:00,1326.4839497369978,1395.7280804465393,1325.649683101943,1386.5511474609375,80100,0.0,0.0
2019-10-02 00:00:00+09:00,1366.5287055343879,1449.955366433923,1366.5287055343879,1424.9273681640625,82200,0.0,0.0
2019-10-03 00:00:00+09:00,1391.55676991973,1404.905036297857,1355.683304028514,1367.363037109375,80100,0.0,0.0
2019-10-04 00:00:00+09:00,1368.1972662147118,1390.7224651097101,1364.0259330860083,1381.5455322265625,42800,0.0,0.0
2019-10-07 00:00:00+09:00,1390.7223951160001,1390.7223951160001,1348.174799344605,1372.3685302734375,45100,0.0,0.0
2019-10-08 00:00:00+09:00,1374.8714150029796,1414.916213498212,1365.6944820144888,1399.8994140625,56300,0.0,0.0
2019-10-09 00:00:00+09:00,1389.0539932250977,1390.722526550293,1368.1973266601562,1388.2197265625,34900,0.0,0.0
2019-10-10 00:00:00+09:00,1396.56226120227,1396.56226120227,1355.6831985983806,1372.3685302734375,35500,0.0,0.0
2019-10-11 00:00:00+09:00,1365.6945114600383,1375.7057112996965,1357.3518449269898,1369.8658447265625,25600,0.0,0.0
2019-10-15 00:00:00+09:00,1388.2196807310468,1399.0651469867582,1374.8714145701715,1386.5511474609375,43200,0.0,0.0
2019-10-16 00:00:00+09:00,1394.8938675155594,1429.933067536883,1390.7225341796875,1390.7225341796875,48600,0.0,0.0
2019-10-17 00:00:00+09:00,1400.733642578125,1414.9161749925552,1393.225243064603,1400.733642578125,36700,0.0,0.0
2019-10-18 00:00:00+09:00,1414.0818711046904,1439.1098688233574,1403.2364054266013,1414.9161376953125,46900,0.0,0.0
2019-10-21 00:00:00+09:00,1428.264337943595,1458.297933834932,1424.9272717334463,1445.783935546875,41000,0.0,0.0
2019-10-23 00:00:00+09:00,1475.8175888837395,1476.65185546875,1449.1210581634004,1476.65185546875,50800,0.0,0.0
2019-10-24 00:00:00+09:00,1476.6518049287877,1510.0224671870653,1464.1378065819335,1499.177001953125,59300,0.0,0.0
2019-10-25 00:00:00+09:00,1499.177170026795,1525.8737028263818,1495.8401034268466,1514.1939697265625,63900,0.0,0.0
2019-10-28 00:00:00+09:00,1523.3708253444267,1523.3708253444267,1486.6630946132357,1502.51416015625,41800,0.0,0.0
2019-10-29 00:00:00+09:00,1505.0170440504476,1512.5254439376172,1490.0002442761083,1503.3485107421875,43100,0.0,0.0
2019-10-30 00:00:00+09:00,1495.0059112466124,1542.559112664613,1481.6576441819107,1539.2220458984375,86800,0.0,0.0
2019-10-31 00:00:00+09:00,1540.890479413398,1555.9072788879193,1517.5310135641423,1520.0338134765625,63400,0.0,0.0
2019-11-01 00:00:00+09:00,1486.6632077386387,1516.6968078949747,1460.8009409373492,1513.3597412109375,53600,0.0,0.0
2019-11-05 00:00:00+09:00,1546.7303692803625,1549.2331692306545,1510.0226366760821,1527.542236328125,75800,0.0,0.0
2019-11-06 00:00:00+09:00,1505.8512030329023,1505.8512030329023,1425.7616099630081,1495.0057373046875,165900,0.0,0.0
2019-11-07 00:00:00+09:00,1503.3485719814748,1507.5199054220448,1468.3093710806857,1496.6744384765625,63000,0.0,0.0
2019-11-08 00:00:00+09:00,1513.3596578507295,1542.558989727673,1506.6855248502852,1525.8736572265625,56700,0.0,0.0
2019-11-11 00:00:00+09:00,1526.7079068028947,1530.879239881591,1488.3316424788875,1494.1715087890625,52200,0.0,0.0
2019-11-12 00:00:00+09:00,1495.839981562565,1503.3483808007486,1475.8175835940758,1500.8455810546875,44300,0.0,0.0
2019-11-13 00:00:00+09:00,1491.6686343672263,1516.696631588153,1474.1490363125777,1509.188232421875,78500,0.0,0.0
2019-11-14 00:00:00+09:00,1508.3541183344876,1525.0394515019045,1494.1715851421832,1505.851318359375,50100,0.0,0.0
2019-11-15 00:00:00+09:00,1491.6686576616646,1519.1994550346149,1484.9945249651919,1516.6966552734375,32800,0.0,0.0
2019-11-18 00:00:00+09:00,1520.8679672647338,1540.0560985028517,1500.8455694510458,1535.884765625,46200,0.0,0.0
2019-11-19 00:00:00+09:00,1537.5534064482417,1569.255538539958,1537.5534064482417,1557.5758056640625,54600,0.0,0.0
2019-11-20 00:00:00+09:00,1563.4155865973396,1563.4155865973396,1524.2050569441512,1543.3931884765625,47700,0.0,0.0
2019-11-21 00:00:00+09:00,1528.3763742839953,1542.5589061414344,1503.348376888515,1538.3875732421875,45500,0.0,0.0
2019-11-22 00:00:00+09:00,1555.907210934348,1568.421209949906,1538.3876123125672,1550.901611328125,29400,0.0,0.0
2019-11-25 00:00:00+09:00,1565.9184884225747,1617.6430202724412,1565.9184884225747,1602.626220703125,57500,0.0,0.0
2019-11-26 00:00:00+09:00,1618.4771963386672,1638.4995946438878,1605.9631973979044,1625.985595703125,62000,0.0,0.0
2019-11-27 00:00:00+09:00,1641.836669921875,1653.5164023298557,1621.8142715081935,1641.836669921875,41200,0.0,0.0
2019-11-28 00:00:00+09:00,1641.8367532347058,1651.0136863066477,1610.1346208043608,1615.9744873046875,43100,0.0,0.0
2019-11-29 00:00:00+09:00,1585.9409032047133,1635.9969022537837,1585.9409032047133,1620.9801025390625,40600,0.0,0.0
2019-12-02 00:00:00+09:00,1630.9912875026782,1648.5108870103797,1625.1514210001112,1642.6710205078125,44300,0.0,0.0
2019-12-03 00:00:00+09:00,1626.8199690947874,1640.1682355078729,1609.3003694276128,1620.9801025390625,59700,0.0,0.0
2019-12-04 00:00:00+09:00,1615.9744120644182,1632.6597441456204,1605.963212815697,1630.9912109375,29100,0.0,0.0
2019-12-05 00:00:00+09:00,1637.665382033849,1659.3563142462178,1625.9856493041118,1630.156982421875,58800,0.0,0.0
2019-12-06 00:00:00+09:00,1630.9912256863552,1634.3282921327723,1611.8030936194568,1622.6485595703125,38000,0.0,0.0
2019-12-09 00:00:00+09:00,1626.8199920654297,1654.3507919311523,1620.1458587646484,1628.488525390625,54000,0.0,0.0
2019-12-10 00:00:00+09:00,1633.494025521168,1633.494025521168,1604.2946941150185,1622.6485595703125,57100,0.0,0.0
2019-12-11 00:00:00+09:00,1618.477202097575,1624.3170682907105,1597.6205371220906,1601.7918701171875,40600,0.0,0.0
2019-12-12 00:00:00+09:00,1617.6429512443822,1619.311484458662,1587.6093533873436,1606.7974853515625,38800,0.0,0.0
2019-12-13 00:00:00+09:00,1642.6711363294378,1642.6711363294378,1613.4718017578125,1613.4718017578125,60400,0.0,0.0
2019-12-16 00:00:00+09:00,1612.6374662835728,1651.8479996075914,1610.1346662841672,1644.339599609375,61600,0.0,0.0
2019-12-17 00:00:00+09:00,1651.8478371213855,1713.5835643673363,1650.179303952576,1709.4122314453125,93500,0.0,0.0
2019-12-18 00:00:00+09:00,1710.2467041015625,1740.280304758956,1701.9040372522866,1710.2467041015625,93400,0.0,0.0
2019-12-19 00:00:00+09:00,1728.6005021786655,1749.4571684694313,1721.09210231399,1741.114501953125,53200,0.0,0.0
2019-12-20 00:00:00+09:00,1751.9599295951225,1753.6284628614035,1707.7437980386742,1728.6004638671875,67600,0.0,0.0
2019-12-23 00:00:00+09:00,1731.1033712247524,1733.6061712795351,1695.2299037728658,1710.2467041015625,46800,0.0,0.0
2019-12-24 00:00:00+09:00,1707.7438052428931,1725.2634046127519,1702.7382054229336,1717.7550048828125,18800,0.0,0.0
2019-12-25 00:00:00+09:00,1739.4458512951649,1739.4458512951649,1691.0583887651314,1703.5723876953125,32900,0.0,0.0
2019-12-26 00:00:00+09:00,1703.5725947474439,1709.4124616246388,1657.6879264266263,1677.7103271484375,90900,0.0,0.0
2019-12-27 00:00:00+09:00,1686.8770747025967,1719.432345824333,1659.4621095474504,1698.014404296875,89500,52.7,0.0
2019-12-30 00:00:00+09:00,1693.7308656518214,1693.7308656518214,1650.0382636547336,1659.462158203125,46200,0.0,0.0
2020-01-06 00:00:00+09:00,1627.763617216651,1630.3337702964668,1588.3546033261428,1607.202392578125,69000,0.0,0.0
2020-01-07 00:00:00+09:00,1611.4858213307168,1632.0470439314277,1610.6291037223539,1626.90673828125,42700,0.0,0.0
2020-01-08 00:00:00+09:00,1610.6292178174172,1610.6292178174172,1543.8052396313753,1578.9306640625,58300,0.0,0.0
2020-01-09 00:00:00+09:00,1601.2055136083588,1604.6323846915227,1571.2203916306742,1580.644287109375,45200,0.0,0.0
2020-01-10 00:00:00+09:00,1584.9275837407733,1584.9275837407733,1545.5185735504622,1552.372314453125,41300,0.0,0.0
2020-01-14 00:00:00+09:00,1546.3754344957447,1555.7993291104003,1508.6798560371226,1514.6768798828125,105800,0.0,0.0
2020-01-15 00:00:00+09:00,1537.8081804325288,1548.9455098729873,1516.390239200878,1542.948486328125,48500,0.0,0.0
2020-01-16 00:00:00+09:00,1548.9456040597254,1561.7963695801323,1539.5217093447602,1543.8052978515625,29700,0.0,0.0
2020-01-17 00:00:00+09:00,1542.0917030991307,1566.9365138712835,1533.5245269708023,1552.372314453125,24700,0.0,0.0
2020-01-20 00:00:00+09:00,1550.6590394624463,1567.7933934896555,1542.9485801502021,1543.8052978515625,18600,0.0,0.0
2020-01-21 00:00:00+09:00,1542.0917593776085,1558.369394615483,1527.527559427931,1539.5216064453125,38600,0.0,0.0
2020-01-22 00:00:00+09:00,1523.2439154836454,1553.2290319301737,1523.2439154836454,1541.2349853515625,26900,0.0,0.0
2020-01-23 00:00:00+09:00,1530.9544590147202,1543.8052239197123,1514.676823468397,1516.3902587890625,34900,0.0,0.0
2020-01-24 00:00:00+09:00,1516.3902797234846,1517.2469973956447,1478.6947021484375,1478.6947021484375,40500,0.0,0.0
2020-01-27 00:00:00+09:00,1440.142446014585,1466.7006945728551,1421.2946567151673,1447.8529052734375,44900,0.0,0.0
2020-01-28 00:00:00+09:00,1421.2946013322112,1459.8468961242243,1413.5841423738086,1449.5662841796875,65300,0.0,0.0
2020-01-29 00:00:00+09:00,1458.133535863654,1463.273842100541,1436.7155932099574,1454.7066650390625,18300,0.0,0.0
2020-01-30 00:00:00+09:00,1432.4318943081028,1452.1364000312406,1406.7303651040102,1424.721435546875,40700,0.0,0.0
2020-01-31 00:00:00+09:00,1424.7216319272159,1446.996293641051,1423.0081964107671,1429.8619384765625,33000,0.0,0.0
2020-02-03 00:00:00+09:00,1392.1662868343626,1414.4409474237125,1386.1692628295377,1402.4468994140625,28500,0.0,0.0
2020-02-04 00:00:00+09:00,1396.4498552858288,1423.0081040673385,1387.025960556906,1417.8677978515625,23800,0.0,0.0
2020-02-05 00:00:00+09:00,1435.8588010905426,1464.130483928244,1431.5752127817998,1460.70361328125,34500,0.0,0.0
2020-02-06 00:00:00+09:00,1494.9724019484481,1508.6798852900959,1476.1246123536828,1502.682861328125,40100,0.0,0.0
2020-02-07 00:00:00+09:00,1500.969266231929,1500.969266231929,1457.2766677286024,1466.7005615234375,28400,0.0,0.0
2020-02-10 00:00:00+09:00,1440.999181740697,1474.4111722804632,1440.999181740697,1454.7066650390625,28800,0.0,0.0
2020-02-12 00:00:00+09:00,1794.823551932914,1797.3937049905744,1632.0471916144156,1796.5369873046875,844300,0.0,0.0
2020-02-13 00:00:00+09:00,1725.429470599257,1746.8474133822665,1638.0442640445776,1643.1845703125,501800,0.0,0.0
2020-02-14 00:00:00+09:00,1651.7517827439626,1763.1250875970306,1619.1965090176811,1738.2802734375,195200,0.0,0.0
2020-02-17 00:00:00+09:00,1663.745816200658,1679.1667351973686,1587.497938939145,1627.763671875,304400,0.0,0.0
2020-02-18 00:00:00+09:00,1593.494932194346,1668.0293725711783,1544.6620229819387,1662.0323486328125,203900,0.0,0.0
2020-02-19 00:00:00+09:00,1654.3218304204606,1722.8592444202725,1641.471065295496,1708.2950439453125,148600,0.0,0.0
2020-02-20 00:00:00+09:00,1710.008539046499,1744.2772472438237,1669.7428069146426,1673.169677734375,98800,0.0,0.0
2020-02-21 00:00:00+09:00,1674.8830573320636,1725.42940023876,1652.6083977460617,1663.7457275390625,88100,0.0,0.0
2020-02-25 00:00:00+09:00,1551.5157651896002,1582.3576025981179,1527.5276694274196,1558.3695068359375,187000,0.0,0.0
2020-02-26 00:00:00+09:00,1538.6649603584062,1600.348633602173,1538.6649603584062,1589.2113037109375,118200,0.0,0.0
2020-02-27 00:00:00+09:00,1572.9336139134,1603.7754494803294,1527.5275782176427,1535.238037109375,120200,0.0,0.0
2020-02-28 00:00:00+09:00,1458.1334235121956,1475.267776314924,1409.3005180244193,1424.721435546875,245800,0.0,0.0
2020-03-02 00:00:00+09:00,1390.452833077567,1518.1037709263392,1390.452833077567,1499.2559814453125,114500,0.0,0.0
2020-03-03 00:00:00+09:00,1533.524495199055,1546.375259125304,1428.1482310038127,1430.7183837890625,90600,0.0,0.0
2020-03-04 00:00:00+09:00,1411.013944049856,1449.5662376031307,1405.8736382427526,1421.2945556640625,59300,0.0,0.0
2020-03-05 00:00:00+09:00,1464.1304849484904,1491.5454501435472,1414.4408605324504,1438.428955078125,91900,0.0,0.0
2020-03-06 00:00:00+09:00,1406.7303764227079,1423.864729363301,1345.9034234836017,1350.18701171875,141300,0.0,0.0
2020-03-09 00:00:00+09:00,1263.6586536434913,1282.5064437317333,1190.837646484375,1190.837646484375,137800,0.0,0.0
2020-03-10 00:00:00+09:00,1134.2941868166172,1216.5390825374595,1083.7478446548496,1189.9808349609375,184400,0.0,0.0
2020-03-11 00:00:00+09:00,1177.986902044725,1193.407821489674,1102.5957403138625,1105.1658935546875,168800,0.0,0.0
2020-03-12 00:00:00+09:00,1067.470264516513,1087.1747718069462,1024.6343791025279,1040.0552978515625,180500,0.0,0.0
2020-03-13 00:00:00+09:00,885.8461264461862,1008.3567609547014,885.8461264461862,919.2581176757812,189700,0.0,0.0
2020-03-16 00:00:00+09:00,922.6849537506251,956.0969437193107,878.1356337923777,883.2759399414062,255300,0.0,0.0
2020-03-17 00:00:00+09:00,857.5744236537389,933.8222994830923,836.156481005044,923.5416870117188,209900,0.0,0.0
2020-03-18 00:00:00+09:00,932.1088386988802,959.523804542965,876.4221893280832,879.8490600585938,95400,0.0,0.0
2020-03-19 00:00:00+09:00,910.6909357289799,912.4043711677926,831.8729055435931,836.156494140625,143500,0.0,0.0
2020-03-23 00:00:00+09:00,824.1624527341885,906.4073544623403,814.7385577445044,896.9834594726562,182300,0.0,0.0
2020-03-24 00:00:00+09:00,937.2491461386668,999.7895370601684,927.8252516162488,994.6492309570312,137200,0.0,0.0
2020-03-25 00:00:00+09:00,1080.321044921875,1114.5897537219346,1028.9179817217857,1080.321044921875,116600,0.0,0.0
2020-03-26 00:00:00+09:00,1038.341899586586,1052.906101148444,1012.6403674186012,1042.62548828125,103000,0.0,0.0
2020-03-27 00:00:00+09:00,1052.9061628349334,1071.753954195689,1016.0672979025477,1066.6136474609375,94900,0.0,0.0
2020-03-30 00:00:00+09:00,1029.7746832078503,1069.1836977066532,998.9328457740046,1062.3299560546875,137500,0.0,0.0
2020-03-31 00:00:00+09:00,1062.329900134764,1088.0314299767342,1042.625393922587,1052.906005859375,80500,0.0,0.0
2020-04-01 00:00:00+09:00,1052.905918452324,1052.905918452324,969.8043121953057,977.5147705078125,90100,0.0,0.0
2020-04-02 00:00:00+09:00,951.8133361207714,980.0850193718834,928.6819589153162,944.9595947265625,56200,0.0,0.0
2020-04-03 00:00:00+09:00,955.240256108921,974.0880459155544,913.2610879032375,928.6820068359375,65800,0.0,0.0
2020-04-06 00:00:00+09:00,925.2550680226293,1012.6402688914332,908.1207149110991,993.79248046875,97600,0.0,0.0
2020-04-07 00:00:00+09:00,1035.7718113311691,1074.324112001064,993.7926394906173,1044.3389892578125,145800,0.0,0.0
2020-04-08 00:00:00+09:00,1018.6372998890124,1056.3328770085386,978.371569784064,1041.7686767578125,82900,0.0,0.0
2020-04-09 00:00:00+09:00,1056.3327841758728,1096.5985107421875,1051.1924786567688,1096.5985107421875,76800,0.0,0.0
2020-04-10 00:00:00+09:00,1102.595675838695,1124.013618259804,1061.4732263901653,1092.3150634765625,85700,0.0,0.0
2020-04-13 00:00:00+09:00,1088.0315921890688,1108.5928191280748,1062.3300585153113,1066.6136474609375,74200,0.0,0.0
2020-04-14 00:00:00+09:00,1045.1956855200333,1076.894243195641,1044.3389677450168,1059.7598876953125,133600,0.0,0.0
2020-04-15 00:00:00+09:00,1055.4761117788462,1056.3328294020432,1018.6372539813702,1046.908935546875,98000,0.0,0.0
2020-04-16 00:00:00+09:00,1038.341749971136,1053.7626670499153,1010.9267862755286,1043.4820556640625,69400,0.0,0.0
2020-04-17 00:00:00+09:00,1067.4702816611843,1077.750894325658,1041.76875,1058.04638671875,66000,0.0,0.0
2020-04-20 00:00:00+09:00,1068.3268216224121,1112.0194181763359,1052.0491876121266,1104.3089599609375,70800,0.0,0.0
2020-04-21 00:00:00+09:00,1105.1657826888963,1105.1657826888963,1039.1985227919622,1064.0433349609375,55400,0.0,0.0
2020-04-22 00:00:00+09:00,1049.479154906521,1052.9060256164198,1015.2104478075324,1037.485107421875,67000,0.0,0.0
2020-04-23 00:00:00+09:00,1060.6165185238324,1098.3120975343725,1053.7627768855525,1084.6046142578125,84100,0.0,0.0
2020-04-24 00:00:00+09:00,1071.7538215600703,1082.0344337572892,1053.7627502149371,1074.323974609375,56000,0.0,0.0
2020-04-27 00:00:00+09:00,1096.5987336286596,1118.0166776448443,1087.1748382615383,1112.0196533203125,75800,0.0,0.0
2020-04-28 00:00:00+09:00,1139.4345479240585,1181.4137154791554,1135.1509593980281,1177.130126953125,105000,0.0,0.0
2020-04-30 00:00:00+09:00,1228.5331089130577,1247.3808971948479,1213.9689088771288,1238.813720703125,86400,0.0,0.0
2020-05-01 00:00:00+09:00,1238.8138872500224,1238.8138872500224,1185.6973858603258,1196.834716796875,57900,0.0,0.0
2020-05-07 00:00:00+09:00,1196.834716796875,1219.1093786699735,1177.9869259811762,1196.834716796875,56200,0.0,0.0
2020-05-08 00:00:00+09:00,1203.6882882889038,1225.10622936166,1182.2703472161477,1224.24951171875,59800,0.0,0.0
2020-05-11 00:00:00+09:00,1265.3719563749444,1329.6257794813228,1259.3749328850156,1324.4854736328125,99700,0.0,0.0
2020-05-12 00:00:00+09:00,1530.097787458537,1576.3605425104747,1460.7036548806302,1533.524658203125,550900,0.0,0.0
2020-05-13 00:00:00+09:00,1526.6709143219912,1573.7903869862503,1485.5484654513652,1566.9366455078125,177500,0.0,0.0
2020-05-14 00:00:00+09:00,1554.0859144810267,1579.7874455915178,1493.2589575195311,1499.2559814453125,140200,0.0,0.0
2020-05-15 00:00:00+09:00,1508.6798314913897,1537.808232553688,1439.2856995488555,1459.846923828125,151000,0.0,0.0
2020-05-18 00:00:00+09:00,1469.2709230437993,1526.6710115825367,1468.4142053044152,1523.244140625,90900,0.0,0.0
2020-05-19 00:00:00+09:00,1555.7993001210077,1560.0828885023982,1488.1186036950387,1515.5335693359375,76000,0.0,0.0
2020-05-20 00:00:00+09:00,1529.2409858638848,1548.0887739249522,1492.4021273808892,1513.820068359375,63600,0.0,0.0
2020-05-21 00:00:00+09:00,1512.106566821247,1514.6767196260423,1476.981145155711,1489.8319091796875,89500,0.0,0.0
2020-05-22 00:00:00+09:00,1504.3963013412529,1504.3963013412529,1445.2827792498256,1458.133544921875,71400,0.0,0.0
2020-05-25 00:00:00+09:00,1492.402220775463,1503.53955078125,1451.2797715233262,1503.53955078125,52900,0.0,0.0
2020-05-26 00:00:00+09:00,1509.5366918591485,1540.3785311933877,1496.6859254698822,1536.95166015625,81900,0.0,0.0
2020-05-27 00:00:00+09:00,1527.5275686413365,1550.6589451715192,1487.261839125833,1542.948486328125,75300,0.0,0.0
2020-05-28 00:00:00+09:00,1542.9484393780049,1564.3663799579328,1519.8170635516828,1559.22607421875,103500,0.0,0.0
2020-05-29 00:00:00+09:00,1550.6590768914475,1565.2232781661185,1528.384416118421,1546.37548828125,67400,0.0,0.0
2020-06-01 00:00:00+09:00,1539.5215965171049,1584.0709137229421,1533.5245730470883,1569.5067138671875,64000,0.0,0.0
2020-06-02 00:00:00+09:00,1556.6560804541791,1572.9337169586533,1536.9515731066579,1561.79638671875,49600,0.0,0.0
2020-06-03 00:00:00+09:00,1572.9336229011194,1598.6351526870856,1533.5246105626381,1549.80224609375,58800,0.0,0.0
2020-06-04 00:00:00+09:00,1562.6530771155437,1567.793383290266,1529.2410869798496,1551.5157470703125,63400,0.0,0.0
2020-06-05 00:00:00+09:00,1545.5187026033184,1590.9247398749237,1540.378396497099,1578.073974609375,67900,0.0,0.0
2020-06-08 00:00:00+09:00,1584.927685418041,1657.7486871804915,1584.0709677502473,1623.47998046875,102300,0.0,0.0
2020-06-09 00:00:00+09:00,1636.3307178517714,1637.1874355050968,1579.787352732286,1602.06201171875,55000,0.0,0.0
2020-06-10 00:00:00+09:00,1582.3575432890204,1610.6292265204975,1576.3605195732528,1593.494873046875,39500,0.0,0.0
2020-06-11 00:00:00+09:00,1573.7904015869838,1592.6381908275464,1503.53955078125,1503.53955078125,99200,0.0,0.0
2020-06-12 00:00:00+09:00,1452.1365797872695,1515.5336930051208,1439.2858135944618,1504.3963623046875,91200,0.0,0.0
2020-06-15 00:00:00+09:00,1520.6739007250962,1520.6739007250962,1432.431978598513,1433.2886962890625,88900,0.0,0.0
2020-06-16 00:00:00+09:00,1461.560453426658,1541.2352026462822,1461.560453426658,1530.95458984375,69300,0.0,0.0
2020-06-17 00:00:00+09:00,1527.5275411535513,1527.5275411535513,1491.5454005318747,1510.3931884765625,42600,0.0,0.0
2020-06-18 00:00:00+09:00,1504.3961557081439,1520.6737906503163,1475.2677563379407,1506.96630859375,39900,0.0,0.0
2020-06-19 00:00:00+09:00,1506.966355736706,1521.5305558774244,1495.829026217333,1501.8260498046875,73100,0.0,0.0
2020-06-22 00:00:00+09:00,1497.5425949934106,1500.1127481884794,1474.4112162377917,1482.9783935546875,42500,0.0,0.0
2020-06-23 00:00:00+09:00,1489.8322493084331,1505.2531696578017,1462.4172797984447,1479.5516357421875,53200,0.0,0.0
2020-06-24 00:00:00+09:00,1476.9812680951286,1476.9812680951286,1453.8498909265854,1456.4200439453125,48900,0.0,0.0
2020-06-25 00:00:00+09:00,1435.0019717644789,1439.2855597398952,1412.7273142923138,1430.7183837890625,64200,0.0,0.0
2020-06-26 00:00:00+09:00,1440.1424806959897,1475.2679070544284,1440.1424806959897,1472.69775390625,58000,0.0,0.0
2020-06-29 00:00:00+09:00,1456.4200254760453,1462.4170491103584,1429.8617779526587,1449.5662841796875,47100,0.0,0.0
2020-06-30 00:00:00+09:00,1469.2708558594893,1494.9723868657777,1440.1424540523624,1462.4171142578125,37300,0.0,0.0
2020-07-01 00:00:00+09:00,1469.270888009898,1477.83806519946,1417.0111071535694,1428.1484375,44400,0.0,0.0
2020-07-02 00:00:00+09:00,1420.438006006106,1424.721594685256,1354.4707403471975,1357.0408935546875,84500,0.0,0.0
2020-07-03 00:00:00+09:00,1370.7483018456908,1389.596090996069,1338.1930296768555,1351.9005126953125,64000,0.0,0.0
2020-07-06 00:00:00+09:00,1344.1900598618956,1388.7393798828125,1338.193036012926,1388.7393798828125,53200,0.0,0.0
2020-07-07 00:00:00+09:00,1371.604970763781,1390.4527592439829,1353.6138999417701,1379.3154296875,69300,0.0,0.0
2020-07-08 00:00:00+09:00,1365.607996580471,1367.3214319588658,1320.2019590530151,1340.76318359375,75500,0.0,0.0
2020-07-09 00:00:00+09:00,1359.6109541523663,1359.6109541523663,1332.1959884731755,1333.909423828125,37900,0.0,0.0
2020-07-10 00:00:00+09:00,1333.909387987241,1333.909387987241,1286.7899169921875,1286.7899169921875,73800,0.0,0.0
2020-07-13 00:00:00+09:00,1290.2168574057334,1356.1841203673812,1290.2168574057334,1347.616943359375,77800,0.0,0.0
2020-07-14 00:00:00+09:00,1344.1901678736588,1351.0439099660673,1326.1990948810858,1337.33642578125,38000,0.0,0.0
2020-07-15 00:00:00+09:00,1351.0438334406638,1370.7483408402422,1322.7721489108337,1343.3333740234375,38900,0.0,0.0
2020-07-16 00:00:00+09:00,1349.3303134903522,1351.9004664684292,1321.0586307315068,1334.76611328125,29000,0.0,0.0
2020-07-17 00:00:00+09:00,1334.7661597693689,1353.6139489317093,1330.4825713233824,1340.76318359375,34000,0.0,0.0
2020-07-20 00:00:00+09:00,1363.8946003315916,1366.46475347292,1310.7781020774719,1332.196044921875,39100,0.0,0.0
2020-07-21 00:00:00+09:00,1350.1870026359045,1366.4646378199666,1330.4824968867763,1335.622802734375,39300,0.0,0.0
2020-07-22 00:00:00+09:00,1328.7691729020098,1359.6110105709154,1328.7691729020098,1343.3333740234375,36800,0.0,0.0
2020-07-27 00:00:00+09:00,1336.4797080196988,1339.0498613043521,1317.6319172655749,1337.33642578125,46600,0.0,0.0
2020-07-28 00:00:00+09:00,1332.1960288705518,1340.763205905089,1296.213885325495,1303.067626953125,45700,0.0,0.0
2020-07-29 00:00:00+09:00,1287.6466162537981,1309.0645573092504,1268.798828125,1268.798828125,50700,0.0,0.0
2020-07-30 00:00:00+09:00,1271.3688863326518,1291.073390635651,1248.2375117160873,1256.8046875,64600,0.0,0.0
2020-07-31 00:00:00+09:00,1243.9540177684719,1250.8077589132017,1209.6853120448225,1213.1121826171875,57500,0.0,0.0
2020-08-03 00:00:00+09:00,1290.2167497295088,1388.739277099292,1274.7958324020644,1317.6317138671875,144500,0.0,0.0
2020-08-04 00:00:00+09:00,1488.975284158279,1542.0917787600126,1466.7006251317455,1524.1007080078125,310900,0.0,0.0
2020-08-05 00:00:00+09:00,1522.3873002708856,1579.7873841865578,1510.3932528855214,1534.38134765625,161600,0.0,0.0
2020-08-06 00:00:00+09:00,1518.1037307858867,1555.7993087512248,1507.8231186135217,1530.0977783203125,109600,0.0,0.0
2020-08-07 00:00:00+09:00,1517.2470511359138,1533.524687483504,1502.682850193333,1521.5306396484375,71500,0.0,0.0
2020-08-11 00:00:00+09:00,1507.8232096354166,1548.9456608072917,1493.259008178711,1542.0919189453125,98000,0.0,0.0
2020-08-12 00:00:00+09:00,1542.0918303332442,1602.062068179537,1522.3873236123195,1600.3486328125,82400,0.0,0.0
2020-08-13 00:00:00+09:00,1634.617322749114,1634.617322749114,1551.5157083326233,1571.22021484375,94600,0.0,0.0
2020-08-14 00:00:00+09:00,1570.3636041259765,1570.3636041259765,1524.9575642903646,1542.0919189453125,75700,0.0,0.0
2020-08-17 00:00:00+09:00,1542.0917985386498,1542.0917985386498,1500.9693505776193,1508.6798095703125,56200,0.0,0.0
2020-08-18 00:00:00+09:00,1524.957436377849,1530.9544600040542,1488.975294620619,1494.1156005859375,62400,0.0,0.0
2020-08-19 00:00:00+09:00,1490.6887110715052,1503.5394758221216,1481.2648169210531,1498.399169921875,33300,0.0,0.0
2020-08-20 00:00:00+09:00,1496.6858407690643,1546.3754679955127,1467.5574386018357,1469.2708740234375,103500,0.0,0.0
2020-08-21 00:00:00+09:00,1476.9811917330858,1492.4021090481644,1452.1363805032368,1484.691650390625,72900,0.0,0.0
2020-08-24 00:00:00+09:00,1500.9693334305716,1500.9693334305716,1446.1394034422403,1468.4140625,57400,0.0,0.0
2020-08-25 00:00:00+09:00,1488.9753491155702,1524.9574921897095,1481.2648898853975,1514.6768798828125,62800,0.0,0.0
2020-08-26 00:00:00+09:00,1514.6769426851336,1541.2351922457892,1485.5485399411887,1538.6650390625,46500,0.0,0.0
2020-08-27 00:00:00+09:00,1540.378344294825,1540.378344294825,1487.261849663969,1501.8260498046875,51300,0.0,0.0
2020-08-28 00:00:00+09:00,1513.8201547497572,1567.793369095674,1473.5544234123274,1488.975341796875,118800,0.0,0.0
2020-08-31 00:00:00+09:00,1514.6768229896943,1536.9514821513076,1511.2499523494462,1527.527587890625,58800,0.0,0.0
2020-09-01 00:00:00+09:00,1518.1037480112063,1560.9396325487687,1512.1067241759476,1548.0888671875,38700,0.0,0.0
2020-09-02 00:00:00+09:00,1563.509718891811,1590.0679661716172,1537.8081892661924,1557.5126953125,74400,0.0,0.0
2020-09-03 00:00:00+09:00,1573.7903488515965,1586.6411138122792,1559.2261485628228,1575.5037841796875,42900,0.0,0.0
2020-09-04 00:00:00+09:00,1530.0979386327067,1597.778642525195,1523.2441964663788,1580.644287109375,69500,0.0,0.0
2020-09-07 00:00:00+09:00,1575.5037821139815,1640.614324496071,1575.5037821139815,1620.0531005859375,75900,0.0,0.0
2020-09-08 00:00:00+09:00,1637.187490081787,1649.1815376281738,1620.0531364440917,1644.89794921875,49900,0.0,0.0
2020-09-09 00:00:00+09:00,1619.1964778524566,1628.6203726971005,1602.918841302617,1609.7725830078125,55900,0.0,0.0
2020-09-10 00:00:00+09:00,1626.0502767100509,1626.0502767100509,1594.3517202093808,1608.0592041015625,39300,0.0,0.0
2020-09-11 00:00:00+09:00,1608.059025967875,1608.059025967875,1578.0739082753466,1598.6351318359375,45000,0.0,0.0
2020-09-14 00:00:00+09:00,1615.7695044315224,1616.6262220902877,1563.5097272468336,1583.2142333984375,77900,0.0,0.0
2020-09-15 00:00:00+09:00,1598.6351399569064,1635.4739990234375,1563.5097161957954,1635.4739990234375,56300,0.0,0.0
2020-09-16 00:00:00+09:00,1638.901020789985,1728.8563826211134,1629.4771257410098,1704.8682861328125,125000,0.0,0.0
2020-09-17 00:00:00+09:00,1713.4354600245606,1717.719048674622,1654.3219366537132,1656.89208984375,75500,0.0,0.0
2020-09-18 00:00:00+09:00,1662.88895169493,1732.2830810546875,1662.88895169493,1732.2830810546875,72500,0.0,0.0
2020-09-23 00:00:00+09:00,1751.9876818202004,1785.3996718402434,1727.9995864211953,1733.139892578125,104300,0.0,0.0
2020-09-24 00:00:00+09:00,1733.1399450714655,1735.710098227775,1668.8861161637246,1683.4503173828125,81200,0.0,0.0
2020-09-25 00:00:00+09:00,1683.4501388404335,1709.151667677692,1676.5963978171646,1707.438232421875,48600,0.0,0.0
2020-09-28 00:00:00+09:00,1741.7070122626158,1751.1309065739235,1703.1547173527201,1745.9906005859375,63200,0.0,0.0
2020-09-29 00:00:00+09:00,1745.9906999073157,1786.2564324370724,1739.993675913522,1783.686279296875,54200,0.0,0.0
2020-09-30 00:00:00+09:00,1792.2533240954538,1848.7966890047749,1782.8294299439,1791.3966064453125,110100,0.0,0.0
2020-10-02 00:00:00+09:00,1799.1071633731617,1860.7908375459558,1723.7160060508577,1747.7041015625,95000,0.0,0.0
2020-10-05 00:00:00+09:00,1765.6951298791635,1834.2325439453125,1765.6951298791635,1834.2325439453125,77800,0.0,0.0
2020-10-06 00:00:00+09:00,1841.942842945505,1852.223454161945,1816.2413149044048,1842.799560546875,67600,0.0,0.0
2020-10-07 00:00:00+09:00,1817.0981161148823,1835.0891865714652,1792.253304531982,1829.0921630859375,64900,0.0,0.0
2020-10-08 00:00:00+09:00,1851.3669045137399,1880.495305602804,1843.656445401929,1871.0714111328125,71900,0.0,0.0
2020-10-09 00:00:00+09:00,1884.778929726333,1903.6267190235965,1865.9311404290697,1895.916259765625,56700,0.0,0.0
2020-10-12 00:00:00+09:00,1930.18505859375,1949.8895665154794,1915.6208570863848,1930.18505859375,86000,0.0,0.0
2020-10-13 00:00:00+09:00,1930.184944858635,1960.1700638422355,1915.6207442094576,1944.7491455078125,54100,0.0,0.0
2020-10-14 00:00:00+09:00,1957.5999000642519,1969.593947591998,1929.3282166059937,1963.596923828125,63500,0.0,0.0
2020-10-15 00:00:00+09:00,1965.310198893229,1974.734092610677,1903.626530924479,1927.6146240234375,68300,0.0,0.0
2020-10-16 00:00:00+09:00,1913.0504902773682,1949.032631160328,1886.4922434351836,1907.053466796875,58600,0.0,0.0
2020-10-19 00:00:00+09:00,1895.916118872929,1915.620624401206,1867.6444370280094,1900.19970703125,68000,0.0,0.0
2020-10-20 00:00:00+09:00,1884.778900900174,1925.9013496470868,1864.2176765267175,1907.9102783203125,57500,0.0,0.0
2020-10-21 00:00:00+09:00,1915.6206786896523,1982.444655853245,1915.6206786896523,1965.310302734375,76800,0.0,0.0
2020-10-22 00:00:00+09:00,1976.4475661139168,2008.1461183229392,1946.462449159436,1974.734130859375,81900,0.0,0.0
2020-10-23 00:00:00+09:00,1974.7341120466233,1977.3042649039508,1935.3251015676017,1967.88037109375,45800,0.0,0.0
2020-10-26 00:00:00+09:00,1970.4508119630646,1992.7254733156904,1920.761182791822,1925.9014892578125,60200,0.0,0.0
2020-10-27 00:00:00+09:00,1883.0655581133585,1908.76708984375,1833.375930101268,1908.76708984375,63000,0.0,0.0
2020-10-28 00:00:00+09:00,1925.9013025232264,1928.4714555070207,1889.0624430888408,1901.9132080078125,48900,0.0,0.0
2020-10-29 00:00:00+09:00,1859.0772607113672,1904.4832951895712,1844.5130609730754,1900.19970703125,63900,0.0,0.0
2020-10-30 00:00:00+09:00,1886.4923529936214,1886.4923529936214,1799.9638663213436,1811.1011962890625,84700,0.0,0.0
2020-11-02 00:00:00+09:00,1811.1011473817812,1867.6445133832938,1811.1011473817812,1849.6534423828125,59200,0.0,0.0
2020-11-04 00:00:00+09:00,1880.4953140196394,1908.7669975561535,1861.6475249952969,1885.6356201171875,72200,0.0,0.0
2020-11-05 00:00:00+09:00,1899.3432303851937,1937.8955287015374,1865.9312385110293,1922.474609375,108800,0.0,0.0
2020-11-06 00:00:00+09:00,1935.3253650081142,1942.179106893933,1901.913373314747,1930.18505859375,51300,0.0,0.0
2020-11-09 00:00:00+09:00,1943.8922964367107,1943.8922964367107,1907.910156088389,1941.3221435546875,113100,0.0,0.0
2020-11-10 00:00:00+09:00,1781.9728335382,1811.9579533333138,1688.5906033191307,1698.8712158203125,327100,0.0,0.0
2020-11-11 00:00:00+09:00,1737.423426709801,1739.136862041862,1675.739754755607,1690.303955078125,178700,0.0,0.0
2020-11-12 00:00:00+09:00,1687.7338745421603,1721.1458649518781,1672.3129558915211,1717.718994140625,138700,0.0,0.0
2020-11-13 00:00:00+09:00,1712.578726356908,1719.4324681332237,1688.5906301398027,1709.15185546875,72400,0.0,0.0
2020-11-16 00:00:00+09:00,1729.7131331436276,1740.8504638671875,1706.581753948542,1740.8504638671875,85100,0.0,0.0
2020-11-17 00:00:00+09:00,1741.7071485969889,1751.9877613776891,1704.8682861328125,1704.8682861328125,82100,0.0,0.0
2020-11-18 00:00:00+09:00,1689.4472865046207,1689.4472865046207,1655.1785788676102,1662.8890380859375,116300,0.0,0.0
2020-11-19 00:00:00+09:00,1662.8890984786185,1666.3159693667765,1614.912906044408,1627.763671875,127100,0.0,0.0
2020-11-20 00:00:00+09:00,1612.3426846704729,1670.5994873046875,1612.3426846704729,1670.5994873046875,48000,0.0,0.0
2020-11-24 00:00:00+09:00,1695.444185692373,1710.8651029952848,1679.1665507615214,1696.3009033203125,89500,0.0,0.0
2020-11-25 00:00:00+09:00,1689.4472755746945,1733.1398775292123,1681.73681640625,1681.73681640625,84600,0.0,0.0
2020-11-26 00:00:00+09:00,1686.020310338594,1705.724815998039,1676.596416327555,1703.1546630859375,52900,0.0,0.0
2020-11-27 00:00:00+09:00,1712.5785934974406,1739.1368408203125,1710.0084405307111,1739.1368408203125,78300,0.0,0.0
2020-11-30 00:00:00+09:00,1773.405680698631,1779.4027047396407,1742.5638427734375,1742.5638427734375,113500,0.0,0.0
2020-12-01 00:00:00+09:00,1755.414502387205,1790.5399267883154,1748.5607610406469,1782.8294677734375,73500,0.0,0.0
2020-12-02 00:00:00+09:00,1795.6802796111708,1796.536997301825,1768.2653135102369,1788.8265380859375,82600,0.0,0.0
2020-12-03 00:00:00+09:00,1798.2505102987677,1798.2505102987677,1757.9847771000816,1771.6922607421875,106200,0.0,0.0
2020-12-04 00:00:00+09:00,1777.6892351422991,1814.5280964006695,1777.6892351422991,1799.107177734375,92100,0.0,0.0
2020-12-07 00:00:00+09:00,1807.674369568799,1807.674369568799,1745.990694398679,1746.847412109375,161000,0.0,0.0
2020-12-08 00:00:00+09:00,1741.7071136593354,1770.8355159536873,1720.2891707958413,1761.41162109375,88000,0.0,0.0
2020-12-09 00:00:00+09:00,1761.4115174759268,1786.2563297360443,1755.4144938269328,1768.2652587890625,92300,0.0,0.0
2020-12-10 00:00:00+09:00,1763.9817985235904,1802.5340962086618,1751.9877503549017,1793.9669189453125,77200,0.0,0.0
2020-12-11 00:00:00+09:00,1790.5399752449457,1799.1071521599933,1761.411573733784,1766.5518798828125,78600,0.0,0.0
2020-12-14 00:00:00+09:00,1769.9786648478346,1813.6712649965468,1760.5547706981124,1802.533935546875,76500,0.0,0.0
2020-12-15 00:00:00+09:00,1804.2475365445498,1847.9401407058851,1800.8206656299353,1830.8057861328125,93200,0.0,0.0
2020-12-16 00:00:00+09:00,1853.936946111672,1853.936946111672,1814.527935242385,1829.9488525390625,71200,0.0,0.0
2020-12-17 00:00:00+09:00,1830.8057602969084,1830.8057602969084,1803.3907933668656,1809.3878173828125,42400,0.0,0.0
2020-12-18 00:00:00+09:00,1799.1070746009846,1811.957839419563,1791.3966157098375,1794.823486328125,76100,0.0,0.0
2020-12-21 00:00:00+09:00,1799.9638118238822,1803.3906824794249,1771.6921289156537,1779.402587890625,83400,0.0,0.0
2020-12-22 00:00:00+09:00,1764.8384084481063,1781.9727619281848,1731.4264191619527,1741.70703125,95200,0.0,0.0
2020-12-23 00:00:00+09:00,1756.2712297476398,1779.4026069199258,1751.9876413824015,1775.1190185546875,84200,0.0,0.0
2020-12-24 00:00:00+09:00,1776.8325671079772,1793.1102039329778,1771.6922607421875,1771.6922607421875,61200,0.0,0.0
2020-12-25 00:00:00+09:00,1788.8265481263527,1801.677313558295,1752.8444049169145,1781.1160888671875,79700,0.0,0.0
2020-12-28 00:00:00+09:00,1799.1072005334995,1800.820635962579,1757.1280325210512,1761.41162109375,188100,0.0,0.0
2020-12-29 00:00:00+09:00,1735.1190935973964,1770.2356709976552,1719.8118675511298,1745.9241943359375,189300,99.8,0.0
2020-12-30 00:00:00+09:00,1737.8204118262267,1775.6382653478338,1720.7123352331187,1763.9327392578125,97300,0.0,0.0
2021-01-04 00:00:00+09:00,1763.9327088856332,1799.9497116193877,1697.301253828187,1700.9029541015625,96700,0.0,0.0
2021-01-05 00:00:00+09:00,1687.3966053605268,1723.4136086766532,1665.7864033708508,1722.51318359375,77300,0.0,0.0
2021-01-06 00:00:00+09:00,1734.2186656534766,1745.023766374059,1700.902938431681,1704.504638671875,37600,0.0,0.0
2021-01-07 00:00:00+09:00,1710.807567205955,1748.62541869156,1710.807567205955,1715.3096923828125,71800,0.0,0.0
2021-01-08 00:00:00+09:00,1714.4093205132406,1730.6169716525465,1709.9071951967667,1717.110595703125,39800,0.0,0.0
2021-01-12 00:00:00+09:00,1712.6085789335407,1745.0238832666678,1696.4009267669774,1727.015380859375,57100,0.0,0.0
2021-01-13 00:00:00+09:00,1709.907223594617,1727.015300081346,1698.2016975773818,1703.604248046875,43400,0.0,0.0
2021-01-14 00:00:00+09:00,1706.3055142637627,1722.5131655865848,1682.89446235302,1684.6953125,67900,0.0,0.0
2021-01-15 00:00:00+09:00,1688.2969529802265,1699.1020534793,1661.284201732543,1670.2884521484375,113400,0.0,0.0
2021-01-18 00:00:00+09:00,1659.4834288573697,1692.7991569462047,1636.9728017703192,1687.3966064453125,99100,0.0,0.0
2021-01-19 00:00:00+09:00,1672.0894085913335,1680.193234481114,1649.5787811197215,1673.8902587890625,132800,0.0,0.0
2021-01-20 00:00:00+09:00,1683.7948161448082,1716.2101174181842,1683.7948161448082,1715.3096923828125,96000,0.0,0.0
2021-01-21 00:00:00+09:00,1704.504680883689,1759.4306109068823,1704.504680883689,1757.6297607421875,83200,0.0,0.0
2021-01-22 00:00:00+09:00,1746.8245881584648,1769.3352142945275,1738.7207627494822,1753.1275634765625,48600,0.0,0.0
2021-01-25 00:00:00+09:00,1753.1276070420731,1775.6382337375287,1753.1276070420731,1771.1361083984375,35500,0.0,0.0
2021-01-26 00:00:00+09:00,1771.1361150613895,1772.9369652038008,1743.2229378540164,1748.62548828125,24300,0.0,0.0
2021-01-27 00:00:00+09:00,1752.227181974255,1785.542909483529,1752.227181974255,1771.1361083984375,46000,0.0,0.0
2021-01-28 00:00:00+09:00,1722.513142735765,1750.426319643663,1710.8076169356789,1745.9241943359375,65500,0.0,0.0
2021-01-29 00:00:00+09:00,1745.9241945929277,1763.0322707648027,1710.8076171875,1710.8076171875,37100,0.0,0.0
2021-02-01 00:00:00+09:00,1689.1974595357356,1710.8076615767045,1673.8902330900494,1693.6995849609375,55900,0.0,0.0
2021-02-02 00:00:00+09:00,1709.0067821887112,1745.9242100442102,1693.699556004724,1742.322509765625,40500,0.0,0.0
2021-02-03 00:00:00+09:00,1720.712314032236,1768.4348428881797,1720.712314032236,1754.928466796875,40300,0.0,0.0
2021-02-04 00:00:00+09:00,1757.6297980241318,1767.5344741400463,1749.5259721111106,1763.0323486328125,33500,0.0,0.0
2021-02-05 00:00:00+09:00,1767.5344511664687,1811.6552805638996,1763.0323257177513,1789.1446533203125,67900,0.0,0.0
2021-02-08 00:00:00+09:00,1800.8501596870365,1840.4688632001514,1797.2484593676625,1821.5599365234375,100900,0.0,0.0
2021-02-09 00:00:00+09:00,1764.8331963706771,1916.1046132024496,1718.0110911608429,1874.68505859375,338100,0.0,0.0
2021-02-10 00:00:00+09:00,1880.987841417324,1994.4413924075502,1866.581041291581,1969.2294921875,222700,0.0,0.0
2021-02-12 00:00:00+09:00,1975.5325858116566,2074.5793426208097,1975.5325858116566,2068.2763671875,163900,0.0,0.0
2021-02-15 00:00:00+09:00,2071.8781437676384,2106.0942973804895,2033.1598646794123,2043.9649658203125,76700,0.0,0.0
2021-02-16 00:00:00+09:00,2036.7614589869606,2068.2763356733194,2025.9563584087805,2040.3631591796875,52900,0.0,0.0
2021-02-17 00:00:00+09:00,2060.1724186197916,2179.0285196940104,2033.159668375651,2161.02001953125,152300,0.0,0.0
2021-02-18 00:00:00+09:00,2151.115567926547,2171.8253452653125,2097.09006182542,2116.8994140625,80300,0.0,0.0
2021-02-19 00:00:00+09:00,2116.8993824970526,2181.729988851705,2083.5836542314673,2124.102783203125,70700,0.0,0.0
2021-02-22 00:00:00+09:00,2177.2276327570357,2249.261632186549,2177.2276327570357,2219.547607421875,96500,0.0,0.0
2021-02-24 00:00:00+09:00,2223.1494140625,2268.170665866115,2197.937513052476,2223.1494140625,83600,0.0,0.0
2021-02-25 00:00:00+09:00,2265.469457219021,2304.1877349059914,2248.3613810317547,2285.27880859375,51500,0.0,0.0
2021-02-26 00:00:00+09:00,2242.0586282769186,2294.283287088188,2230.3531013019788,2241.158203125,78600,0.0,0.0
2021-03-01 00:00:00+09:00,2276.2745205124406,2324.897473086678,2244.7596438439537,2279.876220703125,74000,0.0,0.0
2021-03-02 00:00:00+09:00,2293.3826796008693,2313.1920313681326,2200.638896326865,2233.05419921875,58100,0.0,0.0
2021-03-03 00:00:00+09:00,2223.1496001721002,2250.162353515625,2195.2364217171244,2250.162353515625,41800,0.0,0.0
2021-03-04 00:00:00+09:00,2242.05839952085,2277.174976862743,2215.045647719394,2272.6728515625,47700,0.0,0.0
2021-03-05 00:00:00+09:00,2251.0625786987644,2268.170654296875,2206.0413271247894,2268.170654296875,55000,0.0,0.0
2021-03-08 00:00:00+09:00,2281.677104793503,2364.5162104134724,2281.677104793503,2349.208984375,88000,0.0,0.0
2021-03-09 00:00:00+09:00,2385.2261458787148,2428.446551693052,2340.2048898221137,2389.728271484375,76600,0.0,0.0
2021-03-10 00:00:00+09:00,2405.0350875654694,2409.537212401796,2355.511714365881,2406.8359375,39500,0.0,0.0
2021-03-11 00:00:00+09:00,2407.736645755133,2488.77490234375,2405.0353705355124,2488.77490234375,57300,0.0,0.0
2021-03-12 00:00:00+09:00,2462.6623676533377,2503.18149253246,2419.4419677822734,2487.874267578125,106500,0.0,0.0
2021-03-15 00:00:00+09:00,2521.1900066620387,2537.397656704866,2467.1645065192806,2513.086181640625,50900,0.0,0.0
2021-03-16 00:00:00+09:00,2522.0903663853237,2550.003540736607,2502.281016845703,2521.18994140625,27300,0.0,0.0
2021-03-17 00:00:00+09:00,2498.679603893856,2531.09490686329,2468.965576171875,2468.965576171875,65900,0.0,0.0
2021-03-18 00:00:00+09:00,2477.9699258963437,2548.2030851332315,2477.0695007779223,2536.49755859375,49200,0.0,0.0
2021-03-19 00:00:00+09:00,2536.4973465880184,2620.2368756021065,2531.9952213722077,2599.527099609375,74600,0.0,0.0
2021-03-22 00:00:00+09:00,2614.8343472544175,2655.3534745362526,2569.8130947190452,2573.414794921875,65000,0.0,0.0
2021-03-23 00:00:00+09:00,2573.4147756749935,2590.5228515104814,2530.1943735642867,2535.596923828125,42400,0.0,0.0
2021-03-24 00:00:00+09:00,2490.575718483962,2505.882944519474,2414.9400133673125,2419.442138671875,62400,0.0,0.0
2021-03-25 00:00:00+09:00,2445.5543465389846,2543.7006734067127,2445.5543465389846,2524.791748046875,42400,0.0,0.0
2021-03-26 00:00:00+09:00,2535.596937029432,2634.643692382144,2535.596937029432,2631.0419921875,61000,0.0,0.0
2021-03-29 00:00:00+09:00,2655.3533469229833,2689.5694972054766,2570.7133962241833,2602.228271484375,52000,0.0,0.0
2021-03-30 00:00:00+09:00,2572.514569006185,2683.2668588163915,2571.6141438857767,2631.942626953125,43500,0.0,0.0
2021-03-31 00:00:00+09:00,2623.8385309938526,2642.747456577542,2581.5185546875,2581.5185546875,31200,0.0,0.0
2021-04-01 00:00:00+09:00,2568.012307367721,2593.224209403589,2534.696579677466,2559.008056640625,35000,0.0,0.0
2021-04-02 00:00:00+09:00,2602.228646003763,2602.228646003763,2541.9001618230527,2579.718017578125,23800,0.0,0.0
2021-04-05 00:00:00+09:00,2561.7095045829938,2565.311205116678,2535.5971757137822,2554.506103515625,29500,0.0,0.0
2021-04-06 00:00:00+09:00,2577.9171464593437,2577.9171464593437,2498.679735041802,2529.294189453125,39200,0.0,0.0
2021-04-07 00:00:00+09:00,2529.293885854208,2613.933837890625,2518.4887855942397,2613.933837890625,38500,0.0,0.0
2021-04-08 00:00:00+09:00,2568.912480075086,2570.713330043593,2537.3976056262154,2546.40185546875,27900,0.0,0.0
2021-04-09 00:00:00+09:00,2553.6056570603464,2590.5230872223615,2537.398004794096,2586.92138671875,28800,0.0,0.0
2021-04-12 00:00:00+09:00,2586.920970797456,2638.2451947220834,2580.617995929519,2591.423095703125,32600,0.0,0.0
2021-04-13 00:00:00+09:00,2594.1247241692627,2626.54002790758,2594.1247241692627,2601.328125,30300,0.0,0.0
2021-04-14 00:00:00+09:00,2627.4402759474046,2627.4402759474046,2583.319448832455,2599.527099609375,35100,0.0,0.0
2021-04-15 00:00:00+09:00,2632.8429377802336,2719.283745586972,2632.8429377802336,2685.968017578125,75500,0.0,0.0
2021-04-16 00:00:00+09:00,2714.7816954853142,2818.3305827094637,2680.56554144603,2696.773193359375,72800,0.0,0.0
2021-04-19 00:00:00+09:00,2741.7945539505085,2773.309433880974,2692.2711712026344,2694.072021484375,54300,0.0,0.0
2021-04-20 00:00:00+09:00,2667.9596235826048,2686.868551053153,2613.03369140625,2613.03369140625,45900,0.0,0.0
2021-04-21 00:00:00+09:00,2591.4234058783004,2656.2540122797036,2559.008102677599,2583.319580078125,47600,0.0,0.0
2021-04-22 00:00:00+09:00,2613.033831923677,2626.5402094146675,2588.7223524398937,2615.735107421875,13600,0.0,0.0
2021-04-23 00:00:00+09:00,2604.0295708012904,2630.141900522327,2581.5189417314314,2590.523193359375,17800,0.0,0.0
2021-04-26 00:00:00+09:00,2574.315015171596,2587.821389857701,2510.384841657366,2521.18994140625,51100,0.0,0.0
2021-04-27 00:00:00+09:00,2496.8786329206064,2502.2811831541167,2435.649730274158,2440.15185546875,85300,0.0,0.0
2021-04-28 00:00:00+09:00,2440.151970621001,2500.4804510754684,2440.151970621001,2462.66259765625,41100,0.0,0.0
2021-04-30 00:00:00+09:00,2470.766236974488,2537.3976879716133,2470.766236974488,2505.8828125,56300,0.0,0.0
2021-05-06 00:00:00+09:00,2505.8830705024066,2566.21155261655,2505.8830705024066,2537.39794921875,56200,0.0,0.0
2021-05-07 00:00:00+09:00,2549.1034438341794,2570.7136461132395,2530.194516840001,2544.601318359375,22700,0.0,0.0
2021-05-10 00:00:00+09:00,2544.601406060376,2569.8133095882213,2496.8788743826694,2504.082275390625,23500,0.0,0.0
2021-05-11 00:00:00+09:00,2505.882928310297,2511.2854786408257,2456.3595502804487,2458.160400390625,66400,0.0,0.0
2021-05-12 00:00:00+09:00,2476.168964922911,2479.7706652355264,2427.546010702607,2443.753662109375,45800,0.0,0.0
2021-05-13 00:00:00+09:00,2414.9399915647437,2517.588447582037,2388.8276650340285,2445.554443359375,104600,0.0,0.0
2021-05-14 00:00:00+09:00,2485.1734494877433,2485.1734494877433,2383.425406084803,2405.93603515625,89600,0.0,0.0
2021-05-17 00:00:00+09:00,2431.1476234544457,2464.4633501462285,2377.1221207110134,2407.736572265625,64600,0.0,0.0
2021-05-18 00:00:00+09:00,2415.840507248749,2455.4592110575245,2408.6371065562444,2417.641357421875,41100,0.0,0.0
2021-05-19 00:00:00+09:00,2398.7325097692274,2442.8533404669347,2367.2176306994365,2441.052490234375,39200,0.0,0.0
2021-05-20 00:00:00+09:00,2457.260090052887,2513.986871171733,2447.355413984517,2480.671142578125,42200,0.0,0.0
2021-05-21 00:00:00+09:00,2479.7705830141676,2504.9824843665265,2464.463357193092,2490.57568359375,31000,0.0,0.0
2021-05-24 00:00:00+09:00,2522.09067085659,2552.7051238409254,2498.6796185744506,2500.48046875,41500,0.0,0.0
2021-05-25 00:00:00+09:00,2500.480448076802,2511.2855490407637,2452.7579188193045,2456.359619140625,43700,0.0,0.0
2021-05-26 00:00:00+09:00,2440.151949816467,2450.05662562753,2413.139197604477,2418.541748046875,37600,0.0,0.0
2021-05-27 00:00:00+09:00,2419.442173120608,2447.355350406331,2382.5247450975544,2418.541748046875,62400,0.0,0.0
2021-05-28 00:00:00+09:00,2454.5587830091254,2481.5715355734224,2411.33837890625,2411.33837890625,72700,0.0,0.0
2021-05-31 00:00:00+09:00,2347.408303996348,2364.5163813940967,2323.9972507152183,2338.404052734375,71700,0.0,0.0
2021-06-01 00:00:00+09:00,2338.4038741618997,2404.134903354745,2310.4906973813763,2400.533203125,47700,0.0,0.0
2021-06-02 00:00:00+09:00,2372.6200445223067,2459.0608506984513,2372.6200445223067,2438.35107421875,53400,0.0,0.0
2021-06-03 00:00:00+09:00,2462.662411853216,2521.1900377290694,2462.662411853216,2505.8828125,42300,0.0,0.0
2021-06-04 00:00:00+09:00,2480.67107368389,2512.1859512080046,2472.5672480348317,2482.471923828125,24100,0.0,0.0
2021-06-07 00:00:00+09:00,2482.471923828125,2502.2812754147117,2468.065122674244,2482.471923828125,19900,0.0,0.0
2021-06-08 00:00:00+09:00,2487.8745861486486,2504.982663288288,2458.1605574324326,2498.6796875,19300,0.0,0.0
2021-06-09 00:00:00+09:00,2486.9740895405575,2507.6838665352834,2486.9740895405575,2494.177490234375,17400,0.0,0.0
2021-06-10 00:00:00+09:00,2477.0693390357314,2507.683791063072,2471.666788677965,2483.372314453125,23400,0.0,0.0
2021-06-11 00:00:00+09:00,2489.6753595681816,2586.0208436455036,2476.1689832956595,2558.107666015625,72400,0.0,0.0
2021-06-14 00:00:00+09:00,2575.21547448822,2656.253723685402,2575.21547448822,2641.846923828125,59600,0.0,0.0
2021-06-15 00:00:00+09:00,2664.35754999805,2741.7940992713966,2650.851175124792,2705.777099609375,52100,0.0,0.0
2021-06-16 00:00:00+09:00,2719.2838097325794,2732.790186270986,2667.959578886633,2671.561279296875,40600,0.0,0.0
2021-06-17 00:00:00+09:00,2658.955316616914,2668.859992703194,2629.2412883580723,2646.349365234375,31600,0.0,0.0
2021-06-18 00:00:00+09:00,2691.3705710114446,2714.7816231513902,2671.561219200721,2692.27099609375,35500,0.0,0.0
2021-06-21 00:00:00+09:00,2675.16277121114,2675.16277121114,2589.622393134715,2606.73046875,49400,0.0,0.0
2021-06-22 00:00:00+09:00,2677.864095214844,2701.275146484375,2645.448793457031,2701.275146484375,34800,0.0,0.0
2021-06-23 00:00:00+09:00,2656.253936969681,2737.292192673841,2639.14586076547,2719.28369140625,19500,0.0,0.0
2021-06-24 00:00:00+09:00,2694.972221570667,2695.8726466363437,2642.7475677614125,2661.656494140625,32400,0.0,0.0
2021-06-25 00:00:00+09:00,2710.2795558620146,2710.2795558620146,2646.3493736473292,2665.25830078125,30500,0.0,0.0
2021-06-28 00:00:00+09:00,2665.2582861814785,2737.292293916113,2656.2540352146493,2710.279541015625,38200,0.0,0.0
2021-06-29 00:00:00+09:00,2705.7772437454655,2714.781494140625,2675.1627924019226,2714.781494140625,30200,0.0,0.0
2021-06-30 00:00:00+09:00,2705.7775291681683,2759.8030372380817,2705.7775291681683,2732.790283203125,24100,0.0,0.0
2021-07-01 00:00:00+09:00,2768.8071723000157,2768.8071723000157,2710.279541015625,2710.279541015625,24100,0.0,0.0
2021-07-02 00:00:00+09:00,2746.2965583191894,2818.33056640625,2741.7944328137482,2818.33056640625,35200,0.0,0.0
2021-07-05 00:00:00+09:00,2809.326083096591,2809.326083096591,2764.304831764915,2773.30908203125,31000,0.0,0.0
2021-07-06 00:00:00+09:00,2773.309240625,2813.828369140625,2750.798613671875,2813.828369140625,17200,0.0,0.0
2021-07-07 00:00:00+09:00,2813.8282690702254,2885.862272758423,2809.326143839713,2822.83251953125,49900,0.0,0.0
2021-07-08 00:00:00+09:00,2800.322151666329,2804.8242773120946,2764.3051465002027,2777.8115234375,47700,0.0,0.0
2021-07-09 00:00:00+09:00,2719.284000703376,2800.322265625,2719.284000703376,2800.322265625,33900,0.0,0.0
2021-07-12 00:00:00+09:00,2809.3262024882442,2885.8623330047512,2809.3262024882442,2872.35595703125,35400,0.0,0.0
2021-07-13 00:00:00+09:00,2921.879262304381,2926.381387515944,2867.853759765625,2867.853759765625,30100,0.0,0.0
2021-07-14 00:00:00+09:00,2876.8580955942725,2899.3687223203624,2818.330466106439,2827.334716796875,29200,0.0,0.0
2021-07-15 00:00:00+09:00,2836.338911086603,2872.3559131321467,2813.8282848081376,2854.347412109375,21700,0.0,0.0
2021-07-16 00:00:00+09:00,2854.3475556763465,2885.8624340513215,2840.8411792299285,2863.351806640625,23600,0.0,0.0
2021-07-19 00:00:00+09:00,2831.836842142093,2840.841092832529,2800.3219647255673,2827.334716796875,23800,0.0,0.0
2021-07-20 00:00:00+09:00,2795.8199103860293,2827.334788602941,2755.30078125,2755.30078125,31100,0.0,0.0
2021-07-21 00:00:00+09:00,2791.3178133736023,2836.3390684280153,2786.815687868161,2818.33056640625,29300,0.0,0.0
2021-07-26 00:00:00+09:00,2836.339111328125,2867.8539903428823,2809.326357886905,2836.339111328125,35700,0.0,0.0
2021-07-27 00:00:00+09:00,2836.3388717156104,2939.8877511591963,2836.3388717156104,2912.875,48800,0.0,0.0
2021-07-28 00:00:00+09:00,2858.8494765280147,2863.3516016879016,2791.3175991297153,2804.823974609375,47700,0.0,0.0
2021-07-29 00:00:00+09:00,2831.83681385264,2858.849565654096,2800.321936750941,2840.841064453125,131400,0.0,0.0
2021-07-30 00:00:00+09:00,2845.3432332677166,2863.3517347440948,2818.33048105315,2858.849609375,34900,0.0,0.0
2021-08-02 00:00:00+09:00,2831.8369568738894,2858.849710039618,2804.8242037081604,2849.845458984375,27600,0.0,0.0
2021-08-03 00:00:00+09:00,2836.3388507285817,2863.3516016879016,2782.313348809942,2804.823974609375,26400,0.0,0.0
2021-08-04 00:00:00+09:00,2804.8240025674145,2809.3261277721776,2768.8070009293097,2791.317626953125,28600,0.0,0.0
2021-08-05 00:00:00+09:00,2782.3135340073527,2782.3135340073527,2737.2922794117644,2755.30078125,28300,0.0,0.0
2021-08-06 00:00:00+09:00,2755.300474144655,2768.806849017913,2689.5694497614654,2705.777099609375,58400,0.0,0.0
2021-08-10 00:00:00+09:00,2607.630946492806,2607.630946492806,2477.0693141580487,2503.181640625,108800,0.0,0.0
2021-08-11 00:00:00+09:00,2503.181630425914,2503.181630425914,2404.1348752651766,2414.03955078125,93400,0.0,0.0
2021-08-12 00:00:00+09:00,2414.0395247395836,2440.1518508184527,2339.304246651786,2363.61572265625,96600,0.0,0.0
2021-08-13 00:00:00+09:00,2387.92734375,2388.8277688419116,2360.914590992647,2372.6201171875,45200,0.0,0.0
2021-08-16 00:00:00+09:00,2388.827618840736,2388.827618840736,2275.37406438392,2287.07958984375,71100,0.0,0.0
2021-08-17 00:00:00+09:00,2297.884690268209,2302.3868154450665,2246.5604632520303,2287.07958984375,53300,0.0,0.0
2021-08-18 00:00:00+09:00,2276.274557968873,2290.6813589686762,2236.655855219415,2285.27880859375,35400,0.0,0.0
2021-08-19 00:00:00+09:00,2258.266081841837,2326.698387352196,2258.266081841837,2265.469482421875,56900,0.0,0.0
2021-08-20 00:00:00+09:00,2265.469362513839,2298.7850884331597,2216.846411172127,2236.65576171875,71100,0.0,0.0
2021-08-23 00:00:00+09:00,2236.6559537090834,2282.577633918086,2221.348726972749,2276.274658203125,46600,0.0,0.0
2021-08-24 00:00:00+09:00,2304.1874619375717,2386.126132916985,2304.1874619375717,2356.412109375,65100,0.0,0.0
2021-08-25 00:00:00+09:00,2349.2091168573306,2366.317193982777,2323.9972137250943,2333.00146484375,39400,0.0,0.0
2021-08-26 00:00:00+09:00,2353.7112451660532,2386.126549231079,2327.598916891449,2339.304443359375,41800,0.0,0.0
2021-08-27 00:00:00+09:00,2317.694192347772,2317.694192347772,2273.5733627343143,2308.68994140625,29400,0.0,0.0
2021-08-30 00:00:00+09:00,2330.3001976305272,2356.4125259656453,2323.997221825499,2351.910400390625,26300,0.0,0.0
2021-08-31 00:00:00+09:00,2351.9102219044134,2396.931474237959,2326.698320597628,2343.806396484375,60000,0.0,0.0
2021-09-01 00:00:00+09:00,2369.918853266992,2403.234581827356,2362.7154524971834,2397.83203125,28800,0.0,0.0
2021-09-02 00:00:00+09:00,2395.1306402222326,2396.0310652749477,2344.7068372701856,2375.3212890625,47700,0.0,0.0
2021-09-03 00:00:00+09:00,2375.321168861774,2433.848794326526,2375.321168861774,2410.437744140625,56900,0.0,0.0
2021-09-06 00:00:00+09:00,2434.749420132541,2474.3681237145797,2424.8447442370316,2462.66259765625,39500,0.0,0.0
2021-09-07 00:00:00+09:00,2480.6710236892236,2536.497377035406,2480.6710236892236,2522.090576171875,50400,0.0,0.0
2021-09-08 00:00:00+09:00,2530.194358652228,2574.315185546875,2513.0862829175685,2574.315185546875,42800,0.0,0.0
2021-09-09 00:00:00+09:00,2574.315269628501,2618.4360979642115,2573.414844560425,2604.029296875,32300,0.0,0.0
2021-09-10 00:00:00+09:00,2635.544351014369,2688.66943359375,2613.033722802767,2688.66943359375,38400,0.0,0.0
2021-09-13 00:00:00+09:00,2680.56519984596,2705.777099609375,2669.7600999473534,2705.777099609375,23800,0.0,0.0
2021-09-14 00:00:00+09:00,2723.7859001056845,2723.7859001056845,2657.1544433758268,2672.461669921875,53600,0.0,0.0
2021-09-15 00:00:00+09:00,2656.253906079986,2671.56113197943,2559.008000365871,2586.020751953125,42700,0.0,0.0
2021-09-16 00:00:00+09:00,2586.0209805653712,2611.2328842756183,2482.4720903268553,2548.203125,47800,0.0,0.0
2021-09-17 00:00:00+09:00,2551.8045353040393,2596.8257868090504,2551.8045353040393,2594.12451171875,33900,0.0,0.0
2021-09-21 00:00:00+09:00,2549.1033246116117,2549.1033246116117,2495.0778214407546,2515.78759765625,48100,0.0,0.0
2021-09-22 00:00:00+09:00,2502.281005859375,2524.791630237383,2486.073356307209,2502.281005859375,30200,0.0,0.0
2021-09-24 00:00:00+09:00,2547.3026733398438,2575.2158521569295,2531.0950211234713,2568.012451171875,36200,0.0,0.0
2021-09-27 00:00:00+09:00,2602.2283906303473,2649.950918209381,2602.2283906303473,2631.0419921875,28100,0.0,0.0
2021-09-28 00:00:00+09:00,2663.4572457901554,2663.4572457901554,2584.2198429404143,2606.73046875,34000,0.0,0.0
2021-09-29 00:00:00+09:00,2566.2114192462573,2635.5441488188753,2566.2114192462573,2623.838623046875,54100,0.0,0.0
2021-09-30 00:00:00+09:00,2650.851221885813,2663.4571719898895,2582.418921320826,2602.228271484375,38700,0.0,0.0
2021-10-01 00:00:00+09:00,2566.2112709307935,2611.2325212980004,2517.5883205342097,2538.298095703125,58700,0.0,0.0
2021-10-04 00:00:00+09:00,2539.1988553044093,2613.033715635956,2468.9656954768407,2504.082275390625,37900,0.0,0.0
2021-10-05 00:00:00+09:00,2480.6710112193755,2519.3892883454855,2418.5416828077105,2496.878662109375,58500,0.0,0.0
2021-10-06 00:00:00+09:00,2508.5841716267573,2539.1986231110754,2465.36376953125,2465.36376953125,50800,0.0,0.0
2021-10-07 00:00:00+09:00,2487.8745861486486,2535.5971171171173,2456.359707207207,2498.6796875,37600,0.0,0.0
2021-10-08 00:00:00+09:00,2537.397684411497,2584.2197850464854,2534.696409374863,2563.510009765625,30800,0.0,0.0
2021-10-11 00:00:00+09:00,2583.319393771292,2646.3491454492255,2583.319393771292,2626.539794921875,32400,0.0,0.0
2021-10-12 00:00:00+09:00,2626.5399672120484,2626.5399672120484,2587.821688641559,2622.037841796875,20500,0.0,0.0
2021-10-13 00:00:00+09:00,2625.6394606370195,2648.150087014223,2592.3237335987583,2598.626708984375,29600,0.0,0.0
2021-10-14 00:00:00+09:00,2598.626708984375,2598.626708984375,2574.315232496995,2598.626708984375,10000,0.0,0.0
2021-10-15 00:00:00+09:00,2607.6307741670926,2648.1498987656837,2598.626524256295,2641.846923828125,21700,0.0,0.0
2021-10-18 00:00:00+09:00,2637.344895209521,2656.253820712901,2613.033419562318,2626.539794921875,32700,0.0,0.0
2021-10-19 00:00:00+09:00,2615.7347124411554,2628.3406628625585,2583.3194113575473,2594.12451171875,33300,0.0,0.0
2021-10-20 00:00:00+09:00,2594.1245493504016,2608.5313500409975,2577.016473530319,2599.527099609375,27600,0.0,0.0
2021-10-21 00:00:00+09:00,2618.4359216181874,2621.1371966404895,2588.721896372864,2602.228271484375,27300,0.0,0.0
2021-10-22 00:00:00+09:00,2584.219788495861,2612.1329639116702,2563.510013187358,2569.81298828125,20900,0.0,0.0
2021-10-25 00:00:00+09:00,2557.2074528617495,2585.120632804959,2552.705327064458,2565.311279296875,14500,0.0,0.0
2021-10-26 00:00:00+09:00,2584.219999767485,2649.050606033429,2563.510222765864,2647.249755859375,14100,0.0,0.0
2021-10-27 00:00:00+09:00,2615.734570193738,2623.838395023942,2582.4188458917865,2591.423095703125,20600,0.0,0.0
2021-10-28 00:00:00+09:00,2557.2070589048676,2557.2070589048676,2501.380707618916,2543.70068359375,40200,0.0,0.0
2021-10-29 00:00:00+09:00,2543.7007961749528,2584.2199239016336,2513.986769175387,2559.908447265625,28400,0.0,0.0
2021-11-01 00:00:00+09:00,2604.929776769106,2659.855707077753,2593.224250637755,2647.249755859375,45700,0.0,0.0
2021-11-02 00:00:00+09:00,2647.2495636921935,2668.85976421213,2581.5185371107204,2613.933837890625,35000,0.0,0.0
2021-11-04 00:00:00+09:00,2613.9340247626683,2642.747627515822,2592.323822697803,2640.94677734375,53500,0.0,0.0
2021-11-05 00:00:00+09:00,2612.1330206723796,2677.864048079854,2606.7304704745047,2676.963623046875,43300,0.0,0.0
2021-11-08 00:00:00+09:00,2665.25806671419,2694.0716674354244,2638.245316038033,2684.1669921875,46000,0.0,0.0
2021-11-09 00:00:00+09:00,2692.271120852836,2723.7860001939225,2647.2498646512836,2657.154541015625,32200,0.0,0.0
2021-11-10 00:00:00+09:00,2653.5526878879496,2653.5526878879496,2610.332284420484,2629.2412109375,33000,0.0,0.0
2021-11-11 00:00:00+09:00,2637.3448720079787,2637.3448720079787,2432.047968348771,2454.55859375,143400,0.0,0.0
2021-11-12 00:00:00+09:00,2471.6668944251787,2507.6838983512284,2440.152015989885,2486.97412109375,73100,0.0,0.0
2021-11-15 00:00:00+09:00,2498.679405534771,2545.5015061069544,2489.6751554247357,2493.27685546875,45000,0.0,0.0
2021-11-16 00:00:00+09:00,2489.6753560243496,2491.476206191456,2458.160478099991,2475.2685546875,39400,0.0,0.0
2021-11-17 00:00:00+09:00,2475.268238853341,2477.069088790666,2413.138916015625,2413.138916015625,45300,0.0,0.0
2021-11-18 00:00:00+09:00,2419.4422560281814,2451.8575597933523,2401.4337539364196,2448.255859375,37900,0.0,0.0
2021-11-19 00:00:00+09:00,2447.3554230246655,2449.1562732255666,2407.73671860484,2423.0439453125,25000,0.0,0.0
2021-11-22 00:00:00+09:00,2419.4421478677186,2441.0523494117547,2411.338322288705,2438.35107421875,24400,0.0,0.0
2021-11-24 00:00:00+09:00,2450.957050701263,2450.957050701263,2418.541748046875,2418.541748046875,22700,0.0,0.0
2021-11-25 00:00:00+09:00,2436.549965200851,2443.7533649501515,2402.333816391674,2413.138916015625,29000,0.0,0.0
2021-11-26 00:00:00+09:00,2428.446367172692,2428.446367172692,2367.2174635880638,2375.3212890625,33800,0.0,0.0
2021-11-29 00:00:00+09:00,2346.507830408091,2378.9231342817257,2301.4865750280433,2307.78955078125,34400,0.0,0.0
2021-11-30 00:00:00+09:00,2350.1094809969973,2377.122233652135,2260.066972146538,2277.175048828125,57100,0.0,0.0
2021-12-01 00:00:00+09:00,2282.577657527855,2287.0797830851093,2228.552150840805,2250.162353515625,45400,0.0,0.0
2021-12-02 00:00:00+09:00,2242.958921676623,2250.16232246884,2180.82958984375,2180.82958984375,56500,0.0,0.0
2021-12-03 00:00:00+09:00,2225.8508102197966,2258.26611328125,2177.2278556276165,2258.26611328125,51300,0.0,0.0
2021-12-06 00:00:00+09:00,2271.772271442069,2271.772271442069,2228.5518715097583,2244.759521484375,35400,0.0,0.0
2021-12-07 00:00:00+09:00,2289.780839513655,2370.819091796875,2288.8804144882856,2370.819091796875,39300,0.0,0.0
2021-12-08 00:00:00+09:00,2381.6243394383846,2400.5332661409197,2346.507761276533,2386.12646484375,43500,0.0,0.0
2021-12-09 00:00:00+09:00,2386.126414456895,2435.6497928701515,2380.72386408454,2425.7451171875,46000,0.0,0.0
2021-12-10 00:00:00+09:00,2425.7450318621404,2452.757782773746,2395.130580828988,2396.031005859375,38200,0.0,0.0
2021-12-13 00:00:00+09:00,2429.346947336608,2431.1477975570206,2392.4295178181496,2403.234619140625,28600,0.0,0.0
2021-12-14 00:00:00+09:00,2394.23015381521,2401.4335540523375,2323.997001503218,2325.7978515625,42200,0.0,0.0
2021-12-15 00:00:00+09:00,2339.304397215326,2400.533303685935,2339.304397215326,2391.529052734375,18000,0.0,0.0
2021-12-16 00:00:00+09:00,2391.5290899699476,2418.5418432452107,2371.719737568088,2396.931640625,53500,0.0,0.0
2021-12-17 00:00:00+09:00,2387.927393863076,2387.927393863076,2323.9972109957007,2326.698486328125,63800,0.0,0.0
2021-12-20 00:00:00+09:00,2321.2959373202407,2331.2006135461997,2248.3615032927232,2250.162353515625,32800,0.0,0.0
2021-12-21 00:00:00+09:00,2283.478047177224,2359.1137553644826,2283.478047177224,2327.598876953125,45300,0.0,0.0
2021-12-22 00:00:00+09:00,2372.6200944596944,2398.732421875,2333.001390795092,2398.732421875,44900,0.0,0.0
2021-12-23 00:00:00+09:00,2398.732337247007,2407.7365877621983,2351.009809516492,2369.018310546875,25300,0.0,0.0
2021-12-24 00:00:00+09:00,2356.4123025702916,2356.4123025702916,2302.386800791836,2325.7978515625,45100,0.0,0.0
2021-12-27 00:00:00+09:00,2340.204638576321,2340.204638576321,2277.1748868639925,2300.5859375,48400,0.0,0.0
2021-12-28 00:00:00+09:00,2305.988621110138,2368.117951393855,2305.988621110138,2360.91455078125,121700,0.0,0.0
2021-12-29 00:00:00+09:00,2432.8794782258838,2470.9512563202584,2386.4504805498173,2416.1650390625,91400,79.5,0.0
2021-12-30 00:00:00+09:00,2385.5218122505844,2421.73642909674,2381.8074925740557,2406.879150390625,14100,0.0,0.0
2022-01-04 00:00:00+09:00,2389.2360588310744,2398.521857738307,2301.02096921236,2361.378662109375,62200,0.0,0.0
2022-01-05 00:00:00+09:00,2358.5929751358153,2376.2359934537603,2322.3783585884544,2328.87841796875,44200,0.0,0.0
2022-01-06 00:00:00+09:00,2307.520957071273,2307.520957071273,2256.449064661245,2265.73486328125,39500,0.0,0.0
2022-01-07 00:00:00+09:00,2286.163740065308,2336.3070552413956,2244.3776440852357,2252.73486328125,48000,0.0,0.0
2022-01-11 00:00:00+09:00,2252.73500706086,2257.377906910532,2206.30600856414,2229.5205078125,55300,0.0,0.0
2022-01-12 00:00:00+09:00,2229.520442163782,2263.8779000396917,2228.59186222119,2248.092041015625,60200,0.0,0.0
2022-01-13 00:00:00+09:00,2234.163294300648,2254.592052602649,2223.0203352268295,2230.448974609375,36300,0.0,0.0
2022-01-14 00:00:00+09:00,2202.5914167365772,2220.2344339869965,2186.805559196728,2213.734375,59300,0.0,0.0
2022-01-17 00:00:00+09:00,2210.9487784830726,2244.377655436198,2210.9487784830726,2228.591796875,18800,0.0,0.0
2022-01-18 00:00:00+09:00,2236.949021862399,2266.6635792304346,2215.591683754124,2216.520263671875,48200,0.0,0.0
2022-01-19 00:00:00+09:00,2210.948633729761,2216.520112857177,2110.6620094362647,2125.519287109375,69300,0.0,0.0
2022-01-20 00:00:00+09:00,2109.7336992703454,2197.948796731033,2109.7336992703454,2179.377197265625,46500,0.0,0.0
2022-01-21 00:00:00+09:00,2130.162394870486,2232.3061888703783,2130.162394870486,2159.876953125,32700,0.0,0.0
2022-01-24 00:00:00+09:00,2147.8055372971753,2184.948737250434,2139.4483173076924,2172.877197265625,19000,0.0,0.0
2022-01-25 00:00:00+09:00,2191.4487319426476,2213.734651250539,2128.3052939036224,2153.376953125,39500,0.0,0.0
2022-01-26 00:00:00+09:00,2157.091237302578,2168.234196772071,2105.0907597782802,2149.66259765625,47700,0.0,0.0
2022-01-27 00:00:00+09:00,2182.1628477515246,2182.1628477515246,2052.1616568216464,2055.8759765625,60800,0.0,0.0
2022-01-28 00:00:00+09:00,2102.304895775719,2112.51927468629,2070.7331791430447,2098.590576171875,32900,0.0,0.0
2022-01-31 00:00:00+09:00,2098.5907585368827,2145.9483376012104,2098.5907585368827,2143.16259765625,46100,0.0,0.0
2022-02-01 00:00:00+09:00,2160.805497306673,2193.3057948596306,2135.733839194391,2156.16259765625,39900,0.0,0.0
2022-02-02 00:00:00+09:00,2156.1626497260763,2242.5205853094203,2156.1626497260763,2237.877685546875,32800,0.0,0.0
2022-02-03 00:00:00+09:00,2206.305896616101,2246.2348332972847,2201.6629970020103,2230.448974609375,32800,0.0,0.0
2022-02-04 00:00:00+09:00,2230.44892767475,2262.0206443862157,2230.44892767475,2250.877685546875,29600,0.0,0.0
2022-02-07 00:00:00+09:00,2243.4491473733387,2254.592106714597,2221.163228690822,2236.0205078125,37700,0.0,0.0
2022-02-08 00:00:00+09:00,2236.0204778922875,2254.5920765458777,2181.2342618641956,2182.162841796875,59800,0.0,0.0
2022-02-09 00:00:00+09:00,2182.162830083057,2225.806086684718,2172.877030806108,2206.305908203125,37300,0.0,0.0
2022-02-10 00:00:00+09:00,2029.8757055809451,2063.304582708536,1988.0896091714562,2027.0899658203125,202400,0.0,0.0
2022-02-14 00:00:00+09:00,2022.4472054494938,2036.3759052115427,1947.23222673443,1977.8753662109375,95900,0.0,0.0
2022-02-15 00:00:00+09:00,1976.9466666990295,1976.9466666990295,1911.9460717394559,1914.7318115234375,61100,0.0,0.0
2022-02-16 00:00:00+09:00,1961.1608444760407,1969.518063983751,1901.7317279767667,1918.4461669921875,52600,0.0,0.0
2022-02-17 00:00:00+09:00,1912.8746305672655,1924.9461694980298,1893.3744522944924,1899.87451171875,38800,0.0,0.0
2022-02-18 00:00:00+09:00,1876.6600698664158,1896.1602487220293,1866.4456904658564,1880.3743896484375,37600,0.0,0.0
2022-02-21 00:00:00+09:00,1868.3028267652412,1938.8749017325167,1857.1598675598818,1928.6605224609375,45500,0.0,0.0
2022-02-22 00:00:00+09:00,1882.2314939768507,1948.1606681615358,1878.517174304474,1937.9462890625,44700,0.0,0.0
2022-02-24 00:00:00+09:00,1921.2319265788756,1976.018143914861,1903.5889074367788,1971.375244140625,45000,0.0,0.0
2022-02-25 00:00:00+09:00,1976.9467238697082,1984.3753635084859,1943.5178454952088,1971.375244140625,51400,0.0,0.0
2022-02-28 00:00:00+09:00,1985.3039753665057,2002.94699479212,1966.732375971122,2000.1612548828125,45200,0.0,0.0
2022-03-01 00:00:00+09:00,2002.9468311833607,2027.0899084252558,1996.4467719259276,2008.518310546875,53700,0.0,0.0
2022-03-02 00:00:00+09:00,2008.518505687445,2008.518505687445,1970.4467263378447,1977.8753662109375,29100,0.0,0.0
2022-03-03 00:00:00+09:00,1990.8752583401736,1999.232477241788,1975.0894004149015,1979.7322998046875,38000,0.0,0.0
2022-03-04 00:00:00+09:00,1979.7323557222585,1979.7323557222585,1933.3033605130122,1960.232177734375,39400,0.0,0.0
2022-03-07 00:00:00+09:00,1953.7321867240491,1953.7321867240491,1900.8031303346618,1916.5889892578125,66700,0.0,0.0
2022-03-08 00:00:00+09:00,1916.5890594013388,1931.4463389315817,1857.159941280367,1872.94580078125,56300,0.0,0.0
2022-03-09 00:00:00+09:00,1873.8743151597785,1908.231772870835,1860.874196025865,1891.517333984375,41700,0.0,0.0
2022-03-10 00:00:00+09:00,1984.3753127630246,2019.6613501448658,1964.8751342099017,2016.8756103515625,57900,0.0,0.0
2022-03-11 00:00:00+09:00,1996.4467738005105,2008.5183124327928,1975.0894362203192,1983.4466552734375,44000,0.0,0.0
2022-03-14 00:00:00+09:00,2002.9468169113686,2069.8045687971444,2002.9468169113686,2019.6612548828125,39700,0.0,0.0
2022-03-15 00:00:00+09:00,2041.9472298102933,2048.447289204869,2011.3040926644362,2038.23291015625,37000,0.0,0.0
2022-03-16 00:00:00+09:00,2041.0186432405833,2044.7329628825134,1999.23254726887,2012.232666015625,48300,0.0,0.0
2022-03-17 00:00:00+09:00,2015.9469930959303,2077.233267413909,2012.2326734402952,2076.3046875,60400,0.0,0.0
2022-03-18 00:00:00+09:00,2060.5188111772254,2080.947569106878,2041.0186331534662,2074.447509765625,36800,0.0,0.0
2022-03-22 00:00:00+09:00,2074.4476939320894,2074.4476939320894,2001.0898748539178,2029.8758544921875,38300,0.0,0.0
2022-03-23 00:00:00+09:00,2050.304473742277,2110.662168847915,2041.947254419958,2104.162109375,53600,0.0,0.0
2022-03-24 00:00:00+09:00,2111.590802474761,2113.4479623713964,2070.733284748776,2109.733642578125,23900,0.0,0.0
2022-03-25 00:00:00+09:00,2106.0192044475884,2124.590802370407,2086.5190266286295,2122.733642578125,36000,0.0,0.0
2022-03-28 00:00:00+09:00,2122.733857882396,2122.733857882396,2089.3049782307044,2106.947998046875,26300,0.0,0.0
2022-03-29 00:00:00+09:00,2098.590764995234,2134.8053843911694,2041.018805955542,2131.091064453125,30900,0.0,0.0
2022-03-30 00:00:00+09:00,2152.448162074043,2207.234375,2140.37662363273,2207.234375,38500,0.0,0.0
2022-03-31 00:00:00+09:00,2177.5199421334773,2211.87739964262,2168.2341428066825,2182.162841796875,31400,0.0,0.0
2022-04-01 00:00:00+09:00,2172.8771533407426,2223.9490522440506,2168.234253440442,2219.30615234375,27700,0.0,0.0
2022-04-04 00:00:00+09:00,2227.66318110751,2228.5917610079296,2202.591523796171,2224.87744140625,27600,0.0,0.0
2022-04-05 00:00:00+09:00,2257.37781655161,2270.3779356103196,2227.6632587031318,2258.306396484375,37700,0.0,0.0
2022-04-06 00:00:00+09:00,2241.592022204953,2299.1639796932327,2223.949002974674,2277.806640625,42700,0.0,0.0
2022-04-07 00:00:00+09:00,2238.806199761603,2293.5924153509577,2192.3772034994377,2218.37744140625,48300,0.0,0.0
2022-04-08 00:00:00+09:00,2228.5916608364428,2262.0205357489895,2222.09160182567,2239.734619140625,47200,0.0,0.0
2022-04-11 00:00:00+09:00,2232.3061280736624,2252.734886317265,2185.877132065475,2204.44873046875,40300,0.0,0.0
2022-04-12 00:00:00+09:00,2240.6633244425625,2273.1636213159522,2203.5201280158312,2252.73486328125,49800,0.0,0.0
2022-04-13 00:00:00+09:00,2252.7349817188137,2280.592380503465,2234.163382529046,2277.806640625,37100,0.0,0.0
2022-04-14 00:00:00+09:00,2277.8064144841524,2310.306709839613,2266.6634560765656,2279.66357421875,24400,0.0,0.0
2022-04-15 00:00:00+09:00,2279.663794301722,2289.878173828125,2258.306455291971,2289.878173828125,23500,0.0,0.0
2022-04-18 00:00:00+09:00,2259.235160574262,2273.1638607011073,2233.2349203374847,2264.806640625,22100,0.0,0.0
2022-04-19 00:00:00+09:00,2246.2350119630923,2269.449511880032,2239.734951986349,2249.020751953125,28200,0.0,0.0
2022-04-20 00:00:00+09:00,2249.0206756208086,2280.592394436295,2214.6632169098384,2215.591796875,100800,0.0,0.0
2022-04-21 00:00:00+09:00,2224.8775421564023,2288.0209782443135,2224.8775421564023,2286.163818359375,46100,0.0,0.0
2022-04-22 00:00:00+09:00,2247.1634552601336,2266.663634004127,2210.020257652528,2222.091796875,59500,0.0,0.0
2022-04-25 00:00:00+09:00,2218.377502335258,2222.091822138247,2129.233827063519,2135.73388671875,51100,0.0,0.0
2022-04-26 00:00:00+09:00,2168.2341487233234,2227.663264576982,2159.8769293064024,2208.1630859375,43200,0.0,0.0
2022-04-27 00:00:00+09:00,2177.5199307436583,2249.0205851859873,2166.376971609789,2244.377685546875,79200,0.0,0.0
2022-04-28 00:00:00+09:00,2232.306117337925,2270.377893881542,2226.7346378437373,2266.66357421875,38800,0.0,0.0
2022-05-02 00:00:00+09:00,2263.877695466353,2263.877695466353,2224.877341401715,2239.734619140625,27100,0.0,0.0
2022-05-06 00:00:00+09:00,2274.092391597824,2274.092391597824,2162.6627929895194,2183.091552734375,38700,0.0,0.0
2022-05-09 00:00:00+09:00,2150.5911178622314,2161.7340770221394,2114.3765005925306,2118.0908203125,28900,0.0,0.0
2022-05-10 00:00:00+09:00,2106.947662709752,2158.9481338916585,2083.7331666464006,2147.80517578125,68800,0.0,0.0
2022-05-11 00:00:00+09:00,2118.090714623918,2187.7342058982686,2118.090714623918,2145.01953125,64900,0.0,0.0
2022-05-12 00:00:00+09:00,2191.448584977343,2191.448584977343,2090.233374908474,2100.44775390625,37000,0.0,0.0
2022-05-13 00:00:00+09:00,2056.804616975009,2274.0923282039716,2022.4471583618824,2227.663330078125,109300,0.0,0.0
2022-05-16 00:00:00+09:00,2202.591637409909,2240.66341529094,2088.376303766815,2109.733642578125,82100,0.0,0.0
2022-05-17 00:00:00+09:00,2114.376494426702,2117.162234208555,2073.518977626186,2092.090576171875,38600,0.0,0.0
2022-05-18 00:00:00+09:00,2087.4475941559335,2131.0908490159554,2070.733156124436,2108.804931640625,39800,0.0,0.0
2022-05-19 00:00:00+09:00,2063.304610102927,2097.6620676068915,2033.590052261661,2067.947509765625,35600,0.0,0.0
2022-05-20 00:00:00+09:00,2067.947580986962,2086.51918027737,2015.9471029738186,2075.376220703125,35900,0.0,0.0
2022-05-23 00:00:00+09:00,2079.0904456921553,2119.9479622667222,2073.51896615926,2116.233642578125,28400,0.0,0.0
2022-05-24 00:00:00+09:00,2114.3766334870734,2114.3766334870734,2059.5904141740575,2080.94775390625,32300,0.0,0.0
2022-05-25 00:00:00+09:00,2080.0190670703837,2080.0190670703837,2028.9471703342806,2031.73291015625,39500,0.0,0.0
2022-05-26 00:00:00+09:00,2053.0902426291746,2113.4479385906834,2053.0902426291746,2081.876220703125,29600,0.0,0.0
2022-05-27 00:00:00+09:00,2090.2335933848094,2118.0909935631944,2077.233473301563,2110.662353515625,28500,0.0,0.0
2022-05-30 00:00:00+09:00,2153.376769993592,2194.2342852500465,2132.0194324731724,2184.948486328125,67000,0.0,0.0
2022-05-31 00:00:00+09:00,2182.1627466515483,2191.44854557347,2126.4479531200195,2184.948486328125,291800,0.0,0.0
2022-06-01 00:00:00+09:00,2167.305770210598,2270.3781525985055,2167.305770210598,2242.520751953125,62400,0.0,0.0
2022-06-02 00:00:00+09:00,2229.5203338829247,2229.5203338829247,2179.3770194182525,2198.877197265625,22200,0.0,0.0
2022-06-03 00:00:00+09:00,2221.16321693481,2246.2348753199435,2212.8059974730986,2222.091796875,30300,0.0,0.0
2022-06-06 00:00:00+09:00,2191.448706373893,2214.663205382091,2177.520006968974,2201.6630859375,18900,0.0,0.0
2022-06-07 00:00:00+09:00,2200.7342211298583,2218.377238092503,2186.8055235277707,2210.02001953125,30900,0.0,0.0
2022-06-08 00:00:00+09:00,2223.9489268293282,2227.663246540108,2201.66300856465,2206.305908203125,35600,0.0,0.0
2022-06-09 00:00:00+09:00,2206.3061311141305,2243.4493319746375,2197.9489109205165,2242.520751953125,36800,0.0,0.0
2022-06-10 00:00:00+09:00,2227.663432426629,2243.4492925146874,2208.1632523178505,2212.80615234375,22200,0.0,0.0
2022-06-13 00:00:00+09:00,2146.876863096191,2203.5202405394725,2146.876863096191,2175.662841796875,32900,0.0,0.0
2022-06-14 00:00:00+09:00,2147.80517578125,2154.305234678988,2122.7335200328307,2147.80517578125,36200,0.0,0.0
2022-06-15 00:00:00+09:00,2145.0195546127393,2159.876832913087,2128.3051165248476,2134.80517578125,18100,0.0,0.0
2022-06-16 00:00:00+09:00,2138.519428256523,2156.1624456846057,2110.6620323174457,2115.304931640625,27100,0.0,0.0
2022-06-17 00:00:00+09:00,2053.090190333271,2056.804509990138,1968.5894181395452,1975.0894775390625,55200,0.0,0.0
2022-06-20 00:00:00+09:00,1977.8752434253693,1977.8752434253693,1878.5171912908554,1901.731689453125,35000,0.0,0.0
2022-06-21 00:00:00+09:00,1903.5888383292702,1987.1610312315308,1903.5888383292702,1963.946533203125,15900,0.0,0.0
2022-06-22 00:00:00+09:00,1963.9466664488887,1986.2325860681667,1946.3036467502934,1977.8753662109375,22800,0.0,0.0
2022-06-23 00:00:00+09:00,1977.8752859242397,2015.947063728415,1967.6609065133632,1969.51806640625,14800,0.0,0.0
2022-06-24 00:00:00+09:00,1968.5895157930893,1990.8754348398036,1960.2322961505715,1985.303955078125,21900,0.0,0.0
2022-06-27 00:00:00+09:00,2011.304205568901,2011.304205568901,1969.5181071152535,1999.232666015625,24500,0.0,0.0
2022-06-28 00:00:00+09:00,1990.8753751456875,1999.2325945376238,1967.6608768347537,1991.803955078125,27500,0.0,0.0
2022-06-29 00:00:00+09:00,1991.804025071039,2041.9473431847155,1946.3036067827027,2037.304443359375,60500,0.0,0.0
2022-06-30 00:00:00+09:00,2052.16163897385,2078.1618769336997,2028.0185608682752,2054.018798828125,33700,0.0,0.0
2022-07-01 00:00:00+09:00,2056.804592849248,2056.804592849248,2006.661275461501,2021.5185546875,22000,0.0,0.0
2022-07-04 00:00:00+09:00,2026.1615062686178,2065.161865234375,2026.1615062686178,2065.161865234375,12200,0.0,0.0
2022-07-05 00:00:00+09:00,2084.6620430851613,2110.6622823753105,2077.2334032879758,2103.233642578125,18000,0.0,0.0
2022-07-06 00:00:00+09:00,2081.8762855411787,2110.662264511641,2063.3046862053966,2101.37646484375,20800,0.0,0.0
2022-07-07 00:00:00+09:00,2101.3763282323143,2125.519405799279,2084.661889916724,2112.519287109375,12700,0.0,0.0
2022-07-08 00:00:00+09:00,2097.6621449765935,2119.019484212743,2081.8762855411787,2101.37646484375,25300,0.0,0.0
2022-07-11 00:00:00+09:00,2118.0908737949894,2139.4482127240926,2106.9479143537183,2123.662353515625,21800,0.0,0.0
2022-07-12 00:00:00+09:00,2112.5193223450415,2112.5193223450415,2072.5903857029152,2078.161865234375,13200,0.0,0.0
2022-07-13 00:00:00+09:00,2080.947512012318,2121.805026750623,2080.947512012318,2119.019287109375,17000,0.0,0.0
2022-07-14 00:00:00+09:00,2111.590694785329,2116.233594290134,2088.376197261304,2098.590576171875,13300,0.0,0.0
2022-07-15 00:00:00+09:00,2098.59067147001,2113.4479505600634,2077.2333327780584,2095.804931640625,12300,0.0,0.0
2022-07-19 00:00:00+09:00,2102.305098095251,2111.590897998499,2087.447818250055,2106.947998046875,10400,0.0,0.0
2022-07-20 00:00:00+09:00,2134.805101758229,2184.9484142832157,2121.8049836961954,2177.519775390625,22800,0.0,0.0
2022-07-21 00:00:00+09:00,2153.3767931096886,2181.2341901744967,2152.448213207528,2174.734130859375,12200,0.0,0.0
2022-07-22 00:00:00+09:00,2174.734231836845,2209.0916898120645,2158.94837276715,2197.94873046875,14400,0.0,0.0
2022-07-25 00:00:00+09:00,2197.9487671422344,2197.9487671422344,2154.305508986052,2163.59130859375,11100,0.0,0.0
2022-07-26 00:00:00+09:00,2163.591467680273,2186.8059684064565,2147.8056071864685,2180.305908203125,7800,0.0,0.0
2022-07-27 00:00:00+09:00,2172.877084112025,2197.0201628243803,2149.662585350144,2173.8056640625,25800,0.0,0.0
2022-07-28 00:00:00+09:00,2197.948599421162,2199.805759200985,2139.44806635672,2197.02001953125,34800,0.0,0.0
2022-07-29 00:00:00+09:00,2220.234721011513,2225.8062008634865,2197.9488016036184,2205.37744140625,16700,0.0,0.0
2022-08-01 00:00:00+09:00,2209.0915844916904,2267.5921182550264,2209.0915844916904,2262.94921875,25600,0.0,0.0
2022-08-02 00:00:00+09:00,2261.0920814498168,2261.0920814498168,2195.1629078223273,2214.6630859375,25800,0.0,0.0
2022-08-03 00:00:00+09:00,2236.020459985873,2254.592058490739,2193.305783424681,2218.37744140625,20200,0.0,0.0
2022-08-04 00:00:00+09:00,2218.3774771142394,2227.6632765161407,2186.8057591477746,2222.091796875,15000,0.0,0.0
2022-08-05 00:00:00+09:00,2236.9492119963165,2254.5922319331908,2219.3061920594423,2249.020751953125,24900,0.0,0.0
2022-08-08 00:00:00+09:00,2265.735077899298,2268.5208177491745,2211.877440801692,2249.94921875,23900,0.0,0.0
2022-08-09 00:00:00+09:00,2226.7347314973854,2288.9495884658277,2226.7347314973854,2263.8779296875,60500,0.0,0.0
2022-08-10 00:00:00+09:00,2412.450701911452,2432.8794607421114,2279.663769512169,2376.236083984375,132400,0.0,0.0
2022-08-12 00:00:00+09:00,2405.022108756026,2461.665486607036,2377.1647098129056,2431.950927734375,81900,0.0,0.0
2022-08-15 00:00:00+09:00,2435.6651405726316,2461.6653784437844,2390.164724298114,2458.879638671875,55000,0.0,0.0
2022-08-16 00:00:00+09:00,2441.2366080568445,2453.308147008818,2414.307790394749,2444.950927734375,54000,0.0,0.0
2022-08-17 00:00:00+09:00,2459.8080848600634,2532.2373149918435,2420.8077301737203,2508.09423828125,79100,0.0,0.0
2022-08-18 00:00:00+09:00,2501.594567268953,2501.594567268953,2435.6653860231863,2484.880126953125,39600,0.0,0.0
2022-08-19 00:00:00+09:00,2498.8085474749796,2587.023639266181,2498.8085474749796,2557.30908203125,58100,0.0,0.0
2022-08-22 00:00:00+09:00,2531.3088736621453,2536.88035320799,2482.0941376738497,2535.023193359375,28500,0.0,0.0
2022-08-23 00:00:00+09:00,2504.380132418291,2535.9518508099195,2465.379774405103,2530.38037109375,40000,0.0,0.0
2022-08-24 00:00:00+09:00,2524.8088137398604,2525.7373936640015,2476.5226576845193,2496.951416015625,30800,0.0,0.0
2022-08-25 00:00:00+09:00,2496.951393213728,2570.309206550985,2496.951393213728,2545.237548828125,50600,0.0,0.0
2022-08-26 00:00:00+09:00,2545.237506020153,2572.166323121424,2515.52294921875,2515.52294921875,23800,0.0,0.0
2022-08-29 00:00:00+09:00,2469.093989371199,2530.380263646678,2426.3793133610166,2519.2373046875,28200,0.0,0.0
2022-08-30 00:00:00+09:00,2526.6658686450874,2574.0234428093286,2517.380069789354,2561.951904296875,18900,0.0,0.0
2022-08-31 00:00:00+09:00,2542.4517266998346,2574.0234428093286,2542.4517266998346,2561.951904296875,25700,0.0,0.0
2022-09-01 00:00:00+09:00,2515.5229186558263,2532.2373566535393,2489.5226817704947,2499.737060546875,34100,0.0,0.0
2022-09-02 00:00:00+09:00,2499.737227842032,2516.451666958361,2451.451070394861,2466.308349609375,42600,0.0,0.0
2022-09-05 00:00:00+09:00,2466.3082839184062,2476.522663106321,2417.093547831179,2446.80810546875,22800,0.0,0.0
2022-09-06 00:00:00+09:00,2441.2366437394826,2461.6654022644993,2417.093565482645,2448.665283203125,26500,0.0,0.0
2022-09-07 00:00:00+09:00,2447.73681640625,2455.1654562132494,2410.593617371254,2447.73681640625,20400,0.0,0.0
2022-09-08 00:00:00+09:00,2468.165420674195,2497.879978033704,2463.522521086772,2495.09423828125,21000,0.0,0.0
2022-09-09 00:00:00+09:00,2461.6654560321485,2491.380014535743,2454.23681640625,2454.23681640625,22200,0.0,0.0
2022-09-12 00:00:00+09:00,2472.8083025088745,2504.3800194766936,2471.8797225980566,2493.237060546875,16300,0.0,0.0
2022-09-13 00:00:00+09:00,2507.1659825211864,2509.0231425082393,2460.736982844868,2465.3798828125,21700,0.0,0.0
2022-09-14 00:00:00+09:00,2428.2366015773414,2457.951160372934,2384.5933433463147,2444.0224609375,25900,0.0,0.0
2022-09-15 00:00:00+09:00,2451.4510170990566,2476.522675228479,2433.807998415389,2460.73681640625,21000,0.0,0.0
2022-09-16 00:00:00+09:00,2460.7370464969285,2494.1659271285853,2440.3082861109165,2484.880126953125,35100,0.0,0.0
2022-09-20 00:00:00+09:00,2495.094303379496,2651.0957335870717,2495.094303379496,2552.666259765625,37500,0.0,0.0
2022-09-21 00:00:00+09:00,2552.666302551292,2552.666302551292,2488.594285499259,2506.2373046875,18100,0.0,0.0
2022-09-22 00:00:00+09:00,2470.9510929129465,2500.6656494605654,2429.164997767857,2437.522216796875,21100,0.0,0.0
2022-09-26 00:00:00+09:00,2421.7364529857614,2421.7364529857614,2382.7360959974935,2396.664794921875,29600,0.0,0.0
2022-09-27 00:00:00+09:00,2396.6647478382815,2444.9509031608663,2396.6647478382815,2417.093505859375,23700,0.0,0.0
2022-09-28 00:00:00+09:00,2390.164615209904,2394.807514617848,2331.6640826698012,2371.593017578125,27200,0.0,0.0
2022-09-29 00:00:00+09:00,2421.736353297953,2449.59375,2395.7361163760424,2449.59375,22500,0.0,0.0
2022-09-30 00:00:00+09:00,2449.5938093880654,2468.165407639681,2425.4507316609656,2443.09375,17100,0.0,0.0
2022-10-03 00:00:00+09:00,2430.09362007345,2472.80829585617,2395.73616346561,2467.23681640625,13200,0.0,0.0
2022-10-04 00:00:00+09:00,2485.808486566311,2574.952160346799,2485.808486566311,2550.80908203125,34000,0.0,0.0
2022-10-05 00:00:00+09:00,2586.0949398327425,2608.3808567289675,2570.30908203125,2570.30908203125,28000,0.0,0.0
2022-10-06 00:00:00+09:00,2576.809272476808,2598.1666105910303,2554.5233544445764,2571.23779296875,28100,0.0,0.0
2022-10-07 00:00:00+09:00,2553.594959544961,2564.73791936843,2526.666139971578,2539.666259765625,24800,0.0,0.0
2022-10-11 00:00:00+09:00,2514.594554979556,2539.6662141318634,2482.094256078417,2483.951416015625,41800,0.0,0.0
2022-10-12 00:00:00+09:00,2489.5227285778033,2505.308586983556,2472.80829026583,2479.308349609375,22100,0.0,0.0
2022-10-13 00:00:00+09:00,2479.308451745966,2479.308451745966,2380.8789776317067,2388.3076171875,26700,0.0,0.0
2022-10-14 00:00:00+09:00,2434.7365543744036,2474.6654910022066,2418.022115786021,2432.87939453125,24200,0.0,0.0
2022-10-17 00:00:00+09:00,2408.736227662536,2445.8794231546335,2408.736227662536,2423.593505859375,20400,0.0,0.0
2022-10-18 00:00:00+09:00,2462.5940795380593,2462.5940795380593,2406.879281358465,2407.807861328125,19500,0.0,0.0
2022-10-19 00:00:00+09:00,2405.0220618614785,2442.165259728065,2398.522002234826,2414.307861328125,19900,0.0,0.0
2022-10-20 00:00:00+09:00,2388.3075407187025,2455.16529458019,2388.3075407187025,2431.022216796875,24100,0.0,0.0
2022-10-21 00:00:00+09:00,2424.522347746728,2461.665547252614,2419.879447808492,2425.450927734375,18400,0.0,0.0
2022-10-24 00:00:00+09:00,2425.45065825305,2447.73657548049,2388.3074628739832,2397.59326171875,17200,0.0,0.0
2022-10-25 00:00:00+09:00,2431.9509225519223,2440.3081422170494,2391.09340418908,2405.95068359375,19500,0.0,0.0
2022-10-26 00:00:00+09:00,2418.0221692909813,2435.665188191338,2395.7362506800046,2400.379150390625,16100,0.0,0.0
2022-10-27 00:00:00+09:00,2393.879120933595,2400.3791806102963,2367.878882226791,2378.09326171875,20300,0.0,0.0
2022-10-28 00:00:00+09:00,2362.3073031059016,2451.4509749212184,2362.3073031059016,2431.022216796875,90400,0.0,0.0
2022-10-31 00:00:00+09:00,2443.0936834927265,2552.6661101944146,2420.8077661974676,2423.593505859375,37900,0.0,0.0
2022-11-01 00:00:00+09:00,2406.879273706082,2479.3085111092746,2406.879273706082,2457.951171875,18700,0.0,0.0
2022-11-02 00:00:00+09:00,2433.808111927992,2465.379831044952,2418.022252369512,2421.736572265625,21800,0.0,0.0
2022-11-04 00:00:00+09:00,2414.307771778475,2449.5938084429295,2400.3790730951378,2405.02197265625,29900,0.0,0.0
2022-11-07 00:00:00+09:00,2434.736596109309,2458.8796744841534,2418.0221572344167,2424.522216796875,22400,0.0,0.0
2022-11-08 00:00:00+09:00,2414.3079437011534,2468.165582445256,2414.3079437011534,2435.665283203125,32400,0.0,0.0
2022-11-09 00:00:00+09:00,2442.165187976227,2454.236726928201,2431.022228943636,2444.950927734375,22500,0.0,0.0
2022-11-10 00:00:00+09:00,2456.094036189124,2457.951196140874,2423.5937370335023,2447.73681640625,39500,0.0,0.0
2022-11-11 00:00:00+09:00,2479.3085050649765,2682.667517278171,2479.3085050649765,2648.31005859375,142000,0.0,0.0
2022-11-14 00:00:00+09:00,2648.3099752286585,2648.3099752286585,2588.880859375,2588.880859375,25200,0.0,0.0
2022-11-15 00:00:00+09:00,2587.02371734291,2607.4524760584677,2573.095018218666,2590.738037109375,34400,0.0,0.0
2022-11-16 00:00:00+09:00,2612.0953399798536,2630.666938557741,2597.238061117544,2625.095458984375,19900,0.0,0.0
2022-11-17 00:00:00+09:00,2625.095465222775,2704.0247593663676,2625.095465222775,2689.16748046875,43400,0.0,0.0
2022-11-18 00:00:00+09:00,2691.953134655279,2691.953134655279,2628.8097013484285,2629.73828125,29100,0.0,0.0
2022-11-21 00:00:00+09:00,2655.7385852869083,2690.096042509151,2645.524206112728,2687.310302734375,18300,0.0,0.0
2022-11-22 00:00:00+09:00,2688.2390473034916,2730.953726466172,2688.2390473034916,2730.025146484375,26700,0.0,0.0
2022-11-24 00:00:00+09:00,2739.3107616268076,2780.168278071411,2730.024962434852,2761.5966796875,25400,0.0,0.0
2022-11-25 00:00:00+09:00,2777.3825509552908,2827.5258668200804,2767.1681717976485,2813.59716796875,33800,0.0,0.0
2022-11-28 00:00:00+09:00,2827.5259945474713,2832.1688943743143,2750.453857421875,2750.453857421875,18300,0.0,0.0
2022-11-29 00:00:00+09:00,2741.167902779555,2749.525121995346,2711.4533455678525,2721.667724609375,17400,0.0,0.0
2022-11-30 00:00:00+09:00,2735.5966823768285,2735.5966823768285,2697.52490234375,2697.52490234375,17500,0.0,0.0
2022-12-01 00:00:00+09:00,2718.882026097709,2720.739185951601,2667.8101301156826,2675.23876953125,24000,0.0,0.0
2022-12-02 00:00:00+09:00,2661.3099836629817,2661.3099836629817,2577.73779296875,2577.73779296875,22200,0.0,0.0
2022-12-05 00:00:00+09:00,2555.4521908038646,2555.4521908038646,2477.4514698636303,2547.094970703125,34000,0.0,0.0
2022-12-06 00:00:00+09:00,2547.094613478413,2557.308992168994,2509.0228383589765,2548.023193359375,19700,0.0,0.0
2022-12-07 00:00:00+09:00,2511.8085276853185,2582.380597224721,2493.2369304381073,2580.5234375,29700,0.0,0.0
2022-12-08 00:00:00+09:00,2572.1666310053433,2618.5956315650064,2518.308990356134,2547.094970703125,21200,0.0,0.0
2022-12-09 00:00:00+09:00,2522.022941323437,2591.6664319711754,2522.022941323437,2584.23779296875,20500,0.0,0.0
2022-12-12 00:00:00+09:00,2600.0236146095717,2604.6665139213746,2578.666277775279,2580.5234375,9300,0.0,0.0
2022-12-13 00:00:00+09:00,2604.6667423323843,2620.452601376823,2571.237864355926,2578.66650390625,16600,0.0,0.0
2022-12-14 00:00:00+09:00,2602.8097544171205,2610.2383944582684,2590.738214350256,2609.309814453125,6100,0.0,0.0
2022-12-15 00:00:00+09:00,2617.6668075192533,2632.5240863132613,2606.5238484237475,2611.166748046875,9000,0.0,0.0
2022-12-16 00:00:00+09:00,2565.666479615402,2612.095478522666,2565.666479615402,2575.880859375,13100,0.0,0.0
2022-12-19 00:00:00+09:00,2589.80952834265,2609.3097076525087,2562.880709295702,2598.166748046875,13500,0.0,0.0
2022-12-20 00:00:00+09:00,2613.9523888262383,2635.309726283788,2522.9515596592855,2537.808837890625,27300,0.0,0.0
2022-12-21 00:00:00+09:00,2532.2374111031318,2535.9517307380465,2480.2369362143254,2505.30859375,20800,0.0,0.0
2022-12-22 00:00:00+09:00,2530.3803941342444,2558.23779296875,2514.5945347946913,2558.23779296875,13500,0.0,0.0
2022-12-23 00:00:00+09:00,2522.9517719986907,2564.7378705411793,2510.8802324197495,2560.094970703125,14400,0.0,0.0
2022-12-26 00:00:00+09:00,2556.3804964727988,2580.523574172869,2556.3804964727988,2569.380615234375,6900,0.0,0.0
2022-12-27 00:00:00+09:00,2569.38058084224,2615.809575797828,2569.38058084224,2603.738037109375,11700,0.0,0.0
2022-12-28 00:00:00+09:00,2573.0951181589303,2587.9523978018547,2432.8795415288337,2473.737060546875,76900,0.0,0.0
2022-12-29 00:00:00+09:00,2459.7935496496775,2467.4864145430306,2380.941684492808,2423.25244140625,55200,91.5,0.0
2022-12-30 00:00:00+09:00,2423.2524351861066,2435.7533406057173,2402.097056783688,2415.5595703125,18800,0.0,0.0
2023-01-04 00:00:00+09:00,2423.252495659722,2423.252495659722,2325.1684660734954,2336.707763671875,36400,0.0,0.0
2023-01-05 00:00:00+09:00,2336.707646412215,2370.3639293852307,2316.513876628406,2342.477294921875,22400,0.0,0.0
2023-01-06 00:00:00+09:00,2314.590797269121,2379.980150910293,2305.936323993084,2363.6328125,23500,0.0,0.0
2023-01-10 00:00:00+09:00,2378.05683550574,2427.098848692474,2373.2487949972365,2392.48095703125,18700,0.0,0.0
2023-01-11 00:00:00+09:00,2403.0585643103873,2432.868414447891,2362.6710254144145,2368.440673828125,17200,0.0,0.0
2023-01-12 00:00:00+09:00,2373.2486976501737,2377.0951298992018,2343.4388477202083,2349.20849609375,11400,0.0,0.0
2023-01-13 00:00:00+09:00,2322.2836173903056,2344.400604222594,2281.8960762183005,2305.936279296875,41100,0.0,0.0
2023-01-16 00:00:00+09:00,2287.665745923073,2346.3238419723825,2284.780921527205,2332.861328125,13300,0.0,0.0
2023-01-17 00:00:00+09:00,2332.8613665490693,2393.442679860113,2332.8613665490693,2382.864990234375,20200,0.0,0.0
2023-01-18 00:00:00+09:00,2394.4041619325144,2458.831904442345,2383.826472863736,2453.062255859375,20600,0.0,0.0
2023-01-19 00:00:00+09:00,2433.8302459108877,2443.446327483037,2413.636474609375,2413.636474609375,9100,0.0,0.0
2023-01-20 00:00:00+09:00,2410.751612231282,2457.8704111939196,2404.0203552366193,2443.4462890625,10600,0.0,0.0
2023-01-23 00:00:00+09:00,2461.716676424668,2482.8720541126927,2443.4461229668286,2463.639892578125,21500,0.0,0.0
2023-01-24 00:00:00+09:00,2463.640095415701,2496.3347727163,2460.7552709480015,2489.603515625,12900,0.0,0.0
2023-01-25 00:00:00+09:00,2490.5649477963816,2514.6051499951886,2479.9872588289068,2498.2578125,11200,0.0,0.0
2023-01-26 00:00:00+09:00,2488.641835496116,2561.7240532309324,2488.641835496116,2553.069580078125,15100,0.0,0.0
2023-01-27 00:00:00+09:00,2556.9159156302385,2556.9159156302385,2507.873902957376,2509.797119140625,11000,0.0,0.0
2023-01-30 00:00:00+09:00,2505.950807161858,2516.52849667789,2483.8338199919717,2507.8740234375,13800,0.0,0.0
2023-01-31 00:00:00+09:00,2507.8740764584136,2511.720509091019,2469.4097501323645,2497.29638671875,8200,0.0,0.0
2023-02-01 00:00:00+09:00,2517.4901491855053,2526.144622578427,2479.9874311495105,2485.757080078125,22100,0.0,0.0
2023-02-02 00:00:00+09:00,2475.1791636051466,2509.7970540052183,2475.1791636051466,2504.989013671875,8200,0.0,0.0
2023-02-03 00:00:00+09:00,2504.989243173507,2504.989243173507,2479.0258229947412,2485.757080078125,4900,0.0,0.0
2023-02-06 00:00:00+09:00,2485.757039232239,2517.490107818183,2480.9489985373993,2511.720458984375,12600,0.0,0.0
2023-02-07 00:00:00+09:00,2511.720437820482,2511.720437820482,2462.6784231463453,2484.79541015625,23000,0.0,0.0
2023-02-08 00:00:00+09:00,2497.296213949503,2521.336416240122,2488.6417411248804,2509.797119140625,7300,0.0,0.0
2023-02-09 00:00:00+09:00,2489.6033039869308,2532.8756673238995,2489.6033039869308,2528.067626953125,3800,0.0,0.0
2023-02-10 00:00:00+09:00,2524.2213496455443,2539.607079776717,2485.757024317612,2492.48828125,8600,0.0,0.0
2023-02-13 00:00:00+09:00,2492.4881543648494,2501.1426271230603,2462.6783037532327,2486.718505859375,11700,0.0,0.0
2023-02-14 00:00:00+09:00,2486.718466897783,2515.5667089731633,2480.948818482707,2512.681884765625,14000,0.0,0.0
2023-02-15 00:00:00+09:00,2643.4606833475887,2652.1151563014364,2547.299872749277,2555.954345703125,31600,0.0,0.0
2023-02-16 00:00:00+09:00,2583.841082284126,2620.3821917470204,2583.841082284126,2606.919677734375,16700,0.0,0.0
2023-02-17 00:00:00+09:00,2585.7643337734435,2602.111672439917,2561.724129852158,2573.263427734375,9900,0.0,0.0
2023-02-20 00:00:00+09:00,2573.2633779264215,2608.8428790412486,2571.3401616499445,2587.6875,9100,0.0,0.0
2023-02-21 00:00:00+09:00,2607.8811494789734,2607.8811494789734,2587.6873795161937,2589.610595703125,5000,0.0,0.0
2023-02-22 00:00:00+09:00,2565.5704267629562,2568.4552510809053,2528.0677106296143,2555.954345703125,16600,0.0,0.0
2023-02-24 00:00:00+09:00,2575.1865509640406,2610.7660514814675,2575.1865509640406,2609.804443359375,15300,0.0,0.0
2023-02-27 00:00:00+09:00,2579.0328739647293,2639.614183084706,2579.0328739647293,2623.266845703125,25200,0.0,0.0
2023-02-28 00:00:00+09:00,2643.4606995580853,2656.923213124405,2633.844618439285,2651.153564453125,25600,0.0,0.0
2023-03-01 00:00:00+09:00,2662.692766824447,2710.773170703545,2648.2686456607175,2683.84814453125,26500,0.0,0.0
2023-03-02 00:00:00+09:00,2706.9267481444267,2740.583030981036,2685.7713703614154,2695.387451171875,28700,0.0,0.0
2023-03-03 00:00:00+09:00,2704.0420918797176,2720.3894302730164,2675.19384765625,2675.19384765625,19500,0.0,0.0
2023-03-06 00:00:00+09:00,2678.0785789893343,2678.0785789893343,2620.382092547912,2635.767822265625,35200,0.0,0.0
2023-03-07 00:00:00+09:00,2650.191974770204,2686.733083275744,2650.191974770204,2674.232177734375,18100,0.0,0.0
2023-03-08 00:00:00+09:00,2661.731216934182,2692.5026760894907,2642.4990549621143,2680.96337890625,19100,0.0,0.0
2023-03-09 00:00:00+09:00,2700.1956424894406,2731.9287109375,2692.502777411123,2731.9287109375,15200,0.0,0.0
2023-03-10 00:00:00+09:00,2683.8481548231016,2688.656195229449,2623.266845703125,2623.266845703125,41100,0.0,0.0
2023-03-13 00:00:00+09:00,2575.1866083479,2575.1866083479,2502.104389440342,2527.106201171875,25100,0.0,0.0
2023-03-14 00:00:00+09:00,2487.6802544584384,2489.603470735561,2405.9435626807162,2431.906982421875,23600,0.0,0.0
2023-03-15 00:00:00+09:00,2476.1407943141003,2479.0256185404855,2452.1005924275555,2459.79345703125,18000,0.0,0.0
2023-03-16 00:00:00+09:00,2405.9435507625967,2423.252497170961,2377.095306748657,2416.521240234375,21400,0.0,0.0
2023-03-17 00:00:00+09:00,2426.1372750087935,2443.446221084956,2415.5595857400276,2434.791748046875,15400,0.0,0.0
2023-03-20 00:00:00+09:00,2437.676617657697,2437.676617657697,2336.707763671875,2336.707763671875,21100,0.0,0.0
2023-03-22 00:00:00+09:00,2384.7882065299636,2404.0203694858506,2370.364084313049,2382.864990234375,11300,0.0,0.0
2023-03-23 00:00:00+09:00,2382.864943596378,2401.135498046875,2344.4006184374375,2401.135498046875,11400,0.0,0.0
2023-03-24 00:00:00+09:00,2389.59619140625,2393.4426239075074,2358.8247313961897,2389.59619140625,17500,0.0,0.0
2023-03-27 00:00:00+09:00,2437.6764518177783,2447.2925324955604,2418.4442904622138,2436.71484375,19500,0.0,0.0
2023-03-28 00:00:00+09:00,2436.715061502327,2454.0240082691153,2400.173951661329,2402.09716796875,15400,0.0,0.0
2023-03-29 00:00:00+09:00,2383.8264850635774,2469.409606148958,2383.8264850635774,2468.447998046875,26600,0.0,0.0
2023-03-30 00:00:00+09:00,2486.718492939871,2506.9122626041158,2447.292561690631,2471.332763671875,19000,0.0,0.0
2023-03-31 00:00:00+09:00,2479.0256250608923,2498.2577866207134,2454.9854231111167,2467.486328125,19100,0.0,0.0
2023-04-03 00:00:00+09:00,2467.4864638006725,2484.79541015625,2462.6784231463453,2484.79541015625,9000,0.0,0.0
2023-04-04 00:00:00+09:00,2485.7568618690375,2485.7568618690375,2424.213945366284,2444.40771484375,28700,0.0,0.0
2023-04-05 00:00:00+09:00,2423.252562724589,2423.252562724589,2339.592652821002,2341.515869140625,30000,0.0,0.0
2023-04-06 00:00:00+09:00,2340.5541655089564,2343.4389898707177,2298.243408203125,2298.243408203125,27400,0.0,0.0
2023-04-07 00:00:00+09:00,2309.7826593065715,2336.707686142785,2301.1281863949316,2316.513916015625,20000,0.0,0.0
2023-04-10 00:00:00+09:00,2355.9397624029402,2388.6344366566955,2349.208505938932,2360.747802734375,48300,0.0,0.0
2023-04-11 00:00:00+09:00,2388.6346479668673,2397.2891213290663,2371.3257012424697,2394.404296875,22700,0.0,0.0
2023-04-12 00:00:00+09:00,2404.02020826062,2414.597897176967,2389.5960870110566,2410.75146484375,24700,0.0,0.0
2023-04-13 00:00:00+09:00,2402.0969984778826,2425.1755925385187,2386.711269104125,2418.4443359375,19900,0.0,0.0
2023-04-14 00:00:00+09:00,2451.1390003947163,2479.025634765625,2425.175582187318,2479.025634765625,28500,0.0,0.0
2023-04-17 00:00:00+09:00,2500.181093629946,2546.3382830508067,2498.257877404077,2503.06591796875,33400,0.0,0.0
2023-04-18 00:00:00+09:00,2519.4132713466215,2534.799001247975,2502.104325207599,2522.298095703125,20800,0.0,0.0
2023-04-19 00:00:00+09:00,2531.9140689709748,2540.568541671597,2519.4131639589646,2539.60693359375,19300,0.0,0.0
2023-04-20 00:00:00+09:00,2539.6070593360237,2644.4223450110053,2539.6070593360237,2621.34375,55100,0.0,0.0
2023-04-21 00:00:00+09:00,2631.921504363958,2706.926940001659,2621.3438147227434,2626.15185546875,47300,0.0,0.0
2023-04-24 00:00:00+09:00,2628.0750568971034,2672.3090315100803,2602.1116370155733,2606.919677734375,20000,0.0,0.0
2023-04-25 00:00:00+09:00,2601.150025902175,2618.458972470101,2572.3017816222987,2603.0732421875,24500,0.0,0.0
2023-04-26 00:00:00+09:00,2572.3016341438106,2590.572187806888,2553.069472393203,2570.37841796875,15700,0.0,0.0
2023-04-27 00:00:00+09:00,2538.645487882653,2608.842882055166,2538.645487882653,2591.533935546875,18400,0.0,0.0
2023-04-28 00:00:00+09:00,2591.5338584825076,2647.30712890625,2591.5338584825076,2647.30712890625,20200,0.0,0.0
2023-05-01 00:00:00+09:00,2667.501000228305,2709.811758703448,2661.7313513453314,2698.2724609375,22700,0.0,0.0
2023-05-02 00:00:00+09:00,2698.272481704096,2698.272481704096,2641.5376005848725,2645.384033203125,13900,0.0,0.0
2023-05-08 00:00:00+09:00,2621.343716044911,2663.654473017023,2615.574067366896,2655.0,20600,0.0,0.0
2023-05-09 00:00:00+09:00,2685.771557964719,2705.0037209290203,2664.616178703987,2702.118896484375,20600,0.0,0.0
2023-05-10 00:00:00+09:00,2674.2322275157603,2677.1170519251627,2644.422375285272,2659.80810546875,21800,0.0,0.0
2023-05-11 00:00:00+09:00,2669.424084857405,2709.81162504617,2660.7696119598127,2684.809814453125,37800,0.0,0.0
2023-05-12 00:00:00+09:00,2711.7347593310765,2808.8571744702394,2678.0784768571093,2805.0107421875,64200,0.0,0.0
2023-05-15 00:00:00+09:00,2824.2430557483344,2884.824367465101,2810.780542033497,2841.552001953125,60900,0.0,0.0
2023-05-16 00:00:00+09:00,2841.551951959611,2855.014465437592,2776.162600780845,2780.009033203125,48000,0.0,0.0
2023-05-17 00:00:00+09:00,2769.4314818904595,2795.3949020331825,2721.35107421875,2721.35107421875,34400,0.0,0.0
2023-05-18 00:00:00+09:00,2721.3510653818644,2740.583228388097,2686.7331719706463,2709.811767578125,37800,0.0,0.0
2023-05-19 00:00:00+09:00,2740.583134498917,2766.546553667854,2721.350972151556,2746.352783203125,25800,0.0,0.0
2023-05-22 00:00:00+09:00,2749.2377106683416,2749.2377106683416,2687.6947888485533,2721.35107421875,46800,0.0,0.0
2023-05-23 00:00:00+09:00,2763.6616818669527,2763.6616818669527,2671.3473041845496,2688.65625,43600,0.0,0.0
2023-05-24 00:00:00+09:00,2650.192071037723,2678.078707489136,2600.188447055879,2641.53759765625,45100,0.0,0.0
2023-05-25 00:00:00+09:00,2631.9213119506835,2664.6159866333005,2607.881109978171,2615.573974609375,38400,0.0,0.0
2023-05-26 00:00:00+09:00,2613.6509106199255,2615.5741268896977,2572.301760819831,2576.148193359375,38100,0.0,0.0
2023-05-29 00:00:00+09:00,2634.8062668126145,2646.345564331502,2600.1883742559526,2625.190185546875,44500,0.0,0.0
2023-05-30 00:00:00+09:00,2638.652755462725,2664.616175432657,2596.341996993206,2618.458984375,35200,0.0,0.0
2023-05-31 00:00:00+09:00,2662.6927932672625,2670.3856579643148,2624.2284697820005,2642.4990234375,51900,0.0,0.0
2023-06-01 00:00:00+09:00,2642.4989942702573,2664.615980030161,2596.3418065974142,2607.881103515625,41400,0.0,0.0
2023-06-02 00:00:00+09:00,2597.3035040973705,2648.2687339075005,2597.3035040973705,2643.460693359375,32600,0.0,0.0
2023-06-05 00:00:00+09:00,2709.811758703448,2716.543015733584,2684.809946877227,2698.2724609375,77900,0.0,0.0
2023-06-06 00:00:00+09:00,2669.4241958299585,2705.96530513887,2655.0000737343357,2671.347412109375,52900,0.0,0.0
2023-06-07 00:00:00+09:00,2705.003735610369,2752.122535128644,2680.00192362108,2721.35107421875,72600,0.0,0.0
2023-06-08 00:00:00+09:00,2721.3510138494316,2721.3510138494316,2635.7678900923293,2644.42236328125,68100,0.0,0.0
2023-06-09 00:00:00+09:00,2666.5392911213335,2680.001804671892,2639.6142640202165,2647.30712890625,46800,0.0,0.0
2023-06-12 00:00:00+09:00,2650.1919290597098,2711.7348475864956,2649.2303209577285,2692.502685546875,44400,0.0,0.0
2023-06-13 00:00:00+09:00,2711.734944837988,2711.734944837988,2654.0384566499456,2659.80810546875,45100,0.0,0.0
2023-06-14 00:00:00+09:00,2665.5776648888223,2715.581286308093,2665.5776648888223,2700.195556640625,56500,0.0,0.0
2023-06-15 00:00:00+09:00,2701.1571426062274,2716.5428721475946,2667.5008592344875,2673.2705078125,43800,0.0,0.0
2023-06-16 00:00:00+09:00,2665.577763271126,2671.347412109375,2634.8063028004635,2671.347412109375,58900,0.0,0.0
2023-06-19 00:00:00+09:00,2671.34730105687,2691.5410711512523,2645.3838823640926,2684.809814453125,32000,0.0,0.0
2023-06-20 00:00:00+09:00,2658.8463248533926,2677.1168782610653,2641.5373795198084,2672.308837890625,35100,0.0,0.0
2023-06-21 00:00:00+09:00,2672.3089827757876,2710.7733078247375,2658.8464690086553,2701.1572265625,41600,0.0,0.0
2023-06-22 00:00:00+09:00,2693.464202601276,2762.6999836035225,2693.464202601276,2729.043701171875,51000,0.0,0.0
2023-06-23 00:00:00+09:00,2721.3510743965007,2737.6984130059495,2630.959907967783,2641.53759765625,53600,0.0,0.0
2023-06-26 00:00:00+09:00,2610.76598647953,2629.998148442547,2581.917743535005,2604.996337890625,59200,0.0,0.0
2023-06-27 00:00:00+09:00,2601.149951807185,2601.149951807185,2563.6472353116287,2586.725830078125,63700,0.0,0.0
2023-06-28 00:00:00+09:00,2608.8427859621197,2635.76781287216,2600.1883130267497,2624.228515625,66500,0.0,0.0
2023-06-29 00:00:00+09:00,2624.228515625,2661.7312316782704,2603.0731373385397,2624.228515625,47100,0.0,0.0
2023-06-30 00:00:00+09:00,2624.2284342748876,2631.921298867852,2587.687327458308,2600.188232421875,45600,0.0,0.0
2023-07-03 00:00:00+09:00,2609.8043656659047,2627.113311348287,2582.879339048865,2589.610595703125,40700,0.0,0.0
2023-07-04 00:00:00+09:00,2575.1864095415385,2601.1498274121964,2567.4935449872696,2584.802490234375,38300,0.0,0.0
2023-07-05 00:00:00+09:00,2567.4937758759825,2578.071465589329,2549.2232209165654,2569.4169921875,38900,0.0,0.0
2023-07-06 00:00:00+09:00,2548.261577327077,2550.184793611852,2520.3749411978374,2523.259765625,59200,0.0,0.0
2023-07-07 00:00:00+09:00,2510.75872723225,2534.798929522869,2489.603349216505,2509.797119140625,52300,0.0,0.0
2023-07-10 00:00:00+09:00,2512.681888030784,2526.1444010167893,2491.526510481348,2516.5283203125,38200,0.0,0.0
2023-07-11 00:00:00+09:00,2526.1444502763798,2540.568571614083,2500.1810318685148,2502.104248046875,34800,0.0,0.0
2023-07-12 00:00:00+09:00,2527.105999205254,2527.105999205254,2504.989013671875,2504.989013671875,22700,0.0,0.0
2023-07-13 00:00:00+09:00,2520.374762359886,2528.067626953125,2493.44973628355,2528.067626953125,31900,0.0,0.0
2023-07-14 00:00:00+09:00,2546.3383519872223,2548.261568265158,2500.1811613167592,2511.720458984375,31900,0.0,0.0
2023-07-18 00:00:00+09:00,2529.9908398437497,2542.4917447916664,2518.45154296875,2524.22119140625,20000,0.0,0.0
2023-07-19 00:00:00+09:00,2537.6838967029535,2544.4151537233856,2515.5669093501047,2534.799072265625,30800,0.0,0.0
2023-07-20 00:00:00+09:00,2534.799019600609,2558.8392227455315,2531.9141952232185,2545.376708984375,58400,0.0,0.0
2023-07-21 00:00:00+09:00,2543.4534023474916,2543.4534023474916,2505.950686774126,2509.797119140625,36700,0.0,0.0
2023-07-24 00:00:00+09:00,2514.6051106770833,2532.8756640624997,2514.6051106770833,2524.22119140625,16300,0.0,0.0
2023-07-25 00:00:00+09:00,2524.2213797062,2535.760677442,2511.7204738257506,2530.95263671875,29500,0.0,0.0
2023-07-26 00:00:00+09:00,2515.566888540069,2516.52849667789,2495.3731176458255,2507.8740234375,24600,0.0,0.0
2023-07-27 00:00:00+09:00,2513.643561019141,2521.33642578125,2493.4497910186046,2521.33642578125,32800,0.0,0.0
2023-07-28 00:00:00+09:00,2527.106201171875,2536.72228260708,2482.872226569932,2527.106201171875,65000,0.0,0.0
2023-07-31 00:00:00+09:00,2561.7240623242405,2565.570494850253,2550.1847647462037,2564.60888671875,37400,0.0,0.0
2023-08-01 00:00:00+09:00,2572.3018195775235,2588.6491582439976,2561.724129852158,2573.263427734375,37900,0.0,0.0
2023-08-02 00:00:00+09:00,2573.263379878326,2573.263379878326,2508.835634567471,2511.720458984375,44200,0.0,0.0
2023-08-03 00:00:00+09:00,2491.5267082396363,2491.5267082396363,2454.0239905162302,2458.83203125,69800,0.0,0.0
2023-08-04 00:00:00+09:00,2463.640086696922,2488.64189866184,2458.8320459344377,2478.064208984375,32600,0.0,0.0
2023-08-07 00:00:00+09:00,2490.5650887838224,2523.259765625,2471.3329259360708,2523.259765625,70900,0.0,0.0
2023-08-08 00:00:00+09:00,2454.985540793625,2454.985540793625,2360.747944633118,2385.749755859375,264400,0.0,0.0
2023-08-09 00:00:00+09:00,2384.788017566269,2390.5576659958647,2348.246910845495,2376.133544921875,82000,0.0,0.0
2023-08-10 00:00:00+09:00,2376.13360674713,2377.09521484375,2339.592499075584,2377.09521484375,51500,0.0,0.0
2023-08-14 00:00:00+09:00,2372.2871390378846,2372.2871390378846,2334.784423828125,2334.784423828125,77000,0.0,0.0
2023-08-15 00:00:00+09:00,2337.669306841978,2337.669306841978,2319.398752818943,2331.899658203125,45200,0.0,0.0
2023-08-16 00:00:00+09:00,2308.8210944457905,2318.4371756388177,2285.742499582526,2294.39697265625,110200,0.0,0.0
2023-08-17 00:00:00+09:00,2276.126337965077,2276.126337965077,2238.623622637389,2270.356689453125,74000,0.0,0.0
2023-08-18 00:00:00+09:00,2241.5086096149603,2254.009515631689,2222.2764465123005,2246.316650390625,74700,0.0,0.0
2023-08-21 00:00:00+09:00,2246.316529886655,2265.548691957603,2240.546881265371,2248.23974609375,60800,0.0,0.0
2023-08-22 00:00:00+09:00,2266.5103032139,2266.5103032139,2234.7772357526956,2252.086181640625,48300,0.0,0.0
2023-08-23 00:00:00+09:00,2228.046043132689,2256.894287109375,2228.046043132689,2256.894287109375,65100,0.0,0.0
2023-08-24 00:00:00+09:00,2251.124595159217,2285.742487267603,2245.3549464744856,2279.01123046875,49600,0.0,0.0
2023-08-25 00:00:00+09:00,2237.6620693417453,2275.1647855876963,2233.815636906263,2263.62548828125,48100,0.0,0.0
2023-08-28 00:00:00+09:00,2283.819267937216,2285.7424841628476,2268.4335381321653,2275.164794921875,34500,0.0,0.0
2023-08-29 00:00:00+09:00,2280.9344038112463,2304.9746062122927,2279.0111876191627,2301.128173828125,58800,0.0,0.0
2023-08-30 00:00:00+09:00,2318.437194064445,2330.9380997147305,2302.08985590638,2317.4755859375,57400,0.0,0.0
2023-08-31 00:00:00+09:00,2322.283509109194,2340.5540625970093,2322.283509109194,2323.2451171875,31200,0.0,0.0
2023-09-01 00:00:00+09:00,2327.0915687435963,2346.32373046875,2320.3603121397928,2346.32373046875,39500,0.0,0.0
2023-09-04 00:00:00+09:00,2360.74800575865,2388.6346420792206,2355.939965013724,2386.71142578125,84400,0.0,0.0
2023-09-05 00:00:00+09:00,2394.404296875,2409.7900272966867,2380.941782756024,2394.404296875,44500,0.0,0.0
2023-09-06 00:00:00+09:00,2379.018477454265,2386.7113423773185,2354.978274569723,2358.82470703125,131100,0.0,0.0
2023-09-07 00:00:00+09:00,2344.4006287374614,2359.7863588686346,2328.0532904730903,2336.707763671875,72600,0.0,0.0
2023-09-08 00:00:00+09:00,2307.859486326488,2322.2836081160285,2287.665715821131,2294.39697265625,111600,0.0,0.0
2023-09-11 00:00:00+09:00,2298.243370675104,2304.0130193044142,2241.50849248689,2252.086181640625,107500,0.0,0.0
2023-09-12 00:00:00+09:00,2259.778955283285,2288.627197265625,2253.0476988207392,2288.627197265625,54000,0.0,0.0
2023-09-13 00:00:00+09:00,2277.0879069828306,2307.8593651853016,2273.241474707522,2296.320068359375,71500,0.0,0.0
2023-09-14 00:00:00+09:00,2304.9745604861437,2325.1683301024177,2292.473655485593,2319.398681640625,78300,0.0,0.0
2023-09-15 00:00:00+09:00,2329.0149396181205,2332.861372218646,2303.0515195645744,2310.744384765625,85100,0.0,0.0
2023-09-19 00:00:00+09:00,2319.3986913095605,2330.93798828125,2312.6674347427415,2330.93798828125,94100,0.0,0.0
2023-09-20 00:00:00+09:00,2345.362125577786,2359.7862468913027,2342.477301315083,2350.170166015625,108300,0.0,0.0
2023-09-21 00:00:00+09:00,2354.978236868178,2357.863061168139,2300.166575168919,2312.66748046875,115000,0.0,0.0
2023-09-22 00:00:00+09:00,2283.8192984944862,2321.32201539608,2277.0880416147133,2313.629150390625,78900,0.0,0.0
2023-09-25 00:00:00+09:00,2330.938098728154,2413.6363976104235,2316.5139768300837,2393.442626953125,251400,0.0,0.0
2023-09-26 00:00:00+09:00,2404.020222183926,2404.020222183926,2354.0166015625,2354.0166015625,91600,0.0,0.0
2023-09-27 00:00:00+09:00,2330.9380323840724,2384.7880859375,2322.2835594915573,2384.7880859375,105700,0.0,0.0
2023-09-28 00:00:00+09:00,2377.0952705058316,2393.442608531155,2349.2086350508685,2370.364013671875,91900,0.0,0.0
2023-09-29 00:00:00+09:00,2376.133571367091,2377.0951794493926,2331.89959958122,2334.784423828125,109400,0.0,0.0
2023-10-02 00:00:00+09:00,2363.6327097680614,2386.7113041677494,2310.744264268776,2312.66748046875,129100,0.0,0.0
2023-10-03 00:00:00+09:00,2310.7444146625066,2312.6676309876525,2269.395263671875,2269.395263671875,108300,0.0,0.0
2023-10-04 00:00:00+09:00,2236.7004734473894,2251.124595159217,2196.312932654272,2203.044189453125,169200,0.0,0.0
2023-10-05 00:00:00+09:00,2231.8925338588883,2255.9327377996347,2210.7371543910317,2254.009521484375,126400,0.0,0.0
2023-10-06 00:00:00+09:00,2260.7406608419215,2278.0496067777594,2247.27814733627,2259.779052734375,61700,0.0,0.0
2023-10-10 00:00:00+09:00,2292.4738121978776,2298.24346105408,2270.356824915767,2287.665771484375,106500,0.0,0.0
2023-10-11 00:00:00+09:00,2297.281790846431,2307.8594801303616,2275.164804161848,2286.7041015625,64000,0.0,0.0
2023-10-12 00:00:00+09:00,2298.24342640748,2321.322021484375,2280.9344800998083,2321.322021484375,62100,0.0,0.0
2023-10-13 00:00:00+09:00,2309.7826242071883,2310.744232293869,2269.3950845665963,2274.203125,81200,0.0,0.0
2023-10-16 00:00:00+09:00,2255.9325521111437,2261.7022005820163,2233.8155663061325,2251.12451171875,59100,0.0,0.0
2023-10-17 00:00:00+09:00,2272.279856877696,2302.089706883286,2271.3182488129996,2284.78076171875,55600,0.0,0.0
2023-10-18 00:00:00+09:00,2284.7809559284815,2302.0899025643034,2265.5487929997907,2299.205078125,53800,0.0,0.0
2023-10-19 00:00:00+09:00,2260.7407256626525,2286.7041453108413,2257.8559012572982,2264.587158203125,62100,0.0,0.0
2023-10-20 00:00:00+09:00,2243.431761176634,2254.00945057781,2217.468341737385,2241.508544921875,92600,0.0,0.0
2023-10-23 00:00:00+09:00,2223.2380639486755,2235.738970017591,2178.04248046875,2178.04248046875,127700,0.0,0.0
2023-10-24 00:00:00+09:00,2186.6967254171227,2210.7369268838893,2141.5011466596006,2197.2744140625,176700,0.0,0.0
2023-10-25 00:00:00+09:00,2221.314615529267,2229.969088057303,2190.5431576518054,2197.2744140625,60900,0.0,0.0
2023-10-26 00:00:00+09:00,2164.5797753862926,2205.9289225838093,2160.733343088849,2167.464599609375,77600,0.0,0.0
2023-10-27 00:00:00+09:00,2191.5049594514267,2212.660338612432,2175.1576210088315,2211.69873046875,78500,0.0,0.0
2023-10-30 00:00:00+09:00,2204.967449423708,2208.813881956501,2165.5415159625773,2180.92724609375,89100,0.0,0.0
2023-10-31 00:00:00+09:00,2167.464695290412,2223.237966065409,2159.7718303559295,2210.737060546875,78000,0.0,0.0
2023-11-01 00:00:00+09:00,2238.623726585881,2255.9326729254626,2226.122820896183,2249.201416015625,74100,0.0,0.0
2023-11-02 00:00:00+09:00,2257.8559102041086,2285.742546233035,2249.201436953752,2276.12646484375,69300,0.0,0.0
2023-11-06 00:00:00+09:00,2305.9362762374685,2314.5907493342734,2290.550546287594,2302.08984375,107400,0.0,0.0
2023-11-07 00:00:00+09:00,2306.8977798562964,2345.36210298854,2299.2049152298478,2323.2451171875,105700,0.0,0.0
2023-11-08 00:00:00+09:00,2333.8228490935476,2336.7076733816734,2280.9344038112463,2301.128173828125,89900,0.0,0.0
2023-11-09 00:00:00+09:00,2301.128250792092,2327.0916702535987,2291.512169510052,2321.322021484375,118100,0.0,0.0
2023-11-10 00:00:00+09:00,2384.7881806930695,2448.254317759901,2364.594409808168,2428.060546875,449700,0.0,0.0
2023-11-13 00:00:00+09:00,2415.5595322646104,2433.830086051644,2354.978222339184,2369.40234375,172300,0.0,0.0
2023-11-14 00:00:00+09:00,2394.4042880079073,2402.097153190262,2367.479259869666,2382.864990234375,102500,0.0,0.0
2023-11-15 00:00:00+09:00,2428.060602819853,2429.022210979386,2390.5578845980813,2421.329345703125,90500,0.0,0.0
2023-11-16 00:00:00+09:00,2430.945392063259,2479.0257993429914,2418.4444861705288,2454.985595703125,143400,0.0,0.0
2023-11-17 00:00:00+09:00,2443.446239489345,2457.870361328125,2410.7515633214434,2457.870361328125,222500,0.0,0.0
2023-11-20 00:00:00+09:00,2491.5266939818403,2531.9142359143907,2475.1793555805702,2519.413330078125,252600,0.0,0.0
2023-11-21 00:00:00+09:00,2539.60711344431,2614.612548828125,2537.683897152417,2614.612548828125,250000,0.0,0.0
2023-11-22 00:00:00+09:00,2627.1133585804123,2661.7312505675627,2618.4588855836246,2647.30712890625,170900,0.0,0.0
2023-11-24 00:00:00+09:00,2646.3456354812247,2654.038500700647,2607.881309384114,2637.691162109375,139400,0.0,0.0
2023-11-27 00:00:00+09:00,2640.5757813938235,2654.0382944817748,2591.5337694305736,2611.7275390625,93300,0.0,0.0
2023-11-28 00:00:00+09:00,2605.957916126501,2657.8847528316046,2605.957916126501,2642.4990234375,113000,0.0,0.0
2023-11-29 00:00:00+09:00,2651.153676243364,2661.731365920069,2625.190256127814,2637.691162109375,69300,0.0,0.0
2023-11-30 00:00:00+09:00,2634.8063139034257,2641.5375709097484,2603.0732451593335,2606.919677734375,61200,0.0,0.0
2023-12-01 00:00:00+09:00,2605.958090173193,2614.6125635353915,2553.0696418486446,2554.03125,158100,0.0,0.0
2023-12-04 00:00:00+09:00,2581.9177013749086,2627.11328125,2570.3784043855235,2627.11328125,119600,0.0,0.0
2023-12-05 00:00:00+09:00,2630.9598343063185,2672.3089837489983,2606.91963114197,2625.190185546875,128900,0.0,0.0
2023-12-06 00:00:00+09:00,2638.652539133291,2659.807916633631,2625.1900261785295,2653.07666015625,80700,0.0,0.0
2023-12-07 00:00:00+09:00,2636.7294769399223,2636.7294769399223,2608.842841334066,2617.497314453125,111700,0.0,0.0
2023-12-08 00:00:00+09:00,2584.802660520404,2609.80447196889,2554.031200276114,2568.455322265625,154600,0.0,0.0
2023-12-11 00:00:00+09:00,2616.5357885662315,2649.2304658213775,2603.073274402348,2645.384033203125,118600,0.0,0.0
2023-12-12 00:00:00+09:00,2652.1152695212086,2657.8849184034157,2618.458984375,2618.458984375,71500,0.0,0.0
2023-12-13 00:00:00+09:00,2642.499134881355,2644.4223511367272,2598.265161007795,2629.03662109375,109000,0.0,0.0
2023-12-14 00:00:00+09:00,2644.422413269824,2655.9617110731833,2616.535776911706,2629.998291015625,100600,0.0,0.0
2023-12-15 00:00:00+09:00,2653.076826210008,2709.8117057846334,2644.4223530545573,2708.85009765625,254000,0.0,0.0
2023-12-18 00:00:00+09:00,2686.732952446939,2705.0035058100357,2658.8463183664235,2664.615966796875,119900,0.0,0.0
2023-12-19 00:00:00+09:00,2671.347229816537,2685.7713509278574,2645.3838118161602,2672.308837890625,82800,0.0,0.0
2023-12-20 00:00:00+09:00,2680.96342528327,2709.811668740407,2655.9616142870846,2662.69287109375,88700,0.0,0.0
2023-12-21 00:00:00+09:00,2639.6142244407597,2682.8865887758543,2631.9213596700765,2673.2705078125,71400,0.0,0.0
2023-12-22 00:00:00+09:00,2673.2705939083053,2716.542959637037,2673.2705939083053,2705.003662109375,140800,0.0,0.0
2023-12-25 00:00:00+09:00,2725.1974463778406,2725.1974463778406,2640.575930752841,2644.42236328125,98700,0.0,0.0
2023-12-26 00:00:00+09:00,2658.846541462786,2662.692974072497,2628.075080585097,2637.691162109375,74000,0.0,0.0
2023-12-27 00:00:00+09:00,2637.6910539659543,2665.577689243028,2622.3053241579137,2655.0,267500,0.0,0.0
2023-12-28 00:00:00+09:00,2608.0,2726.0,2607.0,2726.0,206100,106.0,0.0
2023-12-29 00:00:00+09:00,2708.0,2728.0,2698.0,2728.0,118800,0.0,0.0
2024-01-04 00:00:00+09:00,2708.0,2740.0,2687.0,2740.0,101700,0.0,0.0
2024-01-05 00:00:00+09:00,2752.0,2773.0,2730.0,2741.0,100400,0.0,0.0
2024-01-09 00:00:00+09:00,2755.0,2819.0,2750.0,2819.0,137400,0.0,0.0
2024-01-10 00:00:00+09:00,2829.0,2850.0,2803.0,2838.0,93900,0.0,0.0
2024-01-11 00:00:00+09:00,2885.0,2905.0,2857.0,2891.0,112200,0.0,0.0
2024-01-12 00:00:00+09:00,2894.0,2902.0,2849.0,2866.0,69900,0.0,0.0
2024-01-15 00:00:00+09:00,2860.0,2860.0,2845.0,2845.0,8700,0.0,0.0
2024-01-16 00:00:00+09:00,2836.0,2861.0,2832.0,2844.0,38600,0.0,0.0
2024-01-17 00:00:00+09:00,2845.0,2881.0,2827.0,2845.0,88800,0.0,0.0
2024-01-18 00:00:00+09:00,2850.0,2874.0,2850.0,2863.0,32800,0.0,0.0
2024-01-19 00:00:00+09:00,2865.0,2913.0,2860.0,2908.0,62600,0.0,0.0
2024-01-22 00:00:00+09:00,2920.0,2946.0,2896.0,2943.0,57700,0.0,0.0
2024-01-23 00:00:00+09:00,2945.0,2965.0,2914.0,2924.0,48800,0.0,0.0
2024-01-24 00:00:00+09:00,2913.0,2939.0,2897.0,2924.0,50500,0.0,0.0
2024-01-25 00:00:00+09:00,2906.0,3015.0,2901.0,2999.0,116000,0.0,0.0
2024-01-26 00:00:00+09:00,2995.0,3025.0,2966.0,2969.0,68000,0.0,0.0
2024-01-29 00:00:00+09:00,3010.0,3075.0,2986.0,3060.0,102100,0.0,0.0
2024-01-30 00:00:00+09:00,3080.0,3085.0,3025.0,3040.0,41200,0.0,0.0
2024-01-31 00:00:00+09:00,3025.0,3035.0,2997.0,3020.0,52400,0.0,0.0
2024-02-01 00:00:00+09:00,2984.0,3015.0,2968.0,3000.0,38100,0.0,0.0
2024-02-02 00:00:00+09:00,3010.0,3065.0,2990.0,3035.0,61400,0.0,0.0
2024-02-05 00:00:00+09:00,3050.0,3080.0,3015.0,3050.0,92000,0.0,0.0
2024-02-06 00:00:00+09:00,3050.0,3065.0,3020.0,3020.0,38800,0.0,0.0
2024-02-07 00:00:00+09:00,3020.0,3045.0,3020.0,3040.0,44100,0.0,0.0
2024-02-08 00:00:00+09:00,3035.0,3075.0,3000.0,3045.0,62400,0.0,0.0
2024-02-09 00:00:00+09:00,3080.0,3130.0,3065.0,3085.0,113300,0.0,0.0
2024-02-13 00:00:00+09:00,2462.0,2525.0,2448.0,2490.0,544200,0.0,0.0
2024-02-14 00:00:00+09:00,2462.0,2462.0,2353.0,2385.0,475300,0.0,0.0
2024-02-15 00:00:00+09:00,2410.0,2461.0,2387.0,2442.0,249200,0.0,0.0
2024-02-16 00:00:00+09:00,2450.0,2450.0,2407.0,2433.0,173200,0.0,0.0
2024-02-19 00:00:00+09:00,2441.0,2479.0,2426.0,2455.0,120300,0.0,0.0
2024-02-20 00:00:00+09:00,2489.0,2520.0,2489.0,2500.0,123800,0.0,0.0
2024-02-21 00:00:00+09:00,2500.0,2523.0,2491.0,2494.0,79000,0.0,0.0
2024-02-22 00:00:00+09:00,2502.0,2523.0,2463.0,2482.0,77500,0.0,0.0
2024-02-26 00:00:00+09:00,2507.0,2525.0,2474.0,2486.0,120100,0.0,0.0
2024-02-27 00:00:00+09:00,2498.0,2540.0,2485.0,2523.0,113500,0.0,0.0
2024-02-28 00:00:00+09:00,2531.0,2578.0,2525.0,2561.0,128700,0.0,0.0
2024-02-29 00:00:00+09:00,2580.0,2605.0,2561.0,2571.0,86100,0.0,0.0
2024-03-01 00:00:00+09:00,2567.0,2581.0,2518.0,2525.0,77500,0.0,0.0
2024-03-04 00:00:00+09:00,2520.0,2529.0,2448.0,2449.0,107200,0.0,0.0
2024-03-05 00:00:00+09:00,2436.0,2445.0,2403.0,2424.0,102200,0.0,0.0
2024-03-06 00:00:00+09:00,2400.0,2432.0,2383.0,2420.0,93400,0.0,0.0
2024-03-07 00:00:00+09:00,2441.0,2446.0,2383.0,2389.0,72100,0.0,0.0
2024-03-08 00:00:00+09:00,2373.0,2429.0,2360.0,2408.0,104300,0.0,0.0
2024-03-11 00:00:00+09:00,2389.0,2408.0,2356.0,2373.0,106000,0.0,0.0
2024-03-12 00:00:00+09:00,2349.0,2371.0,2318.0,2369.0,98400,0.0,0.0
2024-03-13 00:00:00+09:00,2393.0,2397.0,2342.0,2358.0,61900,0.0,0.0
2024-03-14 00:00:00+09:00,2358.0,2418.0,2356.0,2404.0,64800,0.0,0.0
2024-03-15 00:00:00+09:00,2393.0,2421.0,2390.0,2402.0,57400,0.0,0.0
2024-03-18 00:00:00+09:00,2432.0,2447.0,2418.0,2444.0,90300,0.0,0.0
2024-03-19 00:00:00+09:00,2468.0,2501.0,2450.0,2500.0,96000,0.0,0.0
2024-03-21 00:00:00+09:00,2530.0,2537.0,2515.0,2526.0,70900,0.0,0.0
2024-03-22 00:00:00+09:00,2530.0,2534.0,2507.0,2533.0,53200,0.0,0.0
2024-03-25 00:00:00+09:00,2530.0,2545.0,2520.0,2527.0,49000,0.0,0.0
2024-03-26 00:00:00+09:00,2545.0,2545.0,2515.0,2529.0,38100,0.0,0.0
2024-03-27 00:00:00+09:00,2530.0,2570.0,2530.0,2564.0,74100,0.0,0.0
2024-03-28 00:00:00+09:00,2566.0,2588.0,2551.0,2551.0,50600,0.0,0.0
2024-03-29 00:00:00+09:00,2552.0,2574.0,2547.0,2556.0,19900,0.0,0.0
2024-04-01 00:00:00+09:00,2580.0,2580.0,2524.0,2524.0,48500,0.0,0.0
2024-04-02 00:00:00+09:00,2522.0,2528.0,2459.0,2471.0,57200,0.0,0.0
2024-04-03 00:00:00+09:00,2460.0,2477.0,2442.0,2444.0,47700,0.0,0.0
2024-04-04 00:00:00+09:00,2451.0,2451.0,2418.0,2428.0,55300,0.0,0.0
2024-04-05 00:00:00+09:00,2412.0,2431.0,2396.0,2412.0,31000,0.0,0.0
2024-04-08 00:00:00+09:00,2424.0,2430.0,2410.0,2421.0,28300,0.0,0.0
2024-04-09 00:00:00+09:00,2421.0,2461.0,2421.0,2453.0,27300,0.0,0.0
2024-04-10 00:00:00+09:00,2455.0,2498.0,2455.0,2469.0,40300,0.0,0.0
2024-04-11 00:00:00+09:00,2440.0,2457.0,2432.0,2447.0,31300,0.0,0.0
2024-04-12 00:00:00+09:00,2464.0,2471.0,2436.0,2442.0,27400,0.0,0.0
2024-04-15 00:00:00+09:00,2422.0,2442.0,2406.0,2433.0,31500,0.0,0.0
2024-04-16 00:00:00+09:00,2410.0,2411.0,2381.0,2381.0,40600,0.0,0.0
2024-04-17 00:00:00+09:00,2382.0,2383.0,2343.0,2352.0,46100,0.0,0.0
2024-04-18 00:00:00+09:00,2352.0,2389.0,2352.0,2383.0,32800,0.0,0.0
2024-04-19 00:00:00+09:00,2356.0,2379.0,2290.0,2311.0,57900,0.0,0.0
2024-04-22 00:00:00+09:00,2320.0,2352.0,2320.0,2348.0,28200,0.0,0.0
2024-04-23 00:00:00+09:00,2374.0,2375.0,2349.0,2352.0,46700,0.0,0.0
2024-04-24 00:00:00+09:00,2358.0,2362.0,2334.0,2341.0,57300,0.0,0.0
2024-04-25 00:00:00+09:00,2348.0,2365.0,2338.0,2338.0,37200,0.0,0.0
2024-04-26 00:00:00+09:00,2327.0,2335.0,2297.0,2334.0,39800,0.0,0.0
2024-04-30 00:00:00+09:00,2344.0,2374.0,2338.0,2374.0,29400,0.0,0.0
2024-05-01 00:00:00+09:00,2366.0,2372.0,2342.0,2350.0,31800,0.0,0.0
2024-05-02 00:00:00+09:00,2341.0,2358.0,2339.0,2353.0,23200,0.0,0.0
2024-05-07 00:00:00+09:00,2353.0,2394.0,2350.0,2388.0,38900,0.0,0.0
2024-05-08 00:00:00+09:00,2380.0,2404.0,2378.0,2378.0,28400,0.0,0.0
2024-05-09 00:00:00+09:00,2389.0,2422.0,2382.0,2405.0,46000,0.0,0.0
2024-05-10 00:00:00+09:00,2416.0,2416.0,2374.0,2388.0,48000,0.0,0.0
2024-05-13 00:00:00+09:00,2338.0,2430.0,2338.0,2357.0,110900,0.0,0.0
2024-05-14 00:00:00+09:00,2357.0,2394.0,2311.0,2375.0,129700,0.0,0.0
2024-05-15 00:00:00+09:00,2390.0,2390.0,2325.0,2331.0,83200,0.0,0.0
2024-05-16 00:00:00+09:00,2330.0,2330.0,2253.0,2253.0,80100,0.0,0.0
2024-05-17 00:00:00+09:00,2261.0,2304.0,2248.0,2280.0,49700,0.0,0.0
2024-05-20 00:00:00+09:00,2283.0,2326.0,2283.0,2298.0,41300,0.0,0.0
2024-05-21 00:00:00+09:00,2289.0,2323.0,2282.0,2308.0,62400,0.0,0.0
2024-05-22 00:00:00+09:00,2295.0,2295.0,2270.0,2280.0,59000,0.0,0.0
2024-05-23 00:00:00+09:00,2281.0,2293.0,2273.0,2285.0,33200,0.0,0.0
2024-05-24 00:00:00+09:00,2261.0,2283.0,2261.0,2265.0,22900,0.0,0.0
2024-05-27 00:00:00+09:00,2271.0,2271.0,2231.0,2248.0,43600,0.0,0.0
2024-05-28 00:00:00+09:00,2247.0,2260.0,2220.0,2220.0,34800,0.0,0.0
2024-05-29 00:00:00+09:00,2202.0,2222.0,2153.0,2155.0,70500,0.0,0.0
2024-05-30 00:00:00+09:00,2134.0,2142.0,2114.0,2138.0,48400,0.0,0.0
2024-05-31 00:00:00+09:00,2116.0,2179.0,2116.0,2176.0,64100,0.0,0.0
2024-06-03 00:00:00+09:00,2185.0,2192.0,2170.0,2185.0,47100,0.0,0.0
2024-06-04 00:00:00+09:00,2185.0,2195.0,2175.0,2185.0,40900,0.0,0.0
2024-06-05 00:00:00+09:00,2176.0,2176.0,2148.0,2152.0,40800,0.0,0.0
2024-06-06 00:00:00+09:00,2154.0,2154.0,2110.0,2112.0,81700,0.0,0.0
2024-06-07 00:00:00+09:00,2118.0,2126.0,2114.0,2126.0,44100,0.0,0.0
2024-06-10 00:00:00+09:00,2112.0,2127.0,2100.0,2114.0,41300,0.0,0.0
2024-06-11 00:00:00+09:00,2112.0,2119.0,2102.0,2102.0,63200,0.0,0.0
2024-06-12 00:00:00+09:00,2104.0,2120.0,2088.0,2088.0,50300,0.0,0.0
2024-06-13 00:00:00+09:00,2085.0,2103.0,2082.0,2085.0,63300,0.0,0.0
2024-06-14 00:00:00+09:00,2075.0,2160.0,2070.0,2154.0,95400,0.0,0.0
2024-06-17 00:00:00+09:00,2150.0,2150.0,2108.0,2129.0,46300,0.0,0.0
2024-06-18 00:00:00+09:00,2143.0,2155.0,2136.0,2140.0,38700,0.0,0.0
2024-06-19 00:00:00+09:00,2159.0,2190.0,2150.0,2185.0,45800,0.0,0.0
2024-06-20 00:00:00+09:00,2162.0,2186.0,2156.0,2171.0,29200,0.0,0.0
2024-06-21 00:00:00+09:00,2166.0,2182.0,2140.0,2153.0,57300,0.0,0.0
2024-06-24 00:00:00+09:00,2168.0,2175.0,2155.0,2169.0,25900,0.0,0.0
2024-06-25 00:00:00+09:00,2176.0,2208.0,2170.0,2197.0,38900,0.0,0.0
2024-06-26 00:00:00+09:00,2211.0,2215.0,2192.0,2202.0,21400,0.0,0.0
2024-06-27 00:00:00+09:00,2204.0,2204.0,2165.0,2179.0,48100,0.0,0.0
2024-06-28 00:00:00+09:00,2192.0,2192.0,2162.0,2164.0,30800,0.0,0.0
2024-07-01 00:00:00+09:00,2186.0,2189.0,2159.0,2163.0,20500,0.0,0.0
2024-07-02 00:00:00+09:00,2185.0,2185.0,2160.0,2174.0,21200,0.0,0.0
2024-07-03 00:00:00+09:00,2174.0,2230.0,2174.0,2229.0,45600,0.0,0.0
2024-07-04 00:00:00+09:00,2229.0,2237.0,2200.0,2210.0,34300,0.0,0.0
2024-07-05 00:00:00+09:00,2215.0,2217.0,2177.0,2180.0,34400,0.0,0.0
2024-07-08 00:00:00+09:00,2188.0,2198.0,2178.0,2193.0,38200,0.0,0.0
2024-07-09 00:00:00+09:00,2220.0,2230.0,2200.0,2216.0,46900,0.0,0.0
2024-07-10 00:00:00+09:00,2201.0,2204.0,2163.0,2181.0,58700,0.0,0.0
2024-07-11 00:00:00+09:00,2196.0,2231.0,2190.0,2225.0,43200,0.0,0.0
2024-07-12 00:00:00+09:00,2216.0,2264.0,2216.0,2259.0,55200,0.0,0.0
2024-07-16 00:00:00+09:00,2275.0,2275.0,2239.0,2240.0,33700,0.0,0.0
2024-07-17 00:00:00+09:00,2266.0,2269.0,2242.0,2257.0,27300,0.0,0.0
2024-07-18 00:00:00+09:00,2233.0,2267.0,2230.0,2238.0,28300,0.0,0.0
2024-07-19 00:00:00+09:00,2226.0,2232.0,2214.0,2225.0,42600,0.0,0.0
2024-07-22 00:00:00+09:00,2212.0,2222.0,2196.0,2196.0,32300,0.0,0.0
2024-07-23 00:00:00+09:00,2200.0,2220.0,2196.0,2201.0,19700,0.0,0.0
2024-07-24 00:00:00+09:00,2208.0,2208.0,2162.0,2170.0,23000,0.0,0.0
2024-07-25 00:00:00+09:00,2159.0,2175.0,2147.0,2150.0,30900,0.0,0.0
2024-07-26 00:00:00+09:00,2150.0,2167.0,2150.0,2154.0,26200,0.0,0.0
2024-07-29 00:00:00+09:00,2169.0,2191.0,2161.0,2185.0,19300,0.0,0.0
2024-07-30 00:00:00+09:00,2172.0,2172.0,2135.0,2151.0,143200,0.0,0.0
2024-07-31 00:00:00+09:00,2177.0,2192.0,2148.0,2192.0,23400,0.0,0.0
2024-08-01 00:00:00+09:00,2150.0,2158.0,2090.0,2092.0,51300,0.0,0.0
2024-08-02 00:00:00+09:00,2008.0,2008.0,1908.0,1908.0,146800,0.0,0.0
2024-08-05 00:00:00+09:00,1763.0,1792.0,1508.0,1609.0,129900,0.0,0.0
2024-08-06 00:00:00+09:00,1729.0,1800.0,1689.0,1771.0,87300,0.0,0.0
2024-08-07 00:00:00+09:00,1748.0,1848.0,1727.0,1771.0,110800,0.0,0.0
2024-08-08 00:00:00+09:00,1755.0,1775.0,1727.0,1737.0,49000,0.0,0.0
2024-08-09 00:00:00+09:00,1777.0,1826.0,1751.0,1793.0,56400,0.0,0.0
2024-08-13 00:00:00+09:00,1815.0,1838.0,1800.0,1838.0,35100,0.0,0.0
2024-08-14 00:00:00+09:00,1843.0,1864.0,1821.0,1850.0,59700,0.0,0.0
2024-08-15 00:00:00+09:00,1870.0,1908.0,1861.0,1861.0,50400,0.0,0.0
2024-08-16 00:00:00+09:00,1918.0,1947.0,1888.0,1947.0,31500,0.0,0.0
2024-08-19 00:00:00+09:00,1943.0,1961.0,1903.0,1903.0,29700,0.0,0.0
2024-08-20 00:00:00+09:00,1919.0,1950.0,1919.0,1940.0,21100,0.0,0.0
2024-08-21 00:00:00+09:00,1940.0,1952.0,1925.0,1941.0,19100,0.0,0.0
2024-08-22 00:00:00+09:00,1981.0,1990.0,1959.0,1990.0,21800,0.0,0.0
2024-08-23 00:00:00+09:00,1971.0,1991.0,1964.0,1970.0,25300,0.0,0.0
2024-08-26 00:00:00+09:00,1970.0,1972.0,1951.0,1960.0,13000,0.0,0.0
2024-08-27 00:00:00+09:00,1955.0,1993.0,1955.0,1992.0,14200,0.0,0.0
2024-08-28 00:00:00+09:00,1986.0,1996.0,1976.0,1986.0,15100,0.0,0.0
2024-08-29 00:00:00+09:00,1983.0,2006.0,1983.0,2003.0,16300,0.0,0.0
2024-08-30 00:00:00+09:00,1995.0,2021.0,1995.0,2010.0,11100,0.0,0.0
2024-09-02 00:00:00+09:00,2044.0,2044.0,1985.0,2000.0,20600,0.0,0.0
2024-09-03 00:00:00+09:00,2009.0,2060.0,2009.0,2059.0,23500,0.0,0.0
2024-09-04 00:00:00+09:00,2000.0,2035.0,1962.0,1974.0,69600,0.0,0.0
2024-09-05 00:00:00+09:00,1955.0,1997.0,1948.0,1967.0,42800,0.0,0.0
2024-09-06 00:00:00+09:00,1966.0,1976.0,1933.0,1949.0,33200,0.0,0.0
2024-09-09 00:00:00+09:00,1903.0,1927.0,1882.0,1921.0,36500,0.0,0.0
2024-09-10 00:00:00+09:00,1930.0,1940.0,1910.0,1913.0,33100,0.0,0.0
2024-09-11 00:00:00+09:00,1908.0,1908.0,1851.0,1875.0,43300,0.0,0.0
2024-09-12 00:00:00+09:00,1911.0,1929.0,1889.0,1915.0,19600,0.0,0.0
2024-09-13 00:00:00+09:00,1905.0,1912.0,1896.0,1906.0,22800,0.0,0.0
2024-09-17 00:00:00+09:00,1903.0,1908.0,1844.0,1870.0,50600,0.0,0.0
2024-09-18 00:00:00+09:00,1882.0,1905.0,1864.0,1889.0,29800,0.0,0.0
2024-09-19 00:00:00+09:00,1941.0,1955.0,1921.0,1935.0,46200,0.0,0.0
2024-09-20 00:00:00+09:00,1958.0,1976.0,1946.0,1961.0,20500,0.0,0.0
2024-09-24 00:00:00+09:00,1981.0,1981.0,1952.0,1960.0,20400,0.0,0.0
2024-09-25 00:00:00+09:00,1946.0,1973.0,1943.0,1943.0,33200,0.0,0.0
2024-09-26 00:00:00+09:00,1961.0,2029.0,1961.0,2029.0,40500,0.0,0.0
2024-09-27 00:00:00+09:00,2039.0,2049.0,2011.0,2030.0,23900,0.0,0.0
2024-09-30 00:00:00+09:00,1980.0,1997.0,1937.0,1948.0,51400,0.0,0.0
2024-10-01 00:00:00+09:00,1960.0,1976.0,1948.0,1959.0,27900,0.0,0.0
2024-10-02 00:00:00+09:00,1952.0,1969.0,1944.0,1948.0,27700,0.0,0.0
2024-10-03 00:00:00+09:00,2000.0,2000.0,1968.0,1975.0,16700,0.0,0.0
2024-10-04 00:00:00+09:00,1999.0,2008.0,1981.0,2000.0,18300,0.0,0.0
2024-10-07 00:00:00+09:00,2023.0,2023.0,2005.0,2022.0,19400,0.0,0.0
2024-10-08 00:00:00+09:00,1996.0,2008.0,1984.0,1986.0,21500,0.0,0.0
2024-10-09 00:00:00+09:00,1995.0,1995.0,1973.0,1979.0,15500,0.0,0.0
2024-10-10 00:00:00+09:00,1993.0,1993.0,1961.0,1961.0,15600,0.0,0.0
2024-10-11 00:00:00+09:00,1977.0,1977.0,1955.0,1970.0,14500,0.0,0.0
2024-10-15 00:00:00+09:00,1989.0,1989.0,1956.0,1969.0,20600,0.0,0.0
2024-10-16 00:00:00+09:00,1954.0,1968.0,1938.0,1953.0,23000,0.0,0.0
2024-10-17 00:00:00+09:00,1968.0,1990.0,1951.0,1951.0,12000,0.0,0.0
2024-10-18 00:00:00+09:00,1976.0,1978.0,1942.0,1947.0,11400,0.0,0.0
2024-10-21 00:00:00+09:00,1950.0,1956.0,1939.0,1954.0,13400,0.0,0.0
2024-10-22 00:00:00+09:00,1947.0,1947.0,1912.0,1913.0,28900,0.0,0.0
2024-10-23 00:00:00+09:00,1911.0,1917.0,1884.0,1884.0,16100,0.0,0.0
2024-10-24 00:00:00+09:00,1875.0,1896.0,1860.0,1893.0,27200,0.0,0.0
2024-10-25 00:00:00+09:00,1899.0,1899.0,1860.0,1860.0,15500,0.0,0.0
2024-10-28 00:00:00+09:00,1859.0,1914.0,1840.0,1910.0,25800,0.0,0.0
2024-10-29 00:00:00+09:00,1915.0,1932.0,1908.0,1917.0,12100,0.0,0.0
2024-10-30 00:00:00+09:00,1910.0,1925.0,1902.0,1914.0,40700,0.0,0.0
2024-10-31 00:00:00+09:00,1905.0,1938.0,1905.0,1921.0,20000,0.0,0.0
2024-11-01 00:00:00+09:00,1911.0,1932.0,1908.0,1913.0,18200,0.0,0.0
2024-11-05 00:00:00+09:00,1915.0,1928.0,1904.0,1905.0,10700,0.0,0.0
2024-11-06 00:00:00+09:00,1910.0,1951.0,1910.0,1922.0,16500,0.0,0.0
2024-11-07 00:00:00+09:00,1942.0,1964.0,1927.0,1958.0,19300,0.0,0.0
2024-11-08 00:00:00+09:00,1980.0,1980.0,1935.0,1949.0,35700,0.0,0.0
2024-11-11 00:00:00+09:00,1933.0,2056.0,1933.0,2050.0,100000,0.0,0.0
2024-11-12 00:00:00+09:00,2059.0,2112.0,2059.0,2109.0,75500,0.0,0.0
2024-11-13 00:00:00+09:00,2078.0,2105.0,2077.0,2093.0,34000,0.0,0.0
2024-11-14 00:00:00+09:00,2091.0,2116.0,2075.0,2082.0,43900,0.0,0.0
2024-11-15 00:00:00+09:00,2098.0,2100.0,2053.0,2062.0,20500,0.0,0.0
2024-11-18 00:00:00+09:00,2051.0,2103.0,2050.0,2075.0,35900,0.0,0.0
2024-11-19 00:00:00+09:00,2080.0,2108.0,2080.0,2106.0,28900,0.0,0.0
2024-11-20 00:00:00+09:00,2100.0,2118.0,2093.0,2099.0,19500,0.0,0.0
2024-11-21 00:00:00+09:00,2105.0,2105.0,2078.0,2095.0,17000,0.0,0.0
2024-11-22 00:00:00+09:00,2094.0,2097.0,2069.0,2069.0,21600,0.0,0.0
2024-11-25 00:00:00+09:00,2099.0,2111.0,2082.0,2082.0,40200,0.0,0.0
2024-11-26 00:00:00+09:00,2097.0,2101.0,2081.0,2098.0,24600,0.0,0.0
2024-11-27 00:00:00+09:00,2080.0,2080.0,2038.0,2065.0,39800,0.0,0.0
2024-11-28 00:00:00+09:00,2043.0,2083.0,2043.0,2083.0,16400,0.0,0.0
2024-11-29 00:00:00+09:00,2089.0,2102.0,2066.0,2075.0,21400,0.0,0.0
2024-12-02 00:00:00+09:00,2085.0,2098.0,2077.0,2087.0,22200,0.0,0.0
2024-12-03 00:00:00+09:00,2087.0,2089.0,2068.0,2068.0,27100,0.0,0.0
2024-12-04 00:00:00+09:00,2076.0,2079.0,2016.0,2020.0,35000,0.0,0.0
2024-12-05 00:00:00+09:00,2048.0,2048.0,2003.0,2011.0,29400,0.0,0.0
2024-12-06 00:00:00+09:00,2024.0,2024.0,2003.0,2016.0,20000,0.0,0.0
2024-12-09 00:00:00+09:00,2016.0,2022.0,2009.0,2010.0,22600,0.0,0.0
2024-12-10 00:00:00+09:00,2019.0,2019.0,1967.0,1973.0,53300,0.0,0.0
2024-12-11 00:00:00+09:00,1977.0,1980.0,1967.0,1973.0,29900,0.0,0.0
2024-12-12 00:00:00+09:00,1980.0,2003.0,1978.0,1990.0,30100,0.0,0.0
2024-12-13 00:00:00+09:00,1980.0,2001.0,1978.0,1996.0,22800,0.0,0.0
2024-12-16 00:00:00+09:00,2000.0,2004.0,1990.0,1993.0,27100,0.0,0.0
2024-12-17 00:00:00+09:00,1993.0,2009.0,1979.0,1988.0,41600,0.0,0.0
2024-12-18 00:00:00+09:00,2000.0,2018.0,1992.0,1997.0,34600,0.0,0.0
2024-12-19 00:00:00+09:00,1972.0,2010.0,1971.0,2005.0,38500,0.0,0.0
2024-12-20 00:00:00+09:00,1994.0,2015.0,1994.0,1995.0,36800,0.0,0.0
2024-12-23 00:00:00+09:00,2003.0,2015.0,1983.0,2004.0,49200,0.0,0.0
2024-12-24 00:00:00+09:00,2014.0,2014.0,1994.0,1996.0,54900,0.0,0.0
2024-12-25 00:00:00+09:00,2009.0,2017.0,1995.0,2010.0,42900,0.0,0.0
2024-12-26 00:00:00+09:00,2003.0,2045.0,2003.0,2035.0,144200,0.0,0.0
2024-12-27 00:00:00+09:00,1970.0,2029.0,1968.0,1998.0,95900,0.0,0.0
2024-12-30 00:00:00+09:00,2002.0,2011.0,1968.0,1983.0,49400,0.0,0.0
2025-01-06 00:00:00+09:00,1985.0,1993.0,1948.0,1948.0,33600,0.0,0.0
2025-01-07 00:00:00+09:00,1970.0,1970.0,1930.0,1938.0,33900,0.0,0.0
2025-01-08 00:00:00+09:00,1938.0,1940.0,1912.0,1916.0,38400,0.0,0.0
2025-01-09 00:00:00+09:00,1917.0,1937.0,1911.0,1931.0,26900,0.0,0.0
2025-01-10 00:00:00+09:00,1913.0,1960.0,1913.0,1946.0,19400,0.0,0.0
2025-01-14 00:00:00+09:00,1942.0,1986.0,1941.0,1981.0,38000,0.0,0.0
2025-01-15 00:00:00+09:00,1987.0,2006.0,1962.0,1973.0,34500,0.0,0.0
2025-01-16 00:00:00+09:00,1961.0,1974.0,1951.0,1951.0,16200,0.0,0.0
2025-01-17 00:00:00+09:00,1951.0,1951.0,1918.0,1933.0,26600,0.0,0.0
2025-01-20 00:00:00+09:00,1933.0,1976.0,1933.0,1975.0,22600,0.0,0.0
2025-01-21 00:00:00+09:00,1979.0,1989.0,1955.0,1968.0,9900,0.0,0.0
2025-01-22 00:00:00+09:00,1962.0,1971.0,1952.0,1955.0,15400,0.0,0.0
2025-01-23 00:00:00+09:00,1946.0,1951.0,1927.0,1939.0,29300,0.0,0.0
2025-01-24 00:00:00+09:00,1952.0,1994.0,1944.0,1973.0,25700,0.0,0.0
2025-01-27 00:00:00+09:00,1996.0,2005.0,1984.0,1990.0,33700,0.0,0.0
2025-01-28 00:00:00+09:00,1995.0,2052.0,1995.0,2033.0,47300,0.0,0.0
2025-01-29 00:00:00+09:00,2033.0,2049.0,2025.0,2025.0,13600,0.0,0.0
2025-01-30 00:00:00+09:00,2013.0,2036.0,2009.0,2030.0,24300,0.0,0.0
2025-01-31 00:00:00+09:00,2035.0,2048.0,2020.0,2032.0,18000,0.0,0.0
2025-02-03 00:00:00+09:00,2007.0,2013.0,1977.0,2002.0,22400,0.0,0.0
2025-02-04 00:00:00+09:00,2003.0,2040.0,1974.0,1975.0,16200,0.0,0.0
2025-02-05 00:00:00+09:00,1988.0,2003.0,1962.0,1991.0,56000,0.0,0.0
2025-02-06 00:00:00+09:00,2009.0,2035.0,2007.0,2030.0,12400,0.0,0.0
2025-02-07 00:00:00+09:00,2041.0,2070.0,2033.0,2070.0,36600,0.0,0.0
2025-02-10 00:00:00+09:00,2050.0,2104.0,2050.0,2097.0,48200,0.0,0.0
2025-02-12 00:00:00+09:00,2101.0,2117.0,2076.0,2116.0,30800,0.0,0.0
2025-02-13 00:00:00+09:00,2099.0,2099.0,2034.0,2073.0,138800,0.0,0.0
2025-02-14 00:00:00+09:00,2089.0,2120.0,2071.0,2097.0,89000,0.0,0.0
2025-02-17 00:00:00+09:00,2139.0,2190.0,2116.0,2117.0,75800,0.0,0.0
2025-02-18 00:00:00+09:00,2101.0,2108.0,2080.0,2094.0,50600,0.0,0.0
2025-02-19 00:00:00+09:00,2094.0,2140.0,2094.0,2132.0,33900,0.0,0.0
2025-02-20 00:00:00+09:00,2114.0,2131.0,2081.0,2090.0,29100,0.0,0.0
2025-02-21 00:00:00+09:00,2073.0,2098.0,2066.0,2083.0,24300,0.0,0.0
2025-02-25 00:00:00+09:00,2062.0,2097.0,2062.0,2088.0,18600,0.0,0.0
2025-02-26 00:00:00+09:00,2064.0,2075.0,2027.0,2051.0,30800,0.0,0.0
2025-02-27 00:00:00+09:00,2044.0,2060.0,2040.0,2050.0,24600,0.0,0.0
2025-02-28 00:00:00+09:00,2041.0,2051.0,2012.0,2026.0,35300,0.0,0.0
2025-03-03 00:00:00+09:00,2064.0,2070.0,2047.0,2058.0,24500,0.0,0.0
2025-03-04 00:00:00+09:00,2055.0,2055.0,2020.0,2032.0,42600,0.0,0.0
2025-03-05 00:00:00+09:00,2029.0,2040.0,2021.0,2024.0,32700,0.0,0.0
2025-03-06 00:00:00+09:00,2043.0,2055.0,2035.0,2052.0,41500,0.0,0.0
2025-03-07 00:00:00+09:00,2045.0,2053.0,2021.0,2053.0,46800,0.0,0.0
2025-03-10 00:00:00+09:00,2060.0,2061.0,2026.0,2051.0,48200,0.0,0.0
2025-03-11 00:00:00+09:00,2037.0,2044.0,2008.0,2038.0,43000,0.0,0.0
2025-03-12 00:00:00+09:00,2048.0,2049.0,2026.0,2045.0,36900,0.0,0.0
2025-03-13 00:00:00+09:00,2050.0,2060.0,2030.0,2032.0,31200,0.0,0.0
2025-03-14 00:00:00+09:00,2030.0,2045.0,2024.0,2045.0,47300,0.0,0.0
2025-03-17 00:00:00+09:00,2062.0,2086.0,2057.0,2086.0,56900,0.0,0.0
2025-03-18 00:00:00+09:00,2100.0,2119.0,2071.0,2071.0,52200,0.0,0.0
2025-03-19 00:00:00+09:00,2065.0,2106.0,2065.0,2106.0,18500,0.0,0.0
2025-03-21 00:00:00+09:00,2105.0,2105.0,2086.0,2090.0,18500,0.0,0.0
2025-03-24 00:00:00+09:00,2116.0,2116.0,2085.0,2106.0,42900,0.0,0.0
2025-03-25 00:00:00+09:00,2107.0,2135.0,2107.0,2130.0,41000,0.0,0.0
2025-03-26 00:00:00+09:00,2140.0,2169.0,2133.0,2169.0,47400,0.0,0.0
2025-03-27 00:00:00+09:00,2151.0,2218.0,2149.0,2218.0,57800,0.0,0.0
2025-03-28 00:00:00+09:00,2216.0,2216.0,2170.0,2172.0,36500,0.0,0.0
2025-03-31 00:00:00+09:00,2127.0,2127.0,2075.0,2106.0,52600,0.0,0.0
2025-04-01 00:00:00+09:00,2118.0,2137.0,2108.0,2111.0,23900,0.0,0.0
2025-04-02 00:00:00+09:00,2145.0,2145.0,2099.0,2110.0,36000,0.0,0.0
2025-04-03 00:00:00+09:00,2035.0,2053.0,2011.0,2034.0,66800,0.0,0.0
2025-04-04 00:00:00+09:00,1987.0,1988.0,1879.0,1933.0,90200,0.0,0.0
2025-04-07 00:00:00+09:00,1751.0,1797.0,1730.0,1730.0,87400,0.0,0.0
2025-04-08 00:00:00+09:00,1833.0,1894.0,1816.0,1846.0,50800,0.0,0.0
2025-04-09 00:00:00+09:00,1790.0,1814.0,1755.0,1798.0,77400,0.0,0.0
2025-04-10 00:00:00+09:00,1946.0,1957.0,1907.0,1923.0,51900,0.0,0.0
2025-04-11 00:00:00+09:00,1885.0,1957.0,1871.0,1957.0,29200,0.0,0.0
