Date,Open,High,Low,Close,Volume,Dividends,Stock Splits
2001-01-04 00:00:00+09:00,947.287353515625,947.287353515625,947.287353515625,947.287353515625,1000,0.0,0.0
2001-01-05 00:00:00+09:00,948.0775756835938,948.0775756835938,948.0775756835938,948.0775756835938,2500,0.0,0.0
2001-01-08 00:00:00+09:00,948.0775756835938,948.0775756835938,948.0775756835938,948.0775756835938,0,0.0,0.0
2001-01-09 00:00:00+09:00,948.0774180306505,948.0774180306505,940.1767728803951,947.287353515625,3000,0.0,0.0
2001-01-10 00:00:00+09:00,947.2878303079044,948.0778952205882,940.17724609375,940.17724609375,3000,0.0,0.0
2001-01-11 00:00:00+09:00,947.2878303079044,947.2878303079044,940.17724609375,940.17724609375,3000,0.0,0.0
2001-01-12 00:00:00+09:00,940.1769292195638,948.0775756835938,940.1769292195638,948.0775756835938,6000,0.0,0.0
2001-01-15 00:00:00+09:00,947.2878303079044,947.2878303079044,940.17724609375,940.17724609375,3000,0.0,0.0
2001-01-16 00:00:00+09:00,948.0775756835938,948.0775756835938,948.0775756835938,948.0775756835938,3000,0.0,0.0
2001-01-17 00:00:00+09:00,940.9673110064338,948.0778952205882,940.17724609375,940.17724609375,5500,0.0,0.0
2001-01-18 00:00:00+09:00,948.0778952205882,948.0778952205882,940.17724609375,940.17724609375,1500,0.0,0.0
2001-01-19 00:00:00+09:00,944.1271362304688,948.0774589762029,944.1271362304688,944.1271362304688,1500,0.0,0.0
2001-01-22 00:00:00+09:00,948.0775756835938,948.0775756835938,948.0775756835938,948.0775756835938,12500,0.0,0.0
2001-01-23 00:00:00+09:00,948.0775756835938,948.0775756835938,944.1272524515788,948.0775756835938,9500,0.0,0.0
2001-01-24 00:00:00+09:00,948.0775756835938,948.0775756835938,948.0775756835938,948.0775756835938,2000,0.0,0.0
2001-01-25 00:00:00+09:00,944.9173170979817,948.0775756835938,944.1272524515788,948.0775756835938,8500,0.0,0.0
2001-01-26 00:00:00+09:00,947.287353515625,947.287353515625,947.287353515625,947.287353515625,1500,0.0,0.0
2001-01-29 00:00:00+09:00,948.0773824896694,955.97802734375,947.2873180042614,955.97802734375,5500,0.0,0.0
2001-01-30 00:00:00+09:00,948.0774077233251,955.18798828125,946.4972787104529,955.18798828125,3500,0.0,0.0
2001-01-31 00:00:00+09:00,963.8788452148439,963.8788452148439,963.8788452148439,963.8788452148438,2000,0.0,0.0
2001-02-01 00:00:00+09:00,963.8788452148439,963.8788452148439,948.0775526703382,963.8788452148438,6500,0.0,0.0
2001-02-02 00:00:00+09:00,963.8786721978306,979.6799619059917,949.6575114604856,955.97802734375,4000,0.0,0.0
2001-02-05 00:00:00+09:00,955.9785443474265,955.9785443474265,932.2765969669117,940.17724609375,23000,0.0,0.0
2001-02-06 00:00:00+09:00,940.17724609375,948.0778952205882,940.17724609375,940.17724609375,5000,0.0,0.0
2001-02-07 00:00:00+09:00,944.1275706571691,944.1275706571691,940.17724609375,940.17724609375,8500,0.0,0.0
2001-02-08 00:00:00+09:00,940.17724609375,940.17724609375,932.2765969669117,940.17724609375,9500,0.0,0.0
2001-02-09 00:00:00+09:00,940.1769063980854,963.8788452148439,940.1769063980854,963.8788452148438,4500,0.0,0.0
2001-02-12 00:00:00+09:00,963.8788452148439,963.8788452148439,963.8788452148439,963.8788452148438,0,0.0,0.0
2001-02-13 00:00:00+09:00,948.0775526703382,963.8788452148439,948.0775526703382,963.8788452148438,1500,0.0,0.0
2001-02-14 00:00:00+09:00,963.8788452148439,963.8788452148439,963.8788452148439,963.8788452148438,2000,0.0,0.0
2001-02-15 00:00:00+09:00,963.0886077124226,963.8786721978306,955.97802734375,955.97802734375,3500,0.0,0.0
2001-02-16 00:00:00+09:00,987.5807840316023,987.5807840316023,963.8788452148439,963.8788452148438,3000,0.0,0.0
2001-02-19 00:00:00+09:00,971.7796502882434,979.6802978515625,971.7796502882434,979.6802978515625,2000,0.0,0.0
2001-02-20 00:00:00+09:00,979.6802978515625,979.6802978515625,971.7796502882434,979.6802978515625,4000,0.0,0.0
2001-02-21 00:00:00+09:00,979.6803722846798,979.6803722846798,963.8790759575077,971.7797241210938,12500,0.0,0.0
2001-02-22 00:00:00+09:00,971.7793170519111,971.7793170519111,955.97802734375,955.97802734375,6500,0.0,0.0
2001-02-23 00:00:00+09:00,963.8788452148439,963.8788452148439,963.8788452148439,963.8788452148438,2500,0.0,0.0
2001-02-26 00:00:00+09:00,983.6304873046876,987.580810546875,971.779517578125,987.580810546875,4500,0.0,0.0
2001-02-27 00:00:00+09:00,987.580810546875,995.48145703125,987.580810546875,987.580810546875,9000,0.0,0.0
2001-02-28 00:00:00+09:00,987.580810546875,991.5311337890626,987.580810546875,987.580810546875,4000,0.0,0.0
2001-03-01 00:00:00+09:00,995.4815929782005,995.4815929782005,979.6802978515625,979.6802978515625,3000,0.0,0.0
2001-03-02 00:00:00+09:00,995.4815929782005,995.4815929782005,979.6802978515625,979.6802978515625,5000,0.0,0.0
2001-03-05 00:00:00+09:00,995.4815444152197,995.4815444152197,979.6802500594225,986.7908325195312,2500,0.0,0.0
2001-03-06 00:00:00+09:00,986.7904970936567,995.4812060352341,986.7904970936567,991.5308837890625,5000,0.0,0.0
2001-03-07 00:00:00+09:00,992.3214301215277,995.481689453125,992.3214301215277,995.481689453125,6500,0.0,0.0
2001-03-08 00:00:00+09:00,995.481689453125,995.481689453125,987.5810411241318,995.481689453125,9500,0.0,0.0
2001-03-09 00:00:00+09:00,1003.3822503089905,1011.2828979492188,988.3710197925567,1011.2828979492188,5000,0.0,0.0
2001-03-12 00:00:00+09:00,1006.5422973632811,1006.5422973632811,996.2714575942681,1006.5422973632812,4000,0.0,0.0
2001-03-13 00:00:00+09:00,1011.2829077593033,1011.2829077593033,997.851806640625,997.851806640625,4000,0.0,0.0
2001-03-14 00:00:00+09:00,997.851806640625,997.851806640625,997.851806640625,997.851806640625,0,0.0,0.0
2001-03-15 00:00:00+09:00,1011.2828979492188,1011.2828979492188,995.4816026687622,1011.2828979492188,5000,0.0,0.0
2001-03-16 00:00:00+09:00,1011.2828979492188,1011.2828979492188,1011.2828979492188,1011.2828979492188,5000,0.0,0.0
2001-03-19 00:00:00+09:00,1011.2831439393939,1023.1341182824336,1011.2831439393939,1016.8135986328125,4500,0.0,0.0
2001-03-20 00:00:00+09:00,1016.8135986328125,1016.8135986328125,1016.8135986328125,1016.8135986328125,0,0.0,0.0
2001-03-21 00:00:00+09:00,1064.217430299193,1081.5988582625057,1034.1949638171072,1078.4385986328125,17000,0.0,0.0
2001-03-22 00:00:00+09:00,1065.7975815610532,1074.4882957175926,1058.6869972511574,1066.587646484375,13000,0.0,0.0
2001-03-23 00:00:00+09:00,1066.5876250214628,1078.4385986328125,1066.5876250214628,1078.4385986328125,23500,0.0,0.0
2001-03-26 00:00:00+09:00,1097.399813707817,1117.941494885933,1089.4991671008493,1107.670654296875,44000,0.0,0.0
2001-03-27 00:00:00+09:00,1087.819913736979,1087.819913736979,1036.2080200195312,1071.9393310546875,25000,7.0,0.0
2001-03-28 00:00:00+09:00,1087.8202995039212,1087.8202995039212,1044.148681640625,1044.148681640625,12000,0.0,0.0
2001-03-29 00:00:00+09:00,1056.0584531841857,1056.0584531841857,1048.1181640625,1048.1181640625,8000,0.0,0.0
2001-03-30 00:00:00+09:00,1033.0316147312974,1048.1181640625,1032.2375858191288,1048.1181640625,2000,0.0,0.0
2001-04-02 00:00:00+09:00,1047.324345327524,1047.324345327524,1032.23779296875,1032.23779296875,12000,0.0,0.0
2001-04-03 00:00:00+09:00,1016.3572998046875,1016.3572998046875,1000.4767169952393,1016.3572998046875,3500,0.0,0.0
2001-04-04 00:00:00+09:00,968.7155944343627,1008.4170532226562,968.7155944343627,1008.4170532226562,12500,0.0,0.0
2001-04-05 00:00:00+09:00,1015.5632833496095,1016.3573125,992.5364379882814,992.5364379882812,3500,0.0,0.0
2001-04-06 00:00:00+09:00,994.1244962890626,994.1244962890626,992.5364379882814,992.5364379882812,2500,0.0,0.0
2001-04-09 00:00:00+09:00,993.3305200254522,993.3305200254522,982.214111328125,982.214111328125,1500,0.0,0.0
2001-04-10 00:00:00+09:00,983.0078244395845,1014.7689819335938,983.0078244395845,1014.7689819335938,5000,0.0,0.0
2001-04-11 00:00:00+09:00,1014.7691533954327,1032.23779296875,1014.7691533954327,1032.23779296875,1500,0.0,0.0
2001-04-12 00:00:00+09:00,995.7125189482276,1010.799072265625,994.9184898262594,1010.799072265625,2000,0.0,0.0
2001-04-13 00:00:00+09:00,1010.7989913585574,1032.2377759356832,1010.7989913585574,1024.2974853515625,3500,0.0,0.0
2001-04-16 00:00:00+09:00,1032.23779296875,1032.23779296875,1032.23779296875,1032.23779296875,1500,0.0,0.0
2001-04-17 00:00:00+09:00,1030.649824333191,1030.649824333191,1016.3572998046875,1016.3572998046875,5000,0.0,0.0
2001-04-18 00:00:00+09:00,1016.3572998046875,1016.3572998046875,1016.3572998046875,1016.3572998046875,5500,0.0,0.0
2001-04-19 00:00:00+09:00,1020.3270682540594,1020.3270682540594,1012.3867797851562,1012.3867797851562,5500,0.0,0.0
2001-04-20 00:00:00+09:00,1016.3572998046875,1016.3572998046875,1016.3572998046875,1016.3572998046875,1500,0.0,0.0
2001-04-23 00:00:00+09:00,1032.23779296875,1032.23779296875,1016.3572115384615,1032.23779296875,13500,0.0,0.0
2001-04-24 00:00:00+09:00,1028.2677001953125,1028.2677001953125,1028.2677001953125,1028.2677001953125,3000,0.0,0.0
2001-04-25 00:00:00+09:00,1023.5034562931504,1024.2974853515625,1020.3273400595021,1024.2974853515625,5500,0.0,0.0
2001-04-26 00:00:00+09:00,1023.5034562931504,1024.2974853515625,1020.3273400595021,1024.2974853515625,5500,0.0,0.0
2001-04-27 00:00:00+09:00,1025.09130859375,1025.09130859375,1025.09130859375,1025.09130859375,2000,0.0,0.0
2001-04-30 00:00:00+09:00,1025.09130859375,1025.09130859375,1025.09130859375,1025.09130859375,0,0.0,0.0
2001-05-01 00:00:00+09:00,1024.2978436321782,1026.679931640625,1024.2978436321782,1026.679931640625,4500,0.0,0.0
2001-05-02 00:00:00+09:00,1040.178083683894,1040.178083683894,1032.23779296875,1032.23779296875,4000,0.0,0.0
2001-05-03 00:00:00+09:00,1032.23779296875,1032.23779296875,1032.23779296875,1032.23779296875,0,0.0,0.0
2001-05-04 00:00:00+09:00,1032.23779296875,1032.23779296875,1032.23779296875,1032.23779296875,0,0.0,0.0
2001-05-07 00:00:00+09:00,1032.237845755912,1032.237845755912,1028.2677001953125,1028.2677001953125,80,0.0,0.0
2001-05-08 00:00:00+09:00,1032.23779296875,1032.23779296875,1028.2676476111778,1032.23779296875,80,0.0,0.0
2001-05-09 00:00:00+09:00,1032.2375292446525,1043.3539334057486,1028.2673849014038,1039.3837890625,100,0.0,0.0
2001-05-10 00:00:00+09:00,1037.795996469351,1037.795996469351,1029.0616766826922,1032.23779296875,100,0.0,0.0
2001-05-11 00:00:00+09:00,1032.23780974177,1048.1183914301048,1032.23780974177,1040.1781005859375,50,0.0,0.0
2001-05-14 00:00:00+09:00,1040.1778179311498,1040.1778179311498,1039.3837890625,1039.3837890625,25,0.0,0.0
2001-05-15 00:00:00+09:00,1038.58984375,1038.58984375,1038.58984375,1038.58984375,5500,0.0,0.0
2001-05-16 00:00:00+09:00,1044.148300829302,1048.9124755859375,1036.2080095682427,1048.9124755859375,24000,0.0,0.0
2001-05-17 00:00:00+09:00,1048.9124205145217,1048.9124205145217,1040.1781005859375,1040.1781005859375,7000,0.0,0.0
2001-05-18 00:00:00+09:00,1041.766158754771,1044.1482460080213,1040.1781005859375,1040.1781005859375,3000,0.0,0.0
2001-05-21 00:00:00+09:00,1048.1181957786537,1055.2644562044172,1048.1181957786537,1051.2943115234375,20500,0.0,0.0
2001-05-22 00:00:00+09:00,1051.2941387414226,1071.9388876895168,1051.2941387414226,1070.350830078125,17000,0.0,0.0
2001-05-23 00:00:00+09:00,1056.0584531841857,1056.0584531841857,1048.1181640625,1048.1181640625,4500,0.0,0.0
2001-05-24 00:00:00+09:00,1048.1181640625,1056.0584531841857,1048.1181640625,1048.1181640625,8000,0.0,0.0
2001-05-25 00:00:00+09:00,1048.1184247239191,1056.0587158203125,1048.1184247239191,1056.0587158203125,5500,0.0,0.0
2001-05-28 00:00:00+09:00,1067.968886866714,1067.968886866714,1048.1181640625,1048.1181640625,3500,0.0,0.0
2001-05-29 00:00:00+09:00,1048.1181640625,1048.1181640625,1048.1181640625,1048.1181640625,3000,0.0,0.0
2001-05-30 00:00:00+09:00,1048.1184247239191,1056.0587158203125,1048.1184247239191,1056.0587158203125,7000,0.0,0.0
2001-05-31 00:00:00+09:00,1048.1183914301048,1048.1183914301048,1040.1781005859375,1040.1781005859375,4000,0.0,0.0
2001-06-01 00:00:00+09:00,1047.324400877789,1048.9124591050486,1040.97216796875,1040.97216796875,2500,0.0,0.0
2001-06-04 00:00:00+09:00,1058.44091796875,1058.44091796875,1058.44091796875,1058.44091796875,500,0.0,0.0
2001-06-05 00:00:00+09:00,1040.1781005859375,1040.1781005859375,1040.1781005859375,1040.1781005859375,1000,0.0,0.0
2001-06-06 00:00:00+09:00,1056.0587158203125,1056.0587158203125,1056.0587158203125,1056.0587158203125,1500,0.0,0.0
2001-06-07 00:00:00+09:00,1056.0587158203125,1067.9691524649024,1056.0587158203125,1056.0587158203125,4000,0.0,0.0
2001-06-08 00:00:00+09:00,1047.3241351503316,1048.1181640625,1044.1480195016572,1048.1181640625,3000,0.0,0.0
2001-06-11 00:00:00+09:00,1056.0587158203125,1056.0587158203125,1056.0587158203125,1056.0587158203125,500,0.0,0.0
2001-06-12 00:00:00+09:00,1056.0591228760695,1056.0591228760695,1044.148681640625,1044.148681640625,5000,0.0,0.0
2001-06-13 00:00:00+09:00,1044.148681640625,1044.148681640625,1044.148681640625,1044.148681640625,500,0.0,0.0
2001-06-14 00:00:00+09:00,1056.0587158203125,1056.0587158203125,1056.0587158203125,1056.0587158203125,1000,0.0,0.0
2001-06-15 00:00:00+09:00,1067.1749267578125,1067.1749267578125,1063.2047819410052,1067.1749267578125,4000,0.0,0.0
2001-06-18 00:00:00+09:00,1067.9691524649024,1067.9691524649024,1056.0587158203125,1056.0587158203125,6500,0.0,0.0
2001-06-19 00:00:00+09:00,1055.2646867106732,1063.9990069167059,1044.1482791757226,1056.0587158203125,7500,0.0,0.0
2001-06-20 00:00:00+09:00,1052.0882568359375,1052.0882568359375,1052.0882568359375,1052.0882568359375,1500,0.0,0.0
2001-06-21 00:00:00+09:00,1071.9390467593544,1087.8196252298635,1071.9390467593544,1086.2315673828125,29500,0.0,0.0
2001-06-22 00:00:00+09:00,1086.2317851126859,1087.8198432780553,1058.440767218721,1067.9691162109375,7500,0.0,0.0
2001-06-25 00:00:00+09:00,1067.9689239957438,1067.9689239957438,1063.998779296875,1063.998779296875,6500,0.0,0.0
2001-06-26 00:00:00+09:00,1063.9986756842356,1095.7598301822727,1063.9986756842356,1087.0255126953125,11000,0.0,0.0
2001-06-27 00:00:00+09:00,1085.4376502606508,1111.6406074359263,1085.4376502606508,1103.7003173828125,17500,0.0,0.0
2001-06-28 00:00:00+09:00,1103.7004964192708,1103.7004964192708,1071.9393310546875,1071.9393310546875,12500,0.0,0.0
2001-06-29 00:00:00+09:00,1095.7599919451413,1098.936107863823,1087.8197021484375,1087.8197021484375,6000,0.0,0.0
2001-07-02 00:00:00+09:00,1103.7003173828125,1103.7003173828125,1099.7301723562555,1103.7003173828125,8000,0.0,0.0
2001-07-03 00:00:00+09:00,1103.7003348214287,1111.640625,1103.7003348214287,1111.640625,17000,0.0,0.0
2001-07-04 00:00:00+09:00,1118.7868861607144,1118.7868861607144,1111.640625,1111.640625,11000,0.0,0.0
2001-07-05 00:00:00+09:00,1125.933294951026,1125.933294951026,1102.9064504139458,1117.198974609375,13500,0.0,0.0
2001-07-06 00:00:00+09:00,1111.640823516628,1122.7572317517943,1111.640823516628,1113.2288818359375,4500,0.0,0.0
2001-07-09 00:00:00+09:00,1116.4048376090182,1119.5809537899825,1111.6406633375714,1112.4346923828125,9000,0.0,0.0
2001-07-10 00:00:00+09:00,1112.4347926363032,1126.7273167386968,1112.4347926363032,1119.5810546875,2500,0.0,0.0
2001-07-11 00:00:00+09:00,1114.8167410714286,1127.521205357143,1111.640625,1111.640625,14000,0.0,0.0
2001-07-12 00:00:00+09:00,1112.4350730414767,1120.3753662109375,1111.6410437245306,1120.3753662109375,5500,0.0,0.0
2001-07-13 00:00:00+09:00,1123.5513763970753,1125.9334641208852,1115.611083984375,1115.611083984375,6500,0.0,0.0
2001-07-16 00:00:00+09:00,1127.521499740494,1135.4617919921875,1115.6110613629535,1135.4617919921875,11000,0.0,0.0
2001-07-17 00:00:00+09:00,1134.6671915409484,1151.341796875,1125.932874461207,1151.341796875,17500,0.0,0.0
2001-07-18 00:00:00+09:00,1150.5478861562776,1150.5478861562776,1123.5509033203125,1123.5509033203125,9500,0.0,0.0
2001-07-19 00:00:00+09:00,1121.168886512434,1142.6076683366803,1117.1987417301661,1127.5211181640625,9000,0.0,0.0
2001-07-20 00:00:00+09:00,1127.5211181640625,1127.5211181640625,1127.5211181640625,1127.5211181640625,0,0.0,0.0
2001-07-23 00:00:00+09:00,1127.5215226034254,1127.5215226034254,1111.6409377780249,1115.611083984375,48500,0.0,0.0
2001-07-24 00:00:00+09:00,1104.4944517273834,1111.640713456748,1095.7601318359375,1095.7601318359375,5000,0.0,0.0
2001-07-25 00:00:00+09:00,1096.554160916978,1096.554160916978,1095.7601318359375,1095.7601318359375,6500,0.0,0.0
2001-07-26 00:00:00+09:00,1095.76027552756,1095.76027552756,1075.9095458984375,1075.9095458984375,15500,0.0,0.0
2001-07-27 00:00:00+09:00,1071.939399972613,1079.879691824262,1071.939399972613,1075.9095458984375,8500,0.0,0.0
2001-07-30 00:00:00+09:00,1106.8765869140625,1106.8765869140625,1106.8765869140625,1106.8765869140625,1000,0.0,0.0
2001-07-31 00:00:00+09:00,1078.291531693193,1110.0526961024182,1078.291531693193,1109.2586669921875,3000,0.0,0.0
2001-08-01 00:00:00+09:00,1111.6407087651894,1111.6407087651894,1110.8466796875,1110.8466796875,2500,0.0,0.0
2001-08-02 00:00:00+09:00,1111.640625,1111.640625,1106.876450892857,1111.640625,5000,0.0,0.0
2001-08-03 00:00:00+09:00,1117.9931717081852,1117.9931717081852,1107.670791571675,1115.611083984375,4500,0.0,0.0
2001-08-06 00:00:00+09:00,1114.8167410714286,1114.8167410714286,1110.8465959821428,1111.640625,3500,0.0,0.0
2001-08-07 00:00:00+09:00,1111.6407087651894,1111.6407087651894,1110.8466796875,1110.8466796875,3500,0.0,0.0
2001-08-08 00:00:00+09:00,1110.8465959821428,1111.640625,1103.7003348214287,1111.640625,5500,0.0,0.0
2001-08-09 00:00:00+09:00,1108.464599609375,1108.464599609375,1108.464599609375,1108.464599609375,500,0.0,0.0
2001-08-10 00:00:00+09:00,1111.6405368625904,1111.6405368625904,1099.7301025390625,1099.7301025390625,12000,0.0,0.0
2001-08-13 00:00:00+09:00,1108.4644391241038,1110.8465260276657,1107.67041015625,1107.67041015625,2500,0.0,0.0
2001-08-14 00:00:00+09:00,1107.67041015625,1111.6405549955196,1107.67041015625,1107.67041015625,7000,0.0,0.0
2001-08-15 00:00:00+09:00,1111.640625,1111.640625,1107.6704799107142,1111.640625,4000,0.0,0.0
2001-08-16 00:00:00+09:00,1110.8465959821428,1119.5809151785713,1110.8465959821428,1111.640625,10000,0.0,0.0
2001-08-17 00:00:00+09:00,1116.404799107143,1116.404799107143,1111.640625,1111.640625,2500,0.0,0.0
2001-08-20 00:00:00+09:00,1112.4345679914447,1127.5211181640625,1112.4345679914447,1127.5211181640625,4000,0.0,0.0
2001-08-21 00:00:00+09:00,1175.1628216294491,1186.279226698917,1163.2523876264481,1182.30908203125,62000,0.0,0.0
2001-08-22 00:00:00+09:00,1166.428751353781,1179.92724609375,1159.282489432621,1179.92724609375,13500,0.0,0.0
2001-08-23 00:00:00+09:00,1175.1631389036017,1175.1631389036017,1160.0765850933528,1171.1929931640625,10000,0.0,0.0
2001-08-24 00:00:00+09:00,1143.4018202319587,1155.312255859375,1143.4018202319587,1155.312255859375,8500,0.0,0.0
2001-08-27 00:00:00+09:00,1171.1928013392858,1175.9569754464285,1159.2823660714287,1167.22265625,13000,0.0,0.0
2001-08-28 00:00:00+09:00,1162.4582004310346,1162.4582004310346,1135.4612203663794,1151.341796875,10500,0.0,0.0
2001-08-29 00:00:00+09:00,1147.371789501888,1191.0433801057661,1142.607615981465,1189.455322265625,28500,0.0,0.0
2001-08-30 00:00:00+09:00,1178.3386600176927,1178.3386600176927,1151.3416826318426,1164.046142578125,40000,0.0,0.0
2001-08-31 00:00:00+09:00,1151.3424064287174,1214.86474609375,1143.4021139705883,1214.86474609375,378500,0.0,0.0
2001-09-03 00:00:00+09:00,1191.043662897661,1214.0705070470158,1174.3690516170936,1190.2496337890625,110000,0.0,0.0
2001-09-04 00:00:00+09:00,1183.1030645307326,1198.983642578125,1178.3388911165148,1198.983642578125,82000,0.0,0.0
2001-09-05 00:00:00+09:00,1198.1899175935991,1198.9839466973722,1175.1630735841795,1192.6317138671875,23500,0.0,0.0
2001-09-06 00:00:00+09:00,1193.4255439453125,1198.1897177734375,1179.1330224609374,1191.04345703125,18500,0.0,0.0
2001-09-07 00:00:00+09:00,1167.222586257466,1183.1031656623295,1151.3420068526025,1163.25244140625,53500,0.0,0.0
2001-09-10 00:00:00+09:00,1152.1364515330692,1159.28271484375,1152.1364515330692,1159.28271484375,12000,0.0,0.0
2001-09-11 00:00:00+09:00,1131.491278417362,1151.342002600123,1115.6106990711535,1150.5479736328125,114000,0.0,0.0
2001-09-12 00:00:00+09:00,1119.5810042671535,1127.5212950775588,1095.7601318359375,1095.7601318359375,31500,0.0,0.0
2001-09-13 00:00:00+09:00,1106.876762330405,1119.5812301907251,1106.876762330405,1115.611083984375,27500,0.0,0.0
2001-09-14 00:00:00+09:00,1119.5809151785713,1119.5809151785713,1108.4645089285714,1111.640625,36500,0.0,0.0
2001-09-17 00:00:00+09:00,1111.6406074359263,1111.6406074359263,1103.7003173828125,1103.7003173828125,42500,0.0,0.0
2001-09-18 00:00:00+09:00,1095.7599555121528,1114.816650390625,1095.7599555121528,1114.816650390625,32500,0.0,0.0
2001-09-19 00:00:00+09:00,1111.640823516628,1121.1691734324847,1104.4945610797354,1113.2288818359375,18500,0.0,0.0
2001-09-20 00:00:00+09:00,1111.6405701369383,1135.4614394970156,1111.6405701369383,1130.697265625,25500,0.0,0.0
2001-09-21 00:00:00+09:00,1138.637387140603,1138.637387140603,1119.5806944687938,1132.28515625,54000,0.0,0.0
2001-09-24 00:00:00+09:00,1132.28515625,1132.28515625,1132.28515625,1132.28515625,0,0.0,0.0
2001-09-25 00:00:00+09:00,1100.3674983936717,1111.5387420321863,1084.4085789100798,1098.7716064453125,37000,7.0,0.0
2001-09-26 00:00:00+09:00,1089.1961281759698,1093.9838034646552,1089.1961281759698,1091.5899658203125,16000,0.0,0.0
2001-09-27 00:00:00+09:00,1085.2070298043116,1090.792654222422,1077.227566349868,1078.0255126953125,20500,0.0,0.0
2001-09-28 00:00:00+09:00,1078.0255126953125,1078.0255126953125,1078.0255126953125,1078.0255126953125,0,0.0,0.0
2001-10-01 00:00:00+09:00,1116.3264111855046,1116.3264111855046,1085.2065183790467,1109.1448974609375,17500,0.0,0.0
2001-10-02 00:00:00+09:00,1109.9431455559088,1121.1143921682615,1109.9431455559088,1117.922607421875,16500,0.0,0.0
2001-10-03 00:00:00+09:00,1121.1139971051898,1125.1037266322544,1117.124267578125,1117.124267578125,18500,0.0,0.0
2001-10-04 00:00:00+09:00,1116.326613586073,1116.326613586073,1101.165637418714,1104.357421875,12500,0.0,0.0
2001-10-05 00:00:00+09:00,1088.398492547813,1091.590276983437,1085.2067081121888,1089.994384765625,6000,0.0,0.0
2001-10-08 00:00:00+09:00,1089.994384765625,1089.994384765625,1089.994384765625,1089.994384765625,0,0.0,0.0
2001-10-09 00:00:00+09:00,1089.196049616887,1089.196049616887,1077.2268622584597,1078.82275390625,19500,0.0,0.0
2001-10-10 00:00:00+09:00,1078.0251225850668,1078.8230686417546,1055.6826329978117,1059.67236328125,25500,0.0,0.0
2001-10-11 00:00:00+09:00,1054.0869984952292,1069.2479772775225,1054.0869984952292,1063.662353515625,11500,0.0,0.0
2001-10-12 00:00:00+09:00,1064.4602158234104,1071.641731522369,1001.4224669103298,1006.2101440429688,37000,0.0,0.0
2001-10-15 00:00:00+09:00,1070.0456657935429,1070.0456657935429,1041.3196076514344,1042.1175537109375,23500,0.0,0.0
2001-10-16 00:00:00+09:00,1042.1176396602928,1053.2888854146909,1042.1176396602928,1051.6929931640625,10500,0.0,0.0
2001-10-17 00:00:00+09:00,1046.107319243809,1057.278564453125,1041.3196427255307,1057.278564453125,15000,0.0,0.0
2001-10-18 00:00:00+09:00,1057.278761121962,1077.2274169921875,1038.1280514865452,1077.2274169921875,24000,0.0,0.0
2001-10-19 00:00:00+09:00,1068.4498015490706,1068.4498015490706,1045.3093652197776,1067.65185546875,10000,0.0,0.0
2001-10-22 00:00:00+09:00,1075.6313717059236,1076.4293178273672,1069.247802734375,1069.247802734375,12000,0.0,0.0
2001-10-23 00:00:00+09:00,1076.4291485361646,1082.0147705078125,1062.8640666050194,1082.0147705078125,7500,0.0,0.0
2001-10-24 00:00:00+09:00,1069.247634572617,1089.19628447136,1069.247634572617,1082.0147705078125,9000,0.0,0.0
2001-10-25 00:00:00+09:00,1089.1964422052556,1100.3676877663352,1082.8128733132103,1097.1759033203125,13500,0.0,0.0
2001-10-26 00:00:00+09:00,1101.165771484375,1101.165771484375,1082.8130086263022,1101.165771484375,7500,0.0,0.0
2001-10-29 00:00:00+09:00,1101.1653775663979,1101.1653775663979,1086.0044049767155,1100.367431640625,9500,0.0,0.0
2001-10-30 00:00:00+09:00,1100.367387275668,1100.367387275668,1093.9838201268606,1095.5797119140625,14000,0.0,0.0
2001-10-31 00:00:00+09:00,1093.1860584589529,1093.1860584589529,1086.802490234375,1086.802490234375,8000,0.0,0.0
2001-11-01 00:00:00+09:00,1091.59044921875,1091.59044921875,1077.2274169921875,1077.2274169921875,12000,0.0,0.0
2001-11-02 00:00:00+09:00,1077.2272084325953,1085.2066692357998,1067.65185546875,1067.65185546875,9000,0.0,0.0
2001-11-05 00:00:00+09:00,1081.21712064637,1081.21712064637,1069.2479274288826,1076.429443359375,9000,0.0,0.0
2001-11-06 00:00:00+09:00,1075.6313162719546,1075.6313162719546,1064.4600711474684,1067.65185546875,10000,0.0,0.0
2001-11-07 00:00:00+09:00,1075.6314971448758,1077.2273895738742,1068.4499812143833,1076.429443359375,11000,0.0,0.0
2001-11-08 00:00:00+09:00,1077.2273895738742,1077.2273895738742,1063.6623039273884,1076.429443359375,15000,0.0,0.0
2001-11-09 00:00:00+09:00,1076.429443359375,1076.429443359375,1076.429443359375,1076.429443359375,0,0.0,0.0
2001-11-12 00:00:00+09:00,1076.4293977888985,1076.4293977888985,1064.460205078125,1064.460205078125,10000,0.0,0.0
2001-11-13 00:00:00+09:00,1064.4597276271734,1066.8535650956003,1061.2679443359375,1061.2679443359375,12000,0.0,0.0
2001-11-14 00:00:00+09:00,1065.2580962309967,1076.429342183981,1062.8642578125,1062.8642578125,11500,0.0,0.0
2001-11-15 00:00:00+09:00,1069.2476574815698,1075.6312255859375,1066.853819442432,1075.6312255859375,3500,0.0,0.0
2001-11-16 00:00:00+09:00,1073.2373438009386,1077.2270737035442,1070.843505859375,1070.843505859375,18000,0.0,0.0
2001-11-19 00:00:00+09:00,1070.045559878854,1070.843505859375,1066.8537759567694,1070.843505859375,13000,0.0,0.0
2001-11-20 00:00:00+09:00,1070.8436121345012,1070.8436121345012,1066.8538818359375,1066.8538818359375,9500,0.0,0.0
2001-11-21 00:00:00+09:00,1075.6313162719546,1075.6313162719546,1065.2580172277887,1067.65185546875,16500,0.0,0.0
2001-11-22 00:00:00+09:00,1067.6517219372904,1070.843505859375,1065.257883995727,1070.843505859375,9000,0.0,0.0
2001-11-23 00:00:00+09:00,1070.843505859375,1070.843505859375,1070.843505859375,1070.843505859375,0,0.0,0.0
2001-11-26 00:00:00+09:00,1070.0457488558186,1077.2272639488108,1063.66217988427,1069.247802734375,18000,0.0,0.0
2001-11-27 00:00:00+09:00,1069.247802734375,1069.247802734375,1065.2580721271572,1069.247802734375,3500,0.0,0.0
2001-11-28 00:00:00+09:00,1069.247536867812,1069.247536867812,1057.2783480222768,1058.0762939453125,16500,0.0,0.0
2001-11-29 00:00:00+09:00,1058.076672529489,1062.0664035722095,1054.8848876953125,1054.8848876953125,9500,0.0,0.0
2001-11-30 00:00:00+09:00,1049.2993838098878,1053.289115307264,1047.7034912109375,1047.7034912109375,2500,0.0,0.0
2001-12-03 00:00:00+09:00,1047.703317260742,1060.4704559326171,1047.703317260742,1053.2889404296875,8000,0.0,0.0
2001-12-04 00:00:00+09:00,1053.2888803055039,1069.247802734375,1053.2888803055039,1069.247802734375,12000,0.0,0.0
2001-12-05 00:00:00+09:00,1069.2481416868932,1069.2481416868932,1053.2892141990292,1068.4501953125,6500,0.0,0.0
2001-12-06 00:00:00+09:00,1053.2887442942415,1069.247664662336,1053.2887442942415,1065.2579345703125,5500,0.0,0.0
2001-12-07 00:00:00+09:00,1061.2684849330358,1062.0664311623086,1053.2890226403063,1055.682861328125,5500,0.0,0.0
2001-12-10 00:00:00+09:00,1056.480535697937,1056.480535697937,1013.3914504051208,1021.3709106445312,24000,0.0,0.0
2001-12-11 00:00:00+09:00,1005.4117825816066,1021.3706997654417,997.4323239896892,1020.57275390625,12000,0.0,0.0
2001-12-12 00:00:00+09:00,1056.4804524616186,1056.4804524616186,1029.3502897851117,1052.49072265625,8000,0.0,0.0
2001-12-13 00:00:00+09:00,1052.490991192315,1057.2786681803013,1022.1690369350686,1046.107421875,19500,0.0,0.0
2001-12-14 00:00:00+09:00,1025.3603623306071,1046.1069533193977,1021.3706332943013,1022.1685791015625,36000,0.0,0.0
2001-12-17 00:00:00+09:00,1043.713418193247,1043.713418193247,1037.3298498862548,1041.319580078125,9500,0.0,0.0
2001-12-18 00:00:00+09:00,1038.127847022011,1045.3093617208567,1035.7340087890625,1035.7340087890625,11000,0.0,0.0
2001-12-19 00:00:00+09:00,1021.3712896747649,1029.350752875349,1005.4123632735966,1018.1795043945312,24000,0.0,0.0
2001-12-20 00:00:00+09:00,1022.1689526423571,1036.531982421875,1016.5833299503223,1036.531982421875,16500,0.0,0.0
2001-12-21 00:00:00+09:00,1037.329952556158,1041.3196831429125,1006.2100539794733,1030.1484375,36500,0.0,0.0
2001-12-24 00:00:00+09:00,1030.1484375,1030.1484375,1030.1484375,1030.1484375,0,0.0,0.0
2001-12-25 00:00:00+09:00,1029.350230365718,1045.3091486659619,1029.350230365718,1043.7132568359375,5000,0.0,0.0
2001-12-26 00:00:00+09:00,1046.1072053676698,1056.4805033613995,1041.3195293705637,1046.9051513671875,14500,0.0,0.0
2001-12-27 00:00:00+09:00,1061.2679443359375,1061.2679443359375,1054.0864319306568,1061.2679443359375,5500,0.0,0.0
2001-12-28 00:00:00+09:00,1101.9635643283816,1104.3574026288777,1093.1861572265625,1093.1861572265625,17000,0.0,0.0
2001-12-31 00:00:00+09:00,1093.1861572265625,1093.1861572265625,1093.1861572265625,1093.1861572265625,0,0.0,0.0
2002-01-01 00:00:00+09:00,1093.1861572265625,1093.1861572265625,1093.1861572265625,1093.1861572265625,0,0.0,0.0
2002-01-02 00:00:00+09:00,1093.1861572265625,1093.1861572265625,1093.1861572265625,1093.1861572265625,0,0.0,0.0
2002-01-03 00:00:00+09:00,1093.1861572265625,1093.1861572265625,1093.1861572265625,1093.1861572265625,0,0.0,0.0
2002-01-04 00:00:00+09:00,1093.186251833284,1093.186251833284,1092.3883056640625,1092.3883056640625,1000,0.0,0.0
2002-01-07 00:00:00+09:00,1092.388211126397,1093.1861572265625,1076.4292891230896,1093.1861572265625,7500,0.0,0.0
2002-01-08 00:00:00+09:00,1092.388380267629,1092.388380267629,1073.2376708984375,1073.2376708984375,8000,0.0,0.0
2002-01-09 00:00:00+09:00,1057.2786348360078,1072.4396114864865,1057.2786348360078,1062.8642578125,4500,0.0,0.0
2002-01-10 00:00:00+09:00,1062.8646108661583,1078.8235389572417,1062.8646108661583,1066.056396484375,6000,0.0,0.0
2002-01-11 00:00:00+09:00,1065.2576734499823,1070.0453483868362,1061.2679443359375,1061.2679443359375,14500,0.0,0.0
2002-01-14 00:00:00+09:00,1061.2679443359375,1061.2679443359375,1061.2679443359375,1061.2679443359375,0,0.0,0.0
2002-01-15 00:00:00+09:00,1061.268204478289,1077.2271248463835,1061.268204478289,1065.2579345703125,6000,0.0,0.0
2002-01-16 00:00:00+09:00,1077.2272084325953,1077.2272084325953,1065.2580172277887,1067.65185546875,4500,0.0,0.0
2002-01-17 00:00:00+09:00,1068.4501953125,1069.2481416868932,1061.2686779429612,1068.4501953125,5000,0.0,0.0
2002-01-18 00:00:00+09:00,1069.247802734375,1069.247802734375,1057.2786109127217,1069.247802734375,12500,0.0,0.0
2002-01-21 00:00:00+09:00,1101.165771484375,1101.165771484375,1063.6622995570087,1101.165771484375,20500,0.0,0.0
2002-01-22 00:00:00+09:00,1101.1654230958823,1102.7613150134125,1078.8229362504585,1087.600341796875,12500,0.0,0.0
2002-01-23 00:00:00+09:00,1084.4083575480233,1084.4083575480233,1073.2371161899127,1074.8330078125,6500,0.0,0.0
2002-01-24 00:00:00+09:00,1085.2068793402777,1085.2068793402777,1061.268492296007,1077.2274169921875,8000,0.0,0.0
2002-01-25 00:00:00+09:00,1068.4497186439314,1069.247664662336,1061.268204478289,1065.2579345703125,3500,0.0,0.0
2002-01-28 00:00:00+09:00,1069.247902945376,1083.610934477478,1069.247902945376,1082.81298828125,6000,0.0,0.0
2002-01-29 00:00:00+09:00,1077.2272639488108,1085.2067251632463,1069.247802734375,1069.247802734375,23500,0.0,0.0
2002-01-30 00:00:00+09:00,1085.20654296875,1085.20654296875,1075.6311911190257,1085.20654296875,14000,0.0,0.0
2002-01-31 00:00:00+09:00,1085.20654296875,1085.20654296875,1085.20654296875,1085.20654296875,0,0.0,0.0
2002-02-01 00:00:00+09:00,1085.2066412093307,1085.2066412093307,1061.2682594179485,1066.8538818359375,13500,0.0,0.0
2002-02-04 00:00:00+09:00,1066.0558805887172,1066.8538266071218,1065.2579345703125,1065.2579345703125,4500,0.0,0.0
2002-02-05 00:00:00+09:00,1068.4498531304296,1084.4087755072842,1061.2683380608448,1062.0662841796875,10000,0.0,0.0
2002-02-06 00:00:00+09:00,1062.066438530816,1077.2274169921875,1062.066438530816,1077.2274169921875,4000,0.0,0.0
2002-02-07 00:00:00+09:00,1065.2576580769767,1074.8330078125,1065.2576580769767,1074.8330078125,2500,0.0,0.0
2002-02-08 00:00:00+09:00,1077.2274169921875,1080.4192019314237,1076.4294707573786,1077.2274169921875,13500,0.0,0.0
2002-02-11 00:00:00+09:00,1077.2274169921875,1077.2274169921875,1077.2274169921875,1077.2274169921875,0,0.0,0.0
2002-02-12 00:00:00+09:00,1083.6103515625,1083.6103515625,1077.2267854266383,1083.6103515625,2500,0.0,0.0
2002-02-13 00:00:00+09:00,1077.2270830939797,1085.20654296875,1077.2270830939797,1085.20654296875,10000,0.0,0.0
2002-02-14 00:00:00+09:00,1097.1760728624133,1101.1658040364584,1077.2274169921875,1077.2274169921875,9000,0.0,0.0
2002-02-15 00:00:00+09:00,1100.367431640625,1100.367431640625,1092.3879723828975,1100.367431640625,4500,0.0,0.0
2002-02-18 00:00:00+09:00,1101.165771484375,1101.165771484375,1100.3678252731545,1101.165771484375,7500,0.0,0.0
2002-02-19 00:00:00+09:00,1087.600546438907,1089.994384765625,1087.600546438907,1089.994384765625,3500,0.0,0.0
2002-02-20 00:00:00+09:00,1089.1965783160667,1101.165771484375,1088.398632104846,1101.165771484375,4500,0.0,0.0
2002-02-21 00:00:00+09:00,1101.1652890034422,1108.3468017578125,1101.1652890034422,1108.3468017578125,12500,0.0,0.0
2002-02-22 00:00:00+09:00,1115.5284719030842,1115.5284719030842,1098.7716064453125,1098.7716064453125,4000,0.0,0.0
2002-02-25 00:00:00+09:00,1109.1448974609375,1109.1448974609375,1098.7715998587848,1109.1448974609375,4000,0.0,0.0
2002-02-26 00:00:00+09:00,1110.741094581117,1125.1041259765625,1110.741094581117,1125.1041259765625,19000,0.0,0.0
2002-02-27 00:00:00+09:00,1133.0833163791233,1149.042236328125,1132.2853703816731,1149.042236328125,15500,0.0,0.0
2002-02-28 00:00:00+09:00,1149.042130730969,1159.4154277445123,1149.042130730969,1153.0318603515625,22000,0.0,0.0
2002-03-01 00:00:00+09:00,1153.0319663153755,1153.0319663153755,1121.1141264173718,1149.042236328125,10500,0.0,0.0
2002-03-04 00:00:00+09:00,1149.0429281444906,1151.436767578125,1139.4675704099532,1151.436767578125,13500,0.0,0.0
2002-03-05 00:00:00+09:00,1152.2339144274438,1153.0318603515625,1149.042130730969,1153.0318603515625,18500,0.0,0.0
2002-03-06 00:00:00+09:00,1152.2340915471666,1157.0217678278336,1141.860792939055,1154.6279296875,12500,0.0,0.0
2002-03-07 00:00:00+09:00,1157.0217008834218,1157.0217008834218,1145.8504568748922,1156.2237548828125,22000,0.0,0.0
2002-03-08 00:00:00+09:00,1156.2238217810557,1156.2238217810557,1150.638199453611,1154.6279296875,43000,0.0,0.0
2002-03-11 00:00:00+09:00,1156.2241085758722,1162.6076785335028,1154.6282160864644,1159.4158935546875,18500,0.0,0.0
2002-03-12 00:00:00+09:00,1160.2135561429536,1161.8094482421875,1157.021771944486,1161.8094482421875,10000,0.0,0.0
2002-03-13 00:00:00+09:00,1161.8093722873264,1161.8093722873264,1149.042236328125,1149.042236328125,14000,0.0,0.0
2002-03-14 00:00:00+09:00,1157.0217518799843,1157.0217518799843,1149.8402375579706,1150.63818359375,11500,0.0,0.0
2002-03-15 00:00:00+09:00,1149.8402375579706,1150.63818359375,1149.0422915221914,1150.63818359375,14000,0.0,0.0
2002-03-18 00:00:00+09:00,1150.638128323025,1155.4258043077257,1149.042236328125,1149.042236328125,17000,0.0,0.0
2002-03-19 00:00:00+09:00,1149.840087890625,1154.6277634821197,1149.840087890625,1149.840087890625,18500,0.0,0.0
2002-03-20 00:00:00+09:00,1154.6280122743804,1157.0218505859375,1150.6382817551184,1157.0218505859375,24000,0.0,0.0
2002-03-21 00:00:00+09:00,1157.0218505859375,1157.0218505859375,1157.0218505859375,1157.0218505859375,0,0.0,0.0
2002-03-22 00:00:00+09:00,1165.001449742268,1165.001449742268,1155.4260953608248,1161.01171875,43500,0.0,0.0
2002-03-25 00:00:00+09:00,1165.001449742268,1172.9809117268042,1156.2240415592785,1161.01171875,62000,0.0,0.0
2002-03-26 00:00:00+09:00,1146.5789794921875,1146.5789794921875,1131.3447133311024,1146.5789794921875,25000,7.0,0.0
2002-03-27 00:00:00+09:00,1130.5432674612598,1165.8226318359375,1130.5432674612598,1165.8226318359375,9500,0.0,0.0
2002-03-28 00:00:00+09:00,1157.8047270903717,1157.8047270903717,1127.336181640625,1127.336181640625,8500,0.0,0.0
2002-03-29 00:00:00+09:00,1127.3355368138732,1127.3355368138732,1112.903076171875,1112.903076171875,6000,0.0,0.0
2002-04-01 00:00:00+09:00,1128.9392075892856,1138.560848563058,1108.89412222726,1122.5247802734375,7000,0.0,0.0
2002-04-02 00:00:00+09:00,1122.5251006535511,1136.1557625900584,1122.5251006535511,1123.326904296875,7500,0.0,0.0
2002-04-03 00:00:00+09:00,1124.1285551342478,1130.5429834089082,1121.72314453125,1121.72314453125,12500,0.0,0.0
2002-04-04 00:00:00+09:00,1121.723128413741,1137.7591988699776,1111.2996826171875,1111.2996826171875,10500,0.0,0.0
2002-04-05 00:00:00+09:00,1127.3356007603236,1127.3356007603236,1112.903139299665,1122.5247802734375,3000,0.0,0.0
2002-04-08 00:00:00+09:00,1123.3265836879184,1132.14642124721,1122.5247802734375,1122.5247802734375,6000,0.0,0.0
2002-04-09 00:00:00+09:00,1123.3265836879184,1130.5428144182476,1122.5247802734375,1122.5247802734375,5000,0.0,0.0
2002-04-10 00:00:00+09:00,1121.7229443886297,1121.7229443886297,1106.4886799544738,1114.5067138671875,17500,0.0,0.0
2002-04-11 00:00:00+09:00,1115.3085629028583,1117.7139731751147,1113.7049560546875,1113.7049560546875,4000,0.0,0.0
2002-04-12 00:00:00+09:00,1106.4888773789314,1121.72314453125,1106.4888773789314,1121.72314453125,5000,0.0,0.0
2002-04-15 00:00:00+09:00,1131.344986222007,1131.344986222007,1112.1016980084507,1128.9395751953125,4500,0.0,0.0
2002-04-16 00:00:00+09:00,1132.9483036964648,1137.759124518955,1129.7410898148046,1136.155517578125,9000,0.0,0.0
2002-04-17 00:00:00+09:00,1135.353634905134,1136.1554383196149,1122.5247802734375,1122.5247802734375,8500,0.0,0.0
2002-04-18 00:00:00+09:00,1124.1284935735887,1126.533904044859,1118.515869140625,1118.515869140625,9500,0.0,0.0
2002-04-19 00:00:00+09:00,1114.5068666304664,1122.5249016421965,1114.5068666304664,1116.1104736328125,9000,0.0,0.0
2002-04-22 00:00:00+09:00,1137.759522782075,1137.759522782075,1126.5342702669593,1131.3450927734375,13500,0.0,0.0
2002-04-23 00:00:00+09:00,1122.5247802734375,1130.5428144182476,1122.5247802734375,1122.5247802734375,6000,0.0,0.0
2002-04-24 00:00:00+09:00,1122.5247477799012,1122.5247477799012,1114.5067138671875,1114.5067138671875,9000,0.0,0.0
2002-04-25 00:00:00+09:00,1114.5067138671875,1114.5067138671875,1114.5067138671875,1114.5067138671875,4000,0.0,0.0
2002-04-26 00:00:00+09:00,1122.5252843705262,1122.5252843705262,1115.3090503995727,1120.119873046875,7500,0.0,0.0
2002-04-29 00:00:00+09:00,1120.119873046875,1120.119873046875,1120.119873046875,1120.119873046875,0,0.0,0.0
2002-04-30 00:00:00+09:00,1119.3176876375044,1119.3176876375044,1114.5068666304664,1116.1104736328125,6500,0.0,0.0
2002-05-01 00:00:00+09:00,1122.5245866000441,1134.5516357421875,1121.7227833239012,1134.5516357421875,9500,0.0,0.0
2002-05-02 00:00:00+09:00,1126.533980929749,1126.533980929749,1119.3177490234375,1119.3177490234375,8000,0.0,0.0
2002-05-03 00:00:00+09:00,1119.3177490234375,1119.3177490234375,1119.3177490234375,1119.3177490234375,0,0.0,0.0
2002-05-06 00:00:00+09:00,1119.3177490234375,1119.3177490234375,1119.3177490234375,1119.3177490234375,0,0.0,0.0
2002-05-07 00:00:00+09:00,1119.3177339282524,1121.72314453125,1112.1015021192593,1121.72314453125,4000,0.0,0.0
2002-05-08 00:00:00+09:00,1121.7231600074008,1131.344802552139,1121.7231600074008,1125.732177734375,12000,0.0,0.0
2002-05-09 00:00:00+09:00,1122.5249480655825,1125.7321622029128,1121.72314453125,1121.72314453125,3500,0.0,0.0
2002-05-10 00:00:00+09:00,1121.7229329658114,1129.740966796875,1118.5157194333858,1129.740966796875,9500,0.0,0.0
2002-05-13 00:00:00+09:00,1122.5247802734375,1126.5337973458427,1122.5247802734375,1122.5247802734375,6000,0.0,0.0
2002-05-14 00:00:00+09:00,1124.1289663301254,1131.3452007787496,1122.5253586748756,1127.336181640625,10000,0.0,0.0
2002-05-15 00:00:00+09:00,1122.5252843705262,1132.1469296651305,1120.119873046875,1120.119873046875,13000,0.0,0.0
2002-05-16 00:00:00+09:00,1136.1553210140614,1141.7679443359375,1126.5336810337024,1141.7679443359375,12500,0.0,0.0
2002-05-17 00:00:00+09:00,1142.5701141357422,1142.5701141357422,1135.3538818359375,1135.3538818359375,5000,0.0,0.0
2002-05-20 00:00:00+09:00,1138.5607764323831,1140.9661865234375,1138.5607764323831,1140.9661865234375,8500,0.0,0.0
2002-05-21 00:00:00+09:00,1152.9931785237914,1152.9931785237914,1140.966128678272,1150.5877685546875,17000,0.0,0.0
2002-05-22 00:00:00+09:00,1149.7861625607275,1149.7861625607275,1143.3717348755908,1144.975341796875,11500,0.0,0.0
2002-05-23 00:00:00+09:00,1153.7952108316488,1153.7952108316488,1144.9753725278626,1146.5789794921875,10000,0.0,0.0
2002-05-24 00:00:00+09:00,1154.597367301989,1154.597367301989,1144.9757225744722,1148.9847412109375,5000,0.0,0.0
2002-05-27 00:00:00+09:00,1154.5973238031916,1154.5973238031916,1130.543212890625,1130.543212890625,23000,0.0,0.0
2002-05-28 00:00:00+09:00,1146.5793300290584,1150.5883486655237,1145.7775263017654,1148.9847412109375,7500,0.0,0.0
2002-05-29 00:00:00+09:00,1153.795119045833,1153.795119045833,1146.5788882804316,1148.1824951171875,6000,0.0,0.0
2002-05-30 00:00:00+09:00,1147.3810739644725,1147.3810739644725,1137.7594297383555,1139.363037109375,12000,0.0,0.0
2002-05-31 00:00:00+09:00,1147.3810739644725,1147.3810739644725,1139.363037109375,1139.363037109375,6500,0.0,0.0
2002-06-03 00:00:00+09:00,1149.78602352397,1149.78602352397,1139.362579796068,1140.9661865234375,7500,0.0,0.0
2002-06-04 00:00:00+09:00,1146.579270278963,1146.579270278963,1130.5431965687676,1139.363037109375,15500,0.0,0.0
2002-06-05 00:00:00+09:00,1137.7589401601479,1138.5607435006414,1132.146316776694,1132.9481201171875,6500,0.0,0.0
2002-06-06 00:00:00+09:00,1148.9846208832419,1148.9846208832419,1123.326904296875,1123.326904296875,12500,0.0,0.0
2002-06-07 00:00:00+09:00,1143.3718557330617,1143.3718557330617,1125.732177734375,1125.732177734375,5500,0.0,0.0
2002-06-10 00:00:00+09:00,1123.3268432182774,1129.7412720160976,1122.5250396185497,1126.5340576171875,14000,0.0,0.0
2002-06-11 00:00:00+09:00,1131.3450927734375,1133.7505040266765,1130.5432890223578,1131.3450927734375,10500,0.0,0.0
2002-06-12 00:00:00+09:00,1130.5428144182476,1130.5428144182476,1122.5247802734375,1122.5247802734375,14500,0.0,0.0
2002-06-13 00:00:00+09:00,1126.533904833532,1126.533904833532,1122.5248873786084,1124.9302978515625,8500,0.0,0.0
2002-06-14 00:00:00+09:00,1106.4892229850213,1127.336121389087,1106.4892229850213,1124.12890625,56000,0.0,0.0
2002-06-17 00:00:00+09:00,1139.3625705412826,1139.3625705412826,1107.2904362544061,1108.89404296875,14500,0.0,0.0
2002-06-18 00:00:00+09:00,1108.8945747342743,1121.7234346010484,1108.8945747342743,1120.921630859375,6000,0.0,0.0
2002-06-19 00:00:00+09:00,1120.9211409973584,1120.9211409973584,1112.1013036933734,1114.5067138671875,7000,0.0,0.0
2002-06-20 00:00:00+09:00,1114.5072782339594,1121.7235124095748,1112.1018668420875,1115.30908203125,10500,0.0,0.0
2002-06-21 00:00:00+09:00,1136.155980760806,1136.155980760806,1115.30908203125,1115.30908203125,14500,0.0,0.0
2002-06-24 00:00:00+09:00,1128.9396815201985,1138.5613265331547,1120.1198402583218,1131.3450927734375,5500,0.0,0.0
2002-06-25 00:00:00+09:00,1128.9397289586304,1128.9397289586304,1123.3271024652283,1124.12890625,4000,0.0,0.0
2002-06-26 00:00:00+09:00,1122.5247477799012,1123.3265511711725,1114.5067138671875,1114.5067138671875,9000,0.0,0.0
2002-06-27 00:00:00+09:00,1114.5073402366281,1122.5253786555966,1112.1019287109375,1112.1019287109375,10500,0.0,0.0
2002-06-28 00:00:00+09:00,1112.9035934426413,1120.921630859375,1112.9035934426413,1120.921630859375,11000,0.0,0.0
2002-07-01 00:00:00+09:00,1136.9573502163332,1136.9573502163332,1124.9302978515625,1124.9302978515625,9000,0.0,0.0
2002-07-02 00:00:00+09:00,1124.1289663301254,1128.9397892958748,1122.5253586748756,1127.336181640625,8000,0.0,0.0
2002-07-03 00:00:00+09:00,1126.5342702669593,1132.9487002755968,1126.5342702669593,1131.3450927734375,28000,0.0,0.0
2002-07-04 00:00:00+09:00,1137.7596313997487,1137.7596313997487,1127.336181640625,1127.336181640625,18500,0.0,0.0
2002-07-05 00:00:00+09:00,1127.335556647556,1130.5427701799813,1126.5337532644496,1129.740966796875,10500,0.0,0.0
2002-07-08 00:00:00+09:00,1129.7413788708775,1132.146789897572,1122.5251457907937,1128.9395751953125,11000,0.0,0.0
2002-07-09 00:00:00+09:00,1134.551910637295,1136.155517578125,1130.5428932852196,1136.155517578125,9500,0.0,0.0
2002-07-10 00:00:00+09:00,1132.9485480167625,1138.5611735200303,1123.326904296875,1123.326904296875,21000,0.0,0.0
2002-07-11 00:00:00+09:00,1134.5518314906528,1134.5518314906528,1122.5247802734375,1122.5247802734375,17000,0.0,0.0
2002-07-12 00:00:00+09:00,1126.5342570510886,1130.5432757594554,1120.921630859375,1120.921630859375,15500,0.0,0.0
2002-07-15 00:00:00+09:00,1120.9212946398504,1129.7411331527535,1116.1104736328125,1116.1104736328125,24500,0.0,0.0
2002-07-16 00:00:00+09:00,1121.723236282868,1121.723236282868,1102.4799498848774,1107.290771484375,49500,0.0,0.0
2002-07-17 00:00:00+09:00,1120.9212796118952,1120.9212796118952,1106.4888167842741,1118.515869140625,13500,0.0,0.0
2002-07-18 00:00:00+09:00,1118.5157066667584,1138.560791015625,1115.3084931709398,1138.560791015625,32000,0.0,0.0
2002-07-19 00:00:00+09:00,1122.5247802734375,1133.750028076172,1122.5247802734375,1122.5247802734375,10500,0.0,0.0
2002-07-22 00:00:00+09:00,1138.5611735200303,1138.5611735200303,1119.3178860802552,1123.326904296875,17500,0.0,0.0
2002-07-23 00:00:00+09:00,1119.3175228164923,1129.740966796875,1114.506702517854,1129.740966796875,12500,0.0,0.0
2002-07-24 00:00:00+09:00,1129.7412722820306,1129.7412722820306,1107.290771484375,1107.290771484375,11000,0.0,0.0
2002-07-25 00:00:00+09:00,1114.5068666304664,1121.7230981410235,1114.5068666304664,1116.1104736328125,8000,0.0,0.0
2002-07-26 00:00:00+09:00,1115.3087461395814,1117.7141568070285,1110.4979248046875,1110.4979248046875,17500,0.0,0.0
2002-07-29 00:00:00+09:00,1114.5070806080976,1114.5070806080976,1107.2908477120739,1108.0926513671875,9000,0.0,0.0
2002-07-30 00:00:00+09:00,1108.89412222726,1122.5247802734375,1108.89412222726,1122.5247802734375,13000,0.0,0.0
2002-07-31 00:00:00+09:00,1123.3267667491662,1124.9303738394576,1114.5069277525631,1119.3177490234375,9500,0.0,0.0
2002-08-01 00:00:00+09:00,1121.7234346010484,1121.7234346010484,1114.507200925988,1120.921630859375,7500,0.0,0.0
2002-08-02 00:00:00+09:00,1119.3177639186597,1121.7231745861068,1108.0925141372406,1110.4979248046875,18000,0.0,0.0
2002-08-05 00:00:00+09:00,1117.71438784392,1117.71438784392,1106.4891357421875,1106.4891357421875,26500,0.0,0.0
2002-08-06 00:00:00+09:00,1106.4889833770528,1106.4889833770528,1098.470947265625,1098.470947265625,26500,0.0,0.0
2002-08-07 00:00:00+09:00,1108.8941032514786,1110.497710052999,1100.0742658431154,1105.6868896484375,15000,0.0,0.0
2002-08-08 00:00:00+09:00,1099.2728111609365,1109.696258677415,1099.2728111609365,1108.0926513671875,10000,0.0,0.0
2002-08-09 00:00:00+09:00,1114.5072782339594,1120.9217086122842,1110.4982592475062,1115.30908203125,21000,0.0,0.0
2002-08-12 00:00:00+09:00,1115.3087461395814,1115.3087461395814,1110.4979248046875,1110.4979248046875,8500,0.0,0.0
2002-08-13 00:00:00+09:00,1111.3000472518943,1117.7144775390625,1111.3000472518943,1117.7144775390625,5500,0.0,0.0
2002-08-14 00:00:00+09:00,1125.7321622029128,1125.7321622029128,1116.1105197909221,1121.72314453125,8000,0.0,0.0
2002-08-15 00:00:00+09:00,1122.5250396185497,1126.5340576171875,1119.3178252196396,1126.5340576171875,11000,0.0,0.0
2002-08-16 00:00:00+09:00,1126.534303243278,1126.534303243278,1119.3180692723245,1120.119873046875,10000,0.0,0.0
2002-08-19 00:00:00+09:00,1123.327042084395,1126.5342570510886,1118.516219634355,1120.921630859375,13500,0.0,0.0
2002-08-20 00:00:00+09:00,1122.5251006535511,1124.930511583523,1121.723297010227,1123.326904296875,12500,0.0,0.0
2002-08-21 00:00:00+09:00,1129.7410110037667,1129.7410110037667,1122.5247802734375,1122.5247802734375,20500,0.0,0.0
2002-08-22 00:00:00+09:00,1127.336121389087,1127.336121389087,1120.921691110913,1124.12890625,21000,0.0,0.0
2002-08-23 00:00:00+09:00,1124.12890625,1124.12890625,1124.12890625,1124.12890625,0,0.0,0.0
2002-08-26 00:00:00+09:00,1131.3452007787496,1134.5524160892492,1126.534377813,1127.336181640625,23000,0.0,0.0
2002-08-27 00:00:00+09:00,1127.3359678441827,1128.9395751953125,1125.7323604930532,1128.9395751953125,15500,0.0,0.0
2002-08-28 00:00:00+09:00,1128.9393919159545,1129.7411954613492,1118.5159458258213,1125.732177734375,24000,0.0,0.0
2002-08-29 00:00:00+09:00,1120.1194911386774,1125.7321156468884,1116.1104736328125,1116.1104736328125,19000,0.0,0.0
2002-08-30 00:00:00+09:00,1116.912444612873,1128.1376953125,1116.912444612873,1128.1376953125,18500,0.0,0.0
2002-09-02 00:00:00+09:00,1127.336060792762,1127.336060792762,1120.921630859375,1120.921630859375,8500,0.0,0.0
2002-09-03 00:00:00+09:00,1125.732531396028,1125.732531396028,1115.30908203125,1115.30908203125,14500,0.0,0.0
2002-09-04 00:00:00+09:00,1114.507200925988,1120.921630859375,1111.2999859592944,1120.921630859375,18500,0.0,0.0
2002-09-05 00:00:00+09:00,1120.1194761214717,1120.9212796118952,1116.9122621597783,1118.515869140625,13500,0.0,0.0
2002-09-06 00:00:00+09:00,1119.3178860802552,1128.1377261568189,1115.3088678636354,1123.326904296875,10000,0.0,0.0
2002-09-09 00:00:00+09:00,1127.336181640625,1128.9397892958748,1125.7325739853752,1127.336181640625,8000,0.0,0.0
2002-09-10 00:00:00+09:00,1128.1375118155015,1129.7411187974708,1122.5248873786084,1124.9302978515625,27000,0.0,0.0
2002-09-11 00:00:00+09:00,1124.9307100347717,1127.336121389087,1124.12890625,1124.12890625,9500,0.0,0.0
2002-09-12 00:00:00+09:00,1128.1376648166424,1128.1376648166424,1126.5340576171875,1126.5340576171875,4000,0.0,0.0
2002-09-13 00:00:00+09:00,1126.534164168618,1128.9395751953125,1124.9305568174882,1128.9395751953125,39000,0.0,0.0
2002-09-16 00:00:00+09:00,1128.9395751953125,1128.9395751953125,1128.9395751953125,1128.9395751953125,0,0.0,0.0
2002-09-17 00:00:00+09:00,1131.3445943904023,1153.7950895306794,1131.3445943904023,1152.9932861328125,40000,0.0,0.0
2002-09-18 00:00:00+09:00,1141.7681279543067,1150.5879660213695,1138.5609141117384,1144.975341796875,27000,0.0,0.0
2002-09-19 00:00:00+09:00,1152.191286798497,1158.605712890625,1147.380467229401,1158.605712890625,28000,0.0,0.0
2002-09-20 00:00:00+09:00,1166.62423708155,1167.4260406809187,1159.4080046872311,1165.0206298828125,55500,0.0,0.0
2002-09-23 00:00:00+09:00,1165.0206298828125,1165.0206298828125,1165.0206298828125,1165.0206298828125,0,0.0,0.0
2002-09-24 00:00:00+09:00,1145.7770120426962,1160.20947265625,1134.551764898821,1160.20947265625,83000,0.0,0.0
2002-09-25 00:00:00+09:00,1135.2326405303156,1152.1523605098305,1135.2326405303156,1138.4554443359375,36500,7.0,0.0
2002-09-26 00:00:00+09:00,1137.650262202224,1145.707275390625,1137.650262202224,1145.707275390625,22500,0.0,0.0
2002-09-27 00:00:00+09:00,1140.066953847106,1147.3182630941901,1140.066953847106,1144.095458984375,261500,0.0,0.0
2002-09-30 00:00:00+09:00,1144.0957296770173,1150.5413394216764,1138.4558211504404,1140.8729248046875,13000,0.0,0.0
2002-10-01 00:00:00+09:00,1137.6498912543248,1138.455592310454,1134.4270870298083,1135.2327880859375,8500,0.0,0.0
2002-10-02 00:00:00+09:00,1133.6216564029137,1133.6216564029137,1127.9817476645908,1132.01025390625,17500,0.0,0.0
2002-10-03 00:00:00+09:00,1132.01025390625,1136.844461396241,1130.3988514095863,1132.01025390625,17000,0.0,0.0
2002-10-04 00:00:00+09:00,1127.9816736629355,1144.095697572406,1127.9816736629355,1133.62158203125,26500,0.0,0.0
2002-10-07 00:00:00+09:00,1123.953125,1127.9816308243728,1123.953125,1123.953125,6500,0.0,0.0
2002-10-08 00:00:00+09:00,1123.9528952826684,1124.758596282871,1113.4787822800342,1118.31298828125,19500,0.0,0.0
2002-10-09 00:00:00+09:00,1123.1471942824658,1123.1471942824658,1118.31298828125,1118.31298828125,3500,0.0,0.0
2002-10-10 00:00:00+09:00,1118.313258882203,1118.313258882203,1113.4790517112424,1115.0904541015625,8000,0.0,0.0
2002-10-11 00:00:00+09:00,1115.8961133512546,1123.953125,1114.2847110215055,1123.953125,8000,0.0,0.0
2002-10-14 00:00:00+09:00,1123.953125,1123.953125,1123.953125,1123.953125,0,0.0,0.0
2002-10-15 00:00:00+09:00,1091.7250480938676,1091.7250480938676,1071.58251953125,1071.58251953125,52500,0.0,0.0
2002-10-16 00:00:00+09:00,1087.6969443585465,1088.5026457988122,1071.5829155532347,1078.834228515625,37500,0.0,0.0
2002-10-17 00:00:00+09:00,1076.41678517088,1087.6966017819523,1075.611083984375,1075.611083984375,15000,0.0,0.0
2002-10-18 00:00:00+09:00,1075.6110732619827,1079.6395791543496,1073.1939697265625,1073.1939697265625,21500,0.0,0.0
2002-10-21 00:00:00+09:00,1090.9193423143074,1090.9193423143074,1072.3882161154675,1079.6395263671875,15500,0.0,0.0
2002-10-22 00:00:00+09:00,1079.639616521295,1087.6966285848869,1072.3883056640625,1072.3883056640625,8000,0.0,0.0
2002-10-23 00:00:00+09:00,1073.1937319127524,1073.1937319127524,1057.0797119140625,1057.0797119140625,24000,0.0,0.0
2002-10-24 00:00:00+09:00,1057.0796036877393,1057.8853046051843,1048.2168935958452,1051.439697265625,65000,0.0,0.0
2002-10-25 00:00:00+09:00,1049.8286504086261,1059.49706468714,1049.02294921875,1049.02294921875,45000,0.0,0.0
2002-10-28 00:00:00+09:00,1048.217444504958,1054.6630552321215,1039.354729755108,1047.4117431640625,60000,0.0,0.0
2002-10-29 00:00:00+09:00,1039.354428695522,1042.5772331255857,1020.8233032226562,1020.8233032226562,155500,0.0,0.0
2002-10-30 00:00:00+09:00,1019.2118660269138,1020.0175671067769,1015.9890617074611,1017.6004638671875,112500,0.0,0.0
2002-10-31 00:00:00+09:00,1017.6008674150034,1024.8521800094097,1015.9894646162466,1016.795166015625,62500,0.0,0.0
2002-11-01 00:00:00+09:00,1020.0177454101563,1020.8234466308594,1007.1265258789062,1007.1265258789062,37500,0.0,0.0
2002-11-04 00:00:00+09:00,1007.1265258789062,1007.1265258789062,1007.1265258789062,1007.1265258789062,0,0.0,0.0
2002-11-05 00:00:00+09:00,1007.9324035644531,1015.1837158203125,1004.7095981174045,1015.1837158203125,29500,0.0,0.0
2002-11-06 00:00:00+09:00,1018.4062546725478,1018.4062546725478,1007.1264385606684,1010.3492431640625,25500,0.0,0.0
2002-11-07 00:00:00+09:00,1009.5438062879774,1015.1837158203125,1007.126702202691,1015.1837158203125,63000,0.0,0.0
2002-11-08 00:00:00+09:00,1015.1830812292122,1017.6001838035675,1008.7374743642648,1014.3773803710938,20000,0.0,0.0
2002-11-11 00:00:00+09:00,1014.3779162800945,1015.9893188476562,1013.5722149963137,1015.9893188476562,50000,0.0,0.0
2002-11-12 00:00:00+09:00,1015.1837158203125,1018.4065212673611,1012.766611735026,1015.1837158203125,23500,0.0,0.0
2002-11-13 00:00:00+09:00,1015.1836175638754,1015.9893188476562,1013.5722149963137,1015.9893188476562,28000,0.0,0.0
2002-11-14 00:00:00+09:00,1013.5717163085938,1015.9888189706969,1012.766015421226,1013.5717163085938,24000,0.0,0.0
2002-11-15 00:00:00+09:00,1013.5723130967882,1015.1837158203125,1008.7381049262153,1015.1837158203125,30500,0.0,0.0
2002-11-18 00:00:00+09:00,1022.4350280761719,1022.4350280761719,1011.1552090115017,1015.1837158203125,12500,0.0,0.0
2002-11-19 00:00:00+09:00,1013.5723130967882,1015.1837158203125,1011.1552090115017,1015.1837158203125,13500,0.0,0.0
2002-11-20 00:00:00+09:00,1015.183360627598,1017.6004638671875,1009.5434530685558,1017.6004638671875,28000,0.0,0.0
2002-11-21 00:00:00+09:00,1019.2122702137605,1019.2122702137605,1015.1837632168681,1016.795166015625,21500,0.0,0.0
2002-11-22 00:00:00+09:00,1015.9888662225173,1023.2401745460721,1015.9888662225173,1019.211669921875,22000,0.0,0.0
2002-11-25 00:00:00+09:00,1025.657803337613,1036.9376220703125,1015.1836859429634,1036.9376220703125,18000,0.0,0.0
2002-11-26 00:00:00+09:00,1034.520263671875,1034.520263671875,1024.0461488527671,1034.520263671875,17000,0.0,0.0
2002-11-27 00:00:00+09:00,1031.2973005836575,1035.3258056640625,1027.2687955032527,1035.3258056640625,14500,0.0,0.0
2002-11-28 00:00:00+09:00,1036.1313360486288,1036.9370369320259,1027.268626331261,1033.7142333984375,18500,0.0,0.0
2002-11-29 00:00:00+09:00,1034.520343418195,1043.383056640625,1030.4918374079996,1043.383056640625,29500,0.0,0.0
2002-12-02 00:00:00+09:00,1043.383056640625,1043.383056640625,1043.383056640625,1043.383056640625,0,0.0,0.0
2002-12-03 00:00:00+09:00,1032.9087026158195,1038.5486097283863,1026.4630944871717,1035.3258056640625,23500,0.0,0.0
2002-12-04 00:00:00+09:00,1035.3263864547107,1036.132087922769,1028.0750732421875,1028.0750732421875,18000,0.0,0.0
2002-12-05 00:00:00+09:00,1036.131484138304,1036.131484138304,1028.0744741527806,1030.4915771484375,10500,0.0,0.0
2002-12-06 00:00:00+09:00,1030.4916771636267,1030.4916771636267,1023.2403674728741,1025.657470703125,15500,0.0,0.0
2002-12-09 00:00:00+09:00,1036.9372076962245,1036.9372076962245,1034.5201046479815,1035.3258056640625,6500,0.0,0.0
2002-12-10 00:00:00+09:00,1030.4915995675765,1035.3258056640625,1025.6573934710907,1035.3258056640625,14000,0.0,0.0
2002-12-11 00:00:00+09:00,1035.3256351652317,1036.1313360486288,1033.7142333984375,1033.7142333984375,8500,0.0,0.0
2002-12-12 00:00:00+09:00,1035.3262193942126,1036.9376220703125,1031.2977127039628,1036.9376220703125,17000,0.0,0.0
2002-12-13 00:00:00+09:00,1036.1313869102328,1036.1313869102328,1027.2686767578125,1027.2686767578125,35000,0.0,0.0
2002-12-16 00:00:00+09:00,1034.520167541504,1034.520167541504,1027.2688579559326,1031.29736328125,18000,0.0,0.0
2002-12-17 00:00:00+09:00,1031.297181372549,1031.297181372549,1024.8515739889706,1027.2686767578125,10500,0.0,0.0
2002-12-18 00:00:00+09:00,1023.2401721430759,1031.297181372549,1019.2116675283394,1027.2686767578125,18000,0.0,0.0
2002-12-19 00:00:00+09:00,1028.8805946812304,1028.8805946812304,1015.1836721208693,1024.04638671875,12500,0.0,0.0
2002-12-20 00:00:00+09:00,1024.0460685496244,1028.0745739333759,1024.0460685496244,1025.657470703125,23500,0.0,0.0
2002-12-23 00:00:00+09:00,1025.657470703125,1025.657470703125,1025.657470703125,1025.657470703125,0,0.0,0.0
2002-12-24 00:00:00+09:00,1036.9371851368562,1036.9371851368562,1025.6573711571234,1030.4915771484375,44500,0.0,0.0
2002-12-25 00:00:00+09:00,1036.9372076962245,1040.1600117605483,1029.6858985514955,1035.3258056640625,53500,0.0,0.0
2002-12-26 00:00:00+09:00,1035.3258976631664,1063.5254357318129,1035.3258976631664,1046.605712890625,15000,0.0,0.0
2002-12-27 00:00:00+09:00,1059.4972192922864,1061.9143232146262,1047.4116996805874,1056.2744140625,19500,0.0,0.0
2002-12-30 00:00:00+09:00,1055.4686843119393,1078.0283203125,1055.4686843119393,1078.0283203125,3000,0.0,0.0
2002-12-31 00:00:00+09:00,1078.0283203125,1078.0283203125,1078.0283203125,1078.0283203125,0,0.0,0.0
2003-01-01 00:00:00+09:00,1078.0283203125,1078.0283203125,1078.0283203125,1078.0283203125,0,0.0,0.0
2003-01-02 00:00:00+09:00,1078.0283203125,1078.0283203125,1078.0283203125,1078.0283203125,0,0.0,0.0
2003-01-03 00:00:00+09:00,1078.0283203125,1078.0283203125,1078.0283203125,1078.0283203125,0,0.0,0.0
2003-01-06 00:00:00+09:00,1061.914306640625,1075.6112286534403,1055.4686962816531,1061.914306640625,4600,0.0,0.0
2003-01-07 00:00:00+09:00,1069.9708762428977,1069.9708762428977,1051.4397541392934,1063.5252685546875,8900,0.0,0.0
2003-01-08 00:00:00+09:00,1062.7198162049738,1062.7198162049738,1054.662804709864,1055.468505859375,4500,0.0,0.0
2003-01-09 00:00:00+09:00,1055.4682814193886,1068.3594970703125,1048.216972615744,1068.3594970703125,9300,0.0,0.0
2003-01-10 00:00:00+09:00,1064.3314852729034,1064.3314852729034,1055.4687704068913,1060.302978515625,7600,0.0,0.0
2003-01-13 00:00:00+09:00,1060.302978515625,1060.302978515625,1060.302978515625,1060.302978515625,0,0.0,0.0
2003-01-14 00:00:00+09:00,1061.1089807895887,1065.1374886893216,1060.3032792096424,1064.331787109375,3300,0.0,0.0
2003-01-15 00:00:00+09:00,1069.9712126358695,1075.6111211362092,1063.5256029211957,1074.805419921875,9800,0.0,0.0
2003-01-16 00:00:00+09:00,1075.6112120430425,1075.6112120430425,1063.5256928066037,1067.55419921875,14000,0.0,0.0
2003-01-17 00:00:00+09:00,1075.6111104894992,1075.6111104894992,1068.3597996322667,1072.3883056640625,7100,0.0,0.0
2003-01-20 00:00:00+09:00,1072.3882792383542,1075.611083984375,1067.5540721193233,1075.611083984375,15300,0.0,0.0
2003-01-21 00:00:00+09:00,1076.41668487253,1081.250891541119,1071.5824782039406,1080.4451904296875,38600,0.0,0.0
2003-01-22 00:00:00+09:00,1086.085199408942,1086.085199408942,1071.5825780518492,1075.611083984375,9700,0.0,0.0
2003-01-23 00:00:00+09:00,1075.6111317351406,1086.8909488469696,1071.5826256237729,1077.2225341796875,7800,0.0,0.0
2003-01-24 00:00:00+09:00,1076.4169014289034,1092.530926899396,1076.4169014289034,1083.668212890625,10200,0.0,0.0
2003-01-27 00:00:00+09:00,1083.668212890625,1083.668212890625,1080.4454077965265,1083.668212890625,10800,0.0,0.0
2003-01-28 00:00:00+09:00,1083.6680958494264,1083.6680958494264,1073.1939804248595,1075.611083984375,9200,0.0,0.0
2003-01-29 00:00:00+09:00,1073.1939697265625,1078.028176797403,1071.5825673696156,1073.1939697265625,11700,0.0,0.0
2003-01-30 00:00:00+09:00,1073.1939218162595,1079.639530956297,1071.58251953125,1071.58251953125,13600,0.0,0.0
2003-01-31 00:00:00+09:00,1079.6395200198992,1079.6395200198992,1069.1654052734375,1069.1654052734375,11700,0.0,0.0
2003-02-03 00:00:00+09:00,1066.7483018704079,1069.1654052734375,1063.525497333035,1069.1654052734375,16400,0.0,0.0
2003-02-04 00:00:00+09:00,1086.0853108423662,1099.7822324182714,1069.1655841897773,1091.7252197265625,21600,0.0,0.0
2003-02-05 00:00:00+09:00,1086.0849979120267,1087.6963999860802,1073.9994823566258,1085.279296875,13200,0.0,0.0
2003-02-06 00:00:00+09:00,1082.0567255474273,1087.6966340201243,1081.251024337042,1082.8624267578125,10700,0.0,0.0
2003-02-07 00:00:00+09:00,1082.8621087945764,1087.6963146374094,1080.44500587316,1084.4735107421875,6900,0.0,0.0
2003-02-10 00:00:00+09:00,1087.6966552734375,1088.5023564995658,1082.0567466905381,1087.6966552734375,11500,0.0,0.0
2003-02-11 00:00:00+09:00,1087.6966552734375,1087.6966552734375,1087.6966552734375,1087.6966552734375,0,0.0,0.0
2003-02-12 00:00:00+09:00,1087.6965070580802,1100.5877249195094,1086.890805941741,1090.9193115234375,13300,0.0,0.0
2003-02-13 00:00:00+09:00,1095.7531854709282,1126.3698185943806,1094.1417837275885,1098.1702880859375,18800,0.0,0.0
2003-02-14 00:00:00+09:00,1099.7819231818705,1103.004727352367,1095.75341796875,1095.75341796875,20000,0.0,0.0
2003-02-17 00:00:00+09:00,1111.8677079520498,1111.8677079520498,1096.559384436768,1100.587890625,15500,0.0,0.0
2003-02-18 00:00:00+09:00,1102.1990596751734,1111.8674724793416,1100.5876575411455,1103.0047607421875,20000,0.0,0.0
2003-02-19 00:00:00+09:00,1105.422071381729,1111.061979909187,1103.8106689453125,1103.8106689453125,16100,0.0,0.0
2003-02-20 00:00:00+09:00,1103.8106689453125,1107.839175036354,1103.8106689453125,1103.8106689453125,17800,0.0,0.0
2003-02-21 00:00:00+09:00,1114.2847422186142,1115.0904434060462,1108.6448339065894,1112.67333984375,20800,0.0,0.0
2003-02-24 00:00:00+09:00,1111.867862215909,1111.867862215909,1103.810848721591,1107.83935546875,14000,0.0,0.0
2003-02-25 00:00:00+09:00,1107.839175036354,1107.839175036354,1103.0049677271043,1103.8106689453125,20300,0.0,0.0
2003-02-26 00:00:00+09:00,1099.7821893873536,1107.8392017638178,1099.7821893873536,1100.587890625,5900,0.0,0.0
2003-02-27 00:00:00+09:00,1099.7823486328125,1103.8108554043613,1095.7538418612637,1099.7823486328125,6100,0.0,0.0
2003-02-28 00:00:00+09:00,1099.7821628542713,1110.2562786909787,1099.7821628542713,1103.8106689453125,7100,0.0,0.0
2003-03-03 00:00:00+09:00,1100.5880331589947,1115.8963586568138,1099.7823318170042,1105.4222412109375,11100,0.0,0.0
2003-03-04 00:00:00+09:00,1111.8674724793416,1111.8674724793416,1100.5876575411455,1103.0047607421875,23100,0.0,0.0
2003-03-05 00:00:00+09:00,1103.8104618092016,1103.8104618092016,1102.1990596751734,1103.0047607421875,12600,0.0,0.0
2003-03-06 00:00:00+09:00,1110.2561776804368,1110.2561776804368,1107.839074245719,1108.644775390625,8600,0.0,0.0
2003-03-07 00:00:00+09:00,1103.0051540500515,1108.6450635302199,1099.7823486328125,1099.7823486328125,16600,0.0,0.0
2003-03-10 00:00:00+09:00,1099.7819231818705,1102.1990263097427,1095.75341796875,1095.75341796875,14300,0.0,0.0
2003-03-11 00:00:00+09:00,1096.5595432155735,1103.8108554043613,1096.5595432155735,1099.7823486328125,13100,0.0,0.0
2003-03-12 00:00:00+09:00,1102.1989520236784,1102.1989520236784,1095.7533441171072,1097.36474609375,17800,0.0,0.0
2003-03-13 00:00:00+09:00,1099.7819050308926,1111.0617194414658,1099.7819050308926,1109.4503173828125,7600,0.0,0.0
2003-03-14 00:00:00+09:00,1100.587890625,1106.227799288525,1099.7821893873536,1100.587890625,42900,0.0,0.0
2003-03-17 00:00:00+09:00,1102.1994526957417,1103.0051540500515,1096.5595432155735,1099.7823486328125,15700,0.0,0.0
2003-03-18 00:00:00+09:00,1098.170712833516,1111.8676329495613,1098.170712833516,1102.19921875,16200,0.0,0.0
2003-03-19 00:00:00+09:00,1103.8104618092016,1103.8104618092016,1099.7819564741314,1103.0047607421875,16200,0.0,0.0
2003-03-20 00:00:00+09:00,1107.03369140625,1111.0621982890966,1099.7823790171262,1107.03369140625,28800,0.0,0.0
2003-03-21 00:00:00+09:00,1107.03369140625,1107.03369140625,1107.03369140625,1107.03369140625,0,0.0,0.0
2003-03-24 00:00:00+09:00,1110.2559782792237,1119.9243902816552,1107.0331742784133,1118.31298828125,50100,0.0,0.0
2003-03-25 00:00:00+09:00,1117.507754733007,1117.507754733007,1111.0621440351958,1113.479248046875,76100,0.0,0.0
2003-03-26 00:00:00+09:00,1096.3985398933069,1100.465300056116,1071.997978916453,1089.8917236328125,39400,13.0,0.0
2003-03-27 00:00:00+09:00,1088.2651508876256,1101.2787849789574,1088.2651508876256,1093.145263671875,12600,0.0,0.0
2003-03-28 00:00:00+09:00,1082.5718313970249,1106.1590463560885,1081.7584791570573,1102.09228515625,13800,0.0,0.0
2003-03-31 00:00:00+09:00,1103.7189896361854,1114.2925687557658,1098.0255239564115,1102.09228515625,8900,0.0,0.0
2003-04-01 00:00:00+09:00,1101.2794094439168,1101.2794094439168,1083.385652421933,1097.212646484375,9300,0.0,0.0
2003-04-02 00:00:00+09:00,1097.211935905715,1105.345456557351,1095.5852317753877,1104.5321044921875,19300,0.0,0.0
2003-04-03 00:00:00+09:00,1105.345456557351,1111.8522730786601,1090.705119384406,1104.5321044921875,13700,0.0,0.0
2003-04-04 00:00:00+09:00,1104.5323418761532,1109.4124553159595,1089.8920015567344,1102.09228515625,12000,0.0,0.0
2003-04-07 00:00:00+09:00,1089.8913899258043,1105.345073812812,1089.8913899258043,1099.651611328125,4900,0.0,0.0
2003-04-08 00:00:00+09:00,1093.9587515371818,1099.6522171585648,1089.8919903790509,1098.0255126953125,9100,0.0,0.0
2003-04-09 00:00:00+09:00,1093.9587515371818,1098.0255126953125,1089.8919903790509,1098.0255126953125,5800,0.0,0.0
2003-04-10 00:00:00+09:00,1097.2120243254162,1097.2120243254162,1089.891855149042,1093.145263671875,4900,0.0,0.0
2003-04-11 00:00:00+09:00,1089.8918575017426,1093.9586181640625,1088.2651532368145,1093.9586181640625,8700,0.0,0.0
2003-04-14 00:00:00+09:00,1082.5717910389983,1089.8919609258135,1082.5717910389983,1087.451904296875,11000,0.0,0.0
2003-04-15 00:00:00+09:00,1086.6387487472668,1115.91943359375,1086.6387487472668,1115.91943359375,12600,0.0,0.0
2003-04-16 00:00:00+09:00,1111.8525120358627,1111.8525120358627,1097.212171716444,1102.09228515625,4100,0.0,0.0
2003-04-17 00:00:00+09:00,1097.2121604636864,1098.0255126953125,1097.2121604636864,1098.0255126953125,3600,0.0,0.0
2003-04-18 00:00:00+09:00,1098.0255239564115,1102.09228515625,1091.5187060366698,1102.09228515625,5500,0.0,0.0
2003-04-21 00:00:00+09:00,1113.4791259765625,1113.4791259765625,1109.4123651074003,1113.4791259765625,15100,0.0,0.0
2003-04-22 00:00:00+09:00,1113.4789966678202,1113.4789966678202,1098.8386592390248,1111.0389404296875,5900,0.0,0.0
2003-04-23 00:00:00+09:00,1107.78515625,1111.0385634636564,1107.78515625,1107.78515625,4100,0.0,0.0
2003-04-24 00:00:00+09:00,1108.5988793694728,1114.2923439003505,1105.3454710661142,1109.4122314453125,4800,0.0,0.0
2003-04-25 00:00:00+09:00,1110.2255835211522,1113.478991824511,1103.7187669144348,1109.4122314453125,11300,0.0,0.0
2003-04-28 00:00:00+09:00,1106.1588086225147,1106.1588086225147,1099.651992101206,1104.5321044921875,2100,0.0,0.0
2003-04-29 00:00:00+09:00,1104.5321044921875,1104.5321044921875,1104.5321044921875,1104.5321044921875,0,0.0,0.0
2003-04-30 00:00:00+09:00,1109.411854463465,1109.411854463465,1104.5317436667049,1106.158447265625,5800,0.0,0.0
2003-05-01 00:00:00+09:00,1106.1589332114606,1106.1589332114606,1104.5322288979144,1105.3455810546875,4900,0.0,0.0
2003-05-02 00:00:00+09:00,1105.3455810546875,1105.3455810546875,1102.092172427595,1105.3455810546875,5200,0.0,0.0
2003-05-05 00:00:00+09:00,1105.3455810546875,1105.3455810546875,1105.3455810546875,1105.3455810546875,0,0.0,0.0
2003-05-06 00:00:00+09:00,1106.1593120421246,1111.0394266540752,1105.3459596067994,1110.22607421875,3800,0.0,0.0
2003-05-07 00:00:00+09:00,1106.1584526431718,1112.6652670704846,1106.1584526431718,1107.78515625,3200,0.0,0.0
2003-05-08 00:00:00+09:00,1107.7851589368006,1113.4786215745082,1106.158455326027,1108.5985107421875,6700,0.0,0.0
2003-05-09 00:00:00+09:00,1108.5993693480998,1110.22607421875,1102.0925498654992,1110.22607421875,9900,0.0,0.0
2003-05-12 00:00:00+09:00,1111.0388233564054,1113.4788793374223,1108.5987673753884,1112.66552734375,3100,0.0,0.0
2003-05-13 00:00:00+09:00,1114.2922313310946,1114.2922313310946,1112.66552734375,1112.66552734375,6300,0.0,0.0
2003-05-14 00:00:00+09:00,1114.292473503509,1114.292473503509,1111.039064821747,1111.8524169921875,5100,0.0,0.0
2003-05-15 00:00:00+09:00,1113.4794839600504,1113.4794839600504,1106.9726644774496,1110.22607421875,5100,0.0,0.0
2003-05-16 00:00:00+09:00,1115.1057104848596,1115.1057104848596,1110.2255979663264,1114.2923583984375,11100,0.0,0.0
2003-05-19 00:00:00+09:00,1111.0390461520994,1113.4791026224188,1104.5322288979144,1105.3455810546875,10100,0.0,0.0
2003-05-20 00:00:00+09:00,1113.4791259765625,1114.2924781503948,1105.3456042382384,1113.4791259765625,8400,0.0,0.0
2003-05-21 00:00:00+09:00,1116.7325346718922,1119.9859433672216,1111.8524216288977,1113.4791259765625,15100,0.0,0.0
2003-05-22 00:00:00+09:00,1113.4788793374223,1118.3589912994564,1106.1587113943715,1112.66552734375,7600,0.0,0.0
2003-05-23 00:00:00+09:00,1107.7860169127748,1113.4794839600504,1107.7860169127748,1110.22607421875,5300,0.0,0.0
2003-05-26 00:00:00+09:00,1111.0389404296875,1115.9190529059526,1110.22558835031,1111.0389404296875,7700,0.0,0.0
2003-05-27 00:00:00+09:00,1115.9191824980596,1118.3592390195568,1110.2257172812328,1113.4791259765625,8400,0.0,0.0
2003-05-28 00:00:00+09:00,1113.4790063120151,1117.5457667441262,1107.7855417070598,1114.2923583984375,6500,0.0,0.0
2003-05-29 00:00:00+09:00,1114.2923583984375,1115.1057104848596,1110.2255979663264,1114.2923583984375,5600,0.0,0.0
2003-05-30 00:00:00+09:00,1115.1057104848596,1117.5457667441262,1110.2255979663264,1114.2923583984375,5000,0.0,0.0
2003-06-02 00:00:00+09:00,1117.5457667441262,1118.3591188305486,1111.0389500527485,1114.2923583984375,7100,0.0,0.0
2003-06-03 00:00:00+09:00,1111.0390694550651,1120.799295541054,1111.0390694550651,1113.4791259765625,9400,0.0,0.0
2003-06-04 00:00:00+09:00,1111.0389500527485,1116.732414657704,1111.0389500527485,1114.2923583984375,7600,0.0,0.0
2003-06-05 00:00:00+09:00,1116.7325485617898,1119.9859572975852,1114.2924920099433,1118.3592529296875,6500,0.0,0.0
2003-06-06 00:00:00+09:00,1114.2923679934838,1120.7991847408912,1114.2923679934838,1117.5457763671875,4700,0.0,0.0
2003-06-09 00:00:00+09:00,1120.799182333394,1120.799182333394,1107.7855488665332,1116.732421875,6900,0.0,0.0
2003-06-10 00:00:00+09:00,1115.919187138152,1117.5458914925807,1110.225721897651,1115.1058349609375,3200,0.0,0.0
2003-06-11 00:00:00+09:00,1115.919062571282,1122.4258792626597,1114.2923583984375,1114.2923583984375,16300,0.0,0.0
2003-06-12 00:00:00+09:00,1114.2924827837232,1122.4260045558672,1114.2924827837232,1115.1058349609375,12000,0.0,0.0
2003-06-13 00:00:00+09:00,1122.4258865167517,1122.4258865167517,1111.852309324927,1116.732421875,35600,0.0,0.0
2003-06-16 00:00:00+09:00,1121.6127907541218,1122.4261430316808,1116.7326770887666,1120.7994384765625,11400,0.0,0.0
2003-06-17 00:00:00+09:00,1120.7993002014384,1121.6126523786527,1114.2924827837232,1115.1058349609375,12200,0.0,0.0
2003-06-18 00:00:00+09:00,1119.985823003393,1119.985823003393,1111.852302139171,1114.2923583984375,17900,0.0,0.0
2003-06-19 00:00:00+09:00,1119.1724709169707,1119.1724709169707,1113.4790063120151,1114.2923583984375,17100,0.0,0.0
2003-06-20 00:00:00+09:00,1118.3592529296875,1121.612661665483,1115.919196377841,1118.3592529296875,10800,0.0,0.0
2003-06-23 00:00:00+09:00,1125.679424906886,1125.679424906886,1118.3592552362486,1119.172607421875,22900,0.0,0.0
2003-06-24 00:00:00+09:00,1121.612536834317,1122.4258889277428,1117.5457763671875,1117.5457763671875,7900,0.0,0.0
2003-06-25 00:00:00+09:00,1118.358891860419,1121.612299545831,1118.358891860419,1119.985595703125,3900,0.0,0.0
2003-06-26 00:00:00+09:00,1122.425778771415,1122.425778771415,1115.9189626625953,1121.6124267578125,10500,0.0,0.0
2003-06-27 00:00:00+09:00,1122.425778771415,1122.425778771415,1115.1056106489928,1121.6124267578125,12600,0.0,0.0
2003-06-30 00:00:00+09:00,1118.3594906642902,1122.426252448524,1115.91943359375,1115.91943359375,15300,0.0,0.0
2003-07-01 00:00:00+09:00,1115.9191986793696,1121.6126639787542,1115.9191986793696,1119.172607421875,12000,0.0,0.0
2003-07-02 00:00:00+09:00,1119.1727383378623,1124.052852022475,1116.7326814955559,1122.4261474609375,22600,0.0,0.0
2003-07-03 00:00:00+09:00,1122.4260161643806,1124.8660727212596,1119.172607421875,1119.172607421875,24100,0.0,0.0
2003-07-04 00:00:00+09:00,1121.6127951801686,1128.9329657070878,1121.6127951801686,1122.4261474609375,19100,0.0,0.0
2003-07-07 00:00:00+09:00,1123.2390340608688,1129.745849609375,1122.4256821173055,1129.745849609375,10100,0.0,0.0
2003-07-08 00:00:00+09:00,1137.8797607421875,1137.8797607421875,1130.5595907302647,1137.8797607421875,15300,0.0,0.0
2003-07-09 00:00:00+09:00,1138.6933467651543,1138.6933467651543,1131.3731752502354,1133.813232421875,15000,0.0,0.0
2003-07-10 00:00:00+09:00,1134.6264560680265,1137.8798652610533,1131.373046875,1131.373046875,13000,0.0,0.0
2003-07-11 00:00:00+09:00,1136.252795340001,1137.0661473767511,1132.18603515625,1132.18603515625,8900,0.0,0.0
2003-07-14 00:00:00+09:00,1132.1863991732566,1134.6264560680265,1129.7463422784867,1131.373046875,12800,0.0,0.0
2003-07-15 00:00:00+09:00,1132.1859054400647,1132.1859054400647,1129.745849609375,1129.745849609375,14100,0.0,0.0
2003-07-16 00:00:00+09:00,1130.5595611528229,1130.5595611528229,1126.492800141482,1127.30615234375,12300,0.0,0.0
2003-07-17 00:00:00+09:00,1128.1191355130302,1128.1191355130302,1124.052375832017,1126.492431640625,9000,0.0,0.0
2003-07-18 00:00:00+09:00,1129.74609612115,1130.5594482421875,1126.4926876369998,1130.5594482421875,16600,0.0,0.0
2003-07-21 00:00:00+09:00,1130.5594482421875,1130.5594482421875,1130.5594482421875,1130.5594482421875,0,0.0,0.0
2003-07-22 00:00:00+09:00,1131.372550942369,1131.372550942369,1125.6790873502791,1128.9324951171875,18600,0.0,0.0
2003-07-23 00:00:00+09:00,1128.9328567482864,1128.9328567482864,1124.8660957369455,1127.30615234375,13800,0.0,0.0
2003-07-24 00:00:00+09:00,1127.3057733158716,1128.9324771734703,1123.239013671875,1123.239013671875,18400,0.0,0.0
2003-07-25 00:00:00+09:00,1123.2394997417064,1126.4929088647814,1122.4261474609375,1122.4261474609375,17900,0.0,0.0
2003-07-28 00:00:00+09:00,1126.4924213870722,1126.4924213870722,1122.4256617430756,1123.239013671875,14000,0.0,0.0
2003-07-29 00:00:00+09:00,1126.4925462913236,1126.4925462913236,1121.6124341774264,1124.052490234375,14600,0.0,0.0
2003-07-30 00:00:00+09:00,1119.9859825233361,1127.30615234375,1119.9859825233361,1127.30615234375,12400,0.0,0.0
2003-07-31 00:00:00+09:00,1127.305903263864,1127.305903263864,1122.4257911285224,1125.67919921875,15200,0.0,0.0
2003-08-01 00:00:00+09:00,1126.4925462913236,1126.4925462913236,1122.4257861964093,1124.052490234375,13300,0.0,0.0
2003-08-04 00:00:00+09:00,1126.492551241307,1126.492551241307,1124.0524951736363,1125.67919921875,6200,0.0,0.0
2003-08-05 00:00:00+09:00,1124.8658422533579,1125.6791942723407,1123.2391382153921,1124.052490234375,8000,0.0,0.0
2003-08-06 00:00:00+09:00,1125.6791967473337,1126.4925487681048,1123.2391406850202,1124.8658447265625,6500,0.0,0.0
2003-08-07 00:00:00+09:00,1126.492431640625,1126.492431640625,1123.2390238958146,1126.492431640625,8100,0.0,0.0
2003-08-08 00:00:00+09:00,1124.8657175294736,1126.4924213870722,1123.239013671875,1123.239013671875,9900,0.0,0.0
2003-08-11 00:00:00+09:00,1125.6791967473337,1126.4925487681048,1124.8658447265625,1124.8658447265625,7800,0.0,0.0
2003-08-12 00:00:00+09:00,1125.6791942723407,1125.6791942723407,1124.052490234375,1124.052490234375,9900,0.0,0.0
2003-08-13 00:00:00+09:00,1124.8658422533579,1124.8658422533579,1124.052490234375,1124.052490234375,9800,0.0,0.0
2003-08-14 00:00:00+09:00,1124.8658422533579,1124.8658422533579,1123.2391382153921,1124.052490234375,20900,0.0,0.0
2003-08-15 00:00:00+09:00,1123.239013671875,1123.239013671875,1123.239013671875,1123.239013671875,9600,0.0,0.0
2003-08-18 00:00:00+09:00,1133.812719444319,1133.812719444319,1124.865847196193,1125.67919921875,17400,0.0,0.0
2003-08-19 00:00:00+09:00,1129.745849609375,1129.745849609375,1126.4924418351218,1129.745849609375,18400,0.0,0.0
2003-08-20 00:00:00+09:00,1130.559707674369,1137.8798784434837,1127.3062984436515,1136.253173828125,26200,0.0,0.0
2003-08-21 00:00:00+09:00,1137.0665261358045,1142.7599922895602,1134.626469212766,1136.253173828125,18800,0.0,0.0
2003-08-22 00:00:00+09:00,1138.692969452563,1138.692969452563,1130.5594482421875,1130.5594482421875,9800,0.0,0.0
2003-08-25 00:00:00+09:00,1136.2529130894502,1137.066265210488,1127.3060397580373,1130.5594482421875,12300,0.0,0.0
2003-08-26 00:00:00+09:00,1131.3730380739682,1132.9997426578273,1128.11962890625,1128.11962890625,12700,0.0,0.0
2003-08-27 00:00:00+09:00,1128.932487449233,1129.7458393854356,1126.492431640625,1126.492431640625,28400,0.0,0.0
2003-08-28 00:00:00+09:00,1127.30615234375,1132.9996177596277,1127.30615234375,1127.30615234375,13800,0.0,0.0
2003-08-29 00:00:00+09:00,1129.7458393854356,1129.7458393854356,1126.492431640625,1126.492431640625,7900,0.0,0.0
2003-09-01 00:00:00+09:00,1129.7458470589147,1129.7458470589147,1126.4924392920063,1128.9324951171875,31600,0.0,0.0
2003-09-02 00:00:00+09:00,1129.746333490109,1129.746333490109,1127.3062766143205,1128.11962890625,19800,0.0,0.0
2003-09-03 00:00:00+09:00,1128.9329811981795,1130.5596857820385,1127.3062766143205,1128.11962890625,36300,0.0,0.0
2003-09-04 00:00:00+09:00,1129.746333490109,1129.746333490109,1127.3062766143205,1128.11962890625,12200,0.0,0.0
2003-09-05 00:00:00+09:00,1128.9324951171875,1134.625958709277,1128.9324951171875,1128.9324951171875,24000,0.0,0.0
2003-09-08 00:00:00+09:00,1137.066399424563,1137.066399424563,1130.559581688228,1134.6263427734375,17800,0.0,0.0
2003-09-09 00:00:00+09:00,1134.626469212766,1140.319935366522,1134.626469212766,1136.253173828125,21500,0.0,0.0
2003-09-10 00:00:00+09:00,1138.6929931640625,1146.8265145438058,1136.2529367501395,1138.6929931640625,33300,0.0,0.0
2003-09-11 00:00:00+09:00,1138.6929978657722,1144.386462855101,1135.4395893004414,1140.3197021484375,40100,0.0,0.0
2003-09-12 00:00:00+09:00,1145.1998102678572,1147.6398666817802,1138.6929931640625,1138.6929931640625,48400,0.0,0.0
2003-09-15 00:00:00+09:00,1138.6929931640625,1138.6929931640625,1138.6929931640625,1138.6929931640625,0,0.0,0.0
2003-09-16 00:00:00+09:00,1146.0133124073234,1150.0800736294927,1139.5064944518524,1148.453369140625,27600,0.0,0.0
2003-09-17 00:00:00+09:00,1149.2662405276888,1154.9597038565591,1146.8261848153159,1150.8929443359375,22500,0.0,0.0
2003-09-18 00:00:00+09:00,1156.5866554389565,1156.5866554389565,1150.8931908903821,1151.70654296875,40100,0.0,0.0
2003-09-19 00:00:00+09:00,1154.1469769514756,1161.4671480526479,1152.5202722623262,1155.773681640625,44900,0.0,0.0
2003-09-22 00:00:00+09:00,1161.466552734375,1163.0932565897454,1156.5864411682642,1161.466552734375,63500,0.0,0.0
2003-09-23 00:00:00+09:00,1161.466552734375,1161.466552734375,1161.466552734375,1161.466552734375,0,0.0,0.0
2003-09-24 00:00:00+09:00,1161.466327648628,1167.1597900390625,1154.9595134881315,1167.1597900390625,156500,0.0,0.0
2003-09-25 00:00:00+09:00,1138.4931379483914,1145.8646762516544,1134.3978388910232,1140.9503173828125,65300,10.0,0.0
2003-09-26 00:00:00+09:00,1137.673828125,1140.950066650918,1134.397589599082,1137.673828125,15000,0.0,0.0
2003-09-29 00:00:00+09:00,1134.397911624632,1136.8550912165988,1126.2073129847429,1130.3026123046875,17900,0.0,0.0
2003-09-30 00:00:00+09:00,1128.6645933782445,1137.674252686779,1127.0264735039655,1136.0361328125,8700,0.0,0.0
2003-10-01 00:00:00+09:00,1130.3027132525235,1137.674252686779,1130.3027132525235,1136.0361328125,13900,0.0,0.0
2003-10-02 00:00:00+09:00,1131.1215043102238,1138.4930419921875,1130.3024445677834,1138.4930419921875,17100,0.0,0.0
2003-10-03 00:00:00+09:00,1140.9503640749276,1141.7694239199204,1132.759765625,1132.759765625,11000,0.0,0.0
2003-10-06 00:00:00+09:00,1131.1215701176143,1136.0359288581687,1124.569091796875,1124.569091796875,23000,0.0,0.0
2003-10-07 00:00:00+09:00,1122.112513056605,1127.0268744276557,1118.0172119140625,1118.0172119140625,18500,0.0,0.0
2003-10-08 00:00:00+09:00,1119.6545022076623,1122.930740692542,1115.5592041015625,1115.5592041015625,17700,0.0,0.0
2003-10-09 00:00:00+09:00,1115.5595006351978,1116.378560474137,1105.7307825679272,1110.6451416015625,14600,0.0,0.0
2003-10-10 00:00:00+09:00,1108.1878463745118,1114.7403244018556,1108.1878463745118,1113.9212646484375,19600,0.0,0.0
2003-10-13 00:00:00+09:00,1113.9212646484375,1113.9212646484375,1113.9212646484375,1113.9212646484375,0,0.0,0.0
2003-10-14 00:00:00+09:00,1128.664190570834,1139.3119659535778,1116.3782958984375,1116.3782958984375,11700,0.0,0.0
2003-10-15 00:00:00+09:00,1117.197355543264,1121.2926537673961,1115.559236253611,1116.3782958984375,7900,0.0,0.0
2003-10-16 00:00:00+09:00,1132.759689697799,1132.759689697799,1116.378493895951,1124.569091796875,14500,0.0,0.0
2003-10-17 00:00:00+09:00,1115.5592940622705,1122.1117715604337,1112.283055313189,1114.740234375,28400,0.0,0.0
2003-10-20 00:00:00+09:00,1113.1022170217414,1120.4737548828125,1109.8259779723764,1120.4737548828125,9600,0.0,0.0
2003-10-21 00:00:00+09:00,1121.2928024291994,1125.3881011962892,1113.9212646484375,1113.9212646484375,20200,0.0,0.0
2003-10-22 00:00:00+09:00,1114.7403825133467,1118.0166216978093,1112.283203125,1112.283203125,19400,0.0,0.0
2003-10-23 00:00:00+09:00,1112.2834367766204,1118.0168565538195,1105.73095703125,1105.73095703125,23800,0.0,0.0
2003-10-24 00:00:00+09:00,1105.7311155875232,1113.9217164437268,1105.7311155875232,1109.826416015625,16600,0.0,0.0
2003-10-27 00:00:00+09:00,1108.1877119978503,1114.7401892306536,1107.36865234375,1107.36865234375,10200,0.0,0.0
2003-10-28 00:00:00+09:00,1109.0069061279298,1118.0165634155273,1108.1878463745118,1113.9212646484375,9400,0.0,0.0
2003-10-29 00:00:00+09:00,1114.7401892306536,1132.7595016208627,1105.7305330355491,1107.36865234375,19000,0.0,0.0
2003-10-30 00:00:00+09:00,1109.8261305012784,1122.1120286249086,1108.188010751461,1121.29296875,14500,0.0,0.0
2003-10-31 00:00:00+09:00,1111.463950614252,1113.9211295765533,1107.36865234375,1107.36865234375,13400,0.0,0.0
2003-11-03 00:00:00+09:00,1107.36865234375,1107.36865234375,1107.36865234375,1107.36865234375,0,0.0,0.0
2003-11-04 00:00:00+09:00,1113.9211234683614,1122.1117199644523,1109.825825220316,1119.654541015625,8300,0.0,0.0
2003-11-05 00:00:00+09:00,1113.1021150004592,1120.473652185893,1113.1021150004592,1114.740234375,7000,0.0,0.0
2003-11-06 00:00:00+09:00,1115.5592488847542,1115.5592488847542,1107.36865234375,1107.36865234375,12200,0.0,0.0
2003-11-07 00:00:00+09:00,1108.187904144422,1121.2928608822717,1108.187904144422,1112.283203125,7400,0.0,0.0
2003-11-10 00:00:00+09:00,1113.102294921875,1113.102294921875,1109.8260556432235,1113.102294921875,6400,0.0,0.0
2003-11-11 00:00:00+09:00,1109.8261136734582,1113.9214129859063,1109.0070538109685,1111.4642333984375,14300,0.0,0.0
2003-11-12 00:00:00+09:00,1108.1879620847449,1113.9213809573193,1108.1879620847449,1110.6451416015625,7300,0.0,0.0
2003-11-13 00:00:00+09:00,1110.6451154628865,1113.921354741538,1109.0069958235606,1113.102294921875,3300,0.0,0.0
2003-11-14 00:00:00+09:00,1121.292893118504,1121.292893118504,1110.6451154628865,1113.102294921875,13400,0.0,0.0
2003-11-17 00:00:00+09:00,1113.1026563581065,1113.9217164437268,1109.826416015625,1109.826416015625,13000,0.0,0.0
2003-11-18 00:00:00+09:00,1109.8258313060512,1113.1020699224528,1106.5495926896497,1107.36865234375,15500,0.0,0.0
2003-11-19 00:00:00+09:00,1113.9218345207253,1113.9218345207253,1104.9121726238666,1106.55029296875,29900,0.0,0.0
2003-11-20 00:00:00+09:00,1107.3687866210937,1122.1118621826172,1107.3687866210937,1113.9212646484375,13500,0.0,0.0
2003-11-21 00:00:00+09:00,1113.9214129859063,1114.740472848396,1105.73081436101,1111.4642333984375,21700,0.0,0.0
2003-11-24 00:00:00+09:00,1111.4642333984375,1111.4642333984375,1111.4642333984375,1111.4642333984375,0,0.0,0.0
2003-11-25 00:00:00+09:00,1113.921354741538,1113.921354741538,1107.3688761842348,1113.102294921875,9000,0.0,0.0
2003-11-26 00:00:00+09:00,1109.8260237366533,1117.1975619016937,1109.8260237366533,1112.283203125,13800,0.0,0.0
2003-11-27 00:00:00+09:00,1113.9213809573193,1115.5595006351978,1110.6451416015625,1110.6451416015625,8600,0.0,0.0
2003-11-28 00:00:00+09:00,1113.9216845919498,1113.9216845919498,1105.73108396995,1109.00732421875,11900,0.0,0.0
2003-12-01 00:00:00+09:00,1105.730756544909,1113.921354741538,1105.730756544909,1113.102294921875,17000,0.0,0.0
2003-12-02 00:00:00+09:00,1113.9217164437268,1114.7407765293474,1108.1882958443841,1109.826416015625,13000,0.0,0.0
2003-12-03 00:00:00+09:00,1111.46450440535,1113.9216845919498,1109.00732421875,1109.00732421875,17100,0.0,0.0
2003-12-04 00:00:00+09:00,1113.9217164437268,1114.7407765293474,1109.826416015625,1109.826416015625,8600,0.0,0.0
2003-12-05 00:00:00+09:00,1115.5595006351978,1115.5595006351978,1110.6451416015625,1110.6451416015625,11600,0.0,0.0
2003-12-08 00:00:00+09:00,1113.9213227172313,1113.9213227172313,1109.8260237366533,1112.283203125,9400,0.0,0.0
2003-12-09 00:00:00+09:00,1113.102294921875,1114.7404145612009,1109.8260556432235,1113.102294921875,15500,0.0,0.0
2003-12-10 00:00:00+09:00,1113.9214129859063,1115.5595327108856,1111.4642333984375,1111.4642333984375,13600,0.0,0.0
2003-12-11 00:00:00+09:00,1114.7404145612009,1116.3785342005267,1113.102294921875,1113.102294921875,24600,0.0,0.0
2003-12-12 00:00:00+09:00,1121.292893118504,1121.292893118504,1112.283235102212,1113.102294921875,40600,0.0,0.0
2003-12-15 00:00:00+09:00,1116.3785342005267,1118.0166538398523,1113.102294921875,1113.102294921875,31500,0.0,0.0
2003-12-16 00:00:00+09:00,1117.1975940201896,1117.1975940201896,1113.102294921875,1113.102294921875,20400,0.0,0.0
2003-12-17 00:00:00+09:00,1114.7404145612009,1114.7404145612009,1112.283235102212,1113.102294921875,15100,0.0,0.0
2003-12-18 00:00:00+09:00,1113.9213227172313,1114.7403825133467,1110.6450835327687,1112.283203125,11500,0.0,0.0
2003-12-19 00:00:00+09:00,1113.1022109761616,1122.1118683129812,1110.6450317024835,1117.197509765625,29000,0.0,0.0
2003-12-22 00:00:00+09:00,1118.0165634155273,1118.0165634155273,1113.1022048950197,1113.9212646484375,27000,0.0,0.0
2003-12-23 00:00:00+09:00,1113.9212646484375,1113.9212646484375,1113.9212646484375,1113.9212646484375,0,0.0,0.0
2003-12-24 00:00:00+09:00,1113.9213227172313,1113.9213227172313,1109.8260237366533,1112.283203125,13300,0.0,0.0
2003-12-25 00:00:00+09:00,1109.8260556432235,1114.7404145612009,1109.8260556432235,1113.102294921875,14200,0.0,0.0
2003-12-26 00:00:00+09:00,1113.9212646484375,1114.7403244018556,1112.2831451416016,1113.9212646484375,10800,0.0,0.0
2003-12-29 00:00:00+09:00,1113.9213403854928,1122.1119384765625,1111.4641609581718,1122.1119384765625,9800,0.0,0.0
2003-12-30 00:00:00+09:00,1122.1119183531341,1134.3978152694094,1119.6547389698792,1127.8453369140625,8400,0.0,0.0
2003-12-31 00:00:00+09:00,1127.8453369140625,1127.8453369140625,1127.8453369140625,1127.8453369140625,0,0.0,0.0
2004-01-01 00:00:00+09:00,1127.8453369140625,1127.8453369140625,1127.8453369140625,1127.8453369140625,0,0.0,0.0
2004-01-02 00:00:00+09:00,1127.8453369140625,1127.8453369140625,1127.8453369140625,1127.8453369140625,0,0.0,0.0
2004-01-05 00:00:00+09:00,1126.207260858445,1135.2169189453125,1126.207260858445,1135.2169189453125,4300,0.0,0.0
2004-01-06 00:00:00+09:00,1138.493114241501,1138.493114241501,1127.8453369140625,1127.8453369140625,13900,0.0,0.0
2004-01-07 00:00:00+09:00,1130.3025162973177,1135.2168750638277,1127.0262771196442,1127.8453369140625,15100,0.0,0.0
2004-01-08 00:00:00+09:00,1135.2169714886209,1138.4932109445765,1130.3026123046875,1130.3026123046875,5200,0.0,0.0
2004-01-09 00:00:00+09:00,1131.1214599609375,1136.0358182228968,1131.1214599609375,1131.1214599609375,12100,0.0,0.0
2004-01-12 00:00:00+09:00,1131.1214599609375,1131.1214599609375,1131.1214599609375,1131.1214599609375,0,0.0,0.0
2004-01-13 00:00:00+09:00,1135.2167326646043,1136.0357923562815,1131.9404938978955,1133.57861328125,8300,0.0,0.0
2004-01-14 00:00:00+09:00,1133.5786453632672,1136.0358245078407,1131.9405259335515,1134.397705078125,14600,0.0,0.0
2004-01-15 00:00:00+09:00,1136.0359934303979,1136.0359934303979,1126.207275390625,1126.207275390625,30300,0.0,0.0
2004-01-16 00:00:00+09:00,1135.2169714886209,1135.2169714886209,1124.5691932567652,1130.3026123046875,11200,0.0,0.0
2004-01-19 00:00:00+09:00,1131.9407904061593,1131.9407904061593,1126.207371062568,1128.66455078125,12700,0.0,0.0
2004-01-20 00:00:00+09:00,1130.3026123046875,1134.397911624632,1128.6644925767096,1130.3026123046875,22500,0.0,0.0
2004-01-21 00:00:00+09:00,1130.3024581898114,1150.778951997598,1127.8452789328771,1129.4833984375,29800,0.0,0.0
2004-01-22 00:00:00+09:00,1145.045519931711,1146.6836394165919,1135.216803022426,1138.4930419921875,9200,0.0,0.0
2004-01-23 00:00:00+09:00,1139.3120633672722,1139.3120633672722,1134.397705078125,1134.397705078125,13100,0.0,0.0
2004-01-26 00:00:00+09:00,1136.0359787713915,1146.6837565104167,1135.2169189453125,1135.2169189453125,7400,0.0,0.0
2004-01-27 00:00:00+09:00,1136.0361328125,1146.6839119953136,1135.2170728753606,1136.0361328125,11900,0.0,0.0
2004-01-28 00:00:00+09:00,1135.2167390059326,1146.6835747534672,1135.2167390059326,1136.8548583984375,9500,0.0,0.0
2004-01-29 00:00:00+09:00,1136.8550385974702,1142.5884573800224,1135.2169189453125,1135.2169189453125,11200,0.0,0.0
2004-01-30 00:00:00+09:00,1135.2169189453125,1141.7693975539435,1135.2169189453125,1135.2169189453125,5800,0.0,0.0
2004-02-02 00:00:00+09:00,1146.6835679960354,1149.9598067617383,1145.045448613184,1149.1407470703125,8400,0.0,0.0
2004-02-03 00:00:00+09:00,1146.6839494376347,1149.1411293292867,1138.4933497987945,1140.1314697265625,9200,0.0,0.0
2004-02-04 00:00:00+09:00,1146.6836394165919,1146.6836394165919,1138.4930419921875,1138.4930419921875,11100,0.0,0.0
2004-02-05 00:00:00+09:00,1140.950297241211,1148.3218354143414,1140.1312374441964,1146.6837158203125,11900,0.0,0.0
2004-02-06 00:00:00+09:00,1146.6838697805138,1151.5982292224303,1146.6838697805138,1147.5029296875,8600,0.0,0.0
2004-02-09 00:00:00+09:00,1154.0554089433886,1158.969768385305,1147.5029296875,1147.5029296875,11700,0.0,0.0
2004-02-10 00:00:00+09:00,1149.1409330863546,1157.331531326457,1149.1409330863546,1150.779052734375,5300,0.0,0.0
2004-02-11 00:00:00+09:00,1150.779052734375,1150.779052734375,1150.779052734375,1150.779052734375,0,0.0,0.0
2004-02-12 00:00:00+09:00,1151.5978360515714,1154.8740745609643,1149.1406571695268,1149.959716796875,10800,0.0,0.0
2004-02-13 00:00:00+09:00,1149.959992910365,1153.2362322064057,1148.3218732623443,1150.779052734375,11000,0.0,0.0
2004-02-16 00:00:00+09:00,1162.2463287202117,1162.2463287202117,1151.598546991274,1155.69384765625,10300,0.0,0.0
2004-02-17 00:00:00+09:00,1159.7884778065286,1161.4265971254645,1155.6931795091893,1157.331298828125,9400,0.0,0.0
2004-02-18 00:00:00+09:00,1162.2458815883583,1163.06494140625,1158.9696423167914,1163.06494140625,9400,0.0,0.0
2004-02-19 00:00:00+09:00,1163.8840012241417,1167.1602404957086,1158.9696423167914,1163.06494140625,6200,0.0,0.0
2004-02-20 00:00:00+09:00,1168.7984356219952,1171.255615234375,1166.3412560096153,1171.255615234375,11000,0.0,0.0
2004-02-23 00:00:00+09:00,1186.8175378955384,1187.6365976180336,1169.6172837231393,1172.074462890625,27400,0.0,0.0
2004-02-24 00:00:00+09:00,1172.0745208932437,1182.7222978126092,1170.4364013671875,1170.4364013671875,13300,0.0,0.0
2004-02-25 00:00:00+09:00,1182.7222392830624,1182.7222392830624,1167.1601045556538,1172.074462890625,12100,0.0,0.0
2004-02-26 00:00:00+09:00,1172.8942679909478,1182.722990907073,1171.2561475049267,1181.9039306640625,7600,0.0,0.0
2004-02-27 00:00:00+09:00,1179.4467499350312,1185.9992318791146,1176.1705089629895,1181.9039306640625,15800,0.0,0.0
2004-03-01 00:00:00+09:00,1187.6368052303303,1202.3798828125,1181.0843263049217,1202.3798828125,23500,0.0,0.0
2004-03-02 00:00:00+09:00,1216.303659936656,1216.303659936656,1205.6558837890625,1205.6558837890625,21200,0.0,0.0
2004-03-03 00:00:00+09:00,1215.4845354352678,1215.4845354352678,1204.0177001953125,1204.0177001953125,20800,0.0,0.0
2004-03-04 00:00:00+09:00,1204.8370999441775,1212.20863896491,1204.8370999441775,1206.4752197265625,16000,0.0,0.0
2004-03-05 00:00:00+09:00,1212.208952681288,1212.208952681288,1208.1136521654728,1211.389892578125,10400,0.0,0.0
2004-03-08 00:00:00+09:00,1212.2085919061867,1222.0373102189396,1211.3895320467907,1214.665771484375,25200,0.0,0.0
2004-03-09 00:00:00+09:00,1214.6659201132286,1219.5802798709353,1212.208740234375,1212.208740234375,16300,0.0,0.0
2004-03-10 00:00:00+09:00,1220.399041772691,1220.399041772691,1212.2084441769011,1217.122802734375,27000,0.0,0.0
2004-03-11 00:00:00+09:00,1219.5798083757907,1222.856046947653,1213.027331232066,1222.0369873046875,18800,0.0,0.0
2004-03-12 00:00:00+09:00,1212.2085919061867,1222.8563700783357,1212.2085919061867,1214.665771484375,45700,0.0,0.0
2004-03-15 00:00:00+09:00,1220.3995678170586,1224.4948683802031,1215.4852071412852,1221.2186279296875,17700,0.0,0.0
2004-03-16 00:00:00+09:00,1226.9516223823152,1226.9516223823152,1220.3991437581108,1222.8563232421875,15900,0.0,0.0
2004-03-17 00:00:00+09:00,1226.9515700896952,1228.5896896759298,1223.6753309172261,1227.7706298828125,24900,0.0,0.0
2004-03-18 00:00:00+09:00,1228.58935546875,1235.9608916015625,1225.3131171875,1228.58935546875,31600,0.0,0.0
2004-03-19 00:00:00+09:00,1228.5894644484124,1230.2275837343436,1220.3988680187563,1222.0369873046875,35000,0.0,0.0
2004-03-22 00:00:00+09:00,1222.0372547584757,1235.1422119140625,1222.0372547584757,1235.1422119140625,37600,0.0,0.0
2004-03-23 00:00:00+09:00,1228.5901559776519,1233.5045166015625,1225.3139155617114,1233.5045166015625,30700,0.0,0.0
2004-03-24 00:00:00+09:00,1228.58935546875,1232.6846533203125,1226.1321767578124,1228.58935546875,46600,0.0,0.0
2004-03-25 00:00:00+09:00,1228.5896057778216,1235.1420836753034,1226.132426566266,1231.8658447265625,188400,0.0,0.0
2004-03-26 00:00:00+09:00,1220.3224851519926,1228.5679073489655,1209.6034362959276,1210.427978515625,80500,10.0,0.0
2004-03-29 00:00:00+09:00,1207.953944554822,1207.953944554822,1179.9195185378503,1195.5858154296875,30900,0.0,0.0
2004-03-30 00:00:00+09:00,1184.8673636734982,1193.1127872202865,1180.744651900104,1190.63916015625,22900,0.0,0.0
2004-03-31 00:00:00+09:00,1190.6385776394015,1206.3048747136042,1189.8140356881277,1200.5330810546875,13000,0.0,0.0
2004-04-01 00:00:00+09:00,1195.5858445745027,1203.8312641922578,1191.463134765625,1191.463134765625,12900,0.0,0.0
2004-04-02 00:00:00+09:00,1187.3408385093169,1195.586260998965,1184.0426695134577,1194.76171875,17600,0.0,0.0
2004-04-05 00:00:00+09:00,1196.4108096501016,1196.4108096501016,1179.9199645825604,1180.7445068359375,17500,0.0,0.0
2004-04-06 00:00:00+09:00,1179.9198976984615,1186.5162353515625,1178.270813285186,1186.5162353515625,16200,0.0,0.0
2004-04-07 00:00:00+09:00,1188.1651611328125,1193.9369558086833,1179.09519807073,1188.1651611328125,11400,0.0,0.0
2004-04-08 00:00:00+09:00,1194.7613887299153,1194.7613887299153,1187.3405105390464,1193.1123046875,10500,0.0,0.0
2004-04-09 00:00:00+09:00,1194.7613026127271,1194.7613026127271,1186.515882994972,1191.463134765625,11200,0.0,0.0
2004-04-12 00:00:00+09:00,1195.5863580854282,1203.007238928717,1191.4636465058231,1201.358154296875,17100,0.0,0.0
2004-04-13 00:00:00+09:00,1203.0073944815942,1218.673700509799,1199.709224791446,1216.2000732421875,20200,0.0,0.0
2004-04-14 00:00:00+09:00,1212.0766100291503,1212.0766100291503,1201.3575651785525,1208.7784423828125,8400,0.0,0.0
2004-04-15 00:00:00+09:00,1208.7788999571953,1214.5506955231574,1196.4107666015625,1196.4107666015625,19800,0.0,0.0
2004-04-16 00:00:00+09:00,1209.6034668135628,1209.6034668135628,1199.7089599275623,1206.3052978515625,9100,0.0,0.0
2004-04-19 00:00:00+09:00,1199.708651795679,1215.3749503414647,1198.059567738228,1212.0767822265625,12900,0.0,0.0
2004-04-20 00:00:00+09:00,1212.0770629550195,1212.0770629550195,1199.7089296595602,1210.427978515625,17400,0.0,0.0
2004-04-21 00:00:00+09:00,1203.8318551595837,1208.7791093588696,1196.4109738606546,1198.06005859375,19600,0.0,0.0
2004-04-22 00:00:00+09:00,1198.059839117161,1209.603430134119,1198.059839117161,1207.954345703125,9200,0.0,0.0
2004-04-23 00:00:00+09:00,1198.8839971521397,1209.6030425186996,1198.059455200866,1200.5330810546875,7900,0.0,0.0
2004-04-26 00:00:00+09:00,1203.831628468066,1212.077050580861,1202.182544045507,1205.480712890625,8900,0.0,0.0
2004-04-27 00:00:00+09:00,1205.480804256135,1209.603515625,1203.831719708589,1209.603515625,7300,0.0,0.0
2004-04-28 00:00:00+09:00,1212.0770935350629,1216.199804737563,1206.3052978515625,1206.3052978515625,11900,0.0,0.0
2004-04-29 00:00:00+09:00,1206.3052978515625,1206.3052978515625,1206.3052978515625,1206.3052978515625,0,0.0,0.0
2004-04-30 00:00:00+09:00,1208.7789184570313,1208.7789184570313,1198.0598693847655,1203.8316650390625,18900,0.0,0.0
2004-05-03 00:00:00+09:00,1203.8316650390625,1203.8316650390625,1203.8316650390625,1203.8316650390625,0,0.0,0.0
2004-05-04 00:00:00+09:00,1203.8316650390625,1203.8316650390625,1203.8316650390625,1203.8316650390625,0,0.0,0.0
2004-05-05 00:00:00+09:00,1203.8316650390625,1203.8316650390625,1203.8316650390625,1203.8316650390625,0,0.0,0.0
2004-05-06 00:00:00+09:00,1212.0769949057667,1212.0769949057667,1199.7088623046875,1199.7088623046875,13100,0.0,0.0
2004-05-07 00:00:00+09:00,1200.533520575069,1202.1826050813534,1197.2353515625,1197.2353515625,10500,0.0,0.0
2004-05-10 00:00:00+09:00,1198.05974269322,1201.35791128976,1154.3590087890625,1154.3590087890625,27600,0.0,0.0
2004-05-11 00:00:00+09:00,1159.305935764645,1193.9366962924653,1158.481393847316,1183.2176513671875,9600,0.0,0.0
2004-05-12 00:00:00+09:00,1191.4631057213091,1197.2348993130388,1179.9195185378503,1195.5858154296875,11700,0.0,0.0
2004-05-13 00:00:00+09:00,1195.586434129394,1195.586434129394,1179.0955867620921,1181.5692138671875,14800,0.0,0.0
2004-05-14 00:00:00+09:00,1179.9199645825604,1194.7617251433473,1179.0954223291835,1180.7445068359375,13900,0.0,0.0
2004-05-17 00:00:00+09:00,1193.936835471164,1193.936835471164,1170.0251170812028,1174.1478271484375,19500,0.0,0.0
2004-05-18 00:00:00+09:00,1170.84971515221,1197.235060845781,1168.3760889934376,1179.919677734375,12100,0.0,0.0
2004-05-19 00:00:00+09:00,1182.3935910059402,1197.2353515625,1182.3935910059402,1197.2353515625,7100,0.0,0.0
2004-05-20 00:00:00+09:00,1193.9368735006854,1205.4804620566313,1185.6914531035811,1203.0068359375,9100,0.0,0.0
2004-05-21 00:00:00+09:00,1220.3222160029218,1224.4449261921206,1210.427711548844,1217.0240478515625,17400,0.0,0.0
2004-05-24 00:00:00+09:00,1213.7258662840136,1216.1994923701902,1205.4804459967581,1212.0767822265625,7700,0.0,0.0
2004-05-25 00:00:00+09:00,1204.656176841137,1209.603430134119,1199.7089235481549,1207.954345703125,9600,0.0,0.0
2004-05-26 00:00:00+09:00,1212.0771969674886,1219.4980777652486,1210.428112345764,1215.3753662109375,11800,0.0,0.0
2004-05-27 00:00:00+09:00,1208.7790277240395,1224.445331630422,1208.7790277240395,1215.3753662109375,16200,0.0,0.0
2004-05-28 00:00:00+09:00,1215.3753472222222,1224.4453125,1215.3753472222222,1224.4453125,6800,0.0,0.0
2004-05-31 00:00:00+09:00,1227.7431574907469,1228.567699570996,1220.322278768506,1225.26953125,7100,0.0,0.0
2004-06-01 00:00:00+09:00,1225.2695741018515,1226.0941162109375,1212.9014424655609,1226.0941162109375,5200,0.0,0.0
2004-06-02 00:00:00+09:00,1212.9014892578125,1217.0241999622917,1212.9014892578125,1212.9014892578125,3700,0.0,0.0
2004-06-03 00:00:00+09:00,1224.4453125,1225.2698547979796,1212.077178030303,1224.4453125,10500,0.0,0.0
2004-06-04 00:00:00+09:00,1227.7434816919192,1227.7434816919192,1214.5508049242424,1224.4453125,4800,0.0,0.0
2004-06-07 00:00:00+09:00,1227.7431574907469,1227.7431574907469,1214.550484206763,1225.26953125,12800,0.0,0.0
2004-06-08 00:00:00+09:00,1227.7430419921875,1227.7430419921875,1217.848537960014,1227.7430419921875,9600,0.0,0.0
2004-06-09 00:00:00+09:00,1229.3921259975498,1234.3393780136364,1221.1467059707386,1227.7430419921875,7700,0.0,0.0
2004-06-10 00:00:00+09:00,1221.1469975118262,1231.04150390625,1221.1469975118262,1231.04150390625,4100,0.0,0.0
2004-06-11 00:00:00+09:00,1221.9716856060606,1231.0416508838384,1220.322601010101,1224.4453125,39700,0.0,0.0
2004-06-14 00:00:00+09:00,1232.6907591224115,1236.8134706913827,1226.9189629258517,1234.33984375,13100,0.0,0.0
2004-06-15 00:00:00+09:00,1236.8132930473994,1236.8132930473994,1228.56787109375,1228.56787109375,9300,0.0,0.0
2004-06-16 00:00:00+09:00,1235.9887267495983,1236.8132689288843,1228.5678471360252,1235.1641845703125,10800,0.0,0.0
2004-06-17 00:00:00+09:00,1236.8134706913827,1236.8134706913827,1231.041674494823,1234.33984375,5000,0.0,0.0
2004-06-18 00:00:00+09:00,1229.3925840079066,1234.3398378670934,1229.3925840079066,1231.8662109375,9500,0.0,0.0
2004-06-21 00:00:00+09:00,1236.8138107350499,1266.497342192691,1236.8138107350499,1240.9365234375,36200,0.0,0.0
2004-06-22 00:00:00+09:00,1237.637982120844,1245.8834050530281,1231.866186068315,1238.4625244140625,16000,0.0,0.0
2004-06-23 00:00:00+09:00,1240.935979825314,1245.0586907217435,1232.6905580324546,1235.1641845703125,9400,0.0,0.0
2004-06-24 00:00:00+09:00,1249.1812182358153,1249.1812182358153,1243.409423828125,1243.409423828125,6300,0.0,0.0
2004-06-25 00:00:00+09:00,1243.409423828125,1251.6548444105397,1240.9357976534006,1243.409423828125,10700,0.0,0.0
2004-06-28 00:00:00+09:00,1253.30419921875,1253.30419921875,1246.7078613281249,1253.30419921875,13000,0.0,0.0
2004-06-29 00:00:00+09:00,1251.6551940395614,1252.479736328125,1243.4097711539252,1252.479736328125,6400,0.0,0.0
2004-06-30 00:00:00+09:00,1245.059087517556,1252.4799694961375,1245.059087517556,1247.53271484375,5800,0.0,0.0
2004-07-01 00:00:00+09:00,1253.30419921875,1260.725079345703,1246.7078613281249,1253.30419921875,10600,0.0,0.0
2004-07-02 00:00:00+09:00,1260.725048748079,1261.5495909643955,1253.3041688012295,1257.4268798828125,8100,0.0,0.0
2004-07-05 00:00:00+09:00,1261.549872976342,1261.549872976342,1255.778076171875,1255.778076171875,12400,0.0,0.0
2004-07-06 00:00:00+09:00,1261.549763916501,1261.549763916501,1244.234375,1244.234375,8700,0.0,0.0
2004-07-07 00:00:00+09:00,1259.900610931316,1259.900610931316,1246.7079343770613,1250.006103515625,20900,0.0,0.0
2004-07-08 00:00:00+09:00,1250.0058464403974,1253.3040149006624,1245.05859375,1245.05859375,8300,0.0,0.0
2004-07-09 00:00:00+09:00,1245.8833920924205,1250.830645800266,1245.8833920924205,1250.006103515625,9400,0.0,0.0
2004-07-12 00:00:00+09:00,1250.8303586047082,1259.900321653259,1248.3567323187397,1249.1812744140625,7300,0.0,0.0
2004-07-13 00:00:00+09:00,1248.3567323187397,1253.3039848906765,1248.3567323187397,1249.1812744140625,7400,0.0,0.0
2004-07-14 00:00:00+09:00,1249.1813043253312,1253.3040149006624,1245.05859375,1245.05859375,10900,0.0,0.0
2004-07-15 00:00:00+09:00,1259.0759643154458,1259.0759643154458,1249.1814577196467,1257.4268798828125,11400,0.0,0.0
2004-07-16 00:00:00+09:00,1260.725018350439,1267.3213559219262,1257.4268495646957,1261.549560546875,16800,0.0,0.0
2004-07-19 00:00:00+09:00,1261.549560546875,1261.549560546875,1261.549560546875,1261.549560546875,0,0.0,0.0
2004-07-20 00:00:00+09:00,1261.5492012636068,1264.8473691100476,1253.3037816475048,1264.0228271484375,12000,0.0,0.0
2004-07-21 00:00:00+09:00,1268.1455508028246,1269.7946347440504,1254.1283373024032,1268.9700927734375,14300,0.0,0.0
2004-07-22 00:00:00+09:00,1260.7249995826655,1265.6722526876335,1253.3041199252136,1254.128662109375,12400,0.0,0.0
2004-07-23 00:00:00+09:00,1253.3044489699607,1262.37441537698,1249.18173696677,1255.778076171875,22200,0.0,0.0
2004-07-26 00:00:00+09:00,1259.0759152143428,1259.0759152143428,1253.3041199252136,1254.128662109375,9700,0.0,0.0
2004-07-27 00:00:00+09:00,1261.5497015023248,1263.1987860794518,1252.479736328125,1252.479736328125,11300,0.0,0.0
2004-07-28 00:00:00+09:00,1264.0233283680154,1264.0233283680154,1251.6551940395614,1252.479736328125,8200,0.0,0.0
2004-07-29 00:00:00+09:00,1251.654900700031,1251.654900700031,1247.5321902234168,1249.1812744140625,11200,0.0,0.0
2004-07-30 00:00:00+09:00,1251.6554065614234,1259.9008308470718,1249.181779275729,1256.6026611328125,12100,0.0,0.0
2004-08-02 00:00:00+09:00,1259.900390625,1260.7249327654613,1254.9531377822316,1259.900390625,9300,0.0,0.0
2004-08-03 00:00:00+09:00,1257.4269900595066,1260.7251592137611,1249.1815671738705,1252.479736328125,11800,0.0,0.0
2004-08-04 00:00:00+09:00,1256.6021532719678,1256.6021532719678,1246.707648128094,1249.1812744140625,13100,0.0,0.0
2004-08-05 00:00:00+09:00,1256.6020870334057,1261.5493393445608,1249.1812085666731,1254.9530029296875,6500,0.0,0.0
2004-08-06 00:00:00+09:00,1258.2517459899423,1258.2517459899423,1253.3044914185532,1256.6026611328125,17800,0.0,0.0
2004-08-09 00:00:00+09:00,1260.7252255432288,1264.8479372029515,1256.602513883506,1263.1988525390625,7500,0.0,0.0
2004-08-10 00:00:00+09:00,1258.251422099129,1264.0232176133454,1243.4096622054303,1257.4268798828125,58700,0.0,0.0
2004-08-11 00:00:00+09:00,1252.4791613880939,1264.8472900390625,1252.4791613880939,1264.8472900390625,8300,0.0,0.0
2004-08-12 00:00:00+09:00,1260.7251097439942,1276.3914126119705,1260.7251097439942,1265.67236328125,12400,0.0,0.0
2004-08-13 00:00:00+09:00,1265.6722715290543,1273.917693493413,1257.4268495646957,1261.549560546875,16000,0.0,0.0
2004-08-16 00:00:00+09:00,1268.1459286949284,1268.1459286949284,1257.4268798828125,1257.4268798828125,13000,0.0,0.0
2004-08-17 00:00:00+09:00,1260.725018350439,1268.9704403147978,1259.0759339575675,1261.549560546875,5500,0.0,0.0
2004-08-18 00:00:00+09:00,1268.9705503789871,1273.09326171875,1262.3742122353667,1273.09326171875,10100,0.0,0.0
2004-08-19 00:00:00+09:00,1270.619404139365,1278.8648253213207,1270.619404139365,1278.040283203125,7800,0.0,0.0
2004-08-20 00:00:00+09:00,1270.6195316744556,1280.5140380859375,1270.6195316744556,1280.5140380859375,9800,0.0,0.0
2004-08-23 00:00:00+09:00,1289.5839852997751,1306.8993712916517,1278.0403946385238,1306.0748291015625,20900,0.0,0.0
2004-08-24 00:00:00+09:00,1297.0049621737337,1302.7767579367446,1296.180419921875,1296.180419921875,13000,0.0,0.0
2004-08-25 00:00:00+09:00,1294.5311279296875,1297.8292964084892,1287.1102488523836,1294.5311279296875,12900,0.0,0.0
2004-08-26 00:00:00+09:00,1295.3558776700163,1297.8295044255924,1288.7595396551467,1296.180419921875,11800,0.0,0.0
2004-08-27 00:00:00+09:00,1297.0047113383325,1297.8292534307282,1287.110206229585,1293.70654296875,22200,0.0,0.0
2004-08-30 00:00:00+09:00,1294.531280806388,1306.8994140625,1293.7067385893138,1306.8994140625,14200,0.0,0.0
2004-08-31 00:00:00+09:00,1301.9521607600552,1314.320294016167,1301.9521607600552,1306.8994140625,14900,0.0,0.0
2004-09-01 00:00:00+09:00,1318.4428646689967,1319.2674067982455,1307.723816988761,1315.96923828125,16000,0.0,0.0
2004-09-02 00:00:00+09:00,1319.2677001953125,1327.5131233215332,1316.7940732574464,1319.2677001953125,19400,0.0,0.0
2004-09-03 00:00:00+09:00,1327.5128903513678,1331.6356011909684,1319.2674686721668,1324.2147216796875,23800,0.0,0.0
2004-09-06 00:00:00+09:00,1324.2147714064897,1344.0037841796875,1324.2147714064897,1344.0037841796875,27200,0.0,0.0
2004-09-07 00:00:00+09:00,1344.8283263785709,1351.4246639696366,1341.5301575830379,1344.0037841796875,16300,0.0,0.0
2004-09-08 00:00:00+09:00,1348.1264951741036,1352.24920616852,1338.2319887875049,1344.0037841796875,21600,0.0,0.0
2004-09-09 00:00:00+09:00,1343.1794917240363,1355.5476270069464,1339.8813223152604,1346.4776611328125,29200,0.0,0.0
2004-09-10 00:00:00+09:00,1344.0039798225132,1346.4776067792416,1338.2321835901464,1340.705810546875,46800,0.0,0.0
2004-09-13 00:00:00+09:00,1344.003638708839,1350.5999755859375,1342.3545544895642,1350.5999755859375,15700,0.0,0.0
2004-09-14 00:00:00+09:00,1352.2493469722392,1359.6702275348916,1348.9511778332826,1351.4248046875,18500,0.0,0.0
2004-09-15 00:00:00+09:00,1352.2493409993888,1355.5475101237776,1348.1266295939029,1348.951171875,21200,0.0,0.0
2004-09-16 00:00:00+09:00,1355.5472412109375,1367.0908308562862,1353.0736148583628,1355.5472412109375,36200,0.0,0.0
2004-09-17 00:00:00+09:00,1358.8454096810372,1358.8454096810372,1350.5999885057881,1355.5472412109375,26700,0.0,0.0
2004-09-20 00:00:00+09:00,1355.5472412109375,1355.5472412109375,1355.5472412109375,1355.5472412109375,0,0.0,0.0
2004-09-21 00:00:00+09:00,1356.3722236447218,1358.8458508003048,1352.24951171875,1352.24951171875,42800,0.0,0.0
2004-09-22 00:00:00+09:00,1352.249474844892,1353.8985595703125,1349.7758477567609,1353.8985595703125,39400,0.0,0.0
2004-09-23 00:00:00+09:00,1353.8985595703125,1353.8985595703125,1353.8985595703125,1353.8985595703125,0,0.0,0.0
2004-09-24 00:00:00+09:00,1350.599846796158,1350.599846796158,1341.5298844550362,1348.126220703125,172900,0.0,0.0
2004-09-27 00:00:00+09:00,1298.349609375,1309.1346221046326,1290.053445736821,1298.349609375,111000,10.0,0.0
2004-09-28 00:00:00+09:00,1304.9867053907744,1313.2828700785735,1294.201691296636,1300.838623046875,32100,0.0,0.0
2004-09-29 00:00:00+09:00,1302.4975157483948,1309.964062017016,1299.1790507401186,1300.0086669921875,24200,0.0,0.0
2004-09-30 00:00:00+09:00,1300.008863325211,1300.008863325211,1286.7350012874297,1290.053466796875,26800,0.0,0.0
2004-10-01 00:00:00+09:00,1290.8828125,1295.030893517031,1286.7347314829692,1290.8828125,18400,0.0,0.0
2004-10-04 00:00:00+09:00,1297.52007765257,1309.13470750368,1297.52007765257,1303.327392578125,20200,0.0,0.0
2004-10-05 00:00:00+09:00,1301.668239515655,1309.134787734674,1298.3497736405354,1300.838623046875,18400,0.0,0.0
2004-10-06 00:00:00+09:00,1302.4976861529747,1311.6234661196515,1295.0311389075116,1309.9642333984375,10700,0.0,0.0
2004-10-07 00:00:00+09:00,1309.9642705705162,1309.9642705705162,1301.6681067290308,1304.986572265625,7500,0.0,0.0
2004-10-08 00:00:00+09:00,1303.3275413173021,1305.8163908551453,1294.201759678543,1302.4979248046875,8700,0.0,0.0
2004-10-11 00:00:00+09:00,1302.4979248046875,1302.4979248046875,1302.4979248046875,1302.4979248046875,0,0.0,0.0
2004-10-12 00:00:00+09:00,1302.4974295636312,1303.3270457608055,1295.0308837890625,1295.0308837890625,11200,0.0,0.0
2004-10-13 00:00:00+09:00,1295.860850663084,1300.83854919316,1291.7127685546875,1291.7127685546875,16700,0.0,0.0
2004-10-14 00:00:00+09:00,1290.0536688578497,1295.0313679016742,1286.7352028286334,1287.5648193359375,16500,0.0,0.0
2004-10-15 00:00:00+09:00,1286.7348673317288,1286.7348673317288,1275.1202392578125,1275.1202392578125,21900,0.0,0.0
2004-10-18 00:00:00+09:00,1300.0082568327584,1300.0082568327584,1269.3124651908875,1274.2901611328125,6800,0.0,0.0
2004-10-19 00:00:00+09:00,1275.9495942774583,1285.9049877308585,1270.9718975507583,1271.801513671875,8500,0.0,0.0
2004-10-20 00:00:00+09:00,1273.461160307949,1282.5869406098302,1270.9723111347087,1281.75732421875,12700,0.0,0.0
2004-10-21 00:00:00+09:00,1288.393438744576,1290.882286340348,1272.6307373046875,1272.6307373046875,17100,0.0,0.0
2004-10-22 00:00:00+09:00,1272.6313212540715,1285.905181188925,1270.972088762215,1273.4609375,9600,0.0,0.0
2004-10-25 00:00:00+09:00,1270.972465405433,1285.0759457656761,1269.313232421875,1269.313232421875,9200,0.0,0.0
2004-10-26 00:00:00+09:00,1270.142429680488,1285.905137821526,1269.3128134625388,1270.9720458984375,4200,0.0,0.0
2004-10-27 00:00:00+09:00,1270.972465405433,1281.75747979856,1269.313232421875,1269.313232421875,10700,0.0,0.0
2004-10-28 00:00:00+09:00,1272.6313903848304,1280.9275532947706,1269.3129252208544,1275.1202392578125,7800,0.0,0.0
2004-10-29 00:00:00+09:00,1270.142626304404,1281.7572551536932,1269.3130099580262,1280.0980224609375,7400,0.0,0.0
2004-11-01 00:00:00+09:00,1277.6090942224894,1285.9052571719862,1273.461012747741,1282.5867919921875,3700,0.0,0.0
2004-11-02 00:00:00+09:00,1280.0981021237064,1295.8608136858259,1270.9723217456371,1277.6092529296875,14100,0.0,0.0
2004-11-03 00:00:00+09:00,1277.6092529296875,1277.6092529296875,1277.6092529296875,1277.6092529296875,0,0.0,0.0
2004-11-04 00:00:00+09:00,1280.098070268539,1302.497712457295,1280.098070268539,1290.053466796875,7900,0.0,0.0
2004-11-05 00:00:00+09:00,1300.8382767370026,1300.8382767370026,1285.9051842744605,1292.5421142578125,13100,0.0,0.0
2004-11-08 00:00:00+09:00,1293.372134887066,1294.2017513943701,1280.9278872775049,1287.5648193359375,7700,0.0,0.0
2004-11-09 00:00:00+09:00,1293.3717305057316,1293.3717305057316,1285.9051842744605,1292.5421142578125,4100,0.0,0.0
2004-11-10 00:00:00+09:00,1285.9051513671875,1294.2013136340727,1283.416302687122,1285.9051513671875,14800,0.0,0.0
2004-11-11 00:00:00+09:00,1294.2013136340727,1294.2013136340727,1285.0755351404991,1285.9051513671875,10500,0.0,0.0
2004-11-12 00:00:00+09:00,1290.8831097419963,1291.7127261364321,1285.905411375382,1289.223876953125,8200,0.0,0.0
2004-11-15 00:00:00+09:00,1294.2013532277042,1300.8382832442567,1287.564423211152,1300.0086669921875,14400,0.0,0.0
2004-11-16 00:00:00+09:00,1302.4976911940894,1306.645773013179,1290.053445736821,1298.349609375,9200,0.0,0.0
2004-11-17 00:00:00+09:00,1298.3497736405354,1307.4755547971142,1293.372074827856,1300.838623046875,10900,0.0,0.0
2004-11-18 00:00:00+09:00,1310.7942279200088,1310.7942279200088,1301.6684453205658,1305.8165283203125,5900,0.0,0.0
2004-11-19 00:00:00+09:00,1326.5565450618205,1351.4450355883087,1309.9642180441617,1325.7269287109375,12300,0.0,0.0
2004-11-22 00:00:00+09:00,1326.5565657448083,1326.5565657448083,1294.2015275559106,1298.349609375,23500,0.0,0.0
2004-11-23 00:00:00+09:00,1298.349609375,1298.349609375,1298.349609375,1298.349609375,0,0.0,0.0
2004-11-24 00:00:00+09:00,1299.1792257388179,1309.1346221046326,1298.349609375,1298.349609375,12200,0.0,0.0
2004-11-25 00:00:00+09:00,1300.0087566461375,1309.1345360482483,1290.053360934744,1293.371826171875,21200,0.0,0.0
2004-11-26 00:00:00+09:00,1306.6456604003906,1306.6456604003906,1294.201416015625,1294.201416015625,6900,0.0,0.0
2004-11-29 00:00:00+09:00,1295.0309694797734,1306.64559700874,1294.2013532277042,1300.0086669921875,6500,0.0,0.0
2004-11-30 00:00:00+09:00,1305.816044108073,1305.816044108073,1294.201416015625,1294.201416015625,8600,0.0,0.0
2004-12-01 00:00:00+09:00,1294.2012870980416,1304.9862978238586,1286.7347412109375,1286.7347412109375,16100,0.0,0.0
2004-12-02 00:00:00+09:00,1290.0531839037696,1306.6455078125,1290.0531839037696,1306.6455078125,8800,0.0,0.0
2004-12-03 00:00:00+09:00,1306.6458582498706,1310.7939403395528,1302.4977761601886,1303.327392578125,5900,0.0,0.0
2004-12-06 00:00:00+09:00,1327.3859126984125,1327.3859126984125,1306.6455078125,1306.6455078125,5300,0.0,0.0
2004-12-07 00:00:00+09:00,1304.1566162109375,1311.6231617235956,1304.1566162109375,1304.1566162109375,8300,0.0,0.0
2004-12-08 00:00:00+09:00,1314.942134334351,1314.942134334351,1307.4755859375,1307.4755859375,4600,0.0,0.0
2004-12-09 00:00:00+09:00,1307.4756238803743,1312.453322956061,1302.4979248046875,1302.4979248046875,7700,0.0,0.0
2004-12-10 00:00:00+09:00,1301.6678994963256,1314.1121432773614,1297.5198182359804,1300.0086669921875,28300,0.0,0.0
2004-12-13 00:00:00+09:00,1304.986275421627,1314.1120535714285,1300.0085782490078,1306.6455078125,5400,0.0,0.0
2004-12-14 00:00:00+09:00,1312.4526969472743,1323.2377064670686,1306.6453841289235,1318.260009765625,16400,0.0,0.0
2004-12-15 00:00:00+09:00,1339.830089750744,1339.830089750744,1323.2377666578554,1324.0673828125,11400,0.0,0.0
2004-12-16 00:00:00+09:00,1323.2377953622854,1327.3858762254902,1311.6231689453125,1311.6231689453125,12200,0.0,0.0
2004-12-17 00:00:00+09:00,1326.556640625,1327.3862570356473,1312.4531616439963,1326.556640625,14300,0.0,0.0
2004-12-20 00:00:00+09:00,1319.0901878356933,1327.3863525390625,1319.0901878356933,1327.3863525390625,6600,0.0,0.0
2004-12-21 00:00:00+09:00,1328.2156880569933,1334.0230021209527,1327.386071762142,1332.36376953125,24300,0.0,0.0
2004-12-22 00:00:00+09:00,1332.3635947763623,1334.0228271484375,1329.045130032212,1334.0228271484375,8100,0.0,0.0
2004-12-23 00:00:00+09:00,1334.0228271484375,1334.0228271484375,1334.0228271484375,1334.0228271484375,0,0.0,0.0
2004-12-24 00:00:00+09:00,1331.5340477605785,1335.68212890625,1323.2378854692352,1335.68212890625,18400,0.0,0.0
2004-12-27 00:00:00+09:00,1327.386071762142,1335.6822347106554,1325.7268391724392,1332.36376953125,12200,0.0,0.0
2004-12-28 00:00:00+09:00,1327.3860555165418,1333.1933695094267,1325.7268229471463,1329.0452880859375,7200,0.0,0.0
2004-12-29 00:00:00+09:00,1332.3636114153612,1337.34130859375,1331.5339952189631,1337.34130859375,12200,0.0,0.0
2004-12-30 00:00:00+09:00,1352.2746631886698,1352.2746631886698,1339.0008014641185,1340.6600341796875,9200,0.0,0.0
2004-12-31 00:00:00+09:00,1340.6600341796875,1340.6600341796875,1340.6600341796875,1340.6600341796875,0,0.0,0.0
2005-01-03 00:00:00+09:00,1340.6600341796875,1340.6600341796875,1340.6600341796875,1340.6600341796875,0,0.0,0.0
2005-01-04 00:00:00+09:00,1344.8079896142879,1352.2745361328125,1343.9783733344518,1352.2745361328125,2800,0.0,0.0
2005-01-05 00:00:00+09:00,1351.4448870601254,1352.274503319831,1339.8302594242496,1345.6375732421875,16500,0.0,0.0
2005-01-06 00:00:00+09:00,1343.9783935546875,1348.126475016276,1342.319160970052,1343.9783935546875,8800,0.0,0.0
2005-01-07 00:00:00+09:00,1344.8083118703664,1349.7860107421875,1344.8083118703664,1349.7860107421875,10800,0.0,0.0
2005-01-10 00:00:00+09:00,1349.7860107421875,1349.7860107421875,1349.7860107421875,1349.7860107421875,0,0.0,0.0
2005-01-11 00:00:00+09:00,1348.1265556521532,1360.57080078125,1348.1265556521532,1360.57080078125,20100,0.0,0.0
2005-01-12 00:00:00+09:00,1360.5706622956143,1360.5706622956143,1357.252197265625,1357.252197265625,13900,0.0,0.0
2005-01-13 00:00:00+09:00,1360.5711937299802,1368.0377429638643,1357.2527274038096,1359.7415771484375,12300,0.0,0.0
2005-01-14 00:00:00+09:00,1360.570652303283,1364.7187335603053,1357.2521872976652,1361.4002685546875,14500,0.0,0.0
2005-01-17 00:00:00+09:00,1362.2299642225178,1364.7188131218281,1358.9114990234375,1358.9114990234375,17600,0.0,0.0
2005-01-18 00:00:00+09:00,1358.9114663715013,1365.54839661019,1352.2745361328125,1352.2745361328125,22500,0.0,0.0
2005-01-19 00:00:00+09:00,1365.5483598405983,1365.5483598405983,1353.1041159781385,1357.252197265625,14900,0.0,0.0
2005-01-20 00:00:00+09:00,1360.570869771049,1362.2301025390625,1353.933938698995,1362.2301025390625,16300,0.0,0.0
2005-01-21 00:00:00+09:00,1362.2297458730243,1365.5482105401936,1355.5928165386854,1358.0816650390625,21300,0.0,0.0
2005-01-24 00:00:00+09:00,1358.9116051065732,1360.5708378356412,1355.5931396484375,1355.5931396484375,20100,0.0,0.0
2005-01-25 00:00:00+09:00,1360.5703214592888,1360.5703214592888,1353.9333930619266,1356.4222412109375,22000,0.0,0.0
2005-01-26 00:00:00+09:00,1357.2518572606077,1360.5703214592888,1356.4222412109375,1356.4222412109375,11600,0.0,0.0
2005-01-27 00:00:00+09:00,1364.7185584617982,1364.7185584617982,1358.9112454470671,1363.059326171875,14900,0.0,0.0
2005-01-28 00:00:00+09:00,1367.2076252661193,1368.0372415435866,1361.4003113238482,1363.88916015625,15200,0.0,0.0
2005-01-31 00:00:00+09:00,1368.8667685298597,1377.1629307633739,1366.3779198598052,1370.5260009765625,28000,0.0,0.0
2005-02-01 00:00:00+09:00,1373.84487525963,1387.1187387887085,1370.5264093773603,1373.0152587890625,13400,0.0,0.0
2005-02-02 00:00:00+09:00,1385.459377135682,1385.459377135682,1374.6743640202544,1384.6297607421875,12300,0.0,0.0
2005-02-03 00:00:00+09:00,1384.6295694718478,1385.4591857507405,1378.8222555195991,1382.9703369140625,10500,0.0,0.0
2005-02-04 00:00:00+09:00,1390.4369691072363,1392.096201767269,1381.3111894770575,1387.9481201171875,15900,0.0,0.0
2005-02-07 00:00:00+09:00,1392.0960165841238,1398.7329463413782,1391.266400364467,1393.7552490234375,40700,0.0,0.0
2005-02-08 00:00:00+09:00,1400.392195386728,1402.051427845717,1393.7552655507718,1397.07373046875,16700,0.0,0.0
2005-02-09 00:00:00+09:00,1402.0516196688723,1410.3477830988656,1397.0739216108764,1398.733154296875,25500,0.0,0.0
2005-02-10 00:00:00+09:00,1407.0290456431537,1408.6882780082988,1399.5625,1399.5625,19000,0.0,0.0
2005-02-11 00:00:00+09:00,1399.5625,1399.5625,1399.5625,1399.5625,0,0.0,0.0
2005-02-14 00:00:00+09:00,1409.5181458671138,1416.9846928434552,1400.3923662293632,1407.029296875,33900,0.0,0.0
2005-02-15 00:00:00+09:00,1407.8589132057045,1414.4958438513413,1406.1996805442955,1407.029296875,30200,0.0,0.0
2005-02-16 00:00:00+09:00,1407.8588355990523,1409.518068168998,1377.163033055054,1378.822265625,58200,0.0,0.0
2005-02-17 00:00:00+09:00,1397.903267634855,1400.3921161825726,1389.6071058091288,1399.5625,29800,0.0,0.0
2005-02-18 00:00:00+09:00,1399.5626648310374,1402.8811299521542,1397.0738159901996,1402.051513671875,18700,0.0,0.0
2005-02-21 00:00:00+09:00,1402.0515098034496,1417.8142190852636,1402.0515098034496,1413.6661376953125,30800,0.0,0.0
2005-02-22 00:00:00+09:00,1426.9399348425627,1426.9399348425627,1416.9845399483124,1419.473388671875,37000,0.0,0.0
2005-02-23 00:00:00+09:00,1420.30322265625,1425.280920866494,1414.495908077632,1420.30322265625,20700,0.0,0.0
2005-02-24 00:00:00+09:00,1426.9402014075188,1430.2586669921875,1424.4513522190173,1430.2586669921875,30200,0.0,0.0
2005-02-25 00:00:00+09:00,1431.087933646308,1434.4063984199806,1426.9398526792174,1433.5767822265625,45900,0.0,0.0
2005-02-28 00:00:00+09:00,1436.0656903621443,1442.7026201847307,1435.236074134321,1439.3841552734375,29000,0.0,0.0
2005-03-01 00:00:00+09:00,1445.1916768941162,1449.339758630322,1439.384362463428,1444.362060546875,39600,0.0,0.0
2005-03-02 00:00:00+09:00,1444.3619120583605,1450.169225892024,1443.5322957964086,1445.1915283203125,28400,0.0,0.0
2005-03-03 00:00:00+09:00,1450.169566659495,1450.169566659495,1439.3845527198077,1446.021484375,32600,0.0,0.0
2005-03-04 00:00:00+09:00,1446.0210917761565,1448.509940471124,1440.2137781545655,1446.8507080078125,23600,0.0,0.0
2005-03-07 00:00:00+09:00,1447.6801663643973,1451.8282470703125,1447.6801663643973,1451.8282470703125,23200,0.0,0.0
2005-03-08 00:00:00+09:00,1451.828937497764,1451.828937497764,1447.6808548191989,1449.340087890625,22300,0.0,0.0
2005-03-09 00:00:00+09:00,1450.998762717698,1451.8283789342318,1447.6802978515625,1447.6802978515625,19600,0.0,0.0
2005-03-10 00:00:00+09:00,1450.9991031397658,1451.8287195509379,1445.1917882615621,1448.51025390625,17600,0.0,0.0
2005-03-11 00:00:00+09:00,1451.8283789342318,1455.9764600169008,1447.6802978515625,1447.6802978515625,58300,0.0,0.0
2005-03-14 00:00:00+09:00,1455.1470997777478,1455.1470997777478,1443.532470703125,1443.532470703125,31800,0.0,0.0
2005-03-15 00:00:00+09:00,1449.3396197084592,1449.3396197084592,1433.5769106217617,1441.04345703125,37300,0.0,0.0
2005-03-16 00:00:00+09:00,1441.8731099199795,1441.8731099199795,1431.917714454479,1436.0657958984375,28500,0.0,0.0
2005-03-17 00:00:00+09:00,1437.72509765625,1440.213946642383,1433.5770160126947,1437.72509765625,41200,0.0,0.0
2005-03-18 00:00:00+09:00,1442.7027647249759,1450.1693115234375,1438.554683170275,1450.1693115234375,37000,0.0,0.0
2005-03-21 00:00:00+09:00,1450.1693115234375,1450.1693115234375,1450.1693115234375,1450.1693115234375,0,0.0,0.0
2005-03-22 00:00:00+09:00,1447.680330858595,1457.6357256839838,1446.850714623146,1454.3172607421875,77600,0.0,0.0
2005-03-23 00:00:00+09:00,1457.6357256839838,1457.6357256839838,1448.509947094044,1454.3172607421875,47000,0.0,0.0
2005-03-24 00:00:00+09:00,1455.1467116350448,1456.8059439174108,1451.8282470703125,1451.8282470703125,65000,0.0,0.0
2005-03-25 00:00:00+09:00,1443.5324441996338,1449.339758630322,1436.0658970744632,1444.362060546875,184500,0.0,0.0
2005-03-28 00:00:00+09:00,1429.3424774924524,1451.037109375,1429.3424774924524,1451.037109375,100200,10.0,0.0
2005-03-29 00:00:00+09:00,1446.8652928391427,1456.0437923900254,1443.5276566388218,1446.0308837890625,37400,0.0,0.0
2005-03-30 00:00:00+09:00,1438.5208462478122,1439.3552550913435,1426.8391224383752,1430.1767578125,31800,0.0,0.0
2005-03-31 00:00:00+09:00,1426.8393184002782,1434.3489990234375,1420.1640467352477,1434.3489990234375,38200,0.0,0.0
2005-04-01 00:00:00+09:00,1430.1767940398186,1433.5144294984877,1414.323025611139,1422.6671142578125,31600,0.0,0.0
2005-04-04 00:00:00+09:00,1418.4953353249816,1418.4953353249816,1406.81360903407,1410.1512451171875,34200,0.0,0.0
2005-04-05 00:00:00+09:00,1405.1444674223856,1411.8197380514707,1401.806832107843,1404.31005859375,46800,0.0,0.0
2005-04-06 00:00:00+09:00,1401.8069176640072,1414.3230508574359,1401.8069176640072,1411.81982421875,18100,0.0,0.0
2005-04-07 00:00:00+09:00,1418.495392130914,1429.3427098354446,1418.495392130914,1428.50830078125,17900,0.0,0.0
2005-04-08 00:00:00+09:00,1426.0048244900174,1433.5145046657988,1426.0048244900174,1426.8392333984375,21900,0.0,0.0
2005-04-11 00:00:00+09:00,1426.8392333984375,1427.6736423068578,1420.1639621310765,1426.8392333984375,11700,0.0,0.0
2005-04-12 00:00:00+09:00,1426.8391057534855,1432.6799675899033,1420.9982439170676,1425.1702880859375,18100,0.0,0.0
2005-04-13 00:00:00+09:00,1420.9987157514597,1431.0116250814758,1420.164306640625,1420.164306640625,13600,0.0,0.0
2005-04-14 00:00:00+09:00,1420.9983710394965,1426.8392333984375,1419.3295532226564,1426.8392333984375,15600,0.0,0.0
2005-04-15 00:00:00+09:00,1419.3295041348072,1422.6671396530548,1411.81982421875,1411.81982421875,22200,0.0,0.0
2005-04-18 00:00:00+09:00,1403.4760613692433,1403.4760613692433,1379.2781982421875,1379.2781982421875,44500,0.0,0.0
2005-04-19 00:00:00+09:00,1383.4498402656345,1401.8068345273016,1379.2777961152556,1386.7874755859375,47100,0.0,0.0
2005-04-20 00:00:00+09:00,1390.1250974235966,1404.3100473973068,1388.4562797796307,1400.972412109375,18400,0.0,0.0
2005-04-21 00:00:00+09:00,1398.4693129322204,1409.3166286053224,1390.1252239529113,1402.641357421875,32900,0.0,0.0
2005-04-22 00:00:00+09:00,1415.9919963958273,1426.004903854136,1409.3167247569547,1413.48876953125,19900,0.0,0.0
2005-04-25 00:00:00+09:00,1418.4950644313344,1431.0111973527873,1418.4950644313344,1420.998291015625,15200,0.0,0.0
2005-04-26 00:00:00+09:00,1421.8326998770551,1427.6735619070664,1418.4950644313344,1420.998291015625,9300,0.0,0.0
2005-04-27 00:00:00+09:00,1426.0047441842062,1426.8391530456363,1410.1509758170323,1420.998291015625,15400,0.0,0.0
2005-04-28 00:00:00+09:00,1412.6541445020218,1423.5014592560244,1412.6541445020218,1421.8326416015625,16600,0.0,0.0
2005-04-29 00:00:00+09:00,1421.8326416015625,1421.8326416015625,1421.8326416015625,1421.8326416015625,0,0.0,0.0
2005-05-02 00:00:00+09:00,1426.8392333984375,1426.8392333984375,1416.826326497396,1426.8392333984375,7600,0.0,0.0
2005-05-03 00:00:00+09:00,1426.8392333984375,1426.8392333984375,1426.8392333984375,1426.8392333984375,0,0.0,0.0
2005-05-04 00:00:00+09:00,1426.8392333984375,1426.8392333984375,1426.8392333984375,1426.8392333984375,0,0.0,0.0
2005-05-05 00:00:00+09:00,1426.8392333984375,1426.8392333984375,1426.8392333984375,1426.8392333984375,0,0.0,0.0
2005-05-06 00:00:00+09:00,1428.5081150003653,1431.8457507830765,1424.3360702719763,1427.6737060546875,14400,0.0,0.0
2005-05-09 00:00:00+09:00,1432.6801811071798,1434.3489990234375,1420.1640467352477,1434.3489990234375,13900,0.0,0.0
2005-05-10 00:00:00+09:00,1431.01123046875,1435.183274872449,1424.3359594228316,1431.01123046875,18300,0.0,0.0
2005-05-11 00:00:00+09:00,1424.3358792521635,1431.0111499223553,1422.6670615846156,1425.1702880859375,8800,0.0,0.0
2005-05-12 00:00:00+09:00,1429.3425185826873,1433.5145632954213,1426.0048828125,1426.0048828125,6300,0.0,0.0
2005-05-13 00:00:00+09:00,1430.1765833450877,1432.6798095703125,1424.3357221528966,1432.6798095703125,12500,0.0,0.0
2005-05-16 00:00:00+09:00,1433.514568674432,1433.514568674432,1426.8392971090097,1427.6737060546875,9500,0.0,0.0
2005-05-17 00:00:00+09:00,1431.0113897468952,1432.680207694122,1421.8328910371483,1423.501708984375,20500,0.0,0.0
2005-05-18 00:00:00+09:00,1421.8331248622944,1426.0051704164678,1418.4954884189558,1420.164306640625,11300,0.0,0.0
2005-05-19 00:00:00+09:00,1418.4950062926387,1426.8390945649483,1418.4950062926387,1421.8326416015625,14100,0.0,0.0
2005-05-20 00:00:00+09:00,1426.8391530456363,1431.0111973527873,1418.4950644313344,1420.998291015625,14900,0.0,0.0
2005-05-23 00:00:00+09:00,1431.01123046875,1432.6800482302297,1422.667141661352,1431.01123046875,19100,0.0,0.0
2005-05-24 00:00:00+09:00,1432.6800482302297,1433.5144571109695,1425.1703683035714,1431.01123046875,15500,0.0,0.0
2005-05-25 00:00:00+09:00,1431.8455587561293,1433.5143764236773,1425.1702880859375,1425.1702880859375,9800,0.0,0.0
2005-05-26 00:00:00+09:00,1420.9983710394965,1428.5080512152779,1420.9983710394965,1426.8392333984375,12100,0.0,0.0
2005-05-27 00:00:00+09:00,1431.0111499223553,1434.3487852574513,1423.5014704183895,1425.1702880859375,12800,0.0,0.0
2005-05-30 00:00:00+09:00,1425.1706798762189,1433.5147705078125,1421.8330436235813,1433.5147705078125,14500,0.0,0.0
2005-05-31 00:00:00+09:00,1431.845592126181,1435.1832275390625,1424.3359124471974,1435.1832275390625,11300,0.0,0.0
2005-06-01 00:00:00+09:00,1435.1833870611663,1446.8651123046875,1433.5145691692348,1446.8651123046875,18700,0.0,0.0
2005-06-02 00:00:00+09:00,1451.0369481714222,1451.0369481714222,1439.355224609375,1439.355224609375,11600,0.0,0.0
2005-06-03 00:00:00+09:00,1443.5276566388218,1450.2029290394637,1441.024429488581,1446.0308837890625,9400,0.0,0.0
2005-06-06 00:00:00+09:00,1446.030570357659,1446.030570357659,1437.6864816654625,1443.52734375,15900,0.0,0.0
2005-06-07 00:00:00+09:00,1446.0305593055205,1447.6993770312047,1435.1832440885719,1440.189697265625,16000,0.0,0.0
2005-06-08 00:00:00+09:00,1441.8584510869566,1444.361677564538,1439.355224609375,1439.355224609375,14800,0.0,0.0
2005-06-09 00:00:00+09:00,1443.527518903581,1443.527518903581,1439.3554740512586,1441.0242919921875,12000,0.0,0.0
2005-06-10 00:00:00+09:00,1441.0242919921875,1445.19633684451,1438.521065080794,1441.0242919921875,31100,0.0,0.0
2005-06-13 00:00:00+09:00,1445.1961504426781,1445.1961504426781,1439.355288402783,1440.189697265625,13800,0.0,0.0
2005-06-14 00:00:00+09:00,1440.1896334352355,1443.5272687386775,1439.355224609375,1439.355224609375,11100,0.0,0.0
2005-06-15 00:00:00+09:00,1443.527518903581,1444.3619278740455,1439.3554740512586,1441.0242919921875,11700,0.0,0.0
2005-06-16 00:00:00+09:00,1443.5274765208244,1450.2027480885506,1443.5274765208244,1446.8651123046875,14100,0.0,0.0
2005-06-17 00:00:00+09:00,1446.865239578458,1451.8716936946464,1443.527603500999,1448.5340576171875,25200,0.0,0.0
2005-06-20 00:00:00+09:00,1451.8714127417622,1456.04345703125,1445.1961418785816,1456.04345703125,16300,0.0,0.0
2005-06-21 00:00:00+09:00,1457.712274747045,1457.712274747045,1451.8714127417622,1456.04345703125,29300,0.0,0.0
2005-06-22 00:00:00+09:00,1456.8780517578125,1456.8780517578125,1452.7060069360548,1456.8780517578125,16100,0.0,0.0
2005-06-23 00:00:00+09:00,1456.0439940704698,1456.8784032361261,1451.8719482421875,1451.8719482421875,15300,0.0,0.0
2005-06-24 00:00:00+09:00,1450.202780043,1456.8780517578125,1446.8651441855939,1456.8780517578125,21700,0.0,0.0
2005-06-27 00:00:00+09:00,1456.87785480462,1457.7122636561692,1452.705810546875,1452.705810546875,13400,0.0,0.0
2005-06-28 00:00:00+09:00,1455.2092338291093,1459.3812786508672,1452.7060069360548,1456.8780517578125,14500,0.0,0.0
2005-06-29 00:00:00+09:00,1456.04345703125,1458.5466836049427,1454.374639315455,1456.04345703125,35300,0.0,0.0
2005-06-30 00:00:00+09:00,1456.0433292881346,1456.0433292881346,1454.37451171875,1454.37451171875,20000,0.0,0.0
2005-07-01 00:00:00+09:00,1455.2092338291093,1460.2156876152187,1454.3748248647578,1456.8780517578125,16900,0.0,0.0
2005-07-04 00:00:00+09:00,1460.2162498940338,1462.719477750995,1456.8786127514188,1461.0506591796875,16700,0.0,0.0
2005-07-05 00:00:00+09:00,1461.8843411294922,1467.7252032230463,1458.5467056474615,1462.71875,30800,0.0,0.0
2005-07-06 00:00:00+09:00,1466.8910548485023,1469.3942819045578,1464.3878277924468,1467.7254638671875,21400,0.0,0.0
2005-07-07 00:00:00+09:00,1468.5598038866742,1468.5598038866742,1461.8845320508258,1465.22216796875,15500,0.0,0.0
2005-07-08 00:00:00+09:00,1464.3875677410153,1466.8907943525385,1460.2155233884769,1462.71875,30300,0.0,0.0
2005-07-11 00:00:00+09:00,1467.725888752422,1468.5602980126566,1465.2226609717186,1466.8914794921875,15300,0.0,0.0
2005-07-12 00:00:00+09:00,1469.3942819045578,1470.228690923243,1465.222236811132,1467.7254638671875,13600,0.0,0.0
2005-07-13 00:00:00+09:00,1470.2287013269727,1471.0631103515625,1466.8910652286143,1471.0631103515625,12000,0.0,0.0
2005-07-14 00:00:00+09:00,1475.2349799600086,1485.2478870638095,1471.0629353334248,1473.566162109375,21200,0.0,0.0
2005-07-15 00:00:00+09:00,1478.5728175232657,1484.4136807979062,1477.7384084840314,1479.4072265625,19500,0.0,0.0
2005-07-18 00:00:00+09:00,1479.4072265625,1479.4072265625,1479.4072265625,1479.4072265625,0,0.0,0.0
2005-07-19 00:00:00+09:00,1481.9102469659347,1491.9231540400287,1480.2414291202522,1491.0887451171875,18700,0.0,0.0
2005-07-20 00:00:00+09:00,1493.5920041027566,1501.1016845703125,1487.75114151688,1501.1016845703125,25300,0.0,0.0
2005-07-21 00:00:00+09:00,1510.2806396484375,1510.2806396484375,1493.592455784919,1510.2806396484375,33900,0.0,0.0
2005-07-22 00:00:00+09:00,1501.9362637829222,1510.2803541372718,1494.4265824640077,1496.9298095703125,39300,0.0,0.0
2005-07-25 00:00:00+09:00,1501.9362844452346,1510.2803749143748,1497.7642392106645,1503.6051025390625,17700,0.0,0.0
2005-07-26 00:00:00+09:00,1503.6049380916597,1509.44580078125,1497.7640754020695,1509.44580078125,17800,0.0,0.0
2005-07-27 00:00:00+09:00,1509.4457316351095,1509.4457316351095,1503.604869213083,1506.9425048828125,23300,0.0,0.0
2005-07-28 00:00:00+09:00,1510.280118778895,1510.280118778895,1499.43280300866,1500.2672119140625,30400,0.0,0.0
2005-07-29 00:00:00+09:00,1501.9364013671875,1508.6116742621527,1499.4331740315754,1501.9364013671875,21200,0.0,0.0
2005-08-01 00:00:00+09:00,1503.6051025390625,1509.4459658674607,1502.7706934921484,1503.6051025390625,19300,0.0,0.0
2005-08-02 00:00:00+09:00,1503.6048475356733,1508.6113009680896,1500.2672119140625,1500.2672119140625,26600,0.0,0.0
2005-08-03 00:00:00+09:00,1497.7640001831396,1498.5984090968907,1486.082275390625,1486.082275390625,43300,0.0,0.0
2005-08-04 00:00:00+09:00,1482.744661249083,1493.5919772852328,1482.744661249083,1492.757568359375,31500,0.0,0.0
2005-08-05 00:00:00+09:00,1488.5856724644568,1497.7641715659752,1478.5727643537093,1481.910400390625,20900,0.0,0.0
2005-08-08 00:00:00+09:00,1477.7386669482723,1484.4139404296875,1460.2160740595577,1484.4139404296875,29300,0.0,0.0
2005-08-09 00:00:00+09:00,1485.2479199923653,1505.2737346439478,1481.0758752732856,1502.7705078125,30700,0.0,0.0
2005-08-10 00:00:00+09:00,1506.9425898276086,1516.1210884367467,1505.2737718986743,1514.4522705078125,36600,0.0,0.0
2005-08-11 00:00:00+09:00,1514.4524132021822,1531.1405940639143,1511.1147770298357,1521.127685546875,36100,0.0,0.0
2005-08-12 00:00:00+09:00,1529.4718501051354,1531.1406682721895,1521.1277592698646,1525.2998046875,17900,0.0,0.0
2005-08-15 00:00:00+09:00,1526.968017578125,1531.1400613419996,1521.1271563087005,1526.968017578125,19800,0.0,0.0
2005-08-16 00:00:00+09:00,1542.8221807065217,1545.3254076086955,1533.6436820652173,1535.3125,30600,0.0,0.0
2005-08-17 00:00:00+09:00,1536.1469089673913,1538.6501358695652,1532.809273097826,1535.3125,13800,0.0,0.0
2005-08-18 00:00:00+09:00,1536.1466869007459,1550.3316372958097,1535.3122780539773,1541.987548828125,26800,0.0,0.0
2005-08-19 00:00:00+09:00,1542.8220852248733,1550.3317654666384,1541.15326739337,1543.656494140625,17400,0.0,0.0
2005-08-22 00:00:00+09:00,1554.5036953125,1568.6886458333333,1551.1660598958333,1564.5166015625,28400,0.0,0.0
2005-08-23 00:00:00+09:00,1566.1856684955796,1607.9061178428249,1566.1856684955796,1585.3770751953125,50300,0.0,0.0
2005-08-24 00:00:00+09:00,1588.7147644718634,1599.5620816662617,1580.3706743223263,1582.8739013671875,46300,0.0,0.0
2005-08-25 00:00:00+09:00,1581.20508333728,1583.7083103821412,1580.3706743223263,1582.8739013671875,31400,0.0,0.0
2005-08-26 00:00:00+09:00,1582.8739013671875,1587.8803554569097,1577.867447277465,1582.8739013671875,42700,0.0,0.0
2005-08-29 00:00:00+09:00,1585.3769477225205,1591.2178101614982,1582.8737209629587,1583.7081298828125,31400,0.0,0.0
2005-08-30 00:00:00+09:00,1586.21142578125,1591.217879518592,1584.5426078688026,1586.21142578125,30300,0.0,0.0
2005-08-31 00:00:00+09:00,1589.548911786092,1589.548911786092,1577.032778622422,1577.8671875,73400,0.0,0.0
2005-09-01 00:00:00+09:00,1583.7083637112676,1583.7083637112676,1577.8675004099089,1580.3707275390625,24600,0.0,0.0
2005-09-02 00:00:00+09:00,1589.5490616061447,1589.5490616061447,1583.7081989125788,1586.21142578125,47700,0.0,0.0
2005-09-05 00:00:00+09:00,1587.0458931692021,1588.714711143092,1582.8738482344777,1585.3770751953125,37900,0.0,0.0
2005-09-06 00:00:00+09:00,1585.377064636488,1586.2114736178758,1582.0394287109375,1582.0394287109375,32400,0.0,0.0
2005-09-07 00:00:00+09:00,1583.7083103821412,1585.3771284120485,1581.20508333728,1582.8739013671875,40800,0.0,0.0
2005-09-08 00:00:00+09:00,1582.8736517511131,1585.3768784012202,1578.7016073342677,1581.204833984375,21700,0.0,0.0
2005-09-09 00:00:00+09:00,1587.8801160252929,1587.8801160252929,1578.7016182447999,1584.54248046875,70300,0.0,0.0
2005-09-12 00:00:00+09:00,1588.7146526499212,1588.7146526499212,1584.5426078688026,1586.21142578125,34900,0.0,0.0
2005-09-13 00:00:00+09:00,1587.880323174115,1592.0523681640625,1585.377096180146,1592.0523681640625,38200,0.0,0.0
2005-09-14 00:00:00+09:00,1590.3839305212007,1600.3968408917433,1588.7151121261102,1597.0592041015625,28300,0.0,0.0
2005-09-15 00:00:00+09:00,1604.5683603786615,1627.0974013200155,1602.8995425311537,1623.759765625,44100,0.0,0.0
2005-09-16 00:00:00+09:00,1637.9447021484375,1637.9447021484375,1627.0973862401697,1637.9447021484375,47200,0.0,0.0
2005-09-19 00:00:00+09:00,1637.9447021484375,1637.9447021484375,1637.9447021484375,1637.9447021484375,0,0.0,0.0
2005-09-20 00:00:00+09:00,1635.4413176066494,1650.460676645894,1634.6069087711357,1645.4542236328125,49200,0.0,0.0
2005-09-21 00:00:00+09:00,1652.9642814605343,1658.8051446459071,1646.2890092486796,1648.792236328125,66100,0.0,0.0
2005-09-22 00:00:00+09:00,1647.9579238658762,1652.129969242752,1616.2503790016215,1640.4482421875,122700,0.0,0.0
2005-09-23 00:00:00+09:00,1640.4482421875,1640.4482421875,1640.4482421875,1640.4482421875,0,0.0,0.0
2005-09-26 00:00:00+09:00,1637.1104205182492,1639.6136474609375,1627.0975127474953,1639.6136474609375,138000,0.0,0.0
2005-09-27 00:00:00+09:00,1594.3020742910878,1610.2450950339987,1570.8070963541666,1585.9110107421875,103500,11.0,0.0
2005-09-28 00:00:00+09:00,1586.7499551270057,1586.7499551270057,1549.8292792805814,1559.0594482421875,76900,0.0,0.0
2005-09-29 00:00:00+09:00,1554.8637994002256,1554.8637994002256,1524.6559759903994,1539.7598876953125,89200,0.0,0.0
2005-09-30 00:00:00+09:00,1527.1731453744771,1566.6111331945874,1527.1731453744771,1554.8636474609375,72900,0.0,0.0
2005-10-03 00:00:00+09:00,1554.8640436148887,1559.898681640625,1546.4729802386616,1559.898681640625,39700,0.0,0.0
2005-10-04 00:00:00+09:00,1563.2551069911158,1563.2551069911158,1554.8640436148887,1559.898681640625,23800,0.0,0.0
2005-10-05 00:00:00+09:00,1560.7378155252209,1561.5769218776538,1541.4383694192638,1543.9556884765625,52600,0.0,0.0
2005-10-06 00:00:00+09:00,1543.9555309772231,1547.3119560445648,1537.2426808425396,1538.081787109375,32200,0.0,0.0
2005-10-07 00:00:00+09:00,1538.081792167905,1548.1510674030467,1537.2426858983097,1538.9208984375,22900,0.0,0.0
2005-10-10 00:00:00+09:00,1538.9208984375,1538.9208984375,1538.9208984375,1538.9208984375,0,0.0,0.0
2005-10-11 00:00:00+09:00,1545.633539749966,1549.8290705310465,1533.8860535629415,1544.79443359375,58300,0.0,0.0
2005-10-12 00:00:00+09:00,1552.3464560894517,1556.5419870518558,1541.4380755872016,1555.702880859375,51800,0.0,0.0
2005-10-13 00:00:00+09:00,1559.8984118217788,1559.8984118217788,1545.6336065496055,1555.702880859375,23400,0.0,0.0
2005-10-14 00:00:00+09:00,1555.702860272382,1555.702860272382,1548.1509046399917,1552.346435546875,22300,0.0,0.0
2005-10-17 00:00:00+09:00,1559.8987938506539,1561.57700664662,1554.864155462755,1558.2205810546875,21200,0.0,0.0
2005-10-18 00:00:00+09:00,1560.7375180142596,1564.093942784183,1554.8637746668942,1555.702880859375,24200,0.0,0.0
2005-10-19 00:00:00+09:00,1561.5767670498983,1562.415873319135,1554.8639168960028,1559.0594482421875,25000,0.0,0.0
2005-10-20 00:00:00+09:00,1564.9331562500001,1573.32421875,1559.89851875,1573.32421875,24300,0.0,0.0
2005-10-21 00:00:00+09:00,1576.6806640625,1576.6806640625,1564.9331764111562,1576.6806640625,32200,0.0,0.0
2005-10-24 00:00:00+09:00,1578.3588562500001,1580.876175,1569.96779375,1573.32421875,20200,0.0,0.0
2005-10-25 00:00:00+09:00,1577.519393376232,1579.197605496845,1570.8065448937798,1575.0020751953125,36400,0.0,0.0
2005-10-26 00:00:00+09:00,1575.8417097096735,1581.7154541015625,1575.8417097096735,1581.7154541015625,37700,0.0,0.0
2005-10-27 00:00:00+09:00,1582.5538168657479,1585.910240655495,1573.3236514439434,1580.0364990234375,49500,0.0,0.0
2005-10-28 00:00:00+09:00,1585.0713848915827,1585.0713848915827,1577.519430172671,1580.8758544921875,26400,0.0,0.0
2005-10-31 00:00:00+09:00,1583.3936198344984,1604.3712777549342,1582.5545135176808,1594.302001953125,44200,0.0,0.0
2005-11-01 00:00:00+09:00,1594.3016024387061,1617.7965734220136,1594.3016024387061,1608.56640625,35200,0.0,0.0
2005-11-02 00:00:00+09:00,1608.5667015151857,1609.405807775757,1595.141001346045,1596.8192138671875,36100,0.0,0.0
2005-11-03 00:00:00+09:00,1596.8192138671875,1596.8192138671875,1596.8192138671875,1596.8192138671875,0,0.0,0.0
2005-11-04 00:00:00+09:00,1608.5666707250864,1614.4404144366542,1602.6929270135183,1611.923095703125,41700,0.0,0.0
2005-11-07 00:00:00+09:00,1619.4747888642694,1631.222274379347,1614.4401522149503,1628.7049560546875,33700,0.0,0.0
2005-11-08 00:00:00+09:00,1632.0617424089885,1633.739954997584,1624.5097857603093,1627.8662109375,20600,0.0,0.0
2005-11-09 00:00:00+09:00,1627.8661501556016,1631.222575207469,1612.7622374221992,1617.796875,39600,0.0,0.0
2005-11-10 00:00:00+09:00,1613.6015426532374,1618.6361808518434,1603.5322662560252,1610.2451171875,33000,0.0,0.0
2005-11-11 00:00:00+09:00,1603.532063951758,1606.8884889940432,1596.8192138671875,1596.8192138671875,28800,0.0,0.0
2005-11-14 00:00:00+09:00,1594.3015517702527,1602.6926125690436,1577.519430172671,1580.8758544921875,56100,0.0,0.0
2005-11-15 00:00:00+09:00,1581.7154072008634,1606.8885967053866,1581.7154072008634,1594.302001953125,35200,0.0,0.0
2005-11-16 00:00:00+09:00,1606.8886669003477,1608.5668796072932,1595.1411779517289,1606.049560546875,39200,0.0,0.0
2005-11-17 00:00:00+09:00,1606.0493671631366,1614.4404296875,1601.853835900955,1614.4404296875,38500,0.0,0.0
2005-11-18 00:00:00+09:00,1618.6359609496815,1618.6359609496815,1606.888473415573,1614.4404296875,28300,0.0,0.0
2005-11-21 00:00:00+09:00,1621.9924477932343,1621.9924477932343,1604.3712158203125,1604.3712158203125,33100,0.0,0.0
2005-11-22 00:00:00+09:00,1618.635731798537,1622.831262466755,1607.7273520611702,1616.95751953125,33100,0.0,0.0
2005-11-23 00:00:00+09:00,1616.95751953125,1616.95751953125,1616.95751953125,1616.95751953125,0,0.0,0.0
2005-11-24 00:00:00+09:00,1611.0840559554974,1616.1186936303584,1601.0147806057755,1602.6929931640625,39100,0.0,0.0
2005-11-25 00:00:00+09:00,1602.6929270135183,1618.6359456592027,1602.6929270135183,1611.923095703125,25800,0.0,0.0
2005-11-28 00:00:00+09:00,1611.0837765957447,1621.9921563331116,1611.0837765957447,1616.95751953125,30900,0.0,0.0
2005-11-29 00:00:00+09:00,1610.2449887056673,1631.2226461927137,1610.2449887056673,1629.54443359375,39000,0.0,0.0
2005-11-30 00:00:00+09:00,1619.4751178540266,1632.0617120342395,1619.4751178540266,1622.83154296875,36200,0.0,0.0
2005-12-01 00:00:00+09:00,1622.8313707668924,1634.578857421875,1621.9922645772508,1634.578857421875,39200,0.0,0.0
2005-12-02 00:00:00+09:00,1632.0616505888481,1636.257181824295,1627.8661193534012,1632.9007568359375,57200,0.0,0.0
2005-12-05 00:00:00+09:00,1630.383256329701,1642.9698486328125,1629.5441501761602,1642.9698486328125,58000,0.0,0.0
2005-12-06 00:00:00+09:00,1643.8092041015625,1653.039373190443,1637.9354601359112,1643.8092041015625,36800,0.0,0.0
2005-12-07 00:00:00+09:00,1653.0393822811714,1694.994696552267,1648.0047445686398,1665.6259765625,93000,0.0,0.0
2005-12-08 00:00:00+09:00,1678.2125961840452,1678.2125961840452,1662.2695765202968,1669.821533203125,65700,0.0,0.0
2005-12-09 00:00:00+09:00,1637.0960667386967,1669.8212059507978,1633.7396422041222,1656.3955078125,153300,0.0,0.0
2005-12-12 00:00:00+09:00,1657.2348784628966,1669.8214724765387,1656.3957721953204,1659.752197265625,61500,0.0,0.0
2005-12-13 00:00:00+09:00,1659.7522081246404,1662.2695269438386,1637.9354450249234,1641.2918701171875,59700,0.0,0.0
2005-12-14 00:00:00+09:00,1642.1308549977311,1664.786722695707,1642.1308549977311,1661.4302978515625,101400,0.0,0.0
2005-12-15 00:00:00+09:00,1642.1310253660884,1678.2125961840452,1640.4528127699043,1669.821533203125,72700,0.0,0.0
2005-12-16 00:00:00+09:00,1686.6036628363447,1690.7991943359375,1673.1779620376474,1690.7991943359375,95100,0.0,0.0
2005-12-19 00:00:00+09:00,1694.9946586794968,1732.7544406797826,1682.4080646794016,1720.1678466796875,103500,0.0,0.0
2005-12-20 00:00:00+09:00,1728.5588932447047,1757.9276123046875,1715.972299361855,1757.9276123046875,49700,0.0,0.0
2005-12-21 00:00:00+09:00,1783.1008212537652,1787.2963525978917,1741.1455078125002,1741.1455078125,65700,0.0,0.0
2005-12-22 00:00:00+09:00,1736.9501011439734,1770.5143543061756,1736.9501011439734,1762.123291015625,40300,0.0,0.0
2005-12-23 00:00:00+09:00,1762.123291015625,1762.123291015625,1762.123291015625,1762.123291015625,0,0.0,0.0
2005-12-26 00:00:00+09:00,1774.7096712354203,1799.8828580614547,1770.514140097748,1787.2962646484375,33800,0.0,0.0
2005-12-27 00:00:00+09:00,1795.6871783088236,1808.273770680147,1783.1005859375,1783.1005859375,33800,0.0,0.0
2005-12-28 00:00:00+09:00,1770.5144619336372,1908.9670146440874,1766.3189300333206,1883.7938232421875,133900,0.0,0.0
2005-12-29 00:00:00+09:00,1892.1844546669406,1921.5531712582235,1887.988923725329,1913.162109375,57000,0.0,0.0
2005-12-30 00:00:00+09:00,1908.9665784333881,1921.5531712582235,1854.4246761924342,1913.162109375,35900,0.0,0.0
2006-01-02 00:00:00+09:00,1913.162109375,1913.162109375,1913.162109375,1913.162109375,0,0.0,0.0
2006-01-03 00:00:00+09:00,1913.162109375,1913.162109375,1913.162109375,1913.162109375,0,0.0,0.0
2006-01-04 00:00:00+09:00,1867.0111149755016,1997.0725634344692,1867.0111149755016,1946.7261962890625,44700,0.0,0.0
2006-01-05 00:00:00+09:00,1955.117650579637,1955.117650579637,1925.7489305065524,1950.922119140625,57000,0.0,0.0
2006-01-06 00:00:00+09:00,1950.9223645798704,1988.6821522814164,1950.9223645798704,1971.9000244140625,58200,0.0,0.0
2006-01-09 00:00:00+09:00,1971.9000244140627,1971.9000244140627,1971.9000244140627,1971.9000244140625,0,0.0,0.0
2006-01-10 00:00:00+09:00,1992.8772938402392,1997.072824985166,1971.8996381156053,1988.6817626953125,51900,0.0,0.0
2006-01-11 00:00:00+09:00,2001.2689203919215,2022.2465820312498,1988.6823234083245,2022.24658203125,59700,0.0,0.0
2006-01-12 00:00:00+09:00,2022.2464849753458,2047.419677734375,2018.050952848841,2047.419677734375,39700,0.0,0.0
2006-01-13 00:00:00+09:00,2051.6147920584976,2060.005854602704,2039.0281982421877,2039.0281982421875,45300,0.0,0.0
2006-01-16 00:00:00+09:00,2039.0286134813653,2055.8107419873845,2034.8330813548603,2047.419677734375,31400,0.0,0.0
2006-01-17 00:00:00+09:00,2039.028058347449,2055.810182284465,1887.9889429143045,1896.3800048828125,117400,0.0,0.0
2006-01-18 00:00:00+09:00,1929.9443668693439,1997.0728665865386,1837.6426797582014,1854.4248046875,119000,0.0,0.0
2006-01-19 00:00:00+09:00,1787.2962677388252,2005.4638872750197,1783.1007365938983,1988.6817626953125,82900,0.0,0.0
2006-01-20 00:00:00+09:00,1988.6817626953125,2005.4638872750197,1988.6817626953125,1988.6817626953125,36600,0.0,0.0
2006-01-23 00:00:00+09:00,1988.6815740411932,1997.072635535038,1938.335205078125,1938.335205078125,44300,0.0,0.0
2006-01-24 00:00:00+09:00,1929.9440644407373,1997.072553638676,1925.7485338658662,1984.4859619140625,43400,0.0,0.0
2006-01-25 00:00:00+09:00,1980.2906237559714,2001.2682786686405,1967.70403080837,1976.0950927734375,23000,0.0,0.0
2006-01-26 00:00:00+09:00,1976.0955563809011,2001.2687481819316,1971.9000244140627,1971.9000244140625,32200,0.0,0.0
2006-01-27 00:00:00+09:00,1988.6816919150472,1997.07275390625,1980.2906299238443,1997.07275390625,26200,0.0,0.0
2006-01-30 00:00:00+09:00,2013.854944029851,2026.4415374300374,1959.3130392957091,1967.7041015625,99000,0.0,0.0
2006-01-31 00:00:00+09:00,1980.2909683388157,1992.8775634765625,1971.8999049136512,1992.8775634765625,41700,0.0,0.0
2006-02-01 00:00:00+09:00,1992.877242524745,2005.4638356354276,1976.0951183771683,1980.2906494140625,33700,0.0,0.0
2006-02-02 00:00:00+09:00,1997.072553638676,1997.072553638676,1971.899370189449,1984.4859619140625,26300,0.0,0.0
2006-02-03 00:00:00+09:00,1988.6821522814164,1988.6821522814164,1967.704492447224,1971.9000244140625,41800,0.0,0.0
2006-02-06 00:00:00+09:00,1976.0955563809011,1984.486620314578,1963.5089604803857,1971.9000244140625,29500,0.0,0.0
2006-02-07 00:00:00+09:00,1980.2906949626865,1988.6817572294776,1967.7041015625,1967.7041015625,33200,0.0,0.0
2006-02-08 00:00:00+09:00,1967.704515972874,1980.2911120238734,1955.117919921875,1955.117919921875,30600,0.0,0.0
2006-02-09 00:00:00+09:00,1959.3131103515625,1976.09523549376,1955.1175790660131,1959.3131103515625,20600,0.0,0.0
2006-02-10 00:00:00+09:00,1967.7042448966733,1967.7042448966733,1946.726587701613,1950.922119140625,25300,0.0,0.0
2006-02-13 00:00:00+09:00,1950.9223868479696,1950.9223868479696,1929.9447267743355,1934.1402587890625,38500,0.0,0.0
2006-02-14 00:00:00+09:00,1925.74838669956,1942.5305077165494,1921.5528564453125,1921.5528564453125,55200,0.0,0.0
2006-02-15 00:00:00+09:00,1938.3346626613452,1950.9212513799253,1929.943603515625,1929.943603515625,35200,0.0,0.0
2006-02-16 00:00:00+09:00,1938.3353726256128,1955.11749706393,1925.748779296875,1925.748779296875,20400,0.0,0.0
2006-02-17 00:00:00+09:00,1934.139861725189,1946.7264551854394,1896.3800813444368,1908.9666748046875,48100,0.0,0.0
2006-02-20 00:00:00+09:00,1883.7937485220186,1900.5758754576268,1862.8160898525084,1871.2071533203125,46900,0.0,0.0
2006-02-21 00:00:00+09:00,1867.0116956409208,1896.3804189431376,1862.816163740604,1883.7938232421875,47600,0.0,0.0
2006-02-22 00:00:00+09:00,1887.989378511236,1896.3804424157304,1862.8161867977528,1867.01171875,38500,0.0,0.0
2006-02-23 00:00:00+09:00,1887.988936661074,1896.3799986017898,1871.2068127796422,1875.40234375,31900,0.0,0.0
2006-02-24 00:00:00+09:00,1871.2069893051348,1913.162302966685,1871.2069893051348,1904.771240234375,29300,0.0,0.0
2006-02-27 00:00:00+09:00,1938.3357908037892,1959.3134508774233,1925.7491947596088,1934.1402587890625,27000,0.0,0.0
2006-02-28 00:00:00+09:00,1963.5081589877866,1963.5081589877866,1921.5528564453125,1921.5528564453125,27800,0.0,0.0
2006-03-01 00:00:00+09:00,1950.921797318892,1971.8994510535038,1925.748612837358,1938.335205078125,50900,0.0,0.0
2006-03-02 00:00:00+09:00,1959.3127618052274,1963.508292344425,1942.5306396484375,1942.5306396484375,13200,0.0,0.0
2006-03-03 00:00:00+09:00,1929.9447267743355,1963.5089828921502,1929.9447267743355,1934.1402587890625,24900,0.0,0.0
2006-03-06 00:00:00+09:00,1955.117650579637,1963.5087134576613,1934.1399933845767,1950.922119140625,49200,0.0,0.0
2006-03-07 00:00:00+09:00,1950.9220477804636,1967.7041729226612,1946.7265164949142,1959.3131103515625,29800,0.0,0.0
2006-03-08 00:00:00+09:00,1946.7268558878754,1971.9000479898739,1938.3357918538761,1955.117919921875,25300,0.0,0.0
2006-03-09 00:00:00+09:00,1971.8996381156053,1988.6817626953125,1963.5085758257514,1988.6817626953125,25300,0.0,0.0
2006-03-10 00:00:00+09:00,1988.6818638246928,2005.4639892578125,1988.6818638246928,2005.4639892578125,56700,0.0,0.0
2006-03-13 00:00:00+09:00,2013.8555173755185,2030.6376466869813,2013.8555173755185,2022.24658203125,45400,0.0,0.0
2006-03-14 00:00:00+09:00,2018.0510497033843,2022.2465820312498,2005.4644527197872,2022.24658203125,19900,0.0,0.0
2006-03-15 00:00:00+09:00,2026.4421143591155,2039.0287113427125,2022.2465820312498,2022.24658203125,21500,0.0,0.0
2006-03-16 00:00:00+09:00,2030.6371774074921,2030.6371774074921,2005.4639892578125,2005.4639892578125,31500,0.0,0.0
2006-03-17 00:00:00+09:00,2005.464139071378,2030.6373291015625,2005.464139071378,2030.6373291015625,26100,0.0,0.0
2006-03-20 00:00:00+09:00,2039.0286134813653,2047.419677734375,2030.6375492283555,2047.419677734375,32500,0.0,0.0
2006-03-21 00:00:00+09:00,2047.419677734375,2047.419677734375,2047.419677734375,2047.419677734375,0,0.0,0.0
2006-03-22 00:00:00+09:00,2055.8097879920756,2055.8097879920756,2034.8321370941972,2051.6142578125,46100,0.0,0.0
2006-03-23 00:00:00+09:00,2055.810594499968,2055.810594499968,2043.2239990234375,2043.2239990234375,40700,0.0,0.0
2006-03-24 00:00:00+09:00,2039.0281982421877,2051.6147920584976,2039.0281982421877,2039.0281982421875,68400,0.0,0.0
2006-03-27 00:00:00+09:00,2030.637622222583,2030.637622222583,2013.8554931133056,2018.051025390625,154900,0.0,0.0
2006-03-28 00:00:00+09:00,1988.4970703125,1996.9407946025744,1963.1658974422771,1988.4970703125,97600,15.0,0.0
2006-03-29 00:00:00+09:00,1992.7196044921875,1996.9414680610269,1975.8321502168299,1992.7196044921875,35800,0.0,0.0
2006-03-30 00:00:00+09:00,2001.1630250313822,2005.3848879533891,1992.7192991873678,1996.941162109375,25600,0.0,0.0
2006-03-31 00:00:00+09:00,2005.3851951987056,2005.3851951987056,1992.7196044921875,1992.7196044921875,20900,0.0,0.0
2006-04-03 00:00:00+09:00,1988.4970703125,1996.9407946025744,1980.0533460224258,1988.4970703125,35800,0.0,0.0
2006-04-04 00:00:00+09:00,1984.2760009765625,1984.2760009765625,1967.3885456491023,1984.2760009765625,25700,0.0,0.0
2006-04-05 00:00:00+09:00,1967.38848968834,1980.0540808236726,1963.1666259765625,1963.1666259765625,43800,0.0,0.0
2006-04-06 00:00:00+09:00,1958.9437854346654,1963.1656470412056,1950.5000622215848,1954.721923828125,35200,0.0,0.0
2006-04-07 00:00:00+09:00,1954.7224731445312,1980.0536499023438,1954.7224731445312,1975.831787109375,24000,0.0,0.0
2006-04-10 00:00:00+09:00,1975.832217111895,1984.2759445354502,1954.7228985530073,1963.1666259765625,64300,0.0,0.0
2006-04-11 00:00:00+09:00,1967.3880615234375,1967.3880615234375,1954.7224731445312,1958.9443359375,18800,0.0,0.0
2006-04-12 00:00:00+09:00,1963.1657051418138,1963.1657051418138,1942.056396484375,1942.056396484375,33900,0.0,0.0
2006-04-13 00:00:00+09:00,1950.5005489174837,1950.5005489174837,1933.6130982775055,1937.8349609375,28800,0.0,0.0
2006-04-14 00:00:00+09:00,1942.0567621622545,1954.7223497415735,1929.3911745829355,1933.613037109375,27400,0.0,0.0
2006-04-17 00:00:00+09:00,1929.3911116644247,1933.6129740531871,1904.0599373318503,1912.503662109375,28300,0.0,0.0
2006-04-18 00:00:00+09:00,1899.8381368978576,1933.613037109375,1899.8381368978576,1933.613037109375,26700,0.0,0.0
2006-04-19 00:00:00+09:00,1946.2782582158627,1958.943843410326,1942.056396484375,1942.056396484375,27000,0.0,0.0
2006-04-20 00:00:00+09:00,1958.9442122680132,1963.166074794453,1929.3911745829355,1933.613037109375,19600,0.0,0.0
2006-04-21 00:00:00+09:00,1950.5005489174837,1950.5005489174837,1925.1693729575163,1937.8349609375,25600,0.0,0.0
2006-04-24 00:00:00+09:00,1929.3910484483506,1933.6129106987846,1899.8380126953123,1899.8380126953125,35900,0.0,0.0
2006-04-25 00:00:00+09:00,1899.838497764186,1925.169677734375,1899.838497764186,1925.169677734375,19800,0.0,0.0
2006-04-26 00:00:00+09:00,1925.1697381017507,1937.835328483999,1908.2822842587527,1929.3916015625,14600,0.0,0.0
2006-04-27 00:00:00+09:00,1942.0573110849375,1946.2791748046875,1920.9479924861882,1946.2791748046875,14300,0.0,0.0
2006-04-28 00:00:00+09:00,1942.0573110849375,1946.2791748046875,1920.9479924861882,1946.2791748046875,19800,0.0,0.0
2006-05-01 00:00:00+09:00,1925.169677734375,1937.8352677194696,1925.169677734375,1925.169677734375,15700,0.0,0.0
2006-05-02 00:00:00+09:00,1937.834534752887,1950.5001199473504,1933.6126730213994,1942.056396484375,18800,0.0,0.0
2006-05-03 00:00:00+09:00,1942.056396484375,1942.056396484375,1942.056396484375,1942.056396484375,0,0.0,0.0
2006-05-04 00:00:00+09:00,1942.056396484375,1942.056396484375,1942.056396484375,1942.056396484375,0,0.0,0.0
2006-05-05 00:00:00+09:00,1942.056396484375,1942.056396484375,1942.056396484375,1942.056396484375,0,0.0,0.0
2006-05-08 00:00:00+09:00,1950.5005489174837,1950.5005489174837,1925.1693729575163,1937.8349609375,23200,0.0,0.0
2006-05-09 00:00:00+09:00,1937.835328483999,1946.279055405498,1929.3916015625,1929.3916015625,12000,0.0,0.0
2006-05-10 00:00:00+09:00,1942.0571310478344,1942.0571310478344,1925.169677734375,1925.169677734375,25600,0.0,0.0
2006-05-11 00:00:00+09:00,1925.1695562018172,1929.3914192636632,1916.725830078125,1916.725830078125,16900,0.0,0.0
2006-05-12 00:00:00+09:00,1916.7258306182591,1916.7258306182591,1899.8383783661159,1908.2821044921875,30400,0.0,0.0
2006-05-15 00:00:00+09:00,1899.8383778307405,1916.725830078125,1887.1727886452022,1916.725830078125,33700,0.0,0.0
2006-05-16 00:00:00+09:00,1925.1691861979166,1925.1691861979166,1899.8380126953123,1899.8380126953125,40200,0.0,0.0
2006-05-17 00:00:00+09:00,1899.8383182807256,1908.282044139751,1874.5071407036492,1887.1727294921875,42400,0.0,0.0
2006-05-18 00:00:00+09:00,1878.729003633162,1891.3945924217,1870.2852777741366,1887.1727294921875,20500,0.0,0.0
2006-05-19 00:00:00+09:00,1878.729736328125,1878.729736328125,1870.2860071760883,1878.729736328125,32600,0.0,0.0
2006-05-22 00:00:00+09:00,1899.8385668339095,1899.8385668339095,1870.2855224609375,1870.2855224609375,34700,0.0,0.0
2006-05-23 00:00:00+09:00,1870.2852172851562,1887.1726684570312,1861.8414916992188,1866.0633544921875,29600,0.0,0.0
2006-05-24 00:00:00+09:00,1861.841185133115,1878.7286335243452,1840.7318746440776,1853.3974609375,38900,0.0,0.0
2006-05-25 00:00:00+09:00,1857.61962890625,1857.61962890625,1840.732177734375,1857.61962890625,18700,0.0,0.0
2006-05-26 00:00:00+09:00,1844.9543415698188,1870.2855224609375,1844.9543415698188,1870.2855224609375,14800,0.0,0.0
2006-05-29 00:00:00+09:00,1882.9508056640625,1882.9508056640625,1870.2852172851562,1882.9508056640625,18600,0.0,0.0
2006-05-30 00:00:00+09:00,1891.3953300561798,1891.3953300561798,1878.729736328125,1878.729736328125,19800,0.0,0.0
2006-05-31 00:00:00+09:00,1878.7289428710938,1878.7289428710938,1849.1759033203125,1857.61962890625,28300,0.0,0.0
2006-06-01 00:00:00+09:00,1870.2852172851562,1870.2852172851562,1849.1759033203125,1857.61962890625,17500,0.0,0.0
2006-06-02 00:00:00+09:00,1844.9548197199788,1878.729736328125,1811.1799031118328,1878.729736328125,36800,0.0,0.0
2006-06-05 00:00:00+09:00,1857.61962890625,1870.2852172851562,1849.1759033203125,1866.0633544921875,20100,0.0,0.0
2006-06-06 00:00:00+09:00,1866.0633544921875,1874.507080078125,1861.8414916992188,1866.0633544921875,15600,0.0,0.0
2006-06-07 00:00:00+09:00,1857.6198741616724,1870.2854642127747,1849.1761474609375,1849.1761474609375,24600,0.0,0.0
2006-06-08 00:00:00+09:00,1798.5139212472097,1815.401375906808,1773.1827392578125,1773.1827392578125,57200,0.0,0.0
2006-06-09 00:00:00+09:00,1768.9607503828308,1798.5137939453125,1756.2951602846244,1798.5137939453125,67500,0.0,0.0
2006-06-12 00:00:00+09:00,1832.2886356767826,1836.5104988926278,1815.401182813402,1828.0667724609375,18500,0.0,0.0
2006-06-13 00:00:00+09:00,1832.2880808037019,1832.2880808037019,1806.9569091796875,1806.9569091796875,16200,0.0,0.0
2006-06-14 00:00:00+09:00,1798.5135498046875,1832.2884521484375,1798.5135498046875,1815.4010009765625,32900,0.0,0.0
2006-06-15 00:00:00+09:00,1811.1791989355243,1840.7322394775958,1811.1791989355243,1819.6229248046875,38300,0.0,0.0
2006-06-16 00:00:00+09:00,1836.5103765430142,1853.3978282813407,1815.4010618701059,1819.6229248046875,35400,0.0,0.0
2006-06-19 00:00:00+09:00,1823.8446044921875,1840.7320545337818,1819.622741981789,1823.8446044921875,29700,0.0,0.0
2006-06-20 00:00:00+09:00,1823.8446044921875,1844.9539170441806,1819.622741981789,1823.8446044921875,26200,0.0,0.0
2006-06-21 00:00:00+09:00,1849.1754105387745,1857.619133874568,1828.0661021992908,1832.2879638671875,24800,0.0,0.0
2006-06-22 00:00:00+09:00,1853.398010811305,1853.398010811305,1836.5105574098352,1849.1761474609375,21000,0.0,0.0
2006-06-23 00:00:00+09:00,1857.6198741616724,1857.6198741616724,1840.7324207602028,1849.1761474609375,17100,0.0,0.0
2006-06-26 00:00:00+09:00,1874.507080078125,1882.9508056640625,1857.61962890625,1857.61962890625,25000,0.0,0.0
2006-06-27 00:00:00+09:00,1878.729736328125,1882.951600904143,1866.0641426000702,1878.729736328125,15000,0.0,0.0
2006-06-28 00:00:00+09:00,1882.9508665626747,1887.1727294921875,1870.2852777741366,1887.1727294921875,22000,0.0,0.0
2006-06-29 00:00:00+09:00,1908.2819217891483,1920.947509765625,1887.1726084950205,1920.947509765625,18700,0.0,0.0
2006-06-30 00:00:00+09:00,1925.1693729575163,1937.8349609375,1920.9475102975218,1937.8349609375,15600,0.0,0.0
2006-07-03 00:00:00+09:00,1933.613037109375,1942.0567621622545,1925.1693120564958,1933.613037109375,20700,0.0,0.0
2006-07-04 00:00:00+09:00,1942.0570063074945,1958.9444585362553,1942.0570063074945,1950.500732421875,23900,0.0,0.0
2006-07-05 00:00:00+09:00,1942.0563390085044,1958.9437854346654,1933.612615795424,1954.721923828125,16400,0.0,0.0
2006-07-06 00:00:00+09:00,1963.1662616602862,1963.1662616602862,1895.6164548074591,1904.0601806640625,59200,0.0,0.0
2006-07-07 00:00:00+09:00,1916.725830078125,1933.6132823255093,1916.725830078125,1916.725830078125,18400,0.0,0.0
2006-07-10 00:00:00+09:00,1925.1693724244506,1925.1693724244506,1878.7288831773694,1920.947509765625,24700,0.0,0.0
2006-07-11 00:00:00+09:00,1925.1697477250282,1925.1697477250282,1866.0636589790843,1870.2855224609375,41700,0.0,0.0
2006-07-12 00:00:00+09:00,1882.9508665626747,1899.8383182807256,1882.9508665626747,1887.1727294921875,17500,0.0,0.0
2006-07-13 00:00:00+09:00,1882.9505604237052,1887.1724226668075,1861.8412492081927,1874.5068359375,16900,0.0,0.0
2006-07-14 00:00:00+09:00,1874.507080078125,1874.507080078125,1861.8414916992188,1866.0633544921875,15500,0.0,0.0
2006-07-17 00:00:00+09:00,1866.0633544921875,1866.0633544921875,1866.0633544921875,1866.0633544921875,0,0.0,0.0
2006-07-18 00:00:00+09:00,1891.39453125,1891.39453125,1857.61962890625,1857.61962890625,31800,0.0,0.0
2006-07-19 00:00:00+09:00,1878.7286335243452,1878.7286335243452,1853.3974609375,1853.3974609375,19300,0.0,0.0
2006-07-20 00:00:00+09:00,1866.0637750774292,1895.6168212890627,1857.620047588391,1895.6168212890625,19900,0.0,0.0
2006-07-21 00:00:00+09:00,1899.8386850335817,1904.0605487781008,1895.6168212890627,1895.6168212890625,15400,0.0,0.0
2006-07-24 00:00:00+09:00,1895.6161504448783,1904.0598749457465,1891.3942881944442,1899.8380126953125,7900,0.0,0.0
2006-07-25 00:00:00+09:00,1912.5039670162787,1920.947693139971,1899.8383778307405,1916.725830078125,14900,0.0,0.0
2006-07-26 00:00:00+09:00,1925.169495305571,1925.169495305571,1904.0601806640625,1904.0601806640625,13400,0.0,0.0
2006-07-27 00:00:00+09:00,1899.8380126953123,1916.7254616970486,1895.6161504448783,1899.8380126953125,16000,0.0,0.0
2006-07-28 00:00:00+09:00,1912.5039065206659,1912.5039065206659,1899.8383177357607,1904.0601806640625,12900,0.0,0.0
2006-07-31 00:00:00+09:00,1908.2817371961805,1916.7254616970486,1899.8380126953123,1899.8380126953125,26100,0.0,0.0
2006-08-01 00:00:00+09:00,1899.8383177357607,1912.5039065206659,1899.8383177357607,1904.0601806640625,17900,0.0,0.0
2006-08-02 00:00:00+09:00,1899.8383783661159,1908.2821044921875,1899.8383783661159,1908.2821044921875,19200,0.0,0.0
2006-08-03 00:00:00+09:00,1920.9473239474826,1920.9473239474826,1899.8380126953123,1899.8380126953125,21300,0.0,0.0
2006-08-04 00:00:00+09:00,1912.5035994466145,1912.5035994466145,1895.6161504448783,1899.8380126953125,26700,0.0,0.0
2006-08-07 00:00:00+09:00,1908.28173388232,1908.28173388232,1874.5068359375,1874.5068359375,21700,0.0,0.0
2006-08-08 00:00:00+09:00,1874.5071407036492,1899.8383182807256,1870.2852777741366,1887.1727294921875,22400,0.0,0.0
2006-08-09 00:00:00+09:00,1878.729736328125,1891.3953300561798,1870.2860071760883,1878.729736328125,26100,0.0,0.0
2006-08-10 00:00:00+09:00,1874.5067714265376,1878.7286335243452,1853.3974609375,1853.3974609375,69500,0.0,0.0
2006-08-11 00:00:00+09:00,1866.0634156657454,1870.2852785971158,1857.6196898030046,1861.841552734375,25000,0.0,0.0
2006-08-14 00:00:00+09:00,1857.6193869650901,1891.39428490991,1857.6193869650901,1874.5068359375,18500,0.0,0.0
2006-08-15 00:00:00+09:00,1870.2852785971158,1887.1727303225978,1861.841552734375,1861.841552734375,48400,0.0,0.0
2006-08-16 00:00:00+09:00,1882.951112906497,1882.951112906497,1866.0636589790843,1870.2855224609375,22900,0.0,0.0
2006-08-17 00:00:00+09:00,1874.5073859427905,1882.951112906497,1870.2855224609375,1870.2855224609375,36800,0.0,0.0
2006-08-18 00:00:00+09:00,1874.5078717521067,1882.951600904143,1866.0641426000702,1878.729736328125,43400,0.0,0.0
2006-08-21 00:00:00+09:00,1891.39428490991,1891.39428490991,1870.2849736943976,1874.5068359375,32800,0.0,0.0
2006-08-22 00:00:00+09:00,1878.729736328125,1882.951600904143,1870.2860071760883,1878.729736328125,22300,0.0,0.0
2006-08-23 00:00:00+09:00,1874.5078717521067,1882.951600904143,1874.5078717521067,1878.729736328125,17100,0.0,0.0
2006-08-24 00:00:00+09:00,1882.951112906497,1882.951112906497,1866.0636589790843,1870.2855224609375,53700,0.0,0.0
2006-08-25 00:00:00+09:00,1874.5073859427905,1887.17297638835,1870.2855224609375,1870.2855224609375,25400,0.0,0.0
2006-08-28 00:00:00+09:00,1882.951112906497,1882.951112906497,1870.2855224609375,1870.2855224609375,25500,0.0,0.0
2006-08-29 00:00:00+09:00,1878.7286981806026,1878.7286981806026,1870.2849736943976,1874.5068359375,21000,0.0,0.0
2006-08-30 00:00:00+09:00,1874.507080078125,1878.7289428710938,1861.8414916992188,1866.0633544921875,48000,0.0,0.0
2006-08-31 00:00:00+09:00,1874.5073859427905,1874.5073859427905,1866.0636589790843,1870.2855224609375,36700,0.0,0.0
2006-09-01 00:00:00+09:00,1874.5078717521067,1878.729736328125,1866.0641426000702,1878.729736328125,19200,0.0,0.0
2006-09-04 00:00:00+09:00,1887.172546659197,1895.6162717001778,1882.9506841387067,1891.3944091796875,28400,0.0,0.0
2006-09-05 00:00:00+09:00,1899.838134220668,1904.0599967411586,1891.3944091796875,1891.3944091796875,22700,0.0,0.0
2006-09-06 00:00:00+09:00,1899.8380126953123,1908.2817371961805,1891.3942881944442,1899.8380126953125,25300,0.0,0.0
2006-09-07 00:00:00+09:00,1899.838134220668,1908.2818592616488,1887.172546659197,1891.3944091796875,37900,0.0,0.0
2006-09-08 00:00:00+09:00,1887.1730938000244,1904.0605487781008,1887.1730938000244,1895.6168212890625,50800,0.0,0.0
2006-09-11 00:00:00+09:00,1904.0605487781008,1904.0605487781008,1895.6168212890627,1895.6168212890625,16300,0.0,0.0
2006-09-12 00:00:00+09:00,1899.8383177357607,1908.282043592364,1895.6164548074591,1904.0601806640625,22300,0.0,0.0
2006-09-13 00:00:00+09:00,1908.282043592364,1912.5039065206659,1904.0601806640625,1904.0601806640625,27300,0.0,0.0
2006-09-14 00:00:00+09:00,1904.0599373318503,1912.503662109375,1904.0599373318503,1912.503662109375,34900,0.0,0.0
2006-09-15 00:00:00+09:00,1912.5039675552232,1912.5039675552232,1908.2821044921875,1908.2821044921875,19500,0.0,0.0
2006-09-18 00:00:00+09:00,1908.2821044921875,1908.2821044921875,1908.2821044921875,1908.2821044921875,0,0.0,0.0
2006-09-19 00:00:00+09:00,1920.947509765625,1925.1693724244506,1916.7256471067994,1920.947509765625,35900,0.0,0.0
2006-09-20 00:00:00+09:00,1920.9476936812948,1920.9476936812948,1908.2821044921875,1908.2821044921875,35100,0.0,0.0
2006-09-21 00:00:00+09:00,1908.282043592364,1908.282043592364,1899.8383177357607,1904.0601806640625,43200,0.0,0.0
2006-09-22 00:00:00+09:00,1899.8380126953123,1904.0598749457465,1887.1724259440102,1899.8380126953125,68100,0.0,0.0
2006-09-25 00:00:00+09:00,1887.1726684570312,1895.6163940429688,1882.9508056640625,1882.9508056640625,139600,0.0,0.0
2006-09-26 00:00:00+09:00,1864.2656368756188,1881.2521119268772,1864.2656368756188,1877.0054931640625,64300,13.0,0.0
2006-09-27 00:00:00+09:00,1872.7586801889781,1885.49853515625,1872.7586801889781,1885.49853515625,18700,0.0,0.0
2006-09-28 00:00:00+09:00,1893.9920654296875,1893.9920654296875,1881.2522084873353,1893.9920654296875,26000,0.0,0.0
2006-09-29 00:00:00+09:00,1889.745849609375,1898.2390893829001,1889.745849609375,1889.745849609375,12400,0.0,0.0
2006-10-02 00:00:00+09:00,1885.4985482644715,1902.4850216722596,1877.0053115605776,1898.2384033203125,23400,0.0,0.0
2006-10-03 00:00:00+09:00,1889.7451534786742,1889.7451534786742,1881.251916833826,1885.49853515625,17400,0.0,0.0
2006-10-04 00:00:00+09:00,1877.0060193673824,1885.499259274022,1872.7593994140625,1872.7593994140625,32100,0.0,0.0
2006-10-05 00:00:00+09:00,1872.7593700623245,1889.745849609375,1868.5127501755617,1889.745849609375,28500,0.0,0.0
2006-10-06 00:00:00+09:00,1868.5122556384333,1885.498730689692,1868.5122556384333,1877.0054931640625,21500,0.0,0.0
2006-10-09 00:00:00+09:00,1877.0054931640625,1877.0054931640625,1877.0054931640625,1877.0054931640625,0,0.0,0.0
2006-10-10 00:00:00+09:00,1860.0190062642369,1868.5122437357631,1860.0190062642369,1864.265625,33800,0.0,0.0
2006-10-11 00:00:00+09:00,1860.0193228091834,1864.2659422676518,1787.8267920152196,1800.566650390625,65600,0.0,0.0
2006-10-12 00:00:00+09:00,1783.579833984375,1821.7994018554687,1783.579833984375,1783.579833984375,44000,0.0,0.0
2006-10-13 00:00:00+09:00,1783.5799420466187,1817.5528933236972,1783.5799420466187,1813.3062744140625,45700,0.0,0.0
2006-10-16 00:00:00+09:00,1817.5529415246212,1821.799560546875,1800.5664654356062,1821.799560546875,33100,0.0,0.0
2006-10-17 00:00:00+09:00,1809.0601806640625,1821.8000410912741,1809.0601806640625,1809.0601806640625,33100,0.0,0.0
2006-10-18 00:00:00+09:00,1817.5534209488703,1817.5534209488703,1800.5669403792547,1809.0601806640625,27800,0.0,0.0
2006-10-19 00:00:00+09:00,1813.3059940516391,1821.7992305577359,1809.059375798591,1817.5526123046875,17900,0.0,0.0
2006-10-20 00:00:00+09:00,1804.813036594793,1813.3062744140625,1804.813036594793,1813.3062744140625,18600,0.0,0.0
2006-10-23 00:00:00+09:00,1809.0601806640625,1809.0601806640625,1800.5669403792547,1809.0601806640625,24900,0.0,0.0
2006-10-24 00:00:00+09:00,1809.0601806640625,1817.5534209488703,1809.0601806640625,1809.0601806640625,21700,0.0,0.0
2006-10-25 00:00:00+09:00,1813.3062744140625,1821.799512233332,1809.0596555044276,1813.3062744140625,20600,0.0,0.0
2006-10-26 00:00:00+09:00,1809.0601806640625,1817.5534209488703,1809.0601806640625,1809.0601806640625,16800,0.0,0.0
2006-10-27 00:00:00+09:00,1817.5531282244988,1817.5531282244988,1792.073411473688,1800.566650390625,44300,0.0,0.0
2006-10-30 00:00:00+09:00,1792.0730712890625,1792.0730712890625,1783.579833984375,1783.579833984375,41400,0.0,0.0
2006-10-31 00:00:00+09:00,1787.8264526367186,1800.56630859375,1783.579833984375,1783.579833984375,29000,0.0,0.0
2006-11-01 00:00:00+09:00,1783.5796622682417,1787.8262805117374,1762.3465710507626,1775.08642578125,35300,0.0,0.0
2006-11-02 00:00:00+09:00,1775.0866815200045,1792.0731569412487,1766.5934438093825,1787.8265380859375,26000,0.0,0.0
2006-11-03 00:00:00+09:00,1787.8265380859375,1787.8265380859375,1787.8265380859375,1787.8265380859375,0,0.0,0.0
2006-11-06 00:00:00+09:00,1783.5801154161693,1792.0733540610083,1775.0868767713305,1779.33349609375,21800,0.0,0.0
2006-11-07 00:00:00+09:00,1766.5931396484375,1779.332994020902,1766.5931396484375,1766.5931396484375,29100,0.0,0.0
2006-11-08 00:00:00+09:00,1783.5796121450571,1787.826230269212,1766.5931396484375,1766.5931396484375,31400,0.0,0.0
2006-11-09 00:00:00+09:00,1762.3472057102958,1766.593825483092,1758.1005859375,1758.1005859375,16100,0.0,0.0
2006-11-10 00:00:00+09:00,1766.5936070884145,1766.5936070884145,1728.3740338581365,1741.1138916015625,43100,0.0,0.0
2006-11-13 00:00:00+09:00,1741.1137465675279,1745.360365461595,1707.1407954149909,1715.634033203125,29800,0.0,0.0
2006-11-14 00:00:00+09:00,1715.6341657708845,1745.3605003263206,1715.6341657708845,1728.3740234375,27500,0.0,0.0
2006-11-15 00:00:00+09:00,1736.8667991213301,1762.3465076658972,1736.8667991213301,1753.853271484375,37300,0.0,0.0
2006-11-16 00:00:00+09:00,1779.3334648318407,1779.3334648318407,1736.8672723537538,1741.1138916015625,18300,0.0,0.0
2006-11-17 00:00:00+09:00,1749.6069587258733,1749.6069587258733,1732.6204833984375,1732.6204833984375,14700,0.0,0.0
2006-11-20 00:00:00+09:00,1732.6207074976678,1741.1139462599115,1707.1409912109375,1707.1409912109375,41800,0.0,0.0
2006-11-21 00:00:00+09:00,1711.3873863220215,1719.8806239712624,1682.5103783146028,1685.058349609375,77500,0.0,0.0
2006-11-22 00:00:00+09:00,1685.0582400575288,1698.6474194128314,1681.660945218703,1697.798095703125,64200,0.0,0.0
2006-11-23 00:00:00+09:00,1697.798095703125,1697.798095703125,1697.798095703125,1697.798095703125,0,0.0,0.0
2006-11-24 00:00:00+09:00,1690.1543450927734,1711.3874398803712,1685.9077261352538,1698.6475830078125,31600,0.0,0.0
2006-11-27 00:00:00+09:00,1732.6204833984375,1732.6204833984375,1719.8806269028607,1732.6204833984375,12800,0.0,0.0
2006-11-28 00:00:00+09:00,1707.1408799913195,1724.1273564091437,1702.8942608868635,1719.8807373046875,23100,0.0,0.0
2006-11-29 00:00:00+09:00,1724.1273778465252,1745.3604736328125,1719.8807586892679,1745.3604736328125,21600,0.0,0.0
2006-11-30 00:00:00+09:00,1749.6066671518179,1766.5931396484375,1749.6066671518179,1766.5931396484375,17600,0.0,0.0
2006-12-01 00:00:00+09:00,1779.3332153320312,1792.0730712890625,1775.0865966796875,1783.579833984375,23600,0.0,0.0
2006-12-04 00:00:00+09:00,1796.3197987755232,1813.3062744140625,1783.5799420466187,1813.3062744140625,23100,0.0,0.0
2006-12-05 00:00:00+09:00,1817.5528700731147,1817.5528700731147,1787.8265380859375,1787.8265380859375,23300,0.0,0.0
2006-12-06 00:00:00+09:00,1783.5799192306265,1792.0731569412487,1770.8400626646935,1787.8265380859375,26800,0.0,0.0
2006-12-07 00:00:00+09:00,1800.5664912683824,1809.0597294347426,1796.3198721852023,1804.8131103515625,13900,0.0,0.0
2006-12-08 00:00:00+09:00,1787.8262577870446,1804.8127305451162,1787.8262577870446,1792.0728759765625,30400,0.0,0.0
2006-12-11 00:00:00+09:00,1800.5663946518707,1800.5663946518707,1783.5799192306265,1787.8265380859375,20200,0.0,0.0
2006-12-12 00:00:00+09:00,1792.0731569412487,1792.0731569412487,1783.5799192306265,1787.8265380859375,10100,0.0,0.0
2006-12-13 00:00:00+09:00,1792.0734488124262,1796.320068359375,1783.5802097185283,1796.320068359375,15600,0.0,0.0
2006-12-14 00:00:00+09:00,1800.566687906324,1804.8133074532727,1796.320068359375,1796.320068359375,15900,0.0,0.0
2006-12-15 00:00:00+09:00,1796.320068359375,1813.3065465471705,1792.0734488124262,1796.320068359375,29200,0.0,0.0
2006-12-18 00:00:00+09:00,1821.8000410912741,1821.8000410912741,1800.5669403792547,1809.0601806640625,20400,0.0,0.0
2006-12-19 00:00:00+09:00,1817.5529676011029,1826.0462057674633,1804.8131103515625,1804.8131103515625,30300,0.0,0.0
2006-12-20 00:00:00+09:00,1821.7996454283248,1826.0462646484375,1813.3064069880995,1826.0462646484375,30800,0.0,0.0
2006-12-21 00:00:00+09:00,1830.29288386855,1830.29288386855,1821.7996454283248,1826.0462646484375,27900,0.0,0.0
2006-12-22 00:00:00+09:00,1830.29288386855,1830.29288386855,1817.553026208212,1826.0462646484375,21600,0.0,0.0
2006-12-25 00:00:00+09:00,1830.29288386855,1847.2793607490007,1821.7996454283248,1826.0462646484375,24200,0.0,0.0
2006-12-26 00:00:00+09:00,1830.292251235329,1847.2787222444738,1826.045633483043,1843.0321044921875,10600,0.0,0.0
2006-12-27 00:00:00+09:00,1847.279493935389,1847.279493935389,1834.5396353565243,1838.7862548828125,12400,0.0,0.0
2006-12-28 00:00:00+09:00,1851.5260382992099,1851.5260382992099,1838.786180237518,1847.2794189453125,10100,0.0,0.0
2006-12-29 00:00:00+09:00,1847.2787222444738,1851.5253399967598,1838.7854867399014,1843.0321044921875,9100,0.0,0.0
2007-01-04 00:00:00+09:00,1855.772387528474,1864.265625,1847.2791500569476,1864.265625,13400,0.0,0.0
2007-01-05 00:00:00+09:00,1864.2651932536182,1868.5118110059045,1843.0321044921875,1843.0321044921875,37400,0.0,0.0
2007-01-09 00:00:00+09:00,1843.0327995914154,1851.5260382992099,1843.0327995914154,1847.2794189453125,32500,0.0,0.0
2007-01-10 00:00:00+09:00,1851.5259799691132,1855.772599189226,1826.0462646484375,1826.0462646484375,43700,0.0,0.0
2007-01-11 00:00:00+09:00,1830.292724609375,1847.2792000117822,1826.0461057587731,1830.292724609375,37500,0.0,0.0
2007-01-12 00:00:00+09:00,1843.0328839503297,1860.0193621434205,1834.5396448537845,1851.526123046875,36500,0.0,0.0
2007-01-15 00:00:00+09:00,1855.7725935502485,1868.512451171875,1851.5259743430397,1868.512451171875,37100,0.0,0.0
2007-01-16 00:00:00+09:00,1868.5122437357631,1868.5122437357631,1855.772387528474,1864.265625,20500,0.0,0.0
2007-01-17 00:00:00+09:00,1868.512451171875,1877.0056895862924,1860.0192127574574,1868.512451171875,37400,0.0,0.0
2007-01-18 00:00:00+09:00,1872.7593994140625,1877.0060193673824,1864.2661595074228,1872.7593994140625,14700,0.0,0.0
2007-01-19 00:00:00+09:00,1868.512451171875,1872.7590703790836,1860.0192127574574,1868.512451171875,24200,0.0,0.0
2007-01-22 00:00:00+09:00,1872.7588624715263,1877.0054812072892,1860.0190062642369,1864.265625,36700,0.0,0.0
2007-01-23 00:00:00+09:00,1872.7588624715263,1872.7588624715263,1864.265625,1864.265625,28200,0.0,0.0
2007-01-24 00:00:00+09:00,1868.512451171875,1877.0056895862924,1864.2658319646662,1868.512451171875,21800,0.0,0.0
2007-01-25 00:00:00+09:00,1877.0056414321134,1877.0056414321134,1860.0191650390625,1860.0191650390625,22000,0.0,0.0
2007-01-26 00:00:00+09:00,1860.0191650390625,1864.2657841373252,1855.7725459408,1860.0191650390625,23200,0.0,0.0
2007-01-29 00:00:00+09:00,1864.265625,1868.5122437357631,1860.0190062642369,1864.265625,13500,0.0,0.0
2007-01-30 00:00:00+09:00,1864.2658319646662,1872.7590703790836,1860.0192127574574,1868.512451171875,22300,0.0,0.0
2007-01-31 00:00:00+09:00,1868.5121947404177,1868.5121947404177,1851.5257202427774,1855.7723388671875,50400,0.0,0.0
2007-02-01 00:00:00+09:00,1851.5259743430397,1868.512451171875,1847.2793551358309,1868.512451171875,45800,0.0,0.0
2007-02-02 00:00:00+09:00,1860.0191650390625,1864.2657841373252,1855.7725459408,1860.0191650390625,15900,0.0,0.0
2007-02-05 00:00:00+09:00,1860.0193525142538,1860.0193525142538,1838.7862548828125,1838.7862548828125,41900,0.0,0.0
2007-02-06 00:00:00+09:00,1843.0325441713687,1847.2791629367405,1834.539306640625,1834.539306640625,52500,0.0,0.0
2007-02-07 00:00:00+09:00,1847.2791629367405,1847.2791629367405,1834.539306640625,1834.539306640625,17900,0.0,0.0
2007-02-08 00:00:00+09:00,1847.279493935389,1847.279493935389,1838.7862548828125,1838.7862548828125,13300,0.0,0.0
2007-02-09 00:00:00+09:00,1834.5396353565243,1838.7862548828125,1834.5396353565243,1838.7862548828125,40300,0.0,0.0
2007-02-13 00:00:00+09:00,1851.5253399967598,1851.5253399967598,1843.0321044921875,1843.0321044921875,20200,0.0,0.0
2007-02-14 00:00:00+09:00,1847.2787222444738,1851.5253399967598,1843.0321044921875,1843.0321044921875,32600,0.0,0.0
2007-02-15 00:00:00+09:00,1847.2795034986025,1851.526123046875,1843.0328839503297,1851.526123046875,44000,0.0,0.0
2007-02-16 00:00:00+09:00,1855.7727425951477,1855.7727425951477,1847.2795034986025,1851.526123046875,31000,0.0,0.0
2007-02-19 00:00:00+09:00,1855.772387528474,1864.265625,1851.5257687927108,1864.265625,17500,0.0,0.0
2007-02-20 00:00:00+09:00,1860.0192127574574,1868.512451171875,1860.0192127574574,1868.512451171875,31700,0.0,0.0
2007-02-21 00:00:00+09:00,1868.512403235588,1872.7590223338507,1860.0191650390625,1860.0191650390625,35100,0.0,0.0
2007-02-22 00:00:00+09:00,1864.265625,1877.0054812072892,1860.0190062642369,1864.265625,47900,0.0,0.0
2007-02-23 00:00:00+09:00,1868.512451171875,1872.7590703790836,1864.2658319646662,1868.512451171875,60900,0.0,0.0
2007-02-26 00:00:00+09:00,1872.7593994140625,1877.0060193673824,1868.5127794607426,1872.7593994140625,35000,0.0,0.0
2007-02-27 00:00:00+09:00,1872.7593994140625,1877.0060193673824,1868.5127794607426,1872.7593994140625,38300,0.0,0.0
2007-02-28 00:00:00+09:00,1826.0464057572392,1851.526123046875,1804.813308015876,1851.526123046875,123400,0.0,0.0
2007-03-01 00:00:00+09:00,1860.0192770070043,1860.0192770070043,1847.2794189453125,1847.2794189453125,71500,0.0,0.0
2007-03-02 00:00:00+09:00,1851.5253399967598,1855.771957749046,1843.0321044921875,1843.0321044921875,47500,0.0,0.0
2007-03-05 00:00:00+09:00,1843.0323218229776,1843.0323218229776,1813.3059940516391,1817.5526123046875,52200,0.0,0.0
2007-03-06 00:00:00+09:00,1809.0595940483943,1834.539306640625,1809.0595940483943,1834.539306640625,42500,0.0,0.0
2007-03-07 00:00:00+09:00,1847.2793607490007,1847.2793607490007,1826.0462646484375,1826.0462646484375,54200,0.0,0.0
2007-03-08 00:00:00+09:00,1830.292251235329,1843.0321044921875,1826.045633483043,1843.0321044921875,55800,0.0,0.0
2007-03-09 00:00:00+09:00,1838.785925405997,1843.0325441713687,1834.539306640625,1834.539306640625,71100,0.0,0.0
2007-03-12 00:00:00+09:00,1843.0328744091007,1843.0328744091007,1834.5396353565243,1838.7862548828125,37000,0.0,0.0
2007-03-13 00:00:00+09:00,1843.0328744091007,1847.279493935389,1834.5396353565243,1838.7862548828125,33400,0.0,0.0
2007-03-14 00:00:00+09:00,1834.5390853168808,1838.7857035699292,1817.5526123046875,1817.5526123046875,71800,0.0,0.0
2007-03-15 00:00:00+09:00,1826.0461057587731,1834.5393434599769,1826.0461057587731,1830.292724609375,23200,0.0,0.0
2007-03-16 00:00:00+09:00,1834.5390853168808,1834.5390853168808,1817.5526123046875,1817.5526123046875,44600,0.0,0.0
2007-03-19 00:00:00+09:00,1821.799560546875,1826.046179569129,1813.3063225023675,1821.799560546875,57600,0.0,0.0
2007-03-20 00:00:00+09:00,1826.0462646484375,1834.5395030886627,1821.7996454283248,1826.0462646484375,48300,0.0,0.0
2007-03-22 00:00:00+09:00,1843.0328744091007,1847.279493935389,1834.5396353565243,1838.7862548828125,40300,0.0,0.0
2007-03-23 00:00:00+09:00,1843.0328839503297,1851.526123046875,1838.7862644020572,1851.526123046875,45000,0.0,0.0
2007-03-26 00:00:00+09:00,1855.7723388671875,1855.7723388671875,1843.0324829939575,1855.7723388671875,132100,0.0,0.0
2007-03-27 00:00:00+09:00,1811.3438646200118,1832.704051702795,1811.3438646200118,1819.887939453125,83500,13.0,0.0
2007-03-28 00:00:00+09:00,1824.1596740004595,1828.4317107077206,1815.6156005859375,1815.6156005859375,27200,0.0,0.0
2007-03-29 00:00:00+09:00,1824.1596740004595,1824.1596740004595,1807.0715271714155,1815.6156005859375,36500,0.0,0.0
2007-03-30 00:00:00+09:00,1811.3436279296875,1824.1597385046618,1811.3436279296875,1811.3436279296875,23900,0.0,0.0
2007-04-02 00:00:00+09:00,1807.0714222036286,1811.3434586627386,1785.7112399080772,1789.9832763671875,46600,0.0,0.0
2007-04-03 00:00:00+09:00,1794.2553128262978,1794.2553128262978,1764.3510576125261,1789.9832763671875,35300,0.0,0.0
2007-04-04 00:00:00+09:00,1802.7993164062498,1815.6154252906545,1798.5272801114484,1802.79931640625,22900,0.0,0.0
2007-04-05 00:00:00+09:00,1802.7994964816046,1819.8876433676862,1802.7994964816046,1807.071533203125,13300,0.0,0.0
2007-04-06 00:00:00+09:00,1807.0713527010514,1811.343388995853,1798.5272801114484,1802.79931640625,18600,0.0,0.0
2007-04-09 00:00:00+09:00,1794.2554170496323,1819.8876372931984,1794.2554170496323,1815.6156005859375,19100,0.0,0.0
2007-04-10 00:00:00+09:00,1815.6156647880123,1819.887701646337,1811.3436279296875,1811.3436279296875,30200,0.0,0.0
2007-04-11 00:00:00+09:00,1811.3436279296875,1815.6156647880123,1811.3436279296875,1811.3436279296875,9200,0.0,0.0
2007-04-12 00:00:00+09:00,1815.6151198434716,1815.6151198434716,1794.2549419629602,1798.5269775390625,19300,0.0,0.0
2007-04-13 00:00:00+09:00,1798.5270447069379,1802.7990804425838,1781.4389017643541,1785.7109375,31300,0.0,0.0
2007-04-16 00:00:00+09:00,1807.0713527010514,1815.6154252906545,1794.2552438166467,1802.79931640625,18600,0.0,0.0
2007-04-17 00:00:00+09:00,1789.9829139617993,1794.2549495559801,1777.1668071792565,1781.4388427734375,31500,0.0,0.0
2007-04-18 00:00:00+09:00,1764.3510576125261,1807.0714222036286,1764.3510576125261,1789.9832763671875,16400,0.0,0.0
2007-04-19 00:00:00+09:00,1789.983223254864,1789.983223254864,1768.6230415931113,1777.1671142578125,21200,0.0,0.0
2007-04-20 00:00:00+09:00,1768.6227359908949,1785.7108783676183,1768.6227359908949,1781.4388427734375,13900,0.0,0.0
2007-04-23 00:00:00+09:00,1789.9825501522776,1789.9825501522776,1764.350341796875,1764.350341796875,27300,0.0,0.0
2007-04-24 00:00:00+09:00,1764.351005260761,1777.1671142578125,1764.351005260761,1777.1671142578125,18900,0.0,0.0
2007-04-25 00:00:00+09:00,1764.3511382167778,1772.8952115253337,1760.0791015625,1760.0791015625,20600,0.0,0.0
2007-04-26 00:00:00+09:00,1785.7108783676183,1789.9829139617993,1772.8947715850757,1781.4388427734375,19600,0.0,0.0
2007-04-27 00:00:00+09:00,1785.7109375,1794.255008971292,1777.1668660287082,1785.7109375,23900,0.0,0.0
2007-05-01 00:00:00+09:00,1785.7111281061746,1789.9831642978163,1768.6229833396085,1772.89501953125,22400,0.0,0.0
2007-05-02 00:00:00+09:00,1777.1672702205883,1815.6156005859375,1777.1672702205883,1815.6156005859375,34300,0.0,0.0
2007-05-07 00:00:00+09:00,1819.8873877067476,1824.159423828125,1819.8873877067476,1824.159423828125,24000,0.0,0.0
2007-05-08 00:00:00+09:00,1815.6159020365685,1819.887939453125,1815.6159020365685,1819.887939453125,11900,0.0,0.0
2007-05-09 00:00:00+09:00,1815.6153467707422,1832.7034912109375,1815.6153467707422,1832.7034912109375,19400,0.0,0.0
2007-05-10 00:00:00+09:00,1828.4314599495021,1828.4314599495021,1819.8873877067476,1824.159423828125,16500,0.0,0.0
2007-05-11 00:00:00+09:00,1807.0715910713627,1815.6156647880123,1802.7995542130382,1811.3436279296875,11000,0.0,0.0
2007-05-14 00:00:00+09:00,1811.3435699246454,1811.3435699246454,1802.7994964816046,1807.071533203125,22300,0.0,0.0
2007-05-15 00:00:00+09:00,1794.255008971292,1798.5270447069379,1785.7109375,1785.7109375,22300,0.0,0.0
2007-05-16 00:00:00+09:00,1785.7108783676183,1811.3430919327038,1781.4388427734375,1781.4388427734375,16400,0.0,0.0
2007-05-17 00:00:00+09:00,1781.4384807004767,1781.4384807004767,1760.0783070709747,1764.350341796875,18800,0.0,0.0
2007-05-18 00:00:00+09:00,1768.6223765227755,1772.8944112486759,1760.0783070709747,1764.350341796875,13600,0.0,0.0
2007-05-21 00:00:00+09:00,1777.1668071792565,1781.4388427734375,1760.078664802533,1781.4388427734375,19600,0.0,0.0
2007-05-22 00:00:00+09:00,1764.351005260761,1777.1671142578125,1764.351005260761,1777.1671142578125,14200,0.0,0.0
2007-05-23 00:00:00+09:00,1772.8951305307467,1789.9832763671875,1772.8951305307467,1789.9832763671875,13300,0.0,0.0
2007-05-24 00:00:00+09:00,1777.167166989857,1789.9832763671875,1777.167166989857,1789.9832763671875,8200,0.0,0.0
2007-05-25 00:00:00+09:00,1772.8951528878688,1772.8951528878688,1755.8070068359375,1755.8070068359375,40600,0.0,0.0
2007-05-28 00:00:00+09:00,1772.8944112486759,1772.8944112486759,1760.0783070709747,1764.350341796875,13400,0.0,0.0
2007-05-29 00:00:00+09:00,1777.1670557228915,1777.1670557228915,1768.6229833396085,1772.89501953125,16400,0.0,0.0
2007-05-30 00:00:00+09:00,1768.6231689453125,1777.1672422252416,1768.6231689453125,1768.6231689453125,10700,0.0,0.0
2007-05-31 00:00:00+09:00,1789.982973235646,1789.982973235646,1781.4389017643541,1785.7109375,23100,0.0,0.0
2007-06-01 00:00:00+09:00,1794.255008971292,1794.255008971292,1781.4389017643541,1785.7109375,14400,0.0,0.0
2007-06-04 00:00:00+09:00,1781.4388427734375,1789.9829139617993,1777.1668071792565,1781.4388427734375,18000,0.0,0.0
2007-06-05 00:00:00+09:00,1781.4388427734375,1781.4388427734375,1777.1668071792565,1781.4388427734375,9800,0.0,0.0
2007-06-06 00:00:00+09:00,1772.8952055852772,1777.1672422252416,1768.6231689453125,1768.6231689453125,20800,0.0,0.0
2007-06-07 00:00:00+09:00,1772.895077925462,1777.1671142578125,1772.895077925462,1777.1671142578125,14800,0.0,0.0
2007-06-08 00:00:00+09:00,1768.6223765227755,1768.6223765227755,1760.0783070709747,1764.350341796875,46900,0.0,0.0
2007-06-11 00:00:00+09:00,1768.6223765227755,1772.8944112486759,1764.350341796875,1764.350341796875,10100,0.0,0.0
2007-06-12 00:00:00+09:00,1764.3511382167778,1764.3511382167778,1760.0791015625,1760.0791015625,10900,0.0,0.0
2007-06-13 00:00:00+09:00,1768.6223765227755,1768.6223765227755,1760.0783070709747,1764.350341796875,7800,0.0,0.0
2007-06-14 00:00:00+09:00,1772.8952055852772,1772.8952055852772,1768.6231689453125,1768.6231689453125,5000,0.0,0.0
2007-06-15 00:00:00+09:00,1777.1668660287082,1785.7109375,1772.8948302930623,1785.7109375,25800,0.0,0.0
2007-06-18 00:00:00+09:00,1789.9832763671875,1789.9832763671875,1785.7112399080772,1789.9832763671875,16500,0.0,0.0
2007-06-19 00:00:00+09:00,1781.4388427734375,1785.7108783676183,1781.4388427734375,1781.4388427734375,10300,0.0,0.0
2007-06-20 00:00:00+09:00,1785.711054920015,1794.255126953125,1785.711054920015,1794.255126953125,12300,0.0,0.0
2007-06-21 00:00:00+09:00,1794.2552438166467,1802.7993164062498,1789.9832075218453,1802.79931640625,23100,0.0,0.0
2007-06-22 00:00:00+09:00,1798.5271629696801,1802.7991989862353,1794.255126953125,1794.255126953125,16500,0.0,0.0
2007-06-25 00:00:00+09:00,1794.255126953125,1802.7991989862353,1794.255126953125,1794.255126953125,7700,0.0,0.0
2007-06-26 00:00:00+09:00,1794.255008971292,1794.255008971292,1785.7109375,1785.7109375,10700,0.0,0.0
2007-06-27 00:00:00+09:00,1794.255008971292,1794.255008971292,1785.7109375,1785.7109375,14200,0.0,0.0
2007-06-28 00:00:00+09:00,1815.6151594939056,1845.5194091796875,1802.7990524857132,1845.5194091796875,17200,0.0,0.0
2007-06-29 00:00:00+09:00,1841.2475634310351,1841.2475634310351,1819.887382880791,1832.7034912109375,12400,0.0,0.0
2007-07-02 00:00:00+09:00,1832.7037535322474,1832.7037535322474,1807.071533203125,1807.071533203125,13900,0.0,0.0
2007-07-03 00:00:00+09:00,1807.0715910713627,1811.3436279296875,1802.7995542130382,1811.3436279296875,15700,0.0,0.0
2007-07-04 00:00:00+09:00,1807.0715910713627,1815.6156647880123,1807.0715910713627,1811.3436279296875,12500,0.0,0.0
2007-07-05 00:00:00+09:00,1815.6159020365685,1819.887939453125,1807.071827203455,1819.887939453125,10600,0.0,0.0
2007-07-06 00:00:00+09:00,1828.431716810727,1828.431716810727,1802.7994964816046,1807.071533203125,25800,0.0,0.0
2007-07-09 00:00:00+09:00,1828.4317107077206,1828.4317107077206,1802.7994904641544,1815.6156005859375,5600,0.0,0.0
2007-07-10 00:00:00+09:00,1819.887701646337,1819.887701646337,1811.3436279296875,1811.3436279296875,7900,0.0,0.0
2007-07-11 00:00:00+09:00,1807.0713527010514,1815.6154252906545,1794.2552438166467,1802.79931640625,29000,0.0,0.0
2007-07-12 00:00:00+09:00,1811.343388995853,1824.1594978802575,1802.7993164062498,1802.79931640625,14600,0.0,0.0
2007-07-13 00:00:00+09:00,1807.0713527010514,1815.6154252906545,1802.7993164062498,1802.79931640625,12700,0.0,0.0
2007-07-17 00:00:00+09:00,1802.7993164062498,1807.0713527010514,1798.5272801114484,1802.79931640625,10600,0.0,0.0
2007-07-18 00:00:00+09:00,1794.255008971292,1794.255008971292,1785.7109375,1785.7109375,18500,0.0,0.0
2007-07-19 00:00:00+09:00,1802.7993164062498,1802.7993164062498,1798.5272801114484,1802.79931640625,12400,0.0,0.0
2007-07-20 00:00:00+09:00,1798.5269775390625,1798.5269775390625,1794.2549419629602,1798.5269775390625,11400,0.0,0.0
2007-07-23 00:00:00+09:00,1794.255008971292,1798.5270447069379,1785.7109375,1785.7109375,25900,0.0,0.0
2007-07-24 00:00:00+09:00,1789.9829063868578,1798.5269775390625,1785.7108708107555,1798.5269775390625,14500,0.0,0.0
2007-07-25 00:00:00+09:00,1789.9832763671875,1794.2553128262978,1785.7112399080772,1789.9832763671875,15800,0.0,0.0
2007-07-26 00:00:00+09:00,1794.255008971292,1794.255008971292,1785.7109375,1785.7109375,10900,0.0,0.0
2007-07-27 00:00:00+09:00,1781.4388427734375,1794.2549495559801,1772.8947715850757,1781.4388427734375,25000,0.0,0.0
2007-07-30 00:00:00+09:00,1760.0787230861245,1785.7109375,1760.0787230861245,1785.7109375,20100,0.0,0.0
2007-07-31 00:00:00+09:00,1794.255126953125,1794.255126953125,1789.98309093657,1794.255126953125,12300,0.0,0.0
2007-08-01 00:00:00+09:00,1794.255008971292,1794.255008971292,1785.7109375,1785.7109375,10400,0.0,0.0
2007-08-02 00:00:00+09:00,1794.255008971292,1794.255008971292,1781.4389017643541,1785.7109375,10500,0.0,0.0
2007-08-03 00:00:00+09:00,1785.7109375,1789.982973235646,1777.1668660287082,1785.7109375,10500,0.0,0.0
2007-08-06 00:00:00+09:00,1777.1668660287082,1785.7109375,1777.1668660287082,1785.7109375,25700,0.0,0.0
2007-08-07 00:00:00+09:00,1789.9829139617993,1789.9829139617993,1781.4388427734375,1781.4388427734375,10000,0.0,0.0
2007-08-08 00:00:00+09:00,1785.7109375,1785.7109375,1781.4389017643541,1785.7109375,10900,0.0,0.0
2007-08-09 00:00:00+09:00,1824.1599768696817,1824.1599768696817,1811.3438646200118,1819.887939453125,48600,0.0,0.0
2007-08-10 00:00:00+09:00,1811.3435638786764,1819.8876372931984,1811.3435638786764,1815.6156005859375,27600,0.0,0.0
2007-08-13 00:00:00+09:00,1794.255126953125,1794.255126953125,1789.98309093657,1794.255126953125,22600,0.0,0.0
2007-08-14 00:00:00+09:00,1794.255126953125,1794.255126953125,1785.711054920015,1794.255126953125,16300,0.0,0.0
2007-08-15 00:00:00+09:00,1789.982973235646,1789.982973235646,1781.4389017643541,1785.7109375,21000,0.0,0.0
2007-08-16 00:00:00+09:00,1777.1670557228915,1781.439091914533,1764.3509471479667,1772.89501953125,40600,0.0,0.0
2007-08-17 00:00:00+09:00,1772.8951528878688,1772.8951528878688,1755.8070068359375,1755.8070068359375,31600,0.0,0.0
2007-08-20 00:00:00+09:00,1764.350341796875,1781.4384807004767,1755.8062723450741,1764.350341796875,32500,0.0,0.0
2007-08-21 00:00:00+09:00,1781.439091914533,1781.439091914533,1760.0789109563252,1772.89501953125,24300,0.0,0.0
2007-08-22 00:00:00+09:00,1781.4391505901629,1781.4391505901629,1772.895077925462,1777.1671142578125,9500,0.0,0.0
2007-08-23 00:00:00+09:00,1777.1668660287082,1785.7109375,1777.1668660287082,1785.7109375,18700,0.0,0.0
2007-08-24 00:00:00+09:00,1794.2549419629602,1798.5269775390625,1781.4388352346532,1798.5269775390625,12600,0.0,0.0
2007-08-27 00:00:00+09:00,1802.7993164062498,1802.7993164062498,1794.2552438166467,1802.79931640625,13100,0.0,0.0
2007-08-28 00:00:00+09:00,1794.255423038564,1807.071533203125,1794.255423038564,1807.071533203125,9000,0.0,0.0
2007-08-29 00:00:00+09:00,1807.071533203125,1811.3435699246454,1798.5274597600844,1807.071533203125,35600,0.0,0.0
2007-08-30 00:00:00+09:00,1815.6156647880123,1815.6156647880123,1807.0715910713627,1811.3436279296875,16200,0.0,0.0
2007-08-31 00:00:00+09:00,1828.431634947311,1836.9757080078125,1824.1595984170604,1836.9757080078125,22800,0.0,0.0
2007-09-03 00:00:00+09:00,1836.9755224949245,1845.5195946925753,1824.1594141984483,1841.24755859375,16600,0.0,0.0
2007-09-04 00:00:00+09:00,1836.97509203089,1854.063232421875,1836.97509203089,1854.063232421875,12600,0.0,0.0
2007-09-05 00:00:00+09:00,1849.791748046875,1849.791748046875,1841.2476753076285,1849.791748046875,30900,0.0,0.0
2007-09-06 00:00:00+09:00,1836.9753378408927,1854.0634805184825,1836.9753378408927,1845.5194091796875,25600,0.0,0.0
2007-09-07 00:00:00+09:00,1841.2473735102901,1854.0634805184825,1841.2473735102901,1845.5194091796875,19500,0.0,0.0
2007-09-10 00:00:00+09:00,1832.703602568382,1849.791748046875,1828.4315661987587,1849.791748046875,20200,0.0,0.0
2007-09-11 00:00:00+09:00,1832.7033021714954,1849.7914448490849,1832.7033021714954,1845.5194091796875,20300,0.0,0.0
2007-09-12 00:00:00+09:00,1845.5195946925753,1849.7916307914006,1841.24755859375,1841.24755859375,22000,0.0,0.0
2007-09-13 00:00:00+09:00,1845.5194091796875,1849.7914448490849,1841.2473735102901,1845.5194091796875,8000,0.0,0.0
2007-09-14 00:00:00+09:00,1849.7914448490849,1849.7914448490849,1841.2473735102901,1845.5194091796875,42000,0.0,0.0
2007-09-18 00:00:00+09:00,1849.7914448490849,1849.7914448490849,1845.5194091796875,1845.5194091796875,12900,0.0,0.0
2007-09-19 00:00:00+09:00,1858.3352675196213,1858.3352675196213,1845.5191622263824,1854.063232421875,43000,0.0,0.0
2007-09-20 00:00:00+09:00,1845.5197116772517,1849.791748046875,1845.5197116772517,1849.791748046875,25700,0.0,0.0
2007-09-21 00:00:00+09:00,1845.5198575367647,1845.5198575367647,1815.6156005859375,1815.6156005859375,111300,0.0,0.0
2007-09-25 00:00:00+09:00,1805.29970426086,1826.7913674068227,1801.0013716316676,1818.1947021484375,59600,13.0,0.0
2007-09-26 00:00:00+09:00,1801.0010168687354,1822.49267578125,1801.0010168687354,1822.49267578125,27700,0.0,0.0
2007-09-27 00:00:00+09:00,1809.5978322251935,1839.6861572265625,1809.5978322251935,1839.6861572265625,18000,0.0,0.0
2007-09-28 00:00:00+09:00,1809.5981789172536,1835.3881767165494,1809.5981789172536,1831.08984375,18800,0.0,0.0
2007-10-01 00:00:00+09:00,1831.089700036015,1835.3880326652077,1813.8963695192451,1818.1947021484375,26800,0.0,0.0
2007-10-02 00:00:00+09:00,1839.686516576405,1843.9848495590602,1835.3881835937498,1835.38818359375,20900,0.0,0.0
2007-10-03 00:00:00+09:00,1826.7911607974042,1843.9844893696152,1826.7911607974042,1839.6861572265625,17300,0.0,0.0
2007-10-04 00:00:00+09:00,1839.6861572265625,1843.9844893696152,1835.3878250835098,1839.6861572265625,12400,0.0,0.0
2007-10-05 00:00:00+09:00,1843.9847412109375,1843.9847412109375,1839.6864084808421,1843.9847412109375,18100,0.0,0.0
2007-10-09 00:00:00+09:00,1839.6865438297564,1865.4765421077436,1839.6865438297564,1852.58154296875,31600,0.0,0.0
2007-10-10 00:00:00+09:00,1852.5810467387353,1861.1777105287063,1848.28271484375,1848.28271484375,10000,0.0,0.0
2007-10-11 00:00:00+09:00,1805.2993566176472,1826.791015625,1805.2993566176472,1826.791015625,46300,0.0,0.0
2007-10-12 00:00:00+09:00,1822.4927822311906,1839.6861103654471,1813.8961181640625,1813.8961181640625,22900,0.0,0.0
2007-10-15 00:00:00+09:00,1805.29970426086,1822.49303477763,1805.29970426086,1818.1947021484375,24000,0.0,0.0
2007-10-16 00:00:00+09:00,1826.7911142647547,1826.7911142647547,1813.8961181640625,1813.8961181640625,15800,0.0,0.0
2007-10-17 00:00:00+09:00,1808.7382263764882,1808.7382263764882,1805.299560546875,1805.299560546875,15800,0.0,0.0
2007-10-18 00:00:00+09:00,1813.8961181640625,1818.1944501976266,1809.5977861304982,1813.8961181640625,13000,0.0,0.0
2007-10-19 00:00:00+09:00,1807.8784533170726,1813.8961181640625,1807.8784533170726,1813.8961181640625,13000,0.0,0.0
2007-10-22 00:00:00+09:00,1818.1948103009947,1822.493143185867,1805.2998116463777,1809.59814453125,24300,0.0,0.0
2007-10-23 00:00:00+09:00,1817.3350356225992,1818.1947021484375,1817.3350356225992,1818.1947021484375,24300,0.0,0.0
2007-10-24 00:00:00+09:00,1813.8960202205883,1826.791015625,1813.8960202205883,1826.791015625,12400,0.0,0.0
2007-10-25 00:00:00+09:00,1831.089700036015,1831.089700036015,1818.1947021484375,1818.1947021484375,12400,0.0,0.0
2007-10-26 00:00:00+09:00,1819.9136767117482,1822.49267578125,1819.9136767117482,1822.49267578125,12400,0.0,0.0
2007-10-29 00:00:00+09:00,1831.0898506110948,1843.9848495590602,1818.1948516631294,1835.38818359375,39100,0.0,0.0
2007-10-30 00:00:00+09:00,1818.1947021484375,1818.1947021484375,1818.1947021484375,1818.1947021484375,39100,0.0,0.0
2007-10-31 00:00:00+09:00,1805.2998527151638,1835.3881835937498,1805.2998527151638,1835.38818359375,34800,0.0,0.0
2007-11-01 00:00:00+09:00,1826.7913674068227,1826.7913674068227,1818.1947021484375,1818.1947021484375,34800,0.0,0.0
2007-11-02 00:00:00+09:00,1817.3347837909137,1817.3347837909137,1813.8961181640625,1813.8961181640625,34800,0.0,0.0
2007-11-05 00:00:00+09:00,1813.8960202205883,1826.791015625,1813.8960202205883,1826.791015625,17200,0.0,0.0
2007-11-06 00:00:00+09:00,1825.931844190141,1831.08984375,1825.931844190141,1831.08984375,17200,0.0,0.0
2007-11-07 00:00:00+09:00,1843.9848426496478,1843.9848426496478,1831.08984375,1831.08984375,17200,0.0,0.0
2007-11-08 00:00:00+09:00,1813.8963695192451,1818.1947021484375,1813.8963695192451,1818.1947021484375,17200,0.0,0.0
2007-11-09 00:00:00+09:00,1818.1944501976266,1818.1944501976266,1813.8961181640625,1813.8961181640625,17200,0.0,0.0
2007-11-12 00:00:00+09:00,1810.4578111082244,1810.4578111082244,1809.59814453125,1809.59814453125,17200,0.0,0.0
2007-11-13 00:00:00+09:00,1809.59814453125,1809.59814453125,1809.59814453125,1809.59814453125,17200,0.0,0.0
2007-11-14 00:00:00+09:00,1809.5981789172536,1831.08984375,1809.5981789172536,1831.08984375,17200,0.0,0.0
2007-11-15 00:00:00+09:00,1831.0898506110948,1835.3881835937498,1831.0898506110948,1835.38818359375,14700,0.0,0.0
2007-11-16 00:00:00+09:00,1835.3876792279414,1835.3876792279414,1826.791015625,1826.791015625,14700,0.0,0.0
2007-11-19 00:00:00+09:00,1818.1943439987472,1826.791007563753,1818.1943439987472,1822.49267578125,20400,0.0,0.0
2007-11-20 00:00:00+09:00,1816.475011285746,1822.49267578125,1816.475011285746,1822.49267578125,20400,0.0,0.0
2007-11-21 00:00:00+09:00,1824.2120084942512,1824.2120084942512,1822.49267578125,1822.49267578125,20400,0.0,0.0
2007-11-22 00:00:00+09:00,1825.0721775968311,1831.08984375,1825.0721775968311,1831.08984375,20400,0.0,0.0
2007-11-26 00:00:00+09:00,1818.1948448503522,1831.08984375,1813.8965118838028,1831.08984375,29500,0.0,0.0
2007-11-27 00:00:00+09:00,1823.488706877925,1839.6861572265625,1823.488706877925,1839.6861572265625,20400,0.0,0.0
2007-11-28 00:00:00+09:00,1825.0721844353775,1835.3881835937498,1825.0721844353775,1835.38818359375,20400,0.0,0.0
2007-11-29 00:00:00+09:00,1835.3881767165494,1835.3881767165494,1831.08984375,1831.08984375,20400,0.0,0.0
2007-11-30 00:00:00+09:00,1834.5281586548992,1839.6861572265625,1834.5281586548992,1839.6861572265625,20400,0.0,0.0
2007-12-03 00:00:00+09:00,1835.3878250835098,1839.6861572265625,1835.3878250835098,1839.6861572265625,20400,0.0,0.0
2007-12-04 00:00:00+09:00,1843.9844893696152,1843.9844893696152,1839.6861572265625,1839.6861572265625,20400,0.0,0.0
2007-12-05 00:00:00+09:00,1842.2654081188994,1843.9847412109375,1842.2654081188994,1843.9847412109375,20400,0.0,0.0
2007-12-06 00:00:00+09:00,1855.160061758536,1856.87939453125,1855.160061758536,1856.87939453125,20400,0.0,0.0
2007-12-07 00:00:00+09:00,1852.5810467387353,1856.8793786337208,1848.28271484375,1848.28271484375,30800,0.0,0.0
2007-12-10 00:00:00+09:00,1848.28271484375,1848.28271484375,1848.28271484375,1848.28271484375,30800,0.0,0.0
2007-12-11 00:00:00+09:00,1852.5810625994648,1856.87939453125,1848.2827306676793,1856.87939453125,30500,0.0,0.0
2007-12-12 00:00:00+09:00,1848.2827306676793,1861.1777264630352,1848.2827306676793,1856.87939453125,25800,0.0,0.0
2007-12-13 00:00:00+09:00,1859.4583936903211,1859.4583936903211,1856.87939453125,1856.87939453125,25800,0.0,0.0
2007-12-14 00:00:00+09:00,1856.879167266705,1865.475830078125,1856.879167266705,1865.475830078125,25800,0.0,0.0
2007-12-17 00:00:00+09:00,1861.1782090614124,1865.4765421077436,1852.58154296875,1852.58154296875,25800,0.0,0.0
2007-12-18 00:00:00+09:00,1852.5810704748844,1861.177734375,1848.2827385248268,1861.177734375,26200,0.0,0.0
2007-12-19 00:00:00+09:00,1855.1604063091856,1855.1604063091856,1843.9847412109375,1843.9847412109375,25800,0.0,0.0
2007-12-20 00:00:00+09:00,1850.0020476017442,1850.0020476017442,1848.28271484375,1848.28271484375,25800,0.0,0.0
2007-12-21 00:00:00+09:00,1848.2828215126679,1848.2828215126679,1839.6861572265625,1839.6861572265625,25800,0.0,0.0
2007-12-25 00:00:00+09:00,1835.3876792279414,1835.3876792279414,1826.791015625,1826.791015625,25800,0.0,0.0
2007-12-26 00:00:00+09:00,1835.3880757507468,1843.9847412109375,1835.3880757507468,1843.9847412109375,25800,0.0,0.0
2007-12-27 00:00:00+09:00,1843.984398735894,1856.87939453125,1843.984398735894,1856.87939453125,25800,0.0,0.0
2007-12-28 00:00:00+09:00,1831.08984375,1848.2831756161972,1831.08984375,1831.08984375,13600,0.0,0.0
2008-01-04 00:00:00+09:00,1831.0895542689734,1835.3878865559898,1805.299560546875,1805.299560546875,17900,0.0,0.0
2008-01-07 00:00:00+09:00,1804.439511123,1804.439511123,1796.7025146484375,1796.7025146484375,25800,0.0,0.0
2008-01-08 00:00:00+09:00,1805.2991773979516,1805.2991773979516,1796.7025146484375,1796.7025146484375,25800,0.0,0.0
2008-01-09 00:00:00+09:00,1796.7026850862323,1822.49267578125,1796.7026850862323,1822.49267578125,25800,0.0,0.0
2008-01-10 00:00:00+09:00,1826.791015625,1826.791015625,1826.791015625,1826.791015625,25800,0.0,0.0
2008-01-11 00:00:00+09:00,1827.6510339326612,1827.6510339326612,1818.1947021484375,1818.1947021484375,25800,0.0,0.0
2008-01-15 00:00:00+09:00,1819.9133892778564,1819.9133892778564,1801.000732421875,1801.000732421875,25800,0.0,0.0
2008-01-16 00:00:00+09:00,1788.106185839372,1796.7028501943691,1766.6145249518797,1779.509521484375,38900,0.0,0.0
2008-01-17 00:00:00+09:00,1770.9127277069463,1775.2110595703125,1767.474062216253,1775.2110595703125,38900,0.0,0.0
2008-01-18 00:00:00+09:00,1753.7193040114182,1788.10595703125,1753.7193040114182,1788.10595703125,24200,0.0,0.0
2008-01-21 00:00:00+09:00,1775.2109208675488,1788.1059154501218,1766.6142578125,1766.6142578125,24200,0.0,0.0
2008-01-22 00:00:00+09:00,1727.9293130698645,1745.122639568072,1723.6309814453125,1723.6309814453125,36900,0.0,0.0
2008-01-23 00:00:00+09:00,1745.122575348499,1753.71923828125,1745.122575348499,1753.71923828125,36900,0.0,0.0
2008-01-24 00:00:00+09:00,1753.7192009008672,1796.7025146484375,1753.7192009008672,1796.7025146484375,36900,0.0,0.0
2008-01-25 00:00:00+09:00,1805.2993486512382,1822.49267578125,1805.2993486512382,1822.49267578125,17800,0.0,0.0
2008-01-28 00:00:00+09:00,1819.0541166043395,1819.0541166043395,1813.8961181640625,1813.8961181640625,17800,0.0,0.0
2008-01-29 00:00:00+09:00,1826.7914102905559,1843.9847412109375,1822.4930775604605,1843.9847412109375,16900,0.0,0.0
2008-01-30 00:00:00+09:00,1848.2830739410329,1848.2830739410329,1835.3880757507468,1843.9847412109375,21400,0.0,0.0
2008-01-31 00:00:00+09:00,1861.177734375,1861.177734375,1861.177734375,1861.177734375,21400,0.0,0.0
2008-02-01 00:00:00+09:00,1848.28271484375,1852.5810467387353,1843.9843829487645,1848.28271484375,13200,0.0,0.0
2008-02-04 00:00:00+09:00,1849.142170736427,1865.475830078125,1849.142170736427,1865.475830078125,13200,0.0,0.0
2008-02-05 00:00:00+09:00,1863.7571143139367,1869.7747802734375,1863.7571143139367,1869.7747802734375,13200,0.0,0.0
2008-02-06 00:00:00+09:00,1843.9843829487645,1869.7743743186772,1843.9843829487645,1848.28271484375,26000,0.0,0.0
2008-02-07 00:00:00+09:00,1848.2827385248268,1865.4760663250577,1839.6860746247112,1861.177734375,11900,0.0,0.0
2008-02-08 00:00:00+09:00,1869.7743001115432,1874.0726318359375,1869.7743001115432,1874.0726318359375,11900,0.0,0.0
2008-02-12 00:00:00+09:00,1874.9323886447482,1874.9323886447482,1856.87939453125,1856.87939453125,11900,0.0,0.0
2008-02-13 00:00:00+09:00,1861.1777264630352,1861.1777264630352,1856.87939453125,1856.87939453125,11900,0.0,0.0
2008-02-14 00:00:00+09:00,1865.4759683871487,1874.0726318359375,1865.4759683871487,1874.0726318359375,11500,0.0,0.0
2008-02-15 00:00:00+09:00,1869.7743001115432,1878.3709635603318,1865.4759683871487,1874.0726318359375,18900,0.0,0.0
2008-02-18 00:00:00+09:00,1877.5111580141129,1877.5111580141129,1865.475830078125,1865.475830078125,18900,0.0,0.0
2008-02-19 00:00:00+09:00,1874.932779667295,1874.932779667295,1869.7747802734375,1869.7747802734375,18900,0.0,0.0
2008-02-20 00:00:00+09:00,1871.4937310551386,1871.4937310551386,1861.177734375,1861.177734375,18900,0.0,0.0
2008-02-21 00:00:00+09:00,1869.7745512170159,1878.3712158203125,1865.4762189153676,1878.3712158203125,18600,0.0,0.0
2008-02-22 00:00:00+09:00,1874.072492889545,1878.3708242952548,1865.475830078125,1865.475830078125,16100,0.0,0.0
2008-02-25 00:00:00+09:00,1865.4759683871487,1874.0726318359375,1856.87930493836,1874.0726318359375,26100,0.0,0.0
2008-02-26 00:00:00+09:00,1861.1776618237766,1861.1776618237766,1822.49267578125,1822.49267578125,26100,0.0,0.0
2008-02-27 00:00:00+09:00,1823.352413214492,1861.177734375,1823.352413214492,1861.177734375,26100,0.0,0.0
2008-02-28 00:00:00+09:00,1865.4294651482944,1865.4294651482944,1856.87939453125,1856.87939453125,26100,0.0,0.0
2008-02-29 00:00:00+09:00,1843.9847412109375,1856.8797394012238,1839.6864084808421,1843.9847412109375,15200,0.0,0.0
2008-03-03 00:00:00+09:00,1835.387671128759,1839.6860029112618,1822.49267578125,1822.49267578125,19500,0.0,0.0
2008-03-04 00:00:00+09:00,1836.2473455882355,1836.2473455882355,1826.791015625,1826.791015625,19500,0.0,0.0
2008-03-05 00:00:00+09:00,1831.0893474264708,1831.0893474264708,1826.791015625,1826.791015625,19500,0.0,0.0
2008-03-06 00:00:00+09:00,1831.0897430206512,1843.9847412109375,1831.0897430206512,1843.9847412109375,13600,0.0,0.0
2008-03-07 00:00:00+09:00,1843.9848426496478,1843.9848426496478,1831.08984375,1831.08984375,13600,0.0,0.0
2008-03-10 00:00:00+09:00,1835.3880757507468,1843.9847412109375,1835.3880757507468,1843.9847412109375,13600,0.0,0.0
2008-03-11 00:00:00+09:00,1848.2827306676793,1856.87939453125,1843.984398735894,1856.87939453125,16300,0.0,0.0
2008-03-12 00:00:00+09:00,1856.879167266705,1865.475830078125,1856.879167266705,1865.475830078125,16300,0.0,0.0
2008-03-13 00:00:00+09:00,1861.1777264630352,1861.1777264630352,1856.87939453125,1856.87939453125,16200,0.0,0.0
2008-03-14 00:00:00+09:00,1856.87939453125,1856.87939453125,1856.87939453125,1856.87939453125,16200,0.0,0.0
2008-03-17 00:00:00+09:00,1843.984309765177,1874.0726318359375,1843.984309765177,1874.0726318359375,16200,0.0,0.0
2008-03-18 00:00:00+09:00,1868.0554471421515,1869.7747802734375,1868.0554471421515,1869.7747802734375,16200,0.0,0.0
2008-03-19 00:00:00+09:00,1878.3714669284211,1882.6697998046875,1878.3714669284211,1882.6697998046875,16200,0.0,0.0
2008-03-21 00:00:00+09:00,1882.669570645419,1891.2662353515627,1878.3712382923475,1891.2662353515625,36900,0.0,0.0
2008-03-24 00:00:00+09:00,1882.6697998046875,1891.2664655572203,1882.6697998046875,1882.6697998046875,32300,0.0,0.0
2008-03-25 00:00:00+09:00,1885.2485700572622,1891.2662353515627,1885.2485700572622,1891.2662353515625,32300,0.0,0.0
2008-03-26 00:00:00+09:00,1887.8068194171299,1887.8068194171299,1872.2408447265625,1872.2408447265625,32300,13.0,0.0
2008-03-27 00:00:00+09:00,1876.5651552397628,1880.8890380859375,1872.2412723935884,1880.8890380859375,21100,0.0,0.0
2008-03-28 00:00:00+09:00,1885.2126168746424,1889.5364990234375,1885.2126168746424,1889.5364990234375,21100,0.0,0.0
2008-03-31 00:00:00+09:00,1854.0803851744186,1859.26904296875,1854.0803851744186,1859.26904296875,21100,0.0,0.0
2008-04-01 00:00:00+09:00,1867.917236328125,1867.917236328125,1867.917236328125,1867.917236328125,21100,0.0,0.0
2008-04-02 00:00:00+09:00,1867.9173895474137,1880.8890380859375,1867.9173895474137,1880.8890380859375,21100,0.0,0.0
2008-04-03 00:00:00+09:00,1885.2127662941261,1885.2127662941261,1867.917236328125,1867.917236328125,21100,0.0,0.0
2008-04-04 00:00:00+09:00,1869.646515611468,1872.2408447265625,1869.646515611468,1872.2408447265625,21100,0.0,0.0
2008-04-07 00:00:00+09:00,1874.835602101293,1880.8890380859375,1874.835602101293,1880.8890380859375,21100,0.0,0.0
2008-04-08 00:00:00+09:00,1863.5933538366246,1876.5650013111256,1863.5933538366246,1867.917236328125,11100,0.0,0.0
2008-04-09 00:00:00+09:00,1868.7821661166486,1880.8890380859375,1868.7821661166486,1880.8890380859375,11100,0.0,0.0
2008-04-10 00:00:00+09:00,1863.5929244640263,1863.5929244640263,1859.26904296875,1859.26904296875,11100,0.0,0.0
2008-04-11 00:00:00+09:00,1860.1344004242994,1880.8890380859375,1860.1344004242994,1880.8890380859375,11100,0.0,0.0
2008-04-14 00:00:00+09:00,1879.1592113809847,1885.212646484375,1879.1592113809847,1885.212646484375,11100,0.0,0.0
2008-04-15 00:00:00+09:00,1889.5365287010823,1889.5365287010823,1872.2409998342532,1885.212646484375,16200,0.0,0.0
2008-04-16 00:00:00+09:00,1886.0774229277165,1886.0774229277165,1885.212646484375,1885.212646484375,16200,0.0,0.0
2008-04-17 00:00:00+09:00,1880.8885790565596,1880.8885790565596,1876.564697265625,1876.564697265625,16200,0.0,0.0
2008-04-18 00:00:00+09:00,1872.2408154746904,1876.564697265625,1872.2408154746904,1876.564697265625,16200,0.0,0.0
2008-04-21 00:00:00+09:00,1872.2408447265625,1872.2408447265625,1872.2408447265625,1872.2408447265625,16200,0.0,0.0
2008-04-22 00:00:00+09:00,1872.2411489110534,1872.2411489110534,1863.5933837890625,1863.5933837890625,16200,0.0,0.0
2008-04-23 00:00:00+09:00,1867.9172663500578,1876.565031472049,1863.5933837890625,1863.5933837890625,15800,0.0,0.0
2008-04-24 00:00:00+09:00,1865.322633752977,1872.2408447265625,1865.322633752977,1872.2408447265625,15800,0.0,0.0
2008-04-25 00:00:00+09:00,1880.8890380859375,1880.8890380859375,1880.8890380859375,1880.8890380859375,15800,0.0,0.0
2008-04-28 00:00:00+09:00,1881.7538146551724,1881.7538146551724,1880.8890380859375,1880.8890380859375,15800,0.0,0.0
2008-04-30 00:00:00+09:00,1873.9706718162254,1873.9706718162254,1867.917236328125,1867.917236328125,15800,0.0,0.0
2008-05-01 00:00:00+09:00,1885.2124903020353,1885.2124903020353,1872.2408447265625,1872.2408447265625,15800,0.0,0.0
2008-05-02 00:00:00+09:00,1880.8890380859375,1880.8890380859375,1880.8890380859375,1880.8890380859375,15800,0.0,0.0
2008-05-07 00:00:00+09:00,1885.2124608474944,1885.2124608474944,1876.564697265625,1876.564697265625,15800,0.0,0.0
2008-05-08 00:00:00+09:00,1876.5651861042736,1893.8607177734375,1876.5651861042736,1893.8607177734375,15800,0.0,0.0
2008-05-09 00:00:00+09:00,1890.4015803475215,1890.4015803475215,1880.8890380859375,1880.8890380859375,15800,0.0,0.0
2008-05-12 00:00:00+09:00,1872.2412723935884,1880.8890380859375,1872.2412723935884,1880.8890380859375,15800,0.0,0.0
2008-05-13 00:00:00+09:00,1862.7282755346343,1876.564697265625,1862.7282755346343,1876.564697265625,15800,0.0,0.0
2008-05-14 00:00:00+09:00,1876.5651552397628,1880.8890380859375,1876.5651552397628,1880.8890380859375,15800,0.0,0.0
2008-05-15 00:00:00+09:00,1889.5365287010823,1889.5365287010823,1880.8887642676677,1885.212646484375,16300,0.0,0.0
2008-05-16 00:00:00+09:00,1888.2259156634477,1888.2259156634477,1880.8890380859375,1880.8890380859375,16300,0.0,0.0
2008-05-19 00:00:00+09:00,1886.9421697341604,1889.5364990234375,1886.9421697341604,1889.5364990234375,16300,0.0,0.0
2008-05-20 00:00:00+09:00,1878.2944349376432,1885.212646484375,1878.2944349376432,1885.212646484375,16300,0.0,0.0
2008-05-21 00:00:00+09:00,1877.4297778094256,1877.4297778094256,1867.917236328125,1867.917236328125,16300,0.0,0.0
2008-05-22 00:00:00+09:00,1863.5930518928212,1885.2124608474944,1863.5930518928212,1876.564697265625,15900,0.0,0.0
2008-05-23 00:00:00+09:00,1870.5112919831663,1872.2408447265625,1870.5112919831663,1872.2408447265625,15900,0.0,0.0
2008-05-26 00:00:00+09:00,1855.8103951792705,1863.5933837890625,1855.8103951792705,1863.5933837890625,15900,0.0,0.0
2008-05-27 00:00:00+09:00,1867.917236328125,1867.917236328125,1867.917236328125,1867.917236328125,15900,0.0,0.0
2008-05-28 00:00:00+09:00,1864.4577007630814,1864.4577007630814,1859.26904296875,1859.26904296875,15900,0.0,0.0
2008-05-29 00:00:00+09:00,1873.1055918328773,1876.564697265625,1873.1055918328773,1876.564697265625,15900,0.0,0.0
2008-05-30 00:00:00+09:00,1875.6999502133554,1875.6999502133554,1872.2408447265625,1872.2408447265625,15900,0.0,0.0
2008-06-02 00:00:00+09:00,1877.4297778094256,1877.4297778094256,1867.917236328125,1867.917236328125,15900,0.0,0.0
2008-06-03 00:00:00+09:00,1854.9456787109375,1854.9456787109375,1854.9456787109375,1854.9456787109375,15900,0.0,0.0
2008-06-04 00:00:00+09:00,1873.1056210982608,1873.1056210982608,1872.2408447265625,1872.2408447265625,15900,0.0,0.0
2008-06-05 00:00:00+09:00,1869.7077424541908,1872.2408447265625,1869.7077424541908,1872.2408447265625,15900,0.0,0.0
2008-06-06 00:00:00+09:00,1874.8350163517441,1874.8350163517441,1859.26904296875,1859.26904296875,15900,0.0,0.0
2008-06-09 00:00:00+09:00,1850.6212158203125,1850.6212158203125,1850.6212158203125,1850.6212158203125,15900,0.0,0.0
2008-06-10 00:00:00+09:00,1850.6212158203125,1850.6212158203125,1850.6212158203125,1850.6212158203125,15900,0.0,0.0
2008-06-11 00:00:00+09:00,1850.6217960099796,1854.9456787109375,1850.6217960099796,1854.9456787109375,15900,0.0,0.0
2008-06-12 00:00:00+09:00,1859.269501228067,1863.5933837890625,1859.269501228067,1863.5933837890625,15900,0.0,0.0
2008-06-13 00:00:00+09:00,1841.9743343594482,1846.2982177734375,1841.9743343594482,1846.2982177734375,15900,0.0,0.0
2008-06-16 00:00:00+09:00,1843.7038877250438,1846.2982177734375,1843.7038877250438,1846.2982177734375,15900,0.0,0.0
2008-06-17 00:00:00+09:00,1845.4328605257847,1845.4328605257847,1841.9737548828125,1841.9737548828125,15900,0.0,0.0
2008-06-18 00:00:00+09:00,1854.9456186670714,1867.9172663500578,1854.9456186670714,1863.5933837890625,9400,0.0,0.0
2008-06-19 00:00:00+09:00,1846.2976369365279,1846.2976369365279,1841.9737548828125,1841.9737548828125,9400,0.0,0.0
2008-06-20 00:00:00+09:00,1840.2447809938526,1846.2982177734375,1840.2447809938526,1846.2982177734375,9400,0.0,0.0
2008-06-23 00:00:00+09:00,1837.649872829097,1846.2976369365279,1837.649872829097,1841.9737548828125,15200,0.0,0.0
2008-06-24 00:00:00+09:00,1837.649872829097,1841.9737548828125,1837.649872829097,1841.9737548828125,4400,0.0,0.0
2008-06-25 00:00:00+09:00,1835.0561208970653,1846.2982177734375,1835.0561208970653,1846.2982177734375,4400,0.0,0.0
2008-06-26 00:00:00+09:00,1852.3507683584623,1852.3507683584623,1850.6212158203125,1850.6212158203125,4400,0.0,0.0
2008-06-27 00:00:00+09:00,1844.567845884811,1859.26904296875,1844.567845884811,1859.26904296875,4400,0.0,0.0
2008-06-30 00:00:00+09:00,1860.1338192678052,1860.1338192678052,1859.26904296875,1859.26904296875,4400,0.0,0.0
2008-07-01 00:00:00+09:00,1859.26904296875,1859.26904296875,1859.26904296875,1859.26904296875,4400,0.0,0.0
2008-07-02 00:00:00+09:00,1859.2692830976744,1859.2692830976744,1841.9737548828125,1841.9737548828125,4400,0.0,0.0
2008-07-03 00:00:00+09:00,1832.4614886659565,1854.9456787109375,1832.4614886659565,1854.9456787109375,4400,0.0,0.0
2008-07-04 00:00:00+09:00,1856.6747140715843,1859.26904296875,1856.6747140715843,1859.26904296875,4400,0.0,0.0
2008-07-07 00:00:00+09:00,1853.2155446275372,1853.2155446275372,1850.6212158203125,1850.6212158203125,4400,0.0,0.0
2008-07-08 00:00:00+09:00,1841.9739068244487,1846.2977892348347,1837.6500244140625,1837.6500244140625,18100,0.0,0.0
2008-07-09 00:00:00+09:00,1852.3510718117295,1852.3510718117295,1841.9737548828125,1841.9737548828125,18100,0.0,0.0
2008-07-10 00:00:00+09:00,1843.7038877250438,1846.2982177734375,1843.7038877250438,1846.2982177734375,18100,0.0,0.0
2008-07-11 00:00:00+09:00,1841.9737548828125,1841.9737548828125,1841.9737548828125,1841.9737548828125,18100,0.0,0.0
2008-07-14 00:00:00+09:00,1841.9739068244487,1846.2977892348347,1837.6500244140625,1837.6500244140625,16900,0.0,0.0
2008-07-15 00:00:00+09:00,1833.3261420036765,1837.6500244140625,1833.3261420036765,1837.6500244140625,16900,0.0,0.0
2008-07-16 00:00:00+09:00,1841.9739068244487,1841.9739068244487,1833.3261420036765,1837.6500244140625,14700,0.0,0.0
2008-07-17 00:00:00+09:00,1837.649872829097,1841.9737548828125,1837.649872829097,1841.9737548828125,14700,0.0,0.0
2008-07-18 00:00:00+09:00,1841.9739068244487,1841.9739068244487,1837.6500244140625,1837.6500244140625,14700,0.0,0.0
2008-07-22 00:00:00+09:00,1841.9734531295633,1850.6212158203125,1837.6495717841888,1850.6212158203125,18400,0.0,0.0
2008-07-23 00:00:00+09:00,1859.2695614118954,1859.2695614118954,1854.9456787109375,1854.9456787109375,21800,0.0,0.0
2008-07-24 00:00:00+09:00,1867.917236328125,1867.917236328125,1867.917236328125,1867.917236328125,21800,0.0,0.0
2008-07-25 00:00:00+09:00,1867.9168059593023,1867.9168059593023,1859.26904296875,1859.26904296875,21800,0.0,0.0
2008-07-28 00:00:00+09:00,1867.0520296602472,1867.0520296602472,1859.26904296875,1859.26904296875,21800,0.0,0.0
2008-07-29 00:00:00+09:00,1840.243964389535,1859.26904296875,1840.243964389535,1859.26904296875,21800,0.0,0.0
2008-07-30 00:00:00+09:00,1866.187188663661,1866.187188663661,1850.6212158203125,1850.6212158203125,21800,0.0,0.0
2008-07-31 00:00:00+09:00,1842.8382293986383,1850.6212158203125,1842.8382293986383,1850.6212158203125,21800,0.0,0.0
2008-08-01 00:00:00+09:00,1852.351224609375,1852.351224609375,1837.6500244140625,1837.6500244140625,21800,0.0,0.0
2008-08-04 00:00:00+09:00,1833.325927734375,1833.325927734375,1833.325927734375,1833.325927734375,21800,0.0,0.0
2008-08-05 00:00:00+09:00,1850.6212158203125,1850.6212158203125,1850.6212158203125,1850.6212158203125,21800,0.0,0.0
2008-08-06 00:00:00+09:00,1865.322604609195,1876.564697265625,1865.322604609195,1876.564697265625,21800,0.0,0.0
2008-08-07 00:00:00+09:00,1854.080320896612,1854.080320896612,1850.6212158203125,1850.6212158203125,21800,0.0,0.0
2008-08-08 00:00:00+09:00,1847.1625657169118,1847.1625657169118,1837.6500244140625,1837.6500244140625,21800,0.0,0.0
2008-08-11 00:00:00+09:00,1837.6500244140625,1837.6500244140625,1837.6500244140625,1837.6500244140625,21800,0.0,0.0
2008-08-12 00:00:00+09:00,1833.325927734375,1833.325927734375,1833.325927734375,1833.325927734375,21800,0.0,0.0
2008-08-13 00:00:00+09:00,1832.4611807748781,1832.4611807748781,1829.0020751953125,1829.0020751953125,21800,0.0,0.0
2008-08-14 00:00:00+09:00,1825.5429696157469,1829.0020751953125,1825.5429696157469,1829.0020751953125,21800,0.0,0.0
2008-08-15 00:00:00+09:00,1835.0557588864922,1863.5933837890625,1835.0557588864922,1863.5933837890625,21800,0.0,0.0
2008-08-18 00:00:00+09:00,1873.9707019354516,1873.9707019354516,1863.5933837890625,1863.5933837890625,21800,0.0,0.0
2008-08-19 00:00:00+09:00,1845.4328605257847,1845.4328605257847,1841.9737548828125,1841.9737548828125,21800,0.0,0.0
2008-08-20 00:00:00+09:00,1841.1091648808233,1867.917236328125,1841.1091648808233,1867.917236328125,21800,0.0,0.0
2008-08-21 00:00:00+09:00,1851.4860562772528,1859.26904296875,1851.4860562772528,1859.26904296875,21800,0.0,0.0
2008-08-22 00:00:00+09:00,1850.6217063621239,1867.917236328125,1850.6217063621239,1867.917236328125,12600,0.0,0.0
2008-08-25 00:00:00+09:00,1876.564697265625,1876.564697265625,1876.564697265625,1876.564697265625,12600,0.0,0.0
2008-08-26 00:00:00+09:00,1876.564697265625,1876.564697265625,1876.564697265625,1876.564697265625,12600,0.0,0.0
2008-08-27 00:00:00+09:00,1863.5930518928212,1876.564697265625,1863.5930518928212,1876.564697265625,7600,0.0,0.0
2008-08-28 00:00:00+09:00,1878.2947083782326,1880.8890380859375,1878.2947083782326,1880.8890380859375,7600,0.0,0.0
2008-08-29 00:00:00+09:00,1881.7535407110092,1885.212646484375,1881.7535407110092,1885.212646484375,7600,0.0,0.0
2008-09-01 00:00:00+09:00,1885.2127662941261,1885.2127662941261,1867.917236328125,1867.917236328125,7600,0.0,0.0
2008-09-02 00:00:00+09:00,1873.9707019354516,1873.9707019354516,1863.5933837890625,1863.5933837890625,7600,0.0,0.0
2008-09-03 00:00:00+09:00,1888.6717225936784,1889.5364990234375,1888.6717225936784,1889.5364990234375,7600,0.0,0.0
2008-09-04 00:00:00+09:00,1888.6717522577408,1888.6717522577408,1885.212646484375,1885.212646484375,7600,0.0,0.0
2008-09-05 00:00:00+09:00,1873.9708255320581,1880.8890380859375,1873.9708255320581,1880.8890380859375,7600,0.0,0.0
2008-09-08 00:00:00+09:00,1895.5902709403538,1895.5902709403538,1893.8607177734375,1893.8607177734375,7600,0.0,0.0
2008-09-09 00:00:00+09:00,1888.6718722873263,1888.6718722873263,1867.917236328125,1867.917236328125,7600,0.0,0.0
2008-09-10 00:00:00+09:00,1885.2126168746424,1893.8603811722326,1880.8887347258474,1889.5364990234375,15300,0.0,0.0
2008-09-11 00:00:00+09:00,1872.2411489110534,1872.2411489110534,1863.5933837890625,1863.5933837890625,15300,0.0,0.0
2008-09-12 00:00:00+09:00,1864.4581303349248,1867.917236328125,1864.4581303349248,1867.917236328125,15300,0.0,0.0
2008-09-16 00:00:00+09:00,1868.7815822583575,1868.7815822583575,1859.26904296875,1859.26904296875,15300,0.0,0.0
2008-09-17 00:00:00+09:00,1854.945984601416,1854.945984601416,1846.2982177734375,1846.2982177734375,15300,0.0,0.0
2008-09-18 00:00:00+09:00,1846.2978535450804,1863.5933837890625,1846.2978535450804,1863.5933837890625,15300,0.0,0.0
2008-09-19 00:00:00+09:00,1875.700105607619,1885.212646484375,1875.700105607619,1885.212646484375,15300,0.0,0.0
2008-09-22 00:00:00+09:00,1889.5365287010823,1889.5365287010823,1885.212646484375,1885.212646484375,15300,0.0,0.0
2008-09-24 00:00:00+09:00,1885.212920932112,1885.212920932112,1880.8890380859375,1880.8890380859375,15300,0.0,0.0
2008-09-25 00:00:00+09:00,1857.3990478515625,1857.3990478515625,1857.3990478515625,1857.3990478515625,15300,13.0,0.0
2008-09-26 00:00:00+09:00,1860.0095137136284,1860.0095137136284,1831.30029296875,1831.30029296875,15300,0.0,0.0
2008-09-29 00:00:00+09:00,1832.1703185005647,1832.1703185005647,1805.2010498046875,1805.2010498046875,15300,0.0,0.0
2008-09-30 00:00:00+09:00,1806.0711415088958,1806.0711415088958,1787.8016357421875,1787.8016357421875,15300,0.0,0.0
2008-10-01 00:00:00+09:00,1787.8016070023325,1792.1514892578125,1787.8016070023325,1792.1514892578125,15300,0.0,0.0
2008-10-02 00:00:00+09:00,1799.9809448849503,1799.9809448849503,1748.65234375,1748.65234375,15300,0.0,0.0
2008-10-03 00:00:00+09:00,1738.2127974076705,1738.2127974076705,1722.55322265625,1722.55322265625,15300,0.0,0.0
2008-10-06 00:00:00+09:00,1713.8532184459862,1713.8532184459862,1553.777587890625,1553.777587890625,15300,0.0,0.0
2008-10-07 00:00:00+09:00,1398.0519550496342,1401.5318603515625,1398.0519550496342,1401.5318603515625,15300,0.0,0.0
2008-10-08 00:00:00+09:00,1401.5315344333649,1401.5315344333649,1336.2833251953125,1336.2833251953125,15300,0.0,0.0
2008-10-09 00:00:00+09:00,1363.2527466220542,1363.2527466220542,1326.7137451171875,1326.7137451171875,15300,0.0,0.0
2008-10-10 00:00:00+09:00,1326.7138154485324,1326.7138154485324,1262.3355712890625,1262.3355712890625,15300,0.0,0.0
2008-10-14 00:00:00+09:00,1416.3214397812121,1434.5909423828125,1416.3214397812121,1434.5909423828125,15300,0.0,0.0
2008-10-15 00:00:00+09:00,1459.820367563937,1485.0496826171875,1459.820367563937,1485.0496826171875,15300,0.0,0.0
2008-10-16 00:00:00+09:00,1419.80123178681,1419.80123178681,1418.061279296875,1418.061279296875,15300,0.0,0.0
2008-10-17 00:00:00+09:00,1488.52964144969,1521.5887451171875,1488.52964144969,1521.5887451171875,15300,0.0,0.0
2008-10-20 00:00:00+09:00,1537.2483716740576,1569.4375,1537.2483716740576,1569.4375,15300,0.0,0.0
2008-10-21 00:00:00+09:00,1615.5459725444907,1615.5459725444907,1596.406494140625,1596.406494140625,15300,0.0,0.0
2008-10-22 00:00:00+09:00,1524.1985426682693,1524.1985426682693,1492.87939453125,1492.87939453125,15300,0.0,0.0
2008-10-23 00:00:00+09:00,1398.9218264290155,1486.7894287109375,1398.9218264290155,1486.7894287109375,15300,0.0,0.0
2008-10-24 00:00:00+09:00,1449.380615529766,1449.380615529766,1438.0709228515625,1438.0709228515625,15300,0.0,0.0
2008-10-27 00:00:00+09:00,1438.0709453755042,1438.0709453755042,1348.46337890625,1348.46337890625,15300,0.0,0.0
2008-10-28 00:00:00+09:00,1364.99275041604,1464.1700439453125,1364.99275041604,1464.1700439453125,15300,0.0,0.0
2008-10-29 00:00:00+09:00,1465.0404698163613,1513.7591552734375,1465.0404698163613,1513.7591552734375,15300,0.0,0.0
2008-10-30 00:00:00+09:00,1514.6287192191057,1528.54833984375,1514.6287192191057,1528.54833984375,15300,0.0,0.0
2008-10-31 00:00:00+09:00,1532.0283382658758,1679.92431640625,1532.0283382658758,1679.92431640625,15300,0.0,0.0
2008-11-04 00:00:00+09:00,1681.664004043794,1681.664004043794,1667.744384765625,1667.744384765625,88400,0.0,0.0
2008-11-05 00:00:00+09:00,1671.2242491430166,1705.1533203125,1671.2242491430166,1705.1533203125,88400,0.0,0.0
2008-11-06 00:00:00+09:00,1699.9337438157768,1699.9337438157768,1684.274169921875,1684.274169921875,88400,0.0,0.0
2008-11-07 00:00:00+09:00,1652.9549166687534,1652.9549166687534,1628.5955810546875,1628.5955810546875,88400,0.0,0.0
2008-11-10 00:00:00+09:00,1658.1751048436272,1660.7850341796875,1658.1751048436272,1660.7850341796875,88400,0.0,0.0
2008-11-11 00:00:00+09:00,1627.725754823076,1635.5555419921875,1627.725754823076,1635.5555419921875,88400,0.0,0.0
2008-11-12 00:00:00+09:00,1625.1156661046414,1644.2551439709703,1618.155855971431,1622.5057373046875,13500,0.0,0.0
2008-11-13 00:00:00+09:00,1593.7966866142197,1619.0260009765625,1593.7966866142197,1619.0260009765625,13500,0.0,0.0
2008-11-14 00:00:00+09:00,1620.765752509089,1620.765752509089,1581.6168212890625,1581.6168212890625,13500,0.0,0.0
2008-11-17 00:00:00+09:00,1575.5272404079142,1576.397216796875,1575.5272404079142,1576.397216796875,13500,0.0,0.0
2008-11-18 00:00:00+09:00,1578.1367672299266,1585.966552734375,1578.1367672299266,1585.966552734375,13500,0.0,0.0
2008-11-19 00:00:00+09:00,1584.2271067970678,1586.8370361328125,1584.2271067970678,1586.8370361328125,13500,0.0,0.0
2008-11-20 00:00:00+09:00,1588.576896807899,1588.576896807899,1559.86767578125,1559.86767578125,13500,0.0,0.0
2008-11-21 00:00:00+09:00,1560.737669154576,1583.3570556640625,1560.737669154576,1583.3570556640625,13500,0.0,0.0
2008-11-25 00:00:00+09:00,1585.966835433718,1644.2552490234375,1585.966835433718,1644.2552490234375,22300,0.0,0.0
2008-11-26 00:00:00+09:00,1645.1255053964,1645.1255053964,1594.6668701171875,1594.6668701171875,22300,0.0,0.0
2008-11-27 00:00:00+09:00,1575.5270430978421,1575.5270430978421,1572.9171142578125,1572.9171142578125,22300,0.0,0.0
2008-11-28 00:00:00+09:00,1573.7871659621148,1587.706787109375,1573.7871659621148,1587.706787109375,22300,0.0,0.0
2008-12-01 00:00:00+09:00,1588.5768388252427,1588.5768388252427,1579.8770751953125,1579.8770751953125,22300,0.0,0.0
2008-12-02 00:00:00+09:00,1580.7467836259723,1580.7467836259723,1545.0777587890625,1545.0777587890625,22300,0.0,0.0
2008-12-03 00:00:00+09:00,1558.9974662162163,1577.2669677734375,1558.9974662162163,1577.2669677734375,22300,0.0,0.0
2008-12-04 00:00:00+09:00,1577.2669956578618,1577.2669956578618,1572.9171142578125,1572.9171142578125,22300,0.0,0.0
2008-12-05 00:00:00+09:00,1574.6572916219523,1583.3570556640625,1574.6572916219523,1583.3570556640625,22300,0.0,0.0
2008-12-08 00:00:00+09:00,1585.0971741981796,1602.4967041015625,1585.0971741981796,1602.4967041015625,22300,0.0,0.0
2008-12-09 00:00:00+09:00,1600.7564697265625,1600.7564697265625,1600.7564697265625,1600.7564697265625,22300,0.0,0.0
2008-12-10 00:00:00+09:00,1602.4965084656974,1602.4965084656974,1576.397216796875,1576.397216796875,22300,0.0,0.0
2008-12-11 00:00:00+09:00,1584.226761080106,1599.016357421875,1584.226761080106,1599.016357421875,22300,0.0,0.0
2008-12-12 00:00:00+09:00,1600.7563755960489,1600.7563755960489,1596.406494140625,1596.406494140625,22300,0.0,0.0
2008-12-15 00:00:00+09:00,1592.926803201839,1612.0662841796875,1592.926803201839,1612.0662841796875,22300,0.0,0.0
2008-12-16 00:00:00+09:00,1596.4066440956915,1603.366455078125,1596.4066440956915,1603.366455078125,23700,0.0,0.0
2008-12-17 00:00:00+09:00,1605.106267307004,1613.8060302734375,1605.106267307004,1613.8060302734375,16900,0.0,0.0
2008-12-18 00:00:00+09:00,1613.8057623598195,1613.8057623598195,1590.31640625,1590.31640625,18600,0.0,0.0
2008-12-19 00:00:00+09:00,1592.0564361820375,1605.1060791015625,1592.0564361820375,1605.1060791015625,12900,0.0,0.0
2008-12-22 00:00:00+09:00,1605.1060328217955,1608.5859375,1605.1060328217955,1608.5859375,20300,0.0,0.0
2008-12-24 00:00:00+09:00,1610.3263241946042,1610.3263241946042,1583.3570556640625,1583.3570556640625,10600,0.0,0.0
2008-12-25 00:00:00+09:00,1566.8969336680323,1566.8969336680323,1565.9573974609375,1565.9573974609375,12300,0.0,0.0
2008-12-26 00:00:00+09:00,1565.0874584355631,1579.007080078125,1558.9976239669422,1579.007080078125,10300,0.0,0.0
2008-12-29 00:00:00+09:00,1577.2668015443562,1592.056396484375,1573.7868968525872,1592.056396484375,15900,0.0,0.0
2008-12-30 00:00:00+09:00,1579.0067477352623,1609.4559136695511,1569.4370098702,1608.5859375,11600,0.0,0.0
2009-01-05 00:00:00+09:00,1613.8062298114485,1625.1159230661917,1581.6171028556405,1583.3570556640625,7400,0.0,0.0
2009-01-06 00:00:00+09:00,1602.4960723810175,1602.4960723810175,1590.31640625,1590.31640625,6600,0.0,0.0
2009-01-07 00:00:00+09:00,1607.716252089588,1607.716252089588,1593.796630859375,1593.796630859375,16200,0.0,0.0
2009-01-08 00:00:00+09:00,1592.9265970154993,1592.9265970154993,1568.5672607421875,1568.5672607421875,21400,0.0,0.0
2009-01-09 00:00:00+09:00,1564.2174354798242,1571.17724609375,1564.2174354798242,1571.17724609375,10400,0.0,0.0
2009-01-13 00:00:00+09:00,1518.9788069960443,1518.9788069960443,1515.4989013671875,1515.4989013671875,67800,0.0,0.0
2009-01-14 00:00:00+09:00,1513.758883222972,1513.758883222972,1506.799072265625,1506.799072265625,17900,0.0,0.0
2009-01-15 00:00:00+09:00,1496.3590946120378,1505.9288330078125,1496.3590946120378,1505.9288330078125,54100,0.0,0.0
2009-01-16 00:00:00+09:00,1500.7091260936163,1524.198486328125,1500.7091260936163,1524.198486328125,19500,0.0,0.0
2009-01-19 00:00:00+09:00,1525.9388613448184,1526.808837890625,1515.499142795139,1526.808837890625,14400,0.0,0.0
2009-01-20 00:00:00+09:00,1517.2386017798835,1532.0281982421875,1517.2386017798835,1532.0281982421875,13300,0.0,0.0
2009-01-21 00:00:00+09:00,1532.0284630560107,1532.0284630560107,1510.279052734375,1510.279052734375,51800,0.0,0.0
2009-01-22 00:00:00+09:00,1510.2788745928192,1518.9786376953125,1510.2788745928192,1518.9786376953125,15700,0.0,0.0
2009-01-23 00:00:00+09:00,1518.9786466721102,1518.9786466721102,1502.4490966796875,1502.4490966796875,18500,0.0,0.0
2009-01-26 00:00:00+09:00,1503.3189707782883,1514.628662109375,1503.3189707782883,1514.628662109375,14200,0.0,0.0
2009-01-27 00:00:00+09:00,1499.839132348674,1545.9478759765625,1499.839132348674,1545.9478759765625,20000,0.0,0.0
2009-01-28 00:00:00+09:00,1546.8178803248006,1546.8178803248006,1541.5980224609375,1541.5980224609375,8300,0.0,0.0
2009-01-29 00:00:00+09:00,1542.4680364990234,1565.9573974609375,1542.4680364990234,1565.9573974609375,16100,0.0,0.0
2009-01-30 00:00:00+09:00,1566.8275156042455,1566.8275156042455,1555.517822265625,1555.517822265625,23900,0.0,0.0
2009-02-02 00:00:00+09:00,1555.517624927743,1555.517624927743,1552.0377197265625,1552.0377197265625,23900,0.0,0.0
2009-02-03 00:00:00+09:00,1534.638427734375,1534.638427734375,1534.638427734375,1534.638427734375,9700,0.0,0.0
2009-02-04 00:00:00+09:00,1532.898249377943,1532.898249377943,1524.198486328125,1524.198486328125,19400,0.0,0.0
2009-02-05 00:00:00+09:00,1529.418344158016,1529.418344158016,1524.198486328125,1524.198486328125,18600,0.0,0.0
2009-02-06 00:00:00+09:00,1525.0684718670577,1525.0684718670577,1518.9786376953125,1518.9786376953125,17500,0.0,0.0
2009-02-09 00:00:00+09:00,1487.659707934831,1487.659707934831,1466.7802734375,1466.7802734375,27300,0.0,0.0
2009-02-10 00:00:00+09:00,1521.5886979742318,1525.068603515625,1458.0804218438034,1525.068603515625,14700,0.0,0.0
2009-02-12 00:00:00+09:00,1483.309285361386,1483.309285361386,1470.2596435546875,1470.2596435546875,14500,0.0,0.0
2009-02-13 00:00:00+09:00,1491.1393950706304,1496.3592529296875,1491.1393950706304,1496.3592529296875,20300,0.0,0.0
2009-02-16 00:00:00+09:00,1504.1888427734375,1504.1888427734375,1504.1888427734375,1504.1888427734375,22700,0.0,0.0
2009-02-17 00:00:00+09:00,1484.1795277483586,1484.1795277483586,1482.4395751953125,1482.4395751953125,14500,0.0,0.0
2009-02-18 00:00:00+09:00,1505.9292653401694,1505.9292653401694,1503.3193359375,1503.3193359375,17900,0.0,0.0
2009-02-19 00:00:00+09:00,1507.6692182752822,1507.6692182752822,1503.3193359375,1503.3193359375,12200,0.0,0.0
2009-02-20 00:00:00+09:00,1499.8391772207506,1508.5389404296875,1499.8391772207506,1508.5389404296875,21100,0.0,0.0
2009-02-23 00:00:00+09:00,1500.709256338922,1507.6690673828125,1500.709256338922,1507.6690673828125,13900,0.0,0.0
2009-02-24 00:00:00+09:00,1512.8891787474183,1513.7591552734375,1512.8891787474183,1513.7591552734375,17000,0.0,0.0
2009-02-25 00:00:00+09:00,1525.9384292733703,1525.9384292733703,1518.108642578125,1518.108642578125,21800,0.0,0.0
2009-02-26 00:00:00+09:00,1518.9786755371094,1565.9573974609375,1518.9786755371094,1565.9573974609375,19300,0.0,0.0
2009-02-27 00:00:00+09:00,1550.2979523040437,1583.3570556640625,1550.2979523040437,1583.3570556640625,20200,0.0,0.0
2009-03-02 00:00:00+09:00,1583.3566581043287,1583.3566581043287,1565.087158203125,1565.087158203125,7500,0.0,0.0
2009-03-03 00:00:00+09:00,1556.3873480599684,1557.25732421875,1556.3873480599684,1557.25732421875,11800,0.0,0.0
2009-03-04 00:00:00+09:00,1556.3874815208478,1574.656982421875,1556.3874815208478,1574.656982421875,14900,0.0,0.0
2009-03-05 00:00:00+09:00,1626.8556643285933,1626.8556643285933,1596.406494140625,1596.406494140625,29300,0.0,0.0
2009-03-06 00:00:00+09:00,1636.4254615326176,1636.4254615326176,1610.326171875,1610.326171875,30600,0.0,0.0
2009-03-09 00:00:00+09:00,1612.0659484537587,1630.33544921875,1612.0659484537587,1630.33544921875,10700,0.0,0.0
2009-03-10 00:00:00+09:00,1616.4159968247259,1616.4159968247259,1615.5460205078125,1615.5460205078125,6500,0.0,0.0
2009-03-11 00:00:00+09:00,1603.366472637972,1626.8558349609375,1603.366472637972,1626.8558349609375,19200,0.0,0.0
2009-03-12 00:00:00+09:00,1626.8554858319599,1626.8554858319599,1616.415771484375,1616.415771484375,14700,0.0,0.0
2009-03-13 00:00:00+09:00,1618.1561897374409,1649.475341796875,1618.1561897374409,1649.475341796875,56800,0.0,0.0
2009-03-16 00:00:00+09:00,1691.2337835395244,1692.103759765625,1691.2337835395244,1692.103759765625,34400,0.0,0.0
2009-03-17 00:00:00+09:00,1713.8533935546875,1713.8533935546875,1713.8533935546875,1713.8533935546875,44600,0.0,0.0
2009-03-18 00:00:00+09:00,1714.7231050269004,1714.7231050269004,1701.6734619140625,1701.6734619140625,31100,0.0,0.0
2009-03-19 00:00:00+09:00,1701.6738087723893,1712.113525390625,1701.6738087723893,1712.113525390625,14800,0.0,0.0
2009-03-23 00:00:00+09:00,1729.512939453125,1729.512939453125,1729.512939453125,1729.512939453125,51700,0.0,0.0
2009-03-24 00:00:00+09:00,1728.6427857911624,1738.2125244140625,1728.6427857911624,1738.2125244140625,52500,0.0,0.0
2009-03-25 00:00:00+09:00,1719.9430865301829,1719.9430865301829,1712.9832763671875,1712.9832763671875,83500,0.0,0.0
2009-03-26 00:00:00+09:00,1683.2074314702652,1706.8529052734375,1683.2074314702652,1706.8529052734375,47100,13.0,0.0
2009-03-27 00:00:00+09:00,1730.4987981522695,1746.262451171875,1730.4987981522695,1746.262451171875,33800,0.0,0.0
2009-03-30 00:00:00+09:00,1736.6290067343268,1736.6290067343268,1708.604736328125,1708.604736328125,20400,0.0,0.0
2009-03-31 00:00:00+09:00,1710.3563897734005,1710.3563897734005,1663.0654296875,1663.0654296875,27700,0.0,0.0
2009-04-01 00:00:00+09:00,1663.9410320291995,1668.31982421875,1663.9410320291995,1668.31982421875,9400,0.0,0.0
2009-04-02 00:00:00+09:00,1670.0714490795283,1701.5987548828125,1670.0714490795283,1701.5987548828125,19400,0.0,0.0
2009-04-03 00:00:00+09:00,1698.095452724359,1698.095452724359,1673.57421875,1673.57421875,12800,0.0,0.0
2009-04-06 00:00:00+09:00,1674.4502200225686,1674.4502200225686,1661.3138427734375,1661.3138427734375,14700,0.0,0.0
2009-04-07 00:00:00+09:00,1660.43759527439,1660.43759527439,1615.77392578125,1615.77392578125,20600,0.0,0.0
2009-04-08 00:00:00+09:00,1607.0165538892757,1609.643828909258,1592.128662109375,1592.128662109375,14500,0.0,0.0
2009-04-09 00:00:00+09:00,1593.004230472447,1619.2769775390625,1593.004230472447,1619.2769775390625,26500,0.0,0.0
2009-04-10 00:00:00+09:00,1611.3950847066467,1611.3950847066467,1600.885986328125,1600.885986328125,9400,0.0,0.0
2009-04-13 00:00:00+09:00,1614.022783096977,1614.022783096977,1611.3955078125,1611.3955078125,7900,0.0,0.0
2009-04-14 00:00:00+09:00,1599.1346917083908,1599.1346917083908,1585.12255859375,1585.12255859375,14500,0.0,0.0
2009-04-15 00:00:00+09:00,1609.6436369479702,1619.2769775390625,1609.6436369479702,1619.2769775390625,13800,0.0,0.0
2009-04-16 00:00:00+09:00,1619.2769397443433,1619.2769397443433,1612.2708740234375,1612.2708740234375,21300,0.0,0.0
2009-04-17 00:00:00+09:00,1614.022430319864,1614.022430319864,1602.6375732421875,1602.6375732421875,6400,0.0,0.0
2009-04-20 00:00:00+09:00,1612.270867146237,1617.5254164145026,1606.1405596665934,1616.649658203125,18200,0.0,0.0
2009-04-21 00:00:00+09:00,1582.495094709588,1612.2708740234375,1582.495094709588,1612.2708740234375,28400,0.0,0.0
2009-04-22 00:00:00+09:00,1602.637937436545,1602.637937436545,1590.3773193359375,1590.3773193359375,20800,0.0,0.0
2009-04-23 00:00:00+09:00,1593.004702669903,1623.65625,1593.004702669903,1623.65625,34300,0.0,0.0
2009-04-24 00:00:00+09:00,1586.87407523308,1586.87407523308,1585.12255859375,1585.12255859375,19800,0.0,0.0
2009-04-27 00:00:00+09:00,1586.8741347428765,1586.8741347428765,1578.9923095703125,1578.9923095703125,17300,0.0,0.0
2009-04-28 00:00:00+09:00,1590.3768909305168,1590.3768909305168,1567.607177734375,1567.607177734375,20500,0.0,0.0
2009-04-30 00:00:00+09:00,1614.0224706682286,1618.4012619614143,1593.0042724609375,1593.0042724609375,22000,0.0,0.0
2009-05-01 00:00:00+09:00,1598.2589704893342,1598.2589704893342,1592.128662109375,1592.128662109375,15800,0.0,0.0
2009-05-07 00:00:00+09:00,1629.786376953125,1629.786376953125,1629.786376953125,1629.786376953125,26400,0.0,0.0
2009-05-08 00:00:00+09:00,1651.680267366007,1669.1954345703125,1651.680267366007,1669.1954345703125,12100,0.0,0.0
2009-05-11 00:00:00+09:00,1670.0710219165646,1670.0710219165646,1654.307373046875,1654.307373046875,12400,0.0,0.0
2009-05-12 00:00:00+09:00,1654.3078008724165,1660.4381103515625,1654.3078008724165,1660.4381103515625,12000,0.0,0.0
2009-05-13 00:00:00+09:00,1668.3197462933617,1670.947021484375,1667.4439878963574,1670.947021484375,15200,0.0,0.0
2009-05-14 00:00:00+09:00,1652.5561480098927,1652.5561480098927,1628.034912109375,1628.034912109375,15000,0.0,0.0
2009-05-15 00:00:00+09:00,1655.183135617487,1666.5679931640625,1655.183135617487,1666.5679931640625,13500,0.0,0.0
2009-05-18 00:00:00+09:00,1640.2952726456926,1640.2952726456926,1620.15283203125,1620.15283203125,18600,0.0,0.0
2009-05-19 00:00:00+09:00,1670.9468476460243,1672.6983642578125,1670.9468476460243,1672.6983642578125,15700,0.0,0.0
2009-05-20 00:00:00+09:00,1673.5740509033203,1716.4862060546875,1673.5740509033203,1716.4862060546875,22200,0.0,0.0
2009-05-21 00:00:00+09:00,1677.953316952066,1679.704833984375,1677.953316952066,1679.704833984375,17600,0.0,0.0
2009-05-22 00:00:00+09:00,1681.4561767578125,1681.4561767578125,1681.4561767578125,1681.4561767578125,10700,0.0,0.0
2009-05-25 00:00:00+09:00,1688.46240234375,1688.46240234375,1688.46240234375,1688.46240234375,10000,0.0,0.0
2009-05-26 00:00:00+09:00,1685.8347135316196,1702.47412109375,1685.8347135316196,1702.47412109375,11600,0.0,0.0
2009-05-27 00:00:00+09:00,1677.0775417470338,1688.46240234375,1677.0775417470338,1688.46240234375,13600,0.0,0.0
2009-05-28 00:00:00+09:00,1689.3380990532276,1689.3380990532276,1682.33203125,1682.33203125,14100,0.0,0.0
2009-05-29 00:00:00+09:00,1683.2076258651773,1683.2076258651773,1650.8045654296875,1650.8045654296875,21900,0.0,0.0
2009-06-01 00:00:00+09:00,1667.4440273582716,1667.4440273582716,1649.0531005859375,1649.0531005859375,16000,0.0,0.0
2009-06-02 00:00:00+09:00,1649.9289676600729,1682.33203125,1649.9289676600729,1682.33203125,14900,0.0,0.0
2009-06-03 00:00:00+09:00,1683.2074003475186,1683.2074003475186,1666.5679931640625,1666.5679931640625,8800,0.0,0.0
2009-06-04 00:00:00+09:00,1705.9771198079682,1705.9771198079682,1678.82861328125,1678.82861328125,12500,0.0,0.0
2009-06-05 00:00:00+09:00,1678.8288856941183,1690.2137451171875,1678.8288856941183,1690.2137451171875,7700,0.0,0.0
2009-06-08 00:00:00+09:00,1695.4684083810516,1695.4684083810516,1682.33203125,1682.33203125,10300,0.0,0.0
2009-06-09 00:00:00+09:00,1686.7108236270174,1686.7108236270174,1682.33203125,1682.33203125,9600,0.0,0.0
2009-06-10 00:00:00+09:00,1689.3374534050215,1704.225341796875,1689.3374534050215,1704.225341796875,20600,0.0,0.0
2009-06-11 00:00:00+09:00,1705.9775390625,1707.729056043057,1700.722988120829,1705.9775390625,8200,0.0,0.0
2009-06-12 00:00:00+09:00,1722.616658240647,1734.0015166835187,1722.616658240647,1732.25,32300,0.0,0.0
2009-06-15 00:00:00+09:00,1737.504682781832,1746.2622668684337,1723.4925482432686,1740.1319580078125,18400,0.0,0.0
2009-06-16 00:00:00+09:00,1694.5924270165553,1694.5924270165553,1669.1954345703125,1669.1954345703125,29200,0.0,0.0
2009-06-17 00:00:00+09:00,1685.8348802588453,1704.2258062253054,1676.2015380859375,1676.2015380859375,12300,0.0,0.0
2009-06-18 00:00:00+09:00,1697.219276671297,1705.1010999375724,1675.3253231538654,1704.225341796875,6200,0.0,0.0
2009-06-19 00:00:00+09:00,1683.207699458139,1699.8471095984637,1664.8167724609375,1664.8167724609375,30000,0.0,0.0
2009-06-22 00:00:00+09:00,1674.449880869601,1691.9650469874837,1657.8104730576122,1672.6983642578125,31900,0.0,0.0
2009-06-23 00:00:00+09:00,1636.792672414693,1672.6987717025488,1636.792672414693,1638.544189453125,34200,0.0,0.0
2009-06-24 00:00:00+09:00,1655.1832090278697,1673.5741335726239,1650.804417469595,1651.68017578125,11600,0.0,0.0
2009-06-25 00:00:00+09:00,1689.3374534050215,1716.4859557666368,1681.4556301387463,1704.225341796875,29900,0.0,0.0
2009-06-26 00:00:00+09:00,1728.7473484378997,1728.7473484378997,1681.4563875383828,1711.232177734375,16500,0.0,0.0
2009-06-29 00:00:00+09:00,1684.95904296875,1719.989376502404,1684.95904296875,1707.728759765625,13400,0.0,0.0
2009-06-30 00:00:00+09:00,1681.4561767578125,1704.2258958180746,1681.4561767578125,1681.4561767578125,12600,0.0,0.0
2009-07-01 00:00:00+09:00,1682.3319351832074,1698.9713452657065,1676.2016262054444,1681.4561767578125,15000,0.0,0.0
2009-07-02 00:00:00+09:00,1706.853177025969,1706.853177025969,1664.8167724609375,1664.8167724609375,17100,0.0,0.0
2009-07-03 00:00:00+09:00,1663.940933469742,1670.9470005580356,1651.680316065228,1655.183349609375,20400,0.0,0.0
2009-07-06 00:00:00+09:00,1691.9649830756537,1691.9649830756537,1661.3134435271816,1666.5679931640625,19100,0.0,0.0
2009-07-07 00:00:00+09:00,1666.5682835261027,1681.4561767578125,1663.9410082499187,1681.4561767578125,9300,0.0,0.0
2009-07-08 00:00:00+09:00,1663.9412841796875,1679.7049384508634,1654.3079399028577,1663.9412841796875,13500,0.0,0.0
2009-07-09 00:00:00+09:00,1650.8045654296875,1663.9409412819132,1647.3015318690939,1650.8045654296875,14200,0.0,0.0
2009-07-10 00:00:00+09:00,1656.9352156147204,1667.444318462171,1651.680664190995,1663.9412841796875,14200,0.0,0.0
2009-07-13 00:00:00+09:00,1661.3135059582278,1664.8165391811233,1642.0468232323021,1643.79833984375,7000,0.0,0.0
2009-07-14 00:00:00+09:00,1670.0715141276041,1671.8230311848959,1637.6684485677083,1642.0472412109375,25400,0.0,0.0
2009-07-15 00:00:00+09:00,1663.9408966940089,1663.9408966940089,1642.9226958936636,1648.17724609375,14800,0.0,0.0
2009-07-16 00:00:00+09:00,1662.1893799606469,1670.9469636274573,1648.17724609375,1648.17724609375,12900,0.0,0.0
2009-07-17 00:00:00+09:00,1666.5682914235886,1681.4561847258487,1654.3076734099625,1677.077392578125,12400,0.0,0.0
2009-07-21 00:00:00+09:00,1698.0953223833737,1716.4862464525079,1683.2074314702652,1706.8529052734375,24900,0.0,0.0
2009-07-22 00:00:00+09:00,1706.8529277388434,1724.3680937495037,1696.3438281324472,1722.6165771484375,24400,0.0,0.0
2009-07-23 00:00:00+09:00,1724.3681681941107,1734.0015099158654,1707.728759765625,1707.728759765625,19600,0.0,0.0
2009-07-24 00:00:00+09:00,1729.6231951032364,1733.126229422433,1713.8595406668526,1728.7474365234375,12500,0.0,0.0
2009-07-27 00:00:00+09:00,1729.622864939731,1735.753173828125,1722.6167976387094,1735.753173828125,14600,0.0,0.0
2009-07-28 00:00:00+09:00,1716.486445075638,1735.7531296632217,1716.486445075638,1733.1258544921875,8200,0.0,0.0
2009-07-29 00:00:00+09:00,1734.87744140625,1747.1380593667182,1726.1198571487728,1734.87744140625,19700,0.0,0.0
2009-07-30 00:00:00+09:00,1734.0013498813291,1742.7589324564874,1726.1195255636867,1729.62255859375,8400,0.0,0.0
2009-07-31 00:00:00+09:00,1741.8832784853025,1743.634795105197,1726.11962890625,1726.11962890625,10200,0.0,0.0
2009-08-03 00:00:00+09:00,1741.883500851173,1742.7592592729181,1727.87136610325,1739.2562255859375,7600,0.0,0.0
2009-08-04 00:00:00+09:00,1740.131887840444,1740.131887840444,1727.8712706135864,1738.38037109375,9000,0.0,0.0
2009-08-05 00:00:00+09:00,1731.3743041069743,1747.1379548272198,1725.2439954935455,1738.38037109375,11300,0.0,0.0
2009-08-06 00:00:00+09:00,1739.2560371690124,1739.2560371690124,1719.1135956509422,1720.8651123046875,10100,0.0,0.0
2009-08-07 00:00:00+09:00,1720.8654333972343,1728.7472598097406,1692.8411617083225,1705.9775390625,21500,0.0,0.0
2009-08-10 00:00:00+09:00,1712.107547355098,1728.7469557437153,1705.9772390013968,1724.3681640625,11200,0.0,0.0
2009-08-11 00:00:00+09:00,1725.2440185546875,1726.1197769397406,1711.2318843938372,1725.2440185546875,15800,0.0,0.0
2009-08-12 00:00:00+09:00,1702.474565603265,1718.2382189884804,1699.8472900390625,1699.8472900390625,17900,0.0,0.0
2009-08-13 00:00:00+09:00,1699.8467617972951,1716.486168533075,1694.5922123017858,1709.4801025390625,8700,0.0,0.0
2009-08-14 00:00:00+09:00,1723.4925017845812,1736.6288775603782,1715.6106763191028,1725.2440185546875,20700,0.0,0.0
2009-08-17 00:00:00+09:00,1718.2378557087989,1725.243922398743,1707.7287556738827,1724.3681640625,17800,0.0,0.0
2009-08-18 00:00:00+09:00,1722.6165398855244,1733.125639264592,1703.3498576905668,1715.6104736328125,13400,0.0,0.0
2009-08-19 00:00:00+09:00,1728.7471280661962,1728.7471280661962,1707.7289259012578,1710.356201171875,8400,0.0,0.0
2009-08-20 00:00:00+09:00,1719.9894888763054,1786.5471269387285,1707.7288713384905,1782.1683349609375,44500,0.0,0.0
2009-08-21 00:00:00+09:00,1786.547397122525,1786.547397122525,1747.1382633624692,1769.0322265625,31500,0.0,0.0
2009-08-24 00:00:00+09:00,1773.4108484779917,1821.5775628810977,1773.4108484779917,1795.3048095703125,27400,0.0,0.0
2009-08-25 00:00:00+09:00,1799.6835028721014,1799.6835028721014,1782.1683349609375,1782.1683349609375,9600,0.0,0.0
2009-08-26 00:00:00+09:00,1769.0319513059128,1786.547119140625,1769.0319513059128,1786.547119140625,9200,0.0,0.0
2009-08-27 00:00:00+09:00,1764.6533758530072,1799.6837158203125,1764.6533758530072,1799.6837158203125,15900,0.0,0.0
2009-08-28 00:00:00+09:00,1804.0625083162256,1804.0625083162256,1795.3049233243994,1799.6837158203125,7800,0.0,0.0
2009-08-31 00:00:00+09:00,1804.0625083162256,1821.5776782998782,1764.6533758530072,1799.6837158203125,16400,0.0,0.0
2009-09-02 00:00:00+09:00,1769.0320963541667,1782.1684733072916,1760.2745117187499,1773.410888671875,23700,0.0,0.0
2009-09-03 00:00:00+09:00,1769.0320963541667,1782.1684733072916,1769.0320963541667,1773.410888671875,12300,0.0,0.0
2009-09-04 00:00:00+09:00,1773.4106749727243,1777.7894667627804,1751.516716022444,1755.8955078125,22000,0.0,0.0
2009-09-07 00:00:00+09:00,1751.5167084499378,1764.6530837633125,1751.5167084499378,1760.2742919921875,7400,0.0,0.0
2009-09-08 00:00:00+09:00,1769.0322265625,1769.0322265625,1760.2746412824877,1769.0322265625,3800,0.0,0.0
2009-09-09 00:00:00+09:00,1782.168243181025,1782.168243181025,1764.653076171875,1764.653076171875,6100,0.0,0.0
2009-09-10 00:00:00+09:00,1777.7896406964558,1804.062394007241,1773.4108484779917,1795.3048095703125,14800,0.0,0.0
2009-09-11 00:00:00+09:00,1799.6834101901752,1799.6834101901752,1764.653076171875,1764.653076171875,31800,0.0,0.0
2009-09-14 00:00:00+09:00,1773.4106673055621,1773.4106673055621,1755.8955002210628,1760.2742919921875,19300,0.0,0.0
2009-09-15 00:00:00+09:00,1769.0322265625,1777.7898118425123,1769.0322265625,1769.0322265625,12100,0.0,0.0
2009-09-16 00:00:00+09:00,1790.926189762531,1790.926189762531,1769.0322265625,1769.0322265625,21100,0.0,0.0
2009-09-17 00:00:00+09:00,1769.0318453182729,1782.16822040727,1769.0318453182729,1777.7894287109375,12600,0.0,0.0
2009-09-18 00:00:00+09:00,1773.4107355616786,1790.9259033203125,1755.8955678030447,1790.9259033203125,23700,0.0,0.0
2009-09-21 00:00:00+09:00,1790.9259033203125,1790.9259033203125,1790.9259033203125,1790.9259033203125,0,0.0,0.0
2009-09-24 00:00:00+09:00,1790.9257443930217,1812.8197021484375,1773.410578188689,1812.8197021484375,106000,0.0,0.0
2009-09-25 00:00:00+09:00,1765.2762576922698,1769.6784428735473,1750.3088280759264,1752.0697021484375,52400,11.0,0.0
2009-09-28 00:00:00+09:00,1751.1892887855643,1769.678466796875,1735.3414219187266,1769.678466796875,25600,0.0,0.0
2009-09-29 00:00:00+09:00,1769.6783078923784,1769.6783078923784,1748.547820633962,1765.276123046875,18000,0.0,0.0
2009-09-30 00:00:00+09:00,1747.6673836648613,1765.276123046875,1747.6673836648613,1765.276123046875,18000,0.0,0.0
2009-10-01 00:00:00+09:00,1752.0697021484375,1752.0697021484375,1743.2653317858824,1752.0697021484375,16200,0.0,0.0
2009-10-02 00:00:00+09:00,1728.2980098569296,1742.3850033147548,1718.6132018546748,1732.7001953125,20100,0.0,0.0
2009-10-05 00:00:00+09:00,1723.89599609375,1739.7438653121808,1714.2111871269312,1723.89599609375,15700,0.0,0.0
2009-10-06 00:00:00+09:00,1714.2105896370542,1734.4606376913184,1697.4822890704884,1722.134521484375,14500,0.0,0.0
2009-10-07 00:00:00+09:00,1704.526150173611,1743.265380859375,1704.526150173611,1743.265380859375,12700,0.0,0.0
2009-10-08 00:00:00+09:00,1720.374099395142,1728.2980333227551,1717.7327880859375,1717.7327880859375,13100,0.0,0.0
2009-10-09 00:00:00+09:00,1737.1022682228747,1740.6240163591604,1716.8522164392325,1730.939208984375,10500,0.0,0.0
2009-10-13 00:00:00+09:00,1716.8521561136442,1760.8740062704042,1716.8521561136442,1752.9500732421875,10300,0.0,0.0
2009-10-14 00:00:00+09:00,1752.0697021484375,1752.0697021484375,1721.2544058794952,1752.0697021484375,21900,0.0,0.0
2009-10-15 00:00:00+09:00,1752.9500903320313,1774.0805786132812,1748.5479052734374,1760.8740234375,16500,0.0,0.0
2009-10-16 00:00:00+09:00,1765.276267590897,1765.276267590897,1737.1022822727382,1750.308837890625,9200,0.0,0.0
2009-10-19 00:00:00+09:00,1765.2759263270482,1765.2759263270482,1743.2650045523967,1756.4715576171875,14900,0.0,0.0
2009-10-20 00:00:00+09:00,1738.8630981445312,1765.2762084960937,1738.8630981445312,1760.8740234375,14000,0.0,0.0
2009-10-21 00:00:00+09:00,1765.2761963496432,1774.08056640625,1748.5478932420906,1774.08056640625,23100,0.0,0.0
2009-10-22 00:00:00+09:00,1746.7873033161986,1755.5916748046875,1723.8959374461276,1755.5916748046875,17300,0.0,0.0
2009-10-23 00:00:00+09:00,1765.2765434974303,1765.2765434974303,1721.2546845573447,1723.89599609375,18100,0.0,0.0
2009-10-26 00:00:00+09:00,1721.2542745918408,1765.276123046875,1721.2542745918408,1765.276123046875,23200,0.0,0.0
2009-10-27 00:00:00+09:00,1765.2763879469114,1765.2763879469114,1721.2545328858912,1729.178466796875,29400,0.0,0.0
2009-10-28 00:00:00+09:00,1752.0697514697758,1752.0697514697758,1723.895765516493,1743.265380859375,20100,0.0,0.0
2009-10-29 00:00:00+09:00,1722.1348069505668,1752.9501025759603,1721.2543699326984,1747.66748046875,24200,0.0,0.0
2009-10-30 00:00:00+09:00,1756.4719367749763,1765.276307385377,1743.265380859375,1743.265380859375,25600,0.0,0.0
2009-11-02 00:00:00+09:00,1725.6568117438253,1758.2329862512343,1725.6568117438253,1755.5916748046875,17300,0.0,0.0
2009-11-04 00:00:00+09:00,1738.863172994355,1758.2327880859375,1736.2218618455026,1758.2327880859375,14100,0.0,0.0
2009-11-05 00:00:00+09:00,1757.3521631983547,1760.8739110203956,1745.9064827767222,1759.113037109375,13300,0.0,0.0
2009-11-06 00:00:00+09:00,1757.3522333602868,1757.3522333602868,1730.9391236404429,1735.34130859375,11600,0.0,0.0
2009-11-09 00:00:00+09:00,1753.8305395938287,1753.8305395938287,1725.6565550220403,1747.66748046875,19900,0.0,0.0
2009-11-10 00:00:00+09:00,1748.547739090458,1757.352108370873,1746.786865234375,1746.786865234375,14600,0.0,0.0
2009-11-11 00:00:00+09:00,1744.145575146658,1759.9934400394595,1730.9390210693234,1731.8194580078125,8000,0.0,0.0
2009-11-12 00:00:00+09:00,1733.5805731879339,1750.3088773476957,1730.0588249437735,1743.265380859375,23100,0.0,0.0
2009-11-13 00:00:00+09:00,1744.146027481514,1759.993896484375,1737.1025301469092,1759.993896484375,21900,0.0,0.0
2009-11-16 00:00:00+09:00,1747.667188907327,1759.993305101132,1746.7867520363409,1756.4715576171875,15000,0.0,0.0
2009-11-17 00:00:00+09:00,1745.9066624943944,1753.8305959096488,1737.98272907914,1748.5479736328125,11100,0.0,0.0
2009-11-18 00:00:00+09:00,1747.667188907327,1759.1128682301458,1741.5041308104246,1756.4715576171875,19800,0.0,0.0
2009-11-19 00:00:00+09:00,1752.0696557654048,1759.9935888819318,1745.0261596618252,1749.4283447265625,11100,0.0,0.0
2009-11-20 00:00:00+09:00,1748.548213315642,1759.993896484375,1748.548213315642,1759.993896484375,23200,0.0,0.0
2009-11-24 00:00:00+09:00,1759.9936510994044,1759.9936510994044,1719.4935470721045,1727.41748046875,27800,0.0,0.0
2009-11-25 00:00:00+09:00,1731.8193181133515,1731.8193181133515,1701.8844646228308,1712.44970703125,20200,0.0,0.0
2009-11-26 00:00:00+09:00,1696.6023210527485,1712.450189126931,1696.6023210527485,1702.765380859375,12300,0.0,0.0
2009-11-27 00:00:00+09:00,1681.634919732438,1718.6132792239366,1681.634919732438,1697.4827880859375,26500,0.0,0.0
2009-11-30 00:00:00+09:00,1691.319797471978,1759.993896484375,1691.319797471978,1759.993896484375,42500,0.0,0.0
2009-12-01 00:00:00+09:00,1756.4719110745102,1769.678466796875,1746.787103544776,1769.678466796875,33600,0.0,0.0
2009-12-02 00:00:00+09:00,1734.4609726471797,1742.3849060247555,1699.2434909690644,1706.2869873046875,49400,0.0,0.0
2009-12-03 00:00:00+09:00,1715.091200497195,1747.6673680631068,1715.091200497195,1745.906494140625,31600,0.0,0.0
2009-12-04 00:00:00+09:00,1743.2653274613745,1743.2653274613745,1726.5370238140179,1730.939208984375,16400,0.0,0.0
2009-12-07 00:00:00+09:00,1734.4606838265008,1750.308547942682,1733.5802469311575,1736.2215576171875,11600,0.0,0.0
2009-12-08 00:00:00+09:00,1734.4606287154563,1748.5476185933483,1712.44970703125,1712.44970703125,23700,0.0,0.0
2009-12-09 00:00:00+09:00,1713.3304877636024,1731.8196656891087,1713.3304877636024,1727.41748046875,13900,0.0,0.0
2009-12-10 00:00:00+09:00,1725.6563720703125,1727.417245919364,1710.6889443533762,1725.6563720703125,16000,0.0,0.0
2009-12-11 00:00:00+09:00,1724.7762749315957,1725.65671202957,1714.2110297559045,1719.49365234375,32900,0.0,0.0
2009-12-14 00:00:00+09:00,1724.7763049297598,1724.7763049297598,1701.0045028710035,1714.2110595703125,16500,0.0,0.0
2009-12-15 00:00:00+09:00,1703.645784580213,1724.7762749315957,1703.645784580213,1719.49365234375,15900,0.0,0.0
2009-12-16 00:00:00+09:00,1738.8629328820014,1759.1129822269563,1736.2216220978767,1746.786865234375,31100,0.0,0.0
2009-12-17 00:00:00+09:00,1736.2219436769562,1747.6676258614393,1730.9393211302718,1732.7001953125,13000,0.0,0.0
2009-12-18 00:00:00+09:00,1712.449807468849,1745.9064103911196,1712.449807468849,1738.8629150390625,19000,0.0,0.0
2009-12-21 00:00:00+09:00,1746.7870954383284,1747.6675324824,1727.41748046875,1727.41748046875,20900,0.0,0.0
2009-12-22 00:00:00+09:00,1742.3845695386392,1742.3845695386392,1722.134521484375,1722.134521484375,13400,0.0,0.0
2009-12-24 00:00:00+09:00,1722.134838643661,1733.580520086589,1719.4935275414466,1730.939208984375,5900,0.0,0.0
2009-12-25 00:00:00+09:00,1730.9391920180362,1738.86312524701,1721.2543847381794,1723.0152587890625,11600,0.0,0.0
2009-12-28 00:00:00+09:00,1723.8958378336215,1732.700208813364,1719.49365234375,1719.49365234375,9900,0.0,0.0
2009-12-29 00:00:00+09:00,1723.8954982212613,1725.6563720703125,1706.286759730748,1725.6563720703125,13700,0.0,0.0
2009-12-30 00:00:00+09:00,1715.0911027102125,1725.656345642719,1708.047607421875,1708.047607421875,15700,0.0,0.0
2010-01-04 00:00:00+09:00,1699.2434687699808,1723.8957056226022,1699.2434687699808,1721.25439453125,8500,0.0,0.0
2010-01-05 00:00:00+09:00,1725.656772242079,1728.2980836281636,1708.928466796875,1708.928466796875,18000,0.0,0.0
2010-01-06 00:00:00+09:00,1723.8953863070371,1723.8953863070371,1708.927959561777,1712.44970703125,13700,0.0,0.0
2010-01-07 00:00:00+09:00,1710.6894384117243,1723.89599609375,1710.6894384117243,1723.89599609375,14500,0.0,0.0
2010-01-08 00:00:00+09:00,1724.776142653053,1732.70007592711,1716.8522093789961,1721.25439453125,18900,0.0,0.0
2010-01-12 00:00:00+09:00,1742.3848876953125,1749.4283839568398,1721.2543989107305,1742.3848876953125,14700,0.0,0.0
2010-01-13 00:00:00+09:00,1734.4614006582717,1747.6679595465325,1727.4179025845326,1728.29833984375,16800,0.0,0.0
2010-01-14 00:00:00+09:00,1724.7759705515552,1741.5042724609375,1716.852038068164,1741.5042724609375,15000,0.0,0.0
2010-01-15 00:00:00+09:00,1726.5369483711393,1743.2652512875347,1726.5369483711393,1733.5804443359375,17700,0.0,0.0
2010-01-18 00:00:00+09:00,1740.6240163591604,1740.6240163591604,1723.0152756777322,1730.939208984375,10100,0.0,0.0
2010-01-19 00:00:00+09:00,1737.982837809079,1741.5045862139607,1725.6567183919933,1729.178466796875,9900,0.0,0.0
2010-01-20 00:00:00+09:00,1729.178466796875,1737.982837809079,1723.015407088332,1729.178466796875,14100,0.0,0.0
2010-01-21 00:00:00+09:00,1729.1784469480438,1737.9828178591845,1721.254513128017,1732.7001953125,22300,0.0,0.0
2010-01-22 00:00:00+09:00,1723.8954982212613,1734.4607413155693,1716.852002825056,1725.6563720703125,19200,0.0,0.0
2010-01-25 00:00:00+09:00,1732.6998109686062,1737.9824323435107,1721.2541313229804,1724.77587890625,12200,0.0,0.0
2010-01-26 00:00:00+09:00,1725.6561937949639,1731.819251629946,1712.4496412914311,1713.330078125,21500,0.0,0.0
2010-01-27 00:00:00+09:00,1725.6564219193663,1731.8194805690782,1704.5259351203536,1705.4063720703125,23100,0.0,0.0
2010-01-28 00:00:00+09:00,1708.0478613885932,1715.0913577242163,1705.4065502627345,1706.2869873046875,8800,0.0,0.0
2010-01-29 00:00:00+09:00,1716.8522715197944,1716.8522715197944,1699.2435302734375,1699.2435302734375,23100,0.0,0.0
2010-02-01 00:00:00+09:00,1699.2435990903418,1728.2980233234928,1686.0370426207278,1719.49365234375,30300,0.0,0.0
2010-02-02 00:00:00+09:00,1698.3629247312047,1702.765109606091,1687.7976810314772,1696.60205078125,17200,0.0,0.0
2010-02-03 00:00:00+09:00,1696.6021826806007,1699.2434938108768,1693.9608715503248,1694.84130859375,15200,0.0,0.0
2010-02-04 00:00:00+09:00,1698.3630932111196,1699.2435302734375,1694.8413449618483,1699.2435302734375,17000,0.0,0.0
2010-02-05 00:00:00+09:00,1690.4391163793105,1699.2434867771192,1683.3956200610633,1685.156494140625,21700,0.0,0.0
2010-02-08 00:00:00+09:00,1679.8739608571498,1679.8739608571498,1664.0260933018938,1669.3087158203125,23300,0.0,0.0
2010-02-09 00:00:00+09:00,1664.906298347891,1664.906298347891,1647.297559073984,1656.1019287109375,28000,0.0,0.0
2010-02-10 00:00:00+09:00,1662.2650732109541,1664.025947229186,1651.6998291015625,1651.6998291015625,25900,0.0,0.0
2010-02-12 00:00:00+09:00,1656.9824121560262,1660.504160109599,1637.6127984113755,1658.7432861328125,24900,0.0,0.0
2010-02-15 00:00:00+09:00,1656.1023454854733,1660.5045314118036,1647.2979736328125,1647.2979736328125,9500,0.0,0.0
2010-02-16 00:00:00+09:00,1654.3414508463543,1654.3414508463543,1646.4175162760416,1650.8197021484375,8700,0.0,0.0
2010-02-17 00:00:00+09:00,1647.2978735751792,1685.1566702420594,1647.2978735751792,1664.9066162109375,19300,0.0,0.0
2010-02-18 00:00:00+09:00,1665.7871552399406,1677.232838653323,1665.7871552399406,1668.428466796875,7200,0.0,0.0
2010-02-19 00:00:00+09:00,1674.59130859375,1675.4717456645142,1661.3847525322851,1674.59130859375,18400,0.0,0.0
2010-02-22 00:00:00+09:00,1675.4715846516076,1707.167316153162,1672.8302736931446,1681.6346435546875,36600,0.0,0.0
2010-02-23 00:00:00+09:00,1697.4826724336224,1697.4826724336224,1656.9825671784633,1674.59130859375,25600,0.0,0.0
2010-02-24 00:00:00+09:00,1660.5041991927221,1672.8303173203458,1649.0585180742146,1651.6998291015625,21600,0.0,0.0
2010-02-25 00:00:00+09:00,1652.5803292484607,1664.0260108042573,1651.699892205707,1662.26513671875,13800,0.0,0.0
2010-02-26 00:00:00+09:00,1663.1450580662936,1688.6777243891747,1662.264621296539,1678.992919921875,26300,0.0,0.0
2010-03-01 00:00:00+09:00,1690.438795970266,1696.6018540805742,1684.2757378599579,1687.7974853515625,11500,0.0,0.0
2010-03-02 00:00:00+09:00,1698.3631129755038,1698.3631129755038,1681.6348085967923,1695.7218017578125,27800,0.0,0.0
2010-03-03 00:00:00+09:00,1695.721831512451,1695.721831512451,1678.113089752197,1690.439208984375,20200,0.0,0.0
2010-03-04 00:00:00+09:00,1686.0369607537548,1695.7217683612175,1673.7108419806202,1679.8739013671875,21400,0.0,0.0
2010-03-05 00:00:00+09:00,1693.0806024321876,1708.048033654937,1691.3197281706875,1697.4827880859375,23500,0.0,0.0
2010-03-08 00:00:00+09:00,1698.3631427764892,1699.243579864502,1682.5152751922606,1690.439208984375,21000,0.0,0.0
2010-03-09 00:00:00+09:00,1691.3195604200487,1706.2869901582792,1691.3195604200487,1694.84130859375,14700,0.0,0.0
2010-03-10 00:00:00+09:00,1690.4390600496602,1700.123867164528,1684.2760009765625,1684.2760009765625,8600,0.0,0.0
2010-03-11 00:00:00+09:00,1698.3629150390625,1698.3629150390625,1686.0367974597225,1698.3629150390625,6300,0.0,0.0
2010-03-12 00:00:00+09:00,1698.3631952832131,1704.5262550898397,1696.6023210527485,1702.765380859375,29700,0.0,0.0
2010-03-15 00:00:00+09:00,1707.1672828430742,1710.6890307189753,1702.7650979981977,1709.80859375,14800,0.0,0.0
2010-03-16 00:00:00+09:00,1712.4499046569258,1714.2107785948765,1708.0477198120495,1709.80859375,12600,0.0,0.0
2010-03-17 00:00:00+09:00,1711.569646045098,1713.3305201665435,1708.0478978022068,1710.689208984375,19000,0.0,0.0
2010-03-18 00:00:00+09:00,1711.5697520116985,1715.9719375878603,1702.765380859375,1702.765380859375,14300,0.0,0.0
2010-03-19 00:00:00+09:00,1703.6453383575674,1712.44970703125,1700.1235908880944,1712.44970703125,24300,0.0,0.0
2010-03-23 00:00:00+09:00,1715.9714823238185,1721.2541036136815,1712.449734797243,1718.61279296875,27700,0.0,0.0
2010-03-24 00:00:00+09:00,1712.4500242267422,1721.25439453125,1712.4500242267422,1721.25439453125,45600,0.0,0.0
2010-03-25 00:00:00+09:00,1716.85205078125,1719.4933616286057,1713.3303029847757,1716.85205078125,65100,0.0,0.0
2010-03-26 00:00:00+09:00,1717.7324877303686,1722.1346724759615,1699.2433117988783,1716.85205078125,106800,0.0,0.0
2010-03-29 00:00:00+09:00,1685.862244544298,1700.0291541623174,1674.3516304796574,1696.4874267578125,26500,11.0,0.0
2010-03-30 00:00:00+09:00,1683.2058418485963,1696.487318770074,1683.2058418485963,1688.5184326171875,33300,0.0,0.0
2010-03-31 00:00:00+09:00,1684.976438325027,1707.112229685051,1684.091006670626,1694.7161865234375,35000,0.0,0.0
2010-04-01 00:00:00+09:00,1706.2270685124909,1706.2270685124909,1684.9767054381266,1688.5184326171875,23600,0.0,0.0
2010-04-02 00:00:00+09:00,1707.9979426452414,1707.9979426452414,1686.7475794397017,1690.289306640625,16900,0.0,0.0
2010-04-05 00:00:00+09:00,1690.2892161237353,1695.601806640625,1684.0911938540307,1695.601806640625,25500,0.0,0.0
2010-04-06 00:00:00+09:00,1700.0291480557014,1700.0291480557014,1684.976806640625,1684.976806640625,21400,0.0,0.0
2010-04-07 00:00:00+09:00,1692.9456932721362,1694.7165569680274,1684.0913747926793,1684.976806640625,20000,0.0,0.0
2010-04-08 00:00:00+09:00,1684.9763740034134,1689.4035321064175,1684.0909423828125,1684.0909423828125,15500,0.0,0.0
2010-04-09 00:00:00+09:00,1684.0910620283096,1693.830810546875,1683.2056303448037,1693.830810546875,30200,0.0,0.0
2010-04-12 00:00:00+09:00,1689.40380859375,1697.3726944833431,1689.40380859375,1689.40380859375,12200,0.0,0.0
2010-04-13 00:00:00+09:00,1691.174728001483,1692.9455915910132,1681.434978259066,1688.5184326171875,20500,0.0,0.0
2010-04-14 00:00:00+09:00,1677.893119271346,1693.8308903251109,1677.893119271346,1686.7474365234375,19500,0.0,0.0
2010-04-15 00:00:00+09:00,1686.7476703365164,1691.1748295762447,1684.976806640625,1684.976806640625,17100,0.0,0.0
2010-04-16 00:00:00+09:00,1684.9765412871495,1691.1745632466923,1678.7785193276065,1681.434814453125,11900,0.0,0.0
2010-04-19 00:00:00+09:00,1676.1227785936042,1677.0082105949743,1661.0704345703125,1661.0704345703125,35600,0.0,0.0
2010-04-20 00:00:00+09:00,1660.1846120614546,1669.9243617855484,1657.5283166821562,1667.26806640625,21300,0.0,0.0
2010-04-21 00:00:00+09:00,1668.1533046690356,1686.7473701669387,1666.382441288283,1685.8619384765625,22100,0.0,0.0
2010-04-22 00:00:00+09:00,1670.809905567808,1674.3516329775966,1661.0701551908892,1665.497314453125,28300,0.0,0.0
2010-04-23 00:00:00+09:00,1665.4971784319196,1684.091245814732,1665.4971784319196,1673.466064453125,20300,0.0,0.0
2010-04-26 00:00:00+09:00,1674.3512584722155,1694.7161865234375,1674.3512584722155,1694.7161865234375,42900,0.0,0.0
2010-04-27 00:00:00+09:00,1694.716507268437,1697.372802734375,1681.435029938747,1697.372802734375,26000,0.0,0.0
2010-04-28 00:00:00+09:00,1686.7475411551338,1690.2892682756697,1669.9243373325892,1673.466064453125,28800,0.0,0.0
2010-04-30 00:00:00+09:00,1685.86215059978,1714.1959682569193,1682.3204233926376,1711.5396728515625,44700,0.0,0.0
2010-05-06 00:00:00+09:00,1683.2055107622116,1692.945258588821,1677.8929210386066,1684.0909423828125,30500,0.0,0.0
2010-05-07 00:00:00+09:00,1684.976677594866,1704.4561767578125,1667.2680419921874,1673.466064453125,36400,0.0,0.0
2010-05-10 00:00:00+09:00,1670.8099423057154,1682.320556640625,1667.2682148180509,1682.320556640625,24000,0.0,0.0
2010-05-11 00:00:00+09:00,1682.3203472852076,1682.3203472852076,1673.4660296679172,1677.8931884765625,16300,0.0,0.0
2010-05-12 00:00:00+09:00,1677.8931884765625,1682.3203472852076,1676.1223249531042,1677.8931884765625,13600,0.0,0.0
2010-05-13 00:00:00+09:00,1677.8931779654895,1683.2057685025834,1676.122314453125,1676.122314453125,16000,0.0,0.0
2010-05-14 00:00:00+09:00,1674.351219679393,1677.892946214939,1668.1531982421875,1668.1531982421875,19600,0.0,0.0
2010-05-17 00:00:00+09:00,1671.6949483051412,1671.6949483051412,1658.4134736099202,1661.9552001953125,46100,0.0,0.0
2010-05-18 00:00:00+09:00,1660.1844694209644,1667.2679231571606,1659.29903770394,1663.7261962890625,12800,0.0,0.0
2010-05-19 00:00:00+09:00,1668.1535476023275,1668.1535476023275,1649.559479396569,1654.8720703125,24500,0.0,0.0
2010-05-20 00:00:00+09:00,1654.8721877727103,1667.2682341230677,1653.9867558905419,1664.6119384765625,30500,0.0,0.0
2010-05-21 00:00:00+09:00,1664.611799388405,1664.611799388405,1646.9031632246983,1651.330322265625,34700,0.0,0.0
2010-05-24 00:00:00+09:00,1647.7886092745025,1669.0389728546143,1640.7051547477986,1643.3614501953125,30200,0.0,0.0
2010-05-25 00:00:00+09:00,1638.9340980983966,1638.9340980983966,1618.5691687325061,1621.2254638671875,29400,0.0,0.0
2010-05-26 00:00:00+09:00,1622.9962788571777,1629.1943006531405,1549.5054489907586,1592.8916015625,44700,0.0,0.0
2010-05-27 00:00:00+09:00,1568.100322315365,1575.183779446095,1557.47513661927,1564.55859375,33700,0.0,0.0
2010-05-28 00:00:00+09:00,1573.4121679549178,1592.0062340928205,1560.13069214213,1562.7869873046875,33100,0.0,0.0
2010-05-31 00:00:00+09:00,1576.0686820135238,1605.287932859842,1576.0686820135238,1599.975341796875,22900,0.0,0.0
2010-06-01 00:00:00+09:00,1613.2568194542923,1613.2568194542923,1594.662750733908,1599.975341796875,9500,0.0,0.0
2010-06-02 00:00:00+09:00,1613.2568654400811,1613.2568654400811,1593.777364320607,1597.319091796875,20500,0.0,0.0
2010-06-03 00:00:00+09:00,1603.5166645278848,1628.3087498988295,1601.7458012871032,1623.881591796875,17400,0.0,0.0
2010-06-04 00:00:00+09:00,1612.3713029274413,1622.111052698008,1607.0587121434958,1616.7984619140625,15700,0.0,0.0
2010-06-07 00:00:00+09:00,1618.5691554857335,1618.5691554857335,1584.922750721807,1588.4644775390625,11600,0.0,0.0
2010-06-08 00:00:00+09:00,1584.922900228853,1611.4858538639735,1579.610309501829,1603.5169677734375,13200,0.0,0.0
2010-06-09 00:00:00+09:00,1593.7772284800744,1615.9130233200754,1586.693774131274,1605.287841796875,12500,0.0,0.0
2010-06-10 00:00:00+09:00,1611.485832951615,1634.5070591366382,1599.9752198591036,1630.96533203125,22500,0.0,0.0
2010-06-11 00:00:00+09:00,1614.1422670111892,1675.237064830044,1614.1422670111892,1665.497314453125,61600,0.0,0.0
2010-06-14 00:00:00+09:00,1650.445260499867,1665.4976046138677,1650.445260499867,1662.84130859375,9100,0.0,0.0
2010-06-15 00:00:00+09:00,1650.4448829574058,1671.6952462572867,1646.903155740759,1670.809814453125,9300,0.0,0.0
2010-06-16 00:00:00+09:00,1670.8095146437822,1671.6949462890625,1661.9551981909801,1671.6949462890625,16900,0.0,0.0
2010-06-17 00:00:00+09:00,1667.2679548916196,1673.4659770287633,1664.6116596899867,1669.038818359375,9700,0.0,0.0
2010-06-18 00:00:00+09:00,1668.1531982421875,1669.9240615099604,1654.8717237338897,1668.1531982421875,13500,0.0,0.0
2010-06-21 00:00:00+09:00,1672.5806988696456,1677.0078579455314,1648.6740398598627,1674.3515625,27600,0.0,0.0
2010-06-22 00:00:00+09:00,1658.4137241908481,1677.0077915736606,1646.903111049107,1673.466064453125,18800,0.0,0.0
2010-06-23 00:00:00+09:00,1660.1846336546005,1667.2680880915268,1629.194520493048,1639.8197021484375,21600,0.0,0.0
2010-06-24 00:00:00+09:00,1607.058739333585,1639.8197163888701,1607.058739333585,1631.850830078125,13300,0.0,0.0
2010-06-25 00:00:00+09:00,1607.05907849298,1656.6432704464823,1599.9756224996224,1649.559814453125,23200,0.0,0.0
2010-06-28 00:00:00+09:00,1649.5598185525012,1665.497594577163,1649.5598185525012,1661.0704345703125,19600,0.0,0.0
2010-06-29 00:00:00+09:00,1644.2468678001426,1658.4137767311076,1642.476004183772,1651.330322265625,18200,0.0,0.0
2010-06-30 00:00:00+09:00,1644.2467984375,1669.0388880208334,1638.0487760416668,1660.1845703125,22800,0.0,0.0
2010-07-01 00:00:00+09:00,1641.5905865636366,1655.7574956170445,1638.9342911161227,1643.3614501953125,13800,0.0,0.0
2010-07-02 00:00:00+09:00,1638.048838539206,1641.590565757669,1629.194520493048,1639.8197021484375,16600,0.0,0.0
2010-07-05 00:00:00+09:00,1630.9655269541638,1669.0390978874045,1624.7675037789852,1664.6119384765625,16200,0.0,0.0
2010-07-06 00:00:00+09:00,1661.070043854554,1668.1534981993495,1644.2468397856646,1667.26806640625,26100,0.0,0.0
2010-07-07 00:00:00+09:00,1655.7574114583333,1663.7262973958334,1652.2156843750001,1660.1845703125,11000,0.0,0.0
2010-07-08 00:00:00+09:00,1663.7259615682394,1684.0908881866906,1663.7259615682394,1675.236572265625,26300,0.0,0.0
2010-07-09 00:00:00+09:00,1684.0909893229857,1684.0909893229857,1665.496924772101,1671.6949462890625,11800,0.0,0.0
2010-07-12 00:00:00+09:00,1674.3514087626409,1679.6639991659067,1665.4970914238643,1669.038818359375,10100,0.0,0.0
2010-07-13 00:00:00+09:00,1682.3199836575254,1682.3199836575254,1648.673583984375,1648.673583984375,16100,0.0,0.0
2010-07-14 00:00:00+09:00,1639.8199612618002,1668.1537834866263,1639.8199612618002,1653.1014404296875,17700,0.0,0.0
2010-07-15 00:00:00+09:00,1650.4448942742044,1657.528348756068,1639.819712551409,1641.590576171875,16800,0.0,0.0
2010-07-16 00:00:00+09:00,1640.7048124619728,1667.267761395518,1634.5067910441455,1637.1630859375,12900,0.0,0.0
2010-07-21 00:00:00+09:00,1640.7053887705986,1640.7053887705986,1620.3404541015625,1620.3404541015625,19200,0.0,0.0
2010-07-22 00:00:00+09:00,1620.3402410768995,1646.017764022927,1613.2567864710988,1625.65283203125,9300,0.0,0.0
2010-07-23 00:00:00+09:00,1621.2257389074834,1636.2780805576347,1612.3714202897472,1626.538330078125,14200,0.0,0.0
2010-07-26 00:00:00+09:00,1620.3398653153115,1628.3087498988295,1615.9127072133572,1623.881591796875,9100,0.0,0.0
2010-07-27 00:00:00+09:00,1617.6837552980896,1636.2778214509412,1614.1420284118321,1634.5069580078125,9900,0.0,0.0
2010-07-28 00:00:00+09:00,1624.7671957915684,1651.3301472214032,1624.7671957915684,1642.475830078125,15100,0.0,0.0
2010-07-29 00:00:00+09:00,1619.4550221594304,1639.8199568284665,1619.4550221594304,1620.3404541015625,12800,0.0,0.0
2010-07-30 00:00:00+09:00,1626.5381942572085,1626.5381942572085,1598.2043770464134,1603.5169677734375,27200,0.0,0.0
2010-08-02 00:00:00+09:00,1611.4859619140625,1624.7674396221453,1606.1733708308293,1611.4859619140625,11900,0.0,0.0
2010-08-03 00:00:00+09:00,1616.7984236096975,1638.0487862420264,1616.7984236096975,1630.96533203125,16400,0.0,0.0
2010-08-04 00:00:00+09:00,1622.996228669819,1628.308818616365,1606.1730271724232,1615.02734375,17500,0.0,0.0
2010-08-05 00:00:00+09:00,1626.5378281896835,1644.2464599609375,1624.766965012558,1644.2464599609375,26500,0.0,0.0
2010-08-06 00:00:00+09:00,1638.0487513271098,1638.934183084584,1620.3401161776276,1635.3924560546875,10300,0.0,0.0
2010-08-09 00:00:00+09:00,1628.3087696263183,1643.3611073553272,1621.225316577373,1637.1630859375,16800,0.0,0.0
2010-08-10 00:00:00+09:00,1638.0487862420264,1638.0487862420264,1622.1110142677796,1630.96533203125,13200,0.0,0.0
2010-08-11 00:00:00+09:00,1626.5379445047724,1628.3088078085336,1609.71474311904,1613.2564697265625,21200,0.0,0.0
2010-08-12 00:00:00+09:00,1612.3714553633113,1622.1112060546875,1611.486023482277,1622.1112060546875,14800,0.0,0.0
2010-08-13 00:00:00+09:00,1620.3404541015625,1627.4239096386186,1610.6007027381106,1620.3404541015625,16000,0.0,0.0
2010-08-16 00:00:00+09:00,1616.798138833748,1624.767023417266,1612.3709807317937,1623.881591796875,6900,0.0,0.0
2010-08-17 00:00:00+09:00,1622.9966379357218,1623.882069816756,1615.0277510064138,1622.1112060546875,16700,0.0,0.0
2010-08-18 00:00:00+09:00,1618.5693010412406,1626.538187096695,1614.1421421215434,1622.9964599609375,14600,0.0,0.0
2010-08-19 00:00:00+09:00,1620.3401921452703,1638.048828125,1617.6838967483109,1638.048828125,18500,0.0,0.0
2010-08-20 00:00:00+09:00,1638.0485518118307,1638.0485518118307,1624.7670770674104,1632.7359619140625,19800,0.0,0.0
2010-08-23 00:00:00+09:00,1630.965489386993,1630.965489386993,1618.5694433221624,1626.538330078125,19500,0.0,0.0
2010-08-24 00:00:00+09:00,1630.9650447600022,1630.9650447600022,1614.1418439725753,1623.881591796875,16600,0.0,0.0
2010-08-25 00:00:00+09:00,1628.309326171875,1632.7364858406404,1615.9132790993322,1628.309326171875,18100,0.0,0.0
2010-08-26 00:00:00+09:00,1635.392689940083,1635.392689940083,1622.996643562627,1633.621826171875,15500,0.0,0.0
2010-08-27 00:00:00+09:00,1629.1945308286138,1641.590576171875,1615.9130536751197,1641.590576171875,24900,0.0,0.0
2010-08-30 00:00:00+09:00,1658.4137975897875,1662.8409566863966,1643.3614566613162,1654.8720703125,17900,0.0,0.0
2010-08-31 00:00:00+09:00,1641.5905522391413,1652.2157338070322,1615.9130301167384,1616.7984619140625,19800,0.0,0.0
2010-09-01 00:00:00+09:00,1619.4546844201534,1638.0487513271098,1608.8295033304641,1635.3924560546875,29700,0.0,0.0
2010-09-02 00:00:00+09:00,1646.9032600598457,1659.299306103307,1641.5906688983623,1657.5284423828125,19200,0.0,0.0
2010-09-03 00:00:00+09:00,1646.9032189365107,1661.0701283467174,1641.5906279076833,1650.4449462890625,17400,0.0,0.0
2010-09-06 00:00:00+09:00,1653.9865479166667,1662.840865625,1647.7885255208334,1660.1845703125,13900,0.0,0.0
2010-09-07 00:00:00+09:00,1652.2157540738103,1662.8409357720343,1647.7885950328837,1651.330322265625,8800,0.0,0.0
2010-09-08 00:00:00+09:00,1656.6426551843276,1659.2989501953125,1650.4446334920292,1659.2989501953125,10600,0.0,0.0
2010-09-09 00:00:00+09:00,1657.5284834192155,1664.6119384765625,1656.643051537047,1664.6119384765625,11400,0.0,0.0
2010-09-10 00:00:00+09:00,1661.069755869731,1677.8929570219298,1660.1843242301416,1669.924072265625,42600,0.0,0.0
2010-09-13 00:00:00+09:00,1677.8932688864186,1682.320427907227,1669.0389508448015,1670.809814453125,11000,0.0,0.0
2010-09-14 00:00:00+09:00,1667.2681079785827,1681.4350170214173,1665.4972443482286,1674.3515625,9800,0.0,0.0
2010-09-16 00:00:00+09:00,1682.3203578017924,1695.601834310754,1674.3514718964154,1679.6640625,9000,0.0,0.0
2010-09-17 00:00:00+09:00,1686.7475898299524,1698.2582033038575,1684.0912944128972,1692.0601806640625,16200,0.0,0.0
2010-09-21 00:00:00+09:00,1708.8837287274341,1708.8837287274341,1692.060521035299,1698.258544921875,25600,0.0,0.0
2010-09-22 00:00:00+09:00,1699.1434565588022,1699.1434565588022,1692.9454345703125,1692.9454345703125,21200,0.0,0.0
2010-09-24 00:00:00+09:00,1688.5184467665388,1698.2581965905722,1679.66412874469,1680.549560546875,40600,0.0,0.0
2010-09-27 00:00:00+09:00,1671.6952217529038,1677.0078125,1659.2991766763462,1677.0078125,93300,0.0,0.0
2010-09-28 00:00:00+09:00,1664.5525119183471,1669.0008083157772,1647.6489856081128,1662.773193359375,58300,9.0,0.0
2010-09-29 00:00:00+09:00,1667.2217565780663,1667.2217565780663,1646.7595898751338,1660.994140625,29700,0.0,0.0
2010-09-30 00:00:00+09:00,1654.7664653535378,1655.656124743513,1628.9663430442622,1636.0836181640625,33800,0.0,0.0
2010-10-01 00:00:00+09:00,1635.19390943327,1635.19390943327,1610.283447265625,1610.283447265625,51100,0.0,0.0
2010-10-04 00:00:00+09:00,1612.0626849756268,1612.0626849756268,1596.9384765625,1596.9384765625,22100,0.0,0.0
2010-10-05 00:00:00+09:00,1590.710876733721,1622.738612506883,1587.152239425592,1615.621337890625,27000,0.0,0.0
2010-10-06 00:00:00+09:00,1615.6212374888023,1621.8488523910169,1602.2763484126283,1613.8419189453125,18900,0.0,0.0
2010-10-07 00:00:00+09:00,1614.7317091659224,1636.9731927632492,1596.938522288061,1603.1661376953125,26000,0.0,0.0
2010-10-08 00:00:00+09:00,1601.3865429146467,1625.4073410583665,1601.3865429146467,1605.8348388671875,25600,0.0,0.0
2010-10-12 00:00:00+09:00,1607.614621133385,1607.614621133385,1578.255859375,1578.255859375,25300,0.0,0.0
2010-10-13 00:00:00+09:00,1578.255634643624,1584.4832498874264,1565.8004041560193,1566.6900634765625,25700,0.0,0.0
2010-10-14 00:00:00+09:00,1568.4693386348042,1575.586613001837,1565.8003607471671,1570.2486572265625,18600,0.0,0.0
2010-10-15 00:00:00+09:00,1577.3660060662028,1577.3660060662028,1553.345203943367,1554.23486328125,28400,0.0,0.0
2010-10-18 00:00:00+09:00,1548.896589185656,1578.2553413069234,1539.1103384785667,1560.462158203125,16900,0.0,0.0
2010-10-19 00:00:00+09:00,1561.351817358315,1587.1519328588226,1556.9035215823653,1560.462158203125,16100,0.0,0.0
2010-10-20 00:00:00+09:00,1557.793263055543,1559.5725814599468,1534.6621237982934,1543.5587158203125,27100,0.0,0.0
2010-10-21 00:00:00+09:00,1542.6690710213782,1542.6690710213782,1513.3103170746044,1522.2069091796875,33500,0.0,0.0
2010-10-22 00:00:00+09:00,1521.3178614277144,1522.2075209958007,1479.5038617276543,1483.0625,59200,0.0,0.0
2010-10-25 00:00:00+09:00,1467.9378747066735,1471.4965119786896,1424.3445681244752,1457.261962890625,55100,0.0,0.0
2010-10-26 00:00:00+09:00,1468.8277268968186,1490.1795533326294,1468.8277268968186,1481.282958984375,43600,0.0,0.0
2010-10-27 00:00:00+09:00,1480.3928478033472,1491.0687577634676,1473.2755744966003,1488.3997802734375,30000,0.0,0.0
2010-10-28 00:00:00+09:00,1494.6275960140877,1499.965551714138,1472.3861139305448,1491.9586181640625,43300,0.0,0.0
2010-10-29 00:00:00+09:00,1494.6276319550304,1499.9655877834414,1452.813644632479,1459.041259765625,27300,0.0,0.0
2010-11-01 00:00:00+09:00,1466.1585392223224,1485.7310439934943,1466.1585392223224,1478.61376953125,23200,0.0,0.0
2010-11-02 00:00:00+09:00,1479.5037273628632,1483.9520247993119,1453.70360223146,1454.59326171875,16800,0.0,0.0
2010-11-04 00:00:00+09:00,1462.5999211761864,1484.8414041624424,1462.5999211761864,1467.0482177734375,32400,0.0,0.0
2010-11-05 00:00:00+09:00,1489.2895365494949,1494.6274918776294,1471.4963521223804,1480.3929443359375,32100,0.0,0.0
2010-11-08 00:00:00+09:00,1483.9519822700172,1494.627895811528,1478.6140254992617,1487.5106201171875,24500,0.0,0.0
2010-11-09 00:00:00+09:00,1484.8416289636252,1493.738223505049,1462.6001426100659,1468.8277587890625,19800,0.0,0.0
2010-11-10 00:00:00+09:00,1469.7171957317883,1482.1724262040916,1459.9309432178356,1467.0482177734375,26500,0.0,0.0
2010-11-11 00:00:00+09:00,1467.0483493140798,1467.0483493140798,1450.1448207288963,1456.3724365234375,24200,0.0,0.0
2010-11-12 00:00:00+09:00,1457.262240180619,1466.1588350535167,1454.59326171875,1454.59326171875,17600,0.0,0.0
2010-11-15 00:00:00+09:00,1454.5932838453957,1459.0415813495101,1450.1449863412815,1452.81396484375,17300,0.0,0.0
2010-11-16 00:00:00+09:00,1452.8137974287456,1454.5931162253517,1445.6965222423219,1446.586181640625,31100,0.0,0.0
2010-11-17 00:00:00+09:00,1443.917236328125,1446.5862145838148,1437.6896203981826,1443.917236328125,21400,0.0,0.0
2010-11-18 00:00:00+09:00,1443.9170731205643,1457.261962890625,1437.689457894536,1457.261962890625,26100,0.0,0.0
2010-11-19 00:00:00+09:00,1455.4826333940284,1459.9309299508561,1452.8136554599316,1458.151611328125,33500,0.0,0.0
2010-11-22 00:00:00+09:00,1459.0412353665313,1459.0412353665313,1447.4756645983819,1451.0343017578125,30200,0.0,0.0
2010-11-24 00:00:00+09:00,1443.0273654513887,1451.0342990451388,1439.468728298611,1441.248046875,16400,0.0,0.0
2010-11-25 00:00:00+09:00,1442.1375732421875,1449.254846891748,1435.0202995926272,1442.1375732421875,34400,0.0,0.0
2010-11-26 00:00:00+09:00,1443.0274440220423,1458.1516527448382,1443.0274440220423,1444.8067626953125,15900,0.0,0.0
2010-11-29 00:00:00+09:00,1442.1377196516728,1458.1515869889522,1442.1377196516728,1450.1446533203125,20400,0.0,0.0
2010-11-30 00:00:00+09:00,1448.3654768548045,1450.1447956224395,1438.5792236328125,1438.5792236328125,26500,0.0,0.0
2010-12-01 00:00:00+09:00,1439.4689064542013,1452.8137974287456,1435.9102688609894,1446.586181640625,21400,0.0,0.0
2010-12-02 00:00:00+09:00,1453.7034238437116,1454.593083221829,1445.6964894406556,1449.255126953125,21300,0.0,0.0
2010-12-03 00:00:00+09:00,1453.7033147712973,1462.5999078849527,1452.8136554599316,1458.151611328125,22900,0.0,0.0
2010-12-06 00:00:00+09:00,1463.489338177269,1502.6343417516155,1463.489338177269,1497.29638671875,33900,0.0,0.0
2010-12-07 00:00:00+09:00,1489.289568065542,1507.972412109375,1489.289568065542,1507.972412109375,28200,0.0,0.0
2010-12-08 00:00:00+09:00,1503.524197048611,1521.3173828125,1494.6276041666665,1521.3173828125,30300,0.0,0.0
2010-12-09 00:00:00+09:00,1521.3176147460938,1529.324549560547,1505.3037451171874,1512.4210205078125,25900,0.0,0.0
2010-12-10 00:00:00+09:00,1513.310378397792,1517.7586746305897,1491.9585564803626,1507.082763671875,64700,0.0,0.0
2010-12-13 00:00:00+09:00,1503.524348420917,1515.089920331847,1494.6277546432784,1508.8623046875,18500,0.0,0.0
2010-12-14 00:00:00+09:00,1517.7587564913692,1520.427734375,1512.4208007241077,1520.427734375,17300,0.0,0.0
2010-12-15 00:00:00+09:00,1521.317185594651,1529.3241181504122,1512.4205938660273,1527.5447998046875,24000,0.0,0.0
2010-12-16 00:00:00+09:00,1537.3313424448957,1537.3313424448957,1528.4347490279692,1533.772705078125,26500,0.0,0.0
2010-12-17 00:00:00+09:00,1534.662040887877,1541.7793141209802,1529.3240859630496,1530.2137451171875,23400,0.0,0.0
2010-12-20 00:00:00+09:00,1527.5450896862765,1537.3313424448957,1525.7657710028911,1533.772705078125,19100,0.0,0.0
2010-12-21 00:00:00+09:00,1536.4417943982112,1545.338388459579,1534.6624755859375,1534.6624755859375,33800,0.0,0.0
2010-12-22 00:00:00+09:00,1535.5518877169632,1535.5518877169632,1521.3173395110123,1524.8759765625,22000,0.0,0.0
2010-12-24 00:00:00+09:00,1516.8691054497597,1517.758764749144,1503.5242159589993,1509.7518310546875,17700,0.0,0.0
2010-12-27 00:00:00+09:00,1526.655357742984,1528.434676341752,1507.0828531565355,1509.7518310546875,33500,0.0,0.0
2010-12-28 00:00:00+09:00,1515.9793731778425,1528.4346027696793,1515.9793731778425,1525.765625,16800,0.0,0.0
2010-12-29 00:00:00+09:00,1531.9932781074285,1544.448508010741,1528.4346409921964,1542.669189453125,15300,0.0,0.0
2010-12-30 00:00:00+09:00,1542.6691430847839,1544.4484615889187,1529.3242543037736,1536.4415283203125,13100,0.0,0.0
2011-01-04 00:00:00+09:00,1543.5589620583655,1556.9038522202534,1539.1106653377362,1553.34521484375,14700,0.0,0.0
2011-01-05 00:00:00+09:00,1548.007232559929,1556.014166521446,1534.6623426240676,1535.552001953125,22200,0.0,0.0
2011-01-06 00:00:00+09:00,1533.7724932815224,1536.4414709380449,1529.3241971873185,1531.103515625,14900,0.0,0.0
2011-01-07 00:00:00+09:00,1548.007095443619,1548.007095443619,1526.6552734375,1526.6552734375,16700,0.0,0.0
2011-01-11 00:00:00+09:00,1533.772414014724,1540.889687397623,1521.317185594651,1527.5447998046875,25700,0.0,0.0
2011-01-12 00:00:00+09:00,1538.2206775044287,1550.6759056623594,1529.3240859630496,1530.2137451171875,22200,0.0,0.0
2011-01-13 00:00:00+09:00,1539.1105029410694,1548.007095443619,1524.8759549369902,1526.6552734375,26700,0.0,0.0
2011-01-14 00:00:00+09:00,1525.7654493464981,1537.3310183502908,1524.8757901923602,1530.2137451171875,23300,0.0,0.0
2011-01-17 00:00:00+09:00,1531.9930634254633,1535.551700042015,1519.5378352675327,1530.2137451171875,26600,0.0,0.0
2011-01-18 00:00:00+09:00,1526.655108500636,1538.2206775044287,1525.7654493464981,1530.2137451171875,16300,0.0,0.0
2011-01-19 00:00:00+09:00,1531.1037270530471,1547.1175952035148,1531.1037270530471,1533.772705078125,19500,0.0,0.0
2011-01-20 00:00:00+09:00,1533.7727159886463,1536.44169403271,1528.4347599005189,1532.883056640625,19700,0.0,0.0
2011-01-21 00:00:00+09:00,1530.2141075898114,1531.993426319567,1509.7519421976222,1510.6416015625,35500,0.0,0.0
2011-01-24 00:00:00+09:00,1510.6413823079142,1519.5379746654403,1506.1930861291512,1518.6483154296875,19600,0.0,0.0
2011-01-25 00:00:00+09:00,1519.538064236111,1530.2139756944443,1510.6414713541667,1521.3173828125,23600,0.0,0.0
2011-01-26 00:00:00+09:00,1530.2139756944443,1531.9932942708333,1518.6484049479166,1521.3173828125,10400,0.0,0.0
2011-01-27 00:00:00+09:00,1512.4207468822929,1532.8829099283473,1512.4207468822929,1524.8759765625,14700,0.0,0.0
2011-01-28 00:00:00+09:00,1527.5451294951781,1527.5451294951781,1510.6416015625,1510.6416015625,19500,0.0,0.0
2011-01-31 00:00:00+09:00,1510.6418125482253,1526.6556833526236,1498.18657970036,1513.310791015625,22300,0.0,0.0
2011-02-01 00:00:00+09:00,1511.531141429564,1523.9863715531744,1510.6414821350204,1520.427734375,15200,0.0,0.0
2011-02-02 00:00:00+09:00,1522.206776413962,1536.4413225405683,1522.206776413962,1523.096435546875,20600,0.0,0.0
2011-02-03 00:00:00+09:00,1521.3171172810491,1527.5447312114393,1517.7584807493974,1523.096435546875,8600,0.0,0.0
2011-02-04 00:00:00+09:00,1527.5450032082222,1547.1175076174131,1527.5450032082222,1540.889892578125,21600,0.0,0.0
2011-02-07 00:00:00+09:00,1548.007090888262,1548.007090888262,1535.551861421345,1547.117431640625,16700,0.0,0.0
2011-02-08 00:00:00+09:00,1548.8967578492554,1551.5657356054573,1536.4415283203125,1536.4415283203125,19900,0.0,0.0
2011-02-09 00:00:00+09:00,1550.6760038446903,1552.455322265625,1535.5517972667444,1552.455322265625,15300,0.0,0.0
2011-02-10 00:00:00+09:00,1552.455322265625,1554.23464068656,1548.007026213288,1552.455322265625,8700,0.0,0.0
2011-02-14 00:00:00+09:00,1554.23464068656,1556.9036183179621,1548.007026213288,1552.455322265625,8600,0.0,0.0
2011-02-15 00:00:00+09:00,1544.448578125,1558.6831272321429,1544.448578125,1556.90380859375,13800,0.0,0.0
2011-02-16 00:00:00+09:00,1557.7935572361444,1562.2418540871897,1557.7935572361444,1559.5728759765625,16700,0.0,0.0
2011-02-17 00:00:00+09:00,1556.903698771295,1606.7246171319764,1550.6760839762098,1596.0487060546875,48000,0.0,0.0
2011-02-18 00:00:00+09:00,1602.2765129974534,1617.4007221706665,1596.0488974555421,1610.283447265625,20900,0.0,0.0
2011-02-21 00:00:00+09:00,1601.3868210924572,1615.6213706132792,1601.3868210924572,1612.952392578125,17600,0.0,0.0
2011-02-22 00:00:00+09:00,1614.731744081276,1627.1869751650984,1604.945491086844,1610.283447265625,20700,0.0,0.0
2011-02-23 00:00:00+09:00,1606.7244252801408,1614.7313576320353,1591.6002197265625,1591.6002197265625,21600,0.0,0.0
2011-02-24 00:00:00+09:00,1580.9245632094826,1609.3936605773517,1580.9245632094826,1590.7108154296875,19400,0.0,0.0
2011-02-25 00:00:00+09:00,1584.4830182949922,1608.503816438712,1584.4830182949922,1605.8348388671875,14300,0.0,0.0
2011-02-28 00:00:00+09:00,1604.9452297359264,1626.2970509740985,1595.1589783350976,1621.8487548828125,17600,0.0,0.0
2011-03-01 00:00:00+09:00,1628.0764672932314,1630.7454451084661,1610.2832818583327,1613.8419189453125,18200,0.0,0.0
2011-03-02 00:00:00+09:00,1603.1660264696695,1626.2971678060799,1602.2763671875,1602.2763671875,21600,0.0,0.0
2011-03-03 00:00:00+09:00,1602.2761952007086,1625.4073340542448,1602.2761952007086,1616.5107421875,14900,0.0,0.0
2011-03-04 00:00:00+09:00,1627.186988042475,1628.0766474126458,1619.1800537109375,1619.1800537109375,13000,0.0,0.0
2011-03-07 00:00:00+09:00,1628.9662938913589,1628.9662938913589,1602.2765129974534,1610.283447265625,23500,0.0,0.0
2011-03-08 00:00:00+09:00,1617.4004300287281,1624.5177036482166,1604.0555419921875,1604.0555419921875,21200,0.0,0.0
2011-03-09 00:00:00+09:00,1606.7249535754718,1619.1801857737312,1605.835294132739,1608.5042724609375,23200,0.0,0.0
2011-03-10 00:00:00+09:00,1606.7244980576957,1610.2831348197283,1603.165861295663,1605.8348388671875,19100,0.0,0.0
2011-03-11 00:00:00+09:00,1605.8350893784855,1605.8350893784855,1585.3729248046875,1585.3729248046875,67500,0.0,0.0
2011-03-14 00:00:00+09:00,1467.9375457763672,1581.813912963867,1454.592658996582,1494.6273193359375,42100,0.0,0.0
2011-03-15 00:00:00+09:00,1476.8346221980587,1480.3932598419094,1405.661869321044,1435.0206298828125,82500,0.0,0.0
2011-03-16 00:00:00+09:00,1423.455138868122,1487.5106201171875,1414.5585442501963,1487.5106201171875,81200,0.0,0.0
2011-03-17 00:00:00+09:00,1472.3861640670793,1526.6553821988568,1450.144681226187,1517.7587890625,59600,0.0,0.0
2011-03-18 00:00:00+09:00,1518.6486364746095,1567.5799047851563,1508.8623828125,1512.4210205078125,64800,0.0,0.0
2011-03-22 00:00:00+09:00,1571.1383774163878,1580.0349707199914,1532.8830262108925,1545.3382568359375,37400,0.0,0.0
2011-03-23 00:00:00+09:00,1539.1105138483965,1548.007106413994,1521.3173287172012,1525.765625,42300,0.0,0.0
2011-03-24 00:00:00+09:00,1526.6551870492788,1532.882801448664,1503.5240478515625,1503.5240478515625,52000,0.0,0.0
2011-03-25 00:00:00+09:00,1502.6347506700974,1502.6347506700974,1472.3863305855602,1474.1656494140625,58400,0.0,0.0
2011-03-28 00:00:00+09:00,1475.0551051584728,1500.855224609375,1468.8274901185998,1500.855224609375,235700,0.0,0.0
2011-03-29 00:00:00+09:00,1475.020440190816,1507.202704340434,1459.8232598979412,1491.111572265625,101200,8.1,0.0
2011-03-30 00:00:00+09:00,1484.8538393485674,1517.9300537109375,1476.8082736928557,1517.9300537109375,37900,0.0,0.0
2011-03-31 00:00:00+09:00,1512.5661938027934,1512.5661938027934,1494.6871607791197,1508.096435546875,32400,0.0,0.0
2011-04-01 00:00:00+09:00,1500.9449550875888,1506.3086654690812,1475.914306640625,1475.914306640625,27200,0.0,0.0
2011-04-04 00:00:00+09:00,1475.9142153468276,1483.065828746449,1475.020263671875,1475.020263671875,17300,0.0,0.0
2011-04-05 00:00:00+09:00,1475.9142227266927,1475.9142227266927,1443.7319622674795,1449.9896240234375,32400,0.0,0.0
2011-04-06 00:00:00+09:00,1448.2015106449594,1452.6712683938636,1424.0648188008768,1427.640625,36300,0.0,0.0
2011-04-07 00:00:00+09:00,1423.1711438080526,1430.3227575960327,1417.8074334670675,1419.5953369140625,29800,0.0,0.0
2011-04-08 00:00:00+09:00,1419.5950605212563,1440.1559461585289,1416.9132058729163,1431.2164306640625,23400,0.0,0.0
2011-04-11 00:00:00+09:00,1430.3224179273238,1438.367981528165,1429.4284664161191,1433.0042724609375,26400,0.0,0.0
2011-04-12 00:00:00+09:00,1426.7466729168293,1438.3680430596355,1419.5950605212563,1431.2164306640625,15400,0.0,0.0
2011-04-13 00:00:00+09:00,1430.3226870761407,1461.6109958559312,1430.3226870761407,1449.9896240234375,23800,0.0,0.0
2011-04-14 00:00:00+09:00,1454.4594663563248,1475.020356169598,1451.7776111632893,1472.3385009765625,26500,0.0,0.0
2011-04-15 00:00:00+09:00,1473.2323888710773,1488.4295676397717,1473.2323888710773,1481.2779541015625,22000,0.0,0.0
2011-04-18 00:00:00+09:00,1492.0055314591787,1492.0055314591787,1472.338592158938,1473.2325439453125,12300,0.0,0.0
2011-04-19 00:00:00+09:00,1470.5505727257132,1470.5505727257132,1442.83806953149,1455.3533935546875,17200,0.0,0.0
2011-04-20 00:00:00+09:00,1469.6564914869225,1483.9597176814425,1465.186733301135,1480.3839111328125,25600,0.0,0.0
2011-04-21 00:00:00+09:00,1481.2780182866813,1482.1719700176932,1472.3385009765625,1472.3385009765625,20100,0.0,0.0
2011-04-22 00:00:00+09:00,1468.762759898385,1475.0204222960042,1456.247435103146,1459.8232421875,33700,0.0,0.0
2011-04-25 00:00:00+09:00,1457.141147336824,1460.716953833356,1435.6863083576313,1441.9439697265625,32700,0.0,0.0
2011-04-26 00:00:00+09:00,1431.2164009505861,1436.5801101359102,1421.3829341108258,1424.958740234375,26100,0.0,0.0
2011-04-27 00:00:00+09:00,1430.322662601626,1449.0956475482724,1429.4287109375,1429.4287109375,15900,0.0,0.0
2011-04-28 00:00:00+09:00,1443.7319046703738,1447.3077112454087,1429.428678370234,1437.4742431640625,16100,0.0,0.0
2011-05-02 00:00:00+09:00,1438.3680409353017,1447.3075564165651,1438.3680409353017,1445.5196533203125,17300,0.0,0.0
2011-05-06 00:00:00+09:00,1437.4737244600683,1446.4132376718846,1430.3221138906154,1438.36767578125,21000,0.0,0.0
2011-05-09 00:00:00+09:00,1433.8983753275427,1441.9439397776348,1428.5346656941479,1439.2620849609375,21900,0.0,0.0
2011-05-10 00:00:00+09:00,1439.2620849609375,1442.8378913832007,1430.3225689052795,1439.2620849609375,17000,0.0,0.0
2011-05-11 00:00:00+09:00,1436.5802316653744,1442.837892910961,1430.3225704197878,1432.1104736328125,24500,0.0,0.0
2011-05-12 00:00:00+09:00,1432.110320949733,1437.4740300169603,1429.4284664161191,1433.0042724609375,15000,0.0,0.0
2011-05-13 00:00:00+09:00,1434.7923269331084,1439.2620849609375,1431.2165205108452,1439.2620849609375,42100,0.0,0.0
2011-05-16 00:00:00+09:00,1439.262179242886,1441.050082571138,1429.4287109375,1429.4287109375,22900,0.0,0.0
2011-05-17 00:00:00+09:00,1436.5804147316037,1438.3683181724643,1432.1106561294519,1433.8985595703125,17200,0.0,0.0
2011-05-18 00:00:00+09:00,1439.261473849286,1443.7312299792527,1434.7917177193192,1435.6856689453125,9800,0.0,0.0
2011-05-19 00:00:00+09:00,1442.8378613038174,1442.8378613038174,1435.6862486083833,1436.5802001953125,14800,0.0,0.0
2011-05-20 00:00:00+09:00,1442.8378913832007,1443.7318429887664,1438.3681333553716,1439.2620849609375,16900,0.0,0.0
2011-05-23 00:00:00+09:00,1439.2620849609375,1443.7318429887664,1435.6862785386743,1439.2620849609375,18700,0.0,0.0
2011-05-24 00:00:00+09:00,1439.2620549561002,1440.1560065430294,1429.4285874998784,1436.5802001953125,24500,0.0,0.0
2011-05-25 00:00:00+09:00,1433.0038152673326,1437.4735713972993,1430.3219615893524,1435.6856689453125,16700,0.0,0.0
2011-05-26 00:00:00+09:00,1430.3221138906154,1441.0495297447949,1430.3221138906154,1438.36767578125,14900,0.0,0.0
2011-05-27 00:00:00+09:00,1435.6861884112957,1437.4740915101888,1431.2164306640625,1431.2164306640625,12900,0.0,0.0
2011-05-30 00:00:00+09:00,1435.6863398765452,1439.26214645158,1430.3226300139927,1437.4742431640625,12700,0.0,0.0
2011-05-31 00:00:00+09:00,1437.4741802427766,1456.2471639399769,1437.4741802427766,1446.4136962890625,30700,0.0,0.0
2011-06-01 00:00:00+09:00,1451.777314157197,1451.777314157197,1435.6861862909227,1445.5196533203125,15600,0.0,0.0
2011-06-02 00:00:00+09:00,1433.0042724609375,1441.0498360617787,1428.5345149049147,1433.0042724609375,30100,0.0,0.0
2011-06-03 00:00:00+09:00,1433.0043959088462,1434.7922990852762,1425.852783203125,1425.852783203125,23300,0.0,0.0
2011-06-06 00:00:00+09:00,1425.8527213673826,1433.8982853124023,1422.2769151695961,1431.2164306640625,14300,0.0,0.0
2011-06-07 00:00:00+09:00,1428.5347563200748,1442.8379829165212,1422.2770946841295,1440.1561279296875,26200,0.0,0.0
2011-06-08 00:00:00+09:00,1430.3224791146158,1441.0498977079756,1426.7466729168293,1431.2164306640625,21600,0.0,0.0
2011-06-09 00:00:00+09:00,1425.8528446597418,1427.6407479132338,1423.170989779504,1424.06494140625,12900,0.0,0.0
2011-06-10 00:00:00+09:00,1424.9588607807136,1440.1560380914239,1424.9588607807136,1432.1104736328125,38500,0.0,0.0
2011-06-13 00:00:00+09:00,1430.3221138906154,1440.1555784236132,1430.3221138906154,1438.36767578125,7800,0.0,0.0
2011-06-14 00:00:00+09:00,1437.4743026109431,1443.7319643760407,1433.8984958880305,1442.8380126953125,16900,0.0,0.0
2011-06-15 00:00:00+09:00,1442.8379213506955,1442.8379213506955,1435.6863083576313,1441.9439697265625,14200,0.0,0.0
2011-06-16 00:00:00+09:00,1433.0044876901727,1436.580294272057,1426.746826171875,1426.746826171875,21500,0.0,0.0
2011-06-17 00:00:00+09:00,1427.6407787380506,1430.3226336761934,1423.1710205078125,1423.1710205078125,24500,0.0,0.0
2011-06-20 00:00:00+09:00,1425.8528123872259,1436.5802316653744,1425.8528123872259,1432.1104736328125,19600,0.0,0.0
2011-06-21 00:00:00+09:00,1437.474181749806,1439.2620849609375,1433.0044237219768,1439.2620849609375,21100,0.0,0.0
2011-06-22 00:00:00+09:00,1434.7922336989182,1454.4591677433893,1432.1103790564903,1452.6712646484375,30200,0.0,0.0
2011-06-23 00:00:00+09:00,1451.77734375,1455.353150015394,1446.4136343519087,1451.77734375,13000,0.0,0.0
2011-06-24 00:00:00+09:00,1455.3534552655096,1455.3534552655096,1448.2018412347209,1453.5655517578125,10800,0.0,0.0
2011-06-27 00:00:00+09:00,1453.5652172534496,1453.5652172534496,1439.261992483428,1445.5196533203125,12400,0.0,0.0
2011-06-28 00:00:00+09:00,1455.3533627561005,1458.9291695441989,1443.7319906947803,1456.247314453125,13000,0.0,0.0
2011-06-29 00:00:00+09:00,1463.39892578125,1464.2928774769014,1457.1412639116907,1463.39892578125,8100,0.0,0.0
2011-06-30 00:00:00+09:00,1465.186970589544,1491.111572265625,1458.0353563340734,1491.111572265625,19700,0.0,0.0
2011-07-01 00:00:00+09:00,1479.4896553254332,1496.4747329394413,1457.1408689912123,1460.7166748046875,25200,0.0,0.0
2011-07-04 00:00:00+09:00,1495.5807805814845,1495.5807805814845,1471.4440913551248,1482.1715087890625,13900,0.0,0.0
2011-07-05 00:00:00+09:00,1430.3227575960327,1441.0501782780032,1412.4437231260824,1419.5953369140625,294500,0.0,0.0
2011-07-06 00:00:00+09:00,1412.4434839429148,1418.7011449477252,1390.9886462121362,1398.1402587890625,174400,0.0,0.0
2011-07-07 00:00:00+09:00,1385.6253043892457,1397.2466779099298,1380.2615935335455,1387.4132080078125,362500,0.0,0.0
2011-07-08 00:00:00+09:00,1383.8370406301399,1386.5188953600432,1357.0184933311061,1358.806396484375,226000,0.0,0.0
2011-07-11 00:00:00+09:00,1340.033660563151,1348.9731779785157,1335.5639018554687,1340.9276123046875,169400,0.0,0.0
2011-07-12 00:00:00+09:00,1331.9877615350338,1340.0333251953125,1304.2752644829625,1340.0333251953125,379100,0.0,0.0
2011-07-13 00:00:00+09:00,1310.532806459063,1323.0481265753162,1307.8509521484375,1307.8509521484375,417500,0.0,0.0
2011-07-14 00:00:00+09:00,1305.1691286698333,1307.8509830438122,1299.805419921875,1299.805419921875,183900,0.0,0.0
2011-07-15 00:00:00+09:00,1299.8054194222693,1313.2146912870107,1299.8054194222693,1310.5328369140625,111300,0.0,0.0
2011-07-19 00:00:00+09:00,1315.0026552787592,1316.7905582770989,1309.6389462837406,1312.32080078125,114900,0.0,0.0
2011-07-20 00:00:00+09:00,1309.6391327956628,1311.4270360486262,1296.2298583984375,1296.2298583984375,156300,0.0,0.0
2011-07-21 00:00:00+09:00,1296.2297990587022,1298.9116538153755,1282.8205252753364,1287.290283203125,437900,0.0,0.0
2011-07-22 00:00:00+09:00,1282.8202819824219,1286.3960876464844,1264.9412536621094,1276.5626220703125,162100,0.0,0.0
2011-07-25 00:00:00+09:00,1272.9869674035788,1289.9720463225872,1272.0930158815258,1286.396240234375,82400,0.0,0.0
2011-07-26 00:00:00+09:00,1293.5480935218,1305.1694654746564,1292.6541418331185,1300.69970703125,81900,0.0,0.0
2011-07-27 00:00:00+09:00,1306.9572469552247,1307.8511985605294,1290.8661180597433,1297.123779296875,79600,0.0,0.0
2011-07-28 00:00:00+09:00,1288.184296290964,1290.8661511756782,1282.8205865215361,1285.50244140625,59900,0.0,0.0
2011-07-29 00:00:00+09:00,1285.5024122322131,1290.8661218799136,1278.3507993686126,1279.2447509765625,72600,0.0,0.0
2011-08-01 00:00:00+09:00,1282.8204959036168,1292.6539631196026,1279.2446896432582,1281.0325927734375,38500,0.0,0.0
2011-08-02 00:00:00+09:00,1281.9263305664062,1281.9263305664062,1273.8807678222656,1276.5626220703125,52100,0.0,0.0
2011-08-03 00:00:00+09:00,1269.4109800734254,1270.3049314678433,1256.8956605515746,1263.1533203125,68200,0.0,0.0
2011-08-04 00:00:00+09:00,1267.6235043590887,1272.9872145326815,1257.790035707502,1268.5174560546875,35000,0.0,0.0
2011-08-05 00:00:00+09:00,1251.5321996130629,1256.0019574688238,1229.183410334258,1230.9713134765625,142100,0.0,0.0
2011-08-08 00:00:00+09:00,1229.1831662803343,1230.9710690676511,1216.6678467691163,1220.24365234375,57300,0.0,0.0
2011-08-09 00:00:00+09:00,1206.8346241421793,1214.8801883031272,1175.5463190718265,1213.09228515625,86900,0.0,0.0
2011-08-10 00:00:00+09:00,1234.5469962816312,1255.1078803616294,1222.0316755372846,1245.2744140625,60900,0.0,0.0
2011-08-11 00:00:00+09:00,1233.653315080915,1253.3202519880022,1229.1835566929408,1251.5323486328125,52500,0.0,0.0
2011-08-12 00:00:00+09:00,1266.729218358816,1267.6231698184906,1238.122771649231,1249.744140625,49600,0.0,0.0
2011-08-15 00:00:00+09:00,1264.047271793126,1267.6230773710413,1243.486389720112,1266.7291259765625,29600,0.0,0.0
2011-08-16 00:00:00+09:00,1272.0931388785475,1278.3508001379641,1264.941526010643,1275.6689453125,23900,0.0,0.0
2011-08-17 00:00:00+09:00,1272.9868771853146,1280.138488854895,1268.517119891827,1278.3505859375,18400,0.0,0.0
2011-08-18 00:00:00+09:00,1261.3656885583973,1280.138671875,1261.3656885583973,1280.138671875,32700,0.0,0.0
2011-08-19 00:00:00+09:00,1271.1991560099511,1280.138671875,1251.5322211068435,1280.138671875,53800,0.0,0.0
2011-08-22 00:00:00+09:00,1281.0326580910037,1282.820561312345,1259.5778194349089,1261.36572265625,29800,0.0,0.0
2011-08-23 00:00:00+09:00,1261.36568990986,1272.987060546875,1261.36568990986,1272.987060546875,22400,0.0,0.0
2011-08-24 00:00:00+09:00,1273.8814168901586,1276.5632725046642,1255.1084275886194,1257.790283203125,28400,0.0,0.0
2011-08-25 00:00:00+09:00,1266.7294323202736,1272.9870935949682,1260.4717710455793,1261.36572265625,29900,0.0,0.0
2011-08-26 00:00:00+09:00,1270.3049926328895,1276.5626526951205,1264.94128400812,1272.0928955078125,18100,0.0,0.0
2011-08-29 00:00:00+09:00,1272.093138112962,1280.1387025845127,1267.6233800732116,1279.2447509765625,29200,0.0,0.0
2011-08-30 00:00:00+09:00,1277.4571208874052,1281.9268798828125,1274.7752654901608,1281.9268798828125,26400,0.0,0.0
2011-08-31 00:00:00+09:00,1281.032622104221,1295.3358474731444,1275.6689125908745,1287.290283203125,36800,0.0,0.0
2011-09-01 00:00:00+09:00,1296.2295833045655,1322.1541749706566,1295.3356318678036,1315.0025634765625,89600,0.0,0.0
2011-09-02 00:00:00+09:00,1305.1695610743811,1306.0635128285417,1285.5026224828493,1290.8663330078125,33400,0.0,0.0
2011-09-05 00:00:00+09:00,1285.50244140625,1288.184296290964,1280.138731636822,1285.50244140625,20200,0.0,0.0
2011-09-06 00:00:00+09:00,1281.03268326506,1290.8661511756782,1278.350828380346,1285.50244140625,29000,0.0,0.0
2011-09-07 00:00:00+09:00,1289.9719538839515,1300.6993713798681,1286.3961480519795,1299.805419921875,23700,0.0,0.0
2011-09-08 00:00:00+09:00,1300.69970703125,1306.0634171633376,1299.8057553425688,1300.69970703125,25300,0.0,0.0
2011-09-09 00:00:00+09:00,1302.487700412698,1312.3211696677013,1299.8058451613335,1305.1695556640625,42400,0.0,0.0
2011-09-12 00:00:00+09:00,1305.1695260890315,1305.1695260890315,1293.5481535964577,1302.4876708984375,19600,0.0,0.0
2011-09-13 00:00:00+09:00,1298.9116497769382,1309.6390687702783,1297.1237466113814,1308.7451171875,31300,0.0,0.0
2011-09-14 00:00:00+09:00,1308.7449035853128,1309.638855022188,1302.4872435271861,1307.8509521484375,17700,0.0,0.0
2011-09-15 00:00:00+09:00,1309.6388854564132,1316.7904971176085,1305.169128168166,1310.5328369140625,28700,0.0,0.0
2011-09-16 00:00:00+09:00,1310.5330203530566,1315.0027782669483,1306.9572140219432,1308.7451171875,33100,0.0,0.0
2011-09-20 00:00:00+09:00,1306.9570007115624,1309.638855022188,1302.4872435271861,1307.8509521484375,22800,0.0,0.0
2011-09-21 00:00:00+09:00,1312.3211399306151,1312.3211399306151,1302.4876708984375,1302.4876708984375,32700,0.0,0.0
2011-09-22 00:00:00+09:00,1300.6996182297537,1300.6996182297537,1281.926634049118,1289.0782470703125,41200,0.0,0.0
2011-09-26 00:00:00+09:00,1283.7143856682158,1293.5478524107996,1279.2446280579504,1286.396240234375,62900,0.0,0.0
2011-09-27 00:00:00+09:00,1285.5024099369803,1295.3358776068737,1285.5024099369803,1289.97216796875,197600,0.0,0.0
2011-09-28 00:00:00+09:00,1284.582493361266,1298.9554443359375,1278.2943273098472,1298.9554443359375,76500,7.0,0.0
2011-09-29 00:00:00+09:00,1293.565315387577,1313.3281188171095,1293.565315387577,1312.4298095703125,46200,0.0,0.0
2011-09-30 00:00:00+09:00,1314.2262995471692,1315.1246087061215,1282.7854789838398,1311.5313720703125,46500,0.0,0.0
2011-10-03 00:00:00+09:00,1288.1755979754587,1297.15869140625,1283.6840512600631,1297.15869140625,30000,0.0,0.0
2011-10-04 00:00:00+09:00,1293.5651693626587,1293.5651693626587,1271.1074407278902,1273.8023681640625,40100,0.0,0.0
2011-10-05 00:00:00+09:00,1276.4977007482805,1278.2943196092915,1258.5315121381711,1261.2264404296875,29800,0.0,0.0
2011-10-06 00:00:00+09:00,1262.1245729695781,1280.0907590616719,1262.1245729695781,1271.107666015625,15800,0.0,0.0
2011-10-07 00:00:00+09:00,1272.005821974734,1280.0906047415226,1262.1244208153257,1266.615966796875,17900,0.0,0.0
2011-10-11 00:00:00+09:00,1285.480387054142,1286.3786961995327,1271.1074407278902,1273.8023681640625,17300,0.0,0.0
2011-10-12 00:00:00+09:00,1275.5992125386483,1277.3958311478577,1268.4127381018109,1271.107666015625,10900,0.0,0.0
2011-10-13 00:00:00+09:00,1276.4977968027895,1279.1927252970952,1270.2096303160763,1275.5994873046875,16700,0.0,0.0
2011-10-14 00:00:00+09:00,1266.6162970127202,1266.6162970127202,1260.328130999182,1261.2264404296875,17700,0.0,0.0
2011-10-17 00:00:00+09:00,1268.4128407739395,1291.7688845842245,1268.4128407739395,1286.3790283203125,23800,0.0,0.0
2011-10-18 00:00:00+09:00,1291.7687862417793,1291.7687862417793,1270.209362827452,1272.0059814453125,10400,0.0,0.0
2011-10-19 00:00:00+09:00,1283.6838225342317,1283.6838225342317,1262.1244021417745,1263.9210205078125,11600,0.0,0.0
2011-10-20 00:00:00+09:00,1264.8195008833923,1272.9042846248344,1257.6330264465548,1271.107666015625,30200,0.0,0.0
2011-10-21 00:00:00+09:00,1272.0058157103886,1273.8024340941604,1265.7176513671875,1265.7176513671875,14000,0.0,0.0
2011-10-24 00:00:00+09:00,1265.7179875822148,1278.2943196092915,1258.5315121381711,1261.2264404296875,24200,0.0,0.0
2011-10-25 00:00:00+09:00,1258.5316162109375,1267.5147112588386,1257.6333067061473,1258.5316162109375,21000,0.0,0.0
2011-10-26 00:00:00+09:00,1256.7346376862574,1265.7177301643578,1252.2430914472072,1259.4295654296875,17900,0.0,0.0
2011-10-27 00:00:00+09:00,1256.73454704366,1278.2939674361173,1256.73454704366,1263.9210205078125,20100,0.0,0.0
2011-10-28 00:00:00+09:00,1271.1074344524634,1275.5989801572423,1263.920961324817,1272.904052734375,19500,0.0,0.0
2011-10-31 00:00:00+09:00,1275.5994335799078,1279.192671420978,1264.8197200566974,1267.5146484375,23200,0.0,0.0
2011-11-01 00:00:00+09:00,1262.1247498601929,1273.8027724567642,1258.5315121381711,1261.2264404296875,11700,0.0,0.0
2011-11-02 00:00:00+09:00,1258.5312623549426,1270.2092826337534,1254.9380253460774,1260.327880859375,30000,0.0,0.0
2011-11-04 00:00:00+09:00,1264.8191173866855,1272.0055896445645,1257.6326451288066,1268.412353515625,16400,0.0,0.0
2011-11-07 00:00:00+09:00,1262.1244021417745,1266.6159480568697,1254.039619494603,1263.9210205078125,24200,0.0,0.0
2011-11-08 00:00:00+09:00,1258.5309867367723,1271.1073135135853,1254.937750514826,1255.8360595703125,13200,0.0,0.0
2011-11-09 00:00:00+09:00,1262.1245301853526,1264.8194580078125,1254.9380559921265,1264.8194580078125,19400,0.0,0.0
2011-11-10 00:00:00+09:00,1254.0399649856436,1262.1247498601929,1249.5484178331162,1261.2264404296875,22900,0.0,0.0
2011-11-11 00:00:00+09:00,1260.3277336595058,1261.2260428068041,1249.5480238919263,1256.7344970703125,12200,0.0,0.0
2011-11-14 00:00:00+09:00,1257.6331424576308,1257.6331424576308,1249.5483579704032,1252.2432861328125,16700,0.0,0.0
2011-11-15 00:00:00+09:00,1251.344782199397,1262.1244931731176,1248.649854455967,1259.4295654296875,13900,0.0,0.0
2011-11-16 00:00:00+09:00,1263.0225320142056,1263.0225320142056,1251.3445142928792,1255.8360595703125,11800,0.0,0.0
2011-11-17 00:00:00+09:00,1254.0397283696618,1264.8194395017795,1248.649872803603,1262.12451171875,21600,0.0,0.0
2011-11-18 00:00:00+09:00,1255.83635302526,1263.0228271484375,1252.2431159636712,1263.0228271484375,16100,0.0,0.0
2011-11-21 00:00:00+09:00,1263.0231637348882,1263.921473239678,1254.040068686987,1258.5316162109375,19700,0.0,0.0
2011-11-22 00:00:00+09:00,1253.1413103115838,1264.8193296908316,1253.1413103115838,1263.9210205078125,14900,0.0,0.0
2011-11-24 00:00:00+09:00,1258.5313659667968,1263.9212219238282,1255.8364379882812,1257.633056640625,15100,0.0,0.0
2011-11-25 00:00:00+09:00,1263.9213203495758,1263.9213203495758,1254.0399169921875,1254.0399169921875,13200,0.0,0.0
2011-11-28 00:00:00+09:00,1253.1415712644728,1261.2263555952113,1248.6500244140625,1248.6500244140625,13100,0.0,0.0
2011-11-29 00:00:00+09:00,1257.632856226679,1263.9210205078125,1249.5480735795077,1263.9210205078125,14000,0.0,0.0
2011-11-30 00:00:00+09:00,1261.2265447253078,1264.8197827444683,1253.141759182197,1258.5316162109375,11000,0.0,0.0
2011-12-01 00:00:00+09:00,1265.7177672819657,1266.616076556119,1259.4296023628929,1264.8194580078125,17800,0.0,0.0
2011-12-02 00:00:00+09:00,1264.8194456792319,1268.4126827408206,1258.5312808214517,1263.0228271484375,8100,0.0,0.0
2011-12-05 00:00:00+09:00,1263.0227113247934,1266.6159480568697,1254.9379286776218,1263.9210205078125,10300,0.0,0.0
2011-12-06 00:00:00+09:00,1262.1243393173709,1264.8192667322835,1254.9378662109375,1254.9378662109375,12900,0.0,0.0
2011-12-07 00:00:00+09:00,1257.633244374557,1267.5146484375,1255.836625454022,1267.5146484375,17800,0.0,0.0
2011-12-08 00:00:00+09:00,1267.5143858302722,1268.4126951044254,1261.2262209111993,1264.8194580078125,8600,0.0,0.0
2011-12-09 00:00:00+09:00,1257.6332027076655,1268.4129158737312,1257.6332027076655,1261.2264404296875,34200,0.0,0.0
2011-12-12 00:00:00+09:00,1269.311004378579,1271.1076229268854,1263.0228394595058,1264.8194580078125,16000,0.0,0.0
2011-12-13 00:00:00+09:00,1261.2264822156271,1270.2095768183026,1261.2264822156271,1267.5146484375,9200,0.0,0.0
2011-12-14 00:00:00+09:00,1271.107537729568,1273.8024653713976,1267.5143008737955,1270.209228515625,12500,0.0,0.0
2011-12-15 00:00:00+09:00,1267.5141003926597,1293.5650634765625,1267.5141003926597,1293.5650634765625,24500,0.0,0.0
2011-12-16 00:00:00+09:00,1300.7516621628852,1311.5313720703125,1290.8702614144104,1311.5313720703125,44900,0.0,0.0
2011-12-19 00:00:00+09:00,1306.1415327023237,1308.8364602113381,1291.76858598758,1296.2601318359375,14700,0.0,0.0
2011-12-20 00:00:00+09:00,1296.2602247701261,1309.73486328125,1291.7686785997514,1309.73486328125,12700,0.0,0.0
2011-12-21 00:00:00+09:00,1311.5313469184623,1311.5313469184623,1302.5482555012127,1307.9381103515625,15400,0.0,0.0
2011-12-22 00:00:00+09:00,1302.5485725295978,1305.2435006106937,1280.989147880832,1282.7857666015625,18100,0.0,0.0
2011-12-26 00:00:00+09:00,1282.785656823645,1290.8704403750546,1280.9890382566653,1284.582275390625,4600,0.0,0.0
2011-12-27 00:00:00+09:00,1275.598889658052,1280.988744121396,1273.802271503604,1277.3955078125,8200,0.0,0.0
2011-12-28 00:00:00+09:00,1275.5994873046875,1286.3792012819104,1275.5994873046875,1275.5994873046875,4900,0.0,0.0
2011-12-29 00:00:00+09:00,1279.192170278604,1292.6668069037298,1274.7006247368954,1283.6837158203125,12900,0.0,0.0
2011-12-30 00:00:00+09:00,1280.0907655678752,1290.8704772779204,1280.0907655678752,1289.97216796875,6500,0.0,0.0
2012-01-04 00:00:00+09:00,1290.8704533852822,1310.6332578212434,1290.8704533852822,1304.3450927734375,19100,0.0,0.0
2012-01-05 00:00:00+09:00,1305.2431324489867,1305.2431324489867,1293.5651140581838,1300.7515869140625,12000,0.0,0.0
2012-01-06 00:00:00+09:00,1280.9891051610753,1300.75191043004,1280.9891051610753,1294.4637451171875,19300,0.0,0.0
2012-01-10 00:00:00+09:00,1302.5482114550982,1316.921157236672,1299.8532841210533,1301.64990234375,19000,0.0,0.0
2012-01-11 00:00:00+09:00,1302.5482051280321,1311.5312961978807,1290.8701867372292,1300.7515869140625,9700,0.0,0.0
2012-01-12 00:00:00+09:00,1300.7518796787954,1300.7518796787954,1289.97216796875,1289.97216796875,9500,0.0,0.0
2012-01-13 00:00:00+09:00,1287.2769503092898,1302.5482051280321,1287.2769503092898,1300.7515869140625,18700,0.0,0.0
2012-01-16 00:00:00+09:00,1295.3620360988568,1295.3620360988568,1285.4806336043441,1291.768798828125,15700,0.0,0.0
2012-01-17 00:00:00+09:00,1289.073907318538,1299.8536194354874,1288.1755979754587,1297.15869140625,10900,0.0,0.0
2012-01-18 00:00:00+09:00,1306.141834621323,1306.141834621323,1286.3790283203125,1286.3790283203125,20200,0.0,0.0
2012-01-19 00:00:00+09:00,1286.3786935401442,1301.6499489802159,1286.3786935401442,1290.8702392578125,11500,0.0,0.0
2012-01-20 00:00:00+09:00,1293.5654417108412,1313.3282470703125,1293.5654417108412,1313.3282470703125,21000,0.0,0.0
2012-01-23 00:00:00+09:00,1312.4296812292648,1318.7178453419306,1311.5313720703125,1311.5313720703125,16300,0.0,0.0
2012-01-24 00:00:00+09:00,1315.1249577738934,1315.1249577738934,1304.3452450052548,1308.8367919921875,6800,0.0,0.0
2012-01-25 00:00:00+09:00,1310.6329977244566,1320.5143979814607,1310.6329977244566,1319.6160888671875,12700,0.0,0.0
2012-01-26 00:00:00+09:00,1317.8196463879244,1319.6162648560744,1305.2433171108755,1309.73486328125,15200,0.0,0.0
2012-01-27 00:00:00+09:00,1315.1245306908231,1320.5143853248019,1311.5312942681705,1317.8194580078125,11100,0.0,0.0
2012-01-30 00:00:00+09:00,1320.5145013869053,1329.4975932330747,1315.1246462792035,1316.9212646484375,32300,0.0,0.0
2012-01-31 00:00:00+09:00,1325.0062743152869,1333.9893677004752,1320.5147276226926,1332.1927490234375,21000,0.0,0.0
2012-02-01 00:00:00+09:00,1338.4809205088654,1342.074157879359,1325.9045897121377,1333.091064453125,20800,0.0,0.0
2012-02-02 00:00:00+09:00,1337.5820635242794,1346.5651532725956,1337.5820635242794,1342.0736083984375,15900,0.0,0.0
2012-02-03 00:00:00+09:00,1342.074084407203,1346.5656308744292,1338.480847233422,1340.2774658203125,12100,0.0,0.0
2012-02-06 00:00:00+09:00,1342.074048532433,1355.5486875739232,1342.074048532433,1352.853759765625,24000,0.0,0.0
2012-02-07 00:00:00+09:00,1352.854137795041,1354.6507568359375,1347.4642806723516,1354.6507568359375,13300,0.0,0.0
2012-02-08 00:00:00+09:00,1356.4471677429924,1360.0404052734375,1351.9556208299362,1360.0404052734375,19200,0.0,0.0
2012-02-09 00:00:00+09:00,1363.6335142631053,1365.4301328589722,1352.8538026879028,1359.1419677734375,15800,0.0,0.0
2012-02-10 00:00:00+09:00,1360.9389234790751,1360.9389234790751,1351.9558282745927,1354.6507568359375,16800,0.0,0.0
2012-02-13 00:00:00+09:00,1353.7520089262707,1363.63341045128,1350.1587720080856,1361.8367919921875,16700,0.0,0.0
2012-02-14 00:00:00+09:00,1360.9383858128597,1365.429931640625,1352.8536033228825,1365.429931640625,12700,0.0,0.0
2012-02-15 00:00:00+09:00,1358.2436286966215,1374.4131957049146,1358.2436286966215,1372.6165771484375,28700,0.0,0.0
2012-02-16 00:00:00+09:00,1368.1249628236756,1370.8198905245756,1362.735107421875,1362.735107421875,18000,0.0,0.0
2012-02-17 00:00:00+09:00,1368.1248654096555,1370.81979291867,1363.633319561298,1366.3282470703125,17100,0.0,0.0
2012-02-20 00:00:00+09:00,1365.430230389552,1373.5150146484375,1365.430230389552,1373.5150146484375,24900,0.0,0.0
2012-02-21 00:00:00+09:00,1367.226556239984,1370.81979291867,1365.429937900641,1366.3282470703125,25500,0.0,0.0
2012-02-22 00:00:00+09:00,1366.3284366298903,1378.9047667500868,1366.3284366298903,1376.2098388671875,20400,0.0,0.0
2012-02-23 00:00:00+09:00,1376.2098816195582,1386.98959348603,1376.2098816195582,1382.498046875,21500,0.0,0.0
2012-02-24 00:00:00+09:00,1391.4813112482072,1391.4813112482072,1386.091454652023,1389.6846923828125,16000,0.0,0.0
2012-02-27 00:00:00+09:00,1391.4807573725448,1397.7689208984375,1386.0909029217796,1397.7689208984375,18300,0.0,0.0
2012-02-28 00:00:00+09:00,1397.769473099303,1428.3119937197248,1389.6846882291914,1425.6170654296875,36300,0.0,0.0
2012-02-29 00:00:00+09:00,1427.413457513311,1435.4982410989749,1410.3455810546875,1410.3455810546875,36900,0.0,0.0
2012-03-01 00:00:00+09:00,1418.430413653823,1418.430413653823,1396.8709900137396,1399.56591796875,20200,0.0,0.0
2012-03-02 00:00:00+09:00,1402.2608096678446,1419.3286862749483,1402.2608096678446,1412.1422119140625,21000,0.0,0.0
2012-03-05 00:00:00+09:00,1412.1423279235958,1422.0237309815852,1410.3457091857795,1411.2440185546875,19000,0.0,0.0
2012-03-06 00:00:00+09:00,1413.0403207751147,1424.7183399550743,1411.2437024397364,1418.43017578125,19600,0.0,0.0
2012-03-07 00:00:00+09:00,1410.3455757539627,1428.3117614323573,1410.3455757539627,1427.4134521484375,20500,0.0,0.0
2012-03-08 00:00:00+09:00,1435.4980280478546,1441.7861921256613,1429.209863970048,1432.8031005859375,30000,0.0,0.0
2012-03-09 00:00:00+09:00,1431.9047914319651,1441.7861921256613,1431.9047914319651,1432.8031005859375,52300,0.0,0.0
2012-03-12 00:00:00+09:00,1433.7017822265625,1437.2950197760024,1432.8034728392024,1433.7017822265625,19300,0.0,0.0
2012-03-13 00:00:00+09:00,1437.2951121543056,1438.193421599402,1428.312017703341,1429.2103271484375,22700,0.0,0.0
2012-03-14 00:00:00+09:00,1432.8034728392024,1440.8882573254425,1432.8034728392024,1433.7017822265625,28800,0.0,0.0
2012-03-15 00:00:00+09:00,1434.6001277547352,1444.4815312646301,1433.7018183447449,1439.0916748046875,43300,0.0,0.0
2012-03-16 00:00:00+09:00,1441.7865111772956,1446.2780579410878,1440.8882018245372,1443.5831298828125,35500,0.0,0.0
2012-03-19 00:00:00+09:00,1443.5829537937461,1457.0575924414786,1441.7863353073817,1453.46435546875,39300,0.0,0.0
2012-03-21 00:00:00+09:00,1460.6507318499055,1462.4473502162646,1455.2608767508284,1457.0574951171875,53100,0.0,0.0
2012-03-22 00:00:00+09:00,1457.0575448439897,1468.7355646238736,1457.0575448439897,1464.2440185546875,27500,0.0,0.0
2012-03-23 00:00:00+09:00,1464.2440371679807,1468.7355832942628,1460.650800266955,1466.93896484375,40200,0.0,0.0
2012-03-26 00:00:00+09:00,1466.9389461961991,1471.4304922653853,1464.2440185546875,1464.2440185546875,52500,0.0,0.0
2012-03-27 00:00:00+09:00,1467.837469278353,1477.7188720703125,1466.9391599336293,1477.7188720703125,176200,0.0,0.0
2012-03-28 00:00:00+09:00,1459.6756290624023,1459.6756290624023,1428.1004454918311,1444.339111328125,107800,7.0,0.0
2012-03-29 00:00:00+09:00,1440.7307879699404,1452.4587154862893,1439.828639699452,1450.6544189453125,23900,0.0,0.0
2012-03-30 00:00:00+09:00,1456.0671610184952,1456.0671610184952,1447.9478274068679,1448.8499755859375,18800,0.0,0.0
2012-04-02 00:00:00+09:00,1451.5564388966757,1451.5564388966757,1427.1984377467625,1428.1005859375,26500,0.0,0.0
2012-04-03 00:00:00+09:00,1422.687696793075,1437.1220678448753,1404.6447329783243,1428.1005859375,31900,0.0,0.0
2012-04-04 00:00:00+09:00,1425.3939150484225,1425.3939150484225,1404.6445099559455,1411.8616943359375,22600,0.0,0.0
2012-04-05 00:00:00+09:00,1400.1338626348197,1407.351047493762,1398.3295664200841,1401.0360107421875,19800,0.0,0.0
2012-04-06 00:00:00+09:00,1397.4273915358688,1398.32953962595,1384.7973182747312,1394.720947265625,23900,0.0,0.0
2012-04-09 00:00:00+09:00,1382.0909702123138,1398.3296369641557,1377.5802294479133,1392.916748046875,13900,0.0,0.0
2012-04-10 00:00:00+09:00,1391.112356632314,1402.84028181793,1385.6994680851064,1399.231689453125,13900,0.0,0.0
2012-04-11 00:00:00+09:00,1390.2103995011082,1390.2103995011082,1381.1889173499005,1386.601806640625,15900,0.0,0.0
2012-04-12 00:00:00+09:00,1384.7974132515533,1392.916746619152,1375.7759317319992,1388.406005859375,14600,0.0,0.0
2012-04-13 00:00:00+09:00,1386.6017384663953,1405.5468500524682,1386.6017384663953,1403.7425537109375,12600,0.0,0.0
2012-04-16 00:00:00+09:00,1404.6448461961531,1404.6448461961531,1391.1126222443597,1392.0147705078125,11100,0.0,0.0
2012-04-17 00:00:00+09:00,1392.0146992476946,1401.9383296376652,1386.6018099440741,1400.134033203125,8300,0.0,0.0
2012-04-18 00:00:00+09:00,1406.4492218325838,1440.7308577720567,1401.0363319474038,1429.0029296875,23400,0.0,0.0
2012-04-19 00:00:00+09:00,1427.1982111434204,1427.1982111434204,1410.9595462884386,1411.8616943359375,9400,0.0,0.0
2012-04-20 00:00:00+09:00,1410.9595539851143,1434.4154033480384,1408.253109827854,1429.9046630859375,24700,0.0,0.0
2012-04-23 00:00:00+09:00,1440.7304397149792,1447.9476241343405,1426.2960708762569,1429.9046630859375,29800,0.0,0.0
2012-04-24 00:00:00+09:00,1402.840434157462,1425.3941388866815,1402.840434157462,1419.0791015625,15000,0.0,0.0
2012-04-25 00:00:00+09:00,1431.7091286328866,1431.7091286328866,1421.785498881808,1424.491943359375,6800,0.0,0.0
2012-04-26 00:00:00+09:00,1418.1770762164329,1432.6114484934449,1417.2749279491197,1423.5899658203125,12200,0.0,0.0
2012-04-27 00:00:00+09:00,1423.589842508344,1438.0242135350445,1419.0791015625,1419.0791015625,16900,0.0,0.0
2012-05-01 00:00:00+09:00,1432.6114967870349,1432.6114967870349,1418.1771240234375,1418.1771240234375,12400,0.0,0.0
2012-05-02 00:00:00+09:00,1416.3725431630849,1443.4369866630163,1410.9596544630986,1441.6326904296875,20000,0.0,0.0
2012-05-07 00:00:00+09:00,1420.8834228515625,1429.0027566964286,1411.8619408017114,1420.8834228515625,12100,0.0,0.0
2012-05-08 00:00:00+09:00,1421.785496086281,1432.611273975263,1407.3511255676387,1415.470458984375,17400,0.0,0.0
2012-05-09 00:00:00+09:00,1407.351146393999,1419.9812207847144,1402.8404055401722,1403.7425537109375,15700,0.0,0.0
2012-05-10 00:00:00+09:00,1398.3295180469252,1412.763887265474,1398.3295180469252,1401.9381103515625,13000,0.0,0.0
2012-05-11 00:00:00+09:00,1397.4276600885298,1414.5684770941348,1392.0147705078125,1392.0147705078125,18800,0.0,0.0
2012-05-14 00:00:00+09:00,1389.3080736243207,1390.2102217240767,1366.7543711304193,1369.4608154296875,14500,0.0,0.0
2012-05-15 00:00:00+09:00,1364.0478822197922,1395.623064678584,1351.4178092362756,1379.3843994140625,22000,0.0,0.0
2012-05-16 00:00:00+09:00,1381.1887424241063,1383.895186726701,1361.3414842050795,1373.9715576171875,19700,0.0,0.0
2012-05-17 00:00:00+09:00,1369.4609152617647,1382.9931377445885,1366.7544707652,1376.6781005859375,10700,0.0,0.0
2012-05-18 00:00:00+09:00,1366.754099494333,1371.2648390966247,1354.124028607917,1363.1455078125,36200,0.0,0.0
2012-05-21 00:00:00+09:00,1373.9719732299486,1390.2106439575514,1371.2655281086813,1382.09130859375,22700,0.0,0.0
2012-05-22 00:00:00+09:00,1384.7974829501793,1398.3297059106044,1375.7760009765625,1375.7760009765625,7300,0.0,0.0
2012-05-23 00:00:00+09:00,1377.5803974285548,1397.4276592120702,1370.3632113254582,1387.5040283203125,23300,0.0,0.0
2012-05-24 00:00:00+09:00,1381.1889184538647,1397.427586339018,1381.1889184538647,1391.112548828125,9900,0.0,0.0
2012-05-25 00:00:00+09:00,1390.2104731089737,1391.1126213718608,1377.5803974285548,1387.5040283203125,8000,0.0,0.0
2012-05-28 00:00:00+09:00,1386.6020504625285,1392.9170890788184,1381.1891602199942,1382.09130859375,9500,0.0,0.0
2012-05-29 00:00:00+09:00,1383.895265099598,1389.3081540113303,1380.2866724917762,1388.406005859375,8800,0.0,0.0
2012-05-30 00:00:00+09:00,1388.406079339362,1407.3511915330762,1380.2867455420555,1389.3082275390625,15700,0.0,0.0
2012-05-31 00:00:00+09:00,1380.2867232921512,1401.0361315507914,1377.5802787366765,1396.525390625,20300,0.0,0.0
2012-06-01 00:00:00+09:00,1380.2867691347797,1398.329733437195,1376.6781762742967,1386.601806640625,13200,0.0,0.0
2012-06-04 00:00:00+09:00,1376.6779837438148,1391.112353167079,1374.873687565907,1390.210205078125,19300,0.0,0.0
2012-06-05 00:00:00+09:00,1395.6231910750182,1395.6231910750182,1378.4823761878654,1388.406005859375,10800,0.0,0.0
2012-06-06 00:00:00+09:00,1389.308325717454,1393.8190670347183,1379.384694819472,1392.0147705078125,17900,0.0,0.0
2012-06-07 00:00:00+09:00,1396.5251545808753,1414.568115234375,1391.1122663848253,1414.568115234375,17300,0.0,0.0
2012-06-08 00:00:00+09:00,1413.666328830682,1413.666328830682,1381.1889913463779,1392.0147705078125,41400,0.0,0.0
2012-06-11 00:00:00+09:00,1402.840427921108,1416.372650698482,1395.6232424398418,1396.525390625,10000,0.0,0.0
2012-06-12 00:00:00+09:00,1395.6232942979254,1410.959814015485,1386.6018121111256,1409.155517578125,18300,0.0,0.0
2012-06-13 00:00:00+09:00,1400.1341074795412,1409.1555901308268,1399.2319592144124,1405.5469970703125,12300,0.0,0.0
2012-06-14 00:00:00+09:00,1394.7209293141086,1411.8617428050322,1394.7209293141086,1410.9595947265625,11400,0.0,0.0
2012-06-15 00:00:00+09:00,1410.0577900365854,1433.5136457889535,1410.0577900365854,1422.6878662109375,20100,0.0,0.0
2012-06-18 00:00:00+09:00,1433.5132239205495,1433.5132239205495,1411.86167113635,1414.568115234375,12100,0.0,0.0
2012-06-19 00:00:00+09:00,1414.5680878643498,1425.393864046985,1408.2530517578125,1408.2530517578125,8600,0.0,0.0
2012-06-20 00:00:00+09:00,1410.9598215159283,1440.730712890625,1410.9598215159283,1440.730712890625,14200,0.0,0.0
2012-06-21 00:00:00+09:00,1441.6328362252646,1452.4586147200725,1438.024243393662,1438.9263916015625,21300,0.0,0.0
2012-06-22 00:00:00+09:00,1435.3177490234375,1441.63278625987,1427.1984154337385,1435.3177490234375,9400,0.0,0.0
2012-06-25 00:00:00+09:00,1443.4369345893645,1444.3390826734828,1433.5133056640625,1433.5133056640625,13500,0.0,0.0
2012-06-26 00:00:00+09:00,1425.3943364307136,1451.5566375424164,1425.3943364307136,1429.0029296875,20800,0.0,0.0
2012-06-27 00:00:00+09:00,1433.5133822631835,1443.43701171875,1418.1768640136718,1443.43701171875,11600,0.0,0.0
2012-06-28 00:00:00+09:00,1443.4372812305537,1449.7523193359375,1441.6329846290157,1449.7523193359375,18300,0.0,0.0
2012-06-29 00:00:00+09:00,1450.654320604556,1452.4586170232185,1434.4156528365945,1447.9478759765625,26800,0.0,0.0
2012-07-02 00:00:00+09:00,1448.8499005126953,1449.7520486450196,1443.43701171875,1443.43701171875,10700,0.0,0.0
2012-07-03 00:00:00+09:00,1446.14338761605,1459.6756089599307,1446.14338761605,1456.0670166015625,15500,0.0,0.0
2012-07-04 00:00:00+09:00,1461.480224609375,1461.480224609375,1455.1651866018037,1461.480224609375,14100,0.0,0.0
2012-07-05 00:00:00+09:00,1459.6757340454703,1465.088623046875,1457.8714377116687,1465.088623046875,14400,0.0,0.0
2012-07-06 00:00:00+09:00,1465.9906657765166,1467.7949619805493,1443.4369632261087,1444.339111328125,27600,0.0,0.0
2012-07-09 00:00:00+09:00,1443.4372327814056,1462.3823464616614,1443.4372327814056,1450.6544189453125,10800,0.0,0.0
2012-07-10 00:00:00+09:00,1452.4586440577652,1469.5994603540992,1432.6113830830627,1458.773681640625,14800,0.0,0.0
2012-07-11 00:00:00+09:00,1447.9478534998839,1457.8714836484812,1447.9478534998839,1455.1650390625,5500,0.0,0.0
2012-07-12 00:00:00+09:00,1456.066968151364,1456.9691162109375,1443.4368953173373,1456.9691162109375,8000,0.0,0.0
2012-07-13 00:00:00+09:00,1445.241191436484,1460.5777084492308,1445.241191436484,1456.9691162109375,15300,0.0,0.0
2012-07-17 00:00:00+09:00,1448.8499755859375,1456.9693091975648,1438.926345616171,1448.8499755859375,14100,0.0,0.0
2012-07-18 00:00:00+09:00,1447.9475328538301,1452.458272831568,1431.7088689339741,1445.2410888671875,9900,0.0,0.0
2012-07-19 00:00:00+09:00,1440.7305189200597,1452.4584442462717,1439.8283708180434,1444.339111328125,13800,0.0,0.0
2012-07-20 00:00:00+09:00,1449.7520974107354,1449.7520974107354,1434.4155786453448,1442.534912109375,14400,0.0,0.0
2012-07-23 00:00:00+09:00,1438.926319458695,1443.437060272045,1432.6112823200046,1442.534912109375,23500,0.0,0.0
2012-07-24 00:00:00+09:00,1433.5135727363022,1435.3178692406902,1425.3942384665559,1426.29638671875,14900,0.0,0.0
2012-07-25 00:00:00+09:00,1425.3942384665559,1432.611424484108,1418.1770524490037,1426.29638671875,14500,0.0,0.0
2012-07-26 00:00:00+09:00,1422.6878703128646,1449.7523193359375,1421.7857220120954,1449.7523193359375,12100,0.0,0.0
2012-07-27 00:00:00+09:00,1449.7520486450196,1456.067085571289,1433.5133822631835,1443.43701171875,16300,0.0,0.0
2012-07-30 00:00:00+09:00,1434.4154128554444,1456.066966257036,1430.8068206218459,1452.4583740234375,14600,0.0,0.0
2012-07-31 00:00:00+09:00,1456.067085571289,1456.067085571289,1438.0241229248047,1443.43701171875,7900,0.0,0.0
2012-08-01 00:00:00+09:00,1434.41581957268,1438.0244128294667,1426.29648474491,1429.0029296875,8300,0.0,0.0
2012-08-02 00:00:00+09:00,1438.024243393662,1447.0457254726687,1426.2963166909533,1438.9263916015625,10200,0.0,0.0
2012-08-03 00:00:00+09:00,1433.5135727363022,1433.5135727363022,1425.3942384665559,1426.29638671875,13100,0.0,0.0
2012-08-06 00:00:00+09:00,1427.1983205630575,1444.3391347796808,1427.1983205630575,1441.6326904296875,7100,0.0,0.0
2012-08-07 00:00:00+09:00,1437.1220974645883,1452.4586170232185,1437.1220974645883,1447.9478759765625,8300,0.0,0.0
2012-08-08 00:00:00+09:00,1452.4583759130708,1456.9691162109375,1447.0454875556306,1456.9691162109375,13000,0.0,0.0
2012-08-09 00:00:00+09:00,1456.9693117802688,1457.8714599609375,1445.241385431573,1457.8714599609375,11100,0.0,0.0
2012-08-10 00:00:00+09:00,1457.8715344674786,1463.284423828125,1454.2629415603808,1463.284423828125,11000,0.0,0.0
2012-08-13 00:00:00+09:00,1455.1648200917907,1460.5777084492308,1451.5562278534974,1456.9691162109375,6900,0.0,0.0
2012-08-14 00:00:00+09:00,1452.4582587139423,1470.5012184495192,1452.4582587139423,1465.990478515625,15900,0.0,0.0
2012-08-15 00:00:00+09:00,1472.3058347064684,1472.3058347064684,1462.3822046931282,1471.4036865234375,12500,0.0,0.0
2012-08-16 00:00:00+09:00,1471.4033731600134,1481.3270010599276,1468.6969291873095,1479.522705078125,17700,0.0,0.0
2012-08-17 00:00:00+09:00,1483.1314231178978,1493.0550518613873,1474.109942441998,1488.5443115234375,18100,0.0,0.0
2012-08-20 00:00:00+09:00,1492.153077496327,1504.7831519128617,1492.153077496327,1496.663818359375,19200,0.0,0.0
2012-08-21 00:00:00+09:00,1502.0769781527015,1509.294164834516,1502.0769781527015,1507.4898681640625,26600,0.0,0.0
2012-08-22 00:00:00+09:00,1511.098387940915,1512.000536232223,1504.783349901759,1506.587646484375,11800,0.0,0.0
2012-08-23 00:00:00+09:00,1500.2724136891945,1505.685302734375,1491.250931947227,1505.685302734375,12100,0.0,0.0
2012-08-24 00:00:00+09:00,1505.6852527332019,1506.58740087744,1490.348734281156,1502.07666015625,10100,0.0,0.0
2012-08-27 00:00:00+09:00,1509.293746121954,1511.0980422918547,1493.0550805928474,1499.3701171875,13200,0.0,0.0
2012-08-28 00:00:00+09:00,1509.2938423456383,1509.2938423456383,1488.54443506892,1493.05517578125,16200,0.0,0.0
2012-08-29 00:00:00+09:00,1501.1748298174746,1507.4898681640625,1493.0554948004328,1507.4898681640625,13200,0.0,0.0
2012-08-30 00:00:00+09:00,1502.9787581487997,1503.8809062629346,1493.0551288933154,1498.468017578125,10100,0.0,0.0
2012-08-31 00:00:00+09:00,1489.4464363148916,1501.1743610102844,1489.4464363148916,1491.250732421875,11300,0.0,0.0
2012-09-03 00:00:00+09:00,1494.8591079895755,1504.7827351397777,1494.8591079895755,1497.5655517578125,13600,0.0,0.0
2012-09-04 00:00:00+09:00,1497.5658898214692,1497.5658898214692,1484.033667925492,1486.7401123046875,21100,0.0,0.0
2012-09-05 00:00:00+09:00,1486.7403068449667,1486.7403068449667,1479.5231208894086,1483.1317138671875,80900,0.0,0.0
2012-09-06 00:00:00+09:00,1479.5227281946777,1482.229172209668,1471.403396149707,1476.8162841796875,73800,0.0,0.0
2012-09-07 00:00:00+09:00,1488.5442082446452,1492.1528002646323,1475.9141361746908,1476.8162841796875,21300,0.0,0.0
2012-09-10 00:00:00+09:00,1476.8163385974647,1491.2507072092908,1476.8163385974647,1489.4464111328125,15100,0.0,0.0
2012-09-11 00:00:00+09:00,1488.5445815220467,1494.859619140625,1485.8381368283701,1494.859619140625,11400,0.0,0.0
2012-09-12 00:00:00+09:00,1495.761866988679,1508.391943066991,1494.859718697371,1506.587646484375,21600,0.0,0.0
2012-09-13 00:00:00+09:00,1515.609130859375,1516.511279151553,1504.7833513532366,1515.609130859375,25500,0.0,0.0
2012-09-14 00:00:00+09:00,1516.5107490971402,1530.04296875,1516.5107490971402,1530.04296875,41600,0.0,0.0
2012-09-18 00:00:00+09:00,1536.3580299979526,1537.2601779897304,1528.2386980719505,1531.8472900390625,42500,0.0,0.0
2012-09-19 00:00:00+09:00,1524.630179402406,1533.6516597538994,1524.630179402406,1532.74951171875,26900,0.0,0.0
2012-09-20 00:00:00+09:00,1532.749608684443,1533.6517567766646,1529.1410163155567,1530.9453125,31900,0.0,0.0
2012-09-21 00:00:00+09:00,1531.8475813628934,1532.7497295262403,1525.5325442194658,1526.4346923828125,40100,0.0,0.0
2012-09-24 00:00:00+09:00,1524.6300808888561,1530.04296875,1521.021488981427,1530.04296875,39200,0.0,0.0
2012-09-25 00:00:00+09:00,1529.1415025628926,1529.1415025628926,1504.7834963273774,1508.39208984375,274000,0.0,0.0
2012-09-26 00:00:00+09:00,1487.5548983285323,1499.3321295576864,1483.025194009627,1493.896484375,164100,7.0,0.0
2012-09-27 00:00:00+09:00,1484.8373108095448,1498.4264259176248,1483.025428795134,1492.0848388671875,31600,0.0,0.0
2012-09-28 00:00:00+09:00,1494.802425238781,1496.6143069663433,1473.9657853718163,1493.896484375,47600,0.0,0.0
2012-10-01 00:00:00+09:00,1476.6836508510303,1490.27276420242,1473.0598872906596,1475.7777099609375,33500,0.0,0.0
2012-10-02 00:00:00+09:00,1476.6839949348716,1479.4018182384327,1465.8127017206273,1470.3424072265625,30100,0.0,0.0
2012-10-03 00:00:00+09:00,1463.0948185520135,1476.6839345137969,1455.8472900390625,1455.8472900390625,38800,0.0,0.0
2012-10-04 00:00:00+09:00,1465.81242728691,1467.624309150058,1458.564899834317,1463.0946044921875,26000,0.0,0.0
2012-10-05 00:00:00+09:00,1467.6241773000806,1476.683585801933,1462.1885321989691,1474.8717041015625,21900,0.0,0.0
2012-10-09 00:00:00+09:00,1466.718467546443,1472.154113503996,1447.6937066950068,1457.6590576171875,34300,0.0,0.0
2012-10-10 00:00:00+09:00,1458.5650253295898,1458.5650253295898,1434.1046180725098,1449.505615234375,27500,0.0,0.0
2012-10-11 00:00:00+09:00,1449.5057872182217,1453.1295516862672,1444.9760816331648,1446.7879638671875,25400,0.0,0.0
2012-10-12 00:00:00+09:00,1449.5056905864199,1468.5304527753665,1446.7878674165702,1467.62451171875,28600,0.0,0.0
2012-10-15 00:00:00+09:00,1463.0948635617328,1468.5305101136648,1451.3176293658798,1466.7186279296875,15300,0.0,0.0
2012-10-16 00:00:00+09:00,1460.376895911636,1469.4363059359016,1454.9412498970764,1461.2828369140625,17100,0.0,0.0
2012-10-17 00:00:00+09:00,1470.342262282221,1471.2482032941018,1458.5650291277732,1464.9066162109375,18500,0.0,0.0
2012-10-18 00:00:00+09:00,1469.436123730289,1475.7777099609375,1462.1885966095476,1475.7777099609375,18700,0.0,0.0
2012-10-19 00:00:00+09:00,1476.6836079631594,1493.896484375,1475.7776670993783,1493.896484375,28200,0.0,0.0
2012-10-22 00:00:00+09:00,1495.708251953125,1497.520133542408,1486.6488440067099,1495.708251953125,20200,0.0,0.0
2012-10-23 00:00:00+09:00,1503.8619801501134,1505.6738620539088,1489.3669249197508,1499.332275390625,22500,0.0,0.0
2012-10-24 00:00:00+09:00,1490.2727700438563,1503.8618834485117,1483.9311837883506,1491.1787109375,37300,0.0,0.0
2012-10-25 00:00:00+09:00,1488.4609916470608,1502.9560469522055,1488.4609916470608,1501.1441650390625,17300,0.0,0.0
2012-10-26 00:00:00+09:00,1502.9561309536514,1503.8620719608568,1488.4610748383661,1492.0848388671875,23700,0.0,0.0
2012-10-29 00:00:00+09:00,1479.401611328125,1492.9907259453462,1473.0600245067553,1479.401611328125,27000,0.0,0.0
2012-10-30 00:00:00+09:00,1491.1788671934582,1505.6739230106487,1480.3075753305657,1484.8372802734375,52800,0.0,0.0
2012-10-31 00:00:00+09:00,1493.8966824316585,1493.8966824316585,1483.025390625,1483.025390625,19500,0.0,0.0
2012-11-01 00:00:00+09:00,1483.9313162005321,1484.8372571750135,1472.154083532274,1479.401611328125,17000,0.0,0.0
2012-11-02 00:00:00+09:00,1481.2133553014935,1484.8371188618642,1470.3420646203815,1475.7777099609375,25900,0.0,0.0
2012-11-05 00:00:00+09:00,1480.30775933962,1480.30775933962,1465.8127017206273,1470.3424072265625,9800,0.0,0.0
2012-11-06 00:00:00+09:00,1468.53038025846,1470.342262282221,1458.5650291277732,1464.9066162109375,18100,0.0,0.0
2012-11-07 00:00:00+09:00,1483.0253629436281,1483.0253629436281,1456.7530749012546,1462.188720703125,12900,0.0,0.0
2012-11-08 00:00:00+09:00,1462.1888653790509,1470.3423348885995,1461.2829243224344,1467.62451171875,8200,0.0,0.0
2012-11-09 00:00:00+09:00,1460.3770603160954,1463.0948836293387,1454.0354725851942,1456.7532958984375,13700,0.0,0.0
2012-11-12 00:00:00+09:00,1456.753185614224,1457.6591266500538,1444.9759521484375,1444.9759521484375,17400,0.0,0.0
2012-11-13 00:00:00+09:00,1442.2582582821306,1453.1295516862672,1442.2582582821306,1446.7879638671875,14500,0.0,0.0
2012-11-14 00:00:00+09:00,1451.317520084595,1456.7531662272338,1450.4115790608216,1454.9412841796875,7700,0.0,0.0
2012-11-15 00:00:00+09:00,1454.9412006340406,1465.812492295067,1449.5055548035273,1464.0006103515625,15900,0.0,0.0
2012-11-16 00:00:00+09:00,1464.0008046537214,1468.5305101136648,1449.5057471819023,1466.7186279296875,11800,0.0,0.0
2012-11-19 00:00:00+09:00,1473.9658339582702,1499.3321789802933,1473.0598930646265,1491.1787109375,19700,0.0,0.0
2012-11-20 00:00:00+09:00,1494.8026013675399,1506.579833984375,1485.743191662282,1506.579833984375,22900,0.0,0.0
2012-11-21 00:00:00+09:00,1512.921882601448,1512.921882601448,1476.6842327187787,1483.9317626953125,27600,0.0,0.0
2012-11-22 00:00:00+09:00,1494.8029566855328,1503.8623685442328,1485.7435448268325,1489.3673095703125,18400,0.0,0.0
2012-11-26 00:00:00+09:00,1503.8616943359375,1505.6735758953785,1499.3319904373352,1503.8616943359375,19600,0.0,0.0
2012-11-27 00:00:00+09:00,1503.8621778801305,1517.4512939453125,1496.6146493120336,1517.4512939453125,25000,0.0,0.0
2012-11-28 00:00:00+09:00,1521.0751082132876,1521.0751082132876,1505.6741094999907,1514.7335205078125,12200,0.0,0.0
2012-11-29 00:00:00+09:00,1512.9213974744926,1516.5451613007788,1498.426342169348,1501.1441650390625,18700,0.0,0.0
2012-11-30 00:00:00+09:00,1502.9560546875,1509.2976414161392,1490.2728812302216,1502.9560546875,14600,0.0,0.0
2012-12-03 00:00:00+09:00,1502.9560391982156,1502.9560391982156,1490.2728658716485,1499.332275390625,7900,0.0,0.0
2012-12-04 00:00:00+09:00,1496.614444794975,1500.2382085838249,1489.3669172172754,1497.5203857421875,18000,0.0,0.0
2012-12-05 00:00:00+09:00,1485.7431611121601,1502.0500982463182,1483.931279208365,1499.332275390625,13800,0.0,0.0
2012-12-06 00:00:00+09:00,1503.8616943359375,1503.8616943359375,1500.2379312170558,1503.8616943359375,20800,0.0,0.0
2012-12-07 00:00:00+09:00,1504.7679552985626,1504.7679552985626,1492.99072265625,1492.99072265625,11100,0.0,0.0
2012-12-10 00:00:00+09:00,1511.1092454620305,1511.1092454620305,1488.460725595993,1495.708251953125,8800,0.0,0.0
2012-12-11 00:00:00+09:00,1489.3667800560945,1499.3321295576864,1489.3667800560945,1493.896484375,10800,0.0,0.0
2012-12-12 00:00:00+09:00,1494.8028858953276,1519.263296755433,1494.8028858953276,1502.0504150390625,23500,0.0,0.0
2012-12-13 00:00:00+09:00,1520.1687597832524,1521.0747006412878,1504.7677651966521,1505.6737060546875,15500,0.0,0.0
2012-12-14 00:00:00+09:00,1540.0997977831037,1540.0997977831037,1494.80274490713,1512.015625,55900,0.0,0.0
2012-12-17 00:00:00+09:00,1531.9463237119116,1531.9463237119116,1523.7928542184716,1525.604736328125,16100,0.0,0.0
2012-12-18 00:00:00+09:00,1523.7927476060333,1533.7580985118993,1522.886806614591,1529.2283935546875,13900,0.0,0.0
2012-12-19 00:00:00+09:00,1532.852009347838,1539.1935956749273,1522.8866594052695,1537.3817138671875,18500,0.0,0.0
2012-12-20 00:00:00+09:00,1538.287564435942,1549.1588546439698,1531.945978481259,1544.629150390625,38000,0.0,0.0
2012-12-21 00:00:00+09:00,1555.501018620944,1555.501018620944,1531.9465477507374,1535.5703125,26400,0.0,0.0
2012-12-25 00:00:00+09:00,1540.0994635247566,1547.3469904119318,1525.604409750406,1534.663818359375,18700,0.0,0.0
2012-12-26 00:00:00+09:00,1534.6643713126844,1541.005959623894,1522.8871358775812,1535.5703125,15200,0.0,0.0
2012-12-27 00:00:00+09:00,1537.3817554230386,1540.0995782081118,1526.510464282746,1532.85205078125,18600,0.0,0.0
2012-12-28 00:00:00+09:00,1536.4758562722288,1538.2877381782102,1527.4164467423218,1528.3223876953125,14100,0.0,0.0
2013-01-04 00:00:00+09:00,1557.3127216933697,1558.2186627763792,1537.3820178671601,1551.8770751953125,23000,0.0,0.0
2013-01-07 00:00:00+09:00,1558.2187128792034,1565.4662417763159,1543.7236550849782,1549.1593017578125,18000,0.0,0.0
2013-01-08 00:00:00+09:00,1550.970769839517,1556.4064150609172,1535.56977504555,1538.28759765625,15300,0.0,0.0
2013-01-09 00:00:00+09:00,1538.287735218447,1546.4412037796756,1538.287735218447,1541.9114990234375,12500,0.0,0.0
2013-01-10 00:00:00+09:00,1541.9115604138624,1558.218498185572,1541.9115604138624,1556.4066162109375,16000,0.0,0.0
2013-01-11 00:00:00+09:00,1566.3720551687047,1567.2779962069746,1560.9364089390851,1562.748291015625,14400,0.0,0.0
2013-01-15 00:00:00+09:00,1556.4065484097594,1573.6194264189476,1556.4065484097594,1569.0897216796875,22300,0.0,0.0
2013-01-16 00:00:00+09:00,1569.9956314547157,1572.7134542443084,1560.0302812262091,1561.8421630859375,12100,0.0,0.0
2013-01-17 00:00:00+09:00,1575.4313315862341,1576.3372725474683,1565.4659810126582,1574.525390625,17800,0.0,0.0
2013-01-18 00:00:00+09:00,1585.3966016447946,1612.5748291015625,1585.3966016447946,1612.5748291015625,35100,0.0,0.0
2013-01-21 00:00:00+09:00,1616.1988973978632,1628.8820726016581,1616.1988973978632,1627.0701904296875,24400,0.0,0.0
2013-01-22 00:00:00+09:00,1619.8224602831867,1629.787810989627,1618.916519309874,1622.540283203125,27500,0.0,0.0
2013-01-23 00:00:00+09:00,1616.1988028775531,1623.4463311415782,1615.29286184455,1618.9166259765625,13700,0.0,0.0
2013-01-24 00:00:00+09:00,1621.6343422298123,1630.6937519629396,1616.1986963899358,1622.540283203125,13000,0.0,0.0
2013-01-25 00:00:00+09:00,1622.540302807132,1641.5650634765625,1622.540302807132,1641.5650634765625,23200,0.0,0.0
2013-01-28 00:00:00+09:00,1652.4361254990363,1654.2480072155922,1642.4707760579786,1645.1885986328125,20800,0.0,0.0
2013-01-29 00:00:00+09:00,1636.1297472533845,1653.3426294227168,1634.3178649197705,1647.906982421875,7800,0.0,0.0
2013-01-30 00:00:00+09:00,1657.8718361148615,1666.9312450553798,1637.0351955516692,1646.0946044921875,31000,0.0,0.0
2013-01-31 00:00:00+09:00,1656.966175800134,1656.966175800134,1632.5057675187759,1639.7532958984375,25500,0.0,0.0
2013-02-01 00:00:00+09:00,1639.7536549525978,1644.2833611817487,1631.6001837401263,1637.9417724609375,26800,0.0,0.0
2013-02-04 00:00:00+09:00,1635.223578841753,1655.1542817417633,1632.5057557190241,1651.530517578125,23400,0.0,0.0
2013-02-05 00:00:00+09:00,1651.53089114839,1651.53089114839,1637.9417724609375,1637.9417724609375,25400,0.0,0.0
2013-02-06 00:00:00+09:00,1652.4364282024792,1653.3423692267131,1637.9413718147382,1644.282958984375,26000,0.0,0.0
2013-02-07 00:00:00+09:00,1637.0354424581412,1641.5651476115947,1632.5057373046875,1632.5057373046875,26100,0.0,0.0
2013-02-08 00:00:00+09:00,1638.847328702631,1638.847328702631,1618.9166259765625,1618.9166259765625,37100,0.0,0.0
2013-02-12 00:00:00+09:00,1617.1047557327631,1626.1641661290253,1607.139404296875,1607.139404296875,33200,0.0,0.0
2013-02-13 00:00:00+09:00,1603.5157096169212,1607.1394739324396,1592.644416670366,1594.456298828125,26700,0.0,0.0
2013-02-14 00:00:00+09:00,1603.5154776980642,1603.5154776980642,1568.1837807318357,1569.0897216796875,34000,0.0,0.0
2013-02-15 00:00:00+09:00,1569.0897634536045,1579.0551141452845,1554.59470790207,1564.56005859375,35100,0.0,0.0
2013-02-18 00:00:00+09:00,1585.396816056088,1591.7384033203125,1568.1839363389076,1591.7384033203125,39400,0.0,0.0
2013-02-19 00:00:00+09:00,1592.6442037038673,1606.2333180699413,1586.3026169996995,1601.70361328125,26800,0.0,0.0
2013-02-20 00:00:00+09:00,1620.7286227870054,1620.7286227870054,1607.1395063298758,1617.1048583984375,32600,0.0,0.0
2013-02-21 00:00:00+09:00,1619.8225365264018,1626.1641236380822,1609.8571853509038,1611.6690673828125,44000,0.0,0.0
2013-02-22 00:00:00+09:00,1604.4216707817413,1610.7632584132898,1580.8672024359903,1584.490966796875,57300,0.0,0.0
2013-02-25 00:00:00+09:00,1611.6689297700264,1619.8223982174295,1603.5154613226232,1608.045166015625,27400,0.0,0.0
2013-02-26 00:00:00+09:00,1598.079933140465,1605.3274611819184,1589.0205230886484,1592.644287109375,18600,0.0,0.0
2013-02-27 00:00:00+09:00,1597.1740647098816,1610.7631804050877,1593.5503005244934,1595.3621826171875,20200,0.0,0.0
2013-02-28 00:00:00+09:00,1593.550182913232,1617.104648379829,1593.550182913232,1610.7630615234375,22800,0.0,0.0
2013-03-01 00:00:00+09:00,1611.669078585038,1630.693840052315,1609.8571965405354,1628.8819580078125,25400,0.0,0.0
2013-03-04 00:00:00+09:00,1630.6937674094706,1634.3175313370473,1626.1640625,1626.1640625,34300,0.0,0.0
2013-03-05 00:00:00+09:00,1638.8471942138672,1647.9066038004557,1630.6937255859375,1630.6937255859375,21900,0.0,0.0
2013-03-06 00:00:00+09:00,1639.7536549525978,1644.2833611817487,1634.318007477617,1637.9417724609375,15300,0.0,0.0
2013-03-07 00:00:00+09:00,1647.000970968443,1665.1197935313523,1643.3772064558611,1660.590087890625,39000,0.0,0.0
2013-03-08 00:00:00+09:00,1671.4608789246163,1693.203459463473,1670.5549380688308,1685.9559326171875,95100,0.0,0.0
2013-03-11 00:00:00+09:00,1686.8623046875,1740.3128288424743,1686.8623046875,1731.25341796875,48100,0.0,0.0
2013-03-12 00:00:00+09:00,1728.5352469675165,1730.347128777755,1721.2877197265625,1721.2877197265625,27200,0.0,0.0
2013-03-13 00:00:00+09:00,1720.3822521740876,1728.5357225635382,1713.1347229390203,1717.6644287109375,18900,0.0,0.0
2013-03-14 00:00:00+09:00,1720.3821100356008,1730.347461910478,1714.0405224788608,1727.629638671875,31300,0.0,0.0
2013-03-15 00:00:00+09:00,1731.2532654281733,1758.4314956546752,1731.2532654281733,1752.995849609375,49100,0.0,0.0
2013-03-18 00:00:00+09:00,1752.9959176762313,1785.6097952143937,1752.9959176762313,1769.3028564453125,33000,0.0,0.0
2013-03-19 00:00:00+09:00,1776.5503687620283,1802.8226587641186,1776.5503687620283,1794.669189453125,36500,0.0,0.0
2013-03-21 00:00:00+09:00,1795.5753118202695,1811.8822520890712,1793.7634295681805,1809.1644287109375,50700,0.0,0.0
2013-03-22 00:00:00+09:00,1809.1642306939966,1809.1642306939966,1791.04541015625,1791.04541015625,46400,0.0,0.0
2013-03-25 00:00:00+09:00,1771.1147385307659,1788.327618342574,1768.3969154025858,1769.3028564453125,61900,0.0,0.0
2013-03-26 00:00:00+09:00,1758.4313393464172,1772.9263941787422,1756.6194574923766,1759.3372802734375,234900,0.0,0.0
2013-03-27 00:00:00+09:00,1745.6992430124224,1761.1559550599284,1726.605657541974,1756.60986328125,122100,7.0,0.0
2013-03-28 00:00:00+09:00,1744.7900986261589,1754.7915009632552,1731.1518227119366,1734.7886962890625,36500,0.0,0.0
2013-03-29 00:00:00+09:00,1730.2425588162912,1730.2425588162912,1680.235548445878,1695.6922607421875,45900,0.0,0.0
2013-04-01 00:00:00+09:00,1683.8723588175865,1683.8723588175865,1631.1376953125,1631.1376953125,47500,0.0,0.0
2013-04-02 00:00:00+09:00,1627.5009024051217,1682.0540052790363,1547.4896848567134,1649.3221435546875,64400,0.0,0.0
2013-04-03 00:00:00+09:00,1638.4114139766484,1663.8695269574175,1638.4114139766484,1654.77734375,16800,0.0,0.0
2013-04-04 00:00:00+09:00,1654.7773963462118,1697.5106587793284,1638.411466052678,1696.6014404296875,39700,0.0,0.0
2013-04-05 00:00:00+09:00,1700.2383252256407,1757.5190816369857,1700.2383252256407,1756.60986328125,100200,0.0,0.0
2013-04-08 00:00:00+09:00,1756.6097660771122,1790.2508433777607,1739.3346182740763,1767.5203857421875,57800,0.0,0.0
2013-04-09 00:00:00+09:00,1756.6098388671876,1765.702022298177,1743.8807820638021,1745.69921875,46200,0.0,0.0
2013-04-10 00:00:00+09:00,1745.6993619109946,1759.3376381759244,1728.4242119754172,1736.607177734375,27100,0.0,0.0
2013-04-11 00:00:00+09:00,1745.6989295490093,1755.7003296662172,1727.5145656995405,1743.8804931640625,27500,0.0,0.0
2013-04-12 00:00:00+09:00,1732.0609130859375,1745.699187992126,1727.5148214505414,1732.0609130859375,17900,0.0,0.0
2013-04-15 00:00:00+09:00,1732.0607074769607,1736.6067985727007,1727.5146163812205,1731.1514892578125,18000,0.0,0.0
2013-04-16 00:00:00+09:00,1724.786980987405,1745.6990002613695,1716.60401692368,1739.33447265625,39800,0.0,0.0
2013-04-17 00:00:00+09:00,1733.879504786235,1744.7901256868302,1728.4241943359375,1728.4241943359375,15700,0.0,0.0
2013-04-18 00:00:00+09:00,1729.3329693247504,1741.1528056029954,1710.2393876445087,1730.2421875,36900,0.0,0.0
2013-04-19 00:00:00+09:00,1728.423853776523,1728.423853776523,1716.6040167964627,1722.059326171875,17100,0.0,0.0
2013-04-22 00:00:00+09:00,1727.5145656995405,1752.972675088797,1725.6961293145937,1743.8804931640625,31800,0.0,0.0
2013-04-23 00:00:00+09:00,1734.788612881817,1737.516267933518,1728.4240844278481,1733.87939453125,18900,0.0,0.0
2013-04-24 00:00:00+09:00,1734.7886962890625,1741.153225049033,1731.1518227119366,1734.7886962890625,24300,0.0,0.0
2013-04-25 00:00:00+09:00,1730.2425631447948,1757.5191143241661,1729.3333447721488,1752.9730224609375,33900,0.0,0.0
2013-04-26 00:00:00+09:00,1753.8818932812703,1753.8818932812703,1727.5145656995405,1743.8804931640625,24100,0.0,0.0
2013-04-30 00:00:00+09:00,1751.154201259554,1772.975437412321,1744.7896740483302,1762.0648193359375,44000,0.0,0.0
2013-05-01 00:00:00+09:00,1755.7002589185597,1765.7016586327516,1739.334332113519,1748.426513671875,22200,0.0,0.0
2013-05-02 00:00:00+09:00,1748.4269305977089,1762.0652061873946,1735.6978733806689,1752.9730224609375,25300,0.0,0.0
2013-05-07 00:00:00+09:00,1772.066367941036,1772.066367941036,1742.0621657131992,1755.700439453125,28900,0.0,0.0
2013-05-08 00:00:00+09:00,1763.8836101271352,1763.8836101271352,1752.0637715025719,1756.60986328125,30000,0.0,0.0
2013-05-09 00:00:00+09:00,1755.7004007837002,1756.609619013003,1738.425254426947,1739.33447265625,28500,0.0,0.0
2013-05-10 00:00:00+09:00,1756.6097999902395,1756.6097999902395,1740.243870176666,1746.6083984375,30500,0.0,0.0
2013-05-13 00:00:00+09:00,1745.6993619109946,1753.8823276699525,1732.061085646065,1736.607177734375,26900,0.0,0.0
2013-05-14 00:00:00+09:00,1737.5162353515625,1743.8807636861836,1728.4240520163896,1737.5162353515625,25200,0.0,0.0
2013-05-15 00:00:00+09:00,1737.5160683281701,1739.3345048204026,1731.1515406053563,1735.6976318359375,28100,0.0,0.0
2013-05-16 00:00:00+09:00,1732.9702595004997,1736.6071330776256,1727.5149491348106,1734.7886962890625,32700,0.0,0.0
2013-05-17 00:00:00+09:00,1737.5159788389465,1752.9726882268385,1732.9698878425074,1749.3358154296875,42300,0.0,0.0
2013-05-20 00:00:00+09:00,1754.7910407627242,1754.7910407627242,1745.698859204368,1748.426513671875,21100,0.0,0.0
2013-05-21 00:00:00+09:00,1748.4268553537702,1749.3360736872876,1733.8793620174933,1737.5162353515625,22900,0.0,0.0
2013-05-22 00:00:00+09:00,1742.0623331578172,1745.699206504702,1732.9701497906053,1740.243896484375,17300,0.0,0.0
2013-05-23 00:00:00+09:00,1740.2437364987763,1741.1529547519106,1706.6026611328125,1706.6026611328125,47100,0.0,0.0
2013-05-24 00:00:00+09:00,1703.875039241589,1718.4225315723604,1682.0538007454322,1685.690673828125,63000,0.0,0.0
2013-05-27 00:00:00+09:00,1682.053835028844,1682.053835028844,1641.139012014629,1647.5035400390625,35000,0.0,0.0
2013-05-28 00:00:00+09:00,1636.592837606985,1660.2325119279749,1636.592837606985,1646.59423828125,26900,0.0,0.0
2013-05-29 00:00:00+09:00,1654.7773945847603,1673.870979906892,1644.7759927493578,1659.323486328125,24300,0.0,0.0
2013-05-30 00:00:00+09:00,1647.5037216194996,1662.96043423955,1637.5023193359375,1637.5023193359375,36600,0.0,0.0
2013-05-31 00:00:00+09:00,1650.2312988687474,1656.5958272941366,1639.3206787109375,1639.3206787109375,21100,0.0,0.0
2013-06-03 00:00:00+09:00,1662.96043423955,1662.96043423955,1637.5023193359375,1637.5023193359375,22900,0.0,0.0
2013-06-04 00:00:00+09:00,1636.5932787235697,1650.2315560462662,1612.9535980308958,1644.7762451171875,37100,0.0,0.0
2013-06-05 00:00:00+09:00,1628.4098735536847,1662.0509485517227,1628.4098735536847,1629.319091796875,20700,0.0,0.0
2013-06-06 00:00:00+09:00,1628.4102712006963,1632.9563635267732,1603.861372639882,1605.6798095703125,23700,0.0,0.0
2013-06-07 00:00:00+09:00,1591.1322660224382,1605.679761026072,1563.855712890625,1563.855712890625,37400,0.0,0.0
2013-06-10 00:00:00+09:00,1610.225521574401,1628.409886583711,1600.2241208192806,1617.499267578125,14000,0.0,0.0
2013-06-11 00:00:00+09:00,1618.4084858285905,1637.5020690883662,1614.7716128267286,1617.499267578125,22000,0.0,0.0
2013-06-12 00:00:00+09:00,1609.3165402799038,1629.3193447353603,1590.2229542087864,1614.7718505859375,23300,0.0,0.0
2013-06-13 00:00:00+09:00,1598.4058267299108,1604.7703550502233,1588.4044250837053,1591.132080078125,21200,0.0,0.0
2013-06-14 00:00:00+09:00,1607.4979051690805,1629.3191437007874,1602.0425955361536,1616.590087890625,69800,0.0,0.0
2013-06-17 00:00:00+09:00,1627.5005668982749,1671.143040200575,1623.8636941230832,1660.232421875,21100,0.0,0.0
2013-06-18 00:00:00+09:00,1672.0522385021457,1672.0522385021457,1641.13882028079,1652.0494384765625,10600,0.0,0.0
2013-06-19 00:00:00+09:00,1676.5983294170508,1676.5983294170508,1642.048038463771,1652.0494384765625,13900,0.0,0.0
2013-06-20 00:00:00+09:00,1659.323486328125,1663.8695780714897,1651.1405211900685,1659.323486328125,16600,0.0,0.0
2013-06-21 00:00:00+09:00,1647.503878869743,1658.4145005841121,1629.3195093457944,1653.868408203125,37200,0.0,0.0
2013-06-24 00:00:00+09:00,1653.8680350072377,1670.233963885814,1645.6850705679497,1668.41552734375,10900,0.0,0.0
2013-06-25 00:00:00+09:00,1658.4138818144274,1662.050754362266,1640.229519075234,1651.14013671875,12400,0.0,0.0
2013-06-26 00:00:00+09:00,1652.95899898286,1658.4143092105262,1641.13916015625,1641.13916015625,6100,0.0,0.0
2013-06-27 00:00:00+09:00,1644.7758903545018,1667.50634765625,1639.3205806020821,1667.50634765625,16900,0.0,0.0
2013-06-28 00:00:00+09:00,1672.9613397978922,1707.5116283371965,1672.9613397978922,1703.874755859375,34100,0.0,0.0
2013-07-01 00:00:00+09:00,1713.8767807331492,1713.8767807331492,1700.2385039633893,1709.3306884765625,9600,0.0,0.0
2013-07-02 00:00:00+09:00,1709.330430471639,1722.059486868768,1702.0566839589937,1721.1502685546875,17400,0.0,0.0
2013-07-03 00:00:00+09:00,1713.8764711153708,1723.8778722730733,1707.5119431059238,1716.6041259765625,16900,0.0,0.0
2013-07-04 00:00:00+09:00,1724.7869808595813,1727.5146355472875,1707.5118345041085,1722.059326171875,15000,0.0,0.0
2013-07-05 00:00:00+09:00,1722.0596595820437,1727.5149700136658,1721.1504411767733,1725.696533203125,12700,0.0,0.0
2013-07-08 00:00:00+09:00,1726.6054946867155,1727.5147129566926,1720.240966796875,1720.240966796875,13700,0.0,0.0
2013-07-09 00:00:00+09:00,1720.2413000436775,1727.5150476125725,1711.1491155825588,1723.878173828125,16200,0.0,0.0
2013-07-10 00:00:00+09:00,1727.5147129566926,1727.5147129566926,1715.694875446989,1720.240966796875,17200,0.0,0.0
2013-07-11 00:00:00+09:00,1707.512052400206,1724.7872009601654,1707.512052400206,1711.14892578125,15500,0.0,0.0
2013-07-12 00:00:00+09:00,1717.5134399736148,1725.6964050131926,1712.9673482849603,1722.96875,16700,0.0,0.0
2013-07-16 00:00:00+09:00,1720.2412884424602,1727.5150359623017,1713.8767593625992,1718.4228515625,25800,0.0,0.0
2013-07-17 00:00:00+09:00,1716.6044146825398,1723.878162202381,1714.7859778025793,1718.4228515625,14000,0.0,0.0
2013-07-18 00:00:00+09:00,1724.7873417669223,1726.6057786058964,1712.9675023135906,1719.33203125,37900,0.0,0.0
2013-07-19 00:00:00+09:00,1721.1505184897894,1727.5150476125725,1712.0583340286705,1723.878173828125,17500,0.0,0.0
2013-07-22 00:00:00+09:00,1727.514796753252,1727.514796753252,1712.058085413881,1721.1502685546875,11600,0.0,0.0
2013-07-23 00:00:00+09:00,1714.7856571770117,1726.6054946867155,1711.1487840971029,1720.240966796875,16500,0.0,0.0
2013-07-24 00:00:00+09:00,1723.8779683377309,1723.8779683377309,1713.8765666226911,1722.96875,12200,0.0,0.0
2013-07-25 00:00:00+09:00,1714.7859991844664,1721.1505283436877,1709.3306884765625,1709.3306884765625,19800,0.0,0.0
2013-07-26 00:00:00+09:00,1704.7842575122625,1706.6026940536087,1683.8722372867787,1685.690673828125,19700,0.0,0.0
2013-07-29 00:00:00+09:00,1682.9633833039798,1699.3293157186051,1664.7790139543959,1665.688232421875,25100,0.0,0.0
2013-07-30 00:00:00+09:00,1668.4151981653793,1699.32861328125,1663.8691077071628,1699.32861328125,22800,0.0,0.0
2013-07-31 00:00:00+09:00,1683.8723487582865,1689.3276587434648,1661.1418904867114,1662.9603271484375,26100,0.0,0.0
2013-08-01 00:00:00+09:00,1662.9604165201558,1668.415726798516,1646.594485685075,1666.5972900390625,31900,0.0,0.0
2013-08-02 00:00:00+09:00,1666.5972430584882,1682.053955078125,1651.1405310388513,1682.053955078125,28700,0.0,0.0
2013-08-05 00:00:00+09:00,1682.9632778551058,1692.9646803707224,1664.778909644894,1673.87109375,22700,0.0,0.0
2013-08-06 00:00:00+09:00,1673.871123017936,1689.3278362668793,1662.0512834746262,1687.5093994140625,30400,0.0,0.0
2013-08-07 00:00:00+09:00,1673.8708957203648,1678.416987235086,1658.4141845703125,1658.4141845703125,30400,0.0,0.0
2013-08-08 00:00:00+09:00,1661.141554721566,1665.6876454569835,1642.0479736328125,1642.0479736328125,45800,0.0,0.0
2013-08-09 00:00:00+09:00,1643.866487016699,1654.7771052933585,1640.2296142578125,1640.2296142578125,27300,0.0,0.0
2013-08-12 00:00:00+09:00,1640.2299417849722,1645.6852520126383,1637.502286671139,1641.13916015625,24000,0.0,0.0
2013-08-13 00:00:00+09:00,1638.4117156999291,1644.7762451171875,1636.5932787235697,1644.7762451171875,34800,0.0,0.0
2013-08-14 00:00:00+09:00,1658.413908643326,1662.05078125,1645.6848545199673,1662.05078125,23200,0.0,0.0
2013-08-15 00:00:00+09:00,1663.8693783514216,1670.2339060281756,1658.4140689142037,1661.1417236328125,23900,0.0,0.0
2013-08-16 00:00:00+09:00,1654.7776266793223,1661.1421560127044,1653.868408203125,1653.868408203125,17800,0.0,0.0
2013-08-19 00:00:00+09:00,1667.506090160011,1667.506090160011,1657.5046904916576,1662.05078125,11800,0.0,0.0
2013-08-20 00:00:00+09:00,1660.2323180883468,1669.3244994579434,1650.2309185817903,1651.14013671875,21900,0.0,0.0
2013-08-21 00:00:00+09:00,1652.959049928781,1657.5051419252848,1645.685302734375,1645.685302734375,29200,0.0,0.0
2013-08-22 00:00:00+09:00,1658.4138818144274,1658.4138818144274,1646.5940460339518,1651.14013671875,13500,0.0,0.0
2013-08-23 00:00:00+09:00,1662.0513585519584,1666.5974508893541,1653.8683923446456,1665.688232421875,15000,0.0,0.0
2013-08-26 00:00:00+09:00,1665.687872530654,1679.3261465961343,1659.3233446334298,1668.41552734375,18000,0.0,0.0
2013-08-27 00:00:00+09:00,1669.3245264633479,1670.2337446150166,1662.05078125,1662.05078125,19300,0.0,0.0
2013-08-28 00:00:00+09:00,1655.6866455078125,1659.323518974057,1645.68524347564,1655.6866455078125,29800,0.0,0.0
2013-08-29 00:00:00+09:00,1655.686612933433,1663.8695780714897,1652.9589578874143,1659.323486328125,18800,0.0,0.0
2013-08-30 00:00:00+09:00,1662.9601666573199,1663.8693849004349,1645.685020038135,1646.59423828125,35600,0.0,0.0
2013-09-02 00:00:00+09:00,1660.2327046767978,1669.3248881635272,1653.8681762360873,1659.323486328125,20500,0.0,0.0
2013-09-03 00:00:00+09:00,1666.5972900390625,1673.8710370768763,1660.2327613809755,1666.5972900390625,26400,0.0,0.0
2013-09-04 00:00:00+09:00,1666.5972900390625,1669.3249451782426,1657.5051062417954,1666.5972900390625,10100,0.0,0.0
2013-09-05 00:00:00+09:00,1671.143182156846,1672.0524004278782,1663.8694359885899,1668.41552734375,13100,0.0,0.0
2013-09-06 00:00:00+09:00,1667.506475773595,1672.0525675832284,1663.869602325888,1670.234130859375,15500,0.0,0.0
2013-09-09 00:00:00+09:00,1679.3261522201678,1691.1459897831685,1679.3261522201678,1688.4183349609375,33300,0.0,0.0
2013-09-10 00:00:00+09:00,1697.5106949532867,1716.6042807026274,1682.963201049027,1712.9674072265625,29300,0.0,0.0
2013-09-11 00:00:00+09:00,1716.604486488727,1717.5137049667399,1710.2399571426351,1713.8768310546875,18900,0.0,0.0
2013-09-12 00:00:00+09:00,1713.8768310546875,1720.2413604007793,1711.1491756206483,1713.8768310546875,19500,0.0,0.0
2013-09-13 00:00:00+09:00,1703.875120587155,1722.968705182849,1703.875120587155,1721.1502685546875,50600,0.0,0.0
2013-09-17 00:00:00+09:00,1721.1503010593815,1722.968737721885,1715.6949910718718,1717.513427734375,25300,0.0,0.0
2013-09-18 00:00:00+09:00,1717.513427734375,1722.0595193906333,1715.6949910718718,1717.513427734375,24300,0.0,0.0
2013-09-19 00:00:00+09:00,1722.059326171875,1722.059326171875,1713.8763621087564,1722.059326171875,39800,0.0,0.0
2013-09-20 00:00:00+09:00,1722.9684739115364,1726.6053466796875,1716.6039465672723,1726.6053466796875,62000,0.0,0.0
2013-09-24 00:00:00+09:00,1726.6057516083954,1726.6057516083954,1718.422785960962,1725.696533203125,85400,0.0,0.0
2013-09-25 00:00:00+09:00,1723.8779578877004,1724.7871762199197,1700.23828125,1700.23828125,431700,0.0,0.0
2013-09-26 00:00:00+09:00,1689.2866067711836,1697.500317987251,1678.3349918164272,1695.675048828125,157000,7.0,0.0
2013-09-27 00:00:00+09:00,1702.063257544352,1703.8885264532466,1695.6748163632203,1698.4127197265625,46500,0.0,0.0
2013-09-30 00:00:00+09:00,1698.412952566814,1699.325587146377,1686.5487030324946,1695.675048828125,38900,0.0,0.0
2013-10-01 00:00:00+09:00,1692.936965354551,1699.3254067332473,1681.072717079829,1681.9853515625,55400,0.0,0.0
2013-10-02 00:00:00+09:00,1681.98510815443,1688.3735486086248,1672.8587646484375,1672.8587646484375,41100,0.0,0.0
2013-10-03 00:00:00+09:00,1665.5579718747856,1672.8590479158806,1662.820068359375,1662.820068359375,28900,0.0,0.0
2013-10-04 00:00:00+09:00,1661.9077559160264,1662.820390598023,1651.8687744140625,1651.8687744140625,25200,0.0,0.0
2013-10-07 00:00:00+09:00,1650.0433153424945,1651.8685844966344,1628.1400854928154,1635.441162109375,38600,0.0,0.0
2013-10-08 00:00:00+09:00,1625.4021110363603,1636.3537254846683,1625.4021110363603,1628.1400146484375,23700,0.0,0.0
2013-10-09 00:00:00+09:00,1627.2275834022457,1638.17919921875,1624.4896794481197,1638.17919921875,24500,0.0,0.0
2013-10-10 00:00:00+09:00,1640.004340255359,1659.1696664353049,1640.004340255359,1656.4317626953125,17500,0.0,0.0
2013-10-11 00:00:00+09:00,1660.0822218976466,1678.3349126276921,1660.0822218976466,1676.5096435546875,31000,0.0,0.0
2013-10-15 00:00:00+09:00,1676.509486425888,1676.509486425888,1662.8199696613872,1668.2957763671875,15800,0.0,0.0
2013-10-16 00:00:00+09:00,1660.9947878191142,1662.8200568167176,1652.7810773298988,1660.0821533203125,16400,0.0,0.0
2013-10-17 00:00:00+09:00,1668.2959722412377,1673.7717795899507,1654.606453869455,1666.470703125,17100,0.0,0.0
2013-10-18 00:00:00+09:00,1670.1208615966398,1674.684033349636,1668.2955928954411,1672.8587646484375,11000,0.0,0.0
2013-10-21 00:00:00+09:00,1677.4220823668604,1679.2473512268898,1673.771544646802,1678.334716796875,22100,0.0,0.0
2013-10-22 00:00:00+09:00,1679.247386321361,1687.4610963631503,1677.4221174231857,1686.5484619140625,13000,0.0,0.0
2013-10-23 00:00:00+09:00,1687.4613988855383,1692.9372065617488,1653.6939182155736,1660.9949951171875,45400,0.0,0.0
2013-10-24 00:00:00+09:00,1660.9948616258773,1676.5096487949102,1652.7811507716833,1658.2569580078125,35500,0.0,0.0
2013-10-25 00:00:00+09:00,1660.0825347563552,1673.7720553838128,1652.781457088378,1653.694091796875,20800,0.0,0.0
2013-10-28 00:00:00+09:00,1663.7328668623322,1684.7234625495696,1661.9075976721376,1682.898193359375,20300,0.0,0.0
2013-10-29 00:00:00+09:00,1674.6843744816829,1680.1601817006967,1667.3832981896646,1676.5096435546875,21100,0.0,0.0
2013-10-30 00:00:00+09:00,1687.4612464696786,1687.4612464696786,1663.7327486826523,1673.771728515625,21900,0.0,0.0
2013-10-31 00:00:00+09:00,1666.4706573654562,1671.0338300307506,1652.7811393695736,1655.51904296875,41200,0.0,0.0
2013-11-01 00:00:00+09:00,1653.694010597411,1664.6456265616323,1642.7423946331899,1643.655029296875,31900,0.0,0.0
2013-11-05 00:00:00+09:00,1647.3051405059202,1659.1693880552705,1635.4408929565702,1639.0914306640625,39100,0.0,0.0
2013-11-06 00:00:00+09:00,1636.3535273834432,1650.0430437865396,1634.528258529697,1639.0914306640625,32700,0.0,0.0
2013-11-07 00:00:00+09:00,1639.091700417655,1643.6548733030047,1633.615892955235,1635.441162109375,20900,0.0,0.0
2013-11-08 00:00:00+09:00,1632.7031873352323,1632.7031873352323,1627.2273801110784,1628.1400146484375,30500,0.0,0.0
2013-11-11 00:00:00+09:00,1642.7422758322864,1650.9559872114478,1630.8780260623864,1634.528564453125,28100,0.0,0.0
2013-11-12 00:00:00+09:00,1634.5286091377652,1649.1307630999115,1631.7907052698627,1645.480224609375,30000,0.0,0.0
2013-11-13 00:00:00+09:00,1645.4799572366705,1650.9557640827159,1640.004150390625,1640.004150390625,13700,0.0,0.0
2013-11-14 00:00:00+09:00,1650.9559695488583,1651.8686041367791,1640.9169890817288,1650.0433349609375,22000,0.0,0.0
2013-11-15 00:00:00+09:00,1655.5190037724744,1668.295886932791,1649.130562192316,1665.5579833984375,45700,0.0,0.0
2013-11-18 00:00:00+09:00,1664.645436828882,1664.645436828882,1650.043283874243,1657.3443603515625,27800,0.0,0.0
2013-11-19 00:00:00+09:00,1651.868567184693,1660.9949128597466,1647.3053943471662,1650.9559326171875,17500,0.0,0.0
2013-11-20 00:00:00+09:00,1650.9559326171875,1657.344374589725,1643.6548560771448,1650.9559326171875,26700,0.0,0.0
2013-11-21 00:00:00+09:00,1656.4316635508906,1661.907470703125,1647.3053182971667,1661.907470703125,29000,0.0,0.0
2013-11-22 00:00:00+09:00,1663.7328537797505,1666.4707575435132,1650.0433349609375,1650.0433349609375,32300,0.0,0.0
2013-11-25 00:00:00+09:00,1650.043574669967,1661.90782603651,1650.043574669967,1659.169921875,19800,0.0,0.0
2013-11-26 00:00:00+09:00,1651.8685048365146,1660.994850167103,1651.8685048365146,1655.51904296875,17100,0.0,0.0
2013-11-27 00:00:00+09:00,1655.5190404256184,1668.295923868815,1651.8685022989907,1664.6453857421875,22400,0.0,0.0
2013-11-28 00:00:00+09:00,1666.4706917415917,1666.4706917415917,1648.2180007038962,1663.7327880859375,25600,0.0,0.0
2013-11-29 00:00:00+09:00,1662.820079864084,1666.4706179098887,1660.9948108411816,1665.5579833984375,18900,0.0,0.0
2013-12-02 00:00:00+09:00,1663.7327537662798,1668.295926431574,1654.6064084356913,1655.51904296875,29900,0.0,0.0
2013-12-03 00:00:00+09:00,1658.2570318553073,1666.4707430752842,1656.4317626953125,1656.4317626953125,19200,0.0,0.0
2013-12-04 00:00:00+09:00,1655.5191054547145,1659.1696437247358,1650.9559326171875,1650.9559326171875,32900,0.0,0.0
2013-12-05 00:00:00+09:00,1655.5193765148892,1659.1699153826178,1647.3056640625,1647.3056640625,31000,0.0,0.0
2013-12-06 00:00:00+09:00,1646.3928592320092,1653.6939362130825,1644.5675899867408,1645.480224609375,19600,0.0,0.0
2013-12-09 00:00:00+09:00,1651.8688223798806,1660.9951694648523,1647.3056488373948,1653.694091796875,25500,0.0,0.0
2013-12-10 00:00:00+09:00,1660.9951694648523,1660.9951694648523,1652.781457088378,1653.694091796875,33100,0.0,0.0
2013-12-11 00:00:00+09:00,1657.3445453780716,1658.2571800396233,1651.8687374087608,1652.7813720703125,18500,0.0,0.0
2013-12-12 00:00:00+09:00,1654.606641393416,1656.4319107165197,1648.2181987625536,1652.7813720703125,20400,0.0,0.0
2013-12-13 00:00:00+09:00,1648.2182466367037,1658.257228205366,1647.3056119486434,1654.606689453125,95700,0.0,0.0
2013-12-16 00:00:00+09:00,1657.3442659198113,1660.9948039504718,1644.5673828125,1644.5673828125,40700,0.0,0.0
2013-12-17 00:00:00+09:00,1650.9561507008843,1659.169862893426,1649.130881324764,1654.606689453125,44800,0.0,0.0
2013-12-18 00:00:00+09:00,1654.6064425670897,1669.208595397246,1654.6064425670897,1663.7327880859375,60300,0.0,0.0
2013-12-19 00:00:00+09:00,1665.558364918523,1670.1215385210396,1655.5193829929867,1659.169921875,54600,0.0,0.0
2013-12-20 00:00:00+09:00,1652.7811875532377,1658.2569949112274,1650.9559184339078,1657.3443603515625,40600,0.0,0.0
2013-12-24 00:00:00+09:00,1659.1696437247358,1665.5580856972733,1648.2180289146715,1650.9559326171875,57100,0.0,0.0
2013-12-25 00:00:00+09:00,1649.130663482177,1650.9559326171875,1642.7422215096394,1650.9559326171875,76200,0.0,0.0
2013-12-26 00:00:00+09:00,1653.6937827124384,1676.5096461604578,1651.8685136365968,1667.38330078125,44200,0.0,0.0
2013-12-27 00:00:00+09:00,1674.6844085660296,1687.4612923371055,1674.6844085660296,1684.723388671875,40000,0.0,0.0
2013-12-30 00:00:00+09:00,1688.373935447065,1697.500281044076,1686.5486663276627,1696.587646484375,39600,0.0,0.0
2014-01-06 00:00:00+09:00,1696.5876044090758,1720.3161023728392,1696.5876044090758,1715.7529296875,59700,0.0,0.0
2014-01-07 00:00:00+09:00,1709.3647239942504,1715.7531666359803,1700.238377363208,1703.888916015625,30100,0.0,0.0
2014-01-08 00:00:00+09:00,1714.8403546968252,1720.316162109375,1705.7140090092423,1720.316162109375,24700,0.0,0.0
2014-01-09 00:00:00+09:00,1720.3163211765816,1723.0542251360139,1714.840513257717,1719.4036865234375,20600,0.0,0.0
2014-01-10 00:00:00+09:00,1716.665841469631,1723.9669189453125,1710.2773986784096,1723.9669189453125,33600,0.0,0.0
2014-01-14 00:00:00+09:00,1715.7528095755347,1721.2286164146055,1702.0632924778577,1706.62646484375,45400,0.0,0.0
2014-01-15 00:00:00+09:00,1724.8794944423018,1724.8794944423018,1709.3647053388527,1719.4036865234375,28100,0.0,0.0
2014-01-16 00:00:00+09:00,1723.0540059840425,1728.5298132064495,1715.7529296875,1715.7529296875,29000,0.0,0.0
2014-01-17 00:00:00+09:00,1711.1899966285343,1729.4426899259054,1711.1899966285343,1724.8795166015625,19500,0.0,0.0
2014-01-20 00:00:00+09:00,1728.5299520582619,1743.1321058243295,1725.792048227124,1739.4815673828125,34700,0.0,0.0
2014-01-21 00:00:00+09:00,1744.04453035758,1749.5203373602726,1738.5687233548874,1747.695068359375,31000,0.0,0.0
2014-01-22 00:00:00+09:00,1752.2580329153604,1752.2580329153604,1734.0053450724922,1746.7822265625,26200,0.0,0.0
2014-01-23 00:00:00+09:00,1751.3455480957032,1751.3455480957032,1734.0054931640625,1734.0054931640625,23300,0.0,0.0
2014-01-24 00:00:00+09:00,1734.0059004743748,1738.5690738966757,1720.3163802074719,1723.9669189453125,48100,0.0,0.0
2014-01-27 00:00:00+09:00,1702.9759637088684,1726.7044605236758,1702.0633292159912,1705.7138671875,47800,0.0,0.0
2014-01-28 00:00:00+09:00,1706.626584316822,1734.9182549659242,1706.626584316822,1715.7529296875,35600,0.0,0.0
2014-01-29 00:00:00+09:00,1715.7528152505913,1736.743408203125,1710.2770083934086,1736.743408203125,26400,0.0,0.0
2014-01-30 00:00:00+09:00,1724.87921484375,1733.092925390625,1702.0633522135417,1711.189697265625,46600,0.0,0.0
2014-01-31 00:00:00+09:00,1713.014854107873,1743.1317908076917,1704.8011440988314,1723.0538330078125,62000,0.0,0.0
2014-02-03 00:00:00+09:00,1709.3644650845035,1726.7045210570639,1702.0633888855307,1710.277099609375,29800,0.0,0.0
2014-02-04 00:00:00+09:00,1692.9367203616212,1698.4125264652166,1671.9461302978382,1672.8587646484375,84800,0.0,0.0
2014-02-05 00:00:00+09:00,1672.8593194055788,1701.1509936563007,1670.1214154458316,1689.2867431640625,65500,0.0,0.0
2014-02-06 00:00:00+09:00,1684.7232297888045,1702.975919168965,1668.2958093466602,1685.6358642578125,44400,0.0,0.0
2014-02-07 00:00:00+09:00,1696.587522258728,1713.9275776233949,1685.6359083442014,1705.7138671875,37200,0.0,0.0
2014-02-10 00:00:00+09:00,1711.1894779827173,1725.7916281948364,1688.3736182762811,1707.5389404296875,46400,0.0,0.0
2014-02-12 00:00:00+09:00,1715.7528582189836,1720.316030714247,1698.4128027369834,1708.4517822265625,29300,0.0,0.0
2014-02-13 00:00:00+09:00,1716.6658802618556,1716.6658802618556,1692.0247432246042,1692.9373779296875,34000,0.0,0.0
2014-02-14 00:00:00+09:00,1696.5874038622017,1697.5000382913906,1674.6841775616676,1687.4610595703125,37200,0.0,0.0
2014-02-17 00:00:00+09:00,1688.3737407276412,1698.4127197265625,1678.3347617287202,1698.4127197265625,27800,0.0,0.0
2014-02-18 00:00:00+09:00,1701.1507062341414,1710.2770512246677,1688.3738232474043,1708.4517822265625,41700,0.0,0.0
2014-02-19 00:00:00+09:00,1698.413186160188,1706.6268985059385,1689.2868391093539,1692.9373779296875,29800,0.0,0.0
2014-02-20 00:00:00+09:00,1692.0242332470943,1696.5874053971675,1676.5094479368458,1678.334716796875,42900,0.0,0.0
2014-02-21 00:00:00+09:00,1693.849779668999,1696.587683407688,1678.3349918164272,1695.675048828125,46200,0.0,0.0
2014-02-24 00:00:00+09:00,1697.500085272115,1711.1896020888257,1692.024278545431,1698.4127197265625,21500,0.0,0.0
2014-02-25 00:00:00+09:00,1710.277549793087,1711.1901845581847,1688.3743154307422,1690.1995849609375,51800,0.0,0.0
2014-02-26 00:00:00+09:00,1691.1122197260352,1699.3259326119146,1689.2869501958398,1690.1995849609375,32100,0.0,0.0
2014-02-27 00:00:00+09:00,1691.1120162541163,1698.413093496444,1680.160400390625,1680.160400390625,67400,0.0,0.0
2014-02-28 00:00:00+09:00,1688.3737676648366,1688.3737676648366,1679.2474229747565,1685.6358642578125,56700,0.0,0.0
2014-03-03 00:00:00+09:00,1681.0731591482531,1701.151123046875,1677.4226202575946,1701.151123046875,69000,0.0,0.0
2014-03-04 00:00:00+09:00,1702.0635616715442,1705.714100141617,1688.3740424087703,1702.9761962890625,78600,0.0,0.0
2014-03-05 00:00:00+09:00,1703.8884028766577,1721.2284562535492,1703.8884028766577,1707.5389404296875,49800,0.0,0.0
2014-03-06 00:00:00+09:00,1707.539272615656,1707.539272615656,1688.3739467338128,1699.3255615234375,48400,0.0,0.0
2014-03-07 00:00:00+09:00,1700.2380717350886,1711.1896857237205,1700.2380717350886,1708.4517822265625,26600,0.0,0.0
2014-03-10 00:00:00+09:00,1713.9275270440696,1718.490699373793,1712.1022581121804,1713.014892578125,39600,0.0,0.0
2014-03-11 00:00:00+09:00,1719.4035501222897,1731.2677996719658,1718.4909155415453,1725.7919921875,48300,0.0,0.0
2014-03-12 00:00:00+09:00,1709.3644512040637,1724.8792380008972,1709.3644512040637,1716.66552734375,30300,0.0,0.0
2014-03-13 00:00:00+09:00,1712.10266804733,1729.4427270520737,1712.10266804733,1723.9669189453125,32000,0.0,0.0
2014-03-14 00:00:00+09:00,1716.6654440487132,1728.5296922000334,1706.62646484375,1706.62646484375,105300,0.0,0.0
2014-03-17 00:00:00+09:00,1706.6267829584617,1715.7531293913946,1703.8888790285819,1704.801513671875,47700,0.0,0.0
2014-03-18 00:00:00+09:00,1726.704822998693,1731.2679964209942,1719.4037455230116,1723.9669189453125,41900,0.0,0.0
2014-03-19 00:00:00+09:00,1723.966617482449,1727.6171555819355,1709.3644650845035,1710.277099609375,37600,0.0,0.0
2014-03-20 00:00:00+09:00,1710.2769040105693,1724.8790547385145,1702.975828646597,1712.1021728515625,66600,0.0,0.0
2014-03-24 00:00:00+09:00,1728.5298980903228,1764.1226467838408,1723.0540905990124,1755.908935546875,135600,0.0,0.0
2014-03-25 00:00:00+09:00,1770.5108838224187,1788.763573346361,1736.743408203125,1736.743408203125,144100,0.0,0.0
2014-03-26 00:00:00+09:00,1756.8215448597064,1757.7341794284648,1715.7529892655834,1720.316162109375,334600,0.0,0.0
2014-03-27 00:00:00+09:00,1720.316413291287,1746.8814697265625,1712.0720854320637,1746.8814697265625,219100,7.0,0.0
2014-03-28 00:00:00+09:00,1745.0493189132233,1745.0493189132233,1723.0644456040802,1739.5531005859375,64000,0.0,0.0
2014-03-31 00:00:00+09:00,1745.9651744378307,1754.2095010747355,1722.148230820106,1731.30859375,71700,0.0,0.0
2014-04-01 00:00:00+09:00,1737.7205647048218,1738.6366008485775,1714.8196611109258,1716.6517333984375,54200,0.0,0.0
2014-04-02 00:00:00+09:00,1719.4002501658904,1728.5606137789214,1714.820068359375,1714.820068359375,46700,0.0,0.0
2014-04-03 00:00:00+09:00,1712.9881829647243,1722.1485475795089,1706.575927734375,1706.575927734375,41000,0.0,0.0
2014-04-04 00:00:00+09:00,1705.6595477400156,1718.48405561776,1700.163330078125,1700.163330078125,31900,0.0,0.0
2014-04-07 00:00:00+09:00,1694.6671311154537,1708.4076754217951,1694.6671311154537,1704.7435302734375,43000,0.0,0.0
2014-04-08 00:00:00+09:00,1699.2475351892915,1713.9041177030538,1699.2475351892915,1705.6597900390625,50200,0.0,0.0
2014-04-09 00:00:00+09:00,1694.6674027996912,1707.491912874932,1685.5070384602334,1687.339111328125,52500,0.0,0.0
2014-04-10 00:00:00+09:00,1691.9189901981467,1700.16331662575,1678.1784461521413,1679.094482421875,31500,0.0,0.0
2014-04-11 00:00:00+09:00,1674.51416015625,1688.2547030459348,1667.1858706150847,1674.51416015625,37100,0.0,0.0
2014-04-14 00:00:00+09:00,1674.5143010732065,1694.6670990073478,1671.7661922640054,1679.094482421875,21000,0.0,0.0
2014-04-15 00:00:00+09:00,1694.6671742718731,1705.65960999688,1693.751137961456,1697.415283203125,28600,0.0,0.0
2014-04-16 00:00:00+09:00,1706.5757481843523,1706.5757481843523,1694.6672754380309,1698.3314208984375,19200,0.0,0.0
2014-04-17 00:00:00+09:00,1701.0794284447938,1709.323755238549,1695.5832105822903,1697.415283203125,24000,0.0,0.0
2014-04-18 00:00:00+09:00,1707.4915565306635,1708.4075927734375,1694.667049131828,1708.4075927734375,21200,0.0,0.0
2014-04-21 00:00:00+09:00,1712.9878379558695,1715.7359467868148,1694.6671124162344,1700.163330078125,32100,0.0,0.0
2014-04-22 00:00:00+09:00,1707.4916826177143,1710.2397915489662,1696.4992468927078,1697.415283203125,11700,0.0,0.0
2014-04-23 00:00:00+09:00,1703.8274115595677,1712.0717377445333,1703.8274115595677,1708.4075927734375,24500,0.0,0.0
2014-04-24 00:00:00+09:00,1708.407979809675,1716.652307862376,1702.9117611078746,1707.491943359375,30100,0.0,0.0
2014-04-25 00:00:00+09:00,1717.56787109375,1726.7282330729167,1712.9876901041666,1717.56787109375,15500,0.0,0.0
2014-04-28 00:00:00+09:00,1721.232556316859,1726.728775230058,1696.4995712074628,1699.2476806640625,29600,0.0,0.0
2014-04-30 00:00:00+09:00,1690.0869553928717,1693.751100553615,1687.3388465223143,1688.2548828125,31700,0.0,0.0
2014-05-01 00:00:00+09:00,1691.9192258704395,1705.6597718304051,1686.4230074864533,1701.07958984375,41200,0.0,0.0
2014-05-02 00:00:00+09:00,1706.5757481843523,1707.4917845494538,1694.6672754380309,1698.3314208984375,13600,0.0,0.0
2014-05-07 00:00:00+09:00,1699.2472803560163,1699.2472803560163,1678.1784461521413,1679.094482421875,40300,0.0,0.0
2014-05-08 00:00:00+09:00,1682.7585861663404,1691.002912391434,1680.926513671875,1680.926513671875,14900,0.0,0.0
2014-05-09 00:00:00+09:00,1680.9264930608745,1699.247217780884,1680.010456824874,1681.842529296875,21400,0.0,0.0
2014-05-12 00:00:00+09:00,1681.842510229639,1690.0868362601764,1677.2623291015625,1677.2623291015625,14300,0.0,0.0
2014-05-13 00:00:00+09:00,1681.842386693233,1691.0027482765295,1680.0103143765737,1682.7584228515625,16900,0.0,0.0
2014-05-14 00:00:00+09:00,1680.9266956482932,1691.003095458719,1680.0106593018907,1683.6748046875,8500,0.0,0.0
2014-05-15 00:00:00+09:00,1694.6670366008816,1694.6670366008816,1680.010456824874,1681.842529296875,17000,0.0,0.0
2014-05-16 00:00:00+09:00,1680.0105015307697,1682.7586103118997,1668.1020301458734,1669.01806640625,41200,0.0,0.0
2014-05-19 00:00:00+09:00,1676.3466068499654,1676.3466068499654,1657.1098425090643,1658.02587890625,19000,0.0,0.0
2014-05-20 00:00:00+09:00,1676.3466881758332,1676.3466881758332,1658.0259593433102,1659.8580322265625,21300,0.0,0.0
2014-05-21 00:00:00+09:00,1663.522177993067,1667.1863237595717,1657.109922901684,1659.8580322265625,22000,0.0,0.0
2014-05-22 00:00:00+09:00,1665.3537982297935,1675.4301963488956,1658.9415448812738,1674.51416015625,17800,0.0,0.0
2014-05-23 00:00:00+09:00,1680.9268770316319,1689.1712050388717,1676.3466948053876,1686.423095703125,17700,0.0,0.0
2014-05-26 00:00:00+09:00,1698.3313298321682,1725.8124193116532,1689.17096667234,1723.9803466796875,39700,0.0,0.0
2014-05-27 00:00:00+09:00,1732.2248615319884,1733.140897947394,1712.9880968084708,1715.7362060546875,26100,0.0,0.0
2014-05-28 00:00:00+09:00,1720.316060655093,1723.0641693781843,1712.9877707268497,1719.4000244140625,14400,0.0,0.0
2014-05-29 00:00:00+09:00,1706.5756157553121,1729.476523105759,1706.5756157553121,1725.8123779296875,17900,0.0,0.0
2014-05-30 00:00:00+09:00,1724.8965648701715,1734.0569289958762,1715.736200744467,1726.7286376953125,13000,0.0,0.0
2014-06-02 00:00:00+09:00,1726.7288159669517,1735.8891810383943,1725.8127794598074,1734.97314453125,20000,0.0,0.0
2014-06-03 00:00:00+09:00,1738.6368408203125,1740.4689133606923,1734.9726957395533,1738.6368408203125,21300,0.0,0.0
2014-06-04 00:00:00+09:00,1736.804970703125,1740.4691162109375,1734.9728979492188,1740.4691162109375,13800,0.0,0.0
2014-06-05 00:00:00+09:00,1740.4689115636488,1745.049092909869,1735.8887302174287,1744.133056640625,17800,0.0,0.0
2014-06-06 00:00:00+09:00,1744.133419911649,1749.629638671875,1744.133419911649,1749.629638671875,18500,0.0,0.0
2014-06-09 00:00:00+09:00,1749.629500852628,1749.629500852628,1731.308773095009,1739.5531005859375,14200,0.0,0.0
2014-06-10 00:00:00+09:00,1745.049037518048,1746.8811099983818,1717.5679503130393,1724.896240234375,17200,0.0,0.0
2014-06-11 00:00:00+09:00,1729.4765173172975,1745.049134263481,1729.4765173172975,1742.301025390625,19600,0.0,0.0
2014-06-12 00:00:00+09:00,1742.3009669671155,1744.1330394875858,1732.2245681045297,1734.056640625,8600,0.0,0.0
2014-06-13 00:00:00+09:00,1728.5607466322765,1745.0494024030136,1727.6447102005689,1735.8890380859375,48000,0.0,0.0
2014-06-16 00:00:00+09:00,1739.5529203869048,1742.301029265873,1723.0642671130954,1731.30859375,19000,0.0,0.0
2014-06-17 00:00:00+09:00,1742.3013469915738,1754.209820972063,1738.6372011514234,1749.629638671875,26300,0.0,0.0
2014-06-18 00:00:00+09:00,1750.5453257046906,1760.6217247537497,1749.6292894275034,1759.7056884765625,23100,0.0,0.0
2014-06-19 00:00:00+09:00,1760.621793146216,1794.51513671875,1760.621793146216,1794.51513671875,51500,0.0,0.0
2014-06-20 00:00:00+09:00,1794.5151120818412,1806.423583984375,1782.606640179307,1806.423583984375,47700,0.0,0.0
2014-06-23 00:00:00+09:00,1812.8356964623315,1819.2479500627542,1798.1791168042228,1801.84326171875,38800,0.0,0.0
2014-06-24 00:00:00+09:00,1800.0114218569065,1832.0726940019406,1796.3472764689027,1829.3245849609375,55500,0.0,0.0
2014-06-25 00:00:00+09:00,1829.3248321058043,1830.2408685765633,1819.2484309274548,1823.82861328125,20800,0.0,0.0
2014-06-26 00:00:00+09:00,1823.8286341374844,1830.2408895061244,1819.2484517313128,1822.91259765625,18300,0.0,0.0
2014-06-27 00:00:00+09:00,1820.1639580865046,1830.2403564453125,1820.1639580865046,1830.2403564453125,22100,0.0,0.0
2014-06-30 00:00:00+09:00,1828.4085693359375,1831.1566784080858,1825.6604602637894,1828.4085693359375,26700,0.0,0.0
2014-07-01 00:00:00+09:00,1828.4086887233861,1836.653016478151,1827.49265230619,1833.9049072265625,48700,0.0,0.0
2014-07-02 00:00:00+09:00,1827.4922080695212,1833.9044614311686,1823.8280632914368,1826.576171875,20200,0.0,0.0
2014-07-03 00:00:00+09:00,1822.912250107691,1832.072613173559,1822.912250107691,1827.492431640625,17000,0.0,0.0
2014-07-04 00:00:00+09:00,1834.8206787109375,1839.400860135578,1826.576352146585,1834.8206787109375,31300,0.0,0.0
2014-07-07 00:00:00+09:00,1832.0723890421264,1835.7365338202108,1826.576171875,1826.576171875,12800,0.0,0.0
2014-07-08 00:00:00+09:00,1826.576496621172,1836.6528965523821,1824.7444239064066,1828.4085693359375,28000,0.0,0.0
2014-07-09 00:00:00+09:00,1828.4085693359375,1834.8208238376167,1827.492532978555,1828.4085693359375,12400,0.0,0.0
2014-07-10 00:00:00+09:00,1828.4086524319937,1841.2331620181901,1824.7445068359375,1824.7445068359375,36000,0.0,0.0
2014-07-11 00:00:00+09:00,1822.9119257489103,1826.57607032328,1820.1638173181332,1825.6600341796875,22500,0.0,0.0
2014-07-14 00:00:00+09:00,1819.2479218720675,1837.5686461608093,1819.2479218720675,1830.2403564453125,15200,0.0,0.0
2014-07-15 00:00:00+09:00,1829.3246447753907,1836.6529357910156,1828.4086083984375,1832.07275390625,18500,0.0,0.0
2014-07-16 00:00:00+09:00,1840.3165283203125,1843.9806727271225,1820.1637340828577,1840.3165283203125,43600,0.0,0.0
2014-07-17 00:00:00+09:00,1842.1487638723452,1843.9808362382053,1833.9044382259747,1838.484619140625,11200,0.0,0.0
2014-07-18 00:00:00+09:00,1838.4849829865639,1843.981201171875,1832.9887648012527,1843.981201171875,22300,0.0,0.0
2014-07-22 00:00:00+09:00,1850.39292543904,1850.39292543904,1836.6523839135025,1840.3165283203125,24700,0.0,0.0
2014-07-23 00:00:00+09:00,1841.2327276894152,1843.0648000552753,1832.0723658601146,1838.484619140625,16300,0.0,0.0
2014-07-24 00:00:00+09:00,1840.3169773320606,1841.2330136572632,1832.9886867304394,1836.65283203125,21700,0.0,0.0
2014-07-25 00:00:00+09:00,1836.6526876339617,1843.06494140625,1836.6526876339617,1843.06494140625,15300,0.0,0.0
2014-07-28 00:00:00+09:00,1844.8972351769519,1850.3934533552347,1840.317053361716,1849.4774169921875,13600,0.0,0.0
2014-07-29 00:00:00+09:00,1843.9811368766807,1855.8896091963015,1843.9811368766807,1852.2254638671875,20600,0.0,0.0
2014-07-30 00:00:00+09:00,1841.2331285915102,1854.9736743272676,1841.2331285915102,1853.1416015625,18300,0.0,0.0
2014-07-31 00:00:00+09:00,1848.561362212559,1853.141543982164,1844.897216796875,1844.897216796875,21400,0.0,0.0
2014-08-01 00:00:00+09:00,1832.07275390625,1840.317081298828,1832.07275390625,1832.07275390625,18500,0.0,0.0
2014-08-04 00:00:00+09:00,1837.569016422134,1837.569016422134,1824.7445068359375,1824.7445068359375,23800,0.0,0.0
2014-08-05 00:00:00+09:00,1824.7443936975992,1826.5764663820346,1800.9274487999398,1802.759521484375,30000,0.0,0.0
2014-08-06 00:00:00+09:00,1800.9271872105744,1810.0875493021845,1792.682861328125,1792.682861328125,29400,0.0,0.0
2014-08-07 00:00:00+09:00,1789.019012852313,1812.8359582359076,1789.019012852313,1811.919921875,23600,0.0,0.0
2014-08-08 00:00:00+09:00,1811.9198245914838,1817.4160424618321,1795.431170980439,1800.0113525390625,23400,0.0,0.0
2014-08-11 00:00:00+09:00,1821.0800385013704,1822.9121109747118,1808.2555311879805,1817.4158935546875,12400,0.0,0.0
2014-08-12 00:00:00+09:00,1812.835951260431,1830.240642050703,1812.835951260431,1828.4085693359375,17000,0.0,0.0
2014-08-13 00:00:00+09:00,1831.1566119618465,1845.8131931481344,1808.2557038582715,1842.1490478515625,18800,0.0,0.0
2014-08-14 00:00:00+09:00,1853.1411359948306,1854.0571721470772,1832.0723044931592,1841.232666015625,19500,0.0,0.0
2014-08-15 00:00:00+09:00,1722.1482638434886,1767.950079371241,1706.5756465640527,1751.46142578125,753600,0.0,0.0
2014-08-18 00:00:00+09:00,1745.965218199583,1794.515142944902,1742.3010729357852,1778.0264892578125,274300,0.0,0.0
2014-08-19 00:00:00+09:00,1795.430908203125,1800.0110890913984,1781.690365538305,1795.430908203125,119100,0.0,0.0
2014-08-20 00:00:00+09:00,1801.8434851421575,1806.4236668532458,1790.8510490355454,1802.759521484375,73100,0.0,0.0
2014-08-21 00:00:00+09:00,1803.6757841727228,1803.6757841727228,1787.187127943617,1798.1795654296875,62800,0.0,0.0
2014-08-22 00:00:00+09:00,1804.59130859375,1814.6677067635628,1794.5149104239372,1804.59130859375,103300,0.0,0.0
2014-08-25 00:00:00+09:00,1803.6751533883516,1803.6751533883516,1779.8582138311667,1788.1025390625,79200,0.0,0.0
2014-08-26 00:00:00+09:00,1788.102990634655,1790.851099739114,1778.026590584972,1778.942626953125,50600,0.0,0.0
2014-08-27 00:00:00+09:00,1779.858539181813,1786.2707933116496,1777.110430269026,1784.438720703125,66200,0.0,0.0
2014-08-28 00:00:00+09:00,1784.438737278267,1796.3472093442922,1782.6066646527245,1794.51513671875,72200,0.0,0.0
2014-08-29 00:00:00+09:00,1798.1791168042228,1808.2555153191727,1798.1791168042228,1801.84326171875,74200,0.0,0.0
2014-09-01 00:00:00+09:00,1799.0952768437658,1799.0952768437658,1789.934913927046,1796.34716796875,49400,0.0,0.0
2014-09-02 00:00:00+09:00,1798.179358163825,1813.7519761407914,1793.5991764058938,1807.3397216796875,44300,0.0,0.0
2014-09-03 00:00:00+09:00,1818.3319899660291,1824.744243834927,1811.003699830146,1820.1640625,77200,0.0,0.0
2014-09-04 00:00:00+09:00,1824.7444032259327,1838.4849484309473,1821.080257837929,1829.3245849609375,90500,0.0,0.0
2014-09-05 00:00:00+09:00,1840.316488749746,1840.316488749746,1829.3240557656757,1831.1561279296875,24700,0.0,0.0
2014-09-08 00:00:00+09:00,1827.4921237319263,1844.8968106246114,1827.4921237319263,1841.232666015625,36000,0.0,0.0
2014-09-09 00:00:00+09:00,1841.2330136572632,1841.2330136572632,1832.072650405237,1836.65283203125,38900,0.0,0.0
2014-09-10 00:00:00+09:00,1839.400996383818,1850.3934326171875,1832.0727055615719,1850.3934326171875,43000,0.0,0.0
2014-09-11 00:00:00+09:00,1850.393434920401,1855.889653043927,1842.149107735112,1844.897216796875,24700,0.0,0.0
2014-09-12 00:00:00+09:00,1842.149107735112,1848.561362212559,1839.400998673349,1844.897216796875,56100,0.0,0.0
2014-09-16 00:00:00+09:00,1839.4010240973262,1843.0651695636557,1832.0727331646676,1832.98876953125,55100,0.0,0.0
2014-09-17 00:00:00+09:00,1838.4850085449218,1838.4850085449218,1832.07275390625,1832.07275390625,37300,0.0,0.0
2014-09-18 00:00:00+09:00,1832.0724669680653,1839.4007568359375,1832.0724669680653,1839.4007568359375,83000,0.0,0.0
2014-09-19 00:00:00+09:00,1843.0651417949412,1850.3934326171875,1838.4849600310372,1850.3934326171875,76300,0.0,0.0
2014-09-22 00:00:00+09:00,1850.3933933803014,1850.3933933803014,1844.8971753801618,1846.729248046875,94300,0.0,0.0
2014-09-24 00:00:00+09:00,1837.5685829576948,1842.1487638723452,1834.8204744089048,1838.484619140625,105800,0.0,0.0
2014-09-25 00:00:00+09:00,1838.4848798557127,1850.393351922541,1838.4848798557127,1848.561279296875,154200,0.0,0.0
2014-09-26 00:00:00+09:00,1820.984209050194,1843.0456027994142,1820.0649843106432,1841.2071533203125,199900,7.0,0.0
2014-09-29 00:00:00+09:00,1834.77285442603,1841.2074285647989,1809.0345578709557,1818.226806640625,85100,0.0,0.0
2014-09-30 00:00:00+09:00,1820.9843693237617,1820.9843693237617,1798.0037488123564,1798.9229736328125,62500,0.0,0.0
2014-10-01 00:00:00+09:00,1797.0843562460757,1801.6804799193394,1783.2959852262848,1784.2152099609375,56400,0.0,0.0
2014-10-02 00:00:00+09:00,1786.0541777628137,1789.7310777685013,1767.669677734375,1767.669677734375,63800,0.0,0.0
2014-10-03 00:00:00+09:00,1767.669659214225,1800.7617589187034,1764.9119842388518,1793.407958984375,40200,0.0,0.0
2014-10-06 00:00:00+09:00,1809.9537230759872,1812.711397615971,1796.1653503760688,1800.761474609375,23800,0.0,0.0
2014-10-07 00:00:00+09:00,1811.792411764913,1815.469311636582,1780.5387628557262,1785.1348876953125,55700,0.0,0.0
2014-10-08 00:00:00+09:00,1773.1850277429066,1773.1850277429066,1765.831227731531,1767.669677734375,44000,0.0,0.0
2014-10-09 00:00:00+09:00,1776.8619277485943,1781.4580527557039,1763.0735527272652,1767.669677734375,46900,0.0,0.0
2014-10-10 00:00:00+09:00,1751.1236016238547,1762.1543014766035,1749.2851516483965,1755.7197265625,78000,0.0,0.0
2014-10-14 00:00:00+09:00,1742.8501613678143,1742.8501613678143,1718.9503173828125,1718.9503173828125,131400,0.0,0.0
2014-10-15 00:00:00+09:00,1718.9505928869187,1743.7696656184412,1718.9505928869187,1724.4659423828125,53900,0.0,0.0
2014-10-16 00:00:00+09:00,1718.9504625670302,1723.5465867984929,1707.0005395652274,1708.8389892578125,108300,0.0,0.0
2014-10-17 00:00:00+09:00,1708.8390679444817,1714.3544172762013,1694.1314697265625,1694.1314697265625,80600,0.0,0.0
2014-10-20 00:00:00+09:00,1724.4659029885715,1739.1735013083035,1717.1121038287056,1731.8197021484375,42700,0.0,0.0
2014-10-21 00:00:00+09:00,1742.8505859375,1744.6890359226663,1731.8198860265034,1742.8505859375,57900,0.0,0.0
2014-10-22 00:00:00+09:00,1742.8501359325344,1749.2847092192053,1728.1425398487156,1735.496337890625,59700,0.0,0.0
2014-10-23 00:00:00+09:00,1735.496349966398,1735.496349966398,1705.1619328324514,1709.758056640625,68900,0.0,0.0
2014-10-24 00:00:00+09:00,1720.7891986173015,1720.7891986173015,1697.808573635767,1701.4854736328125,48900,0.0,0.0
2014-10-27 00:00:00+09:00,1701.4852062844052,1712.5159045423268,1700.5659814295784,1711.5966796875,30900,0.0,0.0
2014-10-28 00:00:00+09:00,1715.2735949805212,1722.62739388719,1705.1621214838515,1714.3543701171875,39000,0.0,0.0
2014-10-29 00:00:00+09:00,1718.9506524212884,1721.7083272647449,1706.081503151824,1713.435302734375,40600,0.0,0.0
2014-10-30 00:00:00+09:00,1716.1926430768508,1740.0924870618526,1716.1926430768508,1718.9503173828125,61700,0.0,0.0
2014-10-31 00:00:00+09:00,1755.719541526941,1781.4578384707913,1744.6888428367192,1773.184814453125,116800,0.0,0.0
2014-11-04 00:00:00+09:00,1782.377014774062,1789.730813700412,1736.415771484375,1736.415771484375,93200,0.0,0.0
2014-11-05 00:00:00+09:00,1745.6078684457043,1761.2346898061978,1741.0117445161475,1759.396240234375,49300,0.0,0.0
2014-11-06 00:00:00+09:00,1774.103947487198,1778.7000717034862,1750.2041015625,1750.2041015625,50100,0.0,0.0
2014-11-07 00:00:00+09:00,1747.4464781882255,1763.9925258512385,1746.527253318058,1752.0426025390625,30600,0.0,0.0
2014-11-10 00:00:00+09:00,1750.2043611939566,1759.3966109901432,1748.3659112347193,1752.9620361328125,26000,0.0,0.0
2014-11-11 00:00:00+09:00,1755.7195962441936,1777.7809943121833,1755.7195962441936,1768.5887451171875,35000,0.0,0.0
2014-11-12 00:00:00+09:00,1768.5884333576244,1782.3768047195601,1762.1538600553877,1763.9923095703125,31600,0.0,0.0
2014-11-13 00:00:00+09:00,1760.3155030929502,1787.89224726673,1760.3155030929502,1786.9730224609375,30400,0.0,0.0
2014-11-14 00:00:00+09:00,1807.1959228515625,1807.1959228515625,1784.2153032832568,1807.1959228515625,54900,0.0,0.0
2014-11-17 00:00:00+09:00,1807.196047074567,1809.034496766403,1767.669378700098,1772.2655029296875,34500,0.0,0.0
2014-11-18 00:00:00+09:00,1780.5384488203888,1788.8114720725227,1775.0230999856328,1786.9730224609375,17300,0.0,0.0
2014-11-19 00:00:00+09:00,1783.2959390219155,1787.8920625760957,1769.507568359375,1769.507568359375,26900,0.0,0.0
2014-11-20 00:00:00+09:00,1770.4271949561867,1778.700219231683,1764.9118454391892,1768.5887451171875,29900,0.0,0.0
2014-11-21 00:00:00+09:00,1769.5077484338246,1773.1846476513495,1746.5271283242944,1758.47705078125,53100,0.0,0.0
2014-11-25 00:00:00+09:00,1749.2848853568494,1778.7000804863394,1749.2848853568494,1765.8309326171875,29700,0.0,0.0
2014-11-26 00:00:00+09:00,1765.8310703586887,1783.2963438291808,1765.8310703586887,1768.5887451171875,28200,0.0,0.0
2014-11-27 00:00:00+09:00,1760.3158515011453,1775.0234513048101,1755.7197265625,1755.7197265625,24300,0.0,0.0
2014-11-28 00:00:00+09:00,1761.2349184715954,1774.1040671451874,1752.0426694190296,1756.6387939453125,44400,0.0,0.0
2014-12-01 00:00:00+09:00,1755.7193763681064,1769.5077484338246,1752.9617019549628,1758.47705078125,23400,0.0,0.0
2014-12-02 00:00:00+09:00,1764.9117357161324,1778.7001086514147,1763.9925108537802,1777.7808837890625,33900,0.0,0.0
2014-12-03 00:00:00+09:00,1783.2964355977908,1788.8117853986087,1761.235036394519,1763.073486328125,89200,0.0,0.0
2014-12-04 00:00:00+09:00,1766.7503861953371,1771.3465110293519,1759.396586460913,1763.073486328125,45600,0.0,0.0
2014-12-05 00:00:00+09:00,1763.9923641639318,1764.9115889498432,1755.7193410907294,1759.396240234375,31100,0.0,0.0
2014-12-08 00:00:00+09:00,1765.831161228534,1769.508061095746,1759.396586460913,1763.073486328125,26000,0.0,0.0
2014-12-09 00:00:00+09:00,1759.3966265134163,1764.9119764397906,1755.7197265625,1755.7197265625,23600,0.0,0.0
2014-12-10 00:00:00+09:00,1755.7194506220458,1763.0732493681066,1750.2041015625,1750.2041015625,33900,0.0,0.0
2014-12-11 00:00:00+09:00,1748.3658602977362,1762.1542345903051,1747.4466353448984,1751.12353515625,29600,0.0,0.0
2014-12-12 00:00:00+09:00,1746.527099609375,1765.830820184005,1742.8502004523027,1746.527099609375,69700,0.0,0.0
2014-12-15 00:00:00+09:00,1743.7694188738815,1765.8308137357546,1743.7694188738815,1759.396240234375,25000,0.0,0.0
2014-12-16 00:00:00+09:00,1752.0428716090864,1756.6389966657734,1741.931396484375,1741.931396484375,43400,0.0,0.0
2014-12-17 00:00:00+09:00,1741.931396484375,1761.2351217224605,1741.931396484375,1741.931396484375,31900,0.0,0.0
2014-12-18 00:00:00+09:00,1759.3964015004017,1760.315626370569,1749.2849279285601,1752.0426025390625,25800,0.0,0.0
2014-12-19 00:00:00+09:00,1760.3156308188957,1774.10400390625,1752.0426069664832,1774.10400390625,45600,0.0,0.0
2014-12-22 00:00:00+09:00,1778.7003107637759,1778.7003107637759,1758.4773614941103,1763.073486328125,35300,0.0,0.0
2014-12-24 00:00:00+09:00,1777.7808679218183,1782.3769921925573,1755.7194714222715,1775.023193359375,44700,0.0,0.0
2014-12-25 00:00:00+09:00,1774.1042034865038,1787.892578125,1773.1849785106042,1787.892578125,31800,0.0,0.0
2014-12-26 00:00:00+09:00,1777.7811033901028,1791.569478028599,1777.7811033901028,1787.892578125,21300,0.0,0.0
2014-12-29 00:00:00+09:00,1782.3769201146113,1817.3074631596628,1782.3769201146113,1811.7921142578125,38700,0.0,0.0
2014-12-30 00:00:00+09:00,1817.307511023319,1824.6613097528013,1812.7113868173926,1820.065185546875,26300,0.0,0.0
2015-01-05 00:00:00+09:00,1819.1460984038154,1838.449821529879,1815.4691987607555,1822.822998046875,33700,0.0,0.0
2015-01-06 00:00:00+09:00,1820.9846234693596,1837.5306725468197,1806.277024289395,1814.550048828125,48800,0.0,0.0
2015-01-07 00:00:00+09:00,1810.8728541128535,1819.1458773042318,1807.1959549166852,1812.7113037109375,20600,0.0,0.0
2015-01-08 00:00:00+09:00,1813.6304708911525,1833.8534158275972,1811.7920213514758,1823.741943359375,23400,0.0,0.0
2015-01-09 00:00:00+09:00,1820.065022174577,1833.8533935546875,1820.065022174577,1833.8533935546875,34200,0.0,0.0
2015-01-13 00:00:00+09:00,1814.550358846008,1824.6618350097904,1810.8734584228146,1819.146484375,35300,0.0,0.0
2015-01-14 00:00:00+09:00,1815.469202821554,1828.3383516010485,1812.711528083091,1816.388427734375,22300,0.0,0.0
2015-01-15 00:00:00+09:00,1816.3882598418732,1836.6112060546875,1816.3882598418732,1836.6112060546875,34600,0.0,0.0
2015-01-16 00:00:00+09:00,1818.2269907889054,1832.015365339883,1814.5500909086447,1829.2576904296875,28100,0.0,0.0
2015-01-19 00:00:00+09:00,1837.5302409752494,1837.5302409752494,1824.6610947152926,1832.014892578125,21200,0.0,0.0
2015-01-20 00:00:00+09:00,1835.6921502889302,1845.8036243265758,1832.9344755513905,1844.8843994140625,47700,0.0,0.0
2015-01-21 00:00:00+09:00,1838.4495527598422,1843.9649014181216,1830.1765297724228,1832.9342041015625,32200,0.0,0.0
2015-01-22 00:00:00+09:00,1836.6111706976535,1837.5303955078125,1827.4189225960636,1837.5303955078125,21800,0.0,0.0
2015-01-23 00:00:00+09:00,1844.8845771538033,1844.8845771538033,1832.0154271387792,1840.2884521484375,17000,0.0,0.0
2015-01-26 00:00:00+09:00,1836.6112694583721,1854.0765417905588,1836.6112694583721,1847.6419677734375,21700,0.0,0.0
2015-01-27 00:00:00+09:00,1852.238316767976,1852.238316767976,1843.9652920280691,1851.319091796875,23400,0.0,0.0
2015-01-28 00:00:00+09:00,1843.9653581503064,1856.834508207188,1843.9653581503064,1855.915283203125,40200,0.0,0.0
2015-01-29 00:00:00+09:00,1852.238021152868,1856.8341452748355,1844.88422255772,1849.4803466796875,27200,0.0,0.0
2015-01-30 00:00:00+09:00,1849.4805082218375,1859.5919821733485,1839.3690342703264,1842.126708984375,55900,0.0,0.0
2015-02-02 00:00:00+09:00,1842.1267049780893,1861.4304279344465,1838.4498053673547,1848.561279296875,53100,0.0,0.0
2015-02-03 00:00:00+09:00,1849.4806913199673,1856.8344912854543,1829.2577414148782,1831.09619140625,58700,0.0,0.0
2015-02-04 00:00:00+09:00,1847.6419164649994,1849.4803661331239,1838.4496681243777,1845.803466796875,24600,0.0,0.0
2015-02-05 00:00:00+09:00,1851.3189540049261,1851.3189540049261,1839.3690302700384,1848.561279296875,21800,0.0,0.0
2015-02-06 00:00:00+09:00,1843.9650171287508,1852.2380406353104,1843.9650171287508,1845.803466796875,22700,0.0,0.0
2015-02-09 00:00:00+09:00,1847.641964081673,1854.9957629436894,1846.7227392239208,1854.0765380859375,20500,0.0,0.0
2015-02-10 00:00:00+09:00,1856.8342126591938,1856.8342126591938,1852.2380883704334,1854.0765380859375,20700,0.0,0.0
2015-02-12 00:00:00+09:00,1857.7534001569338,1900.956967602444,1857.7534001569338,1889.92626953125,64600,0.0,0.0
2015-02-13 00:00:00+09:00,1881.652904866137,1883.4913542113898,1862.3491867409837,1873.3798828125,37500,0.0,0.0
2015-02-16 00:00:00+09:00,1879.8147326206276,1882.5724070450099,1866.0263604987158,1878.8955078125,29700,0.0,0.0
2015-02-17 00:00:00+09:00,1875.21854171055,1909.2298583984375,1870.6224178338084,1909.2298583984375,46000,0.0,0.0
2015-02-18 00:00:00+09:00,1909.2301962331258,1928.5339199311977,1905.5532964811118,1925.7762451171875,60700,0.0,0.0
2015-02-19 00:00:00+09:00,1921.1796684957392,1929.452690991654,1916.5835448868977,1924.8565673828125,35400,0.0,0.0
2015-02-20 00:00:00+09:00,1929.4532640085731,1954.2723388671875,1924.8571390347556,1954.2723388671875,56700,0.0,0.0
2015-02-23 00:00:00+09:00,1966.2223662040603,1966.2223662040603,1936.8071648396237,1957.9493408203125,48300,0.0,0.0
2015-02-24 00:00:00+09:00,1945.0794413752335,1970.8177326599719,1945.0794413752335,1968.06005859375,45000,0.0,0.0
2015-02-25 00:00:00+09:00,1971.7376448468465,1971.7376448468465,1953.3531446617942,1959.7877197265625,40600,0.0,0.0
2015-02-26 00:00:00+09:00,1959.7875029592803,1974.4951014805508,1958.868278051701,1971.7374267578125,37900,0.0,0.0
2015-02-27 00:00:00+09:00,1974.495129583921,1980.9297040285614,1949.6760567260226,1955.19140625,72600,0.0,0.0
2015-03-02 00:00:00+09:00,1956.1104809085266,1961.6258300088325,1942.3221081577615,1943.2413330078125,34500,0.0,0.0
2015-03-03 00:00:00+09:00,1956.1106311706628,1974.495129583921,1950.5952816466854,1955.19140625,41400,0.0,0.0
2015-03-04 00:00:00+09:00,1956.110682281881,1969.8990564521011,1945.9992078903863,1957.0299072265625,35600,0.0,0.0
2015-03-05 00:00:00+09:00,1959.787440160938,1968.0604640640565,1955.1913157703168,1960.7066650390625,25300,0.0,0.0
2015-03-06 00:00:00+09:00,1963.464371219758,1973.5758450415826,1957.9490218623991,1966.2220458984375,38700,0.0,0.0
2015-03-09 00:00:00+09:00,1968.9797520350744,1974.4951014805508,1962.5451776820184,1971.7374267578125,32000,0.0,0.0
2015-03-10 00:00:00+09:00,1975.414306640625,1981.8488809293567,1963.464382961552,1975.414306640625,37800,0.0,0.0
2015-03-11 00:00:00+09:00,1964.3830850501274,1989.2021507012053,1964.3830850501274,1982.767578125,34100,0.0,0.0
2015-03-12 00:00:00+09:00,1989.202860814619,2001.152785579217,1987.3644108508347,1992.8797607421875,40300,0.0,0.0
2015-03-13 00:00:00+09:00,1996.5566451356813,1998.3950950851615,1987.3643953882793,1990.1220703125,66400,0.0,0.0
2015-03-16 00:00:00+09:00,1994.7181240446182,1994.7181240446182,1982.7681997991895,1991.96044921875,35100,0.0,0.0
2015-03-17 00:00:00+09:00,1992.8790493161798,2003.9097451611033,1982.767578125,1982.767578125,59600,0.0,0.0
2015-03-18 00:00:00+09:00,1985.5255608143154,1997.4754831710682,1975.4140880509092,1993.798583984375,49900,0.0,0.0
2015-03-19 00:00:00+09:00,1989.202951201108,1989.202951201108,1965.3031005859375,1965.3031005859375,68700,0.0,0.0
2015-03-20 00:00:00+09:00,1960.7067557739774,1968.0605551392807,1945.999157043371,1955.19140625,88000,0.0,0.0
2015-03-23 00:00:00+09:00,1955.1912804615197,1961.6258544921875,1950.5951561538996,1961.6258544921875,67300,0.0,0.0
2015-03-24 00:00:00+09:00,1957.9490218623991,1957.9490218623991,1918.4223514679938,1937.72607421875,139900,0.0,0.0
2015-03-25 00:00:00+09:00,1936.8068374619243,1936.8068374619243,1916.583889942151,1928.5338134765625,113800,0.0,0.0
2015-03-26 00:00:00+09:00,1928.5337354069966,1943.2413330078125,1911.9876881060786,1943.2413330078125,117700,0.0,0.0
2015-03-27 00:00:00+09:00,1908.1949078454115,1939.5523882063317,1898.0498406698196,1921.1068115234375,160000,7.0,0.0
2015-03-30 00:00:00+09:00,1900.8163531100836,1935.8629428326371,1900.8163531100836,1932.173828125,63300,0.0,0.0
2015-03-31 00:00:00+09:00,1936.7853338068182,1940.4744487283551,1909.1169718952922,1917.41748046875,66300,0.0,0.0
2015-04-01 00:00:00+09:00,1900.8167768076548,1905.4281712200946,1856.5473904482335,1864.847900390625,100800,0.0,0.0
2015-04-02 00:00:00+09:00,1856.5471475137247,1888.8269041769042,1855.6248687519196,1876.8372802734375,57100,0.0,0.0
2015-04-03 00:00:00+09:00,1876.8375621034215,1893.438582308759,1863.0033785989735,1875.915283203125,41800,0.0,0.0
2015-04-06 00:00:00+09:00,1871.3036923524005,1878.6819227806013,1863.9254619242,1865.77001953125,21500,0.0,0.0
2015-04-07 00:00:00+09:00,1868.536696721013,1895.2827797441666,1864.8475818212676,1878.6817626953125,42200,0.0,0.0
2015-04-08 00:00:00+09:00,1890.6716582496053,1908.1949565455773,1883.2934273881435,1898.97216796875,51900,0.0,0.0
2015-04-09 00:00:00+09:00,1900.816471797483,1904.5055867354695,1879.6040609040613,1896.205078125,47500,0.0,0.0
2015-04-10 00:00:00+09:00,1889.7491073945487,1889.7491073945487,1877.7594839703763,1878.6817626953125,42400,0.0,0.0
2015-04-13 00:00:00+09:00,1879.6041353665867,1887.9046443058894,1878.681856595553,1882.3709716796875,25000,0.0,0.0
2015-04-14 00:00:00+09:00,1882.3709716796875,1890.6714806189905,1880.5264141376201,1882.3709716796875,32100,0.0,0.0
2015-04-15 00:00:00+09:00,1885.137732354526,1895.2827984288408,1872.225830078125,1872.225830078125,37700,0.0,0.0
2015-04-16 00:00:00+09:00,1872.226158604136,1876.8375530834564,1860.2365329579027,1873.1484375,32800,0.0,0.0
2015-04-17 00:00:00+09:00,1863.925236232697,1870.3811870756601,1849.1687771630666,1859.3138427734375,56200,0.0,0.0
2015-04-20 00:00:00+09:00,1858.3917891030494,1865.77001953125,1853.7803950854238,1865.77001953125,29900,0.0,0.0
2015-04-21 00:00:00+09:00,1872.2263121770652,1872.2263121770652,1848.2470589176544,1857.4698486328125,59200,0.0,0.0
2015-04-22 00:00:00+09:00,1861.1585599459136,1861.1585599459136,1844.5575420673076,1846.402099609375,53000,0.0,0.0
2015-04-23 00:00:00+09:00,1847.3242091064453,1853.7801599121094,1844.557373046875,1844.557373046875,42900,0.0,0.0
2015-04-24 00:00:00+09:00,1844.5574105412081,1855.6247550044554,1842.7128531306669,1843.6351318359375,42300,0.0,0.0
2015-04-27 00:00:00+09:00,1840.8684734444719,1861.1586069193108,1839.946194650161,1860.236328125,31100,0.0,0.0
2015-04-28 00:00:00+09:00,1859.3139268338323,1860.236205567381,1848.24658203125,1848.24658203125,28400,0.0,0.0
2015-04-30 00:00:00+09:00,1839.9462521274584,1839.9462521274584,1815.0447239031769,1828.87890625,122900,0.0,0.0
2015-05-01 00:00:00+09:00,1824.2674657309929,1827.0343021299782,1808.5887261367427,1815.044677734375,68600,0.0,0.0
2015-05-07 00:00:00+09:00,1812.2780204305843,1840.8686660455198,1807.6666259765625,1807.6666259765625,44600,0.0,0.0
2015-05-08 00:00:00+09:00,1807.6665131097172,1815.0447437754713,1804.8996766100595,1810.433349609375,44700,0.0,0.0
2015-05-11 00:00:00+09:00,1809.5109394303565,1826.1119572232956,1809.5109394303565,1819.656005859375,38400,0.0,0.0
2015-05-12 00:00:00+09:00,1828.878538304053,1828.878538304053,1806.7438510023399,1816.888916015625,45900,0.0,0.0
2015-05-13 00:00:00+09:00,1815.9668907942773,1828.878793522119,1808.5886606640822,1819.656005859375,28700,0.0,0.0
2015-05-14 00:00:00+09:00,1820.5781153384228,1824.2672300604866,1812.2776072137794,1817.811279296875,30500,0.0,0.0
2015-05-15 00:00:00+09:00,1816.8894669567742,1837.179603135987,1816.8894669567742,1836.25732421875,25900,0.0,0.0
2015-05-18 00:00:00+09:00,1842.713238819536,1843.635517717844,1831.645892039839,1837.1795654296875,27200,0.0,0.0
2015-05-19 00:00:00+09:00,1842.7129096299589,1852.8579756989927,1838.1015159622161,1848.24658203125,37900,0.0,0.0
2015-05-20 00:00:00+09:00,1855.6249341534456,1861.1586069193108,1844.5575886217155,1860.236328125,40700,0.0,0.0
2015-05-21 00:00:00+09:00,1878.6817518135465,1878.6817518135465,1850.0911115061238,1851.9356689453125,32400,0.0,0.0
2015-05-22 00:00:00+09:00,1848.2467509580633,1856.5472603186533,1845.4799145045333,1850.09130859375,20200,0.0,0.0
2015-05-25 00:00:00+09:00,1844.5573837038069,1863.002957540845,1844.5573837038069,1859.3138427734375,29600,0.0,0.0
2015-05-26 00:00:00+09:00,1865.770000890865,1867.6145584794867,1858.3917705363783,1860.236328125,14800,0.0,0.0
2015-05-27 00:00:00+09:00,1867.614454582556,1870.3812908115672,1850.091158465485,1853.7802734375,28000,0.0,0.0
2015-05-28 00:00:00+09:00,1866.6922609242913,1866.6922609242913,1853.7803579337083,1854.70263671875,19100,0.0,0.0
2015-05-29 00:00:00+09:00,1857.4695298361053,1866.6923179683602,1844.5576264509486,1847.324462890625,47200,0.0,0.0
2015-06-01 00:00:00+09:00,1856.5471942888332,1867.614539709333,1848.2466852234586,1854.70263671875,31000,0.0,0.0
2015-06-02 00:00:00+09:00,1853.780188857174,1864.8475332682615,1845.4796805488581,1852.85791015625,28000,0.0,0.0
2015-06-03 00:00:00+09:00,1849.1689825932697,1866.692279685176,1848.2467037989588,1860.236328125,30800,0.0,0.0
2015-06-04 00:00:00+09:00,1852.8580416305874,1865.7699443597205,1849.168926565121,1855.6248779296875,28800,0.0,0.0
2015-06-05 00:00:00+09:00,1850.0912427935418,1860.236309429,1850.0912427935418,1854.70263671875,29300,0.0,0.0
2015-06-08 00:00:00+09:00,1854.703011718265,1859.314406575844,1850.0916168606861,1857.4698486328125,19400,0.0,0.0
2015-06-09 00:00:00+09:00,1853.7804145832033,1859.3140874625562,1846.4021840773996,1847.324462890625,33400,0.0,0.0
2015-06-10 00:00:00+09:00,1846.402099609375,1861.1585599459136,1844.5575420673076,1846.402099609375,35000,0.0,0.0
2015-06-11 00:00:00+09:00,1852.8580041497842,1862.0807916268861,1850.0911679066537,1856.547119140625,21900,0.0,0.0
2015-06-12 00:00:00+09:00,1856.5471566960541,1861.1585505278872,1848.2466477987543,1855.6248779296875,59900,0.0,0.0
2015-06-15 00:00:00+09:00,1855.6248309235075,1858.3916671525187,1847.324322236474,1853.7802734375,18000,0.0,0.0
2015-06-16 00:00:00+09:00,1853.7804238651233,1869.4591637684603,1850.09130859375,1850.09130859375,30500,0.0,0.0
2015-06-17 00:00:00+09:00,1851.013578143527,1858.3918086493309,1846.4021840773996,1847.324462890625,26500,0.0,0.0
2015-06-18 00:00:00+09:00,1847.324415978046,1851.9358099270676,1845.4798583984375,1845.4798583984375,20200,0.0,0.0
2015-06-19 00:00:00+09:00,1852.8581074028984,1856.5472225993203,1845.4798770100547,1851.0135498046875,29900,0.0,0.0
2015-06-22 00:00:00+09:00,1855.6248966818166,1863.003126887311,1849.1689452520093,1861.1585693359375,33700,0.0,0.0
2015-06-23 00:00:00+09:00,1861.1586531992034,1874.9928354578694,1858.39181674747,1874.070556640625,45600,0.0,0.0
2015-06-24 00:00:00+09:00,1876.8372613823196,1876.8372613823196,1864.8476375995333,1871.3035888671875,32900,0.0,0.0
2015-06-25 00:00:00+09:00,1871.3034947072722,1875.9148882378472,1867.6143798828125,1867.6143798828125,21100,0.0,0.0
2015-06-26 00:00:00+09:00,1868.5370626939614,1872.2261783162596,1860.2365525437908,1866.6925048828125,32500,0.0,0.0
2015-06-29 00:00:00+09:00,1857.4694354624207,1866.6922231260871,1845.4798114996543,1855.6248779296875,39900,0.0,0.0
2015-06-30 00:00:00+09:00,1855.6249434367264,1865.7700102248994,1852.858107039952,1863.003173828125,29500,0.0,0.0
2015-07-01 00:00:00+09:00,1867.6146340192695,1870.381470514113,1856.547288039896,1858.391845703125,16100,0.0,0.0
2015-07-02 00:00:00+09:00,1871.3038525680406,1871.3038525680406,1862.0810637431612,1864.847900390625,13900,0.0,0.0
2015-07-03 00:00:00+09:00,1858.3918179543402,1867.6146061327736,1850.09130859375,1850.09130859375,42400,0.0,0.0
2015-07-06 00:00:00+09:00,1850.091271005582,1859.3140589966367,1846.4021558091601,1851.0135498046875,38800,0.0,0.0
2015-07-07 00:00:00+09:00,1863.9253494247632,1874.9926943990815,1854.7025619461647,1868.5367431640625,42800,0.0,0.0
2015-07-08 00:00:00+09:00,1866.6922893894807,1873.148240983219,1851.0135498046875,1851.0135498046875,49000,0.0,0.0
2015-07-09 00:00:00+09:00,1845.480222003107,1860.2366855473597,1844.5579430315913,1857.4698486328125,69400,0.0,0.0
2015-07-10 00:00:00+09:00,1853.780226384501,1863.925292300038,1846.4019966277467,1851.9356689453125,38800,0.0,0.0
2015-07-13 00:00:00+09:00,1857.4694821809865,1870.381385234876,1855.6249246018592,1869.4591064453125,29100,0.0,0.0
2015-07-14 00:00:00+09:00,1874.992797493585,1895.2829310621335,1874.992797493585,1886.982421875,50000,0.0,0.0
2015-07-15 00:00:00+09:00,1885.1378451529224,1912.8062088293352,1885.1378451529224,1905.427978515625,71600,0.0,0.0
2015-07-16 00:00:00+09:00,1911.8838080864448,1917.41748046875,1899.8941845914503,1917.41748046875,37600,0.0,0.0
2015-07-17 00:00:00+09:00,1922.9515183632961,1944.1639331941622,1922.9515183632961,1929.407470703125,45600,0.0,0.0
2015-07-21 00:00:00+09:00,1944.1635456057943,1950.6194966585651,1930.3293647784287,1935.863037109375,30300,0.0,0.0
2015-07-22 00:00:00+09:00,1934.018582857572,1939.5522554837742,1927.5626314603367,1930.3294677734375,21200,0.0,0.0
2015-07-23 00:00:00+09:00,1930.3295143894725,1950.6196478422046,1930.3295143894725,1944.1636962890625,31100,0.0,0.0
2015-07-24 00:00:00+09:00,1934.9410106613843,1955.2311451869089,1934.9410106613843,1950.6197509765625,22000,0.0,0.0
2015-07-27 00:00:00+09:00,1950.6201203815376,1955.231515465182,1936.7859351306047,1938.6304931640625,32900,0.0,0.0
2015-07-28 00:00:00+09:00,1927.5622483026414,1946.0078200567336,1901.7384478469123,1936.7850341796875,44400,0.0,0.0
2015-07-29 00:00:00+09:00,1937.7075206283814,1953.386258301243,1937.7075206283814,1949.6971435546875,24300,0.0,0.0
2015-07-30 00:00:00+09:00,1955.2310226555157,1972.7543195566736,1952.4641863027014,1962.6092529296875,38900,0.0,0.0
2015-07-31 00:00:00+09:00,1959.8423218704386,1964.4537155689573,1912.806106145548,1934.9407958984375,51400,0.0,0.0
2015-08-03 00:00:00+09:00,1944.1634714348538,1969.064995974105,1935.8629632551035,1949.6971435546875,24700,0.0,0.0
2015-08-04 00:00:00+09:00,1964.4539134541494,1969.0653076171875,1957.075682793289,1969.0653076171875,39800,0.0,0.0
2015-08-05 00:00:00+09:00,1969.0650730115212,1979.2101389614636,1965.3759581206332,1971.8319091796875,54200,0.0,0.0
2015-08-06 00:00:00+09:00,1969.0652514533817,1977.3657607100938,1961.6870210029708,1964.453857421875,35700,0.0,0.0
2015-08-07 00:00:00+09:00,1957.0753645097693,1965.3758726533074,1947.852577683616,1958.919921875,27300,0.0,0.0
2015-08-10 00:00:00+09:00,1958.920240458504,1970.9098652824025,1954.308846295466,1969.0653076171875,24000,0.0,0.0
2015-08-11 00:00:00+09:00,1969.0652891546977,1969.0652891546977,1956.153385619257,1963.5316162109375,17200,0.0,0.0
2015-08-12 00:00:00+09:00,1954.3089404388743,1967.2208447173757,1953.3866615618385,1960.764892578125,19200,0.0,0.0
2015-08-13 00:00:00+09:00,1955.2310039725198,1957.0755615234375,1938.6299860142626,1957.0755615234375,29200,0.0,0.0
2015-08-14 00:00:00+09:00,1946.0080288081317,1954.308536987882,1943.2411927482149,1949.6971435546875,15700,0.0,0.0
2015-08-17 00:00:00+09:00,1949.6975357112813,1969.9876708984375,1949.6975357112813,1969.9876708984375,21800,0.0,0.0
2015-08-18 00:00:00+09:00,1974.5988580861724,1993.9667123691288,1971.8320217600358,1993.04443359375,58300,0.0,0.0
2015-08-19 00:00:00+09:00,1987.5110182100184,1993.0446915785847,1950.6198624195772,1959.8426513671875,29700,0.0,0.0
2015-08-20 00:00:00+09:00,1956.1533963021388,1983.8217611720418,1942.3192138671875,1942.3192138671875,29300,0.0,0.0
2015-08-21 00:00:00+09:00,1925.7181779057678,1925.7181779057678,1910.0394379515542,1912.8062744140625,50500,0.0,0.0
2015-08-24 00:00:00+09:00,1890.6714328059022,1906.3501715169757,1856.547119140625,1856.547119140625,64900,0.0,0.0
2015-08-25 00:00:00+09:00,1844.5575796086332,1899.894306996892,1804.8995916470474,1845.4798583984375,95700,0.0,0.0
2015-08-26 00:00:00+09:00,1853.7801018314085,1913.7282145772003,1851.9355445161534,1909.1168212890625,57200,0.0,0.0
2015-08-27 00:00:00+09:00,1935.8633327828554,1937.707890508232,1874.0706489827355,1889.7493896484375,63300,0.0,0.0
2015-08-28 00:00:00+09:00,1932.173969136256,1941.3967565784337,1891.5937043906733,1937.7076416015625,41100,0.0,0.0
2015-08-31 00:00:00+09:00,1954.3086782779333,1955.23095703125,1925.718036925118,1955.23095703125,54300,0.0,0.0
2015-09-01 00:00:00+09:00,1936.7854769978005,1937.707755796371,1886.982421875,1886.982421875,53800,0.0,0.0
2015-09-02 00:00:00+09:00,1845.480070624077,1899.8945254800592,1845.480070624077,1873.1484375,55000,0.0,0.0
2015-09-03 00:00:00+09:00,1882.371246277579,1895.2831509556224,1858.391994732642,1866.6925048828125,39800,0.0,0.0
2015-09-04 00:00:00+09:00,1890.6717091002874,1890.6717091002874,1844.5577649758902,1864.847900390625,44000,0.0,0.0
2015-09-07 00:00:00+09:00,1846.4022730808342,1898.97216796875,1846.4022730808342,1898.97216796875,33400,0.0,0.0
2015-09-08 00:00:00+09:00,1891.5937115536126,1898.0496627875839,1847.324331663523,1856.547119140625,21900,0.0,0.0
2015-09-09 00:00:00+09:00,1881.448702280302,1887.9046537096954,1855.6248965627294,1885.1378173828125,38800,0.0,0.0
2015-09-10 00:00:00+09:00,1863.9253403339496,1883.293193944545,1851.0134379268864,1877.759521484375,30500,0.0,0.0
2015-09-11 00:00:00+09:00,1853.7804129635083,1894.3606807099732,1853.7804129635083,1883.2933349609375,60000,0.0,0.0
2015-09-14 00:00:00+09:00,1873.1484103330165,1889.7494302177995,1864.847900390625,1864.847900390625,24300,0.0,0.0
2015-09-15 00:00:00+09:00,1864.8473023778672,1888.8265456329734,1864.8473023778672,1879.603759765625,20600,0.0,0.0
2015-09-16 00:00:00+09:00,1880.526451920075,1880.526451920075,1863.9254337079312,1869.4591064453125,32600,0.0,0.0
2015-09-17 00:00:00+09:00,1872.2261495797122,1878.6821018196422,1863.0033606655263,1870.381591796875,33800,0.0,0.0
2015-09-18 00:00:00+09:00,1863.0030703745965,1867.6144641131475,1850.0911679066537,1856.547119140625,91500,0.0,0.0
2015-09-24 00:00:00+09:00,1844.55763568669,1863.9254908614002,1844.55763568669,1850.09130859375,110100,0.0,0.0
2015-09-25 00:00:00+09:00,1872.2258774115116,1898.0496826171875,1851.935744749909,1898.0496826171875,86700,0.0,0.0
2015-09-28 00:00:00+09:00,1860.107158334895,1868.4359963572902,1835.1206442677098,1851.7783203125,64000,7.0,0.0
2015-09-29 00:00:00+09:00,1845.3004839338766,1858.256455235318,1836.9716452400928,1839.7479248046875,66300,0.0,0.0
2015-09-30 00:00:00+09:00,1850.8532708675466,1867.5109503053545,1827.7176049817024,1831.4193115234375,54900,0.0,0.0
2015-10-01 00:00:00+09:00,1832.3441387982652,1837.8966967946237,1815.6864648091903,1830.4932861328125,53900,0.0,0.0
2015-10-02 00:00:00+09:00,1832.3444595105952,1834.1953125,1818.4630620900605,1834.1953125,36900,0.0,0.0
2015-10-05 00:00:00+09:00,1834.195316034737,1860.1072579363376,1834.195316034737,1853.6292724609375,35600,0.0,0.0
2015-10-06 00:00:00+09:00,1861.0323938845875,1866.584951996625,1849.9272776605123,1857.3306884765625,45500,0.0,0.0
2015-10-07 00:00:00+09:00,1859.1816830105251,1873.0630793495782,1836.97144886804,1865.65966796875,33000,0.0,0.0
2015-10-08 00:00:00+09:00,1858.256083119685,1858.256083119685,1837.8967037229552,1849.92724609375,39500,0.0,0.0
2015-10-09 00:00:00+09:00,1862.8836647860976,1862.8836647860976,1834.1954414337035,1843.44970703125,43000,0.0,0.0
2015-10-13 00:00:00+09:00,1845.300566986724,1864.7345248135653,1845.300566986724,1852.7039794921875,26200,0.0,0.0
2015-10-14 00:00:00+09:00,1846.2256997058012,1859.181669528298,1836.971435546875,1836.971435546875,28700,0.0,0.0
2015-10-15 00:00:00+09:00,1839.7476749553016,1862.883334851621,1839.7476749553016,1860.1070556640625,28100,0.0,0.0
2015-10-16 00:00:00+09:00,1865.6596544395466,1865.6596544395466,1836.971435546875,1836.971435546875,35000,0.0,0.0
2015-10-19 00:00:00+09:00,1846.2257616309034,1851.7783203125,1839.7477765023739,1851.7783203125,18500,0.0,0.0
2015-10-20 00:00:00+09:00,1850.8525615459207,1856.4051192305585,1845.3000038612831,1849.001708984375,16300,0.0,0.0
2015-10-21 00:00:00+09:00,1850.8529587020191,1861.03264997488,1846.225826305264,1856.405517578125,40400,0.0,0.0
2015-10-22 00:00:00+09:00,1849.9275245437163,1860.1072157743222,1846.225818641678,1847.1512451171875,25900,0.0,0.0
2015-10-23 00:00:00+09:00,1859.1816519931017,1861.9579312145947,1846.2256822928014,1858.2562255859375,41200,0.0,0.0
2015-10-26 00:00:00+09:00,1867.5103783486313,1867.5103783486313,1850.8527040125186,1857.3306884765625,17300,0.0,0.0
2015-10-27 00:00:00+09:00,1853.6292724609375,1863.8089639222808,1851.7784194679662,1853.6292724609375,24800,0.0,0.0
2015-10-28 00:00:00+09:00,1850.852814328623,1861.0325048074303,1849.9273879214586,1858.2562255859375,16300,0.0,0.0
2015-10-29 00:00:00+09:00,1853.6289605102236,1863.8086502584074,1847.1509761250156,1859.1815185546875,31600,0.0,0.0
2015-10-30 00:00:00+09:00,1853.6292724609375,1864.7343904187665,1852.7038459644518,1853.6292724609375,27300,0.0,0.0
2015-11-02 00:00:00+09:00,1860.1070471191406,1862.8833262939452,1845.3002248535156,1850.852783203125,41300,0.0,0.0
2015-11-04 00:00:00+09:00,1860.1072500723378,1882.3174858940972,1860.1072500723378,1873.9886474609375,51700,0.0,0.0
2015-11-05 00:00:00+09:00,1875.8394965450984,1887.8700409235328,1872.1377905825034,1884.1683349609375,32500,0.0,0.0
2015-11-06 00:00:00+09:00,1884.1679462286863,1897.123914424758,1880.4662410298088,1886.018798828125,30400,0.0,0.0
2015-11-09 00:00:00+09:00,1886.0190674064238,1913.7818603515625,1885.093640974919,1913.7818603515625,60100,0.0,0.0
2015-11-10 00:00:00+09:00,1885.0937573982008,1923.961669921875,1885.0937573982008,1923.961669921875,28100,0.0,0.0
2015-11-11 00:00:00+09:00,1924.886793332339,1943.3953201913037,1923.9613669893906,1938.7681884765625,37400,0.0,0.0
2015-11-12 00:00:00+09:00,1941.5444675054073,1948.9478782489932,1924.886793332339,1938.7681884765625,32000,0.0,0.0
2015-11-13 00:00:00+09:00,1932.290257987268,1947.0970798875537,1930.4394052497323,1944.32080078125,33100,0.0,0.0
2015-11-16 00:00:00+09:00,1938.7686537059078,1948.94834592107,1926.738108360716,1940.6195068359375,27900,0.0,0.0
2015-11-17 00:00:00+09:00,1950.7988736112761,1952.6497264325392,1934.1411982199086,1947.09716796875,22700,0.0,0.0
2015-11-18 00:00:00+09:00,1943.3953201913037,1951.724157277838,1936.9173357906661,1938.7681884765625,25700,0.0,0.0
2015-11-19 00:00:00+09:00,1944.3208887368555,1955.426005664434,1934.1411982199086,1947.09716796875,35300,0.0,0.0
2015-11-20 00:00:00+09:00,1946.171783866503,1956.351474604749,1943.395504574254,1953.5751953125,24100,0.0,0.0
2015-11-24 00:00:00+09:00,1953.5751528431708,1963.7548433601178,1941.5446095049608,1947.09716796875,41400,0.0,0.0
2015-11-25 00:00:00+09:00,1947.097297426603,1947.097297426603,1926.7379150390625,1926.7379150390625,24400,0.0,0.0
2015-11-26 00:00:00+09:00,1934.1413308368997,1947.0973014740846,1931.3650514146457,1946.171875,23200,0.0,0.0
2015-11-27 00:00:00+09:00,1945.2462612039367,1952.6496722836853,1941.5445556640625,1941.5445556640625,10600,0.0,0.0
2015-11-30 00:00:00+09:00,1935.0668413121066,1948.0228125117094,1929.5142822265625,1929.5142822265625,21600,0.0,0.0
2015-12-01 00:00:00+09:00,1947.0973433797392,1955.4261818257553,1933.2159459697127,1952.64990234375,23100,0.0,0.0
2015-12-02 00:00:00+09:00,1960.9787984453867,1961.9042249665974,1945.2465475848055,1948.0228271484375,18100,0.0,0.0
2015-12-03 00:00:00+09:00,1946.1715275337267,1969.3071852552403,1946.1715275337267,1964.6800537109375,36800,0.0,0.0
2015-12-04 00:00:00+09:00,1960.053379183289,1960.053379183289,1948.9482608876328,1957.277099609375,21800,0.0,0.0
2015-12-07 00:00:00+09:00,1957.2769205345298,1978.561728653818,1957.2769205345298,1961.904052734375,30400,0.0,0.0
2015-12-08 00:00:00+09:00,1952.64990234375,1969.307579235782,1947.0973433797392,1952.64990234375,19100,0.0,0.0
2015-12-09 00:00:00+09:00,1943.3954996355412,1957.2768960615094,1933.2158089231646,1934.1412353515625,28000,0.0,0.0
2015-12-10 00:00:00+09:00,1935.0668971321797,1968.3822526064785,1935.0668971321797,1954.5008544921875,55700,0.0,0.0
2015-12-11 00:00:00+09:00,1982.2630839980652,1983.1885102744413,1960.97827964141,1980.4122314453125,67900,0.0,0.0
2015-12-14 00:00:00+09:00,1943.395618379703,1980.4126777774113,1943.395618379703,1973.9346923828125,24900,0.0,0.0
2015-12-15 00:00:00+09:00,1981.3382152496595,1989.667054080695,1968.3822437347155,1974.8602294921875,38100,0.0,0.0
2015-12-16 00:00:00+09:00,1985.0399677115427,1986.89082082829,1952.6500381684639,1971.1585693359375,28300,0.0,0.0
2015-12-17 00:00:00+09:00,1985.039859647529,1997.9958307594477,1974.860168059593,1989.6669921875,42300,0.0,0.0
2015-12-18 00:00:00+09:00,1990.5925292968748,2008.1756339257176,1989.667102737462,1990.592529296875,36800,0.0,0.0
2015-12-21 00:00:00+09:00,1996.1444781437099,2006.3241671838493,1964.6799847469151,1980.4122314453125,41900,0.0,0.0
2015-12-22 00:00:00+09:00,1992.442750448161,1992.442750448161,1982.2630615234375,1982.2630615234375,22200,0.0,0.0
2015-12-24 00:00:00+09:00,1989.6673822156354,1995.219942352051,1960.979154844154,1968.382568359375,25300,0.0,0.0
2015-12-25 00:00:00+09:00,1968.382568359375,1968.382568359375,1968.382568359375,1968.382568359375,0,0.0,0.0
2015-12-28 00:00:00+09:00,1976.711082565751,1981.3382152496595,1966.531390661152,1974.8602294921875,10900,0.0,0.0
2015-12-29 00:00:00+09:00,1985.0396614750189,1992.4430727998674,1973.00911807214,1985.965087890625,21300,0.0,0.0
2015-12-30 00:00:00+09:00,1984.1146827980326,1999.846935413502,1973.9349899291994,1998.9215087890625,25300,0.0,0.0
2016-01-04 00:00:00+09:00,1998.9213660871478,2011.8773379043794,1969.3077162191903,1971.1585693359375,29000,0.0,0.0
2016-01-05 00:00:00+09:00,1992.443522417987,2028.5351607711227,1975.785843178078,1998.9215087890625,48500,0.0,0.0
2016-01-06 00:00:00+09:00,1998.9211117202021,2005.3990968044807,1971.158318501866,1991.5177001953125,25100,0.0,0.0
2016-01-07 00:00:00+09:00,1989.6667935530493,2001.6973369559282,1966.5311331628975,1985.965087890625,34600,0.0,0.0
2016-01-08 00:00:00+09:00,1978.5614636811756,1985.0394478934152,1943.395263671875,1943.395263671875,52300,0.0,0.0
2016-01-12 00:00:00+09:00,1938.7686188534287,1944.3211781437012,1887.8701586925988,1894.34814453125,55500,0.0,0.0
2016-01-13 00:00:00+09:00,1935.0666599996582,1936.9175128547513,1897.1241764702531,1904.527587890625,22500,0.0,0.0
2016-01-14 00:00:00+09:00,1898.9752000188253,1922.1108627870858,1893.4226409544428,1920.260009765625,46000,0.0,0.0
2016-01-15 00:00:00+09:00,1931.3651043171565,1973.0092967916519,1931.3651043171565,1951.7244873046875,37800,0.0,0.0
2016-01-18 00:00:00+09:00,1906.3785666373558,1938.7684937404176,1903.602287171379,1923.961669921875,19900,0.0,0.0
2016-01-19 00:00:00+09:00,1923.9617158085466,1956.3516436841114,1914.7074507012426,1920.260009765625,22300,0.0,0.0
2016-01-20 00:00:00+09:00,1915.6329013762784,1935.9922848691665,1888.7955322265625,1888.7955322265625,34100,0.0,0.0
2016-01-21 00:00:00+09:00,1905.4530542346015,1906.3784806815343,1850.8528938655672,1851.7783203125,57500,0.0,0.0
2016-01-22 00:00:00+09:00,1878.6157457666488,1907.3039665148094,1869.3614810091776,1906.3785400390625,37500,0.0,0.0
2016-01-25 00:00:00+09:00,1948.0223952520462,1956.3512320963541,1915.6324741908481,1943.395263671875,21000,0.0,0.0
2016-01-26 00:00:00+09:00,1918.4086992761127,1956.3511771682113,1918.4086992761127,1937.8426513671875,18200,0.0,0.0
2016-01-27 00:00:00+09:00,1960.0532989358137,1967.456710829811,1938.768489740571,1963.7550048828125,14700,0.0,0.0
2016-01-28 00:00:00+09:00,1952.649947220862,1987.816154801143,1952.649947220862,1978.5618896484375,27700,0.0,0.0
2016-01-29 00:00:00+09:00,1986.890670797728,1996.1449356826731,1973.0092734703103,1983.18896484375,24400,0.0,0.0
2016-02-01 00:00:00+09:00,2008.1753967257323,2033.161910878541,1998.9211322246922,2029.460205078125,60800,0.0,0.0
2016-02-02 00:00:00+09:00,2035.9384747698198,2041.4910342464648,2010.9519571249175,2016.5045166015625,53100,0.0,0.0
2016-02-03 00:00:00+09:00,1997.9961461302864,2008.1758393250216,1972.084199816415,2003.5487060546875,40800,0.0,0.0
2016-02-04 00:00:00+09:00,2003.548454833418,2003.548454833418,1985.039924072832,1994.294189453125,30300,0.0,0.0
2016-02-05 00:00:00+09:00,1973.0087988645978,1994.293602979929,1958.2019786104545,1982.2630615234375,30100,0.0,0.0
2016-02-08 00:00:00+09:00,1953.5754600949144,2044.2672626005049,1953.5754600949144,2030.3858642578125,66600,0.0,0.0
2016-02-09 00:00:00+09:00,1961.904125347629,2000.7720372648932,1960.9786988734083,1975.7855224609375,50300,0.0,0.0
2016-02-10 00:00:00+09:00,1970.2330288678918,1990.5924119750282,1928.588836148749,1950.799072265625,56500,0.0,0.0
2016-02-12 00:00:00+09:00,1906.3782869664633,1946.171620141006,1897.1240234375,1897.1240234375,72900,0.0,0.0
2016-02-15 00:00:00+09:00,1970.2328600890025,2025.758445624625,1945.2463465979724,2023.9075927734375,54700,0.0,0.0
2016-02-16 00:00:00+09:00,2023.9082866914298,2024.8337134343155,1990.5929239475379,1997.996337890625,34400,0.0,0.0
2016-02-17 00:00:00+09:00,1994.2943193971403,2022.9825439453125,1994.2943193971403,2022.9825439453125,32500,0.0,0.0
2016-02-18 00:00:00+09:00,2034.087471175368,2059.999413483334,2026.6840590873774,2028.534912109375,65800,0.0,0.0
2016-02-19 00:00:00+09:00,2017.4298396973547,2035.0129438048089,2002.6230151858147,2024.833251953125,33900,0.0,0.0
2016-02-22 00:00:00+09:00,2020.2060164618033,2068.328193674819,2020.2060164618033,2062.775634765625,57000,0.0,0.0
2016-02-23 00:00:00+09:00,2067.4026930657797,2072.955251775894,2019.280517578125,2019.280517578125,38400,0.0,0.0
2016-02-24 00:00:00+09:00,2019.2815375191824,2078.508860342843,2014.654402923584,2072.956298828125,71500,0.0,0.0
2016-02-25 00:00:00+09:00,2068.328204939851,2095.1655731471237,2063.7010724903207,2091.4638671875,89900,0.0,0.0
2016-02-26 00:00:00+09:00,2096.0910186162337,2108.1215630939428,2091.4638861248072,2099.792724609375,69700,0.0,0.0
2016-02-29 00:00:00+09:00,2116.450952304438,2136.810340564472,2027.6099853515625,2027.6099853515625,126400,0.0,0.0
2016-03-01 00:00:00+09:00,2040.5658596953656,2064.6269537325898,2035.9387262266685,2045.1929931640625,39700,0.0,0.0
2016-03-02 00:00:00+09:00,2088.6874151004513,2103.494237715253,2044.2669472560467,2075.7314453125,65900,0.0,0.0
2016-03-03 00:00:00+09:00,2088.6877302801604,2088.6877302801604,2051.6706681573396,2070.17919921875,35800,0.0,0.0
2016-03-04 00:00:00+09:00,2058.149052987914,2069.2541737774172,2047.9693589308695,2067.4033203125,27400,0.0,0.0
2016-03-07 00:00:00+09:00,2069.2537681063723,2083.135166371844,2049.8198105347115,2080.35888671875,33600,0.0,0.0
2016-03-08 00:00:00+09:00,2074.8058904034933,2074.8058904034933,2035.9379834467823,2056.29736328125,55300,0.0,0.0
2016-03-09 00:00:00+09:00,2037.7894066011236,2061.8504985955055,2036.863979985955,2059.07421875,35300,0.0,0.0
2016-03-10 00:00:00+09:00,2043.3413942956795,2072.9550376912694,2043.3413942956795,2056.29736328125,30600,0.0,0.0
2016-03-11 00:00:00+09:00,2058.1482786667784,2077.5822327369233,2043.3414565180965,2071.104248046875,53800,0.0,0.0
2016-03-14 00:00:00+09:00,2082.2095641273136,2091.4638288567685,2066.4773140872408,2074.80615234375,40400,0.0,0.0
2016-03-15 00:00:00+09:00,2075.7318719161185,2112.7489360608556,2074.8064453125003,2109.97265625,41800,0.0,0.0
2016-03-16 00:00:00+09:00,2107.196002654357,2110.897708412204,2091.463753183508,2100.718017578125,27300,0.0,0.0
2016-03-17 00:00:00+09:00,2111.8234171834024,2126.630242194329,2109.047137493854,2117.3759765625,39500,0.0,0.0
2016-03-18 00:00:00+09:00,2113.6740301280465,2115.5248830440955,2097.9417803416295,2107.196044921875,54600,0.0,0.0
2016-03-22 00:00:00+09:00,2120.1523847588255,2140.5117703828737,2111.8235451853516,2126.63037109375,63700,0.0,0.0
2016-03-23 00:00:00+09:00,2127.5560888075893,2143.288343487767,2120.1526748404467,2122.928955078125,62700,0.0,0.0
2016-03-24 00:00:00+09:00,2122.0028682502675,2123.8537211663165,2107.196044921875,2107.196044921875,57100,0.0,0.0
2016-03-25 00:00:00+09:00,2109.9721935997463,2121.0773104081663,2092.389091986415,2097.941650390625,69600,0.0,0.0
2016-03-28 00:00:00+09:00,2097.942432939019,2123.8543818240178,2096.0915794472335,2122.928955078125,112500,0.0,0.0
2016-03-29 00:00:00+09:00,2107.1479012879595,2110.8609372373658,2061.663210907735,2070.94580078125,120600,7.0,0.0
2016-03-30 00:00:00+09:00,2074.6590040562864,2083.013335616245,2049.596009376412,2054.2373046875,46500,0.0,0.0
2016-03-31 00:00:00+09:00,2044.0265441810034,2056.0939125163136,2011.5374755859375,2011.5374755859375,50800,0.0,0.0
2016-04-01 00:00:00+09:00,2015.250298969288,2052.380659152969,2012.465521955512,2035.6719970703125,87200,0.0,0.0
2016-04-04 00:00:00+09:00,2032.887363442591,2049.596026703763,2011.5374048310937,2022.676513671875,38000,0.0,0.0
2016-04-05 00:00:00+09:00,2010.6090480259488,2011.5373070508915,1972.550428003297,1975.335205078125,38300,0.0,0.0
2016-04-06 00:00:00+09:00,1971.6224252386644,1989.2593490049235,1963.268092928331,1978.1202392578125,27900,0.0,0.0
2016-04-07 00:00:00+09:00,1982.761303230436,1995.7569297497364,1970.6939357482281,1980.90478515625,26400,0.0,0.0
2016-04-08 00:00:00+09:00,1959.5548866311392,1992.0439539130389,1959.5548866311392,1976.2635498046875,39800,0.0,0.0
2016-04-11 00:00:00+09:00,1968.8371714791335,1978.1197606893134,1959.5545822689537,1971.6219482421875,22500,0.0,0.0
2016-04-12 00:00:00+09:00,1971.6224000459558,1992.972360121783,1971.6224000459558,1972.5506591796875,22400,0.0,0.0
2016-04-13 00:00:00+09:00,1989.2587074932112,2000.3978136480962,1980.9043778770474,1997.613037109375,18700,0.0,0.0
2016-04-14 00:00:00+09:00,2012.4651949428235,2069.088985021934,2012.4651949428235,2059.806396484375,52200,0.0,0.0
2016-04-15 00:00:00+09:00,2039.3850954592065,2052.3807219209402,2032.8872822283397,2040.3133544921875,28300,0.0,0.0
2016-04-18 00:00:00+09:00,2028.2458001214106,2037.5283895956504,2007.824103278083,2026.3892822265625,31800,0.0,0.0
2016-04-19 00:00:00+09:00,2059.8070419974947,2063.5200785761294,2036.6005633810291,2049.59619140625,20500,0.0,0.0
2016-04-20 00:00:00+09:00,2053.3087721016113,2083.013058135631,2052.3805131630484,2073.73046875,34900,0.0,0.0
2016-04-21 00:00:00+09:00,2092.2956249999997,2114.5738392857143,2088.582589285714,2111.7890625,50700,0.0,0.0
2016-04-22 00:00:00+09:00,2091.368042477664,2111.7897455111784,2087.6550055624793,2100.650634765625,38400,0.0,0.0
2016-04-25 00:00:00+09:00,2092.2958257147607,2147.9913667719416,2070.017609291888,2137.780517578125,85200,0.0,0.0
2016-04-26 00:00:00+09:00,2134.995631724984,2148.919516279712,2122.928265110886,2140.565185546875,54500,0.0,0.0
2016-04-27 00:00:00+09:00,2140.5651129816806,2153.560738125542,2134.9955593485975,2142.421630859375,44000,0.0,0.0
2016-04-28 00:00:00+09:00,2148.9198456674126,2176.767619045392,2122.0003314020328,2132.211181640625,75700,0.0,0.0
2016-05-02 00:00:00+09:00,2117.3587560259675,2117.3587560259675,2083.9414323885567,2089.510986328125,38100,0.0,0.0
2016-05-06 00:00:00+09:00,2084.870227876091,2122.000597027936,2084.870227876091,2100.650634765625,41700,0.0,0.0
2016-05-09 00:00:00+09:00,2118.2869987590066,2125.7130706214393,2070.945790635996,2077.443603515625,28100,0.0,0.0
2016-05-10 00:00:00+09:00,2076.5157845718777,2102.507041598258,2074.6592662128505,2084.8701171875,44400,0.0,0.0
2016-05-11 00:00:00+09:00,2126.641251882478,2127.5695108313575,2085.797858131789,2104.363037109375,45400,0.0,0.0
2016-05-12 00:00:00+09:00,2096.0086832755146,2096.0086832755146,2066.304397241495,2073.73046875,26800,0.0,0.0
2016-05-13 00:00:00+09:00,2073.7305675844086,2091.367488257687,2060.734941825151,2077.443603515625,34100,0.0,0.0
2016-05-16 00:00:00+09:00,2095.08106541655,2098.7941023069648,2064.448511070628,2070.01806640625,22400,0.0,0.0
2016-05-17 00:00:00+09:00,2096.0088722157766,2097.8653902602546,2071.874137637561,2087.654541015625,31300,0.0,0.0
2016-05-18 00:00:00+09:00,2093.2237508047397,2097.865045152422,2071.873796805401,2083.941162109375,14700,0.0,0.0
2016-05-19 00:00:00+09:00,2087.654654358934,2120.1437219012023,2087.654654358934,2103.43505859375,70300,0.0,0.0
2016-05-20 00:00:00+09:00,2103.434705671207,2109.9325180894325,2096.936893252982,2106.219482421875,35300,0.0,0.0
2016-05-23 00:00:00+09:00,2121.0718080770002,2121.0718080770002,2088.5827431830417,2101.578369140625,20400,0.0,0.0
2016-05-24 00:00:00+09:00,2097.865301137316,2097.865301137316,2070.0175316531922,2077.443603515625,19800,0.0,0.0
2016-05-25 00:00:00+09:00,2102.5062026092774,2102.5062026092774,2078.371473572703,2081.15625,12800,0.0,0.0
2016-05-26 00:00:00+09:00,2080.2286469164515,2082.0851651198573,2060.735205780688,2064.4482421875,28800,0.0,0.0
2016-05-27 00:00:00+09:00,2064.4481014373887,2088.582836436207,2064.4481014373887,2086.726318359375,12300,0.0,0.0
2016-05-30 00:00:00+09:00,2087.6543760295476,2112.7173676492885,2081.1565633873925,2104.363037109375,11500,0.0,0.0
2016-05-31 00:00:00+09:00,2104.3631721933507,2108.0762082272167,2081.156696981691,2107.14794921875,35700,0.0,0.0
2016-06-01 00:00:00+09:00,2102.5065192116163,2125.712992933599,2095.080447620582,2104.363037109375,13800,0.0,0.0
2016-06-02 00:00:00+09:00,2099.7218293891474,2099.7218293891474,2070.94580078125,2070.94580078125,23800,0.0,0.0
2016-06-03 00:00:00+09:00,2070.945724730365,2097.865234375,2070.945724730365,2097.865234375,20600,0.0,0.0
2016-06-06 00:00:00+09:00,2085.7980593209586,2098.793685858784,2070.945914706301,2086.726318359375,31200,0.0,0.0
2016-06-07 00:00:00+09:00,2094.1528931473904,2100.6507079754188,2088.583337580509,2098.794189453125,9500,0.0,0.0
2016-06-08 00:00:00+09:00,2094.1522971648633,2101.578369140625,2088.5827431830417,2101.578369140625,14500,0.0,0.0
2016-06-09 00:00:00+09:00,2097.865795747066,2101.578832553698,2082.08538931888,2096.00927734375,15600,0.0,0.0
2016-06-10 00:00:00+09:00,2103.4345983696408,2103.4345983696408,2081.1563855007657,2083.941162109375,44000,0.0,0.0
2016-06-13 00:00:00+09:00,2079.30053490991,2079.30053490991,2060.7353515625,2060.7353515625,34200,0.0,0.0
2016-06-14 00:00:00+09:00,2062.59201633715,2070.9463494366255,2045.8833501381994,2057.0224609375,24100,0.0,0.0
2016-06-15 00:00:00+09:00,2051.4533526608598,2090.440248955772,2051.4533526608598,2076.516357421875,22200,0.0,0.0
2016-06-16 00:00:00+09:00,2084.869266132351,2084.869266132351,2044.02587890625,2044.02587890625,23700,0.0,0.0
2016-06-17 00:00:00+09:00,2062.5914315020736,2078.371833993314,2028.2458496093748,2028.245849609375,38400,0.0,0.0
2016-06-20 00:00:00+09:00,2042.170118248981,2057.9505237081776,2039.385340815005,2049.59619140625,12800,0.0,0.0
2016-06-21 00:00:00+09:00,2079.2999400913955,2082.084716796875,2049.595655232947,2082.084716796875,26200,0.0,0.0
2016-06-22 00:00:00+09:00,2081.1568515434788,2096.937255859375,2066.3047063049885,2096.937255859375,20500,0.0,0.0
2016-06-23 00:00:00+09:00,2088.582727338197,2092.295763297909,2073.7305834993476,2089.510986328125,14100,0.0,0.0
2016-06-24 00:00:00+09:00,2092.2955040564902,2097.8650573059754,2009.6804641891313,2027.3173828125,44600,0.0,0.0
2016-06-27 00:00:00+09:00,2027.3181410845589,2057.950695414133,2027.3181410845589,2051.452880859375,31200,0.0,0.0
2016-06-28 00:00:00+09:00,2051.4523777817235,2105.2913994610626,2039.3850108535955,2083.01318359375,29500,0.0,0.0
2016-06-29 00:00:00+09:00,2083.0131733986286,2095.080540267694,2075.5871014792037,2089.510986328125,20200,0.0,0.0
2016-06-30 00:00:00+09:00,2097.865045152422,2104.3628572391776,2079.299867761693,2083.941162109375,24000,0.0,0.0
2016-07-01 00:00:00+09:00,2084.869883841838,2107.148101656711,2077.4438112368803,2078.3720703125,23400,0.0,0.0
2016-07-04 00:00:00+09:00,2076.514955954505,2084.869285236396,2070.945403099911,2081.15625,13300,0.0,0.0
2016-07-05 00:00:00+09:00,2074.659291025165,2090.439697265625,2063.5201807377816,2090.439697265625,20700,0.0,0.0
2016-07-06 00:00:00+09:00,2090.4396722645815,2093.2244498031223,2061.6636376996607,2084.8701171875,27100,0.0,0.0
2016-07-07 00:00:00+09:00,2088.582572633455,2107.1477510568634,2086.726054791114,2099.7216796875,20100,0.0,0.0
2016-07-08 00:00:00+09:00,2106.2200160232946,2119.2156441521292,2080.228759765625,2080.228759765625,22100,0.0,0.0
2016-07-11 00:00:00+09:00,2080.228759765625,2080.228759765625,2080.228759765625,2080.228759765625,0,0.0,0.0
2016-07-12 00:00:00+09:00,2124.7848394319826,2148.919573300585,2119.215285462305,2126.641357421875,36700,0.0,0.0
2016-07-13 00:00:00+09:00,2146.134719322468,2162.843380632072,2141.4934245142445,2153.560791015625,36200,0.0,0.0
2016-07-14 00:00:00+09:00,2154.489345334611,2189.7631907127734,2154.489345334611,2164.7001953125,33500,0.0,0.0
2016-07-15 00:00:00+09:00,2180.4806510222243,2180.4806510222243,2164.7002461404118,2175.83935546875,25500,0.0,0.0
2016-07-19 00:00:00+09:00,2175.839121670411,2175.839121670411,2149.8478693637676,2169.34130859375,30300,0.0,0.0
2016-07-20 00:00:00+09:00,2170.2695008229784,2189.762939453125,2162.8434289638753,2189.762939453125,25100,0.0,0.0
2016-07-21 00:00:00+09:00,2190.691208612351,2209.256388346354,2169.341251918248,2183.26513671875,25400,0.0,0.0
2016-07-22 00:00:00+09:00,2176.767687581728,2191.619833850942,2153.56120903608,2173.98291015625,19700,0.0,0.0
2016-07-25 00:00:00+09:00,2173.9827130864396,2183.265303663239,2157.2740500482005,2166.556640625,8700,0.0,0.0
2016-07-26 00:00:00+09:00,2153.560791015625,2172.125970248518,2139.636906590955,2153.560791015625,16000,0.0,0.0
2016-07-27 00:00:00+09:00,2153.5610500160738,2171.1979724084467,2153.5610500160738,2165.62841796875,20100,0.0,0.0
2016-07-28 00:00:00+09:00,2163.771734019433,2182.3369140625,2158.202180006513,2182.3369140625,26300,0.0,0.0
2016-07-29 00:00:00+09:00,2182.337340840293,2199.974265330283,2160.987379615569,2177.696044921875,17900,0.0,0.0
2016-08-01 00:00:00+09:00,2199.0456658975095,2199.0456658975095,2135.9240511735625,2148.919677734375,31100,0.0,0.0
2016-08-02 00:00:00+09:00,2144.2774909650775,2144.2774909650775,2107.14714480118,2109.003662109375,27600,0.0,0.0
2016-08-03 00:00:00+09:00,2089.5105792818913,2105.2909790365743,2079.2997323818017,2081.15625,26300,0.0,0.0
2016-08-04 00:00:00+09:00,2079.300340221774,2091.367708267704,2053.3090859690024,2071.874267578125,31200,0.0,0.0
2016-08-05 00:00:00+09:00,2071.874200873641,2083.0133094804883,2047.7394655588043,2048.667724609375,30600,0.0,0.0
2016-08-08 00:00:00+09:00,2063.519775390625,2075.5871424981724,2041.2415591920758,2063.519775390625,34900,0.0,0.0
2016-08-09 00:00:00+09:00,2044.026050602243,2064.447745930694,2042.169532845111,2045.882568359375,29200,0.0,0.0
2016-08-10 00:00:00+09:00,2044.9550545588772,2065.376757327963,2042.1702769085475,2057.95068359375,22900,0.0,0.0
2016-08-12 00:00:00+09:00,2070.9463494366255,2071.8746086699007,2048.6681278380247,2057.0224609375,36900,0.0,0.0
2016-08-15 00:00:00+09:00,2057.022230926144,2077.4439317746887,2057.022230926144,2069.089599609375,15300,0.0,0.0
2016-08-16 00:00:00+09:00,2071.8736567283163,2071.8736567283163,2046.8106689453125,2046.8106689453125,31100,0.0,0.0
2016-08-17 00:00:00+09:00,2042.1697810203261,2049.595852951309,2014.3220112791398,2020.81982421875,53500,0.0,0.0
2016-08-18 00:00:00+09:00,2018.9629905729046,2027.3173201890684,1996.6847782631346,1997.613037109375,31400,0.0,0.0
2016-08-19 00:00:00+09:00,2001.3262640551986,2009.6805944710134,1975.3350138726635,1986.47412109375,41100,0.0,0.0
2016-08-22 00:00:00+09:00,1991.1153505732902,2009.6805286672136,1981.8327615263283,2006.895751953125,33100,0.0,0.0
2016-08-23 00:00:00+09:00,2010.6088801203548,2036.6001306482265,2005.0393264358108,2026.3892822265625,34200,0.0,0.0
2016-08-24 00:00:00+09:00,2041.2416240599862,2041.2416240599862,2023.6047023423237,2033.8155517578125,26300,0.0,0.0
2016-08-25 00:00:00+09:00,2025.4610595703125,2033.815390246817,2012.4654340735278,2025.4610595703125,26300,0.0,0.0
2016-08-26 00:00:00+09:00,2042.1704967468909,2042.1704967468909,2013.3944579290937,2015.2509765625,45300,0.0,0.0
2016-08-29 00:00:00+09:00,2021.7483037767581,2032.8874128884759,2013.39397194297,2024.5330810546875,69700,0.0,0.0
2016-08-30 00:00:00+09:00,2018.9636356574445,2030.1027453714166,2013.3940808004584,2021.7484130859375,62500,0.0,0.0
2016-08-31 00:00:00+09:00,2028.2460574557267,2028.2460574557267,1976.2635498046875,1976.2635498046875,120900,0.0,0.0
2016-09-01 00:00:00+09:00,1974.4067811708194,2004.1110674883869,1967.9089685388515,1992.043701171875,85100,0.0,0.0
2016-09-02 00:00:00+09:00,1993.9003134689365,2025.4611191756144,1990.187277503445,2020.81982421875,91000,0.0,0.0
2016-09-05 00:00:00+09:00,2040.3135860086845,2046.811399976865,2023.6049215190774,2037.52880859375,53200,0.0,0.0
2016-09-06 00:00:00+09:00,2043.0981597486873,2067.2328949388125,2043.0981597486873,2055.16552734375,36900,0.0,0.0
2016-09-07 00:00:00+09:00,2053.308926299623,2064.448034398898,2048.667631258259,2063.519775390625,31300,0.0,0.0
2016-09-08 00:00:00+09:00,2074.6587442110313,2088.5826284003674,2073.730485265076,2085.7978515625,29400,0.0,0.0
2016-09-09 00:00:00+09:00,2083.9416247662184,2088.5829201443166,2070.017738631923,2078.3720703125,37900,0.0,0.0
2016-09-12 00:00:00+09:00,2073.73066102997,2083.9415103009324,2058.8785166358434,2062.591552734375,33600,0.0,0.0
2016-09-13 00:00:00+09:00,2084.869993588579,2086.726511837545,2064.4482928499556,2075.58740234375,35700,0.0,0.0
2016-09-14 00:00:00+09:00,2075.587621741872,2083.0136955227017,2068.1615479610427,2070.01806640625,17100,0.0,0.0
2016-09-15 00:00:00+09:00,2073.7315791150954,2081.1576545998405,2067.2337630659435,2076.516357421875,23600,0.0,0.0
2016-09-16 00:00:00+09:00,2076.516357421875,2078.3728762930614,2065.377244194757,2076.516357421875,31200,0.0,0.0
2016-09-20 00:00:00+09:00,2076.5151970814168,2115.502071590768,2076.5151970814168,2106.219482421875,48200,0.0,0.0
2016-09-21 00:00:00+09:00,2106.21942715887,2121.0715694394084,2082.084695952995,2120.143310546875,56500,0.0,0.0
2016-09-23 00:00:00+09:00,2079.3002806233653,2142.421896285146,2079.3002806233653,2129.42626953125,105400,0.0,0.0
2016-09-26 00:00:00+09:00,2119.215051654341,2134.9954528274134,2119.215051654341,2120.143310546875,91900,0.0,0.0
2016-09-27 00:00:00+09:00,2119.215473717111,2132.21110080079,2092.295960472347,2096.937255859375,219300,0.0,0.0
2016-09-28 00:00:00+09:00,2091.350499098425,2113.697966586565,2086.694776705063,2109.973388671875,180400,7.0,0.0
2016-09-29 00:00:00+09:00,2109.0418285327955,2127.6647144359545,2099.7303855812156,2118.353271484375,42000,0.0,0.0
2016-09-30 00:00:00+09:00,2123.9406189662695,2128.59634149798,2103.455439826744,2117.422607421875,65100,0.0,0.0
2016-10-03 00:00:00+09:00,2118.3531499541964,2127.664592371578,2099.7302651194345,2104.385986328125,38900,0.0,0.0
2016-10-04 00:00:00+09:00,2098.799289005987,2123.940185546875,2098.799289005987,2123.940185546875,37500,0.0,0.0
2016-10-05 00:00:00+09:00,2123.009332641014,2134.183065970704,2113.6978881996065,2129.52734375,41000,0.0,0.0
2016-10-06 00:00:00+09:00,2131.3891925237817,2149.0809333092566,2127.664615516313,2135.11376953125,53700,0.0,0.0
2016-10-07 00:00:00+09:00,2139.7697033963386,2140.7008477407235,2123.0091051974114,2131.389404296875,18800,0.0,0.0
2016-10-11 00:00:00+09:00,2141.632214423959,2183.5337142713843,2140.7010699829048,2157.461669921875,67500,0.0,0.0
2016-10-12 00:00:00+09:00,2150.9435637964343,2164.9107297951127,2145.356697396963,2146.287841796875,34300,0.0,0.0
2016-10-13 00:00:00+09:00,2147.219339559077,2165.8422306220355,2145.3570504527816,2159.32421875,42000,0.0,0.0
2016-10-14 00:00:00+09:00,2159.323958803983,2162.1173921271447,2141.632214423959,2157.461669921875,30000,0.0,0.0
2016-10-17 00:00:00+09:00,2156.5301020665324,2165.8415446488575,2144.4252267095094,2164.910400390625,29000,0.0,0.0
2016-10-18 00:00:00+09:00,2167.704115040778,2231.0219328340654,2164.910681902839,2226.3662109375,110500,0.0,0.0
2016-10-19 00:00:00+09:00,2215.192464612194,2221.710475226858,2164.91066844193,2167.7041015625,45300,0.0,0.0
2016-10-20 00:00:00+09:00,2180.740165181168,2209.6056413214824,2180.740165181168,2201.225341796875,35100,0.0,0.0
2016-10-21 00:00:00+09:00,2208.6745589825396,2208.6745589825396,2168.6353490178476,2179.80908203125,27900,0.0,0.0
2016-10-24 00:00:00+09:00,2175.1531642788664,2190.982617957266,2165.8417209386316,2185.395751953125,29300,0.0,0.0
2016-10-25 00:00:00+09:00,2185.395823765287,2197.5007005053585,2181.671246306803,2193.776123046875,27300,0.0,0.0
2016-10-26 00:00:00+09:00,2185.3957599594405,2195.638347671223,2178.877749597397,2186.326904296875,32000,0.0,0.0
2016-10-27 00:00:00+09:00,2177.015177356754,2189.1200521666933,2177.015177356754,2181.6708984375,16700,0.0,0.0
2016-10-28 00:00:00+09:00,2188.1892009814683,2188.1892009814683,2169.5663141646046,2187.258056640625,39200,0.0,0.0
2016-10-31 00:00:00+09:00,2160.2546574519233,2175.1529654343503,2104.3860025178215,2106.248291015625,81500,0.0,0.0
2016-11-01 00:00:00+09:00,2104.3862186342853,2104.3862186342853,2070.8650222312613,2074.589599609375,66800,0.0,0.0
2016-11-02 00:00:00+09:00,2067.1404368790695,2089.487901061546,2055.0355604468946,2073.658447265625,52500,0.0,0.0
2016-11-04 00:00:00+09:00,2076.452226911272,2093.2128278459822,2070.8653599330355,2085.763671875,40800,0.0,0.0
2016-11-07 00:00:00+09:00,2109.041725076655,2120.2154560704384,2076.451676344786,2078.31396484375,30600,0.0,0.0
2016-11-08 00:00:00+09:00,2087.6250710107356,2092.2807915080834,2067.1399008224053,2068.071044921875,22400,0.0,0.0
2016-11-09 00:00:00+09:00,2090.4193799635946,2096.0062469033637,2014.0655317867504,2026.17041015625,69300,0.0,0.0
2016-11-10 00:00:00+09:00,2059.69138237749,2077.383125716175,2044.793072197544,2056.89794921875,54000,0.0,0.0
2016-11-11 00:00:00+09:00,2052.2420171125027,2066.209181475791,2041.999429912758,2046.6551513671875,37000,0.0,0.0
2016-11-14 00:00:00+09:00,2062.484670732186,2062.484670732186,2034.550341106016,2040.13720703125,31200,0.0,0.0
2016-11-15 00:00:00+09:00,2044.7932878050085,2047.5867212582941,2032.6884095074379,2039.2064208984375,25000,0.0,0.0
2016-11-16 00:00:00+09:00,2055.0362175682626,2067.1410978711115,2039.2067587106908,2065.27880859375,36700,0.0,0.0
2016-11-17 00:00:00+09:00,2065.2782246925995,2067.1405134434494,2041.0684709315503,2054.1044921875,35400,0.0,0.0
2016-11-18 00:00:00+09:00,2069.0027255609425,2076.4518802884345,2054.104416105958,2073.658447265625,38600,0.0,0.0
2016-11-21 00:00:00+09:00,2080.176521646043,2086.6945322331167,2074.5896554285514,2081.107666015625,28100,0.0,0.0
2016-11-22 00:00:00+09:00,2083.901491965672,2101.593238322843,2070.865468334073,2098.7998046875,43200,0.0,0.0
2016-11-24 00:00:00+09:00,2105.3173347422394,2110.9042007344788,2094.1436027577606,2099.73046875,19100,0.0,0.0
2016-11-25 00:00:00+09:00,2105.3169843646842,2117.4218586666484,2096.936686771017,2115.5595703125,38300,0.0,0.0
2016-11-28 00:00:00+09:00,2115.560654527559,2130.458968996063,2114.6295098732776,2128.5966796875,29600,0.0,0.0
2016-11-29 00:00:00+09:00,2115.5598063903567,2134.18269200999,2108.1106521425036,2114.628662109375,30900,0.0,0.0
2016-11-30 00:00:00+09:00,2118.3530923623657,2129.526822959442,2103.4547848995976,2125.80224609375,24800,0.0,0.0
2016-12-01 00:00:00+09:00,2139.7698072073877,2163.048416946371,2125.8026413639973,2143.494384765625,37000,0.0,0.0
2016-12-02 00:00:00+09:00,2136.976326334352,2156.530358078588,2132.3206044904864,2137.907470703125,34600,0.0,0.0
2016-12-05 00:00:00+09:00,2137.9076107695937,2137.9076107695937,2091.350389280709,2096.937255859375,35400,0.0,0.0
2016-12-06 00:00:00+09:00,2092.2815809629997,2114.629047782364,2092.2815809629997,2102.524169921875,27200,0.0,0.0
2016-12-07 00:00:00+09:00,2113.697622001902,2129.527075558744,2109.0419003675365,2126.733642578125,28100,0.0,0.0
2016-12-08 00:00:00+09:00,2138.8387889318983,2158.392822265625,2136.976500042972,2158.392822265625,41100,0.0,0.0
2016-12-09 00:00:00+09:00,2146.287653833937,2154.667952699232,2135.1139220135433,2152.8056640625,56300,0.0,0.0
2016-12-12 00:00:00+09:00,2157.461669921875,2157.461669921875,2138.838781100797,2157.461669921875,32700,0.0,0.0
2016-12-13 00:00:00+09:00,2160.255329883312,2186.3273769681105,2159.3241853445693,2184.465087890625,43400,0.0,0.0
2016-12-14 00:00:00+09:00,2185.3954753020967,2188.188907950544,2177.015177356754,2181.6708984375,35300,0.0,0.0
2016-12-15 00:00:00+09:00,2180.7402975398936,2188.189453125,2173.2911419547872,2188.189453125,36600,0.0,0.0
2016-12-16 00:00:00+09:00,2188.189248896961,2193.776115064358,2183.5335270907976,2192.844970703125,44000,0.0,0.0
2016-12-19 00:00:00+09:00,2192.8449146589187,2206.8120797204406,2177.0154609225274,2186.326904296875,42000,0.0,0.0
2016-12-20 00:00:00+09:00,2189.120488400896,2205.8810876315283,2185.395910794089,2204.018798828125,36700,0.0,0.0
2016-12-21 00:00:00+09:00,2214.2615136386585,2214.2615136386585,2184.4648910833866,2190.0517578125,34400,0.0,0.0
2016-12-22 00:00:00+09:00,2190.0522920642493,2201.2260282482507,2185.3965686542488,2195.63916015625,20900,0.0,0.0
2016-12-26 00:00:00+09:00,2178.8781568238182,2214.2616482594185,2178.8781568238182,2205.88134765625,35100,0.0,0.0
2016-12-27 00:00:00+09:00,2205.8812135449884,2205.8812135449884,2185.3960355382387,2190.0517578125,27700,0.0,0.0
2016-12-28 00:00:00+09:00,2175.1534386962994,2202.156627789704,2163.979705278339,2189.12060546875,23500,0.0,0.0
2016-12-29 00:00:00+09:00,2197.5007005053585,2199.3629892346003,2181.671246306803,2193.776123046875,28000,0.0,0.0
2016-12-30 00:00:00+09:00,2193.775903123675,2205.880778650249,2185.3956046822013,2196.5693359375,20600,0.0,0.0
2017-01-04 00:00:00+09:00,2200.2942765580574,2223.572887186052,2194.7074100073387,2210.536865234375,36000,0.0,0.0
2017-01-05 00:00:00+09:00,2201.2254130945794,2213.3302905777564,2192.845113298534,2209.605712890625,29900,0.0,0.0
2017-01-06 00:00:00+09:00,2188.1896347189236,2188.1896347189236,2158.3930099057297,2180.740478515625,38300,0.0,0.0
2017-01-10 00:00:00+09:00,2183.5338097552262,2184.4649542369984,2155.5994753020677,2168.635498046875,54500,0.0,0.0
2017-01-11 00:00:00+09:00,2162.1175724909854,2181.671607384315,2160.255283453526,2178.878173828125,23700,0.0,0.0
2017-01-12 00:00:00+09:00,2177.9467136639987,2177.9467136639987,2157.4615372208145,2170.49755859375,27300,0.0,0.0
2017-01-13 00:00:00+09:00,2162.117274984596,2183.533595968509,2162.117274984596,2172.35986328125,25000,0.0,0.0
2017-01-16 00:00:00+09:00,2172.3598473613124,2203.0876120260887,2167.7041254424066,2170.49755859375,38500,0.0,0.0
2017-01-17 00:00:00+09:00,2164.91110947089,2164.91110947089,2148.150507333051,2162.11767578125,24900,0.0,0.0
2017-01-18 00:00:00+09:00,2169.566048472245,2169.566048472245,2149.080875482378,2156.530029296875,16100,0.0,0.0
2017-01-19 00:00:00+09:00,2173.2908756108195,2186.3268962871484,2164.910576604608,2185.395751953125,23500,0.0,0.0
2017-01-20 00:00:00+09:00,2177.015727599293,2194.7074721777303,2177.015727599293,2189.12060546875,19000,0.0,0.0
2017-01-23 00:00:00+09:00,2178.878039829289,2186.327195521013,2158.3928616770477,2163.048583984375,22700,0.0,0.0
2017-01-24 00:00:00+09:00,2160.2551820342715,2170.497771259434,2158.392893084242,2166.773193359375,22100,0.0,0.0
2017-01-25 00:00:00+09:00,2181.671370866817,2183.533659702384,2177.946793195683,2179.80908203125,15700,0.0,0.0
2017-01-26 00:00:00+09:00,2188.189328215843,2207.7433605105375,2167.7041515261626,2202.156494140625,37800,0.0,0.0
2017-01-27 00:00:00+09:00,2210.5369278531743,2211.468072304671,2189.12060546875,2189.12060546875,21700,0.0,0.0
2017-01-30 00:00:00+09:00,2185.3958634243636,2206.8121841992934,2183.533574661326,2198.431884765625,22500,0.0,0.0
2017-01-31 00:00:00+09:00,2198.4320737308835,2202.156651577103,2178.878040038233,2191.9140625,35100,0.0,0.0
2017-02-01 00:00:00+09:00,2190.9828323068596,2214.261442934854,2188.1893990315,2210.536865234375,37800,0.0,0.0
2017-02-02 00:00:00+09:00,2211.4673820045673,2212.3985261654116,2192.844498787687,2194.706787109375,25600,0.0,0.0
2017-02-03 00:00:00+09:00,2195.6384833757265,2211.4679380904795,2190.051617005814,2202.156494140625,30000,0.0,0.0
2017-02-06 00:00:00+09:00,2208.674504905523,2209.6056493005085,2197.5007721656975,2202.156494140625,12700,0.0,0.0
2017-02-07 00:00:00+09:00,2199.362981231754,2200.294125592987,2189.120393258194,2192.844970703125,20300,0.0,0.0
2017-02-08 00:00:00+09:00,2193.775903123675,2201.2250572938747,2169.5661520705276,2196.5693359375,51200,0.0,0.0
2017-02-09 00:00:00+09:00,2196.569611900094,2204.018767006156,2180.740157299712,2200.294189453125,20900,0.0,0.0
2017-02-10 00:00:00+09:00,2205.881158899378,2216.1237476490164,2202.1565811722367,2212.399169921875,44500,0.0,0.0
2017-02-13 00:00:00+09:00,2214.2617343421743,2216.1240234375,2201.2257106748953,2216.1240234375,35400,0.0,0.0
2017-02-14 00:00:00+09:00,2217.055319399447,2219.8487532332138,2204.950439453125,2204.950439453125,25700,0.0,0.0
2017-02-15 00:00:00+09:00,2223.5726496710527,2223.5726496710527,2211.4677734375,2211.4677734375,35600,0.0,0.0
2017-02-16 00:00:00+09:00,2211.4681595972693,2215.192737550275,2192.8452698322394,2199.36328125,25200,0.0,0.0
2017-02-17 00:00:00+09:00,2195.6386403462193,2206.8123738848767,2191.9140625,2191.9140625,29600,0.0,0.0
2017-02-20 00:00:00+09:00,2192.8453244957655,2208.6747811906394,2191.9141799843023,2205.88134765625,23800,0.0,0.0
2017-02-21 00:00:00+09:00,2202.1561032280383,2215.1921224437647,2197.5003820795646,2213.329833984375,25800,0.0,0.0
2017-02-22 00:00:00+09:00,2217.9861076306997,2225.4352633238336,2203.087796244431,2220.779541015625,46400,0.0,0.0
2017-02-23 00:00:00+09:00,2233.8158830483885,2273.8551006269963,2233.8158830483885,2258.956787109375,68900,0.0,0.0
2017-02-24 00:00:00+09:00,2257.093811084738,2297.133016479393,2257.093811084738,2292.477294921875,55900,0.0,0.0
2017-02-27 00:00:00+09:00,2295.27066331038,2295.27066331038,2268.2674790361402,2285.028076171875,41500,0.0,0.0
2017-02-28 00:00:00+09:00,2285.0283758666446,2311.100419275066,2285.0283758666446,2291.54638671875,49000,0.0,0.0
2017-03-01 00:00:00+09:00,2292.4774937094767,2317.6183923001167,2292.4774937094767,2315.756103515625,28000,0.0,0.0
2017-03-02 00:00:00+09:00,2326.929639318216,2327.8607836316687,2311.1001859895205,2321.3427734375,44900,0.0,0.0
2017-03-03 00:00:00+09:00,2363.244443147079,2374.418175738791,2290.615181300951,2312.962646484375,91900,0.0,0.0
2017-03-06 00:00:00+09:00,2313.8937908670177,2319.4806571628737,2301.788913892663,2312.962646484375,47300,0.0,0.0
2017-03-07 00:00:00+09:00,2315.756198475484,2337.1725203753376,2301.7890320190577,2326.929931640625,46100,0.0,0.0
2017-03-08 00:00:00+09:00,2327.8609196028387,2346.4838069596613,2320.4117646601094,2337.17236328125,44300,0.0,0.0
2017-03-09 00:00:00+09:00,2350.2088338087788,2366.969435634673,2350.2088338087788,2361.382568359375,52400,0.0,0.0
2017-03-10 00:00:00+09:00,2392.1099963880565,2392.1099963880565,2365.1068084179306,2379.073974609375,70700,0.0,0.0
2017-03-13 00:00:00+09:00,2374.4180568350985,2393.040943555374,2374.4180568350985,2384.66064453125,35900,0.0,0.0
2017-03-14 00:00:00+09:00,2386.5233117393013,2386.5233117393013,2357.6578327444054,2371.625,67100,0.0,0.0
2017-03-15 00:00:00+09:00,2355.795701084077,2368.8317247264395,2353.9334119923105,2361.382568359375,51300,0.0,0.0
2017-03-16 00:00:00+09:00,2356.7265791632644,2387.454345703125,2356.7265791632644,2387.454345703125,39500,0.0,0.0
2017-03-17 00:00:00+09:00,2390.247904838148,2402.352783203125,2381.8676044316253,2402.352783203125,84100,0.0,0.0
2017-03-21 00:00:00+09:00,2409.8015616717666,2417.250716421911,2402.352406921622,2415.388427734375,82300,0.0,0.0
2017-03-22 00:00:00+09:00,2407.0084266514164,2417.251015700997,2393.041259765625,2393.041259765625,177400,0.0,0.0
2017-03-23 00:00:00+09:00,2393.0412123467363,2399.5592234309493,2384.6609123813196,2387.454345703125,121300,0.0,0.0
2017-03-24 00:00:00+09:00,2402.352406921622,2425.631015515824,2393.9721078277094,2415.388427734375,104000,0.0,0.0
2017-03-27 00:00:00+09:00,2411.6641727570563,2411.6641727570563,2382.7986942414313,2395.834716796875,151600,0.0,0.0
2017-03-28 00:00:00+09:00,2415.3888047569903,2480.568918994843,2410.7330823114294,2460.083740234375,235800,0.0,0.0
2017-03-29 00:00:00+09:00,2415.2355994867844,2437.6594503137408,2395.6147300131975,2411.498291015625,273100,9.0,0.0
2017-03-30 00:00:00+09:00,2397.48345589381,2397.48345589381,2340.4895000054535,2342.358154296875,76500,0.0,0.0
2017-03-31 00:00:00+09:00,2342.3584665372573,2342.3584665372573,2284.43017578125,2284.43017578125,94500,0.0,0.0
2017-04-03 00:00:00+09:00,2296.575916174499,2323.6714009462894,2290.0356267468255,2308.72216796875,57900,0.0,0.0
2017-04-04 00:00:00+09:00,2307.788306369445,2346.0957236006784,2307.788306369445,2328.343505859375,70000,0.0,0.0
2017-04-05 00:00:00+09:00,2321.803215112579,2337.6867783547978,2317.1315788648676,2328.343505859375,29900,0.0,0.0
2017-04-06 00:00:00+09:00,2329.2778581362013,2329.2778581362013,2301.248040348762,2306.85400390625,36700,0.0,0.0
2017-04-07 00:00:00+09:00,2307.788081990198,2377.862618892734,2296.5761560857923,2311.525390625,79400,0.0,0.0
2017-04-10 00:00:00+09:00,2335.8178101538124,2407.76099870655,2335.8178101538124,2395.61474609375,112600,0.0,0.0
2017-04-11 00:00:00+09:00,2386.2717201298424,2406.8269189719945,2382.5344112494513,2393.746337890625,46900,0.0,0.0
2017-04-12 00:00:00+09:00,2393.746091845627,2401.220708838119,2374.125222240335,2395.61474609375,39500,0.0,0.0
2017-04-13 00:00:00+09:00,2373.192100153389,2408.6965488958417,2373.192100153389,2398.4189453125,39500,0.0,0.0
2017-04-14 00:00:00+09:00,2379.7314505948502,2387.206068421611,2372.2568327680897,2375.059814453125,20400,0.0,0.0
2017-04-17 00:00:00+09:00,2377.862768915955,2404.958258227767,2377.862768915955,2399.352294921875,35300,0.0,0.0
2017-04-18 00:00:00+09:00,2410.5652040928126,2415.236842085241,2398.4189453125,2398.4189453125,33200,0.0,0.0
2017-04-19 00:00:00+09:00,2398.4179234937524,2444.1999563146305,2398.4179234937524,2439.5283203125,63100,0.0,0.0
2017-04-20 00:00:00+09:00,2443.265641532801,2462.8865128414773,2425.5134246344746,2428.31640625,52000,0.0,0.0
2017-04-21 00:00:00+09:00,2436.7248602764425,2442.330822378305,2417.103992919922,2429.250244140625,37100,0.0,0.0
2017-04-24 00:00:00+09:00,2457.2805165573927,2464.755134098252,2432.988009549601,2458.21484375,61700,0.0,0.0
2017-04-25 00:00:00+09:00,2448.871334170387,2463.820567801339,2448.871334170387,2452.608642578125,38600,0.0,0.0
2017-04-26 00:00:00+09:00,2457.2805391942557,2459.1491935966847,2432.053704761463,2437.65966796875,50300,0.0,0.0
2017-04-27 00:00:00+09:00,2431.1196043433215,2463.821059436333,2431.1196043433215,2451.6748046875,61900,0.0,0.0
2017-04-28 00:00:00+09:00,2451.674818147014,2461.952418375526,2432.9882722769908,2440.462890625,34400,0.0,0.0
2017-05-01 00:00:00+09:00,2431.1191331417626,2445.134039750958,2431.1191331417626,2438.59375,27500,0.0,0.0
2017-05-02 00:00:00+09:00,2443.265378061736,2471.2951911943755,2443.265378061736,2446.068359375,59900,0.0,0.0
2017-05-08 00:00:00+09:00,2447.936982259851,2483.4414117735437,2447.0026551673855,2477.83544921875,65500,0.0,0.0
2017-05-09 00:00:00+09:00,2475.96728515625,2504.931430756191,2431.1195758402123,2475.96728515625,88000,0.0,0.0
2017-05-10 00:00:00+09:00,2475.9670573287417,2496.5222555405276,2455.4118591169563,2461.017822265625,60000,0.0,0.0
2017-05-11 00:00:00+09:00,2461.0178202280326,2489.0476359481695,2456.3461842746765,2462.886474609375,96700,0.0,0.0
2017-05-12 00:00:00+09:00,2465.6894510912653,2471.29541422372,2452.608870448871,2467.55810546875,39900,0.0,0.0
2017-05-15 00:00:00+09:00,2452.6088755119913,2469.4267649440735,2452.6088755119913,2462.886474609375,33100,0.0,0.0
2017-05-16 00:00:00+09:00,2475.967053231911,2487.178979510697,2453.543200674339,2464.755126953125,39600,0.0,0.0
2017-05-17 00:00:00+09:00,2464.755126953125,2472.229744472316,2438.593965635958,2464.755126953125,48800,0.0,0.0
2017-05-18 00:00:00+09:00,2436.725321358923,2466.623791559646,2436.725321358923,2455.411865234375,25300,0.0,0.0
2017-05-19 00:00:00+09:00,2466.62378950808,2466.62378950808,2445.1342640691837,2457.280517578125,36400,0.0,0.0
2017-05-22 00:00:00+09:00,2472.230005031679,2472.230005031679,2429.250949766578,2451.6748046875,36800,0.0,0.0
2017-05-23 00:00:00+09:00,2458.2146211401814,2463.8205837881637,2433.9221163322586,2436.72509765625,28500,0.0,0.0
2017-05-24 00:00:00+09:00,2451.6743295019155,2451.6743295019155,2433.9221144636017,2438.59375,20100,0.0,0.0
2017-05-25 00:00:00+09:00,2434.8567112699466,2437.6596929022608,2411.498531000665,2415.23583984375,47600,0.0,0.0
2017-05-26 00:00:00+09:00,2411.498592544272,2415.2359014827366,2357.3076129365354,2361.044921875,64700,0.0,0.0
2017-05-29 00:00:00+09:00,2358.24168288506,2384.402842600108,2358.24168288506,2374.125244140625,45200,0.0,0.0
2017-05-30 00:00:00+09:00,2368.519297749418,2383.4685319758446,2347.964100688082,2358.24169921875,44400,0.0,0.0
2017-05-31 00:00:00+09:00,2359.1760109728716,2382.5341892993356,2359.1760109728716,2373.19091796875,46900,0.0,0.0
2017-06-01 00:00:00+09:00,2390.008767306458,2414.3012723689944,2385.337131717509,2411.498291015625,35800,0.0,0.0
2017-06-02 00:00:00+09:00,2415.2355723180076,2438.59375,2407.7609554597702,2438.59375,55700,0.0,0.0
2017-06-05 00:00:00+09:00,2435.7909730455476,2478.770023586436,2417.1044293321183,2475.03271484375,52200,0.0,0.0
2017-06-06 00:00:00+09:00,2475.96706040954,2479.7043691799695,2455.4118621721777,2458.21484375,30600,0.0,0.0
2017-06-07 00:00:00+09:00,2462.8862075318257,2490.916020212385,2452.6086095489536,2486.244384765625,50100,0.0,0.0
2017-06-08 00:00:00+09:00,2486.2450888180865,2510.537600020368,2484.3764341102187,2508.6689453125,58700,0.0,0.0
2017-06-09 00:00:00+09:00,2512.4055121427123,2522.6831099982605,2499.3249330538324,2518.011474609375,62000,0.0,0.0
2017-06-12 00:00:00+09:00,2510.5366048597966,2536.6977603998316,2501.1933350240697,2529.22314453125,74000,0.0,0.0
2017-06-13 00:00:00+09:00,2541.3703601617053,2552.5822882212424,2539.501705485116,2542.3046875,45400,0.0,0.0
2017-06-14 00:00:00+09:00,2542.3044337010647,2564.728287581559,2532.026834005838,2550.71337890625,74900,0.0,0.0
2017-06-15 00:00:00+09:00,2549.778820454833,2558.18776489752,2529.223622928264,2538.56689453125,34100,0.0,0.0
2017-06-16 00:00:00+09:00,2533.89550673263,2541.3701247465906,2523.617906963434,2534.829833984375,35800,0.0,0.0
2017-06-19 00:00:00+09:00,2541.3698544176705,2565.6623603790163,2541.3698544176705,2559.1220703125,50400,0.0,0.0
2017-06-20 00:00:00+09:00,2558.187977620087,2580.611831331878,2556.3193231441046,2567.53125,43300,0.0,0.0
2017-06-21 00:00:00+09:00,2560.056131144853,2589.9545969100486,2550.71286059323,2582.47998046875,68100,0.0,0.0
2017-06-22 00:00:00+09:00,2579.677251942491,2582.4802333824864,2570.3339804758393,2574.0712890625,22200,0.0,0.0
2017-06-23 00:00:00+09:00,2570.334211574895,2591.8237378803196,2559.1222848068473,2585.283447265625,25100,0.0,0.0
2017-06-26 00:00:00+09:00,2570.3341989973633,2601.1669974586184,2570.3341989973633,2596.495361328125,31900,0.0,0.0
2017-06-27 00:00:00+09:00,2591.823973465653,2598.3642646748312,2576.8747364161036,2592.75830078125,33100,0.0,0.0
2017-06-28 00:00:00+09:00,2591.823757111961,2591.823757111961,2567.5312489342714,2568.465576171875,32200,0.0,0.0
2017-06-29 00:00:00+09:00,2568.465595481423,2578.743195172327,2548.844723344242,2551.647705078125,28500,0.0,0.0
2017-06-30 00:00:00+09:00,2554.450434550703,2564.7280332266564,2517.077348456325,2559.1220703125,71300,0.0,0.0
2017-07-03 00:00:00+09:00,2562.859866756244,2578.7434313697536,2555.3852481145927,2560.056884765625,38400,0.0,0.0
2017-07-04 00:00:00+09:00,2560.9907483741945,2561.925075535221,2533.89526070442,2536.6982421875,33100,0.0,0.0
2017-07-05 00:00:00+09:00,2532.0268414819934,2546.976077446463,2514.2746237741862,2544.173095703125,36500,0.0,0.0
2017-07-06 00:00:00+09:00,2539.501730143229,2545.107694227431,2516.143546459057,2522.683837890625,31100,0.0,0.0
2017-07-07 00:00:00+09:00,2507.734134867654,2520.8147153028804,2501.193844650041,2503.996826171875,43200,0.0,0.0
2017-07-10 00:00:00+09:00,2532.026641390217,2532.026641390217,2503.996826171875,2503.996826171875,22200,0.0,0.0
2017-07-11 00:00:00+09:00,2501.1943089011866,2522.683837890625,2491.851035427517,2522.683837890625,29000,0.0,0.0
2017-07-12 00:00:00+09:00,2513.3400979113226,2517.0774066071012,2489.0475913887594,2503.996826171875,35600,0.0,0.0
2017-07-13 00:00:00+09:00,2502.1286538349627,2512.4062547282356,2490.916725587756,2508.6689453125,15800,0.0,0.0
2017-07-14 00:00:00+09:00,2512.405976735088,2539.5014670011046,2512.405976735088,2537.6328125,28800,0.0,0.0
2017-07-17 00:00:00+09:00,2537.6328125,2537.6328125,2537.6328125,2537.6328125,0,0.0,0.0
2017-07-18 00:00:00+09:00,2541.370378927911,2541.370378927911,2505.865939810536,2527.35546875,37000,0.0,0.0
2017-07-19 00:00:00+09:00,2522.683356590002,2534.829609788398,2513.3400848989277,2516.14306640625,21600,0.0,0.0
2017-07-20 00:00:00+09:00,2516.1433072868367,2522.683598096717,2499.325416632859,2518.9462890625,37900,0.0,0.0
2017-07-21 00:00:00+09:00,2512.4062488201384,2513.340576171875,2503.9973026545076,2513.340576171875,21300,0.0,0.0
2017-07-24 00:00:00+09:00,2506.7997947151757,2516.14306640625,2491.8505600094572,2516.14306640625,28300,0.0,0.0
2017-07-25 00:00:00+09:00,2516.1435406076707,2527.35546875,2499.3256483941773,2527.35546875,26600,0.0,0.0
2017-07-26 00:00:00+09:00,2518.9462836391613,2529.223883461131,2513.340320099905,2523.617919921875,21600,0.0,0.0
2017-07-27 00:00:00+09:00,2518.9455477119504,2537.6320873834043,2515.20823977766,2529.22314453125,33300,0.0,0.0
2017-07-28 00:00:00+09:00,2528.2890445879952,2607.7068453233906,2522.6830821831436,2546.9755859375,62900,0.0,0.0
2017-07-31 00:00:00+09:00,2574.071558949189,2601.1670490433908,2546.976068854987,2551.647705078125,70700,0.0,0.0
2017-08-01 00:00:00+09:00,2551.647931881743,2565.662841796875,2546.04196791569,2565.662841796875,41100,0.0,0.0
2017-08-02 00:00:00+09:00,2575.0058786351806,2579.677514844606,2555.385006555595,2558.18798828125,40500,0.0,0.0
2017-08-03 00:00:00+09:00,2558.18798828125,2573.1372241514105,2544.173079652974,2558.18798828125,34500,0.0,0.0
2017-08-04 00:00:00+09:00,2533.895021333026,2550.7129086427585,2529.2233859692114,2532.0263671875,36400,0.0,0.0
2017-08-07 00:00:00+09:00,2536.698475576978,2554.4506932697823,2534.829821082999,2546.041748046875,38600,0.0,0.0
2017-08-08 00:00:00+09:00,2551.6477061512705,2558.187996866415,2543.238760946085,2550.71337890625,19100,0.0,0.0
2017-08-09 00:00:00+09:00,2542.3042271412573,2553.516153170546,2503.062486038746,2516.14306640625,61600,0.0,0.0
2017-08-10 00:00:00+09:00,2506.800247495092,2546.97632302334,2506.800247495092,2543.239013671875,35400,0.0,0.0
2017-08-11 00:00:00+09:00,2543.239013671875,2543.239013671875,2543.239013671875,2543.239013671875,0,0.0,0.0
2017-08-14 00:00:00+09:00,2532.9607336375434,2537.6323690739828,2491.850341796875,2491.850341796875,63800,0.0,0.0
2017-08-15 00:00:00+09:00,2501.193846653432,2512.4057727497493,2494.6535564305805,2502.128173828125,38800,0.0,0.0
2017-08-16 00:00:00+09:00,2502.1279536228553,2502.1279536228553,2473.163813756422,2477.83544921875,52800,0.0,0.0
2017-08-17 00:00:00+09:00,2477.835939711085,2489.9821943175116,2474.098630601415,2475.96728515625,23200,0.0,0.0
2017-08-18 00:00:00+09:00,2475.966806122751,2486.244404185902,2461.9518996729994,2466.62353515625,65200,0.0,0.0
2017-08-21 00:00:00+09:00,2462.8864374356995,2503.0625060281636,2458.214801552855,2497.45654296875,76500,0.0,0.0
2017-08-22 00:00:00+09:00,2496.522464230517,2515.2090096214642,2487.1791915350436,2493.719482421875,48500,0.0,0.0
2017-08-23 00:00:00+09:00,2502.127922416,2509.6025390625,2480.638399557311,2509.6025390625,63300,0.0,0.0
2017-08-24 00:00:00+09:00,2504.931630006244,2516.143558227085,2500.2599932475605,2513.340576171875,34500,0.0,0.0
2017-08-25 00:00:00+09:00,2513.340060224947,2544.1728565027997,2503.0624614656626,2539.501220703125,62000,0.0,0.0
2017-08-28 00:00:00+09:00,2544.173095703125,2555.3850226764766,2513.3402965264067,2544.173095703125,135800,0.0,0.0
2017-08-29 00:00:00+09:00,2529.2240760175314,2565.662841796875,2529.2240760175314,2565.662841796875,101400,0.0,0.0
2017-08-30 00:00:00+09:00,2569.3996320922984,2603.9697362331767,2559.122033563929,2594.62646484375,134000,0.0,0.0
2017-08-31 00:00:00+09:00,2589.0205010454633,2605.838389540165,2586.2175196296794,2595.560791015625,62700,0.0,0.0
2017-09-01 00:00:00+09:00,2603.9699686022377,2615.1818952700623,2598.3640052683254,2605.838623046875,49300,0.0,0.0
2017-09-04 00:00:00+09:00,2607.707317988771,2610.5102996992573,2566.5969195683106,2570.334228515625,118000,0.0,0.0
2017-09-05 00:00:00+09:00,2571.2678629256106,2580.611132776358,2523.6171866868003,2524.551513671875,87600,0.0,0.0
2017-09-06 00:00:00+09:00,2549.7789969207743,2603.969975968559,2546.0416880209273,2599.29833984375,95000,0.0,0.0
2017-09-07 00:00:00+09:00,2614.247310619368,2629.1965447043967,2610.510002098111,2617.984619140625,106200,0.0,0.0
2017-09-08 00:00:00+09:00,2604.9043191097085,2618.919227569768,2581.5461383429424,2585.283447265625,107400,0.0,0.0
2017-09-11 00:00:00+09:00,2605.838665676013,2616.116265289651,2565.6625944590646,2568.465576171875,43100,0.0,0.0
2017-09-12 00:00:00+09:00,2575.9397061531613,2579.677014395676,2558.1874920012174,2566.596435546875,53500,0.0,0.0
2017-09-13 00:00:00+09:00,2566.5973997119545,2587.152602767529,2566.5973997119545,2575.940673828125,42600,0.0,0.0
2017-09-14 00:00:00+09:00,2589.9550887321234,2594.6267248950603,2576.874507475901,2580.61181640625,51600,0.0,0.0
2017-09-15 00:00:00+09:00,2575.939939459496,2586.217538057267,2548.844452247191,2577.80859375,181700,0.0,0.0
2017-09-18 00:00:00+09:00,2577.80859375,2577.80859375,2577.80859375,2577.80859375,0,0.0,0.0
2017-09-19 00:00:00+09:00,2577.8085525371107,2618.9189462709396,2570.3339354945965,2617.984619140625,134000,0.0,0.0
2017-09-20 00:00:00+09:00,2617.9846258665025,2618.9189529992173,2605.838373141212,2611.4443359375,114300,0.0,0.0
2017-09-21 00:00:00+09:00,2616.11624480672,2616.11624480672,2579.6774828254834,2586.2177734375,130500,0.0,0.0
2017-09-22 00:00:00+09:00,2583.4147896336303,2599.298352535537,2569.399881190772,2588.08642578125,129700,0.0,0.0
2017-09-25 00:00:00+09:00,2606.7726859639124,2629.1965370259672,2598.363741815642,2625.459228515625,197700,0.0,0.0
2017-09-26 00:00:00+09:00,2627.3281063659456,2700.205628519766,2626.393779158845,2644.14599609375,207500,0.0,0.0
2017-09-27 00:00:00+09:00,2622.587220154591,2633.834913736383,2553.226443066871,2559.78759765625,264800,9.0,0.0
2017-09-28 00:00:00+09:00,2570.098998978805,2583.2213133426644,2549.4782192641683,2563.537841796875,59300,0.0,0.0
2017-09-29 00:00:00+09:00,2582.2837776206325,2582.2837776206325,2560.725691636867,2571.973388671875,50300,0.0,0.0
2017-10-02 00:00:00+09:00,2571.9735450758617,2572.910853219111,2551.3527659243787,2556.039306640625,46800,0.0,0.0
2017-10-03 00:00:00+09:00,2567.2864093382136,2573.8475648202752,2550.4148666700544,2557.913330078125,48500,0.0,0.0
2017-10-04 00:00:00+09:00,2567.2867574273464,2572.9106057459167,2541.97943999378,2542.916748046875,42200,0.0,0.0
2017-10-05 00:00:00+09:00,2542.9163157406397,2562.5997815093656,2541.979007846891,2555.101318359375,31000,0.0,0.0
2017-10-06 00:00:00+09:00,2571.9732976928217,2571.9732976928217,2539.1675158344947,2542.916748046875,35800,0.0,0.0
2017-10-09 00:00:00+09:00,2542.916748046875,2542.916748046875,2542.916748046875,2542.916748046875,0,0.0,0.0
2017-10-10 00:00:00+09:00,2539.1676201449245,2555.101857702128,2535.418387778524,2541.042236328125,30400,0.0,0.0
2017-10-11 00:00:00+09:00,2541.0416599651207,2545.7281993601136,2534.4805048121307,2538.229736328125,34400,0.0,0.0
2017-10-12 00:00:00+09:00,2552.289917618189,2561.6629984761335,2540.1049125028617,2558.85107421875,33700,0.0,0.0
2017-10-13 00:00:00+09:00,2540.104563687109,2554.164183043311,2538.229947772949,2547.60302734375,49500,0.0,0.0
2017-10-16 00:00:00+09:00,2547.6031316158874,2561.6627515475425,2545.728515625,2545.728515625,36400,0.0,0.0
2017-10-17 00:00:00+09:00,2543.853772901206,2546.6656967474487,2522.295690080009,2526.044921875,60300,0.0,0.0
2017-10-18 00:00:00+09:00,2521.358747028169,2526.045287450155,2506.361817677816,2519.484130859375,85200,0.0,0.0
2017-10-19 00:00:00+09:00,2519.4841466841513,2519.4841466841513,2496.9887525173285,2501.67529296875,71100,0.0,0.0
2017-10-20 00:00:00+09:00,2483.8661259791315,2496.0511296160103,2474.4930462584553,2494.176513671875,57400,0.0,0.0
2017-10-23 00:00:00+09:00,2502.612392369879,2510.1108564668675,2484.803540139532,2505.42431640625,59700,0.0,0.0
2017-10-24 00:00:00+09:00,2515.7345437665554,2581.3461004221663,2511.0480040054404,2565.411865234375,99800,0.0,0.0
2017-10-25 00:00:00+09:00,2555.101786679442,2560.7256350727203,2525.107928581958,2533.543701171875,58400,0.0,0.0
2017-10-26 00:00:00+09:00,2528.8569832772314,2528.8569832772314,2512.9227472817856,2514.79736328125,46300,0.0,0.0
2017-10-27 00:00:00+09:00,2508.23643384661,2533.543752125331,2508.23643384661,2519.484130859375,50700,0.0,0.0
2017-10-30 00:00:00+09:00,2528.857491347369,2574.7855925616095,2522.296334031049,2549.478271484375,130900,0.0,0.0
2017-10-31 00:00:00+09:00,2558.8508656187137,2564.4747136750184,2537.292781402878,2562.60009765625,40800,0.0,0.0
2017-11-01 00:00:00+09:00,2572.910713789105,2574.7853299740154,2554.1645519400045,2567.286865234375,48100,0.0,0.0
2017-11-02 00:00:00+09:00,2567.2868158417627,2594.46875,2549.4779624277458,2594.46875,58000,0.0,0.0
2017-11-03 00:00:00+09:00,2594.46875,2594.46875,2594.46875,2594.46875,0,0.0,0.0
2017-11-06 00:00:00+09:00,2594.4684921062076,2615.089267693757,2594.4684921062076,2612.27734375,66600,0.0,0.0
2017-11-07 00:00:00+09:00,2596.343108068712,2612.27734375,2587.9073362374415,2612.27734375,40300,0.0,0.0
2017-11-08 00:00:00+09:00,2592.594656279593,2614.1527463354246,2581.3469571200285,2598.218505859375,44800,0.0,0.0
2017-11-09 00:00:00+09:00,2590.7196915336276,2609.465854279891,2565.4123718261717,2586.970458984375,59000,0.0,0.0
2017-11-10 00:00:00+09:00,2550.4154577811296,2569.161620646114,2547.603533351382,2556.039306640625,47300,0.0,0.0
2017-11-13 00:00:00+09:00,2556.039428800695,2562.600586117015,2546.666346920238,2549.478271484375,25200,0.0,0.0
2017-11-14 00:00:00+09:00,2550.415193817319,2553.227117956037,2531.669032892532,2534.48095703125,27600,0.0,0.0
2017-11-15 00:00:00+09:00,2532.606333568377,2541.9794140034933,2475.4305429141687,2481.99169921875,95700,0.0,0.0
2017-11-16 00:00:00+09:00,2481.99149079704,2496.98841823388,2470.74379521941,2485.74072265625,40600,0.0,0.0
2017-11-17 00:00:00+09:00,2495.1139448586255,2514.7974132440613,2487.6154807117923,2500.73779296875,41400,0.0,0.0
2017-11-20 00:00:00+09:00,2483.866213320254,2498.863141400678,2469.8065932448562,2496.988525390625,46600,0.0,0.0
2017-11-21 00:00:00+09:00,2483.8663721847106,2536.355623823331,2480.117139924809,2520.42138671875,53800,0.0,0.0
2017-11-22 00:00:00+09:00,2540.1045181365785,2540.1045181365785,2499.800276704891,2504.48681640625,38500,0.0,0.0
2017-11-23 00:00:00+09:00,2504.48681640625,2504.48681640625,2504.48681640625,2504.48681640625,0,0.0,0.0
2017-11-24 00:00:00+09:00,2504.487045940171,2526.982438568376,2502.612429887821,2522.2958984375,24600,0.0,0.0
2017-11-27 00:00:00+09:00,2546.666276958627,2546.666276958627,2517.6097239274463,2528.857421875,29700,0.0,0.0
2017-11-28 00:00:00+09:00,2517.609514690581,2533.543752125331,2515.734898521787,2519.484130859375,25900,0.0,0.0
2017-11-29 00:00:00+09:00,2545.728582274666,2545.728582274666,2521.3585737551,2526.982421875,22600,0.0,0.0
2017-11-30 00:00:00+09:00,2526.0447895312213,2556.0386423197183,2521.3582500330185,2550.414794921875,37700,0.0,0.0
2017-12-01 00:00:00+09:00,2556.9762995931405,2566.3493798702416,2538.230139038939,2548.54052734375,34600,0.0,0.0
2017-12-04 00:00:00+09:00,2568.2237727793354,2586.969931704732,2565.411848940526,2570.098388671875,48000,0.0,0.0
2017-12-05 00:00:00+09:00,2569.161725561585,2593.53173828125,2555.1021028387017,2593.53173828125,36300,0.0,0.0
2017-12-06 00:00:00+09:00,2590.7191964592103,2600.09227604119,2555.101494047687,2560.725341796875,43300,0.0,0.0
2017-12-07 00:00:00+09:00,2572.910328852159,2602.9041833232955,2550.414937998807,2565.411865234375,59700,0.0,0.0
2017-12-08 00:00:00+09:00,2530.7318328768447,2579.47185336188,2530.7318328768447,2571.973388671875,57700,0.0,0.0
2017-12-11 00:00:00+09:00,2571.973493911012,2586.0331157800592,2568.2242614126,2583.22119140625,29600,0.0,0.0
2017-12-12 00:00:00+09:00,2586.0326237584623,2592.593779382351,2567.2864648330656,2570.098388671875,36900,0.0,0.0
2017-12-13 00:00:00+09:00,2572.910713789105,2576.6599461589253,2557.913784309824,2567.286865234375,39500,0.0,0.0
2017-12-14 00:00:00+09:00,2572.9101602319965,2597.280165392664,2571.9728523412014,2586.032470703125,41900,0.0,0.0
2017-12-15 00:00:00+09:00,2577.5974991953153,2601.96751191498,2569.161725561585,2593.53173828125,43600,0.0,0.0
2017-12-18 00:00:00+09:00,2601.0293969558434,2607.590552191408,2585.0951628123303,2586.032470703125,32900,0.0,0.0
2017-12-19 00:00:00+09:00,2593.531632822476,2596.3435572527133,2569.16162109375,2569.16162109375,26500,0.0,0.0
2017-12-20 00:00:00+09:00,2568.224259989003,2568.224259989003,2550.4154056314146,2556.9765625,29000,0.0,0.0
2017-12-21 00:00:00+09:00,2556.9765282596786,2573.848074267257,2546.666139032825,2566.349609375,35700,0.0,0.0
2017-12-22 00:00:00+09:00,2571.973388671875,2579.47185336188,2565.4122320681204,2571.973388671875,26900,0.0,0.0
2017-12-25 00:00:00+09:00,2571.9732155023617,2582.283603756927,2571.9732155023617,2579.4716796875,27400,0.0,0.0
2017-12-26 00:00:00+09:00,2582.283849047304,2594.4688545056038,2582.283849047304,2592.59423828125,26200,0.0,0.0
2017-12-27 00:00:00+09:00,2594.4685814350037,2628.211669921875,2594.4685814350037,2628.211669921875,40400,0.0,0.0
2017-12-28 00:00:00+09:00,2615.088830908168,2628.2111404539437,2606.6530604858835,2611.339599609375,28200,0.0,0.0
2017-12-29 00:00:00+09:00,2611.339807769534,2615.089039367193,2603.841344574216,2607.590576171875,10900,0.0,0.0
2018-01-01 00:00:00+09:00,2607.590576171875,2607.590576171875,2607.590576171875,2607.590576171875,0,0.0,0.0
2018-01-02 00:00:00+09:00,2607.590576171875,2607.590576171875,2607.590576171875,2607.590576171875,0,0.0,0.0
2018-01-03 00:00:00+09:00,2607.590576171875,2607.590576171875,2607.590576171875,2607.590576171875,0,0.0,0.0
2018-01-04 00:00:00+09:00,2612.2771156689487,2612.2771156689487,2592.5936497812386,2607.590576171875,28800,0.0,0.0
2018-01-05 00:00:00+09:00,2618.838535310205,2618.838535310205,2599.155067435647,2616.026611328125,26500,0.0,0.0
2018-01-08 00:00:00+09:00,2616.026611328125,2616.026611328125,2616.026611328125,2616.026611328125,0,0.0,0.0
2018-01-09 00:00:00+09:00,2606.6538959371633,2615.0896690631735,2600.0927390613774,2609.4658203125,24900,0.0,0.0
2018-01-10 00:00:00+09:00,2611.340821545534,2617.9019793886127,2597.281197596078,2598.218505859375,18400,0.0,0.0
2018-01-11 00:00:00+09:00,2596.3434707299575,2607.59116807608,2571.9734598133587,2592.59423828125,34000,0.0,0.0
2018-01-12 00:00:00+09:00,2583.221366254021,2583.221366254021,2543.8544223561007,2549.478271484375,66600,0.0,0.0
2018-01-15 00:00:00+09:00,2558.8509512070214,2569.161339655108,2552.289794921875,2552.289794921875,26800,0.0,0.0
2018-01-16 00:00:00+09:00,2554.1644110033453,2562.600183369962,2552.289794921875,2552.289794921875,30300,0.0,0.0
2018-01-17 00:00:00+09:00,2545.72860326062,2558.850915648561,2542.916679177489,2548.54052734375,23500,0.0,0.0
2018-01-18 00:00:00+09:00,2568.2241882188882,2569.1614963167785,2535.4184047927347,2536.355712890625,43300,0.0,0.0
2018-01-19 00:00:00+09:00,2541.979387838522,2556.9763163803427,2541.979387838522,2543.85400390625,32800,0.0,0.0
2018-01-22 00:00:00+09:00,2543.8535836021165,2545.7281993601136,2531.668581175135,2538.229736328125,40500,0.0,0.0
2018-01-23 00:00:00+09:00,2552.289742759671,2557.913590889145,2545.7285866086177,2553.22705078125,28200,0.0,0.0
2018-01-24 00:00:00+09:00,2545.728761017628,2565.412230819311,2545.728761017628,2558.85107421875,21000,0.0,0.0
2018-01-25 00:00:00+09:00,2558.8505096660933,2558.8505096660933,2536.355120570128,2538.229736328125,47500,0.0,0.0
2018-01-26 00:00:00+09:00,2537.293020988515,2554.164566750537,2536.355712890625,2536.355712890625,36800,0.0,0.0
2018-01-29 00:00:00+09:00,2544.7912764320513,2553.227048619119,2535.4181962241987,2540.104736328125,25400,0.0,0.0
2018-01-30 00:00:00+09:00,2540.104352086122,2553.2266623921023,2537.2924284491264,2538.229736328125,60100,0.0,0.0
2018-01-31 00:00:00+09:00,2538.230099131815,2549.477795287495,2516.6720148334284,2518.546630859375,70400,0.0,0.0
2018-02-01 00:00:00+09:00,2526.0452411700253,2576.659876800148,2520.4213927666783,2572.91064453125,69500,0.0,0.0
2018-02-02 00:00:00+09:00,2569.1612748515145,2589.782051227557,2562.6001187318643,2584.158203125,53800,0.0,0.0
2018-02-05 00:00:00+09:00,2537.2932130691556,2571.0363071476518,2537.2932130691556,2563.537841796875,46100,0.0,0.0
2018-02-06 00:00:00+09:00,2505.424372558594,2531.6689974862556,2478.242439597801,2530.731689453125,101700,0.0,0.0
2018-02-07 00:00:00+09:00,2577.5970549540984,2603.8416795136313,2525.1078058350336,2526.982421875,87900,0.0,0.0
2018-02-08 00:00:00+09:00,2528.8572311373227,2556.9764738853282,2528.8572311373227,2541.042236328125,40900,0.0,0.0
2018-02-09 00:00:00+09:00,2521.3587833243832,2552.2899505547566,2509.173778051812,2536.355712890625,44900,0.0,0.0
2018-02-12 00:00:00+09:00,2536.355712890625,2536.355712890625,2536.355712890625,2536.355712890625,0,0.0,0.0
2018-02-13 00:00:00+09:00,2548.5405231704062,2548.5405231704062,2519.4839743589746,2522.2958984375,60600,0.0,0.0
2018-02-14 00:00:00+09:00,2524.1706871355727,2535.418384218984,2496.0514444270443,2501.67529296875,53800,0.0,0.0
2018-02-15 00:00:00+09:00,2514.7971874489285,2528.8568064618744,2503.5494922385715,2509.17333984375,43700,0.0,0.0
2018-02-16 00:00:00+09:00,2522.2959357480277,2560.7255653896736,2522.2959357480277,2539.16748046875,46000,0.0,0.0
2018-02-19 00:00:00+09:00,2561.6630859375,2566.3496265264816,2549.478080406147,2561.6630859375,55300,0.0,0.0
2018-02-20 00:00:00+09:00,2567.286637703171,2568.223945712555,2544.791245477951,2562.60009765625,25300,0.0,0.0
2018-02-21 00:00:00+09:00,2565.4122490494647,2594.4687999155713,2553.2272438475493,2567.286865234375,46900,0.0,0.0
2018-02-22 00:00:00+09:00,2559.7883823045445,2568.2241550766944,2540.1049125028617,2558.85107421875,24500,0.0,0.0
2018-02-23 00:00:00+09:00,2565.4121074921673,2569.161339655108,2548.5405627589344,2552.289794921875,40600,0.0,0.0
2018-02-26 00:00:00+09:00,2558.8512310703727,2563.5377717866186,2547.603533351382,2556.039306640625,67200,0.0,0.0
2018-02-27 00:00:00+09:00,2565.4122478856075,2565.4122478856075,2534.4810808486236,2554.16455078125,90700,0.0,0.0
2018-02-28 00:00:00+09:00,2554.164638127749,2574.7854168575877,2554.164638127749,2556.9765625,89100,0.0,0.0
2018-03-01 00:00:00+09:00,2540.1048576307,2551.352554417256,2527.9198527785966,2533.543701171875,81700,0.0,0.0
2018-03-02 00:00:00+09:00,2522.2961093965814,2549.4780444290977,2521.358801292012,2544.79150390625,85800,0.0,0.0
2018-03-05 00:00:00+09:00,2530.731560202206,2583.22080737677,2529.794252216946,2581.34619140625,96500,0.0,0.0
2018-03-06 00:00:00+09:00,2596.342833665255,2659.14246177196,2580.4085996680315,2621.650146484375,193600,0.0,0.0
2018-03-07 00:00:00+09:00,2616.9639383370536,2661.017414376395,2613.214706333705,2624.46240234375,206800,0.0,0.0
2018-03-08 00:00:00+09:00,2616.0270107016454,2617.9016269758854,2566.349679434291,2573.84814453125,137400,0.0,0.0
2018-03-09 00:00:00+09:00,2577.5970593423044,2595.405911752306,2542.9166625438806,2553.22705078125,107200,0.0,0.0
2018-03-12 00:00:00+09:00,2568.2244352452894,2568.2244352452894,2532.606724099552,2549.478271484375,130500,0.0,0.0
2018-03-13 00:00:00+09:00,2549.477874522901,2578.534423828125,2538.2301780176526,2578.534423828125,82500,0.0,0.0
2018-03-14 00:00:00+09:00,2571.973528787364,2590.7196915336276,2565.4123718261717,2586.970458984375,83300,0.0,0.0
2018-03-15 00:00:00+09:00,2613.214508243865,2613.214508243865,2571.035651403487,2597.2802734375,98700,0.0,0.0
2018-03-16 00:00:00+09:00,2597.280325526709,2602.904173218214,2578.534166555026,2596.343017578125,129900,0.0,0.0
2018-03-19 00:00:00+09:00,2591.6568058757402,2591.6568058757402,2555.1017912539846,2572.91064453125,186000,0.0,0.0
2018-03-20 00:00:00+09:00,2568.224156326872,2573.848004844376,2556.0391512056135,2571.973388671875,99300,0.0,0.0
2018-03-21 00:00:00+09:00,2571.973388671875,2571.973388671875,2571.973388671875,2571.973388671875,0,0.0,0.0
2018-03-22 00:00:00+09:00,2589.7820345735654,2595.4058826399573,2575.7224144075853,2588.8447265625,176200,0.0,0.0
2018-03-23 00:00:00+09:00,2569.1615681130866,2574.7854168575877,2554.164638127749,2556.9765625,119600,0.0,0.0
2018-03-26 00:00:00+09:00,2554.164620995129,2562.6003940552964,2536.3557667569976,2561.6630859375,157800,0.0,0.0
2018-03-27 00:00:00+09:00,2583.220928512923,2620.7132496814706,2567.2866920162905,2574.78515625,257500,0.0,0.0
2018-03-28 00:00:00+09:00,2563.4880105762218,2587.964943471918,2535.245395696572,2581.375,249700,12.0,0.0
2018-03-29 00:00:00+09:00,2587.0235675429744,2594.554931640625,2576.667941908705,2594.554931640625,58900,0.0,0.0
2018-03-30 00:00:00+09:00,2583.258286372951,2599.2624375640366,2571.9612384733605,2584.19970703125,95200,0.0,0.0
2018-04-02 00:00:00+09:00,2584.1999118610966,2585.141332594015,2553.133027674788,2555.015869140625,39100,0.0,0.0
2018-04-03 00:00:00+09:00,2551.2495320638022,2608.6761820475263,2539.9524861653645,2598.320556640625,118900,0.0,0.0
2018-04-04 00:00:00+09:00,2605.852098410088,2688.697107319079,2605.852098410088,2683.048583984375,180100,0.0,0.0
2018-04-05 00:00:00+09:00,2701.8768709058204,2774.3662503691476,2701.8768709058204,2739.53369140625,141600,0.0,0.0
2018-04-06 00:00:00+09:00,2734.826973969082,2814.8477288012236,2724.4713468731575,2794.136474609375,132600,0.0,0.0
2018-04-09 00:00:00+09:00,2767.7766395866634,2813.906250246441,2759.3038539552754,2797.902099609375,92100,0.0,0.0
2018-04-10 00:00:00+09:00,2750.8305351643126,2787.5459324508997,2730.1192854129044,2736.709228515625,87000,0.0,0.0
2018-04-11 00:00:00+09:00,2736.7097314196585,2736.7097314196585,2662.3375027364273,2687.755859375,60500,0.0,0.0
2018-04-12 00:00:00+09:00,2664.2198996569114,2702.818138485863,2663.2784791976687,2668.927001953125,39100,0.0,0.0
2018-04-13 00:00:00+09:00,2668.926996723408,2676.458360382592,2629.387337512691,2636.918701171875,33500,0.0,0.0
2018-04-16 00:00:00+09:00,2638.801887825153,2664.220243505238,2635.977626082921,2662.33740234375,35300,0.0,0.0
2018-04-17 00:00:00+09:00,2662.3378056914494,2668.927750755042,2649.157915564264,2651.982177734375,23400,0.0,0.0
2018-04-18 00:00:00+09:00,2654.8060084457206,2677.4001021346203,2644.4503821716416,2648.216064453125,27100,0.0,0.0
2018-04-19 00:00:00+09:00,2657.6303137504974,2664.220257851189,2642.567584377487,2661.39599609375,27900,0.0,0.0
2018-04-20 00:00:00+09:00,2656.6888065338135,2675.5172176361084,2648.2160215377808,2651.040283203125,30400,0.0,0.0
2018-04-23 00:00:00+09:00,2651.0400080328454,2656.6885307772336,2629.387337512691,2636.918701171875,35600,0.0,0.0
2018-04-24 00:00:00+09:00,2633.1535637590505,2652.9233974519143,2623.739357238639,2649.15771484375,30200,0.0,0.0
2018-04-25 00:00:00+09:00,2629.38780980484,2657.630428599736,2629.38780980484,2653.86474609375,26100,0.0,0.0
2018-04-26 00:00:00+09:00,2657.630428341111,2674.5759996163997,2644.450539571442,2669.868896484375,31900,0.0,0.0
2018-04-27 00:00:00+09:00,2702.8183279007244,2702.8183279007244,2657.630142690263,2672.69287109375,35400,0.0,0.0
2018-04-30 00:00:00+09:00,2672.69287109375,2672.69287109375,2672.69287109375,2672.69287109375,0,0.0,0.0
2018-05-01 00:00:00+09:00,2672.6932015841476,2678.3417254339206,2659.5133126013448,2667.044677734375,23400,0.0,0.0
2018-05-02 00:00:00+09:00,2673.634854371894,2673.634854371894,2634.095183990338,2651.982177734375,40500,0.0,0.0
2018-05-03 00:00:00+09:00,2651.982177734375,2651.982177734375,2651.982177734375,2651.982177734375,0,0.0,0.0
2018-05-04 00:00:00+09:00,2651.982177734375,2651.982177734375,2651.982177734375,2651.982177734375,0,0.0,0.0
2018-05-07 00:00:00+09:00,2651.040341109933,2663.27880859375,2646.3332382315416,2663.27880859375,23900,0.0,0.0
2018-05-08 00:00:00+09:00,2667.9855788957148,2701.8767153954486,2646.3329083542185,2652.9228515625,61900,0.0,0.0
2018-05-09 00:00:00+09:00,2668.9270469421836,2685.8726154941974,2651.040057915058,2682.10693359375,73100,0.0,0.0
2018-05-10 00:00:00+09:00,2661.395869855183,2702.8183736661585,2661.395869855183,2701.876953125,32500,0.0,0.0
2018-05-11 00:00:00+09:00,2703.759784897074,2767.776381475417,2699.9941027454065,2766.8349609375,77600,0.0,0.0
2018-05-14 00:00:00+09:00,2777.1905279778816,2781.8976305676747,2747.0650714032063,2754.596435546875,96700,0.0,0.0
2018-05-15 00:00:00+09:00,2758.362218872403,2780.9563121327915,2758.362218872403,2764.0107421875,58100,0.0,0.0
2018-05-16 00:00:00+09:00,2777.1907030591274,2795.0776940279825,2775.307861904511,2791.31201171875,40300,0.0,0.0
2018-05-17 00:00:00+09:00,2814.847453033726,2814.847453033726,2780.014892578125,2780.014892578125,31300,0.0,0.0
2018-05-18 00:00:00+09:00,2788.4878647991,2801.6677534240785,2771.542293709841,2783.78076171875,29800,0.0,0.0
2018-05-21 00:00:00+09:00,2783.7802450548115,2795.077290350942,2778.131722406746,2785.6630859375,25200,0.0,0.0
2018-05-22 00:00:00+09:00,2779.073443448604,2784.7219667076456,2765.893555844173,2781.897705078125,17100,0.0,0.0
2018-05-23 00:00:00+09:00,2779.0731428480904,2788.4873472615327,2765.8932566692715,2785.6630859375,28600,0.0,0.0
2018-05-24 00:00:00+09:00,2791.3120544122717,2801.6676809210526,2772.483642578125,2772.483642578125,24100,0.0,0.0
2018-05-25 00:00:00+09:00,2767.77655369192,2772.4836566743893,2752.7138241480184,2755.5380859375,16900,0.0,0.0
2018-05-28 00:00:00+09:00,2742.3583121226234,2761.186724838879,2742.3583121226234,2748.0068359375,25000,0.0,0.0
2018-05-29 00:00:00+09:00,2764.951901788581,2775.307526888913,2744.2406515879175,2748.94775390625,32800,0.0,0.0
2018-05-30 00:00:00+09:00,2744.2409229508685,2745.1823435076267,2720.705409031907,2731.06103515625,32500,0.0,0.0
2018-05-31 00:00:00+09:00,2741.416805387409,2746.1239084186377,2716.939869625022,2721.64697265625,54200,0.0,0.0
2018-06-01 00:00:00+09:00,2715.998591270905,2747.0654729041594,2712.232908648692,2744.2412109375,35200,0.0,0.0
2018-06-04 00:00:00+09:00,2742.3581547968215,2768.7179310873507,2739.533893051408,2758.3623046875,49500,0.0,0.0
2018-06-05 00:00:00+09:00,2749.8891147210666,2749.8891147210666,2729.1778649696585,2736.709228515625,38400,0.0,0.0
2018-06-06 00:00:00+09:00,2730.119901104202,2753.6554174930316,2726.35421848199,2744.2412109375,35900,0.0,0.0
2018-06-07 00:00:00+09:00,2753.6553456789043,2753.6553456789043,2728.2369886418683,2732.944091796875,18300,0.0,0.0
2018-06-08 00:00:00+09:00,2718.8225516474895,2736.7095421188546,2699.994140625,2699.994140625,69100,0.0,0.0
2018-06-11 00:00:00+09:00,2716.9396817835363,2733.8852515243902,2700.9355325838415,2701.876953125,30000,0.0,0.0
2018-06-12 00:00:00+09:00,2695.28700933689,2717.881102324695,2695.28700933689,2701.876953125,30600,0.0,0.0
2018-06-13 00:00:00+09:00,2711.2913459875476,2734.8268611436897,2711.2913459875476,2721.64697265625,30200,0.0,0.0
2018-06-14 00:00:00+09:00,2720.7053365473025,2729.178121332398,2711.2911312305296,2719.763916015625,17000,0.0,0.0
2018-06-15 00:00:00+09:00,2726.3541045547527,2734.8268901006754,2700.935747916984,2703.760009765625,37200,0.0,0.0
2018-06-18 00:00:00+09:00,2710.3499976715902,2712.2328389343006,2680.2245374682243,2684.931640625,27700,0.0,0.0
2018-06-19 00:00:00+09:00,2679.2830016614694,2681.165842843241,2650.098963344004,2660.45458984375,28500,0.0,0.0
2018-06-20 00:00:00+09:00,2660.45458984375,2681.165842843241,2645.3918603895745,2660.45458984375,39900,0.0,0.0
2018-06-21 00:00:00+09:00,2661.3959531319015,2676.4586822617603,2642.5675417195785,2664.22021484375,35400,0.0,0.0
2018-06-22 00:00:00+09:00,2645.391874910659,2685.872960540965,2645.391874910659,2675.517333984375,18800,0.0,0.0
2018-06-25 00:00:00+09:00,2685.87300379136,2685.87300379136,2630.3291877297793,2640.684814453125,32800,0.0,0.0
2018-06-26 00:00:00+09:00,2626.563720703125,2630.329403456821,2607.7353069346436,2626.563720703125,27800,0.0,0.0
2018-06-27 00:00:00+09:00,2628.446104962128,2671.7514490983235,2625.621843388028,2656.688720703125,21700,0.0,0.0
2018-06-28 00:00:00+09:00,2646.3331804275513,2651.040283203125,2626.5633487701416,2651.040283203125,33100,0.0,0.0
2018-06-29 00:00:00+09:00,2632.21147165536,2655.7469819527078,2623.738687948315,2645.391357421875,26000,0.0,0.0
2018-07-02 00:00:00+09:00,2646.333205810013,2646.333205810013,2578.5509251916137,2585.140869140625,57300,0.0,0.0
2018-07-03 00:00:00+09:00,2597.379194851864,2617.149025620943,2594.554933313424,2610.55908203125,48300,0.0,0.0
2018-07-04 00:00:00+09:00,2593.6135160842314,2650.0987469245415,2590.789254542216,2642.5673828125,36100,0.0,0.0
2018-07-05 00:00:00+09:00,2668.92733019835,2668.92733019835,2603.9693105215647,2615.266357421875,31000,0.0,0.0
2018-07-06 00:00:00+09:00,2616.2076034213705,2624.6803880312273,2580.4336239575305,2594.554931640625,37200,0.0,0.0
2018-07-09 00:00:00+09:00,2591.730652281348,2591.730652281348,2560.663775592178,2563.488037109375,35700,0.0,0.0
2018-07-10 00:00:00+09:00,2555.9565233064177,2567.2535687132968,2524.8896484375,2524.8896484375,68500,0.0,0.0
2018-07-11 00:00:00+09:00,2515.4752570131627,2539.952186909249,2512.650995871307,2521.123779296875,38500,0.0,0.0
2018-07-12 00:00:00+09:00,2521.12402105206,2552.1908965915363,2505.119873046875,2505.119873046875,41100,0.0,0.0
2018-07-13 00:00:00+09:00,2534.3039854716935,2564.4294414654137,2522.065518974245,2548.42529296875,31600,0.0,0.0
2018-07-16 00:00:00+09:00,2548.42529296875,2548.42529296875,2548.42529296875,2548.42529296875,0,0.0,0.0
2018-07-17 00:00:00+09:00,2548.4256514525873,2602.0866274898235,2546.542810188123,2572.902587890625,50900,0.0,0.0
2018-07-18 00:00:00+09:00,2578.551111328125,2614.3250953480115,2578.551111328125,2588.90673828125,33900,0.0,0.0
2018-07-19 00:00:00+09:00,2582.31636125083,2592.6719864691163,2567.253633660596,2569.136474609375,27300,0.0,0.0
2018-07-20 00:00:00+09:00,2584.199864378152,2594.5554922499773,2574.7856572219475,2589.848388671875,27800,0.0,0.0
2018-07-23 00:00:00+09:00,2582.3164204959885,2596.437727935813,2577.6093180160465,2581.375,18200,0.0,0.0
2018-07-24 00:00:00+09:00,2584.1999077276373,2603.969743087302,2578.5513833391615,2587.024169921875,22500,0.0,0.0
2018-07-25 00:00:00+09:00,2601.1448752260694,2603.027716250482,2577.609362420911,2594.554931640625,30100,0.0,0.0
2018-07-26 00:00:00+09:00,2607.734860425804,2626.5632709703946,2568.195198282164,2575.7265625,67200,0.0,0.0
2018-07-27 00:00:00+09:00,2575.7268497873215,2581.375373580715,2566.3126434649994,2572.902587890625,33800,0.0,0.0
2018-07-30 00:00:00+09:00,2574.78497581012,2584.199180474874,2510.7683840897957,2522.0654296875,81600,0.0,0.0
2018-07-31 00:00:00+09:00,2528.65576171875,2553.132697610294,2516.4172937729777,2544.659912109375,51900,0.0,0.0
2018-08-01 00:00:00+09:00,2586.082274496337,2586.082274496337,2545.6011904761904,2570.078125,41000,0.0,0.0
2018-08-02 00:00:00+09:00,2582.316881918819,2597.3796125461254,2550.308579335793,2551.25,41700,0.0,0.0
2018-08-03 00:00:00+09:00,2566.312557221869,2566.312557221869,2544.659883408185,2546.542724609375,25200,0.0,0.0
2018-08-06 00:00:00+09:00,2542.776955698717,2555.0154230900844,2533.3627500130497,2536.18701171875,27700,0.0,0.0
2018-08-07 00:00:00+09:00,2541.8355358521994,2557.83968552238,2522.0657039066823,2552.191162109375,29700,0.0,0.0
2018-08-08 00:00:00+09:00,2538.0696532842503,2566.3122681204995,2538.0696532842503,2549.36669921875,34300,0.0,0.0
2018-08-09 00:00:00+09:00,2549.3666232152855,2550.308043681761,2520.182588754549,2522.0654296875,52000,0.0,0.0
2018-08-10 00:00:00+09:00,2530.538154069767,2539.0109380677686,2506.061222519985,2509.826904296875,47500,0.0,0.0
2018-08-13 00:00:00+09:00,2509.8275526855095,2515.476076810083,2479.702090687784,2483.4677734375,51500,0.0,0.0
2018-08-14 00:00:00+09:00,2486.291578520014,2513.5927734375,2486.291578520014,2513.5927734375,24500,0.0,0.0
2018-08-15 00:00:00+09:00,2507.0026686682445,2515.4754527531168,2488.1742595907513,2491.93994140625,34200,0.0,0.0
2018-08-16 00:00:00+09:00,2480.642947938626,2480.642947938626,2442.0447085209853,2456.166015625,64900,0.0,0.0
2018-08-17 00:00:00+09:00,2456.165902184037,2465.580106485241,2451.458800033435,2463.697265625,27200,0.0,0.0
2018-08-20 00:00:00+09:00,2459.9315839045184,2463.697265625,2442.0445957322313,2463.697265625,43600,0.0,0.0
2018-08-21 00:00:00+09:00,2448.634561118208,2448.634561118208,2415.6848457629067,2429.80615234375,57700,0.0,0.0
2018-08-22 00:00:00+09:00,2430.7473708952557,2433.5716319768535,2417.5674858477987,2426.981689453125,34800,0.0,0.0
2018-08-23 00:00:00+09:00,2422.275588912758,2448.6353699036467,2421.334168163083,2441.10400390625,34800,0.0,0.0
2018-08-24 00:00:00+09:00,2442.044441768931,2478.7598362288336,2437.337339915097,2474.052734375,26500,0.0,0.0
2018-08-27 00:00:00+09:00,2479.7019762668197,2488.1747620627198,2470.2877698269303,2474.994873046875,74100,0.0,0.0
2018-08-28 00:00:00+09:00,2492.8820108163895,2492.8820108163895,2463.6979691489773,2465.580810546875,65000,0.0,0.0
2018-08-29 00:00:00+09:00,2475.9360646931123,2496.647316945298,2459.931915225514,2490.057373046875,71100,0.0,0.0
2018-08-30 00:00:00+09:00,2495.7057334153073,2498.5299949016317,2447.693288147793,2452.400390625,188900,0.0,0.0
2018-08-31 00:00:00+09:00,2456.166015625,2470.287322729015,2450.517492783394,2456.166015625,55000,0.0,0.0
2018-09-03 00:00:00+09:00,2467.4634795885736,2471.22916212133,2448.635066924792,2460.87353515625,119500,0.0,0.0
2018-09-04 00:00:00+09:00,2470.287355641802,2500.4128111984096,2459.9317302942186,2486.29150390625,150100,0.0,0.0
2018-09-05 00:00:00+09:00,2491.9401569762467,2500.412941794073,2471.228905199338,2493.822998046875,140000,0.0,0.0
2018-09-06 00:00:00+09:00,2496.6474609375,2496.6474609375,2480.643310546875,2480.643310546875,107300,0.0,0.0
2018-09-07 00:00:00+09:00,2479.7017754371805,2491.94024281785,2468.404728624255,2488.174560546875,106900,0.0,0.0
2018-09-10 00:00:00+09:00,2494.7645045210816,2507.002971901751,2488.174560546875,2488.174560546875,120200,0.0,0.0
2018-09-11 00:00:00+09:00,2510.768827593662,2510.768827593662,2493.8232562038284,2508.885986328125,82200,0.0,0.0
2018-09-12 00:00:00+09:00,2515.475670359098,2515.475670359098,2482.5259516231067,2493.822998046875,102400,0.0,0.0
2018-09-13 00:00:00+09:00,2504.1787252609065,2535.245604183316,2490.9988372332173,2503.2373046875,87500,0.0,0.0
2018-09-14 00:00:00+09:00,2519.2418148835736,2535.2459669213245,2504.179083553926,2511.71044921875,236600,0.0,0.0
2018-09-17 00:00:00+09:00,2511.71044921875,2511.71044921875,2511.71044921875,2511.71044921875,0,0.0,0.0
2018-09-18 00:00:00+09:00,2529.597325622128,2539.0115322675397,2512.651753660387,2535.245849609375,115100,0.0,0.0
2018-09-19 00:00:00+09:00,2570.0782113978134,2580.433837890625,2548.4255378219345,2580.433837890625,99000,0.0,0.0
2018-09-20 00:00:00+09:00,2580.433551043185,2585.14065347121,2561.605141331086,2583.2578125,98100,0.0,0.0
2018-09-21 00:00:00+09:00,2587.965389664447,2597.3795962474383,2574.785500448258,2584.19970703125,237500,0.0,0.0
2018-09-24 00:00:00+09:00,2584.19970703125,2584.19970703125,2584.19970703125,2584.19970703125,0,0.0,0.0
2018-09-25 00:00:00+09:00,2589.8476963888284,2599.2619010285553,2552.1908778299216,2571.019287109375,311400,0.0,0.0
2018-09-26 00:00:00+09:00,2562.5127896416034,2574.800752114986,2531.3202695168625,2566.293701171875,277400,11.0,0.0
2018-09-27 00:00:00+09:00,2569.129349272325,2574.8007164892615,2508.634765625,2508.634765625,79700,0.0,0.0
2018-09-28 00:00:00+09:00,2524.703040145131,2532.2648613061797,2491.620072565543,2523.7578125,62200,0.0,0.0
2018-10-01 00:00:00+09:00,2506.7439438603624,2549.2791917765453,2503.9082606659504,2542.66259765625,54900,0.0,0.0
2018-10-02 00:00:00+09:00,2548.334228515625,2569.1292407661235,2540.77240587908,2548.334228515625,46900,0.0,0.0
2018-10-03 00:00:00+09:00,2538.882015028393,2556.841344248624,2529.42973649143,2543.608154296875,50000,0.0,0.0
2018-10-04 00:00:00+09:00,2551.1692950177776,2587.0879438546344,2538.881336205169,2579.526123046875,98800,0.0,0.0
2018-10-05 00:00:00+09:00,2579.5266068037167,2620.171401267828,2576.690923469011,2601.266845703125,96600,0.0,0.0
2018-10-08 00:00:00+09:00,2601.266845703125,2601.266845703125,2601.266845703125,2601.266845703125,0,0.0,0.0
2018-10-09 00:00:00+09:00,2604.1026886884883,2629.6238402654717,2588.033815473351,2600.32177734375,67900,0.0,0.0
2018-10-10 00:00:00+09:00,2589.924458873233,2646.638133155129,2589.924458873233,2607.8837890625,96100,0.0,0.0
2018-10-11 00:00:00+09:00,2544.5532276863732,2588.9789341132896,2544.5532276863732,2569.129150390625,89800,0.0,0.0
2018-10-12 00:00:00+09:00,2552.115024955789,2572.910036270244,2536.9913803634586,2538.8818359375,49100,0.0,0.0
2018-10-15 00:00:00+09:00,2533.210519183635,2540.772341628959,2502.9632294023377,2506.744140625,51000,0.0,0.0
2018-10-16 00:00:00+09:00,2492.565398751873,2507.6890416718693,2473.660845101878,2484.058349609375,40400,0.0,0.0
2018-10-17 00:00:00+09:00,2500.1276092076514,2551.169912004329,2497.291925718947,2548.334228515625,35900,0.0,0.0
2018-10-18 00:00:00+09:00,2547.3888070483963,2569.129045475897,2542.6626682598094,2562.512451171875,33200,0.0,0.0
2018-10-19 00:00:00+09:00,2525.6487153029752,2608.8287628129533,2525.6487153029752,2605.0478515625,55300,0.0,0.0
2018-10-22 00:00:00+09:00,2572.909801313213,2623.952097151168,2572.909801313213,2609.773681640625,58400,0.0,0.0
2018-10-23 00:00:00+09:00,2571.964989907766,2592.7600026890855,2541.7176985894826,2543.608154296875,50700,0.0,0.0
2018-10-24 00:00:00+09:00,2544.5534050220344,2580.472063785347,2537.9368099866874,2573.85546875,29500,0.0,0.0
2018-10-25 00:00:00+09:00,2533.2107196711886,2555.8961888025724,2512.4157063007533,2517.141845703125,39100,0.0,0.0
2018-10-26 00:00:00+09:00,2506.743960955209,2532.265109878961,2485.0037229831237,2502.017822265625,51400,0.0,0.0
2018-10-29 00:00:00+09:00,2490.675093791328,2492.5655492704864,2408.4402804479328,2412.22119140625,105900,0.0,0.0
2018-10-30 00:00:00+09:00,2398.988339706206,2427.345175872946,2395.207428217307,2416.00244140625,82500,0.0,0.0
2018-10-31 00:00:00+09:00,2431.125896843112,2463.2636419802293,2422.6188466597578,2454.756591796875,35500,0.0,0.0
2018-11-01 00:00:00+09:00,2448.1401890618886,2448.1401890618886,2411.2763020451266,2416.00244140625,37400,0.0,0.0
2018-11-02 00:00:00+09:00,2422.618811768912,2422.618811768912,2397.097661586407,2421.673583984375,57400,0.0,0.0
2018-11-05 00:00:00+09:00,2406.5499891450136,2406.5499891450136,2382.9192940434323,2389.535888671875,66800,0.0,0.0
2018-11-06 00:00:00+09:00,2397.09771589908,2417.8927276300656,2397.09771589908,2414.11181640625,30200,0.0,0.0
2018-11-07 00:00:00+09:00,2414.111811290381,2460.4279736839712,2412.2213556824795,2435.85205078125,48000,0.0,0.0
2018-11-08 00:00:00+09:00,2444.3589875107514,2475.551503592675,2443.413759750693,2472.7158203125,31600,0.0,0.0
2018-11-09 00:00:00+09:00,2479.3324347989965,2492.565623547447,2464.208790515053,2478.38720703125,29700,0.0,0.0
2018-11-12 00:00:00+09:00,2465.1540182827994,2491.6203957797006,2465.1540182827994,2478.38720703125,17800,0.0,0.0
2018-11-13 00:00:00+09:00,2454.756882008894,2463.263933197989,2423.564360982212,2444.359375,33100,0.0,0.0
2018-11-14 00:00:00+09:00,2426.3997329206263,2461.373161092836,2420.728366189998,2424.50927734375,28000,0.0,0.0
2018-11-15 00:00:00+09:00,2426.399772741742,2443.4138732128563,2415.057039094332,2435.85205078125,27100,0.0,0.0
2018-11-16 00:00:00+09:00,2441.5235970140334,2450.9758757481177,2427.3451789129067,2440.578369140625,20600,0.0,0.0
2018-11-19 00:00:00+09:00,2430.1809178776953,2438.6879689321095,2422.619094718216,2433.0166015625,17500,0.0,0.0
2018-11-20 00:00:00+09:00,2433.0164715557275,2448.1401170665636,2425.4546488003098,2442.46875,23600,0.0,0.0
2018-11-21 00:00:00+09:00,2421.673127324606,2437.7419966315997,2415.0565340805497,2430.18017578125,24600,0.0,0.0
2018-11-22 00:00:00+09:00,2441.5231393676427,2457.5920102035893,2423.563813139232,2449.0849609375,21300,0.0,0.0
2018-11-23 00:00:00+09:00,2449.0849609375,2449.0849609375,2449.0849609375,2449.0849609375,0,0.0,0.0
2018-11-26 00:00:00+09:00,2431.1262302791265,2440.578509557039,2422.619178929005,2433.9619140625,13500,0.0,0.0
2018-11-27 00:00:00+09:00,2449.0856744703515,2457.5927262149416,2440.5786227257613,2443.414306640625,17200,0.0,0.0
2018-11-28 00:00:00+09:00,2448.139987260264,2467.0445431464436,2440.578164905792,2451.9208984375,37100,0.0,0.0
2018-11-29 00:00:00+09:00,2467.0446739551085,2471.7708131772447,2433.0164715557275,2442.46875,46600,0.0,0.0
2018-11-30 00:00:00+09:00,2450.0302801518337,2474.606201171875,2440.578002836433,2474.606201171875,46000,0.0,0.0
2018-12-03 00:00:00+09:00,2475.5516830147426,2477.442138671875,2450.9757594720227,2477.442138671875,40300,0.0,0.0
2018-12-04 00:00:00+09:00,2464.2085521058266,2491.6201547184346,2434.906494140625,2434.906494140625,48700,0.0,0.0
2018-12-05 00:00:00+09:00,2415.0566510281774,2440.577797633955,2395.2068703347954,2417.892333984375,59300,0.0,0.0
2018-12-06 00:00:00+09:00,2421.673618861607,2421.673618861607,2387.645418128189,2408.4404296875,43700,0.0,0.0
2018-12-07 00:00:00+09:00,2410.3305111648224,2443.413478965124,2401.8234623018875,2439.632568359375,39100,0.0,0.0
2018-12-10 00:00:00+09:00,2410.3305127678486,2421.673244592638,2397.097325638927,2417.892333984375,24100,0.0,0.0
2018-12-11 00:00:00+09:00,2428.2900731752998,2429.2353009188478,2405.604607330143,2415.056884765625,28100,0.0,0.0
2018-12-12 00:00:00+09:00,2429.234948174956,2441.522907056775,2418.8374445057248,2430.18017578125,29500,0.0,0.0
2018-12-13 00:00:00+09:00,2450.030155350288,2464.2085706011576,2433.0160570492444,2462.318115234375,39900,0.0,0.0
2018-12-14 00:00:00+09:00,2477.4424578538146,2482.168597605539,2465.154494499332,2475.552001953125,60400,0.0,0.0
2018-12-17 00:00:00+09:00,2481.2226689022013,2481.2226689022013,2443.4135615665487,2462.318115234375,26600,0.0,0.0
2018-12-18 00:00:00+09:00,2438.6875338714194,2445.304127955567,2416.947296166364,2425.454345703125,36700,0.0,0.0
2018-12-19 00:00:00+09:00,2425.454717028471,2428.2904006415206,2387.645602187809,2391.426513671875,40500,0.0,0.0
2018-12-20 00:00:00+09:00,2388.5905792547096,2388.5905792547096,2299.73916870863,2320.5341796875,88100,0.0,0.0
2018-12-21 00:00:00+09:00,2276.108188791649,2287.450920629481,2227.9015784808626,2241.134765625,89600,0.0,0.0
2018-12-24 00:00:00+09:00,2241.134765625,2241.134765625,2241.134765625,2241.134765625,0,0.0,0.0
2018-12-25 00:00:00+09:00,2174.023956028761,2182.5310062914823,2107.8580095409293,2136.21484375,81100,0.0,0.0
2018-12-26 00:00:00+09:00,2175.914611348106,2240.1901081212036,2175.914611348106,2217.504638671875,49900,0.0,0.0
2018-12-27 00:00:00+09:00,2301.6294633712246,2343.219482421875,2273.2726322003264,2343.219482421875,51700,0.0,0.0
2018-12-28 00:00:00+09:00,2345.110107421875,2347.000562969978,2310.136679781968,2345.110107421875,27700,0.0,0.0
2018-12-31 00:00:00+09:00,2345.110107421875,2345.110107421875,2345.110107421875,2345.110107421875,0,0.0,0.0
2019-01-04 00:00:00+09:00,2297.8485925307673,2361.1788499143795,2296.903364808624,2354.562255859375,31300,0.0,0.0
2019-01-07 00:00:00+09:00,2395.207402249925,2414.1119594894667,2352.672148460956,2361.17919921875,41200,0.0,0.0
2019-01-08 00:00:00+09:00,2408.4406221174463,2408.4406221174463,2353.617405444443,2369.686279296875,25300,0.0,0.0
2019-01-09 00:00:00+09:00,2385.7548485674006,2418.8378199223366,2372.521660025426,2398.988037109375,31700,0.0,0.0
2019-01-10 00:00:00+09:00,2376.302724457699,2376.302724457699,2349.8363456650113,2373.467041015625,23000,0.0,0.0
2019-01-11 00:00:00+09:00,2357.398015481162,2364.0146097507563,2282.7250230100267,2284.615478515625,66300,0.0,0.0
2019-01-15 00:00:00+09:00,2277.9987560597574,2314.862636344542,2273.272617561708,2294.067626953125,36400,0.0,0.0
2019-01-16 00:00:00+09:00,2302.574568521669,2319.588666318627,2278.943877137005,2309.191162109375,20300,0.0,0.0
2019-01-17 00:00:00+09:00,2312.9725397774414,2353.617337166256,2310.1368562386865,2349.83642578125,30700,0.0,0.0
2019-01-18 00:00:00+09:00,2347.000681789612,2381.9741112000893,2333.7674922829447,2379.138427734375,26900,0.0,0.0
2019-01-21 00:00:00+09:00,2380.083550757906,2386.7001452199015,2359.2885395916333,2372.521728515625,23200,0.0,0.0
2019-01-22 00:00:00+09:00,2389.535923826571,2389.535923826571,2359.288633651551,2376.302734375,16700,0.0,0.0
2019-01-23 00:00:00+09:00,2358.343281827894,2367.795559510571,2350.7814596817525,2364.0146484375,17400,0.0,0.0
2019-01-24 00:00:00+09:00,2364.014934213765,2400.8788216325324,2348.8912880932453,2399.93359375,24100,0.0,0.0
2019-01-25 00:00:00+09:00,2396.1526989605563,2412.2215730758735,2381.029052734375,2381.029052734375,21500,0.0,0.0
2019-01-28 00:00:00+09:00,2372.521768300773,2372.521768300773,2335.657884251478,2337.54833984375,29200,0.0,0.0
2019-01-29 00:00:00+09:00,2334.7129218126247,2367.7958984375,2322.4249590662425,2367.7958984375,29800,0.0,0.0
2019-01-30 00:00:00+09:00,2367.795654694498,2367.795654694498,2317.698580962439,2321.4794921875,59300,0.0,0.0
2019-01-31 00:00:00+09:00,2343.219691399857,2343.219691399857,2306.3558075900164,2310.13671875,39100,0.0,0.0
2019-02-01 00:00:00+09:00,2318.643997192383,2347.9460615678267,2317.6987693093038,2329.04150390625,29900,0.0,0.0
2019-02-04 00:00:00+09:00,2353.6172523421783,2353.6172523421783,2322.4247345400527,2348.89111328125,31500,0.0,0.0
2019-02-05 00:00:00+09:00,2348.89133078303,2364.960205078125,2340.3842796856266,2364.960205078125,25700,0.0,0.0
2019-02-06 00:00:00+09:00,2361.1790198101558,2372.52175329203,2350.781514118438,2356.452880859375,40400,0.0,0.0
2019-02-07 00:00:00+09:00,2347.9459207273117,2347.9459207273117,2310.1368076721214,2335.657958984375,48800,0.0,0.0
2019-02-08 00:00:00+09:00,2311.082070598672,2332.822310935592,2299.739336509844,2322.4248046875,37100,0.0,0.0
2019-02-12 00:00:00+09:00,2328.0961014131667,2348.89111328125,2322.4247345400527,2348.89111328125,43100,0.0,0.0
2019-02-13 00:00:00+09:00,2363.069749278702,2367.7958887772593,2333.767684387646,2364.960205078125,28700,0.0,0.0
2019-02-14 00:00:00+09:00,2364.959910872474,2380.0835553864467,2348.8910385763784,2350.781494140625,36800,0.0,0.0
2019-02-15 00:00:00+09:00,2335.657721590127,2361.1788703084326,2325.260216556743,2360.233642578125,28400,0.0,0.0
2019-02-18 00:00:00+09:00,2381.9742349617095,2405.604931737123,2381.029007090693,2391.426513671875,43500,0.0,0.0
2019-02-19 00:00:00+09:00,2395.2072159021686,2431.125871862817,2386.700165806226,2424.50927734375,43700,0.0,0.0
2019-02-20 00:00:00+09:00,2433.961605101593,2441.523427564044,2420.7284157923027,2438.687744140625,43900,0.0,0.0
2019-02-21 00:00:00+09:00,2438.687769383413,2438.687769383413,2411.2761626732895,2422.618896484375,52800,0.0,0.0
2019-02-22 00:00:00+09:00,2418.8379852140133,2433.9616302954605,2400.878656679794,2422.618896484375,42400,0.0,0.0
2019-02-25 00:00:00+09:00,2436.79741224119,2460.4281086360816,2433.961728673803,2450.975830078125,36500,0.0,0.0
2019-02-26 00:00:00+09:00,2446.2499905554882,2452.8665863568363,2433.016798952792,2443.414306640625,32800,0.0,0.0
2019-02-27 00:00:00+09:00,2446.2497005609594,2465.1542577523114,2437.7426498248506,2453.8115234375,43000,0.0,0.0
2019-02-28 00:00:00+09:00,2457.5923149135206,2471.7707321149446,2436.7973030180983,2466.099365234375,49300,0.0,0.0
2019-03-01 00:00:00+09:00,2470.8256959716705,2502.963444121264,2470.8256959716705,2498.2373046875,60700,0.0,0.0
2019-03-04 00:00:00+09:00,2496.346309481872,2514.3056354493674,2474.6060727843774,2484.058349609375,140100,0.0,0.0
2019-03-05 00:00:00+09:00,2484.0587960248595,2519.0322265625,2472.716061796435,2519.0322265625,91800,0.0,0.0
2019-03-06 00:00:00+09:00,2504.853665098852,2514.305943080357,2497.291842713648,2501.07275390625,137300,0.0,0.0
2019-03-07 00:00:00+09:00,2502.017545554567,2520.9220982221495,2497.2914073876714,2515.250732421875,88700,0.0,0.0
2019-03-08 00:00:00+09:00,2486.8942367133745,2499.1821975941325,2468.934909272267,2472.7158203125,81300,0.0,0.0
2019-03-11 00:00:00+09:00,2472.715890305034,2493.510901614939,2472.715890305034,2492.565673828125,49000,0.0,0.0
2019-03-12 00:00:00+09:00,2508.634651311046,2519.032157401635,2488.784866956287,2499.182373046875,58100,0.0,0.0
2019-03-13 00:00:00+09:00,2504.8536003512827,2516.196333635892,2489.729955971803,2505.798828125,107300,0.0,0.0
2019-03-14 00:00:00+09:00,2513.3604624507993,2513.3604624507993,2473.660898922054,2476.49658203125,89700,0.0,0.0
2019-03-15 00:00:00+09:00,2490.6753028713456,2502.0180366984637,2482.168252501007,2493.510986328125,159200,0.0,0.0
2019-03-18 00:00:00+09:00,2513.36077495953,2527.5391922684403,2500.1275854712135,2518.0869140625,188600,0.0,0.0
2019-03-19 00:00:00+09:00,2527.539046623937,2527.539046623937,2479.3324305514534,2500.12744140625,94100,0.0,0.0
2019-03-20 00:00:00+09:00,2502.9630904181554,2513.360595703125,2487.8394463672903,2513.360595703125,78400,0.0,0.0
2019-03-22 00:00:00+09:00,2516.196482310309,2550.224684174761,2505.79897618506,2548.334228515625,87300,0.0,0.0
2019-03-25 00:00:00+09:00,2527.538826316551,2558.731339879919,2517.141321795428,2552.11474609375,86400,0.0,0.0
2019-03-26 00:00:00+09:00,2571.965051916705,2605.993255470178,2571.965051916705,2585.1982421875,173600,0.0,0.0
2019-03-27 00:00:00+09:00,2555.690930225717,2579.4869351626417,2545.22068805347,2559.498291015625,156300,19.0,0.0
2019-03-28 00:00:00+09:00,2549.9799839564735,2549.9799839564735,2527.1358183667176,2531.89501953125,34000,0.0,0.0
2019-03-29 00:00:00+09:00,2530.9431550038885,2533.798675675198,2509.050829857183,2524.2802734375,43300,0.0,0.0
2019-04-01 00:00:00+09:00,2533.798675675198,2554.7391605981334,2516.6655516473415,2524.2802734375,42300,0.0,0.0
2019-04-02 00:00:00+09:00,2537.6060803101795,2539.5097607905323,2495.7251097424196,2499.532470703125,29400,0.0,0.0
2019-04-03 00:00:00+09:00,2482.3993860967926,2496.6769899278706,2463.3625809886885,2492.86962890625,26000,0.0,0.0
2019-04-04 00:00:00+09:00,2499.532315324063,2511.906237677152,2479.5436715229184,2508.098876953125,30900,0.0,0.0
2019-04-05 00:00:00+09:00,2510.0027655929816,2510.0027655929816,2478.5920370133194,2496.677001953125,30600,0.0,0.0
2019-04-08 00:00:00+09:00,2478.5920691675906,2491.91783298032,2462.4107845378485,2468.121826171875,31900,0.0,0.0
2019-04-09 00:00:00+09:00,2447.181360707613,2450.9887218289005,2427.192714820853,2435.75927734375,34700,0.0,0.0
2019-04-10 00:00:00+09:00,2434.8073367997595,2440.518378246514,2420.529733182873,2423.38525390625,9600,0.0,0.0
2019-04-11 00:00:00+09:00,2412.9150112538664,2429.0962953530047,2411.9631710127405,2423.38525390625,17300,0.0,0.0
2019-04-12 00:00:00+09:00,2438.614524302035,2466.217889331215,2437.662684128615,2464.314208984375,29500,0.0,0.0
2019-04-15 00:00:00+09:00,2474.7841536953424,2510.9540759416586,2474.7841536953424,2503.33935546875,48100,0.0,0.0
2019-04-16 00:00:00+09:00,2503.3397521972656,2512.858154296875,2491.9176696777345,2512.858154296875,21100,0.0,0.0
2019-04-17 00:00:00+09:00,2507.146870752456,2507.146870752456,2478.5916672131343,2494.77294921875,29200,0.0,0.0
2019-04-18 00:00:00+09:00,2501.4361025053877,2501.4361025053877,2474.78457629909,2484.302978515625,25900,0.0,0.0
2019-04-19 00:00:00+09:00,2483.351101658728,2491.9176635272324,2468.121658336942,2472.880859375,31400,0.0,0.0
2019-04-22 00:00:00+09:00,2481.4473420825157,2486.20654296875,2462.4105385375788,2486.20654296875,27200,0.0,0.0
2019-04-23 00:00:00+09:00,2490.0135946411597,2503.33935546875,2484.302554286478,2503.33935546875,19500,0.0,0.0
2019-04-24 00:00:00+09:00,2496.676797289367,2512.858080382741,2484.302874923846,2490.013916015625,30100,0.0,0.0
2019-04-25 00:00:00+09:00,2480.4951940500237,2510.002235882545,2480.4951940500237,2503.33935546875,23900,0.0,0.0
2019-04-26 00:00:00+09:00,2478.591707686055,2525.2318742285347,2465.265945816775,2470.025146484375,48400,0.0,0.0
2019-05-07 00:00:00+09:00,2473.832819940829,2529.0395546682503,2469.0736186712234,2510.95458984375,39400,0.0,0.0
2019-05-08 00:00:00+09:00,2498.580116544975,2498.580116544975,2465.2657149910424,2473.832275390625,43800,0.0,0.0
2019-05-09 00:00:00+09:00,2455.7480217854495,2456.699862103971,2386.2636785333807,2408.156005859375,62300,0.0,0.0
2019-05-10 00:00:00+09:00,2408.1556358048524,2431.9516401112246,2385.311471670735,2388.1669921875,50000,0.0,0.0
2019-05-13 00:00:00+09:00,2388.1673576134194,2393.878399520825,2358.6603077584905,2368.1787109375,42500,0.0,0.0
2019-05-14 00:00:00+09:00,2348.189643709666,2370.0819671005547,2332.0083612033573,2369.130126953125,39200,0.0,0.0
2019-05-15 00:00:00+09:00,2395.782010771804,2395.782010771804,2364.371281190767,2385.311767578125,25000,0.0,0.0
2019-05-16 00:00:00+09:00,2383.407919217941,2397.6855225678887,2368.178475644663,2390.07080078125,23500,0.0,0.0
2019-05-17 00:00:00+09:00,2413.8668478923005,2441.47021484375,2408.1558064540695,2441.47021484375,26300,0.0,0.0
2019-05-20 00:00:00+09:00,2444.3252340142844,2481.4469957458095,2444.3252340142844,2473.832275390625,20200,0.0,0.0
2019-05-21 00:00:00+09:00,2446.2291943585433,2471.9288785016097,2438.614473130968,2467.169677734375,19500,0.0,0.0
2019-05-22 00:00:00+09:00,2474.784704527636,2474.784704527636,2428.14453125,2428.14453125,21200,0.0,0.0
2019-05-23 00:00:00+09:00,2427.1923420592125,2457.65122635172,2423.384981522649,2451.940185546875,15100,0.0,0.0
2019-05-24 00:00:00+09:00,2436.7110220247296,2468.121750043017,2435.759181781751,2463.362548828125,17900,0.0,0.0
2019-05-27 00:00:00+09:00,2456.6995514976475,2468.1216338757845,2456.6995514976475,2465.26611328125,6600,0.0,0.0
2019-05-28 00:00:00+09:00,2454.7956290376737,2466.217710289497,2443.3735477858504,2447.180908203125,23800,0.0,0.0
2019-05-29 00:00:00+09:00,2430.048211791944,2448.1331769404155,2415.7706077273615,2428.14453125,28400,0.0,0.0
2019-05-30 00:00:00+09:00,2417.6738808702344,2417.6738808702344,2383.4076368893966,2396.7333984375,18700,0.0,0.0
2019-05-31 00:00:00+09:00,2392.9263214512393,2401.4928834612083,2383.407919217941,2390.07080078125,19200,0.0,0.0
2019-06-03 00:00:00+09:00,2378.648721416345,2391.9744845615346,2357.708236473904,2371.98583984375,24600,0.0,0.0
2019-06-04 00:00:00+09:00,2379.6006499743853,2384.359851274334,2357.708323994621,2380.552490234375,25700,0.0,0.0
2019-06-05 00:00:00+09:00,2400.5411515462433,2424.337158203125,2395.781950214867,2424.337158203125,24900,0.0,0.0
2019-06-06 00:00:00+09:00,2406.2520780207924,2434.807284642875,2404.3483975793206,2426.24072265625,13500,0.0,0.0
2019-06-07 00:00:00+09:00,2437.662805305083,2437.662805305083,2419.5778411110978,2426.24072265625,9800,0.0,0.0
2019-06-10 00:00:00+09:00,2434.807663473679,2450.037109375,2425.2892597853534,2450.037109375,23900,0.0,0.0
2019-06-11 00:00:00+09:00,2444.3252982289227,2450.0363386453455,2432.9032173960773,2438.6142578125,17900,0.0,0.0
2019-06-12 00:00:00+09:00,2440.5182587133568,2457.651382214465,2429.096176379285,2443.373779296875,18800,0.0,0.0
2019-06-13 00:00:00+09:00,2424.337134164072,2425.2889744209087,2408.1558497978413,2416.722412109375,19800,0.0,0.0
2019-06-14 00:00:00+09:00,2430.0481597494127,2432.9036805011747,2412.915035238841,2431.0,21900,0.0,0.0
2019-06-17 00:00:00+09:00,2431.000173503891,2431.9520138224125,2408.156005859375,2408.156005859375,19300,0.0,0.0
2019-06-18 00:00:00+09:00,2421.481531525883,2426.240732649165,2369.1303191697807,2371.98583984375,38200,0.0,0.0
2019-06-19 00:00:00+09:00,2386.263503833941,2400.5411075664933,2375.7932610967355,2391.022705078125,26400,0.0,0.0
2019-06-20 00:00:00+09:00,2395.781735778231,2413.86669921875,2390.070694691751,2413.86669921875,23600,0.0,0.0
2019-06-21 00:00:00+09:00,2419.5777828140563,2419.5777828140563,2383.4078552975598,2389.118896484375,34600,0.0,0.0
2019-06-24 00:00:00+09:00,2400.5412002429307,2400.5412002429307,2376.7451931033297,2381.50439453125,12100,0.0,0.0
2019-06-25 00:00:00+09:00,2390.070594089068,2410.0592370503864,2390.070594089068,2401.49267578125,19100,0.0,0.0
2019-06-26 00:00:00+09:00,2380.552566126453,2410.0596151268205,2380.552566126453,2385.311767578125,22000,0.0,0.0
2019-06-27 00:00:00+09:00,2383.408018955527,2402.44482421875,2380.5524981660433,2402.44482421875,18100,0.0,0.0
2019-06-28 00:00:00+09:00,2389.1185622442335,2414.8182439894904,2385.311201985677,2398.636962890625,27900,0.0,0.0
2019-07-01 00:00:00+09:00,2419.5783099146233,2444.3261604487616,2415.7709482939863,2440.518798828125,28500,0.0,0.0
2019-07-02 00:00:00+09:00,2450.988713126023,2477.640240880403,2447.181352018254,2471.92919921875,24300,0.0,0.0
2019-07-03 00:00:00+09:00,2469.0736105924357,2496.676977865828,2465.266249589209,2489.062255859375,22100,0.0,0.0
2019-07-04 00:00:00+09:00,2498.580575349468,2524.2802612673477,2498.580575349468,2520.472900390625,23100,0.0,0.0
2019-07-05 00:00:00+09:00,2527.1356139055433,2535.702175308613,2497.6285690727477,2525.23193359375,43400,0.0,0.0
2019-07-08 00:00:00+09:00,2522.376431978666,2528.087472956731,2474.784423828125,2474.784423828125,28100,0.0,0.0
2019-07-09 00:00:00+09:00,2490.014019845546,2495.7250611754666,2469.073534969169,2484.302978515625,19700,0.0,0.0
2019-07-10 00:00:00+09:00,2473.8325836651143,2484.302825458233,2469.07338285006,2474.784423828125,28800,0.0,0.0
2019-07-11 00:00:00+09:00,2485.2548910617465,2510.9545777942885,2485.2548910617465,2507.147216796875,23000,0.0,0.0
2019-07-12 00:00:00+09:00,2507.147244813012,2522.376688972848,2496.677001953125,2496.677001953125,15500,0.0,0.0
2019-07-16 00:00:00+09:00,2482.3990276850436,2510.002391106388,2473.8324666232475,2494.77294921875,25000,0.0,0.0
2019-07-17 00:00:00+09:00,2497.6284052958017,2506.1949661371364,2479.5434435196507,2493.821044921875,23800,0.0,0.0
2019-07-18 00:00:00+09:00,2477.640094575998,2480.495615238206,2421.4815215525696,2426.24072265625,54500,0.0,0.0
2019-07-19 00:00:00+09:00,2431.951438845569,2495.7247251088384,2428.1440784716424,2493.821044921875,37300,0.0,0.0
2019-07-22 00:00:00+09:00,2492.86962890625,2498.5806704386814,2470.97730303193,2492.86962890625,23700,0.0,0.0
2019-07-23 00:00:00+09:00,2481.447956952049,2499.5329248009516,2481.447956952049,2488.11083984375,13100,0.0,0.0
2019-07-24 00:00:00+09:00,2495.7250611754666,2498.5805818404274,2474.78457629909,2484.302978515625,22200,0.0,0.0
2019-07-25 00:00:00+09:00,2497.628469572682,2503.3395102805466,2477.6398270951568,2494.77294921875,22900,0.0,0.0
2019-07-26 00:00:00+09:00,2503.3398837730533,2508.099085073002,2479.5438772733096,2496.677001953125,28100,0.0,0.0
2019-07-29 00:00:00+09:00,2504.2915802233497,2517.6173430979707,2485.254776116749,2509.05078125,28400,0.0,0.0
2019-07-30 00:00:00+09:00,2524.280417757081,2524.280417757081,2493.821528855035,2511.906494140625,33600,0.0,0.0
2019-07-31 00:00:00+09:00,2503.339782948695,2507.1471438353087,2484.302978515625,2484.302978515625,33100,0.0,0.0
2019-08-01 00:00:00+09:00,2484.303054605342,2491.917776611795,2468.1217703416287,2489.062255859375,32300,0.0,0.0
2019-08-02 00:00:00+09:00,2463.3625281414734,2464.3143683764583,2420.529717567143,2437.662841796875,73200,0.0,0.0
2019-08-05 00:00:00+09:00,2426.2407987470633,2440.5184025058734,2391.0227094753327,2431.0,57900,0.0,0.0
2019-08-06 00:00:00+09:00,2380.5521009008226,2458.602989454948,2373.8892201705926,2447.180908203125,58500,0.0,0.0
2019-08-07 00:00:00+09:00,2450.9884442288453,2487.158370784455,2430.9998006060077,2482.399169921875,39200,0.0,0.0
2019-08-08 00:00:00+09:00,2487.1582020118967,2510.0023646021323,2474.7842806088524,2505.2431640625,43700,0.0,0.0
2019-08-09 00:00:00+09:00,2522.3765441246205,2535.7023069992415,2494.7731781700495,2509.05078125,43800,0.0,0.0
2019-08-13 00:00:00+09:00,2479.5438256594216,2513.8100743057703,2476.688304938892,2499.532470703125,38400,0.0,0.0
2019-08-14 00:00:00+09:00,2512.858206235779,2512.858206235779,2480.4956384281973,2510.002685546875,34600,0.0,0.0
2019-08-15 00:00:00+09:00,2474.7846004523967,2503.339807380694,2467.169878604851,2491.917724609375,36500,0.0,0.0
2019-08-16 00:00:00+09:00,2483.3514927057063,2504.291980570607,2480.49597163322,2500.484619140625,24800,0.0,0.0
2019-08-19 00:00:00+09:00,2506.1949661371364,2508.0986463240993,2477.6397633326874,2493.821044921875,27800,0.0,0.0
2019-08-20 00:00:00+09:00,2498.580475143056,2508.098876953125,2484.302872427953,2508.098876953125,35100,0.0,0.0
2019-08-21 00:00:00+09:00,2483.3514927057063,2508.099342000589,2472.881248773256,2500.484619140625,55200,0.0,0.0
2019-08-22 00:00:00+09:00,2509.0511823580846,2510.9548630730756,2491.918055923166,2500.484619140625,31200,0.0,0.0
2019-08-23 00:00:00+09:00,2505.243704533568,2507.147385160113,2490.014259521206,2502.38818359375,25700,0.0,0.0
2019-08-26 00:00:00+09:00,2464.313951624154,2492.869153844596,2457.6510711060505,2478.591552734375,77800,0.0,0.0
2019-08-27 00:00:00+09:00,2492.8700419092506,2506.1958076926526,2486.2071590175497,2488.11083984375,52300,0.0,0.0
2019-08-28 00:00:00+09:00,2495.7249817266697,2506.195223831549,2483.3510592390853,2497.628662109375,45800,0.0,0.0
2019-08-29 00:00:00+09:00,2484.302929574559,2487.1584501832654,2466.2179657194188,2469.073486328125,110700,0.0,0.0
2019-08-30 00:00:00+09:00,2484.3030508123934,2508.0990570462286,2480.49568981498,2507.147216796875,137600,0.0,0.0
2019-09-02 00:00:00+09:00,2490.9657065993088,2512.858030348558,2471.9289033390924,2474.784423828125,148100,0.0,0.0
2019-09-03 00:00:00+09:00,2470.977712407948,2503.3402864533523,2468.122191168647,2488.11083984375,49900,0.0,0.0
2019-09-04 00:00:00+09:00,2478.591732721259,2493.821175011405,2473.8325320055887,2477.639892578125,67500,0.0,0.0
2019-09-05 00:00:00+09:00,2494.77314425009,2510.002587328305,2479.543701171875,2479.543701171875,181600,0.0,0.0
2019-09-06 00:00:00+09:00,2490.013633622552,2498.580194288684,2476.6878725863453,2478.591552734375,193600,0.0,0.0
2019-09-09 00:00:00+09:00,2492.869613056574,2510.9545777942885,2484.3030508123934,2507.147216796875,100800,0.0,0.0
2019-09-10 00:00:00+09:00,2510.95452577651,2522.3766085321267,2499.5324430208925,2510.002685546875,82100,0.0,0.0
2019-09-11 00:00:00+09:00,2511.9063781252958,2520.4729402333396,2497.628774611889,2513.81005859375,105500,0.0,0.0
2019-09-12 00:00:00+09:00,2523.3280720363578,2576.631116937918,2515.713351336135,2562.353515625,174100,0.0,0.0
2019-09-13 00:00:00+09:00,2565.2094770270537,2627.0790933560925,2559.498435519758,2605.186767578125,184700,0.0,0.0
2019-09-17 00:00:00+09:00,2606.138131581182,2639.4525342858356,2596.619730808424,2627.07861328125,123500,0.0,0.0
2019-09-18 00:00:00+09:00,2635.645368926379,2643.2600901078204,2608.0420046436543,2611.849365234375,85800,0.0,0.0
2019-09-19 00:00:00+09:00,2612.801493905182,2685.1413531171283,2612.801493905182,2645.1640625,166400,0.0,0.0
2019-09-20 00:00:00+09:00,2641.3569101237804,2653.7308343874233,2628.9829858601374,2633.7421875,143700,0.0,0.0
2019-09-24 00:00:00+09:00,2636.5972053533314,2676.574491499483,2622.3196031582775,2648.019287109375,174300,0.0,0.0
2019-09-25 00:00:00+09:00,2644.212066781743,2665.152551111908,2640.4047059944405,2653.73046875,108800,0.0,0.0
2019-09-26 00:00:00+09:00,2660.3933006826073,2687.996665877525,2630.886255129419,2638.5009765625,431400,0.0,0.0
2019-09-27 00:00:00+09:00,2624.1457360718714,2642.3290945639815,2585.86498135164,2604.04833984375,273100,15.0,0.0
2019-09-30 00:00:00+09:00,2598.3062389858674,2618.4036353095153,2587.7790313877663,2605.00537109375,102600,0.0,0.0
2019-10-01 00:00:00+09:00,2605.9623564392514,2637.543978827241,2605.9623564392514,2621.274658203125,63600,0.0,0.0
2019-10-02 00:00:00+09:00,2631.8019923426777,2671.0397675012414,2623.18882218592,2649.9853515625,78800,0.0,0.0
2019-10-03 00:00:00+09:00,2627.0167801800894,2633.7159122242647,2590.6500633688534,2603.09130859375,48100,0.0,0.0
2019-10-04 00:00:00+09:00,2598.3063987160076,2618.403796275137,2575.337944362717,2617.44677734375,63800,0.0,0.0
2019-10-07 00:00:00+09:00,2622.231594351835,2640.414952122888,2622.231594351835,2633.7158203125,41300,0.0,0.0
2019-10-08 00:00:00+09:00,2635.629849861005,2662.4263770200855,2635.629849861005,2651.899169921875,52800,0.0,0.0
2019-10-09 00:00:00+09:00,2642.3291907946723,2669.125720074734,2642.3291907946723,2668.168701171875,53500,0.0,0.0
2019-10-10 00:00:00+09:00,2665.2974668238244,2674.8676552145744,2635.6298828125,2635.6298828125,47500,0.0,0.0
2019-10-11 00:00:00+09:00,2650.942402472433,2650.942402472433,2604.048475497289,2614.57568359375,44700,0.0,0.0
2019-10-15 00:00:00+09:00,2643.286228870739,2657.6415125177555,2627.9739263139204,2631.802001953125,54800,0.0,0.0
2019-10-16 00:00:00+09:00,2647.1141337933145,2673.9106615395954,2634.6728887682557,2637.5439453125,64000,0.0,0.0
2019-10-17 00:00:00+09:00,2645.200129709178,2649.0282051501463,2618.4036016223986,2621.274658203125,35900,0.0,0.0
2019-10-18 00:00:00+09:00,2630.8450051973714,2649.028364636713,2604.048475497289,2614.57568359375,47300,0.0,0.0
2019-10-21 00:00:00+09:00,2623.1887172038655,2628.9308304119004,2599.263245503721,2604.04833984375,35800,0.0,0.0
2019-10-23 00:00:00+09:00,2622.231500076316,2646.1569699675233,2600.2200677764054,2645.199951171875,54000,0.0,0.0
2019-10-24 00:00:00+09:00,2658.5984939891814,2658.5984939891814,2616.4896625509077,2628.930908203125,54700,0.0,0.0
2019-10-25 00:00:00+09:00,2631.801729780566,2668.168444592079,2625.102598104761,2667.21142578125,84900,0.0,0.0
2019-10-28 00:00:00+09:00,2669.125966375586,2706.44970703125,2668.168947384415,2706.44970703125,117800,0.0,0.0
2019-10-29 00:00:00+09:00,2706.449561373303,2726.5469591062733,2704.5355234939725,2714.105712890625,79600,0.0,0.0
2019-10-30 00:00:00+09:00,2727.5041871015706,2770.570042687385,2716.0199589453537,2730.375244140625,217900,0.0,0.0
2019-10-31 00:00:00+09:00,2709.320383133514,2735.1598922626576,2690.1800060008154,2695.922119140625,41100,0.0,0.0
2019-11-01 00:00:00+09:00,2679.6531485552764,2694.0084332796796,2662.4268068859924,2666.2548828125,46100,0.0,0.0
2019-11-05 00:00:00+09:00,2666.2540876216403,2677.7383119760766,2651.898807178595,2661.468994140625,48200,0.0,0.0
2019-11-06 00:00:00+09:00,2665.2973834865998,2665.2973834865998,2634.6727815937556,2648.071044921875,49100,0.0,0.0
2019-11-07 00:00:00+09:00,2653.813265031777,2694.008056640625,2648.071151944799,2694.008056640625,54900,0.0,0.0
2019-11-08 00:00:00+09:00,2707.406329109945,2707.406329109945,2670.0825939260326,2675.82470703125,42800,0.0,0.0
2019-11-11 00:00:00+09:00,2694.9649973665732,2731.3317125299004,2694.9649973665732,2725.589599609375,77800,0.0,0.0
2019-11-12 00:00:00+09:00,2710.2774889894654,2724.6327722997908,2696.8792245664945,2702.621337890625,42600,0.0,0.0
2019-11-13 00:00:00+09:00,2706.4493762600805,2720.8046593731997,2692.0940931469613,2699.750244140625,36700,0.0,0.0
2019-11-14 00:00:00+09:00,2699.7500575113877,2716.0193772482517,2674.867568502066,2685.394775390625,33700,0.0,0.0
2019-11-15 00:00:00+09:00,2694.008545352458,2720.8050779527666,2694.008545352458,2713.14892578125,50300,0.0,0.0
2019-11-18 00:00:00+09:00,2719.84765625,2723.675731769001,2698.793240895496,2719.84765625,33500,0.0,0.0
2019-11-19 00:00:00+09:00,2715.0627318302904,2726.5469591062733,2711.234656071629,2714.105712890625,21500,0.0,0.0
2019-11-20 00:00:00+09:00,2705.4923077069743,2720.8046094131337,2691.1370248574503,2695.922119140625,37900,0.0,0.0
2019-11-21 00:00:00+09:00,2697.8358492976695,2730.3744867138175,2677.7384555994604,2728.46044921875,57500,0.0,0.0
2019-11-22 00:00:00+09:00,2726.546581087297,2731.331675122199,2710.2772613686293,2722.718505859375,38100,0.0,0.0
2019-11-25 00:00:00+09:00,2726.5470934916098,2726.5470934916098,2701.664599833912,2705.49267578125,24000,0.0,0.0
2019-11-26 00:00:00+09:00,2716.0195276112822,2724.6326973605783,2696.879150390625,2696.879150390625,35200,0.0,0.0
2019-11-27 00:00:00+09:00,2697.836271027319,2739.9451025013177,2697.836271027319,2723.67578125,38300,0.0,0.0
2019-11-28 00:00:00+09:00,2723.676085843673,2723.676085843673,2699.750610739635,2709.32080078125,19600,0.0,0.0
2019-11-29 00:00:00+09:00,2717.9335813666785,2730.374826633498,2704.5353172331806,2716.9765625,30400,0.0,0.0
2019-12-02 00:00:00+09:00,2727.50378926595,2758.128393215603,2718.8906194051106,2756.21435546875,39800,0.0,0.0
2019-12-03 00:00:00+09:00,2729.417486249238,2754.299973851791,2724.6323924795165,2748.557861328125,34300,0.0,0.0
2019-12-04 00:00:00+09:00,2743.773220655125,2764.82763671875,2728.4609180633975,2764.82763671875,40900,0.0,0.0
2019-12-05 00:00:00+09:00,2764.8279420210724,2773.4411131800166,2745.6875616678635,2769.613037109375,32100,0.0,0.0
2019-12-06 00:00:00+09:00,2752.3863690418602,2783.9679928869164,2746.6442556154866,2782.053955078125,48500,0.0,0.0
2019-12-09 00:00:00+09:00,2792.581373795219,2822.248962070631,2784.9252219822097,2817.4638671875,51100,0.0,0.0
2019-12-10 00:00:00+09:00,2818.420654296875,2855.744391314728,2818.420654296875,2818.420654296875,50900,0.0,0.0
2019-12-11 00:00:00+09:00,2827.033707490809,2858.61532981552,2822.248613199186,2847.131103515625,48700,0.0,0.0
2019-12-12 00:00:00+09:00,2851.9168093908097,2856.701904708579,2834.6904662468382,2837.5615234375,31800,0.0,0.0
2019-12-13 00:00:00+09:00,2866.2715802143134,2890.1970525032475,2852.8733157325105,2854.787353515625,100300,0.0,0.0
2019-12-16 00:00:00+09:00,2866.2715462239585,2899.76720703125,2845.217130859375,2871.056640625,60700,0.0,0.0
2019-12-17 00:00:00+09:00,2880.6271359258008,2885.4122308359765,2861.4867562850977,2875.842041015625,49700,0.0,0.0
2019-12-18 00:00:00+09:00,2880.626763556985,2880.626763556985,2837.560914932379,2847.131103515625,35200,0.0,0.0
2019-12-19 00:00:00+09:00,2854.7878665814715,2863.401038153457,2827.9913328019607,2837.5615234375,19900,0.0,0.0
2019-12-20 00:00:00+09:00,2837.560857154055,2866.271422319189,2831.8187441210284,2861.486328125,36100,0.0,0.0
2019-12-23 00:00:00+09:00,2861.4861535513273,2862.443172331779,2842.3457779422884,2848.087890625,35800,0.0,0.0
2019-12-24 00:00:00+09:00,2837.5609856849987,2855.7443444465553,2832.775891274063,2833.73291015625,24700,0.0,0.0
2019-12-25 00:00:00+09:00,2825.1198853655183,2838.5181504045145,2823.2058475028043,2826.076904296875,20000,0.0,0.0
2019-12-26 00:00:00+09:00,2826.0767377665798,2850.959228515625,2822.2486622667266,2850.959228515625,28400,0.0,0.0
2019-12-27 00:00:00+09:00,2851.9162384297865,2875.841710228694,2850.9592195578302,2869.142578125,35000,0.0,0.0
2019-12-30 00:00:00+09:00,2868.1854182630022,2868.1854182630022,2837.5608158657997,2839.474853515625,27500,0.0,0.0
2020-01-06 00:00:00+09:00,2813.6358157777495,2831.8191764919593,2799.280531003373,2819.3779296875,41500,0.0,0.0
2020-01-07 00:00:00+09:00,2823.2056933921453,2865.314524073249,2823.2056933921453,2851.916259765625,47600,0.0,0.0
2020-01-08 00:00:00+09:00,2824.162817126171,2830.8619495287066,2787.796098369548,2822.248779296875,42200,0.0,0.0
2020-01-09 00:00:00+09:00,2839.4745406618217,2852.872802734375,2837.5605032228855,2852.872802734375,28300,0.0,0.0
2020-01-10 00:00:00+09:00,2861.486582208747,2863.4006200563786,2827.033900951384,2843.30322265625,31500,0.0,0.0
2020-01-14 00:00:00+09:00,2830.862157507001,2837.56129040171,2809.807739837916,2819.3779296875,73900,0.0,0.0
2020-01-15 00:00:00+09:00,2835.647000219195,2865.3145861141647,2833.7329624195195,2856.701416015625,54400,0.0,0.0
2020-01-16 00:00:00+09:00,2856.701487589669,2861.486582208747,2837.561109113356,2843.30322265625,24600,0.0,0.0
2020-01-17 00:00:00+09:00,2857.6586902538666,2857.6586902538666,2833.733215620127,2838.518310546875,34400,0.0,0.0
2020-01-20 00:00:00+09:00,2843.303114504082,2858.6154167026903,2834.6899445173644,2853.830322265625,32700,0.0,0.0
2020-01-21 00:00:00+09:00,2840.4320701422644,2858.6154290818545,2838.51803235915,2854.787353515625,31300,0.0,0.0
2020-01-22 00:00:00+09:00,2860.529313340298,2894.981991587287,2859.572294500104,2880.626708984375,47300,0.0,0.0
2020-01-23 00:00:00+09:00,2866.271426381463,2899.767085788258,2864.3573887010743,2880.626708984375,25800,0.0,0.0
2020-01-24 00:00:00+09:00,2880.626708984375,2885.411803185346,2870.099501742239,2880.626708984375,23200,0.0,0.0
2020-01-27 00:00:00+09:00,2842.3460164995336,2899.767148145989,2841.388997638759,2885.411865234375,45300,0.0,0.0
2020-01-28 00:00:00+09:00,2851.9160081355244,2880.626571975815,2843.302838983437,2870.099365234375,39600,0.0,0.0
2020-01-29 00:00:00+09:00,2863.3998646077284,2875.8411073349675,2845.216509852532,2860.52880859375,39500,0.0,0.0
2020-01-30 00:00:00+09:00,2860.5292300740393,2871.056437009742,2827.990590454596,2836.603759765625,59400,0.0,0.0
2020-01-31 00:00:00+09:00,2832.7761966347775,2841.3893675029235,2808.850722001038,2838.518310546875,44000,0.0,0.0
2020-02-03 00:00:00+09:00,2793.538172379635,2818.420663808847,2785.8820211706466,2800.2373046875,68800,0.0,0.0
2020-02-04 00:00:00+09:00,2813.6354679495926,2849.045166015625,2800.2372038164995,2849.045166015625,49500,0.0,0.0
2020-02-05 00:00:00+09:00,2857.658410190297,2871.0566746721,2850.9592779493955,2854.787353515625,43200,0.0,0.0
2020-02-06 00:00:00+09:00,2869.1425622152647,2875.8416942818117,2849.045166015625,2849.045166015625,68400,0.0,0.0
2020-02-07 00:00:00+09:00,2870.099927123414,2880.6271359258008,2854.7876234108517,2875.842041015625,42800,0.0,0.0
2020-02-10 00:00:00+09:00,2852.873340416274,2871.0566995131912,2851.9163215164367,2856.701416015625,59300,0.0,0.0
2020-02-12 00:00:00+09:00,2856.7010596490672,2866.271247453587,2830.8615525768646,2848.087890625,59100,0.0,0.0
2020-02-13 00:00:00+09:00,2842.3459099903625,2855.744173539139,2834.689759391062,2839.474853515625,29100,0.0,0.0
2020-02-14 00:00:00+09:00,2836.604112541801,2838.5181504045145,2806.9365256697374,2826.076904296875,56200,0.0,0.0
2020-02-17 00:00:00+09:00,2797.3662202693213,2803.1083336191728,2777.2688235448413,2779.182861328125,66800,0.0,0.0
2020-02-18 00:00:00+09:00,2769.6129116052985,2769.6129116052985,2711.234754173397,2721.761962890625,59000,0.0,0.0
2020-02-19 00:00:00+09:00,2730.3748703902997,2764.827550142859,2730.3748703902997,2758.12841796875,36500,0.0,0.0
2020-02-20 00:00:00+09:00,2752.3863606427817,2768.655681967861,2713.148585682297,2724.6328125,61900,0.0,0.0
2020-02-21 00:00:00+09:00,2715.062540547831,2747.6011822040264,2709.3204273143847,2737.073974609375,62400,0.0,0.0
2020-02-25 00:00:00+09:00,2636.587219680565,2691.1373000877493,2636.587219680565,2641.372314453125,107700,0.0,0.0
2020-02-26 00:00:00+09:00,2620.317738136205,2632.7589837884225,2594.4782279354463,2628.930908203125,89500,0.0,0.0
2020-02-27 00:00:00+09:00,2612.6616227514382,2617.446717298602,2536.100109996817,2537.05712890625,186800,0.0,0.0
2020-02-28 00:00:00+09:00,2449.968102073365,2486.3348160885166,2393.503993470893,2400.203125,228000,0.0,0.0
2020-03-02 00:00:00+09:00,2360.00841433065,2517.916519912384,2356.18033904382,2481.5498046875,176100,0.0,0.0
2020-03-03 00:00:00+09:00,2565.767770513199,2566.7247894503544,2427.957043562845,2428.9140625,132600,0.0,0.0
2020-03-04 00:00:00+09:00,2401.1603209632854,2441.355113103763,2380.1059060325592,2432.741943359375,120400,0.0,0.0
2020-03-05 00:00:00+09:00,2468.151738512846,2476.764908596838,2405.9455101284584,2421.2578125,160600,0.0,0.0
2020-03-06 00:00:00+09:00,2382.977169874238,2388.7192835365854,2325.556033250762,2354.2666015625,190800,0.0,0.0
2020-03-09 00:00:00+09:00,2274.833941906665,2287.275187697488,2217.412807487481,2233.68212890625,270900,0.0,0.0
2020-03-10 00:00:00+09:00,2185.8306464117927,2281.532513592694,2118.8393393851616,2266.22021484375,218400,0.0,0.0
2020-03-11 00:00:00+09:00,2258.5642279568747,2292.0598838799638,2237.5098156623612,2241.337890625,162700,0.0,0.0
2020-03-12 00:00:00+09:00,2193.4871551912147,2199.229268162919,2088.215084043294,2125.538818359375,271800,0.0,0.0
2020-03-13 00:00:00+09:00,1959.0180282376234,2068.1182017691767,1915.952170264642,2023.1383056640625,336500,0.0,0.0
2020-03-16 00:00:00+09:00,2024.0948091428922,2103.527371392944,1998.255300941068,2011.653564453125,221400,0.0,0.0
2020-03-17 00:00:00+09:00,1968.5876428763854,2152.3352497953283,1942.748135653409,2137.02294921875,264000,0.0,0.0
2020-03-18 00:00:00+09:00,2156.163396739876,2257.6073914378017,2156.163396739876,2180.0888671875,204900,0.0,0.0
2020-03-19 00:00:00+09:00,2216.455474224547,2337.9968581738203,2210.713361597022,2321.7275390625,354200,0.0,0.0
2020-03-23 00:00:00+09:00,2369.578823048285,2395.4183336388764,2316.94278295634,2385.84814453125,254000,0.0,0.0
2020-03-24 00:00:00+09:00,2433.699115222633,2466.2377585248623,2331.2980907126753,2387.76220703125,179800,0.0,0.0
2020-03-25 00:00:00+09:00,2461.4524005153253,2461.4524005153253,2344.6961046899482,2443.26904296875,185400,0.0,0.0
2020-03-26 00:00:00+09:00,2382.0201509305134,2390.6333214240344,2301.6305596576476,2354.2666015625,180100,0.0,0.0
2020-03-27 00:00:00+09:00,2360.9655582389905,2421.2577472009107,2327.469897704591,2397.332275390625,430500,0.0,0.0
2020-03-30 00:00:00+09:00,2301.0537773485507,2369.411441863926,2282.760881210633,2350.15576171875,276000,15.0,0.0
2020-03-31 00:00:00+09:00,2359.783376159668,2403.1086523437502,2305.867476908366,2310.681396484375,125300,0.0,0.0
2020-04-01 00:00:00+09:00,2287.5746262918306,2297.202465628076,2197.0729365311267,2200.924072265625,134300,0.0,0.0
2020-04-02 00:00:00+09:00,2152.785494548009,2184.5573734925906,2100.7951471841484,2109.460205078125,140800,0.0,0.0
2020-04-03 00:00:00+09:00,2115.2366477272726,2174.929261363636,2006.4420454545455,2012.21875,150800,0.0,0.0
2020-04-06 00:00:00+09:00,1968.8932625845775,2079.6134216052264,1953.488718720835,2063.24609375,213800,0.0,0.0
2020-04-07 00:00:00+09:00,2159.5248347007223,2210.5523943258395,2126.7901738091377,2178.780517578125,112500,0.0,0.0
2020-04-08 00:00:00+09:00,2155.6734935134673,2354.969792377821,2141.2317327261953,2335.714111328125,139300,0.0,0.0
2020-04-09 00:00:00+09:00,2352.081211050631,2362.6718345960903,2255.80281518282,2327.048828125,124700,0.0,0.0
2020-04-10 00:00:00+09:00,2307.793221309267,2355.932420752514,2262.542373832615,2345.341796875,81400,0.0,0.0
2020-04-13 00:00:00+09:00,2297.2027270245294,2309.7189195858537,2233.6589801747314,2238.472900390625,122900,0.0,0.0
2020-04-14 00:00:00+09:00,2231.733681093683,2262.542774189023,2216.3291345460134,2251.9521484375,90600,0.0,0.0
2020-04-15 00:00:00+09:00,2272.170289746758,2297.2026742948156,2241.361201072226,2264.468017578125,88800,0.0,0.0
2020-04-16 00:00:00+09:00,2253.8775435974276,2283.7238502405376,2248.100839085858,2270.244873046875,62300,0.0,0.0
2020-04-17 00:00:00+09:00,2310.6816267498957,2357.8580432960393,2287.5748104823965,2303.942138671875,78600,0.0,0.0
2020-04-20 00:00:00+09:00,2303.9421355301733,2335.7140078546595,2302.0165675105077,2319.3466796875,54300,0.0,0.0
2020-04-21 00:00:00+09:00,2299.1282804161,2313.5700409714773,2265.430839120219,2300.091064453125,82800,0.0,0.0
2020-04-22 00:00:00+09:00,2283.7236637163764,2302.0165598422664,2263.505199577235,2281.798095703125,63400,0.0,0.0
2020-04-23 00:00:00+09:00,2287.5746311038242,2302.9791740742203,2269.281736326479,2284.686279296875,45400,0.0,0.0
2020-04-24 00:00:00+09:00,2284.6865854774564,2297.2027783182516,2263.505336054572,2280.83544921875,42800,0.0,0.0
2020-04-27 00:00:00+09:00,2290.463660893325,2293.3520135552335,2268.3196238186943,2273.133544921875,50900,0.0,0.0
2020-04-28 00:00:00+09:00,2278.9099651169427,2310.6818404227556,2252.914794412187,2305.867919921875,66300,0.0,0.0
2020-04-30 00:00:00+09:00,2306.830587617962,2324.1607005466444,2282.760986328125,2282.760986328125,122800,0.0,0.0
2020-05-01 00:00:00+09:00,2283.723520295516,2292.388575810972,2197.0729651409647,2214.403076171875,107400,0.0,0.0
2020-05-07 00:00:00+09:00,2212.477809272195,2224.99400227504,2153.747980566536,2173.003662109375,80800,0.0,0.0
2020-05-08 00:00:00+09:00,2182.6313219185336,2237.510009765625,2182.6313219185336,2237.510009765625,89600,0.0,0.0
2020-05-11 00:00:00+09:00,2270.244803292411,2309.7189495752727,2250.9891221788193,2304.905029296875,116300,0.0,0.0
2020-05-12 00:00:00+09:00,2310.6818046278627,2316.4585091394324,2266.3937367058284,2270.244873046875,62900,0.0,0.0
2020-05-13 00:00:00+09:00,2248.1004629814875,2263.5050057685125,2237.5098398154078,2255.802734375,64900,0.0,0.0
2020-05-14 00:00:00+09:00,2248.100830078125,2273.1332161946266,2236.547421101278,2248.100830078125,37800,0.0,0.0
2020-05-15 00:00:00+09:00,2257.728997391697,2280.8358186869636,2237.5105287583388,2273.133544921875,47100,0.0,0.0
2020-05-18 00:00:00+09:00,2298.165642578935,2324.1608132323204,2276.984392416917,2321.2724609375,57900,0.0,0.0
2020-05-19 00:00:00+09:00,2361.708817178695,2369.411088086738,2333.788085137039,2349.192626953125,56500,0.0,0.0
2020-05-20 00:00:00+09:00,2349.193273940614,2377.114013671875,2334.751512010651,2377.114013671875,57800,0.0,0.0
2020-05-21 00:00:00+09:00,2384.816273569189,2384.816273569189,2349.1932610047725,2370.37451171875,41900,0.0,0.0
2020-05-22 00:00:00+09:00,2373.2630332769927,2374.2258174689914,2354.007349437017,2367.486328125,37100,0.0,0.0
2020-05-25 00:00:00+09:00,2373.262220388784,2415.6247103267583,2373.262220388784,2410.810791015625,47300,0.0,0.0
2020-05-26 00:00:00+09:00,2450.2853694297214,2461.838777851394,2431.0296887269337,2452.2109375,71800,0.0,0.0
2020-05-27 00:00:00+09:00,2457.987909908431,2457.987909908431,2412.737055319439,2428.1416015625,60100,0.0,0.0
2020-05-28 00:00:00+09:00,2463.7644487639855,2473.392289517264,2438.7320628054613,2468.578369140625,67700,0.0,0.0
2020-05-29 00:00:00+09:00,2457.024843903789,2466.652684201218,2429.104107041246,2445.471435546875,75300,0.0,0.0
2020-06-01 00:00:00+09:00,2419.476304720234,2431.992497303347,2399.2578397782822,2412.73681640625,47300,0.0,0.0
2020-06-02 00:00:00+09:00,2422.364333797514,2448.359499541764,2421.4015498810604,2425.252685546875,52100,0.0,0.0
2020-06-03 00:00:00+09:00,2439.6943528687348,2446.433840031356,2400.2202137733843,2415.624755859375,52900,0.0,0.0
2020-06-04 00:00:00+09:00,2430.0667544458383,2446.43408203125,2410.811074933589,2446.43408203125,48700,0.0,0.0
2020-06-05 00:00:00+09:00,2444.5086617054903,2476.280534819425,2427.178549097889,2467.615478515625,48700,0.0,0.0
2020-06-08 00:00:00+09:00,2478.206267741896,2489.759676915518,2461.838938079265,2480.1318359375,53600,0.0,0.0
2020-06-09 00:00:00+09:00,2488.7967547770845,2489.759538821486,2468.5782898446596,2481.094482421875,35800,0.0,0.0
2020-06-10 00:00:00+09:00,2488.796772228966,2488.796772228966,2461.8388187966984,2472.429443359375,45400,0.0,0.0
2020-06-11 00:00:00+09:00,2461.8390542500615,2471.4668956824044,2450.28564453125,2450.28564453125,51600,0.0,0.0
2020-06-12 00:00:00+09:00,2423.327375470884,2440.657487810366,2399.2577749993816,2431.992431640625,68100,0.0,0.0
2020-06-15 00:00:00+09:00,2431.0296892156894,2443.545881675018,2383.853271484375,2383.853271484375,47800,0.0,0.0
2020-06-16 00:00:00+09:00,2424.290034083946,2455.09912109375,2409.8482745481006,2455.09912109375,70000,0.0,0.0
2020-06-17 00:00:00+09:00,2448.360264045845,2465.6903799533657,2433.9185007895776,2438.732421875,32600,0.0,0.0
2020-06-18 00:00:00+09:00,2435.843290892787,2459.912888628882,2413.69926097558,2449.322265625,39800,0.0,0.0
2020-06-19 00:00:00+09:00,2436.806431264456,2449.322623918126,2416.587966208528,2419.476318359375,73500,0.0,0.0
2020-06-22 00:00:00+09:00,2421.4019886363635,2439.694886363636,2405.997443181818,2435.84375,41400,0.0,0.0
2020-06-23 00:00:00+09:00,2435.8435677160655,2453.1736800555473,2415.6251033200033,2431.992431640625,38500,0.0,0.0
2020-06-24 00:00:00+09:00,2431.9925868969844,2442.583211780542,2416.5880416118093,2422.36474609375,24400,0.0,0.0
2020-06-25 00:00:00+09:00,2403.1090820702034,2435.843741040711,2403.1090820702034,2413.69970703125,45300,0.0,0.0
2020-06-26 00:00:00+09:00,2413.699689370839,2434.8809391379546,2406.9602008085753,2422.36474609375,31600,0.0,0.0
2020-06-29 00:00:00+09:00,2387.7045008856276,2407.9229664173204,2369.41160349981,2378.07666015625,51600,0.0,0.0
2020-06-30 00:00:00+09:00,2379.0393898203956,2397.3322867878533,2351.11865234375,2351.11865234375,47900,0.0,0.0
2020-07-01 00:00:00+09:00,2350.155795454168,2351.118579475247,2256.765745409492,2264.468017578125,77900,0.0,0.0
2020-07-02 00:00:00+09:00,2280.835843441612,2307.7938019120065,2266.394079975329,2286.612548828125,77700,0.0,0.0
2020-07-03 00:00:00+09:00,2290.462908152513,2304.904666715896,2245.212064653914,2266.393310546875,60800,0.0,0.0
2020-07-06 00:00:00+09:00,2276.0216258586597,2320.3096947205454,2276.0216258586597,2312.607421875,53500,0.0,0.0
2020-07-07 00:00:00+09:00,2321.272019551595,2326.0859391276044,2297.2024216715495,2310.681396484375,32600,0.0,0.0
2020-07-08 00:00:00+09:00,2291.426356553727,2323.198234606783,2263.505615234375,2263.505615234375,34600,0.0,0.0
2020-07-09 00:00:00+09:00,2280.835673214381,2280.835673214381,2251.9521484375,2251.9521484375,48400,0.0,0.0
2020-07-10 00:00:00+09:00,2243.2866305749394,2244.2494145365595,2181.66845703125,2181.66845703125,84600,0.0,0.0
2020-07-13 00:00:00+09:00,2200.9242787328258,2235.58450359476,2200.9242787328258,2233.658935546875,60600,0.0,0.0
2020-07-14 00:00:00+09:00,2223.0684391247687,2224.031223204078,2198.0360530627313,2210.55224609375,42100,0.0,0.0
2020-07-15 00:00:00+09:00,2233.659200465426,2263.5055087475066,2227.8824956366357,2262.542724609375,63600,0.0,0.0
2020-07-16 00:00:00+09:00,2261.580046867523,2291.426356553727,2255.8033417669676,2263.505615234375,57400,0.0,0.0
2020-07-17 00:00:00+09:00,2263.505081892217,2263.505081892217,2238.4726990214394,2258.691162109375,50400,0.0,0.0
2020-07-20 00:00:00+09:00,2252.914763857013,2255.8031161183685,2226.919593504817,2254.84033203125,47900,0.0,0.0
2020-07-21 00:00:00+09:00,2267.35654731223,2299.128422497497,2263.5054109261373,2283.723876953125,61400,0.0,0.0
2020-07-22 00:00:00+09:00,2283.7239176780367,2283.7239176780367,2250.9892578125,2250.9892578125,50300,0.0,0.0
2020-07-27 00:00:00+09:00,2250.9895322779607,2290.463685752467,2244.250042660362,2286.612548828125,68900,0.0,0.0
2020-07-28 00:00:00+09:00,2281.7982864705646,2290.46334325463,2245.2124911600663,2254.84033203125,50500,0.0,0.0
2020-07-29 00:00:00+09:00,2237.510149398451,2237.510149398451,2167.2269132082247,2168.189697265625,111800,0.0,0.0
2020-07-30 00:00:00+09:00,2179.7431818181817,2203.812784090909,2063.246306818182,2065.171875,165500,0.0,0.0
2020-07-31 00:00:00+09:00,2060.3579792831883,2074.79974082022,2016.0699105696244,2033.4000244140625,125000,0.0,0.0
2020-08-03 00:00:00+09:00,2039.1763581233238,2095.017825909515,2039.1763581233238,2064.208740234375,59600,0.0,0.0
2020-08-04 00:00:00+09:00,2069.023007058925,2136.417893282343,2066.134654792207,2133.529541015625,100100,0.0,0.0
2020-08-05 00:00:00+09:00,2126.7900975615694,2126.7900975615694,2077.688107984548,2085.390380859375,90500,0.0,0.0
2020-08-06 00:00:00+09:00,2081.5391732559237,2083.464741408797,2053.6184350392627,2067.097412109375,87400,0.0,0.0
2020-08-07 00:00:00+09:00,2068.0598389776583,2138.3430644177743,2044.9530251343326,2127.75244140625,265600,0.0,0.0
2020-08-11 00:00:00+09:00,2079.6134104553694,2145.0827215252602,2079.6134104553694,2124.8642578125,173700,0.0,0.0
2020-08-12 00:00:00+09:00,2163.3756506841087,2194.184738722334,2120.050370630355,2191.29638671875,122400,0.0,0.0
2020-08-13 00:00:00+09:00,2211.5149545449126,2241.361259982828,2191.2964895708405,2207.663818359375,85500,0.0,0.0
2020-08-14 00:00:00+09:00,2214.403118772889,2261.5795330423985,2202.8497111966826,2234.62158203125,126000,0.0,0.0
2020-08-17 00:00:00+09:00,2238.473282361187,2239.436066568654,2199.9619140625,2199.9619140625,86200,0.0,0.0
2020-08-18 00:00:00+09:00,2213.440415733564,2235.5844477308983,2191.2963837362295,2206.700927734375,97900,0.0,0.0
2020-08-19 00:00:00+09:00,2219.2172985670886,2228.845139341783,2200.9244010951693,2225.956787109375,112100,0.0,0.0
2020-08-20 00:00:00+09:00,2215.366063210461,2227.8822556579776,2187.4453262121547,2194.184814453125,115000,0.0,0.0
2020-08-21 00:00:00+09:00,2209.5891564410667,2238.4726748259172,2207.6635885487435,2214.403076171875,179400,0.0,0.0
2020-08-24 00:00:00+09:00,2206.7009447375985,2225.956624883651,2180.705776540428,2198.035888671875,161900,0.0,0.0
2020-08-25 00:00:00+09:00,2214.403210633774,2243.2867307724755,2214.403210633774,2228.844970703125,79700,0.0,0.0
2020-08-26 00:00:00+09:00,2240.398266934576,2262.5422979356485,2208.6263963678202,2258.691162109375,114300,0.0,0.0
2020-08-27 00:00:00+09:00,2267.3564078172185,2267.3564078172185,2226.9194782510517,2231.7333984375,95800,0.0,0.0
2020-08-28 00:00:00+09:00,2230.7705078125,2278.909707376861,2210.552043995468,2230.7705078125,348200,0.0,0.0
2020-08-31 00:00:00+09:00,2276.02139166337,2320.3094559681567,2265.4307675904865,2281.798095703125,224900,0.0,0.0
2020-09-01 00:00:00+09:00,2274.0958236501187,2287.57479974288,2251.9517914977255,2281.798095703125,109000,0.0,0.0
2020-09-02 00:00:00+09:00,2292.388916015625,2301.053972817028,2271.20766605664,2292.388916015625,58800,0.0,0.0
2020-09-03 00:00:00+09:00,2318.3838252619526,2318.3838252619526,2262.5423543877027,2285.649169921875,98900,0.0,0.0
2020-09-04 00:00:00+09:00,2259.6541786799353,2309.7189495752727,2257.728610568576,2304.905029296875,424300,0.0,0.0
2020-09-07 00:00:00+09:00,2308.7560327646684,2370.3742087850765,2308.7560327646684,2358.82080078125,196100,0.0,0.0
2020-09-08 00:00:00+09:00,2371.336970123695,2399.257705866118,2354.006858283571,2398.294921875,145800,0.0,0.0
2020-09-09 00:00:00+09:00,2379.039388247519,2423.327454560504,2368.448763694414,2419.476318359375,154400,0.0,0.0
2020-09-10 00:00:00+09:00,2429.104107041246,2456.0620598740466,2424.290186892532,2445.471435546875,82600,0.0,0.0
2020-09-11 00:00:00+09:00,2450.2849278013787,2458.949982555883,2431.0292505691477,2441.619873046875,122500,0.0,0.0
2020-09-14 00:00:00+09:00,2429.1039704702257,2457.9874897385994,2408.8855069823644,2446.43408203125,106600,0.0,0.0
2020-09-15 00:00:00+09:00,2436.806379279189,2445.471435546875,2413.6995625653603,2445.471435546875,79200,0.0,0.0
2020-09-16 00:00:00+09:00,2451.248313003445,2485.908540524311,2449.3227448078414,2480.1318359375,117400,0.0,0.0
2020-09-17 00:00:00+09:00,2489.7596413899864,2509.9781071553343,2464.7272552043178,2497.4619140625,101000,0.0,0.0
2020-09-18 00:00:00+09:00,2497.4619362063527,2530.1965953547783,2497.4619362063527,2526.345458984375,125300,0.0,0.0
2020-09-23 00:00:00+09:00,2517.679838687577,2547.5261388785198,2505.1636482849235,2538.861083984375,109400,0.0,0.0
2020-09-24 00:00:00+09:00,2537.8985204192395,2538.861304379945,2481.0942667376253,2494.5732421875,122700,0.0,0.0
2020-09-25 00:00:00+09:00,2503.238051163982,2539.8238380656094,2500.349699566485,2525.382080078125,149400,0.0,0.0
2020-09-28 00:00:00+09:00,2547.526535675014,2561.005512054247,2518.643014862372,2544.63818359375,455200,0.0,0.0
2020-09-29 00:00:00+09:00,2541.7496956168834,2541.7496956168834,2422.3644826409386,2446.43408203125,467900,0.0,0.0
2020-09-30 00:00:00+09:00,2455.0992758443035,2522.494157926304,2445.471435546875,2445.471435546875,142000,0.0,0.0
2020-10-02 00:00:00+09:00,2493.611115687218,2520.5690736946476,2440.65798388691,2454.136962890625,133000,0.0,0.0
2020-10-05 00:00:00+09:00,2473.3923689285243,2509.9781649656143,2473.3923689285243,2509.015380859375,93000,0.0,0.0
2020-10-06 00:00:00+09:00,2530.19630857124,2532.121876538189,2495.5360851661544,2506.126708984375,80900,0.0,0.0
2020-10-07 00:00:00+09:00,2491.6851877953177,2529.2337667458655,2479.168994811802,2521.531494140625,56300,0.0,0.0
2020-10-08 00:00:00+09:00,2522.4945596345156,2528.271264732915,2496.499386691717,2504.20166015625,48700,0.0,0.0
2020-10-09 00:00:00+09:00,2501.313068181818,2501.313068181818,2475.317897727273,2488.796875,40600,0.0,0.0
2020-10-12 00:00:00+09:00,2494.5734902154127,2494.5734902154127,2461.838832296723,2479.1689453125,34900,0.0,0.0
2020-10-13 00:00:00+09:00,2487.833636778469,2487.833636778469,2444.508360596182,2456.061767578125,28300,0.0,0.0
2020-10-14 00:00:00+09:00,2447.397013806757,2470.5038306168917,2441.6203096042236,2467.615478515625,37500,0.0,0.0
2020-10-15 00:00:00+09:00,2465.690322869924,2465.690322869924,2426.21617088333,2427.178955078125,51700,0.0,0.0
2020-10-16 00:00:00+09:00,2408.8855147929826,2418.5133545803246,2389.6298352182985,2400.220458984375,52400,0.0,0.0
2020-10-19 00:00:00+09:00,2406.960121960261,2450.2854041555456,2406.960121960261,2434.880859375,46300,0.0,0.0
2020-10-20 00:00:00+09:00,2419.4764204545454,2449.322727272727,2417.5508522727273,2435.84375,39100,0.0,0.0
2020-10-21 00:00:00+09:00,2424.2903850006164,2467.6156698794994,2424.2903850006164,2440.65771484375,38900,0.0,0.0
2020-10-22 00:00:00+09:00,2433.917771652761,2437.7689073674014,2407.922605578938,2423.3271484375,45300,0.0,0.0
2020-10-23 00:00:00+09:00,2417.550612857063,2431.9923727904984,2401.183284932503,2420.43896484375,35800,0.0,0.0
2020-10-26 00:00:00+09:00,2411.7740459571164,2438.7319993650203,2400.220637353729,2419.476318359375,39300,0.0,0.0
2020-10-27 00:00:00+09:00,2386.7417085862558,2411.7740943963577,2372.2999475419665,2408.8857421875,69000,0.0,0.0
2020-10-28 00:00:00+09:00,2397.332583346225,2431.030029296875,2376.1513316058167,2431.030029296875,46800,0.0,0.0
2020-10-29 00:00:00+09:00,2392.517942730389,2431.029297945365,2391.555158850015,2415.624755859375,41200,0.0,0.0
2020-10-30 00:00:00+09:00,2405.997619330689,2405.997619330689,2347.267785485482,2364.597900390625,80500,0.0,0.0
2020-11-02 00:00:00+09:00,2368.448471896657,2388.6669344616284,2332.8254664250408,2361.708984375,63800,0.0,0.0
2020-11-04 00:00:00+09:00,2373.2625886991427,2393.4810529436386,2348.2302043964337,2372.2998046875,61500,0.0,0.0
2020-11-05 00:00:00+09:00,2382.890059011051,2422.3641973623453,2371.336652664331,2410.810791015625,56400,0.0,0.0
2020-11-06 00:00:00+09:00,2426.215564145725,2426.215564145725,2386.7414220306555,2404.071533203125,44300,0.0,0.0
2020-11-09 00:00:00+09:00,2423.3273994553256,2423.3273994553256,2388.6671744333185,2392.518310546875,53900,0.0,0.0
2020-11-10 00:00:00+09:00,2418.5136803500986,2454.1366923616247,2403.109134615385,2440.65771484375,94900,0.0,0.0
2020-11-11 00:00:00+09:00,2474.35498046875,2486.8711729769575,2452.2109475696134,2474.35498046875,79000,0.0,0.0
2020-11-12 00:00:00+09:00,2474.3549218673647,2474.3549218673647,2431.992425150569,2462.801513671875,52200,0.0,0.0
2020-11-13 00:00:00+09:00,2443.545550500561,2445.4711183102545,2392.518003543694,2411.773681640625,50400,0.0,0.0
2020-11-16 00:00:00+09:00,2423.3276008921966,2452.2111241447856,2411.774191591161,2440.65771484375,69800,0.0,0.0
2020-11-17 00:00:00+09:00,2440.657288104072,2448.359559624716,2429.103880823106,2436.80615234375,49200,0.0,0.0
2020-11-18 00:00:00+09:00,2440.6574287505596,2440.6574287505596,2414.662260870376,2420.43896484375,29900,0.0,0.0
2020-11-19 00:00:00+09:00,2408.8860483809476,2408.8860483809476,2366.5235439330013,2367.486328125,64400,0.0,0.0
2020-11-20 00:00:00+09:00,2358.8208660863556,2358.8208660863556,2326.086209169239,2339.565185546875,51200,0.0,0.0
2020-11-24 00:00:00+09:00,2372.3000135197776,2380.9650703873417,2336.677001953125,2336.677001953125,50700,0.0,0.0
2020-11-25 00:00:00+09:00,2343.416360030389,2356.895336628756,2306.83056640625,2306.83056640625,60000,0.0,0.0
2020-11-26 00:00:00+09:00,2291.4264891133503,2297.20319454809,2273.1335885700087,2277.947509765625,52000,0.0,0.0
2020-11-27 00:00:00+09:00,2279.872722858043,2314.532950063655,2279.872722858043,2292.388916015625,71000,0.0,0.0
2020-11-30 00:00:00+09:00,2293.3513056297024,2384.815778356328,2235.584270223413,2271.207275390625,171700,0.0,0.0
2020-12-01 00:00:00+09:00,2271.2078887017824,2294.314709104005,2247.138284116134,2263.505615234375,59300,0.0,0.0
2020-12-02 00:00:00+09:00,2288.5379224541625,2288.5379224541625,2267.3566711735602,2276.021728515625,63400,0.0,0.0
2020-12-03 00:00:00+09:00,2290.463203537632,2324.16064453125,2268.319170884683,2324.16064453125,46000,0.0,0.0
2020-12-04 00:00:00+09:00,2320.3094605750643,2337.639572728737,2306.8304844555414,2334.751220703125,28000,0.0,0.0
2020-12-07 00:00:00+09:00,2330.900028539092,2330.900028539092,2307.793212890625,2307.793212890625,37300,0.0,0.0
2020-12-08 00:00:00+09:00,2308.7562722224034,2320.3096814245173,2299.128431220642,2305.867919921875,29200,0.0,0.0
2020-12-09 00:00:00+09:00,2305.867566880349,2320.309326171875,2301.053647116507,2320.309326171875,18700,0.0,0.0
2020-12-10 00:00:00+09:00,2322.2352096413133,2338.6025390625,2313.5701528889203,2338.6025390625,24700,0.0,0.0
2020-12-11 00:00:00+09:00,2324.160490432588,2337.63946593634,2311.6442988933904,2333.788330078125,31800,0.0,0.0
2020-12-14 00:00:00+09:00,2330.9001327299734,2349.193029269366,2322.235076474472,2324.16064453125,39300,0.0,0.0
2020-12-15 00:00:00+09:00,2319.3465730280577,2324.1604928558454,2306.83038147581,2318.3837890625,25200,0.0,0.0
2020-12-16 00:00:00+09:00,2318.3842645317054,2328.974890324832,2311.644775390625,2311.644775390625,31400,0.0,0.0
2020-12-17 00:00:00+09:00,2310.6815648466836,2316.4582687588,2298.165373037097,2307.793212890625,29100,0.0,0.0
2020-12-18 00:00:00+09:00,2312.6071916186697,2330.900087805495,2291.425943402345,2319.3466796875,41200,0.0,0.0
2020-12-21 00:00:00+09:00,2319.346834883187,2332.825811922774,2295.277233026782,2309.718994140625,39000,0.0,0.0
2020-12-22 00:00:00+09:00,2293.35164612828,2294.314430194665,2265.430908203125,2265.430908203125,47500,0.0,0.0
2020-12-23 00:00:00+09:00,2286.6125679177344,2286.6125679177344,2263.505746178776,2277.947509765625,40600,0.0,0.0
2020-12-24 00:00:00+09:00,2287.5745535480405,2311.6441511232515,2285.648985742024,2297.202392578125,56200,0.0,0.0
2020-12-25 00:00:00+09:00,2300.0908961471505,2315.495439612347,2296.2397602808514,2302.979248046875,26600,0.0,0.0
2020-12-28 00:00:00+09:00,2302.9798557615945,2310.6821295266836,2265.431271156786,2273.133544921875,62200,0.0,0.0
2020-12-29 00:00:00+09:00,2284.6869737345123,2305.8682267569143,2278.9102683647666,2302.01708984375,43900,0.0,0.0
2020-12-30 00:00:00+09:00,2305.868070412556,2331.8632428138667,2286.612387152326,2311.644775390625,59000,0.0,0.0
2021-01-04 00:00:00+09:00,2308.7559278509298,2308.7559278509298,2254.8400262831015,2258.691162109375,67900,0.0,0.0
2021-01-05 00:00:00+09:00,2252.9148990687445,2252.9148990687445,2214.4035332726976,2216.3291015625,63900,0.0,0.0
2021-01-06 00:00:00+09:00,2229.8077238212127,2241.361131716659,2224.031019873489,2230.7705078125,34800,0.0,0.0
2021-01-07 00:00:00+09:00,2241.361159708816,2251.951783745241,2231.7333196757027,2244.24951171875,47000,0.0,0.0
2021-01-08 00:00:00+09:00,2232.6963775359595,2242.32421875,2206.7012062580507,2242.32421875,94600,0.0,0.0
2021-01-12 00:00:00+09:00,2233.658643347891,2265.4305119817186,2228.844723857917,2259.65380859375,43600,0.0,0.0
2021-01-13 00:00:00+09:00,2256.765625,2264.4678967576792,2243.2866494240616,2256.765625,39600,0.0,0.0
2021-01-14 00:00:00+09:00,2252.914697968485,2288.5377081500383,2248.100777673681,2274.095947265625,59200,0.0,0.0
2021-01-15 00:00:00+09:00,2284.686279296875,2289.500198975124,2273.132872069078,2284.686279296875,45900,0.0,0.0
2021-01-18 00:00:00+09:00,2276.984505048423,2276.984505048423,2248.100980671488,2253.877685546875,32300,0.0,0.0
2021-01-19 00:00:00+09:00,2253.8771454874677,2310.681396484375,2244.249306335449,2310.681396484375,71500,0.0,0.0
2021-01-20 00:00:00+09:00,2332.8257612346015,2391.5555884881346,2328.974625021255,2388.667236328125,97400,0.0,0.0
2021-01-21 00:00:00+09:00,2401.1833172922034,2405.9972373348905,2334.751220703125,2334.751220703125,53200,0.0,0.0
2021-01-22 00:00:00+09:00,2341.490715106561,2341.490715106561,2303.942138671875,2303.942138671875,48500,0.0,0.0
2021-01-25 00:00:00+09:00,2316.4582687588,2328.9744605683863,2302.016508978508,2307.793212890625,28300,0.0,0.0
2021-01-26 00:00:00+09:00,2330.9002488271635,2347.267578125,2302.9795106132074,2347.267578125,41100,0.0,0.0
2021-01-27 00:00:00+09:00,2347.267578125,2364.5976914991797,2341.49087366694,2347.267578125,26800,0.0,0.0
2021-01-28 00:00:00+09:00,2334.7511140426786,2354.0067933337523,2318.3837866452664,2333.788330078125,56400,0.0,0.0
2021-01-29 00:00:00+09:00,2331.862951517503,2349.1930642868324,2280.8353972522564,2306.83056640625,108300,0.0,0.0
2021-02-01 00:00:00+09:00,2313.57033462818,2313.57033462818,2244.249875163665,2251.9521484375,113100,0.0,0.0
2021-02-02 00:00:00+09:00,2249.063293980489,2262.5422692012626,2233.6587508710336,2245.212158203125,60800,0.0,0.0
2021-02-03 00:00:00+09:00,2257.72817865524,2287.5744786715777,2254.8398270407556,2278.909423828125,62800,0.0,0.0
2021-02-04 00:00:00+09:00,2278.9098402604945,2298.165521209041,2257.7285912170933,2260.616943359375,49300,0.0,0.0
2021-02-05 00:00:00+09:00,2268.3196673743923,2298.165978787213,2261.5801777005295,2277.947509765625,64000,0.0,0.0
2021-02-08 00:00:00+09:00,2295.277079441677,2327.0489517661636,2295.277079441677,2319.3466796875,82900,0.0,0.0
2021-02-09 00:00:00+09:00,2319.3466207148585,2319.3466207148585,2290.463101154275,2307.793212890625,60500,0.0,0.0
2021-02-10 00:00:00+09:00,2296.240007805102,2304.9050644383283,2285.649383031158,2287.574951171875,56200,0.0,0.0
2021-02-12 00:00:00+09:00,2290.4634491552206,2308.75634765625,2284.686744365422,2308.75634765625,74400,0.0,0.0
2021-02-15 00:00:00+09:00,2320.309359445221,2324.16049531152,2298.165328214001,2302.979248046875,79500,0.0,0.0
2021-02-16 00:00:00+09:00,2308.756355521995,2332.8259588948267,2307.7935713870816,2330.900390625,51000,0.0,0.0
2021-02-17 00:00:00+09:00,2331.8630195344635,2355.9326213050504,2330.90023546364,2340.528076171875,59500,0.0,0.0
2021-02-18 00:00:00+09:00,2353.0443761725173,2359.7838649749756,2335.714262109054,2341.490966796875,61700,0.0,0.0
2021-02-19 00:00:00+09:00,2349.192856844688,2365.5601841259827,2338.602233309732,2342.453369140625,86600,0.0,0.0
2021-02-22 00:00:00+09:00,2342.453653573407,2381.9278006332133,2342.453653573407,2362.672119140625,92500,0.0,0.0
2021-02-24 00:00:00+09:00,2363.6350228552114,2395.4068989261777,2359.7838863617612,2370.37451171875,68600,0.0,0.0
2021-02-25 00:00:00+09:00,2397.332467172903,2402.1463877897163,2359.7838863617612,2370.37451171875,110400,0.0,0.0
2021-02-26 00:00:00+09:00,2380.964715196285,2380.964715196285,2320.309326171875,2320.309326171875,233300,0.0,0.0
2021-03-01 00:00:00+09:00,2348.2302383834576,2356.895294613655,2303.942173206894,2354.9697265625,267800,0.0,0.0
2021-03-02 00:00:00+09:00,2354.970007103004,2354.970007103004,2311.6447207908063,2337.639892578125,136600,0.0,0.0
2021-03-03 00:00:00+09:00,2345.3419244111474,2359.7836850294425,2315.495619133337,2322.235107421875,100300,0.0,0.0
2021-03-04 00:00:00+09:00,2312.606964314779,2324.1603712972005,2293.351286010742,2310.681396484375,138900,0.0,0.0
2021-03-05 00:00:00+09:00,2308.7562277311063,2323.197988955446,2236.5474216094076,2301.053955078125,577600,0.0,0.0
2021-03-08 00:00:00+09:00,2326.086363636364,2338.6025568181817,2276.0215909090907,2276.984375,112000,0.0,0.0
2021-03-09 00:00:00+09:00,2307.7930842017427,2368.448471896657,2294.3141091584284,2361.708984375,156300,0.0,0.0
2021-03-10 00:00:00+09:00,2370.374257067766,2400.220561685597,2340.5279524499347,2348.230224609375,130200,0.0,0.0
2021-03-11 00:00:00+09:00,2372.30025519341,2372.30025519341,2344.3795135535524,2352.081787109375,63100,0.0,0.0
2021-03-12 00:00:00+09:00,2340.527969573849,2344.3791056817454,2312.607232791602,2339.565185546875,120600,0.0,0.0
2021-03-15 00:00:00+09:00,2348.230262177056,2383.853271484375,2346.3046941063903,2383.853271484375,108100,0.0,0.0
2021-03-16 00:00:00+09:00,2389.6301487236265,2419.476455980046,2384.8162281983978,2418.513671875,87600,0.0,0.0
2021-03-17 00:00:00+09:00,2425.25296081826,2491.68505859375,2419.476256663869,2491.68505859375,128500,0.0,0.0
2021-03-18 00:00:00+09:00,2474.354661966202,2485.9080689481452,2447.3967123416674,2456.061767578125,202600,0.0,0.0
2021-03-19 00:00:00+09:00,2452.2109270569904,2500.3501286089536,2443.545870777637,2498.424560546875,120100,0.0,0.0
2021-03-22 00:00:00+09:00,2489.7595008198487,2528.2708620080907,2483.9827966416124,2513.8291015625,110600,0.0,0.0
2021-03-23 00:00:00+09:00,2517.68023777759,2522.494157926304,2445.471435546875,2445.471435546875,120600,0.0,0.0
2021-03-24 00:00:00+09:00,2436.8065746013935,2436.8065746013935,2380.9650964003345,2403.109130859375,101600,0.0,0.0
2021-03-25 00:00:00+09:00,2429.1041313986534,2448.3598121865934,2405.034530413728,2405.997314453125,75400,0.0,0.0
2021-03-26 00:00:00+09:00,2431.029448703267,2443.5456399243135,2407.922634141335,2436.80615234375,119700,0.0,0.0
2021-03-29 00:00:00+09:00,2435.8437589915684,2461.838929542071,2398.2951793075085,2405.03466796875,476200,0.0,0.0
2021-03-30 00:00:00+09:00,2399.222473524576,2408.9084746288336,2321.7344646905162,2333.357666015625,358500,15.0,0.0
2021-03-31 00:00:00+09:00,2315.9232559890256,2327.546459281317,2261.681640625,2261.681640625,159500,0.0,0.0
2021-04-01 00:00:00+09:00,2262.650234241908,2292.676842658646,2259.744433427385,2274.2734375,96500,0.0,0.0
2021-04-02 00:00:00+09:00,2277.1791864827646,2313.985995962282,2275.2419859838424,2302.36279296875,96300,0.0,0.0
2021-04-05 00:00:00+09:00,2301.394250842842,2334.32666015625,2293.645448651452,2334.32666015625,76100,0.0,0.0
2021-04-06 00:00:00+09:00,2350.7930146033023,2361.447618295365,2299.4571968142727,2305.268798828125,69100,0.0,0.0
2021-04-07 00:00:00+09:00,2312.0489863191956,2341.106996201716,2312.0489863191956,2330.452392578125,44600,0.0,0.0
2021-04-08 00:00:00+09:00,2315.923028978905,2323.6718304142173,2296.551025390625,2296.551025390625,46900,0.0,0.0
2021-04-09 00:00:00+09:00,2305.2686001282254,2321.7348044148557,2289.77099609375,2289.77099609375,43300,0.0,0.0
2021-04-12 00:00:00+09:00,2301.3940595797458,2313.017261900856,2277.1790547441005,2306.237060546875,33900,0.0,0.0
2021-04-13 00:00:00+09:00,2313.986137467724,2317.860538702496,2283.959527898239,2285.896728515625,32300,0.0,0.0
2021-04-14 00:00:00+09:00,2295.5827084103144,2304.30011110048,2281.053703926705,2293.6455078125,30400,0.0,0.0
2021-04-15 00:00:00+09:00,2302.363060709292,2309.1432632439846,2285.896854553609,2294.6142578125,32400,0.0,0.0
2021-04-16 00:00:00+09:00,2289.771256002005,2301.3944603471928,2270.3992487600253,2294.6142578125,59200,0.0,0.0
2021-04-19 00:00:00+09:00,2281.0537018488244,2292.6769054251245,2256.8386943982,2263.618896484375,71900,0.0,0.0
2021-04-20 00:00:00+09:00,2247.1525779213725,2258.775780910621,2229.7177734375,2229.7177734375,61900,0.0,0.0
2021-04-21 00:00:00+09:00,2224.8750870246654,2232.623890113998,2199.691476984334,2206.4716796875,78300,0.0,0.0
2021-04-22 00:00:00+09:00,2221.0006929723227,2247.1529034870427,2210.346088688548,2223.906494140625,41400,0.0,0.0
2021-04-23 00:00:00+09:00,2226.8122953089273,2245.2157027081744,2218.094891804021,2223.906494140625,49800,0.0,0.0
2021-04-26 00:00:00+09:00,2237.466899592702,2237.466899592702,2205.5030867413775,2223.906494140625,52300,0.0,0.0
2021-04-27 00:00:00+09:00,2222.937461115984,2253.932667545488,2210.345658503998,2225.84326171875,53300,0.0,0.0
2021-04-28 00:00:00+09:00,2231.6548795049935,2244.246682210534,2218.0944765913346,2230.686279296875,48600,0.0,0.0
2021-04-30 00:00:00+09:00,2227.780990434368,2252.964601630583,2222.93798828125,2222.93798828125,46700,0.0,0.0
2021-05-06 00:00:00+09:00,2237.4666471551536,2247.152649956691,2216.157440991771,2236.498046875,70800,0.0,0.0
2021-05-07 00:00:00+09:00,2247.1526431955213,2258.7758465223947,2239.4038409776053,2249.08984375,32600,0.0,0.0
2021-05-10 00:00:00+09:00,2249.0896555047284,2258.77565746642,2206.4712468732864,2208.408447265625,113300,0.0,0.0
2021-05-11 00:00:00+09:00,2210.3456591493596,2228.7490629722506,2180.3190529120106,2183.224853515625,111700,0.0,0.0
2021-05-12 00:00:00+09:00,2181.2877411669792,2202.5969464536906,2176.444739965454,2194.84814453125,77400,0.0,0.0
2021-05-13 00:00:00+09:00,2181.2876754855856,2207.4398811863452,2165.7900721073574,2175.47607421875,81600,0.0,0.0
2021-05-14 00:00:00+09:00,2188.0684508877375,2226.812469495754,2188.0684508877375,2217.12646484375,49100,0.0,0.0
2021-05-17 00:00:00+09:00,2235.529329736033,2246.1839322607716,2215.1887249160777,2245.21533203125,60100,0.0,0.0
2021-05-18 00:00:00+09:00,2251.995232932926,2261.681233934788,2219.062829526595,2243.27783203125,40800,0.0,0.0
2021-05-19 00:00:00+09:00,2217.1259477095173,2239.4037532129328,2214.2201469916804,2237.466552734375,42800,0.0,0.0
2021-05-20 00:00:00+09:00,2227.780605434959,2248.121210962843,2227.780605434959,2239.40380859375,27100,0.0,0.0
2021-05-21 00:00:00+09:00,2227.780801044841,2240.372605572486,2218.0947975620375,2224.875,41700,0.0,0.0
2021-05-24 00:00:00+09:00,2205.5029541015624,2231.6551630434783,2195.816950789742,2227.78076171875,33500,0.0,0.0
2021-05-25 00:00:00+09:00,2229.717858560556,2233.592259704884,2206.4714516945905,2211.314453125,41300,0.0,0.0
2021-05-26 00:00:00+09:00,2208.4084638265863,2220.031666267779,2197.7538615888266,2213.25146484375,33100,0.0,0.0
2021-05-27 00:00:00+09:00,2204.5342511224267,2246.184063423949,2204.5342511224267,2211.314453125,93000,0.0,0.0
2021-05-28 00:00:00+09:00,2247.1522787569324,2279.1160827220097,2238.434877675548,2270.398681640625,75700,0.0,0.0
2021-05-31 00:00:00+09:00,2260.712935703597,2290.7395428187688,2245.21533203125,2245.21533203125,60700,0.0,0.0
2021-06-01 00:00:00+09:00,2255.8701958001507,2265.5561992170683,2236.498188966315,2250.05859375,35200,0.0,0.0
2021-06-02 00:00:00+09:00,2232.623533181507,2279.116344284636,2230.6863327188767,2275.241943359375,62700,0.0,0.0
2021-06-03 00:00:00+09:00,2279.1162386807528,2302.3626431551847,2274.2732377485795,2301.39404296875,53400,0.0,0.0
2021-06-04 00:00:00+09:00,2283.9592897848315,2295.5824922773754,2258.7756843843204,2273.3046875,70300,0.0,0.0
2021-06-07 00:00:00+09:00,2295.582425211211,2299.456825928867,2274.2732212641026,2296.551025390625,36500,0.0,0.0
2021-06-08 00:00:00+09:00,2302.3627803705654,2332.389387939555,2302.3627803705654,2327.54638671875,41400,0.0,0.0
2021-06-09 00:00:00+09:00,2333.358124156057,2375.9765373826517,2332.3895238554524,2353.69873046875,69500,0.0,0.0
2021-06-10 00:00:00+09:00,2369.1965097261273,2372.1023108418995,2338.201297824559,2346.918701171875,46300,0.0,0.0
2021-06-11 00:00:00+09:00,2361.447260147811,2361.447260147811,2314.954451088297,2331.420654296875,57200,0.0,0.0
2021-06-14 00:00:00+09:00,2337.2326579625524,2356.604665073721,2319.7978515625,2319.7978515625,26800,0.0,0.0
2021-06-15 00:00:00+09:00,2326.578133175492,2327.5467335639914,2300.425922686009,2313.986328125,35700,0.0,0.0
2021-06-16 00:00:00+09:00,2323.672212794908,2323.672212794908,2284.928199242679,2292.677001953125,44000,0.0,0.0
2021-06-17 00:00:00+09:00,2285.8964234170708,2313.9858286200774,2275.241821443517,2296.551025390625,33700,0.0,0.0
2021-06-18 00:00:00+09:00,2300.425588830556,2300.425588830556,2272.336181640625,2272.336181640625,45900,0.0,0.0
2021-06-21 00:00:00+09:00,2247.152863465665,2263.619069792784,2237.4668597438304,2256.8388671875,54500,0.0,0.0
2021-06-22 00:00:00+09:00,2288.802780882865,2311.08059043018,2281.0539775620596,2303.331787109375,43900,0.0,0.0
2021-06-23 00:00:00+09:00,2294.613825031797,2310.1114279024214,2285.8964234170708,2296.551025390625,26700,0.0,0.0
2021-06-24 00:00:00+09:00,2282.9907780251497,2288.8023794965757,2271.3675750822977,2284.927978515625,25600,0.0,0.0
2021-06-25 00:00:00+09:00,2295.582787031647,2296.551387363728,2278.1479810541914,2287.833984375,26700,0.0,0.0
2021-06-28 00:00:00+09:00,2286.8655971604953,2296.551601383962,2277.1795929370282,2278.148193359375,32700,0.0,0.0
2021-06-29 00:00:00+09:00,2276.2107094280786,2281.0537109375,2252.9643021828556,2281.0537109375,49300,0.0,0.0
2021-06-30 00:00:00+09:00,2282.9908629849424,2295.5826666416265,2266.524658203125,2266.524658203125,42600,0.0,0.0
2021-07-01 00:00:00+09:00,2266.5246994430954,2294.6141081114074,2265.556099144188,2293.6455078125,42300,0.0,0.0
2021-07-02 00:00:00+09:00,2292.676861654192,2323.6720705992425,2291.7082613746593,2309.14306640625,52200,0.0,0.0
2021-07-05 00:00:00+09:00,2309.143263346354,2329.4838709513347,2303.3316611735027,2324.640869140625,44800,0.0,0.0
2021-07-06 00:00:00+09:00,2334.326896336863,2347.887301543799,2323.672292245699,2346.918701171875,28200,0.0,0.0
2021-07-07 00:00:00+09:00,2322.703597365689,2334.3268013558427,2314.9547947055867,2317.860595703125,32200,0.0,0.0
2021-07-08 00:00:00+09:00,2313.017261900856,2329.4834651890947,2305.268460353449,2306.237060546875,52300,0.0,0.0
2021-07-09 00:00:00+09:00,2277.1791153662316,2302.3627210657305,2266.524512954905,2295.58251953125,80000,0.0,0.0
2021-07-12 00:00:00+09:00,2319.7974300029114,2350.792635748253,2317.8602296438276,2339.16943359375,68400,0.0,0.0
2021-07-13 00:00:00+09:00,2347.8870896270037,2359.510293040999,2331.4208847905106,2356.6044921875,57100,0.0,0.0
2021-07-14 00:00:00+09:00,2330.4522428453092,2349.8242481889943,2329.483642578125,2329.483642578125,38000,0.0,0.0
2021-07-15 00:00:00+09:00,2338.200939798275,2344.981141363556,2310.1115333135403,2313.017333984375,47200,0.0,0.0
2021-07-16 00:00:00+09:00,2306.237265567652,2335.2952739536363,2305.268665288119,2309.14306640625,46900,0.0,0.0
2021-07-19 00:00:00+09:00,2287.8337463664725,2292.6767475230486,2261.6815401209624,2275.241943359375,76200,0.0,0.0
2021-07-20 00:00:00+09:00,2264.587598875377,2282.022405025829,2247.152792724925,2250.05859375,63200,0.0,0.0
2021-07-21 00:00:00+09:00,2260.712757590288,2276.2103600416353,2256.8383569774514,2264.587158203125,50300,0.0,0.0
2021-07-26 00:00:00+09:00,2285.8965459038423,2297.5197486796246,2269.430341971484,2275.241943359375,41100,0.0,0.0
2021-07-27 00:00:00+09:00,2290.7395288413095,2315.9231346552097,2278.147725934359,2313.017333984375,47200,0.0,0.0
2021-07-28 00:00:00+09:00,2296.5514979874392,2300.4258995023906,2280.085291548896,2291.70849609375,32300,0.0,0.0
2021-07-29 00:00:00+09:00,2286.8652017675327,2303.3314061004626,2276.2105989638717,2277.17919921875,28400,0.0,0.0
2021-07-30 00:00:00+09:00,2283.9598510016194,2283.9598510016194,2268.4622438701413,2280.08544921875,59100,0.0,0.0
2021-08-02 00:00:00+09:00,2278.1481763167576,2321.7351949962876,2278.1481763167576,2303.331787109375,67000,0.0,0.0
2021-08-03 00:00:00+09:00,2290.7396027870454,2300.4256053358276,2272.336197944359,2277.17919921875,35200,0.0,0.0
2021-08-04 00:00:00+09:00,2278.1479477461226,2282.0223490177996,2248.121337890625,2248.121337890625,43700,0.0,0.0
2021-08-05 00:00:00+09:00,2239.40395826578,2269.4305684328388,2237.466757609841,2240.37255859375,52100,0.0,0.0
2021-08-06 00:00:00+09:00,2242.309481794297,2259.7442855404297,2228.749078880638,2230.686279296875,117600,0.0,0.0
2021-08-10 00:00:00+09:00,2230.6862293590198,2258.775634765625,2222.9374278675427,2258.775634765625,100000,0.0,0.0
2021-08-11 00:00:00+09:00,2256.838456644659,2265.5558584085225,2244.246654096856,2251.02685546875,57300,0.0,0.0
2021-08-12 00:00:00+09:00,2252.9642286041353,2252.9642286041353,2239.4038248206193,2244.246826171875,35500,0.0,0.0
2021-08-13 00:00:00+09:00,2244.246376400274,2251.0265769332054,2233.5917755628107,2241.340576171875,110000,0.0,0.0
2021-08-16 00:00:00+09:00,2238.4352083305175,2247.1526106996107,2231.6550064878893,2239.40380859375,71400,0.0,0.0
2021-08-17 00:00:00+09:00,2239.403697736135,2251.9955005348243,2232.6234962291487,2235.529296875,57000,0.0,0.0
2021-08-18 00:00:00+09:00,2227.780490451389,2227.780490451389,2191.942282561519,2205.502685546875,190100,0.0,0.0
2021-08-19 00:00:00+09:00,2205.502767209899,2238.4351756794363,2205.502767209899,2229.7177734375,83200,0.0,0.0
2021-08-20 00:00:00+09:00,2219.0633979103177,2251.02720940357,2219.0633979103177,2224.875,198800,0.0,0.0
2021-08-23 00:00:00+09:00,2231.6553921568625,2249.0901999080884,2221.9693878506264,2222.93798828125,104900,0.0,0.0
2021-08-24 00:00:00+09:00,2222.937799303439,2233.5924031345235,2216.1575968654765,2224.875,106200,0.0,0.0
2021-08-25 00:00:00+09:00,2228.749386232781,2272.336401608911,2228.749386232781,2250.05859375,84300,0.0,0.0
2021-08-26 00:00:00+09:00,2262.6503757408977,2291.7083857033235,2262.6503757408977,2287.833984375,66800,0.0,0.0
2021-08-27 00:00:00+09:00,2274.2732659360126,2274.2732659360126,2232.6234574031128,2238.43505859375,488800,0.0,0.0
2021-08-30 00:00:00+09:00,2263.6189055035825,2287.8339130506897,2241.341098560244,2281.0537109375,133900,0.0,0.0
2021-08-31 00:00:00+09:00,2281.053813036463,2281.053813036463,2251.9958026793106,2267.493408203125,119900,0.0,0.0
2021-09-01 00:00:00+09:00,2234.5607975075945,2278.147809162489,2206.4713899966623,2221.968994140625,237100,0.0,0.0
2021-09-02 00:00:00+09:00,2238.4351553449774,2238.4351553449774,2172.570339004234,2194.84814453125,288400,0.0,0.0
2021-09-03 00:00:00+09:00,2203.565682878257,2223.906289181749,2203.565682878257,2221.00048828125,151200,0.0,0.0
2021-09-06 00:00:00+09:00,2227.78061198483,2238.4352149117144,2218.094609324027,2226.81201171875,105200,0.0,0.0
2021-09-07 00:00:00+09:00,2245.2156002626416,2268.4620085483634,2238.4353978459726,2267.493408203125,192600,0.0,0.0
2021-09-08 00:00:00+09:00,2272.336020905275,2302.3626264671093,2270.3988205464466,2296.551025390625,101800,0.0,0.0
2021-09-09 00:00:00+09:00,2294.6141887198974,2347.88720703125,2294.6141887198974,2347.88720703125,141100,0.0,0.0
2021-09-10 00:00:00+09:00,2349.824140849866,2363.384543971011,2344.0125395122327,2355.6357421875,114800,0.0,0.0
2021-09-13 00:00:00+09:00,2370.1649552705435,2418.594970703125,2363.384753109982,2418.594970703125,136000,0.0,0.0
2021-09-14 00:00:00+09:00,2421.500796363467,2445.715804327102,2408.908992222377,2440.872802734375,96700,0.0,0.0
2021-09-15 00:00:00+09:00,2431.18712165001,2450.55913058746,2416.658114946922,2435.0615234375,77400,0.0,0.0
2021-09-16 00:00:00+09:00,2432.1555095458784,2432.1555095458784,2375.976688536854,2384.694091796875,90000,0.0,0.0
2021-09-17 00:00:00+09:00,2387.5998850812816,2404.06609118529,2381.7882829269256,2397.285888671875,77200,0.0,0.0
2021-09-21 00:00:00+09:00,2353.6987413019365,2411.814759605688,2351.761540691811,2401.16015625,80300,0.0,0.0
2021-09-22 00:00:00+09:00,2397.2858402256907,2399.223040904661,2352.730224609375,2352.730224609375,72400,0.0,0.0
2021-09-24 00:00:00+09:00,2364.35331979559,2383.7253256931367,2364.35331979559,2378.88232421875,116200,0.0,0.0
2021-09-27 00:00:00+09:00,2379.851043183925,2430.2182610290874,2377.9138424975727,2400.191650390625,274700,0.0,0.0
2021-09-28 00:00:00+09:00,2377.91414185318,2396.3175506903326,2358.5421325509137,2372.1025390625,437000,0.0,0.0
2021-09-29 00:00:00+09:00,2331.287299228202,2333.2308484564037,2288.52921620776,2329.34375,366100,8.0,0.0
2021-09-30 00:00:00+09:00,2319.626311726653,2367.243274137464,2316.7109874974194,2353.638427734375,164000,0.0,0.0
2021-10-01 00:00:00+09:00,2352.6668115296206,2353.6385863381834,2284.642574930251,2302.134521484375,101100,0.0,0.0
2021-10-04 00:00:00+09:00,2311.852390093599,2325.457238122733,2278.812044879987,2310.880615234375,112700,0.0,0.0
2021-10-05 00:00:00+09:00,2306.021364177889,2306.021364177889,2267.15037615972,2279.783447265625,82500,0.0,0.0
2021-10-06 00:00:00+09:00,2265.206804686637,2271.0374528325488,2200.097900390625,2200.097900390625,187300,0.0,0.0
2021-10-07 00:00:00+09:00,2200.097806422433,2218.561524762551,2148.59375,2148.59375,186000,0.0,0.0
2021-10-08 00:00:00+09:00,2165.113972854101,2186.493015674025,2157.339775465038,2168.029296875,136900,0.0,0.0
2021-10-11 00:00:00+09:00,2169.972967529297,2176.775390625,2152.48102242606,2176.775390625,92300,0.0,0.0
2021-10-12 00:00:00+09:00,2169.972934069104,2182.6060053377555,2090.2874076053035,2092.23095703125,377700,0.0,0.0
2021-10-13 00:00:00+09:00,2088.3440254200646,2097.089998537226,2062.1061060685793,2063.077880859375,201400,0.0,0.0
2021-10-14 00:00:00+09:00,2059.1904296875,2077.6541475563354,2025.1783178238557,2059.1904296875,202800,0.0,0.0
2021-10-15 00:00:00+09:00,2074.7389312362493,2100.005072787604,2068.908283185937,2098.0615234375,142900,0.0,0.0
2021-10-18 00:00:00+09:00,2100.976657399641,2106.8073049224895,2086.400038592521,2100.0048828125,87700,0.0,0.0
2021-10-19 00:00:00+09:00,2100.0048828125,2107.779079509631,2097.089559051076,2100.0048828125,47600,0.0,0.0
2021-10-20 00:00:00+09:00,2105.8358015414483,2130.1301693488026,2105.8358015414483,2109.722900390625,98000,0.0,0.0
2021-10-21 00:00:00+09:00,2120.412577539794,2123.3279018902153,2070.852063582631,2075.7109375,127800,0.0,0.0
2021-10-22 00:00:00+09:00,2073.767403558128,2080.569827093698,2056.275457323805,2063.077880859375,136100,0.0,0.0
2021-10-25 00:00:00+09:00,2063.077650950644,2072.7953977756592,2047.5292560306204,2050.444580078125,70100,0.0,0.0
2021-10-26 00:00:00+09:00,2050.4444308617826,2059.190402367828,2045.5855578028686,2049.47265625,78800,0.0,0.0
2021-10-27 00:00:00+09:00,2053.3601329514177,2063.077880859375,2043.6423850434599,2063.077880859375,75400,0.0,0.0
2021-10-28 00:00:00+09:00,2062.106090531367,2093.202883602528,2062.106090531367,2075.7109375,156800,0.0,0.0
2021-10-29 00:00:00+09:00,2069.8804909383766,2081.5417894788743,2063.078066789753,2078.62646484375,59200,0.0,0.0
2021-11-01 00:00:00+09:00,2085.4286008481627,2099.033447265625,2076.6826281512226,2099.033447265625,65200,0.0,0.0
2021-11-02 00:00:00+09:00,2110.6947161122002,2114.5818150369005,2100.0051940692747,2106.8076171875,64200,0.0,0.0
2021-11-04 00:00:00+09:00,2106.8077378559947,2115.5537109375,2092.2311160534855,2115.5537109375,83800,0.0,0.0
2021-11-05 00:00:00+09:00,2114.5815161401097,2129.1581350473257,2101.948446420523,2122.355712890625,62300,0.0,0.0
2021-11-08 00:00:00+09:00,2135.961140266498,2142.7635642800856,2124.299841957491,2138.87646484375,94700,0.0,0.0
2021-11-09 00:00:00+09:00,2138.8762642676675,2141.791588571531,2118.468994140625,2118.468994140625,59800,0.0,0.0
2021-11-10 00:00:00+09:00,2120.4122450086807,2130.1299913194443,2100.004977756076,2116.525146484375,52500,0.0,0.0
2021-11-11 00:00:00+09:00,2117.497163366099,2137.9044329533813,2110.6947401703383,2134.017333984375,51300,0.0,0.0
2021-11-12 00:00:00+09:00,2134.017266731384,2161.226958656921,2115.5535472104843,2127.21484375,109600,0.0,0.0
2021-11-15 00:00:00+09:00,2127.2148812171254,2161.2269967231096,2127.2148812171254,2159.283447265625,92300,0.0,0.0
2021-11-16 00:00:00+09:00,2159.283499099228,2178.718994140625,2154.4246253388787,2178.718994140625,84800,0.0,0.0
2021-11-17 00:00:00+09:00,2170.944553521695,2172.888102808644,2126.242919921875,2126.242919921875,66000,0.0,0.0
2021-11-18 00:00:00+09:00,2130.130314481431,2154.4246839440384,2123.327891031901,2145.6787109375,67000,0.0,0.0
2021-11-19 00:00:00+09:00,2151.5093467182533,2151.5093467182533,2119.440779219743,2140.81982421875,63400,0.0,0.0
2021-11-22 00:00:00+09:00,2137.904689984666,2144.7071139982536,2109.723219071232,2138.87646484375,88600,0.0,0.0
2021-11-24 00:00:00+09:00,2133.0456729120333,2141.7916460583697,2100.0053299147626,2102.920654296875,76800,0.0,0.0
2021-11-25 00:00:00+09:00,2117.4970703125,2120.4123944111407,2095.1462522229235,2117.4970703125,57500,0.0,0.0
2021-11-26 00:00:00+09:00,2111.6663688882295,2111.6663688882295,2086.4002273368747,2098.0615234375,78200,0.0,0.0
2021-11-29 00:00:00+09:00,2058.2190256501704,2071.823872845214,2028.0940068611453,2032.952880859375,145100,0.0,0.0
2021-11-30 00:00:00+09:00,2031.0089789496526,2076.682386610243,2025.1783311631943,2029.0654296875,120500,0.0,0.0
2021-12-01 00:00:00+09:00,2021.2915832636234,2037.811754857605,2002.82786207035,2032.952880859375,70800,0.0,0.0
2021-12-02 00:00:00+09:00,2021.2912732314148,2041.6985408938474,2010.6017520749026,2026.150146484375,113400,0.0,0.0
2021-12-03 00:00:00+09:00,2029.0657927684294,2048.501288867744,2019.3480447187721,2046.5577392578125,124800,0.0,0.0
2021-12-06 00:00:00+09:00,2043.642157763881,2059.1905526874293,2039.7550590329938,2041.6986083984375,60800,0.0,0.0
2021-12-07 00:00:00+09:00,2042.6706447849026,2097.090033989448,2042.6706447849026,2095.146484375,86800,0.0,0.0
2021-12-08 00:00:00+09:00,2099.0337038106236,2107.7796775765014,2079.598206553118,2103.892578125,74300,0.0,0.0
2021-12-09 00:00:00+09:00,2103.8924134954927,2116.525485724334,2093.2028908403195,2115.5537109375,57300,0.0,0.0
2021-12-10 00:00:00+09:00,2115.5537109375,2127.2150083795073,2098.061764774489,2115.5537109375,73100,0.0,0.0
2021-12-13 00:00:00+09:00,2127.2150083795073,2127.2150083795073,2109.723062216496,2115.5537109375,44800,0.0,0.0
2021-12-14 00:00:00+09:00,2112.6379403441492,2131.101657394075,2103.8919691099736,2130.1298828125,56700,0.0,0.0
2021-12-15 00:00:00+09:00,2114.5817329806805,2133.045452156523,2109.722859513354,2112.63818359375,49400,0.0,0.0
2021-12-16 00:00:00+09:00,2114.5816107420983,2123.3275824777043,2100.976765820044,2121.384033203125,67000,0.0,0.0
2021-12-17 00:00:00+09:00,2117.496839921553,2127.214585859697,2110.694417764852,2122.355712890625,66000,0.0,0.0
2021-12-20 00:00:00+09:00,2113.610068427192,2119.4407168918183,2095.1463482892073,2099.033447265625,58300,0.0,0.0
2021-12-21 00:00:00+09:00,2110.6946474156725,2118.468845012047,2101.948675119751,2117.4970703125,69400,0.0,0.0
2021-12-22 00:00:00+09:00,2116.5253233766844,2120.4124222258606,2105.8358015414483,2109.722900390625,51100,0.0,0.0
2021-12-23 00:00:00+09:00,2114.5819104753114,2119.4407843504846,2099.033514074758,2105.8359375,57500,0.0,0.0
2021-12-24 00:00:00+09:00,2099.03374515784,2114.5821432701205,2099.03374515784,2100.977294921875,46500,0.0,0.0
2021-12-27 00:00:00+09:00,2099.0331488212464,2104.863796456861,2084.45652973221,2097.089599609375,82300,0.0,0.0
2021-12-28 00:00:00+09:00,2097.0896136018455,2119.4404296875,2095.146064377006,2119.4404296875,87700,0.0,0.0
2021-12-29 00:00:00+09:00,2121.3841125406207,2168.029296875,2115.5534644988234,2168.029296875,100400,0.0,0.0
2021-12-30 00:00:00+09:00,2146.6503100597047,2152.48095825362,2132.0736895749174,2134.989013671875,59500,0.0,0.0
2022-01-04 00:00:00+09:00,2158.311441983611,2160.2549912334835,2132.07352711033,2146.650146484375,60900,0.0,0.0
2022-01-05 00:00:00+09:00,2160.2551136343623,2160.2551136343623,2142.763169394408,2155.396240234375,53000,0.0,0.0
2022-01-06 00:00:00+09:00,2138.8762076956327,2142.763306664639,2121.384262335105,2134.017333984375,73100,0.0,0.0
2022-01-07 00:00:00+09:00,2134.0171714469175,2146.6502421339897,2124.2994247645547,2128.1865234375,58800,0.0,0.0
2022-01-11 00:00:00+09:00,2117.4972296743786,2140.81982421875,2108.7512567202393,2140.81982421875,60000,0.0,0.0
2022-01-12 00:00:00+09:00,2145.678847408122,2151.5094964499917,2136.932873845317,2141.791748046875,60900,0.0,0.0
2022-01-13 00:00:00+09:00,2134.017281476189,2134.98905619453,2114.581787109375,2114.581787109375,61600,0.0,0.0
2022-01-14 00:00:00+09:00,2114.5816780821915,2128.1865234375,2098.0615087221745,2128.1865234375,69300,0.0,0.0
2022-01-17 00:00:00+09:00,2127.214546241674,2143.7347140288407,2118.4685750602325,2142.762939453125,43500,0.0,0.0
2022-01-18 00:00:00+09:00,2146.6503925192906,2159.2834640913825,2121.384249375107,2129.158447265625,54300,0.0,0.0
2022-01-19 00:00:00+09:00,2113.6099992398017,2125.2712957873314,2101.9487026922716,2109.722900390625,95600,0.0,0.0
2022-01-20 00:00:00+09:00,2113.610038513016,2136.9326320414357,2113.610038513016,2124.299560546875,63200,0.0,0.0
2022-01-21 00:00:00+09:00,2103.8923169745776,2134.017333984375,2102.9205422323257,2134.017333984375,77300,0.0,0.0
2022-01-24 00:00:00+09:00,2135.9612183775557,2150.537841796875,2120.4128200636155,2150.537841796875,44300,0.0,0.0
2022-01-25 00:00:00+09:00,2149.56602993133,2149.56602993133,2122.3563333499205,2135.961181640625,83700,0.0,0.0
2022-01-26 00:00:00+09:00,2142.7632804235404,2145.678604614593,2122.356011086173,2124.299560546875,43300,0.0,0.0
2022-01-27 00:00:00+09:00,2118.468889182973,2118.468889182973,2069.880153192538,2079.597900390625,126800,0.0,0.0
2022-01-28 00:00:00+09:00,2084.4567305279083,2123.327718509781,2084.4567305279083,2117.4970703125,120700,0.0,0.0
2022-01-31 00:00:00+09:00,2113.610038513016,2135.9608573110845,2105.8358406702096,2124.299560546875,77500,0.0,0.0
2022-02-01 00:00:00+09:00,2124.299302749599,2129.1581758116977,2112.6380074005615,2119.4404296875,65100,0.0,0.0
2022-02-02 00:00:00+09:00,2121.3843695623223,2144.70696455522,2119.4408199795807,2137.904541015625,81600,0.0,0.0
2022-02-03 00:00:00+09:00,2128.186617022896,2145.6785618203444,2128.186617022896,2144.706787109375,40100,0.0,0.0
2022-02-04 00:00:00+09:00,2135.960798957286,2178.718885924584,2135.960798957286,2174.831787109375,114300,0.0,0.0
2022-02-07 00:00:00+09:00,2157.33989780814,2175.803617654246,2157.33989780814,2159.283447265625,66200,0.0,0.0
2022-02-08 00:00:00+09:00,2166.0857731184637,2199.12611241233,2166.0857731184637,2195.239013671875,73700,0.0,0.0
2022-02-09 00:00:00+09:00,2195.2388238447106,2204.9565698555325,2177.746881025231,2197.182373046875,84400,0.0,0.0
2022-02-10 00:00:00+09:00,2187.464653898968,2199.12594925516,2170.944485477696,2189.408203125,121700,0.0,0.0
2022-02-14 00:00:00+09:00,2165.11399843335,2200.0978870974436,2156.3680262673265,2195.239013671875,103400,0.0,0.0
2022-02-15 00:00:00+09:00,2199.12611241233,2201.069661782557,2169.9728718589186,2195.239013671875,115400,0.0,0.0
2022-02-16 00:00:00+09:00,2205.9289302319553,2214.6749039641522,2195.2394067814917,2196.211181640625,79800,0.0,0.0
2022-02-17 00:00:00+09:00,2184.54920760918,2201.069375104445,2171.916138348095,2180.662109375,77800,0.0,0.0
2022-02-18 00:00:00+09:00,2167.057861328125,2179.6909340623247,2158.3118878967557,2167.057861328125,139800,0.0,0.0
2022-02-21 00:00:00+09:00,2137.9044032332918,2166.085870366822,2134.017304318322,2159.283447265625,99800,0.0,0.0
2022-02-22 00:00:00+09:00,2137.9042701198628,2152.4808901434076,2125.271199432791,2128.1865234375,88100,0.0,0.0
2022-02-24 00:00:00+09:00,2108.7513316761365,2112.6384309050327,2070.8521141943993,2095.146484375,160100,0.0,0.0
2022-02-25 00:00:00+09:00,2095.146310825106,2102.920508638928,2054.331772302539,2066.96484375,586700,0.0,0.0
2022-02-28 00:00:00+09:00,2056.275066160073,2106.8073456687325,2056.275066160073,2097.089599609375,162600,0.0,0.0
2022-03-01 00:00:00+09:00,2091.259180857036,2109.722900390625,2085.428532583271,2109.722900390625,163200,0.0,0.0
2022-03-02 00:00:00+09:00,2089.3157585768463,2091.2593081197083,2063.0778397482068,2065.9931640625,161500,0.0,0.0
2022-03-03 00:00:00+09:00,2070.8520379196557,2082.5133351768286,2065.0213892910688,2065.9931640625,82000,0.0,0.0
2022-03-04 00:00:00+09:00,2060.1623292789045,2066.9647520642593,2006.7147216796875,2006.7147216796875,441900,0.0,0.0
2022-03-07 00:00:00+09:00,1992.1382551084705,1992.1382551084705,1936.7470938688691,1963.956787109375,227000,0.0,0.0
2022-03-08 00:00:00+09:00,1933.83166436734,1966.8720043615558,1930.9163402502033,1942.57763671875,184500,0.0,0.0
2022-03-09 00:00:00+09:00,1948.4083956086665,1959.0979179785893,1925.0858013470165,1928.972900390625,277400,0.0,0.0
2022-03-10 00:00:00+09:00,1955.2107992256638,1998.9406630254425,1955.2107992256638,1976.58984375,139800,0.0,0.0
2022-03-11 00:00:00+09:00,1958.126205053085,1987.2794488007735,1958.126205053085,1970.75927734375,105300,0.0,0.0
2022-03-14 00:00:00+09:00,2000.884249114621,2019.3479697232553,1998.94069957687,2008.658447265625,103800,0.0,0.0
2022-03-15 00:00:00+09:00,2003.7996650446858,2028.0940353774292,2003.7996650446858,2025.1787109375,92300,0.0,0.0
2022-03-16 00:00:00+09:00,2031.0092747957926,2049.4729954757545,2022.2633018421266,2048.501220703125,132900,0.0,0.0
2022-03-17 00:00:00+09:00,2061.134019703856,2064.0493436355446,2039.7549775381394,2056.275146484375,109900,0.0,0.0
2022-03-18 00:00:00+09:00,2056.275485741726,2061.1343597628547,2037.8117644614363,2055.3037109375,152200,0.0,0.0
2022-03-22 00:00:00+09:00,2046.5574550108724,2047.5292296808682,2022.2630882609808,2031.9808349609375,173800,0.0,0.0
2022-03-23 00:00:00+09:00,2040.7268346529195,2046.5574827519279,2023.2348903558945,2024.2066650390625,118900,0.0,0.0
2022-03-24 00:00:00+09:00,2015.4607488782344,2015.4607488782344,1977.5615351818742,1999.912353515625,165700,0.0,0.0
2022-03-25 00:00:00+09:00,2011.5736780678353,2021.2914253048782,1990.1946341463415,1992.13818359375,149500,0.0,0.0
2022-03-28 00:00:00+09:00,1990.1947162426613,1995.0535900616132,1974.6463200220155,1986.3076171875,239700,0.0,0.0
2022-03-29 00:00:00+09:00,1980.4768193711545,1995.0534397296271,1960.069550869293,1994.0816650390625,491400,0.0,0.0
2022-03-30 00:00:00+09:00,1985.3014931082726,2002.8618994355202,1974.5701336860657,1997.9840087890625,329000,8.0,0.0
2022-03-31 00:00:00+09:00,1985.3015595651677,2057.4943435493556,1982.3748250793221,2037.0072021484375,198700,0.0,0.0
2022-04-01 00:00:00+09:00,2032.1293978788046,2063.347900390625,2021.3980376403663,2063.347900390625,140000,0.0,0.0
2022-04-04 00:00:00+09:00,2062.3723914654693,2075.0549085369216,2048.7142961577506,2072.128173828125,115900,0.0,0.0
2022-04-05 00:00:00+09:00,2078.956984375,2080.9081406249998,2065.298890625,2073.103515625,95800,0.0,0.0
2022-04-06 00:00:00+09:00,2072.12808501772,2076.030397795531,2025.300331683986,2030.17822265625,123200,0.0,0.0
2022-04-07 00:00:00+09:00,2009.6910011310067,2016.5200482222285,1986.2771253896747,2004.8131103515625,80900,0.0,0.0
2022-04-08 00:00:00+09:00,2004.8130242931866,2005.788602407198,1981.3991495569157,1994.0816650390625,98500,0.0,0.0
2022-04-11 00:00:00+09:00,1990.179310005252,1995.0572004709513,1959.9363891179173,1973.594482421875,110100,0.0,0.0
2022-04-12 00:00:00+09:00,1968.716556455299,1990.1792741173488,1968.716556455299,1984.3258056640625,71800,0.0,0.0
2022-04-13 00:00:00+09:00,1969.6921823595578,1970.6677604587946,1944.327151779395,1959.9364013671875,124700,0.0,0.0
2022-04-14 00:00:00+09:00,1958.9607484879032,1974.5699974798388,1955.0584362399193,1965.789794921875,107800,0.0,0.0
2022-04-15 00:00:00+09:00,1960.9119672110571,1980.4235290738538,1959.9363891179173,1973.594482421875,65900,0.0,0.0
2022-04-18 00:00:00+09:00,1967.7411742802908,1981.3992686977049,1955.0586580355491,1978.4725341796875,60400,0.0,0.0
2022-04-19 00:00:00+09:00,1982.3748468703773,1986.277159561067,1972.619065143653,1978.4725341796875,52300,0.0,0.0
2022-04-20 00:00:00+09:00,1978.4724539314147,1999.9351728596648,1974.5701413990055,1998.9595947265625,63000,0.0,0.0
2022-04-21 00:00:00+09:00,1997.9840087890625,2003.8374775648117,1990.1793837547302,1997.9840087890625,59300,0.0,0.0
2022-04-22 00:00:00+09:00,1983.3502667826026,1996.032782015349,1980.4235324981225,1989.2037353515625,44000,0.0,0.0
2022-04-25 00:00:00+09:00,1978.47245113825,1985.301498060325,1961.8876228989257,1983.350341796875,61900,0.0,0.0
2022-04-26 00:00:00+09:00,1983.3502275885148,1991.1548521928967,1976.5211810596807,1984.3258056640625,63700,0.0,0.0
2022-04-27 00:00:00+09:00,1977.4967938416657,2008.715292807099,1972.6189033783166,2003.83740234375,173700,0.0,0.0
2022-04-28 00:00:00+09:00,1994.0818276615466,2014.5689697265625,1976.5214201772474,2014.5689697265625,79400,0.0,0.0
2022-05-02 00:00:00+09:00,2003.837454037095,2012.6176570976277,1992.1305166230518,1995.0572509765625,66300,0.0,0.0
2022-05-06 00:00:00+09:00,1996.0330361689112,2010.666709454607,1978.4726282260763,2005.788818359375,82300,0.0,0.0
2022-05-09 00:00:00+09:00,1999.9349066082766,2029.202246704983,1999.9349066082766,2026.2755126953125,138200,0.0,0.0
2022-05-10 00:00:00+09:00,2010.6666434151787,2038.9584108382937,2002.8620179191469,2028.22705078125,85900,0.0,0.0
2022-05-11 00:00:00+09:00,2026.275842367004,2038.9583584723343,2015.5444825855707,2037.0072021484375,70900,0.0,0.0
2022-05-12 00:00:00+09:00,2014.5689051925758,2043.8362500622015,1981.3992476736664,1991.155029296875,123500,0.0,0.0
2022-05-13 00:00:00+09:00,1991.1547744473012,2035.0557861328123,1987.252462297478,2035.0557861328125,166600,0.0,0.0
2022-05-16 00:00:00+09:00,2038.9583740234375,2042.8606867009942,2020.4223888050426,2038.9583740234375,85700,0.0,0.0
2022-05-17 00:00:00+09:00,2040.9094207704873,2041.8849988874902,2025.3001708984375,2025.3001708984375,58200,0.0,0.0
2022-05-18 00:00:00+09:00,2025.3002516252282,2032.12929871645,2004.8131103515625,2004.8131103515625,58900,0.0,0.0
2022-05-19 00:00:00+09:00,1975.5456839255917,2009.69091796875,1970.6677933479975,2009.69091796875,72200,0.0,0.0
2022-05-20 00:00:00+09:00,2006.7642690823425,2021.3979414383148,2004.813112768213,2020.42236328125,52900,0.0,0.0
2022-05-23 00:00:00+09:00,2020.4221155709754,2040.9092543575473,2019.4465375335194,2035.0557861328125,66000,0.0,0.0
2022-05-24 00:00:00+09:00,2032.1291862693993,2034.0803424732105,2004.812999416042,2021.3978271484375,58500,0.0,0.0
2022-05-25 00:00:00+09:00,2004.8132478512775,2022.3736558616538,2004.8132478512775,2006.764404296875,48600,0.0,0.0
2022-05-26 00:00:00+09:00,2013.5930693087846,2039.9336763200913,2013.5930693087846,2035.0557861328125,77500,0.0,0.0
2022-05-27 00:00:00+09:00,2037.0072331911747,2042.860702252069,2033.1049204839119,2040.9095458984375,85900,0.0,0.0
2022-05-30 00:00:00+09:00,2040.9095458984375,2042.860702252069,2032.1293423070963,2040.9095458984375,129800,0.0,0.0
2022-05-31 00:00:00+09:00,2038.9585412832405,2041.885276031494,2029.2027587890625,2029.2027587890625,107200,0.0,0.0
2022-06-01 00:00:00+09:00,2040.909545122332,2156.0277699428075,2031.1537633578848,2148.22314453125,548900,0.0,0.0
2022-06-02 00:00:00+09:00,2132.6139014092996,2155.052199548556,2117.980228709785,2149.19873046875,110900,0.0,0.0
2022-06-03 00:00:00+09:00,2153.101318359375,2154.0768966640235,2140.418800398944,2153.101318359375,92800,0.0,0.0
2022-06-06 00:00:00+09:00,2141.3943787035923,2156.028053273321,2140.418800398944,2153.101318359375,116300,0.0,0.0
2022-06-07 00:00:00+09:00,2153.1005059278277,2154.0760838643605,2137.4912589433034,2143.3447265625,59900,0.0,0.0
2022-06-08 00:00:00+09:00,2138.4673428130764,2138.4673428130764,2105.2976851234575,2115.053466796875,101400,0.0,0.0
2022-06-09 00:00:00+09:00,2113.10189150964,2116.0286254313987,2089.688020135572,2093.59033203125,71200,0.0,0.0
2022-06-10 00:00:00+09:00,2077.9815638917644,2077.9815638917644,2046.7630615234375,2046.7630615234375,111700,0.0,0.0
2022-06-13 00:00:00+09:00,2019.4468625172694,2038.958426406325,2012.6178151560998,2030.17822265625,77600,0.0,0.0
2022-06-14 00:00:00+09:00,2016.5198305988956,2027.2511891555419,2008.715206194062,2023.348876953125,76700,0.0,0.0
2022-06-15 00:00:00+09:00,2026.2757646489074,2037.0071240187378,2024.3246083998472,2027.2513427734375,59300,0.0,0.0
2022-06-16 00:00:00+09:00,2041.885072049954,2057.494322481296,2041.885072049954,2049.689697265625,43600,0.0,0.0
2022-06-17 00:00:00+09:00,2030.1781627605726,2045.7874134113026,2017.4956466068545,2037.9827880859375,66500,0.0,0.0
2022-06-20 00:00:00+09:00,2048.713671040331,2058.4694504262375,2038.9578916544249,2054.567138671875,43700,0.0,0.0
2022-06-21 00:00:00+09:00,2063.347804061475,2090.6639924840383,2063.347804061475,2081.8837890625,53000,0.0,0.0
2022-06-22 00:00:00+09:00,2092.6151409766176,2094.56629728522,2079.9326249706987,2080.908203125,38500,0.0,0.0
2022-06-23 00:00:00+09:00,2096.517419772678,2113.1022481282553,2084.8104821099178,2107.248779296875,60700,0.0,0.0
2022-06-24 00:00:00+09:00,2121.8824335188015,2150.174199299052,2116.0289647366803,2135.54052734375,91200,0.0,0.0
2022-06-27 00:00:00+09:00,2151.149898411434,2151.149898411434,2113.102349187831,2119.931396484375,62300,0.0,0.0
2022-06-28 00:00:00+09:00,2123.833386263852,2143.344947001232,2121.8822301901137,2140.418212890625,55800,0.0,0.0
2022-06-29 00:00:00+09:00,2131.6385956571066,2155.0524749686724,2119.931656001324,2153.101318359375,118000,0.0,0.0
2022-06-30 00:00:00+09:00,2157.0031987678226,2162.856667421195,2126.7602773920635,2129.68701171875,68800,0.0,0.0
2022-07-01 00:00:00+09:00,2141.394124386392,2141.394124386392,2118.955826044302,2120.906982421875,64700,0.0,0.0
2022-07-04 00:00:00+09:00,2130.662737355245,2148.22314453125,2130.662737355245,2148.22314453125,61200,0.0,0.0
2022-07-05 00:00:00+09:00,2147.2475663548053,2162.8568171779207,2138.467362766803,2148.22314453125,76000,0.0,0.0
2022-07-06 00:00:00+09:00,2156.0273251338567,2156.0273251338567,2123.833251953125,2123.833251953125,65400,0.0,0.0
2022-07-07 00:00:00+09:00,2125.7844051705933,2126.759983144513,2088.7124421616527,2093.59033203125,60700,0.0,0.0
2022-07-08 00:00:00+09:00,2110.175387257543,2151.149666621767,2096.5172941361348,2121.88232421875,136600,0.0,0.0
2022-07-11 00:00:00+09:00,2133.5894949776784,2157.003371465774,2131.6383386036705,2151.14990234375,61800,0.0,0.0
2022-07-12 00:00:00+09:00,2147.2474649079913,2151.1497774294053,2127.735902300922,2135.54052734375,58000,0.0,0.0
2022-07-13 00:00:00+09:00,2141.394097296137,2148.22314453125,2131.63831553169,2148.22314453125,31100,0.0,0.0
2022-07-14 00:00:00+09:00,2154.0766291401997,2158.9545200576367,2142.3696909383507,2150.17431640625,46800,0.0,0.0
2022-07-15 00:00:00+09:00,2156.027587890625,2164.8077907372385,2145.296228855875,2156.027587890625,88600,0.0,0.0
2022-07-19 00:00:00+09:00,2164.8076171875,2173.587819330216,2134.5646986959214,2164.8076171875,79600,0.0,0.0
2022-07-20 00:00:00+09:00,2175.5393917248857,2200.9044249916333,2172.612657117184,2186.270751953125,106300,0.0,0.0
2022-07-21 00:00:00+09:00,2192.124093562999,2222.3670160821143,2175.539265084774,2200.904296875,88600,0.0,0.0
2022-07-22 00:00:00+09:00,2204.8063490426744,2212.610973287073,2179.441320248378,2198.952880859375,105800,0.0,0.0
2022-07-25 00:00:00+09:00,2194.074998592537,2210.659825171494,2193.099420558481,2199.928466796875,66200,0.0,0.0
2022-07-26 00:00:00+09:00,2199.9285853233864,2199.9285853233864,2176.5147112445566,2184.3193359375,93600,0.0,0.0
2022-07-27 00:00:00+09:00,2185.2949532085563,2197.001890457888,2178.4659064797793,2189.197265625,39900,0.0,0.0
2022-07-28 00:00:00+09:00,2203.831090111826,2242.8542169841025,2192.124152050143,2238.951904296875,156500,0.0,0.0
2022-07-29 00:00:00+09:00,2239.9275799099296,2239.9275799099296,2207.7334988397956,2220.416015625,151300,0.0,0.0
2022-08-01 00:00:00+09:00,2229.195770474866,2256.5119549708384,2223.3423023685864,2255.536376953125,126700,0.0,0.0
2022-08-02 00:00:00+09:00,2248.707599806911,2248.707599806911,2221.3914120435297,2228.220458984375,58100,0.0,0.0
2022-08-03 00:00:00+09:00,2224.318216276439,2237.000732421875,2215.538012791137,2237.000732421875,51500,0.0,0.0
2022-08-04 00:00:00+09:00,2249.683478659701,2251.634635189328,2235.0498046875,2235.0498046875,68200,0.0,0.0
2022-08-05 00:00:00+09:00,2234.0739255703293,2259.438957039687,2234.0739255703293,2258.46337890625,270400,0.0,0.0
2022-08-08 00:00:00+09:00,2253.5855141236475,2262.3657174254276,2227.244904218306,2231.147216796875,94600,0.0,0.0
2022-08-09 00:00:00+09:00,2237.0009753747304,2237.0009753747304,2196.0266879932483,2205.782470703125,56900,0.0,0.0
2022-08-10 00:00:00+09:00,2207.7332014249464,2219.4401384188036,2196.0262644310887,2213.586669921875,53100,0.0,0.0
2022-08-12 00:00:00+09:00,2214.562255859375,2234.0738175850083,2201.8797407377133,2214.562255859375,369000,0.0,0.0
2022-08-15 00:00:00+09:00,2209.684706645137,2226.269536672937,2184.3196724849718,2196.026611328125,85900,0.0,0.0
2022-08-16 00:00:00+09:00,2190.1733249369277,2194.0756382107575,2152.125770517088,2157.003662109375,119700,0.0,0.0
2022-08-17 00:00:00+09:00,2165.7835985266647,2168.710333119268,2146.272034575974,2154.07666015625,81900,0.0,0.0
2022-08-18 00:00:00+09:00,2145.2962850865592,2152.1253319240336,2131.638191411611,2132.61376953125,74100,0.0,0.0
2022-08-19 00:00:00+09:00,2133.5889471971723,2147.247038308631,2125.78432370491,2143.3447265625,164600,0.0,0.0
2022-08-22 00:00:00+09:00,2129.6869803468476,2142.3694955756655,2124.8090898742253,2125.78466796875,84700,0.0,0.0
2022-08-23 00:00:00+09:00,2118.9558182991545,2123.8337092252573,2101.3954109651836,2119.931396484375,66000,0.0,0.0
2022-08-24 00:00:00+09:00,2121.8826684481046,2145.2965461689114,2119.9315119713706,2134.565185546875,49900,0.0,0.0
2022-08-25 00:00:00+09:00,2144.320913616532,2144.320913616532,2121.882614702437,2127.736083984375,120100,0.0,0.0
2022-08-26 00:00:00+09:00,2134.5646096800356,2134.5646096800356,2120.906518027604,2123.833251953125,62200,0.0,0.0
2022-08-29 00:00:00+09:00,2113.1022071384664,2132.61376953125,2104.322004061714,2132.61376953125,61700,0.0,0.0
2022-08-30 00:00:00+09:00,2137.491788170954,2145.2964135955854,2117.980224609375,2117.980224609375,110400,0.0,0.0
2022-08-31 00:00:00+09:00,2119.9314197091494,2129.6872016682346,2108.224481358248,2122.858154296875,182600,0.0,0.0
2022-09-01 00:00:00+09:00,2103.3465006739334,2120.9069074513595,2079.9326249706987,2080.908203125,175400,0.0,0.0
2022-09-02 00:00:00+09:00,2097.4928332913305,2103.3463016633063,2072.1278036794356,2086.761474609375,136600,0.0,0.0
2022-09-05 00:00:00+09:00,2087.7373789210046,2087.7373789210046,2066.274658203125,2066.274658203125,212000,0.0,0.0
2022-09-06 00:00:00+09:00,2074.0791405150167,2093.590703454951,2068.225671633036,2078.95703125,164200,0.0,0.0
2022-09-07 00:00:00+09:00,2069.201249838333,2070.1768279853572,2010.6665610168807,2033.1048583984375,190700,0.0,0.0
2022-09-08 00:00:00+09:00,2055.543287011016,2062.3723344761693,2032.129409987635,2034.08056640625,107600,0.0,0.0
2022-09-09 00:00:00+09:00,2047.7383521295362,2069.2010694934474,2047.7383521295362,2056.5185546875,164900,0.0,0.0
2022-09-12 00:00:00+09:00,2061.396188024611,2084.81005859375,2060.4206100842302,2084.81005859375,70300,0.0,0.0
2022-09-13 00:00:00+09:00,2085.786054797639,2101.39530497386,2076.0302734375,2076.0302734375,189500,0.0,0.0
2022-09-14 00:00:00+09:00,2050.665611227372,2066.274864214831,2050.665611227372,2061.39697265625,101800,0.0,0.0
2022-09-15 00:00:00+09:00,2072.127616605021,2093.59033203125,2067.2497267354233,2093.59033203125,82300,0.0,0.0
2022-09-16 00:00:00+09:00,2091.639529079861,2109.1999355740018,2083.8349039713544,2107.248779296875,124900,0.0,0.0
2022-09-20 00:00:00+09:00,2116.028974708886,2116.028974708886,2099.4441464147176,2106.273193359375,76100,0.0,0.0
2022-09-21 00:00:00+09:00,2098.468149759081,2107.248351222508,2081.8833247726075,2084.81005859375,92700,0.0,0.0
2022-09-22 00:00:00+09:00,2069.2010694934474,2090.663786857359,2063.3476011214716,2086.761474609375,75300,0.0,0.0
2022-09-26 00:00:00+09:00,2082.8594174844047,2088.712886573354,2052.6164938581674,2057.494384765625,161000,0.0,0.0
2022-09-27 00:00:00+09:00,2048.714072288932,2067.2500567524985,2039.9338691219796,2043.836181640625,225200,0.0,0.0
2022-09-28 00:00:00+09:00,2038.958280267798,2046.7629052640384,2003.8374677847164,2027.2513427734375,697100,0.0,0.0
2022-09-29 00:00:00+09:00,2026.272180757634,2026.272180757634,2003.7471637651615,2013.5406494140625,438200,8.0,0.0
2022-09-30 00:00:00+09:00,2003.7470221206488,2044.8796589383746,2001.7883251293285,2029.2100830078125,130500,0.0,0.0
2022-10-03 00:00:00+09:00,2017.4579086524002,2038.0242271386626,1983.1807111752964,2035.086181640625,139300,0.0,0.0
2022-10-04 00:00:00+09:00,2051.735251156346,2073.280919664909,2042.9211140392067,2069.363525390625,138800,0.0,0.0
2022-10-05 00:00:00+09:00,2076.218951029863,2086.991785209735,2071.3222082208304,2074.26025390625,84800,0.0,0.0
2022-10-06 00:00:00+09:00,2080.1364315798774,2092.867963411581,2073.280991362806,2078.177734375,83600,0.0,0.0
2022-10-07 00:00:00+09:00,2078.1773650981104,2107.5578179505815,2078.1773650981104,2105.59912109375,122800,0.0,0.0
2022-10-11 00:00:00+09:00,2095.80586503888,2113.434138670048,2074.260197267452,2093.84716796875,91400,0.0,0.0
2022-10-12 00:00:00+09:00,2099.723260531768,2133.0211107454247,2092.8678207818975,2127.14501953125,91100,0.0,0.0
2022-10-13 00:00:00+09:00,2133.021182696612,2135.959228402806,2110.496165615794,2119.310302734375,56500,0.0,0.0
2022-10-14 00:00:00+09:00,2141.834904082834,2149.6696911119434,2118.3305429955053,2144.77294921875,101600,0.0,0.0
2022-10-17 00:00:00+09:00,2137.9178682543857,2148.6907022217692,2130.08307991447,2138.897216796875,59900,0.0,0.0
2022-10-18 00:00:00+09:00,2150.649271904668,2170.2362415941457,2138.8970900909812,2166.31884765625,94500,0.0,0.0
2022-10-19 00:00:00+09:00,2170.236558529946,2175.133301667423,2155.546329117514,2158.484375,53400,0.0,0.0
2022-10-20 00:00:00+09:00,2157.504983373602,2158.484331981579,2142.8147542539455,2156.525634765625,70400,0.0,0.0
2022-10-21 00:00:00+09:00,2147.7110948697677,2152.607836992134,2134.979565351616,2143.793701171875,53500,0.0,0.0
2022-10-24 00:00:00+09:00,2136.938328736318,2138.8970256462503,2102.6611328125,2102.6611328125,55400,0.0,0.0
2022-10-25 00:00:00+09:00,2090.909108256715,2115.3928214681523,2078.177577386768,2098.743896484375,41900,0.0,0.0
2022-10-26 00:00:00+09:00,2105.599307969621,2116.3721416383028,2102.661262423617,2108.537353515625,50700,0.0,0.0
2022-10-27 00:00:00+09:00,2106.578728463229,2123.2276537927846,2103.6406828168365,2117.3515625,51500,0.0,0.0
2022-10-28 00:00:00+09:00,2125.186251299097,2152.6080093803757,2115.392766270069,2134.979736328125,286800,0.0,0.0
2022-10-31 00:00:00+09:00,2148.6908030007103,2154.56689453125,2121.269042524858,2154.56689453125,78800,0.0,0.0
2022-11-01 00:00:00+09:00,2157.504853906961,2162.4015966530055,2144.773322767247,2150.6494140625,38600,0.0,0.0
2022-11-02 00:00:00+09:00,2150.649384387949,2153.587429995036,2126.165670995554,2127.14501953125,67300,0.0,0.0
2022-11-04 00:00:00+09:00,2113.4339085210754,2123.2273928052327,2098.74368209484,2105.59912109375,79300,0.0,0.0
2022-11-07 00:00:00+09:00,2108.537207603008,2108.537207603008,2086.9915417566235,2090.908935546875,63900,0.0,0.0
2022-11-08 00:00:00+09:00,2090.9091654269496,2104.620045200241,2086.991771206009,2095.805908203125,44000,0.0,0.0
2022-11-09 00:00:00+09:00,2088.950252393266,2100.7024338413294,2086.01220703125,2086.01220703125,40000,0.0,0.0
2022-11-10 00:00:00+09:00,2084.053535871374,2087.970929735794,2057.61112728654,2059.56982421875,133000,0.0,0.0
2022-11-11 00:00:00+09:00,2076.2186606717487,2091.888235469271,2038.0240721027872,2055.65234375,131800,0.0,0.0
2022-11-14 00:00:00+09:00,2056.6317492768962,2066.4252337972625,2041.9415224963473,2052.71435546875,75800,0.0,0.0
2022-11-15 00:00:00+09:00,2049.776255731997,2081.11540536574,2045.8588620277794,2072.30126953125,62500,0.0,0.0
2022-11-16 00:00:00+09:00,2069.363482252561,2079.156967734116,2062.5080424154726,2067.40478515625,60200,0.0,0.0
2022-11-17 00:00:00+09:00,2078.177394366452,2115.3926351703753,2074.2600005976183,2112.45458984375,90100,0.0,0.0
2022-11-18 00:00:00+09:00,2122.247929787149,2127.1446716648306,2106.5783557785685,2111.47509765625,70900,0.0,0.0
2022-11-21 00:00:00+09:00,2117.3512885640225,2124.20672751867,2107.5578043430974,2110.495849609375,38600,0.0,0.0
2022-11-22 00:00:00+09:00,2110.4960515597995,2135.95911297073,2110.4960515597995,2125.186279296875,52100,0.0,0.0
2022-11-24 00:00:00+09:00,2138.896986325436,2144.773076947209,2130.0828503927764,2134.000244140625,52200,0.0,0.0
2022-11-25 00:00:00+09:00,2139.876637178309,2149.670122931985,2129.103802849265,2131.0625,34800,0.0,0.0
2022-11-28 00:00:00+09:00,2134.9794654323628,2148.6903427333045,2130.0827235391694,2144.77294921875,49300,0.0,0.0
2022-11-29 00:00:00+09:00,2144.773033327831,2144.773033327831,2121.2686713187586,2132.04150390625,52900,0.0,0.0
2022-11-30 00:00:00+09:00,2120.289665670956,2123.227711397059,2092.8679055606617,2097.7646484375,67500,0.0,0.0
2022-12-01 00:00:00+09:00,2110.4959762135636,2112.454673175247,2083.07421875,2083.07421875,50100,0.0,0.0
2022-12-02 00:00:00+09:00,2071.32203536915,2072.3013838492298,2057.6111566480304,2066.42529296875,64300,0.0,0.0
2022-12-05 00:00:00+09:00,2066.4253793534176,2072.301470479541,2056.631894143212,2070.3427734375,44800,0.0,0.0
2022-12-06 00:00:00+09:00,2067.4046693638393,2068.3840178571427,2056.6318359375,2056.6318359375,70800,0.0,0.0
2022-12-07 00:00:00+09:00,2055.6524165984124,2079.1567796276463,2050.7556743006553,2064.466552734375,61200,0.0,0.0
2022-12-08 00:00:00+09:00,2057.61099713225,2062.5077391530313,2043.9001194740626,2053.693603515625,81100,0.0,0.0
2022-12-09 00:00:00+09:00,2064.466493273191,2076.2186744493197,2050.755615234375,2050.755615234375,64900,0.0,0.0
2022-12-12 00:00:00+09:00,2049.776266803031,2057.611054253783,2044.8795246463108,2050.755615234375,73600,0.0,0.0
2022-12-13 00:00:00+09:00,2060.5491351113938,2066.4252258008746,2046.8382568359375,2046.8382568359375,73500,0.0,0.0
2022-12-14 00:00:00+09:00,2054.6730523728233,2056.6317492768962,2044.879567852457,2052.71435546875,66000,0.0,0.0
2022-12-15 00:00:00+09:00,2051.735093470982,2063.487275390625,2051.735093470982,2056.6318359375,41100,0.0,0.0
2022-12-16 00:00:00+09:00,2053.6936605284072,2060.5490995478153,2049.776266803031,2050.755615234375,99000,0.0,0.0
2022-12-19 00:00:00+09:00,2041.9415716035091,2051.7350563594014,2039.9828746523308,2043.9002685546875,63700,0.0,0.0
2022-12-20 00:00:00+09:00,2045.8588215872746,2049.776215214057,2020.395763013187,2042.9207763671875,144400,0.0,0.0
2022-12-21 00:00:00+09:00,2032.148128494793,2044.8796589383746,2029.2100830078125,2029.2100830078125,86400,0.0,0.0
2022-12-22 00:00:00+09:00,2039.9831253686023,2049.776611328125,2030.1896394090793,2049.776611328125,67300,0.0,0.0
2022-12-23 00:00:00+09:00,2042.920963300136,2058.590539241077,2040.9622663075186,2045.8590087890625,57000,0.0,0.0
2022-12-26 00:00:00+09:00,2046.8381646865314,2057.61099713225,2041.9414226657502,2053.693603515625,44700,0.0,0.0
2022-12-27 00:00:00+09:00,2060.549072265625,2071.3219048677743,2060.549072265625,2060.549072265625,61300,0.0,0.0
2022-12-28 00:00:00+09:00,2057.611142855164,2076.2187638519504,2056.631794381649,2071.322021484375,63000,0.0,0.0
2022-12-29 00:00:00+09:00,2066.4249616516054,2072.3010515899514,2053.6934334518564,2062.507568359375,52600,0.0,0.0
2022-12-30 00:00:00+09:00,2063.4872894214272,2077.1981684209054,2051.735107421875,2051.735107421875,67900,0.0,0.0
2023-01-04 00:00:00+09:00,2046.8383481818732,2051.7350906416386,2023.333984375,2023.333984375,87800,0.0,0.0
2023-01-05 00:00:00+09:00,2023.333970464525,2033.127455316725,2019.4165765236448,2028.230712890625,77400,0.0,0.0
2023-01-06 00:00:00+09:00,2017.458043673623,2029.2102264523044,2012.5613008491725,2013.5406494140625,113300,0.0,0.0
2023-01-10 00:00:00+09:00,2022.3547864980735,2029.2102264523044,2007.6645580247218,2013.5406494140625,93200,0.0,0.0
2023-01-11 00:00:00+09:00,2014.5199272599375,2042.9210346447396,2014.5199272599375,2038.0242919921875,57500,0.0,0.0
2023-01-12 00:00:00+09:00,2033.1274986432707,2033.1274986432707,2016.478574039737,2030.189453125,69700,0.0,0.0
2023-01-13 00:00:00+09:00,2015.4990964316491,2035.0860652988176,2015.4990964316491,2024.313232421875,92500,0.0,0.0
2023-01-16 00:00:00+09:00,2015.4991473315135,2039.0035105657003,2015.4991473315135,2032.1480712890625,53800,0.0,0.0
2023-01-17 00:00:00+09:00,2038.024034333709,2045.8588215872746,2033.1272923002307,2042.9207763671875,38600,0.0,0.0
2023-01-18 00:00:00+09:00,2044.8795246463108,2062.507796410503,2044.8795246463108,2050.755615234375,50800,0.0,0.0
2023-01-19 00:00:00+09:00,2039.9829544081902,2061.5286217135094,2039.9829544081902,2058.590576171875,54900,0.0,0.0
2023-01-20 00:00:00+09:00,2062.507985269335,2071.3221219585207,2057.6112426642326,2070.3427734375,93300,0.0,0.0
2023-01-23 00:00:00+09:00,2071.3221078956394,2080.1362445249824,2067.4047138381534,2075.239501953125,62900,0.0,0.0
2023-01-24 00:00:00+09:00,2084.0534506439035,2091.888238052339,2072.30126953125,2072.30126953125,67300,0.0,0.0
2023-01-25 00:00:00+09:00,2069.363410866896,2081.115593039354,2068.384062352525,2075.239501953125,34700,0.0,0.0
2023-01-26 00:00:00+09:00,2076.219080118585,2088.9506122136518,2076.219080118585,2080.136474609375,42900,0.0,0.0
2023-01-27 00:00:00+09:00,2079.1571259866773,2084.053869100165,2076.219080118585,2080.136474609375,86600,0.0,0.0
2023-01-30 00:00:00+09:00,2078.177206336643,2098.743521762218,2076.2185096294456,2092.867431640625,72200,0.0,0.0
2023-01-31 00:00:00+09:00,2097.764533868715,2109.5167161312847,2095.8058368249535,2103.640625,50000,0.0,0.0
2023-02-01 00:00:00+09:00,2103.640696298722,2111.4754847393133,2078.177633866801,2079.156982421875,41400,0.0,0.0
2023-02-02 00:00:00+09:00,2076.218734248992,2087.970915763609,2060.5491588961695,2064.466552734375,67400,0.0,0.0
2023-02-03 00:00:00+09:00,2064.466609913153,2071.3220493198855,2059.5698674797727,2061.528564453125,119200,0.0,0.0
2023-02-06 00:00:00+09:00,2074.2600255831867,2089.929600847271,2073.280677129181,2086.01220703125,60400,0.0,0.0
2023-02-07 00:00:00+09:00,2076.218718317629,2088.950248194105,2052.71435546875,2052.71435546875,94700,0.0,0.0
2023-02-08 00:00:00+09:00,2047.8176426254904,2069.3633088797997,2047.8176426254904,2059.56982421875,65500,0.0,0.0
2023-02-09 00:00:00+09:00,2052.7144571940107,2074.260124206543,2050.755760192871,2068.384033203125,51100,0.0,0.0
2023-02-10 00:00:00+09:00,2059.5696669815275,2075.239241242918,2059.5696669815275,2063.487060546875,229300,0.0,0.0
2023-02-13 00:00:00+09:00,2064.4667544356016,2116.372227863062,2064.4667544356016,2095.805908203125,126100,0.0,0.0
2023-02-14 00:00:00+09:00,2104.6199884485313,2117.3515193232784,2089.9297605161314,2115.392822265625,61700,0.0,0.0
2023-02-15 00:00:00+09:00,2120.289464241815,2125.186206653459,2110.4959794185274,2116.3720703125,51700,0.0,0.0
2023-02-16 00:00:00+09:00,2119.3100448615432,2134.000271605038,2117.3513479624107,2124.206787109375,64200,0.0,0.0
2023-02-17 00:00:00+09:00,2116.372056448559,2127.1448896836046,2107.5579201653395,2121.268798828125,321100,0.0,0.0
2023-02-20 00:00:00+09:00,2127.145062988504,2158.4842167710235,2118.3309259871703,2145.752685546875,112700,0.0,0.0
2023-02-21 00:00:00+09:00,2144.7733080518115,2147.7113536792795,2131.06242845696,2138.897216796875,46600,0.0,0.0
2023-02-22 00:00:00+09:00,2130.0828503927764,2134.979592577587,2121.2687144601164,2134.000244140625,60300,0.0,0.0
2023-02-24 00:00:00+09:00,2136.938419354262,2141.835161836742,2128.124282885798,2139.87646484375,125700,0.0,0.0
2023-02-27 00:00:00+09:00,2139.8762804337553,2153.587158203125,2134.979538373266,2153.587158203125,77300,0.0,0.0
2023-02-28 00:00:00+09:00,2153.5870712245514,2158.483813087272,2146.7316326167424,2149.669677734375,78500,0.0,0.0
2023-03-01 00:00:00+09:00,2142.8146684971057,2149.6701084785864,2130.083137102927,2135.959228515625,85000,0.0,0.0
2023-03-02 00:00:00+09:00,2143.793657746771,2155.5458386023947,2134.9795221050526,2141.8349609375,72000,0.0,0.0
2023-03-03 00:00:00+09:00,2154.5668371255106,2163.380974186479,2143.7940029398833,2157.5048828125,88400,0.0,0.0
2023-03-06 00:00:00+09:00,2159.4633513508747,2173.17422977215,2151.628563681574,2169.2568359375,94300,0.0,0.0
2023-03-07 00:00:00+09:00,2178.0709582629506,2189.8231396924266,2170.2361706432994,2174.153564453125,98100,0.0,0.0
2023-03-08 00:00:00+09:00,2178.07130303835,2193.74088075805,2167.2984683560558,2189.823486328125,152600,0.0,0.0
2023-03-09 00:00:00+09:00,2197.6578883006773,2205.49267578125,2184.9263586447464,2205.49267578125,242400,0.0,0.0
2023-03-10 00:00:00+09:00,2190.8026629271644,2207.451587947174,2184.9265717436315,2198.637451171875,173100,0.0,0.0
2023-03-13 00:00:00+09:00,2183.9473802327366,2194.72021484375,2170.2364998187195,2194.72021484375,170300,0.0,0.0
2023-03-14 00:00:00+09:00,2174.153678914719,2181.988466946844,2142.8145267862183,2168.277587890625,139300,0.0,0.0
2023-03-15 00:00:00+09:00,2176.112392199342,2206.472196050908,2168.2776041086154,2196.6787109375,109600,0.0,0.0
2023-03-16 00:00:00+09:00,2181.009048795849,2194.7199274142336,2172.1949125411734,2192.76123046875,121200,0.0,0.0
2023-03-17 00:00:00+09:00,2191.7820114577535,2212.348330600118,2191.7820114577535,2198.637451171875,107900,0.0,0.0
2023-03-20 00:00:00+09:00,2198.63742105277,2201.5754666042885,2165.3395714688977,2175.133056640625,140600,0.0,0.0
2023-03-22 00:00:00+09:00,2198.6375805642206,2198.6375805642206,2181.009305976178,2187.86474609375,133200,0.0,0.0
2023-03-23 00:00:00+09:00,2192.7611138773564,2195.6991591393626,2174.15349388465,2181.98828125,109100,0.0,0.0
2023-03-24 00:00:00+09:00,2175.1330707426105,2175.1330707426105,2159.463494366257,2170.236328125,107600,0.0,0.0
2023-03-27 00:00:00+09:00,2169.2570508837644,2171.215747995172,2144.773336991171,2145.752685546875,203800,0.0,0.0
2023-03-28 00:00:00+09:00,2144.77320732623,2155.546040787686,2135.959070857766,2139.87646484375,167000,0.0,0.0
2023-03-29 00:00:00+09:00,2139.876524758243,2187.864602430167,2136.9384791864923,2186.88525390625,639300,0.0,0.0
2023-03-30 00:00:00+09:00,2169.193566683106,2180.0051340748205,2133.8102552193127,2156.416259765625,405100,8.0,0.0
2023-03-31 00:00:00+09:00,2161.330683514355,2185.9024284383468,2156.416334529556,2176.07373046875,143200,0.0,0.0
2023-04-03 00:00:00+09:00,2184.9192644817076,2219.3197027439023,2184.9192644817076,2216.37109375,191500,0.0,0.0
2023-04-04 00:00:00+09:00,2224.2340039915393,2252.737223662664,2215.3881771970523,2250.771484375,134200,0.0,0.0
2023-04-05 00:00:00+09:00,2249.788740234375,2249.788740234375,2218.3369098772323,2236.028564453125,81300,0.0,0.0
2023-04-06 00:00:00+09:00,2226.200114615555,2244.874640963323,2217.354286345559,2224.234375,75400,0.0,0.0
2023-04-07 00:00:00+09:00,2237.0114731115796,2273.3776525953795,2237.0114731115796,2242.90869140625,115500,0.0,0.0
2023-04-10 00:00:00+09:00,2250.7717635136964,2269.4462890625,2246.8402844507905,2269.4462890625,74000,0.0,0.0
2023-04-11 00:00:00+09:00,2274.360599096913,2286.1550360844512,2257.6518133645677,2262.566162109375,81700,0.0,0.0
2023-04-12 00:00:00+09:00,2273.3777293479516,2282.223557088605,2255.6860738666446,2262.566162109375,69800,0.0,0.0
2023-04-13 00:00:00+09:00,2261.5834557574726,2272.3950237771737,2259.617716117527,2260.6005859375,74900,0.0,0.0
2023-04-14 00:00:00+09:00,2265.5147340840367,2265.5147340840367,2249.788818359375,2249.788818359375,61400,0.0,0.0
2023-04-17 00:00:00+09:00,2248.8058259707677,2267.4803498752453,2240.9428685373036,2252.7373046875,57600,0.0,0.0
2023-04-18 00:00:00+09:00,2258.6346814239873,2270.4291184027024,2256.6689419275344,2268.46337890625,55700,0.0,0.0
2023-04-19 00:00:00+09:00,2259.617306932665,2274.3603515625,2253.720089080731,2274.3603515625,51500,0.0,0.0
2023-04-20 00:00:00+09:00,2270.4291184027024,2288.1207738707753,2264.5318999133447,2268.46337890625,57500,0.0,0.0
2023-04-21 00:00:00+09:00,2269.4463294355387,2278.2921574844427,2264.531980519481,2270.42919921875,38100,0.0,0.0
2023-04-24 00:00:00+09:00,2270.429111696639,2298.9323343110123,2270.429111696639,2292.05224609375,70600,0.0,0.0
2023-04-25 00:00:00+09:00,2298.932209834539,2313.67525521612,2296.9664704503284,2300.89794921875,68100,0.0,0.0
2023-04-26 00:00:00+09:00,2293.035039353948,2293.035039353948,2265.5146874028505,2272.394775390625,57700,0.0,0.0
2023-04-27 00:00:00+09:00,2280.2574060206175,2286.154623449981,2267.4801015903295,2276.325927734375,60000,0.0,0.0
2023-04-28 00:00:00+09:00,2299.915197401581,2317.6068527662087,2295.983718431664,2315.64111328125,73100,0.0,0.0
2023-05-01 00:00:00+09:00,2332.3497308287956,2335.29833984375,2315.640946410722,2335.29833984375,62900,0.0,0.0
2023-05-02 00:00:00+09:00,2344.144084513688,2346.1098237879137,2319.5723435858717,2339.229736328125,52100,0.0,0.0
2023-05-08 00:00:00+09:00,2334.315628511052,2362.818850922345,2332.3498890344117,2351.0244140625,77200,0.0,0.0
2023-05-09 00:00:00+09:00,2360.8530617467554,2391.322022993279,2355.9387131586063,2385.4248046875,100000,0.0,0.0
2023-05-10 00:00:00+09:00,2389.3561235045754,2403.116298629653,2364.7843822097934,2369.69873046875,55300,0.0,0.0
2023-05-11 00:00:00+09:00,2360.8531065628245,2379.5276315522888,2360.8531065628245,2368.716064453125,39400,0.0,0.0
2023-05-12 00:00:00+09:00,2378.544962212154,2416.8768851568952,2364.784784744811,2379.52783203125,107400,0.0,0.0
2023-05-15 00:00:00+09:00,2417.8592111844105,2446.3624295276413,2411.9619935961555,2425.72216796875,108700,0.0,0.0
2023-05-16 00:00:00+09:00,2432.6026514956825,2471.9174418228854,2432.6026514956825,2465.037353515625,110800,0.0,0.0
2023-05-17 00:00:00+09:00,2452.260018184267,2458.1572366648707,2422.77392578125,2422.77392578125,70700,0.0,0.0
2023-05-18 00:00:00+09:00,2439.4825149385056,2439.4825149385056,2379.527465216004,2382.47607421875,90900,0.0,0.0
2023-05-19 00:00:00+09:00,2379.5276791237366,2379.5276791237366,2340.212888886252,2346.110107421875,77500,0.0,0.0
2023-05-22 00:00:00+09:00,2321.538194265464,2383.458984375,2321.538194265464,2383.458984375,69900,0.0,0.0
2023-05-23 00:00:00+09:00,2387.3904324412747,2393.287650471183,2322.5210341122815,2335.29833984375,75500,0.0,0.0
2023-05-24 00:00:00+09:00,2323.5039099964033,2325.469649344962,2301.8807771622573,2305.812255859375,55400,0.0,0.0
2023-05-25 00:00:00+09:00,2285.1721083105595,2334.3155945107865,2273.3776716225047,2326.45263671875,57100,0.0,0.0
2023-05-26 00:00:00+09:00,2322.521123272043,2332.3498203658733,2301.880859375,2301.880859375,57100,0.0,0.0
2023-05-29 00:00:00+09:00,2306.795089649363,2311.709437944313,2281.240478515625,2281.240478515625,50000,0.0,0.0
2023-05-30 00:00:00+09:00,2278.2921979797707,2281.240807381815,2248.806103959325,2271.412109375,62700,0.0,0.0
2023-05-31 00:00:00+09:00,2253.720048916788,2277.3089199041424,2251.754309667842,2273.37744140625,84300,0.0,0.0
2023-06-01 00:00:00+09:00,2283.2065812139554,2306.795456783966,2271.41214342895,2290.086669921875,58400,0.0,0.0
2023-06-02 00:00:00+09:00,2288.120480124521,2309.7436118095466,2288.120480124521,2308.7607421875,43900,0.0,0.0
2023-06-05 00:00:00+09:00,2344.1441668886127,2344.1441668886127,2317.6066857540245,2335.29833984375,52700,0.0,0.0
2023-06-06 00:00:00+09:00,2329.401369046439,2339.2300668061284,2309.7439735270596,2323.504150390625,36500,0.0,0.0
2023-06-07 00:00:00+09:00,2323.5039480612813,2339.2298631073813,2313.6752511574687,2318.589599609375,59000,0.0,0.0
2023-06-08 00:00:00+09:00,2318.5897241730386,2335.298509807181,2305.812417511636,2309.743896484375,60300,0.0,0.0
2023-06-09 00:00:00+09:00,2326.452834366152,2348.0759701312786,2319.5727457136113,2343.16162109375,87200,0.0,0.0
2023-06-12 00:00:00+09:00,2349.0588399387843,2352.007449361302,2339.2301418637267,2343.16162109375,32100,0.0,0.0
2023-06-13 00:00:00+09:00,2343.161378390454,2353.9729451531616,2337.26416015625,2337.26416015625,45400,0.0,0.0
2023-06-14 00:00:00+09:00,2339.229860406342,2345.1270785418205,2330.384033203125,2330.384033203125,50400,0.0,0.0
2023-06-15 00:00:00+09:00,2331.3671030449727,2356.9217171592936,2331.3671030449727,2341.19580078125,52300,0.0,0.0
2023-06-16 00:00:00+09:00,2346.11006051851,2370.6818039257005,2344.144321045935,2368.716064453125,95900,0.0,0.0
2023-06-19 00:00:00+09:00,2368.716101431916,2381.493408203125,2363.801752673758,2381.493408203125,41800,0.0,0.0
2023-06-20 00:00:00+09:00,2381.493654666975,2381.493654666975,2362.8191274533256,2375.596435546875,43500,0.0,0.0
2023-06-21 00:00:00+09:00,2375.5958272281237,2394.2703496597887,2359.8699136014584,2360.852783203125,75600,0.0,0.0
2023-06-22 00:00:00+09:00,2363.8016800060773,2363.8016800060773,2346.110025020585,2350.04150390625,63800,0.0,0.0
2023-06-23 00:00:00+09:00,2347.0928152374895,2361.835860559333,2334.315509291892,2342.178466796875,58700,0.0,0.0
2023-06-26 00:00:00+09:00,2332.349769915646,2344.144206173121,2320.555333658171,2342.178466796875,47000,0.0,0.0
2023-06-27 00:00:00+09:00,2337.264236106586,2358.887370334654,2330.38414794311,2356.921630859375,38000,0.0,0.0
2023-06-28 00:00:00+09:00,2358.8874421296296,2388.37353515625,2352.0073537567514,2388.37353515625,64500,0.0,0.0
2023-06-29 00:00:00+09:00,2388.373371927362,2416.876593238429,2379.527544623927,2390.339111328125,56500,0.0,0.0
2023-06-30 00:00:00+09:00,2388.37345431232,2401.1507608580237,2372.6475385637614,2386.40771484375,57500,0.0,0.0
2023-07-03 00:00:00+09:00,2392.3049669728393,2422.77392916518,2392.3049669728393,2410.9794921875,48800,0.0,0.0
2023-07-04 00:00:00+09:00,2396.236328125,2406.065025123052,2391.321979625974,2396.236328125,46800,0.0,0.0
2023-07-05 00:00:00+09:00,2388.373579361952,2394.270798076426,2375.5962721472583,2377.56201171875,48000,0.0,0.0
2023-07-06 00:00:00+09:00,2367.7333138612935,2378.5448815044956,2358.887485789582,2377.56201171875,42600,0.0,0.0
2023-07-07 00:00:00+09:00,2367.733396314538,2389.35653235394,2356.921828294837,2373.630615234375,63200,0.0,0.0
2023-07-10 00:00:00+09:00,2371.6646704323325,2397.219283541011,2366.750321757587,2380.510498046875,80800,0.0,0.0
2023-07-11 00:00:00+09:00,2397.2190773635302,2409.9963828189325,2385.424641558544,2387.390380859375,46500,0.0,0.0
2023-07-12 00:00:00+09:00,2398.2021110166875,2410.9794173458745,2385.4248046875,2385.4248046875,47400,0.0,0.0
2023-07-13 00:00:00+09:00,2398.2019864788585,2401.150595478628,2382.4760718134235,2394.2705078125,33700,0.0,0.0
2023-07-14 00:00:00+09:00,2391.3218628081577,2409.013516540401,2369.69873046875,2369.69873046875,59900,0.0,0.0
2023-07-18 00:00:00+09:00,2376.579184291179,2382.47640311076,2370.681965471598,2372.647705078125,53300,0.0,0.0
2023-07-19 00:00:00+09:00,2384.4419349698705,2397.2192412990576,2377.5618469464616,2385.4248046875,60900,0.0,0.0
2023-07-20 00:00:00+09:00,2393.2878029837443,2403.1165003265937,2384.4419753751804,2386.40771484375,58100,0.0,0.0
2023-07-21 00:00:00+09:00,2392.3047672805974,2400.167724609375,2381.4932009535282,2400.167724609375,59000,0.0,0.0
2023-07-24 00:00:00+09:00,2415.8938832002527,2423.756841322955,2405.082315781537,2406.065185546875,56000,0.0,0.0
2023-07-25 00:00:00+09:00,2413.92810143192,2417.85958042448,2406.0651434468,2410.9794921875,51800,0.0,0.0
2023-07-26 00:00:00+09:00,2412.945318210306,2414.911057777076,2379.5277455752143,2395.253662109375,79600,0.0,0.0
2023-07-27 00:00:00+09:00,2401.1507947060995,2411.96236193564,2399.1850552098194,2410.9794921875,56700,0.0,0.0
2023-07-28 00:00:00+09:00,2398.2019805289433,2431.6195491100843,2394.2705018723386,2423.756591796875,100200,0.0,0.0
2023-07-31 00:00:00+09:00,2437.5167252630513,2450.294030677737,2418.842201964665,2428.6708984375,126100,0.0,0.0
2023-08-01 00:00:00+09:00,2432.6023737844957,2454.2255059959134,2424.7394166167073,2446.362548828125,108500,0.0,0.0
2023-08-02 00:00:00+09:00,2427.688316779408,2432.6026655987994,2406.065181974085,2417.859619140625,118400,0.0,0.0
2023-08-03 00:00:00+09:00,2403.1165744622936,2415.893881402175,2400.167965168475,2411.96240234375,89400,0.0,0.0
2023-08-04 00:00:00+09:00,2417.8593290948925,2451.2768970579928,2416.876459448919,2446.362548828125,87300,0.0,0.0
2023-08-07 00:00:00+09:00,2449.311223953253,2519.094970703125,2444.3968755905858,2519.094970703125,153200,0.0,0.0
2023-08-08 00:00:00+09:00,2524.009554720642,2551.5299081210233,2520.078075663445,2548.581298828125,108400,0.0,0.0
2023-08-09 00:00:00+09:00,2540.7185102241124,2545.632859373482,2513.1981549876423,2528.924072265625,128900,0.0,0.0
2023-08-10 00:00:00+09:00,2528.9236975490226,2573.152833339814,2516.146391653905,2567.255615234375,192100,0.0,0.0
2023-08-14 00:00:00+09:00,2621.3135304527605,2643.919533902484,2558.4098686796156,2569.221435546875,217900,0.0,0.0
2023-08-15 00:00:00+09:00,2560.3754500400873,2567.255537621769,2532.8550997133607,2547.59814453125,127200,0.0,0.0
2023-08-16 00:00:00+09:00,2545.6324432431625,2567.255575965691,2528.9236588666627,2560.37548828125,103900,0.0,0.0
2023-08-17 00:00:00+09:00,2550.5468385115914,2559.3926656971807,2524.0093569548235,2531.872314453125,77800,0.0,0.0
2023-08-18 00:00:00+09:00,2524.9923149360407,2524.9923149360407,2491.574744399713,2504.35205078125,82900,0.0,0.0
2023-08-21 00:00:00+09:00,2499.437693120525,2547.5983093072755,2499.437693120525,2539.7353515625,50300,0.0,0.0
2023-08-22 00:00:00+09:00,2544.6496926667405,2569.221435546875,2537.769604660303,2569.221435546875,64500,0.0,0.0
2023-08-23 00:00:00+09:00,2569.221435546875,2575.118653838107,2560.3756081100264,2569.221435546875,41300,0.0,0.0
2023-08-24 00:00:00+09:00,2556.4442515963115,2581.998865414652,2555.4613818340677,2566.27294921875,44700,0.0,0.0
2023-08-25 00:00:00+09:00,2556.4442515963115,2569.221558505482,2543.666944687141,2566.27294921875,53300,0.0,0.0
2023-08-28 00:00:00+09:00,2592.810224393519,2592.810224393519,2554.4783067470644,2579.050048828125,79600,0.0,0.0
2023-08-29 00:00:00+09:00,2572.1702566371546,2588.879043172436,2540.7184231589777,2544.64990234375,429800,0.0,0.0
2023-08-30 00:00:00+09:00,2535.8038667082055,2565.289958181557,2525.975169550422,2563.32421875,174900,0.0,0.0
2023-08-31 00:00:00+09:00,2582.9816070834913,2599.6903922130273,2564.307082526952,2586.9130859375,125600,0.0,0.0
2023-09-01 00:00:00+09:00,2583.964390792789,2608.5361328125,2572.169954623328,2608.5361328125,79600,0.0,0.0
2023-09-04 00:00:00+09:00,2608.5362093232866,2642.936649159879,2608.5362093232866,2628.193603515625,117200,0.0,0.0
2023-09-05 00:00:00+09:00,2638.022503222401,2643.919721933032,2622.296586660718,2633.108154296875,112800,0.0,0.0
2023-09-06 00:00:00+09:00,2627.210910115405,2628.1937798909817,2581.9989004388963,2584.947509765625,228900,0.0,0.0
2023-09-07 00:00:00+09:00,2603.621831752232,2603.621831752232,2572.1700013950895,2580.032958984375,204300,0.0,0.0
2023-09-08 00:00:00+09:00,2564.3072096942624,2588.878953750359,2564.3072096942624,2566.27294921875,135100,0.0,0.0
2023-09-11 00:00:00+09:00,2572.16979933877,2579.049886688931,2552.5124069097387,2575.118408203125,109900,0.0,0.0
2023-09-12 00:00:00+09:00,2580.033243474212,2594.776290579779,2572.17028501791,2581.01611328125,85800,0.0,0.0
2023-09-13 00:00:00+09:00,2583.9643653062644,2589.8615833328286,2536.78662109375,2536.78662109375,150700,0.0,0.0
2023-09-14 00:00:00+09:00,2536.7866285762525,2540.718107272225,2492.557493246562,2501.4033203125,205100,0.0,0.0
2023-09-15 00:00:00+09:00,2512.215049100137,2520.0780070002943,2487.6433056621468,2505.3349609375,163400,0.0,0.0
2023-09-19 00:00:00+09:00,2494.5233147090835,2497.471923828125,2461.10574469328,2497.471923828125,207800,0.0,0.0
2023-09-20 00:00:00+09:00,2492.557701467241,2500.420659516033,2475.8489156135565,2482.72900390625,126700,0.0,0.0
2023-09-21 00:00:00+09:00,2485.677282800876,2515.163371564825,2485.677282800876,2510.2490234375,211300,0.0,0.0
2023-09-22 00:00:00+09:00,2516.1466901684294,2538.752695587911,2498.4550337531823,2509.2666015625,222700,0.0,0.0
2023-09-25 00:00:00+09:00,2516.1464813374805,2536.786745442202,2512.2150024603907,2527.94091796875,236000,0.0,0.0
2023-09-26 00:00:00+09:00,2525.9751395361236,2534.82096687302,2517.1293121992267,2521.060791015625,189300,0.0,0.0
2023-09-27 00:00:00+09:00,2505.335049048402,2511.2322676809213,2472.900346569549,2483.7119140625,949600,0.0,0.0
2023-09-28 00:00:00+09:00,2434.4120809725014,2437.3700543394184,2374.2666225118605,2390.04248046875,642300,8.0,0.0
2023-09-29 00:00:00+09:00,2411.7344776285645,2437.370248854379,2402.8605568196285,2420.6083984375,172500,0.0,0.0
2023-10-02 00:00:00+09:00,2409.762400393875,2419.622312015781,2365.3927980952967,2370.32275390625,141300,0.0,0.0
2023-10-03 00:00:00+09:00,2380.182759196792,2420.6083984375,2368.350864784878,2420.6083984375,120100,0.0,0.0
2023-10-04 00:00:00+09:00,2420.6082437921064,2466.9498272781466,2411.7343235500985,2442.300048828125,198400,0.0,0.0
2023-10-05 00:00:00+09:00,2422.5802530504993,2486.669677734375,2422.5802530504993,2486.669677734375,128700,0.0,0.0
2023-10-06 00:00:00+09:00,2487.6555759743155,2501.459451544526,2481.7396293013685,2485.68359375,95500,0.0,0.0
2023-10-10 00:00:00+09:00,2492.5856691669956,2500.4735984998024,2460.047960669167,2497.515625,74300,0.0,0.0
2023-10-11 00:00:00+09:00,2490.613755107818,2511.319570174035,2477.7958695906364,2503.431640625,79800,0.0,0.0
2023-10-12 00:00:00+09:00,2492.585586860236,2511.3194184070494,2478.7817109836365,2504.41748046875,67700,0.0,0.0
2023-10-13 00:00:00+09:00,2503.431409725573,2503.431409725573,2477.795641055677,2490.613525390625,54400,0.0,0.0
2023-10-16 00:00:00+09:00,2489.6277325922288,2489.6277325922288,2426.5242969938513,2430.46826171875,63400,0.0,0.0
2023-10-17 00:00:00+09:00,2433.426313454896,2460.0480762033894,2433.426313454896,2444.272216796875,31300,0.0,0.0
2023-10-18 00:00:00+09:00,2453.146094215399,2482.725830078125,2434.4122615023393,2482.725830078125,55200,0.0,0.0
2023-10-19 00:00:00+09:00,2474.838042033056,2485.683945802922,2464.978129514996,2473.85205078125,35500,0.0,0.0
2023-10-20 00:00:00+09:00,2483.711762734065,2489.627709767175,2467.9359039791048,2484.69775390625,39700,0.0,0.0
2023-10-23 00:00:00+09:00,2484.6978025398407,2490.613749688745,2469.90793466758,2474.837890625,57900,0.0,0.0
2023-10-24 00:00:00+09:00,2474.8376782785367,2508.3613759125888,2474.8376782785367,2498.50146484375,67700,0.0,0.0
2023-10-25 00:00:00+09:00,2510.3335546337585,2519.2074752903586,2491.5997221364914,2508.361572265625,56400,0.0,0.0
2023-10-26 00:00:00+09:00,2514.27734375,2531.0391927083333,2503.431441482843,2514.27734375,59300,0.0,0.0
2023-10-27 00:00:00+09:00,2525.1233698043084,2538.92724609375,2502.4455730430823,2538.92724609375,95400,0.0,0.0
2023-10-30 00:00:00+09:00,2537.9413091208075,2557.6611328125,2529.067388459546,2557.6611328125,85500,0.0,0.0
2023-10-31 00:00:00+09:00,2560.619103431344,2629.638486273159,2551.7451827802533,2627.66650390625,158800,0.0,0.0
2023-11-01 00:00:00+09:00,2633.5825244140624,2664.148251953125,2620.7646386718748,2662.17626953125,166400,0.0,0.0
2023-11-02 00:00:00+09:00,2662.175982931386,2669.0779206649117,2606.9604810631795,2630.624267578125,83700,0.0,0.0
2023-11-06 00:00:00+09:00,2649.3582572597425,2674.994027519792,2629.6384339827814,2658.232177734375,113300,0.0,0.0
2023-11-07 00:00:00+09:00,2659.2180967369627,2694.7137776722725,2656.260123325687,2673.02197265625,77400,0.0,0.0
2023-11-08 00:00:00+09:00,2681.896079063767,2681.896079063767,2646.4003956643937,2674.994140625,63300,0.0,0.0
2023-11-09 00:00:00+09:00,2674.994194787443,2674.994194787443,2608.9327826787962,2644.428466796875,43500,0.0,0.0
2023-11-10 00:00:00+09:00,2636.540296873532,2638.5122791449407,2611.8905184809223,2623.722412109375,68000,0.0,0.0
2023-11-13 00:00:00+09:00,2623.722411638061,2634.568314128861,2549.773076473516,2553.717041015625,87500,0.0,0.0
2023-11-14 00:00:00+09:00,2553.7171174888044,2568.5069849646084,2508.361523896339,2518.221435546875,87500,0.0,0.0
2023-11-15 00:00:00+09:00,2533.9974072284617,2536.9553808555765,2508.3616357934657,2534.9833984375,62700,0.0,0.0
2023-11-16 00:00:00+09:00,2533.011495122966,2541.885416281435,2492.585854289941,2499.48779296875,64700,0.0,0.0
2023-11-17 00:00:00+09:00,2499.4876034108565,2522.1654002070895,2489.627691760321,2518.221435546875,59300,0.0,0.0
2023-11-20 00:00:00+09:00,2518.221404860425,2532.0252810029647,2494.5576171875,2494.5576171875,50900,0.0,0.0
2023-11-21 00:00:00+09:00,2494.557651500197,2512.305492499013,2491.5996780003948,2497.515625,43700,0.0,0.0
2023-11-22 00:00:00+09:00,2494.5576857317133,2513.2915181542044,2494.5576857317133,2500.4736328125,30600,0.0,0.0
2023-11-24 00:00:00+09:00,2500.473814580012,2504.417779587236,2471.880068277638,2473.85205078125,50900,0.0,0.0
2023-11-27 00:00:00+09:00,2475.823698957234,2481.7396456691986,2449.2019387533924,2452.159912109375,74400,0.0,0.0
2023-11-28 00:00:00+09:00,2452.1601318555317,2465.9640087537937,2450.1881494414943,2457.090087890625,39800,0.0,0.0
2023-11-29 00:00:00+09:00,2455.117770669914,2462.0197081778215,2435.39794921875,2435.39794921875,54000,0.0,0.0
2023-11-30 00:00:00+09:00,2436.3841805107763,2459.061977415571,2434.4121981712287,2456.10400390625,61400,0.0,0.0
2023-12-01 00:00:00+09:00,2464.977783203125,2479.7676499023437,2454.131880957031,2464.977783203125,62900,0.0,0.0
2023-12-04 00:00:00+09:00,2464.978120080093,2477.7960063045093,2444.2723038714203,2465.964111328125,49200,0.0,0.0
2023-12-05 00:00:00+09:00,2464.9779732214834,2487.655770575121,2446.244140625,2446.244140625,61600,0.0,0.0
2023-12-06 00:00:00+09:00,2455.1180909665045,2474.8379149903317,2446.2441701557823,2469.907958984375,54800,0.0,0.0
2023-12-07 00:00:00+09:00,2460.048061511681,2471.8799559959057,2450.1881494414943,2457.090087890625,47300,0.0,0.0
2023-12-08 00:00:00+09:00,2447.230014854754,2468.9218199823945,2443.2860502860917,2450.18798828125,80800,0.0,0.0
2023-12-11 00:00:00+09:00,2452.1599225795344,2460.0478515625,2430.468117876378,2460.0478515625,55300,0.0,0.0
2023-12-12 00:00:00+09:00,2460.047848554408,2486.6696088393655,2455.1178929460825,2480.753662109375,38700,0.0,0.0
2023-12-13 00:00:00+09:00,2485.6836281850487,2498.5015128206715,2477.7956991785113,2488.6416015625,44500,0.0,0.0
2023-12-14 00:00:00+09:00,2492.585771343299,2506.3896482415607,2451.174140648513,2457.090087890625,57000,0.0,0.0
2023-12-15 00:00:00+09:00,2457.0898917518634,2457.0898917518634,2427.510157902523,2447.22998046875,76400,0.0,0.0
2023-12-18 00:00:00+09:00,2425.5382097271126,2453.1459617077467,2420.608254016285,2450.18798828125,49300,0.0,0.0
2023-12-19 00:00:00+09:00,2465.9637051775826,2496.5294288323225,2442.2999191223,2459.061767578125,77400,0.0,0.0
2023-12-20 00:00:00+09:00,2458.0759036917034,2468.921806194956,2453.145948008407,2463.005859375,43600,0.0,0.0
2023-12-21 00:00:00+09:00,2450.1880123999813,2457.0899504630797,2437.3701274256555,2445.258056640625,38300,0.0,0.0
2023-12-22 00:00:00+09:00,2446.244102230736,2463.991943359375,2446.244102230736,2463.991943359375,34400,0.0,0.0
2023-12-25 00:00:00+09:00,2465.96382624108,2504.41748046875,2465.96382624108,2504.41748046875,66700,0.0,0.0
2023-12-26 00:00:00+09:00,2506.3896142058884,2510.333578980406,2486.6697903333006,2503.431640625,54600,0.0,0.0
2023-12-27 00:00:00+09:00,2513.291616081541,2530.053466796875,2507.3756687702466,2530.053466796875,69200,0.0,0.0
2023-12-28 00:00:00+09:00,2524.1372045718713,2544.843017578125,2515.2632847120485,2544.843017578125,40900,0.0,0.0
2023-12-29 00:00:00+09:00,2547.8011217519015,2557.66103321379,2521.1793608048033,2528.081298828125,81300,0.0,0.0
2024-01-04 00:00:00+09:00,2518.2212579986563,2548.7869819602683,2489.6275162281154,2544.843017578125,52400,0.0,0.0
2024-01-05 00:00:00+09:00,2547.801080634124,2569.492885500204,2545.829098373571,2566.534912109375,53500,0.0,0.0
2024-01-09 00:00:00+09:00,2569.4928823331506,2598.086625075922,2569.4928823331506,2587.24072265625,71600,0.0,0.0
2024-01-10 00:00:00+09:00,2587.241014451952,2628.6526465430275,2582.3110582506333,2626.6806640625,81000,0.0,0.0
2024-01-11 00:00:00+09:00,2626.6803540955634,2630.624318591202,2588.2267002630833,2600.05859375,85400,0.0,0.0
2024-01-12 00:00:00+09:00,2610.9045931648834,2625.694460573295,2579.352876026939,2580.3388671875,53100,0.0,0.0
2024-01-15 00:00:00+09:00,2582.3110786931143,2612.876807383258,2582.3110786931143,2593.156982421875,10900,0.0,0.0
2024-01-16 00:00:00+09:00,2617.806586350946,2628.652489345244,2595.1287891810507,2599.07275390625,49300,0.0,0.0
2024-01-17 00:00:00+09:00,2598.086850501434,2647.386411232012,2598.086850501434,2620.7646484375,75600,0.0,0.0
2024-01-18 00:00:00+09:00,2627.666421307775,2641.470297442225,2605.9746159536394,2634.568359375,46400,0.0,0.0
2024-01-19 00:00:00+09:00,2640.4842892033325,2642.456271495493,2591.1847318993123,2598.086669921875,56800,0.0,0.0
2024-01-22 00:00:00+09:00,2598.0867244717583,2620.764521307755,2591.1847863042813,2616.820556640625,44000,0.0,0.0
2024-01-23 00:00:00+09:00,2621.7506887199656,2627.6666361183557,2603.01685529173,2610.90478515625,42000,0.0,0.0
2024-01-24 00:00:00+09:00,2601.04461218762,2611.89051466452,2568.506904756918,2574.4228515625,59800,0.0,0.0
2024-01-25 00:00:00+09:00,2574.4230226282843,2593.156855424124,2574.4230226282843,2589.212890625,45900,0.0,0.0
2024-01-26 00:00:00+09:00,2586.2548141508646,2594.142743435351,2577.380893705818,2580.3388671875,44300,0.0,0.0
2024-01-29 00:00:00+09:00,2589.2128520278816,2611.89064928479,2588.2268608427985,2606.960693359375,35700,0.0,0.0
2024-01-30 00:00:00+09:00,2614.8485641652496,2619.7785199800405,2601.0446878838343,2608.9326171875,44700,0.0,0.0
2024-01-31 00:00:00+09:00,2612.8766799721484,2638.512451171875,2606.9607327722115,2638.512451171875,57900,0.0,0.0
2024-02-01 00:00:00+09:00,2642.456425810358,2670.064179512854,2629.6385401627704,2646.400390625,78000,0.0,0.0
2024-02-02 00:00:00+09:00,2662.175982931386,2662.175982931386,2604.0025077488112,2630.624267578125,71900,0.0,0.0
2024-02-05 00:00:00+09:00,2642.456337164256,2643.44232833484,2617.8065578996643,2624.70849609375,51600,0.0,0.0
2024-02-06 00:00:00+09:00,2618.7925875803708,2642.456376022362,2605.974702174292,2606.960693359375,67700,0.0,0.0
2024-02-07 00:00:00+09:00,2606.9605937978195,2611.890549534956,2572.450903637863,2577.380859375,63100,0.0,0.0
2024-02-08 00:00:00+09:00,2563.576848393307,2565.5488305843787,2525.1231956674073,2544.843017578125,124600,0.0,0.0
2024-02-09 00:00:00+09:00,2524.13745210728,2586.2548972177324,2520.193487338362,2573.43701171875,84400,0.0,0.0
2024-02-13 00:00:00+09:00,2638.5121827020566,2638.5121827020566,2539.9130727356123,2552.73095703125,166900,0.0,0.0
2024-02-14 00:00:00+09:00,2534.9832298999004,2573.436884495815,2532.0252564694456,2569.492919921875,125600,0.0,0.0
2024-02-15 00:00:00+09:00,2520.19352054782,2558.6471775514838,2519.207529342598,2527.095458984375,227400,0.0,0.0
2024-02-16 00:00:00+09:00,2557.6611427582748,2575.4089841498126,2547.801230874087,2565.549072265625,136700,0.0,0.0
2024-02-19 00:00:00+09:00,2574.422872194102,2598.086659606074,2553.717058208627,2590.19873046875,123200,0.0,0.0
2024-02-20 00:00:00+09:00,2593.1565921174924,2593.1565921174924,2545.829019333599,2552.73095703125,89400,0.0,0.0
2024-02-21 00:00:00+09:00,2543.857212044498,2550.7591502167115,2521.1794151929384,2546.815185546875,150800,0.0,0.0
2024-02-22 00:00:00+09:00,2562.5911086042265,2574.4230029109794,2536.9553376062618,2573.43701171875,159500,0.0,0.0
2024-02-26 00:00:00+09:00,2592.1706678291343,2593.156658954212,2566.5348985771157,2579.352783203125,168000,0.0,0.0
2024-02-27 00:00:00+09:00,2579.3527487263204,2590.198650957203,2565.548873159742,2576.394775390625,178600,0.0,0.0
2024-02-28 00:00:00+09:00,2593.1570173505484,2689.7841609628504,2577.3811571689484,2674.00830078125,371100,0.0,0.0
2024-02-29 00:00:00+09:00,2691.755814659284,2722.32154002721,2666.1200449958624,2680.909912109375,233700,0.0,0.0
2024-03-01 00:00:00+09:00,2664.1481005298965,2666.120082839689,2631.610392418317,2663.162109375,168600,0.0,0.0
2024-03-04 00:00:00+09:00,2681.8958719851576,2681.8958719851576,2636.5402800324673,2657.24609375,132700,0.0,0.0
2024-03-05 00:00:00+09:00,2652.3161654938644,2652.3161654938644,2618.7924667478455,2631.6103515625,81800,0.0,0.0
2024-03-06 00:00:00+09:00,2624.7084859748848,2648.3722739776636,2614.84857430706,2616.820556640625,134400,0.0,0.0
2024-03-07 00:00:00+09:00,2630.624521571959,2641.4704247718437,2612.8766799721484,2638.512451171875,182900,0.0,0.0
2024-03-08 00:00:00+09:00,2621.750440166612,2639.4982806792104,2586.254759141415,2631.6103515625,157800,0.0,0.0
2024-03-11 00:00:00+09:00,2641.47036201559,2661.190185546875,2628.652476720255,2661.190185546875,106100,0.0,0.0
2024-03-12 00:00:00+09:00,2664.1482131205735,2688.7979930347165,2633.5824860270363,2679.924072265625,76100,0.0,0.0
2024-03-13 00:00:00+09:00,2667.1063619518,2683.8682133947505,2650.3445105088495,2674.00830078125,90100,0.0,0.0
2024-03-14 00:00:00+09:00,2680.909912109375,2685.839867813879,2668.0920272776643,2680.909912109375,85200,0.0,0.0
2024-03-15 00:00:00+09:00,2680.910063462191,2699.6438961969393,2665.1342043171394,2679.924072265625,82700,0.0,0.0
2024-03-18 00:00:00+09:00,2681.89623087205,2691.7561434855506,2663.1623969064,2674.00830078125,82300,0.0,0.0
2024-03-19 00:00:00+09:00,2674.9938357169167,2697.671630859375,2667.105906971714,2697.671630859375,70000,0.0,0.0
2024-03-21 00:00:00+09:00,2700.629644103257,2706.5455907497044,2644.4281509620064,2659.218017578125,206600,0.0,0.0
2024-03-22 00:00:00+09:00,2665.1340778213084,2678.9379539180522,2654.288175173867,2675.97998046875,111600,0.0,0.0
2024-03-25 00:00:00+09:00,2668.0919645103077,2674.993902334244,2633.582275390625,2633.582275390625,251200,0.0,0.0
2024-03-26 00:00:00+09:00,2629.6383485014017,2641.4702420829603,2615.83447265625,2615.83447265625,204900,0.0,0.0
2024-03-27 00:00:00+09:00,2602.0307174055542,2614.848602712971,2579.352920323202,2591.184814453125,809000,0.0,0.0
2024-03-28 00:00:00+09:00,2581.287248992327,2609.0004556532876,2547.635498046875,2547.635498046875,495100,10.0,0.0
2024-03-29 00:00:00+09:00,2555.553660574135,2586.2361406197574,2555.553660574135,2581.287353515625,56900,0.0,0.0
2024-04-01 00:00:00+09:00,2579.307577987992,2581.287092629579,2539.71728515625,2539.71728515625,74800,0.0,0.0
2024-04-02 00:00:00+09:00,2528.8298718514816,2534.768415581857,2465.485405394145,2482.311279296875,137600,0.0,0.0
2024-04-03 00:00:00+09:00,2464.4957037882664,2490.229393867983,2455.587887991441,2477.362548828125,77200,0.0,0.0
2024-04-04 00:00:00+09:00,2477.3625825195313,2482.3113691406247,2460.536708007812,2474.393310546875,83200,0.0,0.0
2024-04-05 00:00:00+09:00,2459.54707402022,2493.1988247311606,2459.54707402022,2463.506103515625,78100,0.0,0.0
2024-04-08 00:00:00+09:00,2464.4957933445016,2482.311425585546,2456.577734570704,2469.444580078125,59800,0.0,0.0
2024-04-09 00:00:00+09:00,2464.4959241672905,2481.3217999547783,2449.649563178331,2479.34228515625,69300,0.0,0.0
2024-04-10 00:00:00+09:00,2479.342153545372,2487.2602123191696,2467.4650653846757,2469.444580078125,42400,0.0,0.0
2024-04-11 00:00:00+09:00,2462.5162255977602,2466.4752548993642,2449.6493803675467,2452.61865234375,62500,0.0,0.0
2024-04-12 00:00:00+09:00,2452.6188851587713,2466.4754890297245,2447.670098062002,2453.608642578125,55300,0.0,0.0
2024-04-15 00:00:00+09:00,2448.659701759156,2453.60848854525,2436.7826134725315,2445.6904296875,50200,0.0,0.0
2024-04-16 00:00:00+09:00,2436.7826625207695,2448.6597510464594,2415.008000223671,2419.956787109375,85100,0.0,0.0
2024-04-17 00:00:00+09:00,2424.9056306432503,2429.854417644563,2394.2231512351113,2415.008056640625,61600,0.0,0.0
2024-04-18 00:00:00+09:00,2442.7211801336575,2449.649481698056,2422.9260328068044,2443.7109375,38000,0.0,0.0
2024-04-19 00:00:00+09:00,2439.751654730903,2447.669712839563,2415.9974804049225,2422.92578125,62200,0.0,0.0
2024-04-22 00:00:00+09:00,2446.680116577881,2473.403564453125,2444.700601920456,2473.403564453125,52000,0.0,0.0
2024-04-23 00:00:00+09:00,2477.3626466396313,2493.198764237008,2465.4855584415986,2490.2294921875,33300,0.0,0.0
2024-04-24 00:00:00+09:00,2494.1883667576258,2494.1883667576258,2474.393220989708,2482.311279296875,40800,0.0,0.0
2024-04-25 00:00:00+09:00,2465.485561930665,2477.3626501455055,2459.5470178232445,2468.454833984375,32000,0.0,0.0
2024-04-26 00:00:00+09:00,2462.516200320993,2479.3420746801,2447.66984059237,2476.372802734375,41600,0.0,0.0
2024-04-30 00:00:00+09:00,2479.342138943358,2493.1987417158957,2462.5162641481334,2492.208984375,42600,0.0,0.0
2024-05-01 00:00:00+09:00,2476.3728892897952,2494.188521586844,2474.393374590123,2490.2294921875,25300,0.0,0.0
2024-05-02 00:00:00+09:00,2475.3830678710938,2490.229427734375,2464.4957373046873,2474.393310546875,39300,0.0,0.0
2024-05-07 00:00:00+09:00,2483.3010814532686,2484.290838759547,2469.444479165367,2478.352294921875,28400,0.0,0.0
2024-05-08 00:00:00+09:00,2474.3935996738687,2490.2297187117815,2427.875,2427.875,76700,0.0,0.0
2024-05-09 00:00:00+09:00,2424.9055211980026,2427.8747932647757,2403.130859375,2403.130859375,76400,0.0,0.0
2024-05-10 00:00:00+09:00,2409.069373029849,2409.069373029849,2380.366410080849,2384.325439453125,107800,0.0,0.0
2024-05-13 00:00:00+09:00,2395.2128415174006,2464.4958575943506,2395.2128415174006,2420.946533203125,64900,0.0,0.0
2024-05-14 00:00:00+09:00,2424.905569929317,2448.6597469408694,2404.1206650442086,2441.7314453125,50900,0.0,0.0
2024-05-15 00:00:00+09:00,2448.6597243317133,2462.5163274605106,2430.8440917375456,2443.7109375,44500,0.0,0.0
2024-05-16 00:00:00+09:00,2459.547089439819,2464.4958763401005,2429.8543680381313,2440.74169921875,42700,0.0,0.0
2024-05-17 00:00:00+09:00,2442.721243476484,2464.4959061006666,2434.8031843404174,2459.547119140625,34800,0.0,0.0
2024-05-20 00:00:00+09:00,2467.4652464490787,2467.4652464490787,2438.7622812878176,2453.608642578125,54100,0.0,0.0
2024-05-21 00:00:00+09:00,2456.577794598992,2463.506096195363,2439.7519192935197,2442.72119140625,30500,0.0,0.0
2024-05-22 00:00:00+09:00,2429.8544017870736,2450.6393070569425,2426.8851296056637,2437.7724609375,39100,0.0,0.0
2024-05-23 00:00:00+09:00,2451.6289174907233,2454.5981894941438,2434.803042804675,2450.63916015625,21800,0.0,0.0
2024-05-24 00:00:00+09:00,2445.6905200879264,2454.5983366321557,2435.7929461498934,2437.7724609375,34100,0.0,0.0
2024-05-27 00:00:00+09:00,2437.772247880049,2456.57763671875,2437.772247880049,2456.57763671875,29300,0.0,0.0
2024-05-28 00:00:00+09:00,2459.547130443432,2465.4856748227717,2449.6495564778643,2458.557373046875,27400,0.0,0.0
2024-05-29 00:00:00+09:00,2457.567665888489,2462.516452972437,2429.8544582183813,2432.82373046875,36200,0.0,0.0
2024-05-30 00:00:00+09:00,2437.772467719184,2459.547130443432,2431.8339233398438,2458.557373046875,39900,0.0,0.0
2024-05-31 00:00:00+09:00,2459.546984213087,2471.424072265625,2444.700624147414,2471.424072265625,78200,0.0,0.0
2024-06-03 00:00:00+09:00,2480.3319675185116,2480.3319675185116,2461.526577501412,2464.495849609375,36300,0.0,0.0
2024-06-04 00:00:00+09:00,2468.454752604167,2499.1372294809626,2465.4854806483477,2497.15771484375,63800,0.0,0.0
2024-06-05 00:00:00+09:00,2492.2089731323194,2498.1475171509032,2479.3421277587213,2493.19873046875,40000,0.0,0.0
2024-06-06 00:00:00+09:00,2499.1373535933767,2499.1373535933767,2475.3831767671427,2486.2705078125,28700,0.0,0.0
2024-06-07 00:00:00+09:00,2484.290802858714,2503.09619140625,2484.290802858714,2503.09619140625,29700,0.0,0.0
2024-06-10 00:00:00+09:00,2503.096464866746,2523.881370268961,2503.096464866746,2521.90185546875,54900,0.0,0.0
2024-06-11 00:00:00+09:00,2521.901746491152,2529.819805349837,2502.10659934444,2510.024658203125,44400,0.0,0.0
2024-06-12 00:00:00+09:00,2515.963081296411,2516.9528386061265,2494.1884204826733,2499.13720703125,32600,0.0,0.0
2024-06-13 00:00:00+09:00,2495.1783467691735,2495.1783467691735,2478.352471364542,2484.291015625,33800,0.0,0.0
2024-06-14 00:00:00+09:00,2488.2499295046346,2517.9426494271243,2480.3318708586376,2515.963134765625,60600,0.0,0.0
2024-06-17 00:00:00+09:00,2509.034878345246,2512.004150390625,2484.2909446337544,2512.004150390625,37700,0.0,0.0
2024-06-18 00:00:00+09:00,2515.9631910613543,2519.922220472938,2506.0656175323957,2511.014404296875,27700,0.0,0.0
2024-06-19 00:00:00+09:00,2518.9324292761135,2518.9324292761135,2504.086069182148,2513.983642578125,27700,0.0,0.0
2024-06-20 00:00:00+09:00,2513.9837288016347,2533.7788762725136,2512.993971428091,2527.84033203125,41900,0.0,0.0
2024-06-21 00:00:00+09:00,2531.7992154022204,2551.5943617306193,2531.7992154022204,2540.70703125,88600,0.0,0.0
2024-06-24 00:00:00+09:00,2552.584006733241,2563.4713367348177,2538.727404913053,2550.6044921875,41700,0.0,0.0
2024-06-25 00:00:00+09:00,2563.4716232388005,2583.266770908598,2559.512593704841,2568.42041015625,71900,0.0,0.0
2024-06-26 00:00:00+09:00,2573.369185766564,2576.338457903987,2559.5125824585903,2569.41015625,46000,0.0,0.0
2024-06-27 00:00:00+09:00,2563.471719940747,2581.287353515625,2555.553660574135,2581.287353515625,50300,0.0,0.0
2024-06-28 00:00:00+09:00,2583.266480384583,2584.256237656761,2551.594247674887,2572.379150390625,39800,0.0,0.0
2024-07-01 00:00:00+09:00,2572.3794849886026,2578.318029394117,2553.5740943711407,2564.46142578125,38700,0.0,0.0
2024-07-02 00:00:00+09:00,2564.46132436899,2579.307684795673,2562.4818096454323,2573.369140625,50400,0.0,0.0
2024-07-03 00:00:00+09:00,2571.389460318345,2578.317761404653,2562.4816446359487,2566.440673828125,26700,0.0,0.0
2024-07-04 00:00:00+09:00,2562.481764832949,2580.29739703341,2557.532978110599,2577.328125,35000,0.0,0.0
2024-07-05 00:00:00+09:00,2577.328203967318,2583.2667482160905,2563.471600720182,2570.39990234375,28900,0.0,0.0
2024-07-08 00:00:00+09:00,2583.2667180454205,2583.2667180454205,2547.6354529689315,2551.594482421875,43400,0.0,0.0
2024-07-09 00:00:00+09:00,2563.4715142805726,2568.420300987678,2541.696852769309,2556.543212890625,35400,0.0,0.0
2024-07-10 00:00:00+09:00,2548.625296133536,2565.451171875,2545.6560239438654,2565.451171875,49300,0.0,0.0
2024-07-11 00:00:00+09:00,2573.369106859873,2583.266680347796,2563.4715333719505,2576.33837890625,49000,0.0,0.0
2024-07-12 00:00:00+09:00,2583.2666768973218,2603.0618238467264,2583.2666768973218,2598.113037109375,69800,0.0,0.0
2024-07-16 00:00:00+09:00,2603.0619143237127,2603.0619143237127,2584.2565240681424,2590.195068359375,35200,0.0,0.0
2024-07-17 00:00:00+09:00,2602.0721456062893,2608.0106898716517,2583.2667554326417,2591.184814453125,52800,0.0,0.0
2024-07-18 00:00:00+09:00,2573.368916984733,2611.969450739504,2560.502072399809,2593.1640625,47400,0.0,0.0
2024-07-19 00:00:00+09:00,2593.1642878605767,2593.1642878605767,2555.5535081129806,2573.369140625,44800,0.0,0.0
2024-07-22 00:00:00+09:00,2571.3894400687427,2571.3894400687427,2543.6762359417507,2546.6455078125,67600,0.0,0.0
2024-07-23 00:00:00+09:00,2548.625095411279,2589.205145474138,2548.625095411279,2583.2666015625,46400,0.0,0.0
2024-07-24 00:00:00+09:00,2578.3178971064085,2584.2564412072293,2553.573963352988,2554.563720703125,39600,0.0,0.0
2024-07-25 00:00:00+09:00,2548.6251286725046,2583.26663527582,2544.666099346411,2580.29736328125,65800,0.0,0.0
2024-07-26 00:00:00+09:00,2573.3691293613033,2589.2052470804497,2566.440827859177,2574.35888671875,48100,0.0,0.0
2024-07-29 00:00:00+09:00,2592.17450425683,2597.123291015625,2565.451055759337,2597.123291015625,78400,0.0,0.0
2024-07-30 00:00:00+09:00,2587.225509473295,2590.194781289829,2562.481577668845,2572.379150390625,63500,0.0,0.0
2024-07-31 00:00:00+09:00,2576.3383942284972,2618.8979604796787,2574.35887951914,2617.908203125,63300,0.0,0.0
2024-08-01 00:00:00+09:00,2589.20517926496,2595.1437232540998,2564.4612459768773,2580.29736328125,95800,0.0,0.0
2024-08-02 00:00:00+09:00,2526.8504541226835,2539.7172993649847,2499.1372489854193,2516.952880859375,125500,0.0,0.0
2024-08-05 00:00:00+09:00,2467.4651896158853,2493.1988819263597,2331.8684262876154,2351.66357421875,174600,0.0,0.0
2024-08-06 00:00:00+09:00,2500.1269104880007,2508.0449687951677,2401.1511816484126,2482.311279296875,105700,0.0,0.0
2024-08-07 00:00:00+09:00,2462.516245027272,2513.9836263542084,2454.5981863615893,2472.413818359375,81800,0.0,0.0
2024-08-08 00:00:00+09:00,2465.4857831123545,2518.9326848739233,2464.4960256723257,2470.4345703125,100000,0.0,0.0
2024-08-09 00:00:00+09:00,2519.922127409904,2528.8299432569934,2434.802998204385,2454.59814453125,131200,0.0,0.0
2024-08-13 00:00:00+09:00,2467.4650429147787,2510.0246084363735,2453.608440186818,2471.424072265625,143900,0.0,0.0
2024-08-14 00:00:00+09:00,2496.1679377325336,2504.0859962186,2450.6391014376495,2477.362548828125,103500,0.0,0.0
2024-08-15 00:00:00+09:00,2485.2805441216087,2499.1371461198974,2434.802922556415,2439.751708984375,129200,0.0,0.0
2024-08-16 00:00:00+09:00,2470.434239020951,2470.434239020951,2439.751762494649,2456.57763671875,198300,0.0,0.0
2024-08-19 00:00:00+09:00,2452.618705183805,2469.444580078125,2445.6904037567324,2469.444580078125,139200,0.0,0.0
2024-08-20 00:00:00+09:00,2473.4036764863326,2532.7891188989697,2472.413919112789,2527.84033203125,77000,0.0,0.0
2024-08-21 00:00:00+09:00,2507.0552629127096,2531.7991956299693,2504.0859909866385,2520.911865234375,34300,0.0,0.0
2024-08-22 00:00:00+09:00,2528.829954627521,2546.645586401805,2522.8914107027595,2539.71728515625,34400,0.0,0.0
2024-08-23 00:00:00+09:00,2541.696987583868,2551.5945615230576,2529.8198988568406,2544.666259765625,31900,0.0,0.0
2024-08-26 00:00:00+09:00,2546.6456202143486,2556.5431935536967,2531.799260205326,2536.748046875,72700,0.0,0.0
2024-08-27 00:00:00+09:00,2541.69677734375,2556.5431370244964,2540.7070200317003,2541.69677734375,29900,0.0,0.0
2024-08-28 00:00:00+09:00,2534.768422520427,2540.7069662670583,2524.870849609375,2524.870849609375,54900,0.0,0.0
2024-08-29 00:00:00+09:00,2524.8708608111215,2543.6762494255513,2515.9630451516546,2523.881103515625,45600,0.0,0.0
2024-08-30 00:00:00+09:00,2519.922194546808,2549.614914828192,2519.922194546808,2534.7685546875,89800,0.0,0.0
2024-09-02 00:00:00+09:00,2540.707059721775,2540.707059721775,2491.2191933462045,2495.17822265625,95300,0.0,0.0
2024-09-03 00:00:00+09:00,2496.168013738582,2511.0143738520155,2491.2192270341043,2492.208984375,75500,0.0,0.0
2024-09-04 00:00:00+09:00,2463.505892961522,2493.1986116392422,2457.567349225978,2460.53662109375,375300,0.0,0.0
2024-09-05 00:00:00+09:00,2434.8030875493023,2472.4138669504705,2434.8030875493023,2446.68017578125,180900,0.0,0.0
2024-09-06 00:00:00+09:00,2456.5777529097577,2467.4650838050065,2415.9977013911034,2424.905517578125,130200,0.0,0.0
2024-09-09 00:00:00+09:00,2407.089888797364,2420.946491775638,2387.2947416855436,2403.130859375,128800,0.0,0.0
2024-09-10 00:00:00+09:00,2405.1102531789797,2426.884913907349,2392.243408203125,2392.243408203125,122200,0.0,0.0
2024-09-11 00:00:00+09:00,2390.263974029239,2390.263974029239,2293.26775479327,2299.206298828125,269800,0.0,0.0
2024-09-12 00:00:00+09:00,2317.021957888014,2348.6941931090378,2317.021957888014,2339.786376953125,148500,0.0,0.0
2024-09-13 00:00:00+09:00,2338.7965891108074,2355.622463852612,2314.0526556669774,2320.98095703125,146700,0.0,0.0
2024-09-17 00:00:00+09:00,2334.837489485389,2348.694091796875,2314.05258601816,2348.694091796875,138500,0.0,0.0
2024-09-18 00:00:00+09:00,2355.622706088931,2365.520280484263,2331.868527540135,2342.755859375,108200,0.0,0.0
2024-09-19 00:00:00+09:00,2345.72502301453,2362.5508987070393,2330.878662109375,2330.878662109375,183900,0.0,0.0
2024-09-20 00:00:00+09:00,2343.745238282892,2363.5403838764973,2337.80669460481,2354.632568359375,175500,0.0,0.0
2024-09-24 00:00:00+09:00,2359.5815881039916,2365.520132369354,2333.847896287421,2355.62255859375,175300,0.0,0.0
2024-09-25 00:00:00+09:00,2355.6225881063724,2385.315309805192,2355.6225881063724,2374.427978515625,156700,0.0,0.0
2024-09-26 00:00:00+09:00,2384.3252939969225,2403.1306823680065,2380.366264866168,2397.192138671875,967900,0.0,0.0
2024-09-27 00:00:00+09:00,2383.266558681131,2425.0433514459924,2379.2878165130487,2401.1708984375,681500,12.0,0.0
2024-09-30 00:00:00+09:00,2378.2933386139143,2399.181736820059,2356.4102547789057,2393.213623046875,126700,0.0,0.0
2024-10-01 00:00:00+09:00,2387.245391883519,2421.0647016018693,2379.2879072439073,2408.1337890625,90500,0.0,0.0
2024-10-02 00:00:00+09:00,2404.155127160463,2429.0222674910433,2338.5058766877323,2342.484619140625,147100,0.0,0.0
2024-10-03 00:00:00+09:00,2377.2985535827356,2395.2028941536514,2342.4845580281767,2356.41015625,97300,0.0,0.0
2024-10-04 00:00:00+09:00,2356.410212954959,2372.325182734309,2339.5005575644004,2355.41552734375,71000,0.0,0.0
2024-10-07 00:00:00+09:00,2373.319898206951,2382.2720688204727,2357.4049282273572,2376.303955078125,65200,0.0,0.0
2024-10-08 00:00:00+09:00,2369.3409942859125,2375.309107621645,2353.426025390625,2353.426025390625,50100,0.0,0.0
2024-10-09 00:00:00+09:00,2364.3677325007893,2396.1976725260415,2355.415561868687,2363.373046875,79800,0.0,0.0
2024-10-10 00:00:00+09:00,2358.3995318841853,2373.3198157214956,2333.5323921553345,2343.479248046875,90700,0.0,0.0
2024-10-11 00:00:00+09:00,2337.511173769141,2349.4474010394515,2333.532431345704,2338.505859375,67700,0.0,0.0
2024-10-15 00:00:00+09:00,2343.4793172131904,2365.3624008204442,2335.521832265098,2359.394287109375,87400,0.0,0.0
2024-10-16 00:00:00+09:00,2347.4579593914546,2363.3729286076677,2258.930943126268,2266.888427734375,201600,0.0,0.0
2024-10-17 00:00:00+09:00,2267.8831526220315,2279.819379741095,2246.0000695704157,2261.9150390625,133900,0.0,0.0
2024-10-18 00:00:00+09:00,2264.899017494322,2284.7927286712593,2258.9309041412407,2271.86181640625,76700,0.0,0.0
2024-10-21 00:00:00+09:00,2271.8618774951815,2279.8193621799282,2253.9575369545014,2257.936279296875,78300,0.0,0.0
2024-10-22 00:00:00+09:00,2254.952266496621,2258.9310089165533,2238.042611211909,2240.031982421875,95300,0.0,0.0
2024-10-23 00:00:00+09:00,2243.015908203125,2251.968078125,2235.058423828125,2238.04248046875,70000,0.0,0.0
2024-10-24 00:00:00+09:00,2238.042462859319,2246.9946327107564,2221.132808695493,2234.063720703125,83800,0.0,0.0
2024-10-25 00:00:00+09:00,2234.0639425408813,2245.0054845568875,2219.1436579736,2243.01611328125,67100,0.0,0.0
2024-10-28 00:00:00+09:00,2241.0265255749305,2286.782060495679,2239.0371544914196,2276.835205078125,68100,0.0,0.0
2024-10-29 00:00:00+09:00,2287.7769588398237,2322.59095603956,2274.846045594207,2311.6494140625,99700,0.0,0.0
2024-10-30 00:00:00+09:00,2317.617453624852,2317.617453624852,2290.7609423596714,2308.665283203125,85200,0.0,0.0
2024-10-31 00:00:00+09:00,2315.6280255773577,2324.5801957793324,2299.7130563294036,2309.659912109375,43000,0.0,0.0
2024-11-01 00:00:00+09:00,2303.69182941285,2304.6865150041335,2272.856576083058,2274.845947265625,76700,0.0,0.0
2024-11-05 00:00:00+09:00,2287.7768424222513,2287.7768424222513,2259.9256460797196,2270.8671875,63000,0.0,0.0
2024-11-06 00:00:00+09:00,2270.8673111401745,2270.8673111401745,2243.01611328125,2243.01611328125,109600,0.0,0.0
2024-11-07 00:00:00+09:00,2242.0212166720944,2245.999958848975,2195.27099609375,2195.27099609375,234400,0.0,0.0
2024-11-08 00:00:00+09:00,2198.2550919175037,2221.132859842437,2189.3029218599213,2190.297607421875,143900,0.0,0.0
2024-11-11 00:00:00+09:00,2178.3613712879833,2180.350742403315,2152.499546788674,2160.45703125,178600,0.0,0.0
2024-11-12 00:00:00+09:00,2154.489087623185,2179.3562285237294,2147.5262881710323,2157.47314453125,154800,0.0,0.0
2024-11-13 00:00:00+09:00,2150.510283878622,2175.377424071483,2150.510283878622,2171.398681640625,108300,0.0,0.0
2024-11-14 00:00:00+09:00,2178.361464512556,2178.361464512556,2111.717529296875,2111.717529296875,175800,0.0,0.0
2024-11-15 00:00:00+09:00,2113.706787109375,2126.63769921875,2105.749302734375,2113.706787109375,137100,0.0,0.0
2024-11-18 00:00:00+09:00,2108.7334506551947,2123.65373450417,2097.791909165946,2120.669677734375,117700,0.0,0.0
2024-11-19 00:00:00+09:00,2121.664407461233,2128.627206735602,2102.765380859375,2102.765380859375,111800,0.0,0.0
2024-11-20 00:00:00+09:00,2106.7440665170657,2112.7121800199466,2083.866298089354,2103.760009765625,193400,0.0,0.0
2024-11-21 00:00:00+09:00,2103.760118170493,2119.675088331594,2101.770746900356,2114.70166015625,128300,0.0,0.0
2024-11-22 00:00:00+09:00,2122.6589786983845,2131.611148711639,2104.754638671875,2104.754638671875,105300,0.0,0.0
2024-11-25 00:00:00+09:00,2110.722912603363,2158.467822973279,2104.7547988071237,2127.632568359375,1006100,0.0,0.0
2024-11-26 00:00:00+09:00,2133.6006300136637,2145.536857314439,2105.7494329785204,2115.6962890625,128200,0.0,0.0
2024-11-27 00:00:00+09:00,2117.6856165319055,2136.584642701049,2108.7334462412587,2133.6005859375,101400,0.0,0.0
2024-11-28 00:00:00+09:00,2124.6485389850022,2144.542251896847,2105.74951171875,2105.74951171875,106400,0.0,0.0
2024-11-29 00:00:00+09:00,2106.744185267857,2119.6750985863096,2088.83984375,2088.83984375,143300,0.0,0.0
2024-12-02 00:00:00+09:00,2087.8450316492654,2087.8450316492654,2046.0682373046875,2046.0682373046875,191700,0.0,0.0
2024-12-03 00:00:00+09:00,2052.036350841202,2094.807830766637,2052.036350841202,2073.91943359375,144100,0.0,0.0
2024-12-04 00:00:00+09:00,2068.9460453977827,2073.9194733915274,2041.0948486328125,2041.0948486328125,157700,0.0,0.0
2024-12-05 00:00:00+09:00,2055.0204684387827,2065.9620101390856,2040.1001843020053,2059.993896484375,116800,0.0,0.0
2024-12-06 00:00:00+09:00,2054.025708905041,2075.908791518073,2053.0310233317214,2057.009765625,76300,0.0,0.0
2024-12-09 00:00:00+09:00,2057.0097439967503,2082.871568631139,2041.0947749909726,2065.9619140625,125400,0.0,0.0
2024-12-10 00:00:00+09:00,2070.935485140968,2092.8185690377504,2058.004571929233,2084.861083984375,111600,0.0,0.0
2024-12-11 00:00:00+09:00,2087.8451309707452,2110.722900390625,2087.8451309707452,2110.722900390625,144700,0.0,0.0
2024-12-12 00:00:00+09:00,2110.7227128823374,2120.6695682682107,2095.802429803527,2109.72802734375,120100,0.0,0.0
2024-12-13 00:00:00+09:00,2095.802499259695,2137.579293264872,2095.802499259695,2125.64306640625,122700,0.0,0.0
2024-12-16 00:00:00+09:00,2128.627109743514,2128.627109743514,2101.770599480395,2108.7333984375,95800,0.0,0.0
2024-12-17 00:00:00+09:00,2108.7333456252964,2114.701458867632,2093.813062519457,2096.797119140625,89800,0.0,0.0
2024-12-18 00:00:00+09:00,2103.7600664699994,2114.7016081868646,2091.8238391425098,2102.765380859375,63700,0.0,0.0
2024-12-19 00:00:00+09:00,2093.8132891636837,2103.7601456442712,2082.8717470350375,2092.818603515625,110900,0.0,0.0
2024-12-20 00:00:00+09:00,2096.797311564438,2101.7707397227978,2082.871712721031,2084.861083984375,89400,0.0,0.0
2024-12-23 00:00:00+09:00,2091.823774027653,2096.797201925959,2069.940691275105,2073.91943359375,110700,0.0,0.0
2024-12-24 00:00:00+09:00,2069.9406133465095,2089.8343241907814,2060.9884434665873,2083.8662109375,98300,0.0,0.0
2024-12-25 00:00:00+09:00,2088.839779148811,2088.839779148811,2039.1054986928868,2059.993896484375,143800,0.0,0.0
2024-12-26 00:00:00+09:00,2059.9938871704744,2085.855712890625,2059.9938871704744,2085.855712890625,137100,0.0,0.0
2024-12-27 00:00:00+09:00,2100.776044121112,2110.722900390625,2096.797301613307,2110.722900390625,99800,0.0,0.0
2024-12-30 00:00:00+09:00,2114.70164788555,2118.6803904027383,2090.8291927824203,2097.7919921875,81800,0.0,0.0
2025-01-06 00:00:00+09:00,2107.7388637671725,2108.7335494036834,2058.999267578125,2058.999267578125,174300,0.0,0.0
2025-01-07 00:00:00+09:00,2077.898306831539,2077.898306831539,2051.041794488575,2075.908935546875,88400,0.0,0.0
2025-01-08 00:00:00+09:00,2085.855633732402,2086.850319299275,2040.10009765625,2040.10009765625,146600,0.0,0.0
2025-01-09 00:00:00+09:00,2040.100206228972,2059.993918625159,2029.1586644110691,2051.041748046875,137300,0.0,0.0
2025-01-10 00:00:00+09:00,2047.0629663121372,2062.9779359238933,2042.0895383084633,2056.01513671875,75600,0.0,0.0
2025-01-14 00:00:00+09:00,2063.9725470727726,2063.9725470727726,2039.105407951414,2053.031005859375,84600,0.0,0.0
2025-01-15 00:00:00+09:00,2061.9831328378286,2079.8874726309214,2059.9937617497076,2070.935302734375,80000,0.0,0.0
2025-01-16 00:00:00+09:00,2078.892883418383,2090.829110500211,2057.0098004350316,2064.96728515625,86300,0.0,0.0
2025-01-17 00:00:00+09:00,2063.972638920849,2072.9248094029153,2045.0736123475976,2059.993896484375,63700,0.0,0.0
2025-01-20 00:00:00+09:00,2059.9938006853336,2072.924713002528,2052.036316182445,2065.9619140625,74100,0.0,0.0
2025-01-21 00:00:00+09:00,2065.9619099740207,2080.8821933874106,2065.9619099740207,2078.892822265625,47900,0.0,0.0
2025-01-22 00:00:00+09:00,2078.892822265625,2084.8609356309807,2072.9247089002693,2078.892822265625,58000,0.0,0.0
2025-01-23 00:00:00+09:00,2085.855791970195,2085.855791970195,2069.9408216928828,2075.908935546875,47700,0.0,0.0
2025-01-24 00:00:00+09:00,2083.8664155505953,2097.792014508929,2083.8664155505953,2088.83984375,79400,0.0,0.0
2025-01-27 00:00:00+09:00,2098.7865732006803,2129.621826171875,2097.791887620964,2129.621826171875,89600,0.0,0.0
2025-01-28 00:00:00+09:00,2109.7281490164396,2144.5421448747966,2109.7281490164396,2137.579345703125,84600,0.0,0.0
2025-01-29 00:00:00+09:00,2148.5208303052327,2148.5208303052327,2127.6324333439316,2138.573974609375,61400,0.0,0.0
2025-01-30 00:00:00+09:00,2146.5314159885984,2162.446384781841,2133.600503844089,2156.478271484375,107300,0.0,0.0
2025-01-31 00:00:00+09:00,2158.46771675999,2166.4252014300723,2146.531489754865,2159.46240234375,68200,0.0,0.0
2025-02-03 00:00:00+09:00,2149.515629887359,2151.5050011320486,2123.653803706391,2136.584716796875,143300,0.0,0.0
2025-02-04 00:00:00+09:00,2155.483629292333,2155.483629292333,2135.589917900618,2138.573974609375,87100,0.0,0.0
2025-02-05 00:00:00+09:00,2156.478424340583,2171.3987086418324,2149.515625,2149.515625,94400,0.0,0.0
2025-02-06 00:00:00+09:00,2148.52082610957,2164.4357951918632,2148.52082610957,2151.5048828125,67500,0.0,0.0
2025-02-07 00:00:00+09:00,2128.6272831669557,2167.420023374204,2124.648540581597,2148.52099609375,126600,0.0,0.0
2025-02-10 00:00:00+09:00,2168.4145768052736,2218.148856089798,2168.4145768052736,2202.23388671875,152800,0.0,0.0
2025-02-12 00:00:00+09:00,2182.340235928622,2196.2658345170453,2166.4252661132814,2188.308349609375,120200,0.0,0.0
2025-02-13 00:00:00+09:00,2188.308332266052,2196.265817110656,2175.3774193935706,2184.32958984375,89200,0.0,0.0
2025-02-14 00:00:00+09:00,2177.3668126375314,2183.3349263313758,2163.4412140185614,2175.37744140625,105700,0.0,0.0
2025-02-17 00:00:00+09:00,2175.3773892106683,2193.281729862608,2163.441162109375,2163.441162109375,82400,0.0,0.0
2025-02-18 00:00:00+09:00,2161.4518128850345,2168.4146120981936,2154.489013671875,2154.489013671875,78400,0.0,0.0
2025-02-19 00:00:00+09:00,2161.4516953053358,2172.3932363308113,2151.504839827631,2169.4091796875,79500,0.0,0.0
2025-02-20 00:00:00+09:00,2158.467778191281,2167.4199486999087,2139.5687515619566,2145.536865234375,141200,0.0,0.0
2025-02-21 00:00:00+09:00,2139.568721471208,2139.568721471208,2115.6962671172755,2124.6484375,153000,0.0,0.0
2025-02-25 00:00:00+09:00,2123.6536310164192,2152.49951171875,2123.6536310164192,2152.49951171875,173300,0.0,0.0
2025-02-26 00:00:00+09:00,2157.4730094699685,2171.3986075025086,2151.504896027451,2168.41455078125,100200,0.0,0.0
2025-02-27 00:00:00+09:00,2176.3721222478694,2193.281777676669,2151.504981911399,2188.308349609375,87000,0.0,0.0
2025-02-28 00:00:00+09:00,2188.3082973891683,2202.2338956452813,2174.382699133055,2176.3720703125,74200,0.0,0.0
2025-03-03 00:00:00+09:00,2194.276480617627,2210.1914505586433,2184.329624404492,2192.287109375,73500,0.0,0.0
2025-03-04 00:00:00+09:00,2183.3349311779484,2188.308359267192,2158.46779073173,2162.446533203125,91500,0.0,0.0
2025-03-05 00:00:00+09:00,2181.3455027613145,2196.265786637931,2162.446476517601,2163.441162109375,166300,0.0,0.0
2025-03-06 00:00:00+09:00,2163.441079914624,2186.31884765625,2158.4676521447054,2186.31884765625,96400,0.0,0.0
2025-03-07 00:00:00+09:00,2186.318934613461,2211.1860744521036,2170.4039651167295,2206.212646484375,102700,0.0,0.0
2025-03-10 00:00:00+09:00,2213.1755349834943,2216.1595918845956,2162.4465676647715,2170.404052734375,167700,0.0,0.0
2025-03-11 00:00:00+09:00,2166.4251970563614,2201.2391924176895,2160.4570835658483,2172.393310546875,119000,0.0,0.0
2025-03-12 00:00:00+09:00,2168.4146373401986,2191.2924064497515,2160.4571524325283,2188.308349609375,82500,0.0,0.0
2025-03-13 00:00:00+09:00,2190.2976860547587,2194.2764284454124,2172.393345296818,2180.350830078125,75500,0.0,0.0
2025-03-14 00:00:00+09:00,2177.3666425870433,2191.292240118436,2170.403843821347,2178.361328125,63600,0.0,0.0
2025-03-17 00:00:00+09:00,2178.361402268938,2190.297629130686,2171.398603266252,2181.345458984375,109400,0.0,0.0
2025-03-18 00:00:00+09:00,2185.324140651549,2201.2391093590704,2183.3347695631087,2195.27099609375,89900,0.0,0.0
2025-03-19 00:00:00+09:00,2195.2710702197046,2208.2019827311933,2188.3082711750567,2198.255126953125,63800,0.0,0.0
2025-03-21 00:00:00+09:00,2199.2497344145904,2218.1487597216355,2194.2763067022097,2208.201904296875,98400,0.0,0.0
2025-03-24 00:00:00+09:00,2224.116912387133,2228.0956546275397,2201.239144504797,2203.228515625,100100,0.0,0.0
2025-03-25 00:00:00+09:00,2203.2284941090097,2217.1540918144387,2202.2338085586216,2212.1806640625,79100,0.0,0.0
2025-03-26 00:00:00+09:00,2212.180772860738,2228.0957424496646,2208.2020304635066,2223.122314453125,134100,0.0,0.0
2025-03-27 00:00:00+09:00,2246.9946855624444,2248.984056687334,2224.116917626218,2246.0,219600,0.0,0.0
2025-03-28 00:00:00+09:00,2215.0,2215.0,2147.0,2150.0,331300,12.0,0.0
2025-03-31 00:00:00+09:00,2141.0,2158.0,2128.0,2131.0,143000,0.0,0.0
2025-04-01 00:00:00+09:00,2140.0,2145.0,2125.0,2125.0,92500,0.0,0.0
2025-04-02 00:00:00+09:00,2121.0,2128.0,2102.0,2102.0,104200,0.0,0.0
2025-04-03 00:00:00+09:00,2080.0,2096.0,2067.0,2085.0,133300,0.0,0.0
2025-04-04 00:00:00+09:00,2063.0,2090.0,2053.0,2087.0,122200,0.0,0.0
2025-04-07 00:00:00+09:00,1990.0,2078.0,1957.0,2028.0,206300,0.0,0.0
2025-04-08 00:00:00+09:00,2078.0,2161.0,2062.0,2148.0,141200,0.0,0.0
2025-04-09 00:00:00+09:00,2146.0,2185.0,2099.0,2174.0,160200,0.0,0.0
2025-04-10 00:00:00+09:00,2181.0,2222.0,2161.0,2220.0,134500,0.0,0.0
2025-04-11 00:00:00+09:00,2215.0,2238.0,2172.0,2235.0,117800,0.0,0.0
