Date,Open,High,Low,Close,Volume,Dividends,Stock Splits
2007-12-31 00:00:00+08:00,9.417290022369157,9.417290022369157,9.308628592785999,9.344849586486816,22458,0.0,0.0
2008-01-02 00:00:00+08:00,9.272407657295991,9.88815364192509,9.272407657295991,9.74327278137207,65128,0.0,0.0
2008-01-03 00:00:00+08:00,9.272407708146542,9.56217098236084,9.272407708146542,9.56217098236084,13474,0.0,0.0
2008-01-04 00:00:00+08:00,9.381069549528284,9.96059457235962,9.381069549528284,9.815712928771973,25826,0.0,0.0
2008-01-07 00:00:00+08:00,9.344848215145564,9.779492318175592,9.272407014134204,9.670831680297852,44916,0.0,0.0
2008-01-08 00:00:00+08:00,9.417290000532315,9.670833077051887,9.417290000532315,9.634612083435059,16843,0.0,0.0
2008-01-09 00:00:00+08:00,9.41728934525369,9.634611413034618,9.272407708146542,9.56217098236084,16843,0.0,0.0
2008-01-10 00:00:00+08:00,9.417288071081197,9.525949478149414,9.417288071081197,9.525949478149414,4491,0.0,0.0
2008-01-11 00:00:00+08:00,9.489728491953684,9.81571116163936,9.45350828151744,9.525949478149414,10106,0.0,0.0
2008-01-14 00:00:00+08:00,9.56217098236084,9.743272834804879,9.52595076702395,9.56217098236084,15720,0.0,0.0
2008-01-15 00:00:00+08:00,9.88815295605333,9.88815295605333,9.562170266660578,9.670831680297852,25826,0.0,0.0
2008-01-16 00:00:00+08:00,9.381068427771478,9.707051892923765,9.381068427771478,9.670831680297852,4491,0.0,0.0
2008-01-17 00:00:00+08:00,9.417288640397391,9.670831680297852,9.344848215145564,9.670831680297852,10106,0.0,0.0
2008-01-18 00:00:00+08:00,9.41728934525369,9.59839119769773,9.41728934525369,9.56217098236084,14597,0.0,0.0
2008-01-21 00:00:00+08:00,9.56217043900459,10.141695402983352,9.56217043900459,9.996813774108887,16843,0.0,0.0
2008-01-22 00:00:00+08:00,9.41728896822167,9.924373514155588,9.344848540448126,9.707052230834961,23581,0.0,0.0
2008-01-23 00:00:00+08:00,9.344849697918402,9.670833214795385,9.055086399414495,9.272408485412598,39301,0.0,0.0
2008-01-24 00:00:00+08:00,8.729103724177353,9.163747899453899,8.729103724177353,9.091306686401367,6737,0.0,0.0
2008-01-25 00:00:00+08:00,9.562170749877911,9.562170749877911,9.19996705379601,9.453509330749512,34810,0.0,0.0
2008-01-28 00:00:00+08:00,9.996815133442741,9.996815133442741,9.163747787475586,9.163747787475586,20212,0.0,0.0
2008-01-29 00:00:00+08:00,9.70705329490907,9.70705329490907,9.634612083435059,9.634612083435059,2245,0.0,0.0
2008-01-30 00:00:00+08:00,9.779492419998341,9.779492419998341,9.34484831244286,9.598390579223633,4491,0.0,0.0
2008-01-31 00:00:00+08:00,9.707053661571157,9.707053661571157,9.127527050927336,9.381070137023926,17966,0.0,0.0
2008-02-01 00:00:00+08:00,9.344849300223466,9.598391593804475,9.127526447714459,9.417289733886719,25826,0.0,0.0
2008-02-12 00:00:00+08:00,9.27240881628417,9.308629035949707,9.055086722531264,9.308629035949707,25826,0.0,0.0
2008-02-13 00:00:00+08:00,8.692882913355971,9.56217120469157,8.692882913355971,9.12752628326416,39301,0.0,0.0
2008-02-14 00:00:00+08:00,9.127525565449858,9.30862740786235,8.982644712127502,9.236186981201172,40424,0.0,0.0
2008-02-15 00:00:00+08:00,8.982644712127502,9.236186981201172,8.982644712127502,9.236186981201172,8983,0.0,0.0
2008-02-18 00:00:00+08:00,9.634612220662653,9.634612220662653,9.272408485412598,9.272408485412598,8983,0.0,0.0
2008-02-19 00:00:00+08:00,9.199966767870583,9.236186981201172,9.05508513878868,9.236186981201172,26949,0.0,0.0
2008-02-20 00:00:00+08:00,9.562172125127834,9.562172125127834,8.982646283200191,9.308629035949707,14597,0.0,0.0
2008-02-21 00:00:00+08:00,9.27240881628417,9.308629035949707,9.199968376953096,9.308629035949707,28072,0.0,0.0
2008-02-22 00:00:00+08:00,9.272407811092888,9.489729881286621,9.272407811092888,9.489729881286621,5614,0.0,0.0
2008-02-25 00:00:00+08:00,9.489729250274841,9.598390666026157,8.910204285466325,9.236186981201172,41547,0.0,0.0
2008-02-26 00:00:00+08:00,9.272408374844828,9.344849586486816,9.272408374844828,9.344849586486816,23581,0.0,0.0
2008-02-27 00:00:00+08:00,9.272408374844828,9.344849586486816,9.236188156903657,9.344849586486816,10106,0.0,0.0
2008-02-29 00:00:00+08:00,9.344848687380685,9.453509330749512,9.19996705379601,9.453509330749512,32564,0.0,0.0
2008-03-03 00:00:00+08:00,9.453509330749512,9.453509330749512,9.453509330749512,9.453509330749512,0,0.0,0.0
2008-03-04 00:00:00+08:00,9.417290000532315,9.815713172720972,9.417290000532315,9.634612083435059,28072,0.0,0.0
2008-03-05 00:00:00+08:00,9.417290732868812,10.286579132080078,9.417290732868812,10.286579132080078,128011,0.0,0.0
2008-03-06 00:00:00+08:00,10.974764217483408,10.974764217483408,10.431459426879883,10.431459426879883,263883,0.0,0.0
2008-03-07 00:00:00+08:00,10.141695923814792,10.359018766166978,10.033035278398287,10.322797775268555,41547,0.0,0.0
2008-03-10 00:00:00+08:00,10.033034763147164,10.214136605300357,9.743272281157783,9.996813774108887,23581,0.0,0.0
2008-03-11 00:00:00+08:00,9.996813655324988,9.996813655324988,9.779492378234863,9.779492378234863,22458,0.0,0.0
2008-03-12 00:00:00+08:00,9.996815894426103,10.250358992672604,9.851935010582059,10.105477333068848,43793,0.0,0.0
2008-03-13 00:00:00+08:00,9.779492378234863,9.996813655324988,9.779492378234863,9.779492378234863,26949,0.0,0.0
2008-03-14 00:00:00+08:00,9.85193292099397,10.214136605300357,9.779492494436512,9.996813774108887,35933,0.0,0.0
2008-03-17 00:00:00+08:00,9.88815295605333,9.924373168679244,9.670831680297852,9.670831680297852,12351,0.0,0.0
2008-03-18 00:00:00+08:00,10.069254794942431,10.069254794942431,9.670831680297852,9.670831680297852,12351,0.0,0.0
2008-03-19 00:00:00+08:00,10.033036639490227,10.033036639490227,9.670833663205467,9.888154983520508,21335,0.0,0.0
2008-03-20 00:00:00+08:00,9.707053557633422,9.851934432983398,9.707053557633422,9.851934432983398,14597,0.0,0.0
2008-03-21 00:00:00+08:00,9.779492378234863,10.069254856781235,9.779492378234863,9.779492378234863,42670,0.0,0.0
2008-03-24 00:00:00+08:00,10.431460261662304,10.431460261662304,9.707053557633422,9.851934432983398,16843,0.0,0.0
2008-03-25 00:00:00+08:00,9.707052230834961,9.996813941929132,9.707052230834961,9.707052230834961,43793,0.0,0.0
2008-03-26 00:00:00+08:00,9.924373514155588,9.924373514155588,9.707052230834961,9.707052230834961,51653,0.0,0.0
2008-03-27 00:00:00+08:00,9.707053020058979,9.707053020058979,9.417289733886719,9.417289733886719,75234,0.0,0.0
2008-03-28 00:00:00+08:00,9.381069804427986,9.562171669893486,9.272408374844828,9.344849586486816,72989,0.0,0.0
2008-03-31 00:00:00+08:00,9.525951451952317,9.525951451952317,9.272408374844828,9.344849586486816,31441,0.0,0.0
2008-04-01 00:00:00+08:00,9.489730167549972,9.525951160141222,9.381069517055092,9.417289733886719,59514,0.0,0.0
2008-04-02 00:00:00+08:00,9.453509330749512,9.562170749877911,9.344848687380685,9.453509330749512,72989,0.0,0.0
2008-04-03 00:00:00+08:00,9.562172467134257,10.105477333068848,9.525952246173247,10.105477333068848,96570,0.0,0.0
2008-04-07 00:00:00+08:00,10.359019341989343,10.359019341989343,9.88815419173195,10.17791748046875,77480,0.0,0.0
2008-04-08 00:00:00+08:00,10.177916392021627,10.177916392021627,9.924373347551429,9.996813774108887,34810,0.0,0.0
2008-04-09 00:00:00+08:00,9.996814287422172,10.069255493458867,9.924373857145065,10.033035278320312,22458,0.0,0.0
2008-04-10 00:00:00+08:00,10.033034662268559,10.069254875183105,9.815711833262192,10.069254875183105,44916,0.0,0.0
2008-04-11 00:00:00+08:00,10.21413648393419,10.21413648393419,9.779492378234863,9.779492378234863,65128,0.0,0.0
2008-04-14 00:00:00+08:00,9.779494649023015,9.924375534057617,9.707054206505713,9.924375534057617,19089,0.0,0.0
2008-04-15 00:00:00+08:00,9.707052230834961,9.924373514155588,9.707052230834961,9.707052230834961,7860,0.0,0.0
2008-04-16 00:00:00+08:00,10.105476209425325,10.35901927947998,9.707053047395778,10.35901927947998,125765,0.0,0.0
2008-04-17 00:00:00+08:00,11.083425521850586,11.083425521850586,11.083425521850586,11.083425521850586,352593,0.0,0.0
2008-04-18 00:00:00+08:00,11.010984190266083,11.010984190266083,10.612560272216797,10.612560272216797,294202,0.0,0.0
2008-04-21 00:00:00+08:00,10.793662691409489,10.829882908453742,10.503900179295828,10.757442474365234,103307,0.0,0.0
2008-04-22 00:00:00+08:00,10.757442413421556,10.938544273376465,10.68500197974344,10.938544273376465,47162,0.0,0.0
2008-04-23 00:00:00+08:00,10.938543605721195,11.19208665963835,10.938543605721195,11.155865669250488,41547,0.0,0.0
2008-04-24 00:00:00+08:00,11.010985882197756,11.373190416523338,10.866104999379171,11.04720687866211,50530,0.0,0.0
2008-04-25 00:00:00+08:00,11.04720569965326,11.119646133331374,10.86610383969835,10.938544273376465,41547,0.0,0.0
2008-04-28 00:00:00+08:00,10.72122291761455,11.010985447573969,10.395240168380166,10.829883575439453,35933,0.0,0.0
2008-04-29 00:00:00+08:00,10.793662014606577,10.793662014606577,10.395238876342773,10.395238876342773,31441,0.0,0.0
2008-04-30 00:00:00+08:00,10.648780722513608,10.685001714212168,10.395239210940929,10.431459426879883,11229,0.0,0.0
2008-05-02 00:00:00+08:00,10.431459525074468,10.866103671952569,10.431459525074468,10.648780822753906,31441,0.0,0.0
2008-05-05 00:00:00+08:00,10.648780822753906,10.829882679913052,10.648780822753906,10.648780822753906,25826,0.0,0.0
2008-05-06 00:00:00+08:00,10.829882679913052,10.829882679913052,10.648780822753906,10.648780822753906,16843,0.0,0.0
2008-05-07 00:00:00+08:00,11.155865669250488,11.19208665963835,10.793661971448476,11.155865669250488,142609,0.0,0.0
2008-05-08 00:00:00+08:00,10.79366291463029,11.119646426289409,10.79366291463029,10.866104125976562,65128,0.0,0.0
2008-05-09 00:00:00+08:00,10.866104170092473,11.010985041853942,10.685002304630991,10.974764823913574,41547,0.0,0.0
2008-05-12 00:00:00+08:00,10.721222196582497,10.974764490215522,10.721222196582497,10.938544273376465,52776,0.0,0.0
2008-05-13 00:00:00+08:00,10.721222031073331,11.010984537072197,10.648780822753906,10.648780822753906,80849,0.0,0.0
2008-05-14 00:00:00+08:00,10.866104170092473,11.047206035553955,10.685002304630991,10.974764823913574,49407,0.0,0.0
2008-05-15 00:00:00+08:00,11.010984707054579,11.119646133331374,10.793662630260613,10.938544273376465,71866,0.0,0.0
2008-05-16 00:00:00+08:00,10.866104498312959,11.11964680731365,10.721222846415563,11.010985374450684,35933,0.0,0.0
2008-05-19 00:00:00+08:00,11.010985415439507,11.771613121032715,11.010985415439507,11.771613121032715,235810,0.0,0.0
2008-05-20 00:00:00+08:00,11.662950522159905,11.662950522159905,11.047205306301203,11.083425521850586,158330,0.0,0.0
2008-05-21 00:00:00+08:00,11.083425239993916,11.300747303523208,11.083425239993916,11.155865669250488,53899,0.0,0.0
2008-05-22 00:00:00+08:00,11.119645458666032,11.59050980052414,11.119645458666032,11.44562816619873,81972,0.0,0.0
2008-05-23 00:00:00+08:00,11.44562816619873,11.662950229807056,11.3007473076329,11.44562816619873,64005,0.0,0.0
2008-05-26 00:00:00+08:00,11.22830755960817,11.48184907748157,10.938544273376465,10.938544273376465,72989,0.0,0.0
2008-05-27 00:00:00+08:00,11.518069207691367,11.69917106628418,11.33696812485817,11.69917106628418,175173,0.0,0.0
2008-05-28 00:00:00+08:00,11.952714362696556,12.097596007497604,11.336968341991643,11.807832717895508,258269,0.0,0.0
2008-05-29 00:00:00+08:00,11.807831188103311,11.807831188103311,11.373187861530704,11.662949562072754,136994,0.0,0.0
2008-05-30 00:00:00+08:00,11.626729659710225,11.626729659710225,11.083424905179253,11.119645118713379,124642,0.0,0.0
2008-06-02 00:00:00+08:00,11.119645131301056,11.409407615661621,11.119645131301056,11.409407615661621,56145,0.0,0.0
2008-06-03 00:00:00+08:00,11.373188508539357,11.518068591292923,11.155865669250488,11.155865669250488,75234,0.0,0.0
2008-06-04 00:00:00+08:00,11.083425916492317,11.373189202724022,10.86610383969835,10.938544273376465,142609,0.0,0.0
2008-06-05 00:00:00+08:00,10.866103671952569,10.866103671952569,10.576341165953705,10.648780822753906,76357,0.0,0.0
2008-06-06 00:00:00+08:00,10.648781267697387,10.938544561563193,10.648781267697387,10.866104125976562,65128,0.0,0.0
2008-06-09 00:00:00+08:00,10.757442474365234,10.757442474365234,10.467679962251573,10.757442474365234,34810,0.0,0.0
2008-06-10 00:00:00+08:00,10.540121497758868,11.083426321728478,10.503900503835863,10.793663024902344,66251,0.0,0.0
2008-06-11 00:00:00+08:00,10.79366235566331,10.79366235566331,10.503899852562963,10.721221923828125,23581,0.0,0.0
2008-06-12 00:00:00+08:00,10.685000929442932,10.685000929442932,9.996813774108887,9.996813774108887,136994,0.0,0.0
2008-06-13 00:00:00+08:00,9.77949399530841,10.322798829390155,9.634612344198768,9.851934432983398,71866,0.0,0.0
2008-06-16 00:00:00+08:00,10.214137304349705,10.214137304349705,9.199967384338379,9.199967384338379,58391,0.0,0.0
2008-06-17 00:00:00+08:00,9.381069549528284,9.815712928771973,9.381069549528284,9.815712928771973,84218,0.0,0.0
2008-06-18 00:00:00+08:00,9.779492494436512,9.996813774108887,9.634610865562047,9.996813774108887,59514,0.0,0.0
2008-06-19 00:00:00+08:00,9.924374602052167,9.96059481990935,9.52595142986351,9.634612083435059,75234,0.0,0.0
2008-06-20 00:00:00+08:00,9.562172545711391,9.996815976574918,9.562172545711391,9.924375534057617,64005,0.0,0.0
2008-06-23 00:00:00+08:00,9.562172227288254,9.888154983520508,9.562172227288254,9.888154983520508,30318,0.0,0.0
2008-06-24 00:00:00+08:00,9.670833204470483,10.50390055344075,9.48973056127915,10.21413803100586,40424,0.0,0.0
2008-06-25 00:00:00+08:00,10.069254856781235,10.141695282477944,9.743272165386509,9.779492378234863,41547,0.0,0.0
2008-06-26 00:00:00+08:00,9.417290255414136,9.924374870658387,9.417290255414136,9.851934432983398,53899,0.0,0.0
2008-06-27 00:00:00+08:00,9.634610751081908,9.851932803931572,9.417288698232245,9.779492378234863,68497,0.0,0.0
2008-06-30 00:00:00+08:00,9.489730693089124,9.924374870658387,9.489730693089124,9.851934432983398,37055,0.0,0.0
2008-07-01 00:00:00+08:00,9.489729545205787,10.069255303784912,9.453509330749512,9.453509330749512,59514,0.0,0.0
2008-07-02 00:00:00+08:00,9.453508911080599,10.033034643932881,9.453508911080599,9.779492378234863,56145,0.0,0.0
2008-07-03 00:00:00+08:00,9.489731327434372,9.924375534057617,9.489731327434372,9.924375534057617,56145,0.0,0.0
2008-07-04 00:00:00+08:00,9.888153696152436,10.141695979270253,9.56217098236084,9.56217098236084,49407,0.0,0.0
2008-07-07 00:00:00+08:00,9.779494323362988,10.069256859542733,9.634612667393268,9.888154983520508,17966,0.0,0.0
2008-07-08 00:00:00+08:00,9.634610751081908,9.779492378234863,9.525950112536846,9.779492378234863,10106,0.0,0.0
2008-07-09 00:00:00+08:00,9.525950112536846,9.960593442476634,9.525950112536846,9.779492378234863,78603,0.0,0.0
2008-07-10 00:00:00+08:00,9.489731011423547,9.924375203573014,9.489731011423547,9.888154983520508,72989,0.0,0.0
2008-07-11 00:00:00+08:00,9.779492996510324,9.960594072201602,9.525950714782951,9.74327278137207,40424,0.0,0.0
2008-07-14 00:00:00+08:00,9.779492658608504,9.888153300268817,9.562170599528315,9.707052230834961,34810,0.0,0.0
2008-07-15 00:00:00+08:00,9.562170266660578,9.81571175504197,9.489729065649218,9.670831680297852,60637,0.0,0.0
2008-07-16 00:00:00+08:00,9.525950535421636,9.634611178790461,9.453509330749512,9.453509330749512,26949,0.0,0.0
2008-07-17 00:00:00+08:00,9.59839119769773,9.59839119769773,9.41728934525369,9.56217098236084,28072,0.0,0.0
2008-07-18 00:00:00+08:00,9.598391593804475,9.779493453722232,9.417289733886719,9.417289733886719,28072,0.0,0.0
2008-07-21 00:00:00+08:00,9.453509182108439,9.707052230834961,9.453509182108439,9.707052230834961,2245,0.0,0.0
2008-07-22 00:00:00+08:00,9.489730167549972,9.670832803227352,9.417289733886719,9.417289733886719,15720,0.0,0.0
2008-07-23 00:00:00+08:00,9.634610691912405,9.670831680297852,9.453508853023305,9.670831680297852,20212,0.0,0.0
2008-07-24 00:00:00+08:00,9.634611027301858,9.743272444721732,9.525950385641544,9.707052230834961,31441,0.0,0.0
2008-07-25 00:00:00+08:00,9.670833559884128,9.670833559884128,9.308629035949707,9.308629035949707,37055,0.0,0.0
2008-07-28 00:00:00+08:00,9.308629035949707,9.308629035949707,9.308629035949707,9.308629035949707,0,0.0,0.0
2008-07-29 00:00:00+08:00,9.308629035949707,9.308629035949707,9.308629035949707,9.308629035949707,0,0.0,0.0
2008-07-30 00:00:00+08:00,9.308629035949707,9.308629035949707,9.308629035949707,9.308629035949707,0,0.0,0.0
2008-07-31 00:00:00+08:00,9.308629035949707,9.308629035949707,9.308629035949707,9.308629035949707,0,0.0,0.0
2008-08-01 00:00:00+08:00,9.308629035949707,9.308629035949707,9.308629035949707,9.308629035949707,0,0.0,0.0
2008-08-04 00:00:00+08:00,9.308629035949707,9.308629035949707,9.308629035949707,9.308629035949707,0,0.0,0.0
2008-08-05 00:00:00+08:00,9.308629035949707,9.308629035949707,9.308629035949707,9.308629035949707,0,0.0,0.0
2008-08-06 00:00:00+08:00,9.308629035949707,9.308629035949707,9.308629035949707,9.308629035949707,0,0.0,0.0
2008-08-07 00:00:00+08:00,9.308629035949707,9.308629035949707,9.308629035949707,9.308629035949707,0,0.0,0.0
2008-08-08 00:00:00+08:00,9.308629035949707,9.308629035949707,9.308629035949707,9.308629035949707,0,0.0,0.0
2008-08-11 00:00:00+08:00,9.308629035949707,9.308629035949707,9.308629035949707,9.308629035949707,0,0.0,0.0
2008-08-12 00:00:00+08:00,9.308629035949707,9.308629035949707,9.308629035949707,9.308629035949707,0,0.0,0.0
2008-08-13 00:00:00+08:00,9.308629035949707,9.308629035949707,9.308629035949707,9.308629035949707,0,0.0,0.0
2008-08-14 00:00:00+08:00,9.308629035949707,9.308629035949707,9.308629035949707,9.308629035949707,0,0.0,0.0
2008-08-15 00:00:00+08:00,9.308629035949707,9.308629035949707,9.308629035949707,9.308629035949707,0,0.0,0.0
2008-08-18 00:00:00+08:00,10.322797775268555,10.322797775268555,10.322797775268555,10.322797775268555,1122,0.0,0.0
2008-08-19 00:00:00+08:00,10.322797775268555,10.322797775268555,10.322797775268555,10.322797775268555,0,0.0,0.0
2008-08-20 00:00:00+08:00,9.888153642083362,10.322797775268555,9.888153642083362,10.322797775268555,2245,0.0,0.0
2008-08-21 00:00:00+08:00,9.63461136027705,10.10547570859742,9.63461136027705,10.033035278320312,17966,0.0,0.0
2008-08-22 00:00:00+08:00,9.960593420526962,10.250356674194336,9.960593420526962,10.250356674194336,14597,0.0,0.0
2008-08-25 00:00:00+08:00,10.322797775268555,10.322797775268555,10.322797775268555,10.322797775268555,1122,0.0,0.0
2008-08-26 00:00:00+08:00,10.177916392021627,10.467678874011009,9.996813774108887,9.996813774108887,8983,0.0,0.0
2008-08-27 00:00:00+08:00,10.395238342933116,10.395238342933116,10.069254875183105,10.069254875183105,10106,0.0,0.0
2008-08-28 00:00:00+08:00,9.8519336445778,10.431459426879883,9.8519336445778,10.431459426879883,17966,0.0,0.0
2008-08-29 00:00:00+08:00,10.395239543223534,10.793662707047186,10.141696472027169,10.467679977416992,48285,0.0,0.0
2008-09-01 00:00:00+08:00,11.083425634523262,11.083425634523262,10.503899852562963,10.721221923828125,50530,0.0,0.0
2008-09-02 00:00:00+08:00,10.503899523614967,10.685001373291016,10.177916814805746,10.685001373291016,57268,0.0,0.0
2008-09-03 00:00:00+08:00,10.359018875247452,10.503899737328387,9.960594177246094,9.960594177246094,47162,0.0,0.0
2008-09-04 00:00:00+08:00,9.779492996510324,9.960594072201602,9.272407657295991,9.74327278137207,56145,0.0,0.0
2008-09-05 00:00:00+08:00,9.199967379614844,9.670832511500933,9.127526172377198,9.489729881286621,33687,0.0,0.0
2008-09-08 00:00:00+08:00,9.634610751081908,9.779492378234863,9.489729123928953,9.779492378234863,31441,0.0,0.0
2008-09-09 00:00:00+08:00,9.344849586486816,9.743273535358986,9.344849586486816,9.344849586486816,21335,0.0,0.0
2008-09-10 00:00:00+08:00,9.417289449808576,9.562171088524266,9.344849018330532,9.489729881286621,22458,0.0,0.0
2008-09-11 00:00:00+08:00,9.272408374844828,9.344849586486816,9.163747721021316,9.344849586486816,22458,0.0,0.0
2008-09-12 00:00:00+08:00,9.344849023128454,9.344849023128454,9.018866305550286,9.199967384338379,37055,0.0,0.0
2008-09-15 00:00:00+08:00,9.19996704231217,9.19996704231217,8.837764122441964,8.873984336853027,16843,0.0,0.0
2008-09-16 00:00:00+08:00,8.511779915860794,8.692881748242428,8.2582368850708,8.2582368850708,77480,0.0,0.0
2008-09-17 00:00:00+08:00,8.403119369914597,8.548001005864705,7.968475237823856,8.330678939819336,39301,0.0,0.0
2008-09-18 00:00:00+08:00,7.787374164587967,7.932255815008091,7.751153945922852,7.751153945922852,42670,0.0,0.0
2008-09-19 00:00:00+08:00,8.113358052089092,8.149579048156738,7.823595513865814,8.149579048156738,37055,0.0,0.0
2008-09-22 00:00:00+08:00,8.330679216114602,8.548001289367676,8.330679216114602,8.548001289367676,16843,0.0,0.0
2008-09-23 00:00:00+08:00,8.69288188655202,8.946424145616534,8.69288188655202,8.91020393371582,32564,0.0,0.0
2008-09-24 00:00:00+08:00,9.229447116868668,9.229447116868668,8.408183070337625,8.60372257232666,49920,0.0,1.07972
2008-09-25 00:00:00+08:00,8.64283016242065,8.64283016242065,8.525506616379138,8.60372257232666,14560,0.0,0.0
2008-09-26 00:00:00+08:00,8.603723299319693,8.603723299319693,8.447291374206543,8.447291374206543,4160,0.0,0.0
2008-09-29 00:00:00+08:00,8.447291374206543,8.447291374206543,8.447291374206543,8.447291374206543,0,0.0,0.0
2008-09-30 00:00:00+08:00,7.860672982870222,8.21264362335205,7.860672982870222,8.21264362335205,53040,0.0,0.0
2008-10-01 00:00:00+08:00,8.212644262296426,8.447291374206543,8.056213112942885,8.447291374206543,35360,0.0,0.0
2008-10-02 00:00:00+08:00,8.212643835120247,8.212643835120247,8.017105102539062,8.017105102539062,12480,0.0,0.0
2008-10-03 00:00:00+08:00,7.938888939341589,8.21264362335205,7.938888939341589,8.21264362335205,13520,0.0,0.0
2008-10-06 00:00:00+08:00,7.938889556987826,8.447291374206543,7.938889556987826,8.447291374206543,10400,0.0,0.0
2008-10-07 00:00:00+08:00,8.290860176086426,8.290860176086426,8.056213065556497,8.290860176086426,21840,0.0,0.0
2008-10-08 00:00:00+08:00,8.173535845061856,8.290860176086426,7.899781917123078,8.290860176086426,30160,0.0,0.0
2008-10-09 00:00:00+08:00,7.938890657861874,8.173537026550441,7.8997830590403995,7.97799825668335,31200,0.0,0.0
2008-10-13 00:00:00+08:00,7.743349669225006,7.821565628051757,7.704242077691418,7.821565628051758,17680,0.0,0.0
2008-10-14 00:00:00+08:00,7.860674831587027,8.3690767288208,7.860674831587027,8.3690767288208,5200,0.0,0.0
2008-10-15 00:00:00+08:00,8.290860176086426,8.290860176086426,8.134429027653008,8.290860176086426,3120,0.0,0.0
2008-10-16 00:00:00+08:00,8.017104895812956,8.21264362335205,8.017104895812956,8.21264362335205,7280,0.0,0.0
2008-10-17 00:00:00+08:00,7.938888939341589,8.21264362335205,7.938888939341589,8.21264362335205,5200,0.0,0.0
2008-10-20 00:00:00+08:00,8.21264362335205,8.21264362335205,8.21264362335205,8.21264362335205,0,0.0,0.0
2008-10-21 00:00:00+08:00,7.938889461799226,8.173535795136285,7.938889461799226,8.134428977966309,19760,0.0,0.0
2008-10-22 00:00:00+08:00,7.860673185562633,8.017105102539062,7.860673185562633,8.017105102539062,14560,0.0,0.0
2008-10-23 00:00:00+08:00,7.75117309745519,7.97799825668335,7.75117309745519,7.97799825668335,4160,0.0,0.0
2008-10-24 00:00:00+08:00,7.704243183135986,7.8215667503305175,7.704243183135986,7.704243183135986,5200,0.0,0.0
2008-10-27 00:00:00+08:00,7.704241842355872,7.704241842355872,7.195840064910681,7.665133476257324,8320,0.0,0.0
2008-10-28 00:00:00+08:00,7.164555059191609,7.430488586425781,7.133268670604095,7.430488586425781,9360,0.0,0.0
2008-10-29 00:00:00+08:00,7.133268172652719,7.7433503802422,7.133268172652719,7.274056911468506,11440,0.0,0.0
2008-10-30 00:00:00+08:00,7.7824588773473495,7.7824588773473495,7.62602771855235,7.743350505828857,16640,0.0,0.0
2008-10-31 00:00:00+08:00,7.665134768492409,7.821566707739755,7.360093650599606,7.813745498657227,59280,0.0,0.0
2008-11-03 00:00:00+08:00,7.43830866200479,7.8997816596970205,7.43830866200479,7.805922508239746,20800,0.0,0.0
2008-11-04 00:00:00+08:00,7.469595027503503,7.774636105352114,7.453951835632324,7.453951835632324,15600,0.0,0.0
2008-11-05 00:00:00+08:00,7.477416968334389,7.743349677096533,7.446130584771885,7.735528469085693,20800,0.0,0.0
2008-11-06 00:00:00+08:00,7.43048688555363,7.641668796539307,7.242769372757634,7.641668796539307,12480,0.0,0.0
2008-11-07 00:00:00+08:00,7.500880719247638,7.586918654481426,7.313163209871066,7.328806400299072,28080,0.0,0.0
2008-11-10 00:00:00+08:00,7.610384866755339,7.610384866755339,7.078518592671026,7.117626190185547,28080,0.0,0.0
2008-11-11 00:00:00+08:00,7.047230799689716,7.047230799689716,6.734368495974496,6.882978439331055,38480,0.0,0.0
2008-11-12 00:00:00+08:00,6.726546511713823,7.0159451899258904,6.570116135615835,6.882978439331055,17680,0.0,0.0
2008-11-13 00:00:00+08:00,6.859513568099092,6.859513568099092,6.405863285064697,6.405863285064697,57200,0.0,0.0
2008-11-14 00:00:00+08:00,6.4136840567402045,6.601401589694187,5.960033416748047,5.960033416748047,136240,0.0,0.0
2008-11-17 00:00:00+08:00,5.787958559141571,5.866174131480285,5.631527026584349,5.717564582824707,42640,0.0,0.0
2008-11-18 00:00:00+08:00,5.326486110687256,5.850531121016837,5.318664902302455,5.326486110687256,68640,0.0,0.0
2008-11-19 00:00:00+08:00,5.389059403874328,5.5220257679486275,5.389059403874328,5.482917785644531,9360,0.0,0.0
2008-11-20 00:00:00+08:00,5.107482950584366,5.420345660295914,5.107482950584366,5.162233352661133,29120,0.0,0.0
2008-11-21 00:00:00+08:00,4.818084426451531,5.396880626678467,4.810263217849914,5.396880626678467,18720,0.0,0.0
2008-11-24 00:00:00+08:00,5.670634774605644,5.670634774605644,5.029266986231646,5.600241184234619,21840,0.0,0.0
2008-11-25 00:00:00+08:00,5.240448819419787,5.631527072157989,5.240448819419787,5.623705863952637,81120,0.0,0.0
2008-11-26 00:00:00+08:00,5.584597883526898,5.623705863952637,5.318664780271264,5.623705863952637,11440,0.0,0.0
2008-11-27 00:00:00+08:00,5.404701720899103,5.92874712254533,5.404701720899103,5.5689544677734375,5200,0.0,0.0
2008-11-28 00:00:00+08:00,5.475096447780325,5.8270667286868765,5.475096447780325,5.780137538909912,7280,0.0,0.0
2008-12-01 00:00:00+08:00,5.4750961158544476,5.7332072257995605,5.4750961158544476,5.7332072257995605,21840,0.0,0.0
2008-12-02 00:00:00+08:00,5.33430814743042,5.537668876555799,5.33430814743042,5.33430814743042,13520,0.0,0.0
2008-12-03 00:00:00+08:00,5.467274219251729,5.467274219251729,5.162233120115304,5.396880626678467,8320,0.0,0.0
2008-12-04 00:00:00+08:00,5.475095927032337,5.475095927032337,5.435987949371338,5.435987949371338,2080,0.0,0.0
2008-12-05 00:00:00+08:00,5.13094721926399,5.47509628131039,5.123125235345883,5.443809509277344,8320,0.0,0.0
2008-12-08 00:00:00+08:00,5.396880690289421,5.631527423858643,5.2952003227121445,5.631527423858643,17680,0.0,0.0
2008-12-09 00:00:00+08:00,5.33430819533053,5.5924201011657715,5.326486211038752,5.5924201011657715,4160,0.0,0.0
2008-12-10 00:00:00+08:00,5.2952003227121445,5.686278599874002,5.2952003227121445,5.631527423858643,7280,0.0,0.0
2008-12-11 00:00:00+08:00,5.4750963292273,5.936568172247724,5.4750963292273,5.78795862197876,50960,0.0,0.0
2008-12-12 00:00:00+08:00,5.48291786471945,5.631527423858643,5.396880690289421,5.631527423858643,28080,0.0,0.0
2008-12-15 00:00:00+08:00,5.631526525460334,5.78013683665134,5.396879829324336,5.553311347961426,26000,0.0,0.0
2008-12-16 00:00:00+08:00,5.326485948987294,5.5454898619881945,5.170055192083469,5.193519592285156,73840,0.0,0.0
2008-12-17 00:00:00+08:00,5.240448823566567,5.39688035751351,5.240448823566567,5.287378787994385,26000,0.0,0.0
2008-12-18 00:00:00+08:00,5.31084369250288,5.357772885625704,5.162233352661133,5.162233352661133,9360,0.0,0.0
2008-12-19 00:00:00+08:00,5.240448734850579,5.475096225738525,5.240448734850579,5.475096225738525,19760,0.0,0.0
2008-12-22 00:00:00+08:00,5.5220251440084445,5.5220251440084445,5.123124933218313,5.5142035484313965,28080,0.0,0.0
2008-12-23 00:00:00+08:00,5.240448448946113,5.4672735557406,5.170054864915851,5.435987949371338,11440,0.0,0.0
2008-12-24 00:00:00+08:00,5.201341193294393,5.459453105926514,5.1622332102047315,5.459453105926514,27040,0.0,0.0
2008-12-25 00:00:00+08:00,5.209163188934326,5.209163188934326,5.209163188934326,5.209163188934326,2080,0.0,0.0
2008-12-26 00:00:00+08:00,5.232627978838313,5.396880732406577,5.185698786910162,5.209163188934326,18720,0.0,0.0
2008-12-29 00:00:00+08:00,5.256091883594252,5.381237030029297,5.084017937550717,5.381237030029297,23920,0.0,0.0
2008-12-30 00:00:00+08:00,5.3499511844169705,5.451631546020508,5.224805646591327,5.451631546020508,9360,0.0,0.0
2008-12-31 00:00:00+08:00,5.42816650984681,5.608062449352949,5.256092166656574,5.5689544677734375,8320,0.0,0.0
2009-01-02 00:00:00+08:00,5.5689544677734375,5.5689544677734375,5.5689544677734375,5.5689544677734375,0,0.0,0.0
2009-01-05 00:00:00+08:00,5.279557129564899,5.741029775889362,5.279557129564899,5.631527423858643,5200,0.0,0.0
2009-01-06 00:00:00+08:00,5.396880885330471,5.553312434576477,5.342129707336426,5.342129707336426,23920,0.0,0.0
2009-01-07 00:00:00+08:00,5.318664926209528,5.529846862663726,5.318664926209528,5.4047017097473145,28080,0.0,0.0
2009-01-08 00:00:00+08:00,5.467273854020021,5.475096225738525,5.256091926768429,5.475096225738525,27040,0.0,0.0
2009-01-09 00:00:00+08:00,5.451631437861752,5.475096225738525,5.451631437861752,5.475096225738525,7280,0.0,0.0
2009-01-12 00:00:00+08:00,5.475096225738525,5.475096225738525,5.475096225738525,5.475096225738525,3120,0.0,0.0
2009-01-13 00:00:00+08:00,5.279556809465957,5.537668704986572,5.279556809465957,5.537668704986572,4160,0.0,0.0
2009-01-14 00:00:00+08:00,5.47509578258276,5.553311347961426,5.396879829324336,5.553311347961426,12480,0.0,0.0
2009-01-15 00:00:00+08:00,5.2795562744140625,5.2795562744140625,5.2795562744140625,5.2795562744140625,1040,0.0,0.0
2009-01-16 00:00:00+08:00,5.553311526316636,5.5142035484313965,5.5142035484313965,5.5142035484313965,26000,0.0,0.0
2009-01-19 00:00:00+08:00,5.263914194425861,5.514204927612916,5.263914194425861,5.506382942199707,6240,0.0,0.0
2009-01-20 00:00:00+08:00,5.216984683365148,5.396880626678467,5.216984683365148,5.396880626678467,4160,0.0,0.0
2009-01-21 00:00:00+08:00,5.537668605530132,5.537668605530132,5.2013407550559565,5.475096225738525,19760,0.0,0.0
2009-02-02 00:00:00+08:00,5.475096225738525,5.475096225738525,5.475096225738525,5.475096225738525,1040,0.0,0.0
2009-02-03 00:00:00+08:00,5.498560905456543,5.498560905456543,5.498560905456543,5.498560905456543,1040,0.0,0.0
2009-02-04 00:00:00+08:00,5.271735747168186,5.576776839848955,5.240448974024769,5.5689544677734375,10400,0.0,0.0
2009-02-05 00:00:00+08:00,5.5689544677734375,5.5689544677734375,5.5689544677734375,5.5689544677734375,0,0.0,0.0
2009-02-06 00:00:00+08:00,5.467273854020021,5.568954213606251,5.467273854020021,5.475096225738525,7280,0.0,0.0
2009-02-09 00:00:00+08:00,5.475096225738525,5.475096225738525,5.475096225738525,5.475096225738525,0,0.0,0.0
2009-02-10 00:00:00+08:00,5.451631546020508,5.451631546020508,5.451631546020508,5.451631546020508,1040,0.0,0.0
2009-02-11 00:00:00+08:00,5.451631546020508,5.451631546020508,5.451631546020508,5.451631546020508,0,0.0,0.0
2009-02-12 00:00:00+08:00,5.475096225738525,5.475096225738525,5.240448734850579,5.475096225738525,7280,0.0,0.0
2009-02-13 00:00:00+08:00,5.451631546020508,5.451631546020508,5.451631546020508,5.451631546020508,1040,0.0,0.0
2009-02-16 00:00:00+08:00,5.240448728512599,5.709742546081543,5.240448728512599,5.709742546081543,4160,0.0,0.0
2009-02-17 00:00:00+08:00,5.709742546081543,5.709742546081543,5.709742546081543,5.709742546081543,0,0.0,0.0
2009-02-18 00:00:00+08:00,5.34995174407959,5.34995174407959,5.34995174407959,5.34995174407959,2080,0.0,0.0
2009-02-19 00:00:00+08:00,5.34995174407959,5.34995174407959,5.34995174407959,5.34995174407959,0,0.0,0.0
2009-02-20 00:00:00+08:00,5.475096083673736,5.475096083673736,5.318664556434035,5.467273712158203,10400,0.0,0.0
2009-02-23 00:00:00+08:00,5.396880626678467,5.396880626678467,5.396880626678467,5.396880626678467,3120,0.0,0.0
2009-02-24 00:00:00+08:00,5.396880626678467,5.396880626678467,5.396880626678467,5.396880626678467,3120,0.0,0.0
2009-02-25 00:00:00+08:00,5.498560905456543,5.498560905456543,5.498560905456543,5.498560905456543,1040,0.0,0.0
2009-02-26 00:00:00+08:00,5.263913402631684,5.498560905456543,5.263913402631684,5.498560905456543,6240,0.0,0.0
2009-02-27 00:00:00+08:00,5.475096225738525,5.475096225738525,5.475096225738525,5.475096225738525,1040,0.0,0.0
2009-03-02 00:00:00+08:00,5.248270511627197,5.248270511627197,5.248270511627197,5.248270511627197,2080,0.0,0.0
2009-03-03 00:00:00+08:00,5.162233120115304,5.396880626678467,5.162233120115304,5.396880626678467,7280,0.0,0.0
2009-03-04 00:00:00+08:00,5.240448838819533,5.459452754254813,5.240448838819533,5.451631546020508,20800,0.0,0.0
2009-03-05 00:00:00+08:00,5.451631753630202,5.6315273074659755,5.451631753630202,5.5924201011657715,50960,0.0,0.0
2009-03-06 00:00:00+08:00,5.475096225738525,5.475096225738525,5.475096225738525,5.475096225738525,24960,0.0,0.0
2009-03-09 00:00:00+08:00,5.858353614807129,5.858353614807129,5.858353614807129,5.858353614807129,65520,0.0,0.0
2009-03-10 00:00:00+08:00,6.265074253082275,6.265074253082275,6.265074253082275,6.265074253082275,10400,0.0,0.0
2009-03-11 00:00:00+08:00,6.703081882102722,6.703081882102722,6.272895647329375,6.476256370544434,136240,0.0,0.0
2009-03-12 00:00:00+08:00,6.280716489875739,6.405862408299599,6.061713362942687,6.304182052612305,81120,0.0,0.0
2009-03-13 00:00:00+08:00,6.335468496788431,6.335468496788431,6.100821774012432,6.12428617477417,46800,0.0,0.0
2009-03-16 00:00:00+08:00,6.12428617477417,6.12428617477417,6.12428617477417,6.12428617477417,6240,0.0,0.0
2009-03-17 00:00:00+08:00,6.179036572511493,6.179036572511493,6.038248616421854,6.12428617477417,9360,0.0,0.0
2009-03-18 00:00:00+08:00,6.046070575714111,6.046070575714111,6.046070575714111,6.046070575714111,5200,0.0,0.0
2009-03-19 00:00:00+08:00,6.139928691062617,6.437148557475215,6.139928691062617,6.186858654022217,34320,0.0,0.0
2009-03-20 00:00:00+08:00,6.038248375131256,6.038248375131256,5.866174041062383,5.905282020568848,24960,0.0,0.0
2009-03-23 00:00:00+08:00,5.803601974708998,6.022605895996094,5.795780766265709,6.022605895996094,14560,0.0,0.0
2009-03-24 00:00:00+08:00,6.100822538308626,6.171216137292382,6.100822538308626,6.163394927978516,14560,0.0,0.0
2009-03-25 00:00:00+08:00,6.1008221775374425,6.249431739670371,5.928747437331121,6.0382490158081055,36400,0.0,0.0
2009-03-26 00:00:00+08:00,6.038248161675436,6.460612773895264,6.038248161675436,6.460612773895264,55120,0.0,0.0
2009-03-27 00:00:00+08:00,6.906442165374756,6.906442165374756,6.906442165374756,6.906442165374756,71760,0.0,0.0
2009-03-30 00:00:00+08:00,6.882978922379791,7.352272410887725,6.6170454025268555,6.6170454025268555,118560,0.0,0.0
2009-03-31 00:00:00+08:00,6.648331399332572,7.078518867492676,6.41368502937567,7.078518867492676,303680,0.0,0.0
2009-04-02 00:00:00+08:00,8.095320791051577,8.095320791051577,7.594740224940301,8.056212425231934,419120,0.0,0.0
2009-04-03 00:00:00+08:00,7.9779965179850825,7.9779965179850825,7.516524314880371,7.516524314880371,111280,0.0,0.0
2009-04-06 00:00:00+08:00,7.860673354667932,7.860673354667932,7.485239073126554,7.727707386016846,71760,0.0,0.0
2009-04-07 00:00:00+08:00,7.485240048016736,7.586920421602084,7.219306524559766,7.3522725105285645,54080,0.0,0.0
2009-04-08 00:00:00+08:00,7.4695961842803245,7.493061363600809,7.03941028060125,7.430488586425781,87360,0.0,0.0
2009-04-09 00:00:00+08:00,7.344449589731839,7.500880718231201,7.195839668565669,7.500880718231201,81120,0.0,0.0
2009-04-10 00:00:00+08:00,7.586920837053321,7.586920837053321,7.274057714249616,7.547812461853027,38480,0.0,0.0
2009-04-13 00:00:00+08:00,7.547811628859738,7.860673941375534,7.242770525064998,7.274056911468506,42640,0.0,0.0
2009-04-14 00:00:00+08:00,7.274056911468506,7.274056911468506,7.234948540584299,7.274056911468506,33280,0.0,0.0
2009-04-15 00:00:00+08:00,7.28970010467026,7.626027594868509,7.274056911468506,7.274056911468506,21840,0.0,0.0
2009-04-16 00:00:00+08:00,7.430487400714033,7.649491310119629,7.313163850112479,7.649491310119629,33280,0.0,0.0
2009-04-17 00:00:00+08:00,7.586920463398565,7.586920463398565,7.117626190185547,7.117626190185547,82160,0.0,0.0
2009-04-20 00:00:00+08:00,7.125446813741234,7.125446813741234,6.624866193355645,6.68743896484375,48880,0.0,0.0
2009-04-21 00:00:00+08:00,6.648330211639404,6.898621283167506,6.648330211639404,6.648330211639404,34320,0.0,0.0
2009-04-22 00:00:00+08:00,6.695261552894689,7.015945872049012,6.6639751643294325,6.6796183586120605,35360,0.0,0.0
2009-04-23 00:00:00+08:00,6.648330489736224,6.984658743290786,6.648330489736224,6.812584400177002,28080,0.0,0.0
2009-04-24 00:00:00+08:00,6.812584304810289,7.000301837921143,6.703081957969189,7.000301837921143,39520,0.0,0.0
2009-04-27 00:00:00+08:00,6.72654660352932,6.843870162963867,6.515364662002915,6.843870162963867,37440,0.0,0.0
2009-04-28 00:00:00+08:00,6.413684199037299,6.4606133893770865,6.36675500869751,6.36675500869751,53040,0.0,0.0
2009-04-29 00:00:00+08:00,6.382397474163266,6.382397474163266,6.155572341351501,6.171215534210205,23920,0.0,0.0
2009-04-30 00:00:00+08:00,6.358932418652704,6.5857579160122075,6.358932418652704,6.460612773895264,19760,0.0,0.0
2009-05-04 00:00:00+08:00,6.077356449176505,6.257252781306571,6.077356449176505,6.155572414398193,45760,0.0,0.0
2009-05-05 00:00:00+08:00,6.155571945910907,6.241609113226844,6.069534778594971,6.069534778594971,24960,0.0,0.0
2009-05-06 00:00:00+08:00,6.069535240534154,6.155572414398193,6.069535240534154,6.155572414398193,7280,0.0,0.0
2009-05-07 00:00:00+08:00,6.335468702280104,6.351111895215187,6.1008219718933105,6.1008219718933105,34320,0.0,0.0
2009-05-08 00:00:00+08:00,6.1008220715432975,6.3276472091674805,6.1008220715432975,6.3276472091674805,5200,0.0,0.0
2009-05-11 00:00:00+08:00,6.726546179562735,6.726546179562735,6.390219491192265,6.413683891296387,68640,0.0,0.0
2009-05-12 00:00:00+08:00,6.390220322698726,6.390220322698726,6.0773568300826675,6.093000411987305,21840,0.0,0.0
2009-05-13 00:00:00+08:00,6.092999655899767,6.280716797263739,6.0617136596123355,6.218144416809082,10400,0.0,0.0
2009-05-14 00:00:00+08:00,6.022605787168825,6.046070575714111,6.022605787168825,6.046070575714111,10400,0.0,0.0
2009-05-15 00:00:00+08:00,6.046070910960321,6.139929294586182,6.038248926465039,6.139929294586182,9360,0.0,0.0
2009-05-18 00:00:00+08:00,6.139928549987064,6.1790361404418945,6.030426986409718,6.1790361404418945,63440,0.0,0.0
2009-05-19 00:00:00+08:00,6.1399292522523705,6.179036847180202,6.085178852081299,6.085178852081299,18720,0.0,0.0
2009-05-20 00:00:00+08:00,6.069535086054867,6.085178666580869,6.022605895996094,6.022605895996094,12480,0.0,0.0
2009-05-21 00:00:00+08:00,6.139928549987064,6.2494308893239605,6.0617133690774025,6.1790361404418945,22880,0.0,0.0
2009-05-22 00:00:00+08:00,6.218143657634759,6.2259656406013715,6.194679260253906,6.194679260253906,10400,0.0,0.0
2009-05-25 00:00:00+08:00,6.257252988405953,6.624866485595703,6.1946806020374305,6.624866485595703,27040,0.0,0.0
2009-05-26 00:00:00+08:00,7.086339858440989,7.086339858440989,6.6796183586120605,6.6796183586120605,139360,0.0,0.0
2009-05-27 00:00:00+08:00,6.679617437331429,6.687438645514161,6.225966417224054,6.382397174835205,34320,0.0,0.0
2009-06-01 00:00:00+08:00,6.2728954009204685,6.343289375305176,6.2728954009204685,6.343289375305176,36400,0.0,0.0
2009-06-02 00:00:00+08:00,6.374575811786072,6.374575811786072,6.155571903115477,6.35111141204834,24960,0.0,0.0
2009-06-03 00:00:00+08:00,6.343290105237891,6.351112089824928,6.225966930389404,6.225966930389404,19760,0.0,0.0
2009-06-04 00:00:00+08:00,6.257252607864404,6.366754956139518,6.100821845396519,6.358932971954346,18720,0.0,0.0
2009-06-05 00:00:00+08:00,6.366754550606455,6.632687644410736,6.2885389804145815,6.343289375305176,18720,0.0,0.0
2009-06-08 00:00:00+08:00,6.257252480788565,6.257252480788565,6.108642929764286,6.116464138031006,29120,0.0,0.0
2009-06-09 00:00:00+08:00,6.1399283141962,6.1399283141962,5.803601264953613,5.803601264953613,23920,0.0,0.0
2009-06-10 00:00:00+08:00,6.202501880705643,6.202501880705643,5.866174033162539,5.991319179534912,31200,0.0,0.0
2009-06-11 00:00:00+08:00,5.9052826458934025,6.405863285064697,5.9052826458934025,6.405863285064697,64480,0.0,0.0
2009-06-12 00:00:00+08:00,6.851691371571675,6.851691371571675,6.6483306386530785,6.843870162963867,254800,0.0,0.0
2009-06-15 00:00:00+08:00,6.421505407527421,7.039409581353086,6.36675500869751,6.36675500869751,85280,0.0,0.0
2009-06-16 00:00:00+08:00,6.100821760403434,6.335468482656012,5.960033416748047,5.960033416748047,70720,0.0,0.0
2009-06-17 00:00:00+08:00,5.631527243480676,6.210323431990802,5.631527243480676,6.022605895996094,18720,0.0,0.0
2009-06-18 00:00:00+08:00,5.86617374420166,6.155571614265016,5.86617374420166,5.86617374420166,26000,0.0,0.0
2009-06-19 00:00:00+08:00,5.86617407719105,5.86617407719105,5.647170166365614,5.709742546081543,42640,0.0,0.0
2009-06-22 00:00:00+08:00,5.748851238670018,5.944390773773193,5.748851238670018,5.944390773773193,6240,0.0,0.0
2009-06-23 00:00:00+08:00,5.694100328810354,5.936568260192871,5.678457136365081,5.936568260192871,7280,0.0,0.0
2009-06-24 00:00:00+08:00,5.717564877070012,5.91310362403999,5.717564877070012,5.7566728591918945,5200,0.0,0.0
2009-06-25 00:00:00+08:00,5.787958399555363,5.936567944113463,5.764493612136784,5.920925140380859,27040,0.0,0.0
2009-06-26 00:00:00+08:00,6.2572530990266655,6.2572530990266655,5.928747579934552,5.944390773773193,55120,0.0,0.0
2009-06-29 00:00:00+08:00,5.63934903372577,6.171215238124687,5.63934903372577,5.9834980964660645,45760,0.0,0.0
2009-06-30 00:00:00+08:00,5.952211982812677,5.983498758369796,5.944390773773193,5.944390773773193,59280,0.0,0.0
2009-07-01 00:00:00+08:00,6.1008219718933105,6.1008219718933105,6.1008219718933105,6.1008219718933105,6240,0.0,0.0
2009-07-02 00:00:00+08:00,6.257252216339111,6.327646578682722,5.944389935219971,6.257252216339111,36400,0.0,0.0
2009-07-03 00:00:00+08:00,6.2337879157967935,6.695260524749756,6.2337879157967935,6.695260524749756,60320,0.0,0.0
2009-07-06 00:00:00+08:00,6.851690999187839,6.851690999187839,6.3354683742196345,6.382397174835205,62400,0.0,0.0
2009-07-07 00:00:00+08:00,6.570116171121687,6.570116171121687,6.421505451202393,6.421505451202393,6240,0.0,0.0
2009-07-08 00:00:00+08:00,6.413683891296387,6.413683891296387,6.413683891296387,6.413683891296387,5200,0.0,0.0
2009-07-09 00:00:00+08:00,6.100822176252093,6.405863285064697,6.100822176252093,6.405863285064697,21840,0.0,0.0
2009-07-10 00:00:00+08:00,6.257252216339111,6.37457576569868,6.139928666979542,6.257252216339111,32240,0.0,0.0
2009-07-13 00:00:00+08:00,6.257252216339111,6.398040553146551,6.257252216339111,6.257252216339111,11440,0.0,0.0
2009-07-14 00:00:00+08:00,6.523185729980469,6.523185729980469,6.2650746029726285,6.523185729980469,4160,0.0,0.0
2009-07-15 00:00:00+08:00,6.83604886197946,6.83604886197946,6.531007766723633,6.531007766723633,54080,0.0,0.0
2009-07-16 00:00:00+08:00,6.671795922513495,6.671795922513495,6.570115566253662,6.570115566253662,23920,0.0,0.0
2009-07-17 00:00:00+08:00,6.570115566253662,6.570115566253662,6.343289290865303,6.570115566253662,44720,0.0,0.0
2009-07-20 00:00:00+08:00,6.570115566253662,6.6483299717650235,6.570115566253662,6.570115566253662,9360,0.0,0.0
2009-07-21 00:00:00+08:00,6.570115803306036,6.648330211639404,6.570115803306036,6.648330211639404,41600,0.0,0.0
2009-07-22 00:00:00+08:00,6.6483297881785814,6.8595124784494885,6.6483297881785814,6.65615177154541,22880,0.0,0.0
2009-07-23 00:00:00+08:00,6.577936774076933,6.726545928795492,6.570115566253662,6.570115566253662,27040,0.0,0.0
2009-07-24 00:00:00+08:00,6.648329591471251,6.851690292358398,6.585757605185635,6.851690292358398,48880,0.0,0.0
2009-07-27 00:00:00+08:00,6.859513282775879,6.859513282775879,6.859513282775879,6.859513282775879,3120,0.0,0.0
2009-07-28 00:00:00+08:00,6.812584480110306,6.859513282775879,6.812584480110306,6.859513282775879,31200,0.0,0.0
2009-07-29 00:00:00+08:00,6.836049227471454,6.836049227471454,6.804762840270996,6.804762840270996,11440,0.0,0.0
2009-07-30 00:00:00+08:00,6.804762131344468,6.804762131344468,6.648330211639404,6.648330211639404,17680,0.0,0.0
2009-07-31 00:00:00+08:00,6.882978512446939,6.882978512446939,6.390219874617282,6.867335319519043,33280,0.0,0.0
2009-08-03 00:00:00+08:00,6.859512618377191,7.344449996948242,6.695260273437593,7.344449996948242,139360,0.0,0.0
2009-08-04 00:00:00+08:00,7.821565628051757,7.821565628051757,7.477416960733199,7.821565628051758,484640,0.0,0.0
2009-08-05 00:00:00+08:00,7.274056911468506,7.274056911468506,7.274056911468506,7.274056911468506,74880,0.0,0.0
2009-08-06 00:00:00+08:00,6.820405608609621,6.984658743290786,6.765654822302438,6.812584400177002,90480,0.0,0.0
2009-08-10 00:00:00+08:00,6.8047630406014346,7.023766981692394,6.7734774282396,6.781298637390137,34320,0.0,0.0
2009-08-11 00:00:00+08:00,6.7759780584678175,7.0362794907252875,6.588886597972626,6.751574993133545,20000,0.0,1.04
2009-08-12 00:00:00+08:00,6.78411332894508,7.158297061920166,6.7759787144596455,7.158297061920166,26000,0.0,0.0
2009-08-13 00:00:00+08:00,7.239641162982164,7.320985759502688,6.979339695331797,7.215238094329834,64000,0.0,0.0
2009-08-14 00:00:00+08:00,7.320985794067383,7.320985794067383,7.320985794067383,7.320985794067383,6000,0.0,0.0
2009-08-17 00:00:00+08:00,7.2803130722545095,7.2803130722545095,6.963070869445801,6.963070869445801,5000,0.0,0.0
2009-08-18 00:00:00+08:00,6.849187850952148,6.849187850952148,6.849187850952148,6.849187850952148,1000,0.0,0.0
2009-08-19 00:00:00+08:00,6.995609283447265,6.995609283447265,6.995609283447265,6.995609283447266,1000,0.0,0.0
2009-08-20 00:00:00+08:00,6.597021102905273,6.597021102905273,6.597021102905273,6.597021102905273,13000,0.0,0.0
2009-08-21 00:00:00+08:00,6.897995025885474,6.897995025885474,6.434332847595215,6.434332847595215,17000,0.0,0.0
2009-08-24 00:00:00+08:00,6.34485401677278,6.637693146497244,6.34485401677278,6.352988243103027,21000,0.0,0.0
2009-08-25 00:00:00+08:00,6.499408471964557,6.507543087005615,6.499408471964557,6.507543087005615,5000,0.0,0.0
2009-08-26 00:00:00+08:00,6.393661022186279,6.393661022186279,6.393661022186279,6.393661022186279,1000,0.0,0.0
2009-08-27 00:00:00+08:00,6.352988243103027,6.719037737078238,6.352988243103027,6.352988243103027,4000,0.0,0.0
2009-08-28 00:00:00+08:00,6.279778908293309,6.507543087005615,6.279778908293309,6.507543087005615,15000,0.0,0.0
2009-08-31 00:00:00+08:00,6.507542828537794,6.507542828537794,6.434332847595215,6.434332847595215,4000,0.0,0.0
2009-09-01 00:00:00+08:00,6.434332847595215,6.434332847595215,6.434332847595215,6.434332847595215,3000,0.0,0.0
2009-09-02 00:00:00+08:00,6.434332989180663,6.483139514923096,6.312316868764476,6.483139514923096,8000,0.0,0.0
2009-09-03 00:00:00+08:00,6.67023211450903,6.930534389134318,6.67023211450903,6.832920551300049,60000,0.0,0.0
2009-09-04 00:00:00+08:00,6.82478666305542,6.8329205030177524,6.82478666305542,6.82478666305542,21000,0.0,0.0
2009-09-07 00:00:00+08:00,6.710904324966613,6.710904324966613,6.531946659088135,6.531946659088135,9000,0.0,0.0
2009-09-08 00:00:00+08:00,6.523812322633198,6.588887691497803,6.523812322633198,6.588887691497803,12000,0.0,0.0
2009-09-09 00:00:00+08:00,6.45060194535759,6.507543087005615,6.426198875994004,6.507543087005615,14000,0.0,0.0
2009-09-10 00:00:00+08:00,6.434332847595215,6.670231244099328,6.434332847595215,6.434332847595215,12000,0.0,0.0
2009-09-11 00:00:00+08:00,6.434333840014228,6.645829200744629,6.434333840014228,6.645829200744629,5000,0.0,0.0
2009-09-14 00:00:00+08:00,6.5888873156129035,6.5888873156129035,6.491273880004883,6.491273880004883,5000,0.0,0.0
2009-09-15 00:00:00+08:00,6.466871394975841,6.938668251037598,6.45060255124543,6.938668251037598,38000,0.0,0.0
2009-09-16 00:00:00+08:00,7.4185991287231445,7.4185991287231445,7.4185991287231445,7.4185991287231445,41000,0.0,0.0
2009-09-17 00:00:00+08:00,7.931067939759637,7.931067939759637,7.418598841330174,7.890395641326904,288000,0.0,0.0
2009-09-18 00:00:00+08:00,7.345388412475586,7.483673753279095,7.345388412475586,7.345388412475586,147000,0.0,0.0
2009-09-21 00:00:00+08:00,7.320985495351815,7.402330088937317,7.093221719375762,7.142027854919434,57000,0.0,0.0
2009-09-22 00:00:00+08:00,7.2559100970277255,7.2559100970277255,7.052549389769682,7.0769524574279785,20000,0.0,0.0
2009-09-23 00:00:00+08:00,7.076953080557405,7.076953080557405,6.9223992707669435,6.9305338859558105,24000,0.0,0.0
2009-09-24 00:00:00+08:00,7.410464763641357,7.410464763641357,7.377927077688582,7.410464763641357,55000,0.0,0.0
2009-09-25 00:00:00+08:00,7.809051823975702,7.809051823975702,7.320985794067383,7.320985794067383,113000,0.0,0.0
2009-09-28 00:00:00+08:00,6.954936133117793,7.15016222000122,6.9223984519705555,7.150162220001221,63000,0.0,0.0
2009-09-29 00:00:00+08:00,7.150163630454428,7.150163630454428,7.003743648529053,7.003743648529053,38000,0.0,0.0
2009-09-30 00:00:00+08:00,6.963071000760242,7.223372459411621,6.963071000760242,7.223372459411621,29000,0.0,0.0
2009-10-01 00:00:00+08:00,7.223373872388038,7.223373872388038,7.076953885375406,7.117626190185547,130000,0.0,0.0
2009-10-02 00:00:00+08:00,7.011878507983056,7.223373872388038,7.011878507983056,7.117626190185547,10000,0.0,0.0
2009-10-05 00:00:00+08:00,7.076953885375406,7.4023315480968455,7.076953885375406,7.117626190185547,41000,0.0,0.0
2009-10-06 00:00:00+08:00,7.150163424256495,7.264045715332031,7.150163424256495,7.264045715332031,31000,0.0,0.0
2009-10-07 00:00:00+08:00,7.264046085624554,7.768380641937256,7.264046085624554,7.768380641937256,152000,0.0,0.0
2009-10-08 00:00:00+08:00,7.687035928405952,7.687035928405952,7.361659049987793,7.361659049987793,53000,0.0,0.0
2009-10-09 00:00:00+08:00,7.361657599930408,7.565018302824841,7.239640712738037,7.239640712738037,50000,0.0,0.0
2009-10-12 00:00:00+08:00,7.4348675617280415,7.475539081615257,7.296582221984863,7.296582221984863,47000,0.0,0.0
2009-10-13 00:00:00+08:00,7.296583114680074,7.800917625427246,7.296583114680074,7.800917625427246,172000,0.0,0.0
2009-10-14 00:00:00+08:00,8.036815762453289,8.337789535522461,7.849723496309996,8.337789535522461,299000,0.0,0.0
2009-10-15 00:00:00+08:00,8.90719985961914,8.90719985961914,8.90719985961914,8.90719985961914,531000,0.0,0.0
2009-10-16 00:00:00+08:00,9.517281532287598,9.517281532287598,9.517281532287598,9.517281532287598,396000,0.0,0.0
2009-10-19 00:00:00+08:00,10.168036460876465,10.168036460876465,10.168036460876465,10.168036460876465,439000,0.0,0.0
2009-10-20 00:00:00+08:00,10.85946273803711,10.85946273803711,10.85946273803711,10.85946273803711,296000,0.0,0.0
2009-10-21 00:00:00+08:00,11.591561317443848,11.591561317443848,11.591561317443848,11.591561317443848,208000,0.0,0.0
2009-10-22 00:00:00+08:00,12.364333773976863,12.364333773976863,10.818792343139648,10.818792343139648,2079000,0.0,0.0
2009-10-23 00:00:00+08:00,10.412069488507406,10.412069488507406,10.086691856384277,10.086691856384277,398000,0.0,0.0
2009-10-26 00:00:00+08:00,9.598626911997615,10.249381423545861,9.517282307144217,9.720643043518066,736000,0.0,0.0
2009-10-27 00:00:00+08:00,9.639297829314469,10.3713960647583,9.598625532732138,10.3713960647583,421000,0.0,0.0
2009-10-28 00:00:00+08:00,10.859461493113232,10.859461493113232,9.67996883392334,9.67996883392334,963000,0.0,0.0
2009-10-29 00:00:00+08:00,9.110561555564454,9.557955366153362,9.029217720031738,9.029217720031738,306000,0.0,0.0
2009-10-30 00:00:00+08:00,9.029217172295365,9.639299392700195,9.029217172295365,9.639299392700195,301000,0.0,0.0
2009-11-02 00:00:00+08:00,10.29005241394043,10.29005241394043,10.29005241394043,10.29005241394043,342000,0.0,0.0
2009-11-03 00:00:00+08:00,10.98147964477539,10.98147964477539,9.598626807622269,10.98147964477539,1542000,0.0,0.0
2009-11-04 00:00:00+08:00,11.713576623017056,11.713576623017056,10.98147837498832,11.306855201721191,2327000,0.0,0.0
2009-11-05 00:00:00+08:00,10.53408432006836,10.818789616188932,10.53408432006836,10.53408432006836,679000,0.0,0.0
2009-11-06 00:00:00+08:00,9.801986989933162,11.022151326212986,9.801986989933162,10.656102180480957,721000,0.0,0.0
2009-11-09 00:00:00+08:00,10.574758100896712,10.574758100896712,9.924003601074219,9.924003601074219,581000,0.0,0.0
2009-11-10 00:00:00+08:00,10.005348569791161,10.005348569791161,9.598627089521274,9.639299392700195,216000,0.0,0.0
2009-11-11 00:00:00+08:00,9.679970119098913,9.679970119098913,9.232577148431671,9.273248672485352,163000,0.0,0.0
2009-11-12 00:00:00+08:00,9.191904544594193,9.801986694335938,9.191904544594193,9.801986694335938,224000,0.0,0.0
2009-11-13 00:00:00+08:00,9.801987018538739,9.801987018538739,9.232577148431671,9.273248672485352,362000,0.0,0.0
2009-11-16 00:00:00+08:00,9.232577148431671,9.639298595045233,9.191904848618396,9.273248672485352,303000,0.0,0.0
2009-11-17 00:00:00+08:00,9.313921144236168,9.43593804592846,9.110560417175293,9.110560417175293,198000,0.0,0.0
2009-11-18 00:00:00+08:00,9.110561368285563,9.35459442138672,9.029217534424971,9.151233673095703,151000,0.0,0.0
2009-11-19 00:00:00+08:00,9.232577148431671,9.395265571925178,9.232577148431671,9.273248672485352,159000,0.0,0.0
2009-11-20 00:00:00+08:00,9.273248847065835,9.435938049381761,9.19190502166748,9.19190502166748,204000,0.0,0.0
2009-11-23 00:00:00+08:00,9.232577322246462,9.354593448223799,9.151232721088498,9.19190502166748,89000,0.0,0.0
2009-11-24 00:00:00+08:00,9.19190597280034,9.27324980661575,8.866528310259627,9.23257827758789,156000,0.0,0.0
2009-11-25 00:00:00+08:00,9.191905977905845,9.232578282715986,9.110561368285563,9.151233673095703,62000,0.0,0.0
2009-11-26 00:00:00+08:00,9.191905983102927,9.191905983102927,9.069889068603516,9.069889068603516,78000,0.0,0.0
2009-11-27 00:00:00+08:00,9.029217720031738,9.151233861210665,9.029217720031738,9.029217720031738,146000,0.0,0.0
2009-11-30 00:00:00+08:00,9.110560248991847,9.476609395792133,9.110560248991847,9.273248672485352,85000,0.0,0.0
2009-12-01 00:00:00+08:00,9.19190519508326,9.19190519508326,8.947872162765016,8.988544464111328,91000,0.0,0.0
2009-12-02 00:00:00+08:00,8.988544463207456,9.151232892816717,8.866527559180792,8.947872161865234,92000,0.0,0.0
2009-12-03 00:00:00+08:00,8.947872160957235,8.988544462295328,8.866527558281048,8.90719985961914,48000,0.0,0.0
2009-12-04 00:00:00+08:00,8.947870396722328,8.947870396722328,8.785181999206543,8.785181999206543,85000,0.0,0.0
2009-12-07 00:00:00+08:00,9.191906166856876,9.191906166856876,8.78518466191418,9.029217720031738,88000,0.0,0.0
2009-12-08 00:00:00+08:00,8.947872161865234,9.069888290132274,8.866527559180792,8.947872161865234,133000,0.0,0.0
2009-12-09 00:00:00+08:00,8.947872162765016,9.069888291044325,8.947872162765016,8.988544464111328,79000,0.0,0.0
2009-12-10 00:00:00+08:00,9.11056100377894,9.598627090454102,9.11056100377894,9.598627090454102,467000,0.0,0.0
2009-12-11 00:00:00+08:00,9.761316502347904,9.761316502347904,9.313922674171678,9.557955741882324,477000,0.0,0.0
2009-12-14 00:00:00+08:00,9.51728343463726,9.761316502347904,9.43593959590687,9.557955741882324,165000,0.0,0.0
2009-12-15 00:00:00+08:00,9.679970741091367,10.127364516265764,9.557954609570915,9.720643043518066,254000,0.0,0.0
2009-12-16 00:00:00+08:00,9.76131534576416,10.04602068698614,9.43593847787588,9.76131534576416,273000,0.0,0.0
2009-12-17 00:00:00+08:00,9.761314399614747,9.842658996582031,9.517281384472463,9.842658996582031,230000,0.0,0.0
2009-12-18 00:00:00+08:00,9.84265914945068,9.84265914945068,9.476609233172265,9.517281532287598,180000,0.0,0.0
2009-12-21 00:00:00+08:00,9.59862533501405,9.59862533501405,9.31392004056179,9.43593692779541,66000,0.0,0.0
2009-12-22 00:00:00+08:00,9.557954787271228,9.761315527425936,9.557954787271228,9.598627090454102,150000,0.0,0.0
2009-12-23 00:00:00+08:00,9.435936757117833,9.557952866384904,9.435936757117833,9.476608276367188,127000,0.0,0.0
2009-12-24 00:00:00+08:00,9.761313565669688,9.761313565669688,9.435936757117833,9.476608276367188,152000,0.0,0.0
2009-12-25 00:00:00+08:00,9.435938653482268,9.598627090454102,9.273249440750774,9.598627090454102,103000,0.0,0.0
2009-12-28 00:00:00+08:00,9.517282483163434,9.720643223298378,9.435938652565252,9.639299392700195,127000,0.0,0.0
2009-12-29 00:00:00+08:00,9.639298429633598,9.639298429633598,9.517281532287598,9.517281532287598,98000,0.0,0.0
2009-12-30 00:00:00+08:00,9.517281972228448,10.168036460876465,9.517281972228448,10.168036460876465,592000,0.0,0.0
2009-12-31 00:00:00+08:00,10.12736433378377,10.168036635477607,9.924003601074219,9.924003601074219,353000,0.0,0.0
2010-01-04 00:00:00+08:00,9.924002651842468,10.086691067297023,9.801986534191443,9.964674949645996,190000,0.0,0.0
2010-01-05 00:00:00+08:00,9.96467511244849,10.005347410916519,9.639298276223387,9.801986694335938,204000,0.0,0.0
2010-01-06 00:00:00+08:00,9.801987301006108,10.371397187522062,9.761315000020765,10.086691856384277,262000,0.0,0.0
2010-01-07 00:00:00+08:00,10.249381614101095,10.249381614101095,9.598627090454102,9.598627090454102,132000,0.0,0.0
2010-01-08 00:00:00+08:00,9.598626295231957,9.761314718725464,9.110560248991847,9.273248672485352,142000,0.0,0.0
2010-01-11 00:00:00+08:00,9.313920977143109,9.517281700555664,9.273248677308679,9.354593276977539,67000,0.0,0.0
2010-01-12 00:00:00+08:00,9.598626130518264,9.720642252104682,9.273248513355181,9.517281532287598,34000,0.0,0.0
2010-01-13 00:00:00+08:00,9.273247441308754,9.67996883392334,9.273247441308754,9.67996883392334,49000,0.0,0.0
2010-01-14 00:00:00+08:00,9.639299214245966,9.9240037797083,9.354593873023987,9.76131534576416,156000,0.0,0.0
2010-01-15 00:00:00+08:00,9.598627664708701,10.086693004823559,9.598627664708701,9.883332252502441,229000,0.0,0.0
2010-01-18 00:00:00+08:00,9.679970741091367,9.842659950798163,9.679970741091367,9.720643043518066,182000,0.0,0.0
2010-01-19 00:00:00+08:00,9.80198747175234,10.04602050615573,9.80198747175234,9.924003601074219,313000,0.0,0.0
2010-01-20 00:00:00+08:00,10.00534771024159,10.615429878234863,10.00534771024159,10.615429878234863,845000,0.0,0.0
2010-01-21 00:00:00+08:00,10.41207067399317,10.41207067399317,9.883332252502441,9.883332252502441,443000,0.0,0.0
2010-01-22 00:00:00+08:00,9.557955164368913,9.679971302971875,9.19190597280034,9.23257827758789,234000,0.0,0.0
2010-01-25 00:00:00+08:00,8.947871990678514,9.395265745364362,8.947871990678514,9.110560417175293,108000,0.0,0.0
2010-01-26 00:00:00+08:00,9.19190658804216,9.19190658804216,8.5004796876536,8.58182430267334,157000,0.0,0.0
2010-01-27 00:00:00+08:00,8.86652692917778,8.947871526082356,8.419133973481317,8.541150093078613,140000,0.0,0.0
2010-01-28 00:00:00+08:00,8.622494373462256,8.86652660369873,8.622494373462256,8.86652660369873,54000,0.0,0.0
2010-01-29 00:00:00+08:00,8.86652676801422,8.86652676801422,8.378461522736849,8.744510650634766,33000,0.0,0.0
2010-02-01 00:00:00+08:00,8.744510805677766,8.744510805677766,8.419133969723816,8.50047779083252,11000,0.0,0.0
2010-02-02 00:00:00+08:00,8.581821290767682,8.86652579189641,8.50047670429692,8.703837394714355,25000,0.0,0.0
2010-02-03 00:00:00+08:00,8.7851840874317,8.7851840874317,8.541151045271999,8.622495651245117,13000,0.0,0.0
2010-02-04 00:00:00+08:00,8.581823348258558,8.7851840874317,8.581823348258558,8.622495651245117,11000,0.0,0.0
2010-02-05 00:00:00+08:00,8.541150662452408,8.622495264779612,8.020546914229465,8.061219215393066,63000,0.0,0.0
2010-02-08 00:00:00+08:00,8.134428750980643,8.134428750980643,8.126294136047363,8.126294136047363,10000,0.0,0.0
2010-02-09 00:00:00+08:00,8.337789702415465,8.337789702415465,7.727707529067993,8.134428977966309,28000,0.0,0.0
2010-02-10 00:00:00+08:00,8.297118186950684,8.297118186950684,8.13442974715943,8.297118186950684,6000,0.0,0.0
2010-02-22 00:00:00+08:00,8.297117236294826,8.378461834750098,8.134428815143865,8.337789535522461,13000,0.0,0.0
2010-02-23 00:00:00+08:00,8.297117236294826,8.337789535522461,8.297117236294826,8.337789535522461,12000,0.0,0.0
2010-02-24 00:00:00+08:00,8.297117070682758,8.459805488586426,8.297117070682758,8.459805488586426,41000,0.0,0.0
2010-02-25 00:00:00+08:00,8.500477787002236,8.500477787002236,8.337789369098568,8.459805488586426,17000,0.0,0.0
2010-02-26 00:00:00+08:00,8.459805488586426,8.459805488586426,8.459805488586426,8.459805488586426,16000,0.0,0.0
2010-03-01 00:00:00+08:00,8.297117242244248,8.419134140014648,8.256444942987448,8.419134140014648,24000,0.0,0.0
2010-03-02 00:00:00+08:00,8.459805663511863,8.459805663511863,8.419134140014648,8.419134140014648,21000,0.0,0.0
2010-03-03 00:00:00+08:00,8.419133969723816,8.50047779083252,8.337789372855545,8.50047779083252,10000,0.0,0.0
2010-03-04 00:00:00+08:00,8.74451098254988,8.74451098254988,8.419134140014648,8.419134140014648,8000,0.0,0.0
2010-03-05 00:00:00+08:00,8.5004796876536,8.58182430267334,8.5004796876536,8.58182430267334,18000,0.0,0.0
2010-03-08 00:00:00+08:00,9.151233673095703,9.151233673095703,9.151233673095703,9.151233673095703,80000,0.0,0.0
2010-03-09 00:00:00+08:00,9.679970740912268,9.76131534576416,9.354593873023987,9.76131534576416,560000,0.0,0.0
2010-03-10 00:00:00+08:00,9.761314718725464,9.761314718725464,9.110560248991847,9.273248672485352,147000,0.0,0.0
2010-03-11 00:00:00+08:00,8.78518466191418,9.273250002389592,8.78518466191418,9.029217720031738,106000,0.0,0.0
2010-03-12 00:00:00+08:00,8.866527559180792,9.029216764549677,8.866527559180792,8.947872161865234,55000,0.0,0.0
2010-03-15 00:00:00+08:00,9.273248677308679,9.354593276977539,9.02921642982129,9.354593276977539,48000,0.0,0.0
2010-03-16 00:00:00+08:00,9.354593272111902,9.557953995418682,9.273248672485352,9.273248672485352,31000,0.0,0.0
2010-03-17 00:00:00+08:00,9.273247577082403,9.517280571376045,9.273247577082403,9.476608276367188,39000,0.0,0.0
2010-03-18 00:00:00+08:00,9.476610004717518,9.720643043518066,9.354593873197066,9.720643043518066,110000,0.0,0.0
2010-03-19 00:00:00+08:00,9.964674650454054,10.3713960647583,9.76131394330193,10.3713960647583,809000,0.0,0.0
2010-03-22 00:00:00+08:00,10.3713960647583,10.3713960647583,10.3713960647583,10.3713960647583,0,0.0,0.0
2010-03-23 00:00:00+08:00,9.598625825195334,10.208707965240468,9.598625825195334,10.00534725189209,360000,0.0,0.0
2010-03-24 00:00:00+08:00,10.696774854965263,10.696774854965263,10.208709533412591,10.33072566986084,680000,0.0,0.0
2010-03-25 00:00:00+08:00,10.330723217258575,10.330723217258575,9.67996883392334,9.67996883392334,205000,0.0,0.0
2010-03-26 00:00:00+08:00,9.76131534576416,9.964676082134247,9.720643043338214,9.76131534576416,153000,0.0,0.0
2010-03-29 00:00:00+08:00,9.761316502347904,9.842661116838032,9.43593959590687,9.557955741882324,154000,0.0,0.0
2010-03-30 00:00:00+08:00,9.639299393636975,9.720643224243062,9.598627090454102,9.598627090454102,86000,0.0,0.0
2010-03-31 00:00:00+08:00,9.72064270381827,10.249381065368652,9.639298877567176,10.249381065368652,291000,0.0,0.0
2010-04-01 00:00:00+08:00,10.94080638885498,10.94080638885498,10.94080638885498,10.94080638885498,411000,0.0,0.0
2010-04-02 00:00:00+08:00,11.672904968261719,11.672904968261719,11.672904968261719,11.672904968261719,271000,0.0,0.0
2010-04-06 00:00:00+08:00,12.486350046245077,12.486350046245077,11.022152527920882,11.388201713562012,2388000,0.0,0.0
2010-04-07 00:00:00+08:00,10.940808486083743,11.225513853966254,10.696775424435836,10.818792343139648,613000,0.0,0.0
2010-04-08 00:00:00+08:00,10.696774137744136,11.388200933283025,10.696774137744136,11.184840202331543,733000,0.0,0.0
2010-04-09 00:00:00+08:00,11.18483925733768,11.794921398647007,11.062823139379637,11.266183853149414,916000,0.0,0.0
2010-04-12 00:00:00+08:00,11.3475286328545,11.388200934199997,11.144167901886643,11.225512504577637,813000,0.0,0.0
2010-04-13 00:00:00+08:00,11.306856329681516,11.510217060616503,10.818791040893316,11.14416790008545,968000,0.0,0.0
2010-04-14 00:00:00+08:00,11.388200758359092,11.876266815449755,11.225512331248742,11.347528457641602,1072000,0.0,0.0
2010-04-15 00:00:00+08:00,11.347527999670497,11.347527999670497,10.85946273803711,10.85946273803711,526000,0.0,0.0
2010-04-16 00:00:00+08:00,10.859463514060364,11.225512680383375,10.737446608112934,10.900135040283203,211000,0.0,0.0
2010-04-19 00:00:00+08:00,10.696773694012094,10.981479015837648,10.20870842543062,10.493412971496582,181000,0.0,0.0
2010-04-20 00:00:00+08:00,10.24938106032565,10.33072488653672,9.924003428202521,10.086691856384277,173000,0.0,0.0
2010-04-21 00:00:00+08:00,10.208708274094464,10.778118133544922,10.208708274094464,10.778118133544922,537000,0.0,0.0
2010-04-22 00:00:00+08:00,10.57475757598877,10.656102175338674,10.168036130758432,10.57475757598877,314000,0.0,0.0
2010-04-23 00:00:00+08:00,10.249381837481899,10.778119463103879,10.249381837481899,10.33072566986084,203000,0.0,0.0
2010-04-26 00:00:00+08:00,10.574756771910424,10.574756771910424,10.3713960647583,10.3713960647583,90000,0.0,0.0
2010-04-27 00:00:00+08:00,10.412068843631564,11.062823291813455,10.412068843631564,11.022150993347168,828000,0.0,0.0
2010-04-28 00:00:00+08:00,10.859462897953842,10.859462897953842,10.57475757598877,10.57475757598877,414000,0.0,0.0
2010-04-29 00:00:00+08:00,10.57475647167374,11.184838575808765,10.57475647167374,10.737444877624512,156000,0.0,0.0
2010-04-30 00:00:00+08:00,10.818789781529883,11.14416660284646,10.412068367004395,10.412068367004395,449000,0.0,0.0
2010-05-03 00:00:00+08:00,10.412069493630456,10.737446350154062,10.086691861347232,10.249381065368652,163000,0.0,0.0
2010-05-04 00:00:00+08:00,10.249381065368652,10.412069493630456,10.127364162352587,10.249381065368652,140000,0.0,0.0
2010-05-05 00:00:00+08:00,9.761315526477297,10.005348569791161,9.598627089521274,9.639299392700195,173000,0.0,0.0
2010-05-06 00:00:00+08:00,9.354593276977539,9.598626300224526,9.354593276977539,9.354593276977539,91000,0.0,0.0
2010-05-07 00:00:00+08:00,9.15123366801279,9.23257827758789,8.785184476444217,9.23257827758789,104000,0.0,0.0
2010-05-10 00:00:00+08:00,9.313919735722111,9.67996883392334,9.23257592265489,9.67996883392334,68000,0.0,0.0
2010-05-11 00:00:00+08:00,9.842659950798163,10.005348384745313,9.720643043518066,9.720643043518066,108000,0.0,0.0
2010-05-12 00:00:00+08:00,9.679970740912268,10.08669221365244,9.679970740912268,9.76131534576416,77000,0.0,0.0
2010-05-13 00:00:00+08:00,9.84265883199497,10.046019545253051,9.801986534191443,9.964674949645996,83000,0.0,0.0
2010-05-14 00:00:00+08:00,9.964675116273387,10.00534741475703,9.80198669809839,9.842658996582031,41000,0.0,0.0
2010-05-17 00:00:00+08:00,9.67996883392334,9.67996883392334,9.435936618962183,9.67996883392334,39000,0.0,0.0
2010-05-18 00:00:00+08:00,9.761315000020765,10.086691856384277,9.679970398050079,10.086691856384277,51000,0.0,0.0
2010-05-19 00:00:00+08:00,10.005348035096139,10.249381065368652,9.883331132080073,10.249381065368652,74000,0.0,0.0
2010-05-20 00:00:00+08:00,10.24938124055559,10.24938124055559,10.005348206111956,10.0460205078125,48000,0.0,0.0
2010-05-21 00:00:00+08:00,9.679971132030934,10.737447159034572,9.598627299651994,10.33072566986084,403000,0.0,0.0
2010-05-24 00:00:00+08:00,10.168037229343282,10.371397973930149,10.005348788825724,10.33072566986084,133000,0.0,0.0
2010-05-25 00:00:00+08:00,9.801987648190106,10.330725252448474,9.639299214245966,9.76131534576416,149000,0.0,0.0
2010-05-26 00:00:00+08:00,9.761315526477297,10.086692400389344,9.598627089521274,9.639299392700195,100000,0.0,0.0
2010-05-27 00:00:00+08:00,9.517282135655115,9.924003601074219,9.313921402945562,9.924003601074219,29000,0.0,0.0
2010-05-28 00:00:00+08:00,10.005348570763516,10.127364704552475,9.598627090454102,9.598627090454102,83000,0.0,0.0
2010-05-31 00:00:00+08:00,9.842660722645983,10.086693004823559,9.842660722645983,9.883332252502441,115000,0.0,0.0
2010-06-01 00:00:00+08:00,9.67996964078086,10.005347247449524,9.59862582093336,9.964674949645996,23000,0.0,0.0
2010-06-02 00:00:00+08:00,9.964674949645996,9.964674949645996,9.964674949645996,9.964674949645996,29000,0.0,0.0
2010-06-03 00:00:00+08:00,10.086691067297023,10.330724078358632,9.964674949645996,9.964674949645996,65000,0.0,0.0
2010-06-04 00:00:00+08:00,9.801986538543712,10.00534725189209,9.761314240722125,10.00534725189209,41000,0.0,0.0
2010-06-07 00:00:00+08:00,9.679970740912268,9.964676082134247,9.679970740912268,9.76131534576416,11000,0.0,0.0
2010-06-08 00:00:00+08:00,9.720641938584388,9.964674949645996,9.67996964078086,9.964674949645996,42000,0.0,0.0
2010-06-09 00:00:00+08:00,9.67997056667083,9.924003601074219,9.67997056667083,9.924003601074219,6000,0.0,0.0
2010-06-10 00:00:00+08:00,9.924002656248916,10.086691071775705,9.801986538543712,10.00534725189209,61000,0.0,0.0
2010-06-11 00:00:00+08:00,10.168035832932027,10.168035832932027,9.63929827992339,9.842658996582031,46000,0.0,0.0
2010-06-14 00:00:00+08:00,10.086692032089935,10.086692032089935,9.883331299380382,9.924003601074219,19000,0.0,0.0
2010-06-15 00:00:00+08:00,9.842660722645983,10.086693004823559,9.842660722645983,9.883332252502441,34000,0.0,0.0
2010-06-17 00:00:00+08:00,10.086692033753412,10.086692033753412,9.964675904411411,10.0460205078125,15000,0.0,0.0
2010-06-18 00:00:00+08:00,10.086691856384277,10.12736415736962,9.924003428202521,10.086691856384277,26000,0.0,0.0
2010-06-21 00:00:00+08:00,10.005348204461892,10.168036635477607,9.924003601074219,9.924003601074219,42000,0.0,0.0
2010-06-22 00:00:00+08:00,9.842659773446178,10.005348204461892,9.80198747175234,9.924003601074219,39000,0.0,0.0
2010-06-23 00:00:00+08:00,10.0460214749671,10.0460214749671,9.761316111413652,9.883332252502441,32000,0.0,0.0
2010-06-24 00:00:00+08:00,9.883331128447548,10.127364158630371,9.883331128447548,10.127364158630371,32000,0.0,0.0
2010-06-25 00:00:00+08:00,10.127364161121733,10.330724890364177,10.127364161121733,10.208708763122559,49000,0.0,0.0
2010-06-28 00:00:00+08:00,10.208708763122559,10.208708763122559,10.208708763122559,10.208708763122559,0,0.0,0.0
2010-06-29 00:00:00+08:00,10.16803582902907,10.24938042596513,9.801986694335938,9.801986694335938,75000,0.0,0.0
2010-06-30 00:00:00+08:00,10.086690226537925,10.086690226537925,9.67996883392334,9.67996883392334,31000,0.0,0.0
2010-07-01 00:00:00+08:00,9.679970740912268,9.9240037797083,9.679970740912268,9.76131534576416,13000,0.0,0.0
2010-07-02 00:00:00+08:00,9.842659606834335,10.330724891619745,9.80198730582898,10.249381065368652,79000,0.0,0.0
2010-07-05 00:00:00+08:00,10.24938106032565,10.24938106032565,9.924003428202521,10.086691856384277,36000,0.0,0.0
2010-07-06 00:00:00+08:00,10.249380258511133,10.249380258511133,9.964674949645996,9.964674949645996,123000,0.0,0.0
2010-07-07 00:00:00+08:00,10.208708759340308,10.208708759340308,10.046020331158552,10.086691856384277,107000,0.0,0.0
2010-07-08 00:00:00+08:00,10.208708274094464,10.778118133544922,10.208708274094464,10.778118133544922,248000,0.0,0.0
2010-07-09 00:00:00+08:00,11.510217666625977,11.510217666625977,11.510217666625977,11.510217666625977,201000,0.0,0.0
2010-07-12 00:00:00+08:00,12.282988548278809,12.282988548278809,12.282988548278809,12.282988548278809,724000,0.0,0.0
2010-07-13 00:00:00+08:00,13.137104454174073,13.137104454174073,11.67290763973167,11.794923782348633,2752000,0.0,0.0
2010-07-14 00:00:00+08:00,11.510216889354023,11.63223379155528,10.981479307094078,11.469545364379883,1156000,0.0,0.0
2010-07-15 00:00:00+08:00,11.347527364187174,11.998281785681108,11.14416665595529,11.632232666015625,571000,0.0,0.0
2010-07-16 00:00:00+08:00,11.55088855007676,11.794921565198294,11.062823295593262,11.062823295593262,389000,0.0,0.0
2010-07-19 00:00:00+08:00,10.818792343139648,11.225513853966254,10.737447730670441,10.818792343139648,112000,0.0,0.0
2010-07-20 00:00:00+08:00,10.818791040893316,11.469545535037206,10.696774136876549,11.14416790008545,284000,0.0,0.0
2010-07-21 00:00:00+08:00,11.225512503673764,11.225512503673764,10.900134868695618,11.184840202331543,128000,0.0,0.0
2010-07-22 00:00:00+08:00,11.225513853966254,11.306857690675745,10.778120036905044,10.818792343139648,291000,0.0,0.0
2010-07-23 00:00:00+08:00,10.900135040283203,11.225512680383375,10.818791212077887,10.900135040283203,175000,0.0,0.0
2010-07-26 00:00:00+08:00,10.981478698632895,11.103494818313877,10.981478698632895,11.062823295593262,91000,0.0,0.0
2010-07-27 00:00:00+08:00,11.144167105286336,11.26618400060089,10.94080638885498,10.94080638885498,140000,0.0,0.0
2010-07-28 00:00:00+08:00,10.940807342790963,11.06282424874425,10.900135040806534,10.98147964477539,135000,0.0,0.0
2010-07-29 00:00:00+08:00,10.981478389299083,11.713576638281868,10.981478389299083,11.428872108459473,795000,0.0,0.0
2010-07-30 00:00:00+08:00,11.388201014200845,12.201643943786621,11.388201014200845,12.201643943786621,1328000,0.0,0.0
2010-08-02 00:00:00+08:00,12.933741401642067,13.055757522583008,12.364331544318377,13.055757522583008,1916000,0.0,0.0
2010-08-03 00:00:00+08:00,13.950547218322754,13.950547218322754,13.421809575646616,13.950547218322754,2383000,0.0,0.0
2010-08-04 00:00:00+08:00,14.886002725307987,14.926675796508789,14.479281322414119,14.926675796508789,3011000,0.0,0.0
2010-08-05 00:00:00+08:00,15.862136625150784,15.862136625150784,13.9098739662053,13.991218566894531,2301000,0.0,0.0
2010-08-06 00:00:00+08:00,13.991217931566,13.991217931566,13.015085870658925,13.58449649810791,1010000,0.0,0.0
2010-08-09 00:00:00+08:00,14.11323605132376,14.519957542419434,14.11323605132376,14.519957542419434,916000,0.0,0.0
2010-08-10 00:00:00+08:00,15.455416870117189,15.455416870117189,14.235252380371094,14.235252380371094,1272000,0.0,0.0
2010-08-11 00:00:00+08:00,14.235250155131022,14.235250155131022,13.29979116952624,13.421807289123535,489000,0.0,0.0
2010-08-12 00:00:00+08:00,13.259120167966467,14.235252380371094,13.137104029295735,14.235252380371094,503000,0.0,0.0
2010-08-13 00:00:00+08:00,14.804661458461942,14.804661458461942,13.665840152796248,13.747184753417969,410000,0.0,0.0
2010-08-16 00:00:00+08:00,13.218448458990949,14.072562969579543,13.218448458990949,13.259119987487793,299000,0.0,0.0
2010-08-17 00:00:00+08:00,13.340463018057676,13.665839862104121,12.933741575119825,13.01508617401123,388000,0.0,0.0
2010-08-18 00:00:00+08:00,13.177776562918798,13.90987491607666,13.015087350430687,13.90987491607666,1235000,0.0,0.0
2010-08-19 00:00:00+08:00,13.706512919601911,14.804661124419242,13.218446878403189,14.397939682006836,1337000,0.0,0.0
2010-08-20 00:00:00+08:00,14.397939633944297,15.292725563049316,14.031889716387393,15.292725563049316,919000,0.0,0.0
2010-08-23 00:00:00+08:00,15.862135894694894,16.35020192483549,14.967348431356996,15.943480491638184,2191000,0.0,0.0
2010-08-24 00:00:00+08:00,14.84533260997973,15.780791614825302,14.84533260997973,15.455414772033691,1341000,0.0,0.0
2010-08-25 00:00:00+08:00,14.886003531088377,15.252053434114776,14.560626701464418,15.211381912231445,742000,0.0,0.0
2010-08-26 00:00:00+08:00,15.211383203317634,15.211383203317634,14.479283335126897,14.560627937316895,516000,0.0,0.0
2010-08-27 00:00:00+08:00,14.397938859663766,14.560626496425265,13.991217440481389,14.031888961791992,245000,0.0,0.0
2010-08-30 00:00:00+08:00,14.235250805629095,14.235250805629095,13.503152503072013,13.747184753417969,232000,0.0,0.0
2010-08-31 00:00:00+08:00,13.503153393741828,13.991219478145856,12.811726570129395,12.811726570129395,407000,0.0,0.0
2010-09-01 00:00:00+08:00,13.665840679357098,13.665840679357098,12.811726218717004,13.299792289733887,384000,0.0,0.0
2010-09-02 00:00:00+08:00,13.055757697697345,13.828529059886932,13.01508617401123,13.01508617401123,272000,0.0,0.0
2010-09-03 00:00:00+08:00,13.177774417831829,13.421806645320949,12.97441293532501,13.096429824829102,257000,0.0,0.0
2010-09-06 00:00:00+08:00,13.259118095314381,13.828528722127277,12.933741259215214,13.421807289123535,440000,0.0,0.0
2010-09-07 00:00:00+08:00,13.787858361509308,13.787858361509308,13.096431556823958,13.381136894226074,192000,0.0,0.0
2010-09-08 00:00:00+08:00,13.177775382995605,13.421807628358081,12.77105316395244,13.177775382995605,327000,0.0,0.0
2010-09-09 00:00:00+08:00,13.340463815852265,13.340463815852265,12.6897100888426,13.299792289733887,384000,0.0,0.0
2010-09-10 00:00:00+08:00,13.259119390905733,13.259119390905733,12.689710259973172,12.974414825439453,339000,0.0,0.0
2010-09-13 00:00:00+08:00,12.933741575119825,13.055757697697345,12.7303808536509,13.01508617401123,209000,0.0,0.0
2010-09-14 00:00:00+08:00,13.055757862401398,13.055757862401398,12.730381014250183,12.771053314208984,177000,0.0,0.0
2010-09-15 00:00:00+08:00,12.77105299473165,13.25911825474916,12.567692275784458,13.218446731567383,368000,0.0,0.0
2010-09-16 00:00:00+08:00,13.137103442558978,13.381137260520648,12.811726570129395,12.811726570129395,142000,0.0,0.0
2010-09-17 00:00:00+08:00,13.01508552797379,13.01508552797379,12.60836410522461,12.60836410522461,141000,0.0,0.0
2010-09-20 00:00:00+08:00,12.689707956962785,13.462477684020996,12.608363366872707,13.462477684020996,605000,0.0,0.0
2010-09-21 00:00:00+08:00,13.828530309832605,14.153907183289508,13.503153436375701,13.90987491607666,697000,0.0,0.0
2010-09-23 00:00:00+08:00,14.275924451300313,14.845335188736332,13.991220634101744,14.80466365814209,820000,0.0,0.0
2010-09-24 00:00:00+08:00,14.845332778474399,15.455414947452798,14.479282856479683,15.414743423461914,919000,0.0,0.0
2010-09-27 00:00:00+08:00,15.496085976834971,15.658775170644123,14.641971588134766,14.641971588134766,990000,0.0,0.0
2010-09-28 00:00:00+08:00,14.804661743886886,14.804661743886886,14.153906477886148,14.560627937316895,173000,0.0,0.0
2010-09-29 00:00:00+08:00,14.641971588134766,14.804660781943918,14.316594752035599,14.641971588134766,209000,0.0,0.0
2010-09-30 00:00:00+08:00,14.64197192684661,14.64197192684661,14.194578960800634,14.397939682006836,119000,0.0,0.0
2010-10-01 00:00:00+08:00,14.23525258023126,14.479284860998892,13.950547218322754,13.950547218322754,221000,0.0,0.0
2010-10-04 00:00:00+08:00,13.991218555283137,14.07256160438565,13.462479427001545,13.747184753417969,234000,0.0,0.0
2010-10-05 00:00:00+08:00,13.828529357910156,13.828529357910156,13.421807906206915,13.828529357910156,87000,0.0,0.0
2010-10-06 00:00:00+08:00,13.909873958554645,14.153906208968905,13.503152506851405,13.828529357910156,220000,0.0,0.0
2010-10-07 00:00:00+08:00,13.828529354039691,13.909873954661414,13.584497103693733,13.747184753417969,107000,0.0,0.0
2010-10-08 00:00:00+08:00,13.828529357910156,14.113234684406265,13.747184757265666,13.828529357910156,104000,0.0,0.0
2010-10-11 00:00:00+08:00,13.991217302018315,14.316594123840332,13.62516740776913,14.316594123840332,150000,0.0,0.0
2010-10-12 00:00:00+08:00,14.397940634380312,14.397940634380312,13.74718535256377,14.072562217712402,70000,0.0,0.0
2010-10-13 00:00:00+08:00,13.991218559199135,14.153906208968905,13.706513232703026,13.828529357910156,61000,0.0,0.0
2010-10-14 00:00:00+08:00,13.909873958554645,13.909873958554645,13.584497107495896,13.828529357910156,53000,0.0,0.0
2010-10-15 00:00:00+08:00,13.828528722127277,13.828528722127277,13.421807289123535,13.421807289123535,82000,0.0,0.0
2010-10-18 00:00:00+08:00,13.50315075482554,13.584495344915616,12.933740175714007,13.462477684020996,76000,0.0,0.0
2010-10-19 00:00:00+08:00,13.29979116952624,13.747184125222702,13.218446572621662,13.421807289123535,61000,0.0,0.0
2010-10-20 00:00:00+08:00,13.29979116952624,13.828528722127277,13.29979116952624,13.421807289123535,218000,0.0,0.0
2010-10-21 00:00:00+08:00,13.828529528717496,13.828529528717496,13.177775818562012,13.625168800354004,99000,0.0,0.0
2010-10-22 00:00:00+08:00,13.665839873720557,13.665839873720557,13.177775382995605,13.177775382995605,89000,0.0,0.0
2010-10-25 00:00:00+08:00,13.218446572621662,13.421807289123535,13.177775049928943,13.421807289123535,69000,0.0,0.0
2010-10-26 00:00:00+08:00,13.177776159859484,13.340463815852265,13.09643155610346,13.299792289733887,95000,0.0,0.0
2010-10-27 00:00:00+08:00,13.137102133684676,13.218446731567383,12.933741414737485,13.218446731567383,98000,0.0,0.0
2010-10-28 00:00:00+08:00,13.218446895480156,13.218446895480156,13.01508617401123,13.01508617401123,38000,0.0,0.0
2010-10-29 00:00:00+08:00,12.933742703350575,13.015087309337797,12.811726570129395,12.811726570129395,92000,0.0,0.0
2010-11-01 00:00:00+08:00,12.771053318754616,12.893070218674449,12.6083648946211,12.852397918701172,106000,0.0,0.0
2010-11-02 00:00:00+08:00,13.259119390905733,13.259119390905733,12.852398693919566,12.974414825439453,43000,0.0,0.0
2010-11-03 00:00:00+08:00,13.218446229177852,13.218446229177852,12.201642673087248,12.527019500732422,162000,0.0,0.0
2010-11-04 00:00:00+08:00,12.81172400578989,12.81172400578989,12.201641910276086,12.486347198486328,86000,0.0,0.0
2010-11-05 00:00:00+08:00,13.25911843043698,13.340463029397531,12.608364741790925,13.177775382995605,128000,0.0,0.0
2010-11-08 00:00:00+08:00,13.340463995758753,13.340463995758753,12.486349523600266,12.974414825439453,60,0.0,0.0
2010-11-09 00:00:00+08:00,12.852397751988008,13.01508617401123,12.60836473107338,13.01508617401123,70000,0.0,0.0
2010-11-10 00:00:00+08:00,13.177774570317409,13.177774570317409,12.689708558172489,12.89306926727295,42000,0.0,0.0
2010-11-11 00:00:00+08:00,13.015086342834685,13.015086342834685,12.486348770460866,12.852397918701172,79000,0.0,0.0
2010-11-12 00:00:00+08:00,12.689710436908214,12.811726570129395,12.323660485725364,12.811726570129395,91000,0.0,0.0
2010-11-15 00:00:00+08:00,12.730382144876804,12.852399055589926,12.608366009923348,12.68971061706543,50000,0.0,0.0
2010-11-16 00:00:00+08:00,12.60836409552349,12.771052509346076,12.527019500732422,12.527019500732422,51000,0.0,0.0
2010-11-17 00:00:00+08:00,12.527021404093432,12.852399056936175,12.486349876277798,12.649038314819336,26000,0.0,0.0
2010-11-18 00:00:00+08:00,12.771054449785574,12.771054449785574,12.527021404093432,12.649038314819336,24000,0.0,0.0
2010-11-19 00:00:00+08:00,12.60836410522461,12.771052519172372,12.323658798996362,12.60836410522461,48000,0.0,0.0
2010-11-22 00:00:00+08:00,12.771052519172372,12.771052519172372,12.364331096423191,12.60836410522461,23000,0.0,0.0
2010-11-23 00:00:00+08:00,12.567691798127955,12.60836409552349,12.323658789514301,12.527019500732422,66000,0.0,0.0
2010-11-24 00:00:00+08:00,12.445677572702497,12.649038314819336,12.364332965551894,12.649038314819336,125000,0.0,0.0
2010-11-25 00:00:00+08:00,12.364332375789752,12.405004677425039,12.282988548278809,12.282988548278809,45000,0.0,0.0
2010-11-26 00:00:00+08:00,12.282987267878315,12.689708690314557,12.12029807829618,12.527019500732422,127000,0.0,0.0
2010-11-29 00:00:00+08:00,12.527020627553291,12.608365229661405,12.242316071694127,12.36433219909668,44000,0.0,0.0
2010-11-30 00:00:00+08:00,12.282988547665973,12.445676978439371,12.242316246032715,12.242316246032715,25000,0.0,0.0
2010-12-01 00:00:00+08:00,12.242316829303313,13.096432101256505,12.16097222216123,12.68971061706543,148000,0.0,0.0
2010-12-02 00:00:00+08:00,12.68970949005098,13.462479310470217,12.68970949005098,12.771053314208984,62000,0.0,0.0
2010-12-03 00:00:00+08:00,13.340463191101714,13.340463191101714,12.852397918701172,12.852397918701172,34000,0.0,0.0
2010-12-06 00:00:00+08:00,13.096431732718983,13.096431732718983,12.730381786640036,12.974414825439453,29000,0.0,0.0
2010-12-07 00:00:00+08:00,13.42180779104827,13.42180779104827,12.771053318754616,12.852397918701172,39000,0.0,0.0
2010-12-08 00:00:00+08:00,13.015086342834685,13.015086342834685,12.6083648946211,12.852397918701172,45000,0.0,0.0
2010-12-09 00:00:00+08:00,12.60836410522461,12.852397114026028,12.405003393850018,12.60836410522461,80000,0.0,0.0
2010-12-10 00:00:00+08:00,12.689709834200338,12.689709834200338,12.445676803588867,12.445676803588867,67000,0.0,0.0
2010-12-13 00:00:00+08:00,12.364331096423191,12.60836410522461,12.282987277329084,12.60836410522461,69000,0.0,0.0
2010-12-14 00:00:00+08:00,12.689710618394637,12.730382146210271,12.364332965551894,12.649038314819336,48000,0.0,0.0
2010-12-15 00:00:00+08:00,12.811724816599199,12.811724816599199,12.282987277329084,12.60836410522461,40000,0.0,0.0
2010-12-16 00:00:00+08:00,12.364331091681906,12.608364100389746,12.364331091681906,12.567691802978516,61000,0.0,0.0
2010-12-17 00:00:00+08:00,12.527020805946258,12.527020805946258,12.242316246032715,12.242316246032715,36000,0.0,0.0
2010-12-20 00:00:00+08:00,12.242315131703405,12.405003547668457,12.242315131703405,12.405003547668457,50000,0.0,0.0
2010-12-21 00:00:00+08:00,12.527019510370954,12.649036402651436,12.364331096423191,12.60836410522461,80000,0.0,0.0
2010-12-22 00:00:00+08:00,12.364330313927866,12.567691012432467,12.160969615423266,12.486347198486328,106,0.0,0.0
2010-12-23 00:00:00+08:00,12.405004677425039,12.405004677425039,12.201643945008234,12.282988548278809,82000,0.0,0.0
2010-12-24 00:00:00+08:00,12.364332375789752,12.527020806571269,12.201643945008234,12.282988548278809,82000,0.0,0.0
2010-12-27 00:00:00+08:00,12.242316246032715,12.242316246032715,11.957610910359541,12.242316246032715,99000,0.0,0.0
2010-12-28 00:00:00+08:00,12.12029951718706,12.12029951718706,11.95761108405052,12.079627990722656,29000,0.0,0.0
2010-12-29 00:00:00+08:00,11.957610909154365,12.160971641540527,11.469545616883357,12.160971641540527,135000,0.0,0.0
2010-12-30 00:00:00+08:00,11.347528126259366,12.201643313345468,11.347528126259366,11.713577270507812,89000,0.0,0.0
2010-12-31 00:00:00+08:00,11.713577875731303,12.201643943786621,11.42887331583206,12.201643943786621,152000,0.0,0.0
2011-01-03 00:00:00+08:00,12.201643316165216,12.201643316165216,11.550888850817818,11.754249572753906,114000,0.0,0.0
2011-01-04 00:00:00+08:00,11.632233286801029,11.998282426001706,11.632233286801029,11.916937828063965,41000,0.0,0.0
2011-01-05 00:00:00+08:00,11.63223344720793,11.916937992396905,11.550888848148459,11.713577270507812,68000,0.0,0.0
2011-01-06 00:00:00+08:00,11.794921077449224,11.794921077449224,11.14416665595529,11.632232666015625,80000,0.0,0.0
2011-01-07 00:00:00+08:00,11.794922394229337,11.794922394229337,11.14416790008545,11.14416790008545,137000,0.0,0.0
2011-01-10 00:00:00+08:00,11.14416790008545,11.184840201424372,10.818791040893316,11.14416790008545,102000,0.0,0.0
2011-01-11 00:00:00+08:00,10.818791040009407,11.225512501846154,10.818791040009407,11.103495597839355,104000,0.0,0.0
2011-01-12 00:00:00+08:00,10.818790280471728,11.062823295593262,10.818790280471728,11.062823295593262,34000,0.0,0.0
2011-01-13 00:00:00+08:00,11.062824073167228,11.225512502763294,10.900134867811538,11.14416790008545,167000,0.0,0.0
2011-01-14 00:00:00+08:00,10.98147946959218,11.103495597839355,10.98147946959218,11.103495597839355,56000,0.0,0.0
2011-01-17 00:00:00+08:00,10.981478698632895,11.062823295593262,10.900134101672526,11.062823295593262,68000,0.0,0.0
2011-01-18 00:00:00+08:00,11.062824832049825,11.388201713562012,10.900135615534055,11.388201713562012,48000,0.0,0.0
2011-01-19 00:00:00+08:00,11.062823295593262,11.225511713754427,10.981478698632895,11.062823295593262,61000,0.0,0.0
2011-01-20 00:00:00+08:00,11.02215194675982,11.02215194675982,10.900135040806534,10.98147964477539,15000,0.0,0.0
2011-01-21 00:00:00+08:00,10.90013617984914,11.18484154773165,10.818792343139648,10.818792343139648,35000,0.0,0.0
2011-01-24 00:00:00+08:00,10.818790432597007,10.859462731649094,10.412068993595312,10.778118133544922,102000,0.0,0.0
2011-01-25 00:00:00+08:00,10.940808486083743,10.940808486083743,10.574759281491742,10.818792343139648,64000,0.0,0.0
2011-01-26 00:00:00+08:00,10.65610389396095,10.818792343139648,10.574759281491742,10.818792343139648,39000,0.0,0.0
2011-01-27 00:00:00+08:00,10.818790432597007,10.818790432597007,10.574757414044074,10.778118133544922,27000,0.0,0.0
2011-01-28 00:00:00+08:00,10.656102175338674,10.656102175338674,10.57475757598877,10.57475757598877,31000,0.0,0.0
2011-02-08 00:00:00+08:00,10.249380730108337,10.940806721544154,10.249380730108337,10.57475757598877,37000,0.0,0.0
2011-02-09 00:00:00+08:00,10.57475757598877,10.57475757598877,10.330724553698648,10.57475757598877,31000,0.0,0.0
2011-02-10 00:00:00+08:00,10.900133283575283,10.900133283575283,10.656101062528881,10.737444877624512,9000,0.0,0.0
2011-02-11 00:00:00+08:00,10.737445998928985,10.737445998928985,10.412069153048552,10.57475757598877,31000,0.0,0.0
2011-02-14 00:00:00+08:00,11.306855534955226,11.306855534955226,10.452741145669211,11.062823295593262,94000,0.0,0.0
2011-02-15 00:00:00+08:00,10.981478859505561,10.981478859505561,10.534085121188603,10.85946273803711,61000,0.0,0.0
2011-02-16 00:00:00+08:00,10.493412815939903,10.778118133544922,10.493412815939903,10.778118133544922,27000,0.0,0.0
2011-02-17 00:00:00+08:00,10.696772575378418,10.696772575378418,10.61542876033464,10.696772575378418,28000,0.0,0.0
2011-02-18 00:00:00+08:00,10.73744717477796,11.428874017690953,10.696774870649017,11.388201713562012,210000,0.0,0.0
2011-02-21 00:00:00+08:00,11.062824248213108,11.062824248213108,10.900135040283203,10.900135040283203,33000,0.0,0.0
2011-02-22 00:00:00+08:00,10.818791042641921,11.225512504577637,10.73744643995093,11.225512504577637,50000,0.0,0.0
2011-02-23 00:00:00+08:00,11.06282424874425,11.14416807695347,10.900135040806534,10.98147964477539,26000,0.0,0.0
2011-02-24 00:00:00+08:00,11.022151770927781,11.103495597839355,10.656102610426633,11.103495597839355,111000,0.0,0.0
2011-02-25 00:00:00+08:00,10.859461763907223,10.981477874430423,10.656101062528881,10.737444877624512,69000,0.0,0.0
2011-03-01 00:00:00+08:00,10.981477874430423,10.981477874430423,10.615428767101312,10.737444877624512,29000,0.0,0.0
2011-03-02 00:00:00+08:00,10.493411874129706,10.737444870780061,10.493411874129706,10.696772575378418,15000,0.0,0.0
2011-03-03 00:00:00+08:00,10.778118303805103,10.859462903194261,10.615429880786378,10.656102180480957,15000,0.0,0.0
2011-03-04 00:00:00+08:00,10.737446004110524,10.818790603499682,10.656102180480957,10.656102180480957,50000,0.0,0.0
2011-03-07 00:00:00+08:00,10.818789616188932,10.818789616188932,10.53408432006836,10.53408432006836,28000,0.0,0.0
2011-03-08 00:00:00+08:00,10.371395911896398,10.57475661605123,10.371395911896398,10.53408432006836,28000,0.0,0.0
2011-03-09 00:00:00+08:00,10.534085114991989,11.144167273494531,10.534085114991989,10.778118133544922,117000,0.0,0.0
2011-03-10 00:00:00+08:00,10.73744502422319,10.73744502422319,10.53408432006836,10.53408432006836,32000,0.0,0.0
2011-03-11 00:00:00+08:00,10.534085271151602,10.574757570806623,10.493412971496582,10.493412971496582,20000,0.0,0.0
2011-03-14 00:00:00+08:00,10.330724250228661,11.062823295593262,9.924002816945961,11.062823295593262,84000,0.0,0.0
2011-03-15 00:00:00+08:00,10.656101376622992,10.656101376622992,10.290051482744857,10.452740669250488,78000,0.0,0.0
2011-03-16 00:00:00+08:00,10.208708435359771,10.656102180480957,10.005347712646467,10.656102180480957,33000,0.0,0.0
2011-03-17 00:00:00+08:00,10.330724714247467,10.412069314861538,9.964675563003345,10.29005241394043,77000,0.0,0.0
2011-03-18 00:00:00+08:00,10.29005336579153,10.371397973930149,10.046021092895034,10.33072566986084,52000,0.0,0.0
2011-03-21 00:00:00+08:00,10.127364925273975,10.33072566986084,10.127364925273975,10.33072566986084,49000,0.0,0.0
2011-03-22 00:00:00+08:00,10.330723615913527,10.53408432006836,10.330723615913527,10.53408432006836,24000,0.0,0.0
2011-03-23 00:00:00+08:00,10.29005224898107,10.493412971496582,10.29005224898107,10.493412971496582,13000,0.0,0.0
2011-03-24 00:00:00+08:00,10.371396848291111,10.493412971496582,10.29005224898107,10.493412971496582,60000,0.0,0.0
2011-03-25 00:00:00+08:00,10.45274050386214,10.615428912034101,10.412068207879269,10.53408432006836,23000,0.0,0.0
2011-03-28 00:00:00+08:00,10.534085271151602,10.615429870461645,10.168036125775599,10.493412971496582,24000,0.0,0.0
2011-03-29 00:00:00+08:00,10.371396075997673,10.452740669250488,10.371396075997673,10.452740669250488,7000,0.0,0.0
2011-03-30 00:00:00+08:00,10.29005259061439,10.371397192625102,10.005348035096139,10.249381065368652,74000,0.0,0.0
2011-03-31 00:00:00+08:00,10.249380889392997,10.371397014554503,10.086691688164851,10.29005241394043,20000,0.0,0.0
2011-04-01 00:00:00+08:00,10.33072566986084,10.33072566986084,10.249381837481899,10.33072566986084,7000,0.0,0.0
2011-04-06 00:00:00+08:00,10.330723773795484,10.412068367004395,10.330723773795484,10.412068367004395,15000,0.0,0.0
2011-04-07 00:00:00+08:00,10.086692621204666,10.33072566986084,10.086692621204666,10.33072566986084,25000,0.0,0.0
2011-04-08 00:00:00+08:00,10.33072566986084,10.412070277999456,10.168037229343282,10.33072566986084,45000,0.0,0.0
2011-04-11 00:00:00+08:00,10.168036460876465,10.168036460876465,10.005348032654364,10.168036460876465,40000,0.0,0.0
2011-04-12 00:00:00+08:00,10.086691857639964,10.127364158630371,9.964675730428361,10.127364158630371,21000,0.0,0.0
2011-04-13 00:00:00+08:00,10.168035357606177,10.49341217874576,10.086690764441514,10.3713960647583,58000,0.0,0.0
2011-04-14 00:00:00+08:00,10.493412184453772,10.493412184453772,10.412068367004395,10.412068367004395,13000,0.0,0.0
2011-04-15 00:00:00+08:00,10.534085276313817,10.656102175338674,10.208708430433385,10.57475757598877,128000,0.0,0.0
2011-04-18 00:00:00+08:00,10.493413317320664,10.493413317320664,10.168036460876465,10.168036460876465,27000,0.0,0.0
2011-04-19 00:00:00+08:00,10.168036125775599,10.493412971496582,9.964675403260088,10.493412971496582,50000,0.0,0.0
2011-04-20 00:00:00+08:00,10.493412976638865,10.57475757598877,10.249380730108337,10.57475757598877,55000,0.0,0.0
2011-04-21 00:00:00+08:00,10.737446001529682,10.737446001529682,10.412069155570439,10.615429878234863,30000,0.0,0.0
2011-04-22 00:00:00+08:00,10.65610332665563,10.65610332665563,10.249381837481899,10.33072566986084,24000,0.0,0.0
2011-04-25 00:00:00+08:00,10.371396848291111,10.493412971496582,10.249380725085642,10.493412971496582,40000,0.0,0.0
2011-04-26 00:00:00+08:00,10.900134421869202,10.900134421869202,10.412069153048552,10.57475757598877,12000,0.0,0.0
2011-04-27 00:00:00+08:00,10.574756777662683,10.574756777662683,10.412068367004395,10.412068367004395,9000,0.0,0.0
2011-04-28 00:00:00+08:00,10.493412971496582,10.493412971496582,10.330724548636091,10.493412971496582,3000,0.0,0.0
2011-04-29 00:00:00+08:00,10.29005224898107,10.493412971496582,10.168036125775599,10.493412971496582,32000,0.0,0.0
2011-05-03 00:00:00+08:00,9.761315000020765,10.086691856384277,9.761315000020765,10.086691856384277,102000,0.0,0.0
2011-05-04 00:00:00+08:00,9.761315000020765,10.086691856384277,9.720642699035421,10.086691856384277,45000,0.0,0.0
2011-05-05 00:00:00+08:00,9.842658996582031,9.964675116273387,9.598625981439747,9.842658996582031,143000,0.0,0.0
2011-05-06 00:00:00+08:00,9.67996883392334,9.67996883392334,9.517280432029404,9.67996883392334,49000,0.0,0.0
2011-05-09 00:00:00+08:00,9.598625020856117,9.67996883392334,9.476608137616047,9.67996883392334,55000,0.0,0.0
2011-05-10 00:00:00+08:00,9.517282307144217,9.720643043518066,9.435938478050463,9.720643043518066,85000,0.0,0.0
2011-05-11 00:00:00+08:00,9.679970741091367,9.720643043518066,9.598626911997615,9.720643043518066,18000,0.0,0.0
2011-05-12 00:00:00+08:00,9.67996883392334,9.67996883392334,9.517280432029404,9.67996883392334,21000,0.0,0.0
2011-05-13 00:00:00+08:00,9.476611127392196,9.679971887857779,9.476611127392196,9.557955741882324,13000,0.0,0.0
2011-05-16 00:00:00+08:00,9.517282484088355,9.598627090454102,9.476610180905482,9.598627090454102,16000,0.0,0.0
2011-05-17 00:00:00+08:00,9.435938652565252,9.639299392700195,9.435938652565252,9.639299392700195,17000,0.0,0.0
2011-05-18 00:00:00+08:00,9.476610180905482,9.639299393636975,9.476610180905482,9.598627090454102,44000,0.0,0.0
2011-05-19 00:00:00+08:00,9.476609233172265,9.517281532287598,9.354593111585848,9.517281532287598,24000,0.0,0.0
2011-05-20 00:00:00+08:00,9.273248677308679,9.354593276977539,9.273248677308679,9.354593276977539,12000,0.0,0.0
2011-05-23 00:00:00+08:00,9.273248672485352,9.273248672485352,9.110560248991847,9.273248672485352,9000,0.0,0.0
2011-05-24 00:00:00+08:00,9.232576057833048,9.761313565669688,9.232576057833048,9.476608276367188,14000,0.0,0.0
2011-05-25 00:00:00+08:00,9.15123366801279,9.23257827758789,9.110561363225239,9.23257827758789,24000,0.0,0.0
2011-05-26 00:00:00+08:00,9.232577148431671,9.273248672485352,9.191904848618396,9.273248672485352,11000,0.0,0.0
2011-05-27 00:00:00+08:00,9.151232553564984,9.354593276977539,9.151232553564984,9.354593276977539,19000,0.0,0.0
2011-05-30 00:00:00+08:00,9.354593276977539,9.354593276977539,9.354593276977539,9.354593276977539,1000,0.0,0.0
2011-05-31 00:00:00+08:00,9.23257622483223,9.43593692779541,9.110559337598609,9.43593692779541,36000,0.0,0.0
2011-06-01 00:00:00+08:00,9.435937709816514,9.557953831402932,9.273248513355181,9.517281532287598,30000,0.0,0.0
2011-06-02 00:00:00+08:00,9.517281532287598,9.517281532287598,9.517281532287598,9.517281532287598,0,0.0,0.0
2011-06-03 00:00:00+08:00,9.273247577082403,9.517280571376045,9.110559172806475,9.476608276367188,41000,0.0,0.0
2011-06-07 00:00:00+08:00,9.476608447780432,9.476608447780432,9.23257622483223,9.43593692779541,6000,0.0,0.0
2011-06-08 00:00:00+08:00,9.435938653482268,9.598627090454102,9.354594047116521,9.598627090454102,19000,0.0,0.0
2011-06-09 00:00:00+08:00,9.395266350299394,9.598627090454102,9.354594047116521,9.598627090454102,25000,0.0,0.0
2011-06-10 00:00:00+08:00,9.598626130518264,9.598626130518264,9.354593111585848,9.517281532287598,13000,0.0,0.0
2011-06-13 00:00:00+08:00,9.598626297739143,9.598626297739143,9.313920974731445,9.313920974731445,18000,0.0,0.0
2011-06-14 00:00:00+08:00,9.273247577082403,9.476608276367188,9.273247577082403,9.476608276367188,5000,0.0,0.0
2011-06-15 00:00:00+08:00,9.517281532287598,9.517281532287598,9.517281532287598,9.517281532287598,1000,0.0,0.0
2011-06-16 00:00:00+08:00,9.395265576811969,9.395265576811969,9.273248677308679,9.354593276977539,12000,0.0,0.0
2011-06-17 00:00:00+08:00,9.273247577082403,9.476608276367188,9.191903762824191,9.476608276367188,6000,0.0,0.0
2011-06-20 00:00:00+08:00,9.273247744817251,9.476608447780432,9.191903929087688,9.43593692779541,18000,0.0,0.0
2011-06-21 00:00:00+08:00,9.273248679689022,9.395265579223633,9.191904855758876,9.395265579223633,15000,0.0,0.0
2011-06-22 00:00:00+08:00,9.23257622483223,9.43593692779541,9.110559337598609,9.43593692779541,14000,0.0,0.0
2011-06-23 00:00:00+08:00,9.43593692779541,9.43593692779541,9.43593692779541,9.43593692779541,0,0.0,0.0
2011-06-24 00:00:00+08:00,9.15123271773939,9.273248843672071,8.947871990678514,9.110560417175293,45000,0.0,0.0
2011-06-27 00:00:00+08:00,9.110560420509517,9.19190502166748,8.947871993953198,9.19190502166748,20000,0.0,0.0
2011-06-28 00:00:00+08:00,9.273248672485352,9.273248672485352,8.988544125311616,9.273248672485352,13000,0.0,0.0
2011-06-29 00:00:00+08:00,9.069889058437688,9.23257827758789,8.988545224622278,9.23257827758789,9000,0.0,0.0
2011-06-30 00:00:00+08:00,9.23257827758789,9.395266720978402,9.029217529409829,9.23257827758789,20000,0.0,0.0
2011-07-01 00:00:00+08:00,9.02921753953007,9.069889068603516,8.785184486290936,9.069889068603516,22000,0.0,0.0
2011-07-04 00:00:00+08:00,8.947872162765016,8.988544464111328,8.785183733139396,8.988544464111328,23000,0.0,0.0
2011-07-05 00:00:00+08:00,8.785183732255973,8.947872161865234,8.622495302646712,8.947872161865234,32000,0.0,0.0
2011-07-06 00:00:00+08:00,8.622494542112594,8.825855255126953,8.54114994660303,8.825855255126953,49000,0.0,0.0
2011-07-07 00:00:00+08:00,8.663165635927708,9.43593692779541,8.663165635927708,9.43593692779541,173000,0.0,0.0
2011-07-08 00:00:00+08:00,9.924003428202521,10.086691856384277,9.59862657183901,10.086691856384277,500000,0.0,0.0
2011-07-11 00:00:00+08:00,10.08669221365244,10.08669221365244,9.76131534576416,9.76131534576416,207000,0.0,0.0
2011-07-12 00:00:00+08:00,9.435937409668544,10.086691071775705,9.435937409668544,10.00534725189209,101000,0.0,0.0
2011-07-13 00:00:00+08:00,10.412069488507406,10.412069488507406,9.924003428202521,10.086691856384277,69000,0.0,0.0
2011-07-14 00:00:00+08:00,9.842659604432265,10.168036460876465,9.679970400450546,10.168036460876465,75000,0.0,0.0
2011-07-15 00:00:00+08:00,10.086691858885606,10.371397190093994,9.761315002441407,10.168036460876465,105000,0.0,0.0
2011-07-18 00:00:00+08:00,9.883331127217177,10.086691856384277,9.842659601991452,10.086691856384277,24000,0.0,0.0
2011-07-19 00:00:00+08:00,9.883329530230633,10.04601870788406,9.55795272644276,9.67996883392334,63000,0.0,0.0
2011-07-20 00:00:00+08:00,9.761315170058504,9.964675902768056,9.67997056667083,9.924003601074219,32000,0.0,0.0
2011-07-21 00:00:00+08:00,10.127364703568265,10.127364703568265,9.639299392700195,9.639299392700195,26000,0.0,0.0
2011-07-22 00:00:00+08:00,9.679970920119457,9.679970920119457,9.517282483163434,9.639299392700195,28000,0.0,0.0
2011-07-25 00:00:00+08:00,9.517281698091345,9.517281698091345,9.313920974731445,9.313920974731445,12000,0.0,0.0
2011-07-26 00:00:00+08:00,9.273248679689022,9.639298602533259,9.273248679689022,9.395265579223633,83000,0.0,0.0
2011-07-27 00:00:00+08:00,9.35459442138672,9.35459442138672,9.06988906347542,9.151233673095703,69000,0.0,0.0
2011-07-28 00:00:00+08:00,8.947872929863795,9.069889068603516,8.947872929863795,9.069889068603516,16000,0.0,0.0
2011-07-29 00:00:00+08:00,9.151231467815332,9.59862516139376,9.151231467815332,9.476608276367188,199000,0.0,0.0
2011-08-01 00:00:00+08:00,9.557954787271228,9.92400396439777,9.517282484088355,9.598627090454102,152000,0.0,0.0
2011-08-02 00:00:00+08:00,9.92400396439777,9.92400396439777,9.313921743933648,9.598627090454102,149000,0.0,0.0
2011-08-03 00:00:00+08:00,9.435938653482268,9.598627090454102,9.029217173172853,9.598627090454102,45000,0.0,0.0
2011-08-04 00:00:00+08:00,9.435937874203143,9.435937874203143,9.06988795154765,9.313920974731445,25000,0.0,0.0
2011-08-05 00:00:00+08:00,8.663167744975548,9.029217720031738,8.663167744975548,9.029217720031738,236000,0.0,0.0
2011-08-08 00:00:00+08:00,8.622495302646712,8.947872161865234,8.41913457169523,8.947872161865234,143000,0.0,0.0
2011-08-09 00:00:00+08:00,8.378461834750098,8.541150255901059,8.337789535522461,8.337789535522461,69000,0.0,0.0
2011-08-10 00:00:00+08:00,8.459805657445786,8.500477956673421,8.337789535522461,8.337789535522461,36000,0.0,0.0
2011-08-11 00:00:00+08:00,7.979874856867657,8.541150093078613,7.7683795255234145,8.541150093078613,42000,0.0,0.0
2011-08-12 00:00:00+08:00,8.703839676039248,8.703839676039248,8.25644588470459,8.25644588470459,2000,0.0,0.0
2011-08-15 00:00:00+08:00,8.175101869912272,8.622495651245117,8.134429566925713,8.622495651245117,56000,0.0,0.0
2011-08-16 00:00:00+08:00,8.337789812547298,9.19190502166748,8.337789812547298,9.19190502166748,176000,0.0,0.0
2011-08-17 00:00:00+08:00,9.517282864867594,9.517282864867594,8.988545229614829,9.151233673095703,186000,0.0,0.0
2011-08-18 00:00:00+08:00,9.069889249918242,9.151233861210665,8.663167744975548,9.029217720031738,84000,0.0,0.0
2011-08-19 00:00:00+08:00,8.58182300130449,8.947872161865234,8.41913457169523,8.947872161865234,78000,0.0,0.0
2011-08-22 00:00:00+08:00,8.419134137010845,8.419134137010845,8.378461837768555,8.378461837768555,10000,0.0,0.0
2011-08-23 00:00:00+08:00,8.134428361470226,8.86652660369873,7.849723058514952,8.86652660369873,88000,0.0,0.0
2011-08-24 00:00:00+08:00,8.622493584003063,8.703837394714355,8.419132893585628,8.703837394714355,19000,0.0,0.0
2011-08-25 00:00:00+08:00,8.825857371972816,8.825857371972816,8.58182430267334,8.58182430267334,15000,0.0,0.0
2011-08-26 00:00:00+08:00,8.33778937657674,8.541150093078613,8.215773256979446,8.541150093078613,25000,0.0,0.0
2011-08-29 00:00:00+08:00,8.541151236215647,8.541151236215647,8.25644588470459,8.25644588470459,29000,0.0,0.0
2011-08-30 00:00:00+08:00,8.337790306098855,8.703839481458582,8.215774172898833,8.622495651245117,80000,0.0,0.0
2011-08-31 00:00:00+08:00,8.37846167128968,8.541150089266655,8.37846167128968,8.50047779083252,14000,0.0,0.0
2011-09-01 00:00:00+08:00,8.541150258978126,8.541150258978126,8.256444940041689,8.378461837768555,53000,0.0,0.0
2011-09-02 00:00:00+08:00,8.378461840757849,8.419134140014648,8.378461840757849,8.419134140014648,15000,0.0,0.0
2011-09-05 00:00:00+08:00,8.215773419490233,8.419134140014648,8.215773419490233,8.419134140014648,10000,0.0,0.0
2011-09-06 00:00:00+08:00,8.256445883062952,8.297118186950684,8.256445883062952,8.297118186950684,6000,0.0,0.0
2011-09-07 00:00:00+08:00,8.297118186950684,8.337790490838415,8.256445883062952,8.297118186950684,19000,0.0,0.0
2011-09-08 00:00:00+08:00,8.297117239283978,8.378461837768555,8.256444940041689,8.378461837768555,19000,0.0,0.0
2011-09-09 00:00:00+08:00,8.297118186950684,8.297118186950684,8.175102051047162,8.297118186950684,63000,0.0,0.0
2011-09-13 00:00:00+08:00,8.297118186950684,8.297118186950684,8.297118186950684,8.297118186950684,0,0.0,0.0
2011-09-14 00:00:00+08:00,8.215773578049811,8.297117402373715,8.134428977966309,8.134428977966309,25000,0.0,0.0
2011-09-15 00:00:00+08:00,8.175101273532576,8.175101273532576,8.053084373474121,8.053084373474121,10000,0.0,0.0
2011-09-16 00:00:00+08:00,8.337790490838415,8.337790490838415,8.093757443271699,8.297118186950684,38000,0.0,0.0
2011-09-19 00:00:00+08:00,8.13442974715943,8.297118186950684,8.13442974715943,8.297118186950684,7000,0.0,0.0
2011-09-20 00:00:00+08:00,8.175101117316695,8.378461837768555,8.175101117316695,8.378461837768555,4000,0.0,0.0
2011-09-21 00:00:00+08:00,8.215774354934894,8.297118186950684,8.13442974715943,8.297118186950684,24000,0.0,0.0
2011-09-22 00:00:00+08:00,8.134428038099381,8.297116443709466,8.069352675855347,8.21577262878418,26000,0.0,0.0
2011-09-23 00:00:00+08:00,8.093756452073823,8.126294136047363,8.053084153167005,8.126294136047363,16000,0.0,0.0
2011-09-26 00:00:00+08:00,8.13442974715943,8.297118186950684,7.565019820010204,8.297118186950684,126000,0.0,0.0
2011-09-27 00:00:00+08:00,8.085621837140545,8.126294136047363,7.857858049325768,8.126294136047363,32000,0.0,0.0
2011-09-28 00:00:00+08:00,7.971740331112945,8.126294136047363,7.768379612338429,8.126294136047363,28000,0.0,0.0
2011-09-29 00:00:00+08:00,8.126294136047363,8.126294136047363,8.126294136047363,8.126294136047363,0,0.0,0.0
2011-09-30 00:00:00+08:00,8.053084055386112,8.053084055386112,7.8497233390808105,7.8497233390808105,9000,0.0,0.0
2011-10-03 00:00:00+08:00,7.8090524673461905,7.8090524673461905,7.8090524673461905,7.809052467346191,5000,0.0,0.0
2011-10-04 00:00:00+08:00,7.727707414708366,7.8090520135880785,7.727707414708366,7.792782783508301,31000,0.0,0.0
2011-10-05 00:00:00+08:00,7.784648895263672,7.784648895263672,7.784648895263672,7.784648895263672,2000,0.0,0.0
2011-10-06 00:00:00+08:00,7.743976453032464,7.890395641326904,7.735841838194004,7.890395641326904,17000,0.0,0.0
2011-10-07 00:00:00+08:00,7.890395641326904,7.890395641326904,7.890395641326904,7.890395641326904,0,0.0,0.0
2011-10-11 00:00:00+08:00,7.800917513991226,8.175101278008059,7.800917513991226,8.134428977966309,8000,0.0,0.0
2011-10-12 00:00:00+08:00,7.906664963165866,8.126294136047363,7.898530348232587,8.126294136047363,9000,0.0,0.0
2011-10-13 00:00:00+08:00,8.126294136047363,8.126294136047363,8.126294136047363,8.126294136047363,0,0.0,0.0
2011-10-14 00:00:00+08:00,8.134429934217557,8.134429934217557,8.093757629394531,8.093757629394531,6000,0.0,0.0
2011-10-17 00:00:00+08:00,8.134428038099381,8.21577262878418,8.134428038099381,8.21577262878418,42000,0.0,0.0
2011-10-18 00:00:00+08:00,8.378462796392046,8.378462796392046,8.093757444880989,8.25644588470459,12000,0.0,0.0
2011-10-19 00:00:00+08:00,8.337789535522461,8.337789535522461,8.337789535522461,8.337789535522461,14000,0.0,0.0
2011-10-20 00:00:00+08:00,8.337789535522461,8.337789535522461,8.337789535522461,8.337789535522461,0,0.0,0.0
2011-10-21 00:00:00+08:00,8.337788739051867,8.337788739051867,7.784647384218065,8.21577262878418,7000,0.0,0.0
2011-10-24 00:00:00+08:00,8.215773578049811,8.297117402373715,8.134428977966309,8.134428977966309,13000,0.0,0.0
2011-10-25 00:00:00+08:00,7.865992664259047,8.126294136047363,7.865992664259047,8.126294136047363,20000,0.0,0.0
2011-10-26 00:00:00+08:00,8.093756452073823,8.126294136047363,7.939202647139406,8.126294136047363,8000,0.0,0.0
2011-10-27 00:00:00+08:00,8.126294136047363,8.134428750980643,7.963605716179666,8.126294136047363,21000,0.0,0.0
2011-10-28 00:00:00+08:00,8.134428750980643,8.134428750980643,7.931068032206126,8.126294136047363,32000,0.0,0.0
2011-10-31 00:00:00+08:00,8.110025908245097,8.256445102331963,8.110025908245097,8.134428977966309,100000,0.0,0.0
2011-11-01 00:00:00+08:00,8.378462004716393,8.378462004716393,7.97174055570841,8.175101280212402,17000,0.0,0.0
2011-11-02 00:00:00+08:00,8.175101280212402,8.175101280212402,8.175101280212402,8.175101280212402,0,0.0,0.0
2011-11-03 00:00:00+08:00,7.971739836151678,8.101890563964844,7.89852985781689,8.101890563964844,28000,0.0,0.0
2011-11-04 00:00:00+08:00,8.053083447414584,8.21577262878418,7.979874246709678,8.21577262878418,25000,0.0,0.0
2011-11-07 00:00:00+08:00,8.020546886992442,8.020546886992442,7.947337676058115,7.955471515655518,21000,0.0,0.0
2011-11-08 00:00:00+08:00,7.906664689402974,8.069353103637695,7.906664689402974,8.069353103637695,14000,0.0,0.0
2011-11-09 00:00:00+08:00,7.955471515655517,7.955471515655517,7.955471515655517,7.955471515655518,2000,0.0,0.0
2011-11-10 00:00:00+08:00,7.931069129978074,7.931069129978074,7.800918376069214,7.8171868324279785,11000,0.0,0.0
2011-11-11 00:00:00+08:00,7.817186080220582,7.817186080220582,7.800917625427246,7.800917625427246,10000,0.0,0.0
2011-11-14 00:00:00+08:00,7.809051820221009,7.890395641326904,7.809051820221009,7.890395641326904,3000,0.0,0.0
2011-11-15 00:00:00+08:00,7.955471515655517,7.955471515655517,7.955471515655517,7.955471515655518,2000,0.0,0.0
2011-11-16 00:00:00+08:00,7.62196071457793,8.01241375273083,7.62196071457793,8.004279136657715,17000,0.0,0.0
2011-11-17 00:00:00+08:00,7.996144520584601,8.004279136657715,7.727708396249346,8.004279136657715,9000,0.0,0.0
2011-11-18 00:00:00+08:00,8.004279136657715,8.004279136657715,8.004279136657715,8.004279136657715,0,0.0,0.0
2011-11-21 00:00:00+08:00,7.727706575380673,7.98800802230835,7.565018171050875,7.98800802230835,12000,0.0,0.0
2011-11-22 00:00:00+08:00,7.646363067120411,7.963606082265729,7.646363067120411,7.947337627410889,9000,0.0,0.0
2011-11-23 00:00:00+08:00,7.6138260855054645,7.874128369082869,7.565019940669484,7.8171868324279785,24000,0.0,0.0
2011-11-24 00:00:00+08:00,7.5650194073887045,7.703304767608642,7.5650194073887045,7.703304767608643,5000,0.0,0.0
2011-11-25 00:00:00+08:00,7.654498403110698,8.004279136657715,7.565019953585508,8.004279136657715,12000,0.0,0.0
2011-11-28 00:00:00+08:00,8.004279136657715,8.004279136657715,8.004279136657715,8.004279136657715,0,0.0,0.0
2011-11-29 00:00:00+08:00,7.565019631369052,7.8903965028379695,7.565019631369052,7.589422702789307,10000,0.0,0.0
2011-11-30 00:00:00+08:00,7.605691228950089,7.605691228950089,7.4836743316444005,7.581287384033203,23000,0.0,0.0
2011-12-01 00:00:00+08:00,7.581287639518532,7.743976841408656,7.499943814333077,7.695169925689697,29000,0.0,0.0
2011-12-02 00:00:00+08:00,7.678901672363281,7.678901672363281,7.678901672363281,7.678901672363281,1000,0.0,0.0
2011-12-05 00:00:00+08:00,7.443001751809611,7.670766307885643,7.443001751809611,7.483674049377441,29000,0.0,0.0
2011-12-06 00:00:00+08:00,7.573153018951416,7.573153018951416,7.573153018951416,7.573153018951416,2000,0.0,0.0
2011-12-07 00:00:00+08:00,7.443002253209791,7.56501915413299,7.443002253209791,7.548749923706055,14000,0.0,0.0
2011-12-08 00:00:00+08:00,7.483674955186824,7.483674955186824,7.36165882347429,7.394196510314941,36000,0.0,0.0
2011-12-09 00:00:00+08:00,7.377926800840669,7.4023306462092435,7.3209860464998515,7.3535237312316895,13000,0.0,0.0
2011-12-12 00:00:00+08:00,7.467406752974181,7.467406752974181,7.320986769344202,7.386062145233154,8000,0.0,0.0
2011-12-13 00:00:00+08:00,7.394196510314941,7.394196510314941,7.394196510314941,7.394196510314941,1000,0.0,0.0
2011-12-14 00:00:00+08:00,7.2396419160021095,7.394196510314941,7.2396419160021095,7.394196510314941,7000,0.0,0.0
2011-12-15 00:00:00+08:00,7.394196510314941,7.394196510314941,7.394196510314941,7.394196510314941,0,0.0,0.0
2011-12-16 00:00:00+08:00,6.995610286916875,7.231508731842041,6.979341054141484,7.231508731842041,7000,0.0,0.0
2011-12-19 00:00:00+08:00,6.9549372804488625,7.068818795371064,6.889861907419136,7.036281108856201,23000,0.0,0.0
2011-12-20 00:00:00+08:00,6.832920055208611,6.93053388595581,6.800382370212745,6.9305338859558105,10000,0.0,0.0
2011-12-21 00:00:00+08:00,7.052549389769682,7.0769524574279785,6.995608639980482,7.0769524574279785,8000,0.0,0.0
2011-12-22 00:00:00+08:00,7.0769524574279785,7.0769524574279785,7.0769524574279785,7.0769524574279785,2000,0.0,0.0
2011-12-23 00:00:00+08:00,7.0769524574279785,7.2233724148968195,7.060684004242292,7.0769524574279785,18000,0.0,0.0
2011-12-26 00:00:00+08:00,7.003743670683309,7.068819046020508,6.9956098305859085,7.068819046020508,11000,0.0,0.0
2011-12-27 00:00:00+08:00,6.9549375640852595,7.386062121929237,6.9549375640852595,7.361659049987793,58000,0.0,0.0
2011-12-28 00:00:00+08:00,6.922398693453839,7.142027854919434,6.922398693453839,7.142027854919434,11000,0.0,0.0
2011-12-29 00:00:00+08:00,6.954936562363364,7.060684226558311,6.954936562363364,7.04441499710083,20000,0.0,0.0
2011-12-30 00:00:00+08:00,7.0769524574279785,7.0769524574279785,7.0769524574279785,7.0769524574279785,6000,0.0,0.0
2012-01-02 00:00:00+08:00,7.0769524574279785,7.0769524574279785,7.0769524574279785,7.0769524574279785,2000,0.0,0.0
2012-01-03 00:00:00+08:00,7.109491348266602,7.109491348266602,7.109491348266602,7.109491348266602,1000,0.0,0.0
2012-01-04 00:00:00+08:00,6.938667114431746,7.0769524574279785,6.930533275718671,7.0769524574279785,26000,0.0,0.0
2012-01-05 00:00:00+08:00,6.922398661246061,7.101355525086274,6.922398661246061,7.0769524574279785,14000,0.0,0.0
2012-01-06 00:00:00+08:00,6.922399102205502,7.052549839019775,6.914264487214714,7.052549839019775,20000,0.0,0.0
2012-01-09 00:00:00+08:00,7.345388969644229,7.345388969644229,6.897995231682645,7.028146743774414,11000,0.0,0.0
2012-01-10 00:00:00+08:00,6.914264238064511,7.020011901855469,6.865457325638087,7.020011901855469,44000,0.0,0.0
2012-01-11 00:00:00+08:00,6.897995475484097,6.979340076446533,6.841054720266157,6.979340076446533,27000,0.0,0.0
2012-01-12 00:00:00+08:00,6.9712054576311555,6.9712054576311555,6.784113961576739,6.897995471954346,18000,0.0,0.0
2012-01-13 00:00:00+08:00,6.873592376708984,6.873592376708984,6.873592376708984,6.873592376708984,3000,0.0,0.0
2012-01-16 00:00:00+08:00,6.832920551300049,6.832920551300049,6.832920551300049,6.832920551300049,2000,0.0,0.0
2012-01-17 00:00:00+08:00,6.662097451654326,6.82478666305542,6.662097451654326,6.82478666305542,33000,0.0,0.0
2012-01-18 00:00:00+08:00,6.832920551300049,6.832920551300049,6.832920551300049,6.832920551300049,3000,0.0,0.0
2012-01-30 00:00:00+08:00,6.832918623982175,6.914263207313164,6.832918623982175,6.849187850952148,17000,0.0,0.0
2012-01-31 00:00:00+08:00,6.849189804460251,6.938668251037598,6.849189804460251,6.938668251037598,11000,0.0,0.0
2012-02-01 00:00:00+08:00,6.99560922561118,7.4185991287231445,6.99560922561118,7.4185991287231445,107000,0.0,0.0
2012-02-02 00:00:00+08:00,7.443002066754496,7.931068106701499,7.443002066754496,7.727707386016846,147000,0.0,0.0
2012-02-03 00:00:00+08:00,7.361658674801695,7.703304767608642,7.353524059315903,7.703304767608643,56000,0.0,0.0
2012-02-06 00:00:00+08:00,7.565020340226694,7.57315495671556,7.516213417053223,7.516213417053223,10000,0.0,0.0
2012-02-07 00:00:00+08:00,7.483674212116966,7.491808826959337,7.320985794067383,7.320985794067383,22000,0.0,0.0
2012-02-08 00:00:00+08:00,7.613824780986858,7.613824780986858,7.369792547098978,7.483674049377441,44000,0.0,0.0
2012-02-09 00:00:00+08:00,7.483674299232718,7.491808914169783,7.402330477140806,7.475539684295654,38000,0.0,0.0
2012-02-10 00:00:00+08:00,7.4836743602546925,7.922933485563393,7.4836743602546925,7.646362781524658,33000,0.0,0.0
2012-02-13 00:00:00+08:00,7.703304128658052,7.865992546081543,7.703304128658052,7.865992546081543,17000,0.0,0.0
2012-02-14 00:00:00+08:00,7.841589639264848,7.841589639264848,7.662631988525391,7.662631988525391,9000,0.0,0.0
2012-02-15 00:00:00+08:00,7.874127611396283,7.874127611396283,7.6626322687656465,7.800917625427246,54000,0.0,0.0
2012-02-16 00:00:00+08:00,7.800917392870591,7.800917392870591,7.711438179016113,7.711438179016113,11000,0.0,0.0
2012-02-17 00:00:00+08:00,7.711438179016113,7.711438179016113,7.467405934073761,7.711438179016113,47000,0.0,0.0
2012-02-20 00:00:00+08:00,7.703304459346782,8.134428977966309,7.508077574298294,8.134428977966309,113000,0.0,0.0
2012-02-21 00:00:00+08:00,8.378462002457217,8.500478126822872,8.134428977966309,8.134428977966309,53000,0.0,0.0
2012-02-22 00:00:00+08:00,8.134429748776807,8.25644588470459,8.05308514098517,8.25644588470459,18000,0.0,0.0
2012-02-23 00:00:00+08:00,8.134428038099381,8.21577262878418,8.134428038099381,8.21577262878418,13000,0.0,0.0
2012-02-24 00:00:00+08:00,7.955471988896187,8.077488899230957,7.955471988896187,8.077488899230957,13000,0.0,0.0
2012-02-29 00:00:00+08:00,8.541150426864624,8.541150426864624,8.134428977966309,8.134428977966309,7000,0.0,0.0
2012-03-01 00:00:00+08:00,8.134429748776807,8.25644588470459,8.134429748776807,8.25644588470459,6000,0.0,0.0
2012-03-02 00:00:00+08:00,8.378462002457217,8.378462002457217,8.134428977966309,8.134428977966309,135000,0.0,0.0
2012-03-05 00:00:00+08:00,8.256445102331963,8.256445102331963,8.134428977966309,8.134428977966309,22000,0.0,0.0
2012-03-06 00:00:00+08:00,8.134428977966309,8.378462002457217,8.093756677924556,8.134428977966309,27000,0.0,0.0
2012-03-07 00:00:00+08:00,8.093756677924556,8.134428977966309,7.792782898830955,8.134428977966309,10000,0.0,0.0
2012-03-08 00:00:00+08:00,8.134428038099381,8.21577262878418,8.093755742756983,8.21577262878418,18000,0.0,0.0
2012-03-09 00:00:00+08:00,8.175100333441781,8.21577262878418,8.134428038099381,8.21577262878418,19000,0.0,0.0
2012-03-12 00:00:00+08:00,8.21577262878418,8.419133329736663,8.21577262878418,8.21577262878418,6000,0.0,0.0
2012-03-13 00:00:00+08:00,8.21577262878418,8.21577262878418,8.134428038099381,8.21577262878418,12000,0.0,0.0
2012-03-14 00:00:00+08:00,8.215773578049811,8.215773578049811,8.134428977966309,8.134428977966309,27000,0.0,0.0
2012-03-15 00:00:00+08:00,8.134428977966309,8.134428977966309,8.134428977966309,8.134428977966309,19000,0.0,0.0
2012-03-16 00:00:00+08:00,7.971739632489296,8.21577262878418,7.914798108706133,8.21577262878418,18000,0.0,0.0
2012-03-19 00:00:00+08:00,8.175101278008059,8.175101278008059,8.053084377882806,8.134428977966309,17000,0.0,0.0
2012-03-20 00:00:00+08:00,8.215774356568444,8.29711818860041,7.996144380986827,8.25644588470459,13000,0.0,0.0
2012-03-21 00:00:00+08:00,8.175101049887461,8.175101049887461,8.126294136047363,8.126294136047363,6000,0.0,0.0
2012-03-22 00:00:00+08:00,8.126294358357274,8.126294358357274,8.053084373474121,8.053084373474121,3000,0.0,0.0
2012-03-23 00:00:00+08:00,7.735842620830777,8.126294863464176,7.735842620830777,8.118160247802734,22000,0.0,0.0
2012-03-26 00:00:00+08:00,8.118159244780623,8.337789185945729,7.792782416120708,8.110025405883789,42000,0.0,0.0
2012-03-27 00:00:00+08:00,7.97174054919475,8.101891288649423,7.97174054919475,8.053084373474121,6000,0.0,0.0
2012-03-28 00:00:00+08:00,7.971741490685145,8.093757629394531,7.971741490685145,8.093757629394531,9000,0.0,0.0
2012-03-29 00:00:00+08:00,7.792783010150773,8.053084492921027,7.72770763945821,7.800917625427246,53000,0.0,0.0
2012-03-30 00:00:00+08:00,7.727707838881941,7.947337802456892,7.687035537209583,7.743977069854736,70000,0.0,0.0
2012-04-02 00:00:00+08:00,7.752110269878427,7.906664848327636,7.654497219375563,7.906664848327637,101000,0.0,0.0
2012-04-03 00:00:00+08:00,7.906664588326857,7.906664588326857,7.565018534921654,7.833454608917236,40000,0.0,0.0
2012-04-05 00:00:00+08:00,7.768380896517671,7.768380896517671,7.719573974609375,7.719573974609375,8000,0.0,0.0
2012-04-06 00:00:00+08:00,7.727706936574852,7.939202259968664,7.687034639651498,7.752110004425049,15000,0.0,0.0
2012-04-09 00:00:00+08:00,7.882261679680371,8.07748857318375,7.8090524673461905,7.809052467346191,10000,0.0,0.0
2012-04-10 00:00:00+08:00,7.825321464166461,7.963606834411622,7.7277083985392325,7.963606834411621,14000,0.0,0.0
2012-04-11 00:00:00+08:00,7.809051827692083,8.004277929444493,7.7683795292204385,7.971740245819092,19000,0.0,0.0
2012-04-12 00:00:00+08:00,7.971740500790864,8.044950485229492,7.76837977768783,8.044950485229492,29000,0.0,0.0
2012-04-13 00:00:00+08:00,8.036815870123068,8.053084324576322,8.036815870123068,8.044950485229492,7000,0.0,0.0
2012-04-16 00:00:00+08:00,8.044951668026568,8.044951668026568,7.841590915024721,8.01241397857666,3000,0.0,0.0
2012-04-17 00:00:00+08:00,7.809051414965316,8.020545959472656,7.809051414965316,8.020545959472656,5000,0.0,0.0
2012-04-18 00:00:00+08:00,8.012412120815876,8.020545959472656,7.727706822321281,8.020545959472656,74000,0.0,0.0
2012-04-19 00:00:00+08:00,7.735841398028941,7.955470555853609,7.735841398028941,7.914798259735107,4000,0.0,0.0
2012-04-20 00:00:00+08:00,7.752109851020626,7.931067488486319,7.7277067836533355,7.914798259735107,44000,0.0,0.0
2012-04-23 00:00:00+08:00,7.743976453032464,7.906664871003825,7.361658088980089,7.890395641326904,41000,0.0,0.0
2012-04-24 00:00:00+08:00,7.752111455473549,7.857859136964419,7.605692245205924,7.8171868324279785,17000,0.0,0.0
2012-04-25 00:00:00+08:00,7.800917625427246,7.800917625427246,7.800917625427246,7.800917625427246,1000,0.0,0.0
2012-04-26 00:00:00+08:00,7.800917625427246,7.800917625427246,7.800917625427246,7.800917625427246,2000,0.0,0.0
2012-04-27 00:00:00+08:00,7.54061529697236,7.54061529697236,7.459270704849696,7.467405319213867,10000,0.0,0.0
2012-04-30 00:00:00+08:00,7.760245919989956,7.760245919989956,7.361659049987793,7.361659049987793,8000,0.0,0.0
2012-05-02 00:00:00+08:00,7.369792313322597,7.573153018951416,7.369792313322597,7.573153018951416,24000,0.0,0.0
2012-05-03 00:00:00+08:00,7.565019406243791,7.621960163116455,7.565019406243791,7.621960163116455,5000,0.0,0.0
2012-05-04 00:00:00+08:00,7.638228416442871,7.638228416442871,7.638228416442871,7.638228416442871,1000,0.0,0.0
2012-05-07 00:00:00+08:00,7.800917625427246,7.800917625427246,7.800917625427246,7.800917625427246,5000,0.0,0.0
2012-05-08 00:00:00+08:00,7.800917625427246,7.800917625427246,7.800917625427246,7.800917625427246,0,0.0,0.0
2012-05-09 00:00:00+08:00,7.719573974609375,7.719573974609375,7.719573974609375,7.719573974609375,1000,0.0,0.0
2012-05-10 00:00:00+08:00,7.719573974609375,7.719573974609375,7.719573974609375,7.719573974609375,1000,0.0,0.0
2012-05-11 00:00:00+08:00,7.499943618450047,7.711438179016113,7.48367438838211,7.711438179016113,9000,0.0,0.0
2012-05-14 00:00:00+08:00,7.4918085815994075,7.8578577041625985,7.369792465998192,7.857857704162598,40000,0.0,0.0
2012-05-15 00:00:00+08:00,7.735841673690351,7.735841673690351,7.483674049377441,7.483674049377441,6000,0.0,0.0
2012-05-16 00:00:00+08:00,7.735842227935791,7.735842227935791,7.735842227935791,7.735842227935791,1000,0.0,0.0
2012-05-17 00:00:00+08:00,7.443001765544189,7.605690956115723,7.443001765544189,7.605690956115723,14000,0.0,0.0
2012-05-18 00:00:00+08:00,7.4836745241164495,7.4836745241164495,7.443002223968506,7.443002223968506,15000,0.0,0.0
2012-05-21 00:00:00+08:00,7.239640346046578,7.532480239868164,7.239640346046578,7.532480239868164,25000,0.0,0.0
2012-05-22 00:00:00+08:00,7.532480239868164,7.532480239868164,7.532480239868164,7.532480239868164,3000,0.0,0.0
2012-05-23 00:00:00+08:00,7.532480239868164,7.532480239868164,7.532480239868164,7.532480239868164,0,0.0,0.0
2012-05-24 00:00:00+08:00,7.2640461428699785,7.963606834411622,7.2640461428699785,7.963606834411621,14000,0.0,0.0
2012-05-25 00:00:00+08:00,7.963606834411622,7.963606834411622,7.963606834411622,7.963606834411621,0,0.0,0.0
2012-05-28 00:00:00+08:00,7.402331700626735,7.678901672363281,7.320987089330293,7.678901672363281,23000,0.0,0.0
2012-05-29 00:00:00+08:00,7.402330728661663,7.6544975942023195,7.394196113448195,7.548749923706055,54000,0.0,0.0
2012-05-30 00:00:00+08:00,7.4348693088664595,7.499944686889648,7.386062387469219,7.499944686889648,22000,0.0,0.0
2012-05-31 00:00:00+08:00,7.467405609585652,7.605690956115723,7.467405609585652,7.605690956115723,4000,0.0,0.0
2012-06-01 00:00:00+08:00,7.402331889247999,7.516213417053223,7.3860626562702665,7.516213417053223,7000,0.0,0.0
2012-06-04 00:00:00+08:00,7.1745655151314995,7.1745655151314995,7.158297061920166,7.158297061920166,12000,0.0,0.0
2012-06-05 00:00:00+08:00,7.288448391490569,7.459271430969238,7.158297652032458,7.459271430969238,13000,0.0,0.0
2012-06-06 00:00:00+08:00,7.320985794067383,7.320985794067383,7.320985794067383,7.320985794067383,3000,0.0,0.0
2012-06-07 00:00:00+08:00,7.320985794067383,7.320985794067383,7.320985794067383,7.320985794067383,1000,0.0,0.0
2012-06-08 00:00:00+08:00,7.296582221984863,7.296582221984863,7.296582221984863,7.296582221984863,1000,0.0,0.0
2012-06-11 00:00:00+08:00,7.239641503025908,7.540616058832785,7.239641503025908,7.524346828460693,15000,0.0,0.0
2012-06-12 00:00:00+08:00,7.345388948340932,7.475539684295653,7.174565913460465,7.475539684295654,16000,0.0,0.0
2012-06-13 00:00:00+08:00,7.247776775943935,7.426734447479248,7.247776775943935,7.426734447479248,11000,0.0,0.0
2012-06-14 00:00:00+08:00,7.239642161603175,7.386062145233154,7.207104473658699,7.386062145233154,10000,0.0,0.0
2012-06-15 00:00:00+08:00,7.198969017167647,7.377925872802734,7.198969017167647,7.377925872802734,8000,0.0,0.0
2012-06-18 00:00:00+08:00,7.377927527693372,7.426734447479248,7.239642160019677,7.426734447479248,48000,0.0,0.0
2012-06-19 00:00:00+08:00,7.320986321211131,7.410464763641357,7.320986321211131,7.410464763641357,31000,0.0,0.0
2012-06-20 00:00:00+08:00,7.361658178215061,7.475539684295653,7.345388948340932,7.475539684295654,61000,0.0,0.0
2012-06-21 00:00:00+08:00,7.345389146063592,7.459271430969238,7.345389146063592,7.459271430969238,11000,0.0,0.0
2012-06-22 00:00:00+08:00,7.320985879289316,7.475539684295653,7.320985879289316,7.475539684295654,10000,0.0,0.0
2012-06-25 00:00:00+08:00,7.329121832785859,7.402331829071045,7.2559118365006725,7.402331829071045,57000,0.0,0.0
2012-06-26 00:00:00+08:00,7.329120408909754,7.329120408909754,7.320985794067383,7.320985794067383,13000,0.0,0.0
2012-06-27 00:00:00+08:00,7.320985345204238,7.345388412475586,7.239640753287048,7.345388412475586,18000,0.0,0.0
2012-06-28 00:00:00+08:00,7.2477767546616025,7.361659049987793,7.239642138761231,7.361659049987793,14000,0.0,0.0
2012-06-29 00:00:00+08:00,7.320985794067383,7.320985794067383,7.239641197162806,7.320985794067383,26000,0.0,0.0
2012-07-02 00:00:00+08:00,7.320985794067383,7.320985794067383,7.320985794067383,7.320985794067383,0,0.0,0.0
2012-07-03 00:00:00+08:00,7.198969922695359,7.3535237312316895,7.198969922695359,7.3535237312316895,10000,0.0,0.0
2012-07-04 00:00:00+08:00,7.345388862834928,7.345388862834928,7.223372743237633,7.320985794067383,4000,0.0,0.0
2012-07-05 00:00:00+08:00,7.239640753287048,7.345388412475586,7.239640753287048,7.345388412475586,11000,0.0,0.0
2012-07-06 00:00:00+08:00,7.345388412475586,7.345388412475586,7.345388412475586,7.345388412475586,0,0.0,0.0
2012-07-09 00:00:00+08:00,7.182700288590778,7.483674049377441,7.182700288590778,7.483674049377441,14000,0.0,0.0
2012-07-10 00:00:00+08:00,7.247776114169897,7.443002223968506,7.239641498988387,7.443002223968506,19000,0.0,0.0
2012-07-11 00:00:00+08:00,7.443002223968506,7.443002223968506,7.443002223968506,7.443002223968506,0,0.0,0.0
2012-07-12 00:00:00+08:00,7.3697926725669145,7.3697926725669145,7.215238094329834,7.215238094329834,12000,0.0,0.0
2012-07-13 00:00:00+08:00,7.215237811799135,7.215237811799135,7.158297061920166,7.158297061920166,21000,0.0,0.0
2012-07-16 00:00:00+08:00,7.320985794067383,7.320985794067383,7.320985794067383,7.320985794067383,3000,0.0,0.0
2012-07-17 00:00:00+08:00,7.320985794067383,7.320985794067383,7.320985794067383,7.320985794067383,0,0.0,0.0
2012-07-18 00:00:00+08:00,7.076953238943074,7.280313968658447,7.076953238943074,7.280313968658447,19000,0.0,0.0
2012-07-19 00:00:00+08:00,7.27217843490202,7.345388412475586,7.27217843490202,7.345388412475586,2000,0.0,0.0
2012-07-20 00:00:00+08:00,7.166431551473004,7.345388412475586,7.158296937129381,7.345388412475586,8000,0.0,0.0
2012-07-23 00:00:00+08:00,7.1013569831848145,7.1013569831848145,7.1013569831848145,7.1013569831848145,1000,0.0,0.0
2012-07-24 00:00:00+08:00,7.076953108376891,7.1582977090661215,6.995609283447265,6.995609283447266,24000,0.0,0.0
2012-07-25 00:00:00+08:00,7.1013569831848145,7.1013569831848145,7.1013569831848145,7.1013569831848145,1000,0.0,0.0
2012-07-26 00:00:00+08:00,7.076953639491741,7.076953639491741,7.003743648529053,7.003743648529053,6000,0.0,0.0
2012-07-27 00:00:00+08:00,7.003743916749524,7.1013569831848145,7.003743916749524,7.1013569831848145,3000,0.0,0.0
2012-07-30 00:00:00+08:00,6.922399838145743,7.109491348266602,6.922399838145743,7.109491348266602,20000,0.0,0.0
2012-07-31 00:00:00+08:00,6.922399102205502,7.052549839019775,6.914264487214714,7.052549839019775,41000,0.0,0.0
2012-08-01 00:00:00+08:00,7.158297061920166,7.158297061920166,7.158297061920166,7.158297061920166,10000,0.0,0.0
2012-08-02 00:00:00+08:00,7.158297061920166,7.158297061920166,7.158297061920166,7.158297061920166,0,0.0,0.0
2012-08-03 00:00:00+08:00,6.995609306942864,6.995609306942864,6.979340076446533,6.979340076446533,2000,0.0,0.0
2012-08-06 00:00:00+08:00,7.003743669422769,7.158298267640549,6.91426522229014,7.109491348266602,54000,0.0,0.0
2012-08-07 00:00:00+08:00,6.84105523234031,7.076953661877575,6.84105523234031,7.068819046020508,42000,0.0,0.0
2012-08-08 00:00:00+08:00,7.052549589398694,7.085087272450609,6.914264242488167,7.0606842041015625,29000,0.0,0.0
2012-08-09 00:00:00+08:00,6.98747444152832,6.98747444152832,6.98747444152832,6.98747444152832,1000,0.0,0.0
2012-08-10 00:00:00+08:00,6.98747444152832,6.98747444152832,6.98747444152832,6.98747444152832,1000,0.0,0.0
2012-08-13 00:00:00+08:00,6.987474668226421,7.369793050250437,6.987474668226421,6.995609283447266,6000,0.0,0.0
2012-08-14 00:00:00+08:00,6.995609283447265,6.995609283447265,6.995609283447265,6.995609283447266,1000,0.0,0.0
2012-08-15 00:00:00+08:00,6.995608837997732,7.0606842041015625,6.995608837997732,7.0606842041015625,6000,0.0,0.0
2012-08-16 00:00:00+08:00,7.085087951731303,7.085087951731303,6.914264905391252,6.922399520874023,37000,0.0,0.0
2012-08-17 00:00:00+08:00,6.930534410992138,7.003743625959243,6.930534410992138,6.938668251037598,7000,0.0,0.0
2012-08-20 00:00:00+08:00,6.922399817494694,7.003743648529053,6.914265201663359,7.003743648529053,12000,0.0,0.0
2012-08-21 00:00:00+08:00,6.922399520874023,6.922399520874023,6.922399520874023,6.922399520874023,1000,0.0,0.0
2012-08-22 00:00:00+08:00,6.9956098305859085,7.15016365307184,6.9956098305859085,7.068819046020508,129000,0.0,0.0
2012-08-23 00:00:00+08:00,7.0525491765595065,7.15016222000122,7.036279948106133,7.150162220001221,125000,0.0,0.0
2012-08-24 00:00:00+08:00,7.044415308833768,7.2477760314941415,7.044415308833768,7.247776031494141,16000,0.0,0.0
2012-08-27 00:00:00+08:00,7.125759159890647,7.1908345222473145,7.125759159890647,7.1908345222473145,4000,0.0,0.0
2012-08-28 00:00:00+08:00,7.011877411893389,7.320985794067383,7.011877411893389,7.320985794067383,22000,0.0,0.0
2012-08-29 00:00:00+08:00,7.25591133062878,7.25591133062878,7.109491348266602,7.109491348266602,82000,0.0,0.0
2012-08-30 00:00:00+08:00,7.076952250243392,7.1908345222473145,7.044414569065058,7.1908345222473145,25000,0.0,0.0
2012-08-31 00:00:00+08:00,7.1908345222473145,7.1908345222473145,7.1908345222473145,7.1908345222473145,0,0.0,0.0
2012-09-03 00:00:00+08:00,7.1094911220323995,7.264045715332031,7.1094911220323995,7.264045715332031,6000,0.0,0.0
2012-09-04 00:00:00+08:00,7.076953459139323,7.207104206085204,7.076953459139323,7.207104206085205,5000,0.0,0.0
2012-09-05 00:00:00+08:00,7.190835774346644,7.27217960357666,7.190835774346644,7.27217960357666,6000,0.0,0.0
2012-09-06 00:00:00+08:00,7.255911099735284,7.264045715332031,7.158298039853242,7.264045715332031,53000,0.0,0.0
2012-09-07 00:00:00+08:00,7.264045191098902,7.7683796853056934,7.158297523251732,7.727707386016846,80000,0.0,0.0
2012-09-10 00:00:00+08:00,7.646363484529473,7.94733806124992,7.646363484529473,7.654498100280762,52000,0.0,0.0
2012-09-11 00:00:00+08:00,7.727707386016846,7.784648139565482,7.64636278743915,7.727707386016846,61000,0.0,0.0
2012-09-12 00:00:00+08:00,7.744236167797839,7.934329890401591,7.603732351848709,7.702911376953125,46000,0.15,0.0
2012-09-13 00:00:00+08:00,7.777297496795654,7.785562614363268,7.769032379228041,7.777297496795654,32000,0.0,0.0
2012-09-14 00:00:00+08:00,7.769031851485925,7.934331038789621,7.769031851485925,7.926065921783447,70000,0.0,0.0
2012-09-17 00:00:00+08:00,7.769031674653403,8.016979661760411,7.769031674653403,7.967390537261963,44000,0.0,0.0
2012-09-18 00:00:00+08:00,7.85168112946761,8.512875487484811,7.85168112946761,8.347577095031738,311000,0.0,0.0
2012-09-19 00:00:00+08:00,8.256662388028866,8.884797067555454,7.769031539138619,8.347577095031738,379000,0.0,0.0
2012-09-20 00:00:00+08:00,8.165747882060169,8.636848463727437,8.165747882060169,8.26492691040039,163000,0.0,0.0
2012-09-21 00:00:00+08:00,8.471550875582134,8.512875671640591,8.182278091377846,8.306252479553223,80000,0.0,0.0
2012-09-24 00:00:00+08:00,8.43022589715582,8.884797067555454,8.248397271354985,8.347577095031738,448000,0.0,0.0
2012-09-25 00:00:00+08:00,8.264927649703774,8.63684923629946,8.182278057924767,8.190543174743652,166000,0.0,0.0
2012-09-26 00:00:00+08:00,7.94259497782493,8.347577020999424,7.94259497782493,8.116158485412598,118000,0.0,0.0
2012-09-27 00:00:00+08:00,8.264927088002864,8.34757667416484,8.124423264450426,8.223602294921875,77000,0.0,0.0
2012-09-28 00:00:00+08:00,8.26492806161004,8.388901667252206,8.107894775249632,8.248397827148438,126000,0.0,0.0
2012-10-01 00:00:00+08:00,8.24839871551402,8.24839871551402,8.016980925562265,8.0335111618042,82000,0.0,0.0
2012-10-02 00:00:00+08:00,8.140952995500754,8.140952995500754,7.909534483784016,8.000449180603027,99000,0.0,0.0
2012-10-03 00:00:00+08:00,8.09136305910216,8.09136305910216,7.851680220734256,7.909534454345703,59000,0.0,0.0
2012-10-04 00:00:00+08:00,7.93433070500809,7.93433070500809,7.75250207954616,7.769031524658203,82000,0.0,0.0
2012-10-05 00:00:00+08:00,7.843415719489395,7.843415719489395,7.686382449582458,7.8186211585998535,67000,0.0,0.0
2012-10-08 00:00:00+08:00,7.8103565023833355,7.8103565023833355,7.669852668723329,7.793827056884766,30000,0.0,0.0
2012-10-09 00:00:00+08:00,7.769031524658204,7.769031524658204,7.686382722688167,7.769031524658203,11000,0.0,0.0
2012-10-11 00:00:00+08:00,7.620263818520811,7.744237422943115,7.372315821471249,7.744237422943115,103000,0.0,0.0
2012-10-12 00:00:00+08:00,7.454965081964512,7.744237075368519,7.454965081964512,7.562408447265625,25000,0.0,0.0
2012-10-15 00:00:00+08:00,7.587204108954971,7.628528118133545,7.5706738747195805,7.628528118133545,12000,0.0,0.0
2012-10-16 00:00:00+08:00,7.5045544017392,7.611998558044434,7.421904808210576,7.611998558044434,33000,0.0,0.0
2012-10-17 00:00:00+08:00,7.496289284745349,7.611998558044434,7.488024955956439,7.611998558044434,14000,0.0,0.0
2012-10-18 00:00:00+08:00,7.521083867842763,7.521083867842763,7.372314929962158,7.372314929962158,104000,0.0,0.0
2012-10-19 00:00:00+08:00,7.364050796381305,7.421905040740967,7.3557856791285054,7.421905040740967,9000,0.0,0.0
2012-10-22 00:00:00+08:00,7.19875115638174,7.421903766459025,7.19875115638174,7.3557844161987305,49000,0.0,0.0
2012-10-23 00:00:00+08:00,7.3557854682092945,7.41364049911499,7.3557854682092945,7.41364049911499,15000,0.0,0.0
2012-10-24 00:00:00+08:00,7.380579705137824,7.653322219848633,7.380579705137824,7.653322219848633,15000,0.0,0.0
2012-10-25 00:00:00+08:00,7.653323391302365,7.653323391302365,7.438435077667236,7.438435077667236,9000,0.0,0.0
2012-10-26 00:00:00+08:00,7.47975964409516,7.562408447265625,7.273136453861619,7.562408447265625,13000,0.0,0.0
2012-10-29 00:00:00+08:00,7.4053754806518555,7.4053754806518555,7.397110363526055,7.4053754806518555,21000,0.0,0.0
2012-10-30 00:00:00+08:00,7.397109158091931,7.4797587394714355,7.397109158091931,7.4797587394714355,49000,0.0,0.0
2012-10-31 00:00:00+08:00,7.537612973514194,7.611997439114782,7.4797587394714355,7.4797587394714355,51000,0.0,0.0
2012-11-01 00:00:00+08:00,7.496289433986234,7.521084785461426,7.438435190287361,7.521084785461426,20000,0.0,0.0
2012-11-02 00:00:00+08:00,7.4384351234191834,7.578938961029053,7.4384351234191834,7.578938961029053,17000,0.0,0.0
2012-11-05 00:00:00+08:00,7.4467003074457585,7.521084785461426,7.364050712271695,7.521084785461426,29000,0.0,0.0
2012-11-06 00:00:00+08:00,7.5706739120019,7.5706739120019,7.39711039270033,7.521084785461426,30000,0.0,0.0
2012-11-07 00:00:00+08:00,7.5210845215867534,7.529348850250244,7.5210845215867534,7.529348850250244,35000,0.0,0.0
2012-11-08 00:00:00+08:00,7.521084439782852,7.570673564044148,7.496289089447286,7.562408447265625,45000,0.0,0.0
2012-11-09 00:00:00+08:00,7.562408825374153,7.636793303690121,7.562408825374153,7.570673942565918,17000,0.0,0.0
2012-11-12 00:00:00+08:00,7.49628898056776,7.769031524658204,7.49628898056776,7.769031524658203,70000,0.0,0.0
2012-11-13 00:00:00+08:00,7.760768021636371,7.760768021636371,7.587204494372778,7.727708339691162,13000,0.0,0.0
2012-11-14 00:00:00+08:00,7.603733941242887,7.727708339691162,7.5458796948900195,7.727708339691162,25000,0.0,0.0
2012-11-15 00:00:00+08:00,7.727709139814594,7.843417644500732,7.727709139814594,7.843417644500732,16000,0.0,0.0
2012-11-16 00:00:00+08:00,7.8434160853468065,8.25666246440455,7.8434160853468065,8.02524471282959,59000,0.0,0.0
2012-11-19 00:00:00+08:00,8.016979793138878,8.09136426931045,8.016979793138878,8.074834823608398,20000,0.0,0.0
2012-11-20 00:00:00+08:00,8.099629417960317,8.140954214684566,8.099629417960317,8.12442398071289,23000,0.0,0.0
2012-11-21 00:00:00+08:00,8.11615885113082,8.12442396810383,7.7938271712327944,7.810356616973877,25000,0.0,0.0
2012-11-22 00:00:00+08:00,7.810355459421767,8.000449180603027,7.77729578463435,8.000449180603027,38000,0.0,0.0
2012-11-23 00:00:00+08:00,7.810355459421767,8.000449180603027,7.78556090038241,8.000449180603027,14000,0.0,0.0
2012-11-26 00:00:00+08:00,7.934330807229864,8.000450164939704,7.810356420370228,7.8268866539001465,9000,0.0,0.0
2012-11-27 00:00:00+08:00,7.78556090038241,8.000449180603027,7.78556090038241,8.000449180603027,9000,0.0,0.0
2012-11-28 00:00:00+08:00,7.8516802499572425,8.000449180603027,7.8516802499572425,8.000449180603027,7000,0.0,0.0
2012-11-29 00:00:00+08:00,8.05003891245978,8.05003891245978,7.793826610373508,8.041773796081543,46000,0.0,0.0
2012-11-30 00:00:00+08:00,8.041774158125344,8.041774158125344,7.884740880893563,8.02524471282959,18000,0.0,0.0
2012-12-03 00:00:00+08:00,8.000449773014038,8.016979217529297,8.000449773014038,8.016979217529297,8000,0.0,0.0
2012-12-04 00:00:00+08:00,8.00871447932892,8.02524471282959,8.00871447932892,8.02524471282959,13000,0.0,0.0
2012-12-05 00:00:00+08:00,8.058304996090323,8.149218922548833,7.926066270985227,8.132689476013184,18000,0.0,0.0
2012-12-06 00:00:00+08:00,8.099629417960317,8.140954214684566,8.099629417960317,8.12442398071289,5000,0.0,0.0
2012-12-07 00:00:00+08:00,7.893006031499988,8.14095401763916,7.893006031499988,8.14095401763916,11000,0.0,0.0
2012-12-10 00:00:00+08:00,7.950860385848695,7.950860385848695,7.85994646452475,7.934330940246582,37000,0.0,0.0
2012-12-11 00:00:00+08:00,7.859946593164617,8.008714758838167,7.777296999186579,7.9756550788879395,44000,0.0,0.0
2012-12-12 00:00:00+08:00,7.975654046557862,8.008713722229004,7.975654046557862,8.008713722229004,11000,0.0,0.0
2012-12-13 00:00:00+08:00,7.818621715484643,8.074834823608398,7.818621715484643,8.074834823608398,40000,0.0,0.0
2012-12-14 00:00:00+08:00,8.033509272680535,8.058303833007812,7.868210890157243,8.058303833007812,52000,0.0,0.0
2012-12-17 00:00:00+08:00,8.000449180603027,8.000449180603027,8.000449180603027,8.000449180603027,1000,0.0,0.0
2012-12-18 00:00:00+08:00,7.9921850340331675,8.02524471282959,7.893005997643899,8.02524471282959,14000,0.0,0.0
2012-12-19 00:00:00+08:00,8.025244333889365,8.025244333889365,8.016979217529297,8.016979217529297,9000,0.0,0.0
2012-12-20 00:00:00+08:00,8.008713722229004,8.008713722229004,7.851680459842289,8.008713722229004,12000,0.0,0.0
2012-12-21 00:00:00+08:00,7.917800836026278,7.9756550788879395,7.859946593164617,7.9756550788879395,50000,0.0,0.0
2012-12-24 00:00:00+08:00,7.9756550788879395,7.9756550788879395,7.9756550788879395,7.9756550788879395,3000,0.0,0.0
2012-12-25 00:00:00+08:00,7.851680422651023,7.959124565124512,7.793826187551774,7.959124565124512,32000,0.0,0.0
2012-12-26 00:00:00+08:00,7.810356648311849,7.926065921783447,7.810356648311849,7.926065921783447,17000,0.0,0.0
2012-12-27 00:00:00+08:00,7.611999846923381,7.843417644500732,7.570675043161872,7.843417644500732,22000,0.0,0.0
2012-12-28 00:00:00+08:00,7.843415365816893,7.90953471734416,7.7690308982975065,7.901270389556885,59000,0.0,0.0
2013-01-02 00:00:00+08:00,7.917800471691139,7.917800471691139,7.769031524658204,7.769031524658203,7000,0.0,0.0
2013-01-03 00:00:00+08:00,7.777296903162051,7.99218521428782,7.769031786225306,7.983920097351074,36000,0.0,0.0
2013-01-04 00:00:00+08:00,7.934329831028195,8.000449180603027,7.859945365705302,8.000449180603027,23000,0.0,0.0
2013-01-07 00:00:00+08:00,7.992186069488525,7.992186069488525,7.992186069488525,7.992186069488525,3000,0.0,0.0
2013-01-08 00:00:00+08:00,7.983919765845405,7.983919765845405,7.893005847930908,7.893005847930908,14000,0.0,0.0
2013-01-09 00:00:00+08:00,8.000449356568906,8.016978800223761,7.959124565124512,7.959124565124512,17000,0.0,0.0
2013-01-10 00:00:00+08:00,8.099629402160645,8.099629402160645,8.099629402160645,8.099629402160645,3000,0.0,0.0
2013-01-11 00:00:00+08:00,8.157482147216797,8.157482147216797,8.157482147216797,8.157482147216797,1000,0.0,0.0
2013-01-14 00:00:00+08:00,7.942594093378689,8.231866836547852,7.942594093378689,8.231866836547852,12000,0.0,0.0
2013-01-15 00:00:00+08:00,8.008713442410816,8.231866836547852,8.008713442410816,8.231866836547852,17000,0.0,0.0
2013-01-16 00:00:00+08:00,8.099628330179272,8.215336799621582,8.01697874783062,8.215336799621582,14000,0.0,0.0
2013-01-17 00:00:00+08:00,8.215337280941657,8.215337280941657,8.016979217529297,8.016979217529297,32000,0.0,0.0
2013-01-18 00:00:00+08:00,8.01697929173635,8.18227767944336,8.01697929173635,8.18227767944336,36000,0.0,0.0
2013-01-21 00:00:00+08:00,8.198808275196031,8.198808275196031,8.165748596191406,8.165748596191406,5000,0.0,0.0
2013-01-22 00:00:00+08:00,8.165749939276052,8.223604189998655,8.165749939276052,8.198809623718262,10000,0.0,0.0
2013-01-23 00:00:00+08:00,8.198809623718262,8.198809623718262,8.182279387394631,8.198809623718262,5000,0.0,0.0
2013-01-24 00:00:00+08:00,8.198809623718262,8.198809623718262,8.198809623718262,8.198809623718262,2000,0.0,0.0
2013-01-25 00:00:00+08:00,8.198808291562537,8.198808291562537,8.190543174743652,8.190543174743652,12000,0.0,0.0
2013-01-28 00:00:00+08:00,8.215337520004852,8.215337520004852,8.116158485412598,8.116158485412598,5000,0.0,0.0
2013-01-29 00:00:00+08:00,8.18227804535733,8.678174018859863,8.18227804535733,8.678174018859863,153000,0.0,0.0
2013-01-30 00:00:00+08:00,8.843473198281007,8.843473198281007,8.554201178253281,8.719499588012695,120000,0.0,0.0
2013-01-31 00:00:00+08:00,8.719497940259014,9.008769905622016,8.719497940259014,8.84347152709961,52000,0.0,0.0
2013-02-01 00:00:00+08:00,8.88479605588046,9.091419219970703,8.88479605588046,9.091419219970703,56000,0.0,0.0
2013-02-04 00:00:00+08:00,9.25671940616109,9.422017812159417,9.091421000162761,9.298044204711914,97000,0.0,0.0
2013-02-05 00:00:00+08:00,9.380691964978972,9.380691964978972,9.091419219970703,9.091419219970703,10000,0.0,0.0
2013-02-06 00:00:00+08:00,8.967447177739215,8.967447177739215,8.554200778547637,8.595524787902832,48000,0.0,0.0
2013-02-18 00:00:00+08:00,8.595524787902832,8.595524787902832,8.215338069118383,8.595524787902832,97000,0.0,0.0
2013-02-19 00:00:00+08:00,8.347577340532663,8.471550941467285,8.347577340532663,8.471550941467285,15000,0.0,0.0
2013-02-20 00:00:00+08:00,8.388901528722144,8.51287592052202,8.347577519660467,8.43022632598877,19000,0.0,0.0
2013-02-21 00:00:00+08:00,8.388901528722144,8.43022632598877,8.347577519660467,8.43022632598877,10000,0.0,0.0
2013-02-22 00:00:00+08:00,8.51287537779231,8.595524178851424,8.306252192837182,8.554200172424316,83000,0.0,0.0
2013-02-25 00:00:00+08:00,8.512876510620117,8.512876510620117,8.512876510620117,8.512876510620117,2000,0.0,0.0
2013-02-26 00:00:00+08:00,8.347577519660467,8.43022632598877,8.347577519660467,8.43022632598877,26000,0.0,0.0
2013-02-27 00:00:00+08:00,8.347577519660467,8.43022632598877,8.30625272239384,8.43022632598877,28000,0.0,0.0
2013-03-01 00:00:00+08:00,8.430226910357735,8.512876510620117,8.430226910357735,8.512876510620117,10000,0.0,0.0
2013-03-04 00:00:00+08:00,8.347577340532663,8.471550941467285,8.347577340532663,8.471550941467285,14000,0.0,0.0
2013-03-05 00:00:00+08:00,8.471550941467285,8.471550941467285,8.471550941467285,8.471550941467285,0,0.0,0.0
2013-03-06 00:00:00+08:00,8.512875273273986,8.843472049861273,8.512875273273986,8.760823249816895,113000,0.0,0.0
2013-03-07 00:00:00+08:00,8.554200659786762,8.843472662281833,8.554200659786762,8.80214786529541,12000,0.0,0.0
2013-03-08 00:00:00+08:00,8.595524073318362,8.760823249816895,8.595524073318362,8.760823249816895,17000,0.0,0.0
2013-03-11 00:00:00+08:00,8.760823249816895,8.802147255736639,8.595524073318362,8.760823249816895,16000,0.0,0.0
2013-03-12 00:00:00+08:00,8.760823249816895,8.802147255736639,8.595524073318362,8.760823249816895,30280,0.0,0.0
2013-03-13 00:00:00+08:00,8.760823249816895,8.760823249816895,8.760823249816895,8.760823249816895,2000,0.0,0.0
2013-03-14 00:00:00+08:00,8.760823610511926,8.760823610511926,8.55420041958669,8.678174018859863,17000,0.0,0.0
2013-03-15 00:00:00+08:00,8.595524787902832,8.595524787902832,8.595524787902832,8.595524787902832,1000,0.0,0.0
2013-03-18 00:00:00+08:00,8.595524178851424,8.595524178851424,8.554200172424316,8.554200172424316,25000,0.0,0.0
2013-03-19 00:00:00+08:00,8.55420037542877,9.091420353779212,8.55420037542877,9.050095558166504,61000,0.0,0.0
2013-03-20 00:00:00+08:00,9.05009627384223,9.05009627384223,8.843473067643982,8.926122665405273,128020,0.0,0.0
2013-03-21 00:00:00+08:00,8.926122665405273,8.926122665405273,8.926122665405273,8.926122665405273,8000,0.0,0.0
2013-03-22 00:00:00+08:00,8.884796142578125,8.884796142578125,8.884796142578125,8.884796142578125,128020,0.0,0.0
2013-03-25 00:00:00+08:00,8.884796142578125,8.884796142578125,8.760822558196175,8.884796142578125,22000,0.0,0.0
2013-03-26 00:00:00+08:00,8.884796142578125,8.926120933440384,8.843471351715866,8.884796142578125,34050,0.0,0.0
2013-03-27 00:00:00+08:00,8.926121206383401,8.926121206383401,8.636848449707031,8.636848449707031,20000,0.0,0.0
2013-03-28 00:00:00+08:00,8.595525189539392,8.760824387503796,8.595525189539392,8.719499588012695,18000,0.0,0.0
2013-03-29 00:00:00+08:00,8.636849585462981,8.636849585462981,8.595524787902832,8.595524787902832,22000,0.0,0.0
2013-04-01 00:00:00+08:00,8.678173462870367,9.17406940460205,8.678173462870367,9.17406940460205,94142,0.0,0.0
2013-04-02 00:00:00+08:00,9.793940544128418,9.793940544128418,9.793940544128418,9.793940544128418,90646,0.0,0.0
2013-04-03 00:00:00+08:00,10.413810178865532,10.413810178865532,9.669966144257995,9.793940544128418,343000,0.0,0.0
2013-04-08 00:00:00+08:00,9.917912528994705,9.917912528994705,9.17406940460205,9.17406940460205,111000,0.0,0.0
2013-04-09 00:00:00+08:00,8.92612277069845,9.256719589233398,8.92612277069845,9.256719589233398,64000,0.0,0.0
2013-04-10 00:00:00+08:00,9.256719282321644,9.504667282104492,8.967447272745789,9.504667282104492,48000,0.0,0.0
2013-04-11 00:00:00+08:00,9.504666252395053,9.504666252395053,9.091419893595267,9.339367866516113,21000,0.0,0.0
2013-04-12 00:00:00+08:00,9.339367866516113,9.339367866516113,9.132744687116222,9.339367866516113,26000,0.0,0.0
2013-04-15 00:00:00+08:00,9.339367866516113,9.339367866516113,9.091419893595267,9.339367866516113,19000,0.0,0.0
2013-04-16 00:00:00+08:00,9.091421000162761,9.298044204711914,9.00877140306111,9.298044204711914,16000,0.0,0.0
2013-04-17 00:00:00+08:00,9.298044388601514,9.298044388601514,9.008771581229693,9.256719589233398,25000,0.0,0.0
2013-04-18 00:00:00+08:00,9.339367866516113,9.380692660037068,9.174069480637176,9.339367866516113,11040,0.0,0.0
2013-04-19 00:00:00+08:00,9.339367866516113,9.339367866516113,9.174069480637176,9.339367866516113,17000,0.0,0.0
2013-04-22 00:00:00+08:00,9.33936829484561,9.46334189288937,9.132745105969402,9.422017097473145,21314,0.0,0.0
2013-04-23 00:00:00+08:00,9.422018186513558,9.422018186513558,9.215394973754883,9.215394973754883,3000,0.0,0.0
2013-04-24 00:00:00+08:00,9.256719589233398,9.339369187969629,9.215394789865282,9.256719589233398,27000,0.0,0.0
2013-04-25 00:00:00+08:00,9.339366995580628,9.339366995580628,9.091419045781976,9.132743835449219,20000,0.0,0.0
2013-04-26 00:00:00+08:00,9.132746161574415,9.215394973754883,9.09142136138168,9.215394973754883,14110,0.0,0.0
2013-04-29 00:00:00+08:00,9.256717416246142,9.256717416246142,9.132743835449219,9.132743835449219,9000,0.0,0.0
2013-04-30 00:00:00+08:00,9.091421179965925,9.256719589233398,9.091421179965925,9.256719589233398,18000,0.0,0.0
2013-05-02 00:00:00+08:00,9.256718704013162,9.422017097473145,9.091420310553177,9.422017097473145,32346,0.0,0.0
2013-05-03 00:00:00+08:00,9.215393733373755,9.504666507582128,9.174069726948186,9.46334171295166,33000,0.0,0.0
2013-05-06 00:00:00+08:00,9.463341357749966,9.587315736988053,9.380692559796111,9.545990943908691,28000,0.0,0.0
2013-05-07 00:00:00+08:00,9.545990767073368,9.628639563496192,9.422016390131853,9.587315559387207,31012,0.0,0.0
2013-05-08 00:00:00+08:00,9.422016390131853,9.587315559387207,9.298042801395193,9.587315559387207,45000,0.0,0.0
2013-05-09 00:00:00+08:00,9.339367766716748,9.587315736988053,9.256718180558025,9.545990943908691,43043,0.0,0.0
2013-05-10 00:00:00+08:00,9.422016468254276,9.75261402130127,9.422016468254276,9.75261402130127,60411,0.0,0.0
2013-05-13 00:00:00+08:00,9.587315559387207,9.835262736860528,9.50466597475953,9.587315559387207,30000,0.0,0.0
2013-05-14 00:00:00+08:00,9.380692660037068,9.504666252395053,9.339367866516113,9.339367866516113,29043,0.0,0.0
2013-05-15 00:00:00+08:00,9.422016564670605,9.545990943908691,9.339367766716748,9.545990943908691,26000,0.0,0.0
2013-05-16 00:00:00+08:00,9.46334160769498,9.669964790344238,9.46334160769498,9.669964790344238,48000,0.0,0.0
2013-05-17 00:00:00+08:00,9.545992080102462,9.669965685891404,9.504667282104492,9.504667282104492,13177,0.0,0.0
2013-05-20 00:00:00+08:00,9.463341433565027,9.711289405822754,9.463341433565027,9.711289405822754,15000,0.0,0.0
2013-05-21 00:00:00+08:00,9.711290483889373,9.711290483889373,9.504667282104492,9.504667282104492,13000,0.0,0.0
2013-05-22 00:00:00+08:00,9.587315454628872,10.165860176086426,9.587315454628872,10.165860176086426,260755,0.0,0.0
2013-05-23 00:00:00+08:00,10.083211048184051,10.083211048184051,9.628639893559159,9.876587867736816,126000,0.0,0.0
2013-05-24 00:00:00+08:00,9.793940544128418,10.000563755707455,9.75261574417161,9.793940544128418,84000,0.0,0.0
2013-05-27 00:00:00+08:00,9.876587690227627,9.917912483215332,9.711289306481678,9.917912483215332,27005,0.0,0.0
2013-05-28 00:00:00+08:00,9.917912037403703,10.579106330871582,9.917912037403703,10.579106330871582,162250,0.0,0.0
2013-05-29 00:00:00+08:00,11.240300823481792,11.281624827139238,10.165860176086426,10.165860176086426,843080,0.0,0.0
2013-05-30 00:00:00+08:00,9.835263288216069,10.000562466737938,9.46334171295166,9.46334171295166,358025,0.0,0.0
2013-05-31 00:00:00+08:00,9.504667597237104,9.62864120713646,9.256719589233398,9.256719589233398,130000,0.0,0.0
2013-06-03 00:00:00+08:00,9.256717593601934,9.463340757692178,9.091419219970703,9.091419219970703,88000,0.0,0.0
2013-06-04 00:00:00+08:00,9.215392803142922,9.256717593601934,8.926120846339472,9.091419219970703,76000,0.0,0.0
2013-06-05 00:00:00+08:00,9.008769639052678,9.215392803142922,9.008769639052678,9.091419219970703,33000,0.0,0.0
2013-06-06 00:00:00+08:00,9.008770942687988,9.091420535566016,8.967446934453907,9.008770942687988,13000,0.0,0.0
2013-06-07 00:00:00+08:00,9.091419919926519,9.256718306284206,8.967446327209473,8.967446327209473,40000,0.0,0.0
2013-06-10 00:00:00+08:00,9.008771474961584,9.008771474961584,8.926122665405273,8.926122665405273,23000,0.0,0.0
2013-06-11 00:00:00+08:00,8.926120846339472,9.132744010429716,8.926120846339472,9.091419219970703,19000,0.0,0.0
2013-06-13 00:00:00+08:00,9.091419488985641,9.132744280667453,8.84347152709961,8.84347152709961,23000,0.0,0.0
2013-06-14 00:00:00+08:00,9.008769905622016,9.008769905622016,8.760822731940827,8.84347152709961,28000,0.0,0.0
2013-06-17 00:00:00+08:00,8.843472368307886,9.13274514939192,8.843472368307886,9.050095558166504,28005,0.0,0.0
2013-06-18 00:00:00+08:00,8.926120933440384,8.926120933440384,8.884796142578125,8.884796142578125,14178,0.0,0.0
2013-06-19 00:00:00+08:00,9.008771282538795,9.504667282104492,9.008771282538795,9.504667282104492,96000,0.0,0.0
2013-06-20 00:00:00+08:00,9.752614199233188,10.165860556927774,9.545991020385895,9.711289405822754,459104,0.0,0.0
2013-06-21 00:00:00+08:00,9.380692807558212,9.669964790344238,9.298043219216554,9.669964790344238,37104,0.0,0.0
2013-06-24 00:00:00+08:00,9.628640174865723,9.669964969803475,9.463341783319619,9.628640174865723,22000,0.0,0.0
2013-06-25 00:00:00+08:00,9.463342610710242,9.463342610710242,9.298044204711914,9.298044204711914,24000,0.0,0.0
2013-06-26 00:00:00+08:00,9.33936937433309,9.380694174525827,9.215394973754883,9.215394973754883,17000,0.0,0.0
2013-06-27 00:00:00+08:00,9.215394789865282,9.380693987337745,9.215394789865282,9.256719589233398,14000,0.0,0.0
2013-06-28 00:00:00+08:00,9.380694174525827,9.380694174525827,9.174070961767152,9.215394973754883,23000,0.0,0.0
2013-07-01 00:00:00+08:00,9.174070239184651,9.380693435668945,9.132745442246803,9.380693435668945,16000,0.0,0.0
2013-07-02 00:00:00+08:00,9.463342797868988,9.463342797868988,9.256719589233398,9.256719589233398,7000,0.0,0.0
2013-07-03 00:00:00+08:00,9.38069258228944,9.38069258228944,9.17406940460205,9.17406940460205,12000,0.0,0.0
2013-07-04 00:00:00+08:00,9.38069258228944,9.38069258228944,9.17406940460205,9.17406940460205,31000,0.0,0.0
2013-07-05 00:00:00+08:00,9.38069258228944,9.38069258228944,9.17406940460205,9.17406940460205,14000,0.0,0.0
2013-07-08 00:00:00+08:00,9.339367174519959,9.339367174519959,9.091419219970703,9.091419219970703,19000,0.0,0.0
2013-07-09 00:00:00+08:00,9.091419818245146,9.17406940460205,9.091419818245146,9.17406940460205,15000,0.0,0.0
2013-07-10 00:00:00+08:00,9.091419219970703,9.091419219970703,9.091419219970703,9.091419219970703,1000,0.0,0.0
2013-07-11 00:00:00+08:00,9.132744010429716,9.132744010429716,9.091419219970703,9.091419219970703,6000,0.0,0.0
2013-07-12 00:00:00+08:00,9.256717593601934,9.298042384060947,8.967445636798486,9.091419219970703,16000,0.0,0.0
2013-07-15 00:00:00+08:00,9.174070961767152,9.215394973754883,9.174070961767152,9.215394973754883,9000,0.0,0.0
2013-07-16 00:00:00+08:00,9.132744611423599,9.17406940460205,9.050095025066694,9.17406940460205,16000,0.0,0.0
2013-07-17 00:00:00+08:00,9.091420353779212,9.091420353779212,9.050095558166504,9.050095558166504,25000,0.0,0.0
2013-07-18 00:00:00+08:00,8.884797163920593,9.050095558166504,8.678173974061975,9.050095558166504,32000,0.0,0.0
2013-07-19 00:00:00+08:00,8.884797163920593,9.050095558166504,8.884797163920593,9.050095558166504,6000,0.0,0.0
2013-07-22 00:00:00+08:00,8.84347152709961,9.008769905622016,8.84347152709961,8.84347152709961,27000,0.0,0.0
2013-07-23 00:00:00+08:00,8.84347152709961,8.926121110463233,8.84347152709961,8.84347152709961,10000,0.0,0.0
2013-07-24 00:00:00+08:00,8.843472368307886,9.050095558166504,8.843472368307886,9.050095558166504,14047,0.0,0.0
2013-07-25 00:00:00+08:00,8.802146560853608,9.050094517822334,8.802146560853608,8.884796142578125,14000,0.0,0.0
2013-07-26 00:00:00+08:00,8.884797866524629,8.926122665405273,8.884797866524629,8.926122665405273,2000,0.0,0.0
2013-07-29 00:00:00+08:00,8.926122665405273,8.926122665405273,8.926122665405273,8.926122665405273,2000,0.0,0.0
2013-07-30 00:00:00+08:00,8.926122665405273,8.926122665405273,8.926122665405273,8.926122665405273,1000,0.0,0.0
2013-07-31 00:00:00+08:00,9.008770942687988,9.091420535566016,8.88479734157588,9.008770942687988,19000,0.0,0.0
2013-08-01 00:00:00+08:00,8.967446327209473,8.967446327209473,8.967446327209473,8.967446327209473,149,0.0,0.0
2013-08-02 00:00:00+08:00,8.84347317196222,9.256719589233398,8.84347317196222,9.256719589233398,31000,0.0,0.0
2013-08-05 00:00:00+08:00,9.174068890409112,9.174068890409112,9.050094517822334,8.884796142578125,28000,0.0,0.0
2013-08-06 00:00:00+08:00,8.969013575137794,9.137446403503418,8.926906171193636,9.137446403503418,17000,0.2,0.0
2013-08-07 00:00:00+08:00,9.095337867736816,9.095337867736816,9.095337867736816,9.095337867736816,17000,0.0,0.0
2013-08-08 00:00:00+08:00,8.71636530599299,9.053229331970215,8.71636530599299,9.053229331970215,18450,0.0,0.0
2013-08-09 00:00:00+08:00,8.758472442626953,8.758472442626953,8.758472442626953,8.758472442626953,1000,0.0,0.0
2013-08-12 00:00:00+08:00,8.716364759452041,8.84268856048584,8.716364759452041,8.84268856048584,5000,0.0,0.0
2013-08-13 00:00:00+08:00,8.842689114947651,9.053229331970215,8.67425710195904,9.053229331970215,15000,0.0,0.0
2013-08-14 00:00:00+08:00,8.84268752058459,8.969011306762695,8.84268752058459,8.969011306762695,7000,0.0,0.0
2013-08-15 00:00:00+08:00,8.674256782627596,9.011120796203613,8.674256782627596,9.011120796203613,18000,0.0,0.0
2013-08-16 00:00:00+08:00,8.926904815433904,9.221660614013672,8.926904815433904,9.221660614013672,10000,0.0,0.0
2013-08-19 00:00:00+08:00,9.095337867736816,9.095337867736816,9.095337867736816,9.095337867736816,10000,0.0,0.0
2013-08-20 00:00:00+08:00,9.095338196412012,9.137446403503418,8.716365938883854,9.137446403503418,28000,0.0,0.0
2013-08-22 00:00:00+08:00,8.800581231895746,9.095337867736816,8.800581231895746,9.095337867736816,9000,0.0,0.0
2013-08-23 00:00:00+08:00,9.053229331970215,9.095337536004166,9.053229331970215,9.053229331970215,8000,0.0,0.0
2013-08-26 00:00:00+08:00,9.053229331970215,9.053229331970215,8.800580910913702,9.053229331970215,11898,0.0,0.0
2013-08-27 00:00:00+08:00,8.842689222922804,8.926905632019043,8.800581018374684,8.926905632019043,9120,0.0,0.0
2013-08-28 00:00:00+08:00,8.926905848605013,9.095337867736816,8.926905848605013,9.095337867736816,18000,0.0,0.0
2013-08-29 00:00:00+08:00,9.095338196412012,9.137446403503418,9.095338196412012,9.137446403503418,11289,0.0,0.0
2013-08-30 00:00:00+08:00,9.095337867736816,9.095337867736816,9.095337867736816,9.095337867736816,11289,0.0,0.0
2013-09-02 00:00:00+08:00,9.095337867736816,9.095337867736816,9.095337867736816,9.095337867736816,11289,0.0,0.0
2013-09-03 00:00:00+08:00,9.221662014538982,9.221662014538982,8.969013575137794,9.137446403503418,14000,0.0,0.0
2013-09-04 00:00:00+08:00,9.095337867736816,9.095337867736816,9.095337867736816,9.095337867736816,14000,0.0,0.0
2013-09-05 00:00:00+08:00,9.179553031921387,9.179553031921387,8.842689009944285,9.179553031921387,19000,0.0,0.0
2013-09-06 00:00:00+08:00,8.969012817398903,9.179553031921387,8.926905417012152,9.179553031921387,10000,0.0,0.0
2013-09-09 00:00:00+08:00,8.926905848605013,9.095337867736816,8.926905848605013,9.095337867736816,9000,0.0,0.0
2013-09-10 00:00:00+08:00,9.011121237968084,9.053229442516203,8.926905632019043,8.926905632019043,8472,0.0,0.0
2013-09-11 00:00:00+08:00,8.884796991899398,9.011120796203613,8.842688789415606,9.011120796203613,13000,0.0,0.0
2013-09-12 00:00:00+08:00,9.011121237968084,9.011121237968084,8.926905632019043,8.926905632019043,8000,0.0,0.0
2013-09-13 00:00:00+08:00,8.84268856048584,8.926904963273133,8.84268856048584,8.84268856048584,17137,0.0,0.0
2013-09-16 00:00:00+08:00,8.842689222922804,8.969013033419964,8.758472813826563,8.926905632019043,13000,0.0,0.0
2013-09-17 00:00:00+08:00,8.884795461506355,8.884795461506355,8.800579071044922,8.800579071044922,5000,0.0,0.0
2013-09-18 00:00:00+08:00,8.884796864915398,8.926905066797369,8.716364860534668,8.716364860534668,27000,0.0,0.0
2013-09-23 00:00:00+08:00,8.758471547202452,8.884796142578125,8.758471547202452,8.884796142578125,8000,0.0,0.0
2013-09-24 00:00:00+08:00,8.758472442626953,8.758472442626953,8.758472442626953,8.758472442626953,8000,0.0,0.0
2013-09-25 00:00:00+08:00,8.758472442626953,8.758472442626953,8.758472442626953,8.758472442626953,2000,0.0,0.0
2013-09-26 00:00:00+08:00,8.842687944119568,8.884796142578125,8.674255953432422,8.884796142578125,19000,0.0,0.0
2013-09-27 00:00:00+08:00,8.758472442626953,8.842688848153953,8.758472442626953,8.758472442626953,16000,0.0,0.0
2013-09-30 00:00:00+08:00,8.758470875814204,8.84268726627564,8.758470875814204,8.800579071044922,16000,0.0,0.0
2013-10-01 00:00:00+08:00,8.84268856048584,8.969012361519638,8.84268856048584,8.84268856048584,66424,0.0,0.0
2013-10-02 00:00:00+08:00,9.095336331723828,9.095336331723828,8.842687944119568,8.884796142578125,22000,0.0,0.0
2013-10-03 00:00:00+08:00,8.969011306762695,9.011119503204412,8.884795717026307,8.969011306762695,42000,0.0,0.0
2013-10-04 00:00:00+08:00,8.926904341036682,8.926904341036682,8.884796142578125,8.884796142578125,11000,0.0,0.0
2013-10-07 00:00:00+08:00,8.800580213345038,9.474309015044277,8.800580213345038,9.221660614013672,65000,0.0,0.0
2013-10-08 00:00:00+08:00,8.969013033419964,8.969013033419964,8.926905632019043,8.926905632019043,25000,0.0,0.0
2013-10-09 00:00:00+08:00,9.053228133265272,9.053228133265272,8.884796142578125,8.884796142578125,7000,0.0,0.0
2013-10-11 00:00:00+08:00,8.884797427470923,8.926905632019043,8.884797427470923,8.926905632019043,24228,0.0,0.0
2013-10-14 00:00:00+08:00,8.884796142578125,8.884796142578125,8.716364151890978,8.884796142578125,36053,0.0,0.0
2013-10-15 00:00:00+08:00,8.884797427470923,8.926905632019043,8.758472813826563,8.926905632019043,27000,0.0,0.0
2013-10-16 00:00:00+08:00,8.84268726627564,8.84268726627564,8.800579071044922,8.800579071044922,11000,0.0,0.0
2013-10-17 00:00:00+08:00,8.926905066797369,8.926905066797369,8.716364860534668,8.716364860534668,37000,0.0,0.0
2013-10-18 00:00:00+08:00,8.716364860534668,8.884796864915398,8.716364860534668,8.716364860534668,15000,0.0,0.0
2013-10-21 00:00:00+08:00,8.800580359092194,8.84268856048584,8.800580359092194,8.84268856048584,4000,0.0,0.0
2013-10-22 00:00:00+08:00,8.842687944119568,8.884796142578125,8.716364151890978,8.884796142578125,35000,0.0,0.0
2013-10-23 00:00:00+08:00,8.758472157698547,8.84268856048584,8.758472157698547,8.84268856048584,28000,0.0,0.0
2013-10-24 00:00:00+08:00,8.758472157698547,8.84268856048584,8.758472157698547,8.84268856048584,11004,0.0,0.0
2013-10-25 00:00:00+08:00,8.758471547202452,8.884796142578125,8.758471547202452,8.884796142578125,36000,0.0,0.0
2013-10-28 00:00:00+08:00,8.84268856048584,8.884796761879485,8.84268856048584,8.84268856048584,20000,0.0,0.0
2013-10-29 00:00:00+08:00,8.758472157698547,8.84268856048584,8.758472157698547,8.84268856048584,5020,0.0,0.0
2013-10-30 00:00:00+08:00,8.884796761879485,8.884796761879485,8.84268856048584,8.84268856048584,26000,0.0,0.0
2013-10-31 00:00:00+08:00,8.80057974566101,8.884796142578125,8.758471547202452,8.884796142578125,16000,0.0,0.0
2013-11-01 00:00:00+08:00,8.84268856048584,8.84268856048584,8.758472157698547,8.84268856048584,7000,0.0,0.0
2013-11-04 00:00:00+08:00,8.758472157698547,8.84268856048584,8.716364759452041,8.84268856048584,39000,0.0,0.0
2013-11-05 00:00:00+08:00,8.84268856048584,8.84268856048584,8.758472157698547,8.84268856048584,13000,0.0,0.0
2013-11-06 00:00:00+08:00,8.758472157698547,8.884796761879485,8.716364759452041,8.84268856048584,32000,0.0,0.0
2013-11-07 00:00:00+08:00,8.758472259269489,8.758472259269489,8.632148456770727,8.716364860534668,33000,0.0,0.0
2013-11-08 00:00:00+08:00,8.758473848009752,8.758473848009752,8.6742582321167,8.6742582321167,18170,0.0,0.0
2013-11-11 00:00:00+08:00,8.590041813076352,8.6742582321167,8.5058261971833,8.6742582321167,18000,0.0,0.0
2013-11-12 00:00:00+08:00,8.547933603556178,8.6742582321167,8.547933603556178,8.6742582321167,10000,0.0,0.0
2013-11-13 00:00:00+08:00,8.674256658652698,8.716364860534668,8.674256658652698,8.716364860534668,5000,0.0,0.0
2013-11-14 00:00:00+08:00,8.716364860534668,8.716364860534668,8.716364860534668,8.716364860534668,1000,0.0,0.0
2013-11-15 00:00:00+08:00,8.758473848009752,8.758473848009752,8.6742582321167,8.6742582321167,5245,0.0,0.0
2013-11-18 00:00:00+08:00,8.716366112207542,8.716366112207542,8.632149696350098,8.632149696350098,2000,0.0,0.0
2013-11-19 00:00:00+08:00,8.67425757322683,8.67425757322683,8.590041160583496,8.590041160583496,5015,0.0,0.0
2013-11-20 00:00:00+08:00,8.716366112207542,8.716366112207542,8.463717667782475,8.632149696350098,51000,0.0,0.0
2013-11-21 00:00:00+08:00,8.67425790427882,8.67425790427882,8.590041488421376,8.632149696350098,52000,0.0,0.0
2013-11-22 00:00:00+08:00,8.547933280492654,8.67425790427882,8.547933280492654,8.632149696350098,20000,0.0,0.0
2013-11-25 00:00:00+08:00,8.632149696350098,8.632149696350098,8.590041488421376,8.632149696350098,19000,0.0,0.0
2013-11-26 00:00:00+08:00,8.590040829515674,8.590040829515674,8.547932624816895,8.547932624816895,14000,0.0,0.0
2013-11-27 00:00:00+08:00,8.800580910913702,9.137445740038117,8.71636530599299,9.053229331970215,144000,0.0,0.0
2013-11-28 00:00:00+08:00,8.800579071044922,9.011119244051486,8.800579071044922,8.800579071044922,17000,0.0,0.0
2013-11-29 00:00:00+08:00,8.716366441636874,8.716366441636874,8.6742582321167,8.6742582321167,16000,0.0,0.0
2013-12-02 00:00:00+08:00,8.6742582321167,8.6742582321167,8.6742582321167,8.6742582321167,5000,0.0,0.0
2013-12-03 00:00:00+08:00,8.84268726627564,8.84268726627564,8.632147093269076,8.800579071044922,10289,0.0,0.0
2013-12-04 00:00:00+08:00,8.800580910913702,9.053229331970215,8.547932489857187,9.053229331970215,70000,0.0,0.0
2013-12-05 00:00:00+08:00,8.884797050917452,8.884797050917452,8.758472442626953,8.758472442626953,2000,0.0,0.0
2013-12-06 00:00:00+08:00,8.758470875814204,8.926903656737073,8.758470875814204,8.800579071044922,35107,0.0,0.0
2013-12-09 00:00:00+08:00,8.716364759452041,8.84268856048584,8.674256558058394,8.84268856048584,8000,0.0,0.0
2013-12-10 00:00:00+08:00,8.842687944119568,9.053228133265272,8.842687944119568,8.884796142578125,31250,0.0,0.0
2013-12-11 00:00:00+08:00,8.842687944119568,8.969011736348156,8.842687944119568,8.884796142578125,29000,0.0,0.0
2013-12-12 00:00:00+08:00,8.884797427470923,8.926905632019043,8.884797427470923,8.926905632019043,2000,0.0,0.0
2013-12-13 00:00:00+08:00,8.884796142578125,8.884796142578125,8.884796142578125,8.884796142578125,2000,0.0,0.0
2013-12-16 00:00:00+08:00,8.926903913468024,8.969011306762695,8.926903913468024,8.969011306762695,12000,0.0,0.0
2013-12-17 00:00:00+08:00,8.96901325102755,9.263769886868621,8.96901325102755,9.095337867736816,80000,0.0,0.0
2013-12-18 00:00:00+08:00,9.263769438989252,9.263769438989252,9.137445631534634,9.179553031921387,54000,0.0,0.0
2013-12-19 00:00:00+08:00,9.347985554218956,9.347985554218956,9.221660947560931,9.263769149780273,53000,0.0,0.0
2013-12-20 00:00:00+08:00,9.347985889275487,9.347985889275487,9.221661278089654,9.305877685546875,27000,0.0,0.0
2013-12-23 00:00:00+08:00,9.305877578906996,9.432201385498047,9.305877578906996,9.432201385498047,3000,0.0,0.0
2013-12-24 00:00:00+08:00,9.305877296659423,9.85328151281409,9.26376909469049,9.516417503356934,24000,0.0,0.0
2013-12-25 00:00:00+08:00,9.516418015889446,9.60063362121582,9.516418015889446,9.60063362121582,3450,0.0,0.0
2013-12-26 00:00:00+08:00,9.516417791990198,9.600633395335175,9.390093182251972,9.432201385498047,52001,0.0,0.0
2013-12-27 00:00:00+08:00,9.432201385498047,9.474309588744124,9.432201385498047,9.432201385498047,24000,0.0,0.0
2013-12-30 00:00:00+08:00,9.64274303533411,9.64274303533411,9.347987174987793,9.347987174987793,46001,0.0,0.0
2013-12-31 00:00:00+08:00,9.432202790880757,9.64274303533411,9.347987174987793,9.347987174987793,17000,0.0,0.0
2014-01-02 00:00:00+08:00,9.390093403179094,9.60063362121582,9.347986002089504,9.60063362121582,37122,0.0,0.0
2014-01-03 00:00:00+08:00,9.390093403179094,9.642741825452603,9.390093403179094,9.60063362121582,18208,0.0,0.0
2014-01-06 00:00:00+08:00,9.60063300178812,9.642741203308105,9.516417401895293,9.642741203308105,16000,0.0,0.0
2014-01-07 00:00:00+08:00,9.642743010900109,10.105931708153257,9.600634801486677,9.895391464233398,75614,0.0,0.0
2014-01-08 00:00:00+08:00,9.895391464233398,9.97960788306026,9.55852739522054,9.895391464233398,57000,0.0,0.0
2014-01-09 00:00:00+08:00,9.726957942047944,9.726957942047944,9.684849739074707,9.684849739074707,7000,0.0,0.0
2014-01-10 00:00:00+08:00,9.60063359448911,10.021714029390337,9.432201581158058,9.979606628417969,43400,0.0,0.0
2014-01-13 00:00:00+08:00,10.021714957394543,10.021714957394543,9.853282928466797,9.853282928466797,31001,0.0,0.0
2014-01-14 00:00:00+08:00,9.853282599312301,9.93749901253651,9.642742369399015,9.811174392700195,47000,0.0,0.0
2014-01-15 00:00:00+08:00,9.811174213302841,9.853282419144998,9.76906681060791,9.76906681060791,7000,0.0,0.0
2014-01-16 00:00:00+08:00,9.726957942047944,9.769066145021181,9.600633333128233,9.684849739074707,39000,0.0,0.0
2014-01-17 00:00:00+08:00,9.68484940482809,9.68484940482809,9.642741203308105,9.642741203308105,5000,0.0,0.0
2014-01-20 00:00:00+08:00,9.684849739074707,9.684849739074707,9.516417730328929,9.684849739074707,27000,0.0,0.0
2014-01-21 00:00:00+08:00,9.726957183773191,10.274361370310316,9.68484898408254,10.105929374694824,289535,0.0,0.0
2014-01-22 00:00:00+08:00,10.23225424684095,10.23225424684095,9.853282016059286,9.979606628417969,48000,0.0,0.0
2014-01-23 00:00:00+08:00,9.979606295365638,10.021713694932746,9.769066084941445,9.937498092651367,44000,0.0,0.0
2014-01-24 00:00:00+08:00,10.021714439366399,10.021714439366399,9.76906681060791,9.76906681060791,5000,0.0,0.0
2014-01-27 00:00:00+08:00,9.684850029689388,9.684850029689388,9.516418015889446,9.60063362121582,36613,0.0,0.0
2014-02-05 00:00:00+08:00,9.179552909690203,9.726957942047944,9.179552909690203,9.684849739074707,27080,0.0,0.0
2014-02-06 00:00:00+08:00,9.769065807868062,9.769065807868062,9.642741203308105,9.642741203308105,4000,0.0,0.0
2014-02-07 00:00:00+08:00,9.642741203308105,9.68484940482809,9.642741203308105,9.642741203308105,16000,0.0,0.0
2014-02-10 00:00:00+08:00,9.60063366159959,9.97960669817755,9.60063366159959,9.726958274841309,69000,0.0,0.0
2014-02-11 00:00:00+08:00,9.853283254819967,9.895391464233398,9.769067639140399,9.895391464233398,135101,0.0,0.0
2014-02-12 00:00:00+08:00,9.895390220178847,9.979606628417969,9.769066410967355,9.979606628417969,26000,0.0,0.0
2014-02-13 00:00:00+08:00,9.769066410967355,9.979606628417969,9.769066410967355,9.979606628417969,21000,0.0,0.0
2014-02-14 00:00:00+08:00,9.97960788306026,10.021715289326396,9.895391464233398,9.895391464233398,21000,0.0,0.0
2014-02-17 00:00:00+08:00,9.979605811984094,10.274361610412598,9.979605811984094,10.274361610412598,117000,0.0,0.0
2014-02-18 00:00:00+08:00,10.19014717326447,10.948091659179553,10.19014717326447,10.442794799804688,156000,0.0,0.0
2014-02-19 00:00:00+08:00,10.400687397479462,10.442794799804688,10.232254575589696,10.442794799804688,44000,0.0,0.0
2014-02-20 00:00:00+08:00,10.358579518321744,10.527011542370218,10.190147494273269,10.484903335571289,35000,0.0,0.0
2014-02-21 00:00:00+08:00,10.400687725120672,10.695443566418692,10.358579518321744,10.484903335571289,81000,0.0,0.0
2014-02-24 00:00:00+08:00,10.56911901302975,10.695442821480839,10.358578796846476,10.653334617614746,81861,0.0,0.0
2014-02-25 00:00:00+08:00,10.77965956372693,10.77965956372693,10.569119341010182,10.695443153381348,44110,0.0,0.0
2014-02-26 00:00:00+08:00,10.569119121963668,10.695442931716753,10.442794509063388,10.527010917663574,84000,0.0,0.0
2014-02-27 00:00:00+08:00,10.442794799804688,10.611227621694454,10.400687397479462,10.442794799804688,63000,0.0,0.0
2014-03-03 00:00:00+08:00,10.35857919200702,10.442794799804688,10.31647098653458,10.442794799804688,30000,0.0,0.0
2014-03-04 00:00:00+08:00,10.35857767253308,10.35857767253308,10.232253074645996,10.232253074645996,52000,0.0,0.0
2014-03-05 00:00:00+08:00,10.358578619791512,10.611227035522461,10.274362213498804,10.611227035522461,51329,0.0,0.0
2014-03-06 00:00:00+08:00,10.569120202662168,10.695444025331934,10.400688171386719,10.400688171386719,107440,0.0,0.0
2014-03-07 00:00:00+08:00,10.52701069239468,10.653334499444545,10.3585786819458,10.3585786819458,65362,0.0,0.0
2014-03-10 00:00:00+08:00,10.358578943630741,11.07441520690918,10.358578943630741,11.07441520690918,158320,0.0,0.0
2014-03-11 00:00:00+08:00,11.453388243926986,11.453388243926986,11.07441520690918,11.07441520690918,186638,0.0,0.0
2014-03-12 00:00:00+08:00,10.863874481547963,11.032307291551069,10.653334272191241,10.990199089050293,77320,0.0,0.0
2014-03-13 00:00:00+08:00,10.611228110657917,11.074415982756737,10.611228110657917,11.032308578491211,84129,0.0,0.0
2014-03-14 00:00:00+08:00,10.77965887969357,11.032307291551069,10.77965887969357,10.990199089050293,37000,0.0,0.0
2014-03-17 00:00:00+08:00,10.77965899857867,11.284955024719238,10.77965899857867,11.284955024719238,82000,0.0,0.0
2014-03-18 00:00:00+08:00,11.284955466615559,11.327063671229606,11.032307845225684,11.200739860534668,61497,0.0,0.0
2014-03-19 00:00:00+08:00,11.074415093157684,11.158631501218208,10.695442863179712,10.779659271240234,68001,0.0,0.0
2014-03-20 00:00:00+08:00,10.695443153381348,10.948091581270887,10.611227546182976,10.695443153381348,48000,0.0,0.0
2014-03-21 00:00:00+08:00,10.569119749169147,10.695443566418692,10.484903335571289,10.484903335571289,25050,0.0,0.0
2014-03-24 00:00:00+08:00,10.148039722899908,10.400688171386719,10.021715097082863,10.400688171386719,19000,0.0,0.0
2014-03-25 00:00:00+08:00,10.653334435521641,10.695442638667995,10.442794222937046,10.611227035522461,31000,0.0,0.0
2014-03-26 00:00:00+08:00,10.695443153381348,10.905983376098096,10.527011135837391,10.695443153381348,35000,0.0,0.0
2014-03-27 00:00:00+08:00,10.821767475270496,10.94809128421409,10.695442863179712,10.779659271240234,10250,0.0,0.0
2014-03-28 00:00:00+08:00,10.905983080183828,10.990199488244352,10.779659271240234,10.779659271240234,10000,0.0,0.0
2014-03-31 00:00:00+08:00,10.990198754502671,11.158630756231455,10.863874150845731,10.948090553283691,69577,0.0,0.0
2014-04-01 00:00:00+08:00,10.99020037107843,11.074415982756737,10.863875748840089,11.032308578491211,49000,0.0,0.0
2014-04-02 00:00:00+08:00,11.200740234099335,11.369172255025827,10.863875389099121,10.863875389099121,148000,0.0,0.0
2014-04-03 00:00:00+08:00,10.990199825143899,10.990199825143899,10.527011172906567,10.821767807006836,93000,0.0,0.0
2014-04-07 00:00:00+08:00,10.611227659050858,10.695443267145002,10.400687434094667,10.569119453430176,36000,0.0,0.0
2014-04-08 00:00:00+08:00,10.4849029306646,10.695443153381348,10.400687323466228,10.695443153381348,50000,0.0,0.0
2014-04-09 00:00:00+08:00,10.695442821480839,10.695442821480839,10.653334617614746,10.653334617614746,14000,0.0,0.0
2014-04-10 00:00:00+08:00,10.779659271240234,10.821767475270496,10.695442863179712,10.779659271240234,11631,0.0,0.0
2014-04-11 00:00:00+08:00,10.611227326263762,10.611227326263762,10.358578903610397,10.527010917663574,27000,0.0,0.0
2014-04-14 00:00:00+08:00,10.442794285596651,10.52701069239468,10.3585786819458,10.3585786819458,36000,0.0,0.0
2014-04-15 00:00:00+08:00,10.190147494273269,10.484903335571289,10.190147494273269,10.484903335571289,5000,0.0,0.0
2014-04-16 00:00:00+08:00,10.52701121074957,10.52701121074957,10.442794799804688,10.442794799804688,13000,0.0,0.0
2014-04-17 00:00:00+08:00,10.527010917663574,10.527010917663574,10.527010917663574,10.527010917663574,5004,0.0,0.0
2014-04-18 00:00:00+08:00,10.400686212436636,10.400686212436636,10.274361610412598,10.274361610412598,40000,0.0,0.0
2014-04-21 00:00:00+08:00,10.442794799804688,10.442794799804688,10.31647098653458,10.442794799804688,21000,0.0,0.0
2014-04-22 00:00:00+08:00,10.484902713363482,10.695442931716753,10.442794509063388,10.527010917663574,84247,0.0,0.0
2014-04-23 00:00:00+08:00,10.442794799804688,10.484903005277129,10.442794799804688,10.442794799804688,45000,0.0,0.0
2014-04-24 00:00:00+08:00,10.105930762319588,10.442794799804688,10.105930762319588,10.442794799804688,41000,0.0,0.0
2014-04-25 00:00:00+08:00,10.44279307742352,10.44279307742352,10.190145492553711,10.190145492553711,23000,0.0,0.0
2014-04-28 00:00:00+08:00,10.442795576845123,10.653335816726253,10.148039722899908,10.400688171386719,24000,0.0,0.0
2014-04-29 00:00:00+08:00,10.52701069239468,10.653334499444545,10.3585786819458,10.3585786819458,56000,0.0,0.0
2014-04-30 00:00:00+08:00,10.69544270284356,10.69544270284356,10.3585786819458,10.3585786819458,14000,0.0,0.0
2014-05-02 00:00:00+08:00,10.316471311522815,10.484903335571289,10.316471311522815,10.484903335571289,3000,0.0,0.0
2014-05-05 00:00:00+08:00,10.484903335571289,10.484903335571289,10.484903335571289,10.484903335571289,3000,0.0,0.0
2014-05-06 00:00:00+08:00,10.484903335571289,10.527011542370218,10.484903335571289,10.484903335571289,15000,0.0,0.0
2014-05-07 00:00:00+08:00,10.484902151201673,10.52701035324408,10.3164701461792,10.3164701461792,23000,0.0,0.0
2014-05-08 00:00:00+08:00,10.527010917663574,10.527010917663574,10.40068710791049,10.527010917663574,32000,0.0,0.0
2014-05-09 00:00:00+08:00,10.527010917663574,10.611227326263762,10.358578903610397,10.527010917663574,62000,0.0,0.0
2014-05-12 00:00:00+08:00,10.442795576845123,10.442795576845123,10.400688171386719,10.400688171386719,45255,0.0,0.0
2014-05-13 00:00:00+08:00,10.527010917663574,10.611227326263762,10.484902713363482,10.527010917663574,63000,0.0,0.0
2014-05-14 00:00:00+08:00,10.527011542370218,10.527011542370218,10.358579518321744,10.484903335571289,38000,0.0,0.0
2014-05-15 00:00:00+08:00,10.40068710791049,10.527010917663574,10.40068710791049,10.527010917663574,4000,0.0,0.0
2014-05-16 00:00:00+08:00,10.527011542370218,10.527011542370218,10.316471311522815,10.484903335571289,16010,0.0,0.0
2014-05-19 00:00:00+08:00,10.527010629229753,10.611227035522461,10.4849024260834,10.611227035522461,16000,0.0,0.0
2014-05-20 00:00:00+08:00,10.948091054398944,10.948091054398944,10.611227035522461,10.611227035522461,5000,0.0,0.0
2014-05-21 00:00:00+08:00,10.611227326263762,10.611227326263762,10.40068710791049,10.527010917663574,19999,0.0,0.0
2014-05-22 00:00:00+08:00,10.527011994056485,10.569120202662168,10.400688171386719,10.400688171386719,21000,0.0,0.0
2014-05-23 00:00:00+08:00,10.400686212436636,10.44279360996419,10.274361610412598,10.274361610412598,58005,0.0,0.0
2014-05-26 00:00:00+08:00,10.400687725120672,10.484903335571289,10.400687725120672,10.484903335571289,20000,0.0,0.0
2014-05-27 00:00:00+08:00,10.44279512877236,10.484903335571289,10.316471311522815,10.484903335571289,41000,0.0,0.0
2014-05-28 00:00:00+08:00,10.442795576845123,10.611228411267849,10.400688171386719,10.400688171386719,36433,0.0,0.0
2014-05-29 00:00:00+08:00,10.358579518321744,10.484903335571289,10.358579518321744,10.484903335571289,6043,0.0,0.0
2014-05-30 00:00:00+08:00,10.527011542370218,10.527011542370218,10.484903335571289,10.484903335571289,9000,0.0,0.0
2014-06-03 00:00:00+08:00,10.527010917663574,10.527010917663574,10.358578903610397,10.527010917663574,20000,0.0,0.0
2014-06-04 00:00:00+08:00,10.442794509063388,10.527010917663574,10.316470699310303,10.527010917663574,27000,0.0,0.0
2014-06-05 00:00:00+08:00,10.358579518321744,10.484903335571289,10.358579518321744,10.484903335571289,5065,0.0,0.0
2014-06-06 00:00:00+08:00,10.484903785450804,10.484903785450804,10.400688171386719,10.400688171386719,25020,0.0,0.0
2014-06-09 00:00:00+08:00,10.442794799804688,10.52701121074957,10.442794799804688,10.442794799804688,33000,0.0,0.0
2014-06-10 00:00:00+08:00,10.442794799804688,10.52701121074957,10.232254575589696,10.442794799804688,49000,0.0,0.0
2014-06-11 00:00:00+08:00,10.316471311522815,10.484903335571289,10.316471311522815,10.484903335571289,44122,0.0,0.0
2014-06-12 00:00:00+08:00,10.484903785450804,10.484903785450804,10.358579962781038,10.400688171386719,21000,0.0,0.0
2014-06-13 00:00:00+08:00,10.400688171386719,10.484903785450804,10.400688171386719,10.400688171386719,30000,0.0,0.0
2014-06-16 00:00:00+08:00,10.400687725120672,10.484903335571289,10.358579518321744,10.484903335571289,19046,0.0,0.0
2014-06-17 00:00:00+08:00,10.400686885344815,10.442794285596651,10.3585786819458,10.3585786819458,66000,0.0,0.0
2014-06-18 00:00:00+08:00,10.3585786819458,10.3585786819458,10.3585786819458,10.3585786819458,5000,0.0,0.0
2014-06-19 00:00:00+08:00,10.358579518321744,10.484903335571289,10.274363104723884,10.484903335571289,18000,0.0,0.0
2014-06-20 00:00:00+08:00,10.400686885344815,10.442794285596651,10.316470478546787,10.3585786819458,55000,0.0,0.0
2014-06-23 00:00:00+08:00,10.358579962781038,10.400688171386719,10.232255336963993,10.400688171386719,29000,0.0,0.0
2014-06-24 00:00:00+08:00,10.358579962781038,10.442795576845123,10.232255336963993,10.400688171386719,62100,0.0,0.0
2014-06-25 00:00:00+08:00,10.442795576845123,10.442795576845123,10.400688171386719,10.400688171386719,26000,0.0,0.0
2014-06-26 00:00:00+08:00,10.400688171386719,10.400688171386719,10.316471754175357,10.400688171386719,16530,0.0,0.0
2014-06-27 00:00:00+08:00,10.316471754175357,10.400688171386719,10.232255336963993,10.400688171386719,50001,0.0,0.0
2014-06-30 00:00:00+08:00,10.400686822937866,11.116523063837185,10.400686822937866,10.611227035522461,195000,0.0,0.0
2014-07-01 00:00:00+08:00,10.52701121074957,10.653335024019679,10.400687397479462,10.442794799804688,50000,0.0,0.0
2014-07-02 00:00:00+08:00,10.442794799804688,10.484903005277129,10.274362781062138,10.442794799804688,18180,0.0,0.0
2014-07-03 00:00:00+08:00,10.484902488995665,10.484902488995665,10.3585786819458,10.3585786819458,6000,0.0,0.0
2014-07-04 00:00:00+08:00,10.400686885344815,10.400686885344815,10.3585786819458,10.3585786819458,25000,0.0,0.0
2014-07-07 00:00:00+08:00,10.274363545569674,10.400688171386719,10.274363545569674,10.400688171386719,37000,0.0,0.0
2014-07-08 00:00:00+08:00,10.358579518321744,10.484903335571289,10.316471311522815,10.484903335571289,51000,0.0,0.0
2014-07-09 00:00:00+08:00,10.484903335571289,10.484903335571289,10.358579518321744,10.484903335571289,21500,0.0,0.0
2014-07-10 00:00:00+08:00,10.527011542370218,10.737551773217623,10.44279512877236,10.484903335571289,58458,0.0,0.0
2014-07-11 00:00:00+08:00,10.527011542370218,10.527011542370218,10.358579518321744,10.484903335571289,17000,0.0,0.0
2014-07-14 00:00:00+08:00,10.484903005277129,10.611227621694454,10.442794799804688,10.442794799804688,44000,0.0,0.0
2014-07-15 00:00:00+08:00,10.442794799804688,10.484903005277129,10.35857919200702,10.442794799804688,80101,0.0,0.0
2014-07-16 00:00:00+08:00,10.48425984308615,10.48425984308615,10.313088417053223,10.313088417053223,29564,0.198449,0.0
2014-07-17 00:00:00+08:00,10.313088417053223,10.398673721964816,10.313088417053223,10.313088417053223,47000,0.0,0.0
2014-07-18 00:00:00+08:00,10.270295356492555,10.35588147761389,10.270295356492555,10.313088417053223,52000,0.0,0.0
2014-07-21 00:00:00+08:00,10.313088948406902,10.313088948406902,10.227502822875977,10.227502822875977,19000,0.0,0.0
2014-07-22 00:00:00+08:00,10.270296562925683,10.270296562925683,10.141918182373047,10.141918182373047,28000,0.0,0.0
2014-07-23 00:00:00+08:00,10.141918182373047,10.141918182373047,10.141918182373047,10.141918182373047,0,0.0,0.0
2014-07-24 00:00:00+08:00,10.141918182373047,10.141918182373047,10.056332051198064,10.141918182373047,30753,0.0,0.0
2014-07-25 00:00:00+08:00,10.09912395477295,10.14191701543664,10.013537833445568,10.09912395477295,39000,0.0,0.0
2014-07-28 00:00:00+08:00,10.056331634521484,10.056331634521484,10.013538570707091,10.056331634521484,9020,0.0,0.0
2014-07-29 00:00:00+08:00,10.056331210691631,10.056331210691631,9.885159778857982,9.970745086669922,28000,0.0,0.0
2014-07-30 00:00:00+08:00,9.97074592002308,10.270296562925683,9.927953670645428,10.141918182373047,33000,0.0,0.0
2014-07-31 00:00:00+08:00,10.227502320554276,10.227502320554276,10.09912395477295,10.09912395477295,6000,0.0,0.0
2014-08-01 00:00:00+08:00,10.09912395477295,10.09912395477295,10.09912395477295,10.09912395477295,11000,0.0,0.0
2014-08-04 00:00:00+08:00,10.013539035484186,10.013539035484186,9.885160654292147,9.927953720092773,38926,0.0,0.0
2014-08-05 00:00:00+08:00,9.927953300222883,9.927953300222883,9.756781044259538,9.842367172241211,18200,0.0,0.0
2014-08-06 00:00:00+08:00,9.756779885731559,9.799572944641113,9.713987643031716,9.799572944641113,15000,0.0,0.0
2014-08-07 00:00:00+08:00,9.713988091095814,9.713988091095814,9.671195030212402,9.671195030212402,18000,0.0,0.0
2014-08-08 00:00:00+08:00,9.628401777961038,9.628401777961038,9.414437294006348,9.414437294006348,92000,0.0,0.0
2014-08-11 00:00:00+08:00,9.4144375069314,9.542815873723837,9.328851384929942,9.457230567932129,49000,0.0,0.0
2014-08-12 00:00:00+08:00,9.4144375069314,9.457230567932129,9.4144375069314,9.457230567932129,16000,0.0,0.0
2014-08-13 00:00:00+08:00,9.457231269470261,9.67119577413606,9.457231269470261,9.628402709960938,27000,0.0,0.0
2014-08-14 00:00:00+08:00,9.885160929503812,10.2702969000123,9.885160929503812,10.01353931427002,243000,0.0,0.0
2014-08-15 00:00:00+08:00,9.970746247277996,10.099125448254068,9.885160929503812,10.01353931427002,302190,0.0,0.0
2014-08-18 00:00:00+08:00,9.927952579303126,9.927952579303126,9.62840196932899,9.671195030212402,133000,0.0,0.0
2014-08-19 00:00:00+08:00,9.75678026218403,10.313088417053223,9.671194957272439,10.313088417053223,408129,0.0,0.0
2014-08-20 00:00:00+08:00,10.313088417053223,10.869395755712672,10.270295356492555,10.313088417053223,681000,0.0,0.0
2014-08-21 00:00:00+08:00,10.31308767980316,10.441466036098058,10.141916266006737,10.355880737304688,86000,0.0,0.0
2014-08-22 00:00:00+08:00,10.355882507855412,11.040568280102198,10.355882507855412,10.99777603149414,540000,0.0,0.0
2014-08-25 00:00:00+08:00,10.912190020027916,11.168947595505832,10.698225509831289,10.826603889465332,274000,0.0,0.0
2014-08-26 00:00:00+08:00,10.826603818002871,10.997776077998191,10.698225439216207,10.783811569213867,186000,0.0,0.0
2014-08-27 00:00:00+08:00,10.95498254682039,11.168947046499655,10.826603357286954,10.912189483642578,487000,0.0,0.0
2014-08-28 00:00:00+08:00,10.997774864169788,10.997774864169788,10.783810379000801,10.954981803894043,206000,0.0,0.0
2014-08-29 00:00:00+08:00,10.869396954746623,10.997776150590498,10.826603889465332,10.826603889465332,162020,0.0,0.0
2014-09-01 00:00:00+08:00,10.912189901858381,11.126154409737957,10.826603772222622,10.99777603149414,77796,0.0,0.0
2014-09-02 00:00:00+08:00,10.912190020027916,11.5112904853365,10.826603889465332,10.826603889465332,386280,0.0,0.0
2014-09-03 00:00:00+08:00,10.869396837040501,11.126154409737957,10.869396837040501,10.99777603149414,260000,0.0,0.0
2014-09-04 00:00:00+08:00,11.040566659785195,11.297324194800836,11.040566659785195,11.083359718322754,222000,0.0,0.0
2014-09-05 00:00:00+08:00,11.08336016851154,11.08336016851154,10.912188743618298,10.954981803894043,93122,0.0,0.0
2014-09-09 00:00:00+08:00,10.997775986765054,11.211740493774414,10.954982922121218,11.211740493774414,171000,0.0,0.0
2014-09-10 00:00:00+08:00,11.21174061212788,11.21174061212788,10.954983037764297,11.040568351745605,148000,0.0,0.0
2014-09-11 00:00:00+08:00,10.997776077998191,10.997776077998191,10.612639309218546,10.783811569213867,74200,0.0,0.0
2014-09-12 00:00:00+08:00,10.826603181153258,10.826603181153258,10.569846438683046,10.655431747436523,57000,0.0,0.0
2014-09-15 00:00:00+08:00,10.527053995430713,10.783811569213867,10.398674800434222,10.783811569213867,99188,0.0,0.0
2014-09-16 00:00:00+08:00,10.569846854832102,10.741018295288086,10.569846854832102,10.741018295288086,19006,0.0,0.0
2014-09-17 00:00:00+08:00,10.783811110318934,11.297325419823299,10.783811110318934,10.912189483642578,81000,0.0,0.0
2014-09-18 00:00:00+08:00,10.997774864169788,10.997774864169788,10.783810379000801,10.954981803894043,24000,0.0,0.0
2014-09-19 00:00:00+08:00,10.997776150590498,10.997776150590498,10.826603889465332,10.826603889465332,30020,0.0,0.0
2014-09-22 00:00:00+08:00,10.826603772222622,10.99777603149414,10.826603772222622,10.99777603149414,37000,0.0,0.0
2014-09-23 00:00:00+08:00,11.04056785696622,11.126153983321844,10.912189483642578,10.912189483642578,63000,0.0,0.0
2014-09-24 00:00:00+08:00,10.912189483642578,10.95498254682039,10.69822498396331,10.912189483642578,42000,0.0,0.0
2014-09-25 00:00:00+08:00,10.95498233441298,10.95498233441298,10.655431714186113,10.869396209716797,51319,0.0,0.0
2014-09-26 00:00:00+08:00,10.6554319207855,10.912189483642578,10.484260484284045,10.912189483642578,47000,0.0,0.0
2014-09-29 00:00:00+08:00,10.8693968830017,10.8693968830017,10.698225439216207,10.783811569213867,22000,0.0,0.0
2014-09-30 00:00:00+08:00,10.783810379000801,10.954981803894043,10.741017318725056,10.954981803894043,63425,0.0,0.0
2014-10-01 00:00:00+08:00,10.954981117002914,11.682459831237793,10.954981117002914,11.682459831237793,482459,0.0,0.0
2014-10-02 00:00:00+08:00,12.495526313781738,12.495526313781738,12.495526313781738,12.495526313781738,511950,0.0,0.0
2014-10-03 00:00:00+08:00,13.180212761729349,13.180212761729349,12.49552702050428,12.666698455810547,3005908,0.0,0.0
2014-10-06 00:00:00+08:00,12.837869891116814,13.308591950366388,12.49552702050428,12.666698455810547,1568087,0.0,0.0
2014-10-07 00:00:00+08:00,12.666698747537398,12.752284059056754,11.810840735085003,12.281562805175781,1586000,0.0,0.0
2014-10-08 00:00:00+08:00,12.281563229554912,12.495527740061375,11.725255012512207,11.725255012512207,811725,0.0,0.0
2014-10-09 00:00:00+08:00,11.768047622909437,12.110390500001063,11.2973255547511,11.382911682128906,566000,0.0,0.0
2014-10-13 00:00:00+08:00,11.126153802314878,11.126153802314878,10.612638684954895,10.655431747436523,383000,0.0,0.0
2014-10-14 00:00:00+08:00,10.612639309218546,10.826603818002871,10.612639309218546,10.783811569213867,150000,0.0,0.0
2014-10-15 00:00:00+08:00,10.783811593591851,11.468497370281634,10.783811593591851,11.040568351745605,467000,0.0,0.0
2014-10-16 00:00:00+08:00,11.040567895561981,11.040567895561981,10.270296020507812,10.698225021362305,341000,0.0,0.0
2014-10-17 00:00:00+08:00,10.69822410742442,10.69822410742442,10.184709023784157,10.270295143127441,178000,0.0,0.0
2014-10-20 00:00:00+08:00,10.912188568893743,10.912188568893743,10.355881242845795,10.484259605407715,174000,0.0,0.0
2014-10-21 00:00:00+08:00,10.484260347776887,10.569846473018162,10.270295850883482,10.44146728515625,94725,0.0,0.0
2014-10-22 00:00:00+08:00,10.527052903646817,10.569845964207484,10.313088417053223,10.313088417053223,185000,0.0,0.0
2014-10-23 00:00:00+08:00,10.48425984308615,10.527052903646817,10.313088417053223,10.313088417053223,60000,0.0,0.0
2014-10-24 00:00:00+08:00,10.355882745679361,10.355882745679361,9.71398920729948,9.927953720092773,318000,0.0,0.0
2014-10-27 00:00:00+08:00,9.92795334297698,10.056331719292535,9.628402709960938,9.628402709960938,282000,0.0,0.0
2014-10-28 00:00:00+08:00,9.671195004846556,10.013537858596449,9.671195004846556,9.885159492492676,112000,0.0,0.0
2014-10-29 00:00:00+08:00,9.885159238502109,10.270295143127441,9.885159238502109,10.270295143127441,105000,0.0,0.0
2014-10-30 00:00:00+08:00,10.270295356492555,10.441466782525483,10.141916991020295,10.313088417053223,62000,0.0,0.0
2014-10-31 00:00:00+08:00,10.355882011172364,10.398674257728043,10.184709760110513,10.227502822875977,36000,0.0,0.0
2014-11-03 00:00:00+08:00,10.441467981496881,10.655432492659562,10.270296535808702,10.612639427185059,186000,0.0,0.0
2014-11-04 00:00:00+08:00,10.655432374217376,10.8693968830017,10.527053995430713,10.783811569213867,198000,0.0,0.0
2014-11-05 00:00:00+08:00,10.783811148017122,10.869396458462143,10.48426052093506,10.698225021362305,121000,0.0,0.0
2014-11-06 00:00:00+08:00,10.655431747436523,10.783810934881409,10.569846438683046,10.655431747436523,34120,0.0,0.0
2014-11-07 00:00:00+08:00,10.655432209813714,10.698225274152286,10.527053833007812,10.527053833007812,43000,0.0,0.0
2014-11-10 00:00:00+08:00,10.398674869072082,10.912190020027916,10.398674869072082,10.826603889465332,110000,0.0,0.0
2014-11-11 00:00:00+08:00,10.783810901230389,11.08336070524748,10.698224776534204,10.869396209716797,36000,0.0,0.0
2014-11-12 00:00:00+08:00,11.08336016851154,11.08336016851154,10.698224258449313,10.954981803894043,12000,0.0,0.0
2014-11-13 00:00:00+08:00,10.95498301299936,11.040568326787195,10.698225439216207,10.783811569213867,85000,0.0,0.0
2014-11-14 00:00:00+08:00,10.954982585116959,10.954982585116959,10.612638894707489,10.698225021362305,189000,0.0,0.0
2014-11-17 00:00:00+08:00,10.86939627894306,10.86939627894306,10.44146728515625,10.44146728515625,37000,0.0,0.0
2014-11-18 00:00:00+08:00,10.441466807662984,10.612638234108001,10.013537833445568,10.09912395477295,76000,0.0,0.0
2014-11-19 00:00:00+08:00,10.270295704536133,10.270295704536133,9.970745086669922,9.970745086669922,98000,0.0,0.0
2014-11-20 00:00:00+08:00,9.842367862511788,10.099125448254068,9.842367862511788,10.01353931427002,52023,0.0,0.0
2014-11-21 00:00:00+08:00,10.09912395477295,10.09912395477295,10.09912395477295,10.09912395477295,11111,0.0,0.0
2014-11-24 00:00:00+08:00,9.92795229817375,10.313088202799085,9.92795229817375,10.270295143127441,121000,0.0,0.0
2014-11-25 00:00:00+08:00,10.270294700286447,10.398673057556152,10.270294700286447,10.398673057556152,5110,0.0,0.0
2014-11-26 00:00:00+08:00,10.313088734584888,10.35588179646312,10.184709548950195,10.184709548950195,89000,0.0,0.0
2014-11-27 00:00:00+08:00,10.184709259890585,10.355881502545348,10.09912395477295,10.09912395477295,77250,0.0,0.0
2014-11-28 00:00:00+08:00,10.227502788262843,10.527053410397524,10.056331353990075,10.44146728515625,184356,0.0,0.0
2014-12-01 00:00:00+08:00,10.313088202799085,10.313088202799085,10.099123720650596,10.270295143127441,41372,0.0,0.0
2014-12-02 00:00:00+08:00,10.270295143127441,10.270295143127441,10.270295143127441,10.270295143127441,72022,0.0,0.0
2014-12-03 00:00:00+08:00,10.398673057556152,10.398673057556152,10.398673057556152,10.398673057556152,74000,0.0,0.0
2014-12-04 00:00:00+08:00,10.398673057556152,10.398673057556152,10.398673057556152,10.398673057556152,34000,0.0,0.0
2014-12-05 00:00:00+08:00,10.398674916022378,10.74101862360857,10.398674916022378,10.612639427185059,139228,0.0,0.0
2014-12-08 00:00:00+08:00,10.698225021362305,10.783811148017122,10.612638894707489,10.698225021362305,139000,0.0,0.0
2014-12-09 00:00:00+08:00,10.698224809918152,10.74101787239978,10.44146725123816,10.655431747436523,206000,0.0,0.0
2014-12-10 00:00:00+08:00,10.61263820855841,10.61263820855841,10.313088417053223,10.313088417053223,52001,0.0,0.0
2014-12-11 00:00:00+08:00,10.270296535808702,10.612639427185059,10.184710404859697,10.612639427185059,106000,0.0,0.0
2014-12-12 00:00:00+08:00,10.612639427185059,10.612639427185059,10.612639427185059,10.612639427185059,0,0.0,0.0
2014-12-15 00:00:00+08:00,10.612639427185059,10.612639427185059,10.612639427185059,10.612639427185059,0,0.0,0.0
2014-12-16 00:00:00+08:00,10.612639427185059,10.612639427185059,10.612639427185059,10.612639427185059,0,0.0,0.0
2014-12-17 00:00:00+08:00,10.612639427185059,10.612639427185059,10.612639427185059,10.612639427185059,0,0.0,0.0
2014-12-18 00:00:00+08:00,10.612639427185059,10.612639427185059,10.612639427185059,10.612639427185059,0,0.0,0.0
2014-12-19 00:00:00+08:00,10.612639427185059,10.612639427185059,10.612639427185059,10.612639427185059,0,0.0,0.0
2014-12-22 00:00:00+08:00,10.612639427185059,10.612639427185059,10.612639427185059,10.612639427185059,0,0.0,0.0
2014-12-23 00:00:00+08:00,10.612639427185059,10.612639427185059,10.612639427185059,10.612639427185059,0,0.0,0.0
2014-12-24 00:00:00+08:00,10.612639427185059,10.612639427185059,10.612639427185059,10.612639427185059,0,0.0,0.0
2014-12-25 00:00:00+08:00,10.612639427185059,10.612639427185059,10.612639427185059,10.612639427185059,0,0.0,0.0
2014-12-26 00:00:00+08:00,11.853632926940918,11.853632926940918,11.853632926940918,11.853632926940918,43307,0.0,0.0
2014-12-29 00:00:00+08:00,11.982012329705666,12.62390584736847,11.853633952657033,11.8964262008667,402308,0.0,0.0
2014-12-30 00:00:00+08:00,11.939219150867373,12.11039059069508,11.896426086857995,12.067598342895508,88126,0.0,0.0
2014-12-31 00:00:00+08:00,12.153183727412367,12.36714823252952,12.067598415091393,12.110390663146973,105041,0.0,0.0
2015-01-05 00:00:00+08:00,12.110390580397231,12.53831958770752,12.024805268661058,12.53831958770752,139212,0.0,0.0
2015-01-06 00:00:00+08:00,12.409940507221426,12.495526630306857,12.153182954174893,12.367147445678711,68023,0.0,0.0
2015-01-07 00:00:00+08:00,12.3671473363505,13.223005294799805,12.3671473363505,13.223005294799805,326378,0.0,0.0
2015-01-08 00:00:00+08:00,13.522556673099741,13.650935047658775,12.709491729736328,12.709491729736328,350784,0.0,0.0
2015-01-09 00:00:00+08:00,12.837868723376044,12.96624708412592,12.409939765930176,12.409939765930176,222246,0.0,0.0
2015-01-12 00:00:00+08:00,12.409942213957633,12.709492869744007,12.324356079101562,12.324356079101562,111804,0.0,0.0
2015-01-13 00:00:00+08:00,12.49552746212622,13.009041786193848,12.409941333343372,13.009041786193848,170399,0.0,0.0
2015-01-14 00:00:00+08:00,13.009040109788657,13.180211529086591,12.837868690490723,12.837868690490723,111751,0.0,0.0
2015-01-15 00:00:00+08:00,12.837870104295362,13.009041542444008,12.709491729736328,12.709491729736328,76953,0.0,0.0
2015-01-16 00:00:00+08:00,12.709491802363448,13.09462774445117,12.709491802363448,12.752284049987793,115148,0.0,0.0
2015-01-19 00:00:00+08:00,12.923456016874841,12.966248263544069,12.623905392931533,12.666698455810547,102590,0.0,0.0
2015-01-20 00:00:00+08:00,12.795077113821941,12.837870177656088,12.709491802363448,12.752284049987793,58854,0.0,0.0
2015-01-21 00:00:00+08:00,12.837868690490723,13.180211529086591,12.666697271192788,12.837868690490723,59196,0.0,0.0
2015-01-22 00:00:00+08:00,12.752282974797284,13.137419700622559,12.752282974797284,13.137419700622559,100813,0.0,0.0
2015-01-23 00:00:00+08:00,12.752283938180781,13.13742069310158,12.752283938180781,12.923456192016602,116255,0.0,0.0
2015-01-26 00:00:00+08:00,12.92345622554802,13.650935041398595,12.880663161978031,13.18021297454834,166724,0.0,0.0
2015-01-27 00:00:00+08:00,13.180212385803998,13.779313616603076,13.180212385803998,13.693727493286133,142998,0.0,0.0
2015-01-28 00:00:00+08:00,13.693726448071965,14.121655399574214,13.693726448071965,13.864898681640625,94199,0.0,0.0
2015-01-29 00:00:00+08:00,13.351384119731096,14.20724205519566,13.351384119731096,13.779313087463379,56999,0.0,0.0
2015-01-30 00:00:00+08:00,13.907691095545456,14.036069456097374,13.693726617152448,13.736518859863281,47906,0.0,0.0
2015-02-02 00:00:00+08:00,13.993278733748689,13.993278733748689,13.18021297454834,13.18021297454834,98492,0.0,0.0
2015-02-03 00:00:00+08:00,13.180213055909663,13.265799183577958,12.709491802363448,12.752284049987793,69925,0.0,0.0
2015-02-04 00:00:00+08:00,12.88066291809082,12.96624822740049,12.752283729811639,12.88066291809082,25842,0.0,0.0
2015-02-05 00:00:00+08:00,12.75228397711614,12.837870104295362,12.581112538967496,12.709491729736328,68758,0.0,0.0
2015-02-06 00:00:00+08:00,12.752283765358788,12.837869891116814,12.666698455810547,12.666698455810547,71000,0.0,0.0
2015-02-09 00:00:00+08:00,12.581112119721167,12.795076614329384,12.581112119721167,12.623905181884766,40000,0.0,0.0
2015-02-10 00:00:00+08:00,12.538318126680052,12.538318126680052,12.409939765930176,12.409939765930176,36828,0.0,0.0
2015-02-11 00:00:00+08:00,12.409940967560601,12.4955270938208,12.0248050318093,12.23876953125,39368,0.0,0.0
2015-02-12 00:00:00+08:00,12.238769855943152,12.36714823252952,12.110390663146973,12.110390663146973,24000,0.0,0.0
2015-02-13 00:00:00+08:00,11.982011582870369,12.067597706374777,11.939218521118164,11.939218521118164,56137,0.0,0.0
2015-02-24 00:00:00+08:00,12.067596926457366,12.752282605402986,12.067596926457366,12.409939765930176,129196,0.0,0.0
2015-02-25 00:00:00+08:00,12.281562382105141,12.281562382105141,12.067597886362611,12.195976257324219,66023,0.0,0.0
2015-02-26 00:00:00+08:00,12.195977693027329,12.367149146529599,12.195977693027329,12.324356079101562,21000,0.0,0.0
2015-03-02 00:00:00+08:00,12.324355052830557,12.324355052830557,12.153183613582039,12.281562805175781,37609,0.0,0.0
2015-03-03 00:00:00+08:00,12.153183654704458,12.153183654704458,12.067598342895508,12.067598342895508,17001,0.0,0.0
2015-03-04 00:00:00+08:00,11.982011553025735,12.153182983398438,11.982011553025735,12.153182983398438,23000,0.0,0.0
2015-03-05 00:00:00+08:00,12.153183654704458,12.153183654704458,12.067598342895508,12.067598342895508,31917,0.0,0.0
2015-03-06 00:00:00+08:00,12.067598342895508,12.281562846732593,12.067598342895508,12.067598342895508,35002,0.0,0.0
2015-03-09 00:00:00+08:00,11.896425429734505,12.238769106689668,11.896425429734505,12.153182983398438,43124,0.0,0.0
2015-03-10 00:00:00+08:00,12.067597920063886,12.324354662704145,11.939218732533975,11.982011795043945,97662,0.0,0.0
2015-03-11 00:00:00+08:00,11.982011292880744,11.982011292880744,11.810839866224395,11.853632926940918,110451,0.0,0.0
2015-03-12 00:00:00+08:00,11.93921823216422,12.06759741431379,11.853632926940918,11.853632926940918,29328,0.0,0.0
2015-03-13 00:00:00+08:00,11.939219265286184,12.067598458544634,11.853633952657033,11.8964262008667,35000,0.0,0.0
2015-03-16 00:00:00+08:00,11.8964262008667,11.8964262008667,11.8964262008667,11.8964262008667,0,0.0,0.0
2015-03-17 00:00:00+08:00,12.067598342895508,12.067598342895508,12.067598342895508,12.067598342895508,5001,0.0,0.0
2015-03-18 00:00:00+08:00,11.982011795043945,12.153183228874045,11.939218732533975,11.982011795043945,14000,0.0,0.0
2015-03-19 00:00:00+08:00,11.982012286560606,12.795077242763828,11.939219222295213,12.110390663146973,280309,0.0,0.0
2015-03-20 00:00:00+08:00,12.153183228874045,12.195976291384016,11.939218732533975,11.982011795043945,53285,0.0,0.0
2015-03-23 00:00:00+08:00,12.067597920063886,12.110390166364075,11.939218732533975,11.982011795043945,28009,0.0,0.0
2015-03-24 00:00:00+08:00,11.939218732533975,12.067597920063886,11.896425670024005,11.982011795043945,10546,0.0,0.0
2015-03-25 00:00:00+08:00,11.939219265286184,11.982012329705666,11.810840888237548,11.8964262008667,32000,0.0,0.0
2015-03-26 00:00:00+08:00,11.63966944676943,12.02480539412515,11.63966944676943,11.8964262008667,40609,0.0,0.0
2015-03-27 00:00:00+08:00,12.02480539412515,12.02480539412515,11.8964262008667,11.8964262008667,41020,0.0,0.0
2015-03-30 00:00:00+08:00,11.810841505572832,12.024806022644043,11.768048438916617,12.024806022644043,35000,0.0,0.0
2015-03-31 00:00:00+08:00,12.067599145282303,12.067599145282303,11.81084156036377,11.81084156036377,20502,0.0,0.0
2015-04-01 00:00:00+08:00,11.810841143198726,11.810841143198726,11.682461947168948,11.725255012512207,33000,0.0,0.0
2015-04-02 00:00:00+08:00,11.768047332763672,11.896425704455364,11.768047332763672,11.768047332763672,22095,0.0,0.0
2015-04-07 00:00:00+08:00,11.896425997766347,11.896425997766347,11.382911682128906,11.382911682128906,63673,0.0,0.0
2015-04-08 00:00:00+08:00,11.425704077655176,11.511289383818248,11.425704077655176,11.468496322631836,30000,0.0,0.0
2015-04-09 00:00:00+08:00,11.468495359484649,11.768045946422925,11.468495359484649,11.682459831237793,14000,0.0,0.0
2015-04-10 00:00:00+08:00,11.768047332763672,11.768047332763672,11.768047332763672,11.768047332763672,1000,0.0,0.0
2015-04-13 00:00:00+08:00,11.768048077855466,11.896426457675412,11.725255012512207,11.725255012512207,22263,0.0,0.0
2015-04-14 00:00:00+08:00,11.853632061608057,11.853632061608057,11.596874532262348,11.682459831237793,42000,0.0,0.0
2015-04-15 00:00:00+08:00,11.682461207496024,11.810840395397497,11.682461207496024,11.768047332763672,15000,0.0,0.0
2015-04-16 00:00:00+08:00,11.639668035269333,11.68246027828974,11.554081916809082,11.554081916809082,15000,0.0,0.0
2015-04-17 00:00:00+08:00,11.639668927383743,12.195976291384016,11.639668927383743,11.982011795043945,76200,0.0,0.0
2015-04-20 00:00:00+08:00,11.89642545936596,12.281562198926034,11.89642545936596,11.939218521118164,87000,0.0,0.0
2015-04-21 00:00:00+08:00,11.939218491380121,12.153182983398438,11.939218491380121,12.153182983398438,25023,0.0,0.0
2015-04-22 00:00:00+08:00,12.110390663146973,12.153183727412367,12.110390663146973,12.110390663146973,24362,0.0,0.0
2015-04-23 00:00:00+08:00,12.110391395927174,12.110391395927174,11.81084156036377,11.81084156036377,31000,0.0,0.0
2015-04-24 00:00:00+08:00,11.982010418176069,11.982010418176069,11.682459831237793,11.682459831237793,44000,0.0,0.0
2015-04-27 00:00:00+08:00,11.768047298703875,11.982011795043945,11.725254236193905,11.982011795043945,27040,0.0,0.0
2015-04-28 00:00:00+08:00,11.939219150867373,12.067598342895508,11.939219150867373,12.067598342895508,16942,0.0,0.0
2015-04-29 00:00:00+08:00,12.067598458544634,12.067598458544634,11.8964262008667,11.8964262008667,40001,0.0,0.0
2015-04-30 00:00:00+08:00,11.939218462671075,12.709491121810675,11.939218462671075,12.367147445678711,103090,0.0,0.0
2015-05-04 00:00:00+08:00,12.367147625112953,12.709491306211962,12.153183130504736,12.623905181884766,64000,0.0,0.0
2015-05-05 00:00:00+08:00,12.795076614329384,12.795076614329384,12.40994068727655,12.623905181884766,32308,0.0,0.0
2015-05-06 00:00:00+08:00,12.538320600031867,12.538320600031867,12.067599306953095,12.324356079101562,92609,0.0,0.0
2015-05-07 00:00:00+08:00,12.153182983398438,12.238769106689668,12.024804614671352,12.153182983398438,20000,0.0,0.0
2015-05-08 00:00:00+08:00,12.153183654704458,12.153183654704458,12.067598342895508,12.067598342895508,6609,0.0,0.0
2015-05-11 00:00:00+08:00,12.153183264048527,12.153183264048527,11.682461207496024,11.768047332763672,28140,0.0,0.0
2015-05-12 00:00:00+08:00,12.110390968181875,12.110390968181875,11.725255012512207,11.725255012512207,5097,0.0,0.0
2015-05-13 00:00:00+08:00,11.768047061007419,12.153182983398438,11.768047061007419,12.153182983398438,20000,0.0,0.0
2015-05-14 00:00:00+08:00,11.939219150867373,12.067598342895508,11.939219150867373,12.067598342895508,8001,0.0,0.0
2015-05-15 00:00:00+08:00,12.110390166364075,12.110390166364075,11.982011795043945,11.982011795043945,6000,0.0,0.0
2015-05-18 00:00:00+08:00,11.982011795043945,11.982011795043945,11.982011795043945,11.982011795043945,4000,0.0,0.0
2015-05-19 00:00:00+08:00,11.853632926940918,11.853632926940918,11.853632926940918,11.853632926940918,5000,0.0,0.0
2015-05-20 00:00:00+08:00,11.853632926940918,11.853632926940918,11.853632926940918,11.853632926940918,6000,0.0,0.0
2015-05-21 00:00:00+08:00,11.853632926940918,11.853632926940918,11.853632926940918,11.853632926940918,3000,0.0,0.0
2015-05-22 00:00:00+08:00,12.067598458544634,12.067598458544634,11.8964262008667,11.8964262008667,4000,0.0,0.0
2015-05-25 00:00:00+08:00,11.554083333273804,11.76804783944554,11.425704956054688,11.425704956054688,30148,0.0,0.0
2015-05-26 00:00:00+08:00,11.425704464112641,11.768047332763672,11.382911401478818,11.768047332763672,53346,0.0,0.0
2015-05-27 00:00:00+08:00,11.554081916809082,11.554081916809082,11.554081916809082,11.554081916809082,5000,0.0,0.0
2015-05-28 00:00:00+08:00,11.725255012512207,11.725255012512207,11.725255012512207,11.725255012512207,2000,0.0,0.0
2015-05-29 00:00:00+08:00,11.554083333273804,11.554083333273804,10.997775943711213,11.425704956054688,24313,0.0,0.0
2015-06-01 00:00:00+08:00,11.382911682128906,11.425704745817809,11.382911682128906,11.382911682128906,9000,0.0,0.0
2015-06-02 00:00:00+08:00,11.382911682128906,11.382911682128906,11.382911682128906,11.382911682128906,0,0.0,0.0
2015-06-03 00:00:00+08:00,11.126153228787285,11.126153228787285,10.954981803894043,10.954981803894043,7000,0.0,0.0
2015-06-04 00:00:00+08:00,11.168947429130577,11.254532742208431,10.398674714170989,11.211740493774414,34373,0.0,0.0
2015-06-05 00:00:00+08:00,11.04056823519907,11.211740493774414,11.04056823519907,11.211740493774414,15000,0.0,0.0
2015-06-08 00:00:00+08:00,11.211739587932868,11.468496322631836,11.211739587932868,11.468496322631836,3000,0.0,0.0
2015-06-09 00:00:00+08:00,10.912189613970568,11.382911682128906,10.912189613970568,11.382911682128906,4105,0.0,0.0
2015-06-10 00:00:00+08:00,11.340118917617534,11.382911982435413,10.99777603149414,10.99777603149414,9000,0.0,0.0
2015-06-11 00:00:00+08:00,10.997776260411067,11.29732608795166,10.527054170036031,11.29732608795166,14000,0.0,0.0
2015-06-12 00:00:00+08:00,11.29732608795166,11.29732608795166,11.29732608795166,11.29732608795166,1000,0.0,0.0
2015-06-15 00:00:00+08:00,11.29732608795166,11.29732608795166,10.954983194702455,11.29732608795166,9000,0.0,0.0
2015-06-16 00:00:00+08:00,11.254531860351562,11.254531860351562,11.254531860351562,11.254531860351562,1000,0.0,0.0
2015-06-17 00:00:00+08:00,11.040567108235797,11.126153228787285,10.698224258449313,10.954981803894043,18000,0.0,0.0
2015-06-18 00:00:00+08:00,11.083360920144033,11.168947046499655,10.869396420464765,10.912189483642578,9000,0.0,0.0
2015-06-22 00:00:00+08:00,11.211738893935426,11.211738893935426,10.826602183307113,11.083359718322754,9000,0.0,0.0
2015-06-23 00:00:00+08:00,11.083359718322754,11.083359718322754,10.86939524184467,11.083359718322754,5273,0.0,0.0
2015-06-24 00:00:00+08:00,11.2117403686994,11.2117403686994,10.612639102788739,10.741018295288086,26226,0.0,0.0
2015-06-25 00:00:00+08:00,10.954983085309207,10.954983085309207,10.741018575112582,10.826603889465332,14000,0.0,0.0
2015-06-26 00:00:00+08:00,10.783811359454534,10.783811359454534,10.655432166955189,10.741018295288086,11448,0.0,0.0
2015-06-29 00:00:00+08:00,10.44146745760765,10.698225021362305,10.44146745760765,10.698225021362305,6000,0.0,0.0
2015-06-30 00:00:00+08:00,10.698225021362305,10.698225021362305,10.698225021362305,10.698225021362305,0,0.0,0.0
2015-07-01 00:00:00+08:00,10.698225021362305,10.698225021362305,10.698225021362305,10.698225021362305,0,0.0,0.0
2015-07-02 00:00:00+08:00,10.698225439216207,10.783811569213867,10.698225439216207,10.783811569213867,8000,0.0,0.0
2015-07-03 00:00:00+08:00,10.997776077998191,10.997776077998191,10.655432374217376,10.783811569213867,4047,0.0,0.0
2015-07-06 00:00:00+08:00,10.912189521789552,10.912189521789552,10.698225021362305,10.698225021362305,3609,0.0,0.0
2015-07-07 00:00:00+08:00,11.425703834507761,11.425703834507761,10.954981803894043,10.954981803894043,8000,0.0,0.0
2015-07-08 00:00:00+08:00,11.040568156441234,11.040568156441234,10.527053833007812,10.527053833007812,11000,0.0,0.0
2015-07-09 00:00:00+08:00,10.141917845587237,10.783811359454534,10.141917845587237,10.741018295288086,4000,0.0,0.0
2015-07-10 00:00:00+08:00,10.741018295288086,10.741018295288086,10.741018295288086,10.741018295288086,0,0.0,0.0
2015-07-13 00:00:00+08:00,10.9592024664755,11.443344116210938,10.9592024664755,11.443344116210938,38000,0.347865,0.0
2015-07-14 00:00:00+08:00,11.399331884383225,11.619396209716797,11.399331884383225,11.619396209716797,22000,0.0,0.0
2015-07-15 00:00:00+08:00,11.531370030915122,11.707421308746458,11.48735700158761,11.663408279418945,13000,0.0,0.0
2015-07-16 00:00:00+08:00,11.619395104061555,12.499652321634079,11.487356857217158,11.927485466003418,46000,0.0,0.0
2015-07-17 00:00:00+08:00,11.927485466003418,11.927485466003418,11.927485466003418,11.927485466003418,0,0.0,0.0
2015-07-20 00:00:00+08:00,11.663408001986417,12.103536605834961,11.663408001986417,12.103536605834961,2000,0.0,0.0
2015-07-21 00:00:00+08:00,11.927485471421312,11.927485471421312,11.883472442626953,11.883472442626953,3000,0.0,0.0
2015-07-22 00:00:00+08:00,11.883472442626953,11.883472442626953,11.883472442626953,11.883472442626953,0,0.0,0.0
2015-07-23 00:00:00+08:00,11.883472442626953,11.883472442626953,11.883472442626953,11.883472442626953,2000,0.0,0.0
2015-07-24 00:00:00+08:00,11.883472442626953,12.411627109201854,11.575382080545145,11.883472442626953,16000,0.0,0.0
2015-07-27 00:00:00+08:00,11.399330552867001,11.399330552867001,10.695124626159668,10.695124626159668,40000,0.0,0.0
2015-07-28 00:00:00+08:00,11.179267059057086,11.179267059057086,11.091241836547852,11.091241836547852,2000,0.0,0.0
2015-07-29 00:00:00+08:00,11.09124168722737,11.31130599975586,11.09124168722737,11.31130599975586,2000,0.0,0.0
2015-07-30 00:00:00+08:00,11.31130599975586,11.31130599975586,11.31130599975586,11.31130599975586,805,0.0,0.0
2015-07-31 00:00:00+08:00,10.607100038382306,11.267292976379395,10.607100038382306,11.267292976379395,4804,0.0,0.0
2015-08-03 00:00:00+08:00,10.739138428074689,11.31130615203905,10.739138428074689,11.091241836547852,9000,0.0,0.0
2015-08-04 00:00:00+08:00,11.091241844195723,11.091241844195723,10.783151466504108,11.047228813171387,6000,0.0,0.0
2015-08-05 00:00:00+08:00,11.047228813171387,11.091241844195723,10.827164497528445,11.047228813171387,16200,0.0,0.0
2015-08-06 00:00:00+08:00,11.047228376081053,11.751434326171875,10.91518928823225,11.751434326171875,4000,0.0,0.0
2015-08-07 00:00:00+08:00,11.135254035741317,11.179267066765654,11.047228813171387,11.047228813171387,16000,0.0,0.0
2015-08-10 00:00:00+08:00,10.827164344297437,11.31130599975586,10.827164344297437,11.31130599975586,9000,0.0,0.0
2015-08-11 00:00:00+08:00,11.135253892089844,11.48735729626345,11.091241701112034,11.22327995300293,7056,0.0,0.0
2015-08-12 00:00:00+08:00,11.22327995300293,11.22327995300293,11.22327995300293,11.22327995300293,0,0.0,0.0
2015-08-13 00:00:00+08:00,11.267292983459472,11.267292983459472,11.22327995300293,11.22327995300293,5000,0.0,0.0
2015-08-14 00:00:00+08:00,11.223279806283804,11.443344116210938,11.179266776402633,11.443344116210938,12000,0.0,0.0
2015-08-17 00:00:00+08:00,11.399330937138146,11.70742130279541,11.399330937138146,11.70742130279541,6474,0.0,0.0
2015-08-18 00:00:00+08:00,11.091242332603494,11.619396209716797,11.091242332603494,11.619396209716797,3000,0.0,0.0
2015-08-19 00:00:00+08:00,11.619396209716797,11.619396209716797,11.619396209716797,11.619396209716797,0,0.0,0.0
2015-08-20 00:00:00+08:00,11.619396209716797,11.619396209716797,11.619396209716797,11.619396209716797,0,0.0,0.0
2015-08-21 00:00:00+08:00,11.971498220844255,11.971498220844255,10.827163696289062,10.827163696289062,21100,0.0,0.0
2015-08-24 00:00:00+08:00,10.034931983362648,10.343022346496582,9.770855488652082,10.343022346496582,20461,0.0,0.0
2015-08-25 00:00:00+08:00,9.418751457253896,10.16697038008995,9.418751457253896,9.946906089782715,13841,0.0,0.0
2015-08-26 00:00:00+08:00,9.68282805973709,9.68282805973709,9.330725556992629,9.418750762939453,13414,0.0,0.0
2015-08-27 00:00:00+08:00,9.462764609943736,10.034931436613988,9.462764609943736,9.682828903198242,21143,0.0,0.0
2015-08-28 00:00:00+08:00,9.726841936172464,10.034931443245165,9.550790669348254,9.594802856445312,50000,0.0,0.0
2015-08-31 00:00:00+08:00,9.63881588302103,9.63881588302103,9.594802856445312,9.594802856445312,5000,0.0,0.0
2015-09-01 00:00:00+08:00,9.594802856445312,9.726841936172464,9.594802856445312,9.594802856445312,9000,0.0,0.0
2015-09-02 00:00:00+08:00,9.770854956291506,9.770854956291506,9.682828903198242,9.682828903198242,8000,0.0,0.0
2015-09-03 00:00:00+08:00,9.682829715231993,9.858880996704102,9.682829715231993,9.858880996704102,17000,0.0,0.0
2015-09-04 00:00:00+08:00,9.814867143359482,9.94690622299938,9.682828903198242,9.682828903198242,16000,0.0,0.0
2015-09-07 00:00:00+08:00,9.59480297815608,9.59480297815608,9.5067777633667,9.5067777633667,6000,0.0,0.0
2015-09-08 00:00:00+08:00,9.59480297815608,9.59480297815608,9.5067777633667,9.5067777633667,4242,0.0,0.0
2015-09-09 00:00:00+08:00,9.770855090572082,9.858880305396417,9.418751712838732,9.462764739990234,66000,0.0,0.0
2015-09-10 00:00:00+08:00,9.726842725430032,9.990920066833496,9.506778414173601,9.990920066833496,41000,0.0,0.0
2015-09-11 00:00:00+08:00,10.431048710836865,10.475060901595846,9.550791463997593,9.858880996704102,127019,0.0,0.0
2015-09-14 00:00:00+08:00,9.770854105162497,9.770854105162497,9.286712534279927,9.418750762939453,124443,0.0,0.0
2015-09-15 00:00:00+08:00,9.50677680836486,9.50677680836486,9.154673466141816,9.418750762939453,120000,0.0,0.0
2015-09-16 00:00:00+08:00,9.330725556992629,9.418750762939453,9.286712534279927,9.418750762939453,9001,0.0,0.0
2015-09-17 00:00:00+08:00,9.41875185295843,9.50677790857097,9.154674525599493,9.198687553405762,133000,0.0,0.0
2015-09-18 00:00:00+08:00,9.286714544967408,9.37473976997277,9.154675448241214,9.330727577209473,47000,0.0,0.0
2015-09-21 00:00:00+08:00,9.330726505529025,9.374738693237305,9.330726505529025,9.374738693237305,15000,0.0,0.0
2015-09-22 00:00:00+08:00,9.374738693237305,9.418751720424254,9.374738693237305,9.374738693237305,10109,0.0,0.0
2015-09-23 00:00:00+08:00,9.198688489264844,9.286714553833008,9.198688489264844,9.286714553833008,7000,0.0,0.0
2015-09-24 00:00:00+08:00,9.286714544967408,9.418752802214835,9.286714544967408,9.330727577209473,14000,0.0,0.0
2015-09-25 00:00:00+08:00,9.242700440041217,9.5067777633667,9.242700440041217,9.5067777633667,26000,0.0,0.0
2015-09-29 00:00:00+08:00,9.5067777633667,9.5067777633667,9.5067777633667,9.5067777633667,0,0.0,0.0
2015-09-30 00:00:00+08:00,9.418751705393035,9.550790786743164,9.330726490638286,9.550790786743164,50000,0.0,0.0
2015-10-01 00:00:00+08:00,9.506778558220713,9.770855903625488,9.506778558220713,9.770855903625488,37609,0.0,0.0
2015-10-02 00:00:00+08:00,9.770854953106996,9.946906219757489,9.726841926574707,9.726841926574707,43000,0.0,0.0
2015-10-05 00:00:00+08:00,9.946907050287782,9.946907050287782,9.726842738730436,9.902894020080566,25000,0.0,0.0
2015-10-06 00:00:00+08:00,9.902893202996673,9.902893202996673,9.550790669348254,9.594802856445312,61657,0.0,0.0
2015-10-07 00:00:00+08:00,9.594802856445312,9.594802856445312,9.594802856445312,9.594802856445312,5000,0.0,0.0
2015-10-08 00:00:00+08:00,9.77085496274818,9.77085496274818,9.594802856445312,9.594802856445312,23000,0.0,0.0
2015-10-12 00:00:00+08:00,9.726842872811568,9.858881125774587,9.594803780369812,9.770855903625488,27000,0.0,0.0
2015-10-13 00:00:00+08:00,9.770853992766705,9.770853992766705,9.550789721213206,9.638814926147461,51000,0.0,0.0
2015-10-14 00:00:00+08:00,9.594802850104976,9.682828903198242,9.550790663037002,9.682828903198242,15000,0.0,0.0
2015-10-15 00:00:00+08:00,9.682827948353875,9.946905242113788,9.594801903941047,9.638814926147461,54238,0.0,0.0
2015-10-16 00:00:00+08:00,9.72684275226941,9.814867973327637,9.72684275226941,9.814867973327637,19000,0.0,0.0
2015-10-19 00:00:00+08:00,9.946907064133068,9.946907064133068,9.814867973327637,9.814867973327637,29000,0.0,0.0
2015-10-20 00:00:00+08:00,9.99092008741723,9.99092008741723,9.814867966466393,9.858880996704102,14414,0.0,0.0
2015-10-21 00:00:00+08:00,9.946907064133068,9.990920094401545,9.814867973327637,9.814867973327637,36000,0.0,0.0
2015-10-22 00:00:00+08:00,9.902894033864591,9.946907064133068,9.72684275226941,9.814867973327637,30016,0.0,0.0
2015-10-23 00:00:00+08:00,9.902894156588506,9.902894156588506,9.770855903625488,9.770855903625488,35000,0.0,0.0
2015-10-26 00:00:00+08:00,9.946907057179521,9.946907057179521,9.814867966466393,9.858880996704102,13000,0.0,0.0
2015-10-27 00:00:00+08:00,9.90289306382554,9.946906089782715,9.814867011911186,9.946906089782715,27000,0.0,0.0
2015-10-28 00:00:00+08:00,9.90289402694181,9.90289402694181,9.814867966466393,9.858880996704102,23000,0.0,0.0
2015-10-29 00:00:00+08:00,9.946907057179521,9.946907057179521,9.770855775707412,9.858880996704102,20000,0.0,0.0
2015-10-30 00:00:00+08:00,9.814868094960667,9.814868094960667,9.770855903625488,9.770855903625488,20000,0.0,0.0
2015-11-02 00:00:00+08:00,9.77085576893765,9.946907050287782,9.77085576893765,9.902894020080566,123000,0.0,0.0
2015-11-03 00:00:00+08:00,9.90289306382554,9.946906089782715,9.814867011911186,9.946906089782715,46000,0.0,0.0
2015-11-04 00:00:00+08:00,9.946907057179521,9.946907057179521,9.858880996704102,9.858880996704102,27000,0.0,0.0
2015-11-05 00:00:00+08:00,9.770855755577063,10.299009598905265,9.770855755577063,9.990920066833496,65000,0.0,0.0
2015-11-06 00:00:00+08:00,10.03493227817621,10.166971368889339,9.858880996704102,9.858880996704102,35000,0.0,0.0
2015-11-09 00:00:00+08:00,9.858880996704102,9.858880996704102,9.858880996704102,9.858880996704102,21000,0.0,0.0
2015-11-10 00:00:00+08:00,9.858880989873352,10.034932271223484,9.858880989873352,9.902894020080566,9804,0.0,0.0
2015-11-11 00:00:00+08:00,9.90289306382554,9.990919115739892,9.814867011911186,9.946906089782715,32000,0.0,0.0
2015-11-12 00:00:00+08:00,9.902894033864591,9.902894033864591,9.814867973327637,9.814867973327637,10000,0.0,0.0
2015-11-13 00:00:00+08:00,9.858881003596114,9.946907064133068,9.770855782537888,9.814867973327637,11000,0.0,0.0
2015-11-16 00:00:00+08:00,9.90289402694181,9.946907057179521,9.726842745469702,9.858880996704102,19000,0.0,0.0
2015-11-17 00:00:00+08:00,9.90289402694181,10.03493227817621,9.858880996704102,9.858880996704102,15000,0.0,0.0
2015-11-18 00:00:00+08:00,9.81486794624537,9.990920066833496,9.726842725430032,9.990920066833496,10000,0.0,0.0
2015-11-19 00:00:00+08:00,9.990919115739892,10.034931302218421,9.814867011911186,9.946906089782715,23000,0.0,0.0
2015-11-20 00:00:00+08:00,9.946907036686465,10.122958317795865,9.81486794624537,9.990920066833496,49000,0.0,0.0
2015-11-23 00:00:00+08:00,9.990920066833496,10.166971347942896,9.8588809763924,9.990920066833496,68804,0.0,0.0
2015-11-24 00:00:00+08:00,9.90289306382554,10.16697038008995,9.858880037868364,9.946906089782715,24000,0.0,0.0
2015-11-25 00:00:00+08:00,9.858881125774587,9.858881125774587,9.770855903625488,9.770855903625488,13000,0.0,0.0
2015-11-26 00:00:00+08:00,9.814867966466393,9.90289402694181,9.770855775707412,9.858880996704102,9000,0.0,0.0
2015-11-27 00:00:00+08:00,9.770855782537888,9.990920094401545,9.770855782537888,9.814867973327637,10000,0.0,0.0
2015-11-30 00:00:00+08:00,9.814867973327637,9.814867973327637,9.814867973327637,9.814867973327637,1000,0.0,0.0
2015-12-01 00:00:00+08:00,9.858880037868364,9.946906089782715,9.682828773518304,9.946906089782715,26000,0.0,0.0
2015-12-02 00:00:00+08:00,9.858880037868364,9.946906089782715,9.814867011911186,9.946906089782715,16958,0.0,0.0
2015-12-03 00:00:00+08:00,9.814867011911186,10.034931302218421,9.770854825432657,9.946906089782715,49000,0.0,0.0
2015-12-04 00:00:00+08:00,9.858881125774587,9.858881125774587,9.770855903625488,9.770855903625488,17000,0.0,0.0
2015-12-07 00:00:00+08:00,9.814866175494544,9.814866175494544,9.638814926147461,9.638814926147461,38000,0.0,0.0
2015-12-08 00:00:00+08:00,9.59480297815608,9.59480297815608,9.286713467175241,9.5067777633667,23000,0.0,0.0
2015-12-09 00:00:00+08:00,9.374739787957271,9.374739787957271,9.242701530456543,9.242701530456543,37000,0.0,0.0
2015-12-10 00:00:00+08:00,9.154674269645461,9.594802856445312,9.066649055972686,9.594802856445312,18000,0.0,0.0
2015-12-11 00:00:00+08:00,9.286714544967408,9.330727577209473,9.242701512725343,9.330727577209473,5000,0.0,0.0
2015-12-14 00:00:00+08:00,9.286714544967408,9.330727577209473,9.286714544967408,9.330727577209473,2138,0.0,0.0
2015-12-15 00:00:00+08:00,9.19868742396818,9.374738693237305,9.19868742396818,9.374738693237305,6000,0.0,0.0
2015-12-16 00:00:00+08:00,9.286712534279927,9.462763785652156,9.286712534279927,9.418750762939453,31000,0.0,0.0
2015-12-17 00:00:00+08:00,9.594802014311682,9.638815037024386,9.418750762939453,9.418750762939453,12000,0.0,0.0
2015-12-18 00:00:00+08:00,9.55079079429324,9.55079079429324,9.37473868568723,9.462764739990234,4537,0.0,0.0
2015-12-21 00:00:00+08:00,9.330726505529025,9.374738693237305,9.242700451155129,9.374738693237305,16000,0.0,0.0
2015-12-22 00:00:00+08:00,9.286712534279927,9.418750762939453,9.242699511567222,9.418750762939453,10000,0.0,0.0
2015-12-23 00:00:00+08:00,9.50677680836486,9.50677680836486,9.330725556992629,9.418750762939453,11000,0.0,0.0
2015-12-24 00:00:00+08:00,9.5507908019851,9.5507908019851,9.374738693237305,9.374738693237305,19000,0.0,0.0
2015-12-25 00:00:00+08:00,9.462764732509745,9.682829028614623,9.462764732509745,9.550790786743164,38238,0.0,0.0
2015-12-28 00:00:00+08:00,9.726841926574707,9.726841926574707,9.726841926574707,9.726841926574707,2000,0.0,0.0
2015-12-29 00:00:00+08:00,9.770854953106996,9.770854953106996,9.726841926574707,9.726841926574707,7000,0.0,0.0
2015-12-30 00:00:00+08:00,9.682828909596747,9.682828909596747,9.46276461619682,9.594802856445312,9000,0.0,0.0
2015-12-31 00:00:00+08:00,9.63881681118373,9.770855903625488,9.63881681118373,9.770855903625488,8000,0.0,0.0
2016-01-04 00:00:00+08:00,9.594801903941047,9.638814926147461,9.506776699006792,9.638814926147461,6000,0.0,0.0
2016-01-05 00:00:00+08:00,9.638814926147461,9.638814926147461,9.462763676800378,9.638814926147461,3945,0.0,0.0
2016-01-06 00:00:00+08:00,9.5067777633667,9.59480297815608,9.242700440041217,9.5067777633667,16000,0.0,0.0
2016-01-07 00:00:00+08:00,9.374738678276326,9.594802974381205,9.330726490638286,9.550790786743164,102000,0.0,0.0
2016-01-08 00:00:00+08:00,9.638816691732456,9.858881003596114,9.506778440405753,9.814867973327637,30967,0.0,0.0
2016-01-11 00:00:00+08:00,9.63881588302103,9.63881588302103,9.506777642772537,9.594802856445312,13000,0.0,0.0
2016-01-12 00:00:00+08:00,9.902893202996673,9.902893202996673,9.506777642772537,9.594802856445312,9000,0.0,0.0
2016-01-13 00:00:00+08:00,9.814866175494544,10.078943469254455,9.638814926147461,9.638814926147461,13012,0.0,0.0
2016-01-14 00:00:00+08:00,9.594802856445312,9.594802856445312,9.594802856445312,9.594802856445312,41000,0.0,0.0
2016-01-15 00:00:00+08:00,9.63881588302103,9.81486714984524,9.594802856445312,9.594802856445312,46000,0.0,0.0
2016-01-18 00:00:00+08:00,9.682829715231993,9.858880996704102,9.682829715231993,9.858880996704102,2000,0.0,0.0
2016-01-19 00:00:00+08:00,9.68282984199765,9.858881125774587,9.594803780369812,9.770855903625488,8000,0.0,0.0
2016-01-20 00:00:00+08:00,9.770855903625488,9.770855903625488,9.770855903625488,9.770855903625488,0,0.0,0.0
2016-01-21 00:00:00+08:00,9.418750762939453,9.418750762939453,9.418750762939453,9.418750762939453,13000,0.0,0.0
2016-01-22 00:00:00+08:00,9.37473763238755,9.638814926147461,9.33072544965971,9.638814926147461,28000,0.0,0.0
2016-01-25 00:00:00+08:00,9.814867973327637,9.814867973327637,9.814867973327637,9.814867973327637,1000,0.0,0.0
2016-01-26 00:00:00+08:00,9.814867973327637,9.814867973327637,9.814867973327637,9.814867973327637,0,0.0,0.0
2016-01-27 00:00:00+08:00,9.682828903198242,9.682828903198242,9.682828903198242,9.682828903198242,4000,0.0,0.0
2016-01-28 00:00:00+08:00,9.462764732509745,9.770855082848042,9.462764732509745,9.550790786743164,18000,0.0,0.0
2016-01-29 00:00:00+08:00,9.550790790500725,9.550790790500725,9.5067777633667,9.5067777633667,2000,0.0,0.0
2016-02-01 00:00:00+08:00,9.594802974381205,9.726842055731332,9.506777759626454,9.550790786743164,12000,0.0,0.0
2016-02-02 00:00:00+08:00,9.550790790500725,9.59480297815608,9.5067777633667,9.5067777633667,10000,0.0,0.0
2016-02-03 00:00:00+08:00,9.418751720424254,9.462764747611203,9.374738693237305,9.374738693237305,13000,0.0,0.0
2016-02-15 00:00:00+08:00,9.374739787957271,9.374739787957271,9.242701530456543,9.242701530456543,15000,0.0,0.0
2016-02-16 00:00:00+08:00,9.242699511567222,9.418750762939453,9.242699511567222,9.418750762939453,18000,0.0,0.0
2016-02-17 00:00:00+08:00,9.286713467175241,9.550790790500725,9.286713467175241,9.5067777633667,10000,0.0,0.0
2016-02-18 00:00:00+08:00,9.55079190805873,9.55079190805873,9.242701521548927,9.286714553833008,40000,0.0,0.0
2016-02-19 00:00:00+08:00,9.374739778922404,9.374739778922404,9.286714553833008,9.286714553833008,8000,0.0,0.0
2016-02-22 00:00:00+08:00,9.286714562783041,9.33072759510954,9.242701530456543,9.242701530456543,40000,0.0,0.0
2016-02-23 00:00:00+08:00,9.286713478342078,9.374738693237305,9.242700451155129,9.374738693237305,9000,0.0,0.0
2016-02-24 00:00:00+08:00,9.374737740226749,9.418750762939453,9.374737740226749,9.418750762939453,11000,0.0,0.0
2016-02-25 00:00:00+08:00,9.418751720424254,9.418751720424254,9.374738693237305,9.374738693237305,7000,0.0,0.0
2016-02-26 00:00:00+08:00,9.418752802214835,9.418752802214835,9.242701512725343,9.330727577209473,30047,0.0,0.0
2016-03-01 00:00:00+08:00,9.242700451155129,9.374738693237305,9.242700451155129,9.374738693237305,69000,0.0,0.0
2016-03-02 00:00:00+08:00,9.286713478342078,9.374738693237305,9.286713478342078,9.374738693237305,30000,0.0,0.0
2016-03-03 00:00:00+08:00,9.418751720424254,9.418751720424254,9.330726505529025,9.374738693237305,7143,0.0,0.0
2016-03-04 00:00:00+08:00,9.418751589621104,9.63881588302103,9.330726375948329,9.594802856445312,64053,0.0,0.0
2016-03-07 00:00:00+08:00,9.506777642772537,9.63881588302103,9.506777642772537,9.594802856445312,45000,0.0,0.0
2016-03-08 00:00:00+08:00,9.59480366146398,9.858881003596114,9.418752379868799,9.814867973327637,67999,0.0,0.0
2016-03-09 00:00:00+08:00,9.814868094960667,9.814868094960667,9.726842872811568,9.770855903625488,9024,0.0,0.0
2016-03-10 00:00:00+08:00,9.550791589034633,9.858881125774587,9.550791589034633,9.770855903625488,44828,0.0,0.0
2016-03-11 00:00:00+08:00,9.638814926147461,9.858879197700958,9.506776699006792,9.638814926147461,158000,0.0,0.0
2016-03-14 00:00:00+08:00,9.506776699006792,9.638814926147461,9.418750654593964,9.638814926147461,30003,0.0,0.0
2016-03-15 00:00:00+08:00,9.550790786743164,9.638816001497913,9.506777759626454,9.550790786743164,19000,0.0,0.0
2016-03-16 00:00:00+08:00,9.68282890004242,9.770854953106996,9.550790659924212,9.726841926574707,19000,0.0,0.0
2016-03-17 00:00:00+08:00,9.726841926574707,9.726841926574707,9.506777633391925,9.726841926574707,12000,0.0,0.0
2016-03-18 00:00:00+08:00,9.72684097056029,9.72684097056029,9.638814926147461,9.638814926147461,18000,0.0,0.0
2016-03-21 00:00:00+08:00,9.72684097056029,9.770853992766705,9.418750654593964,9.638814926147461,29000,0.0,0.0
2016-03-22 00:00:00+08:00,9.63881588302103,9.63881588302103,9.506777642772537,9.594802856445312,7000,0.0,0.0
2016-03-23 00:00:00+08:00,9.594802856445312,9.594802856445312,9.594802856445312,9.594802856445312,0,0.0,0.0
2016-03-24 00:00:00+08:00,9.594802850104976,9.726841929744875,9.594802850104976,9.682828903198242,59000,0.0,0.0
2016-03-25 00:00:00+08:00,9.682828903198242,9.682828903198242,9.682828903198242,9.682828903198242,2000,0.0,0.0
2016-03-28 00:00:00+08:00,9.550790669348254,9.682828909596747,9.550790669348254,9.594802856445312,7000,0.0,0.0
2016-03-29 00:00:00+08:00,9.638814926147461,9.638814926147461,9.638814926147461,9.638814926147461,1000,0.0,0.0
2016-03-30 00:00:00+08:00,9.858881125774587,9.858881125774587,9.594803780369812,9.770855903625488,29852,0.0,0.0
2016-03-31 00:00:00+08:00,9.68282890004242,9.726841926574707,9.68282890004242,9.726841926574707,17000,0.0,0.0
2016-04-01 00:00:00+08:00,9.770855903625488,9.770855903625488,9.770855903625488,9.770855903625488,1000,0.0,0.0
2016-04-06 00:00:00+08:00,9.946906089782715,9.946906089782715,9.946906089782715,9.946906089782715,5000,0.0,0.0
2016-04-07 00:00:00+08:00,9.81486714984524,9.81486714984524,9.594802856445312,9.594802856445312,25000,0.0,0.0
2016-04-08 00:00:00+08:00,9.418752353879537,9.990920066833496,9.418752353879537,9.990920066833496,39000,0.0,0.0
2016-04-11 00:00:00+08:00,9.770854953106996,9.770854953106996,9.726841926574707,9.726841926574707,18000,0.0,0.0
2016-04-12 00:00:00+08:00,10.034931433343408,10.034931433343408,9.726841926574707,9.726841926574707,12000,0.0,0.0
2016-04-13 00:00:00+08:00,9.814867966466393,9.90289402694181,9.770855775707412,9.858880996704102,34000,0.0,0.0
2016-04-14 00:00:00+08:00,9.77085576893765,9.902894020080566,9.77085576893765,9.902894020080566,13016,0.0,0.0
2016-04-15 00:00:00+08:00,9.902894020080566,9.902894020080566,9.902894020080566,9.902894020080566,1999,0.0,0.0
2016-04-18 00:00:00+08:00,9.858880996704102,9.858880996704102,9.858880996704102,9.858880996704102,1,0.0,0.0
2016-04-19 00:00:00+08:00,9.638814926147461,9.814866175494544,9.638814926147461,9.638814926147461,5000,0.0,0.0
2016-04-20 00:00:00+08:00,9.99092008741723,9.99092008741723,9.682829715231993,9.858880996704102,5000,0.0,0.0
2016-04-21 00:00:00+08:00,9.858880996704102,9.858880996704102,9.858880996704102,9.858880996704102,0,0.0,0.0
2016-04-22 00:00:00+08:00,9.858880996704102,9.858880996704102,9.858880996704102,9.858880996704102,0,0.0,0.0
2016-04-25 00:00:00+08:00,9.946907187402424,9.946907187402424,9.770855903625488,9.770855903625488,2000,0.0,0.0
2016-04-26 00:00:00+08:00,9.858880176420955,9.858880176420955,9.594802856445312,9.594802856445312,9413,0.0,0.0
2016-04-27 00:00:00+08:00,9.5067777633667,9.550790790500725,9.5067777633667,9.5067777633667,7000,0.0,0.0
2016-04-28 00:00:00+08:00,9.50677763649037,9.682828903198242,9.462764609943736,9.682828903198242,13000,0.0,0.0
2016-04-29 00:00:00+08:00,9.638814926147461,9.638814926147461,9.638814926147461,9.638814926147461,1000,0.0,0.0
2016-05-03 00:00:00+08:00,9.638814926147461,9.638814926147461,9.638814926147461,9.638814926147461,2000,0.0,0.0
2016-05-04 00:00:00+08:00,9.638814926147461,9.638814926147461,9.638814926147461,9.638814926147461,0,0.0,0.0
2016-05-05 00:00:00+08:00,9.638814926147461,9.638814926147461,9.638814926147461,9.638814926147461,0,0.0,0.0
2016-05-06 00:00:00+08:00,9.638814926147461,9.638814926147461,9.638814926147461,9.638814926147461,0,0.0,0.0
2016-05-09 00:00:00+08:00,9.638814926147461,9.638814926147461,9.638814926147461,9.638814926147461,0,0.0,0.0
2016-05-10 00:00:00+08:00,9.638814926147461,9.638814926147461,9.638814926147461,9.638814926147461,0,0.0,0.0
2016-05-11 00:00:00+08:00,9.638814926147461,9.638814926147461,9.638814926147461,9.638814926147461,0,0.0,0.0
2016-05-12 00:00:00+08:00,9.33072758611709,9.33072758611709,9.286714553833008,9.286714553833008,2000,0.0,0.0
2016-05-13 00:00:00+08:00,9.286713609018301,9.286713609018301,9.066649309465635,9.198687553405762,9000,0.0,0.0
2016-05-16 00:00:00+08:00,9.594803654756575,9.858880996704102,9.594803654756575,9.858880996704102,3000,0.0,0.0
2016-05-17 00:00:00+08:00,9.46276461619682,9.594802856445312,9.46276461619682,9.594802856445312,2001,0.0,0.0
2016-05-18 00:00:00+08:00,9.374737740226749,9.726841082449795,9.242699511567222,9.418750762939453,19851,0.0,0.0
2016-05-19 00:00:00+08:00,9.242700436404867,9.550790786743164,9.242700436404867,9.550790786743164,11000,0.0,0.0
2016-05-20 00:00:00+08:00,9.33072758611709,9.33072758611709,9.286714553833008,9.286714553833008,5000,0.0,0.0
2016-05-23 00:00:00+08:00,9.286714562783041,9.33072759510954,9.110663272955813,9.242701530456543,10000,0.0,0.0
2016-05-24 00:00:00+08:00,9.242701530456543,9.242701530456543,9.242701530456543,9.242701530456543,0,0.0,0.0
2016-05-25 00:00:00+08:00,9.242701530456543,9.242701530456543,9.242701530456543,9.242701530456543,0,0.0,0.0
2016-05-26 00:00:00+08:00,9.19868742396818,9.374738693237305,9.19868742396818,9.374738693237305,6006,0.0,0.0
2016-05-27 00:00:00+08:00,9.462764739990234,9.462764739990234,9.462764739990234,9.462764739990234,1000,0.0,0.0
2016-05-30 00:00:00+08:00,9.286714553833008,9.286714553833008,9.286714553833008,9.286714553833008,4000,0.0,0.0
2016-05-31 00:00:00+08:00,9.242701530456543,9.242701530456543,9.242701530456543,9.242701530456543,4002,0.0,0.0
2016-06-01 00:00:00+08:00,9.330726494309268,9.5067777633667,9.286713467175241,9.5067777633667,3119,0.0,0.0
2016-06-02 00:00:00+08:00,9.330727577209473,9.418752802214835,9.242701512725343,9.330727577209473,13438,0.0,0.0
2016-06-03 00:00:00+08:00,9.286714553833008,9.286714553833008,9.154675456980764,9.286714553833008,31000,0.0,0.0
2016-06-06 00:00:00+08:00,9.198687553405762,9.198687553405762,9.198687553405762,9.198687553405762,2000,0.0,0.0
2016-06-07 00:00:00+08:00,9.198687553405762,9.198687553405762,9.198687553405762,9.198687553405762,0,0.0,0.0
2016-06-08 00:00:00+08:00,9.242701548528728,9.242701548528728,9.154675483703613,9.154675483703613,12000,0.0,0.0
2016-06-13 00:00:00+08:00,9.154674798617284,9.154674798617284,8.846585273742676,8.846585273742676,41000,0.0,0.0
2016-06-14 00:00:00+08:00,8.846585268028708,8.89059829711914,8.802572238938275,8.89059829711914,48191,0.0,0.0
2016-06-15 00:00:00+08:00,8.934610226046825,9.198687553405762,8.934610226046825,9.198687553405762,6414,0.0,0.0
2016-06-16 00:00:00+08:00,9.022637225944711,9.154675483703613,8.978624193532154,9.154675483703613,3000,0.0,0.0
2016-06-17 00:00:00+08:00,9.022637208302815,9.242701530456543,8.934611143649818,9.242701530456543,21000,0.0,0.0
2016-06-20 00:00:00+08:00,9.022637367248535,9.066650400350383,9.022637367248535,9.022637367248535,4000,0.0,0.0
2016-06-21 00:00:00+08:00,8.890599097885236,9.066650390625,8.890599097885236,9.066650390625,29000,0.0,0.0
2016-06-22 00:00:00+08:00,9.066650390625,9.15467561725549,8.978624324515728,9.066650390625,15000,0.0,0.0
2016-06-23 00:00:00+08:00,9.066649447147011,9.066649447147011,8.846585144252563,8.978623390197754,43438,0.0,0.0
2016-06-24 00:00:00+08:00,9.198687553405762,9.198687553405762,9.198687553405762,9.198687553405762,1000,0.0,0.0
2016-06-27 00:00:00+08:00,8.93461129146109,9.198688650310126,8.93461129146109,9.066650390625,7000,0.0,0.0
2016-06-28 00:00:00+08:00,9.066650258357269,9.154675483703613,8.934611161119596,9.154675483703613,14000,0.0,0.0
2016-06-29 00:00:00+08:00,8.978623375124924,9.154674649249197,8.978623375124924,9.110662460327148,30609,0.0,0.0
2016-06-30 00:00:00+08:00,9.110662460327148,9.110662460327148,9.110662460327148,9.110662460327148,0,0.0,0.0
2016-07-01 00:00:00+08:00,9.154675465803544,9.242701530456543,9.154675465803544,9.242701530456543,4676,0.0,0.0
2016-07-04 00:00:00+08:00,9.19868866017714,9.19868866017714,8.978624334146689,9.022637367248535,26000,0.0,0.0
2016-07-05 00:00:00+08:00,9.066650258357269,9.19868851611617,9.066650258357269,9.154675483703613,16000,0.0,0.0
2016-07-06 00:00:00+08:00,8.978623390197754,9.198687693092202,8.978623390197754,8.978623390197754,17000,0.0,0.0
2016-07-07 00:00:00+08:00,8.978624334146689,9.19868866017714,8.978624334146689,9.022637367248535,21000,0.0,0.0
2016-07-08 00:00:00+08:00,9.022637367248535,9.022637367248535,9.022637367248535,9.022637367248535,0,0.0,0.0
2016-07-11 00:00:00+08:00,9.022637225944711,9.154675483703613,8.978624193532154,9.154675483703613,64000,0.0,0.0
2016-07-12 00:00:00+08:00,9.022637367248535,9.066650400350383,9.022637367248535,9.022637367248535,18000,0.0,0.0
2016-07-13 00:00:00+08:00,9.066649431926407,9.110662460327148,9.066649431926407,9.110662460327148,9000,0.0,0.0
2016-07-14 00:00:00+08:00,9.110662460327148,9.110662460327148,9.110662460327148,9.110662460327148,27000,0.0,0.0
2016-07-15 00:00:00+08:00,9.110663290769827,9.154675483703613,9.022637225944711,9.154675483703613,17000,0.0,0.0
2016-07-18 00:00:00+08:00,9.066650240629315,9.242701530456543,9.066650240629315,9.242701530456543,14000,0.0,0.0
2016-07-19 00:00:00+08:00,9.110663290769827,9.154675483703613,9.110663290769827,9.154675483703613,9461,0.0,0.0
2016-07-20 00:00:00+08:00,9.154674649249197,9.154674649249197,9.110662460327148,9.110662460327148,11000,0.0,0.0
2016-07-21 00:00:00+08:00,9.286714580941286,9.286714580941286,9.154675483703613,9.154675483703613,22000,0.0,0.0
2016-07-22 00:00:00+08:00,9.242701693278988,9.330727759482683,9.242701693278988,9.022637367248535,32000,0.0,0.0
2016-07-25 00:00:00+08:00,9.250480818056705,9.387187957763672,9.250480818056705,9.387187957763672,10000,0.35,0.0
2016-07-26 00:00:00+08:00,9.204912640644986,9.387187957763672,9.159343594075997,9.387187957763672,10000,0.0,0.0
2016-07-27 00:00:00+08:00,9.250480818056705,9.432757004332661,9.250480818056705,9.387187957763672,16000,0.0,0.0
2016-07-28 00:00:00+08:00,9.250480360828341,9.432756538094837,9.159343141352322,9.204912185668945,68000,0.0,0.0
2016-07-29 00:00:00+08:00,9.113774750537026,9.296050071716309,9.113774750537026,9.296050071716309,18000,0.0,0.0
2016-08-01 00:00:00+08:00,9.387187957763672,9.387187957763672,9.387187957763672,9.387187957763672,1000,0.0,0.0
2016-08-02 00:00:00+08:00,9.296049864625694,9.387187957763672,9.250480818056705,9.387187957763672,10609,0.0,0.0
2016-08-03 00:00:00+08:00,9.296050071716309,9.296050071716309,9.296050071716309,9.296050071716309,7000,0.0,0.0
2016-08-04 00:00:00+08:00,9.341619491577148,9.341619491577148,9.204913212534072,9.341619491577148,20000,0.0,0.0
2016-08-05 00:00:00+08:00,9.204913212534072,9.341619491577148,9.204913212534072,9.341619491577148,10000,0.0,0.0
2016-08-08 00:00:00+08:00,9.432756423950195,9.432756423950195,9.432756423950195,9.432756423950195,1746,0.0,0.0
2016-08-09 00:00:00+08:00,9.2960492926546,9.432756423950195,9.2960492926546,9.432756423950195,8715,0.0,0.0
2016-08-10 00:00:00+08:00,9.296050584530349,9.43275773482419,9.040865120802119,9.113775253295898,74023,0.0,0.0
2016-08-11 00:00:00+08:00,9.11377420726541,9.11377420726541,9.077319145202637,9.077319145202637,14096,0.0,0.0
2016-08-12 00:00:00+08:00,9.159343719482422,9.204912766675326,9.159343719482422,9.159343719482422,38665,0.0,0.0
2016-08-15 00:00:00+08:00,9.204912583323189,9.204912583323189,9.086433410644531,9.086433410644531,20000,0.0,0.0
2016-08-16 00:00:00+08:00,9.113775113733803,9.341619491577148,9.113775113733803,9.341619491577148,15000,0.0,0.0
2016-08-17 00:00:00+08:00,9.250481534432401,9.250481534432401,9.113775253295898,9.113775253295898,20000,0.0,0.0
2016-08-18 00:00:00+08:00,9.296049991903852,9.296049991903852,9.113774672289518,9.159343719482422,33000,0.0,0.0
2016-08-19 00:00:00+08:00,9.113775253295898,9.113775253295898,9.113775253295898,9.113775253295898,13490,0.0,0.0
2016-08-22 00:00:00+08:00,9.113775253295898,9.113775253295898,9.113775253295898,9.113775253295898,0,0.0,0.0
2016-08-23 00:00:00+08:00,9.113775253295898,9.113775253295898,9.113775253295898,9.113775253295898,3219,0.0,0.0
2016-08-24 00:00:00+08:00,9.159343719482422,9.159343719482422,9.159343719482422,9.159343719482422,4000,0.0,0.0
2016-08-25 00:00:00+08:00,9.204912766675326,9.250480944710947,9.113774672289518,9.159343719482422,6000,0.0,0.0
2016-08-26 00:00:00+08:00,9.113775253295898,9.113775253295898,9.113775253295898,9.113775253295898,1000,0.0,0.0
2016-08-29 00:00:00+08:00,9.113775253295898,9.113775253295898,9.113775253295898,9.113775253295898,2242,0.0,0.0
2016-08-30 00:00:00+08:00,9.204912185668945,9.204912185668945,9.204912185668945,9.204912185668945,1000,0.0,0.0
2016-08-31 00:00:00+08:00,9.113774672289518,9.159343719482422,9.113774672289518,9.159343719482422,3842,0.0,0.0
2016-09-01 00:00:00+08:00,9.250480651855469,9.250480651855469,9.250480651855469,9.250480651855469,2000,0.0,0.0
2016-09-02 00:00:00+08:00,9.296050071716309,9.296050071716309,9.296050071716309,9.296050071716309,1000,0.0,0.0
2016-09-05 00:00:00+08:00,9.387188540977283,9.387188540977283,9.296050442177014,9.341619491577148,17000,0.0,0.0
2016-09-06 00:00:00+08:00,9.341619491577148,9.341619491577148,9.341619491577148,9.341619491577148,143,0.0,0.0
2016-09-07 00:00:00+08:00,9.341619491577148,9.341619491577148,9.341619491577148,9.341619491577148,509,0.0,0.0
2016-09-08 00:00:00+08:00,9.159343594075997,9.387187957763672,9.159343594075997,9.387187957763672,4609,0.0,0.0
2016-09-09 00:00:00+08:00,9.250480651855469,9.250480651855469,9.250480651855469,9.250480651855469,2000,0.0,0.0
2016-09-12 00:00:00+08:00,9.159343719482422,9.159343719482422,9.113774672289518,9.159343719482422,4219,0.0,0.0
2016-09-13 00:00:00+08:00,9.113774267115016,9.478324890136719,9.040864142510674,9.478324890136719,7007,0.0,0.0
2016-09-14 00:00:00+08:00,9.478324890136719,9.478324890136719,9.478324890136719,9.478324890136719,1000,0.0,0.0
2016-09-19 00:00:00+08:00,9.387187380184997,9.432756423950195,9.2960492926546,9.432756423950195,5000,0.0,0.0
2016-09-20 00:00:00+08:00,9.432756423950195,9.432756423950195,9.432756423950195,9.432756423950195,1476,0.0,0.0
2016-09-21 00:00:00+08:00,9.2960492926546,9.432756423950195,9.250480248889401,9.432756423950195,4609,0.0,0.0
2016-09-22 00:00:00+08:00,9.296049405144966,9.296049405144966,9.204912185668945,9.204912185668945,7000,0.0,0.0
2016-09-23 00:00:00+08:00,9.204912475262464,9.250480651855469,9.113774383761942,9.250480651855469,34166,0.0,0.0
2016-09-26 00:00:00+08:00,9.204912845705312,9.296050071716309,9.204912845705312,9.296050071716309,3000,0.0,0.0
2016-09-27 00:00:00+08:00,9.296050071716309,9.296050071716309,9.296050071716309,9.296050071716309,0,0.0,0.0
2016-09-28 00:00:00+08:00,9.296050071716309,9.296050071716309,9.296050071716309,9.296050071716309,0,0.0,0.0
2016-09-29 00:00:00+08:00,9.296050071716309,9.296050071716309,9.296050071716309,9.296050071716309,1000,0.0,0.0
2016-09-30 00:00:00+08:00,9.159344303393846,9.159344303393846,9.113775253295898,9.113775253295898,35000,0.0,0.0
2016-10-03 00:00:00+08:00,9.250480651855469,9.250480651855469,9.250480651855469,9.250480651855469,1000,0.0,0.0
2016-10-04 00:00:00+08:00,9.159343719482422,9.159343719482422,9.159343719482422,9.159343719482422,17000,0.0,0.0
2016-10-05 00:00:00+08:00,9.250481024132165,9.296050071716309,9.204912845705312,9.296050071716309,13000,0.0,0.0
2016-10-06 00:00:00+08:00,9.34161844946159,9.34161844946159,9.204912185668945,9.204912185668945,4000,0.0,0.0
2016-10-07 00:00:00+08:00,9.296050071716309,9.296050071716309,9.296050071716309,9.296050071716309,7000,0.0,0.0
2016-10-11 00:00:00+08:00,9.159344303393846,9.159344303393846,9.113775253295898,9.113775253295898,20144,0.0,0.0
2016-10-12 00:00:00+08:00,9.159343719482422,9.159343719482422,9.159343719482422,9.159343719482422,13000,0.0,0.0
2016-10-13 00:00:00+08:00,9.204912475262464,9.250480651855469,9.113774383761942,9.250480651855469,9258,0.0,0.0
2016-10-14 00:00:00+08:00,9.204912185668945,9.204912185668945,9.204912185668945,9.204912185668945,8000,0.0,0.0
2016-10-17 00:00:00+08:00,9.159343141352322,9.204912185668945,9.159343141352322,9.204912185668945,14000,0.0,0.0
2016-10-18 00:00:00+08:00,9.296050071716309,9.296050071716309,9.296050071716309,9.296050071716309,1804,0.0,0.0
2016-10-19 00:00:00+08:00,9.204912185668945,9.204912185668945,9.204912185668945,9.204912185668945,20000,0.0,0.0
2016-10-20 00:00:00+08:00,9.204912640644986,9.387187957763672,9.204912640644986,9.387187957763672,9000,0.0,0.0
2016-10-21 00:00:00+08:00,9.387187493778214,9.387187493778214,9.204912185668945,9.204912185668945,6000,0.0,0.0
2016-10-24 00:00:00+08:00,9.204912185668945,9.204912185668945,9.204912185668945,9.204912185668945,23000,0.0,0.0
2016-10-25 00:00:00+08:00,9.204912185668945,9.204912185668945,9.204912185668945,9.204912185668945,30517,0.0,0.0
2016-10-26 00:00:00+08:00,9.250480651855469,9.250480651855469,9.250480651855469,9.250480651855469,32633,0.0,0.0
2016-10-27 00:00:00+08:00,9.204912185668945,9.204912185668945,9.204912185668945,9.204912185668945,2000,0.0,0.0
2016-10-28 00:00:00+08:00,9.204912475262464,9.250480651855469,9.204912475262464,9.250480651855469,8000,0.0,0.0
2016-10-31 00:00:00+08:00,9.250480651855469,9.250480651855469,9.250480651855469,9.250480651855469,0,0.0,0.0
2016-11-01 00:00:00+08:00,9.250480651855469,9.250480651855469,9.250480651855469,9.250480651855469,2000,0.0,0.0
2016-11-02 00:00:00+08:00,9.250480360828341,9.296049405144966,9.204912185668945,9.204912185668945,12000,0.0,0.0
2016-11-03 00:00:00+08:00,9.204912185668945,9.204912185668945,9.204912185668945,9.204912185668945,5338,0.0,0.0
2016-11-04 00:00:00+08:00,9.113774750537026,9.296050071716309,9.113774750537026,9.296050071716309,8000,0.0,0.0
2016-11-07 00:00:00+08:00,9.159343719482422,9.159343719482422,9.159343719482422,9.159343719482422,12000,0.0,0.0
2016-11-08 00:00:00+08:00,9.250480651855469,9.250480651855469,9.250480651855469,9.250480651855469,8000,0.0,0.0
2016-11-09 00:00:00+08:00,9.204912766675326,9.204912766675326,9.159343719482422,9.159343719482422,13000,0.0,0.0
2016-11-10 00:00:00+08:00,9.204912185668945,9.204912185668945,9.204912185668945,9.204912185668945,7720,0.0,0.0
2016-11-11 00:00:00+08:00,9.204912185668945,9.204912185668945,9.204912185668945,9.204912185668945,0,0.0,0.0
2016-11-14 00:00:00+08:00,9.204912185668945,9.204912185668945,9.204912185668945,9.204912185668945,100,0.0,0.0
2016-11-15 00:00:00+08:00,9.204912185668945,9.204912185668945,9.204912185668945,9.204912185668945,8999,0.0,0.0
2016-11-16 00:00:00+08:00,9.204912185668945,9.204912185668945,9.204912185668945,9.204912185668945,0,0.0,0.0
2016-11-17 00:00:00+08:00,9.204912845705312,9.296050071716309,9.204912845705312,9.296050071716309,7000,0.0,0.0
2016-11-18 00:00:00+08:00,9.2960492926546,9.478324598558176,9.2960492926546,9.432756423950195,14000,0.0,0.0
2016-11-21 00:00:00+08:00,9.478324890136719,9.478324890136719,9.478324890136719,9.478324890136719,8000,0.0,0.0
2016-11-22 00:00:00+08:00,9.523893642323374,9.523893642323374,9.432756423950195,9.432756423950195,19000,0.0,0.0
2016-11-23 00:00:00+08:00,9.523894104095636,9.615032196044922,9.47832505812099,9.615032196044922,14000,0.0,0.0
2016-11-24 00:00:00+08:00,9.660600645764134,10.57197803237746,9.660600645764134,10.025151252746582,329635,0.0,0.0
2016-11-25 00:00:00+08:00,10.025152284259617,10.389702928751595,10.025152284259617,10.161858558654785,181000,0.0,0.0
2016-11-28 00:00:00+08:00,10.07072146573998,10.116290514195462,9.934014320373535,9.934014320373535,52000,0.0,0.0
2016-11-29 00:00:00+08:00,9.934014032163141,10.116290220696783,9.751738712786779,9.888445854187012,24000,0.0,0.0
2016-11-30 00:00:00+08:00,9.797306536274855,10.025150874327757,9.797306536274855,9.979581832885742,12288,0.0,0.0
2016-12-01 00:00:00+08:00,9.979581832885742,9.979581832885742,9.979581832885742,9.979581832885742,16000,0.0,0.0
2016-12-02 00:00:00+08:00,9.934013166422368,10.025151252746582,9.934013166422368,10.025151252746582,11000,0.0,0.0
2016-12-05 00:00:00+08:00,10.02515174680018,10.02515174680018,9.842876434326172,9.842876434326172,19000,0.0,0.0
2016-12-06 00:00:00+08:00,9.660601767955258,10.161858693493638,9.660601767955258,9.934014320373535,42536,0.0,0.0
2016-12-07 00:00:00+08:00,10.025152417284499,10.07072146573998,9.934014320373535,9.934014320373535,6000,0.0,0.0
2016-12-08 00:00:00+08:00,9.934013166422368,10.025151252746582,9.934013166422368,10.025151252746582,19000,0.0,0.0
2016-12-09 00:00:00+08:00,9.934014842735982,10.207428278688523,9.934014842735982,10.116291046142578,49815,0.0,0.0
2016-12-12 00:00:00+08:00,10.07072146573998,10.116290514195462,9.934014320373535,9.934014320373535,35000,0.0,0.0
2016-12-13 00:00:00+08:00,10.025151252746582,10.025151252746582,10.025151252746582,10.025151252746582,3000,0.0,0.0
2016-12-14 00:00:00+08:00,10.16185712949663,10.16185712949663,9.979581832885742,9.979581832885742,17000,0.0,0.0
2016-12-15 00:00:00+08:00,9.842877016241525,9.842877016241525,9.797307968139648,9.797307968139648,6023,0.0,0.0
2016-12-16 00:00:00+08:00,9.751738712786779,9.934014032163141,9.751738712786779,9.888445854187012,31000,0.0,0.0
2016-12-19 00:00:00+08:00,9.888445854187012,9.888445854187012,9.888445854187012,9.888445854187012,0,0.0,0.0
2016-12-20 00:00:00+08:00,9.751738173029137,9.751738173029137,9.706169128417969,9.706169128417969,2918,0.0,0.0
2016-12-21 00:00:00+08:00,9.660601121852164,9.842876434326172,9.660601121852164,9.842876434326172,17000,0.0,0.0
2016-12-22 00:00:00+08:00,9.797307388918359,9.842876434326172,9.797307388918359,9.842876434326172,11354,0.0,0.0
2016-12-23 00:00:00+08:00,9.797308271226003,10.43527235691623,9.797308271226003,10.207427978515625,144117,0.0,0.0
2016-12-26 00:00:00+08:00,10.025152944439279,10.116291046142578,9.934014842735982,10.116291046142578,23000,0.0,0.0
2016-12-27 00:00:00+08:00,10.025151252746582,10.025151252746582,10.025151252746582,10.025151252746582,3917,0.0,0.0
2016-12-28 00:00:00+08:00,10.11629037996126,10.161858558654785,10.11629037996126,10.161858558654785,14000,0.0,0.0
2016-12-29 00:00:00+08:00,9.979583368829017,9.979583368829017,9.84287709261988,9.934014320373535,38000,0.0,0.0
2016-12-30 00:00:00+08:00,9.888445854187012,9.888445854187012,9.888445854187012,9.888445854187012,6710,0.0,0.0
2017-01-03 00:00:00+08:00,9.797307968139648,9.797307968139648,9.797307968139648,9.797307968139648,2000,0.0,0.0
2017-01-04 00:00:00+08:00,9.842877016241525,9.842877016241525,9.797307968139648,9.797307968139648,11272,0.0,0.0
2017-01-05 00:00:00+08:00,9.934013655984552,9.979582701392365,9.842876434326172,9.842876434326172,7000,0.0,0.0
2017-01-06 00:00:00+08:00,9.934012791443728,9.979581832885742,9.84287557771687,9.979581832885742,15095,0.0,0.0
2017-01-09 00:00:00+08:00,9.979581832885742,9.979581832885742,9.979581832885742,9.979581832885742,2015,0.0,0.0
2017-01-10 00:00:00+08:00,9.842877016241525,9.842877016241525,9.797307968139648,9.797307968139648,9414,0.0,0.0
2017-01-11 00:00:00+08:00,9.751737594604492,9.797306636512731,9.751737594604492,9.751737594604492,12000,0.0,0.0
2017-01-12 00:00:00+08:00,9.660600952964034,9.706169128417969,9.660600952964034,9.706169128417969,11609,0.0,0.0
2017-01-13 00:00:00+08:00,9.706169128417969,9.706169128417969,9.706169128417969,9.706169128417969,0,0.0,0.0
2017-01-16 00:00:00+08:00,9.615031441116786,9.615031441116786,9.47832431392647,9.523893356323242,10000,0.0,0.0
2017-01-17 00:00:00+08:00,9.569463729858398,9.569463729858398,9.569463729858398,9.569463729858398,7000,0.0,0.0
2017-01-18 00:00:00+08:00,9.569463150070279,9.615032196044922,9.569463150070279,9.615032196044922,5000,0.0,0.0
2017-01-19 00:00:00+08:00,9.523893935303743,9.660601070804814,9.432756714126938,9.478324890136719,89168,0.0,0.0
2017-01-20 00:00:00+08:00,9.478325632387298,9.706170006907737,9.478325632387298,9.569463729858398,92768,0.0,0.0
2017-01-23 00:00:00+08:00,9.569463729858398,9.569463729858398,9.569463729858398,9.569463729858398,0,0.0,0.0
2017-01-24 00:00:00+08:00,9.569462398720013,9.615031441116786,9.523893356323242,9.523893356323242,30000,0.0,0.0
2017-02-02 00:00:00+08:00,9.569463150070279,9.615032196044922,9.569463150070279,9.615032196044922,5000,0.0,0.0
2017-02-03 00:00:00+08:00,9.569463729858398,9.569463729858398,9.569463729858398,9.569463729858398,16000,0.0,0.0
2017-02-06 00:00:00+08:00,9.523895412869843,9.660602569580078,9.523895412869843,9.660602569580078,9000,0.0,0.0
2017-02-07 00:00:00+08:00,9.660600952964034,9.706169128417969,9.478324774519358,9.706169128417969,32238,0.0,0.0
2017-02-08 00:00:00+08:00,9.751738712786779,9.888445854187012,9.706169665653368,9.888445854187012,15129,0.0,0.0
2017-02-09 00:00:00+08:00,9.888445479733987,9.934013655984552,9.797307388918359,9.842876434326172,15000,0.0,0.0
2017-02-10 00:00:00+08:00,9.979583291389856,9.979583291389856,9.797307968139648,9.797307968139648,15000,0.0,0.0
2017-02-13 00:00:00+08:00,9.797306636512731,9.797306636512731,9.751737594604492,9.751737594604492,22019,0.0,0.0
2017-02-14 00:00:00+08:00,9.797308044164398,10.025152417284499,9.797308044164398,9.934014320373535,18000,0.0,0.0
2017-02-15 00:00:00+08:00,9.934013166422368,10.116289339070798,9.934013166422368,10.025151252746582,19000,0.0,0.0
2017-02-16 00:00:00+08:00,9.888445362298128,10.070720672607422,9.842876317431495,10.070720672607422,19000,0.0,0.0
2017-02-17 00:00:00+08:00,10.07072199529093,10.116291046142578,10.025152944439279,10.116291046142578,46000,0.0,0.0
2017-02-20 00:00:00+08:00,10.161859227836874,10.161859227836874,10.025152944439279,10.116291046142578,23314,0.0,0.0
2017-02-21 00:00:00+08:00,9.979581832885742,9.979581832885742,9.934012791443728,9.979581832885742,5000,0.0,0.0
2017-02-22 00:00:00+08:00,10.207426556237806,10.207426556237806,9.934013166422368,10.025151252746582,5656,0.0,0.0
2017-02-23 00:00:00+08:00,10.025151252746582,10.025151252746582,10.025151252746582,10.025151252746582,0,0.0,0.0
2017-02-24 00:00:00+08:00,9.934013166422368,10.025151252746582,9.797306906093251,10.025151252746582,41619,0.0,0.0
2017-03-01 00:00:00+08:00,10.025151252746582,10.025151252746582,10.025151252746582,10.025151252746582,0,0.0,0.0
2017-03-02 00:00:00+08:00,10.34413368572413,10.34413368572413,10.025151252746582,10.025151252746582,18214,0.0,0.0
2017-03-03 00:00:00+08:00,10.298566380391822,10.298566380391822,10.025152944439279,10.116291046142578,27115,0.0,0.0
2017-03-06 00:00:00+08:00,10.07072029590869,10.07072029590869,10.025151252746582,10.025151252746582,13000,0.0,0.0
2017-03-07 00:00:00+08:00,10.025151252746582,10.025151252746582,10.025151252746582,10.025151252746582,15115,0.0,0.0
2017-03-08 00:00:00+08:00,9.979582209584475,10.025151252746582,9.979582209584475,10.025151252746582,23000,0.0,0.0
2017-03-09 00:00:00+08:00,10.16185789318345,10.16185789318345,10.025151627740788,10.070720672607422,9902,0.0,0.0
2017-03-10 00:00:00+08:00,10.025152944439279,10.116291046142578,10.025152944439279,10.116291046142578,33000,0.0,0.0
2017-03-13 00:00:00+08:00,10.025152284259617,10.161858558654785,10.025152284259617,10.161858558654785,26000,0.0,0.0
2017-03-14 00:00:00+08:00,9.979581832885742,10.298564253822676,9.934012791443728,9.979581832885742,129000,0.0,0.0
2017-03-15 00:00:00+08:00,9.979581832885742,9.979581832885742,9.979581832885742,9.979581832885742,11000,0.0,0.0
2017-03-16 00:00:00+08:00,9.979581832885742,9.979581832885742,9.934012791443728,9.979581832885742,22000,0.0,0.0
2017-03-17 00:00:00+08:00,9.979582209584475,10.025151252746582,9.888444992417465,10.025151252746582,14002,0.0,0.0
2017-03-20 00:00:00+08:00,10.11629037996126,10.161858558654785,10.07072133211044,10.161858558654785,22804,0.0,0.0
2017-03-21 00:00:00+08:00,10.025152284259617,10.161858558654785,9.88844600986445,10.161858558654785,20000,0.0,0.0
2017-03-22 00:00:00+08:00,10.025152944439279,10.116291046142578,10.025152944439279,10.116291046142578,8000,0.0,0.0
2017-03-23 00:00:00+08:00,10.025152944439279,10.116291046142578,10.025152944439279,10.116291046142578,6828,0.0,0.0
2017-03-24 00:00:00+08:00,10.161858558654785,10.161858558654785,10.161858558654785,10.161858558654785,3000,0.0,0.0
2017-03-27 00:00:00+08:00,10.161858558654785,10.161858558654785,10.07072133211044,10.161858558654785,8000,0.0,0.0
2017-03-28 00:00:00+08:00,10.161857513075699,10.161857513075699,10.025151252746582,10.025151252746582,10000,0.0,0.0
2017-03-29 00:00:00+08:00,10.16185789318345,10.16185789318345,10.025151627740788,10.070720672607422,9000,0.0,0.0
2017-03-30 00:00:00+08:00,10.070721204341842,10.389702796936035,10.070721204341842,10.389702796936035,38000,0.0,0.0
2017-03-31 00:00:00+08:00,10.435272216796875,10.435272216796875,10.435272216796875,10.435272216796875,3000,0.0,0.0
2017-04-05 00:00:00+08:00,10.29856557154796,10.389702796936035,10.116290251614522,10.389702796936035,30302,0.0,0.0
2017-04-06 00:00:00+08:00,10.389702796936035,10.389702796936035,10.389702796936035,10.389702796936035,0,0.0,0.0
2017-04-07 00:00:00+08:00,10.389703167897165,10.435272216796875,10.344134988154773,10.435272216796875,30000,0.0,0.0
2017-04-10 00:00:00+08:00,10.389702670777796,10.93652949309548,10.389702670777796,10.617547035217285,306000,0.0,0.0
2017-04-11 00:00:00+08:00,10.617547543238397,10.617547543238397,10.389703167897165,10.435272216796875,56000,0.0,0.0
2017-04-12 00:00:00+08:00,10.34413461882064,10.526409938754076,10.34413461882064,10.389702796936035,18013,0.0,0.0
2017-04-13 00:00:00+08:00,10.435272373947205,10.617547703133708,10.389703324361246,10.571979522705078,38000,0.0,0.0
2017-04-14 00:00:00+08:00,10.571979666290808,10.571979666290808,10.344135284423828,10.344135284423828,52000,0.0,0.0
2017-04-17 00:00:00+08:00,10.298564910888672,10.298564910888672,10.298564910888672,10.298564910888672,1030,0.0,0.0
2017-04-18 00:00:00+08:00,10.389702796936035,10.389702796936035,10.389702796936035,10.389702796936035,2386,0.0,0.0
2017-04-19 00:00:00+08:00,10.207427978515625,10.207427978515625,10.207427978515625,10.207427978515625,1008,0.0,0.0
2017-04-20 00:00:00+08:00,10.161857777840478,10.389702130430239,10.025151513949512,10.298564910888672,63000,0.0,0.0
2017-04-21 00:00:00+08:00,10.116291046142578,10.116291046142578,10.116291046142578,10.116291046142578,3072,0.0,0.0
2017-04-24 00:00:00+08:00,10.116289339070798,10.116289339070798,9.706168819769037,10.025151252746582,61804,0.0,0.0
2017-04-25 00:00:00+08:00,9.797307388918359,9.934013655984552,9.751738343510544,9.842876434326172,14999,0.0,0.0
2017-04-26 00:00:00+08:00,9.888445854187012,9.934014032163141,9.797307759920189,9.888445854187012,29300,0.0,0.0
2017-04-27 00:00:00+08:00,9.934014320373535,9.934014320373535,9.934014320373535,9.934014320373535,1000,0.0,0.0
2017-04-28 00:00:00+08:00,9.934014320373535,9.934014320373535,9.934014320373535,9.934014320373535,3000,0.0,0.0
2017-05-02 00:00:00+08:00,10.070719915769773,10.116288957211788,9.979581832885742,9.979581832885742,4143,0.0,0.0
2017-05-03 00:00:00+08:00,10.025152284259617,10.161858558654785,10.025152284259617,10.161858558654785,40000,0.0,0.0
2017-05-04 00:00:00+08:00,10.207427397783128,10.252996444702148,10.207427397783128,10.252996444702148,22000,0.0,0.0
2017-05-05 00:00:00+08:00,10.116289602648308,10.298564910888672,10.116289602648308,10.298564910888672,10000,0.0,0.0
2017-05-08 00:00:00+08:00,10.298565939255063,10.435272216796875,10.298565939255063,10.435272216796875,18000,0.0,0.0
2017-05-09 00:00:00+08:00,10.435271636617236,10.480840682983398,10.252996320309848,10.480840682983398,14000,0.0,0.0
2017-05-10 00:00:00+08:00,10.252996492939733,10.252996492939733,9.797307759920189,9.888445854187012,50000,0.0,0.0
2017-05-11 00:00:00+08:00,9.888446661041685,10.116291046142578,9.888446661041685,10.116291046142578,17806,0.0,0.0
2017-05-12 00:00:00+08:00,10.252997114303264,11.02766835504689,10.207428064408226,10.708685874938965,189609,0.0,0.0
2017-05-15 00:00:00+08:00,10.79982351869665,11.756769180297852,10.79982351869665,11.756769180297852,435098,0.0,0.0
2017-05-16 00:00:00+08:00,10.982098118031603,11.30107969450158,10.708684717373595,10.799822807312012,493566,0.0,0.0
2017-05-17 00:00:00+08:00,10.890960723669481,11.392218512030274,10.890960723669481,11.255512237548828,179009,0.0,0.0
2017-05-18 00:00:00+08:00,11.164373730702644,12.21245744755468,11.073235638299309,11.574493408203125,283609,0.0,0.0
2017-05-19 00:00:00+08:00,11.574493152063225,11.620062197256464,11.255511574025041,11.301079750061035,117000,0.0,0.0
2017-05-22 00:00:00+08:00,11.301080251341498,11.301080251341498,11.118804931640625,11.118804931640625,44000,0.0,0.0
2017-05-23 00:00:00+08:00,11.073235308141173,11.164373397827148,11.027667132455425,11.164373397827148,17000,0.0,0.0
2017-05-24 00:00:00+08:00,11.164373978855163,11.164373978855163,11.027667706368831,11.118804931640625,61160,0.0,0.0
2017-05-25 00:00:00+08:00,11.301080416271112,11.392218512030274,11.164374141789668,11.255512237548828,60000,0.0,0.0
2017-05-26 00:00:00+08:00,11.301079079837912,11.301079079837912,11.118803779032241,11.209941864013672,59000,0.0,0.0
2017-05-31 00:00:00+08:00,11.073234558105469,11.118803599861877,11.02766638550624,11.073234558105469,65083,0.0,0.0
2017-06-01 00:00:00+08:00,11.118804931640625,11.209943026069704,11.118804931640625,11.118804931640625,32000,0.0,0.0
2017-06-02 00:00:00+08:00,11.209942442670135,11.301079663198871,11.118804352984162,11.164373397827148,34000,0.0,0.0
2017-06-05 00:00:00+08:00,11.39221866569123,11.665632087499281,11.255512389365858,11.528924942016602,93286,0.0,0.0
2017-06-06 00:00:00+08:00,11.528924278555664,11.528924278555664,11.437787055969238,11.437787055969238,26423,0.0,0.0
2017-06-07 00:00:00+08:00,11.392217164819343,11.392217164819343,11.209941864013672,11.209941864013672,39000,0.0,0.0
2017-06-08 00:00:00+08:00,11.301079750061035,11.301079750061035,11.164373483638563,11.301079750061035,42034,0.0,0.0
2017-06-09 00:00:00+08:00,11.301079663198871,11.301079663198871,10.93652904276945,11.164373397827148,75000,0.0,0.0
2017-06-12 00:00:00+08:00,10.936529365877082,10.982098412066357,10.75425405027725,10.845391273498535,40000,0.0,0.0
2017-06-13 00:00:00+08:00,10.845391068886784,10.982098204875456,10.799822892714474,10.936529159545898,23310,0.0,0.0
2017-06-14 00:00:00+08:00,10.890959912141108,11.027667045593262,10.617546514394034,11.027667045593262,28000,0.0,0.0
2017-06-15 00:00:00+08:00,10.754253647846186,11.027667045593262,10.754253647846186,11.027667045593262,4000,0.0,0.0
2017-06-16 00:00:00+08:00,11.027667867308223,11.255512237548828,11.027667867308223,11.255512237548828,12632,0.0,0.0
2017-06-19 00:00:00+08:00,11.392218589782715,11.392218589782715,11.392218589782715,11.392218589782715,15009,0.0,0.0
2017-06-20 00:00:00+08:00,11.118804438445324,11.301079750061035,11.073235393252086,11.301079750061035,8003,0.0,0.0
2017-06-21 00:00:00+08:00,11.118804931640625,11.118804931640625,10.936529611939752,11.118804931640625,7000,0.0,0.0
2017-06-22 00:00:00+08:00,11.164374141789668,11.255512237548828,11.164374141789668,11.255512237548828,5115,0.0,0.0
2017-06-23 00:00:00+08:00,10.936529771549063,11.255512237548828,10.936529771549063,11.255512237548828,13466,0.0,0.0
2017-06-26 00:00:00+08:00,11.255512891697606,11.437788224652124,11.20994384116964,11.346650123596191,57296,0.0,0.0
2017-06-27 00:00:00+08:00,11.346650123596191,11.437788224652124,11.20994384116964,11.346650123596191,47000,0.0,0.0
2017-06-28 00:00:00+08:00,11.255512389365858,11.528924942016602,11.255512389365858,11.528924942016602,28312,0.0,0.0
2017-06-29 00:00:00+08:00,11.665632087499281,11.665632087499281,11.255512389365858,11.528924942016602,26000,0.0,0.0
2017-06-30 00:00:00+08:00,11.255512185042521,11.620062828063965,11.255512185042521,11.620062828063965,18804,0.0,0.0
2017-07-03 00:00:00+08:00,11.483356184957055,11.574493408203125,11.25551182310598,11.574493408203125,27000,0.0,0.0
2017-07-04 00:00:00+08:00,11.574493913387778,11.574493913387778,11.255512314368243,11.392218589782715,35000,0.0,0.0
2017-07-05 00:00:00+08:00,11.301081224942928,11.528925611487402,11.301081224942928,11.483357429504395,9070,0.0,0.0
2017-07-06 00:00:00+08:00,11.301081073068225,11.346650123596191,11.255512891697606,11.346650123596191,34000,0.0,0.0
2017-07-07 00:00:00+08:00,11.346650123596191,11.346650123596191,11.346650123596191,11.346650123596191,0,0.0,0.0
2017-07-10 00:00:00+08:00,11.346648795254275,11.346648795254275,11.209942528831801,11.301079750061035,17000,0.0,0.0
2017-07-11 00:00:00+08:00,11.255511574025041,11.301079750061035,11.209942528831801,11.301079750061035,19804,0.0,0.0
2017-07-12 00:00:00+08:00,11.301079783867863,11.301079783867863,11.255511607695553,10.936529159545898,36020,0.0,0.0
2017-07-13 00:00:00+08:00,11.265094513588764,11.312032586449238,11.030405044555664,11.030405044555664,61000,0.35,0.0
2017-07-14 00:00:00+08:00,11.077342792107446,11.452845573425293,11.030404720625404,11.452845573425293,35000,0.0,0.0
2017-07-17 00:00:00+08:00,11.452846133284586,11.593660354614258,11.405908059508029,11.593660354614258,37000,0.0,0.0
2017-07-18 00:00:00+08:00,11.593660354614258,11.640597533121522,11.499784207061143,11.593660354614258,15000,0.0,0.0
2017-07-19 00:00:00+08:00,11.452845946667187,11.640597343444824,11.358970695913008,11.640597343444824,17219,0.0,0.0
2017-07-20 00:00:00+08:00,11.593660486419559,11.687535739770624,11.546722412109375,11.546722412109375,10000,0.0,0.0
2017-07-21 00:00:00+08:00,11.499783644907335,11.499783644907335,11.452845573425293,11.452845573425293,8685,0.0,0.0
2017-07-24 00:00:00+08:00,11.499783515930176,11.499783515930176,11.499783515930176,11.499783515930176,1023,0.0,0.0
2017-07-25 00:00:00+08:00,11.687535035566258,11.687535035566258,11.452845573425293,11.452845573425293,16000,0.0,0.0
2017-07-26 00:00:00+08:00,11.546722412109375,11.546722412109375,11.546722412109375,11.546722412109375,1000,0.0,0.0
2017-07-27 00:00:00+08:00,11.593660354614258,11.593660354614258,11.593660354614258,11.593660354614258,3000,0.0,0.0
2017-07-28 00:00:00+08:00,11.593660354614258,11.593660354614258,11.593660354614258,11.593660354614258,0,0.0,0.0
2017-07-31 00:00:00+08:00,11.499784207061143,11.593660354614258,11.499784207061143,11.593660354614258,7000,0.0,0.0
2017-08-01 00:00:00+08:00,11.358969688415527,11.405906861994827,11.265093550718525,11.358969688415527,47414,0.0,0.0
2017-08-02 00:00:00+08:00,11.312032254248413,11.452845573425293,11.171218039802284,11.452845573425293,53000,0.0,0.0
2017-08-03 00:00:00+08:00,11.358970325730455,11.452845573425293,11.265094182766369,11.452845573425293,16001,0.0,0.0
2017-08-04 00:00:00+08:00,11.265094056421397,11.499783515930176,11.265094056421397,11.499783515930176,9000,0.0,0.0
2017-08-07 00:00:00+08:00,11.499783515930176,11.499783515930176,11.499783515930176,11.499783515930176,0,0.0,0.0
2017-08-08 00:00:00+08:00,11.593659657841384,11.593659657841384,11.499783515930176,11.499783515930176,3047,0.0,0.0
2017-08-09 00:00:00+08:00,11.358970325730455,11.452845573425293,11.358970325730455,11.452845573425293,6607,0.0,0.0
2017-08-10 00:00:00+08:00,11.265094182766369,11.452845573425293,11.171218039802284,11.452845573425293,16829,0.0,0.0
2017-08-11 00:00:00+08:00,11.405907377986411,11.405907377986411,11.171217918395996,11.171217918395996,7000,0.0,0.0
2017-08-14 00:00:00+08:00,11.171218609330026,11.265094757080078,11.171218609330026,11.265094757080078,10454,0.0,0.0
2017-08-15 00:00:00+08:00,11.265094757080078,11.265094757080078,11.265094757080078,11.265094757080078,3000,0.0,0.0
2017-08-16 00:00:00+08:00,11.358971037849278,11.358971037849278,11.218156814575195,11.218156814575195,17000,0.0,0.0
2017-08-17 00:00:00+08:00,11.265094861517575,11.546722412109375,11.265094861517575,11.546722412109375,10000,0.0,0.0
2017-08-18 00:00:00+08:00,11.593660354614258,11.593660354614258,11.593660354614258,11.593660354614258,1016,0.0,0.0
2017-08-21 00:00:00+08:00,11.640597343444824,11.640597343444824,11.640597343444824,11.640597343444824,1001,0.0,0.0
2017-08-22 00:00:00+08:00,11.640597343444824,11.640597343444824,11.640597343444824,11.640597343444824,0,0.0,0.0
2017-08-23 00:00:00+08:00,11.358970881000765,11.593660354614258,11.26509473344765,11.593660354614258,37000,0.0,0.0
2017-08-24 00:00:00+08:00,11.499784337799191,11.546722412109375,11.452846263489008,11.546722412109375,6000,0.0,0.0
2017-08-25 00:00:00+08:00,11.358969688415527,11.405906861994827,11.312031619567026,11.358969688415527,35000,0.0,0.0
2017-08-28 00:00:00+08:00,11.358971403926645,11.546722812406975,11.265095252051813,11.405908584594727,40414,0.0,0.0
2017-08-29 00:00:00+08:00,11.452845573425293,11.452845573425293,11.452845573425293,11.452845573425293,13232,0.0,0.0
2017-08-30 00:00:00+08:00,11.593660036243769,11.73447335843731,11.499783891268564,11.687535285949707,181000,0.0,0.0
2017-08-31 00:00:00+08:00,11.734473814080808,11.875287141742056,11.546722412109375,11.546722412109375,59417,0.0,0.0
2017-09-01 00:00:00+08:00,11.640596833527747,11.640596833527747,11.499783515930176,11.499783515930176,13902,0.0,0.0
2017-09-04 00:00:00+08:00,11.499784207061143,11.593660354614258,11.499784207061143,11.593660354614258,11000,0.0,0.0
2017-09-05 00:00:00+08:00,11.405906861994827,11.49978299969183,11.358969688415527,11.358969688415527,48000,0.0,0.0
2017-09-06 00:00:00+08:00,11.358971010137942,11.546722412109375,11.265094861517575,11.546722412109375,46586,0.0,0.0
2017-09-07 00:00:00+08:00,11.405907501943249,11.452845573425293,11.358970325730455,11.452845573425293,28000,0.0,0.0
2017-09-08 00:00:00+08:00,11.546722412109375,11.64059766546044,11.452846263489008,11.546722412109375,71706,0.0,0.0
2017-09-11 00:00:00+08:00,11.59366088834439,11.59366088834439,11.265095252051813,11.405908584594727,53000,0.0,0.0
2017-09-12 00:00:00+08:00,11.312033327989228,11.405908584594727,11.265095252051813,11.405908584594727,85000,0.0,0.0
2017-09-13 00:00:00+08:00,11.312031619567026,11.358969688415527,11.265093550718525,11.358969688415527,31000,0.0,0.0
2017-09-14 00:00:00+08:00,11.312032963424583,11.358971037849278,11.1712187401505,11.218156814575195,45000,0.0,0.0
2017-09-15 00:00:00+08:00,11.218156683205052,11.265094757080078,11.171218609330026,11.265094757080078,12000,0.0,0.0
2017-09-18 00:00:00+08:00,11.35897077291488,11.593660244295194,11.26509462625504,11.312032699584961,45919,0.0,0.0
2017-09-19 00:00:00+08:00,11.312033327989228,11.405908584594727,11.312033327989228,11.405908584594727,37000,0.0,0.0
2017-09-20 00:00:00+08:00,11.405908584594727,11.405908584594727,11.265095252051813,11.405908584594727,21000,0.0,0.0
2017-09-21 00:00:00+08:00,11.405908584594727,11.405908584594727,11.358971403926645,11.405908584594727,18023,0.0,0.0
2017-09-22 00:00:00+08:00,11.35897090483013,11.35897090483013,11.265094757080078,11.265094757080078,14001,0.0,0.0
2017-09-25 00:00:00+08:00,11.265094757080078,11.265094757080078,11.171218609330026,11.265094757080078,7000,0.0,0.0
2017-09-26 00:00:00+08:00,11.124280742693305,11.171217918395996,11.077342671721375,11.171217918395996,6000,0.0,0.0
2017-09-27 00:00:00+08:00,11.124281560995113,11.45284629142936,11.124281560995113,11.218156814575195,20000,0.0,0.0
2017-09-28 00:00:00+08:00,11.218155481870026,11.358969688415527,11.218155481870026,11.358969688415527,5173,0.0,0.0
2017-09-29 00:00:00+08:00,11.358969688415527,11.546721068540329,11.358969688415527,11.358969688415527,14000,0.0,0.0
2017-10-02 00:00:00+08:00,11.265093550718525,11.358969688415527,11.265093550718525,11.358969688415527,23000,0.0,0.0
2017-10-03 00:00:00+08:00,11.312031619567026,11.358969688415527,11.265093550718525,11.358969688415527,19920,0.0,0.0
2017-10-05 00:00:00+08:00,11.265094757080078,11.265094757080078,11.265094757080078,11.265094757080078,1000,0.0,0.0
2017-10-06 00:00:00+08:00,11.312031619567026,11.358969688415527,11.218155481870026,11.358969688415527,22000,0.0,0.0
2017-10-11 00:00:00+08:00,11.265094757080078,11.265094757080078,11.218156683205052,11.265094757080078,4433,0.0,0.0
2017-10-12 00:00:00+08:00,11.35897090483013,11.35897090483013,11.171218609330026,11.265094757080078,7000,0.0,0.0
2017-10-13 00:00:00+08:00,11.1712187401505,11.218156814575195,11.077343486570419,11.218156814575195,50000,0.0,0.0
2017-10-16 00:00:00+08:00,11.124281560995113,11.218156814575195,11.077343486570419,11.218156814575195,13308,0.0,0.0
2017-10-17 00:00:00+08:00,11.124281430724295,11.265094757080078,11.124281430724295,11.265094757080078,3000,0.0,0.0
2017-10-18 00:00:00+08:00,11.312032699584961,11.312032699584961,11.312032699584961,11.312032699584961,1804,0.0,0.0
2017-10-19 00:00:00+08:00,11.358970525639993,11.358970525639993,11.077342987060547,11.077342987060547,32000,0.0,0.0
2017-10-20 00:00:00+08:00,10.98346684244431,11.171218236407519,10.889591593097338,11.077342987060547,43000,0.0,0.0
2017-10-23 00:00:00+08:00,10.983466714284159,11.12428092956543,10.983466714284159,11.12428092956543,3000,0.0,0.0
2017-10-24 00:00:00+08:00,10.936528898834714,11.030405044555664,10.936528898834714,11.030405044555664,17000,0.0,0.0
2017-10-25 00:00:00+08:00,10.983466148376465,10.983466148376465,10.983466148376465,10.983466148376465,8001,0.0,0.0
2017-10-26 00:00:00+08:00,11.030404914752427,11.077342987060547,11.030404914752427,11.077342987060547,9000,0.0,0.0
2017-10-27 00:00:00+08:00,11.077342987060547,11.077342987060547,11.077342987060547,11.077342987060547,8016,0.0,0.0
2017-10-30 00:00:00+08:00,11.124280742693305,11.171217918395996,11.124280742693305,11.171217918395996,6000,0.0,0.0
2017-10-31 00:00:00+08:00,11.077342671721375,11.171217918395996,11.077342671721375,11.171217918395996,11001,0.0,0.0
2017-11-01 00:00:00+08:00,11.1712184795952,11.312032699584961,11.077343228204647,11.312032699584961,18047,0.0,0.0
2017-11-02 00:00:00+08:00,11.265093550718525,11.358969688415527,11.218155481870026,11.358969688415527,15000,0.0,0.0
2017-11-03 00:00:00+08:00,11.312031619567026,11.358969688415527,11.312031619567026,11.358969688415527,3876,0.0,0.0
2017-11-06 00:00:00+08:00,11.358969688415527,11.358969688415527,11.358969688415527,11.358969688415527,10606,0.0,0.0
2017-11-07 00:00:00+08:00,11.12428092956543,11.12428092956543,11.12428092956543,11.12428092956543,4000,0.0,0.0
2017-11-08 00:00:00+08:00,11.07734335684927,11.265094757080078,11.07734335684927,11.265094757080078,9000,0.0,0.0
2017-11-09 00:00:00+08:00,11.265094060339859,11.265094060339859,11.171217918395996,11.171217918395996,20000,0.0,0.0
2017-11-10 00:00:00+08:00,11.171217918395996,11.171217918395996,11.171217918395996,11.171217918395996,10000,0.0,0.0
2017-11-13 00:00:00+08:00,11.452846157310887,11.452846157310887,11.265094757080078,11.265094757080078,19000,0.0,0.0
2017-11-14 00:00:00+08:00,11.171218609330026,11.265094757080078,11.171218609330026,11.265094757080078,12000,0.0,0.0
2017-11-15 00:00:00+08:00,11.26509488899989,11.26509488899989,11.1712187401505,11.218156814575195,35047,0.0,0.0
2017-11-16 00:00:00+08:00,11.124280239442225,11.358969688415527,11.077342170593724,11.358969688415527,15828,0.0,0.0
2017-11-17 00:00:00+08:00,11.405908584594727,11.405908584594727,11.312033327989228,11.405908584594727,14000,0.0,0.0
2017-11-20 00:00:00+08:00,11.312032131311788,11.35897020228372,11.171217918395996,11.171217918395996,18657,0.0,0.0
2017-11-21 00:00:00+08:00,11.218156814575195,11.218156814575195,11.218156814575195,11.218156814575195,5167,0.0,0.0
2017-11-22 00:00:00+08:00,11.218156177817022,11.218156177817022,10.983466714284159,11.12428092956543,41281,0.0,0.0
2017-11-23 00:00:00+08:00,11.077342671721375,11.265094060339859,11.077342671721375,11.171217918395996,14000,0.0,0.0
2017-11-24 00:00:00+08:00,11.124281430724295,11.265094757080078,11.124281430724295,11.265094757080078,9000,0.0,0.0
2017-11-27 00:00:00+08:00,11.265094056421397,11.499783515930176,11.030404596912618,11.499783515930176,30000,0.0,0.0
2017-11-28 00:00:00+08:00,11.265093550718525,11.358969688415527,11.265093550718525,11.358969688415527,16999,0.0,0.0
2017-11-29 00:00:00+08:00,11.312033327989228,11.405908584594727,11.17121910017698,11.405908584594727,11000,0.0,0.0
2017-11-30 00:00:00+08:00,11.405908584594727,11.405908584594727,11.17121910017698,11.405908584594727,18000,0.0,0.0
2017-12-01 00:00:00+08:00,11.405907501943249,11.499783644907335,11.265094182766369,11.452845573425293,12806,0.0,0.0
2017-12-04 00:00:00+08:00,11.26509462625504,11.452846024305435,11.26509462625504,11.312032699584961,27000,0.0,0.0
2017-12-05 00:00:00+08:00,11.358971403926645,11.452846660532142,11.218157176114396,11.405908584594727,21104,0.0,0.0
2017-12-06 00:00:00+08:00,11.405906861994827,11.405906861994827,11.171217413021525,11.358969688415527,44000,0.0,0.0
2017-12-07 00:00:00+08:00,11.405908584594727,11.405908584594727,11.312033327989228,11.405908584594727,16000,0.0,0.0
2017-12-08 00:00:00+08:00,11.452846660532142,11.452846660532142,11.358971403926645,11.405908584594727,6000,0.0,0.0
2017-12-11 00:00:00+08:00,11.265095252051813,11.405908584594727,11.265095252051813,11.405908584594727,17294,0.0,0.0
2017-12-12 00:00:00+08:00,11.26509462625504,11.312032699584961,11.26509462625504,11.312032699584961,12000,0.0,0.0
2017-12-13 00:00:00+08:00,11.218156814575195,11.218156814575195,11.218156814575195,11.218156814575195,8485,0.0,0.0
2017-12-14 00:00:00+08:00,11.1712184795952,11.312032699584961,11.1712184795952,11.312032699584961,4000,0.0,0.0
2017-12-15 00:00:00+08:00,11.265094757080078,11.265094757080078,11.265094757080078,11.265094757080078,1000,0.0,0.0
2017-12-18 00:00:00+08:00,11.358969688415527,11.358969688415527,11.358969688415527,11.358969688415527,2000,0.0,0.0
2017-12-19 00:00:00+08:00,11.358971403926645,11.49978473646956,11.265095252051813,11.405908584594727,13032,0.0,0.0
2017-12-20 00:00:00+08:00,11.405908584594727,11.405908584594727,11.405908584594727,11.405908584594727,14000,0.0,0.0
2017-12-21 00:00:00+08:00,11.405907501943249,11.452845573425293,11.358970325730455,11.452845573425293,37100,0.0,0.0
2017-12-22 00:00:00+08:00,11.358971403926645,11.405908584594727,11.265095252051813,11.405908584594727,26000,0.0,0.0
2017-12-25 00:00:00+08:00,11.312032699584961,11.312032699584961,11.312032699584961,11.312032699584961,3000,0.0,0.0
2017-12-26 00:00:00+08:00,11.265094757080078,11.265094757080078,11.124281430724295,11.265094757080078,25806,0.0,0.0
2017-12-27 00:00:00+08:00,11.265095252051813,11.452846660532142,11.218157176114396,11.405908584594727,125000,0.0,0.0
2017-12-28 00:00:00+08:00,11.405908189178824,11.64059766546044,11.405908189178824,11.546722412109375,86314,0.0,0.0
2017-12-29 00:00:00+08:00,11.405907501943249,11.452845573425293,11.405907501943249,11.452845573425293,59000,0.0,0.0
2018-01-02 00:00:00+08:00,11.358971403926645,11.59366088834439,11.265095252051813,11.405908584594727,22552,0.0,0.0
2018-01-03 00:00:00+08:00,11.405907501943249,11.452845573425293,11.358970325730455,11.452845573425293,17000,0.0,0.0
2018-01-04 00:00:00+08:00,11.499783644907335,11.687535035566258,11.405907501943249,11.452845573425293,23000,0.0,0.0
2018-01-05 00:00:00+08:00,11.452844930843328,11.49978299969183,11.358969688415527,11.358969688415527,14197,0.0,0.0
2018-01-08 00:00:00+08:00,11.312031619567026,11.358969688415527,11.312031619567026,11.358969688415527,41000,0.0,0.0
2018-01-09 00:00:00+08:00,11.312031619567026,11.358969688415527,11.312031619567026,11.358969688415527,32096,0.0,0.0
2018-01-10 00:00:00+08:00,11.312031619567026,11.358969688415527,11.312031619567026,11.358969688415527,11517,0.0,0.0
2018-01-11 00:00:00+08:00,11.312032830955104,11.312032830955104,11.265094757080078,11.265094757080078,33000,0.0,0.0
2018-01-12 00:00:00+08:00,11.265094757080078,11.405908083435861,11.265094757080078,11.265094757080078,33000,0.0,0.0
2018-01-15 00:00:00+08:00,11.312031619567026,11.358969688415527,11.265093550718525,11.358969688415527,25000,0.0,0.0
2018-01-16 00:00:00+08:00,11.358969688415527,11.358969688415527,11.358969688415527,11.358969688415527,5000,0.0,0.0
2018-01-17 00:00:00+08:00,11.35897077291488,11.35897077291488,11.312032699584961,11.312032699584961,18438,0.0,0.0
2018-01-18 00:00:00+08:00,11.49978299969183,11.546721068540329,11.358969688415527,11.358969688415527,12000,0.0,0.0
2018-01-19 00:00:00+08:00,11.312032699584961,11.312032699584961,11.312032699584961,11.312032699584961,10609,0.0,0.0
2018-01-22 00:00:00+08:00,11.312032830955104,11.312032830955104,11.265094757080078,11.265094757080078,10000,0.0,0.0
2018-01-23 00:00:00+08:00,11.312032699584961,11.35897077291488,11.312032699584961,11.312032699584961,11000,0.0,0.0
2018-01-24 00:00:00+08:00,11.26509462625504,11.312032699584961,11.26509462625504,11.312032699584961,11000,0.0,0.0
2018-01-25 00:00:00+08:00,11.312032699584961,11.312032699584961,11.312032699584961,11.312032699584961,9000,0.0,0.0
2018-01-26 00:00:00+08:00,11.312032699584961,11.312032699584961,11.312032699584961,11.312032699584961,8000,0.0,0.0
2018-01-29 00:00:00+08:00,11.312033327989228,11.452846660532142,11.312033327989228,11.405908584594727,33000,0.0,0.0
2018-01-30 00:00:00+08:00,11.499783644907335,11.499783644907335,11.405907501943249,11.452845573425293,14000,0.0,0.0
2018-01-31 00:00:00+08:00,11.358969688415527,11.358969688415527,11.358969688415527,11.358969688415527,8000,0.0,0.0
2018-02-01 00:00:00+08:00,11.312032254248413,11.452845573425293,11.265094182766369,11.452845573425293,23928,0.0,0.0
2018-02-02 00:00:00+08:00,11.312032699584961,11.312032699584961,11.312032699584961,11.312032699584961,11000,0.0,0.0
2018-02-05 00:00:00+08:00,11.218156814575195,11.358971037849278,11.218156814575195,11.218156814575195,22000,0.0,0.0
2018-02-06 00:00:00+08:00,11.124281649435323,11.124281649435323,10.889592170715332,10.889592170715332,34000,0.0,0.0
2018-02-07 00:00:00+08:00,10.842652835619656,11.124280356402481,10.842652835619656,10.983466148376465,28776,0.0,0.0
2018-02-08 00:00:00+08:00,10.983466148376465,10.983466148376465,10.889590904961663,10.983466148376465,13000,0.0,0.0
2018-02-09 00:00:00+08:00,10.983466148376465,10.983466148376465,10.983466148376465,10.983466148376465,0,0.0,0.0
2018-02-12 00:00:00+08:00,10.983467209099217,11.265094757080078,10.983467209099217,11.265094757080078,13000,0.0,0.0
2018-02-21 00:00:00+08:00,11.171217413021525,11.358969688415527,11.171217413021525,11.358969688415527,3000,0.0,0.0
2018-02-22 00:00:00+08:00,11.358969688415527,11.358969688415527,11.358969688415527,11.358969688415527,1000,0.0,0.0
2018-02-23 00:00:00+08:00,11.405906861994827,11.405906861994827,11.265093550718525,11.358969688415527,26000,0.0,0.0
2018-02-26 00:00:00+08:00,11.405908189178824,11.546722412109375,11.358971010137942,11.546722412109375,18000,0.0,0.0
2018-02-27 00:00:00+08:00,11.546722412109375,11.546722412109375,11.358971010137942,11.546722412109375,8000,0.0,0.0
2018-03-01 00:00:00+08:00,11.49978299969183,11.49978299969183,11.358969688415527,11.358969688415527,14427,0.0,0.0
2018-03-02 00:00:00+08:00,11.312032699584961,11.312032699584961,11.26509462625504,11.312032699584961,3000,0.0,0.0
2018-03-05 00:00:00+08:00,11.26509462625504,11.405907950975514,11.26509462625504,11.312032699584961,35856,0.0,0.0
2018-03-06 00:00:00+08:00,11.49978299969183,11.49978299969183,11.312031619567026,11.358969688415527,12000,0.0,0.0
2018-03-07 00:00:00+08:00,11.45284625550569,12.485480308532715,11.45284625550569,12.485480308532715,1328126,0.0,0.0
2018-03-08 00:00:00+08:00,13.705865372875826,13.705865372875826,11.969162940979004,11.969162940979004,2689109,0.0,0.0
2018-03-09 00:00:00+08:00,11.969162682138801,12.203852146494464,11.828349361633107,12.06303882598877,445842,0.0,0.0
2018-03-12 00:00:00+08:00,12.156914337469917,12.156914337469917,11.875286795098908,11.969162940979004,229118,0.0,0.0
2018-03-13 00:00:00+08:00,11.969163530370043,11.969163530370043,11.734474049382396,11.781412124633789,177000,0.0,0.0
2018-03-14 00:00:00+08:00,11.78141130042226,12.016100764991352,11.73447322845459,11.73447322845459,197804,0.0,0.0
2018-03-15 00:00:00+08:00,11.82834880541265,12.438541025935775,11.781410735694898,12.250789642333984,269485,0.0,0.0
2018-03-16 00:00:00+08:00,12.297728099607243,12.532417560322884,12.063038638891603,12.109975814819336,173000,0.0,0.0
2018-03-19 00:00:00+08:00,12.297727712051737,12.391602956218025,12.156913502898481,12.250789642333984,109000,0.0,0.0
2018-03-20 00:00:00+08:00,12.203851957213288,12.203851957213288,11.875286354103695,12.109975814819336,91681,0.0,0.0
2018-03-21 00:00:00+08:00,12.109975433180729,12.344664886500272,12.016100189014441,12.250789642333984,57023,0.0,0.0
2018-03-22 00:00:00+08:00,12.438541861860498,12.438541861860498,12.063039069421476,12.297728538513184,106000,0.0,0.0
2018-03-23 00:00:00+08:00,11.969162923677084,12.297728538513184,11.87528677793269,12.297728538513184,80000,0.0,0.0
2018-03-26 00:00:00+08:00,12.297728290344432,12.297728290344432,12.06303882598877,12.06303882598877,19000,0.0,0.0
2018-03-27 00:00:00+08:00,12.109975814819336,12.156913886016312,11.922224425300673,12.109975814819336,43291,0.0,0.0
2018-03-28 00:00:00+08:00,12.016101383121095,12.156914710998535,11.969163308738846,12.156914710998535,33000,0.0,0.0
2018-03-29 00:00:00+08:00,12.109976505753366,12.485480201484279,12.109976505753366,12.203852653503418,88279,0.0,0.0
2018-03-30 00:00:00+08:00,12.250791224726237,12.344666481018066,12.063039816873246,12.344666481018066,69906,0.0,0.0
2018-04-02 00:00:00+08:00,12.344666085700318,12.485480308532715,12.016101356296668,12.485480308532715,261100,0.0,0.0
2018-04-03 00:00:00+08:00,12.250789466873249,12.62629222869873,11.969161947869537,12.62629222869873,274214,0.0,0.0
2018-04-09 00:00:00+08:00,12.767107887429157,12.814045066542102,12.156914710998535,12.156914710998535,244220,0.0,0.0
2018-04-10 00:00:00+08:00,11.969162242698284,12.203851698437466,11.828348927362464,11.875286102294922,222000,0.0,0.0
2018-04-11 00:00:00+08:00,11.875286426225182,11.875286426225182,11.312032254248413,11.452845573425293,189000,0.0,0.0
2018-04-12 00:00:00+08:00,11.546722412109375,11.546722412109375,11.452846263489008,11.546722412109375,10000,0.0,0.0
2018-04-13 00:00:00+08:00,11.640596833527747,11.640596833527747,11.499783515930176,11.499783515930176,19000,0.0,0.0
2018-04-16 00:00:00+08:00,11.405908584594727,11.405908584594727,11.405908584594727,11.405908584594727,3037,0.0,0.0
2018-04-17 00:00:00+08:00,11.405908307683863,11.405908307683863,10.84265409591747,10.889592170715332,103000,0.0,0.0
2018-04-18 00:00:00+08:00,10.842652961368056,11.030404345644328,10.842652961368056,10.936528205871582,29000,0.0,0.0
2018-04-19 00:00:00+08:00,11.077342671721375,11.171217918395996,10.983466529777514,11.171217918395996,47040,0.0,0.0
2018-04-20 00:00:00+08:00,11.124281059368665,11.171218236407519,11.077342987060547,11.077342987060547,18077,0.0,0.0
2018-04-23 00:00:00+08:00,10.983466148376465,10.983466148376465,10.983466148376465,10.983466148376465,7000,0.0,0.0
2018-04-24 00:00:00+08:00,11.030404345644328,11.030404345644328,10.889591031254428,10.936528205871582,24000,0.0,0.0
2018-04-25 00:00:00+08:00,10.93652807903446,11.077342287060475,10.93652807903446,10.983466148376465,15000,0.0,0.0
2018-04-26 00:00:00+08:00,11.077342415530701,11.124280485417074,10.936528205871582,10.936528205871582,13000,0.0,0.0
2018-04-27 00:00:00+08:00,10.936528205871582,10.936528205871582,10.936528205871582,10.936528205871582,2023,0.0,0.0
2018-04-30 00:00:00+08:00,10.936528205871582,10.936528205871582,10.795714891481683,10.936528205871582,10000,0.0,0.0
2018-05-02 00:00:00+08:00,10.93652768605392,10.93652768605392,10.795714378356934,10.795714378356934,6000,0.0,0.0
2018-05-03 00:00:00+08:00,10.795714378356934,10.889590513667708,10.70183824304616,10.795714378356934,12000,0.0,0.0
2018-05-04 00:00:00+08:00,10.842653274536133,10.842653274536133,10.79571520329405,10.842653274536133,9000,0.0,0.0
2018-05-07 00:00:00+08:00,11.124281649435323,11.124281649435323,10.889592170715332,10.889592170715332,4000,0.0,0.0
2018-05-08 00:00:00+08:00,10.889590513667708,10.889590513667708,10.795714378356934,10.795714378356934,8023,0.0,0.0
2018-05-09 00:00:00+08:00,10.795714378356934,10.795714378356934,10.795714378356934,10.795714378356934,0,0.0,0.0
2018-05-10 00:00:00+08:00,10.842653882743434,11.312032830955104,10.842653882743434,11.265094757080078,19000,0.0,0.0
2018-05-11 00:00:00+08:00,11.265094056421397,11.687534904483352,11.265094056421397,11.499783515930176,19000,0.0,0.0
2018-05-14 00:00:00+08:00,11.312032830955104,11.312032830955104,11.265094757080078,11.265094757080078,8000,0.0,0.0
2018-05-15 00:00:00+08:00,11.030405044555664,11.265094513588764,11.030405044555664,11.030405044555664,5000,0.0,0.0
2018-05-16 00:00:00+08:00,10.93652935024388,10.93652935024388,10.79571602111961,10.889592170715332,20000,0.0,0.0
2018-05-17 00:00:00+08:00,10.889592170715332,10.889592170715332,10.889592170715332,10.889592170715332,5414,0.0,0.0
2018-05-18 00:00:00+08:00,10.889592170715332,10.889592170715332,10.889592170715332,10.889592170715332,10352,0.0,0.0
2018-05-21 00:00:00+08:00,10.748777860866866,11.218156814575195,10.748777860866866,11.218156814575195,4257,0.0,0.0
2018-05-22 00:00:00+08:00,11.734472448665132,11.734472448665132,11.358969688415527,11.358969688415527,24000,0.0,0.0
2018-05-23 00:00:00+08:00,10.983466971695188,11.030405044555664,10.795715575522564,11.030405044555664,19000,0.0,0.0
2018-05-24 00:00:00+08:00,10.70183824304616,10.795714378356934,10.70183824304616,10.795714378356934,11000,0.0,0.0
2018-05-25 00:00:00+08:00,10.936528205871582,10.936528205871582,10.889591031254428,10.936528205871582,4362,0.0,0.0
2018-05-28 00:00:00+08:00,10.983465753709305,10.983465753709305,10.795714378356934,10.795714378356934,19394,0.0,0.0
2018-05-29 00:00:00+08:00,10.79571520329405,10.842653274536133,10.79571520329405,10.842653274536133,6000,0.0,0.0
2018-05-30 00:00:00+08:00,11.218156308715637,11.218156308715637,11.077342987060547,11.077342987060547,3000,0.0,0.0
2018-05-31 00:00:00+08:00,10.889591931761032,11.124281405331146,10.654902458190918,10.654902458190918,98609,0.0,0.0
2018-06-01 00:00:00+08:00,10.748776696935646,10.983466148376465,10.654901453520845,10.983466148376465,49000,0.0,0.0
2018-06-04 00:00:00+08:00,10.93652911025962,10.93652911025962,10.514088236887273,10.654902458190918,40144,0.0,0.0
2018-06-05 00:00:00+08:00,10.65490226935476,10.983466989368214,10.65490226935476,10.701839447021484,41000,0.0,0.0
2018-06-06 00:00:00+08:00,10.795714378356934,10.795714378356934,10.795714378356934,10.795714378356934,3000,0.0,0.0
2018-06-07 00:00:00+08:00,10.842653274536133,10.889591345778218,10.842653274536133,10.842653274536133,15200,0.0,0.0
2018-06-08 00:00:00+08:00,10.983466971695188,11.452845909761388,10.983466971695188,11.030405044555664,59679,0.0,0.0
2018-06-11 00:00:00+08:00,10.93652935024388,10.93652935024388,10.84265409591747,10.889592170715332,8000,0.0,0.0
2018-06-12 00:00:00+08:00,10.889590513667708,10.889590513667708,10.795714378356934,10.795714378356934,10002,0.0,0.0
2018-06-13 00:00:00+08:00,11.171218828963871,11.171218828963871,10.79571602111961,10.889592170715332,10000,0.0,0.0
2018-06-14 00:00:00+08:00,10.795715592893487,10.795715592893487,10.701839447021484,10.701839447021484,13000,0.0,0.0
2018-06-15 00:00:00+08:00,10.748776310701546,10.795714378356934,10.561024935349174,10.795714378356934,19000,0.0,0.0
2018-06-19 00:00:00+08:00,10.654901632140598,10.654901632140598,10.607963562011719,10.607963562011719,10000,0.0,0.0
2018-06-20 00:00:00+08:00,10.748777389526367,10.748777389526367,10.607964067696342,10.748777389526367,8000,0.0,0.0
2018-06-21 00:00:00+08:00,10.748777389526367,10.748777389526367,10.748777389526367,10.748777389526367,0,0.0,0.0
2018-06-22 00:00:00+08:00,10.889591283102892,11.171217918395996,10.889591283102892,11.171217918395996,30000,0.0,0.0
2018-06-25 00:00:00+08:00,10.983466971695188,11.171218367867812,10.889591721243514,11.030405044555664,7000,0.0,0.0
2018-06-26 00:00:00+08:00,11.030405062304215,11.077343135240215,10.701839447021484,10.701839447021484,36000,0.0,0.0
2018-06-27 00:00:00+08:00,11.030404345644328,11.030404345644328,10.701838751708937,10.936528205871582,13000,0.0,0.0
2018-06-28 00:00:00+08:00,10.936528205871582,10.936528205871582,10.936528205871582,10.936528205871582,1000,0.0,0.0
2018-06-29 00:00:00+08:00,10.983466148376465,10.983466148376465,10.983466148376465,10.983466148376465,1000,0.0,0.0
2018-07-02 00:00:00+08:00,10.983466148376465,10.983466148376465,10.983466148376465,10.983466148376465,0,0.0,0.0
2018-07-03 00:00:00+08:00,10.983466148376465,10.983466148376465,10.983466148376465,10.983466148376465,0,0.0,0.0
2018-07-04 00:00:00+08:00,10.748777389526367,10.748777389526367,10.748777389526367,10.748777389526367,1000,0.0,0.0
2018-07-05 00:00:00+08:00,10.748777519957486,10.748777519957486,10.701839447021484,10.701839447021484,7000,0.0,0.0
2018-07-06 00:00:00+08:00,10.79571514115903,11.171217918395996,10.79571514115903,11.171217918395996,4000,0.0,0.0
2018-07-09 00:00:00+08:00,10.983467184027502,10.983467184027502,10.983467184027502,10.654902458190918,1000,0.0,0.0
2018-07-10 00:00:00+08:00,11.187646224982737,11.381371512789855,11.09078311920166,11.09078311920166,7000,0.35,0.0
2018-07-11 00:00:00+08:00,11.042352676391602,11.042352676391602,10.848627369109407,11.042352676391602,5174,0.0,0.0
2018-07-12 00:00:00+08:00,10.993922233581543,10.993922233581543,10.993922233581543,10.993922233581543,1000,0.0,0.0
2018-07-13 00:00:00+08:00,11.187646865844727,11.187646865844727,11.187646865844727,11.187646865844727,1000,0.0,0.0
2018-07-16 00:00:00+08:00,10.654901946025966,10.848627251202686,10.654901946025966,10.800195693969727,20000,0.0,0.0
2018-07-17 00:00:00+08:00,10.945490484628069,11.042352676391602,10.751765177345874,11.042352676391602,10000,0.0,0.0
2018-07-18 00:00:00+08:00,10.99392093717562,11.09078311920166,10.897057831394543,11.09078311920166,7000,0.0,0.0
2018-07-19 00:00:00+08:00,11.09078311920166,11.09078311920166,11.09078311920166,11.09078311920166,2000,0.0,0.0
2018-07-20 00:00:00+08:00,11.09078311920166,11.09078311920166,11.09078311920166,11.09078311920166,0,0.0,0.0
2018-07-23 00:00:00+08:00,11.09078311920166,11.09078311920166,11.09078311920166,11.09078311920166,0,0.0,0.0
2018-07-24 00:00:00+08:00,11.042352230595618,11.042352230595618,10.848626931134397,10.897058486938477,6000,0.0,0.0
2018-07-25 00:00:00+08:00,10.897058486938477,10.897058486938477,10.897058486938477,10.897058486938477,0,0.0,0.0
2018-07-26 00:00:00+08:00,11.090783786399697,11.090783786399697,10.897058486938477,10.897058486938477,7000,0.0,0.0
2018-07-27 00:00:00+08:00,10.848627369109407,11.042352676391602,10.848627369109407,11.042352676391602,5121,0.0,0.0
2018-07-30 00:00:00+08:00,11.139215342203777,11.139215342203777,10.897058486938477,10.897058486938477,5004,0.0,0.0
2018-07-31 00:00:00+08:00,10.848627090454102,10.848627090454102,10.848627090454102,10.848627090454102,1000,0.0,0.0
2018-08-01 00:00:00+08:00,10.800195693969727,10.993921922901567,10.751765060491886,10.800195693969727,9000,0.0,0.0
2018-08-02 00:00:00+08:00,10.751764297485352,10.751764297485352,10.751764297485352,10.751764297485352,3000,0.0,0.0
2018-08-03 00:00:00+08:00,10.703333854675293,10.703333854675293,10.703333854675293,10.703333854675293,5000,0.0,0.0
2018-08-06 00:00:00+08:00,10.993922233581543,10.993922233581543,10.993922233581543,10.993922233581543,1177,0.0,0.0
2018-08-07 00:00:00+08:00,10.751764297485352,10.751764297485352,10.751764297485352,10.751764297485352,2000,0.0,0.0
2018-08-08 00:00:00+08:00,10.751764586781446,10.945489883422852,10.751764586781446,10.945489883422852,3000,0.0,0.0
2018-08-09 00:00:00+08:00,10.751764743281335,10.897058486938477,10.751764743281335,10.897058486938477,27000,0.0,0.0
2018-08-10 00:00:00+08:00,10.848627090454102,10.848627090454102,10.848627090454102,10.848627090454102,2000,0.0,0.0
2018-08-13 00:00:00+08:00,10.654902458190918,10.654902458190918,10.654902458190918,10.654902458190918,2000,0.0,0.0
2018-08-14 00:00:00+08:00,10.70333401775191,10.70333401775191,10.654902458190918,10.654902458190918,3000,0.0,0.0
2018-08-15 00:00:00+08:00,10.654902458190918,10.654902458190918,10.654902458190918,10.654902458190918,0,0.0,0.0
2018-08-16 00:00:00+08:00,10.461176521938075,10.558038711547852,10.412744965255632,10.558038711547852,6000,0.0,0.0
2018-08-17 00:00:00+08:00,10.65490182491274,10.65490182491274,10.461176521938075,10.558038711547852,6000,0.0,0.0
2018-08-20 00:00:00+08:00,10.606470108032227,10.606470108032227,10.606470108032227,10.606470108032227,1000,0.0,0.0
2018-08-21 00:00:00+08:00,10.654900990696886,11.09078311920166,10.654900990696886,11.09078311920166,34000,0.0,0.0
2018-08-22 00:00:00+08:00,10.65490182491274,10.65490182491274,10.558038711547852,10.558038711547852,10000,0.0,0.0
2018-08-23 00:00:00+08:00,10.558038711547852,10.558038711547852,10.558038711547852,10.558038711547852,0,0.0,0.0
2018-08-24 00:00:00+08:00,10.461176485841676,10.945490203484761,10.461176485841676,10.848627090454102,22000,0.0,0.0
2018-08-27 00:00:00+08:00,10.65490182491274,10.65490182491274,10.558038711547852,10.558038711547852,5000,0.0,0.0
2018-08-28 00:00:00+08:00,10.558038082301428,10.800194927526277,10.509607452260502,10.751764297485352,51000,0.0,0.0
2018-08-29 00:00:00+08:00,10.654902295852207,10.703333854675293,10.654902295852207,10.703333854675293,8000,0.0,0.0
2018-08-30 00:00:00+08:00,10.606470737029122,10.703333854675293,10.558039178206036,10.703333854675293,9034,0.0,0.0
2018-08-31 00:00:00+08:00,10.751764297485352,10.751764297485352,10.751764297485352,10.751764297485352,4000,0.0,0.0
2018-09-03 00:00:00+08:00,10.558038711547852,10.558038711547852,10.558038711547852,10.558038711547852,2000,0.0,0.0
2018-09-04 00:00:00+08:00,10.848627127887402,10.848627127887402,10.461176521938075,10.558038711547852,14000,0.0,0.0
2018-09-05 00:00:00+08:00,10.558038711547852,10.558038711547852,10.558038711547852,10.558038711547852,2000,0.0,0.0
2018-09-06 00:00:00+08:00,10.606470108032227,10.606470108032227,10.606470108032227,10.606470108032227,9000,0.0,0.0
2018-09-07 00:00:00+08:00,10.65490182491274,10.65490182491274,10.461176521938075,10.558038711547852,4000,0.0,0.0
2018-09-10 00:00:00+08:00,10.461175918579102,10.461175918579102,10.461175918579102,10.461175918579102,1000,0.0,0.0
2018-09-11 00:00:00+08:00,10.461176521938075,10.558038711547852,10.461176521938075,10.558038711547852,13000,0.0,0.0
2018-09-12 00:00:00+08:00,10.461175918579102,10.461175918579102,10.461175918579102,10.461175918579102,10000,0.0,0.0
2018-09-13 00:00:00+08:00,10.461176984315015,10.703333854675293,10.41274542549193,10.703333854675293,24000,0.0,0.0
2018-09-14 00:00:00+08:00,10.654902458190918,10.654902458190918,10.654902458190918,10.654902458190918,1000,0.0,0.0
2018-09-17 00:00:00+08:00,10.654901210380462,10.654901210380462,10.461175918579102,10.461175918579102,3000,0.0,0.0
2018-09-18 00:00:00+08:00,10.46117607671595,10.46117607671595,10.412744522094727,10.412744522094727,2000,0.0,0.0
2018-09-19 00:00:00+08:00,10.461177143702116,10.7517655773129,10.364314024580132,10.654902458190918,36000,0.0,0.0
2018-09-20 00:00:00+08:00,10.461175918579102,10.461175918579102,10.461175918579102,10.461175918579102,2000,0.0,0.0
2018-09-21 00:00:00+08:00,10.267450781986131,10.46117607671595,10.267450781986131,10.412744522094727,19445,0.0,0.0
2018-09-25 00:00:00+08:00,10.412744522094727,10.412744522094727,10.412744522094727,10.412744522094727,0,0.0,0.0
2018-09-26 00:00:00+08:00,10.315881851890744,10.558038711547852,10.315881851890744,10.558038711547852,16445,0.0,0.0
2018-09-27 00:00:00+08:00,10.558038711547852,10.558038711547852,10.558038711547852,10.558038711547852,0,0.0,0.0
2018-09-28 00:00:00+08:00,10.364312967473504,10.412744522094727,10.315881412852281,10.412744522094727,29000,0.0,0.0
2018-10-01 00:00:00+08:00,10.364313866668844,10.703333854675293,10.364313866668844,10.703333854675293,18000,0.0,0.0
2018-10-02 00:00:00+08:00,10.412745584141124,10.70333401775191,10.364314024580132,10.654902458190918,20008,0.0,0.0
2018-10-03 00:00:00+08:00,10.65490166398317,10.65490166398317,10.412744807983552,10.606470108032227,28000,0.0,0.0
2018-10-04 00:00:00+08:00,10.364314079284668,10.558039394795983,10.315882519468046,10.364314079284668,11516,0.0,0.0
2018-10-05 00:00:00+08:00,10.219019072888637,10.654901210380462,10.170587518999533,10.461175918579102,44000,0.0,0.0
2018-10-08 00:00:00+08:00,10.46117671117923,10.606470460099793,10.315882038503538,10.509608268737793,29000,0.0,0.0
2018-10-09 00:00:00+08:00,10.315881851890744,10.558038711547852,10.315881851890744,10.558038711547852,11315,0.0,0.0
2018-10-11 00:00:00+08:00,10.558038711547852,10.558038711547852,10.558038711547852,10.558038711547852,0,0.0,0.0
2018-10-12 00:00:00+08:00,10.219019729315773,10.558038780806557,10.219019729315773,10.267451286315918,22100,0.0,0.0
2018-10-15 00:00:00+08:00,9.976862247477714,10.36431283186799,9.976862247477714,10.170587539672852,17014,0.0,0.0
2018-10-16 00:00:00+08:00,10.170587539672852,10.170587539672852,10.170587539672852,10.170587539672852,1000,0.0,0.0
2018-10-17 00:00:00+08:00,10.170588172315627,10.364313476561092,10.122156615315482,10.267451286315918,17000,0.0,0.0
2018-10-18 00:00:00+08:00,10.267451286315918,10.267451286315918,10.267451286315918,10.267451286315918,0,0.0,0.0
2018-10-19 00:00:00+08:00,10.170587984562832,10.315881729125977,10.122156428456751,10.315881729125977,9000,0.0,0.0
2018-10-22 00:00:00+08:00,10.315881729125977,10.315881729125977,10.315881729125977,10.315881729125977,0,0.0,0.0
2018-10-23 00:00:00+08:00,10.07372458844732,10.412744547880337,9.831567738496615,10.122156143188477,33000,0.0,0.0
2018-10-24 00:00:00+08:00,10.025294464600782,10.025294464600782,9.976862907409668,9.976862907409668,5000,0.0,0.0
2018-10-25 00:00:00+08:00,9.68627440623748,9.976862823175626,9.444117546081543,9.444117546081543,22000,0.0,0.0
2018-10-26 00:00:00+08:00,10.025294506503087,10.025294506503087,9.502235718914108,9.686274528503418,21342,0.0,0.0
2018-10-29 00:00:00+08:00,9.73470608589696,9.976862949109545,9.676588032273685,9.686274528503418,12000,0.0,0.0
2018-10-30 00:00:00+08:00,9.686274528503418,9.686274528503418,9.686274528503418,9.686274528503418,2000,0.0,0.0
2018-10-31 00:00:00+08:00,9.686274528503418,9.686274528503418,9.686274528503418,9.686274528503418,1000,0.0,0.0
2018-11-01 00:00:00+08:00,9.976862949109545,9.976862949109545,9.686274528503418,9.686274528503418,23095,0.0,0.0
2018-11-02 00:00:00+08:00,9.68627463734311,9.68627463734311,9.540980887285018,9.65721607208252,16000,0.0,0.0
2018-11-05 00:00:00+08:00,9.48286247253418,9.48286247253418,9.48286247253418,9.48286247253418,2000,0.0,0.0
2018-11-06 00:00:00+08:00,9.502235438509809,9.540980498530278,9.482862446622025,9.492548942565918,8000,0.0,0.0
2018-11-07 00:00:00+08:00,9.482862580600413,9.49254907668116,9.318195842248155,9.453804016113281,7000,0.0,0.0
2018-11-08 00:00:00+08:00,9.444117420598081,9.444117420598081,9.124470443339785,9.201960563659668,59000,0.0,0.0
2018-11-09 00:00:00+08:00,9.153529249500668,9.153529249500668,9.134157180786133,9.134157180786133,11000,0.0,0.0
2018-11-12 00:00:00+08:00,9.05666732788086,9.05666732788086,9.05666732788086,9.05666732788086,1000,0.0,0.0
2018-11-13 00:00:00+08:00,8.998548792281392,9.19227409362793,8.998548792281392,9.19227409362793,16000,0.0,0.0
2018-11-14 00:00:00+08:00,9.28913715379302,9.28913715379302,9.20196053773993,9.211647033691406,18000,0.0,0.0
2018-11-15 00:00:00+08:00,9.289137812906898,9.570039749145508,9.289137812906898,9.570039749145508,22000,0.0,0.0
2018-11-16 00:00:00+08:00,9.570038638139328,9.618470191955566,9.395685413902896,9.618470191955566,17000,0.0,0.0
2018-11-19 00:00:00+08:00,9.49254926481415,9.49254926481415,9.395686149597168,9.395686149597168,5000,0.0,0.0
2018-11-20 00:00:00+08:00,9.395686149597168,9.473176272268702,9.298823958135316,9.395686149597168,29000,0.0,0.0
2018-11-21 00:00:00+08:00,9.221334158334095,9.579726219177246,9.221334158334095,9.579726219177246,17000,0.0,0.0
2018-11-22 00:00:00+08:00,9.405372485406797,9.444117546081543,9.298823799490025,9.444117546081543,10000,0.0,0.0
2018-11-23 00:00:00+08:00,9.444117546081543,9.444117546081543,9.444117546081543,9.444117546081543,1000,0.0,0.0
2018-11-26 00:00:00+08:00,9.444117546081543,9.444117546081543,9.444117546081543,9.444117546081543,0,0.0,0.0
2018-11-27 00:00:00+08:00,9.44411735462463,9.783137321472168,9.44411735462463,9.783137321472168,6000,0.0,0.0
2018-11-28 00:00:00+08:00,9.734705401295026,10.703332786025774,9.686273847307477,10.170587539672852,23000,0.0,0.0
2018-11-29 00:00:00+08:00,10.122156428456751,10.5096079535503,10.07372487235067,10.315881729125977,20000,0.0,0.0
2018-11-30 00:00:00+08:00,10.412744364689997,10.461175918579102,10.412744364689997,10.461175918579102,3000,0.0,0.0
2018-12-03 00:00:00+08:00,10.267451829213314,10.945490891801702,10.267451829213314,10.654902458190918,34000,0.0,0.0
2018-12-04 00:00:00+08:00,10.654901753301205,11.526666072705625,10.654901753301205,11.139215469360352,228000,0.0,0.0
2018-12-05 00:00:00+08:00,11.090783913003415,11.429803883746859,10.993921724044649,11.139215469360352,14000,0.0,0.0
2018-12-06 00:00:00+08:00,11.139215469360352,11.139215469360352,11.139215469360352,11.139215469360352,1000,0.0,0.0
2018-12-07 00:00:00+08:00,10.75176541349838,11.042352918926591,10.703333854675293,10.703333854675293,4007,0.0,0.0
2018-12-10 00:00:00+08:00,10.12215677430977,10.364313639359072,10.12215677430977,10.219019889831543,11000,0.0,0.0
2018-12-11 00:00:00+08:00,10.219019627020133,11.090783949275645,10.219019627020133,10.848627090454102,14008,0.0,0.0
2018-12-12 00:00:00+08:00,10.945490484628069,11.139215791910265,10.751765177345874,11.042352676391602,9000,0.0,0.0
2018-12-13 00:00:00+08:00,11.236079102834395,11.236079102834395,10.654902247125491,10.993922233581543,13609,0.0,0.0
2018-12-14 00:00:00+08:00,10.945490167687714,11.139215469360352,10.945490167687714,11.139215469360352,5438,0.0,0.0
2018-12-17 00:00:00+08:00,11.139215469360352,11.139215469360352,11.139215469360352,11.139215469360352,0,0.0,0.0
2018-12-18 00:00:00+08:00,11.236078262329102,11.236078262329102,11.236078262329102,11.236078262329102,1000,0.0,0.0
2018-12-19 00:00:00+08:00,11.187647025717286,11.381372327389924,10.509608007985504,11.139215469360352,35000,0.0,0.0
2018-12-20 00:00:00+08:00,10.654902458190918,11.381373080340298,10.654902458190918,10.654902458190918,24000,0.0,0.0
2018-12-21 00:00:00+08:00,10.654901476583204,11.332940476705664,10.654901476583204,10.945489883422852,19000,0.0,0.0
2018-12-24 00:00:00+08:00,11.139215469360352,11.284509214676053,10.751764866015076,11.139215469360352,8000,0.0,0.0
2018-12-25 00:00:00+08:00,11.139215469360352,11.139215469360352,11.139215469360352,11.139215469360352,0,0.0,0.0
2018-12-26 00:00:00+08:00,11.139215469360352,11.139215469360352,11.139215469360352,11.139215469360352,0,0.0,0.0
2018-12-27 00:00:00+08:00,11.09078311920166,11.09078311920166,11.09078311920166,11.09078311920166,1000,0.0,0.0
2018-12-28 00:00:00+08:00,10.703332743689371,11.090783326547108,10.654901189893389,10.751764297485352,54000,0.0,0.0
2019-01-02 00:00:00+08:00,10.606469636097408,10.751764297485352,10.558038082301428,10.751764297485352,4000,0.0,0.0
2019-01-03 00:00:00+08:00,10.461176984315015,10.703333854675293,10.461176984315015,10.703333854675293,2000,0.0,0.0
2019-01-04 00:00:00+08:00,10.751764586781446,10.945489883422852,10.654901476583204,10.945489883422852,7633,0.0,0.0
2019-01-07 00:00:00+08:00,10.945489883422852,10.945489883422852,10.945489883422852,10.945489883422852,0,0.0,0.0
2019-01-08 00:00:00+08:00,10.800195693969727,10.800195693969727,10.800195693969727,10.800195693969727,11000,0.0,0.0
2019-01-09 00:00:00+08:00,10.897058519982787,10.897058519982787,10.606470108032227,10.606470108032227,2000,0.0,0.0
2019-01-10 00:00:00+08:00,10.897059389757162,10.897059389757162,10.364314079284668,10.364314079284668,9064,0.0,0.0
2019-01-11 00:00:00+08:00,10.945489883422852,10.945489883422852,10.945489883422852,10.945489883422852,1513,0.0,0.0
2019-01-14 00:00:00+08:00,10.509608268737793,10.509608268737793,10.509608268737793,10.509608268737793,2017,0.0,0.0
2019-01-15 00:00:00+08:00,10.412745639101288,10.412745639101288,10.364314079284668,10.364314079284668,4000,0.0,0.0
2019-01-16 00:00:00+08:00,10.509608078620518,10.558038711547852,10.509608078620518,10.558038711547852,2609,0.0,0.0
2019-01-17 00:00:00+08:00,10.558038711547852,10.558038711547852,10.558038711547852,10.558038711547852,0,0.0,0.0
2019-01-18 00:00:00+08:00,10.364312810800893,10.461175918579102,10.315881256911789,10.461175918579102,6000,0.0,0.0
2019-01-21 00:00:00+08:00,10.219019729315773,10.267451286315918,10.219019729315773,10.267451286315918,2000,0.0,0.0
2019-01-22 00:00:00+08:00,10.170587857708119,10.170587857708119,10.073724746704102,10.073724746704102,12000,0.0,0.0
2019-01-23 00:00:00+08:00,10.122156732024413,10.509608268737793,9.928431425545286,10.509608268737793,7000,0.0,0.0
2019-01-24 00:00:00+08:00,10.509608268737793,10.509608268737793,10.509608268737793,10.509608268737793,1000,0.0,0.0
2019-01-25 00:00:00+08:00,10.267450781986131,10.412744522094727,10.267450781986131,10.412744522094727,3000,0.0,0.0
2019-01-28 00:00:00+08:00,10.170587539672852,10.170587539672852,10.170587539672852,10.170587539672852,3000,0.0,0.0
2019-01-29 00:00:00+08:00,10.170587539672852,10.170587539672852,10.170587539672852,10.170587539672852,0,0.0,0.0
2019-01-30 00:00:00+08:00,10.170587539672852,10.170587539672852,10.170587539672852,10.170587539672852,1000,0.0,0.0
2019-02-11 00:00:00+08:00,9.976862868070162,10.267451286315918,9.928431311070018,10.267451286315918,10000,0.0,0.0
2019-02-12 00:00:00+08:00,10.170588289582977,10.509608268737793,10.170588289582977,10.509608268737793,2000,0.0,0.0
2019-02-13 00:00:00+08:00,10.461175918579102,10.461175918579102,10.461175918579102,10.461175918579102,4000,0.0,0.0
2019-02-14 00:00:00+08:00,10.461176363934495,10.65490166398317,10.461176363934495,10.606470108032227,5000,0.0,0.0
2019-02-15 00:00:00+08:00,10.21901984714154,10.509608268737793,10.21901984714154,10.509608268737793,3000,0.0,0.0
2019-02-18 00:00:00+08:00,10.509608147561528,10.509608147561528,10.267451286315918,10.267451286315918,3000,0.0,0.0
2019-02-19 00:00:00+08:00,10.219020323589973,10.46117719891791,10.025295008078658,10.364314079284668,14000,0.0,0.0
2019-02-20 00:00:00+08:00,10.267451883406595,10.364314079284668,10.267451883406595,10.364314079284668,5828,0.0,0.0
2019-02-21 00:00:00+08:00,10.412745033561237,10.412745033561237,10.267451286315918,10.267451286315918,2000,0.0,0.0
2019-02-22 00:00:00+08:00,10.46117607671595,10.46117607671595,10.267450781986131,10.412744522094727,3166,0.0,0.0
2019-02-25 00:00:00+08:00,10.267451286315918,10.461176590561383,10.267451286315918,10.267451286315918,13000,0.0,0.0
2019-02-26 00:00:00+08:00,10.364313639359072,10.412745197119957,10.219019889831543,10.219019889831543,16000,0.0,0.0
2019-02-27 00:00:00+08:00,10.170588763773353,10.364314079284668,10.170588763773353,10.364314079284668,10000,0.0,0.0
2019-03-04 00:00:00+08:00,10.364314079284668,10.364314079284668,10.364314079284668,10.364314079284668,0,0.0,0.0
2019-03-05 00:00:00+08:00,10.364313639359072,10.364313639359072,10.12215677430977,10.219019889831543,31000,0.0,0.0
2019-03-06 00:00:00+08:00,10.364314079284668,10.46117719891791,10.364314079284668,10.364314079284668,12000,0.0,0.0
2019-03-07 00:00:00+08:00,10.219020323589973,10.364314079284668,10.07372564414011,10.364314079284668,18001,0.0,0.0
2019-03-08 00:00:00+08:00,10.364314079284668,10.364314079284668,10.364314079284668,10.364314079284668,0,0.0,0.0
2019-03-11 00:00:00+08:00,10.170587857708119,10.170587857708119,10.073724746704102,10.073724746704102,9005,0.0,0.0
2019-03-12 00:00:00+08:00,10.364313639359072,10.364313639359072,10.12215677430977,10.219019889831543,44000,0.0,0.0
2019-03-13 00:00:00+08:00,10.122155985685302,10.170587539672852,10.122155985685302,10.170587539672852,14000,0.0,0.0
2019-03-14 00:00:00+08:00,10.364312993139182,10.364312993139182,10.122156143188477,10.122156143188477,12000,0.0,0.0
2019-03-15 00:00:00+08:00,10.170587539672852,10.170587539672852,10.170587539672852,10.170587539672852,1258,0.0,0.0
2019-03-18 00:00:00+08:00,10.122156302206111,10.170587857708119,10.073724746704102,10.073724746704102,29000,0.0,0.0
2019-03-19 00:00:00+08:00,10.170587857708119,10.170587857708119,10.073724746704102,10.073724746704102,26000,0.0,0.0
2019-03-20 00:00:00+08:00,10.07372458844732,10.122156143188477,10.07372458844732,10.122156143188477,3000,0.0,0.0
2019-03-21 00:00:00+08:00,10.122156143188477,10.122156143188477,10.122156143188477,10.122156143188477,0,0.0,0.0
2019-03-22 00:00:00+08:00,10.122156492968438,10.122156492968438,10.025294303894043,10.025294303894043,3000,0.0,0.0
2019-03-25 00:00:00+08:00,9.928431191064542,10.025294303894043,9.928431191064542,10.025294303894043,4083,0.0,0.0
2019-03-26 00:00:00+08:00,9.928430714858386,9.928430714858386,9.879999160766602,9.879999160766602,2000,0.0,0.0
2019-03-27 00:00:00+08:00,9.879999793027439,10.025294464600782,9.879999793027439,9.976862907409668,13941,0.0,0.0
2019-03-28 00:00:00+08:00,9.879999634649792,10.025294303894043,9.879999634649792,10.025294303894043,5999,0.0,0.0
2019-03-29 00:00:00+08:00,10.02529423999969,10.46117639744422,10.02529423999969,10.315881729125977,21000,0.0,0.0
2019-04-01 00:00:00+08:00,10.170588763773353,10.364314079284668,10.12215720395673,10.364314079284668,15000,0.0,0.0
2019-04-02 00:00:00+08:00,10.267450626777741,10.461175918579102,10.170587518999533,10.461175918579102,16000,0.0,0.0
2019-04-03 00:00:00+08:00,10.412745639101288,10.412745639101288,10.170588763773353,10.364314079284668,8000,0.0,0.0
2019-04-08 00:00:00+08:00,10.170587984562832,10.315881729125977,10.170587984562832,10.315881729125977,10000,0.0,0.0
2019-04-09 00:00:00+08:00,10.170587539672852,10.2190190936604,10.122155985685302,10.170587539672852,13609,0.0,0.0
2019-04-10 00:00:00+08:00,10.122156396032992,10.65490166398317,10.073724840082049,10.606470108032227,32438,0.0,0.0
2019-04-11 00:00:00+08:00,10.461176485841676,10.848627090454102,10.315881816295686,10.848627090454102,33000,0.0,0.0
2019-04-12 00:00:00+08:00,10.897058486938477,10.897058486938477,10.897058486938477,10.897058486938477,1477,0.0,0.0
2019-04-15 00:00:00+08:00,10.606470132727939,11.720392227172852,10.606470132727939,11.720392227172852,13016,0.0,0.0
2019-04-16 00:00:00+08:00,11.187647265172473,11.623529434204102,11.13921570777893,11.623529434204102,19305,0.0,0.0
2019-04-17 00:00:00+08:00,11.236078582074223,11.236078582074223,10.897058611330777,11.139215469360352,31000,0.0,0.0
2019-04-18 00:00:00+08:00,10.800196048566313,10.8486276073894,10.703333854675293,10.703333854675293,19000,0.0,0.0
2019-04-19 00:00:00+08:00,10.703333031682325,10.945489883422852,10.703333031682325,10.945489883422852,7000,0.0,0.0
2019-04-22 00:00:00+08:00,10.848627369109407,11.042352676391602,10.509608312304346,11.042352676391602,49109,0.0,0.0
2019-04-23 00:00:00+08:00,11.042351552066512,11.429803050935973,11.042351552066512,11.38137149810791,15000,0.0,0.0
2019-04-24 00:00:00+08:00,10.94549072503557,11.332941348109953,10.703333854675293,10.703333854675293,523000,0.0,0.0
2019-04-25 00:00:00+08:00,10.800196048566313,10.8486276073894,10.654902295852207,10.703333854675293,8449,0.0,0.0
2019-04-26 00:00:00+08:00,10.800196213118728,10.800196213118728,10.461177143702116,10.654902458190918,11000,0.0,0.0
2019-04-29 00:00:00+08:00,10.509608268737793,10.509608268737793,10.46117671117923,10.509608268737793,13000,0.0,0.0
2019-04-30 00:00:00+08:00,10.364314079284668,10.46117719891791,10.364314079284668,10.364314079284668,16000,0.0,0.0
2019-05-02 00:00:00+08:00,10.46117719891791,10.46117719891791,10.364314079284668,10.364314079284668,4634,0.0,0.0
2019-05-03 00:00:00+08:00,10.267450626777741,10.461175918579102,10.267450626777741,10.461175918579102,6024,0.0,0.0
2019-05-06 00:00:00+08:00,10.364313476561092,10.364313476561092,10.267451286315918,10.267451286315918,8000,0.0,0.0
2019-05-07 00:00:00+08:00,10.267451286315918,10.267451286315918,10.267451286315918,10.267451286315918,0,0.0,0.0
2019-05-08 00:00:00+08:00,10.073724746704102,10.073724746704102,10.073724746704102,10.073724746704102,1500,0.0,0.0
2019-05-09 00:00:00+08:00,10.170587857708119,10.170587857708119,10.073724746704102,10.073724746704102,10000,0.0,0.0
2019-05-10 00:00:00+08:00,10.073725058315336,10.267451286315918,10.073725058315336,10.267451286315918,4000,0.0,0.0
2019-05-13 00:00:00+08:00,10.073724936553688,10.073724936553688,10.025294303894043,10.025294303894043,2134,0.0,0.0
2019-05-14 00:00:00+08:00,10.170587857708119,10.170587857708119,10.02529411495718,10.073724746704102,8000,0.0,0.0
2019-05-15 00:00:00+08:00,10.219019413210127,10.219019413210127,10.073724746704102,10.073724746704102,3000,0.0,0.0
2019-05-16 00:00:00+08:00,10.073724746704102,10.073724746704102,10.073724746704102,10.073724746704102,0,0.0,0.0
2019-05-17 00:00:00+08:00,10.073724746704102,10.073724746704102,10.073724746704102,10.073724746704102,0,0.0,0.0
2019-05-20 00:00:00+08:00,9.831568235836324,9.976862907409668,9.831568235836324,9.976862907409668,5001,0.0,0.0
2019-05-21 00:00:00+08:00,9.976862402720082,10.122156143188477,9.976862402720082,10.122156143188477,4000,0.0,0.0
2019-05-22 00:00:00+08:00,10.170588212419005,10.21901976961012,9.976862907409668,9.976862907409668,7000,0.0,0.0
2019-05-23 00:00:00+08:00,9.879999160766602,9.879999160766602,9.879999160766602,9.879999160766602,2186,0.0,0.0
2019-05-24 00:00:00+08:00,10.025294176718953,10.025294176718953,9.734705765671793,9.783137321472168,11000,0.0,0.0
2019-05-27 00:00:00+08:00,9.666900634765625,9.666900634765625,9.666900634765625,9.666900634765625,5000,0.0,0.0
2019-05-28 00:00:00+08:00,9.676587104797363,9.676587104797363,9.676587104797363,9.676587104797363,804,0.0,0.0
2019-05-29 00:00:00+08:00,9.831567606674817,9.879999160766602,9.831567606674817,9.879999160766602,3000,0.0,0.0
2019-05-30 00:00:00+08:00,9.879999160766602,9.879999160766602,9.879999160766602,9.879999160766602,0,0.0,0.0
2019-05-31 00:00:00+08:00,9.879999319150405,9.879999319150405,9.831567764282227,9.831567764282227,4500,0.0,0.0
2019-06-03 00:00:00+08:00,9.831567764282227,9.831567764282227,9.831567764282227,9.831567764282227,0,0.0,0.0
2019-06-04 00:00:00+08:00,9.783137321472168,9.783137321472168,9.783137321472168,9.783137321472168,2000,0.0,0.0
2019-06-05 00:00:00+08:00,9.83156807823504,10.17058804938319,9.783137445575395,10.025294303894043,19000,0.0,0.0
2019-06-06 00:00:00+08:00,9.879999319150405,9.879999319150405,9.831567764282227,9.831567764282227,5280,0.0,0.0
2019-06-10 00:00:00+08:00,10.025294303894043,10.025294303894043,10.025294303894043,10.025294303894043,1000,0.0,0.0
2019-06-11 00:00:00+08:00,9.879999319150405,9.879999319150405,9.831567764282227,9.831567764282227,19000,0.0,0.0
2019-06-12 00:00:00+08:00,9.783137321472168,9.783137321472168,9.783137321472168,9.783137321472168,7000,0.0,0.0
2019-06-13 00:00:00+08:00,9.928431510925293,9.928431510925293,9.78313776075527,9.928431510925293,5000,0.0,0.0
2019-06-14 00:00:00+08:00,10.025293957461239,10.122156143188477,10.025293957461239,10.122156143188477,5000,0.0,0.0
2019-06-17 00:00:00+08:00,9.92843065421884,10.751764297485352,9.92843065421884,10.751764297485352,10000,0.0,0.0
2019-06-18 00:00:00+08:00,10.751764297485352,10.751764297485352,10.751764297485352,10.751764297485352,0,0.0,0.0
2019-06-19 00:00:00+08:00,10.170587518999533,10.461175918579102,10.170587518999533,10.461175918579102,10000,0.0,0.0
2019-06-20 00:00:00+08:00,10.219019072888637,10.461175918579102,10.219019072888637,10.461175918579102,10000,0.0,0.0
2019-06-21 00:00:00+08:00,10.267451883406595,10.558039394795983,10.170588763773353,10.364314079284668,28000,0.0,0.0
2019-06-24 00:00:00+08:00,10.412744364689997,10.461175918579102,10.412744364689997,10.461175918579102,2000,0.0,0.0
2019-06-25 00:00:00+08:00,10.267451883406595,10.703334074245847,10.219020323589973,10.364314079284668,22000,0.0,0.0
2019-06-26 00:00:00+08:00,10.315881696081666,10.606470108032227,10.315881696081666,10.606470108032227,7000,0.0,0.0
2019-06-27 00:00:00+08:00,10.315882038503538,10.751765132775482,10.21901984714154,10.509608268737793,128000,0.0,0.0
2019-06-28 00:00:00+08:00,10.31588127788044,10.461175939843088,10.170587539672852,10.170587539672852,16500,0.0,0.0
2019-07-01 00:00:00+08:00,10.219019227364909,10.703332926066988,10.219019227364909,10.412744522094727,28955,0.0,0.0
2019-07-02 00:00:00+08:00,10.267451883406595,10.412745639101288,10.219020323589973,10.364314079284668,8892,0.0,0.0
2019-07-03 00:00:00+08:00,10.364314079284668,10.412745639101288,10.267451883406595,10.364314079284668,5000,0.0,0.0
2019-07-04 00:00:00+08:00,10.412744965255632,10.65490182491274,10.412744965255632,10.558038711547852,19000,0.0,0.0
2019-07-05 00:00:00+08:00,10.461177143702116,10.7517655773129,10.461177143702116,10.654902458190918,18000,0.0,0.0
2019-07-08 00:00:00+08:00,10.509607919885436,10.65490166398317,10.412744807983552,10.606470108032227,25000,0.0,0.0
2019-07-09 00:00:00+08:00,10.46117607671595,10.654901371445767,10.412744522094727,10.412744522094727,19000,0.0,0.0
2019-07-10 00:00:00+08:00,10.412745196785682,11.429804214711124,10.412745196785682,11.042352676391602,271000,0.0,0.0
2019-07-11 00:00:00+08:00,11.332940476705664,11.332940476705664,10.89705832832373,10.945489883422852,55000,0.0,0.0
2019-07-12 00:00:00+08:00,10.848627021297666,11.52666603692469,10.800195465091072,11.429803848266602,297500,0.0,0.0
2019-07-15 00:00:00+08:00,11.623529115045434,11.768822859481462,11.236078514045959,11.720392227172852,170000,0.0,0.0
2019-07-16 00:00:00+08:00,11.526666526373896,12.010980261494733,11.284509658813477,11.284509658813477,293000,0.0,0.0
2019-07-17 00:00:00+08:00,11.3813727753397,11.478235891865925,11.284509658813477,11.284509658813477,14000,0.0,0.0
2019-07-18 00:00:00+08:00,11.284508392451785,11.38137149810791,11.236077763378761,11.38137149810791,7000,0.0,0.0
2019-07-19 00:00:00+08:00,11.38137149810791,11.817253626050396,11.236077763378761,11.38137149810791,56059,0.0,0.0
2019-07-22 00:00:00+08:00,11.284509053419324,11.381372164749012,11.139215310179884,11.187646865844727,18000,0.0,0.0
2019-07-23 00:00:00+08:00,11.284509053419324,11.575097463653295,11.042352198850196,11.187646865844727,56000,0.0,0.0
2019-07-24 00:00:00+08:00,11.139215791910265,11.28450954143313,11.042352676391602,11.042352676391602,32661,0.0,0.0
2019-07-25 00:00:00+08:00,11.139215469360352,11.187647025717286,10.993921724044649,11.139215469360352,5000,0.0,0.0
2019-07-26 00:00:00+08:00,11.187646707350384,11.236078262329102,11.187646707350384,11.236078262329102,2000,0.0,0.0
2019-07-29 00:00:00+08:00,11.23607890742893,11.28450954143313,11.042352676391602,11.042352676391602,10000,0.0,0.0
2019-07-30 00:00:00+08:00,10.945490891801702,10.993922451362694,10.461177143702116,10.654902458190918,91000,0.0,0.0
2019-07-31 00:00:00+08:00,10.606469656491358,10.606469656491358,10.364312810800893,10.461175918579102,19000,0.0,0.0
2019-08-01 00:00:00+08:00,10.412744364689997,11.042351793983183,10.170587518999533,10.461175918579102,97000,0.0,0.0
2019-08-02 00:00:00+08:00,10.170587857708119,10.267450968712136,9.928431003953165,10.073724746704102,104000,0.0,0.0
2019-08-05 00:00:00+08:00,10.025294626875398,10.12215681907037,9.879999952950241,9.928431510925293,12000,0.0,0.0
2019-08-06 00:00:00+08:00,9.879999160766602,10.025293823041956,9.831567606674817,9.879999160766602,7000,0.0,0.0
2019-08-07 00:00:00+08:00,10.122156143188477,10.267450807411944,10.122156143188477,10.122156143188477,9000,0.0,0.0
2019-08-08 00:00:00+08:00,10.315881412852281,11.090783515526624,10.315881412852281,10.412744522094727,289000,0.0,0.0
2019-08-12 00:00:00+08:00,10.558039339068934,10.7517655773129,10.364314024580132,10.654902458190918,31000,0.0,0.0
2019-08-13 00:00:00+08:00,10.558038711547852,10.558038711547852,10.461176521938075,10.558038711547852,3500,0.0,0.0
2019-08-14 00:00:00+08:00,10.654901698113443,10.751764810325605,10.315881729125977,10.315881729125977,4000,0.0,0.0
2019-08-15 00:00:00+08:00,10.219019935020475,10.219019935020475,9.686274644805163,9.928431510925293,81150,0.0,0.0
2019-08-16 00:00:00+08:00,9.783137321472168,10.025294176718953,9.734705765671793,9.783137321472168,36394,0.0,0.0
2019-08-19 00:00:00+08:00,9.928431391716003,9.976862949109545,9.686274528503418,9.686274528503418,12000,0.0,0.0
2019-08-20 00:00:00+08:00,9.831568235836324,10.170588212419005,9.831568235836324,9.976862907409668,33000,0.0,0.0
2019-08-21 00:00:00+08:00,10.170587539672852,10.170587539672852,10.170587539672852,10.170587539672852,1000,0.0,0.0
2019-08-22 00:00:00+08:00,10.170588172315627,10.412745033561237,9.879999754069871,10.267451286315918,38000,0.0,0.0
2019-08-23 00:00:00+08:00,10.170587857708119,10.170587857708119,9.928431003953165,10.073724746704102,11983,0.0,0.0
2019-08-26 00:00:00+08:00,9.928430714858386,9.928430714858386,9.879999160766602,9.879999160766602,5000,0.0,0.0
2019-08-27 00:00:00+08:00,9.87999990926047,10.412745197119957,9.87999990926047,10.219019889831543,10000,0.0,0.0
2019-08-28 00:00:00+08:00,10.219020323589973,10.46117719891791,10.219020323589973,10.364314079284668,9000,0.0,0.0
2019-08-29 00:00:00+08:00,10.364312993139182,10.654901397831043,10.122156143188477,10.122156143188477,25000,0.0,0.0
2019-08-30 00:00:00+08:00,10.122155965110428,10.461175918579102,10.122155965110428,10.461175918579102,3229,0.0,0.0
2019-09-02 00:00:00+08:00,10.412744711463073,10.412744711463073,10.073724746704102,10.073724746704102,29421,0.0,0.0
2019-09-03 00:00:00+08:00,10.170587697929632,10.219019252670787,9.928430847978927,10.122156143188477,14000,0.0,0.0
2019-09-04 00:00:00+08:00,9.928431003953165,10.122156302206111,9.928431003953165,10.073724746704102,24000,0.0,0.0
2019-09-05 00:00:00+08:00,10.12215681907037,10.170588377045423,9.831568394975188,9.928431510925293,29000,0.0,0.0
2019-09-06 00:00:00+08:00,9.879999160766602,10.07372445337868,9.783136976338094,9.879999160766602,88000,0.0,0.0
2019-09-10 00:00:00+08:00,9.783137643290502,9.879999834322462,9.686274528503418,9.686274528503418,10399,0.0,0.0
2019-09-11 00:00:00+08:00,9.783137321472168,9.783137321472168,9.63784265407104,9.783137321472168,3000,0.0,0.0
2019-09-12 00:00:00+08:00,9.686274528503418,9.879999834322462,9.686274528503418,9.686274528503418,10000,0.0,0.0
2019-09-16 00:00:00+08:00,9.686273847307477,10.170587539672852,9.686273847307477,10.170587539672852,24845,0.0,0.0
2019-09-17 00:00:00+08:00,10.122156007470466,10.606469700878192,9.879999160766602,9.879999160766602,68047,0.0,0.0
2019-09-18 00:00:00+08:00,9.928431191064542,10.073724936553688,9.928431191064542,10.025294303894043,17000,0.0,0.0
2019-09-19 00:00:00+08:00,10.073725140141505,10.558038866566676,9.686274528503418,9.686274528503418,72000,0.0,0.0
2019-09-20 00:00:00+08:00,9.831567764282227,9.879999319150405,9.686274023432764,9.831567764282227,33095,0.0,0.0
2019-09-23 00:00:00+08:00,9.783137643290502,10.025294506503087,9.686274528503418,9.686274528503418,181284,0.0,0.0
2019-09-24 00:00:00+08:00,9.783137321472168,9.879999509317825,9.686274209871415,9.783137321472168,33230,0.0,0.0
2019-09-25 00:00:00+08:00,9.831567764282227,9.928430874018584,9.734705578300943,9.831567764282227,9047,0.0,0.0
2019-09-26 00:00:00+08:00,9.831567360298148,9.879998913176252,9.666900634765625,9.666900634765625,53000,0.0,0.0
2019-09-27 00:00:00+08:00,9.783136705601672,9.783136705601672,9.63784204734717,9.676587104797363,44015,0.0,0.0
2019-10-01 00:00:00+08:00,9.686274528503418,9.73470608589696,9.676588032273685,9.686274528503418,8016,0.0,0.0
2019-10-02 00:00:00+08:00,9.686274209871415,9.879999509317825,9.686274209871415,9.783137321472168,22001,0.0,0.0
2019-10-03 00:00:00+08:00,9.783137133169124,9.879999319150405,9.783137133169124,9.831567764282227,21000,0.0,0.0
2019-10-04 00:00:00+08:00,9.879999793027439,10.073725098036777,9.879999793027439,9.976862907409668,22000,0.0,0.0
2019-10-07 00:00:00+08:00,10.170587857708119,10.170587857708119,9.879999448451155,10.073724746704102,24000,0.0,0.0
2019-10-08 00:00:00+08:00,10.073725058315336,10.558038780806557,10.073725058315336,10.267451286315918,18000,0.0,0.0
2019-10-09 00:00:00+08:00,10.073725098036777,10.21901976961012,9.879999793027439,9.976862907409668,39000,0.0,0.0
2019-10-14 00:00:00+08:00,9.976863024782242,10.364313639359072,9.87999990926047,10.219019889831543,29622,0.0,0.0
2019-10-15 00:00:00+08:00,10.267451286315918,10.364313476561092,9.976862868070162,10.267451286315918,13023,0.0,0.0
2019-10-16 00:00:00+08:00,10.267451096774995,10.315881729125977,10.267451096774995,10.315881729125977,2000,0.0,0.0
2019-10-17 00:00:00+08:00,10.315881919560947,10.364313476561092,10.219019729315773,10.267451286315918,5000,0.0,0.0
2019-10-18 00:00:00+08:00,10.315881729125977,10.364313285232058,10.122156428456751,10.315881729125977,11000,0.0,0.0
2019-10-21 00:00:00+08:00,10.315881696081666,10.606470108032227,10.315881696081666,10.606470108032227,16000,0.0,0.0
2019-10-22 00:00:00+08:00,10.509607493830636,10.558038124063126,10.170587539672852,10.170587539672852,33000,0.0,0.0
2019-10-23 00:00:00+08:00,10.315882519468046,10.46117719891791,10.170588763773353,10.364314079284668,23000,0.0,0.0
2019-10-24 00:00:00+08:00,10.219019072888637,10.461175918579102,10.219019072888637,10.461175918579102,5816,0.0,0.0
2019-10-25 00:00:00+08:00,10.606470108032227,10.606470108032227,10.606470108032227,10.606470108032227,14000,0.0,0.0
2019-10-28 00:00:00+08:00,10.606470108032227,10.606470108032227,10.606470108032227,10.606470108032227,0,0.0,0.0
2019-10-29 00:00:00+08:00,10.267450626777741,10.461175918579102,10.267450626777741,10.461175918579102,3000,0.0,0.0
2019-10-30 00:00:00+08:00,10.461176266965083,10.461176266965083,10.02529411495718,10.073724746704102,13000,0.0,0.0
2019-10-31 00:00:00+08:00,10.267451829213314,10.654902458190918,10.17058871009133,10.654902458190918,71000,0.0,0.0
2019-11-01 00:00:00+08:00,10.558038831560046,10.945490365668608,10.315881969150364,10.800195693969727,132804,0.0,0.0
2019-11-04 00:00:00+08:00,10.461177143702116,10.654902458190918,10.461177143702116,10.654902458190918,4000,0.0,0.0
2019-11-05 00:00:00+08:00,10.461177143702116,10.654902458190918,10.461177143702116,10.654902458190918,4000,0.0,0.0
2019-11-06 00:00:00+08:00,10.461176521938075,10.848627127887402,10.412744965255632,10.558038711547852,23000,0.0,0.0
2019-11-07 00:00:00+08:00,10.461176521938075,10.848627127887402,10.412744965255632,10.558038711547852,23000,0.0,0.0
2019-11-08 00:00:00+08:00,10.509607472468206,10.606469656491358,10.315881256911789,10.461175918579102,24242,0.0,0.0
2019-11-11 00:00:00+08:00,10.703333344663218,10.848627090454102,10.703333344663218,10.848627090454102,7000,0.0,0.0
2019-11-12 00:00:00+08:00,10.703333344663218,10.848627090454102,10.703333344663218,10.848627090454102,7000,0.0,0.0
2019-11-13 00:00:00+08:00,10.654902017658356,11.042352630616609,10.509608268737793,10.509608268737793,26000,0.0,0.0
2019-11-14 00:00:00+08:00,10.364314024580132,10.84862777267972,10.364314024580132,10.654902458190918,15000,0.0,0.0
2019-11-15 00:00:00+08:00,10.364314024580132,10.84862777267972,10.364314024580132,10.654902458190918,15000,0.0,0.0
2019-11-18 00:00:00+08:00,10.703332764269566,10.800194948292718,10.461175918579102,10.461175918579102,10000,0.0,0.0
2019-11-19 00:00:00+08:00,10.65490182491274,10.65490182491274,10.412744965255632,10.558038711547852,4000,0.0,0.0
2019-11-20 00:00:00+08:00,10.606470108032227,10.606470108032227,10.606470108032227,10.606470108032227,1000,0.0,0.0
2019-11-21 00:00:00+08:00,10.558039339068934,10.654902458190918,10.558039339068934,10.654902458190918,3000,0.0,0.0
2019-11-22 00:00:00+08:00,10.558039339068934,10.654902458190918,10.558039339068934,10.654902458190918,3000,0.0,0.0
2019-11-25 00:00:00+08:00,10.751765060491886,10.800195693969727,10.751765060491886,10.800195693969727,2000,0.0,0.0
2019-11-26 00:00:00+08:00,10.654901189893389,10.751764297485352,10.654901189893389,10.751764297485352,5000,0.0,0.0
2019-11-27 00:00:00+08:00,10.654901189893389,10.751764297485352,10.654901189893389,10.751764297485352,5000,0.0,0.0
2019-11-28 00:00:00+08:00,10.558038831560046,10.800195693969727,10.364313526383324,10.800195693969727,9000,0.0,0.0
2019-11-29 00:00:00+08:00,10.558038831560046,10.800195693969727,10.364313526383324,10.800195693969727,9000,0.0,0.0
2019-12-02 00:00:00+08:00,10.70333401775191,10.7517655773129,10.509608703263108,10.654902458190918,8000,0.0,0.0
2019-12-03 00:00:00+08:00,10.70333401775191,10.7517655773129,10.509608703263108,10.654902458190918,8000,0.0,0.0
2019-12-04 00:00:00+08:00,10.751764297485352,10.751764297485352,10.751764297485352,10.751764297485352,1000,0.0,0.0
2019-12-05 00:00:00+08:00,10.751764297485352,10.751764297485352,10.751764297485352,10.751764297485352,1000,0.0,0.0
2019-12-06 00:00:00+08:00,10.55803890254123,10.606470460099793,10.46117671117923,10.509608268737793,11000,0.0,0.0
2019-12-09 00:00:00+08:00,10.70333401775191,10.7517655773129,10.558039339068934,10.654902458190918,5000,0.0,0.0
2019-12-10 00:00:00+08:00,10.364314024580132,10.654902458190918,10.364314024580132,10.654902458190918,11000,0.0,0.0
2019-12-11 00:00:00+08:00,10.364314024580132,10.654902458190918,10.364314024580132,10.654902458190918,11000,0.0,0.0
2019-12-12 00:00:00+08:00,10.654902458190918,10.84862777267972,10.31588246501914,10.654902458190918,29000,0.0,0.0
2019-12-13 00:00:00+08:00,10.654902458190918,10.84862777267972,10.31588246501914,10.654902458190918,29000,0.0,0.0
2019-12-16 00:00:00+08:00,10.509608703263108,10.654902458190918,10.461177143702116,10.654902458190918,23000,0.0,0.0
2019-12-17 00:00:00+08:00,10.509608703263108,10.654902458190918,10.461177143702116,10.654902458190918,23000,0.0,0.0
2019-12-18 00:00:00+08:00,10.558039339068934,10.654902458190918,10.558039339068934,10.654902458190918,5000,0.0,0.0
2019-12-19 00:00:00+08:00,10.558039339068934,10.654902458190918,10.558039339068934,10.654902458190918,5000,0.0,0.0
2019-12-20 00:00:00+08:00,10.46117719891791,10.46117719891791,10.364314079284668,10.364314079284668,3000,0.0,0.0
2019-12-23 00:00:00+08:00,10.558039339068934,10.654902458190918,10.558039339068934,10.654902458190918,6000,0.0,0.0
2019-12-24 00:00:00+08:00,10.606470108032227,10.606470108032227,10.461176363934495,10.606470108032227,4000,0.0,0.0
2019-12-25 00:00:00+08:00,10.461176521938075,10.558038711547852,10.461176521938075,10.558038711547852,3000,0.0,0.0
2019-12-26 00:00:00+08:00,10.412744364689997,10.509607472468206,10.364312810800893,10.461175918579102,17000,0.0,0.0
2019-12-27 00:00:00+08:00,10.412744364689997,10.509607472468206,10.364312810800893,10.461175918579102,17000,0.0,0.0
2019-12-30 00:00:00+08:00,10.412744522094727,10.46117607671595,10.315881412852281,10.412744522094727,8000,0.0,0.0
2019-12-31 00:00:00+08:00,10.412744841338139,10.412744841338139,10.267451096774995,10.315881729125977,13000,0.0,0.0
2020-01-02 00:00:00+08:00,10.267451883406595,10.412745639101288,10.170588763773353,10.364314079284668,6000,0.0,0.0
2020-01-03 00:00:00+08:00,10.412744385855538,10.461175939843088,9.928430693490164,10.170587539672852,53047,0.0,0.0
2020-01-06 00:00:00+08:00,10.122156996308567,10.94549072503557,10.122156996308567,10.703333854675293,89000,0.0,0.0
2020-01-07 00:00:00+08:00,10.703333031682325,11.042352069866014,10.703333031682325,10.945489883422852,103000,0.0,0.0
2020-01-08 00:00:00+08:00,10.751765060491886,10.945490365668608,10.558038831560046,10.800195693969727,23000,0.0,0.0
2020-01-09 00:00:00+08:00,10.606470504067879,11.526666406474657,10.606470504067879,11.042352676391602,177000,0.0,0.0
2020-01-10 00:00:00+08:00,10.751764712371315,11.623529019318138,10.751764712371315,11.187646865844727,26000,0.0,0.0
2020-01-13 00:00:00+08:00,11.04235235664648,11.429803883746859,11.04235235664648,11.139215469360352,12000,0.0,0.0
2020-01-14 00:00:00+08:00,11.526666361829713,11.623529476973207,10.800195769518888,11.332941055297852,77000,0.0,0.0
2020-01-15 00:00:00+08:00,11.042351552066512,11.817253626050396,11.042351552066512,11.38137149810791,105000,0.0,0.0
2020-01-16 00:00:00+08:00,11.768823393934314,11.817254952197427,11.284509658813477,11.284509658813477,16000,0.0,0.0
2020-01-17 00:00:00+08:00,11.42980428727445,11.768823346231809,11.284509613074036,11.575098037719727,151000,0.0,0.0
2020-01-20 00:00:00+08:00,11.575098037719727,11.865686462365417,11.381372729207646,11.575098037719727,182090,0.0,0.0
2020-01-30 00:00:00+08:00,11.284509737680848,11.284509737680848,10.993922233581543,10.993922233581543,4000,0.0,0.0
2020-01-31 00:00:00+08:00,10.993921411190588,11.720391964606131,10.993921411190588,11.236078262329102,99000,0.0,0.0
2020-02-03 00:00:00+08:00,11.3813726128696,11.429804170441345,11.236078863909485,11.332941055297852,10000,0.0,0.0
2020-02-04 00:00:00+08:00,11.478235891865925,11.526666526373896,10.945490598481975,11.284509658813477,93000,0.0,0.0
2020-02-05 00:00:00+08:00,11.478235891865925,11.526666526373896,10.945490598481975,11.284509658813477,93000,0.0,0.0
2020-02-06 00:00:00+08:00,11.042352042414228,11.236078262329102,11.042352042414228,11.236078262329102,10000,0.0,0.0
2020-02-07 00:00:00+08:00,11.042352042414228,11.236078262329102,11.042352042414228,11.236078262329102,10000,0.0,0.0
2020-02-10 00:00:00+08:00,11.236078262329102,11.236078262329102,11.236078262329102,11.236078262329102,1000,0.0,0.0
2020-02-11 00:00:00+08:00,11.332941055297852,11.478235728013093,11.13921574876599,11.332941055297852,21000,0.0,0.0
2020-02-12 00:00:00+08:00,11.236078206639133,11.623528797038384,10.993921356700834,11.526665687561035,335000,0.0,0.0
2020-02-13 00:00:00+08:00,11.381372570991516,11.671960991597643,11.236078822566014,11.623529434204102,140000,0.0,0.0
2020-02-14 00:00:00+08:00,11.3813726128696,11.671961034544955,11.284509497726104,11.332941055297852,101000,0.0,0.0
2020-02-17 00:00:00+08:00,11.187646865844727,11.284509053419324,11.139215310179884,11.187646865844727,25000,0.0,0.0
2020-02-18 00:00:00+08:00,11.332941052212862,12.301568508363621,10.509608268737793,10.509608268737793,1883000,0.0,0.0
2020-02-19 00:00:00+08:00,10.848627557776743,10.993922233581543,10.606470688523892,10.993922233581543,71000,0.0,0.0
2020-02-20 00:00:00+08:00,10.848627557776743,10.993922233581543,10.606470688523892,10.993922233581543,71000,0.0,0.0
2020-02-21 00:00:00+08:00,10.800196048566313,10.993922283858657,10.654902295852207,10.703333854675293,55000,0.0,0.0
2020-02-24 00:00:00+08:00,10.55803836638496,10.945489883422852,10.412744624842675,10.945489883422852,47000,0.0,0.0
2020-02-25 00:00:00+08:00,10.70333357521692,10.848627324137482,10.46117671117923,10.509608268737793,45000,0.0,0.0
2020-02-26 00:00:00+08:00,10.558039394795983,10.654902514429226,10.364314079284668,10.364314079284668,47000,0.0,0.0
2020-02-27 00:00:00+08:00,10.509608703263108,10.654902458190918,10.267451829213314,10.654902458190918,46000,0.0,0.0
2020-03-02 00:00:00+08:00,10.654901631673177,10.945490042742556,10.412744776407878,10.897058486938477,63000,0.0,0.0
2020-03-03 00:00:00+08:00,10.897058684569847,10.94549024125229,10.509608078620518,10.558038711547852,32000,0.0,0.0
2020-03-04 00:00:00+08:00,10.412744841338139,10.654901698113443,10.315881729125977,10.315881729125977,47000,0.0,0.0
2020-03-05 00:00:00+08:00,10.46117719891791,10.46117719891791,10.364314079284668,10.364314079284668,10000,0.0,0.0
2020-03-06 00:00:00+08:00,10.412744385855538,10.412744385855538,10.170587539672852,10.170587539672852,22000,0.0,0.0
2020-03-09 00:00:00+08:00,10.025293957461239,10.461176102621494,10.025293957461239,10.122156143188477,15000,0.0,0.0
2020-03-10 00:00:00+08:00,10.606470108032227,10.848626964031844,10.461176363934495,10.606470108032227,31000,0.0,0.0
2020-03-11 00:00:00+08:00,10.461176464116587,10.509608020531338,10.025294303894043,10.025294303894043,28000,0.0,0.0
2020-03-12 00:00:00+08:00,9.831567849030494,9.831567849030494,9.027607172055827,9.531293869018555,86000,0.0,0.0
2020-03-13 00:00:00+08:00,9.531293869018555,9.531293869018555,9.531293869018555,9.531293869018555,0,0.0,0.0
2020-03-16 00:00:00+08:00,9.928430874018584,10.122156169736224,9.51192079540935,9.831567764282227,18000,0.0,0.0
2020-03-17 00:00:00+08:00,9.492549183008762,10.170588212419005,9.415059061005028,9.976862907409668,43000,0.0,0.0
2020-03-18 00:00:00+08:00,9.976862907409668,9.976862907409668,9.976862907409668,9.976862907409668,0,0.0,0.0
2020-03-19 00:00:00+08:00,9.540980795803307,9.540980795803307,9.289137435945902,9.405372619628906,32000,0.0,0.0
2020-03-20 00:00:00+08:00,9.78313776075527,10.073725261095317,9.78313776075527,9.928431510925293,10000,0.0,0.0
2020-03-23 00:00:00+08:00,9.928430714858386,10.07372445337868,9.879999160766602,9.879999160766602,9000,0.0,0.0
2020-03-24 00:00:00+08:00,9.976863088419293,10.073725280803767,9.637843105685793,9.647529602050781,21000,0.0,0.0
2020-03-25 00:00:00+08:00,9.686274644805163,10.025294626875398,9.686274644805163,9.928431510925293,28000,0.0,0.0
2020-03-26 00:00:00+08:00,9.976862907409668,9.976862907409668,9.976862907409668,9.976862907409668,1000,0.0,0.0
2020-03-27 00:00:00+08:00,9.734705422246309,10.07372445337868,9.686273868154524,9.879999160766602,37000,0.0,0.0
2020-03-30 00:00:00+08:00,9.686274663755599,9.879999972279682,9.395686239091903,9.647529602050781,33000,0.0,0.0
2020-03-31 00:00:00+08:00,9.831567606674817,9.879999160766602,9.783136976338094,9.879999160766602,7000,0.0,0.0
2020-04-01 00:00:00+08:00,9.879999160766602,9.879999160766602,9.879999160766602,9.879999160766602,0,0.0,0.0
2020-04-06 00:00:00+08:00,9.879999160766602,9.879999160766602,9.879999160766602,9.879999160766602,1000,0.0,0.0
2020-04-07 00:00:00+08:00,9.879999160766602,9.879999160766602,9.879999160766602,9.879999160766602,1000,0.0,0.0
2020-04-08 00:00:00+08:00,9.928431003953165,10.073724746704102,9.928431003953165,10.073724746704102,8000,0.0,0.0
2020-04-09 00:00:00+08:00,9.686274528503418,9.83156827692892,9.686274528503418,9.686274528503418,20000,0.0,0.0
2020-04-10 00:00:00+08:00,9.783137643290502,9.783137643290502,9.570039345011992,9.686274528503418,6000,0.0,0.0
2020-04-13 00:00:00+08:00,9.686274528503418,9.686274528503418,9.686274528503418,9.686274528503418,0,0.0,0.0
2020-04-14 00:00:00+08:00,9.783136731175086,9.783136731175086,9.540979890539612,9.666900634765625,7000,0.0,0.0
2020-04-15 00:00:00+08:00,9.734704971313477,9.734704971313477,9.734704971313477,9.734704971313477,1000,0.0,0.0
2020-04-16 00:00:00+08:00,9.879999509317825,9.976862620918578,9.783137321472168,9.783137321472168,12000,0.0,0.0
2020-04-17 00:00:00+08:00,9.879999160766602,9.879999160766602,9.879999160766602,9.879999160766602,1000,0.0,0.0
2020-04-20 00:00:00+08:00,9.928431065118202,9.928431065118202,9.783137321472168,9.783137321472168,2000,0.0,0.0
2020-04-21 00:00:00+08:00,9.928431510925293,9.928431510925293,9.928431510925293,9.928431510925293,4000,0.0,0.0
2020-04-22 00:00:00+08:00,9.686273419465147,9.928430254951776,9.647528362737487,9.734704971313477,32000,0.0,0.0
2020-04-23 00:00:00+08:00,9.831568387401203,9.831568387401203,9.637843079405368,9.65721607208252,1000,0.0,0.0
2020-04-24 00:00:00+08:00,9.637842686703904,9.686274242668263,9.492548942565918,9.492548942565918,20000,0.0,0.0
2020-04-27 00:00:00+08:00,9.405371727231934,9.666900634765625,9.405371727231934,9.666900634765625,15000,0.0,0.0
2020-04-28 00:00:00+08:00,9.657215305201477,9.879999160766602,9.657215305201477,9.879999160766602,6000,0.0,0.0
2020-04-29 00:00:00+08:00,9.608783721923828,9.676587343193344,9.589410730843934,9.608783721923828,26000,0.0,0.0
2020-04-30 00:00:00+08:00,9.783137643290502,9.783137643290502,9.637842971109876,9.686274528503418,11000,0.0,0.0
2020-05-04 00:00:00+08:00,9.589410519662676,9.666900634765625,9.51192040455973,9.666900634765625,9000,0.0,0.0
2020-05-05 00:00:00+08:00,9.783137643290502,9.783137643290502,9.686274528503418,9.686274528503418,2000,0.0,0.0
2020-05-06 00:00:00+08:00,9.511920202313169,9.783136523161806,9.511920202313169,9.734704971313477,5000,0.0,0.0
2020-05-07 00:00:00+08:00,9.686274528503418,9.783137643290502,9.686274528503418,9.686274528503418,6000,0.0,0.0
2020-05-08 00:00:00+08:00,9.686274528503418,9.686274528503418,9.637842971109876,9.686274528503418,6000,0.0,0.0
2020-05-11 00:00:00+08:00,9.686274528503418,9.686274528503418,9.686274528503418,9.686274528503418,1000,0.0,0.0
2020-05-12 00:00:00+08:00,9.676587104797363,9.676587104797363,9.676587104797363,9.676587104797363,1000,0.0,0.0
2020-05-13 00:00:00+08:00,9.676587104797363,9.676587104797363,9.676587104797363,9.676587104797363,0,0.0,0.0
2020-05-14 00:00:00+08:00,9.686274528503418,9.976862949109545,9.550666352552525,9.686274528503418,33000,0.0,0.0
2020-05-15 00:00:00+08:00,9.831567764282227,9.831567764282227,9.831567764282227,9.831567764282227,1000,0.0,0.0
2020-05-18 00:00:00+08:00,9.831567764282227,9.831567764282227,9.831567764282227,9.831567764282227,0,0.0,0.0
2020-05-19 00:00:00+08:00,9.783137133169124,9.976862428886763,9.589410913696407,9.831567764282227,14000,0.0,0.0
2020-05-20 00:00:00+08:00,9.637843132019043,9.637843132019043,9.521607946587006,9.637843132019043,14000,0.0,0.0
2020-05-21 00:00:00+08:00,9.783137321472168,9.783137321472168,9.783137321472168,9.783137321472168,1000,0.0,0.0
2020-05-22 00:00:00+08:00,9.783137321472168,9.783137321472168,9.783137321472168,9.783137321472168,0,0.0,0.0
2020-05-25 00:00:00+08:00,9.676587104797363,9.676587104797363,9.676587104797363,9.676587104797363,1000,0.0,0.0
2020-05-26 00:00:00+08:00,9.68627513058152,9.68627513058152,9.502236309552751,9.511921882629395,19000,0.0,0.0
2020-05-27 00:00:00+08:00,9.637843158405278,9.637843158405278,9.628156661987305,9.628156661987305,2000,0.0,0.0
2020-05-28 00:00:00+08:00,9.628156661987305,9.628156661987305,9.628156661987305,9.628156661987305,0,0.0,0.0
2020-05-29 00:00:00+08:00,9.50223501171071,9.50223501171071,8.853254592700909,9.337568283081055,32000,0.0,0.0
2020-06-01 00:00:00+08:00,9.482861817546397,9.676587104797363,9.482861817546397,9.676587104797363,6000,0.0,0.0
2020-06-02 00:00:00+08:00,9.676587713960322,9.783137321472168,9.676587713960322,9.783137321472168,4000,0.0,0.0
2020-06-03 00:00:00+08:00,9.618470268634791,9.618470268634791,9.589410781860352,9.589410781860352,4000,0.0,0.0
2020-06-04 00:00:00+08:00,9.783137643290502,9.783137643290502,9.473176230224908,9.686274528503418,5000,0.0,0.0
2020-06-05 00:00:00+08:00,9.540980887285018,9.65721607208252,9.347254655534048,9.65721607208252,15000,0.0,0.0
2020-06-08 00:00:00+08:00,9.589411818667914,9.618471308584267,9.356941441868063,9.570039749145508,12000,0.0,0.0
2020-06-09 00:00:00+08:00,9.589411130739542,9.589411130739542,9.492548942565918,9.492548942565918,2000,0.0,0.0
2020-06-10 00:00:00+08:00,9.492548910425006,9.783137321472168,9.492548910425006,9.783137321472168,4000,0.0,0.0
2020-06-11 00:00:00+08:00,9.783137321472168,9.783137321472168,9.783137321472168,9.783137321472168,0,0.0,0.0
2020-06-12 00:00:00+08:00,9.41505923182188,9.686274663755599,9.405372735456892,9.647529602050781,14000,0.0,0.0
2020-06-15 00:00:00+08:00,9.6087844061758,9.783137643290502,9.453804161520566,9.686274528503418,18000,0.0,0.0
2020-06-16 00:00:00+08:00,9.599097600507143,9.666901224419291,9.308509189268497,9.502235412597656,48000,0.0,0.0
2020-06-17 00:00:00+08:00,9.589410781860352,9.608783773043312,9.492548597210739,9.589410781860352,31000,0.0,0.0
2020-06-18 00:00:00+08:00,9.63784233606269,9.63784233606269,9.570038714432455,9.589410781860352,11000,0.0,0.0
2020-06-19 00:00:00+08:00,9.65721607208252,9.65721607208252,9.65721607208252,9.65721607208252,1000,0.0,0.0
2020-06-22 00:00:00+08:00,9.65721607208252,9.65721607208252,9.65721607208252,9.65721607208252,0,0.0,0.0
2020-06-23 00:00:00+08:00,9.65721607208252,9.65721607208252,9.65721607208252,9.65721607208252,0,0.0,0.0
2020-06-24 00:00:00+08:00,9.657215037949785,9.676587104797363,9.657215037949785,9.676587104797363,9000,0.0,0.0
2020-06-29 00:00:00+08:00,9.44411786999946,9.560353056010374,9.337569180428241,9.347254753112793,26000,0.0,0.0
2020-06-30 00:00:00+08:00,9.395685231905308,9.666900634765625,9.395685231905308,9.666900634765625,11000,0.0,0.0
2020-07-01 00:00:00+08:00,9.686273600098671,9.686273600098671,9.482861817546397,9.676587104797363,10000,0.0,0.0
2020-07-02 00:00:00+08:00,9.579725526114665,9.879999509317825,9.492548910425006,9.783137321472168,22000,0.0,0.0
2020-07-03 00:00:00+08:00,9.783138251389408,10.025295129653946,9.511921882629395,9.511921882629395,39000,0.0,0.0
2020-07-06 00:00:00+08:00,9.589410781860352,9.589410781860352,9.589410781860352,9.589410781860352,1000,0.0,0.0
2020-07-07 00:00:00+08:00,9.657215963569342,9.686274528503418,9.657215963569342,9.686274528503418,3000,0.0,0.0
2020-07-08 00:00:00+08:00,9.686274528503418,9.686274528503418,9.686274528503418,9.686274528503418,0,0.0,0.0
2020-07-09 00:00:00+08:00,9.647528567867408,9.686273625418881,9.49254833766151,9.666900634765625,13000,0.0,0.0
2020-07-10 00:00:00+08:00,9.686273419465147,9.976861806800105,9.599096810889158,9.734704971313477,73000,0.0,0.0
2020-07-13 00:00:00+08:00,9.637843378106673,9.647529874745459,9.492549623545557,9.570039749145508,69000,0.0,0.0
2020-07-14 00:00:00+08:00,9.492548942565918,9.579725558550747,9.347254274672835,9.492548942565918,36000,0.0,0.0
2020-07-15 00:00:00+08:00,9.540980257795555,9.579725316838424,9.395685593568498,9.560352325439453,16000,0.0,0.0
2020-07-16 00:00:00+08:00,9.415058584967468,9.560352325439453,9.395685593568498,9.560352325439453,46000,0.0,0.0
2020-07-17 00:00:00+08:00,9.599097626683434,9.599097626683434,9.395685830637197,9.492548942565918,29000,0.0,0.0
2020-07-20 00:00:00+08:00,9.347253854834817,9.540980069990919,9.250391671011819,9.337568283081055,49000,0.0,0.0
2020-07-21 00:00:00+08:00,9.444116988207416,9.444116988207416,9.231018705206704,9.327881813049316,35000,0.0,0.0
2020-07-22 00:00:00+08:00,9.260079056420965,9.347254753112793,9.201961001537935,9.347254753112793,52000,0.0,0.0
2020-07-23 00:00:00+08:00,9.492548809541043,9.647529047451087,9.492548809541043,9.531293869018555,15000,0.0,0.0
2020-07-24 00:00:00+08:00,9.579725883758407,9.637843013884492,9.298823958135316,9.395686149597168,107000,0.0,0.0
2020-07-27 00:00:00+08:00,9.4441178167466,9.4441178167466,9.192274453265457,9.36662769317627,19000,0.0,0.0
2020-07-28 00:00:00+08:00,9.240705180694981,9.686273813045265,9.211646617907261,9.618470191955566,73000,0.0,0.0
2020-07-29 00:00:00+08:00,9.356941159080966,9.928431510925293,9.356941159080966,9.928431510925293,129000,0.0,0.0
2020-07-30 00:00:00+08:00,9.976862907409668,10.267451326801234,9.6862744880181,9.976862907409668,44000,0.0,0.0
2020-07-31 00:00:00+08:00,9.686274474148101,10.073725083611977,8.979176880937747,9.143842697143555,344000,0.0,0.0
2020-08-03 00:00:00+08:00,9.240706085547432,9.240706085547432,9.066352844238281,9.066352844238281,53000,0.0,0.0
2020-08-04 00:00:00+08:00,9.05666679348818,9.23101910183926,9.017921733437374,9.211647033691406,37000,0.0,0.0
2020-08-05 00:00:00+08:00,9.201960615663197,9.298823728488008,9.201960615663197,9.182587623596191,13000,0.0,0.0
2020-08-06 00:00:00+08:00,9.44411725760021,9.44411725760021,9.20196040484123,9.250391960144043,17000,0.0,0.0
2020-08-07 00:00:00+08:00,9.289137840270996,9.289137840270996,9.289137840270996,9.289137840270996,1000,0.0,0.0
2020-08-10 00:00:00+08:00,9.250392750860032,9.395686505432977,9.143843135335054,9.298824310302734,49000,0.0,0.0
2020-08-11 00:00:00+08:00,9.153529658194024,9.376314462766537,9.153529658194024,9.289137840270996,31000,0.0,0.0
2020-08-12 00:00:00+08:00,9.250391721595209,9.327881838579362,9.250391721595209,9.318195343017578,4000,0.0,0.0
2020-08-13 00:00:00+08:00,9.29882409218067,9.444117843345467,9.29882409218067,9.356941223144531,6000,0.0,0.0
2020-08-14 00:00:00+08:00,9.298824310302734,9.395686505432977,9.221334184696476,9.298824310302734,30000,0.0,0.0
2020-08-17 00:00:00+08:00,9.318195842248155,9.453804016113281,9.308509346167408,9.453804016113281,12000,0.0,0.0
2020-08-18 00:00:00+08:00,9.33756897802914,9.783137643290502,9.327882481799406,9.686274528503418,55000,0.0,0.0
2020-08-19 00:00:00+08:00,9.666901697438268,9.686274690221177,9.511921450195551,9.637843132019043,24000,0.0,0.0
2020-08-20 00:00:00+08:00,9.48286245404705,9.48286245404705,9.20196053773993,9.211647033691406,31000,0.0,0.0
2020-08-21 00:00:00+08:00,9.39568543428611,9.492548542128722,9.308508821978771,9.327881813049316,25000,0.0,0.0
2020-08-24 00:00:00+08:00,9.385999441467455,9.628156300288913,9.318195816599081,9.46349048614502,21000,0.0,0.0
2020-08-25 00:00:00+08:00,9.453803538599882,9.783136998669702,9.4441170430084,9.589410781860352,28000,0.0,0.0
2020-08-26 00:00:00+08:00,9.58941137363587,9.976862907409668,9.58941137363587,9.976862907409668,81000,0.0,0.0
2020-08-27 00:00:00+08:00,9.928431191064542,10.26745116221269,9.686274332745894,10.025294303894043,138000,0.0,0.0
2020-08-28 00:00:00+08:00,9.97686265193526,10.993921631884673,9.97686265193526,10.606470108032227,1020000,0.0,0.0
2020-08-31 00:00:00+08:00,10.65490198135376,10.65490198135376,9.686274528503418,9.686274528503418,291000,0.0,0.0
2020-09-01 00:00:00+08:00,9.734705662214258,9.783137217499918,9.492548809541043,9.531293869018555,147000,0.0,0.0
2020-09-02 00:00:00+08:00,9.647529602050781,9.831568414209878,9.405372735456892,9.647529602050781,141000,0.0,0.0
2020-09-03 00:00:00+08:00,9.783136972619914,9.783136972619914,9.59909725189209,9.59909725189209,37000,0.0,0.0
2020-09-04 00:00:00+08:00,9.395686478572149,9.589411792033966,9.395686478572149,9.579726219177246,14000,0.0,0.0
2020-09-07 00:00:00+08:00,9.473175924845226,9.67658772033677,9.415058796850554,9.502235412597656,109000,0.0,0.0
2020-09-08 00:00:00+08:00,9.666900877015784,9.928430714858386,9.54098012963423,9.879999160766602,153000,0.0,0.0
2020-09-09 00:00:00+08:00,9.734704971313477,9.976861806800105,9.676586924344477,9.734704971313477,38000,0.0,0.0
2020-09-10 00:00:00+08:00,9.879999952950241,10.219019935020475,9.637843086830111,9.928431510925293,271000,0.0,0.0
2020-09-11 00:00:00+08:00,9.666901671025622,9.976863088419293,9.637843105685793,9.647529602050781,23000,0.0,0.0
2020-09-14 00:00:00+08:00,9.734705578300943,9.879999319150405,9.550665854552879,9.831567764282227,60000,0.0,0.0
2020-09-15 00:00:00+08:00,9.831567764282227,9.879999319150405,9.599097409421057,9.831567764282227,14000,0.0,0.0
2020-09-16 00:00:00+08:00,9.666900429223809,9.734704971313477,9.579724744402837,9.734704971313477,32000,0.0,0.0
2020-09-17 00:00:00+08:00,9.686273419465147,9.783136523161806,9.628155372496147,9.734704971313477,20000,0.0,0.0
2020-09-18 00:00:00+08:00,9.666901495639607,9.976862907409668,9.608784366014365,9.976862907409668,67000,0.0,0.0
2020-09-21 00:00:00+08:00,10.025293801465262,10.170587539672852,9.928430693490164,10.170587539672852,92000,0.0,0.0
2020-09-22 00:00:00+08:00,10.170587697929632,10.315881438398026,9.976862402720082,10.122156143188477,53000,0.0,0.0
2020-09-23 00:00:00+08:00,10.17058804938319,10.461176464116587,9.976862747479291,10.025294303894043,317000,0.0,0.0
2020-09-24 00:00:00+08:00,10.025293957461239,10.267450807411944,9.68627399802822,10.122156143188477,61000,0.0,0.0
2020-09-25 00:00:00+08:00,10.219019889831543,10.412745197119957,9.87999990926047,10.219019889831543,93000,0.0,0.0
2020-09-28 00:00:00+08:00,10.219019540668913,10.412744841338139,10.122156428456751,10.315881729125977,89000,0.0,0.0
2020-09-29 00:00:00+08:00,10.364312967473504,10.50960763133717,10.267450781986131,10.412744522094727,63000,0.0,0.0
2020-09-30 00:00:00+08:00,10.509607472468206,10.558038102602254,10.219019072888637,10.461175918579102,33000,0.0,0.0
2020-10-05 00:00:00+08:00,10.558038262203322,10.558038262203322,10.170587672743686,10.412744522094727,27000,0.0,0.0
2020-10-06 00:00:00+08:00,10.412745584141124,10.654902458190918,10.073725590969346,10.654902458190918,93000,0.0,0.0
2020-10-07 00:00:00+08:00,10.558038711547852,10.751764938277626,10.315881851890744,10.558038711547852,48000,0.0,0.0
2020-10-08 00:00:00+08:00,10.606470268230295,10.606470268230295,10.558038711547852,10.558038711547852,2000,0.0,0.0
2020-10-12 00:00:00+08:00,10.315881851890744,10.558038711547852,10.315881851890744,10.558038711547852,8000,0.0,0.0
2020-10-13 00:00:00+08:00,10.461176521938075,10.848627127887402,10.26745121896341,10.558038711547852,72000,0.0,0.0
2020-10-14 00:00:00+08:00,10.606469636097408,10.751764297485352,10.267450607035652,10.751764297485352,75000,0.0,0.0
2020-10-15 00:00:00+08:00,10.606470108032227,10.606470108032227,10.606470108032227,10.606470108032227,1000,0.0,0.0
2020-10-16 00:00:00+08:00,10.703333503258927,10.800195693969727,10.412745083616285,10.800195693969727,218000,0.0,0.0
2020-10-19 00:00:00+08:00,10.751764586781446,10.945489883422852,10.60646992148408,10.945489883422852,84000,0.0,0.0
2020-10-20 00:00:00+08:00,10.945490042742556,10.993921598546635,10.654901631673177,10.897058486938477,41000,0.0,0.0
2020-10-21 00:00:00+08:00,10.800195218125488,11.090783624965136,10.800195218125488,10.945489883422852,84000,0.0,0.0
2020-10-22 00:00:00+08:00,10.848627557776743,11.042352868427995,10.848627557776743,10.993922233581543,74000,0.0,0.0
2020-10-23 00:00:00+08:00,10.897059116378344,11.042352868427995,10.897059116378344,10.993922233581543,89000,0.0,0.0
2020-10-26 00:00:00+08:00,11.042352676391602,11.042352676391602,11.042352676391602,11.042352676391602,1000,0.0,0.0
2020-10-27 00:00:00+08:00,10.945489384285082,11.1392146720922,10.945489384285082,11.09078311920166,12000,0.0,0.0
2020-10-28 00:00:00+08:00,11.04235235664648,11.139215469360352,10.800195498616906,11.139215469360352,26000,0.0,0.0
2020-10-29 00:00:00+08:00,10.897057831394543,11.09078311920166,10.897057831394543,11.09078311920166,2000,0.0,0.0
2020-10-30 00:00:00+08:00,11.09078311920166,11.09078311920166,11.09078311920166,11.09078311920166,0,0.0,0.0
2020-11-02 00:00:00+08:00,11.04235156631112,11.09078311920166,10.703332543587425,11.09078311920166,24000,0.0,0.0
2020-11-03 00:00:00+08:00,10.897057831394543,11.09078311920166,10.848626278504003,11.09078311920166,29000,0.0,0.0
2020-11-04 00:00:00+08:00,11.381372364612517,11.381372364612517,10.848627090454102,10.848627090454102,70000,0.0,0.0
2020-11-05 00:00:00+08:00,10.945489883422852,10.945489883422852,10.945489883422852,10.945489883422852,1000,0.0,0.0
2020-11-06 00:00:00+08:00,10.654901753301205,11.139215469360352,10.558038640587334,11.139215469360352,71000,0.0,0.0
2020-11-09 00:00:00+08:00,11.187646898007856,11.187646898007856,10.80019537533032,10.897058486938477,20000,0.0,0.0
2020-11-10 00:00:00+08:00,11.042352042414228,11.429803558488898,10.94548985621187,11.236078262329102,137000,0.0,0.0
2020-11-11 00:00:00+08:00,11.236078262329102,11.332940448531462,10.993921411190588,11.236078262329102,157000,0.0,0.0
2020-11-12 00:00:00+08:00,11.284509085860918,11.284509085860918,10.897058486938477,10.897058486938477,54000,0.0,0.0
2020-11-13 00:00:00+08:00,11.139215310179884,11.187646865844727,10.897058455610756,11.187646865844727,155000,0.0,0.0
2020-11-16 00:00:00+08:00,11.236078262329102,11.236078262329102,11.042352042414228,11.236078262329102,21000,0.0,0.0
2020-11-17 00:00:00+08:00,11.187647025717286,11.429803883746859,10.945490167687714,11.139215469360352,95000,0.0,0.0
2020-11-18 00:00:00+08:00,10.945490598481975,11.284509658813477,10.897059040218862,11.284509658813477,47000,0.0,0.0
2020-11-19 00:00:00+08:00,11.284509658813477,11.284509658813477,10.945490598481975,11.284509658813477,42000,0.0,0.0
2020-11-20 00:00:00+08:00,11.284508921606543,11.429803586903907,10.945489883422852,10.945489883422852,60000,0.0,0.0
2020-11-23 00:00:00+08:00,11.090784234150933,11.139215791910265,10.897058926868738,11.042352676391602,10000,0.0,0.0
2020-11-24 00:00:00+08:00,11.090784646729514,11.139216206290504,10.800196213118728,10.654902458190918,20000,0.0,0.0
2020-11-25 00:00:00+08:00,10.751765177345874,11.042352676391602,10.65490206182721,11.042352676391602,17000,0.0,0.0
2020-11-26 00:00:00+08:00,10.993921142710201,11.139214880343088,10.751764297485352,10.751764297485352,119000,0.0,0.0
2020-11-27 00:00:00+08:00,10.89705832832373,10.945489883422852,10.703333031682325,10.945489883422852,42000,0.0,0.0
2020-11-30 00:00:00+08:00,10.897059116378344,11.042352868427995,10.848627557776743,10.993922233581543,46000,0.0,0.0
2020-12-01 00:00:00+08:00,10.848627251202686,10.993921922901567,10.800195693969727,10.800195693969727,12000,0.0,0.0
2020-12-02 00:00:00+08:00,10.945490674979943,11.090784427029595,10.945490674979943,10.993922233581543,6000,0.0,0.0
2020-12-03 00:00:00+08:00,10.800195811350074,11.090784234150933,10.800195811350074,11.042352676391602,26000,0.0,0.0
2020-12-04 00:00:00+08:00,10.897059040218862,11.284509658813477,10.84862748195575,11.284509658813477,169000,0.0,0.0
2020-12-07 00:00:00+08:00,11.381372031804785,11.381372031804785,10.89705832832373,10.945489883422852,43000,0.0,0.0
2020-12-08 00:00:00+08:00,11.090784427029595,11.090784427029595,10.993922233581543,10.993922233581543,3000,0.0,0.0
2020-12-09 00:00:00+08:00,11.042352676391602,11.090784234150933,11.042352676391602,11.042352676391602,4000,0.0,0.0
2020-12-10 00:00:00+08:00,11.042352676391602,11.042352676391602,11.042352676391602,11.042352676391602,1000,0.0,0.0
2020-12-11 00:00:00+08:00,10.848627369109407,11.042352676391602,10.848627369109407,11.042352676391602,10000,0.0,0.0
2020-12-14 00:00:00+08:00,11.042352676391602,11.042352676391602,11.042352676391602,11.042352676391602,1000,0.0,0.0
2020-12-15 00:00:00+08:00,10.800195811350074,11.042352676391602,10.800195811350074,11.042352676391602,11000,0.0,0.0
2020-12-16 00:00:00+08:00,10.848627251202686,11.042352556379408,10.751765060491886,10.800195693969727,44000,0.0,0.0
2020-12-17 00:00:00+08:00,10.99392093717562,11.1392146720922,10.703332543587425,11.09078311920166,42000,0.0,0.0
2020-12-18 00:00:00+08:00,10.848626773224609,11.042352069866014,10.848626773224609,10.945489883422852,14000,0.0,0.0
2020-12-21 00:00:00+08:00,10.848626773224609,10.945489883422852,10.848626773224609,10.945489883422852,4000,0.0,0.0
2020-12-22 00:00:00+08:00,10.897057831394543,11.09078311920166,10.800194725613464,11.09078311920166,16000,0.0,0.0
2020-12-23 00:00:00+08:00,10.945489883422852,10.945489883422852,10.800195218125488,10.945489883422852,17000,0.0,0.0
2020-12-24 00:00:00+08:00,10.94548958891422,10.94548958891422,10.751764297485352,10.751764297485352,99000,0.0,0.0
2020-12-25 00:00:00+08:00,10.751765060491886,10.800195693969727,10.751765060491886,10.800195693969727,5000,0.0,0.0
2020-12-28 00:00:00+08:00,10.897058646969432,10.897058646969432,10.751764901178548,10.848627090454102,60000,0.0,0.0
2020-12-29 00:00:00+08:00,10.89705857750426,11.478235404473196,10.800195465091072,11.429803848266602,184000,0.0,0.0
2020-12-30 00:00:00+08:00,11.1392146720922,11.1392146720922,10.897057831394543,11.09078311920166,66000,0.0,0.0
2020-12-31 00:00:00+08:00,11.236078582074223,11.478235440103795,10.993921724044649,11.139215469360352,91000,0.0,0.0
2021-01-04 00:00:00+08:00,11.139215180064257,11.236078290262501,10.945489883422852,10.945489883422852,32000,0.0,0.0
2021-01-05 00:00:00+08:00,10.945489384285082,11.09078311920166,10.945489384285082,11.09078311920166,11000,0.0,0.0
2021-01-06 00:00:00+08:00,10.945490484628069,11.28450954143313,10.800195811350074,11.042352676391602,65000,0.0,0.0
2021-01-07 00:00:00+08:00,10.945489384285082,11.09078311920166,10.897057831394543,11.09078311920166,17000,0.0,0.0
2021-01-08 00:00:00+08:00,10.945490484628069,11.139215791910265,10.945490484628069,11.042352676391602,17000,0.0,0.0
2021-01-11 00:00:00+08:00,10.993921724044649,11.526666072705625,10.993921724044649,11.139215469360352,106000,0.0,0.0
2021-01-12 00:00:00+08:00,11.236078262329102,11.332940448531462,11.042352042414228,11.236078262329102,268000,0.0,0.0
2021-01-13 00:00:00+08:00,11.284508407008778,11.284508407008778,11.09078311920166,11.09078311920166,94000,0.0,0.0
2021-01-14 00:00:00+08:00,11.23607890742893,11.28450954143313,10.848627369109407,11.042352676391602,90000,0.0,0.0
2021-01-15 00:00:00+08:00,11.042352069866014,11.090783624965136,10.703333031682325,10.945489883422852,186000,0.0,0.0
2021-01-18 00:00:00+08:00,10.751764901178548,11.042352392760314,10.703333344663218,10.848627090454102,58000,0.0,0.0
2021-01-19 00:00:00+08:00,10.848627369109407,11.090784234150933,10.800195811350074,11.042352676391602,99000,0.0,0.0
2021-01-20 00:00:00+08:00,11.042352230595618,11.429803753273154,10.897058486938477,10.897058486938477,102000,0.0,0.0
2021-01-21 00:00:00+08:00,10.897058808435647,10.897058808435647,10.364313526383324,10.800195693969727,197000,0.0,0.0
2021-01-22 00:00:00+08:00,10.800195693969727,10.848627251202686,10.800195693969727,10.800195693969727,9000,0.0,0.0
2021-01-25 00:00:00+08:00,10.848626931134397,10.897058486938477,10.848626931134397,10.897058486938477,3000,0.0,0.0
2021-01-26 00:00:00+08:00,10.897059116378344,10.993922233581543,10.897059116378344,10.993922233581543,14000,0.0,0.0
2021-01-27 00:00:00+08:00,10.945490203484761,11.139215505790974,10.848627090454102,10.848627090454102,16000,0.0,0.0
2021-01-28 00:00:00+08:00,10.993922042387402,11.090784234150933,10.751765177345874,11.042352676391602,28000,0.0,0.0
2021-01-29 00:00:00+08:00,11.139215180064257,11.139215180064257,10.654901476583204,10.945489883422852,73000,0.0,0.0
2021-02-01 00:00:00+08:00,10.94549072503557,10.94549072503557,10.654902295852207,10.703333854675293,28000,0.0,0.0
2021-02-02 00:00:00+08:00,10.80019557120496,10.848627127887402,10.558038711547852,10.558038711547852,54000,0.0,0.0
2021-02-03 00:00:00+08:00,10.461176332211956,10.751764743281335,10.461176332211956,10.897058486938477,40000,0.0,0.0
2021-02-04 00:00:00+08:00,10.800195693969727,10.897058808435647,10.751765060491886,10.800195693969727,8000,0.0,0.0
2021-02-05 00:00:00+08:00,10.993922233581543,10.993922233581543,10.703333805727091,10.993922233581543,19000,0.0,0.0
2021-02-17 00:00:00+08:00,10.800195693969727,11.139215670845328,10.751765060491886,10.800195693969727,28000,0.0,0.0
2021-02-18 00:00:00+08:00,10.848627090454102,10.945490203484761,10.848627090454102,10.848627090454102,5000,0.0,0.0
2021-02-19 00:00:00+08:00,11.042352868427995,11.042352868427995,10.993922233581543,10.993922233581543,11000,0.0,0.0
2021-02-22 00:00:00+08:00,11.236078453811933,11.236078453811933,10.848626931134397,10.897058486938477,22000,0.0,0.0
2021-02-23 00:00:00+08:00,10.993922233581543,11.042352868427995,10.993922233581543,10.993922233581543,6000,0.0,0.0
2021-02-24 00:00:00+08:00,10.993921438521973,11.042352069866014,10.800195218125488,10.945489883422852,80000,0.0,0.0
2021-02-25 00:00:00+08:00,10.94548958891422,10.94548958891422,10.654901189893389,10.751764297485352,117000,0.0,0.0
2021-02-26 00:00:00+08:00,10.703333503258927,10.800195693969727,10.703333503258927,10.800195693969727,7000,0.0,0.0
2021-03-02 00:00:00+08:00,10.800196048566313,10.8486276073894,10.606470737029122,10.703333854675293,59000,0.0,0.0
2021-03-03 00:00:00+08:00,10.703333503258927,10.800195693969727,10.703333503258927,10.800195693969727,14000,0.0,0.0
2021-03-04 00:00:00+08:00,10.751764297485352,10.800194927526277,10.509607452260502,10.751764297485352,35000,0.0,0.0
2021-03-05 00:00:00+08:00,10.703333854675293,10.703333854675293,10.703333854675293,10.703333854675293,21000,0.0,0.0
2021-03-08 00:00:00+08:00,10.606469636097408,10.751764297485352,10.606469636097408,10.751764297485352,12000,0.0,0.0
2021-03-09 00:00:00+08:00,10.751764743281335,10.945490042742556,10.751764743281335,10.897058486938477,9000,0.0,0.0
2021-03-10 00:00:00+08:00,10.800195533938771,10.848627090454102,10.751764901178548,10.848627090454102,10000,0.0,0.0
2021-03-11 00:00:00+08:00,10.800195693969727,10.800195693969727,10.800195693969727,10.800195693969727,1000,0.0,0.0
2021-03-12 00:00:00+08:00,10.75176541349838,10.75176541349838,10.703333854675293,10.703333854675293,25000,0.0,0.0
2021-03-15 00:00:00+08:00,10.800195533938771,10.848627090454102,10.654901788147889,10.848627090454102,14000,0.0,0.0
2021-03-16 00:00:00+08:00,10.848627090454102,11.042352392760314,10.751764901178548,10.848627090454102,44000,0.0,0.0
2021-03-17 00:00:00+08:00,10.848627557776743,10.993922233581543,10.848627557776743,10.993922233581543,54000,0.0,0.0
2021-03-18 00:00:00+08:00,10.94548958891422,10.94548958891422,10.751764297485352,10.751764297485352,10000,0.0,0.0
2021-03-19 00:00:00+08:00,10.800194927526277,10.800194927526277,10.703332743689371,10.751764297485352,17000,0.0,0.0
2021-03-22 00:00:00+08:00,10.848626931134397,11.817254352195596,10.703333187477256,10.897058486938477,640000,0.0,0.0
2021-03-23 00:00:00+08:00,10.848626773224609,11.042352069866014,10.848626773224609,10.945489883422852,76000,0.0,0.0
2021-03-24 00:00:00+08:00,10.993921438521973,11.090783624965136,10.848626773224609,10.945489883422852,124000,0.0,0.0
2021-03-25 00:00:00+08:00,10.94548958891422,10.94548958891422,10.751764297485352,10.751764297485352,54000,0.0,0.0
2021-03-26 00:00:00+08:00,10.848626931134397,10.945490042742556,10.751764743281335,10.897058486938477,100000,0.0,0.0
2021-03-29 00:00:00+08:00,10.848626931134397,10.897058486938477,10.751764743281335,10.897058486938477,39000,0.0,0.0
2021-03-30 00:00:00+08:00,10.945490042742556,10.945490042742556,10.848626931134397,10.897058486938477,21000,0.0,0.0
2021-03-31 00:00:00+08:00,10.89705832832373,10.945489883422852,10.89705832832373,10.945489883422852,10000,0.0,0.0
2021-04-01 00:00:00+08:00,10.945490674979943,10.993922233581543,10.800195999175143,10.993922233581543,63000,0.0,0.0
2021-04-07 00:00:00+08:00,11.187646224982737,11.187646224982737,10.99392093717562,11.09078311920166,79000,0.0,0.0
2021-04-08 00:00:00+08:00,11.13921574876599,11.478235728013093,11.090784191194244,11.332941055297852,269000,0.0,0.0
2021-04-09 00:00:00+08:00,11.575098037719727,11.720392711920141,11.284509613074036,11.575098037719727,296000,0.0,0.0
2021-04-12 00:00:00+08:00,12.05941156102732,12.204706232699408,11.575097836297266,11.914117813110352,452000,0.0,0.0
2021-04-13 00:00:00+08:00,11.962549578499027,11.962549578499027,11.526666479652922,11.575098037719727,168000,0.0,0.0
2021-04-14 00:00:00+08:00,11.526666406474657,11.526666406474657,10.945490484628069,11.042352676391602,139000,0.0,0.0
2021-04-15 00:00:00+08:00,11.139215469360352,11.236078582074223,11.090783913003415,11.139215469360352,86000,0.0,0.0
2021-04-16 00:00:00+08:00,11.139215434782134,11.429803848266602,11.139215434782134,11.429803848266602,39000,0.0,0.0
2021-04-19 00:00:00+08:00,11.429804128385058,11.720392548991185,11.236078822566014,11.623529434204102,210000,0.0,0.0
2021-04-20 00:00:00+08:00,11.478235404473196,11.478235404473196,11.429803848266602,11.429803848266602,55000,0.0,0.0
2021-04-21 00:00:00+08:00,11.72039226175107,11.72039226175107,11.381372292060007,11.429803848266602,201000,0.0,0.0
2021-04-22 00:00:00+08:00,11.623528338493184,11.671959891321247,11.38137149810791,11.38137149810791,202000,0.0,0.0
2021-04-23 00:00:00+08:00,11.429803501838759,11.526665687561035,11.33294039236141,11.526665687561035,51000,0.0,0.0
2021-04-26 00:00:00+08:00,11.478235845341255,11.575098037719727,11.42980428727445,11.575098037719727,123000,0.0,0.0
2021-04-27 00:00:00+08:00,11.623529141452291,11.671960697626028,11.478235396686177,12.54372501373291,81000,0.0,0.0
2021-04-28 00:00:00+08:00,11.623528797038384,11.623528797038384,11.478235056577434,11.526665687561035,62000,0.0,0.0
2021-04-29 00:00:00+08:00,11.526666002918017,11.865685971608881,11.381372258481987,11.720392227172852,86000,0.0,0.0
2021-05-03 00:00:00+08:00,11.768822511834228,11.817254066467285,11.429803476912976,11.817254066467285,90000,0.0,0.0
2021-05-04 00:00:00+08:00,11.575098037719727,12.0594117708775,10.945490554116677,11.575098037719727,180000,0.0,0.0
2021-05-05 00:00:00+08:00,11.38137149810791,11.478234603764035,11.284508392451785,11.38137149810791,53000,0.0,0.0
2021-05-06 00:00:00+08:00,11.332941055297852,11.3813726128696,11.236078863909485,11.332941055297852,17000,0.0,0.0
2021-05-07 00:00:00+08:00,11.38137149810791,11.671959891321247,11.38137149810791,11.38137149810791,18000,0.0,0.0
2021-05-10 00:00:00+08:00,11.236078262329102,11.332940448531462,11.187646707350384,11.236078262329102,23000,0.0,0.0
2021-05-11 00:00:00+08:00,11.284509251581857,11.381372364612517,10.848627090454102,10.848627090454102,29000,0.0,0.0
2021-05-12 00:00:00+08:00,10.800195408080901,10.94549007593373,10.558038552081284,10.606470108032227,43000,0.0,0.0
2021-05-13 00:00:00+08:00,10.07372480953442,10.993921598546635,10.07372480953442,10.897058486938477,91000,0.0,0.0
2021-05-14 00:00:00+08:00,11.284509053419324,11.623529019318138,10.848626899945911,11.187646865844727,66000,0.0,0.0
2021-05-17 00:00:00+08:00,11.090783949275645,11.284509251581857,11.090783949275645,10.848627090454102,2000,0.0,0.0
2021-05-18 00:00:00+08:00,11.332941055297852,11.478235728013093,11.13921574876599,11.332941055297852,96000,0.0,0.0
2021-05-19 00:00:00+08:00,11.429803753273154,11.429803753273154,10.751764743281335,10.897058486938477,78000,0.0,0.0
2021-05-20 00:00:00+08:00,11.042352633622496,11.332941055297852,11.042352633622496,11.332941055297852,32000,0.0,0.0
2021-05-21 00:00:00+08:00,11.284508837622734,11.768822537499334,11.284508837622734,11.526665687561035,93000,0.0,0.0
2021-05-24 00:00:00+08:00,11.429803501838759,11.67196035177706,11.236078206639133,11.526665687561035,19000,0.0,0.0
2021-05-25 00:00:00+08:00,11.4782356857786,11.623529434204102,11.236078822566014,11.623529434204102,60000,0.0,0.0
2021-05-26 00:00:00+08:00,11.429803848266602,11.429803848266602,11.33294073585341,11.429803848266602,27000,0.0,0.0
2021-05-27 00:00:00+08:00,11.526666526373896,11.526666526373896,11.284509658813477,11.284509658813477,23000,0.0,0.0
2021-05-28 00:00:00+08:00,11.284509497726104,11.332941055297852,11.13921574876599,11.332941055297852,40000,0.0,0.0
2021-05-31 00:00:00+08:00,11.284509497726104,11.332941055297852,11.187647306337738,11.332941055297852,9000,0.0,0.0
2021-06-01 00:00:00+08:00,11.139215469360352,11.139215469360352,11.139215469360352,11.139215469360352,5000,0.0,0.0
2021-06-02 00:00:00+08:00,11.332941055297852,11.332941055297852,11.332941055297852,11.332941055297852,2000,0.0,0.0
2021-06-03 00:00:00+08:00,11.09078434951617,11.332941217076588,11.042352791253057,11.284509658813477,10000,0.0,0.0
2021-06-04 00:00:00+08:00,11.332941055297852,11.526666361829713,11.187647306337738,11.332941055297852,31000,0.0,0.0
2021-06-07 00:00:00+08:00,11.381372292060007,11.381372292060007,11.042352322368945,11.429803848266602,15000,0.0,0.0
2021-06-08 00:00:00+08:00,11.042352676391602,11.187647349669597,10.945490484628069,11.042352676391602,6000,0.0,0.0
2021-06-09 00:00:00+08:00,11.04235156631112,11.332939959899317,10.751764096477963,11.09078311920166,42000,0.0,0.0
2021-06-10 00:00:00+08:00,11.284509497726104,11.3813726128696,11.284509497726104,11.332941055297852,13000,0.0,0.0
2021-06-11 00:00:00+08:00,11.429803689218318,11.575097432061206,11.284509022620341,11.478235244750977,24000,0.0,0.0
2021-06-15 00:00:00+08:00,11.187647306337738,11.3813726128696,11.187647306337738,11.332941055297852,16000,0.0,0.0
2021-06-16 00:00:00+08:00,11.187647025717286,11.187647025717286,11.139215469360352,11.139215469360352,20000,0.0,0.0
2021-06-17 00:00:00+08:00,11.139215907779281,11.284509658813477,11.139215907779281,11.284509658813477,2000,0.0,0.0
2021-06-18 00:00:00+08:00,11.284509658813477,11.284509658813477,11.284509658813477,11.284509658813477,0,0.0,0.0
2021-06-21 00:00:00+08:00,10.945489384285082,11.09078311920166,10.800194725613464,11.09078311920166,22000,0.0,0.0
2021-06-22 00:00:00+08:00,11.33294077103299,11.33294077103299,10.945490167687714,11.139215469360352,21000,0.0,0.0
2021-06-23 00:00:00+08:00,11.236078547195323,11.429803848266602,10.945490133710857,11.429803848266602,55000,0.0,0.0
2021-06-24 00:00:00+08:00,11.478234603764035,11.478234603764035,11.187646210550698,11.38137149810791,10000,0.0,0.0
2021-06-25 00:00:00+08:00,11.429803689218318,11.478235244750977,11.429803689218318,11.478235244750977,7000,0.0,0.0
2021-06-28 00:00:00+08:00,11.139215152371666,11.284508893552742,11.139215152371666,11.236078262329102,11000,0.0,0.0
2021-06-29 00:00:00+08:00,11.3813727753397,11.526666526373896,11.187647466042392,11.284509658813477,27000,0.0,0.0
2021-06-30 00:00:00+08:00,11.187646707350384,11.236078262329102,11.090783597392946,11.236078262329102,12000,0.0,0.0
2021-07-01 00:00:00+08:00,11.332940448531462,11.332940448531462,11.090783597392946,11.236078262329102,9000,0.0,0.0
2021-07-02 00:00:00+08:00,11.236079024305505,11.284509658813477,11.236079024305505,11.284509658813477,22000,0.0,0.0
2021-07-05 00:00:00+08:00,11.332941171140842,11.817254904298613,11.332941171140842,11.575098037719727,165000,0.0,0.0
2021-07-06 00:00:00+08:00,11.720392692176512,12.689020156860352,11.478235826005552,12.689020156860352,748000,0.0,0.0
2021-07-07 00:00:00+08:00,13.076470795259848,13.899804511130116,11.42980428727445,11.575098037719727,3325000,0.0,0.0
2021-07-08 00:00:00+08:00,11.720392841340098,11.720392841340098,10.703333805727091,10.993922233581543,684000,0.0,0.0
2021-07-09 00:00:00+08:00,10.993921438521973,11.236078290262501,10.848626773224609,10.945489883422852,226000,0.0,0.0
2021-07-12 00:00:00+08:00,10.945490674979943,11.090784427029595,10.848627557776743,10.993922233581543,271000,0.0,0.0
2021-07-13 00:00:00+08:00,10.945490167687714,11.187647025717286,10.848627054973843,11.139215469360352,197000,0.0,0.0
2021-07-14 00:00:00+08:00,11.13921574876599,11.3813726128696,10.993921999805876,11.332941055297852,110000,0.0,0.0
2021-07-15 00:00:00+08:00,11.284509022620341,11.526665876528547,10.945489981401908,11.478235244750977,143000,0.0,0.0
2021-07-16 00:00:00+08:00,11.332941055297852,11.332941055297852,11.13921574876599,11.332941055297852,49000,0.0,0.0
2021-07-19 00:00:00+08:00,11.236078547195323,11.52666603692469,11.236078547195323,11.429803848266602,144000,0.0,0.0
2021-07-20 00:00:00+08:00,11.429803476912976,11.865685621100342,11.38137192227992,11.817254066467285,154000,0.0,0.0
2021-07-21 00:00:00+08:00,11.865685646976683,11.962548756454034,11.429803501838759,11.526665687561035,105000,0.0,0.0
2021-07-22 00:00:00+08:00,11.575097242299709,11.623528797038384,11.236078206639133,11.526665687561035,187000,0.0,0.0
2021-07-23 00:00:00+08:00,11.526666124190502,12.107842955559397,11.429803934799091,11.962549209594727,134000,0.0,0.0
2021-07-26 00:00:00+08:00,11.914117690562698,11.962549247288564,11.575097717236742,11.671960830688477,130000,0.0,0.0
2021-07-27 00:00:00+08:00,11.720392548991185,11.720392548991185,11.57509787681056,11.623529434204102,47000,0.0,0.0
2021-07-28 00:00:00+08:00,11.429804128385058,11.720392548991185,11.284509456204432,11.623529434204102,89000,0.0,0.0
2021-07-29 00:00:00+08:00,11.623529115045434,11.720392227172852,11.575097558981724,11.720392227172852,32000,0.0,0.0
2021-07-30 00:00:00+08:00,11.62352955098055,11.91411797450609,11.575097993100437,11.865686416625977,75000,0.0,0.0
2021-08-02 00:00:00+08:00,11.817254577110964,11.817254577110964,11.478235527540122,11.671960830688477,62000,0.0,0.0
2021-08-03 00:00:00+08:00,11.623529115045434,11.720392227172852,11.575097558981724,11.720392227172852,18000,0.0,0.0
2021-08-04 00:00:00+08:00,11.575097717236742,11.671960830688477,11.526666160510876,11.671960830688477,30000,0.0,0.0
2021-08-05 00:00:00+08:00,11.526666160510876,11.671960830688477,11.526666160510876,11.671960830688477,28000,0.0,0.0
2021-08-06 00:00:00+08:00,11.526665687561035,11.623528797038384,11.526665687561035,11.526665687561035,31000,0.0,0.0
2021-08-09 00:00:00+08:00,11.478235845341255,11.623529595786533,11.284509613074036,11.575098037719727,93000,0.0,0.0
2021-08-10 00:00:00+08:00,11.52666581731861,11.91411733583454,11.52666581731861,11.76882266998291,161000,0.0,0.0
2021-08-11 00:00:00+08:00,11.720391880956244,11.914117175733399,11.720391880956244,11.817254066467285,46000,0.0,0.0
2021-08-12 00:00:00+08:00,11.817254415545172,11.865685971608881,11.623529115045434,11.720392227172852,49000,0.0,0.0
2021-08-13 00:00:00+08:00,11.52666581731861,11.76882266998291,11.478235185789819,11.76882266998291,54000,0.0,0.0
2021-08-16 00:00:00+08:00,11.76882266998291,11.91411733583454,11.381372075222066,11.76882266998291,113000,0.0,0.0
2021-08-17 00:00:00+08:00,11.76882266998291,11.76882266998291,11.76882266998291,11.76882266998291,0,0.0,0.0
2021-08-18 00:00:00+08:00,11.623528747558593,12.107842445373535,11.526665638493578,12.107842445373535,177000,0.0,0.0
2021-08-19 00:00:00+08:00,12.398431427418265,12.785882034249571,11.914117707001575,12.495293617248535,169000,0.0,0.0
2021-08-20 00:00:00+08:00,12.204705124919858,13.36705777401817,11.38137149810791,11.38137149810791,3045000,0.0,0.0
2021-08-23 00:00:00+08:00,11.429803848266602,11.623529149337879,11.33294073585341,11.429803848266602,281000,0.0,0.0
2021-08-24 00:00:00+08:00,11.33294039236141,11.526665687561035,11.284508837622734,11.526665687561035,162000,0.0,0.0
2021-08-25 00:00:00+08:00,11.429803970814255,11.720392387414343,11.429803970814255,11.671960830688477,101000,0.0,0.0
2021-08-26 00:00:00+08:00,11.720391880956244,11.817254066467285,11.478235031546033,11.817254066467285,103000,0.0,0.0
2021-08-27 00:00:00+08:00,11.768822487401048,12.107842445373535,11.720391856623609,12.107842445373535,212000,0.0,0.0
2021-08-30 00:00:00+08:00,12.745098020074469,12.745098020074469,12.303921737143778,12.450980186462402,301000,0.15,0.0
2021-08-31 00:00:00+08:00,12.499999803770711,12.499999803770711,11.862745285803696,11.911764144897461,216000,0.0,0.0
2021-09-01 00:00:00+08:00,11.862745285803696,12.009803733034605,11.813725491735124,11.911764144897461,67000,0.0,0.0
2021-09-02 00:00:00+08:00,12.009803829573112,12.401960315324349,11.911764240647896,12.20588207244873,227000,0.0,0.0
2021-09-03 00:00:00+08:00,12.303921680525237,12.303921680525237,11.862745399624693,12.254901885986328,176000,0.0,0.0
2021-09-06 00:00:00+08:00,12.254901847682516,12.254901847682516,12.009803810728867,12.156862258911133,81000,0.0,0.0
2021-09-07 00:00:00+08:00,12.05882356620016,12.05882356620016,11.960783977745153,12.009803771972656,24000,0.0,0.0
2021-09-08 00:00:00+08:00,11.91176410469355,12.058823486402918,11.764705657958984,11.764705657958984,90000,0.0,0.0
2021-09-09 00:00:00+08:00,12.058823585510254,12.107843379816254,11.764705754649064,12.058823585510254,68000,0.0,0.0
2021-09-10 00:00:00+08:00,12.156862180265515,12.205881974334087,11.813725491735124,11.911764144897461,83000,0.0,0.0
2021-09-13 00:00:00+08:00,11.960783996898254,12.058823585510254,11.911764202592254,12.058823585510254,17000,0.0,0.0
2021-09-14 00:00:00+08:00,11.91176418351765,12.009803771972656,11.76470573580995,12.009803771972656,70000,0.0,0.0
2021-09-15 00:00:00+08:00,12.009803791204254,12.058823585510254,11.960783996898254,12.058823585510254,20000,0.0,0.0
2021-09-16 00:00:00+08:00,12.05882360466399,12.107843399047852,11.96078401589627,12.107843399047852,18000,0.0,0.0
2021-09-17 00:00:00+08:00,12.058823585510254,12.107843379816254,11.862745343261064,12.058823585510254,22000,0.0,0.0
2021-09-22 00:00:00+08:00,11.568627475197768,11.960783958435059,11.568627475197768,11.960783958435059,49000,0.0,0.0
2021-09-23 00:00:00+08:00,11.862745343261064,12.058823585510254,11.764705754649064,12.058823585510254,34000,0.0,0.0
2021-09-24 00:00:00+08:00,12.107843399047852,12.205882052840762,11.86274536210336,12.107843399047852,60000,0.0,0.0
2021-09-27 00:00:00+08:00,11.960784053727695,12.254901885986328,11.960784053727695,12.254901885986328,35000,0.0,0.0
2021-09-28 00:00:00+08:00,12.549019737622112,12.598039532236713,12.254901904909325,12.303921699523926,110000,0.0,0.0
2021-09-29 00:00:00+08:00,12.1568622584569,12.1568622584569,11.96078401589627,12.107843399047852,31000,0.0,0.0
2021-09-30 00:00:00+08:00,12.156862352850334,12.499999981226884,12.156862352850334,12.450980186462402,81000,0.0,0.0
2021-10-01 00:00:00+08:00,12.450980109786958,12.647058352662576,12.05882362403572,12.20588207244873,96000,0.0,0.0
2021-10-04 00:00:00+08:00,12.254901768402657,12.254901768402657,11.911764144897461,11.911764144897461,33000,0.0,0.0
2021-10-05 00:00:00+08:00,11.911764164286696,12.009803752583423,11.764705716816414,11.960783958435059,46000,0.0,0.0
2021-10-06 00:00:00+08:00,12.009803791204254,12.058823585510254,11.911764202592254,12.058823585510254,16000,0.0,0.0
2021-10-07 00:00:00+08:00,12.25490186691134,12.25490186691134,12.20588207244873,12.20588207244873,15000,0.0,0.0
2021-10-08 00:00:00+08:00,12.303921737143778,12.499999981226884,12.254901942379297,12.450980186462402,141000,0.0,0.0
2021-10-12 00:00:00+08:00,12.352941455836554,12.352941455836554,12.156862277986123,12.20588207244873,35000,0.0,0.0
2021-10-13 00:00:00+08:00,12.058823527103177,12.058823527103177,11.911764144897461,11.911764144897461,25000,0.0,0.0
2021-10-14 00:00:00+08:00,12.107843320386333,12.107843320386333,11.715685902838004,11.86274528503418,33000,0.0,0.0
2021-10-15 00:00:00+08:00,12.058823527103177,12.058823527103177,11.862745285803696,11.911764144897461,31000,0.0,0.0
2021-10-18 00:00:00+08:00,12.058823527103177,12.058823527103177,11.813725491735124,11.911764144897461,40000,0.0,0.0
2021-10-19 00:00:00+08:00,11.911764164286696,11.960783958435059,11.86274530511314,11.960783958435059,111000,0.0,0.0
2021-10-20 00:00:00+08:00,11.862745285803696,11.911764144897461,11.862745285803696,11.911764144897461,13000,0.0,0.0
2021-10-21 00:00:00+08:00,11.91176418351765,12.009803771972656,11.862745324264957,12.009803771972656,8000,0.0,0.0
2021-10-22 00:00:00+08:00,11.960783977745153,12.009803771972656,11.960783977745153,12.009803771972656,18000,0.0,0.0
2021-10-25 00:00:00+08:00,11.960783996898254,12.058823585510254,11.960783996898254,12.058823585510254,8000,0.0,0.0
2021-10-26 00:00:00+08:00,12.107843399047852,12.107843399047852,12.05882360466399,12.107843399047852,4000,0.0,0.0
2021-10-27 00:00:00+08:00,12.05882350644475,12.05882350644475,11.813725471496582,11.813725471496582,121000,0.0,0.0
2021-10-28 00:00:00+08:00,11.911764202592254,12.058823585510254,11.911764202592254,12.058823585510254,16000,0.0,0.0
2021-10-29 00:00:00+08:00,11.911764202592254,12.058823585510254,11.862745343261064,12.058823585510254,14000,0.0,0.0
2021-11-01 00:00:00+08:00,12.05882364280551,12.696078166886874,12.05882364280551,12.254901885986328,142000,0.0,0.0
2021-11-02 00:00:00+08:00,12.352941355738487,12.352941355738487,11.813725490968787,11.86274528503418,52000,0.0,0.0
2021-11-03 00:00:00+08:00,11.960783977745153,12.009803771972656,11.91176418351765,12.009803771972656,24000,0.0,0.0
2021-11-04 00:00:00+08:00,12.058823585510254,12.058823585510254,12.058823585510254,12.058823585510254,1000,0.0,0.0
2021-11-05 00:00:00+08:00,11.96078401589627,12.107843399047852,11.96078401589627,12.107843399047852,28000,0.0,0.0
2021-11-08 00:00:00+08:00,12.107843399047852,12.107843399047852,11.96078401589627,12.107843399047852,13000,0.0,0.0
2021-11-09 00:00:00+08:00,12.20588207244873,12.20588207244873,12.20588207244873,12.20588207244873,1000,0.0,0.0
2021-11-10 00:00:00+08:00,12.156862277986123,12.401960315324349,11.862745381160101,12.20588207244873,167000,0.0,0.0
2021-11-11 00:00:00+08:00,13.137254508240678,13.235294097769641,12.450980186462402,12.450980186462402,192000,0.0,0.0
2021-11-12 00:00:00+08:00,12.8431375703349,12.8431375703349,12.205882110294725,12.303921699523926,136000,0.0,0.0
2021-11-15 00:00:00+08:00,12.401960295864782,12.696078127204126,12.009803810728867,12.156862258911133,76000,0.0,0.0
2021-11-16 00:00:00+08:00,12.254901847682516,12.254901847682516,12.156862258911133,12.156862258911133,3000,0.0,0.0
2021-11-17 00:00:00+08:00,12.30392164206821,12.30392164206821,12.107843399500252,12.156862258911133,11000,0.0,0.0
2021-11-18 00:00:00+08:00,12.107843474587881,12.401960372776397,12.058823679898188,12.352941513061523,28000,0.0,0.0
2021-11-19 00:00:00+08:00,12.401960372924805,12.54901975699564,12.205882129138507,12.401960372924805,54000,0.0,0.0
2021-11-22 00:00:00+08:00,12.401960483107988,12.941176359541993,12.254902032705454,12.745098114013672,57000,0.0,0.0
2021-11-23 00:00:00+08:00,12.89215650796598,12.89215650796598,12.352941568867834,12.549019813537598,60000,0.0,0.0
2021-11-24 00:00:00+08:00,12.59803962693024,12.843137666870712,12.450980241981062,12.647058486938477,38000,0.0,0.0
2021-11-25 00:00:00+08:00,12.745098000781937,13.039215833948791,12.401960372924805,12.401960372924805,201000,0.0,0.0
2021-11-26 00:00:00+08:00,12.25490178835043,12.25490178835043,11.715685922668051,11.960783958435059,205000,0.0,0.0
2021-11-29 00:00:00+08:00,11.666666166037066,12.156862239147443,11.666666166037066,12.058823585510254,50000,0.0,0.0
2021-11-30 00:00:00+08:00,12.05882364280551,12.303921680525237,11.911764259188786,12.254901885986328,33000,0.0,0.0
2021-12-01 00:00:00+08:00,12.107843474732768,12.450980167615082,12.107843474732768,12.401960372924805,33000,0.0,0.0
2021-12-02 00:00:00+08:00,12.401960334628239,12.401960334628239,12.156862296908512,12.254901885986328,14000,0.0,0.0
2021-12-03 00:00:00+08:00,12.107843474732768,12.401960372924805,12.107843474732768,12.401960372924805,24000,0.0,0.0
2021-12-06 00:00:00+08:00,12.303921680525237,12.303921680525237,12.156862296908512,12.254901885986328,25000,0.0,0.0
2021-12-07 00:00:00+08:00,12.1568622584569,12.1568622584569,12.107843399047852,12.107843399047852,27000,0.0,0.0
2021-12-08 00:00:00+08:00,12.009803810728867,12.156862258911133,12.009803810728867,12.156862258911133,15000,0.0,0.0
2021-12-09 00:00:00+08:00,12.156862258911133,12.156862258911133,12.156862258911133,12.156862258911133,2000,0.0,0.0
2021-12-10 00:00:00+08:00,12.156862219680358,12.156862219680358,11.960783977745153,12.009803771972656,49000,0.0,0.0
2021-12-13 00:00:00+08:00,12.205882128992448,12.549019756845475,12.205882128992448,12.352941513061523,42000,0.0,0.0
2021-12-14 00:00:00+08:00,12.35294153190826,12.499999981226884,12.156862352850334,12.450980186462402,58000,0.0,0.0
2021-12-15 00:00:00+08:00,12.40196042880416,12.549019813537598,12.156862389223248,12.549019813537598,73000,0.0,0.0
2021-12-16 00:00:00+08:00,12.598039608448744,13.774510011442151,12.25490197904554,12.549019813537598,1523000,0.0,0.0
2021-12-17 00:00:00+08:00,12.647058486938477,12.696078281921535,12.303921792006708,12.647058486938477,142000,0.0,0.0
2021-12-20 00:00:00+08:00,12.696078300476074,12.892156545720045,12.549019850286804,12.696078300476074,88000,0.0,0.0
2021-12-21 00:00:00+08:00,12.745098077051242,12.745098077051242,12.598039627075195,12.598039627075195,93000,0.0,0.0
2021-12-22 00:00:00+08:00,12.598039551685918,12.598039551685918,12.401960372924805,12.401960372924805,45000,0.0,0.0
2021-12-23 00:00:00+08:00,12.401960465122707,12.745098095530773,12.303921809988134,12.696078300476074,67000,0.0,0.0
2021-12-24 00:00:00+08:00,12.69607835528986,12.892156601380375,12.647058560023526,12.843137741088867,85000,0.0,0.0
2021-12-27 00:00:00+08:00,12.990196209823669,12.990196209823669,12.745098168128884,12.941176414489746,104000,0.0,0.0
2021-12-28 00:00:00+08:00,12.941176359541993,12.941176359541993,12.696078318887885,12.745098114013672,78000,0.0,0.0
2021-12-29 00:00:00+08:00,12.745098185989093,13.039216023429962,12.745098185989093,12.990196228027344,100000,0.0,0.0
2021-12-30 00:00:00+08:00,13.039216094339078,13.333333933379402,12.941176503000692,13.235294342041016,121000,0.0,0.0
2022-01-03 00:00:00+08:00,13.382352683649566,14.1666666029604,12.892156600952148,12.892156600952148,923000,0.0,0.0
2022-01-04 00:00:00+08:00,12.8921567073315,13.480392385412145,12.843137846637141,13.235294342041016,199000,0.0,0.0
2022-01-05 00:00:00+08:00,13.333333933379402,13.480392385412145,13.039216094339078,13.235294342041016,73000,0.0,0.0
2022-01-06 00:00:00+08:00,13.137254715666165,13.382352758383629,13.03921605956408,13.088235855102539,50000,0.0,0.0
2022-01-07 00:00:00+08:00,13.186274511204624,13.333333897820003,12.647058630231236,13.088235855102539,188000,0.0,0.0
2022-01-10 00:00:00+08:00,13.28431413771021,13.480392385412145,13.088235890008272,13.235294342041016,153000,0.0,0.0
2022-01-11 00:00:00+08:00,13.235294270065596,13.235294270065596,12.941176432624728,12.990196228027344,67000,0.0,0.0
2022-01-12 00:00:00+08:00,12.990196228027344,12.990196228027344,12.843137776794325,12.990196228027344,36000,0.0,0.0
2022-01-13 00:00:00+08:00,12.892156672948701,13.186274511204624,12.745098221308155,13.088235855102539,68000,0.0,0.0
2022-01-14 00:00:00+08:00,13.235293909874871,13.235293909874871,12.794117633207335,11.911764144897461,39000,0.0,0.0
2022-01-17 00:00:00+08:00,12.79411792755127,13.088235763754426,12.79411792755127,12.79411792755127,35000,0.0,0.0
2022-01-18 00:00:00+08:00,13.137254785913896,13.382352829941953,12.941176537686419,13.333333969116211,99000,0.0,0.0
2022-01-19 00:00:00+08:00,13.284314172360222,13.431372624776545,13.137254784969063,13.382352828979492,74000,0.0,0.0
2022-01-20 00:00:00+08:00,13.43137260780916,13.48039240354429,13.235294359843484,13.284314155578613,21000,0.0,0.0
2022-01-21 00:00:00+08:00,13.382352828979492,13.382352828979492,12.99019633255274,13.382352828979492,118000,0.0,0.0
2022-01-24 00:00:00+08:00,13.480392438378889,13.676470686851252,13.186274598182928,13.43137264251709,77000,0.0,0.0
2022-01-25 00:00:00+08:00,13.480392438378889,13.480392438378889,13.039216145572366,13.43137264251709,92000,0.0,0.0
2022-01-26 00:00:00+08:00,13.480392473602398,13.57843206558217,13.23529442862781,13.529412269592285,76000,0.0,0.0
2022-02-07 00:00:00+08:00,13.52941223424069,13.676470686851252,13.235294394044727,13.43137264251709,67000,0.0,0.0
2022-02-08 00:00:00+08:00,13.333334036649662,13.627450942993164,13.235294444551933,13.627450942993164,71000,0.0,0.0
2022-02-09 00:00:00+08:00,13.676470808252756,14.019608447356438,13.578432150633738,13.823530197143555,153000,0.0,0.0
2022-02-10 00:00:00+08:00,13.921568785552845,13.921568785552845,13.578432083129883,13.578432083129883,64000,0.0,0.0
2022-02-11 00:00:00+08:00,13.676470722587101,13.872548971571804,13.431372677612512,13.529412269592285,129000,0.0,0.0
2022-02-14 00:00:00+08:00,13.725490518576988,13.725490518576988,13.333334020607582,13.529412269592285,57000,0.0,0.0
2022-02-15 00:00:00+08:00,13.57843209928251,13.725490552642311,13.431372710947864,13.676470756530762,63000,0.0,0.0
2022-02-16 00:00:00+08:00,13.676470791134802,14.019608429808999,13.529412337402915,13.774510383605957,156000,0.0,0.0
2022-02-17 00:00:00+08:00,13.774510332367981,13.823530128421217,13.578432083129883,13.578432083129883,141000,0.0,0.0
2022-02-18 00:00:00+08:00,13.382352881622626,13.529412269592285,13.382352881622626,13.529412269592285,36000,0.0,0.0
2022-02-21 00:00:00+08:00,13.333333985768329,13.52941223424069,13.235294394044727,13.43137264251709,27000,0.0,0.0
2022-02-22 00:00:00+08:00,13.235294342041016,13.333333933379402,13.088235890008272,13.235294342041016,18000,0.0,0.0
2022-02-23 00:00:00+08:00,13.235294359843484,13.33333395131374,13.137254768373227,13.284314155578613,28000,0.0,0.0
2022-02-24 00:00:00+08:00,13.088235907612935,13.284314155578613,12.84313786391213,13.284314155578613,24000,0.0,0.0
2022-02-25 00:00:00+08:00,13.186274615473073,13.480392456054688,13.137254819546996,13.480392456054688,50000,0.0,0.0
2022-03-01 00:00:00+08:00,13.480392507059413,13.725490552642311,13.431372710947864,13.676470756530762,70000,0.0,0.0
2022-03-02 00:00:00+08:00,13.43137264251709,13.52941223424069,13.43137264251709,13.43137264251709,23000,0.0,0.0
2022-03-03 00:00:00+08:00,13.529412181081339,13.529412181081339,13.235294342041016,13.235294342041016,32000,0.0,0.0
2022-03-04 00:00:00+08:00,13.235294359843484,13.382352812074032,13.186274564108356,13.284314155578613,21000,0.0,0.0
2022-03-07 00:00:00+08:00,13.137254715666165,13.529412144999009,12.94117646848716,13.088235855102539,24000,0.0,0.0
2022-03-08 00:00:00+08:00,13.186274511204624,13.235294306743084,12.94117646848716,13.088235855102539,45000,0.0,0.0
2022-03-09 00:00:00+08:00,13.039216128349794,13.382352828979492,13.039216128349794,13.382352828979492,9000,0.0,0.0
2022-03-10 00:00:00+08:00,13.382352794073759,13.480392385412145,13.235294342041016,13.235294342041016,21000,0.0,0.0
2022-03-11 00:00:00+08:00,13.333334020607582,13.627450926597215,13.23529442862781,13.529412269592285,43000,0.0,0.0
2022-03-14 00:00:00+08:00,13.480392507059413,13.725490552642311,13.480392507059413,13.676470756530762,33000,0.0,0.0
2022-03-15 00:00:00+08:00,13.382352897723683,13.676470739042028,13.333334036649662,13.627450942993164,77000,0.0,0.0
2022-03-16 00:00:00+08:00,13.431372693772548,13.627450942993164,13.235294444551933,13.627450942993164,46000,0.0,0.0
2022-03-17 00:00:00+08:00,13.57843204790684,13.57843204790684,13.480392456054688,13.480392456054688,9000,0.0,0.0
2022-03-18 00:00:00+08:00,13.333333968157277,13.382352828979492,13.333333968157277,13.382352828979492,3000,0.0,0.0
2022-03-21 00:00:00+08:00,13.4803924205736,13.4803924205736,13.382352828979492,13.382352828979492,4000,0.0,0.0
2022-03-22 00:00:00+08:00,13.4803924205736,13.4803924205736,13.333333968157277,13.382352828979492,10000,0.0,0.0
2022-03-23 00:00:00+08:00,13.480392438378889,13.480392438378889,13.43137264251709,13.43137264251709,4000,0.0,0.0
2022-03-24 00:00:00+08:00,13.431372660128611,13.480392456054688,13.431372660128611,13.480392456054688,12000,0.0,0.0
2022-03-25 00:00:00+08:00,13.48039242154311,13.48039242154311,13.333333969116211,13.333333969116211,15000,0.0,0.0
2022-03-28 00:00:00+08:00,13.431372660128611,13.676470704784151,13.3333340032513,13.480392456054688,77000,0.0,0.0
2022-03-29 00:00:00+08:00,13.480392541167337,13.774510383605957,13.480392541167337,13.774510383605957,239000,0.0,0.0
2022-03-30 00:00:00+08:00,14.068628190448306,14.068628190448306,13.57843209928251,13.676470756530762,21000,0.0,0.0
2022-03-31 00:00:00+08:00,13.774510400846621,13.823530197143555,13.578432150633738,13.823530197143555,61000,0.0,0.0
2022-04-01 00:00:00+08:00,13.725490620109271,14.01960846324944,13.725490620109271,13.921568870544434,192000,0.0,0.0
2022-04-06 00:00:00+08:00,13.921568785552845,14.068628173712552,13.431372694970175,13.578432083129883,116000,0.0,0.0
2022-04-07 00:00:00+08:00,13.774510366242145,13.774510366242145,13.431372728000497,13.72549057006836,117000,0.0,0.0
2022-04-08 00:00:00+08:00,13.529412386316515,14.264706527583991,13.529412386316515,13.970588684082031,152000,0.0,0.0
2022-04-11 00:00:00+08:00,14.068628190448306,14.068628190448306,13.627450960419214,13.676470756530762,57000,0.0,0.0
2022-04-12 00:00:00+08:00,13.72549057006836,13.72549057006836,13.72549057006836,13.72549057006836,1000,0.0,0.0
2022-04-13 00:00:00+08:00,13.627450994899224,13.823530179841535,13.578432133638492,13.774510383605957,65000,0.0,0.0
2022-04-14 00:00:00+08:00,13.872549108201593,14.166666952062814,13.774510450231086,14.019608497619629,147000,0.0,0.0
2022-04-15 00:00:00+08:00,14.019608447356438,14.019608447356438,13.72549060454969,13.823530197143555,25000,0.0,0.0
2022-04-18 00:00:00+08:00,13.823530144865408,13.823530144865408,13.480392507059413,13.676470756530762,69000,0.0,0.0
2022-04-19 00:00:00+08:00,13.774510331139757,13.921568784311509,13.627450942993164,13.627450942993164,43000,0.0,0.0
2022-04-20 00:00:00+08:00,13.774510383605957,13.774510383605957,13.529412337402915,13.774510383605957,36000,0.0,0.0
2022-04-21 00:00:00+08:00,13.774510314566873,13.774510314566873,13.480392473602398,13.529412269592285,68000,0.0,0.0
2022-04-22 00:00:00+08:00,13.529412419253404,14.16666696924665,13.529412419253404,14.068628311157227,115000,0.0,0.0
2022-04-25 00:00:00+08:00,14.019607646824438,14.411764124857722,13.774509614309936,14.362744331359863,164000,0.0,0.0
2022-04-26 00:00:00+08:00,14.509804522215084,14.509804522215084,13.774510383605957,13.774510383605957,133000,0.0,0.0
2022-04-27 00:00:00+08:00,13.62745107734283,14.117647172714513,13.235294575035425,14.068628311157227,68000,0.0,0.0
2022-04-28 00:00:00+08:00,13.872549125028671,14.16666696924665,13.823530263471385,14.068628311157227,22000,0.0,0.0
2022-04-29 00:00:00+08:00,14.117646297523503,14.411764123508325,13.92156805852522,14.313725471496582,157000,0.0,0.0
2022-05-03 00:00:00+08:00,14.313725492740213,14.656862177752775,14.117646318476126,14.411764144897461,66000,0.0,0.0
2022-05-04 00:00:00+08:00,14.411764082866723,14.55882346293182,14.01960760597605,14.215685844421387,97000,0.0,0.0
2022-05-05 00:00:00+08:00,14.215685905608169,14.411764144897461,14.166666112042147,14.411764144897461,72000,0.0,0.0
2022-05-06 00:00:00+08:00,14.313726288657989,14.558824335142031,13.872549057006836,13.872549057006836,113000,0.0,0.0
2022-05-09 00:00:00+08:00,14.068628294092308,14.068628294092308,13.725490653758408,14.019608497619629,32000,0.0,0.0
2022-05-10 00:00:00+08:00,13.92156805852522,14.313725471496582,13.92156805852522,14.313725471496582,54000,0.0,0.0
2022-05-11 00:00:00+08:00,14.313725451383373,14.607842341980115,14.215685864534596,14.264705657958984,69000,0.0,0.0
2022-05-12 00:00:00+08:00,14.264705678003311,14.411764123508325,14.01960764551176,14.313725471496582,51000,0.0,0.0
2022-05-13 00:00:00+08:00,14.509803732029503,14.509803732029503,14.117646318476126,14.411764144897461,106000,0.0,0.0
2022-05-16 00:00:00+08:00,14.362745115403024,14.362745115403024,13.578432116521851,13.72549057006836,127000,0.0,0.0
2022-05-17 00:00:00+08:00,13.72549060310635,13.921568853298615,13.72549060310635,13.872549057006836,22000,0.0,0.0
2022-05-18 00:00:00+08:00,13.774510332367981,13.87254898949961,13.578432083129883,13.578432083129883,20000,0.0,0.0
2022-05-19 00:00:00+08:00,13.480392524174283,13.72549057006836,13.382352931826713,13.72549057006836,44000,0.0,0.0
2022-05-20 00:00:00+08:00,13.921568853298615,13.921568853298615,13.578432149205863,13.872549057006836,16000,0.0,0.0
2022-05-23 00:00:00+08:00,13.823530195689905,13.872549057006836,13.774510399398128,13.872549057006836,8000,0.0,0.0
2022-05-24 00:00:00+08:00,13.823530195689905,13.872549057006836,13.823530195689905,13.872549057006836,5000,0.0,0.0
2022-05-25 00:00:00+08:00,13.823530197143555,13.823530197143555,13.823530197143555,13.823530197143555,1000,0.0,0.0
2022-05-26 00:00:00+08:00,13.725490653758408,14.019608497619629,13.725490653758408,14.019608497619629,7000,0.0,0.0
2022-05-27 00:00:00+08:00,13.970588615962438,14.068628208310008,13.72549057006836,13.72549057006836,9000,0.0,0.0
2022-05-30 00:00:00+08:00,13.725490587370379,13.970588633573422,13.725490587370379,13.774510383605957,21000,0.0,0.0
2022-05-31 00:00:00+08:00,13.725490552642311,13.725490552642311,13.529412303170961,13.676470756530762,24000,0.0,0.0
2022-06-01 00:00:00+08:00,13.72549057006836,13.72549057006836,13.72549057006836,13.72549057006836,3000,0.0,0.0
2022-06-02 00:00:00+08:00,13.87254907419193,14.117647120979596,13.578432166026612,13.921568870544434,48000,0.0,0.0
2022-06-06 00:00:00+08:00,14.019608394336759,14.019608394336759,13.57843209928251,13.676470756530762,35000,0.0,0.0
2022-06-07 00:00:00+08:00,13.676470773894575,13.774510366242145,13.676470773894575,13.72549057006836,15000,0.0,0.0
2022-06-08 00:00:00+08:00,13.872549057006836,13.872549057006836,13.872549057006836,13.872549057006836,1000,0.0,0.0
2022-06-09 00:00:00+08:00,13.676470756530762,13.676470756530762,13.676470756530762,13.676470756530762,5000,0.0,0.0
2022-06-10 00:00:00+08:00,13.82353011055676,13.82353011055676,13.529412269592285,13.529412269592285,35000,0.0,0.0
2022-06-13 00:00:00+08:00,13.676470595910464,13.676470595910464,13.13725471496582,13.13725471496582,67000,0.0,0.0
2022-06-14 00:00:00+08:00,12.892156774891456,13.480392456054688,12.892156774891456,13.480392456054688,16000,0.0,0.0
2022-06-15 00:00:00+08:00,13.480392507059413,13.872549006002112,13.480392507059413,13.676470756530762,23000,0.0,0.0
2022-06-16 00:00:00+08:00,13.676470669770588,13.676470669770588,13.333333969116211,13.333333969116211,37000,0.0,0.0
2022-06-17 00:00:00+08:00,13.137254784969063,13.382352828979492,12.99019633255274,13.382352828979492,22000,0.0,0.0
2022-06-20 00:00:00+08:00,13.235294251518456,13.235294251518456,12.941176414489746,12.941176414489746,14000,0.0,0.0
2022-06-21 00:00:00+08:00,13.039216041564941,13.039216041564941,13.039216041564941,13.039216041564941,4000,0.0,0.0
2022-06-22 00:00:00+08:00,13.039216094339078,13.235294342041016,12.745098255298755,13.235294342041016,20000,0.0,0.0
2022-06-23 00:00:00+08:00,13.235294342041016,13.235294342041016,13.235294342041016,13.235294342041016,1000,0.0,0.0
2022-06-24 00:00:00+08:00,13.235294377515054,13.333333969116211,13.235294377515054,13.333333969116211,5000,0.0,0.0
2022-06-27 00:00:00+08:00,13.235294411399147,13.480392456054688,13.186274615473073,13.480392456054688,33000,0.0,0.0
2022-06-28 00:00:00+08:00,13.333334037838547,13.725490536314746,13.333334037838547,13.578432083129883,12000,0.0,0.0
2022-06-29 00:00:00+08:00,13.529412269592285,13.529412269592285,13.333334020607582,13.529412269592285,7000,0.0,0.0
2022-06-30 00:00:00+08:00,13.529412217343689,13.529412217343689,13.284314173315632,13.333333969116211,14000,0.0,0.0
2022-07-01 00:00:00+08:00,13.33333395131374,13.33333395131374,13.137254768373227,13.284314155578613,50000,0.0,0.0
2022-07-04 00:00:00+08:00,13.03921607666995,13.33333391531172,12.941176485464414,13.186274528503418,8000,0.0,0.0
2022-07-05 00:00:00+08:00,13.13725475070263,13.235294342041016,13.13725475070263,13.235294342041016,12000,0.0,0.0
2022-07-06 00:00:00+08:00,13.33333387941487,13.33333387941487,13.039216041564941,13.039216041564941,26000,0.0,0.0
2022-07-07 00:00:00+08:00,13.039216041564941,13.039216041564941,13.039216041564941,13.039216041564941,2000,0.0,0.0
2022-07-08 00:00:00+08:00,13.03921593088414,13.03921593088414,12.647058505421375,12.696078300476074,55000,0.0,0.0
2022-07-11 00:00:00+08:00,12.450980241981062,12.794117871887654,12.450980241981062,12.647058486938477,6000,0.0,0.0
2022-07-12 00:00:00+08:00,12.647058541962277,12.79411792755127,12.647058541962277,12.79411792755127,2000,0.0,0.0
2022-07-13 00:00:00+08:00,12.794117890585472,13.186274381073412,12.549019850286804,12.696078300476074,46000,0.0,0.0
2022-07-14 00:00:00+08:00,12.843137722747601,12.843137722747601,12.79411792755127,12.79411792755127,5000,0.0,0.0
2022-07-15 00:00:00+08:00,12.794117909139459,12.794117909139459,12.401960483107988,12.745098114013672,30000,0.0,0.0
2022-07-18 00:00:00+08:00,12.745098114013672,12.745098114013672,12.745098114013672,12.745098114013672,0,0.0,0.0
2022-07-19 00:00:00+08:00,12.647058468385069,12.647058468385069,12.549019813537598,12.549019813537598,7000,0.0,0.0
2022-07-20 00:00:00+08:00,12.450980223715305,12.549019813537598,12.40196042880416,12.549019813537598,18000,0.0,0.0
2022-07-21 00:00:00+08:00,12.549019737622112,12.696078186491098,12.303921699523926,12.303921699523926,68000,0.0,0.0
2022-07-22 00:00:00+08:00,12.450980050070568,12.450980050070568,11.91176418351765,12.009803771972656,69000,0.0,0.0
2022-07-25 00:00:00+08:00,12.1568622584569,12.1568622584569,12.107843399047852,12.107843399047852,2000,0.0,0.0
2022-07-26 00:00:00+08:00,12.107843399047852,12.107843399047852,12.107843399047852,12.107843399047852,0,0.0,0.0
2022-07-27 00:00:00+08:00,12.450980186462402,12.450980186462402,12.450980186462402,12.450980186462402,2000,0.0,0.0
2022-07-28 00:00:00+08:00,12.352941475064146,12.352941475064146,12.10784343734442,12.254901885986328,12000,0.0,0.0
2022-07-29 00:00:00+08:00,12.401960372776397,12.401960372776397,12.352941513061523,12.352941513061523,3000,0.0,0.0
2022-08-01 00:00:00+08:00,12.107843418498328,12.20588207244873,12.05882362403572,12.20588207244873,10000,0.0,0.0
2022-08-02 00:00:00+08:00,12.30392164206821,12.30392164206821,12.156862258911133,12.156862258911133,4000,0.0,0.0
2022-08-03 00:00:00+08:00,12.254901904909325,12.303921699523926,12.254901904909325,12.303921699523926,4000,0.0,0.0
2022-08-04 00:00:00+08:00,12.450980186462402,12.450980186462402,12.450980186462402,12.450980186462402,5000,0.0,0.0
2022-08-05 00:00:00+08:00,12.450980186462402,12.549019775991363,12.450980186462402,12.450980186462402,7000,0.0,0.0
2022-08-08 00:00:00+08:00,12.598039589676201,12.647058449539482,12.5,12.5,20000,0.0,0.0
2022-08-09 00:00:00+08:00,12.59803962693024,12.696078281921535,12.450980241981062,12.647058486938477,10000,0.0,0.0
2022-08-10 00:00:00+08:00,12.54902000759682,13.333333933379402,12.500000211927626,13.235294342041016,343000,0.0,0.0
2022-08-11 00:00:00+08:00,13.333334036649662,13.333334036649662,12.843137946110701,13.627450942993164,79000,0.0,0.0
2022-08-12 00:00:00+08:00,13.627450942993164,13.627450942993164,13.627450942993164,13.627450942993164,0,0.0,0.0
2022-08-15 00:00:00+08:00,12.892156564416206,12.892156564416206,12.696078318887885,12.745098114013672,5000,0.0,0.0
2022-08-16 00:00:00+08:00,12.745098039215685,12.745098039215685,12.5,12.5,43000,0.0,0.0
2022-08-17 00:00:00+08:00,12.450980205161898,12.598039589676201,12.450980205161898,12.5,5000,0.0,0.0
2022-08-18 00:00:00+08:00,12.352941568867834,12.549019813537598,12.352941568867834,12.549019813537598,2000,0.0,0.0
2022-08-19 00:00:00+08:00,12.450980186462402,12.499999981226884,12.35294153190826,12.450980186462402,10000,0.0,0.0
2022-08-22 00:00:00+08:00,12.450980186462402,12.450980186462402,12.450980186462402,12.450980186462402,0,0.0,0.0
2022-08-23 00:00:00+08:00,12.450980223715305,12.549019813537598,12.450980223715305,12.549019813537598,5000,0.0,0.0
2022-08-24 00:00:00+08:00,12.647058449539482,12.647058449539482,12.5,12.5,8000,0.0,0.0
2022-08-25 00:00:00+08:00,12.5,12.550000190734863,12.399999618530273,12.5,7000,0.25,0.0
2022-08-26 00:00:00+08:00,12.5,12.699999809265137,12.399999618530273,12.399999618530273,21000,0.0,0.0
2022-08-29 00:00:00+08:00,12.5,12.550000190734863,12.5,12.550000190734863,6000,0.0,0.0
2022-08-30 00:00:00+08:00,12.600000381469727,12.600000381469727,12.5,12.5,6000,0.0,0.0
2022-08-31 00:00:00+08:00,12.5,12.5,12.5,12.5,0,0.0,0.0
2022-09-01 00:00:00+08:00,12.5,12.5,12.300000190734863,12.5,8000,0.0,0.0
2022-09-02 00:00:00+08:00,12.5,12.5,12.5,12.5,1000,0.0,0.0
2022-09-05 00:00:00+08:00,12.5,12.5,12.5,12.5,0,0.0,0.0
2022-09-06 00:00:00+08:00,12.300000190734863,12.300000190734863,12.300000190734863,12.300000190734863,12000,0.0,0.0
2022-09-07 00:00:00+08:00,12.550000190734863,12.550000190734863,12.350000381469727,12.350000381469727,2000,0.0,0.0
2022-09-08 00:00:00+08:00,12.550000190734863,12.75,12.399999618530273,12.399999618530273,17000,0.0,0.0
2022-09-12 00:00:00+08:00,12.550000190734863,12.550000190734863,12.449999809265137,12.449999809265137,3000,0.0,0.0
2022-09-13 00:00:00+08:00,12.600000381469727,12.600000381469727,12.5,12.5,8000,0.0,0.0
2022-09-14 00:00:00+08:00,12.600000381469727,12.699999809265137,12.5,12.5,6000,0.0,0.0
2022-09-15 00:00:00+08:00,12.699999809265137,12.699999809265137,12.550000190734863,12.550000190734863,5000,0.0,0.0
2022-09-16 00:00:00+08:00,12.5,12.649999618530273,12.5,12.600000381469727,5000,0.0,0.0
2022-09-19 00:00:00+08:00,12.600000381469727,12.600000381469727,12.600000381469727,12.600000381469727,3000,0.0,0.0
2022-09-20 00:00:00+08:00,12.699999809265137,12.699999809265137,12.699999809265137,12.699999809265137,2000,0.0,0.0
2022-09-21 00:00:00+08:00,12.699999809265137,12.699999809265137,12.699999809265137,12.699999809265137,0,0.0,0.0
2022-09-22 00:00:00+08:00,12.399999618530273,12.75,12.350000381469727,12.550000190734863,5000,0.0,0.0
2022-09-23 00:00:00+08:00,12.449999809265137,12.5,12.399999618530273,12.5,4000,0.0,0.0
2022-09-26 00:00:00+08:00,12.5,12.5,12.5,12.5,0,0.0,0.0
2022-09-27 00:00:00+08:00,12.5,12.5,12.5,12.5,0,0.0,0.0
2022-09-28 00:00:00+08:00,12.300000190734863,12.5,12.199999809265137,12.5,11000,0.0,0.0
2022-09-29 00:00:00+08:00,12.5,12.5,12.5,12.5,0,0.0,0.0
2022-09-30 00:00:00+08:00,12.5,12.75,12.5,12.75,2000,0.0,0.0
2022-10-03 00:00:00+08:00,12.75,12.75,12.75,12.75,0,0.0,0.0
2022-10-04 00:00:00+08:00,12.75,12.75,12.75,12.75,0,0.0,0.0
2022-10-05 00:00:00+08:00,12.75,12.75,12.600000381469727,12.600000381469727,3000,0.0,0.0
2022-10-06 00:00:00+08:00,12.449999809265137,12.449999809265137,12.399999618530273,12.399999618530273,6000,0.0,0.0
2022-10-07 00:00:00+08:00,12.399999618530273,12.399999618530273,12.399999618530273,12.399999618530273,0,0.0,0.0
2022-10-11 00:00:00+08:00,12.350000381469727,12.649999618530273,12.350000381469727,12.5,5000,0.0,0.0
2022-10-12 00:00:00+08:00,12.5,12.5,12.5,12.5,0,0.0,0.0
2022-10-13 00:00:00+08:00,12.199999809265137,12.199999809265137,11.899999618530273,11.899999618530273,4000,0.0,0.0
2022-10-14 00:00:00+08:00,12.199999809265137,12.550000190734863,12.199999809265137,12.550000190734863,2000,0.0,0.0
2022-10-17 00:00:00+08:00,12.550000190734863,12.550000190734863,12.550000190734863,12.550000190734863,0,0.0,0.0
2022-10-18 00:00:00+08:00,12.550000190734863,12.550000190734863,12.550000190734863,12.550000190734863,0,0.0,0.0
2022-10-19 00:00:00+08:00,12.550000190734863,12.550000190734863,12.550000190734863,12.550000190734863,0,0.0,0.0
2022-10-20 00:00:00+08:00,12.5,12.649999618530273,12.5,12.5,11000,0.0,0.0
2022-10-21 00:00:00+08:00,12.5,12.5,12.5,12.5,4000,0.0,0.0
2022-10-24 00:00:00+08:00,12.699999809265137,12.699999809265137,12.699999809265137,12.699999809265137,1000,0.0,0.0
2022-10-25 00:00:00+08:00,12.699999809265137,12.699999809265137,12.699999809265137,12.699999809265137,0,0.0,0.0
2022-10-26 00:00:00+08:00,12.550000190734863,12.550000190734863,12.550000190734863,12.550000190734863,3000,0.0,0.0
2022-10-27 00:00:00+08:00,12.550000190734863,12.550000190734863,12.550000190734863,12.550000190734863,4000,0.0,0.0
2022-10-28 00:00:00+08:00,12.149999618530273,12.399999618530273,12.149999618530273,12.399999618530273,2000,0.0,0.0
2022-10-31 00:00:00+08:00,12.399999618530273,12.399999618530273,12.399999618530273,12.399999618530273,3000,0.0,0.0
2022-11-01 00:00:00+08:00,12.399999618530273,12.5,12.300000190734863,12.5,6000,0.0,0.0
2022-11-02 00:00:00+08:00,12.350000381469727,12.550000190734863,12.350000381469727,12.550000190734863,11000,0.0,0.0
2022-11-03 00:00:00+08:00,12.5,12.5,12.5,12.5,2000,0.0,0.0
2022-11-04 00:00:00+08:00,12.699999809265137,12.699999809265137,12.699999809265137,12.699999809265137,1000,0.0,0.0
2022-11-07 00:00:00+08:00,12.699999809265137,12.699999809265137,12.699999809265137,12.699999809265137,0,0.0,0.0
2022-11-08 00:00:00+08:00,12.600000381469727,12.600000381469727,12.550000190734863,12.550000190734863,4000,0.0,0.0
2022-11-09 00:00:00+08:00,12.699999809265137,12.699999809265137,12.699999809265137,12.699999809265137,1000,0.0,0.0
2022-11-10 00:00:00+08:00,12.5,12.5,12.5,12.5,2000,0.0,0.0
2022-11-11 00:00:00+08:00,12.5,12.5,12.5,12.5,2000,0.0,0.0
2022-11-14 00:00:00+08:00,12.5,12.5,12.199999809265137,12.399999618530273,9000,0.0,0.0
2022-11-15 00:00:00+08:00,12.399999618530273,12.399999618530273,12.399999618530273,12.399999618530273,0,0.0,0.0
2022-11-16 00:00:00+08:00,12.399999618530273,12.399999618530273,12.399999618530273,12.399999618530273,0,0.0,0.0
2022-11-17 00:00:00+08:00,12.399999618530273,12.399999618530273,12.399999618530273,12.399999618530273,0,0.0,0.0
2022-11-18 00:00:00+08:00,12.399999618530273,12.399999618530273,12.149999618530273,12.149999618530273,8000,0.0,0.0
2022-11-21 00:00:00+08:00,11.949999809265137,11.949999809265137,11.949999809265137,11.949999809265137,1000,0.0,0.0
2022-11-22 00:00:00+08:00,11.949999809265137,12.199999809265137,11.949999809265137,12.100000381469727,13000,0.0,0.0
2022-11-23 00:00:00+08:00,12.050000190734863,12.050000190734863,11.949999809265137,11.949999809265137,3000,0.0,0.0
2022-11-24 00:00:00+08:00,11.800000190734863,12.199999809265137,11.800000190734863,12.199999809265137,7000,0.0,0.0
2022-11-25 00:00:00+08:00,12.199999809265137,12.199999809265137,12.199999809265137,12.199999809265137,0,0.0,0.0
2022-11-28 00:00:00+08:00,11.850000381469727,12.100000381469727,11.800000190734863,12.100000381469727,5000,0.0,0.0
2022-11-29 00:00:00+08:00,12.25,12.600000381469727,12.199999809265137,12.600000381469727,13000,0.0,0.0
2022-11-30 00:00:00+08:00,12.600000381469727,12.600000381469727,12.600000381469727,12.600000381469727,0,0.0,0.0
2022-12-01 00:00:00+08:00,12.600000381469727,12.649999618530273,12.600000381469727,12.649999618530273,10000,0.0,0.0
2022-12-02 00:00:00+08:00,12.649999618530273,12.649999618530273,12.399999618530273,12.399999618530273,4000,0.0,0.0
2022-12-05 00:00:00+08:00,12.399999618530273,12.899999618530273,12.399999618530273,12.899999618530273,18000,0.0,0.0
2022-12-06 00:00:00+08:00,12.600000381469727,12.600000381469727,12.149999618530273,12.350000381469727,13000,0.0,0.0
2022-12-07 00:00:00+08:00,12.699999809265137,12.699999809265137,12.649999618530273,12.699999809265137,3000,0.0,0.0
2022-12-08 00:00:00+08:00,12.699999809265137,12.699999809265137,12.5,12.5,9000,0.0,0.0
2022-12-09 00:00:00+08:00,12.5,12.850000381469727,12.5,12.550000190734863,7000,0.0,0.0
2022-12-12 00:00:00+08:00,12.350000381469727,12.399999618530273,12.300000190734863,12.399999618530273,10000,0.0,0.0
2022-12-13 00:00:00+08:00,12.399999618530273,12.399999618530273,12.399999618530273,12.399999618530273,1000,0.0,0.0
2022-12-14 00:00:00+08:00,12.550000190734863,12.550000190734863,12.550000190734863,12.550000190734863,1000,0.0,0.0
2022-12-15 00:00:00+08:00,12.899999618530273,12.899999618530273,12.899999618530273,12.899999618530273,1000,0.0,0.0
2022-12-16 00:00:00+08:00,12.199999809265137,12.600000381469727,12.199999809265137,12.600000381469727,5000,0.0,0.0
2022-12-19 00:00:00+08:00,12.600000381469727,12.600000381469727,12.600000381469727,12.600000381469727,0,0.0,0.0
2022-12-20 00:00:00+08:00,12.899999618530273,12.899999618530273,12.800000190734863,12.800000190734863,2000,0.0,0.0
2022-12-21 00:00:00+08:00,12.800000190734863,12.800000190734863,12.800000190734863,12.800000190734863,0,0.0,0.0
2022-12-22 00:00:00+08:00,12.949999809265137,12.949999809265137,12.5,12.5,4000,0.0,0.0
2022-12-23 00:00:00+08:00,12.25,12.25,12.100000381469727,12.149999618530273,5000,0.0,0.0
2022-12-26 00:00:00+08:00,12.149999618530273,12.149999618530273,12.149999618530273,12.149999618530273,2000,0.0,0.0
2022-12-27 00:00:00+08:00,12.100000381469727,12.149999618530273,12.050000190734863,12.100000381469727,4000,0.0,0.0
2022-12-28 00:00:00+08:00,12.300000190734863,12.300000190734863,12.300000190734863,12.300000190734863,1000,0.0,0.0
2022-12-29 00:00:00+08:00,12.300000190734863,12.300000190734863,12.300000190734863,12.300000190734863,0,0.0,0.0
2022-12-30 00:00:00+08:00,12.100000381469727,12.399999618530273,12.100000381469727,12.399999618530273,6000,0.0,0.0
2023-01-03 00:00:00+08:00,12.399999618530273,12.399999618530273,12.399999618530273,12.399999618530273,0,0.0,0.0
2023-01-04 00:00:00+08:00,12.399999618530273,12.399999618530273,12.399999618530273,12.399999618530273,0,0.0,0.0
2023-01-05 00:00:00+08:00,12.050000190734863,12.300000190734863,12.0,12.149999618530273,18000,0.0,0.0
2023-01-06 00:00:00+08:00,12.149999618530273,12.300000190734863,12.149999618530273,12.300000190734863,5000,0.0,0.0
2023-01-09 00:00:00+08:00,12.199999809265137,12.300000190734863,12.149999618530273,12.300000190734863,8000,0.0,0.0
2023-01-10 00:00:00+08:00,12.149999618530273,12.149999618530273,12.100000381469727,12.100000381469727,3000,0.0,0.0
2023-01-11 00:00:00+08:00,12.0,12.0,12.0,12.0,2000,0.0,0.0
2023-01-12 00:00:00+08:00,12.0,12.0,12.0,12.0,1000,0.0,0.0
2023-01-13 00:00:00+08:00,12.0,12.0,12.0,12.0,1000,0.0,0.0
2023-01-16 00:00:00+08:00,11.899999618530273,11.899999618530273,11.199999809265137,11.800000190734863,51000,0.0,0.0
2023-01-17 00:00:00+08:00,11.800000190734863,11.800000190734863,11.800000190734863,11.800000190734863,3000,0.0,0.0
2023-01-30 00:00:00+08:00,11.800000190734863,12.149999618530273,11.800000190734863,12.149999618530273,13000,0.0,0.0
2023-01-31 00:00:00+08:00,12.149999618530273,12.25,12.149999618530273,12.149999618530273,5000,0.0,0.0
2023-02-01 00:00:00+08:00,12.300000190734863,12.300000190734863,12.0,12.149999618530273,4000,0.0,0.0
2023-02-02 00:00:00+08:00,12.050000190734863,12.050000190734863,12.0,12.0,3000,0.0,0.0
2023-02-03 00:00:00+08:00,11.899999618530273,11.899999618530273,11.899999618530273,11.899999618530273,1000,0.0,0.0
2023-02-06 00:00:00+08:00,12.149999618530273,12.149999618530273,12.149999618530273,12.149999618530273,1000,0.0,0.0
2023-02-07 00:00:00+08:00,12.149999618530273,12.149999618530273,12.149999618530273,12.149999618530273,0,0.0,0.0
2023-02-08 00:00:00+08:00,12.0,12.149999618530273,12.0,12.149999618530273,3000,0.0,0.0
2023-02-09 00:00:00+08:00,12.0,12.0,12.0,12.0,2000,0.0,0.0
2023-02-10 00:00:00+08:00,12.0,12.0,12.0,12.0,0,0.0,0.0
2023-02-13 00:00:00+08:00,12.0,12.0,12.0,12.0,3000,0.0,0.0
2023-02-14 00:00:00+08:00,12.0,12.0,12.0,12.0,0,0.0,0.0
2023-02-15 00:00:00+08:00,11.850000381469727,12.100000381469727,11.850000381469727,12.100000381469727,4000,0.0,0.0
2023-02-16 00:00:00+08:00,12.100000381469727,12.100000381469727,12.100000381469727,12.100000381469727,0,0.0,0.0
2023-02-17 00:00:00+08:00,12.050000190734863,12.149999618530273,12.0,12.0,10000,0.0,0.0
2023-02-20 00:00:00+08:00,12.0,12.0,11.949999809265137,11.949999809265137,4000,0.0,0.0
2023-02-21 00:00:00+08:00,11.850000381469727,11.949999809265137,11.850000381469727,11.949999809265137,20000,0.0,0.0
2023-02-22 00:00:00+08:00,11.800000190734863,12.149999618530273,11.800000190734863,12.149999618530273,6000,0.0,0.0
2023-02-23 00:00:00+08:00,12.050000190734863,12.149999618530273,11.949999809265137,12.149999618530273,6000,0.0,0.0
2023-02-24 00:00:00+08:00,12.050000190734863,12.100000381469727,11.699999809265137,11.75,38000,0.0,0.0
2023-03-01 00:00:00+08:00,11.899999618530273,11.949999809265137,11.850000381469727,11.850000381469727,12000,0.0,0.0
2023-03-02 00:00:00+08:00,11.899999618530273,12.100000381469727,11.899999618530273,11.949999809265137,39000,0.0,0.0
2023-03-03 00:00:00+08:00,11.949999809265137,12.199999809265137,11.949999809265137,12.0,25000,0.0,0.0
2023-03-06 00:00:00+08:00,11.949999809265137,12.0,11.949999809265137,11.949999809265137,16000,0.0,0.0
2023-03-07 00:00:00+08:00,11.949999809265137,12.199999809265137,11.949999809265137,12.050000190734863,31000,0.0,0.0
2023-03-08 00:00:00+08:00,12.100000381469727,12.399999618530273,12.0,12.300000190734863,56000,0.0,0.0
2023-03-09 00:00:00+08:00,13.5,13.5,12.899999618530273,12.949999809265137,845000,0.0,0.0
2023-03-10 00:00:00+08:00,13.199999809265137,13.199999809265137,12.550000190734863,12.550000190734863,78000,0.0,0.0
2023-03-13 00:00:00+08:00,12.550000190734863,12.550000190734863,12.100000381469727,12.100000381469727,100000,0.0,0.0
2023-03-14 00:00:00+08:00,12.25,12.25,11.850000381469727,11.949999809265137,113000,0.0,0.0
2023-03-15 00:00:00+08:00,12.25,12.25,11.899999618530273,11.949999809265137,70000,0.0,0.0
2023-03-16 00:00:00+08:00,11.850000381469727,11.949999809265137,11.800000190734863,11.899999618530273,48000,0.0,0.0
2023-03-17 00:00:00+08:00,12.0,12.0,11.850000381469727,11.850000381469727,58000,0.0,0.0
2023-03-20 00:00:00+08:00,11.850000381469727,11.850000381469727,11.800000190734863,11.800000190734863,30000,0.0,0.0
2023-03-21 00:00:00+08:00,11.75,11.899999618530273,11.75,11.899999618530273,37000,0.0,0.0
2023-03-22 00:00:00+08:00,11.850000381469727,11.949999809265137,11.800000190734863,11.949999809265137,83000,0.0,0.0
2023-03-23 00:00:00+08:00,11.800000190734863,11.850000381469727,11.800000190734863,11.850000381469727,123000,0.0,0.0
2023-03-24 00:00:00+08:00,11.800000190734863,11.800000190734863,11.699999809265137,11.75,77000,0.0,0.0
2023-03-27 00:00:00+08:00,11.800000190734863,11.899999618530273,11.699999809265137,11.800000190734863,123000,0.0,0.0
2023-03-28 00:00:00+08:00,11.75,11.800000190734863,11.649999618530273,11.649999618530273,65000,0.0,0.0
2023-03-29 00:00:00+08:00,11.649999618530273,11.800000190734863,11.600000381469727,11.600000381469727,111000,0.0,0.0
2023-03-30 00:00:00+08:00,11.699999809265137,11.800000190734863,11.699999809265137,11.800000190734863,38000,0.0,0.0
2023-03-31 00:00:00+08:00,11.75,11.75,11.75,11.75,8000,0.0,0.0
2023-04-06 00:00:00+08:00,11.75,11.800000190734863,11.75,11.800000190734863,22000,0.0,0.0
2023-04-07 00:00:00+08:00,11.75,11.75,11.699999809265137,11.75,30000,0.0,0.0
2023-04-10 00:00:00+08:00,11.800000190734863,11.850000381469727,11.699999809265137,11.75,17000,0.0,0.0
2023-04-11 00:00:00+08:00,11.850000381469727,11.850000381469727,11.75,11.75,11000,0.0,0.0
2023-04-12 00:00:00+08:00,11.75,11.75,11.75,11.75,25000,0.0,0.0
2023-04-13 00:00:00+08:00,11.75,11.75,11.75,11.75,14000,0.0,0.0
2023-04-14 00:00:00+08:00,11.800000190734863,11.899999618530273,11.800000190734863,11.850000381469727,11000,0.0,0.0
2023-04-17 00:00:00+08:00,11.850000381469727,11.850000381469727,11.800000190734863,11.850000381469727,9000,0.0,0.0
2023-04-18 00:00:00+08:00,11.899999618530273,11.949999809265137,11.850000381469727,11.899999618530273,40000,0.0,0.0
2023-04-19 00:00:00+08:00,11.850000381469727,11.899999618530273,11.800000190734863,11.899999618530273,23000,0.0,0.0
2023-04-20 00:00:00+08:00,11.850000381469727,11.850000381469727,11.600000381469727,11.800000190734863,34000,0.0,0.0
2023-04-21 00:00:00+08:00,11.899999618530273,11.949999809265137,11.75,11.75,21000,0.0,0.0
2023-04-24 00:00:00+08:00,11.800000190734863,11.800000190734863,11.699999809265137,11.75,7000,0.0,0.0
2023-04-25 00:00:00+08:00,11.800000190734863,11.800000190734863,11.5,11.600000381469727,27000,0.0,0.0
2023-04-26 00:00:00+08:00,11.600000381469727,11.699999809265137,11.600000381469727,11.600000381469727,7000,0.0,0.0
2023-04-27 00:00:00+08:00,11.649999618530273,11.899999618530273,11.649999618530273,11.850000381469727,30000,0.0,0.0
2023-04-28 00:00:00+08:00,11.75,11.800000190734863,11.600000381469727,11.649999618530273,65000,0.0,0.0
2023-05-02 00:00:00+08:00,11.699999809265137,11.699999809265137,11.600000381469727,11.600000381469727,51000,0.0,0.0
2023-05-03 00:00:00+08:00,11.600000381469727,11.600000381469727,11.550000190734863,11.550000190734863,12000,0.0,0.0
2023-05-04 00:00:00+08:00,11.649999618530273,11.850000381469727,11.649999618530273,11.75,27000,0.0,0.0
2023-05-05 00:00:00+08:00,11.699999809265137,11.75,11.699999809265137,11.75,11000,0.0,0.0
2023-05-08 00:00:00+08:00,11.850000381469727,12.050000190734863,11.800000190734863,11.800000190734863,15000,0.0,0.0
2023-05-09 00:00:00+08:00,11.899999618530273,11.949999809265137,11.75,11.75,16000,0.0,0.0
2023-05-10 00:00:00+08:00,11.699999809265137,11.699999809265137,11.649999618530273,11.649999618530273,13000,0.0,0.0
2023-05-11 00:00:00+08:00,11.699999809265137,11.699999809265137,11.600000381469727,11.600000381469727,10000,0.0,0.0
2023-05-12 00:00:00+08:00,11.399999618530273,11.5,11.399999618530273,11.5,11000,0.0,0.0
2023-05-15 00:00:00+08:00,11.550000190734863,11.550000190734863,11.5,11.5,9000,0.0,0.0
2023-05-16 00:00:00+08:00,11.800000190734863,11.800000190734863,11.75,11.75,7000,0.0,0.0
2023-05-17 00:00:00+08:00,11.649999618530273,11.649999618530273,11.550000190734863,11.649999618530273,14000,0.0,0.0
2023-05-18 00:00:00+08:00,11.600000381469727,11.600000381469727,11.5,11.600000381469727,28000,0.0,0.0
2023-05-19 00:00:00+08:00,11.600000381469727,11.600000381469727,11.600000381469727,11.600000381469727,0,0.0,0.0
2023-05-22 00:00:00+08:00,11.5,11.5,11.300000190734863,11.5,29000,0.0,0.0
2023-05-23 00:00:00+08:00,11.5,11.699999809265137,11.5,11.699999809265137,6000,0.0,0.0
2023-05-24 00:00:00+08:00,11.699999809265137,11.800000190734863,11.550000190734863,11.800000190734863,9000,0.0,0.0
2023-05-25 00:00:00+08:00,11.5,11.5,11.5,11.5,4000,0.0,0.0
2023-05-26 00:00:00+08:00,11.699999809265137,11.699999809265137,11.5,11.5,15000,0.0,0.0
2023-05-29 00:00:00+08:00,11.550000190734863,11.800000190734863,11.550000190734863,11.550000190734863,11000,0.0,0.0
2023-05-30 00:00:00+08:00,11.649999618530273,11.649999618530273,11.649999618530273,11.649999618530273,1000,0.0,0.0
2023-05-31 00:00:00+08:00,11.649999618530273,11.649999618530273,11.649999618530273,11.649999618530273,0,0.0,0.0
2023-06-01 00:00:00+08:00,11.649999618530273,11.649999618530273,11.649999618530273,11.649999618530273,0,0.0,0.0
2023-06-02 00:00:00+08:00,11.699999809265137,11.699999809265137,11.550000190734863,11.550000190734863,2000,0.0,0.0
2023-06-05 00:00:00+08:00,11.600000381469727,11.600000381469727,11.5,11.5,7000,0.0,0.0
2023-06-06 00:00:00+08:00,11.5,11.5,11.5,11.5,11000,0.0,0.0
2023-06-07 00:00:00+08:00,11.5,11.600000381469727,11.399999618530273,11.449999809265137,26000,0.0,0.0
2023-06-08 00:00:00+08:00,11.5,11.5,11.449999809265137,11.449999809265137,7000,0.0,0.0
2023-06-09 00:00:00+08:00,11.399999618530273,11.449999809265137,11.399999618530273,11.449999809265137,7000,0.0,0.0
2023-06-12 00:00:00+08:00,11.5,11.649999618530273,11.5,11.600000381469727,74000,0.0,0.0
2023-06-13 00:00:00+08:00,11.649999618530273,11.949999809265137,11.649999618530273,11.949999809265137,72000,0.0,0.0
2023-06-14 00:00:00+08:00,11.949999809265137,12.0,11.949999809265137,12.0,7000,0.0,0.0
2023-06-15 00:00:00+08:00,12.5,12.5,11.800000190734863,12.149999618530273,70000,0.0,0.0
2023-06-16 00:00:00+08:00,11.899999618530273,12.25,11.899999618530273,12.050000190734863,15000,0.0,0.0
2023-06-19 00:00:00+08:00,12.100000381469727,12.199999809265137,11.850000381469727,12.100000381469727,24000,0.0,0.0
2023-06-20 00:00:00+08:00,11.949999809265137,12.0,11.850000381469727,12.0,22000,0.0,0.0
2023-06-21 00:00:00+08:00,12.0,12.050000190734863,11.899999618530273,12.0,15000,0.0,0.0
2023-06-26 00:00:00+08:00,11.800000190734863,11.899999618530273,11.75,11.850000381469727,19000,0.0,0.0
2023-06-27 00:00:00+08:00,11.949999809265137,11.949999809265137,11.850000381469727,11.949999809265137,6000,0.0,0.0
2023-06-28 00:00:00+08:00,12.0,12.0,11.350000381469727,11.550000190734863,77000,0.0,0.0
2023-06-29 00:00:00+08:00,11.550000190734863,11.75,11.550000190734863,11.75,11000,0.0,0.0
2023-06-30 00:00:00+08:00,11.600000381469727,11.600000381469727,11.399999618530273,11.399999618530273,40000,0.0,0.0
2023-07-03 00:00:00+08:00,11.399999618530273,11.550000190734863,11.399999618530273,11.550000190734863,25000,0.0,0.0
2023-07-04 00:00:00+08:00,11.449999809265137,11.449999809265137,11.300000190734863,11.300000190734863,24000,0.0,0.0
2023-07-05 00:00:00+08:00,11.300000190734863,11.399999618530273,11.300000190734863,11.550000190734863,15000,0.0,0.0
2023-07-06 00:00:00+08:00,11.449999809265137,11.449999809265137,11.449999809265137,11.5,1000,0.0,0.0
2023-07-07 00:00:00+08:00,11.449999809265137,11.550000190734863,11.300000190734863,11.550000190734863,21000,0.0,0.0
2023-07-10 00:00:00+08:00,11.600000381469727,11.850000381469727,11.600000381469727,11.699999809265137,32000,0.0,0.0
2023-07-11 00:00:00+08:00,11.800000190734863,11.800000190734863,11.600000381469727,11.800000190734863,4000,0.0,0.0
2023-07-12 00:00:00+08:00,11.800000190734863,11.800000190734863,11.699999809265137,11.699999809265137,5000,0.0,0.0
2023-07-13 00:00:00+08:00,11.75,11.75,11.699999809265137,11.699999809265137,3000,0.0,0.0
2023-07-14 00:00:00+08:00,11.699999809265137,11.699999809265137,11.699999809265137,11.699999809265137,1000,0.0,0.0
2023-07-17 00:00:00+08:00,11.399999618530273,11.550000190734863,11.350000381469727,11.550000190734863,11000,0.0,0.0
2023-07-18 00:00:00+08:00,11.449999809265137,11.550000190734863,11.449999809265137,11.5,12000,0.0,0.0
2023-07-19 00:00:00+08:00,11.350000381469727,11.5,11.300000190734863,11.449999809265137,39000,0.0,0.0
2023-07-20 00:00:00+08:00,11.350000381469727,11.600000381469727,11.300000190734863,11.5,44000,0.0,0.0
2023-07-21 00:00:00+08:00,11.449999809265137,11.5,11.399999618530273,11.449999809265137,11000,0.0,0.0
2023-07-24 00:00:00+08:00,11.449999809265137,11.449999809265137,11.399999618530273,11.399999618530273,3000,0.0,0.0
2023-07-25 00:00:00+08:00,11.449999809265137,11.699999809265137,11.300000190734863,11.350000381469727,53000,0.0,0.0
2023-07-26 00:00:00+08:00,11.600000381469727,11.600000381469727,11.600000381469727,11.600000381469727,11000,0.0,0.0
2023-07-27 00:00:00+08:00,11.649999618530273,11.649999618530273,11.5,11.5,11000,0.0,0.0
2023-07-28 00:00:00+08:00,11.449999809265137,11.5,11.399999618530273,11.399999618530273,10000,0.0,0.0
2023-07-31 00:00:00+08:00,11.399999618530273,11.399999618530273,11.300000190734863,11.399999618530273,18000,0.0,0.0
2023-08-01 00:00:00+08:00,11.449999809265137,11.5,11.449999809265137,11.449999809265137,7000,0.0,0.0
2023-08-02 00:00:00+08:00,11.399999618530273,11.550000190734863,11.399999618530273,11.550000190734863,4000,0.0,0.0
2023-08-04 00:00:00+08:00,11.5,11.5,11.5,11.5,1000,0.0,0.0
2023-08-07 00:00:00+08:00,11.5,11.5,11.5,11.5,0,0.0,0.0
2023-08-08 00:00:00+08:00,11.449999809265137,11.449999809265137,11.449999809265137,11.449999809265137,3000,0.0,0.0
2023-08-09 00:00:00+08:00,11.600000381469727,11.649999618530273,11.350000381469727,11.399999618530273,13000,0.0,0.0
2023-08-10 00:00:00+08:00,11.449999809265137,11.449999809265137,11.399999618530273,11.399999618530273,4000,0.0,0.0
2023-08-11 00:00:00+08:00,11.399999618530273,11.399999618530273,11.399999618530273,11.399999618530273,3000,0.0,0.0
2023-08-14 00:00:00+08:00,11.5,11.5,11.350000381469727,11.350000381469727,17000,0.0,0.0
2023-08-15 00:00:00+08:00,11.399999618530273,11.399999618530273,11.399999618530273,11.399999618530273,1000,0.0,0.0
2023-08-16 00:00:00+08:00,11.399999618530273,11.399999618530273,11.300000190734863,11.300000190734863,11000,0.0,0.0
2023-08-17 00:00:00+08:00,11.350000381469727,11.350000381469727,11.050000190734863,11.199999809265137,16000,0.0,0.0
2023-08-18 00:00:00+08:00,11.399999618530273,11.449999809265137,11.399999618530273,11.399999618530273,3000,0.0,0.0
2023-08-21 00:00:00+08:00,11.399999618530273,11.449999809265137,11.399999618530273,11.449999809265137,17000,0.0,0.0
2023-08-22 00:00:00+08:00,11.399999618530273,11.449999809265137,11.399999618530273,11.449999809265137,2000,0.0,0.0
2023-08-23 00:00:00+08:00,11.449999809265137,11.449999809265137,11.449999809265137,11.449999809265137,4000,0.0,0.0
2023-08-24 00:00:00+08:00,11.449999809265137,11.449999809265137,11.399999618530273,11.449999809265137,9000,0.0,0.0
2023-08-25 00:00:00+08:00,11.449999809265137,11.449999809265137,11.350000381469727,11.449999809265137,7000,0.0,0.0
2023-08-28 00:00:00+08:00,11.449999809265137,11.449999809265137,11.350000381469727,11.399999618530273,11000,0.0,0.0
2023-08-29 00:00:00+08:00,11.449999809265137,11.449999809265137,11.399999618530273,11.399999618530273,12000,0.0,0.0
2023-08-30 00:00:00+08:00,11.449999809265137,11.449999809265137,11.449999809265137,11.449999809265137,7000,0.0,0.0
2023-08-31 00:00:00+08:00,11.399999618530273,11.399999618530273,11.399999618530273,11.399999618530273,10000,0.0,0.0
2023-09-01 00:00:00+08:00,11.399999618530273,11.399999618530273,11.399999618530273,11.399999618530273,0,0.0,0.0
2023-09-04 00:00:00+08:00,11.550000190734863,11.550000190734863,11.550000190734863,11.550000190734863,1000,0.0,0.0
2023-09-05 00:00:00+08:00,11.449999809265137,11.5,11.449999809265137,11.5,3000,0.0,0.0
2023-09-06 00:00:00+08:00,11.399999618530273,11.399999618530273,11.350000381469727,11.399999618530273,14000,0.0,0.0
2023-09-07 00:00:00+08:00,11.399999618530273,11.399999618530273,11.399999618530273,11.399999618530273,0,0.0,0.0
2023-09-08 00:00:00+08:00,11.449999809265137,11.449999809265137,11.300000190734863,11.399999618530273,25000,0.0,0.0
2023-09-11 00:00:00+08:00,11.399999618530273,11.600000381469727,11.350000381469727,11.600000381469727,25000,0.0,0.0
2023-09-12 00:00:00+08:00,11.399999618530273,11.449999809265137,11.399999618530273,11.449999809265137,5000,0.0,0.0
2023-09-13 00:00:00+08:00,11.5,11.5,11.5,11.5,5000,0.0,0.0
2023-09-14 00:00:00+08:00,11.5,11.5,11.449999809265137,11.5,3000,0.0,0.0
2023-09-15 00:00:00+08:00,11.449999809265137,11.449999809265137,11.399999618530273,11.399999618530273,7000,0.0,0.0
2023-09-18 00:00:00+08:00,11.449999809265137,11.550000190734863,11.449999809265137,11.550000190734863,5000,0.0,0.0
2023-09-19 00:00:00+08:00,11.5,11.5,11.5,11.5,1000,0.0,0.0
2023-09-20 00:00:00+08:00,11.449999809265137,11.5,11.449999809265137,11.449999809265137,4000,0.0,0.0
2023-09-21 00:00:00+08:00,11.5,11.550000190734863,11.5,11.550000190734863,4000,0.0,0.0
2023-09-22 00:00:00+08:00,11.600000381469727,11.600000381469727,11.600000381469727,11.600000381469727,1000,0.0,0.0
2023-09-25 00:00:00+08:00,11.600000381469727,11.600000381469727,11.600000381469727,11.600000381469727,1000,0.0,0.0
2023-09-26 00:00:00+08:00,11.600000381469727,11.600000381469727,11.600000381469727,11.600000381469727,0,0.0,0.0
2023-09-27 00:00:00+08:00,11.5,11.550000190734863,11.5,11.550000190734863,3000,0.0,0.0
2023-09-28 00:00:00+08:00,11.449999809265137,11.600000381469727,11.399999618530273,11.600000381469727,8000,0.0,0.0
2023-10-02 00:00:00+08:00,11.600000381469727,11.850000381469727,11.5,11.649999618530273,10000,0.0,0.0
2023-10-03 00:00:00+08:00,11.699999809265137,11.699999809265137,11.399999618530273,11.399999618530273,19000,0.0,0.0
2023-10-04 00:00:00+08:00,11.5,11.5,11.449999809265137,11.449999809265137,7000,0.0,0.0
2023-10-05 00:00:00+08:00,11.5,11.5,11.449999809265137,11.449999809265137,4000,0.0,0.0
2023-10-06 00:00:00+08:00,11.649999618530273,11.649999618530273,11.5,11.550000190734863,36000,0.0,0.0
2023-10-11 00:00:00+08:00,11.550000190734863,11.550000190734863,11.5,11.5,4000,0.0,0.0
2023-10-12 00:00:00+08:00,11.5,11.5,11.5,11.5,3000,0.0,0.0
2023-10-13 00:00:00+08:00,11.5,11.5,11.399999618530273,11.399999618530273,10000,0.0,0.0
2023-10-16 00:00:00+08:00,11.449999809265137,11.699999809265137,11.449999809265137,11.5,9000,0.0,0.0
2023-10-17 00:00:00+08:00,11.75,11.75,11.75,11.75,5000,0.0,0.0
2023-10-18 00:00:00+08:00,11.649999618530273,11.649999618530273,11.649999618530273,11.649999618530273,2000,0.0,0.0
2023-10-19 00:00:00+08:00,11.5,11.5,11.449999809265137,11.449999809265137,9000,0.0,0.0
2023-10-20 00:00:00+08:00,11.399999618530273,11.5,11.399999618530273,11.5,14000,0.0,0.0
2023-10-23 00:00:00+08:00,11.399999618530273,11.449999809265137,11.399999618530273,11.449999809265137,6000,0.0,0.0
2023-10-24 00:00:00+08:00,11.449999809265137,11.449999809265137,11.399999618530273,11.449999809265137,15000,0.0,0.0
2023-10-25 00:00:00+08:00,11.5,11.600000381469727,11.5,11.550000190734863,5000,0.0,0.0
2023-10-26 00:00:00+08:00,11.75,11.75,11.449999809265137,11.449999809265137,10000,0.0,0.0
2023-10-27 00:00:00+08:00,11.5,11.5,11.449999809265137,11.5,3000,0.0,0.0
2023-10-30 00:00:00+08:00,11.5,11.5,11.449999809265137,11.449999809265137,3000,0.0,0.0
2023-10-31 00:00:00+08:00,11.75,11.75,11.300000190734863,11.5,13000,0.0,0.0
2023-11-01 00:00:00+08:00,11.550000190734863,11.600000381469727,11.550000190734863,11.600000381469727,2000,0.0,0.0
2023-11-02 00:00:00+08:00,11.5,11.550000190734863,11.5,11.550000190734863,21000,0.0,0.0
2023-11-03 00:00:00+08:00,11.600000381469727,11.600000381469727,11.5,11.5,5000,0.0,0.0
2023-11-06 00:00:00+08:00,11.5,11.5,11.5,11.5,2000,0.0,0.0
2023-11-07 00:00:00+08:00,11.5,11.649999618530273,11.5,11.5,10000,0.0,0.0
2023-11-08 00:00:00+08:00,11.5,11.5,11.449999809265137,11.449999809265137,2000,0.0,0.0
2023-11-09 00:00:00+08:00,11.449999809265137,11.449999809265137,11.449999809265137,11.449999809265137,0,0.0,0.0
2023-11-10 00:00:00+08:00,11.449999809265137,11.449999809265137,11.449999809265137,11.449999809265137,0,0.0,0.0
2023-11-13 00:00:00+08:00,11.600000381469727,11.800000190734863,11.600000381469727,11.75,6000,0.0,0.0
2023-11-14 00:00:00+08:00,11.649999618530273,11.649999618530273,11.600000381469727,11.600000381469727,12000,0.0,0.0
2023-11-15 00:00:00+08:00,11.75,11.75,11.600000381469727,11.699999809265137,8000,0.0,0.0
2023-11-16 00:00:00+08:00,11.699999809265137,12.050000190734863,11.699999809265137,11.899999618530273,7000,0.0,0.0
2023-11-17 00:00:00+08:00,12.0,12.0,12.0,12.0,1000,0.0,0.0
2023-11-20 00:00:00+08:00,12.100000381469727,12.100000381469727,12.100000381469727,12.100000381469727,7000,0.0,0.0
2023-11-21 00:00:00+08:00,11.699999809265137,11.75,11.649999618530273,11.649999618530273,7000,0.0,0.0
2023-11-22 00:00:00+08:00,11.899999618530273,11.899999618530273,11.899999618530273,11.899999618530273,3000,0.0,0.0
2023-11-23 00:00:00+08:00,11.899999618530273,11.899999618530273,11.899999618530273,11.899999618530273,0,0.0,0.0
2023-11-24 00:00:00+08:00,11.699999809265137,11.699999809265137,11.649999618530273,11.649999618530273,5000,0.0,0.0
2023-11-27 00:00:00+08:00,11.649999618530273,11.649999618530273,11.600000381469727,11.600000381469727,7000,0.0,0.0
2023-11-28 00:00:00+08:00,11.449999809265137,11.550000190734863,11.449999809265137,11.550000190734863,10000,0.0,0.0
2023-11-29 00:00:00+08:00,11.600000381469727,11.850000381469727,11.600000381469727,11.75,6000,0.0,0.0
2023-11-30 00:00:00+08:00,11.600000381469727,11.649999618530273,11.600000381469727,11.649999618530273,7000,0.0,0.0
2023-12-01 00:00:00+08:00,11.600000381469727,11.600000381469727,11.5,11.5,5000,0.0,0.0
2023-12-04 00:00:00+08:00,11.5,11.5,11.5,11.5,0,0.0,0.0
2023-12-05 00:00:00+08:00,11.5,11.850000381469727,11.5,11.649999618530273,34000,0.0,0.0
2023-12-06 00:00:00+08:00,11.75,11.75,11.600000381469727,11.600000381469727,28000,0.0,0.0
2023-12-07 00:00:00+08:00,11.850000381469727,11.850000381469727,11.649999618530273,11.800000190734863,18000,0.0,0.0
2023-12-08 00:00:00+08:00,11.850000381469727,11.850000381469727,11.800000190734863,11.800000190734863,5000,0.0,0.0
2023-12-11 00:00:00+08:00,11.899999618530273,11.949999809265137,11.899999618530273,12.899999618530273,2000,0.0,0.0
2023-12-12 00:00:00+08:00,11.75,11.75,11.699999809265137,11.75,17000,0.0,0.0
2023-12-13 00:00:00+08:00,11.75,11.850000381469727,11.649999618530273,11.75,16000,0.0,0.0
2023-12-14 00:00:00+08:00,11.75,12.600000381469727,11.75,11.800000190734863,45000,0.0,0.0
2023-12-15 00:00:00+08:00,11.949999809265137,12.149999618530273,11.699999809265137,12.0,29000,0.0,0.0
2023-12-18 00:00:00+08:00,12.0,12.550000190734863,12.0,13.350000381469727,30000,0.0,0.0
2023-12-19 00:00:00+08:00,12.149999618530273,12.300000190734863,11.850000381469727,13.050000190734863,46000,0.0,0.0
2023-12-20 00:00:00+08:00,12.050000190734863,12.149999618530273,11.75,11.75,19000,0.0,0.0
2023-12-21 00:00:00+08:00,11.850000381469727,11.850000381469727,11.850000381469727,11.850000381469727,1000,0.0,0.0
2023-12-22 00:00:00+08:00,11.899999618530273,11.949999809265137,11.699999809265137,11.699999809265137,19000,0.0,0.0
2023-12-25 00:00:00+08:00,11.800000190734863,11.850000381469727,11.550000190734863,11.75,4000,0.0,0.0
2023-12-26 00:00:00+08:00,11.550000190734863,11.699999809265137,11.550000190734863,11.699999809265137,23000,0.0,0.0
2023-12-27 00:00:00+08:00,11.649999618530273,11.75,11.649999618530273,11.75,4000,0.0,0.0
2023-12-28 00:00:00+08:00,11.699999809265137,11.800000190734863,11.699999809265137,11.800000190734863,4000,0.0,0.0
2023-12-29 00:00:00+08:00,11.800000190734863,11.899999618530273,11.75,12.5,7000,0.0,0.0
2024-01-02 00:00:00+08:00,12.5,12.5,12.5,12.5,0,0.0,0.0
2024-01-03 00:00:00+08:00,12.5,12.5,12.5,12.5,0,0.0,0.0
2024-01-04 00:00:00+08:00,11.699999809265137,11.699999809265137,11.699999809265137,11.699999809265137,1000,0.0,0.0
2024-01-05 00:00:00+08:00,11.550000190734863,11.800000190734863,11.550000190734863,11.75,20000,0.0,0.0
2024-01-08 00:00:00+08:00,11.75,11.800000190734863,11.699999809265137,11.800000190734863,11000,0.0,0.0
2024-01-09 00:00:00+08:00,11.699999809265137,11.850000381469727,11.699999809265137,11.699999809265137,17000,0.0,0.0
2024-01-10 00:00:00+08:00,11.699999809265137,12.75,11.699999809265137,12.100000381469727,229000,0.0,0.0
2024-01-11 00:00:00+08:00,12.0,12.25,11.949999809265137,12.0,28000,0.0,0.0
2024-01-12 00:00:00+08:00,12.050000190734863,12.350000381469727,11.899999618530273,11.949999809265137,51000,0.0,0.0
2024-01-15 00:00:00+08:00,11.899999618530273,12.25,11.899999618530273,11.949999809265137,81208,0.0,0.0
2024-01-16 00:00:00+08:00,11.949999809265137,12.050000190734863,11.949999809265137,11.949999809265137,8000,0.0,0.0
2024-01-17 00:00:00+08:00,11.949999809265137,12.0,11.800000190734863,11.949999809265137,16000,0.0,0.0
2024-01-18 00:00:00+08:00,11.949999809265137,12.100000381469727,11.800000190734863,12.100000381469727,22000,0.0,0.0
2024-01-19 00:00:00+08:00,11.949999809265137,12.0,11.699999809265137,11.800000190734863,48000,0.0,0.0
2024-01-22 00:00:00+08:00,11.75,12.100000381469727,11.75,11.949999809265137,20000,0.0,0.0
2024-01-23 00:00:00+08:00,11.800000190734863,11.899999618530273,11.649999618530273,11.699999809265137,39000,0.0,0.0
2024-01-24 00:00:00+08:00,11.649999618530273,12.649999618530273,11.649999618530273,11.850000381469727,219000,0.0,0.0
2024-01-25 00:00:00+08:00,12.0,12.449999809265137,11.850000381469727,12.0,91000,0.0,0.0
2024-01-26 00:00:00+08:00,12.199999809265137,12.199999809265137,12.0,12.0,19000,0.0,0.0
2024-01-29 00:00:00+08:00,12.0,12.100000381469727,11.949999809265137,12.050000190734863,18000,0.0,0.0
2024-01-30 00:00:00+08:00,12.100000381469727,12.149999618530273,12.050000190734863,12.050000190734863,23000,0.0,0.0
2024-01-31 00:00:00+08:00,12.050000190734863,12.050000190734863,11.850000381469727,11.949999809265137,33000,0.0,0.0
2024-02-01 00:00:00+08:00,12.0,12.199999809265137,11.949999809265137,11.949999809265137,21000,0.0,0.0
2024-02-02 00:00:00+08:00,12.0,12.149999618530273,11.899999618530273,12.050000190734863,37000,0.0,0.0
2024-02-05 00:00:00+08:00,12.449999809265137,12.449999809265137,12.100000381469727,12.399999618530273,38000,0.0,0.0
2024-02-15 00:00:00+08:00,12.399999618530273,12.399999618530273,11.800000190734863,12.050000190734863,125000,0.0,0.0
2024-02-16 00:00:00+08:00,12.100000381469727,12.149999618530273,12.050000190734863,12.050000190734863,34000,0.0,0.0
2024-02-19 00:00:00+08:00,12.149999618530273,12.199999809265137,12.0,12.100000381469727,54000,0.0,0.0
2024-02-20 00:00:00+08:00,12.149999618530273,13.300000190734863,12.149999618530273,13.300000190734863,377000,0.0,0.0
2024-02-21 00:00:00+08:00,14.550000190734863,14.600000381469727,14.050000190734863,14.600000381469727,1592000,0.0,0.0
2024-02-22 00:00:00+08:00,14.25,14.699999809265137,13.600000381469727,13.800000190734863,1494000,0.0,0.0
2024-02-23 00:00:00+08:00,13.800000190734863,15.149999618530273,13.699999809265137,15.149999618530273,5364000,0.0,0.0
2024-02-26 00:00:00+08:00,16.649999618530273,16.649999618530273,15.699999809265137,16.649999618530273,3265000,0.0,0.0
2024-02-27 00:00:00+08:00,17.649999618530273,18.299999237060547,15.600000381469727,18.299999237060547,7167000,0.0,0.0
2024-02-29 00:00:00+08:00,18.450000762939453,19.75,18.0,18.399999618530273,5001000,0.0,0.0
2024-03-01 00:00:00+08:00,18.799999237060547,18.799999237060547,17.549999237060547,17.799999237060547,874000,0.0,0.0
2024-03-04 00:00:00+08:00,17.75,17.799999237060547,16.850000381469727,17.649999618530273,962000,0.0,0.0
2024-03-05 00:00:00+08:00,18.0,18.0,17.299999237060547,17.600000381469727,554000,0.0,0.0
2024-03-06 00:00:00+08:00,17.600000381469727,18.0,17.200000762939453,17.399999618530273,425000,0.0,0.0
2024-03-07 00:00:00+08:00,17.649999618530273,17.649999618530273,16.75,16.75,396000,0.0,0.0
2024-03-08 00:00:00+08:00,16.75,16.75,15.100000381469727,15.100000381469727,632000,0.0,0.0
2024-03-11 00:00:00+08:00,15.199999809265137,15.75,14.899999618530273,14.899999618530273,294000,0.0,0.0
2024-03-12 00:00:00+08:00,14.949999809265137,15.699999809265137,14.949999809265137,15.399999618530273,219000,0.0,0.0
2024-03-13 00:00:00+08:00,15.399999618530273,15.399999618530273,15.399999618530273,15.399999618530273,0,0.0,0.0
2024-03-14 00:00:00+08:00,14.149999618530273,15.0,14.050000190734863,14.050000190734863,386000,0.0,0.0
2024-03-15 00:00:00+08:00,13.699999809265137,14.600000381469727,13.149999618530273,13.550000190734863,905000,0.0,0.0
2024-03-18 00:00:00+08:00,13.550000190734863,13.550000190734863,13.550000190734863,13.550000190734863,0,0.0,0.0
2024-03-19 00:00:00+08:00,14.050000190734863,14.149999618530273,13.350000381469727,13.600000381469727,406000,0.0,0.0
2024-03-20 00:00:00+08:00,13.600000381469727,13.600000381469727,13.600000381469727,13.600000381469727,0,0.0,0.0
2024-03-21 00:00:00+08:00,14.100000381469727,14.25,13.800000190734863,13.949999809265137,170000,0.0,0.0
2024-03-22 00:00:00+08:00,13.850000381469727,13.850000381469727,13.350000381469727,13.649999618530273,188000,0.0,0.0
2024-03-25 00:00:00+08:00,13.800000190734863,15.0,13.649999618530273,15.0,722000,0.0,0.0
2024-03-26 00:00:00+08:00,14.949999809265137,15.149999618530273,13.949999809265137,14.199999809265137,720000,0.0,0.0
2024-03-27 00:00:00+08:00,14.149999618530273,15.25,14.149999618530273,14.899999618530273,572000,0.0,0.0
2024-03-28 00:00:00+08:00,14.899999618530273,15.550000190734863,14.649999618530273,14.899999618530273,373000,0.0,0.0
2024-03-29 00:00:00+08:00,14.949999809265137,15.149999618530273,14.300000190734863,14.5,134000,0.0,0.0
2024-04-01 00:00:00+08:00,14.550000190734863,14.699999809265137,14.399999618530273,14.699999809265137,137000,0.0,0.0
2024-04-02 00:00:00+08:00,14.75,15.399999618530273,14.600000381469727,14.75,294000,0.0,0.0
2024-04-03 00:00:00+08:00,14.75,14.800000190734863,14.600000381469727,14.699999809265137,94000,0.0,0.0
2024-04-08 00:00:00+08:00,14.949999809265137,16.149999618530273,14.949999809265137,16.149999618530273,850000,0.0,0.0
2024-04-09 00:00:00+08:00,16.799999237060547,17.75,16.25,17.75,3570000,0.0,0.0
2024-04-10 00:00:00+08:00,17.75,18.399999618530273,16.25,16.450000762939453,2877000,0.0,0.0
2024-04-11 00:00:00+08:00,16.450000762939453,16.5,15.949999809265137,16.0,578000,0.0,0.0
2024-04-12 00:00:00+08:00,16.0,16.649999618530273,16.0,16.149999618530273,453000,0.0,0.0
2024-04-15 00:00:00+08:00,16.149999618530273,16.149999618530273,15.449999809265137,15.5,248000,0.0,0.0
2024-04-16 00:00:00+08:00,15.300000190734863,15.699999809265137,14.949999809265137,15.449999809265137,204000,0.0,0.0
2024-04-17 00:00:00+08:00,15.5,16.399999618530273,15.350000381469727,16.200000762939453,178000,0.0,0.0
2024-04-18 00:00:00+08:00,16.25,16.5,15.949999809265137,15.949999809265137,146000,0.0,0.0
2024-04-19 00:00:00+08:00,15.75,15.75,14.800000190734863,15.449999809265137,253000,0.0,0.0
2024-04-22 00:00:00+08:00,15.449999809265137,15.800000190734863,15.199999809265137,15.25,66000,0.0,0.0
2024-04-23 00:00:00+08:00,15.399999618530273,15.600000381469727,15.350000381469727,15.5,59000,0.0,0.0
2024-04-24 00:00:00+08:00,15.75,16.649999618530273,15.649999618530273,16.200000762939453,318000,0.0,0.0
2024-04-25 00:00:00+08:00,16.100000381469727,16.5,15.649999618530273,15.800000190734863,117000,0.0,0.0
2024-04-26 00:00:00+08:00,16.100000381469727,16.299999237060547,15.649999618530273,15.800000190734863,103000,0.0,0.0
2024-04-29 00:00:00+08:00,15.800000190734863,15.800000190734863,15.5,15.600000381469727,98000,0.0,0.0
2024-04-30 00:00:00+08:00,15.5,15.550000190734863,14.899999618530273,14.899999618530273,342000,0.0,0.0
2024-05-02 00:00:00+08:00,14.899999618530273,15.100000381469727,14.899999618530273,15.0,72000,0.0,0.0
2024-05-03 00:00:00+08:00,15.199999809265137,15.199999809265137,14.800000190734863,14.850000381469727,69000,0.0,0.0
2024-05-06 00:00:00+08:00,14.899999618530273,14.899999618530273,14.25,14.600000381469727,213000,0.0,0.0
2024-05-07 00:00:00+08:00,14.5,14.600000381469727,14.300000190734863,14.449999809265137,79000,0.0,0.0
2024-05-08 00:00:00+08:00,14.5,15.0,14.350000381469727,14.449999809265137,99000,0.0,0.0
2024-05-09 00:00:00+08:00,14.550000190734863,14.699999809265137,14.300000190734863,14.350000381469727,85000,0.0,0.0
2024-05-10 00:00:00+08:00,14.600000381469727,14.600000381469727,14.350000381469727,14.350000381469727,50000,0.0,0.0
2024-05-13 00:00:00+08:00,14.949999809265137,15.75,14.550000190734863,14.899999618530273,619000,0.0,0.0
2024-05-14 00:00:00+08:00,15.0,15.600000381469727,14.75,14.899999618530273,250000,0.0,0.0
2024-05-15 00:00:00+08:00,14.949999809265137,15.300000190734863,14.899999618530273,15.0,70000,0.0,0.0
2024-05-16 00:00:00+08:00,15.0,15.399999618530273,14.899999618530273,14.949999809265137,94000,0.0,0.0
2024-05-17 00:00:00+08:00,14.949999809265137,14.949999809265137,14.300000190734863,14.399999618530273,333000,0.0,0.0
2024-05-20 00:00:00+08:00,14.449999809265137,14.449999809265137,14.300000190734863,14.350000381469727,70000,0.0,0.0
2024-05-21 00:00:00+08:00,14.350000381469727,14.5,14.350000381469727,14.399999618530273,76000,0.0,0.0
2024-05-22 00:00:00+08:00,14.5,14.800000190734863,14.5,14.699999809265137,93000,0.0,0.0
2024-05-23 00:00:00+08:00,14.699999809265137,14.699999809265137,14.5,14.600000381469727,43000,0.0,0.0
2024-05-24 00:00:00+08:00,14.649999618530273,14.899999618530273,14.649999618530273,14.699999809265137,44000,0.0,0.0
2024-05-27 00:00:00+08:00,14.899999618530273,15.0,14.75,14.75,51000,0.0,0.0
2024-05-28 00:00:00+08:00,14.75,15.0,14.699999809265137,15.0,135000,0.0,0.0
2024-05-29 00:00:00+08:00,15.100000381469727,15.100000381469727,14.800000190734863,14.800000190734863,55000,0.0,0.0
2024-05-30 00:00:00+08:00,14.850000381469727,14.899999618530273,14.75,14.75,28000,0.0,0.0
2024-05-31 00:00:00+08:00,14.850000381469727,15.050000190734863,14.800000190734863,14.949999809265137,55000,0.0,0.0
2024-06-03 00:00:00+08:00,15.25,15.25,14.899999618530273,15.149999618530273,44000,0.0,0.0
2024-06-04 00:00:00+08:00,15.75,16.649999618530273,15.699999809265137,16.649999618530273,1043000,0.0,0.0
2024-06-05 00:00:00+08:00,17.950000762939453,18.299999237060547,16.100000381469727,16.600000381469727,4378000,0.0,0.0
2024-06-06 00:00:00+08:00,16.600000381469727,16.600000381469727,16.0,16.5,492000,0.0,0.0
2024-06-07 00:00:00+08:00,16.149999618530273,16.450000762939453,16.049999237060547,16.299999237060547,234000,0.0,0.0
2024-06-11 00:00:00+08:00,16.299999237060547,16.299999237060547,15.149999618530273,15.199999809265137,272000,0.0,0.0
2024-06-12 00:00:00+08:00,15.149999618530273,15.399999618530273,15.149999618530273,15.300000190734863,86000,0.0,0.0
2024-06-13 00:00:00+08:00,15.300000190734863,15.300000190734863,14.800000190734863,14.800000190734863,220000,0.0,0.0
2024-06-14 00:00:00+08:00,14.899999618530273,15.050000190734863,14.850000381469727,14.899999618530273,132000,0.0,0.0
2024-06-17 00:00:00+08:00,14.899999618530273,14.949999809265137,14.75,14.75,203000,0.0,0.0
2024-06-18 00:00:00+08:00,14.850000381469727,14.899999618530273,14.649999618530273,14.649999618530273,174000,0.0,0.0
2024-06-19 00:00:00+08:00,14.699999809265137,15.0,14.699999809265137,14.75,157000,0.0,0.0
2024-06-20 00:00:00+08:00,14.800000190734863,14.949999809265137,14.800000190734863,14.800000190734863,157000,0.0,0.0
2024-06-21 00:00:00+08:00,14.699999809265137,15.300000190734863,14.699999809265137,15.100000381469727,130000,0.0,0.0
2024-06-24 00:00:00+08:00,15.149999618530273,15.550000190734863,15.100000381469727,15.100000381469727,116000,0.0,0.0
2024-06-25 00:00:00+08:00,14.949999809265137,15.199999809265137,14.899999618530273,15.050000190734863,19000,0.0,0.0
2024-06-26 00:00:00+08:00,15.050000190734863,15.25,15.050000190734863,15.050000190734863,66000,0.0,0.0
2024-06-27 00:00:00+08:00,15.100000381469727,15.149999618530273,14.800000190734863,14.800000190734863,88000,0.0,0.0
2024-06-28 00:00:00+08:00,14.850000381469727,15.449999809265137,14.850000381469727,15.0,60000,0.0,0.0
2024-07-01 00:00:00+08:00,15.25,15.25,14.899999618530273,14.899999618530273,52000,0.0,0.0
2024-07-02 00:00:00+08:00,15.199999809265137,15.199999809265137,14.949999809265137,14.949999809265137,40000,0.0,0.0
2024-07-03 00:00:00+08:00,15.0,15.199999809265137,15.0,15.100000381469727,75000,0.0,0.0
2024-07-04 00:00:00+08:00,15.350000381469727,15.649999618530273,15.100000381469727,15.399999618530273,202000,0.0,0.0
2024-07-05 00:00:00+08:00,15.5,16.200000762939453,15.5,16.049999237060547,407000,0.0,0.0
2024-07-08 00:00:00+08:00,16.200000762939453,16.450000762939453,16.0,16.100000381469727,318000,0.0,0.0
2024-07-09 00:00:00+08:00,16.25,16.350000381469727,15.050000190734863,15.449999809265137,231000,0.0,0.0
2024-07-10 00:00:00+08:00,15.449999809265137,15.449999809265137,15.100000381469727,15.300000190734863,119000,0.0,0.0
2024-07-11 00:00:00+08:00,15.5,15.850000381469727,15.399999618530273,15.449999809265137,87000,0.0,0.0
2024-07-12 00:00:00+08:00,15.649999618530273,15.649999618530273,15.449999809265137,15.550000190734863,56000,0.0,0.0
2024-07-15 00:00:00+08:00,15.550000190734863,15.600000381469727,15.199999809265137,15.25,126000,0.0,0.0
2024-07-16 00:00:00+08:00,15.199999809265137,15.449999809265137,15.199999809265137,15.25,45000,0.0,0.0
2024-07-17 00:00:00+08:00,15.300000190734863,15.5,15.25,15.350000381469727,46000,0.0,0.0
2024-07-18 00:00:00+08:00,15.350000381469727,15.5,15.350000381469727,15.399999618530273,79000,0.0,0.0
2024-07-19 00:00:00+08:00,15.649999618530273,15.649999618530273,14.800000190734863,14.949999809265137,129000,0.0,0.0
2024-07-22 00:00:00+08:00,14.899999618530273,14.899999618530273,14.300000190734863,14.399999618530273,172000,0.0,0.0
2024-07-23 00:00:00+08:00,14.699999809265137,14.949999809265137,14.699999809265137,14.75,63000,0.0,0.0
2024-07-26 00:00:00+08:00,14.699999809265137,15.649999618530273,14.600000381469727,14.949999809265137,143000,0.0,0.0
2024-07-29 00:00:00+08:00,14.949999809265137,15.0,14.5,14.5,133000,0.0,0.0
2024-07-30 00:00:00+08:00,14.5,14.699999809265137,14.25,14.699999809265137,47000,0.0,0.0
2024-07-31 00:00:00+08:00,14.699999809265137,14.699999809265137,14.350000381469727,14.5,61000,0.0,0.0
2024-08-01 00:00:00+08:00,14.699999809265137,14.800000190734863,14.649999618530273,14.75,20000,0.0,0.0
2024-08-02 00:00:00+08:00,14.5,14.5,14.399999618530273,14.399999618530273,7000,0.0,0.0
2024-08-05 00:00:00+08:00,14.300000190734863,14.300000190734863,13.100000381469727,13.399999618530273,194000,0.0,0.0
2024-08-06 00:00:00+08:00,13.449999809265137,13.850000381469727,13.399999618530273,13.600000381469727,42000,0.0,0.0
2024-08-07 00:00:00+08:00,14.550000190734863,14.550000190734863,14.0,14.149999618530273,13000,0.0,0.0
2024-08-08 00:00:00+08:00,13.75,14.149999618530273,13.75,14.149999618530273,6000,0.0,0.0
2024-08-09 00:00:00+08:00,14.199999809265137,14.5,14.199999809265137,14.199999809265137,18000,0.0,0.0
2024-08-12 00:00:00+08:00,14.5,14.75,14.5,14.600000381469727,26000,0.0,0.0
2024-08-13 00:00:00+08:00,14.600000381469727,14.949999809265137,14.600000381469727,14.899999618530273,11000,0.0,0.0
2024-08-14 00:00:00+08:00,15.100000381469727,15.300000190734863,14.899999618530273,14.899999618530273,113000,0.0,0.0
2024-08-15 00:00:00+08:00,14.899999618530273,14.899999618530273,14.75,14.899999618530273,4000,0.0,0.0
2024-08-16 00:00:00+08:00,15.050000190734863,15.25,15.0,15.199999809265137,81000,0.0,0.0
2024-08-19 00:00:00+08:00,15.199999809265137,15.300000190734863,15.050000190734863,15.149999618530273,23000,0.0,0.0
2024-08-20 00:00:00+08:00,15.399999618530273,15.399999618530273,14.899999618530273,14.949999809265137,48000,0.0,0.0
2024-08-21 00:00:00+08:00,14.850000381469727,14.899999618530273,14.850000381469727,14.899999618530273,9000,0.0,0.0
2024-08-22 00:00:00+08:00,14.850000381469727,14.899999618530273,14.800000190734863,14.800000190734863,17000,0.0,0.0
2024-08-23 00:00:00+08:00,14.75,14.75,14.699999809265137,14.699999809265137,5000,0.0,0.0
2024-08-26 00:00:00+08:00,14.699999809265137,15.050000190734863,14.699999809265137,14.899999618530273,20000,0.0,0.0
2024-08-27 00:00:00+08:00,14.899999618530273,14.899999618530273,14.699999809265137,14.75,13000,0.0,0.0
2024-08-28 00:00:00+08:00,14.699999809265137,14.899999618530273,14.699999809265137,14.699999809265137,13000,0.0,0.0
2024-08-29 00:00:00+08:00,14.699999809265137,15.0,14.600000381469727,14.800000190734863,21000,0.0,0.0
2024-08-30 00:00:00+08:00,14.800000190734863,14.850000381469727,14.800000190734863,14.850000381469727,22000,0.0,0.0
2024-09-02 00:00:00+08:00,14.850000381469727,14.899999618530273,14.75,14.75,9000,0.0,0.0
2024-09-03 00:00:00+08:00,14.75,14.800000190734863,14.649999618530273,14.75,12000,0.0,0.0
2024-09-04 00:00:00+08:00,14.600000381469727,14.649999618530273,14.25,14.5,17000,0.0,0.0
2024-09-05 00:00:00+08:00,14.550000190734863,14.649999618530273,14.550000190734863,14.600000381469727,4000,0.0,0.0
2024-09-06 00:00:00+08:00,14.600000381469727,14.600000381469727,14.25,14.5,9000,0.0,0.0
2024-09-09 00:00:00+08:00,13.649999618530273,14.300000190734863,13.649999618530273,14.300000190734863,16000,0.0,0.0
2024-09-10 00:00:00+08:00,14.449999809265137,15.699999809265137,14.399999618530273,15.699999809265137,452000,0.0,0.0
2024-09-11 00:00:00+08:00,15.149999618530273,15.5,14.949999809265137,15.100000381469727,329000,0.0,0.0
2024-09-12 00:00:00+08:00,15.050000190734863,16.0,15.050000190734863,15.300000190734863,208000,0.0,0.0
2024-09-13 00:00:00+08:00,15.350000381469727,16.149999618530273,15.350000381469727,15.949999809265137,311000,0.0,0.0
2024-09-16 00:00:00+08:00,16.299999237060547,16.5,15.800000190734863,15.850000381469727,99000,0.0,0.0
2024-09-18 00:00:00+08:00,15.800000190734863,15.899999618530273,15.649999618530273,15.899999618530273,83000,0.0,0.0
2024-09-19 00:00:00+08:00,15.949999809265137,16.799999237060547,15.899999618530273,16.799999237060547,449000,0.0,0.0
2024-09-20 00:00:00+08:00,18.200000762939453,18.200000762939453,16.0,16.299999237060547,561000,0.0,0.0
2024-09-23 00:00:00+08:00,16.75,17.0,16.149999618530273,16.450000762939453,262000,0.0,0.0
2024-09-24 00:00:00+08:00,16.75,16.850000381469727,16.299999237060547,16.600000381469727,181000,0.0,0.0
2024-09-25 00:00:00+08:00,16.850000381469727,17.5,16.850000381469727,17.25,343000,0.0,0.0
2024-09-26 00:00:00+08:00,17.649999618530273,17.799999237060547,16.850000381469727,16.950000762939453,171000,0.0,0.0
2024-09-27 00:00:00+08:00,15.850000381469727,16.350000381469727,15.5,16.0,363000,0.0,0.0
2024-09-30 00:00:00+08:00,16.100000381469727,16.100000381469727,15.699999809265137,15.899999618530273,47000,0.0,0.0
2024-10-01 00:00:00+08:00,15.850000381469727,15.850000381469727,15.600000381469727,15.600000381469727,49000,0.0,0.0
2024-10-04 00:00:00+08:00,15.600000381469727,16.450000762939453,15.199999809265137,16.0,204000,0.0,0.0
2024-10-07 00:00:00+08:00,16.0,16.200000762939453,15.850000381469727,15.899999618530273,58000,0.0,0.0
2024-10-08 00:00:00+08:00,15.899999618530273,15.899999618530273,15.699999809265137,15.75,18000,0.0,0.0
2024-10-09 00:00:00+08:00,15.800000190734863,16.450000762939453,15.75,16.399999618530273,81000,0.0,0.0
2024-10-11 00:00:00+08:00,16.450000762939453,16.549999237060547,16.049999237060547,16.049999237060547,110000,0.0,0.0
