Date,Open,High,Low,Close,Volume,Dividends,Stock Splits
2006-04-28 00:00:00+08:00,1.5151173432519713,1.5151173432519713,1.4332192580053527,1.474168300628662,159666,0.0,0.0
2006-05-01 00:00:00+08:00,1.474168300628662,1.474168300628662,1.474168300628662,1.474168300628662,0,0.0,0.0
2006-05-02 00:00:00+08:00,1.4741682408142422,1.4741682408142422,1.422981858253479,1.422981858253479,108333,0.0,0.0
2006-05-03 00:00:00+08:00,1.433219288330373,1.433219288330373,1.3820329026096847,1.4025074243545532,325333,0.0,0.0
2006-05-04 00:00:00+08:00,1.412744849561801,1.412744849561801,1.3922703266143799,1.3922703266143799,441666,0.0,0.0
2006-05-05 00:00:00+08:00,1.3820331633433631,1.3922705075056867,1.3001343286862412,1.3206088542938232,451666,0.0,0.0
2006-05-08 00:00:00+08:00,1.3308459378175286,1.3717956343845636,1.3103714149680976,1.3615577220916748,241999,0.0,0.0
2006-05-09 00:00:00+08:00,1.3615575953602743,1.4434564113616946,1.3615575953602743,1.4434564113616943,260333,0.0,0.0
2006-05-10 00:00:00+08:00,1.4434564149122324,1.5355918407440186,1.4434564149122324,1.5355918407440186,601666,0.0,0.0
2006-05-11 00:00:00+08:00,1.5458294366905436,1.5970158289478154,1.5048803879715482,1.5765413045883179,730332,0.0,0.0
2006-05-12 00:00:00+08:00,1.5765413045883179,1.5765413045883179,1.5765413045883179,1.5765413045883179,0,0.0,0.0
2006-05-15 00:00:00+08:00,1.525354488681799,1.6789134600873632,1.525354488681799,1.5867780447006226,970665,0.0,0.0
2006-05-16 00:00:00+08:00,1.6174904265719923,1.6174904265719923,1.4229821922708767,1.5253549814224243,781332,0.0,0.0
2006-05-17 00:00:00+08:00,1.535592093152267,1.5970158289478154,1.535592093152267,1.5765413045883179,302333,0.0,0.0
2006-05-18 00:00:00+08:00,1.5253546616055027,1.5458291825995631,1.4946427987558977,1.5355918407440186,405666,0.0,0.0
2006-05-19 00:00:00+08:00,1.5355920126761224,1.5458293556778882,1.5048803091049194,1.5048803091049194,197999,0.0,0.0
2006-05-22 00:00:00+08:00,1.5048802769814296,1.5151174570476234,1.3513204606669593,1.3615577220916748,238333,0.0,0.0
2006-05-23 00:00:00+08:00,1.4025075657585504,1.4639311371860195,1.35132052400893,1.4332194328308105,240333,0.0,0.0
2006-05-24 00:00:00+08:00,1.453693895456643,1.453693895456643,1.3922703266143799,1.3922703266143799,182999,0.0,0.0
2006-05-25 00:00:00+08:00,1.3717955851436916,1.422981971788445,1.289896845817566,1.289896845817566,4107662,0.0,0.0
2006-05-26 00:00:00+08:00,1.3308458900465536,1.3308458900465536,1.2796595034018001,1.289896845817566,311999,0.0,0.0
2006-05-29 00:00:00+08:00,1.2898970181267255,1.3001342805515035,1.2694224119186401,1.2694224119186401,93333,0.0,0.0
2006-05-30 00:00:00+08:00,1.2591848965176593,1.3103712797164917,1.2489476361495955,1.3103712797164917,163333,0.0,0.0
2006-05-31 00:00:00+08:00,1.2694223375852034,1.2694223375852034,1.2489478139345722,1.2591850757598877,424332,0.0,0.0
2006-06-01 00:00:00+08:00,1.279659674343418,1.279659674343418,1.2591851494938622,1.2694224119186401,176666,0.0,0.0
2006-06-02 00:00:00+08:00,1.279659674343418,1.3308460678258371,1.2694224119186401,1.2694224119186401,155666,0.0,0.0
2006-06-05 00:00:00+08:00,1.2796595994105189,1.2796595994105189,1.2591850757598877,1.2591850757598877,69666,0.0,0.0
2006-06-06 00:00:00+08:00,1.2591850757598877,1.2694223375852034,1.2387105521092567,1.2591850757598877,170333,0.0,0.0
2006-06-07 00:00:00+08:00,1.2387107148494405,1.2489479780197144,1.2284734516791669,1.2489479780197144,138666,0.0,0.0
2006-06-08 00:00:00+08:00,1.2489475312953138,1.2591847908039175,1.146574854850769,1.146574854850769,246999,0.0,0.0
2006-06-09 00:00:00+08:00,1.1568123462269047,1.1568123462269047,1.0339651261420735,1.0851514339447021,673999,0.0,0.0
2006-06-12 00:00:00+08:00,1.0646768950040517,1.0646768950040517,1.0134905066034583,1.0339651107788086,203333,0.0,0.0
2006-06-13 00:00:00+08:00,1.0134902594750277,1.0237275183871994,0.9008803300826378,0.9315921068191528,699332,0.0,0.0
2006-06-14 00:00:00+08:00,0.9111177730658986,1.0032532032478603,0.8804059901247506,0.9520668983459473,833332,0.0,0.0
2006-06-15 00:00:00+08:00,1.0032533264040997,1.0339651944738584,0.962304277455792,0.9930160641670227,632999,0.0,0.0
2006-06-16 00:00:00+08:00,1.0442025468423777,1.0851515993252459,1.0237279392424086,1.0749143362045288,704665,0.0,0.0
2006-06-19 00:00:00+08:00,1.0749143560767793,1.0749143560767793,1.0339653028368743,1.0442025661468506,207666,0.0,0.0
2006-06-20 00:00:00+08:00,1.0339651404820138,1.054439663887024,1.0237277974209849,1.054439663887024,97999,0.0,0.0
2006-06-21 00:00:00+08:00,1.0544396778619964,1.1158632488911016,1.0544396778619964,1.1056259870529175,396332,0.0,0.0
2006-06-22 00:00:00+08:00,1.146574920681684,1.1875239610671997,1.146574920681684,1.1875239610671997,932665,0.0,0.0
2006-06-23 00:00:00+08:00,1.1772869687371095,1.2694224119186401,1.1670497063123315,1.2694224119186401,567332,0.0,0.0
2006-06-26 00:00:00+08:00,1.2694222423445531,1.3206086289893066,1.2694222423445531,1.289896845817566,396666,0.0,0.0
2006-06-27 00:00:00+08:00,1.3103714510159032,1.3103714510159032,1.1977614095291318,1.2079987525939941,280333,0.0,0.0
2006-06-28 00:00:00+08:00,1.1670497912989888,1.2489479780197144,1.1670497912989888,1.2489479780197144,167666,0.0,0.0
2006-06-29 00:00:00+08:00,1.2489479780197144,1.2694225043602618,1.2387107148494405,1.2489479780197144,199666,0.0,0.0
2006-06-30 00:00:00+08:00,1.2898969119195194,1.3001341735013843,1.2387105226516724,1.2387105226516724,366332,0.0,0.0
2006-07-03 00:00:00+08:00,1.2284734516791669,1.2489479780197144,1.218236188508893,1.2489479780197144,216666,0.0,0.0
2006-07-04 00:00:00+08:00,1.2489478139345722,1.2694223375852034,1.2489478139345722,1.2591850757598877,604666,0.0,0.0
2006-07-05 00:00:00+08:00,1.259185241189988,1.3001343752296186,1.2489479780197144,1.2489479780197144,497999,0.0,0.0
2006-07-06 00:00:00+08:00,1.2489477202300592,1.289896845817566,1.2182359370583185,1.289896845817566,492332,0.0,0.0
2006-07-07 00:00:00+08:00,1.3103715429762812,1.3103715429762812,1.2694224119186401,1.2694224119186401,243333,0.0,0.0
2006-07-10 00:00:00+08:00,1.2694224119186401,1.279659674343418,1.2591851494938622,1.2694224119186401,210666,0.0,0.0
2006-07-11 00:00:00+08:00,1.2796597675305355,1.2796597675305355,1.2489479780197144,1.2489479780197144,243999,0.0,0.0
2006-07-12 00:00:00+08:00,1.259185241189988,1.259185241189988,1.2387107148494405,1.2489479780197144,189666,0.0,0.0
2006-07-13 00:00:00+08:00,1.2489477535341496,1.2489477535341496,1.218235969543457,1.218235969543457,128333,0.0,0.0
2006-07-14 00:00:00+08:00,1.1977615076258576,1.1977615076258576,1.1465751949020035,1.177286982536316,520332,0.0,0.0
2006-07-17 00:00:00+08:00,1.1261005615453277,1.1261005615453277,1.0851514339447021,1.0851514339447021,237999,0.0,0.0
2006-07-18 00:00:00+08:00,1.0953886955052277,1.146575084666379,1.0851514339447021,1.0851514339447021,214666,0.0,0.0
2006-07-19 00:00:00+08:00,1.1363380241585137,1.1363380241585137,1.0953888893127441,1.0953888893127441,679665,0.0,0.0
2006-07-20 00:00:00+08:00,1.1261007331666493,1.1363379962873663,1.0544398099630947,1.0749143362045288,1173998,0.0,0.0
2006-07-21 00:00:00+08:00,1.074914187292034,1.074914187292034,1.0442024021845189,1.054439663887024,460666,0.0,0.0
2006-07-24 00:00:00+08:00,1.0544397189480124,1.0544397189480124,0.9520670152187151,0.9930160641670227,866999,0.0,0.0
2006-07-25 00:00:00+08:00,1.0134904509421656,1.0134904509421656,0.9623041467112654,0.9827786684036255,973665,0.0,0.0
2006-07-26 00:00:00+08:00,0.9725415565235864,0.9827788189378285,0.9623042941093444,0.9623042941093445,131333,0.0,0.0
2006-07-27 00:00:00+08:00,0.982778722378215,1.044202372187223,0.982778722378215,1.0339651107788086,788332,0.0,0.0
2006-07-28 00:00:00+08:00,1.0442025468423777,1.095388862445963,1.0442025468423777,1.0749143362045288,974665,0.0,0.0
2006-07-31 00:00:00+08:00,1.0953887873010644,1.1056260497194939,1.0544397376273469,1.0646770000457764,325999,0.0,0.0
2006-08-01 00:00:00+08:00,1.064676925589529,1.074914187292034,1.054439663887024,1.054439663887024,220666,0.0,0.0
2006-08-02 00:00:00+08:00,1.0544397376273469,1.0749142624642056,1.0544397376273469,1.0646770000457764,165666,0.0,0.0
2006-08-03 00:00:00+08:00,1.0749142624642056,1.0749142624642056,1.0646770000457764,1.0646770000457764,217999,0.0,0.0
2006-08-04 00:00:00+08:00,1.0749143362045288,1.1363379962873663,1.0749143362045288,1.0749143362045288,2423664,0.0,0.0
2006-08-07 00:00:00+08:00,1.0749143362045288,1.095388862445963,1.0646770730838118,1.0749143362045288,225999,0.0,0.0
2006-08-08 00:00:00+08:00,0.8906436119218105,0.8906436119218105,0.7677962676723856,0.7780336141586304,12042321,0.0,0.0
2006-08-09 00:00:00+08:00,0.7780336141586304,0.7780336141586304,0.7780336141586304,0.7780336141586304,0,0.0,0.0
2006-08-10 00:00:00+08:00,0.7677960249181676,0.7780333681676694,0.7473215011362146,0.7575587630271912,2772997,0.0,0.0
2006-08-11 00:00:00+08:00,0.7575587630271912,0.7575587630271912,0.7575587630271912,0.7575587630271912,395666,0.0,0.0
2006-08-14 00:00:00+08:00,0.7677959784505031,0.7677959784505031,0.7268469333648682,0.7268469333648682,1040998,0.0,0.0
2006-08-15 00:00:00+08:00,0.7370842402245615,0.7370842402245615,0.7063724545108271,0.7166097164154053,1855998,0.0,0.0
2006-08-16 00:00:00+08:00,0.7268469051212155,0.7780332908477907,0.7268469051212155,0.7473214268684387,3379663,0.0,0.0
2006-08-17 00:00:00+08:00,0.7575587171790944,0.7677959784505031,0.7268469333648682,0.7268469333648682,1230665,0.0,0.0
2006-08-18 00:00:00+08:00,0.7677961245094104,0.8599315748376622,0.757558861290553,0.8496943116188049,10612989,0.0,0.0
2006-08-21 00:00:00+08:00,0.8804061826339128,0.9008807090716274,0.8394570483999476,0.8496943116188049,4062329,0.0,0.0
2006-08-22 00:00:00+08:00,0.85993149023694,0.911117882654006,0.8496942280252325,0.8906433582305908,3900329,0.0,0.0
2006-08-23 00:00:00+08:00,0.9008804227939641,0.9111176827596718,0.8701686428968411,0.8804059028625488,3033663,0.0,0.0
2006-08-24 00:00:00+08:00,0.880405981111595,0.880405981111595,0.8394568562507629,0.8394568562507629,1127665,0.0,0.0
2006-08-25 00:00:00+08:00,0.8496941171263416,0.8599313780019203,0.8394568562507629,0.8394568562507629,959332,0.0,0.0
2006-08-28 00:00:00+08:00,0.8496942406684423,0.8496942406684423,0.7985079288482666,0.7985079288482666,1039665,0.0,0.0
2006-08-29 00:00:00+08:00,0.8189824223518372,0.8394569462992963,0.8087451603781075,0.8189824223518372,1014998,0.0,0.0
2006-08-30 00:00:00+08:00,0.829219715940372,0.829219715940372,0.7985079288482666,0.7985079288482666,875332,0.0,0.0
2006-08-31 00:00:00+08:00,0.8087450265884399,0.8189822868686325,0.8087450265884399,0.8087450265884399,639332,0.0,0.0
2006-09-01 00:00:00+08:00,0.8087451912123017,0.8087451912123017,0.7985079288482666,0.7985079288482666,418999,0.0,0.0
2006-09-04 00:00:00+08:00,0.8087451591713518,0.8701688122806032,0.7780333732959891,0.859931468963623,3691996,0.0,0.0
2006-09-05 00:00:00+08:00,0.8599313780019203,0.8599313780019203,0.8394568562507629,0.8394568562507629,764665,0.0,0.0
2006-09-06 00:00:00+08:00,0.8394569462992963,0.8394569462992963,0.8087451603781075,0.8189824223518372,787665,0.0,0.0
2006-09-07 00:00:00+08:00,0.8087451603781075,0.8189824223518372,0.798507898404378,0.8189824223518372,163666,0.0,0.0
2006-09-08 00:00:00+08:00,0.8189824223518372,0.8189824223518372,0.798507898404378,0.8189824223518372,197333,0.0,0.0
2006-09-11 00:00:00+08:00,0.8189824535763368,0.8189824535763368,0.7985079288482666,0.7985079288482666,812665,0.0,0.0
2006-09-12 00:00:00+08:00,0.8087451912123017,0.829219715940372,0.7985079288482666,0.7985079288482666,911332,0.0,0.0
2006-09-13 00:00:00+08:00,0.8189824535763368,0.8189824535763368,0.7985079288482666,0.7985079288482666,488332,0.0,0.0
2006-09-14 00:00:00+08:00,0.8087451766536565,0.8087451766536565,0.7882706522941589,0.7882706522941589,432332,0.0,0.0
2006-09-15 00:00:00+08:00,0.7985077663082474,0.8087450265884399,0.7882705060280548,0.8087450265884399,243666,0.0,0.0
2006-09-18 00:00:00+08:00,0.8001958727836609,0.8207136780460831,0.8001958727836609,0.8001958727836609,739332,0.0025,0.0
2006-09-19 00:00:00+08:00,0.810454775414872,0.810454775414872,0.8001958727836609,0.8001958727836609,338666,0.0,0.0
2006-09-20 00:00:00+08:00,0.8001959829969892,0.8001959829969892,0.7899370789527893,0.7899370789527893,241999,0.0,0.0
2006-09-21 00:00:00+08:00,0.8001960349374777,0.8001960349374777,0.7796782255172728,0.779678225517273,878999,0.0,0.0
2006-09-22 00:00:00+08:00,0.7796782392943754,0.7796782392943754,0.769419252872467,0.769419252872467,264666,0.0,0.0
2006-09-25 00:00:00+08:00,0.7694192973660422,0.7694192973660422,0.7489014863967896,0.7489014863967896,346999,0.0,0.0
2006-09-26 00:00:00+08:00,0.7489014863967896,0.7694192973660422,0.7489014863967896,0.7489014863967896,405999,0.0,0.0
2006-09-27 00:00:00+08:00,0.7694192973660422,0.7694192973660422,0.7489014863967896,0.7489014863967896,226666,0.0,0.0
2006-09-28 00:00:00+08:00,0.7489014863967896,0.7591603918814159,0.7489014863967896,0.7489014863967896,330333,0.0,0.0
2006-09-29 00:00:00+08:00,0.748901478736317,0.748901478736317,0.7283836679769399,0.7386425733566284,277333,0.0,0.0
2006-10-02 00:00:00+08:00,0.7386424446999715,0.7386424446999715,0.7181246375143838,0.7283835411071777,216333,0.0,0.0
2006-10-03 00:00:00+08:00,0.7283836826767668,0.7591603994369507,0.7283836826767668,0.7591603994369507,587332,0.0,0.0
2006-10-04 00:00:00+08:00,0.7694192973660422,0.7694192973660422,0.7386425809121632,0.7489014863967896,204333,0.0,0.0
2006-10-05 00:00:00+08:00,0.7386425733566284,0.7591603841160055,0.7386425733566284,0.7386425733566284,174333,0.0,0.0
2006-10-06 00:00:00+08:00,0.7386425733566284,0.7386425733566284,0.7386425733566284,0.7386425733566284,150666,0.0,0.0
2006-10-09 00:00:00+08:00,0.748901478736317,0.748901478736317,0.7386425733566284,0.7386425733566284,269999,0.0,0.0
2006-10-10 00:00:00+08:00,0.748901478736317,0.7591603841160055,0.7386425733566284,0.7386425733566284,365999,0.0,0.0
2006-10-11 00:00:00+08:00,0.748901478736317,0.748901478736317,0.7386425733566284,0.7386425733566284,260666,0.0,0.0
2006-10-12 00:00:00+08:00,0.7386425733566284,0.7386425733566284,0.7386425733566284,0.7386425733566284,204333,0.0,0.0
2006-10-13 00:00:00+08:00,0.7386425733566284,0.748901478736317,0.7283836679769399,0.7386425733566284,165999,0.0,0.0
2006-10-16 00:00:00+08:00,0.7386424446999715,0.7386424446999715,0.7283835411071777,0.7283835411071777,126333,0.0,0.0
2006-10-17 00:00:00+08:00,0.7283834710687103,0.7283834710687103,0.7181245684623718,0.7181245684623718,160999,0.0,0.0
2006-10-18 00:00:00+08:00,0.7181246375143838,0.7283835411071777,0.7181246375143838,0.7283835411071777,236333,0.0,0.0
2006-10-19 00:00:00+08:00,0.7283834710687103,0.7283834710687103,0.7181245684623718,0.7181245684623718,197999,0.0,0.0
2006-10-20 00:00:00+08:00,0.7283835411071777,0.7386424446999715,0.7283835411071777,0.7283835411071777,256666,0.0,0.0
2006-10-23 00:00:00+08:00,0.7283834710687103,0.7283834710687103,0.7181245684623718,0.7181245684623718,57666,0.0,0.0
2006-10-24 00:00:00+08:00,0.7181245684623718,0.7181245684623718,0.7181245684623718,0.7181245684623718,0,0.0,0.0
2006-10-25 00:00:00+08:00,0.7181247997512487,0.7283837056617075,0.7078658938407898,0.7078658938407898,172333,0.0,0.0
2006-10-26 00:00:00+08:00,0.7181247770900387,0.7694193050236786,0.7181247770900387,0.7591603994369507,1471665,0.0,0.0
2006-10-27 00:00:00+08:00,0.7591603841160055,0.7591603841160055,0.7386425733566284,0.7386425733566284,185999,0.0,0.0
2006-10-30 00:00:00+08:00,0.748901478736317,0.748901478736317,0.7283836679769399,0.7386425733566284,140999,0.0,0.0
2006-10-31 00:00:00+08:00,0.7386424446999715,0.7386424446999715,0.7181246375143838,0.7283835411071777,164999,0.0,0.0
2006-11-01 00:00:00+08:00,0.7386424446999715,0.7386424446999715,0.7181246375143838,0.7283835411071777,466332,0.0,0.0
2006-11-02 00:00:00+08:00,0.7181246375143838,0.7283835411071777,0.7181246375143838,0.7283835411071777,229333,0.0,0.0
2006-11-03 00:00:00+08:00,0.7181245684623718,0.7181245684623718,0.7078656658560333,0.7181245684623718,229999,0.0,0.0
2006-11-06 00:00:00+08:00,0.7181247625972513,0.7591603841160055,0.7181247625972513,0.7386425733566284,542999,0.0,0.0
2006-11-07 00:00:00+08:00,0.7489012762813873,0.7489012762813873,0.7181245684623718,0.7181245684623718,320666,0.0,0.0
2006-11-08 00:00:00+08:00,0.7181246375143838,0.7283835411071777,0.7181246375143838,0.7283835411071777,143999,0.0,0.0
2006-11-09 00:00:00+08:00,0.7181247997512487,0.7181247997512487,0.7078658938407898,0.7078658938407898,104333,0.0,0.0
2006-11-10 00:00:00+08:00,0.7181247997512487,0.7181247997512487,0.7078658938407898,0.7078658938407898,133666,0.0,0.0
2006-11-13 00:00:00+08:00,0.7078658908403186,0.7078658908403186,0.6668295335975952,0.6770884394645691,492999,0.0,0.0
2006-11-14 00:00:00+08:00,0.677088209854889,0.677088209854889,0.6360525595374639,0.6463114619255066,669332,0.0,0.0
2006-11-15 00:00:00+08:00,0.6463114619255066,0.6668293074668464,0.6463114619255066,0.6463114619255066,213333,0.0,0.0
2006-11-16 00:00:00+08:00,0.6463115586045979,0.6668294072151184,0.6463115586045979,0.6668294072151184,161333,0.0,0.0
2006-11-17 00:00:00+08:00,0.6565703643135493,0.6565703643135493,0.6360525595374639,0.6463114619255066,361666,0.0,0.0
2006-11-20 00:00:00+08:00,0.6463117477172384,0.6463117477172384,0.6257939338684082,0.6257939338684082,251333,0.0,0.0
2006-11-21 00:00:00+08:00,0.6257938401191497,0.6257938401191497,0.5950170831912529,0.6052759885787964,452999,0.0,0.0
2006-11-22 00:00:00+08:00,0.6155349227321892,0.6873479975758343,0.6052760168652154,0.6770884394645691,2270664,0.0,0.0
2006-11-23 00:00:00+08:00,0.6873478293418884,0.6976068142284291,0.6770882737417324,0.6873478293418884,1362331,0.0,0.0
2006-11-24 00:00:00+08:00,0.6976069879303308,0.7181247997512487,0.6976069879303308,0.7078658938407898,871332,0.0,0.0
2006-11-27 00:00:00+08:00,0.7181247924118498,0.7181247924118498,0.6976069808006287,0.6976069808006287,242999,0.0,0.0
2006-11-28 00:00:00+08:00,0.6873479975758343,0.6873479975758343,0.6668295335975952,0.6770884394645691,239333,0.0,0.0
2006-11-29 00:00:00+08:00,0.6770883111377484,0.6873478673045461,0.6668294072151184,0.6668294072151184,311333,0.0,0.0
2006-11-30 00:00:00+08:00,0.6770884394645691,0.6873479975758343,0.6770884394645691,0.6770884394645691,444999,0.0,0.0
2006-12-01 00:00:00+08:00,0.6770884394645691,0.6873479975758343,0.6668295335975952,0.6770884394645691,155666,0.0,0.0
2006-12-04 00:00:00+08:00,0.6770883111377484,0.6770883111377484,0.6668294072151184,0.6668294072151184,160999,0.0,0.0
2006-12-05 00:00:00+08:00,0.6668295335975952,0.6873479975758343,0.6668295335975952,0.6770884394645691,238999,0.0,0.0
2006-12-06 00:00:00+08:00,0.6770884394645691,0.6770884394645691,0.6770884394645691,0.6770884394645691,129666,0.0,0.0
2006-12-07 00:00:00+08:00,0.6770884052417623,0.6770884052417623,0.656570553779602,0.656570553779602,149999,0.0,0.0
2006-12-08 00:00:00+08:00,0.6565703643135493,0.6565703643135493,0.6463114619255066,0.6463114619255066,189999,0.0,0.0
2006-12-11 00:00:00+08:00,0.656570553779602,0.6668294998933153,0.6463116484311551,0.656570553779602,190333,0.0,0.0
2006-12-12 00:00:00+08:00,0.6463114619255066,0.6463114619255066,0.6463114619255066,0.6463114619255066,65999,0.0,0.0
2006-12-13 00:00:00+08:00,0.6360528407928233,0.6360528407928233,0.6257939338684082,0.6257939338684082,98333,0.0,0.0
2006-12-14 00:00:00+08:00,0.6360525595374639,0.6565703643135493,0.6257936571494211,0.6463114619255066,70999,0.0,0.0
2006-12-15 00:00:00+08:00,0.656570462527228,0.6668294072151184,0.6463115586045979,0.6668294072151184,125333,0.0,0.0
2006-12-18 00:00:00+08:00,0.6565703643135493,0.6565703643135493,0.6463114619255066,0.6463114619255066,81666,0.0,0.0
2006-12-19 00:00:00+08:00,0.6360528407928233,0.6463117477172384,0.6257939338684082,0.6257939338684082,181999,0.0,0.0
2006-12-20 00:00:00+08:00,0.6360525595374639,0.6463114619255066,0.6360525595374639,0.6463114619255066,79666,0.0,0.0
2006-12-21 00:00:00+08:00,0.6360528407928233,0.6360528407928233,0.6257939338684082,0.6257939338684082,79666,0.0,0.0
2006-12-22 00:00:00+08:00,0.6360527276992798,0.6360527276992798,0.6360527276992798,0.6360527276992798,48333,0.0,0.0
2006-12-26 00:00:00+08:00,0.6257937507593379,0.6668294072151184,0.6257937507593379,0.6668294072151184,320333,0.0,0.0
2006-12-27 00:00:00+08:00,0.6770884394645691,0.6873479975758343,0.6770884394645691,0.6770884394645691,494666,0.0,0.0
2006-12-28 00:00:00+08:00,0.6873478293418884,0.6976068142284291,0.6770882737417324,0.6873478293418884,389332,0.0,0.0
2006-12-29 00:00:00+08:00,0.6873479975758343,0.6873479975758343,0.6770884394645691,0.6770884394645691,242333,0.0,0.0
2007-01-03 00:00:00+08:00,0.6873478293418884,0.6873478293418884,0.6770882737417324,0.6873478293418884,199666,0.0,0.0
2007-01-04 00:00:00+08:00,0.6873478673045461,0.6976068527576971,0.656570462527228,0.6668294072151184,245666,0.0,0.0
2007-01-05 00:00:00+08:00,0.6463116484311551,0.656570553779602,0.6463116484311551,0.656570553779602,231999,0.0,0.0
2007-01-08 00:00:00+08:00,0.6360525595374639,0.6565703643135493,0.6360525595374639,0.6463114619255066,307999,0.0,0.0
2007-01-09 00:00:00+08:00,0.6463116327996072,0.6463116327996072,0.6360527276992798,0.6360527276992798,234333,0.0,0.0
2007-01-10 00:00:00+08:00,0.6360526302314616,0.6360526302314616,0.615534782409668,0.615534782409668,449666,0.0,0.0
2007-01-11 00:00:00+08:00,0.6257937267031942,0.6257937267031942,0.6052758788814006,0.615534782409668,259666,0.0,0.0
2007-01-12 00:00:00+08:00,0.6257938225989523,0.6360527276992798,0.6155348767333597,0.6360527276992798,209999,0.0,0.0
2007-01-15 00:00:00+08:00,0.6155348939663399,0.6155348939663399,0.5847581778037093,0.6052759885787964,1205998,0.0,0.0
2007-01-16 00:00:00+08:00,0.6155349477098145,0.6155349477098145,0.59501713514328,0.59501713514328,455999,0.0,0.0
2007-01-17 00:00:00+08:00,0.59501713514328,0.6257938947583517,0.59501713514328,0.59501713514328,1411998,0.0,0.0
2007-01-18 00:00:00+08:00,0.5950170831912529,0.6052759885787964,0.5950170831912529,0.6052759885787964,506666,0.0,0.0
2007-01-19 00:00:00+08:00,0.5950170831912529,0.6155348939663399,0.5950170831912529,0.6052759885787964,845665,0.0,0.0
2007-01-22 00:00:00+08:00,0.615534782409668,0.6257937267031942,0.6052758788814006,0.615534782409668,1290332,0.0,0.0
2007-01-23 00:00:00+08:00,0.6155348939663399,0.6155348939663399,0.5950170831912529,0.6052759885787964,684332,0.0,0.0
2007-01-24 00:00:00+08:00,0.6052760414265472,0.6052760414265472,0.59501713514328,0.59501713514328,907665,0.0,0.0
2007-01-25 00:00:00+08:00,0.59501713514328,0.6052760414265472,0.5847582288600127,0.59501713514328,1093332,0.0,0.0
2007-01-26 00:00:00+08:00,0.6052760414265472,0.6052760414265472,0.5847582288600127,0.59501713514328,659332,0.0,0.0
2007-01-29 00:00:00+08:00,0.5950170676175051,0.6155348778555668,0.5847581624984741,0.5847581624984741,882665,0.0,0.0
2007-01-30 00:00:00+08:00,0.59501713514328,0.59501713514328,0.5847582288600127,0.59501713514328,428666,0.0,0.0
2007-01-31 00:00:00+08:00,0.5847580139220633,0.5847580139220633,0.5744990706443787,0.5744990706443787,364332,0.0,0.0
2007-02-01 00:00:00+08:00,0.5847581883277709,0.5847581883277709,0.5642403364181519,0.5642403364181519,363999,0.0,0.0
2007-02-02 00:00:00+08:00,0.5642401972108118,0.5744991002519475,0.54372239112854,0.54372239112854,890332,0.0,0.0
2007-02-05 00:00:00+08:00,0.5437224746522319,0.5539813792692848,0.5232046246528625,0.5232046246528625,936665,0.0,0.0
2007-02-06 00:00:00+08:00,0.5334635376930237,0.5437224832373233,0.5129457281349523,0.5334635376930237,960999,0.0,0.0
2007-02-07 00:00:00+08:00,0.5334635292699156,0.5334635292699156,0.5232046246528625,0.5232046246528625,867332,0.0,0.0
2007-02-08 00:00:00+08:00,0.5232046246528625,0.5334635292699156,0.5232046246528625,0.5232046246528625,220666,0.0,0.0
2007-02-09 00:00:00+08:00,0.523204676858029,0.523204676858029,0.5129457712173462,0.5129457712173462,265999,0.0,0.0
2007-02-12 00:00:00+08:00,0.5129457712173462,0.5129457712173462,0.5129457712173462,0.5129457712173462,324666,0.0,0.0
2007-02-13 00:00:00+08:00,0.5129456626695131,0.5129456626695131,0.49242785573005676,0.49242785573005676,397999,0.0,0.0
2007-02-14 00:00:00+08:00,0.5026867295810362,0.5026867295810362,0.48216888308525085,0.48216888308525085,407332,0.0,0.0
2007-02-15 00:00:00+08:00,0.49242797158887214,0.49242797158887214,0.47191011905670166,0.47191011905670166,180333,0.0,0.0
2007-02-16 00:00:00+08:00,0.48216888308525085,0.4924278267157717,0.47190998021998637,0.48216888308525085,136333,0.0,0.0
2007-02-21 00:00:00+08:00,0.48216901031020976,0.5642403364181519,0.48216901031020976,0.5642403364181519,765332,0.0,0.0
2007-02-22 00:00:00+08:00,0.5744992316508994,0.6052759885787964,0.5744992316508994,0.6052759885787964,1764331,0.0,0.0
2007-02-23 00:00:00+08:00,0.6052759727365359,0.6052759727365359,0.5847581624984741,0.5847581624984741,386999,0.0,0.0
2007-02-26 00:00:00+08:00,0.5744991724335289,0.5744991724335289,0.5437224594432545,0.553981363773346,513999,0.0,0.0
2007-02-27 00:00:00+08:00,0.5539813792692848,0.5539813792692848,0.5129457200358096,0.5232046246528625,671332,0.0,0.0
2007-02-28 00:00:00+08:00,0.4821689114950699,0.5026867591997849,0.4719100080253417,0.49242785573005676,372999,0.0,0.0
2007-03-01 00:00:00+08:00,0.5026867985725403,0.5232046071190464,0.5026867985725403,0.5026867985725403,561666,0.0,0.0
2007-03-02 00:00:00+08:00,0.5129457712173462,0.523204676858029,0.5026868655766634,0.5129457712173462,299999,0.0,0.0
2007-03-05 00:00:00+08:00,0.4924278267157717,0.4924278267157717,0.47190998021998637,0.48216888308525085,428666,0.0,0.0
2007-03-06 00:00:00+08:00,0.4821689114950699,0.49242785573005676,0.4821689114950699,0.49242785573005676,71666,0.0,0.0
2007-03-07 00:00:00+08:00,0.5026867591997849,0.5129456626695131,0.49242785573005676,0.49242785573005676,242333,0.0,0.0
2007-03-08 00:00:00+08:00,0.49242795993598065,0.523204676858029,0.49242795993598065,0.5129457712173462,227999,0.0,0.0
2007-03-09 00:00:00+08:00,0.5026868233559165,0.5334635376930237,0.5026868233559165,0.5334635376930237,221999,0.0,0.0
2007-03-12 00:00:00+08:00,0.5437224746522319,0.5437224746522319,0.5232046246528625,0.5232046246528625,83666,0.0,0.0
2007-03-13 00:00:00+08:00,0.523204676858029,0.523204676858029,0.5129457712173462,0.5129457712173462,104333,0.0,0.0
2007-03-14 00:00:00+08:00,0.49242785573005676,0.5026867591997849,0.49242785573005676,0.49242785573005676,132333,0.0,0.0
2007-03-15 00:00:00+08:00,0.5026867591997849,0.5026867591997849,0.49242785573005676,0.49242785573005676,90999,0.0,0.0
2007-03-16 00:00:00+08:00,0.49242795993598065,0.5129457712173462,0.49242795993598065,0.5129457712173462,80666,0.0,0.0
2007-03-19 00:00:00+08:00,0.523204676858029,0.523204676858029,0.5026868655766634,0.5129457712173462,72666,0.0,0.0
2007-03-20 00:00:00+08:00,0.5129457712173462,0.5129457712173462,0.5026868655766634,0.5129457712173462,116333,0.0,0.0
2007-03-21 00:00:00+08:00,0.5026867985725403,0.5129457028457933,0.5026867985725403,0.5026867985725403,19999,0.0,0.0
2007-03-22 00:00:00+08:00,0.5129457200358096,0.5232046246528625,0.5026868154187566,0.5232046246528625,118666,0.0,0.0
2007-03-23 00:00:00+08:00,0.523204676858029,0.523204676858029,0.5129457712173462,0.5129457712173462,53999,0.0,0.0
2007-03-26 00:00:00+08:00,0.5129457712173462,0.5129457712173462,0.5129457712173462,0.5129457712173462,70666,0.0,0.0
2007-03-27 00:00:00+08:00,0.5232045442810114,0.5642401972108118,0.5232045442810114,0.54372239112854,354332,0.0,0.0
2007-03-28 00:00:00+08:00,0.5334635376930237,0.5437224832373233,0.5334635376930237,0.5334635376930237,170666,0.0,0.0
2007-03-29 00:00:00+08:00,0.5334635789363569,0.5642403364181519,0.5334635789363569,0.5642403364181519,635999,0.0,0.0
2007-03-30 00:00:00+08:00,0.5744990706443787,0.5847580139220633,0.5642401681319489,0.5744990706443787,321999,0.0,0.0
2007-04-02 00:00:00+08:00,0.5847581883277709,0.595017093899947,0.5642403364181519,0.5642403364181519,457332,0.0,0.0
2007-04-03 00:00:00+08:00,0.5847581624984741,0.5847581624984741,0.574499216614178,0.5847581624984741,350999,0.0,0.0
2007-04-04 00:00:00+08:00,0.5950169164344931,0.5950169164344931,0.5437223631070894,0.5744990706443787,339666,0.0,0.0
2007-04-05 00:00:00+08:00,0.5642401681319489,0.5744990706443787,0.5642401681319489,0.5744990706443787,117333,0.0,0.0
2007-04-09 00:00:00+08:00,0.6360525595374639,0.6463114619255066,0.615534713996124,0.6463114619255066,2099997,0.0,0.0
2007-04-10 00:00:00+08:00,0.6463117477172384,0.6565706546416535,0.6257939338684082,0.6257939338684082,853332,0.0,0.0
2007-04-11 00:00:00+08:00,0.6360526302314616,0.6360526302314616,0.615534782409668,0.615534782409668,379666,0.0,0.0
2007-04-12 00:00:00+08:00,0.6052759716330323,0.6463116327996072,0.6052759716330323,0.6360527276992798,570332,0.0,0.0
2007-04-13 00:00:00+08:00,0.6463114619255066,0.6668293074668464,0.6360525595374639,0.6463114619255066,600999,0.0,0.0
2007-04-16 00:00:00+08:00,0.656570462527228,0.6770883111377484,0.656570462527228,0.6668294072151184,855999,0.0,0.0
2007-04-17 00:00:00+08:00,0.6770883111377484,0.6873478673045461,0.6668294072151184,0.6668294072151184,563332,0.0,0.0
2007-04-18 00:00:00+08:00,0.6770884394645691,0.6770884394645691,0.6668295335975952,0.6770884394645691,516999,0.0,0.0
2007-04-19 00:00:00+08:00,0.677088209854889,0.677088209854889,0.6463114619255066,0.6463114619255066,580332,0.0,0.0
2007-04-20 00:00:00+08:00,0.656570553779602,0.6668294998933153,0.656570553779602,0.656570553779602,239999,0.0,0.0
2007-04-23 00:00:00+08:00,0.6770883111377484,0.6873478673045461,0.6668294072151184,0.6668294072151184,483666,0.0,0.0
2007-04-24 00:00:00+08:00,0.6770882737417324,0.6873478293418884,0.6668293703857082,0.6873478293418884,595999,0.0,0.0
2007-04-25 00:00:00+08:00,0.6873478452054839,0.7283835411071777,0.6873478452054839,0.7283835411071777,1182998,0.0,0.0
2007-04-26 00:00:00+08:00,0.7386423736750487,0.7489012762813873,0.7181245684623718,0.7181245684623718,430332,0.0,0.0
2007-04-27 00:00:00+08:00,0.7181247924118498,0.7181247924118498,0.6976069808006287,0.6976069808006287,162333,0.0,0.0
2007-04-30 00:00:00+08:00,0.6976069849733447,0.6976069849733447,0.6668295335975952,0.6770884394645691,281999,0.0,0.0
2007-05-02 00:00:00+08:00,0.6770882242624233,0.7181245684623718,0.6770882242624233,0.7181245684623718,386666,0.0,0.0
2007-05-03 00:00:00+08:00,0.7283837056617075,0.7283837056617075,0.7078658938407898,0.7078658938407898,405332,0.0,0.0
2007-05-04 00:00:00+08:00,0.7386426115721665,0.7386426115721665,0.7078658938407898,0.7078658938407898,405332,0.0,0.0
2007-05-07 00:00:00+08:00,0.7283834710687103,0.7283834710687103,0.7078656658560333,0.7181245684623718,271666,0.0,0.0
2007-05-08 00:00:00+08:00,0.7283836679769399,0.7591603841160055,0.7181247625972513,0.7386425733566284,1595331,0.0,0.0
2007-05-09 00:00:00+08:00,0.7410442233085632,0.7410442233085632,0.7101674386092733,0.7410442233085632,1061332,0.0035,0.0
2007-05-10 00:00:00+08:00,0.7410441078513776,0.7616286277770996,0.7307518478885168,0.7616286277770996,887665,0.0,0.0
2007-05-11 00:00:00+08:00,0.7513363034471243,0.8233821988105775,0.741044044366003,0.8233821988105774,2083664,0.0,0.0
2007-05-14 00:00:00+08:00,0.84396674993491,0.8645512689011047,0.8233822309687155,0.8336744904518127,1614331,0.0,0.0
2007-05-15 00:00:00+08:00,0.8336745432400149,0.8336745432400149,0.7822132425660033,0.7925055027008057,736999,0.0,0.0
2007-05-16 00:00:00+08:00,0.8027976155281066,0.8027976155281066,0.7822130990356104,0.8027976155281067,497332,0.0,0.0
2007-05-17 00:00:00+08:00,0.8233822831052126,0.8233822831052126,0.7822132425660033,0.7925055027008057,539666,0.0,0.0
2007-05-18 00:00:00+08:00,0.8027976806483349,0.8336744578916987,0.8027976806483349,0.8233821988105774,784665,0.0,0.0
2007-05-21 00:00:00+08:00,0.8336744904518129,0.84396674993491,0.8130899714856182,0.8336744904518127,902332,0.0,0.0
2007-05-22 00:00:00+08:00,0.8336744245072794,0.8336744245072794,0.813089907169342,0.813089907169342,355666,0.0,0.0
2007-05-23 00:00:00+08:00,0.813089907169342,0.813089907169342,0.8027976485003734,0.813089907169342,280666,0.0,0.0
2007-05-24 00:00:00+08:00,0.8233821320206028,0.8233821320206028,0.7925053572818586,0.8027976155281067,407999,0.0,0.0
2007-05-25 00:00:00+08:00,0.8027976155281066,0.8130898737743547,0.7925053572818586,0.8027976155281067,369332,0.0,0.0
2007-05-28 00:00:00+08:00,0.8027976155281066,0.8027976155281066,0.7925053572818586,0.8027976155281067,177666,0.0,0.0
2007-05-29 00:00:00+08:00,0.8439667423418339,0.9160126398709332,0.8439667423418339,0.8954281210899353,4158329,0.0,0.0
2007-05-30 00:00:00+08:00,0.8954281340847018,0.8954281340847018,0.8439667545897748,0.8542590141296387,1335998,0.0,0.0
2007-06-01 00:00:00+08:00,0.8748435268600506,0.8851357853629171,0.8645511865615845,0.8645511865615845,722665,0.0,0.0
2007-06-04 00:00:00+08:00,0.8645512736695025,0.8645512736695025,0.8439667545897748,0.8542590141296387,446666,0.0,0.0
2007-06-05 00:00:00+08:00,0.8645511865615845,0.8748435268600506,0.8542589280587178,0.8645511865615845,707332,0.0,0.0
2007-06-06 00:00:00+08:00,0.8645514625936512,0.9263051151230189,0.8645514625936512,0.905720591545105,2707997,0.0,0.0
2007-06-07 00:00:00+08:00,0.895428329756148,0.9160128533340619,0.895428329756148,0.905720591545105,924332,0.0,0.0
2007-06-08 00:00:00+08:00,0.8954281732908497,0.9983508549915454,0.8851359133003414,0.9777663350105286,2309664,0.0,0.0
2007-06-11 00:00:00+08:00,0.9880586266517639,1.0086431472921698,0.9880586266517639,0.9880586266517639,1344665,0.0,0.0
2007-06-12 00:00:00+08:00,0.9880586266517639,0.9880586266517639,0.957181845691155,0.9880586266517639,721999,0.0,0.0
2007-06-13 00:00:00+08:00,0.977766156378099,1.0601043030550572,0.9674738982679288,1.0395197868347168,2165997,0.0,0.0
2007-06-14 00:00:00+08:00,1.06010459833867,1.06010459833867,1.0292277336120605,1.0292277336120605,521332,0.0,0.0
2007-06-15 00:00:00+08:00,1.0395200763846766,1.0395200763846766,1.008643211658067,1.0292277336120605,714332,0.0,0.0
2007-06-18 00:00:00+08:00,1.0395199158494899,1.1115657315622844,1.0395199158494899,1.0806889533996582,1640331,0.0,0.0
2007-06-19 00:00:00+08:00,1.1012732982635498,1.1012732982635498,1.0909810405013434,1.1012732982635498,590999,0.0,0.0
2007-06-20 00:00:00+08:00,1.1115657091140747,1.1218579682937633,1.1012734499343861,1.1115657091140747,887999,0.0,0.0
2007-06-21 00:00:00+08:00,1.1115657269566737,1.2659497807213502,1.0909812082668784,1.2453652620315552,2784330,0.0,0.0
2007-06-22 00:00:00+08:00,1.2556576097379517,1.2556576097379517,1.2144885694612673,1.2350730895996094,1168998,0.0,0.0
2007-06-25 00:00:00+08:00,1.235073146615026,1.235073146615026,1.2041962831865136,1.2144886255264282,790665,0.0,0.0
2007-06-26 00:00:00+08:00,1.2144883185235174,1.2144883185235174,1.1115655755064942,1.1321501731872559,1430998,0.0,0.0
2007-06-27 00:00:00+08:00,1.1218583909243736,1.1733197880051478,1.0909816017532903,1.1630275249481201,1256665,0.0,0.0
2007-06-28 00:00:00+08:00,1.1836115321027585,1.1939037906471024,1.1527347564697266,1.1527347564697266,575332,0.0,0.0
2007-06-29 00:00:00+08:00,1.1733194844293284,1.1733194844293284,1.1424427032470703,1.1424427032470703,385666,0.0,0.0
2007-07-02 00:00:00+08:00,1.1424424311298391,1.1630269470150059,1.1321501731872559,1.1321501731872559,704999,0.0,0.0
2007-07-03 00:00:00+08:00,1.1527349636411564,1.1630272240352424,1.1424427032470703,1.1424427032470703,441332,0.0,0.0
2007-07-04 00:00:00+08:00,1.1527352618910924,1.1836120510621757,1.1527352618910924,1.1630275249481201,1095998,0.0,0.0
2007-07-05 00:00:00+08:00,1.1733197880051478,1.1939043141192034,1.1630275249481201,1.1630275249481201,1052998,0.0,0.0
2007-07-06 00:00:00+08:00,1.1733192735584146,1.1733192735584146,1.1424424979253824,1.1527347564697266,429332,0.0,0.0
2007-07-09 00:00:00+08:00,1.1527347564697266,1.1630270150140705,1.1527347564697266,1.1527347564697266,218333,0.0,0.0
2007-07-10 00:00:00+08:00,1.1424424311298391,1.1424424311298391,1.1321501731872559,1.1321501731872559,495332,0.0,0.0
2007-07-11 00:00:00+08:00,1.1321504623313776,1.1321504623313776,1.1115658593934377,1.1218581199645996,248999,0.0,0.0
2007-07-12 00:00:00+08:00,1.1321504428529843,1.1733194844293284,1.1321504428529843,1.1424427032470703,1031332,0.0,0.0
2007-07-13 00:00:00+08:00,1.1733193648216655,1.2556575213764527,1.163027105476768,1.2453652620315552,4698328,0.0,0.0
2007-07-16 00:00:00+08:00,1.2762418134512676,1.30711866779894,1.2453650408991872,1.286534070968628,3581663,0.0,0.0
2007-07-17 00:00:00+08:00,1.3174110680540863,1.3277033266865836,1.255657434463501,1.255657434463501,1936998,0.0,0.0
2007-07-18 00:00:00+08:00,1.2556574501722888,1.2556574501722888,1.0601043701171875,1.0601043701171875,2074331,0.0,0.0
2007-07-19 00:00:00+08:00,1.0909811234080626,1.1527347564697266,1.0806888648637185,1.1527347564697266,2026331,0.0,0.0
2007-07-20 00:00:00+08:00,1.1733192735584146,1.1939037906471024,1.1527347564697266,1.1527347564697266,635332,0.0,0.0
2007-07-23 00:00:00+08:00,1.1527348007673255,1.2556574719615052,1.1527348007673255,1.2041960954666138,3002330,0.0,0.0
2007-07-24 00:00:00+08:00,1.2247806615948282,1.2247806615948282,1.1939038038253784,1.1939038038253784,1475998,0.0,0.0
2007-07-25 00:00:00+08:00,1.173319371985693,1.2041961502089125,1.163027112577953,1.1836116313934326,908999,0.0,0.0
2007-07-26 00:00:00+08:00,1.1939038908011725,1.2041961502089125,1.1836116313934326,1.1836116313934326,171999,0.0,0.0
2007-07-27 00:00:00+08:00,1.0909813194810256,1.1527349636411564,1.0909813194810256,1.1424427032470703,1842331,0.0,0.0
2007-07-30 00:00:00+08:00,1.1012735988222755,1.1424427229025398,1.1012735988222755,1.1218581199645996,632666,0.0,0.0
2007-07-31 00:00:00+08:00,1.142442411107969,1.142442411107969,1.0601042672147243,1.1012732982635498,1330998,0.0,0.0
2007-08-01 00:00:00+08:00,1.0909812767017326,1.0909812767017326,0.9571818150295117,0.9777663350105286,1520331,0.0,0.0
2007-08-02 00:00:00+08:00,1.0086432062665063,1.0086432062665063,0.9571819016566018,0.9674741625785828,1262332,0.0,0.0
2007-08-03 00:00:00+08:00,0.9915748862492813,1.0328904381040809,0.9709171103218815,1.0225615501403809,682665,0.005,0.0
2007-08-06 00:00:00+08:00,0.960588359564797,0.960588359564797,0.9296016091609688,0.9399304986000061,989999,0.0,0.0
2007-08-07 00:00:00+08:00,0.9709170628127842,0.9709170628127842,0.9192725434346596,0.9296014308929443,716332,0.0,0.0
2007-08-08 00:00:00+08:00,0.9296013620076508,0.991574764251709,0.9296013620076508,0.991574764251709,593999,0.0,0.0
2007-08-10 00:00:00+08:00,0.9296016091609688,0.9399304986000061,0.8779571619657822,0.9399304986000061,875999,0.0,0.0
2007-08-13 00:00:00+08:00,0.9399304986000061,0.9399304986000061,0.9399304986000061,0.9399304986000061,0,0.0,0.0
2007-08-14 00:00:00+08:00,0.9089436559763748,0.9296014308929444,0.89861476851809,0.9296014308929443,759999,0.0,0.0
2007-08-15 00:00:00+08:00,0.8986145976864024,0.908943483181108,0.8469700881261893,0.8676278591156006,1271998,0.0,0.0
2007-08-16 00:00:00+08:00,0.8263125617140423,0.8366414502659583,0.7230235941081737,0.7436813712120056,3172663,0.0,0.0
2007-08-17 00:00:00+08:00,0.7436813294857092,0.7436813294857092,0.6507205579105481,0.6920368075370789,2979663,0.0,0.0
2007-08-20 00:00:00+08:00,0.7436813712120056,0.7643391483158375,0.7230235941081737,0.7436813712120056,1784664,0.0,0.0
2007-08-21 00:00:00+08:00,0.7540100725748781,0.7849968126246286,0.7230234146118164,0.7230234146118164,1486331,0.0,0.0
2007-08-22 00:00:00+08:00,0.743681255888562,0.7746679167391753,0.743681255888562,0.764339029788971,268333,0.0,0.0
2007-08-23 00:00:00+08:00,0.7953258971092261,0.8056547856747904,0.7746680378913879,0.7746680378913879,1412665,0.0,0.0
2007-08-24 00:00:00+08:00,0.7849968857760764,0.7849968857760764,0.7540101428387666,0.764339029788971,570332,0.0,0.0
2007-08-27 00:00:00+08:00,0.7953256606526614,0.8676278591156006,0.7953256606526614,0.8676278591156006,2036331,0.0,0.0
2007-08-28 00:00:00+08:00,0.8882857589656842,0.9399301891586253,0.877956872927096,0.8986146450042725,2071664,0.0,0.0
2007-08-29 00:00:00+08:00,0.8366413616816806,0.9296014308929444,0.8263124742233957,0.9296014308929443,1943998,0.0,0.0
2007-08-30 00:00:00+08:00,0.9605881753544995,0.9812459502710691,0.9296014308929444,0.9296014308929443,1613331,0.0,0.0
2007-08-31 00:00:00+08:00,0.9296014337002452,0.9502592086791992,0.9296014337002452,0.9502592086791992,419666,0.0,0.0
2007-09-03 00:00:00+08:00,0.9605881753544995,0.9605881753544995,0.9296014308929444,0.9296014308929443,398666,0.0,0.0
2007-09-04 00:00:00+08:00,0.9399303183512292,0.950259205809514,0.9192725434346596,0.9296014308929443,432332,0.0,0.0
2007-09-05 00:00:00+08:00,0.9502591353934386,1.0122325376374968,0.9502591353934386,0.991574764251709,1491998,0.0,0.0
2007-09-06 00:00:00+08:00,0.9915748162971494,1.0948637707341786,0.9812459290621163,1.0845348834991455,2492997,0.0,0.0
2007-09-07 00:00:00+08:00,1.10519253068547,1.115521416730937,1.063876986503601,1.063876986503601,720665,0.0,0.0
2007-09-10 00:00:00+08:00,1.0225613546525012,1.0535480947064242,1.0019035826743452,1.0432192087173462,547666,0.0,0.0
2007-09-11 00:00:00+08:00,1.0535482961181852,1.0535482961181852,1.0019037742129813,1.0225615501403809,609999,0.0,0.0
2007-09-12 00:00:00+08:00,1.0432194090932072,1.0535482970662013,1.0328904390335083,1.0328904390335083,471666,0.0,0.0
2007-09-13 00:00:00+08:00,1.0328905590839041,1.0328905590839041,1.0019038915634155,1.0019038915634155,281666,0.0,0.0
2007-09-14 00:00:00+08:00,1.0225615501403809,1.0328904381040809,1.012232662176681,1.0225615501403809,461999,0.0,0.0
2007-09-17 00:00:00+08:00,1.022561422037516,1.022561422037516,0.9605881020191144,0.9812458753585815,414999,0.0,0.0
2007-09-18 00:00:00+08:00,0.9502593636092204,1.0019038915634155,0.9502593636092204,1.0019038915634155,246999,0.0,0.0
2007-09-19 00:00:00+08:00,1.0432194090932072,1.0432194090932072,1.01223266308752,1.0328904390335083,407666,0.0,0.0
2007-09-20 00:00:00+08:00,1.0328904381040809,1.0328904381040809,1.0225615501403809,1.0225615501403809,337999,0.0,0.0
2007-09-21 00:00:00+08:00,1.012232780456543,1.0225616696271782,1.012232780456543,1.012232780456543,113666,0.0,0.0
2007-09-24 00:00:00+08:00,1.0122327807369118,1.0122327807369118,1.0019038915634155,1.0019038915634155,120666,0.0,0.0
2007-09-25 00:00:00+08:00,1.0019036509446029,1.0225614243303907,0.991574764251709,0.991574764251709,142333,0.0,0.0
2007-09-26 00:00:00+08:00,1.0122324741895756,1.063876986503601,1.0019035881441083,1.063876986503601,1068332,0.0,0.0
2007-09-27 00:00:00+08:00,1.0845347556631206,1.0845347556631206,1.0535480976104736,1.0535480976104736,646332,0.0,0.0
2007-09-28 00:00:00+08:00,1.0742058725490684,1.0742058725490684,1.053548100458134,1.063876986503601,327999,0.0,0.0
2007-10-01 00:00:00+08:00,1.0742059962641126,1.1155215452042446,1.0638771090290795,1.0845348834991455,1198665,0.0,0.0
2007-10-02 00:00:00+08:00,1.10519253068547,1.10519253068547,1.063876986503601,1.063876986503601,247666,0.0,0.0
2007-10-03 00:00:00+08:00,1.0845347526736582,1.0845347526736582,1.0122324686634232,1.0432192087173462,366999,0.0,0.0
2007-10-04 00:00:00+08:00,1.0122324741895756,1.063876986503601,1.0122324741895756,1.063876986503601,270333,0.0,0.0
2007-10-05 00:00:00+08:00,1.0742058725490684,1.0742058725490684,1.0432192144126666,1.063876986503601,126999,0.0,0.0
2007-10-08 00:00:00+08:00,1.0535482970662013,1.0535482970662013,1.0328904390335083,1.0328904390335083,128999,0.0,0.0
2007-10-09 00:00:00+08:00,1.0225616696271782,1.0225616696271782,1.0019038912859077,1.012232780456543,221999,0.0,0.0
2007-10-10 00:00:00+08:00,1.0122327807369118,1.0225616699104079,1.0019038915634155,1.0019038915634155,153666,0.0,0.0
2007-10-11 00:00:00+08:00,1.0122327807369118,1.0225616699104079,1.0019038915634155,1.0019038915634155,234666,0.0,0.0
2007-10-12 00:00:00+08:00,1.0122327807369118,1.0122327807369118,0.9915750023899194,1.0019038915634155,268999,0.0,0.0
2007-10-15 00:00:00+08:00,1.0019036509446029,1.0432192798028732,0.991574764251709,0.991574764251709,493999,0.0,0.0
2007-10-16 00:00:00+08:00,1.001903728213285,1.012232615702762,0.9502592086791992,0.9502592086791992,318333,0.0,0.0
2007-10-17 00:00:00+08:00,0.9502591878274446,0.9605881571769715,0.9296014133017889,0.9605881571769714,308999,0.0,0.0
2007-10-18 00:00:00+08:00,0.9502592086791992,0.960588178255377,0.9502592086791992,0.9502592086791992,228999,0.0,0.0
2007-10-19 00:00:00+08:00,0.950259205809514,0.950259205809514,0.9296014308929444,0.9296014308929443,223666,0.0,0.0
2007-10-22 00:00:00+08:00,0.8779569290173177,0.8882858157157898,0.8676279602321512,0.8882858157157898,286666,0.0,0.0
2007-10-23 00:00:00+08:00,0.8882857589656842,0.9089435310428606,0.8882857589656842,0.8986146450042725,246333,0.0,0.0
2007-10-24 00:00:00+08:00,0.9089435891127338,0.9192724758112057,0.8676279602321512,0.8882858157157898,249666,0.0,0.0
2007-10-25 00:00:00+08:00,0.8882858200053437,0.9089435935020446,0.8882858200053437,0.9089435935020447,200333,0.0,0.0
2007-10-26 00:00:00+08:00,0.9089435310428606,0.9089435310428606,0.8882857589656842,0.8986146450042725,152999,0.0,0.0
2007-10-29 00:00:00+08:00,0.8986147067536941,0.9089435935020446,0.8882858200053437,0.9089435935020447,89333,0.0,0.0
2007-10-30 00:00:00+08:00,0.8882858200053437,0.9089435935020446,0.8882858200053437,0.9089435935020447,87999,0.0,0.0
2007-10-31 00:00:00+08:00,0.9089435865837519,0.9812458753585817,0.9089435865837519,0.9812458753585815,422999,0.0,0.0
2007-11-01 00:00:00+08:00,1.001903728213285,1.012232615702762,0.9296014337002452,0.9502592086791992,277666,0.0,0.0
2007-11-02 00:00:00+08:00,0.9296014133017889,0.9605881571769715,0.9089436387761332,0.9605881571769714,121333,0.0,0.0
2007-11-05 00:00:00+08:00,0.9399302537470959,0.9399302537470959,0.9089435935020446,0.9089435935020447,121666,0.0,0.0
2007-11-06 00:00:00+08:00,0.9089435310428606,0.9192724170814488,0.8882857589656842,0.8986146450042725,562666,0.0,0.0
2007-11-07 00:00:00+08:00,0.9089435891127338,0.9089435891127338,0.8676279602321512,0.8882858157157898,448666,0.0,0.0
2007-11-09 00:00:00+08:00,0.8572991295928423,0.8779569864273071,0.8469702422189598,0.8779569864273071,185666,0.0,0.0
2007-11-12 00:00:00+08:00,0.8572989736208949,0.8676278591156006,0.8469700881261893,0.8676278591156006,196666,0.0,0.0
2007-11-13 00:00:00+08:00,0.8882858738011895,0.8882858738011895,0.8572991295928423,0.8779569864273071,205999,0.0,0.0
2007-11-14 00:00:00+08:00,0.8986145941242012,0.8986145941242012,0.8572989702224731,0.8572989702224731,218333,0.0,0.0
2007-11-15 00:00:00+08:00,0.877956941094425,0.877956941094425,0.8366413116455078,0.8366413116455078,212333,0.0,0.0
2007-11-16 00:00:00+08:00,0.8366413685500566,0.8366413685500566,0.8159835934638977,0.8159835934638977,169333,0.0,0.0
2007-11-19 00:00:00+08:00,0.8366413699169801,0.8366413699169801,0.8159835947970702,0.8263124823570251,125333,0.0,0.0
2007-11-20 00:00:00+08:00,0.7849969308346595,0.8159835934638977,0.7540101861187198,0.8159835934638977,161999,0.0,0.0
2007-11-21 00:00:00+08:00,0.7953257538853886,0.7953257538853886,0.774667898387658,0.7849968671798706,85333,0.0,0.0
2007-11-22 00:00:00+08:00,0.774667898387658,0.8056546405909066,0.774667898387658,0.7849968671798706,417666,0.0,0.0
2007-11-23 00:00:00+08:00,0.7849968133665812,0.8056545853614807,0.7643389592849927,0.8056545853614807,202999,0.0,0.0
2007-11-26 00:00:00+08:00,0.8159835947970702,0.8263124823570251,0.8159835947970702,0.8263124823570251,150999,0.0,0.0
2007-11-27 00:00:00+08:00,0.8056545853614807,0.8056545853614807,0.7849968133665812,0.8056545853614807,111333,0.0,0.0
2007-11-28 00:00:00+08:00,0.8263123573563801,0.8263123573563801,0.7849968133665812,0.8056545853614807,111999,0.0,0.0
2007-11-29 00:00:00+08:00,0.795325699364031,0.8159834713589303,0.7849968133665812,0.8056545853614807,85666,0.0,0.0
2007-11-30 00:00:00+08:00,0.7849968133665812,0.8056545853614807,0.7849968133665812,0.8056545853614807,172666,0.0,0.0
2007-12-03 00:00:00+08:00,0.8056545853614807,0.8056545853614807,0.7849968133665812,0.8056545853614807,54666,0.0,0.0
2007-12-04 00:00:00+08:00,0.795325756072998,0.8056546428069264,0.795325756072998,0.795325756072998,95333,0.0,0.0
2007-12-05 00:00:00+08:00,0.8056545963791824,0.8469701409339905,0.8056545963791824,0.8469701409339905,344666,0.0,0.0
2007-12-06 00:00:00+08:00,0.877956941094425,0.877956941094425,0.8159835379643972,0.8366413116455078,139666,0.0,0.0
2007-12-07 00:00:00+08:00,0.8366413685500566,0.8469702560931359,0.8056547059208183,0.8159835934638977,62666,0.0,0.0
2007-12-10 00:00:00+08:00,0.8159835934638977,0.8159835934638977,0.7953258183777389,0.8159835934638977,48666,0.0,0.0
2007-12-11 00:00:00+08:00,0.8159835934638977,0.8159835934638977,0.7953258183777389,0.8159835934638977,76999,0.0,0.0
2007-12-12 00:00:00+08:00,0.7849969321172052,0.8263124823570251,0.7849969321172052,0.8263124823570251,112999,0.0,0.0
2007-12-13 00:00:00+08:00,0.795325756072998,0.8056546428069264,0.7849968693390695,0.795325756072998,166333,0.0,0.0
2007-12-14 00:00:00+08:00,0.7849968693390695,0.795325756072998,0.7849968693390695,0.795325756072998,65999,0.0,0.0
2007-12-17 00:00:00+08:00,0.7746679759806675,0.7746679759806675,0.7333524250203092,0.7540102005004883,160666,0.0,0.0
2007-12-18 00:00:00+08:00,0.7230234819881532,0.764339029788971,0.7230234819881532,0.764339029788971,330333,0.0,0.0
2007-12-19 00:00:00+08:00,0.7953258971092261,0.7953258971092261,0.7436813721946949,0.7746680378913879,199999,0.0,0.0
2007-12-21 00:00:00+08:00,0.764339088240578,0.764339088240578,0.7540102005004883,0.7540102005004883,36666,0.0,0.0
2007-12-24 00:00:00+08:00,0.7643391493258236,0.7746680378913879,0.7643391493258236,0.7746680378913879,48333,0.0,0.0
2007-12-26 00:00:00+08:00,0.754010073287543,0.8056545853614807,0.754010073287543,0.8056545853614807,357332,0.0,0.0
2007-12-27 00:00:00+08:00,0.8056547856747904,0.8056547856747904,0.7643391493258236,0.7746680378913879,174333,0.0,0.0
2007-12-28 00:00:00+08:00,0.7746680378913879,0.7746680378913879,0.7643391493258236,0.7746680378913879,57333,0.0,0.0
2007-12-31 00:00:00+08:00,0.7746680378913879,0.7746680378913879,0.7746680378913879,0.7746680378913879,6666,0.0,0.0
2008-01-02 00:00:00+08:00,0.7849970085436617,0.7849970085436617,0.7643391493258236,0.7746680378913879,74333,0.0,0.0
2008-01-03 00:00:00+08:00,0.764339088240578,0.764339088240578,0.7540102005004883,0.7540102005004883,75999,0.0,0.0
2008-01-04 00:00:00+08:00,0.743681255888562,0.764339029788971,0.743681255888562,0.764339029788971,53333,0.0,0.0
2008-01-07 00:00:00+08:00,0.7540102597639216,0.7540102597639216,0.7436813712120056,0.7436813712120056,98999,0.0,0.0
2008-01-08 00:00:00+08:00,0.7436811290894074,0.7540100142785159,0.7333522439002991,0.7333522439002991,109666,0.0,0.0
2008-01-09 00:00:00+08:00,0.7333523005995036,0.7333523005995036,0.7230234146118164,0.7230234146118164,245333,0.0,0.0
2008-01-10 00:00:00+08:00,0.7333524202744724,0.7333524202744724,0.7023657572547316,0.7126946449279785,132999,0.0,0.0
2008-01-11 00:00:00+08:00,0.7023657547117528,0.712694642347603,0.6507205367088318,0.6507205367088318,477666,0.0,0.0
2008-01-14 00:00:00+08:00,0.6403916478157043,0.650720535431276,0.6197338315412101,0.6403916478157043,175666,0.0,0.0
2008-01-15 00:00:00+08:00,0.640391646517205,0.640391646517205,0.5990760550953418,0.6300627589225769,183333,0.0,0.0
2008-01-16 00:00:00+08:00,0.6197338087676906,0.6197338087676906,0.5887471470596507,0.6094049215316772,258666,0.0,0.0
2008-01-17 00:00:00+08:00,0.6094049439256385,0.6403916478157043,0.5990760563100669,0.6403916478157043,130666,0.0,0.0
2008-01-18 00:00:00+08:00,0.6094049439256385,0.6403916478157043,0.6094049439256385,0.6403916478157043,62999,0.0,0.0
2008-01-21 00:00:00+08:00,0.6300627114132857,0.6300627114132857,0.5680893084318621,0.5784181952476501,242666,0.0,0.0
2008-01-22 00:00:00+08:00,0.5577603937119316,0.5577603937119316,0.45447144863478883,0.5371025800704956,353332,0.0,0.0
2008-01-23 00:00:00+08:00,0.5577604759957303,0.599076068330353,0.5371026593067431,0.5474315881729126,832999,0.0,0.0
2008-01-24 00:00:00+08:00,0.5474315881729126,0.5577604759957303,0.5164448836611076,0.5474315881729126,351999,0.0,0.0
2008-01-25 00:00:00+08:00,0.5577603937119316,0.5577603937119316,0.5371025800704956,0.5371025800704956,300666,0.0,0.0
2008-01-28 00:00:00+08:00,0.5267738100729957,0.5267738100729957,0.48545821471177913,0.5164449214935303,72666,0.0,0.0
2008-01-29 00:00:00+08:00,0.51644474649326,0.5267736315727234,0.5061158614137966,0.5267736315727234,54999,0.0,0.0
2008-01-30 00:00:00+08:00,0.5267738100729957,0.5267738100729957,0.5164449214935303,0.5164449214935303,90333,0.0,0.0
2008-01-31 00:00:00+08:00,0.5061159410040612,0.5061159410040612,0.4957870543003083,0.4957870543003082,85999,0.0,0.0
2008-02-01 00:00:00+08:00,0.5164448277078141,0.5164448277078141,0.4957870543003083,0.4957870543003082,325666,0.0,0.0
2008-02-04 00:00:00+08:00,0.51644474649326,0.5267736315727234,0.5061158614137966,0.5267736315727234,248666,0.0,0.0
2008-02-05 00:00:00+08:00,0.5164448836611076,0.5474315881729126,0.5164448836611076,0.5474315881729126,110333,0.0,0.0
2008-02-06 00:00:00+08:00,0.5164448074724053,0.5371025800704956,0.4957870348743151,0.5371025800704956,59999,0.0,0.0
2008-02-11 00:00:00+08:00,0.5371026593067431,0.5474315881729126,0.5371026593067431,0.5474315881729126,61666,0.0,0.0
2008-02-12 00:00:00+08:00,0.5474315307225457,0.5577604174613953,0.5474315307225457,0.5577604174613953,47333,0.0,0.0
2008-02-13 00:00:00+08:00,0.5577604216160741,0.5784181952476501,0.5474315348002861,0.5784181952476501,373332,0.0,0.0
2008-02-14 00:00:00+08:00,0.5990760326385498,0.6197338070534346,0.5887471454311074,0.5990760326385498,143666,0.0,0.0
2008-02-15 00:00:00+08:00,0.5887469787606633,0.6197336316108704,0.5784180534339232,0.6197336316108704,179333,0.0,0.0
2008-02-18 00:00:00+08:00,0.640391646517205,0.640391646517205,0.6094049426899698,0.6300627589225769,134666,0.0,0.0
2008-02-19 00:00:00+08:00,0.6300627091552086,0.7230234699877471,0.6300627091552086,0.7023656964302063,1128665,0.0,0.0
2008-02-20 00:00:00+08:00,0.723023400973311,0.723023400973311,0.6403915348069661,0.6610493063926697,1031332,0.0,0.0
2008-02-21 00:00:00+08:00,0.6817072628710558,0.7023657775961687,0.6713783748986706,0.6920368075370789,388666,0.0,0.0
2008-02-22 00:00:00+08:00,0.6713783163170833,0.6920367471529256,0.6713783163170833,0.6817072033882141,141999,0.0,0.0
2008-02-25 00:00:00+08:00,0.6713783748986706,0.7023657775961687,0.6713783748986706,0.6920368075370789,262666,0.0,0.0
2008-02-26 00:00:00+08:00,0.6920366838361754,0.6920366838361754,0.6713782548904419,0.6713782548904419,182666,0.0,0.0
2008-02-27 00:00:00+08:00,0.6713782548904419,0.6713782548904419,0.6610493277209903,0.6713782548904419,145333,0.0,0.0
2008-02-28 00:00:00+08:00,0.6610494217064612,0.6610494217064612,0.6300627589225769,0.6300627589225769,189333,0.0,0.0
2008-02-29 00:00:00+08:00,0.6300627589225769,0.6300627589225769,0.6094049426899698,0.6300627589225769,91333,0.0,0.0
2008-03-03 00:00:00+08:00,0.609404747327468,0.6197336316108704,0.5990758630440656,0.6197336316108704,94333,0.0,0.0
2008-03-04 00:00:00+08:00,0.6197336316108704,0.6197336316108704,0.609404747327468,0.6197336316108704,72333,0.0,0.0
2008-03-05 00:00:00+08:00,0.609404747327468,0.6197336316108704,0.5990758630440656,0.6197336316108704,206999,0.0,0.0
2008-03-06 00:00:00+08:00,0.6197336316108704,0.6197336316108704,0.609404747327468,0.6197336316108704,140999,0.0,0.0
2008-03-07 00:00:00+08:00,0.6094049198459922,0.6094049198459922,0.5784182171803156,0.5990760326385498,58999,0.0,0.0
2008-03-10 00:00:00+08:00,0.5990760326385498,0.5990760326385498,0.5887471454311074,0.5990760326385498,34333,0.0,0.0
2008-03-11 00:00:00+08:00,0.5784182171803156,0.5990760326385498,0.5784182171803156,0.5990760326385498,48666,0.0,0.0
2008-03-12 00:00:00+08:00,0.6094049198459922,0.6197338070534346,0.5887471454311074,0.5990760326385498,65333,0.0,0.0
2008-03-13 00:00:00+08:00,0.5784181952476501,0.5887471231067859,0.5474315348002861,0.5784181952476501,57333,0.0,0.0
2008-03-14 00:00:00+08:00,0.5680893084318621,0.5784181952476501,0.5577604216160741,0.5784181952476501,9666,0.0,0.0
2008-03-17 00:00:00+08:00,0.5371026029403486,0.5577604174613953,0.5371026029403486,0.5577604174613953,47333,0.0,0.0
2008-03-18 00:00:00+08:00,0.5474315881729126,0.5474315881729126,0.5164448836611076,0.5474315881729126,319333,0.0,0.0
2008-03-19 00:00:00+08:00,0.5577603937119316,0.5577603937119316,0.5267736937714504,0.5371025800704956,119333,0.0,0.0
2008-03-20 00:00:00+08:00,0.5267736315727234,0.5267736315727234,0.485458050211529,0.5267736315727234,37666,0.0,0.0
2008-03-24 00:00:00+08:00,0.5267736315727234,0.5371025166521868,0.51644474649326,0.5267736315727234,445999,0.0,0.0
2008-03-25 00:00:00+08:00,0.5371026029403486,0.5680893042002448,0.5267737162014989,0.5577604174613953,547666,0.0,0.0
2008-03-26 00:00:00+08:00,0.5680893042002448,0.5680893042002448,0.5371026029403486,0.5577604174613953,114999,0.0,0.0
2008-03-27 00:00:00+08:00,0.5371025486236393,0.5680892467498779,0.5371025486236393,0.5680892467498779,223666,0.0,0.0
2008-03-28 00:00:00+08:00,0.5577603847009089,0.599075970272952,0.5577603847009089,0.5887470841407776,442332,0.0,0.0
2008-03-31 00:00:00+08:00,0.5784181909390944,0.5784181909390944,0.5474315307225457,0.5577604174613953,105999,0.0,0.0
2008-04-01 00:00:00+08:00,0.5577603610555795,0.5680892467498779,0.5577603610555795,0.5680892467498779,137333,0.0,0.0
2008-04-02 00:00:00+08:00,0.5887471231067859,0.5887471231067859,0.5680893084318621,0.5784181952476501,161666,0.0,0.0
2008-04-03 00:00:00+08:00,0.5784181952476501,0.5784181952476501,0.5680893084318621,0.5784181952476501,52999,0.0,0.0
2008-04-04 00:00:00+08:00,0.5784181952476501,0.5784181952476501,0.5577604216160741,0.5784181952476501,132333,0.0,0.0
2008-04-07 00:00:00+08:00,0.5784182171803156,0.5990760326385498,0.5784182171803156,0.5990760326385498,38999,0.0,0.0
2008-04-08 00:00:00+08:00,0.5990760099225739,0.609404896738362,0.5784181952476501,0.5784181952476501,231666,0.0,0.0
2008-04-09 00:00:00+08:00,0.578418156965258,0.5887470841407776,0.5680892708330835,0.5887470841407776,73999,0.0,0.0
2008-04-10 00:00:00+08:00,0.5680893084318621,0.5784181952476501,0.5680893084318621,0.5784181952476501,53333,0.0,0.0
2008-04-11 00:00:00+08:00,0.5784181324441764,0.5784181324441764,0.5680892467498779,0.5680892467498779,126666,0.0,0.0
2008-04-14 00:00:00+08:00,0.5577604174613953,0.5577604174613953,0.5577604174613953,0.5577604174613953,46666,0.0,0.0
2008-04-15 00:00:00+08:00,0.5577604759957303,0.5577604759957303,0.5371026593067431,0.5474315881729126,169333,0.0,0.0
2008-04-16 00:00:00+08:00,0.5474315307225457,0.5577604174613953,0.5371026029403486,0.5577604174613953,343999,0.0,0.0
2008-04-17 00:00:00+08:00,0.5577604174613953,0.5680893042002448,0.5577604174613953,0.5577604174613953,37666,0.0,0.0
2008-04-18 00:00:00+08:00,0.5577604174613953,0.5577604174613953,0.5474315307225457,0.5577604174613953,9333,0.0,0.0
2008-04-21 00:00:00+08:00,0.5680892467498779,0.5680892467498779,0.5474314753612811,0.5680892467498779,194333,0.0,0.0
2008-04-22 00:00:00+08:00,0.5577603610555795,0.5680892467498779,0.5577603610555795,0.5680892467498779,33666,0.0,0.0
2008-04-23 00:00:00+08:00,0.5577603847009089,0.5887470841407776,0.5577603847009089,0.5887470841407776,211333,0.0,0.0
2008-04-24 00:00:00+08:00,0.5990760326385498,0.5990760326385498,0.5887471454311074,0.5990760326385498,93333,0.0,0.0
2008-04-25 00:00:00+08:00,0.5784182171803156,0.5990760326385498,0.5680893299728732,0.5990760326385498,67333,0.0,0.0
2008-04-28 00:00:00+08:00,0.5938666462898254,0.5938666462898254,0.5834479019652575,0.5938666462898254,32666,0.0075,0.0
2008-04-29 00:00:00+08:00,0.5626104687570477,0.5834478735923767,0.5626104687570477,0.5834478735923767,11333,0.0,0.0
2008-04-30 00:00:00+08:00,0.5521917453844795,0.5626104474067688,0.5521917453844795,0.5626104474067688,46666,0.0,0.0
2008-05-02 00:00:00+08:00,0.5626104582760015,0.5834478627231441,0.5626104582760015,0.5730291604995728,41666,0.0,0.0
2008-05-05 00:00:00+08:00,0.5834478735923767,0.5834478735923767,0.5730291711747122,0.5834478735923767,27333,0.0,0.0
2008-05-06 00:00:00+08:00,0.5626104687570477,0.5834478735923767,0.5626104687570477,0.5834478735923767,14333,0.0,0.0
2008-05-07 00:00:00+08:00,0.5834478735923767,0.5834478735923767,0.5834478735923767,0.5834478735923767,38666,0.0,0.0
2008-05-08 00:00:00+08:00,0.5730291711747122,0.5834478735923767,0.5730291711747122,0.5834478735923767,30333,0.0,0.0
2008-05-09 00:00:00+08:00,0.5730291711747122,0.5834478735923767,0.5730291711747122,0.5834478735923767,9999,0.0,0.0
2008-05-12 00:00:00+08:00,0.5626104474067688,0.5834478514513476,0.5626104474067688,0.5626104474067688,0,0.0,0.0
2008-05-13 00:00:00+08:00,0.6042852401733398,0.6147039412176504,0.5938665391290293,0.6042852401733398,242666,0.0,0.0
2008-05-14 00:00:00+08:00,0.6042852401733398,0.6042852401733398,0.5938665391290293,0.6042852401733398,99999,0.0,0.0
2008-05-15 00:00:00+08:00,0.6042852401733398,0.6042852401733398,0.6042852401733398,0.6042852401733398,85333,0.0,0.0
2008-05-16 00:00:00+08:00,0.6042854770166269,0.6563790440559387,0.6042854770166269,0.6563790440559387,375999,0.0,0.0
2008-05-20 00:00:00+08:00,0.6667976699343064,0.6772164152240957,0.635541558265686,0.635541558265686,254666,0.0,0.0
2008-05-21 00:00:00+08:00,0.6459603389281272,0.6563790440559387,0.6251228872722501,0.6563790440559387,63666,0.0,0.0
2008-05-22 00:00:00+08:00,0.6251228795641931,0.6459603309631348,0.6251228795641931,0.6459603309631348,40333,0.0,0.0
2008-05-23 00:00:00+08:00,0.635541558265686,0.635541558265686,0.6147041090863565,0.635541558265686,115333,0.0,0.0
2008-05-26 00:00:00+08:00,0.6042854051968164,0.635541558265686,0.6042854051968164,0.635541558265686,8333,0.0,0.0
2008-05-27 00:00:00+08:00,0.6042854278008142,0.6147041320800781,0.6042854278008142,0.6147041320800781,37999,0.0,0.0
2008-05-28 00:00:00+08:00,0.6251226422619609,0.6251226422619609,0.6042852401733398,0.6042852401733398,33666,0.0,0.0
2008-05-29 00:00:00+08:00,0.6147041320800781,0.6147041320800781,0.6147041320800781,0.6147041320800781,5666,0.0,0.0
2008-05-30 00:00:00+08:00,0.6042854278008142,0.6147041320800781,0.5834479778420358,0.6147041320800781,127999,0.0,0.0
2008-06-02 00:00:00+08:00,0.6147040521384708,0.6147040521384708,0.5938666462898254,0.5938666462898254,119333,0.0,0.0
2008-06-03 00:00:00+08:00,0.5938665391290293,0.6147039412176504,0.5938665391290293,0.6042852401733398,402666,0.0,0.0
2008-06-04 00:00:00+08:00,0.6042854278008142,0.625122836359342,0.6042854278008142,0.6147041320800781,373332,0.0,0.0
2008-06-05 00:00:00+08:00,0.6147039412176504,0.6147039412176504,0.5938665391290293,0.6042852401733398,73333,0.0,0.0
2008-06-06 00:00:00+08:00,0.5938666462898254,0.6042853492141481,0.5938666462898254,0.5938666462898254,82333,0.0,0.0
2008-06-09 00:00:00+08:00,0.5730291604995728,0.5730291604995728,0.5730291604995728,0.5730291604995728,192666,0.0,0.0
2008-06-10 00:00:00+08:00,0.5834478514513476,0.5834478514513476,0.5521917453844795,0.5626104474067688,110999,0.0,0.0
2008-06-11 00:00:00+08:00,0.5730291604995728,0.5730291604995728,0.5626104582760015,0.5730291604995728,83333,0.0,0.0
2008-06-12 00:00:00+08:00,0.5440812110900879,0.554544343285379,0.5440812110900879,0.5440812110900879,49333,0.0035,0.0
2008-06-13 00:00:00+08:00,0.5545444381395792,0.5545444381395792,0.5336182117462158,0.5336182117462158,38333,0.0,0.0
2008-06-16 00:00:00+08:00,0.5440812110900879,0.5440812110900879,0.5440812110900879,0.5440812110900879,16666,0.0,0.0
2008-06-17 00:00:00+08:00,0.5440813041545808,0.5440813041545808,0.5336182117462158,0.5336182117462158,37333,0.0,0.0
2008-06-18 00:00:00+08:00,0.5336181204714231,0.554544343285379,0.5336181204714231,0.5440812110900879,92666,0.0,0.0
2008-06-19 00:00:00+08:00,0.5440812769639933,0.5440812769639933,0.5126920013075846,0.5231550931930542,185333,0.0,0.0
2008-06-20 00:00:00+08:00,0.5336181850785238,0.5336181850785238,0.5126920013075846,0.5231550931930542,154666,0.0,0.0
2008-06-23 00:00:00+08:00,0.5126920013075846,0.5231550931930542,0.5126920013075846,0.5231550931930542,36666,0.0,0.0
2008-06-24 00:00:00+08:00,0.5126920938491821,0.5126920938491821,0.5126920938491821,0.5126920938491821,29999,0.0,0.0
2008-06-25 00:00:00+08:00,0.5126919878208007,0.596396803855896,0.5126919878208007,0.596396803855896,23333,0.0,0.0
2008-06-26 00:00:00+08:00,0.5336181850785238,0.5336181850785238,0.5126920013075846,0.5231550931930542,58333,0.0,0.0
2008-06-27 00:00:00+08:00,0.5231551876232539,0.5231551876232539,0.5126920938491821,0.5126920938491821,56666,0.0,0.0
2008-06-30 00:00:00+08:00,0.5126920938491821,0.5126920938491821,0.5126920938491821,0.5126920938491821,19999,0.0,0.0
2008-07-01 00:00:00+08:00,0.5126920077074548,0.5126920077074548,0.5022289156913757,0.5022289156913757,27666,0.0,0.0
2008-07-02 00:00:00+08:00,0.48130261729745194,0.5231550206092576,0.48130261729745194,0.49176570773124695,31333,0.0,0.0
2008-07-03 00:00:00+08:00,0.491765707731247,0.5022288397416675,0.48130261729745194,0.49176570773124695,138666,0.0,0.0
2008-07-04 00:00:00+08:00,0.48130262073816144,0.49176571124675444,0.4708395302295685,0.4708395302295685,144333,0.0,0.0
2008-07-07 00:00:00+08:00,0.47083964512781246,0.48130273818969727,0.47083964512781246,0.48130273818969727,27666,0.0,0.0
2008-07-08 00:00:00+08:00,0.4708395462305342,0.48130263709470383,0.439450232061398,0.4499133229255676,179666,0.0,0.0
2008-07-09 00:00:00+08:00,0.46037649512290957,0.46037649512290957,0.4185240864753723,0.4185240864753723,944999,0.0,0.0
2008-07-10 00:00:00+08:00,0.41852413221231755,0.41852413221231755,0.397597904813384,0.4080609977245331,358666,0.0,0.0
2008-07-11 00:00:00+08:00,0.4080609219127438,0.42898714542388916,0.39759783094548495,0.42898714542388916,173999,0.0,0.0
2008-07-14 00:00:00+08:00,0.42898711416749746,0.439450204372406,0.42898711416749746,0.439450204372406,170999,0.0,0.0
2008-07-15 00:00:00+08:00,0.439450236391148,0.439450236391148,0.42898714542388916,0.42898714542388916,177333,0.0,0.0
2008-07-16 00:00:00+08:00,0.439450204372406,0.439450204372406,0.439450204372406,0.439450204372406,109999,0.0,0.0
2008-07-17 00:00:00+08:00,0.44991333847855625,0.46037647128105164,0.44991333847855625,0.46037647128105164,141333,0.0,0.0
2008-07-18 00:00:00+08:00,0.46037655206592765,0.48130273818969727,0.46037655206592765,0.48130273818969727,86999,0.0,0.0
2008-07-21 00:00:00+08:00,0.47083952686365693,0.491765707731247,0.4603764364298619,0.49176570773124695,88333,0.0,0.0
2008-07-22 00:00:00+08:00,0.46037647128105164,0.48130265373278514,0.46037647128105164,0.46037647128105164,0,0.0,0.0
2008-07-23 00:00:00+08:00,0.47083952686365693,0.491765707731247,0.47083952686365693,0.49176570773124695,61666,0.0,0.0
2008-07-24 00:00:00+08:00,0.5022289156913757,0.5022289156913757,0.49176578209866484,0.5022289156913757,32999,0.0,0.0
2008-07-25 00:00:00+08:00,0.47083952686365693,0.491765707731247,0.4603764364298619,0.49176570773124695,47999,0.0,0.0
2008-07-28 00:00:00+08:00,0.491765707731247,0.5022288397416675,0.48130261729745194,0.49176570773124695,43999,0.0,0.0
2008-07-29 00:00:00+08:00,0.46037647128105164,0.49176574495865183,0.46037647128105164,0.46037647128105164,0,0.0,0.0
2008-07-30 00:00:00+08:00,0.46037647128105164,0.46037647128105164,0.46037647128105164,0.46037647128105164,0,0.0,0.0
2008-07-31 00:00:00+08:00,0.46037647128105164,0.46037647128105164,0.46037647128105164,0.46037647128105164,0,0.0,0.0
2008-08-01 00:00:00+08:00,0.46037647128105164,0.46037647128105164,0.46037647128105164,0.46037647128105164,0,0.0,0.0
2008-08-04 00:00:00+08:00,0.46037647128105164,0.4708395625069184,0.46037647128105164,0.46037647128105164,188999,0.0,0.0
2008-08-05 00:00:00+08:00,0.46037647128105164,0.46037647128105164,0.46037647128105164,0.46037647128105164,0,0.0,0.0
2008-08-06 00:00:00+08:00,0.46037647128105164,0.46037647128105164,0.46037647128105164,0.46037647128105164,0,0.0,0.0
2008-08-07 00:00:00+08:00,0.46037655206592765,0.48130273818969727,0.46037655206592765,0.48130273818969727,24333,0.0,0.0
2008-08-08 00:00:00+08:00,0.4708395302295685,0.4708395302295685,0.44991330763575665,0.4708395302295685,16333,0.0,0.0
2008-08-11 00:00:00+08:00,0.46037647128105164,0.46037647128105164,0.44991333847855625,0.46037647128105164,59999,0.0,0.0
2008-08-12 00:00:00+08:00,0.44991333847855625,0.46037647128105164,0.44991333847855625,0.46037647128105164,86999,0.0,0.0
2008-08-13 00:00:00+08:00,0.439450204372406,0.439450204372406,0.42898711416749746,0.439450204372406,151666,0.0,0.0
2008-08-14 00:00:00+08:00,0.439450204372406,0.439450204372406,0.439450204372406,0.439450204372406,0,0.0,0.0
2008-08-15 00:00:00+08:00,0.439450204372406,0.439450204372406,0.42898711416749746,0.439450204372406,9999,0.0,0.0
2008-08-18 00:00:00+08:00,0.4394502700108255,0.44991336177855207,0.4185240864753723,0.4185240864753723,82666,0.0,0.0
2008-08-19 00:00:00+08:00,0.4080609977245331,0.4080609977245331,0.397597904813384,0.4080609977245331,94999,0.0,0.0
2008-08-20 00:00:00+08:00,0.4080609977245331,0.4080609977245331,0.397597904813384,0.4080609977245331,191999,0.0,0.0
2008-08-21 00:00:00+08:00,0.397597904813384,0.4080609977245331,0.397597904813384,0.4080609977245331,94999,0.0,0.0
2008-08-22 00:00:00+08:00,0.4080609977245331,0.4080609977245331,0.4080609977245331,0.4080609977245331,1666,0.0,0.0
2008-08-25 00:00:00+08:00,0.3975978493690491,0.3975978493690491,0.3975978493690491,0.3975978493690491,49333,0.0,0.0
2008-08-26 00:00:00+08:00,0.39759785214330556,0.39759785214330556,0.38713476061820984,0.38713476061820984,272333,0.0,0.0
2008-08-27 00:00:00+08:00,0.39759785214330556,0.39759785214330556,0.38713476061820984,0.38713476061820984,248333,0.0,0.0
2008-08-28 00:00:00+08:00,0.3871348247298566,0.3871348247298566,0.3766717314720154,0.3766717314720154,131999,0.0,0.0
2008-08-29 00:00:00+08:00,0.37667166909311417,0.38713476061820984,0.37667166909311417,0.38713476061820984,333666,0.0,0.0
2008-09-01 00:00:00+08:00,0.38713475791696006,0.3975978493690491,0.38713475791696006,0.3975978493690491,23999,0.0,0.0
2008-09-02 00:00:00+08:00,0.3975978493690491,0.3975978493690491,0.3975978493690491,0.3975978493690491,51999,0.0,0.0
2008-09-03 00:00:00+08:00,0.38713476061820984,0.38713476061820984,0.37667166909311417,0.38713476061820984,132666,0.0,0.0
2008-09-04 00:00:00+08:00,0.37667166909311417,0.38713476061820984,0.3662085359913886,0.38713476061820984,444332,0.0,0.0
2008-09-05 00:00:00+08:00,0.3766717314720154,0.3766717314720154,0.3662085966375374,0.3766717314720154,236666,0.0,0.0
2008-09-08 00:00:00+08:00,0.3766717314720154,0.3766717314720154,0.3766717314720154,0.3766717314720154,438332,0.0,0.0
2008-09-09 00:00:00+08:00,0.3662085235118866,0.3766716562570539,0.3662085235118866,0.3662085235118866,57666,0.0,0.0
2008-09-10 00:00:00+08:00,0.3662085235118866,0.3662085235118866,0.3662085235118866,0.3662085235118866,66999,0.0,0.0
2008-09-11 00:00:00+08:00,0.3766717314720154,0.3766717314720154,0.3662085966375374,0.3766717314720154,62333,0.0,0.0
2008-09-12 00:00:00+08:00,0.3557455033796961,0.3766717314720154,0.3557455033796961,0.3766717314720154,180333,0.0,0.0
2008-09-15 00:00:00+08:00,0.3662085566795554,0.3662085566795554,0.35574546456336975,0.35574546456336975,59333,0.0,0.0
2008-09-16 00:00:00+08:00,0.3476683152281901,0.3476683152281901,0.33713290095329285,0.33713290095329285,9999,0.0035,0.0
2008-09-17 00:00:00+08:00,0.31606212471246237,0.3476683497428894,0.31606212471246237,0.3476683497428894,73666,0.0,0.0
2008-09-18 00:00:00+08:00,0.33713290095329285,0.33713290095329285,0.32659750761036144,0.33713290095329285,307999,0.0,0.0
2008-09-19 00:00:00+08:00,0.3582037050704986,0.3687390983104706,0.3476683118305266,0.3687390983104706,62666,0.0,0.0
2008-09-22 00:00:00+08:00,0.37927453341437395,0.37927453341437395,0.3687390983104706,0.3687390983104706,16666,0.0,0.0
2008-09-23 00:00:00+08:00,0.3476683157662816,0.3582037091255188,0.3476683157662816,0.3582037091255188,14999,0.0,0.0
2008-09-24 00:00:00+08:00,0.3476683497428894,0.3687391385205501,0.3476683497428894,0.3476683497428894,0,0.0,0.0
2008-09-25 00:00:00+08:00,0.3582037085711215,0.3582037085711215,0.33713290095329285,0.33713290095329285,52333,0.0,0.0
2008-09-26 00:00:00+08:00,0.3476683497428894,0.3476683497428894,0.3476683497428894,0.3476683497428894,30999,0.0,0.0
2008-09-29 00:00:00+08:00,0.3476683497428894,0.3476683497428894,0.3476683497428894,0.3476683497428894,38999,0.0,0.0
2008-09-30 00:00:00+08:00,0.3371329360090874,0.3371329360090874,0.32659754157066345,0.32659754157066345,19999,0.0,0.0
2008-10-02 00:00:00+08:00,0.3371329014750785,0.3582037091255188,0.3371329014750785,0.3582037091255188,21666,0.0,0.0
2008-10-03 00:00:00+08:00,0.33713290095329285,0.33713290095329285,0.33713290095329285,0.33713290095329285,13666,0.0,0.0
2008-10-06 00:00:00+08:00,0.3160620927810669,0.3160620927810669,0.3160620927810669,0.3160620927810669,39999,0.0,0.0
2008-10-07 00:00:00+08:00,0.3160621262002714,0.32659754157066345,0.3160621262002714,0.32659754157066345,7333,0.0,0.0
2008-10-08 00:00:00+08:00,0.30552669884413836,0.30552669884413836,0.29499128460884094,0.29499128460884094,38333,0.0,0.0
2008-10-09 00:00:00+08:00,0.30552669884413836,0.30552669884413836,0.29499128460884094,0.29499128460884094,44333,0.0,0.0
2008-10-10 00:00:00+08:00,0.273920481036059,0.28445589542388916,0.273920481036059,0.28445589542388916,131666,0.0,0.0
2008-10-13 00:00:00+08:00,0.27392051168880016,0.27392051168880016,0.2633851170539856,0.2633851170539856,269999,0.0,0.0
2008-10-14 00:00:00+08:00,0.2844558596989765,0.2844558596989765,0.2739204466342926,0.2739204466342926,415666,0.0,0.0
2008-10-15 00:00:00+08:00,0.26338505450157224,0.2739204466342926,0.26338505450157224,0.2739204466342926,37333,0.0,0.0
2008-10-16 00:00:00+08:00,0.2633851170539856,0.27392051168880016,0.2633851170539856,0.2633851170539856,27333,0.0,0.0
2008-10-17 00:00:00+08:00,0.2633851170539856,0.2633851170539856,0.2633851170539856,0.2633851170539856,38666,0.0,0.0
2008-10-20 00:00:00+08:00,0.2633850916868412,0.2633850916868412,0.2528496980667114,0.2528496980667114,66333,0.0,0.0
2008-10-21 00:00:00+08:00,0.2633850916868412,0.2633850916868412,0.24231428351461523,0.2528496980667114,25666,0.0,0.0
2008-10-22 00:00:00+08:00,0.25284972241917103,0.2633851170539856,0.242314306852388,0.2633851170539856,87333,0.0,0.0
2008-10-23 00:00:00+08:00,0.2528497556348532,0.2528497556348532,0.24231433868408203,0.24231433868408203,16333,0.0,0.0
2008-10-24 00:00:00+08:00,0.23177888989448547,0.23177888989448547,0.23177888989448547,0.23177888989448547,26999,0.0,0.0
2008-10-27 00:00:00+08:00,0.23177888989448547,0.23177888989448547,0.23177888989448547,0.23177888989448547,0,0.0,0.0
2008-10-29 00:00:00+08:00,0.2212434909886078,0.2212434909886078,0.21070809662342074,0.21070809662342072,19666,0.0,0.0
2008-10-30 00:00:00+08:00,0.20017264967538034,0.23177886963736727,0.20017264967538034,0.2212434560060501,116999,0.0,0.0
2008-10-31 00:00:00+08:00,0.21070809662342074,0.21070809662342074,0.21070809662342074,0.21070809662342072,8333,0.0,0.0
2008-11-03 00:00:00+08:00,0.23177888989448547,0.23177888989448547,0.23177888989448547,0.23177888989448547,67666,0.0,0.0
2008-11-04 00:00:00+08:00,0.2423142493041679,0.2739204466342926,0.2423142493041679,0.2739204466342926,40333,0.0,0.0
2008-11-05 00:00:00+08:00,0.28445596462322426,0.28445596462322426,0.24231433868408203,0.24231433868408203,124999,0.0,0.0
2008-11-06 00:00:00+08:00,0.2633850916868412,0.2633850916868412,0.2528496980667114,0.2528496980667114,6666,0.0,0.0
2008-11-07 00:00:00+08:00,0.2528496980667114,0.2528496980667114,0.2528496980667114,0.2528496980667114,7999,0.0,0.0
2008-11-10 00:00:00+08:00,0.27392048530697094,0.27392048530697094,0.2528496980667114,0.2528496980667114,27333,0.0,0.0
2008-11-11 00:00:00+08:00,0.27392048530697094,0.27392048530697094,0.2528496980667114,0.2528496980667114,117666,0.0,0.0
2008-11-12 00:00:00+08:00,0.2528497556348532,0.2528497556348532,0.24231433868408203,0.24231433868408203,37999,0.0,0.0
2008-11-13 00:00:00+08:00,0.23177888989448547,0.23177888989448547,0.23177888989448547,0.23177888989448547,8333,0.0,0.0
2008-11-14 00:00:00+08:00,0.2317789062857628,0.2317789062857628,0.21070809662342074,0.21070809662342072,356999,0.0,0.0
2008-11-17 00:00:00+08:00,0.21070806330669753,0.2212434560060501,0.21070806330669753,0.2212434560060501,12999,0.0,0.0
2008-11-18 00:00:00+08:00,0.2212434909886078,0.2212434909886078,0.21070809662342074,0.21070809662342072,18333,0.0,0.0
2008-11-19 00:00:00+08:00,0.21070809662342074,0.21070809662342074,0.21070809662342074,0.21070809662342072,106666,0.0,0.0
2008-11-20 00:00:00+08:00,0.20017266273498535,0.21070807705365088,0.20017266273498535,0.20017266273498535,166666,0.0,0.0
2008-11-21 00:00:00+08:00,0.20017266273498535,0.20017266273498535,0.20017266273498535,0.20017266273498535,89999,0.0,0.0
2008-11-24 00:00:00+08:00,0.20017266273498535,0.20017266273498535,0.20017266273498535,0.20017266273498535,68999,0.0,0.0
2008-11-25 00:00:00+08:00,0.20017266273498535,0.20017266273498535,0.20017266273498535,0.20017266273498535,53666,0.0,0.0
2008-11-26 00:00:00+08:00,0.20017266273498535,0.20017266273498535,0.20017266273498535,0.20017266273498535,77666,0.0,0.0
2008-11-27 00:00:00+08:00,0.21070809662342074,0.21070809662342074,0.21070809662342074,0.21070809662342072,6666,0.0,0.0
2008-11-28 00:00:00+08:00,0.20017268132626573,0.21070809662342074,0.20017268132626573,0.21070809662342072,31666,0.0,0.0
2008-12-01 00:00:00+08:00,0.21070809662342074,0.21070809662342074,0.21070809662342074,0.21070809662342072,0,0.0,0.0
2008-12-02 00:00:00+08:00,0.20017268289916598,0.20017268289916598,0.18963728845119476,0.18963728845119476,252333,0.0,0.0
2008-12-03 00:00:00+08:00,0.20017268132626573,0.21070809662342074,0.20017268132626573,0.21070809662342072,142666,0.0,0.0
2008-12-04 00:00:00+08:00,0.21070809662342074,0.21070809662342074,0.20017268132626573,0.21070809662342072,21999,0.0,0.0
2008-12-05 00:00:00+08:00,0.20017266273498535,0.20017266273498535,0.20017266273498535,0.20017266273498535,33333,0.0,0.0
2008-12-09 00:00:00+08:00,0.20017266273498535,0.21070807705365088,0.20017266273498535,0.20017266273498535,52666,0.0,0.0
2008-12-10 00:00:00+08:00,0.21070806330669753,0.2212434560060501,0.21070806330669753,0.2212434560060501,108666,0.0,0.0
2008-12-11 00:00:00+08:00,0.21070809662342074,0.21070809662342074,0.21070809662342074,0.21070809662342072,70666,0.0,0.0
2008-12-12 00:00:00+08:00,0.21070809662342074,0.21070809662342074,0.21070809662342074,0.21070809662342072,16666,0.0,0.0
2008-12-15 00:00:00+08:00,0.21070807705365088,0.21070807705365088,0.20017266273498535,0.20017266273498535,73333,0.0,0.0
2008-12-16 00:00:00+08:00,0.21070809662342074,0.21070809662342074,0.21070809662342074,0.21070809662342072,16666,0.0,0.0
2008-12-17 00:00:00+08:00,0.21070809662342074,0.21070809662342074,0.21070809662342074,0.21070809662342072,0,0.0,0.0
2008-12-18 00:00:00+08:00,0.20017266273498535,0.20017266273498535,0.20017266273498535,0.20017266273498535,9999,0.0,0.0
2008-12-19 00:00:00+08:00,0.21070809662342074,0.21070809662342074,0.21070809662342074,0.21070809662342072,21666,0.0,0.0
2008-12-22 00:00:00+08:00,0.21070809662342074,0.21070809662342074,0.21070809662342074,0.21070809662342072,3333,0.0,0.0
2008-12-23 00:00:00+08:00,0.21070809662342074,0.21070809662342074,0.21070809662342074,0.21070809662342072,0,0.0,0.0
2008-12-24 00:00:00+08:00,0.21070809662342074,0.21070809662342074,0.21070809662342074,0.21070809662342072,0,0.0,0.0
2008-12-26 00:00:00+08:00,0.21070809662342074,0.21070809662342074,0.21070809662342074,0.21070809662342072,0,0.0,0.0
2008-12-29 00:00:00+08:00,0.20017268132626573,0.21070809662342074,0.20017268132626573,0.21070809662342072,43333,0.0,0.0
2008-12-30 00:00:00+08:00,0.21070809662342074,0.21070809662342074,0.21070809662342074,0.21070809662342072,0,0.0,0.0
2008-12-31 00:00:00+08:00,0.21070809662342074,0.2212434909886078,0.21070809662342074,0.21070809662342072,104999,0.0,0.0
2009-01-02 00:00:00+08:00,0.21070809662342074,0.21070809662342074,0.21070809662342074,0.21070809662342072,16666,0.0,0.0
2009-01-05 00:00:00+08:00,0.21070809662342074,0.21070809662342074,0.21070809662342074,0.21070809662342072,0,0.0,0.0
2009-01-06 00:00:00+08:00,0.23177886963736727,0.23177886963736727,0.2212434560060501,0.2212434560060501,26666,0.0,0.0
2009-01-07 00:00:00+08:00,0.22124347534238928,0.23177888989448547,0.22124347534238928,0.23177888989448547,45999,0.0,0.0
2009-01-08 00:00:00+08:00,0.23177888989448547,0.23177888989448547,0.23177888989448547,0.23177888989448547,0,0.0,0.0
2009-01-09 00:00:00+08:00,0.23177888989448547,0.23177888989448547,0.23177888989448547,0.23177888989448547,101666,0.0,0.0
2009-01-12 00:00:00+08:00,0.2212434560060501,0.2212434560060501,0.2212434560060501,0.2212434560060501,9999,0.0,0.0
2009-01-13 00:00:00+08:00,0.2212434560060501,0.2212434560060501,0.2212434560060501,0.2212434560060501,54999,0.0,0.0
2009-01-14 00:00:00+08:00,0.23177888989448547,0.2528496980667114,0.22124347534238928,0.2528496980667114,214666,0.0,0.0
2009-01-15 00:00:00+08:00,0.23177885717144747,0.2739204466342926,0.23177885717144747,0.2739204466342926,423999,0.0,0.0
2009-01-16 00:00:00+08:00,0.2844558596989765,0.29499125183169694,0.2739204466342926,0.2739204466342926,2766663,0.0,0.0
2009-01-19 00:00:00+08:00,0.2633851170539856,0.2633851170539856,0.2633851170539856,0.2633851170539856,6666,0.0,0.0
2009-01-20 00:00:00+08:00,0.23177888989448547,0.24231428351461523,0.23177888989448547,0.23177888989448547,38333,0.0,0.0
2009-01-21 00:00:00+08:00,0.2212434909886078,0.2212434909886078,0.21070809662342074,0.21070809662342072,63333,0.0,0.0
2009-01-22 00:00:00+08:00,0.2212434966507904,0.27392051168880016,0.2212434966507904,0.2633851170539856,93333,0.0,0.0
2009-01-23 00:00:00+08:00,0.2317789062857628,0.2423143006509499,0.21070809662342074,0.21070809662342072,200666,0.0,0.0
2009-01-28 00:00:00+08:00,0.21070808172225952,0.24231428351461523,0.21070808172225952,0.23177888989448547,87999,0.0,0.0
2009-01-29 00:00:00+08:00,0.23177888989448547,0.23177888989448547,0.23177888989448547,0.23177888989448547,97666,0.0,0.0
2009-01-30 00:00:00+08:00,0.2212434560060501,0.2212434560060501,0.2212434560060501,0.2212434560060501,49999,0.0,0.0
2009-02-02 00:00:00+08:00,0.2212434560060501,0.2212434560060501,0.2212434560060501,0.2212434560060501,11999,0.0,0.0
2009-02-03 00:00:00+08:00,0.2212434560060501,0.2212434560060501,0.2212434560060501,0.2212434560060501,7666,0.0,0.0
2009-02-04 00:00:00+08:00,0.2212434560060501,0.2212434560060501,0.2212434560060501,0.2212434560060501,0,0.0,0.0
2009-02-05 00:00:00+08:00,0.2317789062857628,0.2317789062857628,0.21070809662342074,0.21070809662342072,14333,0.0,0.0
2009-02-06 00:00:00+08:00,0.21070809662342074,0.21070809662342074,0.21070809662342074,0.21070809662342072,3333,0.0,0.0
2009-02-09 00:00:00+08:00,0.2212434560060501,0.2212434560060501,0.21070806330669753,0.2212434560060501,15333,0.0,0.0
2009-02-10 00:00:00+08:00,0.2212434560060501,0.2212434560060501,0.2212434560060501,0.2212434560060501,7666,0.0,0.0
2009-02-11 00:00:00+08:00,0.2212434560060501,0.2212434560060501,0.2212434560060501,0.2212434560060501,9999,0.0,0.0
2009-02-12 00:00:00+08:00,0.2212434560060501,0.2212434560060501,0.2212434560060501,0.2212434560060501,30999,0.0,0.0
2009-02-13 00:00:00+08:00,0.2212434560060501,0.2212434560060501,0.2212434560060501,0.2212434560060501,6666,0.0,0.0
2009-02-16 00:00:00+08:00,0.21070809662342074,0.2212434909886078,0.21070809662342074,0.21070809662342072,77333,0.0,0.0
2009-02-17 00:00:00+08:00,0.22124347534238928,0.23177888989448547,0.21070808172225952,0.23177888989448547,34999,0.0,0.0
2009-02-18 00:00:00+08:00,0.21070806330669753,0.23177886963736727,0.21070806330669753,0.2212434560060501,53333,0.0,0.0
2009-02-19 00:00:00+08:00,0.23177888989448547,0.23177888989448547,0.23177888989448547,0.23177888989448547,57333,0.0,0.0
2009-02-20 00:00:00+08:00,0.2317789426652821,0.24231433868408203,0.2317789426652821,0.24231433868408203,92999,0.0,0.0
2009-02-23 00:00:00+08:00,0.2317789426652821,0.24231433868408203,0.2317789426652821,0.24231433868408203,31666,0.0,0.0
2009-02-24 00:00:00+08:00,0.24231428351461523,0.24231428351461523,0.22124347534238928,0.23177888989448547,28999,0.0,0.0
2009-02-25 00:00:00+08:00,0.2317789426652821,0.24231433868408203,0.22124352571451092,0.24231433868408203,6999,0.0,0.0
2009-02-26 00:00:00+08:00,0.2212434560060501,0.24231426233671985,0.2212434560060501,0.2212434560060501,0,0.0,0.0
2009-02-27 00:00:00+08:00,0.23177888989448547,0.23177888989448547,0.23177888989448547,0.23177888989448547,18333,0.0,0.0
2009-03-02 00:00:00+08:00,0.21070806330669753,0.2212434560060501,0.21070806330669753,0.2212434560060501,36333,0.0,0.0
2009-03-03 00:00:00+08:00,0.21070806330669753,0.23177886963736727,0.21070806330669753,0.2212434560060501,148666,0.0,0.0
2009-03-04 00:00:00+08:00,0.2212434560060501,0.2212434560060501,0.2212434560060501,0.2212434560060501,56666,0.0,0.0
2009-03-05 00:00:00+08:00,0.21070809662342074,0.2317789062857628,0.21070809662342074,0.21070809662342072,0,0.0,0.0
2009-03-06 00:00:00+08:00,0.2212434909886078,0.2212434909886078,0.21070809662342074,0.21070809662342072,10666,0.0,0.0
2009-03-09 00:00:00+08:00,0.22124347044035045,0.22124347044035045,0.20017266273498535,0.20017266273498535,61999,0.0,0.0
2009-03-10 00:00:00+08:00,0.20017266273498535,0.20017266273498535,0.20017266273498535,0.20017266273498535,0,0.0,0.0
2009-03-11 00:00:00+08:00,0.20017266273498535,0.20017266273498535,0.20017266273498535,0.20017266273498535,0,0.0,0.0
2009-03-12 00:00:00+08:00,0.20017268132626573,0.21070809662342074,0.20017268132626573,0.21070809662342072,71999,0.0,0.0
2009-03-13 00:00:00+08:00,0.21070806330669753,0.2212434560060501,0.21070806330669753,0.2212434560060501,36666,0.0,0.0
2009-03-16 00:00:00+08:00,0.2212434560060501,0.2212434560060501,0.2212434560060501,0.2212434560060501,0,0.0,0.0
2009-03-17 00:00:00+08:00,0.2212434560060501,0.2212434560060501,0.2212434560060501,0.2212434560060501,0,0.0,0.0
2009-03-18 00:00:00+08:00,0.2212434909886078,0.2317789062857628,0.21070809662342074,0.21070809662342072,39666,0.0,0.0
2009-03-19 00:00:00+08:00,0.2212434560060501,0.2212434560060501,0.2212434560060501,0.2212434560060501,36999,0.0,0.0
2009-03-20 00:00:00+08:00,0.2212434560060501,0.2212434560060501,0.2212434560060501,0.2212434560060501,6666,0.0,0.0
2009-03-23 00:00:00+08:00,0.23177888989448547,0.24231428351461523,0.23177888989448547,0.23177888989448547,43666,0.0,0.0
2009-03-24 00:00:00+08:00,0.23177888989448547,0.23177888989448547,0.23177888989448547,0.23177888989448547,21999,0.0,0.0
2009-03-25 00:00:00+08:00,0.23177888989448547,0.23177888989448547,0.23177888989448547,0.23177888989448547,0,0.0,0.0
2009-03-26 00:00:00+08:00,0.23177888989448547,0.2528496980667114,0.23177888989448547,0.2528496980667114,157333,0.0,0.0
2009-03-27 00:00:00+08:00,0.2317789426652821,0.2528497556348532,0.2317789426652821,0.24231433868408203,96666,0.0,0.0
2009-03-30 00:00:00+08:00,0.2317789062857628,0.2317789062857628,0.21070809662342074,0.21070809662342072,73333,0.0,0.0
2009-03-31 00:00:00+08:00,0.22124347534238928,0.23177888989448547,0.22124347534238928,0.23177888989448547,33333,0.0,0.0
2009-04-01 00:00:00+08:00,0.23177888989448547,0.23177888989448547,0.23177888989448547,0.23177888989448547,59999,0.0,0.0
2009-04-02 00:00:00+08:00,0.24231433868408203,0.24231433868408203,0.24231433868408203,0.24231433868408203,101666,0.0,0.0
2009-04-03 00:00:00+08:00,0.2528496980667114,0.2528496980667114,0.24231428351461523,0.2528496980667114,262999,0.0,0.0
2009-04-06 00:00:00+08:00,0.25284972241917103,0.2633851170539856,0.25284972241917103,0.2633851170539856,57333,0.0,0.0
2009-04-07 00:00:00+08:00,0.25284972241917103,0.2633851170539856,0.25284972241917103,0.2633851170539856,128333,0.0,0.0
2009-04-08 00:00:00+08:00,0.25284972241917103,0.2633851170539856,0.25284972241917103,0.2633851170539856,223333,0.0,0.0
2009-04-09 00:00:00+08:00,0.2633851170539856,0.27392051168880016,0.2633851170539856,0.2633851170539856,70999,0.0,0.0
2009-04-13 00:00:00+08:00,0.273920481036059,0.28445589542388916,0.273920481036059,0.28445589542388916,116999,0.0,0.0
2009-04-14 00:00:00+08:00,0.2949912604223012,0.31606206623332017,0.2949912604223012,0.3055266737937927,230333,0.0,0.0
2009-04-15 00:00:00+08:00,0.3055266999925328,0.3476683152281901,0.2949912857176355,0.33713290095329285,225666,0.0,0.0
2009-04-16 00:00:00+08:00,0.3371328720443391,0.3476682854158306,0.3055266737937927,0.3055266737937927,302666,0.0,0.0
2009-04-17 00:00:00+08:00,0.3160620927810669,0.3371329003619358,0.3160620927810669,0.3160620927810669,178999,0.0,0.0
2009-04-20 00:00:00+08:00,0.31606206623332017,0.31606206623332017,0.3055266737937927,0.3055266737937927,186999,0.0,0.0
2009-04-21 00:00:00+08:00,0.3055266737937927,0.3055266737937927,0.3055266737937927,0.3055266737937927,84999,0.0,0.0
2009-04-22 00:00:00+08:00,0.30552669945661537,0.3160620927810669,0.30552669945661537,0.3160620927810669,63333,0.0,0.0
2009-04-23 00:00:00+08:00,0.31606209214747,0.31606209214747,0.29499128460884094,0.29499128460884094,61666,0.0,0.0
2009-04-24 00:00:00+08:00,0.30552669945661537,0.3160620927810669,0.30552669945661537,0.3160620927810669,166666,0.0,0.0
2009-04-27 00:00:00+08:00,0.31606209214747,0.31606209214747,0.2844558913055093,0.29499128460884094,263333,0.0,0.0
2009-04-28 00:00:00+08:00,0.29499128460884094,0.29499128460884094,0.2844558913055093,0.29499128460884094,37999,0.0,0.0
2009-04-29 00:00:00+08:00,0.2949912604223012,0.3055266737937927,0.2949912604223012,0.3055266737937927,86666,0.0,0.0
2009-04-30 00:00:00+08:00,0.30552669945661537,0.3160620927810669,0.30552669945661537,0.3160620927810669,104333,0.0,0.0
2009-05-01 00:00:00+08:00,0.3160620927810669,0.3160620927810669,0.3160620927810669,0.3160620927810669,0,0.0,0.0
2009-05-04 00:00:00+08:00,0.3232453608754148,0.3232453608754148,0.31247052550315857,0.31247052550315857,173333,0.01,0.0
2009-05-05 00:00:00+08:00,0.32324534126523236,0.33402019739151,0.3124705065466483,0.33402019739151,194999,0.0,0.0
2009-05-06 00:00:00+08:00,0.32324533010553397,0.3878944218158722,0.32324533010553397,0.3878944218158722,861999,0.0,0.0
2009-05-07 00:00:00+08:00,0.38789444888442187,0.3986692839829198,0.3663447358720374,0.3771195709705353,381666,0.0,0.0
2009-05-08 00:00:00+08:00,0.3663447358720374,0.3986692839829198,0.3663447358720374,0.3771195709705353,257333,0.0,0.0
2009-05-11 00:00:00+08:00,0.37711952408169386,0.3878944006558952,0.366344690322876,0.366344690322876,459332,0.0,0.0
2009-05-12 00:00:00+08:00,0.3555698565640581,0.366344690322876,0.3555698565640581,0.366344690322876,112666,0.0,0.0
2009-05-13 00:00:00+08:00,0.3663447254683036,0.40944410745371507,0.3663447254683036,0.3986692726612091,1294998,0.0,0.0
2009-05-14 00:00:00+08:00,0.3878944006558952,0.3878944006558952,0.366344690322876,0.366344690322876,319999,0.0,0.0
2009-05-15 00:00:00+08:00,0.3771195691766733,0.3771195691766733,0.35556989908218384,0.35556989908218384,184999,0.0,0.0
2009-05-18 00:00:00+08:00,0.3447950013975485,0.366344690322876,0.33402016763873055,0.366344690322876,240999,0.0,0.0
2009-05-19 00:00:00+08:00,0.3771195709705353,0.3771195709705353,0.3663447358720374,0.3771195709705353,233333,0.0,0.0
2009-05-20 00:00:00+08:00,0.3771195709705353,0.38789444888442187,0.3663447358720374,0.3771195709705353,301666,0.0,0.0
2009-05-21 00:00:00+08:00,0.366344690322876,0.37711952408169386,0.366344690322876,0.366344690322876,21999,0.0,0.0
2009-05-22 00:00:00+08:00,0.366344690322876,0.366344690322876,0.366344690322876,0.366344690322876,57999,0.0,0.0
2009-05-25 00:00:00+08:00,0.3663447254683036,0.3986692726612091,0.3663447254683036,0.3986692726612091,358332,0.0,0.0
2009-05-26 00:00:00+08:00,0.3986692561624666,0.4094440905090611,0.3878944218158722,0.3878944218158722,491332,0.0,0.0
2009-05-27 00:00:00+08:00,0.398669317309649,0.4202189893080878,0.398669317309649,0.4094441533088684,396999,0.0,0.0
2009-05-28 00:00:00+08:00,0.40944410745371507,0.40944410745371507,0.3986692726612091,0.3986692726612091,170999,0.0,0.0
2009-05-29 00:00:00+08:00,0.398669317309649,0.4202189893080878,0.398669317309649,0.4094441533088684,327999,0.0,0.0
2009-06-01 00:00:00+08:00,0.4094441096979946,0.42021894454956055,0.4094441096979946,0.42021894454956055,439666,0.0,0.0
2009-06-02 00:00:00+08:00,0.4202189422462211,0.4202189422462211,0.3878944378687031,0.3986692726612091,481999,0.0,0.0
2009-06-03 00:00:00+08:00,0.3986692726612091,0.40944410745371507,0.3986692726612091,0.3986692726612091,303333,0.0,0.0
2009-06-04 00:00:00+08:00,0.3878944378687031,0.3986692726612091,0.3878944378687031,0.3986692726612091,166666,0.0,0.0
2009-06-05 00:00:00+08:00,0.3986692726612091,0.40944410745371507,0.3986692726612091,0.3986692726612091,102666,0.0,0.0
2009-06-08 00:00:00+08:00,0.3986692839829198,0.3986692839829198,0.3771195709705353,0.3771195709705353,238333,0.0,0.0
2009-06-09 00:00:00+08:00,0.3771195709705353,0.38789444888442187,0.35556990077353956,0.3771195709705353,321999,0.0,0.0
2009-06-10 00:00:00+08:00,0.37711954465389197,0.3878944218158722,0.37711954465389197,0.3878944218158722,68666,0.0,0.0
2009-06-11 00:00:00+08:00,0.3771195709705353,0.3771195709705353,0.3771195709705353,0.3771195709705353,109999,0.0,0.0
2009-06-12 00:00:00+08:00,0.3771195709705353,0.3771195709705353,0.3771195709705353,0.3771195709705353,81666,0.0,0.0
2009-06-15 00:00:00+08:00,0.366344690322876,0.366344690322876,0.366344690322876,0.366344690322876,63999,0.0,0.0
2009-06-16 00:00:00+08:00,0.34479504262724486,0.35556989908218384,0.34479504262724486,0.35556989908218384,66666,0.0,0.0
2009-06-17 00:00:00+08:00,0.3555698565640581,0.366344690322876,0.3447950013975485,0.366344690322876,40333,0.0,0.0
2009-06-18 00:00:00+08:00,0.3555698741334402,0.36634470842466316,0.34479501843452454,0.34479501843452454,69666,0.0,0.0
2009-06-19 00:00:00+08:00,0.3555698565640581,0.366344690322876,0.3555698565640581,0.366344690322876,29999,0.0,0.0
2009-06-22 00:00:00+08:00,0.35556989908218384,0.35556989908218384,0.35556989908218384,0.35556989908218384,36333,0.0,0.0
2009-06-23 00:00:00+08:00,0.3447950321100941,0.3447950321100941,0.32324534126523236,0.33402019739151,72666,0.0,0.0
2009-06-24 00:00:00+08:00,0.34479501843452454,0.34479501843452454,0.34479501843452454,0.34479501843452454,33333,0.0,0.0
2009-06-25 00:00:00+08:00,0.33402019739151,0.33402019739151,0.33402019739151,0.33402019739151,6666,0.0,0.0
2009-06-26 00:00:00+08:00,0.34479501843452454,0.34479501843452454,0.34479501843452454,0.34479501843452454,6666,0.0,0.0
2009-06-29 00:00:00+08:00,0.33402018414330165,0.34479501843452454,0.33402018414330165,0.34479501843452454,38666,0.0,0.0
2009-06-30 00:00:00+08:00,0.3447950321100941,0.3447950321100941,0.33402019739151,0.33402019739151,57999,0.0,0.0
2009-07-01 00:00:00+08:00,0.33402019739151,0.33402019739151,0.33402019739151,0.33402019739151,27666,0.0,0.0
2009-07-02 00:00:00+08:00,0.33402019739151,0.33402019739151,0.33402019739151,0.33402019739151,9999,0.0,0.0
2009-07-03 00:00:00+08:00,0.33402019739151,0.33402019739151,0.33402019739151,0.33402019739151,15333,0.0,0.0
2009-07-06 00:00:00+08:00,0.3340201720527481,0.3340201720527481,0.3232453167438507,0.3232453167438507,36666,0.0,0.0
2009-07-07 00:00:00+08:00,0.3232453167438507,0.3232453167438507,0.3232453167438507,0.3232453167438507,66999,0.0,0.0
2009-07-08 00:00:00+08:00,0.3232453167438507,0.3232453167438507,0.3124704828426453,0.3232453167438507,135333,0.0,0.0
2009-07-09 00:00:00+08:00,0.32324534126523236,0.33402019739151,0.32324534126523236,0.33402019739151,48333,0.0,0.0
2009-07-10 00:00:00+08:00,0.33402019739151,0.33402019739151,0.33402019739151,0.33402019739151,41666,0.0,0.0
2009-07-13 00:00:00+08:00,0.3340201720527481,0.3340201720527481,0.3232453167438507,0.3232453167438507,84999,0.0,0.0
2009-07-14 00:00:00+08:00,0.33402018414330165,0.3555698741334402,0.33402018414330165,0.34479501843452454,49999,0.0,0.0
2009-07-15 00:00:00+08:00,0.35556990077353956,0.3771195709705353,0.35556990077353956,0.3771195709705353,181666,0.0,0.0
2009-07-16 00:00:00+08:00,0.3878944218158722,0.3878944218158722,0.37711954465389197,0.3878944218158722,327999,0.0,0.0
2009-07-17 00:00:00+08:00,0.3663447358720374,0.3771195709705353,0.3663447358720374,0.3771195709705353,24999,0.0,0.0
2009-07-20 00:00:00+08:00,0.3878944218158722,0.3986692561624666,0.3878944218158722,0.3878944218158722,212333,0.0,0.0
2009-07-21 00:00:00+08:00,0.38789444888442187,0.38789444888442187,0.3771195709705353,0.3771195709705353,44999,0.0,0.0
2009-07-22 00:00:00+08:00,0.3878944218158722,0.3986692561624666,0.3878944218158722,0.3878944218158722,127666,0.0,0.0
2009-07-23 00:00:00+08:00,0.3878944218158722,0.3878944218158722,0.3878944218158722,0.3878944218158722,14666,0.0,0.0
2009-07-24 00:00:00+08:00,0.3878944813104296,0.44176870412191893,0.3771196024958179,0.4094441533088684,389666,0.0,0.0
2009-07-27 00:00:00+08:00,0.42021894454956055,0.4309938222165142,0.4094441096979946,0.42021894454956055,84333,0.0,0.0
2009-07-28 00:00:00+08:00,0.4094441533088684,0.4094441533088684,0.398669317309649,0.4094441533088684,57666,0.0,0.0
2009-07-29 00:00:00+08:00,0.4094441533088684,0.4094441533088684,0.398669317309649,0.4094441533088684,51666,0.0,0.0
2009-07-30 00:00:00+08:00,0.3878944426774979,0.43099382519721985,0.3878944426774979,0.43099382519721985,182999,0.0,0.0
2009-07-31 00:00:00+08:00,0.4309938681226995,0.4309938681226995,0.4094441533088684,0.4094441533088684,169666,0.0,0.0
2009-08-03 00:00:00+08:00,0.4309937419869467,0.4633182405244328,0.4202188663257382,0.4525434076786041,1241332,0.0,0.0
2009-08-04 00:00:00+08:00,0.4633182405244328,0.49564278187729877,0.4525434076786041,0.4525434076786041,500666,0.0,0.0
2009-08-05 00:00:00+08:00,0.4633182841590863,0.4740931608350573,0.441768616437912,0.441768616437912,203666,0.0,0.0
2009-08-06 00:00:00+08:00,0.4309938441623341,0.4740932285785675,0.4309938441623341,0.4740932285785675,179333,0.0,0.0
2009-08-07 00:00:00+08:00,0.45254345029849913,0.45254345029849913,0.441768616437912,0.441768616437912,37999,0.0,0.0
2009-08-11 00:00:00+08:00,0.45254358500920683,0.5064178131645131,0.45254358500920683,0.4848681390285492,721999,0.0,0.0
2009-08-12 00:00:00+08:00,0.49564294611444737,0.5171926617622375,0.48486810969824923,0.5171926617622375,850665,0.0,0.0
2009-08-13 00:00:00+08:00,0.5171925342078603,0.5602918692431319,0.5171925342078603,0.549517035484314,1164665,0.0,0.0
2009-08-14 00:00:00+08:00,0.549517035484314,0.549517035484314,0.538742201725496,0.549517035484314,307666,0.0,0.0
2009-08-17 00:00:00+08:00,0.5495171239914296,0.5495171239914296,0.5171926175086798,0.5279674530029297,462666,0.0,0.0
2009-08-18 00:00:00+08:00,0.5171926617622375,0.5171926617622375,0.48486810969824923,0.5171926617622375,425666,0.0,0.0
2009-08-19 00:00:00+08:00,0.5064178131645131,0.5064178131645131,0.4848681390285492,0.4848681390285492,129666,0.0,0.0
2009-08-20 00:00:00+08:00,0.5064177513122559,0.5171926298796249,0.5064177513122559,0.5064177513122559,274333,0.0,0.0
2009-08-21 00:00:00+08:00,0.5064177513122559,0.5064177513122559,0.4956429155602782,0.5064177513122559,275666,0.0,0.0
2009-08-24 00:00:00+08:00,0.538742224935217,0.6033912730886735,0.538742224935217,0.5926164388656616,1992998,0.0,0.0
2009-08-25 00:00:00+08:00,0.6033913222447926,0.6141662001609802,0.5926164871439937,0.6141662001609802,957332,0.0,0.0
2009-08-26 00:00:00+08:00,0.6357158070944898,0.6895900200521715,0.6249409730660305,0.6788151860237122,1755998,0.0,0.0
2009-08-27 00:00:00+08:00,0.6895900200521715,0.7003648968960154,0.6572655179667932,0.6788151860237122,953999,0.0,0.0
2009-08-28 00:00:00+08:00,0.6680404995554327,0.6680404995554327,0.6464907839231187,0.6572656631469727,476332,0.0,0.0
2009-08-31 00:00:00+08:00,0.6572656159360681,0.6572656159360681,0.635715901851654,0.635715901851654,138999,0.0,0.0
2009-09-01 00:00:00+08:00,0.6357157995864959,0.6572655102042908,0.6357157995864959,0.6464906334877014,634999,0.0,0.0
2009-09-02 00:00:00+08:00,0.6249410662171425,0.635715901851654,0.614166230582631,0.635715901851654,525666,0.0,0.0
2009-09-03 00:00:00+08:00,0.6130898806308659,0.6240379476180932,0.6021418571472168,0.6021418571472168,319999,0.014,0.0
2009-09-04 00:00:00+08:00,0.6021418571472168,0.6130898806308659,0.6021418571472168,0.6021418571472168,118999,0.0,0.0
2009-09-07 00:00:00+08:00,0.6130899882936329,0.6130899882936329,0.5802459120750427,0.5802459120750427,185666,0.0,0.0
2009-09-08 00:00:00+08:00,0.5911938336635677,0.6130898806308659,0.5802458101799186,0.6021418571472168,219666,0.0,0.0
2009-09-09 00:00:00+08:00,0.6021419628874362,0.6021419628874362,0.5802459120750427,0.5802459120750427,167333,0.0,0.0
2009-09-10 00:00:00+08:00,0.5802458101799186,0.6130898806308659,0.5802458101799186,0.6021418571472168,83333,0.0,0.0
2009-09-11 00:00:00+08:00,0.6021418571472168,0.6021418571472168,0.5911938336635677,0.6021418571472168,81999,0.0,0.0
2009-09-14 00:00:00+08:00,0.5911939374812395,0.5911939374812395,0.5802459120750427,0.5802459120750427,240666,0.0,0.0
2009-09-15 00:00:00+08:00,0.5802459120750427,0.5802459120750427,0.5692978431652602,0.5802459120750427,90666,0.0,0.0
2009-09-16 00:00:00+08:00,0.5911939217876598,0.62403804063797,0.5802458966720846,0.62403804063797,310666,0.0,0.0
2009-09-17 00:00:00+08:00,0.6240380572034155,0.6240380572034155,0.5802459120750427,0.5802459120750427,476332,0.0,0.0
2009-09-18 00:00:00+08:00,0.580245713931868,0.5911937355995178,0.580245713931868,0.5911937355995178,310333,0.0,0.0
2009-09-21 00:00:00+08:00,0.5911937355995178,0.5911937355995178,0.5911937355995178,0.5911937355995178,0,0.0,0.0
2009-09-22 00:00:00+08:00,0.5911939374812395,0.5911939374812395,0.5802459120750427,0.5802459120750427,118666,0.0,0.0
2009-09-23 00:00:00+08:00,0.5802459120750427,0.5802459120750427,0.5802459120750427,0.5802459120750427,101999,0.0,0.0
2009-09-24 00:00:00+08:00,0.5802459120750427,0.5802459120750427,0.5802459120750427,0.5802459120750427,119999,0.0,0.0
2009-09-25 00:00:00+08:00,0.5802458966720846,0.6459340908691203,0.5802458966720846,0.62403804063797,2040664,0.0,0.0
2009-09-28 00:00:00+08:00,0.6130899375335384,0.6897261960390739,0.6130899375335384,0.6787781715393066,1946331,0.0,0.0
2009-09-29 00:00:00+08:00,0.7116221490164268,0.875843354386189,0.7116221490164268,0.8211031556129456,14885318,0.0,0.0
2009-09-30 00:00:00+08:00,0.8211031351109046,0.8211031351109046,0.7335188714648863,0.7663630247116089,1663331,0.0,0.0
2009-10-01 00:00:00+08:00,0.7444671547532303,0.7554151793948688,0.7006742296186032,0.7116222977638245,950665,0.0,0.0
2009-10-02 00:00:00+08:00,0.6897261960390739,0.7116222885421908,0.6568820790361898,0.6787781715393066,1065998,0.0,0.0
2009-10-05 00:00:00+08:00,0.6897261225466069,0.6897261225466069,0.6130898722069025,0.645933985710144,1116332,0.0,0.0
2009-10-06 00:00:00+08:00,0.6678300352732703,0.6678300352732703,0.6240379010995547,0.6349859237670898,1189332,0.0,0.0
2009-10-07 00:00:00+08:00,0.6678301470395394,0.6897261960390739,0.6568820790361898,0.6787781715393066,1920331,0.0,0.0
2009-10-08 00:00:00+08:00,0.6787780901580734,0.7882591485977173,0.6678300669709054,0.7882591485977173,3712996,0.0,0.0
2009-10-09 00:00:00+08:00,0.7992070909511864,0.8211031351109046,0.7554150026317498,0.7663630247116089,2840663,0.0,0.0
2009-10-12 00:00:00+08:00,0.7773111254105493,0.7882591485977173,0.7554150790362132,0.7882591485977173,612332,0.0,0.0
2009-10-13 00:00:00+08:00,0.777311046791468,0.8101551130310455,0.7554150026317498,0.7663630247116089,1611665,0.0,0.0
2009-10-14 00:00:00+08:00,0.7663631022233812,0.7992071717848853,0.7554150790362132,0.7882591485977173,1504331,0.0,0.0
2009-10-15 00:00:00+08:00,0.7992071748970454,0.7992071748970454,0.7554150819778442,0.7554150819778442,1533998,0.0,0.0
2009-10-16 00:00:00+08:00,0.7663631052076445,0.7882591516672451,0.744467058748044,0.7554150819778442,1349331,0.0,0.0
2009-10-19 00:00:00+08:00,0.7554152281272358,0.8539475432655363,0.7444672027793325,0.8429995179176331,5736327,0.0,0.0
2009-10-20 00:00:00+08:00,0.8429994552908613,0.8429994552908613,0.777311221076276,0.7992072701454163,2542997,0.0,0.0
2009-10-21 00:00:00+08:00,0.777311221076276,0.8211033192145564,0.777311221076276,0.7992072701454163,1197998,0.0,0.0
2009-10-22 00:00:00+08:00,0.7882591092959745,0.7992071319372861,0.7663630640133515,0.7773110866546631,847332,0.0,0.0
2009-10-23 00:00:00+08:00,0.7882591485977173,0.8101551949720533,0.7773111254105493,0.7882591485977173,1216998,0.0,0.0
2009-10-26 00:00:00+08:00,0.7663630247116089,0.7992070909511864,0.7663630247116089,0.7663630247116089,1032665,0.0,0.0
2009-10-27 00:00:00+08:00,0.7663631052076445,0.7663631052076445,0.744467058748044,0.7554150819778442,1032332,0.0,0.0
2009-10-28 00:00:00+08:00,0.7554150937638247,0.7554150937638247,0.7225702404975891,0.7225702404975891,748999,0.0,0.0
2009-10-29 00:00:00+08:00,0.7116222152889021,0.7444670684716861,0.6897261250397348,0.7335189580917358,997999,0.0,0.0
2009-10-30 00:00:00+08:00,0.7663632040365073,0.7663632040365073,0.7006742296186032,0.7116222977638245,1101998,0.0,0.0
2009-11-02 00:00:00+08:00,0.678778070859673,0.722570205866864,0.6678300479837692,0.7006741166114807,905332,0.0,0.0
2009-11-03 00:00:00+08:00,0.7006742205388413,0.7006742205388413,0.6568820790361898,0.6787781715393066,562666,0.0,0.0
2009-11-04 00:00:00+08:00,0.6787781497297161,0.6897261738777161,0.6787781497297161,0.6897261738777161,550332,0.0,0.0
2009-11-05 00:00:00+08:00,0.6787780992133855,0.6787780992133855,0.645933985710144,0.645933985710144,569332,0.0,0.0
2009-11-06 00:00:00+08:00,0.6787780992133855,0.6787780992133855,0.6349859623769227,0.645933985710144,482332,0.0,0.0
2009-11-09 00:00:00+08:00,0.6459340545364225,0.6787781715393066,0.6349860300366552,0.6787781715393066,542332,0.0,0.0
2009-11-10 00:00:00+08:00,0.6897261005020541,0.6897261005020541,0.6568819880485535,0.6568819880485535,692665,0.0,0.0
2009-11-11 00:00:00+08:00,0.6568820790361898,0.6787781715393066,0.6568820790361898,0.6787781715393066,286666,0.0,0.0
2009-11-12 00:00:00+08:00,0.6678300545354379,0.6678300545354379,0.6459339650652454,0.6568819880485535,433666,0.0,0.0
2009-11-13 00:00:00+08:00,0.6459340545364225,0.6897261960390739,0.6459340545364225,0.6787781715393066,637332,0.0,0.0
2009-11-17 00:00:00+08:00,0.7225703130419582,0.7225703130419582,0.6787781715393066,0.6787781715393066,576666,0.0,0.0
2009-11-18 00:00:00+08:00,0.6897261960390739,0.6897261960390739,0.6787781715393066,0.6787781715393066,146333,0.0,0.0
2009-11-19 00:00:00+08:00,0.678778077518746,0.678778077518746,0.6568819880485535,0.6568819880485535,500999,0.0,0.0
2009-11-20 00:00:00+08:00,0.6678301095962524,0.678778133482196,0.6568820422067291,0.6678301095962524,350332,0.0,0.0
2009-11-23 00:00:00+08:00,0.6678301095962524,0.6897261573681395,0.6568820422067291,0.6678301095962524,453999,0.0,0.0
2009-11-24 00:00:00+08:00,0.678778133482196,0.678778133482196,0.6568820422067291,0.6678301095962524,546999,0.0,0.0
2009-11-25 00:00:00+08:00,0.6568819880485535,0.6568819880485535,0.6568819880485535,0.6568819880485535,85333,0.0,0.0
2009-11-26 00:00:00+08:00,0.678778077518746,0.678778077518746,0.6568819880485535,0.6568819880485535,326333,0.0,0.0
2009-11-30 00:00:00+08:00,0.645933985710144,0.6678300758801642,0.645933985710144,0.645933985710144,407666,0.0,0.0
2009-12-01 00:00:00+08:00,0.6568819880485535,0.6678300545354379,0.6459339650652454,0.6568819880485535,362332,0.0,0.0
2009-12-02 00:00:00+08:00,0.6678301095962524,0.678778133482196,0.6678301095962524,0.6678301095962524,417666,0.0,0.0
2009-12-03 00:00:00+08:00,0.667830125581716,0.6897261738777161,0.6568820579301351,0.6897261738777161,1093332,0.0,0.0
2009-12-04 00:00:00+08:00,0.678778133482196,0.6897261573681395,0.6678301095962524,0.6678301095962524,375999,0.0,0.0
2009-12-07 00:00:00+08:00,0.678778077518746,0.6897261005020541,0.6568819880485535,0.6568819880485535,303333,0.0,0.0
2009-12-08 00:00:00+08:00,0.6678301470395394,0.6787781715393066,0.6678301470395394,0.6787781715393066,261999,0.0,0.0
2009-12-09 00:00:00+08:00,0.667830125581716,0.7006741980257161,0.667830125581716,0.6897261738777161,808665,0.0,0.0
2009-12-10 00:00:00+08:00,0.6897261960390739,0.7116222885421908,0.6678301470395394,0.6787781715393066,1612331,0.0,0.0
2009-12-11 00:00:00+08:00,0.6897261738777161,0.7006741980257161,0.667830125581716,0.6897261738777161,475999,0.0,0.0
2009-12-14 00:00:00+08:00,0.6678301470395394,0.6897261960390739,0.6678301470395394,0.6787781715393066,91666,0.0,0.0
2009-12-15 00:00:00+08:00,0.6678301095962524,0.678778133482196,0.6678301095962524,0.6678301095962524,382332,0.0,0.0
2009-12-16 00:00:00+08:00,0.6678300545354379,0.6678300545354379,0.6568819880485535,0.6568819880485535,320666,0.0,0.0
2009-12-17 00:00:00+08:00,0.6678300545354379,0.6678300545354379,0.6568819880485535,0.6568819880485535,268333,0.0,0.0
2009-12-18 00:00:00+08:00,0.6568819880485535,0.6678300545354379,0.6568819880485535,0.6568819880485535,330666,0.0,0.0
2009-12-21 00:00:00+08:00,0.6678301095962524,0.6678301095962524,0.6568820422067291,0.6678301095962524,193666,0.0,0.0
2009-12-22 00:00:00+08:00,0.6678300545354379,0.6678300545354379,0.6568819880485535,0.6568819880485535,221666,0.0,0.0
2009-12-23 00:00:00+08:00,0.6568820090433654,0.6568820090433654,0.645933985710144,0.645933985710144,174999,0.0,0.0
2009-12-28 00:00:00+08:00,0.6459340183207856,0.678778133482196,0.6459340183207856,0.6678301095962524,532999,0.0,0.0
2009-12-29 00:00:00+08:00,0.6678301470395394,0.6787781715393066,0.6678301470395394,0.6787781715393066,190333,0.0,0.0
2009-12-30 00:00:00+08:00,0.6678301095962524,0.6678301095962524,0.6678301095962524,0.6678301095962524,214999,0.0,0.0
2010-01-04 00:00:00+08:00,0.6678300479837692,0.7006741166114807,0.6678300479837692,0.7006741166114807,938665,0.0,0.0
2010-01-05 00:00:00+08:00,0.7116221829909603,0.7335189247999805,0.7006741166114807,0.7006741166114807,1984331,0.0,0.0
2010-01-06 00:00:00+08:00,0.7006741980257161,0.711622265677297,0.6897261738777161,0.6897261738777161,727665,0.0,0.0
2010-01-07 00:00:00+08:00,0.7006741166114807,0.7006741166114807,0.6897260937355768,0.7006741166114807,110999,0.0,0.0
2010-01-08 00:00:00+08:00,0.6897262049769647,0.7225703224054629,0.6897262049769647,0.7116222977638245,795999,0.0,0.0
2010-01-11 00:00:00+08:00,0.7225702404975891,0.7444670703632134,0.7116222170969779,0.7225702404975891,1494331,0.0,0.0
2010-01-12 00:00:00+08:00,0.7335190335990412,0.7335190335990412,0.6787781715393066,0.6787781715393066,640332,0.0,0.0
2010-01-13 00:00:00+08:00,0.6897261738777161,0.7006741980257161,0.6897261738777161,0.6897261738777161,444999,0.0,0.0
2010-01-14 00:00:00+08:00,0.7006741980257161,0.7006741980257161,0.6897261738777161,0.6897261738777161,214333,0.0,0.0
2010-01-15 00:00:00+08:00,0.6897261573681395,0.6897261573681395,0.6678301095962524,0.6678301095962524,332333,0.0,0.0
2010-01-18 00:00:00+08:00,0.678778133482196,0.678778133482196,0.6678301095962524,0.6678301095962524,545666,0.0,0.0
2010-01-19 00:00:00+08:00,0.678778133482196,0.678778133482196,0.6678301095962524,0.6678301095962524,391332,0.0,0.0
2010-01-20 00:00:00+08:00,0.678778133482196,0.678778133482196,0.6568820422067291,0.6678301095962524,262666,0.0,0.0
2010-01-21 00:00:00+08:00,0.6568819880485535,0.6678300545354379,0.6568819880485535,0.6568819880485535,308999,0.0,0.0
2010-01-22 00:00:00+08:00,0.6678300758801642,0.6678300758801642,0.645933985710144,0.645933985710144,273333,0.0,0.0
2010-01-25 00:00:00+08:00,0.6459339650652454,0.6568819880485535,0.6459339650652454,0.6568819880485535,112333,0.0,0.0
2010-01-26 00:00:00+08:00,0.6568820180690405,0.6568820180690405,0.5802458101799186,0.6021418571472168,1048998,0.0,0.0
2010-01-27 00:00:00+08:00,0.6130899882936329,0.6130899882936329,0.5692978431652602,0.5802459120750427,516332,0.0,0.0
2010-01-28 00:00:00+08:00,0.5911938336635677,0.6021418571472168,0.5911938336635677,0.6021418571472168,309999,0.0,0.0
2010-01-29 00:00:00+08:00,0.5911939374812395,0.5911939374812395,0.5802459120750427,0.5802459120750427,134999,0.0,0.0
2010-02-01 00:00:00+08:00,0.580245713931868,0.5911937355995178,0.580245713931868,0.5911937355995178,99666,0.0,0.0
2010-02-02 00:00:00+08:00,0.5911939374812395,0.6021419628874362,0.5802459120750427,0.5802459120750427,238666,0.0,0.0
2010-02-03 00:00:00+08:00,0.5911937355995178,0.5911937355995178,0.5911937355995178,0.5911937355995178,252666,0.0,0.0
2010-02-04 00:00:00+08:00,0.5911939374812395,0.5911939374812395,0.5802459120750427,0.5802459120750427,68666,0.0,0.0
2010-02-05 00:00:00+08:00,0.569297730922699,0.569297730922699,0.558349707675011,0.569297730922699,121999,0.0,0.0
2010-02-08 00:00:00+08:00,0.569297730922699,0.569297730922699,0.558349707675011,0.569297730922699,82666,0.0,0.0
2010-02-09 00:00:00+08:00,0.569297730922699,0.569297730922699,0.569297730922699,0.569297730922699,74666,0.0,0.0
2010-02-10 00:00:00+08:00,0.5802459120750427,0.5802459120750427,0.5692978431652602,0.5802459120750427,74999,0.0,0.0
2010-02-11 00:00:00+08:00,0.5583498177590634,0.5802459120750427,0.5583498177590634,0.5802459120750427,23333,0.0,0.0
2010-02-12 00:00:00+08:00,0.5692978431652602,0.5802459120750427,0.5692978431652602,0.5802459120750427,3999,0.0,0.0
2010-02-17 00:00:00+08:00,0.5911937355995178,0.5911937355995178,0.569297648760647,0.5911937355995178,55666,0.0,0.0
2010-02-18 00:00:00+08:00,0.5911937355995178,0.5911937355995178,0.5911937355995178,0.5911937355995178,34999,0.0,0.0
2010-02-19 00:00:00+08:00,0.5802459120750427,0.5802459120750427,0.5802459120750427,0.5802459120750427,33999,0.0,0.0
2010-02-22 00:00:00+08:00,0.5802459120750427,0.5802459120750427,0.5802459120750427,0.5802459120750427,86666,0.0,0.0
2010-02-23 00:00:00+08:00,0.5802459120750427,0.5802459120750427,0.5802459120750427,0.5802459120750427,30333,0.0,0.0
2010-02-24 00:00:00+08:00,0.5802457836618206,0.6568819880485535,0.5802457836618206,0.6568819880485535,605999,0.0,0.0
2010-02-25 00:00:00+08:00,0.6568819691021602,0.6568819691021602,0.6349859237670898,0.6349859237670898,468666,0.0,0.0
2010-02-26 00:00:00+08:00,0.6349859237670898,0.6459339464346251,0.6240379010995547,0.6349859237670898,389999,0.0,0.0
2010-03-01 00:00:00+08:00,0.6349859623769227,0.6568820090433654,0.6349859623769227,0.645933985710144,459999,0.0,0.0
2010-03-02 00:00:00+08:00,0.6459339464346251,0.6459339464346251,0.6349859237670898,0.6349859237670898,66999,0.0,0.0
2010-03-03 00:00:00+08:00,0.6349859237670898,0.6349859237670898,0.6349859237670898,0.6349859237670898,90333,0.0,0.0
2010-03-04 00:00:00+08:00,0.634986010934699,0.634986010934699,0.613089919090271,0.613089919090271,107333,0.0,0.0
2010-03-05 00:00:00+08:00,0.6349859237670898,0.6568819691021602,0.6349859237670898,0.6349859237670898,279333,0.0,0.0
2010-03-08 00:00:00+08:00,0.645933985710144,0.645933985710144,0.6349859623769227,0.645933985710144,345332,0.0,0.0
2010-03-09 00:00:00+08:00,0.645933985710144,0.645933985710144,0.645933985710144,0.645933985710144,85999,0.0,0.0
2010-03-10 00:00:00+08:00,0.6459340545364225,0.6787781715393066,0.6459340545364225,0.6787781715393066,668332,0.0,0.0
2010-03-11 00:00:00+08:00,0.678778077518746,0.678778077518746,0.6568819880485535,0.6568819880485535,159333,0.0,0.0
2010-03-12 00:00:00+08:00,0.6568819880485535,0.6568819880485535,0.6568819880485535,0.6568819880485535,133666,0.0,0.0
2010-03-15 00:00:00+08:00,0.6568820090433654,0.6568820090433654,0.645933985710144,0.645933985710144,183333,0.0,0.0
2010-03-16 00:00:00+08:00,0.645933985710144,0.645933985710144,0.6349859623769227,0.645933985710144,120333,0.0,0.0
2010-03-17 00:00:00+08:00,0.6568819880485535,0.6678300545354379,0.6459339650652454,0.6568819880485535,287333,0.0,0.0
2010-03-18 00:00:00+08:00,0.645933985710144,0.645933985710144,0.6349859623769227,0.645933985710144,153666,0.0,0.0
2010-03-19 00:00:00+08:00,0.6568820090433654,0.6568820090433654,0.645933985710144,0.645933985710144,56999,0.0,0.0
2010-03-22 00:00:00+08:00,0.645933985710144,0.645933985710144,0.645933985710144,0.645933985710144,156999,0.0,0.0
2010-03-23 00:00:00+08:00,0.645933985710144,0.6568820090433654,0.645933985710144,0.645933985710144,199333,0.0,0.0
2010-03-24 00:00:00+08:00,0.6459340183207856,0.678778133482196,0.6459340183207856,0.6678301095962524,1062998,0.0,0.0
2010-03-25 00:00:00+08:00,0.667830125581716,0.6897261738777161,0.667830125581716,0.6897261738777161,1014332,0.0,0.0
2010-03-26 00:00:00+08:00,0.6897260937355768,0.7116221829909603,0.6897260937355768,0.7006741166114807,1338331,0.0,0.0
2010-03-29 00:00:00+08:00,0.6897260937355768,0.7006741166114807,0.6897260937355768,0.7006741166114807,351332,0.0,0.0
2010-03-30 00:00:00+08:00,0.6897261960390739,0.6897261960390739,0.6787781715393066,0.6787781715393066,505999,0.0,0.0
2010-03-31 00:00:00+08:00,0.6897261960390739,0.6897261960390739,0.6787781715393066,0.6787781715393066,254333,0.0,0.0
2010-04-01 00:00:00+08:00,0.6678301470395394,0.6787781715393066,0.6678301470395394,0.6787781715393066,197333,0.0,0.0
2010-04-05 00:00:00+08:00,0.6787781715393066,0.6787781715393066,0.6787781715393066,0.6787781715393066,321666,0.0,0.0
2010-04-06 00:00:00+08:00,0.6897260937355768,0.7116221829909603,0.6897260937355768,0.7006741166114807,1228332,0.0,0.0
2010-04-07 00:00:00+08:00,0.7006742296186032,0.7335190431044263,0.7006742296186032,0.7116222977638245,1272665,0.0,0.0
2010-04-08 00:00:00+08:00,0.7116222977638245,0.7116222977638245,0.7116222977638245,0.7116222977638245,313333,0.0,0.0
2010-04-09 00:00:00+08:00,0.7225703652039869,0.7554152241388248,0.7225703652039869,0.7444671988487244,2082664,0.0,0.0
2010-04-12 00:00:00+08:00,0.7554150026317498,0.777311046791468,0.7444669805518906,0.7663630247116089,1042665,0.0,0.0
2010-04-13 00:00:00+08:00,0.7554152241388248,0.7554152241388248,0.7335190865514534,0.7444671988487244,421999,0.0,0.0
2010-04-14 00:00:00+08:00,0.7444671988487244,0.7444671988487244,0.7335190865514534,0.7444671988487244,369999,0.0,0.0
2010-04-15 00:00:00+08:00,0.7663632494289251,0.7663632494289251,0.7335190865514534,0.7444671988487244,435332,0.0,0.0
2010-04-16 00:00:00+08:00,0.7444670684716861,0.7444670684716861,0.7335189580917358,0.7335189580917358,185999,0.0,0.0
2010-04-19 00:00:00+08:00,0.7225702404975891,0.7225702404975891,0.7006741501927888,0.7225702404975891,424999,0.0,0.0
2010-04-20 00:00:00+08:00,0.7116222170969779,0.7225702404975891,0.7116222170969779,0.7225702404975891,136666,0.0,0.0
2010-04-21 00:00:00+08:00,0.7225702404975891,0.7335189599554464,0.7225702404975891,0.7225702404975891,237333,0.0,0.0
2010-04-22 00:00:00+08:00,0.7225702404975891,0.7335189599554464,0.7225702404975891,0.7225702404975891,85999,0.0,0.0
2010-04-23 00:00:00+08:00,0.7225702292240539,0.7663631052076445,0.7225702292240539,0.7554150819778442,844665,0.0,0.0
2010-04-26 00:00:00+08:00,0.7554150819778442,0.7554150819778442,0.744467058748044,0.7554150819778442,304333,0.0,0.0
2010-04-27 00:00:00+08:00,0.744467058748044,0.7554150819778442,0.7335189485110893,0.7554150819778442,338666,0.0,0.0
2010-04-28 00:00:00+08:00,0.7444670703632134,0.7444670703632134,0.7116222170969779,0.7225702404975891,185999,0.0,0.0
2010-04-29 00:00:00+08:00,0.7225702404975891,0.7335189599554464,0.7225702404975891,0.7225702404975891,336332,0.0,0.0
2010-04-30 00:00:00+08:00,0.7335190431044263,0.7335190431044263,0.7116222977638245,0.7116222977638245,200999,0.0,0.0
2010-05-03 00:00:00+08:00,0.6818160864483238,0.6818160864483238,0.6706387400627136,0.6706387400627136,324999,0.02,0.0
2010-05-04 00:00:00+08:00,0.6706387400627136,0.6706387400627136,0.6594614380917534,0.6706387400627136,262666,0.0,0.0
2010-05-05 00:00:00+08:00,0.6594614380917534,0.6706387400627136,0.6482841361207932,0.6706387400627136,765332,0.0,0.0
2010-05-06 00:00:00+08:00,0.6706388130763556,0.6929934638667167,0.6594615098885025,0.6818161606788635,874332,0.0,0.0
2010-05-07 00:00:00+08:00,0.6594613179747847,0.670638617909866,0.637106718104622,0.6482840180397034,410666,0.0,0.0
2010-05-10 00:00:00+08:00,0.648284136675332,0.6594614386558533,0.648284136675332,0.6594614386558533,126666,0.0,0.0
2010-05-11 00:00:00+08:00,0.6818159622595892,0.6818159622595892,0.6482840180397034,0.6482840180397034,206666,0.0,0.0
2010-05-12 00:00:00+08:00,0.6371068209852799,0.6371068209852799,0.6147521730906241,0.6259294748306274,579999,0.0,0.0
2010-05-13 00:00:00+08:00,0.6259294748306274,0.6259294748306274,0.6259294748306274,0.6259294748306274,330666,0.0,0.0
2010-05-14 00:00:00+08:00,0.6259294748306274,0.6259294748306274,0.6259294748306274,0.6259294748306274,48333,0.0,0.0
2010-05-17 00:00:00+08:00,0.6259294755215907,0.6259294755215907,0.6035748720169067,0.6035748720169067,178333,0.0,0.0
2010-05-18 00:00:00+08:00,0.6035748716777066,0.6147521734237671,0.592397569931646,0.6147521734237671,80999,0.0,0.0
2010-05-19 00:00:00+08:00,0.6035747950630851,0.6035747950630851,0.5812201499938965,0.5812201499938965,306999,0.0,0.0
2010-05-20 00:00:00+08:00,0.5923975555559723,0.5923975555559723,0.5700429081916809,0.5700429081916809,227999,0.0,0.0
2010-05-21 00:00:00+08:00,0.5476882468960866,0.5588655471801758,0.5476882468960866,0.5588655471801758,188999,0.0,0.0
2010-05-24 00:00:00+08:00,0.5588656068555558,0.5588656068555558,0.5476883053779602,0.5476883053779602,129666,0.0,0.0
2010-05-25 00:00:00+08:00,0.5476882896890705,0.5588655908464849,0.5253336429595947,0.5253336429595947,427999,0.0,0.0
2010-05-26 00:00:00+08:00,0.5365110039710999,0.5365110039710999,0.5253336580773826,0.5365110039710999,183666,0.0,0.0
2010-05-27 00:00:00+08:00,0.5365110037672159,0.5700429081916809,0.5365110037672159,0.5700429081916809,222333,0.0,0.0
2010-05-31 00:00:00+08:00,0.5588656067168593,0.5700429081916809,0.5588656067168593,0.5700429081916809,68333,0.0,0.0
2010-06-01 00:00:00+08:00,0.5812202096665026,0.5812202096665026,0.5700429081916809,0.5700429081916809,95333,0.0,0.0
2010-06-02 00:00:00+08:00,0.5700428496666239,0.5812201499938965,0.5700428496666239,0.5812201499938965,104999,0.0,0.0
2010-06-03 00:00:00+08:00,0.5923975702645647,0.6035748720169067,0.5923975702645647,0.6035748720169067,148999,0.0,0.0
2010-06-04 00:00:00+08:00,0.6035748716777066,0.6147521734237671,0.6035748716777066,0.6147521734237671,157666,0.0,0.0
2010-06-07 00:00:00+08:00,0.5812202240975736,0.6035748720169067,0.5812202240975736,0.6035748720169067,168999,0.0,0.0
2010-06-08 00:00:00+08:00,0.6035748720169067,0.6035748720169067,0.6035748720169067,0.6035748720169067,101999,0.0,0.0
2010-06-09 00:00:00+08:00,0.6035748713506207,0.6259294748306274,0.6035748713506207,0.6259294748306274,313333,0.0,0.0
2010-06-10 00:00:00+08:00,0.6259294748306274,0.6259294748306274,0.6259294748306274,0.6259294748306274,356999,0.0,0.0
2010-06-11 00:00:00+08:00,0.5812201499938965,0.6482840407868189,0.5812201499938965,0.5812201499938965,0,0.0,0.0
2010-06-14 00:00:00+08:00,0.6371068209852799,0.6371068209852799,0.6259294748306274,0.6259294748306274,43999,0.0,0.0
2010-06-15 00:00:00+08:00,0.6259294751698277,0.6259294751698277,0.6147521734237671,0.6147521734237671,14666,0.0,0.0
2010-06-16 00:00:00+08:00,0.6259295479857789,0.6371068954467773,0.6259295479857789,0.6371068954467773,125666,0.0,0.0
2010-06-17 00:00:00+08:00,0.6147521734237671,0.6259294751698277,0.6147521734237671,0.6147521734237671,0,0.0,0.0
2010-06-18 00:00:00+08:00,0.6259294751698277,0.6259294751698277,0.6147521734237671,0.6147521734237671,49999,0.0,0.0
2010-06-21 00:00:00+08:00,0.6371068209852799,0.6371068209852799,0.6147521730906241,0.6259294748306274,26666,0.0,0.0
2010-06-22 00:00:00+08:00,0.6371068213305372,0.6371068213305372,0.6147521734237671,0.6147521734237671,44999,0.0,0.0
2010-06-23 00:00:00+08:00,0.6035748720169067,0.6035748720169067,0.6035748720169067,0.6035748720169067,19999,0.0,0.0
2010-06-24 00:00:00+08:00,0.6035748713506207,0.6259294748306274,0.6035748713506207,0.6259294748306274,178333,0.0,0.0
2010-06-25 00:00:00+08:00,0.6035748713506207,0.6259294748306274,0.6035748713506207,0.6259294748306274,14999,0.0,0.0
2010-06-28 00:00:00+08:00,0.6259295479857789,0.6371068954467773,0.6259295479857789,0.6371068954467773,46666,0.0,0.0
2010-06-29 00:00:00+08:00,0.6147521734237671,0.6259294751698277,0.6147521734237671,0.6147521734237671,47666,0.0,0.0
2010-06-30 00:00:00+08:00,0.6035748720169067,0.6147521737692487,0.5923975702645647,0.6035748720169067,74333,0.0,0.0
2010-07-01 00:00:00+08:00,0.6035748720169067,0.6035748720169067,0.5923975702645647,0.6035748720169067,43333,0.0,0.0
2010-07-02 00:00:00+08:00,0.6035748720169067,0.6035748720169067,0.6035748720169067,0.6035748720169067,51999,0.0,0.0
2010-07-05 00:00:00+08:00,0.5923975706100464,0.603574872368907,0.5923975706100464,0.5923975706100464,13999,0.0,0.0
2010-07-06 00:00:00+08:00,0.6035747950630851,0.6035747950630851,0.5812201499938965,0.5812201499938965,16666,0.0,0.0
2010-07-07 00:00:00+08:00,0.6035748720169067,0.6035748720169067,0.6035748720169067,0.6035748720169067,6999,0.0,0.0
2010-07-08 00:00:00+08:00,0.6035748720169067,0.6035748720169067,0.6035748720169067,0.6035748720169067,33333,0.0,0.0
2010-07-09 00:00:00+08:00,0.6035748716777066,0.6259294751698277,0.6035748716777066,0.6147521734237671,163999,0.0,0.0
2010-07-12 00:00:00+08:00,0.6259294751698277,0.6259294751698277,0.6147521734237671,0.6147521734237671,79666,0.0,0.0
2010-07-13 00:00:00+08:00,0.6035748720169067,0.6259294755215907,0.6035748720169067,0.6035748720169067,0,0.0,0.0
2010-07-14 00:00:00+08:00,0.6259294748306274,0.6259294748306274,0.6259294748306274,0.6259294748306274,60333,0.0,0.0
2010-07-15 00:00:00+08:00,0.6259294748306274,0.6259294748306274,0.6259294748306274,0.6259294748306274,24666,0.0,0.0
2010-07-16 00:00:00+08:00,0.6035748720169067,0.6035748720169067,0.6035748720169067,0.6035748720169067,333,0.0,0.0
2010-07-19 00:00:00+08:00,0.6035748720169067,0.6035748720169067,0.6035748720169067,0.6035748720169067,15999,0.0,0.0
2010-07-20 00:00:00+08:00,0.6147521734237671,0.6147521734237671,0.6035748716777066,0.6147521734237671,34666,0.0,0.0
2010-07-21 00:00:00+08:00,0.6035748720169067,0.6259294755215907,0.6035748720169067,0.6035748720169067,0,0.0,0.0
2010-07-22 00:00:00+08:00,0.6147521734237671,0.6147521734237671,0.6147521734237671,0.6147521734237671,26999,0.0,0.0
2010-07-23 00:00:00+08:00,0.6147521734237671,0.6147521734237671,0.6147521734237671,0.6147521734237671,8333,0.0,0.0
2010-07-26 00:00:00+08:00,0.6259294751698277,0.6259294751698277,0.6147521734237671,0.6147521734237671,16666,0.0,0.0
2010-07-27 00:00:00+08:00,0.6482841227252832,0.6482841227252832,0.6259294748306274,0.6259294748306274,20666,0.0,0.0
2010-07-28 00:00:00+08:00,0.6259294748306274,0.6259294748306274,0.6259294748306274,0.6259294748306274,3333,0.0,0.0
2010-07-29 00:00:00+08:00,0.6147521734237671,0.6147521734237671,0.6147521734237671,0.6147521734237671,13999,0.0,0.0
2010-07-30 00:00:00+08:00,0.6259294748306274,0.6259294748306274,0.6147521730906241,0.6259294748306274,4999,0.0,0.0
2010-08-02 00:00:00+08:00,0.6259294748306274,0.6259294748306274,0.6259294748306274,0.6259294748306274,24999,0.0,0.0
2010-08-03 00:00:00+08:00,0.6259294748306274,0.6259294748306274,0.6259294748306274,0.6259294748306274,27333,0.0,0.0
2010-08-04 00:00:00+08:00,0.6147521734237671,0.6259294751698277,0.6147521734237671,0.6147521734237671,0,0.0,0.0
2010-08-05 00:00:00+08:00,0.6259294748306274,0.6482841227252832,0.6259294748306274,0.6259294748306274,0,0.0,0.0
2010-08-06 00:00:00+08:00,0.6259294748306274,0.6371068209852799,0.6259294748306274,0.6259294748306274,26999,0.0,0.0
2010-08-10 00:00:00+08:00,0.6259295479857789,0.6371068954467773,0.6259295479857789,0.6371068954467773,64666,0.0,0.0
2010-08-11 00:00:00+08:00,0.6147521741277675,0.6147521741277675,0.5588656209188156,0.5923975706100464,417999,0.0,0.0
2010-08-12 00:00:00+08:00,0.5812201499938965,0.5812201499938965,0.5812201499938965,0.5812201499938965,69999,0.0,0.0
2010-08-13 00:00:00+08:00,0.5812201499938965,0.5812201499938965,0.5812201499938965,0.5812201499938965,86666,0.0,0.0
2010-08-16 00:00:00+08:00,0.5700428474642649,0.5700428474642649,0.5588655471801758,0.5588655471801758,68333,0.0,0.0
2010-08-17 00:00:00+08:00,0.5700429081916809,0.5700429081916809,0.5700429081916809,0.5700429081916809,3333,0.0,0.0
2010-08-18 00:00:00+08:00,0.5700428474642649,0.5700428474642649,0.5588655471801758,0.5588655471801758,40999,0.0,0.0
2010-08-19 00:00:00+08:00,0.5812201499938965,0.5812201499938965,0.5812201499938965,0.5812201499938965,9999,0.0,0.0
2010-08-20 00:00:00+08:00,0.5812202240975736,0.6035748720169067,0.5812202240975736,0.6035748720169067,66666,0.0,0.0
2010-08-23 00:00:00+08:00,0.5700429081916809,0.6035748570307939,0.5700429081916809,0.5700429081916809,0,0.0,0.0
2010-08-24 00:00:00+08:00,0.5812201499938965,0.5812201499938965,0.5812201499938965,0.5812201499938965,7666,0.0,0.0
2010-08-25 00:00:00+08:00,0.5700429081916809,0.5812202096665026,0.5700429081916809,0.5700429081916809,0,0.0,0.0
2010-08-26 00:00:00+08:00,0.5588655471801758,0.5812201477483541,0.5588655471801758,0.5588655471801758,0,0.0,0.0
2010-08-27 00:00:00+08:00,0.5812202240975736,0.6035748720169067,0.5812202240975736,0.6035748720169067,63999,0.0,0.0
2010-08-30 00:00:00+08:00,0.5812201499938965,0.5812201499938965,0.5812201499938965,0.5812201499938965,76666,0.0,0.0
2010-08-31 00:00:00+08:00,0.5812201499938965,0.5812201499938965,0.5812201499938965,0.5812201499938965,16666,0.0,0.0
2010-09-01 00:00:00+08:00,0.5812202244365368,0.5923975706100464,0.5812202244365368,0.5923975706100464,14666,0.0,0.0
2010-09-02 00:00:00+08:00,0.5923974947358125,0.5923974947358125,0.5812201499938965,0.5812201499938965,20666,0.0,0.0
2010-09-03 00:00:00+08:00,0.5812201499938965,0.5923974947358125,0.5812201499938965,0.5812201499938965,0,0.0,0.0
2010-09-06 00:00:00+08:00,0.5812201499938965,0.5812201499938965,0.5812201499938965,0.5812201499938965,89666,0.0,0.0
2010-09-07 00:00:00+08:00,0.5700429081916809,0.5700429081916809,0.5700429081916809,0.5700429081916809,33333,0.0,0.0
2010-09-08 00:00:00+08:00,0.5700429081916809,0.5700429081916809,0.5700429081916809,0.5700429081916809,3333,0.0,0.0
2010-09-09 00:00:00+08:00,0.5600368964445244,0.5712376236915588,0.5600368964445244,0.5712376236915588,99999,0.0016,0.0
2010-09-13 00:00:00+08:00,0.5824383497238159,0.5824383497238159,0.5824383497238159,0.5824383497238159,12666,0.0,0.0
2010-09-14 00:00:00+08:00,0.5712376236915588,0.5824383509385932,0.5712376236915588,0.5712376236915588,42333,0.0,0.0
2010-09-15 00:00:00+08:00,0.5712376236915588,0.5712376236915588,0.5712376236915588,0.5712376236915588,36666,0.0,0.0
2010-09-16 00:00:00+08:00,0.5712376236915588,0.5712376236915588,0.5712376236915588,0.5712376236915588,6999,0.0,0.0
2010-09-17 00:00:00+08:00,0.5712377505917225,0.604839984305278,0.5712377505917225,0.5936392545700073,99666,0.0,0.0
2010-09-20 00:00:00+08:00,0.5936390754329998,0.6048398017883301,0.5936390754329998,0.6048398017883301,79333,0.0,0.0
2010-09-21 00:00:00+08:00,0.5936392474332901,0.6384422103434959,0.5936392474332901,0.6160407066345215,479332,0.0,0.0
2010-09-22 00:00:00+08:00,0.6160407066345215,0.6272414362351372,0.6160407066345215,0.6160407066345215,108666,0.0,0.0
2010-09-23 00:00:00+08:00,0.6048399770339058,0.6272414362351372,0.6048399770339058,0.6160407066345215,46666,0.0,0.0
2010-09-24 00:00:00+08:00,0.6160405281436604,0.6272412544989907,0.6048398017883301,0.6048398017883301,18666,0.0,0.0
2010-09-27 00:00:00+08:00,0.6272414362351372,0.6384422103434959,0.6160407066345215,0.6160407066345215,70333,0.0,0.0
2010-09-28 00:00:00+08:00,0.604839984305278,0.604839984305278,0.5936392545700073,0.5936392545700073,31666,0.0,0.0
2010-09-29 00:00:00+08:00,0.6048398017883301,0.6048398017883301,0.6048398017883301,0.6048398017883301,53999,0.0,0.0
2010-09-30 00:00:00+08:00,0.604839984305278,0.604839984305278,0.5936392545700073,0.5936392545700073,48999,0.0,0.0
2010-10-01 00:00:00+08:00,0.5936392545700073,0.5936392545700073,0.5936392545700073,0.5936392545700073,17333,0.0,0.0
2010-10-04 00:00:00+08:00,0.5936392474332901,0.6160407066345215,0.5936392474332901,0.6160407066345215,32999,0.0,0.0
2010-10-05 00:00:00+08:00,0.6048398017883301,0.6048398017883301,0.5936390754329998,0.6048398017883301,96666,0.0,0.0
2010-10-06 00:00:00+08:00,0.6160405281436604,0.6160405281436604,0.6048398017883301,0.6048398017883301,29666,0.0,0.0
2010-10-07 00:00:00+08:00,0.6048398017883301,0.6048398017883301,0.6048398017883301,0.6048398017883301,52666,0.0,0.0
2010-10-08 00:00:00+08:00,0.604839984305278,0.604839984305278,0.5936392545700073,0.5936392545700073,28333,0.0,0.0
2010-10-11 00:00:00+08:00,0.5936391214552228,0.5936391214552228,0.5824383497238159,0.5824383497238159,33999,0.0,0.0
2010-10-12 00:00:00+08:00,0.5936392545700073,0.5936392545700073,0.5936392545700073,0.5936392545700073,16666,0.0,0.0
2010-10-13 00:00:00+08:00,0.5936392545700073,0.5936392545700073,0.5936392545700073,0.5936392545700073,6333,0.0,0.0
2010-10-14 00:00:00+08:00,0.5936392545700073,0.604839984305278,0.5936392545700073,0.5936392545700073,0,0.0,0.0
2010-10-15 00:00:00+08:00,0.5936392545700073,0.5936392545700073,0.5936392545700073,0.5936392545700073,38999,0.0,0.0
2010-10-18 00:00:00+08:00,0.5936392545700073,0.5936392545700073,0.5936392545700073,0.5936392545700073,11666,0.0,0.0
2010-10-19 00:00:00+08:00,0.5824383497238159,0.6048398486788962,0.5824383497238159,0.5824383497238159,0,0.0,0.0
2010-10-20 00:00:00+08:00,0.5936392545700073,0.5936392545700073,0.5936392545700073,0.5936392545700073,14999,0.0,0.0
2010-10-21 00:00:00+08:00,0.5936391214552228,0.5936391214552228,0.5824383497238159,0.5824383497238159,19999,0.0,0.0
2010-10-22 00:00:00+08:00,0.5936391214552228,0.5936391214552228,0.5824383497238159,0.5824383497238159,6666,0.0,0.0
2010-10-25 00:00:00+08:00,0.5712376236915588,0.6048398499403957,0.5712376236915588,0.5712376236915588,0,0.0,0.0
2010-10-26 00:00:00+08:00,0.5824383497238159,0.5824383497238159,0.5824383497238159,0.5824383497238159,14999,0.0,0.0
2010-10-27 00:00:00+08:00,0.5824383509385932,0.5824383509385932,0.5712376236915588,0.5712376236915588,28333,0.0,0.0
2010-10-28 00:00:00+08:00,0.5600368976593018,0.5824383522019616,0.5600368976593018,0.5600368976593018,0,0.0,0.0
2010-10-29 00:00:00+08:00,0.5600368976593018,0.5712376249306317,0.5600368976593018,0.5600368976593018,66666,0.0,0.0
2010-11-01 00:00:00+08:00,0.5712376236915588,0.5824383509385932,0.5712376236915588,0.5712376236915588,0,0.0,0.0
2010-11-02 00:00:00+08:00,0.5824383045699393,0.6048398017883301,0.5824383045699393,0.6048398017883301,152666,0.0,0.0
2010-11-03 00:00:00+08:00,0.6048398486788962,0.6048398486788962,0.5824383497238159,0.5824383497238159,3333,0.0,0.0
2010-11-04 00:00:00+08:00,0.6160407066345215,0.6160407066345215,0.6160407066345215,0.6160407066345215,165333,0.0,0.0
2010-11-08 00:00:00+08:00,0.5936392545700073,0.604839984305278,0.5936392545700073,0.5936392545700073,0,0.0,0.0
2010-11-09 00:00:00+08:00,0.5824384803269932,0.5936392545700073,0.5824384803269932,0.5936392545700073,56666,0.0,0.0
2010-11-10 00:00:00+08:00,0.5936392545700073,0.5936392545700073,0.5936392545700073,0.5936392545700073,0,0.0,0.0
2010-11-11 00:00:00+08:00,0.5824383497238159,0.6048398486788962,0.5824383497238159,0.5824383497238159,0,0.0,0.0
2010-11-12 00:00:00+08:00,0.5600368952764693,0.5824383497238159,0.5600368952764693,0.5824383497238159,0,0.0,0.0
2010-11-15 00:00:00+08:00,0.5712376236915588,0.5712376236915588,0.5712376236915588,0.5712376236915588,94999,0.0,0.0
2010-11-16 00:00:00+08:00,0.5600368976593018,0.5600368976593018,0.5600368976593018,0.5600368976593018,13333,0.0,0.0
2010-11-18 00:00:00+08:00,0.5712376236915588,0.5824383509385932,0.5712376236915588,0.5712376236915588,0,0.0,0.0
2010-11-19 00:00:00+08:00,0.5712376236915588,0.5936391226933613,0.5712376236915588,0.5712376236915588,0,0.0,0.0
2010-11-22 00:00:00+08:00,0.5712376236915588,0.5936391226933613,0.5712376236915588,0.5712376236915588,0,0.0,0.0
2010-11-23 00:00:00+08:00,0.5712376249306317,0.5712376249306317,0.5600368976593018,0.5600368976593018,44333,0.0,0.0
2010-11-24 00:00:00+08:00,0.5712376236915588,0.5712376236915588,0.5712376236915588,0.5712376236915588,3333,0.0,0.0
2010-11-25 00:00:00+08:00,0.5712376236915588,0.5712376236915588,0.5712376236915588,0.5712376236915588,15666,0.0,0.0
2010-11-26 00:00:00+08:00,0.5600368976593018,0.5712376249306317,0.5600368976593018,0.5600368976593018,29333,0.0,0.0
2010-11-29 00:00:00+08:00,0.5488361729177454,0.5488361729177454,0.5376354455947876,0.5376354455947876,33666,0.0,0.0
2010-11-30 00:00:00+08:00,0.5488361703879718,0.5712376249306317,0.5488361703879718,0.5600368976593018,40333,0.0,0.0
2010-12-01 00:00:00+08:00,0.5712376249306317,0.5712376249306317,0.5600368976593018,0.5600368976593018,17333,0.0,0.0
2010-12-02 00:00:00+08:00,0.5824383497238159,0.5824383497238159,0.5824383497238159,0.5824383497238159,125666,0.0,0.0
2010-12-03 00:00:00+08:00,0.5600368976593018,0.5824383522019616,0.5600368976593018,0.5600368976593018,0,0.0,0.0
2010-12-06 00:00:00+08:00,0.5600368976593018,0.5600368976593018,0.5600368976593018,0.5600368976593018,8666,0.0,0.0
2010-12-07 00:00:00+08:00,0.5600368976593018,0.5824383522019616,0.5600368976593018,0.5600368976593018,0,0.0,0.0
2010-12-08 00:00:00+08:00,0.5600369597447267,0.5600369597447267,0.5488362312316895,0.5488362312316895,21999,0.0,0.0
2010-12-09 00:00:00+08:00,0.5936392545700073,0.5936392545700073,0.5824384803269932,0.5936392545700073,45666,0.0,0.0
2010-12-10 00:00:00+08:00,0.6048398017883301,0.6048398017883301,0.5936390754329998,0.6048398017883301,150666,0.0,0.0
2010-12-13 00:00:00+08:00,0.5712376236915588,0.6048398499403957,0.5712376236915588,0.5712376236915588,0,0.0,0.0
2010-12-14 00:00:00+08:00,0.5936392545700073,0.5936392545700073,0.5936392545700073,0.5936392545700073,3333,0.0,0.0
2010-12-15 00:00:00+08:00,0.5600368976593018,0.6048398512523553,0.5600368976593018,0.5600368976593018,0,0.0,0.0
2010-12-16 00:00:00+08:00,0.5712376236915588,0.6160405771874301,0.5712376236915588,0.5712376236915588,0,0.0,0.0
2010-12-17 00:00:00+08:00,0.5600368976593018,0.5600368976593018,0.5600368976593018,0.5600368976593018,19999,0.0,0.0
2010-12-20 00:00:00+08:00,0.5824383497238159,0.5824383497238159,0.5824383497238159,0.5824383497238159,11666,0.0,0.0
2010-12-21 00:00:00+08:00,0.5824383497238159,0.5824383497238159,0.5824383497238159,0.5824383497238159,8333,0.0,0.0
2010-12-22 00:00:00+08:00,0.5824383497238159,0.5824383497238159,0.5824383497238159,0.5824383497238159,3333,0.0,0.0
2010-12-23 00:00:00+08:00,0.5712376236915588,0.6048398499403957,0.5712376236915588,0.5712376236915588,0,0.0,0.0
2010-12-24 00:00:00+08:00,0.5712376236915588,0.6160405771874301,0.5712376236915588,0.5712376236915588,0,0.0,0.0
2010-12-27 00:00:00+08:00,0.5824383497238159,0.5824383497238159,0.5824383497238159,0.5824383497238159,6666,0.0,0.0
2010-12-28 00:00:00+08:00,0.5600368976593018,0.6048398512523553,0.5600368976593018,0.5600368976593018,0,0.0,0.0
2010-12-29 00:00:00+08:00,0.5824383497238159,0.5824383497238159,0.5824383497238159,0.5824383497238159,6333,0.0,0.0
2010-12-30 00:00:00+08:00,0.5936390754329998,0.6048398017883301,0.5936390754329998,0.6048398017883301,116999,0.0,0.0
2010-12-31 00:00:00+08:00,0.6160405281436604,0.6160405281436604,0.6048398017883301,0.6048398017883301,0,0.0,0.0
2011-01-03 00:00:00+08:00,0.6048398017883301,0.6048398017883301,0.5936390754329998,0.6048398017883301,99999,0.0,0.0
2011-01-04 00:00:00+08:00,0.6048398017883301,0.6048398017883301,0.6048398017883301,0.6048398017883301,6666,0.0,0.0
2011-01-05 00:00:00+08:00,0.5936392545700073,0.5936392545700073,0.5936392545700073,0.5936392545700073,41666,0.0,0.0
2011-01-06 00:00:00+08:00,0.5936392545700073,0.5936392545700073,0.5936392545700073,0.5936392545700073,12666,0.0,0.0
2011-01-07 00:00:00+08:00,0.5936392545700073,0.604839984305278,0.5936392545700073,0.5936392545700073,71999,0.0,0.0
2011-01-10 00:00:00+08:00,0.6160405281436604,0.6160405281436604,0.6048398017883301,0.6048398017883301,100999,0.0,0.0
2011-01-11 00:00:00+08:00,0.6048398017883301,0.6048398017883301,0.6048398017883301,0.6048398017883301,23333,0.0,0.0
2011-01-12 00:00:00+08:00,0.6048398017883301,0.6048398017883301,0.6048398017883301,0.6048398017883301,13333,0.0,0.0
2011-01-13 00:00:00+08:00,0.6048398017883301,0.6048398017883301,0.6048398017883301,0.6048398017883301,49333,0.0,0.0
2011-01-14 00:00:00+08:00,0.5936390754329998,0.6048398017883301,0.5936390754329998,0.6048398017883301,13666,0.0,0.0
2011-01-17 00:00:00+08:00,0.6048398017883301,0.6048398017883301,0.6048398017883301,0.6048398017883301,37999,0.0,0.0
2011-01-18 00:00:00+08:00,0.604839984305278,0.604839984305278,0.5936392545700073,0.5936392545700073,66666,0.0,0.0
2011-01-19 00:00:00+08:00,0.6048398017883301,0.6048398017883301,0.6048398017883301,0.6048398017883301,6666,0.0,0.0
2011-01-20 00:00:00+08:00,0.5936392545700073,0.5936392545700073,0.5936392545700073,0.5936392545700073,33333,0.0,0.0
2011-01-21 00:00:00+08:00,0.5936392545700073,0.5936392545700073,0.5936392545700073,0.5936392545700073,13333,0.0,0.0
2011-01-24 00:00:00+08:00,0.5936392545700073,0.5936392545700073,0.5936392545700073,0.5936392545700073,9999,0.0,0.0
2011-01-25 00:00:00+08:00,0.5824383497238159,0.5824383497238159,0.5824383497238159,0.5824383497238159,70666,0.0,0.0
2011-01-26 00:00:00+08:00,0.5824383497238159,0.5824383497238159,0.5824383497238159,0.5824383497238159,0,0.0,0.0
2011-01-27 00:00:00+08:00,0.5712376236915588,0.5712376236915588,0.5712376236915588,0.5712376236915588,3333,0.0,0.0
2011-01-28 00:00:00+08:00,0.5824383509385932,0.5824383509385932,0.5712376236915588,0.5712376236915588,8333,0.0,0.0
2011-01-31 00:00:00+08:00,0.5712376225001425,0.5824383497238159,0.5712376225001425,0.5824383497238159,24999,0.0,0.0
2011-02-01 00:00:00+08:00,0.5712376225001425,0.5824383497238159,0.5712376225001425,0.5824383497238159,23333,0.0,0.0
2011-02-02 00:00:00+08:00,0.5824383497238159,0.5824383497238159,0.5824383497238159,0.5824383497238159,0,0.0,0.0
2011-02-07 00:00:00+08:00,0.5824383509385932,0.5824383509385932,0.5712376236915588,0.5712376236915588,44999,0.0,0.0
2011-02-08 00:00:00+08:00,0.5712376236915588,0.5712376236915588,0.5712376236915588,0.5712376236915588,0,0.0,0.0
2011-02-09 00:00:00+08:00,0.5824383497238159,0.5824383497238159,0.5824383497238159,0.5824383497238159,13333,0.0,0.0
2011-02-10 00:00:00+08:00,0.5712376236915588,0.5712376236915588,0.5712376236915588,0.5712376236915588,3333,0.0,0.0
2011-02-11 00:00:00+08:00,0.5600368976593018,0.5712376249306317,0.5600368976593018,0.5600368976593018,38999,0.0,0.0
2011-02-14 00:00:00+08:00,0.5712376236915588,0.5712376236915588,0.5712376236915588,0.5712376236915588,14333,0.0,0.0
2011-02-15 00:00:00+08:00,0.5600368976593018,0.5600368976593018,0.5600368976593018,0.5600368976593018,51333,0.0,0.0
2011-02-16 00:00:00+08:00,0.5600368976593018,0.5600368976593018,0.5600368976593018,0.5600368976593018,3333,0.0,0.0
2011-02-17 00:00:00+08:00,0.5600368976593018,0.5600368976593018,0.5600368976593018,0.5600368976593018,26666,0.0,0.0
2011-02-18 00:00:00+08:00,0.5600368976593018,0.5600368976593018,0.5600368976593018,0.5600368976593018,0,0.0,0.0
2011-02-21 00:00:00+08:00,0.5600369597447267,0.5600369597447267,0.5488362312316895,0.5488362312316895,21666,0.0,0.0
2011-02-22 00:00:00+08:00,0.5376354314948276,0.5376354314948276,0.5264346599578857,0.5264346599578857,116999,0.0,0.0
2011-02-23 00:00:00+08:00,0.5376354314948276,0.5376354314948276,0.5264346599578857,0.5264346599578857,69999,0.0,0.0
2011-02-24 00:00:00+08:00,0.5264346949869603,0.5264346949869603,0.4928325116634369,0.4928325116634369,44666,0.0,0.0
2011-02-25 00:00:00+08:00,0.5152339329286767,0.5264346599578857,0.5152339329286767,0.5264346599578857,60333,0.0,0.0
2011-02-28 00:00:00+08:00,0.5152339672124525,0.5152339672124525,0.4928325116634369,0.4928325116634369,151999,0.0,0.0
2011-03-01 00:00:00+08:00,0.5152340568252719,0.5152340568252719,0.5040333271026611,0.5040333271026611,126666,0.0,0.0
2011-03-02 00:00:00+08:00,0.5040333271026611,0.5040333271026611,0.5040333271026611,0.5040333271026611,0,0.0,0.0
2011-03-03 00:00:00+08:00,0.5040333234925325,0.5152340531349182,0.5040333234925325,0.5152340531349182,33333,0.0,0.0
2011-03-04 00:00:00+08:00,0.5152340531349182,0.5152340531349182,0.5152340531349182,0.5152340531349182,66666,0.0,0.0
2011-03-07 00:00:00+08:00,0.5152340531349182,0.5264347827773039,0.5152340531349182,0.5152340531349182,64999,0.0,0.0
2011-03-08 00:00:00+08:00,0.5152339464411377,0.5376354455947876,0.5152339464411377,0.5376354455947876,21666,0.0,0.0
2011-03-09 00:00:00+08:00,0.5264347865478826,0.5264347865478826,0.5040333271026611,0.5040333271026611,6999,0.0,0.0
2011-03-10 00:00:00+08:00,0.5152340531349182,0.5152340531349182,0.5152340531349182,0.5152340531349182,13666,0.0,0.0
2011-03-11 00:00:00+08:00,0.5152340531349182,0.5152340531349182,0.5152340531349182,0.5152340531349182,54999,0.0,0.0
2011-03-14 00:00:00+08:00,0.5152340531349182,0.5152340531349182,0.5152340531349182,0.5152340531349182,37666,0.0,0.0
2011-03-15 00:00:00+08:00,0.492832499498057,0.492832499498057,0.4256280454944546,0.47043099999427795,70666,0.0,0.0
2011-03-16 00:00:00+08:00,0.47043096945335466,0.48163169622421265,0.47043096945335466,0.48163169622421265,6666,0.0,0.0
2011-03-17 00:00:00+08:00,0.47043096945335466,0.48163169622421265,0.47043096945335466,0.48163169622421265,13333,0.0,0.0
2011-03-18 00:00:00+08:00,0.48163169622421265,0.48163169622421265,0.48163169622421265,0.48163169622421265,6666,0.0,0.0
2011-03-21 00:00:00+08:00,0.48163169622421265,0.48163169622421265,0.48163169622421265,0.48163169622421265,0,0.0,0.0
2011-03-22 00:00:00+08:00,0.48163169622421265,0.48163169622421265,0.48163169622421265,0.48163169622421265,0,0.0,0.0
2011-03-23 00:00:00+08:00,0.48163169622421265,0.48163169622421265,0.48163169622421265,0.48163169622421265,0,0.0,0.0
2011-03-24 00:00:00+08:00,0.4928325973800504,0.5040333271026611,0.4928325973800504,0.5040333271026611,33333,0.0,0.0
2011-03-25 00:00:00+08:00,0.5040333271026611,0.5040333271026611,0.5040333271026611,0.5040333271026611,0,0.0,0.0
2011-03-28 00:00:00+08:00,0.5040333271026611,0.5040333271026611,0.5040333271026611,0.5040333271026611,0,0.0,0.0
2011-03-29 00:00:00+08:00,0.5040333271026611,0.5040333271026611,0.5040333271026611,0.5040333271026611,0,0.0,0.0
2011-03-30 00:00:00+08:00,0.5040333271026611,0.5040333271026611,0.5040333271026611,0.5040333271026611,0,0.0,0.0
2011-03-31 00:00:00+08:00,0.5040333271026611,0.5040333271026611,0.5040333271026611,0.5040333271026611,0,0.0,0.0
2011-04-01 00:00:00+08:00,0.4928325116634369,0.4928325116634369,0.4928325116634369,0.4928325116634369,1666,0.0,0.0
2011-04-04 00:00:00+08:00,0.5040332394379446,0.5040332394379446,0.4928325116634369,0.4928325116634369,15666,0.0,0.0
2011-04-05 00:00:00+08:00,0.5264347865478826,0.5264347865478826,0.5040333271026611,0.5040333271026611,28333,0.0,0.0
2011-04-06 00:00:00+08:00,0.5040333234925325,0.5152340531349182,0.5040333234925325,0.5152340531349182,26666,0.0,0.0
2011-04-07 00:00:00+08:00,0.5152340531349182,0.5152340531349182,0.5152340531349182,0.5152340531349182,9666,0.0,0.0
2011-04-08 00:00:00+08:00,0.5152340531349182,0.5152340531349182,0.5152340531349182,0.5152340531349182,6666,0.0,0.0
2011-04-11 00:00:00+08:00,0.5264346737640957,0.5600369002407034,0.5264346737640957,0.5376354455947876,157999,0.0,0.0
2011-04-12 00:00:00+08:00,0.5152340531349182,0.5264347827773039,0.5152340531349182,0.5152340531349182,28666,0.0,0.0
2011-04-13 00:00:00+08:00,0.5152340568252719,0.5152340568252719,0.5040333271026611,0.5040333271026611,58333,0.0,0.0
2011-04-14 00:00:00+08:00,0.4928325973800504,0.5040333271026611,0.4928325973800504,0.5040333271026611,120999,0.0,0.0
2011-04-15 00:00:00+08:00,0.5040333271026611,0.5040333271026611,0.5040333271026611,0.5040333271026611,6666,0.0,0.0
2011-04-18 00:00:00+08:00,0.5040332394379446,0.5040332394379446,0.4928325116634369,0.4928325116634369,74999,0.0,0.0
2011-04-19 00:00:00+08:00,0.4928325116634369,0.4928325116634369,0.4928325116634369,0.4928325116634369,4333,0.0,0.0
2011-04-20 00:00:00+08:00,0.5264347865478826,0.5264347865478826,0.5040333271026611,0.5040333271026611,7333,0.0,0.0
2011-04-21 00:00:00+08:00,0.4928325973800504,0.5040333271026611,0.4928325973800504,0.5040333271026611,67666,0.0,0.0
2011-04-25 00:00:00+08:00,0.4928325116634369,0.4928325116634369,0.4928325116634369,0.4928325116634369,69999,0.0,0.0
2011-04-26 00:00:00+08:00,0.4928325116634369,0.4928325116634369,0.4928325116634369,0.4928325116634369,16666,0.0,0.0
2011-04-27 00:00:00+08:00,0.4928325116634369,0.4928325116634369,0.4928325116634369,0.4928325116634369,33333,0.0,0.0
2011-04-28 00:00:00+08:00,0.4928325116634369,0.4928325116634369,0.4928325116634369,0.4928325116634369,0,0.0,0.0
2011-04-29 00:00:00+08:00,0.4928325116634369,0.4928325116634369,0.4928325116634369,0.4928325116634369,0,0.0,0.0
2011-05-03 00:00:00+08:00,0.4928325973800504,0.5040333271026611,0.4928325973800504,0.5040333271026611,47333,0.0,0.0
2011-05-04 00:00:00+08:00,0.4928325116634369,0.4928325116634369,0.4928325116634369,0.4928325116634369,6666,0.0,0.0
2011-05-05 00:00:00+08:00,0.4928325116634369,0.4928325116634369,0.4928325116634369,0.4928325116634369,0,0.0,0.0
2011-05-06 00:00:00+08:00,0.4953845143318176,0.4953845143318176,0.4953845143318176,0.4953845143318176,0,0.0034,0.0
2011-05-09 00:00:00+08:00,0.4953846246089009,0.5066433548927307,0.4953846246089009,0.5066433548927307,33999,0.0,0.0
2011-05-10 00:00:00+08:00,0.5066433548927307,0.5066433548927307,0.5066433548927307,0.5066433548927307,0,0.0,0.0
2011-05-11 00:00:00+08:00,0.5066433548927307,0.5066433548927307,0.5066433548927307,0.5066433548927307,0,0.0,0.0
2011-05-12 00:00:00+08:00,0.48412567377090454,0.48412567377090454,0.48412567377090454,0.48412567377090454,16666,0.0,0.0
2011-05-13 00:00:00+08:00,0.48412567377090454,0.48412567377090454,0.48412567377090454,0.48412567377090454,0,0.0,0.0
2011-05-16 00:00:00+08:00,0.4953845143318176,0.4953845143318176,0.4953845143318176,0.4953845143318176,9999,0.0,0.0
2011-05-18 00:00:00+08:00,0.4953845143318176,0.4953845143318176,0.4953845143318176,0.4953845143318176,31666,0.0,0.0
2011-05-19 00:00:00+08:00,0.49538455905191014,0.5179020166397095,0.49538455905191014,0.5179020166397095,71666,0.0,0.0
2011-05-20 00:00:00+08:00,0.5179020166397095,0.5179020166397095,0.5179020166397095,0.5179020166397095,0,0.0,0.0
2011-05-23 00:00:00+08:00,0.4953845143318176,0.4953845143318176,0.4953845143318176,0.4953845143318176,14999,0.0,0.0
2011-05-24 00:00:00+08:00,0.4728669822216034,0.4728669822216034,0.4728669822216034,0.4728669822216034,39999,0.0,0.0
2011-05-25 00:00:00+08:00,0.4728669822216034,0.4728669822216034,0.4728669822216034,0.4728669822216034,0,0.0,0.0
2011-05-26 00:00:00+08:00,0.4728669822216034,0.4728669822216034,0.4728669822216034,0.4728669822216034,0,0.0,0.0
2011-05-27 00:00:00+08:00,0.4728669822216034,0.4728669822216034,0.4728669822216034,0.4728669822216034,0,0.0,0.0
2011-05-30 00:00:00+08:00,0.4728669822216034,0.4728669822216034,0.4728669822216034,0.4728669822216034,21333,0.0,0.0
2011-05-31 00:00:00+08:00,0.4953845143318176,0.4953845143318176,0.4953845143318176,0.4953845143318176,33333,0.0,0.0
2011-06-01 00:00:00+08:00,0.4728669822216034,0.4728669822216034,0.4728669822216034,0.4728669822216034,1666,0.0,0.0
2011-06-02 00:00:00+08:00,0.4728669822216034,0.4728669822216034,0.4728669822216034,0.4728669822216034,12666,0.0,0.0
2011-06-03 00:00:00+08:00,0.4728669822216034,0.4728669822216034,0.4728669822216034,0.4728669822216034,0,0.0,0.0
2011-06-06 00:00:00+08:00,0.4728669822216034,0.4728669822216034,0.4728669822216034,0.4728669822216034,0,0.0,0.0
2011-06-07 00:00:00+08:00,0.4728670140385404,0.4953845143318176,0.4728670140385404,0.4953845143318176,5666,0.0,0.0
2011-06-08 00:00:00+08:00,0.4953845143318176,0.4953845143318176,0.4953845143318176,0.4953845143318176,0,0.0,0.0
2011-06-09 00:00:00+08:00,0.4503495693206787,0.4503495693206787,0.4503495693206787,0.4503495693206787,16666,0.0,0.0
2011-06-10 00:00:00+08:00,0.4503495693206787,0.4503495693206787,0.4503495693206787,0.4503495693206787,0,0.0,0.0
2011-06-13 00:00:00+08:00,0.4503495281816243,0.4728669822216034,0.4390907564234305,0.4728669822216034,33999,0.0,0.0
2011-06-14 00:00:00+08:00,0.4728669822216034,0.4728669822216034,0.4728669822216034,0.4728669822216034,0,0.0,0.0
2011-06-15 00:00:00+08:00,0.4503495609416062,0.4503495609416062,0.4390907883644104,0.4390907883644104,26333,0.0,0.0
2011-06-16 00:00:00+08:00,0.4503496071870689,0.4503496071870689,0.3827971437399025,0.4165733754634857,119999,0.0,0.0
2011-06-17 00:00:00+08:00,0.4165733754634857,0.4165733754634857,0.4165733754634857,0.4165733754634857,0,0.0,0.0
2011-06-20 00:00:00+08:00,0.4278320899003761,0.46160832047462463,0.4278320899003761,0.46160832047462463,7666,0.0,0.0
2011-06-21 00:00:00+08:00,0.46160832047462463,0.46160832047462463,0.46160832047462463,0.46160832047462463,0,0.0,0.0
2011-06-22 00:00:00+08:00,0.46160832047462463,0.46160832047462463,0.46160832047462463,0.46160832047462463,0,0.0,0.0
2011-06-23 00:00:00+08:00,0.43909079653400546,0.4503495693206787,0.43909079653400546,0.4503495693206787,24666,0.0,0.0
2011-06-24 00:00:00+08:00,0.4503495693206787,0.4503495693206787,0.4503495693206787,0.4503495693206787,0,0.0,0.0
2011-06-27 00:00:00+08:00,0.4165733404370757,0.4503495693206787,0.4165733404370757,0.4503495693206787,2333,0.0,0.0
2011-06-28 00:00:00+08:00,0.4503495693206787,0.4503495693206787,0.4503495693206787,0.4503495693206787,0,0.0,0.0
2011-06-29 00:00:00+08:00,0.4390907883644104,0.4390907883644104,0.4390907883644104,0.4390907883644104,15333,0.0,0.0
2011-06-30 00:00:00+08:00,0.4390907883644104,0.4503495609416062,0.4390907883644104,0.4390907883644104,37333,0.0,0.0
2011-07-01 00:00:00+08:00,0.4390907883644104,0.4390907883644104,0.4390907883644104,0.4390907883644104,0,0.0,0.0
2011-07-04 00:00:00+08:00,0.44359429599989286,0.44359429599989286,0.4413425326347351,0.4413425326347351,9999,0.0,0.0
2011-07-05 00:00:00+08:00,0.4413425326347351,0.4413425326347351,0.4413425326347351,0.4413425326347351,10666,0.0,0.0
2011-07-06 00:00:00+08:00,0.4413425326347351,0.4413425326347351,0.4413425326347351,0.4413425326347351,0,0.0,0.0
2011-07-07 00:00:00+08:00,0.43458725222048233,0.43458725222048233,0.4278320074081421,0.4278320074081421,33333,0.0,0.0
2011-07-08 00:00:00+08:00,0.4390907883644104,0.4390907883644104,0.4390907883644104,0.4390907883644104,6666,0.0,0.0
2011-07-11 00:00:00+08:00,0.4390907883644104,0.4390907883644104,0.4390907883644104,0.4390907883644104,0,0.0,0.0
2011-07-12 00:00:00+08:00,0.43909083345373306,0.43909083345373306,0.4165733754634857,0.4165733754634857,36666,0.0,0.0
2011-07-13 00:00:00+08:00,0.4165733754634857,0.4165733754634857,0.4165733754634857,0.4165733754634857,0,0.0,0.0
2011-07-14 00:00:00+08:00,0.4278320074081421,0.4278320074081421,0.4278320074081421,0.4278320074081421,6666,0.0,0.0
2011-07-15 00:00:00+08:00,0.41882508993148804,0.41882508993148804,0.41882508993148804,0.41882508993148804,3333,0.0,0.0
2011-07-18 00:00:00+08:00,0.42783208106874265,0.42783208106874265,0.3940558511917286,0.4053146243095398,33666,0.0,0.0
2011-07-19 00:00:00+08:00,0.4053146243095398,0.4053146243095398,0.4053146243095398,0.4053146243095398,3333,0.0,0.0
2011-07-20 00:00:00+08:00,0.4053146243095398,0.4053146243095398,0.4053146243095398,0.4053146243095398,0,0.0,0.0
2011-07-21 00:00:00+08:00,0.4053146243095398,0.4053146243095398,0.4053146243095398,0.4053146243095398,0,0.0,0.0
2011-07-22 00:00:00+08:00,0.4053146243095398,0.4053146243095398,0.4053146243095398,0.4053146243095398,666,0.0,0.0
2011-07-25 00:00:00+08:00,0.4053145545258092,0.4278320074081421,0.4053145545258092,0.4278320074081421,6999,0.0,0.0
2011-07-26 00:00:00+08:00,0.4278320074081421,0.4278320074081421,0.4278320074081421,0.4278320074081421,0,0.0,0.0
2011-07-27 00:00:00+08:00,0.4278320074081421,0.4278320074081421,0.4278320074081421,0.4278320074081421,16333,0.0,0.0
2011-07-28 00:00:00+08:00,0.4278320074081421,0.4278320074081421,0.4278320074081421,0.4278320074081421,0,0.0,0.0
2011-07-29 00:00:00+08:00,0.4165733754634857,0.4165733754634857,0.4165733754634857,0.4165733754634857,6666,0.0,0.0
2011-08-01 00:00:00+08:00,0.4165733754634857,0.4165733754634857,0.4165733754634857,0.4165733754634857,0,0.0,0.0
2011-08-02 00:00:00+08:00,0.4165733754634857,0.4165733754634857,0.4165733754634857,0.4165733754634857,0,0.0,0.0
2011-08-03 00:00:00+08:00,0.4165733754634857,0.4165733754634857,0.4165733754634857,0.4165733754634857,0,0.0,0.0
2011-08-04 00:00:00+08:00,0.3940557837486267,0.3940557837486267,0.3940557837486267,0.3940557837486267,1666,0.0,0.0
2011-08-05 00:00:00+08:00,0.38279709219932556,0.38279709219932556,0.36478311928492313,0.38279709219932556,69999,0.0,0.0
2011-08-08 00:00:00+08:00,0.36027958299639234,0.36027958299639234,0.3557761013507843,0.3557761013507843,49999,0.0,0.0
2011-08-10 00:00:00+08:00,0.3445173676750436,0.3512726128101349,0.3445173676750436,0.3512726128101349,75999,0.0,0.0
2011-08-11 00:00:00+08:00,0.34226563572883606,0.34226563572883606,0.33776213139763844,0.34226563572883606,43333,0.0,0.0
2011-08-12 00:00:00+08:00,0.3377620803240076,0.3422655839742221,0.33325859904289246,0.33325859904289246,102666,0.0,0.0
2011-08-15 00:00:00+08:00,0.3377620803240076,0.3377620803240076,0.33325859904289246,0.33325859904289246,29999,0.0,0.0
2011-08-16 00:00:00+08:00,0.3400139116023615,0.34902089834213257,0.3400139116023615,0.34902089834213257,13333,0.0,0.0
2011-08-17 00:00:00+08:00,0.3265033960342407,0.3265033960342407,0.3265033960342407,0.3265033960342407,6666,0.0,0.0
2011-08-18 00:00:00+08:00,0.32650342504758784,0.32650342504758784,0.3152446746826172,0.3152446746826172,6333,0.0,0.0
2011-08-19 00:00:00+08:00,0.3152446746826172,0.3152446746826172,0.3152446746826172,0.3152446746826172,0,0.0,0.0
2011-08-22 00:00:00+08:00,0.3152446746826172,0.3152446746826172,0.3152446746826172,0.3152446746826172,0,0.0,0.0
2011-08-23 00:00:00+08:00,0.3152446746826172,0.3152446746826172,0.3152446746826172,0.3152446746826172,22333,0.0,0.0
2011-08-24 00:00:00+08:00,0.32425168392223536,0.32425168392223536,0.3152446746826172,0.3152446746826172,16666,0.0,0.0
2011-08-25 00:00:00+08:00,0.3152446746826172,0.32650342504758784,0.3152446746826172,0.3152446746826172,26999,0.0,0.0
2011-08-26 00:00:00+08:00,0.3152446746826172,0.3152446746826172,0.3152446746826172,0.3152446746826172,0,0.0,0.0
2011-08-29 00:00:00+08:00,0.3152446746826172,0.3152446746826172,0.3152446746826172,0.3152446746826172,0,0.0,0.0
2011-08-31 00:00:00+08:00,0.33551040291786194,0.33551040291786194,0.32425167522401654,0.33551040291786194,25666,0.0,0.0
2011-09-01 00:00:00+08:00,0.33325863561059244,0.33776211738586426,0.33325863561059244,0.33776211738586426,43333,0.0,0.0
2011-09-02 00:00:00+08:00,0.33551037649822835,0.33776211738586426,0.33551037649822835,0.33776211738586426,9999,0.0,0.0
2011-09-05 00:00:00+08:00,0.33776211738586426,0.33776211738586426,0.33776211738586426,0.33776211738586426,0,0.0,0.0
2011-09-06 00:00:00+08:00,0.33776213139763844,0.34226563572883606,0.33776213139763844,0.34226563572883606,24999,0.0,0.0
2011-09-07 00:00:00+08:00,0.32794174551963806,0.32794174551963806,0.32794174551963806,0.32794174551963806,13333,0.002,0.0
2011-09-08 00:00:00+08:00,0.32794174551963806,0.32794174551963806,0.32794174551963806,0.32794174551963806,0,0.0,0.0
2011-09-09 00:00:00+08:00,0.32341840863227844,0.32341840863227844,0.32341840863227844,0.32341840863227844,11666,0.0,0.0
2011-09-12 00:00:00+08:00,0.32341840863227844,0.32341840863227844,0.32341840863227844,0.32341840863227844,0,0.0,0.0
2011-09-13 00:00:00+08:00,0.32341840863227844,0.32341840863227844,0.32341840863227844,0.32341840863227844,0,0.0,0.0
2011-09-14 00:00:00+08:00,0.32341840863227844,0.32341840863227844,0.32341840863227844,0.32341840863227844,13333,0.0,0.0
2011-09-15 00:00:00+08:00,0.32341840863227844,0.32341840863227844,0.32341840863227844,0.32341840863227844,8333,0.0,0.0
2011-09-16 00:00:00+08:00,0.32341840863227844,0.32341840863227844,0.32341840863227844,0.32341840863227844,38333,0.0,0.0
2011-09-19 00:00:00+08:00,0.31663338725960255,0.34603506326675415,0.31663338725960255,0.34603506326675415,6666,0.0,0.0
2011-09-20 00:00:00+08:00,0.34603506326675415,0.34603506326675415,0.34603506326675415,0.34603506326675415,0,0.0,0.0
2011-09-21 00:00:00+08:00,0.32568007707595825,0.32568007707595825,0.32568007707595825,0.32568007707595825,23333,0.0,0.0
2011-09-22 00:00:00+08:00,0.31889504194259644,0.31889504194259644,0.31889504194259644,0.31889504194259644,6666,0.0,0.0
2011-09-23 00:00:00+08:00,0.31889504194259644,0.31889504194259644,0.31889504194259644,0.31889504194259644,0,0.0,0.0
2011-09-26 00:00:00+08:00,0.31889504194259644,0.31889504194259644,0.31889504194259644,0.31889504194259644,0,0.0,0.0
2011-09-27 00:00:00+08:00,0.3166333734989166,0.3166333734989166,0.3166333734989166,0.3166333734989166,33333,0.0,0.0
2011-09-28 00:00:00+08:00,0.3166333734989166,0.3166333734989166,0.3166333734989166,0.3166333734989166,0,0.0,0.0
2011-09-29 00:00:00+08:00,0.3166333734989166,0.3166333734989166,0.3166333734989166,0.3166333734989166,0,0.0,0.0
2011-09-30 00:00:00+08:00,0.3166333734989166,0.3166333734989166,0.3166333734989166,0.3166333734989166,0,0.0,0.0
2011-10-03 00:00:00+08:00,0.3166333734989166,0.3166333734989166,0.3166333734989166,0.3166333734989166,0,0.0,0.0
2011-10-04 00:00:00+08:00,0.3166333734989166,0.3166333734989166,0.3166333734989166,0.3166333734989166,0,0.0,0.0
2011-10-05 00:00:00+08:00,0.31437173077387864,0.31437173077387864,0.2940167188644409,0.2940167188644409,27333,0.0,0.0
2011-10-06 00:00:00+08:00,0.31211003447204483,0.31211003447204483,0.3053250312805176,0.3053250312805176,35666,0.0,0.0
2011-10-07 00:00:00+08:00,0.3053250312805176,0.3053250312805176,0.3053250312805176,0.3053250312805176,0,0.0,0.0
2011-10-10 00:00:00+08:00,0.3053250312805176,0.3053250312805176,0.3053250312805176,0.3053250312805176,0,0.0,0.0
2011-10-11 00:00:00+08:00,0.30532505304164836,0.3075867134441365,0.30306339263916016,0.30306339263916016,49333,0.0,0.0
2011-10-12 00:00:00+08:00,0.30306339263916016,0.30306339263916016,0.30306339263916016,0.30306339263916016,0,0.0,0.0
2011-10-13 00:00:00+08:00,0.30306339263916016,0.30306339263916016,0.30306339263916016,0.30306339263916016,0,0.0,0.0
2011-10-14 00:00:00+08:00,0.2917550802230835,0.2917550802230835,0.2917550802230835,0.2917550802230835,48333,0.0,0.0
2011-10-17 00:00:00+08:00,0.2962783678476952,0.3053250312805176,0.2962783678476952,0.3053250312805176,140666,0.0,0.0
2011-10-18 00:00:00+08:00,0.29175507238884796,0.29175507238884796,0.2894934117794037,0.2894934117794037,34999,0.0,0.0
2011-10-19 00:00:00+08:00,0.2917550644312391,0.2917550644312391,0.2872317433357239,0.2872317433357239,37999,0.0,0.0
2011-10-20 00:00:00+08:00,0.2849700670495281,0.2849700670495281,0.28270840644836426,0.28270840644836426,40333,0.0,0.0
2011-10-21 00:00:00+08:00,0.28270840644836426,0.28270840644836426,0.28270840644836426,0.28270840644836426,1333,0.0,0.0
2011-10-24 00:00:00+08:00,0.28270840644836426,0.28270840644836426,0.28270840644836426,0.28270840644836426,0,0.0,0.0
2011-10-25 00:00:00+08:00,0.28270840644836426,0.28270840644836426,0.28270840644836426,0.28270840644836426,0,0.0,0.0
2011-10-27 00:00:00+08:00,0.28270840644836426,0.28270840644836426,0.28270840644836426,0.28270840644836426,0,0.0,0.0
2011-10-28 00:00:00+08:00,0.28270840644836426,0.28270840644836426,0.28270840644836426,0.28270840644836426,0,0.0,0.0
2011-10-31 00:00:00+08:00,0.28270840644836426,0.28270840644836426,0.28270840644836426,0.28270840644836426,0,0.0,0.0
2011-11-01 00:00:00+08:00,0.28270840644836426,0.28270840644836426,0.28270840644836426,0.28270840644836426,0,0.0,0.0
2011-11-02 00:00:00+08:00,0.28270840644836426,0.28270840644836426,0.28270840644836426,0.28270840644836426,0,0.0,0.0
2011-11-03 00:00:00+08:00,0.28270840644836426,0.28270840644836426,0.28270840644836426,0.28270840644836426,0,0.0,0.0
2011-11-04 00:00:00+08:00,0.28270840644836426,0.28270840644836426,0.28270840644836426,0.28270840644836426,0,0.0,0.0
2011-11-08 00:00:00+08:00,0.28270840644836426,0.28270840644836426,0.28270840644836426,0.28270840644836426,21666,0.0,0.0
2011-11-09 00:00:00+08:00,0.28270839977256373,0.2894934038834815,0.28270839977256373,0.2872317433357239,54999,0.0,0.0
2011-11-10 00:00:00+08:00,0.28270844379443494,0.28497010469436646,0.28270844379443494,0.28497010469436646,19999,0.0,0.0
2011-11-11 00:00:00+08:00,0.2781850456148346,0.2781850456148346,0.2714000642299652,0.2714000642299652,299999,0.0,0.0
2011-11-14 00:00:00+08:00,0.2714000642299652,0.2714000642299652,0.2714000642299652,0.2714000642299652,0,0.0,0.0
2011-11-15 00:00:00+08:00,0.2714000642299652,0.2714000642299652,0.2714000642299652,0.2714000642299652,59999,0.0,0.0
2011-11-16 00:00:00+08:00,0.2714000642299652,0.2714000642299652,0.2714000642299652,0.2714000642299652,1666,0.0,0.0
2011-11-17 00:00:00+08:00,0.28044673672406084,0.28044673672406084,0.273661732673645,0.273661732673645,35333,0.0,0.0
2011-11-18 00:00:00+08:00,0.273661732673645,0.273661732673645,0.273661732673645,0.273661732673645,0,0.0,0.0
2011-11-21 00:00:00+08:00,0.273661732673645,0.273661732673645,0.273661732673645,0.273661732673645,41666,0.0,0.0
2011-11-22 00:00:00+08:00,0.2714000642299652,0.2714000642299652,0.2714000642299652,0.2714000642299652,26666,0.0,0.0
2011-11-23 00:00:00+08:00,0.2714000642299652,0.2714000642299652,0.2714000642299652,0.2714000642299652,33333,0.0,0.0
2011-11-24 00:00:00+08:00,0.2714000642299652,0.2714000642299652,0.2714000642299652,0.2714000642299652,34333,0.0,0.0
2011-11-25 00:00:00+08:00,0.2714000642299652,0.2714000642299652,0.2714000642299652,0.2714000642299652,0,0.0,0.0
2011-11-28 00:00:00+08:00,0.2714000642299652,0.2714000642299652,0.2714000642299652,0.2714000642299652,0,0.0,0.0
2011-11-29 00:00:00+08:00,0.2714000642299652,0.2714000642299652,0.2714000642299652,0.2714000642299652,0,0.0,0.0
2011-11-30 00:00:00+08:00,0.2714000642299652,0.2714000642299652,0.2714000642299652,0.2714000642299652,0,0.0,0.0
2011-12-01 00:00:00+08:00,0.2623533606529236,0.2623533606529236,0.2623533606529236,0.2623533606529236,26666,0.0,0.0
2011-12-02 00:00:00+08:00,0.2623533606529236,0.2623533606529236,0.2623533606529236,0.2623533606529236,0,0.0,0.0
2011-12-05 00:00:00+08:00,0.2623533606529236,0.2623533606529236,0.2623533606529236,0.2623533606529236,0,0.0,0.0
2011-12-06 00:00:00+08:00,0.2623533606529236,0.2623533606529236,0.2623533606529236,0.2623533606529236,0,0.0,0.0
2011-12-07 00:00:00+08:00,0.2623533606529236,0.2623533606529236,0.2623533606529236,0.2623533606529236,0,0.0,0.0
2011-12-08 00:00:00+08:00,0.27592338515321146,0.27592338515321146,0.26913838130069795,0.2714000642299652,48333,0.0,0.0
2011-12-09 00:00:00+08:00,0.2714000642299652,0.2714000642299652,0.2714000642299652,0.2714000642299652,0,0.0,0.0
2011-12-12 00:00:00+08:00,0.2714000642299652,0.2714000642299652,0.2714000642299652,0.2714000642299652,3333,0.0,0.0
2011-12-13 00:00:00+08:00,0.26687667609916815,0.2691383361816406,0.26687667609916815,0.2691383361816406,16666,0.0,0.0
2011-12-14 00:00:00+08:00,0.26687670375423994,0.26687670375423994,0.2623533606529236,0.2623533606529236,33333,0.0,0.0
2011-12-15 00:00:00+08:00,0.2623534131386829,0.266876757144928,0.2623534131386829,0.266876757144928,13333,0.0,0.0
2011-12-16 00:00:00+08:00,0.266876757144928,0.266876757144928,0.266876757144928,0.266876757144928,9999,0.0,0.0
2011-12-19 00:00:00+08:00,0.266876757144928,0.266876757144928,0.266876757144928,0.266876757144928,8333,0.0,0.0
2011-12-20 00:00:00+08:00,0.266876757144928,0.266876757144928,0.266876757144928,0.266876757144928,0,0.0,0.0
2011-12-21 00:00:00+08:00,0.27140006892192503,0.2940167188644409,0.27140006892192503,0.2940167188644409,61999,0.0,0.0
2011-12-22 00:00:00+08:00,0.2940167188644409,0.2940167188644409,0.2940167188644409,0.2940167188644409,0,0.0,0.0
2011-12-23 00:00:00+08:00,0.2940167188644409,0.2940167188644409,0.2940167188644409,0.2940167188644409,0,0.0,0.0
2011-12-27 00:00:00+08:00,0.2940167188644409,0.2940167188644409,0.2940167188644409,0.2940167188644409,0,0.0,0.0
2011-12-28 00:00:00+08:00,0.2940167188644409,0.2940167188644409,0.2940167188644409,0.2940167188644409,0,0.0,0.0
2011-12-29 00:00:00+08:00,0.2940167188644409,0.2940167188644409,0.2940167188644409,0.2940167188644409,0,0.0,0.0
2011-12-30 00:00:00+08:00,0.2940167340254519,0.2962784171104431,0.2940167340254519,0.2962784171104431,71666,0.0,0.0
2012-01-03 00:00:00+08:00,0.2962784171104431,0.2962784171104431,0.2962784171104431,0.2962784171104431,0,0.0,0.0
2012-01-04 00:00:00+08:00,0.2962784171104431,0.2962784171104431,0.2962784171104431,0.2962784171104431,0,0.0,0.0
2012-01-05 00:00:00+08:00,0.2962784171104431,0.2962784171104431,0.2962784171104431,0.2962784171104431,16666,0.0,0.0
2012-01-06 00:00:00+08:00,0.2962784171104431,0.2962784171104431,0.2962784171104431,0.2962784171104431,0,0.0,0.0
2012-01-09 00:00:00+08:00,0.2962784171104431,0.2962784171104431,0.2962784171104431,0.2962784171104431,0,0.0,0.0
2012-01-10 00:00:00+08:00,0.29401672235724774,0.29401672235724774,0.273661732673645,0.273661732673645,6666,0.0,0.0
2012-01-11 00:00:00+08:00,0.27818506956100464,0.27818506956100464,0.27818506956100464,0.27818506956100464,1666,0.0,0.0
2012-01-12 00:00:00+08:00,0.27818506956100464,0.27818506956100464,0.27818506956100464,0.27818506956100464,0,0.0,0.0
2012-01-13 00:00:00+08:00,0.2940167188644409,0.2985400623335308,0.2940167188644409,0.2940167188644409,103333,0.0,0.0
2012-01-16 00:00:00+08:00,0.2940167188644409,0.2940167188644409,0.28497005439390566,0.2940167188644409,48333,0.0,0.0
2012-01-17 00:00:00+08:00,0.2940167188644409,0.2940167188644409,0.2940167188644409,0.2940167188644409,1666,0.0,0.0
2012-01-18 00:00:00+08:00,0.3053250312805176,0.3053250312805176,0.3053250312805176,0.3053250312805176,13333,0.0,0.0
2012-01-19 00:00:00+08:00,0.3053250312805176,0.3053250312805176,0.3053250312805176,0.3053250312805176,0,0.0,0.0
2012-01-20 00:00:00+08:00,0.3053250312805176,0.3053250312805176,0.3053250312805176,0.3053250312805176,0,0.0,0.0
2012-01-25 00:00:00+08:00,0.3053250312805176,0.3053250312805176,0.3053250312805176,0.3053250312805176,56666,0.0,0.0
2012-01-26 00:00:00+08:00,0.2962784171104431,0.2962784171104431,0.2962784171104431,0.2962784171104431,13333,0.0,0.0
2012-01-27 00:00:00+08:00,0.3053250312805176,0.3053250312805176,0.3053250312805176,0.3053250312805176,233333,0.0,0.0
2012-01-30 00:00:00+08:00,0.3075867200228895,0.3075867200228895,0.29854005575180054,0.29854005575180054,33333,0.0,0.0
2012-01-31 00:00:00+08:00,0.30532506252796415,0.3121100664138794,0.30532506252796415,0.3121100664138794,48333,0.0,0.0
2012-02-01 00:00:00+08:00,0.31211003866002607,0.31889504194259644,0.31211003866002607,0.31889504194259644,202999,0.0,0.0
2012-02-02 00:00:00+08:00,0.31889511096918277,0.3505584514964525,0.31889511096918277,0.3415117859840393,308666,0.0,0.0
2012-02-03 00:00:00+08:00,0.34377342462539673,0.34377342462539673,0.34377342462539673,0.34377342462539673,79333,0.0,0.0
2012-02-06 00:00:00+08:00,0.35508172408291006,0.3731750750818312,0.35508172408291006,0.3641284108161926,100666,0.0,0.0
2012-02-07 00:00:00+08:00,0.36639007126569123,0.36639007126569123,0.36186672789904994,0.3641284108161926,110999,0.0,0.0
2012-02-08 00:00:00+08:00,0.3663900970068653,0.3912684311021394,0.3663900970068653,0.3844834268093109,136333,0.0,0.0
2012-02-09 00:00:00+08:00,0.3957917379406925,0.3957917379406925,0.3867450958357597,0.38900673389434814,65333,0.0,0.0
2012-02-10 00:00:00+08:00,0.3799600601196289,0.3844833807950751,0.3799600601196289,0.3799600601196289,11666,0.0,0.0
2012-02-13 00:00:00+08:00,0.37769841002150356,0.3957917392253876,0.37769841002150356,0.3957917392253876,49999,0.0,0.0
2012-02-14 00:00:00+08:00,0.3822217447535821,0.38674506545066833,0.3822217447535821,0.38674506545066833,17666,0.0,0.0
2012-02-15 00:00:00+08:00,0.3957917392253876,0.3957917392253876,0.3957917392253876,0.3957917392253876,6666,0.0,0.0
2012-02-16 00:00:00+08:00,0.3844834257524495,0.3912684300266275,0.3776984214782715,0.3776984214782715,96666,0.0,0.0
2012-02-17 00:00:00+08:00,0.3844833807950751,0.3912683842758874,0.3799600601196289,0.3799600601196289,48333,0.0,0.0
2012-02-20 00:00:00+08:00,0.38900674802609947,0.38900674802609947,0.3844834268093109,0.3844834268093109,46666,0.0,0.0
2012-02-21 00:00:00+08:00,0.3799600601196289,0.3799600601196289,0.3799600601196289,0.3799600601196289,5666,0.0,0.0
2012-02-22 00:00:00+08:00,0.3799600601196289,0.3799600601196289,0.3799600601196289,0.3799600601196289,0,0.0,0.0
2012-02-23 00:00:00+08:00,0.37996007561405987,0.37996007561405987,0.35055840015411377,0.35055840015411377,16666,0.0,0.0
2012-02-24 00:00:00+08:00,0.35055840015411377,0.35055840015411377,0.35055840015411377,0.35055840015411377,0,0.0,0.0
2012-02-27 00:00:00+08:00,0.35055840015411377,0.35055840015411377,0.35055840015411377,0.35055840015411377,9999,0.0,0.0
2012-02-28 00:00:00+08:00,0.39579175584311,0.39579175584311,0.3573434352874756,0.3573434352874756,12666,0.0,0.0
2012-02-29 00:00:00+08:00,0.35734345624767416,0.35734345624767416,0.3415117859840393,0.3415117859840393,182666,0.0,0.0
2012-03-01 00:00:00+08:00,0.34377340132815054,0.34377340132815054,0.3392500579357147,0.3392500579357147,106666,0.0,0.0
2012-03-02 00:00:00+08:00,0.34377340132815054,0.34377340132815054,0.3392500579357147,0.3392500579357147,41666,0.0,0.0
2012-03-05 00:00:00+08:00,0.34377347673279696,0.3505584820758787,0.33925013234819273,0.3482968211174011,142333,0.0,0.0
2012-03-06 00:00:00+08:00,0.35734343325468837,0.35734343325468837,0.34377342462539673,0.34377342462539673,68333,0.0,0.0
2012-03-07 00:00:00+08:00,0.3482968211174011,0.3482968211174011,0.3460351376912745,0.3482968211174011,5333,0.0,0.0
2012-03-08 00:00:00+08:00,0.3392500579357147,0.3392500579357147,0.3392500579357147,0.3392500579357147,0,0.0,0.0
2012-03-09 00:00:00+08:00,0.3482968211174011,0.3482968211174011,0.3482968211174011,0.3482968211174011,10999,0.0,0.0
2012-03-12 00:00:00+08:00,0.32794174551963806,0.32794174551963806,0.32794174551963806,0.32794174551963806,3333,0.0,0.0
2012-03-13 00:00:00+08:00,0.32794174551963806,0.32794174551963806,0.32794174551963806,0.32794174551963806,0,0.0,0.0
2012-03-14 00:00:00+08:00,0.33020339361848733,0.3392500579357147,0.32794173315609154,0.3392500579357147,13333,0.0,0.0
2012-03-15 00:00:00+08:00,0.3392500579357147,0.3392500579357147,0.3392500579357147,0.3392500579357147,0,0.0,0.0
2012-03-16 00:00:00+08:00,0.3392501027552007,0.3415117859840393,0.3392501027552007,0.3415117859840393,7999,0.0,0.0
2012-03-19 00:00:00+08:00,0.3415117859840393,0.3415117859840393,0.3415117859840393,0.3415117859840393,29333,0.0,0.0
2012-03-20 00:00:00+08:00,0.3415117859840393,0.3415117859840393,0.3415117859840393,0.3415117859840393,0,0.0,0.0
2012-03-21 00:00:00+08:00,0.35055840015411377,0.35055840015411377,0.35055840015411377,0.35055840015411377,19999,0.0,0.0
2012-03-22 00:00:00+08:00,0.35508175219129734,0.3573434352874756,0.35508175219129734,0.3573434352874756,33333,0.0,0.0
2012-03-23 00:00:00+08:00,0.3573434352874756,0.3573434352874756,0.3573434352874756,0.3573434352874756,0,0.0,0.0
2012-03-26 00:00:00+08:00,0.3573434352874756,0.3573434352874756,0.3573434352874756,0.3573434352874756,0,0.0,0.0
2012-03-27 00:00:00+08:00,0.3573434352874756,0.3573434352874756,0.3573434352874756,0.3573434352874756,0,0.0,0.0
2012-03-28 00:00:00+08:00,0.34377342462539673,0.34377342462539673,0.34377342462539673,0.34377342462539673,19333,0.0,0.0
2012-03-29 00:00:00+08:00,0.3392500809264176,0.34377342462539673,0.3392500809264176,0.34377342462539673,38333,0.0,0.0
2012-03-30 00:00:00+08:00,0.34377342462539673,0.34377342462539673,0.34377342462539673,0.34377342462539673,0,0.0,0.0
2012-04-02 00:00:00+08:00,0.34377342462539673,0.34829676832437584,0.34377342462539673,0.34377342462539673,24666,0.0,0.0
2012-04-03 00:00:00+08:00,0.35055840015411377,0.35055840015411377,0.35055840015411377,0.35055840015411377,16666,0.0,0.0
2012-04-04 00:00:00+08:00,0.3505584051829821,0.3505584051829821,0.3392500579357147,0.3392500579357147,74999,0.0,0.0
2012-04-05 00:00:00+08:00,0.3347267806529999,0.3347267806529999,0.3347267806529999,0.3347267806529999,28333,0.0,0.0
2012-04-09 00:00:00+08:00,0.3392500579357147,0.3392500579357147,0.3392500579357147,0.3392500579357147,7999,0.0,0.0
2012-04-10 00:00:00+08:00,0.3392500579357147,0.3392500579357147,0.3392500579357147,0.3392500579357147,0,0.0,0.0
2012-04-11 00:00:00+08:00,0.3392500579357147,0.3392500579357147,0.3392500579357147,0.3392500579357147,1333,0.0,0.0
2012-04-12 00:00:00+08:00,0.3596050830455614,0.36865174770355225,0.3596050830455614,0.36865174770355225,61666,0.0,0.0
2012-04-13 00:00:00+08:00,0.36865179999117154,0.3754368050639251,0.36865179999117154,0.37317514419555664,31666,0.0,0.0
2012-04-16 00:00:00+08:00,0.37317514419555664,0.37317514419555664,0.37317514419555664,0.37317514419555664,31666,0.0,0.0
2012-04-17 00:00:00+08:00,0.37317514419555664,0.37317514419555664,0.37317514419555664,0.37317514419555664,21666,0.0,0.0
2012-04-18 00:00:00+08:00,0.37317514419555664,0.37317514419555664,0.37317514419555664,0.37317514419555664,8333,0.0,0.0
2012-04-19 00:00:00+08:00,0.3618667721748352,0.3618667721748352,0.3618667721748352,0.3618667721748352,666,0.0,0.0
2012-04-20 00:00:00+08:00,0.3731750912663701,0.3731750912663701,0.36865174770355225,0.36865174770355225,36999,0.0,0.0
2012-04-23 00:00:00+08:00,0.3641284553687035,0.3641284553687035,0.3618667721748352,0.3618667721748352,66666,0.0,0.0
2012-04-24 00:00:00+08:00,0.36639007925987244,0.36639007925987244,0.36412841876102714,0.36639007925987244,56666,0.0,0.0
2012-04-25 00:00:00+08:00,0.36639007925987244,0.36639007925987244,0.36639007925987244,0.36639007925987244,13333,0.0,0.0
2012-04-26 00:00:00+08:00,0.36639007925987244,0.36639007925987244,0.36639007925987244,0.36639007925987244,0,0.0,0.0
2012-04-27 00:00:00+08:00,0.3618667357945374,0.36639007925987244,0.3618667357945374,0.36639007925987244,13333,0.0,0.0
2012-04-30 00:00:00+08:00,0.40936174988746643,0.40936174988746643,0.40936174988746643,0.40936174988746643,19999,0.0,0.0
2012-05-02 00:00:00+08:00,0.40936174932287117,0.41162343233492327,0.384483415931458,0.407100111246109,154333,0.0,0.0
2012-05-03 00:00:00+08:00,0.4116742723051357,0.4116742723051357,0.3910905518738518,0.40023884177207947,138999,0.006,0.0
2012-05-04 00:00:00+08:00,0.4002389272581102,0.4139614104765837,0.395664781332016,0.395664781332016,110999,0.0,0.0
2012-05-07 00:00:00+08:00,0.395664781332016,0.395664781332016,0.395664781332016,0.395664781332016,0,0.0,0.0
2012-05-08 00:00:00+08:00,0.3842293073562966,0.3888034522533417,0.3842293073562966,0.3888034522533417,18333,0.0,0.0
2012-05-09 00:00:00+08:00,0.3888034522533417,0.3888034522533417,0.3888034522533417,0.3888034522533417,0,0.0,0.0
2012-05-10 00:00:00+08:00,0.3888034522533417,0.3888034522533417,0.3888034522533417,0.3888034522533417,0,0.0,0.0
2012-05-11 00:00:00+08:00,0.3430618941783905,0.3430618941783905,0.3430618941783905,0.3430618941783905,8333,0.0,0.0
2012-05-14 00:00:00+08:00,0.36135855317115784,0.36135855317115784,0.36135855317115784,0.36135855317115784,16666,0.0,0.0
2012-05-15 00:00:00+08:00,0.345348984003067,0.345348984003067,0.345348984003067,0.345348984003067,16666,0.0,0.0
2012-05-16 00:00:00+08:00,0.34763604402542114,0.34763604402542114,0.34763604402542114,0.34763604402542114,26666,0.0,0.0
2012-05-17 00:00:00+08:00,0.3544973027683859,0.3544973027683859,0.3430618941783905,0.3430618941783905,34333,0.0,0.0
2012-05-18 00:00:00+08:00,0.3430618941783905,0.3430618941783905,0.3430618941783905,0.3430618941783905,118999,0.0,0.0
2012-05-21 00:00:00+08:00,0.3590714633464813,0.3590714633464813,0.3590714633464813,0.3590714633464813,16666,0.0,0.0
2012-05-22 00:00:00+08:00,0.3590714633464813,0.3590714633464813,0.3590714633464813,0.3590714633464813,0,0.0,0.0
2012-05-23 00:00:00+08:00,0.3659327030181885,0.3659327030181885,0.3659327030181885,0.3659327030181885,36333,0.0,0.0
2012-05-24 00:00:00+08:00,0.3659327030181885,0.3659327030181885,0.3659327030181885,0.3659327030181885,16666,0.0,0.0
2012-05-25 00:00:00+08:00,0.36135854147776314,0.36135854147776314,0.3567843735218048,0.3567843735218048,66666,0.0,0.0
2012-05-28 00:00:00+08:00,0.3590714287109728,0.3590714287109728,0.3544972836971283,0.3544972836971283,66666,0.0,0.0
2012-05-29 00:00:00+08:00,0.3659326689518304,0.3659326689518304,0.3544972836971283,0.3544972836971283,13333,0.0,0.0
2012-05-30 00:00:00+08:00,0.3544972836971283,0.3544972836971283,0.3544972836971283,0.3544972836971283,0,0.0,0.0
2012-05-31 00:00:00+08:00,0.3430618941783905,0.3430618941783905,0.3430618941783905,0.3430618941783905,36666,0.0,0.0
2012-06-01 00:00:00+08:00,0.345348984003067,0.345348984003067,0.345348984003067,0.345348984003067,6666,0.0,0.0
2012-06-04 00:00:00+08:00,0.345348984003067,0.345348984003067,0.345348984003067,0.345348984003067,0,0.0,0.0
2012-06-05 00:00:00+08:00,0.3201910555525534,0.33391353487968445,0.3201910555525534,0.33391353487968445,9999,0.0,0.0
2012-06-06 00:00:00+08:00,0.33391353487968445,0.33391353487968445,0.33391353487968445,0.33391353487968445,0,0.0,0.0
2012-06-07 00:00:00+08:00,0.34306190881358567,0.3590714633464813,0.34306190881358567,0.3590714633464813,101333,0.0,0.0
2012-06-08 00:00:00+08:00,0.36593268580577104,0.36593268580577104,0.36364561319351196,0.36364561319351196,49999,0.0,0.0
2012-06-11 00:00:00+08:00,0.36364561319351196,0.36364561319351196,0.36364561319351196,0.36364561319351196,31666,0.0,0.0
2012-06-12 00:00:00+08:00,0.36364561319351196,0.36364561319351196,0.36364561319351196,0.36364561319351196,27666,0.0,0.0
2012-06-13 00:00:00+08:00,0.36364561319351196,0.36364561319351196,0.36364561319351196,0.36364561319351196,0,0.0,0.0
2012-06-14 00:00:00+08:00,0.36135855317115784,0.36135855317115784,0.36135855317115784,0.36135855317115784,16666,0.0,0.0
2012-06-15 00:00:00+08:00,0.3544972836971283,0.3544972836971283,0.3544972836971283,0.3544972836971283,11666,0.0,0.0
2012-06-18 00:00:00+08:00,0.3567843735218048,0.3567843735218048,0.3567843735218048,0.3567843735218048,19333,0.0,0.0
2012-06-19 00:00:00+08:00,0.3567843735218048,0.3567843735218048,0.3567843735218048,0.3567843735218048,0,0.0,0.0
2012-06-20 00:00:00+08:00,0.3567843735218048,0.3567843735218048,0.3567843735218048,0.3567843735218048,4333,0.0,0.0
2012-06-21 00:00:00+08:00,0.3567843735218048,0.3567843735218048,0.3567843735218048,0.3567843735218048,0,0.0,0.0
2012-06-22 00:00:00+08:00,0.3590714292988453,0.3590714292988453,0.34763604402542114,0.34763604402542114,203333,0.0,0.0
2012-06-25 00:00:00+08:00,0.34763604402542114,0.34763604402542114,0.34763604402542114,0.34763604402542114,0,0.0,0.0
2012-06-26 00:00:00+08:00,0.34763604402542114,0.34763604402542114,0.34763604402542114,0.34763604402542114,0,0.0,0.0
2012-06-27 00:00:00+08:00,0.34763604402542114,0.34763604402542114,0.34763604402542114,0.34763604402542114,0,0.0,0.0
2012-06-28 00:00:00+08:00,0.34763604402542114,0.34763604402542114,0.34763604402542114,0.34763604402542114,0,0.0,0.0
2012-06-29 00:00:00+08:00,0.381942237739986,0.381942237739986,0.37736809253692627,0.37736809253692627,66666,0.0,0.0
2012-07-02 00:00:00+08:00,0.3567843735218048,0.3567843735218048,0.3567843735218048,0.3567843735218048,16666,0.0,0.0
2012-07-03 00:00:00+08:00,0.3567843735218048,0.3567843735218048,0.3567843735218048,0.3567843735218048,0,0.0,0.0
2012-07-04 00:00:00+08:00,0.37736809253692627,0.37736809253692627,0.3727939246137747,0.37736809253692627,203333,0.0,0.0
2012-07-05 00:00:00+08:00,0.37736809253692627,0.37736809253692627,0.37736809253692627,0.37736809253692627,0,0.0,0.0
2012-07-06 00:00:00+08:00,0.3659327030181885,0.3659327030181885,0.3613585575785157,0.3659327030181885,136666,0.0,0.0
2012-07-09 00:00:00+08:00,0.3567843735218048,0.3567843735218048,0.3567843735218048,0.3567843735218048,31666,0.0,0.0
2012-07-10 00:00:00+08:00,0.37279391288757324,0.37279391288757324,0.37279391288757324,0.37279391288757324,63999,0.0,0.0
2012-07-11 00:00:00+08:00,0.37279389548572744,0.37279389548572744,0.3659326554971453,0.37050682306289673,93333,0.0,0.0
2012-07-12 00:00:00+08:00,0.37050691057821156,0.41167436023363196,0.3682198376151644,0.395664781332016,592666,0.0,0.0
2012-07-13 00:00:00+08:00,0.38880347656869524,0.3910905718803406,0.3773680908908356,0.3910905718803406,240999,0.0,0.0
2012-07-16 00:00:00+08:00,0.38422933306160767,0.38422933306160767,0.37736809253692627,0.37736809253692627,29999,0.0,0.0
2012-07-17 00:00:00+08:00,0.37736809253692627,0.37736809253692627,0.37736809253692627,0.37736809253692627,0,0.0,0.0
2012-07-18 00:00:00+08:00,0.37736809253692627,0.37736809253692627,0.37736809253692627,0.37736809253692627,0,0.0,0.0
2012-07-19 00:00:00+08:00,0.37736809253692627,0.37736809253692627,0.37736809253692627,0.37736809253692627,0,0.0,0.0
2012-07-20 00:00:00+08:00,0.37736809253692627,0.37736809253692627,0.37736809253692627,0.37736809253692627,0,0.0,0.0
2012-07-23 00:00:00+08:00,0.37736809253692627,0.37736809253692627,0.37736809253692627,0.37736809253692627,1666,0.0,0.0
2012-07-24 00:00:00+08:00,0.37736809253692627,0.37736809253692627,0.37736809253692627,0.37736809253692627,13333,0.0,0.0
2012-07-25 00:00:00+08:00,0.37736809253692627,0.37736809253692627,0.37736809253692627,0.37736809253692627,0,0.0,0.0
2012-07-26 00:00:00+08:00,0.37508100271224976,0.37508100271224976,0.37508100271224976,0.37508100271224976,3333,0.0,0.0
2012-07-27 00:00:00+08:00,0.37736809253692627,0.37736809253692627,0.37736809253692627,0.37736809253692627,9999,0.0,0.0
2012-07-30 00:00:00+08:00,0.37736809253692627,0.37736809253692627,0.37736809253692627,0.37736809253692627,6666,0.0,0.0
2012-07-31 00:00:00+08:00,0.37736809253692627,0.37736809253692627,0.37736809253692627,0.37736809253692627,0,0.0,0.0
2012-08-01 00:00:00+08:00,0.37736809253692627,0.37736809253692627,0.37736809253692627,0.37736809253692627,0,0.0,0.0
2012-08-02 00:00:00+08:00,0.37736809253692627,0.37736809253692627,0.37736809253692627,0.37736809253692627,0,0.0,0.0
2012-08-03 00:00:00+08:00,0.37736809253692627,0.37736809253692627,0.37736809253692627,0.37736809253692627,0,0.0,0.0
2012-08-06 00:00:00+08:00,0.37736809253692627,0.37736809253692627,0.37736809253692627,0.37736809253692627,0,0.0,0.0
2012-08-07 00:00:00+08:00,0.3659327030181885,0.3659327030181885,0.3659327030181885,0.3659327030181885,2333,0.0,0.0
2012-08-08 00:00:00+08:00,0.3727939246137747,0.37736809253692627,0.3727939246137747,0.37736809253692627,7333,0.0,0.0
2012-08-10 00:00:00+08:00,0.38880347656869524,0.3933776217518024,0.38651642669723335,0.3910905718803406,269666,0.0,0.0
2012-08-13 00:00:00+08:00,0.3842292971232859,0.38880344189850974,0.3842292971232859,0.38651639223098755,30666,0.0,0.0
2012-08-14 00:00:00+08:00,0.38651642669723335,0.3910905718803406,0.38651642669723335,0.3910905718803406,36666,0.0,0.0
2012-08-15 00:00:00+08:00,0.3888034866015543,0.3933776319026947,0.3888034866015543,0.3933776319026947,135999,0.0,0.0
2012-08-16 00:00:00+08:00,0.39337760162831814,0.40023884177207947,0.39337760162831814,0.40023884177207947,352999,0.0,0.0
2012-08-17 00:00:00+08:00,0.40023884177207947,0.40252593696672695,0.40023884177207947,0.40023884177207947,19999,0.0,0.0
2012-08-21 00:00:00+08:00,0.4002388308715286,0.41167426109313965,0.4002388308715286,0.41167426109313965,104999,0.0,0.0
2012-08-22 00:00:00+08:00,0.42310965061187744,0.42310965061187744,0.42310965061187744,0.42310965061187744,28333,0.0,0.0
2012-08-23 00:00:00+08:00,0.4231096841179039,0.4345450699329376,0.4231096841179039,0.4345450699329376,311666,0.0,0.0
2012-08-24 00:00:00+08:00,0.43454506211400723,0.4688512643820082,0.43454506211400723,0.4574158787727356,135666,0.0,0.0
2012-08-27 00:00:00+08:00,0.45741586023537334,0.45741586023537334,0.4391191894738134,0.445980429649353,155666,0.0,0.0
2012-08-28 00:00:00+08:00,0.4276838544151414,0.4345450953942188,0.4276838544151414,0.42997094988822937,14333,0.0,0.0
2012-08-29 00:00:00+08:00,0.4299709246949609,0.44598045574797135,0.4299709246949609,0.4345450699329376,35333,0.0,0.0
2012-08-30 00:00:00+08:00,0.4299709246949609,0.4345450699329376,0.4299709246949609,0.4345450699329376,78333,0.0,0.0
2012-08-31 00:00:00+08:00,0.4322579801082611,0.4322579801082611,0.4322579801082611,0.4322579801082611,19999,0.0,0.0
2012-09-03 00:00:00+08:00,0.4322579801082611,0.4322579801082611,0.4322579801082611,0.4322579801082611,0,0.0,0.0
2012-09-04 00:00:00+08:00,0.45741586023537334,0.45741586023537334,0.445980429649353,0.445980429649353,36666,0.0,0.0
2012-09-05 00:00:00+08:00,0.44598042915315433,0.4551287645237559,0.44598042915315433,0.4528416693210602,61333,0.0,0.0
2012-09-06 00:00:00+08:00,0.4459804238832363,0.4551287591457367,0.44369337414774673,0.4551287591457367,61999,0.0,0.0
2012-09-07 00:00:00+08:00,0.4574158787727356,0.4574158787727356,0.4505546383191354,0.4574158787727356,196999,0.0,0.0
2012-09-10 00:00:00+08:00,0.4397638830254012,0.4558808590656237,0.42825175074736416,0.4420662820339203,173333,0.004,0.0
2012-09-11 00:00:00+08:00,0.4236468853452271,0.44897359609603876,0.4236468853452271,0.4489735960960388,76999,0.0,0.0
2012-09-12 00:00:00+08:00,0.44897359609603876,0.44897359609603876,0.44897359609603876,0.4489735960960388,0,0.0,0.0
2012-09-13 00:00:00+08:00,0.44897359609603876,0.44897359609603876,0.44897359609603876,0.4489735960960388,0,0.0,0.0
2012-09-14 00:00:00+08:00,0.4489736189173604,0.4512760639190674,0.4489736189173604,0.4512760639190674,57999,0.0,0.0
2012-09-17 00:00:00+08:00,0.4512760639190674,0.4512760639190674,0.4512760639190674,0.4512760639190674,0,0.0,0.0
2012-09-18 00:00:00+08:00,0.4512760639190674,0.4512760639190674,0.4512760639190674,0.4512760639190674,0,0.0,0.0
2012-09-19 00:00:00+08:00,0.4374614953994751,0.4374614953994751,0.4374614953994751,0.4374614953994751,16666,0.0,0.0
2012-09-20 00:00:00+08:00,0.4374614953994751,0.4374614953994751,0.4374614953994751,0.4374614953994751,0,0.0,0.0
2012-09-21 00:00:00+08:00,0.4374614953994751,0.4374614953994751,0.4374614953994751,0.4374614953994751,3333,0.0,0.0
2012-09-24 00:00:00+08:00,0.4374614953994751,0.4374614953994751,0.4374614953994751,0.4374614953994751,0,0.0,0.0
2012-09-25 00:00:00+08:00,0.4374614953994751,0.4374614953994751,0.4374614953994751,0.4374614953994751,9999,0.0,0.0
2012-09-26 00:00:00+08:00,0.4374614953994751,0.4374614953994751,0.4374614953994751,0.4374614953994751,1333,0.0,0.0
2012-09-27 00:00:00+08:00,0.4374614953994751,0.4374614953994751,0.4374614953994751,0.4374614953994751,0,0.0,0.0
2012-09-28 00:00:00+08:00,0.4374614953994751,0.4374614953994751,0.4374614953994751,0.4374614953994751,1666,0.0,0.0
2012-10-01 00:00:00+08:00,0.4374614953994751,0.4374614953994751,0.4374614953994751,0.4374614953994751,0,0.0,0.0
2012-10-02 00:00:00+08:00,0.4374614953994751,0.4374614953994751,0.4374614953994751,0.4374614953994751,37333,0.0,0.0
2012-10-03 00:00:00+08:00,0.4374614953994751,0.4374614953994751,0.4374614953994751,0.4374614953994751,23333,0.0,0.0
2012-10-04 00:00:00+08:00,0.4374614953994751,0.4374614953994751,0.4374614953994751,0.4374614953994751,0,0.0,0.0
2012-10-05 00:00:00+08:00,0.43285665103594684,0.4374614953994751,0.4305542059816061,0.4374614953994751,63333,0.0,0.0
2012-10-08 00:00:00+08:00,0.4374614953994751,0.4374614953994751,0.4374614953994751,0.4374614953994751,83999,0.0,0.0
2012-10-09 00:00:00+08:00,0.4144372278366806,0.4374614953994751,0.4144372278366806,0.4374614953994751,145999,0.0,0.0
2012-10-10 00:00:00+08:00,0.4374614953994751,0.4374614953994751,0.4374614953994751,0.4374614953994751,0,0.0,0.0
2012-10-11 00:00:00+08:00,0.4374614953994751,0.4374614953994751,0.4374614953994751,0.4374614953994751,0,0.0,0.0
2012-10-12 00:00:00+08:00,0.4374614953994751,0.4374614953994751,0.4374614953994751,0.4374614953994751,0,0.0,0.0
2012-10-15 00:00:00+08:00,0.4374614953994751,0.4374614953994751,0.4374614953994751,0.4374614953994751,0,0.0,0.0
2012-10-16 00:00:00+08:00,0.43746144570481094,0.4950221538181798,0.43746144570481094,0.4604857563972473,903332,0.0,0.0
2012-10-17 00:00:00+08:00,0.48351011090923557,0.48351011090923557,0.4719979763031006,0.4719979763031006,685999,0.0,0.0
2012-10-18 00:00:00+08:00,0.4719978888708915,0.4835100213445357,0.46048575639724737,0.4604857563972473,721999,0.0,0.0
2012-10-19 00:00:00+08:00,0.44897358697038126,0.4604857654146082,0.44667118787765503,0.44667118787765503,405332,0.0,0.0
2012-10-22 00:00:00+08:00,0.4535784677640312,0.46048575639724737,0.4535784677640312,0.4604857563972473,703332,0.0,0.0
2012-10-23 00:00:00+08:00,0.4581833964776759,0.5180465604727971,0.4558809512583863,0.4719979763031006,1484998,0.0,0.0
2012-10-24 00:00:00+08:00,0.4719979763031006,0.49502224551537055,0.46048584169696555,0.4719979763031006,905665,0.0,0.0
2012-10-25 00:00:00+08:00,0.48351011090923557,0.48351011090923557,0.4719979763031006,0.4719979763031006,81666,0.0,0.0
2012-10-29 00:00:00+08:00,0.4719979763031006,0.4719979763031006,0.4719979763031006,0.4719979763031006,56666,0.0,0.0
2012-10-30 00:00:00+08:00,0.46048575639724737,0.46048575639724737,0.46048575639724737,0.4604857563972473,101999,0.0,0.0
2012-10-31 00:00:00+08:00,0.46048573058110265,0.46048573058110265,0.45357844233512884,0.4535784423351288,69999,0.0,0.0
2012-11-01 00:00:00+08:00,0.4581832952641881,0.4581832952641881,0.4558808505535126,0.4558808505535126,156666,0.0,0.0
2012-11-02 00:00:00+08:00,0.45357844233512884,0.45357844233512884,0.45357844233512884,0.4535784423351288,16666,0.0,0.0
2012-11-05 00:00:00+08:00,0.45357844233512884,0.45357844233512884,0.45357844233512884,0.4535784423351288,11666,0.0,0.0
2012-11-06 00:00:00+08:00,0.47199793169897364,0.47199793169897364,0.4512760639190674,0.4512760639190674,20666,0.0,0.0
2012-11-07 00:00:00+08:00,0.4604857747742577,0.4604857747742577,0.44897359609603876,0.4489735960960388,53999,0.0,0.0
2012-11-08 00:00:00+08:00,0.44897359609603876,0.44897359609603876,0.44897359609603876,0.4489735960960388,0,0.0,0.0
2012-11-09 00:00:00+08:00,0.4489735938581943,0.4489735938581943,0.4420663049837513,0.44436874985694885,148666,0.0,0.0
2012-11-12 00:00:00+08:00,0.4489735938581943,0.4489735938581943,0.4420663049837513,0.44436874985694885,37666,0.0,0.0
2012-11-14 00:00:00+08:00,0.4397638738155365,0.4397638738155365,0.4397638738155365,0.4397638738155365,76666,0.0,0.0
2012-11-15 00:00:00+08:00,0.43515905034513436,0.4374614953994751,0.43515905034513436,0.4374614953994751,118999,0.0,0.0
2012-11-16 00:00:00+08:00,0.4328566169812605,0.44436874985694885,0.42825177298001504,0.44436874985694885,43999,0.0,0.0
2012-11-19 00:00:00+08:00,0.44436874985694885,0.44436874985694885,0.44436874985694885,0.44436874985694885,0,0.0,0.0
2012-11-20 00:00:00+08:00,0.44436874985694885,0.44436874985694885,0.44436874985694885,0.44436874985694885,0,0.0,0.0
2012-11-21 00:00:00+08:00,0.4374614953994751,0.4374614953994751,0.4374614953994751,0.4374614953994751,122333,0.0,0.0
2012-11-22 00:00:00+08:00,0.4374614953994751,0.4374614953994751,0.4374614953994751,0.4374614953994751,0,0.0,0.0
2012-11-23 00:00:00+08:00,0.4259493282450281,0.4282517731189728,0.4259493282450281,0.4282517731189728,21333,0.0,0.0
2012-11-26 00:00:00+08:00,0.4282517731189728,0.4282517731189728,0.4282517731189728,0.4282517731189728,0,0.0,0.0
2012-11-27 00:00:00+08:00,0.4282517731189728,0.4282517731189728,0.4282517731189728,0.4282517731189728,0,0.0,0.0
2012-11-28 00:00:00+08:00,0.4259493052959442,0.4259493052959442,0.4259493052959442,0.4259493052959442,13999,0.0,0.0
2012-11-29 00:00:00+08:00,0.4282517731189728,0.4282517731189728,0.4282517731189728,0.4282517731189728,999,0.0,0.0
2012-11-30 00:00:00+08:00,0.4259493399042228,0.4351590281617919,0.41904205083847046,0.41904205083847046,115666,0.0,0.0
2012-12-03 00:00:00+08:00,0.41904205083847046,0.41904205083847046,0.41904205083847046,0.41904205083847046,0,0.0,0.0
2012-12-04 00:00:00+08:00,0.41904205083847046,0.41904205083847046,0.41904205083847046,0.41904205083847046,8333,0.0,0.0
2012-12-05 00:00:00+08:00,0.4144371747970581,0.4144371747970581,0.4144371747970581,0.4144371747970581,8333,0.0,0.0
2012-12-06 00:00:00+08:00,0.4144371747970581,0.4144371747970581,0.4144371747970581,0.4144371747970581,69666,0.0,0.0
2012-12-07 00:00:00+08:00,0.4167395830154419,0.4167395830154419,0.4167395830154419,0.4167395830154419,10999,0.0,0.0
2012-12-10 00:00:00+08:00,0.4167395830154419,0.4167395830154419,0.4167395830154419,0.4167395830154419,9999,0.0,0.0
2012-12-11 00:00:00+08:00,0.4167395830154419,0.4167395830154419,0.4167395830154419,0.4167395830154419,0,0.0,0.0
2012-12-12 00:00:00+08:00,0.4167395830154419,0.4167395830154419,0.4167395830154419,0.4167395830154419,0,0.0,0.0
2012-12-13 00:00:00+08:00,0.4213445172545496,0.4374614953994751,0.4213445172545496,0.4374614953994751,46666,0.0,0.0
2012-12-14 00:00:00+08:00,0.4236469268798828,0.4236469268798828,0.4236469268798828,0.4236469268798828,33333,0.0,0.0
2012-12-17 00:00:00+08:00,0.4236469268798828,0.4236469268798828,0.4236469268798828,0.4236469268798828,0,0.0,0.0
2012-12-18 00:00:00+08:00,0.4259493052959442,0.4259493052959442,0.4259493052959442,0.4259493052959442,45999,0.0,0.0
2012-12-19 00:00:00+08:00,0.4282517458462549,0.43285658955574036,0.4282517458462549,0.43285658955574036,33999,0.0,0.0
2012-12-20 00:00:00+08:00,0.43285658955574036,0.43285658955574036,0.43285658955574036,0.43285658955574036,0,0.0,0.0
2012-12-21 00:00:00+08:00,0.41904205083847046,0.41904205083847046,0.41904205083847046,0.41904205083847046,6666,0.0,0.0
2012-12-24 00:00:00+08:00,0.41904205083847046,0.41904205083847046,0.41904205083847046,0.41904205083847046,0,0.0,0.0
2012-12-26 00:00:00+08:00,0.41904205083847046,0.41904205083847046,0.41904205083847046,0.41904205083847046,0,0.0,0.0
2012-12-27 00:00:00+08:00,0.4236469268798828,0.4236469268798828,0.4236469268798828,0.4236469268798828,6999,0.0,0.0
2012-12-28 00:00:00+08:00,0.4259493052959442,0.4259493052959442,0.4259493052959442,0.4259493052959442,1666,0.0,0.0
2012-12-31 00:00:00+08:00,0.4259493052959442,0.4259493052959442,0.4259493052959442,0.4259493052959442,0,0.0,0.0
2013-01-02 00:00:00+08:00,0.4374614953994751,0.4374614953994751,0.4374614953994751,0.4374614953994751,36666,0.0,0.0
2013-01-03 00:00:00+08:00,0.4374614953994751,0.4374614953994751,0.43515905034513436,0.4374614953994751,49999,0.0,0.0
2013-01-04 00:00:00+08:00,0.43976394045381584,0.43976394045381584,0.4167396271458681,0.4374614953994751,131666,0.0,0.0
2013-01-07 00:00:00+08:00,0.44206628203392023,0.44206628203392023,0.44206628203392023,0.4420662820339203,14999,0.0,0.0
2013-01-08 00:00:00+08:00,0.44436876980968504,0.4581833481788635,0.44436876980968504,0.4581833481788635,124999,0.0,0.0
2013-01-09 00:00:00+08:00,0.46048584169696555,0.48351011090923557,0.46048584169696555,0.4719979763031006,274999,0.0,0.0
2013-01-10 00:00:00+08:00,0.4719978888708915,0.4719978888708915,0.46048575639724737,0.4604857563972473,40333,0.0,0.0
2013-01-11 00:00:00+08:00,0.46048573058110265,0.46048573058110265,0.4489735530077159,0.4535784423351288,53999,0.0,0.0
2013-01-14 00:00:00+08:00,0.4535785089207744,0.4535785089207744,0.4512760639190674,0.4512760639190674,33333,0.0,0.0
2013-01-15 00:00:00+08:00,0.44206630718716744,0.44897359609603876,0.44206630718716744,0.4489735960960388,12999,0.0,0.0
2013-01-16 00:00:00+08:00,0.4420662982019047,0.44667118787765503,0.4420662982019047,0.44667118787765503,28333,0.0,0.0
2013-01-17 00:00:00+08:00,0.4420663049837513,0.44436874985694885,0.4374614609825059,0.44436874985694885,19999,0.0,0.0
2013-01-18 00:00:00+08:00,0.44436874985694885,0.44436874985694885,0.44436874985694885,0.44436874985694885,2333,0.0,0.0
2013-01-21 00:00:00+08:00,0.4374614953994751,0.43976394045381584,0.4374614953994751,0.4374614953994751,28333,0.0,0.0
2013-01-22 00:00:00+08:00,0.4374614332652258,0.4374614332652258,0.43285658955574036,0.43285658955574036,66666,0.0,0.0
2013-01-23 00:00:00+08:00,0.43285658955574036,0.43285658955574036,0.43285658955574036,0.43285658955574036,33999,0.0,0.0
2013-01-24 00:00:00+08:00,0.43285658955574036,0.43285658955574036,0.43285658955574036,0.43285658955574036,0,0.0,0.0
2013-01-25 00:00:00+08:00,0.4282517731189728,0.4282517731189728,0.4282517731189728,0.4282517731189728,3333,0.0,0.0
2013-01-28 00:00:00+08:00,0.46048584169696555,0.4719979763031006,0.46048584169696555,0.4719979763031006,40666,0.0,0.0
2013-01-29 00:00:00+08:00,0.4719979763031006,0.4719979763031006,0.448973661345674,0.4719979763031006,110666,0.0,0.0
2013-01-30 00:00:00+08:00,0.4719979196555399,0.518046498298645,0.4719979196555399,0.518046498298645,1206998,0.0,0.0
2013-01-31 00:00:00+08:00,0.5295586032156548,0.5295586032156548,0.48351002703406964,0.5065343379974365,346666,0.0,0.0
2013-02-01 00:00:00+08:00,0.49502214789390564,0.5065343259749236,0.49502214789390564,0.49502214789390564,201666,0.0,0.0
2013-02-04 00:00:00+08:00,0.518046498298645,0.5295586315231335,0.518046498298645,0.518046498298645,537332,0.0,0.0
2013-02-05 00:00:00+08:00,0.506534390973629,0.5295586585998535,0.506534390973629,0.5295586585998535,43999,0.0,0.0
2013-02-06 00:00:00+08:00,0.518046498298645,0.5295586315231335,0.5065343650741565,0.518046498298645,163333,0.0,0.0
2013-02-07 00:00:00+08:00,0.5180464706065456,0.5180464706065456,0.5065343379974365,0.5065343379974365,81333,0.0,0.0
2013-02-08 00:00:00+08:00,0.518046498298645,0.518046498298645,0.5065343650741565,0.518046498298645,33333,0.0,0.0
2013-02-13 00:00:00+08:00,0.506534390973629,0.5295586585998535,0.506534390973629,0.5295586585998535,257999,0.0,0.0
2013-02-14 00:00:00+08:00,0.518046498298645,0.5295586315231335,0.518046498298645,0.518046498298645,202999,0.0,0.0
2013-02-15 00:00:00+08:00,0.518046498298645,0.518046498298645,0.4950221861045169,0.518046498298645,236666,0.0,0.0
2013-02-18 00:00:00+08:00,0.5065343429644903,0.5525829195976257,0.5065343429644903,0.5525829195976257,703665,0.0,0.0
2013-02-19 00:00:00+08:00,0.5525828670786798,0.6216557025909424,0.5525828670786798,0.6216557025909424,1928331,0.0,0.0
2013-02-20 00:00:00+08:00,0.6331678219479077,0.6446799533526538,0.5871192505837792,0.5986313819885254,4249329,0.0,0.0
2013-02-21 00:00:00+08:00,0.5871192524317337,0.5871192524317337,0.5756071209907532,0.5756071209907532,164333,0.0,0.0
2013-02-22 00:00:00+08:00,0.5756071209907532,0.5756071209907532,0.5640949895497727,0.5756071209907532,194666,0.0,0.0
2013-02-25 00:00:00+08:00,0.5756072131836714,0.5756072131836714,0.5640950798988342,0.5640950798988342,182333,0.0,0.0
2013-02-26 00:00:00+08:00,0.5410707411304801,0.5640950523196224,0.5410707411304801,0.5525829195976257,228333,0.0,0.0
2013-02-27 00:00:00+08:00,0.5640950523196224,0.5640950523196224,0.5410707411304801,0.5525829195976257,289999,0.0,0.0
2013-02-28 00:00:00+08:00,0.5640950712585789,0.5640950712585789,0.5410707592964172,0.5410707592964172,197999,0.0,0.0
2013-03-01 00:00:00+08:00,0.5525829437172617,0.5525829437172617,0.4950221861045169,0.518046498298645,314333,0.0,0.0
2013-03-04 00:00:00+08:00,0.5065343259749236,0.5065343259749236,0.49502214789390564,0.49502214789390564,126333,0.0,0.0
2013-03-05 00:00:00+08:00,0.4950221596431788,0.5065343379974365,0.4950221596431788,0.5065343379974365,106666,0.0,0.0
2013-03-06 00:00:00+08:00,0.5065343379974365,0.5180464706065456,0.5065343379974365,0.5065343379974365,153666,0.0,0.0
2013-03-07 00:00:00+08:00,0.4950221596431788,0.5065343379974365,0.4950221596431788,0.5065343379974365,48666,0.0,0.0
2013-03-08 00:00:00+08:00,0.5065343379974365,0.5065343379974365,0.5065343379974365,0.5065343379974365,124999,0.0,0.0
2013-03-11 00:00:00+08:00,0.5065343903423477,0.5065343903423477,0.4835100769996643,0.4835100769996643,166666,0.0,0.0
2013-03-12 00:00:00+08:00,0.46048580940213424,0.4835100769996643,0.46048580940213424,0.4835100769996643,79999,0.0,0.0
2013-03-13 00:00:00+08:00,0.4719979763031006,0.4719979763031006,0.4719979763031006,0.4719979763031006,8333,0.0,0.0
2013-03-14 00:00:00+08:00,0.4719979432008993,0.4835100769996643,0.4719979432008993,0.4835100769996643,26333,0.0,0.0
2013-03-15 00:00:00+08:00,0.4719979763031006,0.4719979763031006,0.4719979763031006,0.4719979763031006,76666,0.0,0.0
2013-03-18 00:00:00+08:00,0.4719979763031006,0.4719979763031006,0.4719979763031006,0.4719979763031006,0,0.0,0.0
2013-03-19 00:00:00+08:00,0.4719979763031006,0.4719979763031006,0.4719979763031006,0.4719979763031006,8999,0.0,0.0
2013-03-20 00:00:00+08:00,0.4719979763031006,0.4719979763031006,0.4719979763031006,0.4719979763031006,9999,0.0,0.0
2013-03-21 00:00:00+08:00,0.4719979763031006,0.4719979763031006,0.4719979763031006,0.4719979763031006,0,0.0,0.0
2013-03-22 00:00:00+08:00,0.471997926548042,0.471997926548042,0.4581833481788635,0.4581833481788635,66666,0.0,0.0
2013-03-25 00:00:00+08:00,0.49502214789390564,0.5065343259749236,0.49502214789390564,0.49502214789390564,101999,0.0,0.0
2013-03-26 00:00:00+08:00,0.49502214789390564,0.49502214789390564,0.49502214789390564,0.49502214789390564,20666,0.0,0.0
2013-03-27 00:00:00+08:00,0.5065343259749236,0.5065343259749236,0.49502214789390564,0.49502214789390564,53333,0.0,0.0
2013-03-28 00:00:00+08:00,0.5065343379974365,0.5065343379974365,0.5065343379974365,0.5065343379974365,126666,0.0,0.0
2013-04-01 00:00:00+08:00,0.5065343379974365,0.5065343379974365,0.5065343379974365,0.5065343379974365,45999,0.0,0.0
2013-04-02 00:00:00+08:00,0.5065343379974365,0.5065343379974365,0.4950221596431788,0.5065343379974365,86666,0.0,0.0
2013-04-03 00:00:00+08:00,0.5065343379974365,0.5065343379974365,0.5065343379974365,0.5065343379974365,0,0.0,0.0
2013-04-04 00:00:00+08:00,0.5065343379974365,0.5065343379974365,0.5065343379974365,0.5065343379974365,0,0.0,0.0
2013-04-05 00:00:00+08:00,0.4835100769996643,0.4835100769996643,0.4835100769996643,0.4835100769996643,24999,0.0,0.0
2013-04-08 00:00:00+08:00,0.49502221079842934,0.49502221079842934,0.4835100769996643,0.4835100769996643,62999,0.0,0.0
2013-04-09 00:00:00+08:00,0.4835100155580352,0.49502214789390564,0.4835100155580352,0.49502214789390564,64999,0.0,0.0
2013-04-10 00:00:00+08:00,0.49502214789390564,0.49502214789390564,0.49502214789390564,0.49502214789390564,0,0.0,0.0
2013-04-11 00:00:00+08:00,0.49502214789390564,0.49502214789390564,0.49502214789390564,0.49502214789390564,3333,0.0,0.0
2013-04-12 00:00:00+08:00,0.49502214789390564,0.5065343259749236,0.49502214789390564,0.49502214789390564,56666,0.0,0.0
2013-04-15 00:00:00+08:00,0.49502214789390564,0.49502214789390564,0.49502214789390564,0.49502214789390564,73666,0.0,0.0
2013-04-16 00:00:00+08:00,0.4950221596431788,0.5065343379974365,0.4950221596431788,0.5065343379974365,94999,0.0,0.0
2013-04-17 00:00:00+08:00,0.5065343379974365,0.5065343379974365,0.5065343379974365,0.5065343379974365,46666,0.0,0.0
2013-04-18 00:00:00+08:00,0.5065343379974365,0.5065343379974365,0.5065343379974365,0.5065343379974365,114333,0.0,0.0
2013-04-19 00:00:00+08:00,0.5065343650741565,0.518046498298645,0.5065343650741565,0.518046498298645,52999,0.0,0.0
2013-04-22 00:00:00+08:00,0.5295586084084835,0.5640950523196224,0.5295586084084835,0.5525829195976257,405999,0.0,0.0
2013-04-23 00:00:00+08:00,0.5525829195976257,0.5525829195976257,0.5525829195976257,0.5525829195976257,226666,0.0,0.0
2013-04-24 00:00:00+08:00,0.5525829195976257,0.5525829195976257,0.5525829195976257,0.5525829195976257,69999,0.0,0.0
2013-04-25 00:00:00+08:00,0.5295586585998535,0.5410707924129659,0.5295586585998535,0.5295586585998535,31666,0.0,0.0
2013-04-26 00:00:00+08:00,0.5410706809226677,0.5986313838727142,0.5410706809226677,0.5756071209907532,1135332,0.0,0.0
2013-04-29 00:00:00+08:00,0.5871193464685085,0.5871193464685085,0.5640950798988342,0.5640950798988342,306333,0.0,0.0
2013-04-30 00:00:00+08:00,0.5640950798988342,0.5640950798988342,0.5640950798988342,0.5640950798988342,16666,0.0,0.0
2013-05-02 00:00:00+08:00,0.6561922376678337,0.7022408165523335,0.5986314797533455,0.5640950798988342,2375330,0.0,0.0
2013-05-03 00:00:00+08:00,0.5779662023311836,0.60108482837677,0.5664068893083903,0.60108482837677,188666,0.003,0.0
2013-05-06 00:00:00+08:00,0.5779662132263184,0.5779662132263184,0.5779662132263184,0.5779662132263184,57999,0.0,0.0
2013-05-07 00:00:00+08:00,0.6010848339311523,0.6010848339311523,0.5779662076719361,0.5895255208015442,321999,0.0,0.0
2013-05-08 00:00:00+08:00,0.5895255264670141,0.5895255264670141,0.5779662132263184,0.5779662132263184,103666,0.0,0.0
2013-05-09 00:00:00+08:00,0.5895255323637274,0.5895255323637274,0.5664069056510925,0.5664069056510925,140333,0.0,0.0
2013-05-10 00:00:00+08:00,0.5779662801721044,0.5779662801721044,0.5432882905006409,0.5432882905006409,164666,0.0,0.0
2013-05-13 00:00:00+08:00,0.5432882275716036,0.5895255264670141,0.5432882275716036,0.5779662132263184,111333,0.0,0.0
2013-05-14 00:00:00+08:00,0.5664069115526233,0.5664069115526233,0.5548475980758667,0.5548475980758667,6666,0.0,0.0
2013-05-15 00:00:00+08:00,0.5779662132263184,0.5779662132263184,0.5664068999856227,0.5779662132263184,130666,0.0,0.0
2013-05-16 00:00:00+08:00,0.5664069056510925,0.57796621900741,0.5664069056510925,0.5664069056510925,132333,0.0,0.0
2013-05-17 00:00:00+08:00,0.5779662076719361,0.5895255208015442,0.5779662076719361,0.5895255208015442,56999,0.0,0.0
2013-05-20 00:00:00+08:00,0.5895255208015442,0.6010848339311523,0.5895255208015442,0.5895255208015442,230333,0.0,0.0
2013-05-21 00:00:00+08:00,0.5895255622433712,0.6704408517039779,0.5895255622433712,0.6473221778869629,1477665,0.0,0.0
2013-05-22 00:00:00+08:00,0.6473221850638516,0.6588815450668335,0.6473221850638516,0.6588815450668335,327666,0.0,0.0
2013-05-23 00:00:00+08:00,0.6473221292803003,0.6473221292803003,0.6126441900576495,0.6242035031318665,374999,0.0,0.0
2013-05-27 00:00:00+08:00,0.6242035031318665,0.6242035031318665,0.6242035031318665,0.6242035031318665,93333,0.0,0.0
2013-05-28 00:00:00+08:00,0.624203497732857,0.6357628107070923,0.624203497732857,0.6357628107070923,9999,0.0,0.0
2013-05-29 00:00:00+08:00,0.6242035694638717,0.6242035694638717,0.6126442551612854,0.6126442551612854,132999,0.0,0.0
2013-05-30 00:00:00+08:00,0.6126442551612854,0.6126442551612854,0.6010848949260672,0.6126442551612854,189666,0.0,0.0
2013-05-31 00:00:00+08:00,0.6126442551612854,0.6126442551612854,0.6126442551612854,0.6126442551612854,50666,0.0,0.0
2013-06-03 00:00:00+08:00,0.6242035694638717,0.6242035694638717,0.6126442551612854,0.6126442551612854,55666,0.0,0.0
2013-06-04 00:00:00+08:00,0.6242035031318665,0.6357628162060833,0.6242035031318665,0.6242035031318665,191666,0.0,0.0
2013-06-05 00:00:00+08:00,0.6242035694638717,0.6357628837664578,0.6126442551612854,0.6126442551612854,139333,0.0,0.0
2013-06-06 00:00:00+08:00,0.6126441900576495,0.6242035031318665,0.6126441900576495,0.6242035031318665,78999,0.0,0.0
2013-06-07 00:00:00+08:00,0.6242035031318665,0.6242035031318665,0.6242035031318665,0.6242035031318665,75999,0.0,0.0
2013-06-10 00:00:00+08:00,0.6242035031318665,0.6242035031318665,0.6242035031318665,0.6242035031318665,98999,0.0,0.0
2013-06-11 00:00:00+08:00,0.6242035694638717,0.6242035694638717,0.6010848949260672,0.6126442551612854,279999,0.0,0.0
2013-06-12 00:00:00+08:00,0.6126441900576495,0.6242035031318665,0.6126441900576495,0.6242035031318665,56333,0.0,0.0
2013-06-13 00:00:00+08:00,0.6126441988810333,0.6126441988810333,0.5779662132263184,0.5779662132263184,121333,0.0,0.0
2013-06-14 00:00:00+08:00,0.5895255153539768,0.6126441873321902,0.5895255153539768,0.60108482837677,83333,0.0,0.0
2013-06-17 00:00:00+08:00,0.5895255264670141,0.5895255264670141,0.5779662132263184,0.5779662132263184,84666,0.0,0.0
2013-06-18 00:00:00+08:00,0.5895255153539768,0.60108482837677,0.5779662023311836,0.60108482837677,21666,0.0,0.0
2013-06-19 00:00:00+08:00,0.5895255208015442,0.5895255208015442,0.5895255208015442,0.5895255208015442,16666,0.0,0.0
2013-06-20 00:00:00+08:00,0.5779662076719361,0.5895255208015442,0.5779662076719361,0.5895255208015442,14333,0.0,0.0
2013-06-21 00:00:00+08:00,0.5779662076719361,0.5895255208015442,0.5779662076719361,0.5895255208015442,45999,0.0,0.0
2013-06-24 00:00:00+08:00,0.5895255264670141,0.5895255264670141,0.5779662132263184,0.5779662132263184,17666,0.0,0.0
2013-06-25 00:00:00+08:00,0.5779662132263184,0.5779662132263184,0.5779662132263184,0.5779662132263184,0,0.0,0.0
2013-06-26 00:00:00+08:00,0.5779662250293801,0.5895255385061368,0.5548475980758667,0.5548475980758667,33333,0.0,0.0
2013-06-27 00:00:00+08:00,0.5548475980758667,0.5779662250293801,0.5548475980758667,0.5548475980758667,13999,0.0,0.0
2013-06-28 00:00:00+08:00,0.5779662132263184,0.5779662132263184,0.5779662132263184,0.5779662132263184,7333,0.0,0.0
2013-07-01 00:00:00+08:00,0.5548475980758667,0.5548475980758667,0.5548475980758667,0.5548475980758667,38333,0.0,0.0
2013-07-02 00:00:00+08:00,0.5548475980758667,0.5664069115526233,0.5548475980758667,0.5548475980758667,46666,0.0,0.0
2013-07-03 00:00:00+08:00,0.5432882386664812,0.5548475980758667,0.5432882386664812,0.5548475980758667,13999,0.0,0.0
2013-07-04 00:00:00+08:00,0.5548475980758667,0.5548475980758667,0.5548475980758667,0.5548475980758667,0,0.0,0.0
2013-07-05 00:00:00+08:00,0.5664068999856227,0.5779662132263184,0.5664068999856227,0.5779662132263184,43333,0.0,0.0
2013-07-08 00:00:00+08:00,0.5779662132263184,0.5779662132263184,0.5779662132263184,0.5779662132263184,0,0.0,0.0
2013-07-09 00:00:00+08:00,0.5779662132263184,0.5779662132263184,0.5779662132263184,0.5779662132263184,38333,0.0,0.0
2013-07-10 00:00:00+08:00,0.57796621900741,0.57796621900741,0.5664069056510925,0.5664069056510925,99999,0.0,0.0
2013-07-11 00:00:00+08:00,0.5779662250293801,0.5779662250293801,0.5548475980758667,0.5548475980758667,119999,0.0,0.0
2013-07-12 00:00:00+08:00,0.5548475980758667,0.5548475980758667,0.5548475980758667,0.5548475980758667,46666,0.0,0.0
2013-07-15 00:00:00+08:00,0.5548475980758667,0.5548475980758667,0.5548475980758667,0.5548475980758667,0,0.0,0.0
2013-07-16 00:00:00+08:00,0.5548475980758667,0.5548475980758667,0.5548475980758667,0.5548475980758667,0,0.0,0.0
2013-07-17 00:00:00+08:00,0.5432882905006409,0.5432882905006409,0.5432882905006409,0.5432882905006409,33333,0.0,0.0
2013-07-18 00:00:00+08:00,0.5548475980758667,0.5548475980758667,0.5548475980758667,0.5548475980758667,6666,0.0,0.0
2013-07-19 00:00:00+08:00,0.5548475980758667,0.5548475980758667,0.5548475980758667,0.5548475980758667,9999,0.0,0.0
2013-07-22 00:00:00+08:00,0.5548475980758667,0.5548475980758667,0.5548475980758667,0.5548475980758667,3333,0.0,0.0
2013-07-23 00:00:00+08:00,0.5432882905006409,0.5432882905006409,0.5432882905006409,0.5432882905006409,999,0.0,0.0
2013-07-24 00:00:00+08:00,0.5548475980758667,0.5548475980758667,0.5548475980758667,0.5548475980758667,16666,0.0,0.0
2013-07-25 00:00:00+08:00,0.5548475980758667,0.5548475980758667,0.5548475980758667,0.5548475980758667,23666,0.0,0.0
2013-07-26 00:00:00+08:00,0.5548475980758667,0.5548475980758667,0.5548475980758667,0.5548475980758667,60999,0.0,0.0
2013-07-29 00:00:00+08:00,0.5548475980758667,0.5548475980758667,0.5548475980758667,0.5548475980758667,21999,0.0,0.0
2013-07-30 00:00:00+08:00,0.5548475980758667,0.5548475980758667,0.5548475980758667,0.5548475980758667,3333,0.0,0.0
2013-07-31 00:00:00+08:00,0.5548476510128841,0.5548476510128841,0.5432882905006409,0.5432882905006409,9999,0.0,0.0
2013-08-01 00:00:00+08:00,0.5548475961256535,0.5548475961256535,0.5086102964485156,0.5317289233207703,158333,0.0,0.0
2013-08-02 00:00:00+08:00,0.5086103081703186,0.5086103081703186,0.5086103081703186,0.5086103081703186,66666,0.0,0.0
2013-08-05 00:00:00+08:00,0.5086103081703186,0.5086103081703186,0.5086103081703186,0.5086103081703186,1666,0.0,0.0
2013-08-06 00:00:00+08:00,0.5086103467618104,0.5432882905006409,0.5086103467618104,0.5432882905006409,16999,0.0,0.0
2013-08-07 00:00:00+08:00,0.5432882905006409,0.5432882905006409,0.5432882905006409,0.5432882905006409,0,0.0,0.0
2013-08-12 00:00:00+08:00,0.554847586744927,0.5779662132263184,0.554847586744927,0.5779662132263184,172999,0.0,0.0
2013-08-13 00:00:00+08:00,0.5779662132263184,0.5779662132263184,0.5664068999856227,0.5779662132263184,163999,0.0,0.0
2013-08-14 00:00:00+08:00,0.5664069056510925,0.5664069056510925,0.5548475922947751,0.5664069056510925,136666,0.0,0.0
2013-08-15 00:00:00+08:00,0.5664069056510925,0.5664069056510925,0.5664069056510925,0.5664069056510925,0,0.0,0.0
2013-08-16 00:00:00+08:00,0.5664069056510925,0.5664069056510925,0.5664069056510925,0.5664069056510925,0,0.0,0.0
2013-08-19 00:00:00+08:00,0.5664069655924943,0.5664069655924943,0.5432882905006409,0.5432882905006409,166666,0.0,0.0
2013-08-20 00:00:00+08:00,0.5432882905006409,0.5432882905006409,0.5432882905006409,0.5432882905006409,4666,0.0,0.0
2013-08-21 00:00:00+08:00,0.5548476510128841,0.5548476510128841,0.5432882905006409,0.5432882905006409,33333,0.0,0.0
2013-08-22 00:00:00+08:00,0.5432882367568976,0.5432882367568976,0.5317289233207703,0.5317289233207703,28333,0.0,0.0
2013-08-23 00:00:00+08:00,0.5317289233207703,0.5317289233207703,0.5317289233207703,0.5317289233207703,54999,0.0,0.0
2013-08-26 00:00:00+08:00,0.5317289233207703,0.5317289233207703,0.5317289233207703,0.5317289233207703,0,0.0,0.0
2013-08-27 00:00:00+08:00,0.5317289233207703,0.5317289233207703,0.520169609884643,0.5317289233207703,53333,0.0,0.0
2013-08-28 00:00:00+08:00,0.520169609884643,0.5317289233207703,0.520169609884643,0.5317289233207703,19999,0.0,0.0
2013-08-29 00:00:00+08:00,0.5317289759210307,0.5432882905006409,0.5317289759210307,0.5432882905006409,26666,0.0,0.0
2013-08-30 00:00:00+08:00,0.5223925709724426,0.5223925709724426,0.5223925709724426,0.5223925709724426,19999,0.003,0.0
2013-09-02 00:00:00+08:00,0.5223925709724426,0.5223925709724426,0.5223925709724426,0.5223925709724426,0,0.0,0.0
2013-09-03 00:00:00+08:00,0.5223925709724426,0.5223925709724426,0.5223925709724426,0.5223925709724426,0,0.0,0.0
2013-09-04 00:00:00+08:00,0.5223925709724426,0.5223925709724426,0.5223925709724426,0.5223925709724426,14999,0.0,0.0
2013-09-05 00:00:00+08:00,0.5340012907981873,0.5340012907981873,0.5340012907981873,0.5340012907981873,16666,0.0,0.0
2013-09-06 00:00:00+08:00,0.5223925709724426,0.5223925709724426,0.5223925709724426,0.5223925709724426,7999,0.0,0.0
2013-09-09 00:00:00+08:00,0.5223925709724426,0.5223925709724426,0.5223925709724426,0.5223925709724426,0,0.0,0.0
2013-09-10 00:00:00+08:00,0.5223925709724426,0.5223925709724426,0.5223925709724426,0.5223925709724426,79999,0.0,0.0
2013-09-11 00:00:00+08:00,0.5223925709724426,0.5223925709724426,0.5223925709724426,0.5223925709724426,35333,0.0,0.0
2013-09-12 00:00:00+08:00,0.5688273816220742,0.5688273816220742,0.5572186708450317,0.5572186708450317,136666,0.0,0.0
2013-09-13 00:00:00+08:00,0.5340012907981873,0.5340012907981873,0.5340012907981873,0.5340012907981873,10666,0.0,0.0
2013-09-16 00:00:00+08:00,0.5223925006950209,0.580436101632486,0.5223925006950209,0.5688273906707764,68999,0.0,0.0
2013-09-17 00:00:00+08:00,0.5572186797090667,0.5688273906707764,0.5572186797090667,0.5688273906707764,30999,0.0,0.0
2013-09-18 00:00:00+08:00,0.580436101632486,0.5920448125941957,0.5688273906707764,0.5688273906707764,128333,0.0,0.0
2013-09-19 00:00:00+08:00,0.5688273906707764,0.5920448125941957,0.5572186797090667,0.5688273906707764,528332,0.0,0.0
2013-09-20 00:00:00+08:00,0.5688274607094148,0.731349572571138,0.5688274607094148,0.7081321477890015,7122992,0.0,0.0
2013-09-23 00:00:00+08:00,0.7777852063270944,0.7777852063270944,0.6965233892690107,0.7081321477890015,2551997,0.0,0.0
2013-09-24 00:00:00+08:00,0.7081321015419823,0.7197408131749033,0.6616972088813782,0.6616972088813782,958999,0.0,0.0
2013-09-25 00:00:00+08:00,0.6384797767452828,0.6616972474949065,0.6384797767452828,0.6500884890556335,326999,0.0,0.0
2013-09-26 00:00:00+08:00,0.6384797394866163,0.6616972088813782,0.6384797394866163,0.6616972088813782,213999,0.0,0.0
2013-09-27 00:00:00+08:00,0.6616972169329463,0.6849146404812994,0.6616972169329463,0.6733059287071228,363332,0.0,0.0
2013-09-30 00:00:00+08:00,0.6733059287071228,0.7197408219327492,0.6733059287071228,0.6733059287071228,900999,0.0,0.0
2013-10-01 00:00:00+08:00,0.6733059205142993,0.6733059205142993,0.6500884511195375,0.6616972088813782,276666,0.0,0.0
2013-10-02 00:00:00+08:00,0.6733059598052573,0.6733059598052573,0.6500884890556335,0.6500884890556335,55999,0.0,0.0
2013-10-03 00:00:00+08:00,0.6616973014783141,0.6616973014783141,0.6384798288345337,0.6384798288345337,145999,0.0,0.0
2013-10-04 00:00:00+08:00,0.6268710734899413,0.6268710734899413,0.5920448899269104,0.5920448899269104,346666,0.0,0.0
2013-10-07 00:00:00+08:00,0.6036535947633297,0.6036535947633297,0.5688274577700838,0.5804361701011658,230333,0.0,0.0
2013-10-08 00:00:00+08:00,0.5804361701011658,0.5920448824322477,0.5804361701011658,0.5804361701011658,176999,0.0,0.0
2013-10-09 00:00:00+08:00,0.5804361701011658,0.5920448824322477,0.5804361701011658,0.5804361701011658,82333,0.0,0.0
2013-10-10 00:00:00+08:00,0.5804361551472106,0.6268710494041443,0.5804361551472106,0.6268710494041443,101666,0.0,0.0
2013-10-11 00:00:00+08:00,0.6384797614361474,0.6500884734681506,0.6152623373721411,0.6268710494041443,91666,0.0,0.0
2013-10-14 00:00:00+08:00,0.6152623891830444,0.6268711021926108,0.6152623891830444,0.6152623891830444,63333,0.0,0.0
2013-10-16 00:00:00+08:00,0.6268711021926108,0.6268711021926108,0.6152623891830444,0.6152623891830444,41333,0.0,0.0
2013-10-17 00:00:00+08:00,0.6152623685009164,0.6152623685009164,0.603653609752655,0.603653609752655,30333,0.0,0.0
2013-10-18 00:00:00+08:00,0.6152623685009164,0.6152623685009164,0.603653609752655,0.603653609752655,10666,0.0,0.0
2013-10-21 00:00:00+08:00,0.6384798152021772,0.6384798152021772,0.6152623891830444,0.6152623891830444,41333,0.0,0.0
2013-10-22 00:00:00+08:00,0.6152623891830444,0.6152623891830444,0.6152623891830444,0.6152623891830444,0,0.0,0.0
2013-10-23 00:00:00+08:00,0.6152623891830444,0.6268711021926108,0.6152623891830444,0.6152623891830444,81999,0.0,0.0
2013-10-24 00:00:00+08:00,0.6152623891830444,0.6152623891830444,0.6152623891830444,0.6152623891830444,14666,0.0,0.0
2013-10-25 00:00:00+08:00,0.6152623891830444,0.6152623891830444,0.6152623891830444,0.6152623891830444,6666,0.0,0.0
2013-10-28 00:00:00+08:00,0.6152623891830444,0.6152623891830444,0.6152623891830444,0.6152623891830444,29999,0.0,0.0
2013-10-29 00:00:00+08:00,0.603653609752655,0.603653609752655,0.603653609752655,0.603653609752655,9999,0.0,0.0
2013-10-30 00:00:00+08:00,0.5920448899269104,0.5920448899269104,0.5920448899269104,0.5920448899269104,56666,0.0,0.0
2013-10-31 00:00:00+08:00,0.5920448899269104,0.5920448899269104,0.5920448899269104,0.5920448899269104,0,0.0,0.0
2013-11-01 00:00:00+08:00,0.5920448899269104,0.5920448899269104,0.5920448899269104,0.5920448899269104,0,0.0,0.0
2013-11-05 00:00:00+08:00,0.5920448899269104,0.5920448899269104,0.5920448899269104,0.5920448899269104,16333,0.0,0.0
2013-11-06 00:00:00+08:00,0.5920448899269104,0.5920448899269104,0.5920448899269104,0.5920448899269104,36666,0.0,0.0
2013-11-07 00:00:00+08:00,0.5920448899269104,0.5920448899269104,0.5920448899269104,0.5920448899269104,8666,0.0,0.0
2013-11-08 00:00:00+08:00,0.5920449170349866,0.6152623891830444,0.5920449170349866,0.6152623891830444,77666,0.0,0.0
2013-11-11 00:00:00+08:00,0.5920448824322477,0.5920448824322477,0.5804361701011658,0.5804361701011658,103333,0.0,0.0
2013-11-12 00:00:00+08:00,0.5804361774488744,0.5920448899269104,0.5804361774488744,0.5920448899269104,17666,0.0,0.0
2013-11-13 00:00:00+08:00,0.6036535947633297,0.6036535947633297,0.5804361701011658,0.5804361701011658,136666,0.0,0.0
2013-11-14 00:00:00+08:00,0.5804361701011658,0.5804361701011658,0.5804361701011658,0.5804361701011658,19999,0.0,0.0
2013-11-15 00:00:00+08:00,0.5688273816220742,0.5688273816220742,0.5572186708450317,0.5572186708450317,79999,0.0,0.0
2013-11-18 00:00:00+08:00,0.5688273906707764,0.5688273906707764,0.5688273906707764,0.5688273906707764,68666,0.0,0.0
2013-11-19 00:00:00+08:00,0.5688273906707764,0.5688273906707764,0.5688273906707764,0.5688273906707764,0,0.0,0.0
2013-11-20 00:00:00+08:00,0.5688273906707764,0.5688273906707764,0.5688273906707764,0.5688273906707764,13333,0.0,0.0
2013-11-21 00:00:00+08:00,0.5572186708450317,0.5572186708450317,0.5572186708450317,0.5572186708450317,76666,0.0,0.0
2013-11-22 00:00:00+08:00,0.5688273906707764,0.5688273906707764,0.5688273906707764,0.5688273906707764,14333,0.0,0.0
2013-11-25 00:00:00+08:00,0.5688273816220742,0.5688273816220742,0.5572186708450317,0.5572186708450317,47333,0.0,0.0
2013-11-26 00:00:00+08:00,0.5572186797090667,0.5688273906707764,0.5572186797090667,0.5688273906707764,71666,0.0,0.0
2013-11-27 00:00:00+08:00,0.5572186797090667,0.5688273906707764,0.5572186797090667,0.5688273906707764,16666,0.0,0.0
2013-11-28 00:00:00+08:00,0.5688273906707764,0.5688273906707764,0.5688273906707764,0.5688273906707764,57999,0.0,0.0
2013-11-29 00:00:00+08:00,0.5572186708450317,0.5572186708450317,0.5572186708450317,0.5572186708450317,136666,0.0,0.0
2013-12-02 00:00:00+08:00,0.5572186708450317,0.5688273816220742,0.5572186708450317,0.5572186708450317,46999,0.0,0.0
2013-12-03 00:00:00+08:00,0.5688273816220742,0.5688273816220742,0.5572186708450317,0.5572186708450317,96666,0.0,0.0
2013-12-04 00:00:00+08:00,0.5572186708450317,0.5572186708450317,0.5572186708450317,0.5572186708450317,16666,0.0,0.0
2013-12-05 00:00:00+08:00,0.5572186708450317,0.5572186708450317,0.5572186708450317,0.5572186708450317,70999,0.0,0.0
2013-12-06 00:00:00+08:00,0.5572186708450317,0.5572186708450317,0.5572186708450317,0.5572186708450317,16666,0.0,0.0
2013-12-09 00:00:00+08:00,0.5572187454390019,0.5920448824322477,0.5572187454390019,0.5804361701011658,88999,0.0,0.0
2013-12-10 00:00:00+08:00,0.5804361701011658,0.5920448824322477,0.5804361701011658,0.5804361701011658,6999,0.0,0.0
2013-12-11 00:00:00+08:00,0.5804361701011658,0.5804361701011658,0.5804361701011658,0.5804361701011658,0,0.0,0.0
2013-12-12 00:00:00+08:00,0.5804361774488744,0.5920448899269104,0.5804361774488744,0.5920448899269104,28999,0.0,0.0
2013-12-13 00:00:00+08:00,0.5804361701011658,0.5804361701011658,0.5804361701011658,0.5804361701011658,33666,0.0,0.0
2013-12-16 00:00:00+08:00,0.5804361701011658,0.5804361701011658,0.5804361701011658,0.5804361701011658,0,0.0,0.0
2013-12-17 00:00:00+08:00,0.5688273906707764,0.5688273906707764,0.5572186797090667,0.5688273906707764,49999,0.0,0.0
2013-12-18 00:00:00+08:00,0.5688273906707764,0.5688273906707764,0.5688273906707764,0.5688273906707764,0,0.0,0.0
2013-12-19 00:00:00+08:00,0.5688273906707764,0.5688273906707764,0.5688273906707764,0.5688273906707764,61666,0.0,0.0
2013-12-20 00:00:00+08:00,0.5572186708450317,0.5572186708450317,0.5572186708450317,0.5572186708450317,18999,0.0,0.0
2013-12-23 00:00:00+08:00,0.5688273816220742,0.5688273816220742,0.5572186708450317,0.5572186708450317,26666,0.0,0.0
2013-12-24 00:00:00+08:00,0.5572186708450317,0.5572186708450317,0.5572186708450317,0.5572186708450317,16666,0.0,0.0
2013-12-26 00:00:00+08:00,0.5572186708450317,0.5572186708450317,0.5572186708450317,0.5572186708450317,50333,0.0,0.0
2013-12-27 00:00:00+08:00,0.5572186797090667,0.5688273906707764,0.5572186797090667,0.5688273906707764,25333,0.0,0.0
2013-12-30 00:00:00+08:00,0.5572187454390019,0.5804361701011658,0.5572187454390019,0.5804361701011658,51666,0.0,0.0
2013-12-31 00:00:00+08:00,0.5804361701011658,0.5920448824322477,0.5804361701011658,0.5804361701011658,26999,0.0,0.0
2014-01-02 00:00:00+08:00,0.5804361701011658,0.5804361701011658,0.5804361701011658,0.5804361701011658,23333,0.0,0.0
2014-01-03 00:00:00+08:00,0.5804361701011658,0.5804361701011658,0.5804361701011658,0.5804361701011658,16666,0.0,0.0
2014-01-06 00:00:00+08:00,0.5688273906707764,0.5688273906707764,0.5688273906707764,0.5688273906707764,18666,0.0,0.0
2014-01-07 00:00:00+08:00,0.5572187454390019,0.5804361701011658,0.5572187454390019,0.5804361701011658,39999,0.0,0.0
2014-01-08 00:00:00+08:00,0.5804361774488744,0.5920448899269104,0.5804361774488744,0.5920448899269104,8333,0.0,0.0
2014-01-09 00:00:00+08:00,0.5804361701011658,0.5804361701011658,0.5804361701011658,0.5804361701011658,56333,0.0,0.0
2014-01-10 00:00:00+08:00,0.5688273906707764,0.5688273906707764,0.5688273906707764,0.5688273906707764,29999,0.0,0.0
2014-01-13 00:00:00+08:00,0.5688273906707764,0.5688273906707764,0.5688273906707764,0.5688273906707764,15999,0.0,0.0
2014-01-14 00:00:00+08:00,0.5688274577700838,0.5804361701011658,0.5688274577700838,0.5804361701011658,78666,0.0,0.0
2014-01-15 00:00:00+08:00,0.5804361701011658,0.5804361701011658,0.5804361701011658,0.5804361701011658,18333,0.0,0.0
2014-01-16 00:00:00+08:00,0.5804361701011658,0.5804361701011658,0.5804361701011658,0.5804361701011658,3333,0.0,0.0
2014-01-17 00:00:00+08:00,0.5804361701011658,0.615262353223334,0.5804361701011658,0.5804361701011658,58333,0.0,0.0
2014-01-20 00:00:00+08:00,0.603653609752655,0.6152623685009164,0.603653609752655,0.603653609752655,107999,0.0,0.0
2014-01-21 00:00:00+08:00,0.6152623373721411,0.6268710494041443,0.6152623373721411,0.6268710494041443,214999,0.0,0.0
2014-01-22 00:00:00+08:00,0.6384797767452828,0.6616972474949065,0.6268710644349319,0.6500884890556335,386332,0.0,0.0
2014-01-23 00:00:00+08:00,0.6500884890556335,0.6616972474949065,0.6500884890556335,0.6500884890556335,331666,0.0,0.0
2014-01-24 00:00:00+08:00,0.6500884890556335,0.6616972474949065,0.6500884890556335,0.6500884890556335,254999,0.0,0.0
2014-01-27 00:00:00+08:00,0.6268710494041443,0.6384797614361474,0.6268710494041443,0.6268710494041443,178666,0.0,0.0
2014-01-28 00:00:00+08:00,0.6500884890556335,0.6616972474949065,0.6500884890556335,0.6500884890556335,360332,0.0,0.0
2014-01-29 00:00:00+08:00,0.6500884734681506,0.6500884734681506,0.6268710494041443,0.6268710494041443,56999,0.0,0.0
2014-01-30 00:00:00+08:00,0.6268710494041443,0.6268710494041443,0.6268710494041443,0.6268710494041443,42999,0.0,0.0
2014-02-03 00:00:00+08:00,0.6384798288345337,0.6500885420919609,0.6384798288345337,0.6384798288345337,45666,0.0,0.0
2014-02-04 00:00:00+08:00,0.6268710494041443,0.6268710494041443,0.6152623373721411,0.6268710494041443,178333,0.0,0.0
2014-02-05 00:00:00+08:00,0.6384797614361474,0.6384797614361474,0.6268710494041443,0.6268710494041443,137333,0.0,0.0
2014-02-06 00:00:00+08:00,0.6268710644349319,0.6500884890556335,0.6268710644349319,0.6500884890556335,49999,0.0,0.0
2014-02-07 00:00:00+08:00,0.6500885420919609,0.6500885420919609,0.6268711155771065,0.6384798288345337,141666,0.0,0.0
2014-02-10 00:00:00+08:00,0.6384798288345337,0.6384798288345337,0.6268711155771065,0.6384798288345337,59999,0.0,0.0
2014-02-11 00:00:00+08:00,0.6384798288345337,0.6500885420919609,0.6268711155771065,0.6384798288345337,83999,0.0,0.0
2014-02-12 00:00:00+08:00,0.6384798288345337,0.6616973014783141,0.6384798288345337,0.6384798288345337,178999,0.0,0.0
2014-02-13 00:00:00+08:00,0.638479754761372,0.6849146485328674,0.638479754761372,0.6849146485328674,651999,0.0,0.0
2014-02-14 00:00:00+08:00,0.6965233604435112,0.7081321184830756,0.6849146485328674,0.6849146485328674,434332,0.0,0.0
2014-02-17 00:00:00+08:00,0.6733059366222237,0.6849146485328674,0.6733059366222237,0.6849146485328674,98333,0.0,0.0
2014-02-18 00:00:00+08:00,0.6733059366222237,0.7081321184830756,0.6733059366222237,0.6849146485328674,295999,0.0,0.0
2014-02-19 00:00:00+08:00,0.6849146485328674,0.6965233604435112,0.6849146485328674,0.6849146485328674,184666,0.0,0.0
2014-02-20 00:00:00+08:00,0.6965233604435112,0.6965233604435112,0.6849146485328674,0.6849146485328674,149999,0.0,0.0
2014-02-21 00:00:00+08:00,0.6965233087539673,0.7197407769811888,0.6965233087539673,0.6965233087539673,1536665,0.0,0.0
2014-02-24 00:00:00+08:00,0.7081320659320366,0.7197407769811888,0.6965233087539673,0.6965233087539673,504999,0.0,0.0
2014-02-25 00:00:00+08:00,0.7081321477890015,0.7081321477890015,0.6965233892690107,0.7081321477890015,138666,0.0,0.0
2014-02-26 00:00:00+08:00,0.6965233087539673,0.6965233087539673,0.6965233087539673,0.6965233087539673,118666,0.0,0.0
2014-02-27 00:00:00+08:00,0.7081321184830756,0.7081321184830756,0.6849146485328674,0.6849146485328674,244666,0.0,0.0
2014-02-28 00:00:00+08:00,0.6849146404812994,0.6965233522554759,0.6500884590298496,0.6733059287071228,561666,0.0,0.0
2014-03-03 00:00:00+08:00,0.6500884734681506,0.6500884734681506,0.6268710494041443,0.6268710494041443,69333,0.0,0.0
2014-03-04 00:00:00+08:00,0.6384797767452828,0.6500884890556335,0.6384797767452828,0.6500884890556335,56666,0.0,0.0
2014-03-05 00:00:00+08:00,0.6616972088813782,0.6616972088813782,0.6500884511195375,0.6616972088813782,16666,0.0,0.0
2014-03-06 00:00:00+08:00,0.6384798288345337,0.6384798288345337,0.6384798288345337,0.6384798288345337,18333,0.0,0.0
2014-03-07 00:00:00+08:00,0.6500884890556335,0.6500884890556335,0.6500884890556335,0.6500884890556335,38333,0.0,0.0
2014-03-10 00:00:00+08:00,0.6384798288345337,0.6500885420919609,0.6384798288345337,0.6384798288345337,35333,0.0,0.0
2014-03-11 00:00:00+08:00,0.6384798288345337,0.6384798288345337,0.6384798288345337,0.6384798288345337,19333,0.0,0.0
2014-03-12 00:00:00+08:00,0.6384798288345337,0.6384798288345337,0.6268711155771065,0.6384798288345337,101333,0.0,0.0
2014-03-13 00:00:00+08:00,0.6268710494041443,0.6268710494041443,0.6268710494041443,0.6268710494041443,23999,0.0,0.0
2014-03-14 00:00:00+08:00,0.6268710494041443,0.6384797614361474,0.6268710494041443,0.6268710494041443,34999,0.0,0.0
2014-03-17 00:00:00+08:00,0.6268710494041443,0.6268710494041443,0.6268710494041443,0.6268710494041443,0,0.0,0.0
2014-03-18 00:00:00+08:00,0.6384798288345337,0.6384798288345337,0.6384798288345337,0.6384798288345337,41666,0.0,0.0
2014-03-19 00:00:00+08:00,0.6268710494041443,0.6268710494041443,0.6268710494041443,0.6268710494041443,106999,0.0,0.0
2014-03-20 00:00:00+08:00,0.6268710494041443,0.6268710494041443,0.6268710494041443,0.6268710494041443,49333,0.0,0.0
2014-03-21 00:00:00+08:00,0.6268710494041443,0.6268710494041443,0.6268710494041443,0.6268710494041443,8999,0.0,0.0
2014-03-24 00:00:00+08:00,0.6268710494041443,0.6384797614361474,0.6268710494041443,0.6268710494041443,13333,0.0,0.0
2014-03-25 00:00:00+08:00,0.6268710494041443,0.6268710494041443,0.6268710494041443,0.6268710494041443,18333,0.0,0.0
2014-03-26 00:00:00+08:00,0.6268710494041443,0.6268710494041443,0.6268710494041443,0.6268710494041443,16666,0.0,0.0
2014-03-27 00:00:00+08:00,0.6268710494041443,0.6268710494041443,0.6268710494041443,0.6268710494041443,21333,0.0,0.0
2014-03-28 00:00:00+08:00,0.6268710494041443,0.6268710494041443,0.6268710494041443,0.6268710494041443,129666,0.0,0.0
2014-03-31 00:00:00+08:00,0.6268710494041443,0.6268710494041443,0.6152623373721411,0.6268710494041443,89999,0.0,0.0
2014-04-01 00:00:00+08:00,0.6152623891830444,0.6152623891830444,0.6152623891830444,0.6152623891830444,63666,0.0,0.0
2014-04-02 00:00:00+08:00,0.6152623891830444,0.6152623891830444,0.6152623891830444,0.6152623891830444,333,0.0,0.0
2014-04-03 00:00:00+08:00,0.6152623891830444,0.6152623891830444,0.6152623891830444,0.6152623891830444,18333,0.0,0.0
2014-04-04 00:00:00+08:00,0.6152623891830444,0.6152623891830444,0.6152623891830444,0.6152623891830444,0,0.0,0.0
2014-04-07 00:00:00+08:00,0.6152623891830444,0.6152623891830444,0.603653630044553,0.6152623891830444,22666,0.0,0.0
2014-04-08 00:00:00+08:00,0.5920448899269104,0.5920448899269104,0.5920448899269104,0.5920448899269104,6999,0.0,0.0
2014-04-09 00:00:00+08:00,0.6152623891830444,0.6152623891830444,0.6152623891830444,0.6152623891830444,13333,0.0,0.0
2014-04-10 00:00:00+08:00,0.6152623891830444,0.6152623891830444,0.6152623891830444,0.6152623891830444,21666,0.0,0.0
2014-04-11 00:00:00+08:00,0.6152623891830444,0.6152623891830444,0.6152623891830444,0.6152623891830444,0,0.0,0.0
2014-04-14 00:00:00+08:00,0.6036535792112169,0.6268710494041443,0.6036535792112169,0.6268710494041443,23333,0.0,0.0
2014-04-15 00:00:00+08:00,0.6268710494041443,0.6268710494041443,0.6268710494041443,0.6268710494041443,0,0.0,0.0
2014-04-16 00:00:00+08:00,0.6152623891830444,0.6384798152021772,0.6152623891830444,0.6152623891830444,120999,0.0,0.0
2014-04-17 00:00:00+08:00,0.6152623685009164,0.6152623685009164,0.603653609752655,0.603653609752655,6666,0.0,0.0
2014-04-21 00:00:00+08:00,0.603653630044553,0.6152623891830444,0.603653630044553,0.6152623891830444,9999,0.0,0.0
2014-04-22 00:00:00+08:00,0.6152623891830444,0.6152623891830444,0.6152623891830444,0.6152623891830444,51999,0.0,0.0
2014-04-23 00:00:00+08:00,0.6152623891830444,0.6152623891830444,0.6152623891830444,0.6152623891830444,27333,0.0,0.0
2014-04-24 00:00:00+08:00,0.6152623891830444,0.6152623891830444,0.6152623891830444,0.6152623891830444,23333,0.0,0.0
2014-04-25 00:00:00+08:00,0.6036536024049464,0.6036536024049464,0.5920448899269104,0.5920448899269104,18333,0.0,0.0
2014-04-28 00:00:00+08:00,0.603653609752655,0.603653609752655,0.603653609752655,0.603653609752655,8333,0.0,0.0
2014-04-29 00:00:00+08:00,0.603653609752655,0.6152623685009164,0.603653609752655,0.603653609752655,27333,0.0,0.0
2014-04-30 00:00:00+08:00,0.603653630044553,0.6152623891830444,0.603653630044553,0.6152623891830444,43333,0.0,0.0
2014-05-02 00:00:00+08:00,0.6152624023196793,0.6384798288345337,0.6152624023196793,0.6384798288345337,51999,0.0,0.0
2014-05-05 00:00:00+08:00,0.6384798288345337,0.6384798288345337,0.6384798288345337,0.6384798288345337,0,0.0,0.0
2014-05-06 00:00:00+08:00,0.6431573033332825,0.6431573033332825,0.6431573033332825,0.6431573033332825,0,0.006,0.0
2014-05-07 00:00:00+08:00,0.6431573033332825,0.6431573033332825,0.6431573033332825,0.6431573033332825,0,0.0,0.0
2014-05-08 00:00:00+08:00,0.6431573033332825,0.6431573033332825,0.6431573033332825,0.6431573033332825,0,0.0,0.0
2014-05-09 00:00:00+08:00,0.6431573033332825,0.6431573033332825,0.6431573033332825,0.6431573033332825,0,0.0,0.0
2014-05-12 00:00:00+08:00,0.619769811630249,0.619769811630249,0.619769811630249,0.619769811630249,11999,0.0,0.0
2014-05-14 00:00:00+08:00,0.6314635276794434,0.6314635276794434,0.6314635276794434,0.6314635276794434,4999,0.0,0.0
2014-05-15 00:00:00+08:00,0.6314635276794434,0.6314635276794434,0.6314635276794434,0.6314635276794434,0,0.0,0.0
2014-05-16 00:00:00+08:00,0.6314635276794434,0.6314635276794434,0.6314635276794434,0.6314635276794434,0,0.0,0.0
2014-05-19 00:00:00+08:00,0.619769811630249,0.619769811630249,0.619769811630249,0.619769811630249,7333,0.0,0.0
2014-05-20 00:00:00+08:00,0.6080760065301565,0.619769811630249,0.5846884892637042,0.619769811630249,17666,0.0,0.0
2014-05-21 00:00:00+08:00,0.619769811630249,0.619769811630249,0.619769811630249,0.619769811630249,0,0.0,0.0
2014-05-22 00:00:00+08:00,0.596382200717926,0.596382200717926,0.596382200717926,0.596382200717926,16666,0.0,0.0
2014-05-23 00:00:00+08:00,0.596382200717926,0.596382200717926,0.596382200717926,0.596382200717926,0,0.0,0.0
2014-05-26 00:00:00+08:00,0.6314635389451444,0.6314635389451444,0.6080759763717651,0.6080759763717651,26666,0.0,0.0
2014-05-27 00:00:00+08:00,0.6197697808918867,0.6197697808918867,0.6080759763717651,0.6080759763717651,9666,0.0,0.0
2014-05-28 00:00:00+08:00,0.6197697808918867,0.6197697808918867,0.6080759763717651,0.6080759763717651,33333,0.0,0.0
2014-05-29 00:00:00+08:00,0.6080759763717651,0.6080759763717651,0.6080759763717651,0.6080759763717651,33333,0.0,0.0
2014-05-30 00:00:00+08:00,0.596382200717926,0.596382200717926,0.596382200717926,0.596382200717926,2666,0.0,0.0
2014-06-02 00:00:00+08:00,0.596382200717926,0.596382200717926,0.596382200717926,0.596382200717926,0,0.0,0.0
2014-06-03 00:00:00+08:00,0.6080759763717651,0.6080759763717651,0.6080759763717651,0.6080759763717651,30999,0.0,0.0
2014-06-04 00:00:00+08:00,0.6080759763717651,0.6080759763717651,0.6080759763717651,0.6080759763717651,0,0.0,0.0
2014-06-05 00:00:00+08:00,0.6080759763717651,0.6080759763717651,0.6080759763717651,0.6080759763717651,0,0.0,0.0
2014-06-06 00:00:00+08:00,0.6080759584260745,0.6080759584260745,0.596382200717926,0.596382200717926,3333,0.0,0.0
2014-06-09 00:00:00+08:00,0.596382200717926,0.6197697626010856,0.596382200717926,0.596382200717926,55333,0.0,0.0
2014-06-10 00:00:00+08:00,0.596382200717926,0.596382200717926,0.596382200717926,0.596382200717926,0,0.0,0.0
2014-06-11 00:00:00+08:00,0.596382200717926,0.596382200717926,0.596382200717926,0.596382200717926,16666,0.0,0.0
2014-06-12 00:00:00+08:00,0.596382200717926,0.596382200717926,0.596382200717926,0.596382200717926,0,0.0,0.0
2014-06-13 00:00:00+08:00,0.596382200717926,0.596382200717926,0.596382200717926,0.596382200717926,0,0.0,0.0
2014-06-16 00:00:00+08:00,0.596382182413322,0.596382182413322,0.5846884250640869,0.5846884250640869,30666,0.0,0.0
2014-06-17 00:00:00+08:00,0.5846884250640869,0.5846884250640869,0.5846884250640869,0.5846884250640869,0,0.0,0.0
2014-06-18 00:00:00+08:00,0.5846884250640869,0.5846884250640869,0.5846884250640869,0.5846884250640869,0,0.0,0.0
2014-06-19 00:00:00+08:00,0.596382200717926,0.596382200717926,0.596382200717926,0.596382200717926,9999,0.0,0.0
2014-06-20 00:00:00+08:00,0.596382200717926,0.596382200717926,0.596382200717926,0.596382200717926,6666,0.0,0.0
2014-06-23 00:00:00+08:00,0.5846884250640869,0.5846884250640869,0.5846884250640869,0.5846884250640869,24999,0.0,0.0
2014-06-24 00:00:00+08:00,0.5846884250640869,0.5846884250640869,0.5846884250640869,0.5846884250640869,0,0.0,0.0
2014-06-25 00:00:00+08:00,0.596382200717926,0.596382200717926,0.596382200717926,0.596382200717926,3333,0.0,0.0
2014-06-26 00:00:00+08:00,0.5846884430097775,0.596382200717926,0.572994685301629,0.596382200717926,81666,0.0,0.0
2014-06-27 00:00:00+08:00,0.596382200717926,0.596382200717926,0.596382200717926,0.596382200717926,18333,0.0,0.0
2014-06-30 00:00:00+08:00,0.596382200717926,0.596382200717926,0.596382200717926,0.596382200717926,0,0.0,0.0
2014-07-01 00:00:00+08:00,0.5846884250640869,0.5846884250640869,0.5846884250640869,0.5846884250640869,13333,0.0,0.0
2014-07-02 00:00:00+08:00,0.596382200717926,0.596382200717926,0.596382200717926,0.596382200717926,6666,0.0,0.0
2014-07-03 00:00:00+08:00,0.596382200717926,0.596382200717926,0.596382200717926,0.596382200717926,13333,0.0,0.0
2014-07-04 00:00:00+08:00,0.596382200717926,0.596382200717926,0.596382200717926,0.596382200717926,6666,0.0,0.0
2014-07-07 00:00:00+08:00,0.596382200717926,0.596382200717926,0.596382200717926,0.596382200717926,9999,0.0,0.0
2014-07-08 00:00:00+08:00,0.596382200717926,0.596382200717926,0.596382200717926,0.596382200717926,0,0.0,0.0
2014-07-09 00:00:00+08:00,0.596382200717926,0.596382200717926,0.596382200717926,0.596382200717926,6666,0.0,0.0
2014-07-10 00:00:00+08:00,0.596382200717926,0.596382200717926,0.596382200717926,0.596382200717926,14999,0.0,0.0
2014-07-11 00:00:00+08:00,0.596382182413322,0.596382182413322,0.5846884250640869,0.5846884250640869,26666,0.0,0.0
2014-07-14 00:00:00+08:00,0.596382200717926,0.596382200717926,0.596382200717926,0.596382200717926,39999,0.0,0.0
2014-07-15 00:00:00+08:00,0.5846884250640869,0.5846884250640869,0.5846884250640869,0.5846884250640869,3333,0.0,0.0
2014-07-16 00:00:00+08:00,0.5846884430097775,0.6080759584260745,0.5846884430097775,0.596382200717926,36999,0.0,0.0
2014-07-17 00:00:00+08:00,0.6080759584260745,0.6080759584260745,0.596382200717926,0.596382200717926,14999,0.0,0.0
2014-07-18 00:00:00+08:00,0.596382200717926,0.596382200717926,0.596382200717926,0.596382200717926,0,0.0,0.0
2014-07-21 00:00:00+08:00,0.596382200717926,0.596382200717926,0.596382200717926,0.596382200717926,0,0.0,0.0
2014-07-22 00:00:00+08:00,0.596382182413322,0.596382182413322,0.5846884250640869,0.5846884250640869,32666,0.0,0.0
2014-07-23 00:00:00+08:00,0.5846884250640869,0.5846884250640869,0.5846884250640869,0.5846884250640869,0,0.0,0.0
2014-07-24 00:00:00+08:00,0.5846884250640869,0.5846884250640869,0.5846884250640869,0.5846884250640869,0,0.0,0.0
2014-07-25 00:00:00+08:00,0.5846884063859199,0.5846884063859199,0.5496070889920439,0.5729946494102478,408332,0.0,0.0
2014-07-29 00:00:00+08:00,0.5729946494102478,0.5846884063859199,0.5729946494102478,0.5729946494102478,92666,0.0,0.0
2014-07-30 00:00:00+08:00,0.5729946303429527,0.5729946303429527,0.5496070707030065,0.5613008737564087,370666,0.0,0.0
2014-07-31 00:00:00+08:00,0.5496071025373035,0.5496071025373035,0.514525830745697,0.514525830745697,428666,0.0,0.0
2014-08-01 00:00:00+08:00,0.514525830745697,0.514525830745697,0.5028320270149674,0.514525830745697,113333,0.0,0.0
2014-08-04 00:00:00+08:00,0.5028320270149674,0.514525830745697,0.4911382697510986,0.514525830745697,129666,0.0,0.0
2014-08-05 00:00:00+08:00,0.5028320550918579,0.5028320550918579,0.5028320550918579,0.5028320550918579,66666,0.0,0.0
2014-08-06 00:00:00+08:00,0.5028320550918579,0.5028320550918579,0.5028320550918579,0.5028320550918579,94666,0.0,0.0
2014-08-07 00:00:00+08:00,0.5028320369325283,0.5028320369325283,0.4911382794380188,0.4911382794380188,21999,0.0,0.0
2014-08-08 00:00:00+08:00,0.4911382794380188,0.5145258408938996,0.4911382794380188,0.4911382794380188,18333,0.0,0.0
2014-08-11 00:00:00+08:00,0.4911382794380188,0.4911382794380188,0.4911382794380188,0.4911382794380188,0,0.0,0.0
2014-08-12 00:00:00+08:00,0.5028320550918579,0.5028320550918579,0.5028320550918579,0.5028320550918579,14333,0.0,0.0
2014-08-13 00:00:00+08:00,0.5028320550918579,0.5028320550918579,0.5028320550918579,0.5028320550918579,0,0.0,0.0
2014-08-14 00:00:00+08:00,0.5028320550918579,0.5028320550918579,0.5028320550918579,0.5028320550918579,36666,0.0,0.0
2014-08-15 00:00:00+08:00,0.4911382794380188,0.4911382794380188,0.4911382794380188,0.4911382794380188,9999,0.0,0.0
2014-08-18 00:00:00+08:00,0.5145258594755405,0.5145258594755405,0.5028320550918579,0.5028320550918579,663666,0.0,0.0
2014-08-19 00:00:00+08:00,0.5028320550918579,0.5028320550918579,0.5028320550918579,0.5028320550918579,0,0.0,0.0
2014-08-20 00:00:00+08:00,0.5028320270149674,0.514525830745697,0.5028320270149674,0.514525830745697,23333,0.0,0.0
2014-08-21 00:00:00+08:00,0.5145258594755405,0.5262196173923597,0.5028320550918579,0.5028320550918579,74999,0.0,0.0
2014-08-22 00:00:00+08:00,0.5028320550918579,0.5145258594755405,0.5028320550918579,0.5028320550918579,17666,0.0,0.0
2014-08-25 00:00:00+08:00,0.514525830745697,0.5262195880095658,0.514525830745697,0.514525830745697,10666,0.0,0.0
2014-08-26 00:00:00+08:00,0.514525830745697,0.514525830745697,0.514525830745697,0.514525830745697,0,0.0,0.0
2014-08-27 00:00:00+08:00,0.514525830745697,0.514525830745697,0.514525830745697,0.514525830745697,0,0.0,0.0
2014-08-28 00:00:00+08:00,0.514525830745697,0.514525830745697,0.514525830745697,0.514525830745697,32999,0.0,0.0
2014-08-29 00:00:00+08:00,0.514525830745697,0.514525830745697,0.514525830745697,0.514525830745697,0,0.0,0.0
2014-09-01 00:00:00+08:00,0.514525830745697,0.514525830745697,0.514525830745697,0.514525830745697,0,0.0,0.0
2014-09-02 00:00:00+08:00,0.5028320550918579,0.5028320550918579,0.5028320550918579,0.5028320550918579,3333,0.0,0.0
2014-09-03 00:00:00+08:00,0.5028320550918579,0.5028320550918579,0.5028320550918579,0.5028320550918579,17333,0.0,0.0
2014-09-04 00:00:00+08:00,0.5028320550918579,0.5028320550918579,0.5028320550918579,0.5028320550918579,11666,0.0,0.0
2014-09-05 00:00:00+08:00,0.5028320550918579,0.5028320550918579,0.5028320550918579,0.5028320550918579,20999,0.0,0.0
2014-09-08 00:00:00+08:00,0.5028320550918579,0.5028320550918579,0.5028320550918579,0.5028320550918579,0,0.0,0.0
2014-09-09 00:00:00+08:00,0.5028320270149674,0.514525830745697,0.5028320270149674,0.514525830745697,28333,0.0,0.0
2014-09-10 00:00:00+08:00,0.5028320550918579,0.5028320550918579,0.5028320550918579,0.5028320550918579,2999,0.0,0.0
2014-09-11 00:00:00+08:00,0.514525830745697,0.514525830745697,0.514525830745697,0.514525830745697,1333,0.0,0.0
2014-09-12 00:00:00+08:00,0.5145258009433746,0.5613008737564087,0.5145258009433746,0.5613008737564087,215666,0.0,0.0
2014-09-15 00:00:00+08:00,0.5613008737564087,0.5613008737564087,0.5613008737564087,0.5613008737564087,0,0.0,0.0
2014-09-16 00:00:00+08:00,0.5613008737564087,0.5613008737564087,0.5613008737564087,0.5613008737564087,0,0.0,0.0
2014-09-17 00:00:00+08:00,0.5028320550918579,0.5028320550918579,0.5028320550918579,0.5028320550918579,1333,0.0,0.0
2014-09-18 00:00:00+08:00,0.5028320550918579,0.5028320550918579,0.5028320550918579,0.5028320550918579,0,0.0,0.0
2014-09-19 00:00:00+08:00,0.5028320550918579,0.5028320550918579,0.5028320550918579,0.5028320550918579,0,0.0,0.0
2014-09-22 00:00:00+08:00,0.5028320550918579,0.5028320550918579,0.5028320550918579,0.5028320550918579,8999,0.0,0.0
2014-09-23 00:00:00+08:00,0.5028320550918579,0.5028320550918579,0.5028320550918579,0.5028320550918579,0,0.0,0.0
2014-09-24 00:00:00+08:00,0.5028320550918579,0.5028320550918579,0.5028320550918579,0.5028320550918579,0,0.0,0.0
2014-09-25 00:00:00+08:00,0.4911382794380188,0.4911382794380188,0.4911382794380188,0.4911382794380188,10999,0.0,0.0
2014-09-26 00:00:00+08:00,0.4911382794380188,0.4911382794380188,0.4911382794380188,0.4911382794380188,23333,0.0,0.0
2014-09-29 00:00:00+08:00,0.4911382794380188,0.4911382794380188,0.4911382794380188,0.4911382794380188,16666,0.0,0.0
2014-09-30 00:00:00+08:00,0.4911382794380188,0.4911382794380188,0.4911382794380188,0.4911382794380188,0,0.0,0.0
2014-10-01 00:00:00+08:00,0.5028320550918579,0.5028320550918579,0.5028320550918579,0.5028320550918579,4666,0.0,0.0
2014-10-02 00:00:00+08:00,0.5028320550918579,0.5028320550918579,0.5028320550918579,0.5028320550918579,333,0.0,0.0
2014-10-03 00:00:00+08:00,0.5028320550918579,0.5028320550918579,0.5028320550918579,0.5028320550918579,0,0.0,0.0
2014-10-07 00:00:00+08:00,0.5145258180650277,0.5729946494102478,0.5145258180650277,0.5729946494102478,98999,0.0,0.0
2014-10-08 00:00:00+08:00,0.5262196063995361,0.5262196063995361,0.5262196063995361,0.5262196063995361,19999,0.0,0.0
2014-10-09 00:00:00+08:00,0.4911382794380188,0.4911382794380188,0.4911382794380188,0.4911382794380188,1999,0.0,0.0
2014-10-10 00:00:00+08:00,0.4911382794380188,0.4911382794380188,0.4911382794380188,0.4911382794380188,0,0.0,0.0
2014-10-13 00:00:00+08:00,0.4911382697510986,0.514525830745697,0.4911382697510986,0.514525830745697,16666,0.0,0.0
2014-10-14 00:00:00+08:00,0.514525830745697,0.514525830745697,0.514525830745697,0.514525830745697,0,0.0,0.0
2014-10-15 00:00:00+08:00,0.4794445763590237,0.4911383351807396,0.46775081753730774,0.46775081753730774,39999,0.0,0.0
2014-10-16 00:00:00+08:00,0.4677507644489997,0.4911382794380188,0.4677507644489997,0.4911382794380188,6666,0.0,0.0
2014-10-17 00:00:00+08:00,0.4794445763590237,0.4794445763590237,0.46775081753730774,0.46775081753730774,39999,0.0,0.0
2014-10-20 00:00:00+08:00,0.46775081753730774,0.46775081753730774,0.46775081753730774,0.46775081753730774,0,0.0,0.0
2014-10-21 00:00:00+08:00,0.46775081753730774,0.46775081753730774,0.46775081753730774,0.46775081753730774,0,0.0,0.0
2014-10-22 00:00:00+08:00,0.46775081753730774,0.46775081753730774,0.46775081753730774,0.46775081753730774,0,0.0,0.0
2014-10-24 00:00:00+08:00,0.44436320662498474,0.44436320662498474,0.44436320662498474,0.44436320662498474,3333,0.0,0.0
2014-10-27 00:00:00+08:00,0.4911382794380188,0.4911382794380188,0.4911382794380188,0.4911382794380188,1666,0.0,0.0
2014-10-28 00:00:00+08:00,0.4911382794380188,0.4911382794380188,0.4911382794380188,0.4911382794380188,0,0.0,0.0
2014-10-29 00:00:00+08:00,0.4794445335865021,0.4794445335865021,0.4794445335865021,0.4794445335865021,3333,0.0,0.0
2014-10-30 00:00:00+08:00,0.46775076507508984,0.46775076507508984,0.4467019736766815,0.4467019736766815,5999,0.0,0.0
2014-10-31 00:00:00+08:00,0.4467019736766815,0.4467019736766815,0.4467019736766815,0.4467019736766815,0,0.0,0.0
2014-11-03 00:00:00+08:00,0.4583957825998148,0.46775081753730774,0.4583957825998148,0.46775081753730774,11666,0.0,0.0
2014-11-04 00:00:00+08:00,0.4443632534270089,0.46775081753730774,0.4443632534270089,0.46775081753730774,11999,0.0,0.0
2014-11-05 00:00:00+08:00,0.46775081753730774,0.46775081753730774,0.46775081753730774,0.46775081753730774,0,0.0,0.0
2014-11-06 00:00:00+08:00,0.46775081753730774,0.46775081753730774,0.46775081753730774,0.46775081753730774,12333,0.0,0.0
2014-11-07 00:00:00+08:00,0.46775081753730774,0.46775081753730774,0.46775081753730774,0.46775081753730774,0,0.0,0.0
2014-11-10 00:00:00+08:00,0.46775081753730774,0.46775081753730774,0.46775081753730774,0.46775081753730774,0,0.0,0.0
2014-11-11 00:00:00+08:00,0.46775081753730774,0.46775081753730774,0.46775081753730774,0.46775081753730774,0,0.0,0.0
2014-11-12 00:00:00+08:00,0.45605696421506964,0.4794445258621015,0.44436320662498474,0.44436320662498474,23333,0.0,0.0
2014-11-13 00:00:00+08:00,0.44436320662498474,0.44436320662498474,0.44436320662498474,0.44436320662498474,0,0.0,0.0
2014-11-14 00:00:00+08:00,0.44436320662498474,0.44436320662498474,0.44436320662498474,0.44436320662498474,0,0.0,0.0
2014-11-17 00:00:00+08:00,0.46307325363159185,0.46307325363159185,0.46307325363159185,0.4630732536315918,6666,0.0,0.0
2014-11-18 00:00:00+08:00,0.46307325363159185,0.46307325363159185,0.46307325363159185,0.4630732536315918,0,0.0,0.0
2014-11-19 00:00:00+08:00,0.46307325363159185,0.46307325363159185,0.46307325363159185,0.4630732536315918,0,0.0,0.0
2014-11-20 00:00:00+08:00,0.46307325363159185,0.46307325363159185,0.46307325363159185,0.4630732536315918,0,0.0,0.0
2014-11-21 00:00:00+08:00,0.46307325363159185,0.46307325363159185,0.46307325363159185,0.4630732536315918,0,0.0,0.0
2014-11-24 00:00:00+08:00,0.46307325363159185,0.46307325363159185,0.46307325363159185,0.4630732536315918,0,0.0,0.0
2014-11-25 00:00:00+08:00,0.46307325363159185,0.46307325363159185,0.46307325363159185,0.4630732536315918,0,0.0,0.0
2014-11-26 00:00:00+08:00,0.46307325363159185,0.46307325363159185,0.46307325363159185,0.4630732536315918,0,0.0,0.0
2014-11-27 00:00:00+08:00,0.46307325363159185,0.46307325363159185,0.46307325363159185,0.4630732536315918,0,0.0,0.0
2014-11-28 00:00:00+08:00,0.41863691806793213,0.41863691806793213,0.41863691806793213,0.41863691806793213,3333,0.0,0.0
2014-12-01 00:00:00+08:00,0.45605698227882385,0.45605698227882385,0.45605698227882385,0.45605698227882385,13333,0.0,0.0
2014-12-02 00:00:00+08:00,0.45605698227882385,0.45605698227882385,0.45605698227882385,0.45605698227882385,0,0.0,0.0
2014-12-03 00:00:00+08:00,0.45371826562972284,0.46307325363159185,0.45371826562972284,0.4630732536315918,5666,0.0,0.0
2014-12-04 00:00:00+08:00,0.46307325363159185,0.46307325363159185,0.46307325363159185,0.4630732536315918,0,0.0,0.0
2014-12-05 00:00:00+08:00,0.46307325363159185,0.46307325363159185,0.46307325363159185,0.4630732536315918,0,0.0,0.0
2014-12-08 00:00:00+08:00,0.46307325363159185,0.46307325363159185,0.46307325363159185,0.4630732536315918,0,0.0,0.0
2014-12-09 00:00:00+08:00,0.4373469650745392,0.4373469650745392,0.4373469650745392,0.4373469650745392,3333,0.0,0.0
2014-12-10 00:00:00+08:00,0.4373469650745392,0.4373469650745392,0.4373469650745392,0.4373469650745392,0,0.0,0.0
2014-12-11 00:00:00+08:00,0.4373469650745392,0.4373469650745392,0.4373469650745392,0.4373469650745392,0,0.0,0.0
2014-12-12 00:00:00+08:00,0.4373469650745392,0.4373469650745392,0.4373469650745392,0.4373469650745392,0,0.0,0.0
2014-12-15 00:00:00+08:00,0.4373469650745392,0.4373469650745392,0.4373469650745392,0.4373469650745392,0,0.0,0.0
2014-12-16 00:00:00+08:00,0.4373469650745392,0.4373469650745392,0.4373469650745392,0.4373469650745392,0,0.0,0.0
2014-12-17 00:00:00+08:00,0.4373469650745392,0.4373469650745392,0.4373469650745392,0.4373469650745392,0,0.0,0.0
2014-12-18 00:00:00+08:00,0.4373469650745392,0.4373469650745392,0.4373469650745392,0.4373469650745392,0,0.0,0.0
2014-12-19 00:00:00+08:00,0.4373469650745392,0.4373469650745392,0.4373469650745392,0.4373469650745392,0,0.0,0.0
2014-12-22 00:00:00+08:00,0.4373469650745392,0.4373469650745392,0.4373469650745392,0.4373469650745392,0,0.0,0.0
2014-12-23 00:00:00+08:00,0.4373469650745392,0.4373469650745392,0.4373469650745392,0.4373469650745392,0,0.0,0.0
2014-12-24 00:00:00+08:00,0.4794445335865021,0.4794445335865021,0.4794445335865021,0.4794445335865021,333,0.0,0.0
2014-12-26 00:00:00+08:00,0.4513794779777527,0.4513794779777527,0.4513794779777527,0.4513794779777527,4999,0.0,0.0
2014-12-29 00:00:00+08:00,0.4513794779777527,0.4513794779777527,0.4513794779777527,0.4513794779777527,999,0.0,0.0
2014-12-30 00:00:00+08:00,0.4513794779777527,0.4513794779777527,0.4513794779777527,0.4513794779777527,4999,0.0,0.0
2014-12-31 00:00:00+08:00,0.4513794779777527,0.4513794779777527,0.4513794779777527,0.4513794779777527,0,0.0,0.0
2015-01-02 00:00:00+08:00,0.4513794779777527,0.4513794779777527,0.4513794779777527,0.4513794779777527,0,0.0,0.0
2015-01-05 00:00:00+08:00,0.45605698227882385,0.45605698227882385,0.45605698227882385,0.45605698227882385,32333,0.0,0.0
2015-01-06 00:00:00+08:00,0.45605698227882385,0.45605698227882385,0.45605698227882385,0.45605698227882385,0,0.0,0.0
2015-01-07 00:00:00+08:00,0.46775081753730774,0.46775081753730774,0.46775081753730774,0.46775081753730774,24333,0.0,0.0
2015-01-08 00:00:00+08:00,0.46775081753730774,0.46775081753730774,0.46775081753730774,0.46775081753730774,49666,0.0,0.0
2015-01-09 00:00:00+08:00,0.4677507758080173,0.4794445335865021,0.4677507758080173,0.4794445335865021,4999,0.0,0.0
2015-01-12 00:00:00+08:00,0.4794445219435093,0.4911382794380188,0.4794445219435093,0.4911382794380188,13333,0.0,0.0
2015-01-13 00:00:00+08:00,0.4911382794380188,0.4911382794380188,0.4911382794380188,0.4911382794380188,26333,0.0,0.0
2015-01-14 00:00:00+08:00,0.4794445335865021,0.4794445335865021,0.4794445335865021,0.4794445335865021,9999,0.0,0.0
2015-01-15 00:00:00+08:00,0.4794445335865021,0.4794445335865021,0.4794445335865021,0.4794445335865021,3333,0.0,0.0
2015-01-16 00:00:00+08:00,0.4794445335865021,0.4794445335865021,0.4794445335865021,0.4794445335865021,13333,0.0,0.0
2015-01-19 00:00:00+08:00,0.4794445335865021,0.4794445335865021,0.4794445335865021,0.4794445335865021,0,0.0,0.0
2015-01-20 00:00:00+08:00,0.4794445335865021,0.4794445335865021,0.4794445335865021,0.4794445335865021,0,0.0,0.0
2015-01-21 00:00:00+08:00,0.4794445335865021,0.4794445335865021,0.4794445335865021,0.4794445335865021,0,0.0,0.0
2015-01-22 00:00:00+08:00,0.4233143945335535,0.4350081980228424,0.4233143945335535,0.4350081980228424,8333,0.0,0.0
2015-01-23 00:00:00+08:00,0.44436321378418503,0.4794445335865021,0.44436321378418503,0.4794445335865021,23599,0.0,0.0
2015-01-26 00:00:00+08:00,0.4794445335865021,0.4794445335865021,0.4794445335865021,0.4794445335865021,0,0.0,0.0
2015-01-27 00:00:00+08:00,0.4677507758080173,0.4794445335865021,0.4677507758080173,0.4794445335865021,8333,0.0,0.0
2015-01-28 00:00:00+08:00,0.43266943097114563,0.43266943097114563,0.43266943097114563,0.43266943097114563,3333,0.0,0.0
2015-01-29 00:00:00+08:00,0.43266943097114563,0.43266943097114563,0.43266943097114563,0.43266943097114563,3333,0.0,0.0
2015-01-30 00:00:00+08:00,0.46307325363159185,0.46307325363159185,0.46307325363159185,0.4630732536315918,3333,0.0,0.0
2015-02-02 00:00:00+08:00,0.46307325363159185,0.46307325363159185,0.46307325363159185,0.4630732536315918,0,0.0,0.0
2015-02-03 00:00:00+08:00,0.46307325363159185,0.46307325363159185,0.46307325363159185,0.4630732536315918,0,0.0,0.0
2015-02-04 00:00:00+08:00,0.4794445335865021,0.4794445335865021,0.4794445335865021,0.4794445335865021,2399,0.0,0.0
2015-02-05 00:00:00+08:00,0.4794445335865021,0.4794445335865021,0.4794445335865021,0.4794445335865021,0,0.0,0.0
2015-02-06 00:00:00+08:00,0.4794445335865021,0.4794445335865021,0.4794445335865021,0.4794445335865021,0,0.0,0.0
2015-02-09 00:00:00+08:00,0.4794445335865021,0.4794445335865021,0.4794445335865021,0.4794445335865021,0,0.0,0.0
2015-02-10 00:00:00+08:00,0.46775081753730774,0.46775081753730774,0.46775081753730774,0.46775081753730774,16666,0.0,0.0
2015-02-11 00:00:00+08:00,0.46775081753730774,0.46775081753730774,0.46775081753730774,0.46775081753730774,0,0.0,0.0
2015-02-12 00:00:00+08:00,0.45605698227882385,0.45605698227882385,0.45605698227882385,0.45605698227882385,13333,0.0,0.0
2015-02-13 00:00:00+08:00,0.45605698227882385,0.45605698227882385,0.45605698227882385,0.45605698227882385,0,0.0,0.0
2015-02-16 00:00:00+08:00,0.45605698227882385,0.45605698227882385,0.45605698227882385,0.45605698227882385,0,0.0,0.0
2015-02-17 00:00:00+08:00,0.43500820774983945,0.43500820774983945,0.4092818766716384,0.4116206467151642,73333,0.0,0.0
2015-02-18 00:00:00+08:00,0.42097568511962896,0.42097568511962896,0.42097568511962896,0.4209756851196289,13333,0.0,0.0
2015-02-23 00:00:00+08:00,0.3975881297977831,0.44436320662498474,0.3975881297977831,0.44436320662498474,33333,0.0,0.0
2015-02-24 00:00:00+08:00,0.44436320662498474,0.44436320662498474,0.44436320662498474,0.44436320662498474,0,0.0,0.0
2015-02-25 00:00:00+08:00,0.42097568511962896,0.42097568511962896,0.41162065130800374,0.4209756851196289,26666,0.0,0.0
2015-02-26 00:00:00+08:00,0.4209756641397083,0.4209756641397083,0.3975881040096283,0.3975881040096283,37666,0.0,0.0
2015-02-27 00:00:00+08:00,0.3975881040096283,0.3975881040096283,0.3975881040096283,0.3975881040096283,95666,0.0,0.0
2015-03-02 00:00:00+08:00,0.3975881040096283,0.3975881040096283,0.3975881040096283,0.3975881040096283,6666,0.0,0.0
2015-03-03 00:00:00+08:00,0.3975881040096283,0.3975881040096283,0.3975881040096283,0.3975881040096283,16666,0.0,0.0
2015-03-04 00:00:00+08:00,0.3858943581581116,0.3858943581581116,0.3858943581581116,0.3858943581581116,16666,0.0,0.0
2015-03-05 00:00:00+08:00,0.3858943581581116,0.3858943581581116,0.3858943581581116,0.3858943581581116,0,0.0,0.0
2015-03-06 00:00:00+08:00,0.38589439378393686,0.38589439378393686,0.37420061230659485,0.37420061230659485,13333,0.0,0.0
2015-03-09 00:00:00+08:00,0.37420061230659485,0.37420061230659485,0.32742553286409143,0.37420061230659485,99999,0.0,0.0
2015-03-10 00:00:00+08:00,0.37420061230659485,0.37420061230659485,0.37420061230659485,0.37420061230659485,0,0.0,0.0
2015-03-11 00:00:00+08:00,0.35081303119659424,0.35081303119659424,0.35081303119659424,0.35081303119659424,24999,0.0,0.0
2015-03-12 00:00:00+08:00,0.3695230782032013,0.3695230782032013,0.3695230782032013,0.3695230782032013,9999,0.0,0.0
2015-03-13 00:00:00+08:00,0.37186184525489807,0.37186184525489807,0.37186184525489807,0.37186184525489807,7666,0.0,0.0
2015-03-16 00:00:00+08:00,0.37186184525489807,0.37186184525489807,0.37186184525489807,0.37186184525489807,0,0.0,0.0
2015-03-17 00:00:00+08:00,0.37420061230659485,0.37420061230659485,0.37420061230659485,0.37420061230659485,7333,0.0,0.0
2015-03-18 00:00:00+08:00,0.37420061230659485,0.37420061230659485,0.37420061230659485,0.37420061230659485,6999,0.0,0.0
2015-03-19 00:00:00+08:00,0.35081303119659424,0.35081303119659424,0.35081303119659424,0.35081303119659424,2666,0.0,0.0
2015-03-20 00:00:00+08:00,0.35081303119659424,0.35081303119659424,0.35081303119659424,0.35081303119659424,0,0.0,0.0
2015-03-23 00:00:00+08:00,0.35081303119659424,0.35081303119659424,0.35081303119659424,0.35081303119659424,0,0.0,0.0
2015-03-24 00:00:00+08:00,0.35081303119659424,0.35081303119659424,0.35081303119659424,0.35081303119659424,0,0.0,0.0
2015-03-25 00:00:00+08:00,0.3274255096912384,0.3274255096912384,0.3274255096912384,0.3274255096912384,2333,0.0,0.0
2015-03-26 00:00:00+08:00,0.3274255096912384,0.3274255096912384,0.3274255096912384,0.3274255096912384,0,0.0,0.0
2015-03-27 00:00:00+08:00,0.3274255096912384,0.3274255096912384,0.3274255096912384,0.3274255096912384,0,0.0,0.0
2015-03-30 00:00:00+08:00,0.3274255096912384,0.3274255096912384,0.3274255096912384,0.3274255096912384,0,0.0,0.0
2015-03-31 00:00:00+08:00,0.3274255096912384,0.3274255096912384,0.3274255096912384,0.3274255096912384,0,0.0,0.0
2015-04-01 00:00:00+08:00,0.30637675523757935,0.30637675523757935,0.30637675523757935,0.30637675523757935,333,0.0,0.0
2015-04-02 00:00:00+08:00,0.30637675523757935,0.30637675523757935,0.30637675523757935,0.30637675523757935,0,0.0,0.0
2015-04-06 00:00:00+08:00,0.30403798818588257,0.30403798818588257,0.30403798818588257,0.30403798818588257,66666,0.0,0.0
2015-04-07 00:00:00+08:00,0.30403798818588257,0.30403798818588257,0.30403798818588257,0.30403798818588257,0,0.0,0.0
2015-04-08 00:00:00+08:00,0.30403798818588257,0.30403798818588257,0.30403798818588257,0.30403798818588257,0,0.0,0.0
2015-04-09 00:00:00+08:00,0.30403798818588257,0.30403798818588257,0.30403798818588257,0.30403798818588257,0,0.0,0.0
2015-04-10 00:00:00+08:00,0.30403798818588257,0.30403798818588257,0.30403798818588257,0.30403798818588257,0,0.0,0.0
2015-04-13 00:00:00+08:00,0.30403798818588257,0.30403798818588257,0.30403798818588257,0.30403798818588257,0,0.0,0.0
2015-04-14 00:00:00+08:00,0.30637676550203724,0.3110542595386505,0.3040379952502981,0.3110542595386505,14333,0.0,0.0
2015-04-15 00:00:00+08:00,0.31105424676180926,0.3578293246072074,0.31105424676180926,0.3157317638397217,65999,0.0,0.0
2015-04-16 00:00:00+08:00,0.3157317638397217,0.3157317638397217,0.3157317638397217,0.3157317638397217,0,0.0,0.0
2015-04-17 00:00:00+08:00,0.3157317638397217,0.3157317638397217,0.3157317638397217,0.3157317638397217,0,0.0,0.0
2015-04-20 00:00:00+08:00,0.31807051076196213,0.31807051076196213,0.3157317638397217,0.3157317638397217,11666,0.0,0.0
2015-04-21 00:00:00+08:00,0.3157317638397217,0.3157317638397217,0.3157317638397217,0.3157317638397217,0,0.0,0.0
2015-04-22 00:00:00+08:00,0.3157317638397217,0.3157317638397217,0.3157317638397217,0.3157317638397217,0,0.0,0.0
2015-04-23 00:00:00+08:00,0.3157317638397217,0.3157317638397217,0.3157317638397217,0.3157317638397217,0,0.0,0.0
2015-04-24 00:00:00+08:00,0.3274255096912384,0.3274255096912384,0.3274255096912384,0.3274255096912384,666,0.0,0.0
2015-04-27 00:00:00+08:00,0.3274255096912384,0.3274255096912384,0.3274255096912384,0.3274255096912384,0,0.0,0.0
2015-04-28 00:00:00+08:00,0.3274255096912384,0.3274255096912384,0.3274255096912384,0.3274255096912384,0,0.0,0.0
2015-04-29 00:00:00+08:00,0.3274255096912384,0.3274255096912384,0.3274255096912384,0.3274255096912384,0,0.0,0.0
2015-04-30 00:00:00+08:00,0.3274255096912384,0.3274255096912384,0.3274255096912384,0.3274255096912384,0,0.0,0.0
2015-05-04 00:00:00+08:00,0.3391192853450775,0.3391192853450775,0.3391192853450775,0.3391192853450775,19999,0.0,0.0
2015-05-05 00:00:00+08:00,0.3508130418529035,0.37653934955596924,0.3508130418529035,0.37653934955596924,25999,0.0,0.0
2015-05-06 00:00:00+08:00,0.37653934955596924,0.37653934955596924,0.37653934955596924,0.37653934955596924,0,0.0,0.0
2015-05-07 00:00:00+08:00,0.37653934955596924,0.37653934955596924,0.37653934955596924,0.37653934955596924,0,0.0,0.0
2015-05-08 00:00:00+08:00,0.3858943581581116,0.3858943581581116,0.3858943581581116,0.3858943581581116,29999,0.0,0.0
2015-05-11 00:00:00+08:00,0.3858943581581116,0.3858943581581116,0.3858943581581116,0.3858943581581116,0,0.0,0.0
2015-05-12 00:00:00+08:00,0.3858943581581116,0.3858943581581116,0.3858943581581116,0.3858943581581116,7999,0.0,0.0
2015-05-13 00:00:00+08:00,0.3858943581581116,0.3858943581581116,0.3858943581581116,0.3858943581581116,0,0.0,0.0
2015-05-14 00:00:00+08:00,0.3858943581581116,0.3858943581581116,0.3858943581581116,0.3858943581581116,0,0.0,0.0
2015-05-15 00:00:00+08:00,0.3742005943350553,0.3742005943350553,0.36250683665275574,0.36250683665275574,18333,0.0,0.0
2015-05-18 00:00:00+08:00,0.3858943581581116,0.3858943581581116,0.3858943581581116,0.3858943581581116,1999,0.0,0.0
2015-05-19 00:00:00+08:00,0.3858943581581116,0.3858943581581116,0.3858943581581116,0.3858943581581116,0,0.0,0.0
2015-05-20 00:00:00+08:00,0.3858943581581116,0.3858943581581116,0.3858943581581116,0.3858943581581116,0,0.0,0.0
2015-05-21 00:00:00+08:00,0.3858943581581116,0.3858943581581116,0.3858943581581116,0.3858943581581116,0,0.0,0.0
2015-05-22 00:00:00+08:00,0.35081303119659424,0.35081303119659424,0.35081303119659424,0.35081303119659424,3333,0.0,0.0
2015-05-25 00:00:00+08:00,0.35081303119659424,0.35081303119659424,0.35081303119659424,0.35081303119659424,1666,0.0,0.0
2015-05-26 00:00:00+08:00,0.35081303119659424,0.35081303119659424,0.35081303119659424,0.35081303119659424,0,0.0,0.0
2015-05-27 00:00:00+08:00,0.35081303119659424,0.35081303119659424,0.35081303119659424,0.35081303119659424,0,0.0,0.0
2015-05-28 00:00:00+08:00,0.35081303119659424,0.35081303119659424,0.35081303119659424,0.35081303119659424,0,0.0,0.0
2015-05-29 00:00:00+08:00,0.3391192853450775,0.3391192853450775,0.3391192853450775,0.3391192853450775,46666,0.0,0.0
2015-06-02 00:00:00+08:00,0.3391192853450775,0.3391192853450775,0.3391192853450775,0.3391192853450775,3333,0.0,0.0
2015-06-03 00:00:00+08:00,0.37420061230659485,0.37420061230659485,0.37420061230659485,0.37420061230659485,22333,0.0,0.0
2015-06-04 00:00:00+08:00,0.37420061230659485,0.37420061230659485,0.37420061230659485,0.37420061230659485,0,0.0,0.0
2015-06-05 00:00:00+08:00,0.37420061230659485,0.37420061230659485,0.37420061230659485,0.37420061230659485,12333,0.0,0.0
2015-06-08 00:00:00+08:00,0.37420061230659485,0.37420061230659485,0.37420061230659485,0.37420061230659485,0,0.0,0.0
2015-06-09 00:00:00+08:00,0.3391192853450775,0.3391192853450775,0.3391192853450775,0.3391192853450775,10333,0.0,0.0
2015-06-10 00:00:00+08:00,0.3391193143414335,0.37420061230659485,0.3391193143414335,0.37420061230659485,12333,0.0,0.0
2015-06-11 00:00:00+08:00,0.3742005681585958,0.3742005681585958,0.35081303119659424,0.35081303119659424,9999,0.0,0.0
2015-06-12 00:00:00+08:00,0.35081303119659424,0.35081303119659424,0.35081303119659424,0.35081303119659424,0,0.0,0.0
2015-06-15 00:00:00+08:00,0.35081303119659424,0.35081303119659424,0.35081303119659424,0.35081303119659424,16666,0.0,0.0
2015-06-16 00:00:00+08:00,0.35797247290611267,0.35797247290611267,0.35797247290611267,0.35797247290611267,0,0.009,0.0
2015-06-17 00:00:00+08:00,0.35797247290611267,0.35797247290611267,0.35797247290611267,0.35797247290611267,0,0.0,0.0
2015-06-18 00:00:00+08:00,0.35797247290611267,0.35797247290611267,0.35797247290611267,0.35797247290611267,0,0.0,0.0
2015-06-19 00:00:00+08:00,0.35797247290611267,0.35797247290611267,0.35797247290611267,0.35797247290611267,0,0.0,0.0
2015-06-22 00:00:00+08:00,0.35797247290611267,0.35797247290611267,0.35797247290611267,0.35797247290611267,0,0.0,0.0
2015-06-23 00:00:00+08:00,0.35797247290611267,0.35797247290611267,0.35797247290611267,0.35797247290611267,0,0.0,0.0
2015-06-24 00:00:00+08:00,0.35797247290611267,0.35797247290611267,0.35797247290611267,0.35797247290611267,0,0.0,0.0
2015-06-25 00:00:00+08:00,0.35797247290611267,0.35797247290611267,0.32456171129701744,0.35797247290611267,14666,0.0,0.0
2015-06-26 00:00:00+08:00,0.35797247290611267,0.35797247290611267,0.35797247290611267,0.35797247290611267,0,0.0,0.0
2015-06-29 00:00:00+08:00,0.35797247290611267,0.35797247290611267,0.35797247290611267,0.35797247290611267,0,0.0,0.0
2015-06-30 00:00:00+08:00,0.3221752615288199,0.3341076672077179,0.3221752615288199,0.3341076672077179,6666,0.0,0.0
2015-07-01 00:00:00+08:00,0.3221752643585205,0.3221752643585205,0.3221752643585205,0.3221752643585205,1666,0.0,0.0
2015-07-02 00:00:00+08:00,0.3221752643585205,0.3221752643585205,0.3221752643585205,0.3221752643585205,3333,0.0,0.0
2015-07-03 00:00:00+08:00,0.3221752643585205,0.3221752643585205,0.3221752643585205,0.3221752643585205,0,0.0,0.0
2015-07-06 00:00:00+08:00,0.3221752643585205,0.3221752643585205,0.3221752643585205,0.3221752643585205,0,0.0,0.0
2015-07-07 00:00:00+08:00,0.3221752643585205,0.3221752643585205,0.3221752643585205,0.3221752643585205,0,0.0,0.0
2015-07-08 00:00:00+08:00,0.3221752643585205,0.3221752643585205,0.3221752643585205,0.3221752643585205,10333,0.0,0.0
2015-07-09 00:00:00+08:00,0.3221752643585205,0.3221752643585205,0.3221752643585205,0.3221752643585205,0,0.0,0.0
2015-07-10 00:00:00+08:00,0.3221752643585205,0.3221752643585205,0.3221752643585205,0.3221752643585205,0,0.0,0.0
2015-07-13 00:00:00+08:00,0.3221752643585205,0.3221752643585205,0.3221752643585205,0.3221752643585205,0,0.0,0.0
2015-07-14 00:00:00+08:00,0.3221752643585205,0.3221752643585205,0.3221752643585205,0.3221752643585205,0,0.0,0.0
2015-07-15 00:00:00+08:00,0.3221752643585205,0.3221752643585205,0.3221752643585205,0.3221752643585205,0,0.0,0.0
2015-07-16 00:00:00+08:00,0.3221752643585205,0.3221752643585205,0.3221752643585205,0.3221752643585205,0,0.0,0.0
2015-07-20 00:00:00+08:00,0.32456174492836,0.32456174492836,0.32456174492836,0.32456174492836,33333,0.0,0.0
2015-07-21 00:00:00+08:00,0.32456174492836,0.32456174492836,0.32456174492836,0.32456174492836,0,0.0,0.0
2015-07-22 00:00:00+08:00,0.3221752643585205,0.3221752643585205,0.3221752643585205,0.3221752643585205,9999,0.0,0.0
2015-07-23 00:00:00+08:00,0.3221752643585205,0.3221752643585205,0.3221752643585205,0.3221752643585205,14999,0.0,0.0
2015-07-24 00:00:00+08:00,0.3221752643585205,0.3221752643585205,0.3221752643585205,0.3221752643585205,33999,0.0,0.0
2015-07-27 00:00:00+08:00,0.3221752643585205,0.3221752643585205,0.3221752643585205,0.3221752643585205,0,0.0,0.0
2015-07-28 00:00:00+08:00,0.3317211866378784,0.3317211866378784,0.3317211866378784,0.3317211866378784,53333,0.0,0.0
2015-07-29 00:00:00+08:00,0.3221752643585205,0.3221752643585205,0.3221752643585205,0.3221752643585205,3333,0.0,0.0
2015-07-30 00:00:00+08:00,0.3221752643585205,0.3221752643585205,0.3221752643585205,0.3221752643585205,0,0.0,0.0
2015-07-31 00:00:00+08:00,0.3221752643585205,0.3221752643585205,0.3221752643585205,0.3221752643585205,0,0.0,0.0
2015-08-03 00:00:00+08:00,0.3221752615288199,0.3341076672077179,0.3221752615288199,0.3341076672077179,26666,0.0,0.0
2015-08-04 00:00:00+08:00,0.3341076672077179,0.3341076672077179,0.3341076672077179,0.3341076672077179,0,0.0,0.0
2015-08-05 00:00:00+08:00,0.3341076672077179,0.3341076672077179,0.3341076672077179,0.3341076672077179,0,0.0,0.0
2015-08-06 00:00:00+08:00,0.3341076672077179,0.3341076672077179,0.3341076672077179,0.3341076672077179,0,0.0,0.0
2015-08-07 00:00:00+08:00,0.3341076672077179,0.3341076672077179,0.3341076672077179,0.3341076672077179,0,0.0,0.0
2015-08-11 00:00:00+08:00,0.3245617407737442,0.3245617407737442,0.3221752643585205,0.3221752643585205,26666,0.0,0.0
2015-08-12 00:00:00+08:00,0.3221752643585205,0.3221752643585205,0.3221752643585205,0.3221752643585205,103333,0.0,0.0
2015-08-13 00:00:00+08:00,0.3221752615288199,0.3341076672077179,0.3221752615288199,0.3341076672077179,33333,0.0,0.0
2015-08-14 00:00:00+08:00,0.3341076672077179,0.3341076672077179,0.3341076672077179,0.3341076672077179,114999,0.0,0.0
2015-08-17 00:00:00+08:00,0.3341076701422221,0.3341076701422221,0.3221752643585205,0.3221752643585205,17999,0.0,0.0
2015-08-18 00:00:00+08:00,0.3221752643585205,0.3221752643585205,0.3221752643585205,0.3221752643585205,14999,0.0,0.0
2015-08-19 00:00:00+08:00,0.3221752643585205,0.3221752643585205,0.3221752643585205,0.3221752643585205,0,0.0,0.0
2015-08-20 00:00:00+08:00,0.32933470606803894,0.32933470606803894,0.32933470606803894,0.32933470606803894,46666,0.0,0.0
2015-08-21 00:00:00+08:00,0.32933470606803894,0.32933470606803894,0.32933470606803894,0.32933470606803894,0,0.0,0.0
2015-08-24 00:00:00+08:00,0.3221752643585205,0.3269482408965509,0.3221752643585205,0.3221752643585205,186666,0.0,0.0
2015-08-25 00:00:00+08:00,0.3221752643585205,0.3221752643585205,0.3221752643585205,0.3221752643585205,59999,0.0,0.0
2015-08-26 00:00:00+08:00,0.3221752643585205,0.3221752643585205,0.3221752643585205,0.3221752643585205,17999,0.0,0.0
2015-08-27 00:00:00+08:00,0.3221752643585205,0.3221752643585205,0.3221752643585205,0.3221752643585205,0,0.0,0.0
2015-08-28 00:00:00+08:00,0.3293347144191918,0.3341076672077179,0.3293347144191918,0.3341076672077179,6799,0.0,0.0
2015-08-31 00:00:00+08:00,0.3221752643585205,0.3221752643585205,0.3221752643585205,0.3221752643585205,75666,0.0,0.0
2015-09-01 00:00:00+08:00,0.3221752643585205,0.3221752643585205,0.3221752643585205,0.3221752643585205,2666,0.0,0.0
2015-09-02 00:00:00+08:00,0.3221752643585205,0.3221752643585205,0.3221752643585205,0.3221752643585205,0,0.0,0.0
2015-09-03 00:00:00+08:00,0.3221752643585205,0.3221752643585205,0.3221752643585205,0.3221752643585205,0,0.0,0.0
2015-09-04 00:00:00+08:00,0.32694822549819946,0.32694822549819946,0.32694822549819946,0.32694822549819946,3333,0.0,0.0
2015-09-07 00:00:00+08:00,0.32694822549819946,0.32694822549819946,0.32694822549819946,0.32694822549819946,0,0.0,0.0
2015-09-08 00:00:00+08:00,0.32456174492836,0.32456174492836,0.32456174492836,0.32456174492836,11333,0.0,0.0
2015-09-09 00:00:00+08:00,0.32456174492836,0.32456174492836,0.32456174492836,0.32456174492836,0,0.0,0.0
2015-09-10 00:00:00+08:00,0.32456174492836,0.32456174492836,0.32456174492836,0.32456174492836,0,0.0,0.0
2015-09-14 00:00:00+08:00,0.32456174492836,0.32456174492836,0.32456174492836,0.32456174492836,0,0.0,0.0
2015-09-15 00:00:00+08:00,0.32456174492836,0.32456174492836,0.32456174492836,0.32456174492836,0,0.0,0.0
2015-09-16 00:00:00+08:00,0.32456174492836,0.32456174492836,0.32456174492836,0.32456174492836,0,0.0,0.0
2015-09-17 00:00:00+08:00,0.32456174492836,0.32456174492836,0.32456174492836,0.32456174492836,0,0.0,0.0
2015-09-18 00:00:00+08:00,0.32456174492836,0.32456174492836,0.32456174492836,0.32456174492836,0,0.0,0.0
2015-09-21 00:00:00+08:00,0.2839915156364441,0.2839915156364441,0.2839915156364441,0.2839915156364441,11999,0.0,0.0
2015-09-22 00:00:00+08:00,0.2839915156364441,0.2839915156364441,0.2839915156364441,0.2839915156364441,0,0.0,0.0
2015-09-23 00:00:00+08:00,0.2839915268876395,0.3245617450144452,0.2839915268876395,0.3006969094276428,18366,0.0,0.0
2015-09-25 00:00:00+08:00,0.3006969094276428,0.3006969094276428,0.3006969094276428,0.3006969094276428,0,0.0,0.0
2015-09-28 00:00:00+08:00,0.3006969094276428,0.3006969094276428,0.3006969094276428,0.3006969094276428,0,0.0,0.0
2015-09-29 00:00:00+08:00,0.3006969094276428,0.3006969094276428,0.3006969094276428,0.3006969094276428,0,0.0,0.0
2015-09-30 00:00:00+08:00,0.3006969094276428,0.3006969094276428,0.3006969094276428,0.3006969094276428,0,0.0,0.0
2015-10-01 00:00:00+08:00,0.3006969094276428,0.3006969094276428,0.3006969094276428,0.3006969094276428,16666,0.0,0.0
2015-10-02 00:00:00+08:00,0.3006969094276428,0.3006969094276428,0.3006969094276428,0.3006969094276428,0,0.0,0.0
2015-10-05 00:00:00+08:00,0.3006969094276428,0.3006969094276428,0.3006969094276428,0.3006969094276428,0,0.0,0.0
2015-10-06 00:00:00+08:00,0.28637802704162796,0.3006969094276428,0.28637802704162796,0.3006969094276428,23333,0.0,0.0
2015-10-07 00:00:00+08:00,0.3006969094276428,0.3006969094276428,0.3006969094276428,0.3006969094276428,0,0.0,0.0
2015-10-08 00:00:00+08:00,0.3006969094276428,0.3006969094276428,0.3006969094276428,0.3006969094276428,0,0.0,0.0
2015-10-09 00:00:00+08:00,0.3006969094276428,0.3006969094276428,0.3006969094276428,0.3006969094276428,0,0.0,0.0
2015-10-12 00:00:00+08:00,0.2911509573459625,0.2911509573459625,0.2911509573459625,0.2911509573459625,6666,0.0,0.0
2015-10-13 00:00:00+08:00,0.28637799447290035,0.29831039905548096,0.2816050184153198,0.29831039905548096,15299,0.0,0.0
2015-10-14 00:00:00+08:00,0.29831039905548096,0.29831039905548096,0.29831039905548096,0.29831039905548096,0,0.0,0.0
2015-10-15 00:00:00+08:00,0.29831039905548096,0.29831039905548096,0.29831039905548096,0.29831039905548096,0,0.0,0.0
2015-10-16 00:00:00+08:00,0.29831039905548096,0.29831039905548096,0.29831039905548096,0.29831039905548096,0,0.0,0.0
2015-10-19 00:00:00+08:00,0.2983104053862894,0.2983104053862894,0.28876447677612305,0.28876447677612305,24366,0.0,0.0
2015-10-20 00:00:00+08:00,0.2911509573459625,0.2911509573459625,0.2911509573459625,0.2911509573459625,33333,0.0,0.0
2015-10-21 00:00:00+08:00,0.298310409837307,0.31024281485116023,0.28637800482345377,0.2911509573459625,139633,0.0,0.0
2015-10-22 00:00:00+08:00,0.28637802704162796,0.3006969094276428,0.28637802704162796,0.3006969094276428,20333,0.0,0.0
2015-10-23 00:00:00+08:00,0.29831044450286454,0.29831044450286454,0.2935374677181244,0.2935374677181244,8333,0.0,0.0
2015-10-26 00:00:00+08:00,0.2935374677181244,0.2935374677181244,0.2935374677181244,0.2935374677181244,19999,0.0,0.0
2015-10-27 00:00:00+08:00,0.2935374677181244,0.2935374677181244,0.2935374677181244,0.2935374677181244,0,0.0,0.0
2015-10-28 00:00:00+08:00,0.28637799620628357,0.28637799620628357,0.28637799620628357,0.28637799620628357,8333,0.0,0.0
2015-10-29 00:00:00+08:00,0.28637799620628357,0.28637799620628357,0.28637799620628357,0.28637799620628357,0,0.0,0.0
2015-10-30 00:00:00+08:00,0.28637799620628357,0.28637799620628357,0.28637799620628357,0.28637799620628357,0,0.0,0.0
2015-11-02 00:00:00+08:00,0.28637799620628357,0.28637799620628357,0.28637799620628357,0.28637799620628357,18333,0.0,0.0
2015-11-03 00:00:00+08:00,0.28637799620628357,0.28637799620628357,0.28637799620628357,0.28637799620628357,0,0.0,0.0
2015-11-04 00:00:00+08:00,0.2935374677181244,0.2935374677181244,0.2935374677181244,0.2935374677181244,18999,0.0,0.0
2015-11-05 00:00:00+08:00,0.2935374677181244,0.2935374677181244,0.2935374677181244,0.2935374677181244,0,0.0,0.0
2015-11-06 00:00:00+08:00,0.2935374292274157,0.2935374292274157,0.28876447677612305,0.28876447677612305,44333,0.0,0.0
2015-11-09 00:00:00+08:00,0.2935374677181244,0.2935374677181244,0.2935374677181244,0.2935374677181244,3333,0.0,0.0
2015-11-11 00:00:00+08:00,0.2935374677181244,0.2935374677181244,0.2935374677181244,0.2935374677181244,0,0.0,0.0
2015-11-12 00:00:00+08:00,0.2935374677181244,0.2935374677181244,0.2935374677181244,0.2935374677181244,0,0.0,0.0
2015-11-13 00:00:00+08:00,0.2887644723957284,0.2983104008610884,0.28637799620628357,0.28637799620628357,38599,0.0,0.0
2015-11-16 00:00:00+08:00,0.28637800482345377,0.2911509573459625,0.28637800482345377,0.2911509573459625,94666,0.0,0.0
2015-11-17 00:00:00+08:00,0.2863780005504767,0.28876447677612305,0.2863780005504767,0.28876447677612305,46833,0.0,0.0
2015-11-18 00:00:00+08:00,0.28637799620628357,0.28637799620628357,0.28637799620628357,0.28637799620628357,13333,0.0,0.0
2015-11-19 00:00:00+08:00,0.28637799620628357,0.28637799620628357,0.28637799620628357,0.28637799620628357,21666,0.0,0.0
2015-11-20 00:00:00+08:00,0.28637799620628357,0.2887644723957284,0.28637799620628357,0.28637799620628357,18999,0.0,0.0
2015-11-23 00:00:00+08:00,0.28637799620628357,0.28637799620628357,0.28637799620628357,0.28637799620628357,9999,0.0,0.0
2015-11-24 00:00:00+08:00,0.28637799620628357,0.28637799620628357,0.28637799620628357,0.28637799620628357,34999,0.0,0.0
2015-11-25 00:00:00+08:00,0.28637799620628357,0.28637799620628357,0.23864833017190296,0.28637799620628357,70399,0.0,0.0
2015-11-26 00:00:00+08:00,0.2935374247746181,0.2935374247746181,0.28637799620628357,0.28637799620628357,28333,0.0,0.0
2015-11-27 00:00:00+08:00,0.28637799620628357,0.28637799620628357,0.28637799620628357,0.28637799620628357,0,0.0,0.0
2015-11-30 00:00:00+08:00,0.2911509485851732,0.2935374247746181,0.28637799620628357,0.28637799620628357,24899,0.0,0.0
2015-12-01 00:00:00+08:00,0.28637799620628357,0.28637799620628357,0.2839914963092581,0.28637799620628357,67066,0.0,0.0
2015-12-02 00:00:00+08:00,0.28637799620628357,0.28637799620628357,0.28637799620628357,0.28637799620628357,0,0.0,0.3333333333333333
2015-12-03 00:00:00+08:00,0.16705383360385895,0.16705383360385895,0.16705383360385895,0.16705383360385895,20000,0.0,0.0
2015-12-04 00:00:00+08:00,0.16705383360385895,0.16705383360385895,0.16705383360385895,0.16705383360385895,0,0.0,0.0
2015-12-07 00:00:00+08:00,0.20285108990230433,0.2625131905078888,0.20285108990230433,0.2625131905078888,11000,0.0,0.0
2015-12-08 00:00:00+08:00,0.2625131905078888,0.2625131905078888,0.2625131905078888,0.2625131905078888,0,0.0,0.0
2015-12-09 00:00:00+08:00,0.2625131905078888,0.2625131905078888,0.2625131905078888,0.2625131905078888,0,0.0,0.0
2015-12-10 00:00:00+08:00,0.2625131790464634,0.2824005213391195,0.2068285495042801,0.2068285495042801,6700,0.0,0.0
2015-12-11 00:00:00+08:00,0.23864835500717163,0.23864835500717163,0.23864835500717163,0.23864835500717163,40000,0.0,0.0
2015-12-14 00:00:00+08:00,0.24660329520702362,0.24660329520702362,0.24660329520702362,0.24660329520702362,100,0.0,0.0
2015-12-15 00:00:00+08:00,0.24660329520702362,0.24660329520702362,0.24660329520702362,0.24660329520702362,0,0.0,0.0
2015-12-16 00:00:00+08:00,0.24660329520702362,0.24660329520702362,0.24660329520702362,0.24660329520702362,0,0.0,0.0
2015-12-17 00:00:00+08:00,0.23069338500499725,0.23069338500499725,0.23069338500499725,0.23069338500499725,20000,0.0,0.0
2015-12-18 00:00:00+08:00,0.23069338500499725,0.23069338500499725,0.23069338500499725,0.23069338500499725,0,0.0,0.0
2015-12-21 00:00:00+08:00,0.23069338500499725,0.23069338500499725,0.23069338500499725,0.23069338500499725,0,0.0,0.0
2015-12-22 00:00:00+08:00,0.19489613911650255,0.23069337803026072,0.19489613911650255,0.21478350460529327,7200,0.0,0.0
2015-12-23 00:00:00+08:00,0.21478350460529327,0.21478350460529327,0.21478350460529327,0.21478350460529327,0,0.0,0.0
2015-12-24 00:00:00+08:00,0.21478350460529327,0.21478350460529327,0.21478350460529327,0.21478350460529327,0,0.0,0.0
2015-12-28 00:00:00+08:00,0.21478350460529327,0.21478350460529327,0.21478350460529327,0.21478350460529327,3300,0.0,0.0
2015-12-29 00:00:00+08:00,0.21478350460529327,0.21478350460529327,0.21478350460529327,0.21478350460529327,0,0.0,0.0
2015-12-30 00:00:00+08:00,0.20285107582898626,0.21478350460529327,0.20285107582898626,0.21478350460529327,3400,0.0,0.0
2015-12-31 00:00:00+08:00,0.21478350460529327,0.21478350460529327,0.21478350460529327,0.21478350460529327,0,0.0,0.0
2016-01-04 00:00:00+08:00,0.19887360710685337,0.21478350421013095,0.19489613875792933,0.2108060121536255,11800,0.0,0.0
2016-01-05 00:00:00+08:00,0.1988736093044281,0.1988736093044281,0.1988736093044281,0.1988736093044281,3200,0.0,0.0
2016-01-06 00:00:00+08:00,0.21478350460529327,0.21478350460529327,0.21478350460529327,0.21478350460529327,131000,0.0,0.0
2016-01-07 00:00:00+08:00,0.2147835101289246,0.2147835101289246,0.2068285495042801,0.2068285495042801,32500,0.0,0.0
2016-01-08 00:00:00+08:00,0.19091866381636416,0.2147835101289246,0.19091866381636416,0.2068285495042801,16800,0.0,0.0
2016-01-11 00:00:00+08:00,0.2068285495042801,0.2068285495042801,0.2068285495042801,0.2068285495042801,0,0.0,0.0
2016-01-12 00:00:00+08:00,0.2068285495042801,0.2068285495042801,0.2068285495042801,0.2068285495042801,0,0.0,0.0
2016-01-13 00:00:00+08:00,0.2068285495042801,0.2068285495042801,0.2068285495042801,0.2068285495042801,0,0.0,0.0
2016-01-14 00:00:00+08:00,0.2068285495042801,0.2068285495042801,0.2068285495042801,0.2068285495042801,0,0.0,0.0
2016-01-15 00:00:00+08:00,0.2068285495042801,0.2068285495042801,0.2068285495042801,0.2068285495042801,0,0.0,0.0
2016-01-18 00:00:00+08:00,0.2068285495042801,0.2068285495042801,0.2068285495042801,0.2068285495042801,0,0.0,0.0
2016-01-19 00:00:00+08:00,0.2068285495042801,0.2068285495042801,0.2068285495042801,0.2068285495042801,0,0.0,0.0
2016-01-20 00:00:00+08:00,0.2068285495042801,0.2068285495042801,0.2068285495042801,0.2068285495042801,0,0.0,0.0
2016-01-21 00:00:00+08:00,0.2068285495042801,0.2068285495042801,0.2068285495042801,0.2068285495042801,0,0.0,0.0
2016-01-22 00:00:00+08:00,0.2068285495042801,0.2068285495042801,0.2068285495042801,0.2068285495042801,0,0.0,0.0
2016-01-25 00:00:00+08:00,0.2068285495042801,0.2068285495042801,0.2068285495042801,0.2068285495042801,0,0.0,0.0
2016-01-26 00:00:00+08:00,0.2068285495042801,0.2068285495042801,0.2068285495042801,0.2068285495042801,0,0.0,0.0
2016-01-27 00:00:00+08:00,0.2068285495042801,0.2068285495042801,0.2068285495042801,0.2068285495042801,0,0.0,0.0
2016-01-28 00:00:00+08:00,0.2068285495042801,0.2068285495042801,0.2068285495042801,0.2068285495042801,0,0.0,0.0
2016-01-29 00:00:00+08:00,0.2068285495042801,0.2068285495042801,0.2068285495042801,0.2068285495042801,3000,0.0,0.0
2016-02-01 00:00:00+08:00,0.2068285495042801,0.2068285495042801,0.2068285495042801,0.2068285495042801,0,0.0,0.0
2016-02-02 00:00:00+08:00,0.2068285495042801,0.2068285495042801,0.2068285495042801,0.2068285495042801,0,0.0,0.0
2016-02-03 00:00:00+08:00,0.2068285495042801,0.2068285495042801,0.2068285495042801,0.2068285495042801,0,0.0,0.0
2016-02-04 00:00:00+08:00,0.2068285495042801,0.2068285495042801,0.2068285495042801,0.2068285495042801,0,0.0,0.0
2016-02-05 00:00:00+08:00,0.2068285495042801,0.2068285495042801,0.2068285495042801,0.2068285495042801,0,0.0,0.0
2016-02-10 00:00:00+08:00,0.2068285495042801,0.2068285495042801,0.2068285495042801,0.2068285495042801,0,0.0,0.0
2016-02-11 00:00:00+08:00,0.2068285495042801,0.2068285495042801,0.2068285495042801,0.2068285495042801,0,0.0,0.0
2016-02-12 00:00:00+08:00,0.2068285495042801,0.2068285495042801,0.2068285495042801,0.2068285495042801,0,0.0,0.0
2016-02-15 00:00:00+08:00,0.2068285495042801,0.2068285495042801,0.2068285495042801,0.2068285495042801,0,0.0,0.0
2016-02-16 00:00:00+08:00,0.2068285495042801,0.2068285495042801,0.2068285495042801,0.2068285495042801,0,0.0,0.0
2016-02-17 00:00:00+08:00,0.2068285495042801,0.2068285495042801,0.2068285495042801,0.2068285495042801,0,0.0,0.0
2016-02-18 00:00:00+08:00,0.2068285495042801,0.2068285495042801,0.2068285495042801,0.2068285495042801,0,0.0,0.0
2016-02-19 00:00:00+08:00,0.2068285495042801,0.2068285495042801,0.2068285495042801,0.2068285495042801,0,0.0,0.0
2016-02-22 00:00:00+08:00,0.2068285495042801,0.2068285495042801,0.2068285495042801,0.2068285495042801,0,0.0,0.0
2016-02-23 00:00:00+08:00,0.2068285495042801,0.2068285495042801,0.2068285495042801,0.2068285495042801,0,0.0,0.0
2016-02-24 00:00:00+08:00,0.2068285495042801,0.2068285495042801,0.2068285495042801,0.2068285495042801,0,0.0,0.0
2016-02-25 00:00:00+08:00,0.2068285495042801,0.2068285495042801,0.2068285495042801,0.2068285495042801,0,0.0,0.0
2016-02-26 00:00:00+08:00,0.18296372890472412,0.18296372890472412,0.18296372890472412,0.18296372890472412,39000,0.0,0.0
2016-02-29 00:00:00+08:00,0.15909889340400696,0.15909889340400696,0.15909889340400696,0.15909889340400696,1000,0.0,0.0
2016-03-01 00:00:00+08:00,0.15909889340400696,0.15909889340400696,0.15909889340400696,0.15909889340400696,0,0.0,0.0
2016-03-02 00:00:00+08:00,0.15909889340400696,0.15909889340400696,0.15909889340400696,0.15909889340400696,0,0.0,0.0
2016-03-03 00:00:00+08:00,0.15909889340400696,0.15909889340400696,0.15909889340400696,0.15909889340400696,0,0.0,0.0
2016-03-04 00:00:00+08:00,0.15909889340400696,0.15909889340400696,0.15909889340400696,0.15909889340400696,0,0.0,0.0
2016-03-07 00:00:00+08:00,0.15909889340400696,0.15909889340400696,0.15909889340400696,0.15909889340400696,0,0.0,0.0
2016-03-08 00:00:00+08:00,0.15909889340400696,0.15909889340400696,0.15909889340400696,0.15909889340400696,0,0.0,0.0
2016-03-09 00:00:00+08:00,0.15909889340400696,0.15909889340400696,0.15909889340400696,0.15909889340400696,0,0.0,0.0
2016-03-10 00:00:00+08:00,0.1670538311886325,0.18296372890472412,0.1670538311886325,0.18296372890472412,25000,0.0,0.0
2016-03-11 00:00:00+08:00,0.16307636188662503,0.17500877918827032,0.15909889340400696,0.15909889340400696,40000,0.0,0.0
2016-03-14 00:00:00+08:00,0.15909889340400696,0.15909889340400696,0.15909889340400696,0.15909889340400696,0,0.0,0.0
2016-03-15 00:00:00+08:00,0.15909889340400696,0.15909889340400696,0.15909889340400696,0.15909889340400696,0,0.0,0.0
2016-03-16 00:00:00+08:00,0.15909889340400696,0.15909889340400696,0.15909889340400696,0.15909889340400696,0,0.0,0.0
2016-03-17 00:00:00+08:00,0.16307636541607798,0.19887361809577186,0.15909889684737577,0.1909186691045761,31300,0.0,0.0
2016-03-18 00:00:00+08:00,0.1948961409115526,0.1988736093044281,0.1948961409115526,0.1988736093044281,107000,0.0,0.0
2016-03-21 00:00:00+08:00,0.1988736093044281,0.1988736093044281,0.1988736093044281,0.1988736093044281,0,0.0,0.0
2016-03-22 00:00:00+08:00,0.21876098215579987,0.21876098215579987,0.21876098215579987,0.21876098215579987,600,0.0,0.0
2016-03-23 00:00:00+08:00,0.23467083275318146,0.23467083275318146,0.23467083275318146,0.23467083275318146,5400,0.0,0.0
2016-03-24 00:00:00+08:00,0.2704681158065796,0.2704681158065796,0.2704681158065796,0.2704681158065796,100,0.0,0.0
2016-03-28 00:00:00+08:00,0.2704681158065796,0.2704681158065796,0.2704681158065796,0.2704681158065796,0,0.0,0.0
2016-03-29 00:00:00+08:00,0.1710313145678582,0.2028510868549347,0.16705383414163008,0.2028510868549347,14000,0.0,0.0
2016-03-30 00:00:00+08:00,0.17103130684671797,0.1988736093044281,0.17103130684671797,0.1988736093044281,30200,0.0,0.0
2016-03-31 00:00:00+08:00,0.1988736093044281,0.1988736093044281,0.1988736093044281,0.1988736093044281,0,0.0,0.0
2016-04-01 00:00:00+08:00,0.1988736093044281,0.1988736093044281,0.1988736093044281,0.1988736093044281,800,0.0,0.0
2016-04-04 00:00:00+08:00,0.1988736093044281,0.1988736093044281,0.1988736093044281,0.1988736093044281,0,0.0,0.0
2016-04-05 00:00:00+08:00,0.17500878297597594,0.1909186691045761,0.16307636541607798,0.1909186691045761,20100,0.0,0.0
2016-04-06 00:00:00+08:00,0.1909186691045761,0.1909186691045761,0.1909186691045761,0.1909186691045761,0,0.0,0.0
2016-04-07 00:00:00+08:00,0.21478350460529327,0.21478350460529327,0.21478350460529327,0.21478350460529327,50000,0.0,0.0
2016-04-08 00:00:00+08:00,0.21478350460529327,0.21478350460529327,0.21478350460529327,0.21478350460529327,0,0.0,0.0
2016-04-11 00:00:00+08:00,0.18694119778111096,0.198873615165173,0.17103131188695866,0.1948961466550827,138800,0.0,0.0
2016-04-12 00:00:00+08:00,0.1988736093044281,0.1988736093044281,0.1988736093044281,0.1988736093044281,50000,0.0,0.0
2016-04-13 00:00:00+08:00,0.1988736093044281,0.1988736093044281,0.1988736093044281,0.1988736093044281,0,0.0,0.0
2016-04-14 00:00:00+08:00,0.1988736093044281,0.1988736093044281,0.1988736093044281,0.1988736093044281,0,0.0,0.0
2016-04-15 00:00:00+08:00,0.18296372890472412,0.18296372890472412,0.18296372890472412,0.18296372890472412,20000,0.0,0.0
2016-04-18 00:00:00+08:00,0.18296372237798533,0.18296372237798533,0.17500877380371094,0.17500877380371094,23800,0.0,0.0
2016-04-19 00:00:00+08:00,0.17500877380371094,0.17500877380371094,0.17500877380371094,0.17500877380371094,0,0.0,0.0
2016-04-20 00:00:00+08:00,0.17500877380371094,0.17500877380371094,0.17500877380371094,0.17500877380371094,0,0.0,0.0
2016-04-21 00:00:00+08:00,0.1909186691045761,0.1909186691045761,0.1909186691045761,0.1909186691045761,100,0.0,0.0
2016-04-22 00:00:00+08:00,0.1909186691045761,0.1909186691045761,0.1909186691045761,0.1909186691045761,0,0.0,0.0
2016-04-25 00:00:00+08:00,0.17103131401728294,0.17103131401728294,0.16705383360385895,0.16705383360385895,3300,0.0,0.0
2016-04-26 00:00:00+08:00,0.16705383360385895,0.16705383360385895,0.16705383360385895,0.16705383360385895,0,0.0,0.0
2016-04-27 00:00:00+08:00,0.16705383360385895,0.16705383360385895,0.16705383360385895,0.16705383360385895,0,0.0,0.0
2016-04-28 00:00:00+08:00,0.18296372890472412,0.18296372890472412,0.18296372890472412,0.18296372890472412,100,0.0,0.0
2016-04-29 00:00:00+08:00,0.18296372890472412,0.18296372890472412,0.18296372890472412,0.18296372890472412,0,0.0,0.0
2016-05-03 00:00:00+08:00,0.18296372890472412,0.18296372890472412,0.18296372890472412,0.18296372890472412,0,0.0,0.0
2016-05-04 00:00:00+08:00,0.18296372890472412,0.18296372890472412,0.18296372890472412,0.18296372890472412,0,0.0,0.0
2016-05-05 00:00:00+08:00,0.18296372890472412,0.18296372890472412,0.18296372890472412,0.18296372890472412,0,0.0,0.0
2016-05-06 00:00:00+08:00,0.18296372890472412,0.18296372890472412,0.18296372890472412,0.18296372890472412,0,0.0,0.0
2016-05-09 00:00:00+08:00,0.18296372890472412,0.18296372890472412,0.18296372890472412,0.18296372890472412,0,0.0,0.0
2016-05-10 00:00:00+08:00,0.18296372890472412,0.18296372890472412,0.18296372890472412,0.18296372890472412,0,0.0,0.0
2016-05-11 00:00:00+08:00,0.18296372890472412,0.18296372890472412,0.18296372890472412,0.18296372890472412,0,0.0,0.0
2016-05-12 00:00:00+08:00,0.18296372890472412,0.18296372890472412,0.18296372890472412,0.18296372890472412,0,0.0,0.0
2016-05-13 00:00:00+08:00,0.18296372890472412,0.18296372890472412,0.18296372890472412,0.18296372890472412,21500,0.0,0.0
2016-05-16 00:00:00+08:00,0.18296372890472412,0.18296372890472412,0.18296372890472412,0.18296372890472412,46600,0.0,0.0
2016-05-17 00:00:00+08:00,0.18296372890472412,0.18296372890472412,0.18296372890472412,0.18296372890472412,32400,0.0,0.0
2016-05-18 00:00:00+08:00,0.18296372890472412,0.18296372890472412,0.17898624854880563,0.18296372890472412,50800,0.0,0.0
2016-05-19 00:00:00+08:00,0.18296372146265,0.18296372146265,0.16307635605335236,0.16307635605335236,71400,0.0,0.0
2016-05-20 00:00:00+08:00,0.16307635605335236,0.16307635605335236,0.16307635605335236,0.16307635605335236,0,0.0,0.0
2016-05-23 00:00:00+08:00,0.17500877380371094,0.17500877380371094,0.17500877380371094,0.17500877380371094,33000,0.0,0.0
2016-05-24 00:00:00+08:00,0.17500877380371094,0.17500877380371094,0.17500877380371094,0.17500877380371094,0,0.0,0.0
2016-05-25 00:00:00+08:00,0.17500877380371094,0.17500877380371094,0.17500877380371094,0.17500877380371094,0,0.0,0.0
2016-05-26 00:00:00+08:00,0.17500877380371094,0.17500877380371094,0.17500877380371094,0.17500877380371094,0,0.0,0.0
2016-05-27 00:00:00+08:00,0.17500877380371094,0.17500877380371094,0.17500877380371094,0.17500877380371094,0,0.0,0.0
2016-05-30 00:00:00+08:00,0.17500877380371094,0.17500877380371094,0.17500877380371094,0.17500877380371094,0,0.0,0.0
2016-05-31 00:00:00+08:00,0.17500877380371094,0.17500877380371094,0.17500877380371094,0.17500877380371094,3000,0.0,0.0
2016-06-01 00:00:00+08:00,0.17500877380371094,0.17500877380371094,0.17500877380371094,0.17500877380371094,3300,0.0,0.0
2016-06-02 00:00:00+08:00,0.17500877380371094,0.17500877380371094,0.17500877380371094,0.17500877380371094,0,0.0,0.0
2016-06-03 00:00:00+08:00,0.17500877380371094,0.17500877380371094,0.17500877380371094,0.17500877380371094,0,0.0,0.0
2016-06-06 00:00:00+08:00,0.17500877380371094,0.17500877380371094,0.17500877380371094,0.17500877380371094,19900,0.0,0.0
2016-06-07 00:00:00+08:00,0.17500877380371094,0.17500877380371094,0.17500877380371094,0.17500877380371094,40000,0.0,0.0
2016-06-08 00:00:00+08:00,0.17500877380371094,0.17500877380371094,0.17500877380371094,0.17500877380371094,0,0.0,0.0
2016-06-09 00:00:00+08:00,0.17500877456747824,0.18694119155406952,0.17500877456747824,0.18694119155406952,2400,0.0,0.0
2016-06-10 00:00:00+08:00,0.18694119155406952,0.18694119155406952,0.18694119155406952,0.18694119155406952,100,0.0,0.0
2016-06-13 00:00:00+08:00,0.18694119155406952,0.18694119155406952,0.18694119155406952,0.18694119155406952,100,0.0,0.0
2016-06-14 00:00:00+08:00,0.18694119155406952,0.18694119155406952,0.18694119155406952,0.18694119155406952,0,0.0,0.0
2016-06-15 00:00:00+08:00,0.18694119155406952,0.18694119155406952,0.18694119155406952,0.18694119155406952,0,0.0,0.0
2016-06-16 00:00:00+08:00,0.17500877380371094,0.17500877380371094,0.17500877380371094,0.17500877380371094,1600,0.0,0.0
2016-06-17 00:00:00+08:00,0.17500877380371094,0.17500877380371094,0.17500877380371094,0.17500877380371094,6600,0.0,0.0
2016-06-20 00:00:00+08:00,0.17500877380371094,0.17500877380371094,0.17500877380371094,0.17500877380371094,0,0.0,0.0
2016-06-21 00:00:00+08:00,0.17500877380371094,0.17500877380371094,0.17500877380371094,0.17500877380371094,0,0.0,0.0
2016-06-22 00:00:00+08:00,0.17500877380371094,0.17500877380371094,0.17500877380371094,0.17500877380371094,0,0.0,0.0
2016-06-23 00:00:00+08:00,0.17500877380371094,0.17500877380371094,0.17500877380371094,0.17500877380371094,0,0.0,0.0
2016-06-24 00:00:00+08:00,0.17500877380371094,0.17500877380371094,0.17500877380371094,0.17500877380371094,0,0.0,0.0
2016-06-27 00:00:00+08:00,0.17500877380371094,0.17500877380371094,0.17500877380371094,0.17500877380371094,0,0.0,0.0
2016-06-28 00:00:00+08:00,0.17500877380371094,0.17500877380371094,0.17500877380371094,0.17500877380371094,0,0.0,0.0
2016-06-29 00:00:00+08:00,0.15909889340400696,0.15909889340400696,0.15909889340400696,0.15909889340400696,1300,0.0,0.0
2016-06-30 00:00:00+08:00,0.15909889340400696,0.15909889340400696,0.15909889340400696,0.15909889340400696,0,0.0,0.0
2016-07-01 00:00:00+08:00,0.15909889340400696,0.15909889340400696,0.15909889340400696,0.15909889340400696,0,0.0,0.0
2016-07-04 00:00:00+08:00,0.15909889340400696,0.15909889340400696,0.15909889340400696,0.15909889340400696,0,0.0,0.0
2016-07-05 00:00:00+08:00,0.15909889340400696,0.15909889340400696,0.15909889340400696,0.15909889340400696,23300,0.0,0.0
2016-07-07 00:00:00+08:00,0.15909889340400696,0.15909889340400696,0.15909889340400696,0.15909889340400696,0,0.0,0.0
2016-07-08 00:00:00+08:00,0.15909889340400696,0.15909889340400696,0.15909889340400696,0.15909889340400696,0,0.0,0.0
2016-07-11 00:00:00+08:00,0.15909889340400696,0.15909889340400696,0.15909889340400696,0.15909889340400696,16600,0.0,0.0
2016-07-12 00:00:00+08:00,0.16307635605335236,0.16307635605335236,0.16307635605335236,0.16307635605335236,25000,0.0,0.0
2016-07-13 00:00:00+08:00,0.1630763626865052,0.18296372890472412,0.1630763626865052,0.18296372890472412,8700,0.0,0.0
2016-07-14 00:00:00+08:00,0.18296372890472412,0.18296372890472412,0.18296372890472412,0.18296372890472412,0,0.0,0.0
2016-07-15 00:00:00+08:00,0.18296372890472412,0.18296372890472412,0.18296372890472412,0.18296372890472412,0,0.0,0.0
2016-07-18 00:00:00+08:00,0.18296372890472412,0.18296372890472412,0.18296372890472412,0.18296372890472412,0,0.0,0.0
2016-07-19 00:00:00+08:00,0.18296372890472412,0.18296372890472412,0.18296372890472412,0.18296372890472412,0,0.0,0.0
2016-07-20 00:00:00+08:00,0.18296372890472412,0.18296372890472412,0.1590988941843779,0.18296372890472412,374200,0.0,0.0
2016-07-21 00:00:00+08:00,0.1948961466550827,0.1948961466550827,0.1948961466550827,0.1948961466550827,100,0.0,0.0
2016-07-22 00:00:00+08:00,0.19489613931250158,0.1988736076727434,0.17500877380371094,0.17500877380371094,115900,0.0,0.0
2016-07-25 00:00:00+08:00,0.17500877380371094,0.17500877380371094,0.17500877380371094,0.17500877380371094,0,0.0,0.0
2016-07-26 00:00:00+08:00,0.1789862476708884,0.1789862476708884,0.15909889340400696,0.15909889340400696,60000,0.0,0.0
2016-07-27 00:00:00+08:00,0.1988736093044281,0.1988736093044281,0.1988736093044281,0.1988736093044281,100,0.0,0.0
2016-07-28 00:00:00+08:00,0.1988736093044281,0.1988736093044281,0.1988736093044281,0.1988736093044281,0,0.0,0.0
2016-07-29 00:00:00+08:00,0.1988736093044281,0.1988736093044281,0.1988736093044281,0.1988736093044281,0,0.0,0.0
2016-08-01 00:00:00+08:00,0.1988736093044281,0.1988736093044281,0.1988736093044281,0.1988736093044281,0,0.0,0.0
2016-08-02 00:00:00+08:00,0.1988736093044281,0.1988736093044281,0.1988736093044281,0.1988736093044281,0,0.0,0.0
2016-08-03 00:00:00+08:00,0.1988736093044281,0.1988736093044281,0.1988736093044281,0.1988736093044281,0,0.0,0.0
2016-08-04 00:00:00+08:00,0.1988736093044281,0.1988736093044281,0.1988736093044281,0.1988736093044281,0,0.0,0.0
2016-08-05 00:00:00+08:00,0.1988736093044281,0.1988736093044281,0.1988736093044281,0.1988736093044281,0,0.0,0.0
2016-08-08 00:00:00+08:00,0.1988736093044281,0.1988736093044281,0.1988736093044281,0.1988736093044281,0,0.0,0.0
2016-08-10 00:00:00+08:00,0.1988736093044281,0.1988736093044281,0.1988736093044281,0.1988736093044281,0,0.0,0.0
2016-08-11 00:00:00+08:00,0.1988736093044281,0.1988736093044281,0.1988736093044281,0.1988736093044281,0,0.0,0.0
2016-08-12 00:00:00+08:00,0.1988736093044281,0.1988736093044281,0.1988736093044281,0.1988736093044281,0,0.0,0.0
2016-08-15 00:00:00+08:00,0.1988736093044281,0.1988736093044281,0.1988736093044281,0.1988736093044281,0,0.0,0.0
2016-08-16 00:00:00+08:00,0.1988736093044281,0.1988736093044281,0.1988736093044281,0.1988736093044281,0,0.0,0.0
2016-08-17 00:00:00+08:00,0.18296372890472412,0.18296372890472412,0.18296372890472412,0.18296372890472412,109800,0.0,0.0
2016-08-18 00:00:00+08:00,0.15909888850895287,0.17500877380371094,0.15909888850895287,0.17500877380371094,29800,0.0,0.0
2016-08-19 00:00:00+08:00,0.17500877380371094,0.17500877380371094,0.17500877380371094,0.17500877380371094,0,0.0,0.0
2016-08-22 00:00:00+08:00,0.15909888981430065,0.1988736093044281,0.15909888981430065,0.1988736093044281,50300,0.0,0.0
2016-08-23 00:00:00+08:00,0.19489613931250158,0.19489613931250158,0.15909888850895287,0.17500877380371094,132100,0.0,0.0
2016-08-24 00:00:00+08:00,0.17500877380371094,0.17500877380371094,0.17500877380371094,0.17500877380371094,0,0.0,0.0
2016-08-25 00:00:00+08:00,0.15512140151742665,0.15512140151742665,0.1543259173631668,0.1543259173631668,22400,0.0,0.0
2016-08-26 00:00:00+08:00,0.1543259173631668,0.1543259173631668,0.1543259173631668,0.1543259173631668,0,0.0,0.0
2016-08-29 00:00:00+08:00,0.1543259173631668,0.1543259173631668,0.1543259173631668,0.1543259173631668,0,0.0,0.0
2016-08-30 00:00:00+08:00,0.1543259173631668,0.1543259173631668,0.1543259173631668,0.1543259173631668,0,0.0,0.0
2016-08-31 00:00:00+08:00,0.1543259173631668,0.1543259173631668,0.1543259173631668,0.1543259173631668,4000,0.0,0.0
2016-09-01 00:00:00+08:00,0.18694119648991564,0.1909186649725337,0.15114394458497973,0.15909889340400696,62700,0.0,0.0
2016-09-02 00:00:00+08:00,0.15909889340400696,0.15909889340400696,0.15909889340400696,0.15909889340400696,0,0.0,0.0
2016-09-05 00:00:00+08:00,0.16705383360385895,0.16705383360385895,0.16705383360385895,0.16705383360385895,9500,0.0,0.0
2016-09-06 00:00:00+08:00,0.16705383360385895,0.16705383360385895,0.16705383360385895,0.16705383360385895,0,0.0,0.0
2016-09-07 00:00:00+08:00,0.16705383360385895,0.16705383360385895,0.16705383360385895,0.16705383360385895,0,0.0,0.0
2016-09-08 00:00:00+08:00,0.16705383360385895,0.16705383360385895,0.16705383360385895,0.16705383360385895,0,0.0,0.0
2016-09-09 00:00:00+08:00,0.1559169043377268,0.19489613931250158,0.1559169043377268,0.17500877380371094,110900,0.0,0.0
2016-09-13 00:00:00+08:00,0.16705383360385895,0.16705383360385895,0.16705383360385895,0.16705383360385895,45000,0.0,0.0
2016-09-14 00:00:00+08:00,0.16705383360385895,0.16705383360385895,0.16705383360385895,0.16705383360385895,59300,0.0,0.0
2016-09-15 00:00:00+08:00,0.16705383360385895,0.16705383360385895,0.16705383360385895,0.16705383360385895,0,0.0,0.0
2016-09-16 00:00:00+08:00,0.15909889340400696,0.15909889340400696,0.15909889340400696,0.15909889340400696,18000,0.0,0.0
2016-09-19 00:00:00+08:00,0.15909889340400696,0.15909889340400696,0.15909889340400696,0.15909889340400696,5500,0.0,0.0
2016-09-20 00:00:00+08:00,0.15909889648459363,0.16705383360385895,0.15909889648459363,0.16705383360385895,27100,0.0,0.0
2016-09-21 00:00:00+08:00,0.16705383360385895,0.16705383360385895,0.16705383360385895,0.16705383360385895,0,0.0,0.0
2016-09-22 00:00:00+08:00,0.1670538303692431,0.1670538303692431,0.15909889340400696,0.15909889340400696,27000,0.0,0.0
2016-09-23 00:00:00+08:00,0.16705383360385895,0.1750087825769156,0.15909889648459363,0.16705383360385895,218800,0.0,0.0
2016-09-26 00:00:00+08:00,0.16705383080752115,0.17103131115436554,0.16705383080752115,0.17103131115436554,15300,0.0,0.0
2016-09-27 00:00:00+08:00,0.17103131115436554,0.17103131115436554,0.17103131115436554,0.17103131115436554,0,0.0,0.0
2016-09-28 00:00:00+08:00,0.17103131115436554,0.17103131115436554,0.17103131115436554,0.17103131115436554,0,0.0,0.0
2016-09-29 00:00:00+08:00,0.17103131115436554,0.17103131115436554,0.17103131115436554,0.17103131115436554,0,0.0,0.0
2016-09-30 00:00:00+08:00,0.17103131115436554,0.17103131115436554,0.17103131115436554,0.17103131115436554,0,0.0,0.0
2016-10-03 00:00:00+08:00,0.17103131115436554,0.17103131115436554,0.17103131115436554,0.17103131115436554,0,0.0,0.0
2016-10-04 00:00:00+08:00,0.17103131115436554,0.17103131115436554,0.17103131115436554,0.17103131115436554,0,0.0,0.0
2016-10-05 00:00:00+08:00,0.17103131115436554,0.17103131115436554,0.17103131115436554,0.17103131115436554,0,0.0,0.0
2016-10-06 00:00:00+08:00,0.171031311544551,0.19489614626489724,0.171031311544551,0.18296372890472412,129100,0.0,0.0
2016-10-07 00:00:00+08:00,0.1909186691045761,0.1909186691045761,0.1909186691045761,0.1909186691045761,75200,0.0,0.0
2016-10-10 00:00:00+08:00,0.18694119155406952,0.18694119155406952,0.18694119155406952,0.18694119155406952,30000,0.0,0.0
2016-10-11 00:00:00+08:00,0.18694119155406952,0.18694119155406952,0.18694119155406952,0.18694119155406952,68000,0.0,0.0
2016-10-12 00:00:00+08:00,0.18694119155406952,0.18694119155406952,0.18694119155406952,0.18694119155406952,0,0.0,0.0
2016-10-13 00:00:00+08:00,0.18694119155406952,0.18694119155406952,0.18694119155406952,0.18694119155406952,100,0.0,0.0
2016-10-14 00:00:00+08:00,0.18694119155406952,0.18694119155406952,0.18694119155406952,0.18694119155406952,27700,0.0,0.0
2016-10-17 00:00:00+08:00,0.18694119155406952,0.18694119155406952,0.18694119155406952,0.18694119155406952,100,0.0,0.0
2016-10-18 00:00:00+08:00,0.18694119155406952,0.18694119155406952,0.18694119155406952,0.18694119155406952,0,0.0,0.0
2016-10-19 00:00:00+08:00,0.18694119155406952,0.18694119155406952,0.18694119155406952,0.18694119155406952,0,0.0,0.0
2016-10-20 00:00:00+08:00,0.18694119155406952,0.18694119155406952,0.18694119155406952,0.18694119155406952,0,0.0,0.0
2016-10-21 00:00:00+08:00,0.18694119155406952,0.18694119155406952,0.18694119155406952,0.18694119155406952,0,0.0,0.0
2016-10-24 00:00:00+08:00,0.18694119155406952,0.18694119155406952,0.18694119155406952,0.18694119155406952,0,0.0,0.0
2016-10-25 00:00:00+08:00,0.18694119155406952,0.18694119155406952,0.18694119155406952,0.18694119155406952,0,0.0,0.0
2016-10-26 00:00:00+08:00,0.18694119155406952,0.18694119155406952,0.18694119155406952,0.18694119155406952,0,0.0,0.0
2016-10-27 00:00:00+08:00,0.18694119155406952,0.1988736085406608,0.18694119155406952,0.18694119155406952,140400,0.0,0.0
2016-10-28 00:00:00+08:00,0.18694119155406952,0.18694119155406952,0.18694119155406952,0.18694119155406952,25400,0.0,0.0
2016-10-31 00:00:00+08:00,0.1869412059834581,0.22273845970630646,0.1869412059834581,0.22273845970630646,10100,0.0,0.0
2016-11-01 00:00:00+08:00,0.22273845970630646,0.22273845970630646,0.22273845970630646,0.22273845970630646,0,0.0,0.0
2016-11-02 00:00:00+08:00,0.22273845970630646,0.22273845970630646,0.22273845970630646,0.22273845970630646,0,0.0,0.0
2016-11-03 00:00:00+08:00,0.22273845970630646,0.22273845970630646,0.22273845970630646,0.22273845970630646,0,0.0,0.0
2016-11-04 00:00:00+08:00,0.22273845970630646,0.22273845970630646,0.22273845970630646,0.22273845970630646,0,0.0,0.0
2016-11-07 00:00:00+08:00,0.22273845970630646,0.22273845970630646,0.22273845970630646,0.22273845970630646,0,0.0,0.0
2016-11-08 00:00:00+08:00,0.22273845970630646,0.22273845970630646,0.22273845970630646,0.22273845970630646,0,0.0,0.0
2016-11-09 00:00:00+08:00,0.22273845970630646,0.22273845970630646,0.22273845970630646,0.22273845970630646,0,0.0,0.0
2016-11-10 00:00:00+08:00,0.18296372317646936,0.20682854529586112,0.1789862429450784,0.18694119155406952,41000,0.0,0.0
2016-11-11 00:00:00+08:00,0.18694119155406952,0.18694119155406952,0.18694119155406952,0.18694119155406952,0,0.0,0.0
2016-11-14 00:00:00+08:00,0.18694119155406952,0.18694119155406952,0.18694119155406952,0.18694119155406952,10000,0.0,0.0
2016-11-15 00:00:00+08:00,0.18694119155406952,0.18694119155406952,0.18694119155406952,0.18694119155406952,0,0.0,0.0
2016-11-16 00:00:00+08:00,0.18694119155406952,0.18694119155406952,0.18694119155406952,0.18694119155406952,0,0.0,0.0
2016-11-17 00:00:00+08:00,0.18296372890472412,0.18296372890472412,0.18296372890472412,0.18296372890472412,6600,0.0,0.0
2016-11-18 00:00:00+08:00,0.18296372890472412,0.18296372890472412,0.18296372890472412,0.18296372890472412,0,0.0,0.0
2016-11-21 00:00:00+08:00,0.18296372890472412,0.18296372890472412,0.18296372890472412,0.18296372890472412,0,0.0,0.0
2016-11-22 00:00:00+08:00,0.18296372890472412,0.18296372890472412,0.18296372890472412,0.18296372890472412,0,0.0,0.0
2016-11-23 00:00:00+08:00,0.18296372890472412,0.18296372890472412,0.18296372890472412,0.18296372890472412,10000,0.0,0.0
2016-11-24 00:00:00+08:00,0.18296372890472412,0.18296372890472412,0.18296372890472412,0.18296372890472412,0,0.0,0.0
2016-11-25 00:00:00+08:00,0.18296372890472412,0.18296372890472412,0.18296372890472412,0.18296372890472412,0,0.0,0.0
2016-11-28 00:00:00+08:00,0.18296372890472412,0.18296372890472412,0.18296372890472412,0.18296372890472412,0,0.0,0.0
2016-11-29 00:00:00+08:00,0.18296372890472412,0.18296372890472412,0.18296372890472412,0.18296372890472412,0,0.0,0.0
2016-11-30 00:00:00+08:00,0.18296372890472412,0.18296372890472412,0.18296372890472412,0.18296372890472412,0,0.0,0.0
2016-12-01 00:00:00+08:00,0.18296372890472412,0.18296372890472412,0.18296372890472412,0.18296372890472412,0,0.0,0.0
2016-12-02 00:00:00+08:00,0.18296372890472412,0.18296372890472412,0.18296372890472412,0.18296372890472412,0,0.0,0.0
2016-12-05 00:00:00+08:00,0.18296372890472412,0.18296372890472412,0.18296372890472412,0.18296372890472412,1600,0.0,0.0
2016-12-06 00:00:00+08:00,0.18296372890472412,0.18296372890472412,0.18296372890472412,0.18296372890472412,0,0.0,0.0
2016-12-07 00:00:00+08:00,0.18296372890472412,0.18296372890472412,0.18296372890472412,0.18296372890472412,0,0.0,0.0
2016-12-08 00:00:00+08:00,0.18296372890472412,0.18296372890472412,0.18296372890472412,0.18296372890472412,8300,0.0,0.0
2016-12-09 00:00:00+08:00,0.18296373488756773,0.23864835500717163,0.17898625440158716,0.23864835500717163,26400,0.0,0.0
2016-12-12 00:00:00+08:00,0.23864835500717163,0.23864835500717163,0.23864835500717163,0.23864835500717163,0,0.0,0.0
2016-12-13 00:00:00+08:00,0.23864835500717163,0.23864835500717163,0.23864835500717163,0.23864835500717163,0,0.0,0.0
2016-12-14 00:00:00+08:00,0.23864835500717163,0.23864835500717163,0.23864835500717163,0.23864835500717163,0,0.0,0.0
2016-12-15 00:00:00+08:00,0.17898623645305634,0.17898623645305634,0.17898623645305634,0.17898623645305634,3300,0.0,0.0
2016-12-16 00:00:00+08:00,0.1789862567604501,0.22273845970630646,0.1789862567604501,0.22273845970630646,58300,0.0,0.0
2016-12-19 00:00:00+08:00,0.22273845970630646,0.22273845970630646,0.22273845970630646,0.22273845970630646,0,0.0,0.0
2016-12-20 00:00:00+08:00,0.1829637298837349,0.21876098215579987,0.1829637298837349,0.21876098215579987,31000,0.0,0.0
2016-12-21 00:00:00+08:00,0.21876098215579987,0.21876098215579987,0.21876098215579987,0.21876098215579987,0,0.0,0.0
2016-12-22 00:00:00+08:00,0.21876098215579987,0.21876098215579987,0.21876098215579987,0.21876098215579987,0,0.0,0.0
2016-12-23 00:00:00+08:00,0.18296372890472412,0.18296372890472412,0.18296372890472412,0.18296372890472412,50000,0.0,0.0
2016-12-27 00:00:00+08:00,0.18296372890472412,0.18296372890472412,0.18296372890472412,0.18296372890472412,0,0.0,0.0
2016-12-28 00:00:00+08:00,0.1909186691045761,0.1909186691045761,0.1909186691045761,0.1909186691045761,500,0.0,0.0
2016-12-29 00:00:00+08:00,0.18296371654017984,0.18694118477351296,0.17898623645305634,0.17898623645305634,65900,0.0,0.0
2016-12-30 00:00:00+08:00,0.17500877380371094,0.17500877380371094,0.17500877380371094,0.17500877380371094,5000,0.0,0.0
2017-01-03 00:00:00+08:00,0.18296371654017984,0.18296371654017984,0.1750087682197232,0.17898623645305634,63300,0.0,0.0
2017-01-04 00:00:00+08:00,0.17898623645305634,0.17898623645305634,0.17898623645305634,0.17898623645305634,24900,0.0,0.0
2017-01-05 00:00:00+08:00,0.18296372890472412,0.18296372890472412,0.18296372890472412,0.18296372890472412,99100,0.0,0.0
2017-01-06 00:00:00+08:00,0.18296372890472412,0.18296372890472412,0.18296372890472412,0.18296372890472412,0,0.0,0.0
2017-01-09 00:00:00+08:00,0.2068285495042801,0.2068285495042801,0.2068285495042801,0.2068285495042801,19400,0.0,0.0
2017-01-10 00:00:00+08:00,0.2068285495042801,0.2068285495042801,0.2068285495042801,0.2068285495042801,0,0.0,0.0
2017-01-11 00:00:00+08:00,0.19091865993166968,0.19091865993166968,0.18296372317646936,0.18694119155406952,61000,0.0,0.0
2017-01-12 00:00:00+08:00,0.18694119155406952,0.18694119155406952,0.18694119155406952,0.18694119155406952,15300,0.0,0.0
2017-01-13 00:00:00+08:00,0.1988736093044281,0.1988736093044281,0.1988736093044281,0.1988736093044281,50000,0.0,0.0
2017-01-16 00:00:00+08:00,0.1909186691045761,0.1909186691045761,0.1909186691045761,0.1909186691045761,60000,0.0,0.0
2017-01-17 00:00:00+08:00,0.1829637319671717,0.1909186691045761,0.1829637319671717,0.1909186691045761,71600,0.0,0.0
2017-01-18 00:00:00+08:00,0.1909186691045761,0.1909186691045761,0.1909186691045761,0.1909186691045761,0,0.0,0.0
2017-01-19 00:00:00+08:00,0.1909186691045761,0.1909186691045761,0.1909186691045761,0.1909186691045761,0,0.0,0.0
2017-01-20 00:00:00+08:00,0.1909186691045761,0.1909186691045761,0.1909186691045761,0.1909186691045761,0,0.0,0.0
2017-01-23 00:00:00+08:00,0.2147835136323897,0.2466032855272533,0.20285108435457683,0.21876098215579987,59900,0.0,0.0
2017-01-24 00:00:00+08:00,0.198873615165173,0.198873615165173,0.1948961466550827,0.1948961466550827,42500,0.0,0.0
2017-01-25 00:00:00+08:00,0.19091865993166968,0.19091865993166968,0.18694119155406952,0.18694119155406952,33300,0.0,0.0
2017-01-26 00:00:00+08:00,0.18694119155406952,0.18694119155406952,0.18694119155406952,0.18694119155406952,0,0.0,0.0
2017-01-27 00:00:00+08:00,0.18694119155406952,0.18694119155406952,0.18694119155406952,0.18694119155406952,0,0.0,0.0
2017-01-31 00:00:00+08:00,0.1988736093044281,0.1988736093044281,0.1988736093044281,0.1988736093044281,60000,0.0,0.0
2017-02-01 00:00:00+08:00,0.19091866693055518,0.21876098215579987,0.19091866693055518,0.21876098215579987,27000,0.0,0.0
2017-02-02 00:00:00+08:00,0.21478351291311648,0.21876098142320677,0.1948961466550827,0.1948961466550827,44400,0.0,0.0
2017-02-03 00:00:00+08:00,0.1948961466550827,0.1948961466550827,0.1948961466550827,0.1948961466550827,0,0.0,0.0
2017-02-06 00:00:00+08:00,0.1948961466550827,0.1948961466550827,0.1948961466550827,0.1948961466550827,3000,0.0,0.0
2017-02-07 00:00:00+08:00,0.1948961466550827,0.1948961466550827,0.1948961466550827,0.1948961466550827,0,0.0,0.0
2017-02-08 00:00:00+08:00,0.20285108666447407,0.20285108666447407,0.1909186691045761,0.1909186691045761,10000,0.0,0.0
2017-02-09 00:00:00+08:00,0.1909186691045761,0.1909186691045761,0.1909186691045761,0.1909186691045761,0,0.0,0.0
2017-02-10 00:00:00+08:00,0.2068285460901791,0.2068285460901791,0.1988736093044281,0.1988736093044281,75600,0.0,0.0
2017-02-13 00:00:00+08:00,0.1988736093044281,0.1988736093044281,0.1988736093044281,0.1988736093044281,101600,0.0,0.0
2017-02-14 00:00:00+08:00,0.1988736093044281,0.1988736093044281,0.1988736093044281,0.1988736093044281,60100,0.0,0.0
2017-02-15 00:00:00+08:00,0.1988736093044281,0.1988736093044281,0.1988736093044281,0.1988736093044281,1500,0.0,0.0
2017-02-16 00:00:00+08:00,0.1988736093044281,0.1988736093044281,0.1988736093044281,0.1988736093044281,0,0.0,0.0
2017-02-17 00:00:00+08:00,0.1988736093044281,0.1988736093044281,0.1988736093044281,0.1988736093044281,50000,0.0,0.0
2017-02-20 00:00:00+08:00,0.1988736093044281,0.1988736093044281,0.1988736093044281,0.1988736093044281,3300,0.0,0.0
2017-02-21 00:00:00+08:00,0.1988736074727444,0.21478350460529327,0.1988736074727444,0.21478350460529327,40700,0.0,0.0
2017-02-22 00:00:00+08:00,0.2108060121536255,0.2108060121536255,0.2028510754557774,0.2108060121536255,30300,0.0,0.0
2017-02-23 00:00:00+08:00,0.2108060121536255,0.2108060121536255,0.2028510754557774,0.2108060121536255,11600,0.0,0.0
2017-02-24 00:00:00+08:00,0.21080602140139712,0.22273845067921,0.206828552877987,0.21876098215579987,98700,0.0,0.0
2017-02-27 00:00:00+08:00,0.21876098215579987,0.21876098215579987,0.21876098215579987,0.21876098215579987,0,0.0,0.0
2017-02-28 00:00:00+08:00,0.1988736158311667,0.21876098215579987,0.1988736158311667,0.21876098215579987,45700,0.0,0.0
2017-03-01 00:00:00+08:00,0.21876098215579987,0.21876098215579987,0.21876098215579987,0.21876098215579987,0,0.0,0.0
2017-03-02 00:00:00+08:00,0.2386483521049147,0.250580757856369,0.2346708598135138,0.250580757856369,290000,0.0,0.0
2017-03-03 00:00:00+08:00,0.24660329520702362,0.24660329520702362,0.24660329520702362,0.24660329520702362,8000,0.0,0.0
2017-03-06 00:00:00+08:00,0.24660326908802996,0.2545582056045532,0.24660326908802996,0.2545582056045532,22700,0.0,0.0
2017-03-07 00:00:00+08:00,0.2545582056045532,0.2545582056045532,0.2545582056045532,0.2545582056045532,0,0.0,0.0
2017-03-08 00:00:00+08:00,0.2545582056045532,0.2545582056045532,0.2545582056045532,0.2545582056045532,10000,0.0,0.0
2017-03-09 00:00:00+08:00,0.24660329520702362,0.24660329520702362,0.24660329520702362,0.24660329520702362,5000,0.0,0.0
2017-03-10 00:00:00+08:00,0.2545582056045532,0.2545582056045532,0.2505807373462916,0.2545582056045532,107600,0.0,0.0
2017-03-13 00:00:00+08:00,0.2545582056045532,0.2545582056045532,0.2545582056045532,0.2545582056045532,0,0.0,0.0
2017-03-14 00:00:00+08:00,0.24660326908802996,0.2545582056045532,0.24660326908802996,0.2545582056045532,26000,0.0,0.0
2017-03-15 00:00:00+08:00,0.2625131960433543,0.2784230709075928,0.2625131960433543,0.2784230709075928,11000,0.0,0.0
2017-03-16 00:00:00+08:00,0.2784230513884112,0.30626535415649414,0.2784230513884112,0.30626535415649414,25100,0.0,0.0
2017-03-17 00:00:00+08:00,0.30626535415649414,0.30626535415649414,0.30626535415649414,0.30626535415649414,0,0.0,0.0
2017-03-20 00:00:00+08:00,0.30626535415649414,0.30626535415649414,0.30626535415649414,0.30626535415649414,0,0.0,0.0
2017-03-21 00:00:00+08:00,0.30626535415649414,0.30626535415649414,0.30626535415649414,0.30626535415649414,0,0.0,0.0
2017-03-22 00:00:00+08:00,0.24262580275535583,0.24262580275535583,0.24262580275535583,0.24262580275535583,20000,0.0,0.0
2017-03-23 00:00:00+08:00,0.266490638256073,0.266490638256073,0.266490638256073,0.266490638256073,43000,0.0,0.0
2017-03-24 00:00:00+08:00,0.266490638256073,0.266490638256073,0.266490638256073,0.266490638256073,20000,0.0,0.0
2017-03-27 00:00:00+08:00,0.266490638256073,0.266490638256073,0.266490638256073,0.266490638256073,11300,0.0,0.0
2017-03-28 00:00:00+08:00,0.2784230709075928,0.2784230709075928,0.2784230709075928,0.2784230709075928,11100,0.0,0.0
2017-03-29 00:00:00+08:00,0.2784230709075928,0.2784230709075928,0.2784230709075928,0.2784230709075928,0,0.0,0.0
2017-03-30 00:00:00+08:00,0.2784230709075928,0.2784230709075928,0.2784230709075928,0.2784230709075928,0,0.0,0.0
2017-03-31 00:00:00+08:00,0.2784230709075928,0.2784230709075928,0.2784230709075928,0.2784230709075928,51000,0.0,0.0
2017-04-03 00:00:00+08:00,0.24660327104518445,0.24660327104518445,0.24262580275535583,0.24262580275535583,20900,0.0,0.0
2017-04-04 00:00:00+08:00,0.25455820304497606,0.3102428055158932,0.25455820304497606,0.28637799620628357,34000,0.0,0.0
2017-04-05 00:00:00+08:00,0.27046813347547355,0.2784230709075928,0.27046813347547355,0.2784230709075928,3300,0.0,0.0
2017-04-06 00:00:00+08:00,0.2784230709075928,0.2784230709075928,0.2784230709075928,0.2784230709075928,0,0.0,0.0
2017-04-07 00:00:00+08:00,0.2784230709075928,0.2784230709075928,0.2784230709075928,0.2784230709075928,0,0.0,0.0
2017-04-10 00:00:00+08:00,0.282400518655777,0.282400518655777,0.282400518655777,0.282400518655777,3300,0.0,0.0
2017-04-11 00:00:00+08:00,0.29035546442455185,0.3022878690793567,0.28637799620628357,0.28637799620628357,107600,0.0,0.0
2017-04-12 00:00:00+08:00,0.2863780320472956,0.30228790691153407,0.2784230709075928,0.2784230709075928,34900,0.0,0.0
2017-04-13 00:00:00+08:00,0.2784230709075928,0.2784230709075928,0.2784230709075928,0.2784230709075928,0,0.0,0.0
2017-04-17 00:00:00+08:00,0.282400518655777,0.282400518655777,0.282400518655777,0.282400518655777,19600,0.0,0.0
2017-04-18 00:00:00+08:00,0.2824005423428135,0.29035550355911255,0.2824005423428135,0.29035550355911255,50000,0.0,0.0
2017-04-19 00:00:00+08:00,0.2784230709075928,0.2784230709075928,0.2784230709075928,0.2784230709075928,30000,0.0,0.0
2017-04-20 00:00:00+08:00,0.2784230709075928,0.2784230709075928,0.2784230709075928,0.2784230709075928,1300,0.0,0.0
2017-04-21 00:00:00+08:00,0.2784230709075928,0.2784230709075928,0.2784230709075928,0.2784230709075928,0,0.0,0.0
2017-04-24 00:00:00+08:00,0.282400518655777,0.282400518655777,0.282400518655777,0.282400518655777,16600,0.0,0.0
2017-04-25 00:00:00+08:00,0.282400518655777,0.282400518655777,0.282400518655777,0.282400518655777,0,0.0,0.0
2017-04-26 00:00:00+08:00,0.282400518655777,0.282400518655777,0.282400518655777,0.282400518655777,2700,0.0,0.0
2017-04-27 00:00:00+08:00,0.2784230709075928,0.2784230709075928,0.27046813347547355,0.2784230709075928,149900,0.0,0.0
2017-04-28 00:00:00+08:00,0.2704681158065796,0.2704681158065796,0.2704681158065796,0.2704681158065796,153000,0.0,0.0
2017-05-02 00:00:00+08:00,0.2704681158065796,0.2704681158065796,0.2704681158065796,0.2704681158065796,68000,0.0,0.0
2017-05-03 00:00:00+08:00,0.2704681145139824,0.30626535415649414,0.2664906460767679,0.30626535415649414,24200,0.0,0.0
2017-05-04 00:00:00+08:00,0.30228787660598755,0.30228787660598755,0.30228787660598755,0.30228787660598755,3000,0.0,0.0
2017-05-05 00:00:00+08:00,0.2980303168296814,0.2980303168296814,0.2980303168296814,0.2980303168296814,2000,0.025,0.0
2017-05-08 00:00:00+08:00,0.2980303168296814,0.2980303168296814,0.2980303168296814,0.2980303168296814,0,0.0,0.0
2017-05-09 00:00:00+08:00,0.2980303168296814,0.2980303168296814,0.2980303168296814,0.2980303168296814,0,0.0,0.0
2017-05-11 00:00:00+08:00,0.2980303168296814,0.2980303168296814,0.2980303168296814,0.2980303168296814,0,0.0,0.0
2017-05-12 00:00:00+08:00,0.2980303168296814,0.2980303168296814,0.2980303168296814,0.2980303168296814,0,0.0,0.0
2017-05-15 00:00:00+08:00,0.2980303168296814,0.2980303168296814,0.2980303168296814,0.2980303168296814,0,0.0,0.0
2017-05-16 00:00:00+08:00,0.2980303168296814,0.2980303168296814,0.2980303168296814,0.2980303168296814,0,0.0,0.0
2017-05-17 00:00:00+08:00,0.2980303168296814,0.2980303168296814,0.2980303168296814,0.2980303168296814,0,0.0,0.0
2017-05-18 00:00:00+08:00,0.2980303168296814,0.2980303168296814,0.2980303168296814,0.2980303168296814,0,0.0,0.0
2017-05-19 00:00:00+08:00,0.2980303168296814,0.2980303168296814,0.2980303168296814,0.2980303168296814,0,0.0,0.0
2017-05-22 00:00:00+08:00,0.281000018119812,0.281000018119812,0.281000018119812,0.281000018119812,6900,0.0,0.0
2017-05-23 00:00:00+08:00,0.281000018119812,0.281000018119812,0.281000018119812,0.281000018119812,0,0.0,0.0
2017-05-24 00:00:00+08:00,0.22565150988422997,0.22990910708904266,0.22565150988422997,0.22990910708904266,40000,0.0,0.0
2017-05-25 00:00:00+08:00,0.22990910708904266,0.22990910708904266,0.22990910708904266,0.22990910708904266,0,0.0,0.0
2017-05-26 00:00:00+08:00,0.22990910708904266,0.22990910708904266,0.22990910708904266,0.22990910708904266,0,0.0,0.0
2017-05-29 00:00:00+08:00,0.22990910988701294,0.23416668176651,0.22990910988701294,0.23416668176651,7500,0.0,0.0
2017-05-30 00:00:00+08:00,0.23416668176651,0.23416668176651,0.23416668176651,0.23416668176651,0,0.0,0.0
2017-05-31 00:00:00+08:00,0.21287879347801208,0.21287879347801208,0.21287879347801208,0.21287879347801208,28300,0.0,0.0
2017-06-01 00:00:00+08:00,0.21287879347801208,0.21287879347801208,0.21287879347801208,0.21287879347801208,0,0.0,0.0
2017-06-02 00:00:00+08:00,0.21287879347801208,0.21287879347801208,0.21287879347801208,0.21287879347801208,0,0.0,0.0
2017-06-05 00:00:00+08:00,0.21287879347801208,0.21287879347801208,0.21287879347801208,0.21287879347801208,600,0.0,0.0
2017-06-06 00:00:00+08:00,0.21287879347801208,0.21287879347801208,0.21287879347801208,0.21287879347801208,0,0.0,0.0
2017-06-07 00:00:00+08:00,0.21287879347801208,0.21287879347801208,0.21287879347801208,0.21287879347801208,0,0.0,0.0
2017-06-08 00:00:00+08:00,0.21713636815547943,0.21713636815547943,0.21713636815547943,0.21713636815547943,30000,0.0,0.0
2017-06-09 00:00:00+08:00,0.21713636815547943,0.21713636815547943,0.21713636815547943,0.21713636815547943,0,0.0,0.0
2017-06-12 00:00:00+08:00,0.20010606800507605,0.21713636815547943,0.20010606800507605,0.21713636815547943,10000,0.0,0.0
2017-06-13 00:00:00+08:00,0.23842425644397736,0.23842425644397736,0.23842425644397736,0.23842425644397736,30000,0.0,0.0
2017-06-14 00:00:00+08:00,0.23842425644397736,0.23842425644397736,0.23842425644397736,0.23842425644397736,0,0.0,0.0
2017-06-15 00:00:00+08:00,0.23842425644397736,0.23842425644397736,0.23842425644397736,0.23842425644397736,0,0.0,0.0
2017-06-16 00:00:00+08:00,0.23842425644397736,0.23842425644397736,0.23842425644397736,0.23842425644397736,0,0.0,0.0
2017-06-19 00:00:00+08:00,0.2980303168296814,0.2980303168296814,0.2980303168296814,0.2980303168296814,34000,0.0,0.0
2017-06-20 00:00:00+08:00,0.2980303168296814,0.2980303168296814,0.2980303168296814,0.2980303168296814,0,0.0,0.0
2017-06-21 00:00:00+08:00,0.2980303168296814,0.2980303168296814,0.2980303168296814,0.2980303168296814,0,0.0,0.0
2017-06-22 00:00:00+08:00,0.2980303168296814,0.2980303168296814,0.2980303168296814,0.2980303168296814,0,0.0,0.0
2017-06-23 00:00:00+08:00,0.2980303168296814,0.2980303168296814,0.2980303168296814,0.2980303168296814,0,0.0,0.0
2017-06-27 00:00:00+08:00,0.2980303168296814,0.2980303168296814,0.2980303168296814,0.2980303168296814,0,0.0,0.0
2017-06-28 00:00:00+08:00,0.2980303168296814,0.2980303168296814,0.2980303168296814,0.2980303168296814,0,0.0,0.0
2017-06-29 00:00:00+08:00,0.2980303168296814,0.2980303168296814,0.2980303168296814,0.2980303168296814,0,0.0,0.0
2017-06-30 00:00:00+08:00,0.22990910708904266,0.22990910708904266,0.22990910708904266,0.22990910708904266,3300,0.0,0.0
2017-07-03 00:00:00+08:00,0.2895151674747467,0.2895151674747467,0.2895151674747467,0.2895151674747467,2400,0.0,0.0
2017-07-04 00:00:00+08:00,0.2895151674747467,0.2895151674747467,0.2895151674747467,0.2895151674747467,0,0.0,0.0
2017-07-05 00:00:00+08:00,0.2895151674747467,0.2895151674747467,0.2895151674747467,0.2895151674747467,0,0.0,0.0
2017-07-06 00:00:00+08:00,0.2895151674747467,0.2895151674747467,0.2895151674747467,0.2895151674747467,0,0.0,0.0
2017-07-07 00:00:00+08:00,0.2895151674747467,0.2895151674747467,0.2895151674747467,0.2895151674747467,0,0.0,0.0
2017-07-10 00:00:00+08:00,0.2895151674747467,0.2895151674747467,0.2895151674747467,0.2895151674747467,0,0.0,0.0
2017-07-11 00:00:00+08:00,0.2895151674747467,0.2895151674747467,0.2895151674747467,0.2895151674747467,0,0.0,0.0
2017-07-12 00:00:00+08:00,0.2895151674747467,0.2895151674747467,0.2895151674747467,0.2895151674747467,0,0.0,0.0
2017-07-13 00:00:00+08:00,0.2895151674747467,0.2895151674747467,0.2895151674747467,0.2895151674747467,0,0.0,0.0
2017-07-14 00:00:00+08:00,0.2895151674747467,0.2895151674747467,0.2895151674747467,0.2895151674747467,0,0.0,0.0
2017-07-17 00:00:00+08:00,0.2895151674747467,0.2895151674747467,0.2895151674747467,0.2895151674747467,0,0.0,0.0
2017-07-18 00:00:00+08:00,0.23416667891672552,0.23416667891672552,0.22990910708904266,0.22990910708904266,1600,0.0,0.0
2017-07-19 00:00:00+08:00,0.22990910708904266,0.22990910708904266,0.22990910708904266,0.22990910708904266,0,0.0,0.0
2017-07-20 00:00:00+08:00,0.25545457005500793,0.27674242974531654,0.25545457005500793,0.25545457005500793,116000,0.0,0.0
2017-07-21 00:00:00+08:00,0.25545457005500793,0.25545457005500793,0.25545457005500793,0.25545457005500793,0,0.0,0.0
2017-07-24 00:00:00+08:00,0.25545457005500793,0.25545457005500793,0.25545457005500793,0.25545457005500793,0,0.0,0.0
2017-07-25 00:00:00+08:00,0.25545457005500793,0.25545457005500793,0.25545457005500793,0.25545457005500793,0,0.0,0.0
2017-07-26 00:00:00+08:00,0.23416668176651,0.23416668176651,0.23416668176651,0.23416668176651,1600,0.0,0.0
2017-07-27 00:00:00+08:00,0.23416668498756887,0.25545457005500793,0.23416668498756887,0.25545457005500793,6700,0.0,0.0
2017-07-28 00:00:00+08:00,0.25545457005500793,0.25545457005500793,0.25545457005500793,0.25545457005500793,10000,0.0,0.0
2017-07-31 00:00:00+08:00,0.22990910708904266,0.22990910708904266,0.22990910708904266,0.22990910708904266,1300,0.0,0.0
2017-08-01 00:00:00+08:00,0.22990910708904266,0.22990910708904266,0.22990910708904266,0.22990910708904266,0,0.0,0.0
2017-08-02 00:00:00+08:00,0.22990910708904266,0.22990910708904266,0.22990910708904266,0.22990910708904266,0,0.0,0.0
2017-08-03 00:00:00+08:00,0.22990910708904266,0.22990910708904266,0.22990910708904266,0.22990910708904266,0,0.0,0.0
2017-08-04 00:00:00+08:00,0.22990910708904266,0.22990910708904266,0.22990910708904266,0.22990910708904266,0,0.0,0.0
2017-08-07 00:00:00+08:00,0.22990910708904266,0.22990910708904266,0.22990910708904266,0.22990910708904266,0,0.0,0.0
2017-08-08 00:00:00+08:00,0.23842423598185858,0.251196950674057,0.23842423598185858,0.251196950674057,34100,0.0,0.0
2017-08-10 00:00:00+08:00,0.23842425644397736,0.23842425644397736,0.23842425644397736,0.23842425644397736,76700,0.0,0.0
2017-08-11 00:00:00+08:00,0.22990910708904266,0.22990910708904266,0.22990910708904266,0.22990910708904266,20000,0.0,0.0
2017-08-14 00:00:00+08:00,0.23416668451451658,0.23842425644397736,0.23416668451451658,0.23842425644397736,104000,0.0,0.0
2017-08-15 00:00:00+08:00,0.23842425644397736,0.23842425644397736,0.23842425644397736,0.23842425644397736,0,0.0,0.0
2017-08-16 00:00:00+08:00,0.23842425644397736,0.23842425644397736,0.23842425644397736,0.23842425644397736,0,0.0,0.0
2017-08-17 00:00:00+08:00,0.23842425644397736,0.23842425644397736,0.23842425644397736,0.23842425644397736,0,0.0,0.0
2017-08-18 00:00:00+08:00,0.21287880433852593,0.2639697194099426,0.21287880433852593,0.2639697194099426,6400,0.0,0.0
2017-08-21 00:00:00+08:00,0.21287879347801208,0.21287879347801208,0.21287879347801208,0.21287879347801208,360000,0.0,0.0
2017-08-22 00:00:00+08:00,0.2554545623244664,0.2554545623244664,0.21287879347801208,0.21287879347801208,10100,0.0,0.0
2017-08-23 00:00:00+08:00,0.20010607216902326,0.2043636441230774,0.19584850021496913,0.2043636441230774,35000,0.0,0.0
2017-08-24 00:00:00+08:00,0.18733334033778198,0.23842425364600706,0.17030304013122863,0.23416668176651,107000,0.0,0.0
2017-08-25 00:00:00+08:00,0.19159091024393277,0.1958484947681427,0.19159091024393277,0.1958484947681427,201000,0.0,0.0
2017-08-28 00:00:00+08:00,0.1958484947681427,0.1958484947681427,0.1958484947681427,0.1958484947681427,0,0.0,0.0
2017-08-29 00:00:00+08:00,0.19159090518951416,0.19159090518951416,0.19159090518951416,0.19159090518951416,59200,0.0,0.0
2017-08-30 00:00:00+08:00,0.19159090518951416,0.19159090518951416,0.19159090518951416,0.19159090518951416,0,0.0,0.0
2017-08-31 00:00:00+08:00,0.19159090518951416,0.19159090518951416,0.19159090518951416,0.19159090518951416,60000,0.0,0.0
2017-09-04 00:00:00+08:00,0.19159090518951416,0.19159090518951416,0.19159090518951416,0.19159090518951416,0,0.0,0.0
2017-09-05 00:00:00+08:00,0.170303034735052,0.17456060647964478,0.170303034735052,0.17456060647964478,19900,0.0,0.0
2017-09-06 00:00:00+08:00,0.20010606944561005,0.20010606944561005,0.20010606944561005,0.20010606944561005,600,0.0,0.0
2017-09-07 00:00:00+08:00,0.20010606944561005,0.20010606944561005,0.20010606944561005,0.20010606944561005,0,0.0,0.0
2017-09-08 00:00:00+08:00,0.20010606944561005,0.20010606944561005,0.20010606944561005,0.20010606944561005,0,0.0,0.0
2017-09-11 00:00:00+08:00,0.20010606944561005,0.20010606944561005,0.20010606944561005,0.20010606944561005,0,0.0,0.0
2017-09-12 00:00:00+08:00,0.20010606944561005,0.20010606944561005,0.20010606944561005,0.20010606944561005,0,0.0,0.0
2017-09-13 00:00:00+08:00,0.20010606944561005,0.20010606944561005,0.20010606944561005,0.20010606944561005,0,0.0,0.0
2017-09-14 00:00:00+08:00,0.20010606944561005,0.20010606944561005,0.20010606944561005,0.20010606944561005,0,0.0,0.0
2017-09-15 00:00:00+08:00,0.20010606944561005,0.20010606944561005,0.20010606944561005,0.20010606944561005,0,0.0,0.0
2017-09-18 00:00:00+08:00,0.20010606944561005,0.20010606944561005,0.20010606944561005,0.20010606944561005,0,0.0,0.0
2017-09-19 00:00:00+08:00,0.20010606944561005,0.20010606944561005,0.20010606944561005,0.20010606944561005,0,0.0,0.0
2017-09-20 00:00:00+08:00,0.1745606126918245,0.20010606944561005,0.1745606126918245,0.20010606944561005,6800,0.0,0.0
2017-09-21 00:00:00+08:00,0.20010606944561005,0.20010606944561005,0.20010606944561005,0.20010606944561005,0,0.0,0.0
2017-09-22 00:00:00+08:00,0.20010606944561005,0.20010606944561005,0.20010606944561005,0.20010606944561005,0,0.0,0.0
2017-09-25 00:00:00+08:00,0.20010606944561005,0.20010606944561005,0.20010606944561005,0.20010606944561005,0,0.0,0.0
2017-09-26 00:00:00+08:00,0.20010606944561005,0.20010606944561005,0.20010606944561005,0.20010606944561005,0,0.0,0.0
2017-09-27 00:00:00+08:00,0.20010606944561005,0.20010606944561005,0.20010606944561005,0.20010606944561005,0,0.0,0.0
2017-09-28 00:00:00+08:00,0.20010606944561005,0.20010606944561005,0.20010606944561005,0.20010606944561005,0,0.0,0.0
2017-09-29 00:00:00+08:00,0.20010606944561005,0.20010606944561005,0.20010606944561005,0.20010606944561005,0,0.0,0.0
2017-10-02 00:00:00+08:00,0.20010606944561005,0.20010606944561005,0.20010606944561005,0.20010606944561005,0,0.0,0.0
2017-10-03 00:00:00+08:00,0.2001060623243308,0.2001060623243308,0.17456060647964478,0.17456060647964478,10100,0.0,0.0
2017-10-04 00:00:00+08:00,0.17456060647964478,0.2001060623243308,0.17456060647964478,0.17456060647964478,20000,0.0,0.0
2017-10-05 00:00:00+08:00,0.1745606067293797,0.20862121880054474,0.1745606067293797,0.20862121880054474,33500,0.0,0.0
2017-10-06 00:00:00+08:00,0.20862121880054474,0.20862121880054474,0.20862121880054474,0.20862121880054474,0,0.0,0.0
2017-10-09 00:00:00+08:00,0.20862121880054474,0.20862121880054474,0.20862121880054474,0.20862121880054474,0,0.0,0.0
2017-10-10 00:00:00+08:00,0.20862121880054474,0.20862121880054474,0.20862121880054474,0.20862121880054474,0,0.0,0.0
2017-10-11 00:00:00+08:00,0.20862121880054474,0.20862121880054474,0.20862121880054474,0.20862121880054474,0,0.0,0.0
2017-10-12 00:00:00+08:00,0.20862121880054474,0.20862121880054474,0.20862121880054474,0.20862121880054474,0,0.0,0.0
2017-10-13 00:00:00+08:00,0.20862121880054474,0.20862121880054474,0.20862121880054474,0.20862121880054474,0,0.0,0.0
2017-10-16 00:00:00+08:00,0.20862121880054474,0.20862121880054474,0.20862121880054474,0.20862121880054474,0,0.0,0.0
2017-10-17 00:00:00+08:00,0.20862121880054474,0.20862121880054474,0.20862121880054474,0.20862121880054474,0,0.0,0.0
2017-10-19 00:00:00+08:00,0.18307576543634596,0.21287879347801208,0.18307576543634596,0.21287879347801208,30900,0.0,0.0
2017-10-20 00:00:00+08:00,0.21287879347801208,0.21287879347801208,0.21287879347801208,0.21287879347801208,0,0.0,0.0
2017-10-23 00:00:00+08:00,0.21287879347801208,0.21287879347801208,0.21287879347801208,0.21287879347801208,0,0.0,0.0
2017-10-24 00:00:00+08:00,0.21287879347801208,0.21287879347801208,0.21287879347801208,0.21287879347801208,0,0.0,0.0
2017-10-25 00:00:00+08:00,0.21287879347801208,0.21287879347801208,0.21287879347801208,0.21287879347801208,0,0.0,0.0
2017-10-26 00:00:00+08:00,0.1873333334661895,0.19159090518951416,0.1873333334661895,0.19159090518951416,37600,0.0,0.0
2017-10-27 00:00:00+08:00,0.19159090518951416,0.19159090518951416,0.19159090518951416,0.19159090518951416,0,0.0,0.0
2017-10-30 00:00:00+08:00,0.19159090518951416,0.19159090518951416,0.19159090518951416,0.19159090518951416,0,0.0,0.0
2017-10-31 00:00:00+08:00,0.20436363805725077,0.22990910708904266,0.20436363805725077,0.22990910708904266,105000,0.0,0.0
2017-11-01 00:00:00+08:00,0.2043636441230774,0.2043636441230774,0.2043636441230774,0.2043636441230774,8000,0.0,0.0
2017-11-02 00:00:00+08:00,0.2043636441230774,0.2043636441230774,0.2043636441230774,0.2043636441230774,0,0.0,0.0
2017-11-03 00:00:00+08:00,0.2043636441230774,0.2043636441230774,0.2043636441230774,0.2043636441230774,0,0.0,0.0
2017-11-06 00:00:00+08:00,0.2043636441230774,0.2043636441230774,0.2043636441230774,0.2043636441230774,0,0.0,0.0
2017-11-07 00:00:00+08:00,0.2043636441230774,0.2043636441230774,0.2043636441230774,0.2043636441230774,63200,0.0,0.0
2017-11-08 00:00:00+08:00,0.2043636441230774,0.2043636441230774,0.2043636441230774,0.2043636441230774,3200,0.0,0.0
2017-11-09 00:00:00+08:00,0.2043636441230774,0.2043636441230774,0.2043636441230774,0.2043636441230774,0,0.0,0.0
2017-11-10 00:00:00+08:00,0.2043636441230774,0.2043636441230774,0.2043636441230774,0.2043636441230774,0,0.0,0.0
2017-11-13 00:00:00+08:00,0.24268182837343813,0.24268182837343813,0.23842425644397736,0.23842425644397736,20400,0.0,0.0
2017-11-14 00:00:00+08:00,0.23842425644397736,0.23842425644397736,0.23842425644397736,0.23842425644397736,25000,0.0,0.0
2017-11-15 00:00:00+08:00,0.23842425074440837,0.23842425074440837,0.22990910708904266,0.22990910708904266,5021000,0.0,0.0
2017-11-16 00:00:00+08:00,0.22990910708904266,0.22990910708904266,0.22990910708904266,0.22990910708904266,0,0.0,0.0
2017-11-17 00:00:00+08:00,0.22990910708904266,0.22990910708904266,0.22990910708904266,0.22990910708904266,3300,0.0,0.0
2017-11-20 00:00:00+08:00,0.22990910708904266,0.22990910708904266,0.22990910708904266,0.22990910708904266,20000,0.0,0.0
2017-11-21 00:00:00+08:00,0.22990910708904266,0.22990910708904266,0.22990910708904266,0.22990910708904266,0,0.0,0.0
2017-11-22 00:00:00+08:00,0.22990910708904266,0.23416667891672552,0.22565150988422997,0.22990910708904266,160000,0.0,0.0
2017-11-23 00:00:00+08:00,0.22990910708904266,0.22990910708904266,0.22990910708904266,0.22990910708904266,0,0.0,0.0
2017-11-24 00:00:00+08:00,0.23842424450403576,0.24693938793653125,0.23842424450403576,0.2426818162202835,11200,0.0,0.0
2017-11-27 00:00:00+08:00,0.2426818162202835,0.2426818162202835,0.2426818162202835,0.2426818162202835,0,0.0,0.0
2017-11-28 00:00:00+08:00,0.2426818162202835,0.2426818162202835,0.2426818162202835,0.2426818162202835,0,0.0,0.0
2017-11-29 00:00:00+08:00,0.2213939433490038,0.23842425644397736,0.2213939433490038,0.23842425644397736,10000,0.0,0.0
2017-11-30 00:00:00+08:00,0.23842425644397736,0.23842425644397736,0.23842425644397736,0.23842425644397736,0,0.0,0.0
2017-12-01 00:00:00+08:00,0.23842425644397736,0.23842425644397736,0.23842425644397736,0.23842425644397736,0,0.0,0.0
2017-12-04 00:00:00+08:00,0.23842425644397736,0.23842425644397736,0.23842425644397736,0.23842425644397736,0,0.0,0.0
2017-12-05 00:00:00+08:00,0.22139394283294678,0.22139394283294678,0.22139394283294678,0.22139394283294678,10000,0.0,0.0
2017-12-06 00:00:00+08:00,0.22139394283294678,0.22139394283294678,0.22139394283294678,0.22139394283294678,0,0.0,0.0
2017-12-07 00:00:00+08:00,0.22139394283294678,0.22139394283294678,0.22139394283294678,0.22139394283294678,0,0.0,0.0
2017-12-08 00:00:00+08:00,0.22139394283294678,0.22139394283294678,0.21713637091341015,0.22139394283294678,97700,0.0,0.0
2017-12-11 00:00:00+08:00,0.22139394283294678,0.22139394283294678,0.22139394283294678,0.22139394283294678,10000,0.0,0.0
2017-12-12 00:00:00+08:00,0.22990910708904266,0.22990910708904266,0.22990910708904266,0.22990910708904266,20000,0.0,0.0
2017-12-13 00:00:00+08:00,0.22990910708904266,0.22990910708904266,0.22990910708904266,0.22990910708904266,0,0.0,0.0
2017-12-14 00:00:00+08:00,0.22990910708904266,0.22990910708904266,0.22990910708904266,0.22990910708904266,0,0.0,0.0
2017-12-15 00:00:00+08:00,0.22990910708904266,0.22990910708904266,0.22990910708904266,0.22990910708904266,0,0.0,0.0
2017-12-18 00:00:00+08:00,0.22990910708904266,0.22990910708904266,0.22990910708904266,0.22990910708904266,0,0.0,0.0
2017-12-19 00:00:00+08:00,0.22990910708904266,0.22990910708904266,0.22990910708904266,0.22990910708904266,0,0.0,0.0
2017-12-20 00:00:00+08:00,0.23842425644397736,0.23842425644397736,0.23842425644397736,0.23842425644397736,10000,0.0,0.0
2017-12-21 00:00:00+08:00,0.23842425644397736,0.23842425644397736,0.23842425644397736,0.23842425644397736,0,0.0,0.0
2017-12-22 00:00:00+08:00,0.23842425644397736,0.23842425644397736,0.23842425644397736,0.23842425644397736,4000,0.0,0.0
2017-12-26 00:00:00+08:00,0.23842425644397736,0.23842425644397736,0.23842425644397736,0.23842425644397736,0,0.0,0.0
2017-12-27 00:00:00+08:00,0.23842425644397736,0.23842425644397736,0.23842425644397736,0.23842425644397736,0,0.0,0.0
2017-12-28 00:00:00+08:00,0.23842425644397736,0.23842425644397736,0.23842425644397736,0.23842425644397736,0,0.0,0.0
2017-12-29 00:00:00+08:00,0.22990910988701294,0.23416668176651,0.22990910988701294,0.23416668176651,7600,0.0,0.0
2018-01-02 00:00:00+08:00,0.24268183390066383,0.27248486346280176,0.24268183390066383,0.2639697194099426,296900,0.0,0.0
2018-01-03 00:00:00+08:00,0.2639697194099426,0.2639697194099426,0.2639697194099426,0.2639697194099426,491800,0.0,0.0
2018-01-04 00:00:00+08:00,0.2639696956753278,0.2810000076269108,0.2639696956753278,0.27248483896255493,646600,0.0,0.0
2018-01-05 00:00:00+08:00,0.27248485662164684,0.28100002583785044,0.27248485662164684,0.27674242854118347,424000,0.0,0.0
2018-01-08 00:00:00+08:00,0.27248485662164684,0.28100002583785044,0.27248485662164684,0.27674242854118347,925000,0.0,0.0
2018-01-09 00:00:00+08:00,0.27674241502739433,0.29377272725105286,0.27674241502739433,0.29377272725105286,692800,0.0,0.0
2018-01-10 00:00:00+08:00,0.2895151674747467,0.2895151674747467,0.285257595587595,0.2895151674747467,67000,0.0,0.0
2018-01-11 00:00:00+08:00,0.2895151617250055,0.2895151617250055,0.281000018119812,0.281000018119812,418700,0.0,0.0
2018-01-12 00:00:00+08:00,0.2800000011920929,0.28999999165534973,0.2800000011920929,0.28999999165534973,60000,0.049,0.0
2018-01-15 00:00:00+08:00,0.28999999165534973,0.28999999165534973,0.26499998569488525,0.2800000011920929,110300,0.0,0.0
2018-01-16 00:00:00+08:00,0.2849999964237213,0.28999999165534973,0.2800000011920929,0.2849999964237213,91000,0.0,0.0
2018-01-17 00:00:00+08:00,0.2849999964237213,0.2849999964237213,0.2849999964237213,0.2849999964237213,0,0.0,0.0
2018-01-18 00:00:00+08:00,0.2849999964237213,0.2849999964237213,0.2849999964237213,0.2849999964237213,0,0.0,0.0
2018-01-19 00:00:00+08:00,0.2849999964237213,0.2849999964237213,0.2750000059604645,0.2750000059604645,53000,0.0,0.0
2018-01-22 00:00:00+08:00,0.2750000059604645,0.2750000059604645,0.2750000059604645,0.2750000059604645,0,0.0,0.0
2018-01-23 00:00:00+08:00,0.2750000059604645,0.2750000059604645,0.2750000059604645,0.2750000059604645,0,0.0,0.0
2018-01-24 00:00:00+08:00,0.27000001072883606,0.27000001072883606,0.27000001072883606,0.27000001072883606,34000,0.0,0.0
2018-01-25 00:00:00+08:00,0.2750000059604645,0.28999999165534973,0.2750000059604645,0.28999999165534973,30100,0.0,0.0
2018-01-26 00:00:00+08:00,0.2750000059604645,0.3100000023841858,0.2750000059604645,0.3100000023841858,11700,0.0,0.0
2018-01-29 00:00:00+08:00,0.2750000059604645,0.2750000059604645,0.2750000059604645,0.2750000059604645,56000,0.0,0.0
2018-01-30 00:00:00+08:00,0.2750000059604645,0.2750000059604645,0.2750000059604645,0.2750000059604645,7000,0.0,0.0
2018-01-31 00:00:00+08:00,0.2750000059604645,0.2750000059604645,0.2750000059604645,0.2750000059604645,0,0.0,0.0
2018-02-01 00:00:00+08:00,0.2750000059604645,0.2750000059604645,0.2750000059604645,0.2750000059604645,0,0.0,0.0
2018-02-02 00:00:00+08:00,0.27000001072883606,0.27000001072883606,0.27000001072883606,0.27000001072883606,10000,0.0,0.0
2018-02-05 00:00:00+08:00,0.26499998569488525,0.26499998569488525,0.26499998569488525,0.26499998569488525,6600,0.0,0.0
2018-02-06 00:00:00+08:00,0.26499998569488525,0.26499998569488525,0.26499998569488525,0.26499998569488525,0,0.0,0.0
2018-02-07 00:00:00+08:00,0.25999999046325684,0.25999999046325684,0.25999999046325684,0.25999999046325684,20000,0.0,0.0
2018-02-08 00:00:00+08:00,0.25999999046325684,0.25999999046325684,0.25999999046325684,0.25999999046325684,26000,0.0,0.0
2018-02-09 00:00:00+08:00,0.25999999046325684,0.25999999046325684,0.25999999046325684,0.25999999046325684,0,0.0,0.0
2018-02-12 00:00:00+08:00,0.25999999046325684,0.25999999046325684,0.25999999046325684,0.25999999046325684,0,0.0,0.0
2018-02-13 00:00:00+08:00,0.25999999046325684,0.25999999046325684,0.25999999046325684,0.25999999046325684,0,0.0,0.0
2018-02-14 00:00:00+08:00,0.25999999046325684,0.25999999046325684,0.25999999046325684,0.25999999046325684,0,0.0,0.0
2018-02-15 00:00:00+08:00,0.25,0.25,0.25,0.25,10000,0.0,0.0
2018-02-19 00:00:00+08:00,0.25999999046325684,0.25999999046325684,0.25999999046325684,0.25999999046325684,10000,0.0,0.0
2018-02-20 00:00:00+08:00,0.25999999046325684,0.25999999046325684,0.25999999046325684,0.25999999046325684,0,0.0,0.0
2018-02-21 00:00:00+08:00,0.25999999046325684,0.25999999046325684,0.25999999046325684,0.25999999046325684,0,0.0,0.0
2018-02-22 00:00:00+08:00,0.25999999046325684,0.25999999046325684,0.25999999046325684,0.25999999046325684,0,0.0,0.0
2018-02-23 00:00:00+08:00,0.25999999046325684,0.25999999046325684,0.25999999046325684,0.25999999046325684,0,0.0,0.0
2018-02-26 00:00:00+08:00,0.2800000011920929,0.2800000011920929,0.2549999952316284,0.2549999952316284,12000,0.0,0.0
2018-02-27 00:00:00+08:00,0.2549999952316284,0.2549999952316284,0.2549999952316284,0.2549999952316284,0,0.0,0.0
2018-02-28 00:00:00+08:00,0.2549999952316284,0.2549999952316284,0.2549999952316284,0.2549999952316284,0,0.0,0.0
2018-03-01 00:00:00+08:00,0.2549999952316284,0.2549999952316284,0.2549999952316284,0.2549999952316284,0,0.0,0.0
2018-03-02 00:00:00+08:00,0.2549999952316284,0.2549999952316284,0.2549999952316284,0.2549999952316284,0,0.0,0.0
2018-03-05 00:00:00+08:00,0.2549999952316284,0.2549999952316284,0.2549999952316284,0.2549999952316284,0,0.0,0.0
2018-03-06 00:00:00+08:00,0.2549999952316284,0.2549999952316284,0.2549999952316284,0.2549999952316284,0,0.0,0.0
2018-03-07 00:00:00+08:00,0.2549999952316284,0.2549999952316284,0.2549999952316284,0.2549999952316284,0,0.0,0.0
2018-03-08 00:00:00+08:00,0.2549999952316284,0.2549999952316284,0.2549999952316284,0.2549999952316284,0,0.0,0.0
2018-03-09 00:00:00+08:00,0.2549999952316284,0.2549999952316284,0.2549999952316284,0.2549999952316284,0,0.0,0.0
2018-03-12 00:00:00+08:00,0.2549999952316284,0.2549999952316284,0.2549999952316284,0.2549999952316284,0,0.0,0.0
2018-03-13 00:00:00+08:00,0.2549999952316284,0.2549999952316284,0.2549999952316284,0.2549999952316284,0,0.0,0.0
2018-03-14 00:00:00+08:00,0.2549999952316284,0.2549999952316284,0.2549999952316284,0.2549999952316284,0,0.0,0.0
2018-03-15 00:00:00+08:00,0.2549999952316284,0.2549999952316284,0.2549999952316284,0.2549999952316284,0,0.0,0.0
2018-03-16 00:00:00+08:00,0.2549999952316284,0.2549999952316284,0.2549999952316284,0.2549999952316284,0,0.0,0.0
2018-03-19 00:00:00+08:00,0.2549999952316284,0.2549999952316284,0.2549999952316284,0.2549999952316284,0,0.0,0.0
2018-03-20 00:00:00+08:00,0.2549999952316284,0.2549999952316284,0.2549999952316284,0.2549999952316284,0,0.0,0.0
2018-03-21 00:00:00+08:00,0.2549999952316284,0.2549999952316284,0.2549999952316284,0.2549999952316284,0,0.0,0.0
2018-03-22 00:00:00+08:00,0.23499999940395355,0.2549999952316284,0.23000000417232513,0.23000000417232513,16800,0.0,0.0
2018-03-23 00:00:00+08:00,0.19300000369548798,0.25,0.19099999964237213,0.25,26000,0.0,0.0
2018-03-26 00:00:00+08:00,0.25,0.25,0.25,0.25,0,0.0,0.0
2018-03-27 00:00:00+08:00,0.25,0.25,0.25,0.25,0,0.0,0.0
2018-03-28 00:00:00+08:00,0.25,0.25,0.25,0.25,0,0.0,0.0
2018-03-29 00:00:00+08:00,0.25,0.25,0.25,0.25,0,0.0,0.0
2018-04-02 00:00:00+08:00,0.25,0.25,0.25,0.25,0,0.0,0.0
2018-04-03 00:00:00+08:00,0.20499999821186066,0.20499999821186066,0.20000000298023224,0.20000000298023224,3300,0.0,0.0
2018-04-04 00:00:00+08:00,0.20000000298023224,0.20000000298023224,0.20000000298023224,0.20000000298023224,0,0.0,0.0
2018-04-05 00:00:00+08:00,0.20000000298023224,0.20000000298023224,0.20000000298023224,0.20000000298023224,0,0.0,0.0
2018-04-06 00:00:00+08:00,0.20000000298023224,0.20000000298023224,0.20000000298023224,0.20000000298023224,0,0.0,0.0
2018-04-09 00:00:00+08:00,0.20000000298023224,0.20000000298023224,0.20000000298023224,0.20000000298023224,0,0.0,0.0
2018-04-10 00:00:00+08:00,0.20000000298023224,0.25,0.20000000298023224,0.25,33200,0.0,0.0
2018-04-11 00:00:00+08:00,0.25,0.25,0.25,0.25,0,0.0,0.0
2018-04-12 00:00:00+08:00,0.25,0.25,0.20999999344348907,0.20999999344348907,2100,0.0,0.0
2018-04-13 00:00:00+08:00,0.23999999463558197,0.23999999463558197,0.2199999988079071,0.22499999403953552,51600,0.0,0.0
2018-04-16 00:00:00+08:00,0.22499999403953552,0.22499999403953552,0.22499999403953552,0.22499999403953552,0,0.0,0.0
2018-04-17 00:00:00+08:00,0.22499999403953552,0.22499999403953552,0.22499999403953552,0.22499999403953552,4000,0.0,0.0
2018-04-18 00:00:00+08:00,0.22499999403953552,0.22499999403953552,0.22499999403953552,0.22499999403953552,0,0.0,0.0
2018-04-19 00:00:00+08:00,0.22499999403953552,0.22499999403953552,0.22499999403953552,0.22499999403953552,0,0.0,0.0
2018-04-20 00:00:00+08:00,0.20999999344348907,0.20999999344348907,0.20999999344348907,0.20999999344348907,10000,0.0,0.0
2018-04-23 00:00:00+08:00,0.20999999344348907,0.2199999988079071,0.20999999344348907,0.2199999988079071,28700,0.0,0.0
2018-04-24 00:00:00+08:00,0.20999999344348907,0.24500000476837158,0.20499999821186066,0.23999999463558197,139400,0.0,0.0
2018-04-25 00:00:00+08:00,0.20999999344348907,0.23999999463558197,0.20999999344348907,0.2199999988079071,23600,0.0,0.0
2018-04-26 00:00:00+08:00,0.2199999988079071,0.2199999988079071,0.2199999988079071,0.2199999988079071,0,0.0,0.0
2018-04-27 00:00:00+08:00,0.27000001072883606,0.27000001072883606,0.27000001072883606,0.27000001072883606,100,0.0,0.0
2018-04-30 00:00:00+08:00,0.27000001072883606,0.27000001072883606,0.27000001072883606,0.27000001072883606,0,0.0,0.0
2018-05-02 00:00:00+08:00,0.27000001072883606,0.27000001072883606,0.27000001072883606,0.27000001072883606,0,0.0,0.0
2018-05-03 00:00:00+08:00,0.23499999940395355,0.23499999940395355,0.23499999940395355,0.23499999940395355,22100,0.0,0.0
2018-05-04 00:00:00+08:00,0.23999999463558197,0.27000001072883606,0.20999999344348907,0.27000001072883606,50700,0.0,0.0
2018-05-07 00:00:00+08:00,0.23999999463558197,0.23999999463558197,0.2199999988079071,0.2199999988079071,50000,0.0,0.0
2018-05-08 00:00:00+08:00,0.2199999988079071,0.2199999988079071,0.2199999988079071,0.2199999988079071,0,0.0,0.0
2018-05-09 00:00:00+08:00,0.2199999988079071,0.2199999988079071,0.2199999988079071,0.2199999988079071,0,0.0,0.0
2018-05-10 00:00:00+08:00,0.2199999988079071,0.2199999988079071,0.2199999988079071,0.2199999988079071,0,0.0,0.0
2018-05-11 00:00:00+08:00,0.2199999988079071,0.2199999988079071,0.2199999988079071,0.2199999988079071,0,0.0,0.0
2018-05-14 00:00:00+08:00,0.2199999988079071,0.2199999988079071,0.2199999988079071,0.2199999988079071,0,0.0,0.0
2018-05-15 00:00:00+08:00,0.2199999988079071,0.2199999988079071,0.2199999988079071,0.2199999988079071,0,0.0,0.0
2018-05-16 00:00:00+08:00,0.2199999988079071,0.2199999988079071,0.2199999988079071,0.2199999988079071,0,0.0,0.0
2018-05-17 00:00:00+08:00,0.2199999988079071,0.2199999988079071,0.2199999988079071,0.2199999988079071,0,0.0,0.0
2018-05-18 00:00:00+08:00,0.2199999988079071,0.2199999988079071,0.2199999988079071,0.2199999988079071,46700,0.0,0.0
2018-05-21 00:00:00+08:00,0.2199999988079071,0.2199999988079071,0.2199999988079071,0.2199999988079071,0,0.0,0.0
2018-05-22 00:00:00+08:00,0.2199999988079071,0.2199999988079071,0.2199999988079071,0.2199999988079071,0,0.0,0.0
2018-05-23 00:00:00+08:00,0.2199999988079071,0.2199999988079071,0.2199999988079071,0.2199999988079071,0,0.0,0.0
2018-05-24 00:00:00+08:00,0.2199999988079071,0.2199999988079071,0.2199999988079071,0.2199999988079071,0,0.0,0.0
2018-05-25 00:00:00+08:00,0.2199999988079071,0.2199999988079071,0.2199999988079071,0.2199999988079071,0,0.0,0.0
2018-05-28 00:00:00+08:00,0.23999999463558197,0.23999999463558197,0.23999999463558197,0.23999999463558197,100,0.0,0.0
2018-05-30 00:00:00+08:00,0.23999999463558197,0.23999999463558197,0.23999999463558197,0.23999999463558197,0,0.0,0.0
2018-05-31 00:00:00+08:00,0.23999999463558197,0.23999999463558197,0.23999999463558197,0.23999999463558197,0,0.0,0.0
2018-06-01 00:00:00+08:00,0.23999999463558197,0.23999999463558197,0.23999999463558197,0.23999999463558197,0,0.0,0.0
2018-06-04 00:00:00+08:00,0.23999999463558197,0.23999999463558197,0.23999999463558197,0.23999999463558197,0,0.0,0.0
2018-06-05 00:00:00+08:00,0.23999999463558197,0.23999999463558197,0.23999999463558197,0.23999999463558197,0,0.0,0.0
2018-06-06 00:00:00+08:00,0.23999999463558197,0.23999999463558197,0.23999999463558197,0.23999999463558197,0,0.0,0.0
2018-06-07 00:00:00+08:00,0.23999999463558197,0.23999999463558197,0.23999999463558197,0.23999999463558197,0,0.0,0.0
2018-06-08 00:00:00+08:00,0.23999999463558197,0.23999999463558197,0.23999999463558197,0.23999999463558197,0,0.0,0.0
2018-06-11 00:00:00+08:00,0.23999999463558197,0.23999999463558197,0.23999999463558197,0.23999999463558197,0,0.0,0.0
2018-06-12 00:00:00+08:00,0.23999999463558197,0.23999999463558197,0.23999999463558197,0.23999999463558197,0,0.0,0.0
2018-06-13 00:00:00+08:00,0.22499999403953552,0.22499999403953552,0.22499999403953552,0.22499999403953552,2300,0.0,0.0
2018-06-14 00:00:00+08:00,0.22499999403953552,0.22499999403953552,0.22499999403953552,0.22499999403953552,0,0.0,0.0
2018-06-18 00:00:00+08:00,0.22499999403953552,0.22499999403953552,0.22499999403953552,0.22499999403953552,0,0.0,0.0
2018-06-19 00:00:00+08:00,0.22499999403953552,0.22499999403953552,0.22499999403953552,0.22499999403953552,0,0.0,0.0
2018-06-20 00:00:00+08:00,0.22499999403953552,0.22499999403953552,0.22499999403953552,0.22499999403953552,0,0.0,0.0
2018-06-21 00:00:00+08:00,0.22499999403953552,0.22499999403953552,0.22499999403953552,0.22499999403953552,0,0.0,0.0
2018-06-22 00:00:00+08:00,0.22499999403953552,0.22499999403953552,0.22499999403953552,0.22499999403953552,0,0.0,0.0
2018-06-25 00:00:00+08:00,0.22499999403953552,0.22499999403953552,0.22499999403953552,0.22499999403953552,0,0.0,0.0
2018-06-26 00:00:00+08:00,0.22499999403953552,0.22499999403953552,0.22499999403953552,0.22499999403953552,0,0.0,0.0
2018-06-27 00:00:00+08:00,0.22499999403953552,0.22499999403953552,0.22499999403953552,0.22499999403953552,0,0.0,0.0
2018-06-28 00:00:00+08:00,0.22499999403953552,0.22499999403953552,0.22499999403953552,0.22499999403953552,0,0.0,0.0
2018-06-29 00:00:00+08:00,0.22499999403953552,0.22499999403953552,0.22499999403953552,0.22499999403953552,0,0.0,0.0
2018-07-02 00:00:00+08:00,0.22499999403953552,0.22499999403953552,0.22499999403953552,0.22499999403953552,700,0.0,0.0
2018-07-03 00:00:00+08:00,0.22499999403953552,0.22499999403953552,0.22499999403953552,0.22499999403953552,0,0.0,0.0
2018-07-04 00:00:00+08:00,0.22499999403953552,0.22499999403953552,0.22499999403953552,0.22499999403953552,0,0.0,0.0
2018-07-05 00:00:00+08:00,0.20999999344348907,0.20999999344348907,0.20999999344348907,0.20999999344348907,2300,0.0,0.0
2018-07-06 00:00:00+08:00,0.20999999344348907,0.20999999344348907,0.20999999344348907,0.20999999344348907,0,0.0,0.0
2018-07-09 00:00:00+08:00,0.20999999344348907,0.20999999344348907,0.20999999344348907,0.20999999344348907,0,0.0,0.0
2018-07-10 00:00:00+08:00,0.20999999344348907,0.20999999344348907,0.20999999344348907,0.20999999344348907,0,0.0,0.0
2018-07-11 00:00:00+08:00,0.20999999344348907,0.2150000035762787,0.20999999344348907,0.2150000035762787,350500,0.0,0.0
2018-07-12 00:00:00+08:00,0.2150000035762787,0.2150000035762787,0.2150000035762787,0.2150000035762787,0,0.0,0.0
2018-07-13 00:00:00+08:00,0.2150000035762787,0.2199999988079071,0.2150000035762787,0.2199999988079071,103400,0.0,0.0
2018-07-16 00:00:00+08:00,0.2199999988079071,0.23000000417232513,0.2199999988079071,0.23000000417232513,110900,0.0,0.0
2018-07-17 00:00:00+08:00,0.23000000417232513,0.23000000417232513,0.20000000298023224,0.20499999821186066,300,0.0,0.0
2018-07-18 00:00:00+08:00,0.20499999821186066,0.20499999821186066,0.20499999821186066,0.20499999821186066,0,0.0,0.0
2018-07-19 00:00:00+08:00,0.20499999821186066,0.20499999821186066,0.20499999821186066,0.20499999821186066,0,0.0,0.0
2018-07-20 00:00:00+08:00,0.20499999821186066,0.20499999821186066,0.20499999821186066,0.20499999821186066,0,0.0,0.0
2018-07-23 00:00:00+08:00,0.20499999821186066,0.20499999821186066,0.20499999821186066,0.20499999821186066,1300,0.0,0.0
2018-07-24 00:00:00+08:00,0.20499999821186066,0.20499999821186066,0.20499999821186066,0.20499999821186066,0,0.0,0.0
2018-07-25 00:00:00+08:00,0.20499999821186066,0.20499999821186066,0.20499999821186066,0.20499999821186066,0,0.0,0.0
2018-07-26 00:00:00+08:00,0.20499999821186066,0.20499999821186066,0.20499999821186066,0.20499999821186066,0,0.0,0.0
2018-07-27 00:00:00+08:00,0.20499999821186066,0.20499999821186066,0.20499999821186066,0.20499999821186066,0,0.0,0.0
2018-07-30 00:00:00+08:00,0.20499999821186066,0.20499999821186066,0.20499999821186066,0.20499999821186066,0,0.0,0.0
2018-07-31 00:00:00+08:00,0.20499999821186066,0.20499999821186066,0.20499999821186066,0.20499999821186066,0,0.0,0.0
2018-08-01 00:00:00+08:00,0.20499999821186066,0.20499999821186066,0.20499999821186066,0.20499999821186066,0,0.0,0.0
2018-08-02 00:00:00+08:00,0.20499999821186066,0.20499999821186066,0.20499999821186066,0.20499999821186066,0,0.0,0.0
2018-08-03 00:00:00+08:00,0.20499999821186066,0.20499999821186066,0.20000000298023224,0.20000000298023224,37800,0.0,0.0
2018-08-06 00:00:00+08:00,0.20000000298023224,0.20000000298023224,0.20000000298023224,0.20000000298023224,0,0.0,0.0
2018-08-07 00:00:00+08:00,0.20000000298023224,0.20000000298023224,0.20000000298023224,0.20000000298023224,0,0.0,0.0
2018-08-08 00:00:00+08:00,0.20000000298023224,0.20000000298023224,0.20000000298023224,0.20000000298023224,0,0.0,0.0
2018-08-10 00:00:00+08:00,0.20000000298023224,0.20000000298023224,0.20000000298023224,0.20000000298023224,0,0.0,0.0
2018-08-13 00:00:00+08:00,0.20000000298023224,0.20000000298023224,0.20000000298023224,0.20000000298023224,0,0.0,0.0
2018-08-14 00:00:00+08:00,0.20000000298023224,0.20000000298023224,0.20000000298023224,0.20000000298023224,0,0.0,0.0
2018-08-15 00:00:00+08:00,0.20000000298023224,0.20000000298023224,0.20000000298023224,0.20000000298023224,0,0.0,0.0
2018-08-16 00:00:00+08:00,0.20000000298023224,0.20000000298023224,0.20000000298023224,0.20000000298023224,0,0.0,0.0
2018-08-17 00:00:00+08:00,0.20000000298023224,0.20000000298023224,0.20000000298023224,0.20000000298023224,0,0.0,0.0
2018-08-20 00:00:00+08:00,0.20000000298023224,0.20000000298023224,0.20000000298023224,0.20000000298023224,0,0.0,0.0
2018-08-21 00:00:00+08:00,0.23499999940395355,0.23499999940395355,0.23499999940395355,0.23499999940395355,100,0.0,0.0
2018-08-23 00:00:00+08:00,0.23499999940395355,0.23499999940395355,0.23499999940395355,0.23499999940395355,0,0.0,0.0
2018-08-24 00:00:00+08:00,0.23000000417232513,0.23000000417232513,0.23000000417232513,0.23000000417232513,8000,0.0,0.0
2018-08-27 00:00:00+08:00,0.23000000417232513,0.23000000417232513,0.23000000417232513,0.23000000417232513,0,0.0,0.0
2018-08-28 00:00:00+08:00,0.23000000417232513,0.23000000417232513,0.23000000417232513,0.23000000417232513,0,0.0,0.0
2018-08-29 00:00:00+08:00,0.23000000417232513,0.23000000417232513,0.23000000417232513,0.23000000417232513,0,0.0,0.0
2018-08-30 00:00:00+08:00,0.23000000417232513,0.23000000417232513,0.23000000417232513,0.23000000417232513,0,0.0,0.0
2018-08-31 00:00:00+08:00,0.23000000417232513,0.23000000417232513,0.23000000417232513,0.23000000417232513,0,0.0,0.0
2018-09-03 00:00:00+08:00,0.23000000417232513,0.23000000417232513,0.23000000417232513,0.23000000417232513,0,0.0,0.0
2018-09-04 00:00:00+08:00,0.23000000417232513,0.23000000417232513,0.23000000417232513,0.23000000417232513,0,0.0,0.0
2018-09-05 00:00:00+08:00,0.23000000417232513,0.23000000417232513,0.23000000417232513,0.23000000417232513,0,0.0,0.0
2018-09-06 00:00:00+08:00,0.23000000417232513,0.23000000417232513,0.23000000417232513,0.23000000417232513,0,0.0,0.0
2018-09-07 00:00:00+08:00,0.23000000417232513,0.23000000417232513,0.23000000417232513,0.23000000417232513,0,0.0,0.0
2018-09-10 00:00:00+08:00,0.23000000417232513,0.23000000417232513,0.23000000417232513,0.23000000417232513,0,0.0,0.0
2018-09-11 00:00:00+08:00,0.23000000417232513,0.23000000417232513,0.23000000417232513,0.23000000417232513,0,0.0,0.0
2018-09-12 00:00:00+08:00,0.23000000417232513,0.23000000417232513,0.23000000417232513,0.23000000417232513,0,0.0,0.0
2018-09-13 00:00:00+08:00,0.23000000417232513,0.23000000417232513,0.23000000417232513,0.23000000417232513,0,0.0,0.0
2018-09-14 00:00:00+08:00,0.20000000298023224,0.23000000417232513,0.20000000298023224,0.23000000417232513,8000,0.0,0.0
2018-09-17 00:00:00+08:00,0.23000000417232513,0.23000000417232513,0.23000000417232513,0.23000000417232513,0,0.0,0.0
2018-09-18 00:00:00+08:00,0.23000000417232513,0.23000000417232513,0.23000000417232513,0.23000000417232513,0,0.0,0.0
2018-09-19 00:00:00+08:00,0.23000000417232513,0.23000000417232513,0.23000000417232513,0.23000000417232513,0,0.0,0.0
2018-09-20 00:00:00+08:00,0.23000000417232513,0.23000000417232513,0.23000000417232513,0.23000000417232513,0,0.0,0.0
2018-09-21 00:00:00+08:00,0.23000000417232513,0.23000000417232513,0.23000000417232513,0.23000000417232513,0,0.0,0.0
2018-09-24 00:00:00+08:00,0.23000000417232513,0.23000000417232513,0.23000000417232513,0.23000000417232513,0,0.0,0.0
2018-09-25 00:00:00+08:00,0.23000000417232513,0.23000000417232513,0.23000000417232513,0.23000000417232513,0,0.0,0.0
2018-09-26 00:00:00+08:00,0.23000000417232513,0.23000000417232513,0.23000000417232513,0.23000000417232513,0,0.0,0.0
2018-09-27 00:00:00+08:00,0.23000000417232513,0.23000000417232513,0.23000000417232513,0.23000000417232513,25000,0.0,0.0
2018-09-28 00:00:00+08:00,0.23000000417232513,0.23000000417232513,0.23000000417232513,0.23000000417232513,0,0.0,0.0
2018-10-01 00:00:00+08:00,0.23000000417232513,0.23000000417232513,0.23000000417232513,0.23000000417232513,0,0.0,0.0
2018-10-02 00:00:00+08:00,0.20000000298023224,0.23000000417232513,0.20000000298023224,0.23000000417232513,25300,0.0,0.0
2018-10-03 00:00:00+08:00,0.2199999988079071,0.2199999988079071,0.2199999988079071,0.2199999988079071,24000,0.0,0.0
2018-10-04 00:00:00+08:00,0.2199999988079071,0.2199999988079071,0.2199999988079071,0.2199999988079071,0,0.0,0.0
2018-10-05 00:00:00+08:00,0.2199999988079071,0.2199999988079071,0.2199999988079071,0.2199999988079071,0,0.0,0.0
2018-10-08 00:00:00+08:00,0.2199999988079071,0.2199999988079071,0.2199999988079071,0.2199999988079071,0,0.0,0.0
2018-10-09 00:00:00+08:00,0.2199999988079071,0.2199999988079071,0.2199999988079071,0.2199999988079071,0,0.0,0.0
2018-10-10 00:00:00+08:00,0.2199999988079071,0.2199999988079071,0.2199999988079071,0.2199999988079071,0,0.0,0.0
2018-10-11 00:00:00+08:00,0.2199999988079071,0.2199999988079071,0.2199999988079071,0.2199999988079071,0,0.0,0.0
2018-10-12 00:00:00+08:00,0.2199999988079071,0.2199999988079071,0.2199999988079071,0.2199999988079071,0,0.0,0.0
2018-10-15 00:00:00+08:00,0.2199999988079071,0.2199999988079071,0.2199999988079071,0.2199999988079071,0,0.0,0.0
2018-10-16 00:00:00+08:00,0.2199999988079071,0.2199999988079071,0.2199999988079071,0.2199999988079071,0,0.0,0.0
2018-10-17 00:00:00+08:00,0.2199999988079071,0.2199999988079071,0.2199999988079071,0.2199999988079071,0,0.0,0.0
2018-10-18 00:00:00+08:00,0.2199999988079071,0.2199999988079071,0.2199999988079071,0.2199999988079071,0,0.0,0.0
2018-10-19 00:00:00+08:00,0.2199999988079071,0.2199999988079071,0.2199999988079071,0.2199999988079071,0,0.0,0.0
2018-10-22 00:00:00+08:00,0.2199999988079071,0.2199999988079071,0.2199999988079071,0.2199999988079071,0,0.0,0.0
2018-10-23 00:00:00+08:00,0.2199999988079071,0.2199999988079071,0.2199999988079071,0.2199999988079071,0,0.0,0.0
2018-10-24 00:00:00+08:00,0.2199999988079071,0.2199999988079071,0.2199999988079071,0.2199999988079071,0,0.0,0.0
2018-10-25 00:00:00+08:00,0.17499999701976776,0.22499999403953552,0.17499999701976776,0.1809999942779541,78100,0.0,0.0
2018-10-26 00:00:00+08:00,0.1809999942779541,0.1809999942779541,0.1809999942779541,0.1809999942779541,0,0.0,0.0
2018-10-29 00:00:00+08:00,0.1809999942779541,0.1809999942779541,0.1809999942779541,0.1809999942779541,10000,0.0,0.0
2018-10-30 00:00:00+08:00,0.1809999942779541,0.1809999942779541,0.1809999942779541,0.1809999942779541,0,0.0,0.0
2018-10-31 00:00:00+08:00,0.1809999942779541,0.1809999942779541,0.1809999942779541,0.1809999942779541,0,0.0,0.0
2018-11-01 00:00:00+08:00,0.1809999942779541,0.1809999942779541,0.1809999942779541,0.1809999942779541,0,0.0,0.0
2018-11-02 00:00:00+08:00,0.1809999942779541,0.1809999942779541,0.1809999942779541,0.1809999942779541,0,0.0,0.0
2018-11-05 00:00:00+08:00,0.19900000095367432,0.19900000095367432,0.16500000655651093,0.16500000655651093,6000,0.0,0.0
2018-11-07 00:00:00+08:00,0.16500000655651093,0.16500000655651093,0.16500000655651093,0.16500000655651093,0,0.0,0.0
2018-11-08 00:00:00+08:00,0.16500000655651093,0.16500000655651093,0.16500000655651093,0.16500000655651093,0,0.0,0.0
2018-11-09 00:00:00+08:00,0.16500000655651093,0.16500000655651093,0.16500000655651093,0.16500000655651093,0,0.0,0.0
2018-11-12 00:00:00+08:00,0.1850000023841858,0.19499999284744263,0.1850000023841858,0.19499999284744263,68200,0.0,0.0
2018-11-13 00:00:00+08:00,0.19499999284744263,0.19499999284744263,0.19499999284744263,0.19499999284744263,0,0.0,0.0
2018-11-14 00:00:00+08:00,0.19499999284744263,0.19499999284744263,0.19499999284744263,0.19499999284744263,0,0.0,0.0
2018-11-15 00:00:00+08:00,0.19499999284744263,0.19499999284744263,0.19499999284744263,0.19499999284744263,0,0.0,0.0
2018-11-16 00:00:00+08:00,0.19499999284744263,0.19499999284744263,0.19499999284744263,0.19499999284744263,0,0.0,0.0
2018-11-19 00:00:00+08:00,0.19499999284744263,0.19499999284744263,0.19499999284744263,0.19499999284744263,0,0.0,0.0
2018-11-20 00:00:00+08:00,0.19499999284744263,0.19499999284744263,0.19499999284744263,0.19499999284744263,0,0.0,0.0
2018-11-21 00:00:00+08:00,0.19499999284744263,0.19499999284744263,0.19499999284744263,0.19499999284744263,0,0.0,0.0
2018-11-22 00:00:00+08:00,0.19499999284744263,0.19499999284744263,0.19499999284744263,0.19499999284744263,0,0.0,0.0
2018-11-23 00:00:00+08:00,0.19499999284744263,0.19499999284744263,0.19499999284744263,0.19499999284744263,0,0.0,0.0
2018-11-26 00:00:00+08:00,0.19499999284744263,0.19499999284744263,0.19499999284744263,0.19499999284744263,0,0.0,0.0
2018-11-27 00:00:00+08:00,0.19499999284744263,0.19499999284744263,0.19499999284744263,0.19499999284744263,0,0.0,0.0
2018-11-28 00:00:00+08:00,0.19499999284744263,0.19499999284744263,0.19499999284744263,0.19499999284744263,0,0.0,0.0
2018-11-29 00:00:00+08:00,0.19499999284744263,0.19499999284744263,0.19499999284744263,0.19499999284744263,0,0.0,0.0
2018-11-30 00:00:00+08:00,0.19499999284744263,0.19499999284744263,0.19499999284744263,0.19499999284744263,0,0.0,0.0
2018-12-03 00:00:00+08:00,0.19499999284744263,0.19499999284744263,0.19499999284744263,0.19499999284744263,0,0.0,0.0
2018-12-04 00:00:00+08:00,0.19499999284744263,0.19499999284744263,0.19499999284744263,0.19499999284744263,0,0.0,0.0
2018-12-05 00:00:00+08:00,0.19499999284744263,0.19499999284744263,0.19499999284744263,0.19499999284744263,0,0.0,0.0
2018-12-06 00:00:00+08:00,0.19499999284744263,0.19499999284744263,0.19499999284744263,0.19499999284744263,0,0.0,0.0
2018-12-07 00:00:00+08:00,0.19499999284744263,0.19499999284744263,0.19499999284744263,0.19499999284744263,0,0.0,0.0
2018-12-10 00:00:00+08:00,0.19499999284744263,0.19499999284744263,0.19499999284744263,0.19499999284744263,0,0.0,0.0
2018-12-11 00:00:00+08:00,0.19499999284744263,0.19499999284744263,0.19499999284744263,0.19499999284744263,0,0.0,0.0
2018-12-12 00:00:00+08:00,0.19499999284744263,0.19499999284744263,0.19499999284744263,0.19499999284744263,0,0.0,0.0
2018-12-13 00:00:00+08:00,0.19499999284744263,0.19499999284744263,0.19499999284744263,0.19499999284744263,0,0.0,0.0
2018-12-14 00:00:00+08:00,0.19499999284744263,0.19499999284744263,0.19499999284744263,0.19499999284744263,0,0.0,0.0
2018-12-17 00:00:00+08:00,0.19499999284744263,0.19499999284744263,0.19499999284744263,0.19499999284744263,0,0.0,0.0
2018-12-18 00:00:00+08:00,0.19499999284744263,0.19499999284744263,0.19499999284744263,0.19499999284744263,0,0.0,0.0
2018-12-19 00:00:00+08:00,0.19499999284744263,0.19499999284744263,0.19499999284744263,0.19499999284744263,0,0.0,0.0
2018-12-20 00:00:00+08:00,0.19499999284744263,0.19499999284744263,0.19499999284744263,0.19499999284744263,0,0.0,0.0
2018-12-21 00:00:00+08:00,0.19499999284744263,0.19499999284744263,0.19499999284744263,0.19499999284744263,0,0.0,0.0
2018-12-24 00:00:00+08:00,0.19499999284744263,0.19499999284744263,0.19499999284744263,0.19499999284744263,0,0.0,0.0
2018-12-26 00:00:00+08:00,0.19499999284744263,0.19499999284744263,0.19499999284744263,0.19499999284744263,0,0.0,0.0
2018-12-27 00:00:00+08:00,0.19499999284744263,0.19499999284744263,0.19499999284744263,0.19499999284744263,0,0.0,0.0
2018-12-28 00:00:00+08:00,0.19499999284744263,0.19499999284744263,0.19499999284744263,0.19499999284744263,0,0.0,0.0
2018-12-31 00:00:00+08:00,0.19499999284744263,0.19499999284744263,0.19499999284744263,0.19499999284744263,0,0.0,0.0
2019-01-01 00:00:00+08:00,0.19499999284744263,0.19499999284744263,0.19499999284744263,0.19499999284744263,0,0.0,0.0
2019-01-02 00:00:00+08:00,0.19499999284744263,0.19499999284744263,0.19499999284744263,0.19499999284744263,0,0.0,0.0
2019-01-03 00:00:00+08:00,0.19499999284744263,0.19499999284744263,0.19499999284744263,0.19499999284744263,0,0.0,0.0
2019-01-04 00:00:00+08:00,0.19499999284744263,0.19499999284744263,0.19499999284744263,0.19499999284744263,0,0.0,0.0
2019-01-07 00:00:00+08:00,0.19499999284744263,0.19499999284744263,0.19499999284744263,0.19499999284744263,0,0.0,0.0
2019-01-08 00:00:00+08:00,0.19499999284744263,0.19499999284744263,0.19499999284744263,0.19499999284744263,0,0.0,0.0
2019-01-09 00:00:00+08:00,0.19499999284744263,0.19499999284744263,0.19499999284744263,0.19499999284744263,0,0.0,0.0
2019-01-10 00:00:00+08:00,0.19499999284744263,0.19499999284744263,0.19499999284744263,0.19499999284744263,0,0.0,0.0
2019-01-11 00:00:00+08:00,0.19499999284744263,0.19499999284744263,0.19499999284744263,0.19499999284744263,0,0.0,0.0
2019-01-14 00:00:00+08:00,0.19499999284744263,0.19499999284744263,0.19499999284744263,0.19499999284744263,0,0.0,0.0
2019-01-15 00:00:00+08:00,0.19499999284744263,0.19499999284744263,0.19499999284744263,0.19499999284744263,0,0.0,0.0
2019-01-16 00:00:00+08:00,0.19499999284744263,0.19499999284744263,0.19499999284744263,0.19499999284744263,0,0.0,0.0
2019-01-17 00:00:00+08:00,0.20000000298023224,0.20000000298023224,0.20000000298023224,0.20000000298023224,100,0.0,0.0
2019-01-18 00:00:00+08:00,0.20000000298023224,0.20000000298023224,0.20000000298023224,0.20000000298023224,0,0.0,0.0
2019-01-21 00:00:00+08:00,0.20000000298023224,0.20000000298023224,0.20000000298023224,0.20000000298023224,0,0.0,0.0
2019-01-22 00:00:00+08:00,0.20000000298023224,0.20000000298023224,0.20000000298023224,0.20000000298023224,0,0.0,0.0
2019-01-23 00:00:00+08:00,0.2150000035762787,0.2150000035762787,0.2150000035762787,0.2150000035762787,100,0.0,0.0
2019-01-24 00:00:00+08:00,0.2150000035762787,0.2150000035762787,0.2150000035762787,0.2150000035762787,0,0.0,0.0
2019-01-25 00:00:00+08:00,0.2150000035762787,0.2150000035762787,0.2150000035762787,0.2150000035762787,0,0.0,0.0
2019-01-28 00:00:00+08:00,0.2150000035762787,0.2150000035762787,0.2150000035762787,0.2150000035762787,0,0.0,0.0
2019-01-29 00:00:00+08:00,0.2150000035762787,0.2150000035762787,0.2150000035762787,0.2150000035762787,0,0.0,0.0
2019-01-30 00:00:00+08:00,0.2150000035762787,0.2150000035762787,0.2150000035762787,0.2150000035762787,0,0.0,0.0
2019-01-31 00:00:00+08:00,0.2150000035762787,0.2150000035762787,0.2150000035762787,0.2150000035762787,0,0.0,0.0
2019-02-01 00:00:00+08:00,0.2150000035762787,0.2150000035762787,0.2150000035762787,0.2150000035762787,0,0.0,0.0
2019-02-04 00:00:00+08:00,0.2150000035762787,0.2150000035762787,0.2150000035762787,0.2150000035762787,0,0.0,0.0
2019-02-05 00:00:00+08:00,0.2150000035762787,0.2150000035762787,0.2150000035762787,0.2150000035762787,0,0.0,0.0
2019-02-07 00:00:00+08:00,0.2150000035762787,0.2150000035762787,0.2150000035762787,0.2150000035762787,0,0.0,0.0
2019-02-08 00:00:00+08:00,0.2150000035762787,0.2150000035762787,0.2150000035762787,0.2150000035762787,0,0.0,0.0
2019-02-11 00:00:00+08:00,0.2150000035762787,0.2150000035762787,0.2150000035762787,0.2150000035762787,0,0.0,0.0
2019-02-12 00:00:00+08:00,0.2150000035762787,0.2150000035762787,0.2150000035762787,0.2150000035762787,0,0.0,0.0
2019-02-13 00:00:00+08:00,0.2150000035762787,0.2150000035762787,0.2150000035762787,0.2150000035762787,0,0.0,0.0
2019-02-14 00:00:00+08:00,0.2150000035762787,0.2150000035762787,0.2150000035762787,0.2150000035762787,0,0.0,0.0
2019-02-15 00:00:00+08:00,0.2150000035762787,0.2150000035762787,0.2150000035762787,0.2150000035762787,0,0.0,0.0
2019-02-18 00:00:00+08:00,0.2150000035762787,0.2150000035762787,0.2150000035762787,0.2150000035762787,0,0.0,0.0
2019-02-19 00:00:00+08:00,0.2150000035762787,0.2150000035762787,0.2150000035762787,0.2150000035762787,0,0.0,0.0
2019-02-20 00:00:00+08:00,0.2150000035762787,0.2150000035762787,0.2150000035762787,0.2150000035762787,0,0.0,0.0
2019-02-21 00:00:00+08:00,0.2150000035762787,0.2150000035762787,0.2150000035762787,0.2150000035762787,0,0.0,0.0
2019-02-22 00:00:00+08:00,0.2150000035762787,0.2150000035762787,0.2150000035762787,0.2150000035762787,0,0.0,0.0
2019-02-25 00:00:00+08:00,0.2150000035762787,0.2150000035762787,0.2150000035762787,0.2150000035762787,0,0.0,0.0
2019-02-26 00:00:00+08:00,0.2150000035762787,0.2150000035762787,0.2150000035762787,0.2150000035762787,0,0.0,0.0
2019-02-27 00:00:00+08:00,0.2150000035762787,0.2150000035762787,0.2150000035762787,0.2150000035762787,0,0.0,0.0
2019-02-28 00:00:00+08:00,0.2150000035762787,0.2150000035762787,0.2150000035762787,0.2150000035762787,0,0.0,0.0
2019-03-01 00:00:00+08:00,0.2150000035762787,0.2150000035762787,0.2150000035762787,0.2150000035762787,0,0.0,0.0
2019-03-04 00:00:00+08:00,0.1899999976158142,0.22499999403953552,0.18000000715255737,0.1850000023841858,237100,0.0,0.0
2019-03-05 00:00:00+08:00,0.1850000023841858,0.1850000023841858,0.18000000715255737,0.18000000715255737,197600,0.0,0.0
2019-03-06 00:00:00+08:00,0.18000000715255737,0.18000000715255737,0.18000000715255737,0.18000000715255737,41200,0.0,0.0
2019-03-07 00:00:00+08:00,0.18000000715255737,0.18000000715255737,0.18000000715255737,0.18000000715255737,0,0.0,0.0
2019-03-08 00:00:00+08:00,0.18000000715255737,0.18000000715255737,0.18000000715255737,0.18000000715255737,0,0.0,0.0
2019-03-11 00:00:00+08:00,0.1679999977350235,0.17800000309944153,0.1679999977350235,0.17800000309944153,53400,0.0,0.0
2019-03-12 00:00:00+08:00,0.17800000309944153,0.17800000309944153,0.17800000309944153,0.17800000309944153,0,0.0,0.0
2019-03-13 00:00:00+08:00,0.17800000309944153,0.17800000309944153,0.17800000309944153,0.17800000309944153,0,0.0,0.0
2019-03-14 00:00:00+08:00,0.17800000309944153,0.17800000309944153,0.17800000309944153,0.17800000309944153,0,0.0,0.0
2019-03-15 00:00:00+08:00,0.1679999977350235,0.1679999977350235,0.1679999977350235,0.1679999977350235,6600,0.0,0.0
2019-03-18 00:00:00+08:00,0.1679999977350235,0.1679999977350235,0.1679999977350235,0.1679999977350235,0,0.0,0.0
2019-03-19 00:00:00+08:00,0.1679999977350235,0.1679999977350235,0.1679999977350235,0.1679999977350235,0,0.0,0.0
2019-03-20 00:00:00+08:00,0.1679999977350235,0.1679999977350235,0.1679999977350235,0.1679999977350235,0,0.0,0.0
2019-03-21 00:00:00+08:00,0.13899999856948853,0.1679999977350235,0.1379999965429306,0.1679999977350235,40100,0.0,0.0
2019-03-22 00:00:00+08:00,0.1679999977350235,0.1679999977350235,0.1679999977350235,0.1679999977350235,0,0.0,0.0
2019-03-25 00:00:00+08:00,0.1679999977350235,0.1679999977350235,0.1679999977350235,0.1679999977350235,0,0.0,0.0
2019-03-26 00:00:00+08:00,0.1679999977350235,0.18400000035762787,0.16300000250339508,0.18000000715255737,42500,0.0,0.0
2019-03-27 00:00:00+08:00,0.18000000715255737,0.18000000715255737,0.18000000715255737,0.18000000715255737,0,0.0,0.0
2019-03-28 00:00:00+08:00,0.18000000715255737,0.18000000715255737,0.18000000715255737,0.18000000715255737,0,0.0,0.0
2019-03-29 00:00:00+08:00,0.18000000715255737,0.18000000715255737,0.18000000715255737,0.18000000715255737,0,0.0,0.0
2019-04-01 00:00:00+08:00,0.18000000715255737,0.18000000715255737,0.18000000715255737,0.18000000715255737,0,0.0,0.0
2019-04-02 00:00:00+08:00,0.18000000715255737,0.18000000715255737,0.18000000715255737,0.18000000715255737,0,0.0,0.0
2019-04-03 00:00:00+08:00,0.14499999582767487,0.17000000178813934,0.14000000059604645,0.17000000178813934,20100,0.0,0.0
2019-04-04 00:00:00+08:00,0.17000000178813934,0.17000000178813934,0.17000000178813934,0.17000000178813934,0,0.0,0.0
2019-04-05 00:00:00+08:00,0.17000000178813934,0.17000000178813934,0.17000000178813934,0.17000000178813934,0,0.0,0.0
2019-04-08 00:00:00+08:00,0.14499999582767487,0.14499999582767487,0.14499999582767487,0.14499999582767487,294300,0.0,0.0
2019-04-09 00:00:00+08:00,0.14499999582767487,0.1459999978542328,0.14499999582767487,0.1459999978542328,35100,0.0,0.0
2019-04-10 00:00:00+08:00,0.1459999978542328,0.1459999978542328,0.1459999978542328,0.1459999978542328,0,0.0,0.0
2019-04-11 00:00:00+08:00,0.1509999930858612,0.1509999930858612,0.1509999930858612,0.1509999930858612,10200,0.0,0.0
2019-04-12 00:00:00+08:00,0.1509999930858612,0.1509999930858612,0.1509999930858612,0.1509999930858612,0,0.0,0.0
2019-04-15 00:00:00+08:00,0.15800000727176666,0.15800000727176666,0.15800000727176666,0.15800000727176666,100,0.0,0.0
2019-04-16 00:00:00+08:00,0.15800000727176666,0.15800000727176666,0.15800000727176666,0.15800000727176666,10000,0.0,0.0
2019-04-17 00:00:00+08:00,0.14000000059604645,0.1589999943971634,0.14000000059604645,0.1589999943971634,10700,0.0,0.0
2019-04-18 00:00:00+08:00,0.1589999943971634,0.1589999943971634,0.1589999943971634,0.1589999943971634,0,0.0,0.0
2019-04-22 00:00:00+08:00,0.1589999943971634,0.1589999943971634,0.1589999943971634,0.1589999943971634,0,0.0,0.0
2019-04-23 00:00:00+08:00,0.15000000596046448,0.15000000596046448,0.15000000596046448,0.15000000596046448,16700,0.0,0.0
2019-04-24 00:00:00+08:00,0.15800000727176666,0.15800000727176666,0.15800000727176666,0.15800000727176666,600,0.0,0.0
2019-04-25 00:00:00+08:00,0.15800000727176666,0.15800000727176666,0.15800000727176666,0.15800000727176666,0,0.0,0.0
2019-04-26 00:00:00+08:00,0.15800000727176666,0.15800000727176666,0.15800000727176666,0.15800000727176666,0,0.0,0.0
2019-04-29 00:00:00+08:00,0.15800000727176666,0.15800000727176666,0.15800000727176666,0.15800000727176666,0,0.0,0.0
2019-04-30 00:00:00+08:00,0.15600000321865082,0.15800000727176666,0.1550000011920929,0.15700000524520874,88800,0.0,0.0
2019-05-02 00:00:00+08:00,0.15700000524520874,0.15700000524520874,0.15700000524520874,0.15700000524520874,0,0.0,0.0
2019-05-03 00:00:00+08:00,0.15700000524520874,0.15700000524520874,0.15299999713897705,0.15299999713897705,12000,0.0,0.0
2019-05-06 00:00:00+08:00,0.15299999713897705,0.15299999713897705,0.15299999713897705,0.15299999713897705,0,0.0,0.0
2019-05-07 00:00:00+08:00,0.15299999713897705,0.15299999713897705,0.15299999713897705,0.15299999713897705,0,0.0,0.0
2019-05-08 00:00:00+08:00,0.15299999713897705,0.15299999713897705,0.15299999713897705,0.15299999713897705,0,0.0,0.0
2019-05-09 00:00:00+08:00,0.15299999713897705,0.15299999713897705,0.15299999713897705,0.15299999713897705,0,0.0,0.0
2019-05-10 00:00:00+08:00,0.15299999713897705,0.15299999713897705,0.15299999713897705,0.15299999713897705,20000,0.0,0.0
2019-05-13 00:00:00+08:00,0.15299999713897705,0.15299999713897705,0.15299999713897705,0.15299999713897705,0,0.0,0.0
2019-05-14 00:00:00+08:00,0.15299999713897705,0.15299999713897705,0.15299999713897705,0.15299999713897705,0,0.0,0.0
2019-05-15 00:00:00+08:00,0.15299999713897705,0.15299999713897705,0.15299999713897705,0.15299999713897705,3900,0.0,0.0
2019-05-16 00:00:00+08:00,0.15299999713897705,0.15299999713897705,0.15299999713897705,0.15299999713897705,0,0.0,0.0
2019-05-17 00:00:00+08:00,0.15299999713897705,0.15299999713897705,0.15299999713897705,0.15299999713897705,0,0.0,0.0
2019-05-21 00:00:00+08:00,0.15299999713897705,0.15299999713897705,0.15299999713897705,0.15299999713897705,0,0.0,0.0
2019-05-22 00:00:00+08:00,0.15299999713897705,0.15299999713897705,0.15299999713897705,0.15299999713897705,0,0.0,0.0
2019-05-23 00:00:00+08:00,0.15299999713897705,0.15299999713897705,0.15299999713897705,0.15299999713897705,0,0.0,0.0
2019-05-24 00:00:00+08:00,0.15299999713897705,0.15299999713897705,0.15299999713897705,0.15299999713897705,0,0.0,0.0
2019-05-27 00:00:00+08:00,0.15299999713897705,0.15299999713897705,0.15299999713897705,0.15299999713897705,0,0.0,0.0
2019-05-28 00:00:00+08:00,0.15299999713897705,0.15299999713897705,0.15299999713897705,0.15299999713897705,0,0.0,0.0
2019-05-29 00:00:00+08:00,0.15299999713897705,0.15299999713897705,0.15299999713897705,0.15299999713897705,0,0.0,0.0
2019-05-30 00:00:00+08:00,0.15299999713897705,0.15299999713897705,0.15299999713897705,0.15299999713897705,0,0.0,0.0
2019-05-31 00:00:00+08:00,0.15299999713897705,0.15299999713897705,0.15299999713897705,0.15299999713897705,0,0.0,0.0
2019-06-03 00:00:00+08:00,0.15299999713897705,0.15299999713897705,0.15299999713897705,0.15299999713897705,0,0.0,0.0
2019-06-04 00:00:00+08:00,0.07800000160932541,0.0820000022649765,0.07699999958276749,0.0820000022649765,6700,0.0,0.0
2019-06-06 00:00:00+08:00,0.10199999809265137,0.10999999940395355,0.08500000089406967,0.10199999809265137,24000,0.0,0.0
2019-06-07 00:00:00+08:00,0.10199999809265137,0.10199999809265137,0.10199999809265137,0.10199999809265137,1100,0.0,0.0
2019-06-10 00:00:00+08:00,0.10199999809265137,0.12200000137090683,0.10199999809265137,0.12200000137090683,25200,0.0,0.0
2019-06-11 00:00:00+08:00,0.12200000137090683,0.12200000137090683,0.12200000137090683,0.12200000137090683,0,0.0,0.0
2019-06-12 00:00:00+08:00,0.12200000137090683,0.12200000137090683,0.12200000137090683,0.12200000137090683,0,0.0,0.0
2019-06-13 00:00:00+08:00,0.12200000137090683,0.12200000137090683,0.12200000137090683,0.12200000137090683,0,0.0,0.0
2019-06-14 00:00:00+08:00,0.09300000220537186,0.11900000274181366,0.09300000220537186,0.11900000274181366,18200,0.0,0.0
2019-06-17 00:00:00+08:00,0.11900000274181366,0.11900000274181366,0.11900000274181366,0.11900000274181366,0,0.0,0.0
2019-06-18 00:00:00+08:00,0.11900000274181366,0.11900000274181366,0.11900000274181366,0.11900000274181366,0,0.0,0.0
2019-06-19 00:00:00+08:00,0.10899999737739563,0.10899999737739563,0.10899999737739563,0.10899999737739563,19600,0.0,0.0
2019-06-20 00:00:00+08:00,0.10899999737739563,0.10899999737739563,0.10899999737739563,0.10899999737739563,10000,0.0,0.0
2019-06-21 00:00:00+08:00,0.12099999934434891,0.12200000137090683,0.12099999934434891,0.12200000137090683,200,0.0,0.0
2019-06-24 00:00:00+08:00,0.12200000137090683,0.12200000137090683,0.12200000137090683,0.12200000137090683,0,0.0,0.0
2019-06-25 00:00:00+08:00,0.12200000137090683,0.12200000137090683,0.12200000137090683,0.12200000137090683,0,0.0,0.0
2019-06-26 00:00:00+08:00,0.12200000137090683,0.12200000137090683,0.12200000137090683,0.12200000137090683,0,0.0,0.0
2019-06-27 00:00:00+08:00,0.12200000137090683,0.12200000137090683,0.12200000137090683,0.12200000137090683,0,0.0,0.0
2019-06-28 00:00:00+08:00,0.12200000137090683,0.12200000137090683,0.12200000137090683,0.12200000137090683,0,0.0,0.0
2019-07-01 00:00:00+08:00,0.12200000137090683,0.12200000137090683,0.12200000137090683,0.12200000137090683,0,0.0,0.0
2019-07-02 00:00:00+08:00,0.12200000137090683,0.12200000137090683,0.12200000137090683,0.12200000137090683,0,0.0,0.0
2019-07-03 00:00:00+08:00,0.09700000286102295,0.09700000286102295,0.09700000286102295,0.09700000286102295,6400,0.0,0.0
2019-07-04 00:00:00+08:00,0.09700000286102295,0.09700000286102295,0.09700000286102295,0.09700000286102295,59300,0.0,0.0
2019-07-05 00:00:00+08:00,0.09700000286102295,0.09700000286102295,0.09600000083446503,0.09600000083446503,30300,0.0,0.0
2019-07-08 00:00:00+08:00,0.09600000083446503,0.09600000083446503,0.09600000083446503,0.09600000083446503,0,0.0,0.0
2019-07-09 00:00:00+08:00,0.09600000083446503,0.09600000083446503,0.09600000083446503,0.09600000083446503,0,0.0,0.0
2019-07-10 00:00:00+08:00,0.09600000083446503,0.09600000083446503,0.09600000083446503,0.09600000083446503,0,0.0,0.0
2019-07-11 00:00:00+08:00,0.09600000083446503,0.09600000083446503,0.09600000083446503,0.09600000083446503,0,0.0,0.0
2019-07-12 00:00:00+08:00,0.09600000083446503,0.09600000083446503,0.09600000083446503,0.09600000083446503,0,0.0,0.0
2019-07-15 00:00:00+08:00,0.09600000083446503,0.11699999868869781,0.09600000083446503,0.11699999868869781,4400,0.0,0.0
2019-07-16 00:00:00+08:00,0.11699999868869781,0.11699999868869781,0.11699999868869781,0.11699999868869781,0,0.0,0.0
2019-07-17 00:00:00+08:00,0.11699999868869781,0.11699999868869781,0.11699999868869781,0.11699999868869781,0,0.0,0.0
2019-07-18 00:00:00+08:00,0.11699999868869781,0.11699999868869781,0.11699999868869781,0.11699999868869781,0,0.0,0.0
2019-07-19 00:00:00+08:00,0.11699999868869781,0.11699999868869781,0.11699999868869781,0.11699999868869781,0,0.0,0.0
2019-07-22 00:00:00+08:00,0.09000000357627869,0.09000000357627869,0.09000000357627869,0.09000000357627869,6600,0.0,0.0
2019-07-23 00:00:00+08:00,0.09000000357627869,0.09000000357627869,0.09000000357627869,0.09000000357627869,0,0.0,0.0
2019-07-24 00:00:00+08:00,0.09000000357627869,0.09000000357627869,0.09000000357627869,0.09000000357627869,0,0.0,0.0
2019-07-25 00:00:00+08:00,0.09000000357627869,0.09000000357627869,0.09000000357627869,0.09000000357627869,0,0.0,0.0
2019-07-26 00:00:00+08:00,0.09000000357627869,0.09000000357627869,0.09000000357627869,0.09000000357627869,0,0.0,0.0
2019-07-29 00:00:00+08:00,0.09000000357627869,0.09000000357627869,0.09000000357627869,0.09000000357627869,0,0.0,0.0
2019-07-30 00:00:00+08:00,0.09000000357627869,0.09000000357627869,0.09000000357627869,0.09000000357627869,0,0.0,0.0
2019-07-31 00:00:00+08:00,0.09000000357627869,0.09000000357627869,0.09000000357627869,0.09000000357627869,100,0.0,0.0
2019-08-01 00:00:00+08:00,0.09000000357627869,0.09000000357627869,0.09000000357627869,0.09000000357627869,0,0.0,0.0
2019-08-02 00:00:00+08:00,0.09000000357627869,0.09000000357627869,0.09000000357627869,0.09000000357627869,0,0.0,0.0
2019-08-05 00:00:00+08:00,0.09000000357627869,0.09000000357627869,0.09000000357627869,0.09000000357627869,16600,0.0,0.0
2019-08-06 00:00:00+08:00,0.09000000357627869,0.09000000357627869,0.09000000357627869,0.09000000357627869,0,0.0,0.0
2019-08-07 00:00:00+08:00,0.09000000357627869,0.09000000357627869,0.09000000357627869,0.09000000357627869,0,0.0,0.0
2019-08-08 00:00:00+08:00,0.09000000357627869,0.09000000357627869,0.09000000357627869,0.09000000357627869,0,0.0,0.0
2019-08-13 00:00:00+08:00,0.09000000357627869,0.09000000357627869,0.09000000357627869,0.09000000357627869,0,0.0,0.0
2019-08-14 00:00:00+08:00,0.09000000357627869,0.09000000357627869,0.09000000357627869,0.09000000357627869,0,0.0,0.0
2019-08-15 00:00:00+08:00,0.09000000357627869,0.09000000357627869,0.09000000357627869,0.09000000357627869,0,0.0,0.0
2019-08-16 00:00:00+08:00,0.09000000357627869,0.09000000357627869,0.09000000357627869,0.09000000357627869,0,0.0,0.0
2019-08-19 00:00:00+08:00,0.09000000357627869,0.09000000357627869,0.09000000357627869,0.09000000357627869,0,0.0,0.0
2019-08-20 00:00:00+08:00,0.09000000357627869,0.09000000357627869,0.09000000357627869,0.09000000357627869,0,0.0,0.0
2019-08-21 00:00:00+08:00,0.09000000357627869,0.09000000357627869,0.09000000357627869,0.09000000357627869,0,0.0,0.0
2019-08-22 00:00:00+08:00,0.09000000357627869,0.09000000357627869,0.09000000357627869,0.09000000357627869,0,0.0,0.0
2019-08-23 00:00:00+08:00,0.09000000357627869,0.09000000357627869,0.09000000357627869,0.09000000357627869,0,0.0,0.0
2019-08-26 00:00:00+08:00,0.09000000357627869,0.09000000357627869,0.09000000357627869,0.09000000357627869,0,0.0,0.0
2019-08-27 00:00:00+08:00,0.09000000357627869,0.09000000357627869,0.09000000357627869,0.09000000357627869,0,0.0,0.0
2019-08-28 00:00:00+08:00,0.06199999898672104,0.10100000351667404,0.061000000685453415,0.10100000351667404,400,0.0,0.0
2019-08-29 00:00:00+08:00,0.10100000351667404,0.10100000351667404,0.10100000351667404,0.10100000351667404,0,0.0,0.0
2019-08-30 00:00:00+08:00,0.10100000351667404,0.10100000351667404,0.10100000351667404,0.10100000351667404,0,0.0,0.0
2019-09-02 00:00:00+08:00,0.09000000357627869,0.09000000357627869,0.09000000357627869,0.09000000357627869,600,0.0,0.0
2019-09-03 00:00:00+08:00,0.09000000357627869,0.09000000357627869,0.09000000357627869,0.09000000357627869,0,0.0,0.0
2019-09-04 00:00:00+08:00,0.09000000357627869,0.09000000357627869,0.09000000357627869,0.09000000357627869,0,0.0,0.0
2019-09-05 00:00:00+08:00,0.09000000357627869,0.09000000357627869,0.09000000357627869,0.09000000357627869,0,0.0,0.0
2019-09-06 00:00:00+08:00,0.09000000357627869,0.09000000357627869,0.09000000357627869,0.09000000357627869,0,0.0,0.0
2019-09-09 00:00:00+08:00,0.09000000357627869,0.09000000357627869,0.09000000357627869,0.09000000357627869,0,0.0,0.0
2019-09-10 00:00:00+08:00,0.09000000357627869,0.09000000357627869,0.09000000357627869,0.09000000357627869,0,0.0,0.0
2019-09-11 00:00:00+08:00,0.09000000357627869,0.09000000357627869,0.09000000357627869,0.09000000357627869,0,0.0,0.0
2019-09-12 00:00:00+08:00,0.09000000357627869,0.09000000357627869,0.09000000357627869,0.09000000357627869,0,0.0,0.0
2019-09-13 00:00:00+08:00,0.10000000149011612,0.10000000149011612,0.10000000149011612,0.10000000149011612,100,0.0,0.0
2019-09-16 00:00:00+08:00,0.10000000149011612,0.10000000149011612,0.10000000149011612,0.10000000149011612,0,0.0,0.0
2019-09-17 00:00:00+08:00,0.10000000149011612,0.10000000149011612,0.10000000149011612,0.10000000149011612,0,0.0,0.0
2019-09-18 00:00:00+08:00,0.10000000149011612,0.10000000149011612,0.10000000149011612,0.10000000149011612,0,0.0,0.0
2019-09-19 00:00:00+08:00,0.10000000149011612,0.10000000149011612,0.10000000149011612,0.10000000149011612,0,0.0,0.0
2019-09-20 00:00:00+08:00,0.10000000149011612,0.10000000149011612,0.10000000149011612,0.10000000149011612,0,0.0,0.0
2019-09-23 00:00:00+08:00,0.09000000357627869,0.09000000357627869,0.09000000357627869,0.09000000357627869,33200,0.0,0.0
2019-09-24 00:00:00+08:00,0.09000000357627869,0.09000000357627869,0.09000000357627869,0.09000000357627869,0,0.0,0.0
2019-09-25 00:00:00+08:00,0.09000000357627869,0.09000000357627869,0.09000000357627869,0.09000000357627869,0,0.0,0.0
2019-09-26 00:00:00+08:00,0.09000000357627869,0.09000000357627869,0.09000000357627869,0.09000000357627869,0,0.0,0.0
2019-09-27 00:00:00+08:00,0.09000000357627869,0.09000000357627869,0.09000000357627869,0.09000000357627869,0,0.0,0.0
2019-09-30 00:00:00+08:00,0.09000000357627869,0.09000000357627869,0.09000000357627869,0.09000000357627869,0,0.0,0.0
2019-10-01 00:00:00+08:00,0.09000000357627869,0.09000000357627869,0.09000000357627869,0.09000000357627869,0,0.0,0.0
2019-10-02 00:00:00+08:00,0.09000000357627869,0.09000000357627869,0.09000000357627869,0.09000000357627869,25000,0.0,0.0
2019-10-03 00:00:00+08:00,0.09000000357627869,0.09000000357627869,0.09000000357627869,0.09000000357627869,0,0.0,0.0
2019-10-04 00:00:00+08:00,0.09000000357627869,0.09000000357627869,0.09000000357627869,0.09000000357627869,0,0.0,0.0
2019-10-07 00:00:00+08:00,0.09000000357627869,0.09000000357627869,0.09000000357627869,0.09000000357627869,0,0.0,0.0
2019-10-08 00:00:00+08:00,0.09000000357627869,0.09000000357627869,0.09000000357627869,0.09000000357627869,0,0.0,0.0
2019-10-09 00:00:00+08:00,0.09000000357627869,0.09000000357627869,0.09000000357627869,0.09000000357627869,0,0.0,0.0
2019-10-10 00:00:00+08:00,0.09000000357627869,0.09000000357627869,0.09000000357627869,0.09000000357627869,0,0.0,0.0
2019-10-11 00:00:00+08:00,0.09000000357627869,0.09000000357627869,0.09000000357627869,0.09000000357627869,0,0.0,0.0
2019-10-14 00:00:00+08:00,0.09000000357627869,0.09000000357627869,0.09000000357627869,0.09000000357627869,0,0.0,0.0
2019-10-15 00:00:00+08:00,0.09000000357627869,0.09000000357627869,0.09000000357627869,0.09000000357627869,0,0.0,0.0
2019-10-16 00:00:00+08:00,0.09000000357627869,0.09000000357627869,0.09000000357627869,0.09000000357627869,0,0.0,0.0
2019-10-17 00:00:00+08:00,0.09000000357627869,0.09000000357627869,0.09000000357627869,0.09000000357627869,0,0.0,0.0
2019-10-18 00:00:00+08:00,0.09000000357627869,0.09000000357627869,0.09000000357627869,0.09000000357627869,0,0.0,0.0
2019-10-21 00:00:00+08:00,0.09000000357627869,0.09000000357627869,0.09000000357627869,0.09000000357627869,0,0.0,0.0
2019-10-22 00:00:00+08:00,0.09000000357627869,0.09000000357627869,0.09000000357627869,0.09000000357627869,0,0.0,0.0
2019-10-23 00:00:00+08:00,0.09000000357627869,0.09000000357627869,0.09000000357627869,0.09000000357627869,0,0.0,0.0
2019-10-24 00:00:00+08:00,0.09000000357627869,0.09000000357627869,0.09000000357627869,0.09000000357627869,0,0.0,0.0
2019-10-25 00:00:00+08:00,0.09000000357627869,0.09000000357627869,0.09000000357627869,0.09000000357627869,0,0.0,0.0
2019-10-29 00:00:00+08:00,0.09000000357627869,0.09000000357627869,0.09000000357627869,0.09000000357627869,0,0.0,0.0
2019-10-30 00:00:00+08:00,0.09000000357627869,0.09000000357627869,0.09000000357627869,0.09000000357627869,0,0.0,0.0
2019-10-31 00:00:00+08:00,0.09000000357627869,0.09000000357627869,0.09000000357627869,0.09000000357627869,0,0.0,0.0
2019-11-01 00:00:00+08:00,0.09000000357627869,0.09000000357627869,0.09000000357627869,0.09000000357627869,0,0.0,0.0
2019-11-04 00:00:00+08:00,0.09000000357627869,0.09000000357627869,0.09000000357627869,0.09000000357627869,0,0.0,0.0
2019-11-05 00:00:00+08:00,0.09000000357627869,0.09000000357627869,0.09000000357627869,0.09000000357627869,0,0.0,0.0
2019-11-06 00:00:00+08:00,0.09000000357627869,0.09000000357627869,0.09000000357627869,0.09000000357627869,0,0.0,0.0
2019-11-07 00:00:00+08:00,0.09000000357627869,0.09000000357627869,0.09000000357627869,0.09000000357627869,0,0.0,0.0
2019-11-08 00:00:00+08:00,0.09000000357627869,0.09000000357627869,0.09000000357627869,0.09000000357627869,0,0.0,0.0
2019-11-11 00:00:00+08:00,0.09000000357627869,0.09000000357627869,0.09000000357627869,0.09000000357627869,0,0.0,0.0
2019-11-12 00:00:00+08:00,0.09000000357627869,0.09000000357627869,0.09000000357627869,0.09000000357627869,0,0.0,0.0
2019-11-13 00:00:00+08:00,0.09000000357627869,0.09000000357627869,0.09000000357627869,0.09000000357627869,0,0.0,0.0
2019-11-14 00:00:00+08:00,0.09000000357627869,0.09000000357627869,0.09000000357627869,0.09000000357627869,0,0.0,0.0
2019-11-15 00:00:00+08:00,0.10999999940395355,0.14499999582767487,0.10999999940395355,0.14499999582767487,169600,0.0,0.0
2019-11-18 00:00:00+08:00,0.12099999934434891,0.12099999934434891,0.1120000034570694,0.11599999666213989,73800,0.0,0.0
2019-11-19 00:00:00+08:00,0.11599999666213989,0.11599999666213989,0.10999999940395355,0.10999999940395355,21200,0.0,0.0
2019-11-20 00:00:00+08:00,0.10999999940395355,0.12999999523162842,0.10700000077486038,0.12999999523162842,6700,0.0,0.0
2019-11-21 00:00:00+08:00,0.12999999523162842,0.12999999523162842,0.12999999523162842,0.12999999523162842,0,0.0,0.0
2019-11-22 00:00:00+08:00,0.12999999523162842,0.12999999523162842,0.12999999523162842,0.12999999523162842,0,0.0,0.0
2019-11-25 00:00:00+08:00,0.12999999523162842,0.12999999523162842,0.12999999523162842,0.12999999523162842,0,0.0,0.0
2019-11-26 00:00:00+08:00,0.11999999731779099,0.11999999731779099,0.11999999731779099,0.11999999731779099,6600,0.0,0.0
2019-11-27 00:00:00+08:00,0.12999999523162842,0.12999999523162842,0.12300000339746475,0.12700000405311584,35700,0.0,0.0
2019-11-28 00:00:00+08:00,0.12399999797344208,0.12399999797344208,0.12399999797344208,0.12399999797344208,20000,0.0,0.0
2019-11-29 00:00:00+08:00,0.12800000607967377,0.12800000607967377,0.12800000607967377,0.12800000607967377,100,0.0,0.0
2019-12-02 00:00:00+08:00,0.11999999731779099,0.11999999731779099,0.11999999731779099,0.11999999731779099,46500,0.0,0.0
2019-12-03 00:00:00+08:00,0.11999999731779099,0.11999999731779099,0.11999999731779099,0.11999999731779099,0,0.0,0.0
2019-12-04 00:00:00+08:00,0.11999999731779099,0.11999999731779099,0.11999999731779099,0.11999999731779099,0,0.0,0.0
2019-12-05 00:00:00+08:00,0.11999999731779099,0.11999999731779099,0.11999999731779099,0.11999999731779099,0,0.0,0.0
2019-12-06 00:00:00+08:00,0.11999999731779099,0.11999999731779099,0.11999999731779099,0.11999999731779099,0,0.0,0.0
2019-12-09 00:00:00+08:00,0.11999999731779099,0.11999999731779099,0.11999999731779099,0.11999999731779099,0,0.0,0.0
2019-12-10 00:00:00+08:00,0.11599999666213989,0.11599999666213989,0.11599999666213989,0.11599999666213989,10000,0.0,0.0
2019-12-11 00:00:00+08:00,0.11599999666213989,0.11599999666213989,0.11599999666213989,0.11599999666213989,0,0.0,0.0
2019-12-12 00:00:00+08:00,0.11400000005960464,0.11400000005960464,0.11400000005960464,0.11400000005960464,6600,0.0,0.0
2019-12-13 00:00:00+08:00,0.11400000005960464,0.11400000005960464,0.11400000005960464,0.11400000005960464,0,0.0,0.0
2019-12-16 00:00:00+08:00,0.11500000208616257,0.11500000208616257,0.11400000005960464,0.11400000005960464,54000,0.0,0.0
2019-12-17 00:00:00+08:00,0.11400000005960464,0.11400000005960464,0.11400000005960464,0.11400000005960464,0,0.0,0.0
2019-12-18 00:00:00+08:00,0.11400000005960464,0.11400000005960464,0.11400000005960464,0.11400000005960464,0,0.0,0.0
2019-12-19 00:00:00+08:00,0.11400000005960464,0.11400000005960464,0.11400000005960464,0.11400000005960464,0,0.0,0.0
2019-12-20 00:00:00+08:00,0.11400000005960464,0.11400000005960464,0.11400000005960464,0.11400000005960464,0,0.0,0.0
2019-12-23 00:00:00+08:00,0.11800000071525574,0.11800000071525574,0.1120000034570694,0.1120000034570694,94800,0.0,0.0
2019-12-24 00:00:00+08:00,0.1120000034570694,0.1120000034570694,0.1120000034570694,0.1120000034570694,0,0.0,0.0
2019-12-25 00:00:00+08:00,0.1120000034570694,0.1120000034570694,0.1120000034570694,0.1120000034570694,0,0.0,0.0
2019-12-26 00:00:00+08:00,0.1120000034570694,0.1120000034570694,0.1120000034570694,0.1120000034570694,0,0.0,0.0
2019-12-27 00:00:00+08:00,0.1120000034570694,0.1120000034570694,0.1120000034570694,0.1120000034570694,0,0.0,0.0
2019-12-30 00:00:00+08:00,0.1120000034570694,0.1120000034570694,0.1120000034570694,0.1120000034570694,0,0.0,0.0
2019-12-31 00:00:00+08:00,0.1120000034570694,0.1120000034570694,0.1120000034570694,0.1120000034570694,0,0.0,0.0
2020-01-02 00:00:00+08:00,0.1120000034570694,0.1120000034570694,0.1120000034570694,0.1120000034570694,0,0.0,0.0
2020-01-03 00:00:00+08:00,0.1120000034570694,0.1120000034570694,0.1120000034570694,0.1120000034570694,0,0.0,0.0
2020-01-06 00:00:00+08:00,0.1120000034570694,0.1120000034570694,0.1120000034570694,0.1120000034570694,0,0.0,0.0
2020-01-07 00:00:00+08:00,0.1120000034570694,0.1120000034570694,0.1120000034570694,0.1120000034570694,0,0.0,0.0
2020-01-08 00:00:00+08:00,0.1120000034570694,0.1120000034570694,0.1120000034570694,0.1120000034570694,0,0.0,0.0
2020-01-09 00:00:00+08:00,0.1120000034570694,0.1120000034570694,0.1120000034570694,0.1120000034570694,0,0.0,0.0
2020-01-10 00:00:00+08:00,0.1120000034570694,0.1120000034570694,0.1120000034570694,0.1120000034570694,0,0.0,0.0
2020-01-13 00:00:00+08:00,0.1120000034570694,0.1120000034570694,0.1120000034570694,0.1120000034570694,0,0.0,0.0
2020-01-14 00:00:00+08:00,0.1120000034570694,0.11999999731779099,0.10899999737739563,0.11999999731779099,13500,0.0,0.0
2020-01-15 00:00:00+08:00,0.10999999940395355,0.10999999940395355,0.10999999940395355,0.10999999940395355,10000,0.0,0.0
2020-01-16 00:00:00+08:00,0.10599999874830246,0.11999999731779099,0.10199999809265137,0.11999999731779099,143100,0.0,0.0
2020-01-17 00:00:00+08:00,0.11999999731779099,0.11999999731779099,0.11999999731779099,0.11999999731779099,0,0.0,0.0
2020-01-20 00:00:00+08:00,0.11999999731779099,0.11999999731779099,0.11999999731779099,0.11999999731779099,0,0.0,0.0
2020-01-21 00:00:00+08:00,0.11999999731779099,0.11999999731779099,0.11999999731779099,0.11999999731779099,0,0.0,0.0
2020-01-22 00:00:00+08:00,0.11999999731779099,0.11999999731779099,0.11999999731779099,0.11999999731779099,0,0.0,0.0
2020-01-23 00:00:00+08:00,0.11999999731779099,0.11999999731779099,0.11999999731779099,0.11999999731779099,0,0.0,0.0
2020-01-24 00:00:00+08:00,0.11999999731779099,0.11999999731779099,0.11999999731779099,0.11999999731779099,0,0.0,0.0
2020-01-28 00:00:00+08:00,0.11999999731779099,0.11999999731779099,0.11999999731779099,0.11999999731779099,0,0.0,0.0
2020-01-29 00:00:00+08:00,0.11999999731779099,0.11999999731779099,0.11999999731779099,0.11999999731779099,0,0.0,0.0
2020-01-30 00:00:00+08:00,0.11999999731779099,0.11999999731779099,0.11999999731779099,0.11999999731779099,0,0.0,0.0
2020-01-31 00:00:00+08:00,0.11999999731779099,0.11999999731779099,0.11999999731779099,0.11999999731779099,0,0.0,0.0
2020-02-03 00:00:00+08:00,0.11999999731779099,0.11999999731779099,0.11999999731779099,0.11999999731779099,0,0.0,0.0
2020-02-04 00:00:00+08:00,0.10300000011920929,0.1289999932050705,0.10199999809265137,0.1289999932050705,9100,0.0,0.0
2020-02-05 00:00:00+08:00,0.1289999932050705,0.1289999932050705,0.1289999932050705,0.1289999932050705,0,0.0,0.0
2020-02-06 00:00:00+08:00,0.1289999932050705,0.1289999932050705,0.1289999932050705,0.1289999932050705,0,0.0,0.0
2020-02-07 00:00:00+08:00,0.1289999932050705,0.1289999932050705,0.1289999932050705,0.1289999932050705,0,0.0,0.0
2020-02-10 00:00:00+08:00,0.1289999932050705,0.1289999932050705,0.1289999932050705,0.1289999932050705,0,0.0,0.0
2020-02-11 00:00:00+08:00,0.1289999932050705,0.1289999932050705,0.1289999932050705,0.1289999932050705,0,0.0,0.0
2020-02-12 00:00:00+08:00,0.1289999932050705,0.1289999932050705,0.1289999932050705,0.1289999932050705,0,0.0,0.0
2020-02-13 00:00:00+08:00,0.1289999932050705,0.1289999932050705,0.1289999932050705,0.1289999932050705,0,0.0,0.0
2020-02-14 00:00:00+08:00,0.14399999380111694,0.14399999380111694,0.14399999380111694,0.14399999380111694,100,0.0,0.0
2020-02-17 00:00:00+08:00,0.14399999380111694,0.14399999380111694,0.14399999380111694,0.14399999380111694,0,0.0,0.0
2020-02-18 00:00:00+08:00,0.14399999380111694,0.14399999380111694,0.14399999380111694,0.14399999380111694,0,0.0,0.0
2020-02-19 00:00:00+08:00,0.14399999380111694,0.14399999380111694,0.14399999380111694,0.14399999380111694,0,0.0,0.0
2020-02-20 00:00:00+08:00,0.1379999965429306,0.14399999380111694,0.1379999965429306,0.14399999380111694,96500,0.0,0.0
2020-02-21 00:00:00+08:00,0.14399999380111694,0.14399999380111694,0.14399999380111694,0.14399999380111694,0,0.0,0.0
2020-02-24 00:00:00+08:00,0.14000000059604645,0.14000000059604645,0.14000000059604645,0.14000000059604645,2100,0.0,0.0
2020-02-25 00:00:00+08:00,0.14000000059604645,0.14000000059604645,0.14000000059604645,0.14000000059604645,0,0.0,0.0
2020-02-26 00:00:00+08:00,0.14000000059604645,0.14000000059604645,0.14000000059604645,0.14000000059604645,0,0.0,0.0
2020-02-27 00:00:00+08:00,0.14000000059604645,0.14000000059604645,0.14000000059604645,0.14000000059604645,0,0.0,0.0
2020-02-28 00:00:00+08:00,0.14000000059604645,0.14000000059604645,0.14000000059604645,0.14000000059604645,0,0.0,0.0
2020-03-02 00:00:00+08:00,0.14000000059604645,0.14000000059604645,0.14000000059604645,0.14000000059604645,0,0.0,0.0
2020-03-03 00:00:00+08:00,0.10000000149011612,0.10000000149011612,0.0820000022649765,0.09300000220537186,6700,0.0,0.0
2020-03-04 00:00:00+08:00,0.09300000220537186,0.09300000220537186,0.09300000220537186,0.09300000220537186,0,0.0,0.0
2020-03-05 00:00:00+08:00,0.07999999821186066,0.07999999821186066,0.07999999821186066,0.07999999821186066,8700,0.0,0.0
2020-03-06 00:00:00+08:00,0.07999999821186066,0.10000000149011612,0.07999999821186066,0.0860000029206276,70700,0.0,0.0
2020-03-09 00:00:00+08:00,0.0860000029206276,0.0860000029206276,0.0860000029206276,0.0860000029206276,0,0.0,0.0
2020-03-10 00:00:00+08:00,0.0860000029206276,0.0860000029206276,0.0860000029206276,0.0860000029206276,0,0.0,0.0
2020-03-11 00:00:00+08:00,0.0860000029206276,0.0860000029206276,0.0860000029206276,0.0860000029206276,12000,0.0,0.0
2020-03-12 00:00:00+08:00,0.0860000029206276,0.0860000029206276,0.0860000029206276,0.0860000029206276,0,0.0,0.0
2020-03-13 00:00:00+08:00,0.0860000029206276,0.0860000029206276,0.0860000029206276,0.0860000029206276,0,0.0,0.0
2020-03-16 00:00:00+08:00,0.0860000029206276,0.0860000029206276,0.0860000029206276,0.0860000029206276,0,0.0,0.0
2020-03-17 00:00:00+08:00,0.06599999964237213,0.06599999964237213,0.035999998450279236,0.035999998450279236,40400,0.0,0.0
2020-03-18 00:00:00+08:00,0.035999998450279236,0.035999998450279236,0.035999998450279236,0.035999998450279236,0,0.0,0.0
2020-03-19 00:00:00+08:00,0.03799999877810478,0.03799999877810478,0.03799999877810478,0.03799999877810478,100,0.0,0.0
2020-03-20 00:00:00+08:00,0.03799999877810478,0.03799999877810478,0.03799999877810478,0.03799999877810478,0,0.0,0.0
2020-03-23 00:00:00+08:00,0.03799999877810478,0.03799999877810478,0.03799999877810478,0.03799999877810478,0,0.0,0.0
2020-03-24 00:00:00+08:00,0.03799999877810478,0.03799999877810478,0.03799999877810478,0.03799999877810478,0,0.0,0.0
2020-03-25 00:00:00+08:00,0.03799999877810478,0.03799999877810478,0.03799999877810478,0.03799999877810478,0,0.0,0.0
2020-03-26 00:00:00+08:00,0.03799999877810478,0.03799999877810478,0.03799999877810478,0.03799999877810478,0,0.0,0.0
2020-03-27 00:00:00+08:00,0.03799999877810478,0.03799999877810478,0.03799999877810478,0.03799999877810478,0,0.0,0.0
2020-03-30 00:00:00+08:00,0.03799999877810478,0.03799999877810478,0.03799999877810478,0.03799999877810478,0,0.0,0.0
2020-03-31 00:00:00+08:00,0.03799999877810478,0.03799999877810478,0.03799999877810478,0.03799999877810478,0,0.0,0.0
2020-04-01 00:00:00+08:00,0.039000000804662704,0.039000000804662704,0.039000000804662704,0.039000000804662704,49400,0.0,0.0
2020-04-02 00:00:00+08:00,0.032999999821186066,0.05000000074505806,0.026000000536441803,0.026000000536441803,59400,0.0,0.0
2020-04-03 00:00:00+08:00,0.03099999949336052,0.03099999949336052,0.03099999949336052,0.03099999949336052,190000,0.0,0.0
2020-04-06 00:00:00+08:00,0.03099999949336052,0.03099999949336052,0.03099999949336052,0.03099999949336052,25000,0.0,0.0
2020-04-07 00:00:00+08:00,0.03099999949336052,0.03099999949336052,0.03099999949336052,0.03099999949336052,0,0.0,0.0
2020-04-08 00:00:00+08:00,0.03099999949336052,0.03099999949336052,0.03099999949336052,0.03099999949336052,0,0.0,0.0
2020-04-09 00:00:00+08:00,0.03099999949336052,0.03099999949336052,0.03099999949336052,0.03099999949336052,0,0.0,0.0
2020-04-13 00:00:00+08:00,0.03099999949336052,0.03099999949336052,0.03099999949336052,0.03099999949336052,0,0.0,0.0
2020-04-14 00:00:00+08:00,0.03099999949336052,0.03099999949336052,0.03099999949336052,0.03099999949336052,0,0.0,0.0
2020-04-15 00:00:00+08:00,0.03999999910593033,0.03999999910593033,0.03799999877810478,0.03799999877810478,153000,0.0,0.0
2020-04-16 00:00:00+08:00,0.03799999877810478,0.03799999877810478,0.03799999877810478,0.03799999877810478,0,0.0,0.0
2020-04-17 00:00:00+08:00,0.03799999877810478,0.03799999877810478,0.03799999877810478,0.03799999877810478,0,0.0,0.0
2020-04-20 00:00:00+08:00,0.03799999877810478,0.03799999877810478,0.03799999877810478,0.03799999877810478,0,0.0,0.0
2020-04-21 00:00:00+08:00,0.03799999877810478,0.03799999877810478,0.03799999877810478,0.03799999877810478,0,0.0,0.0
2020-04-22 00:00:00+08:00,0.03799999877810478,0.03799999877810478,0.03799999877810478,0.03799999877810478,0,0.0,0.0
2020-04-23 00:00:00+08:00,0.03799999877810478,0.03799999877810478,0.03799999877810478,0.03799999877810478,0,0.0,0.0
2020-04-24 00:00:00+08:00,0.03799999877810478,0.03799999877810478,0.03799999877810478,0.03799999877810478,0,0.0,0.0
2020-04-27 00:00:00+08:00,0.05000000074505806,0.05000000074505806,0.05000000074505806,0.05000000074505806,10100,0.0,0.0
2020-04-28 00:00:00+08:00,0.05000000074505806,0.05000000074505806,0.05000000074505806,0.05000000074505806,0,0.0,0.0
2020-04-29 00:00:00+08:00,0.05000000074505806,0.05000000074505806,0.05000000074505806,0.05000000074505806,0,0.0,0.0
2020-04-30 00:00:00+08:00,0.05000000074505806,0.05000000074505806,0.05000000074505806,0.05000000074505806,0,0.0,0.0
2020-05-04 00:00:00+08:00,0.05000000074505806,0.05000000074505806,0.05000000074505806,0.05000000074505806,0,0.0,0.0
2020-05-05 00:00:00+08:00,0.05000000074505806,0.05000000074505806,0.05000000074505806,0.05000000074505806,0,0.0,0.0
2020-05-06 00:00:00+08:00,0.05999999865889549,0.05999999865889549,0.039000000804662704,0.057999998331069946,5400,0.0,0.0
2020-05-08 00:00:00+08:00,0.057999998331069946,0.057999998331069946,0.057999998331069946,0.057999998331069946,0,0.0,0.0
2020-05-11 00:00:00+08:00,0.057999998331069946,0.057999998331069946,0.057999998331069946,0.057999998331069946,0,0.0,0.0
2020-05-12 00:00:00+08:00,0.057999998331069946,0.057999998331069946,0.057999998331069946,0.057999998331069946,0,0.0,0.0
2020-05-13 00:00:00+08:00,0.0560000017285347,0.07000000029802322,0.054999999701976776,0.07000000029802322,16700,0.0,0.0
2020-05-14 00:00:00+08:00,0.07000000029802322,0.07000000029802322,0.07000000029802322,0.07000000029802322,0,0.0,0.0
2020-05-15 00:00:00+08:00,0.07000000029802322,0.07000000029802322,0.07000000029802322,0.07000000029802322,0,0.0,0.0
2020-05-18 00:00:00+08:00,0.07000000029802322,0.07000000029802322,0.07000000029802322,0.07000000029802322,0,0.0,0.0
2020-05-19 00:00:00+08:00,0.07000000029802322,0.07000000029802322,0.07000000029802322,0.07000000029802322,0,0.0,0.0
2020-05-20 00:00:00+08:00,0.07000000029802322,0.07000000029802322,0.07000000029802322,0.07000000029802322,0,0.0,0.0
2020-05-21 00:00:00+08:00,0.05999999865889549,0.07000000029802322,0.05999999865889549,0.07000000029802322,52500,0.0,0.0
2020-05-22 00:00:00+08:00,0.07000000029802322,0.07000000029802322,0.07000000029802322,0.07000000029802322,0,0.0,0.0
2020-05-26 00:00:00+08:00,0.061000000685453415,0.061000000685453415,0.061000000685453415,0.061000000685453415,700,0.0,0.0
2020-05-27 00:00:00+08:00,0.061000000685453415,0.061000000685453415,0.061000000685453415,0.061000000685453415,0,0.0,0.0
2020-05-28 00:00:00+08:00,0.05999999865889549,0.05999999865889549,0.05999999865889549,0.05999999865889549,10000,0.0,0.0
2020-05-29 00:00:00+08:00,0.05999999865889549,0.05999999865889549,0.05999999865889549,0.05999999865889549,0,0.0,0.0
2020-06-01 00:00:00+08:00,0.05999999865889549,0.05999999865889549,0.05999999865889549,0.05999999865889549,0,0.0,0.0
2020-06-02 00:00:00+08:00,0.05999999865889549,0.05999999865889549,0.05999999865889549,0.05999999865889549,0,0.0,0.0
2020-06-03 00:00:00+08:00,0.05999999865889549,0.05999999865889549,0.05999999865889549,0.05999999865889549,0,0.0,0.0
2020-06-04 00:00:00+08:00,0.05999999865889549,0.05999999865889549,0.05999999865889549,0.05999999865889549,0,0.0,0.0
2020-06-05 00:00:00+08:00,0.07500000298023224,0.07999999821186066,0.07000000029802322,0.07999999821186066,201000,0.0,0.0
2020-06-08 00:00:00+08:00,0.07999999821186066,0.07999999821186066,0.07999999821186066,0.07999999821186066,0,0.0,0.0
2020-06-09 00:00:00+08:00,0.07999999821186066,0.07999999821186066,0.07999999821186066,0.07999999821186066,0,0.0,0.0
2020-06-10 00:00:00+08:00,0.07999999821186066,0.07999999821186066,0.07999999821186066,0.07999999821186066,0,0.0,0.0
2020-06-11 00:00:00+08:00,0.07999999821186066,0.07999999821186066,0.07999999821186066,0.07999999821186066,0,0.0,0.0
2020-06-12 00:00:00+08:00,0.07999999821186066,0.07999999821186066,0.07999999821186066,0.07999999821186066,0,0.0,0.0
2020-06-15 00:00:00+08:00,0.07999999821186066,0.07999999821186066,0.07999999821186066,0.07999999821186066,0,0.0,0.0
2020-06-16 00:00:00+08:00,0.07999999821186066,0.07999999821186066,0.07999999821186066,0.07999999821186066,0,0.0,0.0
2020-06-17 00:00:00+08:00,0.07999999821186066,0.07999999821186066,0.07999999821186066,0.07999999821186066,0,0.0,0.0
2020-06-18 00:00:00+08:00,0.07999999821186066,0.07999999821186066,0.07999999821186066,0.07999999821186066,0,0.0,0.0
2020-06-19 00:00:00+08:00,0.07999999821186066,0.07999999821186066,0.07999999821186066,0.07999999821186066,0,0.0,0.0
2020-06-22 00:00:00+08:00,0.07999999821186066,0.07999999821186066,0.07999999821186066,0.07999999821186066,0,0.0,0.0
2020-06-23 00:00:00+08:00,0.07999999821186066,0.07999999821186066,0.07999999821186066,0.07999999821186066,0,0.0,0.0
2020-06-24 00:00:00+08:00,0.07999999821186066,0.07999999821186066,0.07999999821186066,0.07999999821186066,0,0.0,0.0
2020-06-25 00:00:00+08:00,0.07999999821186066,0.07999999821186066,0.07999999821186066,0.07999999821186066,0,0.0,0.0
2020-06-26 00:00:00+08:00,0.07999999821186066,0.07999999821186066,0.07999999821186066,0.07999999821186066,0,0.0,0.0
2020-06-29 00:00:00+08:00,0.07999999821186066,0.07999999821186066,0.07999999821186066,0.07999999821186066,0,0.0,0.0
2020-06-30 00:00:00+08:00,0.07999999821186066,0.07999999821186066,0.07999999821186066,0.07999999821186066,0,0.0,0.0
2020-07-01 00:00:00+08:00,0.07999999821186066,0.07999999821186066,0.07999999821186066,0.07999999821186066,0,0.0,0.0
2020-07-02 00:00:00+08:00,0.07999999821186066,0.07999999821186066,0.07999999821186066,0.07999999821186066,0,0.0,0.0
2020-07-03 00:00:00+08:00,0.07999999821186066,0.07999999821186066,0.07999999821186066,0.07999999821186066,0,0.0,0.0
2020-07-06 00:00:00+08:00,0.07999999821186066,0.07999999821186066,0.07999999821186066,0.07999999821186066,0,0.0,0.0
2020-07-07 00:00:00+08:00,0.07599999755620956,0.07599999755620956,0.07599999755620956,0.07599999755620956,20000,0.0,0.0
2020-07-08 00:00:00+08:00,0.07599999755620956,0.07599999755620956,0.07599999755620956,0.07599999755620956,0,0.0,0.0
2020-07-09 00:00:00+08:00,0.08100000023841858,0.10000000149011612,0.07999999821186066,0.0820000022649765,160600,0.0,0.0
2020-07-13 00:00:00+08:00,0.0820000022649765,0.0989999994635582,0.0820000022649765,0.0820000022649765,1000,0.0,0.0
2020-07-14 00:00:00+08:00,0.0989999994635582,0.10000000149011612,0.08799999952316284,0.09700000286102295,30600,0.0,0.0
2020-07-15 00:00:00+08:00,0.09700000286102295,0.09700000286102295,0.09700000286102295,0.09700000286102295,20000,0.0,0.0
2020-07-16 00:00:00+08:00,0.10300000011920929,0.10300000011920929,0.10300000011920929,0.10300000011920929,6100,0.0,0.0
2020-07-17 00:00:00+08:00,0.0860000029206276,0.0860000029206276,0.0860000029206276,0.0860000029206276,10000,0.0,0.0
2020-07-20 00:00:00+08:00,0.0860000029206276,0.0860000029206276,0.0860000029206276,0.0860000029206276,0,0.0,0.0
2020-07-21 00:00:00+08:00,0.0860000029206276,0.0860000029206276,0.0860000029206276,0.0860000029206276,0,0.0,0.0
2020-07-22 00:00:00+08:00,0.0860000029206276,0.0860000029206276,0.0860000029206276,0.0860000029206276,0,0.0,0.0
2020-07-23 00:00:00+08:00,0.0860000029206276,0.0860000029206276,0.0860000029206276,0.0860000029206276,0,0.0,0.0
2020-07-24 00:00:00+08:00,0.08299999684095383,0.09399999678134918,0.07500000298023224,0.09399999678134918,70100,0.0,0.0
2020-07-27 00:00:00+08:00,0.09399999678134918,0.09399999678134918,0.09399999678134918,0.09399999678134918,0,0.0,0.0
2020-07-28 00:00:00+08:00,0.09399999678134918,0.09399999678134918,0.09399999678134918,0.09399999678134918,0,0.0,0.0
2020-07-29 00:00:00+08:00,0.09399999678134918,0.09399999678134918,0.09399999678134918,0.09399999678134918,0,0.0,0.0
2020-07-30 00:00:00+08:00,0.09399999678134918,0.09399999678134918,0.09399999678134918,0.09399999678134918,0,0.0,0.0
2020-08-03 00:00:00+08:00,0.09399999678134918,0.09399999678134918,0.09399999678134918,0.09399999678134918,0,0.0,0.0
2020-08-04 00:00:00+08:00,0.09399999678134918,0.09399999678134918,0.09399999678134918,0.09399999678134918,0,0.0,0.0
2020-08-05 00:00:00+08:00,0.09399999678134918,0.09399999678134918,0.09399999678134918,0.09399999678134918,0,0.0,0.0
2020-08-06 00:00:00+08:00,0.09399999678134918,0.09399999678134918,0.09399999678134918,0.09399999678134918,0,0.0,0.0
2020-08-07 00:00:00+08:00,0.09399999678134918,0.09399999678134918,0.09399999678134918,0.09399999678134918,0,0.0,0.0
2020-08-11 00:00:00+08:00,0.09399999678134918,0.09399999678134918,0.09399999678134918,0.09399999678134918,0,0.0,0.0
2020-08-12 00:00:00+08:00,0.0949999988079071,0.11699999868869781,0.0860000029206276,0.10499999672174454,420500,0.0,0.0
2020-08-13 00:00:00+08:00,0.09700000286102295,0.10899999737739563,0.09700000286102295,0.10899999737739563,76100,0.0,0.0
2020-08-14 00:00:00+08:00,0.09399999678134918,0.09399999678134918,0.09399999678134918,0.09399999678134918,10100,0.0,0.0
2020-08-17 00:00:00+08:00,0.09399999678134918,0.09399999678134918,0.09099999815225601,0.09099999815225601,40000,0.0,0.0
2020-08-18 00:00:00+08:00,0.09099999815225601,0.09099999815225601,0.09099999815225601,0.09099999815225601,0,0.0,0.0
2020-08-19 00:00:00+08:00,0.09099999815225601,0.09099999815225601,0.09099999815225601,0.09099999815225601,0,0.0,0.0
2020-08-20 00:00:00+08:00,0.09099999815225601,0.09099999815225601,0.09099999815225601,0.09099999815225601,0,0.0,0.0
2020-08-21 00:00:00+08:00,0.09099999815225601,0.09099999815225601,0.09099999815225601,0.09099999815225601,0,0.0,0.0
2020-08-24 00:00:00+08:00,0.09099999815225601,0.09099999815225601,0.09099999815225601,0.09099999815225601,0,0.0,0.0
2020-08-25 00:00:00+08:00,0.09799999743700027,0.09799999743700027,0.09700000286102295,0.09799999743700027,70100,0.0,0.0
2020-08-26 00:00:00+08:00,0.0949999988079071,0.09799999743700027,0.0949999988079071,0.09799999743700027,41700,0.0,0.0
2020-08-27 00:00:00+08:00,0.09799999743700027,0.09799999743700027,0.09799999743700027,0.09799999743700027,0,0.0,0.0
2020-08-28 00:00:00+08:00,0.09799999743700027,0.09799999743700027,0.09799999743700027,0.09799999743700027,0,0.0,0.0
2020-08-31 00:00:00+08:00,0.09799999743700027,0.09799999743700027,0.09799999743700027,0.09799999743700027,0,0.0,0.0
2020-09-01 00:00:00+08:00,0.09799999743700027,0.09799999743700027,0.09799999743700027,0.09799999743700027,0,0.0,0.0
2020-09-02 00:00:00+08:00,0.09799999743700027,0.09799999743700027,0.09799999743700027,0.09799999743700027,0,0.0,0.0
2020-09-03 00:00:00+08:00,0.09799999743700027,0.09799999743700027,0.09799999743700027,0.09799999743700027,0,0.0,0.0
2020-09-04 00:00:00+08:00,0.09799999743700027,0.09799999743700027,0.09799999743700027,0.09799999743700027,0,0.0,0.0
2020-09-07 00:00:00+08:00,0.08799999952316284,0.08799999952316284,0.08699999749660492,0.08699999749660492,17000,0.0,0.0
2020-09-08 00:00:00+08:00,0.08699999749660492,0.08699999749660492,0.08699999749660492,0.08699999749660492,0,0.0,0.0
2020-09-09 00:00:00+08:00,0.08699999749660492,0.08699999749660492,0.08699999749660492,0.08699999749660492,0,0.0,0.0
2020-09-10 00:00:00+08:00,0.08699999749660492,0.08699999749660492,0.08699999749660492,0.08699999749660492,0,0.0,0.0
2020-09-11 00:00:00+08:00,0.08699999749660492,0.08699999749660492,0.08699999749660492,0.08699999749660492,0,0.0,0.0
2020-09-14 00:00:00+08:00,0.08699999749660492,0.08699999749660492,0.08699999749660492,0.08699999749660492,0,0.0,0.0
2020-09-15 00:00:00+08:00,0.08699999749660492,0.08699999749660492,0.08699999749660492,0.08699999749660492,0,0.0,0.0
2020-09-16 00:00:00+08:00,0.08699999749660492,0.08699999749660492,0.08699999749660492,0.08699999749660492,0,0.0,0.0
2020-09-17 00:00:00+08:00,0.08699999749660492,0.08699999749660492,0.08699999749660492,0.08699999749660492,0,0.0,0.0
2020-09-18 00:00:00+08:00,0.08699999749660492,0.08699999749660492,0.08699999749660492,0.08699999749660492,0,0.0,0.0
2020-09-21 00:00:00+08:00,0.08699999749660492,0.08699999749660492,0.08699999749660492,0.08699999749660492,0,0.0,0.0
2020-09-22 00:00:00+08:00,0.08699999749660492,0.08699999749660492,0.08699999749660492,0.08699999749660492,0,0.0,0.0
2020-09-23 00:00:00+08:00,0.08699999749660492,0.08699999749660492,0.08699999749660492,0.08699999749660492,0,0.0,0.0
2020-09-24 00:00:00+08:00,0.08699999749660492,0.08699999749660492,0.08699999749660492,0.08699999749660492,0,0.0,0.0
2020-09-25 00:00:00+08:00,0.08699999749660492,0.08699999749660492,0.08699999749660492,0.08699999749660492,0,0.0,0.0
2020-09-28 00:00:00+08:00,0.08699999749660492,0.08699999749660492,0.08699999749660492,0.08699999749660492,0,0.0,0.0
2020-09-29 00:00:00+08:00,0.08699999749660492,0.08699999749660492,0.08699999749660492,0.08699999749660492,0,0.0,0.0
2020-09-30 00:00:00+08:00,0.08699999749660492,0.08699999749660492,0.08699999749660492,0.08699999749660492,0,0.0,0.0
2020-10-01 00:00:00+08:00,0.08699999749660492,0.08699999749660492,0.08699999749660492,0.08699999749660492,0,0.0,0.0
2020-10-02 00:00:00+08:00,0.08699999749660492,0.08699999749660492,0.08699999749660492,0.08699999749660492,0,0.0,0.0
2020-10-05 00:00:00+08:00,0.08699999749660492,0.08699999749660492,0.08699999749660492,0.08699999749660492,0,0.0,0.0
2020-10-06 00:00:00+08:00,0.08699999749660492,0.08699999749660492,0.08699999749660492,0.08699999749660492,0,0.0,0.0
2020-10-07 00:00:00+08:00,0.08699999749660492,0.08699999749660492,0.08699999749660492,0.08699999749660492,0,0.0,0.0
2020-10-08 00:00:00+08:00,0.08699999749660492,0.08699999749660492,0.08699999749660492,0.08699999749660492,0,0.0,0.0
2020-10-09 00:00:00+08:00,0.08699999749660492,0.08699999749660492,0.08699999749660492,0.08699999749660492,0,0.0,0.0
2020-10-12 00:00:00+08:00,0.08699999749660492,0.08699999749660492,0.08699999749660492,0.08699999749660492,0,0.0,0.0
2020-10-13 00:00:00+08:00,0.08699999749660492,0.08699999749660492,0.08699999749660492,0.08699999749660492,0,0.0,0.0
2020-10-14 00:00:00+08:00,0.08699999749660492,0.08699999749660492,0.08699999749660492,0.08699999749660492,0,0.0,0.0
2020-10-15 00:00:00+08:00,0.08699999749660492,0.08699999749660492,0.08699999749660492,0.08699999749660492,0,0.0,0.0
2020-10-16 00:00:00+08:00,0.08699999749660492,0.08699999749660492,0.08699999749660492,0.08699999749660492,0,0.0,0.0
2020-10-19 00:00:00+08:00,0.08699999749660492,0.08699999749660492,0.08699999749660492,0.08699999749660492,0,0.0,0.0
2020-10-20 00:00:00+08:00,0.08699999749660492,0.08699999749660492,0.08699999749660492,0.08699999749660492,0,0.0,0.0
2020-10-21 00:00:00+08:00,0.08699999749660492,0.08699999749660492,0.08699999749660492,0.08699999749660492,0,0.0,0.0
2020-10-22 00:00:00+08:00,0.0820000022649765,0.0820000022649765,0.0820000022649765,0.0820000022649765,3300,0.0,0.0
2020-10-23 00:00:00+08:00,0.0820000022649765,0.0820000022649765,0.0820000022649765,0.0820000022649765,0,0.0,0.0
2020-10-26 00:00:00+08:00,0.0820000022649765,0.0820000022649765,0.0820000022649765,0.0820000022649765,0,0.0,0.0
2020-10-27 00:00:00+08:00,0.0820000022649765,0.0820000022649765,0.0820000022649765,0.0820000022649765,0,0.0,0.0
2020-10-28 00:00:00+08:00,0.0820000022649765,0.0820000022649765,0.0820000022649765,0.0820000022649765,0,0.0,0.0
2020-10-29 00:00:00+08:00,0.0820000022649765,0.0820000022649765,0.0820000022649765,0.0820000022649765,0,0.0,0.0
2020-10-30 00:00:00+08:00,0.0820000022649765,0.0820000022649765,0.0820000022649765,0.0820000022649765,0,0.0,0.0
2020-11-02 00:00:00+08:00,0.0820000022649765,0.0820000022649765,0.0820000022649765,0.0820000022649765,0,0.0,0.0
2020-11-03 00:00:00+08:00,0.0820000022649765,0.0820000022649765,0.0820000022649765,0.0820000022649765,0,0.0,0.0
2020-11-04 00:00:00+08:00,0.0820000022649765,0.0820000022649765,0.0820000022649765,0.0820000022649765,0,0.0,0.0
2020-11-05 00:00:00+08:00,0.0820000022649765,0.0820000022649765,0.0820000022649765,0.0820000022649765,0,0.0,0.0
2020-11-06 00:00:00+08:00,0.0820000022649765,0.0820000022649765,0.0820000022649765,0.0820000022649765,0,0.0,0.0
2020-11-09 00:00:00+08:00,0.06199999898672104,0.06199999898672104,0.06199999898672104,0.06199999898672104,2600,0.0,0.0
2020-11-10 00:00:00+08:00,0.06199999898672104,0.06199999898672104,0.06199999898672104,0.06199999898672104,0,0.0,0.0
2020-11-11 00:00:00+08:00,0.06199999898672104,0.06199999898672104,0.06199999898672104,0.06199999898672104,0,0.0,0.0
2020-11-12 00:00:00+08:00,0.06599999964237213,0.06599999964237213,0.06599999964237213,0.06599999964237213,10000,0.0,0.0
2020-11-13 00:00:00+08:00,0.07599999755620956,0.08900000154972076,0.07599999755620956,0.08900000154972076,16700,0.0,0.0
2020-11-16 00:00:00+08:00,0.08900000154972076,0.08900000154972076,0.08900000154972076,0.08900000154972076,0,0.0,0.0
2020-11-17 00:00:00+08:00,0.08900000154972076,0.08900000154972076,0.08900000154972076,0.08900000154972076,0,0.0,0.0
2020-11-18 00:00:00+08:00,0.08900000154972076,0.08900000154972076,0.08900000154972076,0.08900000154972076,0,0.0,0.0
2020-11-19 00:00:00+08:00,0.08900000154972076,0.08900000154972076,0.08900000154972076,0.08900000154972076,0,0.0,0.0
2020-11-20 00:00:00+08:00,0.08900000154972076,0.08900000154972076,0.08900000154972076,0.08900000154972076,0,0.0,0.0
2020-11-23 00:00:00+08:00,0.061000000685453415,0.07900000363588333,0.061000000685453415,0.07900000363588333,34800,0.0,0.0
2020-11-24 00:00:00+08:00,0.07900000363588333,0.07900000363588333,0.07900000363588333,0.07900000363588333,0,0.0,0.0
2020-11-25 00:00:00+08:00,0.07699999958276749,0.07999999821186066,0.07699999958276749,0.07999999821186066,53100,0.0,0.0
2020-11-26 00:00:00+08:00,0.07999999821186066,0.07999999821186066,0.07999999821186066,0.07999999821186066,0,0.0,0.0
2020-11-27 00:00:00+08:00,0.07999999821186066,0.07999999821186066,0.07999999821186066,0.07999999821186066,0,0.0,0.0
2020-11-30 00:00:00+08:00,0.07999999821186066,0.07999999821186066,0.07999999821186066,0.07999999821186066,0,0.0,0.0
2020-12-01 00:00:00+08:00,0.0729999989271164,0.0729999989271164,0.0729999989271164,0.0729999989271164,1600,0.0,0.0
2020-12-02 00:00:00+08:00,0.0729999989271164,0.0729999989271164,0.0729999989271164,0.0729999989271164,0,0.0,0.0
2020-12-03 00:00:00+08:00,0.0729999989271164,0.0729999989271164,0.0729999989271164,0.0729999989271164,0,0.0,0.0
2020-12-04 00:00:00+08:00,0.0729999989271164,0.0729999989271164,0.0729999989271164,0.0729999989271164,0,0.0,0.0
2020-12-07 00:00:00+08:00,0.0729999989271164,0.0729999989271164,0.0729999989271164,0.0729999989271164,0,0.0,0.0
2020-12-08 00:00:00+08:00,0.0729999989271164,0.0729999989271164,0.0729999989271164,0.0729999989271164,0,0.0,0.0
2020-12-09 00:00:00+08:00,0.0729999989271164,0.0729999989271164,0.0729999989271164,0.0729999989271164,0,0.0,0.0
2020-12-10 00:00:00+08:00,0.0729999989271164,0.0729999989271164,0.07000000029802322,0.07000000029802322,33300,0.0,0.0
2020-12-11 00:00:00+08:00,0.07000000029802322,0.07000000029802322,0.07000000029802322,0.07000000029802322,0,0.0,0.0
2020-12-14 00:00:00+08:00,0.07000000029802322,0.07000000029802322,0.07000000029802322,0.07000000029802322,0,0.0,0.0
2020-12-15 00:00:00+08:00,0.07000000029802322,0.07000000029802322,0.07000000029802322,0.07000000029802322,0,0.0,0.0
2020-12-16 00:00:00+08:00,0.07000000029802322,0.07000000029802322,0.07000000029802322,0.07000000029802322,0,0.0,0.0
2020-12-17 00:00:00+08:00,0.07000000029802322,0.07000000029802322,0.07000000029802322,0.07000000029802322,0,0.0,0.0
2020-12-18 00:00:00+08:00,0.07000000029802322,0.07000000029802322,0.07000000029802322,0.07000000029802322,0,0.0,0.0
2020-12-21 00:00:00+08:00,0.07000000029802322,0.07000000029802322,0.07000000029802322,0.07000000029802322,0,0.0,0.0
2020-12-22 00:00:00+08:00,0.07000000029802322,0.07000000029802322,0.07000000029802322,0.07000000029802322,0,0.0,0.0
2020-12-23 00:00:00+08:00,0.07000000029802322,0.07000000029802322,0.07000000029802322,0.07000000029802322,0,0.0,0.0
2020-12-24 00:00:00+08:00,0.07000000029802322,0.07000000029802322,0.07000000029802322,0.07000000029802322,0,0.0,0.0
2020-12-28 00:00:00+08:00,0.07000000029802322,0.07000000029802322,0.07000000029802322,0.07000000029802322,0,0.0,0.0
2020-12-29 00:00:00+08:00,0.07000000029802322,0.07000000029802322,0.07000000029802322,0.07000000029802322,0,0.0,0.0
2020-12-30 00:00:00+08:00,0.0729999989271164,0.0729999989271164,0.0729999989271164,0.0729999989271164,151000,0.0,0.0
2020-12-31 00:00:00+08:00,0.0729999989271164,0.0729999989271164,0.0729999989271164,0.0729999989271164,0,0.0,0.0
2021-01-04 00:00:00+08:00,0.0729999989271164,0.0729999989271164,0.0729999989271164,0.0729999989271164,0,0.0,0.0
2021-01-05 00:00:00+08:00,0.07100000232458115,0.07100000232458115,0.07100000232458115,0.07100000232458115,20000,0.0,0.0
2021-01-06 00:00:00+08:00,0.08399999886751175,0.08399999886751175,0.08399999886751175,0.08399999886751175,100,0.0,0.0
2021-01-07 00:00:00+08:00,0.08399999886751175,0.08399999886751175,0.08399999886751175,0.08399999886751175,0,0.0,0.0
2021-01-08 00:00:00+08:00,0.07999999821186066,0.0820000022649765,0.07999999821186066,0.0820000022649765,52500,0.0,0.0
2021-01-11 00:00:00+08:00,0.07599999755620956,0.07999999821186066,0.07599999755620956,0.07999999821186066,70000,0.0,0.0
2021-01-12 00:00:00+08:00,0.07999999821186066,0.07999999821186066,0.07999999821186066,0.07999999821186066,0,0.0,0.0
2021-01-13 00:00:00+08:00,0.0729999989271164,0.0729999989271164,0.0729999989271164,0.0729999989271164,2200,0.0,0.0
2021-01-14 00:00:00+08:00,0.0729999989271164,0.08399999886751175,0.0729999989271164,0.07999999821186066,53500,0.0,0.0
2021-01-15 00:00:00+08:00,0.0729999989271164,0.08399999886751175,0.0729999989271164,0.08399999886751175,6700,0.0,0.0
2021-01-18 00:00:00+08:00,0.07800000160932541,0.07800000160932541,0.07800000160932541,0.07800000160932541,53600,0.0,0.0
2021-01-19 00:00:00+08:00,0.07800000160932541,0.07800000160932541,0.07800000160932541,0.07800000160932541,0,0.0,0.0
2021-01-20 00:00:00+08:00,0.07800000160932541,0.07800000160932541,0.07800000160932541,0.07800000160932541,0,0.0,0.0
2021-01-21 00:00:00+08:00,0.07800000160932541,0.07800000160932541,0.07800000160932541,0.07800000160932541,0,0.0,0.0
2021-01-22 00:00:00+08:00,0.08399999886751175,0.08399999886751175,0.08399999886751175,0.08399999886751175,8300,0.0,0.0
2021-01-25 00:00:00+08:00,0.08399999886751175,0.08399999886751175,0.08399999886751175,0.08399999886751175,0,0.0,0.0
2021-01-26 00:00:00+08:00,0.08399999886751175,0.08399999886751175,0.08399999886751175,0.08399999886751175,114500,0.0,0.0
2021-01-27 00:00:00+08:00,0.08399999886751175,0.08399999886751175,0.08399999886751175,0.08399999886751175,0,0.0,0.0
2021-01-28 00:00:00+08:00,0.08399999886751175,0.08399999886751175,0.08399999886751175,0.08399999886751175,3300,0.0,0.0
2021-01-29 00:00:00+08:00,0.08399999886751175,0.08399999886751175,0.08399999886751175,0.08399999886751175,11700,0.0,0.0
2021-02-01 00:00:00+08:00,0.08399999886751175,0.08399999886751175,0.08399999886751175,0.08399999886751175,0,0.0,0.0
2021-02-02 00:00:00+08:00,0.08799999952316284,0.09600000083446503,0.08799999952316284,0.09600000083446503,21300,0.0,0.0
2021-02-03 00:00:00+08:00,0.09600000083446503,0.09600000083446503,0.09600000083446503,0.09600000083446503,0,0.0,0.0
2021-02-04 00:00:00+08:00,0.09600000083446503,0.09600000083446503,0.09600000083446503,0.09600000083446503,0,0.0,0.0
2021-02-05 00:00:00+08:00,0.09600000083446503,0.09600000083446503,0.09600000083446503,0.09600000083446503,0,0.0,0.0
2021-02-08 00:00:00+08:00,0.09600000083446503,0.09600000083446503,0.09600000083446503,0.09600000083446503,0,0.0,0.0
2021-02-09 00:00:00+08:00,0.0949999988079071,0.0949999988079071,0.0949999988079071,0.0949999988079071,10500,0.0,0.0
2021-02-10 00:00:00+08:00,0.0949999988079071,0.0949999988079071,0.0949999988079071,0.0949999988079071,0,0.0,0.0
2021-02-11 00:00:00+08:00,0.0949999988079071,0.0949999988079071,0.0949999988079071,0.0949999988079071,0,0.0,0.0
2021-02-15 00:00:00+08:00,0.0949999988079071,0.0949999988079071,0.0949999988079071,0.0949999988079071,0,0.0,0.0
2021-02-16 00:00:00+08:00,0.0860000029206276,0.0860000029206276,0.08399999886751175,0.08399999886751175,16600,0.0,0.0
2021-02-17 00:00:00+08:00,0.08399999886751175,0.08399999886751175,0.08399999886751175,0.08399999886751175,0,0.0,0.0
2021-02-18 00:00:00+08:00,0.08399999886751175,0.08399999886751175,0.08399999886751175,0.08399999886751175,0,0.0,0.0
2021-02-19 00:00:00+08:00,0.0860000029206276,0.09600000083446503,0.0860000029206276,0.09600000083446503,43200,0.0,0.0
2021-02-22 00:00:00+08:00,0.08500000089406967,0.09600000083446503,0.08399999886751175,0.09600000083446503,138300,0.0,0.0
2021-02-23 00:00:00+08:00,0.09600000083446503,0.09600000083446503,0.09600000083446503,0.09600000083446503,0,0.0,0.0
2021-02-24 00:00:00+08:00,0.09600000083446503,0.09600000083446503,0.09600000083446503,0.09600000083446503,0,0.0,0.0
2021-02-25 00:00:00+08:00,0.08500000089406967,0.0949999988079071,0.08500000089406967,0.0949999988079071,20100,0.0,0.0
2021-02-26 00:00:00+08:00,0.0949999988079071,0.0949999988079071,0.0949999988079071,0.0949999988079071,0,0.0,0.0
2021-03-01 00:00:00+08:00,0.0949999988079071,0.0949999988079071,0.0949999988079071,0.0949999988079071,0,0.0,0.0
2021-03-02 00:00:00+08:00,0.0949999988079071,0.0949999988079071,0.0949999988079071,0.0949999988079071,0,0.0,0.0
2021-03-03 00:00:00+08:00,0.0949999988079071,0.0949999988079071,0.0949999988079071,0.0949999988079071,0,0.0,0.0
2021-03-04 00:00:00+08:00,0.0949999988079071,0.0949999988079071,0.0949999988079071,0.0949999988079071,0,0.0,0.0
2021-03-05 00:00:00+08:00,0.0860000029206276,0.0860000029206276,0.0860000029206276,0.0860000029206276,90000,0.0,0.0
2021-03-08 00:00:00+08:00,0.0860000029206276,0.0860000029206276,0.0860000029206276,0.0860000029206276,0,0.0,0.0
2021-03-09 00:00:00+08:00,0.0860000029206276,0.0860000029206276,0.0860000029206276,0.0860000029206276,0,0.0,0.0
2021-03-10 00:00:00+08:00,0.0860000029206276,0.0860000029206276,0.0860000029206276,0.0860000029206276,0,0.0,0.0
2021-03-11 00:00:00+08:00,0.0860000029206276,0.0860000029206276,0.0860000029206276,0.0860000029206276,30000,0.0,0.0
2021-03-12 00:00:00+08:00,0.0860000029206276,0.0860000029206276,0.0860000029206276,0.0860000029206276,0,0.0,0.0
2021-03-15 00:00:00+08:00,0.0860000029206276,0.0860000029206276,0.0860000029206276,0.0860000029206276,28800,0.0,0.0
2021-03-16 00:00:00+08:00,0.0860000029206276,0.0860000029206276,0.0860000029206276,0.0860000029206276,0,0.0,0.0
2021-03-17 00:00:00+08:00,0.08900000154972076,0.09300000220537186,0.08799999952316284,0.09300000220537186,99700,0.0,0.0
2021-03-18 00:00:00+08:00,0.09600000083446503,0.09600000083446503,0.09300000220537186,0.0949999988079071,69800,0.0,0.0
2021-03-19 00:00:00+08:00,0.09300000220537186,0.09300000220537186,0.09300000220537186,0.09300000220537186,45000,0.0,0.0
2021-03-22 00:00:00+08:00,0.09399999678134918,0.09399999678134918,0.09399999678134918,0.09399999678134918,92400,0.0,0.0
2021-03-23 00:00:00+08:00,0.09399999678134918,0.09399999678134918,0.09399999678134918,0.09399999678134918,0,0.0,0.0
2021-03-24 00:00:00+08:00,0.09399999678134918,0.09399999678134918,0.09399999678134918,0.09399999678134918,24600,0.0,0.0
2021-03-25 00:00:00+08:00,0.0949999988079071,0.10000000149011612,0.0949999988079071,0.10000000149011612,80000,0.0,0.0
2021-03-26 00:00:00+08:00,0.10000000149011612,0.10000000149011612,0.0949999988079071,0.09600000083446503,146300,0.0,0.0
2021-03-29 00:00:00+08:00,0.10000000149011612,0.10000000149011612,0.10000000149011612,0.10000000149011612,20000,0.0,0.0
2021-03-30 00:00:00+08:00,0.10000000149011612,0.10000000149011612,0.10000000149011612,0.10000000149011612,0,0.0,0.0
2021-03-31 00:00:00+08:00,0.10000000149011612,0.10000000149011612,0.10000000149011612,0.10000000149011612,0,0.0,0.0
2021-04-01 00:00:00+08:00,0.0949999988079071,0.0949999988079071,0.0949999988079071,0.0949999988079071,26600,0.0,0.0
2021-04-05 00:00:00+08:00,0.10100000351667404,0.10100000351667404,0.0949999988079071,0.0949999988079071,48600,0.0,0.0
2021-04-06 00:00:00+08:00,0.0949999988079071,0.0949999988079071,0.0949999988079071,0.0949999988079071,0,0.0,0.0
2021-04-07 00:00:00+08:00,0.0949999988079071,0.0949999988079071,0.0949999988079071,0.0949999988079071,0,0.0,0.0
2021-04-08 00:00:00+08:00,0.0949999988079071,0.0949999988079071,0.0949999988079071,0.0949999988079071,0,0.0,0.0
2021-04-09 00:00:00+08:00,0.0949999988079071,0.0949999988079071,0.0949999988079071,0.0949999988079071,0,0.0,0.0
2021-04-12 00:00:00+08:00,0.08799999952316284,0.08799999952316284,0.08799999952316284,0.08799999952316284,5000,0.0,0.0
2021-04-13 00:00:00+08:00,0.08799999952316284,0.08799999952316284,0.08799999952316284,0.08799999952316284,0,0.0,0.0
2021-04-14 00:00:00+08:00,0.08799999952316284,0.08799999952316284,0.08799999952316284,0.08799999952316284,0,0.0,0.0
2021-04-15 00:00:00+08:00,0.08799999952316284,0.08799999952316284,0.08799999952316284,0.08799999952316284,0,0.0,0.0
2021-04-16 00:00:00+08:00,0.08799999952316284,0.08799999952316284,0.08799999952316284,0.08799999952316284,0,0.0,0.0
2021-04-19 00:00:00+08:00,0.08799999952316284,0.08799999952316284,0.08799999952316284,0.08799999952316284,0,0.0,0.0
2021-04-20 00:00:00+08:00,0.08699999749660492,0.08699999749660492,0.0860000029206276,0.08699999749660492,5900,0.0,0.0
2021-04-21 00:00:00+08:00,0.08699999749660492,0.08699999749660492,0.08699999749660492,0.08699999749660492,0,0.0,0.0
2021-04-22 00:00:00+08:00,0.08699999749660492,0.08699999749660492,0.08699999749660492,0.08699999749660492,0,0.0,0.0
2021-04-23 00:00:00+08:00,0.08699999749660492,0.08699999749660492,0.08699999749660492,0.08699999749660492,10000,0.0,0.0
2021-04-26 00:00:00+08:00,0.08699999749660492,0.08699999749660492,0.08699999749660492,0.08699999749660492,0,0.0,0.0
2021-04-27 00:00:00+08:00,0.08699999749660492,0.08699999749660492,0.08699999749660492,0.08699999749660492,0,0.0,0.0
2021-04-28 00:00:00+08:00,0.08900000154972076,0.08900000154972076,0.08900000154972076,0.08900000154972076,12000,0.0,0.0
2021-04-29 00:00:00+08:00,0.08900000154972076,0.08900000154972076,0.08900000154972076,0.08900000154972076,0,0.0,0.0
2021-04-30 00:00:00+08:00,0.08699999749660492,0.08699999749660492,0.08699999749660492,0.08699999749660492,10000,0.0,0.0
2021-05-03 00:00:00+08:00,0.08699999749660492,0.08699999749660492,0.08699999749660492,0.08699999749660492,0,0.0,0.0
2021-05-04 00:00:00+08:00,0.08699999749660492,0.08699999749660492,0.08699999749660492,0.08699999749660492,8000,0.0,0.0
2021-05-05 00:00:00+08:00,0.08699999749660492,0.08699999749660492,0.08699999749660492,0.08699999749660492,0,0.0,0.0
2021-05-06 00:00:00+08:00,0.08699999749660492,0.08699999749660492,0.08699999749660492,0.08699999749660492,0,0.0,0.0
2021-05-07 00:00:00+08:00,0.08699999749660492,0.08699999749660492,0.08699999749660492,0.08699999749660492,0,0.0,0.0
2021-05-10 00:00:00+08:00,0.08699999749660492,0.08699999749660492,0.08699999749660492,0.08699999749660492,0,0.0,0.0
2021-05-11 00:00:00+08:00,0.08699999749660492,0.08699999749660492,0.08699999749660492,0.08699999749660492,0,0.0,0.0
2021-05-12 00:00:00+08:00,0.08699999749660492,0.08699999749660492,0.08699999749660492,0.08699999749660492,0,0.0,0.0
2021-05-14 00:00:00+08:00,0.0860000029206276,0.0860000029206276,0.0860000029206276,0.0860000029206276,56600,0.0,0.0
2021-05-17 00:00:00+08:00,0.0860000029206276,0.0860000029206276,0.0860000029206276,0.0860000029206276,0,0.0,0.0
2021-05-18 00:00:00+08:00,0.08699999749660492,0.08699999749660492,0.08699999749660492,0.08699999749660492,10000,0.0,0.0
2021-05-19 00:00:00+08:00,0.08699999749660492,0.08699999749660492,0.08699999749660492,0.08699999749660492,0,0.0,0.0
2021-05-20 00:00:00+08:00,0.08699999749660492,0.08699999749660492,0.08699999749660492,0.08699999749660492,0,0.0,0.0
2021-05-21 00:00:00+08:00,0.08699999749660492,0.08699999749660492,0.08699999749660492,0.08699999749660492,0,0.0,0.0
2021-05-24 00:00:00+08:00,0.08699999749660492,0.08699999749660492,0.08699999749660492,0.08699999749660492,0,0.0,0.0
2021-05-25 00:00:00+08:00,0.08699999749660492,0.08699999749660492,0.08699999749660492,0.08699999749660492,0,0.0,0.0
2021-05-27 00:00:00+08:00,0.08699999749660492,0.08699999749660492,0.08699999749660492,0.08699999749660492,0,0.0,0.0
2021-05-28 00:00:00+08:00,0.08699999749660492,0.08699999749660492,0.08699999749660492,0.08699999749660492,0,0.0,0.0
2021-05-31 00:00:00+08:00,0.08500000089406967,0.08799999952316284,0.08399999886751175,0.08399999886751175,44000,0.0,0.0
2021-06-01 00:00:00+08:00,0.08399999886751175,0.08399999886751175,0.08399999886751175,0.08399999886751175,0,0.0,0.0
2021-06-02 00:00:00+08:00,0.08799999952316284,0.08900000154972076,0.08799999952316284,0.08900000154972076,36600,0.0,0.0
2021-06-03 00:00:00+08:00,0.10000000149011612,0.10000000149011612,0.10000000149011612,0.10000000149011612,11000,0.0,0.0
2021-06-04 00:00:00+08:00,0.10000000149011612,0.10000000149011612,0.10000000149011612,0.10000000149011612,0,0.0,0.0
2021-06-07 00:00:00+08:00,0.0949999988079071,0.0949999988079071,0.08900000154972076,0.08900000154972076,17700,0.0,0.0
2021-06-08 00:00:00+08:00,0.08900000154972076,0.08900000154972076,0.08900000154972076,0.08900000154972076,0,0.0,0.0
2021-06-09 00:00:00+08:00,0.10000000149011612,0.10000000149011612,0.08900000154972076,0.08900000154972076,55700,0.0,0.0
2021-06-10 00:00:00+08:00,0.08900000154972076,0.08900000154972076,0.08900000154972076,0.08900000154972076,0,0.0,0.0
2021-06-11 00:00:00+08:00,0.08900000154972076,0.08900000154972076,0.08900000154972076,0.08900000154972076,0,0.0,0.0
2021-06-14 00:00:00+08:00,0.08900000154972076,0.08900000154972076,0.08900000154972076,0.08900000154972076,0,0.0,0.0
2021-06-15 00:00:00+08:00,0.08900000154972076,0.08900000154972076,0.08900000154972076,0.08900000154972076,0,0.0,0.0
2021-06-16 00:00:00+08:00,0.10000000149011612,0.125,0.10000000149011612,0.11100000143051147,241000,0.0,0.0
2021-06-17 00:00:00+08:00,0.10700000077486038,0.10700000077486038,0.10700000077486038,0.10700000077486038,100,0.0,0.0
2021-06-18 00:00:00+08:00,0.10700000077486038,0.10700000077486038,0.10700000077486038,0.10700000077486038,11400,0.0,0.0
2021-06-21 00:00:00+08:00,0.10700000077486038,0.10700000077486038,0.10700000077486038,0.10700000077486038,0,0.0,0.0
2021-06-22 00:00:00+08:00,0.1120000034570694,0.11699999868869781,0.09399999678134918,0.09600000083446503,12300,0.0,0.0
2021-06-23 00:00:00+08:00,0.0989999994635582,0.0989999994635582,0.0989999994635582,0.0989999994635582,6600,0.0,0.0
2021-06-24 00:00:00+08:00,0.0989999994635582,0.0989999994635582,0.0989999994635582,0.0989999994635582,0,0.0,0.0
2021-06-25 00:00:00+08:00,0.10000000149011612,0.10199999809265137,0.10000000149011612,0.10100000351667404,83000,0.0,0.0
2021-06-28 00:00:00+08:00,0.10100000351667404,0.10100000351667404,0.10100000351667404,0.10100000351667404,18000,0.0,0.0
2021-06-29 00:00:00+08:00,0.10300000011920929,0.10499999672174454,0.10300000011920929,0.10499999672174454,39000,0.0,0.0
2021-06-30 00:00:00+08:00,0.10499999672174454,0.10499999672174454,0.10499999672174454,0.10499999672174454,0,0.0,0.0
2021-07-01 00:00:00+08:00,0.10499999672174454,0.10499999672174454,0.10499999672174454,0.10499999672174454,100000,0.0,0.0
2021-07-02 00:00:00+08:00,0.1080000028014183,0.11500000208616257,0.10400000214576721,0.10999999940395355,31000,0.0,0.0
2021-07-05 00:00:00+08:00,0.10999999940395355,0.10999999940395355,0.10899999737739563,0.10899999737739563,32000,0.0,0.0
2021-07-06 00:00:00+08:00,0.10899999737739563,0.10899999737739563,0.10899999737739563,0.10899999737739563,30600,0.0,0.0
2021-07-07 00:00:00+08:00,0.10999999940395355,0.11100000143051147,0.10999999940395355,0.11100000143051147,3700,0.0,0.0
2021-07-08 00:00:00+08:00,0.11100000143051147,0.11100000143051147,0.11100000143051147,0.11100000143051147,0,0.0,0.0
2021-07-09 00:00:00+08:00,0.11100000143051147,0.11100000143051147,0.11100000143051147,0.11100000143051147,0,0.0,0.0
2021-07-12 00:00:00+08:00,0.10599999874830246,0.1080000028014183,0.10599999874830246,0.1080000028014183,15700,0.0,0.0
2021-07-13 00:00:00+08:00,0.1080000028014183,0.1080000028014183,0.1080000028014183,0.1080000028014183,0,0.0,0.0
2021-07-14 00:00:00+08:00,0.10599999874830246,0.10700000077486038,0.10499999672174454,0.10700000077486038,77600,0.0,0.0
2021-07-15 00:00:00+08:00,0.11299999803304672,0.11299999803304672,0.11299999803304672,0.11299999803304672,66100,0.0,0.0
2021-07-16 00:00:00+08:00,0.10300000011920929,0.10300000011920929,0.10300000011920929,0.10300000011920929,3300,0.0,0.0
2021-07-19 00:00:00+08:00,0.10400000214576721,0.10400000214576721,0.10400000214576721,0.10400000214576721,7800,0.0,0.0
2021-07-21 00:00:00+08:00,0.10199999809265137,0.10199999809265137,0.10199999809265137,0.10199999809265137,20000,0.0,0.0
2021-07-22 00:00:00+08:00,0.10199999809265137,0.10199999809265137,0.10199999809265137,0.10199999809265137,0,0.0,0.0
2021-07-23 00:00:00+08:00,0.10199999809265137,0.10199999809265137,0.10199999809265137,0.10199999809265137,0,0.0,0.0
2021-07-26 00:00:00+08:00,0.10199999809265137,0.1120000034570694,0.10199999809265137,0.1080000028014183,160300,0.0,0.0
2021-07-27 00:00:00+08:00,0.11299999803304672,0.11299999803304672,0.10199999809265137,0.10599999874830246,81000,0.0,0.0
2021-07-28 00:00:00+08:00,0.10599999874830246,0.10599999874830246,0.10599999874830246,0.10599999874830246,0,0.0,0.0
2021-07-29 00:00:00+08:00,0.10599999874830246,0.10599999874830246,0.10599999874830246,0.10599999874830246,31200,0.0,0.0
2021-07-30 00:00:00+08:00,0.10599999874830246,0.10599999874830246,0.10599999874830246,0.10599999874830246,0,0.0,0.0
2021-08-02 00:00:00+08:00,0.10599999874830246,0.10599999874830246,0.10599999874830246,0.10599999874830246,0,0.0,0.0
2021-08-03 00:00:00+08:00,0.10599999874830246,0.10599999874830246,0.10599999874830246,0.10599999874830246,0,0.0,0.0
2021-08-04 00:00:00+08:00,0.1080000028014183,0.1080000028014183,0.0949999988079071,0.09600000083446503,109900,0.0,0.0
2021-08-05 00:00:00+08:00,0.09600000083446503,0.09600000083446503,0.09600000083446503,0.09600000083446503,0,0.0,0.0
2021-08-06 00:00:00+08:00,0.10100000351667404,0.10100000351667404,0.10100000351667404,0.10100000351667404,43300,0.0,0.0
2021-08-10 00:00:00+08:00,0.10199999809265137,0.10199999809265137,0.10199999809265137,0.10199999809265137,25000,0.0,0.0
2021-08-11 00:00:00+08:00,0.10000000149011612,0.10000000149011612,0.10000000149011612,0.10000000149011612,13300,0.0,0.0
2021-08-12 00:00:00+08:00,0.10000000149011612,0.10000000149011612,0.10000000149011612,0.10000000149011612,0,0.0,0.0
2021-08-13 00:00:00+08:00,0.10000000149011612,0.10000000149011612,0.10000000149011612,0.10000000149011612,4700,0.0,0.0
2021-08-16 00:00:00+08:00,0.10000000149011612,0.10000000149011612,0.10000000149011612,0.10000000149011612,0,0.0,0.0
2021-08-17 00:00:00+08:00,0.10000000149011612,0.10000000149011612,0.10000000149011612,0.10000000149011612,0,0.0,0.0
2021-08-18 00:00:00+08:00,0.10000000149011612,0.10000000149011612,0.10000000149011612,0.10000000149011612,0,0.0,0.0
2021-08-19 00:00:00+08:00,0.10000000149011612,0.10000000149011612,0.10000000149011612,0.10000000149011612,0,0.0,0.0
2021-08-20 00:00:00+08:00,0.10000000149011612,0.10000000149011612,0.10000000149011612,0.10000000149011612,20000,0.0,0.0
2021-08-23 00:00:00+08:00,0.10000000149011612,0.10000000149011612,0.10000000149011612,0.10000000149011612,0,0.0,0.0
2021-08-24 00:00:00+08:00,0.10000000149011612,0.10000000149011612,0.10000000149011612,0.10000000149011612,0,0.0,0.0
2021-08-25 00:00:00+08:00,0.10000000149011612,0.10000000149011612,0.10000000149011612,0.10000000149011612,5500,0.0,0.0
2021-08-26 00:00:00+08:00,0.10000000149011612,0.10000000149011612,0.10000000149011612,0.10000000149011612,0,0.0,0.0
2021-08-27 00:00:00+08:00,0.10000000149011612,0.10000000149011612,0.10000000149011612,0.10000000149011612,0,0.0,0.0
2021-08-30 00:00:00+08:00,0.10000000149011612,0.10000000149011612,0.10000000149011612,0.10000000149011612,0,0.0,0.0
2021-08-31 00:00:00+08:00,0.10000000149011612,0.10000000149011612,0.10000000149011612,0.10000000149011612,0,0.0,0.0
2021-09-01 00:00:00+08:00,0.10000000149011612,0.10000000149011612,0.10000000149011612,0.10000000149011612,0,0.0,0.0
2021-09-02 00:00:00+08:00,0.10000000149011612,0.10000000149011612,0.10000000149011612,0.10000000149011612,0,0.0,0.0
2021-09-03 00:00:00+08:00,0.10000000149011612,0.10000000149011612,0.10000000149011612,0.10000000149011612,0,0.0,0.0
2021-09-06 00:00:00+08:00,0.10000000149011612,0.10000000149011612,0.10000000149011612,0.10000000149011612,13300,0.0,0.0
2021-09-07 00:00:00+08:00,0.10000000149011612,0.10000000149011612,0.10000000149011612,0.10000000149011612,0,0.0,0.0
2021-09-08 00:00:00+08:00,0.0949999988079071,0.0949999988079071,0.0949999988079071,0.0949999988079071,48600,0.0,0.0
2021-09-09 00:00:00+08:00,0.0949999988079071,0.10000000149011612,0.09000000357627869,0.10000000149011612,19600,0.0,0.0
2021-09-10 00:00:00+08:00,0.10000000149011612,0.10000000149011612,0.10000000149011612,0.10000000149011612,0,0.0,0.0
2021-09-13 00:00:00+08:00,0.10000000149011612,0.10000000149011612,0.10000000149011612,0.10000000149011612,0,0.0,0.0
2021-09-14 00:00:00+08:00,0.10000000149011612,0.10000000149011612,0.10000000149011612,0.10000000149011612,0,0.0,0.0
2021-09-15 00:00:00+08:00,0.10000000149011612,0.10000000149011612,0.10000000149011612,0.10000000149011612,0,0.0,0.0
2021-09-16 00:00:00+08:00,0.10000000149011612,0.10000000149011612,0.10000000149011612,0.10000000149011612,0,0.0,0.0
2021-09-17 00:00:00+08:00,0.10000000149011612,0.10000000149011612,0.10000000149011612,0.10000000149011612,0,0.0,0.0
2021-09-20 00:00:00+08:00,0.10000000149011612,0.10000000149011612,0.10000000149011612,0.10000000149011612,0,0.0,0.0
2021-09-21 00:00:00+08:00,0.10000000149011612,0.10000000149011612,0.10000000149011612,0.10000000149011612,0,0.0,0.0
2021-09-22 00:00:00+08:00,0.10000000149011612,0.10000000149011612,0.10000000149011612,0.10000000149011612,0,0.0,0.0
2021-09-23 00:00:00+08:00,0.10000000149011612,0.10000000149011612,0.10000000149011612,0.10000000149011612,0,0.0,0.0
2021-09-24 00:00:00+08:00,0.10000000149011612,0.10000000149011612,0.10000000149011612,0.10000000149011612,0,0.0,0.0
2021-09-27 00:00:00+08:00,0.10000000149011612,0.10000000149011612,0.10000000149011612,0.10000000149011612,0,0.0,0.0
2021-09-28 00:00:00+08:00,0.10000000149011612,0.10000000149011612,0.10000000149011612,0.10000000149011612,0,0.0,0.0
2021-09-29 00:00:00+08:00,0.10000000149011612,0.10000000149011612,0.10000000149011612,0.10000000149011612,0,0.0,0.0
2021-09-30 00:00:00+08:00,0.10000000149011612,0.10000000149011612,0.10000000149011612,0.10000000149011612,0,0.0,0.0
2021-10-01 00:00:00+08:00,0.10000000149011612,0.10000000149011612,0.10000000149011612,0.10000000149011612,0,0.0,0.0
2021-10-04 00:00:00+08:00,0.10199999809265137,0.10199999809265137,0.09000000357627869,0.09000000357627869,400,0.0,0.0
2021-10-05 00:00:00+08:00,0.09000000357627869,0.09000000357627869,0.09000000357627869,0.09000000357627869,0,0.0,0.0
2021-10-06 00:00:00+08:00,0.09000000357627869,0.09000000357627869,0.09000000357627869,0.09000000357627869,0,0.0,0.0
2021-10-07 00:00:00+08:00,0.09000000357627869,0.09000000357627869,0.09000000357627869,0.09000000357627869,0,0.0,0.0
2021-10-08 00:00:00+08:00,0.09000000357627869,0.09000000357627869,0.09000000357627869,0.09000000357627869,0,0.0,0.0
2021-10-11 00:00:00+08:00,0.09000000357627869,0.09000000357627869,0.09000000357627869,0.09000000357627869,0,0.0,0.0
2021-10-12 00:00:00+08:00,0.09000000357627869,0.09000000357627869,0.09000000357627869,0.09000000357627869,0,0.0,0.0
2021-10-13 00:00:00+08:00,0.09000000357627869,0.09000000357627869,0.09000000357627869,0.09000000357627869,0,0.0,0.0
2021-10-14 00:00:00+08:00,0.09000000357627869,0.09000000357627869,0.09000000357627869,0.09000000357627869,0,0.0,0.0
2021-10-15 00:00:00+08:00,0.09000000357627869,0.09000000357627869,0.09000000357627869,0.09000000357627869,0,0.0,0.0
2021-10-18 00:00:00+08:00,0.09000000357627869,0.09000000357627869,0.09000000357627869,0.09000000357627869,0,0.0,0.0
2021-10-19 00:00:00+08:00,0.09000000357627869,0.09000000357627869,0.09000000357627869,0.09000000357627869,0,0.0,0.0
2021-10-20 00:00:00+08:00,0.09000000357627869,0.09000000357627869,0.09000000357627869,0.09000000357627869,0,0.0,0.0
2021-10-21 00:00:00+08:00,0.09000000357627869,0.09000000357627869,0.09000000357627869,0.09000000357627869,0,0.0,0.0
2021-10-22 00:00:00+08:00,0.09000000357627869,0.09000000357627869,0.09000000357627869,0.09000000357627869,0,0.0,0.0
2021-10-25 00:00:00+08:00,0.09000000357627869,0.09000000357627869,0.09000000357627869,0.09000000357627869,0,0.0,0.0
2021-10-26 00:00:00+08:00,0.09099999815225601,0.09300000220537186,0.09099999815225601,0.09300000220537186,3600,0.0,0.0
2021-10-27 00:00:00+08:00,0.09300000220537186,0.09300000220537186,0.09300000220537186,0.09300000220537186,0,0.0,0.0
2021-10-28 00:00:00+08:00,0.09300000220537186,0.09300000220537186,0.09300000220537186,0.09300000220537186,0,0.0,0.0
2021-10-29 00:00:00+08:00,0.09300000220537186,0.09300000220537186,0.09300000220537186,0.09300000220537186,20000,0.0,0.0
2021-11-01 00:00:00+08:00,0.09300000220537186,0.09300000220537186,0.09300000220537186,0.09300000220537186,0,0.0,0.0
2021-11-02 00:00:00+08:00,0.09300000220537186,0.09300000220537186,0.09300000220537186,0.09300000220537186,0,0.0,0.0
2021-11-03 00:00:00+08:00,0.09300000220537186,0.09300000220537186,0.09300000220537186,0.09300000220537186,0,0.0,0.0
2021-11-05 00:00:00+08:00,0.09300000220537186,0.09300000220537186,0.09300000220537186,0.09300000220537186,0,0.0,0.0
2021-11-08 00:00:00+08:00,0.09300000220537186,0.09300000220537186,0.09300000220537186,0.09300000220537186,0,0.0,0.0
2021-11-09 00:00:00+08:00,0.09300000220537186,0.09300000220537186,0.09300000220537186,0.09300000220537186,0,0.0,0.0
2021-11-10 00:00:00+08:00,0.09300000220537186,0.09300000220537186,0.09300000220537186,0.09300000220537186,0,0.0,0.0
2021-11-11 00:00:00+08:00,0.09300000220537186,0.09300000220537186,0.09300000220537186,0.09300000220537186,0,0.0,0.0
2021-11-12 00:00:00+08:00,0.09300000220537186,0.09300000220537186,0.09300000220537186,0.09300000220537186,0,0.0,0.0
2021-11-15 00:00:00+08:00,0.09200000017881393,0.09200000017881393,0.08799999952316284,0.08799999952316284,3300,0.0,0.0
2021-11-16 00:00:00+08:00,0.08799999952316284,0.08799999952316284,0.08799999952316284,0.08799999952316284,0,0.0,0.0
2021-11-17 00:00:00+08:00,0.08799999952316284,0.08799999952316284,0.08799999952316284,0.08799999952316284,0,0.0,0.0
2021-11-18 00:00:00+08:00,0.08799999952316284,0.08799999952316284,0.08799999952316284,0.08799999952316284,0,0.0,0.0
2021-11-19 00:00:00+08:00,0.08799999952316284,0.08799999952316284,0.08799999952316284,0.08799999952316284,0,0.0,0.0
2021-11-22 00:00:00+08:00,0.09000000357627869,0.09000000357627869,0.08799999952316284,0.08799999952316284,25000,0.0,0.0
2021-11-23 00:00:00+08:00,0.08799999952316284,0.08799999952316284,0.08799999952316284,0.08799999952316284,0,0.0,0.0
2021-11-24 00:00:00+08:00,0.08799999952316284,0.08799999952316284,0.08799999952316284,0.08799999952316284,0,0.0,0.0
2021-11-25 00:00:00+08:00,0.08799999952316284,0.08799999952316284,0.08799999952316284,0.08799999952316284,0,0.0,0.0
2021-11-26 00:00:00+08:00,0.08799999952316284,0.08799999952316284,0.08799999952316284,0.08799999952316284,0,0.0,0.0
2021-11-29 00:00:00+08:00,0.08799999952316284,0.08799999952316284,0.08799999952316284,0.08799999952316284,0,0.0,0.0
2021-11-30 00:00:00+08:00,0.08799999952316284,0.08799999952316284,0.08799999952316284,0.08799999952316284,0,0.0,0.0
2021-12-01 00:00:00+08:00,0.08799999952316284,0.08799999952316284,0.08799999952316284,0.08799999952316284,0,0.0,0.0
2021-12-02 00:00:00+08:00,0.07900000363588333,0.08799999952316284,0.07500000298023224,0.08799999952316284,121000,0.0,0.0
2021-12-03 00:00:00+08:00,0.08799999952316284,0.08799999952316284,0.08799999952316284,0.08799999952316284,0,0.0,0.0
2021-12-06 00:00:00+08:00,0.08799999952316284,0.08799999952316284,0.08799999952316284,0.08799999952316284,0,0.0,0.0
2021-12-07 00:00:00+08:00,0.09099999815225601,0.09099999815225601,0.09099999815225601,0.09099999815225601,100,0.0,0.0
2021-12-08 00:00:00+08:00,0.06800000369548798,0.08799999952316284,0.06800000369548798,0.08799999952316284,3400,0.0,0.0
2021-12-09 00:00:00+08:00,0.08799999952316284,0.08799999952316284,0.08799999952316284,0.08799999952316284,0,0.0,0.0
2021-12-10 00:00:00+08:00,0.08799999952316284,0.08799999952316284,0.08799999952316284,0.08799999952316284,0,0.0,0.0
2021-12-13 00:00:00+08:00,0.08799999952316284,0.08799999952316284,0.08799999952316284,0.08799999952316284,0,0.0,0.0
2021-12-14 00:00:00+08:00,0.08799999952316284,0.08799999952316284,0.08799999952316284,0.08799999952316284,0,0.0,0.0
2021-12-15 00:00:00+08:00,0.08799999952316284,0.08799999952316284,0.08799999952316284,0.08799999952316284,0,0.0,0.0
2021-12-16 00:00:00+08:00,0.08799999952316284,0.08799999952316284,0.08799999952316284,0.08799999952316284,0,0.0,0.0
2021-12-17 00:00:00+08:00,0.08799999952316284,0.08799999952316284,0.08799999952316284,0.08799999952316284,0,0.0,0.0
2021-12-20 00:00:00+08:00,0.08799999952316284,0.08799999952316284,0.08799999952316284,0.08799999952316284,0,0.0,0.0
2021-12-21 00:00:00+08:00,0.08799999952316284,0.08799999952316284,0.08799999952316284,0.08799999952316284,0,0.0,0.0
2021-12-22 00:00:00+08:00,0.08799999952316284,0.08799999952316284,0.08799999952316284,0.08799999952316284,0,0.0,0.0
2021-12-23 00:00:00+08:00,0.08799999952316284,0.08799999952316284,0.08799999952316284,0.08799999952316284,0,0.0,0.0
2021-12-24 00:00:00+08:00,0.08799999952316284,0.08799999952316284,0.08799999952316284,0.08799999952316284,0,0.0,0.0
2021-12-27 00:00:00+08:00,0.08799999952316284,0.08799999952316284,0.08799999952316284,0.08799999952316284,0,0.0,0.0
2021-12-28 00:00:00+08:00,0.08799999952316284,0.08799999952316284,0.08799999952316284,0.08799999952316284,0,0.0,0.0
2021-12-29 00:00:00+08:00,0.08799999952316284,0.08799999952316284,0.08799999952316284,0.08799999952316284,0,0.0,0.0
2021-12-30 00:00:00+08:00,0.08799999952316284,0.08799999952316284,0.08799999952316284,0.08799999952316284,0,0.0,0.0
2021-12-31 00:00:00+08:00,0.08799999952316284,0.08799999952316284,0.08799999952316284,0.08799999952316284,0,0.0,0.0
2022-01-03 00:00:00+08:00,0.08799999952316284,0.08799999952316284,0.08799999952316284,0.08799999952316284,0,0.0,0.0
2022-01-04 00:00:00+08:00,0.08799999952316284,0.08799999952316284,0.08799999952316284,0.08799999952316284,0,0.0,0.0
2022-01-05 00:00:00+08:00,0.08799999952316284,0.08799999952316284,0.08799999952316284,0.08799999952316284,0,0.0,0.0
2022-01-06 00:00:00+08:00,0.09000000357627869,0.09000000357627869,0.09000000357627869,0.09000000357627869,12600,0.0,0.0
2022-01-07 00:00:00+08:00,0.09000000357627869,0.09000000357627869,0.09000000357627869,0.09000000357627869,0,0.0,0.0
2022-01-10 00:00:00+08:00,0.08100000023841858,0.08500000089406967,0.07999999821186066,0.08500000089406967,60600,0.0,0.0
2022-01-11 00:00:00+08:00,0.08500000089406967,0.08500000089406967,0.08500000089406967,0.08500000089406967,0,0.0,0.0
2022-01-12 00:00:00+08:00,0.08500000089406967,0.08500000089406967,0.08500000089406967,0.08500000089406967,0,0.0,0.0
2022-01-13 00:00:00+08:00,0.08500000089406967,0.08500000089406967,0.08500000089406967,0.08500000089406967,0,0.0,0.0
2022-01-14 00:00:00+08:00,0.08500000089406967,0.08500000089406967,0.08500000089406967,0.08500000089406967,0,0.0,0.0
2022-01-17 00:00:00+08:00,0.08500000089406967,0.08500000089406967,0.08500000089406967,0.08500000089406967,0,0.0,0.0
2022-01-18 00:00:00+08:00,0.08500000089406967,0.08500000089406967,0.08500000089406967,0.08500000089406967,0,0.0,0.0
2022-01-19 00:00:00+08:00,0.08500000089406967,0.08500000089406967,0.08500000089406967,0.08500000089406967,0,0.0,0.0
2022-01-20 00:00:00+08:00,0.08500000089406967,0.08500000089406967,0.08500000089406967,0.08500000089406967,0,0.0,0.0
2022-01-21 00:00:00+08:00,0.08500000089406967,0.08500000089406967,0.08500000089406967,0.08500000089406967,0,0.0,0.0
2022-01-24 00:00:00+08:00,0.08500000089406967,0.08500000089406967,0.08500000089406967,0.08500000089406967,0,0.0,0.0
2022-01-25 00:00:00+08:00,0.08500000089406967,0.08500000089406967,0.08500000089406967,0.08500000089406967,0,0.0,0.0
2022-01-26 00:00:00+08:00,0.0560000017285347,0.0560000017285347,0.0560000017285347,0.0560000017285347,15000,0.0,0.0
2022-01-27 00:00:00+08:00,0.05999999865889549,0.05999999865889549,0.05400000140070915,0.05400000140070915,402500,0.0,0.0
2022-01-28 00:00:00+08:00,0.05400000140070915,0.06700000166893005,0.05000000074505806,0.06700000166893005,270700,0.0,0.0
2022-01-31 00:00:00+08:00,0.06700000166893005,0.06700000166893005,0.06700000166893005,0.06700000166893005,0,0.0,0.0
2022-02-03 00:00:00+08:00,0.06599999964237213,0.06700000166893005,0.06599999964237213,0.06700000166893005,49600,0.0,0.0
2022-02-04 00:00:00+08:00,0.06700000166893005,0.06700000166893005,0.06700000166893005,0.06700000166893005,0,0.0,0.0
2022-02-07 00:00:00+08:00,0.06700000166893005,0.07000000029802322,0.06700000166893005,0.07000000029802322,15000,0.0,0.0
2022-02-08 00:00:00+08:00,0.07000000029802322,0.07000000029802322,0.06700000166893005,0.06700000166893005,1200,0.0,0.0
2022-02-09 00:00:00+08:00,0.06700000166893005,0.06700000166893005,0.06700000166893005,0.06700000166893005,0,0.0,0.0
2022-02-10 00:00:00+08:00,0.06700000166893005,0.06700000166893005,0.06700000166893005,0.06700000166893005,0,0.0,0.0
2022-02-11 00:00:00+08:00,0.06700000166893005,0.06700000166893005,0.06700000166893005,0.06700000166893005,0,0.0,0.0
2022-02-14 00:00:00+08:00,0.06700000166893005,0.06700000166893005,0.06700000166893005,0.06700000166893005,0,0.0,0.0
2022-02-15 00:00:00+08:00,0.06700000166893005,0.06700000166893005,0.06700000166893005,0.06700000166893005,0,0.0,0.0
2022-02-16 00:00:00+08:00,0.06700000166893005,0.06700000166893005,0.06700000166893005,0.06700000166893005,0,0.0,0.0
2022-02-17 00:00:00+08:00,0.06700000166893005,0.06700000166893005,0.06700000166893005,0.06700000166893005,0,0.0,0.0
2022-02-18 00:00:00+08:00,0.06700000166893005,0.06700000166893005,0.06700000166893005,0.06700000166893005,0,0.0,0.0
2022-02-21 00:00:00+08:00,0.06599999964237213,0.06800000369548798,0.06599999964237213,0.06800000369548798,30000,0.0,0.0
2022-02-22 00:00:00+08:00,0.06800000369548798,0.06800000369548798,0.06800000369548798,0.06800000369548798,0,0.0,0.0
2022-02-23 00:00:00+08:00,0.07100000232458115,0.07100000232458115,0.07100000232458115,0.07100000232458115,8800,0.0,0.0
2022-02-24 00:00:00+08:00,0.07100000232458115,0.07100000232458115,0.07100000232458115,0.07100000232458115,0,0.0,0.0
2022-02-25 00:00:00+08:00,0.07100000232458115,0.07100000232458115,0.07100000232458115,0.07100000232458115,0,0.0,0.0
2022-02-28 00:00:00+08:00,0.07100000232458115,0.07100000232458115,0.07100000232458115,0.07100000232458115,0,0.0,0.0
2022-03-01 00:00:00+08:00,0.06599999964237213,0.06599999964237213,0.06599999964237213,0.06599999964237213,30000,0.0,0.0
2022-03-02 00:00:00+08:00,0.06599999964237213,0.06599999964237213,0.06599999964237213,0.06599999964237213,0,0.0,0.0
2022-03-03 00:00:00+08:00,0.06599999964237213,0.06599999964237213,0.06599999964237213,0.06599999964237213,0,0.0,0.0
2022-03-04 00:00:00+08:00,0.06599999964237213,0.06599999964237213,0.06599999964237213,0.06599999964237213,0,0.0,0.0
2022-03-07 00:00:00+08:00,0.06599999964237213,0.06599999964237213,0.06599999964237213,0.06599999964237213,0,0.0,0.0
2022-03-08 00:00:00+08:00,0.06300000101327896,0.06300000101327896,0.06300000101327896,0.06300000101327896,10000,0.0,0.0
2022-03-09 00:00:00+08:00,0.06300000101327896,0.06300000101327896,0.06300000101327896,0.06300000101327896,0,0.0,0.0
2022-03-10 00:00:00+08:00,0.05999999865889549,0.05999999865889549,0.05700000002980232,0.05900000035762787,22400,0.0,0.0
2022-03-11 00:00:00+08:00,0.05900000035762787,0.05900000035762787,0.05900000035762787,0.05900000035762787,0,0.0,0.0
2022-03-14 00:00:00+08:00,0.07699999958276749,0.07699999958276749,0.06400000303983688,0.0689999982714653,130700,0.0,0.0
2022-03-15 00:00:00+08:00,0.0689999982714653,0.0689999982714653,0.0689999982714653,0.0689999982714653,0,0.0,0.0
2022-03-16 00:00:00+08:00,0.0689999982714653,0.0689999982714653,0.0689999982714653,0.0689999982714653,0,0.0,0.0
2022-03-17 00:00:00+08:00,0.0689999982714653,0.0689999982714653,0.0689999982714653,0.0689999982714653,0,0.0,0.0
2022-03-18 00:00:00+08:00,0.0689999982714653,0.0689999982714653,0.0689999982714653,0.0689999982714653,0,0.0,0.0
2022-03-21 00:00:00+08:00,0.0689999982714653,0.0689999982714653,0.0689999982714653,0.0689999982714653,0,0.0,0.0
2022-03-22 00:00:00+08:00,0.0689999982714653,0.0689999982714653,0.0689999982714653,0.0689999982714653,0,0.0,0.0
2022-03-23 00:00:00+08:00,0.0689999982714653,0.0689999982714653,0.0689999982714653,0.0689999982714653,0,0.0,0.0
2022-03-24 00:00:00+08:00,0.0689999982714653,0.0689999982714653,0.0689999982714653,0.0689999982714653,0,0.0,0.0
2022-03-25 00:00:00+08:00,0.0689999982714653,0.0689999982714653,0.0689999982714653,0.0689999982714653,0,0.0,0.0
2022-03-28 00:00:00+08:00,0.0689999982714653,0.0689999982714653,0.0689999982714653,0.0689999982714653,0,0.0,0.0
2022-03-29 00:00:00+08:00,0.07000000029802322,0.07000000029802322,0.07000000029802322,0.07000000029802322,62300,0.0,0.0
2022-03-30 00:00:00+08:00,0.07699999958276749,0.07800000160932541,0.07699999958276749,0.07699999958276749,108600,0.0,0.0
2022-03-31 00:00:00+08:00,0.07699999958276749,0.07699999958276749,0.07699999958276749,0.07699999958276749,5000,0.0,0.0
2022-04-01 00:00:00+08:00,0.07699999958276749,0.07699999958276749,0.07699999958276749,0.07699999958276749,0,0.0,0.0
2022-04-04 00:00:00+08:00,0.07699999958276749,0.07699999958276749,0.07699999958276749,0.07699999958276749,49600,0.0,0.0
2022-04-05 00:00:00+08:00,0.07699999958276749,0.07699999958276749,0.07699999958276749,0.07699999958276749,0,0.0,0.0
2022-04-06 00:00:00+08:00,0.07699999958276749,0.07699999958276749,0.07699999958276749,0.07699999958276749,0,0.0,0.0
2022-04-07 00:00:00+08:00,0.07699999958276749,0.07699999958276749,0.07699999958276749,0.07699999958276749,0,0.0,0.0
2022-04-08 00:00:00+08:00,0.07699999958276749,0.07699999958276749,0.07699999958276749,0.07699999958276749,0,0.0,0.0
2022-04-11 00:00:00+08:00,0.07699999958276749,0.07699999958276749,0.07699999958276749,0.07699999958276749,0,0.0,0.0
2022-04-12 00:00:00+08:00,0.07699999958276749,0.07699999958276749,0.07699999958276749,0.07699999958276749,0,0.0,0.0
2022-04-13 00:00:00+08:00,0.0729999989271164,0.0729999989271164,0.0729999989271164,0.0729999989271164,3300,0.0,0.0
2022-04-14 00:00:00+08:00,0.0729999989271164,0.0729999989271164,0.0729999989271164,0.0729999989271164,0,0.0,0.0
2022-04-18 00:00:00+08:00,0.07900000363588333,0.08100000023841858,0.07900000363588333,0.08100000023841858,62400,0.0,0.0
2022-04-19 00:00:00+08:00,0.08100000023841858,0.08100000023841858,0.08100000023841858,0.08100000023841858,0,0.0,0.0
2022-04-20 00:00:00+08:00,0.08399999886751175,0.08500000089406967,0.08399999886751175,0.08500000089406967,60000,0.0,0.0
2022-04-21 00:00:00+08:00,0.08500000089406967,0.08500000089406967,0.08500000089406967,0.08500000089406967,0,0.0,0.0
2022-04-22 00:00:00+08:00,0.08500000089406967,0.08500000089406967,0.08500000089406967,0.08500000089406967,0,0.0,0.0
2022-04-25 00:00:00+08:00,0.07400000095367432,0.07400000095367432,0.07400000095367432,0.07400000095367432,83000,0.0,0.0
2022-04-26 00:00:00+08:00,0.07400000095367432,0.07400000095367432,0.07400000095367432,0.07400000095367432,0,0.0,0.0
2022-04-27 00:00:00+08:00,0.07400000095367432,0.07400000095367432,0.07400000095367432,0.07400000095367432,0,0.0,0.0
2022-04-28 00:00:00+08:00,0.07400000095367432,0.07400000095367432,0.07400000095367432,0.07400000095367432,0,0.0,0.0
2022-04-29 00:00:00+08:00,0.07400000095367432,0.07400000095367432,0.07400000095367432,0.07400000095367432,0,0.0,0.0
2022-05-04 00:00:00+08:00,0.07400000095367432,0.07999999821186066,0.07400000095367432,0.07999999821186066,12500,0.0,0.0
2022-05-05 00:00:00+08:00,0.07400000095367432,0.07400000095367432,0.07400000095367432,0.07400000095367432,6600,0.0,0.0
2022-05-06 00:00:00+08:00,0.07400000095367432,0.07400000095367432,0.07400000095367432,0.07400000095367432,0,0.0,0.0
2022-05-09 00:00:00+08:00,0.07400000095367432,0.07400000095367432,0.07400000095367432,0.07400000095367432,0,0.0,0.0
2022-05-10 00:00:00+08:00,0.07400000095367432,0.07400000095367432,0.07400000095367432,0.07400000095367432,0,0.0,0.0
2022-05-11 00:00:00+08:00,0.07400000095367432,0.07400000095367432,0.07400000095367432,0.07400000095367432,0,0.0,0.0
2022-05-12 00:00:00+08:00,0.07400000095367432,0.07400000095367432,0.07400000095367432,0.07400000095367432,0,0.0,0.0
2022-05-13 00:00:00+08:00,0.07400000095367432,0.07400000095367432,0.07400000095367432,0.07400000095367432,8300,0.0,0.0
2022-05-17 00:00:00+08:00,0.07400000095367432,0.07400000095367432,0.07400000095367432,0.07400000095367432,0,0.0,0.0
2022-05-18 00:00:00+08:00,0.07400000095367432,0.07400000095367432,0.07400000095367432,0.07400000095367432,0,0.0,0.0
2022-05-19 00:00:00+08:00,0.07199999690055847,0.07199999690055847,0.07199999690055847,0.07199999690055847,2000,0.0,0.0
2022-05-20 00:00:00+08:00,0.07199999690055847,0.07199999690055847,0.07199999690055847,0.07199999690055847,0,0.0,0.0
2022-05-23 00:00:00+08:00,0.07199999690055847,0.07199999690055847,0.07199999690055847,0.07199999690055847,0,0.0,0.0
2022-05-24 00:00:00+08:00,0.07199999690055847,0.07199999690055847,0.07199999690055847,0.07199999690055847,0,0.0,0.0
2022-05-25 00:00:00+08:00,0.0729999989271164,0.0729999989271164,0.0729999989271164,0.0729999989271164,87600,0.0,0.0
2022-05-26 00:00:00+08:00,0.0729999989271164,0.0729999989271164,0.0729999989271164,0.0729999989271164,0,0.0,0.0
2022-05-27 00:00:00+08:00,0.0729999989271164,0.0729999989271164,0.0729999989271164,0.0729999989271164,0,0.0,0.0
2022-05-30 00:00:00+08:00,0.0729999989271164,0.0729999989271164,0.07000000029802322,0.07199999690055847,30100,0.0,0.0
2022-05-31 00:00:00+08:00,0.07199999690055847,0.07199999690055847,0.07199999690055847,0.07199999690055847,0,0.0,0.0
2022-06-01 00:00:00+08:00,0.07199999690055847,0.07199999690055847,0.07199999690055847,0.07199999690055847,0,0.0,0.0
2022-06-02 00:00:00+08:00,0.07199999690055847,0.07199999690055847,0.07000000029802322,0.07000000029802322,134200,0.0,0.0
2022-06-03 00:00:00+08:00,0.07000000029802322,0.07000000029802322,0.07000000029802322,0.07000000029802322,0,0.0,0.0
2022-06-06 00:00:00+08:00,0.07000000029802322,0.07000000029802322,0.07000000029802322,0.07000000029802322,0,0.0,0.0
2022-06-07 00:00:00+08:00,0.07000000029802322,0.07000000029802322,0.07000000029802322,0.07000000029802322,0,0.0,0.0
2022-06-08 00:00:00+08:00,0.07000000029802322,0.07000000029802322,0.07000000029802322,0.07000000029802322,0,0.0,0.0
2022-06-09 00:00:00+08:00,0.07000000029802322,0.07000000029802322,0.07000000029802322,0.07000000029802322,0,0.0,0.0
2022-06-10 00:00:00+08:00,0.07000000029802322,0.07000000029802322,0.07000000029802322,0.07000000029802322,0,0.0,0.0
2022-06-13 00:00:00+08:00,0.07000000029802322,0.07000000029802322,0.07000000029802322,0.07000000029802322,0,0.0,0.0
2022-06-14 00:00:00+08:00,0.07000000029802322,0.07000000029802322,0.07000000029802322,0.07000000029802322,0,0.0,0.0
2022-06-15 00:00:00+08:00,0.07000000029802322,0.07000000029802322,0.07000000029802322,0.07000000029802322,0,0.0,0.0
2022-06-16 00:00:00+08:00,0.07000000029802322,0.07000000029802322,0.07000000029802322,0.07000000029802322,0,0.0,0.0
2022-06-17 00:00:00+08:00,0.07199999690055847,0.07199999690055847,0.07100000232458115,0.07100000232458115,3300,0.0,0.0
2022-06-20 00:00:00+08:00,0.07100000232458115,0.07100000232458115,0.07100000232458115,0.07100000232458115,0,0.0,0.0
2022-06-21 00:00:00+08:00,0.07100000232458115,0.07100000232458115,0.07100000232458115,0.07100000232458115,0,0.0,0.0
2022-06-22 00:00:00+08:00,0.07100000232458115,0.08299999684095383,0.07100000232458115,0.08299999684095383,42400,0.0,0.0
2022-06-23 00:00:00+08:00,0.08299999684095383,0.08299999684095383,0.08299999684095383,0.08299999684095383,0,0.0,0.0
2022-06-24 00:00:00+08:00,0.08299999684095383,0.08299999684095383,0.08299999684095383,0.08299999684095383,0,0.0,0.0
2022-06-27 00:00:00+08:00,0.08299999684095383,0.08299999684095383,0.08299999684095383,0.08299999684095383,0,0.0,0.0
2022-06-28 00:00:00+08:00,0.08299999684095383,0.08299999684095383,0.08299999684095383,0.08299999684095383,0,0.0,0.0
2022-06-29 00:00:00+08:00,0.08299999684095383,0.08299999684095383,0.08299999684095383,0.08299999684095383,0,0.0,0.0
2022-06-30 00:00:00+08:00,0.08299999684095383,0.08299999684095383,0.08299999684095383,0.08299999684095383,0,0.0,0.0
2022-07-01 00:00:00+08:00,0.08299999684095383,0.08299999684095383,0.08299999684095383,0.08299999684095383,0,0.0,0.0
2022-07-04 00:00:00+08:00,0.07199999690055847,0.07199999690055847,0.07199999690055847,0.07199999690055847,50000,0.0,0.0
2022-07-05 00:00:00+08:00,0.07199999690055847,0.07199999690055847,0.07199999690055847,0.07199999690055847,0,0.0,0.0
2022-07-06 00:00:00+08:00,0.07199999690055847,0.07199999690055847,0.07199999690055847,0.07199999690055847,0,0.0,0.0
2022-07-07 00:00:00+08:00,0.07199999690055847,0.07199999690055847,0.07199999690055847,0.07199999690055847,0,0.0,0.0
2022-07-08 00:00:00+08:00,0.07199999690055847,0.07199999690055847,0.07199999690055847,0.07199999690055847,0,0.0,0.0
2022-07-12 00:00:00+08:00,0.07199999690055847,0.07199999690055847,0.07199999690055847,0.07199999690055847,0,0.0,0.0
2022-07-13 00:00:00+08:00,0.07199999690055847,0.07199999690055847,0.07199999690055847,0.07199999690055847,0,0.0,0.0
2022-07-14 00:00:00+08:00,0.07199999690055847,0.07199999690055847,0.07199999690055847,0.07199999690055847,0,0.0,0.0
2022-07-15 00:00:00+08:00,0.07199999690055847,0.07199999690055847,0.07199999690055847,0.07199999690055847,0,0.0,0.0
2022-07-18 00:00:00+08:00,0.07199999690055847,0.07199999690055847,0.07199999690055847,0.07199999690055847,0,0.0,0.0
2022-07-19 00:00:00+08:00,0.07199999690055847,0.07199999690055847,0.07199999690055847,0.07199999690055847,0,0.0,0.0
2022-07-20 00:00:00+08:00,0.07199999690055847,0.07199999690055847,0.07199999690055847,0.07199999690055847,0,0.0,0.0
2022-07-21 00:00:00+08:00,0.07199999690055847,0.07199999690055847,0.07199999690055847,0.07199999690055847,0,0.0,0.0
2022-07-22 00:00:00+08:00,0.07199999690055847,0.07199999690055847,0.07199999690055847,0.07199999690055847,0,0.0,0.0
2022-07-25 00:00:00+08:00,0.07199999690055847,0.07199999690055847,0.07199999690055847,0.07199999690055847,0,0.0,0.0
2022-07-26 00:00:00+08:00,0.07199999690055847,0.07199999690055847,0.07199999690055847,0.07199999690055847,0,0.0,0.0
2022-07-27 00:00:00+08:00,0.07199999690055847,0.07199999690055847,0.07199999690055847,0.07199999690055847,0,0.0,0.0
2022-07-28 00:00:00+08:00,0.07199999690055847,0.07199999690055847,0.07199999690055847,0.07199999690055847,0,0.0,0.0
2022-07-29 00:00:00+08:00,0.07199999690055847,0.07199999690055847,0.07199999690055847,0.07199999690055847,0,0.0,0.0
2022-08-01 00:00:00+08:00,0.07199999690055847,0.07199999690055847,0.07199999690055847,0.07199999690055847,0,0.0,0.0
2022-08-02 00:00:00+08:00,0.07199999690055847,0.07199999690055847,0.07199999690055847,0.07199999690055847,0,0.0,0.0
2022-08-03 00:00:00+08:00,0.07199999690055847,0.07199999690055847,0.07199999690055847,0.07199999690055847,0,0.0,0.0
2022-08-04 00:00:00+08:00,0.07199999690055847,0.07199999690055847,0.07199999690055847,0.07199999690055847,0,0.0,0.0
2022-08-05 00:00:00+08:00,0.07199999690055847,0.07199999690055847,0.07199999690055847,0.07199999690055847,0,0.0,0.0
2022-08-08 00:00:00+08:00,0.07199999690055847,0.07199999690055847,0.07199999690055847,0.07199999690055847,0,0.0,0.0
2022-08-10 00:00:00+08:00,0.07500000298023224,0.07500000298023224,0.07500000298023224,0.07500000298023224,15000,0.0,0.0
2022-08-11 00:00:00+08:00,0.07500000298023224,0.07500000298023224,0.07500000298023224,0.07500000298023224,0,0.0,0.0
2022-08-12 00:00:00+08:00,0.07500000298023224,0.07500000298023224,0.0729999989271164,0.0729999989271164,26700,0.0,0.0
2022-08-15 00:00:00+08:00,0.0729999989271164,0.0729999989271164,0.0729999989271164,0.0729999989271164,0,0.0,0.0
2022-08-16 00:00:00+08:00,0.0729999989271164,0.0729999989271164,0.0729999989271164,0.0729999989271164,0,0.0,0.0
2022-08-17 00:00:00+08:00,0.0729999989271164,0.0729999989271164,0.0729999989271164,0.0729999989271164,0,0.0,0.0
2022-08-18 00:00:00+08:00,0.0729999989271164,0.0729999989271164,0.0729999989271164,0.0729999989271164,0,0.0,0.0
2022-08-19 00:00:00+08:00,0.0729999989271164,0.0729999989271164,0.0729999989271164,0.0729999989271164,0,0.0,0.0
2022-08-22 00:00:00+08:00,0.07199999690055847,0.0729999989271164,0.07199999690055847,0.0729999989271164,116600,0.0,0.0
2022-08-23 00:00:00+08:00,0.0729999989271164,0.0729999989271164,0.0729999989271164,0.0729999989271164,0,0.0,0.0
2022-08-24 00:00:00+08:00,0.07400000095367432,0.07400000095367432,0.07400000095367432,0.07400000095367432,46000,0.0,0.0
2022-08-25 00:00:00+08:00,0.07400000095367432,0.07400000095367432,0.07400000095367432,0.07400000095367432,0,0.0,0.0
2022-08-26 00:00:00+08:00,0.07199999690055847,0.07199999690055847,0.07000000029802322,0.07000000029802322,1195000,0.0,0.0
2022-08-29 00:00:00+08:00,0.07000000029802322,0.07000000029802322,0.07000000029802322,0.07000000029802322,0,0.0,0.0
2022-08-30 00:00:00+08:00,0.07000000029802322,0.07000000029802322,0.07000000029802322,0.07000000029802322,0,0.0,0.0
2022-08-31 00:00:00+08:00,0.07000000029802322,0.07000000029802322,0.07000000029802322,0.07000000029802322,0,0.0,0.0
2022-09-01 00:00:00+08:00,0.08399999886751175,0.08399999886751175,0.08399999886751175,0.08399999886751175,6700,0.0,0.0
2022-09-02 00:00:00+08:00,0.08399999886751175,0.08399999886751175,0.08399999886751175,0.08399999886751175,0,0.0,0.0
2022-09-05 00:00:00+08:00,0.08399999886751175,0.08399999886751175,0.08399999886751175,0.08399999886751175,0,0.0,0.0
2022-09-06 00:00:00+08:00,0.08399999886751175,0.08399999886751175,0.08399999886751175,0.08399999886751175,0,0.0,0.0
2022-09-07 00:00:00+08:00,0.08399999886751175,0.08399999886751175,0.08399999886751175,0.08399999886751175,0,0.0,0.0
2022-09-08 00:00:00+08:00,0.08399999886751175,0.08399999886751175,0.08399999886751175,0.08399999886751175,0,0.0,0.0
2022-09-09 00:00:00+08:00,0.08399999886751175,0.08399999886751175,0.08399999886751175,0.08399999886751175,0,0.0,0.0
2022-09-12 00:00:00+08:00,0.08399999886751175,0.08399999886751175,0.08399999886751175,0.08399999886751175,0,0.0,0.0
2022-09-13 00:00:00+08:00,0.08399999886751175,0.08399999886751175,0.08399999886751175,0.08399999886751175,0,0.0,0.0
2022-09-14 00:00:00+08:00,0.08399999886751175,0.08399999886751175,0.08399999886751175,0.08399999886751175,0,0.0,0.0
2022-09-15 00:00:00+08:00,0.08399999886751175,0.08399999886751175,0.08399999886751175,0.08399999886751175,0,0.0,0.0
2022-09-16 00:00:00+08:00,0.08399999886751175,0.08399999886751175,0.08399999886751175,0.08399999886751175,0,0.0,0.0
2022-09-19 00:00:00+08:00,0.08399999886751175,0.08399999886751175,0.08399999886751175,0.08399999886751175,0,0.0,0.0
2022-09-20 00:00:00+08:00,0.08399999886751175,0.08399999886751175,0.08399999886751175,0.08399999886751175,0,0.0,0.0
2022-09-21 00:00:00+08:00,0.07000000029802322,0.07000000029802322,0.07000000029802322,0.07000000029802322,123000,0.0,0.0
2022-09-22 00:00:00+08:00,0.07000000029802322,0.07000000029802322,0.07000000029802322,0.07000000029802322,0,0.0,0.0
2022-09-23 00:00:00+08:00,0.07000000029802322,0.07000000029802322,0.07000000029802322,0.07000000029802322,123000,0.0,0.0
2022-09-26 00:00:00+08:00,0.0689999982714653,0.0689999982714653,0.0689999982714653,0.0689999982714653,5000,0.0,0.0
2022-09-27 00:00:00+08:00,0.0689999982714653,0.0689999982714653,0.0689999982714653,0.0689999982714653,0,0.0,0.0
2022-09-28 00:00:00+08:00,0.0689999982714653,0.0689999982714653,0.0689999982714653,0.0689999982714653,0,0.0,0.0
2022-09-29 00:00:00+08:00,0.0689999982714653,0.0689999982714653,0.0689999982714653,0.0689999982714653,0,0.0,0.0
2022-09-30 00:00:00+08:00,0.0689999982714653,0.0689999982714653,0.0689999982714653,0.0689999982714653,0,0.0,0.0
2022-10-03 00:00:00+08:00,0.0689999982714653,0.0689999982714653,0.0689999982714653,0.0689999982714653,30000,0.0,0.0
2022-10-04 00:00:00+08:00,0.0689999982714653,0.0689999982714653,0.0689999982714653,0.0689999982714653,6600,0.0,0.0
2022-10-05 00:00:00+08:00,0.07500000298023224,0.07500000298023224,0.07500000298023224,0.07500000298023224,30000,0.0,0.0
2022-10-06 00:00:00+08:00,0.07500000298023224,0.07500000298023224,0.07500000298023224,0.07500000298023224,0,0.0,0.0
2022-10-07 00:00:00+08:00,0.07500000298023224,0.07500000298023224,0.07500000298023224,0.07500000298023224,0,0.0,0.0
2022-10-10 00:00:00+08:00,0.07500000298023224,0.07500000298023224,0.07500000298023224,0.07500000298023224,0,0.0,0.0
2022-10-11 00:00:00+08:00,0.06700000166893005,0.06700000166893005,0.06700000166893005,0.06700000166893005,10000,0.0,0.0
2022-10-12 00:00:00+08:00,0.06700000166893005,0.06700000166893005,0.06700000166893005,0.06700000166893005,0,0.0,0.0
2022-10-13 00:00:00+08:00,0.06700000166893005,0.06700000166893005,0.06700000166893005,0.06700000166893005,0,0.0,0.0
2022-10-14 00:00:00+08:00,0.06700000166893005,0.06700000166893005,0.06700000166893005,0.06700000166893005,0,0.0,0.0
2022-10-17 00:00:00+08:00,0.06700000166893005,0.06700000166893005,0.06700000166893005,0.06700000166893005,13300,0.0,0.0
2022-10-18 00:00:00+08:00,0.06700000166893005,0.06700000166893005,0.06700000166893005,0.06700000166893005,0,0.0,0.0
2022-10-19 00:00:00+08:00,0.06700000166893005,0.06700000166893005,0.06700000166893005,0.06700000166893005,100,0.0,0.0
2022-10-20 00:00:00+08:00,0.06700000166893005,0.06700000166893005,0.06700000166893005,0.06700000166893005,0,0.0,0.0
2022-10-21 00:00:00+08:00,0.06700000166893005,0.06700000166893005,0.06700000166893005,0.06700000166893005,0,0.0,0.0
2022-10-25 00:00:00+08:00,0.06700000166893005,0.06700000166893005,0.06700000166893005,0.06700000166893005,0,0.0,0.0
2022-10-26 00:00:00+08:00,0.06700000166893005,0.06700000166893005,0.06700000166893005,0.06700000166893005,0,0.0,0.0
2022-10-27 00:00:00+08:00,0.06700000166893005,0.06700000166893005,0.06700000166893005,0.06700000166893005,0,0.0,0.0
2022-10-28 00:00:00+08:00,0.06700000166893005,0.06700000166893005,0.06700000166893005,0.06700000166893005,0,0.0,0.0
2022-10-31 00:00:00+08:00,0.06700000166893005,0.06700000166893005,0.06700000166893005,0.06700000166893005,0,0.0,0.0
2022-11-01 00:00:00+08:00,0.06700000166893005,0.06700000166893005,0.06700000166893005,0.06700000166893005,0,0.0,0.0
2022-11-02 00:00:00+08:00,0.06700000166893005,0.06700000166893005,0.06700000166893005,0.06700000166893005,0,0.0,0.0
2022-11-03 00:00:00+08:00,0.07000000029802322,0.07000000029802322,0.07000000029802322,0.07000000029802322,30000,0.0,0.0
2022-11-04 00:00:00+08:00,0.07000000029802322,0.07000000029802322,0.07000000029802322,0.07000000029802322,0,0.0,0.0
2022-11-07 00:00:00+08:00,0.07000000029802322,0.07000000029802322,0.07000000029802322,0.07000000029802322,0,0.0,0.0
2022-11-08 00:00:00+08:00,0.07000000029802322,0.07000000029802322,0.07000000029802322,0.07000000029802322,0,0.0,0.0
2022-11-09 00:00:00+08:00,0.07000000029802322,0.07000000029802322,0.07000000029802322,0.07000000029802322,0,0.0,0.0
2022-11-10 00:00:00+08:00,0.07000000029802322,0.07000000029802322,0.07000000029802322,0.07000000029802322,0,0.0,0.0
2022-11-11 00:00:00+08:00,0.06400000303983688,0.06400000303983688,0.06400000303983688,0.06400000303983688,3300,0.0,0.0
2022-11-14 00:00:00+08:00,0.07999999821186066,0.07999999821186066,0.07999999821186066,0.07999999821186066,59800,0.0,0.0
2022-11-15 00:00:00+08:00,0.07000000029802322,0.07000000029802322,0.07000000029802322,0.07000000029802322,30000,0.0,0.0
2022-11-16 00:00:00+08:00,0.07000000029802322,0.07000000029802322,0.07000000029802322,0.07000000029802322,0,0.0,0.0
2022-11-17 00:00:00+08:00,0.07000000029802322,0.07000000029802322,0.07000000029802322,0.07000000029802322,0,0.0,0.0
2022-11-18 00:00:00+08:00,0.07000000029802322,0.07000000029802322,0.07000000029802322,0.07000000029802322,0,0.0,0.0
2022-11-21 00:00:00+08:00,0.07000000029802322,0.07000000029802322,0.07000000029802322,0.07000000029802322,0,0.0,0.0
2022-11-22 00:00:00+08:00,0.07000000029802322,0.07000000029802322,0.07000000029802322,0.07000000029802322,33300,0.0,0.0
2022-11-23 00:00:00+08:00,0.07199999690055847,0.07500000298023224,0.07199999690055847,0.07500000298023224,33600,0.0,0.0
2022-11-24 00:00:00+08:00,0.07199999690055847,0.07199999690055847,0.07199999690055847,0.07199999690055847,154000,0.0,0.0
2022-11-25 00:00:00+08:00,0.07199999690055847,0.07199999690055847,0.07199999690055847,0.07199999690055847,0,0.0,0.0
2022-11-28 00:00:00+08:00,0.07199999690055847,0.07199999690055847,0.07199999690055847,0.07199999690055847,0,0.0,0.0
2022-11-29 00:00:00+08:00,0.07199999690055847,0.07199999690055847,0.07199999690055847,0.07199999690055847,0,0.0,0.0
2022-11-30 00:00:00+08:00,0.07199999690055847,0.07199999690055847,0.07199999690055847,0.07199999690055847,0,0.0,0.0
2022-12-01 00:00:00+08:00,0.07199999690055847,0.07199999690055847,0.07199999690055847,0.07199999690055847,16600,0.0,0.0
2022-12-02 00:00:00+08:00,0.07199999690055847,0.07199999690055847,0.07199999690055847,0.07199999690055847,0,0.0,0.0
2022-12-05 00:00:00+08:00,0.07400000095367432,0.07699999958276749,0.07400000095367432,0.07699999958276749,144900,0.0,0.0
2022-12-06 00:00:00+08:00,0.07699999958276749,0.07699999958276749,0.07699999958276749,0.07699999958276749,0,0.0,0.0
2022-12-07 00:00:00+08:00,0.07699999958276749,0.07699999958276749,0.07699999958276749,0.07699999958276749,0,0.0,0.0
2022-12-08 00:00:00+08:00,0.06800000369548798,0.06800000369548798,0.06800000369548798,0.06800000369548798,11600,0.0,0.0
2022-12-09 00:00:00+08:00,0.06800000369548798,0.06800000369548798,0.06800000369548798,0.06800000369548798,0,0.0,0.0
2022-12-12 00:00:00+08:00,0.06800000369548798,0.06800000369548798,0.06800000369548798,0.06800000369548798,0,0.0,0.0
2022-12-13 00:00:00+08:00,0.06800000369548798,0.06800000369548798,0.06800000369548798,0.06800000369548798,0,0.0,0.0
2022-12-14 00:00:00+08:00,0.06800000369548798,0.06800000369548798,0.06800000369548798,0.06800000369548798,0,0.0,0.0
2022-12-15 00:00:00+08:00,0.061000000685453415,0.061000000685453415,0.061000000685453415,0.061000000685453415,20000,0.0,0.0
2022-12-16 00:00:00+08:00,0.061000000685453415,0.061000000685453415,0.061000000685453415,0.061000000685453415,0,0.0,0.0
2022-12-19 00:00:00+08:00,0.061000000685453415,0.061000000685453415,0.061000000685453415,0.061000000685453415,0,0.0,0.0
2022-12-20 00:00:00+08:00,0.061000000685453415,0.061000000685453415,0.061000000685453415,0.061000000685453415,0,0.0,0.0
2022-12-21 00:00:00+08:00,0.061000000685453415,0.061000000685453415,0.061000000685453415,0.061000000685453415,0,0.0,0.0
2022-12-22 00:00:00+08:00,0.06800000369548798,0.07000000029802322,0.06800000369548798,0.07000000029802322,200,0.0,0.0
2022-12-23 00:00:00+08:00,0.07000000029802322,0.07000000029802322,0.07000000029802322,0.07000000029802322,0,0.0,0.0
2022-12-27 00:00:00+08:00,0.07000000029802322,0.07000000029802322,0.07000000029802322,0.07000000029802322,0,0.0,0.0
2022-12-28 00:00:00+08:00,0.07000000029802322,0.07000000029802322,0.07000000029802322,0.07000000029802322,0,0.0,0.0
2022-12-29 00:00:00+08:00,0.07000000029802322,0.07000000029802322,0.07000000029802322,0.07000000029802322,0,0.0,0.0
2022-12-30 00:00:00+08:00,0.07000000029802322,0.07000000029802322,0.07000000029802322,0.07000000029802322,0,0.0,0.0
2023-01-03 00:00:00+08:00,0.07000000029802322,0.07000000029802322,0.07000000029802322,0.07000000029802322,0,0.0,0.0
2023-01-04 00:00:00+08:00,0.07000000029802322,0.07000000029802322,0.07000000029802322,0.07000000029802322,5700,0.0,0.0
2023-01-05 00:00:00+08:00,0.07000000029802322,0.07000000029802322,0.07000000029802322,0.07000000029802322,0,0.0,0.0
2023-01-06 00:00:00+08:00,0.07999999821186066,0.09000000357627869,0.07000000029802322,0.07000000029802322,170600,0.0,0.0
2023-01-09 00:00:00+08:00,0.07000000029802322,0.07000000029802322,0.07000000029802322,0.07000000029802322,0,0.0,0.0
2023-01-10 00:00:00+08:00,0.07000000029802322,0.07000000029802322,0.07000000029802322,0.07000000029802322,0,0.0,0.0
2023-01-11 00:00:00+08:00,0.07000000029802322,0.07000000029802322,0.07000000029802322,0.07000000029802322,0,0.0,0.0
2023-01-12 00:00:00+08:00,0.07000000029802322,0.07000000029802322,0.07000000029802322,0.07000000029802322,0,0.0,0.0
2023-01-13 00:00:00+08:00,0.07000000029802322,0.07000000029802322,0.07000000029802322,0.07000000029802322,0,0.0,0.0
2023-01-16 00:00:00+08:00,0.07000000029802322,0.07000000029802322,0.07000000029802322,0.07000000029802322,0,0.0,0.0
2023-01-17 00:00:00+08:00,0.07000000029802322,0.07000000029802322,0.07000000029802322,0.07000000029802322,3300,0.0,0.0
2023-01-18 00:00:00+08:00,0.07500000298023224,0.10000000149011612,0.07500000298023224,0.09399999678134918,46300,0.0,0.0
2023-01-19 00:00:00+08:00,0.09399999678134918,0.09399999678134918,0.09399999678134918,0.09399999678134918,0,0.0,0.0
2023-01-20 00:00:00+08:00,0.09399999678134918,0.09399999678134918,0.09399999678134918,0.09399999678134918,0,0.0,0.0
2023-01-25 00:00:00+08:00,0.09399999678134918,0.09399999678134918,0.09399999678134918,0.09399999678134918,0,0.0,0.0
2023-01-26 00:00:00+08:00,0.09399999678134918,0.09399999678134918,0.09399999678134918,0.09399999678134918,0,0.0,0.0
2023-01-27 00:00:00+08:00,0.09399999678134918,0.09399999678134918,0.09399999678134918,0.09399999678134918,0,0.0,0.0
2023-01-30 00:00:00+08:00,0.09399999678134918,0.09399999678134918,0.09399999678134918,0.09399999678134918,0,0.0,0.0
2023-01-31 00:00:00+08:00,0.09399999678134918,0.09399999678134918,0.09399999678134918,0.09399999678134918,0,0.0,0.0
2023-02-01 00:00:00+08:00,0.09399999678134918,0.09399999678134918,0.09399999678134918,0.09399999678134918,0,0.0,0.0
2023-02-02 00:00:00+08:00,0.09399999678134918,0.09399999678134918,0.09399999678134918,0.09399999678134918,0,0.0,0.0
2023-02-03 00:00:00+08:00,0.09399999678134918,0.09399999678134918,0.09399999678134918,0.09399999678134918,0,0.0,0.0
2023-02-06 00:00:00+08:00,0.08100000023841858,0.08100000023841858,0.08100000023841858,0.08100000023841858,6700,0.0,0.0
2023-02-07 00:00:00+08:00,0.08100000023841858,0.08100000023841858,0.08100000023841858,0.08100000023841858,0,0.0,0.0
2023-02-08 00:00:00+08:00,0.08100000023841858,0.08100000023841858,0.08100000023841858,0.08100000023841858,0,0.0,0.0
2023-02-09 00:00:00+08:00,0.08100000023841858,0.08100000023841858,0.08100000023841858,0.08100000023841858,0,0.0,0.0
2023-02-10 00:00:00+08:00,0.08100000023841858,0.08100000023841858,0.08100000023841858,0.08100000023841858,0,0.0,0.0
2023-02-13 00:00:00+08:00,0.08100000023841858,0.08100000023841858,0.08100000023841858,0.08100000023841858,0,0.0,0.0
2023-02-14 00:00:00+08:00,0.08100000023841858,0.08100000023841858,0.08100000023841858,0.08100000023841858,0,0.0,0.0
2023-02-15 00:00:00+08:00,0.08100000023841858,0.08100000023841858,0.08100000023841858,0.08100000023841858,0,0.0,0.0
2023-02-16 00:00:00+08:00,0.08100000023841858,0.08100000023841858,0.08100000023841858,0.08100000023841858,0,0.0,0.0
2023-02-17 00:00:00+08:00,0.08100000023841858,0.08100000023841858,0.08100000023841858,0.08100000023841858,0,0.0,0.0
2023-02-20 00:00:00+08:00,0.08100000023841858,0.08100000023841858,0.08100000023841858,0.08100000023841858,0,0.0,0.0
2023-02-21 00:00:00+08:00,0.08100000023841858,0.08100000023841858,0.08100000023841858,0.08100000023841858,0,0.0,0.0
2023-02-22 00:00:00+08:00,0.08100000023841858,0.08100000023841858,0.08100000023841858,0.08100000023841858,0,0.0,0.0
2023-02-23 00:00:00+08:00,0.08100000023841858,0.08100000023841858,0.08100000023841858,0.08100000023841858,0,0.0,0.0
2023-02-24 00:00:00+08:00,0.09200000017881393,0.09200000017881393,0.08500000089406967,0.09200000017881393,18800,0.0,0.0
2023-02-27 00:00:00+08:00,0.09200000017881393,0.09200000017881393,0.09200000017881393,0.09200000017881393,0,0.0,0.0
2023-02-28 00:00:00+08:00,0.09200000017881393,0.09200000017881393,0.09200000017881393,0.09200000017881393,0,0.0,0.0
2023-03-01 00:00:00+08:00,0.09200000017881393,0.09200000017881393,0.09200000017881393,0.09200000017881393,0,0.0,0.0
2023-03-02 00:00:00+08:00,0.09200000017881393,0.09200000017881393,0.09200000017881393,0.09200000017881393,0,0.0,0.0
2023-03-03 00:00:00+08:00,0.09200000017881393,0.09200000017881393,0.09200000017881393,0.09200000017881393,0,0.0,0.0
2023-03-06 00:00:00+08:00,0.09200000017881393,0.09200000017881393,0.09200000017881393,0.09200000017881393,0,0.0,0.0
2023-03-07 00:00:00+08:00,0.09200000017881393,0.09200000017881393,0.09200000017881393,0.09200000017881393,0,0.0,0.0
2023-03-08 00:00:00+08:00,0.09200000017881393,0.09200000017881393,0.09200000017881393,0.09200000017881393,0,0.0,0.0
2023-03-09 00:00:00+08:00,0.09200000017881393,0.09200000017881393,0.09200000017881393,0.09200000017881393,0,0.0,0.0
2023-03-10 00:00:00+08:00,0.09200000017881393,0.09200000017881393,0.09200000017881393,0.09200000017881393,0,0.0,0.0
2023-03-13 00:00:00+08:00,0.09200000017881393,0.09200000017881393,0.09200000017881393,0.09200000017881393,0,0.0,0.0
2023-03-14 00:00:00+08:00,0.09200000017881393,0.09200000017881393,0.09200000017881393,0.09200000017881393,0,0.0,0.0
2023-03-15 00:00:00+08:00,0.09200000017881393,0.09200000017881393,0.09200000017881393,0.09200000017881393,0,0.0,0.0
2023-03-16 00:00:00+08:00,0.06800000369548798,0.06800000369548798,0.06800000369548798,0.06800000369548798,3300,0.0,0.0
2023-03-17 00:00:00+08:00,0.06800000369548798,0.06800000369548798,0.06800000369548798,0.06800000369548798,0,0.0,0.0
2023-03-20 00:00:00+08:00,0.06800000369548798,0.06800000369548798,0.06800000369548798,0.06800000369548798,0,0.0,0.0
2023-03-21 00:00:00+08:00,0.06800000369548798,0.06800000369548798,0.06800000369548798,0.06800000369548798,0,0.0,0.0
2023-03-22 00:00:00+08:00,0.06800000369548798,0.06800000369548798,0.06800000369548798,0.06800000369548798,0,0.0,0.0
2023-03-23 00:00:00+08:00,0.07999999821186066,0.07999999821186066,0.07999999821186066,0.07999999821186066,14000,0.0,0.0
2023-03-24 00:00:00+08:00,0.07999999821186066,0.07999999821186066,0.07999999821186066,0.07999999821186066,19600,0.0,0.0
2023-03-27 00:00:00+08:00,0.07999999821186066,0.07999999821186066,0.07999999821186066,0.07999999821186066,0,0.0,0.0
2023-03-28 00:00:00+08:00,0.07999999821186066,0.07999999821186066,0.07999999821186066,0.07999999821186066,0,0.0,0.0
2023-03-29 00:00:00+08:00,0.07999999821186066,0.07999999821186066,0.07999999821186066,0.07999999821186066,0,0.0,0.0
2023-03-30 00:00:00+08:00,0.07999999821186066,0.07999999821186066,0.07999999821186066,0.07999999821186066,0,0.0,0.0
2023-03-31 00:00:00+08:00,0.07999999821186066,0.07999999821186066,0.07999999821186066,0.07999999821186066,0,0.0,0.0
2023-04-03 00:00:00+08:00,0.07500000298023224,0.07500000298023224,0.07500000298023224,0.07500000298023224,20000,0.0,0.0
2023-04-04 00:00:00+08:00,0.07500000298023224,0.07500000298023224,0.07500000298023224,0.07500000298023224,0,0.0,0.0
2023-04-05 00:00:00+08:00,0.07500000298023224,0.07500000298023224,0.07500000298023224,0.07500000298023224,0,0.0,0.0
2023-04-06 00:00:00+08:00,0.07500000298023224,0.07500000298023224,0.07500000298023224,0.07500000298023224,0,0.0,0.0
2023-04-10 00:00:00+08:00,0.06400000303983688,0.06400000303983688,0.06400000303983688,0.06400000303983688,1000,0.0,0.0
2023-04-11 00:00:00+08:00,0.06400000303983688,0.06400000303983688,0.06400000303983688,0.06400000303983688,0,0.0,0.0
2023-04-12 00:00:00+08:00,0.06400000303983688,0.06400000303983688,0.06400000303983688,0.06400000303983688,0,0.0,0.0
2023-04-13 00:00:00+08:00,0.06400000303983688,0.06400000303983688,0.06400000303983688,0.06400000303983688,0,0.0,0.0
2023-04-14 00:00:00+08:00,0.07599999755620956,0.0860000029206276,0.07599999755620956,0.08399999886751175,3100,0.0,0.0
2023-04-17 00:00:00+08:00,0.08399999886751175,0.08399999886751175,0.08399999886751175,0.08399999886751175,0,0.0,0.0
2023-04-18 00:00:00+08:00,0.08399999886751175,0.08399999886751175,0.08399999886751175,0.08399999886751175,0,0.0,0.0
2023-04-19 00:00:00+08:00,0.08399999886751175,0.08399999886751175,0.08399999886751175,0.08399999886751175,0,0.0,0.0
2023-04-20 00:00:00+08:00,0.08399999886751175,0.08399999886751175,0.08399999886751175,0.08399999886751175,0,0.0,0.0
2023-04-21 00:00:00+08:00,0.08399999886751175,0.08399999886751175,0.08399999886751175,0.08399999886751175,0,0.0,0.0
2023-04-24 00:00:00+08:00,0.07599999755620956,0.07599999755620956,0.07599999755620956,0.07599999755620956,63700,0.0,0.0
2023-04-25 00:00:00+08:00,0.07500000298023224,0.07500000298023224,0.07500000298023224,0.07500000298023224,6600,0.0,0.0
2023-04-26 00:00:00+08:00,0.07500000298023224,0.07500000298023224,0.07500000298023224,0.07500000298023224,0,0.0,0.0
2023-04-27 00:00:00+08:00,0.07500000298023224,0.07500000298023224,0.07500000298023224,0.07500000298023224,0,0.0,0.0
2023-04-28 00:00:00+08:00,0.07500000298023224,0.07500000298023224,0.07500000298023224,0.07500000298023224,0,0.0,0.0
2023-05-02 00:00:00+08:00,0.07500000298023224,0.07500000298023224,0.07500000298023224,0.07500000298023224,53300,0.0,0.0
2023-05-03 00:00:00+08:00,0.07500000298023224,0.07500000298023224,0.07500000298023224,0.07500000298023224,50000,0.0,0.0
2023-05-04 00:00:00+08:00,0.07500000298023224,0.07500000298023224,0.07500000298023224,0.07500000298023224,50000,0.0,0.0
2023-05-05 00:00:00+08:00,0.07500000298023224,0.07500000298023224,0.07500000298023224,0.07500000298023224,8300,0.0,0.0
2023-05-08 00:00:00+08:00,0.07500000298023224,0.07500000298023224,0.07500000298023224,0.07500000298023224,0,0.0,0.0
2023-05-09 00:00:00+08:00,0.07500000298023224,0.07500000298023224,0.07500000298023224,0.07500000298023224,0,0.0,0.0
2023-05-10 00:00:00+08:00,0.07400000095367432,0.08500000089406967,0.07400000095367432,0.08500000089406967,13400,0.0,0.0
2023-05-11 00:00:00+08:00,0.08500000089406967,0.08500000089406967,0.08500000089406967,0.08500000089406967,0,0.0,0.0
2023-05-12 00:00:00+08:00,0.08500000089406967,0.08500000089406967,0.08500000089406967,0.08500000089406967,0,0.0,0.0
2023-05-15 00:00:00+08:00,0.08500000089406967,0.08500000089406967,0.08500000089406967,0.08500000089406967,0,0.0,0.0
2023-05-16 00:00:00+08:00,0.07100000232458115,0.07999999821186066,0.07100000232458115,0.07999999821186066,6100,0.0,0.0
2023-05-17 00:00:00+08:00,0.07999999821186066,0.07999999821186066,0.07999999821186066,0.07999999821186066,0,0.0,0.0
2023-05-18 00:00:00+08:00,0.07999999821186066,0.07999999821186066,0.07999999821186066,0.07999999821186066,0,0.0,0.0
2023-05-19 00:00:00+08:00,0.07999999821186066,0.07999999821186066,0.07999999821186066,0.07999999821186066,0,0.0,0.0
2023-05-22 00:00:00+08:00,0.07999999821186066,0.07999999821186066,0.07999999821186066,0.07999999821186066,0,0.0,0.0
2023-05-23 00:00:00+08:00,0.07999999821186066,0.07999999821186066,0.07999999821186066,0.07999999821186066,0,0.0,0.0
2023-05-24 00:00:00+08:00,0.07999999821186066,0.07999999821186066,0.07999999821186066,0.07999999821186066,0,0.0,0.0
2023-05-25 00:00:00+08:00,0.07999999821186066,0.07999999821186066,0.07999999821186066,0.07999999821186066,0,0.0,0.0
2023-05-26 00:00:00+08:00,0.07999999821186066,0.07999999821186066,0.07999999821186066,0.07999999821186066,0,0.0,0.0
2023-05-29 00:00:00+08:00,0.07999999821186066,0.07999999821186066,0.07999999821186066,0.07999999821186066,0,0.0,0.0
2023-05-30 00:00:00+08:00,0.07100000232458115,0.07100000232458115,0.07100000232458115,0.07100000232458115,55000,0.0,0.0
2023-05-31 00:00:00+08:00,0.07100000232458115,0.07100000232458115,0.07100000232458115,0.07100000232458115,0,0.0,0.0
2023-06-01 00:00:00+08:00,0.07100000232458115,0.07100000232458115,0.07100000232458115,0.07100000232458115,0,0.0,0.0
2023-06-05 00:00:00+08:00,0.07100000232458115,0.07100000232458115,0.07100000232458115,0.07100000232458115,0,0.0,0.0
2023-06-06 00:00:00+08:00,0.07100000232458115,0.07100000232458115,0.07100000232458115,0.07100000232458115,0,0.0,0.0
2023-06-07 00:00:00+08:00,0.07000000029802322,0.0860000029206276,0.07000000029802322,0.07199999690055847,71100,0.0,0.0
2023-06-08 00:00:00+08:00,0.0860000029206276,0.0860000029206276,0.07000000029802322,0.07000000029802322,200,0.0,0.0
2023-06-09 00:00:00+08:00,0.07000000029802322,0.07000000029802322,0.07000000029802322,0.07000000029802322,0,0.0,0.0
2023-06-12 00:00:00+08:00,0.07000000029802322,0.07000000029802322,0.07000000029802322,0.07000000029802322,0,0.0,0.0
2023-06-13 00:00:00+08:00,0.07000000029802322,0.07000000029802322,0.07000000029802322,0.07000000029802322,6600,0.0,0.0
2023-06-14 00:00:00+08:00,0.07000000029802322,0.07000000029802322,0.07000000029802322,0.07000000029802322,10000,0.0,0.0
2023-06-15 00:00:00+08:00,0.07000000029802322,0.07000000029802322,0.07000000029802322,0.07000000029802322,0,0.0,0.0
2023-06-16 00:00:00+08:00,0.07000000029802322,0.07000000029802322,0.06700000166893005,0.06700000166893005,23600,0.0,0.0
2023-06-19 00:00:00+08:00,0.06700000166893005,0.06700000166893005,0.06700000166893005,0.06700000166893005,0,0.0,0.0
2023-06-20 00:00:00+08:00,0.06700000166893005,0.06700000166893005,0.06700000166893005,0.06700000166893005,0,0.0,0.0
2023-06-21 00:00:00+08:00,0.07000000029802322,0.07000000029802322,0.07000000029802322,0.07000000029802322,100,0.0,0.0
2023-06-22 00:00:00+08:00,0.07000000029802322,0.07000000029802322,0.07000000029802322,0.07000000029802322,0,0.0,0.0
2023-06-23 00:00:00+08:00,0.07000000029802322,0.07000000029802322,0.07000000029802322,0.07000000029802322,0,0.0,0.0
2023-06-26 00:00:00+08:00,0.07000000029802322,0.07000000029802322,0.07000000029802322,0.07000000029802322,0,0.0,0.0
2023-06-27 00:00:00+08:00,0.07000000029802322,0.07000000029802322,0.07000000029802322,0.07000000029802322,0,0.0,0.0
2023-06-28 00:00:00+08:00,0.07000000029802322,0.07000000029802322,0.07000000029802322,0.07000000029802322,0,0.0,0.0
2023-06-30 00:00:00+08:00,0.07000000029802322,0.07000000029802322,0.07000000029802322,0.07000000029802322,0,0.0,0.0
2023-07-03 00:00:00+08:00,0.07000000029802322,0.07000000029802322,0.07000000029802322,0.07000000029802322,10000,0.0,0.0
2023-07-04 00:00:00+08:00,0.07000000029802322,0.07000000029802322,0.07000000029802322,0.07000000029802322,0,0.0,0.0
2023-07-05 00:00:00+08:00,0.06800000369548798,0.06800000369548798,0.06800000369548798,0.06800000369548798,6600,0.0,0.0
2023-07-06 00:00:00+08:00,0.06800000369548798,0.06800000369548798,0.06800000369548798,0.06800000369548798,0,0.0,0.0
2023-07-07 00:00:00+08:00,0.06800000369548798,0.06800000369548798,0.06800000369548798,0.06800000369548798,0,0.0,0.0
2023-07-10 00:00:00+08:00,0.0689999982714653,0.10000000149011612,0.0689999982714653,0.10000000149011612,19400,0.0,0.0
2023-07-11 00:00:00+08:00,0.08500000089406967,0.08500000089406967,0.07000000029802322,0.07800000160932541,147000,0.0,0.0
2023-07-12 00:00:00+08:00,0.07900000363588333,0.07900000363588333,0.07900000363588333,0.07900000363588333,3000,0.0,0.0
2023-07-13 00:00:00+08:00,0.07900000363588333,0.08100000023841858,0.07900000363588333,0.07900000363588333,10200,0.0,0.0
2023-07-14 00:00:00+08:00,0.07999999821186066,0.07999999821186066,0.07999999821186066,0.07999999821186066,6500,0.0,0.0
2023-07-17 00:00:00+08:00,0.07800000160932541,0.07800000160932541,0.07800000160932541,0.07800000160932541,16900,0.0,0.0
2023-07-18 00:00:00+08:00,0.07800000160932541,0.07800000160932541,0.07800000160932541,0.07800000160932541,0,0.0,0.0
2023-07-19 00:00:00+08:00,0.07800000160932541,0.07800000160932541,0.07800000160932541,0.07800000160932541,0,0.0,0.0
2023-07-20 00:00:00+08:00,0.07800000160932541,0.07800000160932541,0.07800000160932541,0.07800000160932541,0,0.0,0.0
2023-07-21 00:00:00+08:00,0.07800000160932541,0.07800000160932541,0.07800000160932541,0.07800000160932541,0,0.0,0.0
2023-07-24 00:00:00+08:00,0.07800000160932541,0.07800000160932541,0.07800000160932541,0.07800000160932541,0,0.0,0.0
2023-07-25 00:00:00+08:00,0.07999999821186066,0.07999999821186066,0.07999999821186066,0.07999999821186066,61000,0.0,0.0
2023-07-26 00:00:00+08:00,0.0820000022649765,0.08500000089406967,0.0820000022649765,0.08399999886751175,105400,0.0,0.0
2023-07-27 00:00:00+08:00,0.08500000089406967,0.09600000083446503,0.08500000089406967,0.09600000083446503,73900,0.0,0.0
2023-07-28 00:00:00+08:00,0.09600000083446503,0.09700000286102295,0.0860000029206276,0.0860000029206276,53900,0.0,0.0
2023-07-31 00:00:00+08:00,0.09000000357627869,0.09000000357627869,0.08799999952316284,0.08799999952316284,341100,0.0,0.0
2023-08-01 00:00:00+08:00,0.08799999952316284,0.08799999952316284,0.08799999952316284,0.08799999952316284,0,0.0,0.0
2023-08-02 00:00:00+08:00,0.09000000357627869,0.09000000357627869,0.09000000357627869,0.09000000357627869,30000,0.0,0.0
2023-08-03 00:00:00+08:00,0.09300000220537186,0.09300000220537186,0.09300000220537186,0.09300000220537186,10000,0.0,0.0
2023-08-04 00:00:00+08:00,0.09300000220537186,0.09300000220537186,0.09300000220537186,0.09300000220537186,0,0.0,0.0
2023-08-07 00:00:00+08:00,0.07999999821186066,0.07999999821186066,0.07999999821186066,0.07999999821186066,1900,0.0,0.0
2023-08-08 00:00:00+08:00,0.07999999821186066,0.07999999821186066,0.07999999821186066,0.07999999821186066,0,0.0,0.0
2023-08-10 00:00:00+08:00,0.0820000022649765,0.0820000022649765,0.0820000022649765,0.0820000022649765,2000,0.0,0.0
2023-08-11 00:00:00+08:00,0.08399999886751175,0.08399999886751175,0.08399999886751175,0.08399999886751175,2000,0.0,0.0
2023-08-14 00:00:00+08:00,0.08399999886751175,0.08399999886751175,0.08399999886751175,0.08399999886751175,5000,0.0,0.0
2023-08-15 00:00:00+08:00,0.08399999886751175,0.08399999886751175,0.08399999886751175,0.08399999886751175,0,0.0,0.0
2023-08-16 00:00:00+08:00,0.08399999886751175,0.08399999886751175,0.08399999886751175,0.08399999886751175,0,0.0,0.0
2023-08-17 00:00:00+08:00,0.08399999886751175,0.08399999886751175,0.08399999886751175,0.08399999886751175,0,0.0,0.0
2023-08-18 00:00:00+08:00,0.08399999886751175,0.08399999886751175,0.08399999886751175,0.08399999886751175,0,0.0,0.0
2023-08-21 00:00:00+08:00,0.08699999749660492,0.08699999749660492,0.08699999749660492,0.08699999749660492,31000,0.0,0.0
2023-08-22 00:00:00+08:00,0.08399999886751175,0.08399999886751175,0.07999999821186066,0.0820000022649765,324500,0.0,0.0
2023-08-23 00:00:00+08:00,0.08500000089406967,0.08500000089406967,0.07800000160932541,0.0820000022649765,190000,0.0,0.0
2023-08-24 00:00:00+08:00,0.23000000417232513,0.25,0.23000000417232513,0.23999999463558197,1480500,0.0,0.0
2023-08-25 00:00:00+08:00,0.23999999463558197,0.24500000476837158,0.23999999463558197,0.23999999463558197,591600,0.0,0.0
2023-08-28 00:00:00+08:00,0.24500000476837158,0.24500000476837158,0.23499999940395355,0.23499999940395355,626700,0.0,0.0
2023-08-29 00:00:00+08:00,0.23999999463558197,0.23999999463558197,0.23499999940395355,0.23499999940395355,123600,0.0,0.0
2023-08-30 00:00:00+08:00,0.23999999463558197,0.23999999463558197,0.23499999940395355,0.23999999463558197,203200,0.0,0.0
2023-08-31 00:00:00+08:00,0.23999999463558197,0.23999999463558197,0.23499999940395355,0.23499999940395355,609800,0.0,0.0
2023-09-04 00:00:00+08:00,0.23499999940395355,0.23499999940395355,0.23499999940395355,0.23499999940395355,0,0.0,0.0
2023-09-05 00:00:00+08:00,0.23499999940395355,0.23499999940395355,0.23499999940395355,0.23499999940395355,0,0.0,0.0
2023-09-06 00:00:00+08:00,0.23499999940395355,0.23499999940395355,0.23499999940395355,0.23499999940395355,463700,0.0,0.0
2023-09-07 00:00:00+08:00,0.23499999940395355,0.23499999940395355,0.23499999940395355,0.23499999940395355,30000,0.0,0.0
2023-09-08 00:00:00+08:00,0.23999999463558197,0.24500000476837158,0.23499999940395355,0.23999999463558197,297700,0.0,0.0
2023-09-11 00:00:00+08:00,0.23999999463558197,0.23999999463558197,0.23999999463558197,0.23999999463558197,0,0.0,0.0
2023-09-12 00:00:00+08:00,0.24500000476837158,0.24500000476837158,0.23999999463558197,0.23999999463558197,236700,0.0,0.0
2023-09-13 00:00:00+08:00,0.23999999463558197,0.23999999463558197,0.23999999463558197,0.23999999463558197,233000,0.0,0.0
2023-09-14 00:00:00+08:00,0.23999999463558197,0.23999999463558197,0.23999999463558197,0.23999999463558197,86000,0.0,0.0
2023-09-15 00:00:00+08:00,0.23999999463558197,0.23999999463558197,0.23499999940395355,0.23499999940395355,24100,0.0,0.0
2023-09-18 00:00:00+08:00,0.23999999463558197,0.23999999463558197,0.23999999463558197,0.23999999463558197,19500,0.0,0.0
2023-09-19 00:00:00+08:00,0.24500000476837158,0.24500000476837158,0.23999999463558197,0.23999999463558197,70500,0.0,0.0
2023-09-20 00:00:00+08:00,0.23999999463558197,0.23999999463558197,0.23999999463558197,0.23999999463558197,1600,0.0,0.0
2023-09-21 00:00:00+08:00,0.23999999463558197,0.23999999463558197,0.23499999940395355,0.23999999463558197,142500,0.0,0.0
2023-09-22 00:00:00+08:00,0.23999999463558197,0.23999999463558197,0.23999999463558197,0.23999999463558197,40900,0.0,0.0
2023-09-25 00:00:00+08:00,0.23999999463558197,0.24500000476837158,0.23499999940395355,0.24500000476837158,70600,0.0,0.0
2023-09-26 00:00:00+08:00,0.23999999463558197,0.24500000476837158,0.23999999463558197,0.24500000476837158,180900,0.0,0.0
2023-09-27 00:00:00+08:00,0.24500000476837158,0.24500000476837158,0.24500000476837158,0.24500000476837158,120900,0.0,0.0
2023-09-28 00:00:00+08:00,0.24500000476837158,0.24500000476837158,0.23999999463558197,0.23999999463558197,115000,0.0,0.0
2023-09-29 00:00:00+08:00,0.23999999463558197,0.23999999463558197,0.23499999940395355,0.23499999940395355,1198500,0.0,0.0
2023-10-02 00:00:00+08:00,0.1770000010728836,0.1770000010728836,0.12099999934434891,0.14000000059604645,628000,0.0,0.0
2023-10-03 00:00:00+08:00,0.14000000059604645,0.14800000190734863,0.14000000059604645,0.14800000190734863,55300,0.0,0.0
2023-10-04 00:00:00+08:00,0.15299999713897705,0.1599999964237213,0.15299999713897705,0.1599999964237213,39500,0.0,0.0
2023-10-05 00:00:00+08:00,0.16500000655651093,0.17000000178813934,0.16300000250339508,0.16300000250339508,102400,0.0,0.0
2023-10-06 00:00:00+08:00,0.1679999977350235,0.18000000715255737,0.1679999977350235,0.18000000715255737,452400,0.0,0.0
2023-10-09 00:00:00+08:00,0.1850000023841858,0.1850000023841858,0.1599999964237213,0.1599999964237213,44300,0.0,0.0
2023-10-10 00:00:00+08:00,0.16500000655651093,0.17100000381469727,0.16500000655651093,0.17100000381469727,300,0.0,0.0
2023-10-11 00:00:00+08:00,0.17599999904632568,0.1850000023841858,0.17599999904632568,0.1850000023841858,54900,0.0,0.0
2023-10-12 00:00:00+08:00,0.18000000715255737,0.19499999284744263,0.18000000715255737,0.19499999284744263,138900,0.0,0.0
2023-10-13 00:00:00+08:00,0.19699999690055847,0.20999999344348907,0.19699999690055847,0.20000000298023224,110200,0.0,0.0
2023-10-16 00:00:00+08:00,0.20000000298023224,0.20000000298023224,0.20000000298023224,0.20000000298023224,0,0.0,0.0
2023-10-17 00:00:00+08:00,0.20000000298023224,0.20000000298023224,0.20000000298023224,0.20000000298023224,100,0.0,0.0
2023-10-18 00:00:00+08:00,0.19499999284744263,0.19499999284744263,0.19499999284744263,0.19499999284744263,15000,0.0,0.0
2023-10-19 00:00:00+08:00,0.19499999284744263,0.19499999284744263,0.19499999284744263,0.19499999284744263,0,0.0,0.0
2023-10-20 00:00:00+08:00,0.19499999284744263,0.19499999284744263,0.19499999284744263,0.19499999284744263,0,0.0,0.0
2023-10-23 00:00:00+08:00,0.19499999284744263,0.19499999284744263,0.19499999284744263,0.19499999284744263,0,0.0,0.0
2023-10-24 00:00:00+08:00,0.19499999284744263,0.19499999284744263,0.19499999284744263,0.19499999284744263,0,0.0,0.0
2023-10-25 00:00:00+08:00,0.19499999284744263,0.19499999284744263,0.19499999284744263,0.19499999284744263,0,0.0,0.0
2023-10-26 00:00:00+08:00,0.19499999284744263,0.19499999284744263,0.19499999284744263,0.19499999284744263,0,0.0,0.0
2023-10-27 00:00:00+08:00,0.19499999284744263,0.19499999284744263,0.19499999284744263,0.19499999284744263,0,0.0,0.0
2023-10-30 00:00:00+08:00,0.19499999284744263,0.19499999284744263,0.19499999284744263,0.19499999284744263,0,0.0,0.0
2023-10-31 00:00:00+08:00,0.19499999284744263,0.19499999284744263,0.19499999284744263,0.19499999284744263,0,0.0,0.0
2023-11-01 00:00:00+08:00,0.19499999284744263,0.19499999284744263,0.19499999284744263,0.19499999284744263,0,0.0,0.0
2023-11-02 00:00:00+08:00,0.1899999976158142,0.1899999976158142,0.1899999976158142,0.1899999976158142,10000,0.0,0.0
2023-11-03 00:00:00+08:00,0.1899999976158142,0.1899999976158142,0.1899999976158142,0.1899999976158142,0,0.0,0.0
2023-11-06 00:00:00+08:00,0.16899999976158142,0.16899999976158142,0.16899999976158142,0.16899999976158142,27300,0.0,0.0
2023-11-07 00:00:00+08:00,0.17800000309944153,0.17800000309944153,0.17800000309944153,0.17800000309944153,30000,0.0,0.0
2023-11-08 00:00:00+08:00,0.1809999942779541,0.18199999630451202,0.18000000715255737,0.18199999630451202,90200,0.0,0.0
2023-11-09 00:00:00+08:00,0.1809999942779541,0.1809999942779541,0.16899999976158142,0.17000000178813934,174900,0.0,0.0
2023-11-10 00:00:00+08:00,0.16500000655651093,0.16500000655651093,0.16500000655651093,0.16500000655651093,100000,0.0,0.0
2023-11-14 00:00:00+08:00,0.1599999964237213,0.1599999964237213,0.1599999964237213,0.1599999964237213,5000,0.0,0.0
2023-11-15 00:00:00+08:00,0.1599999964237213,0.1599999964237213,0.1599999964237213,0.1599999964237213,0,0.0,0.0
2023-11-16 00:00:00+08:00,0.1599999964237213,0.1599999964237213,0.1599999964237213,0.1599999964237213,100,0.0,0.0
2023-11-17 00:00:00+08:00,0.1599999964237213,0.1599999964237213,0.1599999964237213,0.1599999964237213,0,0.0,0.0
2023-11-20 00:00:00+08:00,0.1599999964237213,0.1599999964237213,0.1599999964237213,0.1599999964237213,0,0.0,0.0
2023-11-21 00:00:00+08:00,0.1599999964237213,0.1599999964237213,0.1599999964237213,0.1599999964237213,0,0.0,0.0
2023-11-22 00:00:00+08:00,0.1599999964237213,0.1599999964237213,0.1599999964237213,0.1599999964237213,0,0.0,0.0
2023-11-23 00:00:00+08:00,0.1459999978542328,0.1459999978542328,0.1459999978542328,0.1459999978542328,13600,0.0,0.0
2023-11-24 00:00:00+08:00,0.1509999930858612,0.1509999930858612,0.1509999930858612,0.1509999930858612,600,0.0,0.0
2023-11-27 00:00:00+08:00,0.1509999930858612,0.1509999930858612,0.15000000596046448,0.15000000596046448,80600,0.0,0.0
2023-11-28 00:00:00+08:00,0.15000000596046448,0.15000000596046448,0.15000000596046448,0.15000000596046448,0,0.0,0.0
2023-11-29 00:00:00+08:00,0.15000000596046448,0.15000000596046448,0.15000000596046448,0.15000000596046448,0,0.0,0.0
2023-11-30 00:00:00+08:00,0.15000000596046448,0.15000000596046448,0.15000000596046448,0.15000000596046448,0,0.0,0.0
2023-12-01 00:00:00+08:00,0.1459999978542328,0.1459999978542328,0.1459999978542328,0.1459999978542328,6600,0.0,0.0
2023-12-04 00:00:00+08:00,0.1459999978542328,0.1459999978542328,0.1459999978542328,0.1459999978542328,0,0.0,0.0
2023-12-05 00:00:00+08:00,0.13300000131130219,0.13300000131130219,0.13300000131130219,0.13300000131130219,6600,0.0,0.0
2023-12-06 00:00:00+08:00,0.13300000131130219,0.13300000131130219,0.13300000131130219,0.13300000131130219,0,0.0,0.0
2023-12-07 00:00:00+08:00,0.13300000131130219,0.13300000131130219,0.12700000405311584,0.12700000405311584,7000,0.0,0.0
2023-12-08 00:00:00+08:00,0.12099999934434891,0.12800000607967377,0.12099999934434891,0.12800000607967377,8600,0.0,0.0
2023-12-11 00:00:00+08:00,0.12800000607967377,0.12800000607967377,0.12800000607967377,0.12800000607967377,0,0.0,0.0
2023-12-12 00:00:00+08:00,0.12800000607967377,0.12800000607967377,0.12800000607967377,0.12800000607967377,0,0.0,0.0
2023-12-13 00:00:00+08:00,0.12800000607967377,0.12800000607967377,0.12800000607967377,0.12800000607967377,0,0.0,0.0
2023-12-14 00:00:00+08:00,0.12800000607967377,0.12800000607967377,0.12800000607967377,0.12800000607967377,0,0.0,0.0
2023-12-15 00:00:00+08:00,0.12800000607967377,0.12800000607967377,0.12800000607967377,0.12800000607967377,0,0.0,0.0
2023-12-18 00:00:00+08:00,0.12800000607967377,0.12800000607967377,0.12800000607967377,0.12800000607967377,0,0.0,0.0
2023-12-19 00:00:00+08:00,0.12800000607967377,0.12800000607967377,0.12800000607967377,0.12800000607967377,0,0.0,0.0
2023-12-20 00:00:00+08:00,0.12800000607967377,0.12800000607967377,0.12800000607967377,0.12800000607967377,0,0.0,0.0
2023-12-21 00:00:00+08:00,0.12700000405311584,0.13500000536441803,0.12700000405311584,0.13500000536441803,112100,0.0,0.0
2023-12-22 00:00:00+08:00,0.13500000536441803,0.13500000536441803,0.13500000536441803,0.13500000536441803,0,0.0,0.0
2023-12-26 00:00:00+08:00,0.11800000071525574,0.12999999523162842,0.11800000071525574,0.12999999523162842,5100,0.0,0.0
2023-12-27 00:00:00+08:00,0.11999999731779099,0.11999999731779099,0.11900000274181366,0.11900000274181366,30000,0.0,0.0
2023-12-28 00:00:00+08:00,0.11900000274181366,0.11900000274181366,0.11900000274181366,0.11900000274181366,0,0.0,0.0
2023-12-29 00:00:00+08:00,0.12800000607967377,0.12800000607967377,0.12200000137090683,0.125,31900,0.0,0.0
2024-01-02 00:00:00+08:00,0.11900000274181366,0.11999999731779099,0.11900000274181366,0.11900000274181366,133100,0.0,0.0
2024-01-03 00:00:00+08:00,0.11900000274181366,0.11900000274181366,0.11900000274181366,0.11900000274181366,0,0.0,0.0
2024-01-04 00:00:00+08:00,0.11900000274181366,0.11900000274181366,0.11900000274181366,0.11900000274181366,0,0.0,0.0
2024-01-05 00:00:00+08:00,0.11900000274181366,0.11900000274181366,0.11900000274181366,0.11900000274181366,0,0.0,0.0
2024-01-08 00:00:00+08:00,0.11800000071525574,0.11999999731779099,0.11800000071525574,0.11999999731779099,300000,0.0,0.0
2024-01-09 00:00:00+08:00,0.11999999731779099,0.11999999731779099,0.11999999731779099,0.11999999731779099,0,0.0,0.0
2024-01-10 00:00:00+08:00,0.11400000005960464,0.11400000005960464,0.11400000005960464,0.11400000005960464,5300,0.0,0.0
2024-01-11 00:00:00+08:00,0.11400000005960464,0.11400000005960464,0.11400000005960464,0.11400000005960464,0,0.0,0.0
2024-01-12 00:00:00+08:00,0.11400000005960464,0.11400000005960464,0.11400000005960464,0.11400000005960464,0,0.0,0.0
2024-01-15 00:00:00+08:00,0.11400000005960464,0.11400000005960464,0.11400000005960464,0.11400000005960464,0,0.0,0.0
2024-01-16 00:00:00+08:00,0.11900000274181366,0.11900000274181366,0.11900000274181366,0.11900000274181366,139900,0.0,0.0
2024-01-17 00:00:00+08:00,0.11900000274181366,0.11900000274181366,0.11900000274181366,0.11900000274181366,0,0.0,0.0
2024-01-18 00:00:00+08:00,0.11900000274181366,0.11900000274181366,0.11900000274181366,0.11900000274181366,0,0.0,0.0
2024-01-19 00:00:00+08:00,0.11900000274181366,0.11900000274181366,0.11900000274181366,0.11900000274181366,0,0.0,0.0
2024-01-22 00:00:00+08:00,0.11900000274181366,0.11900000274181366,0.11900000274181366,0.11900000274181366,0,0.0,0.0
2024-01-23 00:00:00+08:00,0.11900000274181366,0.11900000274181366,0.11900000274181366,0.11900000274181366,0,0.0,0.0
2024-01-24 00:00:00+08:00,0.15000000596046448,0.1550000011920929,0.12600000202655792,0.1289999932050705,1217000,0.0,0.0
2024-01-25 00:00:00+08:00,0.12999999523162842,0.1340000033378601,0.12399999797344208,0.13300000131130219,2400,0.0,0.0
2024-01-26 00:00:00+08:00,0.125,0.12600000202655792,0.12399999797344208,0.125,70000,0.0,0.0
2024-01-29 00:00:00+08:00,0.12800000607967377,0.12800000607967377,0.12800000607967377,0.12800000607967377,20400,0.0,0.0
2024-01-30 00:00:00+08:00,0.12700000405311584,0.1379999965429306,0.12600000202655792,0.1379999965429306,43500,0.0,0.0
2024-01-31 00:00:00+08:00,0.13899999856948853,0.14000000059604645,0.13699999451637268,0.14000000059604645,152800,0.0,0.0
2024-02-01 00:00:00+08:00,0.13300000131130219,0.13300000131130219,0.12999999523162842,0.13199999928474426,41300,0.0,0.0
2024-02-02 00:00:00+08:00,0.13199999928474426,0.13199999928474426,0.13199999928474426,0.13199999928474426,0,0.0,0.0
2024-02-05 00:00:00+08:00,0.13500000536441803,0.13500000536441803,0.12600000202655792,0.12700000405311584,47600,0.0,0.0
2024-02-06 00:00:00+08:00,0.12700000405311584,0.12700000405311584,0.12700000405311584,0.12700000405311584,0,0.0,0.0
2024-02-07 00:00:00+08:00,0.12800000607967377,0.12800000607967377,0.12700000405311584,0.12700000405311584,42000,0.0,0.0
2024-02-08 00:00:00+08:00,0.12700000405311584,0.12700000405311584,0.12700000405311584,0.12700000405311584,0,0.0,0.0
2024-02-09 00:00:00+08:00,0.12700000405311584,0.12700000405311584,0.12700000405311584,0.12700000405311584,0,0.0,0.0
2024-02-13 00:00:00+08:00,0.12700000405311584,0.12700000405311584,0.12700000405311584,0.12700000405311584,0,0.0,0.0
2024-02-14 00:00:00+08:00,0.12700000405311584,0.12700000405311584,0.12700000405311584,0.12700000405311584,0,0.0,0.0
2024-02-15 00:00:00+08:00,0.12700000405311584,0.12700000405311584,0.12700000405311584,0.12700000405311584,0,0.0,0.0
2024-02-16 00:00:00+08:00,0.12700000405311584,0.12700000405311584,0.12700000405311584,0.12700000405311584,0,0.0,0.0
2024-02-19 00:00:00+08:00,0.12700000405311584,0.12700000405311584,0.12700000405311584,0.12700000405311584,0,0.0,0.0
2024-02-20 00:00:00+08:00,0.12700000405311584,0.12700000405311584,0.12700000405311584,0.12700000405311584,0,0.0,0.0
2024-02-21 00:00:00+08:00,0.12800000607967377,0.12800000607967377,0.12800000607967377,0.12800000607967377,1300,0.0,0.0
2024-02-22 00:00:00+08:00,0.12800000607967377,0.12800000607967377,0.12800000607967377,0.12800000607967377,0,0.0,0.0
2024-02-23 00:00:00+08:00,0.12800000607967377,0.12800000607967377,0.12700000405311584,0.12700000405311584,22000,0.0,0.0
2024-02-26 00:00:00+08:00,0.12700000405311584,0.12700000405311584,0.12700000405311584,0.12700000405311584,0,0.0,0.0
2024-02-27 00:00:00+08:00,0.12700000405311584,0.12700000405311584,0.12700000405311584,0.12700000405311584,0,0.0,0.0
2024-02-28 00:00:00+08:00,0.12700000405311584,0.12700000405311584,0.12700000405311584,0.12700000405311584,0,0.0,0.0
2024-02-29 00:00:00+08:00,0.1289999932050705,0.1289999932050705,0.1289999932050705,0.1289999932050705,10300,0.0,0.0
2024-03-01 00:00:00+08:00,0.1289999932050705,0.1289999932050705,0.1289999932050705,0.1289999932050705,8200,0.0,0.0
2024-03-04 00:00:00+08:00,0.1289999932050705,0.1289999932050705,0.1289999932050705,0.1289999932050705,0,0.0,0.0
2024-03-05 00:00:00+08:00,0.12399999797344208,0.125,0.10899999737739563,0.125,100900,0.0,0.0
2024-03-06 00:00:00+08:00,0.125,0.125,0.125,0.125,0,0.0,0.0
2024-03-07 00:00:00+08:00,0.11900000274181366,0.11999999731779099,0.11900000274181366,0.11999999731779099,70800,0.0,0.0
2024-03-08 00:00:00+08:00,0.11999999731779099,0.11999999731779099,0.11999999731779099,0.11999999731779099,0,0.0,0.0
2024-03-11 00:00:00+08:00,0.11999999731779099,0.11999999731779099,0.11999999731779099,0.11999999731779099,0,0.0,0.0
2024-03-12 00:00:00+08:00,0.12099999934434891,0.12099999934434891,0.12099999934434891,0.12099999934434891,300,0.0,0.0
2024-03-13 00:00:00+08:00,0.12099999934434891,0.12099999934434891,0.12099999934434891,0.12099999934434891,0,0.0,0.0
2024-03-14 00:00:00+08:00,0.12099999934434891,0.12099999934434891,0.12099999934434891,0.12099999934434891,0,0.0,0.0
2024-03-15 00:00:00+08:00,0.12099999934434891,0.12099999934434891,0.12099999934434891,0.12099999934434891,0,0.0,0.0
2024-03-18 00:00:00+08:00,0.12099999934434891,0.12099999934434891,0.12099999934434891,0.12099999934434891,0,0.0,0.0
2024-03-19 00:00:00+08:00,0.12099999934434891,0.12099999934434891,0.12099999934434891,0.12099999934434891,0,0.0,0.0
2024-03-20 00:00:00+08:00,0.12099999934434891,0.12099999934434891,0.12099999934434891,0.12099999934434891,0,0.0,0.0
2024-03-21 00:00:00+08:00,0.12099999934434891,0.12099999934434891,0.12099999934434891,0.12099999934434891,0,0.0,0.0
2024-03-22 00:00:00+08:00,0.12099999934434891,0.12099999934434891,0.12099999934434891,0.12099999934434891,0,0.0,0.0
2024-03-25 00:00:00+08:00,0.12099999934434891,0.12099999934434891,0.12099999934434891,0.12099999934434891,0,0.0,0.0
2024-03-26 00:00:00+08:00,0.12099999934434891,0.12099999934434891,0.12099999934434891,0.12099999934434891,0,0.0,0.0
2024-03-27 00:00:00+08:00,0.12300000339746475,0.12399999797344208,0.12300000339746475,0.12300000339746475,184700,0.0,0.0
2024-03-28 00:00:00+08:00,0.13899999856948853,0.13899999856948853,0.13500000536441803,0.13500000536441803,29900,0.0,0.0
2024-04-01 00:00:00+08:00,0.13500000536441803,0.13500000536441803,0.13500000536441803,0.13500000536441803,0,0.0,0.0
2024-04-02 00:00:00+08:00,0.13500000536441803,0.13500000536441803,0.13500000536441803,0.13500000536441803,0,0.0,0.0
2024-04-03 00:00:00+08:00,0.13500000536441803,0.13500000536441803,0.13500000536441803,0.13500000536441803,0,0.0,0.0
2024-04-04 00:00:00+08:00,0.13500000536441803,0.13500000536441803,0.13500000536441803,0.13500000536441803,0,0.0,0.0
2024-04-05 00:00:00+08:00,0.13500000536441803,0.13500000536441803,0.13500000536441803,0.13500000536441803,0,0.0,0.0
2024-04-08 00:00:00+08:00,0.1340000033378601,0.13500000536441803,0.1340000033378601,0.13500000536441803,152000,0.0,0.0
2024-04-09 00:00:00+08:00,0.1289999932050705,0.1289999932050705,0.1289999932050705,0.1289999932050705,6600,0.0,0.0
2024-04-11 00:00:00+08:00,0.12999999523162842,0.12999999523162842,0.12999999523162842,0.12999999523162842,6000,0.0,0.0
2024-04-12 00:00:00+08:00,0.12999999523162842,0.12999999523162842,0.12999999523162842,0.12999999523162842,0,0.0,0.0
2024-04-15 00:00:00+08:00,0.12999999523162842,0.12999999523162842,0.12999999523162842,0.12999999523162842,0,0.0,0.0
2024-04-16 00:00:00+08:00,0.12999999523162842,0.12999999523162842,0.12999999523162842,0.12999999523162842,0,0.0,0.0
2024-04-17 00:00:00+08:00,0.12999999523162842,0.12999999523162842,0.12999999523162842,0.12999999523162842,0,0.0,0.0
2024-04-18 00:00:00+08:00,0.12999999523162842,0.12999999523162842,0.12999999523162842,0.12999999523162842,0,0.0,0.0
2024-04-19 00:00:00+08:00,0.12399999797344208,0.12399999797344208,0.12399999797344208,0.12399999797344208,27600,0.0,0.0
2024-04-22 00:00:00+08:00,0.12399999797344208,0.12399999797344208,0.12399999797344208,0.12399999797344208,0,0.0,0.0
2024-04-23 00:00:00+08:00,0.12399999797344208,0.12399999797344208,0.12399999797344208,0.12399999797344208,0,0.0,0.0
2024-04-24 00:00:00+08:00,0.12399999797344208,0.12399999797344208,0.12399999797344208,0.12399999797344208,0,0.0,0.0
2024-04-25 00:00:00+08:00,0.12399999797344208,0.12399999797344208,0.12399999797344208,0.12399999797344208,0,0.0,0.0
2024-04-26 00:00:00+08:00,0.12399999797344208,0.12399999797344208,0.12399999797344208,0.12399999797344208,0,0.0,0.0
2024-04-29 00:00:00+08:00,0.12399999797344208,0.12399999797344208,0.12399999797344208,0.12399999797344208,0,0.0,0.0
2024-04-30 00:00:00+08:00,0.12399999797344208,0.12399999797344208,0.12399999797344208,0.12399999797344208,0,0.0,0.0
2024-05-02 00:00:00+08:00,0.12300000339746475,0.12300000339746475,0.12300000339746475,0.12300000339746475,130000,0.0,0.0
2024-05-03 00:00:00+08:00,0.12399999797344208,0.12399999797344208,0.12300000339746475,0.12300000339746475,33300,0.0,0.0
2024-05-06 00:00:00+08:00,0.12300000339746475,0.12300000339746475,0.12300000339746475,0.12300000339746475,0,0.0,0.0
2024-05-07 00:00:00+08:00,0.12300000339746475,0.12300000339746475,0.12300000339746475,0.12300000339746475,0,0.0,0.0
2024-05-08 00:00:00+08:00,0.12300000339746475,0.12300000339746475,0.12300000339746475,0.12300000339746475,0,0.0,0.0
2024-05-09 00:00:00+08:00,0.12300000339746475,0.12300000339746475,0.12300000339746475,0.12300000339746475,0,0.0,0.0
2024-05-10 00:00:00+08:00,0.12300000339746475,0.12300000339746475,0.12300000339746475,0.12300000339746475,0,0.0,0.0
2024-05-13 00:00:00+08:00,0.12300000339746475,0.12300000339746475,0.12300000339746475,0.12300000339746475,0,0.0,0.0
2024-05-14 00:00:00+08:00,0.12300000339746475,0.12300000339746475,0.12300000339746475,0.12300000339746475,0,0.0,0.0
2024-05-15 00:00:00+08:00,0.12300000339746475,0.13899999856948853,0.12300000339746475,0.12399999797344208,42200,0.0,0.0
2024-05-16 00:00:00+08:00,0.12399999797344208,0.12399999797344208,0.11999999731779099,0.11999999731779099,60000,0.0,0.0
2024-05-17 00:00:00+08:00,0.11999999731779099,0.11999999731779099,0.11999999731779099,0.11999999731779099,0,0.0,0.0
2024-05-20 00:00:00+08:00,0.11999999731779099,0.11999999731779099,0.11999999731779099,0.11999999731779099,0,0.0,0.0
2024-05-21 00:00:00+08:00,0.12300000339746475,0.12300000339746475,0.12099999934434891,0.12099999934434891,16600,0.0,0.0
2024-05-23 00:00:00+08:00,0.12099999934434891,0.12099999934434891,0.12099999934434891,0.12099999934434891,10100,0.0,0.0
2024-05-24 00:00:00+08:00,0.12099999934434891,0.12099999934434891,0.12099999934434891,0.12099999934434891,0,0.0,0.0
2024-05-27 00:00:00+08:00,0.12099999934434891,0.12099999934434891,0.12099999934434891,0.12099999934434891,0,0.0,0.0
2024-05-28 00:00:00+08:00,0.12099999934434891,0.12099999934434891,0.12099999934434891,0.12099999934434891,0,0.0,0.0
2024-05-29 00:00:00+08:00,0.12099999934434891,0.12099999934434891,0.12099999934434891,0.12099999934434891,0,0.0,0.0
2024-05-30 00:00:00+08:00,0.12099999934434891,0.12099999934434891,0.12099999934434891,0.12099999934434891,0,0.0,0.0
2024-05-31 00:00:00+08:00,0.12099999934434891,0.12099999934434891,0.12099999934434891,0.12099999934434891,0,0.0,0.0
2024-06-03 00:00:00+08:00,0.12099999934434891,0.12099999934434891,0.12099999934434891,0.12099999934434891,0,0.0,0.0
2024-06-04 00:00:00+08:00,0.12099999934434891,0.12099999934434891,0.12099999934434891,0.12099999934434891,0,0.0,0.0
2024-06-05 00:00:00+08:00,0.12099999934434891,0.12099999934434891,0.12099999934434891,0.12099999934434891,0,0.0,0.0
2024-06-06 00:00:00+08:00,0.12099999934434891,0.12099999934434891,0.12099999934434891,0.12099999934434891,3000,0.0,0.0
2024-06-07 00:00:00+08:00,0.12099999934434891,0.12099999934434891,0.12099999934434891,0.12099999934434891,0,0.0,0.0
2024-06-10 00:00:00+08:00,0.12099999934434891,0.12099999934434891,0.12099999934434891,0.12099999934434891,0,0.0,0.0
2024-06-11 00:00:00+08:00,0.12099999934434891,0.12099999934434891,0.12099999934434891,0.12099999934434891,0,0.0,0.0
2024-06-12 00:00:00+08:00,0.12099999934434891,0.12099999934434891,0.12099999934434891,0.12099999934434891,0,0.0,0.0
2024-06-13 00:00:00+08:00,0.11999999731779099,0.11999999731779099,0.11999999731779099,0.11999999731779099,300,0.0,0.0
2024-06-14 00:00:00+08:00,0.11900000274181366,0.11900000274181366,0.11900000274181366,0.11900000274181366,1600,0.0,0.0
2024-06-18 00:00:00+08:00,0.11900000274181366,0.11900000274181366,0.11900000274181366,0.11900000274181366,0,0.0,0.0
2024-06-19 00:00:00+08:00,0.14900000393390656,0.14900000393390656,0.14000000059604645,0.14000000059604645,40000,0.0,0.0
2024-06-20 00:00:00+08:00,0.14399999380111694,0.14399999380111694,0.10199999809265137,0.10199999809265137,130400,0.0,0.0
2024-06-21 00:00:00+08:00,0.10199999809265137,0.10199999809265137,0.10199999809265137,0.10199999809265137,0,0.0,0.0
2024-06-24 00:00:00+08:00,0.10199999809265137,0.10199999809265137,0.10199999809265137,0.10199999809265137,0,0.0,0.0
2024-06-25 00:00:00+08:00,0.12999999523162842,0.12999999523162842,0.12999999523162842,0.12999999523162842,183000,0.0,0.0
2024-06-26 00:00:00+08:00,0.12999999523162842,0.12999999523162842,0.12999999523162842,0.12999999523162842,0,0.0,0.0
2024-06-27 00:00:00+08:00,0.12999999523162842,0.12999999523162842,0.12999999523162842,0.12999999523162842,6600,0.0,0.0
2024-06-28 00:00:00+08:00,0.12999999523162842,0.12999999523162842,0.12999999523162842,0.12999999523162842,0,0.0,0.0
2024-07-01 00:00:00+08:00,0.12999999523162842,0.12999999523162842,0.12999999523162842,0.12999999523162842,0,0.0,0.0
2024-07-02 00:00:00+08:00,0.12999999523162842,0.12999999523162842,0.12999999523162842,0.12999999523162842,0,0.0,0.0
2024-07-03 00:00:00+08:00,0.12999999523162842,0.13899999856948853,0.12999999523162842,0.13899999856948853,54300,0.0,0.0
2024-07-04 00:00:00+08:00,0.13899999856948853,0.13899999856948853,0.13899999856948853,0.13899999856948853,0,0.0,0.0
2024-07-05 00:00:00+08:00,0.14000000059604645,0.14000000059604645,0.14000000059604645,0.14000000059604645,41000,0.0,0.0
2024-07-08 00:00:00+08:00,0.13500000536441803,0.13500000536441803,0.13500000536441803,0.13500000536441803,50000,0.0,0.0
2024-07-09 00:00:00+08:00,0.13500000536441803,0.13500000536441803,0.13500000536441803,0.13500000536441803,0,0.0,0.0
2024-07-10 00:00:00+08:00,0.14399999380111694,0.1459999978542328,0.14399999380111694,0.1459999978542328,35700,0.0,0.0
2024-07-11 00:00:00+08:00,0.1459999978542328,0.1459999978542328,0.1459999978542328,0.1459999978542328,10000,0.0,0.0
2024-07-12 00:00:00+08:00,0.14499999582767487,0.14499999582767487,0.14499999582767487,0.14499999582767487,31000,0.0,0.0
2024-07-15 00:00:00+08:00,0.14499999582767487,0.14499999582767487,0.14499999582767487,0.14499999582767487,0,0.0,0.0
2024-07-16 00:00:00+08:00,0.14499999582767487,0.14499999582767487,0.14499999582767487,0.14499999582767487,6600,0.0,0.0
2024-07-17 00:00:00+08:00,0.14499999582767487,0.14499999582767487,0.14499999582767487,0.14499999582767487,20000,0.0,0.0
2024-07-18 00:00:00+08:00,0.14499999582767487,0.14499999582767487,0.14499999582767487,0.14499999582767487,20000,0.0,0.0
2024-07-19 00:00:00+08:00,0.14499999582767487,0.14499999582767487,0.14499999582767487,0.14499999582767487,10000,0.0,0.0
2024-07-22 00:00:00+08:00,0.14499999582767487,0.14900000393390656,0.14499999582767487,0.14900000393390656,45700,0.0,0.0
2024-07-23 00:00:00+08:00,0.13099999725818634,0.14800000190734863,0.13099999725818634,0.14800000190734863,3200,0.0,0.0
2024-07-24 00:00:00+08:00,0.1469999998807907,0.1469999998807907,0.1469999998807907,0.1469999998807907,15300,0.0,0.0
2024-07-25 00:00:00+08:00,0.1469999998807907,0.1469999998807907,0.13899999856948853,0.13899999856948853,34500,0.0,0.0
2024-07-26 00:00:00+08:00,0.13500000536441803,0.13500000536441803,0.13500000536441803,0.13500000536441803,15000,0.0,0.0
2024-07-29 00:00:00+08:00,0.13500000536441803,0.13500000536441803,0.13500000536441803,0.13500000536441803,0,0.0,0.0
2024-07-30 00:00:00+08:00,0.13500000536441803,0.13500000536441803,0.13500000536441803,0.13500000536441803,0,0.0,0.0
2024-07-31 00:00:00+08:00,0.13500000536441803,0.13500000536441803,0.13500000536441803,0.13500000536441803,0,0.0,0.0
2024-08-01 00:00:00+08:00,0.13500000536441803,0.13500000536441803,0.13500000536441803,0.13500000536441803,0,0.0,0.0
2024-08-02 00:00:00+08:00,0.1340000033378601,0.1340000033378601,0.1340000033378601,0.1340000033378601,100,0.0,0.0
2024-08-05 00:00:00+08:00,0.1340000033378601,0.1340000033378601,0.1340000033378601,0.1340000033378601,20000,0.0,0.0
2024-08-06 00:00:00+08:00,0.1340000033378601,0.1340000033378601,0.1340000033378601,0.1340000033378601,0,0.0,0.0
2024-08-07 00:00:00+08:00,0.1340000033378601,0.1340000033378601,0.1340000033378601,0.1340000033378601,40000,0.0,0.0
2024-08-08 00:00:00+08:00,0.1340000033378601,0.1340000033378601,0.1340000033378601,0.1340000033378601,215000,0.0,0.0
2024-08-12 00:00:00+08:00,0.1340000033378601,0.1340000033378601,0.1340000033378601,0.1340000033378601,0,0.0,0.0
2024-08-13 00:00:00+08:00,0.13199999928474426,0.14000000059604645,0.13199999928474426,0.14000000059604645,146700,0.0,0.0
2024-08-14 00:00:00+08:00,0.14000000059604645,0.14000000059604645,0.14000000059604645,0.14000000059604645,0,0.0,0.0
2024-08-15 00:00:00+08:00,0.12999999523162842,0.12999999523162842,0.12999999523162842,0.12999999523162842,3000,0.0,0.0
2024-08-16 00:00:00+08:00,0.12999999523162842,0.12999999523162842,0.12999999523162842,0.12999999523162842,0,0.0,0.0
2024-08-19 00:00:00+08:00,0.12999999523162842,0.12999999523162842,0.12999999523162842,0.12999999523162842,0,0.0,0.0
2024-08-20 00:00:00+08:00,0.12999999523162842,0.12999999523162842,0.12999999523162842,0.12999999523162842,0,0.0,0.0
2024-08-21 00:00:00+08:00,0.13099999725818634,0.13099999725818634,0.13099999725818634,0.13099999725818634,30000,0.0,0.0
2024-08-22 00:00:00+08:00,0.13099999725818634,0.13099999725818634,0.13099999725818634,0.13099999725818634,30000,0.0,0.0
2024-08-23 00:00:00+08:00,0.13099999725818634,0.13099999725818634,0.13099999725818634,0.13099999725818634,0,0.0,0.0
2024-08-26 00:00:00+08:00,0.13099999725818634,0.13099999725818634,0.12999999523162842,0.12999999523162842,36600,0.0,0.0
2024-08-27 00:00:00+08:00,0.12999999523162842,0.12999999523162842,0.12999999523162842,0.12999999523162842,0,0.0,0.0
2024-08-28 00:00:00+08:00,0.12999999523162842,0.12999999523162842,0.12999999523162842,0.12999999523162842,0,0.0,0.0
2024-08-29 00:00:00+08:00,0.12999999523162842,0.12999999523162842,0.12999999523162842,0.12999999523162842,0,0.0,0.0
2024-08-30 00:00:00+08:00,0.10999999940395355,0.10999999940395355,0.10999999940395355,0.10999999940395355,3300,0.0,0.0
2024-09-02 00:00:00+08:00,0.125,0.125,0.125,0.125,3300,0.0,0.0
2024-09-03 00:00:00+08:00,0.125,0.125,0.125,0.125,0,0.0,0.0
2024-09-04 00:00:00+08:00,0.125,0.125,0.125,0.125,0,0.0,0.0
2024-09-05 00:00:00+08:00,0.11599999666213989,0.11599999666213989,0.11599999666213989,0.11599999666213989,3300,0.0,0.0
2024-09-06 00:00:00+08:00,0.11599999666213989,0.11599999666213989,0.11599999666213989,0.11599999666213989,0,0.0,0.0
2024-09-09 00:00:00+08:00,0.11999999731779099,0.11999999731779099,0.11999999731779099,0.11999999731779099,20000,0.0,0.0
2024-09-10 00:00:00+08:00,0.11999999731779099,0.11999999731779099,0.11999999731779099,0.11999999731779099,0,0.0,0.0
2024-09-11 00:00:00+08:00,0.12099999934434891,0.12099999934434891,0.11999999731779099,0.11999999731779099,33300,0.0,0.0
2024-09-12 00:00:00+08:00,0.11999999731779099,0.11999999731779099,0.11999999731779099,0.11999999731779099,0,0.0,0.0
2024-09-13 00:00:00+08:00,0.11500000208616257,0.11500000208616257,0.11500000208616257,0.11500000208616257,5000,0.0,0.0
2024-09-16 00:00:00+08:00,0.11999999731779099,0.11999999731779099,0.11999999731779099,0.11999999731779099,11000,0.0,0.0
2024-09-17 00:00:00+08:00,0.11999999731779099,0.12099999934434891,0.11999999731779099,0.12099999934434891,26200,0.0,0.0
2024-09-18 00:00:00+08:00,0.12099999934434891,0.12099999934434891,0.12099999934434891,0.12099999934434891,0,0.0,0.0
2024-09-19 00:00:00+08:00,0.12099999934434891,0.12099999934434891,0.12099999934434891,0.12099999934434891,0,0.0,0.0
2024-09-20 00:00:00+08:00,0.12099999934434891,0.12099999934434891,0.12099999934434891,0.12099999934434891,0,0.0,0.0
2024-09-23 00:00:00+08:00,0.12099999934434891,0.12099999934434891,0.12099999934434891,0.12099999934434891,3300,0.0,0.0
2024-09-24 00:00:00+08:00,0.12099999934434891,0.12099999934434891,0.12099999934434891,0.12099999934434891,0,0.0,0.0
2024-09-25 00:00:00+08:00,0.12099999934434891,0.12099999934434891,0.12099999934434891,0.12099999934434891,0,0.0,0.0
2024-09-26 00:00:00+08:00,0.12099999934434891,0.12099999934434891,0.12099999934434891,0.12099999934434891,0,0.0,0.0
2024-09-27 00:00:00+08:00,0.12099999934434891,0.12099999934434891,0.12099999934434891,0.12099999934434891,0,0.0,0.0
2024-09-30 00:00:00+08:00,0.12099999934434891,0.12099999934434891,0.12099999934434891,0.12099999934434891,0,0.0,0.0
2024-10-01 00:00:00+08:00,0.12099999934434891,0.12099999934434891,0.12099999934434891,0.12099999934434891,0,0.0,0.0
2024-10-02 00:00:00+08:00,0.12099999934434891,0.12099999934434891,0.12099999934434891,0.12099999934434891,0,0.0,0.0
2024-10-03 00:00:00+08:00,0.12099999934434891,0.12099999934434891,0.12099999934434891,0.12099999934434891,0,0.0,0.0
2024-10-04 00:00:00+08:00,0.12099999934434891,0.12099999934434891,0.12099999934434891,0.12099999934434891,6600,0.0,0.0
2024-10-07 00:00:00+08:00,0.12099999934434891,0.12099999934434891,0.12099999934434891,0.12099999934434891,0,0.0,0.0
2024-10-08 00:00:00+08:00,0.12099999934434891,0.12099999934434891,0.12099999934434891,0.12099999934434891,0,0.0,0.0
2024-10-09 00:00:00+08:00,0.11999999731779099,0.12099999934434891,0.11999999731779099,0.12099999934434891,56500,0.0,0.0
2024-10-10 00:00:00+08:00,0.12099999934434891,0.12099999934434891,0.12099999934434891,0.12099999934434891,0,0.0,0.0
2024-10-11 00:00:00+08:00,0.12099999934434891,0.12099999934434891,0.12099999934434891,0.12099999934434891,0,0.0,0.0
2024-10-14 00:00:00+08:00,0.11599999666213989,0.11599999666213989,0.11599999666213989,0.11599999666213989,100,0.0,0.0
2024-10-15 00:00:00+08:00,0.11599999666213989,0.11599999666213989,0.11599999666213989,0.11599999666213989,0,0.0,0.0
2024-10-16 00:00:00+08:00,0.11599999666213989,0.11599999666213989,0.11599999666213989,0.11599999666213989,0,0.0,0.0
2024-10-18 00:00:00+08:00,0.12099999934434891,0.12099999934434891,0.12099999934434891,0.12099999934434891,10000,0.0,0.0
