Date,Open,High,Low,Close,Volume,Dividends,Stock Splits
2007-12-31 00:00:00+08:00,5.60783191379642,5.864819543934336,5.506872405612005,5.8556413650512695,51450,0.0,0.0
2008-01-02 00:00:00+08:00,5.626188337475002,5.85564095538155,5.607831521463833,5.828106880187988,101850,0.0,0.0
2008-01-03 00:00:00+08:00,5.644544355795313,5.76386022567749,5.644544355795313,5.76386022567749,15750,0.0,0.0
2008-01-04 00:00:00+08:00,5.754682028755875,5.782217025756836,5.745503849598663,5.782217025756836,12600,0.0,0.0
2008-01-07 00:00:00+08:00,5.442625639108249,5.497693788963105,5.378378851571887,5.387557029724121,79800,0.0,0.0
2008-01-08 00:00:00+08:00,5.506872279692407,5.506872279692407,5.39673551420192,5.460981845855713,90300,0.0,0.0
2008-01-09 00:00:00+08:00,5.460981730838669,5.7455034255981445,5.460981730838669,5.7455034255981445,15750,0.0,0.0
2008-01-10 00:00:00+08:00,5.571119512099926,5.800572140058789,5.571119512099926,5.690434455871582,14700,0.0,0.0
2008-01-11 00:00:00+08:00,5.598653656270572,5.690434524753391,5.516050507012593,5.672079086303711,24150,0.0,0.0
2008-01-14 00:00:00+08:00,5.5986539191483145,5.782217043320834,5.5986539191483145,5.773038864135742,6300,0.0,0.0
2008-01-15 00:00:00+08:00,5.754681793443118,5.846463121732923,5.662900924682617,5.662900924682617,37800,0.0,0.0
2008-01-16 00:00:00+08:00,5.44262612928263,5.699613302572883,5.44262612928263,5.598653793334961,4200,0.0,0.0
2008-01-17 00:00:00+08:00,5.534407174943168,5.736325263977051,5.534407174943168,5.736325263977051,10500,0.0,0.0
2008-01-18 00:00:00+08:00,5.828107135517212,5.828107135517212,5.451803649269678,5.690434455871582,160650,0.0,0.0
2008-01-21 00:00:00+08:00,5.488517232072256,5.497694492340088,5.424269976786807,5.497694492340088,96600,0.0,0.0
2008-01-22 00:00:00+08:00,5.415091143965497,5.415091143965497,5.1213908195495605,5.1213908195495605,187950,0.0,0.0
2008-01-23 00:00:00+08:00,5.231529184453014,5.231529184453014,4.772622551307124,4.790978908538818,153300,0.0,0.0
2008-01-24 00:00:00+08:00,4.790978876263457,5.1030355685121505,4.790978876263457,5.038788318634033,210000,0.0,0.0
2008-01-25 00:00:00+08:00,4.919472293294305,5.203994899944407,4.919472293294305,5.112212657928467,44100,0.0,0.0
2008-01-28 00:00:00+08:00,4.8735814608083246,4.8735814608083246,4.864404201507568,4.864404201507568,51450,0.0,0.0
2008-01-29 00:00:00+08:00,4.956185748799565,4.974541187286377,4.680841304676901,4.974541187286377,101850,0.0,0.0
2008-01-30 00:00:00+08:00,4.882760524749756,4.882760524749756,4.882760524749756,4.882760524749756,5250,0.0,0.0
2008-01-31 00:00:00+08:00,4.864404201507568,4.864404201507568,4.772622417914357,4.864404201507568,29400,0.0,0.0
2008-02-01 00:00:00+08:00,4.864404207140683,5.084678649902344,4.864404207140683,5.084678649902344,37800,0.0,0.0
2008-02-12 00:00:00+08:00,5.213172027719428,5.222350205736728,4.956185340881348,4.956185340881348,13650,0.0,0.0
2008-02-13 00:00:00+08:00,4.965362599840117,4.965362599840117,4.919472169282882,4.956185340881348,30450,0.0,0.0
2008-02-14 00:00:00+08:00,4.974541022532542,5.295775890350342,4.974541022532542,5.295775890350342,10500,0.0,0.0
2008-02-15 00:00:00+08:00,5.268241534706968,5.662900924682617,5.231529279108629,5.662900924682617,228900,0.0,0.0
2008-02-18 00:00:00+08:00,5.947422755675089,6.057560443878174,5.89235368180889,6.057560443878174,246750,0.0,0.0
2008-02-19 00:00:00+08:00,6.45221987624326,6.479753494262695,6.378794444035081,6.479753494262695,621600,0.0,0.0
2008-02-20 00:00:00+08:00,6.424684896917366,6.654137535067858,6.149341363513323,6.470575332641602,189000,0.0,0.0
2008-02-21 00:00:00+08:00,6.470574755442117,6.608246509863303,6.470574755442117,6.516465187072754,152250,0.0,0.0
2008-02-22 00:00:00+08:00,6.332903282215474,6.608246803283691,6.167697904821418,6.608246803283691,246750,0.0,0.0
2008-02-25 00:00:00+08:00,6.608246716322939,6.7550966535641,6.406328627027956,6.424684524536133,119700,0.0,0.0
2008-02-26 00:00:00+08:00,6.424684524536133,6.424684524536133,6.158519645139304,6.424684524536133,142800,0.0,0.0
2008-02-27 00:00:00+08:00,6.424684673058859,6.87441313322697,6.424684673058859,6.810165882110596,95550,0.0,0.0
2008-02-29 00:00:00+08:00,6.791809726484205,6.791809726484205,6.562356185975937,6.700027942657471,59850,0.0,0.0
2008-03-03 00:00:00+08:00,6.608246803283691,6.608246803283691,6.516465476417854,6.608246803283691,28350,0.0,0.0
2008-03-04 00:00:00+08:00,6.443040966360339,6.975372110747043,6.443040966360339,6.608246803283691,99750,0.0,0.0
2008-03-05 00:00:00+08:00,6.782631771699574,6.846878103437682,6.635781831794272,6.837700843811035,174300,0.0,0.0
2008-03-06 00:00:00+08:00,6.883591175079346,6.883591175079346,6.810165746692109,6.883591175079346,252000,0.0,0.0
2008-03-07 00:00:00+08:00,6.883591294686866,6.883591294686866,6.700028180058519,6.8193440437316895,168000,0.0,0.0
2008-03-10 00:00:00+08:00,6.819343853981317,6.819343853981317,6.681672096252441,6.681672096252441,63000,0.0,0.0
2008-03-11 00:00:00+08:00,6.700028048967941,7.140577861150839,6.700028048967941,7.113043785095215,407400,0.0,0.0
2008-03-12 00:00:00+08:00,7.204825232070874,7.204825232070874,6.984550781802577,7.0579752922058105,186900,0.0,0.0
2008-03-13 00:00:00+08:00,7.241537204303251,7.241537204303251,6.892768266105193,6.957015514373779,53550,0.0,0.0
2008-03-14 00:00:00+08:00,6.947837574038712,7.122222508640348,6.947837574038712,7.076331615447998,56700,0.0,0.0
2008-03-17 00:00:00+08:00,6.975371837615967,7.002905912927073,6.755096477951447,6.975371837615967,68250,0.0,0.0
2008-03-18 00:00:00+08:00,7.287428162532857,7.287428162532857,6.874413324835168,7.177291393280029,44100,0.0,0.0
2008-03-19 00:00:00+08:00,7.3333186335144855,7.3333186335144855,6.984551047031882,7.158935070037842,85050,0.0,0.0
2008-03-20 00:00:00+08:00,7.002905912927073,7.002905912927073,6.9111250491843474,6.975371837615967,48300,0.0,0.0
2008-03-21 00:00:00+08:00,6.892768859863281,6.97537247189569,6.856056602933754,6.892768859863281,56700,0.0,0.0
2008-03-24 00:00:00+08:00,7.241537487272491,7.241537487272491,6.975372143590549,7.0579752922058105,111300,0.0,0.0
2008-03-25 00:00:00+08:00,7.1130441748815505,7.232359583229276,7.021263303627599,7.158935070037842,105000,0.0,0.0
2008-03-26 00:00:00+08:00,7.223181483723859,7.232359202742971,6.6633158089762174,6.883591175079346,468300,0.0,0.0
2008-03-27 00:00:00+08:00,6.580712434696632,6.58989107245789,6.406328426876792,6.516465187072754,218400,0.0,0.0
2008-03-28 00:00:00+08:00,6.424684524536133,6.424684524536133,6.277834587294972,6.424684524536133,90300,0.0,0.0
2008-03-31 00:00:00+08:00,6.342081704990864,6.498109817504883,6.342081704990864,6.498109817504883,37800,0.0,0.0
2008-04-01 00:00:00+08:00,6.424684524536133,6.424684524536133,6.268656408776239,6.424684524536133,50400,0.0,0.0
2008-04-02 00:00:00+08:00,6.424684390882492,6.516465255101918,6.406328493756175,6.498109817504883,105000,0.0,0.0
2008-04-03 00:00:00+08:00,6.424684966095796,6.525644477211385,6.424684966095796,6.4522199630737305,106050,0.0,0.0
2008-04-07 00:00:00+08:00,6.452219519621625,6.452219519621625,6.167697823658037,6.424684524536133,51450,0.0,0.0
2008-04-08 00:00:00+08:00,6.424684836648098,6.424684836648098,6.241122635943818,6.277834892272949,60900,0.0,0.0
2008-04-09 00:00:00+08:00,6.241122245788574,6.351259926949485,6.241122245788574,6.241122245788574,32550,0.0,0.0
2008-04-10 00:00:00+08:00,6.2411226015749115,6.314547113828836,6.2411226015749115,6.305369853973389,17850,0.0,0.0
2008-04-11 00:00:00+08:00,6.305369494524521,6.332903110638502,6.213588170145309,6.241122245788574,75600,0.0,0.0
2008-04-14 00:00:00+08:00,6.241122450881448,6.287012884814441,6.140162944793701,6.140162944793701,30450,0.0,0.0
2008-04-15 00:00:00+08:00,6.287012678213538,6.296190856604388,6.19523181336361,6.241122245788574,32550,0.0,0.0
2008-04-16 00:00:00+08:00,6.305369714691627,6.599069595336914,6.305369714691627,6.599069595336914,156450,0.0,0.0
2008-04-17 00:00:00+08:00,6.883591297270873,6.883591297270873,6.599069595336914,6.599069595336914,257250,0.0,0.0
2008-04-18 00:00:00+08:00,6.700028217200539,6.700028217200539,6.498110122624982,6.571534633636475,87150,0.0,0.0
2008-04-21 00:00:00+08:00,6.608246803283691,6.626603620092014,6.5715345482549345,6.608246803283691,82950,0.0,0.0
2008-04-22 00:00:00+08:00,6.599069629442063,6.599069629442063,6.525644199371966,6.571534633636475,48300,0.0,0.0
2008-04-23 00:00:00+08:00,6.516465171203562,6.589891056409888,6.516465171203562,6.5348219871521,68250,0.0,0.0
2008-04-24 00:00:00+08:00,6.470575315236673,6.507287571811447,6.470575315236673,6.479753494262695,18900,0.0,0.0
2008-04-25 00:00:00+08:00,6.452219318036704,6.516465187072754,6.406328426876792,6.516465187072754,100800,0.0,0.0
2008-04-28 00:00:00+08:00,6.599069456862786,6.599069456862786,6.3512600154448435,6.424684524536133,34650,0.0,0.0
2008-04-29 00:00:00+08:00,6.332903419597404,6.415506569615668,6.2778348060949964,6.314547061920166,30450,0.0,0.0
2008-04-30 00:00:00+08:00,6.314547027724554,6.433862892451154,6.314547027724554,6.3420820236206055,98700,0.0,0.0
2008-05-02 00:00:00+08:00,6.3329033851623535,6.34208202348037,6.2227656992271045,6.3329033851623535,46200,0.0,0.0
2008-05-05 00:00:00+08:00,6.19523210382889,6.19523210382889,6.103450775146484,6.103450775146484,6300,0.0,0.0
2008-05-06 00:00:00+08:00,6.112628834642125,6.277834671610282,5.736325348437204,6.167697906494141,46200,0.0,0.0
2008-05-07 00:00:00+08:00,6.167697923278051,6.167697923278051,6.103450672609199,6.149341106414795,26250,0.0,0.0
2008-05-08 00:00:00+08:00,6.516465587057633,6.516465587057633,6.112628936767578,6.112628936767578,56700,0.0,0.0
2008-05-09 00:00:00+08:00,6.057560426547826,6.186053553280072,6.057560426547826,6.066738605499268,7350,0.0,0.0
2008-05-12 00:00:00+08:00,6.2503007172266125,6.2503007172266125,6.103450775146484,6.103450775146484,37800,0.0,0.0
2008-05-13 00:00:00+08:00,6.103450383990372,6.525643825531006,6.0667381305877965,6.525643825531006,244650,0.0,0.0
2008-05-14 00:00:00+08:00,6.975371837615967,6.975371837615967,6.975371837615967,6.975371837615967,295050,0.0,0.0
2008-05-15 00:00:00+08:00,7.46181252928709,7.46181252928709,6.975371837615967,6.975371837615967,1313550,0.0,0.0
2008-05-16 00:00:00+08:00,6.700027942657471,6.8835910507816545,6.60824661836002,6.700027942657471,258300,0.0,0.0
2008-05-19 00:00:00+08:00,6.626603689127041,6.7000281999494815,6.4613969314239945,6.58989143371582,97650,0.0,0.0
2008-05-20 00:00:00+08:00,6.672493757487181,6.672493757487181,6.516465187072754,6.516465187072754,130200,0.0,0.0
2008-05-21 00:00:00+08:00,6.424684507662598,6.516465373550306,6.424684507662598,6.433862686157227,90300,0.0,0.0
2008-05-22 00:00:00+08:00,6.433862892308889,6.534822399455426,6.3329033851623535,6.3329033851623535,119700,0.0,0.0
2008-05-23 00:00:00+08:00,6.369615254419585,6.5990692506898725,6.34208163878219,6.516465187072754,156450,0.0,0.0
2008-05-26 00:00:00+08:00,6.5164655823486966,6.5164655823486966,6.3329033851623535,6.3329033851623535,63000,0.0,0.0
2008-05-27 00:00:00+08:00,6.332903471656972,6.332903471656972,5.9474227144419745,6.305369853973389,50400,0.0,0.0
2008-05-28 00:00:00+08:00,6.3053697724112165,6.3053697724112165,6.103450757972233,6.112628936767578,18900,0.0,0.0
2008-05-29 00:00:00+08:00,6.112628885055258,6.241122468044436,6.0575602722783675,6.1218061447143555,46200,0.0,0.0
2008-05-30 00:00:00+08:00,6.0575598837017335,6.2319438895638255,6.0575598837017335,6.094272136688232,17850,0.0,0.0
2008-06-02 00:00:00+08:00,6.149341106414795,6.149341106414795,6.075915677078965,6.149341106414795,82950,0.0,0.0
2008-06-03 00:00:00+08:00,5.98413465725983,6.094272338932899,5.98413465725983,5.993312835693359,27300,0.0,0.0
2008-06-04 00:00:00+08:00,6.121805955174915,6.121805955174915,5.993312835693359,5.993312835693359,2100,0.0,0.0
2008-06-05 00:00:00+08:00,5.965778944630683,6.1218061447143555,5.965778944630683,6.1218061447143555,2100,0.0,0.0
2008-06-06 00:00:00+08:00,5.9933129883896985,6.158519744873047,5.9933129883896985,6.158519744873047,10500,0.0,0.0
2008-06-09 00:00:00+08:00,5.97495698928833,5.97495698928833,5.965778810776563,5.97495698928833,22050,0.0,0.0
2008-06-10 00:00:00+08:00,5.97495700620499,5.97495700620499,5.965778827667236,5.965778827667236,17850,0.0,0.0
2008-06-11 00:00:00+08:00,6.195232209485043,6.369615771944086,6.0116695489896745,6.057560443878174,50400,0.0,0.0
2008-06-12 00:00:00+08:00,6.287013113304173,6.479753494262695,5.635366997749742,6.479753494262695,542850,0.0,0.0
2008-06-13 00:00:00+08:00,6.057560323524812,6.42468471816279,6.030025327609472,6.112628936767578,370650,0.0,0.0
2008-06-16 00:00:00+08:00,6.5348219871521,6.5348219871521,6.5348219871521,6.5348219871521,118650,0.0,0.0
2008-06-17 00:00:00+08:00,6.984550952911377,6.984550952911377,6.984550952911377,6.984550952911377,172200,0.0,0.0
2008-06-18 00:00:00+08:00,7.470990180969238,7.470990180969238,7.2598939075542495,7.470990180969238,1872150,0.0,0.0
2008-06-19 00:00:00+08:00,7.663730926879654,7.984965801239014,7.663730926879654,7.984965801239014,483000,0.0,0.0
2008-06-20 00:00:00+08:00,8.535652735420575,8.535652735420575,7.984965699344044,8.030856132507324,2007600,0.0,0.0
2008-06-23 00:00:00+08:00,7.617840122106946,7.847293672105079,7.470990180969238,7.470990180969238,407400,0.0,0.0
2008-06-24 00:00:00+08:00,7.039618200231971,7.342496706338891,6.957015514373779,6.957015514373779,465150,0.0,0.0
2008-06-25 00:00:00+08:00,7.443456172943115,7.443456172943115,7.342497124684519,7.443456172943115,714000,0.0,0.0
2008-06-26 00:00:00+08:00,7.5903064489297245,7.957430839538574,7.342497002762986,7.957430839538574,840000,0.0,0.0
2008-06-27 00:00:00+08:00,8.508118629455566,8.508118629455566,8.260309188373807,8.508118629455566,1482600,0.0,0.0
2008-06-30 00:00:00+08:00,9.095518831800964,9.095518831800964,8.076746940612793,8.076746940612793,2191350,0.0,0.0
2008-07-01 00:00:00+08:00,7.7096223168587725,7.911540410139111,7.516881942749023,7.516881942749023,993300,0.0,0.0
2008-07-02 00:00:00+08:00,7.342496611431223,7.645374654093921,7.168112604115528,7.232358932495117,580650,0.0,0.0
2008-07-03 00:00:00+08:00,7.250715531664671,7.737156235664137,7.158934665595854,7.571949481964111,638400,0.0,0.0
2008-07-04 00:00:00+08:00,7.571949622204236,7.608662796464451,7.0579752922058105,7.0579752922058105,408450,0.0,0.0
2008-07-07 00:00:00+08:00,7.342496923426094,7.544415473937988,7.168112908700533,7.544415473937988,611100,0.0,0.0
2008-07-08 00:00:00+08:00,7.874827386127674,8.067567752669307,7.617839771209548,7.893184661865234,868350,0.0,0.0
2008-07-09 00:00:00+08:00,7.89318505722156,7.975787287826612,7.452634772505598,7.700444221496582,406350,0.0,0.0
2008-07-10 00:00:00+08:00,7.6178397133403255,7.709621955567369,7.461812520871236,7.672908782958984,127050,0.0,0.0
2008-07-11 00:00:00+08:00,7.5260588497011165,7.700443777297592,7.305784409343592,7.672908782958984,233100,0.0,0.0
2008-07-14 00:00:00+08:00,7.526059283713794,7.920718214897702,7.498525206845907,7.69126558303833,301350,0.0,0.0
2008-07-15 00:00:00+08:00,8.223596572875977,8.223596572875977,8.223596572875977,8.223596572875977,423150,0.0,0.0
2008-07-16 00:00:00+08:00,8.792639697061835,8.792639697061835,7.654552936553955,7.654552936553955,1504650,0.0,0.0
2008-07-17 00:00:00+08:00,7.526059474112278,7.6545535210205795,7.158935070037842,7.158935070037842,727650,0.0,0.0
2008-07-18 00:00:00+08:00,7.177291034793351,7.370031405299884,7.113043785095215,7.113043785095215,423150,0.0,0.0
2008-07-21 00:00:00+08:00,7.131400618653861,7.250715561217923,6.6541371721632725,7.103865623474121,498750,0.0,0.0
2008-07-22 00:00:00+08:00,7.0946875471596,7.0946875471596,6.764274952710098,7.048796653747559,101850,0.0,0.0
2008-07-23 00:00:00+08:00,7.021263037004194,7.158934798186529,6.617425013081319,7.0579752922058105,410550,0.0,0.0
2008-07-24 00:00:00+08:00,7.067153644020954,7.149756335130532,6.892768704306291,6.984550952911377,110250,0.0,0.0
2008-07-25 00:00:00+08:00,6.883591208687849,6.929481642124636,6.498110005419236,6.856056213378906,268800,0.0,0.0
2008-07-28 00:00:00+08:00,6.856056213378906,6.856056213378906,6.856056213378906,6.856056213378906,0,0.0,0.0
2008-07-29 00:00:00+08:00,6.856056213378906,6.856056213378906,6.856056213378906,6.856056213378906,0,0.0,0.0
2008-07-30 00:00:00+08:00,6.856056213378906,6.856056213378906,6.856056213378906,6.856056213378906,0,0.0,0.0
2008-07-31 00:00:00+08:00,6.856056213378906,6.856056213378906,6.856056213378906,6.856056213378906,0,0.0,0.0
2008-08-01 00:00:00+08:00,6.856056213378906,6.856056213378906,6.856056213378906,6.856056213378906,0,0.0,0.0
2008-08-04 00:00:00+08:00,6.856056213378906,6.856056213378906,6.856056213378906,6.856056213378906,0,0.0,0.0
2008-08-05 00:00:00+08:00,6.856056213378906,6.856056213378906,6.856056213378906,6.856056213378906,0,0.0,0.0
2008-08-06 00:00:00+08:00,6.856056213378906,6.856056213378906,6.856056213378906,6.856056213378906,0,0.0,0.0
2008-08-07 00:00:00+08:00,6.856056213378906,6.856056213378906,6.856056213378906,6.856056213378906,0,0.0,0.0
2008-08-08 00:00:00+08:00,6.856056213378906,6.856056213378906,6.856056213378906,6.856056213378906,0,0.0,0.0
2008-08-11 00:00:00+08:00,6.856056213378906,6.856056213378906,6.856056213378906,6.856056213378906,0,0.0,0.0
2008-08-12 00:00:00+08:00,6.856056213378906,6.856056213378906,6.856056213378906,6.856056213378906,0,0.0,0.0
2008-08-13 00:00:00+08:00,6.856056213378906,6.856056213378906,6.856056213378906,6.856056213378906,0,0.0,0.0
2008-08-14 00:00:00+08:00,6.856056213378906,6.856056213378906,6.856056213378906,6.856056213378906,0,0.0,0.0
2008-08-15 00:00:00+08:00,6.856056213378906,6.856056213378906,6.856056213378906,6.856056213378906,0,0.0,0.0
2008-08-18 00:00:00+08:00,6.88359102338821,7.2598935784046095,6.88359102338821,6.9478373527526855,216300,0.0,0.0
2008-08-19 00:00:00+08:00,6.993728222495893,7.415922614714932,6.993728222495893,7.195647239685059,331800,0.0,0.0
2008-08-20 00:00:00+08:00,7.15893526393317,7.305785213352011,6.791810390386067,7.0671539306640625,84000,0.0,0.0
2008-08-21 00:00:00+08:00,6.846878140451306,6.846878140451306,6.580712795257568,6.580712795257568,137550,0.0,0.0
2008-08-22 00:00:00+08:00,6.443041106131525,6.507287438943244,6.287012984933615,6.314547061920166,155400,0.0,0.0
2008-08-25 00:00:00+08:00,6.516465494657988,6.516465494657988,6.287012866145081,6.378794193267822,32550,0.0,0.0
2008-08-26 00:00:00+08:00,6.332903701802343,6.360438699074512,6.167698313462595,6.18605375289917,25200,0.0,0.0
2008-08-27 00:00:00+08:00,5.754681503120244,6.149340873185382,5.754681503120244,5.791393756866455,407400,0.0,0.0
2008-08-28 00:00:00+08:00,5.965778896104248,5.965778896104248,5.61700994578584,5.690434455871582,126000,0.0,0.0
2008-08-29 00:00:00+08:00,5.598653936485315,5.873998393832075,5.598653936485315,5.7546820640563965,90300,0.0,0.0
2008-09-01 00:00:00+08:00,5.534406944148459,5.690434134141399,5.396735191345215,5.396735191345215,63000,0.0,0.0
2008-09-02 00:00:00+08:00,5.240707818803672,5.4885172843933105,5.2131728210323764,5.4885172843933105,25200,0.0,0.0
2008-09-03 00:00:00+08:00,5.782216453376169,5.782216453376169,5.112212657928467,5.112212657928467,59850,0.0,0.0
2008-09-04 00:00:00+08:00,5.139747522639556,5.231528843283293,4.836869026656444,4.956185340881348,76650,0.0,0.0
2008-09-05 00:00:00+08:00,4.864404747876057,5.047966957092285,4.616595282928348,5.047966957092285,93450,0.0,0.0
2008-09-08 00:00:00+08:00,5.1397475982016365,5.387557029724121,5.047966276208575,5.387557029724121,78750,0.0,0.0
2008-09-09 00:00:00+08:00,5.158103535491425,5.158103535491425,5.011254508936742,5.1397480964660645,39900,0.0,0.0
2008-09-10 00:00:00+08:00,4.86440420767452,5.093857288360596,4.86440420767452,5.093857288360596,23100,0.0,0.0
2008-09-11 00:00:00+08:00,4.947007592112976,4.947007592112976,4.745088577270508,4.745088577270508,127050,0.0,0.0
2008-09-12 00:00:00+08:00,4.745088358724208,4.855226039886475,4.414676234295974,4.855226039886475,253050,0.0,0.0
2008-09-15 00:00:00+08:00,4.836869223575265,4.965362801990174,4.589059785607127,4.855226039886475,53550,0.0,0.0
2008-09-16 00:00:00+08:00,4.855226245947741,5.194817022708837,4.699198125737936,4.754266738891602,232050,0.0,0.0
2008-09-17 00:00:00+08:00,5.04796694057032,5.04796694057032,4.423854879842658,4.625773906707764,145950,0.0,0.0
2008-09-18 00:00:00+08:00,4.304538594504002,4.754266582807736,4.304538594504002,4.589059829711914,239400,0.0,0.0
2008-09-19 00:00:00+08:00,4.5890600630912575,4.5890600630912575,4.267826557159424,4.267826557159424,441000,0.0,0.0
2008-09-22 00:00:00+08:00,3.9741262094774576,4.423854680181686,3.9741262094774576,4.267826557159424,334950,0.0,0.0
2008-09-23 00:00:00+08:00,4.221935662429751,4.267826557159424,4.001660286785949,4.267826557159424,69300,0.0,0.0
2008-09-24 00:00:00+08:00,4.185223681601175,4.543169926872871,4.185223681601175,4.350429534912109,79800,0.0,0.0
2008-09-25 00:00:00+08:00,4.231114293183573,4.543169619599999,4.047551633658495,4.488101005554199,192150,0.0,0.0
2008-09-26 00:00:00+08:00,4.506457156770633,4.506457156770633,4.19440046607552,4.359607219696045,114450,0.0,0.0
2008-09-29 00:00:00+08:00,4.359607219696045,4.359607219696045,4.359607219696045,4.359607219696045,0,0.0,0.0
2008-09-30 00:00:00+08:00,4.056729316711426,4.056729316711426,4.056729316711426,4.056729316711426,4200,0.0,0.0
2008-10-01 00:00:00+08:00,3.7813858541626875,4.029195308685303,3.7813858541626875,4.029195308685303,175350,0.0,0.0
2008-10-02 00:00:00+08:00,3.845633081562773,3.974126445617571,3.7538519759438205,3.9282360076904297,39900,0.0,0.0
2008-10-03 00:00:00+08:00,3.6712480755127785,3.900701625923375,3.6712480755127785,3.854811191558838,39900,0.0,0.0
2008-10-06 00:00:00+08:00,3.735495188906871,4.111798000663526,3.7171386011340237,4.029195308685303,69300,0.0,0.0
2008-10-07 00:00:00+08:00,3.7630294142542513,4.1760454177856445,3.7630294142542513,4.1760454177856445,29400,0.0,0.0
2008-10-08 00:00:00+08:00,3.8915233458429017,4.120975971221924,3.8915233458429017,4.120975971221924,51450,0.0,0.0
2008-10-09 00:00:00+08:00,3.9465924496326164,4.102619647979736,3.91905745425668,4.102619647979736,17850,0.0,0.0
2008-10-13 00:00:00+08:00,3.9649478714176114,4.11179780960083,3.9649478714176114,4.11179780960083,50400,0.0,0.0
2008-10-14 00:00:00+08:00,4.148510147394358,4.304538726806641,4.130154708930424,4.304538726806641,50400,0.0,0.0
2008-10-15 00:00:00+08:00,4.157688376197284,4.286182880401611,4.157688376197284,4.286182880401611,17850,0.0,0.0
2008-10-16 00:00:00+08:00,4.1393327713012695,4.1393327713012695,4.1393327713012695,4.1393327713012695,28350,0.0,0.0
2008-10-17 00:00:00+08:00,4.038373300038514,4.11179780960083,4.001660126198769,4.11179780960083,33600,0.0,0.0
2008-10-20 00:00:00+08:00,4.084263801574707,4.084263801574707,4.084263801574707,4.084263801574707,1050,0.0,0.0
2008-10-21 00:00:00+08:00,4.267826557159424,4.267826557159424,4.267826557159424,4.267826557159424,1050,0.0,0.0
2008-10-22 00:00:00+08:00,4.120975971221924,4.120975971221924,4.120975971221924,4.120975971221924,21000,0.0,0.0
2008-10-23 00:00:00+08:00,3.9833046717120855,4.120975971221924,3.9833046717120855,4.120975971221924,22050,0.0,0.0
2008-10-24 00:00:00+08:00,4.120975971221924,4.120975971221924,4.120975971221924,4.120975971221924,0,0.0,0.0
2008-10-27 00:00:00+08:00,4.0383734703063965,4.0383734703063965,4.0383734703063965,4.0383734703063965,1050,0.0,0.0
2008-10-28 00:00:00+08:00,3.854811191558838,3.854811191558838,3.854811191558838,3.854811191558838,2100,0.0,0.0
2008-10-29 00:00:00+08:00,3.588645017647181,3.6896045207977295,3.588645017647181,3.6896045207977295,13650,0.0,0.0
2008-10-30 00:00:00+08:00,3.4326170723364733,3.9374141871817256,3.4326170723364733,3.9282360076904297,86100,0.0,0.0
2008-10-31 00:00:00+08:00,3.662070567074625,4.093442440032959,3.662070567074625,4.093442440032959,192150,0.0,0.0
2008-11-03 00:00:00+08:00,4.295359970137784,4.3779640362419805,4.157688211571518,4.359607219696045,216300,0.0,0.0
2008-11-04 00:00:00+08:00,4.176045108242473,4.5431694984436035,4.176045108242473,4.5431694984436035,77700,0.0,0.0
2008-11-05 00:00:00+08:00,4.589059829711914,4.589059829711914,4.589059829711914,4.589059829711914,21000,0.0,0.0
2008-11-06 00:00:00+08:00,4.267826271294755,4.396319389343262,4.267826271294755,4.396319389343262,40950,0.0,0.0
2008-11-07 00:00:00+08:00,4.221935720253421,4.460566997528076,4.221935720253421,4.460566997528076,48300,0.0,0.0
2008-11-10 00:00:00+08:00,4.497279132874844,4.543169567464843,4.221935606276243,4.524814128875732,35700,0.0,0.0
2008-11-11 00:00:00+08:00,4.45138822812836,4.515635013580322,4.2770042274813935,4.515635013580322,24150,0.0,0.0
2008-11-12 00:00:00+08:00,4.45138874936677,4.488101005554199,4.267826549371002,4.488101005554199,3150,0.0,0.0
2008-11-13 00:00:00+08:00,4.451388476285053,4.451388476285053,4.176044963418392,4.387141227722168,7350,0.0,0.0
2008-11-14 00:00:00+08:00,4.405497862760504,4.405497862760504,4.267826557159424,4.267826557159424,8400,0.0,0.0
2008-11-17 00:00:00+08:00,4.267826163543553,4.267826163543553,4.231113910675049,4.231113910675049,4200,0.0,0.0
2008-11-18 00:00:00+08:00,3.9649476640706838,4.221935272216797,3.9465922269339426,4.221935272216797,21000,0.0,0.0
2008-11-19 00:00:00+08:00,3.955769965710134,4.203579425811768,3.955769965710134,4.203579425811768,4200,0.0,0.0
2008-11-20 00:00:00+08:00,4.001660193191,4.093442440032959,3.909878865407644,4.093442440032959,67200,0.0,0.0
2008-11-21 00:00:00+08:00,3.8089196854856726,4.075085726635435,3.8089196854856726,4.0383734703063965,23100,0.0,0.0
2008-11-24 00:00:00+08:00,4.203579425811768,4.203579425811768,4.203579425811768,4.203579425811768,1050,0.0,0.0
2008-11-25 00:00:00+08:00,3.946592401322018,4.1393327713012695,3.9190574062831396,4.1393327713012695,19950,0.0,0.0
2008-11-26 00:00:00+08:00,4.1393327713012695,4.1393327713012695,4.1393327713012695,4.1393327713012695,0,0.0,0.0
2008-11-27 00:00:00+08:00,4.0383734703063965,4.139332979387549,3.8548112696025805,4.0383734703063965,229950,0.0,0.0
2008-11-28 00:00:00+08:00,4.084263801574707,4.084263801574707,4.084263801574707,4.084263801574707,1050,0.0,0.0
2008-12-01 00:00:00+08:00,4.130154609680176,4.130154609680176,4.130154609680176,4.130154609680176,3150,0.0,0.0
2008-12-02 00:00:00+08:00,4.130154609680176,4.130154609680176,4.130154609680176,4.130154609680176,0,0.0,0.0
2008-12-03 00:00:00+08:00,3.909878799951934,4.11179780960083,3.909878799951934,4.11179780960083,6300,0.0,0.0
2008-12-04 00:00:00+08:00,4.203579118947291,4.267826368732276,3.9465924174538056,4.130154609680176,17850,0.0,0.0
2008-12-05 00:00:00+08:00,3.909878730773926,3.909878730773926,3.909878730773926,3.909878730773926,6300,0.0,0.0
2008-12-08 00:00:00+08:00,3.671248197607233,4.038373522850208,3.671248197607233,4.001660346984863,52500,0.0,0.0
2008-12-09 00:00:00+08:00,4.001660346984863,4.001660346984863,4.001660346984863,4.001660346984863,0,0.0,0.0
2008-12-10 00:00:00+08:00,3.781385661386005,3.9007015228271484,3.726316819933527,3.9007015228271484,124950,0.0,0.0
2008-12-11 00:00:00+08:00,3.854811156328606,4.056729249498903,3.854811156328606,3.983304738998413,79800,0.0,0.0
2008-12-12 00:00:00+08:00,3.8180978051753,3.836454391479492,3.8180978051753,3.836454391479492,7350,0.0,0.0
2008-12-15 00:00:00+08:00,3.9465924406387143,3.9465924406387143,3.7079611757661923,3.763029098510742,34650,0.0,0.0
2008-12-16 00:00:00+08:00,3.671248001858374,3.763029098510742,3.6528923339630537,3.763029098510742,47250,0.0,0.0
2008-12-17 00:00:00+08:00,3.799742247002633,3.799742247002633,3.662070488062624,3.781385660171509,7350,0.0,0.0
2008-12-18 00:00:00+08:00,3.781385660171509,3.781385660171509,3.781385660171509,3.781385660171509,0,0.0,0.0
2008-12-19 00:00:00+08:00,3.5794666514988234,3.781385660171509,3.5794666514988234,3.781385660171509,3150,0.0,0.0
2008-12-22 00:00:00+08:00,3.671248001858374,3.763029098510742,3.6437139256037754,3.763029098510742,14700,0.0,0.0
2008-12-23 00:00:00+08:00,3.6528923757436473,3.7538516521453857,3.6528923757436473,3.7538516521453857,4200,0.0,0.0
2008-12-24 00:00:00+08:00,3.4968639226867153,3.6896045207977295,3.4968639226867153,3.6896045207977295,12600,0.0,0.0
2008-12-25 00:00:00+08:00,3.6712479341822073,3.6896045207977295,3.6712479341822073,3.6896045207977295,9450,0.0,0.0
2008-12-26 00:00:00+08:00,3.6896045207977295,3.6896045207977295,3.6896045207977295,3.6896045207977295,0,0.0,0.0
2008-12-29 00:00:00+08:00,3.6896045207977295,3.6896045207977295,3.6896045207977295,3.6896045207977295,0,0.0,0.0
2008-12-30 00:00:00+08:00,3.533576153078051,3.717138341763601,3.4876854910243433,3.707961082458496,39900,0.0,0.0
2008-12-31 00:00:00+08:00,3.717138408649533,3.7630290715289947,3.533576216660978,3.5611112117767334,55650,0.0,0.0
2009-01-02 00:00:00+08:00,3.5611112117767334,3.5611112117767334,3.5611112117767334,3.5611112117767334,0,0.0,0.0
2009-01-05 00:00:00+08:00,3.561111254066299,3.6528923511505127,3.561111254066299,3.6528923511505127,7350,0.0,0.0
2009-01-06 00:00:00+08:00,3.487685603203811,3.6528923595343694,3.405082914332478,3.64371395111084,7350,0.0,0.0
2009-01-07 00:00:00+08:00,3.4234385975473973,3.7538516521453857,3.395904520977873,3.7538516521453857,42000,0.0,0.0
2009-01-08 00:00:00+08:00,3.5335763065379457,3.735495090484619,3.5335763065379457,3.735495090484619,13650,0.0,0.0
2009-01-09 00:00:00+08:00,3.542754331441721,3.707961082458496,3.542754331441721,3.707961082458496,2100,0.0,0.0
2009-01-12 00:00:00+08:00,3.671248200584348,3.671248200584348,3.4509735107421875,3.4509735107421875,32550,0.0,0.0
2009-01-13 00:00:00+08:00,3.450973299195522,3.643713899477544,3.2123422657986844,3.5611112117767334,26250,0.0,0.0
2009-01-14 00:00:00+08:00,3.5611112789330983,3.6896046319365317,3.4050829302946477,3.634535789489746,23100,0.0,0.0
2009-01-15 00:00:00+08:00,3.5335763674000518,3.5978236198425293,3.4050830113383728,3.5978236198425293,18900,0.0,0.0
2009-01-16 00:00:00+08:00,3.5427545463204058,3.5978236198425293,3.5978236198425293,3.5978236198425293,8400,0.0,0.0
2009-01-19 00:00:00+08:00,3.5519328695772594,3.7538516521453857,3.469329950574737,3.7538516521453857,8400,0.0,0.0
2009-01-20 00:00:00+08:00,3.506042108876386,3.707961115624638,3.506042108876386,3.6804261207580566,6300,0.0,0.0
2009-01-21 00:00:00+08:00,3.6804261207580566,3.6804261207580566,3.6804261207580566,3.6804261207580566,0,0.0,0.0
2009-02-02 00:00:00+08:00,3.6804261207580566,3.6804261207580566,3.6804261207580566,3.6804261207580566,0,0.0,0.0
2009-02-03 00:00:00+08:00,3.441795135945525,3.6437139156527265,3.423438549041748,3.423438549041748,139650,0.0,0.0
2009-02-04 00:00:00+08:00,3.423438541799618,3.6161789127648745,3.331657445592065,3.5519328117370605,36750,0.0,0.0
2009-02-05 00:00:00+08:00,3.5519328117370605,3.6161789127648745,3.3408356241422137,3.5519328117370605,28350,0.0,0.0
2009-02-06 00:00:00+08:00,3.377547993574686,3.5335763449347612,3.377547993574686,3.4876856803894043,44100,0.0,0.0
2009-02-09 00:00:00+08:00,3.4876856803894043,3.4876856803894043,3.4876856803894043,3.4876856803894043,0,0.0,0.0
2009-02-10 00:00:00+08:00,3.359192325144643,3.4876856803894043,3.2582328171919266,3.4876856803894043,21000,0.0,0.0
2009-02-11 00:00:00+08:00,3.276589506014527,3.4417951107025146,3.276589506014527,3.4417951107025146,4200,0.0,0.0
2009-02-12 00:00:00+08:00,3.4417951107025146,3.4417951107025146,3.4417951107025146,3.4417951107025146,0,0.0,0.0
2009-02-13 00:00:00+08:00,3.4417951107025146,3.4417951107025146,3.43261670243562,3.4417951107025146,11550,0.0,0.0
2009-02-16 00:00:00+08:00,3.212342410573009,3.616179067336284,3.212342410573009,3.5886452198028564,8400,0.0,0.0
2009-02-17 00:00:00+08:00,3.588645006280892,3.616178852176074,3.340835568166769,3.5702884197235107,28350,0.0,0.0
2009-02-18 00:00:00+08:00,3.395904581063344,3.4876856803894043,3.395904581063344,3.4876856803894043,42000,0.0,0.0
2009-02-19 00:00:00+08:00,3.304123312237314,3.469329833984375,3.304123312237314,3.469329833984375,56700,0.0,0.0
2009-02-20 00:00:00+08:00,3.258232550014799,3.395904302597046,3.2306977859220067,3.395904302597046,31500,0.0,0.0
2009-02-23 00:00:00+08:00,3.258232550014799,3.395904302597046,3.1939855330137337,3.395904302597046,43050,0.0,0.0
2009-02-24 00:00:00+08:00,3.350014123723057,3.3867263793945312,3.2582327952504144,3.3867263793945312,32550,0.0,0.0
2009-02-25 00:00:00+08:00,3.2306978851079866,3.469329833984375,3.221520396010747,3.469329833984375,40950,0.0,0.0
2009-02-26 00:00:00+08:00,3.3041234016418457,3.3041234016418457,3.2765895550172504,3.3041234016418457,11550,0.0,0.0
2009-02-27 00:00:00+08:00,3.30412330918001,3.4326166577142283,3.230697882118623,3.3500139713287354,147000,0.0,0.0
2009-03-02 00:00:00+08:00,3.350014039543813,3.423438549041748,3.258232713377454,3.423438549041748,46200,0.0,0.0
2009-03-03 00:00:00+08:00,3.3959046026533635,3.6620706425203515,3.30412350274379,3.5978236198425293,117600,0.0,0.0
2009-03-04 00:00:00+08:00,3.5978235969687766,3.73549513107554,3.4876856803894043,3.4876856803894043,54600,0.0,0.0
2009-03-05 00:00:00+08:00,3.5060421822394043,3.6712480191321997,3.322479988070978,3.6528923511505127,50400,0.0,0.0
2009-03-06 00:00:00+08:00,3.6528924006827985,3.735495090484619,3.450973386971474,3.735495090484619,46200,0.0,0.0
2009-03-09 00:00:00+08:00,3.5060423526337123,3.680426376639419,3.487685764701299,3.671248197555542,79800,0.0,0.0
2009-03-10 00:00:00+08:00,3.5335764303560246,3.671248197555542,3.5335764303560246,3.671248197555542,15750,0.0,0.0
2009-03-11 00:00:00+08:00,3.6987827261636395,3.7905638217926025,3.487685539899555,3.7905638217926025,74550,0.0,0.0
2009-03-12 00:00:00+08:00,3.671248002072832,3.680426180667999,3.5427544207990813,3.6620705127716064,59850,0.0,0.0
2009-03-13 00:00:00+08:00,3.7538516777738096,3.7538516777738096,3.680426247675653,3.735495090484619,45150,0.0,0.0
2009-03-16 00:00:00+08:00,3.9649479670837304,3.9649479670837304,3.7630291823275925,3.845632791519165,56700,0.0,0.0
2009-03-17 00:00:00+08:00,3.7630292019615483,4.065907495558378,3.6712481027859925,4.056729316711426,129150,0.0,0.0
2009-03-18 00:00:00+08:00,4.056729197664446,4.130154626285349,3.8639883665931634,4.11179780960083,87150,0.0,0.0
2009-03-19 00:00:00+08:00,4.11179780960083,4.120975988178443,4.001660126198769,4.11179780960083,34650,0.0,0.0
2009-03-20 00:00:00+08:00,4.084263519810735,4.313716593663928,3.9924826578928734,4.221935272216797,97650,0.0,0.0
2009-03-23 00:00:00+08:00,4.130154911184608,4.203579425811768,4.130154911184608,4.203579425811768,22050,0.0,0.0
2009-03-24 00:00:00+08:00,4.203579345698748,4.497279236727271,4.203579345698748,4.46974515914917,190050,0.0,0.0
2009-03-25 00:00:00+08:00,4.497279064550787,4.58905993233642,4.469744988026816,4.5431694984436035,112350,0.0,0.0
2009-03-26 00:00:00+08:00,4.589059915416102,4.772622569369153,4.5431694816924875,4.561526298522949,138600,0.0,0.0
2009-03-27 00:00:00+08:00,4.589059697673788,4.70837601447002,4.561526082087053,4.671663761138916,161700,0.0,0.0
2009-03-30 00:00:00+08:00,4.570704161801064,4.992897593421283,4.570704161801064,4.956185340881348,177450,0.0,0.0
2009-03-31 00:00:00+08:00,4.855226023148247,5.167281789718754,4.855226023148247,4.864404201507568,111300,0.0,0.0
2009-04-02 00:00:00+08:00,4.772622255031059,4.937828540802002,4.772622255031059,4.937828540802002,130200,0.0,0.0
2009-04-03 00:00:00+08:00,4.937828525317482,4.974540777857418,4.87358127919638,4.956185340881348,94500,0.0,0.0
2009-04-06 00:00:00+08:00,4.956185712777036,5.295776027252545,4.956185712777036,5.231529235839844,242550,0.0,0.0
2009-04-07 00:00:00+08:00,5.231528936274476,5.415091121295529,5.231528936274476,5.378378868103027,79800,0.0,0.0
2009-04-08 00:00:00+08:00,5.378379258728533,5.506872383999231,5.103035731434432,5.415091514587402,115500,0.0,0.0
2009-04-09 00:00:00+08:00,5.341667210734461,5.3692008292884195,5.231529519813357,5.314132213592529,116550,0.0,0.0
2009-04-10 00:00:00+08:00,5.314131907810973,5.506872281420737,5.2407073974609375,5.2407073974609375,112350,0.0,0.0
2009-04-13 00:00:00+08:00,5.222350881079829,5.323310392796731,5.213172701875627,5.314132213592529,94500,0.0,0.0
2009-04-14 00:00:00+08:00,5.415091797460313,5.497694492340088,5.323310463724716,5.497694492340088,159600,0.0,0.0
2009-04-15 00:00:00+08:00,5.5252290784140135,5.727147629973047,5.5252290784140135,5.690434455871582,56700,0.0,0.0
2009-04-16 00:00:00+08:00,5.488516945363757,5.506872383999231,5.295776108634441,5.415091514587402,705600,0.0,0.0
2009-04-17 00:00:00+08:00,5.415091341702259,5.506872208183841,5.038788318634033,5.038788318634033,271950,0.0,0.0
2009-04-20 00:00:00+08:00,4.69919791605586,5.2315290448663845,4.69919791605586,5.093857288360596,105000,0.0,0.0
2009-04-21 00:00:00+08:00,4.77262242396495,5.093857288360596,4.77262242396495,5.093857288360596,56700,0.0,0.0
2009-04-22 00:00:00+08:00,4.956185531310897,5.084678649902344,4.873581466452066,5.084678649902344,111300,0.0,0.0
2009-04-23 00:00:00+08:00,5.002076329894745,5.1397480964660645,4.928650897558771,5.1397480964660645,49350,0.0,0.0
2009-04-24 00:00:00+08:00,5.139747992977707,5.185638427734375,5.066322562120147,5.185638427734375,94500,0.0,0.0
2009-04-27 00:00:00+08:00,5.1397480964660645,5.323310298718051,4.9561858942140775,5.1397480964660645,80850,0.0,0.0
2009-04-28 00:00:00+08:00,5.139747720122043,5.139747720122043,4.873581466452066,5.084678649902344,35700,0.0,0.0
2009-04-29 00:00:00+08:00,4.8735814608083246,4.8735814608083246,4.754266520724997,4.864404201507568,50400,0.0,0.0
2009-04-30 00:00:00+08:00,5.047966647285342,5.203995227813721,4.735910405287196,5.203995227813721,218400,0.0,0.0
2009-05-04 00:00:00+08:00,5.194817048986798,5.231529304765183,4.882760347459346,5.203995227813721,178500,0.0,0.0
2009-05-05 00:00:00+08:00,5.203995161549396,5.203995161549396,4.983719791566709,5.002076148986816,80850,0.0,0.0
2009-05-06 00:00:00+08:00,4.65330696105957,4.937828648581382,4.65330696105957,4.65330696105957,375900,0.0,0.0
2009-05-07 00:00:00+08:00,4.589059801487682,4.864404235110828,4.506457114741738,4.846047878265381,207900,0.0,0.0
2009-05-08 00:00:00+08:00,4.864404481576132,5.176460266113281,4.846048123800621,5.176460266113281,187950,0.0,0.0
2009-05-11 00:00:00+08:00,5.497693965507309,5.534407138824463,5.3141317751558335,5.534407138824463,368550,0.0,0.0
2009-05-12 00:00:00+08:00,5.525228766024339,5.525228766024339,5.231528904169615,5.396735191345215,85050,0.0,0.0
2009-05-13 00:00:00+08:00,5.194817060375568,5.415091514587402,5.139747987293302,5.415091514587402,69300,0.0,0.0
2009-05-14 00:00:00+08:00,5.369200811553733,5.369200811553733,5.158103609612988,5.323310375213623,111300,0.0,0.0
2009-05-15 00:00:00+08:00,5.1397480964660645,5.378379372970032,5.1397480964660645,5.1397480964660645,102900,0.0,0.0
2009-05-18 00:00:00+08:00,5.139747924933605,5.213172435760498,5.139747924933605,5.213172435760498,36750,0.0,0.0
2009-05-19 00:00:00+08:00,5.40591299103739,5.40591299103739,4.864404563323426,5.1397480964660645,100800,0.0,0.0
2009-05-20 00:00:00+08:00,5.011254242501275,5.04796649718805,4.8185138714548,5.038788318634033,100800,0.0,0.0
2009-05-21 00:00:00+08:00,5.04796649718805,5.04796649718805,5.002076063947258,5.038788318634033,37800,0.0,0.0
2009-05-22 00:00:00+08:00,4.846047844788926,4.919472352604931,4.818513769240245,4.864404201507568,40950,0.0,0.0
2009-05-25 00:00:00+08:00,4.9194724031937875,4.9194724031937875,4.7726224669930986,4.827691078186035,74550,0.0,0.0
2009-05-26 00:00:00+08:00,4.836869376535818,4.937828882499853,4.73591033010108,4.772622585296631,78750,0.0,0.0
2009-05-27 00:00:00+08:00,4.772622240064608,5.002075771438584,4.680840919420872,4.956185340881348,189000,0.0,0.0
2009-06-01 00:00:00+08:00,4.7909791582258805,4.956185922391766,4.7909791582258805,4.910295486450195,63000,0.0,0.0
2009-06-02 00:00:00+08:00,4.864404201507568,4.9470073472121765,4.735910164006355,4.864404201507568,168000,0.0,0.0
2009-06-03 00:00:00+08:00,4.772622434367811,4.891938293921041,4.763444715506132,4.855226039886475,80850,0.0,0.0
2009-06-04 00:00:00+08:00,4.754266620377348,4.846047946365069,4.7359102632739445,4.818513870239258,59850,0.0,0.0
2009-06-05 00:00:00+08:00,4.81851393823199,4.89193844862309,4.754266687463505,4.772622585296631,73500,0.0,0.0
2009-06-08 00:00:00+08:00,4.864404546865175,5.148926258087158,4.864404546865175,5.148926258087158,147000,0.0,0.0
2009-06-09 00:00:00+08:00,5.50687198327369,5.50687198327369,5.2682411887325165,5.369200229644775,707700,0.0,0.0
2009-06-10 00:00:00+08:00,5.002076148986816,5.222350599910903,5.002076148986816,5.002076148986816,260400,0.0,0.0
2009-06-11 00:00:00+08:00,5.04796682129514,5.341667175292969,5.011254564251237,5.341667175292969,150150,0.0,0.0
2009-06-12 00:00:00+08:00,5.369200620352181,5.552762818705146,5.185638421999217,5.415091514587402,318150,0.0,0.0
2009-06-15 00:00:00+08:00,5.40591261858175,5.40591261858175,5.075500493481125,5.304953575134277,63000,0.0,0.0
2009-06-16 00:00:00+08:00,5.360022537221595,5.360022537221595,5.002076312970695,5.148926258087158,45150,0.0,0.0
2009-06-17 00:00:00+08:00,5.13974782438689,5.2957759407826535,4.983719707991127,5.259062767028809,23100,0.0,0.0
2009-06-18 00:00:00+08:00,5.249885593027717,5.249885593027717,5.00207614656419,5.222350597381592,73500,0.0,0.0
2009-06-19 00:00:00+08:00,5.185638342309843,5.259062852899245,4.956185712777036,5.231529235839844,26250,0.0,0.0
2009-06-22 00:00:00+08:00,5.066322478661139,5.231529235839844,5.047966580778438,5.231529235839844,31500,0.0,0.0
2009-06-23 00:00:00+08:00,5.405912793136649,5.405912793136649,5.0938574743084395,5.231529235839844,48300,0.0,0.0
2009-06-24 00:00:00+08:00,5.231529235839844,5.268241491134544,5.231529235839844,5.231529235839844,36750,0.0,0.0
2009-06-25 00:00:00+08:00,5.231529440002346,5.589476585388184,5.231529440002346,5.589476585388184,639450,0.0,0.0
2009-06-26 00:00:00+08:00,5.543584431603734,5.7638597965991565,5.460981744142063,5.506872177124023,405300,0.0,0.0
2009-06-29 00:00:00+08:00,5.690434521288893,5.892353534698486,5.6261886486369175,5.892353534698486,682500,0.0,0.0
2009-06-30 00:00:00+08:00,5.965779105122743,6.296191250202171,5.892353673405856,6.277834892272949,715050,0.0,0.0
2009-07-01 00:00:00+08:00,6.176875095918404,6.176875095918404,5.91988839450776,5.965778827667236,329700,0.0,0.0
2009-07-02 00:00:00+08:00,6.057560153515481,6.057560153515481,5.91988839450776,5.965778827667236,160650,0.0,0.0
2009-07-03 00:00:00+08:00,6.332903212001632,6.332903212001632,5.965778827667236,5.965778827667236,168000,0.0,0.0
2009-07-06 00:00:00+08:00,6.149340937449478,6.28701269461276,6.103450504904812,6.2227654457092285,116550,0.0,0.0
2009-07-07 00:00:00+08:00,6.5531790599698665,6.654137186116033,6.424684559998344,6.644959926605225,379050,0.0,0.0
2009-07-08 00:00:00+08:00,6.378794091471755,6.5715344617772935,6.378794091471755,6.424684524536133,265650,0.0,0.0
2009-07-09 00:00:00+08:00,6.5715345482549345,6.874413064770988,6.5715345482549345,6.608246803283691,326550,0.0,0.0
2009-07-10 00:00:00+08:00,6.874413096898997,7.048796653747559,6.608246834167756,7.048796653747559,235200,0.0,0.0
2009-07-13 00:00:00+08:00,7.177291011307013,7.177291011307013,6.654137134552002,6.654137134552002,374850,0.0,0.0
2009-07-14 00:00:00+08:00,6.6357820337704965,6.745919721816431,6.617425216311976,6.72756290435791,135450,0.0,0.0
2009-07-15 00:00:00+08:00,6.745919933320356,6.764275372766434,6.544000908826955,6.635782241821289,303450,0.0,0.0
2009-07-16 00:00:00+08:00,6.7000280243843005,6.718384381373558,6.433862686157227,6.433862686157227,225750,0.0,0.0
2009-07-17 00:00:00+08:00,6.700027833369472,6.700027833369472,6.424684324497691,6.525643825531006,214200,0.0,0.0
2009-07-20 00:00:00+08:00,6.534822192662344,6.654137134552002,6.525644014164073,6.654137134552002,200550,0.0,0.0
2009-07-21 00:00:00+08:00,6.332903001020932,6.608246509863303,6.332903001020932,6.516465187072754,103950,0.0,0.0
2009-07-22 00:00:00+08:00,6.424684914247952,6.553179421304511,6.424684914247952,6.461397171020508,140700,0.0,0.0
2009-07-23 00:00:00+08:00,6.5623561566595,6.5623561566595,6.2411222123474195,6.259478569030762,123900,0.0,0.0
2009-07-24 00:00:00+08:00,6.40632893824819,6.47057527194184,6.277834892272949,6.277834892272949,92400,0.0,0.0
2009-07-27 00:00:00+08:00,6.424684713520177,6.424684713520177,6.2961911295368065,6.3329033851623535,61950,0.0,0.0
2009-07-28 00:00:00+08:00,6.342081836926109,6.498109952686004,6.342081836926109,6.424684524536133,122850,0.0,0.0
2009-07-29 00:00:00+08:00,6.700028287559903,6.700028287559903,6.424684760022768,6.544000625610352,256200,0.0,0.0
2009-07-30 00:00:00+08:00,6.553179403627312,6.553179403627312,6.360438562621028,6.470575332641602,114450,0.0,0.0
2009-07-31 00:00:00+08:00,6.424684896917366,6.608247099343623,6.424684896917366,6.470575332641602,98700,0.0,0.0
2009-08-03 00:00:00+08:00,6.433862448895096,6.883590880900777,6.433862448895096,6.791809558868408,198450,0.0,0.0
2009-08-04 00:00:00+08:00,6.874412702744613,7.067153065436243,6.47057470199048,6.791809558868408,172200,0.0,0.0
2009-08-05 00:00:00+08:00,6.791810052908263,6.929481816206496,6.599069676196596,6.782631874084473,12600,0.0,0.0
2009-08-06 00:00:00+08:00,6.608246952664933,6.764275074005127,6.608246952664933,6.764275074005127,37800,0.0,0.0
2009-08-10 00:00:00+08:00,6.3787941754130415,6.690850411039312,6.3787941754130415,6.608246803283691,61950,0.0,0.0
2009-08-11 00:00:00+08:00,6.44304066458506,6.608246493770601,6.44304066458506,6.5348219871521,32550,0.0,0.0
2009-08-12 00:00:00+08:00,6.60824661836002,6.791809726484205,6.534822110357201,6.700027942657471,73500,0.0,0.0
2009-08-13 00:00:00+08:00,6.77345383191997,7.1681132316589355,6.77345383191997,7.1681132316589355,794850,0.0,0.0
2009-08-14 00:00:00+08:00,7.1130436001892114,7.663730621337891,7.067153168269914,7.663730621337891,699300,0.0,0.0
2009-08-17 00:00:00+08:00,8.196061134338379,8.196061134338379,7.856470841545313,8.196061134338379,1655850,0.0,0.0
2009-08-18 00:00:00+08:00,8.232774962164738,8.370446258659085,7.672908840672854,7.884006023406982,616350,0.0,0.0
2009-08-19 00:00:00+08:00,7.6820874444621365,7.975787329452746,7.452634811401367,7.452634811401367,279300,0.0,0.0
2009-08-20 00:00:00+08:00,7.351675222305721,7.51688198019745,7.158934847235756,7.269072532653809,271950,0.0,0.0
2009-08-21 00:00:00+08:00,7.342496923204252,7.507703218858672,7.168112908483961,7.324141025543213,248850,0.0,0.0
2009-08-24 00:00:00+08:00,7.599484430387424,7.82893705368042,7.489346748439842,7.82893705368042,513450,0.0,0.0
2009-08-25 00:00:00+08:00,7.801403269229375,7.801403269229375,7.452634772505598,7.700444221496582,218400,0.0,0.0
2009-08-26 00:00:00+08:00,7.544415559559904,7.709622316623548,7.388387440725167,7.5077033042907715,227850,0.0,0.0
2009-08-27 00:00:00+08:00,7.452634974786983,7.599484920501709,7.452634974786983,7.599484920501709,127050,0.0,0.0
2009-08-28 00:00:00+08:00,7.526059152027958,7.526059152027958,7.076331615447998,7.076331615447998,823200,0.0,0.0
2009-08-31 00:00:00+08:00,6.5898912640779175,6.9661938253556235,6.5898912640779175,6.663315773010254,407400,0.0,0.0
2009-09-01 00:00:00+08:00,6.663315710947547,6.975371938885262,6.589891202699093,6.929481506347656,393750,0.0,0.0
2009-09-02 00:00:00+08:00,6.883591311757434,6.957015822543977,6.755096809528428,6.800987243652344,319200,0.0,0.0
2009-09-03 00:00:00+08:00,6.837701286785285,7.15893526393317,6.810166289416426,7.0671539306640625,244650,0.0,0.0
2009-09-04 00:00:00+08:00,7.241537434718244,7.553594129078429,7.241537434718244,7.5352373123168945,842100,0.0,0.0
2009-09-07 00:00:00+08:00,7.535237027970893,7.948252752464446,7.535237027970893,7.672908782958984,368550,0.0,0.0
2009-09-08 00:00:00+08:00,8.003321490722929,8.003321490722929,7.526059402353276,7.636197090148926,318150,0.0,0.0
2009-09-09 00:00:00+08:00,7.6361968501803625,8.122637102207307,7.516881906249078,7.975787162780762,560700,0.0,0.0
2009-09-10 00:00:00+08:00,8.07674681301295,8.07674681301295,7.617840169680127,7.682087421417236,373800,0.0,0.0
2009-09-11 00:00:00+08:00,7.709622383117676,7.80140325184675,7.709622383117676,7.709622383117676,362250,0.0,0.0
2009-09-14 00:00:00+08:00,7.755512851973932,7.755512851973932,7.617840169680127,7.682087421417236,193200,0.0,0.0
2009-09-15 00:00:00+08:00,7.672909140033435,7.801403182260761,7.663730961336533,7.727977752685547,235200,0.0,0.0
2009-09-16 00:00:00+08:00,7.80140325184675,7.80140325184675,7.691265566030836,7.709622383117676,313950,0.0,0.0
2009-09-17 00:00:00+08:00,7.893184834163974,8.241951942443848,7.755512615595553,8.241951942443848,1450050,0.0,0.0
2009-09-18 00:00:00+08:00,8.370446038711012,8.627433187327856,8.306199251556801,8.443870544433594,1337700,0.0,0.0
2009-09-21 00:00:00+08:00,8.352089948974413,8.44387081382038,8.260309084128444,8.315377235412598,477750,0.0,0.0
2009-09-22 00:00:00+08:00,8.352090221940998,8.425515651464346,8.306199788018201,8.416337013244629,619500,0.0,0.0
2009-09-23 00:00:00+08:00,8.425516114120912,8.893600036330302,8.37962567767821,8.654969215393066,918750,0.0,0.0
2009-09-24 00:00:00+08:00,8.645789757494228,8.645789757494228,8.352089889218167,8.58154296875,463050,0.0,0.0
2009-09-25 00:00:00+08:00,8.44387067395906,9.178121256799207,8.44387067395906,9.095518112182617,1333500,0.0,0.0
2009-09-28 00:00:00+08:00,9.728808403015137,9.728808403015137,9.728808403015137,9.728808403015137,1032150,0.0,0.0
2009-09-29 00:00:00+08:00,10.37127685546875,10.37127685546875,10.37127685546875,10.37127685546875,499800,0.0,0.0
2009-09-30 00:00:00+08:00,10.738401999484921,10.738401999484921,9.682918340768257,10.004152297973633,2311050,0.0,0.0
2009-10-01 00:00:00+08:00,9.774699211120605,10.004152300338282,9.63702790902516,9.774699211120605,682500,0.0,0.0
2009-10-02 00:00:00+08:00,9.361683302986057,10.004152125370819,9.361683302986057,9.637027740478516,579600,0.0,0.0
2009-10-05 00:00:00+08:00,9.637028255285516,10.279496192932129,9.407574238764912,10.279496192932129,1712550,0.0,0.0
2009-10-06 00:00:00+08:00,10.554839164001939,10.554839164001939,9.866480827331543,9.866480827331543,1329300,0.0,0.0
2009-10-07 00:00:00+08:00,9.912370681762695,10.279495045279113,9.728808040475222,9.912370681762695,664650,0.0,0.0
2009-10-08 00:00:00+08:00,10.095933170902981,10.095933170902981,9.31579303499306,9.545246124267578,762300,0.0,0.0
2009-10-09 00:00:00+08:00,9.637028310075467,9.912371844783532,9.453464728191905,9.82059097290039,537600,0.0,0.0
2009-10-12 00:00:00+08:00,10.095933541808211,10.279496203783285,9.91237179889177,10.050043106079102,847350,0.0,0.0
2009-10-13 00:00:00+08:00,10.004152716666674,10.095933588549816,9.637028310075467,9.82059097290039,531300,0.0,0.0
2009-10-14 00:00:00+08:00,10.233605387137073,10.233605387137073,9.958261863952664,10.004152297973633,552300,0.0,0.0
2009-10-15 00:00:00+08:00,10.27949625137474,10.27949625137474,9.82059097290039,9.82059097290039,594300,0.0,0.0
2009-10-16 00:00:00+08:00,9.820590394094662,10.05004256027907,9.820590394094662,9.866480827331543,384300,0.0,0.0
2009-10-19 00:00:00+08:00,10.004152127042188,10.004152127042188,9.820590394094662,9.866480827331543,311850,0.0,0.0
2009-10-20 00:00:00+08:00,9.820589820648223,10.050041973434404,9.820589820648223,9.912370681762695,463050,0.0,0.0
2009-10-21 00:00:00+08:00,9.958262050491943,10.600730895996094,9.866481180730757,10.600730895996094,1105650,0.0,0.0
2009-10-22 00:00:00+08:00,10.646621920421257,10.738402795264703,9.912372164497675,10.09593391418457,969150,0.0,0.0
2009-10-23 00:00:00+08:00,10.187715332325066,10.187715332325066,9.958262234620882,10.050043106079102,454650,0.0,0.0
2009-10-26 00:00:00+08:00,10.004151542877167,10.141823753607405,9.912370681762695,9.912370681762695,324450,0.0,0.0
2009-10-27 00:00:00+08:00,9.912371588843458,10.37127685546875,9.86648115408679,10.37127685546875,347550,0.0,0.0
2009-10-28 00:00:00+08:00,10.371276306023198,10.371276306023198,10.004151928360617,10.187714576721191,577500,0.0,0.0
2009-10-29 00:00:00+08:00,10.004152512683714,10.004152512683714,9.499355889501873,9.682918548583984,1012200,0.0,0.0
2009-10-30 00:00:00+08:00,9.728808403015137,10.32538586060747,9.54524575488728,9.728808403015137,957600,0.0,0.0
2009-11-02 00:00:00+08:00,9.545246119646752,10.09593316601557,9.545246119646752,10.004152297973633,595350,0.0,0.0
2009-11-03 00:00:00+08:00,10.09593391418457,10.463059251675695,9.912372164497675,10.09593391418457,646800,0.0,0.0
2009-11-04 00:00:00+08:00,10.18771439667304,10.738401412963867,10.18771439667304,10.738401412963867,1100400,0.0,0.0
2009-11-05 00:00:00+08:00,11.472651481628418,11.472651481628418,11.197307963708834,11.472651481628418,3447150,0.0,0.0
2009-11-06 00:00:00+08:00,11.472652072443374,11.656214733529008,11.013745879258604,11.197308540344238,1751400,0.0,0.0
2009-11-09 00:00:00+08:00,11.380869332206144,11.656213760375977,11.013744959743956,11.656213760375977,1439550,0.0,0.0
2009-11-10 00:00:00+08:00,11.656214733529008,11.74799652360114,11.197308540344238,11.197308540344238,1216950,0.0,0.0
2009-11-11 00:00:00+08:00,11.289088997766495,11.564433438836641,11.05963590958044,11.38086986541748,1055250,0.0,0.0
2009-11-12 00:00:00+08:00,11.380869110771698,11.472650891395386,11.19730738764139,11.289088249206543,666750,0.0,0.0
2009-11-13 00:00:00+08:00,11.289088625001817,11.839776569899845,11.19730776038143,11.334979057312012,1381800,0.0,0.0
2009-11-16 00:00:00+08:00,11.380869902105914,11.472651689111371,11.15141773223877,11.15141773223877,1060500,0.0,0.0
2009-11-17 00:00:00+08:00,11.197307993180816,11.243198426445103,10.784293174743652,10.784293174743652,1017450,0.0,0.0
2009-11-18 00:00:00+08:00,10.600731040639214,11.518542507950125,10.600731040639214,11.197308540344238,2119950,0.0,0.0
2009-11-19 00:00:00+08:00,11.28908941135774,11.426761636936623,11.197308540344238,11.197308540344238,649950,0.0,0.0
2009-11-20 00:00:00+08:00,11.19730778898817,11.243198221415604,11.059635572647299,11.1055269241333,427350,0.0,0.0
2009-11-23 00:00:00+08:00,11.289089197488439,11.610324078067233,11.197308328213706,11.518542289733887,1936200,0.0,0.0
2009-11-24 00:00:00+08:00,11.656214541699576,12.115120727332005,11.518542318386402,11.74799633026123,1993950,0.0,0.0
2009-11-25 00:00:00+08:00,11.885667428745686,12.023338730616818,11.610323905944824,11.610323905944824,1061550,0.0,0.0
2009-11-26 00:00:00+08:00,11.7021045664045,11.747995918606584,11.334979263139335,11.472651481628418,1144500,0.0,0.0
2009-11-27 00:00:00+08:00,11.380869110771698,11.42676046061281,11.105526526076236,11.289088249206543,693000,0.0,0.0
2009-11-30 00:00:00+08:00,11.380869489622206,11.518541705611355,11.334979057312012,11.334979057312012,320250,0.0,0.0
2009-12-01 00:00:00+08:00,11.289088625001817,11.334979057312012,11.151417328071235,11.334979057312012,498750,0.0,0.0
2009-12-02 00:00:00+08:00,11.380870245774869,12.115120887756348,11.243198939697313,12.115120887756348,4721850,0.0,0.0
2009-12-03 00:00:00+08:00,12.252792370712296,12.52813682495947,11.747996655415516,12.02333927154541,3010350,0.0,0.0
2009-12-04 00:00:00+08:00,11.931557655334473,12.344572472828345,11.793886355856044,11.931557655334473,1399650,0.0,0.0
2009-12-07 00:00:00+08:00,11.793886355856044,12.16101074019044,11.793886355856044,11.931557655334473,1006950,0.0,0.0
2009-12-08 00:00:00+08:00,11.977449014240086,12.436355219421227,11.977449014240086,12.390464782714844,1162350,0.0,0.0
2009-12-09 00:00:00+08:00,12.528136215297552,13.2164945602417,12.528136215297552,13.2164945602417,1572900,0.0,0.0
2009-12-10 00:00:00+08:00,13.491839002282177,13.537729436074695,12.482244863553763,12.987041473388672,2784600,0.0,0.0
2009-12-11 00:00:00+08:00,13.078823463199692,13.308275635726618,12.757589502603386,13.124713897705078,1304100,0.0,0.0
2009-12-14 00:00:00+08:00,13.308275260855625,14.042525868493664,13.216494394430162,13.767182350158691,1629600,0.0,0.0
2009-12-15 00:00:00+08:00,13.950743877770524,13.950743877770524,13.4918386333359,13.858963012695312,1445850,0.0,0.0
2009-12-16 00:00:00+08:00,13.95074368353306,14.68499427014599,13.629509741183822,14.180196762084961,2580900,0.0,0.0
2009-12-17 00:00:00+08:00,14.317869600296138,14.593213122736254,13.67540168762207,13.67540168762207,1311450,0.0,0.0
2009-12-18 00:00:00+08:00,13.675401654134648,13.721292087919194,13.2164945591134,13.445947647094727,1167600,0.0,0.0
2009-12-21 00:00:00+08:00,13.49183862828105,14.363759603344588,13.49183862828105,13.629509925842285,7919100,0.0,0.0
2009-12-22 00:00:00+08:00,13.629510131461913,14.226087601344588,13.583619698249182,13.767182350158691,1799700,0.0,0.0
2009-12-23 00:00:00+08:00,14.180196753647303,14.501431614863954,13.90485324336057,13.950743675231934,2244900,0.0,0.0
2009-12-24 00:00:00+08:00,14.226087987446725,14.226087987446725,13.767182723805941,13.81307315826416,1040550,0.0,0.0
2009-12-25 00:00:00+08:00,13.858963945688663,14.317870140075684,13.813073510061688,14.317870140075684,1143450,0.0,0.0
2009-12-28 00:00:00+08:00,14.409651011329634,14.639105027581778,14.226088349763101,14.317870140075684,2276400,0.0,0.0
2009-12-29 00:00:00+08:00,14.31786935547348,14.547322440093234,13.858963186233971,14.22608757019043,2485350,0.0,0.0
2009-12-30 00:00:00+08:00,14.22608798289128,14.363760205280455,14.042526245117188,14.042526245117188,1065750,0.0,0.0
2009-12-31 00:00:00+08:00,14.2719784173348,14.2719784173348,14.042526245117188,14.042526245117188,872550,0.0,0.0
2010-01-04 00:00:00+08:00,14.134306526979515,14.226087392054726,13.767182147620103,13.858963012695312,747600,0.0,0.0
2010-01-05 00:00:00+08:00,13.950744256841922,14.04252604346961,13.40005721331018,13.445947647094727,1136100,0.0,0.0
2010-01-06 00:00:00+08:00,13.400056473672079,13.767181761801554,13.400056473672079,13.583619117736816,364350,0.0,0.0
2010-01-07 00:00:00+08:00,13.76718255541591,14.180197379546783,13.67540168762207,13.67540168762207,2201850,0.0,0.0
2010-01-08 00:00:00+08:00,13.675401654134648,14.04252604346961,13.40005721331018,13.445947647094727,590100,0.0,0.0
2010-01-11 00:00:00+08:00,13.445947868349391,13.675401879165005,12.665807723999023,12.665807723999023,719250,0.0,0.0
2010-01-12 00:00:00+08:00,12.849370376329825,13.032933033477342,12.619917284660081,12.89526081085205,680400,0.0,0.0
2010-01-13 00:00:00+08:00,12.757589138179437,13.07882308959961,12.757589138179437,13.07882308959961,574350,0.0,0.0
2010-01-14 00:00:00+08:00,13.124713324914909,13.629509920560977,13.07882289241228,13.400056838989258,590100,0.0,0.0
2010-01-15 00:00:00+08:00,13.67540168762207,13.904853857106668,13.400057246123358,13.67540168762207,1564500,0.0,0.0
2010-01-18 00:00:00+08:00,13.629510334666554,13.996635643959104,13.583619900769634,13.67540168762207,625800,0.0,0.0
2010-01-19 00:00:00+08:00,13.85896342320975,13.950744291003588,13.583619900769634,13.67540168762207,783300,0.0,0.0
2010-01-20 00:00:00+08:00,13.767181761801554,13.904853055556199,13.537728686485268,13.583619117736816,1085700,0.0,0.0
2010-01-21 00:00:00+08:00,13.629510515381533,13.629510515381533,13.124713897705078,13.124713897705078,768600,0.0,0.0
2010-01-22 00:00:00+08:00,12.941151075894915,12.941151075894915,12.665807553308886,12.757589340209961,511350,0.0,0.0
2010-01-25 00:00:00+08:00,12.574026315334727,13.124713344296644,12.528135882764328,12.711698532104492,349650,0.0,0.0
2010-01-26 00:00:00+08:00,12.89526002112313,12.941150452834945,11.83977641551719,11.885666847229004,688800,0.0,0.0
2010-01-27 00:00:00+08:00,11.747996513587985,11.83977738452326,11.19730853080045,11.426761627197266,336000,0.0,0.0
2010-01-28 00:00:00+08:00,11.380870410066404,12.02333927154541,11.380870410066404,12.02333927154541,1009050,0.0,0.0
2010-01-29 00:00:00+08:00,11.702105346899549,12.069230674650864,11.472652246819637,11.7938871383667,897750,0.0,0.0
2010-02-01 00:00:00+08:00,11.793886353843318,11.839776786994962,11.610323702178155,11.702104568481445,156450,0.0,0.0
2010-02-02 00:00:00+08:00,11.839776784893584,12.023338517467584,11.472651481628418,11.472651481628418,348600,0.0,0.0
2010-02-03 00:00:00+08:00,11.747996301037945,11.931558039587413,11.518542289733887,11.518542289733887,257250,0.0,0.0
2010-02-04 00:00:00+08:00,11.656214133261,11.747995918606584,11.380869696282835,11.472651481628418,263550,0.0,0.0
2010-02-05 00:00:00+08:00,11.472651693559259,11.472651693559259,10.692511558532715,10.692511558532715,495600,0.0,0.0
2010-02-08 00:00:00+08:00,9.728809298080673,10.646621704101562,9.728809298080673,10.646621704101562,402150,0.0,0.0
2010-02-09 00:00:00+08:00,11.38086986541748,11.38086986541748,11.289088997766495,11.38086986541748,690900,0.0,0.0
2010-02-10 00:00:00+08:00,12.023338938770351,12.023338938770351,11.564433672196536,11.74799633026123,669900,0.0,0.0
2010-02-22 00:00:00+08:00,11.839776786994962,11.977448086449897,11.6562141353298,11.702104568481445,407400,0.0,0.0
2010-02-23 00:00:00+08:00,11.885666847229004,11.885666847229004,11.656213769611378,11.885666847229004,265650,0.0,0.0
2010-02-24 00:00:00+08:00,11.747996655415516,12.252792370712296,11.747996655415516,12.02333927154541,473550,0.0,0.0
2010-02-25 00:00:00+08:00,12.023338728595162,12.115120515552416,11.839776992797852,11.839776992797852,308700,0.0,0.0
2010-02-26 00:00:00+08:00,11.74799633026123,11.88566763451579,11.702104976451096,11.74799633026123,168000,0.0,0.0
2010-03-01 00:00:00+08:00,11.747996119407267,12.528136253356934,11.747996119407267,12.528136253356934,1648500,0.0,0.0
2010-03-02 00:00:00+08:00,12.574026854919667,12.757589512136992,12.43635463224202,12.665807723999023,801150,0.0,0.0
2010-03-03 00:00:00+08:00,12.619917289459345,12.80347994667667,12.482245066781699,12.665807723999023,370650,0.0,0.0
2010-03-04 00:00:00+08:00,12.757589512136992,12.757589512136992,12.43635463224202,12.665807723999023,303450,0.0,0.0
2010-03-05 00:00:00+08:00,12.757589340209961,12.849370208052438,12.665807553308886,12.757589340209961,203700,0.0,0.0
2010-03-08 00:00:00+08:00,12.849369634937949,13.124713145242959,12.849369634937949,13.03293228149414,336000,0.0,0.0
2010-03-09 00:00:00+08:00,12.941151250295706,12.941151250295706,12.574026854919667,12.665807723999023,395850,0.0,0.0
2010-03-10 00:00:00+08:00,12.665808322011797,12.711699677776835,12.390464782714844,12.390464782714844,202650,0.0,0.0
2010-03-11 00:00:00+08:00,12.482245066781699,12.757589512136992,12.482245066781699,12.665807723999023,366450,0.0,0.0
2010-03-12 00:00:00+08:00,12.8034797741312,12.849370208052438,12.61991711938765,12.757589340209961,130200,0.0,0.0
2010-03-15 00:00:00+08:00,12.803479775982781,12.89526064383853,12.528136253356934,12.528136253356934,351750,0.0,0.0
2010-03-16 00:00:00+08:00,12.52813604953103,12.619916915893555,12.52813604953103,12.619916915893555,240450,0.0,0.0
2010-03-17 00:00:00+08:00,12.711698870633553,13.032932826239787,12.665807517782437,12.987041473388672,822150,0.0,0.0
2010-03-18 00:00:00+08:00,13.032933409710127,13.032933409710127,12.84937074726355,12.94115161895752,340200,0.0,0.0
2010-03-19 00:00:00+08:00,13.216495153098068,13.216495153098068,12.94115161895752,12.94115161895752,473550,0.0,0.0
2010-03-22 00:00:00+08:00,12.94115161895752,12.94115161895752,12.94115161895752,12.94115161895752,0,0.0,0.0
2010-03-23 00:00:00+08:00,12.803479378337931,13.583619488058348,12.7575889458353,13.400056838989258,1141350,0.0,0.0
2010-03-24 00:00:00+08:00,13.58362047799122,13.58362047799122,12.94115161895752,12.94115161895752,489300,0.0,0.0
2010-03-25 00:00:00+08:00,12.849369829815686,12.94115069495648,12.665807180475522,12.711698532104492,581700,0.0,0.0
2010-03-26 00:00:00+08:00,12.711698906288722,13.03293286279599,12.665807553308886,12.757589340209961,465150,0.0,0.0
2010-03-29 00:00:00+08:00,12.711698906288722,13.124713730638467,12.711698906288722,12.757589340209961,382200,0.0,0.0
2010-03-30 00:00:00+08:00,12.711698339314724,13.491838438355341,12.711698339314724,13.03293228149414,1206450,0.0,0.0
2010-03-31 00:00:00+08:00,13.170603577117367,13.216494008991775,12.941150498686767,13.03293228149414,612150,0.0,0.0
2010-04-01 00:00:00+08:00,13.354166777358408,13.904853820800781,13.078823255637221,13.904853820800781,3793650,0.0,0.0
2010-04-02 00:00:00+08:00,14.593213447745988,14.86855697631836,14.501432577908071,14.86855697631836,2214450,0.0,0.0
2010-04-06 00:00:00+08:00,15.87814998626709,15.87814998626709,15.648695990225093,15.87814998626709,5685750,0.0,0.0
2010-04-07 00:00:00+08:00,16.337055640457674,16.337055640457674,15.143900645270087,15.694587707519531,5051550,0.0,0.0
2010-04-08 00:00:00+08:00,15.878150570800571,16.750072479248047,15.694586999585898,16.750072479248047,4922400,0.0,0.0
2010-04-09 00:00:00+08:00,16.887743742232026,17.254867207626184,16.337054867906456,16.520618438720703,2931600,0.0,0.0
2010-04-12 00:00:00+08:00,16.520619168116124,17.621993289159267,16.520619168116124,17.071306228637695,2998800,0.0,0.0
2010-04-13 00:00:00+08:00,16.979525392745355,17.438431583798863,15.878151269463832,16.153493881225586,2305800,0.0,0.0
2010-04-14 00:00:00+08:00,16.24527475181284,16.428838331104593,15.78637039887658,16.153493881225586,1365000,0.0,0.0
2010-04-15 00:00:00+08:00,16.52061804800477,16.70417977636058,16.01582145690918,16.01582145690918,1774500,0.0,0.0
2010-04-16 00:00:00+08:00,16.06171305430201,16.199384360557147,15.786370441791739,15.924041748046875,1105650,0.0,0.0
2010-04-19 00:00:00+08:00,15.602806299369654,15.832260306304779,14.82266616821289,14.82266616821289,1769250,0.0,0.0
2010-04-20 00:00:00+08:00,14.822665966568827,15.143899917602539,14.363759797058618,15.143899917602539,779100,0.0,0.0
2010-04-21 00:00:00+08:00,15.602805341560684,16.199382781982422,15.419243617774635,16.199382781982422,1288350,0.0,0.0
2010-04-22 00:00:00+08:00,16.42883684662814,16.97952385850994,16.061711559334583,16.88774299621582,1861650,0.0,0.0
2010-04-23 00:00:00+08:00,17.254866420061266,17.254866420061266,16.199382828994235,16.428836822509766,1898400,0.0,0.0
2010-04-26 00:00:00+08:00,16.520619975406692,16.887745313066635,16.382948663078217,16.474729537963867,1029000,0.0,0.0
2010-04-27 00:00:00+08:00,16.887745258437416,16.887745258437416,16.382948610081936,16.704181671142578,917700,0.0,0.0
2010-04-28 00:00:00+08:00,16.38294680569875,17.8514461517334,16.153492806381113,17.8514461517334,5400150,0.0,0.0
2010-04-29 00:00:00+08:00,19.090492248535156,19.090492248535156,18.63158606998612,19.090492248535156,7805700,0.0,0.0
2010-04-30 00:00:00+08:00,19.27405507940995,19.59528810532203,18.26446005504917,18.310352325439453,5202750,0.0,0.0
2010-05-03 00:00:00+08:00,18.723368771551343,19.54939842224121,18.402133895211435,19.54939842224121,3400950,0.0,0.0
2010-05-04 00:00:00+08:00,20.375429170120732,20.88022576423159,19.457616846625154,19.687070846557617,7476000,0.0,0.0
2010-05-05 00:00:00+08:00,18.815149289752913,21.063787867967893,18.815149289752913,20.880226135253906,5785500,0.0,0.0
2010-05-06 00:00:00+08:00,21.06378903870405,21.15556991016227,20.100086212158203,20.100086212158203,2936850,0.0,0.0
2010-05-07 00:00:00+08:00,19.182272374309203,19.916522966820636,18.723368051635973,19.457616806030273,3047100,0.0,0.0
2010-05-10 00:00:00+08:00,19.73296165136635,19.73296165136635,18.952820610235356,19.27405548095703,2568300,0.0,0.0
2010-05-11 00:00:00+08:00,19.641180436992492,20.604883193969727,19.595288166459024,20.604883193969727,5240550,0.0,0.0
2010-05-12 00:00:00+08:00,21.017897430874342,21.2014610016713,20.329539095207956,20.42131996154785,6892200,0.0,0.0
2010-05-13 00:00:00+08:00,20.742555605069025,21.84392971843772,20.467211157668235,21.201461791992188,9462600,0.0,0.0
2010-05-14 00:00:00+08:00,20.972007766674917,21.935710574813786,20.788446027264555,21.660367965698242,4901400,0.0,0.0
2010-05-17 00:00:00+08:00,21.660366781335753,22.899412130840673,21.385022349158476,21.981599807739258,3780000,0.0,0.0
2010-05-18 00:00:00+08:00,22.440507180034405,22.440507180034405,20.972007751464844,20.972007751464844,2548350,0.0,0.0
2010-05-19 00:00:00+08:00,20.650774748466464,21.522694849870547,20.55899204052956,20.742555618286133,1505700,0.0,0.0
2010-05-20 00:00:00+08:00,20.742555216517154,21.385023130927905,19.824742859863395,20.008304595947266,2037000,0.0,0.0
2010-05-21 00:00:00+08:00,18.9987113853872,19.274055827835074,18.6315860748291,18.6315860748291,1831200,0.0,0.0
2010-05-24 00:00:00+08:00,18.99871253967285,19.59529005675217,18.90693166598639,18.99871253967285,1190700,0.0,0.0
2010-05-25 00:00:00+08:00,18.448024421045687,18.815149733244326,17.713775634765625,17.713775634765625,2131500,0.0,0.0
2010-05-26 00:00:00+08:00,17.713775634765625,18.080899108847053,16.612399698169714,17.713775634765625,2258550,0.0,0.0
2010-05-27 00:00:00+08:00,17.71377450218164,18.95281982421875,17.62199180141248,18.95281982421875,2525250,0.0,0.0
2010-05-28 00:00:00+08:00,19.824742891509405,20.23775863647461,19.59528888292109,20.23775863647461,2535750,0.0,0.0
2010-05-31 00:00:00+08:00,20.283649055497552,21.614477157592773,19.916523744899354,21.614477157592773,9191700,0.0,0.0
2010-06-01 00:00:00+08:00,22.30283614799861,23.082975387573242,22.073382132982132,23.082975387573242,6347250,0.0,0.0
2010-06-02 00:00:00+08:00,23.72544400293067,24.413802338200338,22.394615927417668,22.945302963256836,8175300,0.0,0.0
2010-06-03 00:00:00+08:00,23.863117204008837,24.551477432250977,23.450101434687014,24.551477432250977,6561450,0.0,0.0
2010-06-04 00:00:00+08:00,24.78092845599902,25.60695995596749,24.184350967407227,24.184350967407227,6323100,0.0,0.0
2010-06-07 00:00:00+08:00,22.945301853148045,23.725442855078143,22.532287974838425,22.57817840576172,3156300,0.0,0.0
2010-06-08 00:00:00+08:00,22.945301804078422,23.72544280434015,22.027489511341237,22.348724365234375,4143300,0.0,0.0
2010-06-09 00:00:00+08:00,22.394615158162306,23.12886573947112,21.109677559930432,21.247350692749023,3135300,0.0,0.0
2010-06-10 00:00:00+08:00,21.56858632361292,22.715850830078125,21.247351453031108,22.715850830078125,3724350,0.0,0.0
2010-06-11 00:00:00+08:00,22.9453049052923,23.31243023963007,22.211056074734074,22.486398696899414,3772650,0.0,0.0
2010-06-14 00:00:00+08:00,22.945303689532427,24.046677796071975,22.624070647360107,23.954896926879883,7421400,0.0,0.0
2010-06-15 00:00:00+08:00,24.230242536530156,25.239835822375802,24.04667895121084,24.551477432250977,7031850,0.0,0.0
2010-06-17 00:00:00+08:00,24.780928837940174,24.964490579376918,23.954897325240328,24.230241775512695,2521050,0.0,0.0
2010-06-18 00:00:00+08:00,24.230241019777726,25.69874041982131,24.230241019777726,25.056272506713867,5496750,0.0,0.0
2010-06-21 00:00:00+08:00,25.51517826899185,25.882301734441953,25.01037982776363,25.23983383178711,3853500,0.0,0.0
2010-06-22 00:00:00+08:00,25.239835343254676,26.295319045864854,25.10216403546655,25.652851104736328,4300800,0.0,0.0
2010-06-23 00:00:00+08:00,25.652849227060972,26.15764582345249,25.377504793521442,25.423397064208984,2252250,0.0,0.0
2010-06-24 00:00:00+08:00,25.88230138991296,26.15764582345249,25.423397064208984,25.423397064208984,2311050,0.0,0.0
2010-06-25 00:00:00+08:00,25.148051791292605,25.515177077719237,24.87270736694336,24.87270736694336,1774500,0.0,0.0
2010-06-28 00:00:00+08:00,24.87270736694336,24.87270736694336,24.87270736694336,24.87270736694336,0,0.0,0.0
2010-06-29 00:00:00+08:00,23.954896206576045,24.230240643990165,23.17475700378418,23.17475700378418,1368150,0.0,0.0
2010-06-30 00:00:00+08:00,21.56858668278548,22.761741642329028,21.56858668278548,22.30283546447754,1600200,0.0,0.0
2010-07-01 00:00:00+08:00,22.48639680153315,23.863115310668945,22.48639680153315,23.863115310668945,2105250,0.0,0.0
2010-07-02 00:00:00+08:00,24.322021119550445,25.42339701338987,24.322021119550445,24.735036849975586,3733800,0.0,0.0
2010-07-05 00:00:00+08:00,25.33161434051478,25.515177908765423,24.413802013612983,24.505584716796875,1987650,0.0,0.0
2010-07-06 00:00:00+08:00,24.505586225785063,25.056273288212545,24.046678195958698,24.230241775512695,1873200,0.0,0.0
2010-07-07 00:00:00+08:00,24.413801973644272,24.96448900126037,24.230240243811284,24.27613067626953,1677900,0.0,0.0
2010-07-08 00:00:00+08:00,24.780927271427384,25.193943001668746,24.13845937889479,24.27613067626953,2536800,0.0,0.0
2010-07-09 00:00:00+08:00,24.32202148038088,24.64325635061438,23.863115310668945,23.863115310668945,1950900,0.0,0.0
2010-07-12 00:00:00+08:00,24.23024145466401,24.23024145466401,23.128867344393072,23.49599266052246,1544550,0.0,0.0
2010-07-13 00:00:00+08:00,23.495991837213168,23.817224869217668,22.761741230682837,22.945302963256836,1249500,0.0,0.0
2010-07-14 00:00:00+08:00,23.587774583205828,24.551477432250977,23.082976102165695,24.551477432250977,4329150,0.0,0.0
2010-07-15 00:00:00+08:00,24.551475484295427,24.735037216933332,23.863115310668945,23.863115310668945,2263800,0.0,0.0
2010-07-16 00:00:00+08:00,23.95489616864817,24.322021471913335,22.945302963256836,22.945302963256836,1460550,0.0,0.0
2010-07-19 00:00:00+08:00,23.495992631587377,23.679554370367402,22.945303739012846,23.266538619995117,1254750,0.0,0.0
2010-07-20 00:00:00+08:00,23.495991845393135,24.551475484295427,23.312428274638062,23.863115310668945,2413950,0.0,0.0
2010-07-21 00:00:00+08:00,24.32202147623012,24.32202147623012,23.40420913696289,23.40420913696289,897750,0.0,0.0
2010-07-22 00:00:00+08:00,23.817225663047232,24.092570109202647,23.495992620336015,23.725444793701172,696150,0.0,0.0
2010-07-23 00:00:00+08:00,24.04667895121084,25.377507132777307,23.725445893607333,24.551477432250977,7944300,0.0,0.0
2010-07-26 00:00:00+08:00,24.41380396652725,24.780929294278565,23.404210693799097,23.5877742767334,2683800,0.0,0.0
2010-07-27 00:00:00+08:00,23.587771993040587,24.04667631065347,23.220646700833168,23.541881561279297,1089900,0.0,0.0
2010-07-28 00:00:00+08:00,23.541883840529145,24.230242221710235,23.541883840529145,23.5877742767334,1570800,0.0,0.0
2010-07-29 00:00:00+08:00,23.771335239757416,23.771335239757416,23.266538619995117,23.266538619995117,911400,0.0,0.0
2010-07-30 00:00:00+08:00,23.312429054690124,23.450100358775146,23.1288673159101,23.266538619995117,769650,0.0,0.0
2010-08-02 00:00:00+08:00,23.40420913696289,23.63366314083828,23.266537837507954,23.40420913696289,709800,0.0,0.0
2010-08-03 00:00:00+08:00,23.54188265095637,24.23024099735467,23.45009994506836,23.45009994506836,1375500,0.0,0.0
2010-08-04 00:00:00+08:00,23.63366471293765,23.679555149141905,23.358320257594844,23.5877742767334,520800,0.0,0.0
2010-08-05 00:00:00+08:00,23.77133485349436,24.689147208715305,23.495992249798395,23.679553985595703,2811900,0.0,0.0
2010-08-06 00:00:00+08:00,23.679555149141905,24.046678638775933,23.541883840529145,23.5877742767334,456750,0.0,0.0
2010-08-09 00:00:00+08:00,23.220647391477222,23.220647391477222,21.981600182718534,22.027490615844727,3117450,0.0,0.0
2010-08-10 00:00:00+08:00,21.843929290771484,22.440506770656473,21.843929290771484,21.843929290771484,891450,0.0,0.0
2010-08-11 00:00:00+08:00,21.843929299607797,21.843929299607797,20.926116943359375,20.926116943359375,1130850,0.0,0.0
2010-08-12 00:00:00+08:00,20.650774331001507,22.3487259026922,20.28364902102721,21.843929290771484,1227450,0.0,0.0
2010-08-13 00:00:00+08:00,21.84393003588742,22.4863979716697,21.84393003588742,21.935710906982422,829500,0.0,0.0
2010-08-16 00:00:00+08:00,22.11927113378906,22.25694426911689,21.660366809753416,21.752147674560547,372750,0.0,0.0
2010-08-17 00:00:00+08:00,21.75214808254445,21.981600248865885,21.52269407810585,21.568586349487305,538650,0.0,0.0
2010-08-18 00:00:00+08:00,21.568587422602413,22.4863979716697,21.568587422602413,21.935710906982422,939750,0.0,0.0
2010-08-19 00:00:00+08:00,22.440505981445312,23.35831830504388,22.3946155490771,22.440505981445312,1937250,0.0,0.0
2010-08-20 00:00:00+08:00,22.440506392705547,23.495991870869453,22.440506392705547,22.715850830078125,1360800,0.0,0.0
2010-08-23 00:00:00+08:00,22.578178818058024,24.04667631065347,22.578178818058024,23.541881561279297,2690100,0.0,0.0
2010-08-24 00:00:00+08:00,23.67955434062536,23.771335209900094,22.991194144830406,23.037084579467773,1078350,0.0,0.0
2010-08-25 00:00:00+08:00,23.03708266572873,23.312427088796714,22.256943503584072,22.348724365234375,810600,0.0,0.0
2010-08-26 00:00:00+08:00,22.348727437990078,22.853524084588972,22.256946563720703,22.256946563720703,680400,0.0,0.0
2010-08-27 00:00:00+08:00,22.3946178228443,22.76174315718207,22.119273362561643,22.486398696899414,351750,0.0,0.0
2010-08-30 00:00:00+08:00,22.66996153184624,22.9911945803935,22.394617080688477,22.394617080688477,306600,0.0,0.0
2010-08-31 00:00:00+08:00,22.486396852890206,22.899412590385953,21.568586349487305,21.568586349487305,595350,0.0,0.0
2010-09-01 00:00:00+08:00,22.21105535838469,22.21105535838469,21.84393003588742,21.935710906982422,329700,0.0,0.0
2010-09-02 00:00:00+08:00,22.119271482097112,22.66996035584575,22.027490615844727,22.027490615844727,358050,0.0,0.0
2010-09-03 00:00:00+08:00,22.486397232847974,22.853522543282835,22.30283549668914,22.532289505004883,934500,0.0,0.0
2010-09-06 00:00:00+08:00,22.807633647454285,22.89941452172366,22.256946563720703,22.256946563720703,493500,0.0,0.0
2010-09-07 00:00:00+08:00,22.578179489593364,22.624069922719556,22.027490615844727,22.027490615844727,425250,0.0,0.0
2010-09-08 00:00:00+08:00,21.84392811616065,21.88981854767513,21.430912394413255,21.476802825927734,611100,0.0,0.0
2010-09-09 00:00:00+08:00,21.66036797891535,21.84392971843772,21.201461791992188,21.201461791992188,393750,0.0,0.0
2010-09-10 00:00:00+08:00,21.47680360851999,21.56858631301051,21.293241875773283,21.33913230895996,226800,0.0,0.0
2010-09-13 00:00:00+08:00,21.52269364618855,21.981599807739258,21.385022349158476,21.981599807739258,617400,0.0,0.0
2010-09-14 00:00:00+08:00,22.07338104897092,22.07338104897092,21.706257583961378,22.027490615844727,381150,0.0,0.0
2010-09-15 00:00:00+08:00,22.027491362691432,22.76174199383976,21.88982005864508,22.119272232055664,1018500,0.0,0.0
2010-09-16 00:00:00+08:00,22.30283431549271,22.30283431549271,21.614476003236536,21.706256866455078,358050,0.0,0.0
2010-09-17 00:00:00+08:00,21.889819324722,23.128866533948003,21.843928891578503,22.945302963256836,2060100,0.0,0.0
2010-09-20 00:00:00+08:00,23.128868491519846,23.128868491519846,22.44050825987186,22.486398696899414,444150,0.0,0.0
2010-09-21 00:00:00+08:00,22.66996228312696,22.89941446826474,22.44050825987186,22.486398696899414,355950,0.0,0.0
2010-09-23 00:00:00+08:00,22.486397200371254,22.486397200371254,22.211054596530683,22.30283546447754,211050,0.0,0.0
2010-09-24 00:00:00+08:00,22.119271145294597,22.761740875512952,22.027490280439725,22.2110538482666,456750,0.0,0.0
2010-09-27 00:00:00+08:00,22.348726284658788,22.348726284658788,21.889820098876953,21.889820098876953,401100,0.0,0.0
2010-09-28 00:00:00+08:00,21.889819720599483,22.578179906435313,21.889819720599483,22.30283546447754,862050,0.0,0.0
2010-09-29 00:00:00+08:00,22.394617875124766,22.486398749394144,22.119273414199313,22.256946563720703,361200,0.0,0.0
2010-09-30 00:00:00+08:00,22.25694503050411,22.440506766397828,22.211054596530683,22.30283546447754,155400,0.0,0.0
2010-10-01 00:00:00+08:00,22.119272232055664,22.486397547629828,22.119272232055664,22.119272232055664,205800,0.0,0.0
2010-10-04 00:00:00+08:00,22.119271894664312,22.16516416676365,21.660367554842935,21.843929290771484,299250,0.0,0.0
2010-10-05 00:00:00+08:00,22.119270750938522,22.119270750938522,21.385022007073076,21.706256866455078,172200,0.0,0.0
2010-10-06 00:00:00+08:00,21.706259125036194,21.843930434188994,21.522695541381836,21.522695541381836,224700,0.0,0.0
2010-10-07 00:00:00+08:00,21.38502277831299,21.75214808254445,21.1096783406101,21.568586349487305,359100,0.0,0.0
2010-10-08 00:00:00+08:00,21.75214873338705,23.037084579467773,21.75214873338705,23.037084579467773,8557500,0.0,0.0
2010-10-11 00:00:00+08:00,22.991195342319855,22.991195342319855,22.119273362561643,22.486398696899414,1543500,0.0,0.0
2010-10-12 00:00:00+08:00,22.578179489593364,22.578179489593364,22.027490615844727,22.027490615844727,413700,0.0,0.0
2010-10-13 00:00:00+08:00,22.21105538310835,22.302836254305515,21.798039624603838,22.165164947509766,364350,0.0,0.0
2010-10-14 00:00:00+08:00,22.16516305263138,23.679552812272696,22.16516305263138,23.312427520751953,3004050,0.0,0.0
2010-10-15 00:00:00+08:00,23.266539011720525,23.266539011720525,22.669961512523983,22.85352325439453,1121400,0.0,0.0
2010-10-18 00:00:00+08:00,22.761740080777816,23.128865365496104,22.07337994216639,22.348724365234375,416850,0.0,0.0
2010-10-19 00:00:00+08:00,22.486397160433942,23.495992220407864,22.486397160433942,22.991193771362305,811650,0.0,0.0
2010-10-20 00:00:00+08:00,22.761741234722695,23.863115306596505,22.761741234722695,23.40420913696289,1947750,0.0,0.0
2010-10-21 00:00:00+08:00,23.587772707686636,24.184350176775187,23.40420913696289,23.40420913696289,1821750,0.0,0.0
2010-10-22 00:00:00+08:00,23.67955280599372,24.138458960743684,23.587771942667146,24.00078582763672,2236500,0.0,0.0
2010-10-25 00:00:00+08:00,24.18435055392712,25.652849952032323,24.09256968619252,24.826818466186523,6714750,0.0,0.0
2010-10-26 00:00:00+08:00,25.01038023842064,25.148053378342116,24.41380275915158,24.597366333007812,2277450,0.0,0.0
2010-10-27 00:00:00+08:00,24.964489012368922,25.331614310315395,24.689146417496918,24.735036849975586,2601900,0.0,0.0
2010-10-28 00:00:00+08:00,25.01038022419489,26.43299102783203,24.964489790286233,26.43299102783203,6605550,0.0,0.0
2010-10-29 00:00:00+08:00,26.708333207939013,27.029568078325017,24.780927661857316,25.23983383178711,3982650,0.0,0.0
2010-11-01 00:00:00+08:00,25.515179898527897,25.561070334639968,23.77133597380004,23.81722640991211,2363550,0.0,0.0
2010-11-02 00:00:00+08:00,24.09257081722975,24.230242125294698,23.12886798454056,24.04667854309082,1524600,0.0,0.0
2010-11-03 00:00:00+08:00,24.413802346699832,24.64325635061438,23.67955357803104,23.863115310668945,1317750,0.0,0.0
2010-11-04 00:00:00+08:00,24.23024141322174,24.23024141322174,23.725444793701172,23.725444793701172,1065750,0.0,0.0
2010-11-05 00:00:00+08:00,24.046677043306854,24.50558505113595,23.81722487750947,23.863115310668945,1608600,0.0,0.0
2010-11-08 00:00:00+08:00,23.771336048739006,23.863116921252487,22.211055701657944,23.128868103027344,1891,0.0,0.0
2010-11-09 00:00:00+08:00,22.85352212970583,23.220647433496875,22.25694465986861,22.715850830078125,994350,0.0,0.0
2010-11-10 00:00:00+08:00,22.669959639178487,23.49599108557088,22.669959639178487,23.312427520751953,819000,0.0,0.0
2010-11-11 00:00:00+08:00,23.312427539222757,23.771333694458008,23.1288658123755,23.771333694458008,1162350,0.0,0.0
2010-11-12 00:00:00+08:00,23.679553569787167,23.86311530236117,22.945302963256836,22.945302963256836,555450,0.0,0.0
2010-11-15 00:00:00+08:00,23.22064781188965,23.312428679803734,22.8535225021161,23.22064781188965,339150,0.0,0.0
2010-11-16 00:00:00+08:00,23.31242827846639,24.78092765416229,23.220647412132365,24.322021484375,1685250,0.0,0.0
2010-11-17 00:00:00+08:00,24.04667854309082,24.184351689273047,23.725445490939276,24.04667854309082,402150,0.0,0.0
2010-11-18 00:00:00+08:00,24.046678195958698,24.91860014401773,24.046678195958698,24.230241775512695,2334150,0.0,0.0
2010-11-19 00:00:00+08:00,24.505586945191386,25.28572620731721,24.505586945191386,24.780929565429688,5344500,0.0,0.0
2010-11-22 00:00:00+08:00,25.056270929215216,25.377503946486076,24.87270736694336,24.87270736694336,2363550,0.0,0.0
2010-11-23 00:00:00+08:00,24.780926527003718,25.285723106997388,24.27612994701005,24.64325523376465,3060750,0.0,0.0
2010-11-24 00:00:00+08:00,24.230241775512695,24.64325753186262,24.230241775512695,24.230241775512695,506100,0.0,0.0
2010-11-25 00:00:00+08:00,24.597367096503433,24.597367096503433,24.230241775512695,24.230241775512695,580650,0.0,0.0
2010-11-26 00:00:00+08:00,24.505586945191386,25.010381748961603,24.413804233661313,24.780929565429688,1655850,0.0,0.0
2010-11-29 00:00:00+08:00,25.0103816986084,25.239835719795664,24.689148642310453,25.0103816986084,1518300,0.0,0.0
2010-11-30 00:00:00+08:00,25.148054122924805,25.60696031397687,25.01038097892711,25.148054122924805,1665300,0.0,0.0
2010-12-01 00:00:00+08:00,25.331615110281117,25.88230215553281,24.826818498957298,25.056272506713867,2321550,0.0,0.0
2010-12-02 00:00:00+08:00,25.05627209906206,25.423397402629327,24.872708528219842,25.23983383178711,988050,0.0,0.0
2010-12-03 00:00:00+08:00,25.42339621564185,25.515177077719237,24.87270736694336,24.87270736694336,891450,0.0,0.0
2010-12-06 00:00:00+08:00,24.87270926448404,25.423398155194626,24.59736665724597,25.331615447998047,1465800,0.0,0.0
2010-12-07 00:00:00+08:00,25.515178680419922,25.65284998218364,25.2398342387753,25.515178680419922,720300,0.0,0.0
2010-12-08 00:00:00+08:00,25.65285103639698,26.662444300388223,25.561070164782734,26.341209411621094,2567250,0.0,0.0
2010-12-09 00:00:00+08:00,26.341208664420925,26.432991371548916,24.505585769853862,26.249427795410156,1453200,0.0,0.0
2010-12-10 00:00:00+08:00,26.43299177363607,26.983678834194723,26.341209065111922,26.52477264404297,2000250,0.0,0.0
2010-12-13 00:00:00+08:00,26.800114499101284,28.360396604464395,25.790521276876444,26.43299102783203,8775900,0.0,0.0
2010-12-14 00:00:00+08:00,26.15764582345249,26.20353625602289,24.780927331989126,25.423397064208984,1937250,0.0,0.0
2010-12-15 00:00:00+08:00,25.23983383178711,25.65284956853564,24.138459759202473,25.23983383178711,958650,0.0,0.0
2010-12-16 00:00:00+08:00,25.056273226251825,25.515179416826125,24.87270964715176,24.91860008239746,370650,0.0,0.0
2010-12-17 00:00:00+08:00,25.423396983638206,25.423396983638206,24.55147509132962,24.964488983154297,954450,0.0,0.0
2010-12-20 00:00:00+08:00,24.964490561173086,25.102163705267508,24.322022628495716,24.68914794921875,975450,0.0,0.0
2010-12-21 00:00:00+08:00,24.735036095924027,24.735036095924027,24.27612994701005,24.64325523376465,323400,0.0,0.0
2010-12-22 00:00:00+08:00,24.6891460512776,26.019974087769906,24.6891460512776,25.836410522460938,2947,0.0,0.0
2010-12-23 00:00:00+08:00,25.74463123750353,26.341208725575797,25.102163314819336,25.102163314819336,1541400,0.0,0.0
2010-12-24 00:00:00+08:00,25.0562737266778,25.46928949025518,23.358320236206055,23.358320236206055,6403950,0.0,0.0
2010-12-27 00:00:00+08:00,22.945302616674688,23.220647049493856,22.53228872462164,22.669960021972656,1752450,0.0,0.0
2010-12-28 00:00:00+08:00,22.6699592676083,23.35831756957474,22.348724413028187,22.57817840576172,1663200,0.0,0.0
2010-12-29 00:00:00+08:00,23.12886777131454,23.12886777131454,21.935710931399587,22.165164947509766,1024800,0.0,0.0
2010-12-30 00:00:00+08:00,22.348726284658788,22.394616719425247,21.752148794577572,21.889820098876953,714000,0.0,0.0
2010-12-31 00:00:00+08:00,21.889820495801004,22.39461712550268,21.889820495801004,22.165164947509766,362250,0.0,0.0
2011-01-03 00:00:00+08:00,22.486396413813527,22.486396413813527,22.21105381960424,22.440505981445312,315000,0.0,0.0
2011-01-04 00:00:00+08:00,22.532288684298877,22.57817911666709,22.3946155490771,22.440505981445312,270900,0.0,0.0
2011-01-05 00:00:00+08:00,22.53228943924231,22.669960740959624,21.981600556138652,22.073381423950195,379050,0.0,0.0
2011-01-06 00:00:00+08:00,22.119271890466628,22.3946163324244,22.0733814564932,22.30283546447754,256200,0.0,0.0
2011-01-07 00:00:00+08:00,22.39461712550268,22.57818070601428,22.027491802596753,22.165164947509766,295050,0.0,0.0
2011-01-10 00:00:00+08:00,22.165163415839167,22.2110538482666,22.027490280439725,22.2110538482666,166950,0.0,0.0
2011-01-11 00:00:00+08:00,22.21105381960424,22.440505981445312,22.21105381960424,22.440505981445312,203700,0.0,0.0
2011-01-12 00:00:00+08:00,22.624070373084297,22.624070373084297,22.440506798808265,22.532289505004883,232050,0.0,0.0
2011-01-13 00:00:00+08:00,22.62407109633949,22.715851967352993,22.394617080688477,22.394617080688477,262500,0.0,0.0
2011-01-14 00:00:00+08:00,22.48639565770983,22.48639565770983,22.348724365234375,22.348724365234375,79800,0.0,0.0
2011-01-17 00:00:00+08:00,22.348726665027197,22.348726665027197,21.935710906982422,21.935710906982422,339150,0.0,0.0
2011-01-18 00:00:00+08:00,21.935710906982422,22.21105535838469,21.935710906982422,21.935710906982422,133350,0.0,0.0
2011-01-19 00:00:00+08:00,21.935710906982422,22.027491778077426,21.935710906982422,21.935710906982422,127050,0.0,0.0
2011-01-20 00:00:00+08:00,21.935710931399587,22.165164947509766,21.935710931399587,22.165164947509766,116550,0.0,0.0
2011-01-21 00:00:00+08:00,22.165164129878935,22.25694499769048,22.073381423950195,22.073381423950195,118650,0.0,0.0
2011-01-24 00:00:00+08:00,22.119272649172427,22.119272649172427,21.935710906982422,21.935710906982422,85050,0.0,0.0
2011-01-25 00:00:00+08:00,21.93571015873576,22.027491026700037,21.660367554842935,21.843929290771484,173250,0.0,0.0
2011-01-26 00:00:00+08:00,21.84393003588742,22.027491778077426,21.660368293697413,21.935710906982422,325500,0.0,0.0
2011-01-27 00:00:00+08:00,22.211054600745786,22.211054600745786,21.75214842280721,21.843929290771484,131250,0.0,0.0
2011-01-28 00:00:00+08:00,21.93571015873576,22.119271894664312,21.843929290771484,21.843929290771484,121800,0.0,0.0
2011-02-08 00:00:00+08:00,22.302836229479695,22.302836229479695,21.84393003588742,21.935710906982422,109200,0.0,0.0
2011-02-09 00:00:00+08:00,22.119272314224148,22.119272314224148,21.660367965698242,21.660367965698242,84000,0.0,0.0
2011-02-10 00:00:00+08:00,21.201462515130544,21.385024260913827,21.017898931229958,21.06378936767578,204750,0.0,0.0
2011-02-11 00:00:00+08:00,20.92611850335139,20.92611850335139,19.870634766417076,20.19186782836914,276150,0.0,0.0
2011-02-14 00:00:00+08:00,20.191864788241205,20.650772769599,20.008303066191733,20.0541934967041,185850,0.0,0.0
2011-02-15 00:00:00+08:00,20.054195029968234,20.100085463989203,19.73296199182146,20.008304595947266,118650,0.0,0.0
2011-02-16 00:00:00+08:00,19.870632960570575,20.650774002075195,19.870632960570575,20.650774002075195,191100,0.0,0.0
2011-02-17 00:00:00+08:00,21.01789781589781,21.01789781589781,20.46721076965332,20.46721076965332,161700,0.0,0.0
2011-02-18 00:00:00+08:00,20.467210058603598,20.65077362638606,20.467210058603598,20.604883193969727,102900,0.0,0.0
2011-02-21 00:00:00+08:00,20.69666631624277,20.69666631624277,20.19186782836914,20.19186782836914,89250,0.0,0.0
2011-02-22 00:00:00+08:00,20.008304254084376,20.008304254084376,19.54939808359839,19.732961654663086,121800,0.0,0.0
2011-02-23 00:00:00+08:00,19.6411815603523,19.6411815603523,18.906930923461914,18.906930923461914,154350,0.0,0.0
2011-02-24 00:00:00+08:00,18.998712489244443,19.274056947690294,18.906931615801597,19.228164672851562,80850,0.0,0.0
2011-02-25 00:00:00+08:00,19.182274236130137,19.228164672851562,18.1726809520242,19.228164672851562,175350,0.0,0.0
2011-03-01 00:00:00+08:00,18.998711779003745,19.732962415332192,18.815150038980253,19.36583709716797,127050,0.0,0.0
2011-03-02 00:00:00+08:00,19.365837446686967,20.145976693984174,19.319947010852854,19.870634078979492,197400,0.0,0.0
2011-03-03 00:00:00+08:00,20.42131999770206,20.69666443532639,19.732961660816994,20.650774002075195,239400,0.0,0.0
2011-03-04 00:00:00+08:00,20.834336884413116,20.834336884413116,20.23775938112004,20.329540252685547,147000,0.0,0.0
2011-03-07 00:00:00+08:00,20.008306132736127,20.054196570281828,19.73296350746193,19.96241569519043,90300,0.0,0.0
2011-03-08 00:00:00+08:00,19.778850932968155,20.191864807983276,19.778850932968155,19.82474136352539,93450,0.0,0.0
2011-03-09 00:00:00+08:00,19.916524514813606,20.10008625815006,19.870634078979492,19.870634078979492,54600,0.0,0.0
2011-03-10 00:00:00+08:00,19.916522966820636,19.916522966820636,19.457616806030273,19.457616806030273,136500,0.0,0.0
2011-03-11 00:00:00+08:00,19.0904910948576,19.18227195739746,18.95281980104781,19.18227195739746,152250,0.0,0.0
2011-03-14 00:00:00+08:00,19.09049190306579,19.09049190306579,18.356243133544922,18.356243133544922,159600,0.0,0.0
2011-03-15 00:00:00+08:00,18.356243928599525,18.356243928599525,17.071306228637695,17.071306228637695,402150,0.0,0.0
2011-03-16 00:00:00+08:00,17.071305893144515,17.53021207424673,16.520618843445302,16.795963287353516,312900,0.0,0.0
2011-03-17 00:00:00+08:00,16.70418096132972,16.70418096132972,15.648697272175182,15.694587707519531,510300,0.0,0.0
2011-03-18 00:00:00+08:00,15.7863710871377,16.704181671142578,15.7863710871377,16.704181671142578,322350,0.0,0.0
2011-03-21 00:00:00+08:00,16.704180175201603,17.392540349205905,16.704180175201603,16.979524612426758,187950,0.0,0.0
2011-03-22 00:00:00+08:00,17.071306228637695,17.163087099038417,16.887744487836255,17.071306228637695,75600,0.0,0.0
2011-03-23 00:00:00+08:00,16.979525024547517,16.979525024547517,16.704180580639303,16.795963287353516,103950,0.0,0.0
2011-03-24 00:00:00+08:00,16.841854440329065,17.667884131067694,16.841854440329065,17.346651077270508,257250,0.0,0.0
2011-03-25 00:00:00+08:00,17.621992896773865,17.621992896773865,17.07130584851433,17.48432159423828,121800,0.0,0.0
2011-03-28 00:00:00+08:00,17.48432238604073,17.621993694810953,17.346651077270508,17.346651077270508,112350,0.0,0.0
2011-03-29 00:00:00+08:00,17.438431548357826,17.438431548357826,17.071306228637695,17.071306228637695,79800,0.0,0.0
2011-03-30 00:00:00+08:00,17.071306228637695,17.254867969439136,17.025415793437336,17.071306228637695,98700,0.0,0.0
2011-03-31 00:00:00+08:00,17.117196663838055,17.208977534238777,16.841854052635895,17.071306228637695,141750,0.0,0.0
2011-04-01 00:00:00+08:00,16.88774218010007,17.07130389581752,16.337053356713735,16.56650733947754,177450,0.0,0.0
2011-04-06 00:00:00+08:00,16.658288977908214,16.841852540344057,16.428836822509766,16.428836822509766,166950,0.0,0.0
2011-04-07 00:00:00+08:00,16.520618474759,17.163086378717427,16.520618474759,16.750072479248047,175350,0.0,0.0
2011-04-08 00:00:00+08:00,16.750072442709218,16.750072442709218,16.520618438720703,16.520618438720703,203700,0.0,0.0
2011-04-11 00:00:00+08:00,16.52061840166724,16.52061840166724,16.29116439819336,16.29116439819336,69300,0.0,0.0
2011-04-12 00:00:00+08:00,16.291165032735133,16.4288381754287,15.556916236877441,15.556916236877441,292950,0.0,0.0
2011-04-13 00:00:00+08:00,15.648697254878451,16.153493881225586,15.556916384291199,16.153493881225586,394800,0.0,0.0
2011-04-14 00:00:00+08:00,16.65829007236258,17.254867553710938,16.65829007236258,17.254867553710938,324450,0.0,0.0
2011-04-15 00:00:00+08:00,18.44802474975586,18.44802474975586,18.264461171327167,18.44802474975586,1113000,0.0,0.0
2011-04-18 00:00:00+08:00,18.310352254217726,18.310352254217726,17.1630859375,17.1630859375,560700,0.0,0.0
2011-04-19 00:00:00+08:00,16.061713747836926,16.79596442246999,16.061713747836926,16.245275497436523,193200,0.0,0.0
2011-04-20 00:00:00+08:00,16.337054100442046,16.887742948897948,16.245273238405087,16.658288955688477,160650,0.0,0.0
2011-04-21 00:00:00+08:00,16.65828900236344,16.933633427362878,16.612398571216378,16.88774299621582,186900,0.0,0.0
2011-04-22 00:00:00+08:00,16.88774453077603,16.97952540141012,16.658290516073556,16.841854095458984,150150,0.0,0.0
2011-04-25 00:00:00+08:00,16.841853309057758,16.841853309057758,16.520618438720703,16.520618438720703,80850,0.0,0.0
2011-04-26 00:00:00+08:00,16.337055589197437,17.071306228637695,16.337055589197437,17.071306228637695,172200,0.0,0.0
2011-04-27 00:00:00+08:00,17.254866397045777,17.254866397045777,16.658288955688477,16.658288955688477,98700,0.0,0.0
2011-04-28 00:00:00+08:00,16.841854069277414,17.025415810260235,16.566509619685938,16.61240005493164,73500,0.0,0.0
2011-04-29 00:00:00+08:00,16.612398546828526,16.887742971423748,16.428836822509766,16.428836822509766,173250,0.0,0.0
2011-05-03 00:00:00+08:00,16.42883795791909,16.42883795791909,15.465135162409215,15.648696899414062,90300,0.0,0.0
2011-05-04 00:00:00+08:00,15.832260067479924,16.29116439819336,15.648696497077387,16.29116439819336,121800,0.0,0.0
2011-05-05 00:00:00+08:00,16.199382828994235,16.612398546828526,16.153492397914544,16.428836822509766,61950,0.0,0.0
2011-05-06 00:00:00+08:00,16.061711535755165,16.428836822509766,15.694586249000563,16.428836822509766,108150,0.0,0.0
2011-05-09 00:00:00+08:00,16.428837003403938,16.520617866573897,15.87814998626709,15.87814998626709,66150,0.0,0.0
2011-05-10 00:00:00+08:00,15.878150734980265,16.06171246997579,15.878150734980265,15.969931602478027,56700,0.0,0.0
2011-05-11 00:00:00+08:00,15.969931024820228,16.33705448153184,15.878150160642326,16.01582145690918,216300,0.0,0.0
2011-05-12 00:00:00+08:00,16.107603080043393,16.337055251299457,15.602806465162852,15.648696899414062,380100,0.0,0.0
2011-05-13 00:00:00+08:00,15.7863698337186,15.969931568321524,15.419244526395566,15.740477561950684,153300,0.0,0.0
2011-05-16 00:00:00+08:00,15.602806296280978,15.64869673003548,15.419244561262968,15.511025428771973,122850,0.0,0.0
2011-05-17 00:00:00+08:00,15.511026009814378,15.511026009814378,15.419245138867264,15.46513557434082,84000,0.0,0.0
2011-05-18 00:00:00+08:00,15.465135530797784,15.969932157702878,15.465135530797784,15.694587707519531,107100,0.0,0.0
2011-05-19 00:00:00+08:00,15.602806091308594,15.832260095183983,15.511025225005303,15.602806091308594,22050,0.0,0.0
2011-05-20 00:00:00+08:00,15.327462569218339,15.602806087112748,14.960338185045323,15.143899917602539,90300,0.0,0.0
2011-05-23 00:00:00+08:00,14.960338592529297,15.143900330086298,14.684995067135187,14.960338592529297,68250,0.0,0.0
2011-05-24 00:00:00+08:00,14.914447247621599,14.914447247621599,14.501432418823242,14.501432418823242,112350,0.0,0.0
2011-05-25 00:00:00+08:00,14.547322282686455,15.00622844696045,14.317869200549458,15.00622844696045,154350,0.0,0.0
2011-05-26 00:00:00+08:00,15.143900123616595,15.143900123616595,14.82266616821289,14.82266616821289,30450,0.0,0.0
2011-05-27 00:00:00+08:00,14.730885664926458,15.098010063171387,14.730885664926458,15.098010063171387,34650,0.0,0.0
2011-05-30 00:00:00+08:00,15.281572728706225,15.281572728706225,14.776776106480442,14.86855697631836,24150,0.0,0.0
2011-05-31 00:00:00+08:00,14.914446470026549,15.327462196350098,14.868556038003613,15.327462196350098,152250,0.0,0.0
2011-06-01 00:00:00+08:00,15.32746257334014,15.786369662032339,15.143899921674977,15.602806091308594,218400,0.0,0.0
2011-06-02 00:00:00+08:00,15.327462571309999,15.465134789805283,15.327462571309999,15.373353004455566,37800,0.0,0.0
2011-06-03 00:00:00+08:00,15.373353004455566,15.373353004455566,14.960338187086883,15.373353004455566,118650,0.0,0.0
2011-06-07 00:00:00+08:00,15.281572552312657,15.281572552312657,14.776775935913687,14.960338592529297,44100,0.0,0.0
2011-06-08 00:00:00+08:00,15.143900118763781,15.969931602478027,14.868556597211898,15.969931602478027,837900,0.0,0.0
2011-06-09 00:00:00+08:00,16.06171226094221,16.06171226094221,15.602806091308594,15.602806091308594,267750,0.0,0.0
2011-06-10 00:00:00+08:00,15.694586594169396,16.01582145690918,15.419244001635686,16.01582145690918,309750,0.0,0.0
2011-06-13 00:00:00+08:00,15.832260090926434,15.832260090926434,15.143899917602539,15.143899917602539,101850,0.0,0.0
2011-06-14 00:00:00+08:00,15.235681190659989,15.419244766235352,15.235681190659989,15.419244766235352,42000,0.0,0.0
2011-06-15 00:00:00+08:00,15.419245113523244,15.419245113523244,15.235681533813477,15.235681533813477,67200,0.0,0.0
2011-06-16 00:00:00+08:00,15.235681367866254,15.235681367866254,14.960338758476519,15.098010063171387,49350,0.0,0.0
2011-06-17 00:00:00+08:00,15.098010069971771,15.098010069971771,14.684995236642523,14.86855697631836,47250,0.0,0.0
2011-06-20 00:00:00+08:00,14.776775738800033,14.776775738800033,13.904853820800781,13.904853820800781,49350,0.0,0.0
2011-06-21 00:00:00+08:00,14.226087776299066,14.226087776299066,13.12471368941432,13.904853820800781,164850,0.0,0.0
2011-06-22 00:00:00+08:00,13.950744471033914,14.134307128049013,13.354166984558105,13.354166984558105,88200,0.0,0.0
2011-06-23 00:00:00+08:00,13.354167379697659,13.354167379697659,12.482245422370397,12.94115161895752,396900,0.0,0.0
2011-06-24 00:00:00+08:00,12.895260434039713,12.895260434039713,12.619916915893555,12.619916915893555,139650,0.0,0.0
2011-06-27 00:00:00+08:00,12.619917885305414,12.619917885305414,12.115121243417889,12.390464782714844,154350,0.0,0.0
2011-06-28 00:00:00+08:00,12.482244898565336,13.03293286279599,12.482244898565336,12.757589340209961,85050,0.0,0.0
2011-06-29 00:00:00+08:00,12.757589340209961,13.03293286279599,12.757589340209961,12.757589340209961,56700,0.0,0.0
2011-06-30 00:00:00+08:00,12.665807350935975,12.849370002746582,12.665807350935975,12.849370002746582,46200,0.0,0.0
2011-07-01 00:00:00+08:00,13.03293265455719,13.03293265455719,12.665807350935975,12.849370002746582,49350,0.0,0.0
2011-07-04 00:00:00+08:00,12.895260262386083,12.895260262386083,12.711698532104492,12.711698532104492,30450,0.0,0.0
2011-07-05 00:00:00+08:00,12.665807932049365,12.803480156988435,12.528136626168921,12.574027061462402,52500,0.0,0.0
2011-07-06 00:00:00+08:00,12.574026275485643,12.665807140335572,12.436354059152183,12.482244491577148,58800,0.0,0.0
2011-07-07 00:00:00+08:00,12.48224565612761,12.619917885305414,12.390464782714844,12.390464782714844,46200,0.0,0.0
2011-07-08 00:00:00+08:00,12.43635468965126,12.43635468965126,11.74799633026123,11.74799633026123,163800,0.0,0.0
2011-07-11 00:00:00+08:00,11.793886553335142,12.528136253356934,11.793886553335142,12.528136253356934,353850,0.0,0.0
2011-07-12 00:00:00+08:00,13.400056838989258,13.400056838989258,13.30827505492543,13.400056838989258,762300,0.0,0.0
2011-07-13 00:00:00+08:00,13.40005703911982,13.40005703911982,12.849370002746582,12.849370002746582,898800,0.0,0.0
2011-07-14 00:00:00+08:00,12.665806988381757,13.216494008991775,12.665806988381757,13.03293228149414,352800,0.0,0.0
2011-07-15 00:00:00+08:00,13.170603776867042,13.308275074578235,12.436354098564962,12.711698532104492,222600,0.0,0.0
2011-07-18 00:00:00+08:00,12.711698704984924,13.308275255572172,12.711698704984924,13.07882308959961,136500,0.0,0.0
2011-07-19 00:00:00+08:00,13.078823463199692,13.124713897705078,12.895260806119541,13.124713897705078,56700,0.0,0.0
2011-07-20 00:00:00+08:00,13.308275427818627,13.308275427818627,13.124713692664772,13.2164945602417,259350,0.0,0.0
2011-07-21 00:00:00+08:00,12.941151039596152,13.170604127617347,12.895260605803632,12.987041473388672,100800,0.0,0.0
2011-07-22 00:00:00+08:00,12.987041502933888,13.85896342320975,12.987041502933888,13.67540168762207,640500,0.0,0.0
2011-07-25 00:00:00+08:00,13.491838623053088,13.537729055555717,13.262384622422799,13.400056838989258,326550,0.0,0.0
2011-07-26 00:00:00+08:00,13.30827522277832,13.491838793221206,13.30827522277832,13.30827522277832,117600,0.0,0.0
2011-07-27 00:00:00+08:00,13.400057419047227,13.400057419047227,13.216494762032129,13.354166984558105,42000,0.0,0.0
2011-07-28 00:00:00+08:00,13.30827522277832,13.491838793221206,13.124713490452597,13.30827522277832,67200,0.0,0.0
2011-07-29 00:00:00+08:00,13.308275635726618,13.308275635726618,13.032933028694307,13.124713897705078,96600,0.0,0.0
2011-08-01 00:00:00+08:00,13.44594823971192,13.44594823971192,13.078823834196301,13.170604705810547,72450,0.0,0.0
2011-08-02 00:00:00+08:00,13.170604126453235,13.675401655302123,12.987041472240785,13.2164945602417,244650,0.0,0.0
2011-08-03 00:00:00+08:00,12.987041679896505,13.032933033477342,12.619917284660081,12.89526081085205,135450,0.0,0.0
2011-08-04 00:00:00+08:00,12.803478969898313,12.98704069405309,12.43635368347168,12.43635368347168,98700,0.0,0.0
2011-08-05 00:00:00+08:00,11.610323905944824,11.885667428745686,11.610323905944824,11.610323905944824,166950,0.0,0.0
2011-08-08 00:00:00+08:00,11.059636157112074,11.105527511023281,10.830183982849121,10.830183982849121,181650,0.0,0.0
2011-08-09 00:00:00+08:00,10.09593391418457,10.09593391418457,10.09593391418457,10.09593391418457,243600,0.0,0.0
2011-08-10 00:00:00+08:00,10.233605218396459,10.784293174743652,10.095932999545015,10.784293174743652,354900,0.0,0.0
2011-08-11 00:00:00+08:00,10.141825045165998,10.463059019034237,10.050043253304612,10.417167663574219,98700,0.0,0.0
2011-08-12 00:00:00+08:00,10.417166756068927,11.105526918356661,10.417166756068927,10.876073837280273,371700,0.0,0.0
2011-08-15 00:00:00+08:00,10.830184146848707,10.967855453491211,10.830184146848707,10.967855453491211,49350,0.0,0.0
2011-08-16 00:00:00+08:00,11.243198215567354,11.243198215567354,10.876073837280273,10.876073837280273,68250,0.0,0.0
2011-08-17 00:00:00+08:00,10.876074582396209,11.105527679192345,10.830184146848707,10.967855453491211,93450,0.0,0.0
2011-08-18 00:00:00+08:00,10.967855294099452,10.967855294099452,10.600730895996094,10.600730895996094,50400,0.0,0.0
2011-08-19 00:00:00+08:00,9.866481352747488,10.371277064293464,9.866481352747488,10.279496192932129,149100,0.0,0.0
2011-08-22 00:00:00+08:00,9.59113597869873,9.820589973165474,9.59113597869873,9.59113597869873,203700,0.0,0.0
2011-08-23 00:00:00+08:00,9.68291905833039,10.09593391418457,9.224012845995818,10.09593391418457,292950,0.0,0.0
2011-08-24 00:00:00+08:00,10.095932993515952,10.279495645522063,9.774699041799195,9.866480827331543,201600,0.0,0.0
2011-08-25 00:00:00+08:00,10.554839134216309,10.554839134216309,10.554839134216309,10.554839134216309,120750,0.0,0.0
2011-08-26 00:00:00+08:00,11.289089038535778,11.289089038535778,10.692511558532715,10.692511558532715,592200,0.0,0.0
2011-08-29 00:00:00+08:00,10.600730686440425,11.1973081662122,10.600730686440425,11.15141773223877,247800,0.0,0.0
2011-08-30 00:00:00+08:00,11.19730891142215,11.33498022250482,11.059636681280821,11.243199348449707,186900,0.0,0.0
2011-08-31 00:00:00+08:00,11.426761249136707,12.023338728595162,11.19730816033147,11.839776992797852,294000,0.0,0.0
2011-09-01 00:00:00+08:00,12.023339097979349,12.619917514824643,11.931558227260977,12.115120887756348,321300,0.0,0.0
2011-09-02 00:00:00+08:00,11.931557655334473,12.115120307030962,11.885667222174996,11.931557655334473,88200,0.0,0.0
2011-09-05 00:00:00+08:00,11.747995922696568,11.931557655334473,11.564433271000077,11.931557655334473,87150,0.0,0.0
2011-09-06 00:00:00+08:00,11.747995552093561,11.931557278940817,11.656213769611378,11.885666847229004,127050,0.0,0.0
2011-09-07 00:00:00+08:00,12.023338523627878,12.528136045640768,12.023338523627878,12.1610107421875,157500,0.0,0.0
2011-09-08 00:00:00+08:00,12.161010949501744,12.20690138345107,11.747996124899197,11.839776992797852,177450,0.0,0.0
2011-09-09 00:00:00+08:00,11.839776992797852,12.115120515552416,11.610323903992615,11.839776992797852,237300,0.0,0.0
2011-09-13 00:00:00+08:00,11.610324106948056,11.79388676501275,11.564433672196536,11.74799633026123,22050,0.0,0.0
2011-09-14 00:00:00+08:00,11.656213951379652,11.656213951379652,11.1055269241333,11.1055269241333,75600,0.0,0.0
2011-09-15 00:00:00+08:00,11.151418104837488,11.472652072443374,11.105527669330735,11.197308540344238,73500,0.0,0.0
2011-09-16 00:00:00+08:00,11.289088829995835,11.931557651180585,11.289088829995835,11.472651481628418,204750,0.0,0.0
2011-09-19 00:00:00+08:00,11.472650891395386,11.610323102801653,11.013744745452547,11.289088249206543,133350,0.0,0.0
2011-09-20 00:00:00+08:00,11.289088829995835,11.518541914771918,11.151417530565334,11.472651481628418,131250,0.0,0.0
2011-09-21 00:00:00+08:00,11.472651481628418,11.564433266974001,11.243198396852335,11.472651481628418,71400,0.0,0.0
2011-09-22 00:00:00+08:00,11.472652072443374,11.472652072443374,11.105527669330735,11.197308540344238,55650,0.0,0.0
2011-09-23 00:00:00+08:00,10.738401621011013,10.921964269683837,10.646620756203884,10.876073837280273,73500,0.0,0.0
2011-09-26 00:00:00+08:00,11.610323912293605,11.610323912293605,10.325386246442154,10.921964645385742,91350,0.0,0.0
2011-09-27 00:00:00+08:00,10.921964441669978,11.426761044175258,10.921964441669978,11.013745307922363,63000,0.0,0.0
2011-09-28 00:00:00+08:00,11.013745134490966,11.05963556689453,10.554838972338187,10.876073837280273,87150,0.0,0.0
2011-09-29 00:00:00+08:00,10.87607400408513,10.967854870299888,10.554839134216309,10.554839134216309,138600,0.0,0.0
2011-09-30 00:00:00+08:00,10.738401785704408,10.83018357097775,10.554839134216309,10.554839134216309,113400,0.0,0.0
2011-10-03 00:00:00+08:00,10.463058089732769,10.463058089732769,10.187714576721191,10.187714576721191,42000,0.0,0.0
2011-10-04 00:00:00+08:00,10.09593391418457,10.279496582930133,10.09593391418457,10.09593391418457,108150,0.0,0.0
2011-10-05 00:00:00+08:00,10.233605387137073,10.233605387137073,10.004152297973633,10.004152297973633,54600,0.0,0.0
2011-10-06 00:00:00+08:00,10.095933531150825,10.325386628612797,10.095933531150825,10.279496192932129,55650,0.0,0.0
2011-10-07 00:00:00+08:00,10.37127685546875,10.508949078797368,10.37127685546875,10.37127685546875,47250,0.0,0.0
2011-10-11 00:00:00+08:00,10.830184348362494,10.830184348362494,10.417167663574219,10.417167663574219,101850,0.0,0.0
2011-10-12 00:00:00+08:00,10.508949475574969,10.646621704101562,10.463059039085655,10.646621704101562,49350,0.0,0.0
2011-10-13 00:00:00+08:00,10.738401412963867,10.784292763536895,10.508948336332931,10.738401412963867,77700,0.0,0.0
2011-10-14 00:00:00+08:00,10.692512140590877,10.73840257708019,10.554839912064283,10.646621704101562,45150,0.0,0.0
2011-10-17 00:00:00+08:00,10.73840124169855,11.289088249206543,10.646620380133395,11.289088249206543,242550,0.0,0.0
2011-10-18 00:00:00+08:00,11.105527511023281,11.105527511023281,10.830183982849121,10.830183982849121,122850,0.0,0.0
2011-10-19 00:00:00+08:00,10.830183777421468,11.013745513350019,10.830183777421468,10.921964645385742,39900,0.0,0.0
2011-10-20 00:00:00+08:00,10.830183779564974,10.830183779564974,10.692511558532715,10.692511558532715,55650,0.0,0.0
2011-10-21 00:00:00+08:00,10.876074041272226,10.967854907800799,10.784293174743652,10.784293174743652,76650,0.0,0.0
2011-10-24 00:00:00+08:00,10.921964275364994,11.1055269241333,10.921964275364994,11.1055269241333,54600,0.0,0.0
2011-10-25 00:00:00+08:00,11.059636157112074,11.059636157112074,10.830183982849121,10.830183982849121,53550,0.0,0.0
2011-10-26 00:00:00+08:00,10.830183404876708,11.013745134490966,10.830183404876708,10.876073837280273,66150,0.0,0.0
2011-10-27 00:00:00+08:00,10.876074205456327,11.610323905944824,10.738401984526597,11.610323905944824,529200,0.0,0.0
2011-10-28 00:00:00+08:00,11.793886959107892,11.839777394614643,11.151418104837488,11.197308540344238,427350,0.0,0.0
2011-10-31 00:00:00+08:00,11.289088249206543,11.472650891395386,11.19730738764139,11.289088249206543,362250,0.0,0.0
2011-11-01 00:00:00+08:00,11.289088997766495,11.518542085952552,11.289088997766495,11.38086986541748,154350,0.0,0.0
2011-11-02 00:00:00+08:00,11.197308723342454,11.656214924027154,11.197308723342454,11.564434051513672,128100,0.0,0.0
2011-11-03 00:00:00+08:00,11.289088249206543,11.472650891395386,11.19730738764139,11.289088249206543,170100,0.0,0.0
2011-11-04 00:00:00+08:00,11.380870468369418,11.610324487770413,11.334980032112677,11.564434051513672,139650,0.0,0.0
2011-11-07 00:00:00+08:00,11.564434038286787,11.839777574570952,11.564434038286787,11.7938871383667,170100,0.0,0.0
2011-11-08 00:00:00+08:00,11.79388676501275,11.93155806926731,11.610324106948056,11.74799633026123,196350,0.0,0.0
2011-11-09 00:00:00+08:00,11.79388715185602,11.79388715185602,11.564434051513672,11.564434051513672,134400,0.0,0.0
2011-11-10 00:00:00+08:00,11.105527659865174,11.426761627197266,10.876074563468359,11.426761627197266,171150,0.0,0.0
2011-11-11 00:00:00+08:00,11.38086986541748,11.38086986541748,11.105527262464527,11.38086986541748,26250,0.0,0.0
2011-11-14 00:00:00+08:00,11.564433438836641,11.564433438836641,11.15141769629002,11.38086986541748,115500,0.0,0.0
2011-11-15 00:00:00+08:00,11.15141773223877,11.289089034159057,11.105527298265342,11.15141773223877,50400,0.0,0.0
2011-11-16 00:00:00+08:00,11.151418114739847,11.151418114739847,10.967855453491211,10.967855453491211,59850,0.0,0.0
2011-11-17 00:00:00+08:00,10.921964645385742,10.96785507936788,10.876074211403605,10.921964645385742,38850,0.0,0.0
2011-11-18 00:00:00+08:00,10.876073818779417,10.921964251104919,10.187714576721191,10.187714576721191,95550,0.0,0.0
2011-11-21 00:00:00+08:00,10.18771557966086,10.325386890190554,9.499356269836426,9.499356269836426,210000,0.0,0.0
2011-11-22 00:00:00+08:00,9.45346375427336,9.59113596697339,8.83852995407926,9.361682891845703,290850,0.0,0.0
2011-11-23 00:00:00+08:00,9.361683512941024,9.407573947199426,8.820174182951227,8.838530540466309,141750,0.0,0.0
2011-11-24 00:00:00+08:00,8.361268730786657,9.224011999985192,8.361268730786657,9.178121566772461,120750,0.0,0.0
2011-11-25 00:00:00+08:00,9.178122018484773,9.178122018484773,8.957846641540527,8.957846641540527,21000,0.0,0.0
2011-11-28 00:00:00+08:00,9.178121566772461,9.178121566772461,9.040449348075683,9.178121566772461,78750,0.0,0.0
2011-11-29 00:00:00+08:00,9.453464339579886,9.453464339579886,9.178121735249215,9.31579303741455,91350,0.0,0.0
2011-11-30 00:00:00+08:00,9.1781221133391,9.269902985230209,9.040449886443799,9.150588035583496,73500,0.0,0.0
2011-12-01 00:00:00+08:00,9.315793203437769,9.45346450805664,9.269902768564812,9.45346450805664,182700,0.0,0.0
2011-12-02 00:00:00+08:00,9.407574115189378,9.407574115189378,9.012914719214244,9.22401237487793,107100,0.0,0.0
2011-12-05 00:00:00+08:00,9.040449348075683,9.269902433197924,9.040449348075683,9.178121566772461,97650,0.0,0.0
2011-12-06 00:00:00+08:00,9.049628154742571,9.086339950561523,8.939490010109907,9.086339950561523,51450,0.0,0.0
2011-12-07 00:00:00+08:00,9.104697055682843,9.141408850810778,8.948668479919434,8.948668479919434,38850,0.0,0.0
2011-12-08 00:00:00+08:00,8.957846023913701,8.967023742751719,8.728392943319013,8.79263973236084,96600,0.0,0.0
2011-12-09 00:00:00+08:00,8.673325664847235,9.269903182983398,8.462228919747487,9.269903182983398,46200,0.0,0.0
2011-12-12 00:00:00+08:00,8.921133856591426,9.086340158258126,8.921133856591426,8.994559288024902,19950,0.0,0.0
2011-12-13 00:00:00+08:00,8.994559288024902,8.994559288024902,8.700859400408241,8.994559288024902,35700,0.0,0.0
2011-12-14 00:00:00+08:00,8.994558644021403,9.086339507683187,8.94866821219051,9.07716178894043,38850,0.0,0.0
2011-12-15 00:00:00+08:00,8.9945594978627,8.9945594978627,8.829353192341832,8.902778625488281,44100,0.0,0.0
2011-12-16 00:00:00+08:00,8.682502478007804,8.884420563203772,8.682502478007804,8.810996055603027,50400,0.0,0.0
2011-12-19 00:00:00+08:00,8.810995830222119,8.810995830222119,8.443870544433594,8.443870544433594,119700,0.0,0.0
2011-12-20 00:00:00+08:00,8.45304908373502,8.5081181516803,8.45304908373502,8.498939514160156,26250,0.0,0.0
2011-12-21 00:00:00+08:00,8.77428371221951,9.086339950561523,8.77428371221951,9.086339950561523,80850,0.0,0.0
2011-12-22 00:00:00+08:00,8.921133890995238,9.067983835369885,8.866065736266385,8.976202964782715,27300,0.0,0.0
2011-12-23 00:00:00+08:00,9.058805871459043,9.453464339579886,9.058805871459043,9.31579303741455,173250,0.0,0.0
2011-12-26 00:00:00+08:00,9.361683299623387,9.361683299623387,9.178121566772461,9.178121566772461,68250,0.0,0.0
2011-12-27 00:00:00+08:00,9.178121566772461,9.269902433197924,9.159764290617067,9.178121566772461,30450,0.0,0.0
2011-12-28 00:00:00+08:00,9.132230040639318,9.132230040639318,9.022092819213867,9.022092819213867,42000,0.0,0.0
2011-12-29 00:00:00+08:00,9.067983593540182,9.269902606317427,9.067983593540182,9.104697227478027,105000,0.0,0.0
2011-12-30 00:00:00+08:00,9.315792866410655,9.315792866410655,9.15058749065654,9.178121566772461,51450,0.0,0.0
2012-01-02 00:00:00+08:00,9.178121737755411,9.178121737755411,9.049628154742571,9.086339950561523,11550,0.0,0.0
2012-01-03 00:00:00+08:00,9.113874027609937,9.178121738177916,9.104697227478027,9.104697227478027,34650,0.0,0.0
2012-01-04 00:00:00+08:00,9.104697227478027,9.178121738177916,9.104697227478027,9.104697227478027,59850,0.0,0.0
2012-01-05 00:00:00+08:00,9.012914352152269,9.159764289855957,8.994558914115569,9.159764289855957,6300,0.0,0.0
2012-01-06 00:00:00+08:00,9.123052494723973,9.168942927932891,9.086339780533406,9.159764289855957,52500,0.0,0.0
2012-01-09 00:00:00+08:00,9.067983964529152,9.132230758666992,8.994559450825323,9.132230758666992,26250,0.0,0.0
2012-01-10 00:00:00+08:00,9.178122113672854,9.178122113672854,9.086340322719769,9.132230758666992,26250,0.0,0.0
2012-01-11 00:00:00+08:00,9.123051805705243,9.132229524030446,9.031270027160645,9.031270027160645,31500,0.0,0.0
2012-01-12 00:00:00+08:00,9.031270878245191,9.086339950561523,9.031270878245191,9.086339950561523,2100,0.0,0.0
2012-01-13 00:00:00+08:00,9.0863398485579,9.0863398485579,8.911955833435059,8.911955833435059,29400,0.0,0.0
2012-01-16 00:00:00+08:00,8.921133686313928,9.113874061560038,8.921133686313928,9.067983627319336,27300,0.0,0.0
2012-01-17 00:00:00+08:00,9.086339780533406,9.269902432427662,9.086339780533406,9.159764289855957,74550,0.0,0.0
2012-01-18 00:00:00+08:00,9.269902433197924,9.269902433197924,9.132230214501146,9.178121566772461,106050,0.0,0.0
2012-01-30 00:00:00+08:00,9.361683471469663,9.407573905524774,9.31579303741455,9.31579303741455,134400,0.0,0.0
2012-01-31 00:00:00+08:00,9.269902984425622,9.912371844783532,9.269902984425622,9.82059097290039,180600,0.0,0.0
2012-02-01 00:00:00+08:00,9.866480631384112,10.233605009046693,9.82059019905861,10.187714576721191,288750,0.0,0.0
2012-02-02 00:00:00+08:00,10.371277247048376,10.692512140590877,10.233605937580432,10.646621704101562,350700,0.0,0.0
2012-02-03 00:00:00+08:00,10.738401626596687,11.1055269241333,10.738401626596687,11.1055269241333,297150,0.0,0.0
2012-02-06 00:00:00+08:00,11.105528037367037,11.656215119815036,11.105528037367037,11.243199348449707,427350,0.0,0.0
2012-02-07 00:00:00+08:00,11.243198392611907,11.243198392611907,11.013745307922363,11.013745307922363,164850,0.0,0.0
2012-02-08 00:00:00+08:00,11.334979846864492,11.472652072443374,11.105527669330735,11.197308540344238,217350,0.0,0.0
2012-02-09 00:00:00+08:00,11.243198563941004,11.426761218301568,11.243198563941004,11.38086986541748,171150,0.0,0.0
2012-02-10 00:00:00+08:00,11.380869898042407,12.06923008363246,11.197308162214233,11.610323905944824,321300,0.0,0.0
2012-02-13 00:00:00+08:00,11.83977717031268,11.83977717031268,11.380870066763173,11.518542289733887,138600,0.0,0.0
2012-02-14 00:00:00+08:00,11.518541705611355,11.564433056980114,11.334979057312012,11.334979057312012,183750,0.0,0.0
2012-02-15 00:00:00+08:00,11.564432897025068,11.793885974460894,11.33497890053069,11.656213760375977,502950,0.0,0.0
2012-02-16 00:00:00+08:00,11.380870272670998,11.70210515906172,11.380870272670998,11.426761627197266,142800,0.0,0.0
2012-02-17 00:00:00+08:00,11.426760840990966,11.656213921600504,11.334979057312012,11.334979057312012,191100,0.0,0.0
2012-02-20 00:00:00+08:00,11.656214133261,11.747995918606584,11.380869696282835,11.472651481628418,63000,0.0,0.0
2012-02-21 00:00:00+08:00,11.564433056980114,11.564433056980114,11.289088625001817,11.334979057312012,112350,0.0,0.0
2012-02-22 00:00:00+08:00,11.380870066763173,11.564433643429865,11.334979632125807,11.518542289733887,109200,0.0,0.0
2012-02-23 00:00:00+08:00,11.426761218301568,11.47265165212706,11.38086986541748,11.38086986541748,81900,0.0,0.0
2012-02-24 00:00:00+08:00,11.380870272670998,11.472652062664903,11.243198966268087,11.426761627197266,74550,0.0,0.0
2012-02-29 00:00:00+08:00,11.656214733529008,11.70210516903576,11.197308540344238,11.197308540344238,197400,0.0,0.0
2012-03-01 00:00:00+08:00,11.426761636936623,11.426761636936623,11.197308540344238,11.197308540344238,95550,0.0,0.0
2012-03-02 00:00:00+08:00,11.197308540344238,11.334979846864492,11.151418104837488,11.197308540344238,181650,0.0,0.0
2012-03-05 00:00:00+08:00,10.738401412963867,10.784292763536895,10.508948336332931,10.738401412963867,298200,0.0,0.0
2012-03-06 00:00:00+08:00,10.738402387856071,10.738402387856071,10.279496192932129,10.279496192932129,100800,0.0,0.0
2012-03-07 00:00:00+08:00,10.09593368970598,10.417167663574219,10.09593368970598,10.417167663574219,107100,0.0,0.0
2012-03-08 00:00:00+08:00,10.417166544112611,10.55483875758068,10.371276112642771,10.50894832611084,76650,0.0,0.0
2012-03-09 00:00:00+08:00,10.646620756203884,11.013745134490966,10.60073032380032,10.876073837280273,313950,0.0,0.0
2012-03-12 00:00:00+08:00,10.96785507936788,11.15141773435503,10.830183777421468,10.921964645385742,148050,0.0,0.0
2012-03-13 00:00:00+08:00,10.921964645385742,11.013745513350019,10.876074211403605,10.921964645385742,36750,0.0,0.0
2012-03-14 00:00:00+08:00,11.059635741048556,11.2890888257381,10.738401790106627,11.013745307922363,197400,0.0,0.0
2012-03-15 00:00:00+08:00,11.059635947332156,11.059635947332156,10.876074211403605,10.921964645385742,30450,0.0,0.0
2012-03-16 00:00:00+08:00,10.830184146848707,11.105527679192345,10.830184146848707,10.967855453491211,97650,0.0,0.0
2012-03-19 00:00:00+08:00,11.1055269241333,11.151417356560735,10.921964275364994,11.1055269241333,111300,0.0,0.0
2012-03-20 00:00:00+08:00,10.921964852554302,10.921964852554302,10.830183982849121,10.830183982849121,110250,0.0,0.0
2012-03-21 00:00:00+08:00,10.830183982849121,10.921964852554302,10.738402194085323,10.830183982849121,66150,0.0,0.0
2012-03-22 00:00:00+08:00,10.83018436911747,10.83018436911747,10.646621704101562,10.646621704101562,171150,0.0,0.0
2012-03-23 00:00:00+08:00,10.692510971048746,10.692510971048746,10.463057894641,10.50894832611084,103950,0.0,0.0
2012-03-26 00:00:00+08:00,10.463058471679688,10.646621126741092,10.463058471679688,10.463058471679688,136500,0.0,0.0
2012-03-27 00:00:00+08:00,10.508948905680388,10.55483933968109,10.325386250618983,10.463058471679688,143850,0.0,0.0
2012-03-28 00:00:00+08:00,10.279495985955414,10.692511736882654,10.279495985955414,10.37127685546875,64050,0.0,0.0
2012-03-29 00:00:00+08:00,10.32538668731631,10.371277123257881,9.68291874601704,9.82059097290039,214200,0.0,0.0
2012-03-30 00:00:00+08:00,9.637027911412545,9.728808779498912,9.545246124267578,9.545246124267578,139650,0.0,0.0
2012-04-02 00:00:00+08:00,9.361684040248077,9.637028499424776,9.361684040248077,9.499356269836426,198450,0.0,0.0
2012-04-03 00:00:00+08:00,9.453464729356192,9.453464729356192,9.086340322719769,9.132230758666992,200550,0.0,0.0
2012-04-05 00:00:00+08:00,9.040450005517313,9.040450005517313,8.810996903708732,8.866065979003906,87150,0.0,0.0
2012-04-06 00:00:00+08:00,8.884420937793575,9.086339950561523,8.884420937793575,9.086339950561523,44100,0.0,0.0
2012-04-09 00:00:00+08:00,8.976202658526464,8.976202658526464,8.5907209932835,8.893599510192871,110250,0.0,0.0
2012-04-10 00:00:00+08:00,8.967024086738771,9.224012171823054,8.967024086738771,9.086339950561523,99750,0.0,0.0
2012-04-11 00:00:00+08:00,9.086339574625036,9.086339574625036,8.967023715738835,9.040449142456055,77700,0.0,0.0
2012-04-12 00:00:00+08:00,9.040449550586636,9.07716226560264,9.012914554795332,9.067983627319336,82950,0.0,0.0
2012-04-13 00:00:00+08:00,9.269902985230209,9.269902985230209,9.150588035583496,9.150588035583496,117600,0.0,0.0
2012-04-16 00:00:00+08:00,9.132230006794016,9.150587282531884,9.040449142456055,9.040449142456055,53550,0.0,0.0
2012-04-17 00:00:00+08:00,9.132229676161266,9.132229676161266,8.728392601013184,8.728392601013184,138600,0.0,0.0
2012-04-18 00:00:00+08:00,8.774283648109176,8.774283648109176,8.636611427853564,8.664146423339844,114450,0.0,0.0
2012-04-19 00:00:00+08:00,8.627433468305327,8.627433468305327,8.443870819432814,8.544830322265625,71400,0.0,0.0
2012-04-20 00:00:00+08:00,8.462227819687413,8.535652325409995,8.443870544433594,8.443870544433594,49350,0.0,0.0
2012-04-23 00:00:00+08:00,8.4071594316897,8.508118939407485,8.269487208609332,8.342911720275879,73500,0.0,0.0
2012-04-24 00:00:00+08:00,8.342911893971063,8.370446890595568,8.278666019336903,8.28784465789795,54600,0.0,0.0
2012-04-25 00:00:00+08:00,8.361268387196281,8.425515174865723,8.352089749495763,8.425515174865723,28350,0.0,0.0
2012-04-26 00:00:00+08:00,8.425515754920852,8.489761627954758,8.37962532043457,8.37962532043457,30450,0.0,0.0
2012-04-27 00:00:00+08:00,8.370446442790314,8.370446442790314,8.223596505197502,8.260309219360352,32550,0.0,0.0
2012-04-30 00:00:00+08:00,8.168527811200045,8.168527811200045,7.801403409792413,8.076746940612793,96600,0.0,0.0
2012-05-02 00:00:00+08:00,8.076747143347351,8.636611938476562,8.076747143347351,8.636611938476562,164850,0.0,0.0
2012-05-03 00:00:00+08:00,8.691680777811797,8.691680777811797,8.535653114318848,8.535653114318848,89250,0.0,0.0
2012-05-04 00:00:00+08:00,8.535652543747753,8.87524284440064,8.535652543747753,8.810996055603027,79800,0.0,0.0
2012-05-07 00:00:00+08:00,8.664146935058147,8.664146935058147,8.370447038954481,8.654969215393066,38850,0.0,0.0
2012-05-08 00:00:00+08:00,8.654968468476143,8.774283409118652,8.489761257234104,8.774283409118652,39900,0.0,0.0
2012-05-09 00:00:00+08:00,8.719215356512194,8.719215356512194,8.508118629455566,8.508118629455566,7350,0.0,0.0
2012-05-10 00:00:00+08:00,8.517296246605246,8.710037533403598,8.517296246605246,8.544830322265625,21000,0.0,0.0
2012-05-11 00:00:00+08:00,8.58154296875,8.710037465297018,8.324555813773086,8.58154296875,15750,0.0,0.0
2012-05-14 00:00:00+08:00,8.443871193468476,8.443871193468476,8.370446682102148,8.37962532043457,25200,0.0,0.0
2012-05-15 00:00:00+08:00,8.260309455523352,8.37962532043457,8.260309455523352,8.37962532043457,161700,0.0,0.0
2012-05-16 00:00:00+08:00,8.214418786186082,8.260309219360352,8.214418786186082,8.260309219360352,42000,0.0,0.0
2012-05-17 00:00:00+08:00,8.260309219360352,8.39798051888316,8.168527433953228,8.260309219360352,35700,0.0,0.0
2012-05-18 00:00:00+08:00,8.260309038269503,8.260309038269503,7.893184661865234,7.893184661865234,36750,0.0,0.0
2012-05-21 00:00:00+08:00,8.122636998833885,8.122636998833885,7.865649837872648,8.030856132507324,29400,0.0,0.0
2012-05-22 00:00:00+08:00,8.030855394780552,8.15017032623291,8.030855394780552,8.15017032623291,28350,0.0,0.0
2012-05-23 00:00:00+08:00,7.874828024606446,8.02167797088623,7.874828024606446,8.02167797088623,19950,0.0,0.0
2012-05-24 00:00:00+08:00,7.82893793643631,7.893185652404722,7.82893793643631,7.856472015380859,27300,0.0,0.0
2012-05-25 00:00:00+08:00,7.893185208162741,7.893185208162741,7.755512983071067,7.847293853759766,43050,0.0,0.0
2012-05-28 00:00:00+08:00,7.755512974498787,8.076746940612793,7.663731184852909,8.076746940612793,9450,0.0,0.0
2012-05-29 00:00:00+08:00,8.058389821508328,8.443870544433594,8.058389821508328,8.443870544433594,69300,0.0,0.0
2012-05-30 00:00:00+08:00,8.260309774207295,8.673325538635254,8.223597057578445,8.673325538635254,70350,0.0,0.0
2012-05-31 00:00:00+08:00,8.26030915565762,8.526474952697754,8.26030915565762,8.526474952697754,11550,0.0,0.0
2012-06-01 00:00:00+08:00,8.260309565451035,8.370446793495532,8.07674690600446,8.09510326385498,140700,0.0,0.0
2012-06-04 00:00:00+08:00,7.984965766860285,7.984965766860285,7.5352373123168945,7.5352373123168945,149100,0.0,0.0
2012-06-05 00:00:00+08:00,7.434277955377857,7.755512834762588,7.434277955377857,7.700444221496582,223650,0.0,0.0
2012-06-06 00:00:00+08:00,7.571949718179807,7.69126558303833,7.571949718179807,7.69126558303833,10500,0.0,0.0
2012-06-07 00:00:00+08:00,7.7187999485336505,7.801403096367003,7.55359411239624,7.55359411239624,66150,0.0,0.0
2012-06-08 00:00:00+08:00,7.443456053620619,7.526059202390312,7.443456053620619,7.516881942749023,10500,0.0,0.0
2012-06-11 00:00:00+08:00,7.5168822141396525,7.55359447073537,7.158935070037842,7.158935070037842,26250,0.0,0.0
2012-06-12 00:00:00+08:00,7.021263118139651,7.241537570953369,7.021263118139651,7.241537570953369,31500,0.0,0.0
2012-06-13 00:00:00+08:00,7.296606063842773,7.296606063842773,7.287427885205324,7.296606063842773,6300,0.0,0.0
2012-06-14 00:00:00+08:00,7.296606288750331,7.296606288750331,7.168113162453308,7.195647239685059,31500,0.0,0.0
2012-06-15 00:00:00+08:00,7.076331815788341,7.24153765737011,7.076331815788341,7.204825401306152,42000,0.0,0.0
2012-06-18 00:00:00+08:00,7.204825580936839,7.415922781802575,7.204825580936839,7.3424973487854,42000,0.0,0.0
2012-06-19 00:00:00+08:00,7.296606453149666,7.388387784891814,7.204825580936839,7.3424973487854,29400,0.0,0.0
2012-06-20 00:00:00+08:00,7.856472015380859,7.856472015380859,7.856472015380859,7.856472015380859,72450,0.0,0.0
2012-06-21 00:00:00+08:00,8.397980690002441,8.397980690002441,8.397980690002441,8.397980690002441,51450,0.0,0.0
2012-06-22 00:00:00+08:00,8.535653551712741,8.985381126403809,8.397981319998275,8.985381126403809,812700,0.0,0.0
2012-06-25 00:00:00+08:00,8.985380276785255,9.178121566772461,8.719215396527979,9.178121566772461,644700,0.0,0.0
2012-06-26 00:00:00+08:00,9.1781215631287,9.1781215631287,8.682502678887362,8.719215393066406,411600,0.0,0.0
2012-06-27 00:00:00+08:00,8.746749266805416,8.948668271059946,8.746749266805416,8.810996055603027,195300,0.0,0.0
2012-06-28 00:00:00+08:00,8.99455861108917,9.095518112182617,8.948668179426297,9.095518112182617,202650,0.0,0.0
2012-06-29 00:00:00+08:00,9.095518588810213,9.31579303995834,9.086339950561523,9.086339950561523,131250,0.0,0.0
2012-07-02 00:00:00+08:00,8.902778047697732,9.178121566009825,8.902778047697732,9.159764289855957,54600,0.0,0.0
2012-07-03 00:00:00+08:00,9.269902914900804,9.269902914900804,9.02209345980454,9.168943405151367,86100,0.0,0.0
2012-07-04 00:00:00+08:00,9.09551841861034,9.168942927932891,9.067983423438122,9.159764289855957,69300,0.0,0.0
2012-07-05 00:00:00+08:00,9.178122043706024,9.269902914900804,9.095518892007268,9.168943405151367,73500,0.0,0.0
2012-07-06 00:00:00+08:00,9.178121737755411,9.178121737755411,9.049628154742571,9.086339950561523,43050,0.0,0.0
2012-07-09 00:00:00+08:00,9.086340193299044,9.086340193299044,8.94866888741829,8.976202964782715,74550,0.0,0.0
2012-07-10 00:00:00+08:00,8.976202624220242,8.976202624220242,8.838530404504226,8.911955833435059,68250,0.0,0.0
2012-07-11 00:00:00+08:00,8.902778114348001,8.99455898145295,8.829352685417168,8.911955833435059,55650,0.0,0.0
2012-07-12 00:00:00+08:00,8.728393180166568,8.911955833435059,8.728393180166568,8.911955833435059,179550,0.0,0.0
2012-07-13 00:00:00+08:00,8.94866820345191,8.94866820345191,8.810995989035117,8.847708702087402,75600,0.0,0.0
2012-07-16 00:00:00+08:00,9.077162058665621,9.077162058665621,8.232775146899122,8.719215393066406,679350,0.0,0.0
2012-07-17 00:00:00+08:00,8.260309223004112,8.719215393066406,8.260309223004112,8.719215393066406,149100,0.0,0.0
2012-07-18 00:00:00+08:00,8.719215393066406,8.719215393066406,8.54483046024524,8.719215393066406,29400,0.0,0.0
2012-07-19 00:00:00+08:00,8.810996628499835,9.031271084683018,8.810996628499835,8.994559288024902,101850,0.0,0.0
2012-07-20 00:00:00+08:00,8.994559288024902,8.994559288024902,8.994559288024902,8.994559288024902,36750,0.0,0.0
2012-07-23 00:00:00+08:00,8.948668852908291,8.994559288024902,8.948668852908291,8.994559288024902,51450,0.0,0.0
2012-07-24 00:00:00+08:00,8.93031191439512,8.939489633198251,8.810996055603027,8.810996055603027,57750,0.0,0.0
2012-07-25 00:00:00+08:00,8.627434170247742,8.9945594978627,8.627434170247742,8.902778625488281,107100,0.0,0.0
2012-07-26 00:00:00+08:00,8.902778625488281,9.012914937090667,8.81099683405522,8.902778625488281,88200,0.0,0.0
2012-07-27 00:00:00+08:00,8.829353318561015,9.499356269836426,8.829353318561015,9.499356269836426,365400,0.0,0.0
2012-07-30 00:00:00+08:00,9.728809373111238,9.728809373111238,9.407574477091307,9.499356269836426,179550,0.0,0.0
2012-07-31 00:00:00+08:00,9.499355861988215,9.499355861988215,9.45346450805664,9.45346450805664,58800,0.0,0.0
2012-08-01 00:00:00+08:00,9.637028310075467,9.866481408841961,9.545246519133686,9.82059097290039,185850,0.0,0.0
2012-08-02 00:00:00+08:00,9.82059097290039,9.82059097290039,9.82059097290039,9.82059097290039,0,0.0,0.0
2012-08-03 00:00:00+08:00,9.82059055755267,10.463058471679688,9.82059055755267,10.463058471679688,347550,0.0,0.0
2012-08-06 00:00:00+08:00,10.60073088952755,11.105527511023281,10.279496007442184,10.830183982849121,795900,0.0,0.0
2012-08-07 00:00:00+08:00,10.554839542056884,10.784293554577083,10.554839542056884,10.600730895996094,105000,0.0,0.0
2012-08-08 00:00:00+08:00,10.600730108109067,10.646620539578906,10.371276112642771,10.50894832611084,90300,0.0,0.0
2012-08-09 00:00:00+08:00,10.50894910717629,11.013745728980046,10.325386448595303,10.600730895996094,242550,0.0,0.0
2012-08-10 00:00:00+08:00,10.738402387856071,10.738402387856071,10.279496192932129,10.279496192932129,84000,0.0,0.0
2012-08-13 00:00:00+08:00,10.279495818837267,10.463058473938297,10.141824516805446,10.23360538482666,46200,0.0,0.0
2012-08-14 00:00:00+08:00,10.279496354370108,10.417167663574219,10.279496354370108,10.417167663574219,63000,0.0,0.0
2012-08-15 00:00:00+08:00,9.912371944100501,10.417167663574219,9.912371944100501,10.417167663574219,95550,0.0,0.0
2012-08-16 00:00:00+08:00,10.463057904818454,10.876073626565848,10.463057904818454,10.738401412963867,222600,0.0,0.0
2012-08-17 00:00:00+08:00,10.921964645385742,10.921964645385742,10.738401990398593,10.921964645385742,79800,0.0,0.0
2012-08-20 00:00:00+08:00,10.921964437192509,10.921964437192509,10.32538604962083,10.554839134216309,81900,0.0,0.0
2012-08-21 00:00:00+08:00,10.417166951453606,10.784293174743652,10.325386084925032,10.784293174743652,22050,0.0,0.0
2012-08-22 00:00:00+08:00,10.4630582657139,10.4630582657139,10.325386047363281,10.325386047363281,15750,0.0,0.0
2012-08-23 00:00:00+08:00,10.325386790771478,10.417167663574219,10.09593368970598,10.417167663574219,48300,0.0,0.0
2012-08-24 00:00:00+08:00,10.55483875758068,10.55483875758068,10.325385681172932,10.50894832611084,33600,0.0,0.0
2012-08-27 00:00:00+08:00,10.646621126741092,10.646621126741092,10.463058471679688,10.463058471679688,8400,0.0,0.0
2012-08-28 00:00:00+08:00,10.050043095470159,10.371277064293464,10.050043095470159,10.279496192932129,15750,0.0,0.0
2012-08-29 00:00:00+08:00,10.279496192932129,10.279496192932129,10.050043095470159,10.279496192932129,25200,0.0,0.0
2012-08-30 00:00:00+08:00,10.004152297973633,10.09593316601557,10.004152297973633,10.004152297973633,18900,0.0,0.0
2012-08-31 00:00:00+08:00,9.912371429931698,10.09593316601557,9.912371429931698,10.004152297973633,7350,0.0,0.0
2012-09-03 00:00:00+08:00,10.095933161556877,10.463058471679688,10.095933161556877,10.463058471679688,42000,0.0,0.0
2012-09-04 00:00:00+08:00,10.371277227172849,10.463059019034237,10.371277227172849,10.417167663574219,25200,0.0,0.0
2012-09-05 00:00:00+08:00,10.371276480460628,10.371276480460628,10.187714748071244,10.325386047363281,30450,0.0,0.0
2012-09-06 00:00:00+08:00,10.187714576721191,10.187714576721191,10.004151928360617,10.187714576721191,50400,0.0,0.0
2012-09-07 00:00:00+08:00,10.4630582657139,10.4630582657139,10.09593296281797,10.325386047363281,26250,0.0,0.0
2012-09-10 00:00:00+08:00,10.233604629866017,10.233604629866017,10.095932418932044,10.141823768615723,53550,0.0,0.0
2012-09-11 00:00:00+08:00,10.09593391418457,10.233606145508409,9.866481727075952,10.09593391418457,92400,0.0,0.0
2012-09-12 00:00:00+08:00,10.09593296281797,10.325386047363281,10.050042529720624,10.325386047363281,27300,0.0,0.0
2012-09-13 00:00:00+08:00,10.279496354370108,10.463059019034237,10.141825045165998,10.417167663574219,102900,0.0,0.0
2012-09-14 00:00:00+08:00,10.463058471679688,10.508948905680388,10.371276684619685,10.463058471679688,74550,0.0,0.0
2012-09-17 00:00:00+08:00,10.55483933968109,10.646621126741092,10.325386250618983,10.463058471679688,54600,0.0,0.0
2012-09-18 00:00:00+08:00,10.876074424338267,10.876074424338267,10.371276883475895,10.600730895996094,84000,0.0,0.0
2012-09-19 00:00:00+08:00,10.463058471679688,10.463058471679688,10.095933161556877,10.463058471679688,117600,0.0,0.0
2012-09-20 00:00:00+08:00,10.4630586440407,10.4630586440407,10.141824681685412,10.37127685546875,101850,0.0,0.0
2012-09-21 00:00:00+08:00,10.187715708086685,10.187715708086685,10.09593391418457,10.09593391418457,72450,0.0,0.0
2012-09-24 00:00:00+08:00,10.187714950816053,10.23360538482666,10.095933163736238,10.23360538482666,15750,0.0,0.0
2012-09-25 00:00:00+08:00,10.187714576721191,10.187714576721191,10.09593279301162,10.187714576721191,8400,0.0,0.0
2012-09-26 00:00:00+08:00,10.050042731994601,10.050042731994601,10.004152297973633,10.004152297973633,16800,0.0,0.0
2012-09-27 00:00:00+08:00,9.91237179889177,10.050043106079102,9.866481363162661,10.050043106079102,64050,0.0,0.0
2012-09-28 00:00:00+08:00,10.187714953116105,10.187714953116105,9.958261863952664,10.004152297973633,10500,0.0,0.0
2012-10-01 00:00:00+08:00,9.912371260568424,9.958261693805307,9.866480827331543,9.866480827331543,17850,0.0,0.0
2012-10-02 00:00:00+08:00,9.866481408841961,10.004152716666674,9.77469961790018,9.82059097290039,25200,0.0,0.0
2012-10-03 00:00:00+08:00,10.004152297973633,10.004152297973633,10.004152297973633,10.004152297973633,1050,0.0,0.0
2012-10-04 00:00:00+08:00,9.820590564211022,9.820590564211022,9.774699211120605,9.774699211120605,4200,0.0,0.0
2012-10-05 00:00:00+08:00,9.82059018660835,9.82059018660835,9.728808403015137,9.728808403015137,13650,0.0,0.0
2012-10-08 00:00:00+08:00,9.728809495752113,10.09593391418457,9.68291905833039,10.09593391418457,24150,0.0,0.0
2012-10-09 00:00:00+08:00,9.82059018660835,9.82059018660835,9.682917970747814,9.728808403015137,50400,0.0,0.0
2012-10-11 00:00:00+08:00,9.545246121902931,9.774699211120605,9.36168346671707,9.774699211120605,10500,0.0,0.0
2012-10-12 00:00:00+08:00,9.499356039212513,10.095933541808211,9.499356039212513,10.050043106079102,10500,0.0,0.0
2012-10-15 00:00:00+08:00,10.050043106079102,10.050043106079102,10.050043106079102,10.050043106079102,0,0.0,0.0
2012-10-16 00:00:00+08:00,9.912371844783532,9.912371844783532,9.407574292250334,9.82059097290039,26250,0.0,0.0
2012-10-17 00:00:00+08:00,9.545246706679658,9.637028499424776,9.499356269836426,9.499356269836426,57750,0.0,0.0
2012-10-18 00:00:00+08:00,9.26990240079422,9.45346413300349,9.26990240079422,9.407573699951172,25200,0.0,0.0
2012-10-19 00:00:00+08:00,9.407573699951172,9.407573699951172,9.178121534689584,9.407573699951172,9450,0.0,0.0
2012-10-22 00:00:00+08:00,9.361684040248077,9.499356269836426,9.361684040248077,9.499356269836426,2100,0.0,0.0
2012-10-23 00:00:00+08:00,9.545246124267578,9.545246124267578,9.545246124267578,9.545246124267578,1050,0.0,0.0
2012-10-24 00:00:00+08:00,9.22401237487793,9.22401237487793,9.22401237487793,9.22401237487793,5250,0.0,0.0
2012-10-25 00:00:00+08:00,9.499356269836426,9.499356269836426,9.499356269836426,9.499356269836426,1050,0.0,0.0
2012-10-26 00:00:00+08:00,9.040449550586636,9.224012206608048,9.040449550586636,9.067983627319336,27300,0.0,0.0
2012-10-29 00:00:00+08:00,8.994558914115569,9.159764289855957,8.581543177118137,9.159764289855957,30450,0.0,0.0
2012-10-30 00:00:00+08:00,9.086339950561523,9.178121737755411,9.086339950561523,9.086339950561523,92400,0.0,0.0
2012-10-31 00:00:00+08:00,8.810996261249283,8.99455891312329,8.810996261249283,8.948668479919434,13650,0.0,0.0
2012-11-01 00:00:00+08:00,8.856887817382812,8.856887817382812,8.856887817382812,8.856887817382812,2100,0.0,0.0
2012-11-02 00:00:00+08:00,8.856888239155827,8.856888239155827,8.636611938476562,8.636611938476562,13650,0.0,0.0
2012-11-05 00:00:00+08:00,8.719215393066406,8.719215393066406,8.719215393066406,8.719215393066406,1050,0.0,0.0
2012-11-06 00:00:00+08:00,8.636611527193304,8.856887817382812,8.636611527193304,8.856887817382812,13650,0.0,0.0
2012-11-07 00:00:00+08:00,9.040449875263567,9.040449875263567,8.691680908203125,8.691680908203125,2100,0.0,0.0
2012-11-08 00:00:00+08:00,8.581542975880538,8.948668271059946,8.581542975880538,8.810996055603027,4200,0.0,0.0
2012-11-09 00:00:00+08:00,8.609078744064087,8.719215974891995,8.535653310806385,8.673325538635254,166950,0.0,0.0
2012-11-12 00:00:00+08:00,8.563186988042961,8.563186988042961,8.177706238654148,8.397980690002441,68250,0.0,0.0
2012-11-13 00:00:00+08:00,8.104281336952392,8.397981237261636,8.104281336952392,8.370447158813477,19950,0.0,0.0
2012-11-14 00:00:00+08:00,8.370447158813477,8.370447158813477,8.370447158813477,8.370447158813477,1050,0.0,0.0
2012-11-15 00:00:00+08:00,8.35209042792904,8.35209042792904,8.104280975763892,8.324556350708008,5250,0.0,0.0
2012-11-16 00:00:00+08:00,8.07674689854286,8.324556350708008,8.07674689854286,8.324556350708008,10500,0.0,0.0
2012-11-19 00:00:00+08:00,8.32455665159053,8.407159805297852,8.32455665159053,8.407159805297852,4200,0.0,0.0
2012-11-20 00:00:00+08:00,8.260309219360352,8.260309219360352,8.260309219360352,8.260309219360352,5250,0.0,0.0
2012-11-21 00:00:00+08:00,8.095102923923454,8.251130580512987,8.085925204912897,8.241951942443848,17850,0.0,0.0
2012-11-22 00:00:00+08:00,8.241951943220343,8.260309219360352,8.03085613443042,8.260309219360352,26250,0.0,0.0
2012-11-23 00:00:00+08:00,8.07674637759168,8.654968395348297,8.07674637759168,8.58154296875,94500,0.0,0.0
2012-11-26 00:00:00+08:00,8.535652536655347,8.58154296875,8.43469303461197,8.58154296875,33600,0.0,0.0
2012-11-27 00:00:00+08:00,8.58154296875,8.58154296875,8.58154296875,8.58154296875,0,0.0,0.0
2012-11-28 00:00:00+08:00,8.379624949244787,8.554008960191464,8.379624949244787,8.544830322265625,13650,0.0,0.0
2012-11-29 00:00:00+08:00,8.407159124578614,8.49893999057372,8.388801848509297,8.489761352539062,14700,0.0,0.0
2012-11-30 00:00:00+08:00,8.489761760059864,8.535653114318848,8.443871324859503,8.535653114318848,23100,0.0,0.0
2012-12-03 00:00:00+08:00,8.462228331975927,8.462228331975927,8.278665677969101,8.434693336486816,23100,0.0,0.0
2012-12-04 00:00:00+08:00,8.278665915653415,8.35209042792904,7.920718316486899,8.324556350708008,42000,0.0,0.0
2012-12-05 00:00:00+08:00,8.31537764328325,8.434693508682326,8.31537764328325,8.342911720275879,48300,0.0,0.0
2012-12-06 00:00:00+08:00,8.342911549954108,8.434693336486816,8.333734749888729,8.434693336486816,15750,0.0,0.0
2012-12-07 00:00:00+08:00,8.278665299030106,8.434692950405973,8.15934944152832,8.15934944152832,50400,0.0,0.0
2012-12-10 00:00:00+08:00,8.168527700891547,8.342911720275879,8.168527700891547,8.342911720275879,16800,0.0,0.0
2012-12-11 00:00:00+08:00,8.342911720275879,8.342911720275879,8.342911720275879,8.342911720275879,0,0.0,0.0
2012-12-12 00:00:00+08:00,8.168527400564184,8.278665542602539,8.122636967577494,8.278665542602539,24150,0.0,0.0
2012-12-13 00:00:00+08:00,8.287844485524287,8.361268997192383,8.168527701064077,8.361268997192383,14700,0.0,0.0
2012-12-14 00:00:00+08:00,8.361268997015781,8.361268997015781,8.196061777884175,8.342911720275879,19950,0.0,0.0
2012-12-17 00:00:00+08:00,8.333734647686049,8.333734647686049,8.260309219360352,8.260309219360352,30450,0.0,0.0
2012-12-18 00:00:00+08:00,8.260309219360352,8.260309219360352,8.223596505197502,8.260309219360352,9450,0.0,0.0
2012-12-19 00:00:00+08:00,8.260309219360352,8.260309219360352,8.260309219360352,8.260309219360352,3150,0.0,0.0
2012-12-20 00:00:00+08:00,8.08592483501565,8.26030884070754,8.08592483501565,8.196061134338379,7350,0.0,0.0
2012-12-21 00:00:00+08:00,8.214418409636888,8.214418409636888,8.196061134338379,8.196061134338379,15750,0.0,0.0
2012-12-24 00:00:00+08:00,8.150171076103955,8.241951942443848,8.058390209764063,8.241951942443848,5250,0.0,0.0
2012-12-25 00:00:00+08:00,8.104280914268639,8.232775418128552,8.104280914268639,8.131815910339355,11550,0.0,0.0
2012-12-26 00:00:00+08:00,8.131815434121528,8.14099407196045,8.131815434121528,8.14099407196045,18900,0.0,0.0
2012-12-27 00:00:00+08:00,8.260309219360352,8.260309219360352,8.260309219360352,8.260309219360352,2100,0.0,0.0
2012-12-28 00:00:00+08:00,8.333734647686049,8.333734647686049,8.260309219360352,8.260309219360352,10500,0.0,0.0
2013-01-02 00:00:00+08:00,8.186885410414195,8.370447158813477,8.186885410414195,8.370447158813477,5250,0.0,0.0
2013-01-03 00:00:00+08:00,8.269487576729523,8.48058523993216,8.269487576729523,8.388802528381348,38850,0.0,0.0
2013-01-04 00:00:00+08:00,8.434692825865223,8.480584175882694,8.306199251556801,8.443870544433594,133350,0.0,0.0
2013-01-07 00:00:00+08:00,8.498939581661302,8.498939581661302,8.306199220909814,8.480584144592285,9450,0.0,0.0
2013-01-08 00:00:00+08:00,8.480584144592285,8.480584144592285,8.480584144592285,8.480584144592285,0,0.0,0.0
2013-01-09 00:00:00+08:00,8.397980082489036,8.480584144592285,8.306199220909814,8.480584144592285,12600,0.0,0.0
2013-01-10 00:00:00+08:00,8.379625251605585,8.443871124111785,8.352090255893097,8.397980690002441,50400,0.0,0.0
2013-01-11 00:00:00+08:00,8.397980690002441,8.526475192190647,8.397980690002441,8.397980690002441,32550,0.0,0.0
2013-01-14 00:00:00+08:00,8.425516234768459,8.425516234768459,8.361269439016978,8.370447158813477,5250,0.0,0.0
2013-01-15 00:00:00+08:00,8.425515174865723,8.425515174865723,8.342911111795244,8.425515174865723,35700,0.0,0.0
2013-01-16 00:00:00+08:00,8.37962535487406,8.37962535487406,8.361268997192383,8.361268997192383,21000,0.0,0.0
2013-01-17 00:00:00+08:00,8.44387081382038,8.489761246243365,8.315377235412598,8.315377235412598,66150,0.0,0.0
2013-01-18 00:00:00+08:00,8.278665196947507,8.278665196947507,8.196061134338379,8.196061134338379,28350,0.0,0.0
2013-01-21 00:00:00+08:00,8.140994610489635,8.324556350708008,8.140994610489635,8.324556350708008,24150,0.0,0.0
2013-01-22 00:00:00+08:00,8.168527768652046,8.324556350708008,8.168527768652046,8.324556350708008,10500,0.0,0.0
2013-01-23 00:00:00+08:00,8.168527768652046,8.324556350708008,8.168527768652046,8.324556350708008,15750,0.0,0.0
2013-01-24 00:00:00+08:00,8.21441878541218,8.241951942443848,8.21441878541218,8.241951942443848,18900,0.0,0.0
2013-01-25 00:00:00+08:00,8.260309390857442,8.260309390857442,8.186884880065918,8.186884880065918,6300,0.0,0.0
2013-01-28 00:00:00+08:00,8.214418956730414,8.214418956730414,8.177706241805351,8.186884880065918,11550,0.0,0.0
2013-01-29 00:00:00+08:00,8.214419054624077,8.342911720275879,8.214419054624077,8.342911720275879,8400,0.0,0.0
2013-01-30 00:00:00+08:00,8.342911516299298,8.342911516299298,8.223596572875977,8.223596572875977,30450,0.0,0.0
2013-01-31 00:00:00+08:00,8.223596572875977,8.223596572875977,8.223596572875977,8.223596572875977,3150,0.0,0.0
2013-02-01 00:00:00+08:00,8.241952113937383,8.241952113937383,8.13181580728473,8.168527603149414,28350,0.0,0.0
2013-02-04 00:00:00+08:00,8.186885053107579,8.232775488204567,8.09510326385498,8.09510326385498,35700,0.0,0.0
2013-02-05 00:00:00+08:00,8.09510377588466,8.260310087930307,8.085926055908203,8.085926055908203,11550,0.0,0.0
2013-02-06 00:00:00+08:00,8.08592520373841,8.168527431997166,8.030856132507324,8.030856132507324,26250,0.0,0.0
2013-02-18 00:00:00+08:00,8.076746831543712,8.35209035864583,8.076746831543712,8.342911720275879,69300,0.0,0.0
2013-02-19 00:00:00+08:00,8.342911929387542,8.388802365211685,8.150171547490963,8.251131057739258,67200,0.0,0.0
2013-02-20 00:00:00+08:00,8.260309661273443,8.28784465789795,8.260309661273443,8.28784465789795,85050,0.0,0.0
2013-02-21 00:00:00+08:00,8.260309219360352,8.260309219360352,8.260309219360352,8.260309219360352,4200,0.0,0.0
2013-02-22 00:00:00+08:00,8.370446442790314,8.370446442790314,8.150171076871805,8.260309219360352,43050,0.0,0.0
2013-02-25 00:00:00+08:00,8.214418652767069,8.333734512329102,8.177705939200509,8.333734512329102,26250,0.0,0.0
2013-02-26 00:00:00+08:00,8.13181560560998,8.278665542602539,8.122636967577494,8.278665542602539,42000,0.0,0.0
2013-02-27 00:00:00+08:00,8.1318157057721,8.223596572875977,8.095102991307114,8.223596572875977,36750,0.0,0.0
2013-03-01 00:00:00+08:00,8.223596980056499,8.251131057739258,8.168527905632347,8.251131057739258,25200,0.0,0.0
2013-03-04 00:00:00+08:00,8.09510299127193,8.122637067591254,7.994143486022949,7.994143486022949,65100,0.0,0.0
2013-03-05 00:00:00+08:00,8.12263703313381,8.12263703313381,8.003321171158571,8.012499809265137,87150,0.0,0.0
2013-03-06 00:00:00+08:00,8.122636628437046,8.251130203058285,8.122636628437046,8.196061134338379,46200,0.0,0.0
2013-03-07 00:00:00+08:00,8.168527059507696,8.26030884070754,8.168527059507696,8.196061134338379,164850,0.0,0.0
2013-03-08 00:00:00+08:00,8.15017124568777,8.260309390457628,8.15017124568777,8.168527603149414,95550,0.0,0.0
2013-03-11 00:00:00+08:00,8.24195181376719,8.664146181891544,8.24195181376719,8.544830322265625,642600,0.0,0.0
2013-03-12 00:00:00+08:00,8.71003791922957,8.71003791922957,8.324556247615867,8.37962532043457,220521,0.0,0.0
2013-03-13 00:00:00+08:00,8.434693129054438,8.443870847952706,8.29702091217041,8.29702091217041,79800,0.0,0.0
2013-03-14 00:00:00+08:00,8.223596504422735,8.241951942443848,8.168527433183652,8.241951942443848,58800,0.0,0.0
2013-03-15 00:00:00+08:00,8.260308458577624,8.260308458577624,8.122636252675981,8.15017032623291,23607,0.0,0.0
2013-03-18 00:00:00+08:00,8.076746668736776,8.15017117892327,7.984965801239014,7.984965801239014,57540,0.0,0.0
2013-03-19 00:00:00+08:00,7.984966173302946,8.131816119577078,7.9390757374157745,8.040035247802734,77017,0.0,0.0
2013-03-20 00:00:00+08:00,8.076746565670605,8.104280641756857,8.021677494439519,8.030856132507324,10521,0.0,0.0
2013-03-21 00:00:00+08:00,8.040034873172829,8.040034873172829,7.948253086616471,7.984965801239014,43050,0.0,0.0
2013-03-22 00:00:00+08:00,7.984965800965381,8.021677596528072,7.9574308054701195,7.975787162780762,46790,0.0,0.0
2013-03-25 00:00:00+08:00,8.003321508896091,8.076746940612793,7.984966070025542,8.076746940612793,142800,0.0,0.0
2013-03-26 00:00:00+08:00,8.214419165552297,8.214419165552297,8.076746940612793,8.076746940612793,67798,0.0,0.0
2013-03-27 00:00:00+08:00,8.058390582683618,8.177706449693945,8.058390582683618,8.076746940612793,56700,0.0,0.0
2013-03-28 00:00:00+08:00,8.076746940612793,8.076746940612793,8.076746940612793,8.076746940612793,5250,0.0,0.0
2013-03-29 00:00:00+08:00,8.122637271962912,8.168527706669288,8.08592547563298,8.131815910339355,60158,0.0,0.0
2013-04-01 00:00:00+08:00,8.131816493907843,8.168528292872347,8.076747416873067,8.085926055908203,16800,0.0,0.0
2013-04-02 00:00:00+08:00,8.140994445544852,8.196061679812578,8.140994445544852,8.168527603149414,23100,0.0,0.0
2013-04-03 00:00:00+08:00,8.2052403180727,8.214418956332823,8.13181580728473,8.168527603149414,39900,0.0,0.0
2013-04-08 00:00:00+08:00,8.040034561619578,8.040034561619578,7.847293276849294,7.90236234664917,50400,0.0,0.0
2013-04-09 00:00:00+08:00,7.902362552026705,8.030856132507324,7.902362552026705,8.030856132507324,19950,0.0,0.0
2013-04-10 00:00:00+08:00,8.07674704507729,8.07674704507729,7.9390757374157745,8.040035247802734,15750,0.0,0.0
2013-04-11 00:00:00+08:00,8.04003477057513,8.04003477057513,8.012499775430296,8.030856132507324,46221,0.0,0.0
2013-04-12 00:00:00+08:00,8.030856269095503,8.030856269095503,7.957430839538574,7.957430839538574,39900,0.0,0.0
2013-04-15 00:00:00+08:00,7.9574308054701195,7.984965800965381,7.91154037172281,7.975787162780762,13119,0.0,0.0
2013-04-16 00:00:00+08:00,7.902362280242142,7.939074993133545,7.856470929598611,7.939074993133545,24293,0.0,0.0
2013-04-17 00:00:00+08:00,7.709621915463588,7.975786786256185,7.709621915463588,7.929896354675293,63000,0.0,0.0
2013-04-18 00:00:00+08:00,7.929896217941346,8.480584144592285,7.893184424744778,8.480584144592285,394905,0.0,0.0
2013-04-19 00:00:00+08:00,8.801819289480845,8.801819289480845,8.315378082858496,8.370447158813477,536550,0.0,0.0
2013-04-22 00:00:00+08:00,8.370446442790314,8.370446442790314,8.12263700077896,8.260309219360352,132300,0.0,0.0
2013-04-23 00:00:00+08:00,8.315378013446274,8.434693884156754,8.196062142735796,8.388802528381348,96600,0.0,0.0
2013-04-24 00:00:00+08:00,8.407159328259471,8.407159328259471,8.315377540982182,8.397980690002441,58800,0.0,0.0
2013-04-25 00:00:00+08:00,8.397980793497124,8.397980793497124,8.260309489472464,8.361268997192383,130200,0.0,0.0
2013-04-26 00:00:00+08:00,8.36126858689415,8.37044630575532,8.306199516551429,8.315377235412598,35700,0.0,0.0
2013-04-29 00:00:00+08:00,8.39798051888316,8.39798051888316,8.168527433953228,8.260309219360352,24150,0.0,0.0
2013-04-30 00:00:00+08:00,8.352090364553408,8.352090364553408,8.131815910339355,8.131815910339355,57855,0.0,0.0
2013-05-02 00:00:00+08:00,8.214418411254883,8.34291106684289,8.214418411254883,8.214418411254883,55800,0.0,0.0
2013-05-03 00:00:00+08:00,8.260310087930307,8.260310087930307,8.085926055908203,8.085926055908203,63517,0.0,0.0
2013-05-06 00:00:00+08:00,8.21441906043428,8.251130856764211,8.131815910339355,8.131815910339355,37800,0.0,0.0
2013-05-07 00:00:00+08:00,8.140994377641809,8.214418887817354,8.0308562337906,8.205240249633789,88205,0.0,0.0
2013-05-08 00:00:00+08:00,8.186885123427933,8.196061923844082,8.058390617370605,8.058390617370605,101942,0.0,0.0
2013-05-09 00:00:00+08:00,8.159348963457553,8.159348963457553,8.067567186503624,8.15017032623291,126002,0.0,0.0
2013-05-10 00:00:00+08:00,8.150171933860756,8.196062371860396,8.076747416873067,8.085926055908203,37800,0.0,0.0
2013-05-13 00:00:00+08:00,8.095103092361445,8.168527603149414,8.085925373159924,8.168527603149414,15316,0.0,0.0
2013-05-14 00:00:00+08:00,8.058390582683618,8.168527811200045,8.030856505319168,8.076746940612793,92400,0.0,0.0
2013-05-15 00:00:00+08:00,8.076746940612793,8.12263737590642,8.040035143813068,8.076746940612793,101850,0.0,0.0
2013-05-16 00:00:00+08:00,8.168528016238396,8.636611938476562,8.104281221402935,8.636611938476562,913080,0.0,0.0
2013-05-17 00:00:00+08:00,8.654968981086684,8.810996644579633,8.443871324859503,8.535653114318848,531841,0.0,0.0
2013-05-20 00:00:00+08:00,8.62743428864863,8.62743428864863,8.489762059138979,8.618256568908691,222600,0.0,0.0
2013-05-21 00:00:00+08:00,8.627433611043932,9.178121566772461,8.627433611043932,9.178121566772461,622594,0.0,0.0
2013-05-22 00:00:00+08:00,9.499356083192115,9.82059097290039,9.453464728191905,9.82059097290039,634582,0.0,0.0
2013-05-23 00:00:00+08:00,9.63702753848049,9.728808403015137,9.141408664252843,9.728808403015137,1183350,0.0,0.0
2013-05-24 00:00:00+08:00,9.820591165856356,9.912372039542818,9.361684040248077,9.499356269836426,410118,0.0,0.0
2013-05-27 00:00:00+08:00,9.637027317245762,9.637027317245762,9.269902029418045,9.361682891845703,239405,0.0,0.0
2013-05-28 00:00:00+08:00,9.22401237487793,9.45346455026724,9.22401237487793,9.22401237487793,134400,0.0,0.0
2013-05-29 00:00:00+08:00,9.269902029418045,9.407573323059532,9.178121166990389,9.361682891845703,266700,0.0,0.0
2013-05-30 00:00:00+08:00,9.361682891845703,10.004151686014934,9.361682891845703,9.361682891845703,1652700,0.0,0.0
2013-05-31 00:00:00+08:00,9.49935628666469,9.545246723589218,9.269903182983398,9.269903182983398,497700,0.0,0.0
2013-06-03 00:00:00+08:00,9.141409022877856,9.269902605890696,9.086339950561523,9.086339950561523,318241,0.0,0.0
2013-06-04 00:00:00+08:00,9.141408194343764,9.150586831760545,8.99455826720193,9.012913703918457,151200,0.0,0.0
2013-06-05 00:00:00+08:00,9.086339883285056,9.123052597890785,8.893599510192871,8.893599510192871,162225,0.0,0.0
2013-06-06 00:00:00+08:00,8.875243186950684,8.994559050347906,8.866065467793327,8.875243186950684,121800,0.0,0.0
2013-06-07 00:00:00+08:00,8.875242530072352,8.957845672609293,8.719214882535093,8.728392601013184,101549,0.0,0.0
2013-06-10 00:00:00+08:00,8.76510582626092,8.81099625945543,8.719215393066406,8.719215393066406,63157,0.0,0.0
2013-06-11 00:00:00+08:00,8.77428374530852,9.067983627319336,8.77428374530852,9.067983627319336,127155,0.0,0.0
2013-06-13 00:00:00+08:00,9.040449067024067,9.040449067024067,8.765105557249038,8.847708702087402,81217,0.0,0.0
2013-06-14 00:00:00+08:00,8.847709324524,8.847709324524,8.508119002546563,8.554009437561035,49350,0.0,0.0
2013-06-17 00:00:00+08:00,8.535653045316272,8.581543480145653,8.535653045316272,8.572365760803223,16800,0.0,0.0
2013-06-18 00:00:00+08:00,8.590721466691017,8.78346276946316,8.590721466691017,8.673325538635254,27300,0.0,0.0
2013-06-19 00:00:00+08:00,8.554008868032225,8.829352378845215,8.554008868032225,8.829352378845215,50400,0.0,0.0
2013-06-20 00:00:00+08:00,8.792639387535413,8.792639387535413,8.728392601013184,8.728392601013184,50557,0.0,0.0
2013-06-21 00:00:00+08:00,8.554009656159938,8.902778625488281,8.54483101748731,8.902778625488281,202650,0.0,0.0
2013-06-24 00:00:00+08:00,8.976202930166533,9.003737926483398,8.847709344216572,8.994559288024902,198514,0.0,0.0
2013-06-25 00:00:00+08:00,9.067983964529152,9.315793421514522,8.985380812200695,9.132230758666992,277387,0.0,0.0
2013-06-26 00:00:00+08:00,9.269902501858903,9.269902501858903,9.077162129502678,9.141408920288086,153300,0.0,0.0
2013-06-27 00:00:00+08:00,9.224012164621625,9.774699211120605,9.17812173058981,9.774699211120605,1788150,0.0,0.0
2013-06-28 00:00:00+08:00,10.417167663574219,10.417167663574219,9.958262380501871,10.417167663574219,2399355,0.0,0.0
2013-07-01 00:00:00+08:00,10.417167116468194,10.738401992523935,10.141824512520872,10.692511558532715,1868837,0.0,0.0
2013-07-02 00:00:00+08:00,10.78429354799653,11.380870120138825,10.692511759232733,10.830183982849121,2486650,0.0,0.0
2013-07-03 00:00:00+08:00,10.830183982849121,11.380870120138825,10.554839535616344,10.830183982849121,1681050,0.0,0.0
2013-07-04 00:00:00+08:00,11.243198602319305,11.426761257306456,10.921964645385742,10.921964645385742,2361450,0.0,0.0
2013-07-05 00:00:00+08:00,11.105527088680608,11.197307954895367,10.23360518340607,10.554839134216309,1714650,0.0,0.0
2013-07-08 00:00:00+08:00,10.187715379491598,10.417167559199452,9.82059097290039,9.82059097290039,1289400,0.0,0.0
2013-07-09 00:00:00+08:00,9.820590354597773,9.820590354597773,9.361683266898854,9.407573699951172,808500,0.0,0.0
2013-07-10 00:00:00+08:00,9.453464729356192,9.545246520309275,9.086340322719769,9.132230758666992,1096200,0.0,0.0
2013-07-11 00:00:00+08:00,9.178121566772461,9.407573732836118,9.178121566772461,9.178121566772461,437850,0.0,0.0
2013-07-12 00:00:00+08:00,9.17812166979938,9.269902537255106,8.719215494403551,8.893599510192871,518700,0.0,0.0
2013-07-15 00:00:00+08:00,8.911956645504205,9.104697954481185,8.911956645504205,8.967024803161621,238657,0.0,0.0
2013-07-16 00:00:00+08:00,9.086339781288414,9.315792866410655,9.031270709997987,9.178121566772461,217350,0.0,0.0
2013-07-17 00:00:00+08:00,9.269902222359523,9.315792654528503,9.040449142456055,9.040449142456055,284550,0.0,0.0
2013-07-18 00:00:00+08:00,9.0496286442625,9.168943595480734,8.866065979003906,8.866065979003906,130200,0.0,0.0
2013-07-19 00:00:00+08:00,8.866065575249312,8.866065575249312,8.590721130371094,8.590721130371094,282450,0.0,0.0
2013-07-22 00:00:00+08:00,8.654969180320828,8.74675005283431,8.654969180320828,8.673325538635254,121800,0.0,0.0
2013-07-23 00:00:00+08:00,8.682502478007804,8.84770876893268,8.682502478007804,8.810996055603027,111300,0.0,0.0
2013-07-24 00:00:00+08:00,8.810996191335015,8.893599338069942,8.746749401547692,8.755928039550781,74550,0.0,0.0
2013-07-25 00:00:00+08:00,8.774283375626236,9.031270531793545,8.774283375626236,8.79263973236084,108692,0.0,0.0
2013-07-26 00:00:00+08:00,8.79263973236084,8.87524287813727,8.79263973236084,8.79263973236084,37800,0.0,0.0
2013-07-29 00:00:00+08:00,8.79263990236591,8.81099625945543,8.599899531513806,8.719215393066406,93450,0.0,0.0
2013-07-30 00:00:00+08:00,8.719215393066406,8.774283545276388,8.64578996470832,8.719215393066406,50400,0.0,0.0
2013-07-31 00:00:00+08:00,8.719215461047312,8.810996328151923,8.682502746582031,8.682502746582031,60406,0.0,0.0
2013-08-01 00:00:00+08:00,8.691680534010793,8.691680534010793,8.645790100097656,8.645790100097656,81900,0.0,0.0
2013-08-02 00:00:00+08:00,8.719215393066406,8.81099625945543,8.719215393066406,8.719215393066406,68250,0.0,0.0
2013-08-05 00:00:00+08:00,8.673324519131846,8.774283099406071,8.673324519131846,8.710037231445312,141750,0.0,0.0
2013-08-06 00:00:00+08:00,8.728393694519884,8.737571414147775,8.673325538635254,8.673325538635254,147000,0.0,0.0
2013-08-07 00:00:00+08:00,8.370446812350652,8.627433984719568,8.370446812350652,8.535653114318848,64050,0.0,0.0
2013-08-08 00:00:00+08:00,8.508119037010356,8.609078545886323,8.489761760059864,8.535653114318848,112350,0.0,0.0
2013-08-09 00:00:00+08:00,8.48976203994652,8.535653395718429,8.407159805297852,8.407159805297852,123900,0.0,0.0
2013-08-12 00:00:00+08:00,8.379625046608409,8.379625046608409,8.223596471583361,8.278665542602539,175350,0.0,0.0
2013-08-13 00:00:00+08:00,8.26030938767441,8.397980690002441,8.26030938767441,8.397980690002441,166776,0.0,0.0
2013-08-14 00:00:00+08:00,8.388801880813157,8.388801880813157,8.260309219360352,8.260309219360352,79800,0.0,0.0
2013-08-15 00:00:00+08:00,8.251130752596875,8.379625254834595,8.186884880065918,8.186884880065918,110250,0.0,0.0
2013-08-16 00:00:00+08:00,8.040034939035117,8.260309390457628,8.040034939035117,8.168527603149414,32550,0.0,0.0
2013-08-19 00:00:00+08:00,8.168527706669288,8.196061783681392,8.131815910339355,8.131815910339355,44100,0.0,0.0
2013-08-20 00:00:00+08:00,8.13181546057508,8.13181546057508,7.893184661865234,7.893184661865234,69300,0.0,0.0
2013-08-22 00:00:00+08:00,7.893184967264159,8.012499911706271,7.893184967264159,7.957430839538574,30450,0.0,0.0
2013-08-23 00:00:00+08:00,8.122637102485658,8.122637102485658,7.966609443927743,7.984965801239014,52500,0.0,0.0
2013-08-26 00:00:00+08:00,7.984965967843782,8.131815910339355,7.902362817748859,8.131815910339355,72450,0.0,0.0
2013-08-27 00:00:00+08:00,7.984965801239014,8.058390311425505,7.984965801239014,7.984965801239014,23430,0.0,0.0
2013-08-28 00:00:00+08:00,7.939075165524454,8.067567825317383,7.939075165524454,8.067567825317383,16800,0.0,0.0
2013-08-29 00:00:00+08:00,8.13181601440032,8.13181601440032,8.012500147389993,8.076746940612793,5250,0.0,0.0
2013-08-30 00:00:00+08:00,8.076746668459998,8.076746668459998,7.966609443654738,7.975787162780762,42000,0.0,0.0
2013-09-02 00:00:00+08:00,7.929897098803157,8.040035247802734,7.920718460190541,8.040035247802734,18963,0.0,0.0
2013-09-03 00:00:00+08:00,8.07674690600446,8.168527776198436,8.021677832452902,8.09510326385498,41046,0.0,0.0
2013-09-04 00:00:00+08:00,8.095103298541968,8.095103298541968,8.076746940612793,8.076746940612793,22050,0.0,0.0
2013-09-05 00:00:00+08:00,8.122636252675981,8.15017032623291,8.076745823728267,8.15017032623291,5250,0.0,0.0
2013-09-06 00:00:00+08:00,8.196061134338379,8.333734265667413,8.196061134338379,8.196061134338379,43155,0.0,0.0
2013-09-09 00:00:00+08:00,8.306199720892902,8.306199720892902,8.214418853789025,8.223596572875977,29400,0.0,0.0
2013-09-10 00:00:00+08:00,8.223596814671868,8.251130891800889,8.076746871552729,8.113459587097168,27795,0.0,0.0
2013-09-11 00:00:00+08:00,8.140993905339087,8.214418411254883,8.095102555200857,8.214418411254883,21000,0.0,0.0
2013-09-12 00:00:00+08:00,8.232774767498467,8.241951567032448,8.104280273793378,8.214418411254883,19950,0.0,0.0
2013-09-13 00:00:00+08:00,8.21441802962991,8.287843451193051,8.15017032623291,8.15017032623291,22074,0.0,0.0
2013-09-16 00:00:00+08:00,8.205240518490095,8.30620002746582,8.113459647998685,8.30620002746582,23100,0.0,0.0
2013-09-17 00:00:00+08:00,8.306200096902776,8.306200096902776,8.122637435326812,8.28784465789795,47250,0.0,0.0
2013-09-18 00:00:00+08:00,8.177705665987064,8.23277473449707,8.177705665987064,8.23277473449707,15750,0.0,0.0
2013-09-23 00:00:00+08:00,8.150171827346469,8.196062264746368,8.076747311318362,8.122637748718262,59850,0.0,0.0
2013-09-24 00:00:00+08:00,8.241951943220343,8.260309219360352,8.131815638848963,8.260309219360352,21270,0.0,0.0
2013-09-25 00:00:00+08:00,8.260309661273443,8.306200096902776,8.260309661273443,8.28784465789795,28350,0.0,0.0
2013-09-26 00:00:00+08:00,8.260309489472464,8.361268997192383,8.260309489472464,8.361268997192383,38850,0.0,0.0
2013-09-27 00:00:00+08:00,8.352090835571289,8.397981272865666,8.287844958606094,8.352090835571289,56918,0.0,0.0
2013-09-30 00:00:00+08:00,8.315377371546042,8.315377371546042,8.260309219360352,8.260309219360352,33621,0.0,0.0
2013-10-01 00:00:00+08:00,8.260309219360352,8.260309219360352,8.260309219360352,8.260309219360352,8662,0.0,0.0
2013-10-02 00:00:00+08:00,8.260309960982534,8.352090835571289,8.260309960982534,8.352090835571289,19950,0.0,0.0
2013-10-03 00:00:00+08:00,8.342911617636068,8.397980690002441,8.342911617636068,8.397980690002441,24150,0.0,0.0
2013-10-04 00:00:00+08:00,8.352090221940998,8.443871089786587,8.352090221940998,8.416337013244629,18900,0.0,0.0
2013-10-07 00:00:00+08:00,8.352090462711526,8.416337255867237,8.30620002746582,8.30620002746582,69300,0.0,0.0
2013-10-08 00:00:00+08:00,8.324556009616046,8.324556009616046,8.260309219360352,8.260309219360352,46200,0.0,0.0
2013-10-09 00:00:00+08:00,8.352090085708891,8.352090085708891,8.260309219360352,8.260309219360352,10500,0.0,0.0
2013-10-11 00:00:00+08:00,8.28784465789795,8.397980968161443,8.260309661273443,8.28784465789795,38850,0.0,0.0
2013-10-14 00:00:00+08:00,8.186884880065918,8.28784438658054,8.168527603544783,8.186884880065918,81900,0.0,0.0
2013-10-15 00:00:00+08:00,8.131815311502976,8.425515174865723,8.131815311502976,8.425515174865723,47907,0.0,0.0
2013-10-16 00:00:00+08:00,8.269486938371772,8.269486938371772,8.260309219360352,8.260309219360352,45150,0.0,0.0
2013-10-17 00:00:00+08:00,8.352089950053813,8.352089950053813,8.260309085195983,8.333734512329102,39900,0.0,0.0
2013-10-18 00:00:00+08:00,8.306199652534621,8.388801880813157,8.260309219360352,8.260309219360352,21000,0.0,0.0
2013-10-21 00:00:00+08:00,8.269486560927094,8.269486560927094,8.168527061116652,8.214418411254883,14700,0.0,0.0
2013-10-22 00:00:00+08:00,8.214418853789025,8.260309287340963,8.214418853789025,8.223596572875977,73500,0.0,0.0
2013-10-23 00:00:00+08:00,8.260309592220116,8.324556385375828,8.260309592220116,8.30620002746582,17850,0.0,0.0
2013-10-24 00:00:00+08:00,8.159349782091546,8.223596572875977,8.150171143946004,8.223596572875977,26520,0.0,0.0
2013-10-25 00:00:00+08:00,8.251130752197506,8.260309390457628,8.159349883947893,8.168527603149414,33600,0.0,0.0
2013-10-28 00:00:00+08:00,8.085925373159924,8.168527603149414,8.085925373159924,8.168527603149414,7350,0.0,0.0
2013-10-29 00:00:00+08:00,8.260309218582126,8.260309218582126,8.241951942443848,8.241951942443848,3420,0.0,0.0
2013-10-30 00:00:00+08:00,8.260308909004062,8.260308909004062,8.177705764770508,8.177705764770508,19819,0.0,0.0
2013-10-31 00:00:00+08:00,8.241952419139247,8.260309696339268,8.168527905632347,8.251131057739258,15750,0.0,0.0
2013-11-01 00:00:00+08:00,8.12263689585027,8.150170971587428,7.801402948721519,8.067567825317383,74042,0.0,0.0
2013-11-04 00:00:00+08:00,8.06756823313731,8.113459587097168,7.994143721107048,8.113459587097168,22050,0.0,0.0
2013-11-05 00:00:00+08:00,8.15017032623291,8.15017032623291,8.15017032623291,8.15017032623291,1050,0.0,0.0
2013-11-06 00:00:00+08:00,8.030856132507324,8.030856132507324,8.030856132507324,8.030856132507324,28350,0.0,0.0
2013-11-07 00:00:00+08:00,8.03085616641968,8.104280675979266,7.994143452110594,8.012499809265137,31500,0.0,0.0
2013-11-08 00:00:00+08:00,8.012499877676623,8.012499877676623,7.984965801239014,7.984965801239014,71400,0.0,0.0
2013-11-11 00:00:00+08:00,7.911540065419869,8.02167728596106,7.90236234664917,7.90236234664917,28350,0.0,0.0
2013-11-12 00:00:00+08:00,7.902362794028713,7.902362794028713,7.526059300542868,7.682087421417236,75600,0.0,0.0
2013-11-13 00:00:00+08:00,7.608663038533973,7.847293853759766,7.553594424214892,7.847293853759766,28350,0.0,0.0
2013-11-14 00:00:00+08:00,7.636197090148926,7.737156599000829,7.5535943987138285,7.636197090148926,21000,0.0,0.0
2013-11-15 00:00:00+08:00,7.599484326100508,7.654552936553955,7.5077030023252425,7.654552936553955,11550,0.0,0.0
2013-11-18 00:00:00+08:00,7.5352371050568525,7.5352371050568525,7.415922164916992,7.415922164916992,7568,0.0,0.0
2013-11-19 00:00:00+08:00,7.342497331301203,7.38838776729834,7.250715999777608,7.351675510406494,28350,0.0,0.0
2013-11-20 00:00:00+08:00,7.3516747347012315,7.4985246658325195,7.3516747347012315,7.4985246658325195,9450,0.0,0.0
2013-11-21 00:00:00+08:00,7.443455968917394,7.544415473937988,7.443455968917394,7.544415473937988,2100,0.0,0.0
2013-11-22 00:00:00+08:00,7.59030636691521,7.59030636691521,7.544415473937988,7.544415473937988,2160,0.0,0.0
2013-11-25 00:00:00+08:00,7.61784029006958,7.61784029006958,7.61784029006958,7.61784029006958,2100,0.0,0.0
2013-11-26 00:00:00+08:00,7.617839898463332,7.617839898463332,7.443455885687663,7.590306282043457,17850,0.0,0.0
2013-11-27 00:00:00+08:00,7.4434561730249404,7.452634811401367,7.4434561730249404,7.452634811401367,4200,0.0,0.0
2013-11-28 00:00:00+08:00,7.480168575740423,7.608663082122803,7.480168575740423,7.608663082122803,26250,0.0,0.0
2013-11-29 00:00:00+08:00,7.608663082122803,7.608663082122803,7.608663082122803,7.608663082122803,26250,0.0,0.0
2013-12-02 00:00:00+08:00,7.526059470876987,7.608663082122803,7.526059470876987,7.608663082122803,5250,0.0,0.0
2013-12-03 00:00:00+08:00,7.461812785967038,7.571949550529351,7.461812785967038,7.55359411239624,15750,0.0,0.0
2013-12-04 00:00:00+08:00,7.388387474236563,7.489346980860871,7.388387474236563,7.480168342590332,13650,0.0,0.0
2013-12-05 00:00:00+08:00,7.434277602585767,7.461812597206059,7.415922164916992,7.415922164916992,5575,0.0,0.0
2013-12-06 00:00:00+08:00,7.480168034874834,7.5260589266931825,7.39756534866037,7.415922164916992,34650,0.0,0.0
2013-12-09 00:00:00+08:00,7.434278220998227,7.434278220998227,7.296606453149666,7.3424973487854,106050,0.0,0.0
2013-12-10 00:00:00+08:00,7.333318647158628,7.617840359539745,7.333318647158628,7.599484920501709,68258,0.0,0.0
2013-12-11 00:00:00+08:00,7.526058977343919,7.526058977343919,7.379209041595459,7.379209041595459,39900,0.0,0.0
2013-12-12 00:00:00+08:00,7.388387537307675,7.682087421417236,7.379209358488088,7.682087421417236,87258,0.0,0.0
2013-12-13 00:00:00+08:00,7.5719493390413355,7.939075094033448,7.5719493390413355,7.893184661865234,103950,0.0,0.0
2013-12-16 00:00:00+08:00,7.801403182260761,7.819759539654564,7.627018706078226,7.727977752685547,95550,0.0,0.0
2013-12-17 00:00:00+08:00,7.663731046641139,7.746335115362016,7.663731046641139,7.69126558303833,76650,0.0,0.0
2013-12-18 00:00:00+08:00,7.617839780352037,7.801402887833036,7.617839780352037,7.645374774932861,90510,0.0,0.0
2013-12-19 00:00:00+08:00,7.746335098232748,7.755512817482213,7.663731029694532,7.709622383117676,55650,0.0,0.0
2013-12-20 00:00:00+08:00,7.893184831016169,7.893184831016169,7.7096221793510065,7.801403045654297,45150,0.0,0.0
2013-12-23 00:00:00+08:00,7.709622400165761,7.7279778387052795,7.663731046641139,7.69126558303833,61950,0.0,0.0
2013-12-24 00:00:00+08:00,7.746335115492674,7.746335115492674,7.617840152774312,7.700444221496582,140700,0.0,0.0
2013-12-25 00:00:00+08:00,7.7096229816374775,7.893185652404722,7.7004448021461815,7.856472015380859,252116,0.0,0.0
2013-12-26 00:00:00+08:00,7.847293845086038,8.241952323858122,7.847293845086038,8.076746940612793,183904,0.0,0.0
2013-12-27 00:00:00+08:00,8.076746737976485,8.076746737976485,7.9207181590223845,7.948253154754639,69449,0.0,0.0
2013-12-30 00:00:00+08:00,7.93907564350709,7.93907564350709,7.847293853759766,7.847293853759766,65101,0.0,0.0
2013-12-31 00:00:00+08:00,7.975786819727686,7.975786819727686,7.9023623127018325,7.9115400314331055,8400,0.0,0.0
2014-01-02 00:00:00+08:00,7.939075367490132,8.030856234987896,7.939075367490132,7.984965801239014,77701,0.0,0.0
2014-01-03 00:00:00+08:00,7.984965631439816,8.150171005611002,7.8472934140621575,8.049211502075195,194468,0.0,0.0
2014-01-06 00:00:00+08:00,8.049211739178036,8.168527603149414,8.030856300774994,8.168527603149414,137550,0.0,0.0
2014-01-07 00:00:00+08:00,8.196061449441414,8.737570762634277,8.196061449441414,8.737570762634277,676200,0.0,0.0
2014-01-08 00:00:00+08:00,8.921133482933978,9.123052491860134,8.700859035976885,8.719215393066406,547312,0.0,0.0
2014-01-09 00:00:00+08:00,8.719215296497485,9.077161958132292,8.719215296497485,9.003737449645996,381524,0.0,0.0
2014-01-10 00:00:00+08:00,9.003737171761657,9.59113597869873,9.003737171761657,9.59113597869873,925312,0.0,0.0
2014-01-13 00:00:00+08:00,9.912371427693808,10.23360538482666,9.453464330411935,10.23360538482666,2754150,0.0,0.0
2014-01-14 00:00:00+08:00,10.4171667383487,10.554838954383772,10.187714576721191,10.187714576721191,1425157,0.0,0.0
2014-01-15 00:00:00+08:00,10.738402795264703,10.738402795264703,10.09593391418457,10.09593391418457,634200,0.0,0.0
2014-01-16 00:00:00+08:00,10.1877145638055,10.1877145638055,9.63702753848049,9.728808403015137,682500,0.0,0.0
2014-01-17 00:00:00+08:00,9.820591289654228,10.09593391418457,9.774699933173837,10.09593391418457,548745,0.0,0.0
2014-01-20 00:00:00+08:00,10.646620955892208,10.784293174743652,10.417166951453606,10.784293174743652,2287425,0.0,0.0
2014-01-21 00:00:00+08:00,11.013745728980046,11.197308387561034,10.600730895996094,10.600730895996094,1630791,0.0,0.0
2014-01-22 00:00:00+08:00,10.325387020351856,10.55484012651914,10.004153039341123,10.09593391418457,687864,0.0,0.0
2014-01-23 00:00:00+08:00,10.050043152608245,10.095933588549816,9.72880918195861,9.82059097290039,359101,0.0,0.0
2014-01-24 00:00:00+08:00,9.82059018660835,10.004151915677642,9.63702753848049,9.728808403015137,186375,0.0,0.0
2014-01-27 00:00:00+08:00,9.72880817967342,9.72880817967342,9.178121166990389,9.361682891845703,366765,0.0,0.0
2014-02-05 00:00:00+08:00,9.178121728420408,10.004152297973633,9.178121728420408,10.004152297973633,750015,0.0,0.0
2014-02-06 00:00:00+08:00,10.279495060491163,10.417166352366602,10.095932418932044,10.141823768615723,586981,0.0,0.0
2014-02-07 00:00:00+08:00,10.279496374069746,10.83018436911747,10.141825064601802,10.646621704101562,1750767,0.0,0.0
2014-02-10 00:00:00+08:00,10.921964649803899,11.24319860686741,10.463058471679688,10.463058471679688,892585,0.0,0.0
2014-02-11 00:00:00+08:00,10.508948905680388,10.738401994742494,10.417167118620386,10.463058471679688,667801,0.0,0.0
2014-02-12 00:00:00+08:00,10.692511952175403,10.784293742595372,10.095933531150825,10.279496192932129,729750,0.0,0.0
2014-02-13 00:00:00+08:00,10.279495060491163,10.371275921741455,10.141823768615723,10.141823768615723,240450,0.0,0.0
2014-02-14 00:00:00+08:00,10.279495645522063,10.325386078758946,9.866480827331543,9.866480827331543,191100,0.0,0.0
2014-02-17 00:00:00+08:00,9.86648025120546,10.371275906393585,9.86648025120546,9.912370681762695,276150,0.0,0.0
2014-02-18 00:00:00+08:00,9.912370681762695,10.095932403991638,9.912370681762695,9.912370681762695,125490,0.0,0.0
2014-02-19 00:00:00+08:00,10.095933588549816,10.095933588549816,9.77469961790018,9.82059097290039,227063,0.0,0.0
2014-02-20 00:00:00+08:00,9.728808779498912,9.774699213542096,9.545246124267578,9.545246124267578,359256,0.0,0.0
2014-02-21 00:00:00+08:00,9.637028113578111,10.050042947689587,9.545246324507746,9.682918548583984,339150,0.0,0.0
2014-02-24 00:00:00+08:00,10.09593299182925,10.09593299182925,9.591136388190716,9.637027740478516,197091,0.0,0.0
2014-02-25 00:00:00+08:00,9.637027740478516,9.912371258912389,9.637027740478516,9.637027740478516,141225,0.0,0.0
2014-02-26 00:00:00+08:00,9.63702774208855,10.004152127042188,9.63702774208855,9.866480827331543,288771,0.0,0.0
2014-02-27 00:00:00+08:00,9.774699041799195,10.095932993515952,9.774699041799195,9.866480827331543,283500,0.0,0.0
2014-03-03 00:00:00+08:00,9.866480799488452,10.554839134216309,9.866480799488452,10.554839134216309,1080215,0.0,0.0
2014-03-04 00:00:00+08:00,10.738402448907728,10.784293803907937,9.82059097290039,9.82059097290039,2011868,0.0,0.0
2014-03-05 00:00:00+08:00,9.912371844783532,9.912371844783532,9.453464728191905,9.82059097290039,874650,0.0,0.0
2014-03-06 00:00:00+08:00,9.912371057571082,10.233605002709227,9.820590192976915,9.958261489868164,865857,0.0,0.0
2014-03-07 00:00:00+08:00,10.187714955524141,10.187714955524141,9.72880877708879,9.774699211120605,237300,0.0,0.0
2014-03-10 00:00:00+08:00,9.728808606936946,9.866480825683174,9.637027740478516,9.637027740478516,229950,0.0,0.0
2014-03-11 00:00:00+08:00,9.637028310075467,9.82059097290039,9.637028310075467,9.82059097290039,186900,0.0,0.0
2014-03-12 00:00:00+08:00,9.866480625273999,10.095932786759413,9.866480625273999,9.958261489868164,402255,0.0,0.0
2014-03-13 00:00:00+08:00,10.05004256027907,10.095932993515952,9.774699041799195,9.866480827331543,234150,0.0,0.0
2014-03-14 00:00:00+08:00,9.774699213542096,9.774699213542096,9.453464337122611,9.545246124267578,238350,0.0,0.0
2014-03-17 00:00:00+08:00,9.545245954961501,9.728808606936946,9.453464169444487,9.637027740478516,139696,0.0,0.0
2014-03-18 00:00:00+08:00,9.68291817370773,9.82059039245396,9.453464169444487,9.637027740478516,173296,0.0,0.0
2014-03-19 00:00:00+08:00,9.728808403015137,9.958261483410318,9.591136187154602,9.728808403015137,459901,0.0,0.0
2014-03-20 00:00:00+08:00,9.728808955411619,9.774699390284576,9.407574073183683,9.45346450805664,315268,0.0,0.0
2014-03-21 00:00:00+08:00,9.361682891845703,9.499355104545732,9.361682891845703,9.361682891845703,280402,0.0,0.0
2014-03-24 00:00:00+08:00,8.810996261249283,9.012914351157965,8.810996261249283,8.948668479919434,169359,0.0,0.0
2014-03-25 00:00:00+08:00,9.031270709997987,9.269902433197924,9.031270709997987,9.178121566772461,59241,0.0,0.0
2014-03-26 00:00:00+08:00,9.22401237487793,9.269902809955791,9.086340150585722,9.22401237487793,61950,0.0,0.0
2014-03-27 00:00:00+08:00,9.269902501858903,9.315792935411539,9.132230282142404,9.141408920288086,45150,0.0,0.0
2014-03-28 00:00:00+08:00,9.17812139203694,9.17812139203694,9.003737381525097,9.022092819213867,32655,0.0,0.0
2014-03-31 00:00:00+08:00,9.040449346327145,9.040449346327145,8.921133484750253,8.948668479919434,43321,0.0,0.0
2014-04-01 00:00:00+08:00,8.948668922069722,9.26990288942734,8.948668922069722,8.957846641540527,43050,0.0,0.0
2014-04-02 00:00:00+08:00,8.957846030127474,9.05880553270854,8.911955597788417,9.022092819213867,56700,0.0,0.0
2014-04-03 00:00:00+08:00,9.067983800399757,9.067983800399757,8.985380649566407,8.994559288024902,33180,0.0,0.0
2014-04-07 00:00:00+08:00,8.994558710287075,9.132230006794016,8.994558710287075,9.040449142456055,40951,0.0,0.0
2014-04-08 00:00:00+08:00,9.040449244359857,9.269902326849717,8.9945588116736,9.003737449645996,72450,0.0,0.0
2014-04-09 00:00:00+08:00,9.0037376195986,9.0037376195986,8.911955833435059,8.911955833435059,61981,0.0,0.0
2014-04-10 00:00:00+08:00,9.012914140798996,9.012914140798996,8.774283342273375,8.810996055603027,90300,0.0,0.0
2014-04-11 00:00:00+08:00,8.792640322457585,8.792640322457585,8.489761794597529,8.51729679107666,212100,0.0,0.0
2014-04-14 00:00:00+08:00,8.51729637958069,8.51729637958069,8.131815638082843,8.241951942443848,114660,0.0,0.0
2014-04-15 00:00:00+08:00,8.260309218582126,8.306199651752072,8.241951942443848,8.241951942443848,138600,0.0,0.0
2014-04-16 00:00:00+08:00,8.214418887817354,8.260309321559394,8.205240249633789,8.205240249633789,55651,0.0,0.0
2014-04-17 00:00:00+08:00,8.205240014846146,8.34291131213289,8.205240014846146,8.333734512329102,45150,0.0,0.0
2014-04-18 00:00:00+08:00,8.333734613621717,8.35209005156953,8.269486904570053,8.278665542602539,45150,0.0,0.0
2014-04-21 00:00:00+08:00,8.278665196947507,8.278665196947507,8.003320772406521,8.196061134338379,119700,0.0,0.0
2014-04-22 00:00:00+08:00,8.21441878541218,8.241951942443848,8.122637000013706,8.241951942443848,75600,0.0,0.0
2014-04-23 00:00:00+08:00,8.241952113937383,8.251130752197506,8.122637169024607,8.168527603149414,60900,0.0,0.0
2014-04-24 00:00:00+08:00,8.122637854872707,8.168528292872347,8.076747416873067,8.085926055908203,22050,0.0,0.0
2014-04-25 00:00:00+08:00,7.856471028272481,7.984965525006229,7.755512445140952,7.8748273849487305,135450,0.0,0.0
2014-04-28 00:00:00+08:00,7.3700316064204685,7.737156459924677,7.3700316064204685,7.709622383117676,72712,0.0,0.0
2014-04-29 00:00:00+08:00,7.617839770639978,7.884006023406982,7.617839770639978,7.884006023406982,56700,0.0,0.0
2014-04-30 00:00:00+08:00,7.893184831016169,7.994143416326355,7.801403045654297,7.801403045654297,17850,0.0,0.0
2014-05-02 00:00:00+08:00,7.755512983071067,7.893185208162741,7.737156625121602,7.847293853759766,91350,0.0,0.0
2014-05-05 00:00:00+08:00,7.893184661865234,7.939075094033448,7.801402878470245,7.893184661865234,8400,0.0,0.0
2014-05-06 00:00:00+08:00,7.89318489983256,7.994143486022949,7.89318489983256,7.994143486022949,116550,0.0,0.0
2014-05-07 00:00:00+08:00,7.856472015380859,7.939076090331863,7.838116575456945,7.856472015380859,29400,0.0,0.0
2014-05-08 00:00:00+08:00,8.0308566094992,8.0308566094992,7.911540740941051,8.02167797088623,18480,0.0,0.0
2014-05-09 00:00:00+08:00,8.021677218551376,8.021677218551376,7.856470929598611,7.939074993133545,25200,0.0,0.0
2014-05-12 00:00:00+08:00,7.939075094033448,8.058390033859089,7.801402878470245,7.893184661865234,48738,0.0,0.0
2014-05-13 00:00:00+08:00,7.893184796868326,7.893184796868326,7.810580730870714,7.819759368896484,17850,0.0,0.0
2014-05-14 00:00:00+08:00,7.984965525006229,7.984965525006229,7.783046520626045,7.8748273849487305,36302,0.0,0.0
2014-05-15 00:00:00+08:00,7.865649767506044,7.865649767506044,7.755512545087749,7.82893705368042,43050,0.0,0.0
2014-05-16 00:00:00+08:00,7.755512612502652,7.801403045654297,7.755512612502652,7.801403045654297,21000,0.0,0.0
2014-05-19 00:00:00+08:00,7.801403148140489,7.83811586276753,7.755512714385986,7.755512714385986,19950,0.0,0.0
2014-05-20 00:00:00+08:00,7.718800033517944,7.801403182260761,7.718800033517944,7.727977752685547,52500,0.0,0.0
2014-05-21 00:00:00+08:00,7.718800241113335,7.72797796052777,7.636197090148926,7.636197090148926,44152,0.0,0.0
2014-05-22 00:00:00+08:00,7.654553367464088,8.150171348975014,7.645375188616952,8.131815910339355,110250,0.0,0.0
2014-05-23 00:00:00+08:00,8.104281077464833,8.27866601954272,8.104281077464833,8.269487380981445,107370,0.0,0.0
2014-05-26 00:00:00+08:00,8.214418411254883,8.352089704493952,8.168527061116652,8.214418411254883,112350,0.0,0.0
2014-05-27 00:00:00+08:00,8.214418956332823,8.214418956332823,8.168527603149414,8.168527603149414,11550,0.0,0.0
2014-05-28 00:00:00+08:00,8.168527160232204,8.168527160232204,8.012499508856335,8.15934944152832,85053,0.0,0.0
2014-05-29 00:00:00+08:00,8.232775901348422,8.232775901348422,8.085925950233543,8.122637748718262,33600,0.0,0.0
2014-05-30 00:00:00+08:00,8.085925931640434,8.352090835571289,8.058390934016876,8.352090835571289,145137,0.0,0.0
2014-06-03 00:00:00+08:00,8.352089954525841,8.554008960191464,8.352089954525841,8.544830322265625,257250,0.0,0.0
2014-06-04 00:00:00+08:00,8.535652603398354,8.645789825098436,8.535652603398354,8.544830322265625,107100,0.0,0.0
2014-06-05 00:00:00+08:00,8.54483101748731,8.902778625488281,8.54483101748731,8.902778625488281,169155,0.0,0.0
2014-06-06 00:00:00+08:00,9.123052563023316,9.132230282110376,8.902778114348001,8.911955833435059,90300,0.0,0.0
2014-06-09 00:00:00+08:00,8.921132960579868,8.921132960579868,8.719214882535093,8.728392601013184,85050,0.0,0.0
2014-06-10 00:00:00+08:00,8.719215738860031,8.719215738860031,8.535653079743522,8.554009437561035,68250,0.0,0.0
2014-06-11 00:00:00+08:00,8.554009862536947,8.554009862536947,8.324556757006395,8.352090835571289,78137,0.0,0.0
2014-06-12 00:00:00+08:00,8.352090729806752,8.407159805297852,8.306200293093497,8.407159805297852,57750,0.0,0.0
2014-06-13 00:00:00+08:00,8.443870544433594,8.480584175882694,8.443870544433594,8.443870544433594,32550,0.0,0.0
2014-06-16 00:00:00+08:00,8.443871324859503,8.627433984719568,8.443871324859503,8.535653114318848,49350,0.0,0.0
2014-06-17 00:00:00+08:00,8.535652671638397,8.581543104458763,8.462228162937524,8.526474952697754,51450,0.0,0.0
2014-06-18 00:00:00+08:00,8.443870612149666,8.453049249850183,8.370446105838253,8.425515174865723,64207,0.0,0.0
2014-06-19 00:00:00+08:00,8.416336537165204,8.471405606192674,8.388801543122197,8.425515174865723,24420,0.0,0.0
2014-06-20 00:00:00+08:00,8.397981272865666,8.397981272865666,8.278666319712018,8.352090835571289,50400,0.0,0.0
2014-06-23 00:00:00+08:00,8.269487214458485,8.269487214458485,8.131815910339355,8.131815910339355,116025,0.0,0.0
2014-06-24 00:00:00+08:00,8.085924836608335,8.214418411254883,8.085924836608335,8.214418411254883,86100,0.0,0.0
2014-06-25 00:00:00+08:00,8.214418786186082,8.324556009616046,8.168527433953228,8.260309219360352,40950,0.0,0.0
2014-06-26 00:00:00+08:00,8.333734716270937,8.333734716270937,8.223596572875977,8.223596572875977,76650,0.0,0.0
2014-06-27 00:00:00+08:00,8.223596945146523,8.379625529156614,8.223596945146523,8.28784465789795,18900,0.0,0.0
2014-06-30 00:00:00+08:00,8.352090835571289,8.370447194300773,8.324556757006395,8.352090835571289,79800,0.0,0.0
2014-07-01 00:00:00+08:00,8.315377540982182,8.397980690002441,8.315377540982182,8.397980690002441,119700,0.0,0.0
2014-07-02 00:00:00+08:00,8.397980180822714,8.69168004418546,8.397980180822714,8.425515174865723,57750,0.0,0.0
2014-07-03 00:00:00+08:00,8.443870544433594,8.443870544433594,8.443870544433594,8.443870544433594,8400,0.0,0.0
2014-07-04 00:00:00+08:00,8.443871603233264,8.526475675999238,8.407159805297852,8.407159805297852,54600,0.0,0.0
2014-07-07 00:00:00+08:00,8.443870987703523,8.535652773498105,8.443870987703523,8.471405982971191,32820,0.0,0.0
2014-07-08 00:00:00+08:00,8.535652671638397,8.618255818338488,8.526474952697754,8.526474952697754,34476,0.0,0.0
2014-07-09 00:00:00+08:00,8.581543667052106,8.994559427629264,8.581543667052106,8.921133995056152,260400,0.0,0.0
2014-07-10 00:00:00+08:00,9.132230458075872,9.132230458075872,8.7651060635235,8.820174217224121,141395,0.0,0.0
2014-07-11 00:00:00+08:00,8.810996573351169,8.810996573351169,8.45304989499994,8.572365760803223,155400,0.0,0.0
2014-07-14 00:00:00+08:00,8.52647574782326,8.52647574782326,8.361269439016978,8.370447158813477,65100,0.0,0.0
2014-07-15 00:00:00+08:00,8.609077750191116,8.609077750191116,8.407158751101573,8.443870544433594,69300,0.0,0.0
2014-07-16 00:00:00+08:00,8.480584144592285,8.480584144592285,8.397980082489036,8.480584144592285,46418,0.0,0.0
2014-07-17 00:00:00+08:00,8.554009164978837,8.554009164978837,8.453049659729004,8.453049659729004,32820,0.0,0.0
2014-07-18 00:00:00+08:00,8.40715952813439,8.563187191627339,8.397980889659143,8.535653114318848,46200,0.0,0.0
2014-07-21 00:00:00+08:00,8.535652671638397,8.609078099397845,8.526474952697754,8.526474952697754,47250,0.0,0.0
2014-07-22 00:00:00+08:00,8.59072085742424,8.59072085742424,8.489761353384422,8.508118629455566,10500,0.0,0.0
2014-07-23 00:00:00+08:00,8.508118629455566,8.508118629455566,8.508118629455566,8.508118629455566,0,0.0,0.0
2014-07-24 00:00:00+08:00,8.508119002546563,8.654968946028045,8.48976172567043,8.554009437561035,25200,0.0,0.0
2014-07-25 00:00:00+08:00,8.563187191627339,8.563187191627339,8.51729675642698,8.535653114318848,35700,0.0,0.0
2014-07-28 00:00:00+08:00,8.535652841265856,8.98538037852481,8.535652841265856,8.664146423339844,145707,0.0,0.0
2014-07-29 00:00:00+08:00,8.554009472210717,8.71003805476229,8.535653114318848,8.535653114318848,81900,0.0,0.0
2014-07-30 00:00:00+08:00,8.590721408749028,9.132230758666992,8.590721408749028,9.132230758666992,441000,0.0,0.0
2014-07-31 00:00:00+08:00,9.63702753848049,9.728808403015137,9.453463971294067,9.728808403015137,2964203,0.0,0.0
2014-08-01 00:00:00+08:00,9.682917748459591,10.050042117228763,9.269902029418045,9.361682891845703,1917300,0.0,0.0
2014-08-04 00:00:00+08:00,9.36168346450428,10.004152297973633,9.36168346450428,10.004152297973633,1890586,0.0,0.0
2014-08-05 00:00:00+08:00,10.09593296502535,10.60073048638227,9.774699014215111,10.554839134216309,3434949,0.0,0.0
2014-08-06 00:00:00+08:00,10.830183784140358,10.830183784140358,9.958261861704415,10.23360538482666,1329405,0.0,0.0
2014-08-07 00:00:00+08:00,10.233605768054176,10.463058865758361,9.866481363162661,10.050043106079102,879900,0.0,0.0
2014-08-08 00:00:00+08:00,10.004152086807043,10.004152086807043,9.361683266898854,9.407573699951172,1193850,0.0,0.0
2014-08-11 00:00:00+08:00,9.637028128695933,9.637028128695933,9.178121939800066,9.22401237487793,418006,0.0,0.0
2014-08-12 00:00:00+08:00,9.315793040387183,9.361683474456937,9.04044951691005,9.104697227478027,337630,0.0,0.0
2014-08-13 00:00:00+08:00,9.11387395886602,9.545246057796898,9.05880580602112,9.123052597045898,544320,0.0,0.0
2014-08-14 00:00:00+08:00,9.16894271292074,9.22401178291522,8.810996055603027,8.810996055603027,239400,0.0,0.0
2014-08-15 00:00:00+08:00,8.810996935056616,8.810996935056616,8.37962572708163,8.407159805297852,373800,0.0,0.0
2014-08-18 00:00:00+08:00,8.407159156953163,8.416336875964584,7.939075268081881,8.260309219360352,228480,0.0,0.0
2014-08-19 00:00:00+08:00,8.241952280927672,8.342911789482947,8.241952280927672,8.324556350708008,139650,0.0,0.0
2014-08-20 00:00:00+08:00,8.186884977804368,8.361268997192383,8.177706339434222,8.361268997192383,80851,0.0,0.0
2014-08-21 00:00:00+08:00,8.27866524318435,8.480584243893192,8.196061180113873,8.425515174865723,139650,0.0,0.0
2014-08-22 00:00:00+08:00,8.425514914409641,9.012913703918457,8.425514914409641,9.012913703918457,373800,0.0,0.0
2014-08-25 00:00:00+08:00,9.01291472682465,9.040449723141514,8.847709344216572,8.994559288024902,200970,0.0,0.0
2014-08-26 00:00:00+08:00,8.98538003131777,9.077161814294472,8.829352378845215,8.829352378845215,95550,0.0,0.0
2014-08-27 00:00:00+08:00,8.838531174802426,9.067984281620754,8.838531174802426,8.985381126403809,141750,0.0,0.0
2014-08-28 00:00:00+08:00,9.086340676517146,9.086340676517146,8.856888487846788,8.967024803161621,97920,0.0,0.0
2014-08-29 00:00:00+08:00,8.957846781289474,9.012914937090667,8.875243628529041,8.902778625488281,65100,0.0,0.0
2014-09-01 00:00:00+08:00,8.902778625488281,9.040449934049906,8.902778625488281,8.902778625488281,49350,0.0,0.0
2014-09-02 00:00:00+08:00,8.921133995056152,8.948668991800387,8.820174484797443,8.921133995056152,80850,0.0,0.0
2014-09-03 00:00:00+08:00,8.856887373267504,9.003737306971669,8.829352378845215,8.829352378845215,73500,0.0,0.0
2014-09-04 00:00:00+08:00,8.829353454915507,8.985381126403809,8.810997096083002,8.985381126403809,48300,0.0,0.0
2014-09-05 00:00:00+08:00,8.98537989638343,9.59113597869873,8.91195539016325,9.59113597869873,515258,0.0,0.0
2014-09-09 00:00:00+08:00,9.728808772592778,10.23360538482666,9.453464330411935,10.23360538482666,1539300,0.0,0.0
2014-09-10 00:00:00+08:00,10.187715321570794,10.600731080814068,10.141824885890127,10.279496192932129,953667,0.0,0.0
2014-09-11 00:00:00+08:00,10.279495204923323,10.371276067463183,9.59113597869873,9.59113597869873,449875,0.0,0.0
2014-09-12 00:00:00+08:00,9.591136384745626,9.774699036655136,9.178121566772461,9.178121566772461,312045,0.0,0.0
2014-09-15 00:00:00+08:00,9.269903182983398,9.407574493756979,9.269903182983398,9.269903182983398,71400,0.0,0.0
2014-09-16 00:00:00+08:00,9.269902768564812,9.45346450805664,9.150587821706846,9.45346450805664,79800,0.0,0.0
2014-09-17 00:00:00+08:00,9.453463619014745,10.095932403991638,9.453463619014745,9.912370681762695,1079595,0.0,0.0
2014-09-18 00:00:00+08:00,9.82059018660835,9.958261483410318,9.591136187154602,9.728808403015137,348687,0.0,0.0
2014-09-19 00:00:00+08:00,9.728808930758172,10.37127685546875,9.728808930758172,10.37127685546875,632100,0.0,0.0
2014-09-22 00:00:00+08:00,10.279496354370108,10.554839891836977,10.004152816903241,10.417167663574219,630000,0.0,0.0
2014-09-23 00:00:00+08:00,10.417167318356487,10.738402200637871,10.371276883475895,10.600730895996094,1209600,0.0,0.0
2014-09-24 00:00:00+08:00,10.921964247461698,11.334979057312012,10.738401599162355,11.334979057312012,7314692,0.0,0.0
2014-09-25 00:00:00+08:00,11.426761448883362,11.74799633026123,10.921964828499412,11.74799633026123,2409250,0.0,0.0
2014-09-26 00:00:00+08:00,11.656214339901867,11.977448296659773,11.151417728257188,11.610323905944824,3644602,0.0,0.0
2014-09-29 00:00:00+08:00,11.610323695738611,11.610323695738611,10.876074008543785,11.013745307922363,1012410,0.0,0.0
2014-09-30 00:00:00+08:00,10.967854478926332,11.151417123864238,10.325385681172932,10.50894832611084,1327357,0.0,0.0
2014-10-01 00:00:00+08:00,10.600731080814068,10.692511952175403,10.233605757251462,10.279496192932129,674100,0.0,0.0
2014-10-02 00:00:00+08:00,10.371277227172849,10.646621683698365,10.325386790771478,10.417167663574219,425408,0.0,0.0
2014-10-03 00:00:00+08:00,10.463058627043083,11.105527469768564,10.371276838620235,11.059636116027832,1464751,0.0,0.0
2014-10-06 00:00:00+08:00,11.013746046659815,11.7938871383667,10.8301843018428,11.7938871383667,2096229,0.0,0.0
2014-10-07 00:00:00+08:00,11.793886353843318,12.57402647459703,11.6562141353298,11.702104568481445,4901768,0.0,0.0
2014-10-08 00:00:00+08:00,11.380869904265719,11.472651691288593,10.921964645385742,10.921964645385742,1669584,0.0,0.0
2014-10-09 00:00:00+08:00,11.151417356560735,11.243198221415604,10.554838977828382,11.1055269241333,1249529,0.0,0.0
2014-10-13 00:00:00+08:00,10.646621302125986,10.738402171639322,10.37127685546875,10.37127685546875,735000,0.0,0.0
2014-10-14 00:00:00+08:00,10.09593281018541,10.876073837280273,9.912371080571154,10.876073837280273,685650,0.0,0.0
2014-10-15 00:00:00+08:00,10.830184146848707,11.151418114739847,10.64662148560007,10.967855453491211,1208656,0.0,0.0
2014-10-16 00:00:00+08:00,10.921964852554302,10.921964852554302,10.233605572589594,10.830183982849121,779100,0.0,0.0
2014-10-17 00:00:00+08:00,10.83018436911747,10.9219652420961,10.279496374069746,10.646621704101562,306600,0.0,0.0
2014-10-20 00:00:00+08:00,10.83018319505137,11.105526703196784,10.600730118420435,10.738401412963867,777218,0.0,0.0
2014-10-21 00:00:00+08:00,10.78429350793513,11.197308339132798,10.417167273302352,11.059636116027832,583905,0.0,0.0
2014-10-22 00:00:00+08:00,11.197308710535472,11.7938871383667,11.013746046659815,11.7938871383667,2419292,0.0,0.0
2014-10-23 00:00:00+08:00,11.793885983805374,12.206900788270257,11.47265112370557,11.885666847229004,2236846,0.0,0.0
2014-10-24 00:00:00+08:00,11.931557037338226,11.931557037338226,11.059635176235124,11.289088249206543,1159229,0.0,0.0
2014-10-27 00:00:00+08:00,11.289088418273757,11.289088418273757,10.50894832611084,10.50894832611084,895650,0.0,0.0
2014-10-28 00:00:00+08:00,10.50894832611084,10.784292753046975,10.371276112642771,10.50894832611084,326643,0.0,0.0
2014-10-29 00:00:00+08:00,10.600731391946596,11.243199348449707,10.600731391946596,11.243199348449707,1114050,0.0,0.0
2014-10-30 00:00:00+08:00,11.289089225570187,11.74799633026123,10.830183958996374,11.74799633026123,1499644,0.0,0.0
2014-10-31 00:00:00+08:00,11.793887267414553,12.528137011892648,11.518542809058944,12.390464782714844,3600658,0.0,0.0
2014-11-03 00:00:00+08:00,12.482244862450493,13.2164945602417,12.482244862450493,13.2164945602417,3180076,0.0,0.0
2014-11-04 00:00:00+08:00,13.583620252050125,14.134307311171447,12.39046434458151,13.262385368347168,8121330,0.0,0.0
2014-11-05 00:00:00+08:00,13.354166214888878,13.537728861324316,12.344572119023235,12.803479194641113,4831260,0.0,0.0
2014-11-06 00:00:00+08:00,12.665807180475522,13.124713344296644,12.436354098564962,12.711698532104492,1397775,0.0,0.0
2014-11-07 00:00:00+08:00,12.849369460536408,13.583619117736816,12.80347902928486,13.583619117736816,4158262,0.0,0.0
2014-11-10 00:00:00+08:00,13.950743486807747,14.134306130872487,13.400056473672079,13.583619117736816,3806250,0.0,0.0
2014-11-11 00:00:00+08:00,13.767182710998974,14.501432418823242,13.4918391854472,14.501432418823242,6142995,0.0,0.0
2014-11-12 00:00:00+08:00,14.501432410519577,15.052119461307797,13.9048540062835,14.960338592529297,6019285,0.0,0.0
2014-11-13 00:00:00+08:00,14.730884693279323,15.327462145724148,13.950743675231934,13.950743675231934,5483100,0.0,0.0
2014-11-14 00:00:00+08:00,13.40005721563854,13.90485382547345,12.987041473388672,12.987041473388672,3713850,0.0,0.0
2014-11-17 00:00:00+08:00,12.849370610679198,12.895261046038383,12.115120887756348,12.115120887756348,4110946,0.0,0.0
2014-11-18 00:00:00+08:00,12.206901758474718,12.252792193833903,11.289089375056498,12.115120887756348,3914400,0.0,0.0
2014-11-19 00:00:00+08:00,12.252791602243668,12.252791602243668,11.472651481628418,11.472651481628418,2860344,0.0,0.0
2014-11-20 00:00:00+08:00,11.656214924027154,11.79388715185602,11.518542696198285,11.564434051513672,1162140,0.0,0.0
2014-11-21 00:00:00+08:00,11.56443327289917,12.252791608521525,11.33497926894694,12.1610107421875,2762854,0.0,0.0
2014-11-24 00:00:00+08:00,12.115120307030962,12.298682039668869,11.931557655334473,11.931557655334473,1717800,0.0,0.0
2014-11-25 00:00:00+08:00,12.069230236865982,12.757589512136992,11.931558014188335,12.665807723999023,2497950,0.0,0.0
2014-11-26 00:00:00+08:00,12.665808133024417,12.895261232191302,12.02333927154541,12.02333927154541,2411851,0.0,0.0
2014-11-27 00:00:00+08:00,12.02333927154541,12.252792370712296,11.931558399502112,12.02333927154541,914550,0.0,0.0
2014-11-28 00:00:00+08:00,12.115120515552416,12.298682251349726,11.839776992797852,11.839776992797852,669952,0.0,0.0
2014-12-01 00:00:00+08:00,11.472651683086033,12.436354472256308,11.472651683086033,11.839776992797852,1340850,0.0,0.0
2014-12-02 00:00:00+08:00,11.013745307922363,11.013745307922363,11.013745307922363,11.013745307922363,5817000,0.0,0.0
2014-12-03 00:00:00+08:00,10.784293174743652,10.784293174743652,10.784293174743652,10.784293174743652,2247413,0.0,0.0
2014-12-04 00:00:00+08:00,10.921964645385742,10.921964645385742,10.921964645385742,10.921964645385742,1094156,0.0,0.0
2014-12-05 00:00:00+08:00,11.013745341065086,11.105527126652243,10.784293174743652,10.784293174743652,382252,0.0,0.0
2014-12-08 00:00:00+08:00,10.78429313787037,10.83018357097775,10.46305826800155,10.554839134216309,699300,0.0,0.0
2014-12-09 00:00:00+08:00,10.463057904818454,11.01374492110928,10.463057904818454,10.738401412963867,720871,0.0,0.0
2014-12-10 00:00:00+08:00,10.921964437192509,10.921964437192509,10.554839134216309,10.554839134216309,318721,0.0,0.0
2014-12-11 00:00:00+08:00,10.187715321570794,10.554839726074768,10.187715321570794,10.279496192932129,741300,0.0,0.0
2014-12-12 00:00:00+08:00,10.463059019034237,10.692512120099735,10.371277227172849,10.417167663574219,513457,0.0,0.0
2014-12-15 00:00:00+08:00,10.279495249703093,10.784292753046975,10.279495249703093,10.50894832611084,329700,0.0,0.0
2014-12-16 00:00:00+08:00,10.646620539578906,10.646620539578906,10.463057894641,10.50894832611084,261450,0.0,0.0
2014-12-17 00:00:00+08:00,10.554839891836977,10.784293911961123,10.417167663574219,10.417167663574219,555450,0.0,0.0
2014-12-18 00:00:00+08:00,10.417167311999956,11.105527511023281,10.371276877147366,10.830183982849121,2757478,0.0,0.0
2014-12-19 00:00:00+08:00,10.921964437192509,11.013745303407267,10.46305826800155,10.554839134216309,851550,0.0,0.0
2014-12-22 00:00:00+08:00,10.646620539578906,10.738401402518585,10.50894832611084,10.50894832611084,285600,0.0,0.0
2014-12-23 00:00:00+08:00,10.646621126741092,10.738401994742494,10.463058471679688,10.463058471679688,289329,0.0,0.0
2014-12-24 00:00:00+08:00,10.646620756203884,11.151417350760227,10.46305810753106,10.876073837280273,1896518,0.0,0.0
2014-12-25 00:00:00+08:00,10.876074582396209,11.610324308332123,10.830184146848707,10.967855453491211,3126120,0.0,0.0
2014-12-26 00:00:00+08:00,11.013745511259884,11.334979468132486,11.013745511259884,11.15141773223877,720867,0.0,0.0
2014-12-29 00:00:00+08:00,10.967855077286455,11.426761255137942,10.967855077286455,11.15141773223877,829500,0.0,0.0
2014-12-30 00:00:00+08:00,11.2890888257381,11.2890888257381,11.013745307922363,11.013745307922363,275100,0.0,0.0
2014-12-31 00:00:00+08:00,11.151418114739847,11.151418114739847,10.92196501794371,10.967855453491211,127050,0.0,0.0
2015-01-05 00:00:00+08:00,10.967854907800799,10.967854907800799,10.738401822420782,10.784293174743652,153310,0.0,0.0
2015-01-06 00:00:00+08:00,10.554839134216309,10.692511352597029,10.50894870110893,10.554839134216309,267789,0.0,0.0
2015-01-07 00:00:00+08:00,10.554839134216309,11.059635736514647,10.554839134216309,10.554839134216309,628950,0.0,0.0
2015-01-08 00:00:00+08:00,10.646620917161867,10.692511350259213,10.279495614265937,10.325386047363281,793843,0.0,0.0
2015-01-09 00:00:00+08:00,10.417167290225418,10.508949078797368,10.325386420712082,10.37127685546875,200550,0.0,0.0
2015-01-12 00:00:00+08:00,10.371276480460628,10.417166913557974,10.325386047363281,10.325386047363281,191100,0.0,0.0
2015-01-13 00:00:00+08:00,10.279495816618281,10.508948905680388,10.279495816618281,10.463058471679688,158275,0.0,0.0
2015-01-14 00:00:00+08:00,10.463059019034237,10.508949455435607,10.371277227172849,10.417167663574219,151305,0.0,0.0
2015-01-15 00:00:00+08:00,10.417166913557974,10.4630582657139,10.325386047363281,10.325386047363281,135450,0.0,0.0
2015-01-16 00:00:00+08:00,10.371276691651401,10.371276691651401,9.774699211120605,9.774699211120605,239400,0.0,0.0
2015-01-19 00:00:00+08:00,9.86648162017822,9.912372057102747,9.178122309134345,9.269903182983398,803250,0.0,0.0
2015-01-20 00:00:00+08:00,9.269902040750672,9.682917760297137,9.269902040750672,9.59113597869873,340266,0.0,0.0
2015-01-21 00:00:00+08:00,9.774699213542096,9.774699213542096,9.453464337122611,9.545246124267578,88265,0.0,0.0
2015-01-22 00:00:00+08:00,9.59113597869873,9.682917760297137,9.453463765830394,9.59113597869873,154350,0.0,0.0
2015-01-23 00:00:00+08:00,9.682917760297137,9.728808191567067,9.59113597869873,9.59113597869873,111570,0.0,0.0
2015-01-26 00:00:00+08:00,9.59113673173413,9.59113673173413,9.315793203437769,9.45346450805664,109200,0.0,0.0
2015-01-27 00:00:00+08:00,9.45346413300349,9.591136351219022,9.407573699951172,9.407573699951172,95615,0.0,0.0
2015-01-28 00:00:00+08:00,9.407573903079427,9.637027911412545,9.407573903079427,9.545246124267578,128914,0.0,0.0
2015-01-29 00:00:00+08:00,9.453463765830394,9.59113597869873,9.453463765830394,9.59113597869873,73500,0.0,0.0
2015-01-30 00:00:00+08:00,9.591137143522888,9.591137143522888,9.453464913934539,9.499356269836426,81900,0.0,0.0
2015-02-02 00:00:00+08:00,9.499355861988215,9.59113673173413,9.407574073183683,9.45346450805664,82950,0.0,0.0
2015-02-03 00:00:00+08:00,9.499355687871116,9.774699211120605,9.4534643347807,9.774699211120605,266735,0.0,0.0
2015-02-04 00:00:00+08:00,9.866481507699131,10.417167663574219,9.866481507699131,10.417167663574219,763350,0.0,0.0
2015-02-05 00:00:00+08:00,10.417166913557974,10.554839131908594,10.141824314973897,10.325386047363281,1278900,0.0,0.0
2015-02-06 00:00:00+08:00,10.279496582930133,10.279496582930133,10.050043476762847,10.09593391418457,234307,0.0,0.0
2015-02-09 00:00:00+08:00,10.141824896595956,10.279496203783285,10.004152670349992,10.050043106079102,156450,0.0,0.0
2015-02-10 00:00:00+08:00,9.912371432274652,9.958261866306467,9.682918343056976,9.774699211120605,105000,0.0,0.0
2015-02-11 00:00:00+08:00,9.866480631384112,10.371276306023198,9.866480631384112,10.187714576721191,497700,0.0,0.0
2015-02-12 00:00:00+08:00,10.095933588549816,10.32538668731631,9.72880918195861,9.82059097290039,225750,0.0,0.0
2015-02-13 00:00:00+08:00,9.866480618875672,9.958261483410318,9.682917970747814,9.728808403015137,187950,0.0,0.0
2015-02-24 00:00:00+08:00,10.050042947689587,10.050042947689587,9.637028113578111,9.682918548583984,96600,0.0,0.0
2015-02-25 00:00:00+08:00,9.728808403015137,9.77469883528246,9.682917970747814,9.728808403015137,61950,0.0,0.0
2015-02-26 00:00:00+08:00,9.72880918195861,9.912371844783532,9.68291874601704,9.82059097290039,96600,0.0,0.0
2015-03-02 00:00:00+08:00,9.77469941859573,9.77469941859573,9.637028113578111,9.682918548583984,152250,0.0,0.0
2015-03-03 00:00:00+08:00,9.774698471032456,10.004151542877167,9.774698471032456,9.912370681762695,228900,0.0,0.0
2015-03-04 00:00:00+08:00,9.866480827331543,10.1877147790483,9.866480827331543,9.866480827331543,246750,0.0,0.0
2015-03-05 00:00:00+08:00,9.958261861704415,10.508948907948906,9.912371427693808,10.23360538482666,530250,0.0,0.0
2015-03-06 00:00:00+08:00,10.371276686858483,10.371276686858483,10.141824516805446,10.23360538482666,222600,0.0,0.0
2015-03-09 00:00:00+08:00,10.187715332325066,10.279496203783285,10.004152670349992,10.050043106079102,247810,0.0,0.0
2015-03-10 00:00:00+08:00,10.095932786759413,10.141824138115062,9.958261489868164,9.958261489868164,110520,0.0,0.0
2015-03-11 00:00:00+08:00,9.958261489868164,10.004151922165248,9.866480625273999,9.958261489868164,74550,0.0,0.0
2015-03-12 00:00:00+08:00,9.91237179889177,10.279496203783285,9.91237179889177,10.050043106079102,166950,0.0,0.0
2015-03-13 00:00:00+08:00,10.141824519095136,10.187714953116105,9.958261863952664,10.004152297973633,143850,0.0,0.0
2015-03-16 00:00:00+08:00,10.004152297973633,10.004152297973633,10.004152297973633,10.004152297973633,0,0.0,0.0
2015-03-17 00:00:00+08:00,10.463058089732769,10.50894852205827,10.187714576721191,10.187714576721191,201601,0.0,0.0
2015-03-18 00:00:00+08:00,10.3253858912618,10.876073837280273,10.187714594051107,10.876073837280273,3746400,0.0,0.0
2015-03-19 00:00:00+08:00,11.059635352623758,11.105526703196784,10.69251098144939,10.738401412963867,2245957,0.0,0.0
2015-03-20 00:00:00+08:00,10.830183779564974,10.876074213556196,10.600730690550273,10.692511558532715,483000,0.0,0.0
2015-03-23 00:00:00+08:00,10.738401785704408,10.78429313787037,10.46305826800155,10.554839134216309,694050,0.0,0.0
2015-03-24 00:00:00+08:00,10.554839513554036,10.60073086736932,10.37127685546875,10.37127685546875,368550,0.0,0.0
2015-03-25 00:00:00+08:00,10.371276686858483,10.508948907948906,10.187714950816053,10.23360538482666,268800,0.0,0.0
2015-03-26 00:00:00+08:00,10.233605009046693,10.371276306023198,10.187714576721191,10.187714576721191,161700,0.0,0.0
2015-03-27 00:00:00+08:00,10.233605212285182,10.325386078758946,9.820590394094662,9.866480827331543,389590,0.0,0.0
2015-03-30 00:00:00+08:00,9.82059018660835,10.004151915677642,9.728808403015137,9.728808403015137,299250,0.0,0.0
2015-03-31 00:00:00+08:00,9.82059018660835,9.912371051142996,9.63702753848049,9.728808403015137,147000,0.0,0.0
2015-04-01 00:00:00+08:00,9.63702790902516,9.820590564211022,9.591136555934746,9.774699211120605,80850,0.0,0.0
2015-04-02 00:00:00+08:00,9.774698471032456,9.958261112319931,9.728808040475222,9.912370681762695,227881,0.0,0.0
2015-04-07 00:00:00+08:00,9.912371063709614,10.187714576721191,9.637027550698036,10.187714576721191,455701,0.0,0.0
2015-04-08 00:00:00+08:00,10.187714953116105,10.325386255179009,10.004152297973633,10.004152297973633,940800,0.0,0.0
2015-04-09 00:00:00+08:00,10.004152300338282,10.004152300338282,9.774699211120605,9.774699211120605,244650,0.0,0.0
2015-04-10 00:00:00+08:00,9.866480998242837,9.866480998242837,9.72880877708879,9.774699211120605,65168,0.0,0.0
2015-04-13 00:00:00+08:00,9.912371260568424,9.958261693805307,9.820590394094662,9.866480827331543,112350,0.0,0.0
2015-04-14 00:00:00+08:00,9.912371057571082,10.004151922165248,9.912371057571082,9.958261489868164,82950,0.0,0.0
2015-04-15 00:00:00+08:00,10.004152716666674,10.004152716666674,9.68291874601704,9.82059097290039,111301,0.0,0.0
2015-04-16 00:00:00+08:00,9.774698471032456,9.912370681762695,9.774698471032456,9.912370681762695,40950,0.0,0.0
2015-04-17 00:00:00+08:00,9.958261866306467,9.958261866306467,9.72880877708879,9.774699211120605,97650,0.0,0.0
2015-04-20 00:00:00+08:00,9.77469904016616,9.82059039245396,9.637027740478516,9.637027740478516,57750,0.0,0.0
2015-04-21 00:00:00+08:00,9.68291813638224,9.728808569434557,9.315792833846537,9.407573699951172,216300,0.0,0.0
2015-04-22 00:00:00+08:00,9.407573323059532,9.499355104545732,9.178121166990389,9.361682891845703,142800,0.0,0.0
2015-04-23 00:00:00+08:00,9.407573736215271,9.958261692141605,9.315792869756843,9.637027740478516,323400,0.0,0.0
2015-04-24 00:00:00+08:00,9.682918548583984,10.233605606771699,9.682918548583984,9.682918548583984,393750,0.0,0.0
2015-04-27 00:00:00+08:00,9.77469883528246,10.095932780212289,9.728808403015137,9.728808403015137,235200,0.0,0.0
2015-04-28 00:00:00+08:00,9.728808191567067,9.958261266975263,9.59113597869873,9.59113597869873,93450,0.0,0.0
2015-04-29 00:00:00+08:00,9.591136388190716,9.82059039245396,9.453464169444487,9.637027740478516,144900,0.0,0.0
2015-04-30 00:00:00+08:00,9.637027550698036,10.279495441372195,9.499355334662965,10.187714576721191,809550,0.0,0.0
2015-05-04 00:00:00+08:00,10.095932993515952,10.095932993515952,9.866480827331543,9.866480827331543,262509,0.0,0.0
2015-05-05 00:00:00+08:00,9.866480618875672,10.004151915677642,9.728808403015137,9.728808403015137,150150,0.0,0.0
2015-05-06 00:00:00+08:00,9.728808779498912,9.82059056664388,9.499355690224395,9.545246124267578,149100,0.0,0.0
2015-05-07 00:00:00+08:00,9.59113597869873,9.728808191567067,9.5452455474288,9.59113597869873,113400,0.0,0.0
2015-05-08 00:00:00+08:00,9.728808955411619,9.912371613962065,9.45346450805664,9.45346450805664,151269,0.0,0.0
2015-05-11 00:00:00+08:00,9.545245951532895,9.591136384745626,9.178121566772461,9.178121566772461,340357,0.0,0.0
2015-05-12 00:00:00+08:00,9.178121166990389,9.361682891845703,8.99455852307653,9.361682891845703,301350,0.0,0.0
2015-05-13 00:00:00+08:00,9.269902809955791,9.315793245033653,9.178121939800066,9.22401237487793,102900,0.0,0.0
2015-05-14 00:00:00+08:00,9.224012746058872,9.269903182983398,9.095519155046734,9.269903182983398,98701,0.0,0.0
2015-05-15 00:00:00+08:00,9.269903166561614,9.728809373111238,9.132230936973265,9.499356269836426,295050,0.0,0.0
2015-05-18 00:00:00+08:00,9.637028516496928,9.637028516496928,9.269903182983398,9.269903182983398,117600,0.0,0.0
2015-05-19 00:00:00+08:00,9.361684040248077,9.591137143522888,9.269903166561614,9.499356269836426,133350,0.0,0.0
2015-05-20 00:00:00+08:00,9.637028516496928,9.637028516496928,9.224012746058872,9.269903182983398,414750,0.0,0.0
2015-05-21 00:00:00+08:00,9.224012549284655,9.269902985230209,9.141409396959201,9.150588035583496,61950,0.0,0.0
2015-05-22 00:00:00+08:00,9.178121737755411,9.224012171823054,9.086339950561523,9.086339950561523,66150,0.0,0.0
2015-05-25 00:00:00+08:00,9.104697661377637,9.104697661377637,8.654969180320828,8.673325538635254,275100,0.0,0.0
2015-05-26 00:00:00+08:00,8.60907816579025,8.60907816579025,8.214418786186082,8.260309219360352,510300,0.0,0.0
2015-05-27 00:00:00+08:00,8.241952212558092,8.526475297088774,7.966609604514587,8.342911720275879,429450,0.0,0.0
2015-05-28 00:00:00+08:00,8.342911894178478,8.388802329808952,8.269487380981445,8.269487380981445,57750,0.0,0.0
2015-05-29 00:00:00+08:00,8.278665545386373,8.508118629455566,8.08592517534231,8.508118629455566,382200,0.0,0.0
2015-06-01 00:00:00+08:00,8.719214970017434,8.99455847488366,8.443870546092672,8.462227821350098,321300,0.0,0.0
2015-06-02 00:00:00+08:00,8.462227819687413,8.682502255913697,8.370446038711012,8.443870544433594,91350,0.0,0.0
2015-06-03 00:00:00+08:00,8.498940027050729,8.948668478097552,8.342911451319086,8.719215393066406,391650,0.0,0.0
2015-06-04 00:00:00+08:00,8.719215393066406,8.875243049739465,8.443870955782163,8.719215393066406,111300,0.0,0.0
2015-06-05 00:00:00+08:00,8.719215566885055,8.719215566885055,8.397980690002441,8.397980690002441,123921,0.0,0.0
2015-06-08 00:00:00+08:00,8.397980923823429,8.700859451683487,8.269487337116239,8.51729679107666,183750,0.0,0.0
2015-06-09 00:00:00+08:00,8.407159116436905,8.407159116436905,7.819759368896484,7.819759368896484,218400,0.0,0.0
2015-06-10 00:00:00+08:00,7.810580933269174,8.003321308101944,7.571949664764816,7.948253154754639,384300,0.0,0.0
2015-06-11 00:00:00+08:00,8.003321517742277,8.003321517742277,7.691265730247939,7.847293853759766,307650,0.0,0.0
2015-06-12 00:00:00+08:00,7.6912651979255395,7.948252812843665,7.6912651979255395,7.893184661865234,115500,0.0,0.0
2015-06-15 00:00:00+08:00,7.884006023996454,8.104280466027301,7.783046521791247,7.893184661865234,29400,0.0,0.0
2015-06-16 00:00:00+08:00,7.893184661865234,8.040034596238653,7.6820870195860405,7.893184661865234,74550,0.0,0.0
2015-06-17 00:00:00+08:00,7.838115558078595,8.113459068960852,7.838115558078595,7.90236234664917,161700,0.0,0.0
2015-06-18 00:00:00+08:00,7.902362686661922,8.07674670327686,7.73715638921257,7.966609477996826,182700,0.0,0.0
2015-06-22 00:00:00+08:00,7.994143210590402,8.37962486107241,7.90236234664917,7.90236234664917,154560,0.0,0.0
2015-06-23 00:00:00+08:00,7.9574308054701195,8.397980623749756,7.9574308054701195,7.975787162780762,219450,0.0,0.0
2015-06-24 00:00:00+08:00,8.040034503085087,8.177705797994637,7.984965433686136,8.15934944152832,79800,0.0,0.0
2015-06-25 00:00:00+08:00,8.15017186307716,8.186885499840168,8.095103705579326,8.104281425476074,29467,0.0,0.0
2015-06-26 00:00:00+08:00,8.076747311318362,8.260309979976629,8.076747311318362,8.122637748718262,127247,0.0,0.0
2015-06-29 00:00:00+08:00,7.966609067563427,8.19606122546789,7.801402778625373,7.929896354675293,65100,0.0,0.0
2015-06-30 00:00:00+08:00,7.920718090848834,7.975787162780762,7.828937223354217,7.975787162780762,25200,0.0,0.0
2015-07-01 00:00:00+08:00,7.984965500225824,8.728392888484702,7.975786862386903,8.14099407196045,400050,0.0,0.0
2015-07-02 00:00:00+08:00,8.177706241805351,8.48976156149258,8.131815807678324,8.186884880065918,76650,0.0,0.0
2015-07-03 00:00:00+08:00,8.13181556774865,8.232775071284456,8.012499707291918,8.049211502075195,125192,0.0,0.0
2015-07-06 00:00:00+08:00,8.122637067591254,8.131815705736756,7.994143486022949,7.994143486022949,27300,0.0,0.0
2015-07-07 00:00:00+08:00,7.9757872283900655,8.168527603149414,7.957430870928422,8.168527603149414,32593,0.0,0.0
2015-07-08 00:00:00+08:00,7.975787197162412,8.260309358115984,7.727977750988385,7.966609477996826,134400,0.0,0.0
2015-07-09 00:00:00+08:00,7.388387685835518,8.113459691395175,7.388387685835518,8.058390617370605,157500,0.0,0.0
2015-07-10 00:00:00+08:00,8.058390617370605,8.058390617370605,8.058390617370605,8.058390617370605,0,0.0,0.0
2015-07-13 00:00:00+08:00,8.067568096639679,8.241952113937383,7.984965866650188,8.168527603149414,30450,0.0,0.0
2015-07-14 00:00:00+08:00,8.260309600845922,8.43469362258515,8.076746940612793,8.076746940612793,46200,0.0,0.0
2015-07-15 00:00:00+08:00,8.122636967577494,8.416336841562613,7.865649807605158,8.278665542602539,153300,0.0,0.0
2015-07-16 00:00:00+08:00,8.287844658103994,8.370446890803668,8.159350151656582,8.269487380981445,80850,0.0,0.0
2015-07-17 00:00:00+08:00,8.269486743824364,8.61825568204915,8.122636809686334,8.58154296875,256200,0.0,0.0
2015-07-20 00:00:00+08:00,8.58154350764735,8.89359975216926,8.508118995496758,8.783462524414062,265650,0.0,0.0
2015-07-21 00:00:00+08:00,8.783462603003626,8.783462603003626,8.443871359210478,8.51729679107666,95550,0.0,0.0
2015-07-22 00:00:00+08:00,8.59989911425394,8.59989911425394,8.453049183721385,8.462227821350098,35700,0.0,0.0
2015-07-23 00:00:00+08:00,8.434693404913357,8.719215566885055,8.186884876911177,8.397980690002441,128100,0.0,0.0
2015-07-24 00:00:00+08:00,8.370446722247681,8.370446722247681,8.122637271962912,8.131815910339355,33600,0.0,0.0
2015-07-27 00:00:00+08:00,8.140994454783607,8.572365638916649,7.480168342590332,7.480168342590332,126066,0.0,0.0
2015-07-28 00:00:00+08:00,7.535237415037756,7.663730998356475,7.461812904166461,7.480168342590332,217396,0.0,0.0
2015-07-29 00:00:00+08:00,7.480168240620176,7.5352373123168945,7.370031475814625,7.5352373123168945,79800,0.0,0.0
2015-07-30 00:00:00+08:00,7.296606230449425,7.773868313789265,7.296606230449425,7.443456172943115,111300,0.0,0.0
2015-07-31 00:00:00+08:00,7.489346878765591,7.5352373123168945,7.415922368895224,7.5352373123168945,18900,0.0,0.0
2015-08-03 00:00:00+08:00,7.37003157628339,7.581127849214641,7.278249788871016,7.480168342590332,117600,0.0,0.0
2015-08-04 00:00:00+08:00,7.360853233093056,7.801403045654297,7.1405778672831435,7.801403045654297,194169,0.0,0.0
2015-08-05 00:00:00+08:00,7.5352373123536935,7.764690399169922,7.5260591337375295,7.764690399169922,93450,0.0,0.0
2015-08-06 00:00:00+08:00,7.691265730247939,7.893185208162741,7.489347171391764,7.847293853759766,111300,0.0,0.0
2015-08-07 00:00:00+08:00,7.663731329979479,7.8105812771351255,7.581128177263262,7.783047199249268,130200,0.0,0.0
2015-08-10 00:00:00+08:00,8.260309357873009,8.554009237983529,7.810580899483314,7.957430839538574,285600,0.0,0.0
2015-08-11 00:00:00+08:00,8.021677457701891,8.076746528680774,7.819759368896484,7.819759368896484,47296,0.0,0.0
2015-08-12 00:00:00+08:00,7.9115395442696945,8.388801108196127,7.654552406915692,8.15017032623291,188107,0.0,0.0
2015-08-13 00:00:00+08:00,8.076746468026252,8.51729627537314,8.076746468026252,8.29702091217041,254100,0.0,0.0
2015-08-14 00:00:00+08:00,8.297021354428356,8.35209042792904,8.122637333597453,8.324556350708008,168066,0.0,0.0
2015-08-17 00:00:00+08:00,8.269487311645808,8.333735023860143,7.9849660616872615,8.30620002746582,97650,0.0,0.0
2015-08-18 00:00:00+08:00,8.241952113937383,8.241952113937383,7.8381159260156466,8.168527603149414,124950,0.0,0.0
2015-08-19 00:00:00+08:00,8.003321876231588,8.122637748718262,7.66373153660193,8.122637748718262,180600,0.0,0.0
2015-08-20 00:00:00+08:00,7.939075999118663,8.159350466261648,7.939075999118663,8.122637748718262,38915,0.0,0.0
2015-08-21 00:00:00+08:00,7.911540170728723,8.076746463268817,7.810580667614381,8.067567825317383,66260,0.0,0.0
2015-08-24 00:00:00+08:00,7.654553498366322,8.058390617370605,7.26907273737023,8.058390617370605,361200,0.0,0.0
2015-08-25 00:00:00+08:00,7.269072399328364,8.040034804526245,7.269072399328364,8.012499809265137,227850,0.0,0.0
2015-08-26 00:00:00+08:00,7.617840422095106,8.012500286297067,7.6086631620300444,8.003321647644043,174300,0.0,0.0
2015-08-27 00:00:00+08:00,7.801403113670492,7.994143486022949,7.773868118292576,7.994143486022949,277200,0.0,0.0
2015-08-28 00:00:00+08:00,7.93907536630652,8.205240249633789,7.838115860638875,8.205240249633789,317100,0.0,0.0
2015-08-31 00:00:00+08:00,8.205240148116077,8.352090085708891,8.140994276918967,8.260309219360352,296146,0.0,0.0
2015-09-01 00:00:00+08:00,8.122637469808204,8.342911929387542,8.122637469808204,8.251131057739258,359100,0.0,0.0
2015-09-02 00:00:00+08:00,8.150171076103955,8.471405946410744,8.131815638082843,8.241951942443848,249900,0.0,0.0
2015-09-03 00:00:00+08:00,8.260309218582126,8.352090084922018,8.131815638082843,8.241951942443848,98700,0.0,0.0
2015-09-04 00:00:00+08:00,8.241951533994264,8.241951533994264,8.030855735685586,8.23277473449707,61950,0.0,0.0
2015-09-07 00:00:00+08:00,8.223596298159382,8.223596298159382,8.02167729440583,8.14099407196045,45150,0.0,0.0
2015-09-08 00:00:00+08:00,8.113459552645082,8.205240422057836,8.021677764173715,8.131815910339355,70350,0.0,0.0
2015-09-09 00:00:00+08:00,8.214418359330592,8.526474575381897,8.196061084144505,8.480584144592285,238350,0.0,0.0
2015-09-10 00:00:00+08:00,8.443870566653333,8.443870566653333,8.214418411254883,8.214418411254883,51450,0.0,0.0
2015-09-11 00:00:00+08:00,8.315376992006785,8.315376992006785,8.214418411254883,8.214418411254883,29400,0.0,0.0
2015-09-14 00:00:00+08:00,8.003321139278992,8.352090085708891,8.003321139278992,8.260309219360352,27300,0.0,0.0
2015-09-15 00:00:00+08:00,8.416337326434142,8.4438714040007,8.241952384356255,8.269487380981445,37800,0.0,0.0
2015-09-16 00:00:00+08:00,8.30619927177819,8.30619927177819,8.186884334806205,8.196061134338379,70350,0.0,0.0
2015-09-17 00:00:00+08:00,8.269487040684364,8.627433710554307,8.186884811383848,8.205240249633789,99750,0.0,0.0
2015-09-18 00:00:00+08:00,8.260309112653205,8.260309112653205,8.05839010642452,8.067567825317383,170100,0.0,0.0
2015-09-21 00:00:00+08:00,7.81975913506944,8.06756764941797,7.81975913506944,7.929896354675293,126000,0.0,0.0
2015-09-22 00:00:00+08:00,8.003321066246787,8.003321066246787,7.838115692138672,7.838115692138672,55713,0.0,0.0
2015-09-23 00:00:00+08:00,7.91154009889414,7.91154009889414,7.764690164531699,7.884006023406982,25201,0.0,0.0
2015-09-24 00:00:00+08:00,7.939074991718021,8.352089794967743,7.920717716217041,7.920717716217041,162750,0.0,0.0
2015-09-25 00:00:00+08:00,8.067568765092652,8.076747404113288,7.856472015380859,7.856472015380859,36752,0.0,0.0
2015-09-29 00:00:00+08:00,7.856472015380859,7.856472015380859,7.856472015380859,7.856472015380859,0,0.0,0.0
2015-09-30 00:00:00+08:00,7.617840727195177,8.076747404113288,7.617840727195177,7.856472015380859,44100,0.0,0.0
2015-10-01 00:00:00+08:00,7.691265528781646,8.003321308101944,7.691265528781646,7.948253154754639,37800,0.0,0.0
2015-10-02 00:00:00+08:00,7.8840059230944,7.975786786256185,7.874827285343091,7.929896354675293,14700,0.0,0.0
2015-10-05 00:00:00+08:00,7.939074993133545,8.021677218551376,7.718799634843674,7.939074993133545,49350,0.0,0.0
2015-10-06 00:00:00+08:00,7.966609375908073,8.24195197605046,7.939075299705551,8.012499809265137,74550,0.0,0.0
2015-10-07 00:00:00+08:00,8.003321273717772,8.003321273717772,7.874827691047964,7.966609477996826,17850,0.0,0.0
2015-10-08 00:00:00+08:00,7.8472933100517315,7.929896455571765,7.810580596696481,7.884006023406982,50400,0.0,0.0
2015-10-12 00:00:00+08:00,7.9023623127018325,7.920717750164379,7.792225092633774,7.9115400314331055,28350,0.0,0.0
2015-10-13 00:00:00+08:00,7.893185336276886,8.003321647644043,7.783047186792445,8.003321647644043,22050,0.0,0.0
2015-10-14 00:00:00+08:00,8.095102885673734,8.095102885673734,7.801403011903523,7.819759368896484,82950,0.0,0.0
2015-10-15 00:00:00+08:00,7.865649835878316,7.865649835878316,7.7279776173647985,7.801403045654297,35700,0.0,0.0
2015-10-16 00:00:00+08:00,7.737156255430277,7.865649835878316,7.7279776173647985,7.801403045654297,34656,0.0,0.0
2015-10-19 00:00:00+08:00,7.80140297784049,7.82893705368042,7.691265295892908,7.82893705368042,43380,0.0,0.0
2015-10-20 00:00:00+08:00,7.828937121733567,7.828937121733567,7.792225326647401,7.801403045654297,18900,0.0,0.0
2015-10-21 00:00:00+08:00,7.874827554885212,7.874827554885212,7.682087184213153,7.801403045654297,35700,0.0,0.0
2015-10-22 00:00:00+08:00,7.672908884836026,8.352089950053813,7.672908884836026,8.333734512329102,313950,0.0,0.0
2015-10-23 00:00:00+08:00,8.333734359069757,8.352089796456907,7.939074993133545,7.939074993133545,404250,0.0,0.0
2015-10-26 00:00:00+08:00,7.975787534690329,8.140994758189695,7.819759868862217,8.040035247802734,94500,0.0,0.0
2015-10-27 00:00:00+08:00,8.03085592379032,8.03085592379032,7.874827352219953,7.90236234664917,39210,0.0,0.0
2015-10-28 00:00:00+08:00,7.893184967496335,7.966609477996826,7.838115895327019,7.966609477996826,25200,0.0,0.0
2015-10-29 00:00:00+08:00,7.874827386127674,7.984965526201661,7.755512446302032,7.893184661865234,59850,0.0,0.0
2015-10-30 00:00:00+08:00,7.884006663219416,8.02167797088623,7.727978078326662,8.02167797088623,56815,0.0,0.0
2015-11-02 00:00:00+08:00,7.920717784190569,8.01249956719036,7.90236234664917,7.90236234664917,16800,0.0,0.0
2015-11-03 00:00:00+08:00,7.902362380675452,7.920717818295887,7.737156089623034,7.893184661865234,38850,0.0,0.0
2015-11-04 00:00:00+08:00,7.7096221793510065,7.893184831016169,7.7096221793510065,7.801403045654297,75600,0.0,0.0
2015-11-05 00:00:00+08:00,7.801402911049286,7.948252846035959,7.801402911049286,7.865649700164795,24202,0.0,0.0
2015-11-06 00:00:00+08:00,7.86565035217742,7.920718507950619,7.773868560791016,7.773868560791016,45150,0.0,0.0
2015-11-09 00:00:00+08:00,7.773868118256791,7.8014031136345805,7.764690399169922,7.764690399169922,24150,0.0,0.0
2015-11-10 00:00:00+08:00,7.737156477033648,7.7922255498280295,7.617840152645821,7.69126558303833,31500,0.0,0.0
2015-11-11 00:00:00+08:00,7.691265600236823,7.700444238585716,7.535237479362455,7.682087421417236,71999,0.0,0.0
2015-11-12 00:00:00+08:00,7.526059470876987,7.627018980648113,6.920303790838183,7.608663082122803,84000,0.0,0.0
2015-11-13 00:00:00+08:00,7.801402836154339,7.801402836154339,7.461812537081272,7.663730621337891,31500,0.0,0.0
2015-11-16 00:00:00+08:00,7.608662909919151,7.682087421417236,7.608662909919151,7.682087421417236,11550,0.0,0.0
2015-11-17 00:00:00+08:00,7.617840135800691,7.80140325184675,7.544415624629153,7.709622383117676,36750,0.0,0.0
2015-11-18 00:00:00+08:00,7.608662741283011,7.764690399169922,7.397565552169816,7.764690399169922,47250,0.0,0.0
2015-11-19 00:00:00+08:00,7.636196884775128,7.737156390911748,7.636196884775128,7.727977752685547,8452,0.0,0.0
2015-11-20 00:00:00+08:00,7.608662504430963,7.691265190346492,7.599484326100508,7.654552936553955,21000,0.0,0.0
2015-11-23 00:00:00+08:00,7.636196579893046,7.672908833685583,7.553593893977515,7.654552936553955,27300,0.0,0.0
2015-11-24 00:00:00+08:00,7.516881656613511,8.076746400231329,7.516881656613511,7.645374774932861,35700,0.0,0.0
2015-11-25 00:00:00+08:00,7.645375148701271,7.7096224002958005,7.507703385771604,7.700444221496582,30450,0.0,0.0
2015-11-26 00:00:00+08:00,7.682086977917321,7.682086977917321,7.553593860449145,7.663730621337891,31500,0.0,0.0
2015-11-27 00:00:00+08:00,7.56277207230797,7.6637306553551285,7.526058899456871,7.654552936553955,26775,0.0,0.0
2015-11-30 00:00:00+08:00,7.654552902577454,7.663730621337891,7.6453747242877395,7.663730621337891,9450,0.0,0.0
2015-12-01 00:00:00+08:00,7.461812545425846,8.232774927331302,7.461812545425846,7.90236234664917,350700,0.0,0.0
2015-12-02 00:00:00+08:00,7.902362688634387,7.902362688634387,7.737156391143799,7.737156391143799,34650,0.0,0.0
2015-12-03 00:00:00+08:00,7.581127812821089,7.746335029370275,7.553594195788157,7.737156391143799,50400,0.0,0.0
2015-12-04 00:00:00+08:00,7.737156390911748,7.737156390911748,7.59948462951682,7.727977752685547,11689,0.0,0.0
2015-12-07 00:00:00+08:00,7.727977978079724,7.737156616573629,7.553594415869718,7.627018928527832,40950,0.0,0.0
2015-12-08 00:00:00+08:00,7.61783991499852,7.62701855304055,7.4801681563660045,7.571949481964111,19950,0.0,0.0
2015-12-09 00:00:00+08:00,7.489346612421139,7.773867841755915,7.443455720972563,7.663730621337891,43050,0.0,0.0
2015-12-10 00:00:00+08:00,7.535237094255975,7.645374774932861,7.35167490583354,7.645374774932861,18900,0.0,0.0
2015-12-11 00:00:00+08:00,7.553594467488241,7.627018980648113,7.489347214297052,7.608663082122803,12600,0.0,0.0
2015-12-14 00:00:00+08:00,7.590306282043457,7.599484460536275,7.3700313768037,7.590306282043457,15750,0.0,0.0
2015-12-15 00:00:00+08:00,7.4801681563660045,7.581127660476851,7.4801681563660045,7.571949481964111,10500,0.0,0.0
2015-12-16 00:00:00+08:00,7.5535940439972125,7.571949481964111,7.461812718399105,7.571949481964111,5250,0.0,0.0
2015-12-17 00:00:00+08:00,7.571949481964111,7.691265343100438,7.571949481964111,7.571949481964111,26250,0.0,0.0
2015-12-18 00:00:00+08:00,7.571949481964111,7.581127660476851,7.516881789475543,7.571949481964111,6300,0.0,0.0
2015-12-21 00:00:00+08:00,7.470990045504299,7.56277229099209,7.470990045504299,7.55359411239624,19950,0.0,0.0
2015-12-22 00:00:00+08:00,7.480168463509249,7.544415715736483,7.397565772561421,7.425099849700928,34650,0.0,0.0
2015-12-23 00:00:00+08:00,7.43427799417782,7.544415680813952,7.415922555542194,7.452634811401367,39900,0.0,0.0
2015-12-24 00:00:00+08:00,7.46181299016646,7.46181299016646,7.443456172943115,7.443456172943115,13650,0.0,0.0
2015-12-25 00:00:00+08:00,7.443456207480137,7.443456207480137,7.360853516532311,7.425099849700928,34650,0.0,0.0
2015-12-28 00:00:00+08:00,7.425099424222097,7.434277602585767,7.259893592263888,7.415922164916992,59850,0.0,0.0
2015-12-29 00:00:00+08:00,7.4067435600256815,7.415922197959531,7.296605878700194,7.388387203216553,13650,0.0,0.0
2015-12-30 00:00:00+08:00,7.388387542415009,7.461812973022461,7.278249856033136,7.461812973022461,45150,0.0,0.0
2015-12-31 00:00:00+08:00,7.461812597206059,7.645374785891609,7.296605846189284,7.415922164916992,87150,0.0,0.0
2016-01-04 00:00:00+08:00,7.397565449616848,7.764690291527477,7.3424968382125755,7.36085319519043,58800,0.0,0.0
2016-01-05 00:00:00+08:00,7.342497331301203,7.38838776729834,7.158935127783333,7.351675510406494,127050,0.0,0.0
2016-01-06 00:00:00+08:00,7.3424973487854,7.3424973487854,7.168113323957573,7.3424973487854,130200,0.0,0.0
2016-01-07 00:00:00+08:00,7.3333181327891666,7.43427763571009,7.094687332387632,7.388387203216553,279300,0.0,0.0
2016-01-08 00:00:00+08:00,7.204825180053838,7.379209195178781,7.186468363291613,7.314962863922119,45150,0.0,0.0
2016-01-11 00:00:00+08:00,7.122222710279923,7.204825401306152,7.122222710279923,7.204825401306152,24150,0.0,0.0
2016-01-12 00:00:00+08:00,7.177291051875314,7.177291051875314,6.984550680910058,7.103865623474121,35192,0.0,0.0
2016-01-13 00:00:00+08:00,7.103865606966533,7.1405778615525275,7.030441097794544,7.122222423553467,36750,0.0,0.0
2016-01-14 00:00:00+08:00,6.984550648120164,7.1314005851745605,6.8927684035202645,7.1314005851745605,74555,0.0,0.0
2016-01-15 00:00:00+08:00,7.1314005851745605,7.140577844623042,6.975372010083814,7.1314005851745605,59850,0.0,0.0
2016-01-18 00:00:00+08:00,7.131400618653861,7.140577878145425,6.9753720428306165,7.103865623474121,72450,0.0,0.0
2016-01-19 00:00:00+08:00,6.984550798486448,7.076331666474375,6.975372160252496,7.039618492126465,26250,0.0,0.0
2016-01-20 00:00:00+08:00,7.021263156905853,7.021263156905853,6.681672377962911,6.993728160858154,63023,0.0,0.0
2016-01-21 00:00:00+08:00,6.8835911920292565,6.929481625354987,6.810165763461219,6.874413013458252,29400,0.0,0.0
2016-01-22 00:00:00+08:00,6.865234065059177,6.98455038108931,6.709205955462931,6.791809558868408,94500,0.0,0.0
2016-01-25 00:00:00+08:00,6.681672298741884,6.800987243652344,6.617425047627382,6.800987243652344,29586,0.0,0.0
2016-01-26 00:00:00+08:00,6.80098731267344,6.810165951026536,6.672494187728302,6.782631874084473,13650,0.0,0.0
2016-01-27 00:00:00+08:00,6.782631891310479,6.791810070157578,6.700028281686581,6.773453712463379,34650,0.0,0.0
2016-01-28 00:00:00+08:00,6.773453712463379,6.773453712463379,6.571534696885799,6.773453712463379,37800,0.0,0.0
2016-01-29 00:00:00+08:00,6.773453712381422,6.7918100700754,6.672494204593854,6.764275074005127,66150,0.0,0.0
2016-02-01 00:00:00+08:00,7.1314008085640745,7.34249708272186,6.966194049791202,7.021263122558594,63000,0.0,0.0
2016-02-02 00:00:00+08:00,7.149756073756033,7.232359221375188,6.929481626144011,7.094687461853027,42000,0.0,0.0
2016-02-03 00:00:00+08:00,7.15893496634388,7.342497165722282,7.02126320192775,7.204825401306152,65100,0.0,0.0
2016-02-15 00:00:00+08:00,7.2048253022625435,7.34249706478612,6.993728109561802,7.0304412841796875,42000,0.0,0.0
2016-02-16 00:00:00+08:00,7.030441097794544,7.250715544369093,6.993727924149967,7.122222423553467,145950,0.0,0.0
2016-02-17 00:00:00+08:00,7.131400896373997,7.287428099685576,6.984550952911377,6.984550952911377,95917,0.0,0.0
2016-02-18 00:00:00+08:00,7.048796361655007,7.094687253165392,6.9570154976927965,6.966193675994873,56700,0.0,0.0
2016-02-19 00:00:00+08:00,6.856056028820482,7.039618217155608,6.828521953311318,6.9478373527526855,38850,0.0,0.0
2016-02-22 00:00:00+08:00,7.122222544936394,7.122222544936394,6.837700843811035,6.837700843811035,111842,0.0,0.0
2016-02-23 00:00:00+08:00,6.865234581875763,6.975372268511653,6.773453712463379,6.773453712463379,96602,0.0,0.0
2016-02-24 00:00:00+08:00,6.709206227496246,7.15893467773674,6.709206227496246,7.113043785095215,312900,0.0,0.0
2016-02-25 00:00:00+08:00,7.11304380202427,7.333318249110682,7.039618373623076,7.103865623474121,298200,0.0,0.0
2016-02-26 00:00:00+08:00,7.002906305440159,7.186468502743553,6.929481794142244,7.021263122558594,139650,0.0,0.0
2016-03-01 00:00:00+08:00,6.947838059555424,7.0671539306640625,6.947838059555424,7.0671539306640625,107100,0.0,0.0
2016-03-02 00:00:00+08:00,7.177291120941873,7.177291120941873,6.975372109954123,7.076331615447998,148074,0.0,0.0
2016-03-03 00:00:00+08:00,7.168112976869257,7.296606099839566,7.002906220109437,7.0579752922058105,123900,0.0,0.0
2016-03-04 00:00:00+08:00,6.957015752677183,7.131400687278818,6.947837574038712,7.076331615447998,115710,0.0,0.0
2016-03-07 00:00:00+08:00,7.214003220648242,7.214003220648242,7.021262851977978,7.140577793121338,141855,0.0,0.0
2016-03-08 00:00:00+08:00,7.15893496634388,7.250715836268426,7.076331815788341,7.204825401306152,114450,0.0,0.0
2016-03-09 00:00:00+08:00,7.269072653594368,7.287428092332383,7.122222710279923,7.204825401306152,182700,0.0,0.0
2016-03-10 00:00:00+08:00,7.250715322927446,7.425099331061377,7.122222206036084,7.223181247711182,235200,0.0,0.0
2016-03-11 00:00:00+08:00,7.223181570668109,7.388387407940072,7.158934779585239,7.28742790222168,139793,0.0,0.0
2016-03-14 00:00:00+08:00,7.204825098630263,7.663730807562219,7.204825098630263,7.571949481964111,443362,0.0,0.0
2016-03-15 00:00:00+08:00,7.691265534772961,7.792225500929101,7.480168342777815,7.489346981048584,354900,0.0,0.0
2016-03-16 00:00:00+08:00,7.571949358982249,7.571949358982249,7.370031273098643,7.415922164916992,119700,0.0,0.0
2016-03-17 00:00:00+08:00,7.470989990523368,7.470989990523368,7.067153351982981,7.113043785095215,278250,0.0,0.0
2016-03-18 00:00:00+08:00,7.113043970127206,7.342497060715735,6.993728105684761,7.250715732574463,559650,0.0,0.0
2016-03-21 00:00:00+08:00,7.232359583229276,7.32414137354186,7.103865995850292,7.158935070037842,168000,0.0,0.0
2016-03-22 00:00:00+08:00,7.1956469662538245,7.250715578154056,7.085508823394775,7.085508823394775,43575,0.0,0.0
2016-03-23 00:00:00+08:00,7.149756159724751,7.149756159724751,6.97537214334689,7.048796653747559,78136,0.0,0.0
2016-03-24 00:00:00+08:00,6.975372245557862,7.103865829935812,6.9661940667409645,7.002906322479248,50400,0.0,0.0
2016-03-25 00:00:00+08:00,6.975371938885262,7.067153263489757,6.883591073810051,6.929481506347656,123922,0.0,0.0
2016-03-28 00:00:00+08:00,6.700028163293257,6.947837609198095,6.700028163293257,6.828522205352783,71440,0.0,0.0
2016-03-29 00:00:00+08:00,6.828522205596493,6.837700843811035,6.755096776114543,6.837700843811035,43050,0.0,0.0
2016-03-30 00:00:00+08:00,6.764274870253506,6.911125267852631,6.764274870253506,6.865234375,22050,0.0,0.0
2016-03-31 00:00:00+08:00,6.883591175079346,6.883591175079346,6.837700741866614,6.883591175079346,15487,0.0,0.0
2016-04-01 00:00:00+08:00,6.810165746692109,6.975372041504809,6.745919415911859,6.883591175079346,74741,0.0,0.0
2016-04-06 00:00:00+08:00,6.9294820006317845,6.9294820006317845,6.837701129009789,6.920303821563721,51451,0.0,0.0
2016-04-07 00:00:00+08:00,6.837700574748533,6.975371871021947,6.837700574748533,6.957015514373779,26250,0.0,0.0
2016-04-08 00:00:00+08:00,6.957015701175968,6.975372058317021,6.865234375,6.865234375,39952,0.0,0.0
2016-04-11 00:00:00+08:00,6.800987108614412,6.901946613117571,6.791809849124591,6.883591175079346,45150,0.0,0.0
2016-04-12 00:00:00+08:00,6.819344026667867,6.828522205352783,6.773453592772586,6.828522205352783,25200,0.0,0.0
2016-04-13 00:00:00+08:00,6.73674133756222,6.929481711357561,6.73674133756222,6.828522205352783,130202,0.0,0.0
2016-04-14 00:00:00+08:00,6.82852239584726,6.8468782941998665,6.7367415254962975,6.745919704437256,40950,0.0,0.0
2016-04-15 00:00:00+08:00,6.736741473701862,6.837700981746884,6.700028298690979,6.755096912384033,82950,0.0,0.0
2016-04-18 00:00:00+08:00,6.782631978145534,6.782631978145534,6.72756290435791,6.72756290435791,5250,0.0,0.0
2016-04-19 00:00:00+08:00,6.745919739231022,6.791810174643196,6.654137489818734,6.718384742736816,104345,0.0,0.0
2016-04-20 00:00:00+08:00,6.626603468396964,6.782631582638331,6.608246652008861,6.690850257873535,21000,0.0,0.0
2016-04-21 00:00:00+08:00,6.837700877633519,6.975372180005264,6.70002819667387,6.800987243652344,57060,0.0,0.0
2016-04-22 00:00:00+08:00,6.654137472605852,6.856056490767443,6.654137472605852,6.736741542816162,58800,0.0,0.0
2016-04-25 00:00:00+08:00,6.782631380712244,6.810165455651464,6.782631380712244,6.791809558868408,11550,0.0,0.0
2016-04-26 00:00:00+08:00,6.837700758347008,7.012084313069832,6.828522120247189,6.865234375,332851,0.0,0.0
2016-04-27 00:00:00+08:00,6.86523425745401,7.05797508507638,6.86523425745401,6.929481506347656,376950,0.0,0.0
2016-04-28 00:00:00+08:00,6.993727734646945,7.048796344798435,6.892768233094813,6.975371837615967,176400,0.0,0.0
2016-04-29 00:00:00+08:00,6.975372262708532,7.085509030194181,6.90194683199282,6.993728160858154,290850,0.0,0.0
2016-05-03 00:00:00+08:00,6.975372228585767,7.057975378207551,6.938659972936811,7.021263122558594,397118,0.0,0.0
2016-05-04 00:00:00+08:00,6.92948177721539,7.0946876165261,6.92948177721539,7.0304412841796875,455700,0.0,0.0
2016-05-05 00:00:00+08:00,6.929481608292077,7.039618372285057,6.883591175079346,6.883591175079346,33684,0.0,0.0
2016-05-06 00:00:00+08:00,6.745919345419917,6.81016567552882,6.681672096252441,6.681672096252441,138600,0.0,0.0
2016-05-09 00:00:00+08:00,6.700027902599334,6.700027902599334,6.241122202914357,6.498109817504883,360150,0.0,0.0
2016-05-10 00:00:00+08:00,6.29619110899082,6.589891450683301,6.268656572714534,6.571534633636475,124944,0.0,0.0
2016-05-11 00:00:00+08:00,6.38797242041341,6.580712795257568,6.38797242041341,6.580712795257568,80850,0.0,0.0
2016-05-12 00:00:00+08:00,6.470575402314161,6.553179474189319,6.323725454980208,6.4522199630737305,100808,0.0,0.0
2016-05-13 00:00:00+08:00,6.415506312366544,6.507287178013889,6.002491038365626,6.44304084777832,158550,0.0,0.0
2016-05-16 00:00:00+08:00,6.1952318996849485,6.424684524536133,6.1952318996849485,6.424684524536133,57759,0.0,0.0
2016-05-17 00:00:00+08:00,6.287012661345282,6.498109844709874,6.250300407409668,6.250300407409668,38856,0.0,0.0
2016-05-18 00:00:00+08:00,6.149340904910484,6.305369477607013,6.057560040306807,6.250300407409668,124950,0.0,0.0
2016-05-19 00:00:00+08:00,6.332903110638502,6.332903110638502,6.149340921409362,6.241122245788574,47250,0.0,0.0
2016-05-20 00:00:00+08:00,6.011669132393486,6.268656287843151,6.011669132393486,6.259478569030762,52584,0.0,0.0
2016-05-23 00:00:00+08:00,6.167698089306418,6.397150724040337,6.167698089306418,6.296191215515137,45151,0.0,0.0
2016-05-24 00:00:00+08:00,6.21358845636562,6.4063288328639265,6.21358845636562,6.32372522354126,75610,0.0,0.0
2016-05-25 00:00:00+08:00,6.30536975095047,6.424684696295946,6.287012933892953,6.351260185241699,45150,0.0,0.0
2016-05-26 00:00:00+08:00,6.351260185241699,6.479753309351283,6.351260185241699,6.351260185241699,44100,0.0,0.0
2016-05-27 00:00:00+08:00,6.415506534731464,6.452219709415619,6.287012950748093,6.3329033851623535,50400,0.0,0.0
2016-05-30 00:00:00+08:00,6.259478535052128,6.406328468663149,6.186053108717338,6.268656253814697,55650,0.0,0.0
2016-05-31 00:00:00+08:00,6.241122245788574,6.241122245788574,6.158519559329496,6.241122245788574,37800,0.0,0.0
2016-06-01 00:00:00+08:00,6.186053175443476,6.323724932247652,6.176874997052627,6.241122245788574,92400,0.0,0.0
2016-06-02 00:00:00+08:00,6.231944067397724,6.2686563214318385,6.19523181336361,6.241122245788574,28350,0.0,0.0
2016-06-03 00:00:00+08:00,6.296191011260043,6.461396847765495,6.296191011260043,6.39715051651001,67200,0.0,0.0
2016-06-06 00:00:00+08:00,6.23194420394268,6.4063286781311035,6.23194420394268,6.4063286781311035,25200,0.0,0.0
2016-06-07 00:00:00+08:00,6.4063286781311035,6.4063286781311035,6.4063286781311035,6.4063286781311035,0,0.0,0.0
2016-06-08 00:00:00+08:00,6.259478874049668,6.369615640928744,6.250300695260752,6.3420820236206055,36750,0.0,0.0
2016-06-13 00:00:00+08:00,6.167697737720346,6.296190856604388,6.130984564627663,6.241122245788574,54652,0.0,0.0
2016-06-14 00:00:00+08:00,6.167698313145323,6.29619144401733,6.149341495121711,6.195232391357422,101850,0.0,0.0
2016-06-15 00:00:00+08:00,6.19523181336361,6.241122245788574,6.19523181336361,6.241122245788574,2100,0.0,0.0
2016-06-16 00:00:00+08:00,6.1218059267075295,6.241122245788574,6.094272310593548,6.241122245788574,36750,0.0,0.0
2016-06-17 00:00:00+08:00,6.149340921409362,6.323724932247652,6.149340921409362,6.241122245788574,51450,0.0,0.0
2016-06-20 00:00:00+08:00,6.277834587294972,6.479753136119246,6.277834587294972,6.424684524536133,109200,0.0,0.0
2016-06-21 00:00:00+08:00,6.287012610398395,6.470574797647532,6.268656253814697,6.268656253814697,80852,0.0,0.0
2016-06-22 00:00:00+08:00,6.20440999175446,6.2778344998226885,6.20440999175446,6.241122245788574,21061,0.0,0.0
2016-06-23 00:00:00+08:00,6.268656338300385,6.323724949264384,6.167697754317219,6.2319440841674805,58800,0.0,0.0
2016-06-24 00:00:00+08:00,6.1309851366274275,6.222766010040194,6.103451058415328,6.195232391357422,43107,0.0,0.0
2016-06-27 00:00:00+08:00,6.057560072360146,6.2227654457092285,6.011669180286195,6.2227654457092285,48300,0.0,0.0
2016-06-28 00:00:00+08:00,6.222765893646281,6.516465785944001,6.195232275478513,6.461397171020508,155400,0.0,0.0
2016-06-29 00:00:00+08:00,6.5164655443054755,6.599069612450951,6.424684676012775,6.58989143371582,123900,0.0,0.0
2016-06-30 00:00:00+08:00,6.60824675471015,7.241537399947237,6.60824675471015,7.094687461853027,743505,0.0,0.0
2016-07-01 00:00:00+08:00,7.2048250422073785,7.314962723968448,6.984550597743813,7.140577793121338,154350,0.0,0.0
2016-07-04 00:00:00+08:00,7.131400635311299,7.131400635311299,6.984550697224486,7.085508823394775,56700,0.0,0.0
2016-07-05 00:00:00+08:00,7.085508773580676,7.1589346611664535,6.975372010083814,7.1314005851745605,32550,0.0,0.0
2016-07-06 00:00:00+08:00,7.131400832935455,7.562772480578403,7.021263146553582,7.461812973022461,324450,0.0,0.0
2016-07-07 00:00:00+08:00,7.434277602585767,7.5260589266931825,7.296605846189284,7.415922164916992,150150,0.0,0.0
2016-07-08 00:00:00+08:00,7.415922164916992,7.415922164916992,7.415922164916992,7.415922164916992,0,0.0,0.0
2016-07-11 00:00:00+08:00,7.406743835250096,7.434277911957633,7.269072532653809,7.269072532653809,21073,0.0,0.0
2016-07-12 00:00:00+08:00,7.2415374510707755,7.663730911189891,7.2415374510707755,7.526059150695801,89250,0.0,0.0
2016-07-13 00:00:00+08:00,7.526059202390312,7.617840070330593,7.415922436579555,7.516881942749023,17850,0.0,0.0
2016-07-14 00:00:00+08:00,7.516882080665901,7.617840210099812,7.4342780113220215,7.4342780113220215,12600,0.0,0.0
2016-07-15 00:00:00+08:00,7.434277908413447,7.571949670473404,7.434277908413447,7.480168342590332,19950,0.0,0.0
2016-07-18 00:00:00+08:00,7.480168272825533,7.984965801239014,7.443456017732287,7.984965801239014,318151,0.0,0.0
2016-07-19 00:00:00+08:00,7.9849658696919095,8.076746737976485,7.7922254948591405,7.948253154754639,123900,0.0,0.0
2016-07-20 00:00:00+08:00,7.939075094033448,8.030855958369873,7.737156089623034,7.893184661865234,66150,0.0,0.0
2016-07-21 00:00:00+08:00,7.89318489983256,8.379625149786454,7.89318489983256,7.994143486022949,463050,0.0,0.0
2016-07-22 00:00:00+08:00,8.12263737590642,8.12263737590642,7.948253354167191,8.076746940612793,139650,0.0,0.0
2016-07-25 00:00:00+08:00,8.07674677709258,8.35209030233841,7.709622383117676,7.709622383117676,208950,0.0,0.0
2016-07-26 00:00:00+08:00,7.7555126625746205,7.7555126625746205,7.544415473937988,7.544415473937988,98700,0.0,0.0
2016-07-27 00:00:00+08:00,7.617839967916914,7.9666093752359295,7.617839967916914,7.792225360870361,44105,0.0,0.0
2016-07-28 00:00:00+08:00,7.783047051903705,7.783047051903705,7.55359441590507,7.61784029006958,102931,0.0,0.0
2016-07-29 00:00:00+08:00,7.700444360244572,7.700444360244572,7.5352375984112205,7.627018928527832,12600,0.0,0.0
2016-08-01 00:00:00+08:00,7.61784029006958,7.700444360280612,7.526059419481851,7.61784029006958,14700,0.0,0.0
2016-08-02 00:00:00+08:00,7.617839763702855,7.764690157460849,7.498524823994788,7.654552936553955,66150,0.0,0.0
2016-08-03 00:00:00+08:00,7.617840227794706,7.617840227794706,7.2690726466948785,7.425099849700928,296100,0.0,0.0
2016-08-04 00:00:00+08:00,7.333318266609149,7.397565516613497,7.094687461853027,7.094687461853027,323400,0.0,0.0
2016-08-05 00:00:00+08:00,7.076331564238221,7.388387338041447,6.9937279570897735,7.094687461853027,208950,0.0,0.0
2016-08-08 00:00:00+08:00,7.195647309156518,7.278250001178583,7.094687799587207,7.1681132316589355,76650,0.0,0.0
2016-08-09 00:00:00+08:00,7.158934867931118,7.2048253022625435,6.947837675230377,7.0304412841796875,85050,0.0,0.0
2016-08-10 00:00:00+08:00,7.0212628309521525,7.085508701257943,6.929481506347656,6.929481506347656,35700,0.0,0.0
2016-08-11 00:00:00+08:00,6.929481879465912,7.186468591231533,6.929481879465912,6.984550952911377,102900,0.0,0.0
2016-08-12 00:00:00+08:00,6.975372245557862,7.158934902837196,6.94783770910717,7.002906322479248,44100,0.0,0.0
2016-08-15 00:00:00+08:00,6.856056568087279,7.076331946662159,6.856056568087279,6.920303821563721,40950,0.0,0.0
2016-08-16 00:00:00+08:00,6.938659772035621,7.1864682946673435,6.938659772035621,7.122222423553467,31500,0.0,0.0
2016-08-17 00:00:00+08:00,7.1222226084235665,7.296606166880448,7.1222226084235665,7.250715732574463,25470,0.0,0.0
2016-08-18 00:00:00+08:00,7.250715715633281,7.434277911957633,7.241537536887668,7.269072532653809,102900,0.0,0.0
2016-08-19 00:00:00+08:00,7.269072329359739,7.434277704043266,7.250715512852596,7.36085319519043,10605,0.0,0.0
2016-08-22 00:00:00+08:00,7.351675016701503,7.425099525554339,7.2782495887900875,7.36085319519043,5250,0.0,0.0
2016-08-23 00:00:00+08:00,7.360853523518915,7.360853523518915,7.15893496634388,7.204825401306152,40950,0.0,0.0
2016-08-24 00:00:00+08:00,7.204825180053838,7.314962863922119,7.204825180053838,7.314962863922119,7350,0.0,0.0
2016-08-25 00:00:00+08:00,7.232359583229276,7.360853630137577,7.158935070037842,7.158935070037842,43050,0.0,0.0
2016-08-26 00:00:00+08:00,7.149756124231616,7.5811277629875775,7.149756124231616,7.526059150695801,283500,0.0,0.0
2016-08-29 00:00:00+08:00,7.5260592364851515,7.8014032201412675,7.480168342777815,7.489346981048584,192150,0.0,0.0
2016-08-30 00:00:00+08:00,7.489346778151751,7.682087147913056,7.480168140129645,7.590306282043457,39900,0.0,0.0
2016-08-31 00:00:00+08:00,7.617840018005664,7.672909089826737,7.397565568838557,7.526059150695801,33600,0.0,0.0
2016-09-01 00:00:00+08:00,7.526059236296518,7.608662844967655,7.42509972967221,7.480168342590332,38850,0.0,0.0
2016-09-02 00:00:00+08:00,7.43427763571009,7.6453748199565,7.388387203216553,7.388387203216553,33600,0.0,0.0
2016-09-05 00:00:00+08:00,7.250715339639483,7.342496662806889,7.214003086090088,7.214003086090088,33716,0.0,0.0
2016-09-06 00:00:00+08:00,7.296606047159894,7.370031476091612,7.168112925117275,7.314962863922119,19950,0.0,0.0
2016-09-07 00:00:00+08:00,7.305784392418529,7.461812503584708,7.2140030694626684,7.223181247711182,37187,0.0,0.0
2016-09-08 00:00:00+08:00,7.223181665018785,7.939075473998969,7.113043979202871,7.709622383117676,1005913,0.0,0.0
2016-09-09 00:00:00+08:00,7.571949599852593,8.11345938335932,7.571949599852593,7.984965801239014,364455,0.0,0.0
2016-09-12 00:00:00+08:00,7.86565035217742,7.948253504895862,7.617840434492772,7.773868560791016,123900,0.0,0.0
2016-09-13 00:00:00+08:00,7.773868313874722,8.05839047954752,7.452634811401367,7.452634811401367,134400,0.0,0.0
2016-09-14 00:00:00+08:00,7.59030648748518,7.59030648748518,7.3516752188009145,7.480168342590332,129150,0.0,0.0
2016-09-19 00:00:00+08:00,7.553594301752471,7.847293726535751,7.461812973022461,7.461812973022461,94500,0.0,0.0
2016-09-20 00:00:00+08:00,7.470990232789781,7.498525228796882,7.388387542415009,7.461812973022461,32550,0.0,0.0
2016-09-21 00:00:00+08:00,7.351674965848426,7.553593972149523,7.351674965848426,7.379209041595459,42000,0.0,0.0
2016-09-22 00:00:00+08:00,7.351675102021539,7.7555126625746205,7.342496923426094,7.544415473937988,189000,0.0,0.0
2016-09-23 00:00:00+08:00,7.617839771209548,7.957430531653882,7.461812577555192,7.893184661865234,307941,0.0,0.0
2016-09-26 00:00:00+08:00,7.75551312136341,7.865650351965484,7.672909509117872,7.783047199249268,133693,0.0,0.0
2016-09-27 00:00:00+08:00,7.783047199249268,7.783047199249268,7.783047199249268,7.783047199249268,0,0.0,0.0
2016-09-28 00:00:00+08:00,7.783047199249268,7.783047199249268,7.783047199249268,7.783047199249268,0,0.0,0.0
2016-09-29 00:00:00+08:00,7.8564710294486755,7.97578688833288,7.783046521791247,7.893184661865234,114450,0.0,0.0
2016-09-30 00:00:00+08:00,7.828937222455311,8.251130683375829,7.682087283045626,8.205240249633789,395874,0.0,0.0
2016-10-03 00:00:00+08:00,8.214419488862355,8.397981237261636,8.040035460259572,8.370447158813477,290850,0.0,0.0
2016-10-04 00:00:00+08:00,8.352090462711526,8.53565312275297,8.269487311645808,8.30620002746582,131473,0.0,0.0
2016-10-05 00:00:00+08:00,8.397981292176327,8.517297164663,8.122637748718262,8.122637748718262,233573,0.0,0.0
2016-10-06 00:00:00+08:00,8.260309390857442,8.269487110059407,8.113459450215792,8.186884880065918,34650,0.0,0.0
2016-10-07 00:00:00+08:00,8.18688395607298,8.18688395607298,8.030855394780552,8.15017032623291,17850,0.0,0.0
2016-10-11 00:00:00+08:00,8.150171558998712,8.407159654282312,8.012500251331897,8.02167797088623,73500,0.0,0.0
2016-10-12 00:00:00+08:00,8.021677866825266,8.076746940612793,7.874827922450489,8.076746940612793,34344,0.0,0.0
2016-10-13 00:00:00+08:00,8.150171074920138,8.196061508083417,7.893184833017483,8.030856132507324,77700,0.0,0.0
2016-10-14 00:00:00+08:00,7.939074993133545,7.984965424718524,7.801402779320057,7.939074993133545,19950,0.0,0.0
2016-10-17 00:00:00+08:00,7.893184933741251,8.076746668736776,7.73715635612474,7.984965801239014,28778,0.0,0.0
2016-10-18 00:00:00+08:00,7.9849658696919095,8.04921174224423,7.838115929001428,7.948253154754639,32550,0.0,0.0
2016-10-19 00:00:00+08:00,7.948253491960465,8.058390722386264,7.893185336276886,8.003321647644043,13650,0.0,0.0
2016-10-20 00:00:00+08:00,7.902362776491474,8.003321364694962,7.700444221496582,7.700444221496582,29400,0.0,0.0
2016-10-21 00:00:00+08:00,7.627018440929132,8.168527288986684,7.627018440929132,7.865649700164795,47250,0.0,0.0
2016-10-24 00:00:00+08:00,7.865650203015214,8.260309600845922,7.865650203015214,8.076746940612793,483223,0.0,0.0
2016-10-25 00:00:00+08:00,8.076747346727158,8.26031001619017,7.957431473717398,8.104281425476074,53550,0.0,0.0
2016-10-26 00:00:00+08:00,7.984966001750247,8.16852774135521,7.9023628513045665,8.113459587097168,385350,0.0,0.0
2016-10-27 00:00:00+08:00,8.104280361582779,8.26030893181415,7.920717716217041,7.920717716217041,39900,0.0,0.0
2016-10-28 00:00:00+08:00,7.9390761028741474,8.150171933860756,7.9390761028741474,8.085926055908203,61162,0.0,0.0
2016-10-31 00:00:00+08:00,8.085925306644617,8.122637102207307,7.966609443654738,7.975787162780762,43417,0.0,0.0
2016-11-01 00:00:00+08:00,7.975787431531641,8.076746940612793,7.975787431531641,8.076746940612793,7350,0.0,0.0
2016-11-02 00:00:00+08:00,8.003321100265778,8.003321100265778,7.810580730438232,7.810580730438232,26250,0.0,0.0
2016-11-03 00:00:00+08:00,7.838115895096462,8.342911587536657,7.77386818470485,7.957430839538574,67200,0.0,0.0
2016-11-04 00:00:00+08:00,7.957430497390486,8.095102712360895,7.90236234664917,7.90236234664917,10501,0.0,0.0
2016-11-07 00:00:00+08:00,7.902362481331667,7.984965627910032,7.82893705368042,7.82893705368042,23442,0.0,0.0
2016-11-08 00:00:00+08:00,7.828937487156863,8.186885088187847,7.828937487156863,8.076746940612793,98700,0.0,0.0
2016-11-09 00:00:00+08:00,8.095103438881077,8.260309744049096,7.360853704278016,8.003321647644043,151200,0.0,0.0
2016-11-10 00:00:00+08:00,8.003321069302167,8.058390140064946,7.939075198666789,8.049211502075195,44100,0.0,0.0
2016-11-11 00:00:00+08:00,8.801818540439962,8.847708973634475,8.471405950945737,8.719215393066406,903244,0.0,0.0
2016-11-14 00:00:00+08:00,8.994559082426239,9.31579303995834,8.71921555896178,9.086339950561523,1034655,0.0,0.0
2016-11-15 00:00:00+08:00,9.178121737755411,9.178121737755411,8.893599576042263,9.086339950561523,269850,0.0,0.0
2016-11-16 00:00:00+08:00,8.95784552338348,9.159763598064568,8.92113281196564,9.031270027160645,260400,0.0,0.0
2016-11-17 00:00:00+08:00,9.031270776891452,9.591136455785945,8.976202624251725,9.141408920288086,1300092,0.0,0.0
2016-11-18 00:00:00+08:00,9.178122043706024,9.86648133484277,9.15976476659671,9.168943405151367,1321956,0.0,0.0
2016-11-21 00:00:00+08:00,9.095518748424128,10.050042918580937,9.095518748424128,9.45346450805664,4389000,0.0,0.0
2016-11-22 00:00:00+08:00,9.499355904403725,9.591136774559448,9.159764662898576,9.22401237487793,1032976,0.0,0.0
2016-11-23 00:00:00+08:00,9.224012597857385,9.315793470231803,8.847709550628444,8.902778625488281,659400,0.0,0.0
2016-11-24 00:00:00+08:00,8.921133995056152,9.10469757648893,8.902778555971512,8.921133995056152,449402,0.0,0.0
2016-11-25 00:00:00+08:00,8.948668513840087,9.086339813973506,8.893599442351565,8.930312156677246,161700,0.0,0.0
2016-11-28 00:00:00+08:00,8.90277875275711,9.820591165856356,8.90277875275711,9.499356269836426,2045899,0.0,0.0
2016-11-29 00:00:00+08:00,9.453463977424557,10.371276299600476,9.315792680533308,9.958261489868164,1866364,0.0,0.0
2016-11-30 00:00:00+08:00,9.958261859554772,10.55483933968109,9.728808770492666,10.463058471679688,944055,0.0,0.0
2016-12-01 00:00:00+08:00,10.5548395403007,11.013745727147507,9.45346450805664,9.45346450805664,3031350,0.0,0.0
2016-12-02 00:00:00+08:00,9.178121939800066,9.45346455026724,9.132230585663583,9.22401237487793,864573,0.0,0.0
2016-12-05 00:00:00+08:00,9.269902603359439,9.453464339579886,9.269902603359439,9.31579303741455,382200,0.0,0.0
2016-12-06 00:00:00+08:00,9.407574493756979,9.49935628666469,9.224012746058872,9.269903182983398,325718,0.0,0.0
2016-12-07 00:00:00+08:00,9.269902809955791,9.361683680111517,9.178121939800066,9.22401237487793,147346,0.0,0.0
2016-12-08 00:00:00+08:00,9.315793619907925,9.545246723589218,9.224012746058872,9.269903182983398,327600,0.0,0.0
2016-12-09 00:00:00+08:00,9.361683680111517,9.499355904403725,9.22401237487793,9.22401237487793,128100,0.0,0.0
2016-12-12 00:00:00+08:00,9.269902433197924,9.407573732836118,9.178121566772461,9.178121566772461,144900,0.0,0.0
2016-12-13 00:00:00+08:00,9.269902605890696,9.269902605890696,9.086339950561523,9.086339950561523,390818,0.0,0.0
2016-12-14 00:00:00+08:00,9.113874400144958,9.361683857121317,9.113874400144958,9.150588035583496,107370,0.0,0.0
2016-12-15 00:00:00+08:00,9.178121634753632,9.224012068306267,9.132230282142404,9.141408920288086,54600,0.0,0.0
2016-12-16 00:00:00+08:00,9.178121566772461,9.178121566772461,9.113873857404336,9.178121566772461,63157,0.0,0.0
2016-12-19 00:00:00+08:00,9.168943475048225,9.178122113672854,9.132230758666992,9.132230758666992,92400,0.0,0.0
2016-12-20 00:00:00+08:00,9.178121566009825,9.361683298845499,9.150587489896191,9.159764289855957,203175,0.0,0.0
2016-12-21 00:00:00+08:00,9.269903182983398,9.361684056832452,9.178122309134345,9.269903182983398,149236,0.0,0.0
2016-12-22 00:00:00+08:00,9.31579316303255,9.31579316303255,8.342911720275879,8.342911720275879,1978200,0.0,0.0
2016-12-23 00:00:00+08:00,8.35209057945896,8.508119164345707,7.96660981513635,8.040035247802734,1134252,0.0,0.0
2016-12-26 00:00:00+08:00,8.040034032005194,8.168526681623696,8.040034032005194,8.15017032623291,309763,0.0,0.0
2016-12-27 00:00:00+08:00,8.150171933860756,8.223597369907123,8.058391057861476,8.085926055908203,325500,0.0,0.0
2016-12-28 00:00:00+08:00,8.177706241409537,8.26948710965915,8.085925373159924,8.168527603149414,341250,0.0,0.0
2016-12-29 00:00:00+08:00,8.168527300223907,8.352089948974413,8.168527300223907,8.315377235412598,207900,0.0,0.0
2016-12-30 00:00:00+08:00,8.361268997015781,8.397980793319748,8.31537764328325,8.342911720275879,101351,0.0,0.0
2017-01-03 00:00:00+08:00,8.352089950053813,8.434693096049287,8.324555874408178,8.333734512329102,147000,0.0,0.0
2017-01-04 00:00:00+08:00,8.333734512329102,8.425515377186931,8.324555874408178,8.333734512329102,73500,0.0,0.0
2017-01-05 00:00:00+08:00,8.397980862983632,8.397980862983632,8.324556350708008,8.324556350708008,50400,0.0,0.0
2017-01-06 00:00:00+08:00,8.28784465789795,8.388802329600397,8.278666019336903,8.28784465789795,144316,0.0,0.0
2017-01-09 00:00:00+08:00,8.2878442494992,8.609078202133771,8.2878442494992,8.471405982971191,231000,0.0,0.0
2017-01-10 00:00:00+08:00,8.471406321226619,8.627433984719568,8.471406321226619,8.535653114318848,221896,0.0,0.0
2017-01-11 00:00:00+08:00,8.535652325409995,8.673324537345326,8.443870544433594,8.443870544433594,173250,0.0,0.0
2017-01-12 00:00:00+08:00,8.453049929094025,8.61825623039302,8.453049929094025,8.554009437561035,90300,0.0,0.0
2017-01-13 00:00:00+08:00,8.554009130657022,8.59989956402502,8.453049625812275,8.471405982971191,91396,0.0,0.0
2017-01-16 00:00:00+08:00,8.471405881878168,8.590720823399407,8.471405881878168,8.526474952697754,67200,0.0,0.0
2017-01-17 00:00:00+08:00,8.544830560388887,8.710037776130777,8.544830560388887,8.664146423339844,150150,0.0,0.0
2017-01-18 00:00:00+08:00,8.664146455745504,9.040449484251885,8.664146455745504,8.875243186950684,292451,0.0,0.0
2017-01-19 00:00:00+08:00,8.976202380648303,9.086339601997356,8.719215224480994,8.79263973236084,446271,0.0,0.0
2017-01-20 00:00:00+08:00,8.875243678487116,8.948669112046872,8.636611938476562,8.636611938476562,563850,0.0,0.0
2017-01-23 00:00:00+08:00,8.746749044786496,8.774283119555557,8.462227821350098,8.462227821350098,245700,0.0,0.0
2017-01-24 00:00:00+08:00,8.5356528421435,8.544830561267473,8.407159260056302,8.434693336486816,121800,0.0,0.0
2017-02-02 00:00:00+08:00,8.453049929094025,8.673325303845559,8.453049929094025,8.554009437561035,126106,0.0,0.0
2017-02-03 00:00:00+08:00,8.636611119640161,8.654968395348297,8.443870753407476,8.58154296875,267750,0.0,0.0
2017-02-06 00:00:00+08:00,8.755928209863116,8.765105928986147,8.636611427853564,8.664146423339844,63044,0.0,0.0
2017-02-07 00:00:00+08:00,8.66414625391009,8.801818471473483,8.498939960457449,8.737570762634277,564900,0.0,0.0
2017-02-08 00:00:00+08:00,8.829352986358202,9.058806080999883,8.75592847398335,8.994559288024902,428697,0.0,0.0
2017-02-09 00:00:00+08:00,9.113874061560038,9.315793075089452,8.994559116345934,9.067983627319336,397131,0.0,0.0
2017-02-10 00:00:00+08:00,9.168943301349321,9.361683680111517,9.132230585663583,9.22401237487793,360310,0.0,0.0
2017-02-13 00:00:00+08:00,9.178122054170661,9.178122054170661,8.82017445036218,8.93949031829834,330750,0.0,0.0
2017-02-14 00:00:00+08:00,8.939489633198251,9.02209277866069,8.792639698938201,8.810996055603027,108150,0.0,0.0
2017-02-15 00:00:00+08:00,8.82017398026662,9.058805703420404,8.810996261249283,8.948668479919434,120750,0.0,0.0
2017-02-16 00:00:00+08:00,8.985380859623694,9.086340370675611,8.884421348571777,8.884421348571777,98700,0.0,0.0
2017-02-17 00:00:00+08:00,8.957846781289474,8.96702450090346,8.902778625488281,8.902778625488281,55650,0.0,0.0
2017-02-20 00:00:00+08:00,8.90277841779168,9.058806080999883,8.90277841779168,8.994559288024902,170100,0.0,0.0
2017-02-21 00:00:00+08:00,8.99455898145295,9.150587558401675,8.911955833435059,8.911955833435059,147004,0.0,0.0
2017-02-22 00:00:00+08:00,8.921134208051411,9.407574493756979,8.921134208051411,9.269903182983398,1670976,0.0,0.0
2017-02-23 00:00:00+08:00,9.315793619907925,9.361684056832452,9.15058823079136,9.269903182983398,369600,0.0,0.0
2017-02-24 00:00:00+08:00,9.269902795413888,9.820590772660223,9.269902795413888,9.682918548583984,962288,0.0,0.0
2017-03-01 00:00:00+08:00,9.682918953421455,9.682918953421455,9.178122309134345,9.269903182983398,394978,0.0,0.0
2017-03-02 00:00:00+08:00,9.407573539026744,9.728808403015137,9.269902242224774,9.728808403015137,401449,0.0,0.0
2017-03-03 00:00:00+08:00,9.728808403015137,9.958261483410318,9.728808403015137,9.728808403015137,809550,0.0,0.0
2017-03-06 00:00:00+08:00,9.820590564211022,9.912371432274652,9.63702790902516,9.774699211120605,243600,0.0,0.0
2017-03-07 00:00:00+08:00,9.77469941859573,9.866481207666096,9.545246324507746,9.682918548583984,84000,0.0,0.0
2017-03-08 00:00:00+08:00,9.68291817370773,9.728808606936946,9.637027740478516,9.637027740478516,109200,0.0,0.0
2017-03-09 00:00:00+08:00,9.728808606936946,9.82059039245396,9.545245954961501,9.637027740478516,80850,0.0,0.0
2017-03-10 00:00:00+08:00,9.728809373111238,9.728809373111238,9.224012729718384,9.499356269836426,158550,0.0,0.0
2017-03-13 00:00:00+08:00,9.4993556926936,9.591136560803823,9.269902603359439,9.31579303741455,115501,0.0,0.0
2017-03-14 00:00:00+08:00,9.315792460631874,9.499355104545732,9.178121166990389,9.361682891845703,142852,0.0,0.0
2017-03-15 00:00:00+08:00,9.361683299623387,9.361683299623387,9.132230214501146,9.178121566772461,211096,0.0,0.0
2017-03-16 00:00:00+08:00,9.178121939800066,9.315793245033653,9.132230585663583,9.22401237487793,87150,0.0,0.0
2017-03-17 00:00:00+08:00,9.269902768564812,9.499355861988215,9.224012333691855,9.45346450805664,120422,0.0,0.0
2017-03-20 00:00:00+08:00,9.545246124267578,9.728808779498912,9.361683469036244,9.545246124267578,104944,0.0,0.0
2017-03-21 00:00:00+08:00,9.545246126748712,9.545246126748712,9.178121735249215,9.31579303741455,141750,0.0,0.0
2017-03-22 00:00:00+08:00,9.269902809955791,9.45346455026724,9.178121939800066,9.22401237487793,78750,0.0,0.0
2017-03-23 00:00:00+08:00,9.224012169304327,9.31579303741455,9.178121735249215,9.31579303741455,76672,0.0,0.0
2017-03-24 00:00:00+08:00,9.315793245033653,9.591136774559448,9.178121939800066,9.22401237487793,173250,0.0,0.0
2017-03-27 00:00:00+08:00,9.269902961661156,9.45346470497666,8.921133995056152,8.921133995056152,161726,0.0,0.0
2017-03-28 00:00:00+08:00,9.09551781517451,9.15976368215778,8.719214817333208,8.765105247497559,212100,0.0,0.0
2017-03-29 00:00:00+08:00,8.847709378337226,9.012914761582408,8.820174381914175,8.976202964782715,60900,0.0,0.0
2017-03-30 00:00:00+08:00,8.976202725400672,9.159764461679693,8.976202725400672,9.104697227478027,53551,0.0,0.0
2017-03-31 00:00:00+08:00,9.086339984827339,9.086339984827339,9.003737754629237,9.067983627319336,46200,0.0,0.0
2017-04-05 00:00:00+08:00,9.067984011950504,9.159764884324922,8.902778625488281,8.902778625488281,106052,0.0,0.0
2017-04-06 00:00:00+08:00,8.902778390599721,8.902778390599721,8.76510616661176,8.783462524414062,107100,0.0,0.0
2017-04-07 00:00:00+08:00,8.847708455579548,8.847708455579548,8.710037164057,8.728392601013184,41280,0.0,0.0
2017-04-10 00:00:00+08:00,9.141409338027437,9.141409338027437,8.866065805070525,8.93949031829834,101850,0.0,0.0
2017-04-11 00:00:00+08:00,8.81099625945543,8.884420768754934,8.66414632179784,8.719215393066406,104066,0.0,0.0
2017-04-12 00:00:00+08:00,8.77428368267788,8.875243188721939,8.627433742720683,8.645790100097656,71400,0.0,0.0
2017-04-13 00:00:00+08:00,8.489760944068259,8.627433155495627,8.462227788464734,8.480584144592285,86100,0.0,0.0
2017-04-14 00:00:00+08:00,8.664146601293526,8.664146601293526,8.30619992414735,8.361268997192383,119700,0.0,0.0
2017-04-17 00:00:00+08:00,8.26948694530261,9.178121566772461,8.26948694530261,9.178121566772461,488250,0.0,0.0
2017-04-18 00:00:00+08:00,9.453465033104436,10.09593391418457,9.269903283417541,10.09593391418457,1932013,0.0,0.0
2017-04-19 00:00:00+08:00,10.187715708086685,10.279496582930133,9.728809495752113,10.09593391418457,2079834,0.0,0.0
2017-04-20 00:00:00+08:00,9.728808784684327,9.9123714400135,9.086339950561523,9.086339950561523,1707510,0.0,0.0
2017-04-21 00:00:00+08:00,9.049628502059097,9.178122090003404,8.921133995056152,8.921133995056152,411610,0.0,0.0
2017-04-24 00:00:00+08:00,8.994559427629264,9.067983941143739,8.902778555971512,8.921133995056152,213150,0.0,0.0
2017-04-25 00:00:00+08:00,8.921133552522118,9.012914419627068,8.902778114348001,8.911955833435059,116550,0.0,0.0
2017-04-26 00:00:00+08:00,8.948668922069722,9.178122018484773,8.911956206069243,8.957846641540527,258300,0.0,0.0
2017-04-27 00:00:00+08:00,9.049628502059097,9.049628502059097,8.921133995056152,8.921133995056152,89250,0.0,0.0
2017-04-28 00:00:00+08:00,8.902778182539949,8.948668616443928,8.810996395673394,8.875243186950684,78750,0.0,0.0
2017-05-02 00:00:00+08:00,8.875242912015059,8.875242912015059,8.73757069550931,8.774283409118652,74550,0.0,0.0
2017-05-03 00:00:00+08:00,8.673324825280815,8.90277790675135,8.673324825280815,8.774283409118652,131250,0.0,0.0
2017-05-04 00:00:00+08:00,8.792640106207907,8.884420974724712,8.792640106207907,8.838530540466309,51450,0.0,0.0
2017-05-05 00:00:00+08:00,8.95784560562294,8.95784560562294,8.719214817333208,8.765105247497559,113670,0.0,0.0
2017-05-08 00:00:00+08:00,8.76510582626092,8.90277804490304,8.719215393066406,8.719215393066406,75600,0.0,0.0
2017-05-09 00:00:00+08:00,8.810996883651656,8.939490473322579,8.636611938476562,8.636611938476562,68667,0.0,0.0
2017-05-10 00:00:00+08:00,8.755928107245449,8.90277804490304,8.673324959871893,8.719215393066406,66150,0.0,0.0
2017-05-11 00:00:00+08:00,8.829352445830047,8.976202380648303,8.728392943319013,8.79263973236084,43050,0.0,0.0
2017-05-12 00:00:00+08:00,8.847709564034327,8.856888202720862,8.673325538635254,8.673325538635254,45150,0.0,0.0
2017-05-15 00:00:00+08:00,8.719215974891995,8.774284130776625,8.673325538635254,8.673325538635254,82950,0.0,0.0
2017-05-16 00:00:00+08:00,8.719215461047312,8.719215461047312,8.636611393971135,8.682502746582031,92400,0.0,0.0
2017-05-17 00:00:00+08:00,8.68250318864882,8.755928621317812,8.654969110927267,8.691680908203125,30450,0.0,0.0
2017-05-18 00:00:00+08:00,8.792640525261717,8.792640525261717,8.636611938476562,8.636611938476562,29400,0.0,0.0
2017-05-19 00:00:00+08:00,8.755928175512592,8.755928175512592,8.62743367488411,8.682502746582031,21000,0.0,0.0
2017-05-22 00:00:00+08:00,8.746749024700241,8.746749024700241,8.673324519131846,8.710037231445312,19170,0.0,0.0
2017-05-23 00:00:00+08:00,8.710038290559497,8.710038290559497,8.627434218280527,8.654969215393066,34650,0.0,0.0
2017-05-24 00:00:00+08:00,8.654968704216813,8.893599511060133,8.56318691769354,8.664146423339844,113400,0.0,0.0
2017-05-25 00:00:00+08:00,8.838529751948812,8.90277745704913,8.67332438716886,8.765105247497559,216300,0.0,0.0
2017-05-26 00:00:00+08:00,8.737570837704697,9.637027740478516,8.737570837704697,9.637027740478516,2668425,0.0,0.0
2017-05-31 00:00:00+08:00,9.545245951532895,9.682918170229673,9.178121566772461,9.178121566772461,1142690,0.0,0.0
2017-06-01 00:00:00+08:00,9.269902809955791,9.499355904403725,9.012914719214244,9.22401237487793,513502,0.0,0.0
2017-06-02 00:00:00+08:00,9.269903182983398,9.407574493756979,9.178122309134345,9.269903182983398,184800,0.0,0.0
2017-06-05 00:00:00+08:00,9.178121939800066,9.315793245033653,9.168943301349321,9.22401237487793,174300,0.0,0.0
2017-06-06 00:00:00+08:00,9.361683786095584,9.361683786095584,9.14140932760466,9.168943405151367,155400,0.0,0.0
2017-06-07 00:00:00+08:00,9.269902809955791,9.269902809955791,9.178121939800066,9.22401237487793,49350,0.0,0.0
2017-06-08 00:00:00+08:00,9.315793245033653,9.361683680111517,9.178121939800066,9.22401237487793,90305,0.0,0.0
2017-06-09 00:00:00+08:00,9.269902433197924,9.315792866410655,9.15058749065654,9.178121566772461,141750,0.0,0.0
2017-06-12 00:00:00+08:00,9.178121634753632,9.269902501858903,9.132230282142404,9.141408920288086,73500,0.0,0.0
2017-06-13 00:00:00+08:00,9.123052563055314,9.178121634753632,9.113873924909631,9.141408920288086,29452,0.0,0.0
2017-06-14 00:00:00+08:00,9.178121939800066,9.45346455026724,9.141409224114328,9.22401237487793,150150,0.0,0.0
2017-06-15 00:00:00+08:00,9.269902985230209,9.269902985230209,9.113874400144958,9.150588035583496,39900,0.0,0.0
2017-06-16 00:00:00+08:00,9.15058749065654,9.407573732836118,9.141408852578842,9.178121566772461,76755,0.0,0.0
2017-06-19 00:00:00+08:00,9.086340322389354,9.1781221133391,9.086340322389354,9.150588035583496,80860,0.0,0.0
2017-06-20 00:00:00+08:00,9.031270878660937,9.361683474456937,9.031270878660937,9.104697227478027,87440,0.0,0.0
2017-06-21 00:00:00+08:00,9.086339406769461,9.178121188470463,9.040448975448232,9.113873481750488,93450,0.0,0.0
2017-06-22 00:00:00+08:00,9.224012479303415,9.545246447543777,9.086340253452612,9.168943405151367,309750,0.0,0.0
2017-06-23 00:00:00+08:00,9.224012479303415,9.269902914900804,9.123052969553976,9.168943405151367,28350,0.0,0.0
2017-06-26 00:00:00+08:00,9.224012479303415,9.224012479303415,8.967024385652492,9.168943405151367,47251,0.0,0.0
2017-06-27 00:00:00+08:00,9.224011688462078,9.315792551787819,9.058805399228898,9.095518112182617,42296,0.0,0.0
2017-06-28 00:00:00+08:00,9.224011999218744,9.224011999218744,9.067983423438122,9.159764289855957,21000,0.0,0.0
2017-06-29 00:00:00+08:00,9.224012068306267,9.224012068306267,8.994558981484497,9.141408920288086,46200,0.0,0.0
2017-06-30 00:00:00+08:00,9.14140932760466,9.269902914900804,9.058806175905904,9.168943405151367,18900,0.0,0.0
2017-07-03 00:00:00+08:00,9.104696682168207,9.224011619791693,9.022092619108031,9.113873481750488,56700,0.0,0.0
2017-07-04 00:00:00+08:00,9.086340322719769,9.407574293408969,9.086340322719769,9.132230758666992,99750,0.0,0.0
2017-07-05 00:00:00+08:00,9.224012479303415,9.269902914900804,9.095518892007268,9.168943405151367,276368,0.0,0.0
2017-07-06 00:00:00+08:00,9.224012068306267,9.407573802516811,9.141408920288086,9.141408920288086,31500,0.0,0.0
2017-07-07 00:00:00+08:00,9.224012068306267,9.269902501858903,9.141408920288086,9.141408920288086,7787,0.0,0.0
2017-07-10 00:00:00+08:00,9.141409022877856,9.269902605890696,9.086339950561523,9.086339950561523,14700,0.0,0.0
2017-07-11 00:00:00+08:00,9.040449075852294,9.224011722234419,9.040449075852294,9.07716178894043,16020,0.0,0.0
2017-07-12 00:00:00+08:00,9.086340253452612,9.269902914900804,9.086340253452612,9.168943405151367,48300,0.0,0.0
2017-07-13 00:00:00+08:00,9.159764014800901,9.224011722234419,9.07716178894043,9.07716178894043,18952,0.0,0.0
2017-07-14 00:00:00+08:00,9.159764289855957,9.224011999218744,9.086339780533406,9.159764289855957,58800,0.0,0.0
2017-07-17 00:00:00+08:00,9.178121324144033,9.178121324144033,9.058805465698242,9.058805465698242,29400,0.0,0.0
2017-07-18 00:00:00+08:00,9.14140857731539,9.224011722234419,9.040449075852294,9.07716178894043,35700,0.0,0.0
2017-07-19 00:00:00+08:00,9.159764461679693,9.224012172247672,8.948668648770537,9.104697227478027,58800,0.0,0.0
2017-07-20 00:00:00+08:00,9.178121566772461,9.224011999985192,9.168942928694763,9.178121566772461,11550,0.0,0.0
2017-07-21 00:00:00+08:00,9.178121939800066,9.269902809955791,8.994559280429996,9.22401237487793,44100,0.0,0.0
2017-07-24 00:00:00+08:00,9.224012549284655,9.224012549284655,9.113874400144958,9.150588035583496,4200,0.0,0.0
2017-07-25 00:00:00+08:00,9.150587113489436,9.150587113489436,9.03127033774886,9.113873481750488,121800,0.0,0.0
2017-07-26 00:00:00+08:00,9.113873481750488,9.150587113489436,8.994558544127004,9.113873481750488,86100,0.0,0.0
2017-07-27 00:00:00+08:00,9.113874027609937,9.224012172247672,9.003737721089406,9.104697227478027,78750,0.0,0.0
2017-07-28 00:00:00+08:00,9.315793075089452,9.315793075089452,9.040449550586636,9.067983627319336,131706,0.0,0.0
2017-07-31 00:00:00+08:00,9.141409057351343,9.141409057351343,9.040449550586636,9.067983627319336,31500,0.0,0.0
2017-08-01 00:00:00+08:00,9.067983151139117,9.315792585896203,9.003737281822714,9.07716178894043,129150,0.0,0.0
2017-08-02 00:00:00+08:00,9.10469678328581,9.224011722234419,8.911955499102374,9.07716178894043,87843,0.0,0.0
2017-08-03 00:00:00+08:00,9.141408610920935,9.141408610920935,9.012914114640088,9.058805465698242,11550,0.0,0.0
2017-08-04 00:00:00+08:00,9.095518588810213,9.132230384629167,8.957846367548683,9.086339950561523,17850,0.0,0.0
2017-08-07 00:00:00+08:00,9.150586831760545,9.150586831760545,8.99455826720193,9.012913703918457,49351,0.0,0.0
2017-08-08 00:00:00+08:00,9.003737348156008,9.104696850362904,8.939489640249159,9.040449142456055,50400,0.0,0.0
2017-08-09 00:00:00+08:00,9.040449109086692,9.168942686308979,8.774283316807065,9.058805465698242,150150,0.0,0.0
2017-08-10 00:00:00+08:00,9.113874719172685,9.113874719172685,8.820174815969919,8.985381126403809,139650,0.0,0.0
2017-08-11 00:00:00+08:00,8.948668685903169,8.948668685903169,8.856887817382812,8.856887817382812,19950,0.0,0.0
2017-08-14 00:00:00+08:00,8.89359971724877,8.902778355643191,8.774283851531601,8.80181884765625,50400,0.0,0.0
2017-08-15 00:00:00+08:00,8.810996847405477,9.00373815017762,8.673325538635254,8.673325538635254,41329,0.0,0.0
2017-08-16 00:00:00+08:00,8.581543549519209,8.810996644579633,8.535653114318848,8.535653114318848,40950,0.0,0.0
2017-08-17 00:00:00+08:00,8.673325469094515,8.967024442594575,8.673325469094515,8.691680908203125,61950,0.0,0.0
2017-08-18 00:00:00+08:00,8.599900507576853,8.902779055341899,8.599900507576853,8.700860023498535,27301,0.0,0.0
2017-08-21 00:00:00+08:00,8.728392601013184,8.985379747102098,8.719214882535093,8.728392601013184,32551,0.0,0.0
2017-08-22 00:00:00+08:00,8.737570967923931,8.93948998001205,8.63661146187987,8.645790100097656,105267,0.0,0.0
2017-08-23 00:00:00+08:00,8.700858967801471,8.774283476525659,8.645789896964398,8.737570762634277,64050,0.0,0.0
2017-08-24 00:00:00+08:00,8.856887406794375,8.87524284440064,8.746749266805416,8.810996055603027,21000,0.0,0.0
2017-08-25 00:00:00+08:00,8.810996089095443,8.967023742751719,8.774283375626236,8.79263973236084,34650,0.0,0.0
2017-08-28 00:00:00+08:00,8.801819163444899,8.87524367794149,8.636611937945608,8.654969215393066,84000,0.0,0.0
2017-08-29 00:00:00+08:00,8.664146630461984,8.746749780778314,8.544830764658702,8.572365760803223,88200,0.0,0.0
2017-08-30 00:00:00+08:00,8.664146114143803,8.664146114143803,8.563186612100425,8.58154296875,26250,0.0,0.0
2017-08-31 00:00:00+08:00,8.627433949772467,8.74674981605699,8.554009437561035,8.554009437561035,21000,0.0,0.0
2017-09-01 00:00:00+08:00,8.554009437561035,8.691680742604452,8.443871290655958,8.554009437561035,80850,0.0,0.0
2017-09-04 00:00:00+08:00,8.572365830102585,8.783462567271142,8.535653114318848,8.535653114318848,47250,0.0,0.0
2017-09-05 00:00:00+08:00,8.544830799122968,8.682503023225005,8.544830799122968,8.554009437561035,18900,0.0,0.0
2017-09-06 00:00:00+08:00,8.563187053506715,8.673325199081447,8.489761623123561,8.590721130371094,19952,0.0,0.0
2017-09-07 00:00:00+08:00,8.609078304402306,8.664146457474631,8.554009232271383,8.645790100097656,51450,0.0,0.0
2017-09-08 00:00:00+08:00,8.719214949994411,8.875242598738835,8.627433169210747,8.710037231445312,173250,0.0,0.0
2017-09-11 00:00:00+08:00,8.728393213525687,8.976202658526464,8.728393213525687,8.893599510192871,132178,0.0,0.0
2017-09-12 00:00:00+08:00,8.911955208710253,9.031270143771037,8.746748924255371,8.746748924255371,99750,0.0,0.0
2017-09-13 00:00:00+08:00,8.81099625945543,8.90277804490304,8.719215393066406,8.719215393066406,28350,0.0,0.0
2017-09-14 00:00:00+08:00,8.774283375626236,8.893599234871873,8.719215224480994,8.79263973236084,42000,0.0,0.0
2017-09-15 00:00:00+08:00,8.801818471473483,8.866065261254112,8.700858967801471,8.737570762634277,30450,0.0,0.0
2017-09-18 00:00:00+08:00,8.746748891620113,8.838529751948812,8.746748891620113,8.765105247497559,93450,0.0,0.0
2017-09-19 00:00:00+08:00,8.79264020926183,9.040449660031971,8.765106132195797,8.80181884765625,110355,0.0,0.0
2017-09-20 00:00:00+08:00,8.829352445830047,8.948668305075682,8.79263973236084,8.79263973236084,61963,0.0,0.0
2017-09-21 00:00:00+08:00,8.820173428980581,8.994558350937695,8.719214849865732,8.746748924255371,173251,0.0,0.0
2017-09-22 00:00:00+08:00,8.765105590290803,8.893599167399627,8.755927871522411,8.829352378845215,34718,0.0,0.0
2017-09-25 00:00:00+08:00,8.85688785145555,8.976202797179301,8.71921562908678,8.820174217224121,89250,0.0,0.0
2017-09-26 00:00:00+08:00,8.829352616544952,8.930312121008031,8.719215393066406,8.719215393066406,110327,0.0,0.0
2017-09-27 00:00:00+08:00,8.737570831097344,8.948668478097552,8.719215393066406,8.719215393066406,70350,0.0,0.0
2017-09-28 00:00:00+08:00,8.737570662157031,8.829352445830047,8.700858867746392,8.79263973236084,38850,0.0,0.0
2017-09-29 00:00:00+08:00,8.801817992093174,8.847708422428747,8.691679856417569,8.746748924255371,26250,0.0,0.0
2017-10-02 00:00:00+08:00,8.801818540439962,8.838530335560423,8.700859035976885,8.719215393066406,56700,0.0,0.0
2017-10-03 00:00:00+08:00,8.719215564103479,8.719215564103479,8.618256057659968,8.627433776855469,35700,0.0,0.0
2017-10-05 00:00:00+08:00,8.654968534966532,8.783462114527792,8.627433540018709,8.737570762634277,47250,0.0,0.0
2017-10-06 00:00:00+08:00,8.737570387092607,8.737570387092607,8.581542738348183,8.710037231445312,58020,0.0,0.0
2017-10-11 00:00:00+08:00,8.710037533403598,8.792639760384732,8.544830322265625,8.544830322265625,53550,0.0,0.0
2017-10-12 00:00:00+08:00,8.581543514757994,8.682503023225005,8.517296721926009,8.554009437561035,60900,0.0,0.0
2017-10-13 00:00:00+08:00,8.554009472210717,8.599899907411077,8.535653114318848,8.535653114318848,24150,0.0,0.0
2017-10-16 00:00:00+08:00,8.544830799122968,8.801818889509528,8.544830799122968,8.554009437561035,33870,0.0,0.0
2017-10-17 00:00:00+08:00,8.563187156940481,8.755928454495058,8.554009437561035,8.554009437561035,22050,0.0,0.0
2017-10-18 00:00:00+08:00,8.572365037800555,8.691679974482067,8.443870544433594,8.443870544433594,37852,0.0,0.0
2017-10-19 00:00:00+08:00,8.453049524938306,8.728393040919084,8.453049524938306,8.526474952697754,40950,0.0,0.0
2017-10-20 00:00:00+08:00,8.535653114318848,8.664146700503306,8.535653114318848,8.535653114318848,6300,0.0,0.0
2017-10-23 00:00:00+08:00,8.54483039057904,8.609078099397845,8.453049524938306,8.526474952697754,30450,0.0,0.0
2017-10-24 00:00:00+08:00,8.609078545886323,8.609078545886323,8.535653114318848,8.535653114318848,16800,0.0,0.0
2017-10-25 00:00:00+08:00,8.609077601127066,8.765105247497559,8.260308677572668,8.765105247497559,787937,0.0,0.0
2017-10-26 00:00:00+08:00,8.66414704128572,8.746750195518803,8.517297091433418,8.599900245666504,118986,0.0,0.0
2017-10-27 00:00:00+08:00,8.599900245666504,8.710038397349724,8.526475730269684,8.599900245666504,56700,0.0,0.0
2017-10-30 00:00:00+08:00,8.5998999423968,8.792640322457585,8.51729679107666,8.51729679107666,61950,0.0,0.0
2017-10-31 00:00:00+08:00,8.544830764658702,8.67332526886303,8.489761691428276,8.572365760803223,23370,0.0,0.0
2017-11-01 00:00:00+08:00,8.535652536655347,8.664146114143803,8.48976118550213,8.58154296875,30450,0.0,0.0
2017-11-02 00:00:00+08:00,8.581543002229001,8.590720721060311,8.563186645507812,8.563186645507812,21000,0.0,0.0
2017-11-03 00:00:00+08:00,8.609078099397845,8.609078099397845,8.453049524938306,8.526474952697754,25723,0.0,0.0
2017-11-06 00:00:00+08:00,8.526474952697754,8.526474952697754,8.388801816119502,8.526474952697754,34650,0.0,0.0
2017-11-07 00:00:00+08:00,8.535652226123675,8.67332443645761,8.462227721255164,8.498939514160156,19950,0.0,0.0
2017-11-08 00:00:00+08:00,8.498939957758672,8.599899461398627,8.489761319759454,8.526474952697754,21000,0.0,0.0
2017-11-09 00:00:00+08:00,8.52647498646813,8.59072085742424,8.443870920382299,8.508118629455566,29400,0.0,0.0
2017-11-10 00:00:00+08:00,8.508118968230368,8.75592841917936,8.498940329829322,8.572365760803223,53550,0.0,0.0
2017-11-13 00:00:00+08:00,8.554008582105435,8.554008582105435,8.443870446214877,8.498939514160156,40950,0.0,0.0
2017-11-14 00:00:00+08:00,8.49894075031644,8.682503417774383,8.370447158813477,8.370447158813477,38850,0.0,0.0
2017-11-15 00:00:00+08:00,8.370446545443217,8.554009199450041,8.315377473523592,8.434693336486816,32550,0.0,0.0
2017-11-16 00:00:00+08:00,8.443870919541508,8.609078132638144,8.388801848509297,8.489761352539062,17850,0.0,0.0
2017-11-17 00:00:00+08:00,8.498939581661302,8.554008650043956,8.397980082489036,8.480584144592285,52808,0.0,0.0
2017-11-20 00:00:00+08:00,8.489761319759454,8.627433537279131,8.388801816119502,8.526474952697754,89277,0.0,0.0
2017-11-21 00:00:00+08:00,8.535653114318848,8.609078545886323,8.453049963334749,8.535653114318848,53550,0.0,0.0
2017-11-22 00:00:00+08:00,8.535652327087107,8.535652327087107,8.342911046528064,8.462227821350098,130200,0.0,0.0
2017-11-23 00:00:00+08:00,8.471406016961572,8.50811873142671,8.397980588031297,8.453049659729004,27300,0.0,0.0
2017-11-24 00:00:00+08:00,8.45304915087169,8.480584144592285,8.443870513278647,8.480584144592285,24202,0.0,0.0
2017-11-27 00:00:00+08:00,8.480585239285984,8.480585239285984,8.352090729806752,8.407159805297852,123068,0.0,0.0
2017-11-28 00:00:00+08:00,8.407159328259471,8.517296553933617,8.324556179239211,8.397980690002441,38850,0.0,0.0
2017-11-29 00:00:00+08:00,8.407159260056302,8.471406051099901,8.352090188136675,8.434693336486816,15758,0.0,0.0
2017-11-30 00:00:00+08:00,8.434693883514074,8.48976203994652,8.32455665159053,8.407159805297852,43050,0.0,0.0
2017-12-01 00:00:00+08:00,8.41633711658843,8.453049831800898,8.342911686163491,8.37962532043457,33870,0.0,0.0
2017-12-04 00:00:00+08:00,8.379625529156614,8.535653194108074,8.28784465789795,8.28784465789795,17850,0.0,0.0
2017-12-05 00:00:00+08:00,8.28784465789795,8.434693684288362,8.269487380775857,8.28784465789795,21000,0.0,0.0
2017-12-06 00:00:00+08:00,8.397980587996779,8.397980587996779,8.214418853789025,8.223596572875977,28350,0.0,0.0
2017-12-07 00:00:00+08:00,8.223596505197502,8.333734647686049,8.168527433953228,8.260309219360352,34650,0.0,0.0
2017-12-08 00:00:00+08:00,8.260309117518766,8.315377269025518,8.168527333243222,8.29702091217041,49350,0.0,0.0
2017-12-11 00:00:00+08:00,8.297021354428356,8.471406294317879,8.241952280927672,8.324556350708008,65100,0.0,0.0
2017-12-12 00:00:00+08:00,8.324556112609969,8.407159260969078,8.16852753501672,8.205240249633789,24150,0.0,0.0
2017-12-13 00:00:00+08:00,8.20523977360382,8.3796246983886,8.168527061116652,8.214418411254883,38850,0.0,0.0
2017-12-14 00:00:00+08:00,8.223596572875977,8.306199720892902,8.168527501178497,8.223596572875977,24150,0.0,0.0
2017-12-15 00:00:00+08:00,8.214418411254883,8.223596129847405,8.122636630036961,8.214418411254883,25575,0.0,0.0
2017-12-18 00:00:00+08:00,8.214418409636888,8.214418409636888,8.08592483501565,8.196061134338379,42001,0.0,0.0
2017-12-19 00:00:00+08:00,8.196061135952757,8.214418411254883,8.186884336418776,8.214418411254883,11550,0.0,0.0
2017-12-20 00:00:00+08:00,8.241952315251485,8.34291182422721,8.196061880005779,8.30620002746582,12600,0.0,0.0
2017-12-21 00:00:00+08:00,8.260309557819854,8.397980862983632,8.251130919373763,8.324556350708008,39900,0.0,0.0
2017-12-22 00:00:00+08:00,8.352090835571289,8.397981272865666,8.25113132208846,8.352090835571289,37800,0.0,0.0
2017-12-25 00:00:00+08:00,8.352090835571289,8.388802633971592,8.25113132208846,8.352090835571289,23100,0.0,0.0
2017-12-26 00:00:00+08:00,8.352089704493952,8.3796246983886,8.214418411254883,8.214418411254883,45150,0.0,0.0
2017-12-27 00:00:00+08:00,8.214419156974412,8.710038063368723,8.214419156974412,8.30620002746582,57752,0.0,0.0
2017-12-28 00:00:00+08:00,8.306199992874447,8.700859388649464,8.306199992874447,8.324556350708008,54600,0.0,0.0
2017-12-29 00:00:00+08:00,8.324556652224818,8.46222888143373,8.324556652224818,8.388802528381348,19950,0.0,0.0
2018-01-02 00:00:00+08:00,8.388802051745412,8.443871124111785,8.26030938767441,8.397980690002441,25200,0.0,0.0
2018-01-03 00:00:00+08:00,8.306199588477986,8.526474952697754,8.306199588477986,8.526474952697754,12818,0.0,0.0
2018-01-04 00:00:00+08:00,8.434693474194663,8.453049831800898,8.315377609283445,8.37962532043457,54600,0.0,0.0
2018-01-05 00:00:00+08:00,8.352090255893097,8.407159328259471,8.352090255893097,8.397980690002441,5250,0.0,0.0
2018-01-08 00:00:00+08:00,8.397980381397396,8.434693094959211,8.306199516551429,8.315377235412598,39902,0.0,0.0
2018-01-09 00:00:00+08:00,8.31537781640519,8.40715960672249,8.28784465789795,8.28784465789795,14700,0.0,0.0
2018-01-10 00:00:00+08:00,8.287844451462007,8.388802120649773,8.25113081719093,8.37962532043457,20492,0.0,0.0
2018-01-11 00:00:00+08:00,8.352090730443138,8.397981167159891,8.260309857009634,8.388802528381348,23100,0.0,0.0
2018-01-12 00:00:00+08:00,8.342911686163491,8.425515754920852,8.287844451462007,8.37962532043457,24196,0.0,0.0
2018-01-15 00:00:00+08:00,8.342912091664596,8.397981167159891,8.306200293726386,8.388802528381348,61950,0.0,0.0
2018-01-16 00:00:00+08:00,8.388802154949795,8.416337151001038,8.260309489297995,8.342911720275879,92400,0.0,0.0
2018-01-17 00:00:00+08:00,8.352090532739751,8.434693684498058,8.260309661478804,8.269487380981445,140700,0.0,0.0
2018-01-18 00:00:00+08:00,8.269487208609332,8.342911720275879,8.260309489297995,8.342911720275879,51450,0.0,0.0
2018-01-19 00:00:00+08:00,8.32455597558923,8.32455597558923,8.269486904570053,8.278665542602539,34650,0.0,0.0
2018-01-22 00:00:00+08:00,8.278665474373874,8.41633677219933,8.260309117518766,8.29702091217041,22050,0.0,0.0
2018-01-23 00:00:00+08:00,8.306200096902776,8.397980968161443,8.278666019336903,8.28784465789795,19186,0.0,0.0
2018-01-24 00:00:00+08:00,8.287844554099506,8.342911789482947,8.269487277207324,8.324556350708008,10500,0.0,0.0
2018-01-25 00:00:00+08:00,8.315377746891512,8.39798089795723,8.297021388981506,8.30620002746582,30450,0.0,0.0
2018-01-26 00:00:00+08:00,8.324555873332335,8.37044630575532,8.260309084128444,8.315377235412598,39930,0.0,0.0
2018-01-29 00:00:00+08:00,8.315377235412598,8.315377235412598,8.260309084128444,8.315377235412598,6300,0.0,0.0
2018-01-30 00:00:00+08:00,8.315377235412598,8.342911311054674,8.315377235412598,8.315377235412598,17850,0.0,0.0
2018-01-31 00:00:00+08:00,8.315377746891512,8.315377746891512,8.260309592220116,8.30620002746582,79800,0.0,0.0
2018-02-01 00:00:00+08:00,8.2511309537358,8.30620002746582,8.2511309537358,8.30620002746582,11550,0.0,0.0
2018-02-02 00:00:00+08:00,8.260309399831788,8.388802064091903,7.480168342590332,7.480168342590332,1363299,0.0,0.0
2018-02-05 00:00:00+08:00,7.241537071815545,7.461812428504939,6.736740949460696,6.791809558868408,1426950,0.0,0.0
2018-02-06 00:00:00+08:00,6.791810070157578,6.975372268511653,6.5072874449561,6.773453712463379,1562452,0.0,0.0
2018-02-07 00:00:00+08:00,6.929481625354987,7.048796568190169,6.644959927771014,6.874413013458252,895650,0.0,0.0
2018-02-08 00:00:00+08:00,6.975372180208383,6.975372180208383,6.745919550052824,6.810165882110596,65100,0.0,0.0
2018-02-09 00:00:00+08:00,6.810165882110596,6.810165882110596,6.810165882110596,6.810165882110596,0,0.0,0.0
2018-02-12 00:00:00+08:00,6.810165952615768,7.470990232789781,6.690850546937269,7.461812973022461,3375750,0.0,0.0
2018-02-21 00:00:00+08:00,7.406743694812456,7.498525020999038,6.993727956737487,7.085508823394775,5233200,0.0,0.0
2018-02-22 00:00:00+08:00,7.085508926120427,7.1864684323423065,7.021263053775759,7.039618492126465,170100,0.0,0.0
2018-02-23 00:00:00+08:00,7.067153470641674,7.076331649324082,6.97537214334689,7.048796653747559,220500,0.0,0.0
2018-02-26 00:00:00+08:00,7.012084467106093,7.067153539738967,7.012084467106093,7.0304412841796875,239400,0.0,0.0
2018-02-27 00:00:00+08:00,7.085508926120427,7.103865743059033,6.993728058132501,7.039618492126465,190050,0.0,0.0
2018-03-01 00:00:00+08:00,6.993727940401623,7.131400618653861,6.993727940401623,7.103865623474121,201636,0.0,0.0
2018-03-02 00:00:00+08:00,7.067153368802816,7.1497560566955745,7.039618373623076,7.103865623474121,239400,0.0,0.0
2018-03-05 00:00:00+08:00,7.113043785495354,7.250715544369093,7.113043785495354,7.122222423553467,588580,0.0,0.0
2018-03-06 00:00:00+08:00,7.232359495828522,7.232359495828522,7.168113162444742,7.186468601226807,331800,0.0,0.0
2018-03-07 00:00:00+08:00,7.2507153635848836,7.90236234664917,7.241537185284905,7.90236234664917,2826621,0.0,0.0
2018-03-08 00:00:00+08:00,7.994143237134372,7.994143237134372,7.590306147770053,7.654552936553955,1069951,0.0,0.0
2018-03-09 00:00:00+08:00,7.893185339238286,7.893185339238286,7.214003760063986,7.3424973487854,872550,0.0,0.0
2018-03-12 00:00:00+08:00,7.34249727207506,7.34249727207506,7.076331918285833,7.158935070037842,510667,0.0,0.0
2018-03-13 00:00:00+08:00,7.158934459500863,7.480167941023182,7.1405776434745585,7.223181247711182,326679,0.0,0.0
2018-03-14 00:00:00+08:00,7.232359375040348,7.46181292515818,7.232359375040348,7.250715732574463,216300,0.0,0.0
2018-03-15 00:00:00+08:00,7.333318285079791,7.406743713841128,7.2598937753770425,7.324141025543213,200550,0.0,0.0
2018-03-16 00:00:00+08:00,7.31496288016554,7.59030640115372,7.31496288016554,7.526059150695801,531405,0.0,0.0
2018-03-19 00:00:00+08:00,7.599484404747434,7.599484404747434,7.379209041595459,7.379209041595459,142800,0.0,0.0
2018-03-20 00:00:00+08:00,7.4526344351400935,7.4526344351400935,7.342496754064484,7.3975653648376465,70455,0.0,0.0
2018-03-21 00:00:00+08:00,7.470990127984264,7.884006331240033,7.434277872724856,7.737156391143799,886567,0.0,0.0
2018-03-22 00:00:00+08:00,7.8472934587584335,7.8472934587584335,7.571949481964111,7.571949481964111,274050,0.0,0.0
2018-03-23 00:00:00+08:00,7.452634742503305,7.562772428121236,7.452634742503305,7.470990180969238,195300,0.0,0.0
2018-03-26 00:00:00+08:00,7.470990345694038,7.636197107528163,7.470990345694038,7.61784029006958,63036,0.0,0.0
2018-03-27 00:00:00+08:00,7.691265447100427,7.691265447100427,7.498525074314561,7.526059150695801,157500,0.0,0.0
2018-03-28 00:00:00+08:00,7.480168257511574,7.645375013445497,7.480168257511574,7.526059150695801,118650,0.0,0.0
2018-03-29 00:00:00+08:00,7.5260591001870445,7.672909038332444,7.443455952539096,7.562772274017334,132300,0.0,0.0
2018-03-30 00:00:00+08:00,7.581127919171654,7.581127919171654,7.461812973022461,7.461812973022461,27300,0.0,0.0
2018-04-02 00:00:00+08:00,7.489346980860871,7.59030648748518,7.480168342590332,7.480168342590332,72450,0.0,0.0
2018-04-03 00:00:00+08:00,7.480168342590332,7.59030648748518,7.388387474236563,7.480168342590332,90300,0.0,0.0
2018-04-09 00:00:00+08:00,7.379209178055627,7.388387356650794,7.305784668352879,7.324141025543213,87156,0.0,0.0
2018-04-10 00:00:00+08:00,7.4250996804278495,7.4250996804278495,7.278249740600586,7.278249740600586,21000,0.0,0.0
2018-04-11 00:00:00+08:00,7.314963081613595,7.425099849700928,7.314963081613595,7.425099849700928,34650,0.0,0.0
2018-04-12 00:00:00+08:00,7.388387407940072,7.470990096811405,7.250715647115453,7.28742790222168,39900,0.0,0.0
2018-04-13 00:00:00+08:00,7.324140924001208,7.415922249151127,7.223181420383368,7.370031356811523,65100,0.0,0.0
2018-04-16 00:00:00+08:00,7.406744143146107,7.406744143146107,7.214003760063986,7.3424973487854,27304,0.0,0.0
2018-04-17 00:00:00+08:00,7.425099733024511,7.4801683459674955,7.259893894195557,7.259893894195557,33600,0.0,0.0
2018-04-18 00:00:00+08:00,7.379209316254663,7.379209316254663,7.195647119501421,7.250715732574463,44182,0.0,0.0
2018-04-19 00:00:00+08:00,7.324141059284419,7.324141059284419,7.250715630184822,7.296606063842773,12600,0.0,0.0
2018-04-20 00:00:00+08:00,7.232359272909923,7.333318318863276,7.22318155380177,7.296606063842773,15750,0.0,0.0
2018-04-23 00:00:00+08:00,7.296606097961319,7.296606097961319,7.186468413326223,7.278249740600586,14700,0.0,0.0
2018-04-24 00:00:00+08:00,7.10386552217536,7.158934592690988,7.0855087058075314,7.149755954742432,59850,0.0,0.0
2018-04-25 00:00:00+08:00,7.140577844623042,7.2415373486714225,7.012084264582768,7.1314005851745605,39900,0.0,0.0
2018-04-26 00:00:00+08:00,7.1405782178037915,7.1956472917241765,6.901946942736733,7.177291393280029,56101,0.0,0.0
2018-04-27 00:00:00+08:00,7.085508773580676,7.186468277629057,7.039618340574661,7.1314005851745605,18900,0.0,0.0
2018-04-30 00:00:00+08:00,7.1497560566955745,7.1497560566955745,7.021262935581363,7.103865623474121,18900,0.0,0.0
2018-05-02 00:00:00+08:00,6.975372059123606,7.131400635311299,6.975372059123606,7.085508823394775,57750,0.0,0.0
2018-05-03 00:00:00+08:00,6.984550781558597,7.103865725842009,6.911125352099331,7.048796653747559,64050,0.0,0.0
2018-05-04 00:00:00+08:00,6.947837557004157,6.9937279905546985,6.819343975439206,6.8468780517578125,97755,0.0,0.0
2018-05-07 00:00:00+08:00,6.856056585556448,7.1314010392412825,6.856056585556448,6.901947021484375,74550,0.0,0.0
2018-05-08 00:00:00+08:00,7.002906151811779,7.002906151811779,6.773453525098548,6.856056213378906,79800,0.0,0.0
2018-05-09 00:00:00+08:00,6.90194663011268,6.90194663011268,6.837700758703527,6.874413013458252,14700,0.0,0.0
2018-05-10 00:00:00+08:00,6.883591175079346,7.085508805497788,6.883591175079346,6.883591175079346,81900,0.0,0.0
2018-05-11 00:00:00+08:00,6.883591175079346,7.030441112795236,6.7367412373634545,6.883591175079346,168000,0.0,0.0
2018-05-14 00:00:00+08:00,6.93866019737949,6.93866019737949,6.773453892792046,6.901947021484375,18900,0.0,0.0
2018-05-15 00:00:00+08:00,6.883591582198246,7.094687863179334,6.874413403107013,6.911125659942627,74760,0.0,0.0
2018-05-16 00:00:00+08:00,6.91112538862131,7.002906256871813,6.810165882110596,6.810165882110596,29400,0.0,0.0
2018-05-17 00:00:00+08:00,6.819344311344344,6.975372436442782,6.791810233669473,6.920303821563721,79800,0.0,0.0
2018-05-18 00:00:00+08:00,6.920303244013768,6.966193675994873,6.79180966684325,6.966193675994873,81900,0.0,0.0
2018-05-21 00:00:00+08:00,6.966193709444983,7.021262779521875,6.88359102338821,6.9478373527526855,119929,0.0,0.0
2018-05-22 00:00:00+08:00,6.892768636205787,7.030441318459245,6.791810047807834,7.002906322479248,173744,0.0,0.0
2018-05-23 00:00:00+08:00,6.929481625354987,7.039618389619164,6.810165763461219,6.874413013458252,240450,0.0,0.0
2018-05-24 00:00:00+08:00,6.837701286785285,7.379209728532103,6.837701286785285,7.0671539306640625,346882,0.0,0.0
2018-05-25 00:00:00+08:00,7.067153487769722,7.149756177052996,6.883591292264569,7.039618492126465,523950,0.0,0.0
2018-05-28 00:00:00+08:00,7.085508805497788,7.149756055336621,6.837700741866614,6.883591175079346,749805,0.0,0.0
2018-05-29 00:00:00+08:00,6.883591294686866,6.9570158052913245,6.810165865023807,6.8193440437316895,249900,0.0,0.0
2018-05-30 00:00:00+08:00,6.828522222439572,6.883591294686866,6.791809967137342,6.8193440437316895,118860,0.0,0.0
2018-05-31 00:00:00+08:00,6.837700792200436,6.892768485308354,6.810165796823239,6.8468780517578125,202860,0.0,0.0
2018-06-01 00:00:00+08:00,6.8835911920292565,6.8835911920292565,6.810165763461219,6.874413013458252,137712,0.0,0.0
2018-06-04 00:00:00+08:00,6.856056585395227,7.03044152859934,6.846878406303994,6.911125659942627,542850,0.0,0.0
2018-06-05 00:00:00+08:00,6.975372109178521,7.333318318863276,6.865234425058422,7.296606063842773,1497473,0.0,0.0
2018-06-06 00:00:00+08:00,7.296606080880561,7.296606080880561,7.067153452525728,7.28742790222168,1836519,0.0,0.0
2018-06-07 00:00:00+08:00,7.360853197887409,7.9298965881750565,7.269072332023091,7.581127643585205,1355550,0.0,0.0
2018-06-08 00:00:00+08:00,7.581127846364119,7.783046859536814,7.571949667626332,7.718800067901611,565283,0.0,0.0
2018-06-11 00:00:00+08:00,7.718800258644444,7.874827922454578,7.461813085753106,7.627018928527832,859037,0.0,0.0
2018-06-12 00:00:00+08:00,7.654553702796004,8.388802528381348,7.645375523546789,8.388802528381348,4851996,0.0,0.0
2018-06-13 00:00:00+08:00,8.5356533963688,9.086340475087136,8.388802528381348,8.388802528381348,6335404,0.0,0.0
2018-06-14 00:00:00+08:00,8.342911587536657,8.388802021480439,7.902362686429476,7.957430839538574,1218046,0.0,0.0
2018-06-15 00:00:00+08:00,7.957430737130139,8.058390241942314,7.773868084658781,7.792225360870361,605850,0.0,0.0
2018-06-19 00:00:00+08:00,7.75551223125263,8.342911033400007,7.617839559977615,8.23277473449707,1467499,0.0,0.0
2018-06-20 00:00:00+08:00,8.232775041765388,8.342911344778896,7.939075170200797,8.29702091217041,1818124,0.0,0.0
2018-06-21 00:00:00+08:00,8.278666185423324,9.0496286442625,8.278666185423324,8.866065979003906,5265360,0.0,0.0
2018-06-22 00:00:00+08:00,9.36168310675942,9.728808403015137,9.086339594096916,9.728808403015137,6649280,0.0,0.0
2018-06-25 00:00:00+08:00,10.692511558532715,10.692511558532715,10.692511558532715,10.692511558532715,1967293,0.0,0.0
2018-06-26 00:00:00+08:00,10.279495643804694,10.600730514526367,9.637027740478516,9.637027740478516,5785964,0.0,0.0
2018-06-27 00:00:00+08:00,9.545246298449372,10.600730895996094,9.407574074748977,10.600730895996094,8426904,0.0,0.0
2018-06-28 00:00:00+08:00,10.371276686858483,11.197308175283817,10.095933163736238,10.23360538482666,7505926,0.0,0.0
2018-06-29 00:00:00+08:00,10.233605387137073,10.692511565463953,9.82059056188976,10.004152297973633,2796150,0.0,0.0
2018-07-02 00:00:00+08:00,10.095932560785055,10.371276067463183,9.5452455474288,9.59113597869873,1618050,0.0,0.0
2018-07-03 00:00:00+08:00,9.72880878202776,10.095933173527257,9.178121735249215,9.31579303741455,3284481,0.0,0.0
2018-07-04 00:00:00+08:00,9.499355516482868,9.63702773515302,8.948668479919434,8.948668479919434,2490600,0.0,0.0
2018-07-05 00:00:00+08:00,9.132230171680547,9.269902389731786,8.260309187551297,8.489761352539062,1217443,0.0,0.0
2018-07-06 00:00:00+08:00,8.544830961620264,8.691680907894396,7.948253456969754,8.040035247802734,1416450,0.0,0.0
2018-07-09 00:00:00+08:00,8.21441954257673,8.342912215861247,8.085925950233543,8.122637748718262,777003,0.0,0.0
2018-07-10 00:00:00+08:00,8.260309979976629,8.26948769983314,8.085925950233543,8.122637748718262,313950,0.0,0.0
2018-07-11 00:00:00+08:00,8.003321135333252,8.10428063970202,7.801403045654297,7.801403045654297,608002,0.0,0.0
2018-07-12 00:00:00+08:00,7.8014031136345805,7.884006261650766,7.727977684705264,7.764690399169922,358155,0.0,0.0
2018-07-13 00:00:00+08:00,7.810581137860836,8.012500156246324,7.764690702516486,7.847293853759766,463454,0.0,0.0
2018-07-16 00:00:00+08:00,7.966609503962803,8.627433776855469,7.810580925170487,8.627433776855469,3321690,0.0,0.0
2018-07-17 00:00:00+08:00,8.810995830222119,8.810995830222119,8.122636608662539,8.443870544433594,1866903,0.0,0.0
2018-07-18 00:00:00+08:00,8.443870174368485,8.526474233156268,8.131814889900623,8.15017032623291,730800,0.0,0.0
2018-07-19 00:00:00+08:00,8.15017186307716,8.324556812643424,8.095103705579326,8.104281425476074,361200,0.0,0.0
2018-07-20 00:00:00+08:00,8.140994378855524,8.214418889042017,7.984965801239014,7.984965801239014,220500,0.0,0.0
2018-07-23 00:00:00+08:00,7.994143278395812,8.030855991907123,7.819759267804941,7.865649700164795,311325,0.0,0.0
2018-07-24 00:00:00+08:00,7.975786786256185,8.049211292973903,7.911539998231225,7.929896354675293,177471,0.0,0.0
2018-07-25 00:00:00+08:00,8.003321273482356,8.003321273482356,7.874827690816328,7.957430839538574,201639,0.0,0.0
2018-07-26 00:00:00+08:00,8.012500105654706,8.572365802873154,7.994143747821145,8.324556350708008,1074171,0.0,0.0
2018-07-27 00:00:00+08:00,8.352089771904211,8.38880156562914,8.168527127045364,8.177705764770508,526055,0.0,0.0
2018-07-30 00:00:00+08:00,8.177705892743294,8.232774962780287,7.893184661865234,7.893184661865234,391650,0.0,0.0
2018-07-31 00:00:00+08:00,7.911540099485669,8.003320963822096,7.893184661865234,7.893184661865234,209055,0.0,0.0
2018-08-01 00:00:00+08:00,7.893185301832386,8.02167797088623,7.893185301832386,8.02167797088623,154350,0.0,0.0
2018-08-02 00:00:00+08:00,8.058391045130696,8.076747404113288,7.82893793643631,7.856472015380859,218400,0.0,0.0
2018-08-03 00:00:00+08:00,7.8564711299940155,7.865649767980262,7.819759335224753,7.838115692138672,98700,0.0,0.0
2018-08-06 00:00:00+08:00,7.83811586276753,7.884006296522032,7.755512714385986,7.755512714385986,199762,0.0,0.0
2018-08-07 00:00:00+08:00,7.7555127773429335,8.333734820707567,7.7555127773429335,8.186884880065918,1292820,0.0,0.0
2018-08-08 00:00:00+08:00,8.186885088187847,8.214419165552297,8.076746940612793,8.076746940612793,353955,0.0,0.0
2018-08-09 00:00:00+08:00,8.076746389934204,8.076746389934204,7.884006023406982,7.884006023406982,244650,0.0,0.0
2018-08-10 00:00:00+08:00,7.884006023996454,8.012499601690877,7.884006023996454,7.893184661865234,120750,0.0,0.0
2018-08-13 00:00:00+08:00,7.847293762748339,7.847293762748339,7.360853499434351,7.4342780113220215,418953,0.0,0.0
2018-08-14 00:00:00+08:00,7.452634452048503,7.507703062946605,7.342496770723016,7.388387203216553,140910,0.0,0.0
2018-08-15 00:00:00+08:00,7.397565535245961,7.415922351965589,7.324141025543213,7.324141025543213,144014,0.0,0.0
2018-08-16 00:00:00+08:00,7.204825298268479,7.342497060715735,7.195647119501421,7.250715732574463,133350,0.0,0.0
2018-08-17 00:00:00+08:00,7.388387254218077,7.571949444988627,7.342496821407761,7.370031356811523,85050,0.0,0.0
2018-08-20 00:00:00+08:00,7.269072360956027,7.305784615542022,7.021262919265722,7.122222423553467,341014,0.0,0.0
2018-08-21 00:00:00+08:00,7.0671539306640625,7.168113443213014,6.984551236204126,7.0671539306640625,185850,0.0,0.0
2018-08-22 00:00:00+08:00,7.06715365385028,7.186468601226807,7.06715365385028,7.186468601226807,85050,0.0,0.0
2018-08-23 00:00:00+08:00,7.232359583229276,7.32414137354186,7.158935070037842,7.158935070037842,132300,0.0,0.0
2018-08-24 00:00:00+08:00,7.22318177644612,7.3149631061203495,7.140578166162935,7.195647239685059,54600,0.0,0.0
2018-08-27 00:00:00+08:00,7.195647136538729,7.259893928530947,7.149756242594784,7.241537570953369,58800,0.0,0.0
2018-08-28 00:00:00+08:00,7.131400906301202,7.2598940325982255,7.131400906301202,7.195647239685059,116025,0.0,0.0
2018-08-29 00:00:00+08:00,7.21400363233081,7.709622539245247,7.21400363233081,7.61784029006958,696150,0.0,0.0
2018-08-30 00:00:00+08:00,7.727977684705264,7.984965766899281,7.617840000840585,7.764690399169922,287718,0.0,0.0
2018-08-31 00:00:00+08:00,7.764689993684501,7.783046349958229,7.4985246658325195,7.4985246658325195,165816,0.0,0.0
2018-09-03 00:00:00+08:00,7.498525474888255,7.581128167973935,7.3424973487854,7.3424973487854,123900,0.0,0.0
2018-09-04 00:00:00+08:00,7.3424968382125755,7.434277704043266,7.3424968382125755,7.36085319519043,70350,0.0,0.0
2018-09-05 00:00:00+08:00,7.360853545127302,8.09510326385498,7.360853545127302,8.09510326385498,1405950,0.0,0.0
2018-09-06 00:00:00+08:00,8.251130479561924,8.691680286908811,8.186884609156904,8.29702091217041,4614780,0.0,0.0
2018-09-07 00:00:00+08:00,8.29702082439297,8.29702082439297,7.480168007804598,7.654552936553955,1391565,0.0,0.0
2018-09-10 00:00:00+08:00,7.755512572567839,7.838115719438892,7.3424968382125755,7.36085319519043,428431,0.0,0.0
2018-09-11 00:00:00+08:00,7.397565552169816,7.902362618883095,7.397565552169816,7.764690399169922,1077300,0.0,0.0
2018-09-12 00:00:00+08:00,7.8014032201412675,7.8014032201412675,7.470990164036348,7.489346981048584,362355,0.0,0.0
2018-09-13 00:00:00+08:00,7.535237380860297,7.636196887026684,7.498525125591164,7.5077033042907715,241500,0.0,0.0
2018-09-14 00:00:00+08:00,7.553594129150089,8.09510299127193,7.4342778071394005,7.994143486022949,1251810,0.0,0.0
2018-09-17 00:00:00+08:00,7.99414348598615,8.00332120507302,7.727977684705264,7.764690399169922,565950,0.0,0.0
2018-09-18 00:00:00+08:00,7.856471248883513,7.884006244200356,7.5352372956752465,7.55359411239624,299460,0.0,0.0
2018-09-19 00:00:00+08:00,7.663730790927421,7.746334856892069,7.590306282043457,7.590306282043457,127260,0.0,0.0
2018-09-20 00:00:00+08:00,7.599484736352823,7.672909247901663,7.45263479419653,7.461812973022461,191110,0.0,0.0
2018-09-21 00:00:00+08:00,7.48934706717821,7.553594319107344,7.4250998152490775,7.443456172943115,142380,0.0,0.0
2018-09-25 00:00:00+08:00,7.434278230307928,7.819759916013539,7.434278230307928,7.773868560791016,762510,0.0,0.0
2018-09-26 00:00:00+08:00,7.773868083601597,7.773868083601597,7.562772274017334,7.562772274017334,187635,0.0,0.0
2018-09-27 00:00:00+08:00,7.645374910066029,7.755512592689616,7.571949481964111,7.571949481964111,133402,0.0,0.0
2018-09-28 00:00:00+08:00,7.700443981142468,7.709622159655208,7.571949481964111,7.571949481964111,130968,0.0,0.0
2018-10-01 00:00:00+08:00,7.581127728790471,7.627018621767694,7.544415473937988,7.544415473937988,63000,0.0,0.0
2018-10-02 00:00:00+08:00,7.544415593968086,7.544415593968086,7.489346981048584,7.489346981048584,50610,0.0,0.0
2018-10-03 00:00:00+08:00,7.544415611067395,7.544415611067395,7.434277925449463,7.470990180969238,113662,0.0,0.0
2018-10-04 00:00:00+08:00,7.470990267265856,7.470990267265856,7.415922572644066,7.4342780113220215,128100,0.0,0.0
2018-10-05 00:00:00+08:00,7.351675136484915,7.388387391509499,6.993728007701766,7.076331615447998,400050,0.0,0.0
2018-10-08 00:00:00+08:00,7.076331530511285,7.186468294263074,7.021262918870746,7.113043785095215,131250,0.0,0.0
2018-10-09 00:00:00+08:00,7.177291155301274,7.250715665701943,7.03044121544134,7.048796653747559,116551,0.0,0.0
2018-10-11 00:00:00+08:00,6.810165906741908,6.8377009025635305,6.351260185241699,6.351260185241699,855750,0.0,0.0
2018-10-12 00:00:00+08:00,6.149341104970988,6.452219622322283,6.149341104970988,6.36961555480957,180676,0.0,0.0
2018-10-15 00:00:00+08:00,6.387972371933026,6.516465494657988,6.378794193267822,6.378794193267822,97394,0.0,0.0
2018-10-16 00:00:00+08:00,6.387972371933026,6.4889318777209715,6.378794193267822,6.378794193267822,207973,0.0,0.0
2018-10-17 00:00:00+08:00,6.599069698741224,6.608246958537755,6.406328861841785,6.544000625610352,184881,0.0,0.0
2018-10-18 00:00:00+08:00,6.488932150272339,6.507287589315125,6.424684896917366,6.470575332641602,40950,0.0,0.0
2018-10-19 00:00:00+08:00,6.277834874954751,6.369615745289045,6.2503007976661875,6.287013053894043,70350,0.0,0.0
2018-10-22 00:00:00+08:00,6.241122516333833,6.452219709415619,6.241122516333833,6.3329033851623535,42000,0.0,0.0
2018-10-23 00:00:00+08:00,6.4246844350177135,6.4246844350177135,6.241122245788574,6.241122245788574,25200,0.0,0.0
2018-10-24 00:00:00+08:00,6.213588750171339,6.241122828384855,6.158520134214982,6.18605375289917,57750,0.0,0.0
2018-10-25 00:00:00+08:00,6.057560363666003,6.149341233169043,5.873998165130615,5.873998165130615,159600,0.0,0.0
2018-10-26 00:00:00+08:00,5.96577865178291,6.011669083589434,5.690434222826646,5.8189287185668945,105000,0.0,0.0
2018-10-29 00:00:00+08:00,5.818929151757334,5.873998225459918,5.561941519733214,5.607831954956055,63000,0.0,0.0
2018-10-30 00:00:00+08:00,5.561941248137524,5.690434368581156,5.4885167391781025,5.506872177124023,117600,0.0,0.0
2018-10-31 00:00:00+08:00,5.589475958148557,5.727147250074146,5.589475958148557,5.644543647766113,108360,0.0,0.0
2018-11-01 00:00:00+08:00,5.6904348095618005,5.77303888201275,5.672079370193424,5.7546820640563965,68250,0.0,0.0
2018-11-02 00:00:00+08:00,5.8189291262289915,5.956600890822843,5.8189291262289915,5.846463203430176,99750,0.0,0.0
2018-11-05 00:00:00+08:00,5.855641296280872,5.947422624504314,5.855641296280872,5.883175373077393,36750,0.0,0.0
2018-11-06 00:00:00+08:00,5.901532012413965,5.956601087695048,5.745503884842883,5.7546820640563965,52500,0.0,0.0
2018-11-07 00:00:00+08:00,5.873998062449599,5.965778930348254,5.873998062449599,5.919888496398926,47250,0.0,0.0
2018-11-08 00:00:00+08:00,6.002491456481802,6.020848274230957,5.910710584441267,6.020848274230957,43050,0.0,0.0
2018-11-09 00:00:00+08:00,5.97495737886125,6.011669635772705,5.910710584619213,6.011669635772705,23100,0.0,0.0
2018-11-12 00:00:00+08:00,5.919888496398926,5.919888496398926,5.873998062449599,5.919888496398926,54495,0.0,0.0
2018-11-13 00:00:00+08:00,5.791394057518413,6.250300699639146,5.690434550298921,6.112628936767578,100800,0.0,0.0
2018-11-14 00:00:00+08:00,6.11262850874884,6.23194390567501,6.020847646280681,6.075915336608887,55650,0.0,0.0
2018-11-15 00:00:00+08:00,6.231944465916771,6.231944465916771,5.965779113678585,6.048381805419922,85050,0.0,0.0
2018-11-16 00:00:00+08:00,6.011669209450212,6.011669209450212,5.929065603316372,5.984134674072266,96600,0.0,0.0
2018-11-19 00:00:00+08:00,6.0942721524435,6.0942721524435,6.048381261680148,6.075915336608887,10500,0.0,0.0
2018-11-20 00:00:00+08:00,5.984135098442124,6.011669635772705,5.984135098442124,6.011669635772705,25200,0.0,0.0
2018-11-21 00:00:00+08:00,6.01166958364583,6.140163171015741,5.9657791480220945,6.030025482177734,46200,0.0,0.0
2018-11-22 00:00:00+08:00,6.030025243529877,6.231944255153405,6.030025243529877,6.158519744873047,51450,0.0,0.0
2018-11-23 00:00:00+08:00,6.23194390567501,6.23194390567501,6.05755989936209,6.075915336608887,65100,0.0,0.0
2018-11-26 00:00:00+08:00,6.057559882905315,6.23194388874448,6.057559882905315,6.0850934982299805,31500,0.0,0.0
2018-11-27 00:00:00+08:00,6.186053293006194,6.369615485723837,6.176875114440918,6.176875114440918,157500,0.0,0.0
2018-11-28 00:00:00+08:00,6.204410570923725,6.323725522554729,6.1768755736515555,6.18605375289917,102942,0.0,0.0
2018-11-29 00:00:00+08:00,6.195232373757448,6.26865688846734,6.195232373757448,6.204410552978516,57750,0.0,0.0
2018-11-30 00:00:00+08:00,6.277834619129662,6.305369614354783,6.176875114440918,6.176875114440918,73762,0.0,0.0
2018-12-03 00:00:00+08:00,6.186053242760979,6.287012746629696,6.158519626347373,6.213588237762451,158597,0.0,0.0
2018-12-04 00:00:00+08:00,6.287012678213538,6.287012678213538,6.22276542947759,6.241122245788574,65205,0.0,0.0
2018-12-05 00:00:00+08:00,6.195231998295108,6.41550644813369,6.195231998295108,6.36961555480957,137659,0.0,0.0
2018-12-06 00:00:00+08:00,6.369615556305096,6.470575062112565,6.149341106414795,6.149341106414795,358087,0.0,0.0
2018-12-07 00:00:00+08:00,6.149341106414795,6.241122433555286,6.149341106414795,6.149341106414795,53550,0.0,0.0
2018-12-10 00:00:00+08:00,6.158519935484371,6.222765809556526,6.057560426547826,6.066738605499268,69300,0.0,0.0
2018-12-11 00:00:00+08:00,6.149340745932616,6.1585193835908285,6.0759153209010766,6.094272136688232,53048,0.0,0.0
2018-12-12 00:00:00+08:00,6.176875165211062,6.553179110892492,6.176875165211062,6.387972354888916,308700,0.0,0.0
2018-12-13 00:00:00+08:00,6.3329033851623535,6.461396969145724,6.268656593170668,6.3329033851623535,38850,0.0,0.0
2018-12-14 00:00:00+08:00,6.287013053894043,6.323725310121898,6.241122618726895,6.287013053894043,28372,0.0,0.0
2018-12-17 00:00:00+08:00,6.27783451619797,6.27783451619797,6.204410007938219,6.2227654457092285,22050,0.0,0.0
2018-12-18 00:00:00+08:00,6.10345033059617,6.11262850874884,6.075915336608887,6.075915336608887,56700,0.0,0.0
2018-12-19 00:00:00+08:00,6.140162567803673,6.149340745932616,6.0759153209010766,6.094272136688232,70560,0.0,0.0
2018-12-20 00:00:00+08:00,6.149341403366972,6.176875481168234,6.011669635772705,6.011669635772705,38850,0.0,0.0
2018-12-21 00:00:00+08:00,5.984134674072266,6.057560101746791,5.974956955142237,5.984134674072266,44100,0.0,0.0
2018-12-24 00:00:00+08:00,5.883175355949931,5.938243968911956,5.883175355949931,5.892353534698486,22071,0.0,0.0
2018-12-25 00:00:00+08:00,5.892353432548881,6.030025192331922,5.892353432548881,5.938243865966797,47250,0.0,0.0
2018-12-26 00:00:00+08:00,5.901531799937289,5.901531799937289,5.828107287931381,5.8556413650512695,22050,0.0,0.0
2018-12-27 00:00:00+08:00,5.892353432548881,5.938243865966797,5.855641177720408,5.938243865966797,44100,0.0,0.0
2018-12-28 00:00:00+08:00,5.938243934731778,5.947422572956802,5.855641245528848,5.919888496398926,26250,0.0,0.0
2019-01-02 00:00:00+08:00,5.901531679478175,5.919888496398926,5.837284428608098,5.919888496398926,16823,0.0,0.0
2019-01-03 00:00:00+08:00,5.837284445266158,5.90153169631958,5.828107185602842,5.90153169631958,21105,0.0,0.0
2019-01-04 00:00:00+08:00,5.892353208816059,5.9015313870570045,5.828106880187988,5.828106880187988,6300,0.0,0.0
2019-01-07 00:00:00+08:00,5.83728444547062,5.91988851350007,5.8281071858069815,5.910710334777832,26250,0.0,0.0
2019-01-08 00:00:00+08:00,5.818929006880924,5.947422589929167,5.818929006880924,5.90153169631958,25470,0.0,0.0
2019-01-09 00:00:00+08:00,5.919888513292716,5.93824395167795,5.864819440961211,5.90153169631958,41055,0.0,0.0
2019-01-10 00:00:00+08:00,5.901531782640497,5.901531782640497,5.837284530647339,5.873998165130615,38850,0.0,0.0
2019-01-11 00:00:00+08:00,5.947422676921325,5.947422676921325,5.873998165130615,5.873998165130615,3150,0.0,0.0
2019-01-14 00:00:00+08:00,5.828107305120409,5.892353638432736,5.818929126210273,5.837284564971924,25230,0.0,0.0
2019-01-15 00:00:00+08:00,5.8372845477558295,5.87399818234671,5.8372845477558295,5.8556413650512695,50670,0.0,0.0
2019-01-16 00:00:00+08:00,5.864819526745142,5.919888599882135,5.8556413478889775,5.873998165130615,25365,0.0,0.0
2019-01-17 00:00:00+08:00,5.919888513292716,5.919888513292716,5.846463083517376,5.90153169631958,19005,0.0,0.0
2019-01-18 00:00:00+08:00,5.873997978030353,5.956600666046143,5.864819339937241,5.956600666046143,56700,0.0,0.0
2019-01-21 00:00:00+08:00,5.947422587400213,6.2778347236022425,5.91988851077547,6.130984783172607,127050,0.0,0.0
2019-01-22 00:00:00+08:00,6.103450314817175,6.103450314817175,6.011668993057022,6.094272136688232,63000,0.0,0.0
2019-01-23 00:00:00+08:00,6.011668993057022,6.094272136688232,6.011668993057022,6.094272136688232,9382,0.0,0.0
2019-01-24 00:00:00+08:00,6.066738710433868,6.066738710433868,6.011669635772705,6.011669635772705,16927,0.0,0.0
2019-01-25 00:00:00+08:00,5.965778776682922,6.057560101746791,5.965778776682922,5.984134674072266,16857,0.0,0.0
2019-01-28 00:00:00+08:00,5.90153161147522,5.956600683015015,5.90153161147522,5.947422504425049,31500,0.0,0.0
2019-01-29 00:00:00+08:00,5.919888496398926,5.938243934731778,5.873998062449599,5.919888496398926,28350,0.0,0.0
2019-01-30 00:00:00+08:00,5.910710420952621,5.919888599808672,5.855641347816311,5.864819526672363,53550,0.0,0.0
2019-02-11 00:00:00+08:00,5.864819604405104,6.057560443878174,5.864819604405104,6.057560443878174,32995,0.0,0.0
2019-02-12 00:00:00+08:00,6.057560067761387,6.057560067761387,6.002490997314453,6.002490997314453,12390,0.0,0.0
2019-02-13 00:00:00+08:00,6.14934093278104,6.2044100032279745,5.901531494357692,6.002490997314453,111300,0.0,0.0
2019-02-14 00:00:00+08:00,5.919888763729407,6.020848274412219,5.901531945979699,6.011669635772705,127050,0.0,0.0
2019-02-15 00:00:00+08:00,5.984134708270807,6.0300251413003565,5.965778810776563,5.97495698928833,15912,0.0,0.0
2019-02-18 00:00:00+08:00,5.984134708270807,6.011669243806111,5.89235338268242,5.97495698928833,68292,0.0,0.0
2019-02-19 00:00:00+08:00,5.974957309828394,6.057560461336447,5.947422772815939,6.039203643798828,35617,0.0,0.0
2019-02-20 00:00:00+08:00,6.039203609115631,6.17687537432863,6.039203609115631,6.066738605499268,44100,0.0,0.0
2019-02-21 00:00:00+08:00,6.05755989936209,6.149340761830249,6.05755989936209,6.075915336608887,146530,0.0,0.0
2019-02-22 00:00:00+08:00,6.130985071427889,6.525644477211385,6.103450993508599,6.4522199630737305,436800,0.0,0.0
2019-02-25 00:00:00+08:00,7.048796568992779,7.094687461853027,6.883591192813056,7.094687461853027,1241542,0.0,0.0
2019-02-26 00:00:00+08:00,7.113043950294931,7.617840104841222,7.094687592811996,7.489346981048584,2562458,0.0,0.0
2019-02-27 00:00:00+08:00,7.342496974174965,7.489346913658465,7.259893825774334,7.28742790222168,744888,0.0,0.0
2019-03-04 00:00:00+08:00,7.2966059944393775,7.415922315591316,6.957015685730318,7.103865623474121,516600,0.0,0.0
2019-03-05 00:00:00+08:00,7.158935035306567,7.241537727128517,7.0671537049685735,7.177291393280029,216300,0.0,0.0
2019-03-06 00:00:00+08:00,7.20482512799647,7.20482512799647,7.103865623474121,7.103865623474121,241581,0.0,0.0
2019-03-07 00:00:00+08:00,7.103865448500557,7.140577702267611,6.957015514373779,6.957015514373779,180682,0.0,0.0
2019-03-08 00:00:00+08:00,6.947837609446063,7.057975294139688,6.837700843811035,6.837700843811035,141788,0.0,0.0
2019-03-11 00:00:00+08:00,6.846878389019216,6.966194257374719,6.8009874936789005,6.920303821563721,151236,0.0,0.0
2019-03-12 00:00:00+08:00,6.92030346353142,7.021262968527505,6.856056213378906,6.856056213378906,142873,0.0,0.0
2019-03-13 00:00:00+08:00,6.837700843566998,6.947837609198095,6.810165847982951,6.828522205352783,81900,0.0,0.0
2019-03-14 00:00:00+08:00,6.828522103788917,7.168112871962722,6.828522103788917,6.883591175079346,243600,0.0,0.0
2019-03-15 00:00:00+08:00,6.938659890290118,6.947837609446063,6.8101658482260055,6.837700843811035,159600,0.0,0.0
2019-03-18 00:00:00+08:00,6.856056165276228,7.168112856668283,6.856056165276228,7.122222423553467,294000,0.0,0.0
2019-03-19 00:00:00+08:00,7.204825111254277,7.324140972599664,6.938659772035621,7.122222423553467,373800,0.0,0.0
2019-03-20 00:00:00+08:00,7.002906186340237,7.113043870472581,7.002906186340237,7.076331615447998,52500,0.0,0.0
2019-03-21 00:00:00+08:00,7.076331373057586,7.076331373057586,6.938659617254893,6.957015514373779,114450,0.0,0.0
2019-03-22 00:00:00+08:00,6.892768658887755,6.929481833805461,6.764275074086973,6.773453712463379,172444,0.0,0.0
2019-03-25 00:00:00+08:00,6.608246871932847,6.700028199752147,6.580712795257568,6.580712795257568,87495,0.0,0.0
2019-03-26 00:00:00+08:00,6.589891107026253,7.1130435927593325,6.589891107026253,6.975371837615967,246109,0.0,0.0
2019-03-27 00:00:00+08:00,6.95701580284319,7.1589348152869485,6.892768551910622,7.039618492126465,146044,0.0,0.0
2019-03-28 00:00:00+08:00,7.122222860149833,7.186468735202019,6.901947021484375,6.901947021484375,66360,0.0,0.0
2019-03-29 00:00:00+08:00,7.002906134864438,7.002906134864438,6.755096692035191,6.874413013458252,96638,0.0,0.0
2019-04-01 00:00:00+08:00,6.947837899238593,6.947837899238593,6.810166132276281,6.920303821563721,61999,0.0,0.0
2019-04-02 00:00:00+08:00,6.96619356524771,6.96619356524771,6.791809558868408,6.791809558868408,109200,0.0,0.0
2019-04-03 00:00:00+08:00,6.85605623037378,6.920303480685551,6.7918098991206,6.8468780517578125,32690,0.0,0.0
2019-04-08 00:00:00+08:00,6.810165646503027,6.966193760471883,6.810165646503027,6.929481506347656,74706,0.0,0.0
2019-04-09 00:00:00+08:00,6.920303277243522,7.1038654655786475,6.920303277243522,6.9478373527526855,100831,0.0,0.0
2019-04-10 00:00:00+08:00,6.9478376922020715,7.094687633856508,6.901946798229244,7.021263122558594,97692,0.0,0.0
2019-04-11 00:00:00+08:00,7.076331735796682,7.076331735796682,6.920303615347679,7.021263122558594,46244,0.0,0.0
2019-04-12 00:00:00+08:00,7.021263036758931,7.067153470641674,6.97537214334689,7.048796653747559,106575,0.0,0.0
2019-04-15 00:00:00+08:00,7.113044367533952,7.140578445844154,7.021263493794173,7.0671539306640625,38955,0.0,0.0
2019-04-16 00:00:00+08:00,7.0212631015152365,7.28742798811339,6.947837671378776,7.250715732574463,202022,0.0,0.0
2019-04-17 00:00:00+08:00,7.296605960184499,7.296605960184499,7.067153335625133,7.1314005851745605,250434,0.0,0.0
2019-04-18 00:00:00+08:00,7.158934592690988,7.269072274192959,7.0671532680275595,7.149755954742432,142065,0.0,0.0
2019-04-19 00:00:00+08:00,7.12222279614342,7.250715923681,7.113044157605139,7.1681132316589355,80850,0.0,0.0
2019-04-22 00:00:00+08:00,7.250715906115247,7.250715906115247,7.103865961386183,7.177291393280029,70350,0.0,0.0
2019-04-23 00:00:00+08:00,7.158934459500863,7.223181247711182,7.076331314793515,7.223181247711182,192150,0.0,0.0
2019-04-24 00:00:00+08:00,7.269072251933587,7.269072251933587,6.93865966796875,6.93865966796875,290861,0.0,0.0
2019-04-25 00:00:00+08:00,6.947837916778241,7.021263349508106,6.8377011462713995,6.911125659942627,296100,0.0,0.0
2019-04-26 00:00:00+08:00,7.002905818343094,7.002905818343094,6.791809558868408,6.791809558868408,164850,0.0,0.0
2019-04-29 00:00:00+08:00,6.846877900627254,6.957015582058506,6.791809749205555,6.929481506347656,92400,0.0,0.0
2019-04-30 00:00:00+08:00,7.012084107975979,7.012084107975979,6.828521920522277,6.966193675994873,62220,0.0,0.0
2019-05-02 00:00:00+08:00,6.975371871021947,7.002905946464917,6.800986942393637,6.957015514373779,49405,0.0,0.0
2019-05-03 00:00:00+08:00,7.057975033377187,7.057975033377187,6.901946461021943,6.9478373527526855,30758,0.0,0.0
2019-05-06 00:00:00+08:00,6.846877877721678,6.938659661548411,6.60824661836002,6.700027942657471,157500,0.0,0.0
2019-05-07 00:00:00+08:00,6.745919294100121,6.755096553424227,6.700027942657471,6.700027942657471,15829,0.0,0.0
2019-05-08 00:00:00+08:00,6.700028078963006,6.764274869419474,6.589891314718151,6.644959926605225,127164,0.0,0.0
2019-05-09 00:00:00+08:00,6.681671919447652,6.681671919447652,6.516465171203562,6.5348219871521,70402,0.0,0.0
2019-05-10 00:00:00+08:00,6.70002816353238,6.938659890290118,6.70002816353238,6.837700843811035,221560,0.0,0.0
2019-05-13 00:00:00+08:00,6.9661939665679276,6.9661939665679276,6.755096775873454,6.828522205352783,97665,0.0,0.0
2019-05-14 00:00:00+08:00,6.7918100700754,6.7918100700754,6.626603769888217,6.764275074005127,72472,0.0,0.0
2019-05-15 00:00:00+08:00,6.6816722821720544,6.8468781203260365,6.6816722821720544,6.8193440437316895,57294,0.0,0.0
2019-05-16 00:00:00+08:00,6.819344234438535,6.901946926060908,6.672494290064275,6.736741542816162,82240,0.0,0.0
2019-05-17 00:00:00+08:00,6.663315961694793,6.69085049797108,6.571534633636475,6.571534633636475,68056,0.0,0.0
2019-05-20 00:00:00+08:00,6.571534616716258,6.58989143371582,6.479753288894256,6.58989143371582,55650,0.0,0.0
2019-05-21 00:00:00+08:00,6.58989143371582,6.58989143371582,6.5164655443054755,6.58989143371582,53844,0.0,0.0
2019-05-22 00:00:00+08:00,6.5440005398474295,6.58989143352173,6.534822361112569,6.580712795257568,47250,0.0,0.0
2019-05-23 00:00:00+08:00,6.534822003763969,6.562356078933581,6.378793892862153,6.525643825531006,51450,0.0,0.0
2019-05-24 00:00:00+08:00,6.470575332641602,6.5256444069458635,6.33290356593958,6.470575332641602,143850,0.0,0.0
2019-05-27 00:00:00+08:00,6.42468460992248,6.461396864956044,6.332903283044626,6.387972354888916,59083,0.0,0.0
2019-05-28 00:00:00+08:00,6.342081921214637,6.397150533529631,6.332903283044626,6.387972354888916,101154,0.0,0.0
2019-05-29 00:00:00+08:00,6.424684340211513,6.59906926753505,5.965778644145889,6.50728702545166,254782,0.0,0.0
2019-05-30 00:00:00+08:00,6.507287198058848,6.672493951509119,6.498109938618563,6.663315773010254,85787,0.0,0.0
2019-05-31 00:00:00+08:00,6.681672232399799,6.681672232399799,6.56235636961542,6.608246803283691,47671,0.0,0.0
2019-06-03 00:00:00+08:00,6.470575109968548,6.580712795257568,6.4430410332932695,6.580712795257568,39405,0.0,0.0
2019-06-04 00:00:00+08:00,6.65413730627383,6.65413730627383,6.424684676012775,6.58989143371582,79170,0.0,0.0
2019-06-05 00:00:00+08:00,6.516465629515608,6.562356523791335,6.479753373624334,6.544000625610352,60144,0.0,0.0
2019-06-06 00:00:00+08:00,6.681671919447652,6.681671919447652,6.498109733842849,6.5348219871521,42548,0.0,0.0
2019-06-10 00:00:00+08:00,6.5072874506604625,6.562356523791335,6.452219756117512,6.544000625610352,114988,0.0,0.0
2019-06-11 00:00:00+08:00,6.534822003763969,6.544000181996932,6.433862502730654,6.525643825531006,53707,0.0,0.0
2019-06-12 00:00:00+08:00,6.461396745190216,6.507287178013889,6.378794058013463,6.44304084777832,46212,0.0,0.0
2019-06-13 00:00:00+08:00,6.470575402314161,6.498110399292095,6.342082272808605,6.4522199630737305,64193,0.0,0.0
2019-06-14 00:00:00+08:00,6.452219911003676,6.516465785944001,6.424684914247952,6.461397171020508,55650,0.0,0.0
2019-06-17 00:00:00+08:00,6.534822019747171,6.534822019747171,6.498109766254803,6.50728702545166,27384,0.0,0.0
2019-06-18 00:00:00+08:00,6.516465187072754,6.516465187072754,6.406328426876792,6.516465187072754,24574,0.0,0.0
2019-06-19 00:00:00+08:00,6.534822224443552,6.534822224443552,6.415506362915039,6.415506362915039,91350,0.0,0.0
2019-06-20 00:00:00+08:00,6.488931743706239,6.672493934631348,6.424684494376698,6.672493934631348,280822,0.0,0.0
2019-06-21 00:00:00+08:00,6.672494105968935,6.672494105968935,6.516465527405664,6.599069595336914,140700,0.0,0.0
2019-06-24 00:00:00+08:00,6.599069543702771,6.6541372369519625,6.534822293226177,6.608246803283691,12819,0.0,0.0
2019-06-25 00:00:00+08:00,6.626603706189047,6.745919570523653,6.544000556889491,6.571534633636475,96023,0.0,0.0
2019-06-26 00:00:00+08:00,6.663315875120772,6.663315875120772,6.54400047186569,6.608246803283691,26089,0.0,0.0
2019-06-27 00:00:00+08:00,6.663315875120772,6.663315875120772,6.553179110034501,6.608246803283691,9051,0.0,0.0
2019-06-28 00:00:00+08:00,7.250715988671661,7.250715988671661,6.846878406303994,6.911125659942627,443178,0.0,0.0
2019-07-01 00:00:00+08:00,6.957016095869474,7.021263349508106,6.856056585395227,6.911125659942627,64884,0.0,0.0
2019-07-02 00:00:00+08:00,6.911125065711691,6.993727751371825,6.837700558353634,6.966193675994873,76724,0.0,0.0
2019-07-03 00:00:00+08:00,7.012084693185717,7.012084693185717,6.846878389019216,6.920303821563721,97650,0.0,0.0
2019-07-04 00:00:00+08:00,6.993727768140833,6.993727768140833,6.883591006839671,6.957015514373779,53550,0.0,0.0
2019-07-05 00:00:00+08:00,6.975372436442782,7.296606406178402,6.892768824830213,6.920303821563721,297150,0.0,0.0
2019-07-08 00:00:00+08:00,6.929481624993683,6.947837522605442,6.800987125006317,6.865234375,82950,0.0,0.0
2019-07-09 00:00:00+08:00,6.920303133996161,6.920303133996161,6.727562311775259,6.791809558868408,103950,0.0,0.0
2019-07-10 00:00:00+08:00,6.837701146432189,6.920303839196592,6.819344328719971,6.901947021484375,144900,0.0,0.0
2019-07-11 00:00:00+08:00,6.929481794009446,7.048796739748596,6.892768619302584,7.012084484100342,83080,0.0,0.0
2019-07-12 00:00:00+08:00,7.012084854985001,7.103866188254108,7.012084854985001,7.0671539306640625,80850,0.0,0.0
2019-07-15 00:00:00+08:00,7.131400635311299,7.131400635311299,6.984550697224486,7.085508823394775,47662,0.0,0.0
2019-07-16 00:00:00+08:00,7.021263493794173,7.085509370165092,7.002906675705157,7.0671539306640625,38062,0.0,0.0
2019-07-17 00:00:00+08:00,7.048796378556054,7.067153194733503,6.929481438930809,6.957015514373779,40950,0.0,0.0
2019-07-18 00:00:00+08:00,7.012084518537082,7.012084518537082,6.947837726190141,6.993728160858154,26670,0.0,0.0
2019-07-19 00:00:00+08:00,6.9937281266455935,7.11304399144564,6.975372228585767,7.021263122558594,43260,0.0,0.0
2019-07-22 00:00:00+08:00,7.048796739883682,7.103865812651073,6.883591359698722,7.021263122558594,99750,0.0,0.0
2019-07-23 00:00:00+08:00,7.039618424105239,7.039618424105239,6.8468780517578125,6.8468780517578125,65100,0.0,0.0
2019-07-24 00:00:00+08:00,6.8101658482260055,6.920303532919631,6.718384520902868,6.837700843811035,140700,0.0,0.0
2019-07-25 00:00:00+08:00,6.874413098777364,6.874413098777364,6.7642749545583705,6.828522205352783,36750,0.0,0.0
2019-07-26 00:00:00+08:00,6.892768451541675,6.892768451541675,6.709206258709461,6.874413013458252,162543,0.0,0.0
2019-07-29 00:00:00+08:00,6.947837539781775,6.947837539781775,6.755096708382822,6.856056213378906,79800,0.0,0.0
2019-07-30 00:00:00+08:00,6.79180986465695,6.79180986465695,6.617424931367749,6.644959926605225,154350,0.0,0.0
2019-07-31 00:00:00+08:00,6.617425199263835,6.8468782941998665,6.571534764088353,6.745919704437256,2910979,0.0,0.0
2019-08-01 00:00:00+08:00,6.773453626716255,6.819344060841506,6.7000281968689706,6.810165882110596,156450,0.0,0.0
2019-08-02 00:00:00+08:00,6.837700916438705,6.837700916438705,6.562356472015381,6.562356472015381,114528,0.0,0.0
2019-08-05 00:00:00+08:00,6.672494054633899,6.672494054633899,6.378794176248201,6.387972354888916,134270,0.0,0.0
2019-08-06 00:00:00+08:00,6.424684914247952,6.461397171020508,6.2870131471745605,6.461397171020508,79800,0.0,0.0
2019-08-07 00:00:00+08:00,6.516465928878759,6.626604080200195,6.397150976868522,6.626604080200195,66151,0.0,0.0
2019-08-08 00:00:00+08:00,6.6541372369519625,6.6541372369519625,6.54400047186569,6.608246803283691,71654,0.0,0.0
2019-08-12 00:00:00+08:00,6.681672109425851,6.681672109425851,6.415506312366544,6.44304084777832,118755,0.0,0.0
2019-08-13 00:00:00+08:00,6.443041106131525,6.470575183118076,6.259478907947066,6.314547061920166,129150,0.0,0.0
2019-08-14 00:00:00+08:00,6.45221970955829,6.5807128340151975,6.3420820236206055,6.3420820236206055,96600,0.0,0.0
2019-08-15 00:00:00+08:00,6.195232065310493,6.452219692117569,6.195232065310493,6.351260185241699,35779,0.0,0.0
2019-08-16 00:00:00+08:00,6.415506639985503,6.415506639985503,6.259478976605479,6.287013053894043,84700,0.0,0.0
2019-08-19 00:00:00+08:00,6.4063286781311035,6.452219571090843,6.259478739718524,6.4063286781311035,102900,0.0,0.0
2019-08-20 00:00:00+08:00,6.443041050072409,6.644960063706572,6.443041050072409,6.571534633636475,73500,0.0,0.0
2019-08-21 00:00:00+08:00,6.599069646675609,6.599069646675609,6.48893196081214,6.562356472015381,71051,0.0,0.0
2019-08-22 00:00:00+08:00,6.608246803283691,6.644959977371042,6.5072872977783405,6.608246803283691,47250,0.0,0.0
2019-08-23 00:00:00+08:00,6.608246803283691,6.635781798731529,6.5072872977783405,6.608246803283691,13650,0.0,0.0
2019-08-26 00:00:00+08:00,6.608246889142221,6.608246889142221,6.443041050072409,6.571534633636475,25200,0.0,0.0
2019-08-27 00:00:00+08:00,6.562356062251719,6.562356062251719,6.433862486375428,6.5348219871521,66151,0.0,0.0
2019-08-28 00:00:00+08:00,6.470574771959292,6.516465203707072,6.443040696722336,6.50728702545166,61950,0.0,0.0
2019-08-29 00:00:00+08:00,6.5440003685634816,6.5440003685634816,6.433862686157227,6.433862686157227,79852,0.0,0.0
2019-08-30 00:00:00+08:00,6.443040696722336,6.534822019747171,6.443040696722336,6.50728702545166,19425,0.0,0.0
2019-09-02 00:00:00+08:00,6.424684760022768,6.544000625610352,6.424684760022768,6.544000625610352,17325,0.0,0.0
2019-09-03 00:00:00+08:00,6.516465187072754,6.516465187072754,6.3971502486448095,6.516465187072754,84001,0.0,0.0
2019-09-04 00:00:00+08:00,6.516465187072754,6.562356078232667,6.470574755442117,6.516465187072754,87150,0.0,0.0
2019-09-05 00:00:00+08:00,6.589891519960291,6.589891519960291,6.461397015986808,6.5531792640686035,68250,0.0,0.0
2019-09-06 00:00:00+08:00,6.626603723494498,6.626603723494498,6.48893196081214,6.562356472015381,113400,0.0,0.0
2019-09-10 00:00:00+08:00,6.54400047186569,6.608246803283691,6.49811003819742,6.608246803283691,57853,0.0,0.0
2019-09-11 00:00:00+08:00,6.516465187072754,6.544000181297977,6.443040680275446,6.516465187072754,115936,0.0,0.0
2019-09-12 00:00:00+08:00,6.424684760022768,6.571534702646481,6.406328861841785,6.544000625610352,172823,0.0,0.0
2019-09-16 00:00:00+08:00,6.443041117733059,6.544000625610352,6.424684760022768,6.544000625610352,50479,0.0,0.0
2019-09-17 00:00:00+08:00,6.470575402314161,6.507287659382988,6.433863145245334,6.4522199630737305,60217,0.0,0.0
2019-09-18 00:00:00+08:00,6.470575315236673,6.488932132818034,6.406328981113148,6.479753494262695,86658,0.0,0.0
2019-09-19 00:00:00+08:00,6.488932150272339,6.562356663619388,6.387972640243842,6.470575332641602,682899,0.0,0.0
2019-09-20 00:00:00+08:00,6.470575009216152,6.479753187808099,6.342081887516762,6.4063286781311035,264198,0.0,0.0
2019-09-23 00:00:00+08:00,6.406328728998163,6.498110056117105,6.36961555480957,6.36961555480957,67200,0.0,0.0
2019-09-24 00:00:00+08:00,6.443041255018787,6.562356663619388,6.387972640243842,6.470575332641602,83462,0.0,0.0
2019-09-25 00:00:00+08:00,6.479753204998088,6.4981100217599765,6.369615521131824,6.39715051651001,77700,0.0,0.0
2019-09-26 00:00:00+08:00,6.369615504234018,6.461396830624203,6.369615504234018,6.4063286781311035,40968,0.0,0.0
2019-09-27 00:00:00+08:00,6.406328729263434,6.433862805729748,6.378794193267822,6.378794193267822,19222,0.0,0.0
2019-10-01 00:00:00+08:00,6.415506397193758,6.424684575785705,6.3512600661087095,6.4063286781311035,24900,0.0,0.0
2019-10-02 00:00:00+08:00,6.433862892451154,6.433862892451154,6.3329033853023855,6.3420820236206055,62535,0.0,0.0
2019-10-03 00:00:00+08:00,6.360438295466712,6.39715055059823,6.332903299941802,6.378794193267822,34755,0.0,0.0
2019-10-04 00:00:00+08:00,6.397150938032964,6.397150938032964,6.204410552978516,6.204410552978516,71400,0.0,0.0
2019-10-07 00:00:00+08:00,6.26865633778318,6.27783451619797,6.167697753808343,6.2227654457092285,111300,0.0,0.0
2019-10-08 00:00:00+08:00,6.195231880780995,6.250300492196073,6.130984631345901,6.213588237762451,72450,0.0,0.0
2019-10-09 00:00:00+08:00,6.204409975107829,6.250300407409668,6.11262865097487,6.250300407409668,72450,0.0,0.0
2019-10-14 00:00:00+08:00,6.268656304612834,6.268656304612834,6.176874980479874,6.250300407409668,44212,0.0,0.0
2019-10-15 00:00:00+08:00,6.20440999175446,6.250300424179423,6.19523181336361,6.241122245788574,22437,0.0,0.0
2019-10-16 00:00:00+08:00,6.268656304612834,6.268656304612834,6.195231796741606,6.250300407409668,33489,0.0,0.0
2019-10-17 00:00:00+08:00,6.195231746538465,6.287012610398395,6.130984498495524,6.268656253814697,109292,0.0,0.0
2019-10-18 00:00:00+08:00,6.314546736914672,6.314546736914672,6.195231796741606,6.250300407409668,33180,0.0,0.0
2019-10-21 00:00:00+08:00,6.250300424179423,6.250300424179423,6.20440999175446,6.241122245788574,12075,0.0,0.0
2019-10-22 00:00:00+08:00,6.259478976605479,6.287013053894043,6.195232183559749,6.287013053894043,79801,0.0,0.0
2019-10-23 00:00:00+08:00,6.250300612222264,6.314546943832521,6.149341106414795,6.149341106414795,71400,0.0,0.0
2019-10-24 00:00:00+08:00,6.14934110667638,6.17687518314919,6.085093856004796,6.158519744873047,73500,0.0,0.0
2019-10-25 00:00:00+08:00,6.17687506427025,6.222765497194601,5.993312873043561,6.213588237762451,166057,0.0,0.0
2019-10-28 00:00:00+08:00,6.241122262583027,6.241122262583027,6.130984581125743,6.2319440841674805,25284,0.0,0.0
2019-10-29 00:00:00+08:00,6.241122313705345,6.241122313705345,6.103450555403006,6.213588237762451,87668,0.0,0.0
2019-10-30 00:00:00+08:00,6.149340988327356,6.213588237762451,6.121805993325884,6.213588237762451,68302,0.0,0.0
2019-10-31 00:00:00+08:00,6.11262850874884,6.167697577664862,6.075915336608887,6.075915336608887,71873,0.0,0.0
2019-11-01 00:00:00+08:00,6.075915710655163,6.1218061447143555,5.947422587195286,6.1218061447143555,77874,0.0,0.0
2019-11-04 00:00:00+08:00,6.039203305967911,6.231944135214618,6.011669230025017,6.213588237762451,70350,0.0,0.0
2019-11-05 00:00:00+08:00,6.140162566996394,6.222765251087473,6.020847629923644,6.0850934982299805,107100,0.0,0.0
2019-11-06 00:00:00+08:00,6.066738710251224,6.103450967161574,5.929066023602462,6.020848274230957,315000,0.0,0.0
2019-11-07 00:00:00+08:00,6.048381600864616,6.167697923540416,6.011669345724437,6.158519744873047,96600,0.0,0.0
2019-11-08 00:00:00+08:00,6.158519626347373,6.222765497194601,6.057560122478656,6.213588237762451,83737,0.0,0.0
2019-11-11 00:00:00+08:00,6.2044098138905435,6.2044098138905435,5.993312636011166,6.0850934982299805,61950,0.0,0.0
2019-11-12 00:00:00+08:00,6.158519830744304,6.231944342048456,6.075915762056893,6.112628936767578,133350,0.0,0.0
2019-11-13 00:00:00+08:00,6.158520133898181,6.213588749851706,6.103451058415328,6.195232391357422,67200,0.0,0.0
2019-11-14 00:00:00+08:00,6.21358837433337,6.222765633967231,6.057560255620172,6.140162944793701,76650,0.0,0.0
2019-11-15 00:00:00+08:00,6.103450672609199,6.204410178416668,6.103450672609199,6.149341106414795,53599,0.0,0.0
2019-11-18 00:00:00+08:00,6.085093752841673,6.149341002424047,5.97495698928833,5.97495698928833,81900,0.0,0.0
2019-11-19 00:00:00+08:00,6.0392038039959965,6.213588750171339,5.965779289073737,6.18605375289917,172200,0.0,0.0
2019-11-20 00:00:00+08:00,6.167697737720346,6.241122245788574,6.167697737720346,6.241122245788574,3150,0.0,0.0
2019-11-21 00:00:00+08:00,6.167697737720346,6.241122245788574,6.167697737720346,6.241122245788574,3150,0.0,0.0
2019-11-22 00:00:00+08:00,6.121806353425205,6.167698167636889,6.020848222205756,6.030025482177734,116865,0.0,0.0
2019-11-25 00:00:00+08:00,6.1218061965043145,6.1218061965043145,6.011669429548086,6.112628936767578,12600,0.0,0.0
2019-11-26 00:00:00+08:00,6.1218061965043145,6.1218061965043145,6.011669429548086,6.112628936767578,12600,0.0,0.0
2019-11-27 00:00:00+08:00,6.057560621708944,6.195232391357422,5.984135187731808,6.195232391357422,102900,0.0,0.0
2019-11-28 00:00:00+08:00,6.130984783172607,6.19523203419871,6.020848017144331,6.130984783172607,71400,0.0,0.0
2019-11-29 00:00:00+08:00,6.130985136942812,6.18605375289917,6.057560622020552,6.18605375289917,38850,0.0,0.0
2019-12-02 00:00:00+08:00,6.085093855745943,6.149341106414795,6.075915677078965,6.149341106414795,45150,0.0,0.0
2019-12-03 00:00:00+08:00,6.121805942675822,6.2227654457092285,6.121805942675822,6.2227654457092285,37800,0.0,0.0
2019-12-04 00:00:00+08:00,6.121805942675822,6.2227654457092285,6.121805942675822,6.2227654457092285,37800,0.0,0.0
2019-12-05 00:00:00+08:00,6.149340937449478,6.28701269461276,6.149340937449478,6.2227654457092285,59850,0.0,0.0
2019-12-06 00:00:00+08:00,6.2411222123474195,6.259478569030762,6.130984531776647,6.259478569030762,52500,0.0,0.0
2019-12-09 00:00:00+08:00,6.130984930984706,6.287013053894043,6.130984930984706,6.287013053894043,59850,0.0,0.0
2019-12-10 00:00:00+08:00,6.130984930984706,6.287013053894043,6.130984930984706,6.287013053894043,59850,0.0,0.0
2019-12-11 00:00:00+08:00,6.176875383191542,6.277834892272949,6.1401631268624115,6.277834892272949,37800,0.0,0.0
2019-12-12 00:00:00+08:00,6.2503007976661875,6.323725310121898,6.121806292516103,6.287013053894043,87150,0.0,0.0
2019-12-13 00:00:00+08:00,6.158519559329496,6.250300424179423,6.1126286673752475,6.241122245788574,32707,0.0,0.0
2019-12-16 00:00:00+08:00,6.149340988327356,6.231944135214618,6.149340988327356,6.213588237762451,66150,0.0,0.0
2019-12-17 00:00:00+08:00,6.195232166533882,6.342082110100351,6.195232166533882,6.305369853973389,28350,0.0,0.0
2019-12-18 00:00:00+08:00,6.195232166533882,6.342082110100351,6.195232166533882,6.305369853973389,28350,0.0,0.0
2019-12-19 00:00:00+08:00,6.250300712090833,6.378794296423037,6.241122533277204,6.32372522354126,65100,0.0,0.0
2019-12-20 00:00:00+08:00,6.323725037015251,6.415506362915039,6.241122349187662,6.415506362915039,126172,0.0,0.0
2019-12-23 00:00:00+08:00,6.378794461193132,6.488932150272339,6.268656772113924,6.470575332641602,109200,0.0,0.0
2019-12-24 00:00:00+08:00,6.424684896917366,6.470575332641602,6.287013130215345,6.470575332641602,85050,0.0,0.0
2019-12-25 00:00:00+08:00,6.415506717866656,6.470575332641602,6.287013130215345,6.470575332641602,73500,0.0,0.0
2019-12-26 00:00:00+08:00,6.41550655214825,6.4613969866870935,6.296191146629676,6.32372522354126,93450,0.0,0.0
2019-12-27 00:00:00+08:00,6.305369666181074,6.415506431281765,6.287012849370346,6.387972354888916,114013,0.0,0.0
2019-12-30 00:00:00+08:00,6.342081921214637,6.387972354888916,6.287012849370346,6.387972354888916,24150,0.0,0.0
2019-12-31 00:00:00+08:00,6.2961911295368065,6.38797245789463,6.213588439496999,6.3329033851623535,82110,0.0,0.0
2020-01-02 00:00:00+08:00,6.241122014888158,6.406328300752808,6.213587940263561,6.360437870025635,139650,0.0,0.0
2020-01-03 00:00:00+08:00,6.259478907947066,6.406328850306355,6.204410294444658,6.314547061920166,100747,0.0,0.0
2020-01-06 00:00:00+08:00,6.287012695131479,6.287012695131479,6.158519575901671,6.2319440841674805,45150,0.0,0.0
2020-01-07 00:00:00+08:00,6.231944272188989,6.268656527429524,6.140162944793701,6.140162944793701,13650,0.0,0.0
2020-01-08 00:00:00+08:00,6.149340745932616,6.213587992835212,6.0575598837017335,6.094272136688232,92400,0.0,0.0
2020-01-09 00:00:00+08:00,6.149341209723034,6.149341209723034,6.057560340569934,6.103450775146484,33600,0.0,0.0
2020-01-10 00:00:00+08:00,6.103450656000122,6.241122416571568,6.030025226864101,6.167697906494141,58800,0.0,0.0
2020-01-13 00:00:00+08:00,6.085093872638949,6.176875200034237,6.057560255620172,6.140162944793701,51450,0.0,0.0
2020-01-14 00:00:00+08:00,6.130984939100735,6.17687537432863,6.057560426547826,6.066738605499268,57750,0.0,0.0
2020-01-15 00:00:00+08:00,6.057560255620172,6.21358837433337,6.039203438705956,6.140162944793701,78750,0.0,0.0
2020-01-16 00:00:00+08:00,6.140162944793701,6.176875200034237,6.039203438705956,6.140162944793701,68250,0.0,0.0
2020-01-17 00:00:00+08:00,6.14934110667638,6.213588357347965,6.039203422197247,6.158519744873047,92293,0.0,0.0
2020-01-20 00:00:00+08:00,6.06673843431263,6.140162944793701,6.057560255620172,6.140162944793701,25405,0.0,0.0
2020-01-30 00:00:00+08:00,5.580297320585065,6.002490752983855,5.580297320585065,5.644543647766113,80850,0.0,0.0
2020-01-31 00:00:00+08:00,5.580297320585065,6.002490752983855,5.580297320585065,5.644543647766113,81574,0.0,0.0
2020-02-03 00:00:00+08:00,5.415091412019019,5.497694101019208,5.295776008326035,5.460981845855713,100800,0.0,0.0
2020-02-04 00:00:00+08:00,5.396735949782777,5.506872724162614,5.341667332828192,5.4885172843933105,72450,0.0,0.0
2020-02-05 00:00:00+08:00,5.571119142550839,5.690434078407976,5.571119142550839,5.644543647766113,10500,0.0,0.0
2020-02-06 00:00:00+08:00,5.571119142550839,5.690434078407976,5.571119142550839,5.644543647766113,10500,0.0,0.0
2020-02-07 00:00:00+08:00,5.644544107589492,5.699613180280957,5.525229162012561,5.662900924682617,11592,0.0,0.0
2020-02-10 00:00:00+08:00,5.59865375873292,5.662901011187721,5.506872429041086,5.617010116577148,37800,0.0,0.0
2020-02-11 00:00:00+08:00,5.534407307359989,5.846463086413247,5.534407307359989,5.681257247924805,43050,0.0,0.0
2020-02-12 00:00:00+08:00,5.66290083900105,5.773038523188257,5.66290083900105,5.690434455871582,10500,0.0,0.0
2020-02-13 00:00:00+08:00,5.736325705629369,5.80057250059464,5.580298037587612,5.7546820640563965,87150,0.0,0.0
2020-02-14 00:00:00+08:00,5.617010277768136,5.791394303704667,5.598653919397136,5.76386022567749,89250,0.0,0.0
2020-02-17 00:00:00+08:00,5.672078916817592,5.8005720369482034,5.626188483947423,5.7455034255981445,26250,0.0,0.0
2020-02-18 00:00:00+08:00,5.635367078300078,5.791394285855404,5.598653902141905,5.782217025756836,149100,0.0,0.0
2020-02-19 00:00:00+08:00,5.626188916232914,5.773038864135742,5.6170102775184985,5.773038864135742,186900,0.0,0.0
2020-02-20 00:00:00+08:00,5.690434774655387,5.782217025756836,5.635367078300078,5.782217025756836,134400,0.0,0.0
2020-02-21 00:00:00+08:00,5.653722150699808,5.74550347678715,5.635366712635067,5.727147579193115,103740,0.0,0.0
2020-02-24 00:00:00+08:00,5.580297690742968,5.690434455871582,5.580297690742968,5.690434455871582,39900,0.0,0.0
2020-02-25 00:00:00+08:00,5.672078641398056,5.672078641398056,5.5344068899432015,5.644543647766113,36750,0.0,0.0
2020-02-26 00:00:00+08:00,5.644544107589492,5.681257282246438,5.571119596392812,5.662900924682617,25200,0.0,0.0
2020-02-27 00:00:00+08:00,5.589476243173563,5.589476243173563,5.433447668164602,5.506872177124023,89250,0.0,0.0
2020-03-02 00:00:00+08:00,5.552762415414363,5.552762415414363,5.378378868103027,5.378378868103027,96600,0.0,0.0
2020-03-03 00:00:00+08:00,5.396735497378701,5.488516824295278,5.341666885040474,5.470160007476807,74550,0.0,0.0
2020-03-04 00:00:00+08:00,5.369200793880095,5.369200793880095,5.277419921501988,5.332488536834717,163800,0.0,0.0
2020-03-05 00:00:00+08:00,5.304953609289787,5.405912653387277,5.277419533412875,5.295775890350342,81900,0.0,0.0
2020-03-06 00:00:00+08:00,5.295775890350342,5.323309966227254,5.222350462600476,5.295775890350342,57750,0.0,0.0
2020-03-09 00:00:00+08:00,5.295775890350342,5.295775890350342,5.295775890350342,5.295775890350342,0,0.0,0.0
2020-03-10 00:00:00+08:00,4.937829034982705,5.047966723029065,4.928650856018066,4.928650856018066,56700,0.0,0.0
2020-03-11 00:00:00+08:00,4.974541521970592,5.121391473155309,4.891938826517357,5.047966957092285,77700,0.0,0.0
2020-03-12 00:00:00+08:00,4.873581719766562,4.873581719766562,4.589060013626647,4.735910415649414,133350,0.0,0.0
2020-03-13 00:00:00+08:00,4.735910415649414,4.735910415649414,4.735910415649414,4.735910415649414,0,0.0,0.0
2020-03-16 00:00:00+08:00,4.39631979229298,4.4881011244877,3.8915236140453247,4.212757587432861,47250,0.0,0.0
2020-03-17 00:00:00+08:00,3.9282354848833405,4.0383731645913805,3.7997421379296643,3.836454391479492,164850,0.0,0.0
2020-03-18 00:00:00+08:00,4.10261964825573,4.10261964825573,3.808919540890997,3.882345199584961,42000,0.0,0.0
2020-03-19 00:00:00+08:00,3.790564128483757,3.790564128483757,3.496864231084648,3.533576488494873,124950,0.0,0.0
2020-03-20 00:00:00+08:00,3.487685656472902,3.8548112000828807,3.487685656472902,3.845632791519165,86100,0.0,0.0
2020-03-23 00:00:00+08:00,3.7538517434833314,3.92823576443106,3.5519329560021586,3.808919668197632,27300,0.0,0.0
2020-03-24 00:00:00+08:00,3.8089193971408846,3.836454391479492,3.7171383037370362,3.836454391479492,69300,0.0,0.0
2020-03-25 00:00:00+08:00,3.8639882663478455,4.038373195269044,3.8089194260754926,3.946592330932617,35700,0.0,0.0
2020-03-26 00:00:00+08:00,4.157688260143724,4.157688260143724,3.863988382563397,4.102619647979736,46200,0.0,0.0
2020-03-27 00:00:00+08:00,4.267826368732276,4.267826368732276,4.0200169267209205,4.130154609680176,37800,0.0,0.0
2020-03-30 00:00:00+08:00,4.120975971221924,4.130154609291063,3.9098787838640137,4.120975971221924,32550,0.0,0.0
2020-03-31 00:00:00+08:00,4.1668669164886945,4.1668669164886945,3.9465924668706256,3.992482900619507,52500,0.0,0.0
2020-04-01 00:00:00+08:00,4.212757675715279,4.212757675715279,4.029195467008438,4.1760454177856445,79800,0.0,0.0
2020-04-06 00:00:00+08:00,4.176045217822506,4.231114291374065,4.00166027777188,4.04755163192749,66150,0.0,0.0
2020-04-07 00:00:00+08:00,4.194400787071716,4.22193578423322,4.047551757817397,4.203579425811768,49350,0.0,0.0
2020-04-08 00:00:00+08:00,4.29536025060677,4.469745194122222,4.221935736804452,4.451388835906982,86100,0.0,0.0
2020-04-09 00:00:00+08:00,4.45138861424526,4.561526298522949,4.414676359172228,4.561526298522949,49350,0.0,0.0
2020-04-10 00:00:00+08:00,4.699198441062759,4.699198441062759,4.561526669175915,4.607417106628418,29400,0.0,0.0
2020-04-13 00:00:00+08:00,4.607416646199549,4.763444761286908,4.469744888070534,4.589059829711914,38850,0.0,0.0
2020-04-14 00:00:00+08:00,4.5890602883063485,4.634951185288187,4.478923514137942,4.607417106628418,54600,0.0,0.0
2020-04-15 00:00:00+08:00,4.6074167150802925,4.6074167150802925,4.43303269995684,4.570704460144043,57750,0.0,0.0
2020-04-16 00:00:00+08:00,4.4513889583938395,4.625773906707764,4.442210319504336,4.625773906707764,108150,0.0,0.0
2020-04-17 00:00:00+08:00,4.662485838888013,4.662485838888013,4.460566826129395,4.53399133682251,103950,0.0,0.0
2020-04-20 00:00:00+08:00,4.45138863065797,4.570704494026171,4.442209992444249,4.5431694984436035,35700,0.0,0.0
2020-04-21 00:00:00+08:00,4.570704301424442,4.570704301424442,4.414676189422607,4.414676189422607,29400,0.0,0.0
2020-04-22 00:00:00+08:00,4.359607255648047,4.809335708618164,4.304538643673269,4.809335708618164,129150,0.0,0.0
2020-04-23 00:00:00+08:00,4.589060013547094,4.763444952107851,4.589060013547094,4.726731777191162,14700,0.0,0.0
2020-04-24 00:00:00+08:00,4.745088664019899,4.745088664019899,4.616595077337802,4.708376407623291,23100,0.0,0.0
2020-04-27 00:00:00+08:00,4.735910344983162,5.002076148986816,4.625773579050419,5.002076148986816,141750,0.0,0.0
2020-04-28 00:00:00+08:00,4.818514172411325,4.974541379457645,4.818514172411325,4.89193868637085,48300,0.0,0.0
2020-04-29 00:00:00+08:00,4.864404387394612,5.002076148986816,4.717554447092355,5.002076148986816,102900,0.0,0.0
2020-04-30 00:00:00+08:00,4.983719740457425,5.066322428942196,4.846047980277079,5.020431995391846,101850,0.0,0.0
2020-05-04 00:00:00+08:00,5.002076080787484,5.084678768993144,4.864404321072325,5.0296101570129395,49350,0.0,0.0
2020-05-05 00:00:00+08:00,4.919472473523236,5.066322411823311,4.873581580598653,5.0296101570129395,47250,0.0,0.0
2020-05-06 00:00:00+08:00,5.01125417081584,5.103035495513794,4.864404235110828,4.846047878265381,58800,0.0,0.0
2020-05-07 00:00:00+08:00,4.9837201608901385,5.047966957092285,4.882760647127146,5.047966957092285,93450,0.0,0.0
2020-05-08 00:00:00+08:00,5.047966956631829,5.112213293298781,4.956186081796754,5.057145595550537,29400,0.0,0.0
2020-05-11 00:00:00+08:00,5.07550048828125,5.07550048828125,5.020431877409111,5.07550048828125,4200,0.0,0.0
2020-05-12 00:00:00+08:00,5.176459888862766,5.203994883048645,5.047966312857171,5.1213908195495605,18900,0.0,0.0
2020-05-13 00:00:00+08:00,5.158103677383409,5.158103677383409,4.974541470081891,5.0663228034973145,61950,0.0,0.0
2020-05-14 00:00:00+08:00,5.038788217581878,5.1305695417520925,4.901116461091198,5.084678649902344,117600,0.0,0.0
2020-05-15 00:00:00+08:00,4.9837196074383945,5.158103158369445,4.974540969538155,5.093857288360596,46200,0.0,0.0
2020-05-18 00:00:00+08:00,5.07550048828125,5.07550048828125,5.0020759801379215,5.07550048828125,17850,0.0,0.0
2020-05-19 00:00:00+08:00,5.075500673783796,5.259062869909632,5.066322495048109,5.213172435760498,61950,0.0,0.0
2020-05-20 00:00:00+08:00,5.213172435760498,5.249885610232547,5.213172435760498,5.213172435760498,4200,0.0,0.0
2020-05-21 00:00:00+08:00,5.259062869909632,5.2682415081746194,5.148926103669292,5.213172435760498,19950,0.0,0.0
2020-05-22 00:00:00+08:00,5.222350666408954,5.231529304765183,5.084678903063726,5.203995227813721,24150,0.0,0.0
2020-05-25 00:00:00+08:00,5.203995159251143,5.259062852899245,5.203995159251143,5.231529235839844,26250,0.0,0.0
2020-05-26 00:00:00+08:00,5.222350718473427,5.249885714758012,5.112213030981638,5.1672821044921875,27300,0.0,0.0
2020-05-27 00:00:00+08:00,5.203995279695198,5.203995279695198,5.05714533605902,5.1672821044921875,69300,0.0,0.0
2020-05-28 00:00:00+08:00,5.194816895723719,5.396735445370881,5.158103262440582,5.259062767028809,68250,0.0,0.0
2020-05-29 00:00:00+08:00,5.32330998319189,5.32330998319189,5.167281867784761,5.286597728729248,25200,0.0,0.0
2020-06-01 00:00:00+08:00,5.158103229757489,5.286597728729248,5.139747791820103,5.286597728729248,21000,0.0,0.0
2020-06-02 00:00:00+08:00,5.222350881079829,5.323310392796731,5.167282265383939,5.314132213592529,39900,0.0,0.0
2020-06-03 00:00:00+08:00,5.213172284131742,5.31413178775852,5.148925953909186,5.295775890350342,115500,0.0,0.0
2020-06-04 00:00:00+08:00,5.277419533412875,5.341666782694008,5.158103213319343,5.295775890350342,148050,0.0,0.0
2020-06-05 00:00:00+08:00,5.185638241364105,5.277419567108154,5.112212813145431,5.277419567108154,143850,0.0,0.0
2020-06-08 00:00:00+08:00,5.25906276740098,5.3049536601849185,5.176460079448477,5.2682414054870605,55650,0.0,0.0
2020-06-09 00:00:00+08:00,5.277419791983976,5.277419791983976,5.1581034660444525,5.1672821044921875,57750,0.0,0.0
2020-06-10 00:00:00+08:00,5.194816896091344,5.277419584043848,5.167281900891688,5.2682414054870605,140700,0.0,0.0
2020-06-11 00:00:00+08:00,5.2682414054870605,5.3049536601849185,5.167281900891688,5.2682414054870605,99750,0.0,0.0
2020-06-12 00:00:00+08:00,5.2865977626006355,5.2865977626006355,5.158103262805609,5.2682414054870605,64050,0.0,0.0
2020-06-15 00:00:00+08:00,5.268241173274359,5.442625639108249,5.194816667115036,5.387557029724121,153300,0.0,0.0
2020-06-16 00:00:00+08:00,5.323310101466536,5.56194136912819,5.259062850553195,5.451803684234619,133350,0.0,0.0
2020-06-17 00:00:00+08:00,5.451804055236954,5.5344076691753905,5.350844542174864,5.497694492340088,98700,0.0,0.0
2020-06-18 00:00:00+08:00,5.4885172843933105,5.543584982289225,5.360022772597495,5.4885172843933105,48300,0.0,0.0
2020-06-19 00:00:00+08:00,5.488516945363757,5.506872383999231,5.286597929787397,5.415091514587402,161700,0.0,0.0
2020-06-22 00:00:00+08:00,5.415091514505363,5.4334478721991735,5.323310185565617,5.40591287612915,60900,0.0,0.0
2020-06-23 00:00:00+08:00,5.433447872281491,5.442626051128536,5.295776108634441,5.415091514587402,69300,0.0,0.0
2020-06-24 00:00:00+08:00,5.249885308121301,5.506872000285407,5.240707129913783,5.360022068023682,91350,0.0,0.0
2020-06-29 00:00:00+08:00,5.28659793570723,5.460981955408422,5.194817066192627,5.194817066192627,54600,0.0,0.0
2020-06-30 00:00:00+08:00,5.26824147230644,5.497694101019208,5.194816961979449,5.460981845855713,145950,0.0,0.0
2020-07-01 00:00:00+08:00,5.460981845855713,5.460981845855713,5.378379156855523,5.460981845855713,67200,0.0,0.0
2020-07-02 00:00:00+08:00,5.470160251410806,5.543584764783173,5.350844383239746,5.350844383239746,92400,0.0,0.0
2020-07-03 00:00:00+08:00,5.295776385274568,5.552763108769714,5.295776385274568,5.497694492340088,121800,0.0,0.0
2020-07-06 00:00:00+08:00,5.460981628310081,5.644543815873706,5.442625731224214,5.57111930847168,128100,0.0,0.0
2020-07-07 00:00:00+08:00,5.6261884408838325,5.6261884408838325,5.304953575134277,5.304953575134277,150150,0.0,0.0
2020-07-08 00:00:00+08:00,5.38755730203268,5.763859868118442,5.231529184616975,5.708791255950928,465150,0.0,0.0
2020-07-09 00:00:00+08:00,5.662900887666929,5.93824395167795,5.5986536366135065,5.90153169631958,364350,0.0,0.0
2020-07-10 00:00:00+08:00,5.828107270849788,6.00249129052901,5.617010076216597,5.873998165130615,260400,0.0,0.0
2020-07-13 00:00:00+08:00,5.782216616040668,5.993312883581416,5.736325263977051,5.736325263977051,94500,0.0,0.0
2020-07-14 00:00:00+08:00,5.846462810590354,5.965778668876027,5.717969233540501,5.809750556945801,84000,0.0,0.0
2020-07-15 00:00:00+08:00,5.846463033273999,5.846463033273999,5.690434455871582,5.690434455871582,80850,0.0,0.0
2020-07-16 00:00:00+08:00,5.763859648963931,5.85564097210626,5.64454379102012,5.8189287185668945,114450,0.0,0.0
2020-07-17 00:00:00+08:00,5.77303830266875,5.8739978043564465,5.699612876329131,5.800571918487549,71400,0.0,0.0
2020-07-20 00:00:00+08:00,5.745503308262114,5.919888236289429,5.727147411206488,5.800571918487549,65100,0.0,0.0
2020-07-21 00:00:00+08:00,5.9107100586445585,5.9107100586445585,5.745503308891595,5.809750556945801,60900,0.0,0.0
2020-07-22 00:00:00+08:00,5.75468147069677,5.873997788169858,5.74550329242961,5.8189287185668945,95550,0.0,0.0
2020-07-23 00:00:00+08:00,5.828106913532717,5.837284172767617,5.7271474118339585,5.809750556945801,47250,0.0,0.0
2020-07-24 00:00:00+08:00,5.837284722112145,5.919888794056381,5.681257514556819,5.782217025756836,152250,0.0,0.0
2020-07-27 00:00:00+08:00,5.818929282856364,5.910710614899168,5.708791592499134,5.782217025756836,59850,0.0,0.0
2020-07-28 00:00:00+08:00,5.7822163182795006,5.7822163182795006,5.479337821737847,5.644543647766113,99750,0.0,0.0
2020-07-29 00:00:00+08:00,5.617009747395709,5.8739978212655934,5.506872067098513,5.791393756866455,82950,0.0,0.0
2020-07-30 00:00:00+08:00,5.828107462013577,5.864819719113105,5.644544338398646,5.782217025756836,55650,0.0,0.0
2020-07-31 00:00:00+08:00,5.8189287352392585,5.864819167177269,5.6445438071928375,5.809750556945801,34650,0.0,0.0
2020-08-03 00:00:00+08:00,5.846463247175688,5.846463247175688,5.598653793334961,5.598653793334961,39900,0.0,0.0
2020-08-04 00:00:00+08:00,5.626188583958179,5.782216701831299,5.598653588499756,5.690434455871582,94500,0.0,0.0
2020-08-05 00:00:00+08:00,5.607831835024714,5.71796952054512,5.607831835024714,5.672079086303711,24150,0.0,0.0
2020-08-06 00:00:00+08:00,5.672079001015683,5.736325332270037,5.5986535720866035,5.708791255950928,67200,0.0,0.0
2020-08-07 00:00:00+08:00,5.736325349086792,5.736325349086792,5.598653588499756,5.690434455871582,101850,0.0,0.0
2020-08-10 00:00:00+08:00,5.690434455871582,5.763859885015918,5.644544022185669,5.690434455871582,67200,0.0,0.0
2020-08-11 00:00:00+08:00,5.690434455871582,5.727147629973047,5.690434455871582,5.690434455871582,30450,0.0,0.0
2020-08-12 00:00:00+08:00,5.773038506263872,5.773038506263872,5.5986535720866035,5.708791255950928,34650,0.0,0.0
2020-08-13 00:00:00+08:00,5.708791609840097,5.846463378557832,5.644544355544451,5.773038864135742,110250,0.0,0.0
2020-08-14 00:00:00+08:00,5.846462810590354,5.846462810590354,5.7271474118339585,5.809750556945801,14700,0.0,0.0
2020-08-17 00:00:00+08:00,5.736325687866049,5.782217043320834,5.6170102775184985,5.773038864135742,170100,0.0,0.0
2020-08-18 00:00:00+08:00,5.763859485948914,5.763859485948914,5.6445436313796264,5.653721809387207,157500,0.0,0.0
2020-08-19 00:00:00+08:00,5.708790894005694,5.736324968579105,5.626188210756194,5.644543647766113,122850,0.0,0.0
2020-08-20 00:00:00+08:00,5.681256802939215,5.681256802939215,5.571119126377508,5.653721809387207,40950,0.0,0.0
2020-08-21 00:00:00+08:00,5.607831835024714,5.6812572650578534,5.598653656270572,5.672079086303711,29400,0.0,0.0
2020-08-24 00:00:00+08:00,5.6720791901098355,5.6720791901098355,5.6078319376550345,5.617010116577148,35700,0.0,0.0
2020-08-25 00:00:00+08:00,5.64454407348965,5.782216754386603,5.61700999683956,5.681257247924805,39900,0.0,0.0
2020-08-26 00:00:00+08:00,5.690434791940588,5.782217043320834,5.626188916232914,5.773038864135742,162750,0.0,0.0
2020-08-27 00:00:00+08:00,5.763859972225029,5.7730386105362435,5.662900924682617,5.662900924682617,101850,0.0,0.0
2020-08-28 00:00:00+08:00,5.717969789279314,5.773038864392315,5.644544355795313,5.76386022567749,147000,0.0,0.0
2020-08-31 00:00:00+08:00,5.782217043320834,5.782217043320834,5.690434791940588,5.773038864135742,88200,0.0,0.0
2020-09-01 00:00:00+08:00,5.773038846599623,5.910710614899168,5.73632567044145,5.782217025756836,61950,0.0,0.0
2020-09-02 00:00:00+08:00,5.782217043320834,5.782217043320834,5.690434791940588,5.773038864135742,34650,0.0,0.0
2020-09-03 00:00:00+08:00,5.8556413478889775,5.873998165130615,5.7546818400004645,5.873998165130615,191100,0.0,0.0
2020-09-04 00:00:00+08:00,5.7638598516843205,5.947422504425049,5.506872229753159,5.947422504425049,279300,0.0,0.0
2020-09-07 00:00:00+08:00,5.782216836098268,5.901531782640497,5.782216836098268,5.873998165130615,166950,0.0,0.0
2020-09-08 00:00:00+08:00,5.919888496398926,5.919888496398926,5.773038556325918,5.919888496398926,118650,0.0,0.0
2020-09-09 00:00:00+08:00,5.873998165130615,5.873998165130615,5.837284530647339,5.873998165130615,27300,0.0,0.0
2020-09-10 00:00:00+08:00,6.2870131471745605,6.461397171020508,6.195232275478513,6.461397171020508,649950,0.0,0.0
2020-09-11 00:00:00+08:00,6.8652343597581185,7.103865623474121,6.672493988792863,7.103865623474121,1441650,0.0,0.0
2020-09-14 00:00:00+08:00,7.810580730438232,7.810580730438232,7.810580730438232,7.810580730438232,1103550,0.0,0.0
2020-09-15 00:00:00+08:00,8.58154394110184,8.58154394110184,7.8197601086509145,8.352090835571289,3450300,0.0,0.0
2020-09-16 00:00:00+08:00,8.443870984979439,8.443870984979439,7.636196784599202,7.792225360870361,1480500,0.0,0.0
2020-09-17 00:00:00+08:00,7.801402896400648,8.563186645507812,7.709622031853277,8.563186645507812,2128350,0.0,0.0
2020-09-18 00:00:00+08:00,8.260309287340963,8.306199720892902,7.929896695273263,8.223596572875977,1652700,0.0,0.0
2020-09-21 00:00:00+08:00,8.168527792651748,8.168527792651748,7.5535943987138285,7.636197090148926,901950,0.0,0.0
2020-09-22 00:00:00+08:00,7.56277243206651,7.56277243206651,7.113043970127206,7.250715732574463,623700,0.0,0.0
2020-09-23 00:00:00+08:00,7.269072461143296,7.975787162780762,7.1222225217167505,7.975787162780762,874650,0.0,0.0
2020-09-24 00:00:00+08:00,7.984965766899281,8.168527501105391,7.7555126800830525,7.764690399169922,932400,0.0,0.0
2020-09-25 00:00:00+08:00,6.993728160858154,7.4342779879765875,6.993728160858154,6.993728160858154,765450,0.0,0.0
2020-09-28 00:00:00+08:00,6.993727990510593,6.993727990510593,6.617424964904785,6.617424964904785,349650,0.0,0.0
2020-09-29 00:00:00+08:00,6.65413738737057,6.828522325934048,6.65413738737057,6.764275074005127,194250,0.0,0.0
2020-09-30 00:00:00+08:00,6.782631852487808,7.067153557002117,6.782631852487808,7.021263122558594,133350,0.0,0.0
2020-10-05 00:00:00+08:00,7.140577929351584,7.1497561079675505,6.819343975439206,6.8468780517578125,208950,0.0,0.0
2020-10-06 00:00:00+08:00,6.993727751371825,7.094687253165392,6.947837319390719,6.966193675994873,206850,0.0,0.0
2020-10-07 00:00:00+08:00,7.067153367459563,7.067153367459563,6.883591175079346,6.883591175079346,235200,0.0,0.0
2020-10-08 00:00:00+08:00,7.5627722225099525,7.571949481964111,7.351675035775519,7.571949481964111,487200,0.0,0.0
2020-10-12 00:00:00+08:00,8.260309557819854,8.324556350708008,8.168527768652046,8.324556350708008,1088850,0.0,0.0
2020-10-13 00:00:00+08:00,8.5723654516274,8.581543170638822,8.260309219360352,8.260309219360352,1530900,0.0,0.0
2020-10-14 00:00:00+08:00,8.352090471433174,8.4714063384435,7.939075634731916,8.076746940612793,760200,0.0,0.0
2020-10-15 00:00:00+08:00,8.076746493415515,8.214418710732316,7.80140297784049,7.82893705368042,578550,0.0,0.0
2020-10-16 00:00:00+08:00,7.8381159835340535,8.609078407287598,7.755512833879794,8.609078407287598,1438500,0.0,0.0
2020-10-19 00:00:00+08:00,9.178121898818898,9.45346450805664,9.178121898818898,9.45346450805664,1821750,0.0,0.0
2020-10-20 00:00:00+08:00,9.407573898525248,10.233605387137073,9.03127086905955,10.004152297973633,3861900,0.0,0.0
2020-10-21 00:00:00+08:00,9.866481179089108,9.866481179089108,9.178121898818898,9.45346450805664,1496250,0.0,0.0
2020-10-22 00:00:00+08:00,9.453464342161269,9.453464342161269,9.031270878245191,9.086339950561523,1229550,0.0,0.0
2020-10-23 00:00:00+08:00,9.086339779531,9.086339779531,8.829352618342542,8.948668479919434,768600,0.0,0.0
2020-10-26 00:00:00+08:00,8.728393431323235,9.682918520538662,8.728393431323235,9.45346450805664,2258550,0.0,0.0
2020-10-27 00:00:00+08:00,9.269902817783194,9.269902817783194,8.921133856591426,8.994559288024902,1454250,0.0,0.0
2020-10-28 00:00:00+08:00,9.003737022175338,9.123051957683174,8.636610820939623,8.728392601013184,1059450,0.0,0.0
2020-10-29 00:00:00+08:00,8.489761623382035,8.728393353075942,8.278665808670564,8.609078407287598,743400,0.0,0.0
2020-10-30 00:00:00+08:00,8.618255851614222,8.691680360598593,8.471405914586905,8.489761352539062,520800,0.0,0.0
2020-11-02 00:00:00+08:00,8.489762147454421,8.489762147454421,8.30620039827691,8.352090835571289,631050,0.0,0.0
2020-11-03 00:00:00+08:00,8.085925562673243,8.627433984719568,8.085925562673243,8.535653114318848,580650,0.0,0.0
2020-11-04 00:00:00+08:00,8.535652327087107,8.572365039484879,8.443870546092672,8.462227821350098,465150,0.0,0.0
2020-11-05 00:00:00+08:00,9.269903182983398,9.269903182983398,9.13223095315116,9.269903182983398,1730400,0.0,0.0
2020-11-06 00:00:00+08:00,10.187714576721191,10.187714576721191,9.866480631384112,10.187714576721191,7858200,0.0,0.0
2020-11-09 00:00:00+08:00,10.463059019034237,10.830184348362494,9.958262380501871,10.417167663574219,2922150,0.0,0.0
2020-11-10 00:00:00+08:00,10.325386260177499,10.325386260177499,9.453464337122611,9.545246124267578,1408050,0.0,0.0
2020-11-11 00:00:00+08:00,9.728808770492666,10.463058471679688,9.637027902491264,10.463058471679688,3255000,0.0,0.0
2020-11-12 00:00:00+08:00,10.463058854713433,11.24319901846068,10.095933531150825,10.279496192932129,2746800,0.0,0.0
2020-11-13 00:00:00+08:00,10.050043152608245,10.233605815433169,9.499356083192115,9.82059097290039,1283100,0.0,0.0
2020-11-16 00:00:00+08:00,9.682918936268006,9.912372039542818,9.453464913934539,9.499356269836426,843150,0.0,0.0
2020-11-17 00:00:00+08:00,9.499355322619955,9.912371051142996,9.36168310675942,9.728808403015137,661500,0.0,0.0
2020-11-18 00:00:00+08:00,10.095933170902981,10.095933170902981,9.499355690224395,9.545246124267578,660450,0.0,0.0
2020-11-19 00:00:00+08:00,9.545245954961501,9.728808606936946,9.453464169444487,9.637027740478516,521850,0.0,0.0
2020-11-20 00:00:00+08:00,9.774698622836997,9.774698622836997,9.499355116158869,9.59113597869873,347550,0.0,0.0
2020-11-23 00:00:00+08:00,9.591136020479855,10.50894832611084,9.453463807011788,10.50894832611084,1482600,0.0,0.0
2020-11-24 00:00:00+08:00,10.279496582930133,10.508949689097419,10.004153039341123,10.09593391418457,1775550,0.0,0.0
2020-11-25 00:00:00+08:00,10.095932418932044,10.32538549111631,10.095932418932044,10.141823768615723,697200,0.0,0.0
2020-11-26 00:00:00+08:00,10.279495060491163,10.32538549111631,10.141823768615723,10.141823768615723,502950,0.0,0.0
2020-11-27 00:00:00+08:00,10.279496192932129,10.325386628612797,10.141824885890127,10.279496192932129,489300,0.0,0.0
2020-11-30 00:00:00+08:00,10.279495441372195,10.554838954383772,10.187714576721191,10.187714576721191,488250,0.0,0.0
2020-12-01 00:00:00+08:00,10.141823768615723,10.417166352366602,10.095932418932044,10.141823768615723,613200,0.0,0.0
2020-12-02 00:00:00+08:00,10.187715321570794,10.371277064293464,10.095933531150825,10.279496192932129,478800,0.0,0.0
2020-12-03 00:00:00+08:00,10.37127685546875,10.417167290225418,10.095933327870128,10.37127685546875,710850,0.0,0.0
2020-12-04 00:00:00+08:00,10.371276645022268,11.38086986541748,10.371276645022268,11.38086986541748,2087400,0.0,0.0
2020-12-07 00:00:00+08:00,11.839776599510518,12.482244491577148,11.793886167085553,12.482244491577148,2780400,0.0,0.0
2020-12-08 00:00:00+08:00,12.849370215917453,12.849370215917453,11.564433470043287,11.839776992797852,2055900,0.0,0.0
2020-12-09 00:00:00+08:00,11.793885744990495,12.069229248744492,11.013744745452547,11.289088249206543,1478400,0.0,0.0
2020-12-10 00:00:00+08:00,11.013745513350019,11.610323912293605,10.921964645385742,10.921964645385742,1009050,0.0,0.0
2020-12-11 00:00:00+08:00,10.9219650082451,11.243198975850989,10.8301841372316,11.197308540344238,585900,0.0,0.0
2020-12-14 00:00:00+08:00,11.28908865384304,11.380869518697908,10.967854707792428,11.1055269241333,610050,0.0,0.0
2020-12-15 00:00:00+08:00,11.243198392611907,11.2890888257381,10.646620923854242,11.013745307922363,575400,0.0,0.0
2020-12-16 00:00:00+08:00,11.013745513350019,11.15141773435503,10.738401990398593,10.921964645385742,488250,0.0,0.0
2020-12-17 00:00:00+08:00,10.921965370198151,11.518542889673705,10.738402703029266,11.243199348449707,926100,0.0,0.0
2020-12-18 00:00:00+08:00,11.656214306487625,11.793886527022698,11.19730813011551,11.38086986541748,599550,0.0,0.0
2020-12-21 00:00:00+08:00,11.564433262612418,11.564433262612418,10.96785487479617,11.013745307922363,483000,0.0,0.0
2020-12-22 00:00:00+08:00,11.105527302570897,11.151417736562117,10.646621124541495,10.692511558532715,559650,0.0,0.0
2020-12-23 00:00:00+08:00,10.692511556416454,11.15141773435503,10.692511556416454,10.921964645385742,410550,0.0,0.0
2020-12-24 00:00:00+08:00,10.921964269683837,11.105526918356661,10.830183404876708,10.876073837280273,379050,0.0,0.0
2020-12-25 00:00:00+08:00,11.01374550547556,11.931557860696508,10.876074203627578,11.839776992797852,1025850,0.0,0.0
2020-12-28 00:00:00+08:00,11.885666837811803,11.885666837811803,11.426760682940152,11.656213760375977,961800,0.0,0.0
2020-12-29 00:00:00+08:00,11.656214306487625,11.793886527022698,11.289088997766495,11.38086986541748,693000,0.0,0.0
2020-12-30 00:00:00+08:00,11.426760682940152,11.839776406136348,11.33497890053069,11.656213760375977,669900,0.0,0.0
2020-12-31 00:00:00+08:00,11.885668140827319,12.390464782714844,11.472652372352561,12.390464782714844,1205400,0.0,0.0
2021-01-04 00:00:00+08:00,12.665807166679354,13.629509925842285,11.88566705665664,13.629509925842285,2314200,0.0,0.0
2021-01-05 00:00:00+08:00,13.629510497008269,14.86855682227642,13.4918391936777,14.042526245117188,3993150,0.0,0.0
2021-01-06 00:00:00+08:00,14.317869165276134,14.317869165276134,12.665807161771472,13.400056838989258,2539950,0.0,0.0
2021-01-07 00:00:00+08:00,13.400057428713765,13.583620085861282,12.849370376329825,12.89526081085205,980700,0.0,0.0
2021-01-08 00:00:00+08:00,12.390463827081145,12.665807345141804,11.747995924625803,12.1610107421875,1626450,0.0,0.0
2021-01-11 00:00:00+08:00,12.25279255353704,12.390464782714844,11.931558577533702,12.390464782714844,602700,0.0,0.0
2021-01-12 00:00:00+08:00,12.298682251349726,12.39046403830698,11.839776992797852,11.839776992797852,632100,0.0,0.0
2021-01-13 00:00:00+08:00,11.885667026435717,12.390463620993877,11.885667026435717,12.252791404724121,513450,0.0,0.0
2021-01-14 00:00:00+08:00,12.1610107421875,12.206901175354512,11.977448090460866,12.1610107421875,311850,0.0,0.0
2021-01-15 00:00:00+08:00,12.115120307030962,12.206901173349916,11.931557655334473,11.931557655334473,589050,0.0,0.0
2021-01-18 00:00:00+08:00,11.931558023775054,12.298682419446068,10.78429348312685,12.206901550292969,570150,0.0,0.0
2021-01-19 00:00:00+08:00,12.11512068628669,12.161011120882737,11.931558028843895,11.977448463439941,468300,0.0,0.0
2021-01-20 00:00:00+08:00,11.931557434520235,11.931557434520235,10.876073815151504,11.334979057312012,877800,0.0,0.0
2021-01-21 00:00:00+08:00,11.334979685286234,11.472651908902622,10.554839535616344,10.830183982849121,708750,0.0,0.0
2021-01-22 00:00:00+08:00,10.554839513554036,10.692511736882654,10.18771511644208,10.37127685546875,425250,0.0,0.0
2021-01-25 00:00:00+08:00,10.371277247048376,10.83018436911747,10.371277247048376,10.646621704101562,214200,0.0,0.0
2021-01-26 00:00:00+08:00,10.646620549934912,10.967854489594803,10.646620549934912,10.738401412963867,225750,0.0,0.0
2021-01-27 00:00:00+08:00,10.784293865638547,11.7938871383667,10.784293865638547,11.7938871383667,766500,0.0,0.0
2021-01-28 00:00:00+08:00,11.70210516903576,11.70210516903576,11.013745879258604,11.197308540344238,430500,0.0,0.0
2021-01-29 00:00:00+08:00,11.426761255137942,11.793886565042571,11.15141773223877,11.15141773223877,258300,0.0,0.0
2021-02-01 00:00:00+08:00,11.151417350760227,11.151417350760227,10.738401621011013,10.876073837280273,170100,0.0,0.0
2021-02-02 00:00:00+08:00,10.921965186743364,11.702105360283895,10.921965186743364,11.564434051513672,490350,0.0,0.0
2021-02-03 00:00:00+08:00,11.564432672019075,11.656213533584229,11.243197818423967,11.289088249206543,319200,0.0,0.0
2021-02-04 00:00:00+08:00,11.702104947341967,11.977448474224781,11.197308328213706,11.518542289733887,418950,0.0,0.0
2021-02-05 00:00:00+08:00,11.334979468132486,11.5185421230848,11.013745511259884,11.15141773223877,357000,0.0,0.0
2021-02-17 00:00:00+08:00,11.24319803717978,11.656213760375977,11.24319803717978,11.656213760375977,144900,0.0,0.0
2021-02-18 00:00:00+08:00,11.702104192051431,11.74799554278544,11.564432897025068,11.656213760375977,290850,0.0,0.0
2021-02-19 00:00:00+08:00,11.702105346899549,11.93155844697946,11.702105346899549,11.7938871383667,274050,0.0,0.0
2021-02-22 00:00:00+08:00,11.839777356542607,12.115120887756348,11.747996485824235,12.115120887756348,514500,0.0,0.0
2021-02-23 00:00:00+08:00,12.115120844949857,12.711699259687254,12.115120844949857,12.344573020935059,916650,0.0,0.0
2021-02-24 00:00:00+08:00,12.574026476742894,12.574026476742894,11.931557655334473,11.931557655334473,828450,0.0,0.0
2021-02-25 00:00:00+08:00,11.931558399502112,12.115121062647349,11.885667963480463,12.02333927154541,332850,0.0,0.0
2021-02-26 00:00:00+08:00,12.023338938770351,12.069230292580485,11.564433672196536,11.74799633026123,280350,0.0,0.0
2021-03-02 00:00:00+08:00,11.931557862702729,11.977448296659773,11.56443347198778,11.610323905944824,263550,0.0,0.0
2021-03-03 00:00:00+08:00,11.518542289733887,11.518542289733887,11.105527458938973,11.518542289733887,184800,0.0,0.0
2021-03-04 00:00:00+08:00,11.51854249813254,11.51854249813254,11.289089401735724,11.426761627197266,98700,0.0,0.0
2021-03-05 00:00:00+08:00,11.42676046061281,11.472650891395386,11.243197818423967,11.289088249206543,134400,0.0,0.0
2021-03-08 00:00:00+08:00,11.289088625001817,11.564433056980114,11.289088625001817,11.334979057312012,110250,0.0,0.0
2021-03-09 00:00:00+08:00,11.243198773814914,11.243198773814914,10.967855246663598,11.059636116027832,149100,0.0,0.0
2021-03-10 00:00:00+08:00,11.105526526076236,11.380869110771698,11.105526526076236,11.289088249206543,65100,0.0,0.0
2021-03-11 00:00:00+08:00,11.47265127330116,11.564433056980114,11.243198192691622,11.334979057312012,220500,0.0,0.0
2021-03-12 00:00:00+08:00,11.334979846864492,11.334979846864492,11.151418104837488,11.197308540344238,140700,0.0,0.0
2021-03-15 00:00:00+08:00,11.197308710535472,11.7938871383667,10.8301843018428,11.7938871383667,558600,0.0,0.0
2021-03-16 00:00:00+08:00,11.79388676501275,11.88566763451579,11.610324106948056,11.74799633026123,242550,0.0,0.0
2021-03-17 00:00:00+08:00,11.656213760375977,11.656213760375977,11.472651114615607,11.656213760375977,142800,0.0,0.0
2021-03-18 00:00:00+08:00,11.747996290459712,12.298682424670874,11.564433633016916,11.977448463439941,633150,0.0,0.0
2021-03-19 00:00:00+08:00,12.023338142364446,12.436353865887881,11.83977641551719,11.885666847229004,816900,0.0,0.0
2021-03-22 00:00:00+08:00,12.298681651693885,12.298681651693885,11.793885983805374,11.885666847229004,421050,0.0,0.0
2021-03-23 00:00:00+08:00,11.931558255458535,11.931558255458535,11.426761627197266,11.426761627197266,280350,0.0,0.0
2021-03-24 00:00:00+08:00,11.380870272670998,11.472652062664903,11.059636305338909,11.426761627197266,92400,0.0,0.0
2021-03-25 00:00:00+08:00,11.472652072443374,11.472652072443374,11.197308540344238,11.197308540344238,183750,0.0,0.0
2021-03-26 00:00:00+08:00,11.289089401735724,11.426761627197266,11.19730853080045,11.426761627197266,109200,0.0,0.0
2021-03-29 00:00:00+08:00,11.19730776038143,11.426760840990966,11.19730776038143,11.334979057312012,141750,0.0,0.0
2021-03-30 00:00:00+08:00,11.380869110771698,11.42676046061281,11.289088249206543,11.289088249206543,113400,0.0,0.0
2021-03-31 00:00:00+08:00,11.289088249206543,11.289088249206543,11.151416956858812,11.289088249206543,141750,0.0,0.0
2021-04-01 00:00:00+08:00,11.289088468855235,11.793885974460894,11.197307605504326,11.656213760375977,233100,0.0,0.0
2021-04-07 00:00:00+08:00,12.161011452382864,12.94115161895752,12.161011452382864,12.94115161895752,1202250,0.0,0.0
2021-04-08 00:00:00+08:00,14.22608757019043,14.22608757019043,14.22608757019043,14.22608757019043,964950,0.0,0.0
2021-04-09 00:00:00+08:00,15.648696899414062,15.648696899414062,14.226087923274857,15.648696899414062,6113100,0.0,0.0
2021-04-12 00:00:00+08:00,15.96993100184689,16.382946728170438,14.960337821108046,15.327462196350098,3323250,0.0,0.0
2021-04-13 00:00:00+08:00,16.01582122736963,16.01582122736963,14.684994120570705,14.730884552001953,1284150,0.0,0.0
2021-04-14 00:00:00+08:00,14.868556827037596,14.914447261495814,13.262385187589723,13.81307315826416,1234800,0.0,0.0
2021-04-15 00:00:00+08:00,13.858963027289716,14.547322273254395,13.400056863313264,14.547322273254395,637350,0.0,0.0
2021-04-16 00:00:00+08:00,14.730885509959489,14.730885509959489,14.271978408628387,14.501432418823242,516600,0.0,0.0
2021-04-19 00:00:00+08:00,14.501432812285842,14.501432812285842,13.813073520200076,14.088417053222656,559650,0.0,0.0
2021-04-20 00:00:00+08:00,13.95074368353306,14.409649840636863,13.813072387837055,14.180196762084961,421050,0.0,0.0
2021-04-21 00:00:00+08:00,14.31786935547348,14.455541573868766,13.904853619346207,14.22608757019043,510300,0.0,0.0
2021-04-22 00:00:00+08:00,14.271978210076163,14.547322650855946,13.813072953246584,13.904853820800781,804300,0.0,0.0
2021-04-23 00:00:00+08:00,13.904853820800781,14.042526041190671,13.583619865302495,13.904853820800781,423150,0.0,0.0
2021-04-26 00:00:00+08:00,13.99663524410608,14.547322273254395,13.99663524410608,14.547322273254395,549150,0.0,0.0
2021-04-27 00:00:00+08:00,15.694587562035473,15.74047799695443,14.86855697631836,14.86855697631836,1222200,0.0,0.0
2021-04-28 00:00:00+08:00,14.868556601976477,15.189790557380181,14.68499486692213,14.82266616821289,560700,0.0,0.0
2021-04-29 00:00:00+08:00,14.822666583334806,15.052119677637373,14.042526430329525,14.639104843139648,498750,0.0,0.0
2021-05-03 00:00:00+08:00,14.593212679350485,14.593212679350485,13.21649418992017,13.400056838989258,718200,0.0,0.0
2021-05-04 00:00:00+08:00,13.216494167552273,13.354166383885733,12.069229680693905,12.482244491577148,689850,0.0,0.0
2021-05-05 00:00:00+08:00,12.482245214748856,13.721292476359766,12.069230379937174,13.262385368347168,583800,0.0,0.0
2021-05-06 00:00:00+08:00,12.941151039596152,13.583619869867215,12.941151039596152,12.987041473388672,371700,0.0,0.0
2021-05-07 00:00:00+08:00,13.308275459270922,13.76718255541591,13.032932855889404,13.67540168762207,262500,0.0,0.0
2021-05-10 00:00:00+08:00,13.583620466191922,13.583620466191922,12.941151607716296,13.170604705810547,393750,0.0,0.0
2021-05-11 00:00:00+08:00,12.849369589411316,12.849369589411316,11.885666847229004,11.885666847229004,893550,0.0,0.0
2021-05-12 00:00:00+08:00,11.885667660693171,11.885667660693171,10.738402194085323,10.830183982849121,624750,0.0,0.0
2021-05-13 00:00:00+08:00,9.774699734569987,10.83018436911747,9.774699734569987,10.646621704101562,348600,0.0,0.0
2021-05-14 00:00:00+08:00,11.013745699237944,11.105527487809894,10.18771511644208,10.37127685546875,294000,0.0,0.0
2021-05-17 00:00:00+08:00,9.361682891845703,9.820589961159621,9.361682891845703,9.361682891845703,557550,0.0,0.0
2021-05-18 00:00:00+08:00,9.682918145883274,10.325386047363281,9.453464142279381,10.325386047363281,379050,0.0,0.0
2021-05-19 00:00:00+08:00,10.417166915835589,10.78429313787037,10.09593296502535,10.554839134216309,176400,0.0,0.0
2021-05-20 00:00:00+08:00,10.371276686858483,10.60073069502872,10.05004272972563,10.23360538482666,102900,0.0,0.0
2021-05-21 00:00:00+08:00,10.417166544112611,10.646620539578906,10.279495249703093,10.50894832611084,105000,0.0,0.0
2021-05-24 00:00:00+08:00,10.463058627043083,11.243198773814914,10.463058627043083,11.059636116027832,136500,0.0,0.0
2021-05-25 00:00:00+08:00,11.518542300966232,11.518542300966232,11.059636116027832,11.059636116027832,116550,0.0,0.0
2021-05-26 00:00:00+08:00,11.059635945233314,11.15141773223877,10.646621120413855,11.15141773223877,195300,0.0,0.0
2021-05-27 00:00:00+08:00,11.059635572647299,11.151417356560735,10.830183410510125,11.1055269241333,63000,0.0,0.0
2021-05-28 00:00:00+08:00,11.151416956858812,11.564432672019075,11.151416956858812,11.289088249206543,169050,0.0,0.0
2021-05-31 00:00:00+08:00,11.931558460626244,11.931558460626244,11.472652259941544,11.564434051513672,166950,0.0,0.0
2021-06-01 00:00:00+08:00,11.564433269026509,11.747995920691672,11.564433269026509,11.702104568481445,154350,0.0,0.0
2021-06-02 00:00:00+08:00,11.702104976451096,11.79388676501275,11.472651883634882,11.74799633026123,177450,0.0,0.0
2021-06-03 00:00:00+08:00,11.74799633026123,11.93155806926731,11.380870095073227,11.74799633026123,289800,0.0,0.0
2021-06-04 00:00:00+08:00,12.89526081085205,12.89526081085205,12.89526081085205,12.89526081085205,455700,0.0,0.0
2021-06-07 00:00:00+08:00,13.767183128479049,13.904854435900416,12.57402720220068,13.170604705810547,1202250,0.0,0.0
2021-06-08 00:00:00+08:00,13.170604164559705,13.170604164559705,12.57402668546641,12.757589340209961,447300,0.0,0.0
2021-06-09 00:00:00+08:00,12.757589340209961,13.124713730638467,12.57402668546641,12.757589340209961,203700,0.0,0.0
2021-06-10 00:00:00+08:00,12.803479775982781,12.941151077766404,12.48224490037046,12.528136253356934,212100,0.0,0.0
2021-06-11 00:00:00+08:00,12.528135684517233,13.3082748639861,12.528135684517233,12.803479194641113,560700,0.0,0.0
2021-06-15 00:00:00+08:00,12.987041509816153,13.078823296717228,12.528136251545172,12.757589340209961,289800,0.0,0.0
2021-06-16 00:00:00+08:00,12.94115186130875,12.94115186130875,12.298682990243423,12.390464782714844,384300,0.0,0.0
2021-06-17 00:00:00+08:00,12.344572314365594,13.170603776867042,11.885667069603045,12.711698532104492,711900,0.0,0.0
2021-06-18 00:00:00+08:00,12.574026315334727,12.94115069495648,12.390463665994563,12.711698532104492,282450,0.0,0.0
2021-06-21 00:00:00+08:00,12.436354264109921,12.895260434039713,12.436354264109921,12.619916915893555,282450,0.0,0.0
2021-06-22 00:00:00+08:00,12.711699077597313,12.757589512136992,12.528136420379989,12.665807723999023,203700,0.0,0.0
2021-06-23 00:00:00+08:00,12.711698703182565,13.078823087745194,12.665807350935975,12.849370002746582,444150,0.0,0.0
2021-06-24 00:00:00+08:00,12.987042054804505,13.216495153098068,12.84937074726355,12.94115161895752,420000,0.0,0.0
2021-06-25 00:00:00+08:00,12.987042054804505,13.170604717251083,12.84937074726355,12.94115161895752,412650,0.0,0.0
2021-06-28 00:00:00+08:00,12.941151039596152,13.078823260032307,12.849370172011112,12.987041473388672,236250,0.0,0.0
2021-06-29 00:00:00+08:00,12.895260262386083,12.895260262386083,12.574026315334727,12.711698532104492,328650,0.0,0.0
2021-06-30 00:00:00+08:00,12.803479567677188,12.987041300402238,12.52813604953103,12.619916915893555,466200,0.0,0.0
2021-07-01 00:00:00+08:00,12.574026275485643,12.757588924244068,12.39046362672722,12.482244491577148,688800,0.0,0.0
2021-07-02 00:00:00+08:00,12.482244699125367,12.941150869122593,12.436354265937362,12.849370002746582,269850,0.0,0.0
2021-07-05 00:00:00+08:00,12.80348059680804,14.134307861328125,12.665808367139713,14.134307861328125,1622250,0.0,0.0
2021-07-06 00:00:00+08:00,14.409650030281394,14.409650030281394,12.84936981084056,13.400056838989258,1353450,0.0,0.0
2021-07-07 00:00:00+08:00,13.03293265455719,13.308275253685224,12.390463832749356,12.849370002746582,1048950,0.0,0.0
2021-07-08 00:00:00+08:00,12.619916707910608,12.757588924244068,12.39046362672722,12.482244491577148,448350,0.0,0.0
2021-07-09 00:00:00+08:00,12.574026687284809,12.757589342054906,12.48224490037046,12.528136253356934,191100,0.0,0.0
2021-07-12 00:00:00+08:00,12.757589340209961,12.757589340209961,12.528136251545172,12.757589340209961,289800,0.0,0.0
2021-07-13 00:00:00+08:00,12.849370565278376,12.849370565278376,11.977448620300112,12.344573020935059,432600,0.0,0.0
2021-07-14 00:00:00+08:00,12.344572646635186,12.344572646635186,11.931557823326225,12.29868221282959,218400,0.0,0.0
2021-07-15 00:00:00+08:00,12.023338690937416,12.29868221282959,11.931557823326225,12.29868221282959,204750,0.0,0.0
2021-07-16 00:00:00+08:00,12.206902116830657,12.436355219421227,12.02333945094647,12.390464782714844,141750,0.0,0.0
2021-07-19 00:00:00+08:00,12.206901740997301,12.711699286401473,12.02333908076475,12.574027061462402,268800,0.0,0.0
2021-07-20 00:00:00+08:00,13.12471388421507,13.81307315826416,13.032933015298637,13.81307315826416,3035550,0.0,0.0
2021-07-21 00:00:00+08:00,13.767182137127437,14.363759597778765,13.30827505492543,13.400056838989258,2448600,0.0,0.0
2021-07-22 00:00:00+08:00,13.308275251729661,13.308275251729661,12.482244697291183,12.619916915893555,1020600,0.0,0.0
2021-07-23 00:00:00+08:00,12.574027061462402,12.757589721694954,12.482245271816815,12.574027061462402,509250,0.0,0.0
2021-07-26 00:00:00+08:00,12.803480156988435,12.803480156988435,12.436354836523334,12.574027061462402,253050,0.0,0.0
2021-07-27 00:00:00+08:00,12.57402744859903,12.619917885305414,12.298682990243423,12.390464782714844,408450,0.0,0.0
2021-07-28 00:00:00+08:00,12.206901758474718,12.29868262919309,11.885667791901792,12.115120887756348,407400,0.0,0.0
2021-07-29 00:00:00+08:00,12.206900609219668,12.43635368347168,12.115119747142279,12.43635368347168,139650,0.0,0.0
2021-07-30 00:00:00+08:00,12.436355219421227,12.528137011892648,12.298682990243423,12.390464782714844,226800,0.0,0.0
2021-08-02 00:00:00+08:00,12.436354053397606,12.528135837263632,12.161010539916662,12.252791404724121,179550,0.0,0.0
2021-08-03 00:00:00+08:00,12.25279141039376,12.482244491577148,12.115120113118868,12.482244491577148,128100,0.0,0.0
2021-08-04 00:00:00+08:00,12.482244867110571,12.482244867110571,12.29868221282959,12.29868221282959,108150,0.0,0.0
2021-08-05 00:00:00+08:00,12.298682990243423,12.619917885305414,12.25279255353704,12.390464782714844,202650,0.0,0.0
2021-08-06 00:00:00+08:00,12.115120107512933,12.29868183712785,12.069229675109204,12.252791404724121,278250,0.0,0.0
2021-08-09 00:00:00+08:00,12.252792193833903,12.252792193833903,11.977448662620164,12.115120887756348,122850,0.0,0.0
2021-08-10 00:00:00+08:00,12.115121062647349,12.115121062647349,11.977448835523761,12.02333927154541,81900,0.0,0.0
2021-08-11 00:00:00+08:00,12.023339333139726,12.023339333139726,11.472652259941544,11.564434051513672,196350,0.0,0.0
2021-08-12 00:00:00+08:00,11.564433672196536,11.74799633026123,11.472651883634882,11.74799633026123,69300,0.0,0.0
2021-08-13 00:00:00+08:00,11.74799671559928,11.839777588112762,11.472652259941544,11.564434051513672,107100,0.0,0.0
2021-08-16 00:00:00+08:00,11.610323287973134,11.610323287973134,10.600730118420435,10.738401412963867,147000,0.0,0.0
2021-08-17 00:00:00+08:00,10.738401412963867,10.738401412963867,10.738401412963867,10.738401412963867,0,0.0,0.0
2021-08-18 00:00:00+08:00,10.876074008543785,11.013745307922363,10.32538605385373,11.013745307922363,110250,0.0,0.0
2021-08-19 00:00:00+08:00,10.78429313787037,10.78429313787037,10.554839134216309,10.554839134216309,74550,0.0,0.0
2021-08-20 00:00:00+08:00,10.46305826800155,10.554839134216309,10.37127648272821,10.554839134216309,80850,0.0,0.0
2021-08-23 00:00:00+08:00,10.64662091948965,10.738401785704408,10.46305826800155,10.554839134216309,127050,0.0,0.0
2021-08-24 00:00:00+08:00,10.600730108109067,10.600730108109067,10.463057894641,10.50894832611084,93450,0.0,0.0
2021-08-25 00:00:00+08:00,10.646620549934912,10.83018319505137,10.646620549934912,10.738401412963867,43050,0.0,0.0
2021-08-26 00:00:00+08:00,10.600730118420435,10.784292763536895,10.600730118420435,10.738401412963867,43050,0.0,0.0
2021-08-27 00:00:00+08:00,10.600730690550273,10.830183779564974,10.600730690550273,10.692511558532715,44100,0.0,0.0
2021-08-30 00:00:00+08:00,10.876074213556196,10.876074213556196,10.692511558532715,10.692511558532715,34650,0.0,0.0
2021-08-31 00:00:00+08:00,10.646621124541495,10.738401992523935,10.554839337500454,10.692511558532715,59850,0.0,0.0
2021-09-01 00:00:00+08:00,10.646621704101562,10.83018436911747,10.600731267612247,10.646621704101562,49350,0.0,0.0
2021-09-02 00:00:00+08:00,10.69251176575728,10.69251176575728,10.600730895996094,10.600730895996094,70350,0.0,0.0
2021-09-03 00:00:00+08:00,10.692511389156495,10.830183608007939,10.600730522627922,10.784293174743652,51450,0.0,0.0
2021-09-06 00:00:00+08:00,10.784293135512486,10.784293135512486,10.325386047363281,10.325386047363281,84000,0.0,0.0
2021-09-07 00:00:00+08:00,10.371276112642771,10.55483875758068,10.371276112642771,10.50894832611084,36750,0.0,0.0
2021-09-08 00:00:00+08:00,10.5089492903941,10.600731080814068,10.279496192932129,10.279496192932129,79800,0.0,0.0
2021-09-09 00:00:00+08:00,10.371276480460628,10.554839131908594,10.279495614265937,10.325386047363281,33600,0.0,0.0
2021-09-10 00:00:00+08:00,10.325386047363281,10.4630582657139,10.325386047363281,10.325386047363281,50400,0.0,0.0
2021-09-13 00:00:00+08:00,10.417167663574219,10.508949455435607,10.371277227172849,10.417167663574219,37800,0.0,0.0
2021-09-14 00:00:00+08:00,10.463058471679688,10.55483933968109,10.463058471679688,10.463058471679688,15750,0.0,0.0
2021-09-15 00:00:00+08:00,10.508948698811247,10.508948698811247,10.325386047363281,10.325386047363281,51450,0.0,0.0
2021-09-16 00:00:00+08:00,10.325386628612797,10.5089492903941,10.279496192932129,10.279496192932129,16800,0.0,0.0
2021-09-17 00:00:00+08:00,10.508948905680388,10.508948905680388,10.279495816618281,10.463058471679688,175350,0.0,0.0
2021-09-22 00:00:00+08:00,10.4171667383487,10.4171667383487,10.09593279301162,10.187714576721191,53550,0.0,0.0
2021-09-23 00:00:00+08:00,10.279495814494533,10.738401992523935,10.279495814494533,10.692511558532715,112350,0.0,0.0
2021-09-24 00:00:00+08:00,10.830183982849121,11.105527511023281,10.692511759232733,10.830183982849121,203700,0.0,0.0
2021-09-27 00:00:00+08:00,10.78429334343933,10.921964645385742,10.738401990398593,10.921964645385742,50400,0.0,0.0
2021-09-28 00:00:00+08:00,10.830183982849121,10.830183982849121,10.371276877147366,10.830183982849121,78750,0.0,0.0
2021-09-29 00:00:00+08:00,10.646620955892208,10.784293174743652,10.463058303776478,10.784293174743652,101850,0.0,0.0
2021-09-30 00:00:00+08:00,10.646621324380142,10.830183982849121,10.554839535616344,10.830183982849121,39900,0.0,0.0
2021-10-01 00:00:00+08:00,10.830183960211274,10.830183960211274,10.37127685546875,10.37127685546875,44100,0.0,0.0
2021-10-04 00:00:00+08:00,10.371276112642771,10.50894832611084,10.095932604765187,10.50894832611084,86100,0.0,0.0
2021-10-05 00:00:00+08:00,10.508948903509234,10.692511558532715,10.187714946512092,10.692511558532715,94500,0.0,0.0
2021-10-06 00:00:00+08:00,10.738401992523935,10.738401992523935,10.279495814494533,10.692511558532715,40950,0.0,0.0
2021-10-07 00:00:00+08:00,10.646620549934912,10.784292763536895,10.508948336332931,10.738401412963867,40950,0.0,0.0
2021-10-08 00:00:00+08:00,10.600730690550273,10.692511558532715,10.508948903509234,10.692511558532715,56700,0.0,0.0
2021-10-12 00:00:00+08:00,10.50894891032148,10.50894891032148,10.004152297973633,10.004152297973633,97650,0.0,0.0
2021-10-13 00:00:00+08:00,10.004151698245195,10.004151698245195,9.453463765830394,9.59113597869873,109200,0.0,0.0
2021-10-14 00:00:00+08:00,9.637027329027205,9.774698622836997,9.269902040750672,9.59113597869873,69300,0.0,0.0
2021-10-15 00:00:00+08:00,9.68291817370773,9.77469904016616,9.407573736215271,9.637027740478516,61950,0.0,0.0
2021-10-18 00:00:00+08:00,9.59113673173413,9.59113673173413,9.407574073183683,9.45346450805664,34650,0.0,0.0
2021-10-19 00:00:00+08:00,9.453463765830394,9.59113597869873,9.453463765830394,9.59113597869873,45150,0.0,0.0
2021-10-20 00:00:00+08:00,9.499355861988215,9.637028085665705,9.45346450805664,9.45346450805664,31500,0.0,0.0
2021-10-21 00:00:00+08:00,9.499355690224395,9.545246124267578,9.407573903079427,9.545246124267578,53550,0.0,0.0
2021-10-22 00:00:00+08:00,9.728808955411619,9.728808955411619,9.45346450805664,9.45346450805664,34650,0.0,0.0
2021-10-25 00:00:00+08:00,9.637027911412545,9.637027911412545,9.453464337122611,9.545246124267578,37800,0.0,0.0
2021-10-26 00:00:00+08:00,9.637027329027205,9.728808191567067,9.5452455474288,9.59113597869873,66150,0.0,0.0
2021-10-27 00:00:00+08:00,9.637028310075467,9.82059097290039,9.591136955075257,9.82059097290039,70350,0.0,0.0
2021-10-28 00:00:00+08:00,9.820590772660223,9.820590772660223,9.682918548583984,9.682918548583984,55650,0.0,0.0
2021-10-29 00:00:00+08:00,9.77469883528246,9.82059018660835,9.63702753848049,9.728808403015137,50400,0.0,0.0
2021-11-01 00:00:00+08:00,9.682917970747814,9.728808403015137,9.453463971294067,9.728808403015137,110250,0.0,0.0
2021-11-02 00:00:00+08:00,9.728808606936946,9.728808606936946,9.591136388190716,9.637027740478516,53550,0.0,0.0
2021-11-03 00:00:00+08:00,9.591136759513619,9.728808983589857,9.591136759513619,9.682918548583984,30450,0.0,0.0
2021-11-04 00:00:00+08:00,9.682917970747814,9.728808403015137,9.63702753848049,9.728808403015137,63000,0.0,0.0
2021-11-05 00:00:00+08:00,10.00415229148861,10.692511558532715,10.00415229148861,10.692511558532715,452550,0.0,0.0
2021-11-08 00:00:00+08:00,11.105527486564107,11.74799633026123,10.921964828499412,11.74799633026123,1240050,0.0,0.0
2021-11-09 00:00:00+08:00,11.656215119815036,11.656215119815036,11.19730891142215,11.243199348449707,454650,0.0,0.0
2021-11-10 00:00:00+08:00,11.243198939697313,12.29868262919309,11.151418068978941,12.115120887756348,617400,0.0,0.0
2021-11-11 00:00:00+08:00,12.115120517589503,12.115120517589503,11.472651685015094,11.610323905944824,321300,0.0,0.0
2021-11-12 00:00:00+08:00,11.702104201323193,11.885666847229004,11.47265112370557,11.885666847229004,236250,0.0,0.0
2021-11-15 00:00:00+08:00,11.747995918606584,11.747995918606584,11.472651481628418,11.472651481628418,224700,0.0,0.0
2021-11-16 00:00:00+08:00,11.472651855096519,11.747996301037945,11.426761420459153,11.518542289733887,165900,0.0,0.0
2021-11-17 00:00:00+08:00,11.472652062664903,11.51854249813254,11.426761627197266,11.426761627197266,99750,0.0,0.0
2021-11-18 00:00:00+08:00,11.289088625001817,11.47265127330116,11.151417328071235,11.334979057312012,184800,0.0,0.0
2021-11-19 00:00:00+08:00,11.243199348449707,11.289089785477262,11.243199348449707,11.243199348449707,118650,0.0,0.0
2021-11-22 00:00:00+08:00,11.197308328213706,11.656214512704599,11.197308328213706,11.518542289733887,138600,0.0,0.0
2021-11-23 00:00:00+08:00,11.518542289733887,11.656214512704599,11.518542289733887,11.518542289733887,92400,0.0,0.0
2021-11-24 00:00:00+08:00,11.380869489622206,11.518541705611355,11.243198192691622,11.334979057312012,44100,0.0,0.0
2021-11-25 00:00:00+08:00,11.564433269026509,11.747995920691672,11.564433269026509,11.702104568481445,178500,0.0,0.0
2021-11-26 00:00:00+08:00,11.702104192051431,11.793885974460894,11.564432897025068,11.656213760375977,222600,0.0,0.0
2021-11-29 00:00:00+08:00,11.793887349956366,11.793887349956366,10.508949598832823,11.243199348449707,218400,0.0,0.0
2021-11-30 00:00:00+08:00,11.243197818423967,11.518541322177963,11.243197818423967,11.289088249206543,100800,0.0,0.0
2021-12-01 00:00:00+08:00,11.289089595855936,12.161011560968593,11.289089595855936,11.564434051513672,232050,0.0,0.0
2021-12-02 00:00:00+08:00,11.518542696198285,11.74799671559928,11.472652259941544,11.564434051513672,97650,0.0,0.0
2021-12-03 00:00:00+08:00,11.564433672196536,11.74799633026123,11.564433672196536,11.74799633026123,90300,0.0,0.0
2021-12-06 00:00:00+08:00,11.747995922696568,12.069229873871485,11.747995922696568,11.931557655334473,258300,0.0,0.0
2021-12-07 00:00:00+08:00,12.390464188443087,13.124713897705078,12.390464188443087,13.124713897705078,1230600,0.0,0.0
2021-12-08 00:00:00+08:00,14.409650802612305,14.409650802612305,13.950744614872335,14.409650802612305,4507650,0.0,0.0
2021-12-09 00:00:00+08:00,14.134306736666936,14.684994692463562,13.629510133147301,13.996635437011719,2500050,0.0,0.0
2021-12-10 00:00:00+08:00,13.76718252170374,13.904853823057378,13.2164945591134,13.445947647094727,867300,0.0,0.0
2021-12-13 00:00:00+08:00,13.675402005098697,14.547323026557745,13.537729781153258,14.409650802612305,1641150,0.0,0.0
2021-12-14 00:00:00+08:00,14.134307311171447,14.134307311171447,13.124714063096148,13.262385368347168,890400,0.0,0.0
2021-12-15 00:00:00+08:00,12.987040930561175,13.308274872740594,12.941150498686767,13.03293228149414,504000,0.0,0.0
2021-12-16 00:00:00+08:00,13.170603776867042,13.216494209437439,12.574026315334727,12.711698532104492,677250,0.0,0.0
2021-12-17 00:00:00+08:00,12.574026650197398,13.262384995202385,12.482244863553763,12.987041473388672,502950,0.0,0.0
2021-12-20 00:00:00+08:00,12.941150498686767,13.262384440866184,12.849369634937949,13.03293228149414,279300,0.0,0.0
2021-12-21 00:00:00+08:00,13.124714270003423,13.491839594577677,12.98704204352342,13.170604705810547,260400,0.0,0.0
2021-12-22 00:00:00+08:00,13.216494008991775,13.262384440866184,12.941150498686767,13.03293228149414,205800,0.0,0.0
2021-12-23 00:00:00+08:00,13.032932826239787,13.216494561409867,12.849370172011112,12.987041473388672,144900,0.0,0.0
2021-12-24 00:00:00+08:00,12.987041675130312,13.308275635726618,12.895260806119541,13.124713897705078,334950,0.0,0.0
2021-12-27 00:00:00+08:00,13.216495141617669,13.400057803904796,12.98704204352342,13.170604705810547,244650,0.0,0.0
2021-12-28 00:00:00+08:00,13.170603923534028,13.30827522277832,13.124713490452597,13.30827522277832,303450,0.0,0.0
2021-12-29 00:00:00+08:00,13.35416661312694,13.950744083009617,13.308275260855625,13.767182350158691,674100,0.0,0.0
2021-12-30 00:00:00+08:00,13.76718255541591,13.950744291003588,13.583619900769634,13.67540168762207,494550,0.0,0.0
2022-01-03 00:00:00+08:00,13.767182930875986,13.904854236321333,13.583620271223571,13.721292495727539,337050,0.0,0.0
2022-01-04 00:00:00+08:00,13.767182350158691,13.904853649796886,13.72129191694596,13.767182350158691,263550,0.0,0.0
2022-01-05 00:00:00+08:00,13.813072956667513,13.813072956667513,12.849370170875394,13.2164945602417,539700,0.0,0.0
2022-01-06 00:00:00+08:00,13.078822713368549,13.170603577117367,12.80347920306354,13.03293228149414,271950,0.0,0.0
2022-01-07 00:00:00+08:00,13.03293286279599,13.308275466323419,12.711698906288722,12.757589340209961,243600,0.0,0.0
2022-01-10 00:00:00+08:00,13.078822713368549,13.400056655547967,12.941150498686767,13.03293228149414,229950,0.0,0.0
2022-01-11 00:00:00+08:00,12.987041684835384,13.078823472973351,12.665807723999023,12.665807723999023,249900,0.0,0.0
2022-01-12 00:00:00+08:00,12.665807140335572,12.711698491819103,12.436354059152183,12.482244491577148,141750,0.0,0.0
2022-01-13 00:00:00+08:00,12.665807723999023,12.757589512136992,12.528136420379989,12.665807723999023,81900,0.0,0.0
2022-01-14 00:00:00+08:00,12.574026484559964,12.849370002746582,12.252791614126755,12.849370002746582,166950,0.0,0.0
2022-01-17 00:00:00+08:00,12.849370367060542,13.583620076062326,12.849370367060542,13.354166984558105,224700,0.0,0.0
2022-01-18 00:00:00+08:00,13.400057419047227,13.537729641573204,13.078823458564763,13.354166984558105,163800,0.0,0.0
2022-01-19 00:00:00+08:00,13.216494762032129,13.491839207084082,13.124713893053885,13.354166984558105,100800,0.0,0.0
2022-01-20 00:00:00+08:00,13.354167368097674,13.400057803904796,13.078823834196301,13.170604705810547,73500,0.0,0.0
2022-01-21 00:00:00+08:00,13.032932829953515,13.032932829953515,12.29868221282959,12.29868221282959,222600,0.0,0.0
2022-01-24 00:00:00+08:00,12.298682249360402,12.298682249360402,11.88566742482466,12.069230079650879,144900,0.0,0.0
2022-01-25 00:00:00+08:00,12.023338728595162,12.023338728595162,11.702104771891271,11.839776992797852,109200,0.0,0.0
2022-01-26 00:00:00+08:00,11.839776992797852,12.023338728595162,11.702104771891271,11.839776992797852,76650,0.0,0.0
2022-02-07 00:00:00+08:00,11.885667389520627,12.29868221282959,11.885667389520627,12.29868221282959,74550,0.0,0.0
2022-02-08 00:00:00+08:00,12.069230580688895,12.94115161895752,12.069230580688895,12.94115161895752,142800,0.0,0.0
2022-02-09 00:00:00+08:00,12.75758987556958,13.262385588945051,12.75758987556958,12.94115161895752,166950,0.0,0.0
2022-02-10 00:00:00+08:00,12.849370209910655,12.89526064383853,12.48224490037046,12.528136253356934,111300,0.0,0.0
2022-02-11 00:00:00+08:00,12.390464782714844,12.48224565612761,12.298682990243423,12.390464782714844,44100,0.0,0.0
2022-02-14 00:00:00+08:00,12.39046420765778,12.39046420765778,12.206901550292969,12.206901550292969,45150,0.0,0.0
2022-02-15 00:00:00+08:00,12.298681471297057,12.43635368347168,12.115119747142279,12.43635368347168,53550,0.0,0.0
2022-02-16 00:00:00+08:00,12.528136420379989,12.665807723999023,12.252791975024696,12.665807723999023,100800,0.0,0.0
2022-02-17 00:00:00+08:00,12.574026315334727,12.711698532104492,12.344572314365594,12.711698532104492,112350,0.0,0.0
2022-02-18 00:00:00+08:00,12.61991711938765,12.8034797741312,12.344572677743022,12.757589340209961,97650,0.0,0.0
2022-02-21 00:00:00+08:00,12.757589502603386,13.170604332210463,12.436354622948471,13.124713897705078,158550,0.0,0.0
2022-02-22 00:00:00+08:00,13.124713136609216,13.124713136609216,12.574026116361454,12.803479194641113,78750,0.0,0.0
2022-02-23 00:00:00+08:00,12.80347920306354,13.078822713368549,12.711698339314724,13.03293228149414,95550,0.0,0.0
2022-02-24 00:00:00+08:00,12.711699677776835,12.711699677776835,12.206902116830657,12.390464782714844,187950,0.0,0.0
2022-02-25 00:00:00+08:00,12.39046362672722,12.619916707910608,12.344572275243689,12.482244491577148,57750,0.0,0.0
2022-03-01 00:00:00+08:00,12.390464197702341,12.757589512136992,12.390464197702341,12.665807723999023,78750,0.0,0.0
2022-03-02 00:00:00+08:00,12.619916915893555,12.619916915893555,12.482244697291183,12.619916915893555,42000,0.0,0.0
2022-03-03 00:00:00+08:00,12.665807349074816,12.665807349074816,12.52813604953103,12.619916915893555,46200,0.0,0.0
2022-03-04 00:00:00+08:00,12.390463999499378,12.482244867110571,12.252791779023994,12.29868221282959,29400,0.0,0.0
2022-03-07 00:00:00+08:00,12.298681651693885,12.298681651693885,11.702104201323193,11.885666847229004,148050,0.0,0.0
2022-03-08 00:00:00+08:00,11.472652259941544,11.839777588112762,11.472652259941544,11.564434051513672,53550,0.0,0.0
2022-03-09 00:00:00+08:00,11.747996702162446,11.93155844697946,11.747996702162446,11.7938871383667,45150,0.0,0.0
2022-03-10 00:00:00+08:00,11.977448620300112,12.482245245584805,11.977448620300112,12.344573020935059,58800,0.0,0.0
2022-03-11 00:00:00+08:00,12.206901758474718,12.206901758474718,11.931558227260977,12.115120887756348,25200,0.0,0.0
2022-03-14 00:00:00+08:00,12.206901555478781,12.206901555478781,11.793886725055758,11.977448463439941,40950,0.0,0.0
2022-03-15 00:00:00+08:00,11.97744829270847,12.115120513592784,11.97744829270847,12.069230079650879,56700,0.0,0.0
2022-03-16 00:00:00+08:00,12.161011498668998,12.161011498668998,12.02333927154541,12.02333927154541,39900,0.0,0.0
2022-03-17 00:00:00+08:00,12.206901345218398,12.29868221282959,12.069230043801609,12.29868221282959,63000,0.0,0.0
2022-03-18 00:00:00+08:00,12.29868221282959,12.29868221282959,12.115120477607205,12.29868221282959,21000,0.0,0.0
2022-03-21 00:00:00+08:00,12.298681471297057,12.482244114510372,12.206900609219668,12.43635368347168,49350,0.0,0.0
2022-03-22 00:00:00+08:00,12.20690097232039,12.436354053397606,12.20690097232039,12.252791404724121,39900,0.0,0.0
2022-03-23 00:00:00+08:00,12.57402744859903,12.57402744859903,12.25279255353704,12.390464782714844,79800,0.0,0.0
2022-03-24 00:00:00+08:00,12.298682990243423,12.436355219421227,12.02333945094647,12.390464782714844,89250,0.0,0.0
2022-03-25 00:00:00+08:00,12.436354433304976,12.528136219974764,12.29868221282959,12.29868221282959,58800,0.0,0.0
2022-03-28 00:00:00+08:00,12.252791404724121,12.252791404724121,12.161010539916662,12.252791404724121,21000,0.0,0.0
2022-03-29 00:00:00+08:00,12.252791984869518,12.482245076810882,12.206901550292969,12.206901550292969,65100,0.0,0.0
2022-03-30 00:00:00+08:00,12.20690097232039,12.252791404724121,12.161010539916662,12.252791404724121,111300,0.0,0.0
2022-03-31 00:00:00+08:00,12.161011323115533,12.344573064552275,12.115120887756348,12.115120887756348,42000,0.0,0.0
2022-04-01 00:00:00+08:00,12.115120513592784,12.161010947534688,12.023338726650376,12.069230079650879,24150,0.0,0.0
2022-04-06 00:00:00+08:00,12.02333927154541,12.02333927154541,11.380870410066404,12.02333927154541,106050,0.0,0.0
2022-04-07 00:00:00+08:00,11.93155806926731,11.93155806926731,11.74799633026123,11.74799633026123,29400,0.0,0.0
2022-04-08 00:00:00+08:00,11.839777154621954,12.252791984869518,11.61032406268059,12.206901550292969,63000,0.0,0.0
2022-04-11 00:00:00+08:00,12.25279121998207,12.25279121998207,11.793885983805374,11.885666847229004,76650,0.0,0.0
2022-04-12 00:00:00+08:00,11.977448883183714,11.977448883183714,11.7938871383667,11.7938871383667,63000,0.0,0.0
2022-04-13 00:00:00+08:00,11.839776786994962,11.931557653298253,11.702104568481445,11.702104568481445,52500,0.0,0.0
2022-04-14 00:00:00+08:00,11.702105360283895,11.839777588112762,11.518542696198285,11.564434051513672,115500,0.0,0.0
2022-04-15 00:00:00+08:00,11.564433654706962,11.564433654706962,11.059636116027832,11.059636116027832,210000,0.0,0.0
2022-04-18 00:00:00+08:00,10.830183982849121,10.921964852554302,10.692511759232733,10.830183982849121,96600,0.0,0.0
2022-04-19 00:00:00+08:00,10.967854907800799,11.105527126652243,10.784293174743652,10.784293174743652,135450,0.0,0.0
2022-04-20 00:00:00+08:00,11.013745889038713,11.518542518178489,10.92196501794371,10.967855453491211,158550,0.0,0.0
2022-04-21 00:00:00+08:00,10.967855566812922,12.02333927154541,10.967855566812922,12.02333927154541,803250,0.0,0.0
2022-04-22 00:00:00+08:00,13.17060453071628,13.17060453071628,12.344573020935059,12.344573020935059,1312500,0.0,0.0
2022-04-25 00:00:00+08:00,11.88566700221004,11.931557434520235,11.243198192691622,11.334979057312012,333900,0.0,0.0
2022-04-26 00:00:00+08:00,11.426761431601996,11.610324089389078,10.921964811981482,11.059636116027832,216300,0.0,0.0
2022-04-27 00:00:00+08:00,10.830183410510125,11.1055269241333,10.554838977828382,11.1055269241333,216300,0.0,0.0
2022-04-28 00:00:00+08:00,11.10552689576104,11.656213921600504,11.10552689576104,11.334979057312012,88200,0.0,0.0
2022-04-29 00:00:00+08:00,11.747996301037945,11.747996301037945,11.334979632125807,11.518542289733887,69300,0.0,0.0
2022-05-03 00:00:00+08:00,11.426761218301568,11.426761218301568,11.243198563941004,11.38086986541748,39900,0.0,0.0
2022-05-04 00:00:00+08:00,11.380870095073227,11.93155806926731,11.380870095073227,11.74799633026123,140700,0.0,0.0
2022-05-05 00:00:00+08:00,11.793886355856044,12.023338521653427,11.747995922696568,11.931557655334473,80850,0.0,0.0
2022-05-06 00:00:00+08:00,13.032933028694307,13.124713897705078,12.619917280028622,13.124713897705078,2797200,0.0,0.0
2022-05-09 00:00:00+08:00,13.813073309985516,14.409650802612305,13.813073309985516,14.409650802612305,5818050,0.0,0.0
2022-05-10 00:00:00+08:00,14.5932137985605,15.832261085510254,14.455542490494064,15.832261085510254,11458650,0.0,0.0
2022-05-11 00:00:00+08:00,16.933633817857164,17.392539978027344,16.612398954302897,17.392539978027344,3951150,0.0,0.0
2022-05-12 00:00:00+08:00,17.805556120793028,18.631585757848956,16.750072479248047,16.750072479248047,34954500,0.0,0.0
2022-05-13 00:00:00+08:00,16.750072075777414,18.12678871708109,15.924040620501506,18.08089828491211,4891950,0.0,0.0
2022-05-16 00:00:00+08:00,18.172679149250072,18.906929740188016,17.43843039642925,18.08089828491211,3250800,0.0,0.0
2022-05-17 00:00:00+08:00,18.448025492117743,18.63158723981585,17.667884388166158,18.539806365966797,3034500,0.0,0.0
2022-05-18 00:00:00+08:00,18.815149270498466,19.228163168682276,18.17267953042266,18.585695266723633,2971500,0.0,0.0
2022-05-19 00:00:00+08:00,17.897336227485777,18.95281982421875,17.897336227485777,18.95281982421875,2974650,0.0,0.0
2022-05-20 00:00:00+08:00,19.365837750421598,20.83433723449707,19.365837750421598,20.83433723449707,3425100,0.0,0.0
2022-05-23 00:00:00+08:00,21.93571015057792,22.899412940078808,20.834336059181815,22.761741638183594,5770800,0.0,0.0
2022-05-24 00:00:00+08:00,23.22064782918304,23.22064782918304,20.513101194997844,21.38502311706543,5701500,0.0,0.0
2022-05-25 00:00:00+08:00,21.385023471366395,23.49599266052246,21.155569459491566,23.49599266052246,5293050,0.0,0.0
2022-05-26 00:00:00+08:00,23.863115721393015,25.148053386325778,22.945303366172066,23.679553985595703,5376000,0.0,0.0
2022-05-27 00:00:00+08:00,25.148053729076143,26.019975662231445,24.780928414360663,26.019975662231445,3413550,0.0,0.0
2022-05-30 00:00:00+08:00,28.45217655238864,28.58984784966353,24.826817685879405,24.964488983154297,30072000,0.0,0.0
2022-05-31 00:00:00+08:00,24.322020687396826,25.515177424993578,23.67955280599372,24.00078582763672,10765650,0.0,0.0
2022-06-01 00:00:00+08:00,24.413801576540514,25.010379026911206,23.404208402646386,23.771333694458008,9255750,0.0,0.0
2022-06-02 00:00:00+08:00,23.450101036692104,24.780929195671764,22.486398204002914,24.04667854309082,12541200,0.0,0.0
2022-06-06 00:00:00+08:00,23.633664353722533,24.64325761110558,22.16516490315472,22.394617080688477,7927500,0.0,0.0
2022-06-07 00:00:00+08:00,22.027492488506528,23.358320676657627,22.027492488506528,22.486398696899414,4541250,0.0,0.0
2022-06-08 00:00:00+08:00,22.21105307275892,22.62406878830236,22.07337994216639,22.348724365234375,2332050,0.0,0.0
2022-06-09 00:00:00+08:00,21.706257649280165,22.624069990800233,20.834335741024383,21.568586349487305,7275450,0.0,0.0
2022-06-10 00:00:00+08:00,21.75214875029193,23.725444793701172,21.385023434790455,23.725444793701172,6080550,0.0,0.0
2022-06-13 00:00:00+08:00,24.00078735127976,25.97408339054032,23.17475769078463,24.413803100585938,30347100,0.0,0.0
2022-06-14 00:00:00+08:00,24.046679126325515,24.36791402438566,22.211056126586016,22.256946563720703,7185150,0.0,0.0
2022-06-15 00:00:00+08:00,21.889818983157422,23.358318335186738,21.889818983157422,22.2110538482666,6084750,0.0,0.0
2022-06-16 00:00:00+08:00,22.25694461959285,23.220647391477222,21.15556871021274,22.027490615844727,5427450,0.0,0.0
2022-06-17 00:00:00+08:00,21.20146026118186,22.71585001724955,21.155567991497595,21.247350692749023,4975950,0.0,0.0
2022-06-20 00:00:00+08:00,20.880226936837627,21.339133124356984,19.136383056640625,19.136383056640625,4916100,0.0,0.0
2022-06-21 00:00:00+08:00,19.182272414329628,20.100084737825206,18.9528202525143,19.687070846557617,3468150,0.0,0.0
2022-06-22 00:00:00+08:00,19.457618468067935,20.100086412806142,17.805557250976562,17.805557250976562,4547550,0.0,0.0
2022-06-23 00:00:00+08:00,18.080899032987762,19.54939843750394,17.989118164852478,18.172679901123047,7883400,0.0,0.0
2022-06-24 00:00:00+08:00,18.264460769258335,18.677478352101524,17.85144686264955,18.172679901123047,3692850,0.0,0.0
2022-06-27 00:00:00+08:00,18.585696040057716,19.54939885215307,18.49391516997573,18.906930923461914,2854950,0.0,0.0
2022-06-28 00:00:00+08:00,19.09049304061855,19.136383476565776,18.264461517333984,18.264461517333984,2283750,0.0,0.0
2022-06-29 00:00:00+08:00,18.1726809520242,19.962415336628958,17.989119205138504,19.228164672851562,4583250,0.0,0.0
2022-06-30 00:00:00+08:00,19.228164757952012,19.549399654541016,18.35624461826869,18.539806365966797,2186100,0.0,0.0
2022-07-01 00:00:00+08:00,18.815149303789404,19.732961644278365,18.356243133544922,18.356243133544922,3176250,0.0,0.0
2022-07-04 00:00:00+08:00,18.49391442187219,18.76925885909735,16.7959628796881,16.979524612426758,2890650,0.0,0.0
2022-07-05 00:00:00+08:00,17.025415045611425,17.85144651916972,16.47472800927828,16.979524612426758,3710700,0.0,0.0
2022-07-06 00:00:00+08:00,17.163086337167712,17.254867203494275,16.06171226501465,16.06171226501465,1467900,0.0,0.0
2022-07-07 00:00:00+08:00,16.5206188062675,17.071305854727456,15.878150889417086,17.025415420532227,2137800,0.0,0.0
2022-07-08 00:00:00+08:00,17.53021237536751,17.897337694178923,17.16308705655609,17.300758361816406,1661100,0.0,0.0
2022-07-11 00:00:00+08:00,17.713774855013092,18.035007880693808,17.11719555965751,17.8514461517334,1088850,0.0,0.0
2022-07-12 00:00:00+08:00,17.851448117854,17.943228992442755,16.520619921965068,16.704181671142578,1224300,0.0,0.0
2022-07-13 00:00:00+08:00,17.346649926630494,18.356243133544922,17.11719592244967,18.356243133544922,2018100,0.0,0.0
2022-07-14 00:00:00+08:00,17.989117836187507,19.91652338428321,17.438430799319757,19.27405548095703,11162550,0.0,0.0
2022-07-15 00:00:00+08:00,19.090491549603495,20.558990899572997,19.04460111724043,19.687070846557617,10900050,0.0,0.0
2022-07-18 00:00:00+08:00,19.228162090047203,19.870631794082627,19.182271659489967,19.82474136352539,3000900,0.0,0.0
2022-07-19 00:00:00+08:00,19.82474324300323,19.82474324300323,19.41172749071523,19.59528923034668,1276800,0.0,0.0
2022-07-20 00:00:00+08:00,20.008305040680252,20.191866780844226,18.906930923461914,18.906930923461914,4828950,0.0,0.0
2022-07-21 00:00:00+08:00,18.998712489244443,19.31994738441172,18.906931615801597,19.228164672851562,1500450,0.0,0.0
2022-07-22 00:00:00+08:00,19.503506838248253,19.54939726957429,18.72336766758858,18.95281982421875,1178100,0.0,0.0
2022-07-25 00:00:00+08:00,18.815148507238018,19.319945089324342,18.815148507238018,19.18227195739746,1039500,0.0,0.0
2022-07-26 00:00:00+08:00,18.86103898519058,19.27405470575929,18.53980412738889,18.72336769104004,1033200,0.0,0.0
2022-07-27 00:00:00+08:00,18.53980586344582,20.558992385864258,18.53980586344582,20.558992385864258,6220200,0.0,0.0
2022-07-28 00:00:00+08:00,21.017897859882325,21.568586745396452,19.732962028661913,19.778852462768555,8843100,0.0,0.0
2022-07-29 00:00:00+08:00,19.962413458352998,21.752147674560547,19.87063259354587,21.752147674560547,8184750,0.0,0.0
2022-08-01 00:00:00+08:00,22.57818059839494,23.909006900644968,22.11927256836198,23.082975387573242,22477350,0.0,0.0
2022-08-02 00:00:00+08:00,22.027491054333694,22.853522543282835,21.476804007740004,22.532289505004883,7290150,0.0,0.0
2022-08-03 00:00:00+08:00,22.211054253304486,23.587772765584592,21.568586349487305,21.568586349487305,7849800,0.0,0.0
2022-08-04 00:00:00+08:00,21.10967985382024,21.843930514916625,19.68707264441593,20.83433723449707,6697950,0.0,0.0
2022-08-05 00:00:00+08:00,20.375429188102213,22.302834701520453,20.375429188102213,21.752147674560547,5217450,0.0,0.0
2022-08-08 00:00:00+08:00,21.385023077246416,22.30283543159625,21.2473517755291,22.073381423950195,3683400,0.0,0.0
2022-08-09 00:00:00+08:00,22.073382213624928,23.08297547190448,21.935710906982422,21.935710906982422,5946150,0.0,0.0
2022-08-10 00:00:00+08:00,22.027490665295772,24.09256935119629,21.614476766232837,24.09256935119629,12110700,0.0,0.0
2022-08-11 00:00:00+08:00,24.78092765009281,25.331614686123693,23.037083837564037,23.863115310668945,23499000,0.0,0.0
2022-08-12 00:00:00+08:00,23.771335239757416,23.909006543842434,23.174757750605107,23.266538619995117,4569600,0.0,0.0
2022-08-15 00:00:00+08:00,23.266538590771834,23.771335209900094,23.037084579467773,23.037084579467773,5079900,0.0,0.0
2022-08-16 00:00:00+08:00,22.945303374043878,23.5418826918242,22.57817990232331,22.761741638183594,2591400,0.0,0.0
2022-08-17 00:00:00+08:00,22.853522858679128,24.551476294050183,22.853522858679128,23.725444793701172,9437400,0.0,0.0
2022-08-18 00:00:00+08:00,23.404209176523725,24.78092768775168,23.35831874329451,24.09256935119629,9881550,0.0,0.0
2022-08-19 00:00:00+08:00,24.092569729256848,24.689147208715305,23.633663551646375,23.679553985595703,7074900,0.0,0.0
2022-08-22 00:00:00+08:00,23.495993404324892,24.276132657914488,22.945304493639274,23.5877742767334,6648600,0.0,0.0
2022-08-23 00:00:00+08:00,23.72544400293067,24.092569306195834,22.945302963256836,22.945302963256836,2776200,0.0,0.0
2022-08-24 00:00:00+08:00,23.128868103027344,23.863116921252487,23.08297582865331,23.128868103027344,4696650,0.0,0.0
2022-08-25 00:00:00+08:00,23.31242863716458,24.964489770948077,23.128866901672144,24.36791229248047,6414450,0.0,0.0
2022-08-26 00:00:00+08:00,24.780929195671764,26.157647790673078,23.863116799004224,24.04667854309082,12120150,0.0,0.0
2022-08-29 00:00:00+08:00,23.12886732743135,23.40420993573855,22.532289837981867,22.807632446289062,2657550,0.0,0.0
2022-08-30 00:00:00+08:00,23.220646657401044,23.771333675623605,23.037083092582122,23.312427520751953,1771350,0.0,0.0
2022-08-31 00:00:00+08:00,23.1288673159101,23.679554370367402,23.1288673159101,23.266538619995117,1340850,0.0,0.0
2022-09-01 00:00:00+08:00,23.220647440367742,24.322021513949604,22.578179537131184,23.633663177490234,20694450,0.0,0.0
2022-09-02 00:00:00+08:00,23.58777350097739,23.771335239757416,23.03708460840286,23.266538619995117,2594550,0.0,0.0
2022-09-05 00:00:00+08:00,23.220648248197108,23.45010042229365,20.972007751464844,20.972007751464844,4041450,0.0,0.0
2022-09-06 00:00:00+08:00,21.20146302327635,21.385024773459147,19.96241569519043,19.96241569519043,2979900,0.0,0.0
2022-09-07 00:00:00+08:00,19.962414904970874,20.329540228921022,19.549399145291613,20.100086212158203,1318800,0.0,0.0
2022-09-08 00:00:00+08:00,20.37543141617337,20.880228065929664,19.9165252038388,20.19186782836914,1503600,0.0,0.0
2022-09-12 00:00:00+08:00,19.36583594149563,19.778851670018668,18.952820212972586,19.457616806030273,3333750,0.0,0.0
2022-09-13 00:00:00+08:00,19.824742521136848,19.962413820847495,19.50350765036151,19.732961654663086,1351350,0.0,0.0
2022-09-14 00:00:00+08:00,19.182273111869492,19.732961996485674,19.136382677837677,19.54939842224121,631050,0.0,0.0
2022-09-15 00:00:00+08:00,19.595290356707487,20.60488549706491,19.457619044070388,19.96241569519043,2239650,0.0,0.0
2022-09-16 00:00:00+08:00,19.8247429024959,19.96241420485486,19.274055854942848,19.3199462890625,705600,0.0,0.0
2022-09-19 00:00:00+08:00,19.319946256868274,20.008304605633228,18.86104007831924,19.090492248535156,5342400,0.0,0.0
2022-09-20 00:00:00+08:00,19.090491142108146,19.365835568526318,18.72336769104004,18.72336769104004,1149750,0.0,0.0
2022-09-21 00:00:00+08:00,18.677478004151208,18.72336843736394,17.943227396513173,18.356243133544922,1286250,0.0,0.0
2022-09-22 00:00:00+08:00,18.264461171327167,19.136383114041035,17.667883677197715,18.44802474975586,910350,0.0,0.0
2022-09-23 00:00:00+08:00,18.631586124935875,18.677478397231607,17.48432159423828,17.48432159423828,1382850,0.0,0.0
2022-09-26 00:00:00+08:00,17.346649912091888,17.346649912091888,16.428837572372164,16.520618438720703,1088850,0.0,0.0
2022-09-27 00:00:00+08:00,16.658289774582126,17.11719594544305,16.428837608210248,16.750072479248047,932400,0.0,0.0
2022-09-28 00:00:00+08:00,17.025415846857417,17.025415846857417,15.694587707519531,15.694587707519531,943950,0.0,0.0
2022-09-29 00:00:00+08:00,16.015823310437025,16.612400834753057,16.015823310437025,16.245275497436523,778050,0.0,0.0
2022-09-30 00:00:00+08:00,15.786370382391704,16.704180925423053,15.55691636804593,16.61240005493164,642600,0.0,0.0
2022-10-03 00:00:00+08:00,16.520618780915257,16.61239964916487,16.153493469799603,16.337055206298828,308700,0.0,0.0
2022-10-04 00:00:00+08:00,16.841854095458984,17.02541583672716,16.520619210122426,16.841854095458984,473550,0.0,0.0
2022-10-05 00:00:00+08:00,17.438431583798863,17.438431583798863,16.153493881225586,16.153493881225586,799050,0.0,0.0
2022-10-06 00:00:00+08:00,16.42883908515346,16.658291272152955,16.199385060036626,16.245275497436523,444150,0.0,0.0
2022-10-07 00:00:00+08:00,16.245274795975526,16.337055666812283,15.832260877210118,15.924041748046875,347550,0.0,0.0
2022-10-11 00:00:00+08:00,15.327462986701907,15.419244774539015,14.914447239081438,14.960338592529297,597450,0.0,0.0
2022-10-12 00:00:00+08:00,14.822665964483814,15.32746256706232,14.639104231952418,14.914446830749512,487200,0.0,0.0
2022-10-13 00:00:00+08:00,15.052119075408088,15.09800950862082,13.767182350158691,13.767182350158691,870450,0.0,0.0
2022-10-14 00:00:00+08:00,14.22608777310823,14.868556603019291,14.22608777310823,14.593213081359863,468300,0.0,0.0
2022-10-17 00:00:00+08:00,14.317869762102523,14.501432418823242,13.675401842167918,14.501432418823242,595350,0.0,0.0
2022-10-18 00:00:00+08:00,14.730885509959489,15.05211946992679,14.36376019651805,14.501432418823242,338100,0.0,0.0
2022-10-19 00:00:00+08:00,14.593213256639082,14.868556781605664,14.271978378295898,14.271978378295898,303450,0.0,0.0
2022-10-20 00:00:00+08:00,13.767182147620103,14.134306526979515,13.767182147620103,13.858963012695312,384300,0.0,0.0
2022-10-21 00:00:00+08:00,13.904854236321333,14.134307331122196,13.721292495727539,13.721292495727539,404250,0.0,0.0
2022-10-24 00:00:00+08:00,13.950744249521746,15.052119255065918,13.950744249521746,15.052119255065918,1164450,0.0,0.0
2022-10-25 00:00:00+08:00,15.052119042444978,15.327462560176967,14.22608757019043,14.22608757019043,2625000,0.0,0.0
2022-10-26 00:00:00+08:00,14.409650258429973,14.868556428839293,14.317869391971543,14.455541610717773,1298850,0.0,0.0
2022-10-27 00:00:00+08:00,14.730885301718875,14.822666169252486,14.501432213826252,14.593213081359863,830550,0.0,0.0
2022-10-28 00:00:00+08:00,14.639105038326448,14.639105038326448,14.042526617561998,14.088417053222656,556500,0.0,0.0
2022-10-31 00:00:00+08:00,14.363760527682318,15.46513557434082,14.363760527682318,15.46513557434082,2851800,0.0,0.0
2022-11-01 00:00:00+08:00,15.235681190659989,16.15349355418516,15.143900321930914,15.419244766235352,3511200,0.0,0.0
2022-11-02 00:00:00+08:00,15.694586957611882,16.06171226094221,15.511025225005303,15.602806091308594,1185450,0.0,0.0
2022-11-03 00:00:00+08:00,15.419243832300198,15.87814998626709,15.23568026784318,15.87814998626709,838950,0.0,0.0
2022-11-04 00:00:00+08:00,15.878150543167882,17.438430786132812,15.694586972272663,17.438430786132812,5609100,0.0,0.0
2022-11-07 00:00:00+08:00,17.89733733996223,18.12678951085487,17.438431160059753,17.48432159423828,3498600,0.0,0.0
2022-11-08 00:00:00+08:00,18.26446086113995,18.26446086113995,16.795963287353516,16.795963287353516,2017050,0.0,0.0
2022-11-09 00:00:00+08:00,16.795962912522423,17.11719594544305,16.566508908033374,16.750072479248047,1903650,0.0,0.0
2022-11-10 00:00:00+08:00,16.795963086192273,16.933634387438918,15.969931602478027,15.969931602478027,1219050,0.0,0.0
2022-11-11 00:00:00+08:00,16.612398912182673,16.795962478655603,16.01582145690918,16.01582145690918,795900,0.0,0.0
2022-11-14 00:00:00+08:00,16.199383572053126,17.071305478796088,16.153493138868463,16.979524612426758,2862300,0.0,0.0
2022-11-15 00:00:00+08:00,16.979524612426758,17.163086345165418,16.704180175201603,16.979524612426758,995400,0.0,0.0
2022-11-16 00:00:00+08:00,17.208977196040017,17.392540771351232,16.795963287353516,16.795963287353516,806400,0.0,0.0
2022-11-17 00:00:00+08:00,16.97952461952742,18.310352696790737,16.933634186323566,17.897336959838867,2946300,0.0,0.0
2022-11-18 00:00:00+08:00,18.172681032453266,19.04460301025391,18.080900158604212,18.539806365966797,3725400,0.0,0.0
2022-11-21 00:00:00+08:00,18.539805592414357,18.906930910609997,18.080899404199116,18.218570709228516,1827000,0.0,0.0
2022-11-22 00:00:00+08:00,18.080898696151365,18.72336843736394,18.035008262938636,18.356243133544922,1209600,0.0,0.0
2022-11-23 00:00:00+08:00,18.44802509924015,19.09049304061855,18.264461517333984,18.264461517333984,3037650,0.0,0.0
2022-11-24 00:00:00+08:00,18.35624270156487,18.44802356583044,17.621992111206055,17.621992111206055,1223250,0.0,0.0
2022-11-25 00:00:00+08:00,17.759665230964753,18.035007823532677,17.1630859375,17.1630859375,1310400,0.0,0.0
2022-11-28 00:00:00+08:00,17.07130584851433,17.576102462595337,16.704180536968906,17.48432159423828,736050,0.0,0.0
2022-11-29 00:00:00+08:00,17.484323074406284,17.805557978967922,17.208978607908115,17.667884826660156,633150,0.0,0.0
2022-11-30 00:00:00+08:00,17.57610321044922,18.126790282140195,17.57610321044922,17.57610321044922,750750,0.0,0.0
2022-12-01 00:00:00+08:00,17.75966599451426,18.264460769258335,17.71377556044662,18.172679901123047,1201200,0.0,0.0
2022-12-02 00:00:00+08:00,18.26446039237972,18.585695262341893,18.035008226776146,18.126789093017578,849450,0.0,0.0
2022-12-05 00:00:00+08:00,18.172679938757735,18.264460807083093,17.943227767944336,17.943227767944336,550200,0.0,0.0
2022-12-06 00:00:00+08:00,17.98911779365543,18.448023962979747,17.57610205745183,18.126789093017578,5971350,0.0,0.0
2022-12-07 00:00:00+08:00,17.989117391438022,17.989117391438022,17.117195505405345,17.1630859375,1640100,0.0,0.0
2022-12-08 00:00:00+08:00,17.163085583098177,17.254866445392295,16.88774299621582,16.88774299621582,539700,0.0,0.0
2022-12-09 00:00:00+08:00,17.071307007614926,17.117197444909305,16.704181671142578,16.704181671142578,516600,0.0,0.0
2022-12-12 00:00:00+08:00,16.704179408987905,16.704179408987905,16.199382828994235,16.428836822509766,425250,0.0,0.0
2022-12-13 00:00:00+08:00,16.612400072279097,16.658290507572723,16.153493881225586,16.153493881225586,434700,0.0,0.0
2022-12-14 00:00:00+08:00,16.29116439819336,16.38294710245321,16.06171223283664,16.29116439819336,336000,0.0,0.0
2022-12-15 00:00:00+08:00,16.4288379748483,16.887744155950514,16.4288379748483,16.795963287353516,455700,0.0,0.0
2022-12-16 00:00:00+08:00,16.795963678166814,16.795963678166814,16.291165212903092,16.38294792175293,328650,0.0,0.0
2022-12-19 00:00:00+08:00,16.33705507246908,16.33705507246908,15.969931602478027,15.969931602478027,296100,0.0,0.0
2022-12-20 00:00:00+08:00,15.878150528335627,16.153493127245497,15.32746257334014,15.602806091308594,488250,0.0,0.0
2022-12-21 00:00:00+08:00,15.694587128299952,15.924041134670793,15.60280626099849,15.740477561950684,263550,0.0,0.0
2022-12-22 00:00:00+08:00,16.19938321324439,16.19938321324439,15.786369323730469,15.786369323730469,109200,0.0,0.0
2022-12-23 00:00:00+08:00,15.602806091308594,15.740477390763528,15.465134791853657,15.602806091308594,168000,0.0,0.0
2022-12-26 00:00:00+08:00,15.648696524460238,15.832260095183983,15.602806091308594,15.602806091308594,168000,0.0,0.0
2022-12-27 00:00:00+08:00,15.786369123097133,15.969930849437048,15.648695990225093,15.87814998626709,183750,0.0,0.0
2022-12-28 00:00:00+08:00,15.786370079268863,15.786370079268863,15.373353412812207,15.419244766235352,205800,0.0,0.0
2022-12-29 00:00:00+08:00,15.419244561262968,15.556915862526475,15.052119253109757,15.511025428771973,240450,0.0,0.0
2022-12-30 00:00:00+08:00,15.648697290513885,15.694587725912013,15.235681533813477,15.235681533813477,122850,0.0,0.0
2023-01-03 00:00:00+08:00,15.6028065036935,15.6028065036935,15.05211945320184,15.419244766235352,135450,0.0,0.0
2023-01-04 00:00:00+08:00,15.46513446043585,15.832259755898683,15.46513446043585,15.786369323730469,203700,0.0,0.0
2023-01-05 00:00:00+08:00,15.969931052403322,15.969931052403322,15.786369323730469,15.786369323730469,110250,0.0,0.0
2023-01-06 00:00:00+08:00,15.878150701020061,15.969931568321524,15.740477561950684,15.740477561950684,142800,0.0,0.0
2023-01-09 00:00:00+08:00,15.878150734980265,16.06171246997579,15.878150734980265,15.969931602478027,158550,0.0,0.0
2023-01-10 00:00:00+08:00,15.832259728553375,16.245273617353938,15.694586594169396,16.01582145690918,265650,0.0,0.0
2023-01-11 00:00:00+08:00,16.153492575776962,16.24527343894692,15.83225955468211,15.87814998626709,252000,0.0,0.0
2023-01-12 00:00:00+08:00,16.24527399766777,16.704180167417743,16.06171226501465,16.06171226501465,1013250,0.0,0.0
2023-01-13 00:00:00+08:00,16.245274204971317,16.291164638720197,15.878150734980265,15.969931602478027,303450,0.0,0.0
2023-01-16 00:00:00+08:00,15.969931568321524,16.015822001972257,15.740477561950684,15.740477561950684,155400,0.0,0.0
2023-01-17 00:00:00+08:00,15.740477561950684,15.969931568321524,15.740477561950684,15.740477561950684,124950,0.0,0.0
2023-01-30 00:00:00+08:00,16.061711489142887,16.38294634388555,15.96993062724986,16.199382781982422,274050,0.0,0.0
2023-01-31 00:00:00+08:00,16.06171226886084,16.612399305069243,16.06171226886084,16.520618438720703,521850,0.0,0.0
2023-02-01 00:00:00+08:00,16.795962109264366,16.795962109264366,16.337054122233305,16.428836822509766,197400,0.0,0.0
2023-02-02 00:00:00+08:00,16.428836800596084,16.658288955688477,16.337054100442046,16.658288955688477,416850,0.0,0.0
2023-02-03 00:00:00+08:00,16.750072789656492,16.750072789656492,16.337055206298828,16.337055206298828,201600,0.0,0.0
2023-02-06 00:00:00+08:00,16.337054122233305,16.612398546828526,16.245273260073922,16.428836822509766,155400,0.0,0.0
2023-02-07 00:00:00+08:00,16.29116477217402,16.428837912665646,16.29116477217402,16.337055206298828,118650,0.0,0.0
2023-02-08 00:00:00+08:00,16.52061766263304,16.704179386706954,16.337054100442046,16.658288955688477,408450,0.0,0.0
2023-02-09 00:00:00+08:00,16.658289774582126,17.071305512168678,16.658289774582126,16.750072479248047,630000,0.0,0.0
2023-02-10 00:00:00+08:00,16.795961322241347,17.16308475367624,16.56650733947754,16.56650733947754,767550,0.0,0.0
2023-02-13 00:00:00+08:00,16.291164430831053,16.337054863994332,15.969931398688088,16.06171226501465,286650,0.0,0.0
2023-02-14 00:00:00+08:00,16.107601920089397,16.612398498618113,16.061711489142887,16.199382781982422,338100,0.0,0.0
2023-02-15 00:00:00+08:00,16.19938300736194,16.33705430211688,15.648695990225093,15.87814998626709,318150,0.0,0.0
2023-02-16 00:00:00+08:00,16.01582145690918,16.153492753176035,15.969931024820228,16.01582145690918,145950,0.0,0.0
2023-02-17 00:00:00+08:00,16.01582220465714,16.153493507351605,16.01582220465714,16.107603073120117,142800,0.0,0.0
2023-02-20 00:00:00+08:00,16.107603073120117,16.199383941583093,16.01582220465714,16.107603073120117,187950,0.0,0.0
2023-02-21 00:00:00+08:00,16.153494622636725,16.337056372236322,16.153494622636725,16.245275497436523,249900,0.0,0.0
2023-02-22 00:00:00+08:00,16.24527399766777,16.24527399766777,15.878150532361527,16.06171226501465,203700,0.0,0.0
2023-02-23 00:00:00+08:00,16.06171223283664,16.566508834738585,16.06171223283664,16.29116439819336,351750,0.0,0.0
2023-02-24 00:00:00+08:00,16.428838357119222,16.474728792485514,16.2452747775368,16.38294792175293,368550,0.0,0.0
2023-03-01 00:00:00+08:00,16.47472838508923,16.47472838508923,16.107603073120117,16.107603073120117,200550,0.0,0.0
2023-03-02 00:00:00+08:00,16.107603073120117,16.153493507351605,16.107603073120117,16.107603073120117,219450,0.0,0.0
2023-03-03 00:00:00+08:00,16.245273965122017,16.474727968595896,16.15349309897933,16.29116439819336,352800,0.0,0.0
2023-03-06 00:00:00+08:00,16.428837582963986,17.897336959838867,16.428837582963986,17.897336959838867,4691400,0.0,0.0
2023-03-07 00:00:00+08:00,17.851446523000593,17.851446523000593,17.300757648432107,17.438430786132812,2319450,0.0,0.0
2023-03-08 00:00:00+08:00,17.30075724815943,17.89733654211989,17.071305087495507,17.621992111206055,1306200,0.0,0.0
2023-03-09 00:00:00+08:00,17.713776405441724,17.98911902298217,17.346651077270508,17.346651077270508,568050,0.0,0.0
2023-03-10 00:00:00+08:00,17.25486682950165,17.25486682950165,16.887743372152666,16.93363380432129,543900,0.0,0.0
2023-03-13 00:00:00+08:00,16.750073946554284,17.30075919408681,16.199385022787098,16.704181671142578,915600,0.0,0.0
2023-03-14 00:00:00+08:00,16.61240005493164,16.704180925423053,16.428838313948823,16.61240005493164,219450,0.0,0.0
2023-03-15 00:00:00+08:00,16.795962875883486,16.979524608580565,16.520618438720703,16.520618438720703,267750,0.0,0.0
2023-03-16 00:00:00+08:00,16.520619246603054,16.520619246603054,15.878151312628496,15.924041748046875,511350,0.0,0.0
2023-03-17 00:00:00+08:00,16.061713747836926,16.382948647753558,16.061713747836926,16.245275497436523,180600,0.0,0.0
2023-03-20 00:00:00+08:00,16.19938390392441,16.38294747854084,16.06171260154999,16.337055206298828,113400,0.0,0.0
2023-03-21 00:00:00+08:00,16.474728041484624,16.795962912522423,16.474728041484624,16.750072479248047,307650,0.0,0.0
2023-03-22 00:00:00+08:00,16.887743372152666,17.163085965164406,16.887743372152666,16.93363380432129,414750,0.0,0.0
2023-03-23 00:00:00+08:00,16.979525316209006,17.66788368062782,16.979525316209006,17.300758361816406,796950,0.0,0.0
2023-03-24 00:00:00+08:00,17.117195915654058,17.484321219327324,16.887743749681494,17.438430786132812,972300,0.0,0.0
2023-03-27 00:00:00+08:00,17.48432163994823,17.53021207424673,16.795963287353516,16.795963287353516,1339800,0.0,0.0
2023-03-28 00:00:00+08:00,16.887744092030914,16.887744092030914,16.337055206298828,16.337055206298828,553350,0.0,0.0
2023-03-29 00:00:00+08:00,16.38294747854084,16.566509215040064,16.245274338049214,16.337055206298828,257250,0.0,0.0
2023-03-30 00:00:00+08:00,16.750071655842515,17.025414241953385,16.566508093651517,16.658288955688477,737100,0.0,0.0
2023-03-31 00:00:00+08:00,16.795962875883486,16.795962875883486,16.520618438720703,16.520618438720703,210000,0.0,0.0
2023-04-06 00:00:00+08:00,16.428838357119222,16.520619227851807,16.38294792175293,16.38294792175293,120750,0.0,0.0
2023-04-07 00:00:00+08:00,16.382948647753558,16.42883908515346,16.245275497436523,16.245275497436523,177450,0.0,0.0
2023-04-10 00:00:00+08:00,16.2452747775368,16.428838357119222,16.2452747775368,16.38294792175293,115500,0.0,0.0
2023-04-11 00:00:00+08:00,16.566510397353156,16.566510397353156,16.245275497436523,16.245275497436523,186900,0.0,0.0
2023-04-12 00:00:00+08:00,16.474729484670693,16.750073946554284,16.33705633467023,16.704181671142578,397950,0.0,0.0
2023-04-13 00:00:00+08:00,16.75007167818468,16.75007167818468,16.428836822509766,16.428836822509766,187950,0.0,0.0
2023-04-14 00:00:00+08:00,16.428837535524554,16.52061840166724,16.29116439819336,16.29116439819336,282450,0.0,0.0
2023-04-17 00:00:00+08:00,16.337055630736995,17.851447348668458,16.15349388946882,16.841854095458984,1288350,0.0,0.0
2023-04-18 00:00:00+08:00,17.025416570320548,17.576103655970407,16.10760414819834,16.704181671142578,1151850,0.0,0.0
2023-04-19 00:00:00+08:00,16.887742971423748,16.887742971423748,16.153492397914544,16.428836822509766,635250,0.0,0.0
2023-04-20 00:00:00+08:00,16.52061763672509,16.5665080676716,16.199382781982422,16.199382781982422,352800,0.0,0.0
2023-04-21 00:00:00+08:00,16.199384360557147,16.38294794034792,15.924041748046875,15.924041748046875,344400,0.0,0.0
2023-04-24 00:00:00+08:00,15.832260301231383,16.015822036226908,15.740477595616431,15.969931602478027,136500,0.0,0.0
2023-04-25 00:00:00+08:00,15.969931392523682,15.969931392523682,15.373353004455566,15.373353004455566,341250,0.0,0.0
2023-04-26 00:00:00+08:00,15.189790919889978,15.60280667173622,15.1439004850312,15.556916236877441,168000,0.0,0.0
2023-04-27 00:00:00+08:00,15.556916030911639,15.648696899414062,15.327462940596973,15.648696899414062,57750,0.0,0.0
2023-04-28 00:00:00+08:00,15.694586594169396,16.107602321087082,15.694586594169396,16.01582145690918,282450,0.0,0.0
2023-05-02 00:00:00+08:00,16.153494622636725,16.337056372236322,16.061713747836926,16.245275497436523,140700,0.0,0.0
2023-05-03 00:00:00+08:00,16.24527437581458,16.24527437581458,15.878150901962679,16.107603073120117,136500,0.0,0.0
2023-05-04 00:00:00+08:00,16.107602321087082,16.19938318526499,15.740477026258347,16.01582145690918,122850,0.0,0.0
2023-05-05 00:00:00+08:00,16.015822618883632,16.015822618883632,15.878151312628496,15.924041748046875,72450,0.0,0.0
2023-05-08 00:00:00+08:00,16.01582145690918,16.01582145690918,15.832259728553375,16.01582145690918,50400,0.0,0.0
2023-05-09 00:00:00+08:00,15.832260474536122,15.924041343038546,15.419244728158002,15.648696899414062,208950,0.0,0.0
2023-05-10 00:00:00+08:00,15.602806465162852,15.78637004028491,15.419244728158002,15.648696899414062,231000,0.0,0.0
2023-05-11 00:00:00+08:00,15.511024843500405,15.556915275523341,15.143899549199793,15.327462196350098,266700,0.0,0.0
2023-05-12 00:00:00+08:00,15.235680783881149,15.235680783881149,14.914446832847435,15.143899917602539,187950,0.0,0.0
2023-05-15 00:00:00+08:00,15.143900338757845,15.143900338757845,14.501432418823242,14.501432418823242,249900,0.0,0.0
2023-05-16 00:00:00+08:00,14.501432618934661,14.684995278188438,14.501432618934661,14.639104843139648,86100,0.0,0.0
2023-05-17 00:00:00+08:00,14.639104434185265,14.684994867952069,14.547322647593058,14.593213081359863,123900,0.0,0.0
2023-05-18 00:00:00+08:00,14.684995651245117,15.006229623805869,14.593213859757299,14.684995651245117,258300,0.0,0.0
2023-05-19 00:00:00+08:00,14.776775360107422,15.006228442171189,14.730884927506382,14.776775360107422,215250,0.0,0.0
2023-05-22 00:00:00+08:00,14.914446830749512,15.006228616073793,14.776775531350966,14.914446830749512,133350,0.0,0.0
2023-05-23 00:00:00+08:00,14.914447239081438,15.006229026918547,14.868556804692188,14.960338592529297,90300,0.0,0.0
2023-05-24 00:00:00+08:00,14.868556599984798,15.281572341918945,14.868556599984798,15.281572341918945,213150,0.0,0.0
2023-05-25 00:00:00+08:00,15.327462571309999,15.556915656096416,15.281572138164433,15.373353004455566,199500,0.0,0.0
2023-05-26 00:00:00+08:00,15.511025815373223,15.556916250271513,15.098010063171387,15.098010063171387,171150,0.0,0.0
2023-05-29 00:00:00+08:00,15.09800985716375,15.327462947582998,15.09800985716375,15.189790725708008,69300,0.0,0.0
2023-05-30 00:00:00+08:00,15.189791368664217,15.189791368664217,14.684995651245117,14.684995651245117,220500,0.0,0.0
2023-05-31 00:00:00+08:00,14.684995067135187,14.960338592529297,14.593213279298078,14.960338592529297,180600,0.0,0.0
2023-06-01 00:00:00+08:00,14.96033800957015,15.006228442171189,14.684994494905345,14.776775360107422,162750,0.0,0.0
2023-06-02 00:00:00+08:00,14.776775360107422,14.914446657910538,14.639104062304305,14.776775360107422,268800,0.0,0.0
2023-06-05 00:00:00+08:00,14.776775531350966,15.23568078173804,14.639104231952418,14.914446830749512,397950,0.0,0.0
2023-06-06 00:00:00+08:00,14.914447411237319,14.914447411237319,14.684995236642523,14.86855697631836,154350,0.0,0.0
2023-06-07 00:00:00+08:00,14.868556804692188,15.006229026918547,14.776775935913687,14.960338592529297,399000,0.0,0.0
2023-06-08 00:00:00+08:00,14.822665797439138,15.00622844696045,14.776775364823452,15.00622844696045,257250,0.0,0.0
2023-06-09 00:00:00+08:00,14.914446662670507,15.052118879576135,14.822665797439138,15.00622844696045,197400,0.0,0.0
2023-06-12 00:00:00+08:00,15.052119461307797,15.052119461307797,14.822666370302937,14.960338592529297,156450,0.0,0.0
2023-06-13 00:00:00+08:00,14.868556397616663,15.098009482339492,14.776775531350966,14.914446830749512,200550,0.0,0.0
2023-06-14 00:00:00+08:00,14.914447034725923,15.098009688826384,14.82266616720499,15.052119255065918,334950,0.0,0.0
2023-06-15 00:00:00+08:00,15.052119461307797,15.143900330086298,14.868556804692188,14.960338592529297,256200,0.0,0.0
2023-06-16 00:00:00+08:00,14.960338758476519,15.098010063171387,14.822666534723036,15.098010063171387,322350,0.0,0.0
2023-06-19 00:00:00+08:00,15.098009484463235,15.143899917602539,14.914446832847435,15.143899917602539,323400,0.0,0.0
2023-06-20 00:00:00+08:00,15.189790764475548,15.235681198864798,14.960338592529297,14.960338592529297,350700,0.0,0.0
2023-06-21 00:00:00+08:00,14.960338387544985,15.098009688826384,14.868556600965457,15.052119255065918,271950,0.0,0.0
2023-06-26 00:00:00+08:00,15.006229623805869,15.006229623805869,14.63910521503053,14.684995651245117,938700,0.0,0.0
2023-06-27 00:00:00+08:00,14.684995651245117,14.776776523674291,14.547323423542712,14.684995651245117,195300,0.0,0.0
2023-06-28 00:00:00+08:00,14.684995651245117,14.822666959888878,14.593213859757299,14.684995651245117,191100,0.0,0.0
2023-06-29 00:00:00+08:00,14.593212710644694,14.96033800957015,14.593212710644694,14.776775360107422,880950,0.0,0.0
2023-06-30 00:00:00+08:00,14.776775360107422,14.914446657910538,14.684994494905345,14.776775360107422,262500,0.0,0.0
2023-07-03 00:00:00+08:00,14.822665792708461,14.96033800957015,14.730884927506382,14.776775360107422,783300,0.0,0.0
2023-07-04 00:00:00+08:00,14.77677573548568,14.822666169252486,14.547322647593058,14.593213081359863,1263150,0.0,0.0
2023-07-05 00:00:00+08:00,14.593213296556677,14.639104650058806,13.996635810673666,14.042526245117188,798000,0.0,0.0
2023-07-06 00:00:00+08:00,13.950743675231934,14.088415889904578,13.813072379617847,13.950743675231934,302400,0.0,0.0
2023-07-07 00:00:00+08:00,13.95074387254374,13.95074387254374,13.537729060801462,13.629509925842285,287700,0.0,0.0
2023-07-10 00:00:00+08:00,13.583619900769634,13.72129212151899,13.491839032975795,13.67540168762207,238350,0.0,0.0
2023-07-11 00:00:00+08:00,13.721292298588303,13.767182733077425,13.354166984558105,13.354166984558105,253050,0.0,0.0
2023-07-12 00:00:00+08:00,13.400057419047227,13.400057419047227,12.941151236038786,13.354166984558105,404250,0.0,0.0
2023-07-13 00:00:00+08:00,13.354166607825269,13.537729259661901,13.07882308959961,13.07882308959961,287700,0.0,0.0
2023-07-14 00:00:00+08:00,13.078823845557112,13.537730042144235,12.206901888229849,12.94115161895752,709800,0.0,0.0
2023-07-17 00:00:00+08:00,12.757589681375633,13.858963801172884,12.665807892020114,13.721292495727539,710850,0.0,0.0
2023-07-18 00:00:00+08:00,14.914447034725923,15.052119255065918,14.82266616720499,15.052119255065918,1004850,0.0,0.0
2023-07-19 00:00:00+08:00,15.05211926052122,15.327462782242407,13.858963387023682,13.904853820800781,2001300,0.0,0.0
2023-07-20 00:00:00+08:00,14.042526607255198,14.36376057570266,13.904854381315639,14.317870140075684,456750,0.0,0.0
2023-07-21 00:00:00+08:00,14.271978408628387,14.960338601095735,14.042526236550747,14.501432418823242,1212750,0.0,0.0
2023-07-24 00:00:00+08:00,14.547322650855946,15.098009694298318,13.858963387023682,13.904853820800781,956550,0.0,0.0
2023-07-25 00:00:00+08:00,14.042526617561998,14.409651021905892,13.537729987177496,14.088417053222656,751800,0.0,0.0
2023-07-26 00:00:00+08:00,14.226087813443703,14.226087813443703,13.629510334666554,13.67540168762207,601650,0.0,0.0
2023-07-27 00:00:00+08:00,13.813072783371423,14.180197168131857,13.629510131461913,13.767182350158691,653100,0.0,0.0
2023-07-28 00:00:00+08:00,13.767182519469484,14.271978210076163,13.767182519469484,13.904853820800781,691950,0.0,0.0
2023-07-31 00:00:00+08:00,13.95074387254374,14.088416089163546,13.537729060801462,13.629509925842285,641550,0.0,0.0
2023-08-01 00:00:00+08:00,13.67540168762207,13.813072989312829,13.583619900769634,13.67540168762207,179550,0.0,0.0
2023-08-02 00:00:00+08:00,13.721292087919194,13.813072955488286,13.354166779525634,13.445947647094727,208950,0.0,0.0
2023-08-04 00:00:00+08:00,13.445947441081193,13.629510092465498,13.216494356615458,13.30827522277832,189000,0.0,0.0
2023-08-07 00:00:00+08:00,13.308276196664451,13.858964191116153,13.124714450905866,13.53773021697998,394800,0.0,0.0
2023-08-08 00:00:00+08:00,13.583619659384068,13.583619659384068,13.26238478969689,13.30827522277832,164850,0.0,0.0
2023-08-09 00:00:00+08:00,13.216494356615458,13.354166574918333,13.124713490452597,13.30827522277832,158550,0.0,0.0
2023-08-10 00:00:00+08:00,13.170603954121207,13.308275253685224,12.803479569558576,12.849370002746582,246750,0.0,0.0
2023-08-11 00:00:00+08:00,12.849370208052438,13.078823296717228,12.757589340209961,12.757589340209961,113400,0.0,0.0
2023-08-14 00:00:00+08:00,12.711698107820926,12.757588538859618,12.298681471297057,12.43635368347168,194250,0.0,0.0
2023-08-15 00:00:00+08:00,12.574026315334727,13.170603776867042,12.574026315334727,12.711698532104492,570150,0.0,0.0
2023-08-16 00:00:00+08:00,12.803479569558576,13.170603954121207,12.803479569558576,12.849370002746582,348600,0.0,0.0
2023-08-17 00:00:00+08:00,12.941150498686767,13.170603577117367,12.80347920306354,13.03293228149414,239400,0.0,0.0
2023-08-18 00:00:00+08:00,12.895261183110534,13.813073576284783,12.895261183110534,12.94115161895752,678300,0.0,0.0
2023-08-21 00:00:00+08:00,12.94115161895752,13.032933409710127,12.803480311416566,12.94115161895752,68250,0.0,0.0
2023-08-22 00:00:00+08:00,12.941151038452322,13.583619868666599,12.80347973708693,13.2164945602417,694050,0.0,0.0
2023-08-23 00:00:00+08:00,13.216494933263494,13.53772981696645,13.078823628012474,13.262385368347168,231000,0.0,0.0
2023-08-24 00:00:00+08:00,13.491839001089673,13.996635610879963,13.170604126453235,13.2164945602417,837900,0.0,0.0
2023-08-25 00:00:00+08:00,13.216494933263494,13.629510687133799,13.124714063096148,13.262385368347168,826350,0.0,0.0
2023-08-28 00:00:00+08:00,13.491839381882777,13.721292476359766,13.170604498179822,13.262385368347168,308700,0.0,0.0
2023-08-29 00:00:00+08:00,13.170604705810547,13.354167368097674,13.078823834196301,13.170604705810547,138600,0.0,0.0
2023-08-30 00:00:00+08:00,13.354166780665686,13.445947648242614,13.124713692664772,13.2164945602417,450450,0.0,0.0
2023-08-31 00:00:00+08:00,13.26238478969689,13.400057007999763,13.216494356615458,13.30827522277832,93450,0.0,0.0
2023-09-01 00:00:00+08:00,13.445946904923627,13.583619117736816,13.308274692110437,13.583619117736816,332850,0.0,0.0
2023-09-04 00:00:00+08:00,13.629510092465498,13.629510092465498,13.30827522277832,13.30827522277832,152250,0.0,0.0
2023-09-05 00:00:00+08:00,13.40005759265681,13.491839381882777,13.262385368347168,13.262385368347168,134400,0.0,0.0
2023-09-06 00:00:00+08:00,13.262384994030162,13.400057214454149,13.078823258876309,13.2164945602417,231000,0.0,0.0
2023-09-07 00:00:00+08:00,13.262385201221234,13.262385201221234,13.124713897705078,13.124713897705078,45150,0.0,0.0
2023-09-08 00:00:00+08:00,13.124713145242959,13.124713145242959,13.03293228149414,13.03293228149414,58800,0.0,0.0
2023-09-11 00:00:00+08:00,13.1247135209332,13.1247135209332,12.75758913637057,12.849370002746582,122850,0.0,0.0
2023-09-12 00:00:00+08:00,12.895260058329555,12.987040922017997,12.757588762796892,12.803479194641113,177450,0.0,0.0
2023-09-13 00:00:00+08:00,12.849370002746582,12.941150869122593,12.803479569558576,12.849370002746582,88200,0.0,0.0
2023-09-14 00:00:00+08:00,12.895260605803632,13.170604127617347,12.895260605803632,12.987041473388672,360150,0.0,0.0
2023-09-15 00:00:00+08:00,12.987042054804505,13.262385588945051,12.94115161895752,12.94115161895752,481950,0.0,0.0
2023-09-18 00:00:00+08:00,12.941151039596152,13.124713693824827,12.941151039596152,12.987041473388672,117600,0.0,0.0
2023-09-19 00:00:00+08:00,13.03293339838918,13.216495141617669,12.98704204352342,13.170604705810547,221550,0.0,0.0
2023-09-20 00:00:00+08:00,13.170603923534028,13.67540144460551,13.170603923534028,13.30827522277832,760200,0.0,0.0
2023-09-21 00:00:00+08:00,13.354166989290613,13.537729646370764,13.032933028694307,13.124713897705078,441000,0.0,0.0
2023-09-22 00:00:00+08:00,13.124713145242959,13.216494008991775,12.941150498686767,13.03293228149414,271950,0.0,0.0
2023-09-25 00:00:00+08:00,13.03293339838918,13.262385577424793,13.03293339838918,13.170604705810547,239400,0.0,0.0
2023-09-26 00:00:00+08:00,13.216494561409867,13.216494561409867,12.987041473388672,12.987041473388672,110250,0.0,0.0
2023-09-27 00:00:00+08:00,12.941150870957488,13.12471352279412,12.941150870957488,13.07882308959961,295050,0.0,0.0
2023-09-28 00:00:00+08:00,13.032933409710127,13.124714281404097,12.94115161895752,12.94115161895752,315000,0.0,0.0
2023-10-02 00:00:00+08:00,12.987041304152001,13.12471352279412,12.941150870957488,13.07882308959961,228900,0.0,0.0
2023-10-03 00:00:00+08:00,13.078823260032307,13.170604127617347,12.987041473388672,12.987041473388672,476700,0.0,0.0
2023-10-04 00:00:00+08:00,12.89526081085205,13.032933033477342,12.849370376329825,12.89526081085205,196350,0.0,0.0
2023-10-05 00:00:00+08:00,12.94115161895752,13.078823845557112,12.895261183110534,12.94115161895752,257250,0.0,0.0
2023-10-06 00:00:00+08:00,12.941151039596152,13.078823260032307,12.895260605803632,12.987041473388672,171150,0.0,0.0
2023-10-11 00:00:00+08:00,12.987041509816153,13.03293286279599,12.757589340209961,12.757589340209961,147000,0.0,0.0
2023-10-12 00:00:00+08:00,12.757589340209961,12.895260641973676,12.665807553308886,12.757589340209961,163800,0.0,0.0
2023-10-13 00:00:00+08:00,12.75758913637057,12.849370002746582,12.711698703182565,12.849370002746582,49350,0.0,0.0
2023-10-16 00:00:00+08:00,12.711699077597313,12.757589512136992,12.665807723999023,12.665807723999023,31500,0.0,0.0
2023-10-17 00:00:00+08:00,12.711698866361838,13.904853820800781,12.574026645971948,13.904853820800781,1117200,0.0,0.0
2023-10-18 00:00:00+08:00,14.042526035175095,15.281572341918945,13.90485381484418,15.281572341918945,5237400,0.0,0.0
2023-10-19 00:00:00+08:00,15.281571722945799,15.786369231006827,14.088415898287625,14.180196762084961,4469850,0.0,0.0
2023-10-20 00:00:00+08:00,14.363760335256112,15.556916236877441,14.363760335256112,15.556916236877441,4324950,0.0,0.0
2023-10-23 00:00:00+08:00,15.832260801993472,17.071306228637695,15.052119727352853,17.071306228637695,12145350,0.0,0.0
2023-10-24 00:00:00+08:00,18.035007424650157,18.126788286809536,15.878149811436405,16.428836822509766,10269000,0.0,0.0
2023-10-25 00:00:00+08:00,16.61239934130775,16.795962912522423,16.1993836037212,16.750072479248047,2394000,0.0,0.0
2023-10-26 00:00:00+08:00,16.52061763672509,18.218569096097276,16.199382781982422,16.199382781982422,6376650,0.0,0.0
2023-10-27 00:00:00+08:00,16.33705507246908,16.61239951307956,15.556915860620904,15.969931602478027,2262750,0.0,0.0
2023-10-30 00:00:00+08:00,15.924042450532623,16.93363575050946,15.786371138204146,16.474729537963867,2947350,0.0,0.0
2023-10-31 00:00:00+08:00,16.520618867218673,17.025415483345796,15.05211945320184,15.419244766235352,2291100,0.0,0.0
2023-11-01 00:00:00+08:00,15.41924456224986,15.740477598551939,15.098009687830592,15.281572341918945,853650,0.0,0.0
2023-11-02 00:00:00+08:00,15.465135169457987,15.878150916024353,15.189790725708008,15.189790725708008,805350,0.0,0.0
2023-11-03 00:00:00+08:00,15.419244178618758,15.511025043850127,15.00622844696045,15.00622844696045,577500,0.0,0.0
2023-11-06 00:00:00+08:00,15.006228820315712,15.55691586352218,14.822666166227357,15.281572341918945,820050,0.0,0.0
2023-11-07 00:00:00+08:00,15.419244945576645,15.465135380474935,15.052119628273097,15.098010063171387,395850,0.0,0.0
2023-11-08 00:00:00+08:00,15.235681374728648,15.281572728706225,14.86855697631836,14.86855697631836,320250,0.0,0.0
2023-11-09 00:00:00+08:00,15.052120274960545,15.052120274960545,14.088417424458235,14.134307861328125,1193850,0.0,0.0
2023-11-10 00:00:00+08:00,14.180197552988508,14.271978421904942,13.81307315826416,13.81307315826416,466200,0.0,0.0
2023-11-13 00:00:00+08:00,13.996635034490287,14.180196762084961,13.904853251634393,14.180196762084961,262500,0.0,0.0
2023-11-14 00:00:00+08:00,14.271979171937794,14.271979171937794,13.904854757920019,14.134307861328125,250950,0.0,0.0
2023-11-15 00:00:00+08:00,14.363760165990497,14.868556781605664,14.271978378295898,14.271978378295898,800100,0.0,0.0
2023-11-16 00:00:00+08:00,14.363760165990497,14.455541953685094,14.180197509659907,14.271978378295898,192150,0.0,0.0
2023-11-17 00:00:00+08:00,14.226087943977902,14.409650600308492,14.13430707534191,14.271978378295898,322350,0.0,0.0
2023-11-20 00:00:00+08:00,14.409651011329634,14.501432801642219,14.226088349763101,14.317870140075684,252000,0.0,0.0
2023-11-21 00:00:00+08:00,14.501432214875813,14.77677573655517,14.363759994506836,14.363759994506836,568050,0.0,0.0
2023-11-22 00:00:00+08:00,14.639104610015684,14.639104610015684,14.226087943977902,14.271978378295898,415800,0.0,0.0
2023-11-23 00:00:00+08:00,14.36375999346724,14.684994867952069,14.22608777310823,14.593213081359863,583800,0.0,0.0
2023-11-24 00:00:00+08:00,14.914447411237319,15.327463163625184,14.455542142989112,14.86855697631836,999600,0.0,0.0
2023-11-27 00:00:00+08:00,15.006229214297713,15.143900519184534,14.363760367650032,14.409650802612305,659400,0.0,0.0
2023-11-28 00:00:00+08:00,14.54732285323877,14.593213287654297,14.409650630933578,14.501432418823242,222600,0.0,0.0
2023-11-29 00:00:00+08:00,14.54732285323877,14.639104641128432,14.455541984407713,14.501432418823242,180600,0.0,0.0
2023-11-30 00:00:00+08:00,14.54732305398345,14.639104843139648,14.271978605573473,14.639104843139648,262500,0.0,0.0
2023-12-01 00:00:00+08:00,14.776775935913687,15.373353421091156,14.684995067135187,14.960338592529297,1156050,0.0,0.0
2023-12-04 00:00:00+08:00,15.052119628273097,15.419244945576645,15.052119628273097,15.098010063171387,601650,0.0,0.0
2023-12-05 00:00:00+08:00,15.143900123616595,15.143900123616595,14.776775734449304,14.82266616821289,261450,0.0,0.0
2023-12-06 00:00:00+08:00,14.960338592529297,15.098009895697047,14.868556804692188,14.960338592529297,212100,0.0,0.0
2023-12-07 00:00:00+08:00,15.098009482339492,15.23568078173804,14.776775531350966,14.914446830749512,332850,0.0,0.0
2023-12-08 00:00:00+08:00,15.052118874772228,15.052118874772228,14.730884927506382,14.776775360107422,303450,0.0,0.0
2023-12-11 00:00:00+08:00,15.006230011404565,16.245275497436523,15.006230011404565,16.245275497436523,2953650,0.0,0.0
2023-12-12 00:00:00+08:00,16.61239894087543,17.300757261515752,15.694586621276917,15.786369323730469,6170850,0.0,0.0
2023-12-13 00:00:00+08:00,15.74047685339505,16.566508298158876,15.694586421810072,15.87814998626709,1785000,0.0,0.0
2023-12-14 00:00:00+08:00,16.245274769768976,16.428838349263625,15.694587707519531,15.694587707519531,1139250,0.0,0.0
2023-12-15 00:00:00+08:00,15.878151331720089,16.015822638140758,15.419245138867264,15.46513557434082,710850,0.0,0.0
2023-12-18 00:00:00+08:00,15.602806087112748,15.924040957205044,15.143899917602539,15.143899917602539,880950,0.0,0.0
2023-12-19 00:00:00+08:00,15.28157277193994,15.28157277193994,14.40965082977846,14.639104843139648,680400,0.0,0.0
2023-12-20 00:00:00+08:00,14.776774983433201,14.914446277726944,14.684994120570705,14.730884552001953,307650,0.0,0.0
2023-12-21 00:00:00+08:00,14.730885298712478,16.199383774243525,14.730885298712478,15.281572341918945,2548350,0.0,0.0
2023-12-22 00:00:00+08:00,15.281572888270231,15.740478161310142,15.052119792220964,15.235681533813477,1201200,0.0,0.0
2023-12-25 00:00:00+08:00,15.235680610038875,15.373352826944501,14.960338014344764,15.00622844696045,394800,0.0,0.0
2023-12-26 00:00:00+08:00,15.09800985716375,15.28157251331087,15.006228988619494,15.189790725708008,334950,0.0,0.0
2023-12-27 00:00:00+08:00,15.281572888270231,15.419245113523244,15.14390066301722,15.235681533813477,382200,0.0,0.0
2023-12-28 00:00:00+08:00,15.419244399939645,16.750072479248047,15.419244399939645,16.750072479248047,4798500,0.0,0.0
2023-12-29 00:00:00+08:00,17.254867573608216,18.40213394165039,16.84185366627961,18.40213394165039,20340600,0.0,0.0
2024-01-02 00:00:00+08:00,19.365836712449976,20.23775863647461,18.677478362919437,20.23775863647461,17332350,0.0,0.0
2024-01-03 00:00:00+08:00,21.568588168583055,22.256946563720703,20.788447061058708,22.256946563720703,16239300,0.0,0.0
2024-01-04 00:00:00+08:00,23.31242941650722,24.45969581604004,22.578180611874092,24.45969581604004,47307750,0.0,0.0
2024-01-05 00:00:00+08:00,26.157646515519527,26.891895294189453,24.551475818708845,26.891895294189453,68613300,0.0,0.0
2024-01-08 00:00:00+08:00,28.085051729682213,28.13094216288301,26.15764618278016,26.616552352905273,6393450,0.0,0.0
2024-01-09 00:00:00+08:00,27.259020255833573,27.259020255833573,25.331614708931514,26.616552352905273,3727500,0.0,0.0
2024-01-10 00:00:00+08:00,26.43299132365041,27.16724011252328,25.974083303193694,26.937786102294922,4285050,0.0,0.0
2024-01-11 00:00:00+08:00,25.790521661490494,26.01997567257282,24.505585816651465,25.56106948852539,4909800,0.0,0.0
2024-01-12 00:00:00+08:00,26.11175654175886,26.570662725806294,25.46928861933935,25.56106948852539,2285850,0.0,0.0
2024-01-15 00:00:00+08:00,26.157646891137563,28.085052490234375,25.88230244635921,28.085052490234375,3792945,0.0,0.0
2024-01-16 00:00:00+08:00,28.176833450913687,28.176833450913687,25.285725042850043,25.56106948852539,3368400,0.0,0.0
2024-01-17 00:00:00+08:00,25.515178305561488,26.203536642384183,24.872708563868656,25.469287872314453,2006550,0.0,0.0
2024-01-18 00:00:00+08:00,25.56106948852539,25.974083399862575,24.82681885880261,25.56106948852539,1367100,0.0,0.0
2024-01-19 00:00:00+08:00,25.79052087552595,26.15764617919922,25.285724272269142,26.15764617919922,1345050,0.0,0.0
2024-01-22 00:00:00+08:00,26.61655199682711,27.71792605514626,26.4788806990665,27.488473892211914,2798250,0.0,0.0
2024-01-23 00:00:00+08:00,27.534365711655834,30.196020126342773,27.534365711655834,30.196020126342773,5941950,0.0,0.0
2024-01-24 00:00:00+08:00,30.838489778059163,33.17890930175781,30.838489778059163,33.17890930175781,13359150,0.0,0.0
2024-01-25 00:00:00+08:00,35.06042655076706,36.253581600515204,32.949459075927734,32.949459075927734,37753800,0.0,0.0
2024-01-26 00:00:00+08:00,32.169314921695566,32.49055162965848,29.737112776593307,31.4350643157959,13759200,0.0,0.0
2024-01-29 00:00:00+08:00,31.25150027152167,34.555625915527344,31.25150027152167,34.555625915527344,14224350,0.0,0.0
2024-01-30 00:00:00+08:00,36.25358112683367,37.9974250793457,36.20769068999044,37.9974250793457,30261000,0.0,0.0
2024-01-31 00:00:00+08:00,38.594001329906675,41.43921921401166,37.99742202270096,39.007015228271484,51297750,0.0,0.0
2024-02-01 00:00:00+08:00,39.007012547895805,41.66866851649791,37.67618640171179,39.144683837890625,26198550,0.0,0.0
2024-02-02 00:00:00+08:00,39.87893720179563,40.8885304090727,37.354956021720135,38.54811096191406,15502200,0.0,0.0
2024-02-05 00:00:00+08:00,38.54811502270196,38.73167677495583,35.33576965332031,35.33576965332031,8857800,0.0,0.0
2024-02-15 00:00:00+08:00,35.33576470923445,38.82345221900897,35.01453168773624,35.19809341430664,6133050,0.0,0.0
2024-02-16 00:00:00+08:00,35.65700262696269,37.99742207328066,34.96864245253738,36.712486267089844,10134600,0.0,0.0
2024-02-19 00:00:00+08:00,36.987830100416765,37.400847689345476,35.335767097170844,35.47344207763672,4239900,0.0,0.0
2024-02-20 00:00:00+08:00,35.70289495241122,36.16179930886024,34.0967223523706,35.10631561279297,3911250,0.0,0.0
2024-02-21 00:00:00+08:00,35.10631380513764,35.65700268075553,34.4179573059082,34.4179573059082,2296350,0.0,0.0
2024-02-22 00:00:00+08:00,34.92275433582472,35.152206517108425,34.05083237071206,34.693302154541016,2413950,0.0,0.0
2024-02-23 00:00:00+08:00,35.014533175934346,38.135093688964844,34.739190574376046,38.135093688964844,9398550,0.0,0.0
2024-02-26 00:00:00+08:00,40.016609888049814,41.94401550292969,40.016609888049814,41.94401550292969,11284350,0.0,0.0
2024-02-27 00:00:00+08:00,42.953608528400395,43.59607828886261,37.76797103881836,37.76797103881836,19029150,0.0,0.0
2024-02-29 00:00:00+08:00,36.94193954000536,39.64948620938284,36.89604910541766,37.76797103881836,8023050,0.0,0.0
2024-03-01 00:00:00+08:00,37.85974967873649,39.28236041965786,37.07960866044745,38.410438537597656,4677750,0.0,0.0
2024-03-04 00:00:00+08:00,38.63989299379469,38.777564297634655,36.85015869140625,36.85015869140625,3000900,0.0,0.0
2024-03-05 00:00:00+08:00,36.89604610425682,37.630296674169756,35.56521993322987,36.4830322265625,3185700,0.0,0.0
2024-03-06 00:00:00+08:00,36.29947094863899,38.08920530767,36.07001876831055,36.07001876831055,3396750,0.0,0.0
2024-03-07 00:00:00+08:00,36.07001365820601,36.07001365820601,32.949453419130904,34.096717834472656,4017300,0.0,0.0
2024-03-08 00:00:00+08:00,34.32617275144005,34.555628594006194,32.123424602186034,32.582332611083984,2787750,0.0,0.0
2024-03-11 00:00:00+08:00,32.58233367392335,32.7658954129766,31.61863086765933,32.2610969543457,1714650,0.0,0.0
2024-03-12 00:00:00+08:00,32.12342497122592,33.82137837405637,32.12342497122592,32.62822341918945,1709400,0.0,0.0
2024-03-13 00:00:00+08:00,32.62822335425848,33.408360727196495,31.022050822211476,31.251502990722656,1791300,0.0,0.0
2024-03-14 00:00:00+08:00,31.29739311204328,31.34328354528748,30.012457304971342,30.28780174255371,1439550,0.0,0.0
2024-03-15 00:00:00+08:00,30.196020943610552,30.654927143131165,29.461772127247947,29.599443435668945,1150800,0.0,0.0
2024-03-18 00:00:00+08:00,29.599443435668945,29.599443435668945,29.599443435668945,29.599443435668945,0,0.0,0.0
2024-03-19 00:00:00+08:00,29.737113578873416,30.51725463892466,29.69122314453125,29.69122314453125,1019550,0.0,0.0
2024-03-20 00:00:00+08:00,29.69122314453125,29.69122314453125,29.69122314453125,29.69122314453125,0,0.0,0.0
2024-03-21 00:00:00+08:00,29.324100066044092,29.55355224085546,28.81930160522461,28.81930160522461,779100,0.0,0.0
2024-03-22 00:00:00+08:00,28.819302043811785,28.819302043811785,27.763818347382124,28.176834106445312,1099350,0.0,0.0
2024-03-25 00:00:00+08:00,28.176834106445312,28.176834106445312,28.176834106445312,28.176834106445312,0,0.0,0.0
2024-03-26 00:00:00+08:00,29.32409809094456,29.32409809094456,27.901487350463867,27.901487350463867,1030050,0.0,0.0
2024-03-27 00:00:00+08:00,27.99327048878462,28.13094178654523,27.442583459625045,27.488473892211914,727650,0.0,0.0
2024-03-28 00:00:00+08:00,27.488474643563656,27.94738082009293,27.02956846703438,27.121349334716797,673050,0.0,0.0
2024-03-29 00:00:00+08:00,26.891895360040557,27.53436511083182,26.891895360040557,27.35080337524414,391650,0.0,0.0
2024-04-01 00:00:00+08:00,26.98367839599606,28.176833368144145,26.937786123420622,27.62614631652832,1017450,0.0,0.0
2024-04-02 00:00:00+08:00,27.76381567986085,27.855596542363948,27.167238235473633,27.167238235473633,586950,0.0,0.0
2024-04-03 00:00:00+08:00,27.167239808487732,27.167239808487732,26.341208321897522,26.43299102783203,610050,0.0,0.0
2024-04-08 00:00:00+08:00,26.432991659830996,29.048755645751953,26.432991659830996,29.048755645751953,1507800,0.0,0.0
2024-04-09 00:00:00+08:00,31.205612588739573,31.939863204956055,30.654925545635805,31.939863204956055,3132150,0.0,0.0
2024-04-10 00:00:00+08:00,33.77548874032271,34.417958504885476,31.435065532709068,31.80219268798828,10311000,0.0,0.0
2024-04-11 00:00:00+08:00,31.66452025423122,31.66452025423122,30.15012860470394,30.28780174255371,1714650,0.0,0.0
2024-04-12 00:00:00+08:00,30.42547448377224,32.76589588069584,30.058349162307955,31.84808349609375,2412900,0.0,0.0
2024-04-15 00:00:00+08:00,31.939862776195913,31.939862776195913,29.828893661499023,29.828893661499023,1050000,0.0,0.0
2024-04-16 00:00:00+08:00,29.874785577314835,30.104237740249182,27.488473892211914,27.488473892211914,914550,0.0,0.0
2024-04-17 00:00:00+08:00,27.16724156154427,28.26861572265625,27.16724156154427,28.26861572265625,579600,0.0,0.0
2024-04-18 00:00:00+08:00,28.727520068386116,29.232316679369426,27.35080337524414,27.35080337524414,1159200,0.0,0.0
2024-04-19 00:00:00+08:00,27.16723938943198,27.259020255833573,25.744630445855837,26.616552352905273,868350,0.0,0.0
2024-04-22 00:00:00+08:00,26.983678475260703,26.983678475260703,25.56106948852539,25.56106948852539,569100,0.0,0.0
2024-04-23 00:00:00+08:00,25.698739973021766,26.387100146206418,25.561068673631702,25.928192138671875,405300,0.0,0.0
2024-04-24 00:00:00+08:00,26.20353621732719,27.121348543614065,26.11175535232193,26.800113677978516,424200,0.0,0.0
2024-04-25 00:00:00+08:00,26.478882603661376,26.662444347212233,25.974084132661964,26.111757278442383,295050,0.0,0.0
2024-04-26 00:00:00+08:00,26.295317821442172,26.89189529886212,25.928192512984822,25.974082946777344,332850,0.0,0.0
2024-04-29 00:00:00+08:00,25.974083307196327,28.54395866394043,25.974083307196327,28.54395866394043,1449000,0.0,0.0
2024-04-30 00:00:00+08:00,29.369990745535937,31.389175415039062,28.635740103791843,31.389175415039062,5122950,0.0,0.0
2024-05-02 00:00:00+08:00,33.637816184941244,34.0049396503354,31.526848906456177,33.041236877441406,17532900,0.0,0.0
2024-05-03 00:00:00+08:00,33.31658216363795,34.280285014259455,31.29739558864381,32.44466018676758,7591500,0.0,0.0
2024-05-06 00:00:00+08:00,32.58233252531963,32.903565557338595,30.746706008911133,30.746706008911133,2247000,0.0,0.0
2024-05-07 00:00:00+08:00,30.51725505081996,30.74670722562773,29.55355224039283,29.966567993164062,1521450,0.0,0.0
2024-05-08 00:00:00+08:00,30.241911248315475,32.94945599484836,30.104238110743374,31.205612182617188,3745350,0.0,0.0
2024-05-09 00:00:00+08:00,30.609034700991792,30.8384887047732,29.50766062956908,29.828893661499023,1307250,0.0,0.0
2024-05-10 00:00:00+08:00,29.8747871800308,29.8747871800308,28.727520789459344,29.278209686279297,806400,0.0,0.0
2024-05-13 00:00:00+08:00,29.324097809710164,29.461769104003906,28.498066367713513,29.461769104003906,633150,0.0,0.0
2024-05-14 00:00:00+08:00,29.14053728330001,29.920678375182565,29.14053728330001,29.369991302490234,467250,0.0,0.0
2024-05-15 00:00:00+08:00,29.278208463904836,30.97616000417175,29.23231619265482,29.828893661499023,1306200,0.0,0.0
2024-05-16 00:00:00+08:00,30.28780246721383,30.37958333589816,29.59944227584692,29.69122314453125,701400,0.0,0.0
2024-05-17 00:00:00+08:00,29.737112076007225,30.654924392700195,29.461769483869606,30.654924392700195,854700,0.0,0.0
2024-05-20 00:00:00+08:00,30.838489160700785,31.29739349881389,30.196019411108058,30.33369255065918,961800,0.0,0.0
2024-05-21 00:00:00+08:00,30.471364573849744,31.159722935441312,30.012458386749618,30.196020126342773,695100,0.0,0.0
2024-05-22 00:00:00+08:00,30.28780283425659,31.572740525760388,30.196020126342773,30.196020126342773,928200,0.0,0.0
2024-05-23 00:00:00+08:00,30.2878033374219,30.333693773082558,28.176834106445312,28.176834106445312,796950,0.0,0.0
2024-05-24 00:00:00+08:00,28.26861500175658,28.911084777785547,28.22272456605698,28.406288146972656,413700,0.0,0.0
2024-05-27 00:00:00+08:00,28.452178582672257,29.36999097289884,27.534366192445674,28.406288146972656,1142400,0.0,0.0
2024-05-28 00:00:00+08:00,28.498066367713513,30.792595291744284,28.498066367713513,29.461769104003906,1365000,0.0,0.0
2024-05-29 00:00:00+08:00,30.746704535539166,32.398765563964844,30.01245580227789,32.398765563964844,2733150,0.0,0.0
2024-05-30 00:00:00+08:00,32.53644337971456,32.53644337971456,29.737113980239048,29.966567993164062,4266150,0.0,0.0
2024-05-31 00:00:00+08:00,30.56314582677593,32.35287832459641,30.28780321393459,30.93027114868164,2997750,0.0,0.0
2024-06-03 00:00:00+08:00,31.251501889913797,33.77548668333458,30.74670529885307,30.88437843322754,3336900,0.0,0.0
2024-06-04 00:00:00+08:00,30.9302695710389,31.113831303570297,29.783003228366177,29.828893661499023,1356600,0.0,0.0
2024-06-05 00:00:00+08:00,29.920676813375312,30.379582989684366,29.369989769427885,29.41588020324707,565950,0.0,0.0
2024-06-06 00:00:00+08:00,29.874785995483396,29.874785995483396,28.86519095008916,28.911083221435547,538650,0.0,0.0
2024-06-07 00:00:00+08:00,28.956973248750998,29.553550710485244,28.911082816165067,29.09464454650879,491400,0.0,0.0
2024-06-11 00:00:00+08:00,29.232318573158558,29.599443906234992,28.17683484891647,28.26861572265625,673050,0.0,0.0
2024-06-12 00:00:00+08:00,28.452177756549087,29.09464567580641,28.130942877861816,28.77341079711914,535500,0.0,0.0
2024-06-13 00:00:00+08:00,29.18642658406785,29.18642658406785,28.54395866394043,28.54395866394043,309750,0.0,0.0
2024-06-14 00:00:00+08:00,28.543959408897415,29.048756038911414,28.543959408897415,28.635740280151367,260400,0.0,0.0
2024-06-17 00:00:00+08:00,28.63573911940087,30.70081599137588,28.63573911940087,29.186426162719727,1180200,0.0,0.0
2024-06-18 00:00:00+08:00,29.87478634545619,29.87478634545619,29.186426162719727,29.186426162719727,318150,0.0,0.0
2024-06-19 00:00:00+08:00,29.369990159902265,29.599442332048763,28.54395866394043,28.54395866394043,507150,0.0,0.0
2024-06-20 00:00:00+08:00,28.68162996722833,29.048755280779947,28.54395866394043,28.54395866394043,370650,0.0,0.0
2024-06-21 00:00:00+08:00,28.68162842863238,29.002863290522388,28.314504972891932,28.589847564697266,332850,0.0,0.0
2024-06-24 00:00:00+08:00,28.543957116582693,28.58984754852429,27.993270095166423,28.13094139099121,366450,0.0,0.0
2024-06-25 00:00:00+08:00,28.222722211680516,28.314504913540357,27.442583031750242,27.901487350463867,324450,0.0,0.0
2024-06-26 00:00:00+08:00,27.901487350463867,28.314504913540357,27.855596918592504,27.901487350463867,233100,0.0,0.0
2024-06-27 00:00:00+08:00,27.90148778549374,28.1768322191321,27.488473892211914,27.488473892211914,726600,0.0,0.0
2024-06-28 00:00:00+08:00,27.5343658194002,27.993272008296067,27.442584949244477,27.67203712463379,262500,0.0,0.0
2024-07-01 00:00:00+08:00,27.717926807187947,28.222723417456773,27.717926807187947,28.039161682128906,244650,0.0,0.0
2024-07-02 00:00:00+08:00,28.039161303774595,28.22272303662552,27.534364700317383,27.534364700317383,248850,0.0,0.0
2024-07-03 00:00:00+08:00,27.717927146525685,28.085052459793157,27.672036712131902,27.85559844970703,220500,0.0,0.0
2024-07-04 00:00:00+08:00,28.176832188883818,28.314505324613776,27.717926025390625,27.717926025390625,353850,0.0,0.0
2024-07-05 00:00:00+08:00,27.809707306360586,28.589848347401183,27.809707306360586,28.452177047729492,577500,0.0,0.0
2024-07-08 00:00:00+08:00,28.49806828815362,28.543958722677353,27.075459303566262,27.39669418334961,956550,0.0,0.0
2024-07-09 00:00:00+08:00,27.442584209722447,27.717926812769697,26.616552724346317,27.121349334716797,408450,0.0,0.0
2024-07-10 00:00:00+08:00,27.167240845676307,29.094646495893,27.167240845676307,28.176834106445312,884100,0.0,0.0
2024-07-11 00:00:00+08:00,29.140536149638546,29.783004069765965,28.54395866394043,28.54395866394043,1512000,0.0,0.0
2024-07-12 00:00:00+08:00,28.17683335912142,28.819301279447956,28.039162055790854,28.085052490234375,250950,0.0,0.0
2024-07-15 00:00:00+08:00,28.819299664125342,28.819299664125342,27.855596918592504,27.901487350463867,305550,0.0,0.0
2024-07-16 00:00:00+08:00,27.99327083740514,28.03916127056352,27.626145534020967,27.763816833496094,157500,0.0,0.0
2024-07-17 00:00:00+08:00,27.901490389579816,28.68163149260257,27.809709515840037,28.26861572265625,339150,0.0,0.0
2024-07-18 00:00:00+08:00,27.993271630311277,28.314506509636015,27.534365447611883,27.62614631652832,232050,0.0,0.0
2024-07-19 00:00:00+08:00,27.717927163707234,27.85559846697392,26.891895667872692,26.937786102294922,333900,0.0,0.0
2024-07-22 00:00:00+08:00,26.9377853816231,27.488474256191584,25.882301741914976,26.15764617919922,383250,0.0,0.0
2024-07-23 00:00:00+08:00,26.203537759501568,26.891896125670574,26.203537759501568,26.52477264404297,141750,0.0,0.0
2024-07-26 00:00:00+08:00,25.7905216217041,26.065866066954683,25.69874075265965,25.7905216217041,214200,0.0,0.0
2024-07-29 00:00:00+08:00,26.524771069112155,26.524771069112155,24.597365552539586,24.735036849975586,329700,0.0,0.0
2024-07-30 00:00:00+08:00,24.505584364907044,26.341207154234734,24.413801663041113,26.06586456298828,288750,0.0,0.0
2024-07-31 00:00:00+08:00,25.79052124745494,26.065865688709966,24.918599327950748,25.744630813598633,141750,0.0,0.0
2024-08-01 00:00:00+08:00,26.019975662231445,26.15764696595579,25.882302520389878,26.019975662231445,90300,0.0,0.0
2024-08-02 00:00:00+08:00,25.239834206030874,25.974082985935322,25.102162904445766,25.285724639892578,147000,0.0,0.0
2024-08-05 00:00:00+08:00,25.285724696848497,25.285724696848497,22.761741638183594,22.761741638183594,223650,0.0,0.0
2024-08-06 00:00:00+08:00,22.761742922228457,22.761742922228457,20.51310234050274,20.83433723449707,643650,0.0,0.0
2024-08-07 00:00:00+08:00,21.56858593954689,22.899412155151367,21.52269366903768,22.899412155151367,255150,0.0,0.0
2024-08-08 00:00:00+08:00,22.532289103908372,24.09256934783554,22.440506399345576,23.633663177490234,639450,0.0,0.0
2024-08-09 00:00:00+08:00,24.09257081722975,24.55147701556352,24.000788107069173,24.04667854309082,254100,0.0,0.0
2024-08-12 00:00:00+08:00,24.322021484375,24.872708520496317,24.13845975170695,24.322021484375,124950,0.0,0.0
2024-08-13 00:00:00+08:00,24.322022628495716,25.239835011244676,24.138460887192824,24.68914794921875,138600,0.0,0.0
2024-08-14 00:00:00+08:00,25.28572467635324,25.744630853749186,24.826818498957298,25.056272506713867,208950,0.0,0.0
2024-08-15 00:00:00+08:00,25.19394343471507,25.974082638031838,25.056272134973966,25.469287872314453,192150,0.0,0.0
2024-08-16 00:00:00+08:00,27.1282322473238,29.200192807662596,26.839122155413136,27.754638671875,731000,0.0,0.0
2024-08-19 00:00:00+08:00,26.387102049247968,27.39669532715478,26.387102049247968,27.07546043395996,339150,0.0,0.0
2024-08-20 00:00:00+08:00,27.07545924367882,27.534365426018322,26.70833393018378,26.937786102294922,128100,0.0,0.0
2024-08-21 00:00:00+08:00,26.891896850084077,27.53436663647372,26.341209774691023,27.07546043395996,136500,0.0,0.0
2024-08-22 00:00:00+08:00,27.25902059815919,27.993271214827146,27.25902059815919,27.809707641601562,410550,0.0,0.0
2024-08-23 00:00:00+08:00,27.753667645010864,27.753667645010864,26.478764898126776,26.969112396240234,369000,0.5,1.05
2024-08-26 00:00:00+08:00,26.87104263892669,27.65559976162355,26.87104263892669,27.018146514892578,165000,0.0,0.0
2024-08-27 00:00:00+08:00,27.606563889283407,27.606563889283407,26.92007851126683,27.018146514892578,86000,0.0,0.0
2024-08-28 00:00:00+08:00,26.772973821612013,27.606564979026984,26.772973821612013,27.41042709350586,148000,0.0,0.0
2024-08-29 00:00:00+08:00,27.067182657243883,27.263320536979236,26.920078779810545,27.1162166595459,54000,0.0,0.0
2024-08-30 00:00:00+08:00,27.11621745943316,27.459461097254305,26.8220096958878,27.41042709350586,169000,0.0,0.0
2024-09-02 00:00:00+08:00,27.802703114975856,27.802703114975856,26.82200813293457,26.82200813293457,124000,0.0,0.0
2024-09-03 00:00:00+08:00,27.116217177006085,29.469884872436523,27.116217177006085,29.469884872436523,1198000,0.0,0.0
2024-09-04 00:00:00+08:00,29.42085018129141,29.42085018129141,26.772972916764274,27.067182540893555,1706000,0.0,0.0
2024-09-05 00:00:00+08:00,27.116216199877144,29.764093430900093,26.135521206243055,26.233591079711914,3330000,0.0,0.0
2024-09-06 00:00:00+08:00,26.184556688415082,26.42973043317355,25.69420919889815,26.08648681640625,563000,0.0,0.0
2024-09-09 00:00:00+08:00,25.498069948169935,26.331661070580942,25.105792323072773,26.282625198364258,184000,0.0,0.0
2024-09-10 00:00:00+08:00,26.282625800023173,26.723939307439515,25.5471045346808,25.792278289794922,215000,0.0,0.0
2024-09-11 00:00:00+08:00,25.792278442167003,26.23359195219048,25.792278442167003,25.8413143157959,34000,0.0,0.0
2024-09-12 00:00:00+08:00,26.674905122458327,26.772973127412403,26.18455761557878,26.429731369018555,121000,0.0,0.0
2024-09-13 00:00:00+08:00,26.478764362230805,26.92007784981221,26.478764362230805,26.772972106933594,83000,0.0,0.0
2024-09-16 00:00:00+08:00,26.82200797806887,27.214285594514998,26.67490410571748,26.772972106933594,79000,0.0,0.0
2024-09-18 00:00:00+08:00,26.772973560248502,27.949808343996107,26.772973560248502,27.31235694885254,353000,0.0,0.0
2024-09-19 00:00:00+08:00,27.65560036240449,28.93050314250745,27.65560036240449,27.94980812072754,778000,0.0,0.0
2024-09-20 00:00:00+08:00,28.440155631617497,28.538225507900947,27.94980812072754,27.94980812072754,289000,0.0,0.0
2024-09-23 00:00:00+08:00,27.949807580194577,28.4401550816015,27.655599827561332,27.7536678314209,130000,0.0,0.0
2024-09-24 00:00:00+08:00,27.655600699946124,27.655600699946124,27.165253183071385,27.361391067504883,106000,0.0,0.0
2024-09-25 00:00:00+08:00,27.263321455288988,27.80270485141565,27.263321455288988,27.459461212158203,78000,0.0,0.0
2024-09-26 00:00:00+08:00,27.70463364341042,28.19498114152388,26.969112396240234,26.969112396240234,146000,0.0,0.0
2024-09-27 00:00:00+08:00,27.263321029592813,27.36139090649613,26.33166187532958,26.57683563232422,214000,0.0,0.0
2024-09-30 00:00:00+08:00,26.96911278211256,27.21428653467722,26.38069540185192,27.1162166595459,190000,0.0,0.0
2024-10-01 00:00:00+08:00,27.165251593906937,27.165251593906937,26.478764362230805,26.772972106933594,108000,0.0,0.0
2024-10-04 00:00:00+08:00,26.772973244878543,26.772973244878543,26.184557730463254,26.4787654876709,95000,0.0,0.0
2024-10-07 00:00:00+08:00,26.47876537149559,26.87104300289377,26.380695496014223,26.429731369018555,73000,0.0,0.0
2024-10-08 00:00:00+08:00,26.429731600510213,26.527799606323242,25.93938408933583,26.527799606323242,142000,0.0,0.0
2024-10-09 00:00:00+08:00,26.52779894786589,26.772972697367525,26.037451448862623,26.282625198364258,93000,0.0,0.0
2024-10-11 00:00:00+08:00,25.743243629125896,26.33166100046851,25.498069880277075,25.547103881835938,179000,0.0,0.0
2024-10-14 00:00:00+08:00,25.54710364674653,25.59613951838141,25.203861897938566,25.44903564453125,89000,0.0,0.0
2024-10-15 00:00:00+08:00,25.498069490676784,25.890347108735597,25.399999618530273,25.399999618530273,78000,0.0,0.0
2024-10-16 00:00:00+08:00,25.105793380780224,25.596140900441842,25.056757506497657,25.252897262573242,87000,0.0,0.0
2024-10-17 00:00:00+08:00,25.35096549987793,25.841312987803896,25.301929628769,25.35096549987793,60000,0.0,0.0
2024-10-18 00:00:00+08:00,25.44903663192018,26.282625906255664,25.105792999267578,25.105792999267578,302000,0.0,0.0
2024-10-21 00:00:00+08:00,24.909653094604092,25.547104482493168,24.909653094604092,25.0567569732666,138000,0.0,0.0
2024-10-22 00:00:00+08:00,25.399999582871654,27.018145924172085,25.301929710862822,26.08648681640625,822000,0.0,0.0
2024-10-23 00:00:00+08:00,26.08648818878458,26.23359206927317,25.547104799623312,25.890348434448242,100000,0.0,0.0
2024-10-24 00:00:00+08:00,26.18455755829709,26.18455755829709,25.596140177223404,25.694210052490234,76000,0.0,0.0
2024-10-25 00:00:00+08:00,25.547104151807915,25.7432439011706,25.498070149730882,25.645174026489258,46000,0.0,0.0
2024-10-28 00:00:00+08:00,25.645175020652868,26.037452664058044,25.105793494786674,25.301931381225586,64000,0.0,0.0
2024-10-29 00:00:00+08:00,25.350966209661213,25.350966209661213,24.762548833569937,24.909652709960938,83000,0.0,0.0
2024-10-30 00:00:00+08:00,24.909651926882677,24.958687797823,24.517374311996182,24.61544418334961,139000,0.0,0.0
2024-11-01 00:00:00+08:00,23.928958661222282,24.66447994304588,23.928958661222282,24.566410064697266,37000,0.0,0.0
2024-11-04 00:00:00+08:00,24.566408700847106,25.498069687645035,24.22316695147368,24.762548446655273,144000,0.0,0.0
2024-11-05 00:00:00+08:00,24.61544418334961,24.81158205552925,24.419304440642755,24.61544418334961,27000,0.0,0.0
2024-11-06 00:00:00+08:00,24.321236304089396,24.81158382530513,24.321236304089396,24.566410064697266,60000,0.0,0.0
2024-11-07 00:00:00+08:00,24.419304826754605,24.811582447843694,24.419304826754605,24.762548446655273,74000,0.0,0.0
2024-11-08 00:00:00+08:00,24.811582369838572,24.811582369838572,24.027027130126953,24.027027130126953,131000,0.0,0.0
2024-11-11 00:00:00+08:00,23.830888517593856,24.027028272107707,23.634750633607332,23.732820510864258,129000,0.0,0.0
2024-11-12 00:00:00+08:00,23.73282030919632,23.73282030919632,22.457915656744355,22.94826316833496,195000,0.0,0.0
2024-11-13 00:00:00+08:00,22.654054334847544,23.34053969619006,22.654054334847544,23.24247169494629,100000,0.0,0.0
2024-11-14 00:00:00+08:00,23.92895738043497,23.92895738043497,22.555984768624164,22.654054641723633,86000,0.0,0.0
2024-11-15 00:00:00+08:00,22.60501987457857,22.752125626680197,22.065638351963724,22.359846115112305,178000,0.0,0.0
2024-11-18 00:00:00+08:00,22.506951751233178,22.654055632049428,22.26177799303032,22.31081199645996,67000,0.0,0.0
2024-11-19 00:00:00+08:00,22.359844753232725,22.654054368989105,22.359844753232725,22.555984497070312,65000,0.0,0.0
2024-11-20 00:00:00+08:00,22.555985754662817,22.555985754662817,22.31081199645996,22.31081199645996,25437,0.0,0.0
2024-11-21 00:00:00+08:00,22.310810752536938,22.70308836968489,22.163706879922362,22.555984497070312,31000,0.0,0.0
2024-11-22 00:00:00+08:00,22.555985908135284,23.83088871125373,22.555985908135284,23.095367431640625,98000,0.0,0.0
2024-11-25 00:00:00+08:00,22.997297950782414,23.781853183895926,22.997297950782414,23.24247169494629,123000,0.0,0.0
2024-11-26 00:00:00+08:00,23.340541191511658,23.38957706580227,23.095367431640625,23.095367431640625,35000,0.0,0.0
2024-11-27 00:00:00+08:00,23.04633198613706,23.04633198613706,22.555984497070312,22.555984497070312,33000,0.0,0.0
2024-11-28 00:00:00+08:00,22.85019256242782,22.85019256242782,21.771429567789426,21.967567443847656,144000,0.0,0.0
2024-11-29 00:00:00+08:00,21.967567443847656,22.16370719043314,21.82046356917217,21.967567443847656,81000,0.0,0.0
2024-12-02 00:00:00+08:00,22.899228311821258,22.899228311821258,21.918533325195312,21.918533325195312,76000,0.0,0.0
2024-12-03 00:00:00+08:00,22.06563747157456,22.212741347279604,21.967567597595444,22.016603469848633,31000,0.0,0.0
2024-12-04 00:00:00+08:00,22.065637972760367,22.359845730852914,21.86949822034713,22.21274185180664,72000,0.0,0.0
2024-12-05 00:00:00+08:00,22.212742119073354,22.801159512865674,22.065638238257105,22.31081199645996,97000,0.0,0.0
2024-12-06 00:00:00+08:00,22.359845459430087,22.408881332201812,22.06563770490888,22.11467170715332,59000,0.0,0.0
2024-12-09 00:00:00+08:00,22.163707733154297,22.752125116792026,22.163707733154297,22.163707733154297,52000,0.0,0.0
2024-12-10 00:00:00+08:00,22.114672241686744,22.506951751233178,22.114672241686744,22.31081199645996,26000,0.0,0.0
2024-12-11 00:00:00+08:00,22.114671473300486,22.114671473300486,21.918533595869516,22.016603469848633,22000,0.0,0.0
2024-12-12 00:00:00+08:00,21.820463298420016,21.918533170495888,21.820463298420016,21.869497299194336,38000,0.0,0.0
2024-12-13 00:00:00+08:00,21.624323748621272,21.673359620363545,21.232046127319336,21.232046127319336,72000,0.0,0.0
2024-12-16 00:00:00+08:00,21.035908174815162,21.035908174815162,20.496524810791016,20.496524810791016,69000,0.0,0.0
2024-12-17 00:00:00+08:00,20.496525683440268,20.496525683440268,20.104248046875,20.104248046875,55000,0.0,0.0
2024-12-18 00:00:00+08:00,20.349421803544207,20.349421803544207,20.006178170101855,20.104248046875,53000,0.0,0.0
2024-12-19 00:00:00+08:00,19.85907375576503,20.104247505836206,19.85907375576503,19.90810775756836,17000,0.0,0.0
2024-12-20 00:00:00+08:00,19.908108245512498,19.908108245512498,19.123552974266342,19.36872673034668,61000,0.0,0.0
2024-12-23 00:00:00+08:00,19.368727111216927,19.613900872118407,19.368727111216927,19.515830993652344,46000,0.0,0.0
2024-12-24 00:00:00+08:00,19.515830878680486,19.6139007565688,19.466796875,19.466796875,51000,0.0,0.0
2024-12-25 00:00:00+08:00,19.515830878680486,19.564866752888314,19.270657119223376,19.466796875,106000,0.0,0.0
2024-12-26 00:00:00+08:00,19.2706558885598,20.25135086375905,19.2706558885598,19.71196937561035,139000,0.0,0.0
2024-12-27 00:00:00+08:00,20.10424827548302,20.10424827548302,19.466796875,19.466796875,51000,0.0,0.0
2024-12-30 00:00:00+08:00,19.466796722823524,19.466796722823524,19.417760848999023,19.417760848999023,12000,0.0,0.0
2024-12-31 00:00:00+08:00,19.07451859043523,19.31969234162063,19.07451859043523,19.221622467041016,51000,0.0,0.0
2025-01-02 00:00:00+08:00,19.07451832105401,19.368726070110615,19.07451832105401,19.123552322387695,29000,0.0,0.0
2025-01-03 00:00:00+08:00,19.123552049529717,19.515829666183855,18.976448177100316,19.025482177734375,57000,0.0,0.0
2025-01-06 00:00:00+08:00,19.025482929901344,19.025482929901344,18.43706554639361,18.584171295166016,98000,0.0,0.0
2025-01-07 00:00:00+08:00,18.63320524055543,18.63320524055543,17.456370477151538,17.848649978637695,221000,0.0,0.0
2025-01-08 00:00:00+08:00,17.652509296053733,17.750579166248357,17.45636955566448,17.50540542602539,70000,0.0,0.0
2025-01-09 00:00:00+08:00,17.84865082751594,17.84865082751594,17.113129533039086,17.456371307373047,90000,0.0,0.0
2025-01-10 00:00:00+08:00,17.26023341782898,17.55444118740877,17.26023341782898,17.456371307373047,101000,0.0,0.0
2025-01-13 00:00:00+08:00,17.50540715956846,17.603477039474846,16.720849990844727,16.720849990844727,113000,0.0,0.0
2025-01-14 00:00:00+08:00,16.720848823916807,16.867954568773747,16.230501329133006,16.279537200927734,141000,0.0,0.0
2025-01-15 00:00:00+08:00,16.377608347461038,16.426642352541247,16.034364700317383,16.034364700317383,145000,0.0,0.0
2025-01-16 00:00:00+08:00,16.181467468470824,16.328571344078743,15.887259717254988,15.98532772064209,82000,0.0,0.0
2025-01-17 00:00:00+08:00,15.936294819629568,16.18146858608541,15.298843400949865,16.034364700317383,553000,0.0,0.0
2025-01-20 00:00:00+08:00,16.720849101199924,16.720849101199924,16.279537470892542,16.377607345581055,75000,0.0,0.0
2025-01-21 00:00:00+08:00,16.377606918386043,16.72084866505176,16.230501174926758,16.230501174926758,114000,0.0,0.0
2025-01-22 00:00:00+08:00,16.230500780982666,16.230500780982666,15.93629304225952,16.083396911621094,73000,0.0,0.0
2025-02-03 00:00:00+08:00,15.691119738396551,15.887259483337402,15.593049865926126,15.887259483337402,134000,0.0,0.0
2025-02-04 00:00:00+08:00,15.691120012470114,15.887259760836898,15.642085075378418,15.642085075378418,65000,0.0,0.0
2025-02-05 00:00:00+08:00,15.985328013298568,17.16216278076172,15.985328013298568,17.16216278076172,219100,0.0,0.0
2025-02-06 00:00:00+08:00,17.995754645773747,18.878379821777344,17.995754645773747,18.878379821777344,311165,0.0,0.0
2025-02-07 00:00:00+08:00,20.74169921875,20.74169921875,20.74169921875,20.74169921875,400150,0.0,0.0
2025-02-10 00:00:00+08:00,22.26177810774767,22.801159630362516,21.72239471460549,22.359846115112305,3462850,0.0,0.0
2025-02-11 00:00:00+08:00,22.065637537014485,22.752124786376953,21.084942535369397,22.752124786376953,1731550,0.0,0.0
2025-02-12 00:00:00+08:00,22.654055708843,23.144403226910914,21.624324798583984,21.624324798583984,1233411,0.0,0.0
2025-02-13 00:00:00+08:00,21.624323519632604,22.7521242409079,21.624323519632604,22.555984497070312,430150,0.0,0.0
2025-02-14 00:00:00+08:00,22.506951480426494,22.65405535947277,21.722394341300856,22.21274185180664,269051,0.0,0.0
2025-02-17 00:00:00+08:00,23.193436468918904,23.193436468918904,21.820463837517632,22.065637588500977,245034,0.0,0.0
2025-02-18 00:00:00+08:00,21.967567714002183,22.605019092453425,21.673359961033082,22.065637588500977,267566,0.0,0.0
2025-02-19 00:00:00+08:00,22.310812376443995,22.457916259765625,21.967568735008616,22.457916259765625,188550,0.0,0.0
2025-02-20 00:00:00+08:00,23.536680830285903,23.536680830285903,22.99729930946945,23.04633331298828,540450,0.0,0.0
2025-02-21 00:00:00+08:00,23.04633292831106,23.095366931011437,22.703089297826498,22.899229049682617,132300,0.0,0.0
2025-02-24 00:00:00+08:00,22.94826316833496,23.14440292118213,22.752125286015104,22.94826316833496,93400,0.0,0.0
2025-02-25 00:00:00+08:00,22.752125018936553,22.94826289895402,22.40888139074687,22.85019302368164,85200,0.0,0.0
2025-02-26 00:00:00+08:00,22.6050199561251,22.654055830511652,20.93783950805664,20.93783950805664,587078,0.0,0.0
2025-02-27 00:00:00+08:00,20.594595491855713,21.42818663586962,20.594595491855713,20.790735244750977,391000,0.0,0.0
2025-03-03 00:00:00+08:00,20.692665039446382,20.692665039446382,19.613900156721257,19.957143783569336,210150,0.0,0.0
2025-03-04 00:00:00+08:00,19.12355270885535,20.790734975274166,19.12355270885535,20.692665100097656,199005,0.0,0.0
2025-03-05 00:00:00+08:00,21.526257151880355,21.526257151880355,20.25135246123727,20.30038833618164,186899,0.0,0.0
2025-03-06 00:00:00+08:00,20.741699162380765,20.741699162380765,20.00617790222168,20.00617790222168,113200,0.0,0.0
2025-03-07 00:00:00+08:00,20.00617751398772,20.104247387544607,19.56486588877261,19.859073638916016,146300,0.0,0.0
2025-03-10 00:00:00+08:00,19.859073638916016,19.859073638916016,19.859073638916016,19.859073638916016,0,0.0,0.0
2025-03-11 00:00:00+08:00,19.221622467041016,19.51583022025259,19.025482717881783,19.221622467041016,150060,0.0,0.0
2025-03-12 00:00:00+08:00,19.417759774822184,21.133975982666016,19.417759774822184,21.133975982666016,381500,0.0,0.0
2025-03-13 00:00:00+08:00,22.55598446307655,23.24247169494629,21.869497231206807,23.24247169494629,3368338,0.0,0.0
2025-03-14 00:00:00+08:00,23.58571389104539,25.547103881835938,23.487645887927673,25.547103881835938,11365519,0.0,0.0
2025-03-17 00:00:00+08:00,27.900774499311986,28.096912384033203,26.576835827702602,28.096912384033203,12876546,0.0,0.0
2025-03-18 00:00:00+08:00,29.37181602846751,30.842858529982866,28.440155029296875,28.440155029296875,25938802,0.0,0.0
2025-03-19 00:00:00+08:00,28.29305157959796,28.391121455282253,27.165252685546875,27.165252685546875,5364371,0.0,0.0
2025-03-20 00:00:00+08:00,27.165253023216813,27.45946078339945,26.4787657554209,26.57683563232422,984053,0.0,0.0
2025-03-21 00:00:00+08:00,27.165252025578575,27.165252025578575,26.62586865768272,26.92007827758789,486757,0.0,0.0
2025-03-24 00:00:00+08:00,27.16525286727179,27.16525286727179,26.429731600510213,26.527799606323242,415308,0.0,0.0
2025-03-25 00:00:00+08:00,26.576834820082578,26.82200856958421,26.282625198364258,26.282625198364258,250320,0.0,0.0
2025-03-26 00:00:00+08:00,26.478766135119518,27.018147660031385,26.478766135119518,26.723939895629883,271471,0.0,0.0
2025-03-27 00:00:00+08:00,27.06718259687853,27.06718259687853,26.233591465912312,26.380695343017578,281100,0.0,0.0
2025-03-28 00:00:00+08:00,26.576835030171104,26.674904904852447,25.596140024412225,25.645174026489258,232538,0.0,0.0
2025-03-31 00:00:00+08:00,24.71351436777005,24.71351436777005,24.027027130126953,24.027027130126953,270109,0.0,0.0
2025-04-01 00:00:00+08:00,24.125097274780273,24.81158264963759,24.125097274780273,24.125097274780273,181050,0.0,0.0
2025-04-02 00:00:00+08:00,23.536680756350407,24.125098149364632,23.536680756350407,23.732820510864258,133157,0.0,0.0
2025-04-07 00:00:00+08:00,21.379150390625,21.379150390625,21.379150390625,21.379150390625,80094,0.0,0.0
2025-04-08 00:00:00+08:00,19.27065658569336,19.27065658569336,19.27065658569336,19.27065658569336,108223,0.0,0.0
2025-04-09 00:00:00+08:00,17.35830307006836,17.35830307006836,17.35830307006836,17.35830307006836,214240,0.0,0.0
2025-04-10 00:00:00+08:00,18.53513606588805,19.074519465558776,18.14285842009948,18.829345703125,2062759,0.0,0.0
2025-04-11 00:00:00+08:00,16.966023555073424,17.55444095703847,16.966023555073424,17.35830307006836,1268391,0.0,0.0
2025-04-14 00:00:00+08:00,17.94671747472471,19.07451820373535,17.94671747472471,19.07451820373535,386100,0.0,0.0
2025-04-15 00:00:00+08:00,20.93783950805664,20.93783950805664,20.692665747705924,20.93783950805664,661209,0.0,0.0
2025-04-16 00:00:00+08:00,22.016603400040683,22.948262523570133,21.084942405983977,21.281082153320312,2087091,0.0,0.0
2025-04-17 00:00:00+08:00,21.08494319442204,21.526256707167384,19.711970523309326,20.153282165527344,1045000,0.0,0.0
2025-04-18 00:00:00+08:00,20.39845558224111,22.163707733154297,20.39845558224111,22.163707733154297,548161,0.0,0.0
2025-04-21 00:00:00+08:00,24.370272265032284,24.370272265032284,23.046333578944875,23.1444034576416,2465769,0.0,0.0
2025-04-22 00:00:00+08:00,23.095367393511097,24.37027206505207,22.26177810774767,22.359846115112305,3734001,0.0,0.0
2025-04-23 00:00:00+08:00,23.38957640241608,24.125097661167985,22.752125018936553,22.85019302368164,2935055,0.0,0.0
2025-04-24 00:00:00+08:00,23.09536707688938,25.105792999267578,22.31081180556399,25.105792999267578,4166822,0.0,0.0
2025-04-25 00:00:00+08:00,26.478764704794262,27.606563568115234,26.478764704794262,27.606563568115234,5236450,0.0,0.0
2025-04-28 00:00:00+08:00,27.65560036240449,30.35251167229925,27.45946060983758,27.94980812072754,20826689,0.0,0.0
2025-04-29 00:00:00+08:00,27.802704025175853,30.695753194593433,27.26332064507857,30.009267807006836,15564523,0.0,0.0
2025-04-30 00:00:00+08:00,30.205404866797004,31.23513572598862,28.489188638671553,29.715057373046875,10314704,0.0,0.0
2025-05-02 00:00:00+08:00,29.813128272385214,30.40154565925036,28.832433251119074,29.371816635131836,4298965,0.0,0.0
2025-05-05 00:00:00+08:00,29.616991055610143,29.616991055610143,27.067183568947126,27.459461212158203,3707825,0.0,0.0
2025-05-06 00:00:00+08:00,27.459460851977976,30.205406188964844,27.31235697151927,30.205406188964844,5968017,0.0,0.0
2025-05-07 00:00:00+08:00,31.23513728832804,31.284171291944773,28.53822593780647,28.832433700561523,13080859,0.0,0.0
2025-05-08 00:00:00+08:00,29.028573069584898,30.98996311657675,28.68532943725586,28.68532943725586,7866646,0.0,0.0
2025-05-09 00:00:00+08:00,29.42085036990811,30.107337626750216,27.410426342841973,27.85173797607422,5658166,0.0,0.0
2025-05-12 00:00:00+08:00,28.34208445957829,29.371815307685903,27.99884084354242,28.881467819213867,2854050,0.0,0.0
2025-05-13 00:00:00+08:00,29.273745435886052,29.86216279615794,28.58725820381431,28.881467819213867,2661343,0.0,0.0
2025-05-14 00:00:00+08:00,28.636294777709832,30.058301406858313,28.440155029296875,28.440155029296875,3036250,0.0,0.0
2025-05-15 00:00:00+08:00,28.440155513605063,28.881469019785715,27.85173812887329,27.900774002075195,1212455,0.0,0.0
2025-05-16 00:00:00+08:00,27.851737315381847,28.538224555939266,27.50849369510314,27.606563568115234,1034360,0.0,0.0
2025-05-19 00:00:00+08:00,27.41042589275325,27.60656376968228,26.478764898126776,26.969112396240234,1200003,0.0,0.0
2025-05-20 00:00:00+08:00,27.11621572277166,27.361389466866388,26.527798362838865,26.772972106933594,780300,0.0,0.0
2025-05-21 00:00:00+08:00,27.459460703531903,29.42085075378418,27.361390826913826,29.42085075378418,5619828,0.0,0.0
2025-05-22 00:00:00+08:00,29.224710335641667,29.224710335641667,27.7536678314209,27.7536678314209,5728621,0.0,0.0
2025-05-23 00:00:00+08:00,27.998841952545092,28.29305157959796,27.165252685546875,27.165252685546875,826100,0.0,0.0
2025-05-26 00:00:00+08:00,27.312356409808544,27.851737917239877,26.77297303184992,27.1162166595459,920005,0.0,0.0
2025-05-27 00:00:00+08:00,27.263319668930553,28.244014647964416,26.03745094513822,26.08648681640625,2386850,0.0,0.0
2025-05-28 00:00:00+08:00,26.47876494617647,28.096911318781803,26.184557194985416,26.282625198364258,2236000,0.0,0.0
2025-05-29 00:00:00+08:00,26.38069594976176,26.429731823609504,25.69421055063923,25.890348434448242,898323,0.0,0.0
2025-06-02 00:00:00+08:00,25.743243235779445,25.743243235779445,24.90965212832495,25.399999618530273,898100,0.0,0.0
2025-06-03 00:00:00+08:00,25.89034771327064,26.233591338534488,24.860618708006363,24.909652709960938,865073,0.0,0.0
2025-06-04 00:00:00+08:00,25.59613963637821,26.282625007686036,25.498069763183594,25.498069763183594,1040224,0.0,0.0
2025-06-05 00:00:00+08:00,25.841313107925956,25.988416980882107,25.20386174476448,25.399999618530273,572200,0.0,0.0
2025-06-06 00:00:00+08:00,25.44903690263403,25.498070906165722,25.10579326633018,25.2038631439209,347375,0.0,0.0
2025-06-09 00:00:00+08:00,25.301930492809745,25.449036240632857,24.811582988138802,24.958688735961914,329549,0.0,0.0
2025-06-10 00:00:00+08:00,25.00772338873946,25.939384420060296,25.00772338873946,25.2038631439209,556150,0.0,0.0
2025-06-11 00:00:00+08:00,25.2038619718143,27.214285951556203,25.056756227005714,26.18455696105957,2002104,0.0,0.0
2025-06-12 00:00:00+08:00,26.086487918248256,26.47876555232539,25.69421028417112,25.792278289794922,689562,0.0,0.0
2025-06-13 00:00:00+08:00,25.64517351948905,26.086487011566774,25.056756153561164,25.44903564453125,640000,0.0,0.0
2025-06-16 00:00:00+08:00,24.95868949898721,25.449037018648824,24.909653624704642,25.252897262573242,250252,0.0,0.0
2025-06-17 00:00:00+08:00,25.350966652905885,26.184557794399367,25.350966652905885,25.792278289794922,498004,0.0,0.0
2025-06-18 00:00:00+08:00,25.694210928409774,26.47876621623544,25.694210928409774,26.037452697753906,507464,0.0,0.0
2025-06-19 00:00:00+08:00,26.47876475407527,28.63629448224786,25.498069763183594,25.498069763183594,11337186,0.0,0.0
2025-06-20 00:00:00+08:00,25.547103284889136,25.84131289894942,24.61544418334961,24.61544418334961,1940100,0.0,0.0
2025-06-23 00:00:00+08:00,24.076061402665797,24.517374899059778,23.340540155694004,24.125097274780273,1124050,0.0,0.0
2025-06-24 00:00:00+08:00,24.566408700847106,24.95868819246344,24.517374699658685,24.762548446655273,513901,0.0,0.0
2025-06-25 00:00:00+08:00,25.105792730110362,25.547104364051883,24.762549101137648,25.007722854614258,395205,0.0,0.0
2025-06-26 00:00:00+08:00,25.105792458833786,25.59613996048864,24.909652709960938,24.909652709960938,409000,0.0,0.0
2025-06-27 00:00:00+08:00,25.35096549987793,25.792277116694965,24.9586878836426,25.35096549987793,505050,0.0,0.0
2025-06-30 00:00:00+08:00,25.74324302759599,25.74324302759599,24.61544418334961,24.61544418334961,393001,0.0,0.0
2025-07-01 00:00:00+08:00,24.615444841632034,25.105792340985154,24.615444841632034,24.860618591308594,174000,0.0,0.0
2025-07-02 00:00:00+08:00,25.154827269861872,25.252897147452593,24.86061950761705,25.2038631439209,234200,0.0,0.0
2025-07-03 00:00:00+08:00,25.0567560012811,25.399999618530273,25.0567560012811,25.399999618530273,219000,0.0,0.0
2025-07-04 00:00:00+08:00,25.200000762939453,25.950000762939453,24.200000762939453,24.200000762939453,568457,0.5,0.0
2025-07-07 00:00:00+08:00,24.149999618530273,24.25,23.600000381469727,23.700000762939453,215138,0.0,0.0
2025-07-08 00:00:00+08:00,23.700000762939453,24.25,23.549999237060547,23.700000762939453,151150,0.0,0.0
2025-07-09 00:00:00+08:00,23.700000762939453,24.100000381469727,23.700000762939453,24.0,139021,0.0,0.0
2025-07-10 00:00:00+08:00,25.549999237060547,25.549999237060547,24.149999618530273,24.149999618530273,810078,0.0,0.0
2025-07-11 00:00:00+08:00,23.75,24.049999237060547,23.299999237060547,23.299999237060547,360100,0.0,0.0
2025-07-14 00:00:00+08:00,23.299999237060547,23.299999237060547,22.649999618530273,23.0,300000,0.0,0.0
2025-07-15 00:00:00+08:00,23.549999237060547,23.649999618530273,22.899999618530273,22.899999618530273,190100,0.0,0.0
2025-07-16 00:00:00+08:00,23.350000381469727,24.149999618530273,23.25,23.399999618530273,771000,0.0,0.0
2025-07-17 00:00:00+08:00,23.5,23.799999237060547,23.25,23.399999618530273,175046,0.0,0.0
2025-07-18 00:00:00+08:00,23.549999237060547,23.649999618530273,23.049999237060547,23.100000381469727,217021,0.0,0.0
2025-07-21 00:00:00+08:00,23.350000381469727,23.350000381469727,22.850000381469727,22.950000762939453,162000,0.0,0.0
2025-07-22 00:00:00+08:00,23.049999237060547,23.5,21.799999237060547,22.100000381469727,524050,0.0,0.0
2025-07-23 00:00:00+08:00,22.399999618530273,22.649999618530273,22.200000762939453,22.549999237060547,268050,0.0,0.0
2025-07-24 00:00:00+08:00,22.75,22.950000762939453,22.549999237060547,22.950000762939453,221500,0.0,0.0
2025-07-25 00:00:00+08:00,23.299999237060547,23.649999618530273,22.549999237060547,22.549999237060547,380000,0.0,0.0
2025-07-28 00:00:00+08:00,22.5,22.649999618530273,22.299999237060547,22.399999618530273,101356,0.0,0.0
2025-07-29 00:00:00+08:00,22.5,22.5,22.100000381469727,22.399999618530273,138100,0.0,0.0
2025-07-30 00:00:00+08:00,22.399999618530273,22.549999237060547,22.149999618530273,22.450000762939453,122050,0.0,0.0
2025-07-31 00:00:00+08:00,22.5,22.5,22.100000381469727,22.100000381469727,172337,0.0,0.0
2025-08-04 00:00:00+08:00,22.399999618530273,23.399999618530273,22.100000381469727,23.399999618530273,260010,0.0,0.0
2025-08-05 00:00:00+08:00,23.799999237060547,23.799999237060547,23.200000762939453,23.399999618530273,204146,0.0,0.0
2025-08-06 00:00:00+08:00,23.600000381469727,23.75,23.049999237060547,23.350000381469727,268117,0.0,0.0
2025-08-07 00:00:00+08:00,23.450000762939453,23.600000381469727,23.049999237060547,23.100000381469727,89100,0.0,0.0
2025-08-08 00:00:00+08:00,23.100000381469727,23.25,22.799999237060547,22.950000762939453,135000,0.0,0.0
2025-08-11 00:00:00+08:00,23.0,23.0,22.5,22.600000381469727,151452,0.0,0.0
2025-08-12 00:00:00+08:00,22.649999618530273,23.5,22.649999618530273,23.0,185501,0.0,0.0
2025-08-13 00:00:00+08:00,23.299999237060547,23.450000762939453,22.899999618530273,23.399999618530273,242050,0.0,0.0
2025-08-14 00:00:00+08:00,23.5,23.5,22.950000762939453,23.25,251041,0.0,0.0
2025-08-15 00:00:00+08:00,23.399999618530273,23.600000381469727,23.100000381469727,23.350000381469727,153039,0.0,0.0
2025-08-18 00:00:00+08:00,23.399999618530273,23.399999618530273,22.75,23.0,258154,0.0,0.0
2025-08-19 00:00:00+08:00,23.350000381469727,23.649999618530273,22.899999618530273,23.100000381469727,340250,0.0,0.0
2025-08-20 00:00:00+08:00,23.100000381469727,23.149999618530273,22.399999618530273,23.0,216020,0.0,0.0
2025-08-21 00:00:00+08:00,23.049999237060547,24.549999237060547,22.950000762939453,23.399999618530273,665128,0.0,0.0
2025-08-22 00:00:00+08:00,23.75,24.049999237060547,23.0,23.0,302127,0.0,0.0
2025-08-25 00:00:00+08:00,23.25,24.450000762939453,23.200000762939453,23.200000762939453,544575,0.0,0.0
2025-08-26 00:00:00+08:00,23.549999237060547,25.5,23.399999618530273,25.5,1556581,0.0,0.0
2025-08-27 00:00:00+08:00,26.549999237060547,27.25,24.600000381469727,24.600000381469727,5653399,0.0,0.0
2025-08-28 00:00:00+08:00,24.700000762939453,25.450000762939453,24.5,24.5,1035211,0.0,0.0
2025-08-29 00:00:00+08:00,25.100000381469727,25.100000381469727,23.700000762939453,23.700000762939453,616387,0.0,0.0
2025-09-01 00:00:00+08:00,24.200000762939453,24.25,23.25,23.25,387050,0.0,0.0
2025-09-02 00:00:00+08:00,23.600000381469727,23.700000762939453,22.649999618530273,22.950000762939453,293100,0.0,0.0
2025-09-03 00:00:00+08:00,23.0,23.399999618530273,23.0,23.049999237060547,252001,0.0,0.0
2025-09-04 00:00:00+08:00,23.350000381469727,23.450000762939453,22.899999618530273,22.950000762939453,184050,0.0,0.0
2025-09-05 00:00:00+08:00,23.299999237060547,23.350000381469727,22.75,22.950000762939453,231399,0.0,0.0
2025-09-08 00:00:00+08:00,23.399999618530273,23.399999618530273,22.799999237060547,22.799999237060547,180544,0.0,0.0
2025-09-09 00:00:00+08:00,23.0,23.0,22.700000762939453,22.75,142000,0.0,0.0
2025-09-10 00:00:00+08:00,22.799999237060547,23.950000762939453,22.799999237060547,23.200000762939453,700100,0.0,0.0
2025-09-11 00:00:00+08:00,23.200000762939453,23.200000762939453,22.200000762939453,22.200000762939453,476011,0.0,0.0
2025-09-12 00:00:00+08:00,22.299999237060547,22.700000762939453,22.100000381469727,22.350000381469727,248489,0.0,0.0
2025-09-15 00:00:00+08:00,22.450000762939453,22.450000762939453,21.299999237060547,21.600000381469727,420091,0.0,0.0
2025-09-16 00:00:00+08:00,21.350000381469727,21.950000762939453,21.350000381469727,21.899999618530273,213200,0.0,0.0
2025-09-17 00:00:00+08:00,22.0,22.700000762939453,22.0,22.100000381469727,327391,0.0,0.0
2025-09-18 00:00:00+08:00,22.450000762939453,22.600000381469727,22.200000762939453,22.350000381469727,163840,0.0,0.0
2025-09-19 00:00:00+08:00,22.350000381469727,22.5,22.200000762939453,22.200000762939453,164196,0.0,0.0
2025-09-22 00:00:00+08:00,22.350000381469727,22.700000762939453,22.149999618530273,22.299999237060547,199200,0.0,0.0
2025-09-23 00:00:00+08:00,22.399999618530273,22.450000762939453,22.0,22.049999237060547,196099,0.0,0.0
2025-09-24 00:00:00+08:00,22.100000381469727,22.149999618530273,21.850000381469727,22.0,122125,0.0,0.0
2025-09-25 00:00:00+08:00,22.0,22.850000381469727,21.850000381469727,22.100000381469727,394050,0.0,0.0
2025-09-26 00:00:00+08:00,22.100000381469727,22.100000381469727,21.200000762939453,21.25,389010,0.0,0.0
2025-09-30 00:00:00+08:00,21.299999237060547,21.549999237060547,21.200000762939453,21.549999237060547,91610,0.0,0.0
2025-10-01 00:00:00+08:00,21.700000762939453,21.700000762939453,21.299999237060547,21.350000381469727,98360,0.0,0.0
2025-10-02 00:00:00+08:00,21.649999618530273,21.649999618530273,21.0,21.049999237060547,190240,0.0,0.0
2025-10-03 00:00:00+08:00,21.200000762939453,22.0,21.100000381469727,21.100000381469727,273050,0.0,0.0
2025-10-07 00:00:00+08:00,21.549999237060547,21.600000381469727,21.100000381469727,21.450000762939453,236070,0.0,0.0
2025-10-08 00:00:00+08:00,21.450000762939453,21.450000762939453,20.950000762939453,21.149999618530273,261000,0.0,0.0
2025-10-09 00:00:00+08:00,21.350000381469727,21.350000381469727,21.0,21.100000381469727,179000,0.0,0.0
2025-10-13 00:00:00+08:00,20.100000381469727,20.549999237060547,19.899999618530273,20.549999237060547,309099,0.0,0.0
2025-10-14 00:00:00+08:00,20.700000762939453,21.600000381469727,20.299999237060547,20.299999237060547,310210,0.0,0.0
2025-10-15 00:00:00+08:00,20.5,20.5,20.25,20.399999618530273,139550,0.0,0.0
2025-10-16 00:00:00+08:00,20.25,20.899999618530273,20.25,20.75,131201,0.0,0.0
2025-10-17 00:00:00+08:00,21.100000381469727,21.100000381469727,20.350000381469727,20.399999618530273,151273,0.0,0.0
2025-10-20 00:00:00+08:00,20.450000762939453,20.600000381469727,20.25,20.5,128270,0.0,0.0
2025-10-21 00:00:00+08:00,20.700000762939453,21.200000762939453,20.549999237060547,21.0,242227,0.0,0.0
2025-10-22 00:00:00+08:00,21.0,21.100000381469727,20.850000381469727,20.899999618530273,52625,0.0,0.0
2025-10-23 00:00:00+08:00,20.850000381469727,20.950000762939453,20.799999237060547,20.799999237060547,73022,0.0,0.0
2025-10-27 00:00:00+08:00,20.799999237060547,20.799999237060547,20.350000381469727,20.450000762939453,115402,0.0,0.0
2025-10-28 00:00:00+08:00,20.450000762939453,20.450000762939453,20.049999237060547,20.049999237060547,166000,0.0,0.0
2025-10-29 00:00:00+08:00,20.100000381469727,20.600000381469727,20.100000381469727,20.299999237060547,174200,0.0,0.0
2025-10-30 00:00:00+08:00,20.299999237060547,20.299999237060547,19.899999618530273,19.899999618530273,275206,0.0,0.0
2025-10-31 00:00:00+08:00,20.200000762939453,21.200000762939453,19.950000762939453,20.149999618530273,195056,0.0,0.0
2025-11-03 00:00:00+08:00,20.200000762939453,20.399999618530273,20.0,20.0,90004,0.0,0.0
2025-11-04 00:00:00+08:00,20.299999237060547,20.299999237060547,19.600000381469727,19.600000381469727,154073,0.0,0.0
2025-11-05 00:00:00+08:00,19.600000381469727,19.600000381469727,18.799999237060547,19.299999237060547,255800,0.0,0.0
2025-11-06 00:00:00+08:00,19.350000381469727,19.450000762939453,19.049999237060547,19.049999237060547,143050,0.0,0.0
2025-11-07 00:00:00+08:00,19.049999237060547,19.25,18.850000381469727,19.200000762939453,147000,0.0,0.0
2025-11-10 00:00:00+08:00,19.200000762939453,19.600000381469727,18.799999237060547,19.549999237060547,110017,0.0,0.0
2025-11-11 00:00:00+08:00,19.5,19.799999237060547,19.399999618530273,19.649999618530273,87300,0.0,0.0
2025-11-12 00:00:00+08:00,19.649999618530273,20.450000762939453,19.5,20.0,185000,0.0,0.0
2025-11-13 00:00:00+08:00,20.100000381469727,20.299999237060547,19.899999618530273,20.0,165000,0.0,0.0
2025-11-14 00:00:00+08:00,19.899999618530273,20.299999237060547,19.899999618530273,20.0,116100,0.0,0.0
2025-11-17 00:00:00+08:00,20.049999237060547,20.25,19.299999237060547,19.700000762939453,91500,0.0,0.0
2025-11-18 00:00:00+08:00,19.549999237060547,19.549999237060547,18.799999237060547,19.0,154000,0.0,0.0
2025-11-19 00:00:00+08:00,18.700000762939453,19.049999237060547,18.149999618530273,18.450000762939453,148250,0.0,0.0
2025-11-20 00:00:00+08:00,18.850000381469727,19.100000381469727,18.549999237060547,18.850000381469727,89000,0.0,0.0
2025-11-21 00:00:00+08:00,18.799999237060547,19.049999237060547,18.100000381469727,18.450000762939453,173000,0.0,0.0
2025-11-24 00:00:00+08:00,18.549999237060547,18.850000381469727,18.399999618530273,18.799999237060547,31000,0.0,0.0
2025-11-25 00:00:00+08:00,18.799999237060547,19.200000762939453,18.700000762939453,18.75,40000,0.0,0.0
2025-11-26 00:00:00+08:00,18.850000381469727,19.700000762939453,18.850000381469727,19.200000762939453,159250,0.0,0.0
2025-11-27 00:00:00+08:00,19.200000762939453,19.399999618530273,19.100000381469727,19.350000381469727,59000,0.0,0.0
2025-11-28 00:00:00+08:00,19.200000762939453,19.899999618530273,19.200000762939453,19.649999618530273,73050,0.0,0.0
2025-12-01 00:00:00+08:00,19.649999618530273,19.649999618530273,19.049999237060547,19.450000762939453,62000,0.0,0.0
2025-12-02 00:00:00+08:00,19.25,19.799999237060547,19.200000762939453,19.549999237060547,39000,0.0,0.0
2025-12-03 00:00:00+08:00,19.549999237060547,20.100000381469727,19.549999237060547,19.899999618530273,179002,0.0,0.0
2025-12-04 00:00:00+08:00,19.899999618530273,20.100000381469727,19.700000762939453,20.049999237060547,52500,0.0,0.0
2025-12-05 00:00:00+08:00,20.200000762939453,20.200000762939453,19.700000762939453,19.850000381469727,48000,0.0,0.0
2025-12-08 00:00:00+08:00,19.950000762939453,19.950000762939453,19.600000381469727,19.850000381469727,22000,0.0,0.0
2025-12-09 00:00:00+08:00,19.700000762939453,20.149999618530273,19.549999237060547,19.799999237060547,35000,0.0,0.0
2025-12-10 00:00:00+08:00,19.799999237060547,19.899999618530273,19.600000381469727,19.649999618530273,78153,0.0,0.0
2025-12-11 00:00:00+08:00,20.149999618530273,21.600000381469727,20.049999237060547,21.600000381469727,1389160,0.0,0.0
2025-12-12 00:00:00+08:00,22.0,22.100000381469727,20.700000762939453,20.75,934308,0.0,0.0
2025-12-15 00:00:00+08:00,20.899999618530273,21.75,20.5,20.799999237060547,524010,0.0,0.0
2025-12-16 00:00:00+08:00,20.799999237060547,21.299999237060547,20.5,20.600000381469727,280101,0.0,0.0
2025-12-17 00:00:00+08:00,21.0,21.0,20.100000381469727,20.299999237060547,185250,0.0,0.0
2025-12-18 00:00:00+08:00,20.399999618530273,20.899999618530273,19.899999618530273,19.899999618530273,212006,0.0,0.0
2025-12-19 00:00:00+08:00,20.149999618530273,20.75,20.0,20.049999237060547,244150,0.0,0.0
2025-12-22 00:00:00+08:00,20.299999237060547,20.700000762939453,20.049999237060547,20.700000762939453,168796,0.0,0.0
2025-12-23 00:00:00+08:00,20.700000762939453,20.700000762939453,20.299999237060547,20.299999237060547,106239,0.0,0.0
2025-12-24 00:00:00+08:00,20.5,20.5,20.200000762939453,20.200000762939453,99200,0.0,0.0
2025-12-26 00:00:00+08:00,20.25,20.549999237060547,20.149999618530273,20.5,140000,0.0,0.0
2025-12-29 00:00:00+08:00,20.75,20.850000381469727,20.25,20.299999237060547,134550,0.0,0.0
2025-12-30 00:00:00+08:00,20.100000381469727,20.100000381469727,19.700000762939453,19.950000762939453,174050,0.0,0.0
2025-12-31 00:00:00+08:00,19.899999618530273,20.149999618530273,19.799999237060547,19.899999618530273,67100,0.0,0.0
2026-01-02 00:00:00+08:00,20.049999237060547,20.75,20.0,20.5,147155,0.0,0.0
2026-01-05 00:00:00+08:00,20.700000762939453,20.700000762939453,19.899999618530273,19.950000762939453,156151,0.0,0.0
2026-01-06 00:00:00+08:00,19.950000762939453,21.899999618530273,19.950000762939453,21.899999618530273,800210,0.0,0.0
2026-01-07 00:00:00+08:00,22.649999618530273,22.899999618530273,21.200000762939453,21.299999237060547,1710258,0.0,0.0
2026-01-08 00:00:00+08:00,21.100000381469727,22.149999618530273,21.049999237060547,21.899999618530273,898177,0.0,0.0
2026-01-09 00:00:00+08:00,22.600000381469727,24.049999237060547,22.399999618530273,24.049999237060547,4853485,0.0,0.0
2026-01-12 00:00:00+08:00,24.200000762939453,24.899999618530273,23.149999618530273,23.149999618530273,4549060,0.0,0.0
2026-01-13 00:00:00+08:00,23.299999237060547,23.950000762939453,23.100000381469727,23.350000381469727,1578250,0.0,0.0
2026-01-14 00:00:00+08:00,23.350000381469727,23.450000762939453,23.100000381469727,23.25,622055,0.0,0.0
2026-01-15 00:00:00+08:00,23.049999237060547,23.149999618530273,22.600000381469727,22.799999237060547,535710,0.0,0.0
2026-01-16 00:00:00+08:00,23.399999618530273,24.799999237060547,23.350000381469727,24.0,2500204,0.0,0.0
2026-01-19 00:00:00+08:00,24.25,24.450000762939453,23.600000381469727,23.899999618530273,1075010,0.0,0.0
2026-01-20 00:00:00+08:00,23.700000762939453,23.700000762939453,23.049999237060547,23.049999237060547,490013,0.0,0.0
2026-01-21 00:00:00+08:00,22.850000381469727,22.950000762939453,22.049999237060547,22.049999237060547,390402,0.0,0.0
2026-01-22 00:00:00+08:00,22.25,22.600000381469727,22.0,22.200000762939453,423050,0.0,0.0
2026-01-23 00:00:00+08:00,22.350000381469727,22.549999237060547,21.899999618530273,21.950000762939453,280051,0.0,0.0
2026-01-26 00:00:00+08:00,22.049999237060547,22.149999618530273,21.899999618530273,22.049999237060547,166300,0.0,0.0
2026-01-27 00:00:00+08:00,22.149999618530273,22.899999618530273,21.799999237060547,22.899999618530273,542523,0.0,0.0
2026-01-28 00:00:00+08:00,24.200000762939453,24.350000381469727,23.149999618530273,23.549999237060547,1567050,0.0,0.0
2026-01-29 00:00:00+08:00,23.549999237060547,24.049999237060547,22.649999618530273,22.75,514234,0.0,0.0
2026-01-30 00:00:00+08:00,22.5,22.549999237060547,21.200000762939453,21.200000762939453,496296,0.0,0.0
2026-02-02 00:00:00+08:00,21.0,21.0,20.200000762939453,20.299999237060547,289360,0.0,0.0
2026-02-03 00:00:00+08:00,20.799999237060547,20.850000381469727,19.799999237060547,20.100000381469727,211051,0.0,0.0
2026-02-04 00:00:00+08:00,20.350000381469727,20.899999618530273,20.149999618530273,20.899999618530273,316049,0.0,0.0
2026-02-05 00:00:00+08:00,20.549999237060547,21.100000381469727,20.450000762939453,20.600000381469727,101199,0.0,0.0
2026-02-06 00:00:00+08:00,20.75,20.75,19.700000762939453,20.100000381469727,269106,0.0,0.0
2026-02-09 00:00:00+08:00,22.100000381469727,22.100000381469727,22.100000381469727,22.100000381469727,286060,0.0,0.0
2026-02-10 00:00:00+08:00,22.100000381469727,23.100000381469727,21.649999618530273,21.649999618530273,950045,0.0,0.0
2026-02-11 00:00:00+08:00,22.0,22.100000381469727,21.450000762939453,21.75,271300,0.0,0.0
2026-02-23 00:00:00+08:00,22.350000381469727,22.799999237060547,21.700000762939453,22.200000762939453,313100,0.0,0.0
2026-02-24 00:00:00+08:00,22.200000762939453,23.0,22.0,22.0,277123,0.0,0.0
2026-02-25 00:00:00+08:00,22.100000381469727,22.399999618530273,21.899999618530273,22.0,332250,0.0,0.0
2026-02-26 00:00:00+08:00,21.950000762939453,22.399999618530273,21.950000762939453,22.100000381469727,165021,0.0,0.0
2026-03-02 00:00:00+08:00,21.549999237060547,22.350000381469727,21.549999237060547,22.100000381469727,113000,0.0,0.0
2026-03-03 00:00:00+08:00,22.149999618530273,22.200000762939453,21.399999618530273,21.549999237060547,201003,0.0,0.0
2026-03-04 00:00:00+08:00,21.399999618530273,21.399999618530273,20.200000762939453,20.450000762939453,263000,0.0,0.0
2026-03-05 00:00:00+08:00,21.549999237060547,21.549999237060547,21.100000381469727,21.200000762939453,218000,0.0,0.0
2026-03-06 00:00:00+08:00,20.950000762939453,21.5,20.899999618530273,21.200000762939453,139052,0.0,0.0
2026-03-09 00:00:00+08:00,20.5,20.5,20.0,20.149999618530273,230000,0.0,0.0
2026-03-10 00:00:00+08:00,20.950000762939453,21.350000381469727,20.700000762939453,20.950000762939453,190000,0.0,0.0
2026-03-11 00:00:00+08:00,20.600000381469727,21.75,20.600000381469727,21.600000381469727,171160,0.0,0.0
2026-03-12 00:00:00+08:00,22.0,22.5,21.700000762939453,21.700000762939453,146105,0.0,0.0
2026-03-13 00:00:00+08:00,21.5,21.700000762939453,21.399999618530273,21.549999237060547,81000,0.0,0.0
2026-03-16 00:00:00+08:00,21.899999618530273,22.049999237060547,20.950000762939453,20.950000762939453,116000,0.0,0.0
2026-03-17 00:00:00+08:00,21.049999237060547,21.600000381469727,20.950000762939453,21.0,230600,0.0,0.0
2026-03-18 00:00:00+08:00,21.350000381469727,21.450000762939453,20.700000762939453,20.950000762939453,174300,0.0,0.0
2026-03-19 00:00:00+08:00,20.950000762939453,21.0,20.549999237060547,20.549999237060547,107000,0.0,0.0
2026-03-20 00:00:00+08:00,20.649999618530273,20.799999237060547,20.5,20.649999618530273,103000,0.0,0.0
2026-03-23 00:00:00+08:00,20.5,20.5,20.0,20.0,200014,0.0,0.0
2026-03-24 00:00:00+08:00,20.399999618530273,20.399999618530273,19.600000381469727,19.899999618530273,129386,0.0,0.0
2026-03-25 00:00:00+08:00,20.25,20.299999237060547,20.0,20.149999618530273,75500,0.0,0.0
2026-03-26 00:00:00+08:00,20.549999237060547,20.549999237060547,19.950000762939453,19.950000762939453,60000,0.0,0.0
2026-03-27 00:00:00+08:00,19.899999618530273,19.899999618530273,19.600000381469727,19.850000381469727,72033,0.0,0.0
2026-03-30 00:00:00+08:00,19.600000381469727,19.600000381469727,19.350000381469727,19.399999618530273,77108,0.0,0.0
2026-03-31 00:00:00+08:00,19.399999618530273,19.549999237060547,18.600000381469727,18.600000381469727,146001,0.0,0.0
2026-04-01 00:00:00+08:00,18.799999237060547,20.450000762939453,18.799999237060547,20.450000762939453,320450,0.0,0.0
2026-04-02 00:00:00+08:00,20.799999237060547,21.049999237060547,20.049999237060547,20.049999237060547,384025,0.0,0.0
2026-04-07 00:00:00+08:00,20.100000381469727,20.450000762939453,19.700000762939453,19.700000762939453,127159,0.0,0.0
2026-04-08 00:00:00+08:00,19.950000762939453,20.100000381469727,19.75,19.950000762939453,81076,0.0,0.0
2026-04-09 00:00:00+08:00,20.0,20.149999618530273,19.850000381469727,19.899999618530273,81500,0.0,0.0
2026-04-10 00:00:00+08:00,21.549999237060547,21.850000381469727,21.25,21.850000381469727,354050,0.0,0.0
2026-04-13 00:00:00+08:00,22.0,22.0,20.100000381469727,21.25,569000,0.0,0.0
2026-04-14 00:00:00+08:00,21.5,22.799999237060547,21.25,21.75,420020,0.0,0.0
2026-04-15 00:00:00+08:00,23.350000381469727,23.899999618530273,23.200000762939453,23.899999618530273,1931691,0.0,0.0
2026-04-16 00:00:00+08:00,23.700000762939453,23.700000762939453,22.200000762939453,23.0,1355020,0.0,0.0
2026-04-17 00:00:00+08:00,23.0,23.200000762939453,22.549999237060547,22.899999618530273,446387,0.0,0.0
2026-04-20 00:00:00+08:00,23.149999618530273,23.950000762939453,22.799999237060547,23.299999237060547,912105,0.0,0.0
2026-04-21 00:00:00+08:00,23.350000381469727,23.700000762939453,22.850000381469727,23.100000381469727,389202,0.0,0.0
2026-04-22 00:00:00+08:00,23.149999618530273,25.0,22.799999237060547,23.700000762939453,1218204,0.0,0.0
2026-04-23 00:00:00+08:00,23.799999237060547,24.0,22.450000762939453,22.899999618530273,624922,0.0,0.0
2026-04-24 00:00:00+08:00,23.200000762939453,23.299999237060547,22.549999237060547,22.950000762939453,202060,0.0,0.0
2026-04-27 00:00:00+08:00,23.0,23.0,22.0,22.5,211200,0.0,0.0
2026-04-28 00:00:00+08:00,22.350000381469727,22.799999237060547,22.049999237060547,22.799999237060547,162100,0.0,0.0
2026-04-29 00:00:00+08:00,22.75,22.799999237060547,22.399999618530273,22.549999237060547,103009,0.0,0.0
2026-04-30 00:00:00+08:00,22.649999618530273,23.600000381469727,22.399999618530273,22.5,222128,0.0,0.0
2026-05-04 00:00:00+08:00,22.799999237060547,23.649999618530273,22.549999237060547,23.450000762939453,438300,0.0,0.0
2026-05-05 00:00:00+08:00,23.850000381469727,23.850000381469727,23.049999237060547,23.25,221100,0.0,0.0
2026-05-06 00:00:00+08:00,23.549999237060547,23.549999237060547,22.649999618530273,22.799999237060547,253500,0.0,0.0
2026-05-07 00:00:00+08:00,23.0,25.049999237060547,23.0,25.049999237060547,2920220,0.0,0.0
2026-05-08 00:00:00+08:00,25.0,26.399999618530273,24.200000762939453,24.549999237060547,2693137,0.0,0.0
2026-05-11 00:00:00+08:00,24.350000381469727,25.25,24.049999237060547,24.5,616100,0.0,0.0
2026-05-12 00:00:00+08:00,24.850000381469727,25.049999237060547,23.899999618530273,23.950000762939453,454039,0.0,0.0
2026-05-13 00:00:00+08:00,23.799999237060547,24.149999618530273,23.25,24.0,211300,0.0,0.0
2026-05-14 00:00:00+08:00,24.200000762939453,24.25,23.450000762939453,23.799999237060547,364055,0.0,0.0
2026-05-15 00:00:00+08:00,24.200000762939453,24.299999237060547,23.700000762939453,23.75,223150,0.0,0.0
2026-05-18 00:00:00+08:00,23.799999237060547,24.950000762939453,23.25,24.649999618530273,364171,0.0,0.0
2026-05-19 00:00:00+08:00,24.799999237060547,25.5,24.200000762939453,24.25,363030,0.0,0.0
2026-05-20 00:00:00+08:00,24.299999237060547,25.5,24.299999237060547,24.700000762939453,413170,0.0,0.0
2026-05-21 00:00:00+08:00,25.049999237060547,25.799999237060547,24.850000381469727,25.350000381469727,597545,0.0,0.0
2026-05-22 00:00:00+08:00,25.700000762939453,27.850000381469727,25.600000381469727,27.600000381469727,2107934,0.0,0.0
2026-05-25 00:00:00+08:00,28.149999618530273,28.149999618530273,26.950000762939453,27.200000762939453,1050250,0.0,0.0
2026-05-26 00:00:00+08:00,27.399999618530273,27.5,26.0,26.600000381469727,708719,0.0,0.0
2026-05-27 00:00:00+08:00,26.899999618530273,27.75,26.799999237060547,26.899999618530273,555500,0.0,0.0
2026-05-28 00:00:00+08:00,27.0,27.899999618530273,26.200000762939453,26.200000762939453,578064,0.0,0.0
2026-05-29 00:00:00+08:00,26.5,27.649999618530273,26.299999237060547,27.600000381469727,493803,0.0,0.0
2026-06-01 00:00:00+08:00,28.200000762939453,28.850000381469727,27.399999618530273,27.700000762939453,840293,0.0,0.0
2026-06-02 00:00:00+08:00,27.899999618530273,28.200000762939453,27.350000381469727,27.799999237060547,352080,0.0,0.0
2026-06-03 00:00:00+08:00,28.049999237060547,28.100000381469727,27.200000762939453,27.25,380583,0.0,0.0
2026-06-04 00:00:00+08:00,27.049999237060547,27.399999618530273,26.0,26.0,374126,0.0,0.0
2026-06-05 00:00:00+08:00,26.200000762939453,26.549999237060547,25.350000381469727,26.200000762939453,308096,0.0,0.0
2026-06-08 00:00:00+08:00,25.299999237060547,25.299999237060547,23.799999237060547,24.600000381469727,294079,0.0,0.0
2026-06-09 00:00:00+08:00,24.649999618530273,25.25,24.549999237060547,24.75,200000,0.0,0.0
2026-06-10 00:00:00+08:00,25.149999618530273,27.200000762939453,25.149999618530273,26.25,1094001,0.0,0.0
2026-06-11 00:00:00+08:00,27.0,28.5,26.350000381469727,27.149999618530273,1264100,0.0,0.0
2026-06-12 00:00:00+08:00,27.549999237060547,29.399999618530273,26.799999237060547,27.25,1085368,0.0,0.0
2026-06-15 00:00:00+08:00,27.399999618530273,27.600000381469727,26.950000762939453,27.450000762939453,443221,0.0,0.0
2026-06-16 00:00:00+08:00,27.899999618530273,30.100000381469727,27.299999237060547,28.950000762939453,1931010,0.0,0.0
2026-06-17 00:00:00+08:00,28.75,30.350000381469727,28.049999237060547,28.700000762939453,1438000,0.0,0.0
2026-06-18 00:00:00+08:00,28.799999237060547,29.100000381469727,28.299999237060547,28.399999618530273,568447,0.0,0.0
2026-06-22 00:00:00+08:00,29.149999618530273,30.5,28.799999237060547,29.600000381469727,1183237,0.0,0.0
2026-06-23 00:00:00+08:00,29.950000762939453,31.299999237060547,29.350000381469727,29.850000381469727,2027500,0.0,0.0
2026-06-24 00:00:00+08:00,29.549999237060547,30.100000381469727,28.350000381469727,28.899999618530273,707970,0.0,0.0
2026-06-25 00:00:00+08:00,28.700000762939453,28.75,27.450000762939453,27.5,510304,0.0,0.0
2026-06-26 00:00:00+08:00,27.149999618530273,27.549999237060547,25.850000381469727,25.850000381469727,500433,0.0,0.0
2026-06-29 00:00:00+08:00,25.799999237060547,26.299999237060547,25.450000762939453,25.5,324025,0.0,0.0
2026-06-30 00:00:00+08:00,25.850000381469727,27.600000381469727,25.799999237060547,27.450000762939453,319420,0.0,0.0
2026-07-01 00:00:00+08:00,27.799999237060547,28.0,26.5,26.5,264005,0.0,0.0
2026-07-02 00:00:00+08:00,26.0,26.75,26.0,26.600000381469727,231000,0.0,0.0
2026-07-03 00:00:00+08:00,26.399999618530273,27.200000762939453,26.149999618530273,26.649999618530273,135000,0.0,0.0
2026-07-06 00:00:00+08:00,27.200000762939453,27.299999237060547,26.149999618530273,26.149999618530273,256049,0.0,0.0
2026-07-07 00:00:00+08:00,26.25,26.799999237060547,25.25,25.299999237060547,383050,0.0,0.0
2026-07-08 00:00:00+08:00,25.399999618530273,25.799999237060547,24.899999618530273,25.200000762939453,239150,0.0,0.0
2026-07-09 00:00:00+08:00,26.600000381469727,27.700000762939453,26.600000381469727,27.700000762939453,647028,0.0,0.0
2026-07-10 00:00:00+08:00,27.700000762939453,27.700000762939453,27.700000762939453,27.700000762939453,0,0.0,0.0
2026-07-13 00:00:00+08:00,27.649999618530273,28.5,26.25,26.450000762939453,1310005,0.0,0.0
2026-07-14 00:00:00+08:00,26.350000381469727,26.450000762939453,24.25,25.399999618530273,390253,0.0,0.0
2026-07-15 00:00:00+08:00,25.649999618530273,26.0,25.450000762939453,25.600000381469727,122200,0.0,0.0
2026-07-16 00:00:00+08:00,25.200000762939453,25.350000381469727,24.600000381469727,24.600000381469727,193250,0.0,0.0
2026-07-17 00:00:00+08:00,24.200000762939453,24.200000762939453,22.450000762939453,23.0,266000,0.0,0.0
2026-07-20 00:00:00+08:00,23.0,23.149999618530273,22.149999618530273,22.75,122000,0.0,0.0
2026-07-21 00:00:00+08:00,22.799999237060547,23.350000381469727,22.799999237060547,23.149999618530273,47000,0.0,0.0
2026-07-22 00:00:00+08:00,23.75,23.850000381469727,23.5,23.5,74000,0.0,0.0
2026-07-23 00:00:00+08:00,23.649999618530273,23.649999618530273,22.950000762939453,23.100000381469727,74103,0.0,0.0
2026-07-24 00:00:00+08:00,23.100000381469727,23.100000381469727,22.549999237060547,22.799999237060547,87000,0.0,0.0
2026-07-27 00:00:00+08:00,22.899999618530273,22.899999618530273,22.299999237060547,22.600000381469727,73100,0.0,0.0
2026-07-28 00:00:00+08:00,22.149999618530273,22.299999237060547,21.5,21.5,122009,0.0,0.0
2026-07-29 00:00:00+08:00,21.899999618530273,21.899999618530273,19.850000381469727,19.850000381469727,297001,0.0,0.0
2026-07-30 00:00:00+08:00,19.850000381469727,20.850000381469727,19.75,20.100000381469727,194200,0.0,0.0
2026-07-31 00:00:00+08:00,21.899999618530273,21.899999618530273,20.899999618530273,21.149999618530273,82212,0.0,0.0
2026-08-03 00:00:00+08:00,20.850000381469727,22.100000381469727,20.850000381469727,21.549999237060547,98015,0.0,0.0
2026-08-04 00:00:00+08:00,21.899999618530273,22.0,21.549999237060547,21.899999618530273,79692,0.0,0.0
2026-08-05 00:00:00+08:00,22.799999237060547,22.850000381469727,22.25,22.450000762939453,94005,0.0,0.0
2026-08-06 00:00:00+08:00,22.399999618530273,22.899999618530273,22.200000762939453,22.799999237060547,55050,0.0,0.0
2026-08-07 00:00:00+08:00,24.899999618530273,25.049999237060547,23.549999237060547,23.600000381469727,974025,0.0,0.0
2026-08-10 00:00:00+08:00,24.450000762939453,24.950000762939453,24.25,24.350000381469727,473000,0.0,0.0
2026-08-11 00:00:00+08:00,24.350000381469727,25.200000762939453,24.350000381469727,24.600000381469727,137125,0.0,0.0
2026-08-12 00:00:00+08:00,25.0,26.200000762939453,24.649999618530273,24.649999618530273,384113,0.0,0.0
2026-08-13 00:00:00+08:00,24.649999618530273,25.100000381469727,24.0,24.450000762939453,489000,0.0,0.0
2026-08-14 00:00:00+08:00,24.450000762939453,24.700000762939453,24.149999618530273,24.649999618530273,139000,0.0,0.0
2026-08-17 00:00:00+08:00,24.299999237060547,24.399999618530273,24.0,24.149999618530273,75121,0.0,0.0
2026-08-18 00:00:00+08:00,23.850000381469727,23.950000762939453,23.149999618530273,23.200000762939453,113010,0.0,0.0
2026-08-19 00:00:00+08:00,23.0,23.549999237060547,22.950000762939453,23.149999618530273,104259,0.0,0.0
2026-08-20 00:00:00+08:00,23.200000762939453,23.450000762939453,23.200000762939453,23.25,42000,0.0,0.0
2026-08-21 00:00:00+08:00,23.149999618530273,23.149999618530273,22.799999237060547,22.799999237060547,73552,0.0,0.0
2026-08-24 00:00:00+08:00,23.100000381469727,23.450000762939453,23.0,23.399999618530273,87176,0.0,0.0
2026-08-25 00:00:00+08:00,23.399999618530273,23.399999618530273,22.649999618530273,22.75,89050,0.0,0.0
2026-08-26 00:00:00+08:00,23.25,23.450000762939453,23.100000381469727,23.25,55000,0.0,0.0
2026-08-27 00:00:00+08:00,23.5,23.600000381469727,23.25,23.299999237060547,72642,0.0,0.0
2026-08-28 00:00:00+08:00,23.399999618530273,23.549999237060547,23.049999237060547,23.049999237060547,48200,0.0,0.0
2026-08-31 00:00:00+08:00,23.0,23.0,22.75,22.799999237060547,81150,0.0,0.0
2026-09-01 00:00:00+08:00,22.799999237060547,23.200000762939453,22.799999237060547,23.100000381469727,56100,0.0,0.0
2026-09-02 00:00:00+08:00,23.100000381469727,23.799999237060547,23.100000381469727,23.399999618530273,134265,0.0,0.0
2026-09-03 00:00:00+08:00,23.5,23.5,22.899999618530273,22.899999618530273,112100,0.0,0.0
2026-09-04 00:00:00+08:00,23.299999237060547,23.299999237060547,22.649999618530273,23.149999618530273,112100,0.0,0.0
