Date,Open,High,Low,Close,Volume,Dividends,Stock Splits
2007-04-26 00:00:00-04:00,8.17545488167069,8.183589848940764,8.134781079711225,8.138848304748535,317433,0.0,0.0
2007-04-27 00:00:00-04:00,8.13885008496667,8.146985054016113,8.130715633112793,8.146985054016113,341333,0.0,0.0
2007-04-30 00:00:00-04:00,8.146983272018609,8.146983272018609,8.134781079711225,8.138848304748535,83133,0.0,0.0
2007-05-01 00:00:00-04:00,8.1388516224237,8.195795382135545,8.134784395728449,8.191727638244629,144200,0.0,0.0
2007-05-02 00:00:00-04:00,8.19579279760958,8.240533828735352,8.175455636155274,8.240533828735352,112600,0.0,0.0
2007-05-03 00:00:00-04:00,8.240532422081607,8.330014986254032,8.212060814662065,8.325947761535645,102733,0.0,0.0
2007-05-04 00:00:00-04:00,8.338154403672132,8.358491572510582,8.269008960573636,8.297480583190918,72900,0.0,0.0
2007-05-07 00:00:00-04:00,8.305608477456026,8.305608477456026,8.240530312643674,8.289339065551758,59833,0.0,0.0
2007-05-08 00:00:00-04:00,8.269005831797697,8.297477443642064,8.195792672316047,8.248668670654297,64667,0.0,0.0
2007-05-09 00:00:00-04:00,8.256796640294995,8.293402671813965,8.195785725771621,8.293402671813965,63233,0.0,0.0
2007-05-10 00:00:00-04:00,8.293416279876697,8.293416279876697,8.224270808091141,8.256810188293457,46700,0.0,0.0
2007-05-11 00:00:00-04:00,8.260872014317426,8.297478599156117,8.240534850341856,8.252737045288086,40733,0.0,0.0
2007-05-14 00:00:00-04:00,8.285284749445102,8.285284749445102,8.240543150511732,8.269015312194824,56133,0.0,0.0
2007-05-15 00:00:00-04:00,8.28934694653829,8.28934694653829,8.216133747569689,8.22020149230957,43233,0.0,0.0
2007-05-16 00:00:00-04:00,8.244604740337548,8.244604740337548,8.138852184200553,8.151054382324219,55633,0.0,0.0
2007-05-17 00:00:00-04:00,8.15512091105229,8.167323107357333,8.037166174371668,8.134783744812012,129567,0.0,0.0
2007-05-18 00:00:00-04:00,8.151053167486861,8.151053167486861,8.134783744812012,8.134783744812012,160733,0.0,0.0
2007-05-21 00:00:00-04:00,8.138848304748535,8.138848304748535,8.134781079711225,8.138848304748535,77567,0.0,0.0
2007-05-22 00:00:00-04:00,8.134783744812012,8.138850971181819,8.134783744812012,8.134783744812012,70633,0.0,0.0
2007-05-23 00:00:00-04:00,8.138848304748535,8.138848304748535,8.134781079711225,8.138848304748535,62700,0.0,0.0
2007-05-24 00:00:00-04:00,8.134783744812012,8.138850971181819,8.134783744812012,8.134783744812012,101233,0.0,0.0
2007-05-25 00:00:00-04:00,8.134783744812012,8.138850971181819,8.134783744812012,8.134783744812012,79633,0.0,0.0
2007-05-29 00:00:00-04:00,8.134781079711225,8.138848304748535,8.134781079711225,8.138848304748535,103600,0.0,0.0
2007-05-30 00:00:00-04:00,8.134781079711225,8.138848304748535,8.134781079711225,8.138848304748535,278267,0.0,0.0
2007-05-31 00:00:00-04:00,8.134781079711225,8.138848304748535,8.134781079711225,8.138848304748535,76767,0.0,0.0
2007-06-01 00:00:00-04:00,8.134783744812012,8.138850971181819,8.130716518442204,8.134783744812012,309433,0.0,0.0
2007-06-04 00:00:00-04:00,8.134783188230386,8.175457000732422,8.134783188230386,8.175457000732422,119233,0.0,0.0
2007-06-05 00:00:00-04:00,8.175457560096946,8.175457560096946,8.134783744812012,8.134783744812012,112300,0.0,0.0
2007-06-06 00:00:00-04:00,8.138850971181819,8.142918714747248,8.134783744812012,8.134783744812012,97333,0.0,0.0
2007-06-07 00:00:00-04:00,8.138850971181819,8.138850971181819,8.134783744812012,8.134783744812012,262633,0.0,0.0
2007-06-08 00:00:00-04:00,8.134783744812012,8.138850971181819,8.134783744812012,8.134783744812012,210867,0.0,0.0
2007-06-11 00:00:00-04:00,8.134784478031985,8.134784478031985,7.911077698007838,7.980223655700684,76167,0.0,0.0
2007-06-12 00:00:00-04:00,7.972092236735155,7.980227211027897,7.732115925656195,7.7687225341796875,70433,0.0,0.0
2007-06-13 00:00:00-04:00,7.809399601353883,7.817534579011392,7.374188382001336,7.711782455444336,150300,0.0,0.0
2007-06-14 00:00:00-04:00,7.7105478167816885,7.943952478061869,7.653220054668102,7.8047285079956055,71733,0.381,0.0
2007-06-15 00:00:00-04:00,7.784255981445312,7.882531870080625,7.7105495856523385,7.7842559814453125,62033,0.0,0.0
2007-06-18 00:00:00-04:00,7.784253610852004,7.8211070578670085,7.624555861137006,7.636840343475342,66433,0.0,0.0
2007-06-19 00:00:00-04:00,7.620458328277685,7.690070021440366,7.579509722164531,7.669595718383789,106433,0.0,0.0
2007-06-20 00:00:00-04:00,7.608180046081543,7.677791795930538,7.563136750950632,7.608180046081543,84500,0.0,0.0
2007-06-21 00:00:00-04:00,7.673693790490345,7.677788444375339,7.522185348545335,7.636840343475342,86933,0.0,0.0
2007-06-22 00:00:00-04:00,7.739207194960762,7.739207194960762,7.48942301247188,7.53446626663208,88433,0.0,0.0
2007-06-25 00:00:00-04:00,7.595895196901562,7.595895196901562,7.399343403041903,7.460765838623047,120100,0.0,0.0
2007-06-26 00:00:00-04:00,7.460760195504406,7.513992759183197,7.391148501620562,7.4853291511535645,100100,0.0,0.0
2007-06-27 00:00:00-04:00,7.440288789018818,7.489426719448373,7.370677068032524,7.481237411499023,98633,0.0,0.0
2007-06-28 00:00:00-04:00,7.448479105250173,7.649125494077952,7.423910138427041,7.595892906188965,60767,0.0,0.0
2007-06-29 00:00:00-04:00,7.595892648637158,7.657314542928975,7.4935221305729565,7.612271785736084,53667,0.0,0.0
2007-07-02 00:00:00-04:00,7.616368095893247,7.677790524223735,7.513997555570264,7.657316207885742,37000,0.0,0.0
2007-07-03 00:00:00-04:00,7.608177844364162,7.780160101722584,7.608177844364162,7.771970272064209,27567,0.0,0.0
2007-07-05 00:00:00-04:00,7.788349236372661,7.972615961433535,7.7842540615672,7.927573204040527,44967,0.0,0.0
2007-07-06 00:00:00-04:00,7.9767085457520475,7.9767085457520475,7.784252041702422,7.8784332275390625,31767,0.0,0.0
2007-07-09 00:00:00-04:00,7.898906179936174,8.02175096559246,7.821104655914923,7.841578960418701,75000,0.0,0.0
2007-07-10 00:00:00-04:00,7.821109494424634,7.8702474390862145,7.780161380767822,7.780161380767822,40600,0.0,0.0
2007-07-11 00:00:00-04:00,7.800635643340205,7.923479983450835,7.7555923541545155,7.7842559814453125,43700,0.0,0.0
2007-07-12 00:00:00-04:00,7.8415784868450435,7.882526572696444,7.657311319488996,7.694164752960205,52233,0.0,0.0
2007-07-13 00:00:00-04:00,7.677787028401491,7.776062868983673,7.608175321777951,7.722830295562744,49367,0.0,0.0
2007-07-16 00:00:00-04:00,7.698265124015804,7.7596870339243855,7.5180930080680035,7.554945945739746,70300,0.0,0.0
2007-07-17 00:00:00-04:00,7.554944024864773,7.6327455769388965,7.460763335691724,7.612271785736084,69033,0.0,0.0
2007-07-18 00:00:00-04:00,7.57950781807064,7.57950781807064,7.3993358708942045,7.489421844482422,101767,0.0,0.0
2007-07-19 00:00:00-04:00,7.550037384033203,7.558284473218051,7.442827846249225,7.550037384033203,70900,0.381,0.0
2007-07-20 00:00:00-04:00,7.554165430339806,7.5747829041419985,7.4222150661133615,7.484066963195801,61900,0.0,0.0
2007-07-23 00:00:00-04:00,7.4469578023123235,7.500562619242567,7.319130689175153,7.39335298538208,95833,0.0,0.0
2007-07-24 00:00:00-04:00,7.356237246605001,7.368607621586399,7.0593487713753795,7.162435054779053,200767,0.0,0.0
2007-07-25 00:00:00-04:00,7.121200136926082,7.211916038859743,6.857298997640214,7.09645938873291,193267,0.0,0.0
2007-07-26 00:00:00-04:00,6.989256198873312,7.125330448150635,6.803700928728666,7.125330448150635,187433,0.0,0.0
2007-07-27 00:00:00-04:00,7.2077957488273725,7.2366603186885055,6.927401339673171,6.981006145477295,118233,0.0,0.0
2007-07-30 00:00:00-04:00,7.009865638740439,7.129445552825928,6.861421173538733,7.129445552825928,85300,0.0,0.0
2007-07-31 00:00:00-04:00,7.129446773407003,7.236656858070842,7.063471619019058,7.228409767150879,85867,0.0,0.0
2007-08-01 00:00:00-04:00,7.051101175604122,7.100582671990467,6.882039745833387,7.09645938873291,108600,0.0,0.0
2007-08-02 00:00:00-04:00,7.117079383679971,7.133573572436604,6.972758640166334,7.06759786605835,88967,0.0,0.0
2007-08-03 00:00:00-04:00,6.985125962205335,7.022237084178136,6.803694159887579,6.898533344268799,99067,0.0,0.0
2007-08-06 00:00:00-04:00,6.898531686781859,6.9232724288193515,6.605767113211164,6.7047295570373535,158300,0.0,0.0
2007-08-07 00:00:00-04:00,6.6799931761783755,6.721228122711182,6.185179061025949,6.721228122711182,208733,0.0,0.0
2007-08-08 00:00:00-04:00,6.721224461269547,7.030483245849609,6.721224461269547,7.030483245849609,103133,0.0,0.0
2007-08-09 00:00:00-04:00,6.857299695174564,7.075842643562147,6.721226090594428,6.906781196594238,73733,0.0,0.0
2007-08-10 00:00:00-04:00,6.725354871245856,6.8037004710881925,6.576910245655495,6.717107772827148,86167,0.0,0.0
2007-08-13 00:00:00-04:00,6.717100046190088,6.803692644844221,6.5769026802865636,6.675865650177002,121733,0.0,0.0
2007-08-14 00:00:00-04:00,6.6758679503893985,6.741843111607251,6.432584248466331,6.47794246673584,163433,0.0,0.0
2007-08-15 00:00:00-04:00,6.391352512797371,6.548043651799888,6.22641427857002,6.288266181945801,167067,0.0,0.0
2007-08-16 00:00:00-04:00,5.946056603980457,6.257912708481655,5.7215198280558734,6.1955413818359375,290700,0.381,0.0
2007-08-17 00:00:00-04:00,6.590559482574464,6.74025067969456,6.328600416341732,6.590559482574463,127867,0.0,0.0
2007-08-20 00:00:00-04:00,6.569767174279924,6.756880578817822,6.490763689810389,6.727774143218994,97067,0.0,0.0
2007-08-21 00:00:00-04:00,6.632135291006536,6.919042677970014,6.627977381514239,6.860829830169678,120333,0.0,0.0
2007-08-22 00:00:00-04:00,6.902413448585752,6.985575374910442,6.748564387175982,6.798461437225342,92200,0.0,0.0
2007-08-23 00:00:00-04:00,6.956471054180197,6.977261675846088,6.736092685177141,6.765199661254883,110333,0.0,0.0
2007-08-24 00:00:00-04:00,6.819253814268859,6.985577181197838,6.785988929392101,6.923205852508545,91167,0.0,0.0
2007-08-27 00:00:00-04:00,6.9606254173054225,6.99388975800728,6.815092208371515,6.885779857635498,115700,0.0,0.0
2007-08-28 00:00:00-04:00,6.777671192089703,6.827567712233153,6.652928569912932,6.727774143218994,130000,0.0,0.0
2007-08-29 00:00:00-04:00,6.677876747798574,6.7735124006862275,6.615505439946959,6.6903510093688965,106900,0.0,0.0
2007-08-30 00:00:00-04:00,6.6196627283852365,6.6778761198147985,6.586398386477357,6.640453338623047,80933,0.0,0.0
2007-08-31 00:00:00-04:00,6.68203805645306,6.931522885991231,6.661247962415921,6.889942169189453,89067,0.0,0.0
2007-09-04 00:00:00-04:00,6.8816157623818786,6.952302819388753,6.798453927914553,6.948144912719727,49267,0.0,0.0
2007-09-05 00:00:00-04:00,6.798462447149642,6.856675857097364,6.748565389687982,6.802620887756348,72900,0.0,0.0
2007-09-06 00:00:00-04:00,6.802619877214303,6.889939186073412,6.727774302140262,6.798461437225342,79367,0.0,0.0
2007-09-07 00:00:00-04:00,6.715298698789714,6.744405129264426,6.515710538443878,6.652927398681641,101867,0.0,0.0
2007-09-10 00:00:00-04:00,6.652926804129962,6.715298098664103,6.486603528281289,6.540658473968506,77867,0.0,0.0
2007-09-11 00:00:00-04:00,6.540658594364907,6.623820498183596,6.4866036476826805,6.503235816955566,116333,0.0,0.0
2007-09-12 00:00:00-04:00,6.490758846050551,6.573920179624016,6.465810340233139,6.528181076049805,84967,0.0,0.0
2007-09-13 00:00:00-04:00,6.524027969949387,6.6529285019732995,6.524027969949387,6.573925018310547,120267,0.0,0.0
2007-09-14 00:00:00-04:00,6.565605419135707,6.7152964901624435,6.511550486396161,6.682031631469727,81667,0.0,0.0
2007-09-17 00:00:00-04:00,6.648772902141424,6.648772902141424,6.553136683294439,6.590559482574463,81667,0.0,0.0
2007-09-18 00:00:00-04:00,6.569768600304112,6.686194896697997,6.499080922818161,6.686194896697998,128000,0.0,0.0
2007-09-19 00:00:00-04:00,6.578081346603781,6.736088275909423,6.578081346603781,6.736088275909424,159567,0.0,0.0
2007-09-20 00:00:00-04:00,6.655202720194629,6.718066833124385,6.60072066662377,6.609102725982666,136267,0.381,0.0
2007-09-21 00:00:00-04:00,6.579765569364657,6.638438917147347,6.516901991396816,6.630056858062744,129833,0.0,0.0
2007-09-24 00:00:00-04:00,6.600723128164969,6.638441609988795,6.470804090629005,6.495949745178223,162500,0.0,0.0
2007-09-25 00:00:00-04:00,6.48756760487412,6.48756760487412,6.324121385169752,6.378603458404541,221433,0.0,0.0
2007-09-26 00:00:00-04:00,6.40793633711241,6.600719402199484,6.370217876579851,6.571382999420166,169600,0.0,0.0
2007-09-27 00:00:00-04:00,6.583961078370442,6.642633930792538,6.391177859302637,6.512714862823486,110033,0.0,0.0
2007-09-28 00:00:00-04:00,6.546242653040668,6.575579079544485,6.491760565846405,6.5001420974731445,152867,0.0,0.0
2007-10-01 00:00:00-04:00,6.5588138068206145,6.776742099890797,6.533668152557905,6.6803507804870605,181067,0.0,0.0
2007-10-02 00:00:00-04:00,6.701303653218082,6.806077003479004,6.671966710137363,6.806077003479004,138667,0.0,0.0
2007-10-03 00:00:00-04:00,6.789313229790487,7.019814825274883,6.789313229790487,6.9862871170043945,169100,0.0,0.0
2007-10-04 00:00:00-04:00,6.969522611143732,7.057532367467458,6.927613381005453,7.044959545135498,109200,0.0,0.0
2007-10-05 00:00:00-04:00,7.061723521450677,7.166496869047585,7.057532758076338,7.141351222991943,144767,0.0,0.0
2007-10-08 00:00:00-04:00,7.14554650367399,7.204219355250315,7.0533459276932655,7.074300289154053,124267,0.0,0.0
2007-10-09 00:00:00-04:00,7.0575354532753085,7.086871873908563,6.990480549154297,7.036580562591553,106367,0.0,0.0
2007-10-10 00:00:00-04:00,7.024008243794978,7.124590873718263,6.952762569536016,7.124590873718262,90267,0.0,0.0
2007-10-11 00:00:00-04:00,7.128783774350315,7.141356606856787,6.982101083711603,7.015628814697266,137233,0.0,0.0
2007-10-12 00:00:00-04:00,7.024010347764777,7.112020175310086,6.965337484671374,7.015628814697266,94667,0.0,0.0
2007-10-15 00:00:00-04:00,6.944379307822423,7.003052676121939,6.7683602687337805,6.814460277557373,148833,0.0,0.0
2007-10-16 00:00:00-04:00,6.8228426436740905,6.8312247060633196,6.5755773986940955,6.6803507804870605,189433,0.0,0.0
2007-10-17 00:00:00-04:00,6.709683309291065,6.768356646187557,6.621674103303331,6.734828948974609,99567,0.0,0.0
2007-10-18 00:00:00-04:00,6.674423771062399,6.737788121939337,6.564591119432579,6.661750793457031,179133,0.381,0.0
2007-10-19 00:00:00-04:00,6.615287212939993,6.640633184177905,6.4378659514248495,6.458987236022949,118100,0.0,0.0
2007-10-22 00:00:00-04:00,6.420963933520211,6.463207548426824,6.281561723207993,6.412515640258789,178167,0.0,0.0
2007-10-23 00:00:00-04:00,6.454762818087989,6.526576042175292,6.408295027034273,6.526576042175293,133467,0.0,0.0
2007-10-24 00:00:00-04:00,6.530799900013057,6.530799900013057,6.357602817165738,6.378724098205566,123800,0.0,0.0
2007-10-25 00:00:00-04:00,6.3576015722799895,6.366049868181595,6.218198781253,6.264666557312012,194167,0.0,0.0
2007-10-26 00:00:00-04:00,6.349154788038873,6.526576042175292,6.33648180294697,6.526576042175293,129567,0.0,0.0
2007-10-29 00:00:00-04:00,6.513897304532422,6.589935147933322,6.501224330632273,6.5857110023498535,128100,0.0,0.0
2007-10-30 00:00:00-04:00,6.505453963524309,6.665978063639754,6.488556831183249,6.594164848327637,153533,0.0,0.0
2007-10-31 00:00:00-04:00,6.594159067730504,6.708215282485947,6.585710240391342,6.636402130126953,154467,0.0,0.0
2007-11-01 00:00:00-04:00,6.594162856955109,6.615284131715478,6.497003166747449,6.530797958374023,110733,0.0,0.0
2007-11-02 00:00:00-04:00,6.5350166030052765,6.573035510139641,6.382941511617357,6.433632850646973,114333,0.0,0.0
2007-11-05 00:00:00-05:00,6.357597795297489,6.395616178568481,6.25198986206763,6.311130046844482,146033,0.0,0.0
2007-11-06 00:00:00-05:00,6.332256256291241,6.374499351559042,6.230872397928442,6.239321231842041,159133,0.0,0.0
2007-11-07 00:00:00-05:00,6.218202755916535,6.332259657843575,6.019659618069725,6.099921703338623,214800,0.0,0.0
2007-11-08 00:00:00-05:00,6.040776559047975,6.14638453709322,5.935168581002731,6.049224853515625,221133,0.0,0.0
2007-11-09 00:00:00-05:00,5.947843690435939,6.023881053631955,5.888702922227766,5.981637954711914,163933,0.0,0.0
2007-11-12 00:00:00-05:00,5.935168806816435,5.977411892211753,5.863355078209418,5.905598163604736,179833,0.0,0.0
2007-11-13 00:00:00-05:00,6.044999152810165,6.125261152526457,5.9140452507152,6.121037006378174,161200,0.0,0.0
2007-11-14 00:00:00-05:00,6.277337761744875,6.277337761744875,6.087243100507375,6.1928510665893555,193500,0.0,0.0
2007-11-15 00:00:00-05:00,6.208617473919021,6.238445980271634,6.067997062917331,6.127654075622559,169967,0.381,0.0
2007-11-16 00:00:00-05:00,6.136180623015198,6.178792879331395,5.927379862668326,5.999821186065674,181033,0.0,0.0
2007-11-19 00:00:00-05:00,6.4728158867589,6.4728158867589,5.820846913599764,5.859198093414307,185400,0.0,0.0
2007-11-20 00:00:00-05:00,5.880502659771122,5.9614660558566825,5.590738641231285,5.727097988128662,284033,0.0,0.0
2007-11-21 00:00:00-05:00,5.629092221275767,5.65892073959572,5.543867186562041,5.569434642791748,228500,0.0,0.0
2007-11-23 00:00:00-05:00,5.556650415979906,5.773973774428123,5.556650415979906,5.756928443908691,83933,0.0,0.0
2007-11-26 00:00:00-05:00,5.812324758411434,5.876243397042313,5.548128621810629,5.612046718597412,219733,0.0,0.0
2007-11-27 00:00:00-05:00,5.595002840955338,5.727101201711222,5.577958048489987,5.641876697540283,284400,0.0,0.0
2007-11-28 00:00:00-05:00,5.646134464589962,5.893286249375767,5.641873404421818,5.829367637634277,232033,0.0,0.0
2007-11-29 00:00:00-05:00,5.837890948447606,5.850674673402792,5.722837965694905,5.846413612365723,196767,0.0,0.0
2007-11-30 00:00:00-05:00,5.965729912727322,6.136179447174072,5.965729912727322,6.136179447174072,237400,0.0,0.0
2007-12-03 00:00:00-05:00,6.131917230459263,6.229925987442755,6.072260197377206,6.208619594573975,198333,0.0,0.0
2007-12-04 00:00:00-05:00,6.208621452099055,6.208621452099055,5.991298563931748,6.059478282928467,170100,0.0,0.0
2007-12-05 00:00:00-05:00,6.1063491343969964,6.11487125641795,5.927376986141344,6.038168907165527,256600,0.0,0.0
2007-12-06 00:00:00-05:00,6.0424353336439145,6.183055877685547,5.98703932890967,6.183055877685547,215633,0.0,0.0
2007-12-07 00:00:00-05:00,6.1787889675664065,6.204356413538331,6.110609292255907,6.127654075622559,178067,0.0,0.0
2007-12-10 00:00:00-05:00,6.114872212274563,6.195835635193397,6.10208848540085,6.191574573516846,193933,0.0,0.0
2007-12-11 00:00:00-05:00,6.148960802113529,6.17026664704207,5.927376438686798,5.978511333465576,239233,0.0,0.0
2007-12-12 00:00:00-05:00,6.09356687198908,6.1319175139755435,5.901810952836244,5.944423198699951,260100,0.0,0.0
2007-12-13 00:00:00-05:00,5.897549107752597,5.901810169219971,5.786757174848601,5.901810169219971,274900,0.0,0.0
2007-12-14 00:00:00-05:00,5.859200181545119,5.901812438132963,5.765453000314166,5.816587924957275,226667,0.0,0.0
2007-12-17 00:00:00-05:00,5.8251077590499785,5.867720540714384,5.548127929295509,5.560911655426025,323667,0.0,0.0
2007-12-18 00:00:00-05:00,5.5907426096089825,5.624832199608597,5.411770365656085,5.531085014343262,349100,0.0,0.0
2007-12-19 00:00:00-05:00,5.543867921715102,5.641876697540283,5.475688210009514,5.641876697540283,358167,0.0,0.0
2007-12-20 00:00:00-05:00,5.649188469136463,5.649188469136463,5.485693381382869,5.593255996704102,343800,0.381,0.0
2007-12-21 00:00:00-05:00,5.614767896710752,5.662095155867999,5.520112831304588,5.541625022888184,471300,0.0,0.0
2007-12-24 00:00:00-05:00,5.59325719308172,5.730937238840144,5.576047324134884,5.683609962463379,257533,0.0,0.0
2007-12-26 00:00:00-05:00,5.7008184778994995,5.7739608138767125,5.66209587164389,5.726633548736572,406500,0.0,0.0
2007-12-27 00:00:00-05:00,5.713726825751034,5.739541900258744,5.679306544043481,5.7094244956970215,417533,0.0,0.0
2007-12-28 00:00:00-05:00,5.709422876919322,5.7696576689645545,5.6707002761366745,5.743842601776123,493567,0.0,0.0
2007-12-31 00:00:00-05:00,5.722330410513538,5.7868675313929545,5.584649869811348,5.743842601776123,630333,0.0,0.0
2008-01-02 00:00:00-05:00,5.786866897420892,5.933152079765383,5.752447176334896,5.903034687042236,178933,0.0,0.0
2008-01-03 00:00:00-05:00,5.937452773765783,6.057922847488583,5.829890227480833,5.989082336425781,181367,0.0,0.0
2008-01-04 00:00:00-05:00,5.971878125288102,5.980483334075231,5.782567908706605,5.808382987976074,144033,0.0,0.0
2008-01-07 00:00:00-05:00,5.872918990026845,5.9159439273528776,5.687911157723969,5.911641597747803,158400,0.0,0.0
2008-01-08 00:00:00-05:00,5.911643963748187,6.00629908258571,5.778266221691861,5.812685966491699,147267,0.0,0.0
2008-01-09 00:00:00-05:00,5.872918578473345,5.872918578473345,5.636280619125283,5.679305553436279,157700,0.0,0.0
2008-01-10 00:00:00-05:00,5.705124259158329,5.898737407579674,5.627679546881863,5.868619441986084,187267,0.0,0.0
2008-01-11 00:00:00-05:00,5.881525657934342,5.881525657934342,5.739543261558496,5.804080963134766,116033,0.0,0.0
2008-01-14 00:00:00-05:00,5.868619502349937,5.868619502349937,5.739544615833465,5.786871910095215,126633,0.0,0.0
2008-01-15 00:00:00-05:00,5.769661733567966,5.808384361629877,5.675006602891753,5.765359401702881,164800,0.0,0.0
2008-01-16 00:00:00-05:00,5.668491169361415,5.807488515998329,5.6207105207714,5.764051914215088,166633,0.381,0.0
2008-01-17 00:00:00-05:00,5.80748699469132,5.80748699469132,5.546866899936558,5.56858491897583,131733,0.0,0.0
2008-01-18 00:00:00-05:00,5.681528642045537,5.716277741910755,5.3253467783016655,5.381814479827881,154867,0.0,0.0
2008-01-22 00:00:00-05:00,4.995222423141857,5.603336567728757,4.995222423141857,5.516462802886963,300633,0.0,0.0
2008-01-23 00:00:00-05:00,5.473027169090846,5.707585326420401,5.355748366589326,5.68152379989624,170300,0.0,0.0
2008-01-24 00:00:00-05:00,5.7553654218684605,5.77273995528307,5.538181821043236,5.724959850311279,145533,0.0,0.0
2008-01-25 00:00:00-05:00,6.015985598546183,6.015985598546183,5.707584732458086,5.737990856170654,121333,0.0,0.0
2008-01-28 00:00:00-05:00,5.798806047704322,5.994271755218507,5.729307313586004,5.994271755218506,183700,0.0,0.0
2008-01-29 00:00:00-05:00,5.994267907577453,6.015985937365064,5.903050635955324,6.007298946380615,73100,0.0,0.0
2008-01-30 00:00:00-05:00,6.020329521859874,6.159326890178715,5.976892360974597,6.011641979217529,200467,0.0,0.0
2008-01-31 00:00:00-05:00,6.002952840384178,6.150637712075812,5.916079646366181,6.111544609069824,132733,0.0,0.0
2008-02-01 00:00:00-05:00,6.102858726748769,6.298323724865768,6.076796653356316,6.237512588500977,155233,0.0,0.0
2008-02-04 00:00:00-05:00,6.2375129530521,6.315698625472619,6.055078428642553,6.076797008514404,135133,0.0,0.0
2008-02-05 00:00:00-05:00,6.076804849611723,6.141959568645653,5.994275023330079,6.03336763381958,85400,0.0,0.0
2008-02-06 00:00:00-05:00,6.1376081484333005,6.146295690847327,6.059421923686352,6.076797008514404,99600,0.0,0.0
2008-02-07 00:00:00-05:00,6.05073352479693,6.115888696915873,5.955172789797914,6.081139087677002,114633,0.0,0.0
2008-02-08 00:00:00-05:00,6.085486685438082,6.141954355244525,5.911740179057233,5.972551345825195,98433,0.0,0.0
2008-02-11 00:00:00-05:00,5.916085472212832,6.0290208461142445,5.894366876157865,5.994271755218506,98767,0.0,0.0
2008-02-12 00:00:00-05:00,5.985580331512884,6.024673447708447,5.916081642385156,6.02032995223999,122933,0.0,0.0
2008-02-13 00:00:00-05:00,6.0497016743791905,6.054085337631672,5.953257180784591,6.001479148864746,81400,0.381,0.0
2008-02-14 00:00:00-05:00,5.9927158333338575,5.9927158333338575,5.593786007648798,5.681463241577148,186500,0.0,0.0
2008-02-15 00:00:00-05:00,5.593782548402825,5.953258037567139,5.593782548402825,5.953258037567139,169833,0.0,0.0
2008-02-19 00:00:00-05:00,6.119841540032629,6.203134465563306,6.014629188863712,6.036548614501953,174367,0.0,0.0
2008-02-20 00:00:00-05:00,5.913805115564862,6.317118476091366,5.878734121963433,6.255744934082031,199767,0.0,0.0
2008-02-21 00:00:00-05:00,6.2250582005586566,6.303967525627171,6.128613655730889,6.185604095458984,158333,0.0,0.0
2008-02-22 00:00:00-05:00,6.22943833377935,6.22943833377935,5.940104889251292,6.045316696166992,84067,0.0,0.0
2008-02-25 00:00:00-05:00,6.027788365135782,6.089161942739343,5.940111666435022,6.005868911743164,90533,0.0,0.0
2008-02-26 00:00:00-05:00,5.9970971957828185,6.132996369706489,5.957642542956484,6.106693267822266,110167,0.0,0.0
2008-02-27 00:00:00-05:00,6.106695260572181,6.474938249682701,5.988331263468383,6.334654808044434,262033,0.0,0.0
2008-02-28 00:00:00-05:00,6.268893502474123,6.277660828624585,6.102307058969887,6.1943678855896,108233,0.0,0.0
2008-02-29 00:00:00-05:00,6.1680617196415675,6.1680617196415675,5.983940715556531,6.014627456665039,71567,0.0,0.0
2008-03-03 00:00:00-05:00,6.032163503896599,6.032163503896599,5.931335387209247,5.983941555023193,69367,0.0,0.0
2008-03-04 00:00:00-05:00,5.962028592874303,5.988331705282435,5.8743519231369765,5.975180149078369,76367,0.0,0.0
2008-03-05 00:00:00-05:00,6.014629053835738,6.027780597436601,5.883113617827103,5.957639217376709,91700,0.0,0.0
2008-03-06 00:00:00-05:00,5.922565866074972,5.975172019315802,5.821737777319325,5.839272975921631,100900,0.0,0.0
2008-03-07 00:00:00-05:00,5.812974075581395,5.830509844216033,5.755984221104607,5.808590412139893,86900,0.0,0.0
2008-03-10 00:00:00-04:00,5.742836381878174,5.755987938129833,5.545563595537975,5.549947261810303,71233,0.0,0.0
2008-03-11 00:00:00-04:00,5.703380200775737,5.764754299487322,5.53679423738426,5.716531753540039,72667,0.0,0.0
2008-03-12 00:00:00-04:00,5.6989956906745585,5.799823875294709,5.620086385788644,5.6946120262146,65067,0.0,0.0
2008-03-13 00:00:00-04:00,5.5587088680666925,5.734062567385758,5.536789446614043,5.720911026000977,107533,0.0,0.0
2008-03-14 00:00:00-04:00,5.720914155187726,5.720914155187726,5.497337829356191,5.545560359954834,56700,0.0,0.0
2008-03-17 00:00:00-04:00,5.2649927139282235,5.471033212811902,5.208002871727192,5.264992713928223,102633,0.0,0.0
2008-03-18 00:00:00-04:00,5.326366228458135,5.440345901141972,5.260608510588947,5.3351335525512695,88267,0.0,0.0
2008-03-19 00:00:00-04:00,5.33074854959824,5.462263952254988,5.264990848269866,5.313213348388672,100033,0.0,0.0
2008-03-20 00:00:00-04:00,5.320748339872389,5.542261600494385,5.285306533641788,5.542261600494385,75067,0.381,0.0
2008-03-24 00:00:00-04:00,5.555551038987904,5.582132668728193,5.4270735374679795,5.475806713104248,100367,0.0,0.0
2008-03-25 00:00:00-04:00,5.493535324321687,5.520116991380602,5.422651066610582,5.440371990203857,90833,0.0,0.0
2008-03-26 00:00:00-04:00,5.493527008857726,5.537829532449895,5.453654568623629,5.471375465393066,87833,0.0,0.0
2008-03-27 00:00:00-04:00,5.51125059842308,5.577704697949368,5.480238873089954,5.573274612426758,68967,0.0,0.0
2008-03-28 00:00:00-04:00,5.586564411595558,5.688460303359905,5.555552128591344,5.559982776641846,80667,0.0,0.0
2008-03-31 00:00:00-04:00,5.599855485661341,5.657449412052123,5.5422621226079665,5.6131463050842285,85333,0.0,0.0
2008-04-01 00:00:00-04:00,5.648586293884987,5.909971923320126,5.648586293884987,5.821366310119629,93767,0.0,0.0
2008-04-02 00:00:00-04:00,5.847949925569268,5.874531562231276,5.728333123927592,5.7549147605896,73467,0.0,0.0
2008-04-03 00:00:00-04:00,5.710610959335315,5.945415012261415,5.701750790422404,5.923264026641846,90100,0.0,0.0
2008-04-04 00:00:00-04:00,5.896682130428102,5.980857111373038,5.816937233742185,5.870100498199463,83167,0.0,0.0
2008-04-07 00:00:00-04:00,5.945420367970082,6.060607737635766,5.914408622164544,6.042886257171631,75067,0.0,0.0
2008-04-08 00:00:00-04:00,5.994148260670045,6.011869162028392,5.896682458193186,5.936554908752441,55367,0.0,0.0
2008-04-09 00:00:00-04:00,5.936556147052822,5.945416317911482,5.706182127991624,5.732763767242432,112000,0.0,0.0
2008-04-10 00:00:00-04:00,5.746053744159087,5.830228734995846,5.697321121571278,5.7947869300842285,112800,0.0,0.0
2008-04-11 00:00:00-04:00,5.7194699401240845,5.759342378034005,5.679597502214165,5.684028148651123,76400,0.0,0.0
2008-04-14 00:00:00-04:00,5.692888314850805,5.710609210587285,5.648585793841043,5.684028148651123,81067,0.0,0.0
2008-04-15 00:00:00-04:00,5.66187686635416,5.666306949657338,5.537829463830863,5.586562633514404,75667,0.0,0.0
2008-04-16 00:00:00-04:00,5.622005526988694,5.715041237924993,5.622005526988694,5.69288969039917,46733,0.0,0.0
2008-04-17 00:00:00-04:00,5.644162695403765,5.830233739242895,5.622011125817714,5.799221992492676,96500,0.0,0.0
2008-04-18 00:00:00-04:00,5.847947937746061,5.892251026014893,5.803645412814396,5.821366310119629,76733,0.0,0.0
2008-04-21 00:00:00-04:00,5.825800895690918,5.834661068665189,5.76377686818328,5.825800895690918,55300,0.0,0.0
2008-04-22 00:00:00-04:00,5.824457929718774,5.828931217527644,5.690253607141641,5.752882480621338,62833,0.381,0.0
2008-04-23 00:00:00-04:00,5.7707725370181775,5.891555781825264,5.761825398249572,5.828927516937256,66167,0.0,0.0
2008-04-24 00:00:00-04:00,5.797613777984179,5.878135757043779,5.74840536466313,5.87366247177124,62533,0.0,0.0
2008-04-25 00:00:00-04:00,5.8512967760558015,5.873663776216622,5.699198785872402,5.757353782653809,78667,0.0,0.0
2008-04-28 00:00:00-04:00,5.788668232793533,5.815509089482234,5.748406947760482,5.7841949462890625,61167,0.0,0.0
2008-04-29 00:00:00-04:00,5.77524948849679,5.797617065203347,5.748408623981364,5.752882480621338,53633,0.0,0.0
2008-04-30 00:00:00-04:00,5.802084535028253,5.864713345707518,5.7797169807505435,5.8199782371521,94300,0.0,0.0
2008-05-01 00:00:00-04:00,5.797620811259046,5.967612683807335,5.797620811259046,5.949718952178955,75233,0.0,0.0
2008-05-02 00:00:00-04:00,5.954188389893803,6.043657558971239,5.909453805355086,6.012343406677246,98300,0.0,0.0
2008-05-05 00:00:00-04:00,6.0391811447638615,6.074969135166537,6.016813579658338,6.061548709869385,70767,0.0,0.0
2008-05-06 00:00:00-04:00,6.039180357469387,6.137596607208252,6.030233218827405,6.137596607208252,93067,0.0,0.0
2008-05-07 00:00:00-04:00,6.106287650710637,6.115234228104731,6.048132622324162,6.101813793182373,175400,0.0,0.0
2008-05-08 00:00:00-04:00,6.079444408416748,6.151019843793903,6.074971121465362,6.079444408416748,121633,0.0,0.0
2008-05-09 00:00:00-04:00,6.057076455766608,6.057076455766608,5.976554451541426,6.034709453582764,68533,0.0,0.0
2008-05-12 00:00:00-04:00,6.025759621667734,6.07944131307638,5.994445491289594,6.030232906341553,95000,0.0,0.0
2008-05-13 00:00:00-04:00,6.0257615262921815,6.061549521486727,6.00339395819173,6.007867813110352,64367,0.0,0.0
2008-05-14 00:00:00-04:00,6.034709431118107,6.034709431118107,5.837876854712014,5.896031856536865,101933,0.0,0.0
2008-05-15 00:00:00-04:00,5.922876437896127,6.09286826359238,5.922876437896127,6.074974536895752,66633,0.0,0.0
2008-05-16 00:00:00-04:00,6.079446282911747,6.128654161042402,6.025764547619271,6.1197075843811035,60167,0.0,0.0
2008-05-19 00:00:00-04:00,6.1197075843811035,6.1733893196735785,6.083919571242396,6.1197075843811035,90700,0.0,0.0
2008-05-20 00:00:00-04:00,6.106288408867504,6.106288408867504,5.985504479569753,6.048133373260498,73467,0.0,0.0
2008-05-21 00:00:00-04:00,6.073868495618771,6.100963866725418,6.006130642076947,6.033226013183594,88300,0.381,0.0
2008-05-22 00:00:00-04:00,6.051291736035204,6.07387083784792,5.974521296886932,6.037744045257568,61933,0.0,0.0
2008-05-23 00:00:00-04:00,6.006134810593283,6.010650517503555,5.893237544034952,5.947427749633789,59333,0.0,0.0
2008-05-27 00:00:00-04:00,5.9835533309976,6.019680698107915,5.879688083671102,5.9158148765563965,78900,0.0,0.0
2008-05-28 00:00:00-04:00,5.956454699592854,5.956454699592854,5.825494141937262,5.906780242919922,96533,0.0,0.0
2008-05-29 00:00:00-04:00,5.9158148765563965,5.938394552778471,5.866140392782861,5.9158148765563965,78200,0.0,0.0
2008-05-30 00:00:00-04:00,5.970005640109359,5.9971010218858405,5.893235774559342,5.9158148765563965,104067,0.0,0.0
2008-06-02 00:00:00-04:00,5.920331156335823,5.974521345663766,5.879688083671102,5.9158148765563965,105200,0.0,0.0
2008-06-03 00:00:00-04:00,5.9158161034268755,5.9338795036156595,5.852593915653563,5.902268409729004,64733,0.0,0.0
2008-06-04 00:00:00-04:00,5.893237544034952,5.956459737679525,5.875173567943481,5.947427749633789,55367,0.0,0.0
2008-06-05 00:00:00-04:00,5.979038871357738,6.001617978059835,5.915816109296557,5.974522590637207,59167,0.0,0.0
2008-06-06 00:00:00-04:00,5.983553238482977,5.983553238482977,5.8661403020836165,5.893235683441162,71067,0.0,0.0
2008-06-09 00:00:00-04:00,5.91581629176899,5.9203325726288245,5.848077821123034,5.8661417961120605,78800,0.0,0.0
2008-06-10 00:00:00-04:00,5.861624429583956,5.861624429583956,5.7487271908261555,5.802917957305908,90000,0.0,0.0
2008-06-11 00:00:00-04:00,5.76679335323599,5.76679335323599,5.644864082336426,5.644864082336426,100500,0.0,0.0
2008-06-12 00:00:00-04:00,5.644858070802361,5.708080205567511,5.468738774621162,5.5364766120910645,112100,0.0,0.0
2008-06-13 00:00:00-04:00,5.6177677519490015,5.635831153217037,5.522933890397764,5.622283458709717,73267,0.0,0.0
2008-06-16 00:00:00-04:00,5.595185753728028,5.622281131527311,5.559058966145607,5.617765426635742,62000,0.0,0.0
2008-06-17 00:00:00-04:00,5.622281787068742,5.640345757191093,5.55905961431552,5.581639289855957,101333,0.0,0.0
2008-06-18 00:00:00-04:00,5.572605505699264,5.572605505699264,5.391969882368327,5.482287406921387,133167,0.0,0.0
2008-06-19 00:00:00-04:00,5.5048670751720605,5.5048670751720605,5.382937900223094,5.482287406921387,80900,0.0,0.0
2008-06-20 00:00:00-04:00,5.339444759341668,5.4398445564820905,5.280117685617146,5.380517482757568,144267,0.381,0.0
2008-06-23 00:00:00-04:00,5.407898652917085,5.4261530010469885,4.98348114190379,5.05193567276001,157867,0.0,0.0
2008-06-24 00:00:00-04:00,5.156901465964686,5.175155821123884,4.9561018183270455,5.019992351531982,163233,0.0,0.0
2008-06-25 00:00:00-04:00,4.992609089384043,5.1477725142456805,4.992609089384043,5.097572326660156,115033,0.0,0.0
2008-06-26 00:00:00-04:00,5.019993796159148,5.047375626925486,4.924157388476963,4.974357604980469,118033,0.0,0.0
2008-06-27 00:00:00-04:00,4.992609164208067,5.042809352545939,4.924154625699756,4.9561004638671875,92600,0.0,0.0
2008-06-30 00:00:00-04:00,5.019992647185497,5.019992647185497,4.887647548969717,4.9515380859375,97933,0.0,0.0
2008-07-01 00:00:00-04:00,4.919594660953557,4.988049247853267,4.828321975136567,4.983485221862793,102000,0.0,0.0
2008-07-02 00:00:00-04:00,4.9606712188363415,5.010870900877982,4.796380374383753,4.823761940002441,104533,0.0,0.0
2008-07-03 00:00:00-04:00,4.828318987922404,4.942409992218018,4.791809994212791,4.942409992218018,84967,0.0,0.0
2008-07-07 00:00:00-04:00,4.95153556817443,4.956099590133924,4.5681910905524115,4.659463405609131,122300,0.0,0.0
2008-07-08 00:00:00-04:00,4.65946443490458,4.686846251529401,4.431283016561311,4.664028167724609,190900,0.0,0.0
2008-07-09 00:00:00-04:00,4.627522764451368,4.627522764451368,4.4723592100064575,4.486050128936768,105200,0.0,0.0
2008-07-10 00:00:00-04:00,4.504302497521568,4.600138591232604,4.504302497521568,4.572756767272949,108867,0.0,0.0
2008-07-11 00:00:00-04:00,4.517993785533928,4.58188461670817,4.340012205130524,4.463230133056641,117867,0.0,0.0
2008-07-14 00:00:00-04:00,4.504303184882443,4.540812192350706,4.358266864861591,4.371957778930664,149333,0.0,0.0
2008-07-15 00:00:00-04:00,4.294377729522082,4.294377729522082,3.9794871615548093,4.171159744262695,207733,0.0,0.0
2008-07-16 00:00:00-04:00,4.152905060844328,4.221359657841464,4.034250812913179,4.216795921325684,179333,0.0,0.0
2008-07-17 00:00:00-04:00,4.225919498902355,4.522555135439252,4.225919498902355,4.4312825202941895,127300,0.0,0.0
2008-07-18 00:00:00-04:00,4.495175370991532,4.531684665810313,4.376521178347717,4.426721096038818,78433,0.0,0.0
2008-07-21 00:00:00-04:00,4.490614398535822,4.527123423302625,4.449541636867693,4.513432502746582,73300,0.0,0.0
2008-07-22 00:00:00-04:00,4.440412372997517,4.654902974361785,4.440412372997517,4.64577579498291,115967,0.0,0.0
2008-07-23 00:00:00-04:00,4.667496133862868,4.7691643455365575,4.616662028026023,4.746057987213135,71133,0.381,0.0
2008-07-24 00:00:00-04:00,4.759922691699283,4.773786567875598,4.5103735081522816,4.588935375213623,73400,0.0,0.0
2008-07-25 00:00:00-04:00,4.621283871852696,4.6582541075699195,4.478024024815132,4.519615650177002,77367,0.0,0.0
2008-07-28 00:00:00-04:00,4.547341064129452,4.556583544856918,4.376353554698946,4.394838809967041,63167,0.0,0.0
2008-07-29 00:00:00-04:00,4.394840113371983,4.5011294077936155,4.394840113371983,4.478023052215576,74133,0.0,0.0
2008-07-30 00:00:00-04:00,4.52423740130464,4.5704501261902,4.450296630149067,4.5149946212768555,80867,0.0,0.0
2008-07-31 00:00:00-04:00,4.551962989649033,4.565826860181017,4.417945966257475,4.436430931091309,96433,0.0,0.0
2008-08-01 00:00:00-04:00,4.487264236345574,4.593553793803104,4.367111104606178,4.5704474449157715,90267,0.0,0.0
2008-08-04 00:00:00-04:00,4.575073242276997,4.598179613437296,4.4734049741209265,4.533481597900391,63200,0.0,0.0
2008-08-05 00:00:00-04:00,4.5796916518067325,4.644389629364014,4.533478936614365,4.644389629364014,103467,0.0,0.0
2008-08-06 00:00:00-04:00,4.602801080162773,4.602801080162773,4.505754195988638,4.528860569000244,114067,0.0,0.0
2008-08-07 00:00:00-04:00,4.510371671866298,4.5196141542832144,4.367111872244605,4.436430931091309,96433,0.0,0.0
2008-08-08 00:00:00-04:00,4.445676685893462,4.621285438537598,4.399463655220036,4.621285438537598,69333,0.0,0.0
2008-08-11 00:00:00-04:00,4.598176196686454,4.676738035305554,4.450295002281903,4.491886615753174,116167,0.0,0.0
2008-08-12 00:00:00-04:00,4.528858135652979,4.542722010773602,4.4364323994532615,4.519615650177002,75533,0.0,0.0
2008-08-13 00:00:00-04:00,4.487261220899421,4.505746463875076,4.35786569532171,4.399456977844238,108600,0.0,0.0
2008-08-14 00:00:00-04:00,4.4087018966674805,4.413322989305693,4.344003955414478,4.4087018966674805,73533,0.0,0.0
2008-08-15 00:00:00-04:00,4.441050318820475,4.441050318820475,4.279305627219742,4.307033061981201,79533,0.0,0.0
2008-08-18 00:00:00-04:00,4.28392741537702,4.302412668700731,4.182259256629446,4.196123123168945,84533,0.0,0.0
2008-08-19 00:00:00-04:00,4.177638007672472,4.242335951170048,4.122182543585087,4.136046409606934,120633,0.0,0.0
2008-08-20 00:00:00-04:00,4.163776178380049,4.17301866231124,4.04824410089372,4.0667290687561035,149500,0.0,0.0
2008-08-21 00:00:00-04:00,4.043621808443549,4.089834511586195,3.9604385902109454,3.9974091053009033,126867,0.0,0.0
2008-08-22 00:00:00-04:00,4.043623924255371,4.126807186013321,3.93271320239146,4.043623924255371,205267,0.0,0.0
2008-08-25 00:00:00-04:00,4.060973363984417,4.103177547454834,4.000011964398644,4.103177547454834,132633,0.381,0.0
2008-08-26 00:00:00-04:00,4.1031796937417795,4.192277262246226,4.032839351164199,4.098490238189697,127833,0.0,0.0
2008-08-27 00:00:00-04:00,4.112558980823928,4.112558980823928,3.9953252560718373,4.037529468536377,109100,0.0,0.0
2008-08-28 00:00:00-04:00,4.103179038376231,4.150072393844257,4.075042905839141,4.117247104644775,107600,0.0,0.0
2008-08-29 00:00:00-04:00,3.9296713296983583,4.16882805120589,3.9296713296983583,4.131313323974609,83500,0.0,0.0
2008-09-02 00:00:00-04:00,4.1969654865227835,4.384539181466092,4.1969654865227835,4.356403350830078,168200,0.0,0.0
2008-09-03 00:00:00-04:00,4.403297052537651,4.403297052537651,4.234480564503712,4.276684761047363,100933,0.0,0.0
2008-09-04 00:00:00-04:00,4.276682892717326,4.276682892717326,4.173517322773754,4.239168167114258,100867,0.0,0.0
2008-09-05 00:00:00-04:00,4.206342315494798,4.3657801122857185,4.131312869289841,4.361090660095215,151700,0.0,0.0
2008-09-08 00:00:00-04:00,4.464256769422174,4.5439756775722815,4.182896162655189,4.234478950500488,127967,0.0,0.0
2008-09-09 00:00:00-04:00,4.234479951213625,4.239169405086178,3.939051214477063,3.9531192779541016,144033,0.0,0.0
2008-09-10 00:00:00-04:00,3.990633554734446,4.042216348826968,3.7983701420799627,3.8499529361724854,159200,0.0,0.0
2008-09-11 00:00:00-04:00,3.8030607670107677,3.8030607670107677,3.6717590146635586,3.756167411804199,169767,0.0,0.0
2008-09-12 00:00:00-04:00,3.6717566418395817,3.746786080939585,3.6201738651907687,3.6952033042907715,101533,0.0,0.0
2008-09-15 00:00:00-04:00,3.5170076676200783,3.6107945983847007,3.3857060241776944,3.404463529586792,139233,0.0,0.0
2008-09-16 00:00:00-04:00,3.146551290869151,3.334125265389243,3.094968492597218,3.2825424671173096,269367,0.0,0.0
2008-09-17 00:00:00-04:00,3.1324821378549323,3.2731624073322627,2.9120826813005207,3.0058696269989014,257633,0.0,0.0
2008-09-18 00:00:00-04:00,2.982422332682708,3.1653067336644956,2.696372402751237,3.1512386798858643,277300,0.0,0.0
2008-09-19 00:00:00-04:00,3.4935623128585864,3.751476245079707,3.3997753471034846,3.5545237064361572,238300,0.0,0.0
2008-09-22 00:00:00-04:00,3.576941669208772,3.7629426481364723,3.3623251084120254,3.448171854019165,175333,0.381,0.0
2008-09-23 00:00:00-04:00,3.6103238286949684,3.6103238286949684,3.2001681449390937,3.281245470046997,153600,0.0,0.0
2008-09-24 00:00:00-04:00,3.290787661611229,3.362326339250734,3.1715562289908394,3.3098645210266113,131700,0.0,0.0
2008-09-25 00:00:00-04:00,3.2430899675818647,3.5292451520048465,3.2430899675818647,3.314628839492798,132667,0.0,0.0
2008-09-26 00:00:00-04:00,3.133397659838877,3.2430905141833986,3.014166388705511,3.19062876701355,171533,0.0,0.0
2008-09-29 00:00:00-04:00,3.114320925579025,3.119090285735947,2.861550598457605,2.9521663188934326,122700,0.0,0.0
2008-09-30 00:00:00-04:00,3.0857062263356196,3.171552913629222,3.0046289005208497,3.0952446460723877,117233,0.0,0.0
2008-10-01 00:00:00-04:00,3.018936742027576,3.1906298168227636,2.9092438515909302,3.1524758338928223,152433,0.0,0.0
2008-10-02 00:00:00-04:00,3.0475543268104897,3.0666314825419017,2.885399564367353,2.9474000930786133,95300,0.0,0.0
2008-10-03 00:00:00-04:00,2.9664749028710293,3.176321955310128,2.875859157792409,2.923551559448242,178033,0.0,0.0
2008-10-06 00:00:00-04:00,2.823395630038346,2.852011174435266,2.384624656800559,2.766164541244507,399867,0.0,0.0
2008-10-07 00:00:00-04:00,2.7566272621763246,2.7900118755670573,2.2653943564210426,2.351240873336792,448033,0.0,0.0
2008-10-08 00:00:00-04:00,1.9363159960179566,2.2463172873403834,1.7980077322467323,2.0889320373535156,386467,0.0,0.0
2008-10-09 00:00:00-04:00,2.0889335047669175,2.112779716385121,1.8170859949110207,1.8933939933776855,317933,0.0,0.0
2008-10-10 00:00:00-04:00,1.5547753848898316,1.8456996091652502,1.4260057258094292,1.6978529691696167,382500,0.0,0.0
2008-10-13 00:00:00-04:00,1.864777508573516,2.332164301843547,1.8504698795476695,2.2844717502593994,55733,0.0,0.0
2008-10-14 00:00:00-04:00,2.408473546635123,2.6183207035064697,2.274934543287326,2.6183207035064697,236800,0.0,0.0
2008-10-15 00:00:00-04:00,2.3560101127906727,2.408471865387277,2.1700092984534707,2.189086437225342,114667,0.0,0.0
2008-10-16 00:00:00-04:00,2.2797025266288546,2.3321642875671387,2.1461634436548804,2.3321642875671387,138567,0.0,0.0
2008-10-17 00:00:00-04:00,2.2224707234201877,2.4227792865022044,2.203393739071004,2.3798561096191406,130300,0.0,0.0
2008-10-20 00:00:00-04:00,2.394164584860443,2.5420112946392637,2.375087443330493,2.4370877742767334,257700,0.0,0.0
2008-10-21 00:00:00-04:00,2.4227806166133634,2.446626973849334,2.3417032749099236,2.384626626968384,222867,0.0,0.0
2008-10-22 00:00:00-04:00,2.3512418481264072,2.4132421950073573,2.2940108636589382,2.384626626968384,165400,0.0,0.0
2008-10-23 00:00:00-04:00,2.3782641078462246,2.3880512714385986,2.1629480644308803,2.3880512714385986,144667,0.381,0.0
2008-10-24 00:00:00-04:00,1.9672069676151973,2.29996832742115,1.9672069676151973,2.2901811599731445,181233,0.0,0.0
2008-10-27 00:00:00-04:00,2.19231001008895,2.206990682826169,1.9574197129786757,2.02103590965271,183267,0.0,0.0
2008-10-28 00:00:00-04:00,1.976993617501615,2.143374344720119,1.9476322760955918,2.099332332611084,182267,0.0,0.0
2008-10-29 00:00:00-04:00,2.0455011587582956,2.1286914348602295,1.9769915379168865,2.1286914348602295,137433,0.0,0.0
2008-10-30 00:00:00-04:00,2.1531635246965144,2.1531635246965144,2.0699730772508658,2.118908643722534,141767,0.0,0.0
2008-10-31 00:00:00-04:00,2.1580544281731955,2.2363512710731763,2.128693248202181,2.177628755569458,208533,0.0,0.0
2008-11-03 00:00:00-05:00,2.2314566630718646,2.3733694553375244,2.2265630058629156,2.3733694553375244,197833,0.0,0.0
2008-11-04 00:00:00-05:00,2.407626798112379,2.5201783871812213,2.407626798112379,2.4859235286712646,290000,0.0,0.0
2008-11-05 00:00:00-05:00,2.4467729372145834,2.5103890895843506,2.353795615380152,2.5103890895843506,234800,0.0,0.0
2008-11-06 00:00:00-05:00,2.407624525828568,2.476134178189988,2.3048600472864385,2.471240520477295,222567,0.0,0.0
2008-11-07 00:00:00-05:00,2.436987088866997,2.48592260506597,2.324435541614905,2.4272000789642334,135567,0.0,0.0
2008-11-10 00:00:00-05:00,2.4565600140241006,2.471240520477295,2.3391148734671483,2.471240520477295,196567,0.0,0.0
2008-11-11 00:00:00-05:00,2.3489023876675312,2.388050880059265,2.192308884785585,2.3391153812408447,170467,0.0,0.0
2008-11-12 00:00:00-05:00,2.221670126849497,2.265712120703348,1.9867799596472626,2.050395965576172,171767,0.0,0.0
2008-11-13 00:00:00-05:00,2.0259293421806013,2.079758369897721,1.8155067368604776,2.0748648643493652,183267,0.0,0.0
2008-11-14 00:00:00-05:00,1.9818854656882632,2.0406080994080633,1.9329501450038837,1.9525243043899536,139300,0.0,0.0
2008-11-17 00:00:00-05:00,1.9084857365262144,1.976995494476139,1.884018032499185,1.9329535961151123,182967,0.0,0.0
2008-11-18 00:00:00-05:00,1.9329535961151123,1.9427406155011766,1.8350824688832579,1.9329535961151123,150400,0.0,0.0
2008-11-19 00:00:00-05:00,1.8505362317083245,1.8808729439426946,1.5673941735287162,1.5775063037872314,152000,0.381,0.0
2008-11-20 00:00:00-05:00,1.5269458328704175,1.5269458328704175,1.1376251539192943,1.269084095954895,317433,0.0,0.0
2008-11-21 00:00:00-05:00,1.3247023066180763,1.4005440886603835,1.1376260073514703,1.2185238599777222,291700,0.0,0.0
2008-11-24 00:00:00-05:00,1.4662727392125894,1.6280683617916718,1.3904310762882233,1.5168339014053345,181200,0.0,0.0
2008-11-25 00:00:00-05:00,1.5471703703475965,1.5825631618499756,1.456160358017119,1.5825631618499756,152800,0.0,0.0
2008-11-26 00:00:00-05:00,1.5218898256805076,1.749414953695939,1.5168337581575724,1.714022159576416,140400,0.0,0.0
2008-11-28 00:00:00-05:00,1.799975359001963,1.9718830295162892,1.799975359001963,1.8707609176635742,88900,0.0,0.0
2008-12-01 00:00:00-05:00,1.7241339029284308,1.8606489808696869,1.698853410327564,1.8151440620422363,253267,0.0,0.0
2008-12-02 00:00:00-05:00,1.8202001790169302,1.855592966079712,1.7696390316801767,1.855592966079712,225333,0.0,0.0
2008-12-03 00:00:00-05:00,1.8303114433734071,1.8859286308288574,1.774694255917957,1.8859286308288574,168100,0.0,0.0
2008-12-04 00:00:00-05:00,1.8303130001714754,1.9314353328629563,1.8303130001714754,1.8353692293167114,154300,0.0,0.0
2008-12-05 00:00:00-05:00,1.8202010980350074,1.8303132361702947,1.7393031893050213,1.805032730102539,139933,0.0,0.0
2008-12-08 00:00:00-05:00,1.8303106083695735,1.8859277704519841,1.749412976514906,1.764581322669983,182200,0.0,0.0
2008-12-09 00:00:00-05:00,1.7848065782380478,1.8252554133745278,1.7190771005942305,1.754469871520996,165700,0.0,0.0
2008-12-10 00:00:00-05:00,1.8303134046672247,1.8303134046672247,1.6735739633046856,1.7696400880813599,164667,0.0,0.0
2008-12-11 00:00:00-05:00,1.6887427648244162,1.779752843359711,1.653349947575713,1.7089672088623047,110633,0.0,0.0
2008-12-12 00:00:00-05:00,1.643235661421269,1.7797506947833566,1.6179551770757787,1.703908920288086,105567,0.0,0.0
2008-12-15 00:00:00-05:00,1.668515563871245,1.7190766756584162,1.5421128647679887,1.6078423261642456,145333,0.0,0.0
2008-12-16 00:00:00-05:00,1.6230120896529456,1.7949198266107602,1.6230120896529456,1.7746953964233398,198033,0.0,0.0
2008-12-17 00:00:00-05:00,1.729189823111589,1.9061537220960072,1.6836847516315572,1.8252558708190918,182367,0.0,0.0
2008-12-18 00:00:00-05:00,1.7746949913908414,1.9213221973325314,1.7696389251802858,1.8454805612564087,213300,0.0,0.0
2008-12-19 00:00:00-05:00,1.8454804276770334,1.9415466431008177,1.8201999377246578,1.9364904165267944,196400,0.0,0.0
2008-12-22 00:00:00-05:00,1.8355603341086248,1.8355603341086248,1.6525272144700187,1.6943634748458862,518700,0.381,0.0
2008-12-23 00:00:00-05:00,1.621151300641774,1.7257416052445516,1.621151300641774,1.673446536064148,377767,0.0,0.0
2008-12-24 00:00:00-05:00,1.6734454717651,1.751888191888681,1.657756894492011,1.7309701442718506,170300,0.0,0.0
2008-12-26 00:00:00-05:00,1.7571180635831136,1.8041838061528646,1.7309705396500763,1.7728066444396973,261300,0.0,0.0
2008-12-29 00:00:00-05:00,1.9453811069807858,1.9872172204930325,1.7989545434459846,1.8669383525848389,491467,0.0,0.0
2008-12-30 00:00:00-05:00,1.9872181990366393,1.9872181990366393,1.8460212048442675,1.9610706567764282,364233,0.0,0.0
2008-12-31 00:00:00-05:00,1.9296926135945767,2.1179552994944406,1.9296926135945767,2.065660238265991,356167,0.0,0.0
2009-01-02 00:00:00-05:00,2.0238243927140895,2.1493329324439343,2.0238243927140895,2.123185396194458,179500,0.0,0.0
2009-01-05 00:00:00-05:00,2.128412816509925,2.165019431682993,2.091806201336857,2.1545603275299072,258367,0.0,0.0
2009-01-06 00:00:00-05:00,2.170249396552258,2.2800692671658913,2.170249396552258,2.2591512203216553,221000,0.0,0.0
2009-01-07 00:00:00-05:00,2.264381493892977,2.2696111321409473,2.1388731682961994,2.2225453853607178,112400,0.0,0.0
2009-01-08 00:00:00-05:00,2.1754802964167372,2.1859394098334572,2.1284147016464168,2.1441032886505127,142100,0.0,0.0
2009-01-09 00:00:00-05:00,2.159792218448824,2.1754806417009607,2.07611979656079,2.1127264499664307,173967,0.0,0.0
2009-01-12 00:00:00-05:00,2.1336434535111777,2.1336434535111777,1.9296922239300596,1.940151333808899,141300,0.0,0.0
2009-01-13 00:00:00-05:00,1.9610704573837712,1.9715295729696323,1.861709607407101,1.9035457372665405,169400,0.0,0.0
2009-01-14 00:00:00-05:00,1.84602140329245,1.8512508790582596,1.7623489598293114,1.7675786018371582,160900,0.0,0.0
2009-01-15 00:00:00-05:00,1.7623471410352165,1.809412873080394,1.6734454797974354,1.7884948253631592,162933,0.0,0.0
2009-01-16 00:00:00-05:00,1.7989549089432764,1.8983159065246582,1.7414301996160417,1.8983159065246582,89067,0.0,0.0
2009-01-20 00:00:00-05:00,1.8460206092379685,1.8460206092379685,1.6734464870196226,1.6995940208435059,114300,0.0,0.0
2009-01-21 00:00:00-05:00,1.6734452292150142,1.814642071723938,1.6734452292150142,1.814642071723938,86433,0.0,0.0
2009-01-22 00:00:00-05:00,1.788267683459871,1.788267683459871,1.703865582334763,1.7144159078598022,86867,0.09,0.0
2009-01-23 00:00:00-05:00,1.6616643233522375,1.740791163951543,1.6300136877275389,1.7249659299850464,109700,0.0,0.0
2009-01-26 00:00:00-05:00,1.7777170087118321,1.7829922542839256,1.6880400139783733,1.7671668529510498,114800,0.0,0.0
2009-01-27 00:00:00-05:00,1.8146420922147677,1.8146420922147677,1.7144148180515373,1.7566157579421997,97000,0.0,0.0
2009-01-28 00:00:00-05:00,1.8040926643946171,1.8621190219314296,1.767166785262855,1.8515686988830566,95667,0.0,0.0
2009-01-29 00:00:00-05:00,1.8357446130468402,1.8357446130468402,1.777718213947405,1.7988187074661255,72467,0.0,0.0
2009-01-30 00:00:00-05:00,1.8199186033988959,1.846294167283389,1.7196910917159822,1.7302414178848267,101267,0.0,0.0
2009-02-02 00:00:00-05:00,1.724965126640738,1.8304674757417505,1.714414807884823,1.8040919303894043,161467,0.0,0.0
2009-02-03 00:00:00-05:00,1.814643289768943,1.8568444252014162,1.7777174010728662,1.856844425201416,133500,0.0,0.0
2009-02-04 00:00:00-05:00,1.8779439505603028,1.8779439505603028,1.8251926839630122,1.8410180807113647,89433,0.0,0.0
2009-02-05 00:00:00-05:00,1.8304672241210935,1.8304672241210935,1.777715972976094,1.8304672241210938,106433,0.0,0.0
2009-02-06 00:00:00-05:00,1.8515693837965213,1.930696249008179,1.8304688975861965,1.9306962490081787,108800,0.0,0.0
2009-02-09 00:00:00-05:00,1.9306951224041773,1.9412454431988693,1.8462932268132812,1.9254200458526611,127433,0.0,0.0
2009-02-10 00:00:00-05:00,1.8937704177991055,1.8937704177991055,1.8093683099951816,1.8673946857452393,77633,0.0,0.0
2009-02-11 00:00:00-05:00,1.8462941334073109,1.8726696968078613,1.8040931648897334,1.8726696968078613,84533,0.0,0.0
2009-02-12 00:00:00-05:00,1.8304674757417505,1.8304674757417505,1.724965126640738,1.8040919303894043,91100,0.0,0.0
2009-02-13 00:00:00-05:00,1.7777168983827578,1.7882672211804658,1.7249657874692932,1.7513413429260254,83967,0.0,0.0
2009-02-17 00:00:00-05:00,1.6669385612464398,1.6722138042683894,1.6036371542076353,1.6089122295379639,143300,0.0,0.0
2009-02-18 00:00:00-05:00,1.6616651898443737,1.6722155190153198,1.6036387986336536,1.6247392892837524,117400,0.0,0.0
2009-02-19 00:00:00-05:00,1.6620276643831409,1.6726817627736692,1.5714685900988203,1.6247385740280151,137533,0.09,0.0
2009-02-20 00:00:00-05:00,1.5288515805032379,1.5874486681968107,1.4649275310214478,1.5661406517028809,241067,0.0,0.0
2009-02-23 00:00:00-05:00,1.5981031972788493,1.619411219588301,1.416984838307402,1.480908989906311,190233,0.0,0.0
2009-02-24 00:00:00-05:00,1.5927761185973208,1.5927761185973208,1.411657688082218,1.5448329448699951,136000,0.0,0.0
2009-02-25 00:00:00-05:00,1.5181978729278989,1.5554869494328327,1.411657605959206,1.5022168159484863,118833,0.0,0.0
2009-02-26 00:00:00-05:00,1.5501605716228382,1.5501605716228382,1.3903502627709963,1.43829345703125,156967,0.0,0.0
2009-02-27 00:00:00-05:00,1.38502329763358,1.43829345703125,1.3743691980175785,1.43829345703125,124033,0.0,0.0
2009-03-02 00:00:00-05:00,1.4329652098589551,1.4329652098589551,1.241192920410955,1.294463038444519,291667,0.0,0.0
2009-03-03 00:00:00-05:00,1.2891362918301406,1.315771270605869,1.2518472199394814,1.27848219871521,243300,0.0,0.0
2009-03-04 00:00:00-05:00,1.305117687038939,1.3317527591561744,1.2731556513005924,1.3157716989517212,321867,0.0,0.0
2009-03-05 00:00:00-05:00,1.2784826142220755,1.2784826142220755,1.177269458770752,1.177269458770752,199700,0.0,0.0
2009-03-06 00:00:00-05:00,1.2039051797763918,1.2198861639152647,1.1346539380490546,1.2145591974258423,247833,0.0,0.0
2009-03-09 00:00:00-04:00,1.1825968458072824,1.2092319274463976,1.1346537327251114,1.1719428300857544,115167,0.0,0.0
2009-03-10 00:00:00-04:00,1.2358665092904024,1.3210986852645874,1.193250378968032,1.3210986852645874,116600,0.0,0.0
2009-03-11 00:00:00-04:00,1.3317530927715082,1.3637151365166151,1.273155970236855,1.3424071073532104,198333,0.0,0.0
2009-03-12 00:00:00-04:00,1.3690417457758586,1.480908989906311,1.3210986532443152,1.480908989906311,97167,0.0,0.0
2009-03-13 00:00:00-04:00,1.475581406573066,1.4862353285800853,1.401003190489264,1.4542732238769531,112333,0.0,0.0
2009-03-16 00:00:00-04:00,1.4596001707436916,1.5075431524307206,1.4276380700583284,1.4862351417541504,88400,0.0,0.0
2009-03-17 00:00:00-04:00,1.4755819197186524,1.5448329448699951,1.411657688082218,1.5448329448699951,125567,0.0,0.0
2009-03-18 00:00:00-04:00,1.5288514879606077,1.5821216106414797,1.4702544038139642,1.5821216106414795,107467,0.0,0.0
2009-03-19 00:00:00-04:00,1.571467782658564,1.59277579915014,1.5075435638427734,1.5075435638427734,80600,0.0,0.0
2009-03-20 00:00:00-04:00,1.5075437420072413,1.5128708737655026,1.4116575717926025,1.4116575717926025,90100,0.0,0.0
2009-03-23 00:00:00-04:00,1.470926164358454,1.6379544734954834,1.470926164358454,1.6379544734954834,149933,0.09,0.0
2009-03-24 00:00:00-04:00,1.546358075858981,1.6271783246001605,1.514030147642653,1.5732982158660889,136467,0.0,0.0
2009-03-25 00:00:00-04:00,1.5786868489069905,1.6379549424173383,1.5355828120413226,1.61101496219635,109933,0.0,0.0
2009-03-26 00:00:00-04:00,1.6487301588058472,1.6487301588058472,1.5894620968744066,1.6487301588058472,86200,0.0,0.0
2009-03-27 00:00:00-04:00,1.6164019495551398,1.6325659964555095,1.567909808854031,1.594849944114685,53967,0.0,0.0
2009-03-30 00:00:00-04:00,1.5625227350069415,1.5625227350069415,1.4870905876159668,1.4870905876159668,49367,0.0,0.0
2009-03-31 00:00:00-04:00,1.5732981021856407,1.5894621507659248,1.5301940868249706,1.5840740203857422,107967,0.0,0.0
2009-04-01 00:00:00-04:00,1.551745248405508,1.61640123619239,1.5409691648010089,1.6056251525878906,59633,0.0,0.0
2009-04-02 00:00:00-04:00,1.6487307889934155,1.7187747955322266,1.6433426567364369,1.7187747955322266,107700,0.0,0.0
2009-04-03 00:00:00-04:00,1.7295508911058821,1.8588631536850655,1.6972227826410384,1.821147084236145,152133,0.0,0.0
2009-04-06 00:00:00-04:00,1.778041969988356,1.7942060159249944,1.7457140493951828,1.7834300994873047,102333,0.0,0.0
2009-04-07 00:00:00-04:00,1.74032638602517,1.7726544865572036,1.6864464468453133,1.7133864164352417,81900,0.0,0.0
2009-04-08 00:00:00-04:00,1.7349388118896343,1.7564908266067505,1.697222743314634,1.7564908266067505,78800,0.0,0.0
2009-04-09 00:00:00-04:00,1.8265348478350796,1.8911908864974976,1.7942067428637842,1.8911908864974976,125500,0.0,0.0
2009-04-13 00:00:00-04:00,1.837309560421735,1.9396817684173584,1.7888176061333327,1.9396817684173584,124367,0.0,0.0
2009-04-14 00:00:00-04:00,1.8911910908697176,1.9073551451021393,1.804983030003723,1.821147084236145,151433,0.0,0.0
2009-04-15 00:00:00-04:00,1.772654962637193,1.9127431504324197,1.772654962637193,1.9073551893234253,131600,0.0,0.0
2009-04-16 00:00:00-04:00,1.907355522063843,1.9935637712478638,1.880415540538963,1.9935637712478638,149600,0.0,0.0
2009-04-17 00:00:00-04:00,1.9881749280652277,2.155203233468705,1.9504588646283187,2.0043389797210693,153433,0.0,0.0
2009-04-20 00:00:00-04:00,1.9612357564048182,1.9612357564048182,1.8858035987523072,1.9342957735061646,144400,0.0,0.0
2009-04-21 00:00:00-04:00,1.9127439386064096,1.9774001836776733,1.8588639627540444,1.9774001836776733,113367,0.0,0.0
2009-04-22 00:00:00-04:00,1.9339382648468018,1.9773975090094593,1.895911383031555,1.9339382648468018,135000,0.09,0.0
2009-04-23 00:00:00-04:00,1.9285077031738798,1.9936968088150024,1.8904807824471788,1.9936968088150024,128200,0.0,0.0
2009-04-24 00:00:00-04:00,2.0045609151759836,2.0643174614549777,1.9828312776828774,2.048020362854004,130267,0.0,0.0
2009-04-27 00:00:00-04:00,2.0208591225588113,2.0425887701173924,1.93937290104116,1.9719674587249756,145200,0.0,0.0
2009-04-28 00:00:00-04:00,1.9013451717994232,1.9936962644471452,1.9013451717994232,1.982831358909607,97767,0.0,0.0
2009-04-29 00:00:00-04:00,2.0099943859305403,2.0643184185028076,2.0099943859305403,2.0643184185028076,126600,0.0,0.0
2009-04-30 00:00:00-04:00,2.118641135655165,2.151235670457969,2.0697495061427253,2.113208770751953,171867,0.0,0.0
2009-05-01 00:00:00-04:00,2.102344412072884,2.1512362269240684,2.080614774147406,2.134938955307007,124100,0.0,0.0
2009-05-04 00:00:00-04:00,2.1458038972960263,2.2164251785880777,2.134938991801657,2.2055604457855225,172233,0.0,0.0
2009-05-05 00:00:00-04:00,2.1838300228118896,2.2164243821998193,2.1621002196309336,2.1838300228118896,105233,0.0,0.0
2009-05-06 00:00:00-04:00,2.2218574564183045,2.3033436336229616,2.2109925522015126,2.27618145942688,117800,0.0,0.0
2009-05-07 00:00:00-04:00,2.3196412486626397,2.3196412486626397,2.210992881099812,2.227290153503418,146533,0.0,0.0
2009-05-08 00:00:00-04:00,2.2707481319571343,2.3359370115737073,2.2544508688800606,2.3196399211883545,82300,0.0,0.0
2009-05-11 00:00:00-04:00,2.303342434446887,2.3630989447990634,2.265315548523529,2.3359367847442627,92400,0.0,0.0
2009-05-12 00:00:00-04:00,2.3250722846501386,2.330504648111923,2.292477758495992,2.3196399211883545,79067,0.0,0.0
2009-05-13 00:00:00-04:00,2.2924789597855812,2.2924789597855812,2.0914796794560506,2.134938955307007,157133,0.0,0.0
2009-05-14 00:00:00-04:00,2.129507192096071,2.194696124334655,2.096912639630849,2.172966480255127,121167,0.0,0.0
2009-05-15 00:00:00-04:00,2.156667463206406,2.1946943528240483,2.091478583586899,2.1458027362823486,67967,0.0,0.0
2009-05-18 00:00:00-04:00,2.172965808023519,2.270749262476905,2.172965808023519,2.2598843574523926,104667,0.0,0.0
2009-05-19 00:00:00-04:00,2.2490182870289894,2.3359367847442627,2.23272102553445,2.3359367847442627,194867,0.0,0.0
2009-05-20 00:00:00-04:00,2.368762026378031,2.3742327337331726,2.2648210213020583,2.2921738624572754,89133,0.09,0.0
2009-05-21 00:00:00-04:00,2.259350532456947,2.3249974568685667,2.2374682243197404,2.29764461517334,138933,0.0,0.0
2009-05-22 00:00:00-04:00,2.324996201084453,2.3359374361960064,2.275760903940014,2.3140549659729004,59167,0.0,0.0
2009-05-26 00:00:00-04:00,2.2976416044941255,2.379700195960723,2.2976416044941255,2.374229669570923,104933,0.0,0.0
2009-05-27 00:00:00-04:00,2.39064217932835,2.39064217932835,2.292171796456598,2.3359365463256836,99700,0.0,0.0
2009-05-28 00:00:00-04:00,2.3468766898121247,2.374229669570923,2.3031121308839255,2.374229669570923,79700,0.0,0.0
2009-05-29 00:00:00-04:00,2.450819526710122,2.450819526710122,2.3523491031794705,2.4179961681365967,100333,0.0,0.0
2009-06-01 00:00:00-04:00,2.4617598545826365,2.5711714732371873,2.456289325821401,2.516465663909912,266533,0.0,0.0
2009-06-02 00:00:00-04:00,2.483643760730617,2.614937753825763,2.483643760730617,2.603996515274048,170467,0.0,0.0
2009-06-03 00:00:00-04:00,2.5930562019348145,2.5930562019348145,2.5164680315975527,2.5930562019348145,115367,0.0,0.0
2009-06-04 00:00:00-04:00,2.6094679775649614,2.6313502871034453,2.5547621167661836,2.5930562019348145,109767,0.0,0.0
2009-06-05 00:00:00-04:00,2.636819303471975,2.647760538896896,2.5383488802678364,2.5492899417877197,108667,0.0,0.0
2009-06-08 00:00:00-04:00,2.5383488802678364,2.560231177212641,2.467231284768444,2.5492899417877197,94700,0.0,0.0
2009-06-09 00:00:00-04:00,2.5492914089527092,2.598526735843151,2.5492914089527092,2.5930562019348145,111000,0.0,0.0
2009-06-10 00:00:00-04:00,2.636821067669937,2.636821067669937,2.571174132913625,2.6094682216644287,142533,0.0,0.0
2009-06-11 00:00:00-04:00,2.609466523077124,2.614937053936247,2.5711724592531815,2.5766429901123047,88033,0.0,0.0
2009-06-12 00:00:00-04:00,2.5711724758148193,2.6094665398854247,2.560231240121057,2.5711724758148193,81733,0.0,0.0
2009-06-15 00:00:00-04:00,2.543819641959019,2.5492901732155824,2.4781727451650952,2.4891138076782227,80233,0.0,0.0
2009-06-16 00:00:00-04:00,2.510997040911282,2.521938106737655,2.434408884506247,2.4398794174194336,78567,0.0,0.0
2009-06-17 00:00:00-04:00,2.4344083738800792,2.450819969177246,2.385173066273371,2.450819969177246,96033,0.0,0.0
2009-06-18 00:00:00-04:00,2.4508204832458067,2.472702962708764,2.4179971118615815,2.4398794174194336,77067,0.0,0.0
2009-06-19 00:00:00-04:00,2.478172540664673,2.478172540664673,2.407054944577803,2.478172540664673,80300,0.0,0.0
2009-06-22 00:00:00-04:00,2.4341150429223855,2.4341150429223855,2.34600219167511,2.379044532775879,110200,0.09,0.0
2009-06-23 00:00:00-04:00,2.395566585475048,2.395566585475048,2.307453701780888,2.3460030555725098,95700,0.0,0.0
2009-06-24 00:00:00-04:00,2.3570163637301413,2.406579700316969,2.3570163637301413,2.379044532775879,92233,0.0,0.0
2009-06-25 00:00:00-04:00,2.384552116937447,2.461650815065785,2.3625239424814035,2.439622640609741,62600,0.0,0.0
2009-06-26 00:00:00-04:00,2.456146066326792,2.511216640472412,2.4451318814718563,2.511216640472412,66100,0.0,0.0
2009-06-29 00:00:00-04:00,2.549764147840456,2.5552711486816406,2.505707615917779,2.5552711486816406,77067,0.0,0.0
2009-06-30 00:00:00-04:00,2.588313533332768,2.588313533332768,2.505707644452299,2.5772993564605713,71133,0.0,0.0
2009-07-01 00:00:00-04:00,2.571793839155544,2.643385417398675,2.560779655929561,2.6103432178497314,102067,0.0,0.0
2009-07-02 00:00:00-04:00,2.5662851503640094,2.577299327110779,2.522228793505733,2.5552711486816406,40167,0.0,0.0
2009-07-06 00:00:00-04:00,2.5002000746101256,2.5387494222940323,2.4726649012920614,2.516721248626709,76867,0.0,0.0
2009-07-07 00:00:00-04:00,2.516721918079326,2.5552712760174323,2.494693738552466,2.5057077407836914,108900,0.0,0.0
2009-07-08 00:00:00-04:00,2.489186164434116,2.5057071639778727,2.3955662916976537,2.439622640609741,96567,0.0,0.0
2009-07-09 00:00:00-04:00,2.500200552624388,2.7590318615319465,2.3845524874618707,2.648890972137451,591733,0.0,0.0
2009-07-10 00:00:00-04:00,2.593819901021209,2.604833900140214,2.4836788594449986,2.500200033187866,57767,0.0,0.0
2009-07-13 00:00:00-04:00,2.5167216165587765,2.5552709698784053,2.461651086807251,2.461651086807251,76400,0.0,0.0
2009-07-14 00:00:00-04:00,2.505709918329853,2.5442593097686768,2.4671605268910297,2.5442593097686768,78500,0.0,0.0
2009-07-15 00:00:00-04:00,2.560778477439894,2.6378771993468515,2.560778477439894,2.615849018096924,121967,0.0,0.0
2009-07-16 00:00:00-04:00,2.599328132838008,2.6543986797332764,2.582806951262983,2.6543986797332764,80967,0.0,0.0
2009-07-17 00:00:00-04:00,2.670920787931382,2.670920787931382,2.5883150264622676,2.6103432178497314,86267,0.0,0.0
2009-07-20 00:00:00-04:00,2.6599062100769855,2.692948579788208,2.6433850252213746,2.692948579788208,64700,0.0,0.0
2009-07-21 00:00:00-04:00,2.725990907310736,2.7370049136677004,2.659906168911049,2.681934356689453,109900,0.0,0.0
2009-07-22 00:00:00-04:00,2.6764273949325967,2.7314979527631413,2.6599062100769855,2.692948579788208,97600,0.0,0.0
2009-07-23 00:00:00-04:00,2.6929470288056936,2.8037679652265544,2.6929470288056936,2.7816038131713867,151600,0.09,0.0
2009-07-24 00:00:00-04:00,2.759442124142942,2.8480989933013916,2.7483601255888805,2.8480989933013916,110500,0.0,0.0
2009-07-27 00:00:00-04:00,2.848097124170492,2.9201307720788776,2.825932965462929,2.8758022785186768,197033,0.0,0.0
2009-07-28 00:00:00-04:00,2.8591806054108035,3.0143299733593283,2.85363960688269,3.0032479763031006,242433,0.0,0.0
2009-07-29 00:00:00-04:00,3.003246947109066,3.0364932791747723,2.8924259576534497,2.9145901203155518,99433,0.0,0.0
2009-07-30 00:00:00-04:00,2.925673654410059,3.008789523344018,2.914591479837135,2.9589200019836426,101733,0.0,0.0
2009-07-31 00:00:00-04:00,2.981081247329712,3.0143275642172638,2.9533761006867696,2.981081247329712,74133,0.0,0.0
2009-08-03 00:00:00-04:00,3.0198681042654894,3.053114414215088,2.986621794315891,3.053114414215088,86200,0.0,0.0
2009-08-04 00:00:00-04:00,2.7871440462779824,3.1251475811004643,2.781603053813099,3.125147581100464,103067,0.0,0.0
2009-08-05 00:00:00-04:00,3.091905052537416,3.1473157494817556,3.0531178817377196,3.102987051010132,117867,0.0,0.0
2009-08-06 00:00:00-04:00,3.080820643281079,3.197182416915894,3.080820643281079,3.1971824169158936,119033,0.0,0.0
2009-08-07 00:00:00-04:00,3.2193471445077977,3.3467912758981813,3.1861008187285544,3.285839796066284,126000,0.0,0.0
2009-08-10 00:00:00-04:00,3.258135769768365,3.274758940209249,3.1417739289724835,3.2525949478149414,117667,0.0,0.0
2009-08-11 00:00:00-04:00,3.2415093892212554,3.2415093892212554,3.08636018694602,3.1196064949035645,100867,0.0,0.0
2009-08-12 00:00:00-04:00,3.0974425244585073,3.18055794206241,3.08636018694602,3.1196064949035645,115233,0.0,0.0
2009-08-13 00:00:00-04:00,3.136229648882337,3.1639347880836377,3.0919013557022637,3.1196064949035645,74033,0.0,0.0
2009-08-14 00:00:00-04:00,3.1251475811004643,3.1306887497103224,3.030949828472566,3.125147581100464,107933,0.0,0.0
2009-08-17 00:00:00-04:00,3.0475752140159176,3.0475752140159176,2.9145900644473213,2.9367542266845703,151600,0.0,0.0
2009-08-18 00:00:00-04:00,2.9367547656393294,3.0364937782287598,2.9367547656393294,3.0364937782287598,65333,0.0,0.0
2009-08-19 00:00:00-04:00,2.9977057633177018,3.069739599958735,2.9700006041281717,3.0087881088256836,87700,0.0,0.0
2009-08-20 00:00:00-04:00,3.0143304542538902,3.175021022511644,2.9866252810481786,3.1694798469543457,114033,0.0,0.0
2009-08-21 00:00:00-04:00,3.1639090522911717,3.2864547905273214,3.1249170333172724,3.25303316116333,171733,0.09,0.0
2009-08-24 00:00:00-04:00,3.3031615273529153,3.3811447607325134,3.2864507333009185,3.3087315559387207,258100,0.0,0.0
2009-08-25 00:00:00-04:00,3.297592651616574,3.425708679848358,3.286452235206513,3.353295087814331,166900,0.0,0.0
2009-08-26 00:00:00-04:00,3.3310160402722966,3.370007695679048,3.2920240307179025,3.3254456520080566,98133,0.0,0.0
2009-08-27 00:00:00-04:00,3.3087348413629796,3.3421564626531337,3.2697431859562283,3.3254456520080566,116267,0.0,0.0
2009-08-28 00:00:00-04:00,3.347727514841987,3.3532975500632394,3.2864546483742236,3.3421571254730225,83433,0.0,0.0
2009-08-31 00:00:00-04:00,3.34215637988677,3.34215637988677,3.2196106742893993,3.275313138961792,99033,0.0,0.0
2009-09-01 00:00:00-04:00,3.241892735739192,3.342157634773319,3.1416281908528307,3.219611883163452,168467,0.0,0.0
2009-09-02 00:00:00-04:00,3.169477839819434,3.20289945602417,3.1026346074099624,3.20289945602417,101000,0.0,0.0
2009-09-03 00:00:00-04:00,3.180619738321585,3.2084713341979882,3.152768496592934,3.186190128326416,88600,0.0,0.0
2009-09-04 00:00:00-04:00,3.1917594818721957,3.253032335437214,3.163908249187667,3.2251811027526855,75267,0.0,0.0
2009-09-08 00:00:00-04:00,3.2641727976919883,3.3421564626531337,3.2418915987826713,3.3254456520080566,85667,0.0,0.0
2009-09-09 00:00:00-04:00,3.33101576075169,3.436850649857665,3.3254453729548863,3.4034290313720703,141100,0.0,0.0
2009-09-10 00:00:00-04:00,3.425707580043778,3.4925504111920724,3.3867156039055457,3.475839614868164,192100,0.0,0.0
2009-09-11 00:00:00-04:00,3.4814104903159353,3.559394099464908,3.4702700759081933,3.5036916732788086,133967,0.0,0.0
2009-09-14 00:00:00-04:00,3.2251806725898717,3.5259745121002197,3.2196102851368686,3.5259745121002197,100367,0.0,0.0
2009-09-15 00:00:00-04:00,3.537115620176478,3.5983884774754396,3.5259751972533016,3.5482563972473145,150200,0.0,0.0
2009-09-16 00:00:00-04:00,3.5649676375041017,3.64295131564162,3.4981243836297433,3.598388910293579,201967,0.0,0.0
2009-09-17 00:00:00-04:00,3.5761093615147765,3.665233496307884,3.5761093615147765,3.6318118572235107,165833,0.0,0.0
2009-09-18 00:00:00-04:00,3.6708023530606684,3.754356061696457,3.6206699153905855,3.7320752143859863,141433,0.0,0.0
2009-09-21 00:00:00-04:00,3.6596633029167345,3.693084943807858,3.6206716246423234,3.6540932655334473,166133,0.0,0.0
2009-09-22 00:00:00-04:00,3.698857165812016,3.704453144390178,3.654090404510498,3.654090404510498,100767,0.09,0.0
2009-09-23 00:00:00-04:00,3.659689309168139,3.693264140157858,3.6484973430633545,3.6484973430633545,143933,0.0,0.0
2009-09-24 00:00:00-04:00,3.6428987244622744,3.6428987244622744,3.385489407818925,3.391085386276245,307533,0.0,0.0
2009-09-25 00:00:00-04:00,3.374297443431119,3.4862145101073936,3.3687014655762137,3.475022554397583,135433,0.0,0.0
2009-09-28 00:00:00-04:00,3.4862134122622592,3.575746895098428,3.4862134122622592,3.514192581176758,111133,0.0,0.0
2009-09-29 00:00:00-04:00,3.536576887703352,3.536576887703352,3.4246601768016247,3.475022554397583,118400,0.0,0.0
2009-09-30 00:00:00-04:00,3.5253875860105715,3.536579193241778,3.441449998114355,3.497408390045166,120267,0.0,0.0
2009-10-01 00:00:00-04:00,3.5253869095745825,3.5253869095745825,3.357511410218595,3.4134697914123535,150800,0.0,0.0
2009-10-02 00:00:00-04:00,3.3575087457609123,3.3575087457609123,3.251187692402392,3.3239336013793945,180933,0.0,0.0
2009-10-05 00:00:00-04:00,3.357511701295116,3.413470087340138,3.335128133412262,3.385490894317627,98733,0.0,0.0
2009-10-06 00:00:00-04:00,3.4358553225181945,3.486218107862781,3.3910885208035335,3.4526429176330566,108533,0.0,0.0
2009-10-07 00:00:00-04:00,3.4470443121059375,3.4750234974241567,3.407873523815359,3.44144868850708,108300,0.0,0.0
2009-10-08 00:00:00-04:00,3.4918087537776428,3.542171467267199,3.458233967225679,3.530979871749878,122800,0.0,0.0
2009-10-09 00:00:00-04:00,3.5197906596914246,3.598132592911454,3.514194680256191,3.553365468978882,135100,0.0,0.0
2009-10-12 00:00:00-04:00,3.5869384915093403,3.5869384915093403,3.5141925811767574,3.514192581176758,75067,0.0,0.0
2009-10-13 00:00:00-04:00,3.5141940172255635,3.5365772191941143,3.475022880118729,3.525385618209839,104433,0.0,0.0
2009-10-14 00:00:00-04:00,3.5645573176907184,3.609324084465176,3.5421737564161715,3.575748920440674,167433,0.0,0.0
2009-10-15 00:00:00-04:00,3.4582351867742824,3.6149186465945125,3.4582351867742824,3.609323024749756,135333,0.0,0.0
2009-10-16 00:00:00-04:00,3.592535839861064,3.592535839861064,3.536577124882799,3.5701522827148438,63533,0.0,0.0
2009-10-19 00:00:00-04:00,3.60372800340763,3.626111564049904,3.5757488194357574,3.6205155849456787,93567,0.0,0.0
2009-10-20 00:00:00-04:00,3.620514624213801,3.6317062236778463,3.5869394700471333,3.609323024749756,69567,0.0,0.0
2009-10-21 00:00:00-04:00,3.614920361793219,3.637303927116342,3.536578416824341,3.536578416824341,92500,0.0,0.0
2009-10-22 00:00:00-04:00,3.5478227362931136,3.643405957548897,3.5309550879849483,3.6377832889556885,127133,0.09,0.0
2009-10-23 00:00:00-04:00,3.677144365752825,3.682766681632159,3.598428726196289,3.598428726196289,157300,0.0,0.0
2009-10-26 00:00:00-04:00,3.6321603533016282,3.660273336729155,3.5253321601856147,3.5478224754333496,79733,0.0,0.0
2009-10-27 00:00:00-04:00,3.542197464172725,3.5590651000831204,3.485972249452204,3.525329828262329,95167,0.0,0.0
2009-10-28 00:00:00-04:00,3.5084633387017576,3.5084633387017576,3.3229196405343453,3.351032257080078,133433,0.0,0.0
2009-10-29 00:00:00-04:00,3.3791451792197207,3.429747745236652,3.3678998467970174,3.4072577953338623,101933,0.0,0.0
2009-10-30 00:00:00-04:00,3.4016360344049605,3.429748658000756,3.199224644055267,3.2554502487182617,169433,0.0,0.0
2009-11-02 00:00:00-05:00,3.2948092651264322,3.3960151824971745,3.2835642823535354,3.379147529602051,135800,0.0,0.0
2009-11-03 00:00:00-05:00,3.3341675325787383,3.412882776343439,3.2948095532247996,3.4016377925872803,134967,0.0,0.0
2009-11-04 00:00:00-05:00,3.446616798917731,3.4747297840246554,3.322920951344503,3.3341662883758545,128700,0.0,0.0
2009-11-05 00:00:00-05:00,3.3960135475105946,3.4128808348135258,3.3397879457724127,3.373523235321045,83600,0.0,0.0
2009-11-06 00:00:00-05:00,3.3510340764299302,3.4016370281684893,3.328544113971576,3.3622794151306152,60300,0.0,0.0
2009-11-09 00:00:00-05:00,3.4185058424580426,3.457863826365465,3.4072608574009062,3.4409961700439453,79367,0.0,0.0
2009-11-10 00:00:00-05:00,3.4466183365240375,3.457863678572164,3.396015727193925,3.429750680923462,77467,0.0,0.0
2009-11-11 00:00:00-05:00,3.463482579545392,3.497217857507078,3.424124993570933,3.452237606048584,100133,0.0,0.0
2009-11-12 00:00:00-05:00,3.452239468856121,3.469107116938645,3.3960142135620117,3.3960142135620117,78100,0.0,0.0
2009-11-13 00:00:00-05:00,3.429747745236652,3.429747745236652,3.3847674879597642,3.4072577953338623,88033,0.0,0.0
2009-11-16 00:00:00-05:00,3.4353734987795623,3.4859764677441216,3.4353734987795623,3.4409961700439453,116133,0.0,0.0
2009-11-17 00:00:00-05:00,3.4803514554002004,3.4803514554002004,3.440993855438536,3.4634838104248047,105200,0.0,0.0
2009-11-18 00:00:00-05:00,3.4691083553591406,3.5084659766208164,3.440995717676289,3.497220993041992,119600,0.0,0.0
2009-11-19 00:00:00-05:00,3.485920730529492,3.485920730529492,3.384224330601604,3.4237730503082275,117000,0.09,0.0
2009-11-20 00:00:00-05:00,3.401172637939453,3.4124724737706242,3.3616242901420095,3.401172637939453,115300,0.0,0.0
2009-11-23 00:00:00-05:00,3.4294227050855493,3.463321505993151,3.3785748629281573,3.395524263381958,127333,0.0,0.0
2009-11-24 00:00:00-05:00,3.4011734608369704,3.406823380119527,3.355975184188436,3.38987398147583,136133,0.0,0.0
2009-11-25 00:00:00-05:00,3.38987398147583,3.429422338841808,3.3785745021146893,3.38987398147583,76367,0.0,0.0
2009-11-27 00:00:00-05:00,3.3277248219306923,3.3616236040983365,3.237328308952849,3.3333747386932373,48167,0.0,0.0
2009-11-30 00:00:00-05:00,3.3672741709756915,3.3729240894317627,3.31642634168673,3.3729240894317627,82733,0.0,0.0
2009-12-01 00:00:00-05:00,3.4011731258808533,3.4294220011036702,3.3955235663586523,3.41247296333313,157200,0.0,0.0
2009-12-02 00:00:00-05:00,3.4181226719913327,3.4463715484466753,3.4011732742773364,3.4407219886779785,103033,0.0,0.0
2009-12-03 00:00:00-05:00,3.4463712981860852,3.4802700911524935,3.4237723423444306,3.429421901702881,112167,0.0,0.0
2009-12-04 00:00:00-05:00,3.46332202251807,3.502870749209964,3.412474172777155,3.435073137283325,115900,0.0,0.0
2009-12-07 00:00:00-05:00,3.4237725909639822,3.457671386391975,3.4237725909639822,3.4407219886779785,112733,0.0,0.0
2009-12-08 00:00:00-05:00,3.4350726249714865,3.4350726249714865,3.3842244236100836,3.395524263381958,129400,0.0,0.0
2009-12-09 00:00:00-05:00,3.4011738240638847,3.4181232245176854,3.3842244236100836,3.395524263381958,100033,0.0,0.0
2009-12-10 00:00:00-05:00,3.4181232245176854,3.4294227050855493,3.3729249430422197,3.395524263381958,105900,0.0,0.0
2009-12-11 00:00:00-05:00,3.4124723607368623,3.418121919261428,3.4011725252799834,3.406822443008423,76267,0.0,0.0
2009-12-14 00:00:00-05:00,3.4294220011036702,3.4350719198298085,3.4011731258808533,3.41247296333313,75767,0.0,0.0
2009-12-15 00:00:00-05:00,3.4068228817603505,3.4124728002164217,3.3672741709756915,3.3729240894317627,103733,0.0,0.0
2009-12-16 00:00:00-05:00,3.389873485596057,3.4011729633042793,3.36162461172354,3.3729240894317627,111433,0.0,0.0
2009-12-17 00:00:00-05:00,3.3503252211084362,3.3672742585094078,3.333375824503536,3.344675302505493,136100,0.0,0.0
2009-12-18 00:00:00-05:00,3.3729237667692953,3.401172637939453,3.339024977683552,3.401172637939453,135700,0.0,0.0
2009-12-21 00:00:00-05:00,3.429422338841808,3.429422338841808,3.3616251034709927,3.38987398147583,118833,0.0,0.0
2009-12-22 00:00:00-05:00,3.3785159587860107,3.4239413391501174,3.367159703947192,3.3785159587860107,90333,0.09,0.0
2009-12-23 00:00:00-05:00,3.372839851280311,3.4977598190307617,3.372839851280311,3.4977598190307617,244800,0.0,0.0
2009-12-24 00:00:00-05:00,3.5375074306012473,3.543185381464774,3.4977599695111454,3.5318291187286377,137367,0.0,0.0
2009-12-28 00:00:00-05:00,3.606570243835449,3.64216145834611,3.559115416867048,3.606570243835449,178500,0.798,0.0
2009-12-29 00:00:00-05:00,3.6065719917763435,3.695550071176611,3.6065719917763435,3.659958839416504,172733,0.0,0.0
2009-12-30 00:00:00-05:00,3.6480920201144285,3.7252060365042734,3.6243644273820883,3.7192740440368652,139233,0.0,0.0
2009-12-31 00:00:00-05:00,3.7370713694212014,3.7370713694212014,3.6955485343933105,3.6955485343933105,123667,0.0,0.0
2010-01-04 00:00:00-05:00,3.7667320299960196,3.7785960249393544,3.707413563829787,3.748936414718628,171467,0.0,0.0
2010-01-05 00:00:00-05:00,3.754868024958754,3.796391248703003,3.731140791794244,3.796391248703003,245433,0.0,0.0
2010-01-06 00:00:00-05:00,3.802319488240095,3.926888671595783,3.772660284582105,3.8794338703155518,350433,0.0,0.0
2010-01-07 00:00:00-05:00,3.885367167230043,3.9328219890594482,3.885367167230043,3.9328219890594482,204233,0.0,0.0
2010-01-08 00:00:00-05:00,3.926888568198199,4.004002571105957,3.926888568198199,4.004002571105957,178433,0.0,0.0
2010-01-11 00:00:00-05:00,4.009936622735176,4.0751870534435,4.009936622735176,4.045527458190918,197767,0.0,0.0
2010-01-12 00:00:00-05:00,4.039594680750658,4.0692538903482225,3.8438434448419563,3.9090938568115234,163567,0.0,0.0
2010-01-13 00:00:00-05:00,3.944685066990663,4.021799087524414,3.944685066990663,4.021799087524414,293833,0.0,0.0
2010-01-14 00:00:00-05:00,4.039599667408257,4.063326913521329,3.9446899286804133,3.9624855518341064,198500,0.0,0.0
2010-01-15 00:00:00-05:00,4.004002676534004,4.015866282569752,3.8616382726933107,3.8794338703155518,144600,0.0,0.0
2010-01-19 00:00:00-05:00,3.8913004398345947,3.9150276699759514,3.873504828659816,3.8913004398345947,191100,0.0,0.0
2010-01-20 00:00:00-05:00,3.8675713957318276,3.8735033896321602,3.8260485698416486,3.849775791168213,110000,0.0,0.0
2010-01-21 00:00:00-05:00,3.8557357131658363,3.8914922103581606,3.7484666004776983,3.7544257640838623,113333,0.09,0.0
2010-01-22 00:00:00-05:00,3.760384925943219,3.760384925943219,3.6888719387972952,3.7007906436920166,148767,0.0,0.0
2010-01-25 00:00:00-05:00,3.903412079403648,3.9332090429783886,3.7007921208730963,3.7425081729888916,113100,0.0,0.0
2010-01-26 00:00:00-05:00,3.6888719387972952,3.7186688904784977,3.611399788648409,3.7007906436920166,130000,0.0,0.0
2010-01-27 00:00:00-05:00,3.7127097626107903,3.7246284676183046,3.6233185278324305,3.6590750217437744,111133,0.0,0.0
2010-01-28 00:00:00-05:00,3.706749276809054,3.706749276809054,3.593520660847191,3.6829118728637695,105267,0.0,0.0
2010-01-29 00:00:00-05:00,3.7127080007319617,3.7425049385549047,3.5696820929600412,3.575641632080078,102833,0.0,0.0
2010-02-01 00:00:00-05:00,3.629275732093859,3.6709913621947154,3.5816005638834993,3.6531131267547607,118133,0.0,0.0
2010-02-02 00:00:00-05:00,3.6769539559128313,3.7305887068040464,3.6709944128508503,3.7246291637420654,126467,0.0,0.0
2010-02-03 00:00:00-05:00,3.712710103285374,3.7544257640838623,3.6769536060930497,3.7544257640838623,78533,0.0,0.0
2010-02-04 00:00:00-05:00,3.700789524919601,3.700789524919601,3.59352045551764,3.611398696899414,97800,0.0,0.0
2010-02-05 00:00:00-05:00,3.593522022417056,3.605440728905644,3.4683742781759097,3.516049861907959,166300,0.0,0.0
2010-02-08 00:00:00-05:00,3.510089874267578,3.575643319978295,3.4802929223788523,3.510089874267578,100600,0.0,0.0
2010-02-09 00:00:00-05:00,3.551804431356136,3.581601752907243,3.5100887874064783,3.5458452701568604,92167,0.0,0.0
2010-02-10 00:00:00-05:00,3.5398832598239864,3.575639717622357,3.5041268020256156,3.533924102783203,76033,0.0,0.0
2010-02-11 00:00:00-05:00,3.5518036454390507,3.6233165951159534,3.527966248139149,3.5696818828582764,114667,0.0,0.0
2010-02-12 00:00:00-05:00,3.5398864928042366,3.5935212284864257,3.5220082475768404,3.5637242794036865,68867,0.0,0.0
2010-02-16 00:00:00-05:00,3.5637273123527824,3.6411995216792277,3.5637273123527824,3.605443000793457,92867,0.0,0.0
2010-02-17 00:00:00-05:00,3.6352388183909996,3.6709953278979546,3.6352388183909996,3.647157907485962,67567,0.0,0.0
2010-02-18 00:00:00-05:00,3.6531452688666506,3.671111588283642,3.587268891256114,3.617213010787964,92733,0.09,0.0
2010-02-19 00:00:00-05:00,3.605237886692724,3.6291931239481308,3.5992493629455566,3.5992493629455566,92633,0.0,0.0
2010-02-22 00:00:00-05:00,3.6531477519734654,3.6531477519734654,3.605237661214615,3.623203992843628,92700,0.0,0.0
2010-02-23 00:00:00-05:00,3.6291909734432486,3.6351794936418727,3.5872694282761137,3.61122465133667,93900,0.0,0.0
2010-02-24 00:00:00-05:00,3.647156764436542,3.6651230839267948,3.6112241254560367,3.629190444946289,88800,0.0,0.0
2010-02-25 00:00:00-05:00,3.5932583292300913,3.623202072489271,3.575292007123512,3.61122465133667,118400,0.0,0.0
2010-02-26 00:00:00-05:00,3.635179576399348,3.707044866461728,3.635179576399348,3.665123701095581,66133,0.0,0.0
2010-03-01 00:00:00-05:00,3.6770979134413637,3.7669294476214983,3.6770979134413637,3.7609405517578125,142367,0.0,0.0
2010-03-02 00:00:00-05:00,3.7789084652007694,3.832807408624043,3.766931049136217,3.808852195739746,130667,0.0,0.0
2010-03-03 00:00:00-05:00,3.8328047959486478,3.8507710981761365,3.778905889266183,3.820827007293701,129367,0.0,0.0
2010-03-04 00:00:00-05:00,3.820831992824209,3.826820894966173,3.7848993414832846,3.796877145767212,89533,0.0,0.0
2010-03-05 00:00:00-05:00,3.844787056916273,3.844787056916273,3.7908880822000355,3.802865505218506,101867,0.0,0.0
2010-03-08 00:00:00-05:00,3.8268187046051025,3.838796121278072,3.802863490503953,3.8268187046051025,57400,0.0,0.0
2010-03-09 00:00:00-05:00,3.832806132463818,3.8567609566169927,3.808850927555578,3.8447835445404053,76367,0.0,0.0
2010-03-10 00:00:00-05:00,3.8567625566305277,3.892695188522339,3.8208299247387165,3.892695188522339,146000,0.0,0.0
2010-03-11 00:00:00-05:00,3.8807156085968013,3.9106593248993904,3.8387941011691686,3.8807156085968018,75667,0.0,0.0
2010-03-12 00:00:00-05:00,3.8747288725764335,3.9166504033686205,3.8747288725764335,3.892695188522339,83800,0.0,0.0
2010-03-15 00:00:00-04:00,3.9046704293368686,3.922636735269424,3.8447829967316904,3.8807156085968018,71933,0.0,0.0
2010-03-16 00:00:00-04:00,3.910663366317749,3.934618211813604,3.8867081400664905,3.910663366317749,82000,0.0,0.0
2010-03-17 00:00:00-04:00,3.9346169155611412,3.970549552722385,3.922639496759153,3.946594715118408,103500,0.0,0.0
2010-03-18 00:00:00-04:00,3.9585731309305268,3.9705505527491605,3.8867078385079763,3.916651964187622,77067,0.0,0.0
2010-03-19 00:00:00-04:00,3.886705160140991,3.9346151951556205,3.868738849416116,3.886705160140991,106667,0.0,0.0
2010-03-22 00:00:00-04:00,3.868741815566897,3.9406071135652696,3.8507758718227083,3.910663366317749,76233,0.0,0.0
2010-03-23 00:00:00-04:00,3.9425633424409425,3.9666402339935303,3.930525088009253,3.9666402339935303,88700,0.099,0.0
2010-03-24 00:00:00-04:00,3.960623021558116,3.9666423433194367,3.900431334702561,3.9245078563690186,119567,0.0,0.0
2010-03-25 00:00:00-04:00,3.9606179173458087,3.96663723134979,3.828196070769575,3.888387680053711,129867,0.0,0.0
2010-03-26 00:00:00-04:00,3.8944069940576918,3.9184838673846976,3.864311189415624,3.888387680053711,104700,0.0,0.0
2010-03-29 00:00:00-04:00,3.9184875317009493,3.966640940695997,3.9124682120680894,3.9485833644866943,106800,0.0,0.0
2010-03-30 00:00:00-04:00,3.966640940695997,3.9846985169052997,3.924506468644532,3.9485833644866943,65933,0.0,0.0
2010-03-31 00:00:00-04:00,3.954603672027588,3.9726612544953364,3.930527150530196,3.954603672027588,96100,0.0,0.0
2010-04-01 00:00:00-04:00,3.9967381911228013,4.0448916171978455,3.9425654432798467,3.960623025894165,128733,0.0,0.0
2010-04-05 00:00:00-04:00,3.9606213516655533,4.014794076608685,3.9606213516655533,4.008774757385254,56600,0.0,0.0
2010-04-06 00:00:00-04:00,3.9907164832571356,4.056927452358157,3.9907164832571356,4.02683162689209,90533,0.0,0.0
2010-04-07 00:00:00-04:00,4.050908043518562,4.050908043518562,3.97265844722345,3.9967353343963623,100200,0.0,0.0
2010-04-08 00:00:00-04:00,4.014794306625154,4.014794306625154,3.9606215785783467,3.9907174110412598,104833,0.0,0.0
2010-04-09 00:00:00-04:00,4.032851908539971,4.032851908539971,3.9365450909644517,3.9786791801452637,250767,0.0,0.0
2010-04-12 00:00:00-04:00,3.996737283683083,3.996737283683083,3.912468711512171,3.9365456104278564,269567,0.0,0.0
2010-04-13 00:00:00-04:00,3.9546013719363486,3.9846975803375244,3.9184866106954743,3.9846975803375244,126433,0.0,0.0
2010-04-14 00:00:00-04:00,3.9967353343963623,4.008773586638249,3.960620194981563,3.9967353343963623,121133,0.0,0.0
2010-04-15 00:00:00-04:00,4.008773586638249,4.008773586638249,3.9546008775160497,3.9967353343963623,108533,0.0,0.0
2010-04-16 00:00:00-04:00,4.002757512890711,4.002757512890711,3.9004313389727128,3.960623025894165,183500,0.0,0.0
2010-04-19 00:00:00-04:00,3.930526290026604,3.9606221266542168,3.900430453398991,3.9365456104278564,114667,0.0,0.0
2010-04-20 00:00:00-04:00,3.97265887260437,3.9907164442453227,3.9606206190734614,3.97265887260437,77600,0.0,0.0
2010-04-21 00:00:00-04:00,3.9846975803375244,4.032850978014544,3.9666400083724938,3.9846975803375244,94033,0.0,0.0
2010-04-22 00:00:00-04:00,3.968365032026748,4.053055763244629,3.9623155567231567,4.053055763244629,92367,0.099,0.0
2010-04-23 00:00:00-04:00,4.059105909810543,4.059105909810543,4.010711248612663,4.034908771514893,72567,0.0,0.0
2010-04-26 00:00:00-04:00,4.047006704825345,4.059105272072329,4.010710618477877,4.028858661651611,87067,0.0,0.0
2010-04-27 00:00:00-04:00,3.9502179805006623,4.02885925611954,3.938119411468506,3.938119411468506,85200,0.0,0.0
2010-04-28 00:00:00-04:00,3.9865136721143175,3.992562763720017,3.9199709722058684,3.9320695400238037,104400,0.0,0.0
2010-04-29 00:00:00-04:00,3.9744143125023412,4.016759872436523,3.956266654937974,4.016759872436523,86933,0.0,0.0
2010-04-30 00:00:00-04:00,4.02885885178036,4.02885885178036,3.9320695400238037,3.9320695400238037,80700,0.0,0.0
2010-05-03 00:00:00-04:00,3.9744155406951904,3.992563588474251,3.956267877522746,3.9744155406951904,85767,0.0,0.0
2010-05-04 00:00:00-04:00,3.944166388394953,3.944166388394953,3.87762371749557,3.8836731910705566,124533,0.0,0.0
2010-05-05 00:00:00-04:00,3.8534271480349536,3.8534271480349536,3.726390876887414,3.7747855186462402,124200,0.0,0.0
2010-05-06 00:00:00-04:00,3.7505866031593773,3.7626851616833012,2.7221998980760613,3.4844160079956055,316933,0.0,0.0
2010-05-07 00:00:00-04:00,3.5086149669427478,3.557009611050168,3.423924243603151,3.4723188877105713,167533,0.0,0.0
2010-05-10 00:00:00-04:00,3.6779993668251683,3.7021969006112045,3.6054071500738107,3.659851312637329,99733,0.0,0.0
2010-05-11 00:00:00-04:00,3.5449131790383563,3.7626894008541143,3.5449131790383563,3.6719491481781006,141633,0.0,0.0
2010-05-12 00:00:00-04:00,3.6961475466773255,3.7445422312880043,3.6961475466773255,3.7263941764831543,119867,0.0,0.0
2010-05-13 00:00:00-04:00,3.7082417109400327,3.7445377773776687,3.6900936777212148,3.69614315032959,90933,0.0,0.0
2010-05-14 00:00:00-04:00,3.6658979726168193,3.6840460128461268,3.5570097312409743,3.6054043769836426,113833,0.0,0.0
2010-05-17 00:00:00-04:00,3.6416999888657187,3.647749463032589,3.508614634045824,3.5933053493499756,62967,0.0,0.0
2010-05-18 00:00:00-04:00,3.6417007972338333,3.6417007972338333,3.5025663219690393,3.514664888381958,71667,0.0,0.0
2010-05-19 00:00:00-04:00,3.5146644416835913,3.5146644416835913,3.41787515346875,3.4723188877105713,130700,0.0,0.0
2010-05-20 00:00:00-04:00,3.3889632298724317,3.3889632298724317,3.2368555500581966,3.267277240753174,187800,0.099,0.0
2010-05-21 00:00:00-04:00,3.1820973630646554,3.2551090895690398,3.1090856365602715,3.1942660808563232,371067,0.0,0.0
2010-05-24 00:00:00-04:00,3.2064354711172176,3.315953180549984,3.200351014237718,3.2611942291259766,96567,0.0,0.0
2010-05-25 00:00:00-04:00,3.1516746872242627,3.255107879638672,3.084747247785177,3.255107879638672,166500,0.0,0.0
2010-05-26 00:00:00-04:00,3.3098680973052983,3.370711494094695,3.297699572679588,3.309868097305298,121200,0.0,0.0
2010-05-27 00:00:00-04:00,3.413301324948327,3.437638759613037,3.3767953663664625,3.437638759613037,99900,0.0,0.0
2010-05-28 00:00:00-04:00,3.461975224293696,3.461975224293696,3.407216295644786,3.4437222480773926,80633,0.0,0.0
2010-06-01 00:00:00-04:00,3.38896296037696,3.4498063369285568,3.3707103729248047,3.3707103729248047,79033,0.0,0.0
2010-06-02 00:00:00-04:00,3.3767969447515807,3.4072184621793173,3.358543956928822,3.3828814029693604,139267,0.0,0.0
2010-06-03 00:00:00-04:00,3.4558932940951292,3.461977365376407,3.370712814682064,3.4498088359832764,151100,0.0,0.0
2010-06-04 00:00:00-04:00,3.401134931449512,3.4072190038038577,3.322038509367229,3.3402915000915527,137800,0.0,0.0
2010-06-07 00:00:00-04:00,3.352457198956655,3.3585412654682174,3.24902381312711,3.255107879638672,90467,0.0,0.0
2010-06-08 00:00:00-04:00,3.2855321149622414,3.2977006435394283,3.224688698415208,3.2977006435394287,69000,0.0,0.0
2010-06-09 00:00:00-04:00,3.340289602284785,3.376795562992338,3.3037840284076547,3.309868097305298,50667,0.0,0.0
2010-06-10 00:00:00-04:00,3.382880069824373,3.437639011712927,3.3585426333748725,3.4315545558929443,70133,0.0,0.0
2010-06-11 00:00:00-04:00,3.413301588896136,3.443723094456693,3.382880083335579,3.4254701137542725,72667,0.0,0.0
2010-06-14 00:00:00-04:00,3.4923967223774226,3.504565631075182,3.413300749993666,3.4437222480773926,92567,0.0,0.0
2010-06-15 00:00:00-04:00,3.4863149663459554,3.5471580028533936,3.468061978027605,3.5471580028533936,95800,0.0,0.0
2010-06-16 00:00:00-04:00,3.5289033409030517,3.577577824390563,3.5045662925745003,3.5532407760620117,42233,0.0,0.0
2010-06-17 00:00:00-04:00,3.583662279887905,3.583662279887905,3.4923973815798157,3.5532407760620117,71400,0.0,0.0
2010-06-18 00:00:00-04:00,3.571492922324009,3.5775769895712393,3.528902517441803,3.56540846824646,88100,0.0,0.0
2010-06-21 00:00:00-04:00,3.6019142925867778,3.620167267348238,3.5836613178253174,3.5836613178253174,82733,0.0,0.0
2010-06-22 00:00:00-04:00,3.567143218292225,3.5916177857857967,3.4937199048215613,3.52431321144104,87800,0.099,0.0
2010-06-23 00:00:00-04:00,3.512074218117413,3.5365487750529194,3.4753629662289818,3.4814813137054443,80933,0.0,0.0
2010-06-24 00:00:00-04:00,3.4814812731959934,3.4937183570164168,3.4019396448484196,3.432532548904419,109333,0.0,0.0
2010-06-25 00:00:00-04:00,3.4264138523579697,3.4814813137054443,3.4019396844323486,3.4814813137054443,110700,0.0,0.0
2010-06-28 00:00:00-04:00,3.4875998338188974,3.4875998338188974,3.4447694590914564,3.4570069313049316,88267,0.0,0.0
2010-06-29 00:00:00-04:00,3.371347832169032,3.395822007732687,3.334636179813542,3.3591103553771973,121233,0.0,0.0
2010-06-30 00:00:00-04:00,3.377466940453718,3.377466940453718,3.2979252684842395,3.304044008255005,88600,0.0,0.0
2010-07-01 00:00:00-04:00,3.310161424897568,3.3223989009857178,3.2550941440358394,3.3223989009857178,118567,0.0,0.0
2010-07-02 00:00:00-04:00,3.3101623590156763,3.3529927593908453,3.2795694381820377,3.304044008255005,95733,0.0,0.0
2010-07-06 00:00:00-04:00,3.4019370038043393,3.420292809789653,3.285683825237071,3.291802167892456,147667,0.0,0.0
2010-07-07 00:00:00-04:00,3.2918058321895534,3.4325337050593334,3.2918058321895534,3.426414966583252,97567,0.0,0.0
2010-07-08 00:00:00-04:00,3.463126262877283,3.5120749986164355,3.4325333516665593,3.5059566497802734,115600,0.0,0.0
2010-07-09 00:00:00-04:00,3.5059577886264774,3.5181948792837674,3.4876019581354933,3.5120761394500732,72100,0.0,0.0
2010-07-12 00:00:00-04:00,3.5181948792837674,3.5610248910893314,3.4876019581354933,3.5120761394500732,93833,0.0,0.0
2010-07-13 00:00:00-04:00,3.5120745562360582,3.5916165821768042,3.5120745562360582,3.5549049377441406,117933,0.0,0.0
2010-07-14 00:00:00-04:00,3.5426682767541635,3.5671424499661954,3.530430801138178,3.561023712158203,76133,0.0,0.0
2010-07-15 00:00:00-04:00,3.5916175291542167,3.5916175291542167,3.493719655185071,3.567142963409424,72033,0.0,0.0
2010-07-16 00:00:00-04:00,3.548785423058354,3.548785423058354,3.475362539291382,3.475362539291382,96300,0.0,0.0
2010-07-19 00:00:00-04:00,3.5181944723151335,3.536550300682799,3.487601554705708,3.52431321144104,137400,0.0,0.0
2010-07-20 00:00:00-04:00,3.4875996463355823,3.554904183852153,3.4753625637897985,3.548785448074341,183833,0.0,0.0
2010-07-21 00:00:00-04:00,3.573261187774188,3.609972836602206,3.530430801138178,3.561023712158203,166700,0.0,0.0
2010-07-22 00:00:00-04:00,3.58132964593473,3.7228599722752924,3.58132964593473,3.6982462406158447,220000,0.099,0.0
2010-07-23 00:00:00-04:00,3.710551872533932,3.753626084228118,3.6797845225769303,3.735165596008301,88800,0.0,0.0
2010-07-26 00:00:00-04:00,3.7474728350909983,3.8151611612368814,3.741319208631162,3.802854299545288,95100,0.0,0.0
2010-07-27 00:00:00-04:00,3.8151616399364916,3.8213148759403133,3.7597801685333248,3.759780168533325,96667,0.0,0.0
2010-07-28 00:00:00-04:00,3.7474731334068387,3.784394112648776,3.7474731334068387,3.7720868587493896,80700,0.0,0.0
2010-07-29 00:00:00-04:00,3.7843942862329976,3.7843942862329976,3.7290128148298307,3.759780168533325,93767,0.0,0.0
2010-07-30 00:00:00-04:00,3.7597796967825916,3.809007534777045,3.716705485247975,3.802854299545288,56133,0.0,0.0
2010-08-02 00:00:00-04:00,3.8151623803194825,3.919771716194698,3.8151623803194825,3.9136180877685547,95600,0.0,0.0
2010-08-03 00:00:00-04:00,3.9013088160524676,3.9074620494554635,3.8705414753535985,3.895155191421509,82000,0.0,0.0
2010-08-04 00:00:00-04:00,3.9197704792022705,3.925923714458386,3.876695876269061,3.9197704792022705,76200,0.0,0.0
2010-08-05 00:00:00-04:00,3.889004361634853,3.901311619741418,3.8582369988249288,3.8828511238098145,66300,0.0,0.0
2010-08-06 00:00:00-04:00,3.8520841034195157,3.895158336936717,3.839776844218933,3.889004707336426,94267,0.0,0.0
2010-08-09 00:00:00-04:00,3.9013088160524676,3.919769298717382,3.8890015667905495,3.895155191421509,73633,0.0,0.0
2010-08-10 00:00:00-04:00,3.8766962825858577,3.8766962825858577,3.82746843923696,3.864389419555664,74967,0.0,0.0
2010-08-11 00:00:00-04:00,3.8213157096627555,3.8213157096627555,3.64286478451176,3.6736321449279785,223867,0.0,0.0
2010-08-12 00:00:00-04:00,3.6367110756933307,3.6920925579574617,3.6244042100440366,3.64286470413208,137000,0.0,0.0
2010-08-13 00:00:00-04:00,3.661324350798749,3.6982453304293967,3.661324350798749,3.692091703414917,73000,0.0,0.0
2010-08-16 00:00:00-04:00,3.6736312135995934,3.7228590560310852,3.661324350798749,3.692091703414917,74200,0.0,0.0
2010-08-17 00:00:00-04:00,3.7105526625920415,3.8090083599090576,3.7105526625920415,3.8090083599090576,109800,0.0,0.0
2010-08-18 00:00:00-04:00,3.821314790246712,3.8582357703541974,3.772086947179438,3.845928907394409,91867,0.0,0.0
2010-08-19 00:00:00-04:00,3.833622832665943,3.8459296981561466,3.753627228909119,3.7843949794769287,92600,0.0,0.0
2010-08-20 00:00:00-04:00,3.747474655367224,3.7782420201550058,3.7105536611305787,3.7290141582489014,141933,0.0,0.0
2010-08-23 00:00:00-04:00,3.7865535537762915,3.7865535537762915,3.737056170550683,3.7494304180145264,96267,0.099,0.0
2010-08-24 00:00:00-04:00,3.693744617577704,3.730867742316393,3.668996129998656,3.7246804237365723,61500,0.0,0.0
2010-08-25 00:00:00-04:00,3.712310314178467,3.7246845717486394,3.6628128905272206,3.712310314178467,65767,0.0,0.0
2010-08-26 00:00:00-04:00,3.7184928206052676,3.743241303672398,3.67518238518272,3.693743944168091,76533,0.0,0.0
2010-08-27 00:00:00-04:00,3.7123061799470487,3.749429304685738,3.668996129998656,3.7246804237365723,70100,0.0,0.0
2010-08-30 00:00:00-04:00,3.724680623883112,3.7556164317043232,3.693744816061901,3.7061190605163574,76567,0.0,0.0
2010-08-31 00:00:00-04:00,3.718496470046346,3.7432449774023846,3.687560245795649,3.7308707237243652,94633,0.0,0.0
2010-09-01 00:00:00-04:00,3.749431692453808,3.829864918363556,3.749431692453808,3.8051164150238037,161733,0.0,0.0
2010-09-02 00:00:00-04:00,3.805116435360119,3.8917369842529297,3.792741790253739,3.8917369842529297,145000,0.0,0.0
2010-09-03 00:00:00-04:00,3.9474192118045206,3.9474192118045206,3.879360273441345,3.9164834022521973,95900,0.0,0.0
2010-09-07 00:00:00-04:00,3.8917377756234313,3.8917377756234313,3.8484272956848145,3.8484272956848145,77567,0.0,0.0
2010-09-08 00:00:00-04:00,3.8917343588959237,3.9041086022842912,3.842236598602243,3.879359722137451,91233,0.0,0.0
2010-09-09 00:00:00-04:00,3.9041133223326834,3.9288618390302195,3.8855517381242413,3.9103002548217773,71367,0.0,0.0
2010-09-10 00:00:00-04:00,3.9103002548217773,3.935049164889894,3.8979259964730093,3.9103002548217773,47233,0.0,0.0
2010-09-13 00:00:00-04:00,3.9474195242001757,3.978355729570927,3.941232597822179,3.9536068439483643,90400,0.0,0.0
2010-09-14 00:00:00-04:00,3.959795687203804,4.003105761993836,3.947421042946358,3.9969184398651123,76767,0.0,0.0
2010-09-15 00:00:00-04:00,4.009290574481318,4.015477499366952,3.9783547699428548,4.003103256225586,74500,0.0,0.0
2010-09-16 00:00:00-04:00,3.9783572602196298,4.003105761993836,3.972169938090907,3.9969184398651123,66733,0.0,0.0
2010-09-17 00:00:00-04:00,4.009294612280324,4.009294612280324,3.959797196495442,3.9845457077026367,72133,0.0,0.0
2010-09-20 00:00:00-04:00,3.9783573445153686,4.052603244781494,3.9783573445153686,4.052603244781494,111333,0.0,0.0
2010-09-21 00:00:00-04:00,4.046414091851287,4.083536824895313,4.040226772992216,4.064975261688232,81967,0.0,0.0
2010-09-22 00:00:00-04:00,4.073060811273256,4.079279367174492,4.0108768336852405,4.041968822479248,79400,0.099,0.0
2010-09-23 00:00:00-04:00,4.029533843317868,4.041970565126197,3.9797865607282965,4.010878562927246,95133,0.0,0.0
2010-09-24 00:00:00-04:00,4.0481875820894615,4.091716289520264,4.0481875820894615,4.091716289520264,76000,0.0,0.0
2010-09-27 00:00:00-04:00,4.091714502289446,4.091714502289446,4.048185813871655,4.085495948791504,113167,0.0,0.0
2010-09-28 00:00:00-04:00,4.110372895322131,4.122809616426125,4.060625615549915,4.116591453552246,108067,0.0,0.0
2010-09-29 00:00:00-04:00,4.110369837221141,4.135243656279331,4.085496018162951,4.122806549072266,99567,0.0,0.0
2010-09-30 00:00:00-04:00,4.135246378769144,4.16633837654472,4.079280545559384,4.110372543334961,132600,0.0,0.0
2010-10-01 00:00:00-04:00,4.1414618835872865,4.166335703060256,4.122806617821547,4.160117149353027,122033,0.0,0.0
2010-10-04 00:00:00-04:00,4.172553791832704,4.172553791832704,4.122806549072266,4.122806549072266,98700,0.0,0.0
2010-10-05 00:00:00-04:00,4.153898961809548,4.2596116065979,4.147680408146021,4.2596116065979,161067,0.0,0.0
2010-10-06 00:00:00-04:00,4.253396057303407,4.296924773580574,4.247177499825446,4.2720513343811035,184900,0.0,0.0
2010-10-07 00:00:00-04:00,4.290706429206802,4.315579867349748,4.259614038493863,4.296924591064453,109833,0.0,0.0
2010-10-08 00:00:00-04:00,4.290707420534388,4.334236145019531,4.253396859343543,4.334236145019531,170633,0.0,0.0
2010-10-11 00:00:00-04:00,4.321798801422119,4.340454079334145,4.290706803354146,4.321798801422119,114567,0.0,0.0
2010-10-12 00:00:00-04:00,4.296920739263539,4.340449810028076,4.296920739263539,4.340449810028076,98400,0.0,0.0
2010-10-13 00:00:00-04:00,4.346673869236477,4.427513568909043,4.346673869236477,4.39020299911499,163267,0.0,0.0
2010-10-14 00:00:00-04:00,4.3902020837070665,4.452386090160168,4.3902020837070665,4.4275126457214355,157833,0.0,0.0
2010-10-15 00:00:00-04:00,4.439948868472781,4.464822705469625,4.396419752567361,4.4088568687438965,102433,0.0,0.0
2010-10-18 00:00:00-04:00,4.402638310655629,4.427512147652473,4.365327752838477,4.4088568687438965,114533,0.0,0.0
2010-10-19 00:00:00-04:00,4.365328147559814,4.377765264860937,4.296925583828687,4.334236145019531,191267,0.0,0.0
2010-10-20 00:00:00-04:00,4.33423236613219,4.390198159123559,4.321795655030526,4.3528876304626465,178133,0.0,0.0
2010-10-21 00:00:00-04:00,4.373507035770019,4.386002658933898,4.329772156082094,4.3672590255737305,84767,0.099,0.0
2010-10-22 00:00:00-04:00,4.386000354136286,4.386000354136286,4.336017490517548,4.361009120941162,72167,0.0,0.0
2010-10-25 00:00:00-04:00,4.373507009982154,4.39849865339125,4.354763376732506,4.379755020141602,82633,0.0,0.0
2010-10-26 00:00:00-04:00,4.367258999822706,4.379755020141602,4.3422677536423055,4.379755020141602,80367,0.0,0.0
2010-10-27 00:00:00-04:00,4.367257707751877,4.367257707751877,4.311027221867646,4.348514080047607,83567,0.0,0.0
2010-10-28 00:00:00-04:00,4.361013051566752,4.410995960235596,4.348517026477905,4.410995960235596,277033,0.0,0.0
2010-10-29 00:00:00-04:00,4.423492178397046,4.423492178397046,4.379757276436337,4.398500919342041,142633,0.0,0.0
2010-11-01 00:00:00-04:00,4.423490297884569,4.473473191974771,4.423490297884569,4.4547295570373535,152833,0.0,0.0
2010-11-02 00:00:00-04:00,4.492218112412493,4.51096175271362,4.435987191509112,4.485970497131348,123600,0.0,0.0
2010-11-03 00:00:00-04:00,4.504713259616261,4.554696559906006,4.473473994856772,4.554696559906006,161300,0.0,0.0
2010-11-04 00:00:00-04:00,4.592181694758639,4.679651841193501,4.567190451336479,4.667156219482422,181767,0.0,0.0
2010-11-05 00:00:00-04:00,4.654664030084448,4.723390596016801,4.654664030084448,4.717142581939697,115033,0.0,0.0
2010-11-08 00:00:00-05:00,4.698396898284552,4.704644909650619,4.648413999042339,4.673405647277832,96700,0.0,0.0
2010-11-09 00:00:00-05:00,4.642166409837585,4.673405672378155,4.567191861957199,4.5921831130981445,118267,0.0,0.0
2010-11-10 00:00:00-05:00,4.623424563099248,4.635920193508142,4.560945616596922,4.610928535461426,159267,0.0,0.0
2010-11-11 00:00:00-05:00,4.548449986188029,4.623424563099248,4.548449986188029,4.610928535461426,128433,0.0,0.0
2010-11-12 00:00:00-05:00,4.585935120613872,4.604678756037726,4.485969329839147,4.510960578918457,132500,0.0,0.0
2010-11-15 00:00:00-05:00,4.548447112164925,4.548447112164925,4.467224969985484,4.479720592498779,126200,0.0,0.0
2010-11-16 00:00:00-05:00,4.4422322185689564,4.448480226879906,4.2797875775414775,4.348514080047607,156400,0.0,0.0
2010-11-17 00:00:00-05:00,4.361011892756369,4.529704214342311,4.32977263279286,4.510960578918457,246867,0.0,0.0
2010-11-18 00:00:00-05:00,4.54844687580229,4.579686129076504,4.498463991117816,4.517207622528076,105133,0.0,0.0
2010-11-19 00:00:00-05:00,4.512816429138184,4.5190930908671945,4.450051408049165,4.512816429138184,86333,0.099,0.0
2010-11-22 00:00:00-05:00,4.468880944141028,4.512816378601275,4.443774696556411,4.481433868408203,95467,0.0,0.0
2010-11-23 00:00:00-05:00,4.450051176003027,4.462604099756208,4.4123920056932295,4.456327438354492,117200,0.0,0.0
2010-11-24 00:00:00-05:00,4.475157256864664,4.512816429138184,4.450051408049165,4.512816429138184,95233,0.0,0.0
2010-11-26 00:00:00-05:00,4.456326620051737,4.500262443695439,4.450050358852764,4.4877095222473145,39733,0.0,0.0
2010-11-29 00:00:00-05:00,4.481433868408203,4.481433868408203,4.424945110630515,4.481433868408203,93433,0.0,0.0
2010-11-30 00:00:00-05:00,4.450050883911895,4.456327145851401,4.3747325482360235,4.4061150550842285,207700,0.0,0.0
2010-12-01 00:00:00-05:00,4.475156019512955,4.519091841367515,4.475156019512955,4.500262260437012,164633,0.0,0.0
2010-12-02 00:00:00-05:00,4.487707459568019,4.5567490943744495,4.450048313482694,4.537919521331787,106933,0.0,0.0
2010-12-03 00:00:00-05:00,4.531646486125544,4.563028999930783,4.519093560413511,4.55047607421875,88333,0.0,0.0
2010-12-06 00:00:00-05:00,4.544196748785391,4.581855902902272,4.525367171726951,4.575579643249512,119500,0.0,0.0
2010-12-07 00:00:00-05:00,4.613237537653066,4.638343768730432,4.537919642520979,4.56302547454834,124600,0.0,0.0
2010-12-08 00:00:00-05:00,4.588134773685223,4.588134773685223,4.481433918593675,4.512816429138184,95067,0.0,0.0
2010-12-09 00:00:00-05:00,4.512815422648163,4.519092082977295,4.443773755228449,4.519092082977295,116567,0.0,0.0
2010-12-10 00:00:00-05:00,4.48770880154321,4.506538380216547,4.462602563628723,4.468879222869873,83133,0.0,0.0
2010-12-13 00:00:00-05:00,4.468879940550039,4.500262443695439,4.468879940550039,4.4877095222473145,92933,0.0,0.0
2010-12-14 00:00:00-05:00,4.500263885444501,4.5379230609039185,4.437498459995371,4.450051784515381,102600,0.0,0.0
2010-12-15 00:00:00-05:00,4.462604522705078,4.50026369658407,4.456327860708483,4.462604522705078,121733,0.0,0.0
2010-12-16 00:00:00-05:00,4.456326620051737,4.500262443695439,4.4437736986036125,4.4877095222473145,93700,0.0,0.0
2010-12-17 00:00:00-05:00,4.493986792675378,4.493986792675378,4.443774696556411,4.481433868408203,84267,0.0,0.0
2010-12-20 00:00:00-05:00,4.462601958977629,4.475154876708984,4.43749572446486,4.475154876708984,87333,0.0,0.0
2010-12-21 00:00:00-05:00,4.500261720975397,4.537920878322071,4.462602563628723,4.468879222869873,127500,0.0,0.0
2010-12-22 00:00:00-05:00,4.502299421676769,4.552745305283638,4.495993535885318,4.527522563934326,109500,0.099,0.0
2010-12-23 00:00:00-05:00,4.540135549057751,4.540135549057751,4.502301022671775,4.508606910705566,86400,0.0,0.0
2010-12-27 00:00:00-05:00,4.502299421676769,4.540133934608982,4.495993535885318,4.527522563934326,90600,0.0,0.0
2010-12-28 00:00:00-05:00,4.527524173898555,4.540135549057751,4.489689647512578,4.508606910705566,118433,0.0,0.0
2010-12-29 00:00:00-05:00,4.375627181617393,4.5086059495366335,4.375627181617393,4.438950538635254,179133,0.09,0.0
2010-12-30 00:00:00-05:00,4.457947821499987,4.483276844024658,4.419953885115426,4.483276844024658,129267,0.0,0.0
2010-12-31 00:00:00-05:00,4.495941773243792,4.508606688281052,4.438951265966489,4.489609718322754,122400,0.0,0.0
2011-01-03 00:00:00-05:00,4.489608383469375,4.514937400817871,4.470611419159267,4.514937400817871,166900,0.0,0.0
2011-01-04 00:00:00-05:00,4.4959423727293775,4.502274831092373,4.438951857853002,4.476945400238037,114033,0.0,0.0
2011-01-05 00:00:00-05:00,4.413623050305445,4.502275466918945,4.413623050305445,4.502275466918945,123567,0.0,0.0
2011-01-06 00:00:00-05:00,4.502272392186458,4.508604847119128,4.445281505584717,4.445281505584717,86267,0.0,0.0
2011-01-07 00:00:00-05:00,4.45794750548086,4.470612015845422,4.407288658827561,4.438950538635254,95367,0.0,0.0
2011-01-10 00:00:00-05:00,4.419953213505982,4.426285266876221,4.394623792232548,4.426285266876221,91633,0.0,0.0
2011-01-11 00:00:00-05:00,4.426284444772297,4.432616899563888,4.381958469023419,4.419952392578125,93767,0.0,0.0
2011-01-12 00:00:00-05:00,4.432620264706345,4.483278733705547,4.413623288506928,4.451617240905762,139333,0.0,0.0
2011-01-13 00:00:00-05:00,4.445282879662257,4.521270751953125,4.43895082536972,4.521270751953125,121267,0.0,0.0
2011-01-14 00:00:00-05:00,4.495939758887662,4.578260059356784,4.476942797440743,4.5655951499938965,130067,0.0,0.0
2011-01-18 00:00:00-05:00,4.559266392441417,4.559266392441417,4.489610951002074,4.502275466918945,94467,0.0,0.0
2011-01-19 00:00:00-05:00,4.521269587507772,4.521269587507772,4.4579466453058005,4.464278697967529,89967,0.0,0.0
2011-01-20 00:00:00-05:00,4.489607884918547,4.489607884918547,4.426284543384137,4.445281505584717,88467,0.0,0.0
2011-01-21 00:00:00-05:00,4.447191931530909,4.479003357255715,4.440829969985213,4.4726409912109375,76567,0.099,0.0
2011-01-24 00:00:00-05:00,4.466277966328093,4.5108137130737305,4.447191275508394,4.5108137130737305,80333,0.0,0.0
2011-01-25 00:00:00-05:00,4.504453726192718,4.517178058624268,4.4599183604326775,4.517178058624268,77500,0.0,0.0
2011-01-26 00:00:00-05:00,4.574435671908715,4.574435671908715,4.491726949364851,4.504451274871826,143367,0.0,0.0
2011-01-27 00:00:00-05:00,4.523538038787189,4.536262364500648,4.4917270222540315,4.5108137130737305,70433,0.0,0.0
2011-01-28 00:00:00-05:00,4.517175074922357,4.517175074922357,4.409017713945852,4.434466361999512,84333,0.0,0.0
2011-01-31 00:00:00-05:00,4.459915414552139,4.472639738578969,4.402655349682954,4.434466361999512,171100,0.0,0.0
2011-02-01 00:00:00-05:00,4.440827524334654,4.466276165500537,4.434465161793755,4.459914207458496,86167,0.0,0.0
2011-02-02 00:00:00-05:00,4.4599156392502595,4.485364288586065,4.447190910083369,4.466277599334717,146000,0.0,0.0
2011-02-03 00:00:00-05:00,4.466277928248516,4.47264029330051,4.415380221329615,4.440829277038574,95467,0.0,0.0
2011-02-04 00:00:00-05:00,4.459913654171032,4.466275611423823,4.421740292659056,4.453551292419434,72867,0.0,0.0
2011-02-07 00:00:00-05:00,4.453552016770053,4.453552016770053,4.415378649049346,4.428102970123291,95867,0.0,0.0
2011-02-08 00:00:00-05:00,4.421740292659056,4.459913654171032,4.415377930907457,4.453551292419434,91500,0.0,0.0
2011-02-09 00:00:00-05:00,4.440828726262411,4.453553050289241,4.402655349682954,4.434466361999512,128700,0.0,0.0
2011-02-10 00:00:00-05:00,4.402654494641489,4.428103137752756,4.364481125475699,4.383567810058594,249833,0.0,0.0
2011-02-11 00:00:00-05:00,4.358119461300261,4.428103847827016,4.339032773656696,4.415379524230957,108433,0.0,0.0
2011-02-14 00:00:00-05:00,4.421741888278463,4.428103847827016,4.402655200634898,4.415379524230957,118400,0.0,0.0
2011-02-15 00:00:00-05:00,4.415378415639461,4.42810273604076,4.377205049936711,4.396291732788086,156167,0.0,0.0
2011-02-16 00:00:00-05:00,4.4281039977366135,4.434466361999512,4.402655349682954,4.434466361999512,200067,0.0,0.0
2011-02-17 00:00:00-05:00,4.429989990767873,4.493914644875206,4.429989990767873,4.474737167358398,147667,0.099,0.0
2011-02-18 00:00:00-05:00,4.481128914351703,4.5066986083984375,4.47473628762854,4.5066986083984375,159533,0.0,0.0
2011-02-22 00:00:00-05:00,4.442776458213647,4.474738796906916,4.410814119520378,4.449168682098389,137267,0.0,0.0
2011-02-23 00:00:00-05:00,4.44277736106317,4.4491695862469225,4.372460039079002,4.41720724105835,98300,0.0,0.0
2011-02-24 00:00:00-05:00,4.417206661448642,4.429991922985052,4.359674203804448,4.404421806335449,68500,0.0,0.0
2011-02-25 00:00:00-05:00,4.423598615479537,4.449168321794182,4.404421132531976,4.429991245269775,70800,0.0,0.0
2011-02-28 00:00:00-05:00,4.468345817196631,4.487523300197646,4.455560964003672,4.481131076812744,99333,0.0,0.0
2011-03-01 00:00:00-05:00,4.487523287689304,4.4939159174795416,4.417205985689298,4.429991245269775,104100,0.0,0.0
2011-03-02 00:00:00-05:00,4.4172061933430635,4.468346014799601,4.4172061933430635,4.45556116104126,110567,0.0,0.0
2011-03-03 00:00:00-05:00,4.474738644890358,4.506700982497797,4.4172061933430635,4.45556116104126,180033,0.0,0.0
2011-03-04 00:00:00-05:00,4.4683445393784496,4.481129795338347,4.4427748403047325,4.474737167358398,102133,0.0,0.0
2011-03-07 00:00:00-05:00,4.487523287689304,4.506700770636864,4.429991245269775,4.429991245269775,67300,0.0,0.0
2011-03-08 00:00:00-05:00,4.46195231782154,4.481129795338347,4.436382212324784,4.474737167358398,88033,0.0,0.0
2011-03-09 00:00:00-05:00,4.442776363820395,4.4939161859277235,4.442776363820395,4.487523555755615,86500,0.0,0.0
2011-03-10 00:00:00-05:00,4.468345804741743,4.474738434531981,4.417205985689298,4.429991245269775,100433,0.0,0.0
2011-03-11 00:00:00-05:00,4.404422654517979,4.442777633666992,4.3852451649434725,4.442777633666992,101067,0.0,0.0
2011-03-14 00:00:00-04:00,4.429990635006039,4.429990635006039,4.372458194088873,4.3980278968811035,126367,0.0,0.0
2011-03-15 00:00:00-04:00,4.263787276628019,4.37245956359007,4.199862186779223,4.366066932678223,173033,0.0,0.0
2011-03-16 00:00:00-04:00,4.36606736115135,4.36606736115135,4.2318253502142404,4.282965183258057,132533,0.0,0.0
2011-03-17 00:00:00-04:00,4.334107077786596,4.340499712366405,4.3021447177344685,4.327714443206787,88833,0.0,0.0
2011-03-18 00:00:00-04:00,4.372457694796446,4.391635172912285,4.321317888628558,4.346887588500977,62700,0.0,0.0
2011-03-21 00:00:00-04:00,4.372458413507306,4.42359822808116,4.372458413507306,4.391635894775391,104067,0.0,0.0
2011-03-22 00:00:00-04:00,4.3916365323725985,4.4363837242126465,4.3788512720555754,4.4363837242126465,164967,0.0,0.0
2011-03-23 00:00:00-04:00,4.399773645642924,4.451158224671226,4.399773645642924,4.444735050201416,122133,0.099,0.0
2011-03-24 00:00:00-04:00,4.451158224671226,4.464004165245757,4.419042760687265,4.444735050201416,72467,0.0,0.0
2011-03-25 00:00:00-04:00,4.44473492526171,4.483273154267098,4.431888985048273,4.464004039764404,111200,0.0,0.0
2011-03-28 00:00:00-04:00,4.476850232758608,4.476850232758608,4.425466060638428,4.425466060638428,86133,0.0,0.0
2011-03-29 00:00:00-04:00,4.438311875731606,4.464004165245757,4.412619994582544,4.444735050201416,76000,0.0,0.0
2011-03-30 00:00:00-04:00,4.470427208101856,4.496119499206543,4.464004441599519,4.496119499206543,87267,0.0,0.0
2011-03-31 00:00:00-04:00,4.489695671024806,4.502542018890381,4.476849731524285,4.502542018890381,88200,0.0,0.0
2011-04-01 00:00:00-04:00,4.496120144174599,4.528235206388526,4.489696968385745,4.521812438964844,140200,0.0,0.0
2011-04-04 00:00:00-04:00,4.521812438964844,4.528235206388526,4.502543319963453,4.521812438964844,109400,0.0,0.0
2011-04-05 00:00:00-04:00,4.521811589774342,4.553926645957102,4.515388415191752,4.547503471374512,126467,0.0,0.0
2011-04-06 00:00:00-04:00,4.55392599105835,4.579617868963778,4.5410796437405985,4.55392599105835,94833,0.0,0.0
2011-04-07 00:00:00-04:00,4.5346577083841755,4.547503649687966,4.502542650942143,4.541080474853516,98200,0.0,0.0
2011-04-08 00:00:00-04:00,4.560351848602295,4.59889009995721,4.451160680917118,4.560351848602295,513433,0.0,0.0
2011-04-11 00:00:00-04:00,4.541082722924837,4.579620974279753,4.541082722924837,4.560351848602295,119433,0.0,0.0
2011-04-12 00:00:00-04:00,4.508964592176295,4.55392599105835,4.508964592176295,4.55392599105835,109900,0.0,0.0
2011-04-13 00:00:00-04:00,4.560350318714226,4.573196670433098,4.5282352561474,4.534658432006836,132800,0.0,0.0
2011-04-14 00:00:00-04:00,4.5153852902934,4.573192596435547,4.5153852902934,4.573192596435547,118300,0.0,0.0
2011-04-15 00:00:00-04:00,4.573192009586676,4.624576138997623,4.56034567096037,4.592461109161377,74600,0.0,0.0
2011-04-18 00:00:00-04:00,4.553927501178771,4.553927501178771,4.470427849384355,4.521812438964844,125567,0.0,0.0
2011-04-19 00:00:00-04:00,4.528236775261636,4.560351848602295,4.5218140056126925,4.560351848602295,104367,0.0,0.0
2011-04-20 00:00:00-04:00,4.607454905251412,4.646173079204491,4.594548984024332,4.601001739501953,116133,0.099,0.0
2011-04-21 00:00:00-04:00,4.620361027986859,4.671985125418506,4.620361027986859,4.652626037597656,161233,0.0,0.0
2011-04-25 00:00:00-04:00,4.646175218290786,4.704252505959027,4.646175218290786,4.691346168518066,114200,0.0,0.0
2011-04-26 00:00:00-04:00,4.704250617097794,4.723609294942241,4.671985196722703,4.710703372955322,125933,0.0,0.0
2011-04-27 00:00:00-04:00,4.7300617388256825,4.781685829162598,4.704249898793124,4.781685829162598,178300,0.0,0.0
2011-04-28 00:00:00-04:00,4.768782156327496,4.794594418795301,4.742969893859691,4.788141250610352,124800,0.0,0.0
2011-04-29 00:00:00-04:00,4.807501169859191,4.826860267464062,4.768782974649447,4.794595241546631,96333,0.0,0.0
2011-05-02 00:00:00-04:00,4.820405639813309,4.820405639813309,4.697798332257266,4.775234699249268,164433,0.0,0.0
2011-05-03 00:00:00-04:00,4.762326690533786,4.7687798556053735,4.710702600776475,4.74296760559082,124400,0.0,0.0
2011-05-04 00:00:00-04:00,4.749425726955221,4.749425726955221,4.671989306374097,4.678442478179932,111267,0.0,0.0
2011-05-05 00:00:00-04:00,4.652627038034861,4.665533372871867,4.601002929502673,4.633268356323242,131967,0.0,0.0
2011-05-06 00:00:00-04:00,4.678438968288652,4.710703982567294,4.620361696423947,4.64617395401001,140767,0.0,0.0
2011-05-09 00:00:00-04:00,4.652627976739239,4.704252505959027,4.646175218290786,4.691346168518066,85333,0.0,0.0
2011-05-10 00:00:00-04:00,4.710704951678573,4.736517214574873,4.7042521936584984,4.723610877990723,87633,0.0,0.0
2011-05-11 00:00:00-04:00,4.730064046282798,4.730064046282798,4.659080836157975,4.723610877990723,123333,0.0,0.0
2011-05-12 00:00:00-04:00,4.723611385035102,4.762329578399658,4.691346360655318,4.762329578399658,94000,0.0,0.0
2011-05-13 00:00:00-04:00,4.762330339266912,4.762330339266912,4.659082080647037,4.671988010406494,100167,0.0,0.0
2011-05-16 00:00:00-04:00,4.671987387082995,4.691346484275398,4.6461755310078265,4.65908145904541,78233,0.0,0.0
2011-05-17 00:00:00-04:00,4.65908145904541,4.684893725392634,4.613910505777839,4.65908145904541,195067,0.0,0.0
2011-05-18 00:00:00-04:00,4.671987072628653,4.691346168518066,4.659081145459719,4.691346168518066,182300,0.0,0.0
2011-05-19 00:00:00-04:00,4.704252505959027,4.71070526440748,4.678440241349133,4.691346168518066,147900,0.0,0.0
2011-05-20 00:00:00-04:00,4.712733824113863,4.719216412567004,4.66087435291606,4.686804294586182,157067,0.099,0.0
2011-05-23 00:00:00-04:00,4.641430904975315,4.641430904975315,4.609018759723079,4.6284661293029785,80300,0.0,0.0
2011-05-24 00:00:00-04:00,4.647914886474609,4.66087966601746,4.615502731546027,4.647914886474609,152900,0.0,0.0
2011-05-25 00:00:00-04:00,4.641432771448683,4.667362745363443,4.621985394048351,4.654397964477539,216133,0.0,0.0
2011-05-26 00:00:00-04:00,4.6673569413692,4.686804294586182,4.647909588152219,4.686804294586182,234933,0.0,0.0
2011-05-27 00:00:00-04:00,4.699768505501796,4.73866320735218,4.686803742265798,4.712733268737793,91600,0.0,0.0
2011-05-31 00:00:00-04:00,4.74514860199391,4.797008514404297,4.74514860199391,4.797008514404297,156167,0.0,0.0
2011-06-01 00:00:00-04:00,4.797007607686084,4.809972377266777,4.725700756778383,4.745147705078125,232167,0.0,0.0
2011-06-02 00:00:00-04:00,4.758113975783184,4.777561340676407,4.693289288758212,4.699771881103516,369133,0.0,0.0
2011-06-03 00:00:00-04:00,4.673841254015525,4.784042835235596,4.6673590747419285,4.784042835235596,239300,0.0,0.0
2011-06-06 00:00:00-04:00,4.76459604113034,4.771078633319374,4.732183904470526,4.758113861083984,188300,0.0,0.0
2011-06-07 00:00:00-04:00,4.771077656382105,4.790525016824441,4.738665526359076,4.745147705078125,142900,0.0,0.0
2011-06-08 00:00:00-04:00,4.751631825054355,4.751631825054355,4.706254910847965,4.71921968460083,100967,0.0,0.0
2011-06-09 00:00:00-04:00,4.745150146990162,4.7516327411878265,4.706255818232588,4.738667964935303,93467,0.0,0.0
2011-06-10 00:00:00-04:00,4.725703516800814,4.725703516800814,4.609019285997983,4.615501880645752,97533,0.0,0.0
2011-06-13 00:00:00-04:00,4.615500968267455,4.634948336223629,4.5636414577652396,4.596053600311279,92733,0.0,0.0
2011-06-14 00:00:00-04:00,4.6543931009921495,4.68680522541019,4.641427921510916,4.673840045928955,99700,0.0,0.0
2011-06-15 00:00:00-04:00,4.596052674912616,4.62846481093259,4.550675354770517,4.570122718811035,155800,0.0,0.0
2011-06-16 00:00:00-04:00,4.570125629600707,4.576608225790644,4.49881872008313,4.550678253173828,124633,0.0,0.0
2011-06-17 00:00:00-04:00,4.589570082851553,4.589570082851553,4.550675354770517,4.570122718811035,56033,0.0,0.0
2011-06-20 00:00:00-04:00,4.563642978668213,4.583089940962629,4.524748229793601,4.563642978668213,67633,0.0,0.0
2011-06-21 00:00:00-04:00,4.570123117494414,4.61550044159509,4.570123117494414,4.609017848968506,82267,0.0,0.0
2011-06-22 00:00:00-04:00,4.617488371128379,4.617488371128379,4.5718994140625,4.5718994140625,72933,0.099,0.0
2011-06-23 00:00:00-04:00,4.526303184914006,4.545841217041016,4.480714305262926,4.545841217041016,62400,0.0,0.0
2011-06-24 00:00:00-04:00,4.5458462944065685,4.5458462944065685,4.4807193098865765,4.5197954177856445,54500,0.0,0.0
2011-06-27 00:00:00-04:00,4.532818379849861,4.578407287597656,4.532818379849861,4.578407287597656,58733,0.0,0.0
2011-06-28 00:00:00-04:00,4.604457318146262,4.610970136964602,4.565381647429399,4.591432094573975,65133,0.0,0.0
2011-06-29 00:00:00-04:00,4.630510150516152,4.637022972106934,4.604459278217594,4.637022972106934,104400,0.0,0.0
2011-06-30 00:00:00-04:00,4.6760971532536155,4.682609558105469,4.6305082489686535,4.682609558105469,104600,0.0,0.0
2011-07-01 00:00:00-04:00,4.656560815422172,4.734712600708008,4.650047994121457,4.734712600708008,95833,0.0,0.0
2011-07-05 00:00:00-04:00,4.825889287889426,4.851940155029297,4.76727514737308,4.851940155029297,335633,0.0,0.0
2011-07-06 00:00:00-04:00,4.884504722603715,4.917068004608154,4.864966670588133,4.917068004608154,207867,0.0,0.0
2011-07-07 00:00:00-04:00,4.969169691482241,4.975682513971434,4.917068353762574,4.936606407165527,222967,0.0,0.0
2011-07-08 00:00:00-04:00,4.877991199493408,4.8975292487009074,4.858453150285909,4.877991199493408,98300,0.0,0.0
2011-07-11 00:00:00-04:00,4.858452324443694,4.86496514442732,4.793325780865297,4.812863826751709,98500,0.0,0.0
2011-07-12 00:00:00-04:00,4.786813680008013,4.80635172882964,4.754250403326811,4.7737884521484375,144833,0.0,0.0
2011-07-13 00:00:00-04:00,4.799838663358881,4.806351069362854,4.75424975100871,4.780300617218018,89267,0.0,0.0
2011-07-14 00:00:00-04:00,4.799840812442389,4.812866044346731,4.7542518796802025,4.786815166473389,132067,0.0,0.0
2011-07-15 00:00:00-04:00,4.799839321932116,4.80635172882964,4.754250403326811,4.7737884521484375,93700,0.0,0.0
2011-07-18 00:00:00-04:00,4.767276604028355,4.767276604028355,4.689124806858204,4.728200912475586,80367,0.0,0.0
2011-07-19 00:00:00-04:00,4.75424975100871,4.780300617218018,4.7347117048678475,4.780300617218018,126033,0.0,0.0
2011-07-20 00:00:00-04:00,4.81308807831626,4.81308807831626,4.754071913130665,4.7934160232543945,81167,0.15,0.0
2011-07-21 00:00:00-04:00,4.806529280712629,4.8655454298510845,4.799971791840233,4.839315891265869,116200,0.0,0.0
2011-07-22 00:00:00-04:00,4.8524308690106635,4.858987940978688,4.8196438415530505,4.839315891265869,108167,0.0,0.0
2011-07-25 00:00:00-04:00,4.793415800385206,4.845874472476292,4.786858310034645,4.819644927978516,127300,0.0,0.0
2011-07-26 00:00:00-04:00,4.826200831349781,4.84587287902832,4.7999712954769524,4.84587287902832,99100,0.0,0.0
2011-07-27 00:00:00-04:00,4.826203746494696,4.826203746494696,4.747515508250922,4.773745059967041,89367,0.0,0.0
2011-07-28 00:00:00-04:00,4.747518153733528,4.7868622947793416,4.721289004306194,4.740961074829102,107167,0.0,0.0
2011-07-29 00:00:00-04:00,4.721286890160672,4.740958951874625,4.681942766732768,4.70817232131958,147633,0.0,0.0
2011-08-01 00:00:00-04:00,4.7540707833170215,4.780300322800839,4.695054632156723,4.747513294219971,104333,0.0,0.0
2011-08-02 00:00:00-04:00,4.721286729087917,4.747515865875261,4.662270545959473,4.662270545959473,127600,0.0,0.0
2011-08-03 00:00:00-04:00,4.629484032063631,4.675385231039372,4.563910354649485,4.649156093597412,114967,0.0,0.0
2011-08-04 00:00:00-04:00,4.603251652425551,4.603251652425551,4.373744964599609,4.373744964599609,183900,0.0,0.0
2011-08-05 00:00:00-04:00,4.432762294245872,4.445876858412501,4.045879107642267,4.275385856628418,177867,0.0,0.0
2011-08-08 00:00:00-04:00,4.131125440138419,4.157354991979733,3.855717021875247,4.00653600692749,305833,0.0,0.0
2011-08-09 00:00:00-04:00,4.045876379416319,4.20980978012085,3.9344016169087346,4.20980978012085,226733,0.0,0.0
2011-08-10 00:00:00-04:00,4.150796832006526,4.196698436117957,4.052436966461201,4.091780662536621,252500,0.0,0.0
2011-08-11 00:00:00-04:00,4.118009633773311,4.236041539288052,4.091780089823114,4.17702579498291,205700,0.0,0.0
2011-08-12 00:00:00-04:00,4.190137636522229,4.242596273440156,4.170465595564983,4.22292423248291,104633,0.0,0.0
2011-08-15 00:00:00-04:00,4.2360429084178035,4.321288641129839,4.2360429084178035,4.308173656463623,68300,0.0,0.0
2011-08-16 00:00:00-04:00,4.275384484836456,4.347515189965906,4.262269924877741,4.340958118438721,107633,0.0,0.0
2011-08-17 00:00:00-04:00,4.354074645258553,4.393418759811914,4.314730530705192,4.327845096588135,69600,0.0,0.0
2011-08-18 00:00:00-04:00,4.2425999098756115,4.2425999098756115,4.124567979868288,4.183583736419678,120233,0.0,0.0
2011-08-19 00:00:00-04:00,4.077835588947679,4.196799778376035,4.071226303902668,4.10427188873291,107667,0.15,0.0
2011-08-22 00:00:00-04:00,4.2232382831698985,4.229847571008106,4.084446600148226,4.117492198944092,126400,0.0,0.0
2011-08-23 00:00:00-04:00,4.157146798308352,4.223237991333008,4.110882627033046,4.223237991333008,85600,0.0,0.0
2011-08-24 00:00:00-04:00,4.2166306936089315,4.256285596214292,4.157148759898646,4.2034125328063965,65333,0.0,0.0
2011-08-25 00:00:00-04:00,4.249676404139543,4.249676404139543,4.104274965529982,4.1373209953308105,104600,0.0,0.0
2011-08-26 00:00:00-04:00,4.0976660957279964,4.170366604933915,4.044793036323485,4.1373209953308105,48833,0.0,0.0
2011-08-29 00:00:00-04:00,4.1968022792597255,4.249675750732422,4.176974832506879,4.249675750732422,92200,0.0,0.0
2011-08-30 00:00:00-04:00,4.2034101751749455,4.302547376083738,4.19019202178628,4.276110649108887,81267,0.0,0.0
2011-08-31 00:00:00-04:00,4.328987360173642,4.362032981815084,4.289332446124761,4.315769195556641,102333,0.0,0.0
2011-09-01 00:00:00-04:00,4.3422018362497345,4.348811123042827,4.276110649108887,4.276110649108887,99633,0.0,0.0
2011-09-02 00:00:00-04:00,4.210020857226729,4.249675750732422,4.176974832506879,4.249675750732422,141433,0.0,0.0
2011-09-06 00:00:00-04:00,4.150539469398501,4.2034125328063965,4.117493857293285,4.2034125328063965,217267,0.0,0.0
2011-09-07 00:00:00-04:00,4.236455520818622,4.262892246246338,4.19019177656699,4.262892246246338,76567,0.0,0.0
2011-09-08 00:00:00-04:00,4.223239984109076,4.262894886714437,4.183585081503716,4.2034125328063965,98700,0.0,0.0
2011-09-09 00:00:00-04:00,4.170365241056995,4.170365241056995,4.084446600148226,4.117492198944092,95933,0.0,0.0
2011-09-12 00:00:00-04:00,4.058009949437734,4.0976648368579145,4.011745774048325,4.051400661468506,112633,0.0,0.0
2011-09-13 00:00:00-04:00,4.058010180281107,4.06461946862631,4.011746002259921,4.038182735443115,70400,0.0,0.0
2011-09-14 00:00:00-04:00,4.05140033704123,4.071227779163582,3.978699855991793,4.058009624481201,83133,0.0,0.0
2011-09-15 00:00:00-04:00,4.084446525698836,4.091055393218994,4.044791639787573,4.091055393218994,58667,0.0,0.0
2011-09-16 00:00:00-04:00,4.097665309906006,4.117492755905042,4.038182971908897,4.097665309906006,70800,0.0,0.0
2011-09-19 00:00:00-04:00,4.044793128967285,4.058011289071737,3.9853107782006525,4.044793128967285,75400,0.0,0.0
2011-09-20 00:00:00-04:00,4.044790727683794,4.071445220064269,4.011472929952289,4.038127422332764,85200,0.15,0.0
2011-09-21 00:00:00-04:00,4.018135255680752,4.031462285387306,3.8848636876393043,3.8915274143218994,125967,0.0,0.0
2011-09-22 00:00:00-04:00,3.78491229269947,3.7982393293191565,3.651640655526036,3.718276262283325,198400,0.0,0.0
2011-09-23 00:00:00-04:00,3.691624337731847,3.7116146924672155,3.644979046925047,3.6849606037139893,146900,0.0,0.0
2011-09-26 00:00:00-04:00,3.7316033681733214,3.7316033681733214,3.651640723311987,3.724940061569214,102067,0.0,0.0
2011-09-27 00:00:00-04:00,3.7915755991798856,3.7915755991798856,3.718276262283325,3.718276262283325,130567,0.0,0.0
2011-09-28 00:00:00-04:00,3.724942160502931,3.7515962492561576,3.671633559337376,3.6849606037139893,97867,0.0,0.0
2011-09-29 00:00:00-04:00,3.711612133496105,3.7515936627197806,3.58500424006034,3.6649672985076904,364467,0.0,0.0
2011-09-30 00:00:00-04:00,3.6583044637306865,3.6583044637306865,3.5250330201089475,3.5583510398864746,263167,0.0,0.0
2011-10-03 00:00:00-04:00,3.5183688085607048,3.5183688085607048,3.3651064137669824,3.371770143508911,426367,0.0,0.0
2011-10-04 00:00:00-04:00,3.2918050787176667,3.3384500993882495,3.1985150373765006,3.3251230716705322,236967,0.0,0.0
2011-10-05 00:00:00-04:00,3.3451167506902446,3.3651073097504125,3.2718171868184096,3.298471689224243,359000,0.0,0.0
2011-10-06 00:00:00-04:00,3.3384517086081407,3.4117510318756104,3.2784796313117517,3.4117510318756104,414167,0.0,0.0
2011-10-07 00:00:00-04:00,3.4583975739544135,3.4650613057428146,3.3651074472116047,3.3850982189178467,309300,0.0,0.0
2011-10-10 00:00:00-04:00,3.445070153935904,3.5583510398864746,3.445070153935904,3.5583510398864746,218500,0.0,0.0
2011-10-11 00:00:00-04:00,3.531693415203532,3.5983293958125278,3.5050391500574953,3.5850019454956055,182733,0.0,0.0
2011-10-12 00:00:00-04:00,3.598333313821768,3.6982867580807612,3.598333313821768,3.6916234493255615,195267,0.0,0.0
2011-10-13 00:00:00-04:00,3.6516405716357774,3.7116124468760434,3.6183227690225532,3.704949140548706,155467,0.0,0.0
2011-10-14 00:00:00-04:00,3.7582579500639968,3.8248935595564344,3.731603452071698,3.8049027919769287,203900,0.0,0.0
2011-10-17 00:00:00-04:00,3.784910850449911,3.7915741543912582,3.7382656045670095,3.7515926361083984,132067,0.0,0.0
2011-10-18 00:00:00-04:00,3.738267399385723,3.831557512283325,3.704949592706343,3.831557512283325,140967,0.0,0.0
2011-10-19 00:00:00-04:00,3.831557838541603,3.858212340350084,3.798240029025202,3.8115670680999756,295600,0.0,0.0
2011-10-20 00:00:00-04:00,3.811566811554768,3.844884618828647,3.751594504266443,3.838221311569214,138733,0.0,0.0
2011-10-21 00:00:00-04:00,3.8987179394823044,3.8987179394823044,3.831498834137419,3.844942569732666,95567,0.15,0.0
2011-10-24 00:00:00-04:00,3.871831040446975,3.9054405980860296,3.8516652203897994,3.8919968605041504,164433,0.0,0.0
2011-10-25 00:00:00-04:00,3.8718317976643526,3.891997621665375,3.818056409451225,3.85166597366333,103533,0.0,0.0
2011-10-26 00:00:00-04:00,3.8785537237758496,3.898719549179077,3.811334590677641,3.898719549179077,81233,0.0,0.0
2011-10-27 00:00:00-04:00,3.9390501222512055,4.053322959147875,3.9390501222512055,4.019713401794434,129133,0.0,0.0
2011-10-28 00:00:00-04:00,3.979381542397317,4.080210208892822,3.979381542397317,4.080210208892822,111267,0.0,0.0
2011-10-31 00:00:00-04:00,4.073488880240482,4.073488880240482,3.9995476812783384,4.039879322052002,96233,0.0,0.0
2011-11-01 00:00:00-04:00,3.8987177460115294,3.9323272970161254,3.858386113858564,3.9188835620880127,126133,0.0,0.0
2011-11-02 00:00:00-04:00,3.986102606170329,4.006267992423111,3.932326818267656,3.9457709789276123,62400,0.0,0.0
2011-11-03 00:00:00-04:00,4.012988219505207,4.012988219505207,3.9188812751881508,3.95249080657959,94367,0.0,0.0
2011-11-04 00:00:00-04:00,3.912161004646298,3.9726584455103726,3.912161004646298,3.9457709789276123,87500,0.0,0.0
2011-11-07 00:00:00-05:00,3.9726601932477337,3.979382276535034,3.8852752473566503,3.979382276535034,69267,0.0,0.0
2011-11-08 00:00:00-05:00,3.9928252346987088,4.033156871795654,3.925606124449587,4.033156871795654,133100,0.0,0.0
2011-11-09 00:00:00-05:00,4.006269907414572,4.006269907414572,3.85838748841607,3.8718316555023193,113633,0.0,0.0
2011-11-10 00:00:00-05:00,3.918884586382536,3.9390504077298405,3.851665466804015,3.8651092052459717,161100,0.0,0.0
2011-11-11 00:00:00-05:00,3.932326926005526,3.9659369012076864,3.8987173781719533,3.912161111831665,102333,0.0,0.0
2011-11-14 00:00:00-05:00,3.9256057597577145,3.9256057597577145,3.7911671243802454,3.811332941055298,170433,0.0,0.0
2011-11-15 00:00:00-05:00,3.771001307705193,3.844942493057505,3.730669674355088,3.811332941055298,204700,0.0,0.0
2011-11-16 00:00:00-05:00,3.791167286699258,3.8247768401404594,3.764279387525101,3.777723550796509,72767,0.0,0.0
2011-11-17 00:00:00-05:00,3.8247777063184336,3.8247777063184336,3.7172269400026487,3.757558584213257,85800,0.0,0.0
2011-11-18 00:00:00-05:00,3.8113309807569804,3.8113309807569804,3.6500049577007116,3.683614492416382,261200,0.0,0.0
2011-11-21 00:00:00-05:00,3.663266804899608,3.663266804899608,3.575076975003917,3.629347324371338,133333,0.15,0.0
2011-11-22 00:00:00-05:00,3.656483391470038,3.656483391470038,3.5750775312743364,3.6157803535461426,92333,0.0,0.0
2011-11-23 00:00:00-05:00,3.5818594487412025,3.5818594487412025,3.480102122148959,3.5615079402923584,133233,0.0,0.0
2011-11-25 00:00:00-05:00,3.547939681787756,3.581858929502773,3.5004529075082895,3.568291187286377,63133,0.0,0.0
2011-11-28 00:00:00-05:00,3.6564818888006596,3.683617380033036,3.5343730408629677,3.581859827041626,220500,0.0,0.0
2011-11-29 00:00:00-05:00,3.5750731003595795,3.629343390909161,3.5479376316070557,3.5479376316070557,134667,0.0,0.0
2011-11-30 00:00:00-05:00,3.642914486458258,3.710752569959761,3.642914486458258,3.6971850395202637,149967,0.0,0.0
2011-12-01 00:00:00-05:00,3.7039671720078067,3.744670179057978,3.670048143233948,3.690399646759033,286700,0.0,0.0
2011-12-02 00:00:00-05:00,3.7446715461691316,3.765023057124182,3.7175364857650703,3.758239507675171,303967,0.0,0.0
2011-12-05 00:00:00-05:00,3.7989406845806104,3.8260761661907474,3.73110262751104,3.7446701526641846,224367,0.0,0.0
2011-12-06 00:00:00-05:00,3.76502195815379,3.76502195815379,3.7175354006555064,3.737886905670166,163400,0.0,0.0
2011-12-07 00:00:00-05:00,3.7311045390801736,3.792159080505371,3.7107530252717744,3.792159080505371,151867,0.0,0.0
2011-12-08 00:00:00-05:00,3.765023039033989,3.765023039033989,3.683617426908935,3.710752487182617,107133,0.0,0.0
2011-12-09 00:00:00-05:00,3.7243201003992583,3.7446716117105123,3.6971850395202637,3.6971850395202637,173833,0.0,0.0
2011-12-12 00:00:00-05:00,3.6632639781176866,3.6632639781176866,3.5954255007132683,3.622560977935791,97733,0.0,0.0
2011-12-13 00:00:00-05:00,3.6089936226136845,3.6632643671706053,3.5615068559088234,3.588642120361328,144333,0.0,0.0
2011-12-14 00:00:00-05:00,3.5615074240041524,3.5750751662205484,3.5140206497246855,3.568291187286377,193100,0.0,0.0
2011-12-15 00:00:00-05:00,3.6022109571900467,3.615778485721291,3.534372667577892,3.5615079402923584,138467,0.0,0.0
2011-12-16 00:00:00-05:00,3.554724176026736,3.5886432130068244,3.541156431843514,3.5615079402923584,122100,0.0,0.0
2011-12-19 00:00:00-05:00,3.595428088792783,3.602212070807639,3.5140222454829093,3.5343737602233887,171467,0.0,0.0
2011-12-20 00:00:00-05:00,3.5750775312743364,3.6225643369681846,3.5750775312743364,3.6157803535461426,166300,0.0,0.0
2011-12-21 00:00:00-05:00,3.629475115936888,3.629475115936888,3.5541464027238177,3.5952348709106445,147233,0.15,0.0
2011-12-22 00:00:00-05:00,3.60892915725708,3.629473162599798,3.588384934220311,3.60892915725708,126200,0.0,0.0
2011-12-23 00:00:00-05:00,3.629475890564913,3.629475890564913,3.6020836451588405,3.6157798767089844,160300,0.0,0.0
2011-12-27 00:00:00-05:00,3.6157798767089844,3.629475890564913,3.5815394066807325,3.6157798767089844,206767,0.0,0.0
2011-12-28 00:00:00-05:00,3.622625160818892,3.622625160818892,3.5472964881467717,3.60892915725708,245133,0.0,0.0
2011-12-29 00:00:00-05:00,3.6020808897706305,3.6226251125335693,3.58838488639137,3.6226251125335693,166200,0.0,0.0
2011-12-30 00:00:00-05:00,3.670561897101905,3.670561897101905,3.60892944084264,3.6294734477996826,179833,0.0,0.0
2012-01-03 00:00:00-05:00,3.6637140595312543,3.7253467399182103,3.6637140595312543,3.7048025131225586,127867,0.0,0.0
2012-01-04 00:00:00-05:00,3.6294750487988066,3.711651983652351,3.6157790381193258,3.691107749938965,182567,0.0,0.0
2012-01-05 00:00:00-05:00,3.6911085697274593,3.7321970462799072,3.6568683177298946,3.7321970462799072,120100,0.0,0.0
2012-01-06 00:00:00-05:00,3.7527411147804166,3.7527411147804166,3.7048044158417635,3.739044666290283,188533,0.0,0.0
2012-01-09 00:00:00-05:00,3.739044666290283,3.7595889036370767,3.732196877433623,3.739044666290283,103333,0.0,0.0
2012-01-10 00:00:00-05:00,3.7801326443016174,3.807525102294305,3.7116521524024217,3.7185003757476807,279067,0.0,0.0
2012-01-11 00:00:00-05:00,3.7390444665204408,3.773285150527954,3.718500665659669,3.773285150527954,155333,0.0,0.0
2012-01-12 00:00:00-05:00,3.75274003694647,3.793828499838935,3.75274003694647,3.7801320552825928,148167,0.0,0.0
2012-01-13 00:00:00-05:00,3.766437581240519,3.7869818210601807,3.73219732667057,3.7869818210601807,135400,0.0,0.0
2012-01-17 00:00:00-05:00,3.8212201071123975,3.834916114807129,3.800675877876183,3.834916114807129,129000,0.0,0.0
2012-01-18 00:00:00-05:00,3.814373164058713,3.889702320098877,3.814373164058713,3.889702320098877,155367,0.0,0.0
2012-01-19 00:00:00-05:00,3.9170944150189557,3.96503111196104,3.889702389956383,3.896550178527832,292000,0.0,0.0
2012-01-20 00:00:00-05:00,3.9172743877391696,4.000179805230357,3.91036545653225,3.9932708740234375,150433,0.15,0.0
2012-01-23 00:00:00-05:00,4.020906769339929,4.062359488899817,3.9932719157987218,4.041633129119873,144533,0.0,0.0
2012-01-24 00:00:00-05:00,4.020908502954726,4.069270176375092,4.014000006214864,4.062361240386963,134733,0.0,0.0
2012-01-25 00:00:00-05:00,4.041634734991246,4.138357639312744,4.020908366976049,4.138357639312744,137967,0.0,0.0
2012-01-26 00:00:00-05:00,4.165992943082423,4.165992943082423,4.110722774791317,4.138357639312744,136400,0.0,0.0
2012-01-27 00:00:00-05:00,4.124538625688038,4.165991345825297,4.124538625688038,4.159082412719727,205333,0.0,0.0
2012-01-30 00:00:00-05:00,4.069268439984907,4.165991306304932,4.069268439984907,4.165991306304932,110833,0.0,0.0
2012-01-31 00:00:00-05:00,4.221260661546398,4.2419870175329635,4.172899457076412,4.2074432373046875,156533,0.0,0.0
2012-02-01 00:00:00-05:00,4.241987985533876,4.311075561755874,4.235079052212437,4.269623279571533,193000,0.0,0.0
2012-02-02 00:00:00-05:00,4.297257706455864,4.338710423760591,4.283440280436972,4.324892997741699,115733,0.0,0.0
2012-02-03 00:00:00-05:00,4.380159645571032,4.414703402675369,4.35943330345889,4.40779447555542,130500,0.0,0.0
2012-02-06 00:00:00-05:00,4.4008893966674805,4.4008893966674805,4.3594366803334,4.4008893966674805,129533,0.0,0.0
2012-02-07 00:00:00-05:00,4.387071531724092,4.4008893966674805,4.352527747861706,4.4008893966674805,160433,0.0,0.0
2012-02-08 00:00:00-05:00,4.400888978065384,4.4561591148376465,4.400888978065384,4.4561591148376465,207133,0.0,0.0
2012-02-09 00:00:00-05:00,4.483795762443981,4.490704697030294,4.435434538084318,4.469978332519531,246067,0.0,0.0
2012-02-10 00:00:00-05:00,4.428525530232321,4.428525530232321,4.283441420305432,4.359437942504883,403000,0.0,0.0
2012-02-13 00:00:00-05:00,4.4216161168752866,4.428524610664604,4.387071890936386,4.414707183837891,190800,0.0,0.0
2012-02-14 00:00:00-05:00,4.407798524958451,4.414707458425571,4.36634580265194,4.380163669586182,193567,0.0,0.0
2012-02-15 00:00:00-05:00,4.400887819335998,4.428522660822027,4.387069959345097,4.421614170074463,174067,0.0,0.0
2012-02-16 00:00:00-05:00,4.421613950626474,4.463066210798212,4.407796091321365,4.449248790740967,209133,0.0,0.0
2012-02-17 00:00:00-05:00,4.470138572108239,4.497989654541016,4.44925003894117,4.497989654541016,134633,0.15,0.0
2012-02-21 00:00:00-05:00,4.4840647245594365,4.511916253473703,4.4144365663013225,4.421399116516113,234500,0.0,0.0
2012-02-22 00:00:00-05:00,4.442288925520885,4.484066009521484,4.42836337841574,4.484066009521484,178933,0.0,0.0
2012-02-23 00:00:00-05:00,4.470140986297445,4.539769172668457,4.456215437560285,4.539769172668457,154900,0.0,0.0
2012-02-24 00:00:00-05:00,4.553691224806022,4.574579308499395,4.463174129605536,4.470137119293213,211867,0.0,0.0
2012-02-27 00:00:00-05:00,4.456213769563826,4.518878936767578,4.442287783354061,4.518878936767578,150233,0.0,0.0
2012-02-28 00:00:00-05:00,4.525841981473306,4.5467305183410645,4.511916437789819,4.5467305183410645,128400,0.0,0.0
2012-02-29 00:00:00-05:00,4.57458160570804,4.58850759207658,4.5328049746575765,4.5467305183410645,218100,0.0,0.0
2012-03-01 00:00:00-05:00,4.560657547816506,4.6024346351623535,4.532806451376072,4.6024346351623535,224567,0.0,0.0
2012-03-02 00:00:00-05:00,4.595470639038964,4.595470639038964,4.532805464350826,4.574582099914551,143467,0.0,0.0
2012-03-05 00:00:00-05:00,4.567620754241943,4.616360396606524,4.560657758467625,4.567620754241943,181900,0.0,0.0
2012-03-06 00:00:00-05:00,4.5397688970295755,4.546731892317993,4.4214006332375915,4.4771037101745605,200500,0.0,0.0
2012-03-07 00:00:00-05:00,4.491029004416638,4.5049545515217835,4.435326373310893,4.484066009521484,117267,0.0,0.0
2012-03-08 00:00:00-05:00,4.532805464350826,4.581545093851055,4.518879476477817,4.574582099914551,135000,0.0,0.0
2012-03-09 00:00:00-05:00,4.595469725312583,4.616358260283687,4.567618640474453,4.588507175445557,102467,0.0,0.0
2012-03-12 00:00:00-04:00,4.58850833438276,4.58850833438276,4.539768259578046,4.553694248199463,128867,0.0,0.0
2012-03-13 00:00:00-04:00,4.588507719625138,4.644210338592529,4.574581732869492,4.644210338592529,107800,0.0,0.0
2012-03-14 00:00:00-04:00,4.574584263055392,4.623324358287994,4.574584263055392,4.581547260284424,188200,0.0,0.0
2012-03-15 00:00:00-04:00,4.6093968939838454,4.623322439978611,4.588508353649136,4.595470905303955,93133,0.0,0.0
2012-03-16 00:00:00-04:00,4.609396128944338,4.616358679443556,4.511916437789819,4.5467305183410645,291167,0.0,0.0
2012-03-19 00:00:00-04:00,4.56065681897448,4.6024338996439,4.553694267319661,4.595470905303955,116833,0.0,0.0
2012-03-20 00:00:00-04:00,4.581544182893518,4.595469725312583,4.525841570532246,4.588507175445557,122467,0.0,0.0
2012-03-21 00:00:00-04:00,4.60955657125714,4.60955657125714,4.539396068020284,4.567460536956787,117233,0.15,0.0
2012-03-22 00:00:00-04:00,4.553423952745739,4.560440175138555,4.504311734203615,4.546408176422119,134333,0.0,0.0
2012-03-23 00:00:00-04:00,4.546409172079995,4.553424949940061,4.504312720642421,4.539392948150635,105600,0.0,0.0
2012-03-26 00:00:00-04:00,4.574476973736391,4.602541446685791,4.567461190051289,4.602541446685791,131700,0.0,0.0
2012-03-27 00:00:00-04:00,4.623589865675378,4.623589865675378,4.560445133690631,4.581493377685547,223667,0.0,0.0
2012-03-28 00:00:00-04:00,4.581488172581293,4.595520170612692,4.53939173241792,4.574471950531006,101600,0.0,0.0
2012-03-29 00:00:00-04:00,4.546409172079995,4.546409172079995,4.490280718852995,4.539392948150635,107267,0.0,0.0
2012-03-30 00:00:00-04:00,4.574475888284118,4.588508344463966,4.532379411883691,4.560443878173828,173067,0.0,0.0
2012-04-02 00:00:00-04:00,4.532379472379081,4.609556198120117,4.532379472379081,4.609556198120117,106867,0.0,0.0
2012-04-03 00:00:00-04:00,4.595520973205566,4.602537196481214,4.560440748965833,4.595520973205566,115533,0.0,0.0
2012-04-04 00:00:00-04:00,4.567456397531371,4.574472173854991,4.511327956596431,4.546408176422119,186433,0.0,0.0
2012-04-05 00:00:00-04:00,4.546411868063539,4.567460106263752,4.525363629863326,4.560443878173828,100467,0.0,0.0
2012-04-09 00:00:00-04:00,4.511334602366249,4.511334602366249,4.469238098134238,4.490286350250244,143400,0.0,0.0
2012-04-10 00:00:00-04:00,4.504313877265556,4.511330102996552,4.385040716255089,4.392056941986084,184133,0.0,0.0
2012-04-11 00:00:00-04:00,4.427134919718737,4.462215138336499,4.420118697567513,4.434150695800781,113367,0.0,0.0
2012-04-12 00:00:00-04:00,4.434152982460455,4.5113301277160645,4.434152982460455,4.5113301277160645,94033,0.0,0.0
2012-04-13 00:00:00-04:00,4.483264923095703,4.4902811476951445,4.42012023990874,4.483264923095703,110800,0.0,0.0
2012-04-16 00:00:00-04:00,4.490286350250244,4.518350389025016,4.476253884793005,4.490286350250244,84833,0.0,0.0
2012-04-17 00:00:00-04:00,4.525360946361208,4.546409172079995,4.518344722431848,4.539392948150635,125033,0.0,0.0
2012-04-18 00:00:00-04:00,4.525361464378831,4.532377243041992,4.490281232854987,4.532377243041992,121733,0.0,0.0
2012-04-19 00:00:00-04:00,4.539453420267112,4.546524381740886,4.482887077124917,4.5253119468688965,96667,0.15,0.0
2012-04-20 00:00:00-04:00,4.546524381740886,4.560665855139101,4.504099511996906,4.5253119468688965,136800,0.0,0.0
2012-04-23 00:00:00-04:00,4.482883612710133,4.504096031188965,4.440458775752468,4.504096031188965,104667,0.0,0.0
2012-04-24 00:00:00-04:00,4.504096924055266,4.525309346739127,4.482884501371405,4.497025966644287,117433,0.0,0.0
2012-04-25 00:00:00-04:00,4.553593486054041,4.5606644453420335,4.497027160397685,4.532381057739258,128133,0.0,0.0
2012-04-26 00:00:00-04:00,4.539448464542728,4.5677313804626465,4.52530700658277,4.5677313804626465,81333,0.0,0.0
2012-04-27 00:00:00-04:00,4.560660465159234,4.588943378529731,4.546519008473986,4.574801921844482,122200,0.0,0.0
2012-04-30 00:00:00-04:00,4.596012962023061,4.596012962023061,4.553588155061215,4.581871509552002,123933,0.0,0.0
2012-05-01 00:00:00-04:00,4.58187652072589,4.631371883281745,4.567734603239223,4.617230415344238,140467,0.0,0.0
2012-05-02 00:00:00-04:00,4.596017777724224,4.596017777724224,4.5606638847284815,4.58894681930542,90400,0.0,0.0
2012-05-03 00:00:00-04:00,4.588943378529731,4.6030852847637815,4.560660465159234,4.574801921844482,99900,0.0,0.0
2012-05-04 00:00:00-04:00,4.560661315917969,4.5748027752412055,4.539448902158671,4.560661315917969,95167,0.0,0.0
2012-05-07 00:00:00-04:00,4.546519418297129,4.574802334217048,4.539448464542728,4.5677313804626465,86967,0.0,0.0
2012-05-08 00:00:00-04:00,4.553593486054041,4.553593486054041,4.482885691370894,4.532381057739258,119967,0.0,0.0
2012-05-09 00:00:00-04:00,4.497023273461017,4.525306636617479,4.4475279498732165,4.518235683441162,90933,0.0,0.0
2012-05-10 00:00:00-04:00,4.553590447213826,4.553590447213826,4.489953204737813,4.511165618896484,99500,0.0,0.0
2012-05-11 00:00:00-04:00,4.48288253631409,4.532377867847595,4.475811582002642,4.48995304107666,136667,0.0,0.0
2012-05-14 00:00:00-04:00,4.447529570207553,4.4546000764110065,4.412175240994402,4.419246196746826,99000,0.0,0.0
2012-05-15 00:00:00-04:00,4.390961647033691,4.426315966776114,4.369749684556627,4.390961647033691,93900,0.0,0.0
2012-05-16 00:00:00-04:00,4.468738555908203,4.511163363010278,4.447526601905836,4.468738555908203,174400,0.0,0.0
2012-05-17 00:00:00-04:00,4.468740341279092,4.468740341279092,4.3768201888660325,4.390961647033691,162333,0.0,0.0
2012-05-18 00:00:00-04:00,4.383894471285291,4.398035940190149,4.299044758757768,4.320257186889648,161667,0.0,0.0
2012-05-21 00:00:00-04:00,4.305998694851943,4.348773133605883,4.291740095342332,4.341644287109375,130633,0.15,0.0
2012-05-22 00:00:00-04:00,4.363032563883846,4.377290712850064,4.291740912535986,4.320257663726807,112800,0.0,0.0
2012-05-23 00:00:00-04:00,4.3059984323157385,4.3059984323157385,4.21331935418709,4.2988691329956055,138833,0.0,0.0
2012-05-24 00:00:00-04:00,4.3059983253479,4.327385316260473,4.27035228289101,4.3059983253479,116167,0.0,0.0
2012-05-25 00:00:00-04:00,4.327385316260473,4.327385316260473,4.291739727061841,4.3059983253479,97400,0.0,0.0
2012-05-29 00:00:00-04:00,4.334512903049169,4.4200626459359675,4.334512903049169,4.412933349609375,130633,0.0,0.0
2012-05-30 00:00:00-04:00,4.370159245622235,4.370159245622235,4.327384366667016,4.3345136642456055,130600,0.0,0.0
2012-05-31 00:00:00-04:00,4.363031226839312,4.363031226839312,4.284610751669375,4.313127040863037,152933,0.0,0.0
2012-06-01 00:00:00-04:00,4.241834267556812,4.270350546014006,4.213317535841544,4.234704971313477,162900,0.0,0.0
2012-06-04 00:00:00-04:00,4.256092406785409,4.263221703028744,4.1919301003696114,4.234704971313477,116633,0.0,0.0
2012-06-05 00:00:00-04:00,4.227578529958139,4.284611572530299,4.213319929371351,4.263224124908447,169833,0.0,0.0
2012-06-06 00:00:00-04:00,4.298868926106969,4.370160102844238,4.291739627129942,4.370160102844238,134533,0.0,0.0
2012-06-07 00:00:00-04:00,4.420064045622817,4.427192890948797,4.348772419555444,4.355901718139648,134767,0.0,0.0
2012-06-08 00:00:00-04:00,4.355902088139319,4.363031387329102,4.305998353585629,4.363031387329102,133100,0.0,0.0
2012-06-11 00:00:00-04:00,4.412935092943797,4.412935092943797,4.298869026204871,4.3059983253479,147867,0.0,0.0
2012-06-12 00:00:00-04:00,4.334515353247817,4.3844195492274665,4.305999058338019,4.37729024887085,144967,0.0,0.0
2012-06-13 00:00:00-04:00,4.363031733115494,4.370160579612002,4.320256841103256,4.341644287109375,95633,0.0,0.0
2012-06-14 00:00:00-04:00,4.363028816997128,4.405803680419922,4.355899522007331,4.405803680419922,55633,0.0,0.0
2012-06-15 00:00:00-04:00,4.412935121882792,4.427193267004094,4.341643943018017,4.363031387329102,91000,0.0,0.0
2012-06-18 00:00:00-04:00,4.363031016723853,4.377289160634038,4.3416435742294635,4.355901718139648,153367,0.0,0.0
2012-06-19 00:00:00-04:00,4.377286078977173,4.462835788726807,4.377286078977173,4.462835788726807,142867,0.0,0.0
2012-06-20 00:00:00-04:00,4.470024973255751,4.54907684422043,4.470024973255751,4.5418901443481445,107833,0.15,0.0
2012-06-21 00:00:00-04:00,4.5347044045327864,4.5347044045327864,4.419719935263778,4.448465824127197,300700,0.0,0.0
2012-06-22 00:00:00-04:00,4.470026137192277,4.477212838935886,4.426906840546092,4.455653190612793,100867,0.0,0.0
2012-06-25 00:00:00-04:00,4.405347656879249,4.412534359380878,4.3694150581866635,4.3981614112854,211233,0.0,0.0
2012-06-26 00:00:00-04:00,4.419718265533447,4.434091204535188,4.390971930622473,4.419718265533447,126800,0.0,0.0
2012-06-27 00:00:00-04:00,4.434092879695488,4.455652524796885,4.4269061790258,4.448465824127197,88867,0.0,0.0
2012-06-28 00:00:00-04:00,4.426904201507568,4.426904201507568,4.369411992555095,4.426904201507568,132500,0.0,0.0
2012-06-29 00:00:00-04:00,4.534703901383474,4.54907684422043,4.484397916092707,4.5418901443481445,119167,0.0,0.0
2012-07-02 00:00:00-04:00,4.527515572019459,4.570634841918945,4.505955937069715,4.570634841918945,122233,0.0,0.0
2012-07-03 00:00:00-04:00,4.592195357456148,4.642500877380371,4.570635718372184,4.642500877380371,73100,0.0,0.0
2012-07-05 00:00:00-04:00,4.656874390218643,4.656874390218643,4.5921954713624356,4.6281280517578125,132433,0.0,0.0
2012-07-06 00:00:00-04:00,4.592197418212891,4.59938412010177,4.563451067565117,4.592197418212891,97633,0.0,0.0
2012-07-09 00:00:00-04:00,4.592197418212891,4.59938412010177,4.563451067565117,4.592197418212891,64900,0.0,0.0
2012-07-10 00:00:00-04:00,4.613756398208288,4.620943099055456,4.556264162153978,4.585010051727295,119933,0.0,0.0
2012-07-11 00:00:00-04:00,4.592197418212891,4.613757066971785,4.5778244713428755,4.592197418212891,87567,0.0,0.0
2012-07-12 00:00:00-04:00,4.563449859619141,4.577823259592257,4.5275172735015925,4.563449859619141,99433,0.0,0.0
2012-07-13 00:00:00-04:00,4.549078942732868,4.606571197509766,4.549078942732868,4.606571197509766,91300,0.0,0.0
2012-07-16 00:00:00-04:00,4.599381809648183,4.635314387226721,4.585008413090757,4.613754749298096,60467,0.0,0.0
2012-07-17 00:00:00-04:00,4.642498881343609,4.656872272491455,4.613753012862601,4.656872272491455,70333,0.0,0.0
2012-07-18 00:00:00-04:00,4.649687083570807,4.69280635717174,4.649687083570807,4.678433418273926,99300,0.0,0.0
2012-07-19 00:00:00-04:00,4.692805574114344,4.6999922708178,4.664059244207936,4.685618877410889,75400,0.0,0.0
2012-07-20 00:00:00-04:00,4.678381196323687,4.685623438550574,4.613202858036989,4.6421709060668945,86533,0.15,0.0
2012-07-23 00:00:00-04:00,4.584232807159424,4.59871682630109,4.526296270154091,4.584232807159424,102033,0.0,0.0
2012-07-24 00:00:00-04:00,4.584228114422246,4.591470346798756,4.548017873416088,4.569744110107422,59033,0.0,0.0
2012-07-25 00:00:00-04:00,4.584232807159424,4.605959066091257,4.555264768876091,4.584232807159424,92067,0.0,0.0
2012-07-26 00:00:00-04:00,4.627685233992005,4.649411492496461,4.56974869812634,4.598716735839844,156567,0.0,0.0
2012-07-27 00:00:00-04:00,4.62044334356033,4.700106143951416,4.613201563803946,4.700106143951416,84867,0.0,0.0
2012-07-30 00:00:00-04:00,4.678377360814499,4.7363143302530535,4.678377360814499,4.729072093963623,82267,0.0,0.0
2012-07-31 00:00:00-04:00,4.736315552836387,4.765283584594727,4.72907331467752,4.765283584594727,105900,0.0,0.0
2012-08-01 00:00:00-04:00,4.801492047963677,4.801492047963677,4.714587524947683,4.743555545806885,120000,0.0,0.0
2012-08-02 00:00:00-04:00,4.714590299969013,4.837705612182617,4.700105820575415,4.837705612182617,217933,0.0,0.0
2012-08-03 00:00:00-04:00,4.852189361921253,4.881157398223877,4.844947122626279,4.881157398223877,113600,0.0,0.0
2012-08-06 00:00:00-04:00,4.888395173359443,4.931847648570531,4.873911168435153,4.91736364364624,128167,0.0,0.0
2012-08-07 00:00:00-04:00,4.917364965205414,4.924606739394704,4.823217756799592,4.844944000244141,157833,0.0,0.0
2012-08-08 00:00:00-04:00,4.852189352477551,4.852189352477551,4.78701058026555,4.801494598388672,96233,0.0,0.0
2012-08-09 00:00:00-04:00,4.82322129743398,4.866673816220738,4.78701101859124,4.808737277984619,97233,0.0,0.0
2012-08-10 00:00:00-04:00,4.815979480743408,4.823221260192835,4.787010981629683,4.815979480743408,76033,0.0,0.0
2012-08-13 00:00:00-04:00,4.801494874137287,4.852189631137553,4.794253094879149,4.837705612182617,78867,0.0,0.0
2012-08-14 00:00:00-04:00,4.953574507274391,4.953574507274391,4.8594273123664244,4.8883957862854,102333,0.0,0.0
2012-08-15 00:00:00-04:00,5.03324041922554,5.221534007286706,4.8811566407038365,4.931851387023926,89767,0.0,0.0
2012-08-16 00:00:00-04:00,4.946334244483054,4.968060493469238,4.931850231971748,4.968060493469238,117667,0.0,0.0
2012-08-17 00:00:00-04:00,4.975305208785446,4.975305208785446,4.9318526891637715,4.953578948974609,79133,0.0,0.0
2012-08-20 00:00:00-04:00,4.960820125172241,4.97530460357666,4.939093868004241,4.97530460357666,91000,0.0,0.0
2012-08-21 00:00:00-04:00,4.982547461132626,5.033242225646973,4.968063440030838,5.033242225646973,114100,0.0,0.0
2012-08-22 00:00:00-04:00,5.033239207952469,5.062417145470045,4.974882405367407,4.996766090393066,126600,0.15,0.0
2012-08-23 00:00:00-04:00,4.982176925744074,5.033239010054595,4.865464252712792,5.018649578094482,140267,0.0,0.0
2012-08-24 00:00:00-04:00,5.018652904881961,5.077009280081142,4.989474949169993,5.0697150230407715,114467,0.0,0.0
2012-08-27 00:00:00-04:00,5.069714214975674,5.069714214975674,4.996768409772145,5.004063129425049,89700,0.0,0.0
2012-08-28 00:00:00-04:00,5.047829832493224,5.047829832493224,5.0040624480853895,5.025946140289307,116000,0.0,0.0
2012-08-29 00:00:00-04:00,5.0551240046134795,5.084301948547363,5.033240314775537,5.084301948547363,74933,0.0,0.0
2012-08-30 00:00:00-04:00,5.062418806037465,5.077007779581708,5.018651421629632,5.025946140289307,94667,0.0,0.0
2012-08-31 00:00:00-04:00,5.062416773732146,5.120773108257094,5.047827806044639,5.09159517288208,132333,0.0,0.0
2012-09-04 00:00:00-04:00,5.084303911561815,5.128071308135986,5.06971493396217,5.128071308135986,76167,0.0,0.0
2012-09-05 00:00:00-04:00,5.135364322364608,5.135364322364608,5.069713249318911,5.1061859130859375,102267,0.0,0.0
2012-09-06 00:00:00-04:00,5.135360747053453,5.186422348022461,5.1280660338686985,5.186422348022461,91833,0.0,0.0
2012-09-07 00:00:00-04:00,5.171834959418686,5.222896575927734,5.171834959418686,5.222896575927734,86000,0.0,0.0
2012-09-10 00:00:00-04:00,5.28125,5.317723093167222,5.252072081995797,5.28125,209967,0.0,0.0
2012-09-11 00:00:00-04:00,5.317727288883633,5.332316259396514,5.266665196426034,5.295843601226807,163167,0.0,0.0
2012-09-12 00:00:00-04:00,5.368788234274987,5.368788234274987,5.27395924234773,5.3177266120910645,130600,0.0,0.0
2012-09-13 00:00:00-04:00,5.303136570374276,5.383376584426504,5.303136570374276,5.332314968109131,135300,0.0,0.0
2012-09-14 00:00:00-04:00,5.456322584362728,5.5146789185975,5.354198883508148,5.41255521774292,168567,0.0,0.0
2012-09-17 00:00:00-04:00,5.419848824338208,5.427143074765559,5.354197787843103,5.376081466674805,91567,0.0,0.0
2012-09-18 00:00:00-04:00,5.368787851123111,5.41255521774292,5.354198883508148,5.41255521774292,88033,0.0,0.0
2012-09-19 00:00:00-04:00,5.434590816497803,5.463966720587823,5.405214445486205,5.434590816497803,145133,0.15,0.0
2012-09-20 00:00:00-04:00,5.4272431192016395,5.434587323965187,5.375834619699364,5.405210971832275,109800,0.0,0.0
2012-09-21 00:00:00-04:00,5.4345896546703045,5.4345896546703045,5.36114897630253,5.3905253410339355,150767,0.0,0.0
2012-09-24 00:00:00-04:00,5.390523870521568,5.390523870521568,5.339115362996004,5.383179664611816,157067,0.0,0.0
2012-09-25 00:00:00-04:00,5.405212115344079,5.412556321661346,5.317083507222375,5.346459865570068,150500,0.0,0.0
2012-09-26 00:00:00-04:00,5.3611488059133725,5.3611488059133725,5.29505233755951,5.353805065155029,120667,0.0,0.0
2012-09-27 00:00:00-04:00,5.397866767068728,5.405210971832275,5.361146677093546,5.405210971832275,84833,0.0,0.0
2012-09-28 00:00:00-04:00,5.4272458514326045,5.4272458514326045,5.346461426049501,5.375837326049805,102933,0.0,0.0
2012-10-01 00:00:00-04:00,5.390523070206064,5.449275307997254,5.368490922669207,5.41255521774292,151733,0.0,0.0
2012-10-02 00:00:00-04:00,5.41255521774292,5.427243160460397,5.368490922669207,5.41255521774292,111733,0.0,0.0
2012-10-03 00:00:00-04:00,5.419901238843864,5.427245446757085,5.368493184215751,5.3905253410339355,169233,0.0,0.0
2012-10-04 00:00:00-04:00,5.3905253410339355,5.405213289938899,5.36114897630253,5.3905253410339355,147367,0.0,0.0
2012-10-05 00:00:00-04:00,5.41989902780988,5.441931175640106,5.405211084896824,5.427243232727051,130633,0.0,0.0
2012-10-08 00:00:00-04:00,5.3831800590393,5.463964462280273,5.3831800590393,5.463964462280273,124033,0.0,0.0
2012-10-09 00:00:00-04:00,5.441931175640106,5.463963323470332,5.405211084896824,5.427243232727051,67633,0.0,0.0
2012-10-10 00:00:00-04:00,5.4272458514326045,5.4272458514326045,5.331773476049349,5.375837326049805,96133,0.0,0.0
2012-10-11 00:00:00-04:00,5.405213289938899,5.405213289938899,5.368493184215751,5.3905253410339355,65300,0.0,0.0
2012-10-12 00:00:00-04:00,5.3905216784543875,5.419897556304932,5.383177475531172,5.419897556304932,68933,0.0,0.0
2012-10-15 00:00:00-04:00,5.434590816497803,5.441934559059519,5.405214445486205,5.434590816497803,68833,0.0,0.0
2012-10-16 00:00:00-04:00,5.434586714981846,5.478650537861639,5.427242511041268,5.471306800842285,91800,0.0,0.0
2012-10-17 00:00:00-04:00,5.478654184597187,5.537406921386719,5.4713104426896475,5.537406921386719,83367,0.0,0.0
2012-10-18 00:00:00-04:00,5.530062160824617,5.544750110095818,5.4933420541858675,5.5227179527282715,93767,0.0,0.0
2012-10-19 00:00:00-04:00,5.5300609195469015,5.537405125994766,5.412556417909373,5.463964462280273,96967,0.0,0.0
2012-10-22 00:00:00-04:00,5.4861455557103,5.4861455557103,5.434389221652392,5.4787516593933105,67267,0.15,0.0
2012-10-23 00:00:00-04:00,5.434389221652392,5.4787516593933105,5.404814576545451,5.4787516593933105,94367,0.0,0.0
2012-10-24 00:00:00-04:00,5.508329241421024,5.508329241421024,5.441785555008841,5.471360683441162,82100,0.0,0.0
2012-10-25 00:00:00-04:00,5.4713574038021715,5.500932044426154,5.390026436965565,5.463963508605957,102367,0.0,0.0
2012-10-26 00:00:00-04:00,5.463965576335512,5.4713594743298,5.367847252812838,5.390028476715088,76667,0.0,0.0
2012-10-31 00:00:00-04:00,5.582263937373854,5.582263937373854,5.360452215573138,5.412208080291748,100167,0.0,0.0
2012-11-01 00:00:00-04:00,5.441782405717621,5.508326053619385,5.412207294401133,5.508326053619385,87100,0.0,0.0
2012-11-02 00:00:00-04:00,5.5526862144470215,5.57486742134193,5.508323800657205,5.5526862144470215,119400,0.0,0.0
2012-11-05 00:00:00-05:00,5.5452945902046595,5.552688485553893,5.493538733001364,5.508326053619385,62733,0.0,0.0
2012-11-06 00:00:00-05:00,5.515723507212903,5.537904739379883,5.5009361757951805,5.537904739379883,96833,0.0,0.0
2012-11-07 00:00:00-05:00,5.508325158751521,5.508325158751521,5.375237884569,5.382631778717041,132167,0.0,0.0
2012-11-08 00:00:00-05:00,5.40481580262305,5.426997026525299,5.360453354818549,5.390028476715088,78200,0.0,0.0
2012-11-09 00:00:00-05:00,5.382634892296251,5.3974222190656755,5.316091216712874,5.353059768676758,116900,0.0,0.0
2012-11-12 00:00:00-05:00,5.375243663070352,5.375243663070352,5.30130652242742,5.323487758636475,73033,0.0,0.0
2012-11-13 00:00:00-05:00,5.264336280328413,5.293910939161311,5.190398693084717,5.190398693084717,122933,0.0,0.0
2012-11-14 00:00:00-05:00,5.212578241473931,5.219972138838385,4.931616722752734,4.9390106201171875,170033,0.0,0.0
2012-11-15 00:00:00-05:00,4.879859148118737,4.916828155517578,4.702409886942212,4.916828155517578,318933,0.0,0.0
2012-11-16 00:00:00-05:00,4.9316134702090615,5.064700244430577,4.865069848058171,5.049912929534912,117267,0.0,0.0
2012-11-19 00:00:00-05:00,5.138640958838631,5.271727815931714,5.10906584055097,5.242153167724609,135433,0.0,0.0
2012-11-20 00:00:00-05:00,5.242156216612737,5.242156216612737,5.130462362295203,5.175139904022217,94967,0.15,0.0
2012-11-21 00:00:00-05:00,5.212364312878314,5.219810718041786,5.14534808666364,5.204917907714844,88000,0.0,0.0
2012-11-23 00:00:00-05:00,5.249602192063185,5.27938737788121,5.219817479664629,5.257048606872559,56400,0.0,0.0
2012-11-26 00:00:00-05:00,5.249601492307785,5.279386674155538,5.182585188214894,5.2421555519104,65067,0.0,0.0
2012-11-27 00:00:00-05:00,5.249596357404799,5.286827443232277,5.204918865044248,5.264488697052002,86667,0.0,0.0
2012-11-28 00:00:00-05:00,5.2421503123827,5.331504821777344,5.219811566679306,5.331504821777344,93500,0.0,0.0
2012-11-29 00:00:00-05:00,5.346401709968847,5.346401709968847,5.264492597672951,5.316616535186768,76733,0.0,0.0
2012-11-30 00:00:00-05:00,5.346402393812691,5.361294746398926,5.2868320366290495,5.361294746398926,87900,0.0,0.0
2012-12-03 00:00:00-05:00,5.383631844405359,5.383631844405359,5.294276809727014,5.346400737762451,71633,0.0,0.0
2012-12-04 00:00:00-05:00,5.331507572843019,5.338953983059485,5.301722878815502,5.309168815612793,80367,0.0,0.0
2012-12-05 00:00:00-05:00,5.324062947237111,5.36129406065024,5.294277772455031,5.316616535186768,63233,0.0,0.0
2012-12-06 00:00:00-05:00,5.286833319271115,5.301726148889862,5.2347098358639075,5.257048606872559,84300,0.0,0.0
2012-12-07 00:00:00-05:00,5.286831855773926,5.309170620598776,5.264493090949077,5.286831855773926,53533,0.0,0.0
2012-12-10 00:00:00-05:00,5.286832880386123,5.338956832885742,5.27938693961434,5.338956832885742,67733,0.0,0.0
2012-12-11 00:00:00-05:00,5.38363169055516,5.4208627961341,5.361292932523957,5.413416385650635,88200,0.0,0.0
2012-12-12 00:00:00-05:00,5.420862951048268,5.420862951048268,5.3166155683966005,5.346400737762451,73567,0.0,0.0
2012-12-13 00:00:00-05:00,5.34640014995134,5.34640014995134,5.257045125097153,5.324061393737793,144233,0.0,0.0
2012-12-14 00:00:00-05:00,5.316614019244717,5.3985226193603175,5.301721675610717,5.383630275726318,198200,0.0,0.0
2012-12-17 00:00:00-05:00,5.398524038102897,5.413416385650635,5.361292932523957,5.413416385650635,83267,0.0,0.0
2012-12-18 00:00:00-05:00,5.383633511987953,5.398525864574188,5.3389559808098985,5.361294746398926,129300,0.0,0.0
2012-12-19 00:00:00-05:00,5.406282710669528,5.413781194248482,5.323801298220362,5.331299781799316,112933,0.15,0.0
2012-12-20 00:00:00-05:00,5.346296535394738,5.436276435852051,5.338798528176534,5.436276435852051,144500,0.0,0.0
2012-12-21 00:00:00-05:00,5.323799182178258,5.4212775230407715,5.316301178309358,5.4212775230407715,132133,0.0,0.0
2012-12-24 00:00:00-05:00,5.398786376834488,5.458772833865651,5.323802947998047,5.323802947998047,55667,0.0,0.0
2012-12-26 00:00:00-05:00,5.368790546220394,5.3987839998956595,5.308804115599637,5.338797569274902,85300,0.0,0.0
2012-12-27 00:00:00-05:00,5.3387975123173215,5.421278913132122,5.2863090881280295,5.4062819480896,141567,0.0,0.0
2012-12-28 00:00:00-05:00,5.3313012803820365,5.406284230329306,5.3313012803820365,5.361294746398926,114933,0.0,0.0
2012-12-31 00:00:00-05:00,5.398788090577655,5.458774566650391,5.346299626057678,5.458774566650391,97400,0.0,0.0
2013-01-02 00:00:00-05:00,5.533755726422204,5.616237163543701,5.511260745686343,5.616237163543701,108000,0.0,0.0
2013-01-03 00:00:00-05:00,5.57873997260103,5.608733408431241,5.5037570981197375,5.533750057220459,158767,0.0,0.0
2013-01-04 00:00:00-05:00,5.511260494901237,5.623735393462469,5.511260494901237,5.608738899230957,93233,0.0,0.0
2013-01-07 00:00:00-05:00,5.616231472237568,5.6987128257751465,5.571242033086657,5.6987128257751465,114200,0.0,0.0
2013-01-08 00:00:00-05:00,5.683716346058176,5.721207783715349,5.683716346058176,5.6987128257751465,82200,0.0,0.0
2013-01-09 00:00:00-05:00,5.7062135173652555,5.7736984173623895,5.698715036233459,5.72121000289917,111467,0.0,0.0
2013-01-10 00:00:00-05:00,5.728710836175895,5.803693771362305,5.728710836175895,5.803693771362305,105167,0.0,0.0
2013-01-11 00:00:00-05:00,5.796192464031536,5.796192464031536,5.683717648555466,5.7362060546875,144100,0.0,0.0
2013-01-14 00:00:00-05:00,5.7362097619380945,5.7362097619380945,5.631233358558511,5.691219806671143,121333,0.0,0.0
2013-01-15 00:00:00-05:00,5.638727925885161,5.668721370004542,5.623731442190281,5.646226406097412,98167,0.0,0.0
2013-01-16 00:00:00-05:00,5.60873654132777,5.713712910276383,5.60873654132777,5.706214427947998,85667,0.0,0.0
2013-01-17 00:00:00-05:00,5.758704296288384,5.803693771362305,5.728710836175895,5.803693771362305,106667,0.0,0.0
2013-01-18 00:00:00-05:00,5.7812000865003546,5.803695067425763,5.706217134568981,5.743708610534668,139133,0.0,0.0
2013-01-22 00:00:00-05:00,5.675780604920172,5.743708947020007,5.668233331261699,5.698423385620117,159133,0.15,0.0
2013-01-23 00:00:00-05:00,5.705966028735979,5.773894309997558,5.698418281975193,5.773894309997559,119000,0.0,0.0
2013-01-24 00:00:00-05:00,5.766348410990003,5.7814434294867505,5.721062875637775,5.7361578941345215,103100,0.0,0.0
2013-01-25 00:00:00-05:00,5.766350432474244,5.788993208088137,5.7286126330718075,5.743707656860352,87233,0.0,0.0
2013-01-28 00:00:00-05:00,5.766347885131835,5.773895633622891,5.728610102400445,5.766347885131836,128933,0.0,0.0
2013-01-29 00:00:00-05:00,5.751252868011668,5.788990650743058,5.751252868011668,5.766347885131836,104667,0.0,0.0
2013-01-30 00:00:00-05:00,5.781442273082288,5.804085036229395,5.751252242127405,5.788990020751953,104200,0.0,0.0
2013-01-31 00:00:00-05:00,5.804088428605207,5.8418262292867595,5.781445652223841,5.826731204986572,137833,0.0,0.0
2013-02-01 00:00:00-05:00,5.879561901092529,5.894656918695118,5.819180870958261,5.879561901092529,148000,0.0,0.0
2013-02-04 00:00:00-05:00,5.856922524218398,5.856922524218398,5.796541939003228,5.849374771118164,115267,0.0,0.0
2013-02-05 00:00:00-05:00,5.826732071530676,5.93994597027453,5.826732071530676,5.9248504638671875,162800,0.0,0.0
2013-02-06 00:00:00-05:00,5.872015688592308,5.894658460850953,5.849372916333662,5.887110710144043,98433,0.0,0.0
2013-02-07 00:00:00-05:00,5.909749507904053,5.909749507904053,5.841821236812088,5.909749507904053,85367,0.0,0.0
2013-02-08 00:00:00-05:00,5.89465676803523,5.932394551008151,5.879561750818451,5.9022040367126465,79700,0.0,0.0
2013-02-11 00:00:00-05:00,5.879562271760601,5.909752308869062,5.849371754790151,5.87201452255249,84400,0.0,0.0
2013-02-12 00:00:00-05:00,5.887108955849482,5.902203972903067,5.856918921742313,5.864466190338135,87667,0.0,0.0
2013-02-13 00:00:00-05:00,5.89465676803523,5.909751785252009,5.864466253739726,5.9022040367126465,98700,0.0,0.0
2013-02-14 00:00:00-05:00,5.902207103567468,5.924849881089057,5.872017053446812,5.91730260848999,91300,0.0,0.0
2013-02-15 00:00:00-05:00,5.955039767539188,5.955039767539188,5.894659193960722,5.939944744110107,91800,0.0,0.0
2013-02-19 00:00:00-05:00,5.939944298764347,5.97792387008667,5.932348770844131,5.97792387008667,92767,0.15,0.0
2013-02-20 00:00:00-05:00,5.970327859236143,5.985519398006886,5.939944298764347,5.97792387008667,103467,0.0,0.0
2013-02-21 00:00:00-05:00,5.962729902107569,5.962729902107569,5.879175741745697,5.939942359924316,124267,0.0,0.0
2013-02-22 00:00:00-05:00,5.93234732455609,5.9627303946902765,5.917155789488996,5.955134868621826,94167,0.0,0.0
2013-02-25 00:00:00-05:00,5.95513765183845,5.970329194005522,5.8487958908081055,5.8487958908081055,105433,0.0,0.0
2013-02-26 00:00:00-05:00,5.841199433982282,5.894370551918509,5.841199433982282,5.88677453994751,98433,0.0,0.0
2013-02-27 00:00:00-05:00,5.87917292108028,5.955131519558324,5.87157739928342,5.947535514831543,97967,0.0,0.0
2013-02-28 00:00:00-05:00,5.955133381784261,5.9779209201605585,5.917154312133789,5.917154312133789,124467,0.0,0.0
2013-03-01 00:00:00-05:00,5.886773671601591,5.97792387008667,5.886773671601591,5.97792387008667,79733,0.0,0.0
2013-03-04 00:00:00-05:00,5.955136341635484,6.000711441040039,5.932348791933205,6.000711441040039,75633,0.0,0.0
2013-03-05 00:00:00-05:00,6.0007109353386126,6.061477568446894,5.955135839774834,5.970327377319336,161400,0.0,0.0
2013-03-06 00:00:00-05:00,6.00071050593151,6.031093578846321,5.985518486543867,6.015902042388916,91167,0.0,0.0
2013-03-07 00:00:00-05:00,6.0159010961457335,6.0386886387127,5.993113553578767,6.023497104644775,105967,0.0,0.0
2013-03-08 00:00:00-05:00,6.038688204877479,6.053879737854003,6.000709130971106,6.053879737854004,81133,0.0,0.0
2013-03-11 00:00:00-04:00,6.046286132038858,6.076669692993164,6.03869060399802,6.076669692993164,75600,0.0,0.0
2013-03-12 00:00:00-04:00,6.069074630737305,6.099458196441157,6.031095535805284,6.069074630737305,98667,0.0,0.0
2013-03-13 00:00:00-04:00,6.069070879029271,6.114645957946778,6.053879347033467,6.114645957946777,110867,0.0,0.0
2013-03-14 00:00:00-04:00,6.114642835737658,6.228580474853515,6.114642835737658,6.228580474853516,119633,0.0,0.0
2013-03-15 00:00:00-04:00,6.205800120055657,6.327333420301275,6.198204107691403,6.28935432434082,128833,0.0,0.0
2013-03-18 00:00:00-04:00,6.281758374665075,6.40329215905394,6.258970820275313,6.372908592224121,137033,0.0,0.0
2013-03-19 00:00:00-04:00,6.3576216033126425,6.411111462739387,6.281208073646292,6.311773777008057,109867,0.15,0.0
2013-03-20 00:00:00-04:00,6.311770727204441,6.3346948721926335,6.1589432558915345,6.20479154586792,139767,0.0,0.0
2013-03-21 00:00:00-04:00,6.22007283556731,6.28120371403621,6.2047902374063435,6.265921115875244,124733,0.0,0.0
2013-03-22 00:00:00-04:00,6.265928042441011,6.2812106574958895,6.243003876945908,6.273569107055664,97233,0.0,0.0
2013-03-25 00:00:00-04:00,6.2964917277125325,6.311774824843291,6.1665883170538125,6.18187141418457,87333,0.0,0.0
2013-03-26 00:00:00-04:00,6.227723144136199,6.281212555907511,6.227723144136199,6.258288383483887,120200,0.0,0.0
2013-03-27 00:00:00-04:00,6.235355433728276,6.265921115875244,6.22007283556731,6.265921115875244,96700,0.0,0.0
2013-03-28 00:00:00-04:00,6.296494265684027,6.357625221371174,6.281211648218652,6.3347015380859375,122967,0.0,0.0
2013-04-01 00:00:00-04:00,6.334697933073036,6.334697933073036,6.288849620943076,6.311773777008057,81267,0.0,0.0
2013-04-02 00:00:00-04:00,6.342340118031458,6.342340118031458,6.220078254577586,6.243002414703369,128000,0.0,0.0
2013-04-03 00:00:00-04:00,6.204794347974119,6.2506426586557575,6.151304490237088,6.1589460372924805,127333,0.0,0.0
2013-04-04 00:00:00-04:00,6.197154549599035,6.2659270350273495,6.1742303877895965,6.227720260620117,82167,0.0,0.0
2013-04-05 00:00:00-04:00,6.220075255542639,6.319412910974666,6.189509561503817,6.2964887619018555,117033,0.0,0.0
2013-04-08 00:00:00-04:00,6.2964945300377595,6.37290859222412,6.2964945300377595,6.372908592224121,91567,0.0,0.0
2013-04-09 00:00:00-04:00,6.380549935147173,6.4569640006483064,6.365267316377223,6.426398277282715,99133,0.0,0.0
2013-04-10 00:00:00-04:00,6.4034724627831485,6.487527573183922,6.4034724627831485,6.4493207931518555,195767,0.0,0.0
2013-04-11 00:00:00-04:00,6.47224357196483,6.533374504086845,6.441678348816554,6.4951677322387695,186467,0.0,0.0
2013-04-12 00:00:00-04:00,6.464604127648064,6.5180940143079775,6.434038894550074,6.456963062286377,83133,0.0,0.0
2013-04-15 00:00:00-04:00,6.4493218978147215,6.4493218978147215,6.304135817329539,6.3347015380859375,92467,0.0,0.0
2013-04-16 00:00:00-04:00,6.380546105322431,6.411111810341428,6.365263495725633,6.395829200744629,102300,0.0,0.0
2013-04-17 00:00:00-04:00,6.365259616732547,6.40346636035403,6.319411330056726,6.349977016448975,91633,0.0,0.0
2013-04-18 00:00:00-04:00,6.342344760894775,6.357627383557668,6.3117795155689915,6.342344760894775,64367,0.0,0.0
2013-04-19 00:00:00-04:00,6.388467116362494,6.434593310364663,6.365404019361409,6.419217586517334,85500,0.15,0.0
2013-04-22 00:00:00-04:00,6.4345928026106485,6.503781599384301,6.426904941293633,6.496094226837158,85667,0.0,0.0
2013-04-23 00:00:00-04:00,6.496092508274194,6.588344375823483,6.496092508274194,6.580657005310059,98733,0.0,0.0
2013-04-24 00:00:00-04:00,6.596033286148373,6.603721146656558,6.5652828216552725,6.565282821655273,105000,0.0,0.0
2013-04-25 00:00:00-04:00,6.572971061051059,6.5883462953272,6.5345327309757675,6.542220592498779,125433,0.0,0.0
2013-04-26 00:00:00-04:00,6.565283107319541,6.626784527751569,6.549907385634151,6.596033573150635,94700,0.0,0.0
2013-04-29 00:00:00-04:00,6.59603327653287,6.6959730191444855,6.59603327653287,6.642159461975098,130267,0.0,0.0
2013-04-30 00:00:00-04:00,6.6652228478812905,6.688285941616888,6.596033566674499,6.634471893310547,118133,0.0,0.0
2013-05-01 00:00:00-04:00,6.619093418121338,6.657531725928812,6.580655110313863,6.619093418121338,124233,0.0,0.0
2013-05-02 00:00:00-04:00,6.657541178642688,6.734418392181397,6.626790684243442,6.7344183921813965,130700,0.0,0.0
2013-05-03 00:00:00-04:00,6.7959142054317025,6.81128943981624,6.711349683161914,6.719037055969238,131267,0.0,0.0
2013-05-06 00:00:00-04:00,6.7497936393810205,6.772856754565603,6.719042656211478,6.7344183921813965,71467,0.0,0.0
2013-05-07 00:00:00-04:00,6.765161514282226,6.765161514282226,6.734411053393129,6.765161514282227,100167,0.0,0.0
2013-05-08 00:00:00-04:00,6.765164751669254,6.8189788171318835,6.765164751669254,6.7805399894714355,109333,0.0,0.0
2013-05-09 00:00:00-04:00,6.7959142054317025,6.803601578239027,6.711349683161914,6.719037055969238,83267,0.0,0.0
2013-05-10 00:00:00-04:00,6.749787150995145,6.757475011589974,6.6729105001261555,6.70366096496582,72567,0.0,0.0
2013-05-13 00:00:00-04:00,6.7267237617911295,6.749786853790283,6.680597577792821,6.749786853790283,65567,0.0,0.0
2013-05-14 00:00:00-04:00,6.7728471755981445,6.7728471755981445,6.734408867577973,6.7728471755981445,103267,0.0,0.0
2013-05-15 00:00:00-04:00,6.788227491854196,6.788227491854196,6.680599855421073,6.726726055145264,97900,0.0,0.0
2013-05-16 00:00:00-04:00,6.695979541026895,6.772856754565603,6.688292161812231,6.7344183921813965,93833,0.0,0.0
2013-05-17 00:00:00-04:00,6.749787798502626,6.795913988956839,6.72672470327552,6.788226127624512,76233,0.0,0.0
2013-05-20 00:00:00-04:00,6.772853800401626,6.880481461394856,6.765165935769938,6.849730491638184,91833,0.0,0.0
2013-05-21 00:00:00-04:00,6.872922314040803,6.872922314040803,6.826535808212615,6.849729061126709,17467,0.15,0.0
2013-05-22 00:00:00-04:00,6.849728821848008,6.942501830263583,6.733762561328539,6.7646870613098145,118967,0.0,0.0
2013-05-23 00:00:00-04:00,6.733760983790989,6.733760983790989,6.548215501956364,6.571408748626709,217233,0.0,0.0
2013-05-24 00:00:00-04:00,6.548216533325269,6.555947780609131,6.501830032678529,6.555947780609131,119867,0.0,0.0
2013-05-28 00:00:00-04:00,6.610064108870146,6.656450603003602,6.56367761473669,6.594602108001709,89767,0.0,0.0
2013-05-29 00:00:00-04:00,6.571408931807735,6.571408931807735,6.300821701815147,6.316283702850342,134567,0.0,0.0
2013-05-30 00:00:00-04:00,6.308552630586033,6.409056868907521,6.254435379705987,6.2853593826293945,112467,0.0,0.0
2013-05-31 00:00:00-04:00,6.285361356881265,6.293092605804609,6.007042785509025,6.022505283355713,261467,0.0,0.0
2013-06-03 00:00:00-04:00,6.007040511128274,6.030233757588579,5.89107477035488,5.9142680168151855,173300,0.0,0.0
2013-06-04 00:00:00-04:00,5.867881368398734,5.991578351890367,5.860150122607462,5.945191860198975,128333,0.0,0.0
2013-06-05 00:00:00-04:00,5.93746357574905,5.952925582235222,5.690069014328678,5.720993518829346,225967,0.0,0.0
2013-06-06 00:00:00-04:00,5.72872261818699,5.813764366538941,5.651412116604555,5.806033611297607,145300,0.0,0.0
2013-06-07 00:00:00-04:00,5.867880845389175,5.999309062957764,5.860149600286997,5.999309062957764,97433,0.0,0.0
2013-06-10 00:00:00-04:00,5.9993095976816395,5.9993095976816395,5.921998614353279,5.945191860198975,72833,0.0,0.0
2013-06-11 00:00:00-04:00,5.906537570545952,5.921999573103619,5.790571322542955,5.813764572143555,79033,0.0,0.0
2013-06-12 00:00:00-04:00,5.8524207061559865,5.860151954363879,5.651413168033516,5.659143924713135,108500,0.0,0.0
2013-06-13 00:00:00-04:00,5.620489164768313,5.744186689414207,5.566371897102491,5.73645544052124,94167,0.0,0.0
2013-06-14 00:00:00-04:00,5.744185447692871,5.813764706575353,5.697798947419076,5.744185447692871,77867,0.0,0.0
2013-06-17 00:00:00-04:00,5.821497146976947,5.83695915306125,5.736455376220813,5.790572643280029,82800,0.0,0.0
2013-06-18 00:00:00-04:00,5.813762740790117,5.821493985397684,5.759645503121283,5.798300743103027,94733,0.0,0.0
2013-06-19 00:00:00-04:00,5.821651583335774,5.83721735773817,5.712690172864913,5.720472812652588,97233,0.15,0.0
2013-06-20 00:00:00-04:00,5.642642992275507,5.642642992275507,5.494766910270952,5.525898456573486,134300,0.0,0.0
2013-06-21 00:00:00-04:00,5.5648148712453045,5.5648148712453045,5.502550775117,5.533682823181152,96433,0.0,0.0
2013-06-24 00:00:00-04:00,5.479199857940028,5.479199857940028,5.206796169839963,5.284626007080078,191733,0.0,0.0
2013-06-25 00:00:00-04:00,5.370241707127311,5.486985790865703,5.32354387570108,5.463636875152588,132933,0.0,0.0
2013-06-26 00:00:00-04:00,5.564816565748589,5.5959481284652774,5.525901370111826,5.580382347106934,75733,0.0,0.0
2013-06-27 00:00:00-04:00,5.65820733566065,5.806083380298571,5.634858434420255,5.798300743103027,122900,0.0,0.0
2013-06-28 00:00:00-04:00,5.821649950009745,5.946177099945581,5.759386375041828,5.922828197479248,98967,0.0,0.0
2013-07-01 00:00:00-04:00,5.969528287523784,6.031791886325961,5.969528287523784,6.024008750915527,66367,0.0,0.0
2013-07-02 00:00:00-04:00,6.031792287528377,6.062924336413751,5.860567255726645,5.930613994598389,71267,0.0,0.0
2013-07-03 00:00:00-04:00,5.72047373909606,5.806086254414943,5.72047373909606,5.7593889236450195,154933,0.0,0.0
2013-07-05 00:00:00-04:00,5.782736597236313,5.8527828257942565,5.759387689441325,5.829433917999268,65400,0.0,0.0
2013-07-08 00:00:00-04:00,5.977313379467987,5.977313379467987,5.7204752699517964,5.73604154586792,103167,0.0,0.0
2013-07-09 00:00:00-04:00,5.821649548048777,5.82943218511559,5.728253944632029,5.743819713592529,66700,0.0,0.0
2013-07-10 00:00:00-04:00,5.759387990899146,5.759387990899146,5.689341263847797,5.720472812652588,62733,0.0,0.0
2013-07-11 00:00:00-04:00,5.837218180586991,5.860567092895508,5.774954579373317,5.860567092895508,78600,0.0,0.0
2013-07-12 00:00:00-04:00,5.829435104361752,5.992877492189225,5.829435104361752,5.953962802886963,57433,0.0,0.0
2013-07-15 00:00:00-04:00,5.946179950806931,6.016226691789431,5.930614173308757,6.000660419464111,58300,0.0,0.0
2013-07-16 00:00:00-04:00,6.0551390562386995,6.0551390562386995,5.9306118944490445,5.977309703826904,73567,0.0,0.0
2013-07-17 00:00:00-04:00,5.969528287523784,6.047357662319731,5.969528287523784,6.024008750915527,58033,0.0,0.0
2013-07-18 00:00:00-04:00,6.031789583320532,6.070704255860444,6.016223813269948,6.039572715759277,52400,0.0,0.0
2013-07-19 00:00:00-04:00,6.008444309234619,6.031793225823985,5.977312750333602,6.008444309234619,45200,0.0,0.0
2013-07-22 00:00:00-04:00,6.02410888671875,6.063277245927501,6.000607771582957,6.02410888671875,53667,0.15,0.0
2013-07-23 00:00:00-04:00,6.063279695018086,6.13378306890331,6.063279695018086,6.110281944274902,53800,0.0,0.0
2013-07-24 00:00:00-04:00,6.118114510261575,6.118114510261575,6.0162766573498025,6.0397772789001465,52133,0.0,0.0
2013-07-25 00:00:00-04:00,5.984941567791575,6.031943806232923,5.9614404485709,5.9927754402160645,65367,0.0,0.0
2013-07-26 00:00:00-04:00,5.890938924468755,5.961442304075017,5.890938924468755,5.906606674194336,76733,0.0,0.0
2013-07-29 00:00:00-04:00,5.91443845835726,5.945773451317548,5.843935097736226,5.851768970489502,81267,0.0,0.0
2013-07-30 00:00:00-04:00,5.8909327928428645,5.8909327928428645,5.781261149181185,5.796928882598877,85800,0.0,0.0
2013-07-31 00:00:00-04:00,5.867433539907898,5.883101278263324,5.789096840341126,5.828265190124512,84867,0.0,0.0
2013-08-01 00:00:00-04:00,5.859602557840502,5.890937051221772,5.828267566406441,5.867435932159424,73700,0.0,0.0
2013-08-02 00:00:00-04:00,5.82826776559131,5.851768885456824,5.804766645725796,5.843935012817383,46967,0.0,0.0
2013-08-05 00:00:00-04:00,5.8360972200382415,5.86743169076876,5.75776004710708,5.796928882598877,65767,0.0,0.0
2013-08-06 00:00:00-04:00,5.789099704611925,5.7969335776656,5.734263589341867,5.749931335449219,51467,0.0,0.0
2013-08-07 00:00:00-04:00,5.757763582936753,5.765597454456361,5.726429092963794,5.734262466430664,50767,0.0,0.0
2013-08-08 00:00:00-04:00,5.781266325735513,5.781266325735513,5.710763454437256,5.710763454437256,50200,0.0,0.0
2013-08-09 00:00:00-04:00,5.687261687472236,5.726430055548815,5.687261687472236,5.695095062255859,42000,0.0,0.0
2013-08-12 00:00:00-04:00,5.67159526261075,5.726431389130554,5.6559280113420645,5.687263011932373,48267,0.0,0.0
2013-08-13 00:00:00-04:00,5.679429448515416,5.695096700642697,5.632427194080607,5.671595573425293,69567,0.0,0.0
2013-08-14 00:00:00-04:00,5.655924114551257,5.663757983814728,5.601088523864746,5.601088523864746,52500,0.0,0.0
2013-08-15 00:00:00-04:00,5.569756811198878,5.577590685056456,5.483586190977068,5.514921188354492,129867,0.0,0.0
2013-08-16 00:00:00-04:00,5.491416931315903,5.5070841720381125,5.366077511380416,5.373911380767822,129633,0.0,0.0
2013-08-19 00:00:00-04:00,5.413080513916538,5.428748254955705,5.272074330932749,5.279907703399658,149567,0.0,0.0
2013-08-20 00:00:00-04:00,5.279910974228545,5.381749361859854,5.264243721536414,5.358248233795166,157367,0.0,0.0
2013-08-21 00:00:00-04:00,5.366135051836965,5.374026607680006,5.295112554409974,5.326678276062012,90500,0.15,0.0
2013-08-22 00:00:00-04:00,5.350353620417041,5.35824517799839,5.318787891811882,5.342462062835693,47767,0.0,0.0
2013-08-23 00:00:00-04:00,5.3898128181234695,5.452943801879883,5.358247577105493,5.452943801879883,72200,0.0,0.0
2013-08-26 00:00:00-04:00,5.445049186881968,5.460831797084951,5.421375020717427,5.43715763092041,49400,0.0,0.0
2013-08-27 00:00:00-04:00,5.358243997714049,5.397700773489002,5.310895666096056,5.326678276062012,84467,0.0,0.0
2013-08-28 00:00:00-04:00,5.326682648963414,5.3503568342075605,5.27933427847512,5.295116901397705,61967,0.0,0.0
2013-08-29 00:00:00-04:00,5.255659028421872,5.318790009042264,5.255659028421872,5.287224769592285,88067,0.0,0.0
2013-08-30 00:00:00-04:00,5.3345723152160645,5.366137549841994,5.310898138386439,5.3345723152160645,100167,0.0,0.0
2013-09-03 00:00:00-04:00,5.3661396792399065,5.405596489039795,5.326682869440018,5.3503570556640625,75967,0.0,0.0
2013-09-04 00:00:00-04:00,5.326678258923323,5.4292659759521475,5.326678258923323,5.429265975952148,53500,0.0,0.0
2013-09-05 00:00:00-04:00,5.389811498849841,5.46083402633667,5.366137323020898,5.46083402633667,95933,0.0,0.0
2013-09-06 00:00:00-04:00,5.445051030288409,5.484507820013916,5.3977026819296805,5.468725204467773,59433,0.0,0.0
2013-09-09 00:00:00-04:00,5.4529423558597045,5.523964881896973,5.4529423558597045,5.523964881896973,58867,0.0,0.0
2013-09-10 00:00:00-04:00,5.531855801790016,5.571312588900818,5.523964243679748,5.547638416290283,60467,0.0,0.0
2013-09-11 00:00:00-04:00,5.523964814115247,5.563421605300577,5.516073255190052,5.555530548095703,50733,0.0,0.0
2013-09-12 00:00:00-04:00,5.5397467613220215,5.602877719939563,5.531855705069991,5.5397467613220215,58033,0.0,0.0
2013-09-13 00:00:00-04:00,5.531857535393398,5.579205393732326,5.531857535393398,5.571314334869385,40600,0.0,0.0
2013-09-16 00:00:00-04:00,5.626554012298585,5.673902374533316,5.610771392127157,5.626554012298584,42667,0.0,0.0
2013-09-17 00:00:00-04:00,5.602878666219793,5.634444401719888,5.579204490024807,5.610770225524902,65767,0.0,0.0
2013-09-18 00:00:00-04:00,5.602878889389071,5.8080549240112305,5.602878889389071,5.8080549240112305,70200,0.0,0.0
2013-09-19 00:00:00-04:00,5.792164830061099,5.855727618362394,5.768328721304096,5.808055400848389,71367,0.15,0.0
2013-09-20 00:00:00-04:00,5.7921633387956355,5.808053905491698,5.736545597631404,5.768327236175537,68967,0.0,0.0
2013-09-23 00:00:00-04:00,5.736548489810193,5.800111293792724,5.736548489810193,5.800111293792725,66233,0.0,0.0
2013-09-24 00:00:00-04:00,5.768327202793434,5.784217769397536,5.720654997829124,5.744491100311279,71500,0.0,0.0
2013-09-25 00:00:00-04:00,5.752438093639651,5.784219742843042,5.744493060202936,5.77627420425415,59100,0.0,0.0
2013-09-26 00:00:00-04:00,5.760381700251502,5.7921633387956355,5.7524361643274675,5.768327236175537,54100,0.0,0.0
2013-09-27 00:00:00-04:00,5.680929242235592,5.736546486869197,5.680929242235592,5.712710380554199,83433,0.0,0.0
2013-09-30 00:00:00-04:00,5.688875723766122,5.736547948543012,5.688875723766122,5.728602409362793,69167,0.0,0.0
2013-10-01 00:00:00-04:00,5.704764464239279,5.768327236175537,5.704764464239279,5.768327236175537,93233,0.0,0.0
2013-10-02 00:00:00-04:00,5.665039611377677,5.744493487723232,5.641203498989231,5.728602409362793,114867,0.0,0.0
2013-10-03 00:00:00-04:00,5.712707956705716,5.720653490490196,5.672981298087064,5.68887186050415,80367,0.0,0.0
2013-10-04 00:00:00-04:00,5.680931632568882,5.744494441103143,5.680931632568882,5.736548900604248,55233,0.0,0.0
2013-10-07 00:00:00-04:00,5.68092727344627,5.7047633715006,5.6570911753919395,5.6729817390441895,41867,0.0,0.0
2013-10-08 00:00:00-04:00,5.649147902547472,5.657093440130437,5.577639579757122,5.585585117340088,75200,0.0,0.0
2013-10-09 00:00:00-04:00,5.617367264727251,5.641203376598551,5.593531658008153,5.63325834274292,57300,0.0,0.0
2013-10-10 00:00:00-04:00,5.6888733923912085,5.776272266947565,5.6809283616191815,5.768327236175537,63000,0.0,0.0
2013-10-11 00:00:00-04:00,5.74448981426969,5.81599760055542,5.74448981426969,5.81599760055542,61433,0.0,0.0
2013-10-14 00:00:00-04:00,5.784216474462182,5.823943134654675,5.776270940362927,5.81599760055542,45333,0.0,0.0
2013-10-15 00:00:00-04:00,5.8001083695676625,5.8001083695676625,5.74449113355544,5.768327236175537,51900,0.0,0.0
2013-10-16 00:00:00-04:00,5.808056833722639,5.823947408430206,5.76833014437759,5.800111293792725,69800,0.0,0.0
2013-10-17 00:00:00-04:00,5.768326456676938,5.863670349121094,5.768326456676938,5.863670349121094,64667,0.0,0.0
2013-10-18 00:00:00-04:00,5.855725322132177,5.887506451244288,5.839834252424182,5.871615886688232,93600,0.0,0.0
2013-10-21 00:00:00-04:00,5.895455878681697,5.9431281089782715,5.895455878681697,5.9431281089782715,60133,0.0,0.0
2013-10-22 00:00:00-04:00,5.99111836817574,6.015114878357539,5.959123360300995,5.999117374420166,76867,0.15,0.0
2013-10-23 00:00:00-04:00,5.999117374420167,6.015114878357539,5.9751208642383675,5.999117374420166,58467,0.0,0.0
2013-10-24 00:00:00-04:00,5.975119590759277,6.023112600894111,5.975119590759277,5.975119590759277,54133,0.0,0.0
2013-10-25 00:00:00-04:00,5.9751204005894,6.071106433868407,5.9751204005894,6.071106433868408,69700,0.0,0.0
2013-10-28 00:00:00-04:00,6.095106084244345,6.1031045854399,6.023116522174128,6.031115531921387,74500,0.0,0.0
2013-10-29 00:00:00-04:00,6.071107068383875,6.071107068383875,6.015115040268691,6.047110557556152,58067,0.0,0.0
2013-10-30 00:00:00-04:00,6.015118259942303,6.023117270683621,5.895136150133134,5.927131175994873,109467,0.0,0.0
2013-10-31 00:00:00-04:00,5.943124589703637,5.991117091287098,5.903130075557028,5.975119590759277,94433,0.0,0.0
2013-11-01 00:00:00-04:00,5.95112492195729,5.983120441436767,5.9191299110293425,5.983120441436768,49867,0.0,0.0
2013-11-04 00:00:00-05:00,5.983120441436767,5.983120441436767,5.935127416493317,5.983120441436768,50933,0.0,0.0
2013-11-05 00:00:00-05:00,5.943127057952743,5.959124565124512,5.911131535057621,5.959124565124512,87867,0.0,0.0
2013-11-06 00:00:00-05:00,6.0071169539084925,6.0071169539084925,5.935127416493317,5.983120441436768,83400,0.0,0.0
2013-11-07 00:00:00-05:00,5.967120331484255,5.983118339880495,5.783147811889648,5.783147811889648,95867,0.0,0.0
2013-11-08 00:00:00-05:00,5.767150198592831,5.791146704279807,5.703159686278021,5.719157695770264,84367,0.0,0.0
2013-11-11 00:00:00-05:00,5.695162520134241,5.767151545456136,5.695162520134241,5.735156536102295,70567,0.0,0.0
2013-11-12 00:00:00-05:00,5.6951611408097556,5.719157646289118,5.623171624371666,5.6551666259765625,70133,0.0,0.0
2013-11-13 00:00:00-05:00,5.647170694055768,5.695163726806641,5.623174177680333,5.695163726806641,54667,0.0,0.0
2013-11-14 00:00:00-05:00,5.7111602465488005,5.7431557656963825,5.695162741250771,5.703161239624023,59900,0.0,0.0
2013-11-15 00:00:00-05:00,5.711158620316676,5.8631361487517015,5.711158620316676,5.807144641876221,143333,0.0,0.0
2013-11-18 00:00:00-05:00,5.831141455553069,5.86313645873021,5.759151935577393,5.759151935577393,75433,0.0,0.0
2013-11-19 00:00:00-05:00,5.734989287414207,5.767208040653697,5.69471507770307,5.710824966430664,98133,0.15,0.0
2013-11-20 00:00:00-05:00,5.751095410878398,5.767204778385744,5.678602488934003,5.686657428741455,81767,0.0,0.0
2013-11-21 00:00:00-05:00,5.702769846745382,5.759153431342852,5.678605526504729,5.718879222869873,73500,0.0,0.0
2013-11-22 00:00:00-05:00,5.694715889077338,5.7269351590152295,5.670552076758823,5.6786065101623535,89100,0.0,0.0
2013-11-25 00:00:00-05:00,5.662497168365354,5.718880250991354,5.638332843780518,5.638332843780518,100567,0.0,0.0
2013-11-26 00:00:00-05:00,5.614166238899933,5.670549810732646,5.614166238899933,5.654439926147461,82800,0.0,0.0
2013-11-27 00:00:00-05:00,5.654441380099782,5.710824966430664,5.654441380099782,5.710824966430664,62967,0.0,0.0
2013-11-29 00:00:00-05:00,5.743042469024658,5.775261727355705,5.702768780191654,5.743042469024658,47500,0.0,0.0
2013-12-02 00:00:00-05:00,5.734987735748291,5.743042165825022,5.718877851379409,5.734987735748291,56300,0.0,0.0
2013-12-03 00:00:00-05:00,5.686661455673807,5.694715889077338,5.6463877523323855,5.6786065101623535,74167,0.0,0.0
2013-12-04 00:00:00-05:00,5.678604895212625,5.678604895212625,5.62222182899111,5.64638614654541,110033,0.0,0.0
2013-12-05 00:00:00-05:00,5.622221411735039,5.630275842250191,5.581947722836064,5.606111526489258,67333,0.0,0.0
2013-12-06 00:00:00-05:00,5.638331769952593,5.686660409918011,5.630276825922414,5.662496089935303,42100,0.0,0.0
2013-12-09 00:00:00-05:00,5.646385611232425,5.670549926495795,5.6061114110549894,5.630275726318359,90933,0.0,0.0
2013-12-10 00:00:00-05:00,5.606112086401032,5.638331348002761,5.573893336907092,5.581948280334473,98667,0.0,0.0
2013-12-11 00:00:00-05:00,5.62222233555835,5.62222233555835,5.485291361115642,5.509455680847168,108900,0.0,0.0
2013-12-12 00:00:00-05:00,5.517507822610914,5.53361770381731,5.477234143810144,5.525562763214111,129967,0.0,0.0
2013-12-13 00:00:00-05:00,5.533620446981526,5.557784768662413,5.509456125300639,5.549729824066162,82633,0.0,0.0
2013-12-16 00:00:00-05:00,5.549733378404962,5.565842765806892,5.525569041247974,5.541678428649902,93667,0.0,0.0
2013-12-17 00:00:00-05:00,5.557780368528844,5.557780368528844,5.509451763429165,5.533616065979004,136967,0.0,0.0
2013-12-18 00:00:00-05:00,5.533622644938378,5.6222250222585695,5.50945831365941,5.614170074462891,133300,0.0,0.0
2013-12-19 00:00:00-05:00,5.565491578641657,5.654734134674072,5.5411526528320705,5.654734134674072,158667,0.15,0.0
2013-12-20 00:00:00-05:00,5.6222797821729955,5.7358606917364625,5.614166639000771,5.687183380126953,178033,0.0,0.0
2013-12-23 00:00:00-05:00,5.735861304999294,5.776426509389593,5.727748676767635,5.752087593078613,120500,0.0,0.0
2013-12-24 00:00:00-05:00,5.752089336597699,5.8413318848523135,5.752089336597699,5.792654037475586,85033,0.0,0.0
2013-12-26 00:00:00-05:00,5.825104713439941,5.849443115494818,5.7845395064630685,5.825104713439941,140933,0.0,0.0
2013-12-27 00:00:00-05:00,5.816992598404737,5.873783072930581,5.816992598404737,5.85755729675293,113967,0.0,0.0
2013-12-30 00:00:00-05:00,5.833215620898222,5.88189344225998,5.784537799536465,5.800764083862305,91767,0.0,0.0
2013-12-31 00:00:00-05:00,5.816994224322454,5.8494457857483475,5.808881076061846,5.8332200050354,134167,0.0,0.0
2014-01-02 00:00:00-05:00,5.833218738353474,5.8413318848523135,5.768315113787223,5.792654037475586,105533,0.0,0.0
2014-01-03 00:00:00-05:00,5.768312031018506,5.808876710217343,5.768312031018506,5.800764083862305,137600,0.0,0.0
2014-01-06 00:00:00-05:00,5.800765081048691,5.833216623663223,5.7845387939334545,5.816990852355957,77967,0.0,0.0
2014-01-07 00:00:00-05:00,5.890009364916358,5.890009364916358,5.833218374582389,5.85755729675293,82433,0.0,0.0
2014-01-08 00:00:00-05:00,5.8332200050354,5.8332200050354,5.800768443609507,5.8332200050354,75067,0.0,0.0
2014-01-09 00:00:00-05:00,5.816992598404737,5.85755729675293,5.792653676234197,5.85755729675293,92200,0.0,0.0
2014-01-10 00:00:00-05:00,5.857554201434003,5.865667343139648,5.841328433830566,5.865667343139648,72667,0.0,0.0
2014-01-13 00:00:00-05:00,5.833218738353474,5.849444515542997,5.784540890976746,5.792654037475586,94633,0.0,0.0
2014-01-14 00:00:00-05:00,5.784538079413489,5.825103276382899,5.776425452665931,5.808876991271973,69000,0.0,0.0
2014-01-15 00:00:00-05:00,5.800768443609507,5.873784714721902,5.800768443609507,5.8332200050354,146700,0.0,0.0
2014-01-16 00:00:00-05:00,5.833216907469768,5.841330051422119,5.792652219324002,5.841330051422119,93167,0.0,0.0
2014-01-17 00:00:00-05:00,5.849444515542997,5.849444515542997,5.792654037475587,5.792654037475586,87800,0.0,0.0
2014-01-21 00:00:00-05:00,5.841329854124286,5.857555625672949,5.808877795218984,5.849442481994629,103467,0.0,0.0
2014-01-22 00:00:00-05:00,5.865780499879018,5.865780499879018,5.824932032467008,5.857610702514648,69500,0.15,0.0
2014-01-23 00:00:00-05:00,5.85761143147823,5.85761143147823,5.8167634783926445,5.841272354125977,102667,0.0,0.0
2014-01-24 00:00:00-05:00,5.8167647648777825,5.8167647648777825,5.718729240262084,5.735068321228027,79933,0.0,0.0
2014-01-27 00:00:00-05:00,5.759577909701167,5.759577909701167,5.637034008292256,5.661542892456055,105700,0.0,0.0
2014-01-28 00:00:00-05:00,5.694219265689868,5.743237018585205,5.686049467070672,5.743237018585205,78933,0.0,0.0
2014-01-29 00:00:00-05:00,5.710561320888035,5.710561320888035,5.661544061846022,5.677883148193359,77000,0.0,0.0
2014-01-30 00:00:00-05:00,5.694216483590804,5.735064417909326,5.694216483590804,5.710555553436279,94033,0.0,0.0
2014-01-31 00:00:00-05:00,5.677883039076118,5.718731013864543,5.6043563728108445,5.686052322387695,93800,0.0,0.0
2014-02-03 00:00:00-05:00,5.702388109813833,5.702388109813833,5.5635046729940445,5.596182823181152,107933,0.0,0.0
2014-02-04 00:00:00-05:00,5.620693861723798,5.6533725439149976,5.588015698942632,5.637033462524414,80533,0.0,0.0
2014-02-05 00:00:00-05:00,5.604356504555475,5.6206955909729,5.57984761522424,5.6206955909729,106033,0.0,0.0
2014-02-06 00:00:00-05:00,5.628863080180236,5.669711039138615,5.620693280624568,5.645202159881592,77733,0.0,0.0
2014-02-07 00:00:00-05:00,5.677877413745327,5.710555553436279,5.669707619117757,5.710555553436279,84500,0.0,0.0
2014-02-10 00:00:00-05:00,5.702389064309063,5.759576096413678,5.694219265689868,5.743237018585205,82367,0.0,0.0
2014-02-11 00:00:00-05:00,5.743236370402327,5.824932269734393,5.743236370402327,5.784084320068359,82067,0.0,0.0
2014-02-12 00:00:00-05:00,5.816765540197258,5.816765540197258,5.751408688212019,5.775917053222656,69100,0.0,0.0
2014-02-13 00:00:00-05:00,5.735068321228027,5.8167647648777825,5.726899040450065,5.735068321228027,109133,0.0,0.0
2014-02-14 00:00:00-05:00,5.751406168099478,5.784084320068359,5.718727496720735,5.784084320068359,91367,0.0,0.0
2014-02-18 00:00:00-05:00,5.792254117765511,5.800423396052801,5.775914522371209,5.784084320068359,99400,0.0,0.0
2014-02-19 00:00:00-05:00,5.7594012093460085,5.825222874680328,5.7511733050151825,5.7758564949035645,69300,0.15,0.0
2014-02-20 00:00:00-05:00,5.784086110483492,5.816996691335355,5.759402913292471,5.800541400909424,94533,0.0,0.0
2014-02-21 00:00:00-05:00,5.792312701802034,5.808767988490935,5.767629510216618,5.784084796905518,94600,0.0,0.0
2014-02-24 00:00:00-05:00,5.792314017248583,5.825224598100445,5.792314017248583,5.800541400909424,63800,0.0,0.0
2014-02-25 00:00:00-05:00,5.800541759794976,5.816997051239014,5.775858561076779,5.816997051239014,70900,0.0,0.0
2014-02-26 00:00:00-05:00,5.808770890587586,5.849909389414943,5.8005429815803575,5.841681480407715,80767,0.0,0.0
2014-02-27 00:00:00-05:00,5.841681276011297,5.866364479064941,5.833453890396332,5.866364479064941,130333,0.0,0.0
2014-02-28 00:00:00-05:00,5.874590595806461,5.907501697540284,5.849907400282148,5.907501697540283,84100,0.0,0.0
2014-03-03 00:00:00-05:00,5.833454094504879,5.849909389414943,5.792315595677522,5.841681480407715,75833,0.0,0.0
2014-03-04 00:00:00-05:00,5.866360873481689,5.907499868689161,5.866360873481689,5.8992719650268555,70633,0.0,0.0
2014-03-05 00:00:00-05:00,5.882819652557373,5.899274945090445,5.866363836919983,5.882819652557373,83967,0.0,0.0
2014-03-06 00:00:00-05:00,5.891047275031426,5.9404136777273635,5.891047275031426,5.9157304763793945,84800,0.0,0.0
2014-03-07 00:00:00-05:00,5.923957385013235,5.923957385013235,5.833452503042522,5.85813570022583,92667,0.0,0.0
2014-03-10 00:00:00-04:00,5.858137298422172,5.858137298422172,5.808770890587586,5.841681480407715,63500,0.0,0.0
2014-03-11 00:00:00-04:00,5.841680563016549,5.866363763057535,5.816997362975564,5.833453178405762,71933,0.0,0.0
2014-03-12 00:00:00-04:00,5.808766072495945,5.849904537200927,5.800538170313365,5.849904537200928,61533,0.0,0.0
2014-03-13 00:00:00-04:00,5.849907795291467,5.8581357020565585,5.767630820057561,5.800541400909424,78367,0.0,0.0
2014-03-14 00:00:00-04:00,5.800540083594418,5.800540083594418,5.767629510216618,5.784084796905518,66100,0.0,0.0
2014-03-17 00:00:00-04:00,5.792314017248583,5.825224598100445,5.792314017248583,5.800541400909424,88633,0.0,0.0
2014-03-18 00:00:00-04:00,5.800541399096693,5.85813570022583,5.767630818255117,5.85813570022583,67867,0.0,0.0
2014-03-19 00:00:00-04:00,5.833449038342545,5.8581322208656035,5.751171588897704,5.751171588897705,112933,0.0,0.0
2014-03-20 00:00:00-04:00,5.759464554879368,5.784325594652987,5.71802966421441,5.767751216888428,121667,0.15,0.0
2014-03-21 00:00:00-04:00,5.7594638441775095,5.809185917589182,5.7594638441775095,5.776037693023682,115733,0.0,0.0
2014-03-24 00:00:00-04:00,5.7677489421641654,5.792609972132922,5.718027409099666,5.726314067840576,98700,0.0,0.0
2014-03-25 00:00:00-04:00,5.734602807471673,5.784324880883346,5.734602807471673,5.776037693023682,48600,0.0,0.0
2014-03-26 00:00:00-04:00,5.800897157746845,5.800897157746845,5.718027409099666,5.726314067840576,79467,0.0,0.0
2014-03-27 00:00:00-04:00,5.734599181043919,5.7594602020282215,5.701450977440576,5.75117301940918,83600,0.0,0.0
2014-03-28 00:00:00-04:00,5.759461711148958,5.809183766145964,5.759461711148958,5.784322738647461,71633,0.0,0.0
2014-03-31 00:00:00-04:00,5.825758517834665,5.850619549212182,5.800897486457148,5.842332363128662,85333,0.0,0.0
2014-04-01 00:00:00-04:00,5.858908529087774,5.916917800903319,5.842334677229012,5.91691780090332,94733,0.0,0.0
2014-04-02 00:00:00-04:00,5.900342280432979,5.916916127604673,5.867194059216491,5.908628940582275,117600,0.0,0.0
2014-04-03 00:00:00-04:00,5.925204990269327,5.925204990269327,5.8920567596785505,5.91691780090332,86367,0.0,0.0
2014-04-04 00:00:00-04:00,5.991500924577628,5.991500924577628,5.900343949044557,5.91691780090332,116200,0.0,0.0
2014-04-07 00:00:00-04:00,5.892051696777344,5.92519989888465,5.875477859160089,5.892051696777344,98133,0.0,0.0
2014-04-08 00:00:00-04:00,5.900338559376976,5.950060596407892,5.883764195784824,5.941773414611816,105167,0.0,0.0
2014-04-09 00:00:00-04:00,5.958351669028168,5.97492551803589,5.908629595131846,5.974925518035889,79467,0.0,0.0
2014-04-10 00:00:00-04:00,5.9666381959928545,5.9666381959928545,5.883767906388185,5.908628940582275,233033,0.0,0.0
2014-04-11 00:00:00-04:00,5.883767788676138,5.900342162389342,5.858906754979423,5.875481128692627,57833,0.0,0.0
2014-04-14 00:00:00-04:00,5.900341192837528,5.916915036954205,5.825758104002975,5.858905792236328,188267,0.0,0.0
2014-04-15 00:00:00-04:00,5.858903980944158,5.867191163876999,5.800895281032794,5.817469120025635,132033,0.0,0.0
2014-04-16 00:00:00-04:00,5.834045703918186,5.850619549212182,5.817471331751146,5.842332363128662,81267,0.0,0.0
2014-04-17 00:00:00-04:00,5.850619448870435,5.9086281698410605,5.850619448870435,5.900341510772705,107033,0.0,0.0
2014-04-21 00:00:00-04:00,5.875304238410302,5.908686350393819,5.866958445114871,5.900340557098389,87867,0.15,0.0
2014-04-22 00:00:00-04:00,5.9170330586145985,5.925378322601318,5.891996205456068,5.925378322601318,88867,0.0,0.0
2014-04-23 00:00:00-04:00,5.925377942386302,5.950414793938288,5.900341090834317,5.9420695304870605,89500,0.0,0.0
2014-04-24 00:00:00-04:00,5.933724446099081,5.942070241147602,5.900341796504214,5.908687591552734,67600,0.0,0.0
2014-04-25 00:00:00-04:00,5.908683591399882,5.91702938079834,5.875301495003763,5.91702938079834,112967,0.0,0.0
2014-04-28 00:00:00-04:00,5.933722972869873,5.950414028223631,5.900340331563273,5.933722972869873,67300,0.0,0.0
2014-04-29 00:00:00-04:00,5.925377179893452,5.9671056141764725,5.925377179893452,5.933722972869873,48400,0.0,0.0
2014-04-30 00:00:00-04:00,5.950414793938288,5.950414793938288,5.908686884884696,5.9420695304870605,57133,0.0,0.0
2014-05-01 00:00:00-04:00,5.950413668928653,5.97545051574707,5.942068407055215,5.97545051574707,49967,0.0,0.0
2014-05-02 00:00:00-04:00,5.950414903981693,5.992143344406138,5.950414903981693,5.983797550201416,49233,0.0,0.0
2014-05-05 00:00:00-04:00,5.967108442653859,5.983799505919372,5.950416848789012,5.9587626457214355,67300,0.0,0.0
2014-05-06 00:00:00-04:00,5.950415134429932,5.95876092895787,5.933724075973237,5.950415134429932,61133,0.0,0.0
2014-05-07 00:00:00-04:00,5.950415662077862,5.9921441078186035,5.933724602141103,5.9921441078186035,74400,0.0,0.0
2014-05-08 00:00:00-04:00,5.975451755996695,5.992143344406138,5.958760698186414,5.983797550201416,48233,0.0,0.0
2014-05-09 00:00:00-04:00,5.958761024491092,5.975452083215384,5.950415229829351,5.967106819152832,53367,0.0,0.0
2014-05-12 00:00:00-04:00,5.9921441078186035,5.9921441078186035,5.96710725261385,5.9921441078186035,65800,0.0,0.0
2014-05-13 00:00:00-04:00,5.975452517282616,5.9921441078186035,5.96710725261385,5.9921441078186035,77433,0.0,0.0
2014-05-14 00:00:00-04:00,5.967106790044291,6.025525760593928,5.967106790044291,6.0171799659729,81067,0.0,0.0
2014-05-15 00:00:00-04:00,5.992143643308189,6.0171799659729,5.967106790044291,6.0171799659729,67067,0.0,0.0
2014-05-16 00:00:00-04:00,5.992143643308189,6.025525760593928,5.992143643308189,6.0171799659729,66600,0.0,0.0
2014-05-19 00:00:00-04:00,6.000490188598632,6.008835985001716,5.992144922794849,6.000490188598633,65133,0.0,0.0
2014-05-20 00:00:00-04:00,6.0004901738713246,6.0004901738713246,5.958470041571162,5.992085933685303,70467,0.15,0.0
2014-05-21 00:00:00-04:00,5.992082730184326,6.025699138641357,5.992082730184326,6.025699138641357,80200,0.0,0.0
2014-05-22 00:00:00-04:00,6.02569601007142,6.059311866760254,6.008888081727004,6.059311866760254,83267,0.0,0.0
2014-05-23 00:00:00-04:00,6.059315922126765,6.118144512176514,6.059315922126765,6.118144512176514,63867,0.0,0.0
2014-05-27 00:00:00-04:00,6.118140115166598,6.134948042680608,6.084523725824196,6.101332187652588,104900,0.0,0.0
2014-05-28 00:00:00-04:00,6.101336572582913,6.126548749130697,6.076124396035131,6.118144512176514,67167,0.0,0.0
2014-05-29 00:00:00-04:00,6.109740368234413,6.151760485015492,6.109740368234413,6.134952545166016,62267,0.0,0.0
2014-05-30 00:00:00-04:00,6.118144148194334,6.15176002538165,6.109739911740138,6.1433563232421875,71767,0.0,0.0
2014-06-02 00:00:00-04:00,6.143358541840544,6.2189950942993155,6.13495430235126,6.218995094299316,80533,0.0,0.0
2014-06-03 00:00:00-04:00,6.202183627025556,6.202183627025556,6.168567753894854,6.185375690460205,59967,0.0,0.0
2014-06-04 00:00:00-04:00,6.185372933353478,6.2105850941206135,6.1685650042801985,6.202180862426758,71700,0.0,0.0
2014-06-05 00:00:00-04:00,6.202180862426758,6.218989325814469,6.185372933353478,6.202180862426758,72700,0.0,0.0
2014-06-06 00:00:00-04:00,6.218994123889559,6.244206304108383,6.202185647533781,6.21058988571167,88567,0.0,0.0
2014-06-09 00:00:00-04:00,6.210588801750687,6.227396740858059,6.176972389221192,6.176972389221191,71600,0.0,0.0
2014-06-10 00:00:00-04:00,6.185377705492846,6.210589885711671,6.176973467314958,6.21058988571167,79333,0.0,0.0
2014-06-11 00:00:00-04:00,6.176973467314958,6.218994123889559,6.160165525274023,6.21058988571167,100567,0.0,0.0
2014-06-12 00:00:00-04:00,6.185375690460205,6.202183627025556,6.168567753894854,6.185375690460205,62733,0.0,0.0
2014-06-13 00:00:00-04:00,6.193781943670736,6.210589885711671,6.176973467314958,6.21058988571167,55033,0.0,0.0
2014-06-16 00:00:00-04:00,6.202180862426758,6.2105850941206135,6.185372933353478,6.202180862426758,43300,0.0,0.0
2014-06-17 00:00:00-04:00,6.193780862643314,6.193780862643314,6.168568686824881,6.176972389221191,55667,0.0,0.0
2014-06-18 00:00:00-04:00,6.193780611338872,6.227396488189697,6.151759963803248,6.227396488189697,69633,0.0,0.0
2014-06-19 00:00:00-04:00,6.252780914306641,6.269703039440699,6.235858789172583,6.252780914306641,75933,0.15,0.0
2014-06-20 00:00:00-04:00,6.235858789172583,6.261242245846,6.2273974576332245,6.252780914306641,59767,0.0,0.0
2014-06-23 00:00:00-04:00,6.269699721827115,6.295083165068874,6.261238932709444,6.27816104888916,74800,0.0,0.0
2014-06-24 00:00:00-04:00,6.269705093394042,6.286627762016619,6.24432162840501,6.261244297027588,61100,0.0,0.0
2014-06-25 00:00:00-04:00,6.261238932709444,6.278161048889159,6.2527776056474,6.27816104888916,59000,0.0,0.0
2014-06-26 00:00:00-04:00,6.295083165068874,6.295083165068874,6.235855489467685,6.27816104888916,73167,0.0,0.0
2014-06-27 00:00:00-04:00,6.278164402391478,6.3035478591918945,6.2697030708097845,6.3035478591918945,63067,0.0,0.0
2014-06-30 00:00:00-04:00,6.278164734542736,6.295086860656739,6.261242608428733,6.295086860656738,81167,0.0,0.0
2014-07-01 00:00:00-04:00,6.295083550443565,6.328928322819291,6.295083550443565,6.320466995239258,101533,0.0,0.0
2014-07-02 00:00:00-04:00,6.303544492130919,6.31200528124859,6.261238932709444,6.27816104888916,132700,0.0,0.0
2014-07-03 00:00:00-04:00,6.269702397805942,6.2781637284793765,6.218935489654541,6.218935489654541,104567,0.0,0.0
2014-07-07 00:00:00-04:00,6.210474365689974,6.235857818411847,6.202013035467824,6.227396488189697,86400,0.0,0.0
2014-07-08 00:00:00-04:00,6.210476875305176,6.218937671001705,6.202015541663854,6.210476875305176,79933,0.0,0.0
2014-07-09 00:00:00-04:00,6.202013366252276,6.227396820327976,6.193552035578841,6.218935489654541,65033,0.0,0.0
2014-07-10 00:00:00-04:00,6.159711702920723,6.210478643331627,6.134328232715271,6.202017307281494,84567,0.0,0.0
2014-07-11 00:00:00-04:00,6.202013035467824,6.227396488189697,6.1850909129681,6.227396488189697,57967,0.0,0.0
2014-07-14 00:00:00-04:00,6.244318030502094,6.295084931228863,6.227395909574679,6.2697014808654785,114667,0.0,0.0
2014-07-15 00:00:00-04:00,6.286628787565043,6.31201171875,6.244322647051962,6.31201171875,167200,0.0,0.0
2014-07-16 00:00:00-04:00,6.303550921003322,6.3204730544416,6.261245318435163,6.31201171875,160633,0.0,0.0
2014-07-17 00:00:00-04:00,6.303547031443868,6.328930484911066,6.261241454980068,6.286624908447266,103200,0.0,0.0
2014-07-18 00:00:00-04:00,6.2697030708097845,6.3120086528289265,6.2697030708097845,6.3035478591918945,72500,0.0,0.0
2014-07-21 00:00:00-04:00,6.303547827653474,6.303547827653474,6.252780914306641,6.252780914306641,91867,0.0,0.0
2014-07-22 00:00:00-04:00,6.286852836608887,6.312409192986067,6.27833441222241,6.286852836608887,74800,0.15,0.0
2014-07-23 00:00:00-04:00,6.31241150194325,6.363524233393652,6.31241150194325,6.355005264282227,74967,0.0,0.0
2014-07-24 00:00:00-04:00,6.363524233393652,6.372043202505076,6.337967867668451,6.355005264282227,72133,0.0,0.0
2014-07-25 00:00:00-04:00,6.346486572693156,6.346486572693156,6.295373843369629,6.32944917678833,65767,0.0,0.0
2014-07-28 00:00:00-04:00,6.346485410427046,6.346485410427046,6.312410083248743,6.320929050445557,54600,0.0,0.0
2014-07-29 00:00:00-04:00,6.320929322177296,6.329448289740332,6.303891928660196,6.312410354614258,40600,0.0,0.0
2014-07-30 00:00:00-04:00,6.3038941311622265,6.320931530631981,6.24426242060434,6.252781391143799,105200,0.0,0.0
2014-07-31 00:00:00-04:00,6.2272250187620815,6.235743447689131,6.0909247398376465,6.0909247398376465,125867,0.0,0.0
2014-08-01 00:00:00-04:00,6.107961850204275,6.159074587784007,6.082405481414409,6.133518218994141,132833,0.0,0.0
2014-08-04 00:00:00-04:00,6.150556564331056,6.167593965610279,6.116481761772608,6.150556564331055,55300,0.0,0.0
2014-08-05 00:00:00-04:00,6.1505559903804565,6.1505559903804565,6.031293109336687,6.056849479675293,119800,0.0,0.0
2014-08-06 00:00:00-04:00,6.0483317375183105,6.0483317375183105,6.014256931218594,6.0483317375183105,63467,0.0,0.0
2014-08-07 00:00:00-04:00,6.048329362929191,6.056848331964192,6.005735600972323,6.014254570007324,60500,0.0,0.0
2014-08-08 00:00:00-04:00,6.039808482529862,6.065364837646484,5.980176806721461,6.065364837646484,80733,0.0,0.0
2014-08-11 00:00:00-04:00,6.073883261612793,6.107958582304572,6.056845872071327,6.065364837646484,46000,0.0,0.0
2014-08-12 00:00:00-04:00,6.065368458385265,6.073886887436673,6.039812088012695,6.039812088012695,56933,0.0,0.0
2014-08-13 00:00:00-04:00,6.073883261612793,6.099439616729415,6.056845872071327,6.065364837646484,82400,0.0,0.0
2014-08-14 00:00:00-04:00,6.073885842654152,6.107961177825928,6.073885842654152,6.107961177825928,55200,0.0,0.0
2014-08-15 00:00:00-04:00,6.142037793554416,6.159075736999511,6.116481961605253,6.159075736999512,75567,0.0,0.0
2014-08-18 00:00:00-04:00,6.18463038855245,6.2101867549951155,6.176111419201865,6.201667785644531,60033,0.0,0.0
2014-08-19 00:00:00-04:00,6.210189791814188,6.244264602661132,6.201670818297776,6.244264602661133,46667,0.0,0.0
2014-08-20 00:00:00-04:00,6.261417532373979,6.295726910080079,6.227108699996938,6.287149429321289,72467,0.15,0.0
2014-08-21 00:00:00-04:00,6.304299515683975,6.330031394958496,6.278567636409454,6.330031394958496,78833,0.0,0.0
2014-08-22 00:00:00-04:00,6.330035742457119,6.330035742457119,6.269995013132768,6.287149429321289,59733,0.0,0.0
2014-08-25 00:00:00-04:00,6.304302128237724,6.312879606660036,6.252838893690585,6.269993305206299,63167,0.0,0.0
2014-08-26 00:00:00-04:00,6.26999650573404,6.27857344320555,6.235687119860435,6.244264602661133,92167,0.0,0.0
2014-08-27 00:00:00-04:00,6.269991368412848,6.278568298856845,6.227105080206638,6.235682010650635,99233,0.0,0.0
2014-08-28 00:00:00-04:00,6.218532699588226,6.244264602661133,6.209955216787527,6.244264602661133,73500,0.0,0.0
2014-08-29 00:00:00-04:00,6.235685082118882,6.252840042114259,6.218530667452515,6.252840042114258,83267,0.0,0.0
2014-09-02 00:00:00-04:00,6.252839025130845,6.261415958404541,6.227107134651913,6.261415958404541,65700,0.0,0.0
2014-09-03 00:00:00-04:00,6.269995013132768,6.30430384550981,6.261417532373979,6.287149429321289,75700,0.0,0.0
2014-09-04 00:00:00-04:00,6.295726351444681,6.304303286113359,6.235685082118882,6.252840042114258,51600,0.0,0.0
2014-09-05 00:00:00-04:00,6.227107886998588,6.278571128845215,6.227107886998588,6.278571128845215,51500,0.0,0.0
2014-09-08 00:00:00-04:00,6.261416617644594,6.269994097150301,6.2099528312683105,6.2099528312683105,71800,0.0,0.0
2014-09-09 00:00:00-04:00,6.2099528312683105,6.235684724456452,6.192798417585875,6.2099528312683105,80667,0.0,0.0
2014-09-10 00:00:00-04:00,6.209950794029658,6.235682678776189,6.175641977920151,6.2185282707214355,88533,0.0,0.0
2014-09-11 00:00:00-04:00,6.18422153129666,6.192799011625155,6.141335220312248,6.158490180969238,71000,0.0,0.0
2014-09-12 00:00:00-04:00,6.15848954193097,6.15848954193097,6.072716383533403,6.098448276519775,122833,0.0,0.0
2014-09-15 00:00:00-04:00,6.107021182341978,6.107021182341978,6.01267116049472,6.038403034210205,104233,0.0,0.0
2014-09-16 00:00:00-04:00,6.0384076879533835,6.098448409343283,6.029830208328118,6.089870929718018,81067,0.0,0.0
2014-09-17 00:00:00-04:00,6.098448276519776,6.098448276519776,6.072716383533403,6.098448276519775,99800,0.0,0.0
2014-09-18 00:00:00-04:00,6.098447667901948,6.115602079737882,6.081293256066014,6.107025146484375,96300,0.0,0.0
2014-09-19 00:00:00-04:00,6.132938060463793,6.132938060463793,6.098386603049157,6.107024192810059,76300,0.15,0.0
2014-09-22 00:00:00-04:00,6.107026194106046,6.107026194106046,5.986095504339853,6.003371238708496,148633,0.0,0.0
2014-09-23 00:00:00-04:00,6.003371238708496,6.012008831299971,5.977457362562685,6.003371238708496,78567,0.0,0.0
2014-09-24 00:00:00-04:00,6.0120086709774165,6.03792254643218,5.986095344708331,6.029284954071045,71267,0.0,0.0
2014-09-25 00:00:00-04:00,6.020645132150287,6.02928327128618,5.92562779839757,5.960179805755615,77267,0.0,0.0
2014-09-26 00:00:00-04:00,5.942905978574433,5.986096142881711,5.942905978574433,5.9774580001831055,68600,0.0,0.0
2014-09-29 00:00:00-04:00,5.916991233825684,5.942905108943749,5.891077358707618,5.916991233825684,62033,0.0,0.0
2014-09-30 00:00:00-04:00,5.942903203034711,5.960179480363309,5.891075469419909,5.934265613555908,87533,0.0,0.0
2014-10-01 00:00:00-04:00,5.899713365854468,5.934265369907536,5.882437638420671,5.9256272315979,102267,0.0,0.0
2014-10-02 00:00:00-04:00,5.8997149418190915,5.908353082436195,5.7960594511563315,5.8219733238220215,124967,0.0,0.0
2014-10-03 00:00:00-04:00,5.830608930458217,5.865160928724722,5.830608930458217,5.847884654998779,69533,0.0,0.0
2014-10-06 00:00:00-04:00,5.85652279186175,5.891074240942874,5.830608930458217,5.847884654998779,117533,0.0,0.0
2014-10-07 00:00:00-04:00,5.813335973016365,5.839249846754683,5.804697832041711,5.830611705780029,77667,0.0,0.0
2014-10-08 00:00:00-04:00,5.830611391819258,5.89107672782903,5.81333565998584,5.882439136505127,114200,0.0,0.0
2014-10-09 00:00:00-04:00,5.8738025140086,5.891078250306723,5.821974755928475,5.8392510414123535,79467,0.0,0.0
2014-10-10 00:00:00-04:00,5.83924848505483,5.847886074829574,5.770145020929304,5.787420749664307,81400,0.0,0.0
2014-10-13 00:00:00-04:00,5.787425801515166,5.813339691830693,5.701045984068077,5.718322277069092,64800,0.0,0.0
2014-10-14 00:00:00-04:00,5.726956048295852,5.761508062028239,5.683766443019589,5.701042175292969,95133,0.0,0.0
2014-10-15 00:00:00-04:00,5.649213616845046,5.649213616845046,5.467816549546931,5.597385883331299,139767,0.0,0.0
2014-10-16 00:00:00-04:00,5.51100840616099,5.675129263520284,5.459180651376851,5.640577793121338,88733,0.0,0.0
2014-10-17 00:00:00-04:00,5.666492462158203,5.692406343170606,5.649216724545201,5.666492462158203,80233,0.0,0.0
2014-10-20 00:00:00-04:00,5.666490090399438,5.744231700897217,5.657851950615607,5.744231700897217,74533,0.0,0.0
2014-10-21 00:00:00-04:00,5.752867346247616,5.847884654998779,5.752867346247616,5.847884654998779,90200,0.0,0.0
2014-10-22 00:00:00-04:00,5.865292598799009,5.882697426822377,5.813079774544659,5.821781635284424,102000,0.15,0.0
2014-10-23 00:00:00-04:00,5.891397533044504,5.908802355884541,5.8565889939079385,5.88269567489624,91067,0.0,0.0
2014-10-24 00:00:00-04:00,5.856591503917442,5.882698196094512,5.821782396590685,5.873995780944824,55567,0.0,0.0
2014-10-27 00:00:00-04:00,5.856591503917442,5.882698196094512,5.830484811740372,5.873995780944824,50800,0.0,0.0
2014-10-28 00:00:00-04:00,5.882695827641694,5.908802509307861,5.856589145975527,5.908802509307861,75500,0.0,0.0
2014-10-29 00:00:00-04:00,5.917504964053428,5.917504964053428,5.830483051910573,5.865291595458984,63400,0.0,0.0
2014-10-30 00:00:00-04:00,5.856589900102557,5.926207542419434,5.839185074569459,5.926207542419434,91333,0.0,0.0
2014-10-31 00:00:00-04:00,5.961018700255519,5.995827813310209,5.943614420364214,5.987125396728516,108267,0.0,0.0
2014-11-03 00:00:00-05:00,5.987123160233523,6.0219322602852445,5.969718886843601,6.013229846954346,90300,0.0,0.0
2014-11-04 00:00:00-05:00,5.952315944482214,5.961017806487106,5.9001025593648615,5.943613529205322,95433,0.0,0.0
2014-11-05 00:00:00-05:00,5.952315944482214,5.969720221763998,5.926209251923537,5.943613529205322,136667,0.0,0.0
2014-11-06 00:00:00-05:00,5.943612246182335,5.978421346503806,5.934909832783997,5.969718933105469,110800,0.0,0.0
2014-11-07 00:00:00-05:00,5.943613529205322,5.961017806487106,5.917506836646646,5.943613529205322,78967,0.0,0.0
2014-11-10 00:00:00-05:00,5.952316082024077,5.961017944230046,5.917506973384165,5.934911251068115,77267,0.0,0.0
2014-11-11 00:00:00-05:00,5.943614420364214,5.995827813310209,5.934912003782521,5.987125396728516,69500,0.0,0.0
2014-11-12 00:00:00-05:00,5.96971875282211,6.021932125091553,5.96971875282211,6.021932125091553,70267,0.0,0.0
2014-11-13 00:00:00-05:00,6.0219322602852445,6.030634673616143,6.004527986895321,6.013229846954346,66333,0.0,0.0
2014-11-14 00:00:00-05:00,6.013231221259655,6.082848884002123,6.013231221259655,6.056742191314697,118500,0.0,0.0
2014-11-17 00:00:00-05:00,6.039340091117868,6.056744374759696,5.995829105377197,5.995829105377197,97567,0.0,0.0
2014-11-18 00:00:00-05:00,6.013360529899067,6.048424101953296,6.004594497556368,6.039658069610596,62600,0.15,0.0
2014-11-19 00:00:00-05:00,6.048422261447194,6.048422261447194,5.987061168353326,5.9958271980285645,75300,0.0,0.0
2014-11-20 00:00:00-05:00,5.960760221839007,6.013355255126953,5.9519947545017375,6.013355255126953,62133,0.0,0.0
2014-11-21 00:00:00-05:00,6.057186332749906,6.074718388045135,6.004591281496762,6.022123336791992,78867,0.0,0.0
2014-11-24 00:00:00-05:00,6.0396541538693445,6.057185649871827,6.022122657866862,6.057185649871826,89967,0.0,0.0
2014-11-25 00:00:00-05:00,6.074721225156447,6.101018205748373,6.065955193414783,6.092252731323242,80967,0.0,0.0
2014-11-26 00:00:00-05:00,6.092250284895748,6.13607931137085,6.074718785768969,6.13607931137085,82733,0.0,0.0
2014-11-28 00:00:00-05:00,6.3815182233041075,6.3815182233041075,6.109777662237564,6.144841194152832,46567,0.0,0.0
2014-12-01 00:00:00-05:00,6.127310699854953,6.127310699854953,6.065950200122861,6.10101318359375,93700,0.0,0.0
2014-12-02 00:00:00-05:00,6.101011367804326,6.109777389721133,6.074714416685723,6.083479881286621,70067,0.0,0.0
2014-12-03 00:00:00-05:00,6.083482842402178,6.083482842402178,6.065951347351075,6.065951347351074,63700,0.0,0.0
2014-12-04 00:00:00-05:00,6.074717703190518,6.074717703190518,6.030888127209999,6.057185649871826,62933,0.0,0.0
2014-12-05 00:00:00-05:00,6.039658069610596,6.048424101953296,6.022126562241767,6.039658069610596,62000,0.0,0.0
2014-12-08 00:00:00-05:00,6.048417742663387,6.048417742663387,5.987056695412468,6.030885696411133,88433,0.0,0.0
2014-12-09 00:00:00-05:00,5.969529151916504,5.995826681359724,5.9519976513931425,5.969529151916504,142300,0.0,0.0
2014-12-10 00:00:00-05:00,5.960764964220289,5.96953099584789,5.8994044147766544,5.916935920715332,69000,0.0,0.0
2014-12-11 00:00:00-05:00,5.908165118735582,5.934462635068803,5.838038594285685,5.846804618835449,182500,0.0,0.0
2014-12-12 00:00:00-05:00,5.802973919447597,5.838036892795438,5.77667641077876,5.785441875457764,79200,0.0,0.0
2014-12-15 00:00:00-05:00,5.785446337137613,5.802978394647998,5.697788278851057,5.724085807800293,94900,0.0,0.0
2014-12-16 00:00:00-05:00,5.680255800181269,5.741616318948681,5.592597199678361,5.627660751342773,226367,0.0,0.0
2014-12-17 00:00:00-05:00,5.627660121794302,5.732850207704011,5.627660121794302,5.68902063369751,138200,0.0,0.0
2014-12-18 00:00:00-05:00,5.759144366788926,5.785441875457764,5.7328474154360025,5.785441875457764,156367,0.0,0.0
2014-12-19 00:00:00-05:00,5.785445677843808,5.803111003932768,5.758947407925071,5.794278621673584,111267,0.15,0.0
2014-12-22 00:00:00-05:00,5.794277245256479,5.83844083077322,5.794277245256479,5.820775508880615,128533,0.0,0.0
2014-12-23 00:00:00-05:00,5.829608954659387,5.864940166473389,5.829608954659387,5.864940166473389,121133,0.0,0.0
2014-12-24 00:00:00-05:00,5.8738395615957755,5.8738395615957755,5.847140244565959,5.864940166473389,93333,0.15,0.0
2014-12-26 00:00:00-05:00,5.873840520032825,5.953938484191894,5.873840520032825,5.9539384841918945,141967,0.0,0.0
2014-12-29 00:00:00-05:00,5.936139546189397,5.989538192749024,5.918340185946675,5.989538192749023,256567,0.0,0.0
2014-12-30 00:00:00-05:00,5.94503766305881,6.096333026885987,5.927237742512202,6.096333026885986,362500,0.0,0.0
2014-12-31 00:00:00-05:00,6.114133821926649,6.416725158691406,6.025135903958243,6.416725158691406,747233,0.0,0.0
2015-01-02 00:00:00-05:00,6.238725305620561,6.354421881081034,6.078529524985231,6.345521926879883,254667,0.0,0.0
2015-01-05 00:00:00-05:00,6.265428562926744,6.2743279569225265,5.909438091482822,5.945037364959717,261000,0.0,0.0
2015-01-06 00:00:00-05:00,5.9539389064321195,5.989538192749024,5.918340185946675,5.989538192749023,121633,0.0,0.0
2015-01-07 00:00:00-05:00,6.069633893922025,6.087433815002441,6.016235828174678,6.087433815002441,113467,0.0,0.0
2015-01-08 00:00:00-05:00,6.131935134134491,6.1497344970703125,6.096335842431304,6.1497344970703125,71167,0.0,0.0
2015-01-09 00:00:00-05:00,6.105232987159291,6.114132947432595,6.034035002466712,6.096333026885986,115433,0.0,0.0
2015-01-12 00:00:00-05:00,6.069635355422545,6.087435280788986,5.980637991916093,6.034036636352539,99367,0.0,0.0
2015-01-13 00:00:00-05:00,6.051834311796615,6.0785336265850125,5.98953628784454,6.060734272003174,91600,0.0,0.0
2015-01-14 00:00:00-05:00,5.918339950627865,6.051835995887542,5.856041343508198,6.034036636352539,165000,0.0,0.0
2015-01-15 00:00:00-05:00,6.0607321285312175,6.07853147681804,5.962834864207074,5.9806342124938965,104600,0.0,0.0
2015-01-16 00:00:00-05:00,5.945038312763352,6.025135700651408,5.945038312763352,6.016236305236816,72267,0.0,0.0
2015-01-20 00:00:00-05:00,6.016237516028838,6.042936839308651,5.96283886946921,5.989538192749023,80800,0.0,0.0
2015-01-21 00:00:00-05:00,5.9805720487244,6.00747121867899,5.962639458776926,5.998504638671875,84833,0.15,0.0
2015-01-22 00:00:00-05:00,6.025402889761055,6.0792012214660645,5.989537715335494,6.0792012214660645,106000,0.0,0.0
2015-01-23 00:00:00-05:00,6.07919801158839,6.07919801158839,6.025399708289425,6.0702314376831055,86733,0.0,0.0
2015-01-26 00:00:00-05:00,6.061268634253285,6.0792012214660645,6.034369468400779,6.0792012214660645,94233,0.0,0.0
2015-01-27 00:00:00-05:00,6.043332286033624,6.0702314376831055,6.025399708289425,6.0702314376831055,88733,0.0,0.0
2015-01-28 00:00:00-05:00,6.070231874201242,6.079198448751323,5.980568408966065,5.9805684089660645,126567,0.0,0.0
2015-01-29 00:00:00-05:00,5.989534529556794,6.034366258776492,5.9626353780117025,6.025399684906006,106933,0.0,0.0
2015-01-30 00:00:00-05:00,6.106097091074242,6.106097091074242,5.917803031753179,5.935736179351807,177933,0.0,0.0
2015-02-02 00:00:00-05:00,5.890907799136922,5.95367271735151,5.872975209675643,5.926773548126221,201200,0.0,0.0
2015-02-03 00:00:00-05:00,5.9357407910441236,6.052303490665187,5.9267742102783485,6.0343708992004395,110000,0.0,0.0
2015-02-04 00:00:00-05:00,5.9805695532599605,6.061267029451739,5.9805695532599605,6.052300453186035,100000,0.0,0.0
2015-02-05 00:00:00-05:00,6.034368354112104,6.106099259784276,6.034368354112104,6.097132682800293,114600,0.0,0.0
2015-02-06 00:00:00-05:00,6.097130589332588,6.106097163237871,6.043332286033624,6.0702314376831055,173033,0.0,0.0
2015-02-09 00:00:00-05:00,6.061268331570945,6.106100082397461,6.0343691670617075,6.106100082397461,147767,0.0,0.0
2015-02-10 00:00:00-05:00,6.106099259784276,6.106099259784276,6.0254017771281205,6.097132682800293,88500,0.0,0.0
2015-02-11 00:00:00-05:00,6.061268329620361,6.079200915931869,6.052301751431288,6.061268329620361,66667,0.0,0.0
2015-02-12 00:00:00-05:00,6.097135707362731,6.124034881591797,6.088169695997607,6.124034881591797,130767,0.0,0.0
2015-02-13 00:00:00-05:00,6.141965255032018,6.177830997733215,6.106100082397461,6.106100082397461,84233,0.0,0.0
2015-02-17 00:00:00-05:00,6.088164585493673,6.106097163237871,6.034366282194708,6.0702314376831055,224967,0.0,0.0
2015-02-18 00:00:00-05:00,6.088302630444174,6.160567283630371,6.079269907738657,6.160567283630371,98233,0.15,0.0
2015-02-19 00:00:00-05:00,6.142499532081932,6.151532826548996,6.115400222988992,6.124433517456055,126533,0.0,0.0
2015-02-20 00:00:00-05:00,6.124433517456055,6.142499532081932,6.106367502830178,6.124433517456055,150933,0.0,0.0
2015-02-23 00:00:00-05:00,6.124433517456055,6.151532826548996,6.115400222988992,6.124433517456055,107233,0.0,0.0
2015-02-24 00:00:00-05:00,6.1244332576042275,6.169598579406738,6.1063672437448675,6.169598579406738,149100,0.0,0.0
2015-02-25 00:00:00-05:00,6.160563688770173,6.223795582353286,6.160563688770173,6.1966962814331055,132833,0.0,0.0
2015-02-26 00:00:00-05:00,6.196698103704454,6.214764118194579,6.17863208921433,6.21476411819458,108633,0.0,0.0
2015-02-27 00:00:00-05:00,6.223795642226688,6.296060253939666,6.214762350397034,6.268960952758789,196500,0.0,0.0
2015-03-02 00:00:00-05:00,6.26896182398401,6.287027835845947,6.250895812122073,6.287027835845947,109400,0.0,0.0
2015-03-03 00:00:00-05:00,6.287026962110013,6.296060253939666,6.232828934056341,6.268960952758789,126867,0.0,0.0
2015-03-04 00:00:00-05:00,6.223800182342529,6.250899503291724,6.187667562974103,6.223800182342529,126500,0.0,0.0
2015-03-05 00:00:00-05:00,6.223797055765513,6.259929656982423,6.2057310423111645,6.259929656982422,98433,0.0,0.0
2015-03-06 00:00:00-05:00,6.2147628504672285,6.2147628504672285,6.1244322221345815,6.178630828857422,182200,0.0,0.0
2015-03-09 00:00:00-04:00,6.151528358459473,6.178627647869166,6.133462356955621,6.151528358459473,144733,0.0,0.0
2015-03-10 00:00:00-04:00,6.088298486521004,6.097331777386539,6.0521664716749095,6.061199188232422,84467,0.0,0.0
2015-03-11 00:00:00-04:00,6.070231827749021,6.088297833233548,6.061198537852778,6.079265117645264,83333,0.0,0.0
2015-03-12 00:00:00-04:00,6.079267032847802,6.124432347941906,6.079267032847802,6.088299751281738,103167,0.0,0.0
2015-03-13 00:00:00-04:00,6.070232479097957,6.0792657699634916,6.034100464251861,6.061199188232422,101333,0.0,0.0
2015-03-16 00:00:00-04:00,6.08829966179743,6.115398965317222,6.070233650886947,6.097332954406738,120067,0.0,0.0
2015-03-17 00:00:00-04:00,6.088297983271796,6.142496575368988,6.061198687223199,6.1334638595581055,101500,0.0,0.0
2015-03-18 00:00:00-04:00,6.115400177036523,6.223797412593765,6.079268148056274,6.21476411819458,97533,0.0,0.0
2015-03-19 00:00:00-04:00,6.19669788734989,6.205731181433682,6.169598579406738,6.169598579406738,45367,0.0,0.0
2015-03-20 00:00:00-04:00,6.187796422620941,6.2423947199378516,6.178697092097053,6.22419548034668,104500,0.15,0.0
2015-03-23 00:00:00-04:00,6.21509429746405,6.2514933477296175,6.21509429746405,6.233293533325195,81133,0.0,0.0
2015-03-24 00:00:00-04:00,6.233295014798823,6.251494833528814,6.196896534425668,6.242394924163818,78433,0.0,0.0
2015-03-25 00:00:00-04:00,6.242397494620089,6.260596742300642,6.18779917303478,6.205998420715332,122733,0.0,0.0
2015-03-26 00:00:00-04:00,6.187798976898193,6.215098136825539,6.160499816970849,6.187798976898193,109400,0.0,0.0
2015-03-27 00:00:00-04:00,6.187794739099458,6.2150938803306,6.178695411051237,6.196894645690918,58200,0.0,0.0
2015-03-30 00:00:00-04:00,6.233298586395458,6.278797580747338,6.233298586395458,6.269697666168213,83000,0.0,0.0
2015-03-31 00:00:00-04:00,6.351591314571673,6.351591314571673,6.224195480346681,6.22419548034668,122167,0.0,0.0
2015-04-01 00:00:00-04:00,6.233296641815227,6.278795621972946,6.215097396878279,6.260595798492432,138433,0.0,0.0
2015-04-02 00:00:00-04:00,6.224192888003971,6.306090299869508,6.205993077449527,6.296990394592285,158200,0.0,0.0
2015-04-06 00:00:00-04:00,6.269693615927999,6.360690388760087,6.269693615927999,6.342491149902344,75267,0.0,0.0
2015-04-07 00:00:00-04:00,6.3424942541500755,6.378893328223967,6.3424942541500755,6.36979341506958,123733,0.0,0.0
2015-04-08 00:00:00-04:00,6.342491149902344,6.387989536318388,6.3242919110446,6.342491149902344,102000,0.0,0.0
2015-04-09 00:00:00-04:00,6.351594167304462,6.36979341506958,6.306095758619839,6.36979341506958,176700,0.0,0.0
2015-04-10 00:00:00-04:00,6.342492378981159,6.406190595142068,6.324293136596679,6.32429313659668,98367,0.0,0.0
2015-04-13 00:00:00-04:00,6.333388858614866,6.360687995903377,6.287890489315063,6.296990394592285,76633,0.0,0.0
2015-04-14 00:00:00-04:00,6.296995845465452,6.36979341506958,6.296995845465452,6.36979341506958,93533,0.0,0.0
2015-04-15 00:00:00-04:00,6.369792890309987,6.3879921365758054,6.360692977905274,6.360692977905273,79167,0.0,0.0
2015-04-16 00:00:00-04:00,6.36069037353366,6.406189338384159,6.3515910433982565,6.387989521026611,73033,0.0,0.0
2015-04-17 00:00:00-04:00,6.3424942541500755,6.378893328223967,6.324295006384957,6.36979341506958,92367,0.0,0.0
2015-04-20 00:00:00-04:00,6.387989536318388,6.397089445018946,6.342491149902344,6.342491149902344,91767,0.0,0.0
2015-04-21 00:00:00-04:00,6.351658178440436,6.3699889183044425,6.342492517146575,6.369988918304443,50400,0.15,0.0
2015-04-22 00:00:00-04:00,6.3699889183044425,6.39748531946231,6.351658178440436,6.369988918304443,58533,0.0,0.0
2015-04-23 00:00:00-04:00,6.379152982846971,6.406649379634022,6.360822245896811,6.397484302520752,124967,0.0,0.0
2015-04-24 00:00:00-04:00,6.397487468395152,6.415818214416504,6.388321804022521,6.415818214416504,58633,0.0,0.0
2015-04-27 00:00:00-04:00,6.424980115119071,6.443310850402517,6.379152402825106,6.388318061828613,104733,0.0,0.0
2015-04-28 00:00:00-04:00,6.388318792616435,6.434145927429199,6.3791531325644275,6.434145927429199,84600,0.0,0.0
2015-04-29 00:00:00-04:00,6.406652550043873,6.434148960437857,6.397487468395152,6.415818214416504,73733,0.0,0.0
2015-04-30 00:00:00-04:00,6.415815039470912,6.415815039470912,6.342491508946651,6.397484302520752,122200,0.0,0.0
2015-05-01 00:00:00-04:00,6.397483240185421,6.452476024627685,6.397483240185421,6.4524760246276855,102167,0.0,0.0
2015-05-04 00:00:00-04:00,6.424978733062744,6.452475121435037,6.388316687658539,6.424978733062744,122067,0.0,0.0
2015-05-05 00:00:00-04:00,6.406650128486121,6.406650128486121,6.342492250299549,6.379153728485107,87533,0.0,0.0
2015-05-06 00:00:00-04:00,6.388321263722287,6.397486927319721,6.287501295045959,6.351659774780273,63367,0.0,0.0
2015-05-07 00:00:00-04:00,6.342489562103019,6.3699859504499825,6.305827516732588,6.360820293426514,62333,0.0,0.0
2015-05-08 00:00:00-04:00,6.397487468395152,6.443314624810488,6.397487468395152,6.415818214416504,92633,0.0,0.0
2015-05-11 00:00:00-04:00,6.415817671790728,6.424983335388162,6.351659774780273,6.351659774780273,82300,0.0,0.0
2015-05-12 00:00:00-04:00,6.314993173756056,6.360820293426514,6.2783311283856245,6.360820293426514,94167,0.0,0.0
2015-05-13 00:00:00-04:00,6.369986108419717,6.369986108419717,6.3241589876127895,6.342489719390869,93800,0.0,0.0
2015-05-14 00:00:00-04:00,6.360822927726218,6.406650066375732,6.34249218881115,6.406650066375732,83467,0.0,0.0
2015-05-15 00:00:00-04:00,6.397484452668442,6.434145927429199,6.388318792616435,6.434145927429199,68833,0.0,0.0
2015-05-18 00:00:00-04:00,6.424980850100828,6.443311587481206,6.397484452668442,6.434145927429199,92667,0.0,0.0
2015-05-19 00:00:00-04:00,6.43414634970036,6.452608585357667,6.387990467105151,6.452608585357666,57733,0.15,0.0
2015-05-20 00:00:00-04:00,6.443377441162392,6.471071086725715,6.406452384776674,6.46183967590332,91400,0.0,0.0
2015-05-21 00:00:00-04:00,6.452608585357667,6.4710714079188625,6.43414634970036,6.452608585357666,61133,0.0,0.0
2015-05-22 00:00:00-04:00,6.443378349479479,6.4526091746992735,6.4064532878884695,6.415684700012207,85400,0.0,0.0
2015-05-26 00:00:00-04:00,6.406456863777571,6.415688281054004,6.351069533927507,6.378763198852539,88200,0.0,0.0
2015-05-27 00:00:00-04:00,6.3787594838332735,6.406453132629395,6.3695286588371856,6.4064531326293945,64500,0.0,0.0
2015-05-28 00:00:00-04:00,6.378763198852539,6.397226033405407,6.351069533927507,6.378763198852539,78267,0.0,0.0
2015-05-29 00:00:00-04:00,6.387992613656182,6.387992613656182,6.351067543029785,6.351067543029785,108900,0.0,0.0
2015-06-01 00:00:00-04:00,6.369529569958794,6.406454049032821,6.3418359172012675,6.360298156738281,115933,0.0,0.0
2015-06-02 00:00:00-04:00,6.351066743517768,6.36029815673828,6.3418359172012675,6.360298156738281,41967,0.0,0.0
2015-06-03 00:00:00-04:00,6.3695291497403,6.3695291497403,6.304910435267841,6.3418354988098145,64733,0.0,0.0
2015-06-04 00:00:00-04:00,6.323374242528982,6.332605657430948,6.249524684025616,6.277218341827393,71433,0.0,0.0
2015-06-05 00:00:00-04:00,6.258752933202974,6.258752933202974,6.194134235382079,6.19413423538208,80367,0.0,0.0
2015-06-08 00:00:00-04:00,6.19413349021761,6.2033648993397055,6.14797761841464,6.184902667999268,75767,0.0,0.0
2015-06-09 00:00:00-04:00,6.18490510972285,6.18490510972285,6.147980045560667,6.16644287109375,66333,0.0,0.0
2015-06-10 00:00:00-04:00,6.166440386708801,6.212596258137894,6.166440386708801,6.203364849090576,105367,0.0,0.0
2015-06-11 00:00:00-04:00,6.212598761118492,6.221829586981049,6.166442871093751,6.16644287109375,61300,0.0,0.0
2015-06-12 00:00:00-04:00,6.138749122619629,6.157211360956766,6.129517709999074,6.138749122619629,51533,0.0,0.0
2015-06-15 00:00:00-04:00,6.1018256520455605,6.138750725263841,6.1018256520455605,6.120287895202637,79900,0.0,0.0
2015-06-16 00:00:00-04:00,6.092592646420825,6.157211360956766,6.092592646420825,6.138749122619629,36667,0.0,0.0
2015-06-17 00:00:00-04:00,6.129517709999074,6.138749122619629,6.083361820704244,6.138749122619629,77600,0.0,0.0
2015-06-18 00:00:00-04:00,6.129515337423277,6.212596258137894,6.129515337423277,6.203364849090576,131633,0.0,0.0
2015-06-19 00:00:00-04:00,6.203365943756936,6.212666555236063,6.138262846009887,6.147563457489014,58167,0.15,0.0
2015-06-22 00:00:00-04:00,6.175466711319494,6.212668578045296,6.138264844593692,6.156866073608398,62700,0.0,0.0
2015-06-23 00:00:00-04:00,6.156864068968141,6.166164089143848,6.128962825834179,6.147563457489014,85333,0.0,0.0
2015-06-24 00:00:00-04:00,6.147565459101045,6.166166096812141,6.128964821389951,6.156866073608398,115833,0.0,0.0
2015-06-25 00:00:00-04:00,6.166166096812141,6.184767325826847,6.119664206882597,6.156866073608398,110867,0.0,0.0
2015-06-26 00:00:00-04:00,6.156863971381685,6.156863971381685,6.1196621173582475,6.138262748718262,80967,0.0,0.0
2015-06-29 00:00:00-04:00,6.110363607916928,6.110363607916928,6.0080592132902755,6.026660442352295,123833,0.0,0.0
2015-06-30 00:00:00-04:00,6.073157905954095,6.073157905954095,5.989454210093631,6.017355442047119,172733,0.0,0.0
2015-07-01 00:00:00-04:00,6.0638613867066224,6.101063251495361,6.045260749964043,6.101063251495361,86833,0.0,0.0
2015-07-02 00:00:00-04:00,6.101061101928832,6.119661732117914,6.026657989869136,6.054559230804443,96600,0.0,0.0
2015-07-06 00:00:00-04:00,6.017359827821285,6.035960465579691,5.998759190062879,6.026660442352295,77433,0.0,0.0
2015-07-07 00:00:00-04:00,6.026658367516202,6.04525899887085,5.933654028136143,6.04525899887085,87700,0.0,0.0
2015-07-08 00:00:00-04:00,5.97085602221493,5.9894566540059175,5.84995102861838,5.896452903747559,64900,0.0,0.0
2015-07-09 00:00:00-04:00,5.952254741607856,5.961554760837904,5.896452261014133,5.915052890777588,93000,0.0,0.0
2015-07-10 00:00:00-04:00,5.980159759521485,5.9894597846262805,5.970859143112957,5.980159759521484,53633,0.0,0.0
2015-07-13 00:00:00-04:00,6.026660442352295,6.0452610801107,5.989458575531869,6.026660442352295,124933,0.0,0.0
2015-07-14 00:00:00-04:00,6.03595800931199,6.063859250247298,6.026657989869136,6.054559230804443,75133,0.0,0.0
2015-07-15 00:00:00-04:00,6.026656049799342,6.05455728175283,6.008054834294895,6.017355442047119,88667,0.0,0.0
2015-07-16 00:00:00-04:00,6.045257505207481,6.082459350028347,6.035956896176447,6.0731587409973145,69933,0.0,0.0
2015-07-17 00:00:00-04:00,6.0638613867066224,6.101063251495361,6.0638613867066224,6.101063251495361,57800,0.0,0.0
2015-07-20 00:00:00-04:00,6.0917604911826055,6.0917604911826055,6.054559230804444,6.054559230804443,39300,0.0,0.0
2015-07-21 00:00:00-04:00,6.063859182158795,6.082460403442383,6.045258552178573,6.082460403442383,49900,0.0,0.0
2015-07-22 00:00:00-04:00,6.063715396423655,6.082459326782858,6.03559920295545,6.044971466064453,52533,0.15,0.0
2015-07-23 00:00:00-04:00,6.073086587827668,6.073086587827668,5.923133383839571,5.9606218338012695,146600,0.0,0.0
2015-07-24 00:00:00-04:00,5.951253787945318,5.960626056039309,5.904393639193607,5.913765907287598,60200,0.0,0.0
2015-07-27 00:00:00-04:00,5.885647691656589,5.895019956554315,5.801299095153809,5.801299095153809,108833,0.0,0.0
2015-07-28 00:00:00-04:00,5.820042580337859,5.85753104117931,5.8012986478465685,5.8294148445129395,84533,0.0,0.0
2015-07-29 00:00:00-04:00,5.820043588502324,5.857532055837633,5.820043588502324,5.8481597900390625,82700,0.0,0.0
2015-07-30 00:00:00-04:00,5.838787108688019,5.84815877700423,5.8294148445129395,5.8294148445129395,58800,0.0,0.0
2015-07-31 00:00:00-04:00,5.866904314863304,5.895020516367585,5.838788113359024,5.885648250579834,154733,0.0,0.0
2015-08-03 00:00:00-04:00,5.895021966958737,5.941882115710448,5.885649698864746,5.913765907287598,116600,0.0,0.0
2015-08-04 00:00:00-04:00,5.895022457668629,5.941882610321045,5.895022457668629,5.941882610321045,83633,0.0,0.0
2015-08-05 00:00:00-04:00,5.951250076293946,5.988738529430141,5.923133885406487,5.951250076293945,98033,0.0,0.0
2015-08-06 00:00:00-04:00,5.932506561279297,5.960622754127063,5.8950187013881346,5.932506561279297,81367,0.0,0.0
2015-08-07 00:00:00-04:00,5.9325098476164575,5.9325098476164575,5.895021966958737,5.913765907287598,59900,0.0,0.0
2015-08-10 00:00:00-04:00,5.941878824181482,5.969995017029248,5.932506561279297,5.932506561279297,99867,0.0,0.0
2015-08-11 00:00:00-04:00,5.885648250579833,5.913764452084114,5.876275984792082,5.885648250579834,110067,0.0,0.0
2015-08-12 00:00:00-04:00,5.876277379411639,5.904393587588752,5.838789499081565,5.895021915435791,128200,0.0,0.0
2015-08-13 00:00:00-04:00,5.876275481658038,5.89502001162861,5.829415348449451,5.857531547546387,95800,0.0,0.0
2015-08-14 00:00:00-04:00,5.866902441949693,5.885646371682527,5.820041723829436,5.876274108886719,116233,0.0,0.0
2015-08-17 00:00:00-04:00,5.866902441949693,5.895018634478335,5.848157916358077,5.876274108886719,90000,0.0,0.0
2015-08-18 00:00:00-04:00,5.866905707258678,5.895021915435791,5.866905707258678,5.895021915435791,98700,0.0,0.0
2015-08-19 00:00:00-04:00,5.876275481658038,5.885647746643324,5.838787613434737,5.857531547546387,94233,0.0,0.0
2015-08-20 00:00:00-04:00,5.8008453629212156,5.8386361505938815,5.772502422332764,5.772502422332764,91100,0.15,0.0
2015-08-21 00:00:00-04:00,5.744159766510518,5.744159766510518,5.621340751647949,5.621340751647949,154833,0.0,0.0
2015-08-24 00:00:00-04:00,5.300122763688591,5.470180467656121,5.215093911704826,5.262331962585449,224133,0.0,0.0
2015-08-25 00:00:00-04:00,5.413493358440171,5.432388454443543,5.281226485088018,5.290673732757568,214067,0.0,0.0
2015-08-26 00:00:00-04:00,5.422938764054111,5.432386609178704,5.309567625879339,5.404043674468994,104400,0.0,0.0
2015-08-27 00:00:00-04:00,5.451282491191998,5.555206400013192,5.44183524535817,5.489073276519775,110100,0.0,0.0
2015-08-28 00:00:00-04:00,5.479628105285341,5.555209112176893,5.479628105285341,5.536314010620117,134533,0.0,0.0
2015-08-31 00:00:00-04:00,5.517418155988095,5.536313254965869,5.451284408569336,5.451284408569336,173133,0.0,0.0
2015-09-01 00:00:00-04:00,5.366253495298759,5.432386609178704,5.347357805049573,5.404043674468994,152333,0.0,0.0
2015-09-02 00:00:00-04:00,5.451282229791243,5.479625167261932,5.404044200894803,5.460730075836182,70733,0.0,0.0
2015-09-03 00:00:00-04:00,5.460730133442062,5.4985203166922165,5.460730133442062,5.479625225067139,45167,0.0,0.0
2015-09-04 00:00:00-04:00,5.422941135441808,5.451284082545552,5.394598188338064,5.441836833953857,70133,0.0,0.0
2015-09-08 00:00:00-04:00,5.507971057952729,5.564656963287506,5.489075956395953,5.536314010620117,74033,0.0,0.0
2015-09-09 00:00:00-04:00,5.555206400013192,5.5741020930091585,5.479625430021793,5.489073276519775,53167,0.0,0.0
2015-09-10 00:00:00-04:00,5.451282491191998,5.507968368851587,5.451282491191998,5.489073276519775,60767,0.0,0.0
2015-09-11 00:00:00-04:00,5.489073013306871,5.498520258687683,5.460730075836182,5.460730075836182,54400,0.0,0.0
2015-09-14 00:00:00-04:00,5.441836833953857,5.460731931801576,5.432388984697832,5.441836833953857,75600,0.0,0.0
2015-09-15 00:00:00-04:00,5.43238719567238,5.4985203166922165,5.43238719567238,5.479625225067139,64267,0.0,0.0
2015-09-16 00:00:00-04:00,5.4985201537197925,5.5646538734436035,5.479625062654753,5.5646538734436035,76833,0.0,0.0
2015-09-17 00:00:00-04:00,5.526863877304063,5.630787793949746,5.50796878354963,5.6118927001953125,83533,0.0,0.0
2015-09-18 00:00:00-04:00,5.526861856671664,5.659128665924072,5.526861856671664,5.659128665924072,48267,0.0,0.0
2015-09-21 00:00:00-04:00,5.659132909180259,5.668660287182567,5.6210246086120605,5.6210246086120605,58800,0.15,0.0
2015-09-22 00:00:00-04:00,5.573388324321039,5.630551380893852,5.573388324321039,5.6210246086120605,53767,0.0,0.0
2015-09-23 00:00:00-04:00,5.611498749462453,5.611498749462453,5.573389832858878,5.582917213439941,45433,0.0,0.0
2015-09-24 00:00:00-04:00,5.525750845124905,5.554332364097714,5.487642556974704,5.506696701049805,46833,0.0,0.0
2015-09-25 00:00:00-04:00,5.535277328578797,5.563858842948619,5.525749955215449,5.544804096221924,60933,0.0,0.0
2015-09-28 00:00:00-04:00,5.516225521801348,5.5257522934757946,5.354263740410516,5.363790512084961,65267,0.0,0.0
2015-09-29 00:00:00-04:00,5.373316565146056,5.411425459612769,5.316153526306152,5.316153526306152,90333,0.0,0.0
2015-09-30 00:00:00-04:00,5.382843940192816,5.411425459612769,5.316153526306152,5.316153526306152,164967,0.0,0.0
2015-10-01 00:00:00-04:00,5.363789290297982,5.363789290297982,5.306626250390239,5.344735145568848,139833,0.0,0.0
2015-10-02 00:00:00-04:00,5.306628019734111,5.3923726081848145,5.287573868651913,5.3923726081848145,108033,0.0,0.0
2015-10-05 00:00:00-04:00,5.440006083364699,5.525750637054443,5.440006083364699,5.525750637054443,109167,0.0,0.0
2015-10-06 00:00:00-04:00,5.535279891669855,5.611497096708071,5.52575251389489,5.6019697189331055,128633,0.0,0.0
2015-10-07 00:00:00-04:00,5.630549363893583,5.678185025399832,5.611495220435144,5.668658256530762,146000,0.0,0.0
2015-10-08 00:00:00-04:00,5.65913287706961,5.706768555369825,5.65913287706961,5.69724178314209,86800,0.0,0.0
2015-10-09 00:00:00-04:00,5.716294457703189,5.7353486029605,5.697240312445878,5.7067670822143555,59200,0.0,0.0
2015-10-12 00:00:00-04:00,5.697244246110296,5.73535256293682,5.697244246110296,5.725825786590576,95133,0.0,0.0
2015-10-13 00:00:00-04:00,5.668660255017858,5.725823311266321,5.668660255017858,5.69724178314209,88900,0.0,0.0
2015-10-14 00:00:00-04:00,5.687711715698242,5.716293230307397,5.678184342255115,5.687711715698242,92367,0.0,0.0
2015-10-15 00:00:00-04:00,5.697242304983172,5.735350608825684,5.678187547341348,5.735350608825684,92867,0.0,0.0
2015-10-16 00:00:00-04:00,5.725822293217055,5.782984733581543,5.725822293217055,5.782984733581543,65633,0.0,0.0
2015-10-19 00:00:00-04:00,5.76392997287736,5.868728677630754,5.76392997287736,5.859201908111572,133633,0.0,0.0
2015-10-20 00:00:00-04:00,5.859202175325682,5.906837842255085,5.840147423977626,5.878256320953369,80533,0.0,0.0
2015-10-21 00:00:00-04:00,5.887855794496942,5.9454858040138,5.878251200023146,5.916670799255371,95500,0.15,0.0
2015-10-22 00:00:00-04:00,5.916677231524175,6.003122339777576,5.916677231524175,5.945492267608643,84900,0.0,0.0
2015-10-23 00:00:00-04:00,5.993511617884608,5.993511617884608,5.95509201218131,5.974301815032959,72400,0.0,0.0
2015-10-26 00:00:00-04:00,5.98390969042858,5.98390969042858,5.945489456922444,5.9646992683410645,56800,0.0,0.0
2015-10-27 00:00:00-04:00,5.955096680096855,5.955096680096855,5.8686515835013235,5.878256797790527,65567,0.0,0.0
2015-10-28 00:00:00-04:00,5.907071920712513,5.9262817389168525,5.849441855430383,5.859046459197998,111567,0.0,0.0
2015-10-29 00:00:00-04:00,5.849441528275968,5.859046131506406,5.77260164908709,5.791811466217041,68933,0.0,0.0
2015-10-30 00:00:00-04:00,5.839838483430429,5.926283608626583,5.8206286591654965,5.897468566894531,126400,0.0,0.0
2015-11-02 00:00:00-05:00,5.897469558046395,6.00312452526427,5.8782597305529825,5.993519306182861,80600,0.0,0.0
2015-11-03 00:00:00-05:00,5.964698406500935,5.964698406500935,5.897463770916058,5.93588399887085,79467,0.0,0.0
2015-11-04 00:00:00-05:00,5.935884685873262,5.964699096838245,5.81101938857024,5.84943962097168,100633,0.0,0.0
2015-11-05 00:00:00-05:00,5.887860728953865,5.887860728953865,5.849441097523186,5.868650913238525,71833,0.0,0.0
2015-11-06 00:00:00-05:00,5.839836640993658,5.878256888071448,5.7918117901482535,5.859046459197998,117000,0.0,0.0
2015-11-09 00:00:00-05:00,5.830233816866376,5.830233816866376,5.7053690313417915,5.724578857421875,74467,0.0,0.0
2015-11-10 00:00:00-05:00,5.724578570406419,5.753393613416514,5.705368745289466,5.7341837882995605,55500,0.0,0.0
2015-11-11 00:00:00-05:00,5.753390690881961,5.753390690881961,5.65734100341797,5.657341003417969,179900,0.0,0.0
2015-11-12 00:00:00-05:00,5.647735057135895,5.666945480669742,5.570895195007324,5.570895195007324,113833,0.0,0.0
2015-11-13 00:00:00-05:00,5.551687004181102,5.5708968226585505,5.513266756557087,5.522871971130371,120733,0.0,0.0
2015-11-16 00:00:00-05:00,5.522871819119106,5.59010648727417,5.513266604810196,5.59010648727417,151900,0.0,0.0
2015-11-17 00:00:00-05:00,5.609317109629674,5.628526928241872,5.5708968617361565,5.599711894989014,102300,0.0,0.0
2015-11-18 00:00:00-05:00,5.628774567287129,5.638462253058757,5.609398579792338,5.619086265563965,132400,0.15,0.0
2015-11-19 00:00:00-05:00,5.6190894760668355,5.667529780456261,5.6190894760668355,5.648153781890869,73567,0.0,0.0
2015-11-20 00:00:00-05:00,5.6869037650338115,5.706279754638672,5.6675271594773475,5.706279754638672,46667,0.0,0.0
2015-11-23 00:00:00-05:00,5.715968057416904,5.735344047021764,5.6675271594773475,5.706279754638672,75767,0.0,0.0
2015-11-24 00:00:00-05:00,5.686906558192384,5.803163168873288,5.657842251534182,5.745035171508789,168833,0.0,0.0
2015-11-25 00:00:00-05:00,5.715968057416904,5.745032349799996,5.6965914518604395,5.706279754638672,69100,0.0,0.0
2015-11-27 00:00:00-05:00,5.7159665182067485,5.735342502593994,5.686902233650161,5.735342502593994,17367,0.0,0.0
2015-11-30 00:00:00-05:00,5.715969205447107,5.74503350366765,5.677216602502472,5.6869049072265625,120433,0.0,0.0
2015-12-01 00:00:00-05:00,5.725658556435383,5.7740988622150855,5.725658556435383,5.745035171508789,154333,0.0,0.0
2015-12-02 00:00:00-05:00,5.735345557237412,5.764409857273637,5.706281257201187,5.715969562530518,90267,0.0,0.0
2015-12-03 00:00:00-05:00,5.725656340037532,5.735344643823899,5.648151757601601,5.677216053009033,118800,0.0,0.0
2015-12-04 00:00:00-05:00,5.686905262494292,5.735345557237412,5.677216957164962,5.715969562530518,44900,0.0,0.0
2015-12-07 00:00:00-05:00,5.686906944742157,5.696594636985444,5.648154327913163,5.657842636108398,77400,0.0,0.0
2015-12-08 00:00:00-05:00,5.619086265563965,5.667526542276712,5.5900219763460095,5.619086265563965,86533,0.0,0.0
2015-12-09 00:00:00-05:00,5.638462253058757,5.667526542276712,5.5900219763460095,5.619086265563965,95067,0.0,0.0
2015-12-10 00:00:00-05:00,5.59971098127516,5.638462961131176,5.560958385467528,5.560958385467529,60433,0.0,0.0
2015-12-11 00:00:00-05:00,5.502830430957425,5.570646703869495,5.473766138008933,5.493142127990723,100600,0.0,0.0
2015-12-14 00:00:00-05:00,5.512517686787328,5.522205988996219,5.367196849363377,5.38657283782959,102233,0.0,0.0
2015-12-15 00:00:00-05:00,5.405948343652669,5.464076919813157,5.405948343652669,5.454388618469238,101400,0.0,0.0
2015-12-16 00:00:00-05:00,5.473768070139067,5.59002466701766,5.473768070139067,5.570648670196533,98033,0.0,0.0
2015-12-17 00:00:00-05:00,5.5803369765830135,5.609401279790621,5.541584366988927,5.570648670196533,125500,0.0,0.0
2015-12-18 00:00:00-05:00,5.560958171539832,5.580334776674045,5.551270484924316,5.551270484924316,116800,0.0,0.0
2015-12-21 00:00:00-05:00,5.600137566721291,5.649004260882293,5.561043838568253,5.5903639793396,133667,0.15,0.0
2015-12-22 00:00:00-05:00,5.609911203391585,5.668551491944698,5.5805910591150285,5.649004936218262,91800,0.0,0.0
2015-12-23 00:00:00-05:00,5.678324751043876,5.736965036194736,5.678324751043876,5.72719144821167,99267,0.0,0.0
2015-12-24 00:00:00-05:00,5.707644893619306,5.7662851787701666,5.707644893619306,5.72719144821167,50633,0.0,0.0
2015-12-28 00:00:00-05:00,5.727192838947441,5.727192838947441,5.64900598021808,5.67832612991333,100933,0.0,0.0
2015-12-29 00:00:00-05:00,5.67832612991333,5.73696642930383,5.67832612991333,5.67832612991333,154800,0.0,0.0
2015-12-30 00:00:00-05:00,5.67832426670074,5.67832426670074,5.649004126626225,5.658777713775635,86400,0.0,0.0
2015-12-31 00:00:00-05:00,5.658778381592238,5.678324936824115,5.639231204986572,5.639231204986572,168700,0.0,0.0
2016-01-04 00:00:00-05:00,5.580592384596906,5.629459717580493,5.521952703489713,5.619686126708984,151567,0.0,0.0
2016-01-05 00:00:00-05:00,5.649006277949557,5.649006277949557,5.580592384596906,5.619686126708984,177600,0.0,0.0
2016-01-06 00:00:00-05:00,5.590365938137708,5.6099124983762465,5.531725636048146,5.57081937789917,122767,0.0,0.0
2016-01-07 00:00:00-05:00,5.492632003938555,5.521952152252197,5.463311855624913,5.521952152252197,107233,0.0,0.0
2016-01-08 00:00:00-05:00,5.502404503086864,5.502404503086864,5.3753509521484375,5.3753509521484375,73833,0.0,0.0
2016-01-11 00:00:00-05:00,5.385123575225548,5.394896541160758,5.287389566257375,5.306936740875244,198433,0.0,0.0
2016-01-12 00:00:00-05:00,5.326486479806485,5.355806637895486,5.228752412385116,5.248299598693848,122533,0.0,0.0
2016-01-13 00:00:00-05:00,5.267840540221263,5.277614122942352,5.160333615783009,5.170106887817383,141233,0.0,0.0
2016-01-14 00:00:00-05:00,5.140789531726864,5.160336397017379,5.033282549346242,5.131016254425049,154500,0.0,0.0
2016-01-15 00:00:00-05:00,5.003963087064049,5.043056512273113,4.964869661854985,5.033283233642578,126800,0.0,0.0
2016-01-19 00:00:00-05:00,5.043056007858943,5.052829596198834,4.94532260995519,4.974642753601074,108333,0.0,0.0
2016-01-20 00:00:00-05:00,4.905552634729768,4.915422874208246,4.658794451383046,4.757497787475586,182133,0.15,0.0
2016-01-21 00:00:00-05:00,4.76736478101735,4.81671657234629,4.6884022914138965,4.787105560302734,164433,0.0,0.0
2016-01-22 00:00:00-05:00,4.81671942597946,4.925292991950151,4.7969786349987755,4.915422439575195,122333,0.0,0.0
2016-01-25 00:00:00-05:00,4.905553165210616,4.925293960071573,4.846331094397035,4.856201648712158,74067,0.0,0.0
2016-01-26 00:00:00-05:00,4.875938788119308,4.935160818345559,4.866068554337958,4.925290584564209,77467,0.0,0.0
2016-01-27 00:00:00-05:00,4.905549622877395,4.964771650926317,4.875938608852933,4.9351606369018555,157567,0.0,0.0
2016-01-28 00:00:00-05:00,4.954902575599675,5.0141243037212195,4.915421005159797,4.984513282775879,88033,0.0,0.0
2016-01-29 00:00:00-05:00,5.043733777161154,5.083215021718361,4.984511753440822,5.033863544464111,149767,0.0,0.0
2016-02-01 00:00:00-05:00,5.014124475911551,5.122698013926904,5.004254239847195,5.112827777862549,168633,0.0,0.0
2016-02-02 00:00:00-05:00,4.954900701676176,5.063474194900941,4.954900701676176,5.053603649139404,231067,0.0,0.0
2016-02-03 00:00:00-05:00,5.053605082283595,5.142438136715352,4.994383359764863,5.122697353363037,77467,0.0,0.0
2016-02-04 00:00:00-05:00,5.093085579807285,5.181918621063232,5.063474879824363,5.181918621063232,95133,0.0,0.0
2016-02-05 00:00:00-05:00,5.132567396260968,5.132567396260968,5.0338641167618965,5.063475131988525,74300,0.0,0.0
2016-02-08 00:00:00-05:00,4.9845128750959,4.9845128750959,4.836458096247637,4.885809898376465,87833,0.0,0.0
2016-02-09 00:00:00-05:00,4.826587090490334,4.826587090490334,4.708143349081826,4.727883815765381,89300,0.0,0.0
2016-02-10 00:00:00-05:00,4.737754134103804,4.777235695717345,4.678532419221627,4.6884026527404785,150100,0.0,0.0
2016-02-11 00:00:00-05:00,4.569961938355128,4.648924486383517,4.569961938355128,4.599572658538818,107833,0.0,0.0
2016-02-12 00:00:00-05:00,4.619312101539863,4.658793364007994,4.5798308390717315,4.6291823387146,101200,0.0,0.0
2016-02-16 00:00:00-05:00,4.678532419221627,4.718013667066101,4.629180624089234,4.6884026527404785,87767,0.0,0.0
2016-02-17 00:00:00-05:00,4.718012539789467,4.787104785451326,4.718012539789467,4.7772345542907715,68767,0.0,0.0
2016-02-18 00:00:00-05:00,4.777238286224858,4.826589794349556,4.757497494713436,4.806849002838135,70733,0.0,0.0
2016-02-19 00:00:00-05:00,4.777236771393304,4.866069520603306,4.777236771393304,4.8463287353515625,106767,0.0,0.0
2016-02-22 00:00:00-05:00,4.89618892142847,4.916132804587868,4.846329689025879,4.846329689025879,106000,0.15,0.0
2016-02-23 00:00:00-05:00,4.856303691864014,4.876247584139521,4.826388328946873,4.856303691864014,104867,0.0,0.0
2016-02-24 00:00:00-05:00,4.80644191103134,4.906160686014844,4.78649802923574,4.876245021820068,47533,0.0,0.0
2016-02-25 00:00:00-05:00,4.896186978041739,4.975962162017822,4.876243419795576,4.975962162017822,42067,0.0,0.0
2016-02-26 00:00:00-05:00,4.98593457072467,5.015850228868566,4.946047132198534,5.005878448486328,107933,0.0,0.0
2016-02-29 00:00:00-05:00,5.025820574191605,5.085651873395332,5.005877019121757,5.045764446258545,107567,0.0,0.0
2016-03-01 00:00:00-05:00,5.075681504898413,5.165428161621094,5.065709407598087,5.165428161621094,80367,0.0,0.0
2016-03-02 00:00:00-05:00,5.1654289329731125,5.235232039513177,5.1654289329731125,5.225260257720947,65500,0.0,0.0
2016-03-03 00:00:00-05:00,5.205316377139259,5.265147701887094,5.19534459534703,5.225260257720947,68500,0.0,0.0
2016-03-04 00:00:00-05:00,5.2651464109404555,5.315005624673991,5.2651464109404555,5.28508996963501,88633,0.0,0.0
2016-03-07 00:00:00-05:00,5.265149563368696,5.305037021636963,5.2452056757358925,5.305037021636963,73333,0.0,0.0
2016-03-08 00:00:00-05:00,5.2651464109404555,5.295062065979437,5.255174631593179,5.28508996963501,51533,0.0,0.0
2016-03-09 00:00:00-05:00,5.295062219991725,5.334949338540991,5.265146564082617,5.315005779266357,53033,0.0,0.0
2016-03-10 00:00:00-05:00,5.315005624673991,5.344921279712971,5.255174631593179,5.28508996963501,40033,0.0,0.0
2016-03-11 00:00:00-05:00,5.30503619085415,5.3748393111415975,5.30503619085415,5.364867210388184,63900,0.0,0.0
2016-03-14 00:00:00-04:00,5.374838976910304,5.404754643315678,5.364866876777,5.394782543182373,36267,0.0,0.0
2016-03-15 00:00:00-04:00,5.354896558974718,5.374840129523607,5.334952354431152,5.334952354431152,46033,0.0,0.0
2016-03-16 00:00:00-04:00,5.324976921496594,5.414723873138428,5.315004826649433,5.414723873138428,53333,0.0,0.0
2016-03-17 00:00:00-04:00,5.394780621731602,5.494499685564239,5.394780621731602,5.474555492401123,67233,0.0,0.0
2016-03-18 00:00:00-04:00,5.514443244733041,5.5343868039018425,5.46458402981388,5.474555492401123,75900,0.0,0.0
2016-03-21 00:00:00-04:00,5.494682581172075,5.514810085296631,5.4644926046282025,5.514810085296631,42200,0.15,0.0
2016-03-22 00:00:00-04:00,5.464491388512271,5.524871967983872,5.464491388512271,5.494681358337402,88833,0.0,0.0
2016-03-23 00:00:00-04:00,5.494681358337402,5.504745108160005,5.474554498513536,5.494681358337402,59367,0.0,0.0
2016-03-24 00:00:00-04:00,5.444363117218018,5.444363117218018,5.3940456548793545,5.444363117218018,43267,0.0,0.0
2016-03-28 00:00:00-04:00,5.4544268656142485,5.4846174709816955,5.41417251185057,5.444363117218018,60267,0.0,0.0
2016-03-29 00:00:00-04:00,5.434303032242556,5.5349380129123205,5.414175524251321,5.50474739074707,86333,0.0,0.0
2016-03-30 00:00:00-04:00,5.534936860538602,5.595318092297731,5.514809996559382,5.555063724517822,87033,0.0,0.0
2016-03-31 00:00:00-04:00,5.585256310616648,5.6255106925964355,5.555065684087231,5.6255106925964355,141167,0.0,0.0
2016-04-01 00:00:00-04:00,5.575193194987973,5.635573808225111,5.545002568458556,5.6255106925964355,84833,0.0,0.0
2016-04-04 00:00:00-04:00,5.605382805935798,5.62551031548728,5.514811572240735,5.524874687194824,89867,0.0,0.0
2016-04-05 00:00:00-04:00,5.504744327952912,5.504744327952912,5.434300008643032,5.444363117218018,74433,0.0,0.0
2016-04-06 00:00:00-04:00,5.444364774606973,5.494682252263425,5.404111048410388,5.484619140625,67633,0.0,0.0
2016-04-07 00:00:00-04:00,5.464493274688722,5.484620141459769,5.43430265462137,5.464493274688721,86167,0.0,0.0
2016-04-08 00:00:00-04:00,5.494684270239838,5.5248748958858,5.4644942844155535,5.474557399749756,85000,0.0,0.0
2016-04-11 00:00:00-04:00,5.524874687194824,5.575192821251878,5.514811572240735,5.524874687194824,62333,0.0,0.0
2016-04-12 00:00:00-04:00,5.534934351120553,5.595315555504166,5.52487060378289,5.585251808166504,51733,0.0,0.0
2016-04-13 00:00:00-04:00,5.585253530398687,5.645634753401059,5.585253530398687,5.635571002960205,94133,0.0,0.0
2016-04-14 00:00:00-04:00,5.625506157695972,5.635569265212455,5.575188700650021,5.585251808166504,77467,0.0,0.0
2016-04-15 00:00:00-04:00,5.534934351120553,5.605378663020648,5.534934351120553,5.585251808166504,83933,0.0,0.0
2016-04-18 00:00:00-04:00,5.5953166068417985,5.655697822570801,5.5953166068417985,5.655697822570801,65133,0.0,0.0
2016-04-19 00:00:00-04:00,5.675826979193068,5.706017599280921,5.675826979193068,5.695953845977783,91733,0.0,0.0
2016-04-20 00:00:00-04:00,5.695952415466309,5.716258660535259,5.685798970169887,5.695952415466309,102000,0.15,0.0
2016-04-21 00:00:00-04:00,5.716259292426319,5.72641273884513,5.675646797798999,5.685799598693848,81900,0.0,0.0
2016-04-22 00:00:00-04:00,5.706107322249344,5.73656702041626,5.685800426455362,5.73656702041626,51133,0.0,0.0
2016-04-25 00:00:00-04:00,5.706107322249344,5.756873270686184,5.706107322249344,5.73656702041626,48433,0.0,0.0
2016-04-26 00:00:00-04:00,5.767026286043129,5.807638783536949,5.74671939177221,5.787332534790039,104600,0.0,0.0
2016-04-27 00:00:00-04:00,5.7670261486458765,5.807638645172119,5.75687270175232,5.807638645172119,47667,0.0,0.0
2016-04-28 00:00:00-04:00,5.797486782073975,5.807640231741318,5.767027724120284,5.797486782073975,38967,0.0,0.0
2016-04-29 00:00:00-04:00,5.797486782073975,5.827946485551834,5.746720824785598,5.797486782073975,129767,0.0,0.0
2016-05-02 00:00:00-04:00,5.797486782073975,5.817793681408661,5.777180528263458,5.797486782073975,64267,0.0,0.0
2016-05-03 00:00:00-04:00,5.7873329688531,5.7873329688531,5.706107322249344,5.73656702041626,76033,0.0,0.0
2016-05-04 00:00:00-04:00,5.726413249969482,5.746719499095624,5.69595355351826,5.726413249969482,67733,0.0,0.0
2016-05-05 00:00:00-04:00,5.746719822789193,5.756873270686184,5.716260124622278,5.73656702041626,50567,0.0,0.0
2016-05-06 00:00:00-04:00,5.6959538743523535,5.746719822789193,5.665494176185438,5.73656702041626,46433,0.0,0.0
2016-05-09 00:00:00-04:00,5.736567034790347,5.777179535431959,5.726413586867914,5.746719837188721,61000,0.0,0.0
2016-05-10 00:00:00-04:00,5.787333207017353,5.827945709228516,5.7670269559117715,5.827945709228516,62733,0.0,0.0
2016-05-11 00:00:00-04:00,5.787330910784665,5.817790598119624,5.746717779163445,5.756871223449707,60233,0.0,0.0
2016-05-12 00:00:00-04:00,5.7670275109703875,5.7670275109703875,5.695954656974185,5.71626091003418,59133,0.0,0.0
2016-05-13 00:00:00-04:00,5.695951265177219,5.726410949391302,5.645185339995,5.665491580963135,73533,0.0,0.0
2016-05-16 00:00:00-04:00,5.655339279804514,5.716258660535259,5.645186480031985,5.695952415466309,74133,0.0,0.0
2016-05-17 00:00:00-04:00,5.655337461838422,5.685797142412219,5.604571542723323,5.635031223297119,102000,0.0,0.0
2016-05-18 00:00:00-04:00,5.614728772340115,5.665494725700917,5.58426907121881,5.624882221221924,81733,0.0,0.0
2016-05-19 00:00:00-04:00,5.573651434499525,5.573651434499525,5.512177232421475,5.5326690673828125,109467,0.15,0.0
2016-05-20 00:00:00-04:00,5.553159352713031,5.5838964487803056,5.522422256645757,5.542913436889648,130433,0.0,0.0
2016-05-23 00:00:00-04:00,5.573653766901353,5.604390880802911,5.553162574768066,5.553162574768066,104433,0.0,0.0
2016-05-24 00:00:00-04:00,5.573651254086123,5.614634271279238,5.573651254086123,5.594142436981201,125000,0.0,0.0
2016-05-25 00:00:00-04:00,5.6146354037007935,5.665863696972255,5.6146354037007935,5.63512659072876,40533,0.0,0.0
2016-05-26 00:00:00-04:00,5.6248780689169395,5.686352252960205,5.614632805844922,5.686352252960205,131867,0.0,0.0
2016-05-27 00:00:00-04:00,5.645374089411071,5.706847667694092,5.645374089411071,5.706847667694092,153000,0.0,0.0
2016-05-31 00:00:00-04:00,5.727339652490936,5.737584923421371,5.655619498961442,5.665865421295166,110567,0.0,0.0
2016-06-01 00:00:00-04:00,5.655619498961442,5.69660253689305,5.635128305697282,5.665865421295166,171200,0.0,0.0
2016-06-02 00:00:00-04:00,5.655615465659679,5.717089653015137,5.645370202035653,5.717089653015137,94433,0.0,0.0
2016-06-03 00:00:00-04:00,5.706848374702062,5.747831416704642,5.696603102753933,5.727340221405029,107833,0.0,0.0
2016-06-06 00:00:00-04:00,5.717091498298495,5.788811623829629,5.717091498298495,5.737582683563232,110067,0.0,0.0
2016-06-07 00:00:00-04:00,5.727338419369009,5.819549746309147,5.727338419369009,5.788812637329102,111667,0.0,0.0
2016-06-08 00:00:00-04:00,5.809303101762048,5.870777312056313,5.809303101762048,5.84004020690918,80400,0.0,0.0
2016-06-09 00:00:00-04:00,5.85028547435618,5.870777312056313,5.829794288059113,5.84004020690918,73200,0.0,0.0
2016-06-10 00:00:00-04:00,5.819550279480281,5.829795549143507,5.7580760558880915,5.799058437347412,76000,0.0,0.0
2016-06-13 00:00:00-04:00,5.778565107160368,5.778565107160368,5.7170909063284014,5.747828006744385,127967,0.0,0.0
2016-06-14 00:00:00-04:00,5.717091084159883,5.717091084159883,5.6146345138549805,5.6146345138549805,97133,0.0,0.0
2016-06-15 00:00:00-04:00,5.63512659072876,5.665863696972255,5.6146354037007935,5.63512659072876,77200,0.0,0.0
2016-06-16 00:00:00-04:00,5.6146364746181785,5.624881744384766,5.553162250405796,5.624881744384766,85267,0.0,0.0
2016-06-17 00:00:00-04:00,5.614635172451897,5.635126358635897,5.553160962496833,5.583898067474365,91733,0.0,0.0
2016-06-20 00:00:00-04:00,5.6248780689169395,5.74782643700347,5.6248780689169395,5.686352252960205,73200,0.0,0.0
2016-06-21 00:00:00-04:00,5.696692568198717,5.8104196120457985,5.696692568198717,5.71737003326416,207767,0.15,0.0
2016-06-22 00:00:00-04:00,5.717371367136847,5.748387900633604,5.68635483364009,5.6966938972473145,57433,0.0,0.0
2016-06-23 00:00:00-04:00,5.758724412541688,5.769063472747803,5.738046949454156,5.769063472747803,57133,0.0,0.0
2016-06-24 00:00:00-04:00,5.5622901933346895,5.645000752428596,5.5416127178924866,5.6036458015441895,108967,0.0,0.0
2016-06-27 00:00:00-04:00,5.5312743605899355,5.541613428299,5.334836675393964,5.345175743103027,101733,0.0,0.0
2016-06-28 00:00:00-04:00,5.407208203617287,5.458902553283556,5.365852921081814,5.427886009216309,117600,0.0,0.0
2016-06-29 00:00:00-04:00,5.47957703079385,5.613982200622559,5.47957703079385,5.613982200622559,68233,0.0,0.0
2016-06-30 00:00:00-04:00,5.634664227032614,5.686358261581932,5.582970192483295,5.676019191741943,98933,0.0,0.0
2016-07-01 00:00:00-04:00,5.665680012072951,5.738051519177561,5.645001875192871,5.727713108062744,71900,0.0,0.0
2016-07-05 00:00:00-04:00,5.676016714357497,5.676016714357497,5.5933061637138115,5.655339241027832,99200,0.0,0.0
2016-07-06 00:00:00-04:00,5.593304651186953,5.644998649194672,5.562288120917352,5.634660243988037,46267,0.0,0.0
2016-07-07 00:00:00-04:00,5.686354241995756,5.696693304527239,5.572627183448835,5.634660243988037,104800,0.0,0.0
2016-07-08 00:00:00-04:00,5.665677363750557,5.6966938972473145,5.6449992365361075,5.6966938972473145,62500,0.0,0.0
2016-07-11 00:00:00-04:00,5.696697331421921,5.74839136597124,5.665680779227268,5.676019191741943,264500,0.0,0.0
2016-07-12 00:00:00-04:00,5.696692643614519,5.727709170285678,5.6553370556113824,5.665676116943359,433533,0.0,0.0
2016-07-13 00:00:00-04:00,5.686358261581932,5.738052296131251,5.64500263954729,5.676019191741943,392967,0.0,0.0
2016-07-14 00:00:00-04:00,5.696691311875177,5.717368772380502,5.613980812529255,5.686352252960205,462700,0.0,0.0
2016-07-15 00:00:00-04:00,5.686353582282542,5.696692643614519,5.665676116943359,5.665676116943359,150433,0.0,0.0
2016-07-18 00:00:00-04:00,5.68635483364009,5.6966938972473145,5.665677363750557,5.6966938972473145,286933,0.0,0.0
2016-07-19 00:00:00-04:00,5.696691311875177,5.707029713465531,5.686352252960205,5.686352252960205,156433,0.0,0.0
2016-07-20 00:00:00-04:00,5.728092193603516,5.738526116259331,5.707225011647638,5.728092193603516,131167,0.15,0.0
2016-07-21 00:00:00-04:00,5.728089739790795,5.759390830993652,5.707222566774047,5.759390830993652,153300,0.0,0.0
2016-07-22 00:00:00-04:00,5.769823897996554,5.842859324458484,5.769823897996554,5.832426071166992,184867,0.0,0.0
2016-07-25 00:00:00-04:00,5.832426897648066,5.884595161564118,5.801125806627343,5.874161243438721,131333,0.0,0.0
2016-07-26 00:00:00-04:00,5.874159272453431,5.947195348114125,5.874159272453431,5.926328182220459,170133,0.0,0.0
2016-07-27 00:00:00-04:00,5.947199256033488,5.947199256033488,5.853295952775036,5.895030975341797,145767,0.0,0.0
2016-07-28 00:00:00-04:00,5.895030286909952,5.9680657386779785,5.895030286909952,5.9680657386779785,83900,0.0,0.0
2016-07-29 00:00:00-04:00,5.968064403233463,6.04110050201416,5.936763312806799,6.04110050201416,201900,0.0,0.0
2016-08-01 00:00:00-04:00,6.05153341330739,6.05153341330739,5.9784979820251465,5.9784979820251465,108633,0.0,0.0
2016-08-02 00:00:00-04:00,5.905461440756021,5.957629696777185,5.832426014997464,5.842859268188477,117300,0.0,0.0
2016-08-03 00:00:00-04:00,5.82199297952267,5.874161243438721,5.811559061397273,5.874161243438721,77200,0.0,0.0
2016-08-04 00:00:00-04:00,5.863727101281236,5.895028187565007,5.8219920984510845,5.842859268188477,116533,0.0,0.0
2016-08-05 00:00:00-04:00,5.853291988372803,5.874159153845128,5.842858073959025,5.853291988372803,121200,0.0,0.0
2016-08-08 00:00:00-04:00,5.884593068258906,5.915894148145009,5.853291988372803,5.853291988372803,81267,0.0,0.0
2016-08-09 00:00:00-04:00,5.8845983324242415,5.936766624450684,5.8845983324242415,5.936766624450684,141467,0.0,0.0
2016-08-10 00:00:00-04:00,5.94719825735523,5.9889326095581055,5.9263310812537915,5.9889326095581055,135867,0.0,0.0
2016-08-11 00:00:00-04:00,5.99936359452591,5.99936359452591,5.915894267596005,5.926328182220459,210200,0.0,0.0
2016-08-12 00:00:00-04:00,5.947196427470804,5.968063597151652,5.926329257789955,5.957629680633545,77833,0.0,0.0
2016-08-15 00:00:00-04:00,5.957630147354148,6.02023232465631,5.957630147354148,5.9784979820251465,100200,0.0,0.0
2016-08-16 00:00:00-04:00,5.988933484406025,6.051535685210674,5.92633194695704,6.02023458480835,246100,0.0,0.0
2016-08-17 00:00:00-04:00,6.041099686067665,6.041099686067665,5.915895341271849,5.957629680633545,191300,0.0,0.0
2016-08-18 00:00:00-04:00,5.947198561509342,5.978499658940097,5.9367646412472235,5.9680657386779785,63867,0.0,0.0
2016-08-19 00:00:00-04:00,5.9680640646896475,5.9784979820251465,5.936762976038567,5.9784979820251465,99100,0.0,0.0
2016-08-22 00:00:00-04:00,5.957447467895255,5.999549865722656,5.946922370334589,5.999549865722656,87267,0.15,0.0
2016-08-23 00:00:00-04:00,6.031124114990234,6.052174970993101,6.010072589792721,6.031124114990234,77200,0.0,0.0
2016-08-24 00:00:00-04:00,6.031126147771413,6.031126147771413,5.989023752380491,6.010074615478516,56667,0.0,0.0
2016-08-25 00:00:00-04:00,6.020601681820448,6.062704086303711,6.010075913400879,6.062704086303711,177567,0.0,0.0
2016-08-26 00:00:00-04:00,6.062701824242148,6.083752684031961,5.999548575677943,6.041650295257568,73933,0.0,0.0
2016-08-29 00:00:00-04:00,6.031127512079479,6.104805884186869,6.031127512079479,6.083755016326904,114267,0.0,0.0
2016-08-30 00:00:00-04:00,6.094276428222656,6.115327281033942,6.0521740534055395,6.094276428222656,108767,0.0,0.0
2016-08-31 00:00:00-04:00,6.104802115091569,6.104802115091569,6.052174643336262,6.073225498199463,108400,0.0,0.0
2016-09-01 00:00:00-04:00,6.094280722367404,6.094280722367404,6.052178317884141,6.062704086303711,96600,0.0,0.0
2016-09-02 00:00:00-04:00,6.073227837330019,6.210060119628906,6.073227837330019,6.210060119628906,336400,0.0,0.0
2016-09-06 00:00:00-04:00,6.178481652142831,6.199532508850098,6.13637926953363,6.199532508850098,131833,0.0,0.0
2016-09-07 00:00:00-04:00,6.167955934995685,6.178481698024819,6.146905078132094,6.157430171966553,126500,0.0,0.0
2016-09-08 00:00:00-04:00,6.167954480998603,6.167954480998603,6.1048012561005205,6.125852108001709,160467,0.0,0.0
2016-09-09 00:00:00-04:00,6.073227873967464,6.073227873967464,5.978498655428915,6.010074615478516,145567,0.0,0.0
2016-09-12 00:00:00-04:00,5.978499001406411,5.999549865722656,5.9048199725071875,5.999549865722656,88767,0.0,0.0
2016-09-13 00:00:00-04:00,5.957448976189465,5.957448976189465,5.852193958765089,5.8627190589904785,73567,0.0,0.0
2016-09-14 00:00:00-04:00,5.862716066227115,5.915344217269087,5.8416652073271695,5.852190971374512,78633,0.0,0.0
2016-09-15 00:00:00-04:00,5.85219104224284,5.8837676655725115,5.8311401830879745,5.873241901397705,90833,0.0,0.0
2016-09-16 00:00:00-04:00,5.852190971374512,5.852190971374512,5.820614348427224,5.852190971374512,53033,0.0,0.0
2016-09-19 00:00:00-04:00,5.862716066227115,5.8837675943217995,5.8416652073271695,5.852190971374512,75800,0.0,0.0
2016-09-20 00:00:00-04:00,5.89429229467106,5.904818058013916,5.883767200522898,5.904818058013916,75800,0.0,0.0
2016-09-21 00:00:00-04:00,5.915441737739424,5.95792276777279,5.883581809230732,5.947302341461182,129367,0.15,0.0
2016-09-22 00:00:00-04:00,6.000404246368073,6.0216444253660395,5.989783819262533,6.011023998260498,124567,0.0,0.0
2016-09-23 00:00:00-04:00,6.0110227368967495,6.021643161773682,5.979162137478928,6.021643161773682,79767,0.0,0.0
2016-09-26 00:00:00-04:00,6.000402587688882,6.000402587688882,5.968541990392536,5.979161739349365,101000,0.0,0.0
2016-09-27 00:00:00-04:00,5.96854049597348,5.979160242271308,5.936679906654473,5.957920074462891,58433,0.0,0.0
2016-09-28 00:00:00-04:00,5.9791629451829404,5.9791629451829404,5.8942015603292734,5.947302341461182,117967,0.0,0.0
2016-09-29 00:00:00-04:00,5.936679531081335,5.936679531081335,5.8517181900098265,5.883578777313232,111133,0.0,0.0
2016-09-30 00:00:00-04:00,5.8729601520536105,5.915440497970804,5.8729601520536105,5.894200325012207,104767,0.0,0.0
2016-10-03 00:00:00-04:00,5.894200325012207,5.915440497970804,5.894200325012207,5.894200325012207,134400,0.0,0.0
2016-10-04 00:00:00-04:00,5.883579865380939,5.904820035773643,5.841098849382686,5.862339019775391,121667,0.0,0.0
2016-10-05 00:00:00-04:00,5.8517199314593515,5.8517199314593515,5.7986184866757435,5.809238910675049,101433,0.0,0.0
2016-10-06 00:00:00-04:00,5.819858074188232,5.819858074188232,5.766757316118299,5.819858074188232,74300,0.0,0.0
2016-10-07 00:00:00-04:00,5.830476924837908,5.841097344905204,5.756136010004831,5.777376174926758,68133,0.0,0.0
2016-10-10 00:00:00-04:00,5.787996594994055,5.798616339848683,5.756136010004831,5.777376174926758,91733,0.0,0.0
2016-10-11 00:00:00-04:00,5.756133956171397,5.756133956171397,5.7136529662724245,5.734893798828125,90200,0.0,0.0
2016-10-12 00:00:00-04:00,5.713656120522671,5.734896964804477,5.703036373594568,5.724276542663574,94900,0.0,0.0
2016-10-13 00:00:00-04:00,5.692415886269287,5.703036308288574,5.639315126598433,5.703036308288574,136433,0.0,0.0
2016-10-14 00:00:00-04:00,5.734896176715012,5.734896176715012,5.649934499295222,5.671175003051758,79400,0.0,0.0
2016-10-17 00:00:00-04:00,5.6605548185255685,5.6605548185255685,5.628694230364735,5.639314651489258,80767,0.0,0.0
2016-10-18 00:00:00-04:00,5.692413879950697,5.724274459566353,5.671173718611111,5.713654041290283,98800,0.0,0.0
2016-10-19 00:00:00-04:00,5.745519075980016,5.788000106811523,5.724278898170801,5.788000106811523,93200,0.0,0.0
2016-10-20 00:00:00-04:00,5.723687412872936,5.777279853820801,5.723687412872936,5.777279853820801,71167,0.15,0.0
2016-10-21 00:00:00-04:00,5.766558647155762,5.766558647155762,5.734403059932884,5.766558647155762,75233,0.0,0.0
2016-10-24 00:00:00-04:00,5.787998614596318,5.809435454682491,5.74512425295911,5.777279853820801,107233,0.0,0.0
2016-10-25 00:00:00-04:00,5.7772803913643695,5.787999153137207,5.74512478751078,5.787999153137207,72867,0.0,0.0
2016-10-26 00:00:00-04:00,5.755843189238453,5.755843189238453,5.691531985554132,5.712968826293945,54600,0.0,0.0
2016-10-27 00:00:00-04:00,5.7236888886143875,5.7236888886143875,5.627222061157227,5.627222061157227,164133,0.0,0.0
2016-10-28 00:00:00-04:00,5.627222616216164,5.648659804676453,5.616504192352295,5.616504192352295,106433,0.0,0.0
2016-10-31 00:00:00-04:00,5.648657248558428,5.680812505599208,5.637938488812438,5.6593756675720215,150033,0.0,0.0
2016-11-01 00:00:00-04:00,5.6272216775167925,5.648658862401059,5.595066070556641,5.595066070556641,107433,0.0,0.0
2016-11-02 00:00:00-04:00,5.595064787998787,5.605783207617687,5.5629091884096695,5.573627948760986,214800,0.0,0.0
2016-11-03 00:00:00-04:00,5.562905991401324,5.573624745592561,5.509313583374023,5.509313583374023,52667,0.0,0.0
2016-11-04 00:00:00-04:00,5.530749797821045,5.552186963097363,5.509312973276911,5.530749797821045,48767,0.0,0.0
2016-11-07 00:00:00-05:00,5.584346368379887,5.605783207617687,5.552190768790769,5.573627948760986,76567,0.0,0.0
2016-11-08 00:00:00-05:00,5.5629095897235175,5.595065191632372,5.55219116933138,5.584346771240234,74667,0.0,0.0
2016-11-09 00:00:00-05:00,5.498598341698359,5.595064799939164,5.423568722741104,5.552190780639648,126967,0.0,0.0
2016-11-10 00:00:00-05:00,5.573625440100932,5.573625440100932,5.434284684842117,5.455721855163574,138200,0.0,0.0
2016-11-11 00:00:00-05:00,5.380695973617201,5.445006847381592,5.380695973617201,5.445006847381592,114500,0.0,0.0
2016-11-14 00:00:00-05:00,5.412851196113483,5.412851196113483,5.30566629380034,5.327103137969971,175433,0.0,0.0
2016-11-15 00:00:00-05:00,5.359258651733398,5.3806958362626265,5.187762538429524,5.359258651733398,252033,0.0,0.0
2016-11-16 00:00:00-05:00,5.359260639313436,5.359260639313436,5.273512550860249,5.348542213439941,133033,0.0,0.0
2016-11-17 00:00:00-05:00,5.327103045305799,5.412851101957736,5.327103045305799,5.359258651733398,186667,0.0,0.0
2016-11-18 00:00:00-05:00,5.380911071222115,5.402564788559309,5.337603980721887,5.359257698059082,123233,0.15,0.0
2016-11-21 00:00:00-05:00,5.402563571929932,5.413390256073335,5.370083175325638,5.402563571929932,299133,0.0,0.0
2016-11-22 00:00:00-05:00,5.424218862916315,5.467525959014893,5.4025654869541295,5.467525959014893,157800,0.0,0.0
2016-11-23 00:00:00-05:00,5.456699271033799,5.4783529911701905,5.435045895071614,5.467525959014893,148733,0.0,0.0
2016-11-25 00:00:00-05:00,5.489178455560092,5.64075343020468,5.489178455560092,5.608273029327393,181233,0.0,0.0
2016-11-28 00:00:00-05:00,5.586617274766586,5.5974443005563055,5.543310204129713,5.554137229919434,108233,0.0,0.0
2016-11-29 00:00:00-05:00,5.532483522513996,5.586617274766586,5.532483522513996,5.554137229919434,152800,0.0,0.0
2016-11-30 00:00:00-05:00,5.554140426636936,5.597447522199457,5.489179611206055,5.489179611206055,202000,0.0,0.0
2016-12-01 00:00:00-05:00,5.4783529911701905,5.510833399287675,5.435045895071614,5.467525959014893,153633,0.0,0.0
2016-12-02 00:00:00-05:00,5.43504450797158,5.500004963453518,5.43504450797158,5.478351593017578,124867,0.0,0.0
2016-12-05 00:00:00-05:00,5.510830159282561,5.586617274766586,5.50000313349284,5.554137229919434,125367,0.0,0.0
2016-12-06 00:00:00-05:00,5.5974437799599075,5.5974437799599075,5.543309688568115,5.543309688568115,168300,0.0,0.0
2016-12-07 00:00:00-05:00,5.56496823716818,5.651582445766888,5.554141547136909,5.629929065704346,158333,0.0,0.0
2016-12-08 00:00:00-05:00,5.640752599764804,5.694886363807878,5.629925915791005,5.662405967712402,211000,0.0,0.0
2016-12-09 00:00:00-05:00,5.662407234728772,5.7057146686625675,5.651580548332401,5.694887638092041,105133,0.0,0.0
2016-12-12 00:00:00-05:00,5.759848226084345,5.759848226084345,5.651580333709717,5.651580333709717,92000,0.0,0.0
2016-12-13 00:00:00-05:00,5.705713810450626,5.727367179986427,5.662406383030819,5.684060096740723,167267,0.0,0.0
2016-12-14 00:00:00-05:00,5.673235587477192,5.69488896531637,5.619101454530776,5.6407551765441895,292733,0.0,0.0
2016-12-15 00:00:00-05:00,5.608272809694066,5.651579894443064,5.554139039801347,5.564965724945068,226967,0.0,0.0
2016-12-16 00:00:00-05:00,5.554139827595909,5.619100291846287,5.554139827595909,5.597446918487549,138500,0.0,0.0
2016-12-19 00:00:00-05:00,5.6082732455946935,5.651580333709717,5.6082732455946935,5.651580333709717,151867,0.0,0.0
2016-12-20 00:00:00-05:00,5.651579149102879,5.68437366736695,5.607853240584996,5.6406474113464355,169367,0.15,0.0
2016-12-21 00:00:00-05:00,5.640648742840309,5.673443268845635,5.618785957171899,5.6297173500061035,137700,0.0,0.0
2016-12-22 00:00:00-05:00,5.618784630838809,5.651579149102879,5.618784630838809,5.6406474113464355,137300,0.0,0.0
2016-12-23 00:00:00-05:00,5.640648742840309,5.684375009182554,5.585991431166572,5.6297173500061035,290733,0.0,0.0
2016-12-27 00:00:00-05:00,5.651579149102879,5.662510539356693,5.629716021092622,5.6406474113464355,160200,0.0,0.0
2016-12-28 00:00:00-05:00,5.640648111071734,5.640648111071734,5.553196283187522,5.575059413909912,270867,0.0,0.0
2016-12-29 00:00:00-05:00,5.5750593134710265,5.607853835212456,5.553196183142518,5.5641279220581055,347600,0.0,0.0
2016-12-30 00:00:00-05:00,5.61878336991738,5.629714757718061,5.564126083411424,5.607851982116699,285933,0.0,0.0
2017-01-03 00:00:00-05:00,5.629716441489355,5.662510962202342,5.596921920776367,5.596921920776367,712800,0.0,0.0
2017-01-04 00:00:00-05:00,5.6297173500061035,5.684375009182554,5.6297173500061035,5.6297173500061035,786000,0.0,0.0
2017-01-05 00:00:00-05:00,5.60785309767127,5.684373522503133,5.60785309767127,5.662510395050049,923000,0.0,0.0
2017-01-06 00:00:00-05:00,5.684374112539563,5.760894545314225,5.662510982817091,5.74996280670166,347033,0.0,0.0
2017-01-09 00:00:00-05:00,5.7390313148498535,5.771825835106562,5.728099923931834,5.7390313148498535,124667,0.0,0.0
2017-01-10 00:00:00-05:00,5.771830057696486,5.771830057696486,5.728104114532471,5.728104114532471,155267,0.0,0.0
2017-01-11 00:00:00-05:00,5.728100024481847,5.771825936424132,5.728100024481847,5.74996280670166,161867,0.0,0.0
2017-01-12 00:00:00-05:00,5.74996280670166,5.760894545314225,5.728100024481847,5.74996280670166,131300,0.0,0.0
2017-01-13 00:00:00-05:00,5.749962705767873,5.771825835106562,5.7390313148498535,5.7390313148498535,145400,0.0,0.0
2017-01-17 00:00:00-05:00,5.739033544905061,5.782759473070669,5.739033544905061,5.760896682739258,120033,0.0,0.0
2017-01-18 00:00:00-05:00,5.771826267242432,5.782757658978882,5.749963136266852,5.771826267242432,163833,0.0,0.0
2017-01-19 00:00:00-05:00,5.7936886169426005,5.7936886169426005,5.706236794593144,5.7390313148498535,218167,0.0,0.0
2017-01-20 00:00:00-05:00,5.761106491088867,5.8162897144998,5.739033482399813,5.761106491088867,298333,0.15,0.0
2017-01-23 00:00:00-05:00,5.838360975487359,5.849397476528132,5.772141267554634,5.805251121520996,749333,0.0,0.0
2017-01-24 00:00:00-05:00,5.849399198075568,5.871472557497609,5.816289685208727,5.838362693786621,479833,0.0,0.0
2017-01-25 00:00:00-05:00,5.882506684161736,5.9266533851623535,5.849396833833276,5.9266533851623535,452100,0.0,0.0
2017-01-26 00:00:00-05:00,5.9266530816229,6.037018775939941,5.915616231516007,6.037018775939941,448633,0.0,0.0
2017-01-27 00:00:00-05:00,6.04805703895816,6.04805703895816,6.014947182590525,6.0259833335876465,134200,0.0,0.0
2017-01-30 00:00:00-05:00,5.981835389048128,6.014945234693376,5.959762392513932,5.99287223815918,244733,0.0,0.0
2017-01-31 00:00:00-05:00,5.99287583512709,6.025984998956792,5.970802123656182,6.014948844909668,215567,0.0,0.0
2017-02-01 00:00:00-05:00,6.048055171966553,6.092201165703756,6.014945325819691,6.048055171966553,245233,0.0,0.0
2017-02-02 00:00:00-05:00,6.059092564303798,6.092202417252567,6.03701956290064,6.0811662673950195,149867,0.0,0.0
2017-02-03 00:00:00-05:00,6.1253129026905535,6.1253129026905535,6.0259833335876465,6.0259833335876465,229767,0.0,0.0
2017-02-06 00:00:00-05:00,6.05909244108987,6.05909244108987,5.992873438226984,6.003909587860107,153567,0.0,0.0
2017-02-07 00:00:00-05:00,6.037018322688293,6.048055171966553,6.014945325819691,6.048055171966553,167567,0.0,0.0
2017-02-08 00:00:00-05:00,6.070131363628293,6.125314235687256,6.0480583551423654,6.125314235687256,187733,0.0,0.0
2017-02-09 00:00:00-05:00,6.125312038279609,6.147385038847021,6.0811660371447855,6.092202186584473,164533,0.0,0.0
2017-02-10 00:00:00-05:00,6.081164995255217,6.213603677656928,6.081164995255217,6.1804938316345215,205000,0.0,0.0
2017-02-13 00:00:00-05:00,6.2136030197143555,6.246712862230845,6.1804931771978655,6.2136030197143555,186900,0.0,0.0
2017-02-14 00:00:00-05:00,6.224643230438232,6.224643230438232,6.169460363662661,6.224643230438232,164367,0.0,0.0
2017-02-15 00:00:00-05:00,6.2025702240656475,6.235680084468635,6.191533370035245,6.224643230438232,146900,0.0,0.0
2017-02-16 00:00:00-05:00,6.258049964203971,6.302590847015381,6.224643948113129,6.302590847015381,173500,0.15,0.0
2017-02-17 00:00:00-05:00,6.280320883375901,6.335997345107953,6.258050440276005,6.313726902008057,161667,0.0,0.0
2017-02-21 00:00:00-05:00,6.335996608879821,6.347132183118152,6.15783166885376,6.15783166885376,403433,0.0,0.0
2017-02-22 00:00:00-05:00,6.191235278196021,6.191235278196021,6.135558844564757,6.146693706512451,206067,0.0,0.0
2017-02-23 00:00:00-05:00,6.180101160198309,6.246913179437929,6.1578307231065805,6.202371597290039,227567,0.0,0.0
2017-02-24 00:00:00-05:00,6.202369946840323,6.2469115171357075,6.180099515674752,6.235775947570801,174967,0.0,0.0
2017-02-27 00:00:00-05:00,6.246914389518834,6.313726421700517,6.235778814833698,6.302590847015381,163800,0.0,0.0
2017-02-28 00:00:00-05:00,6.313726421700517,6.324861996385653,6.280320405609675,6.302590847015381,219100,0.0,0.0
2017-03-01 00:00:00-05:00,6.313727139747414,6.358268027624365,6.313727139747414,6.347133159637451,194933,0.0,0.0
2017-03-02 00:00:00-05:00,6.32485908816157,6.358264380927805,6.224641085970136,6.235775947570801,286600,0.0,0.0
2017-03-03 00:00:00-05:00,6.269185547455604,6.291456699371338,6.246915103504517,6.291456699371338,126367,0.0,0.0
2017-03-06 00:00:00-05:00,6.291454536794227,6.291454536794227,6.235777384107584,6.246912956237793,103867,0.0,0.0
2017-03-07 00:00:00-05:00,6.224642742346199,6.235777606909848,6.202371597290039,6.202371597290039,86867,0.0,0.0
2017-03-08 00:00:00-05:00,6.191236480145702,6.202371344255088,6.135560035705566,6.135560035705566,111400,0.0,0.0
2017-03-09 00:00:00-05:00,6.124426362513484,6.135561938039863,5.9573962694409035,5.99080228805542,245167,0.0,0.0
2017-03-10 00:00:00-05:00,6.024205462610737,6.0687470357233195,6.013070600305806,6.057611465454102,134067,0.0,0.0
2017-03-13 00:00:00-04:00,6.079882883301029,6.135560035705566,6.068748019191642,6.135560035705566,115667,0.0,0.0
2017-03-14 00:00:00-04:00,6.124424441523083,6.124424441523083,6.013071553044787,6.0687479972839355,176900,0.0,0.0
2017-03-15 00:00:00-04:00,6.05761339144164,6.2023723111454,6.046478525596435,6.1801018714904785,166867,0.0,0.0
2017-03-16 00:00:00-04:00,6.213508124116337,6.213508124116337,6.068749198840729,6.15783166885376,193700,0.0,0.0
2017-03-17 00:00:00-04:00,6.20237137568136,6.246912956237793,6.168966075219541,6.246912956237793,99967,0.0,0.0
2017-03-20 00:00:00-04:00,6.258048528368003,6.291454536794227,6.22464251994178,6.246912956237793,103700,0.0,0.0
2017-03-21 00:00:00-04:00,6.246913898419756,6.280319911884394,6.1801018714904785,6.1801018714904785,169700,0.0,0.0
2017-03-22 00:00:00-04:00,6.180101054739518,6.180101054739518,6.123918460758339,6.1688642501831055,189633,0.15,0.0
2017-03-23 00:00:00-04:00,6.168862180935074,6.236281556857895,6.123916406586662,6.202571868896484,144300,0.0,0.0
2017-03-24 00:00:00-04:00,6.20257481156521,6.29246711730957,6.20257481156521,6.29246711730957,127433,0.0,0.0
2017-03-27 00:00:00-04:00,6.258757749294825,6.303704261779785,6.22504875793183,6.303704261779785,118333,0.0,0.0
2017-03-28 00:00:00-04:00,6.29246711730957,6.303703923427818,6.269994219473616,6.29246711730957,121100,0.0,0.0
2017-03-29 00:00:00-04:00,6.314941184899632,6.3823605976694715,6.303704377971127,6.371123790740967,184100,0.0,0.0
2017-03-30 00:00:00-04:00,6.371124700179954,6.427307314041013,6.359887891647464,6.393597602844238,207233,0.0,0.0
2017-03-31 00:00:00-04:00,6.404833751719373,6.427306652069091,6.382360851369655,6.427306652069092,108267,0.0,0.0
2017-04-03 00:00:00-04:00,6.438542379060067,6.517197874286038,6.326176467365177,6.359886169433594,618467,0.0,0.0
2017-04-04 00:00:00-04:00,6.348651005853677,6.461016219564115,6.348651005853677,6.438543319702148,237667,0.0,0.0
2017-04-05 00:00:00-04:00,6.483487771798642,6.5284342765808105,6.472251681403443,6.5284342765808105,161800,0.0,0.0
2017-04-06 00:00:00-04:00,6.528435665549125,6.55090856552124,6.4722530584185325,6.55090856552124,120667,0.0,0.0
2017-04-07 00:00:00-04:00,6.550909290339665,6.6295655205458175,6.550909290339665,6.607091903686523,145500,0.0,0.0
2017-04-10 00:00:00-04:00,6.6183287121161705,6.6295655205458175,6.562146098769312,6.607091903686523,140300,0.0,0.0
2017-04-11 00:00:00-04:00,6.6070901973857445,6.640799899568367,6.6070901973857445,6.629563808441162,130567,0.0,0.0
2017-04-12 00:00:00-04:00,6.6295655205458175,6.6295655205458175,6.595855809657564,6.607091903686523,109567,0.0,0.0
2017-04-13 00:00:00-04:00,6.6183287121161705,6.6295655205458175,6.584619001227917,6.607091903686523,94367,0.0,0.0
2017-04-17 00:00:00-04:00,6.629561735512254,6.663271427154541,6.595852043869966,6.663271427154541,155067,0.0,0.0
2017-04-18 00:00:00-04:00,6.663273296997702,6.696982283699102,6.6407996866627945,6.685746192932129,170633,0.0,0.0
2017-04-19 00:00:00-04:00,6.731072362667607,6.742404393879665,6.583759559184098,6.6064229011535645,225100,0.15,0.0
2017-04-20 00:00:00-04:00,6.651750305547148,6.651750305547148,6.583759559184098,6.6064229011535645,166633,0.0,0.0
2017-04-21 00:00:00-04:00,6.617757569120585,6.708411693572998,6.595093497666278,6.708411693572998,136700,0.0,0.0
2017-04-24 00:00:00-04:00,6.753734594338645,6.799061991280509,6.731071256094979,6.765066623687744,196200,0.0,0.0
2017-04-25 00:00:00-04:00,6.787731650388196,6.83305905860531,6.776400338674952,6.799063682556152,132433,0.0,0.0
2017-04-26 00:00:00-04:00,6.799063933608664,6.833059310913086,6.787731901022276,6.833059310913086,99167,0.0,0.0
2017-04-27 00:00:00-04:00,6.8670547133609,6.901050090789795,6.844391368559884,6.901050090789795,110367,0.0,0.0
2017-04-28 00:00:00-04:00,6.935043065894506,6.935043065894506,6.8783836428368845,6.889715671539307,130133,0.0,0.0
2017-05-01 00:00:00-04:00,6.923713435590811,6.923713435590811,6.8670547133609,6.901050090789795,143567,0.0,0.0
2017-05-02 00:00:00-04:00,6.901050358782751,6.980372428894044,6.878386292646865,6.980372428894043,102567,0.0,0.0
2017-05-03 00:00:00-04:00,6.969037458857731,6.969037458857731,6.867051376133906,6.878382682800293,116067,0.0,0.0
2017-05-04 00:00:00-04:00,6.867053394528481,6.867053394528481,6.663081169128418,6.663081169128418,350933,0.0,0.0
2017-05-05 00:00:00-04:00,6.685745741477937,6.799063172843464,6.685745741477937,6.731072425842285,255767,0.0,0.0
2017-05-08 00:00:00-04:00,6.765067608093061,6.844390384170187,6.7537355770950045,6.821726322174072,99000,0.0,0.0
2017-05-09 00:00:00-04:00,6.8443944453041485,6.878389117559846,6.799067014871444,6.867057800292969,89633,0.0,0.0
2017-05-10 00:00:00-04:00,6.855719349013128,6.901046737041848,6.8330560152259645,6.878382682800293,117233,0.0,0.0
2017-05-11 00:00:00-04:00,6.867054688217508,6.867054688217508,6.810395966195051,6.833059310913086,122533,0.0,0.0
2017-05-12 00:00:00-04:00,6.821726322174072,6.855721694713606,6.776399639091118,6.821726322174072,147800,0.0,0.0
2017-05-15 00:00:00-04:00,6.855720305886531,6.90104770024173,6.833056968936177,6.889715671539307,115033,0.0,0.0
2017-05-16 00:00:00-04:00,6.901051289020292,6.93504667235181,6.867055905688773,6.923714637756348,87967,0.0,0.0
2017-05-17 00:00:00-04:00,6.901050814987509,6.969041576980264,6.833060052994755,6.935046195983887,272633,0.0,0.0
2017-05-18 00:00:00-04:00,6.88971470992107,6.901046737041848,6.821723988105187,6.878382682800293,169300,0.0,0.0
2017-05-19 00:00:00-04:00,6.958367708504712,6.969793134444711,6.889812247110407,6.935515403747559,88067,0.15,0.0
2017-05-22 00:00:00-04:00,6.9812181471595185,7.015495872260931,6.924088847469983,6.9469404220581055,155300,0.0,0.0
2017-05-23 00:00:00-04:00,6.958367602876205,7.015496911024706,6.946941450671078,7.00407075881958,111933,0.0,0.0
2017-05-24 00:00:00-04:00,7.015493218737706,7.038344784682508,7.004067072546214,7.026919364929199,93667,0.0,0.0
2017-05-25 00:00:00-04:00,7.049771984431725,7.141178988309491,7.038345836532645,7.084049701690674,165667,0.0,0.0
2017-05-26 00:00:00-04:00,7.084053038295994,7.084053038295994,7.0154975714883125,7.038349151611328,87467,0.0,0.0
2017-05-30 00:00:00-04:00,7.049770930874,7.049770930874,6.992641652792906,7.026919364929199,101567,0.0,0.0
2017-05-31 00:00:00-04:00,7.061197077065493,7.061197077065493,7.015493218737706,7.026919364929199,101133,0.0,0.0
2017-06-01 00:00:00-04:00,7.049774466821402,7.0840521961503375,6.969792856241037,7.0612006187438965,164900,0.0,0.0
2017-06-02 00:00:00-04:00,7.0954791905818295,7.141183081939272,7.0840537625715,7.129756927490234,262767,0.0,0.0
2017-06-05 00:00:00-04:00,7.141181502885714,7.152607654808208,7.038348314898908,7.0612006187438965,149867,0.0,0.0
2017-06-06 00:00:00-04:00,7.0612006187438965,7.095477621634283,7.038348314898908,7.0612006187438965,67833,0.0,0.0
2017-06-07 00:00:00-04:00,7.0840521961503375,7.118329925479273,7.049774466821402,7.0612006187438965,97733,0.0,0.0
2017-06-08 00:00:00-04:00,7.095475299634056,7.106901447817334,7.049772159777565,7.0726237297058105,128133,0.0,0.0
2017-06-09 00:00:00-04:00,7.072624593852864,7.141180038452148,7.072624593852864,7.141180038452148,107733,0.0,0.0
2017-06-12 00:00:00-04:00,7.0840537625715,7.129756927490234,7.0840537625715,7.129756927490234,84167,0.0,0.0
2017-06-13 00:00:00-04:00,7.118327316557966,7.152605033323857,7.106901168823243,7.106901168823242,160000,0.0,0.0
2017-06-14 00:00:00-04:00,7.129754949835036,7.152607252394327,7.1183295249938965,7.1183295249938965,128400,0.0,0.0
2017-06-15 00:00:00-04:00,7.118328465731853,7.164031611172444,7.095476166573159,7.141180038452148,126167,0.0,0.0
2017-06-16 00:00:00-04:00,7.15260923638831,7.15260923638831,7.0840537625715,7.129756927490234,154433,0.0,0.0
2017-06-19 00:00:00-04:00,7.152606558688848,7.2211612804023275,7.129754258345917,7.164031982421875,149300,0.0,0.0
2017-06-20 00:00:00-04:00,7.186884367467532,7.221161365509033,7.152606642987585,7.221161365509033,135433,0.0,0.0
2017-06-21 00:00:00-04:00,7.2211622850766215,7.232679554246309,7.1520601345214825,7.209645748138428,163967,0.15,0.0
2017-06-22 00:00:00-04:00,7.2096451919268425,7.290263873200584,7.186610655364541,7.278746604919434,121900,0.0,0.0
2017-06-23 00:00:00-04:00,7.27874860352936,7.38240184982667,7.255714792873838,7.336334228515625,135900,0.0,0.0
2017-06-26 00:00:00-04:00,7.359368141073624,7.382401952048087,7.255714893341065,7.2557148933410645,138133,0.0,0.0
2017-06-27 00:00:00-04:00,7.2902671865340585,7.324818274849102,7.255716098219015,7.267233371734619,109967,0.0,0.0
2017-06-28 00:00:00-04:00,7.290265874972941,7.359368039171148,7.290265874972941,7.336334228515625,114800,0.0,0.0
2017-06-29 00:00:00-04:00,7.313294941060967,7.313294941060967,7.198125230269126,7.2441935539245605,122467,0.0,0.0
2017-06-30 00:00:00-04:00,7.267228680995725,7.301779747009278,7.244194881063788,7.301779747009277,90700,0.0,0.0
2017-07-03 00:00:00-04:00,7.3132994951001296,7.3708851185861555,7.3132994951001296,7.359367847442627,76900,0.0,0.0
2017-07-05 00:00:00-04:00,7.382401952048087,7.382401952048087,7.244198353969658,7.2557148933410645,183567,0.0,0.0
2017-07-06 00:00:00-04:00,7.232678968246664,7.24419623648321,7.1405430190486,7.152059555053711,152333,0.0,0.0
2017-07-07 00:00:00-04:00,7.186611209799052,7.232679554246309,7.175094672860858,7.209645748138428,102067,0.0,0.0
2017-07-10 00:00:00-04:00,7.221160348900555,7.301779747009278,7.221160348900555,7.301779747009277,124100,0.0,0.0
2017-07-11 00:00:00-04:00,7.301783146416522,7.347850767727567,7.290265874972941,7.336334228515625,109300,0.0,0.0
2017-07-12 00:00:00-04:00,7.347849369049071,7.37088390755156,7.290264487255849,7.347849369049072,124100,0.0,0.0
2017-07-13 00:00:00-04:00,7.347850767727567,7.359368039171148,7.301783146416522,7.336334228515625,88267,0.0,0.0
2017-07-14 00:00:00-04:00,7.35936718156115,7.405435529735345,7.35936718156115,7.382400989532471,81533,0.0,0.0
2017-07-17 00:00:00-04:00,7.416952198144092,7.486054355505812,7.405435660071515,7.451503276824951,183533,0.0,0.0
2017-07-18 00:00:00-04:00,7.463017501356503,7.520602364912809,7.463017501356503,7.474534034729004,159033,0.0,0.0
2017-07-19 00:00:00-04:00,7.4860549594861245,7.601224742893261,7.4860549594861245,7.52060604095459,170100,0.0,0.0
2017-07-20 00:00:00-04:00,7.543817062679233,7.601846277123544,7.543817062679233,7.578634738922119,134633,0.15,0.0
2017-07-21 00:00:00-04:00,7.567027592830206,7.659874471148696,7.555422194216268,7.6018452644348145,126733,0.0,0.0
2017-07-24 00:00:00-04:00,7.625058728952758,7.625058728952758,7.450971064760797,7.474182605743408,229933,0.0,0.0
2017-07-25 00:00:00-04:00,7.49739414672602,7.49739414672602,7.40454724491399,7.474182605743408,251133,0.0,0.0
2017-07-26 00:00:00-04:00,7.508996633586284,7.625055019927098,7.497390499799712,7.590238094329834,244000,0.0,0.0
2017-07-27 00:00:00-04:00,7.590238885134383,7.613450417244642,7.532208948036784,7.567026615142822,140833,0.0,0.0
2017-07-28 00:00:00-04:00,7.578633808895312,7.625056879601264,7.543816136925145,7.6134514808654785,80300,0.0,0.0
2017-07-31 00:00:00-04:00,7.613453280307069,7.636664821146098,7.532211780548096,7.532211780548096,181900,0.0,0.0
2017-08-01 00:00:00-04:00,7.5670295380549275,7.636664899165016,7.462577234271381,7.54381799697876,187967,0.0,0.0
2017-08-02 00:00:00-04:00,7.555424059268705,7.5902417394680395,7.5206063790693705,7.532211780548096,115667,0.0,0.0
2017-08-03 00:00:00-04:00,7.555423200720694,7.590240876963579,7.543817062679233,7.578634738922119,77667,0.0,0.0
2017-08-04 00:00:00-04:00,7.601845344248288,7.636663016218455,7.590239945512502,7.6134514808654785,107300,0.0,0.0
2017-08-07 00:00:00-04:00,7.625056799544088,7.636662936039423,7.6018452644348145,7.6018452644348145,79467,0.0,0.0
2017-08-08 00:00:00-04:00,7.6134524357754385,7.62505783596682,7.485787868499756,7.485787868499756,159700,0.0,0.0
2017-08-09 00:00:00-04:00,7.509001330419925,7.532212874630519,7.462578241998735,7.5206074714660645,222333,0.0,0.0
2017-08-10 00:00:00-04:00,7.520603919150985,7.520603919150985,7.195639502171037,7.242062568664551,390667,0.0,0.0
2017-08-11 00:00:00-04:00,7.126006480398015,7.4161533228606675,6.673377376641014,7.334911823272705,493833,0.0,0.0
2017-08-14 00:00:00-04:00,7.358121791208676,7.41615099390147,7.346515655517579,7.346515655517578,119400,0.0,0.0
2017-08-15 00:00:00-04:00,7.346514783959729,7.369726314706864,7.311697118898397,7.358120918273926,101200,0.0,0.0
2017-08-16 00:00:00-04:00,7.381330055123478,7.439359232112045,7.358118531904256,7.416147708892822,126167,0.0,0.0
2017-08-17 00:00:00-04:00,7.416150541365456,7.439362073449928,7.369726739315209,7.381332874298096,213600,0.0,0.0
2017-08-18 00:00:00-04:00,7.369725737476536,7.439361062145046,7.358120341952585,7.404543399810791,230567,0.0,0.0
2017-08-21 00:00:00-04:00,7.427756733271093,7.462574400605278,7.392939065936908,7.450968265533447,112833,0.0,0.0
2017-08-22 00:00:00-04:00,7.49775902298504,7.52115350289629,7.46266804679163,7.486062526702881,190767,0.15,0.0
2017-08-23 00:00:00-04:00,7.509454627012816,7.556242089295777,7.497757389605423,7.532848358154297,330333,0.0,0.0
2017-08-24 00:00:00-04:00,7.544545595561689,7.56793932670317,7.521151864420208,7.532848358154297,146633,0.0,0.0
2017-08-25 00:00:00-04:00,7.567937468531114,7.57963470306646,7.532846508598199,7.544543743133545,134200,0.0,0.0
2017-08-28 00:00:00-04:00,7.544545595561689,7.614727532659437,7.532848358154296,7.532848358154297,191700,0.0,0.0
2017-08-29 00:00:00-04:00,7.532848358154296,7.556242089295777,7.532848358154296,7.532848358154297,71400,0.0,0.0
2017-08-30 00:00:00-04:00,7.544546554456962,7.603031261580594,7.532849315562875,7.57963752746582,83000,0.0,0.0
2017-08-31 00:00:00-04:00,7.603030061173961,7.684908489484967,7.579636330752714,7.661514759063721,175833,0.0,0.0
2017-09-01 00:00:00-04:00,7.684904636493175,7.708299098858388,7.661510917800871,7.696601867675781,112400,0.0,0.0
2017-09-05 00:00:00-04:00,7.696604808647316,7.708302044299587,7.626422882080078,7.626422882080078,129933,0.0,0.0
2017-09-06 00:00:00-04:00,7.673211996110984,7.708302963579496,7.6498182656897376,7.661514759063721,77600,0.0,0.0
2017-09-07 00:00:00-04:00,7.673211616979794,7.696605346245163,7.638120651245117,7.638120651245117,121500,0.0,0.0
2017-09-08 00:00:00-04:00,7.6498182656897376,7.684908489484967,7.626423791595209,7.661514759063721,101767,0.0,0.0
2017-09-11 00:00:00-04:00,7.708302044299587,7.7316957719309345,7.626422882080078,7.626422882080078,222533,0.0,0.0
2017-09-12 00:00:00-04:00,7.673214118516048,7.696607855407985,7.614729404449463,7.614729404449463,104633,0.0,0.0
2017-09-13 00:00:00-04:00,7.638120651245117,7.661514380510487,7.626423414775809,7.638120651245117,61700,0.0,0.0
2017-09-14 00:00:00-04:00,7.638121028642473,7.696605726532232,7.626423791595209,7.661514759063721,90933,0.0,0.0
2017-09-15 00:00:00-04:00,7.684908489484967,7.684908489484967,7.66151475906372,7.661514759063721,82333,0.0,0.0
2017-09-18 00:00:00-04:00,7.684909977541894,7.684909977541894,7.661516242590833,7.673213481903076,126400,0.0,0.0
2017-09-19 00:00:00-04:00,7.684913189053072,7.7550951669086,7.684913189053072,7.743398666381836,139633,0.0,0.0
2017-09-20 00:00:00-04:00,7.743395752830271,7.778486728554607,7.6966075373066705,7.731698513031006,164267,0.0,0.0
2017-09-21 00:00:00-04:00,7.743481353501877,7.767054135685794,7.672765254974365,7.672765254974365,98533,0.15,0.0
2017-09-22 00:00:00-04:00,7.6845526695251465,7.71991110161668,7.660980631244653,7.6845526695251465,88833,0.0,0.0
2017-09-25 00:00:00-04:00,7.684550901730173,7.719909325687666,7.672765259971951,7.708123683929443,97000,0.0,0.0
2017-09-26 00:00:00-04:00,7.70812848636497,7.719914135466066,7.613838797504915,7.637411594390869,133500,0.0,0.0
2017-09-27 00:00:00-04:00,7.672765114975238,7.68455075651074,7.637406691685935,7.6491923332214355,117200,0.0,0.0
2017-09-28 00:00:00-04:00,7.63740859296416,7.71991110161668,7.602050160872627,7.6845526695251465,119233,0.0,0.0
2017-09-29 00:00:00-04:00,7.719909138632163,7.814198017120361,7.719909138632163,7.814198017120361,128567,0.0,0.0
2017-10-02 00:00:00-04:00,7.81419665872022,7.849555075674351,7.81419665872022,7.825983047485352,127667,0.0,0.0
2017-10-03 00:00:00-04:00,7.849563097661462,7.920280003840003,7.825991045382626,7.884921550750732,131567,0.0,0.0
2017-10-04 00:00:00-04:00,7.8967022224826495,8.00277750479256,7.8849158302232745,7.920274257659912,162067,0.0,0.0
2017-10-05 00:00:00-04:00,7.955636933187934,7.979208980952022,7.896706439106771,7.908492088317871,82633,0.0,0.0
2017-10-06 00:00:00-04:00,7.920280003840003,7.920280003840003,7.849563097661462,7.884921550750732,84100,0.0,0.0
2017-10-09 00:00:00-04:00,7.861343390465357,8.00277709293308,7.861343390465357,7.932060241699219,96367,0.0,0.0
2017-10-10 00:00:00-04:00,7.967418667316149,7.967418667316149,7.9084874583936315,7.932060241699219,128767,0.0,0.0
2017-10-11 00:00:00-04:00,7.932060241699219,7.990990701280287,7.920273850046425,7.932060241699219,106500,0.0,0.0
2017-10-12 00:00:00-04:00,7.9556340414988584,8.038136553356352,7.943847647229953,8.014564514160156,95933,0.0,0.0
2017-10-13 00:00:00-04:00,8.038138453408896,8.061711247518836,8.00278076092757,8.049924850463867,85133,0.0,0.0
2017-10-16 00:00:00-04:00,8.085275574952904,8.097061960757859,8.061703552684072,8.07348918914795,103133,0.0,0.0
2017-10-17 00:00:00-04:00,8.08527953044384,8.108851564244613,8.026349071271184,8.061707496643066,99033,0.0,0.0
2017-10-18 00:00:00-04:00,8.073496895232015,8.085283292286986,8.014566408640748,8.049924850463867,117533,0.0,0.0
2017-10-19 00:00:00-04:00,8.049924850463867,8.061711247518836,8.014566408640748,8.049924850463867,84100,0.0,0.0
2017-10-20 00:00:00-04:00,8.097067766326068,8.097067766326068,8.0381365443889,8.085281372070312,159467,0.0,0.0
2017-10-23 00:00:00-04:00,8.097152092359185,8.097152092359185,7.96655288941285,7.990298748016357,139967,0.15,0.0
2017-10-24 00:00:00-04:00,7.990301462067171,8.025919507227508,7.895320259920771,7.966555595397949,182900,0.0,0.0
2017-10-25 00:00:00-04:00,7.942810765460965,7.9784288118853794,7.681612261577609,7.812211513519287,255933,0.0,0.0
2017-10-26 00:00:00-04:00,7.847830711858944,7.895321699010128,7.705358505249023,7.705358505249023,157133,0.0,0.0
2017-10-27 00:00:00-04:00,7.740971850373401,7.800334982086741,7.266066041823509,7.657863616943359,351600,0.0,0.0
2017-10-30 00:00:00-04:00,7.645994699453018,7.764721780002452,7.5985044711081,7.717230796813965,96300,0.0,0.0
2017-10-31 00:00:00-04:00,7.776591122528938,7.8122091582148645,7.586628768766197,7.693482875823975,221133,0.0,0.0
2017-11-01 00:00:00-04:00,7.717227569235926,7.8003358115029355,7.70535463969353,7.764718532562256,92267,0.0,0.0
2017-11-02 00:00:00-04:00,7.7409772872924805,7.7765953423056615,7.717232168898262,7.7409772872924805,75400,0.0,0.0
2017-11-03 00:00:00-04:00,7.740969082002782,7.776587099261497,7.527261733293395,7.669733047485352,270633,0.0,0.0
2017-11-06 00:00:00-05:00,7.657864840138048,7.740973086843012,7.657864840138048,7.693482875823975,77633,0.0,0.0
2017-11-07 00:00:00-05:00,7.7291011810302725,7.7647192179582305,7.717228250439847,7.729101181030273,55033,0.0,0.0
2017-11-08 00:00:00-05:00,7.740974908800871,7.740974908800871,7.634121531436796,7.645993709564209,112367,0.0,0.0
2017-11-09 00:00:00-05:00,7.5984994950818745,7.634117520437186,7.491645419015939,7.5628814697265625,279500,0.0,0.0
2017-11-10 00:00:00-05:00,7.562881907856795,7.562881907856795,7.4322827256025175,7.46790075302124,218533,0.0,0.0
2017-11-13 00:00:00-05:00,7.467902444343148,7.467902444343148,7.372920513153076,7.372920513153076,197267,0.0,0.0
2017-11-14 00:00:00-05:00,7.372920874273074,7.408538911503073,7.337303591886403,7.361048698425293,223633,0.0,0.0
2017-11-15 00:00:00-05:00,7.325432724145959,7.384795884632395,7.325432724145959,7.349177837371826,149633,0.0,0.0
2017-11-16 00:00:00-05:00,7.396664698183796,7.479772925598735,7.372918843342568,7.46790075302124,124933,0.0,0.0
2017-11-17 00:00:00-05:00,7.515389919281006,7.5391350160129935,7.479771896761516,7.515389919281006,157833,0.0,0.0
2017-11-20 00:00:00-05:00,7.5391362099684285,7.586627165796452,7.527264037143774,7.574754238128662,98267,0.0,0.0
2017-11-21 00:00:00-05:00,7.598688125610352,7.6226215503351025,7.586722174053644,7.598688125610352,77067,0.15,0.0
2017-11-22 00:00:00-05:00,7.598688594668708,7.646554686267261,7.586722642373356,7.610655307769775,66633,0.0,0.0
2017-11-24 00:00:00-05:00,7.622620651166212,7.68245268430893,7.622620651166212,7.670485973358154,59533,0.0,0.0
2017-11-27 00:00:00-05:00,7.646554214254185,7.706386254454726,7.598688125610352,7.598688125610352,76900,0.0,0.0
2017-11-28 00:00:00-05:00,7.622622013092041,7.646554678464036,7.598688586914331,7.622622013092041,68833,0.0,0.0
2017-11-29 00:00:00-05:00,7.6824581592272,7.6824581592272,7.61065936396616,7.64655876159668,115000,0.0,0.0
2017-11-30 00:00:00-05:00,7.65852217520359,7.730320178666236,7.65852217520359,7.718354225158691,139933,0.0,0.0
2017-12-01 00:00:00-05:00,7.718354744117674,7.778186798095703,7.682455359569688,7.778186798095703,118967,0.0,0.0
2017-12-04 00:00:00-05:00,7.778181753896704,7.802114407806274,7.718349738720108,7.730315685272217,114667,0.0,0.0
2017-12-05 00:00:00-05:00,7.730316635440457,7.754250053097141,7.718350687417559,7.742283344268799,81867,0.0,0.0
2017-12-06 00:00:00-05:00,7.742283344268799,7.778182709948381,7.706383978589217,7.742283344268799,57667,0.0,0.0
2017-12-07 00:00:00-05:00,7.742286673477104,7.754253387451172,7.706387292360673,7.754253387451172,58133,0.0,0.0
2017-12-08 00:00:00-05:00,7.778186275113793,7.802118942934675,7.682454843024472,7.718354225158691,79833,0.0,0.0
2017-12-11 00:00:00-05:00,7.766216001120039,7.778182709948381,7.718350687417559,7.742283344268799,68067,0.0,0.0
2017-12-12 00:00:00-05:00,7.766220809916179,7.8140869140625,7.730321422007917,7.8140869140625,88333,0.0,0.0
2017-12-13 00:00:00-05:00,7.826053666599935,7.873919010162354,7.814086950306372,7.8739190101623535,116033,0.0,0.0
2017-12-14 00:00:00-05:00,7.873916834173668,7.873916834173668,7.826051503839027,7.849984169006348,66000,0.0,0.0
2017-12-15 00:00:00-05:00,7.8619518572627785,7.957684060683056,7.849985902439651,7.933750629425049,99567,0.0,0.0
2017-12-18 00:00:00-05:00,7.9337487681801395,8.017514236320167,7.921782816164206,8.005547523498535,130700,0.0,0.0
2017-12-19 00:00:00-05:00,8.041446156198703,8.065378818819148,7.945714744911292,7.969647407531738,148533,0.0,0.0
2017-12-20 00:00:00-05:00,7.957594381481997,8.01787980297401,7.861138780280147,7.921423435211182,130200,0.15,0.0
2017-12-21 00:00:00-05:00,7.921423988652378,7.993765886248276,7.9093675167604145,7.96965217590332,122533,0.0,0.0
2017-12-22 00:00:00-05:00,7.969648345599617,8.054047441085343,7.957591112941467,8.029932975769043,101400,0.0,0.0
2017-12-26 00:00:00-05:00,8.029932975769043,8.06610390718283,8.017876509671554,8.029932975769043,109500,0.0,0.0
2017-12-27 00:00:00-05:00,8.041991210272876,8.066104912032522,7.981706572593382,8.005820274353027,102633,0.0,0.0
2017-12-28 00:00:00-05:00,8.017875125947072,8.04198882054117,7.945533275604247,7.945533275604248,102933,0.0,0.0
2017-12-29 00:00:00-05:00,7.969650228371933,8.12639045715332,7.957592992865347,8.12639045715332,104533,0.0,0.0
2018-01-02 00:00:00-05:00,8.138443108717837,8.283126787061041,8.126385880002433,8.186671257019043,133833,0.0,0.0
2018-01-03 00:00:00-05:00,8.21078479566145,8.283126633491834,8.162556648254395,8.162556648254395,90400,0.0,0.0
2018-01-04 00:00:00-05:00,8.234902358348014,8.271073294271712,8.198731422424316,8.198731422424316,99867,0.0,0.0
2018-01-05 00:00:00-05:00,8.198730425011659,8.259015055363673,8.198730425011659,8.222844123840332,83967,0.0,0.0
2018-01-08 00:00:00-05:00,8.222845124186529,8.271073294271712,8.162560486500618,8.198731422424316,125800,0.0,0.0
2018-01-09 00:00:00-05:00,8.23490148910875,8.259015188325629,8.150503158569336,8.150503158569336,91400,0.0,0.0
2018-01-10 00:00:00-05:00,8.138446784738406,8.222845124186529,8.102275848814708,8.198731422424316,98233,0.0,0.0
2018-01-11 00:00:00-05:00,8.234900496778971,8.343413280019831,8.222843265343124,8.331356048583984,152200,0.0,0.0
2018-01-12 00:00:00-05:00,8.331357932385517,8.355472400709726,8.259016060534405,8.295186996459961,98733,0.0,0.0
2018-01-16 00:00:00-05:00,8.295186996459961,8.355472400709726,8.234902358770954,8.295186996459961,124833,0.0,0.0
2018-01-17 00:00:00-05:00,8.331358049959452,8.331358049959452,8.234902474983686,8.283130645751953,197867,0.0,0.0
2018-01-18 00:00:00-05:00,8.271074216988966,8.271074216988966,8.114333988207578,8.12639045715332,138733,0.0,0.0
2018-01-19 00:00:00-05:00,8.162559493488319,8.222844123840332,8.114332095830974,8.222844123840332,184800,0.0,0.0
2018-01-22 00:00:00-05:00,8.24695784138931,8.343413394518,8.22284337818669,8.319299697875977,222000,0.0,0.0
2018-01-23 00:00:00-05:00,8.343589981494855,8.3921694019807,8.307155030052487,8.33144474029541,133933,0.15,0.0
2018-01-24 00:00:00-05:00,8.38002457613428,8.38002457613428,8.246430017252415,8.258574485778809,137967,0.0,0.0
2018-01-25 00:00:00-05:00,8.295011244401783,8.47718603358034,8.270721529896676,8.440751075744629,345367,0.0,0.0
2018-01-26 00:00:00-05:00,8.440750979455185,8.452895450491146,8.270721435546875,8.270721435546875,158200,0.0,0.0
2018-01-29 00:00:00-05:00,8.270720540971523,8.295010252572323,8.137125968933105,8.137125968933105,135700,0.0,0.0
2018-01-30 00:00:00-05:00,8.088545762291135,8.137125957580972,7.930661478872182,7.942806720733643,196200,0.0,0.0
2018-01-31 00:00:00-05:00,8.01567268371582,8.088542561738716,7.954948042748642,8.01567268371582,243167,0.0,0.0
2018-02-01 00:00:00-05:00,7.97924402797765,8.03996948891893,7.967099553514443,7.991389274597168,81567,0.0,0.0
2018-02-02 00:00:00-05:00,7.954951481972326,7.97924119442941,7.736342525546498,7.7484869956970215,154133,0.0,0.0
2018-02-05 00:00:00-05:00,7.71205231103216,7.724197553764083,7.27483361071178,7.408428192138672,296233,0.0,0.0
2018-02-06 00:00:00-05:00,7.286977368051053,7.687761030635152,7.274832127794841,7.639181613922119,239933,0.0,0.0
2018-02-07 00:00:00-05:00,7.699906848856989,7.760631510384309,7.639182187329667,7.651326656341553,152500,0.0,0.0
2018-02-08 00:00:00-05:00,7.68776155581067,7.68776155581067,7.517732041387984,7.542021751403809,131033,0.0,0.0
2018-02-09 00:00:00-05:00,7.5541720607342375,7.590607036280904,7.299128004064049,7.444867134094238,376433,0.0,0.0
2018-02-12 00:00:00-05:00,7.517734953807719,7.542024673233539,7.40843005815714,7.457010269165039,145667,0.0,0.0
2018-02-13 00:00:00-05:00,7.481296046735958,7.5906008847944015,7.457006340108254,7.529876232147217,92500,0.0,0.0
2018-02-14 00:00:00-05:00,7.529877333286911,7.663471897509403,7.517732092119061,7.651326656341553,185800,0.0,0.0
2018-02-15 00:00:00-05:00,7.675618812827535,7.736344265864707,7.6027496590641075,7.7120537757873535,103167,0.0,0.0
2018-02-16 00:00:00-05:00,7.7120522118134165,7.784922122955322,7.699907741393801,7.784922122955322,64067,0.0,0.0
2018-02-20 00:00:00-05:00,7.723719125912603,7.748199792324268,7.662517070770264,7.662517070770264,132267,0.15,0.0
2018-02-21 00:00:00-05:00,7.686997737181929,7.748199792324268,7.638035626132245,7.662517070770264,140433,0.0,0.0
2018-02-22 00:00:00-05:00,7.674758120064996,7.735960184020727,7.674758120064996,7.6869988441467285,57233,0.0,0.0
2018-02-23 00:00:00-05:00,7.711478873797411,7.772680932671517,7.69923892895843,7.723719596862793,71400,0.0,0.0
2018-02-26 00:00:00-05:00,7.760443527822499,7.82164560672802,7.7482028007507315,7.748202800750732,102367,0.0,0.0
2018-02-27 00:00:00-05:00,7.7726815780394585,7.7726815780394585,7.674758120064996,7.6869988441467285,84733,0.0,0.0
2018-02-28 00:00:00-05:00,7.735960953658018,7.809403749002177,7.699240334212481,7.784923076629639,298700,0.0,0.0
2018-03-01 00:00:00-05:00,7.784922948681043,7.784922948681043,7.650278085505212,7.699240207672119,131400,0.0,0.0
2018-03-02 00:00:00-05:00,7.650276348451254,7.662517070770264,7.601314237401571,7.662517070770264,99800,0.0,0.0
2018-03-05 00:00:00-05:00,7.66252024933885,7.687000925905595,7.625798845375393,7.650279521942139,125467,0.0,0.0
2018-03-06 00:00:00-05:00,7.686998042789631,7.711478710174561,7.662517375404702,7.7114787101745605,60033,0.0,0.0
2018-03-07 00:00:00-05:00,7.699238765595289,7.735959377559491,7.686998042789631,7.7114787101745605,79867,0.0,0.0
2018-03-08 00:00:00-05:00,7.723722124833855,7.784924203739376,7.723722124833855,7.748202800750732,69433,0.0,0.0
2018-03-09 00:00:00-05:00,7.760439717336996,7.797161102294922,7.7114776113176715,7.797161102294922,55433,0.0,0.0
2018-03-12 00:00:00-04:00,7.8216411349374875,7.870603237005273,7.809400414863988,7.833881855010986,69400,0.0,0.0
2018-03-13 00:00:00-04:00,7.870603237005273,7.919564560846848,7.809400414863988,7.833881855010986,68067,0.0,0.0
2018-03-14 00:00:00-04:00,7.895088369033075,7.919569044814536,7.846126239243502,7.858366966247559,79700,0.0,0.0
2018-03-15 00:00:00-04:00,7.870600860414483,7.9195621694718,7.846119427659849,7.907321453094482,93667,0.0,0.0
2018-03-16 00:00:00-04:00,7.907323678998064,7.931805118644199,7.870603075981252,7.882843017578125,85333,0.0,0.0
2018-03-19 00:00:00-04:00,7.858371011836224,7.858371011836224,7.748206746765717,7.7726874351501465,78500,0.0,0.0
2018-03-20 00:00:00-04:00,7.79716252075849,7.846123857458611,7.79716252075849,7.8094024658203125,70833,0.0,0.0
2018-03-21 00:00:00-04:00,7.834077666482925,7.858752492587011,7.78472958302204,7.7970662117004395,77000,0.15,0.0
2018-03-22 00:00:00-04:00,7.784733685850472,7.797070321030711,7.698373317718506,7.698373317718506,62467,0.0,0.0
2018-03-23 00:00:00-04:00,7.747721210429443,7.797069313521935,7.624350168324256,7.6366868019104,75600,0.0,0.0
2018-03-26 00:00:00-04:00,7.686034999049564,7.723046465231698,7.624349483537304,7.649023532867432,84467,0.0,0.0
2018-03-27 00:00:00-04:00,7.673692819743206,7.710704262955263,7.587333308497338,7.599669933319092,100733,0.0,0.0
2018-03-28 00:00:00-04:00,7.612012750364155,7.698372322962994,7.612012750364155,7.6366868019104,118000,0.0,0.0
2018-03-29 00:00:00-04:00,7.698373317718506,7.723048156827101,7.686036682538266,7.698373317718506,78000,0.0,0.0
2018-04-02 00:00:00-04:00,7.710707227858554,7.735381271363065,7.574998812023191,7.66135835647583,121667,0.0,0.0
2018-04-03 00:00:00-04:00,7.661356497055067,7.7847282533825455,7.661356497055067,7.772390842437744,156333,0.0,0.0
2018-04-04 00:00:00-04:00,7.723042940392882,7.834076503889074,7.7107055291717375,7.8094024658203125,179233,0.0,0.0
2018-04-05 00:00:00-04:00,7.821741037804526,7.9204379890999395,7.772392169969997,7.7970662117004395,199533,0.0,0.0
2018-04-06 00:00:00-04:00,7.784730142745787,7.8094041862502985,7.624347683405914,7.66135835647583,230033,0.0,0.0
2018-04-09 00:00:00-04:00,7.710707827550173,7.821742208516598,7.710707827550173,7.7477192878723145,167933,0.0,0.0
2018-04-10 00:00:00-04:00,7.809398172084397,7.871083625527386,7.809398172084397,7.8587470054626465,119867,0.0,0.0
2018-04-11 00:00:00-04:00,7.834076503889074,7.883425364400125,7.797065054599168,7.8094024658203125,61433,0.0,0.0
2018-04-12 00:00:00-04:00,7.84641497644589,7.84641497644589,7.772392067853459,7.784729480743408,93067,0.0,0.0
2018-04-13 00:00:00-04:00,7.797063337736109,7.834074778876334,7.760052680969238,7.760052680969238,73667,0.0,0.0
2018-04-16 00:00:00-04:00,7.797065054599168,7.821739877041457,7.772391016530405,7.8094024658203125,72633,0.0,0.0
2018-04-17 00:00:00-04:00,7.809398172084397,7.895758434403059,7.797060767646561,7.8587470054626465,81900,0.0,0.0
2018-04-18 00:00:00-04:00,7.871088300819402,7.920437163510032,7.858751673426916,7.883425712585449,68567,0.0,0.0
2018-04-19 00:00:00-04:00,7.883426976573162,7.883426976573162,7.797066649111383,7.8464155197143555,85433,0.0,0.0
2018-04-20 00:00:00-04:00,7.833977274448205,7.846412443873728,7.734498290810072,7.746933460235596,123233,0.15,0.0
2018-04-23 00:00:00-04:00,7.746932237775764,7.771801782113731,7.7096275259745335,7.7344970703125,81200,0.0,0.0
2018-04-24 00:00:00-04:00,7.746936941877125,7.796676060755686,7.746936941877125,7.784241676330566,85333,0.0,0.0
2018-04-25 00:00:00-04:00,7.796673885233031,7.809109056777379,7.7469347802332775,7.771804332733154,61500,0.0,0.0
2018-04-26 00:00:00-04:00,7.80911140426962,7.883720874786377,7.796676228987142,7.883720874786377,70100,0.0,0.0
2018-04-27 00:00:00-04:00,7.896158218383788,7.908593398326065,7.821549510498189,7.896158218383789,54733,0.0,0.0
2018-04-30 00:00:00-04:00,7.8712802612714405,7.958324846931959,7.858845094580363,7.933454513549805,93433,0.0,0.0
2018-05-01 00:00:00-04:00,7.933462400140327,7.958332758245903,7.908592832624048,7.945897579193115,104200,0.0,0.0
2018-05-02 00:00:00-04:00,7.97076416015625,7.983199334549722,7.933459427564835,7.97076416015625,49700,0.0,0.0
2018-05-03 00:00:00-04:00,7.921021461486816,7.98319572415793,7.88371674576642,7.921021461486816,71133,0.0,0.0
2018-05-04 00:00:00-04:00,7.908592273960364,8.008071327587567,7.896157095785998,7.995636940002441,64433,0.0,0.0
2018-05-07 00:00:00-04:00,8.008068084716797,8.057807986682823,7.995633702166981,8.008068084716797,38367,0.0,0.0
2018-05-08 00:00:00-04:00,8.008063515369365,8.008063515369365,7.9334541002864185,7.958324432373047,61600,0.0,0.0
2018-05-09 00:00:00-04:00,7.9831990360423415,8.082678055703399,7.9831990360423415,8.070242881774902,109933,0.0,0.0
2018-05-10 00:00:00-04:00,8.082678650568027,8.157288118452131,8.008069182683926,8.045373916625977,89267,0.0,0.0
2018-05-11 00:00:00-04:00,8.082679531747393,8.119984269756433,8.057809969937738,8.095114707946777,60367,0.0,0.0
2018-05-14 00:00:00-04:00,8.095114707946777,8.144853831566088,8.095114707946777,8.095114707946777,62333,0.0,0.0
2018-05-15 00:00:00-04:00,8.07024236923264,8.082677542371377,7.995633702166981,8.008068084716797,71700,0.0,0.0
2018-05-16 00:00:00-04:00,7.983201761828076,8.020506505761931,7.958332196068586,7.995636940002441,63567,0.0,0.0
2018-05-17 00:00:00-04:00,7.9707665836537105,8.045376071521423,7.9707665836537105,7.995636940002441,73067,0.0,0.0
2018-05-18 00:00:00-04:00,8.008071327587567,8.020506505761931,7.983201761828076,7.995636940002441,58433,0.0,0.0
2018-05-21 00:00:00-04:00,7.995634209970838,8.070242881774902,7.995634209970838,8.070242881774902,87067,0.0,0.0
2018-05-22 00:00:00-04:00,8.107840753940273,8.107840753940273,8.007589340209961,8.007589340209961,56300,0.15,0.0
2018-05-23 00:00:00-04:00,8.032649172777685,8.032649172777685,7.94492951535032,7.969992160797119,93267,0.0,0.0
2018-05-24 00:00:00-04:00,7.9574590529749205,7.99505341295717,7.919864692992671,7.932396411895752,62833,0.0,0.0
2018-05-25 00:00:00-04:00,7.919867604822547,7.919867604822547,7.857210580724558,7.894804954528809,176933,0.0,0.0
2018-05-29 00:00:00-04:00,7.79455041747126,7.882270853261994,7.782018699007736,7.844676494598389,92700,0.0,0.0
2018-05-30 00:00:00-04:00,7.857206425547396,7.9198634165100845,7.857206425547396,7.882269859313965,91800,0.0,0.0
2018-05-31 00:00:00-04:00,7.919867604822547,7.919867604822547,7.882274027745583,7.894804954528809,56067,0.0,0.0
2018-06-01 00:00:00-04:00,7.93239932833306,7.9449310518435725,7.882274027745583,7.894804954528809,76167,0.0,0.0
2018-06-04 00:00:00-04:00,7.932394578799409,7.932394578799409,7.907331943511963,7.907331943511963,81933,0.0,0.0
2018-06-05 00:00:00-04:00,7.932396450286756,7.944928169250488,7.882271167885825,7.944928169250488,82667,0.0,0.0
2018-06-06 00:00:00-04:00,7.969992160797119,7.995054806243918,7.957460439710153,7.969992160797119,54633,0.0,0.0
2018-06-07 00:00:00-04:00,7.995051860809326,7.995051860809326,7.9825209410659745,7.995051860809326,41400,0.0,0.0
2018-06-08 00:00:00-04:00,8.095308040705689,8.132902415858421,8.045182738320257,8.057714462280273,208600,0.0,0.0
2018-06-11 00:00:00-04:00,8.132897015408433,8.145428731047073,8.107834380857943,8.120366096496582,177667,0.0,0.0
2018-06-12 00:00:00-04:00,8.145430126282006,8.17049276512549,8.095304051868117,8.10783576965332,93500,0.0,0.0
2018-06-13 00:00:00-04:00,8.132903408190996,8.132903408190996,7.995057614720892,8.007589340209961,119700,0.0,0.0
2018-06-14 00:00:00-04:00,8.020119578485156,8.045182228088379,8.007587855319912,8.045182228088379,87567,0.0,0.0
2018-06-15 00:00:00-04:00,8.045180156510526,8.095305442810059,8.032648436572112,8.095305442810059,80333,0.0,0.0
2018-06-18 00:00:00-04:00,8.032648086547852,8.057711525332534,8.020117163882537,8.032648086547852,67133,0.0,0.0
2018-06-19 00:00:00-04:00,8.007582737038295,8.032645370621998,7.9574566731441285,7.98252010345459,111067,0.0,0.0
2018-06-20 00:00:00-04:00,8.00778476803037,8.020414829130866,7.944632053436886,7.969892978668213,99800,0.15,0.0
2018-06-21 00:00:00-04:00,7.995147228240967,8.020408132380354,7.9572554705170555,7.995147228240967,87633,0.0,0.0
2018-06-22 00:00:00-04:00,8.020416259765625,8.096199852007771,8.020416259765625,8.020416259765625,80833,0.0,0.0
2018-06-25 00:00:00-04:00,8.020409364306746,8.020409364306746,7.881473165655173,7.919364929199219,79567,0.0,0.0
2018-06-26 00:00:00-04:00,7.931999374708822,8.007782936096191,7.931999374708822,8.007782936096191,55467,0.0,0.0
2018-06-27 00:00:00-04:00,8.033046319942393,8.045677185058594,8.020415454826193,8.045677185058594,76433,0.0,0.0
2018-06-28 00:00:00-04:00,8.020416259765625,8.0835697886544,7.944633470553955,8.020416259765625,137033,0.0,0.0
2018-06-29 00:00:00-04:00,8.070935647941717,8.083566509201304,8.045674728452694,8.058304786682129,86267,0.0,0.0
2018-07-02 00:00:00-04:00,8.058304786682129,8.070935647941717,8.045674728452694,8.058304786682129,56200,0.0,0.0
2018-07-03 00:00:00-04:00,8.070935647941717,8.10882742869033,8.020413005933518,8.058304786682129,81033,0.0,0.0
2018-07-05 00:00:00-04:00,8.058308197420185,8.096199994206778,8.045678133844982,8.070939064025879,43933,0.0,0.0
2018-07-06 00:00:00-04:00,8.096199445096378,8.096199445096378,7.982524062446432,8.03304672241211,166400,0.0,0.0
2018-07-09 00:00:00-04:00,8.045678133844982,8.096199994206778,8.020416400633591,8.070939064025879,81400,0.0,0.0
2018-07-10 00:00:00-04:00,8.07093620705692,8.096197128295898,8.045675285817943,8.096197128295898,44933,0.0,0.0
2018-07-11 00:00:00-04:00,8.058306618493024,8.096198407855182,7.944632053436886,7.969892978668213,109767,0.0,0.0
2018-07-12 00:00:00-04:00,7.995147228240967,8.020408132380354,7.969886324101581,7.995147228240967,52467,0.0,0.0
2018-07-13 00:00:00-04:00,7.982524062446432,8.045677588161139,7.982524062446432,8.03304672241211,71700,0.0,0.0
2018-07-16 00:00:00-04:00,8.033043764624376,8.045674625722688,7.919368423829987,7.944630146026611,137133,0.0,0.0
2018-07-17 00:00:00-04:00,7.944629131060696,8.007781822423905,7.931998271576037,7.98252010345459,140167,0.0,0.0
2018-07-18 00:00:00-04:00,7.957261962501846,7.995153751140024,7.89410924911499,7.89410924911499,158767,0.0,0.0
2018-07-19 00:00:00-04:00,7.906740264074728,7.969892978668213,7.906740264074728,7.969892978668213,76433,0.0,0.0
2018-07-20 00:00:00-04:00,7.96989460902696,7.995357303525088,7.944431105084368,7.957162857055664,75733,0.15,0.0
2018-07-23 00:00:00-04:00,7.957158333907446,7.982621013931629,7.893501229124988,7.91896390914917,125200,0.0,0.0
2018-07-24 00:00:00-04:00,7.982623380732961,8.008086877750925,7.969892441668222,7.995355129241943,66433,0.0,0.0
2018-07-25 00:00:00-04:00,7.982623918590744,7.995355667957574,7.931698540012023,7.969892978668213,90933,0.0,0.0
2018-07-26 00:00:00-04:00,7.982621013931629,7.995352758665723,7.893501229124988,7.91896390914917,134000,0.0,0.0
2018-07-27 00:00:00-04:00,7.944429874420167,7.969893374418231,7.9062354338674075,7.944429874420166,80400,0.0,0.0
2018-07-30 00:00:00-04:00,7.969892195508295,7.969892195508295,7.868040638914977,7.906234264373779,78400,0.0,0.0
2018-07-31 00:00:00-04:00,7.906238151405848,7.957164359462036,7.893507206475263,7.93170166015625,59300,0.0,0.0
2018-08-01 00:00:00-04:00,7.969896113837238,7.969896113837238,7.918969905781049,7.93170166015625,73000,0.0,0.0
2018-08-02 00:00:00-04:00,7.893501229124988,7.944426589173353,7.893501229124988,7.91896390914917,59733,0.0,0.0
2018-08-03 00:00:00-04:00,7.93170166015625,7.957164359462036,7.918969905781049,7.93170166015625,68833,0.0,0.0
2018-08-06 00:00:00-04:00,7.944432605086835,7.957164359462036,7.918969905781049,7.93170166015625,41133,0.0,0.0
2018-08-07 00:00:00-04:00,7.957161229301383,7.982623918590744,7.944429479934554,7.969892978668213,48967,0.0,0.0
2018-08-08 00:00:00-04:00,7.944429874420167,7.957161624419199,7.931698933865472,7.944429874420166,52133,0.0,0.0
2018-08-09 00:00:00-04:00,7.957161229301383,7.982623918590744,7.944429479934554,7.969892978668213,42333,0.0,0.0
2018-08-10 00:00:00-04:00,7.957164359462036,7.969896113837238,7.918969905781049,7.93170166015625,41133,0.0,0.0
2018-08-13 00:00:00-04:00,7.9316956538832635,7.982621013931629,7.906232164415077,7.91896390914917,67233,0.0,0.0
2018-08-14 00:00:00-04:00,7.944429479934554,7.982623918590744,7.931698540012023,7.969892978668213,80867,0.0,0.0
2018-08-15 00:00:00-04:00,7.918969224060801,7.918969224060801,7.868043829833243,7.8935065269470215,84367,0.0,0.0
2018-08-16 00:00:00-04:00,7.957157561704657,7.995351982756352,7.944425818206116,7.9826202392578125,84367,0.0,0.0
2018-08-17 00:00:00-04:00,8.008289617579653,8.046791076660156,8.008289617579653,8.046791076660156,33433,0.15,0.0
2018-08-20 00:00:00-04:00,8.059626218890084,8.110960960388184,8.059626218890084,8.110960960388184,59867,0.0,0.0
2018-08-21 00:00:00-04:00,8.098124334505231,8.123791694641113,8.059622886326071,8.123791694641113,105933,0.0,0.0
2018-08-22 00:00:00-04:00,8.098123844069544,8.136625289916992,8.059622398222096,8.136625289916992,88933,0.0,0.0
2018-08-23 00:00:00-04:00,8.136625289916992,8.149458561232397,8.085289756803522,8.136625289916992,57900,0.0,0.0
2018-08-24 00:00:00-04:00,8.136625782684389,8.162293142820271,8.098124334505231,8.123791694641113,67133,0.0,0.0
2018-08-27 00:00:00-04:00,8.187964165290332,8.187964165290332,8.098127956657232,8.149462699890137,62667,0.0,0.0
2018-08-28 00:00:00-04:00,8.175130887457621,8.187964165290332,8.136629422057426,8.149462699890137,69467,0.0,0.0
2018-08-29 00:00:00-04:00,8.149461706004828,8.175129890441895,8.149461706004828,8.175129890441895,78267,0.0,0.0
2018-08-30 00:00:00-04:00,8.162300109863281,8.175134208861277,8.149466010865286,8.162300109863281,31500,0.0,0.0
2018-08-31 00:00:00-04:00,8.162296116231623,8.187963485717773,8.149462023513065,8.187963485717773,42600,0.0,0.0
2018-09-04 00:00:00-04:00,8.18796749190791,8.200801590905906,8.162300109863281,8.162300109863281,55500,0.0,0.0
2018-09-05 00:00:00-04:00,8.175130611187315,8.175130611187315,8.07246031224011,8.110960960388184,88133,0.0,0.0
2018-09-06 00:00:00-04:00,8.123797071580483,8.123797071580483,8.021126747131348,8.021126747131348,101300,0.0,0.0
2018-09-07 00:00:00-04:00,8.021121705075563,8.059623154535982,7.956952894625099,7.969786167144775,105833,0.0,0.0
2018-09-10 00:00:00-04:00,8.072460946022384,8.098128318786621,7.9954580117786005,8.098128318786621,135767,0.0,0.0
2018-09-11 00:00:00-04:00,8.085293589639134,8.149462424487261,8.046792125540057,8.110960960388184,127633,0.0,0.0
2018-09-12 00:00:00-04:00,8.08529395118146,8.123795417002171,8.059626579284668,8.059626579284668,126533,0.0,0.0
2018-09-13 00:00:00-04:00,8.136625289916992,8.149458561232397,8.12379120265097,8.136625289916992,65933,0.0,0.0
2018-09-14 00:00:00-04:00,8.136625289916992,8.149458561232397,8.12379120265097,8.136625289916992,59133,0.0,0.0
2018-09-17 00:00:00-04:00,8.136629785908513,8.175131253030402,8.085294224428967,8.098128318786621,89033,0.0,0.0
2018-09-18 00:00:00-04:00,8.110957606597838,8.136625782684389,8.085290246461955,8.123791694641113,81900,0.0,0.0
2018-09-19 00:00:00-04:00,8.110964011263006,8.123798109440477,8.072463348633214,8.085296630859375,57867,0.0,0.0
2018-09-20 00:00:00-04:00,8.098128318786621,8.123795691550859,8.05962685166473,8.098128318786621,88867,0.0,0.0
2018-09-21 00:00:00-04:00,8.111065066644903,8.124001671022075,8.05932029407287,8.085192680358887,73200,0.15,0.0
2018-09-24 00:00:00-04:00,8.08519187987929,8.08519187987929,8.033446289962033,8.059319496154785,111433,0.0,0.0
2018-09-25 00:00:00-04:00,8.046382893058409,8.059319496154785,8.033446289962033,8.059319496154785,69800,0.0,0.0
2018-09-26 00:00:00-04:00,8.046384546380168,8.059321152134677,7.891148567199707,7.891148567199707,212633,0.0,0.0
2018-09-27 00:00:00-04:00,7.891142510693783,7.929951475702751,7.8393977723270165,7.8523335456848145,161533,0.0,0.0
2018-09-28 00:00:00-04:00,7.85233941232536,7.891148406329307,7.826467023812196,7.8394036293029785,67067,0.0,0.0
2018-10-01 00:00:00-04:00,7.878210557825531,7.981700907213857,7.878210557825531,7.968764305114746,70333,0.0,0.0
2018-10-02 00:00:00-04:00,7.929960897083576,7.981706519395761,7.891151885966628,7.904088497161865,120767,0.0,0.0
2018-10-03 00:00:00-04:00,7.917021617310874,7.929957400333255,7.826467023812196,7.8394036293029785,93200,0.0,0.0
2018-10-04 00:00:00-04:00,7.826463666163236,7.852336043576833,7.606546401977539,7.606546401977539,210467,0.0,0.0
2018-10-05 00:00:00-04:00,7.606548482461182,7.606548482461182,7.438376749573711,7.464249134063721,171600,0.0,0.0
2018-10-08 00:00:00-04:00,7.438375491912447,7.54186583484288,7.425438890620593,7.528929233551025,112600,0.0,0.0
2018-10-09 00:00:00-04:00,7.515994725512013,7.567739494492032,7.438376749573711,7.464249134063721,117100,0.0,0.0
2018-10-10 00:00:00-04:00,7.451314823523233,7.490123819151096,7.270206451416016,7.270206451416016,151100,0.0,0.0
2018-10-11 00:00:00-04:00,7.309018627201663,7.309018627201663,7.076164552119554,7.102036952972412,222700,0.0,0.0
2018-10-12 00:00:00-04:00,7.179654977999782,7.205527378852641,7.050292151266695,7.102036952972412,343633,0.0,0.0
2018-10-15 00:00:00-04:00,7.102031537778291,7.192586105419967,7.0890957584495995,7.153777122497559,122667,0.0,0.0
2018-10-16 00:00:00-04:00,7.192589258645844,7.296079650986324,7.179652651177586,7.283143043518066,126233,0.0,0.0
2018-10-17 00:00:00-04:00,7.29607581236287,7.32194819121884,7.257266832844869,7.309012413024902,92733,0.0,0.0
2018-10-18 00:00:00-04:00,7.309013613215988,7.348169111449898,7.256806835445289,7.295962333679199,82233,0.15,0.0
2018-10-19 00:00:00-04:00,7.3090133804402635,7.322065489373143,7.243754495399354,7.269857883453369,110433,0.0,0.0
2018-10-22 00:00:00-04:00,7.295965417487275,7.295965417487275,7.1262912434863726,7.165446758270264,173633,0.0,0.0
2018-10-23 00:00:00-04:00,7.113236795905825,7.15239229328128,7.047977910217319,7.087133407592773,127967,0.0,0.0
2018-10-24 00:00:00-04:00,7.126288089443074,7.152392307620213,7.047977924346924,7.047977924346924,126800,0.0,0.0
2018-10-25 00:00:00-04:00,7.113237468915913,7.230703972156224,7.087134078133121,7.178496360778809,155867,0.0,0.0
2018-10-26 00:00:00-04:00,7.139340416097135,7.152392525583457,7.047978139128226,7.100184917449951,111533,0.0,0.0
2018-10-29 00:00:00-04:00,7.113233679912013,7.152389160135179,7.03492271946568,7.061026096343994,130833,0.0,0.0
2018-10-30 00:00:00-04:00,6.995770317804402,7.074081312712307,6.969666929439018,7.047977924346924,167967,0.0,0.0
2018-10-31 00:00:00-04:00,7.07408492199786,7.07408492199786,6.982721771386777,7.021877288818359,147767,0.0,0.0
2018-11-01 00:00:00-04:00,7.021873328228135,7.1393398142675375,7.021873328228135,7.113236427307129,105200,0.0,0.0
2018-11-02 00:00:00-04:00,7.152392307620213,7.152392307620213,7.047977924346924,7.047977924346924,99700,0.0,0.0
2018-11-05 00:00:00-05:00,7.047976593324209,7.152390956878662,7.047976593324209,7.152390956878662,86533,0.0,0.0
2018-11-06 00:00:00-05:00,7.1393407200485965,7.2437551109491825,7.1393407200485965,7.230703830718994,74500,0.0,0.0
2018-11-07 00:00:00-05:00,7.282912103222359,7.348171007177523,7.269859990506532,7.335119724273682,114800,0.0,0.0
2018-11-08 00:00:00-05:00,7.335119724273682,7.36122311989335,7.309015498842028,7.335119724273682,89400,0.0,0.0
2018-11-09 00:00:00-05:00,7.295964215938186,7.36122311989335,7.295964215938186,7.335119724273682,43467,0.0,0.0
2018-11-12 00:00:00-05:00,7.348169111449898,7.374273330147019,7.256806835445289,7.295962333679199,71000,0.0,0.0
2018-11-13 00:00:00-05:00,7.2959621013191285,7.322065489373143,7.243754495399354,7.269857883453369,81033,0.0,0.0
2018-11-14 00:00:00-05:00,7.28290890855938,7.348167783888604,7.243753417399521,7.322064399719238,83667,0.0,0.0
2018-11-15 00:00:00-05:00,7.269858731675842,7.282910842131598,7.191548558376832,7.243755340576172,95633,0.0,0.0
2018-11-16 00:00:00-05:00,7.256927702391898,7.30960910208207,7.256927702391898,7.296439170837402,63000,0.15,0.0
2018-11-19 00:00:00-05:00,7.2964319930644,7.2964319930644,7.217409133911133,7.217409133911133,58633,0.0,0.0
2018-11-20 00:00:00-05:00,7.1779019942676445,7.191071920427688,7.098879087885677,7.13839054107666,81000,0.0,0.0
2018-11-21 00:00:00-05:00,7.151557030401719,7.230579052200059,7.138386274757865,7.217409133911133,78867,0.0,0.0
2018-11-23 00:00:00-05:00,7.217413469855169,7.217413469855169,7.164731252985235,7.204242706298828,38933,0.0,0.0
2018-11-26 00:00:00-05:00,7.243754159612421,7.270094849369673,7.191071942742487,7.204242706298828,88000,0.0,0.0
2018-11-27 00:00:00-05:00,7.1779034887614515,7.243755645338867,7.125221261086159,7.191073417663574,139333,0.0,0.0
2018-11-28 00:00:00-05:00,7.243754203358304,7.335947036743164,7.217413513441977,7.335947036743164,101333,0.0,0.0
2018-11-29 00:00:00-05:00,7.3359438539772,7.349114611898828,7.270091739079206,7.3227739334106445,101067,0.0,0.0
2018-11-30 00:00:00-05:00,7.322778529429021,7.322778529429021,7.256926373200031,7.270096302032471,91867,0.0,0.0
2018-12-03 00:00:00-05:00,7.3359438539772,7.362285369820456,7.309603175489016,7.3227739334106445,101867,0.0,0.0
2018-12-04 00:00:00-05:00,7.322777066239607,7.335946992440518,7.177902016541576,7.204242706298828,196000,0.0,0.0
2018-12-06 00:00:00-05:00,7.072538661507939,7.309606552124023,7.072538661507939,7.309606552124023,175300,0.0,0.0
2018-12-07 00:00:00-05:00,7.283265861467894,7.335947242780153,7.270095097462099,7.309606552124023,88867,0.0,0.0
2018-12-10 00:00:00-05:00,7.270094826809656,7.270094826809656,7.112049851401147,7.13839054107666,100467,0.0,0.0
2018-12-11 00:00:00-05:00,7.230581966978469,7.230581966978469,7.09887770686727,7.125218391418457,141433,0.0,0.0
2018-12-12 00:00:00-05:00,7.177900597876095,7.204241282427281,7.125218391418457,7.125218391418457,116933,0.0,0.0
2018-12-13 00:00:00-05:00,7.085708053596039,7.15156103130145,7.072538127939273,7.112049579620361,88500,0.0,0.0
2018-12-14 00:00:00-05:00,7.098878816608201,7.125219505277127,7.0593673649271125,7.112049579620361,110000,0.0,0.0
2018-12-17 00:00:00-05:00,7.072541352058996,7.098882052735711,6.8486433029174805,6.8486433029174805,261200,0.0,0.0
2018-12-18 00:00:00-05:00,6.86181048032657,6.940833383171976,6.795957921729499,6.888151168823242,282000,0.0,0.0
2018-12-19 00:00:00-05:00,6.927661524751241,6.927661524751241,6.782786504896039,6.835468292236328,127033,0.0,0.0
2018-12-20 00:00:00-05:00,6.84864331029732,6.84864331029732,6.506210851707932,6.63791561126709,210133,0.0,0.0
2018-12-21 00:00:00-05:00,6.6379109406710075,6.67742238260533,6.4666948318481445,6.4666948318481445,169500,0.0,0.0
2018-12-24 00:00:00-05:00,6.4535241177689455,6.5457173373946835,6.4271834371202035,6.5325469970703125,96333,0.0,0.0
2018-12-26 00:00:00-05:00,6.532546905416543,6.637910463888367,6.519376565276956,6.624740123748779,131800,0.0,0.0
2018-12-27 00:00:00-05:00,6.572062168360034,6.585232516162573,6.466698129906299,6.545721054077148,343700,0.0,0.0
2018-12-28 00:00:00-05:00,6.559024599881471,6.6388505926251655,6.545720408735059,6.625545978546143,248967,0.15,0.0
2018-12-31 00:00:00-05:00,6.625545978546143,6.665458974917989,6.559024599881471,6.625545978546143,223433,0.0,0.0
2019-01-02 00:00:00-05:00,6.585632598295948,6.652153968811035,6.532414994364808,6.652153968811035,94233,0.0,0.0
2019-01-03 00:00:00-05:00,6.612241408396906,6.6787632061812685,6.598937218013068,6.638850212097168,113233,0.0,0.0
2019-01-04 00:00:00-05:00,6.731979846954346,6.771892837814953,6.692066856093739,6.731979846954346,145133,0.0,0.0
2019-01-07 00:00:00-05:00,6.771896491933343,6.971461130988995,6.771896491933343,6.931548118591309,107467,0.0,0.0
2019-01-08 00:00:00-05:00,6.9847591034884475,7.0512804495868044,6.9847591034884475,7.037976264953613,105100,0.0,0.0
2019-01-09 00:00:00-05:00,7.117806134124707,7.171023750959437,7.091197748640004,7.157719135284424,123300,0.0,0.0
2019-01-10 00:00:00-05:00,7.157718540899977,7.250849151160761,7.144414772195047,7.237544536590576,96133,0.0,0.0
2019-01-11 00:00:00-05:00,7.250849710798039,7.290762711723915,7.237545095200974,7.264153480529785,128367,0.0,0.0
2019-01-14 00:00:00-05:00,7.250849710798039,7.290762711723915,7.237545095200974,7.264153480529785,67767,0.0,0.0
2019-01-15 00:00:00-05:00,7.2641474931612215,7.317365065820348,7.237539129763968,7.290756702423096,124000,0.0,0.0
2019-01-16 00:00:00-05:00,7.2907607046722465,7.330673694610596,7.277456092737768,7.330673694610596,69700,0.0,0.0
2019-01-17 00:00:00-05:00,7.317370318527235,7.330674932708767,7.2907619360294005,7.304065704345703,65233,0.0,0.0
2019-01-18 00:00:00-05:00,7.317370414733887,7.343978797581561,7.30406580037743,7.317370414733887,119200,0.0,0.0
2019-01-22 00:00:00-05:00,7.3173725930332365,7.330798418129864,7.250240906672983,7.277093410491943,85400,0.15,0.0
2019-01-23 00:00:00-05:00,7.277093038933926,7.357651399903318,7.277093038933926,7.303945541381836,105933,0.0,0.0
2019-01-24 00:00:00-05:00,7.34422434962799,7.371076850714894,7.317371848541087,7.3307976722717285,78267,0.0,0.0
2019-01-25 00:00:00-05:00,7.34422434962799,7.357651026984251,7.303945171184825,7.3307976722717285,94967,0.0,0.0
2019-01-28 00:00:00-05:00,7.330795582815488,7.465059757232666,7.317369762911532,7.465059757232666,124700,0.0,0.0
2019-01-29 00:00:00-05:00,7.478487642380847,7.585899353027344,7.465061818769243,7.585899353027344,96800,0.0,0.0
2019-01-30 00:00:00-05:00,7.5993240764808565,7.67988242099045,7.585898254812916,7.6664557456970215,92767,0.0,0.0
2019-01-31 00:00:00-05:00,7.70673059164228,7.7604364090417945,7.6664514419988965,7.733583927154541,108000,0.0,0.0
2019-02-01 00:00:00-05:00,7.74701452255249,7.77386787463798,7.693309525632581,7.74701452255249,85133,0.0,0.0
2019-02-04 00:00:00-05:00,7.7201593025150546,7.760438462818195,7.6261751642245486,7.679880142211914,108933,0.0,0.0
2019-02-05 00:00:00-05:00,7.693309096283878,7.7067349179518185,7.6396032487356536,7.6664557456970215,57300,0.0,0.0
2019-02-06 00:00:00-05:00,7.666454170960091,7.733586680012314,7.653028352049897,7.720160007476807,64867,0.0,0.0
2019-02-07 00:00:00-05:00,7.706734912555789,7.720161587839817,7.626177421728087,7.653029918670654,86133,0.0,0.0
2019-02-08 00:00:00-05:00,7.666454934820768,7.666454934820768,7.585897452457178,7.599323272705078,94500,0.0,0.0
2019-02-11 00:00:00-05:00,7.63960167951439,7.720160007476807,7.63960167951439,7.720160007476807,61433,0.0,0.0
2019-02-12 00:00:00-05:00,7.733584645787392,7.733584645787392,7.679878823397337,7.693305492401123,65800,0.0,0.0
2019-02-13 00:00:00-05:00,7.733585973824513,7.733585973824513,7.666453470902455,7.679880142211914,65800,0.0,0.0
2019-02-14 00:00:00-05:00,7.679885962640214,7.706738471984863,7.639606771810299,7.706738471984863,51233,0.0,0.0
2019-02-15 00:00:00-05:00,7.693312644125479,7.720165153470129,7.679885962640214,7.706738471984863,70800,0.0,0.0
2019-02-19 00:00:00-05:00,7.693306910482261,7.827570210768065,7.693306910482261,7.787291049957275,165967,0.0,0.0
2019-02-20 00:00:00-05:00,7.868550205059359,7.868550205059359,7.7195759697246755,7.733118534088135,126600,0.15,0.0
2019-02-21 00:00:00-05:00,7.719575612545196,7.773747589588713,7.678946199238533,7.6924896240234375,70167,0.0,0.0
2019-02-22 00:00:00-05:00,7.719575647819432,7.800834474804065,7.719575647819432,7.787291049957275,61567,0.0,0.0
2019-02-25 00:00:00-05:00,7.787291556025254,7.787291556025254,7.746662139892578,7.746662139892578,103600,0.0,0.0
2019-02-26 00:00:00-05:00,7.746661959499685,7.760205384911234,7.692489979949667,7.733118534088135,97200,0.0,0.0
2019-02-27 00:00:00-05:00,7.706033174777967,7.719576601297565,7.638317764276302,7.651861190795898,85967,0.0,0.0
2019-02-28 00:00:00-05:00,7.665403756267335,7.706033174777967,7.651861190795898,7.651861190795898,78000,0.0,0.0
2019-03-01 00:00:00-05:00,7.719575612545196,7.719575612545196,7.651860210716775,7.6924896240234375,79633,0.0,0.0
2019-03-04 00:00:00-05:00,7.719575379940281,7.760204792022705,7.678945967857857,7.760204792022705,111333,0.0,0.0
2019-03-05 00:00:00-05:00,7.773750439927386,7.82792329788208,7.760207871224987,7.82792329788208,82700,0.0,0.0
2019-03-06 00:00:00-05:00,7.855005193863918,7.855005193863918,7.760203818266031,7.800833225250244,72267,0.0,0.0
2019-03-07 00:00:00-05:00,7.800834474804065,7.800834474804065,7.760205061311749,7.787291049957275,84233,0.0,0.0
2019-03-08 00:00:00-05:00,7.773747355351497,7.7872907797283135,7.746661367645889,7.760204792022705,68567,0.0,0.0
2019-03-11 00:00:00-04:00,7.773750696724497,7.868552986014808,7.760208127574734,7.85500955581665,59833,0.0,0.0
2019-03-12 00:00:00-04:00,7.868550092308671,7.909179506913039,7.868550092308671,7.895636081695557,54000,0.0,0.0
2019-03-13 00:00:00-04:00,7.895638642076475,7.936268069856067,7.882095212467158,7.909182071685791,30633,0.0,0.0
2019-03-14 00:00:00-04:00,7.936268981097592,7.949812412261963,7.855010116208273,7.949812412261963,38767,0.0,0.0
2019-03-15 00:00:00-04:00,7.963348759120048,7.990435600280762,7.922719358426758,7.990435600280762,75500,0.0,0.0
2019-03-18 00:00:00-04:00,7.976892179700404,8.003978159813336,7.963348759120048,7.990435600280762,57367,0.0,0.0
2019-03-19 00:00:00-04:00,8.003982898357435,8.044612323104289,8.003982898357435,8.0310697555542,77400,0.0,0.0
2019-03-20 00:00:00-04:00,8.058385694391896,8.072043418884277,7.990093598449705,8.072043418884277,53900,0.15,0.0
2019-03-21 00:00:00-04:00,8.058386057334351,8.181309925152519,8.058386057334351,8.153993606567383,76300,0.0,0.0
2019-03-22 00:00:00-04:00,8.153993903115945,8.181310222694533,8.099361263958764,8.113018989562988,98533,0.0,0.0
2019-03-25 00:00:00-04:00,8.113017302668391,8.113017302668391,8.0174097698374,8.085700988769531,75233,0.0,0.0
2019-03-26 00:00:00-04:00,8.140335465648318,8.140335465648318,8.0720442312038,8.099361419677734,53600,0.0,0.0
2019-03-27 00:00:00-04:00,8.140335013089759,8.167652200045007,8.099360969397111,8.153993606567383,89067,0.0,0.0
2019-03-28 00:00:00-04:00,8.126676405708736,8.153992721328272,8.126676405708736,8.140334129333496,36633,0.0,0.0
2019-03-29 00:00:00-04:00,8.194969106348488,8.222285426892666,8.167652785804307,8.208627700805664,75933,0.0,0.0
2019-04-01 00:00:00-04:00,8.222281391799013,8.249598567307432,8.19496508466034,8.235939979553223,113500,0.0,0.0
2019-04-02 00:00:00-04:00,8.24960261580702,8.24960261580702,8.194969106348488,8.208627700805664,60533,0.0,0.0
2019-04-03 00:00:00-04:00,8.222283363342285,8.249600545400831,8.194967049653693,8.222283363342285,82467,0.0,0.0
2019-04-04 00:00:00-04:00,8.208624972498495,8.23594128396353,8.167650071115999,8.181307792663574,46467,0.0,0.0
2019-04-05 00:00:00-04:00,8.181307792663574,8.208624972498495,8.167650071115999,8.181307792663574,53800,0.0,0.0
2019-04-08 00:00:00-04:00,8.208623672414552,8.235939979553223,8.181306496906132,8.235939979553223,50433,0.0,0.0
2019-04-09 00:00:00-04:00,8.222283806776199,8.222283806776199,8.153992584686746,8.167651176452637,71067,0.0,0.0
2019-04-10 00:00:00-04:00,8.15399214493583,8.222283363342285,8.15399214493583,8.222283363342285,56033,0.0,0.0
2019-04-11 00:00:00-04:00,8.22228269404607,8.23594128396353,8.181307792663574,8.181307792663574,76267,0.0,0.0
2019-04-12 00:00:00-04:00,8.181314391010043,8.222289325439407,8.167656658447312,8.19497299194336,48233,0.0,0.0
2019-04-15 00:00:00-04:00,8.194967049653693,8.222283363342285,8.194967049653693,8.222283363342285,44433,0.0,0.0
2019-04-16 00:00:00-04:00,8.208627112107767,8.235943430692902,8.153993606567383,8.153993606567383,148067,0.0,0.0
2019-04-17 00:00:00-04:00,8.167650798836075,8.181308521600524,8.058384674870672,8.085700988769531,130833,0.0,0.0
2019-04-18 00:00:00-04:00,8.085699897694278,8.113248884566366,8.058150035055688,8.09947395324707,62733,0.15,0.0
2019-04-22 00:00:00-04:00,8.058151649947204,8.058151649947204,8.003053665161133,8.003053665161133,107467,0.0,0.0
2019-04-23 00:00:00-04:00,8.0306010481836,8.09947395324707,8.00305206131151,8.09947395324707,71533,0.0,0.0
2019-04-24 00:00:00-04:00,8.127022550620035,8.154571533203125,8.085698638862215,8.154571533203125,59067,0.0,0.0
2019-04-25 00:00:00-04:00,8.15457623628158,8.182125234753306,8.127027237809852,8.168351173400879,63867,0.0,0.0
2019-04-26 00:00:00-04:00,8.182121024333425,8.223444938659668,8.168346970068956,8.223444938659668,82800,0.0,0.0
2019-04-29 00:00:00-04:00,8.237224107463632,8.237224107463632,8.168351173400879,8.168351173400879,62767,0.0,0.0
2019-04-30 00:00:00-04:00,8.168346970068956,8.223444938659668,8.140797110007181,8.223444938659668,64667,0.0,0.0
2019-05-01 00:00:00-04:00,8.223448688870315,8.306096555213424,8.195899692011551,8.237223625183105,89567,0.0,0.0
2019-05-02 00:00:00-04:00,8.27854494258485,8.27854494258485,8.182122170395628,8.195897102355957,50900,0.0,0.0
2019-05-03 00:00:00-04:00,8.209675374928167,8.292323257603897,8.209675374928167,8.278549194335938,104067,0.0,0.0
2019-05-06 00:00:00-04:00,8.15457229170988,8.264769108058688,8.15457229170988,8.182121276855469,100367,0.0,0.0
2019-05-07 00:00:00-04:00,8.154571533203125,8.209669498369305,8.127022550620035,8.154571533203125,75767,0.0,0.0
2019-05-08 00:00:00-04:00,8.14079972556846,8.154574660025101,8.099475797965232,8.113250732421875,72967,0.0,0.0
2019-05-09 00:00:00-04:00,8.085702960829694,8.099477021600563,8.003055093137146,8.071928024291992,77833,0.0,0.0
2019-05-10 00:00:00-04:00,8.058149781271423,8.14079761505127,8.058149781271423,8.14079761505127,60800,0.0,0.0
2019-05-13 00:00:00-04:00,8.085703169225296,8.085703169225296,8.003055299402634,8.044379234313965,89700,0.0,0.0
2019-05-14 00:00:00-04:00,8.085703302218825,8.195900171872605,8.085703302218825,8.168351173400879,104233,0.0,0.0
2019-05-15 00:00:00-04:00,8.154575758839997,8.27854755835466,8.154575758839997,8.237223625183105,140533,0.0,0.0
2019-05-16 00:00:00-04:00,8.26477376831233,8.374970646797795,8.26477376831233,8.347421646118164,142933,0.0,0.0
2019-05-17 00:00:00-04:00,8.333643219395068,8.333643219395068,8.264770308643024,8.292319297790527,76300,0.0,0.0
2019-05-20 00:00:00-04:00,8.278548306392926,8.292322368183502,8.250998431277973,8.26477336883545,59633,0.0,0.0
2019-05-21 00:00:00-04:00,8.250882705533204,8.30644459476084,8.250882705533204,8.292553901672363,67233,0.15,0.0
2019-05-22 00:00:00-04:00,8.306445576579616,8.348116777644295,8.278664187118913,8.320335388183594,93100,0.0,0.0
2019-05-23 00:00:00-04:00,8.306441649539899,8.306441649539899,8.195318793611808,8.236989974975586,86033,0.0,0.0
2019-05-24 00:00:00-04:00,8.278663635253906,8.3481162211495,8.264773824575839,8.278663635253906,62500,0.0,0.0
2019-05-28 00:00:00-04:00,8.292553342069757,8.348115227547934,8.236992339717789,8.250882148742676,113600,0.0,0.0
2019-05-29 00:00:00-04:00,8.250879588296094,8.250879588296094,8.153647422790527,8.153647422790527,89300,0.0,0.0
2019-05-30 00:00:00-04:00,8.153647276075652,8.306441307067871,8.153647276075652,8.306441307067871,200500,0.0,0.0
2019-05-31 00:00:00-04:00,8.264770468176119,8.278660273213408,8.181428105448562,8.236989974975586,69667,0.0,0.0
2019-06-03 00:00:00-04:00,8.250883130771458,8.292554329058287,8.195322121806559,8.278663635253906,108833,0.0,0.0
2019-06-04 00:00:00-04:00,8.292553871786012,8.306444564824425,8.195321669895911,8.26477336883545,84767,0.0,0.0
2019-06-05 00:00:00-04:00,8.236992339717789,8.306444034220855,8.209210955415594,8.250882148742676,113967,0.0,0.0
2019-06-06 00:00:00-04:00,8.30644341982763,8.459237489683312,8.264772229582794,8.417566299438477,367967,0.0,0.0
2019-06-07 00:00:00-04:00,8.445344964674957,8.487016145871005,8.403673783478911,8.473125457763672,146733,0.0,0.0
2019-06-10 00:00:00-04:00,8.5009084617038,8.542579650878906,8.487017770936724,8.542579650878906,128900,0.0,0.0
2019-06-11 00:00:00-04:00,8.542580502345203,8.598141504699207,8.459238115687988,8.514799118041992,118633,0.0,0.0
2019-06-12 00:00:00-04:00,8.528688082442407,8.63981094776523,8.528688082442407,8.598139762878418,217833,0.0,0.0
2019-06-13 00:00:00-04:00,8.639808442472184,8.764821960882337,8.625917757162464,8.737041473388672,278667,0.0,0.0
2019-06-14 00:00:00-04:00,8.750931320844005,8.792602493862967,8.69537034556924,8.764822006225586,166200,0.0,0.0
2019-06-17 00:00:00-04:00,8.778710485231077,8.820381651968777,8.750930001781159,8.80649185180664,153600,0.0,0.0
2019-06-18 00:00:00-04:00,8.87594930065094,8.88983999301351,8.806497605090536,8.834278106689453,175167,0.0,0.0
2019-06-19 00:00:00-04:00,8.875949729278185,8.875949729278185,8.764826834390073,8.820387840270996,210767,0.0,0.0
2019-06-20 00:00:00-04:00,8.890390741754262,8.890390741754262,8.736384002437005,8.820387840270996,212800,0.15,0.0
2019-06-21 00:00:00-04:00,8.806388295436474,8.84838932660956,8.694382578524117,8.722384452819824,127300,0.0,0.0
2019-06-24 00:00:00-04:00,8.722381488507034,8.764383395540955,8.694379623727798,8.736381530761719,135900,0.0,0.0
2019-06-25 00:00:00-04:00,8.722381142298683,8.736381183997677,8.582374494364439,8.610376358032227,137767,0.0,0.0
2019-06-26 00:00:00-04:00,8.65237826339901,8.708380210464789,8.540372588997656,8.610376358032227,146167,0.0,0.0
2019-06-27 00:00:00-04:00,8.624374318017933,8.75038000370359,8.610374279698206,8.652376174926758,135233,0.0,0.0
2019-06-28 00:00:00-04:00,8.69438049091891,8.778384313365425,8.652379469830677,8.764384269714355,115467,0.0,0.0
2019-07-01 00:00:00-04:00,8.834385057386877,8.87638695862127,8.750381254918093,8.806384086608887,131967,0.0,0.0
2019-07-02 00:00:00-04:00,8.792383156152486,8.806384086608887,8.750381254918093,8.806384086608887,114600,0.0,0.0
2019-07-03 00:00:00-04:00,8.848384003128304,8.848384003128304,8.778381139775552,8.834383964538574,71800,0.0,0.0
2019-07-05 00:00:00-04:00,8.834382844394407,8.904385698871236,8.792380953681391,8.876384735107422,95167,0.0,0.0
2019-07-08 00:00:00-04:00,8.876386541756796,8.890386581420898,8.778381813434239,8.890386581420898,99567,0.0,0.0
2019-07-09 00:00:00-04:00,8.876384735107422,8.890384771922035,8.77838002673219,8.876384735107422,104633,0.0,0.0
2019-07-10 00:00:00-04:00,8.890386581420898,8.91838844101864,8.848384682159054,8.890386581420898,117867,0.0,0.0
2019-07-11 00:00:00-04:00,8.890391260734724,8.932393182103601,8.862390276533885,8.9183931350708,48567,0.0,0.0
2019-07-12 00:00:00-04:00,8.890391260734724,8.960395056439678,8.876391213701924,8.9183931350708,94533,0.0,0.0
2019-07-15 00:00:00-04:00,8.932395140119036,8.960397020593232,8.904394149780273,8.904394149780273,64433,0.0,0.0
2019-07-16 00:00:00-04:00,8.904387687346171,8.932388657362996,8.792382917144087,8.848384857177734,125367,0.0,0.0
2019-07-17 00:00:00-04:00,8.848385097708466,8.848385097708466,8.792383156152486,8.806384086608887,104133,0.0,0.0
2019-07-18 00:00:00-04:00,8.806387794055455,8.848388822837265,8.792386857704727,8.820387840270996,130467,0.0,0.0
2019-07-19 00:00:00-04:00,8.820388322151782,8.890951249277736,8.820388322151782,8.834501266479492,107533,0.15,0.0
2019-07-22 00:00:00-04:00,8.834496971842388,8.862721949520747,8.749821141551447,8.763933181762695,110000,0.0,0.0
2019-07-23 00:00:00-04:00,8.778045132079217,8.890945927352059,8.763932196199201,8.848608016967773,172867,0.0,0.0
2019-07-24 00:00:00-04:00,8.8909459543776,8.905058890300515,8.84860804386462,8.87683391571045,117200,0.0,0.0
2019-07-25 00:00:00-04:00,8.876839202206325,8.890951249277736,8.806275377824072,8.834501266479492,86233,0.0,0.0
2019-07-26 00:00:00-04:00,8.862723350524902,8.890948332665019,8.834498368384786,8.862723350524902,67500,0.0,0.0
2019-07-29 00:00:00-04:00,8.848608016967773,8.890945927352059,8.820383042463504,8.848608016967773,101767,0.0,0.0
2019-07-30 00:00:00-04:00,8.862725773684797,8.919175753399031,8.79216285041388,8.820387840270996,176600,0.0,0.0
2019-07-31 00:00:00-04:00,8.848612830128113,8.890950763541914,8.79216285041388,8.820387840270996,114900,0.0,0.0
2019-08-01 00:00:00-04:00,8.820388881893109,8.820388881893109,8.70748801187564,8.735713005065918,131200,0.0,0.0
2019-08-02 00:00:00-04:00,8.707482833584598,8.735707809989641,8.608694070283212,8.665144920349121,189700,0.0,0.0
2019-08-05 00:00:00-04:00,8.580472547866737,8.580472547866737,8.425233769265352,8.509909629821777,227800,0.0,0.0
2019-08-06 00:00:00-04:00,8.524019171995135,8.651032014906574,8.481681258606047,8.636919975280762,140467,0.0,0.0
2019-08-07 00:00:00-04:00,8.580469093878168,8.693369896754165,8.509906204237648,8.665144920349121,114900,0.0,0.0
2019-08-08 00:00:00-04:00,8.66514866090213,8.76393656959225,8.66514866090213,8.749824523925781,93033,0.0,0.0
2019-08-09 00:00:00-04:00,8.749824082022506,8.77804906918617,8.63692323611168,8.707486152648926,78933,0.0,0.0
2019-08-12 00:00:00-04:00,8.312333657401474,8.326446601163322,8.072418996987613,8.213544845581055,726567,0.0,0.0
2019-08-13 00:00:00-04:00,8.284106200609992,8.411119067624554,8.269993261050153,8.368782043457031,328567,0.0,0.0
2019-08-14 00:00:00-04:00,8.255881309509277,8.326445118497167,8.213543383018985,8.255881309509277,224000,0.0,0.0
2019-08-15 00:00:00-04:00,8.298216386375596,8.326442259180373,8.241766435277635,8.284104347229004,169833,0.0,0.0
2019-08-16 00:00:00-04:00,8.34094584513535,8.468830184103123,8.34094584513535,8.454621315002441,201067,0.12,0.0
2019-08-19 00:00:00-04:00,8.511456353496751,8.58250429391194,8.284105473721993,8.568294525146484,151767,0.0,0.0
2019-08-20 00:00:00-04:00,8.554086561569457,8.610924745213884,8.511458149689208,8.596714973449707,114600,0.0,0.0
2019-08-21 00:00:00-04:00,8.625130944536068,8.63934071190306,8.497246651881142,8.525665283203125,194400,0.0,0.0
2019-08-22 00:00:00-04:00,8.525667094147934,8.596714139250063,8.48303868640422,8.554085731506348,138400,0.0,0.0
2019-08-23 00:00:00-04:00,8.568293702078547,8.596712333467485,8.497246671900205,8.511455535888672,121167,0.0,0.0
2019-08-26 00:00:00-04:00,8.52566894302891,8.582507133483887,8.497250299507614,8.582507133483887,75433,0.0,0.0
2019-08-27 00:00:00-04:00,8.596714213071104,8.625132850673552,8.525667167358888,8.539876937866211,98267,0.0,0.0
2019-08-28 00:00:00-04:00,8.539877693217562,8.639343385329957,8.525667921453385,8.596714973449707,205233,0.0,0.0
2019-08-29 00:00:00-04:00,8.610924745213884,8.639343385329957,8.554086561569457,8.596714973449707,112333,0.0,0.0
2019-08-30 00:00:00-04:00,8.568297360017045,8.625134647059634,8.554087586550203,8.582507133483887,92767,0.0,0.0
2019-09-03 00:00:00-04:00,8.525665938082495,8.65355114397263,8.525665938082495,8.625131607055664,123267,0.0,0.0
2019-09-04 00:00:00-04:00,8.625131340886949,8.767226310850562,8.625131340886949,8.738807678222656,110467,0.0,0.0
2019-09-05 00:00:00-04:00,8.767226310850562,8.781436078870536,8.696179277574776,8.738807678222656,115400,0.0,0.0
2019-09-06 00:00:00-04:00,8.710390090942383,8.78143804352564,8.696181223155527,8.710390090942383,206500,0.0,0.0
2019-09-09 00:00:00-04:00,8.65355114397263,8.681969777477525,8.625131607055664,8.625131607055664,119133,0.0,0.0
2019-09-10 00:00:00-04:00,8.625134647059634,8.653554193993317,8.554087586550203,8.582507133483887,89900,0.0,0.0
2019-09-11 00:00:00-04:00,8.568297360017045,8.61092577700518,8.568297360017045,8.582507133483887,91300,0.0,0.0
2019-09-12 00:00:00-04:00,8.58250384365111,8.80985471149844,8.58250384365111,8.738807678222656,241567,0.0,0.0
2019-09-13 00:00:00-04:00,8.753018599961024,8.795647010627412,8.639343139321403,8.681971549987793,83900,0.0,0.0
2019-09-16 00:00:00-04:00,8.6251340653523,8.767229080200195,8.6251340653523,8.767229080200195,96867,0.0,0.0
2019-09-17 00:00:00-04:00,8.781434924878635,8.83827218266531,8.753015392573374,8.809853553771973,74433,0.0,0.0
2019-09-18 00:00:00-04:00,8.80985749431333,8.824066363409491,8.681972251973924,8.767229080200195,117367,0.0,0.0
2019-09-19 00:00:00-04:00,8.767223276317306,8.852480048103779,8.75301351321565,8.795641899108887,68500,0.0,0.0
2019-09-20 00:00:00-04:00,8.80995101414872,8.910064569164765,8.795649727209524,8.867158889770508,86033,0.12,0.0
2019-09-23 00:00:00-04:00,8.83855439706734,8.852855682373047,8.79564872257375,8.852855682373047,97433,0.0,0.0
2019-09-24 00:00:00-04:00,8.86715766807156,8.91006334155436,8.767044126848953,8.781346321105957,144200,0.0,0.0
2019-09-25 00:00:00-04:00,8.795648515362961,8.824251994588758,8.75274284188016,8.781346321105957,112133,0.0,0.0
2019-09-26 00:00:00-04:00,8.838552350092511,8.838552350092511,8.795646685535711,8.809947967529297,93400,0.0,0.0
2019-09-27 00:00:00-04:00,8.838555406603781,8.867158889770508,8.795649727209524,8.867158889770508,50267,0.0,0.0
2019-09-30 00:00:00-04:00,8.881457390778305,8.910061774260758,8.852853916583902,8.895759582519531,94267,0.0,0.0
2019-10-01 00:00:00-04:00,8.895759296642897,8.910061487924505,8.809947967529297,8.809947967529297,102233,0.0,0.0
2019-10-02 00:00:00-04:00,8.781346321105957,8.795648515362961,8.666931494914556,8.781346321105957,174667,0.0,0.0
2019-10-03 00:00:00-04:00,8.75274108291444,8.852853694730037,8.709835418054034,8.824250221252441,122067,0.0,0.0
2019-10-04 00:00:00-04:00,8.838552634130727,8.910061774260758,8.838552634130727,8.895759582519531,94267,0.0,0.0
2019-10-07 00:00:00-04:00,8.895759582519531,8.938665248455159,8.881457390778305,8.895759582519531,103167,0.0,0.0
2019-10-08 00:00:00-04:00,8.881460176709703,8.895762372937234,8.80995101414872,8.867158889770508,60467,0.0,0.0
2019-10-09 00:00:00-04:00,8.91005979858761,8.981568922861559,8.867154142165674,8.881455421447754,308867,0.0,0.0
2019-10-10 00:00:00-04:00,8.895759644401958,8.952967502476774,8.809948311933763,8.910061836242676,173767,0.0,0.0
2019-10-11 00:00:00-04:00,8.938667355973093,9.038779993901626,8.910063875034695,8.952969551086426,151967,0.0,0.0
2019-10-14 00:00:00-04:00,8.938667355973093,8.981573032024826,8.895761679921362,8.952969551086426,85200,0.0,0.0
2019-10-15 00:00:00-04:00,8.995874284690881,9.024477762632655,8.938666419519164,8.967269897460938,99467,0.0,0.0
2019-10-16 00:00:00-04:00,8.952969753744712,9.05308239393938,8.938667558307637,9.024478912353516,121667,0.0,0.0
2019-10-17 00:00:00-04:00,9.067380988695987,9.110286648680978,9.05307879893835,9.09598445892334,99733,0.0,0.0
2019-10-18 00:00:00-04:00,9.08159294643672,9.139161960478768,9.052808439415697,9.124770164489746,78567,0.12,0.0
2019-10-21 00:00:00-04:00,9.124771598856642,9.211126048537166,9.095986172267718,9.182340621948242,85700,0.0,0.0
2019-10-22 00:00:00-04:00,9.167946500235212,9.239908218383789,9.167946500235212,9.239908218383789,189900,0.0,0.0
2019-10-23 00:00:00-04:00,9.21113109588623,9.22552290202373,9.182345653523981,9.21113109588623,100367,0.0,0.0
2019-10-24 00:00:00-04:00,9.340654585255178,9.340654585255178,9.182338436862477,9.254301071166992,188667,0.0,0.0
2019-10-25 00:00:00-04:00,9.225519900032198,9.254305333027645,9.153558147630235,9.196735382080078,94567,0.0,0.0
2019-10-28 00:00:00-04:00,9.196731889563795,9.196731889563795,9.110377453457744,9.124770164489746,90067,0.0,0.0
2019-10-29 00:00:00-04:00,9.124771598856642,9.196733335242705,9.124771598856642,9.182340621948242,73033,0.0,0.0
2019-10-30 00:00:00-04:00,9.182345653523981,9.21113109588623,9.167953847386482,9.21113109588623,132767,0.0,0.0
2019-10-31 00:00:00-04:00,9.254301421013109,9.297477722167969,9.211124204815306,9.297477722167969,142233,0.0,0.0
2019-11-01 00:00:00-04:00,9.340658088982337,9.340658088982337,9.268696342727521,9.326266288757324,117433,0.0,0.0
2019-11-04 00:00:00-05:00,9.326265195881493,9.340656994420039,9.283087970179572,9.311872482299805,127667,0.0,0.0
2019-11-05 00:00:00-05:00,9.311877399023231,9.311877399023231,9.21113109588623,9.21113109588623,151700,0.0,0.0
2019-11-06 00:00:00-05:00,9.211123856601446,9.26869286599357,9.211123856601446,9.254301071166992,90400,0.0,0.0
2019-11-07 00:00:00-05:00,9.283085432281514,9.297477226885492,9.196731004486065,9.239908218383789,118033,0.0,0.0
2019-11-08 00:00:00-05:00,9.211126048537166,9.225517846788504,9.153556110402443,9.182340621948242,93500,0.0,0.0
2019-11-11 00:00:00-05:00,9.139160611685927,9.153553320593797,9.081591606140137,9.081591606140137,80433,0.0,0.0
2019-11-12 00:00:00-05:00,9.095983400005162,9.139160611685927,9.052807103367241,9.081591606140137,100867,0.0,0.0
2019-11-13 00:00:00-05:00,9.052808439415697,9.15355467151077,9.052808439415697,9.124770164489746,104867,0.0,0.0
2019-11-14 00:00:00-05:00,9.11037888556218,9.196733335242705,9.11037888556218,9.182340621948242,160800,0.0,0.0
2019-11-15 00:00:00-05:00,9.196732135589915,9.196732135589915,9.139162204964808,9.153554916381836,80400,0.0,0.0
2019-11-18 00:00:00-05:00,9.110377837652226,9.211124989038895,9.110377837652226,9.167947769165039,128900,0.0,0.0
2019-11-19 00:00:00-05:00,9.196731146731961,9.254301071166992,9.182338436862477,9.254301071166992,78233,0.0,0.0
2019-11-20 00:00:00-05:00,9.26878102292099,9.312228505901137,9.239815420420472,9.297745704650879,84100,0.12,0.0
2019-11-21 00:00:00-05:00,9.312233292523048,9.312233292523048,9.225338281897466,9.254302978515625,64200,0.0,0.0
2019-11-22 00:00:00-05:00,9.239820169820995,9.283267675133784,9.196372664508203,9.254302978515625,61900,0.0,0.0
2019-11-25 00:00:00-05:00,9.26878547668457,9.28326736412292,9.22533797282737,9.26878547668457,86000,0.0,0.0
2019-11-26 00:00:00-05:00,9.283264810375854,9.355676989960855,9.268782926921347,9.341195106506348,77400,0.0,0.0
2019-11-27 00:00:00-05:00,9.370161701188968,9.41360920193651,9.341197007614275,9.384644508361816,70967,0.0,0.0
2019-11-29 00:00:00-05:00,9.384644810193445,9.45705700684462,9.370162002554794,9.413609504699707,86333,0.0,0.0
2019-12-02 00:00:00-05:00,9.399128617967301,9.399128617967301,9.326716406517194,9.370163917541504,99800,0.0,0.0
2019-12-03 00:00:00-05:00,9.312232314039584,9.399126394763659,9.297749506866735,9.384644508361816,116467,0.0,0.0
2019-12-04 00:00:00-05:00,9.41360919570539,9.44257388926091,9.38464450214987,9.428092002868652,109467,0.0,0.0
2019-12-05 00:00:00-05:00,9.428092009109358,9.45705670268405,9.370161701188968,9.384644508361816,122400,0.0,0.0
2019-12-06 00:00:00-05:00,9.399126697061057,9.45705700684462,9.384644810193445,9.413609504699707,96267,0.0,0.0
2019-12-09 00:00:00-05:00,9.384640371055333,9.457052533453988,9.384640371055333,9.442569732666016,102500,0.0,0.0
2019-12-10 00:00:00-05:00,9.428090090316676,9.442571973771184,9.326712302281019,9.341195106506348,115500,0.0,0.0
2019-12-11 00:00:00-05:00,9.341199267211808,9.35568115711676,9.225339544116045,9.239821434020996,142600,0.0,0.0
2019-12-12 00:00:00-05:00,9.254304244697177,9.28326894527831,9.152926411506366,9.239821434020996,110533,0.0,0.0
2019-12-13 00:00:00-05:00,9.225337647563114,9.268785149888455,9.152924529840188,9.196372032165527,115733,0.0,0.0
2019-12-16 00:00:00-05:00,9.210856733439863,9.28326894527831,9.196373922763682,9.239821434020996,130767,0.0,0.0
2019-12-17 00:00:00-05:00,9.268787402410421,9.297752104076036,9.210857078307928,9.225339889526367,115567,0.0,0.0
2019-12-18 00:00:00-05:00,9.239821434020996,9.268787055373359,9.196373922763682,9.239821434020996,114633,0.0,0.0
2019-12-19 00:00:00-05:00,9.283266366625408,9.35567855834961,9.268784480743152,9.35567855834961,110033,0.0,0.0
2019-12-20 00:00:00-05:00,9.341195106506348,9.413607286091347,9.283264810375854,9.341195106506348,260767,0.0,0.0
2019-12-23 00:00:00-05:00,9.355679194916144,9.413609504699707,9.355679194916144,9.413609504699707,125033,0.0,0.0
2019-12-24 00:00:00-05:00,9.413605051860674,9.442569732666016,9.384640371055333,9.442569732666016,76767,0.0,0.0
2019-12-26 00:00:00-05:00,9.471535334241958,9.51498189506467,9.384640371055333,9.442569732666016,211833,0.0,0.0
2019-12-27 00:00:00-05:00,9.457052533453988,9.5005000150473,9.428087852648646,9.442569732666016,134267,0.0,0.0
2019-12-30 00:00:00-05:00,9.51543284986679,9.544576335561311,9.384285774559386,9.413429260253906,147600,0.12,0.0
2019-12-31 00:00:00-05:00,9.413430086330798,9.47171798928961,9.398858805432186,9.442574501037598,111733,0.0,0.0
2020-01-02 00:00:00-05:00,9.500861477541623,9.500861477541623,9.398858805432186,9.442574501037598,143000,0.0,0.0
2020-01-03 00:00:00-05:00,9.398858805432186,9.45714578193621,9.384286598078786,9.442574501037598,109167,0.0,0.0
2020-01-06 00:00:00-05:00,9.428002076411802,9.515433465607732,9.398858588831414,9.486289978027344,153067,0.0,0.0
2020-01-07 00:00:00-05:00,9.486290041587871,9.515433529363527,9.442574346697,9.471717834472656,156633,0.0,0.0
2020-01-08 00:00:00-05:00,9.486290041587871,9.530005736478742,9.41342993246657,9.471717834472656,167667,0.0,0.0
2020-01-09 00:00:00-05:00,9.486289978027344,9.500861258590154,9.471717771009766,9.486289978027344,71367,0.0,0.0
2020-01-10 00:00:00-05:00,9.530006252771944,9.559149742126465,9.500861836962601,9.559149742126465,194000,0.0,0.0
2020-01-13 00:00:00-05:00,9.573723197321993,9.690299034118652,9.559151912563685,9.690299034118652,180433,0.0,0.0
2020-01-14 00:00:00-05:00,9.67572511210883,9.836015701293945,9.66115290347205,9.836015701293945,300767,0.0,0.0
2020-01-15 00:00:00-05:00,9.836015701293945,9.8943036093862,9.77772779320169,9.836015701293945,121533,0.0,0.0
2020-01-16 00:00:00-05:00,9.836015701293945,9.90887489156811,9.821443492657163,9.836015701293945,125433,0.0,0.0
2020-01-17 00:00:00-05:00,9.821356113389976,9.865332408516817,9.704086303710938,9.704086303710938,154467,0.12,0.0
2020-01-21 00:00:00-05:00,9.674769252099903,9.762721852351708,9.66011110670974,9.689428329467773,195433,0.0,0.0
2020-01-22 00:00:00-05:00,9.73340305878692,9.792038426817935,9.689426765758046,9.748062133789062,192800,0.0,0.0
2020-01-23 00:00:00-05:00,9.733402890512345,9.80669640030082,9.733402890512345,9.762720108032227,153500,0.0,0.0
2020-01-24 00:00:00-05:00,9.792038574788657,9.836013936504498,9.718744130647922,9.733403205871582,145900,0.0,0.0
2020-01-27 00:00:00-05:00,9.645451865815684,9.674769088076681,9.58681742129369,9.616134643554688,115267,0.0,0.0
2020-01-28 00:00:00-05:00,9.660115527649939,9.71875,9.616139207398327,9.71875,105700,0.0,0.0
2020-01-29 00:00:00-05:00,9.733402890512345,9.777379182780939,9.733402890512345,9.762720108032227,122500,0.0,0.0
2020-01-30 00:00:00-05:00,9.762720766067952,9.792038917541504,9.733403546572003,9.792038917541504,108100,0.0,0.0
2020-01-31 00:00:00-05:00,9.748064182009857,9.777381406196593,9.630793421307404,9.645452499389648,128367,0.0,0.0
2020-02-03 00:00:00-05:00,9.645450472729175,9.748062133789062,9.63079139772703,9.748062133789062,100767,0.0,0.0
2020-02-04 00:00:00-05:00,9.806699277713928,9.850675582885742,9.77738205159199,9.850675582885742,94367,0.0,0.0
2020-02-05 00:00:00-05:00,9.879983901977539,9.894642967811935,9.821349502593907,9.879983901977539,113467,0.0,0.0
2020-02-06 00:00:00-05:00,9.836013793945312,9.879990087001351,9.806696575900473,9.836013793945312,66400,0.0,0.0
2020-02-07 00:00:00-05:00,9.821358356763804,9.87999280900768,9.821358356763804,9.850675582885742,113233,0.0,0.0
2020-02-10 00:00:00-05:00,9.850677766971843,9.997264862060547,9.850677766971843,9.997264862060547,117600,0.0,0.0
2020-02-11 00:00:00-05:00,10.041234785067843,10.055893858036445,9.967941284179688,9.967941284179688,118700,0.0,0.0
2020-02-12 00:00:00-05:00,9.997261701541,10.070556157892172,9.997261701541,10.026579856872559,129733,0.0,0.0
2020-02-13 00:00:00-05:00,10.026578923179883,10.158507813953271,10.026578923179883,10.114531517028809,174600,0.0,0.0
2020-02-14 00:00:00-05:00,10.143849387213372,10.231801986694336,10.114532164712283,10.231801986694336,70533,0.0,0.0
2020-02-18 00:00:00-05:00,10.231800863610427,10.261118082893539,10.202482712349719,10.246459007263184,86300,0.0,0.0
2020-02-19 00:00:00-05:00,10.261121124078816,10.27578020405382,10.143851280212402,10.143851280212402,118767,0.0,0.0
2020-02-20 00:00:00-05:00,10.173339005246792,10.202826680834633,10.114362716674805,10.114362716674805,92933,0.12,0.0
2020-02-21 00:00:00-05:00,10.129108099848494,10.14385147051142,10.040644126285317,10.055387496948242,114533,0.0,0.0
2020-02-24 00:00:00-05:00,9.89320043495888,9.952176709394754,9.819480794961098,9.878457069396973,200067,0.0,0.0
2020-02-25 00:00:00-05:00,9.907944367397805,9.907944367397805,9.406649334325666,9.554089546203613,326833,0.0,0.0
2020-02-26 00:00:00-05:00,9.568832911214177,9.731016488102686,9.539345243797005,9.554089546203613,151633,0.0,0.0
2020-02-27 00:00:00-05:00,9.436138523370833,9.465626192613712,8.920099155941868,8.97907543182373,429567,0.0,0.0
2020-02-28 00:00:00-05:00,8.772660991996299,8.846380643210473,8.25662155870462,8.639965057373047,495100,0.0,0.0
2020-03-02 00:00:00-05:00,8.669451846571926,9.126514949859217,8.654708480269838,9.111771583557129,249767,0.0,0.0
2020-03-03 00:00:00-05:00,9.141254543601413,9.318181409839257,8.964326739967923,9.052790641784668,295800,0.0,0.0
2020-03-04 00:00:00-05:00,9.170746972911688,9.36241823503937,9.170746972911688,9.332930564880371,174933,0.0,0.0
2020-03-05 00:00:00-05:00,9.229721966816129,9.33292926671505,9.170745697305316,9.259209632873535,151033,0.0,0.0
2020-03-06 00:00:00-05:00,9.023304752692466,9.155999693988193,8.890608874000911,9.141256332397461,145633,0.0,0.0
2020-03-09 00:00:00-04:00,8.625217322113434,8.625217322113434,8.389314157083057,8.404058456420898,224300,0.0,0.0
2020-03-10 00:00:00-04:00,8.757918569893862,8.787406249240632,8.212391346298286,8.448295593261719,219933,0.0,0.0
2020-03-11 00:00:00-04:00,8.286107517345894,8.359827144967946,7.681604789792798,7.725836753845215,281400,0.0,0.0
2020-03-12 00:00:00-04:00,7.150821907575117,7.150821907575117,6.369391819937501,6.723247051239014,340467,0.0,0.0
2020-03-13 00:00:00-04:00,7.032872028645482,7.165567479685102,6.531576956789443,7.121335506439209,278700,0.0,0.0
2020-03-16 00:00:00-04:00,6.457856019399782,6.914918557695951,6.104000773059227,6.266184329986572,487500,0.0,0.0
2020-03-17 00:00:00-04:00,6.339906648165047,6.502090273906606,5.95656357538483,6.133491039276123,519100,0.0,0.0
2020-03-18 00:00:00-04:00,5.809120408353229,5.823864706623671,4.659091390340624,4.718067646026611,588767,0.0,0.0
2020-03-19 00:00:00-04:00,4.792723980214601,5.6736293766222206,4.434389348382644,5.315295219421387,353667,0.12,0.0
2020-03-20 00:00:00-04:00,5.3302233112975825,5.882655246356384,5.3302233112975825,5.47952938079834,435233,0.0,0.0
2020-03-23 00:00:00-04:00,5.389946574803548,5.419807983711955,4.658347040172999,5.1211957931518555,254700,0.0,0.0
2020-03-24 00:00:00-04:00,5.46459899637224,5.86772537748655,5.46459899637224,5.703488826751709,344133,0.0,0.0
2020-03-25 00:00:00-04:00,5.6736260515695,6.644115130464753,5.613903727036551,6.1663360595703125,279433,0.0,0.0
2020-03-26 00:00:00-04:00,6.270851038032244,6.718768765907017,6.121544970530352,6.673976898193359,229033,0.0,0.0
2020-03-27 00:00:00-04:00,6.494810408456409,6.673977418652173,6.136475913433941,6.539602279663086,181767,0.0,0.0
2020-03-30 00:00:00-04:00,6.479880161119384,6.509741093175341,6.211128924830031,6.3604350090026855,327667,0.0,0.0
2020-03-31 00:00:00-04:00,6.464949665240237,6.524672008091924,6.2260602938334895,6.3305745124816895,193467,0.0,0.0
2020-04-01 00:00:00-04:00,6.18126886095822,6.18126886095822,5.852795714421574,5.942378997802734,237067,0.0,0.0
2020-04-02 00:00:00-04:00,5.912516020052401,6.061822073642631,5.7632099664621705,5.8527936935424805,255767,0.0,0.0
2020-04-03 00:00:00-04:00,5.822933504625964,5.86772537748655,5.598974614953996,5.703488826751709,222667,0.0,0.0
2020-04-06 00:00:00-04:00,5.8826566618001195,6.136476993560791,5.867726193646852,6.136476993560791,213967,0.0,0.0
2020-04-07 00:00:00-04:00,6.420157870522613,6.659047719577242,6.330574592429248,6.390296936035156,182900,0.0,0.0
2020-04-08 00:00:00-04:00,6.4201555578791965,6.748629041336749,6.4201555578791965,6.7187676429748535,195567,0.0,0.0
2020-04-09 00:00:00-04:00,6.89793784807697,7.136827723246817,6.8382154979422705,6.95766019821167,195700,0.0,0.0
2020-04-13 00:00:00-04:00,7.092035766503366,7.136827647285406,6.7486321382261245,6.897937774658203,316067,0.0,0.0
2020-04-14 00:00:00-04:00,7.047242776096579,7.151756989921358,6.868075755810231,6.97258996963501,290600,0.0,0.0
2020-04-15 00:00:00-04:00,6.823284024752961,6.868075899418869,6.644117000720303,6.733700275421143,179700,0.0,0.0
2020-04-16 00:00:00-04:00,6.763560713697649,6.778491178235336,6.554532311646396,6.569462776184082,130567,0.0,0.0
2020-04-17 00:00:00-04:00,6.720137397227766,6.795475068186919,6.674934603058181,6.750272274017334,177867,0.12,0.0
2020-04-20 00:00:00-04:00,6.644802122190566,6.735207749644187,6.524261604909365,6.539329528808594,173033,0.0,0.0
2020-04-21 00:00:00-04:00,6.388654146817743,6.448924410214031,6.298248512230573,6.433856964111328,156267,0.0,0.0
2020-04-22 00:00:00-04:00,6.5393289984236995,6.5393289984236995,6.448923378302601,6.479058265686035,106933,0.0,0.0
2020-04-23 00:00:00-04:00,6.539328941681786,6.614666638472062,6.418787956237793,6.418787956237793,143733,0.0,0.0
2020-04-24 00:00:00-04:00,6.479057938078113,6.494125859993333,6.343449993738763,6.388652801513672,211467,0.0,0.0
2020-04-27 00:00:00-04:00,6.433856327946729,6.554396842820543,6.433856327946729,6.524261474609375,245367,0.0,0.0
2020-04-28 00:00:00-04:00,6.629730980996186,6.7352039945591216,6.629730980996186,6.6598663330078125,126433,0.0,0.0
2020-04-29 00:00:00-04:00,6.705072929968324,6.855748338653546,6.705072929968324,6.765343189239502,178867,0.0,0.0
2020-04-30 00:00:00-04:00,6.825611247501913,6.825611247501913,6.614665168582428,6.629732608795166,255433,0.0,0.0
2020-05-01 00:00:00-04:00,6.524261604909365,6.614667232362986,6.433856456441183,6.539329528808594,162867,0.0,0.0
2020-05-04 00:00:00-04:00,6.494126132013463,6.524261019135415,6.343450259447518,6.418787956237793,184567,0.0,0.0
2020-05-05 00:00:00-04:00,6.479058265686035,6.554396442115416,6.448923378302601,6.479058265686035,104033,0.0,0.0
2020-05-06 00:00:00-04:00,6.524264256700066,6.539332186723663,6.343453407287597,6.343453407287598,183667,0.0,0.0
2020-05-07 00:00:00-04:00,6.418786458690304,6.509192056934697,6.403719018644667,6.4639892578125,93333,0.0,0.0
2020-05-08 00:00:00-04:00,6.554396077039739,6.644801213139929,6.554396077039739,6.5995988845825195,78233,0.0,0.0
2020-05-11 00:00:00-04:00,6.55439567565918,6.629733364293342,6.524260312814309,6.55439567565918,108633,0.0,0.0
2020-05-12 00:00:00-04:00,6.614669920899117,6.614669920899117,6.328385956249633,6.343453407287598,148100,0.0,0.0
2020-05-13 00:00:00-04:00,6.313314250807509,6.328382171820354,6.117436067493986,6.132503509521484,118367,0.0,0.0
2020-05-14 00:00:00-04:00,6.04209709508619,6.1475701332092285,5.906489176919587,6.1475701332092285,151633,0.0,0.0
2020-05-15 00:00:00-04:00,6.117435253165664,6.1475701332092285,6.011962215042626,6.1475701332092285,157300,0.0,0.0
2020-05-18 00:00:00-04:00,6.268113141039691,6.433856964111327,6.268113141039691,6.433856964111328,149700,0.0,0.0
2020-05-19 00:00:00-04:00,6.418786458690304,6.539327416011255,6.343448779476834,6.4639892578125,145467,0.0,0.0
2020-05-20 00:00:00-04:00,6.4944068152833925,6.60087251663208,6.4944068152833925,6.60087251663208,153033,0.12,0.0
2020-05-21 00:00:00-04:00,6.540037926647973,6.585666176937486,6.463991165161132,6.463991165161133,102233,0.0,0.0
2020-05-22 00:00:00-04:00,6.479198396305918,6.5096173814922205,6.41836090942668,6.494408130645752,71333,0.0,0.0
2020-05-26 00:00:00-04:00,6.707341310417726,6.829016807895384,6.676922798668456,6.798597812652588,150933,0.0,0.0
2020-05-27 00:00:00-04:00,6.859434183164315,6.889853173367252,6.737759189339461,6.84422492980957,96067,0.0,0.0
2020-05-28 00:00:00-04:00,6.905060133715948,7.011525838831331,6.8594319053103145,6.950688362121582,203333,0.0,0.0
2020-05-29 00:00:00-04:00,6.981109142303468,6.9963183945292915,6.8746434097358735,6.981109142303467,86000,0.0,0.0
2020-06-01 00:00:00-04:00,6.96589911385107,7.209249556704821,6.920270875597655,7.194039821624756,109667,0.0,0.0
2020-06-02 00:00:00-04:00,7.23966805987817,7.330924536385001,7.194039821624755,7.194039821624756,112267,0.0,0.0
2020-06-03 00:00:00-04:00,7.330925835496919,7.49822908307829,7.300506843439636,7.483019828796387,107933,0.0,0.0
2020-06-04 00:00:00-04:00,7.513440338965485,7.513440338965485,7.315718530146564,7.346137046813965,99767,0.0,0.0
2020-06-05 00:00:00-04:00,7.635112193365101,7.665530695439999,7.5134367345853885,7.528646469116211,144767,0.0,0.0
2020-06-08 00:00:00-04:00,7.66552967691725,7.726367156476913,7.635111178884072,7.680738925933838,163600,0.0,0.0
2020-06-09 00:00:00-04:00,7.589487141884443,7.635115397639244,7.528649628709233,7.574277400970459,208700,0.0,0.0
2020-06-10 00:00:00-04:00,7.604695256563216,7.604695256563216,7.406973005834912,7.498229503631592,116800,0.0,0.0
2020-06-11 00:00:00-04:00,7.163622483046829,7.27008822844855,6.965900246302644,7.011528491973877,305367,0.0,0.0
2020-06-12 00:00:00-04:00,7.178830656968976,7.3005056381225595,7.117993166392184,7.300505638122559,155100,0.0,0.0
2020-06-15 00:00:00-04:00,7.133202055824678,7.3765524892640055,7.041946066341631,7.270086765289307,141700,0.0,0.0
2020-06-16 00:00:00-04:00,7.467810388173722,7.543857629596199,7.330926127202853,7.406972885131836,203333,0.0,0.0
2020-06-17 00:00:00-04:00,7.437387992209725,7.483016216522817,7.406969014836583,7.422178745269775,103100,0.0,0.0
2020-06-18 00:00:00-04:00,7.376176966686746,7.437517255886079,7.345506578342437,7.391511917114258,138467,0.12,0.0
2020-06-19 00:00:00-04:00,7.437515009511687,7.437515009511687,7.253493710004894,7.299499034881592,145700,0.0,0.0
2020-06-22 00:00:00-04:00,7.23815999876542,7.268830383077472,7.130814384907067,7.222825050354004,112500,0.0,0.0
2020-06-23 00:00:00-04:00,7.284165331488889,7.345505612623772,7.192154666041952,7.222825050354004,70433,0.0,0.0
2020-06-24 00:00:00-04:00,7.192157564594645,7.192157564594645,6.946796341170673,7.054141998291016,98467,0.0,0.0
2020-06-25 00:00:00-04:00,7.038803035196416,7.100143306119956,6.977462276783737,7.084807872772217,75567,0.0,0.0
2020-06-26 00:00:00-04:00,7.038805363346836,7.130815556420804,6.992800023065202,7.023469924926758,171900,0.0,0.0
2020-06-29 00:00:00-04:00,7.023471156783944,7.146151760725904,6.992801249543147,7.115481853485107,131033,0.0,0.0
2020-06-30 00:00:00-04:00,7.161486983305403,7.2074923302521485,7.084811242564372,7.146151542663574,65100,0.0,0.0
2020-07-01 00:00:00-04:00,7.13081316865979,7.314834468166583,7.13081316865979,7.299499034881592,84500,0.0,0.0
2020-07-02 00:00:00-04:00,7.391514739314832,7.468190008217542,7.268834114074708,7.268834114074707,165200,0.0,0.0
2020-07-06 00:00:00-04:00,7.376174738839135,7.406844630430842,7.284164089085738,7.299499034881592,161533,0.0,0.0
2020-07-07 00:00:00-04:00,7.284164987072863,7.284164987072863,7.176819378290117,7.238159656524658,105200,0.0,0.0
2020-07-08 00:00:00-04:00,7.176822432455192,7.207492828369141,7.1308170823289725,7.207492828369141,60933,0.0,0.0
2020-07-09 00:00:00-04:00,7.176821578058039,7.176821578058039,7.023470591723469,7.161486625671387,140133,0.0,0.0
2020-07-10 00:00:00-04:00,7.054137632985114,7.161483223676877,7.054137632985114,7.100142955780029,97900,0.0,0.0
2020-07-13 00:00:00-04:00,7.176822610003001,7.207493006675706,7.0388070436993715,7.054141998291016,151600,0.0,0.0
2020-07-14 00:00:00-04:00,7.023468052918491,7.1921539306640625,6.9927981592315716,7.1921539306640625,216733,0.0,0.0
2020-07-15 00:00:00-04:00,7.422180675967858,7.437515623028683,7.238159361281237,7.314835071563721,306933,0.0,0.0
2020-07-16 00:00:00-04:00,7.330169008739792,7.330169008739792,7.17681809679131,7.253493309020996,261033,0.0,0.0
2020-07-17 00:00:00-04:00,7.299894340799765,7.299894340799765,7.176167434736351,7.268962860107422,120533,0.12,0.0
2020-07-20 00:00:00-04:00,7.315358191276601,7.315358191276601,7.145233616478091,7.207097053527832,193900,0.0,0.0
2020-07-21 00:00:00-04:00,7.25349475422686,7.284426718575178,7.207097053527831,7.207097053527832,113967,0.0,0.0
2020-07-22 00:00:00-04:00,7.238032269921675,7.34629345631216,7.238032269921675,7.330827713012695,96900,0.0,0.0
2020-07-23 00:00:00-04:00,7.346292053485302,7.346292053485302,7.222565147421887,7.268962860107422,157800,0.0,0.0
2020-07-24 00:00:00-04:00,7.284424786576609,7.284424786576609,7.176163677541199,7.191629409790039,95000,0.0,0.0
2020-07-27 00:00:00-04:00,7.253494739392313,7.253494739392313,7.176165566150011,7.22256326675415,140900,0.0,0.0
2020-07-28 00:00:00-04:00,7.222561840181896,7.315356731414794,7.176164148742049,7.315356731414795,100933,0.0,0.0
2020-07-29 00:00:00-04:00,7.3462900693140964,7.500948905944823,7.3462900693140964,7.500948905944824,160033,0.0,0.0
2020-07-30 00:00:00-04:00,7.454552150109729,7.531881332397461,7.361756738046889,7.531881332397461,180433,0.0,0.0
2020-07-31 00:00:00-04:00,7.5782780784367425,7.5782780784367425,7.423619241806016,7.500948905944824,139167,0.0,0.0
2020-08-03 00:00:00-04:00,7.5318794268152836,7.578277121107984,7.4236183040145916,7.439084529876709,172100,0.0,0.0
2020-08-04 00:00:00-04:00,7.3926877694680035,7.54734660609873,7.3926877694680035,7.500948905944824,130700,0.0,0.0
2020-08-05 00:00:00-04:00,7.500951735317203,7.562815194975124,7.500951735317203,7.547349452972412,104200,0.0,0.0
2020-08-06 00:00:00-04:00,7.56281185393901,7.624675286267418,7.51641415678099,7.593743324279785,177900,0.0,0.0
2020-08-07 00:00:00-04:00,7.60921141972802,7.671074867248534,7.562813711175888,7.671074867248535,96967,0.0,0.0
2020-08-10 00:00:00-04:00,7.671075425563756,7.763870849421841,7.485485069494597,7.516416549682617,501633,0.0,0.0
2020-08-11 00:00:00-04:00,7.578277125518732,7.64014055406273,7.439084534206443,7.470016002655029,175967,0.0,0.0
2020-08-12 00:00:00-04:00,7.516414155572167,7.5937433230585265,7.516414155572167,7.578277587890625,115967,0.0,0.0
2020-08-13 00:00:00-04:00,7.562813300300725,7.640142482588457,7.531881332397461,7.531881332397461,63633,0.0,0.0
2020-08-14 00:00:00-04:00,7.531882263958253,7.562814235687255,7.500950783876263,7.562814235687256,130433,0.0,0.0
2020-08-17 00:00:00-04:00,7.624675264140186,7.6865386962890625,7.578277567116814,7.6865386962890625,116033,0.0,0.0
2020-08-18 00:00:00-04:00,7.763870284352795,7.763870284352795,7.640142897664788,7.671074867248535,123500,0.0,0.0
2020-08-19 00:00:00-04:00,7.671075425563756,7.702006905751776,7.485485069494597,7.516416549682617,186867,0.0,0.0
2020-08-20 00:00:00-04:00,7.454038938499287,7.53200985798236,7.438444853748075,7.485227108001709,189100,0.12,0.0
2020-08-21 00:00:00-04:00,7.469633023250498,7.516415773231149,7.438444853748075,7.485227108001709,105367,0.0,0.0
2020-08-24 00:00:00-04:00,7.516414243480396,7.594385147094727,7.500820161902913,7.594385147094727,112233,0.0,0.0
2020-08-25 00:00:00-04:00,7.594387612335334,7.594387612335334,7.516416683410589,7.578793525695801,131300,0.0,0.0
2020-08-26 00:00:00-04:00,7.53200928069846,7.563197943537473,7.454038367191395,7.500821113586426,135600,0.0,0.0
2020-08-27 00:00:00-04:00,7.532009028417072,7.563197690211434,7.469632200555309,7.547603607177734,128067,0.0,0.0
2020-08-28 00:00:00-04:00,7.57879382032095,7.609982490539552,7.516416975610842,7.609982490539551,79900,0.0,0.0
2020-08-31 00:00:00-04:00,7.641170665031058,7.672359335249658,7.57879382032095,7.609982490539551,105367,0.0,0.0
2020-09-01 00:00:00-04:00,7.625573805976608,7.625573805976608,7.532008325057879,7.594385147094727,100167,0.0,0.0
2020-09-02 00:00:00-04:00,7.62557348443089,7.672356222917578,7.5476025841043395,7.656761646270752,145100,0.0,0.0
2020-09-03 00:00:00-04:00,7.625573805976608,7.687950628013455,7.547602902362278,7.594385147094727,129167,0.0,0.0
2020-09-04 00:00:00-04:00,7.609982194701944,7.625576281341478,7.422851172119233,7.578793525695801,151400,0.0,0.0
2020-09-08 00:00:00-04:00,7.485227800955713,7.532010555267334,7.438445542371155,7.532010555267334,91700,0.0,0.0
2020-09-09 00:00:00-04:00,7.563197690211434,7.594385856278835,7.500820862349672,7.547603607177734,73733,0.0,0.0
2020-09-10 00:00:00-04:00,7.57879202709349,7.594386110649507,7.4696324507474126,7.500821113586426,77133,0.0,0.0
2020-09-11 00:00:00-04:00,7.500821545714562,7.500821545714562,7.391661963079716,7.422850131988525,97700,0.0,0.0
2020-09-14 00:00:00-04:00,7.422851040055928,7.547605218133869,7.407256953693835,7.516416549682617,75467,0.0,0.0
2020-09-15 00:00:00-04:00,7.54760495745043,7.641169968118451,7.54760495745043,7.563199043273926,102833,0.0,0.0
2020-09-16 00:00:00-04:00,7.594384826864133,7.68795030383751,7.578790745944202,7.656761646270752,62167,0.0,0.0
2020-09-17 00:00:00-04:00,7.563199043273925,7.641169968118451,7.532010375899885,7.563199043273926,104500,0.0,0.0
2020-09-18 00:00:00-04:00,7.547474650071868,7.563198915901038,7.437407288515217,7.484579086303711,141867,0.12,0.0
2020-09-21 00:00:00-04:00,7.374509776323349,7.40595779982328,7.20154689669717,7.264442443847656,172000,0.0,0.0
2020-09-22 00:00:00-04:00,7.264439883673595,7.343059664791116,7.248716127389771,7.311611652374268,172667,0.0,0.0
2020-09-23 00:00:00-04:00,7.327339823037051,7.343064088643208,7.154376900165326,7.170101165771484,108900,0.0,0.0
2020-09-24 00:00:00-04:00,7.154376506805419,7.232996330965051,7.107205212129009,7.15437650680542,97933,0.0,0.0
2020-09-25 00:00:00-04:00,7.12292789072574,7.217271465389465,7.091479865888032,7.185823440551758,96233,0.0,0.0
2020-09-28 00:00:00-04:00,7.232997621649903,7.3745125306305646,7.217273853951954,7.29589319229126,133967,0.0,0.0
2020-09-29 00:00:00-04:00,7.311617386877496,7.311617386877496,7.185826238250475,7.201550006866455,90767,0.0,0.0
2020-09-30 00:00:00-04:00,7.264442978375319,7.295891004189239,7.18582366361464,7.248719215393066,127900,0.0,0.0
2020-10-01 00:00:00-04:00,7.311616012509405,7.437407137491406,7.280168481188654,7.405959606170654,170867,0.0,0.0
2020-10-02 00:00:00-04:00,7.295892187503597,7.468855107909327,7.28016842197112,7.421683311462402,105733,0.0,0.0
2020-10-05 00:00:00-04:00,7.468856598375429,7.5317521729061125,7.43740856118529,7.51602840423584,189500,0.0,0.0
2020-10-06 00:00:00-04:00,7.563198982447663,7.6575420790052435,7.516027184244116,7.578922748565674,194200,0.0,0.0
2020-10-07 00:00:00-04:00,7.657542351470199,7.657542351470199,7.578923018233255,7.626094818115234,117400,0.0,0.0
2020-10-08 00:00:00-04:00,7.688990061138935,7.814781188964845,7.61037073121012,7.814781188964844,198800,0.0,0.0
2020-10-09 00:00:00-04:00,7.814781188964845,7.846229220846077,7.720437593170658,7.814781188964844,195833,0.0,0.0
2020-10-12 00:00:00-04:00,7.783330279210815,7.814777797595296,7.704710483551026,7.704710483551025,189433,0.0,0.0
2020-10-13 00:00:00-04:00,7.657542225779821,7.720437791306918,7.500303561886838,7.5474748611450195,136633,0.0,0.0
2020-10-14 00:00:00-04:00,7.531750061226566,7.578921853861404,7.468854504329932,7.563198089599609,151500,0.0,0.0
2020-10-15 00:00:00-04:00,7.484579295617922,7.6103709265216395,7.468855529198528,7.5474748611450195,107867,0.0,0.0
2020-10-16 00:00:00-04:00,7.5474765178216625,7.595044728673172,7.484052404702998,7.5157647132873535,86133,0.12,0.0
2020-10-19 00:00:00-04:00,7.531617710351764,7.547473606502757,7.293777251887468,7.325489044189453,153467,0.0,0.0
2020-10-20 00:00:00-04:00,7.309634810753034,7.4523394207223825,7.309634810753034,7.420627117156982,93433,0.0,0.0
2020-10-21 00:00:00-04:00,7.452336137200126,7.452336137200126,7.325487482878402,7.341343879699707,96367,0.0,0.0
2020-10-22 00:00:00-04:00,7.373058913833867,7.4523394207223825,7.325490710510751,7.420627117156982,101000,0.0,0.0
2020-10-23 00:00:00-04:00,7.404767954835697,7.436479740378821,7.30963159010684,7.341343879699707,162700,0.0,0.0
2020-10-26 00:00:00-04:00,7.293779257524008,7.293779257524008,7.166931045335762,7.246211051940918,105867,0.0,0.0
2020-10-27 00:00:00-04:00,7.262065622811348,7.277922024469159,7.087649236974605,7.1035051345825195,125867,0.0,0.0
2020-10-28 00:00:00-04:00,7.040080505844437,7.040080505844437,6.881520533698279,6.913232326507568,257867,0.0,0.0
2020-10-29 00:00:00-04:00,6.897377285502754,7.008369582200038,6.833953187968581,6.992513179779053,181833,0.0,0.0
2020-10-30 00:00:00-04:00,6.992512312580646,7.040080505844437,6.8973764301029235,6.913232326507568,131900,0.0,0.0
2020-11-02 00:00:00-05:00,6.976657874914556,7.0717942813340615,6.960801975194626,7.040081977844238,132567,0.0,0.0
2020-11-03 00:00:00-05:00,7.103506321075061,7.246210935531805,7.103506321075061,7.198642730712891,65200,0.0,0.0
2020-11-04 00:00:00-05:00,7.23035456583464,7.357202767749295,7.214498162557847,7.26206636428833,99200,0.0,0.0
2020-11-05 00:00:00-05:00,7.34134747589678,7.468195688306014,7.34134747589678,7.436483383178711,103767,0.0,0.0
2020-11-06 00:00:00-05:00,7.468193424488653,7.531617511467664,7.420625233241936,7.484049320220947,149800,0.0,0.0
2020-11-09 00:00:00-05:00,7.706033441130991,7.9914420684302945,7.658465252572806,7.67432165145874,293967,0.0,0.0
2020-11-10 00:00:00-05:00,7.674323366114163,7.864595658809171,7.658466963685472,7.832883358001709,144233,0.0,0.0
2020-11-11 00:00:00-05:00,7.896305561910701,8.007297832044276,7.864593772758138,7.95973014831543,100500,0.0,0.0
2020-11-12 00:00:00-05:00,7.991442258531366,7.991442258531366,7.832881794248836,7.848738193511963,97467,0.0,0.0
2020-11-13 00:00:00-05:00,7.864590224670519,7.928014278411865,7.864590224670519,7.928014278411865,77467,0.0,0.0
2020-11-16 00:00:00-05:00,8.070724146466889,8.102435942409246,7.95973185256882,8.0548677444458,147633,0.0,0.0
2020-11-17 00:00:00-05:00,8.007298831933994,8.086579322814941,7.943874741659155,8.086579322814941,98133,0.0,0.0
2020-11-18 00:00:00-05:00,8.086581224944464,8.165861230423829,8.023157119750977,8.023157119750977,97800,0.0,0.0
2020-11-19 00:00:00-05:00,8.023157963160816,8.119051933288574,8.00717521141755,8.119051933288574,103500,0.12,0.0
2020-11-20 00:00:00-05:00,8.135029678075806,8.151011911915944,7.991188049316406,7.991188049316406,90500,0.0,0.0
2020-11-23 00:00:00-05:00,8.039137257125644,8.198961159451306,8.02315501931293,8.135031700134277,143367,0.0,0.0
2020-11-24 00:00:00-05:00,8.214944839477539,8.34280378055848,8.15101536893707,8.214944839477539,367533,0.0,0.0
2020-11-25 00:00:00-05:00,8.278873443603516,8.310838429561633,8.2469084576454,8.278873443603516,153200,0.0,0.0
2020-11-27 00:00:00-05:00,8.29485337739515,8.342800588974601,8.246906165815696,8.26288890838623,71833,0.0,0.0
2020-11-30 00:00:00-05:00,8.310836119965684,8.35878282347906,8.182976719731785,8.26288890838623,205467,0.0,0.0
2020-12-01 00:00:00-05:00,8.342801094055176,8.438695523019614,8.262889408628881,8.342801094055176,204167,0.0,0.0
2020-12-02 00:00:00-05:00,8.390749541286908,8.40673177910702,8.294855098233882,8.374767303466797,219733,0.0,0.0
2020-12-03 00:00:00-05:00,8.406730544009433,8.47065999396369,8.326818858583138,8.342801094055176,223533,0.0,0.0
2020-12-04 00:00:00-05:00,8.358781540287957,8.470658180776676,8.358781540287957,8.406728744506836,165100,0.0,0.0
2020-12-07 00:00:00-05:00,8.422714524993312,8.438696762813423,8.310837844120172,8.374767303466797,130000,0.0,0.0
2020-12-08 00:00:00-05:00,8.35878282347906,8.35878282347906,8.214941696806779,8.26288890838623,263100,0.0,0.0
2020-12-09 00:00:00-05:00,8.27887431001801,8.32682153993993,8.16699760955562,8.214944839477539,162467,0.0,0.0
2020-12-10 00:00:00-05:00,8.198964167805801,8.230928655159598,8.103069689611676,8.119051933288574,168367,0.0,0.0
2020-12-11 00:00:00-05:00,8.08708447862996,8.214943397264019,8.08708447862996,8.135031700134277,110300,0.0,0.0
2020-12-14 00:00:00-05:00,8.214944274153167,8.27887374029423,8.19896203463446,8.230926513671875,135967,0.0,0.0
2020-12-15 00:00:00-05:00,8.262891500775524,8.31083872739788,8.214944274153167,8.230926513671875,126333,0.0,0.0
2020-12-16 00:00:00-05:00,8.278869871967157,8.422711484623793,8.278869871967157,8.406728744506836,211033,0.0,0.0
2020-12-17 00:00:00-05:00,8.454675948725715,8.502623152944594,8.358781540287957,8.406728744506836,157133,0.0,0.0
2020-12-18 00:00:00-05:00,8.422712777629046,8.502624458217417,8.26288890838623,8.26288890838623,117667,0.0,0.0
2020-12-21 00:00:00-05:00,8.230925949443083,8.246908187866211,8.087084787502542,8.246908187866211,177667,0.0,0.0
2020-12-22 00:00:00-05:00,8.262891500775524,8.31083872739788,8.18297928704952,8.230926513671875,108033,0.0,0.0
2020-12-23 00:00:00-05:00,8.23092563507673,8.342802315898076,8.119048954255385,8.135031700134277,197233,0.0,0.0
2020-12-24 00:00:00-05:00,8.230923931311239,8.29485337739515,8.19895946230232,8.26288890838623,81300,0.0,0.0
2020-12-28 00:00:00-05:00,8.342802611914946,8.374767596740723,8.29485538870938,8.326820373535156,156267,0.0,0.0
2020-12-29 00:00:00-05:00,8.342802319760395,8.40673177910702,8.326820081940284,8.374767303466797,182400,0.0,0.0
2020-12-30 00:00:00-05:00,8.374764894109125,8.471396446228027,8.35865920877745,8.471396446228027,107400,0.12,0.0
2020-12-31 00:00:00-05:00,8.503607304917148,8.584133683678605,8.471396446228027,8.471396446228027,347633,0.0,0.0
2021-01-04 00:00:00-05:00,8.584137667477458,8.584137667477458,8.294241852635004,8.342557907104492,203867,0.0,0.0
2021-01-05 00:00:00-05:00,8.310347033466677,8.390873961573979,8.262031490971658,8.342557907104492,179067,0.0,0.0
2021-01-06 00:00:00-05:00,8.358663087936165,8.423084323237324,8.310347033466677,8.342557907104492,149267,0.0,0.0
2021-01-07 00:00:00-05:00,8.40697865696524,8.40697865696524,8.294241373704331,8.358662605285645,181400,0.0,0.0
2021-01-08 00:00:00-05:00,8.40697813422257,8.423083313122875,8.342556906646944,8.390872955322266,107600,0.0,0.0
2021-01-11 00:00:00-05:00,8.423082270084155,8.584135575067032,8.390871916272186,8.51971435546875,431500,0.0,0.0
2021-01-12 00:00:00-05:00,8.535822868347168,8.551928563521928,8.471401623571758,8.535822868347168,291800,0.0,0.0
2021-01-13 00:00:00-05:00,8.535818541638863,8.584134578723212,8.503608191565485,8.568029403686523,162000,0.0,0.0
2021-01-14 00:00:00-05:00,8.568033687151015,8.616349236415742,8.551928504062774,8.584138870239258,208300,0.0,0.0
2021-01-15 00:00:00-05:00,8.584138870239258,8.600244565302038,8.551928504062774,8.584138870239258,96433,0.0,0.0
2021-01-19 00:00:00-05:00,8.680765119666674,8.696870803833008,8.616343406949728,8.696870803833008,194467,0.0,0.0
2021-01-20 00:00:00-05:00,8.696872706992634,8.857925488106027,8.68076701930185,8.793503761291504,148167,0.0,0.0
2021-01-21 00:00:00-05:00,8.842177018229455,8.874625084681064,8.74483178736919,8.7772798538208,111667,0.12,0.0
2021-01-22 00:00:00-05:00,8.744829161896192,8.923295021057129,8.744829161896192,8.923295021057129,94800,0.0,0.0
2021-01-25 00:00:00-05:00,8.923299689822098,8.923299689822098,8.744833737285882,8.82595443725586,187700,0.0,0.0
2021-01-26 00:00:00-05:00,8.874629705958371,8.90707778930664,8.825957065182983,8.90707778930664,107767,0.0,0.0
2021-01-27 00:00:00-05:00,8.842176956783948,8.874625023010072,8.712383660374027,8.728607177734375,260233,0.0,0.0
2021-01-28 00:00:00-05:00,8.744835163941461,8.777283242921984,8.647489895494058,8.712387084960938,252433,0.0,0.0
2021-01-29 00:00:00-05:00,8.74483293830337,8.777281009025568,8.6474876946312,8.696160316467285,139133,0.0,0.0
2021-02-01 00:00:00-05:00,8.761056647362315,8.825952782569328,8.679934931095344,8.79350471496582,137900,0.0,0.0
2021-02-02 00:00:00-05:00,8.825952469250932,8.907073151132675,8.7772798538208,8.7772798538208,142033,0.0,0.0
2021-02-03 00:00:00-05:00,8.777280475854173,8.825953094733665,8.761056957231348,8.80972957611084,94267,0.0,0.0
2021-02-04 00:00:00-05:00,8.842181622610102,8.90707778930664,8.809733539261835,8.90707778930664,103500,0.0,0.0
2021-02-05 00:00:00-05:00,8.939519565164533,8.955743077766812,8.890846964347448,8.923295021057129,124033,0.0,0.0
2021-02-08 00:00:00-05:00,8.955747216999999,8.98819632021237,8.890851073586457,8.939523696899414,142267,0.0,0.0
2021-02-09 00:00:00-05:00,8.890851073586457,9.004419840312956,8.890851073586457,8.939523696899414,164367,0.0,0.0
2021-02-10 00:00:00-05:00,8.939523441062668,9.004419582618972,8.939523441062668,8.97197151184082,130100,0.0,0.0
2021-02-11 00:00:00-05:00,8.98819954493627,9.004423070857419,8.890854263385492,8.90707778930664,132800,0.0,0.0
2021-02-12 00:00:00-05:00,8.923302346733761,8.97197498750915,8.890854263385492,8.90707778930664,120067,0.0,0.0
2021-02-16 00:00:00-05:00,8.971970869331548,9.036867006240449,8.939522800877098,8.988195419311523,145633,0.0,0.0
2021-02-17 00:00:00-05:00,9.004422873782802,9.053095513492922,8.939526708506609,9.036870956420898,130433,0.0,0.0
2021-02-18 00:00:00-05:00,9.0041881700322,9.085895655487468,8.98784625735433,9.036870956420898,143600,0.12,0.0
2021-02-19 00:00:00-05:00,9.036870956420898,9.118578441876165,9.0041881700322,9.036870956420898,92133,0.0,0.0
2021-02-22 00:00:00-05:00,8.987848858510548,9.102239163459991,8.971506941103192,9.02053165435791,98200,0.0,0.0
2021-02-23 00:00:00-05:00,9.02053165435791,9.069556367612629,8.987848858510548,9.02053165435791,183900,0.0,0.0
2021-02-24 00:00:00-05:00,9.053211441012609,9.151259784712202,9.053211441012609,9.118577003479004,193700,0.0,0.0
2021-02-25 00:00:00-05:00,9.151261228264863,9.200285927331432,8.98784625735433,9.036870956420898,210867,0.0,0.0
2021-02-26 00:00:00-05:00,9.085894212093441,9.102235083208338,8.955162048339844,8.955162048339844,145033,0.0,0.0
2021-03-01 00:00:00-05:00,9.069552312145767,9.151259784712202,9.00418674967937,9.118577003479004,138433,0.0,0.0
2021-03-02 00:00:00-05:00,9.134920354554037,9.151261228264863,8.693698582438438,9.036870956420898,138667,0.0,0.0
2021-03-03 00:00:00-05:00,9.069553608102625,9.069553608102625,8.95516333795766,8.971504211425781,107367,0.0,0.0
2021-03-04 00:00:00-05:00,8.98784431982116,9.03686900831935,8.840770254326596,8.922477722167969,127367,0.0,0.0
2021-03-05 00:00:00-05:00,8.95516333795766,8.971504211425781,8.759064544603973,8.971504211425781,152467,0.0,0.0
2021-03-08 00:00:00-05:00,8.971502919454743,9.06955230201166,8.922478228176283,8.955162048339844,109733,0.0,0.0
2021-03-09 00:00:00-05:00,8.987842112769558,9.085891465688967,8.987842112769558,9.069549560546875,73800,0.0,0.0
2021-03-10 00:00:00-05:00,9.085891465688967,9.10223233186449,9.036866789229261,9.069549560546875,76500,0.0,0.0
2021-03-11 00:00:00-05:00,9.118576894640102,9.183943495293168,9.085894113797005,9.167601585388184,88300,0.0,0.0
2021-03-12 00:00:00-05:00,9.16760133175511,9.200284111693998,9.134918551816222,9.151259422302246,87267,0.0,0.0
2021-03-15 00:00:00-04:00,9.167604286926634,9.380043983459473,9.167604286926634,9.380043983459473,142833,0.0,0.0
2021-03-16 00:00:00-04:00,9.412724494934082,9.429065364927451,9.396382585973901,9.412724494934082,84667,0.0,0.0
2021-03-17 00:00:00-04:00,9.412724494934082,9.429065364927451,9.31467511910662,9.412724494934082,121200,0.0,0.0
2021-03-18 00:00:00-04:00,9.396383395751949,9.396383395751949,9.298334011474616,9.347358703613281,160267,0.0,0.0
2021-03-19 00:00:00-04:00,9.331016793244759,9.363700613981804,9.26565122970447,9.347358703613281,103167,0.0,0.0
2021-03-22 00:00:00-04:00,9.41272025094207,9.543452346778807,9.396378349350101,9.494427680969238,345233,0.0,0.0
2021-03-23 00:00:00-04:00,9.510885738084381,9.527340934176575,9.477976392069243,9.494430541992188,135767,0.12,0.0
2021-03-24 00:00:00-04:00,9.477976753383636,9.477976753383636,9.362792468685782,9.379247665405273,183133,0.0,0.0
2021-03-25 00:00:00-04:00,9.346342086791992,9.362796243976883,9.264067116188704,9.346342086791992,135100,0.0,0.0
2021-03-26 00:00:00-04:00,9.362792111762383,9.494430541992188,9.362792111762383,9.494430541992188,116800,0.0,0.0
2021-03-29 00:00:00-04:00,9.494431084454977,9.675434067133692,9.494431084454977,9.642524719238281,376167,0.0,0.0
2021-03-30 00:00:00-04:00,9.70834590458113,9.757710456848145,9.64252615283529,9.757710456848145,221033,0.0,0.0
2021-03-31 00:00:00-04:00,9.872892793866052,9.872892793866052,9.724799150877413,9.790618896484375,175067,0.0,0.0
2021-04-01 00:00:00-04:00,9.80707499593149,9.823530197143555,9.72480108221032,9.823530197143555,243633,0.0,0.0
2021-04-05 00:00:00-04:00,9.856437137459563,9.922256880004984,9.82352778927151,9.839982986450195,187067,0.0,0.0
2021-04-06 00:00:00-04:00,9.872891426086426,9.922255966910395,9.839982080926854,9.872891426086426,99833,0.0,0.0
2021-04-07 00:00:00-04:00,9.889349955822233,10.004533225797957,9.774165639676937,9.823530197143555,316633,0.0,0.0
2021-04-08 00:00:00-04:00,9.889349472351505,9.955168181642865,9.872894271943904,9.938714027404785,135633,0.0,0.0
2021-04-09 00:00:00-04:00,9.955168181642865,9.955168181642865,9.839984917298223,9.938714027404785,170833,0.0,0.0
2021-04-12 00:00:00-04:00,9.938714027404785,9.971623382050467,9.872894271943904,9.938714027404785,119067,0.0,0.0
2021-04-13 00:00:00-04:00,9.95516828099404,10.103261947631838,9.93871412659175,10.103261947631836,132500,0.0,0.0
2021-04-14 00:00:00-04:00,10.119719030547763,10.218447113834266,10.119719030547763,10.169083595275879,129733,0.0,0.0
2021-04-15 00:00:00-04:00,10.201992574720038,10.218446731567381,10.152628011838626,10.218446731567383,90500,0.0,0.0
2021-04-16 00:00:00-04:00,10.267806508144712,10.300716898837708,10.234897163620916,10.284261703491211,100700,0.0,0.0
2021-04-19 00:00:00-04:00,10.300718307495117,10.333627656519376,10.284263109898315,10.300718307495117,104300,0.0,0.0
2021-04-20 00:00:00-04:00,10.317172458922574,10.333627656519376,10.234898563277257,10.300718307495117,138900,0.0,0.0
2021-04-21 00:00:00-04:00,10.300718307495117,10.333627656519376,10.284263109898315,10.300718307495117,93400,0.0,0.0
2021-04-22 00:00:00-04:00,10.350400924682617,10.400082933352872,10.284157895489868,10.350400924682617,107100,0.12,0.0
2021-04-23 00:00:00-04:00,10.33384120716778,10.350402229778474,10.284159192233053,10.30072021484375,84600,0.0,0.0
2021-04-26 00:00:00-04:00,10.30071668502745,10.416641697782788,10.30071668502745,10.400080680847168,102967,0.0,0.0
2021-04-27 00:00:00-04:00,10.400077956534846,10.433198928833008,10.350395971639239,10.433198928833008,83733,0.0,0.0
2021-04-28 00:00:00-04:00,10.433198928833008,10.482880913728614,10.41663896913229,10.433198928833008,82867,0.0,0.0
2021-04-29 00:00:00-04:00,10.516006957321355,10.549128998489191,10.44976498078015,10.532567977905273,94367,0.0,0.0
2021-04-30 00:00:00-04:00,10.565686559917737,10.582247576730003,10.499444598462656,10.51600456237793,95967,0.0,0.0
2021-05-03 00:00:00-04:00,10.516006614141796,10.665052635841386,10.49944664699553,10.582249641418457,143367,0.0,0.0
2021-05-04 00:00:00-04:00,10.582247576730003,10.648490591082078,10.466322564838123,10.51600456237793,177933,0.0,0.0
2021-05-05 00:00:00-04:00,10.532567465378682,10.56568845203758,10.333839439630932,10.366961479187012,174567,0.0,0.0
2021-05-06 00:00:00-04:00,10.366957341395697,10.4994422880494,10.366957341395697,10.41663932800293,129667,0.0,0.0
2021-05-07 00:00:00-04:00,10.433203452504808,10.516006445600642,10.317279472750075,10.366961479187012,289800,0.0,0.0
2021-05-10 00:00:00-04:00,10.41664859666868,10.56569363621292,10.400087568764787,10.466329574584961,148000,0.0,0.0
2021-05-11 00:00:00-04:00,10.400078314834932,10.433199288274167,10.284153328452465,10.41663932800293,84900,0.0,0.0
2021-05-12 00:00:00-04:00,10.366963096544838,10.400084088370967,9.870142954666173,9.903264999389648,428567,0.0,0.0
2021-05-13 00:00:00-04:00,9.919820620802266,10.085427613138814,9.919820620802266,10.035745620727539,153467,0.0,0.0
2021-05-14 00:00:00-04:00,10.1682328267068,10.300717818073686,10.135111842089358,10.284156799316406,100567,0.0,0.0
2021-05-17 00:00:00-04:00,10.217917207584994,10.317281237454445,10.201356184974298,10.30072021484375,104033,0.0,0.0
2021-05-18 00:00:00-04:00,10.317275354788462,10.433199288274167,10.300714341620465,10.41663932800293,69900,0.0,0.0
2021-05-19 00:00:00-04:00,10.383516943937401,10.449759941430452,10.300713986743633,10.433198928833008,90467,0.0,0.0
2021-05-20 00:00:00-04:00,10.43320666252178,10.649870351642566,10.43320666252178,10.633203506469727,84133,0.12,0.0
2021-05-21 00:00:00-04:00,10.666533592794185,10.7165330517936,10.583200454711914,10.583200454711914,73767,0.0,0.0
2021-05-24 00:00:00-04:00,10.649865886257516,10.783197412859945,10.63319904807292,10.699865341186523,105767,0.0,0.0
2021-05-25 00:00:00-04:00,10.71653354261043,10.78319878457967,10.71653354261043,10.766531944274902,71400,0.0,0.0
2021-05-26 00:00:00-04:00,10.833198976438512,10.833198976438512,10.783199511777259,10.816532135009766,91900,0.0,0.0
2021-05-27 00:00:00-04:00,10.833195686340332,10.883195135816491,10.783196236864173,10.833195686340332,111400,0.0,0.0
2021-05-28 00:00:00-04:00,10.899867877919343,10.983199985655489,10.866534187124692,10.94986629486084,154433,0.0,0.0
2021-06-01 00:00:00-04:00,10.949863005800378,11.066528769287745,10.949863005800378,10.966529846191406,120000,0.0,0.0
2021-06-02 00:00:00-04:00,11.0165262246129,11.133191955449755,11.0165262246129,11.099858283996582,127433,0.0,0.0
2021-06-03 00:00:00-04:00,11.099858601896653,11.133192274304502,11.049859152909534,11.083192825317383,92300,0.0,0.0
2021-06-04 00:00:00-04:00,11.149860364783665,11.233192443847654,11.116527745083044,11.233192443847656,87833,0.0,0.0
2021-06-07 00:00:00-04:00,11.266524101549265,11.416521393099535,11.266524101549265,11.316523551940918,213667,0.0,0.0
2021-06-08 00:00:00-04:00,11.38319353843993,11.399860382080078,11.349860910784761,11.399860382080078,88433,0.0,0.0
2021-06-09 00:00:00-04:00,11.399860813998185,11.533192389295657,11.383193969726562,11.383193969726562,172700,0.0,0.0
2021-06-10 00:00:00-04:00,11.433187694169847,11.46652030632788,11.299856185913086,11.299856185913086,232067,0.0,0.0
2021-06-11 00:00:00-04:00,11.333188798071117,11.333188798071117,11.233189901972386,11.299856185913086,76100,0.0,0.0
2021-06-14 00:00:00-04:00,11.333193814315575,11.41652591140703,11.199862247044228,11.249861717224121,313600,0.0,0.0
2021-06-15 00:00:00-04:00,11.249860339214454,11.249860339214454,10.833198845169475,10.89986515045166,318067,0.0,0.0
2021-06-16 00:00:00-04:00,10.84986566536549,10.883198288129487,10.58320150437861,10.616535186767578,412167,0.0,0.0
2021-06-17 00:00:00-04:00,10.599869728088379,10.683201825679657,10.54987025760859,10.599869728088379,154000,0.0,0.0
2021-06-18 00:00:00-04:00,10.566535371589406,10.583201152604968,10.333204900747136,10.349870681762695,189200,0.0,0.0
2021-06-21 00:00:00-04:00,10.383204708169664,10.63320096833709,10.36653786697518,10.616535186767578,157000,0.0,0.0
2021-06-22 00:00:00-04:00,10.666847781240788,10.666847781240788,10.515901565551758,10.515901565551758,184233,0.12,0.0
2021-06-23 00:00:00-04:00,10.532671091939907,10.63330187726423,10.49912785227192,10.549443244934082,57733,0.0,0.0
2021-06-24 00:00:00-04:00,10.599766731262207,10.633311066238521,10.566223462607178,10.599766731262207,83867,0.0,0.0
2021-06-25 00:00:00-04:00,10.633307785395711,10.68362320601438,10.599763460769296,10.666851043701172,84100,0.0,0.0
2021-06-28 00:00:00-04:00,10.666849910005642,10.767480740547716,10.616534494734603,10.75070858001709,151933,0.0,0.0
2021-06-29 00:00:00-04:00,10.750708798678842,10.834567470395916,10.733937704127946,10.784253120422363,119733,0.0,0.0
2021-06-30 00:00:00-04:00,10.817797305557173,10.817797305557173,10.650078881387964,10.666851043701172,110067,0.0,0.0
2021-07-01 00:00:00-04:00,10.68362320601438,10.767481884938505,10.650078881387964,10.666851043701172,130233,0.0,0.0
2021-07-02 00:00:00-04:00,10.733938956088114,10.817797637586102,10.46558968244517,10.700394630432129,133867,0.0,0.0
2021-07-06 00:00:00-04:00,10.750709127932504,10.817796707153322,10.683622615032585,10.81779670715332,89567,0.0,0.0
2021-07-07 00:00:00-04:00,10.801021864044133,10.95196808007273,10.733935367800735,10.935195922851562,145567,0.0,0.0
2021-07-08 00:00:00-04:00,10.834564437037544,10.901651995421187,10.733934698942932,10.868108749389648,106833,0.0,0.0
2021-07-09 00:00:00-04:00,10.935199546287484,11.052602553096484,10.918428449829758,11.019058227539062,109233,0.0,0.0
2021-07-12 00:00:00-04:00,11.052602250565698,11.203548512479447,11.052602250565698,11.102917671203613,115233,0.0,0.0
2021-07-13 00:00:00-04:00,11.136460568325516,11.153232730101157,10.918427796846787,10.951971054077148,98733,0.0,0.0
2021-07-14 00:00:00-04:00,11.019058144460354,11.186776572019978,11.019058144460354,11.119688987731934,98933,0.0,0.0
2021-07-15 00:00:00-04:00,11.119688987731934,11.186776572019978,11.086145728748399,11.119688987731934,96533,0.0,0.0
2021-07-16 00:00:00-04:00,11.153235107553481,11.170006206583171,10.985516653008535,11.002288818359375,86567,0.0,0.0
2021-07-19 00:00:00-04:00,10.901656428307122,10.901656428307122,10.616536055300571,10.717166900634766,159600,0.0,0.0
2021-07-20 00:00:00-04:00,10.700396239971163,11.052604248090743,10.700396239971163,11.002288818359375,151700,0.0,0.0
2021-07-21 00:00:00-04:00,11.069376302182489,11.354496739819957,11.035833034907856,11.337725639343262,240167,0.0,0.0
2021-07-22 00:00:00-04:00,11.33772281413298,11.33772281413298,11.185878053568338,11.27023696899414,47867,0.12,0.0
2021-07-23 00:00:00-04:00,11.371461469298037,11.422076370491839,11.202745847097214,11.253360748291016,105300,0.0,0.0
2021-07-26 00:00:00-04:00,11.287104206494673,11.337719110147209,11.1183885760981,11.202746391296387,105033,0.0,0.0
2021-07-27 00:00:00-04:00,11.185873861037782,11.21961784362793,11.084644058602873,11.21961784362793,55267,0.0,0.0
2021-07-28 00:00:00-04:00,11.23648738861084,11.270231367075834,11.152129587783623,11.23648738861084,77867,0.0,0.0
2021-07-29 00:00:00-04:00,11.287107893944768,11.30397989156356,11.219622048805928,11.27023696899414,54467,0.0,0.0
2021-07-30 00:00:00-04:00,11.270232729138039,11.3714614587641,11.152130935572654,11.320846557617188,86367,0.0,0.0
2021-08-02 00:00:00-04:00,11.388336341977066,11.438951255977074,11.270235591089072,11.28710651397705,158267,0.0,0.0
2021-08-03 00:00:00-04:00,11.303975654767767,11.337718564690148,11.202745852332857,11.21961784362793,64300,0.0,0.0
2021-08-04 00:00:00-04:00,11.236494681284217,11.30398160934672,11.084649897644837,11.118393898010254,124633,0.0,0.0
2021-08-05 00:00:00-04:00,11.202745847097214,11.354590550678616,11.169002937190603,11.253360748291016,82267,0.0,0.0
2021-08-06 00:00:00-04:00,11.303976198601458,11.354591102253993,11.169003479750636,11.202746391296387,71667,0.0,0.0
2021-08-09 00:00:00-04:00,11.236489853635115,11.253361846568936,11.101517128168167,11.152132034301758,92033,0.0,0.0
2021-08-10 00:00:00-04:00,11.185879753404425,11.236494681284217,11.050906969947752,11.118393898010254,88400,0.0,0.0
2021-08-11 00:00:00-04:00,11.135260982228923,11.20274788699856,11.118390060537484,11.18587589263916,65067,0.0,0.0
2021-08-12 00:00:00-04:00,11.21961784362793,11.236488762255238,11.084644058602873,11.21961784362793,105133,0.0,0.0
2021-08-13 00:00:00-04:00,11.20274868153305,11.303978509533065,11.185876685977034,11.28710651397705,56367,0.0,0.0
2021-08-16 00:00:00-04:00,11.27023696899414,11.33772281413298,11.202750051187133,11.27023696899414,98933,0.0,0.0
2021-08-17 00:00:00-04:00,11.25336075355031,11.270232744845385,11.135258959820328,11.21961784362793,79933,0.0,0.0
2021-08-18 00:00:00-04:00,11.219618383403171,11.337719110147209,11.152131487643851,11.202746391296387,106933,0.0,0.0
2021-08-19 00:00:00-04:00,11.168800488117348,11.20274790819202,10.999062308574965,11.049983978271484,105400,0.12,0.0
2021-08-20 00:00:00-04:00,11.033009728649636,11.083931398346156,11.016035479027787,11.049983978271484,67533,0.0,0.0
2021-08-23 00:00:00-04:00,11.049976685110085,11.117871480447777,11.033002446691505,11.066949844360352,80767,0.0,0.0
2021-08-24 00:00:00-04:00,11.10090574328084,11.134853163646985,11.049984073147105,11.117878913879395,64567,0.0,0.0
2021-08-25 00:00:00-04:00,11.168793116535204,11.168793116535204,11.049976685110085,11.066949844360352,77900,0.0,0.0
2021-08-26 00:00:00-04:00,11.049985451984748,11.117880301189082,10.96511527172557,11.083932876586914,108233,0.0,0.0
2021-08-27 00:00:00-04:00,11.11787751301896,11.236695088082925,11.11787751301896,11.219720840454102,83500,0.0,0.0
2021-08-30 00:00:00-04:00,11.253671367613878,11.372488975524902,11.23669819446173,11.372488975524902,75467,0.0,0.0
2021-08-31 00:00:00-04:00,11.423403119779646,11.474324763992527,11.372481475566765,11.440376281738281,95767,0.0,0.0
2021-09-01 00:00:00-04:00,11.525256985270172,11.576177597045898,11.491308471860386,11.576177597045898,126433,0.0,0.0
2021-09-02 00:00:00-04:00,11.576174932382992,11.610123437978338,11.559201758754547,11.593149185180664,43267,0.0,0.0
2021-09-03 00:00:00-04:00,11.610126812283287,11.627099990844725,11.559205118259888,11.627099990844727,59567,0.0,0.0
2021-09-07 00:00:00-04:00,11.593145819111756,11.610120066980958,11.440380825795684,11.491302490234375,89067,0.0,0.0
2021-09-08 00:00:00-04:00,11.457355927399833,11.457355927399833,11.372486840067706,11.423408508300781,56700,0.0,0.0
2021-09-09 00:00:00-04:00,11.423409495930022,11.47433116856561,11.338540401260401,11.355513572692871,70000,0.0,0.0
2021-09-10 00:00:00-04:00,11.389457825610144,11.423406317367096,11.20274543762207,11.20274543762207,64500,0.0,0.0
2021-09-13 00:00:00-04:00,11.270645141601562,11.304592565634305,11.23669771756882,11.270645141601562,61567,0.0,0.0
2021-09-14 00:00:00-04:00,11.28761919504978,11.338540869789545,11.20274901770408,11.253670692443848,89667,0.0,0.0
2021-09-15 00:00:00-04:00,11.270642363638038,11.440380521134207,11.219720700555408,11.40643310546875,125533,0.0,0.0
2021-09-16 00:00:00-04:00,11.457355699628717,11.491303118052896,11.355512365187204,11.474329948425293,104333,0.0,0.0
2021-09-17 00:00:00-04:00,11.474328979178793,11.474328979178793,11.149906158447266,11.149906158447266,151867,0.12,0.0
2021-09-20 00:00:00-04:00,11.04745944562361,11.132833722573599,10.757186035519384,10.876710891723633,270767,0.0,0.0
2021-09-21 00:00:00-04:00,10.893783502098218,11.08160731814844,10.893783502098218,10.945008277893066,131067,0.0,0.0
2021-09-22 00:00:00-04:00,11.013307888753197,11.098682149709358,10.94500782863269,10.979158401489258,145700,0.0,0.0
2021-09-23 00:00:00-04:00,11.01330827347496,11.166982599919846,10.96208349799333,10.996232986450195,108033,0.0,0.0
2021-09-24 00:00:00-04:00,10.97915891991608,11.030382610434415,10.825484591583036,10.893783569335938,114800,0.0,0.0
2021-09-27 00:00:00-04:00,10.842554753336248,10.893779510361142,10.688881567853844,10.723031044006348,109267,0.0,0.0
2021-09-28 00:00:00-04:00,10.6205840920092,10.6205840920092,10.330310760708251,10.381535530090332,290933,0.0,0.0
2021-09-29 00:00:00-04:00,10.432757164280618,10.518131392397072,10.347382936164163,10.364457130432129,145333,0.0,0.0
2021-09-30 00:00:00-04:00,10.432760616535699,10.466910101964082,10.313236874740074,10.347386360168457,105233,0.0,0.0
2021-10-01 00:00:00-04:00,10.364458929138722,10.50105902054205,10.279084686205941,10.46690845489502,131967,0.0,0.0
2021-10-04 00:00:00-04:00,10.466911887461858,10.518136667138894,10.364462328107786,10.449837684631348,127200,0.0,0.0
2021-10-05 00:00:00-04:00,10.501060353846034,10.518134553245037,10.34738604569979,10.381535530090332,99500,0.0,0.0
2021-10-06 00:00:00-04:00,10.279085991326172,10.381535530090332,10.17663645256201,10.381535530090332,133067,0.0,0.0
2021-10-07 00:00:00-04:00,10.432761127431553,10.586435447773614,10.432761127431553,10.483985900878906,116367,0.0,0.0
2021-10-08 00:00:00-04:00,10.569366024133037,10.569366024133037,10.432766914367676,10.432766914367676,77967,0.0,0.0
2021-10-11 00:00:00-04:00,10.432761127431553,10.501061187225565,10.398611640330856,10.483985900878906,109333,0.0,0.0
2021-10-12 00:00:00-04:00,10.501060745296362,10.620584487915039,10.466910174040246,10.620584487915039,69900,0.0,0.0
2021-10-13 00:00:00-04:00,10.671808510638296,10.791332244873045,10.620583742939834,10.791332244873047,142300,0.0,0.0
2021-10-14 00:00:00-04:00,10.859633445739744,10.910858218856793,10.808408672622697,10.859633445739746,138100,0.0,0.0
2021-10-15 00:00:00-04:00,10.927934009536466,11.01330827347496,10.927934009536466,10.996232986450195,61133,0.0,0.0
2021-10-18 00:00:00-04:00,10.996232222208741,11.081606480213699,10.927933250041812,11.064532279968262,93967,0.0,0.0
2021-10-19 00:00:00-04:00,11.064530063299548,11.149904304200625,11.064530063299548,11.098679542541504,36467,0.0,0.0
2021-10-20 00:00:00-04:00,11.149907046421314,11.25235659493611,11.132831759804635,11.201131820678711,79867,0.0,0.0
2021-10-21 00:00:00-04:00,11.201130504473046,11.235490587859063,11.063693447686873,11.080873489379883,78600,0.12,0.0
2021-10-22 00:00:00-04:00,11.132407195571894,11.218305178431203,11.115227162099186,11.201125144958496,47133,0.0,0.0
2021-10-25 00:00:00-04:00,11.183951542091252,11.183951542091252,11.115232467651367,11.115232467651367,66967,0.0,0.0
2021-10-26 00:00:00-04:00,11.149586136792488,11.218305178431203,11.149586136792488,11.201125144958496,45367,0.0,0.0
2021-10-27 00:00:00-04:00,11.235492307811736,11.287030256275033,11.201132219165803,11.21831226348877,119200,0.0,0.0
2021-10-28 00:00:00-04:00,11.26984730889451,11.355745315551758,11.252667270662096,11.355745315551758,106067,0.0,0.0
2021-10-29 00:00:00-04:00,11.355748763635503,11.372928807084504,11.218311692801741,11.269850730895996,90800,0.0,0.0
2021-11-01 00:00:00-04:00,11.252668793580852,11.252668793580852,11.149590734740766,11.235489845275879,104900,0.0,0.0
2021-11-02 00:00:00-04:00,11.235493615730418,11.321391662839,11.183954569014684,11.304211616516113,75700,0.0,0.0
2021-11-03 00:00:00-04:00,11.252672569800378,11.372930709554735,11.235493615730418,11.304211616516113,72533,0.0,0.0
2021-11-04 00:00:00-04:00,11.355748391390456,11.355748391390456,11.166772288657135,11.183952331542969,110367,0.0,0.0
2021-11-05 00:00:00-04:00,11.252672569800378,11.338570616908958,11.252672569800378,11.304211616516113,103333,0.0,0.0
2021-11-08 00:00:00-05:00,11.30421124043565,11.30421124043565,11.218313196184816,11.25267219543457,66600,0.0,0.0
2021-11-09 00:00:00-05:00,11.287028700154139,11.338567733764648,11.23549075879628,11.338567733764648,43967,0.0,0.0
2021-11-10 00:00:00-05:00,11.30421010794736,11.390108143592684,11.287030063917182,11.321390151977539,76500,0.0,0.0
2021-11-11 00:00:00-05:00,11.372928807084504,11.372928807084504,11.20113164935274,11.269850730895996,92333,0.0,0.0
2021-11-12 00:00:00-05:00,11.321390151977539,11.338569103754933,11.25267106810961,11.321390151977539,57367,0.0,0.0
2021-11-15 00:00:00-05:00,11.355747623985618,11.37292766571045,11.321388632788594,11.37292766571045,78900,0.0,0.0
2021-11-16 00:00:00-05:00,11.372926892978475,11.390105841283447,11.235489845275879,11.235489845275879,126600,0.0,0.0
2021-11-17 00:00:00-05:00,11.235489845275879,11.28702778244336,11.132411786435792,11.235489845275879,105867,0.0,0.0
2021-11-18 00:00:00-05:00,11.218202176238265,11.287344124020214,11.200917513523262,11.235487937927246,139700,0.12,0.0
2021-11-19 00:00:00-05:00,11.23548657558855,11.23548657558855,11.114489555358887,11.114489555358887,92233,0.0,0.0
2021-11-22 00:00:00-05:00,11.114497360017777,11.149067804505538,11.062641143798828,11.062641143798828,74367,0.0,0.0
2021-11-23 00:00:00-05:00,11.04534762233962,11.16634464263916,11.028061862736608,11.16634464263916,58800,0.0,0.0
2021-11-24 00:00:00-05:00,11.131775565741313,11.252773699616228,11.131775565741313,11.235487937927246,40000,0.0,0.0
2021-11-26 00:00:00-05:00,11.097208932239077,11.131779368452621,10.889784117009114,10.924354553222656,77167,0.0,0.0
2021-11-29 00:00:00-05:00,10.97620964050293,11.028065839035479,10.87249834241207,10.97620964050293,109167,0.0,0.0
2021-11-30 00:00:00-05:00,10.976209042687495,10.976209042687495,10.69964339822644,10.734213829040527,150900,0.0,0.0
2021-12-01 00:00:00-05:00,10.768786375168432,10.993495845128962,10.578647339284688,10.595932006835938,119400,0.0,0.0
2021-12-02 00:00:00-05:00,10.578645253777946,10.83792510670003,10.578645253777946,10.7860689163208,105567,0.0,0.0
2021-12-03 00:00:00-05:00,10.803352635181412,10.820638395028292,10.647784093481073,10.699640274047852,120067,0.0,0.0
2021-12-06 00:00:00-05:00,10.76878579147381,11.09720764483771,10.76878579147381,11.02806568145752,282467,0.0,0.0
2021-12-07 00:00:00-05:00,11.149061327430294,11.287344124020214,11.114490903026308,11.235487937927246,108900,0.0,0.0
2021-12-08 00:00:00-05:00,11.304631233215332,11.40834251878962,11.235489277191698,11.304631233215332,105167,0.0,0.0
2021-12-09 00:00:00-05:00,11.270059050662661,11.321915239922802,11.183632434887107,11.200918197631836,72367,0.0,0.0
2021-12-10 00:00:00-05:00,11.218202861402519,11.235488624147248,11.131776245626964,11.200918197631836,89333,0.0,0.0
2021-12-13 00:00:00-05:00,11.183632583652518,11.218203010627787,11.079920203752645,11.149062156677246,72533,0.0,0.0
2021-12-14 00:00:00-05:00,11.06263338194263,11.218200822474348,11.06263338194263,11.16634464263916,71733,0.0,0.0
2021-12-15 00:00:00-05:00,11.183633758794715,11.321916580200195,11.131777563395886,11.321916580200195,87233,0.0,0.0
2021-12-16 00:00:00-05:00,11.321915239922802,11.373771429182945,11.166346672142378,11.200918197631836,109633,0.0,0.0
2021-12-17 00:00:00-05:00,11.149062725188069,11.200918917782245,11.062636103855812,11.079920768737793,105767,0.0,0.0
2021-12-20 00:00:00-05:00,11.010781868951064,11.010781868951064,10.872499030438288,10.94163990020752,143567,0.0,0.0
2021-12-21 00:00:00-05:00,11.06263532774178,11.166346606680015,10.820640145604491,10.88978099822998,257667,0.0,0.0
2021-12-22 00:00:00-05:00,10.924350841757855,11.114490923769582,10.88978041728935,11.09720516204834,87333,0.0,0.0
2021-12-23 00:00:00-05:00,11.16635125672367,11.287349447667046,11.131780816014633,11.252779006958008,113333,0.0,0.0
2021-12-27 00:00:00-05:00,11.28734637348624,11.442914962768553,11.252775942192681,11.442914962768555,83467,0.0,0.0
2021-12-28 00:00:00-05:00,11.460199628928235,11.494771159195992,11.425629197634676,11.442914962768555,82667,0.0,0.0
2021-12-29 00:00:00-05:00,11.495083504333188,11.616817187957295,11.408131504975772,11.564645767211914,70000,0.12,0.0
2021-12-30 00:00:00-05:00,11.599429910267338,11.721162525644575,11.599429910267338,11.668991088867188,133867,0.0,0.0
2021-12-31 00:00:00-05:00,11.703777014555167,11.895071983337402,11.703777014555167,11.895071983337402,104767,0.0,0.0
2022-01-03 00:00:00-05:00,11.947237049234474,11.947237049234474,11.651599327295019,11.8255033493042,181400,0.0,0.0
2022-01-04 00:00:00-05:00,11.895065621500757,11.895065621500757,11.73855133829961,11.8255033493042,135400,0.0,0.0
2022-01-05 00:00:00-05:00,11.755940487953534,11.825501644466918,11.321179389953613,11.321179389953613,207633,0.0,0.0
2022-01-06 00:00:00-05:00,11.303790290071333,11.390742301940918,11.199447433565904,11.390742301940918,209167,0.0,0.0
2022-01-07 00:00:00-05:00,11.390740105632233,11.408130946914858,11.269007533617676,11.338568687438965,104067,0.0,0.0
2022-01-10 00:00:00-05:00,11.321181531800258,11.321181531800258,11.1124958114697,11.286399841308594,143133,0.0,0.0
2022-01-11 00:00:00-05:00,11.338572264591523,11.40813454601329,11.182059066288714,11.373353958129883,84833,0.0,0.0
2022-01-12 00:00:00-05:00,11.425522850152275,11.54725655091632,11.408133111225137,11.512475967407227,141633,0.0,0.0
2022-01-13 00:00:00-05:00,11.58203850421688,11.634209938478168,11.408134460449219,11.408134460449219,88300,0.0,0.0
2022-01-14 00:00:00-05:00,11.373353872826675,11.425524201433017,11.23422931102661,11.408134460449219,75233,0.0,0.0
2022-01-18 00:00:00-05:00,11.33857171622588,11.33857171622588,11.216839111693814,11.269010543823242,153667,0.0,0.0
2022-01-19 00:00:00-05:00,11.30379479302747,11.39074683953509,11.164671297484222,11.182062149047852,177300,0.0,0.0
2022-01-20 00:00:00-05:00,11.269007479634714,11.321178897578061,11.042930966662011,11.060321807861328,142367,0.0,0.0
2022-01-21 00:00:00-05:00,10.920322145626677,11.077827064771762,10.605313419989404,10.62281322479248,260167,0.12,0.0
2022-01-24 00:00:00-05:00,10.535310862818399,10.657815059704433,9.852790659175925,10.62281322479248,532800,0.0,0.0
2022-01-25 00:00:00-05:00,10.482807315750408,10.710314750671387,10.325303537916126,10.710314750671387,109833,0.0,0.0
2022-01-26 00:00:00-05:00,10.832816648937074,10.920318985590416,10.48280618967113,10.57030963897705,136700,0.0,0.0
2022-01-27 00:00:00-05:00,10.710317429738302,10.762819073033329,10.447809213263156,10.51781177520752,151167,0.0,0.0
2022-01-28 00:00:00-05:00,10.51780931053617,10.780316352844238,10.395305134003566,10.780316352844238,126500,0.0,0.0
2022-01-31 00:00:00-05:00,10.85031440777974,10.972817420959473,10.76281209655818,10.972817420959473,105133,0.0,0.0
2022-02-01 00:00:00-05:00,10.990323939126315,11.025324658953314,10.815319227338493,10.955323219299316,123200,0.0,0.0
2022-02-02 00:00:00-05:00,10.95532136324541,11.112825132108984,10.95532136324541,11.00782299041748,77533,0.0,0.0
2022-02-03 00:00:00-05:00,10.937820330837175,11.025322670953349,10.797816364120774,10.832817077636719,101733,0.0,0.0
2022-02-04 00:00:00-05:00,10.797819020724713,10.815319938114774,10.605313380045626,10.640314102172852,171867,0.0,0.0
2022-02-07 00:00:00-05:00,10.64031025379561,10.69281187432416,10.605309544327406,10.657811164855957,168267,0.0,0.0
2022-02-08 00:00:00-05:00,10.657811164855957,10.710312785384508,10.58780863326706,10.657811164855957,125000,0.0,0.0
2022-02-09 00:00:00-05:00,10.762820416596163,10.8853235244751,10.745319495762123,10.885323524475098,120067,0.0,0.0
2022-02-10 00:00:00-05:00,10.780316352844238,10.955322160368999,10.710314919956506,10.780316352844238,188333,0.0,0.0
2022-02-11 00:00:00-05:00,10.81531801099604,10.86781852850567,10.58781057607506,10.710314750671387,185500,0.0,0.0
2022-02-14 00:00:00-05:00,10.657810988433994,10.745313316982294,10.500306129455566,10.500306129455566,162867,0.0,0.0
2022-02-15 00:00:00-05:00,10.605311490346734,10.745315466562039,10.605311490346734,10.710314750671387,136067,0.0,0.0
2022-02-16 00:00:00-05:00,10.745317457548923,10.920322182081293,10.727816540034524,10.815320014953613,132933,0.0,0.0
2022-02-17 00:00:00-05:00,10.815319938114774,10.815319938114774,10.605313380045626,10.640314102172852,91000,0.0,0.0
2022-02-18 00:00:00-05:00,10.657931301758602,10.710780638595514,10.534616929153508,10.622698783874512,137100,0.12,0.0
2022-02-22 00:00:00-05:00,10.55222747208309,10.60507678309691,10.41129634938657,10.46414566040039,199000,0.0,0.0
2022-02-23 00:00:00-05:00,10.464151886675296,10.517001229135003,10.340837500950425,10.376070022583008,160967,0.0,0.0
2022-02-24 00:00:00-05:00,10.129431690547657,10.464143167205913,10.04134989985139,10.446527481079102,239333,0.0,0.0
2022-02-25 00:00:00-05:00,10.746010214655989,10.93979069000155,10.675545198178282,10.904558181762695,427633,0.0,0.0
2022-02-28 00:00:00-05:00,10.851707458496094,10.975022901444579,10.693159511857084,10.851707458496094,250100,0.0,0.0
2022-03-01 00:00:00-05:00,10.81647965798725,10.886945816029233,10.693164161419178,10.78124713897705,157533,0.0,0.0
2022-03-02 00:00:00-05:00,10.763626137257505,10.869324773240514,10.763626137257505,10.798858642578125,137100,0.0,0.0
2022-03-03 00:00:00-05:00,10.834094148877792,10.904559171752792,10.605080024480674,10.763628005981445,285867,0.0,0.0
2022-03-04 00:00:00-05:00,10.71077731969341,10.763626640154131,10.552229358311243,10.746009826660156,189400,0.0,0.0
2022-03-07 00:00:00-05:00,10.728394208641893,10.728394208641893,10.464147604479793,10.499380111694336,139867,0.0,0.0
2022-03-08 00:00:00-05:00,10.516996422083606,10.710776882523191,10.446531411026205,10.552228927612305,198567,0.0,0.0
2022-03-09 00:00:00-05:00,10.693164161419178,10.834096477503142,10.657931642408979,10.78124713897705,88367,0.0,0.0
2022-03-10 00:00:00-05:00,10.74601014382367,10.85170878786476,10.657928313796505,10.83409309387207,113867,0.0,0.0
2022-03-11 00:00:00-05:00,10.869327147746453,10.904559660763946,10.675546646118164,10.675546646118164,78733,0.0,0.0
2022-03-14 00:00:00-04:00,10.693159018457452,10.781241953651122,10.46414607500442,10.481762886047363,157633,0.0,0.0
2022-03-15 00:00:00-04:00,10.58746480356374,10.710779159135654,10.499381840987922,10.675546646118164,196333,0.0,0.0
2022-03-16 00:00:00-04:00,10.816477329383323,10.939791679382324,10.657929347937742,10.939791679382324,115767,0.0,0.0
2022-03-17 00:00:00-04:00,10.90455989188088,11.679681914822378,10.869327378116653,11.256888389587402,621233,0.0,0.0
2022-03-18 00:00:00-04:00,11.256891654255359,11.468289038191978,11.168809784289014,11.274508476257324,196033,0.0,0.0
2022-03-21 00:00:00-04:00,11.256886032236137,11.397817177801487,11.15118739305683,11.204036712646484,185433,0.0,0.0
2022-03-22 00:00:00-04:00,11.221653472599025,11.32735211127675,11.186419846358996,11.309735298156738,83233,0.0,0.0
2022-03-23 00:00:00-04:00,11.256555163763236,11.309735831633386,11.167921092994108,11.221101760864258,115000,0.12,0.0
2022-03-24 00:00:00-04:00,11.221103083405755,11.238830350466293,11.132469002190037,11.203375816345215,65200,0.0,0.0
2022-03-25 00:00:00-04:00,11.185647964477539,11.292009296476266,11.132467298478176,11.185647964477539,174500,0.0,0.0
2022-03-28 00:00:00-04:00,11.167922409267625,11.256556490483343,11.132469002190037,11.203375816345215,112100,0.0,0.0
2022-03-29 00:00:00-04:00,11.292009824988178,11.540185902253084,11.292009824988178,11.487005233764648,114867,0.0,0.0
2022-03-30 00:00:00-04:00,11.487003206879713,11.611090660095215,11.43382254777502,11.611090660095215,85600,0.0,0.0
2022-03-31 00:00:00-04:00,11.664278597698674,11.664278597698674,11.38064899018449,11.416102409362793,147667,0.0,0.0
2022-04-01 00:00:00-04:00,11.4160967161289,11.522458047665046,11.309735384592752,11.469277381896973,120733,0.0,0.0
2022-04-04 00:00:00-04:00,11.50472827686228,11.522455537270508,11.398368095542114,11.451547622680664,101433,0.0,0.0
2022-04-05 00:00:00-04:00,11.451550225400082,11.46927748983738,11.203374158494528,11.292009353637695,126833,0.0,0.0
2022-04-06 00:00:00-04:00,11.167921259957959,11.238829193859372,11.043833784434705,11.150195121765137,180633,0.0,0.0
2022-04-07 00:00:00-04:00,11.11473858378728,11.13246584582164,10.90201707459081,10.99065113067627,131400,0.0,0.0
2022-04-08 00:00:00-04:00,10.955198096903956,11.061558291507305,10.902017436080678,10.97292423248291,75733,0.0,0.0
2022-04-11 00:00:00-04:00,10.990653011606023,11.04383367976722,10.866564410215439,10.937472343444824,106733,0.0,0.0
2022-04-12 00:00:00-04:00,11.008380087457553,11.043834620614373,10.884292602539062,10.884292602539062,50767,0.0,0.0
2022-04-13 00:00:00-04:00,10.902016446796551,10.955197102794045,10.512025720843667,10.636113166809082,637867,0.0,0.0
2022-04-14 00:00:00-04:00,10.67156980178232,10.724750473925967,10.600662990286422,10.618389129638672,147833,0.0,0.0
2022-04-18 00:00:00-04:00,10.636118505246856,10.671571918025451,10.547484409778534,10.600665092468262,93600,0.0,0.0
2022-04-19 00:00:00-04:00,10.600660242521885,10.795655614156626,10.600660242521885,10.777928352355957,124533,0.0,0.0
2022-04-20 00:00:00-04:00,10.848838272190616,10.937472343444824,10.795657604029417,10.937472343444824,137133,0.0,0.0
2022-04-21 00:00:00-04:00,11.026683839158645,11.026683839158645,10.812573120915571,10.883942604064941,128567,0.12,0.0
2022-04-22 00:00:00-04:00,10.830416058054803,10.830416058054803,10.634148257255712,10.66983413696289,117633,0.0,0.0
2022-04-25 00:00:00-04:00,10.66983287227139,10.741202354431152,10.50924983581573,10.741202354431152,257600,0.0,0.0
2022-04-26 00:00:00-04:00,10.705520517690497,10.723363460269846,10.527095629488098,10.562780380249023,93633,0.0,0.0
2022-04-27 00:00:00-04:00,10.580622386175607,10.61630713377753,10.45572406797237,10.473567008972168,101500,0.0,0.0
2022-04-28 00:00:00-04:00,10.598463206880497,10.687675634785363,10.4378801560132,10.65199089050293,72933,0.0,0.0
2022-04-29 00:00:00-04:00,10.651993266035813,10.669836209355022,10.2594575881958,10.2594575881958,155367,0.0,0.0
2022-05-02 00:00:00-04:00,10.259456534625954,10.312984224688863,9.831236148520393,10.027503967285156,199500,0.0,0.0
2022-05-03 00:00:00-04:00,10.027502556629083,10.11671498271774,9.849076570054223,9.956131935119629,357000,0.0,0.0
2022-05-04 00:00:00-04:00,9.902604400486554,10.06318745048304,9.706336606401148,10.009659767150879,209267,0.0,0.0
2022-05-05 00:00:00-04:00,9.938284130945135,9.956127061187038,9.63496225761171,9.68848991394043,171533,0.0,0.0
2022-05-06 00:00:00-04:00,9.65281042487985,9.706338116539998,9.510070291918701,9.581440925598145,228433,0.0,0.0
2022-05-09 00:00:00-04:00,9.456540462086675,9.456540462086675,8.97479248046875,8.97479248046875,262200,0.0,0.0
2022-05-10 00:00:00-04:00,9.064003700904541,9.242429086726798,8.903421250703575,8.939105987548828,315367,0.0,0.0
2022-05-11 00:00:00-04:00,8.921262920128273,9.260270729589587,8.921262920128273,9.064002990722656,386967,0.0,0.0
2022-05-12 00:00:00-04:00,9.046165246547112,9.13537769445906,8.885582159666917,9.010479927062988,213233,0.0,0.0
2022-05-13 00:00:00-04:00,9.046163848316137,9.2067463431768,9.010478534347754,9.153219223022461,127300,0.0,0.0
2022-05-16 00:00:00-04:00,9.188903969792019,9.24243165714518,9.064006221700916,9.153219223022461,213733,0.0,0.0
2022-05-17 00:00:00-04:00,9.2424311301414,9.456541300146654,9.135375761539377,9.403014183044434,107967,0.0,0.0
2022-05-18 00:00:00-04:00,9.36732648880743,9.385168856637156,9.171058741084499,9.24242877960205,84167,0.0,0.0
2022-05-19 00:00:00-04:00,9.17050681653359,9.314357764871383,9.134543793642713,9.224451065063477,111300,0.12,0.0
2022-05-20 00:00:00-04:00,9.260410936158118,9.278392156787108,9.04463457377215,9.152523040771484,152333,0.0,0.0
2022-05-23 00:00:00-04:00,9.26040966623627,9.332335110501466,9.152521785644788,9.278390884399414,98500,0.0,0.0
2022-05-24 00:00:00-04:00,9.26041226152013,9.404263190365572,9.134542555877175,9.386281967163086,165167,0.0,0.0
2022-05-25 00:00:00-04:00,9.368301126496405,9.51215206121571,9.332338107010179,9.476189613342285,131500,0.0,0.0
2022-05-26 00:00:00-04:00,9.530135467279482,9.709950034270184,9.530135467279482,9.673986434936523,167833,0.0,0.0
2022-05-27 00:00:00-04:00,9.763891504216975,10.015629768371582,9.763891504216975,10.015629768371582,91933,0.0,0.0
2022-05-31 00:00:00-04:00,10.051592728417415,10.069573378602923,9.835815780387556,9.88976001739502,135467,0.0,0.0
2022-06-01 00:00:00-04:00,9.907739239346107,9.907739239346107,9.67398055857512,9.763888359069824,123733,0.0,0.0
2022-06-02 00:00:00-04:00,9.727927902732898,9.835816383361816,9.673983662418438,9.835816383361816,105400,0.0,0.0
2022-06-03 00:00:00-04:00,9.781874946485772,9.781874946485772,9.65600577849556,9.673986434936523,48733,0.0,0.0
2022-06-06 00:00:00-04:00,9.763894290044808,9.835819202260396,9.602061522720936,9.673986434936523,103833,0.0,0.0
2022-06-07 00:00:00-04:00,9.638021210298746,9.781872136634483,9.620039415797201,9.745909690856934,53867,0.0,0.0
2022-06-08 00:00:00-04:00,9.709946800812808,9.727927451266131,9.512151071635104,9.530132293701172,75433,0.0,0.0
2022-06-09 00:00:00-04:00,9.530132896008528,9.566095914026278,9.350319520758116,9.386281967163086,74067,0.0,0.0
2022-06-10 00:00:00-04:00,9.242430324473315,9.278392768100705,9.08059761331185,9.098579406738281,91100,0.0,0.0
2022-06-13 00:00:00-04:00,8.972712484492794,8.990693711864907,8.667028761102287,8.720973014831543,193833,0.0,0.0
2022-06-14 00:00:00-04:00,8.685008044859647,8.720971063168637,8.559138338197357,8.595101356506348,125567,0.0,0.0
2022-06-15 00:00:00-04:00,8.685007152582738,8.936746540044215,8.649044709581228,8.810876846313477,120100,0.0,0.0
2022-06-16 00:00:00-04:00,8.631063445549458,8.649045239765217,8.451250076293945,8.451250076293945,140833,0.0,0.0
2022-06-17 00:00:00-04:00,8.487212181091309,8.63106309937119,8.433267943833169,8.487212181091309,102600,0.0,0.0
2022-06-21 00:00:00-04:00,8.65042823171273,8.741103346795304,8.577887447848685,8.632292747497559,88367,0.12,0.0
2022-06-22 00:00:00-04:00,8.596022932063859,8.759238254512155,8.541617632414985,8.632292747497559,54233,0.0,0.0
2022-06-23 00:00:00-04:00,8.704833891275882,8.759239196777344,8.668564071940498,8.759239196777344,48033,0.0,0.0
2022-06-24 00:00:00-04:00,8.868049530185948,8.99499504688282,8.795509317287502,8.922454833984375,106433,0.0,0.0
2022-06-27 00:00:00-04:00,9.013130348898475,9.103806051348196,8.9768605291173,9.031265258789062,136867,0.0,0.0
2022-06-28 00:00:00-04:00,9.140074740846485,9.212614947936736,8.976859419018,9.013129234313965,94200,0.0,0.0
2022-06-29 00:00:00-04:00,8.994995209567564,8.994995209567564,8.83177929522034,8.940589904785156,58600,0.0,0.0
2022-06-30 00:00:00-04:00,8.940590159571615,9.013130375849265,8.7773748170715,8.904319763183594,116367,0.0,0.0
2022-07-01 00:00:00-04:00,8.940588865057729,9.049399461968639,8.886183566602272,8.994994163513184,82800,0.0,0.0
2022-07-05 00:00:00-04:00,8.9224552496268,8.940590159571615,8.704834024295458,8.904319763183594,91533,0.0,0.0
2022-07-06 00:00:00-04:00,8.940590159571615,9.013130375849265,8.868049943293965,8.904319763183594,91033,0.0,0.0
2022-07-07 00:00:00-04:00,8.994994326665982,9.04939962610825,8.940589027223714,9.013129234313965,57833,0.0,0.0
2022-07-08 00:00:00-04:00,8.994994414058297,9.031264229706649,8.849913998468242,8.958724021911621,57133,0.0,0.0
2022-07-11 00:00:00-04:00,8.994994414058297,9.04939971402915,8.904318721940768,8.958724021911621,107000,0.0,0.0
2022-07-12 00:00:00-04:00,8.976855576433655,8.994990476318911,8.831774647857392,8.88617992401123,82733,0.0,0.0
2022-07-13 00:00:00-04:00,8.777378121888358,8.886188199024291,8.70483730179959,8.849918365478516,68200,0.0,0.0
2022-07-14 00:00:00-04:00,8.77737723753446,8.831781982371638,8.686701509808726,8.72297191619873,60667,0.0,0.0
2022-07-15 00:00:00-04:00,8.795508453508718,8.994994163513184,8.77737354618967,8.994994163513184,48633,0.0,0.0
2022-07-18 00:00:00-04:00,9.067535423777983,9.103805819132381,8.922454995357146,8.940589904785156,76000,0.0,0.0
2022-07-19 00:00:00-04:00,9.031265165582736,9.10380595739322,8.976860436472453,9.085670471191406,47133,0.0,0.0
2022-07-20 00:00:00-04:00,9.04940065178455,9.194481082408746,9.04940065178455,9.085670471191406,71500,0.0,0.0
2022-07-21 00:00:00-04:00,9.103950770021498,9.231917976359508,9.012545871696423,9.177075386047363,52933,0.12,0.0
2022-07-22 00:00:00-04:00,9.195351925524719,9.286756780868194,9.140508779863474,9.15878963470459,67067,0.0,0.0
2022-07-25 00:00:00-04:00,9.177075386047363,9.286761147809822,9.12223221459705,9.177075386047363,82333,0.0,0.0
2022-07-26 00:00:00-04:00,9.103946489043345,9.250195071185964,9.103946489043345,9.15878963470459,74000,0.0,0.0
2022-07-27 00:00:00-04:00,9.250199437433334,9.286761164373306,9.15879395780706,9.26848030090332,72000,0.0,0.0
2022-07-28 00:00:00-04:00,9.28675959921644,9.54269396921468,9.28675959921644,9.524413108825684,63733,0.0,0.0
2022-07-29 00:00:00-04:00,9.63410037847672,9.835191024757474,9.615818935156364,9.816910743713379,99133,0.0,0.0
2022-08-01 00:00:00-04:00,9.798632986660202,9.816914436858081,9.634104002847739,9.670665740966797,128200,0.0,0.0
2022-08-02 00:00:00-04:00,9.615818178129734,9.634099620010845,9.378165245056152,9.378165245056152,108900,0.0,0.0
2022-08-03 00:00:00-04:00,9.433007886487587,9.560975074768066,9.433007886487587,9.560975074768066,106433,0.0,0.0
2022-08-04 00:00:00-04:00,9.542695145292567,9.542695145292567,9.469571113586426,9.469571113586426,53433,0.0,0.0
2022-08-05 00:00:00-04:00,9.451290130615234,9.469570993024488,9.359884656292678,9.451290130615234,93200,0.0,0.0
2022-08-08 00:00:00-04:00,9.506133298981139,9.54269502379965,9.378166099840072,9.451290130615234,78633,0.0,0.0
2022-08-09 00:00:00-04:00,9.487851976228425,9.487851976228425,9.433008807164283,9.469571113586426,63800,0.0,0.0
2022-08-10 00:00:00-04:00,9.634099374733584,9.725504257259692,9.560974771347013,9.688941955566406,76333,0.0,0.0
2022-08-11 00:00:00-04:00,9.81690783889551,9.81690783889551,9.70722153598201,9.78034496307373,56700,0.0,0.0
2022-08-12 00:00:00-04:00,9.835191024757474,9.85347246807783,9.74378613270821,9.816910743713379,65633,0.0,0.0
2022-08-15 00:00:00-04:00,9.816912179290428,9.981440544128418,9.816912179290428,9.981440544128418,45733,0.0,0.0
2022-08-16 00:00:00-04:00,9.981438863289542,9.981438863289542,9.780347640327108,9.871753692626953,75300,0.0,0.0
2022-08-17 00:00:00-04:00,9.816911307292312,9.816911307292312,9.688943521255833,9.725505828857422,53600,0.0,0.0
2022-08-18 00:00:00-04:00,9.725508929283736,9.725508929283736,9.61582255264986,9.670665740966797,88000,0.0,0.0
2022-08-19 00:00:00-04:00,9.615819298950836,9.634100742962834,9.43300892679793,9.487852096557617,55667,0.0,0.0
2022-08-22 00:00:00-04:00,9.414733183714619,9.414733183714619,9.323328238500665,9.35988998413086,63600,0.0,0.0
2022-08-23 00:00:00-04:00,9.341463149062106,9.35988796164128,9.249338500452005,9.286188125610352,97167,0.12,0.0
2022-08-24 00:00:00-04:00,9.286184091634397,9.359883895649673,9.267759287059073,9.323034286499023,61833,0.0,0.0
2022-08-25 00:00:00-04:00,9.396735191345215,9.396735191345215,9.32303537869598,9.396735191345215,53733,0.0,0.0
2022-08-26 00:00:00-04:00,9.378313242721196,9.452013077830998,9.212488174438477,9.212488174438477,81233,0.0,0.0
2022-08-29 00:00:00-04:00,9.212486087471873,9.212486087471873,9.138786269057789,9.194061279296875,88700,0.0,0.0
2022-08-30 00:00:00-04:00,9.267759247295071,9.267759247295071,9.046659250483913,9.08350944519043,67767,0.0,0.0
2022-08-31 00:00:00-04:00,9.194063126662854,9.194063126662854,8.991388438872113,9.065088272094727,100200,0.0,0.0
2022-09-01 00:00:00-04:00,9.028234445987641,9.08350944519043,8.843984643883001,9.08350944519043,88133,0.0,0.0
2022-09-02 00:00:00-04:00,9.065087062859547,9.120362076831663,8.899262020943201,8.91768741607666,59667,0.0,0.0
2022-09-06 00:00:00-04:00,8.95453912493801,9.009814151811522,8.88083928434475,8.936114311218262,110500,0.0,0.0
2022-09-07 00:00:00-04:00,8.936113417526599,9.065088272094727,8.917688605649497,9.065088272094727,71967,0.0,0.0
2022-09-08 00:00:00-04:00,9.028235616393973,9.083510622762528,8.954535803140583,9.046660423278809,89800,0.0,0.0
2022-09-09 00:00:00-04:00,9.08350944519043,9.157209248889492,9.06508464069416,9.08350944519043,71267,0.0,0.0
2022-09-12 00:00:00-04:00,9.157212079784472,9.249337302173716,9.138787269592285,9.138787269592285,138100,0.0,0.0
2022-09-13 00:00:00-04:00,9.028236437175003,9.028236437175003,8.899261605827613,8.97296142578125,100067,0.0,0.0
2022-09-14 00:00:00-04:00,8.972960791861809,8.972960791861809,8.751861347621075,8.788711547851562,89500,0.0,0.0
2022-09-15 00:00:00-04:00,8.770284502398617,8.899259300333036,8.67815989775144,8.696584701538086,49067,0.0,0.0
2022-09-16 00:00:00-04:00,8.641312241990391,8.696587255295817,8.530762801093665,8.604462623596191,187267,0.0,0.0
2022-09-19 00:00:00-04:00,8.604460013072107,8.678159813214704,8.493910020001234,8.512334823608398,120333,0.0,0.0
2022-09-20 00:00:00-04:00,8.475485953553164,8.475485953553164,8.254385948181152,8.254385948181152,141067,0.0,0.0
2022-09-21 00:00:00-04:00,8.309665185594566,8.309665185594566,8.070140838623047,8.070140838623047,104900,0.0,0.0
2022-09-22 00:00:00-04:00,8.032949698506792,8.088734165826889,7.828407045741426,7.884191513061523,107633,0.12,0.0
2022-09-23 00:00:00-04:00,7.7726195364188255,7.79121415454391,7.530887136343718,7.549482345581055,184900,0.0,0.0
2022-09-26 00:00:00-04:00,7.493700890041447,7.512295515585691,7.047425739192177,7.158994674682617,271433,0.0,0.0
2022-09-27 00:00:00-04:00,7.214776320588499,7.233370938860026,6.97304391860962,6.973043918609619,152767,0.0,0.0
2022-09-28 00:00:00-04:00,7.028828546306148,7.214776507166913,7.010233927553752,7.196181297302246,236767,0.0,0.0
2022-09-29 00:00:00-04:00,7.14039908788419,7.14039908788419,6.898666623901554,6.954451084136963,172400,0.0,0.0
2022-09-30 00:00:00-04:00,7.010236256617978,7.196183688145204,7.010236256617978,7.103209972381592,215167,0.0,0.0
2022-10-03 00:00:00-04:00,7.214776507166913,7.233371125919309,7.140397441045062,7.196181297302246,355400,0.0,0.0
2022-10-04 00:00:00-04:00,7.4007248878479,7.4936991765346255,7.363535645263093,7.4007248878479,178733,0.0,0.0
2022-10-05 00:00:00-04:00,7.34494221066007,7.34494221066007,7.121804354650429,7.251967906951904,89967,0.0,0.0
2022-10-06 00:00:00-04:00,7.214778539542752,7.289157626616911,7.084614989384862,7.121804237365723,112233,0.0,0.0
2022-10-07 00:00:00-04:00,7.047425270384341,7.066019894691636,6.842882629666751,6.935856342315674,142233,0.0,0.0
2022-10-10 00:00:00-04:00,6.973045341455775,6.973045341455775,6.805691969526895,6.880071640014648,103967,0.0,0.0
2022-10-11 00:00:00-04:00,6.8614767867071444,6.991640330218964,6.787097703430736,6.954451084136963,202333,0.0,0.0
2022-10-12 00:00:00-04:00,6.9544507193900245,6.9544507193900245,6.842881804770771,6.880071640014648,105933,0.0,0.0
2022-10-13 00:00:00-04:00,6.731313587243069,6.935856224485784,6.526770950000354,6.917261600494385,250900,0.0,0.0
2022-10-14 00:00:00-04:00,6.935856102446824,7.066019650321224,6.787097930908202,6.787097930908203,182500,0.0,0.0
2022-10-17 00:00:00-04:00,6.9358551595834985,7.04742406862695,6.89866591731058,6.991639614105225,187967,0.0,0.0
2022-10-18 00:00:00-04:00,7.158994438284747,7.270562778978589,7.028830881548207,7.103209972381592,216167,0.0,0.0
2022-10-19 00:00:00-04:00,7.0102340714030404,7.028828690536995,6.824286106726642,6.842880725860596,180667,0.0,0.0
2022-10-20 00:00:00-04:00,6.898666262080398,6.991639963521524,6.824287182705022,6.880071640014648,239533,0.0,0.0
2022-10-21 00:00:00-04:00,6.898870049784039,6.9364657364314475,6.767283951372778,6.861273765563965,93500,0.12,0.0
2022-10-24 00:00:00-04:00,6.936466217041016,6.974062503866038,6.880072085589836,6.936466217041016,238700,0.0,0.0
2022-10-25 00:00:00-04:00,6.9928611477501015,7.2372355461120605,6.955265454200738,7.2372355461120605,140000,0.0,0.0
2022-10-26 00:00:00-04:00,7.256030094777228,7.331222045271461,7.180838144282996,7.199635982513428,125633,0.0,0.0
2022-10-27 00:00:00-04:00,7.199638809319662,7.350022769353633,7.199638809319662,7.256032943725586,81333,0.0,0.0
2022-10-28 00:00:00-04:00,7.274830310408096,7.425214858114443,7.14324420464798,7.406416416168213,96867,0.0,0.0
2022-10-31 00:00:00-04:00,7.500406323284131,7.500406323284131,7.3876180695651845,7.462810039520264,150067,0.0,0.0
2022-11-01 00:00:00-04:00,7.594395637512207,7.6131934793731135,7.519203672495961,7.594395637512207,149267,0.0,0.0
2022-11-02 00:00:00-04:00,7.594397573494262,7.594397573494262,7.350023176715493,7.368821620941162,187900,0.0,0.0
2022-11-03 00:00:00-04:00,7.293627295946226,7.3876170966184835,7.1244449376490655,7.312425136566162,91400,0.0,0.0
2022-11-04 00:00:00-04:00,7.350019871576281,7.519202208093178,7.293626356976484,7.444010257720947,96567,0.0,0.0
2022-11-07 00:00:00-05:00,7.519205093383789,7.6131949180219936,7.387618980346663,7.519205093383789,92233,0.0,0.0
2022-11-08 00:00:00-05:00,7.55679988861084,7.669587536376073,7.500405765941917,7.55679988861084,153367,0.0,0.0
2022-11-09 00:00:00-05:00,7.5568013817827095,7.6131949180219936,7.481608804984868,7.519205093383789,59300,0.0,0.0
2022-11-10 00:00:00-05:00,7.819972864834471,8.045549395886859,7.819972864834471,7.970357418060303,133533,0.0,0.0
2022-11-11 00:00:00-05:00,7.989151509951003,8.17713166499375,7.97035367371846,8.064343452453613,104733,0.0,0.0
2022-11-14 00:00:00-05:00,8.026752141996,8.026752141996,7.801175594329834,7.801175594329834,122867,0.0,0.0
2022-11-15 00:00:00-05:00,7.895166411729886,8.064348233264193,7.895166411729886,7.989156246185303,216833,0.0,0.0
2022-11-16 00:00:00-05:00,7.989152905250175,8.007950744765745,7.801172717376838,7.857566833496094,100933,0.0,0.0
2022-11-17 00:00:00-05:00,7.782376767696449,7.932760715484619,7.650790663988627,7.932760715484619,123167,0.0,0.0
2022-11-18 00:00:00-05:00,7.9327611303606655,8.0267515508234,7.9327611303606655,7.970357418060303,89733,0.0,0.0
2022-11-21 00:00:00-05:00,7.9893315414616675,8.084216471997884,7.970354676007159,8.046262741088867,74367,0.12,0.0
2022-11-22 00:00:00-05:00,8.06524332811443,8.160128302433725,7.989335228006204,8.141151428222656,102067,0.0,0.0
2022-11-23 00:00:00-05:00,8.141147969050976,8.198079170758081,8.084216767343872,8.103194236755371,114667,0.0,0.0
2022-11-25 00:00:00-05:00,8.103193232857251,8.255009349758689,8.103193232857251,8.236032485961914,68767,0.0,0.0
2022-11-28 00:00:00-05:00,8.236034485410475,8.33091943069303,8.065240859985352,8.065240859985352,149600,0.0,0.0
2022-11-29 00:00:00-05:00,8.02728897642834,8.179105779908745,8.008312102217271,8.141151428222656,167100,0.0,0.0
2022-11-30 00:00:00-05:00,8.179101291307969,8.255009349758689,8.046262038203306,8.236032485961914,233667,0.0,0.0
2022-12-01 00:00:00-05:00,8.29296588897705,8.444782660613662,8.23603527828513,8.29296588897705,100667,0.0,0.0
2022-12-02 00:00:00-05:00,8.255010604858398,8.292964338222468,8.122171331556723,8.255010604858398,107067,0.0,0.0
2022-12-05 00:00:00-05:00,8.198079170758081,8.236033506317384,8.084216767343872,8.103194236755371,103133,0.0,0.0
2022-12-06 00:00:00-05:00,8.103195294591904,8.141149031842202,7.837516720784708,7.894447326660156,120033,0.0,0.0
2022-12-07 00:00:00-05:00,7.875471868282167,7.970357434926462,7.856494996258863,7.932403087615967,71000,0.0,0.0
2022-12-08 00:00:00-05:00,7.951378227661812,8.065240641527781,7.894447020728827,7.913424491882324,103633,0.0,0.0
2022-12-09 00:00:00-05:00,7.894447326660155,7.970356007688306,7.856493589409857,7.894447326660156,70867,0.0,0.0
2022-12-12 00:00:00-05:00,7.932401359772068,7.932401359772068,7.8185389459060985,7.913424491882324,131200,0.0,0.0
2022-12-13 00:00:00-05:00,8.103193940716068,8.255010070879484,8.008308406916175,8.046262741088867,139033,0.0,0.0
2022-12-14 00:00:00-05:00,8.046263991581595,8.160125805267906,8.008309651510311,8.065240859985352,113533,0.0,0.0
2022-12-15 00:00:00-05:00,8.008308588143475,8.008308588143475,7.894446186312377,7.9893317222595215,84200,0.0,0.0
2022-12-16 00:00:00-05:00,7.894451163515736,7.894451163515736,7.685703697392469,7.761612415313721,122000,0.0,0.0
2022-12-19 00:00:00-05:00,7.780584581439687,7.780584581439687,7.552859772108371,7.628768444061279,131800,0.0,0.0
2022-12-20 00:00:00-05:00,7.552859852731781,7.609791055672325,7.420020580291749,7.420020580291748,145533,0.0,0.0
2022-12-21 00:00:00-05:00,7.514908606135406,7.647747922529109,7.495931733297423,7.533885478973389,113300,0.0,0.0
2022-12-22 00:00:00-05:00,7.401044654235211,7.495930205615124,7.382067785264743,7.4579758644104,142633,0.0,0.0
2022-12-23 00:00:00-05:00,7.45797689647347,7.609793075773684,7.45797689647347,7.571839332580566,102533,0.0,0.0
2022-12-27 00:00:00-05:00,7.571836828893775,7.590813694215486,7.457974430436169,7.495928764343262,171933,0.0,0.0
2022-12-28 00:00:00-05:00,7.495932035859121,7.533885783067031,7.344115237235673,7.3820695877075195,162300,0.0,0.0
2022-12-29 00:00:00-05:00,7.420416421893215,7.535461836188639,7.420416421893215,7.516287803649902,217000,0.12,0.0
2022-12-30 00:00:00-05:00,7.458764145108401,7.5162868449188736,7.382067415204914,7.477938175201416,206300,0.0,0.0
2023-01-03 00:00:00-05:00,7.612157896965957,7.803900033846832,7.573809835308653,7.708029270172119,200500,0.0,0.0
2023-01-04 00:00:00-05:00,7.746377945493741,7.880597390990007,7.727203913146131,7.784726619720459,109700,0.0,0.0
2023-01-05 00:00:00-05:00,7.78472543835311,7.78472543835311,7.554634646973117,7.612157344818115,207100,0.0,0.0
2023-01-06 00:00:00-05:00,7.708029880798521,7.78472661972046,7.631332532345085,7.784726619720459,137667,0.0,0.0
2023-01-09 00:00:00-05:00,7.8422476276624895,7.938118378166415,7.8038989617420995,7.880595684051514,89167,0.0,0.0
2023-01-10 00:00:00-05:00,7.899769712246025,7.918944349971903,7.765550295821709,7.880595684051514,90000,0.0,0.0
2023-01-11 00:00:00-05:00,7.9572956559466235,8.129863808764393,7.9572956559466235,8.110689163208008,166433,0.0,0.0
2023-01-12 00:00:00-05:00,8.2065601936094,8.264082908630371,8.110688798730584,8.264082908630371,76467,0.0,0.0
2023-01-13 00:00:00-05:00,8.187385148415641,8.264081889138106,8.149036473288653,8.206559181213379,125700,0.0,0.0
2023-01-17 00:00:00-05:00,8.264079178617816,8.340775894184665,8.24490454257762,8.321601867675781,184600,0.0,0.0
2023-01-18 00:00:00-05:00,8.436648562947218,8.436648562947218,8.225732394588396,8.244906425476074,170400,0.0,0.0
2023-01-19 00:00:00-05:00,8.244909581109551,8.244909581109551,8.12986474222009,8.187387466430664,108133,0.0,0.0
2023-01-20 00:00:00-05:00,8.244905954297819,8.321603292528353,8.129861166014852,8.283254623413086,124000,0.0,0.0
2023-01-23 00:00:00-05:00,8.283255898292035,8.360669430070795,8.22519559565095,8.321962356567383,103067,0.12,0.0
2023-01-24 00:00:00-05:00,8.360669136047363,8.399376208189544,8.225195306391788,8.360669136047363,111767,0.0,0.0
2023-01-25 00:00:00-05:00,8.321961750537236,8.380022048950195,8.244548224395961,8.380022048950195,64333,0.0,0.0
2023-01-26 00:00:00-05:00,8.41873106997235,8.476791381835938,8.360670758108766,8.476791381835938,124767,0.0,0.0
2023-01-27 00:00:00-05:00,8.457437234094694,8.592911085223358,8.41873077104544,8.57355785369873,125600,0.0,0.0
2023-01-30 00:00:00-05:00,8.534845009593477,8.534845009593477,8.457431520564542,8.496138572692871,99400,0.0,0.0
2023-01-31 00:00:00-05:00,8.53484922194104,8.631616592407227,8.43808246670288,8.631616592407227,78200,0.0,0.0
2023-02-01 00:00:00-05:00,8.592910786922275,8.728384633347991,8.515497248283024,8.670324325561523,173767,0.0,0.0
2023-02-02 00:00:00-05:00,8.728384693682978,8.960625926434211,8.728384693682978,8.844505310058594,202833,0.0,0.0
2023-02-03 00:00:00-05:00,8.767092032499416,8.767092032499416,8.573557871174254,8.650971412658691,120333,0.0,0.0
2023-02-06 00:00:00-05:00,8.554202054138397,8.57355527985304,8.457434695109276,8.5348482131958,83367,0.0,0.0
2023-02-07 00:00:00-05:00,8.515497228145382,8.592910766601562,8.457436920496217,8.592910766601562,61133,0.0,0.0
2023-02-08 00:00:00-05:00,8.5348482131958,8.631615572224922,8.515494987481159,8.5348482131958,58433,0.0,0.0
2023-02-09 00:00:00-05:00,8.631617149552104,8.631617149552104,8.399376552853273,8.418729782104492,112600,0.0,0.0
2023-02-10 00:00:00-05:00,8.418730438611401,8.515497207641602,8.360670131102035,8.515497207641602,81333,0.0,0.0
2023-02-13 00:00:00-05:00,8.534850479135807,8.689678171642424,8.534850479135807,8.670324325561523,80700,0.0,0.0
2023-02-14 00:00:00-05:00,8.67032304841128,8.709030119643359,8.57355629317312,8.631616592407227,80200,0.0,0.0
2023-02-15 00:00:00-05:00,8.592912690159775,8.670326245945292,8.534852369513573,8.612266540527344,60700,0.0,0.0
2023-02-16 00:00:00-05:00,8.554202054138397,8.631615572224922,8.476788536051872,8.5348482131958,72567,0.0,0.0
2023-02-17 00:00:00-05:00,8.515317841414662,8.554379205836266,8.417665361649636,8.5348482131958,50733,0.12,0.0
2023-02-21 00:00:00-05:00,8.476256103748387,8.476256103748387,8.2418891864242,8.280950546264648,94400,0.0,0.0
2023-02-22 00:00:00-05:00,8.261422141582932,8.378605636921233,8.163769642707312,8.183300018310547,84333,0.0,0.0
2023-02-23 00:00:00-05:00,8.261419515472571,8.320011244516792,8.183297417033357,8.202828407287598,71467,0.0,0.0
2023-02-24 00:00:00-05:00,8.16377146378709,8.202832844566366,8.066118943128274,8.124710083007812,113200,0.0,0.0
2023-02-27 00:00:00-05:00,8.163768845681355,8.202830213933723,8.066116356339514,8.144238471984863,104867,0.0,0.0
2023-02-28 00:00:00-05:00,8.202829285800927,8.24189002877427,8.1442375504816,8.222359657287598,137100,0.0,0.0
2023-03-01 00:00:00-05:00,8.183302098294483,8.20283309972144,7.987997050901747,8.066119194030762,133400,0.0,0.0
2023-03-02 00:00:00-05:00,8.046586240100464,8.241891860961914,8.007525488443846,8.241891860961914,145033,0.0,0.0
2023-03-03 00:00:00-05:00,8.300480915755246,8.320011285245844,8.222358816933601,8.280950546264648,73667,0.0,0.0
2023-03-06 00:00:00-05:00,8.300483809428497,8.4371976852417,8.300483809428497,8.4371976852417,88267,0.0,0.0
2023-03-07 00:00:00-05:00,8.417667105995056,8.437197481823365,8.222361485133606,8.241891860961914,123033,0.0,0.0
2023-03-08 00:00:00-05:00,8.339544981822367,8.339544981822367,8.124708364273154,8.241891860961914,137367,0.0,0.0
2023-03-09 00:00:00-05:00,8.261421286762515,8.261421286762515,7.968463199588979,7.987994194030762,74167,0.0,0.0
2023-03-10 00:00:00-05:00,7.987996639517729,7.987996639517729,7.675507462235343,7.695037841796875,144467,0.0,0.0
2023-03-13 00:00:00-04:00,7.616914749145509,7.773159007797022,7.558322996936317,7.616914749145508,242367,0.0,0.0
2023-03-14 00:00:00-04:00,7.792690981323684,7.83175174044675,7.6169157026911725,7.695037841796875,149300,0.0,0.0
2023-03-15 00:00:00-04:00,7.577851075669806,7.675503544493121,7.55832008521774,7.636442184448242,117300,0.0,0.0
2023-03-16 00:00:00-04:00,7.616914749145509,7.6950368784712655,7.538792619819751,7.616914749145508,116700,0.0,0.0
2023-03-17 00:00:00-04:00,7.61691393487446,7.61691393487446,7.460669692925926,7.499731063842773,109167,0.0,0.0
2023-03-20 00:00:00-04:00,7.499729883282424,7.616912735867922,7.499729883282424,7.558320999145508,70933,0.0,0.0
2023-03-21 00:00:00-04:00,7.655975805732687,7.675506182036746,7.519261929885337,7.577853679656982,80300,0.0,0.0
2023-03-22 00:00:00-04:00,7.597382817445811,7.6559745576659095,7.460668963885371,7.480199337005615,110700,0.0,0.0
2023-03-23 00:00:00-04:00,7.51967241803079,7.618355529497242,7.420988679152417,7.440725803375244,106433,0.12,0.0
2023-03-24 00:00:00-04:00,7.46046230018615,7.51967241803079,7.420988679152417,7.440725803375244,69833,0.0,0.0
2023-03-27 00:00:00-04:00,7.5394099858311545,7.677566737956804,7.499936359190107,7.657830238342285,81967,0.0,0.0
2023-03-28 00:00:00-04:00,7.638093627601595,7.697303757859383,7.559146996395228,7.578884124755859,49033,0.0,0.0
2023-03-29 00:00:00-04:00,7.677569692157095,7.795989990234375,7.6578331849482995,7.795989990234375,61133,0.0,0.0
2023-03-30 00:00:00-04:00,7.855196857956647,7.953880615484499,7.835460357415893,7.894670486450195,58533,0.0,0.0
2023-03-31 00:00:00-04:00,8.032823831678352,8.210453515889185,7.97361372780415,8.13150691986084,102167,0.0,0.0
2023-04-03 00:00:00-04:00,8.111774657046467,8.28940506128251,8.09203815460205,8.09203815460205,109000,0.0,0.0
2023-04-04 00:00:00-04:00,8.111772835069269,8.190719454526912,8.032826215611626,8.052562713623047,68867,0.0,0.0
2023-04-05 00:00:00-04:00,8.05256268141306,8.111772802622442,7.914405941061817,7.93414306640625,89133,0.0,0.0
2023-04-06 00:00:00-04:00,7.973619140599672,8.092039428736266,7.973619140599672,8.032829284667969,70967,0.0,0.0
2023-04-10 00:00:00-04:00,8.013090705173507,8.032827205617352,7.973617076873778,7.973617076873779,108433,0.0,0.0
2023-04-11 00:00:00-04:00,8.013089717600206,8.072299839046428,7.973616094165404,8.052562713623047,53733,0.0,0.0
2023-04-12 00:00:00-04:00,8.072300873553104,8.131510375175367,7.874933985909442,7.894670486450195,69300,0.0,0.0
2023-04-13 00:00:00-04:00,7.934144114943744,7.953880615484499,7.815723856875138,7.894670486450195,80667,0.0,0.0
2023-04-14 00:00:00-04:00,7.9144046804121055,7.973614792190178,7.835458073845294,7.855194568634033,98000,0.0,0.0
2023-04-17 00:00:00-04:00,7.855199381846412,7.973619677963673,7.815726368082153,7.953883171081543,207300,0.0,0.0
2023-04-18 00:00:00-04:00,7.973617116025253,7.993353616566007,7.855196857956647,7.894670486450195,81033,0.0,0.0
2023-04-19 00:00:00-04:00,7.8157215790565555,7.894668185623367,7.8157215790565555,7.855194568634033,96533,0.0,0.0
2023-04-20 00:00:00-04:00,7.855198383331299,7.915009641483661,7.795387125178937,7.855198383331299,77700,0.12,0.0
2023-04-21 00:00:00-04:00,7.895073251441526,7.934947003470087,7.795387603806403,7.875136375427246,38867,0.0,0.0
2023-04-24 00:00:00-04:00,7.855198383331299,7.934946516273841,7.855198383331299,7.855198383331299,59333,0.0,0.0
2023-04-25 00:00:00-04:00,7.87513812756884,7.915011888468923,7.675767421722413,7.675767421722412,78667,0.0,0.0
2023-04-26 00:00:00-04:00,7.695700168609619,7.795385151098407,7.655826429126768,7.695700168609619,140367,0.0,0.0
2023-04-27 00:00:00-04:00,7.715636483317192,7.855195829031119,7.715636483317192,7.835258960723877,63900,0.0,0.0
2023-04-28 00:00:00-04:00,7.954882954393667,7.994756698608398,7.875134832182464,7.994756698608398,98833,0.0,0.0
2023-05-01 00:00:00-04:00,8.034631076604867,8.054567948712235,7.974819826501033,7.994756698608398,75000,0.0,0.0
2023-05-02 00:00:00-04:00,7.915010105763127,7.915010105763127,7.755513830522295,7.775450706481934,75733,0.0,0.0
2023-05-03 00:00:00-04:00,7.815319518379955,7.875130737384003,7.775445161116786,7.795382022857666,73567,0.0,0.0
2023-05-04 00:00:00-04:00,7.795384896268072,7.815322399139404,7.75551115808869,7.815322399139404,159433,0.0,0.0
2023-05-05 00:00:00-04:00,7.875133207993239,7.95488131375697,7.875133207993239,7.8950700759887695,61833,0.0,0.0
2023-05-08 00:00:00-04:00,7.9150101274558065,7.954884513266228,7.855198865631104,7.875136375427246,39467,0.0,0.0
2023-05-09 00:00:00-04:00,7.835261968142711,7.835261968142711,7.755513830522295,7.775450706481934,114600,0.0,0.0
2023-05-10 00:00:00-04:00,7.855195829031119,7.855195829031119,7.755510853713292,7.835258960723877,52833,0.0,0.0
2023-05-11 00:00:00-04:00,7.815323318650359,7.815323318650359,7.675763951039398,7.735575199127197,165333,0.0,0.0
2023-05-12 00:00:00-04:00,7.73557467128282,7.73557467128282,7.615952183269776,7.635889053344727,64767,0.0,0.0
2023-05-15 00:00:00-04:00,7.675763951039398,7.755512070562559,7.675763951039398,7.735575199127197,52833,0.0,0.0
2023-05-16 00:00:00-04:00,7.69570236559036,7.7355767502382715,7.576079845428466,7.576079845428467,72767,0.0,0.0
2023-05-17 00:00:00-04:00,7.615954714224842,7.675765978108008,7.516269696940821,7.596017837524414,93833,0.0,0.0
2023-05-18 00:00:00-04:00,7.596014786296285,7.596014786296285,7.495271504055313,7.575865745544434,71533,0.12,0.0
2023-05-19 00:00:00-04:00,7.5557188395001855,7.575867243730444,7.495272986303189,7.515421390533447,47100,0.0,0.0
2023-05-22 00:00:00-04:00,7.535570018819271,7.5960158686757495,7.515420975196321,7.555718421936035,50733,0.0,0.0
2023-05-23 00:00:00-04:00,7.575867243730444,7.575867243730444,7.495272986303189,7.515421390533447,50000,0.0,0.0
2023-05-24 00:00:00-04:00,7.4952699811384305,7.51541837729036,7.313933134759128,7.354229927062988,110967,0.0,0.0
2023-05-25 00:00:00-04:00,7.374379331346351,7.374379331346351,7.233339898495754,7.293785095214844,67467,0.0,0.0
2023-05-26 00:00:00-04:00,7.2937873388085706,7.434827455549638,7.2937873388085706,7.414679050445557,108067,0.0,0.0
2023-05-30 00:00:00-04:00,7.454977329251054,7.495274143935345,7.394531466718298,7.434828281402588,110067,0.0,0.0
2023-05-31 00:00:00-04:00,7.434827385632563,7.495273240882623,7.374381530382502,7.475124835968018,146833,0.0,0.0
2023-06-01 00:00:00-04:00,7.535571025915296,7.596016883850098,7.4549767621709835,7.596016883850098,144600,0.0,0.0
2023-06-02 00:00:00-04:00,7.636314314775334,7.737057633005726,7.616165907331785,7.696760177612305,158100,0.0,0.0
2023-06-05 00:00:00-04:00,7.7370542066073975,7.7370542066073975,7.636310932991735,7.656459331512451,45267,0.0,0.0
2023-06-06 00:00:00-04:00,7.696756789049482,7.777351023847702,7.656459351397351,7.757202625274658,90833,0.0,0.0
2023-06-07 00:00:00-04:00,7.77735315991902,7.837799012745815,7.757204755812161,7.797501564025879,64800,0.0,0.0
2023-06-08 00:00:00-04:00,7.81765025681239,7.81765025681239,7.737056003505812,7.777352809906006,54267,0.0,0.0
2023-06-09 00:00:00-04:00,7.817648461499833,7.817648461499833,7.737054226701614,7.757202625274658,41167,0.0,0.0
2023-06-12 00:00:00-04:00,7.797501213106103,7.797501213106103,7.716906959799524,7.777352809906006,57133,0.0,0.0
2023-06-13 00:00:00-04:00,7.797499847456881,7.837797287305596,7.757203048114242,7.817648887634277,108567,0.0,0.0
2023-06-14 00:00:00-04:00,7.817648461499833,7.857945258645922,7.696756789049482,7.757202625274658,133100,0.0,0.0
2023-06-15 00:00:00-04:00,7.777351447785561,7.837797287305596,7.737054648442923,7.817648887634277,106100,0.0,0.0
2023-06-16 00:00:00-04:00,7.817650608638956,7.898244865572608,7.797501564025879,7.797501564025879,79267,0.0,0.0
2023-06-20 00:00:00-04:00,7.918391526496951,7.918391526496951,7.737054648442923,7.817648887634277,357067,0.0,0.0
2023-06-21 00:00:00-04:00,7.757203277199072,7.91839176034198,7.716905836160297,7.857945919036865,227467,0.0,0.0
2023-06-22 00:00:00-04:00,7.8172309737444525,7.857945354381202,7.674729347229004,7.674729347229004,139267,0.12,0.0
2023-06-23 00:00:00-04:00,7.695088149218157,7.715445343800173,7.552586492856949,7.572943687438965,141200,0.0,0.0
2023-06-26 00:00:00-04:00,7.613659837228259,7.796875909548464,7.613659837228259,7.715446472167969,132300,0.0,0.0
2023-06-27 00:00:00-04:00,7.7154446886638635,7.796874107221115,7.654372462960052,7.776516914367676,76333,0.0,0.0
2023-06-28 00:00:00-04:00,7.776516091004105,7.857945500939756,7.756158900306048,7.837588310241699,111067,0.0,0.0
2023-06-29 00:00:00-04:00,7.837590268812263,7.91901969909668,7.796875230098261,7.91901969909668,78500,0.0,0.0
2023-06-30 00:00:00-04:00,7.959734681043436,8.020806920072395,7.919020286453219,7.980092525482178,96433,0.0,0.0
2023-07-03 00:00:00-04:00,7.980089399151082,8.142948207996604,7.980089399151082,8.122591018676758,109433,0.0,0.0
2023-07-05 00:00:00-04:00,8.142949290702774,8.224378705952587,8.102234259506135,8.183664321899414,175533,0.0,0.0
2023-07-06 00:00:00-04:00,8.163308223543343,8.163308223543343,7.959734318435232,8.04116439819336,110667,0.0,0.0
2023-07-07 00:00:00-04:00,7.959732243986397,8.020804464316676,7.939375052924116,8.000447273254395,147067,0.0,0.0
2023-07-10 00:00:00-04:00,7.980090210104942,8.12259184411194,7.95973237157291,8.061519622802734,123133,0.0,0.0
2023-07-11 00:00:00-04:00,8.122595747511658,8.224382400512695,8.122595747511658,8.224382400512695,73467,0.0,0.0
2023-07-12 00:00:00-04:00,8.26509558153169,8.346525014952741,8.26509558153169,8.30580997467041,68300,0.0,0.0
2023-07-13 00:00:00-04:00,8.34652322466727,8.387237609072967,8.3058081931181,8.366880416870117,55433,0.0,0.0
2023-07-14 00:00:00-04:00,8.407598255995556,8.407598255995556,8.326168812848694,8.387240409851074,78167,0.0,0.0
2023-07-17 00:00:00-04:00,8.407598109394051,8.407598109394051,8.224381380150557,8.244738578796387,115967,0.0,0.0
2023-07-18 00:00:00-04:00,8.265093676633485,8.28545086851102,8.163306422958891,8.204021453857422,126467,0.0,0.0
2023-07-19 00:00:00-04:00,8.265095802569569,8.42795467376709,8.265095802569569,8.42795467376709,106167,0.0,0.0
2023-07-20 00:00:00-04:00,8.407599152487068,8.427956353658525,8.224382400512695,8.224382400512695,147333,0.0,0.0
2023-07-21 00:00:00-04:00,8.306622550517249,8.327183314606438,8.265501022338867,8.265501022338867,67267,0.12,0.0
2023-07-24 00:00:00-04:00,8.286061047654199,8.38886551254915,8.265500285398177,8.34774398803711,136367,0.0,0.0
2023-07-25 00:00:00-04:00,8.368305206298828,8.388865969675246,8.32718302593111,8.368305206298828,79933,0.0,0.0
2023-07-26 00:00:00-04:00,8.368304750293131,8.40942692842002,8.34774398803711,8.34774398803711,79033,0.0,0.0
2023-07-27 00:00:00-04:00,8.429992267631016,8.429992267631016,8.286065546466027,8.306626319885254,93033,0.0,0.0
2023-07-28 00:00:00-04:00,8.347744732310534,8.368305496399724,8.142135130573914,8.265501022338867,146500,0.0,0.0
2023-07-31 00:00:00-04:00,8.32718563079834,8.32718563079834,8.244941897950724,8.32718563079834,97000,0.0,0.0
2023-08-01 00:00:00-04:00,8.34774398803711,8.368304750293131,8.265500285398177,8.34774398803711,72233,0.0,0.0
2023-08-02 00:00:00-04:00,8.265501519299475,8.286062284624876,8.142135620117188,8.142135620117188,118900,0.0,0.0
2023-08-03 00:00:00-04:00,8.101011276245117,8.121572689704102,8.01876758325349,8.101011276245117,69667,0.0,0.0
2023-08-04 00:00:00-04:00,8.101015837841512,8.224381773602392,8.080455066419745,8.121577262878418,107567,0.0,0.0
2023-08-07 00:00:00-04:00,8.142136513966838,8.306623961857477,8.142136513966838,8.286063194274902,81367,0.0,0.0
2023-08-08 00:00:00-04:00,8.24493959457592,8.24493959457592,8.101012938897368,8.16269588470459,82600,0.0,0.0
2023-08-09 00:00:00-04:00,8.183256658752294,8.265501022338867,8.162695894663104,8.265501022338867,139900,0.0,0.0
2023-08-10 00:00:00-04:00,8.286064412268084,8.327185953477812,8.203820676233514,8.224381446838379,74933,0.0,0.0
2023-08-11 00:00:00-04:00,8.20381807645639,8.286061786428057,8.20381807645639,8.265501022338867,87967,0.0,0.0
2023-08-14 00:00:00-04:00,8.2243790394906,8.265501222278619,8.183256856702581,8.244939804077148,74700,0.0,0.0
2023-08-15 00:00:00-04:00,8.162695673071035,8.20381785374798,8.080451965332031,8.080451965332031,82367,0.0,0.0
2023-08-16 00:00:00-04:00,8.080450749624372,8.142133684552121,8.039328575134277,8.039328575134277,64100,0.0,0.0
2023-08-17 00:00:00-04:00,8.059891949564452,8.101013480441596,7.998208999633789,7.998208999633789,58067,0.0,0.0
2023-08-18 00:00:00-04:00,7.957086815141698,8.018769765072362,7.874843099772462,7.998208999633789,61400,0.0,0.0
2023-08-21 00:00:00-04:00,8.0393304862603,8.162696385442587,7.915965240692955,8.142135620117188,128667,0.0,0.0
2023-08-22 00:00:00-04:00,8.162698805721952,8.183259577143719,8.080455066419745,8.121577262878418,70767,0.0,0.0
2023-08-23 00:00:00-04:00,8.0592611384806,8.329287498645431,8.0592611384806,8.18388843536377,72267,0.12,0.0
2023-08-24 00:00:00-04:00,8.225431307859198,8.350059265043923,8.1423462231699,8.18388843536377,84267,0.0,0.0
2023-08-25 00:00:00-04:00,8.20465836459707,8.246200567488922,8.163115501403809,8.163115501403809,40900,0.0,0.0
2023-08-28 00:00:00-04:00,8.183886671371022,8.287743500073033,8.183886671371022,8.22542953491211,45900,0.0,0.0
2023-08-29 00:00:00-04:00,8.24620149983833,8.37082944320765,8.225430396043938,8.329286575317383,59167,0.0,0.0
2023-08-30 00:00:00-04:00,8.35006124779044,8.41237458087773,8.32928947645963,8.391603469848633,75933,0.0,0.0
2023-08-31 00:00:00-04:00,8.433142532014713,8.433142532014713,8.22542953491211,8.22542953491211,173167,0.0,0.0
2023-09-01 00:00:00-04:00,8.308517527901056,8.370831515008577,8.059262239772616,8.14234733581543,193333,0.0,0.0
2023-09-05 00:00:00-04:00,8.1008025149102,8.1008025149102,7.996946334838866,7.996946334838867,86833,0.0,0.0
2023-09-06 00:00:00-04:00,7.996948195340031,8.017719304126427,7.913863099892803,7.934634208679199,62567,0.0,0.0
2023-09-07 00:00:00-04:00,7.934632362675471,8.038488542746805,7.934632362675471,7.996946334838867,67833,0.0,0.0
2023-09-08 00:00:00-04:00,7.976174292092651,8.038487596620309,7.789232397605443,7.830775260925293,163233,0.0,0.0
2023-09-11 00:00:00-04:00,7.893088565452951,7.913860327263581,7.768461296096223,7.830775260925293,81067,0.0,0.0
2023-09-12 00:00:00-04:00,7.7684640884399405,7.830778075667527,7.726921210187667,7.768464088439941,186300,0.0,0.0
2023-09-13 00:00:00-04:00,7.747690736651533,7.83077647618533,7.726919631918841,7.810004711151123,135333,0.0,0.0
2023-09-14 00:00:00-04:00,7.830775107354932,7.996945236772725,7.810003345951659,7.955402374267578,65733,0.0,0.0
2023-09-15 00:00:00-04:00,7.934633361998492,8.059261322021484,7.913862255428517,8.059261322021484,111467,0.0,0.0
2023-09-18 00:00:00-04:00,8.038489555149937,8.100803535161432,7.996947342009988,8.059261322021484,92267,0.0,0.0
2023-09-19 00:00:00-04:00,8.080031333012482,8.080031333012482,7.976175153942994,8.017717361450195,61733,0.0,0.0
2023-09-20 00:00:00-04:00,8.100802436766083,8.142345304574768,8.017717361450195,8.017717361450195,83733,0.0,0.0
2023-09-21 00:00:00-04:00,7.912775995588801,7.975741820024171,7.828820228576661,7.82882022857666,70100,0.12,0.0
2023-09-22 00:00:00-04:00,7.828821650343849,7.91277743260293,7.786844426430253,7.870799541473389,121567,0.0,0.0
2023-09-25 00:00:00-04:00,7.80782891661418,7.9127732554296735,7.7448624467680025,7.849806785583496,255533,0.0,0.0
2023-09-26 00:00:00-04:00,7.8078317212286095,7.870798213692684,7.702888011932373,7.702888011932373,159133,0.0,0.0
2023-09-27 00:00:00-04:00,7.765853680289644,7.933763864231447,7.534977010565724,7.59794282913208,145800,0.0,0.0
2023-09-28 00:00:00-04:00,7.576954222943295,7.639920708725411,7.534977010565724,7.59794282913208,74500,0.0,0.0
2023-09-29 00:00:00-04:00,7.7028852742538945,7.744862476166961,7.618930203212168,7.639918804168701,95433,0.0,0.0
2023-10-02 00:00:00-04:00,7.660910717138644,7.660910717138644,7.513989112493645,7.53497838973999,134033,0.0,0.0
2023-10-03 00:00:00-04:00,7.513988747005732,7.534978023231138,7.304100655262631,7.325089931488037,83300,0.0,0.0
2023-10-04 00:00:00-04:00,7.325087756905088,7.409042835235596,7.262121281353294,7.409042835235596,63033,0.0,0.0
2023-10-05 00:00:00-04:00,7.367066051457456,7.409043930435679,7.325088839694985,7.388055324554443,73633,0.0,0.0
2023-10-06 00:00:00-04:00,7.346077165723005,7.492998735726094,7.283110683262292,7.430032253265381,77133,0.0,0.0
2023-10-09 00:00:00-04:00,7.388057108898003,7.597944552833314,7.388057108898003,7.555967330932617,84233,0.0,0.0
2023-10-10 00:00:00-04:00,7.59794093504004,7.660907405125234,7.555963733126974,7.639918804168701,48167,0.0,0.0
2023-10-11 00:00:00-04:00,7.6818952560424805,7.744861719979801,7.639918058227954,7.6818952560424805,78100,0.0,0.0
2023-10-12 00:00:00-04:00,7.68189966385062,7.702888942016881,7.555967330932616,7.555967330932617,66433,0.0,0.0
2023-10-13 00:00:00-04:00,7.555965218186808,7.597942428350133,7.409043648183719,7.430032253265381,89900,0.0,0.0
2023-10-16 00:00:00-04:00,7.492997984546877,7.534975857717611,7.367065032250332,7.513986587524414,220333,0.0,0.0
2023-10-17 00:00:00-04:00,7.451020111376142,7.618930936843421,7.430031508398605,7.513986587524414,131467,0.0,0.0
2023-10-18 00:00:00-04:00,7.534976052870466,7.639919737691813,7.283110141754151,7.28311014175415,98200,0.0,0.0
2023-10-19 00:00:00-04:00,7.220142899707098,7.2831093708210375,7.073221356179774,7.094210624694824,134167,0.0,0.0
2023-10-20 00:00:00-04:00,7.073221821827906,7.136188297087088,7.0522332191467285,7.0522332191467285,56633,0.0,0.0
2023-10-23 00:00:00-04:00,7.009752871692818,7.073478008295341,6.924786247974356,6.9672698974609375,98200,0.12,0.0
2023-10-24 00:00:00-04:00,6.967269078236804,7.0522356919647375,6.903543949127198,6.903543949127197,132100,0.0,0.0
2023-10-25 00:00:00-04:00,6.86105789615513,6.882300048571311,6.648641774028388,6.6698832511901855,142700,0.0,0.0
2023-10-26 00:00:00-04:00,6.627399695829277,6.818575018189487,6.499950156176863,6.754849910736084,136333,0.0,0.0
2023-10-27 00:00:00-04:00,6.776093916823175,6.776093916823175,6.669885814935931,6.691127300262451,121833,0.0,0.0
2023-10-30 00:00:00-04:00,6.754852132337937,6.776093616723714,6.648644035154434,6.712368488311768,142633,0.0,0.0
2023-10-31 00:00:00-04:00,6.797334040173505,7.009750180284693,6.754850406998602,6.988508701324463,155667,0.0,0.0
2023-11-01 00:00:00-04:00,6.9885071514216435,7.243406868176377,6.967265677172322,7.200923919677734,168033,0.0,0.0
2023-11-02 00:00:00-04:00,7.2858909781468295,7.753207494343611,7.2858909781468295,7.731966018676758,208367,0.0,0.0
2023-11-03 00:00:00-04:00,7.838177662043064,7.965627924923323,7.7956946912527405,7.859419822692871,97900,0.0,0.0
2023-11-06 00:00:00-05:00,7.859416164853552,7.901899115871947,7.45582407865281,7.498307704925537,142267,0.0,0.0
2023-11-07 00:00:00-05:00,7.477069214522738,7.477069214522738,7.413344087299524,7.4345855712890625,79333,0.0,0.0
2023-11-08 00:00:00-05:00,7.4345863462806845,7.477069993942915,7.349619726210894,7.413344860076904,71100,0.0,0.0
2023-11-09 00:00:00-05:00,7.3921008592878135,7.477068133470396,7.264651298522949,7.264651298522949,81767,0.0,0.0
2023-11-10 00:00:00-05:00,7.307133661912031,7.370858774702686,7.26465070355456,7.328375816345215,72567,0.0,0.0
2023-11-13 00:00:00-05:00,7.285892779441342,7.3708593783694205,7.264651298522949,7.264651298522949,79100,0.0,0.0
2023-11-14 00:00:00-05:00,7.434583406329816,7.753208274407355,7.434583406329816,7.689483165740967,140433,0.0,0.0
2023-11-15 00:00:00-05:00,7.689484167321986,7.859418037651612,7.689484167321986,7.7956929206848145,83767,0.0,0.0
2023-11-16 00:00:00-05:00,7.753207683563232,7.838174263558618,7.753207683563232,7.753207683563232,86167,0.0,0.0
2023-11-17 00:00:00-05:00,7.859419181826406,7.880660665489511,7.774451896664804,7.8169355392456055,65667,0.0,0.0
2023-11-20 00:00:00-05:00,7.83817702290871,7.859419181826406,7.774451896664804,7.8169355392456055,100700,0.0,0.0
2023-11-21 00:00:00-05:00,7.773982524871826,7.838407905679631,7.752507625494139,7.773982524871826,67567,0.12,0.0
2023-11-22 00:00:00-05:00,7.752508079588775,7.773982980224331,7.666607794371768,7.688082695007324,178333,0.0,0.0
2023-11-24 00:00:00-05:00,7.731032726116452,7.773982524871826,7.709557826738765,7.773982524871826,25700,0.0,0.0
2023-11-27 00:00:00-05:00,7.70955693913015,7.795457209425861,7.688081359550224,7.752506732940674,110933,0.0,0.0
2023-11-28 00:00:00-05:00,7.752507625494139,7.8169330063019435,7.709557826738765,7.773982524871826,79933,0.0,0.0
2023-11-29 00:00:00-05:00,7.795460157382165,7.859884872461009,7.795460157382165,7.816935062408447,105933,0.0,0.0
2023-11-30 00:00:00-05:00,7.838409967434728,7.859884872461009,7.7739845696809615,7.816935062408447,105300,0.0,0.0
2023-12-01 00:00:00-05:00,7.795458707875677,8.053159568298296,7.795458707875677,8.010209083557129,141400,0.0,0.0
2023-12-04 00:00:00-05:00,7.94578552992836,8.117586128396837,7.94578552992836,8.031685829162598,129233,0.0,0.0
2023-12-05 00:00:00-05:00,7.988736635973113,8.010211543601534,7.816936009595735,7.902836322784424,258367,0.0,0.0
2023-12-06 00:00:00-05:00,7.945783404250676,8.05315857889945,7.902832924786339,7.924307823181152,74967,0.0,0.0
2023-12-07 00:00:00-05:00,7.902836322784424,7.945786820716271,7.838410917224156,7.902836322784424,140233,0.0,0.0
2023-12-08 00:00:00-05:00,7.8598838492215375,7.92430923858808,7.838408946990968,7.838408946990967,112067,0.0,0.0
2023-12-11 00:00:00-05:00,7.859885824852577,7.945786820716271,7.838410917224156,7.902836322784424,130433,0.0,0.0
2023-12-12 00:00:00-05:00,7.902832924786339,7.988733201040302,7.83840754692719,7.924307823181152,81667,0.0,0.0
2023-12-13 00:00:00-05:00,7.924310091259686,8.310861786377844,7.902835186718374,8.246437072753906,165400,0.0,0.0
2023-12-14 00:00:00-05:00,8.375283387399824,8.590034383522815,8.375283387399824,8.525609016418457,143700,0.0,0.0
2023-12-15 00:00:00-05:00,8.525612885813155,8.525612885813155,8.332337379455566,8.332337379455566,159733,0.0,0.0
2023-12-18 00:00:00-05:00,8.375287188568405,8.375287188568405,8.224961491323656,8.332337379455566,131533,0.0,0.0
2023-12-19 00:00:00-05:00,8.310860777494458,8.461186456384919,8.310860777494458,8.353811264038086,75300,0.0,0.0
2023-12-20 00:00:00-05:00,8.37528421735238,8.482660067391631,8.246434153049808,8.267909049987793,84700,0.0,0.0
2023-12-21 00:00:00-05:00,8.267911983111402,8.375287188568405,8.267911983111402,8.332337379455566,128633,0.0,0.0
2023-12-22 00:00:00-05:00,8.353809320414396,8.418234693903013,8.203483676499175,8.267909049987793,385633,0.0,0.0
2023-12-26 00:00:00-05:00,8.246436940871833,8.33233724033822,8.203486449801192,8.289386749267578,204233,0.0,0.0
2023-12-27 00:00:00-05:00,8.375287055969238,8.439712451293408,8.310861660645068,8.375287055969238,222767,0.0,0.0
2023-12-28 00:00:00-05:00,8.462076745276521,8.505472314833986,8.39698373581491,8.483774185180664,158200,0.12,0.0
2023-12-29 00:00:00-05:00,8.44037953889312,8.505472550155664,8.375286527630577,8.418682098388672,170733,0.0,0.0
2024-01-02 00:00:00-05:00,8.396983968135025,8.462076979397569,8.375286527630577,8.418682098388672,143567,0.0,0.0
2024-01-03 00:00:00-05:00,8.418683007717265,8.418683007717265,8.223403952836925,8.288496971130371,113633,0.0,0.0
2024-01-04 00:00:00-05:00,8.288496971130371,8.33189254657576,8.245101395684983,8.288496971130371,93033,0.0,0.0
2024-01-05 00:00:00-05:00,8.266799528282313,8.396984875119935,8.223403952836925,8.288496971130371,179000,0.0,0.0
2024-01-08 00:00:00-05:00,8.288496233963137,8.462077140808105,8.266798793044819,8.462077140808105,118367,0.0,0.0
2024-01-09 00:00:00-05:00,8.396984497842427,8.396984497842427,8.310194040600427,8.375287055969238,176667,0.0,0.0
2024-01-10 00:00:00-05:00,8.418683187075718,8.418683187075718,8.353590167395478,8.396985054016113,124867,0.0,0.0
2024-01-11 00:00:00-05:00,8.396983938779554,8.418682068957345,8.266798606458785,8.353589057922363,170767,0.0,0.0
2024-01-12 00:00:00-05:00,8.396984497842427,8.440380071338048,8.353589614096048,8.375287055969238,95200,0.0,0.0
2024-01-16 00:00:00-05:00,8.375287432271877,8.375287432271877,8.245101395684983,8.288496971130371,169767,0.0,0.0
2024-01-17 00:00:00-05:00,8.201706306769356,8.223403749079802,8.028125388787284,8.11491584777832,149133,0.0,0.0
2024-01-18 00:00:00-05:00,8.136612269797576,8.18000783872613,7.941333244242832,7.984728813171387,129233,0.0,0.0
2024-01-19 00:00:00-05:00,8.028121948242188,8.049819381253945,7.9413308366972375,8.028121948242188,132933,0.0,0.0
2024-01-22 00:00:00-05:00,8.158311308855083,8.201706886291504,8.114916421167964,8.201706886291504,158900,0.0,0.0
2024-01-23 00:00:00-05:00,8.267494853179203,8.289424351741015,8.070127274744326,8.11398696899414,102867,0.12,0.0
2024-01-24 00:00:00-05:00,8.157848336576244,8.1797778415102,8.026269912719727,8.026269912719727,103400,0.0,0.0
2024-01-25 00:00:00-05:00,8.070127728294105,8.157846424597427,8.070127728294105,8.092057228088379,108200,0.0,0.0
2024-01-26 00:00:00-05:00,8.135916924803155,8.1797759243917,8.026268031579331,8.092057228088379,223867,0.0,0.0
2024-01-29 00:00:00-05:00,8.135917214427828,8.245565414428711,8.092057516151723,8.245565414428711,136733,0.0,0.0
2024-01-30 00:00:00-05:00,8.245565414428711,8.289425112704816,8.223635913853785,8.245565414428711,136567,0.0,0.0
2024-01-31 00:00:00-05:00,8.289427513662016,8.311357020588625,8.09205985994318,8.135919570922852,158100,0.0,0.0
2024-02-01 00:00:00-05:00,8.179777884095454,8.289426803588867,8.135918873999206,8.289426803588867,116733,0.0,0.0
2024-02-02 00:00:00-05:00,8.24556487454771,8.24556487454771,8.070127487182617,8.070127487182617,186800,0.0,0.0
2024-02-05 00:00:00-05:00,8.070126250121497,8.092055745899032,7.9166183854265455,7.982407569885254,117767,0.0,0.0
2024-02-06 00:00:00-05:00,8.026267791778238,8.113987182586994,7.98240879350007,8.070127487182617,89633,0.0,0.0
2024-02-07 00:00:00-05:00,8.1797759243917,8.1797759243917,8.026268031579331,8.092057228088379,76533,0.0,0.0
2024-02-08 00:00:00-05:00,8.135919570922852,8.157849077849459,8.070130353016573,8.135919570922852,57167,0.0,0.0
2024-02-09 00:00:00-05:00,8.13591695094094,8.157846450805664,8.070127754220534,8.157846450805664,59400,0.0,0.0
2024-02-12 00:00:00-05:00,8.157846450805664,8.22363564752607,8.113987451076214,8.157846450805664,73000,0.0,0.0
2024-02-13 00:00:00-05:00,8.070128420289977,8.070128420289977,7.91662051431464,8.004339218139648,80600,0.0,0.0
2024-02-14 00:00:00-05:00,8.092057228088379,8.113987425008881,8.026268031579331,8.092057228088379,78033,0.0,0.0
2024-02-15 00:00:00-05:00,8.135916737621738,8.223635431906933,8.135916737621738,8.201705932617188,67333,0.0,0.0
2024-02-16 00:00:00-05:00,8.201705433117477,8.223634931071674,8.157845740082914,8.17977523803711,70567,0.0,0.0
2024-02-20 00:00:00-05:00,8.201706147661346,8.201706147661346,8.113987451076214,8.157846450805664,60733,0.0,0.0
2024-02-21 00:00:00-05:00,8.157845389630307,8.224349676984662,8.135677528746719,8.202181816101074,67200,0.12,0.0
2024-02-22 00:00:00-05:00,8.246518908699997,8.246518908699997,8.180014610290527,8.180014610290527,69400,0.0,0.0
2024-02-23 00:00:00-05:00,8.180013547505448,8.246517837274373,8.180013547505448,8.224349975585938,81967,0.0,0.0
2024-02-26 00:00:00-05:00,8.20218162343871,8.224349483801594,8.113508772580026,8.135677337646484,60833,0.0,0.0
2024-02-27 00:00:00-05:00,8.157845198009369,8.20218162343871,8.113508772580026,8.135677337646484,59733,0.0,0.0
2024-02-28 00:00:00-05:00,8.135677528746719,8.224349676984662,8.11350896315954,8.202181816101074,80067,0.0,0.0
2024-02-29 00:00:00-05:00,8.313024349971817,8.313024349971817,8.224352174803242,8.246520042419434,177533,0.0,0.0
2024-03-01 00:00:00-05:00,8.2908540968601,8.335189819335938,8.157845520025377,8.335189819335938,156933,0.0,0.0
2024-03-04 00:00:00-05:00,8.335190302480282,8.42386245727539,8.313022439957416,8.42386245727539,117600,0.0,0.0
2024-03-05 00:00:00-05:00,8.423862520563354,8.490366813335239,8.313022502412645,8.357358932495117,159167,0.0,0.0
2024-03-06 00:00:00-05:00,8.42386245727539,8.468198887024768,8.401694594752524,8.42386245727539,79567,0.0,0.0
2024-03-07 00:00:00-05:00,8.42386395294631,8.490368257026502,8.42386395294631,8.446032524108887,59700,0.0,0.0
2024-03-08 00:00:00-05:00,8.46819896183991,8.556871117418423,8.46819896183991,8.534703254699707,77300,0.0,0.0
2024-03-11 00:00:00-04:00,8.534702407797221,8.534702407797221,8.423861695795118,8.490365982055664,59133,0.0,0.0
2024-03-12 00:00:00-04:00,8.490366824558626,8.534703254699707,8.446031099121194,8.534703254699707,76767,0.0,0.0
2024-03-13 00:00:00-04:00,8.534704694647886,8.556872561106692,8.42386395294631,8.446032524108887,67967,0.0,0.0
2024-03-14 00:00:00-04:00,8.5125353807283,8.5125353807283,8.313022502412645,8.357358932495117,70967,0.0,0.0
2024-03-15 00:00:00-04:00,8.35735838527746,8.401694107753299,8.313021958098018,8.335189819335938,54967,0.0,0.0
2024-03-18 00:00:00-04:00,8.335192557583921,8.401696867849044,8.335192557583921,8.379528999328613,53167,0.0,0.0
2024-03-19 00:00:00-04:00,8.401696867849044,8.423864736369472,8.313024689063493,8.379528999328613,82633,0.0,0.0
2024-03-20 00:00:00-04:00,8.401933057446179,8.513958546649185,8.334717479028098,8.469148635864258,170833,0.12,0.0
2024-03-21 00:00:00-04:00,8.469149920420218,8.558770467823933,8.469149920420218,8.536365509033203,84667,0.0,0.0
2024-03-22 00:00:00-04:00,8.581175137785147,8.603580808062532,8.491554593397925,8.558770179748535,110267,0.0,0.0
2024-03-25 00:00:00-04:00,8.558770179748535,8.581175137785147,8.536365221711923,8.558770179748535,52567,0.0,0.0
2024-03-26 00:00:00-04:00,8.581175137785147,8.625985766099143,8.536365221711923,8.558770179748535,134133,0.0,0.0
2024-03-27 00:00:00-04:00,8.60357674826847,8.693197250366211,8.60357674826847,8.693197250366211,89533,0.0,0.0
2024-03-28 00:00:00-04:00,8.738008258073911,8.87243938446045,8.693198357438751,8.87243938446045,121367,0.0,0.0
2024-04-01 00:00:00-04:00,8.67079250094729,8.738008062637197,8.558767039624453,8.581171989440918,234833,0.0,0.0
2024-04-02 00:00:00-04:00,8.536364214282338,8.581174125067264,8.424338012838641,8.469148635864258,76200,0.0,0.0
2024-04-03 00:00:00-04:00,8.491553591256721,8.513958546649185,8.401933057446179,8.469148635864258,70067,0.0,0.0
2024-04-04 00:00:00-04:00,8.558766596150573,8.558766596150573,8.37952558242523,8.424335479736328,80500,0.0,0.0
2024-04-05 00:00:00-04:00,8.424335479736328,8.469146089287902,8.37952558242523,8.424335479736328,45233,0.0,0.0
2024-04-08 00:00:00-04:00,8.469149018161593,8.536364599613783,8.44674406175777,8.513958930969238,121100,0.0,0.0
2024-04-09 00:00:00-04:00,8.536362089807989,8.603577651497895,8.51395642775101,8.581171989440918,87500,0.0,0.0
2024-04-10 00:00:00-04:00,8.491552567679362,8.491552567679362,8.334716474355865,8.37952709197998,94767,0.0,0.0
2024-04-11 00:00:00-04:00,8.424337547832819,8.424337547832819,8.2002858695533,8.222691535949707,111167,0.0,0.0
2024-04-12 00:00:00-04:00,8.222691473927432,8.289907048128358,8.06585537153882,8.133070945739746,78533,0.0,0.0
2024-04-15 00:00:00-04:00,8.200285850000078,8.245096470445395,8.021044792700117,8.110665321350098,107200,0.0,0.0
2024-04-16 00:00:00-04:00,8.110663448108756,8.110663448108756,7.864206873182832,7.953827381134033,98633,0.0,0.0
2024-04-17 00:00:00-04:00,8.02104696523016,8.088262557983398,7.9762370448885624,8.088262557983398,69433,0.0,0.0
2024-04-18 00:00:00-04:00,8.133068954426008,8.133068954426008,8.021042787439585,8.043448448181152,63400,0.0,0.0
2024-04-19 00:00:00-04:00,8.088260935596125,8.155476514866898,8.021045356325352,8.065855979919434,71267,0.0,0.0
2024-04-22 00:00:00-04:00,8.156484243743622,8.292425155639648,8.111170126282637,8.292425155639648,95900,0.12,0.0
2024-04-23 00:00:00-04:00,8.337736814480278,8.383050918579102,8.31508012255249,8.383050918579102,52833,0.0,0.0
2024-04-24 00:00:00-04:00,8.405707359313965,8.45102074181541,8.315079874067845,8.405707359313965,125400,0.0,0.0
2024-04-25 00:00:00-04:00,8.337737610068547,8.337737610068547,8.224453419376768,8.269766807556152,80600,0.0,0.0
2024-04-26 00:00:00-04:00,8.337736565318568,8.473678153309363,8.315079874067845,8.405707359313965,83467,0.0,0.0
2024-04-29 00:00:00-04:00,8.451022403101996,8.4736798190499,8.360394900040486,8.428365707397461,91200,0.0,0.0
2024-04-30 00:00:00-04:00,8.428366243196498,8.451022940341339,8.337738734373714,8.360395431518555,91967,0.0,0.0
2024-05-01 00:00:00-04:00,8.383052848906813,8.451022940341339,8.315082037228871,8.360395431518555,87533,0.0,0.0
2024-05-02 00:00:00-04:00,8.451022148132324,8.473679563396649,8.360394647805071,8.451022148132324,74733,0.0,0.0
2024-05-03 00:00:00-04:00,8.564308166503906,8.609621562380621,8.51899405038375,8.564308166503906,73867,0.0,0.0
2024-05-06 00:00:00-04:00,8.609620094299316,8.632277508617655,8.564306706149278,8.609620094299316,57933,0.0,0.0
2024-05-07 00:00:00-04:00,8.609620094299316,8.632277508617655,8.586963400224297,8.609620094299316,58933,0.0,0.0
2024-05-08 00:00:00-04:00,8.609619899104471,8.609619899104471,8.518992404615753,8.54164981842041,42200,0.0,0.0
2024-05-09 00:00:00-04:00,8.541652565976595,8.654936790466309,8.541652565976595,8.654936790466309,46733,0.0,0.0
2024-05-10 00:00:00-04:00,8.65493705126339,8.722907876102779,8.632280349731445,8.632280349731445,62267,0.0,0.0
2024-05-13 00:00:00-04:00,8.722907066345215,8.745563765773912,8.632279548386936,8.722907066345215,66000,0.0,0.0
2024-05-14 00:00:00-04:00,8.768215933953293,8.790873341916555,8.609617679426034,8.67758846282959,93367,0.0,0.0
2024-05-15 00:00:00-04:00,8.790878727839944,8.83619213104248,8.745564604393849,8.83619213104248,83300,0.0,0.0
2024-05-16 00:00:00-04:00,8.790876388549805,8.836189779694253,8.74556227716199,8.790876388549805,88967,0.0,0.0
2024-05-17 00:00:00-04:00,8.790876388549805,8.836189779694253,8.722905581589767,8.790876388549805,77567,0.0,0.0
2024-05-20 00:00:00-04:00,8.83619213104248,8.926819657691112,8.790878727839944,8.83619213104248,145633,0.0,0.0
2024-05-21 00:00:00-04:00,8.836190362570461,8.949475288391113,8.836190362570461,8.949475288391113,76267,0.0,0.0
2024-05-22 00:00:00-04:00,8.995250982638268,8.995250982638268,8.812141721911491,8.880807876586914,57933,0.12,0.0
2024-05-23 00:00:00-04:00,8.949475916688497,8.949475916688497,8.651923463032007,8.720589637756348,80400,0.0,0.0
2024-05-24 00:00:00-04:00,8.743476572113037,8.76636505043155,8.651921931227388,8.674810409545898,48600,0.0,0.0
2024-05-28 00:00:00-04:00,8.514589673325608,8.560367357935704,8.354368868607692,8.377257347106934,236567,0.0,0.0
2024-05-29 00:00:00-04:00,8.285703957421429,8.331481648948275,8.217038511548743,8.262815475463867,90800,0.0,0.0
2024-05-30 00:00:00-04:00,8.28570168568343,8.331479364659149,8.262813210001331,8.30859088897705,93933,0.0,0.0
2024-05-31 00:00:00-04:00,8.40014835272741,8.583257675170898,8.377259141713148,8.583257675170898,94300,0.0,0.0
2024-06-03 00:00:00-04:00,8.697700130560916,8.812143993728016,8.651923167383444,8.743477821350098,103600,0.0,0.0
2024-06-04 00:00:00-04:00,8.697700427773745,8.835032777222422,8.674811945402876,8.720589637756348,62367,0.0,0.0
2024-06-05 00:00:00-04:00,8.812143402300155,8.835031882352727,8.674811066761391,8.697699546813965,70933,0.0,0.0
2024-06-06 00:00:00-04:00,8.674811648972181,8.812143993728016,8.674811648972181,8.743477821350098,46100,0.0,0.0
2024-06-07 00:00:00-04:00,8.67481261744483,8.812144977532714,8.629035649156732,8.651924133300781,52100,0.0,0.0
2024-06-10 00:00:00-04:00,8.629034996032715,8.674811960855996,8.583257303597696,8.629034996032715,61100,0.0,0.0
2024-06-11 00:00:00-04:00,8.606143651098904,8.606143651098904,8.491700539818657,8.537477493286133,48433,0.0,0.0
2024-06-12 00:00:00-04:00,8.674812336392643,8.720590030809399,8.537479980754142,8.583257675170898,58200,0.0,0.0
2024-06-13 00:00:00-04:00,8.629033452908876,8.674810409545898,8.560367290341738,8.674810409545898,57733,0.0,0.0
2024-06-14 00:00:00-04:00,8.651924133300781,8.651924133300781,8.560369469112791,8.651924133300781,48133,0.0,0.0
2024-06-17 00:00:00-04:00,8.560366047749497,8.6061429977417,8.514588370145793,8.6061429977417,89367,0.0,0.0
2024-06-18 00:00:00-04:00,8.583256703234973,8.789255213366221,8.583256703234973,8.766366004943848,166067,0.0,0.0
2024-06-20 00:00:00-04:00,8.789255812480686,8.789255812480686,8.697700427773745,8.720589637756348,171067,0.0,0.0
2024-06-21 00:00:00-04:00,8.789983369121519,8.789983369121519,8.674325983474548,8.697457313537598,80933,0.12,0.0
2024-06-24 00:00:00-04:00,8.697456704509303,8.836246145832494,8.697456704509303,8.766851425170898,108600,0.0,0.0
2024-06-25 00:00:00-04:00,8.789981079814691,8.789981079814691,8.628060340881348,8.628060340881348,77900,0.0,0.0
2024-06-26 00:00:00-04:00,8.581797646423317,8.604928970336914,8.512402939350999,8.604928970336914,63167,0.0,0.0
2024-06-27 00:00:00-04:00,8.628061346390336,8.813114166259766,8.581798692921693,8.813114166259766,85933,0.0,0.0
2024-06-28 00:00:00-04:00,8.859375907482383,8.859375907482383,8.766849874740842,8.836244583129883,106533,0.0,0.0
2024-07-01 00:00:00-04:00,8.836245139519756,8.905639852278359,8.697455714002551,8.743719100952148,107100,0.0,0.0
2024-07-02 00:00:00-04:00,8.74371824129709,8.836244270767827,8.697454858895963,8.7899808883667,105367,0.0,0.0
2024-07-03 00:00:00-04:00,8.743718699418677,8.78998134891219,8.651192665100098,8.651192665100098,101967,0.0,0.0
2024-07-05 00:00:00-04:00,8.697456704509303,8.789982753614206,8.674325376065994,8.766851425170898,74633,0.0,0.0
2024-07-08 00:00:00-04:00,8.766850426761152,8.789981752570158,8.720587775143144,8.743719100952148,72433,0.0,0.0
2024-07-09 00:00:00-04:00,8.720587775143144,8.766850426761152,8.674324388193545,8.743719100952148,63967,0.0,0.0
2024-07-10 00:00:00-04:00,8.74371824129709,8.7899808883667,8.697454858895963,8.7899808883667,109033,0.0,0.0
2024-07-11 00:00:00-04:00,8.813113304728107,8.928770662425174,8.813113304728107,8.859375953674316,168100,0.0,0.0
2024-07-12 00:00:00-04:00,8.859375907482383,8.928770615871423,8.836244583129883,8.836244583129883,160200,0.0,0.0
2024-07-15 00:00:00-04:00,8.951901515520944,9.206348277321409,8.928770192265858,9.136954307556152,281400,0.0,0.0
2024-07-16 00:00:00-04:00,9.136953642900181,9.414531707763672,9.136953642900181,9.414531707763672,214900,0.0,0.0
2024-07-17 00:00:00-04:00,9.34513688582128,9.645847003666328,9.322005564550567,9.599583625793457,256067,0.0,0.0
2024-07-18 00:00:00-04:00,9.530189280235318,9.761504707518958,9.252611208693832,9.275742530822754,249100,0.0,0.0
2024-07-19 00:00:00-04:00,9.298875512598125,9.715243028963322,9.298875512598125,9.66897964477539,1096533,0.0,0.0
2024-07-22 00:00:00-04:00,9.576452304522745,9.66897832493704,9.530188926649872,9.599583625793457,148767,0.0,0.0
2024-07-23 00:00:00-04:00,9.599583625793457,9.692109646207753,9.530188926649872,9.599583625793457,138400,0.0,0.0
2024-07-24 00:00:00-04:00,9.52951432798751,9.76308100849944,9.48280143737793,9.48280143737793,123100,0.12,0.0
2024-07-25 00:00:00-04:00,9.52951432798751,9.62294085169468,9.436087804280339,9.48280143737793,180767,0.0,0.0
2024-07-26 00:00:00-04:00,9.55287133193423,9.62294066650011,9.389374732971191,9.389374732971191,163433,0.0,0.0
2024-07-29 00:00:00-04:00,9.436088743359598,9.552872466481881,9.389375848101151,9.506158828735352,128267,0.0,0.0
2024-07-30 00:00:00-04:00,9.622942314984295,9.809796133300122,9.552872968414997,9.786438941955566,221933,0.0,0.0
2024-07-31 00:00:00-04:00,9.856507683798636,10.090074367902798,9.739724712990565,9.973291397094727,241933,0.0,0.0
2024-08-01 00:00:00-04:00,9.973294061151435,10.113433515057432,9.83315386475722,9.949936866760254,207300,0.0,0.0
2024-08-02 00:00:00-04:00,9.786439129898,10.020005850412195,9.69301259018995,9.833152770996094,161767,0.0,0.0
2024-08-05 00:00:00-04:00,9.506158054076149,9.739724738799223,9.389375082958622,9.599584579467773,170467,0.0,0.0
2024-08-06 00:00:00-04:00,9.599585351721077,9.693011884628541,9.436088733510992,9.529515266418457,221700,0.0,0.0
2024-08-07 00:00:00-04:00,9.646299801170652,9.69301270031131,9.41273307800293,9.41273307800293,185633,0.0,0.0
2024-08-08 00:00:00-04:00,9.50615769973565,9.576227776789525,9.34266110077261,9.389374732971191,145233,0.0,0.0
2024-08-09 00:00:00-04:00,9.3893758383013,9.576228904116231,9.3893758383013,9.529515266418457,79700,0.0,0.0
2024-08-12 00:00:00-04:00,9.50616055326439,9.57623065135168,9.459446907043457,9.459446907043457,75533,0.0,0.0
2024-08-13 00:00:00-04:00,9.482803505054948,9.622942949928392,9.45944631216923,9.5762300491333,65200,0.0,0.0
2024-08-14 00:00:00-04:00,9.599585711933809,9.739725887797638,9.552872814971273,9.669655799865723,60367,0.0,0.0
2024-08-15 00:00:00-04:00,9.69301130090489,9.716367747103186,9.529514692540749,9.6462984085083,94167,0.0,0.0
2024-08-16 00:00:00-04:00,9.646300472987518,9.739727020263672,9.622943279302332,9.739727020263672,78233,0.0,0.0
2024-08-19 00:00:00-04:00,9.693011829336655,9.90322208404541,9.693011829336655,9.90322208404541,69800,0.0,0.0
2024-08-20 00:00:00-04:00,9.903221317614676,9.996647842758737,9.903221317614676,9.973291397094727,65133,0.0,0.0
2024-08-21 00:00:00-04:00,9.973292519517234,10.090075503468391,9.949935328736519,10.066719055175781,75867,0.0,0.0
2024-08-22 00:00:00-04:00,10.066717339129504,10.136787414550781,9.973290819397125,10.136787414550781,96600,0.0,0.0
2024-08-23 00:00:00-04:00,10.136787825742655,10.348953518311532,10.089640393657296,10.278231620788574,110533,0.12,0.0
2024-08-26 00:00:00-04:00,10.278230342481383,10.325378518097827,10.231082916259766,10.231082916259766,109533,0.0,0.0
2024-08-27 00:00:00-04:00,10.207511747144947,10.254659937973464,10.1603643057115,10.183938026428223,152867,0.0,0.0
2024-08-28 00:00:00-04:00,10.113215729037446,10.183937637884464,10.04249382019043,10.04249382019043,92833,0.0,0.0
2024-08-29 00:00:00-04:00,10.042494993032777,10.183938827245745,10.018921270462325,10.160365104675293,92400,0.0,0.0
2024-08-30 00:00:00-04:00,10.231084188703216,10.301805336831253,10.183936007222934,10.278231620788574,81200,0.0,0.0
2024-09-03 00:00:00-04:00,10.27823146103761,10.325379641785082,10.160362133261293,10.254657745361328,87400,0.0,0.0
2024-09-04 00:00:00-04:00,10.183936523106404,10.348954042554226,10.183936523106404,10.325380325317383,110433,0.0,0.0
2024-09-05 00:00:00-04:00,10.278234496362751,10.443252053618833,10.278234496362751,10.396103858947754,76600,0.0,0.0
2024-09-06 00:00:00-04:00,10.372529315275537,10.419677506214615,10.183938050309362,10.301807403564453,75433,0.0,0.0
2024-09-09 00:00:00-04:00,10.396100143987649,10.490396499633789,10.32537900134534,10.490396499633789,92600,0.0,0.0
2024-09-10 00:00:00-04:00,10.513973105606661,10.608268737792969,10.443251194118163,10.608268737792969,65333,0.0,0.0
2024-09-11 00:00:00-04:00,10.608266559757835,10.678988456726074,10.490397231074047,10.678988456726074,60333,0.0,0.0
2024-09-12 00:00:00-04:00,10.655417460687799,10.773286819458008,10.631842989417672,10.773286819458008,55667,0.0,0.0
2024-09-13 00:00:00-04:00,10.820433135886557,10.914728756426932,10.77328495091888,10.891154289245605,68767,0.0,0.0
2024-09-16 00:00:00-04:00,10.891156062410783,10.985451698303223,10.84400861916211,10.985451698303223,72400,0.0,0.0
2024-09-17 00:00:00-04:00,11.009025859728002,11.0325995806894,10.891155756130857,10.93830394744873,94367,0.0,0.0
2024-09-18 00:00:00-04:00,10.938301579346339,11.032597192172352,10.678988456726074,10.678988456726074,97000,0.0,0.0
2024-09-19 00:00:00-04:00,10.749712560769964,10.914730104444768,10.537546826304471,10.608268737792969,158567,0.0,0.0
2024-09-20 00:00:00-04:00,10.584691572045601,10.608265285070763,10.419674082079819,10.44324779510498,125767,0.0,0.0
2024-09-23 00:00:00-04:00,10.514616916681526,10.609771728515625,10.443250618750145,10.609771728515625,73433,0.12,0.0
2024-09-24 00:00:00-04:00,10.63356108378483,10.800082206726074,10.58598405221492,10.800082206726074,73900,0.0,0.0
2024-09-25 00:00:00-04:00,10.847660952152502,10.87144947003751,10.704928332395754,10.728716850280762,79300,0.0,0.0
2024-09-26 00:00:00-04:00,10.752502416555439,10.823867945601169,10.681136131286621,10.681136131286621,80067,0.0,0.0
2024-09-27 00:00:00-04:00,10.776291865857157,10.87144666910474,10.75250335410105,10.847658157348633,77467,0.0,0.0
2024-09-30 00:00:00-04:00,10.895236912887766,11.037969518561065,10.823870610051117,10.990391731262207,128733,0.0,0.0
2024-10-01 00:00:00-04:00,11.037970608169166,11.037970608169166,10.847660952633955,10.87144947052002,70100,0.0,0.0
2024-10-02 00:00:00-04:00,10.823869705200195,10.871447488521659,10.776292678101942,10.823869705200195,72733,0.0,0.0
2024-10-03 00:00:00-04:00,10.823866939529582,10.847656203223384,10.419459287634197,10.44324779510498,137167,0.0,0.0
2024-10-04 00:00:00-04:00,10.443250594429047,10.467039108276367,10.300517998898695,10.467039108276367,107633,0.0,0.0
2024-10-07 00:00:00-04:00,10.419458405060283,10.467035415971866,10.276725859879623,10.32430362701416,138467,0.0,0.0
2024-10-08 00:00:00-04:00,10.348095882190751,10.348095882190751,10.252941069664471,10.276729583740234,89433,0.0,0.0
2024-10-09 00:00:00-04:00,10.22914984373349,10.348093903818766,10.205361334205667,10.300516128540039,98167,0.0,0.0
2024-10-10 00:00:00-04:00,10.229151810900465,10.348095893859863,10.229151810900465,10.348095893859863,63467,0.0,0.0
2024-10-11 00:00:00-04:00,10.205363346929675,10.348095944692808,10.205363346929675,10.252941131591797,79700,0.0,0.0
2024-10-14 00:00:00-04:00,10.276729583740234,10.324307368114988,10.252941069664471,10.276729583740234,74467,0.0,0.0
2024-10-15 00:00:00-04:00,10.324306368787612,10.443249683876697,10.324306368787612,10.371883392333984,133333,0.0,0.0
2024-10-16 00:00:00-04:00,10.395670000425177,10.56219106479002,10.371881493008203,10.538402557373047,142567,0.0,0.0
2024-10-17 00:00:00-04:00,10.490824810046547,10.562191088681914,10.44324779510498,10.44324779510498,80367,0.0,0.0
2024-10-18 00:00:00-04:00,10.490825785162079,10.704924640968532,10.467037275480168,10.681136131286621,88200,0.0,0.0
2024-10-21 00:00:00-04:00,10.704926540349726,10.752504324378387,10.538405430584245,10.609771728515625,103167,0.0,0.0
2024-10-22 00:00:00-04:00,10.585982184681553,10.609770696269841,10.490826625882105,10.562192916870117,81533,0.0,0.0
2024-10-23 00:00:00-04:00,10.538402557373047,10.58598032843001,10.467036278899112,10.538402557373047,83267,0.0,0.0
2024-10-24 00:00:00-04:00,10.586417162410198,10.75445556640625,10.562411894157538,10.75445556640625,127233,0.12,0.0
2024-10-25 00:00:00-04:00,10.754453665120984,10.754453665120984,10.538404762815006,10.58641529083252,124533,0.0,0.0
2024-10-28 00:00:00-04:00,10.586414663526249,10.68243724009855,10.538404138353636,10.562409400939941,70400,0.0,0.0
2024-10-29 00:00:00-04:00,10.562409259307453,10.610420546949815,10.418376922607422,10.418376922607422,75233,0.0,0.0
2024-10-30 00:00:00-04:00,10.490392684936523,10.634425784414189,10.442382160519653,10.490392684936523,85567,0.0,0.0
2024-10-31 00:00:00-04:00,10.538402992156085,10.538402992156085,10.298348103061707,10.32235336303711,109100,0.0,0.0
2024-11-01 00:00:00-04:00,10.322353317204113,10.466386402643899,9.986276626586914,9.986276626586914,142133,0.0,0.0
2024-11-04 00:00:00-05:00,10.034287452697754,10.178320531581448,9.962270913255907,10.034287452697754,71600,0.0,0.0
2024-11-05 00:00:00-05:00,10.058293362282885,10.274342994587643,10.058293362282885,10.22633171081543,71200,0.0,0.0
2024-11-06 00:00:00-05:00,10.346361642171436,10.394372172591034,10.034290141989567,10.130311965942383,161700,0.0,0.0
2024-11-07 00:00:00-05:00,10.154315656932221,10.298348752088858,10.058293847865633,10.274343490600586,79700,0.0,0.0
2024-11-08 00:00:00-05:00,10.298350818230162,10.466389208588337,10.274345551925753,10.346362113952637,108600,0.0,0.0
2024-11-11 00:00:00-05:00,10.32235608453457,10.514400504310812,10.250340285621345,10.346362113952637,86400,0.0,0.0
2024-11-12 00:00:00-05:00,10.39437136118581,10.442382650971172,10.10630591181432,10.202327728271484,100533,0.0,0.0
2024-11-13 00:00:00-05:00,10.250340151898879,10.298350683881369,10.082301763732877,10.106307029724121,72367,0.0,0.0
2024-11-14 00:00:00-05:00,10.178320531581448,10.178320531581448,9.962270913255907,10.034287452697754,66467,0.0,0.0
2024-11-15 00:00:00-05:00,10.058293169306808,10.058293169306808,9.9622713667181,9.986276626586914,63267,0.0,0.0
2024-11-18 00:00:00-05:00,10.01028550522155,10.250340461730957,9.98627947539104,10.250340461730957,138133,0.0,0.0
2024-11-19 00:00:00-05:00,10.226334256203279,10.370367380257045,10.154317694176397,10.346362113952637,107467,0.0,0.0
2024-11-20 00:00:00-05:00,10.370368003845215,10.490395105698353,10.274346169739964,10.370368003845215,69267,0.0,0.0
2024-11-21 00:00:00-05:00,10.443056496706223,10.467286109924316,10.346137273588328,10.467286109924316,70133,0.12,0.0
2024-11-22 00:00:00-05:00,10.467285170630774,10.588433996095336,10.44305555958695,10.515745162963867,80633,0.0,0.0
2024-11-25 00:00:00-05:00,10.58843299766633,10.636892985429922,10.370364978343598,10.418824195861816,171800,0.0,0.0
2024-11-26 00:00:00-05:00,10.4430545748663,10.46728418362541,10.370364978343598,10.418824195861816,90567,0.0,0.0
2024-11-27 00:00:00-05:00,10.418825397986366,10.612664601160537,10.418825397986366,10.588434219360352,136267,0.0,0.0
2024-11-29 00:00:00-05:00,10.661123667914397,10.733813271757967,10.588434064070828,10.68535327911377,108400,0.0,0.0
2024-12-02 00:00:00-05:00,10.661125921697726,10.685355538019289,10.491517066955566,10.491517066955566,105667,0.0,0.0
2024-12-03 00:00:00-05:00,10.564204385051514,10.612664377384608,10.467285170630774,10.515745162963867,87967,0.0,0.0
2024-12-04 00:00:00-05:00,10.612666689054604,10.612666689054604,10.443057834312443,10.491517066955566,69900,0.0,0.0
2024-12-05 00:00:00-05:00,10.515746106606022,10.515746106606022,10.418826113242611,10.467286109924316,98200,0.0,0.0
2024-12-06 00:00:00-05:00,10.491513792384518,10.515744171389002,10.370364978343598,10.418824195861816,79800,0.0,0.0
2024-12-09 00:00:00-05:00,10.4430556869705,10.491514909649247,10.321906089782715,10.321906089782715,84833,0.0,0.0
2024-12-10 00:00:00-05:00,10.346136389122952,10.370366000269717,10.103837966918945,10.103837966918945,89867,0.0,0.0
2024-12-11 00:00:00-05:00,10.152296609422192,10.22498620895669,10.055377400124666,10.079607009887695,90267,0.0,0.0
2024-12-12 00:00:00-05:00,10.055377006530762,10.128066603219997,9.958457801026908,10.055377006530762,143667,0.0,0.0
2024-12-13 00:00:00-05:00,10.079611012616814,10.128071021632307,9.958462145446653,9.982691764831543,64533,0.0,0.0
2024-12-16 00:00:00-05:00,9.982687305277311,10.031147292644329,9.8130785048608,9.837308883666992,67533,0.0,0.0
2024-12-17 00:00:00-05:00,9.764621344927672,9.8373109561696,9.740391731262207,9.740391731262207,92767,0.0,0.0
2024-12-18 00:00:00-05:00,9.716157990038214,9.740388365576667,9.207331657409668,9.207331657409668,147633,0.0,0.0
2024-12-19 00:00:00-05:00,9.28002470412103,9.44963354491221,9.231565475463867,9.231565475463867,147133,0.0,0.0
2024-12-20 00:00:00-05:00,9.231564977308246,9.522322644297962,9.231564977308246,9.473862648010254,108433,0.0,0.0
2024-12-23 00:00:00-05:00,9.473862648010254,9.498093031276863,9.425403421968056,9.473862648010254,126033,0.0,0.0
2024-12-24 00:00:00-05:00,9.473859680376197,9.716158045425095,9.473859680376197,9.61923885345459,72933,0.0,0.0
2024-12-26 00:00:00-05:00,9.643472675923476,9.716162294249443,9.643472675923476,9.691932678222656,52433,0.0,0.0
2024-12-27 00:00:00-05:00,9.716162467457677,9.716162467457677,9.47386399213358,9.546553611755371,99600,0.0,0.0
2024-12-30 00:00:00-05:00,9.546551070567476,9.644464323099742,9.32624644690622,9.497594833374023,168333,0.12,0.0
2024-12-31 00:00:00-05:00,9.448637008666992,9.54655025281203,9.30176675337679,9.448637008666992,160833,0.0,0.0
2025-01-02 00:00:00-05:00,9.52207243891265,9.668942698870222,9.350724061677255,9.375202178955078,148367,0.0,0.0
2025-01-03 00:00:00-05:00,9.37520188102189,9.47311512516693,9.326245648022018,9.448637008666992,145867,0.0,0.0
2025-01-06 00:00:00-05:00,9.473115426211686,9.473115426211686,9.350724061677255,9.375202178955078,146833,0.0,0.0
2025-01-07 00:00:00-05:00,9.375204570142419,9.399683471809011,9.203856149203853,9.277291297912598,139133,0.0,0.0
2025-01-08 00:00:00-05:00,9.25281207528533,9.326247215270996,9.154898814686252,9.326247215270996,124133,0.0,0.0
2025-01-10 00:00:00-05:00,9.27729067061177,9.27729067061177,9.105942261259237,9.228334426879883,169367,0.0,0.0
2025-01-13 00:00:00-05:00,9.179377555847168,9.179377555847168,9.008029143678868,9.179377555847168,161400,0.0,0.0
2025-01-14 00:00:00-05:00,9.25281207528533,9.375203456497823,9.154898814686252,9.326247215270996,104767,0.0,0.0
2025-01-15 00:00:00-05:00,9.595508085906289,9.815812709567545,9.497594833374023,9.497594833374023,254100,0.0,0.0
2025-01-16 00:00:00-05:00,9.522073134465456,9.791334778626043,9.522073134465456,9.668943405151367,106067,0.0,0.0
2025-01-17 00:00:00-05:00,9.742378886748263,9.840292930603027,9.668944521075385,9.840292930603027,256267,0.0,0.0
2025-01-21 00:00:00-05:00,9.93820555735615,9.96268367767334,9.840292297941978,9.96268367767334,98600,0.0,0.0
2025-01-22 00:00:00-05:00,9.962686079651677,9.962686079651677,9.86477279663086,9.86477279663086,149367,0.0,0.0
2025-01-23 00:00:00-05:00,9.840291962202608,9.864770081684632,9.79133494509317,9.815813064575195,87833,0.0,0.0
2025-01-24 00:00:00-05:00,9.840538608901094,9.988888693904983,9.840538608901094,9.889988899230957,76767,0.12,0.0
2025-01-27 00:00:00-05:00,9.889990058163036,9.964165109356985,9.791090251899702,9.914714813232422,229533,0.0,0.0
2025-01-28 00:00:00-05:00,9.889984998895809,9.91470974131714,9.791085243225098,9.791085243225098,57567,0.0,0.0
2025-01-29 00:00:00-05:00,9.791089220319854,9.865264263698792,9.66746388602639,9.716914176940918,102567,0.0,0.0
2025-01-30 00:00:00-05:00,9.741634972397046,9.889984998895809,9.716910229975715,9.791085243225098,145567,0.0,0.0
2025-01-31 00:00:00-05:00,9.889990229230886,9.939440526210795,9.766365665759821,9.840539932250977,105500,0.0,0.0
2025-02-03 00:00:00-05:00,9.766363564221695,9.865263350914331,9.667462991543426,9.815813064575195,93733,0.0,0.0
2025-02-04 00:00:00-05:00,9.840539932250977,9.865265473733833,9.791090421256873,9.840539932250977,69000,0.0,0.0
2025-02-05 00:00:00-05:00,9.86526304293298,9.964162826538086,9.79108800873275,9.964162826538086,53667,0.0,0.0
2025-02-06 00:00:00-05:00,9.988891219384474,10.087791039063223,9.96416646096126,10.038341522216797,73867,0.0,0.0
2025-02-07 00:00:00-05:00,10.013614448861938,10.06306474414386,9.889989889635803,9.988889694213867,70200,0.0,0.0
2025-02-10 00:00:00-05:00,9.98888986442637,9.98888986442637,9.86526530309365,9.914714813232422,80300,0.0,0.0
2025-02-11 00:00:00-05:00,9.840539762038473,9.98888986442637,9.815815006969087,9.914714813232422,92333,0.0,0.0
2025-02-12 00:00:00-05:00,9.81581443346407,9.93943977355957,9.81581443346407,9.93943977355957,70800,0.0,0.0
2025-02-13 00:00:00-05:00,9.889987792337854,9.964162826538086,9.889987792337854,9.964162826538086,53967,0.0,0.0
2025-02-14 00:00:00-05:00,9.98888757594296,10.038337860738318,9.964162826538086,9.964162826538086,53067,0.0,0.0
2025-02-18 00:00:00-05:00,9.96416646096126,10.038341522216797,9.914716158128936,10.038341522216797,74700,0.0,0.0
2025-02-19 00:00:00-05:00,9.98888757594296,10.013612325347832,9.914712541742727,9.964162826538086,76500,0.0,0.0
2025-02-20 00:00:00-05:00,9.98888757594296,10.013612325347832,9.914712541742727,9.964162826538086,71300,0.0,0.0
2025-02-21 00:00:00-05:00,10.039083391067608,10.039083391067608,9.864273455600637,9.964164733886719,83867,0.12,0.0
2025-02-24 00:00:00-05:00,9.939191892603192,9.964165309015154,9.789355363458208,9.864274024963379,87567,0.0,0.0
2025-02-25 00:00:00-05:00,9.88924247587835,9.989133717792473,9.864269863866076,9.914215087890625,81033,0.0,0.0
2025-02-26 00:00:00-05:00,9.939188353223063,9.989134374395675,9.86427051226176,9.889243125915527,83867,0.0,0.0
2025-02-27 00:00:00-05:00,9.914219270056588,9.939191892603192,9.814327986004812,9.864274024963379,97933,0.0,0.0
2025-02-28 00:00:00-05:00,9.914217097102664,10.039081770199118,9.914217097102664,9.9891357421875,99300,0.0,0.0
2025-03-03 00:00:00-05:00,10.039082069519912,10.089027305155492,9.964163422201334,10.014108657836914,127467,0.0,0.0
2025-03-04 00:00:00-05:00,9.989137931561757,10.014110554108361,9.814327986004812,9.864274024963379,107167,0.0,0.0
2025-03-05 00:00:00-05:00,9.864271962797535,10.08902710646172,9.864271962797535,10.064054489135742,148200,0.0,0.0
2025-03-06 00:00:00-05:00,9.989138436392015,10.014111060200683,9.689464569091797,9.689464569091797,164067,0.0,0.0
2025-03-07 00:00:00-05:00,9.714437780631563,9.714437780631563,9.539627815663946,9.589573860168457,196333,0.0,0.0
2025-03-10 00:00:00-04:00,9.589572157155585,9.714436055444102,9.514653500636353,9.539626121520996,94667,0.0,0.0
2025-03-11 00:00:00-04:00,9.539624409544837,9.589570436216137,9.414760533664328,9.489678382873535,70600,0.0,0.0
2025-03-12 00:00:00-04:00,9.539627815663946,9.68946515531203,9.539627815663946,9.589573860168457,110500,0.0,0.0
2025-03-13 00:00:00-04:00,9.639519249402381,9.664491875080966,9.439736656242804,9.464709281921387,59100,0.0,0.0
2025-03-14 00:00:00-04:00,9.489678485933773,9.639515773709784,9.489678485933773,9.564597129821777,133400,0.0,0.0
2025-03-17 00:00:00-04:00,9.564598471518977,9.864273089108579,9.564598471518977,9.66448974609375,237300,0.0,0.0
2025-03-18 00:00:00-04:00,9.66448974609375,9.73940840049115,9.614544505739005,9.66448974609375,46267,0.0,0.0
2025-03-19 00:00:00-04:00,9.639515978240636,9.739407240922407,9.614543361036489,9.714434623718262,51767,0.0,0.0
2025-03-20 00:00:00-04:00,9.714437192900466,9.739409816709134,9.514654614700321,9.689464569091797,65100,0.0,0.0
2025-03-21 00:00:00-04:00,9.614544505739005,9.689463160136405,9.614544505739005,9.66448974609375,52133,0.0,0.0
2025-03-24 00:00:00-04:00,9.714433970169273,9.764379201217446,9.689461354645186,9.73940658569336,90433,0.0,0.0
2025-03-25 00:00:00-04:00,9.764641886593093,9.764641886593093,9.512326192986452,9.537557601928711,189200,0.12,0.0
2025-03-26 00:00:00-04:00,9.537554661358001,9.588017463684082,9.537554661358001,9.588017463684082,37833,0.0,0.0
2025-03-27 00:00:00-04:00,9.562786133990098,9.66371254148833,9.537554732638487,9.638481140136719,71467,0.0,0.0
2025-03-28 00:00:00-04:00,9.638482136381434,9.68894574639242,9.562787122410889,9.613250732421875,71633,0.0,0.0
2025-03-31 00:00:00-04:00,9.663714486831097,9.789873123168945,9.638483080400308,9.789873123168945,79767,0.0,0.0
2025-04-01 00:00:00-04:00,9.764639854431152,9.789872060214254,9.68894564335743,9.764639854431152,73733,0.0,0.0
2025-04-02 00:00:00-04:00,9.73940843333944,9.86556625366211,9.73940843333944,9.86556625366211,53233,0.0,0.0
2025-04-03 00:00:00-04:00,9.688946678939104,9.789873106583226,9.588019449203035,9.714178085327148,109567,0.0,0.0
2025-04-04 00:00:00-04:00,9.638482119916901,9.638482119916901,8.881533585688212,9.083386421203613,260900,0.0,0.0
2025-04-07 00:00:00-04:00,8.755373961770578,8.93199537319355,8.250741930627647,8.654447555541992,339767,0.0,0.0
2025-04-08 00:00:00-04:00,8.856299383439957,8.881531583760859,8.402130204855643,8.452593803405762,127000,0.0,0.0
2025-04-09 00:00:00-04:00,8.402130224659333,9.058152996898666,8.250741032835531,8.957225799560547,217000,0.0,0.0
2025-04-10 00:00:00-04:00,8.90676291008811,8.90676291008811,8.35166734097639,8.603982925415039,165067,0.0,0.0
2025-04-11 00:00:00-04:00,8.603983969348997,8.931995391845703,8.603983969348997,8.931995391845703,98833,0.0,0.0
2025-04-14 00:00:00-04:00,9.108617788771406,9.285239219665527,9.108617788771406,9.285239219665527,128767,0.0,0.0
2025-04-15 00:00:00-04:00,9.360932389371044,9.4618587868464,9.360932389371044,9.436627388000488,86233,0.0,0.0
2025-04-16 00:00:00-04:00,9.411396098393904,9.537554709023162,9.360933295815629,9.461859703063965,51800,0.0,0.0
2025-04-17 00:00:00-04:00,9.461862573009906,9.588020419813228,9.436631164067649,9.537557601928711,56800,0.0,0.0
2025-04-21 00:00:00-04:00,9.487090183908244,9.512322384841118,9.26000599015432,9.335700988769531,170767,0.0,0.0
2025-04-22 00:00:00-04:00,9.537554661358001,9.588017463684082,9.4618596557771,9.588017463684082,77400,0.0,0.0
2025-04-23 00:00:00-04:00,9.715517212490397,9.817517293200648,9.537016868591309,9.537016868591309,134700,0.12,0.0
2025-04-24 00:00:00-04:00,9.588019026678019,9.69001913422914,9.588019026678019,9.664519309997559,38967,0.0,0.0
2025-04-25 00:00:00-04:00,9.664519309997559,9.766519417548679,9.613519661534397,9.664519309997559,79800,0.0,0.0
2025-04-28 00:00:00-04:00,9.639019485765978,9.69001913422914,9.639019485765978,9.664519309997559,52167,0.0,0.0
2025-04-29 00:00:00-04:00,9.664518493896548,9.8175190476158,9.63901867181825,9.766518592834473,160633,0.0,0.0
2025-04-30 00:00:00-04:00,9.690017044481987,9.894018026214212,9.639017407017397,9.843017578125,175067,0.0,0.0
2025-05-01 00:00:00-04:00,9.970518589875205,10.072519497383265,9.894019125181229,9.945018768310547,118667,0.0,0.0
2025-05-02 00:00:00-04:00,10.098017692565918,10.123517510023587,9.919517349113065,10.098017692565918,173300,0.0,0.0
2025-05-05 00:00:00-04:00,10.098017692565918,10.149017327481259,10.047017247025996,10.098017692565918,115033,0.0,0.0
2025-05-06 00:00:00-04:00,10.072520593460407,10.072520593460407,9.945019850513242,10.047019958496094,83367,0.0,0.0
2025-05-07 00:00:00-04:00,10.02152109754281,10.047020924333664,9.97052063333622,9.996021270751953,71300,0.0,0.0
2025-05-08 00:00:00-04:00,10.072519978234405,10.072519978234405,9.919519420292948,9.970519065856934,65300,0.0,0.0
2025-05-09 00:00:00-04:00,9.996021270751953,9.996021270751953,9.894021152963653,9.996021270751953,60900,0.0,0.0
2025-05-12 00:00:00-04:00,10.149020687415723,10.200021149839856,10.021520747292664,10.072521209716797,68900,0.0,0.0
2025-05-13 00:00:00-04:00,10.098019940980773,10.174520221011841,9.919519557783206,10.021519660949707,113067,0.0,0.0
2025-05-14 00:00:00-04:00,9.996020537289766,9.996020537289766,9.766519681137153,9.817520141601562,142600,0.0,0.0
2025-05-15 00:00:00-04:00,9.817519318540228,9.970519065856934,9.792019495758234,9.970519065856934,118300,0.0,0.0
2025-05-16 00:00:00-04:00,10.021520747292664,10.098021035616439,9.945020458968889,10.072521209716797,84500,0.0,0.0
2025-05-19 00:00:00-04:00,9.996020921393022,10.12352086151608,9.996020921393022,10.072521209716797,85200,0.0,0.0
2025-05-20 00:00:00-04:00,10.098020210480973,10.174520492553711,10.072520386664987,10.174520492553711,115433,0.0,0.0
2025-05-21 00:00:00-04:00,10.174520079987127,10.174520079987127,9.894019597510956,9.970519065856934,104333,0.0,0.0
2025-05-22 00:00:00-04:00,10.022046405338937,10.073573177236018,9.84170106569261,9.918992042541504,82733,0.12,0.0
2025-05-23 00:00:00-04:00,9.841701631795603,9.893229225659868,9.81593824436513,9.867465019226074,86667,0.0,0.0
2025-05-27 00:00:00-04:00,10.047810677940122,10.07357406616211,9.970519694270811,10.07357406616211,144333,0.0,0.0
2025-05-28 00:00:00-04:00,10.022046405338937,10.047809791287477,9.893228656592964,9.918992042541504,61833,0.0,0.0
2025-05-29 00:00:00-04:00,9.970517252645013,10.125099182128906,9.918990488819146,10.125099182128906,84967,0.0,0.0
2025-05-30 00:00:00-04:00,10.150865810984364,10.176630020141602,10.073574821519463,10.176630020141602,80133,0.0,0.0
2025-06-02 00:00:00-04:00,10.17662823880652,10.202391624450684,10.04780967257918,10.202391624450684,59867,0.0,0.0
2025-06-03 00:00:00-04:00,10.17662823880652,10.202391624450684,10.125100648514932,10.202391624450684,57833,0.0,0.0
2025-06-04 00:00:00-04:00,10.202391235789577,10.202391235789577,10.125100262798233,10.150863647460938,57633,0.0,0.0
2025-06-05 00:00:00-04:00,10.2023919426135,10.2023919426135,10.099337577819824,10.099337577819824,49867,0.0,0.0
2025-06-06 00:00:00-04:00,10.150863647460938,10.202391235789577,10.09933687813553,10.150863647460938,54333,0.0,0.0
2025-06-09 00:00:00-04:00,10.150865810984364,10.253920190603097,10.125102420830531,10.176630020141602,70833,0.0,0.0
2025-06-10 00:00:00-04:00,10.202391750146823,10.279682727034821,10.17662836418525,10.228155136108398,105967,0.0,0.0
2025-06-11 00:00:00-04:00,10.279684399760335,10.279684399760335,10.150865810984364,10.176630020141602,59067,0.0,0.0
2025-06-12 00:00:00-04:00,10.202391624450684,10.228155010094847,10.17662823880652,10.202391624450684,38033,0.0,0.0
2025-06-13 00:00:00-04:00,10.202393410295434,10.228156800449264,10.0993390306767,10.176630020141602,67800,0.0,0.0
2025-06-16 00:00:00-04:00,10.176630020141602,10.253920190603097,10.176630020141602,10.176630020141602,70233,0.0,0.0
2025-06-17 00:00:00-04:00,10.202390146870853,10.202390146870853,10.073571599299894,10.125099182128906,102067,0.0,0.0
2025-06-18 00:00:00-04:00,10.125102420830531,10.202393410295434,10.125102420830531,10.176630020141602,108533,0.0,0.0
2025-06-20 00:00:00-04:00,10.176627851126874,10.202391235789577,10.125100262798233,10.150863647460938,78500,0.0,0.0
2025-06-23 00:00:00-04:00,10.202920068631801,10.281003771450422,10.17689161609007,10.254975318908691,78767,0.12,0.0
2025-06-24 00:00:00-04:00,10.33305835723877,10.33305835723877,10.202919412512111,10.33305835723877,84367,0.0,0.0
2025-06-25 00:00:00-04:00,10.333057701279852,10.333057701279852,10.12483507197421,10.150862693786621,82100,0.0,0.0
2025-06-26 00:00:00-04:00,10.176890315599032,10.202918764814621,10.0467513791338,10.150862693786621,80000,0.0,0.0
2025-06-27 00:00:00-04:00,10.150864653740724,10.25497598849562,10.098809400064946,10.176892280578613,94767,0.0,0.0
2025-06-30 00:00:00-04:00,10.281004005738152,10.307031631469727,10.176891848005253,10.307031631469727,138367,0.0,0.0
2025-07-01 00:00:00-04:00,10.281003771450422,10.333059021727312,10.254975318908691,10.254975318908691,197200,0.0,0.0
2025-07-02 00:00:00-04:00,10.307032250276453,10.307032250276453,10.124837204410328,10.202920913696289,154200,0.0,0.0
2025-07-03 00:00:00-04:00,10.228948540990492,10.228948540990492,10.124837204410328,10.202920913696289,52000,0.0,0.0
2025-07-07 00:00:00-04:00,10.228947235843707,10.254974859816954,10.046752213224476,10.098808288574219,121500,0.0,0.0
2025-07-08 00:00:00-04:00,10.098808288574219,10.176891160493962,10.020724589251227,10.098808288574219,115667,0.0,0.0
2025-07-09 00:00:00-04:00,10.12483668846995,10.15086431443784,9.994697731227191,10.07278060913086,95867,0.0,0.0
2025-07-10 00:00:00-04:00,10.046753832085608,10.046753832085608,9.994698575751306,10.020726203918457,133333,0.0,0.0
2025-07-11 00:00:00-04:00,10.046750658071797,10.046750658071797,9.916611730946723,9.942639350891113,139800,0.0,0.0
2025-07-14 00:00:00-04:00,9.89058523504067,10.020725015245823,9.89058523504067,9.968668937683105,168200,0.0,0.0
2025-07-15 00:00:00-04:00,10.020725015245823,10.072780265405259,9.91661368752367,9.968668937683105,142600,0.0,0.0
2025-07-16 00:00:00-04:00,9.994697390166106,10.046752640325542,9.91661368752367,9.968668937683105,116067,0.0,0.0
2025-07-17 00:00:00-04:00,9.942641203590734,10.020724905377048,9.916613578796387,9.916613578796387,120633,0.0,0.0
2025-07-18 00:00:00-04:00,9.968669554069269,10.176892222388469,9.838530593220602,9.864558219909668,1036033,0.0,0.0
2025-07-21 00:00:00-04:00,9.968670120180773,10.046753832085608,9.942642492013622,10.020726203918457,361633,0.0,0.0
2025-07-22 00:00:00-04:00,10.072780945823718,10.22894836165773,10.02072569214794,10.176892280578613,147233,0.0,0.0
2025-07-23 00:00:00-04:00,10.20292030114013,10.333059257201299,10.20292030114013,10.307031631469727,148133,0.0,0.0
2025-07-24 00:00:00-04:00,10.280738707824991,10.307032760041041,10.175565006499628,10.22815227508545,113500,0.12,0.0
2025-07-25 00:00:00-04:00,10.228150779358245,10.254443991882994,10.122977093413095,10.201857566833496,97900,0.0,0.0
2025-07-28 00:00:00-04:00,10.228151661744848,10.228151661744848,10.04409748650087,10.070390701293945,161900,0.0,0.0
2025-07-29 00:00:00-04:00,10.122977797000308,10.149271011352539,10.07039053244963,10.149271011352539,81000,0.0,0.0
2025-07-30 00:00:00-04:00,10.149270598971961,10.254444287953733,10.122977385688063,10.17556381225586,126933,0.0,0.0
2025-07-31 00:00:00-04:00,10.201858867342425,10.201858867342425,10.01780468451408,10.044097900390625,188467,0.0,0.0
2025-08-01 00:00:00-04:00,10.070390701293945,10.096684751933248,9.991510221068493,10.070390701293945,124800,0.0,0.0
2025-08-04 00:00:00-04:00,10.096686363220215,10.149272801198409,10.070392308384756,10.096686363220215,161533,0.0,0.0
2025-08-05 00:00:00-04:00,10.122977093413095,10.228150779358245,10.07038983251744,10.201857566833496,93067,0.0,0.0
2025-08-06 00:00:00-04:00,10.228150779358245,10.254443991882994,10.175563518462592,10.201857566833496,108067,0.0,0.0
2025-08-07 00:00:00-04:00,10.254444122314453,10.254444122314453,10.096684009313174,10.254444122314453,159133,0.0,0.0
2025-08-08 00:00:00-04:00,10.22815227508545,10.25444549145522,10.175565006499628,10.22815227508545,112467,0.0,0.0
2025-08-11 00:00:00-04:00,10.228150779358245,10.254443991882994,10.175563518462592,10.201857566833496,114500,0.0,0.0
2025-08-12 00:00:00-04:00,10.228151448402805,10.359618355472227,10.201858234158163,10.28073787689209,129067,0.0,0.0
2025-08-13 00:00:00-04:00,10.280739484615587,10.33332675717479,10.254446266259157,10.30703353881836,103233,0.0,0.0
2025-08-14 00:00:00-04:00,10.333324973133758,10.359618186950684,10.228151282019855,10.359618186950684,56500,0.0,0.0
2025-08-15 00:00:00-04:00,10.33332675717479,10.33332675717479,10.280739484615587,10.30703353881836,88233,0.0,0.0
2025-08-18 00:00:00-04:00,10.254444905598369,10.359618600914951,10.254444905598369,10.333325386047363,87833,0.0,0.0
2025-08-19 00:00:00-04:00,10.333325628387936,10.412206110686862,10.333325628387936,10.385912895202637,57633,0.0,0.0
2025-08-20 00:00:00-04:00,10.412205528277823,10.49108600616455,10.385912314264315,10.49108600616455,168400,0.0,0.0
2025-08-21 00:00:00-04:00,10.46479195630484,10.517379220178059,10.438498742291332,10.49108600616455,94567,0.0,0.0
2025-08-22 00:00:00-04:00,10.517646404494144,10.677004951994377,10.517646404494144,10.623885154724121,147433,0.12,0.0
2025-08-25 00:00:00-04:00,10.650444631203982,10.650444631203982,10.570765357453865,10.623885154724121,81533,0.0,0.0
2025-08-26 00:00:00-04:00,10.570764541625977,10.623884334796566,10.491086118335797,10.570764541625977,58933,0.0,0.0
2025-08-27 00:00:00-04:00,10.570765357453865,10.623885154724121,10.517646404494144,10.623885154724121,66867,0.0,0.0
2025-08-28 00:00:00-04:00,10.650444276201357,10.650444276201357,10.570765005107125,10.597325325012207,81033,0.0,0.0
2025-08-29 00:00:00-04:00,10.623885154724121,10.650444631203982,10.59732567824426,10.623885154724121,82200,0.0,0.0
2025-09-02 00:00:00-04:00,10.544205912959725,10.623885186951547,10.491086959838867,10.491086959838867,72400,0.0,0.0
2025-09-03 00:00:00-04:00,10.491085409566425,10.650443089691178,10.46452509262029,10.517644882202148,241833,0.0,0.0
2025-09-04 00:00:00-04:00,10.570765141525712,10.570765141525712,10.464526393465865,10.544205665588379,131367,0.0,0.0
2025-09-05 00:00:00-04:00,10.59732567824426,10.677004951994377,10.517646404494144,10.623885154724121,125933,0.0,0.0
2025-09-08 00:00:00-04:00,10.623885154724121,10.677004951994377,10.570765357453865,10.623885154724121,146833,0.0,0.0
2025-09-09 00:00:00-04:00,10.597326487983871,10.677005767822266,10.597326487983871,10.677005767822266,95700,0.0,0.0
2025-09-10 00:00:00-04:00,10.677004951994377,10.703564428474238,10.570765357453865,10.623885154724121,86000,0.0,0.0
2025-09-11 00:00:00-04:00,10.67700537852158,10.783244132995605,10.650445056670149,10.783244132995605,148900,0.0,0.0
2025-09-12 00:00:00-04:00,10.756683597888486,10.756683597888486,10.703564643859863,10.703564643859863,140433,0.0,0.0
2025-09-15 00:00:00-04:00,10.809802188338619,10.809802188338619,10.650443655438396,10.756682395935059,224167,0.0,0.0
2025-09-16 00:00:00-04:00,10.783242356865973,10.783242356865973,10.703563093056944,10.730122566223145,92833,0.0,0.0
2025-09-17 00:00:00-04:00,10.78324391921335,10.809803396227661,10.650444845520688,10.703564643859863,113800,0.0,0.0
2025-09-18 00:00:00-04:00,10.677005767822266,10.70356524633153,10.623885966493136,10.677005767822266,145700,0.0,0.0
2025-09-19 00:00:00-04:00,10.703564428474238,10.703564428474238,10.59732567824426,10.623885154724121,147300,0.0,0.0
2025-09-22 00:00:00-04:00,10.623885154724121,10.623885154724121,10.517646404494144,10.623885154724121,120833,0.0,0.0
2025-09-23 00:00:00-04:00,10.59705745910132,10.677540720827759,10.543401098444773,10.650712966918945,99733,0.12,0.0
2025-09-24 00:00:00-04:00,10.65071166615931,10.65071166615931,10.516572060158646,10.543399810791016,81600,0.0,0.0
2025-09-25 00:00:00-04:00,10.516572791738872,10.543400544237501,10.43608868140411,10.489744186401367,69633,0.0,0.0
2025-09-26 00:00:00-04:00,10.51657273173654,10.570228236427667,10.43608862186098,10.462916374206543,115633,0.0,0.0
2025-09-29 00:00:00-04:00,10.48974345668746,10.597056164894571,10.48974345668746,10.543399810791016,91400,0.0,0.0
2025-09-30 00:00:00-04:00,10.623885213010134,10.650712966918945,10.59705745910132,10.650712966918945,76367,0.0,0.0
2025-10-01 00:00:00-04:00,10.597056449696424,10.704368307948785,10.597056449696424,10.623884201049805,79900,0.0,0.0
2025-10-02 00:00:00-04:00,10.650712966918945,10.704369327575492,10.543401098444773,10.650712966918945,94367,0.0,0.0
2025-10-03 00:00:00-04:00,10.677540720827759,10.731197081484305,10.59705745910132,10.650712966918945,106233,0.0,0.0
2025-10-06 00:00:00-04:00,10.650712569650121,10.704368928305298,10.489744346523475,10.516572952270508,102967,0.0,0.0
2025-10-07 00:00:00-04:00,10.543400705178653,10.623884816741976,10.436088840707185,10.516572952270508,76467,0.0,0.0
2025-10-08 00:00:00-04:00,10.489743107817658,10.5433994601367,10.409259858597276,10.436087608337402,54933,0.0,0.0
2025-10-09 00:00:00-04:00,10.436087317897886,10.462915066891389,10.301947720091608,10.355603218078613,83367,0.0,0.0
2025-10-10 00:00:00-04:00,10.40926205799139,10.436089813400008,10.140981945388303,10.221466064453125,101167,0.0,0.0
2025-10-13 00:00:00-04:00,10.248292192228776,10.32877629851112,10.248292192228776,10.301948547363281,72633,0.0,0.0
2025-10-14 00:00:00-04:00,10.194636016922603,10.382431983947754,10.194636016922603,10.382431983947754,80567,0.0,0.0
2025-10-15 00:00:00-04:00,10.46291643390274,10.516572791738872,10.43608868140411,10.489744186401367,85433,0.0,0.0
2025-10-16 00:00:00-04:00,10.48974496697611,10.54340132880498,10.382433096157307,10.409261703491211,68967,0.0,0.0
2025-10-17 00:00:00-04:00,10.275121225338504,10.409261703491211,10.275121225338504,10.409261703491211,102967,0.0,0.0
2025-10-20 00:00:00-04:00,10.409260204790352,10.597056164894571,10.409260204790352,10.543399810791016,64700,0.0,0.0
2025-10-21 00:00:00-04:00,10.543400094150824,10.650711952403185,10.543400094150824,10.623884201049805,70567,0.0,0.0
2025-10-22 00:00:00-04:00,10.650711952403185,10.704368307948785,10.597056449696424,10.623884201049805,71567,0.0,0.0
2025-10-23 00:00:00-04:00,10.650712966918945,10.677540720827759,10.59705745910132,10.650712966918945,55333,0.0,0.0
2025-10-24 00:00:00-04:00,10.650712013244629,10.677812820486716,10.569408729999237,10.650712013244629,84033,0.12,0.0
2025-10-27 00:00:00-04:00,10.759116663998546,10.759116663998546,10.65071256786607,10.704915046691895,92867,0.0,0.0
2025-10-28 00:00:00-04:00,10.732015226188905,10.732015226188905,10.515207046634169,10.54230785369873,82033,0.0,0.0
2025-10-29 00:00:00-04:00,10.542308434268005,10.65071253001523,10.271297764140353,10.352601051330566,121500,0.0,0.0
2025-10-30 00:00:00-04:00,10.325499364424767,10.488105063453807,10.271296890402354,10.461004257202148,79400,0.0,0.0
2025-10-31 00:00:00-04:00,10.461005762501784,10.542309054475092,10.325500850225751,10.51520824432373,207667,0.0,0.0
2025-11-03 00:00:00-05:00,10.488105553658489,10.542308030214276,10.244196562955292,10.406803131103516,87533,0.0,0.0
2025-11-04 00:00:00-05:00,10.379701462066054,10.406803131103516,10.352600654547729,10.406803131103516,46233,0.0,0.0
2025-11-05 00:00:00-05:00,10.433904338520778,10.433904338520778,10.271297764140353,10.352601051330566,100000,0.0,0.0
2025-11-06 00:00:00-05:00,10.406802327650656,10.433903133076674,10.32549904985353,10.379700660705566,98700,0.0,0.0
2025-11-07 00:00:00-05:00,10.40680414219906,10.542309054475092,10.40680414219906,10.51520824432373,136567,0.0,0.0
2025-11-10 00:00:00-05:00,10.596511187733542,10.677814483642578,10.569410376270284,10.677814483642578,79767,0.0,0.0
2025-11-11 00:00:00-05:00,10.677813376519396,10.704915046691895,10.623611759212745,10.704915046691895,69700,0.0,0.0
2025-11-12 00:00:00-05:00,10.704915696282386,10.704915696282386,10.569409921754715,10.623612403869629,77033,0.0,0.0
2025-11-13 00:00:00-05:00,10.62361250339726,10.650713313948996,10.43390510649662,10.488106727600098,71933,0.0,0.0
2025-11-14 00:00:00-05:00,10.461004501036179,10.488105307919524,10.352600411983678,10.433903694152832,90667,0.0,0.0
2025-11-17 00:00:00-05:00,10.461005147077792,10.542308434268005,10.352601051330566,10.352601051330566,102033,0.0,0.0
2025-11-18 00:00:00-05:00,10.352600170676423,10.461004257202148,10.325499364424767,10.461004257202148,73700,0.0,0.0
2025-11-19 00:00:00-05:00,10.488105553658489,10.51520722269595,10.325499847029404,10.406803131103516,84967,0.0,0.0
2025-11-20 00:00:00-05:00,10.51520824432373,10.542309054475092,10.352601660377113,10.51520824432373,123967,0.0,0.0
2025-11-21 00:00:00-05:00,10.515208416408507,10.706891059875488,10.460441325065524,10.706891059875488,130800,0.12,0.0
2025-11-24 00:00:00-05:00,10.706888962090625,10.706888962090625,10.56997256629907,10.624739646911621,124633,0.0,0.0
2025-11-25 00:00:00-05:00,10.706889932487687,10.789040125605421,10.652123717404727,10.734273910522461,126167,0.0,0.0
2025-11-26 00:00:00-05:00,10.761655385196939,10.898571772623296,10.761655385196939,10.816422462463379,79467,0.0,0.0
2025-11-28 00:00:00-05:00,10.898574829101562,10.898574829101562,10.843808606969233,10.898574829101562,57233,0.0,0.0
2025-12-01 00:00:00-05:00,10.898573178023723,10.898573178023723,10.81642385727043,10.871190071105957,94000,0.0,0.0
2025-12-02 00:00:00-05:00,10.843807648414415,10.87119075706001,10.6795072555542,10.6795072555542,81667,0.0,0.0
2025-12-03 00:00:00-05:00,10.734273910522461,10.789040125605421,10.706889932487687,10.734273910522461,83600,0.0,0.0
2025-12-04 00:00:00-05:00,10.816424544641983,10.816424544641983,10.706890369023602,10.789040565490723,84067,0.0,0.0
2025-12-05 00:00:00-05:00,10.816424103640195,10.898573426264635,10.706889932487687,10.734273910522461,66733,0.0,0.0
2025-12-08 00:00:00-05:00,10.816424801746862,10.816424801746862,10.624741295598403,10.652124404907227,69133,0.0,0.0
2025-12-09 00:00:00-05:00,10.652122751971289,10.679505857030957,10.597355671358738,10.624739646911621,53867,0.0,0.0
2025-12-10 00:00:00-05:00,10.569974204273791,10.624741293373319,10.542591094970703,10.542591094970703,83367,0.0,0.0
2025-12-11 00:00:00-05:00,10.59735731357688,10.624741293373319,10.433057787265001,10.542591094970703,79400,0.0,0.0
2025-12-12 00:00:00-05:00,10.542589631586086,10.624739818585683,10.48782255008861,10.597355842590332,73067,0.0,0.0
2025-12-15 00:00:00-05:00,10.679507514216048,10.706890623524872,10.624741295598403,10.652124404907227,237500,0.0,0.0
2025-12-16 00:00:00-05:00,10.706890623524872,10.761657712635868,10.624741295598403,10.652124404907227,215433,0.0,0.0
2025-12-17 00:00:00-05:00,10.597355671358738,10.789039147762844,10.542589461239402,10.624739646911621,112767,0.0,0.0
2025-12-18 00:00:00-05:00,10.652125103096312,10.679508214199949,10.569974899291992,10.569974899291992,140567,0.0,0.0
2025-12-19 00:00:00-05:00,10.569972737088209,10.652122924087806,10.542589631586086,10.597355842590332,72633,0.0,0.0
2025-12-22 00:00:00-05:00,10.679507514216048,10.679507514216048,10.59735731579623,10.652124404907227,113933,0.0,0.0
2025-12-23 00:00:00-05:00,10.652124404907227,10.652124404907227,10.59735731579623,10.652124404907227,54967,0.0,0.0
2025-12-24 00:00:00-05:00,10.706890625721519,10.76165771484375,10.624741297778197,10.76165771484375,51000,0.0,0.0
2025-12-26 00:00:00-05:00,10.76165771484375,10.78904082415819,10.706890625721519,10.76165771484375,66033,0.0,0.0
2025-12-29 00:00:00-05:00,10.789040125605421,10.789040125605421,10.706889932487687,10.734273910522461,102067,0.0,0.0
2025-12-30 00:00:00-05:00,10.76165771484375,10.76165771484375,10.679507516407078,10.76165771484375,101033,0.0,0.0
2025-12-31 00:00:00-05:00,10.789322919022558,10.789322919022558,10.623333930969238,10.623333930969238,164567,0.12,0.0
2026-01-02 00:00:00-05:00,10.623333930969238,10.650998615737379,10.540338997220342,10.623333930969238,121033,0.0,0.0
2026-01-05 00:00:00-05:00,10.595667839050293,10.623333401885052,10.540338472269633,10.595667839050293,252933,0.0,0.0
2026-01-06 00:00:00-05:00,10.650997617933399,10.678662300109863,10.595667374136077,10.678662300109863,124100,0.0,0.0
2026-01-07 00:00:00-05:00,10.706327985273662,10.761658234254416,10.623333930969238,10.623333930969238,92567,0.0,0.0
2026-01-08 00:00:00-05:00,10.678662785100599,10.76165771484375,10.65099810166769,10.76165771484375,69967,0.0,0.0
2026-01-09 00:00:00-05:00,10.76165771484375,10.844652644586901,10.76165771484375,10.76165771484375,114467,0.0,0.0
2026-01-12 00:00:00-05:00,10.789320451867898,10.84465068819649,10.761655773425739,10.816985130310059,99633,0.0,0.0
2026-01-13 00:00:00-05:00,10.84465068819649,10.84465068819649,10.73399109498358,10.816985130310059,122767,0.0,0.0
2026-01-14 00:00:00-05:00,10.81698756546305,10.844653129577637,10.70632794733811,10.844653129577637,174267,0.0,0.0
2026-01-15 00:00:00-05:00,10.844654032121882,10.927648972483942,10.844654032121882,10.899983406066895,123767,0.0,0.0
2026-01-16 00:00:00-05:00,10.927646141727106,11.010640181145396,10.899980582476696,10.955310821533203,149233,0.0,0.0
2026-01-20 00:00:00-05:00,10.92764663696289,10.955311318022737,10.872316395398842,10.92764663696289,130200,0.0,0.0
2026-01-21 00:00:00-05:00,10.927648972483942,10.927648972483942,10.844654032121882,10.899983406066895,187633,0.0,0.0
2026-01-22 00:00:00-05:00,10.899982498917872,10.955312747702575,10.81698756546305,10.844653129577637,136500,0.0,0.0
2026-01-23 00:00:00-05:00,10.844652576868592,10.956453008979295,10.788751916557812,10.872602462768555,105400,0.12,0.0
2026-01-26 00:00:00-05:00,10.872603016902094,10.92850279155101,10.844653129577637,10.844653129577637,102067,0.0,0.0
2026-01-27 00:00:00-05:00,10.844652576868592,10.900552348668517,10.844652576868592,10.872602462768555,80800,0.0,0.0
2026-01-28 00:00:00-05:00,10.900552904226553,10.900552904226553,10.81670235374228,10.844653129577637,65767,0.0,0.0
2026-01-29 00:00:00-05:00,10.900551712640866,10.956452369689941,10.84465194410259,10.956452369689941,130900,0.0,0.0
2026-01-30 00:00:00-05:00,11.012351989746094,11.012351989746094,10.900551565666175,11.012351989746094,100233,0.0,0.0
2026-02-02 00:00:00-05:00,11.012351666879649,11.040302438463245,10.92850112915039,10.92850112915039,102967,0.0,0.0
2026-02-03 00:00:00-05:00,10.984403298928884,10.984403298928884,10.844652975777649,10.900552749633789,102133,0.0,0.0
2026-02-04 00:00:00-05:00,10.928501368036061,11.068252563476562,10.928501368036061,11.068252563476562,118067,0.0,0.0
2026-02-05 00:00:00-05:00,11.068252795277292,11.096202679546428,10.956452369689941,10.956452369689941,164467,0.0,0.0
2026-02-06 00:00:00-05:00,11.040302911008155,11.096202679546428,10.900551712640866,10.956452369689941,295333,0.0,0.0
2026-02-09 00:00:00-05:00,10.835334943688869,10.993719100952148,10.816701095299875,10.993719100952148,235200,0.0,0.3333333333333333
2026-02-10 00:00:00-05:00,10.965769614451247,11.273221015930176,10.956452689918956,11.273221015930176,291600,0.0,0.0
2026-02-11 00:00:00-05:00,11.245270491519168,11.366387847590307,11.226637530552525,11.357070922851562,219800,0.0,0.0
2026-02-12 00:00:00-05:00,11.412970537604924,11.515454034813418,11.366386806688057,11.431604385375977,186700,0.0,0.0
2026-02-13 00:00:00-05:00,11.459554601233888,11.543405141616578,11.450237677077856,11.478187561035156,243000,0.0,0.0
2026-02-17 00:00:00-05:00,11.711104056021906,11.729737902300746,11.524770035786966,11.664521217346191,523600,0.0,0.0
2026-02-18 00:00:00-05:00,11.701789862699695,11.7576896333108,11.673839088883307,11.68315601348877,333900,0.0,0.0
2026-02-19 00:00:00-05:00,11.70178802139318,11.757687783208315,11.599303643880942,11.664521217346191,432900,0.0,0.0
2026-02-20 00:00:00-05:00,11.711556479298798,11.739776846562942,11.673929023910171,11.702149391174316,206500,0.12,0.0
2026-02-23 00:00:00-05:00,11.702149391174316,11.805625566325013,11.66452193578569,11.702149391174316,114900,0.0,0.0
2026-02-24 00:00:00-05:00,11.664521846880977,11.749183845137434,11.664521846880977,11.720963478088379,113300,0.0,0.0
2026-02-25 00:00:00-05:00,11.72096356742328,11.739776846562942,11.683336112034652,11.702149391174316,101700,0.0,0.0
2026-02-26 00:00:00-05:00,11.739777283350218,11.80562600556224,11.711556915036113,11.786811828613281,182000,0.0,0.0
2026-02-27 00:00:00-05:00,11.767997464381114,11.95613473098764,11.767997464381114,11.815032005310059,269400,0.0,0.0
2026-03-02 00:00:00-05:00,11.739776201558197,11.88087982434503,11.711555835844532,11.815032005310059,151400,0.0,0.0
2026-03-03 00:00:00-05:00,11.71155599257563,11.71155599257563,11.372908908151905,11.626893997192383,190500,0.0,0.0
2026-03-04 00:00:00-05:00,11.58926773071289,11.645709365787376,11.53282699274776,11.58926773071289,102200,0.0,0.0
2026-03-05 00:00:00-05:00,11.579860480217386,11.579860480217386,11.419943575424014,11.457571029663086,77900,0.0,0.0
2026-03-06 00:00:00-05:00,11.38231687091887,11.410537239179684,11.27884069211367,11.335282325744629,102800,0.0,0.0
2026-03-09 00:00:00-04:00,11.10951742321204,11.269433439094351,10.761462332270737,11.053075790405273,441300,0.0,0.0
2026-03-10 00:00:00-04:00,10.98722858741182,11.184772967737183,10.98722858741182,11.109518051147461,159500,0.0,0.0
2026-03-11 00:00:00-04:00,11.08129562723814,11.10010980297526,10.968413264143251,10.987227439880371,104900,0.0,0.0
2026-03-12 00:00:00-04:00,10.911972999572754,11.006041190968622,10.874345543592543,10.911972999572754,77300,0.0,0.0
2026-03-13 00:00:00-04:00,10.968414981059833,11.128331911420487,10.846125510954074,10.86493968963623,83700,0.0,0.0
2026-03-16 00:00:00-04:00,10.968413878938978,11.081296248361088,10.968413878938978,11.034261703491211,84700,0.0,0.0
2026-03-17 00:00:00-04:00,11.081295688220528,11.212992227777287,11.081295688220528,11.12833023071289,130400,0.0,0.0
2026-03-18 00:00:00-04:00,11.128328695487749,11.288245579634639,11.071887969970703,11.071887969970703,114700,0.0,0.0
2026-03-19 00:00:00-04:00,11.034261423425978,11.156550878140049,11.006041056064054,11.08129596710205,104700,0.0,0.0
2026-03-20 00:00:00-04:00,11.034260705812974,11.081295246430157,10.695613628165896,10.733241081237793,154100,0.0,0.0
2026-03-23 00:00:00-04:00,10.817904275086311,10.996634472729191,10.686207726169375,10.6956148147583,227500,0.0,0.0
2026-03-24 00:00:00-04:00,10.695614152115422,10.743150396349401,10.562512849595967,10.581527709960938,179900,0.12,0.0
2026-03-25 00:00:00-04:00,10.61955738067627,10.695615014914715,10.55300717738726,10.61955738067627,121800,0.0,0.0
2026-03-26 00:00:00-04:00,10.514977134627893,10.657584955532785,10.353354454040527,10.353354454040527,294200,0.0,0.0
2026-03-27 00:00:00-04:00,10.324834132002549,10.343848995308466,10.134690032336298,10.144197463989258,168400,0.0,0.0
2026-03-30 00:00:00-04:00,10.28680268199722,10.38187516086204,10.191731109810753,10.239267349243164,162400,0.0,0.0
2026-03-31 00:00:00-04:00,10.381877343713944,10.619557684171355,10.286804844859562,10.505471229553223,221200,0.0,0.0
2026-04-01 00:00:00-04:00,10.74315071105957,10.790686956686079,10.55300663523201,10.74315071105957,259100,0.0,0.0
2026-04-02 00:00:00-04:00,10.676599658786191,10.847729781240181,10.619556889087178,10.809700965881348,181900,0.0,0.0
2026-04-06 00:00:00-04:00,10.781178984946719,10.914279378004354,10.733642741706808,10.866744041442871,134100,0.0,0.0
2026-04-07 00:00:00-04:00,10.847729488340361,10.933294547257011,10.790686720181561,10.923787117004395,198100,0.0,0.0
2026-04-08 00:00:00-04:00,11.17097478830366,11.256539846644324,11.047380915886972,11.23752498626709,170800,0.0,0.0
2026-04-09 00:00:00-04:00,11.266047935111272,11.49422083289962,11.209004257324937,11.456192016601562,124300,0.0,0.0
2026-04-10 00:00:00-04:00,11.427670530748243,11.456191916051832,11.33259803749829,11.389640808105469,152900,0.0,0.0
2026-04-13 00:00:00-04:00,11.389641007080188,11.437177254535612,11.332598235476482,11.418163299560547,118000,0.0,0.0
2026-04-14 00:00:00-04:00,11.437176107407428,11.513233733036262,11.370625911651802,11.494219779968262,136700,0.0,0.0
2026-04-15 00:00:00-04:00,11.522741471823943,11.56077028565788,11.456191274284166,11.551262855529785,114400,0.0,0.0
2026-04-16 00:00:00-04:00,11.570278420288535,11.67485743802996,11.570278420288535,11.665350914001465,121700,0.0,0.0
2026-04-17 00:00:00-04:00,11.69387169237642,11.712885646124832,11.58929177338559,11.617814064025879,189100,0.0,0.0
2026-04-20 00:00:00-04:00,11.617813078770851,11.769928322571719,11.598798219956558,11.722392082214355,87000,0.0,0.0
2026-04-21 00:00:00-04:00,11.769929618872927,11.769929618872927,11.484713051994303,11.503727912902832,103300,0.0,0.0
2026-04-22 00:00:00-04:00,11.551740537642427,11.609355607879058,11.350089165454932,11.417306900024414,81700,0.12,0.0
2026-04-23 00:00:00-04:00,11.407704235691563,11.494126383166272,11.38849890702586,11.417306900024414,145100,0.0,0.0
2026-04-24 00:00:00-04:00,11.465317160207324,11.522932224263204,11.417305675214527,11.43651008605957,61400,0.0,0.0
2026-04-27 00:00:00-04:00,11.455715628038352,11.522932440900277,11.446112964555107,11.494125366210938,74400,0.0,0.0
2026-04-28 00:00:00-04:00,11.484523053688648,11.522932793035014,11.426907986788887,11.465317726135254,107900,0.0,0.0
2026-04-29 00:00:00-04:00,11.484522994994055,11.522932734144119,11.378896441271484,11.398100852966309,105200,0.0,0.0
2026-04-30 00:00:00-04:00,11.426907753794055,11.513329894501336,11.426907753794055,11.484522819519043,174400,0.0,0.0
2026-05-01 00:00:00-04:00,11.532535730949537,11.570945471208933,11.398101182161422,11.446113586425781,87900,0.0,0.0
2026-05-04 00:00:00-04:00,11.446113078575971,11.446113078575971,11.321281199331453,11.340486526489258,134900,0.0,0.0
2026-05-05 00:00:00-04:00,11.369293212890625,11.398100286882373,11.254064001163266,11.369293212890625,91400,0.0,0.0
2026-05-06 00:00:00-04:00,11.41730600597356,11.503727230920438,11.41730600597356,11.484522819519043,93000,0.0,0.0
2026-05-07 00:00:00-04:00,11.46531733360087,11.46531733360087,11.28287130689208,11.350088119506836,112700,0.0,0.0
2026-05-08 00:00:00-04:00,11.388498131239531,11.474920272827148,11.388498131239531,11.474920272827148,75600,0.0,0.0
2026-05-11 00:00:00-04:00,11.465317549912006,11.484522877170212,11.340486585775297,11.407703399658203,102500,0.0,0.0
2026-05-12 00:00:00-04:00,11.350089165454932,11.446113977262492,11.330884752549705,11.417306900024414,90200,0.0,0.0
2026-05-13 00:00:00-04:00,11.426907088928449,11.436509751950624,11.30207613268157,11.388497352600098,68600,0.0,0.0
2026-05-14 00:00:00-04:00,11.388497352600098,11.436509751950624,11.378895605338272,11.388497352600098,97800,0.0,0.0
2026-05-15 00:00:00-04:00,11.378895830297719,11.378895830297719,11.225255966186523,11.225255966186523,105800,0.0,0.0
2026-05-18 00:00:00-04:00,11.244462013244629,11.31167882851581,11.186846946040456,11.244462013244629,88100,0.0,0.0
2026-05-19 00:00:00-04:00,11.244461624918971,11.330883764860443,11.225256297927357,11.273268699645996,94000,0.0,0.0
2026-05-20 00:00:00-04:00,11.302076578200063,11.43651020276838,11.263665924597246,11.426907539367676,119100,0.0,0.0
2026-05-21 00:00:00-04:00,11.397807600523592,11.407508084332644,11.300804612611174,11.349306106567383,116300,0.12,0.0
2026-05-22 00:00:00-04:00,11.368706890153188,11.3881069323682,11.174701842557885,11.310504913330078,162100,0.0,0.0
2026-05-26 00:00:00-04:00,11.349306209380384,11.475409724773273,11.329906166675588,11.417208671569824,112300,0.0,0.0
2026-05-27 00:00:00-04:00,11.43660861067075,11.446309094479801,11.349306106567383,11.349306106567383,60100,0.0,0.0
2026-05-28 00:00:00-04:00,11.388106637875682,11.456009096594883,11.349305629360003,11.397807121276855,80900,0.0,0.0
2026-05-29 00:00:00-04:00,11.446309094479801,11.446309094479801,11.300804612611174,11.349306106567383,124100,0.0,0.0
2026-06-01 00:00:00-04:00,11.27170491852173,11.300805447008477,11.019497871398926,11.019497871398926,297800,0.0,0.0
2026-06-02 00:00:00-04:00,10.990396129344132,11.058297663345176,10.97099608752484,11.009797096252441,125900,0.0,0.0
2026-06-03 00:00:00-04:00,11.048598586255206,11.087399596672972,10.961296081542969,10.961296081542969,66800,0.0,0.0
2026-06-04 00:00:00-04:00,11.01949778980368,11.116500784160063,10.961296733261142,11.048599243164062,69500,0.0,0.0
2026-06-05 00:00:00-04:00,11.00009774598587,11.13590082797787,11.00009774598587,11.048599243164062,104500,0.0,0.0
2026-06-08 00:00:00-04:00,11.058298145042853,11.126200607090738,10.961296081542969,10.961296081542969,86800,0.0,0.0
2026-06-09 00:00:00-04:00,11.009797643990497,11.155301202685553,11.009797643990497,11.126200675964355,130700,0.0,0.0
2026-06-10 00:00:00-04:00,11.135899649863227,11.281404126004258,11.126200091525037,11.203802108764648,107300,0.0,0.0
2026-06-11 00:00:00-04:00,11.291104871115067,11.329905880634128,11.194101884772897,11.310504913330078,133400,0.0,0.0
2026-06-12 00:00:00-04:00,11.349305629360003,11.426907646391362,11.310504620844323,11.397807121276855,52300,0.0,0.0
2026-06-15 00:00:00-04:00,11.52391063022507,11.52391063022507,11.37840615447451,11.397807121276855,112000,0.0,0.0
2026-06-16 00:00:00-04:00,11.475409805311642,11.475409805311642,11.359006772998725,11.388107299804688,63500,0.0,0.0
2026-06-17 00:00:00-04:00,11.368707113140298,11.446309133700513,11.155301094055176,11.155301094055176,94400,0.0,0.0
2026-06-18 00:00:00-04:00,11.184401432872443,11.271703935810432,11.184401432872443,11.213502883911133,81900,0.0,0.0
2026-06-22 00:00:00-04:00,11.252303123474121,11.32990513742175,11.213502116500306,11.252303123474121,157000,0.0,0.0
2026-06-23 00:00:00-04:00,11.262104862639141,11.389526529319141,11.262104862639141,11.320915222167969,109100,0.12,0.0
2026-06-24 00:00:00-04:00,11.369923502348508,11.458137637975144,11.360121620137015,11.409130096435547,121100,0.0,0.0
2026-06-25 00:00:00-04:00,11.438534630542222,11.507145935438501,11.40912991912366,11.487543106079102,86500,0.0,0.0
2026-06-26 00:00:00-04:00,11.526749245407062,11.703178441726095,11.497343600388152,11.693377494812012,115300,0.0,0.0
2026-06-29 00:00:00-04:00,11.732584086745005,11.732584086745005,11.595360547600082,11.693377494812012,187800,0.0,0.0
2026-06-30 00:00:00-04:00,11.712980516447455,11.722782398281977,11.556154146130732,11.605162620544434,204300,0.0,0.0
2026-07-01 00:00:00-04:00,11.487543950061715,11.634568452715234,11.487543950061715,11.536552429199219,147100,0.0,0.0
2026-07-02 00:00:00-04:00,11.56595688805108,11.71298138746655,11.546353122924234,11.644370079040527,195000,0.0,0.0
2026-07-06 00:00:00-04:00,11.712980270385742,11.752186862141286,11.683575560258804,11.712980270385742,212900,0.0,0.0
2026-07-07 00:00:00-04:00,11.732584898937768,11.81099808823194,11.732584898937768,11.752187728881836,164300,0.0,0.0
2026-07-08 00:00:00-04:00,11.732584138192712,11.761988848581677,11.663971900939941,11.663971900939941,80900,0.0,0.0
2026-07-09 00:00:00-04:00,11.742385085149774,11.801195440686595,11.663971900939941,11.663971900939941,92100,0.0,0.0
2026-07-10 00:00:00-04:00,11.703179431986374,11.752187909739174,11.60516341123974,11.673774719238281,55600,0.0,0.0
2026-07-13 00:00:00-04:00,11.722783088684082,11.8208000432841,11.703179323860496,11.722783088684082,257200,0.0,0.0
2026-07-14 00:00:00-04:00,11.771791493584853,11.801196205880432,11.69337830429068,11.752187728881836,160000,0.0,0.0
2026-07-15 00:00:00-04:00,11.761989611233345,11.801196205880432,11.722783016586257,11.752187728881836,218600,0.0,0.0
2026-07-16 00:00:00-04:00,11.761989048549108,12.09524555448609,11.761989048549108,12.007030487060547,319400,0.0,0.0
2026-07-17 00:00:00-04:00,12.046237062531219,12.075641773377868,11.918815402517204,12.01683235168457,1228000,0.0,0.0
2026-07-20 00:00:00-04:00,12.016832334454131,12.05603892711308,11.987426688890743,12.026634216308594,156100,0.0,0.0
2026-07-21 00:00:00-04:00,12.065841637985432,12.095246350810253,11.977626564752004,12.075642585754395,210900,0.0,0.0
2026-07-22 00:00:00-04:00,12.085444541145767,12.095246423732792,12.026635115141563,12.04623794555664,128700,0.0,0.0
2026-07-23 00:00:00-04:00,11.957152712750734,12.046237611381605,11.917559529356565,11.947254180908203,129900,0.12,0.0
2026-07-24 00:00:00-04:00,12.066032925511445,12.155117818194633,11.967050445622485,12.105626106262207,298000,0.0,0.0
2026-07-27 00:00:00-04:00,12.174915144401448,12.254101507619026,12.125423431396484,12.125423431396484,164700,0.0,0.0
2026-07-28 00:00:00-04:00,12.204610058238824,12.204610058238824,12.125423693310786,12.145220756530762,246400,0.0,0.0
2026-07-29 00:00:00-04:00,12.20460997298632,12.20460997298632,11.986846998967387,12.066033363342285,211000,0.0,0.0
2026-07-30 00:00:00-04:00,12.125423089970816,12.165016270464747,11.937355718618617,12.026439666748047,77300,0.0,0.0
2026-07-31 00:00:00-04:00,12.11552483954071,12.11552483954071,11.887864282420235,11.937355995178223,204600,0.0,0.0
2026-08-03 00:00:00-04:00,11.967050916863695,12.016542630745016,11.80867818762421,11.848271369934082,159300,0.0,0.0
2026-08-04 00:00:00-04:00,11.877966020672503,11.877966020672503,11.729491823004468,11.848271369934082,140000,0.0,0.0
2026-08-05 00:00:00-04:00,11.84827127661947,11.887864458617514,11.818575682138999,11.877965927124023,77500,0.0,0.0
2026-08-06 00:00:00-04:00,11.83837276302729,11.868067413576746,11.739389335894547,11.769084930419922,124400,0.0,0.0
2026-08-07 00:00:00-04:00,11.769084575241747,11.79877922489505,11.739388981612551,11.778982162475586,106700,0.0,0.0
2026-08-10 00:00:00-04:00,11.759186152263897,11.759186152263897,11.610711014679028,11.640406608581543,132000,0.0,0.0
2026-08-11 00:00:00-04:00,11.650305590291753,11.69979636075749,11.482034327575619,11.491931915283203,123500,0.0,0.0
2026-08-12 00:00:00-04:00,11.53152473469605,11.610711097717285,11.511728615928698,11.610711097717285,166200,0.0,0.0
2026-08-13 00:00:00-04:00,11.630508246213989,11.729491672708305,11.620609714769374,11.689898490905762,91700,0.0,0.0
2026-08-14 00:00:00-04:00,11.778982958943326,11.778982958943326,11.709695123741906,11.7294921875,46800,0.0,0.0
2026-08-17 00:00:00-04:00,11.769085108338382,11.769085108338382,11.650305560368997,11.709694862365723,136300,0.0,0.0
2026-08-18 00:00:00-04:00,11.739389344213446,11.739389344213446,11.620609797955533,11.660202980041504,86300,0.0,0.0
2026-08-19 00:00:00-04:00,11.679999696993663,11.729491409128666,11.65030504730302,11.670101165771484,110100,0.0,0.0
2026-08-20 00:00:00-04:00,11.630508153754207,11.729491579461627,11.630508153754207,11.719593048095703,43600,0.0,0.0
2026-08-21 00:00:00-04:00,11.729492019887838,11.759186671124693,11.650305653938926,11.680000305175781,86500,0.0,0.0
2026-08-24 00:00:00-04:00,11.739999771118164,11.789999961853027,11.680000305175781,11.6899995803833,144600,0.12,0.0
2026-08-25 00:00:00-04:00,11.739999771118164,11.829999923706055,11.699999809265137,11.760000228881836,103700,0.0,0.0
2026-08-26 00:00:00-04:00,11.770000457763672,11.850000381469727,11.770000457763672,11.789999961853027,69400,0.0,0.0
2026-08-27 00:00:00-04:00,11.779999732971191,11.789999961853027,11.670000076293945,11.699999809265137,101200,0.0,0.0
2026-08-28 00:00:00-04:00,11.699999809265137,11.729999542236328,11.5600004196167,11.5600004196167,112100,0.0,0.0
2026-08-31 00:00:00-04:00,11.59000015258789,11.670000076293945,11.460000038146973,11.539999961853027,155000,0.0,0.0
2026-09-01 00:00:00-04:00,11.470000267028809,11.539999961853027,11.420000076293945,11.449999809265137,113200,0.0,0.0
2026-09-02 00:00:00-04:00,11.460000038146973,11.489999771118164,11.399999618530273,11.40999984741211,91700,0.0,0.0
2026-09-03 00:00:00-04:00,11.420000076293945,11.520000457763672,11.40999984741211,11.5,137800,0.0,0.0
2026-09-04 00:00:00-04:00,11.5,11.640000343322754,11.460000038146973,11.460000038146973,89200,0.0,0.0
2026-09-08 00:00:00-04:00,11.430000305175781,11.59000015258789,11.359999656677246,11.420000076293945,156900,0.0,0.0
2026-09-09 00:00:00-04:00,11.369999885559082,11.479999542236328,11.25,11.25,92100,0.0,0.0
2026-09-10 00:00:00-04:00,11.25,11.600000381469727,11.09000015258789,11.119999885559082,85800,0.0,0.0
2026-09-11 00:00:00-04:00,11.15999984741211,11.220000267028809,11.119999885559082,11.149999618530273,84000,0.0,0.0
