Date,Open,High,Low,Close,Volume,Dividends,Stock Splits,Capital Gains
2019-11-18 00:00:00-05:00,30.56999969482422,30.6200008392334,30.541000366210938,30.541000366210938,33200,0.0,0.0,0.0
2019-11-19 00:00:00-05:00,30.56999969482422,30.59000015258789,30.534000396728516,30.54400062561035,45400,0.0,0.0,0.0
2019-11-20 00:00:00-05:00,30.54400062561035,30.579999923706055,30.440000534057617,30.5049991607666,14600,0.0,0.0,0.0
2019-11-21 00:00:00-05:00,30.540000915527344,30.540000915527344,30.469999313354492,30.479999542236328,7200,0.0,0.0,0.0
2019-11-22 00:00:00-05:00,30.4950008392334,30.549999237060547,30.4950008392334,30.549999237060547,3200,0.0,0.0,0.0
2019-11-25 00:00:00-05:00,30.639999389648438,30.649999618530273,30.604999542236328,30.604999542236328,3200,0.0,0.0,0.0
2019-11-26 00:00:00-05:00,30.659000396728516,30.690000534057617,30.659000396728516,30.674999237060547,10000,0.0,0.0,0.0
2019-11-27 00:00:00-05:00,30.68899917602539,30.729999542236328,30.656999588012695,30.729999542236328,5700,0.0,0.0,0.0
2019-11-29 00:00:00-05:00,30.709999084472656,30.719999313354492,30.655000686645508,30.655000686645508,9400,0.0,0.0,0.0
2019-12-02 00:00:00-05:00,30.55500030517578,30.600000381469727,30.518999099731445,30.594999313354492,5800,0.0,0.0,0.0
2019-12-03 00:00:00-05:00,30.489999771118164,30.520000457763672,30.42300033569336,30.520000457763672,3100,0.0,0.0,0.0
2019-12-04 00:00:00-05:00,30.6200008392334,30.6299991607666,30.540000915527344,30.6200008392334,24300,0.0,0.0,0.0
2019-12-05 00:00:00-05:00,30.610000610351562,30.6299991607666,30.510000228881836,30.6200008392334,158000,0.0,0.0,0.0
2019-12-06 00:00:00-05:00,30.729999542236328,30.739999771118164,30.67799949645996,30.69499969482422,18200,0.0,0.0,0.0
2019-12-09 00:00:00-05:00,30.670000076293945,30.709999084472656,30.639999389648438,30.639999389648438,2500,0.0,0.0,0.0
2019-12-10 00:00:00-05:00,30.638999938964844,30.649999618530273,30.579999923706055,30.579999923706055,7600,0.0,0.0,0.0
2019-12-11 00:00:00-05:00,30.670000076293945,30.709999084472656,30.670000076293945,30.68000030517578,5600,0.0,0.0,0.0
2019-12-12 00:00:00-05:00,30.780000686645508,30.799999237060547,30.722000122070312,30.783000946044922,5800,0.0,0.0,0.0
2019-12-13 00:00:00-05:00,30.7549991607666,30.829999923706055,30.7549991607666,30.764999389648438,12700,0.0,0.0,0.0
2019-12-16 00:00:00-05:00,30.888999938964844,30.989999771118164,30.864999771118164,30.864999771118164,4700,0.0,0.0,0.0
2019-12-17 00:00:00-05:00,30.89900016784668,30.920000076293945,30.841999053955078,30.864999771118164,11700,0.0,0.0,0.0
2019-12-18 00:00:00-05:00,30.8700008392334,30.920000076293945,30.8700008392334,30.875,12000,0.0,0.0,0.0
2019-12-19 00:00:00-05:00,30.850000381469727,32.46500015258789,30.850000381469727,30.905000686645508,15100,0.0,0.0,0.0
2019-12-20 00:00:00-05:00,31.030000686645508,31.030000686645508,31.010000228881836,31.010000228881836,10300,0.0,0.0,0.0
2019-12-23 00:00:00-05:00,31.020000457763672,31.020000457763672,30.968000411987305,30.968000411987305,6100,0.0,0.0,0.0
2019-12-24 00:00:00-05:00,31.0,31.0,31.0,31.0,1000,0.0,0.0,0.0
2019-12-26 00:00:00-05:00,31.009000778198242,31.040000915527344,30.959999084472656,31.006000518798828,11900,0.0,0.0,0.0
2019-12-27 00:00:00-05:00,31.049999237060547,31.079999923706055,31.016000747680664,31.016000747680664,9300,0.0,0.0,0.0
2019-12-30 00:00:00-05:00,30.969999313354492,31.020000457763672,30.948999404907227,30.96500015258789,7600,0.0,0.0,0.0
2019-12-31 00:00:00-05:00,30.940000534057617,30.989999771118164,30.940000534057617,30.989999771118164,1800,0.0,0.0,0.0
2020-01-02 00:00:00-05:00,31.09000015258789,31.1299991607666,31.09000015258789,31.115999221801758,4200,0.0,0.0,0.0
2020-01-03 00:00:00-05:00,31.05500030517578,31.09000015258789,31.05500030517578,31.05500030517578,3000,0.0,0.0,0.0
2020-01-06 00:00:00-05:00,31.0310001373291,31.100000381469727,31.0310001373291,31.06999969482422,1900,0.0,0.0,0.0
2020-01-07 00:00:00-05:00,31.110000610351562,31.110000610351562,31.059999465942383,31.059999465942383,36300,0.0,0.0,0.0
2020-01-08 00:00:00-05:00,31.1299991607666,31.170000076293945,31.049999237060547,31.11199951171875,12400,0.0,0.0,0.0
2020-01-09 00:00:00-05:00,31.1299991607666,31.219999313354492,31.1200008392334,31.159000396728516,19100,0.0,0.0,0.0
2020-01-10 00:00:00-05:00,31.25,31.25,31.156999588012695,31.156999588012695,1000,0.0,0.0,0.0
2020-01-13 00:00:00-05:00,31.18000030517578,31.260000228881836,31.165000915527344,31.18000030517578,6100,0.0,0.0,0.0
2020-01-14 00:00:00-05:00,31.270000457763672,31.270000457763672,31.249000549316406,31.25,7100,0.0,0.0,0.0
2020-01-15 00:00:00-05:00,31.26799964904785,31.329999923706055,31.2549991607666,31.2549991607666,7400,0.0,0.0,0.0
2020-01-16 00:00:00-05:00,31.30500030517578,31.350000381469727,31.30500030517578,31.315000534057617,500,0.0,0.0,0.0
2020-01-17 00:00:00-05:00,31.354999542236328,31.3799991607666,31.35099983215332,31.35099983215332,3300,0.0,0.0,0.0
2020-01-21 00:00:00-05:00,31.3799991607666,31.389999389648438,31.316999435424805,31.329999923706055,9400,0.0,0.0,0.0
2020-01-22 00:00:00-05:00,31.3700008392334,31.389999389648438,31.340999603271484,31.340999603271484,4900,0.0,0.0,0.0
2020-01-23 00:00:00-05:00,31.34000015258789,31.389999389648438,31.34000015258789,31.389999389648438,800,0.0,0.0,0.0
2020-01-24 00:00:00-05:00,31.350000381469727,31.350000381469727,31.2450008392334,31.2450008392334,2100,0.0,0.0,0.0
2020-01-27 00:00:00-05:00,31.1299991607666,31.139999389648438,31.079999923706055,31.079999923706055,2900,0.0,0.0,0.0
2020-01-28 00:00:00-05:00,31.20199966430664,31.260000228881836,31.20199966430664,31.25,9300,0.0,0.0,0.0
2020-01-29 00:00:00-05:00,31.25,31.270000457763672,31.194000244140625,31.194000244140625,1800,0.0,0.0,0.0
2020-01-30 00:00:00-05:00,31.239999771118164,31.239999771118164,31.224000930786133,31.224000930786133,800,0.0,0.0,0.0
2020-01-31 00:00:00-05:00,31.149999618530273,31.149999618530273,31.04199981689453,31.04199981689453,1100,0.0,0.0,0.0
2020-02-03 00:00:00-05:00,31.209999084472656,31.209999084472656,31.104999542236328,31.149999618530273,5500,0.0,0.0,0.0
2020-02-04 00:00:00-05:00,31.309999465942383,31.350000381469727,31.291000366210938,31.291000366210938,5300,0.0,0.0,0.0
2020-02-05 00:00:00-05:00,31.360000610351562,31.3700008392334,31.360000610351562,31.3700008392334,200,0.0,0.0,0.0
2020-02-06 00:00:00-05:00,31.40999984741211,31.40999984741211,31.40999984741211,31.40999984741211,100,0.0,0.0,0.0
2020-02-07 00:00:00-05:00,31.440000534057617,31.440000534057617,31.349000930786133,31.349000930786133,200,0.0,0.0,0.0
2020-02-10 00:00:00-05:00,31.43000030517578,31.440000534057617,31.42799949645996,31.42799949645996,3800,0.0,0.0,0.0
2020-02-11 00:00:00-05:00,31.549999237060547,31.549999237060547,31.444000244140625,31.444000244140625,2200,0.0,0.0,0.0
2020-02-12 00:00:00-05:00,31.518999099731445,31.518999099731445,31.5049991607666,31.5049991607666,900,0.0,0.0,0.0
2020-02-13 00:00:00-05:00,31.472000122070312,31.559999465942383,31.472000122070312,31.5,4400,0.0,0.0,0.0
2020-02-14 00:00:00-05:00,31.540000915527344,31.540000915527344,31.510000228881836,31.510000228881836,400,0.0,0.0,0.0
2020-02-18 00:00:00-05:00,31.520000457763672,31.520000457763672,31.4689998626709,31.5,1100,0.0,0.0,0.0
2020-02-19 00:00:00-05:00,31.538999557495117,31.600000381469727,31.5310001373291,31.600000381469727,3600,0.0,0.0,0.0
2020-02-20 00:00:00-05:00,31.59000015258789,31.59000015258789,31.489999771118164,31.514999389648438,6200,0.0,0.0,0.0
2020-02-21 00:00:00-05:00,31.399999618530273,31.399999618530273,31.399999618530273,31.399999618530273,100,0.0,0.0,0.0
2020-02-24 00:00:00-05:00,31.059999465942383,31.059999465942383,31.059999465942383,31.059999465942383,0,0.0,0.0,0.0
2020-02-25 00:00:00-05:00,30.940000534057617,30.940000534057617,30.729000091552734,30.729000091552734,2000,0.0,0.0,0.0
2020-02-26 00:00:00-05:00,30.760000228881836,30.770000457763672,30.725000381469727,30.725000381469727,12500,0.0,0.0,0.0
2020-02-27 00:00:00-05:00,30.469999313354492,30.475000381469727,30.167999267578125,30.167999267578125,6200,0.0,0.0,0.0
2020-02-28 00:00:00-05:00,29.84000015258789,29.920000076293945,29.670000076293945,29.89900016784668,69800,0.0,0.0,0.0
2020-03-02 00:00:00-05:00,30.215999603271484,31.139999389648438,30.1299991607666,30.614999771118164,22300,0.0,0.0,0.0
2020-03-03 00:00:00-05:00,30.714000701904297,31.020999908447266,30.329999923706055,30.3700008392334,9200,0.0,0.0,0.0
2020-03-04 00:00:00-05:00,30.52400016784668,30.899999618530273,30.486000061035156,30.899999618530273,11500,0.0,0.0,0.0
2020-03-05 00:00:00-05:00,30.649999618530273,30.649999618530273,30.290000915527344,30.440000534057617,13200,0.0,0.0,0.0
2020-03-06 00:00:00-05:00,30.15999984741211,30.15999984741211,29.8799991607666,30.15999984741211,68900,0.0,0.0,0.0
2020-03-09 00:00:00-04:00,29.399999618530273,29.540000915527344,29.034000396728516,29.219999313354492,139700,0.0,0.0,0.0
2020-03-10 00:00:00-04:00,29.510000228881836,29.809999465942383,28.882999420166016,29.75,73300,0.0,0.0,0.0
2020-03-11 00:00:00-04:00,29.29800033569336,29.399999618530273,28.700000762939453,29.139999389648438,381800,0.0,0.0,0.0
2020-03-12 00:00:00-04:00,29.600000381469727,30.479000091552734,27.732999801635742,27.868000030517578,443400,0.0,0.0,0.0
2020-03-13 00:00:00-04:00,28.899999618530273,32.18000030517578,27.893999099731445,29.059999465942383,575700,0.0,0.0,0.0
2020-03-16 00:00:00-04:00,29.059999465942383,29.059999465942383,27.079999923706055,27.079999923706055,387400,0.0,0.0,0.0
2020-03-17 00:00:00-04:00,27.540000915527344,27.760000228881836,27.003999710083008,27.760000228881836,118600,0.0,0.0,0.0
2020-03-18 00:00:00-04:00,27.290000915527344,27.290000915527344,26.25,26.850000381469727,71300,0.0,0.0,0.0
2020-03-19 00:00:00-04:00,27.020000457763672,30.1299991607666,26.569000244140625,27.048999786376953,77300,0.0,0.0,0.0
2020-03-20 00:00:00-04:00,27.329999923706055,27.540000915527344,26.768999099731445,26.93000030517578,53700,0.0,0.0,0.0
2020-03-23 00:00:00-04:00,26.700000762939453,26.920000076293945,26.510000228881836,26.8700008392334,36600,0.0,0.0,0.0
2020-03-24 00:00:00-04:00,27.52400016784668,27.965999603271484,27.3700008392334,27.549999237060547,20300,0.0,0.0,0.0
2020-03-25 00:00:00-04:00,28.100000381469727,28.329999923706055,27.58300018310547,27.979999542236328,80500,0.0,0.0,0.0
2020-03-26 00:00:00-04:00,28.280000686645508,29.3799991607666,28.110000610351562,28.280000686645508,38300,0.0,0.0,0.0
2020-03-27 00:00:00-04:00,27.6200008392334,28.43000030517578,27.552000045776367,28.020000457763672,45900,0.0,0.0,0.0
2020-03-30 00:00:00-04:00,28.309999465942383,28.469999313354492,28.200000762939453,28.450000762939453,20300,0.0,0.0,0.0
2020-03-31 00:00:00-04:00,28.450000762939453,28.559999465942383,28.202999114990234,28.209999084472656,90200,0.0,0.0,0.0
2020-04-01 00:00:00-04:00,28.239999771118164,28.239999771118164,27.55299949645996,27.8799991607666,98600,0.0,0.0,0.0
2020-04-02 00:00:00-04:00,27.6200008392334,27.8700008392334,27.600000381469727,27.8700008392334,56500,0.0,0.0,0.0
2020-04-03 00:00:00-04:00,27.8700008392334,27.93000030517578,27.621999740600586,27.83300018310547,102000,0.0,0.0,0.0
2020-04-06 00:00:00-04:00,28.31100082397461,28.790000915527344,28.31100082397461,28.790000915527344,84400,0.0,0.0,0.0
2020-04-07 00:00:00-04:00,28.89900016784668,29.155000686645508,28.628000259399414,28.93000030517578,205500,0.0,0.0,0.0
2020-04-08 00:00:00-04:00,28.969999313354492,29.08099937438965,28.547000885009766,29.08099937438965,39500,0.0,0.0,0.0
2020-04-09 00:00:00-04:00,29.200000762939453,29.450000762939453,29.143999099731445,29.3700008392334,55100,0.0,0.0,0.0
2020-04-13 00:00:00-04:00,29.270000457763672,29.270000457763672,28.88599967956543,29.1200008392334,23500,0.0,0.0,0.0
2020-04-14 00:00:00-04:00,29.559999465942383,29.639999389648438,29.395000457763672,29.639999389648438,24800,0.0,0.0,0.0
2020-04-15 00:00:00-04:00,29.200000762939453,29.344999313354492,29.040000915527344,29.284000396728516,7000,0.0,0.0,0.0
2020-04-16 00:00:00-04:00,29.479999542236328,29.479999542236328,29.190000534057617,29.219999313354492,6300,0.0,0.0,0.0
2020-04-17 00:00:00-04:00,29.84000015258789,29.84000015258789,29.413000106811523,29.665000915527344,66100,0.0,0.0,0.0
2020-04-20 00:00:00-04:00,29.575000762939453,29.65999984741211,29.309999465942383,29.329999923706055,20700,0.0,0.0,0.0
2020-04-21 00:00:00-04:00,29.440000534057617,29.440000534057617,28.920000076293945,28.920000076293945,28400,0.0,0.0,0.0
2020-04-22 00:00:00-04:00,29.110000610351562,29.399999618530273,29.059999465942383,29.37299919128418,395700,0.0,0.0,0.0
2020-04-23 00:00:00-04:00,29.415000915527344,29.509000778198242,29.270000457763672,29.40999984741211,15200,0.0,0.0,0.0
2020-04-24 00:00:00-04:00,29.56999969482422,29.56999969482422,29.25,29.46500015258789,27800,0.0,0.0,0.0
2020-04-27 00:00:00-04:00,29.670000076293945,29.829999923706055,29.624000549316406,29.829999923706055,15800,0.0,0.0,0.0
2020-04-28 00:00:00-04:00,29.81999969482422,29.81999969482422,29.639999389648438,29.700000762939453,26700,0.0,0.0,0.0
2020-04-29 00:00:00-04:00,29.82200050354004,30.06999969482422,29.82200050354004,30.020000457763672,26600,0.0,0.0,0.0
2020-04-30 00:00:00-04:00,30.15999984741211,30.15999984741211,29.690000534057617,29.854000091552734,8100,0.0,0.0,0.0
2020-05-01 00:00:00-04:00,29.639999389648438,29.670000076293945,29.360000610351562,29.479999542236328,36900,0.0,0.0,0.0
2020-05-04 00:00:00-04:00,29.479999542236328,29.584999084472656,29.37299919128418,29.555999755859375,13100,0.0,0.0,0.0
2020-05-05 00:00:00-04:00,29.760000228881836,29.834999084472656,29.648000717163086,29.676000595092773,345100,0.0,0.0,0.0
2020-05-06 00:00:00-04:00,29.75,30.05500030517578,29.52400016784668,30.049999237060547,31100,0.0,0.0,0.0
2020-05-07 00:00:00-04:00,29.889999389648438,29.889999389648438,29.711999893188477,29.770000457763672,31400,0.0,0.0,0.0
2020-05-08 00:00:00-04:00,30.010000228881836,30.030000686645508,29.868000030517578,29.959999084472656,48000,0.0,0.0,0.0
2020-05-11 00:00:00-04:00,29.969999313354492,30.100000381469727,29.889999389648438,30.0049991607666,14300,0.0,0.0,0.0
2020-05-12 00:00:00-04:00,29.989999771118164,30.038000106811523,29.690000534057617,29.707000732421875,31400,0.0,0.0,0.0
2020-05-13 00:00:00-04:00,29.709999084472656,30.834999084472656,29.309999465942383,29.417999267578125,93600,0.0,0.0,0.0
2020-05-14 00:00:00-04:00,29.489999771118164,30.204999923706055,29.229999542236328,29.64900016784668,21400,0.0,0.0,0.0
2020-05-15 00:00:00-04:00,29.559999465942383,29.639999389648438,29.479999542236328,29.617000579833984,3900,0.0,0.0,0.0
2020-05-18 00:00:00-04:00,30.31999969482422,30.31999969482422,29.920000076293945,29.969999313354492,11100,0.0,0.0,0.0
2020-05-19 00:00:00-04:00,30.054000854492188,30.219999313354492,29.959999084472656,30.040000915527344,27400,0.0,0.0,0.0
2020-05-20 00:00:00-04:00,30.219999313354492,30.25,30.06800079345703,30.134000778198242,25900,0.0,0.0,0.0
2020-05-21 00:00:00-04:00,30.170000076293945,30.260000228881836,30.065000534057617,30.149999618530273,21700,0.0,0.0,0.0
2020-05-22 00:00:00-04:00,30.15999984741211,30.21500015258789,29.950000762939453,30.10300064086914,18800,0.0,0.0,0.0
2020-05-26 00:00:00-04:00,30.549999237060547,30.549999237060547,30.274999618530273,30.274999618530273,10900,0.0,0.0,0.0
2020-05-27 00:00:00-04:00,30.389999389648438,30.5,30.125,30.479999542236328,48500,0.0,0.0,0.0
2020-05-28 00:00:00-04:00,30.639999389648438,30.68000030517578,30.399999618530273,30.44700050354004,35000,0.0,0.0,0.0
2020-05-29 00:00:00-04:00,30.510000228881836,30.559999465942383,30.35099983215332,30.51300048828125,5600,0.0,0.0,0.0
2020-06-01 00:00:00-04:00,30.729999542236328,30.729999542236328,30.559999465942383,30.61400032043457,4000,0.0,0.0,0.0
2020-06-02 00:00:00-04:00,30.600000381469727,30.738000869750977,30.58300018310547,30.719999313354492,466900,0.0,0.0,0.0
2020-06-03 00:00:00-04:00,30.799999237060547,30.979000091552734,30.7450008392334,30.924999237060547,52300,0.0,0.0,0.0
2020-06-04 00:00:00-04:00,30.670000076293945,30.889999389648438,30.670000076293945,30.788999557495117,40200,0.0,0.0,0.0
2020-06-05 00:00:00-04:00,31.0,31.2450008392334,31.0,31.229000091552734,13000,0.0,0.0,0.0
2020-06-08 00:00:00-04:00,31.290000915527344,31.299999237060547,31.09000015258789,31.246999740600586,10800,0.0,0.0,0.0
2020-06-09 00:00:00-04:00,31.149999618530273,31.260000228881836,31.1200008392334,31.18000030517578,6000,0.0,0.0,0.0
2020-06-10 00:00:00-04:00,31.190000534057617,31.190000534057617,31.010000228881836,31.139999389648438,34900,0.0,0.0,0.0
2020-06-11 00:00:00-04:00,30.799999237060547,30.799999237060547,30.219999313354492,30.290000915527344,25400,0.0,0.0,0.0
2020-06-12 00:00:00-04:00,30.624000549316406,30.709999084472656,30.219999313354492,30.46500015258789,54000,0.0,0.0,0.0
2020-06-15 00:00:00-04:00,30.280000686645508,30.649999618530273,30.25,30.440000534057617,15900,0.0,0.0,0.0
2020-06-16 00:00:00-04:00,30.979999542236328,30.979999542236328,30.68199920654297,30.68199920654297,6700,0.0,0.0,0.0
2020-06-17 00:00:00-04:00,30.709999084472656,30.8700008392334,30.610000610351562,30.704999923706055,98800,0.0,0.0,0.0
2020-06-18 00:00:00-04:00,30.68000030517578,30.773000717163086,30.676000595092773,30.71500015258789,29200,0.0,0.0,0.0
2020-06-19 00:00:00-04:00,30.988000869750977,30.988000869750977,30.551000595092773,30.707000732421875,25300,0.0,0.0,0.0
2020-06-22 00:00:00-04:00,30.790000915527344,30.819000244140625,30.61199951171875,30.759000778198242,21600,0.0,0.0,0.0
2020-06-23 00:00:00-04:00,30.959999084472656,30.959999084472656,30.75,30.820999145507812,228100,0.0,0.0,0.0
2020-06-24 00:00:00-04:00,30.829999923706055,30.829999923706055,30.451000213623047,30.54400062561035,35300,0.0,0.0,0.0
2020-06-25 00:00:00-04:00,30.610000610351562,30.760000228881836,30.420000076293945,30.697999954223633,23200,0.0,0.0,0.0
2020-06-26 00:00:00-04:00,30.549999237060547,30.549999237060547,30.350000381469727,30.413999557495117,4700,0.0,0.0,0.0
2020-06-29 00:00:00-04:00,30.399999618530273,30.6299991607666,30.3799991607666,30.517000198364258,21300,0.0,0.0,0.0
2020-06-30 00:00:00-04:00,30.639999389648438,30.816999435424805,30.57200050354004,30.816999435424805,18700,0.0,0.0,0.0
2020-07-01 00:00:00-04:00,30.93000030517578,30.959999084472656,30.85700035095215,30.8700008392334,4700,0.0,0.0,0.0
2020-07-02 00:00:00-04:00,31.030000686645508,31.06999969482422,30.860000610351562,30.989999771118164,22800,0.0,0.0,0.0
2020-07-06 00:00:00-04:00,30.989999771118164,31.170000076293945,30.989999771118164,31.139999389648438,15300,0.0,0.0,0.0
2020-07-07 00:00:00-04:00,31.1299991607666,31.149999618530273,30.965999603271484,30.965999603271484,53800,0.0,0.0,0.0
2020-07-08 00:00:00-04:00,31.110000610351562,31.139999389648438,30.972999572753906,31.07200050354004,20800,0.0,0.0,0.0
2020-07-09 00:00:00-04:00,31.059999465942383,31.104999542236328,30.91200065612793,31.014999389648438,53000,0.0,0.0,0.0
2020-07-10 00:00:00-04:00,31.024999618530273,31.343000411987305,30.98699951171875,31.114999771118164,5200,0.0,0.0,0.0
2020-07-13 00:00:00-04:00,31.200000762939453,31.200000762939453,30.981000900268555,30.981000900268555,36100,0.0,0.0,0.0
2020-07-14 00:00:00-04:00,31.030000686645508,31.15999984741211,30.982999801635742,31.155000686645508,23100,0.0,0.0,0.0
2020-07-15 00:00:00-04:00,31.350000381469727,31.350000381469727,31.1200008392334,31.149999618530273,13400,0.0,0.0,0.0
2020-07-16 00:00:00-04:00,31.209999084472656,31.260000228881836,31.09000015258789,31.226999282836914,12800,0.0,0.0,0.0
2020-07-17 00:00:00-04:00,31.299999237060547,31.319000244140625,31.239999771118164,31.274999618530273,11600,0.0,0.0,0.0
2020-07-20 00:00:00-04:00,31.219999313354492,31.40999984741211,31.219999313354492,31.405000686645508,800,0.0,0.0,0.0
2020-07-21 00:00:00-04:00,31.440000534057617,31.510000228881836,31.350000381469727,31.381999969482422,28000,0.0,0.0,0.0
2020-07-22 00:00:00-04:00,31.34000015258789,31.489999771118164,31.309999465942383,31.457000732421875,29500,0.0,0.0,0.0
2020-07-23 00:00:00-04:00,31.3700008392334,31.499000549316406,31.29400062561035,31.312000274658203,13900,0.0,0.0,0.0
2020-07-24 00:00:00-04:00,31.256000518798828,31.309999465942383,31.18400001525879,31.235000610351562,7000,0.0,0.0,0.0
2020-07-27 00:00:00-04:00,31.350000381469727,31.350000381469727,31.239999771118164,31.334999084472656,9600,0.0,0.0,0.0
2020-07-28 00:00:00-04:00,31.239999771118164,31.40999984741211,31.219999313354492,31.264999389648438,4700,0.0,0.0,0.0
2020-07-29 00:00:00-04:00,31.3799991607666,31.5,31.299999237060547,31.381000518798828,8600,0.0,0.0,0.0
2020-07-30 00:00:00-04:00,31.360000610351562,31.364999771118164,31.240999221801758,31.344999313354492,11600,0.0,0.0,0.0
2020-07-31 00:00:00-04:00,31.31999969482422,31.450000762939453,31.25,31.43000030517578,14700,0.0,0.0,0.0
2020-08-03 00:00:00-04:00,31.4689998626709,31.600000381469727,31.4689998626709,31.54400062561035,9200,0.0,0.0,0.0
2020-08-04 00:00:00-04:00,31.399999618530273,31.6299991607666,31.399999618530273,31.575000762939453,32000,0.0,0.0,0.0
2020-08-05 00:00:00-04:00,31.540000915527344,31.655000686645508,31.540000915527344,31.600000381469727,10800,0.0,0.0,0.0
2020-08-06 00:00:00-04:00,31.68199920654297,31.68199920654297,31.68000030517578,31.68000030517578,600,0.0,0.0,0.0
2020-08-07 00:00:00-04:00,31.780000686645508,31.780000686645508,31.610000610351562,31.68600082397461,41200,0.0,0.0,0.0
2020-08-10 00:00:00-04:00,31.764999389648438,31.764999389648438,31.670000076293945,31.725000381469727,2800,0.0,0.0,0.0
2020-08-11 00:00:00-04:00,31.729999542236328,31.8700008392334,31.610000610351562,31.610000610351562,289000,0.0,0.0,0.0
2020-08-12 00:00:00-04:00,31.81999969482422,31.889999389648438,31.729999542236328,31.825000762939453,15700,0.0,0.0,0.0
2020-08-13 00:00:00-04:00,31.8799991607666,31.90999984741211,31.77199935913086,31.815000534057617,8000,0.0,0.0,0.0
2020-08-14 00:00:00-04:00,31.700000762939453,31.8799991607666,31.700000762939453,31.804000854492188,9100,0.0,0.0,0.0
2020-08-17 00:00:00-04:00,31.93000030517578,31.93000030517578,31.799999237060547,31.868999481201172,7600,0.0,0.0,0.0
2020-08-18 00:00:00-04:00,31.905000686645508,31.969999313354492,31.829999923706055,31.915000915527344,190000,0.0,0.0,0.0
2020-08-19 00:00:00-04:00,32.459999084472656,32.459999084472656,31.809999465942383,31.850000381469727,144600,0.0,0.0,0.0
2020-08-20 00:00:00-04:00,31.90999984741211,31.924999237060547,31.81999969482422,31.895000457763672,133300,0.0,0.0,0.0
2020-08-21 00:00:00-04:00,31.940000534057617,31.989999771118164,31.916000366210938,31.959999084472656,32200,0.0,0.0,0.0
2020-08-24 00:00:00-04:00,32.08000183105469,32.08000183105469,31.920000076293945,31.96500015258789,18800,0.0,0.0,0.0
2020-08-25 00:00:00-04:00,31.93000030517578,32.07500076293945,31.93000030517578,32.04499816894531,20900,0.0,0.0,0.0
2020-08-26 00:00:00-04:00,32.04999923706055,32.15999984741211,32.029998779296875,32.10499954223633,13500,0.0,0.0,0.0
2020-08-27 00:00:00-04:00,32.099998474121094,32.154998779296875,31.98699951171875,32.053001403808594,52400,0.0,0.0,0.0
2020-08-28 00:00:00-04:00,32.08000183105469,32.15999984741211,32.06999969482422,32.06999969482422,9600,0.0,0.0,0.0
2020-08-31 00:00:00-04:00,32.220001220703125,32.220001220703125,32.08100128173828,32.08100128173828,14300,0.0,0.0,0.0
2020-09-01 00:00:00-04:00,32.04899978637695,32.165000915527344,32.02000045776367,32.11000061035156,67900,0.0,0.0,0.0
2020-09-02 00:00:00-04:00,32.2400016784668,32.2400016784668,32.099998474121094,32.19599914550781,9800,0.0,0.0,0.0
2020-09-03 00:00:00-04:00,32.06999969482422,32.178001403808594,31.700000762939453,31.790000915527344,39800,0.0,0.0,0.0
2020-09-04 00:00:00-04:00,31.58099937438965,31.948999404907227,31.58099937438965,31.937999725341797,40600,0.0,0.0,0.0
2020-09-08 00:00:00-04:00,31.809999465942383,31.809999465942383,31.613000869750977,31.676000595092773,5500,0.0,0.0,0.0
2020-09-09 00:00:00-04:00,31.68000030517578,32.220001220703125,31.68000030517578,31.895000457763672,12000,0.0,0.0,0.0
2020-09-10 00:00:00-04:00,31.920000076293945,31.920000076293945,31.649999618530273,31.700000762939453,17600,0.0,0.0,0.0
2020-09-11 00:00:00-04:00,31.700000762939453,31.81999969482422,31.579999923706055,31.742000579833984,17200,0.0,0.0,0.0
2020-09-14 00:00:00-04:00,31.940000534057617,31.958999633789062,31.719999313354492,31.834999084472656,62900,0.0,0.0,0.0
2020-09-15 00:00:00-04:00,31.969999313354492,31.979999542236328,31.738000869750977,31.79199981689453,10700,0.0,0.0,0.0
2020-09-16 00:00:00-04:00,31.860000610351562,31.8799991607666,31.799999237060547,31.83300018310547,1800,0.0,0.0,0.0
2020-09-17 00:00:00-04:00,31.56999969482422,31.857999801635742,31.565000534057617,31.722000122070312,11400,0.0,0.0,0.0
2020-09-18 00:00:00-04:00,31.777999877929688,31.777999877929688,31.55500030517578,31.62299919128418,5900,0.0,0.0,0.0
2020-09-21 00:00:00-04:00,31.299999237060547,31.451000213623047,31.239999771118164,31.451000213623047,16000,0.0,0.0,0.0
2020-09-22 00:00:00-04:00,31.549999237060547,31.639999389648438,31.389999389648438,31.639999389648438,9700,0.0,0.0,0.0
2020-09-23 00:00:00-04:00,31.520000457763672,31.739999771118164,31.270999908447266,31.27400016784668,14200,0.0,0.0,0.0
2020-09-24 00:00:00-04:00,31.139999389648438,31.42099952697754,31.139999389648438,31.270000457763672,198200,0.0,0.0,0.0
2020-09-25 00:00:00-04:00,31.18000030517578,31.554000854492188,31.18000030517578,31.554000854492188,11200,0.0,0.0,0.0
2020-09-28 00:00:00-04:00,31.625,31.746000289916992,31.479999542236328,31.56999969482422,35800,0.0,0.0,0.0
2020-09-29 00:00:00-04:00,31.729999542236328,31.729999542236328,31.59000015258789,31.684999465942383,10600,0.0,0.0,0.0
2020-09-30 00:00:00-04:00,31.6200008392334,31.8799991607666,31.6200008392334,31.80900001525879,12900,0.0,0.0,0.0
2020-10-01 00:00:00-04:00,31.875,31.940000534057617,31.709999084472656,31.834999084472656,18300,0.0,0.0,0.0
2020-10-02 00:00:00-04:00,31.809999465942383,31.809999465942383,31.6200008392334,31.73900032043457,17600,0.0,0.0,0.0
2020-10-05 00:00:00-04:00,31.65999984741211,31.93899917602539,31.65999984741211,31.91900062561035,7900,0.0,0.0,0.0
2020-10-06 00:00:00-04:00,31.860000610351562,31.94499969482422,31.729999542236328,31.785999298095703,13400,0.0,0.0,0.0
2020-10-07 00:00:00-04:00,31.84000015258789,32.00699996948242,31.84000015258789,31.98900032043457,24400,0.0,0.0,0.0
2020-10-08 00:00:00-04:00,31.979999542236328,32.0989990234375,31.979999542236328,32.09600067138672,11900,0.0,0.0,0.0
2020-10-09 00:00:00-04:00,32.099998474121094,32.2599983215332,32.099998474121094,32.18000030517578,15200,0.0,0.0,0.0
2020-10-12 00:00:00-04:00,32.33000183105469,32.41999816894531,32.279998779296875,32.362998962402344,9700,0.0,0.0,0.0
2020-10-13 00:00:00-04:00,32.29999923706055,32.369998931884766,32.220001220703125,32.308998107910156,3700,0.0,0.0,0.0
2020-10-14 00:00:00-04:00,32.26499938964844,32.33000183105469,32.220001220703125,32.26100158691406,3800,0.0,0.0,0.0
2020-10-15 00:00:00-04:00,32.16899871826172,32.24300003051758,32.099998474121094,32.23099899291992,54600,0.0,0.0,0.0
2020-10-16 00:00:00-04:00,32.220001220703125,32.32099914550781,32.15999984741211,32.244998931884766,11600,0.0,0.0,0.0
2020-10-19 00:00:00-04:00,32.20000076293945,32.268001556396484,32.02000045776367,32.025001525878906,8400,0.0,0.0,0.0
2020-10-20 00:00:00-04:00,32.11000061035156,32.31999969482422,32.06999969482422,32.09000015258789,9600,0.0,0.0,0.0
2020-10-21 00:00:00-04:00,32.150001525878906,32.17900085449219,32.04999923706055,32.15800094604492,33400,0.0,0.0,0.0
2020-10-22 00:00:00-04:00,32.17100143432617,32.25,32.0620002746582,32.198001861572266,21800,0.0,0.0,0.0
2020-10-23 00:00:00-04:00,32.150001525878906,32.24399948120117,32.150001525878906,32.24399948120117,2100,0.0,0.0,0.0
2020-10-26 00:00:00-04:00,32.17499923706055,32.17499923706055,31.899999618530273,31.950000762939453,6100,0.0,0.0,0.0
2020-10-27 00:00:00-04:00,31.950000762939453,32.060001373291016,31.950000762939453,32.060001373291016,14400,0.0,0.0,0.0
2020-10-28 00:00:00-04:00,31.610000610351562,31.764999389648438,31.450000762939453,31.45599937438965,19000,0.0,0.0,0.0
2020-10-29 00:00:00-04:00,31.540000915527344,31.764999389648438,31.540000915527344,31.719999313354492,3600,0.0,0.0,0.0
2020-10-30 00:00:00-04:00,31.690000534057617,31.71299934387207,31.34000015258789,31.459999084472656,51600,0.0,0.0,0.0
2020-11-02 00:00:00-05:00,31.670000076293945,31.760000228881836,31.530000686645508,31.677000045776367,81800,0.0,0.0,0.0
2020-11-03 00:00:00-05:00,31.91699981689453,32.1150016784668,31.889999389648438,31.993000030517578,12500,0.0,0.0,0.0
2020-11-04 00:00:00-05:00,32.415000915527344,32.47999954223633,32.30699920654297,32.30699920654297,8600,0.0,0.0,0.0
2020-11-05 00:00:00-05:00,32.40999984741211,32.59000015258789,32.40999984741211,32.45500183105469,41300,0.0,0.0,0.0
2020-11-06 00:00:00-05:00,32.38999938964844,32.573001861572266,32.38999938964844,32.573001861572266,13200,0.0,0.0,0.0
2020-11-09 00:00:00-05:00,32.779998779296875,32.779998779296875,32.630001068115234,32.67100143432617,162200,0.0,0.0,0.0
2020-11-10 00:00:00-05:00,32.58000183105469,32.720001220703125,32.58000183105469,32.680999755859375,21700,0.0,0.0,0.0
2020-11-11 00:00:00-05:00,32.59000015258789,32.74599838256836,32.5099983215332,32.7130012512207,347500,0.0,0.0,0.0
2020-11-12 00:00:00-05:00,32.630001068115234,32.749000549316406,32.61000061035156,32.667999267578125,7800,0.0,0.0,0.0
2020-11-13 00:00:00-05:00,32.77000045776367,32.77000045776367,32.6609992980957,32.7140007019043,63000,0.0,0.0,0.0
2020-11-16 00:00:00-05:00,32.77000045776367,32.77000045776367,32.709999084472656,32.720001220703125,13300,0.0,0.0,0.0
2020-11-17 00:00:00-05:00,32.720001220703125,32.790000915527344,32.720001220703125,32.72999954223633,78600,0.0,0.0,0.0
2020-11-18 00:00:00-05:00,32.709999084472656,32.81999969482422,32.709999084472656,32.72999954223633,113300,0.0,0.0,0.0
2020-11-19 00:00:00-05:00,32.93000030517578,32.93000030517578,32.72999954223633,32.88999938964844,251900,0.0,0.0,0.0
2020-11-20 00:00:00-05:00,32.939998626708984,32.939998626708984,32.72999954223633,32.814998626708984,273100,0.0,0.0,0.0
2020-11-23 00:00:00-05:00,32.970001220703125,32.970001220703125,32.689998626708984,32.8129997253418,147700,0.0,0.0,0.0
2020-11-24 00:00:00-05:00,33.029998779296875,33.11000061035156,32.84000015258789,33.04999923706055,424000,0.0,0.0,0.0
2020-11-25 00:00:00-05:00,32.900001525878906,33.0880012512207,32.900001525878906,33.060001373291016,148500,0.0,0.0,0.0
2020-11-27 00:00:00-05:00,32.97999954223633,33.119998931884766,32.97999954223633,33.060001373291016,2300,0.0,0.0,0.0
2020-11-30 00:00:00-05:00,33.16999816894531,33.16999816894531,32.779998779296875,32.9900016784668,66300,0.0,0.0,0.0
2020-12-01 00:00:00-05:00,33.34000015258789,33.34000015258789,33.029998779296875,33.13999938964844,48700,0.0,0.0,0.0
2020-12-02 00:00:00-05:00,33.02000045776367,33.20000076293945,33.02000045776367,33.130001068115234,27000,0.0,0.0,0.0
2020-12-03 00:00:00-05:00,33.13999938964844,33.2400016784668,33.099998474121094,33.15999984741211,38000,0.0,0.0,0.0
2020-12-04 00:00:00-05:00,33.220001220703125,33.279998779296875,33.167999267578125,33.279998779296875,37700,0.0,0.0,0.0
2020-12-07 00:00:00-05:00,33.369998931884766,33.369998931884766,33.11000061035156,33.19200134277344,14500,0.0,0.0,0.0
2020-12-08 00:00:00-05:00,33.279998779296875,33.29999923706055,33.04999923706055,33.23699951171875,14900,0.0,0.0,0.0
2020-12-09 00:00:00-05:00,33.31999969482422,33.31999969482422,32.9900016784668,33.11000061035156,42600,0.0,0.0,0.0
2020-12-10 00:00:00-05:00,33.22999954223633,33.22999954223633,33.08000183105469,33.09000015258789,15800,0.0,0.0,0.0
2020-12-11 00:00:00-05:00,33.16999816894531,33.16999816894531,32.95500183105469,33.15999984741211,34200,0.0,0.0,0.0
2020-12-14 00:00:00-05:00,33.15999984741211,33.56999969482422,33.0,33.08000183105469,44400,0.0,0.0,0.0
2020-12-15 00:00:00-05:00,33.099998474121094,33.25,33.099998474121094,33.25,16100,0.0,0.0,0.0
2020-12-16 00:00:00-05:00,33.33000183105469,33.33000183105469,33.15299987792969,33.2400016784668,20600,0.0,0.0,0.0
2020-12-17 00:00:00-05:00,33.25600051879883,33.34000015258789,33.224998474121094,33.290000915527344,18400,0.0,0.0,0.0
2020-12-18 00:00:00-05:00,33.25,33.35100173950195,33.111000061035156,33.189998626708984,57600,0.0,0.0,0.0
2020-12-21 00:00:00-05:00,33.05099868774414,33.20600128173828,32.93000030517578,33.119998931884766,35300,0.0,0.0,0.0
2020-12-22 00:00:00-05:00,33.290000915527344,33.290000915527344,33.08000183105469,33.14500045776367,8700,0.0,0.0,0.0
2020-12-23 00:00:00-05:00,33.185001373291016,33.33000183105469,33.10499954223633,33.25,26300,0.0,0.0,0.0
2020-12-24 00:00:00-05:00,33.290000915527344,33.29999923706055,33.18000030517578,33.290000915527344,9300,0.0,0.0,0.0
2020-12-28 00:00:00-05:00,33.284000396728516,33.400001525878906,33.27299880981445,33.380001068115234,3900,0.0,0.0,0.0
2020-12-29 00:00:00-05:00,33.52000045776367,33.52000045776367,33.119998931884766,33.16999816894531,3000,0.0,0.0,0.0
2020-12-30 00:00:00-05:00,33.38999938964844,33.40999984741211,33.22800064086914,33.369998931884766,34300,0.0,0.0,0.0
2020-12-31 00:00:00-05:00,33.45000076293945,33.65999984741211,33.25,33.310001373291016,4300,0.0,0.0,0.0
2021-01-04 00:00:00-05:00,33.29999923706055,33.4630012512207,33.03799819946289,33.279998779296875,36300,0.0,0.0,0.0
2021-01-05 00:00:00-05:00,33.16600036621094,33.40999984741211,33.119998931884766,33.380001068115234,39800,0.0,0.0,0.0
2021-01-06 00:00:00-05:00,33.439998626708984,33.45000076293945,33.262001037597656,33.33000183105469,16900,0.0,0.0,0.0
2021-01-07 00:00:00-05:00,33.439998626708984,33.599998474121094,33.34199905395508,33.5099983215332,12400,0.0,0.0,0.0
2021-01-08 00:00:00-05:00,33.36800003051758,33.5099983215332,33.33000183105469,33.470001220703125,19000,0.0,0.0,0.0
2021-01-11 00:00:00-05:00,33.56999969482422,33.56999969482422,33.27000045776367,33.36899948120117,7700,0.0,0.0,0.0
2021-01-12 00:00:00-05:00,33.415000915527344,33.4900016784668,33.37699890136719,33.47999954223633,42600,0.0,0.0,0.0
2021-01-13 00:00:00-05:00,33.33000183105469,33.560001373291016,33.33000183105469,33.5,20600,0.0,0.0,0.0
2021-01-14 00:00:00-05:00,33.529998779296875,33.529998779296875,33.36600112915039,33.459999084472656,6600,0.0,0.0,0.0
2021-01-15 00:00:00-05:00,33.38600158691406,33.470001220703125,33.27000045776367,33.380001068115234,12900,0.0,0.0,0.0
2021-01-19 00:00:00-05:00,33.290000915527344,33.470001220703125,33.290000915527344,33.41999816894531,13400,0.0,0.0,0.0
2021-01-20 00:00:00-05:00,33.47999954223633,33.6349983215332,33.470001220703125,33.599998474121094,22800,0.0,0.0,0.0
2021-01-21 00:00:00-05:00,33.66999816894531,33.66999816894531,33.483001708984375,33.5,7700,0.0,0.0,0.0
2021-01-22 00:00:00-05:00,33.61000061035156,33.61000061035156,33.43000030517578,33.48500061035156,25800,0.0,0.0,0.0
2021-01-25 00:00:00-05:00,33.63999938964844,33.63999938964844,32.97999954223633,33.61000061035156,18500,0.0,0.0,0.0
2021-01-26 00:00:00-05:00,33.4900016784668,33.58000183105469,33.439998626708984,33.540000915527344,10100,0.0,0.0,0.0
2021-01-27 00:00:00-05:00,33.38100051879883,33.41999816894531,33.13999938964844,33.15999984741211,10600,0.0,0.0,0.0
2021-01-28 00:00:00-05:00,33.2400016784668,33.380001068115234,33.18299865722656,33.2400016784668,241300,0.0,0.0,0.0
2021-01-29 00:00:00-05:00,33.040000915527344,33.220001220703125,32.994998931884766,33.11000061035156,12400,0.0,0.0,0.0
2021-02-01 00:00:00-05:00,33.20500183105469,33.2869987487793,33.20500183105469,33.2869987487793,6200,0.0,0.0,0.0
2021-02-02 00:00:00-05:00,33.2599983215332,33.42399978637695,33.2599983215332,33.33000183105469,19400,0.0,0.0,0.0
2021-02-03 00:00:00-05:00,33.43000030517578,33.43299865722656,33.38800048828125,33.41999816894531,6200,0.0,0.0,0.0
2021-02-04 00:00:00-05:00,33.38999938964844,33.52000045776367,33.38999938964844,33.5,8000,0.0,0.0,0.0
2021-02-05 00:00:00-05:00,33.619998931884766,33.619998931884766,33.5,33.55799865722656,15900,0.0,0.0,0.0
2021-02-08 00:00:00-05:00,33.63999938964844,33.779998779296875,33.54999923706055,33.65999984741211,6000,0.0,0.0,0.0
2021-02-09 00:00:00-05:00,33.6349983215332,33.66899871826172,33.58000183105469,33.6349983215332,3700,0.0,0.0,0.0
2021-02-10 00:00:00-05:00,33.7599983215332,33.7599983215332,33.529998779296875,33.58700180053711,21500,0.0,0.0,0.0
2021-02-11 00:00:00-05:00,33.560001373291016,33.60499954223633,33.540000915527344,33.577999114990234,14400,0.0,0.0,0.0
2021-02-12 00:00:00-05:00,33.63999938964844,33.67100143432617,33.63999938964844,33.6609992980957,3700,0.0,0.0,0.0
2021-02-16 00:00:00-05:00,33.70500183105469,33.7400016784668,33.59299850463867,33.6349983215332,5600,0.0,0.0,0.0
2021-02-17 00:00:00-05:00,33.4900016784668,33.61000061035156,33.4900016784668,33.59000015258789,5700,0.0,0.0,0.0
2021-02-18 00:00:00-05:00,33.54999923706055,33.5880012512207,33.5099983215332,33.56999969482422,6000,0.0,0.0,0.0
2021-02-19 00:00:00-05:00,33.630001068115234,33.630001068115234,33.560001373291016,33.5890007019043,5900,0.0,0.0,0.0
2021-02-22 00:00:00-05:00,33.70000076293945,33.70000076293945,33.474998474121094,33.54100036621094,5800,0.0,0.0,0.0
2021-02-23 00:00:00-05:00,33.470001220703125,33.599998474121094,33.470001220703125,33.58599853515625,1600,0.0,0.0,0.0
2021-02-24 00:00:00-05:00,33.53499984741211,33.70000076293945,33.53499984741211,33.694000244140625,9000,0.0,0.0,0.0
2021-02-25 00:00:00-05:00,33.58000183105469,33.689998626708984,33.380001068115234,33.38600158691406,10700,0.0,0.0,0.0
2021-02-26 00:00:00-05:00,33.38999938964844,33.44200134277344,33.34000015258789,33.44200134277344,2600,0.0,0.0,0.0
2021-03-01 00:00:00-05:00,33.47999954223633,33.650001525878906,33.47999954223633,33.599998474121094,20600,0.0,0.0,0.0
2021-03-02 00:00:00-05:00,33.599998474121094,33.70000076293945,33.59400177001953,33.59400177001953,4100,0.0,0.0,0.0
2021-03-03 00:00:00-05:00,33.5099983215332,33.617000579833984,33.46799850463867,33.46799850463867,16100,0.0,0.0,0.0
2021-03-04 00:00:00-05:00,33.470001220703125,33.470001220703125,33.22999954223633,33.30799865722656,6600,0.0,0.0,0.0
2021-03-05 00:00:00-05:00,33.34000015258789,33.569000244140625,33.24100112915039,33.54899978637695,5300,0.0,0.0,0.0
2021-03-08 00:00:00-05:00,33.5890007019043,33.70000076293945,33.520999908447266,33.52799987792969,15400,0.0,0.0,0.0
2021-03-09 00:00:00-05:00,33.650001525878906,33.709999084472656,33.61600112915039,33.61600112915039,3000,0.0,0.0,0.0
2021-03-10 00:00:00-05:00,33.63999938964844,33.70000076293945,33.63999938964844,33.6609992980957,20400,0.0,0.0,0.0
2021-03-11 00:00:00-05:00,33.810001373291016,33.86000061035156,33.72999954223633,33.77000045776367,12700,0.0,0.0,0.0
2021-03-12 00:00:00-05:00,33.79999923706055,33.84000015258789,33.70000076293945,33.790000915527344,7200,0.0,0.0,0.0
2021-03-15 00:00:00-04:00,33.83000183105469,33.880001068115234,33.77000045776367,33.86399841308594,8200,0.0,0.0,0.0
2021-03-16 00:00:00-04:00,33.939998626708984,33.939998626708984,33.81999969482422,33.85900115966797,1600,0.0,0.0,0.0
2021-03-17 00:00:00-04:00,33.777000427246094,33.902000427246094,33.777000427246094,33.902000427246094,1800,0.0,0.0,0.0
2021-03-18 00:00:00-04:00,33.821998596191406,33.821998596191406,33.779998779296875,33.779998779296875,600,0.0,0.0,0.0
2021-03-19 00:00:00-04:00,33.847999572753906,33.847999572753906,33.7599983215332,33.79999923706055,1200,0.0,0.0,0.0
2021-03-22 00:00:00-04:00,33.72999954223633,33.959999084472656,33.72999954223633,33.9010009765625,6100,0.0,0.0,0.0
2021-03-23 00:00:00-04:00,33.93000030517578,33.959999084472656,33.83300018310547,33.83300018310547,3500,0.0,0.0,0.0
2021-03-24 00:00:00-04:00,33.959999084472656,33.970001220703125,33.80500030517578,33.80500030517578,2900,0.0,0.0,0.0
2021-03-25 00:00:00-04:00,33.79999923706055,33.87099838256836,33.7400016784668,33.87099838256836,8200,0.0,0.0,0.0
2021-03-26 00:00:00-04:00,33.88999938964844,34.0099983215332,33.86199951171875,34.0099983215332,2200,0.0,0.0,0.0
2021-03-29 00:00:00-04:00,33.91999816894531,33.986000061035156,33.91999816894531,33.986000061035156,2200,0.0,0.0,0.0
2021-03-30 00:00:00-04:00,33.999000549316406,33.999000549316406,33.999000549316406,33.999000549316406,1000,0.0,0.0,0.0
2021-03-31 00:00:00-04:00,33.9900016784668,34.064998626708984,33.9900016784668,34.064998626708984,8400,0.0,0.0,0.0
2021-04-01 00:00:00-04:00,34.17300033569336,34.20000076293945,34.051998138427734,34.165000915527344,6100,0.0,0.0,0.0
2021-04-05 00:00:00-04:00,34.25400161743164,34.25400161743164,34.198001861572266,34.198001861572266,300,0.0,0.0,0.0
2021-04-06 00:00:00-04:00,34.189998626708984,34.2400016784668,34.17499923706055,34.17499923706055,3100,0.0,0.0,0.0
2021-04-07 00:00:00-04:00,34.2400016784668,34.25,34.18000030517578,34.24599838256836,29400,0.0,0.0,0.0
2021-04-08 00:00:00-04:00,34.20000076293945,34.27000045776367,34.20000076293945,34.26300048828125,40300,0.0,0.0,0.0
2021-04-09 00:00:00-04:00,34.209999084472656,34.33399963378906,34.20000076293945,34.28799819946289,4000,0.0,0.0,0.0
2021-04-12 00:00:00-04:00,34.25,34.349998474121094,34.23400115966797,34.292999267578125,5100,0.0,0.0,0.0
2021-04-13 00:00:00-04:00,34.30500030517578,34.369998931884766,34.26100158691406,34.314998626708984,2500,0.0,0.0,0.0
2021-04-14 00:00:00-04:00,34.314998626708984,34.34000015258789,34.2400016784668,34.34000015258789,5300,0.0,0.0,0.0
2021-04-15 00:00:00-04:00,34.38999938964844,34.40999984741211,34.301998138427734,34.3650016784668,18100,0.0,0.0,0.0
2021-04-16 00:00:00-04:00,34.33000183105469,34.40999984741211,34.31999969482422,34.37300109863281,5200,0.0,0.0,0.0
2021-04-19 00:00:00-04:00,34.38199996948242,34.38199996948242,34.2599983215332,34.35900115966797,9200,0.0,0.0,0.0
2021-04-20 00:00:00-04:00,34.334999084472656,34.334999084472656,34.2400016784668,34.27000045776367,1900,0.0,0.0,0.0
2021-04-21 00:00:00-04:00,34.31800079345703,34.361000061035156,34.2599983215332,34.349998474121094,5100,0.0,0.0,0.0
2021-04-22 00:00:00-04:00,34.439998626708984,34.45000076293945,34.29999923706055,34.349998474121094,5100,0.0,0.0,0.0
2021-04-23 00:00:00-04:00,34.349998474121094,34.36000061035156,34.29100036621094,34.36000061035156,2600,0.0,0.0,0.0
2021-04-26 00:00:00-04:00,34.340999603271484,34.375,34.31100082397461,34.374000549316406,1300,0.0,0.0,0.0
2021-04-27 00:00:00-04:00,34.358001708984375,34.380001068115234,34.30099868774414,34.375,6900,0.0,0.0,0.0
2021-04-28 00:00:00-04:00,34.33000183105469,34.40999984741211,34.323001861572266,34.3849983215332,4000,0.0,0.0,0.0
2021-04-29 00:00:00-04:00,34.33100128173828,34.43000030517578,34.32500076293945,34.395999908447266,12700,0.0,0.0,0.0
2021-04-30 00:00:00-04:00,34.34000015258789,34.404998779296875,34.30099868774414,34.310001373291016,21100,0.0,0.0,0.0
2021-05-03 00:00:00-04:00,34.36000061035156,34.430999755859375,34.33000183105469,34.39099884033203,12200,0.0,0.0,0.0
2021-05-04 00:00:00-04:00,34.310001373291016,34.369998931884766,34.2400016784668,34.303001403808594,4200,0.0,0.0,0.0
2021-05-05 00:00:00-04:00,34.31999969482422,34.45000076293945,34.29999923706055,34.369998931884766,2900,0.0,0.0,0.0
2021-05-06 00:00:00-04:00,34.380001068115234,34.47800064086914,34.29399871826172,34.38999938964844,4400,0.0,0.0,0.0
2021-05-07 00:00:00-04:00,34.470001220703125,34.558998107910156,34.40999984741211,34.470001220703125,43700,0.0,0.0,0.0
2021-05-10 00:00:00-04:00,34.619998931884766,34.619998931884766,34.354000091552734,34.42900085449219,11000,0.0,0.0,0.0
2021-05-11 00:00:00-04:00,34.22999954223633,34.40399932861328,34.220001220703125,34.33599853515625,105200,0.0,0.0,0.0
2021-05-12 00:00:00-04:00,34.279998779296875,34.279998779296875,34.08000183105469,34.09000015258789,5600,0.0,0.0,0.0
2021-05-13 00:00:00-04:00,34.040000915527344,34.27899932861328,34.040000915527344,34.257999420166016,3100,0.0,0.0,0.0
2021-05-14 00:00:00-04:00,34.380001068115234,34.45000076293945,34.29999923706055,34.415000915527344,25300,0.0,0.0,0.0
2021-05-17 00:00:00-04:00,34.42900085449219,34.439998626708984,34.2599983215332,34.36000061035156,3600,0.0,0.0,0.0
2021-05-18 00:00:00-04:00,34.29999923706055,34.459999084472656,34.25,34.32899856567383,11800,0.0,0.0,0.0
2021-05-19 00:00:00-04:00,34.29999923706055,34.31999969482422,34.06999969482422,34.231998443603516,7800,0.0,0.0,0.0
2021-05-20 00:00:00-04:00,34.32500076293945,34.400001525878906,34.290000915527344,34.33000183105469,6200,0.0,0.0,0.0
2021-05-21 00:00:00-04:00,34.5099983215332,34.5099983215332,34.29999923706055,34.38999938964844,13100,0.0,0.0,0.0
2021-05-24 00:00:00-04:00,34.310001373291016,34.540000915527344,34.310001373291016,34.47999954223633,4700,0.0,0.0,0.0
2021-05-25 00:00:00-04:00,34.400001525878906,34.558998107910156,34.369998931884766,34.52000045776367,9600,0.0,0.0,0.0
2021-05-26 00:00:00-04:00,34.37099838256836,34.474998474121094,34.37099838256836,34.474998474121094,1300,0.0,0.0,0.0
2021-05-27 00:00:00-04:00,34.45000076293945,34.54199981689453,34.43199920654297,34.505001068115234,1500,0.0,0.0,0.0
2021-05-28 00:00:00-04:00,34.54999923706055,34.63999938964844,34.4900016784668,34.55500030517578,51300,0.0,0.0,0.0
2021-06-01 00:00:00-04:00,34.4900016784668,34.54999923706055,34.43000030517578,34.43000030517578,43900,0.0,0.0,0.0
2021-06-02 00:00:00-04:00,34.540000915527344,34.61000061035156,34.45000076293945,34.47999954223633,49500,0.0,0.0,0.0
2021-06-03 00:00:00-04:00,34.37200164794922,34.608001708984375,34.37200164794922,34.599998474121094,4100,0.0,0.0,0.0
2021-06-04 00:00:00-04:00,34.459999084472656,34.59600067138672,34.459999084472656,34.59600067138672,4800,0.0,0.0,0.0
2021-06-07 00:00:00-04:00,34.63999938964844,34.652000427246094,34.474998474121094,34.595001220703125,6500,0.0,0.0,0.0
2021-06-08 00:00:00-04:00,34.513999938964844,34.683998107910156,34.4900016784668,34.584999084472656,12900,0.0,0.0,0.0
2021-06-09 00:00:00-04:00,34.5099983215332,34.67599868774414,34.465999603271484,34.650001525878906,3500,0.0,0.0,0.0
2021-06-10 00:00:00-04:00,34.584999084472656,34.66999816894531,34.50199890136719,34.595001220703125,19400,0.0,0.0,0.0
2021-06-11 00:00:00-04:00,34.52000045776367,34.709999084472656,34.52000045776367,34.6349983215332,14700,0.0,0.0,0.0
2021-06-14 00:00:00-04:00,34.619998931884766,34.70000076293945,34.529998779296875,34.70000076293945,3300,0.0,0.0,0.0
2021-06-15 00:00:00-04:00,34.6150016784668,34.689998626708984,34.54999923706055,34.61000061035156,2200,0.0,0.0,0.0
2021-06-16 00:00:00-04:00,34.65999984741211,34.65999984741211,34.52000045776367,34.560001373291016,5300,0.0,0.0,0.0
2021-06-17 00:00:00-04:00,34.5,34.68000030517578,34.5,34.68000030517578,11800,0.0,0.0,0.0
2021-06-18 00:00:00-04:00,34.59000015258789,34.599998474121094,34.400001525878906,34.50400161743164,13100,0.0,0.0,0.0
2021-06-21 00:00:00-04:00,34.58000183105469,34.66999816894531,34.470001220703125,34.66999816894531,18700,0.0,0.0,0.0
2021-06-22 00:00:00-04:00,34.595001220703125,34.71799850463867,34.54999923706055,34.709999084472656,7200,0.0,0.0,0.0
2021-06-23 00:00:00-04:00,34.650001525878906,34.75,34.560001373291016,34.75,19900,0.0,0.0,0.0
2021-06-24 00:00:00-04:00,34.59000015258789,34.7599983215332,34.59000015258789,34.7599983215332,5200,0.0,0.0,0.0
2021-06-25 00:00:00-04:00,34.56999969482422,34.779998779296875,34.56999969482422,34.75,13000,0.0,0.0,0.0
2021-06-28 00:00:00-04:00,34.78900146484375,34.790000915527344,34.61000061035156,34.779998779296875,8900,0.0,0.0,0.0
2021-06-29 00:00:00-04:00,34.650001525878906,34.79999923706055,34.63999938964844,34.79999923706055,31100,0.0,0.0,0.0
2021-06-30 00:00:00-04:00,34.62200164794922,34.724998474121094,34.62200164794922,34.63999938964844,5800,0.0,0.0,0.0
2021-07-01 00:00:00-04:00,34.630001068115234,34.77000045776367,34.630001068115234,34.73500061035156,7700,0.0,0.0,0.0
2021-07-02 00:00:00-04:00,34.819000244140625,34.819000244140625,34.70000076293945,34.779998779296875,900,0.0,0.0,0.0
2021-07-06 00:00:00-04:00,34.775001525878906,34.775001525878906,34.650001525878906,34.7599983215332,1100,0.0,0.0,0.0
2021-07-07 00:00:00-04:00,34.75,34.77000045776367,34.65999984741211,34.76900100708008,6100,0.0,0.0,0.0
2021-07-08 00:00:00-04:00,34.630001068115234,34.810001373291016,34.619998931884766,34.70100021362305,22800,0.0,0.0,0.0
2021-07-09 00:00:00-04:00,34.689998626708984,34.78499984741211,34.68000030517578,34.78499984741211,20000,0.0,0.0,0.0
2021-07-12 00:00:00-04:00,34.689998626708984,34.790000915527344,34.689998626708984,34.790000915527344,4100,0.0,0.0,0.0
2021-07-13 00:00:00-04:00,34.7400016784668,34.849998474121094,34.68000030517578,34.779998779296875,7000,0.0,0.0,0.0
2021-07-14 00:00:00-04:00,34.71699905395508,34.775001525878906,34.71699905395508,34.775001525878906,600,0.0,0.0,0.0
2021-07-15 00:00:00-04:00,34.75,34.849998474121094,34.650001525878906,34.7599983215332,15600,0.0,0.0,0.0
2021-07-16 00:00:00-04:00,34.82699966430664,34.849998474121094,34.641998291015625,34.720001220703125,11400,0.0,0.0,0.0
2021-07-19 00:00:00-04:00,34.52000045776367,34.65999984741211,34.4900016784668,34.58000183105469,14500,0.0,0.0,0.0
2021-07-20 00:00:00-04:00,34.59000015258789,34.70500183105469,34.58000183105469,34.702999114990234,10400,0.0,0.0,0.0
2021-07-21 00:00:00-04:00,34.790000915527344,34.79999923706055,34.641998291015625,34.66999816894531,10800,0.0,0.0,0.0
2021-07-22 00:00:00-04:00,34.810001373291016,34.810001373291016,34.65999984741211,34.75,9000,0.0,0.0,0.0
2021-07-23 00:00:00-04:00,34.849998474121094,34.86000061035156,34.71200180053711,34.72999954223633,10500,0.0,0.0,0.0
2021-07-26 00:00:00-04:00,34.720001220703125,34.869998931884766,34.70000076293945,34.810001373291016,12100,0.0,0.0,0.0
2021-07-27 00:00:00-04:00,34.689998626708984,34.84000015258789,34.66999816894531,34.77000045776367,12300,0.0,0.0,0.0
2021-07-28 00:00:00-04:00,34.70000076293945,34.84000015258789,34.689998626708984,34.84000015258789,7300,0.0,0.0,0.0
2021-07-29 00:00:00-04:00,34.810001373291016,34.89699935913086,34.7400016784668,34.880001068115234,22600,0.0,0.0,0.0
2021-07-30 00:00:00-04:00,34.720001220703125,34.86000061035156,34.71500015258789,34.775001525878906,6900,0.0,0.0,0.0
2021-08-02 00:00:00-04:00,34.7400016784668,34.849998474121094,34.709999084472656,34.709999084472656,7000,0.0,0.0,0.0
2021-08-03 00:00:00-04:00,34.70500183105469,34.8849983215332,34.70000076293945,34.810001373291016,18200,0.0,0.0,0.0
2021-08-04 00:00:00-04:00,34.84000015258789,34.89799880981445,34.72999954223633,34.81999969482422,16600,0.0,0.0,0.0
2021-08-05 00:00:00-04:00,34.86899948120117,34.86899948120117,34.750999450683594,34.775001525878906,13400,0.0,0.0,0.0
2021-08-06 00:00:00-04:00,34.75,34.810001373291016,34.75,34.779998779296875,22100,0.0,0.0,0.0
2021-08-09 00:00:00-04:00,34.779998779296875,34.85499954223633,34.77000045776367,34.85499954223633,2800,0.0,0.0,0.0
2021-08-10 00:00:00-04:00,34.77000045776367,34.89899826049805,34.77000045776367,34.779998779296875,15600,0.0,0.0,0.0
2021-08-11 00:00:00-04:00,34.869998931884766,34.880001068115234,34.779998779296875,34.79999923706055,21600,0.0,0.0,0.0
2021-08-12 00:00:00-04:00,34.81100082397461,34.91899871826172,34.79999923706055,34.89500045776367,37000,0.0,0.0,0.0
2021-08-13 00:00:00-04:00,34.915000915527344,34.94900131225586,34.84000015258789,34.90999984741211,4000,0.0,0.0,0.0
2021-08-16 00:00:00-04:00,34.81100082397461,34.904998779296875,34.79999923706055,34.83000183105469,17700,0.0,0.0,0.0
2021-08-17 00:00:00-04:00,34.82099914550781,34.97800064086914,34.790000915527344,34.790000915527344,18500,0.0,0.0,0.0
2021-08-18 00:00:00-04:00,34.88999938964844,34.88999938964844,34.7599983215332,34.7599983215332,17000,0.0,0.0,0.0
2021-08-19 00:00:00-04:00,34.75,34.869998931884766,34.720001220703125,34.869998931884766,29700,0.0,0.0,0.0
2021-08-20 00:00:00-04:00,34.76100158691406,34.8650016784668,34.7599983215332,34.79999923706055,12200,0.0,0.0,0.0
2021-08-23 00:00:00-04:00,34.810001373291016,34.939998626708984,34.810001373291016,34.84000015258789,8600,0.0,0.0,0.0
2021-08-24 00:00:00-04:00,34.95899963378906,34.95899963378906,34.84000015258789,34.84000015258789,101200,0.0,0.0,0.0
2021-08-25 00:00:00-04:00,34.86000061035156,34.939998626708984,34.849998474121094,34.849998474121094,12900,0.0,0.0,0.0
2021-08-26 00:00:00-04:00,34.861000061035156,35.00600051879883,34.861000061035156,34.93000030517578,3900,0.0,0.0,0.0
2021-08-27 00:00:00-04:00,34.939998626708984,34.96500015258789,34.82500076293945,34.96500015258789,13200,0.0,0.0,0.0
2021-08-30 00:00:00-04:00,34.869998931884766,35.040000915527344,34.869998931884766,34.97999954223633,5300,0.0,0.0,0.0
2021-08-31 00:00:00-04:00,35.040000915527344,35.04999923706055,34.880001068115234,34.880001068115234,11000,0.0,0.0,0.0
2021-09-01 00:00:00-04:00,35.119998931884766,35.119998931884766,34.880001068115234,34.939998626708984,10000,0.0,0.0,0.0
2021-09-02 00:00:00-04:00,34.91999816894531,35.02899932861328,34.90999984741211,34.90999984741211,65900,0.0,0.0,0.0
2021-09-03 00:00:00-04:00,34.95000076293945,35.0099983215332,34.939998626708984,34.939998626708984,9500,0.0,0.0,0.0
2021-09-07 00:00:00-04:00,34.939998626708984,34.97999954223633,34.900001525878906,34.970001220703125,18500,0.0,0.0,0.0
2021-09-08 00:00:00-04:00,34.974998474121094,34.974998474121094,34.869998931884766,34.880001068115234,21300,0.0,0.0,0.0
2021-09-09 00:00:00-04:00,34.9900016784668,35.05799865722656,34.880001068115234,34.880001068115234,8400,0.0,0.0,0.0
2021-09-10 00:00:00-04:00,34.88999938964844,34.96200180053711,34.86000061035156,34.869998931884766,8000,0.0,0.0,0.0
2021-09-13 00:00:00-04:00,34.880001068115234,34.92499923706055,34.849998474121094,34.92499923706055,13000,0.0,0.0,0.0
2021-09-14 00:00:00-04:00,35.029998779296875,35.040000915527344,34.869998931884766,34.95000076293945,1500,0.0,0.0,0.0
2021-09-15 00:00:00-04:00,34.959999084472656,35.0099983215332,34.880001068115234,34.97999954223633,4500,0.0,0.0,0.0
2021-09-16 00:00:00-04:00,34.900001525878906,35.01499938964844,34.900001525878906,34.97999954223633,2000,0.0,0.0,0.0
2021-09-17 00:00:00-04:00,34.970001220703125,34.970001220703125,34.88399887084961,34.95000076293945,5400,0.0,0.0,0.0
2021-09-20 00:00:00-04:00,34.82600021362305,34.82600021362305,34.720001220703125,34.81700134277344,7000,0.0,0.0,0.0
2021-09-21 00:00:00-04:00,34.790000915527344,34.922000885009766,34.790000915527344,34.88999938964844,13600,0.0,0.0,0.0
2021-09-22 00:00:00-04:00,34.849998474121094,34.96200180053711,34.849998474121094,34.849998474121094,17400,0.0,0.0,0.0
2021-09-23 00:00:00-04:00,34.90999984741211,35.03200149536133,34.90999984741211,35.0099983215332,10100,0.0,0.0,0.0
2021-09-24 00:00:00-04:00,34.91999816894531,35.0099983215332,34.91999816894531,35.0099983215332,5100,0.0,0.0,0.0
2021-09-27 00:00:00-04:00,34.97100067138672,35.02000045776367,34.93000030517578,35.0099983215332,51200,0.0,0.0,0.0
2021-09-28 00:00:00-04:00,34.91999816894531,34.935001373291016,34.849998474121094,34.935001373291016,3200,0.0,0.0,0.0
2021-09-29 00:00:00-04:00,34.93000030517578,35.02000045776367,34.869998931884766,35.02000045776367,5600,0.0,0.0,0.0
2021-09-30 00:00:00-04:00,34.869998931884766,34.880001068115234,34.83000183105469,34.85499954223633,7400,0.0,0.0,0.0
2021-10-01 00:00:00-04:00,34.915000915527344,34.96900177001953,34.83100128173828,34.91999816894531,4400,0.0,0.0,0.0
2021-10-04 00:00:00-04:00,34.849998474121094,34.99100112915039,34.849998474121094,34.90700149536133,600,0.0,0.0,0.0
2021-10-05 00:00:00-04:00,34.900001525878906,35.029998779296875,34.900001525878906,34.92100143432617,30000,0.0,0.0,0.0
2021-10-06 00:00:00-04:00,34.83000183105469,35.03799819946289,34.83000183105469,34.98500061035156,13300,0.0,0.0,0.0
2021-10-07 00:00:00-04:00,34.95000076293945,35.02000045776367,34.95000076293945,35.02000045776367,1300,0.0,0.0,0.0
2021-10-08 00:00:00-04:00,35.029998779296875,35.097999572753906,34.95000076293945,35.029998779296875,3600,0.0,0.0,0.0
2021-10-11 00:00:00-04:00,35.11000061035156,35.11000061035156,34.95000076293945,34.9900016784668,2600,0.0,0.0,0.0
2021-10-12 00:00:00-04:00,35.11800003051758,35.11800003051758,34.959999084472656,35.02000045776367,1200,0.0,0.0,0.0
2021-10-13 00:00:00-04:00,34.96500015258789,35.040000915527344,34.939998626708984,34.97999954223633,4100,0.0,0.0,0.0
2021-10-14 00:00:00-04:00,35.04399871826172,35.04399871826172,34.970001220703125,34.99599838256836,5000,0.0,0.0,0.0
2021-10-15 00:00:00-04:00,35.15999984741211,35.15999984741211,34.97999954223633,35.04999923706055,18600,0.0,0.0,0.0
2021-10-18 00:00:00-04:00,35.040000915527344,35.119998931884766,34.97999954223633,35.05500030517578,2800,0.0,0.0,0.0
2021-10-19 00:00:00-04:00,35.150001525878906,35.150001525878906,35.060001373291016,35.064998626708984,1100,0.0,0.0,0.0
2021-10-20 00:00:00-04:00,35.06999969482422,35.130001068115234,34.9900016784668,35.02399826049805,18000,0.0,0.0,0.0
2021-10-21 00:00:00-04:00,35.0099983215332,35.10200119018555,34.992000579833984,35.06999969482422,13900,0.0,0.0,0.0
2021-10-22 00:00:00-04:00,35.02000045776367,35.0260009765625,35.0,35.020999908447266,4500,0.0,0.0,0.0
2021-10-25 00:00:00-04:00,35.02000045776367,35.07500076293945,35.02000045776367,35.07500076293945,100,0.0,0.0,0.0
2021-10-26 00:00:00-04:00,35.02000045776367,35.15800094604492,35.0099983215332,35.08000183105469,54500,0.0,0.0,0.0
2021-10-27 00:00:00-04:00,35.07500076293945,35.13999938964844,35.00199890136719,35.06999969482422,15600,0.0,0.0,0.0
2021-10-28 00:00:00-04:00,35.07500076293945,35.13199996948242,35.0,35.07500076293945,4200,0.0,0.0,0.0
2021-10-29 00:00:00-04:00,35.0099983215332,35.119998931884766,35.0099983215332,35.07500076293945,10100,0.0,0.0,0.0
2021-11-01 00:00:00-04:00,35.13999938964844,35.15800094604492,35.0,35.02000045776367,8400,0.0,0.0,0.0
2021-11-02 00:00:00-04:00,35.0,35.084999084472656,35.0,35.02000045776367,4800,0.0,0.0,0.0
2021-11-03 00:00:00-04:00,35.08000183105469,35.16299819946289,34.935001373291016,35.029998779296875,5700,0.0,0.0,0.0
2021-11-04 00:00:00-04:00,35.0099983215332,35.15999984741211,35.0099983215332,35.08000183105469,29200,0.0,0.0,0.0
2021-11-05 00:00:00-04:00,35.09600067138672,35.15999984741211,35.0099983215332,35.029998779296875,41500,0.0,0.0,0.0
2021-11-08 00:00:00-05:00,35.029998779296875,35.15999984741211,35.02000045776367,35.09000015258789,48900,0.0,0.0,0.0
2021-11-09 00:00:00-05:00,35.084999084472656,35.159000396728516,35.02000045776367,35.09199905395508,10300,0.0,0.0,0.0
2021-11-10 00:00:00-05:00,35.099998474121094,35.15999984741211,35.06999969482422,35.1150016784668,13800,0.0,0.0,0.0
2021-11-11 00:00:00-05:00,35.099998474121094,35.15999984741211,35.099998474121094,35.1150016784668,19500,0.0,0.0,0.0
2021-11-12 00:00:00-05:00,35.040000915527344,35.16999816894531,35.040000915527344,35.119998931884766,14500,0.0,0.0,0.0
2021-11-15 00:00:00-05:00,35.150001525878906,35.16999816894531,35.09000015258789,35.1349983215332,18600,0.0,0.0,0.0
2021-11-16 00:00:00-05:00,35.08000183105469,35.15999984741211,35.08000183105469,35.130001068115234,14700,0.0,0.0,0.0
2021-11-17 00:00:00-05:00,35.150001525878906,35.15999984741211,35.0989990234375,35.119998931884766,17900,0.0,0.0,0.0
2021-11-18 00:00:00-05:00,35.16999816894531,35.16999816894531,35.06999969482422,35.125,66700,0.0,0.0,0.0
2021-11-19 00:00:00-05:00,35.130001068115234,35.13999938964844,35.08000183105469,35.125999450683594,137800,0.0,0.0,0.0
2021-11-22 00:00:00-05:00,35.209999084472656,35.25,35.029998779296875,35.029998779296875,225400,0.0,0.0,0.0
2021-11-23 00:00:00-05:00,34.95000076293945,35.06999969482422,34.95000076293945,35.05400085449219,83600,0.0,0.0,0.0
2021-11-24 00:00:00-05:00,35.040000915527344,35.130001068115234,34.970001220703125,35.119998931884766,71100,0.0,0.0,0.0
2021-11-26 00:00:00-05:00,34.939998626708984,34.939998626708984,34.71099853515625,34.810001373291016,81100,0.0,0.0,0.0
2021-11-29 00:00:00-05:00,35.02000045776367,35.040000915527344,34.900001525878906,34.93000030517578,88500,0.0,0.0,0.0
2021-11-30 00:00:00-05:00,34.88999938964844,34.90999984741211,34.56999969482422,34.68000030517578,124800,0.0,0.0,0.0
2021-12-01 00:00:00-05:00,34.900001525878906,34.95000076293945,34.4900016784668,34.4900016784668,103500,0.0,0.0,0.0
2021-12-02 00:00:00-05:00,34.529998779296875,34.75,34.45000076293945,34.619998931884766,74600,0.0,0.0,0.0
2021-12-03 00:00:00-05:00,34.7599983215332,34.7599983215332,34.380001068115234,34.52000045776367,213600,0.0,0.0,0.0
2021-12-06 00:00:00-05:00,34.63999938964844,34.79999923706055,34.63999938964844,34.720001220703125,79800,0.0,0.0,0.0
2021-12-07 00:00:00-05:00,35.0,35.069000244140625,34.974998474121094,35.060001373291016,41300,0.0,0.0,0.0
2021-12-08 00:00:00-05:00,35.06999969482422,35.13999938964844,34.98099899291992,35.13999938964844,36600,0.0,0.0,0.0
2021-12-09 00:00:00-05:00,35.06999969482422,35.099998474121094,34.939998626708984,34.939998626708984,46100,0.0,0.0,0.0
2021-12-10 00:00:00-05:00,35.099998474121094,35.13999938964844,35.02000045776367,35.108001708984375,23600,0.0,0.0,0.0
2021-12-13 00:00:00-05:00,35.150001525878906,35.150001525878906,35.0,35.0,42200,0.0,0.0,0.0
2021-12-14 00:00:00-05:00,34.93000030517578,34.93000030517578,34.79999923706055,34.91999816894531,23100,0.0,0.0,0.0
2021-12-15 00:00:00-05:00,34.95000076293945,35.15999984741211,34.827999114990234,35.15999984741211,23000,0.0,0.0,0.0
2021-12-16 00:00:00-05:00,35.18000030517578,35.18000030517578,34.95000076293945,35.02000045776367,15700,0.0,0.0,0.0
2021-12-17 00:00:00-05:00,34.93000030517578,35.0,34.76599884033203,34.779998779296875,20900,0.0,0.0,0.0
2021-12-20 00:00:00-05:00,34.70000076293945,34.72999954223633,34.527000427246094,34.630001068115234,21800,0.0,0.0,0.0
2021-12-21 00:00:00-05:00,34.736000061035156,34.959999084472656,34.689998626708984,34.88999938964844,8400,0.0,0.0,0.0
2021-12-22 00:00:00-05:00,34.970001220703125,35.09000015258789,34.959999084472656,35.060001373291016,22000,0.0,0.0,0.0
2021-12-23 00:00:00-05:00,35.189998626708984,35.209999084472656,35.11399841308594,35.189998626708984,8300,0.0,0.0,0.0
2021-12-27 00:00:00-05:00,35.21799850463867,35.349998474121094,35.21799850463867,35.349998474121094,28700,0.0,0.0,0.0
2021-12-28 00:00:00-05:00,35.369998931884766,35.388999938964844,35.250999450683594,35.31999969482422,4800,0.0,0.0,0.0
2021-12-29 00:00:00-05:00,35.349998474121094,35.38999938964844,35.28499984741211,35.380001068115234,9900,0.0,0.0,0.0
2021-12-30 00:00:00-05:00,35.41999816894531,35.41999816894531,35.33100128173828,35.349998474121094,14300,0.0,0.0,0.0
2021-12-31 00:00:00-05:00,35.35900115966797,35.369998931884766,35.263999938964844,35.31999969482422,6700,0.0,0.0,0.0
2022-01-03 00:00:00-05:00,35.31999969482422,35.41999816894531,35.279998779296875,35.33000183105469,48700,0.0,0.0,0.0
2022-01-04 00:00:00-05:00,35.439998626708984,35.459999084472656,35.301998138427734,35.43000030517578,16500,0.0,0.0,0.0
2022-01-05 00:00:00-05:00,35.439998626708984,35.439998626708984,35.06999969482422,35.06999969482422,44400,0.0,0.0,0.0
2022-01-06 00:00:00-05:00,35.11000061035156,35.20000076293945,35.084999084472656,35.130001068115234,120300,0.0,0.0,0.0
2022-01-07 00:00:00-05:00,35.150001525878906,35.159000396728516,35.0099983215332,35.0099983215332,13100,0.0,0.0,0.0
2022-01-10 00:00:00-05:00,34.915000915527344,35.119998931884766,34.82500076293945,35.09000015258789,23300,0.0,0.0,0.0
2022-01-11 00:00:00-05:00,35.11000061035156,35.22999954223633,34.96900177001953,35.22999954223633,14600,0.0,0.0,0.0
2022-01-12 00:00:00-05:00,35.189998626708984,35.290000915527344,35.189998626708984,35.2599983215332,57800,0.0,0.0,0.0
2022-01-13 00:00:00-05:00,35.2400016784668,35.2400016784668,35.04999923706055,35.08000183105469,76500,0.0,0.0,0.0
2022-01-14 00:00:00-05:00,34.959999084472656,35.04499816894531,34.88999938964844,35.04499816894531,77600,0.0,0.0,0.0
2022-01-18 00:00:00-05:00,34.849998474121094,34.89899826049805,34.779998779296875,34.810001373291016,41000,0.0,0.0,0.0
2022-01-19 00:00:00-05:00,34.888999938964844,34.91999816894531,34.66999816894531,34.66999816894531,49200,0.0,0.0,0.0
2022-01-20 00:00:00-05:00,34.7400016784668,34.880001068115234,34.47999954223633,34.4900016784668,14800,0.0,0.0,0.0
2022-01-21 00:00:00-05:00,34.400001525878906,34.46500015258789,34.145999908447266,34.220001220703125,40400,0.0,0.0,0.0
2022-01-24 00:00:00-05:00,33.97999954223633,37.380001068115234,33.5099983215332,34.290000915527344,153600,0.0,0.0,0.0
2022-01-25 00:00:00-05:00,33.96699905395508,36.858001708984375,33.724998474121094,34.07500076293945,184100,0.0,0.0,0.0
2022-01-26 00:00:00-05:00,34.2400016784668,34.375,33.91999816894531,34.04999923706055,63000,0.0,0.0,0.0
2022-01-27 00:00:00-05:00,34.08000183105469,34.22999954223633,33.81100082397461,33.95000076293945,289800,0.0,0.0,0.0
2022-01-28 00:00:00-05:00,33.849998474121094,34.33000183105469,33.78499984741211,34.33000183105469,99800,0.0,0.0,0.0
2022-01-31 00:00:00-05:00,34.29999923706055,34.599998474121094,34.29999923706055,34.59000015258789,105300,0.0,0.0,0.0
2022-02-01 00:00:00-05:00,34.5099983215332,34.72999954223633,34.5099983215332,34.72999954223633,62900,0.0,0.0,0.0
2022-02-02 00:00:00-05:00,34.84000015258789,34.86000061035156,34.70000076293945,34.86000061035156,33800,0.0,0.0,0.0
2022-02-03 00:00:00-05:00,34.60100173950195,34.68000030517578,34.38999938964844,34.459999084472656,45400,0.0,0.0,0.0
2022-02-04 00:00:00-05:00,34.459999084472656,34.67900085449219,34.31100082397461,34.54999923706055,44600,0.0,0.0,0.0
2022-02-07 00:00:00-05:00,34.58000183105469,34.599998474121094,34.459999084472656,34.47999954223633,18500,0.0,0.0,0.0
2022-02-08 00:00:00-05:00,34.4900016784668,34.63999938964844,34.439998626708984,34.560001373291016,42900,0.0,0.0,0.0
2022-02-09 00:00:00-05:00,34.790000915527344,34.849998474121094,34.74800109863281,34.779998779296875,33400,0.0,0.0,0.0
2022-02-10 00:00:00-05:00,34.689998626708984,34.790000915527344,34.470001220703125,34.52000045776367,334600,0.0,0.0,0.0
2022-02-11 00:00:00-05:00,34.56999969482422,34.59000015258789,34.18000030517578,34.189998626708984,148900,0.0,0.0,0.0
2022-02-14 00:00:00-05:00,34.066001892089844,34.20100021362305,34.040000915527344,34.09000015258789,160900,0.0,0.0,0.0
2022-02-15 00:00:00-05:00,34.36000061035156,34.79800033569336,34.2599983215332,34.369998931884766,501800,0.0,0.0,0.0
2022-02-16 00:00:00-05:00,34.400001525878906,34.529998779296875,34.24599838256836,34.4900016784668,70200,0.0,0.0,0.0
2022-02-17 00:00:00-05:00,34.380001068115234,34.380001068115234,34.04999923706055,34.04999923706055,268300,0.0,0.0,0.0
2022-02-18 00:00:00-05:00,34.16999816894531,34.16999816894531,33.90999984741211,34.040000915527344,71200,0.0,0.0,0.0
2022-02-22 00:00:00-05:00,34.02000045776367,34.09000015258789,33.70500183105469,33.79999923706055,151100,0.0,0.0,0.0
2022-02-23 00:00:00-05:00,34.0099983215332,34.0099983215332,33.53499984741211,33.58000183105469,559500,0.0,0.0,0.0
2022-02-24 00:00:00-05:00,33.29999923706055,33.88999938964844,33.17900085449219,33.810001373291016,326500,0.0,0.0,0.0
2022-02-25 00:00:00-05:00,33.91999816894531,34.189998626708984,33.8380012512207,34.16999816894531,141300,0.0,0.0,0.0
2022-02-28 00:00:00-05:00,34.02000045776367,34.18000030517578,33.86800003051758,34.10499954223633,121800,0.0,0.0,0.0
2022-03-01 00:00:00-05:00,33.5,34.13999938964844,33.5,33.90999984741211,120100,0.0,0.0,0.0
2022-03-02 00:00:00-05:00,34.02000045776367,34.22999954223633,33.88999938964844,34.18000030517578,604100,0.0,0.0,0.0
2022-03-03 00:00:00-05:00,34.20500183105469,34.249000549316406,33.9739990234375,34.040000915527344,24700,0.0,0.0,0.0
2022-03-04 00:00:00-05:00,33.880001068115234,34.0099983215332,33.777000427246094,34.0,46000,0.0,0.0,0.0
2022-03-07 00:00:00-05:00,34.0,34.0,33.43000030517578,33.43000030517578,127600,0.0,0.0,0.0
2022-03-08 00:00:00-05:00,33.529998779296875,33.869998931884766,33.316001892089844,33.40999984741211,493700,0.0,0.0,0.0
2022-03-09 00:00:00-05:00,33.72999954223633,33.83000183105469,33.599998474121094,33.66999816894531,154900,0.0,0.0,0.0
2022-03-10 00:00:00-05:00,33.619998931884766,33.729000091552734,33.459999084472656,33.68000030517578,116300,0.0,0.0,0.0
2022-03-11 00:00:00-05:00,33.81999969482422,33.81999969482422,33.46799850463867,33.4900016784668,182700,0.0,0.0,0.0
2022-03-14 00:00:00-04:00,33.4640007019043,33.63999938964844,33.33000183105469,33.369998931884766,45700,0.0,0.0,0.0
2022-03-15 00:00:00-04:00,33.5099983215332,33.720001220703125,33.4010009765625,33.70000076293945,98100,0.0,0.0,0.0
2022-03-16 00:00:00-04:00,33.849998474121094,34.029998779296875,33.650001525878906,33.939998626708984,120800,0.0,0.0,0.0
2022-03-17 00:00:00-04:00,33.9900016784668,34.22999954223633,33.90700149536133,34.209999084472656,63200,0.0,0.0,0.0
2022-03-18 00:00:00-04:00,34.20000076293945,34.45000076293945,34.060001373291016,34.43000030517578,91200,0.0,0.0,0.0
2022-03-21 00:00:00-04:00,34.459999084472656,34.459999084472656,34.27000045776367,34.349998474121094,52300,0.0,0.0,0.0
2022-03-22 00:00:00-04:00,34.380001068115234,34.58000183105469,34.380001068115234,34.56999969482422,25800,0.0,0.0,0.0
2022-03-23 00:00:00-04:00,34.5,34.52000045776367,34.31999969482422,34.31999969482422,32600,0.0,0.0,0.0
2022-03-24 00:00:00-04:00,34.470001220703125,34.619998931884766,34.42399978637695,34.619998931884766,25000,0.0,0.0,0.0
2022-03-25 00:00:00-04:00,34.599998474121094,34.689998626708984,34.53499984741211,34.689998626708984,79500,0.0,0.0,0.0
2022-03-28 00:00:00-04:00,34.689998626708984,34.77000045776367,34.58100128173828,34.709999084472656,29400,0.0,0.0,0.0
2022-03-29 00:00:00-04:00,34.8650016784668,34.96500015258789,34.790000915527344,34.939998626708984,59300,0.0,0.0,0.0
2022-03-30 00:00:00-04:00,34.86000061035156,34.979000091552734,34.790000915527344,34.83000183105469,39800,0.0,0.0,0.0
2022-03-31 00:00:00-04:00,34.900001525878906,34.900001525878906,34.650001525878906,34.650001525878906,83000,0.0,0.0,0.0
2022-04-01 00:00:00-04:00,34.720001220703125,34.720001220703125,34.4900016784668,34.59000015258789,42000,0.0,0.0,0.0
2022-04-04 00:00:00-04:00,34.70899963378906,34.81999969482422,34.65999984741211,34.7599983215332,19900,0.0,0.0,0.0
2022-04-05 00:00:00-04:00,34.790000915527344,34.790000915527344,34.560001373291016,34.61000061035156,33200,0.0,0.0,0.0
2022-04-06 00:00:00-04:00,34.43000030517578,34.52000045776367,34.310001373291016,34.470001220703125,62700,0.0,0.0,0.0
2022-04-07 00:00:00-04:00,34.380001068115234,34.55500030517578,34.31999969482422,34.54999923706055,72000,0.0,0.0,0.0
2022-04-08 00:00:00-04:00,34.470001220703125,34.59000015258789,34.439998626708984,34.5099983215332,33700,0.0,0.0,0.0
2022-04-11 00:00:00-04:00,34.290000915527344,34.36000061035156,34.099998474121094,34.099998474121094,16100,0.0,0.0,0.0
2022-04-12 00:00:00-04:00,34.380001068115234,34.400001525878906,34.09000015258789,34.20000076293945,28200,0.0,0.0,0.0
2022-04-13 00:00:00-04:00,34.20000076293945,34.349998474121094,34.150001525878906,34.33000183105469,76200,0.0,0.0,0.0
2022-04-14 00:00:00-04:00,34.2599983215332,34.3650016784668,34.12300109863281,34.12300109863281,66300,0.0,0.0,0.0
2022-04-18 00:00:00-04:00,34.13999938964844,34.20000076293945,34.01300048828125,34.02000045776367,27000,0.0,0.0,0.0
2022-04-19 00:00:00-04:00,34.130001068115234,34.37099838256836,34.130001068115234,34.349998474121094,44200,0.0,0.0,0.0
2022-04-20 00:00:00-04:00,34.5099983215332,34.52000045776367,34.29999923706055,34.36000061035156,78600,0.0,0.0,0.0
2022-04-21 00:00:00-04:00,34.66999816894531,34.66999816894531,34.08000183105469,34.08000183105469,23400,0.0,0.0,0.0
2022-04-22 00:00:00-04:00,34.13999938964844,34.13999938964844,33.683998107910156,33.683998107910156,121600,0.0,0.0,0.0
2022-04-25 00:00:00-04:00,33.540000915527344,33.81999969482422,33.42100143432617,33.81999969482422,65600,0.0,0.0,0.0
2022-04-26 00:00:00-04:00,33.77000045776367,33.77000045776367,33.349998474121094,33.349998474121094,174800,0.0,0.0,0.0
2022-04-27 00:00:00-04:00,33.439998626708984,33.5890007019043,33.345001220703125,33.369998931884766,97900,0.0,0.0,0.0
2022-04-28 00:00:00-04:00,33.56999969482422,33.790000915527344,33.36600112915039,33.689998626708984,189100,0.0,0.0,0.0
2022-04-29 00:00:00-04:00,33.492000579833984,33.61800003051758,33.13999938964844,33.13999938964844,82200,0.0,0.0,0.0
2022-05-02 00:00:00-04:00,33.06100082397461,33.244998931884766,32.880001068115234,33.21500015258789,212100,0.0,0.0,0.0
2022-05-03 00:00:00-04:00,33.16999816894531,33.42900085449219,33.16999816894531,33.31100082397461,131000,0.0,0.0,0.0
2022-05-04 00:00:00-04:00,33.380001068115234,33.7599983215332,33.244998931884766,33.70000076293945,28400,0.0,0.0,0.0
2022-05-05 00:00:00-04:00,33.63999938964844,33.63999938964844,33.029998779296875,33.2599983215332,110000,0.0,0.0,0.0
2022-05-06 00:00:00-04:00,33.025001525878906,33.279998779296875,32.92300033569336,33.150001525878906,62000,0.0,0.0,0.0
2022-05-09 00:00:00-04:00,33.0,33.0,32.70899963378906,32.75,129400,0.0,0.0,0.0
2022-05-10 00:00:00-04:00,32.970001220703125,32.970001220703125,32.619998931884766,32.79999923706055,49000,0.0,0.0,0.0
2022-05-11 00:00:00-04:00,32.720001220703125,32.900001525878906,32.566001892089844,32.619998931884766,89700,0.0,0.0,0.0
2022-05-12 00:00:00-04:00,32.44499969482422,32.619998931884766,32.358001708984375,32.55500030517578,154200,0.0,0.0,0.0
2022-05-13 00:00:00-04:00,32.68000030517578,32.909000396728516,32.62799835205078,32.88999938964844,204700,0.0,0.0,0.0
2022-05-16 00:00:00-04:00,32.74399948120117,32.91999816894531,32.74399948120117,32.849998474121094,29900,0.0,0.0,0.0
2022-05-17 00:00:00-04:00,32.952999114990234,33.0890007019043,32.92499923706055,33.08000183105469,25100,0.0,0.0,0.0
2022-05-18 00:00:00-04:00,32.900001525878906,33.01499938964844,32.5099983215332,32.61000061035156,168800,0.0,0.0,0.0
2022-05-19 00:00:00-04:00,32.459999084472656,32.790000915527344,32.40999984741211,32.560001373291016,123700,0.0,0.0,0.0
2022-05-20 00:00:00-04:00,32.54399871826172,32.685001373291016,32.27000045776367,32.54999923706055,77900,0.0,0.0,0.0
2022-05-23 00:00:00-04:00,32.540000915527344,32.76300048828125,32.540000915527344,32.7599983215332,87400,0.0,0.0,0.0
2022-05-24 00:00:00-04:00,32.5099983215332,32.689998626708984,32.400001525878906,32.599998474121094,101500,0.0,0.0,0.0
2022-05-25 00:00:00-04:00,32.650001525878906,32.810001373291016,32.619998931884766,32.7599983215332,775500,0.0,0.0,0.0
2022-05-26 00:00:00-04:00,32.81999969482422,33.029998779296875,32.81999969482422,33.02000045776367,30600,0.0,0.0,0.0
2022-05-27 00:00:00-04:00,33.14899826049805,33.310001373291016,33.12200164794922,33.25,83200,0.0,0.0,0.0
2022-05-31 00:00:00-04:00,33.189998626708984,33.31999969482422,33.099998474121094,33.25,125700,0.0,0.0,0.0
2022-06-01 00:00:00-04:00,33.21799850463867,33.2869987487793,33.029998779296875,33.15999984741211,328400,0.0,0.0,0.0
2022-06-02 00:00:00-04:00,33.099998474121094,33.36000061035156,33.02799987792969,33.36000061035156,84100,0.0,0.0,0.0
2022-06-03 00:00:00-04:00,33.20000076293945,33.2400016784668,33.099998474121094,33.15999984741211,95100,0.0,0.0,0.0
2022-06-06 00:00:00-04:00,33.290000915527344,33.3129997253418,33.150001525878906,33.18299865722656,167700,0.0,0.0,0.0
2022-06-07 00:00:00-04:00,33.099998474121094,33.33000183105469,33.06999969482422,33.310001373291016,79800,0.0,0.0,0.0
2022-06-08 00:00:00-04:00,33.222999572753906,33.310001373291016,33.11000061035156,33.11000061035156,60600,0.0,0.0,0.0
2022-06-09 00:00:00-04:00,33.13999938964844,33.13999938964844,32.88999938964844,32.939998626708984,70900,0.0,0.0,0.0
2022-06-10 00:00:00-04:00,32.65999984741211,32.65999984741211,32.52000045776367,32.52000045776367,52300,0.0,0.0,0.0
2022-06-13 00:00:00-04:00,32.310001373291016,32.31999969482422,32.09000015258789,32.17499923706055,164400,0.0,0.0,0.0
2022-06-14 00:00:00-04:00,32.119998931884766,32.189998626708984,32.0099983215332,32.119998931884766,101700,0.0,0.0,0.0
2022-06-15 00:00:00-04:00,32.22999954223633,32.560001373291016,32.224998474121094,32.2400016784668,65300,0.0,0.0,0.0
2022-06-16 00:00:00-04:00,32.119998931884766,32.119998931884766,31.950000762939453,32.040000915527344,52100,0.0,0.0,0.0
2022-06-17 00:00:00-04:00,32.130001068115234,32.154998779296875,31.969999313354492,32.11000061035156,50400,0.0,0.0,0.0
2022-06-21 00:00:00-04:00,32.19200134277344,32.33000183105469,32.19200134277344,32.29999923706055,44600,0.0,0.0,0.0
2022-06-22 00:00:00-04:00,32.099998474121094,32.36000061035156,32.099998474121094,32.33000183105469,89300,0.0,0.0,0.0
2022-06-23 00:00:00-04:00,32.29899978637695,32.369998931884766,32.20500183105469,32.349998474121094,1080800,0.0,0.0,0.0
2022-06-24 00:00:00-04:00,32.470001220703125,32.630001068115234,32.470001220703125,32.630001068115234,12800,0.0,0.0,0.0
2022-06-27 00:00:00-04:00,32.564998626708984,32.619998931884766,32.5099983215332,32.54999923706055,9100,0.0,0.0,0.0
2022-06-28 00:00:00-04:00,32.529998779296875,32.61000061035156,32.393001556396484,32.45000076293945,20000,0.0,0.0,0.0
2022-06-29 00:00:00-04:00,32.38399887084961,32.45000076293945,32.31999969482422,32.45000076293945,34800,0.0,0.0,0.0
2022-06-30 00:00:00-04:00,32.28499984741211,32.38999938964844,32.25,32.380001068115234,13100,0.0,0.0,0.0
2022-07-01 00:00:00-04:00,32.369998931884766,32.459999084472656,32.22999954223633,32.459999084472656,172300,0.0,0.0,0.0
2022-07-05 00:00:00-04:00,32.27000045776367,32.47999954223633,32.25899887084961,32.47999954223633,13700,0.0,0.0,0.0
2022-07-06 00:00:00-04:00,32.459999084472656,32.505001068115234,32.35200119018555,32.41999816894531,38000,0.0,0.0,0.0
2022-07-07 00:00:00-04:00,32.5890007019043,32.63999938964844,32.494998931884766,32.619998931884766,37900,0.0,0.0,0.0
2022-07-08 00:00:00-04:00,32.599998474121094,32.630001068115234,32.47600173950195,32.61000061035156,15100,0.0,0.0,0.0
2022-07-11 00:00:00-04:00,32.45000076293945,32.56999969482422,32.41999816894531,32.52000045776367,96600,0.0,0.0,0.0
2022-07-12 00:00:00-04:00,32.439998626708984,32.54999923706055,32.41999816894531,32.41999816894531,10500,0.0,0.0,0.0
2022-07-13 00:00:00-04:00,32.290000915527344,32.459999084472656,32.279998779296875,32.417999267578125,5800,0.0,0.0,0.0
2022-07-14 00:00:00-04:00,32.25,32.400001525878906,32.25,32.380001068115234,15600,0.0,0.0,0.0
2022-07-15 00:00:00-04:00,32.5,32.58000183105469,32.43000030517578,32.58000183105469,20400,0.0,0.0,0.0
2022-07-18 00:00:00-04:00,32.595001220703125,32.619998931884766,32.459999084472656,32.5099983215332,13500,0.0,0.0,0.0
2022-07-19 00:00:00-04:00,32.5099983215332,32.70000076293945,32.5099983215332,32.70000076293945,74200,0.0,0.0,0.0
2022-07-20 00:00:00-04:00,32.720001220703125,32.77000045776367,32.608001708984375,32.7599983215332,876000,0.0,0.0,0.0
2022-07-21 00:00:00-04:00,32.65999984741211,32.82899856567383,32.65999984741211,32.82899856567383,12300,0.0,0.0,0.0
2022-07-22 00:00:00-04:00,32.880001068115234,32.880001068115234,32.68000030517578,32.790000915527344,60000,0.0,0.0,0.0
2022-07-25 00:00:00-04:00,32.7400016784668,32.810001373291016,32.70000076293945,32.790000915527344,8600,0.0,0.0,0.0
2022-07-26 00:00:00-04:00,32.68000030517578,32.7599983215332,32.64699935913086,32.709999084472656,6400,0.0,0.0,0.0
2022-07-27 00:00:00-04:00,32.68000030517578,32.900001525878906,32.68000030517578,32.900001525878906,21600,0.0,0.0,0.0
2022-07-28 00:00:00-04:00,32.832000732421875,33.0,32.832000732421875,33.0,35800,0.0,0.0,0.0
2022-07-29 00:00:00-04:00,32.970001220703125,33.099998474121094,32.970001220703125,33.029998779296875,35400,0.0,0.0,0.0
2022-08-01 00:00:00-04:00,33.02199935913086,33.119998931884766,32.9900016784668,33.09000015258789,38000,0.0,0.0,0.0
2022-08-02 00:00:00-04:00,33.040000915527344,33.119998931884766,32.939998626708984,32.974998474121094,32300,0.0,0.0,0.0
2022-08-03 00:00:00-04:00,32.83300018310547,33.18000030517578,32.83300018310547,33.08000183105469,22500,0.0,0.0,0.0
2022-08-04 00:00:00-04:00,33.209999084472656,33.209999084472656,33.060001373291016,33.15999984741211,15000,0.0,0.0,0.0
2022-08-05 00:00:00-04:00,32.970001220703125,33.130001068115234,32.970001220703125,33.08300018310547,34700,0.0,0.0,0.0
2022-08-08 00:00:00-04:00,33.099998474121094,33.22100067138672,33.04999923706055,33.119998931884766,64900,0.0,0.0,0.0
2022-08-09 00:00:00-04:00,33.150001525878906,33.150001525878906,32.9900016784668,33.06999969482422,19000,0.0,0.0,0.0
2022-08-10 00:00:00-04:00,33.369998931884766,33.369998931884766,33.130001068115234,33.18000030517578,179000,0.0,0.0,0.0
2022-08-11 00:00:00-04:00,33.38999938964844,33.38999938964844,33.18000030517578,33.27000045776367,28100,0.0,0.0,0.0
2022-08-12 00:00:00-04:00,33.2599983215332,33.441001892089844,33.2400016784668,33.380001068115234,23900,0.0,0.0,0.0
2022-08-15 00:00:00-04:00,33.375,33.5099983215332,33.36000061035156,33.5,90700,0.0,0.0,0.0
2022-08-16 00:00:00-04:00,33.41400146484375,33.54999923706055,33.40999984741211,33.470001220703125,147700,0.0,0.0,0.0
2022-08-17 00:00:00-04:00,33.35300064086914,33.45899963378906,33.31999969482422,33.369998931884766,263600,0.0,0.0,0.0
2022-08-18 00:00:00-04:00,33.36000061035156,33.459999084472656,33.349998474121094,33.380001068115234,512000,0.0,0.0,0.0
2022-08-19 00:00:00-04:00,33.39500045776367,33.400001525878906,33.19499969482422,33.31999969482422,407600,0.0,0.0,0.0
2022-08-22 00:00:00-04:00,33.099998474121094,33.1349983215332,33.020999908447266,33.04899978637695,12500,0.0,0.0,0.0
2022-08-23 00:00:00-04:00,33.11000061035156,33.119998931884766,33.01499938964844,33.029998779296875,94300,0.0,0.0,0.0
2022-08-24 00:00:00-04:00,32.9900016784668,33.119998931884766,32.9900016784668,33.029998779296875,291300,0.0,0.0,0.0
2022-08-25 00:00:00-04:00,33.150001525878906,33.150001525878906,33.04999923706055,33.13999938964844,181500,0.0,0.0,0.0
2022-08-26 00:00:00-04:00,33.13999938964844,33.20000076293945,32.939998626708984,32.970001220703125,65100,0.0,0.0,0.0
2022-08-29 00:00:00-04:00,32.810001373291016,32.9900016784668,32.810001373291016,32.939998626708984,165700,0.0,0.0,0.0
2022-08-30 00:00:00-04:00,32.93000030517578,32.93000030517578,32.76100158691406,32.849998474121094,108700,0.0,0.0,0.0
2022-08-31 00:00:00-04:00,32.856998443603516,32.900001525878906,32.810001373291016,32.84000015258789,33500,0.0,0.0,0.0
2022-09-01 00:00:00-04:00,32.709999084472656,32.83000183105469,32.709999084472656,32.82500076293945,53400,0.0,0.0,0.0
2022-09-02 00:00:00-04:00,32.970001220703125,32.970001220703125,32.77000045776367,32.83000183105469,47600,0.0,0.0,0.0
2022-09-06 00:00:00-04:00,32.84000015258789,32.84000015258789,32.755001068115234,32.77199935913086,19100,0.0,0.0,0.0
2022-09-07 00:00:00-04:00,32.83000183105469,32.90999984741211,32.75899887084961,32.90999984741211,14900,0.0,0.0,0.0
2022-09-08 00:00:00-04:00,32.887001037597656,32.970001220703125,32.834999084472656,32.939998626708984,238800,0.0,0.0,0.0
2022-09-09 00:00:00-04:00,32.91299819946289,33.02000045776367,32.91299819946289,33.0099983215332,126600,0.0,0.0,0.0
2022-09-12 00:00:00-04:00,32.970001220703125,33.06999969482422,32.95000076293945,33.04999923706055,32400,0.0,0.0,0.0
2022-09-13 00:00:00-04:00,32.86000061035156,32.90399932861328,32.816001892089844,32.82699966430664,16600,0.0,0.0,0.0
2022-09-14 00:00:00-04:00,32.790000915527344,32.86000061035156,32.790000915527344,32.79999923706055,18900,0.0,0.0,0.0
2022-09-15 00:00:00-04:00,32.81800079345703,32.86000061035156,32.77000045776367,32.779998779296875,11900,0.0,0.0,0.0
2022-09-16 00:00:00-04:00,32.72999954223633,32.790000915527344,32.689998626708984,32.78300094604492,76400,0.0,0.0,0.0
2022-09-19 00:00:00-04:00,32.77199935913086,32.86000061035156,32.770999908447266,32.83100128173828,21900,0.0,0.0,0.0
2022-09-20 00:00:00-04:00,32.779998779296875,32.849998474121094,32.757999420166016,32.7599983215332,62600,0.0,0.0,0.0
2022-09-21 00:00:00-04:00,32.779998779296875,32.869998931884766,32.720001220703125,32.750999450683594,196000,0.0,0.0,0.0
2022-09-22 00:00:00-04:00,32.689998626708984,32.79999923706055,32.66899871826172,32.70000076293945,44900,0.0,0.0,0.0
2022-09-23 00:00:00-04:00,32.650001525878906,32.67399978637695,32.54999923706055,32.61000061035156,82400,0.0,0.0,0.0
2022-09-26 00:00:00-04:00,32.61000061035156,32.66999816894531,32.540000915527344,32.56999969482422,56700,0.0,0.0,0.0
2022-09-27 00:00:00-04:00,32.6150016784668,32.654998779296875,32.5099983215332,32.529998779296875,25000,0.0,0.0,0.0
2022-09-28 00:00:00-04:00,32.52000045776367,32.689998626708984,32.52000045776367,32.65999984741211,22000,0.0,0.0,0.0
2022-09-29 00:00:00-04:00,32.61000061035156,32.619998931884766,32.5099983215332,32.56999969482422,15100,0.0,0.0,0.0
2022-09-30 00:00:00-04:00,32.560001373291016,32.680999755859375,32.5,32.5,36100,0.0,0.0,0.0
2022-10-03 00:00:00-04:00,32.58000183105469,32.749000549316406,32.54999923706055,32.65999984741211,49500,0.0,0.0,0.0
2022-10-04 00:00:00-04:00,32.720001220703125,32.8120002746582,32.720001220703125,32.77000045776367,23100,0.0,0.0,0.0
2022-10-05 00:00:00-04:00,32.720001220703125,32.869998931884766,32.720001220703125,32.84000015258789,68800,0.0,0.0,0.0
2022-10-06 00:00:00-04:00,32.770999908447266,32.81999969482422,32.7400016784668,32.790000915527344,19100,0.0,0.0,0.0
2022-10-07 00:00:00-04:00,32.76499938964844,32.76499938964844,32.63999938964844,32.72999954223633,21700,0.0,0.0,0.0
2022-10-10 00:00:00-04:00,32.68000030517578,32.70000076293945,32.599998474121094,32.66299819946289,29000,0.0,0.0,0.0
2022-10-11 00:00:00-04:00,32.6150016784668,32.702999114990234,32.560001373291016,32.61000061035156,100000,0.0,0.0,0.0
2022-10-12 00:00:00-04:00,32.65999984741211,32.65999984741211,32.599998474121094,32.61000061035156,25000,0.0,0.0,0.0
2022-10-13 00:00:00-04:00,32.58000183105469,32.79999923706055,32.56999969482422,32.7400016784668,78500,0.0,0.0,0.0
2022-10-14 00:00:00-04:00,32.766998291015625,32.77000045776367,32.65999984741211,32.65999984741211,12700,0.0,0.0,0.0
2022-10-17 00:00:00-04:00,32.83000183105469,32.83000183105469,32.779998779296875,32.790000915527344,35500,0.0,0.0,0.0
2022-10-18 00:00:00-04:00,32.900001525878906,32.900001525878906,32.79999923706055,32.86000061035156,8400,0.0,0.0,0.0
2022-10-19 00:00:00-04:00,32.845001220703125,32.900001525878906,32.81800079345703,32.88999938964844,9400,0.0,0.0,0.0
2022-10-20 00:00:00-04:00,32.83000183105469,32.854000091552734,32.81999969482422,32.85300064086914,9300,0.0,0.0,0.0
2022-10-21 00:00:00-04:00,32.84000015258789,32.930999755859375,32.83000183105469,32.880001068115234,10600,0.0,0.0,0.0
2022-10-24 00:00:00-04:00,32.810001373291016,32.941001892089844,32.810001373291016,32.90999984741211,409900,0.0,0.0,0.0
2022-10-25 00:00:00-04:00,32.93000030517578,32.992000579833984,32.90999984741211,32.939998626708984,129300,0.0,0.0,0.0
2022-10-26 00:00:00-04:00,32.93000030517578,33.0,32.88999938964844,32.91999816894531,1356900,0.0,0.0,0.0
2022-10-27 00:00:00-04:00,32.959999084472656,33.01300048828125,32.93000030517578,32.95000076293945,105500,0.0,0.0,0.0
2022-10-28 00:00:00-04:00,32.96799850463867,33.00400161743164,32.91999816894531,32.970001220703125,12800,0.0,0.0,0.0
2022-10-31 00:00:00-04:00,32.979000091552734,33.040000915527344,32.95000076293945,32.970001220703125,15700,0.0,0.0,0.0
2022-11-01 00:00:00-04:00,32.97999954223633,33.01300048828125,32.95000076293945,32.970001220703125,15200,0.0,0.0,0.0
2022-11-02 00:00:00-04:00,33.040000915527344,33.040000915527344,32.68000030517578,33.02000045776367,47600,0.0,0.0,0.0
2022-11-03 00:00:00-04:00,32.939998626708984,33.000999450683594,32.939998626708984,32.959999084472656,11200,0.0,0.0,0.0
2022-11-04 00:00:00-04:00,33.0099983215332,33.04499816894531,32.96500015258789,32.97999954223633,20000,0.0,0.0,0.0
2022-11-07 00:00:00-05:00,32.97999954223633,33.04999923706055,32.94499969482422,32.97999954223633,40900,0.0,0.0,0.0
2022-11-08 00:00:00-05:00,32.97999954223633,33.06800079345703,32.970001220703125,32.97999954223633,109500,0.0,0.0,0.0
2022-11-09 00:00:00-05:00,33.025001525878906,33.029998779296875,32.95000076293945,32.970001220703125,80300,0.0,0.0,0.0
2022-11-10 00:00:00-05:00,33.04499816894531,33.04499816894531,32.97999954223633,33.0,307500,0.0,0.0,0.0
2022-11-11 00:00:00-05:00,33.029998779296875,33.08000183105469,32.90999984741211,32.9900016784668,110500,0.0,0.0,0.0
2022-11-14 00:00:00-05:00,32.9900016784668,33.08000183105469,32.97999954223633,32.9900016784668,87300,0.0,0.0,0.0
2022-11-15 00:00:00-05:00,33.04899978637695,33.08000183105469,32.97999954223633,32.9900016784668,111400,0.0,0.0,0.0
2022-11-16 00:00:00-05:00,32.9900016784668,33.06999969482422,32.9900016784668,33.0099983215332,349500,0.0,0.0,0.0
2022-11-17 00:00:00-05:00,33.02000045776367,33.06999969482422,32.349998474121094,33.06999969482422,979900,0.0,0.0,0.0
2022-11-18 00:00:00-05:00,33.04499816894531,33.119998931884766,32.9900016784668,33.06999969482422,961600,0.0,0.0,0.0
2022-11-21 00:00:00-05:00,32.91999816894531,33.0099983215332,32.83000183105469,32.9900016784668,612400,0.0,0.0,0.0
2022-11-22 00:00:00-05:00,33.130001068115234,33.2400016784668,33.0099983215332,33.22999954223633,400000,0.0,0.0,0.0
2022-11-23 00:00:00-05:00,33.220001220703125,33.36000061035156,33.18000030517578,33.349998474121094,1027200,0.0,0.0,0.0
2022-11-25 00:00:00-05:00,33.380001068115234,33.380001068115234,33.250999450683594,33.2599983215332,20200,0.0,0.0,0.0
2022-11-28 00:00:00-05:00,33.22999954223633,33.22999954223633,33.02000045776367,33.119998931884766,65200,0.0,0.0,0.0
2022-11-29 00:00:00-05:00,33.04999923706055,33.119998931884766,32.96099853515625,33.09400177001953,173100,0.0,0.0,0.0
2022-11-30 00:00:00-05:00,33.0369987487793,33.56999969482422,32.981998443603516,33.56999969482422,116500,0.0,0.0,0.0
2022-12-01 00:00:00-05:00,33.52000045776367,33.63999938964844,33.47200012207031,33.529998779296875,320200,0.0,0.0,0.0
2022-12-02 00:00:00-05:00,33.41999816894531,33.599998474121094,33.34000015258789,33.560001373291016,199400,0.0,0.0,0.0
2022-12-05 00:00:00-05:00,33.4900016784668,33.52000045776367,33.15999984741211,33.220001220703125,432600,0.0,0.0,0.0
2022-12-06 00:00:00-05:00,33.28499984741211,33.28499984741211,32.970001220703125,33.02000045776367,108400,0.0,0.0,0.0
2022-12-07 00:00:00-05:00,33.08000183105469,33.130001068115234,32.9900016784668,32.994998931884766,45500,0.0,0.0,0.0
2022-12-08 00:00:00-05:00,33.06999969482422,33.220001220703125,33.02000045776367,33.189998626708984,67000,0.0,0.0,0.0
2022-12-09 00:00:00-05:00,33.20000076293945,33.209999084472656,33.04999923706055,33.07500076293945,82700,0.0,0.0,0.0
2022-12-12 00:00:00-05:00,33.13999938964844,33.290000915527344,33.08300018310547,33.290000915527344,65700,0.0,0.0,0.0
2022-12-13 00:00:00-05:00,33.779998779296875,33.779998779296875,33.29499816894531,33.38999938964844,47400,0.0,0.0,0.0
2022-12-14 00:00:00-05:00,33.31999969482422,33.54999923706055,33.16999816894531,33.34000015258789,44900,0.0,0.0,0.0
2022-12-15 00:00:00-05:00,33.11000061035156,33.150001525878906,32.790000915527344,32.84000015258789,70000,0.0,0.0,0.0
2022-12-16 00:00:00-05:00,32.79999923706055,32.88999938964844,32.59000015258789,32.75,587700,0.0,0.0,0.0
2022-12-19 00:00:00-05:00,32.65999984741211,32.70000076293945,32.5099983215332,32.630001068115234,87100,0.0,0.0,0.0
2022-12-20 00:00:00-05:00,32.48500061035156,32.650001525878906,32.48500061035156,32.54999923706055,247900,0.0,0.0,0.0
2022-12-21 00:00:00-05:00,32.755001068115234,32.900001525878906,32.755001068115234,32.869998931884766,813500,0.0,0.0,0.0
2022-12-22 00:00:00-05:00,32.60599899291992,32.625,32.349998474121094,32.59000015258789,65500,0.0,0.0,0.0
2022-12-23 00:00:00-05:00,32.499000549316406,32.75,32.499000549316406,32.7400016784668,18100,0.0,0.0,0.0
2022-12-27 00:00:00-05:00,32.75,32.75,32.59000015258789,32.70000076293945,13200,0.0,0.0,0.0
2022-12-28 00:00:00-05:00,32.70000076293945,32.70000076293945,32.40999984741211,32.40999984741211,29900,0.0,0.0,0.0
2022-12-29 00:00:00-05:00,32.619998931884766,32.810001373291016,32.619998931884766,32.7599983215332,310900,0.0,0.0,0.0
2022-12-30 00:00:00-05:00,32.720001220703125,32.75,32.5359992980957,32.66999816894531,81500,0.0,0.0,0.0
2023-01-03 00:00:00-05:00,32.59199905395508,32.709999084472656,32.553001403808594,32.68000030517578,100200,0.0,0.0,0.0
2023-01-04 00:00:00-05:00,32.68199920654297,32.85300064086914,32.599998474121094,32.72600173950195,22300,0.0,0.0,0.0
2023-01-05 00:00:00-05:00,32.70000076293945,32.70000076293945,32.5099983215332,32.560001373291016,67200,0.0,0.0,0.0
2023-01-06 00:00:00-05:00,32.604000091552734,33.040000915527344,32.604000091552734,32.93000030517578,35600,0.0,0.0,0.0
2023-01-09 00:00:00-05:00,33.119998931884766,33.165000915527344,32.935001373291016,32.97999954223633,16700,0.0,0.0,0.0
2023-01-10 00:00:00-05:00,32.95800018310547,33.06999969482422,32.939998626708984,33.06999969482422,44100,0.0,0.0,0.0
2023-01-11 00:00:00-05:00,33.1879997253418,33.290000915527344,33.1510009765625,33.290000915527344,28400,0.0,0.0,0.0
2023-01-12 00:00:00-05:00,33.35499954223633,33.43000030517578,33.27199935913086,33.349998474121094,19800,0.0,0.0,0.0
2023-01-13 00:00:00-05:00,33.29999923706055,33.470001220703125,33.220001220703125,33.45000076293945,13800,0.0,0.0,0.0
2023-01-17 00:00:00-05:00,33.41999816894531,33.5,33.41999816894531,33.43000030517578,30100,0.0,0.0,0.0
2023-01-18 00:00:00-05:00,33.61000061035156,33.619998931884766,33.16999816894531,33.16999816894531,24500,0.0,0.0,0.0
2023-01-19 00:00:00-05:00,33.064998626708984,33.189998626708984,33.0,33.040000915527344,14400,0.0,0.0,0.0
2023-01-20 00:00:00-05:00,33.209999084472656,33.459999084472656,33.150001525878906,33.43199920654297,6800,0.0,0.0,0.0
2023-01-23 00:00:00-05:00,33.599998474121094,33.72999954223633,33.54999923706055,33.68000030517578,54200,0.0,0.0,0.0
2023-01-24 00:00:00-05:00,33.65999984741211,33.66999816894531,33.5099983215332,33.599998474121094,119500,0.0,0.0,0.0
2023-01-25 00:00:00-05:00,33.42499923706055,33.65999984741211,33.2599983215332,33.599998474121094,193800,0.0,0.0,0.0
2023-01-26 00:00:00-05:00,33.7400016784668,33.83000183105469,33.630001068115234,33.83000183105469,48500,0.0,0.0,0.0
2023-01-27 00:00:00-05:00,33.880001068115234,33.974998474121094,33.83000183105469,33.869998931884766,18900,0.0,0.0,0.0
2023-01-30 00:00:00-05:00,33.84000015258789,33.84000015258789,33.630001068115234,33.689998626708984,24700,0.0,0.0,0.0
2023-01-31 00:00:00-05:00,33.720001220703125,33.91999816894531,33.689998626708984,33.91999816894531,22700,0.0,0.0,0.0
2023-02-01 00:00:00-05:00,33.970001220703125,34.290000915527344,33.82500076293945,34.13999938964844,26100,0.0,0.0,0.0
2023-02-02 00:00:00-05:00,34.34000015258789,34.43000030517578,34.27000045776367,34.400001525878906,148800,0.0,0.0,0.0
2023-02-03 00:00:00-05:00,34.279998779296875,34.400001525878906,34.15999984741211,34.189998626708984,21600,0.0,0.0,0.0
2023-02-06 00:00:00-05:00,34.03799819946289,34.130001068115234,34.03799819946289,34.119998931884766,10900,0.0,0.0,0.0
2023-02-07 00:00:00-05:00,34.040000915527344,34.349998474121094,34.0369987487793,34.310001373291016,9200,0.0,0.0,0.0
2023-02-08 00:00:00-05:00,34.220001220703125,34.220001220703125,34.06999969482422,34.11000061035156,21200,0.0,0.0,0.0
2023-02-09 00:00:00-05:00,34.22999954223633,34.2400016784668,33.880001068115234,33.93000030517578,66200,0.0,0.0,0.0
2023-02-10 00:00:00-05:00,33.939998626708984,33.99100112915039,33.88999938964844,33.99100112915039,15800,0.0,0.0,0.0
2023-02-13 00:00:00-05:00,34.11000061035156,34.189998626708984,34.09000015258789,34.16999816894531,13700,0.0,0.0,0.0
2023-02-14 00:00:00-05:00,34.09000015258789,34.29800033569336,34.02000045776367,34.18000030517578,19600,0.0,0.0,0.0
2023-02-15 00:00:00-05:00,34.1150016784668,34.2400016784668,34.06999969482422,34.2400016784668,15200,0.0,0.0,0.0
2023-02-16 00:00:00-05:00,33.97999954223633,34.2130012512207,33.97999954223633,34.01900100708008,20700,0.0,0.0,0.0
2023-02-17 00:00:00-05:00,33.849998474121094,33.97999954223633,33.79999923706055,33.96500015258789,139200,0.0,0.0,0.0
2023-02-21 00:00:00-05:00,33.81999969482422,33.81999969482422,33.54999923706055,33.58000183105469,37100,0.0,0.0,0.0
2023-02-22 00:00:00-05:00,33.54999923706055,33.632999420166016,33.47999954223633,33.529998779296875,16100,0.0,0.0,0.0
2023-02-23 00:00:00-05:00,33.66999816894531,33.70000076293945,33.40999984741211,33.630001068115234,23300,0.0,0.0,0.0
2023-02-24 00:00:00-05:00,33.32500076293945,33.40999984741211,33.270999908447266,33.40999984741211,30200,0.0,0.0,0.0
2023-02-27 00:00:00-05:00,33.58000183105469,33.654998779296875,33.459999084472656,33.540000915527344,10400,0.0,0.0,0.0
2023-02-28 00:00:00-05:00,33.50600051879883,33.599998474121094,33.439998626708984,33.5099983215332,8800,0.0,0.0,0.0
2023-03-01 00:00:00-05:00,33.347999572753906,33.45000076293945,33.29999923706055,33.34000015258789,20200,0.0,0.0,0.0
2023-03-02 00:00:00-05:00,33.209999084472656,33.53499984741211,33.209999084472656,33.470001220703125,20600,0.0,0.0,0.0
2023-03-03 00:00:00-05:00,33.630001068115234,33.81999969482422,33.630001068115234,33.79999923706055,7300,0.0,0.0,0.0
2023-03-06 00:00:00-05:00,33.902000427246094,33.95800018310547,33.810001373291016,33.83599853515625,6400,0.0,0.0,0.0
2023-03-07 00:00:00-05:00,33.70000076293945,33.7400016784668,33.47100067138672,33.47999954223633,17300,0.0,0.0,0.0
2023-03-08 00:00:00-05:00,33.51499938964844,33.529998779296875,33.400001525878906,33.51499938964844,7500,0.0,0.0,0.0
2023-03-09 00:00:00-05:00,33.52000045776367,33.54999923706055,33.130001068115234,33.209999084472656,14000,0.0,0.0,0.0
2023-03-10 00:00:00-05:00,33.06999969482422,33.244998931884766,32.869998931884766,32.90700149536133,7000,0.0,0.0,0.0
2023-03-13 00:00:00-04:00,32.79999923706055,33.119998931884766,32.71799850463867,32.97800064086914,9100,0.0,0.0,0.0
2023-03-14 00:00:00-04:00,33.18600082397461,33.308998107910156,33.09000015258789,33.23899841308594,16100,0.0,0.0,0.0
2023-03-15 00:00:00-04:00,33.04999923706055,33.15999984741211,32.95000076293945,33.108001708984375,15700,0.0,0.0,0.0
2023-03-16 00:00:00-04:00,33.09000015258789,33.4900016784668,33.09000015258789,33.47999954223633,36300,0.0,0.0,0.0
2023-03-17 00:00:00-04:00,33.34000015258789,33.4900016784668,33.209999084472656,33.29800033569336,12700,0.0,0.0,0.0
2023-03-20 00:00:00-04:00,33.361000061035156,33.47999954223633,33.30500030517578,33.44900131225586,60700,0.0,0.0,0.0
2023-03-21 00:00:00-04:00,33.650001525878906,33.7400016784668,33.5099983215332,33.68000030517578,26500,0.0,0.0,0.0
2023-03-22 00:00:00-04:00,33.79999923706055,33.8650016784668,33.43199920654297,33.43199920654297,11800,0.0,0.0,0.0
2023-03-23 00:00:00-04:00,33.599998474121094,33.7599983215332,33.349998474121094,33.46699905395508,15500,0.0,0.0,0.0
2023-03-24 00:00:00-04:00,33.31999969482422,33.540000915527344,33.310001373291016,33.52799987792969,73400,0.0,0.0,0.0
2023-03-27 00:00:00-04:00,33.65999984741211,33.689998626708984,33.551998138427734,33.58700180053711,14400,0.0,0.0,0.0
2023-03-28 00:00:00-04:00,33.599998474121094,33.599998474121094,33.439998626708984,33.53300094604492,95900,0.0,0.0,0.0
2023-03-29 00:00:00-04:00,33.71699905395508,33.790000915527344,33.69499969482422,33.77000045776367,96000,0.0,0.0,0.0
2023-03-30 00:00:00-04:00,33.880001068115234,33.94599914550781,33.83000183105469,33.926998138427734,34200,0.0,0.0,0.0
2023-03-31 00:00:00-04:00,33.97999954223633,34.27000045776367,33.97999954223633,34.27000045776367,33400,0.0,0.0,0.0
2023-04-03 00:00:00-04:00,34.150001525878906,34.36000061035156,34.150001525878906,34.36000061035156,15600,0.0,0.0,0.0
2023-04-04 00:00:00-04:00,34.27000045776367,34.27000045776367,34.13999938964844,34.20500183105469,13600,0.0,0.0,0.0
2023-04-05 00:00:00-04:00,34.13999938964844,34.189998626708984,34.08000183105469,34.1619987487793,10500,0.0,0.0,0.0
2023-04-06 00:00:00-04:00,34.099998474121094,34.25,34.09000015258789,34.22700119018555,3900,0.0,0.0,0.0
2023-04-10 00:00:00-04:00,34.06999969482422,34.249000549316406,34.0620002746582,34.2400016784668,35100,0.0,0.0,0.0
2023-04-11 00:00:00-04:00,34.22999954223633,34.36000061035156,34.22999954223633,34.263999938964844,106000,0.0,0.0,0.0
2023-04-12 00:00:00-04:00,34.34000015258789,34.34000015258789,34.16699981689453,34.16699981689453,44400,0.0,0.0,0.0
2023-04-13 00:00:00-04:00,34.209999084472656,34.44599914550781,34.209999084472656,34.44599914550781,15600,0.0,0.0,0.0
2023-04-14 00:00:00-04:00,34.310001373291016,34.40999984741211,34.279998779296875,34.40999984741211,724800,0.0,0.0,0.0
2023-04-17 00:00:00-04:00,34.38999938964844,34.45000076293945,34.33000183105469,34.45000076293945,28900,0.0,0.0,0.0
2023-04-18 00:00:00-04:00,34.560001373291016,34.560001373291016,34.439998626708984,34.507999420166016,22500,0.0,0.0,0.0
2023-04-19 00:00:00-04:00,34.43000030517578,34.52000045776367,34.40999984741211,34.500999450683594,7900,0.0,0.0,0.0
2023-04-20 00:00:00-04:00,34.34000015258789,34.472999572753906,34.310001373291016,34.367000579833984,6800,0.0,0.0,0.0
2023-04-21 00:00:00-04:00,34.41600036621094,34.439998626708984,34.34000015258789,34.41600036621094,26900,0.0,0.0,0.0
2023-04-24 00:00:00-04:00,34.400001525878906,34.474998474121094,34.33000183105469,34.448001861572266,27200,0.0,0.0,0.0
2023-04-25 00:00:00-04:00,34.31999969482422,34.347999572753906,34.12699890136719,34.12900161743164,20300,0.0,0.0,0.0
2023-04-26 00:00:00-04:00,34.099998474121094,34.16999816894531,34.02000045776367,34.029998779296875,26500,0.0,0.0,0.0
2023-04-27 00:00:00-04:00,34.13999938964844,34.42499923706055,34.119998931884766,34.42499923706055,221200,0.0,0.0,0.0
2023-04-28 00:00:00-04:00,34.40999984741211,34.611000061035156,34.40999984741211,34.611000061035156,8500,0.0,0.0,0.0
2023-05-01 00:00:00-04:00,34.61000061035156,34.689998626708984,34.58700180053711,34.62699890136719,12200,0.0,0.0,0.0
2023-05-02 00:00:00-04:00,34.52000045776367,34.52000045776367,34.2400016784668,34.349998474121094,22200,0.0,0.0,0.0
2023-05-03 00:00:00-04:00,34.439998626708984,34.45000076293945,34.231998443603516,34.231998443603516,21600,0.0,0.0,0.0
2023-05-04 00:00:00-04:00,34.09000015258789,34.099998474121094,34.029998779296875,34.0620002746582,6100,0.0,0.0,0.0
2023-05-05 00:00:00-04:00,34.34000015258789,34.47999954223633,34.34000015258789,34.46099853515625,7500,0.0,0.0,0.0
2023-05-08 00:00:00-04:00,34.43199920654297,34.474998474121094,34.400001525878906,34.459999084472656,5200,0.0,0.0,0.0
2023-05-09 00:00:00-04:00,34.310001373291016,34.40999984741211,34.310001373291016,34.37799835205078,26200,0.0,0.0,0.0
2023-05-10 00:00:00-04:00,34.470001220703125,34.51499938964844,34.31999969482422,34.49700164794922,14000,0.0,0.0,0.0
2023-05-11 00:00:00-04:00,34.37300109863281,34.4900016784668,34.33000183105469,34.45000076293945,6900,0.0,0.0,0.0
2023-05-12 00:00:00-04:00,34.459999084472656,34.47200012207031,34.31999969482422,34.42300033569336,9200,0.0,0.0,0.0
2023-05-15 00:00:00-04:00,34.439998626708984,34.5,34.380001068115234,34.47100067138672,7600,0.0,0.0,0.0
2023-05-16 00:00:00-04:00,34.415000915527344,34.459999084472656,34.33000183105469,34.33000183105469,53800,0.0,0.0,0.0
2023-05-17 00:00:00-04:00,34.369998931884766,34.61000061035156,34.36600112915039,34.599998474121094,24200,0.0,0.0,0.0
2023-05-18 00:00:00-04:00,34.560001373291016,34.79999923706055,34.560001373291016,34.79999923706055,19300,0.0,0.0,0.0
2023-05-19 00:00:00-04:00,34.77000045776367,34.84000015258789,34.750999450683594,34.77000045776367,8500,0.0,0.0,0.0
2023-05-22 00:00:00-04:00,34.79999923706055,34.874000549316406,34.779998779296875,34.779998779296875,18600,0.0,0.0,0.0
2023-05-23 00:00:00-04:00,34.75,34.75,34.540000915527344,34.540000915527344,17700,0.0,0.0,0.0
2023-05-24 00:00:00-04:00,34.41999816894531,34.439998626708984,34.34000015258789,34.349998474121094,9100,0.0,0.0,0.0
2023-05-25 00:00:00-04:00,34.5099983215332,34.63999938964844,34.439998626708984,34.54999923706055,29700,0.0,0.0,0.0
2023-05-26 00:00:00-04:00,34.59000015258789,34.91299819946289,34.59000015258789,34.86000061035156,28500,0.0,0.0,0.0
2023-05-30 00:00:00-04:00,35.04499816894531,35.04499816894531,34.81100082397461,34.880001068115234,18400,0.0,0.0,0.0
2023-05-31 00:00:00-04:00,34.65399932861328,34.810001373291016,34.65399932861328,34.720001220703125,14200,0.0,0.0,0.0
2023-06-01 00:00:00-04:00,34.685001373291016,35.02000045776367,34.685001373291016,34.959999084472656,24500,0.0,0.0,0.0
2023-06-02 00:00:00-04:00,35.130001068115234,35.33599853515625,35.130001068115234,35.33599853515625,9700,0.0,0.0,0.0
2023-06-05 00:00:00-04:00,35.33000183105469,35.369998931884766,35.279998779296875,35.310001373291016,2000,0.0,0.0,0.0
2023-06-06 00:00:00-04:00,35.22999954223633,35.349998474121094,35.22999954223633,35.31999969482422,33400,0.0,0.0,0.0
2023-06-07 00:00:00-04:00,35.34000015258789,35.34000015258789,35.21099853515625,35.22999954223633,18000,0.0,0.0,0.0
2023-06-08 00:00:00-04:00,35.2599983215332,35.40800094604492,35.2599983215332,35.40800094604492,3500,0.0,0.0,0.0
2023-06-09 00:00:00-04:00,35.494998931884766,35.52000045776367,35.439998626708984,35.439998626708984,10100,0.0,0.0,0.0
2023-06-12 00:00:00-04:00,35.439998626708984,35.62900161743164,35.439998626708984,35.62900161743164,23300,0.0,0.0,0.0
2023-06-13 00:00:00-04:00,35.79600143432617,35.81399917602539,35.7400016784668,35.79499816894531,11300,0.0,0.0,0.0
2023-06-14 00:00:00-04:00,35.84000015258789,35.939998626708984,35.68000030517578,35.810001373291016,10400,0.0,0.0,0.0
2023-06-15 00:00:00-04:00,35.935001373291016,36.099998474121094,35.935001373291016,36.04999923706055,9300,0.0,0.0,0.0
2023-06-16 00:00:00-04:00,36.08000183105469,36.15999984741211,36.01900100708008,36.01900100708008,29900,0.0,0.0,0.0
2023-06-20 00:00:00-04:00,35.880001068115234,35.970001220703125,35.81800079345703,35.900001525878906,11200,0.0,0.0,0.0
2023-06-21 00:00:00-04:00,35.869998931884766,35.89500045776367,35.779998779296875,35.81999969482422,11300,0.0,0.0,0.0
2023-06-22 00:00:00-04:00,35.86000061035156,35.95000076293945,35.83000183105469,35.90999984741211,9000,0.0,0.0,0.0
2023-06-23 00:00:00-04:00,35.720001220703125,35.869998931884766,35.720001220703125,35.779998779296875,9700,0.0,0.0,0.0
2023-06-26 00:00:00-04:00,35.76499938964844,35.76900100708008,35.70000076293945,35.70000076293945,1800,0.0,0.0,0.0
2023-06-27 00:00:00-04:00,35.75,35.970001220703125,35.74100112915039,35.91999816894531,8400,0.0,0.0,0.0
2023-06-28 00:00:00-04:00,35.86000061035156,35.97999954223633,35.86000061035156,35.93000030517578,20900,0.0,0.0,0.0
2023-06-29 00:00:00-04:00,35.91999816894531,36.040000915527344,35.91999816894531,36.040000915527344,16800,0.0,0.0,0.0
2023-06-30 00:00:00-04:00,36.20000076293945,36.35200119018555,36.20000076293945,36.29999923706055,13300,0.0,0.0,0.0
2023-07-03 00:00:00-04:00,36.310001373291016,36.34000015258789,36.30099868774414,36.33000183105469,11000,0.0,0.0,0.0
2023-07-05 00:00:00-04:00,36.297000885009766,36.33000183105469,36.2599983215332,36.290000915527344,17800,0.0,0.0,0.0
2023-07-06 00:00:00-04:00,36.09000015258789,36.15999984741211,36.0099983215332,36.119998931884766,12000,0.0,0.0,0.0
2023-07-07 00:00:00-04:00,35.790000915527344,36.26499938964844,35.790000915527344,36.11000061035156,16900,0.0,0.0,0.0
2023-07-10 00:00:00-04:00,36.11000061035156,36.15999984741211,36.09000015258789,36.130001068115234,2700,0.0,0.0,0.0
2023-07-11 00:00:00-04:00,36.18000030517578,36.31100082397461,36.18000030517578,36.290000915527344,18500,0.0,0.0,0.0
2023-07-12 00:00:00-04:00,36.459999084472656,36.599998474121094,36.45000076293945,36.470001220703125,18600,0.0,0.0,0.0
2023-07-13 00:00:00-04:00,36.61000061035156,36.654998779296875,36.540000915527344,36.650001525878906,5400,0.0,0.0,0.0
2023-07-14 00:00:00-04:00,36.650001525878906,36.68000030517578,36.58000183105469,36.625,12000,0.0,0.0,0.0
2023-07-17 00:00:00-04:00,36.70800018310547,36.72999954223633,36.63999938964844,36.66999816894531,59600,0.0,0.0,0.0
2023-07-18 00:00:00-04:00,36.65999984741211,36.849998474121094,36.65999984741211,36.810001373291016,106900,0.0,0.0,0.0
2023-07-19 00:00:00-04:00,36.900001525878906,36.90999984741211,36.81999969482422,36.84000015258789,8000,0.0,0.0,0.0
2023-07-20 00:00:00-04:00,36.869998931884766,36.869998931884766,36.70000076293945,36.720001220703125,20700,0.0,0.0,0.0
2023-07-21 00:00:00-04:00,36.79999923706055,36.810001373291016,36.7400016784668,36.75,11800,0.0,0.0,0.0
2023-07-24 00:00:00-04:00,36.85499954223633,36.8849983215332,36.77000045776367,36.81999969482422,24900,0.0,0.0,0.0
2023-07-25 00:00:00-04:00,36.875,36.922000885009766,36.84000015258789,36.90999984741211,17700,0.0,0.0,0.0
2023-07-26 00:00:00-04:00,36.81999969482422,36.974998474121094,36.81999969482422,36.90399932861328,20700,0.0,0.0,0.0
2023-07-27 00:00:00-04:00,37.03499984741211,37.040000915527344,36.7599983215332,36.7599983215332,123900,0.0,0.0,0.0
2023-07-28 00:00:00-04:00,36.900001525878906,36.994998931884766,36.900001525878906,36.994998931884766,5800,0.0,0.0,0.0
2023-07-31 00:00:00-04:00,36.959999084472656,36.986000061035156,36.93000030517578,36.986000061035156,13700,0.0,0.0,0.0
2023-08-01 00:00:00-04:00,36.939998626708984,36.9640007019043,36.88999938964844,36.9640007019043,10300,0.0,0.0,0.0
2023-08-02 00:00:00-04:00,36.810001373291016,36.810001373291016,36.62099838256836,36.69200134277344,11200,0.0,0.0,0.0
2023-08-03 00:00:00-04:00,36.58000183105469,36.689998626708984,36.54999923706055,36.65599822998047,11500,0.0,0.0,0.0
2023-08-04 00:00:00-04:00,36.720001220703125,36.79999923706055,36.52000045776367,36.54100036621094,35400,0.0,0.0,0.0
2023-08-07 00:00:00-04:00,36.630001068115234,36.755001068115234,36.612998962402344,36.755001068115234,19900,0.0,0.0,0.0
2023-08-08 00:00:00-04:00,36.4739990234375,36.650001525878906,36.45000076293945,36.630001068115234,13500,0.0,0.0,0.0
2023-08-09 00:00:00-04:00,36.540000915527344,36.630001068115234,36.46099853515625,36.53499984741211,15700,0.0,0.0,0.0
2023-08-10 00:00:00-04:00,36.709999084472656,36.7599983215332,36.5099983215332,36.540000915527344,43100,0.0,0.0,0.0
2023-08-11 00:00:00-04:00,36.38999938964844,36.540000915527344,36.38999938964844,36.527000427246094,11000,0.0,0.0,0.0
2023-08-14 00:00:00-04:00,36.54999923706055,36.654998779296875,36.54999923706055,36.65299987792969,20000,0.0,0.0,0.0
2023-08-15 00:00:00-04:00,36.540000915527344,36.540000915527344,36.33100128173828,36.4119987487793,32600,0.0,0.0,0.0
2023-08-16 00:00:00-04:00,36.33000183105469,36.43000030517578,36.209999084472656,36.22800064086914,11700,0.0,0.0,0.0
2023-08-17 00:00:00-04:00,36.220001220703125,36.22999954223633,35.9900016784668,36.02000045776367,9700,0.0,0.0,0.0
2023-08-18 00:00:00-04:00,35.790000915527344,36.058998107910156,35.790000915527344,36.0,17700,0.0,0.0,0.0
2023-08-21 00:00:00-04:00,36.130001068115234,36.21799850463867,35.95000076293945,36.2130012512207,9300,0.0,0.0,0.0
2023-08-22 00:00:00-04:00,36.25,36.25,36.09000015258789,36.11899948120117,19400,0.0,0.0,0.0
2023-08-23 00:00:00-04:00,36.15999984741211,36.433998107910156,36.15999984741211,36.38800048828125,30500,0.0,0.0,0.0
2023-08-24 00:00:00-04:00,36.5,36.5099983215332,36.09000015258789,36.09000015258789,14600,0.0,0.0,0.0
2023-08-25 00:00:00-04:00,36.220001220703125,36.279998779296875,35.970001220703125,36.25299835205078,30500,0.0,0.0,0.0
2023-08-28 00:00:00-04:00,36.369998931884766,36.43000030517578,36.32500076293945,36.400001525878906,5600,0.0,0.0,0.0
2023-08-29 00:00:00-04:00,36.349998474121094,36.784000396728516,36.349998474121094,36.770999908447266,9100,0.0,0.0,0.0
2023-08-30 00:00:00-04:00,36.904998779296875,36.904998779296875,36.81999969482422,36.869998931884766,17900,0.0,0.0,0.0
2023-08-31 00:00:00-04:00,36.880001068115234,36.970001220703125,36.86000061035156,36.893001556396484,5500,0.0,0.0,0.0
2023-09-01 00:00:00-04:00,36.939998626708984,37.0,36.849998474121094,36.926998138427734,3600,0.0,0.0,0.0
2023-09-05 00:00:00-04:00,36.880001068115234,36.92499923706055,36.81999969482422,36.8489990234375,3300,0.0,0.0,0.0
2023-09-06 00:00:00-04:00,36.790000915527344,36.790000915527344,36.52000045776367,36.67300033569336,28400,0.0,0.0,0.0
2023-09-07 00:00:00-04:00,36.47999954223633,36.630001068115234,36.470001220703125,36.617000579833984,20700,0.0,0.0,0.0
2023-09-08 00:00:00-04:00,36.65999984741211,36.7400016784668,36.599998474121094,36.63800048828125,11300,0.0,0.0,0.0
2023-09-11 00:00:00-04:00,36.75,36.81999969482422,36.72999954223633,36.8120002746582,8100,0.0,0.0,0.0
2023-09-12 00:00:00-04:00,36.75,36.81999969482422,36.66999816894531,36.689998626708984,22300,0.0,0.0,0.0
2023-09-13 00:00:00-04:00,36.66999816894531,36.779998779296875,36.66999816894531,36.72999954223633,163100,0.0,0.0,0.0
2023-09-14 00:00:00-04:00,36.84000015258789,37.0099983215332,36.84000015258789,36.96799850463867,4300,0.0,0.0,0.0
2023-09-15 00:00:00-04:00,36.79999923706055,36.79999923706055,36.625,36.650001525878906,7500,0.0,0.0,0.0
2023-09-18 00:00:00-04:00,36.67900085449219,36.72999954223633,36.65999984741211,36.65999984741211,4900,0.0,0.0,0.0
2023-09-19 00:00:00-04:00,36.66999816894531,36.66999816894531,36.43000030517578,36.608001708984375,14800,0.0,0.0,0.0
2023-09-20 00:00:00-04:00,36.729000091552734,36.729000091552734,36.369998931884766,36.37300109863281,18500,0.0,0.0,0.0
2023-09-21 00:00:00-04:00,36.040000915527344,36.04999923706055,35.847999572753906,35.847999572753906,48300,0.0,0.0,0.0
2023-09-22 00:00:00-04:00,35.86000061035156,36.0099983215332,35.7400016784668,35.7400016784668,3600,0.0,0.0,0.0
2023-09-25 00:00:00-04:00,35.63999938964844,35.849998474121094,35.63999938964844,35.849998474121094,4500,0.0,0.0,0.0
2023-09-26 00:00:00-04:00,35.512001037597656,35.529998779296875,35.369998931884766,35.400001525878906,10700,0.0,0.0,0.0
2023-09-27 00:00:00-04:00,35.41999816894531,35.486000061035156,35.310001373291016,35.380001068115234,16500,0.0,0.0,0.0
2023-09-28 00:00:00-04:00,35.380001068115234,35.64400100708008,35.36000061035156,35.584999084472656,13600,0.0,0.0,0.0
2023-09-29 00:00:00-04:00,35.72999954223633,35.78499984741211,35.43000030517578,35.47999954223633,45900,0.0,0.0,0.0
2023-10-02 00:00:00-04:00,35.540000915527344,35.540000915527344,35.31999969482422,35.486000061035156,7500,0.0,0.0,0.0
2023-10-03 00:00:00-04:00,35.400001525878906,35.400001525878906,34.959999084472656,35.03200149536133,14600,0.0,0.0,0.0
2023-10-04 00:00:00-04:00,35.071998596191406,35.33700180053711,34.9900016784668,35.33700180053711,4900,0.0,0.0,0.0
2023-10-05 00:00:00-04:00,35.027000427246094,35.30500030517578,35.027000427246094,35.26499938964844,17600,0.0,0.0,0.0
2023-10-06 00:00:00-04:00,35.099998474121094,35.7400016784668,35.099998474121094,35.68299865722656,15700,0.0,0.0,0.0
2023-10-09 00:00:00-04:00,35.540000915527344,35.902000427246094,35.540000915527344,35.86899948120117,14600,0.0,0.0,0.0
2023-10-10 00:00:00-04:00,36.04999923706055,36.209999084472656,36.01100158691406,36.01100158691406,10700,0.0,0.0,0.0
2023-10-11 00:00:00-04:00,36.11000061035156,36.15999984741211,35.95000076293945,36.15999984741211,10800,0.0,0.0,0.0
2023-10-12 00:00:00-04:00,36.15999984741211,36.22999954223633,35.81999969482422,35.99399948120117,3500,0.0,0.0,0.0
2023-10-13 00:00:00-04:00,35.90999984741211,35.90999984741211,35.77000045776367,35.82500076293945,1300,0.0,0.0,0.0
2023-10-16 00:00:00-04:00,36.20399856567383,36.2599983215332,36.15700149536133,36.2400016784668,67400,0.0,0.0,0.0
2023-10-17 00:00:00-04:00,36.04999923706055,36.310001373291016,36.04999923706055,36.178001403808594,3900,0.0,0.0,0.0
2023-10-18 00:00:00-04:00,36.029998779296875,36.029998779296875,35.72999954223633,35.72999954223633,25000,0.0,0.0,0.0
2023-10-19 00:00:00-04:00,35.72999954223633,35.7599983215332,35.400001525878906,35.43000030517578,2900,0.0,0.0,0.0
2023-10-20 00:00:00-04:00,35.11000061035156,35.229000091552734,34.9900016784668,35.03099822998047,9900,0.0,0.0,0.0
2023-10-23 00:00:00-04:00,34.75,35.16999816894531,34.75,34.93600082397461,4100,0.0,0.0,0.0
2023-10-24 00:00:00-04:00,35.16999816894531,35.2599983215332,34.992000579833984,35.249000549316406,325300,0.0,0.0,0.0
2023-10-25 00:00:00-04:00,34.91999816894531,35.0099983215332,34.6510009765625,34.68899917602539,837700,0.0,0.0,0.0
2023-10-26 00:00:00-04:00,34.481998443603516,34.492000579833984,34.28799819946289,34.28799819946289,9500,0.0,0.0,0.0
2023-10-27 00:00:00-04:00,34.369998931884766,34.369998931884766,34.029998779296875,34.08000183105469,10400,0.0,0.0,0.0
2023-10-30 00:00:00-04:00,34.465999603271484,34.529998779296875,34.25,34.500999450683594,9800,0.0,0.0,0.0
2023-10-31 00:00:00-04:00,34.4900016784668,34.71500015258789,34.4900016784668,34.7130012512207,30900,0.0,0.0,0.0
2023-11-01 00:00:00-04:00,35.0,35.08399963378906,34.779998779296875,35.08399963378906,5000,0.0,0.0,0.0
2023-11-02 00:00:00-04:00,35.400001525878906,35.75,35.400001525878906,35.75,10600,0.0,0.0,0.0
2023-11-03 00:00:00-04:00,35.869998931884766,36.15999984741211,35.869998931884766,36.07600021362305,14100,0.0,0.0,0.0
2023-11-06 00:00:00-05:00,36.14099884033203,36.15999984741211,35.959999084472656,36.099998474121094,18400,0.0,0.0,0.0
2023-11-07 00:00:00-05:00,36.1619987487793,36.279998779296875,36.15999984741211,36.2130012512207,12500,0.0,0.0,0.0
2023-11-08 00:00:00-05:00,36.220001220703125,36.279998779296875,36.11000061035156,36.2400016784668,6500,0.0,0.0,0.0
2023-11-09 00:00:00-05:00,36.310001373291016,36.310001373291016,35.904998779296875,35.95000076293945,5300,0.0,0.0,0.0
2023-11-10 00:00:00-05:00,36.060001373291016,36.5369987487793,36.060001373291016,36.5369987487793,8600,0.0,0.0,0.0
2023-11-13 00:00:00-05:00,36.369998931884766,36.59000015258789,36.36000061035156,36.51499938964844,15700,0.0,0.0,0.0
2023-11-14 00:00:00-05:00,37.209999084472656,37.290000915527344,37.15999984741211,37.20100021362305,31200,0.0,0.0,0.0
2023-11-15 00:00:00-05:00,37.27000045776367,37.430999755859375,37.22999954223633,37.2400016784668,26900,0.0,0.0,0.0
2023-11-16 00:00:00-05:00,37.2599983215332,37.400001525878906,37.20000076293945,37.29999923706055,378000,0.0,0.0,0.0
2023-11-17 00:00:00-05:00,37.36899948120117,37.439998626708984,37.25,37.34000015258789,288900,0.0,0.0,0.0
2023-11-20 00:00:00-05:00,37.5099983215332,37.61899948120117,37.409000396728516,37.58000183105469,166400,0.0,0.0,0.0
2023-11-21 00:00:00-05:00,37.54999923706055,37.560001373291016,37.400001525878906,37.540000915527344,497100,0.0,0.0,0.0
2023-11-22 00:00:00-05:00,37.650001525878906,37.650001525878906,37.54999923706055,37.56999969482422,435500,0.0,0.0,0.0
2023-11-24 00:00:00-05:00,37.619998931884766,37.650001525878906,37.5620002746582,37.650001525878906,42400,0.0,0.0,0.0
2023-11-27 00:00:00-05:00,37.540000915527344,37.63999938964844,37.540000915527344,37.573001861572266,60700,0.0,0.0,0.0
2023-11-28 00:00:00-05:00,37.619998931884766,37.70000076293945,37.54199981689453,37.599998474121094,46800,0.0,0.0,0.0
2023-11-29 00:00:00-05:00,37.70000076293945,37.744998931884766,37.59000015258789,37.61600112915039,69600,0.0,0.0,0.0
2023-11-30 00:00:00-05:00,37.59000015258789,37.68199920654297,37.54999923706055,37.68199920654297,40600,0.0,0.0,0.0
2023-12-01 00:00:00-05:00,37.68000030517578,37.88999938964844,37.6609992980957,37.86000061035156,199700,0.0,0.0,0.0
2023-12-04 00:00:00-05:00,37.63999938964844,37.7400016784668,37.56999969482422,37.71799850463867,36800,0.0,0.0,0.0
2023-12-05 00:00:00-05:00,37.70000076293945,37.77000045776367,37.638999938964844,37.689998626708984,46700,0.0,0.0,0.0
2023-12-06 00:00:00-05:00,37.790000915527344,37.790000915527344,37.650001525878906,37.66999816894531,38400,0.0,0.0,0.0
2023-12-07 00:00:00-05:00,37.7599983215332,37.84000015258789,37.75,37.79999923706055,24500,0.0,0.0,0.0
2023-12-08 00:00:00-05:00,37.79999923706055,37.93000030517578,37.7599983215332,37.900001525878906,28200,0.0,0.0,0.0
2023-12-11 00:00:00-05:00,37.81999969482422,38.0,37.81999969482422,38.0,23400,0.0,0.0,0.0
2023-12-12 00:00:00-05:00,37.93000030517578,38.099998474121094,37.93000030517578,38.099998474121094,45600,0.0,0.0,0.0
2023-12-13 00:00:00-05:00,38.09000015258789,38.409000396728516,38.077999114990234,38.3650016784668,29700,0.0,0.0,0.0
2023-12-14 00:00:00-05:00,38.41999816894531,38.5,38.310001373291016,38.45000076293945,36300,0.0,0.0,0.0
2023-12-15 00:00:00-05:00,38.45000076293945,38.4900016784668,38.349998474121094,38.470001220703125,30700,0.0,0.0,0.0
2023-12-18 00:00:00-05:00,38.529998779296875,38.560001373291016,38.459999084472656,38.540000915527344,396300,0.0,0.0,0.0
2023-12-19 00:00:00-05:00,38.5099983215332,38.61000061035156,38.5099983215332,38.582000732421875,28600,0.0,0.0,0.0
2023-12-20 00:00:00-05:00,38.58000183105469,38.65999984741211,38.34600067138672,38.34600067138672,21000,0.0,0.0,0.0
2023-12-21 00:00:00-05:00,38.470001220703125,38.479000091552734,38.36000061035156,38.47100067138672,39100,0.0,0.0,0.0
2023-12-22 00:00:00-05:00,38.595001220703125,38.599998474121094,38.47999954223633,38.560001373291016,3200,0.0,0.0,0.0
2023-12-26 00:00:00-05:00,38.54999923706055,38.65999984741211,38.54999923706055,38.64500045776367,6400,0.0,0.0,0.0
2023-12-27 00:00:00-05:00,38.68000030517578,38.70000076293945,38.599998474121094,38.6619987487793,7400,0.0,0.0,0.0
2023-12-28 00:00:00-05:00,38.7400016784668,38.75,38.68000030517578,38.709999084472656,20100,0.0,0.0,0.0
2023-12-29 00:00:00-05:00,38.709999084472656,38.7400016784668,38.54999923706055,38.720001220703125,20100,0.0,0.0,0.0
2024-01-02 00:00:00-05:00,38.52000045776367,38.61000061035156,38.4900016784668,38.560001373291016,14900,0.0,0.0,0.0
2024-01-03 00:00:00-05:00,38.43000030517578,38.4900016784668,38.38800048828125,38.38800048828125,22500,0.0,0.0,0.0
2024-01-04 00:00:00-05:00,38.42499923706055,38.45000076293945,38.349998474121094,38.36000061035156,5800,0.0,0.0,0.0
2024-01-05 00:00:00-05:00,38.310001373291016,38.4379997253418,38.29999923706055,38.391998291015625,13400,0.0,0.0,0.0
2024-01-08 00:00:00-05:00,38.470001220703125,38.65399932861328,38.470001220703125,38.65399932861328,3500,0.0,0.0,0.0
2024-01-09 00:00:00-05:00,38.56999969482422,38.68000030517578,38.54999923706055,38.641998291015625,3400,0.0,0.0,0.0
2024-01-10 00:00:00-05:00,38.678001403808594,38.790000915527344,38.66999816894531,38.790000915527344,5500,0.0,0.0,0.0
2024-01-11 00:00:00-05:00,38.678001403808594,38.76300048828125,38.678001403808594,38.76300048828125,6000,0.0,0.0,0.0
2024-01-12 00:00:00-05:00,38.880001068115234,38.880001068115234,38.74300003051758,38.84000015258789,2400,0.0,0.0,0.0
2024-01-16 00:00:00-05:00,38.689998626708984,38.7599983215332,38.65999984741211,38.696998596191406,13600,0.0,0.0,0.0
2024-01-17 00:00:00-05:00,38.56100082397461,38.59400177001953,38.529998779296875,38.59400177001953,16700,0.0,0.0,0.0
2024-01-18 00:00:00-05:00,38.630001068115234,38.79100036621094,38.630001068115234,38.79100036621094,5900,0.0,0.0,0.0
2024-01-19 00:00:00-05:00,38.834999084472656,39.04999923706055,38.834999084472656,39.02899932861328,5300,0.0,0.0,0.0
2024-01-22 00:00:00-05:00,39.099998474121094,39.11000061035156,39.029998779296875,39.11000061035156,12500,0.0,0.0,0.0
2024-01-23 00:00:00-05:00,39.060001373291016,39.13999938964844,39.04999923706055,39.130001068115234,8800,0.0,0.0,0.0
2024-01-24 00:00:00-05:00,39.189998626708984,39.279998779296875,39.15800094604492,39.15800094604492,10300,0.0,0.0,0.0
2024-01-25 00:00:00-05:00,39.18000030517578,39.25400161743164,39.150001525878906,39.22700119018555,7100,0.0,0.0,0.0
2024-01-26 00:00:00-05:00,39.22999954223633,39.25,39.189998626708984,39.189998626708984,8700,0.0,0.0,0.0
2024-01-29 00:00:00-05:00,39.220001220703125,39.349998474121094,39.189998626708984,39.3380012512207,17100,0.0,0.0,0.0
2024-01-30 00:00:00-05:00,39.369998931884766,39.369998931884766,39.209999084472656,39.29999923706055,121600,0.0,0.0,0.0
2024-01-31 00:00:00-05:00,39.150001525878906,39.20500183105469,39.02000045776367,39.02000045776367,8500,0.0,0.0,0.0
2024-02-01 00:00:00-05:00,38.970001220703125,39.2599983215332,38.970001220703125,39.2400016784668,9500,0.0,0.0,0.0
2024-02-02 00:00:00-05:00,39.27000045776367,39.47999954223633,39.27000045776367,39.444000244140625,7900,0.0,0.0,0.0
2024-02-05 00:00:00-05:00,39.310001373291016,39.41999816894531,39.310001373291016,39.369998931884766,2700,0.0,0.0,0.0
2024-02-06 00:00:00-05:00,39.40999984741211,39.40999984741211,39.349998474121094,39.400001525878906,28400,0.0,0.0,0.0
2024-02-07 00:00:00-05:00,39.52000045776367,39.59000015258789,39.5099983215332,39.560001373291016,19300,0.0,0.0,0.0
2024-02-08 00:00:00-05:00,39.560001373291016,39.59000015258789,39.529998779296875,39.56100082397461,3000,0.0,0.0,0.0
2024-02-09 00:00:00-05:00,39.59400177001953,39.65999984741211,39.59400177001953,39.650001525878906,18100,0.0,0.0,0.0
2024-02-12 00:00:00-05:00,39.65999984741211,39.709999084472656,39.599998474121094,39.599998474121094,7700,0.0,0.0,0.0
2024-02-13 00:00:00-05:00,39.36000061035156,39.441001892089844,39.310001373291016,39.38399887084961,12200,0.0,0.0,0.0
2024-02-14 00:00:00-05:00,39.5260009765625,39.564998626708984,39.45000076293945,39.564998626708984,12300,0.0,0.0,0.0
2024-02-15 00:00:00-05:00,39.58000183105469,39.68000030517578,39.540000915527344,39.68000030517578,35800,0.0,0.0,0.0
2024-02-16 00:00:00-05:00,39.689998626708984,39.689998626708984,39.582000732421875,39.59400177001953,9200,0.0,0.0,0.0
2024-02-20 00:00:00-05:00,39.58000183105469,39.58000183105469,39.45899963378906,39.492000579833984,27300,0.0,0.0,0.0
2024-02-21 00:00:00-05:00,39.47999954223633,39.540000915527344,39.4109992980957,39.540000915527344,8200,0.0,0.0,0.0
2024-02-22 00:00:00-05:00,39.75,39.869998931884766,39.72999954223633,39.810001373291016,20100,0.0,0.0,0.0
2024-02-23 00:00:00-05:00,39.900001525878906,39.900001525878906,39.816001892089844,39.84000015258789,11700,0.0,0.0,0.0
2024-02-26 00:00:00-05:00,39.84000015258789,39.869998931884766,39.779998779296875,39.79999923706055,14200,0.0,0.0,0.0
2024-02-27 00:00:00-05:00,39.78799819946289,39.86000061035156,39.77000045776367,39.849998474121094,7000,0.0,0.0,0.0
2024-02-28 00:00:00-05:00,39.77000045776367,39.86000061035156,39.77000045776367,39.81399917602539,9900,0.0,0.0,0.0
2024-02-29 00:00:00-05:00,39.84000015258789,39.909000396728516,39.79999923706055,39.909000396728516,17900,0.0,0.0,0.0
2024-03-01 00:00:00-05:00,39.88999938964844,40.00400161743164,39.88999938964844,39.97999954223633,6200,0.0,0.0,0.0
2024-03-04 00:00:00-05:00,39.939998626708984,40.02000045776367,39.939998626708984,39.95000076293945,13500,0.0,0.0,0.0
2024-03-05 00:00:00-05:00,39.88999938964844,39.88999938964844,39.766998291015625,39.82600021362305,9100,0.0,0.0,0.0
2024-03-06 00:00:00-05:00,39.86000061035156,39.94499969482422,39.86000061035156,39.9109992980957,4200,0.0,0.0,0.0
2024-03-07 00:00:00-05:00,40.040000915527344,40.04499816894531,40.0,40.04100036621094,2800,0.0,0.0,0.0
2024-03-08 00:00:00-05:00,40.029998779296875,40.18000030517578,39.900001525878906,39.970001220703125,7600,0.0,0.0,0.0
2024-03-11 00:00:00-04:00,39.85499954223633,39.95500183105469,39.85499954223633,39.93899917602539,24600,0.0,0.0,0.0
2024-03-12 00:00:00-04:00,40.0,40.08000183105469,39.97999954223633,40.029998779296875,10900,0.0,0.0,0.0
2024-03-13 00:00:00-04:00,40.02000045776367,40.09400177001953,40.02000045776367,40.060001373291016,16500,0.0,0.0,0.0
2024-03-14 00:00:00-04:00,40.040000915527344,40.05400085449219,39.959999084472656,40.0,98100,0.0,0.0,0.0
2024-03-15 00:00:00-04:00,39.939998626708984,39.95000076293945,39.900001525878906,39.90999984741211,31800,0.0,0.0,0.0
2024-03-18 00:00:00-04:00,40.06999969482422,40.10499954223633,40.029998779296875,40.047000885009766,29500,0.0,0.0,0.0
2024-03-19 00:00:00-04:00,40.00400161743164,40.143001556396484,39.97999954223633,40.143001556396484,16700,0.0,0.0,0.0
2024-03-20 00:00:00-04:00,40.13999938964844,40.25199890136719,40.119998931884766,40.25199890136719,13700,0.0,0.0,0.0
2024-03-21 00:00:00-04:00,40.310001373291016,40.34000015258789,40.279998779296875,40.310001373291016,27900,0.0,0.0,0.0
2024-03-22 00:00:00-04:00,40.314998626708984,40.314998626708984,40.27000045776367,40.31399917602539,5400,0.0,0.0,0.0
2024-03-25 00:00:00-04:00,40.2599983215332,40.308998107910156,40.2599983215332,40.27199935913086,4300,0.0,0.0,0.0
2024-03-26 00:00:00-04:00,40.279998779296875,40.310001373291016,40.2400016784668,40.2400016784668,5800,0.0,0.0,0.0
2024-03-27 00:00:00-04:00,40.27000045776367,40.33000183105469,40.2599983215332,40.33000183105469,9000,0.0,0.0,0.0
2024-03-28 00:00:00-04:00,40.380001068115234,40.39400100708008,40.35100173950195,40.39400100708008,4400,0.0,0.0,0.0
2024-04-01 00:00:00-04:00,40.369998931884766,40.400001525878906,40.310001373291016,40.375,130300,0.0,0.0,0.0
2024-04-02 00:00:00-04:00,40.189998626708984,40.25199890136719,40.18000030517578,40.2400016784668,29600,0.0,0.0,0.0
2024-04-03 00:00:00-04:00,40.2599983215332,40.34000015258789,40.220001220703125,40.31999969482422,30800,0.0,0.0,0.0
2024-04-04 00:00:00-04:00,40.34000015258789,40.400001525878906,40.090999603271484,40.11000061035156,10100,0.0,0.0,0.0
2024-04-05 00:00:00-04:00,40.268001556396484,40.33000183105469,40.22999954223633,40.22999954223633,2900,0.0,0.0,0.0
2024-04-08 00:00:00-04:00,40.279998779296875,40.33000183105469,40.25,40.279998779296875,7800,0.0,0.0,0.0
2024-04-09 00:00:00-04:00,40.26900100708008,40.27000045776367,40.2400016784668,40.27000045776367,2700,0.0,0.0,0.0
2024-04-10 00:00:00-04:00,40.150001525878906,40.17499923706055,40.09000015258789,40.150001525878906,3900,0.0,0.0,0.0
2024-04-11 00:00:00-04:00,40.18000030517578,40.27799987792969,40.119998931884766,40.25,2900,0.0,0.0,0.0
2024-04-12 00:00:00-04:00,40.150001525878906,40.150001525878906,39.97999954223633,40.02000045776367,4600,0.0,0.0,0.0
2024-04-15 00:00:00-04:00,40.15999984741211,40.185001373291016,39.83000183105469,39.87200164794922,12400,0.0,0.0,0.0
2024-04-16 00:00:00-04:00,39.810001373291016,39.880001068115234,39.810001373291016,39.869998931884766,1300,0.0,0.0,0.0
2024-04-17 00:00:00-04:00,39.97999954223633,39.97999954223633,39.77000045776367,39.77000045776367,1600,0.0,0.0,0.0
2024-04-18 00:00:00-04:00,39.88999938964844,39.88999938964844,39.720001220703125,39.74399948120117,800,0.0,0.0,0.0
2024-04-19 00:00:00-04:00,39.75,39.77000045776367,39.560001373291016,39.595001220703125,4800,0.0,0.0,0.0
2024-04-22 00:00:00-04:00,39.72100067138672,39.8849983215332,39.650001525878906,39.79100036621094,12100,0.0,0.0,0.0
2024-04-23 00:00:00-04:00,39.91299819946289,40.060001373291016,39.91299819946289,40.01599884033203,1900,0.0,0.0,0.0
2024-04-24 00:00:00-04:00,40.029998779296875,40.04999923706055,39.93000030517578,40.04999923706055,34500,0.0,0.0,0.0
2024-04-25 00:00:00-04:00,39.7599983215332,39.97999954223633,39.7599983215332,39.972999572753906,2900,0.0,0.0,0.0
2024-04-26 00:00:00-04:00,40.152000427246094,40.183998107910156,40.150001525878906,40.15999984741211,8900,0.0,0.0,0.0
2024-04-29 00:00:00-04:00,40.220001220703125,40.22999954223633,40.13999938964844,40.19599914550781,3000,0.0,0.0,0.0
2024-04-30 00:00:00-04:00,40.15999984741211,40.15999984741211,39.98099899291992,39.98099899291992,7600,0.0,0.0,0.0
2024-05-01 00:00:00-04:00,39.90999984741211,40.09000015258789,39.880001068115234,39.915000915527344,1500,0.0,0.0,0.0
2024-05-02 00:00:00-04:00,39.869998931884766,40.084999084472656,39.869998931884766,40.02000045776367,4300,0.0,0.0,0.0
2024-05-03 00:00:00-04:00,40.2400016784668,40.310001373291016,40.209999084472656,40.290000915527344,6600,0.0,0.0,0.0
2024-05-06 00:00:00-04:00,40.349998474121094,40.459999084472656,40.34000015258789,40.459999084472656,7100,0.0,0.0,0.0
2024-05-07 00:00:00-04:00,40.459999084472656,40.56999969482422,40.459999084472656,40.5099983215332,7400,0.0,0.0,0.0
2024-05-08 00:00:00-04:00,40.41999816894531,40.5099983215332,40.41999816894531,40.5099983215332,2000,0.0,0.0,0.0
2024-05-09 00:00:00-04:00,40.4900016784668,40.61000061035156,40.4900016784668,40.58100128173828,3700,0.0,0.0,0.0
2024-05-10 00:00:00-04:00,40.630001068115234,40.659000396728516,40.599998474121094,40.659000396728516,2100,0.0,0.0,0.0
2024-05-13 00:00:00-04:00,40.654998779296875,40.65999984741211,40.619998931884766,40.63100051879883,1600,0.0,0.0,0.0
2024-05-14 00:00:00-04:00,40.63999938964844,40.724998474121094,40.630001068115234,40.724998474121094,17700,0.0,0.0,0.0
2024-05-15 00:00:00-04:00,40.7400016784668,40.880001068115234,40.7400016784668,40.869998931884766,50200,0.0,0.0,0.0
2024-05-16 00:00:00-04:00,40.849998474121094,40.939998626708984,40.849998474121094,40.8849983215332,66500,0.0,0.0,0.0
2024-05-17 00:00:00-04:00,40.86000061035156,40.939998626708984,40.849998474121094,40.915000915527344,15800,0.0,0.0,0.0
2024-05-20 00:00:00-04:00,40.97700119018555,40.97700119018555,40.935001373291016,40.935001373291016,1500,0.0,0.0,0.0
2024-05-21 00:00:00-04:00,40.880001068115234,40.979000091552734,40.880001068115234,40.979000091552734,5100,0.0,0.0,0.0
2024-05-22 00:00:00-04:00,40.97999954223633,41.0,40.900001525878906,40.93600082397461,10300,0.0,0.0,0.0
2024-05-23 00:00:00-04:00,40.915000915527344,40.915000915527344,40.82099914550781,40.86800003051758,2300,0.0,0.0,0.0
2024-05-24 00:00:00-04:00,40.900001525878906,41.0099983215332,40.900001525878906,40.97999954223633,8700,0.0,0.0,0.0
2024-05-28 00:00:00-04:00,40.970001220703125,41.0,40.965999603271484,40.965999603271484,3200,0.0,0.0,0.0
2024-05-29 00:00:00-04:00,40.880001068115234,40.95000076293945,40.880001068115234,40.900001525878906,4900,0.0,0.0,0.0
2024-05-30 00:00:00-04:00,40.83000183105469,40.90999984741211,40.79999923706055,40.83300018310547,7500,0.0,0.0,0.0
2024-05-31 00:00:00-04:00,40.849998474121094,40.95000076293945,40.72999954223633,40.95000076293945,9700,0.0,0.0,0.0
2024-06-03 00:00:00-04:00,40.97999954223633,41.0,40.86000061035156,40.965999603271484,16900,0.0,0.0,0.0
2024-06-04 00:00:00-04:00,41.15999984741211,41.15999984741211,40.900001525878906,40.97800064086914,1900,0.0,0.0,0.0
2024-06-05 00:00:00-04:00,41.02000045776367,41.13999938964844,40.9900016784668,41.13999938964844,5800,0.0,0.0,0.0
2024-06-06 00:00:00-04:00,41.119998931884766,41.12699890136719,41.0880012512207,41.12699890136719,600,0.0,0.0,0.0
2024-06-07 00:00:00-04:00,41.150001525878906,41.16999816894531,41.119998931884766,41.1349983215332,5200,0.0,0.0,0.0
2024-06-10 00:00:00-04:00,41.09000015258789,41.18000030517578,41.09000015258789,41.15999984741211,5600,0.0,0.0,0.0
2024-06-11 00:00:00-04:00,41.11000061035156,41.209999084472656,41.099998474121094,41.183998107910156,4900,0.0,0.0,0.0
2024-06-12 00:00:00-04:00,41.29899978637695,41.31999969482422,41.22999954223633,41.3120002746582,33400,0.0,0.0,0.0
2024-06-13 00:00:00-04:00,41.290000915527344,41.32099914550781,41.25,41.32099914550781,4600,0.0,0.0,0.0
2024-06-14 00:00:00-04:00,41.31999969482422,41.31999969482422,41.2400016784668,41.29399871826172,4200,0.0,0.0,0.0
2024-06-17 00:00:00-04:00,41.25,41.400001525878906,41.25,41.310001373291016,13300,0.0,0.0,0.0
2024-06-18 00:00:00-04:00,41.349998474121094,41.400001525878906,41.33000183105469,41.400001525878906,27900,0.0,0.0,0.0
2024-06-20 00:00:00-04:00,41.349998474121094,41.400001525878906,41.30099868774414,41.35200119018555,24800,0.0,0.0,0.0
2024-06-21 00:00:00-04:00,41.345001220703125,41.380001068115234,41.33000183105469,41.35200119018555,11900,0.0,0.0,0.0
2024-06-24 00:00:00-04:00,41.29999923706055,41.40999984741211,41.29999923706055,41.349998474121094,25700,0.0,0.0,0.0
2024-06-25 00:00:00-04:00,41.38999938964844,41.38999938964844,41.33100128173828,41.369998931884766,23600,0.0,0.0,0.0
2024-06-26 00:00:00-04:00,41.369998931884766,41.404998779296875,41.349998474121094,41.380001068115234,1800,0.0,0.0,0.0
2024-06-27 00:00:00-04:00,41.41999816894531,41.41999816894531,41.380001068115234,41.41999816894531,28100,0.0,0.0,0.0
2024-06-28 00:00:00-04:00,41.5099983215332,41.5099983215332,41.400001525878906,41.41999816894531,16100,0.0,0.0,0.0
2024-07-01 00:00:00-04:00,41.45000076293945,41.470001220703125,41.37099838256836,41.46900177001953,22500,0.0,0.0,0.0
2024-07-02 00:00:00-04:00,41.459999084472656,41.505001068115234,41.439998626708984,41.505001068115234,8500,0.0,0.0,0.0
2024-07-03 00:00:00-04:00,41.5099983215332,41.55400085449219,41.5099983215332,41.529998779296875,4300,0.0,0.0,0.0
2024-07-05 00:00:00-04:00,41.540000915527344,41.599998474121094,41.540000915527344,41.577999114990234,2400,0.0,0.0,0.0
2024-07-08 00:00:00-04:00,41.606998443603516,41.61000061035156,41.58000183105469,41.59000015258789,2100,0.0,0.0,0.0
2024-07-09 00:00:00-04:00,41.70000076293945,41.70000076293945,41.599998474121094,41.6150016784668,3800,0.0,0.0,0.0
2024-07-10 00:00:00-04:00,41.6349983215332,41.689998626708984,41.599998474121094,41.685001373291016,150800,0.0,0.0,0.0
2024-07-11 00:00:00-04:00,41.630001068115234,41.650001525878906,41.61000061035156,41.650001525878906,3800,0.0,0.0,0.0
2024-07-12 00:00:00-04:00,41.63999938964844,41.7400016784668,41.63999938964844,41.70500183105469,8000,0.0,0.0,0.0
2024-07-15 00:00:00-04:00,41.70000076293945,41.724998474121094,41.689998626708984,41.722999572753906,77400,0.0,0.0,0.0
2024-07-16 00:00:00-04:00,41.709999084472656,41.755001068115234,41.709999084472656,41.755001068115234,2900,0.0,0.0,0.0
2024-07-17 00:00:00-04:00,41.7599983215332,41.7599983215332,41.630001068115234,41.66999816894531,15400,0.0,0.0,0.0
2024-07-18 00:00:00-04:00,41.630001068115234,41.630001068115234,41.5,41.56999969482422,176000,0.0,0.0,0.0
2024-07-19 00:00:00-04:00,41.560001373291016,41.58300018310547,41.52199935913086,41.540000915527344,81300,0.0,0.0,0.0
2024-07-22 00:00:00-04:00,41.630001068115234,41.68000030517578,41.630001068115234,41.67399978637695,3200,0.0,0.0,0.0
2024-07-23 00:00:00-04:00,41.68199920654297,41.68199920654297,41.66999816894531,41.67599868774414,900,0.0,0.0,0.0
2024-07-24 00:00:00-04:00,41.529998779296875,41.53300094604492,41.41999816894531,41.45000076293945,4000,0.0,0.0,0.0
2024-07-25 00:00:00-04:00,41.380001068115234,41.41899871826172,41.380001068115234,41.41899871826172,300,0.0,0.0,0.0
2024-07-26 00:00:00-04:00,41.5,41.54399871826172,41.5,41.54399871826172,1500,0.0,0.0,0.0
2024-07-29 00:00:00-04:00,41.619998931884766,41.619998931884766,41.54999923706055,41.582000732421875,2300,0.0,0.0,0.0
2024-07-30 00:00:00-04:00,41.58000183105469,41.58000183105469,41.459999084472656,41.542999267578125,1600,0.0,0.0,0.0
2024-07-31 00:00:00-04:00,41.65999984741211,41.709999084472656,41.63999938964844,41.67499923706055,13200,0.0,0.0,0.0
2024-08-01 00:00:00-04:00,41.65999984741211,41.678001403808594,41.43000030517578,41.513999938964844,7300,0.0,0.0,0.0
2024-08-02 00:00:00-04:00,41.27000045776367,41.30500030517578,41.08000183105469,41.189998626708984,21500,0.0,0.0,0.0
2024-08-05 00:00:00-04:00,40.11000061035156,40.86000061035156,40.11000061035156,40.599998474121094,27600,0.0,0.0,0.0
2024-08-06 00:00:00-04:00,40.83000183105469,41.04999923706055,40.83000183105469,40.98099899291992,1900,0.0,0.0,0.0
2024-08-07 00:00:00-04:00,41.209999084472656,41.209999084472656,40.8390007019043,40.85599899291992,11100,0.0,0.0,0.0
2024-08-08 00:00:00-04:00,41.013999938964844,41.209999084472656,40.970001220703125,41.1879997253418,7900,0.0,0.0,0.0
2024-08-09 00:00:00-04:00,41.2599983215332,41.37099838256836,41.2400016784668,41.37099838256836,2900,0.0,0.0,0.0
2024-08-12 00:00:00-04:00,41.33000183105469,41.4370002746582,41.33000183105469,41.388999938964844,1800,0.0,0.0,0.0
2024-08-13 00:00:00-04:00,41.45000076293945,41.5989990234375,41.45000076293945,41.5989990234375,14700,0.0,0.0,0.0
2024-08-14 00:00:00-04:00,41.59000015258789,41.707000732421875,41.59000015258789,41.707000732421875,10500,0.0,0.0,0.0
2024-08-15 00:00:00-04:00,41.75,41.83000183105469,41.75,41.83000183105469,5500,0.0,0.0,0.0
2024-08-16 00:00:00-04:00,41.849998474121094,41.86000061035156,41.83000183105469,41.86000061035156,1100,0.0,0.0,0.0
2024-08-19 00:00:00-04:00,41.849998474121094,41.935001373291016,41.849998474121094,41.935001373291016,1300,0.0,0.0,0.0
2024-08-20 00:00:00-04:00,41.95000076293945,41.95000076293945,41.880001068115234,41.915000915527344,4100,0.0,0.0,0.0
2024-08-21 00:00:00-04:00,41.88999938964844,41.93000030517578,41.88999938964844,41.93000030517578,13000,0.0,0.0,0.0
2024-08-22 00:00:00-04:00,41.33000183105469,41.880001068115234,41.33000183105469,41.8650016784668,3700,0.0,0.0,0.0
2024-08-23 00:00:00-04:00,41.900001525878906,41.96500015258789,41.900001525878906,41.96500015258789,5500,0.0,0.0,0.0
2024-08-26 00:00:00-04:00,41.981998443603516,41.981998443603516,41.91999816894531,41.974998474121094,3900,0.0,0.0,0.0
2024-08-27 00:00:00-04:00,41.91999816894531,41.9900016784668,41.91999816894531,41.9900016784668,3100,0.0,0.0,0.0
2024-08-28 00:00:00-04:00,41.93000030517578,41.9379997253418,41.880001068115234,41.933998107910156,4700,0.0,0.0,0.0
2024-08-29 00:00:00-04:00,41.939998626708984,41.9900016784668,41.939998626708984,41.9739990234375,700,0.0,0.0,0.0
2024-08-30 00:00:00-04:00,41.9900016784668,42.11000061035156,41.9900016784668,42.064998626708984,1200,0.0,0.0,0.0
2024-09-03 00:00:00-04:00,41.970001220703125,42.0,41.810001373291016,41.83599853515625,1700,0.0,0.0,0.0
2024-09-04 00:00:00-04:00,41.83000183105469,41.88999938964844,41.779998779296875,41.85100173950195,6900,0.0,0.0,0.0
2024-09-05 00:00:00-04:00,41.81999969482422,41.880001068115234,41.790000915527344,41.869998931884766,6200,0.0,0.0,0.0
2024-09-06 00:00:00-04:00,41.880001068115234,41.880001068115234,41.696998596191406,41.696998596191406,700,0.0,0.0,0.0
2024-09-09 00:00:00-04:00,41.790000915527344,41.834999084472656,41.790000915527344,41.83100128173828,3000,0.0,0.0,0.0
2024-09-10 00:00:00-04:00,41.88999938964844,41.904998779296875,41.83000183105469,41.904998779296875,7900,0.0,0.0,0.0
2024-09-11 00:00:00-04:00,41.709999084472656,42.00199890136719,41.709999084472656,42.00199890136719,5100,0.0,0.0,0.0
2024-09-12 00:00:00-04:00,42.040000915527344,42.060001373291016,42.03099822998047,42.047000885009766,1600,0.0,0.0,0.0
2024-09-13 00:00:00-04:00,42.099998474121094,42.119998931884766,42.099998474121094,42.119998931884766,500,0.0,0.0,0.0
2024-09-16 00:00:00-04:00,42.10900115966797,42.125,42.10900115966797,42.125,3000,0.0,0.0,0.0
2024-09-17 00:00:00-04:00,42.1619987487793,42.16999816894531,42.099998474121094,42.14899826049805,2500,0.0,0.0,0.0
2024-09-18 00:00:00-04:00,42.138999938964844,42.15999984741211,42.12099838256836,42.14699935913086,3200,0.0,0.0,0.0
2024-09-19 00:00:00-04:00,42.2239990234375,42.27000045776367,42.20000076293945,42.23500061035156,4500,0.0,0.0,0.0
2024-09-20 00:00:00-04:00,42.244998931884766,42.290000915527344,42.244998931884766,42.250999450683594,1600,0.0,0.0,0.0
2024-09-23 00:00:00-04:00,42.2400016784668,42.279998779296875,42.2400016784668,42.26499938964844,1600,0.0,0.0,0.0
2024-09-24 00:00:00-04:00,42.2599983215332,42.29899978637695,42.255001068115234,42.29899978637695,3300,0.0,0.0,0.0
2024-09-25 00:00:00-04:00,42.27000045776367,42.31999969482422,42.25199890136719,42.30099868774414,5000,0.0,0.0,0.0
2024-09-26 00:00:00-04:00,42.316001892089844,42.316001892089844,42.279998779296875,42.314998626708984,5000,0.0,0.0,0.0
2024-09-27 00:00:00-04:00,42.310001373291016,42.33000183105469,42.310001373291016,42.31999969482422,1700,0.0,0.0,0.0
2024-09-30 00:00:00-04:00,42.31999969482422,42.349998474121094,42.16999816894531,42.16999816894531,5500,0.0,0.0,0.0
2024-10-01 00:00:00-04:00,42.2400016784668,42.31999969482422,42.2400016784668,42.28900146484375,1400,0.0,0.0,0.0
2024-10-02 00:00:00-04:00,42.22999954223633,42.31999969482422,42.22999954223633,42.29499816894531,6400,0.0,0.0,0.0
2024-10-03 00:00:00-04:00,42.27000045776367,42.28300094604492,42.242000579833984,42.28300094604492,13200,0.0,0.0,0.0
2024-10-04 00:00:00-04:00,42.290000915527344,42.361000061035156,42.290000915527344,42.35499954223633,3300,0.0,0.0,0.0
2024-10-07 00:00:00-04:00,42.290000915527344,42.323001861572266,42.290000915527344,42.310001373291016,1400,0.0,0.0,0.0
2024-10-08 00:00:00-04:00,42.310001373291016,42.36399841308594,42.310001373291016,42.36399841308594,7000,0.0,0.0,0.0
2024-10-09 00:00:00-04:00,42.36000061035156,42.404998779296875,42.36000061035156,42.404998779296875,1800,0.0,0.0,0.0
2024-10-10 00:00:00-04:00,42.369998931884766,42.40999984741211,42.36000061035156,42.40999984741211,4300,0.0,0.0,0.0
2024-10-11 00:00:00-04:00,42.400001525878906,42.47999954223633,42.400001525878906,42.44499969482422,30000,0.0,0.0,0.0
2024-10-14 00:00:00-04:00,42.4900016784668,42.5,42.41999816894531,42.470001220703125,3400,0.0,0.0,0.0
2024-10-15 00:00:00-04:00,42.439998626708984,42.459999084472656,42.439998626708984,42.439998626708984,900,0.0,0.0,0.0
2024-10-16 00:00:00-04:00,42.5,42.5099983215332,42.439998626708984,42.48500061035156,1300,0.0,0.0,0.0
2024-10-17 00:00:00-04:00,42.50400161743164,42.50400161743164,42.459999084472656,42.459999084472656,2800,0.0,0.0,0.0
2024-10-18 00:00:00-04:00,42.47999954223633,42.58000183105469,42.47999954223633,42.5,4800,0.0,0.0,0.0
2024-10-21 00:00:00-04:00,42.5,42.58000183105469,42.4900016784668,42.540000915527344,17100,0.0,0.0,0.0
2024-10-22 00:00:00-04:00,42.5099983215332,42.59000015258789,42.5,42.54999923706055,1800,0.0,0.0,0.0
2024-10-23 00:00:00-04:00,42.599998474121094,42.599998474121094,42.5,42.53499984741211,7700,0.0,0.0,0.0
2024-10-24 00:00:00-04:00,42.529998779296875,42.540000915527344,42.52000045776367,42.52000045776367,3700,0.0,0.0,0.0
2024-10-25 00:00:00-04:00,42.540000915527344,42.560001373291016,42.540000915527344,42.560001373291016,1100,0.0,0.0,0.0
2024-10-28 00:00:00-04:00,42.560001373291016,42.58000183105469,42.540000915527344,42.54999923706055,11100,0.0,0.0,0.0
2024-10-29 00:00:00-04:00,41.959999084472656,42.61000061035156,41.959999084472656,42.57500076293945,18300,0.0,0.0,0.0
2024-10-30 00:00:00-04:00,42.56999969482422,42.630001068115234,42.56999969482422,42.60900115966797,1400,0.0,0.0,0.0
2024-10-31 00:00:00-04:00,42.540000915527344,42.630001068115234,42.529998779296875,42.57400131225586,3000,0.0,0.0,0.0
2024-11-01 00:00:00-04:00,42.650001525878906,42.650001525878906,42.560001373291016,42.59000015258789,9600,0.0,0.0,0.0
2024-11-04 00:00:00-05:00,42.632999420166016,42.632999420166016,42.560001373291016,42.599998474121094,4400,0.0,0.0,0.0
2024-11-05 00:00:00-05:00,42.56999969482422,42.62799835205078,42.560001373291016,42.6150016784668,2500,0.0,0.0,0.0
2024-11-06 00:00:00-05:00,42.650001525878906,42.667999267578125,42.599998474121094,42.619998931884766,19800,0.0,0.0,0.0
2024-11-07 00:00:00-05:00,42.619998931884766,42.720001220703125,42.619998931884766,42.66999816894531,10200,0.0,0.0,0.0
2024-11-08 00:00:00-05:00,42.65999984741211,42.75,42.652000427246094,42.71500015258789,3400,0.0,0.0,0.0
2024-11-11 00:00:00-05:00,42.685001373291016,42.7400016784668,42.64400100708008,42.676998138427734,88100,0.0,0.0,0.0
2024-11-12 00:00:00-05:00,42.7400016784668,42.7400016784668,42.641998291015625,42.65999984741211,14600,0.0,0.0,0.0
2024-11-13 00:00:00-05:00,42.63999938964844,42.73899841308594,42.63999938964844,42.65999984741211,24400,0.0,0.0,0.0
2024-11-14 00:00:00-05:00,42.689998626708984,42.7400016784668,42.08000183105469,42.71500015258789,83700,0.0,0.0,0.0
2024-11-15 00:00:00-05:00,42.72999954223633,42.77000045776367,42.66999816894531,42.72700119018555,165400,0.0,0.0,0.0
2024-11-18 00:00:00-05:00,42.790000915527344,42.875,42.689998626708984,42.834999084472656,243900,0.0,0.0,0.0
2024-11-19 00:00:00-05:00,42.61000061035156,42.91999816894531,42.61000061035156,42.84000015258789,176200,0.0,0.0,0.0
2024-11-20 00:00:00-05:00,42.83000183105469,42.86800003051758,42.66999816894531,42.86800003051758,120200,0.0,0.0,0.0
2024-11-21 00:00:00-05:00,42.939998626708984,43.029998779296875,42.720001220703125,42.9900016784668,116000,0.0,0.0,0.0
2024-11-22 00:00:00-05:00,43.0,43.084999084472656,42.970001220703125,43.04499816894531,575400,0.0,0.0,0.0
2024-11-25 00:00:00-05:00,43.2599983215332,43.2599983215332,43.040000915527344,43.13999938964844,111600,0.0,0.0,0.0
2024-11-26 00:00:00-05:00,43.18000030517578,43.2599983215332,43.150001525878906,43.2599983215332,57300,0.0,0.0,0.0
2024-11-27 00:00:00-05:00,43.16999816894531,43.25,43.11000061035156,43.19200134277344,67500,0.0,0.0,0.0
2024-11-29 00:00:00-05:00,43.2400016784668,43.369998931884766,43.2400016784668,43.34000015258789,19900,0.0,0.0,0.0
2024-12-02 00:00:00-05:00,43.369998931884766,43.400001525878906,43.310001373291016,43.369998931884766,203500,0.0,0.0,0.0
2024-12-03 00:00:00-05:00,43.36000061035156,43.560001373291016,43.31999969482422,43.40999984741211,110500,0.0,0.0,0.0
2024-12-04 00:00:00-05:00,43.459999084472656,43.5099983215332,43.43000030517578,43.49300003051758,35000,0.0,0.0,0.0
2024-12-05 00:00:00-05:00,43.540000915527344,43.540000915527344,43.46500015258789,43.4900016784668,25800,0.0,0.0,0.0
2024-12-06 00:00:00-05:00,43.45000076293945,43.577999114990234,43.45000076293945,43.540000915527344,24400,0.0,0.0,0.0
2024-12-09 00:00:00-05:00,43.5099983215332,43.5099983215332,43.39799880981445,43.400001525878906,44800,0.0,0.0,0.0
2024-12-10 00:00:00-05:00,43.459999084472656,43.5099983215332,43.29999923706055,43.369998931884766,21000,0.0,0.0,0.0
2024-12-11 00:00:00-05:00,43.470001220703125,43.540000915527344,43.46799850463867,43.5099983215332,31100,0.0,0.0,0.0
2024-12-12 00:00:00-05:00,43.439998626708984,43.47999954223633,43.400001525878906,43.430999755859375,45500,0.0,0.0,0.0
2024-12-13 00:00:00-05:00,43.52000045776367,43.52000045776367,43.35499954223633,43.41999816894531,18700,0.0,0.0,0.0
2024-12-16 00:00:00-05:00,43.4900016784668,43.560001373291016,43.439998626708984,43.439998626708984,11800,0.0,0.0,0.0
2024-12-17 00:00:00-05:00,43.40999984741211,43.4379997253418,43.349998474121094,43.380001068115234,41300,0.0,0.0,0.0
2024-12-18 00:00:00-05:00,43.43000030517578,43.47999954223633,42.790000915527344,42.790000915527344,33100,0.0,0.0,0.0
2024-12-19 00:00:00-05:00,43.02000045776367,43.02000045776367,42.709999084472656,42.709999084472656,14100,0.0,0.0,0.0
2024-12-20 00:00:00-05:00,42.75,43.13999938964844,42.720001220703125,43.09000015258789,43100,0.0,0.0,0.0
2024-12-23 00:00:00-05:00,43.08000183105469,43.22999954223633,42.97999954223633,43.18000030517578,17100,0.0,0.0,0.0
2024-12-24 00:00:00-05:00,43.349998474121094,43.40299987792969,43.29999923706055,43.40299987792969,900,0.0,0.0,0.0
2024-12-26 00:00:00-05:00,43.36000061035156,43.459999084472656,43.347999572753906,43.459999084472656,4500,0.0,0.0,0.0
2024-12-27 00:00:00-05:00,43.310001373291016,43.310001373291016,43.09000015258789,43.183998107910156,6200,0.0,0.0,0.0
2024-12-30 00:00:00-05:00,42.93000030517578,43.09000015258789,42.84000015258789,42.97999954223633,17100,0.0,0.0,0.0
2024-12-31 00:00:00-05:00,43.11000061035156,43.11000061035156,42.83000183105469,42.86600112915039,5400,0.0,0.0,0.0
2025-01-02 00:00:00-05:00,43.209999084472656,43.209999084472656,42.672000885009766,42.790000915527344,41000,0.0,0.0,0.0
2025-01-03 00:00:00-05:00,42.90999984741211,43.16999816894531,42.90999984741211,43.16999816894531,22800,0.0,0.0,0.0
2025-01-06 00:00:00-05:00,43.25,43.40999984741211,43.20000076293945,43.27000045776367,13600,0.0,0.0,0.0
2025-01-07 00:00:00-05:00,43.185001373291016,43.189998626708984,42.93000030517578,42.98500061035156,5500,0.0,0.0,0.0
2025-01-08 00:00:00-05:00,42.959999084472656,43.040000915527344,42.88999938964844,42.9900016784668,7900,0.0,0.0,0.0
2025-01-10 00:00:00-05:00,42.84000015258789,42.95000076293945,42.61000061035156,42.68000030517578,2900,0.0,0.0,0.0
2025-01-13 00:00:00-05:00,42.54999923706055,42.689998626708984,42.470001220703125,42.689998626708984,6300,0.0,0.0,0.0
2025-01-14 00:00:00-05:00,42.810001373291016,42.810001373291016,42.599998474121094,42.709999084472656,4700,0.0,0.0,0.0
2025-01-15 00:00:00-05:00,43.060001373291016,43.25,43.04999923706055,43.13999938964844,17100,0.0,0.0,0.0
2025-01-16 00:00:00-05:00,43.13999938964844,43.20500183105469,43.099998474121094,43.099998474121094,8300,0.0,0.0,0.0
2025-01-17 00:00:00-05:00,43.33000183105469,43.43000030517578,43.31999969482422,43.31999969482422,12200,0.0,0.0,0.0
2025-01-21 00:00:00-05:00,43.33000183105469,43.542999267578125,43.33000183105469,43.52000045776367,20100,0.0,0.0,0.0
2025-01-22 00:00:00-05:00,43.630001068115234,43.709999084472656,43.630001068115234,43.63999938964844,5000,0.0,0.0,0.0
2025-01-23 00:00:00-05:00,43.630001068115234,43.75,43.630001068115234,43.75,11700,0.0,0.0,0.0
2025-01-24 00:00:00-05:00,43.7599983215332,43.834999084472656,43.70000076293945,43.720001220703125,5400,0.0,0.0,0.0
2025-01-27 00:00:00-05:00,43.369998931884766,43.43000030517578,43.310001373291016,43.41999816894531,23800,0.0,0.0,0.0
2025-01-28 00:00:00-05:00,43.38999938964844,43.68000030517578,43.38999938964844,43.641998291015625,8900,0.0,0.0,0.0
2025-01-29 00:00:00-05:00,43.57600021362305,43.61000061035156,43.459999084472656,43.551998138427734,13800,0.0,0.0,0.0
2025-01-30 00:00:00-05:00,43.65999984741211,43.68000030517578,43.50400161743164,43.66600036621094,18200,0.0,0.0,0.0
2025-01-31 00:00:00-05:00,43.79999923706055,43.79999923706055,43.553001403808594,43.553001403808594,4400,0.0,0.0,0.0
2025-02-03 00:00:00-05:00,43.22999954223633,43.439998626708984,43.11000061035156,43.36000061035156,6100,0.0,0.0,0.0
2025-02-04 00:00:00-05:00,43.43000030517578,43.56999969482422,43.40999984741211,43.56999969482422,9900,0.0,0.0,0.0
2025-02-05 00:00:00-05:00,43.5,43.63999938964844,43.459999084472656,43.630001068115234,16300,0.0,0.0,0.0
2025-02-06 00:00:00-05:00,43.66999816894531,43.74399948120117,43.630001068115234,43.74399948120117,6600,0.0,0.0,0.0
2025-02-07 00:00:00-05:00,43.775001525878906,43.784000396728516,43.5,43.540000915527344,16500,0.0,0.0,0.0
2025-02-10 00:00:00-05:00,43.650001525878906,43.66999816894531,43.63999938964844,43.63999938964844,2300,0.0,0.0,0.0
2025-02-11 00:00:00-05:00,43.54999923706055,43.70000076293945,43.54999923706055,43.650001525878906,6600,0.0,0.0,0.0
2025-02-12 00:00:00-05:00,43.52000045776367,43.65999984741211,43.41999816894531,43.65999984741211,11900,0.0,0.0,0.0
2025-02-13 00:00:00-05:00,43.650001525878906,43.86000061035156,43.63999938964844,43.840999603271484,17300,0.0,0.0,0.0
2025-02-14 00:00:00-05:00,43.849998474121094,43.90999984741211,43.840999603271484,43.875,4100,0.0,0.0,0.0
2025-02-18 00:00:00-05:00,43.880001068115234,43.880001068115234,43.81999969482422,43.880001068115234,7500,0.0,0.0,0.0
2025-02-19 00:00:00-05:00,43.939998626708984,44.0,43.84000015258789,43.979000091552734,5900,0.0,0.0,0.0
2025-02-20 00:00:00-05:00,43.81999969482422,43.90999984741211,43.81999969482422,43.90999984741211,3200,0.0,0.0,0.0
2025-02-21 00:00:00-05:00,43.869998931884766,43.92100143432617,43.53799819946289,43.53799819946289,5400,0.0,0.0,0.0
2025-02-24 00:00:00-05:00,43.540000915527344,43.608001708984375,43.43000030517578,43.44300079345703,18000,0.0,0.0,0.0
2025-02-25 00:00:00-05:00,43.36000061035156,43.37300109863281,43.15999984741211,43.32699966430664,3800,0.0,0.0,0.0
2025-02-26 00:00:00-05:00,43.41999816894531,43.5369987487793,43.27000045776367,43.35200119018555,20600,0.0,0.0,0.0
2025-02-27 00:00:00-05:00,43.380001068115234,43.380001068115234,42.92100143432617,43.0,6600,0.0,0.0,0.0
2025-02-28 00:00:00-05:00,43.095001220703125,43.32099914550781,42.880001068115234,43.32099914550781,15300,0.0,0.0,0.0
2025-03-03 00:00:00-05:00,43.459999084472656,43.459999084472656,42.77000045776367,42.814998626708984,128000,0.0,0.0,0.0
2025-03-04 00:00:00-05:00,42.84000015258789,42.95000076293945,42.43000030517578,42.638999938964844,23700,0.0,0.0,0.0
2025-03-05 00:00:00-05:00,42.720001220703125,42.95000076293945,42.486000061035156,42.91899871826172,5300,0.0,0.0,0.0
2025-03-06 00:00:00-05:00,42.619998931884766,42.709999084472656,42.380001068115234,42.529998779296875,6100,0.0,0.0,0.0
2025-03-07 00:00:00-05:00,42.58000183105469,42.63199996948242,42.290000915527344,42.63199996948242,18500,0.0,0.0,0.0
2025-03-10 00:00:00-04:00,42.279998779296875,42.279998779296875,41.790000915527344,41.91999816894531,3500,0.0,0.0,0.0
2025-03-11 00:00:00-04:00,41.88999938964844,42.029998779296875,41.779998779296875,41.790000915527344,4900,0.0,0.0,0.0
2025-03-12 00:00:00-04:00,41.95000076293945,41.98899841308594,41.83000183105469,41.849998474121094,10000,0.0,0.0,0.0
2025-03-13 00:00:00-04:00,41.900001525878906,41.900001525878906,41.47999954223633,41.54800033569336,2700,0.0,0.0,0.0
2025-03-14 00:00:00-04:00,41.810001373291016,42.040000915527344,41.810001373291016,42.040000915527344,13200,0.0,0.0,0.0
2025-03-17 00:00:00-04:00,42.11000061035156,42.31999969482422,42.029998779296875,42.209999084472656,23800,0.0,0.0,0.0
2025-03-18 00:00:00-04:00,42.040000915527344,42.040000915527344,41.869998931884766,41.970001220703125,6900,0.0,0.0,0.0
2025-03-19 00:00:00-04:00,42.06999969482422,42.27000045776367,42.040000915527344,42.176998138427734,5600,0.0,0.0,0.0
2025-03-20 00:00:00-04:00,42.0099983215332,42.31999969482422,42.0099983215332,42.130001068115234,11700,0.0,0.0,0.0
2025-03-21 00:00:00-04:00,41.9900016784668,42.13600158691406,41.900001525878906,42.13600158691406,4700,0.0,0.0,0.0
2025-03-24 00:00:00-04:00,42.470001220703125,42.57500076293945,42.41600036621094,42.57500076293945,7000,0.0,0.0,0.0
2025-03-25 00:00:00-04:00,42.560001373291016,42.630001068115234,42.529998779296875,42.5989990234375,17900,0.0,0.0,0.0
2025-03-26 00:00:00-04:00,42.54999923706055,42.54999923706055,42.29100036621094,42.32400131225586,4200,0.0,0.0,0.0
2025-03-27 00:00:00-04:00,42.310001373291016,42.380001068115234,42.209999084472656,42.266998291015625,5900,0.0,0.0,0.0
2025-03-28 00:00:00-04:00,42.18000030517578,42.18000030517578,41.75,41.810001373291016,7000,0.0,0.0,0.0
2025-03-31 00:00:00-04:00,41.56999969482422,41.91699981689453,41.56999969482422,41.91699981689453,11800,0.0,0.0,0.0
2025-04-01 00:00:00-04:00,41.77000045776367,42.04999923706055,41.77000045776367,41.99599838256836,7500,0.0,0.0,0.0
2025-04-02 00:00:00-04:00,42.034000396728516,42.22999954223633,41.999000549316406,42.17599868774414,7400,0.0,0.0,0.0
2025-04-03 00:00:00-04:00,41.529998779296875,41.560001373291016,39.0,41.095001220703125,61200,0.0,0.0,0.0
2025-04-04 00:00:00-04:00,40.5,40.5,39.88999938964844,39.88999938964844,38700,0.0,0.0,0.0
2025-04-07 00:00:00-04:00,39.16999816894531,40.51499938964844,39.16999816894531,39.9109992980957,27100,0.0,0.0,0.0
2025-04-08 00:00:00-04:00,40.59000015258789,40.59000015258789,39.38999938964844,39.59000015258789,13400,0.0,0.0,0.0
2025-04-09 00:00:00-04:00,39.61000061035156,41.38100051879883,39.4900016784668,41.38100051879883,27500,0.0,0.0,0.0
2025-04-10 00:00:00-04:00,40.880001068115234,40.880001068115234,40.06999969482422,40.58000183105469,24700,0.0,0.0,0.0
2025-04-11 00:00:00-04:00,40.72999954223633,41.040000915527344,40.57699966430664,40.959999084472656,16600,0.0,0.0,0.0
2025-04-14 00:00:00-04:00,41.5,41.5,41.08000183105469,41.20199966430664,5800,0.0,0.0,0.0
2025-04-15 00:00:00-04:00,41.380001068115234,41.380001068115234,41.08000183105469,41.1619987487793,9600,0.0,0.0,0.0
2025-04-16 00:00:00-04:00,40.849998474121094,41.0,40.5099983215332,40.680999755859375,7200,0.0,0.0,0.0
2025-04-17 00:00:00-04:00,40.689998626708984,40.88999938964844,40.68000030517578,40.7400016784668,9000,0.0,0.0,0.0
2025-04-21 00:00:00-04:00,40.369998931884766,40.400001525878906,40.099998474121094,40.33000183105469,7300,0.0,0.0,0.0
2025-04-22 00:00:00-04:00,40.470001220703125,40.77000045776367,40.470001220703125,40.76100158691406,6600,0.0,0.0,0.0
2025-04-23 00:00:00-04:00,41.310001373291016,41.40999984741211,41.09000015258789,41.10499954223633,4100,0.0,0.0,0.0
2025-04-24 00:00:00-04:00,41.369998931884766,41.50299835205078,41.34299850463867,41.48899841308594,4600,0.0,0.0,0.0
2025-04-25 00:00:00-04:00,41.479000091552734,41.689998626708984,41.472999572753906,41.689998626708984,3100,0.0,0.0,0.0
2025-04-28 00:00:00-04:00,41.720001220703125,41.720001220703125,41.4900016784668,41.6870002746582,2000,0.0,0.0,0.0
2025-04-29 00:00:00-04:00,41.63999938964844,41.85599899291992,41.61000061035156,41.80500030517578,1800,0.0,0.0,0.0
2025-04-30 00:00:00-04:00,42.09000015258789,42.09000015258789,41.380001068115234,41.882999420166016,9000,0.0,0.0,0.0
2025-05-01 00:00:00-04:00,42.119998931884766,42.189998626708984,42.01900100708008,42.01900100708008,4900,0.0,0.0,0.0
2025-05-02 00:00:00-04:00,42.130001068115234,42.439998626708984,42.130001068115234,42.3390007019043,6700,0.0,0.0,0.0
2025-05-05 00:00:00-04:00,42.0099983215332,42.369998931884766,42.0099983215332,42.18600082397461,2900,0.0,0.0,0.0
2025-05-06 00:00:00-04:00,42.06999969482422,42.099998474121094,41.970001220703125,42.047000885009766,3600,0.0,0.0,0.0
2025-05-07 00:00:00-04:00,42.13999938964844,42.178001403808594,41.91999816894531,42.108001708984375,12400,0.0,0.0,0.0
2025-05-08 00:00:00-04:00,42.13999938964844,42.41999816894531,42.13999938964844,42.242000579833984,6900,0.0,0.0,0.0
2025-05-09 00:00:00-04:00,42.19200134277344,42.25,42.19200134277344,42.21200180053711,11200,0.0,0.0,0.0
2025-05-12 00:00:00-04:00,42.821998596191406,42.928001403808594,42.7599983215332,42.928001403808594,2700,0.0,0.0,0.0
2025-05-13 00:00:00-04:00,42.93000030517578,43.21500015258789,42.93000030517578,43.11000061035156,132600,0.0,0.0,0.0
2025-05-14 00:00:00-04:00,43.2400016784668,43.2400016784668,43.11000061035156,43.18899917602539,12800,0.0,0.0,0.0
2025-05-15 00:00:00-04:00,43.09000015258789,43.290000915527344,43.08000183105469,43.220001220703125,7900,0.0,0.0,0.0
2025-05-16 00:00:00-04:00,43.310001373291016,43.47999954223633,43.29999923706055,43.45899963378906,26300,0.0,0.0,0.0
2025-05-19 00:00:00-04:00,43.33000183105469,43.560001373291016,43.33000183105469,43.560001373291016,3500,0.0,0.0,0.0
2025-05-20 00:00:00-04:00,43.400001525878906,43.47999954223633,43.33000183105469,43.39799880981445,4100,0.0,0.0,0.0
2025-05-21 00:00:00-04:00,43.290000915527344,43.45000076293945,42.970001220703125,43.09000015258789,15600,0.0,0.0,0.0
2025-05-22 00:00:00-04:00,43.02000045776367,43.150001525878906,42.97999954223633,43.029998779296875,46900,0.0,0.0,0.0
2025-05-23 00:00:00-04:00,42.68000030517578,43.0,42.68000030517578,42.875,4200,0.0,0.0,0.0
2025-05-27 00:00:00-04:00,43.119998931884766,43.39899826049805,43.119998931884766,43.349998474121094,8100,0.0,0.0,0.0
2025-05-28 00:00:00-04:00,43.34000015258789,43.400001525878906,43.18000030517578,43.18000030517578,5300,0.0,0.0,0.0
2025-05-29 00:00:00-04:00,43.31999969482422,43.38999938964844,43.20000076293945,43.31100082397461,6000,0.0,0.0,0.0
2025-05-30 00:00:00-04:00,43.16999816894531,43.36000061035156,43.11000061035156,43.347999572753906,7000,0.0,0.0,0.0
2025-06-02 00:00:00-04:00,43.209999084472656,43.4379997253418,43.209999084472656,43.42300033569336,5400,0.0,0.0,0.0
2025-06-03 00:00:00-04:00,43.400001525878906,43.630001068115234,43.38199996948242,43.5989990234375,14400,0.0,0.0,0.0
2025-06-04 00:00:00-04:00,43.599998474121094,43.599998474121094,43.58000183105469,43.58000183105469,900,0.0,0.0,0.0
2025-06-05 00:00:00-04:00,43.560001373291016,43.68000030517578,43.369998931884766,43.44499969482422,10700,0.0,0.0,0.0
2025-06-06 00:00:00-04:00,43.66999816894531,43.79999923706055,43.66999816894531,43.72700119018555,10700,0.0,0.0,0.0
2025-06-09 00:00:00-04:00,43.689998626708984,43.79999923706055,43.689998626708984,43.74800109863281,3400,0.0,0.0,0.0
2025-06-10 00:00:00-04:00,43.80500030517578,43.95000076293945,43.7599983215332,43.91999816894531,5000,0.0,0.0,0.0
2025-06-11 00:00:00-04:00,43.95000076293945,43.95500183105469,43.75,43.8380012512207,6000,0.0,0.0,0.0
2025-06-12 00:00:00-04:00,43.81999969482422,43.970001220703125,43.81999969482422,43.970001220703125,7000,0.0,0.0,0.0
2025-06-13 00:00:00-04:00,43.849998474121094,43.849998474121094,43.59199905395508,43.6150016784668,2300,0.0,0.0,0.0
2025-06-16 00:00:00-04:00,43.85499954223633,44.0,43.85499954223633,43.875,7800,0.0,0.0,0.0
2025-06-17 00:00:00-04:00,43.75,43.849998474121094,43.650001525878906,43.69200134277344,11400,0.0,0.0,0.0
2025-06-18 00:00:00-04:00,43.70000076293945,43.84000015258789,43.66999816894531,43.683998107910156,6200,0.0,0.0,0.0
2025-06-20 00:00:00-04:00,43.81999969482422,43.81999969482422,43.58000183105469,43.61199951171875,6000,0.0,0.0,0.0
2025-06-23 00:00:00-04:00,43.689998626708984,43.90299987792969,43.58000183105469,43.90299987792969,12900,0.0,0.0,0.0
2025-06-24 00:00:00-04:00,44.108001708984375,44.21099853515625,44.04999923706055,44.18299865722656,10600,0.0,0.0,0.0
2025-06-25 00:00:00-04:00,44.220001220703125,44.27000045776367,44.13999938964844,44.17300033569336,13100,0.0,0.0,0.0
2025-06-26 00:00:00-04:00,44.33000183105469,44.41999816894531,44.33000183105469,44.41999816894531,1400,0.0,0.0,0.0
2025-06-27 00:00:00-04:00,44.474998474121094,44.619998931884766,44.310001373291016,44.512001037597656,12800,0.0,0.0,0.0
2025-06-30 00:00:00-04:00,44.58000183105469,44.68899917602539,44.529998779296875,44.68899917602539,2400,0.0,0.0,0.0
2025-07-01 00:00:00-04:00,44.619998931884766,44.70899963378906,44.56999969482422,44.6349983215332,10900,0.0,0.0,0.0
2025-07-02 00:00:00-04:00,44.70000076293945,44.75299835205078,44.606998443603516,44.75299835205078,8300,0.0,0.0,0.0
2025-07-03 00:00:00-04:00,44.86000061035156,44.974998474121094,44.86000061035156,44.95899963378906,14700,0.0,0.0,0.0
2025-07-07 00:00:00-04:00,44.81999969482422,44.880001068115234,44.630001068115234,44.75400161743164,6400,0.0,0.0,0.0
2025-07-08 00:00:00-04:00,44.720001220703125,44.81999969482422,44.720001220703125,44.75400161743164,5400,0.0,0.0,0.0
2025-07-09 00:00:00-04:00,44.880001068115234,44.909000396728516,44.80799865722656,44.909000396728516,3500,0.0,0.0,0.0
2025-07-10 00:00:00-04:00,44.86000061035156,45.0,44.86000061035156,44.9900016784668,6400,0.0,0.0,0.0
2025-07-11 00:00:00-04:00,44.84000015258789,44.94200134277344,44.84000015258789,44.91699981689453,3500,0.0,0.0,0.0
2025-07-14 00:00:00-04:00,44.849998474121094,44.96900177001953,44.849998474121094,44.96099853515625,1700,0.0,0.0,0.0
2025-07-15 00:00:00-04:00,44.97999954223633,45.0,44.862998962402344,44.862998962402344,2400,0.0,0.0,0.0
2025-07-16 00:00:00-04:00,44.97999954223633,44.97999954223633,44.81999969482422,44.946998596191406,3400,0.0,0.0,0.0
2025-07-17 00:00:00-04:00,45.0,45.106998443603516,44.9900016784668,45.106998443603516,7300,0.0,0.0,0.0
2025-07-18 00:00:00-04:00,45.119998931884766,45.119998931884766,45.029998779296875,45.09700012207031,7500,0.0,0.0,0.0
2025-07-21 00:00:00-04:00,45.130001068115234,45.28900146484375,45.130001068115234,45.14500045776367,9000,0.0,0.0,0.0
2025-07-22 00:00:00-04:00,45.08000183105469,45.18199920654297,45.08000183105469,45.18199920654297,1300,0.0,0.0,0.0
2025-07-23 00:00:00-04:00,45.2400016784668,45.354000091552734,45.220001220703125,45.354000091552734,3800,0.0,0.0,0.0
2025-07-24 00:00:00-04:00,45.369998931884766,45.435001373291016,45.369998931884766,45.39500045776367,4800,0.0,0.0,0.0
2025-07-25 00:00:00-04:00,45.41999816894531,45.540000915527344,45.41999816894531,45.49100112915039,4500,0.0,0.0,0.0
2025-07-28 00:00:00-04:00,45.5099983215332,45.529998779296875,45.459999084472656,45.5099983215332,2400,0.0,0.0,0.0
2025-07-29 00:00:00-04:00,45.650001525878906,45.650001525878906,45.439998626708984,45.439998626708984,5900,0.0,0.0,0.0
2025-07-30 00:00:00-04:00,45.470001220703125,45.529998779296875,45.36000061035156,45.459999084472656,4700,0.0,0.0,0.0
2025-07-31 00:00:00-04:00,45.61000061035156,45.630001068115234,45.32400131225586,45.32400131225586,95500,0.0,0.0,0.0
2025-08-01 00:00:00-04:00,44.93000030517578,45.06399917602539,44.849998474121094,44.91999816894531,7000,0.0,0.0,0.0
2025-08-04 00:00:00-04:00,45.16999816894531,45.34000015258789,45.16999816894531,45.32400131225586,5800,0.0,0.0,0.0
2025-08-05 00:00:00-04:00,45.34000015258789,45.41999816894531,45.196998596191406,45.19900131225586,3900,0.0,0.0,0.0
2025-08-06 00:00:00-04:00,45.25,45.404998779296875,45.25,45.369998931884766,17000,0.0,0.0,0.0
2025-08-07 00:00:00-04:00,45.55500030517578,45.55500030517578,45.29999923706055,45.35100173950195,6000,0.0,0.0,0.0
2025-08-08 00:00:00-04:00,45.47999954223633,45.599998474121094,45.47999954223633,45.58700180053711,3400,0.0,0.0,0.0
2025-08-11 00:00:00-04:00,45.630001068115234,45.67499923706055,45.54800033569336,45.54800033569336,1300,0.0,0.0,0.0
2025-08-12 00:00:00-04:00,45.79999923706055,45.84400177001953,45.790000915527344,45.84400177001953,4700,0.0,0.0,0.0
2025-08-13 00:00:00-04:00,45.88999938964844,45.91999816894531,45.86000061035156,45.88999938964844,7500,0.0,0.0,0.0
2025-08-14 00:00:00-04:00,45.790000915527344,45.94599914550781,45.790000915527344,45.94599914550781,4300,0.0,0.0,0.0
2025-08-15 00:00:00-04:00,45.91999816894531,45.91999816894531,45.84000015258789,45.84000015258789,1900,0.0,0.0,0.0
2025-08-18 00:00:00-04:00,45.849998474121094,45.900001525878906,45.84000015258789,45.875,9700,0.0,0.0,0.0
2025-08-19 00:00:00-04:00,45.84000015258789,45.88999938964844,45.689998626708984,45.709999084472656,8500,0.0,0.0,0.0
2025-08-20 00:00:00-04:00,45.67499923706055,45.70000076293945,45.52000045776367,45.68000030517578,12400,0.0,0.0,0.0
2025-08-21 00:00:00-04:00,45.630001068115234,45.689998626708984,45.534000396728516,45.56399917602539,31400,0.0,0.0,0.0
2025-08-22 00:00:00-04:00,45.93000030517578,45.99100112915039,45.93000030517578,45.970001220703125,6600,0.0,0.0,0.0
2025-08-25 00:00:00-04:00,45.90999984741211,45.97999954223633,45.89699935913086,45.89699935913086,3000,0.0,0.0,0.0
2025-08-26 00:00:00-04:00,45.970001220703125,46.0359992980957,45.869998931884766,46.0359992980957,5400,0.0,0.0,0.0
2025-08-27 00:00:00-04:00,46.04999923706055,46.08100128173828,46.007999420166016,46.08100128173828,2300,0.0,0.0,0.0
2025-08-28 00:00:00-04:00,46.060001373291016,46.13999938964844,46.040000915527344,46.11000061035156,5000,0.0,0.0,0.0
2025-08-29 00:00:00-04:00,46.02000045776367,46.02000045776367,45.94900131225586,45.97600173950195,4700,0.0,0.0,0.0
2025-09-02 00:00:00-04:00,45.68000030517578,45.81999969482422,45.619998931884766,45.81999969482422,11900,0.0,0.0,0.0
2025-09-03 00:00:00-04:00,45.88999938964844,45.987998962402344,45.86000061035156,45.952999114990234,4300,0.0,0.0,0.0
2025-09-04 00:00:00-04:00,46.0260009765625,46.15999984741211,46.0099983215332,46.15999984741211,5700,0.0,0.0,0.0
2025-09-05 00:00:00-04:00,46.09000015258789,46.119998931884766,46.029998779296875,46.10900115966797,4900,0.0,0.0,0.0
2025-09-08 00:00:00-04:00,46.150001525878906,46.22999954223633,46.150001525878906,46.19499969482422,2300,0.0,0.0,0.0
2025-09-09 00:00:00-04:00,46.22999954223633,46.2599983215332,46.16999816894531,46.2599983215332,3200,0.0,0.0,0.0
2025-09-10 00:00:00-04:00,46.439998626708984,46.439998626708984,46.270999908447266,46.31700134277344,1300,0.0,0.0,0.0
2025-09-11 00:00:00-04:00,46.45000076293945,46.49599838256836,46.45000076293945,46.49599838256836,1300,0.0,0.0,0.0
2025-09-12 00:00:00-04:00,46.4900016784668,46.525001525878906,46.47100067138672,46.525001525878906,5600,0.0,0.0,0.0
2025-09-15 00:00:00-04:00,46.584999084472656,46.630001068115234,46.529998779296875,46.58100128173828,4300,0.0,0.0,0.0
2025-09-16 00:00:00-04:00,46.529998779296875,46.553001403808594,46.5099983215332,46.553001403808594,1900,0.0,0.0,0.0
2025-09-17 00:00:00-04:00,46.61000061035156,46.61000061035156,46.470001220703125,46.5260009765625,2900,0.0,0.0,0.0
2025-09-18 00:00:00-04:00,46.724998474121094,46.724998474121094,46.61000061035156,46.62099838256836,4100,0.0,0.0,0.0
2025-09-19 00:00:00-04:00,46.65999984741211,46.79999923706055,46.62300109863281,46.72200012207031,11500,0.0,0.0,0.0
2025-09-22 00:00:00-04:00,46.619998931884766,46.770999908447266,46.619998931884766,46.770999908447266,1300,0.0,0.0,0.0
2025-09-23 00:00:00-04:00,46.79999923706055,46.79999923706055,46.630001068115234,46.67599868774414,5700,0.0,0.0,0.0
2025-09-24 00:00:00-04:00,46.75,46.75,46.619998931884766,46.65999984741211,17800,0.0,0.0,0.0
2025-09-25 00:00:00-04:00,46.529998779296875,46.619998931884766,46.5099983215332,46.560001373291016,10300,0.0,0.0,0.0
2025-09-26 00:00:00-04:00,46.7140007019043,46.74800109863281,46.599998474121094,46.74800109863281,2800,0.0,0.0,0.0
2025-09-29 00:00:00-04:00,46.810001373291016,46.84000015258789,46.77000045776367,46.7760009765625,8400,0.0,0.0,0.0
2025-09-30 00:00:00-04:00,46.81999969482422,46.81999969482422,46.77799987792969,46.81999969482422,6400,0.0,0.0,0.0
2025-10-01 00:00:00-04:00,46.80500030517578,46.880001068115234,46.779998779296875,46.862998962402344,14400,0.0,0.0,0.0
2025-10-02 00:00:00-04:00,46.869998931884766,46.91999816894531,46.869998931884766,46.902000427246094,7800,0.0,0.0,0.0
2025-10-03 00:00:00-04:00,46.88999938964844,47.0,46.88999938964844,46.93000030517578,13600,0.0,0.0,0.0
2025-10-06 00:00:00-04:00,46.95000076293945,46.974998474121094,46.93000030517578,46.974998474121094,4900,0.0,0.0,0.0
2025-10-07 00:00:00-04:00,46.97999954223633,46.99399948120117,46.88999938964844,46.91600036621094,7300,0.0,0.0,0.0
2025-10-08 00:00:00-04:00,47.0,47.0369987487793,46.97999954223633,47.0369987487793,3100,0.0,0.0,0.0
2025-10-09 00:00:00-04:00,47.029998779296875,47.029998779296875,46.959999084472656,47.0099983215332,16900,0.0,0.0,0.0
2025-10-10 00:00:00-04:00,47.029998779296875,47.064998626708984,46.4640007019043,46.4640007019043,21700,0.0,0.0,0.0
2025-10-13 00:00:00-04:00,46.755001068115234,46.83000183105469,46.755001068115234,46.81399917602539,11000,0.0,0.0,0.0
2025-10-14 00:00:00-04:00,46.63999938964844,46.90999984741211,46.63999938964844,46.78799819946289,4600,0.0,0.0,0.0
2025-10-15 00:00:00-04:00,46.95000076293945,46.95000076293945,46.69499969482422,46.834999084472656,2300,0.0,0.0,0.0
2025-10-16 00:00:00-04:00,46.92499923706055,46.92499923706055,46.58000183105469,46.64699935913086,2000,0.0,0.0,0.0
2025-10-17 00:00:00-04:00,46.7400016784668,46.85200119018555,46.630001068115234,46.83000183105469,301500,0.0,0.0,0.0
2025-10-20 00:00:00-04:00,47.0,47.09000015258789,47.0,47.07500076293945,10000,0.0,0.0,0.0
2025-10-21 00:00:00-04:00,47.06700134277344,47.14500045776367,47.06700134277344,47.11600112915039,2500,0.0,0.0,0.0
2025-10-22 00:00:00-04:00,47.029998779296875,47.03900146484375,46.959999084472656,47.03900146484375,5400,0.0,0.0,0.0
2025-10-23 00:00:00-04:00,47.060001373291016,47.17100143432617,47.060001373291016,47.15999984741211,6600,0.0,0.0,0.0
2025-10-24 00:00:00-04:00,47.33000183105469,47.33700180053711,47.2400016784668,47.27000045776367,4100,0.0,0.0,0.0
2025-10-27 00:00:00-04:00,47.34000015258789,47.417999267578125,47.34000015258789,47.3849983215332,800,0.0,0.0,0.0
2025-10-28 00:00:00-04:00,47.369998931884766,47.45000076293945,47.36000061035156,47.415000915527344,14100,0.0,0.0,0.0
2025-10-29 00:00:00-04:00,47.380001068115234,47.45000076293945,47.33000183105469,47.374000549316406,6200,0.0,0.0,0.0
2025-10-30 00:00:00-04:00,47.36000061035156,47.439998626708984,47.33000183105469,47.345001220703125,5100,0.0,0.0,0.0
2025-10-31 00:00:00-04:00,47.38999938964844,47.444000244140625,47.29999923706055,47.387001037597656,6600,0.0,0.0,0.0
2025-11-03 00:00:00-05:00,47.404998779296875,47.470001220703125,47.38999938964844,47.441001892089844,15000,0.0,0.0,0.0
2025-11-04 00:00:00-05:00,47.38999938964844,47.404998779296875,47.29999923706055,47.404998779296875,10600,0.0,0.0,0.0
2025-11-05 00:00:00-05:00,47.42599868774414,47.46500015258789,47.400001525878906,47.42499923706055,13000,0.0,0.0,0.0
2025-11-06 00:00:00-05:00,47.369998931884766,47.38999938964844,47.22999954223633,47.290000915527344,22800,0.0,0.0,0.0
2025-11-07 00:00:00-05:00,47.150001525878906,47.3129997253418,47.0099983215332,47.3129997253418,13300,0.0,0.0,0.0
2025-11-10 00:00:00-05:00,47.459999084472656,47.560001373291016,47.439998626708984,47.55500030517578,6000,0.0,0.0,0.0
2025-11-11 00:00:00-05:00,47.5099983215332,47.599998474121094,47.5099983215332,47.5890007019043,6700,0.0,0.0,0.0
2025-11-12 00:00:00-05:00,47.54999923706055,47.630001068115234,47.54999923706055,47.59600067138672,11800,0.0,0.0,0.0
2025-11-13 00:00:00-05:00,47.5099983215332,47.59000015258789,47.40700149536133,47.47999954223633,18000,0.0,0.0,0.0
2025-11-14 00:00:00-05:00,47.279998779296875,47.529998779296875,47.279998779296875,47.470001220703125,21300,0.0,0.0,0.0
2025-11-17 00:00:00-05:00,47.41999816894531,47.558998107910156,47.25,47.41999816894531,32100,0.0,0.0,0.0
2025-11-18 00:00:00-05:00,47.242000579833984,47.40800094604492,47.13999938964844,47.29100036621094,43300,0.0,0.0,0.0
2025-11-19 00:00:00-05:00,47.28499984741211,47.4900016784668,47.28499984741211,47.428001403808594,20900,0.0,0.0,0.0
2025-11-20 00:00:00-05:00,47.619998931884766,47.689998626708984,47.17499923706055,47.19499969482422,65300,0.0,0.0,0.0
2025-11-21 00:00:00-05:00,47.349998474121094,47.86000061035156,47.13999938964844,47.86000061035156,289700,0.0,0.0,0.0
2025-11-24 00:00:00-05:00,47.88999938964844,48.14899826049805,47.810001373291016,48.09000015258789,236700,0.0,0.0,0.0
2025-11-25 00:00:00-05:00,48.08700180053711,48.33000183105469,48.08700180053711,48.31999969482422,105900,0.0,0.0,0.0
2025-11-26 00:00:00-05:00,48.36000061035156,48.51900100708008,48.310001373291016,48.38999938964844,49900,0.0,0.0,0.0
2025-11-28 00:00:00-05:00,48.4900016784668,48.560001373291016,48.459999084472656,48.53099822998047,6200,0.0,0.0,0.0
2025-12-01 00:00:00-05:00,48.43000030517578,48.59000015258789,48.43000030517578,48.47999954223633,147200,0.0,0.0,0.0
2025-12-02 00:00:00-05:00,48.56999969482422,48.61000061035156,48.459999084472656,48.560001373291016,28200,0.0,0.0,0.0
2025-12-03 00:00:00-05:00,48.4900016784668,48.64500045776367,48.4900016784668,48.606998443603516,128100,0.0,0.0,0.0
2025-12-04 00:00:00-05:00,48.619998931884766,48.68600082397461,48.540000915527344,48.62099838256836,15200,0.0,0.0,0.0
2025-12-05 00:00:00-05:00,48.709999084472656,48.76100158691406,48.65999984741211,48.709999084472656,81500,0.0,0.0,0.0
2025-12-08 00:00:00-05:00,48.68000030517578,48.72999954223633,48.56999969482422,48.619998931884766,23400,0.0,0.0,0.0
2025-12-09 00:00:00-05:00,48.66999816894531,48.68000030517578,48.58000183105469,48.60100173950195,20500,0.0,0.0,0.0
2025-12-10 00:00:00-05:00,48.61399841308594,48.819000244140625,48.5989990234375,48.757999420166016,7700,0.0,0.0,0.0
2025-12-11 00:00:00-05:00,48.72999954223633,48.84000015258789,48.62200164794922,48.84000015258789,12700,0.0,0.0,0.0
2025-12-12 00:00:00-05:00,48.81999969482422,48.81999969482422,48.61000061035156,48.619998931884766,17200,0.0,0.0,0.0
2025-12-15 00:00:00-05:00,48.70000076293945,48.70000076293945,48.58000183105469,48.61000061035156,3900,0.0,0.0,0.0
2025-12-16 00:00:00-05:00,48.56999969482422,48.5880012512207,48.439998626708984,48.5880012512207,16500,0.0,0.0,0.0
2025-12-17 00:00:00-05:00,48.58000183105469,48.58000183105469,48.30799865722656,48.30799865722656,36800,0.0,0.0,0.0
2025-12-18 00:00:00-05:00,48.470001220703125,48.619998931884766,48.439998626708984,48.50899887084961,13200,0.0,0.0,0.0
2025-12-19 00:00:00-05:00,48.63199996948242,48.7599983215332,48.63199996948242,48.720001220703125,23600,0.0,0.0,0.0
2025-12-22 00:00:00-05:00,48.849998474121094,48.900001525878906,48.810001373291016,48.900001525878906,13200,0.0,0.0,0.0
2025-12-23 00:00:00-05:00,48.79999923706055,48.959999084472656,48.79999923706055,48.922000885009766,4400,0.0,0.0,0.0
2025-12-24 00:00:00-05:00,48.91999816894531,49.040000915527344,48.91999816894531,49.0099983215332,4000,0.0,0.0,0.0
2025-12-26 00:00:00-05:00,49.04999923706055,49.04999923706055,48.959999084472656,49.00699996948242,5400,0.0,0.0,0.0
2025-12-29 00:00:00-05:00,48.90999984741211,48.98899841308594,48.90999984741211,48.94200134277344,11100,0.0,0.0,0.0
2025-12-30 00:00:00-05:00,49.0099983215332,49.02000045776367,48.93000030517578,48.96500015258789,11500,0.0,0.0,0.0
2025-12-31 00:00:00-05:00,49.02000045776367,49.02000045776367,48.8380012512207,48.8380012512207,18900,0.0,0.0,0.0
2026-01-02 00:00:00-05:00,48.91999816894531,48.91999816894531,48.7599983215332,48.849998474121094,5500,0.0,0.0,0.0
2026-01-05 00:00:00-05:00,48.994998931884766,49.051998138427734,48.94200134277344,48.959999084472656,21500,0.0,0.0,0.0
2026-01-06 00:00:00-05:00,49.06100082397461,49.119998931884766,48.959999084472656,49.08000183105469,6300,0.0,0.0,0.0
2026-01-07 00:00:00-05:00,49.119998931884766,49.15999984741211,49.04999923706055,49.06999969482422,6800,0.0,0.0,0.0
2026-01-08 00:00:00-05:00,49.0359992980957,49.07899856567383,48.99399948120117,49.06999969482422,9100,0.0,0.0,0.0
2026-01-09 00:00:00-05:00,49.11000061035156,49.209999084472656,49.0099983215332,49.209999084472656,11200,0.0,0.0,0.0
2026-01-12 00:00:00-05:00,49.099998474121094,49.25,49.099998474121094,49.25,7500,0.0,0.0,0.0
2026-01-13 00:00:00-05:00,49.18000030517578,49.25,49.130001068115234,49.220001220703125,5000,0.0,0.0,0.0
2026-01-14 00:00:00-05:00,49.040000915527344,49.130001068115234,48.91999816894531,49.119998931884766,13600,0.0,0.0,0.0
2026-01-15 00:00:00-05:00,49.25,49.25,49.13999938964844,49.189998626708984,24800,0.0,0.0,0.0
2026-01-16 00:00:00-05:00,49.13999938964844,49.22999954223633,49.09000015258789,49.20000076293945,12600,0.0,0.0,0.0
2026-01-20 00:00:00-05:00,48.86000061035156,48.92399978637695,48.65999984741211,48.680999755859375,8000,0.0,0.0,0.0
2026-01-21 00:00:00-05:00,48.75,49.040000915527344,48.7400016784668,48.9900016784668,13800,0.0,0.0,0.0
2026-01-22 00:00:00-05:00,49.02000045776367,49.119998931884766,49.02000045776367,49.02000045776367,10000,0.0,0.0,0.0
2026-01-23 00:00:00-05:00,49.130001068115234,49.13999938964844,49.060001373291016,49.119998931884766,15600,0.0,0.0,0.0
2026-01-26 00:00:00-05:00,49.150001525878906,49.220001220703125,49.150001525878906,49.183998107910156,2400,0.0,0.0,0.0
2026-01-27 00:00:00-05:00,49.22999954223633,49.310001373291016,49.16999816894531,49.22999954223633,40200,0.0,0.0,0.0
2026-01-28 00:00:00-05:00,49.30500030517578,49.30500030517578,49.20000076293945,49.27000045776367,4700,0.0,0.0,0.0
2026-01-29 00:00:00-05:00,49.17599868774414,49.18000030517578,48.95000076293945,49.18000030517578,7000,0.0,0.0,0.0
2026-01-30 00:00:00-05:00,49.279998779296875,49.279998779296875,49.08000183105469,49.20000076293945,5400,0.0,0.0,0.0
2026-02-02 00:00:00-05:00,49.029998779296875,49.31999969482422,49.029998779296875,49.220001220703125,12900,0.0,0.0,0.0
2026-02-03 00:00:00-05:00,49.25,49.28499984741211,48.93000030517578,49.040000915527344,22500,0.0,0.0,0.0
2026-02-04 00:00:00-05:00,49.0099983215332,49.09000015258789,48.849998474121094,48.9900016784668,28400,0.0,0.0,0.0
2026-02-05 00:00:00-05:00,48.869998931884766,48.869998931884766,48.66999816894531,48.689998626708984,2500,0.0,0.0,0.0
2026-02-06 00:00:00-05:00,48.90999984741211,49.189998626708984,48.89099884033203,49.189998626708984,7100,0.0,0.0,0.0
2026-02-09 00:00:00-05:00,49.13999938964844,49.279998779296875,49.099998474121094,49.25,4000,0.0,0.0,0.0
2026-02-10 00:00:00-05:00,49.29999923706055,49.30699920654297,49.189998626708984,49.20000076293945,13400,0.0,0.0,0.0
2026-02-11 00:00:00-05:00,49.38399887084961,49.38399887084961,49.11000061035156,49.2599983215332,3800,0.0,0.0,0.0
2026-02-12 00:00:00-05:00,49.185001373291016,49.185001373291016,48.88999938964844,48.88999938964844,3200,0.0,0.0,0.0
2026-02-13 00:00:00-05:00,48.869998931884766,49.000999450683594,48.79999923706055,48.81999969482422,15500,0.0,0.0,0.0
2026-02-17 00:00:00-05:00,48.7400016784668,48.95000076293945,48.70000076293945,48.880001068115234,12100,0.0,0.0,0.0
2026-02-18 00:00:00-05:00,49.06999969482422,49.119998931884766,48.96799850463867,49.04800033569336,3700,0.0,0.0,0.0
2026-02-19 00:00:00-05:00,48.959999084472656,48.9900016784668,48.90999984741211,48.98400115966797,4600,0.0,0.0,0.0
2026-02-20 00:00:00-05:00,48.90999984741211,49.14799880981445,48.90999984741211,49.09000015258789,6200,0.0,0.0,0.0
2026-02-23 00:00:00-05:00,48.959999084472656,48.970001220703125,48.84000015258789,48.875,22300,0.0,0.0,0.0
2026-02-24 00:00:00-05:00,48.909000396728516,49.13100051879883,48.909000396728516,49.06999969482422,5200,0.0,0.0,0.0
2026-02-25 00:00:00-05:00,49.2140007019043,49.279998779296875,49.1870002746582,49.27399826049805,16400,0.0,0.0,0.0
2026-02-26 00:00:00-05:00,49.130001068115234,49.185001373291016,49.029998779296875,49.185001373291016,5200,0.0,0.0,0.0
2026-02-27 00:00:00-05:00,49.04999923706055,49.08000183105469,48.970001220703125,49.0629997253418,20400,0.0,0.0,0.0
2026-03-02 00:00:00-05:00,49.310001373291016,49.310001373291016,48.98099899291992,49.040000915527344,35700,0.0,0.0,0.0
2026-03-03 00:00:00-05:00,48.5620002746582,48.900001525878906,48.47999954223633,48.810001373291016,25600,0.0,0.0,0.0
2026-03-04 00:00:00-05:00,48.970001220703125,49.14899826049805,48.970001220703125,49.029998779296875,7900,0.0,0.0,0.0
2026-03-05 00:00:00-05:00,49.029998779296875,49.029998779296875,48.65999984741211,48.869998931884766,10200,0.0,0.0,0.0
2026-03-06 00:00:00-05:00,48.56999969482422,48.720001220703125,48.56999969482422,48.58000183105469,5400,0.0,0.0,0.0
2026-03-09 00:00:00-04:00,48.31999969482422,48.83000183105469,48.220001220703125,48.83000183105469,24800,0.0,0.0,0.0
2026-03-10 00:00:00-04:00,48.689998626708984,48.900001525878906,48.689998626708984,48.72999954223633,19800,0.0,0.0,0.0
2026-03-11 00:00:00-04:00,48.7599983215332,48.779998779296875,48.624000549316406,48.70899963378906,8000,0.0,0.0,0.0
2026-03-12 00:00:00-04:00,48.540000915527344,48.54999923706055,48.33000183105469,48.33000183105469,30500,0.0,0.0,0.0
2026-03-13 00:00:00-04:00,48.470001220703125,48.56999969482422,48.16999816894531,48.19900131225586,13700,0.0,0.0,0.0
2026-03-16 00:00:00-04:00,48.50400161743164,48.529998779296875,48.41999816894531,48.47600173950195,4600,0.0,0.0,0.0
2026-03-17 00:00:00-04:00,48.65800094604492,48.65800094604492,48.529998779296875,48.540000915527344,2000,0.0,0.0,0.0
2026-03-18 00:00:00-04:00,48.43000030517578,48.470001220703125,48.209999084472656,48.27000045776367,10800,0.0,0.0,0.0
2026-03-19 00:00:00-04:00,48.06999969482422,48.22999954223633,48.029998779296875,48.130001068115234,21500,0.0,0.0,0.0
2026-03-20 00:00:00-04:00,48.040000915527344,48.040000915527344,47.779998779296875,47.83000183105469,13900,0.0,0.0,0.0
2026-03-23 00:00:00-04:00,48.30099868774414,48.310001373291016,48.04999923706055,48.09600067138672,3300,0.0,0.0,0.0
2026-03-24 00:00:00-04:00,48.0099983215332,48.13999938964844,48.0099983215332,48.029998779296875,5900,0.0,0.0,0.0
2026-03-25 00:00:00-04:00,48.15999984741211,48.2599983215332,48.07099914550781,48.130001068115234,5000,0.0,0.0,0.0
2026-03-26 00:00:00-04:00,47.880001068115234,48.11000061035156,47.69499969482422,47.69499969482422,15300,0.0,0.0,0.0
2026-03-27 00:00:00-04:00,47.52000045776367,47.52000045776367,47.22999954223633,47.28499984741211,5800,0.0,0.0,0.0
2026-03-30 00:00:00-04:00,47.560001373291016,47.560001373291016,47.099998474121094,47.21500015258789,9300,0.0,0.0,0.0
2026-03-31 00:00:00-04:00,47.487998962402344,47.93600082397461,47.487998962402344,47.904998779296875,13500,0.0,0.0,0.0
2026-04-01 00:00:00-04:00,48.084999084472656,48.25,48.084999084472656,48.117000579833984,6800,0.0,0.0,0.0
2026-04-02 00:00:00-04:00,47.88199996948242,48.220001220703125,47.88199996948242,48.15999984741211,4500,0.0,0.0,0.0
2026-04-06 00:00:00-04:00,48.224998474121094,48.25899887084961,48.18000030517578,48.24800109863281,3500,0.0,0.0,0.0
2026-04-07 00:00:00-04:00,48.11000061035156,48.25699996948242,47.981998443603516,48.25699996948242,31200,0.0,0.0,0.0
2026-04-08 00:00:00-04:00,48.83000183105469,48.939998626708984,48.83000183105469,48.88199996948242,4300,0.0,0.0,0.0
2026-04-09 00:00:00-04:00,48.94900131225586,49.15999984741211,48.869998931884766,49.09600067138672,5500,0.0,0.0,0.0
2026-04-10 00:00:00-04:00,49.21900177001953,49.21900177001953,49.029998779296875,49.066001892089844,19500,0.0,0.0,0.0
2026-04-13 00:00:00-04:00,49.02000045776367,49.323001861572266,49.02000045776367,49.323001861572266,4100,0.0,0.0,0.0
2026-04-14 00:00:00-04:00,49.5,49.57600021362305,49.439998626708984,49.57600021362305,9800,0.0,0.0,0.0
2026-04-15 00:00:00-04:00,49.56999969482422,49.71500015258789,49.56999969482422,49.71500015258789,9400,0.0,0.0,0.0
2026-04-16 00:00:00-04:00,49.78799819946289,49.810001373291016,49.709999084472656,49.79999923706055,13200,0.0,0.0,0.0
2026-04-17 00:00:00-04:00,49.90700149536133,50.04999923706055,49.900001525878906,50.04999923706055,10100,0.0,0.0,0.0
2026-04-20 00:00:00-04:00,50.0099983215332,50.0099983215332,49.880001068115234,49.959999084472656,7000,0.0,0.0,0.0
2026-04-21 00:00:00-04:00,50.051998138427734,50.051998138427734,49.81999969482422,49.845001220703125,3400,0.0,0.0,0.0
2026-04-22 00:00:00-04:00,49.9900016784668,50.060001373291016,49.9900016784668,50.040000915527344,27800,0.0,0.0,0.0
2026-04-23 00:00:00-04:00,50.058998107910156,50.058998107910156,49.869998931884766,49.959999084472656,5200,0.0,0.0,0.0
2026-04-24 00:00:00-04:00,50.06999969482422,50.20000076293945,50.05500030517578,50.1349983215332,33500,0.0,0.0,0.0
2026-04-27 00:00:00-04:00,50.130001068115234,50.20000076293945,50.10100173950195,50.17399978637695,6800,0.0,0.0,0.0
2026-04-28 00:00:00-04:00,50.06999969482422,50.119998931884766,50.02000045776367,50.095001220703125,15200,0.0,0.0,0.0
2026-04-29 00:00:00-04:00,50.084999084472656,50.125,50.029998779296875,50.08599853515625,3000,0.0,0.0,0.0
2026-04-30 00:00:00-04:00,50.099998474121094,50.310001373291016,50.099998474121094,50.29999923706055,9400,0.0,0.0,0.0
2026-05-01 00:00:00-04:00,50.404998779296875,50.470001220703125,50.34000015258789,50.3849983215332,35400,0.0,0.0,0.0
2026-05-04 00:00:00-04:00,50.32500076293945,50.380001068115234,50.22999954223633,50.2760009765625,26100,0.0,0.0,0.0
2026-05-05 00:00:00-04:00,50.47999954223633,50.47999954223633,50.400001525878906,50.439998626708984,2800,0.0,0.0,0.0
2026-05-06 00:00:00-04:00,50.62799835205078,50.70000076293945,50.560001373291016,50.630001068115234,5900,0.0,0.0,0.0
2026-05-07 00:00:00-04:00,50.63999938964844,50.67499923706055,50.56999969482422,50.60499954223633,11000,0.0,0.0,0.0
2026-05-08 00:00:00-04:00,50.77000045776367,50.77000045776367,50.66999816894531,50.724998474121094,10300,0.0,0.0,0.0
2026-05-11 00:00:00-04:00,50.709999084472656,50.79999923706055,50.689998626708984,50.70000076293945,12900,0.0,0.0,0.0
2026-05-12 00:00:00-04:00,50.650001525878906,50.724998474121094,50.58100128173828,50.724998474121094,3200,0.0,0.0,0.0
2026-05-13 00:00:00-04:00,50.689998626708984,50.86000061035156,50.689998626708984,50.77000045776367,10900,0.0,0.0,0.0
2026-05-14 00:00:00-04:00,50.75,50.939998626708984,50.75,50.900001525878906,40000,0.0,0.0,0.0
2026-05-15 00:00:00-04:00,50.72999954223633,50.869998931884766,50.720001220703125,50.720001220703125,3500,0.0,0.0,0.0
2026-05-18 00:00:00-04:00,50.779998779296875,50.790000915527344,50.70000076293945,50.790000915527344,3900,0.0,0.0,0.0
2026-05-19 00:00:00-04:00,50.65999984741211,51.20000076293945,50.6510009765625,50.67900085449219,6300,0.0,0.0,0.0
2026-05-20 00:00:00-04:00,50.744998931884766,50.86000061035156,50.720001220703125,50.83000183105469,69500,0.0,0.0,0.0
2026-05-21 00:00:00-04:00,50.77000045776367,50.95000076293945,50.77000045776367,50.880001068115234,7900,0.0,0.0,0.0
2026-05-22 00:00:00-04:00,50.84000015258789,51.0,50.84000015258789,50.95000076293945,14200,0.0,0.0,0.0
2026-05-26 00:00:00-04:00,51.06999969482422,51.12200164794922,51.040000915527344,51.040000915527344,10600,0.0,0.0,0.0
2026-05-27 00:00:00-04:00,51.04999923706055,51.117000579833984,51.02000045776367,51.084999084472656,6900,0.0,0.0,0.0
2026-05-28 00:00:00-04:00,51.099998474121094,51.22999954223633,51.08399963378906,51.19499969482422,5700,0.0,0.0,0.0
2026-05-29 00:00:00-04:00,51.2400016784668,51.290000915527344,51.20000076293945,51.2400016784668,4700,0.0,0.0,0.0
2026-06-01 00:00:00-04:00,51.2859992980957,51.2859992980957,51.209999084472656,51.2400016784668,17400,0.0,0.0,0.0
2026-06-02 00:00:00-04:00,51.2599983215332,51.31999969482422,51.25,51.2599983215332,6600,0.0,0.0,0.0
2026-06-03 00:00:00-04:00,51.23500061035156,51.2599983215332,51.16999816894531,51.16999816894531,15400,0.0,0.0,0.0
2026-06-04 00:00:00-04:00,51.25,51.310001373291016,51.20000076293945,51.25,7300,0.0,0.0,0.0
2026-06-05 00:00:00-04:00,51.28499984741211,51.28499984741211,50.86000061035156,50.904998779296875,3300,0.0,0.0,0.0
2026-06-08 00:00:00-04:00,51.0099983215332,51.08700180053711,50.90999984741211,50.90999984741211,12400,0.0,0.0,0.0
2026-06-09 00:00:00-04:00,50.95100021362305,50.98500061035156,50.5099983215332,50.83000183105469,6200,0.0,0.0,0.0
2026-06-10 00:00:00-04:00,50.86000061035156,50.86000061035156,50.54999923706055,50.60900115966797,8000,0.0,0.0,0.0
2026-06-11 00:00:00-04:00,50.7400016784668,50.904998779296875,50.54999923706055,50.904998779296875,18000,0.0,0.0,0.0
2026-06-12 00:00:00-04:00,50.939998626708984,51.029998779296875,50.880001068115234,51.000999450683594,5400,0.0,0.0,0.0
2026-06-15 00:00:00-04:00,51.3489990234375,51.3489990234375,51.2400016784668,51.3129997253418,1800,0.0,0.0,0.0
2026-06-16 00:00:00-04:00,51.35499954223633,51.380001068115234,51.25,51.29999923706055,5300,0.0,0.0,0.0
2026-06-17 00:00:00-04:00,51.31999969482422,51.33000183105469,51.04999923706055,51.04999923706055,5100,0.0,0.0,0.0
2026-06-18 00:00:00-04:00,51.224998474121094,51.255001068115234,51.20000076293945,51.25,12600,0.0,0.0,0.0
2026-06-22 00:00:00-04:00,51.20000076293945,51.29999923706055,51.15999984741211,51.180999755859375,10300,0.0,0.0,0.0
2026-06-23 00:00:00-04:00,50.90999984741211,51.073001861572266,50.90999984741211,50.98899841308594,6900,0.0,0.0,0.0
2026-06-24 00:00:00-04:00,51.060001373291016,51.06999969482422,50.900001525878906,50.939998626708984,4700,0.0,0.0,0.0
2026-06-25 00:00:00-04:00,50.95000076293945,51.04999923706055,50.90999984741211,50.95500183105469,2000,0.0,0.0,0.0
2026-06-26 00:00:00-04:00,50.939998626708984,51.0099983215332,50.880001068115234,50.9630012512207,11600,0.0,0.0,0.0
2026-06-29 00:00:00-04:00,51.03499984741211,51.154998779296875,50.9900016784668,51.154998779296875,4000,0.0,0.0,0.0
2026-06-30 00:00:00-04:00,51.220001220703125,51.349998474121094,51.220001220703125,51.349998474121094,3400,0.0,0.0,0.0
2026-07-01 00:00:00-04:00,51.349998474121094,51.409000396728516,51.220001220703125,51.31999969482422,2100,0.0,0.0,0.0
2026-07-02 00:00:00-04:00,51.470001220703125,51.470001220703125,51.26499938964844,51.33700180053711,2200,0.0,0.0,0.0
2026-07-06 00:00:00-04:00,51.41999816894531,51.5,51.41999816894531,51.474998474121094,4100,0.0,0.0,0.0
2026-07-07 00:00:00-04:00,51.43000030517578,51.48699951171875,51.34000015258789,51.42499923706055,3200,0.0,0.0,0.0
2026-07-08 00:00:00-04:00,51.38999938964844,51.400001525878906,51.220001220703125,51.375,12900,0.0,0.0,0.0
2026-07-09 00:00:00-04:00,51.41999816894531,51.54999923706055,51.41999816894531,51.529998779296875,1900,0.0,0.0,0.0
2026-07-10 00:00:00-04:00,51.56999969482422,51.619998931884766,51.56999969482422,51.619998931884766,1000,0.0,0.0,0.0
2026-07-13 00:00:00-04:00,51.52000045776367,51.63999938964844,51.50299835205078,51.50299835205078,900,0.0,0.0,0.0
2026-07-14 00:00:00-04:00,51.584999084472656,51.61000061035156,51.58000183105469,51.59000015258789,4000,0.0,0.0,0.0
2026-07-15 00:00:00-04:00,51.70600128173828,51.70600128173828,51.63999938964844,51.67100143432617,1700,0.0,0.0,0.0
2026-07-16 00:00:00-04:00,51.650001525878906,51.689998626708984,51.599998474121094,51.61000061035156,3500,0.0,0.0,0.0
2026-07-17 00:00:00-04:00,51.52000045776367,51.52000045776367,51.380001068115234,51.448001861572266,7900,0.0,0.0,0.0
2026-07-20 00:00:00-04:00,51.52000045776367,51.52000045776367,51.40999984741211,51.42399978637695,9000,0.0,0.0,0.0
2026-07-21 00:00:00-04:00,51.551998138427734,51.63100051879883,51.4900016784668,51.59000015258789,5400,0.0,0.0,0.0
2026-07-22 00:00:00-04:00,51.630001068115234,51.650001525878906,51.54999923706055,51.54999923706055,7100,0.0,0.0,0.0
2026-07-23 00:00:00-04:00,51.39099884033203,51.39099884033203,51.29999923706055,51.31999969482422,2700,0.0,0.0,0.0
2026-07-24 00:00:00-04:00,51.41299819946289,51.494998931884766,51.38100051879883,51.38100051879883,5500,0.0,0.0,0.0
2026-07-27 00:00:00-04:00,51.39500045776367,51.42499923706055,51.310001373291016,51.42499923706055,10500,0.0,0.0,0.0
2026-07-28 00:00:00-04:00,51.349998474121094,51.560001373291016,51.349998474121094,51.51499938964844,6600,0.0,0.0,0.0
2026-07-29 00:00:00-04:00,51.36000061035156,51.47999954223633,51.189998626708984,51.19300079345703,9700,0.0,0.0,0.0
2026-07-30 00:00:00-04:00,51.41999816894531,51.52799987792969,51.41999816894531,51.52799987792969,5200,0.0,0.0,0.0
2026-07-31 00:00:00-04:00,51.665000915527344,51.731998443603516,51.41999816894531,51.731998443603516,2800,0.0,0.0,0.0
2026-08-03 00:00:00-04:00,51.80500030517578,51.95000076293945,51.779998779296875,51.90999984741211,5000,0.0,0.0,0.0
2026-08-04 00:00:00-04:00,51.900001525878906,52.13999938964844,51.900001525878906,52.1349983215332,10000,0.0,0.0,0.0
2026-08-05 00:00:00-04:00,52.20000076293945,52.20000076293945,52.08599853515625,52.10100173950195,21900,0.0,0.0,0.0
2026-08-06 00:00:00-04:00,52.08000183105469,52.11000061035156,52.08000183105469,52.11000061035156,1700,0.0,0.0,0.0
2026-08-07 00:00:00-04:00,52.22100067138672,52.22100067138672,52.150001525878906,52.189998626708984,5000,0.0,0.0,0.0
2026-08-10 00:00:00-04:00,52.18000030517578,52.21500015258789,52.15999984741211,52.21500015258789,2600,0.0,0.0,0.0
2026-08-11 00:00:00-04:00,52.18000030517578,52.2599983215332,52.13999938964844,52.165000915527344,5800,0.0,0.0,0.0
2026-08-12 00:00:00-04:00,52.16999816894531,52.25299835205078,52.16999816894531,52.22999954223633,20100,0.0,0.0,0.0
2026-08-13 00:00:00-04:00,52.279998779296875,52.29999923706055,52.279998779296875,52.29999923706055,1700,0.0,0.0,0.0
2026-08-14 00:00:00-04:00,52.279998779296875,52.36000061035156,52.27000045776367,52.29999923706055,5200,0.0,0.0,0.0
2026-08-17 00:00:00-04:00,52.290000915527344,52.33000183105469,52.25,52.25,2300,0.0,0.0,0.0
2026-08-18 00:00:00-04:00,52.13999938964844,52.244998931884766,52.13999938964844,52.189998626708984,11600,0.0,0.0,0.0
2026-08-19 00:00:00-04:00,52.31999969482422,52.33000183105469,52.25,52.28099822998047,8200,0.0,0.0,0.0
2026-08-20 00:00:00-04:00,52.150001525878906,52.290000915527344,52.150001525878906,52.150001525878906,4400,0.0,0.0,0.0
2026-08-21 00:00:00-04:00,52.31999969482422,52.31999969482422,52.209999084472656,52.22999954223633,29600,0.0,0.0,0.0
2026-08-24 00:00:00-04:00,52.358001708984375,52.358001708984375,52.189998626708984,52.2599983215332,127800,0.0,0.0,0.0
2026-08-25 00:00:00-04:00,52.35900115966797,52.35900115966797,52.25,52.290000915527344,2900,0.0,0.0,0.0
2026-08-26 00:00:00-04:00,52.36000061035156,52.36000061035156,52.290000915527344,52.290000915527344,11500,0.0,0.0,0.0
2026-08-27 00:00:00-04:00,52.349998474121094,52.470001220703125,52.349998474121094,52.400001525878906,7000,0.0,0.0,0.0
2026-08-28 00:00:00-04:00,52.459999084472656,52.5099983215332,52.369998931884766,52.400001525878906,8400,0.0,0.0,0.0
2026-08-31 00:00:00-04:00,52.472999572753906,52.472999572753906,52.36000061035156,52.430999755859375,6100,0.0,0.0,0.0
2026-09-01 00:00:00-04:00,52.3849983215332,52.39699935913086,52.263999938964844,52.369998931884766,6100,0.0,0.0,0.0
2026-09-02 00:00:00-04:00,52.38999938964844,52.439998626708984,52.369998931884766,52.400001525878906,1700,0.0,0.0,0.0
2026-09-03 00:00:00-04:00,52.470001220703125,52.55500030517578,52.470001220703125,52.55500030517578,800,0.0,0.0,0.0
2026-09-04 00:00:00-04:00,52.560001373291016,52.61000061035156,52.4900016784668,52.529998779296875,6500,0.0,0.0,0.0
2026-09-08 00:00:00-04:00,52.45500183105469,52.52000045776367,52.435001373291016,52.470001220703125,3100,0.0,0.0,0.0
2026-09-09 00:00:00-04:00,52.48400115966797,52.48400115966797,52.38999938964844,52.38999938964844,800,0.0,0.0,0.0
2026-09-10 00:00:00-04:00,52.30500030517578,52.33000183105469,52.28499984741211,52.28499984741211,2500,0.0,0.0,0.0
2026-09-11 00:00:00-04:00,52.5,52.52000045776367,52.41999816894531,52.479000091552734,63200,0.0,0.0,0.0
