Date,Open,High,Low,Close,Volume,Dividends,Stock Splits,Capital Gains
2023-08-02 00:00:00-04:00,16.80684415286894,17.33546608739049,16.785865783691406,16.785865783691406,255000,0.0,0.0,0.0
2023-08-03 00:00:00-04:00,16.538326263427734,16.538326263427734,16.538326263427734,16.538326263427734,100,0.0,0.0,0.0
2023-08-04 00:00:00-04:00,16.73971224732988,16.73971224732988,16.706148147583008,16.706148147583008,500,0.0,0.0,0.0
2023-08-07 00:00:00-04:00,16.706148147583008,16.706148147583008,16.706148147583008,16.706148147583008,0,0.0,0.0,0.0
2023-08-08 00:00:00-04:00,16.722929485280375,16.731320509859746,16.68936538696289,16.68936538696289,6100,0.0,0.0,0.0
2023-08-09 00:00:00-04:00,16.73971224732988,16.73971224732988,16.706148147583008,16.706148147583008,200,0.0,0.0,0.0
2023-08-10 00:00:00-04:00,16.680972530315987,16.689363553973774,16.639019012451172,16.639019012451172,1000,0.0,0.0,0.0
2023-08-11 00:00:00-04:00,16.597072389669158,16.597072389669158,16.54672622680664,16.54672622680664,101100,0.0,0.0,0.0
2023-08-14 00:00:00-04:00,16.576086044311523,16.576086044311523,16.576086044311523,16.576086044311523,100,0.0,0.0,0.0
2023-08-15 00:00:00-04:00,16.578607068311864,16.59706796327456,16.555112838745117,16.555112838745117,4400,0.0,0.0,0.0
2023-08-16 00:00:00-04:00,16.508962631225586,16.508962631225586,16.508962631225586,16.508962631225586,0,0.0,0.0,0.0
2023-08-17 00:00:00-04:00,16.52154896489705,16.529939989104776,16.500572204589844,16.500572204589844,400,0.0,0.0,0.0
2023-08-18 00:00:00-04:00,16.538326263427734,16.538326263427734,16.538326263427734,16.538326263427734,100,0.0,0.0,0.0
2023-08-21 00:00:00-04:00,16.5718994140625,16.5718994140625,16.5718994140625,16.5718994140625,0,0.0,0.0,0.0
2023-08-22 00:00:00-04:00,16.538328361467826,16.538328361467826,16.51315689086914,16.51315689086914,300,0.0,0.0,0.0
2023-08-23 00:00:00-04:00,16.555107567960924,16.580280634664035,16.550912857055664,16.550912857055664,1000,0.0,0.0,0.0
2023-08-24 00:00:00-04:00,16.680972530315987,16.680972530315987,16.639019012451172,16.639019012451172,100600,0.0,0.0,0.0
2023-08-25 00:00:00-04:00,16.641538500470848,16.664194107055664,16.634826320899165,16.664194107055664,600,0.0,0.0,0.0
2023-08-28 00:00:00-04:00,16.706148147583008,16.706148147583008,16.706148147583008,16.706148147583008,100,0.0,0.0,0.0
2023-08-29 00:00:00-04:00,16.87396812438965,16.87396812438965,16.87396812438965,16.87396812438965,100,0.0,0.0,0.0
2023-08-30 00:00:00-04:00,16.710344314575195,16.710344314575195,16.710344314575195,16.710344314575195,0,0.0,0.0,0.0
2023-08-31 00:00:00-04:00,16.890745162963867,16.890745162963867,16.890745162963867,16.890745162963867,300,0.0,0.0,0.0
2023-09-01 00:00:00-04:00,16.90924764710422,16.90924764710422,16.812551498413086,16.812551498413086,1000,0.042,0.0,0.0
2023-09-05 00:00:00-04:00,16.749486386484282,16.749486386484282,16.70744514465332,16.70744514465332,500,0.0,0.0,0.0
2023-09-06 00:00:00-04:00,16.6822197004895,16.6822197004895,16.602340698242188,16.602340698242188,1300,0.0,0.0,0.0
2023-09-07 00:00:00-04:00,16.64858627319336,16.64858627319336,16.64858627319336,16.64858627319336,100,0.0,0.0,0.0
2023-09-08 00:00:00-04:00,16.699037691286133,16.699037691286133,16.64858627319336,16.64858627319336,276900,0.0,0.0,0.0
2023-09-11 00:00:00-04:00,16.74948501586914,16.74948501586914,16.74948501586914,16.74948501586914,100,0.0,0.0,0.0
2023-09-12 00:00:00-04:00,16.724262237548828,16.724262237548828,16.724262237548828,16.724262237548828,0,0.0,0.0,0.0
2023-09-13 00:00:00-04:00,16.74108123779297,16.74108123779297,16.74108123779297,16.74108123779297,100,0.0,0.0,0.0
2023-09-14 00:00:00-04:00,16.81675093737338,16.81675093737338,16.774709701538086,16.774709701538086,275100,0.0,0.0,0.0
2023-09-15 00:00:00-04:00,16.753697725517622,16.753697725517622,16.745290756225586,16.745290756225586,400,0.0,0.0,0.0
2023-09-18 00:00:00-04:00,16.724262237548828,16.724262237548828,16.724262237548828,16.724262237548828,100,0.0,0.0,0.0
2023-09-19 00:00:00-04:00,16.732669830322266,16.732669830322266,16.732669830322266,16.732669830322266,100,0.0,0.0,0.0
2023-09-20 00:00:00-04:00,16.69062614440918,16.69062614440918,16.69062614440918,16.69062614440918,100,0.0,0.0,0.0
2023-09-21 00:00:00-04:00,16.67381477355957,16.67381477355957,16.67381477355957,16.67381477355957,100,0.0,0.0,0.0
2023-09-22 00:00:00-04:00,16.585521697998047,16.585521697998047,16.585521697998047,16.585521697998047,0,0.0,0.0,0.0
2023-09-25 00:00:00-04:00,16.623357857042397,16.63176642454396,16.589723587036133,16.589723587036133,1700,0.0,0.0,0.0
2023-09-26 00:00:00-04:00,16.480417251586914,16.480417251586914,16.480417251586914,16.480417251586914,0,0.0,0.0,0.0
2023-09-27 00:00:00-04:00,16.425764083862305,16.425764083862305,16.425764083862305,16.425764083862305,0,0.0,0.0,0.0
2023-09-28 00:00:00-04:00,16.401378631591797,16.401378631591797,16.401378631591797,16.401378631591797,0,0.0,0.0,0.0
2023-09-29 00:00:00-04:00,16.43837547302246,16.43837547302246,16.43837547302246,16.43837547302246,0,0.0,0.0,0.0
2023-10-02 00:00:00-04:00,16.402929306030273,16.402929306030273,16.402929306030273,16.402929306030273,100,0.073,0.0,0.0
2023-10-03 00:00:00-04:00,16.305871963500977,16.305871963500977,16.305871963500977,16.305871963500977,100,0.0,0.0,0.0
2023-10-04 00:00:00-04:00,16.272113800048828,16.272113800048828,16.272113800048828,16.272113800048828,100,0.0,0.0,0.0
2023-10-05 00:00:00-04:00,16.297426223754883,16.297426223754883,16.297426223754883,16.297426223754883,100,0.0,0.0,0.0
2023-10-06 00:00:00-04:00,16.288990020751953,16.288990020751953,16.288990020751953,16.288990020751953,100,0.0,0.0,0.0
2023-10-09 00:00:00-04:00,16.373390197753906,16.373390197753906,16.373390197753906,16.373390197753906,100,0.0,0.0,0.0
2023-10-10 00:00:00-04:00,16.301652908325195,16.301652908325195,16.301652908325195,16.301652908325195,100,0.0,0.0,0.0
2023-10-11 00:00:00-04:00,16.415591421278613,16.415591421278613,16.41305923461914,16.41305923461914,100,0.0,0.0,0.0
2023-10-12 00:00:00-04:00,16.407152107602094,16.415592193603516,16.407152107602094,16.415592193603516,514300,0.0,0.0,0.0
2023-10-13 00:00:00-04:00,16.38182620457827,16.407146453857422,16.38182620457827,16.407146453857422,100,0.0,0.0,0.0
2023-10-16 00:00:00-04:00,16.352291107177734,16.352291107177734,16.352291107177734,16.352291107177734,100,0.0,0.0,0.0
2023-10-17 00:00:00-04:00,16.217248916625977,16.217248916625977,16.217248916625977,16.217248916625977,100,0.0,0.0,0.0
2023-10-18 00:00:00-04:00,16.094026565551758,16.094026565551758,16.094026565551758,16.094026565551758,100,0.0,0.0,0.0
2023-10-19 00:00:00-04:00,16.048460006713867,16.048460006713867,16.048460006713867,16.048460006713867,100,0.0,0.0,0.0
2023-10-20 00:00:00-04:00,16.019763946533203,16.019763946533203,16.019763946533203,16.019763946533203,100,0.0,0.0,0.0
2023-10-23 00:00:00-04:00,16.04423713684082,16.04423713684082,16.04423713684082,16.04423713684082,100,0.0,0.0,0.0
2023-10-24 00:00:00-04:00,16.08643341064453,16.08643341064453,16.08643341064453,16.08643341064453,100,0.0,0.0,0.0
2023-10-25 00:00:00-04:00,16.103315353393555,16.103315353393555,16.103315353393555,16.103315353393555,100,0.0,0.0,0.0
2023-10-26 00:00:00-04:00,16.069557395915687,16.069557395915687,16.04423713684082,16.04423713684082,100,0.0,0.0,0.0
2023-10-27 00:00:00-04:00,16.133689880371094,16.133689880371094,16.133689880371094,16.133689880371094,100,0.0,0.0,0.0
2023-10-30 00:00:00-04:00,16.073776245117188,16.073776245117188,16.073776245117188,16.073776245117188,100,0.0,0.0,0.0
2023-10-31 00:00:00-04:00,16.116817474365234,16.116817474365234,16.116817474365234,16.116817474365234,100,0.0,0.0,0.0
2023-11-01 00:00:00-04:00,16.242213517600373,16.36930406648045,16.242213517600373,16.342191696166992,9000,0.074,0.0,0.0
2023-11-02 00:00:00-04:00,16.369303052826567,16.369303052826567,16.324398040771484,16.324398040771484,520000,0.0,0.0,0.0
2023-11-03 00:00:00-04:00,16.56840598352244,16.56840598352244,16.549766540527344,16.549766540527344,200,0.0,0.0,0.0
2023-11-06 00:00:00-05:00,16.424375534057617,16.424375534057617,16.424375534057617,16.424375534057617,100,0.0,0.0,0.0
2023-11-07 00:00:00-05:00,16.50825309753418,16.50825309753418,16.50825309753418,16.50825309753418,100,0.0,0.0,0.0
2023-11-08 00:00:00-05:00,16.59806966813518,16.59806966813518,16.54723376675664,16.572650909423828,5200,0.0,0.0,0.0
2023-11-09 00:00:00-05:00,16.581116524042283,16.581116524042283,16.403190139582286,16.411663055419922,1400,0.0,0.0,0.0
2023-11-10 00:00:00-05:00,16.487922388459907,16.487922388459907,16.43115560822731,16.449796676635742,600,0.0,0.0,0.0
2023-11-13 00:00:00-05:00,16.432849884033203,16.432849884033203,16.432849884033203,16.432849884033203,0,0.0,0.0,0.0
2023-11-14 00:00:00-05:00,16.631961432112796,16.687034606933594,16.631961432112796,16.687034606933594,1300,0.0,0.0,0.0
2023-11-15 00:00:00-05:00,16.640426497092733,16.64805260669961,16.615856170654297,16.615856170654297,1100,0.0,0.0,0.0
2023-11-16 00:00:00-05:00,16.716688542025633,16.716688542025633,16.695507049560547,16.695507049560547,300,0.0,0.0,0.0
2023-11-17 00:00:00-05:00,16.73362780397355,16.75904655456543,16.73362780397355,16.75904655456543,200,0.0,0.0,0.0
2023-11-20 00:00:00-05:00,16.708207512812578,16.716680428895295,16.70397186279297,16.70397186279297,600,0.0,0.0,0.0
2023-11-21 00:00:00-05:00,16.809888271645455,16.809888271645455,16.767525288672108,16.771760940551758,5500,0.0,0.0,0.0
2023-11-22 00:00:00-05:00,16.767520904541016,16.767520904541016,16.767520904541016,16.767520904541016,100,0.0,0.0,0.0
2023-11-24 00:00:00-05:00,16.674325942993164,16.674325942993164,16.674325942993164,16.674325942993164,100,0.0,0.0,0.0
2023-11-27 00:00:00-05:00,16.74210224713956,16.780229568481445,16.74210224713956,16.780229568481445,200,0.0,0.0,0.0
2023-11-28 00:00:00-05:00,16.81835908945189,16.90308666085335,16.81835908945189,16.886140823364258,700,0.0,0.0,0.0
2023-11-29 00:00:00-05:00,16.92003012253504,16.96239471435547,16.92003012253504,16.96239471435547,200,0.0,0.0,0.0
2023-11-30 00:00:00-05:00,16.945448774022303,16.945448774022303,16.88190269470215,16.88190269470215,300,0.0,0.0,0.0
2023-12-01 00:00:00-05:00,17.065710067749023,17.065710067749023,17.065710067749023,17.065710067749023,100,0.086,0.0,0.0
2023-12-04 00:00:00-05:00,16.95083555544996,16.980618520092342,16.95083555544996,16.955089569091797,200,0.0,0.0,0.0
2023-12-05 00:00:00-05:00,17.057209014892578,17.057209014892578,17.057209014892578,17.057209014892578,100,0.0,0.0,0.0
2023-12-06 00:00:00-05:00,17.116762161254883,17.116762161254883,17.116762161254883,17.116762161254883,100,0.0,0.0,0.0
2023-12-07 00:00:00-05:00,17.14655113220215,17.14655113220215,17.14655113220215,17.14655113220215,100,0.0,0.0,0.0
2023-12-08 00:00:00-05:00,17.035921096801758,17.035921096801758,17.035921096801758,17.035921096801758,100,0.0,0.0,0.0
2023-12-11 00:00:00-05:00,17.027414321899414,17.027414321899414,17.027414321899414,17.027414321899414,100,0.0,0.0,0.0
2023-12-12 00:00:00-05:00,17.086975477973553,17.086975477973553,17.058895111083984,17.058895111083984,100,0.0,0.0,0.0
2023-12-13 00:00:00-05:00,17.12952544062486,17.288652420043945,17.12952544062486,17.288652420043945,100,0.0,0.0,0.0
2023-12-14 00:00:00-05:00,17.37204360961914,17.37204360961914,17.37204360961914,17.37204360961914,100,0.0,0.0,0.0
2023-12-15 00:00:00-05:00,17.338003158569336,17.338003158569336,17.338003158569336,17.338003158569336,100,0.0,0.0,0.0
2023-12-18 00:00:00-05:00,17.3082237443222,17.333752682033523,17.29120445251465,17.29120445251465,13600,0.0,0.0,0.0
2023-12-19 00:00:00-05:00,17.32525062561035,17.32525062561035,17.32525062561035,17.32525062561035,100,0.0,0.0,0.0
2023-12-20 00:00:00-05:00,17.41459846496582,17.41459846496582,17.41459846496582,17.41459846496582,100,0.0,0.0,0.0
2023-12-21 00:00:00-05:00,17.401830673217773,17.401830673217773,17.401830673217773,17.401830673217773,100,0.0,0.0,0.0
2023-12-22 00:00:00-05:00,17.383865356445312,17.383865356445312,17.383865356445312,17.383865356445312,100,0.109,0.0,0.0
2023-12-26 00:00:00-05:00,17.409528001108697,17.435192108154297,17.409528001108697,17.435192108154297,100,0.0,0.0,0.0
2023-12-27 00:00:00-05:00,17.56352424621582,17.56352424621582,17.56352424621582,17.56352424621582,100,0.0,0.0,0.0
2023-12-28 00:00:00-05:00,17.46941566467285,17.46941566467285,17.46941566467285,17.46941566467285,100,0.0,0.0,0.0
2023-12-29 00:00:00-05:00,17.452301025390625,17.452301025390625,17.452301025390625,17.452301025390625,200,0.0,0.0,0.0
2024-01-02 00:00:00-05:00,17.36676025390625,17.36676025390625,17.36676025390625,17.36676025390625,100,0.0,0.0,0.0
2024-01-03 00:00:00-05:00,17.383865356445312,17.383865356445312,17.383865356445312,17.383865356445312,100,0.0,0.0,0.0
2024-01-04 00:00:00-05:00,17.400977052657126,17.400977052657126,17.332536697387695,17.332536697387695,7400,0.0,0.0,0.0
2024-01-05 00:00:00-05:00,17.366755347753788,17.366755347753788,17.281206130981445,17.281206130981445,300,0.0,0.0,0.0
2024-01-08 00:00:00-05:00,17.396699905395508,17.396699905395508,17.396699905395508,17.396699905395508,100,0.0,0.0,0.0
2024-01-09 00:00:00-05:00,17.348787307739258,17.348787307739258,17.348787307739258,17.348787307739258,100,0.0,0.0,0.0
2024-01-10 00:00:00-05:00,17.336813177466986,17.336813177466986,17.315425872802734,17.315425872802734,200,0.0,0.0,0.0
2024-01-11 00:00:00-05:00,17.4180908203125,17.4180908203125,17.4180908203125,17.4180908203125,100,0.0,0.0,0.0
2024-01-12 00:00:00-05:00,17.452301025390625,17.452301025390625,17.452301025390625,17.452301025390625,100,0.0,0.0,0.0
2024-01-16 00:00:00-05:00,17.326549530029297,17.326549530029297,17.326549530029297,17.326549530029297,100,0.0,0.0,0.0
2024-01-17 00:00:00-05:00,17.264095306396484,17.264095306396484,17.264095306396484,17.264095306396484,100,0.0,0.0,0.0
2024-01-18 00:00:00-05:00,17.246984481811523,17.246984481811523,17.246984481811523,17.246984481811523,100,0.0,0.0,0.0
2024-01-19 00:00:00-05:00,17.225597178433237,17.264094977212814,17.22046370346352,17.246984481811523,400,0.0,0.0,0.0
2024-01-22 00:00:00-05:00,17.27265167236328,17.27265167236328,17.27265167236328,17.27265167236328,100,0.0,0.0,0.0
2024-01-23 00:00:00-05:00,17.255538940429688,17.255538940429688,17.255538940429688,17.255538940429688,100,0.0,0.0,0.0
2024-01-24 00:00:00-05:00,17.208484649658203,17.208484649658203,17.208484649658203,17.208484649658203,100,0.0,0.0,0.0
2024-01-25 00:00:00-05:00,17.29831314086914,17.29831314086914,17.29831314086914,17.29831314086914,100,0.0,0.0,0.0
2024-01-26 00:00:00-05:00,17.27265167236328,17.27265167236328,17.27265167236328,17.27265167236328,100,0.0,0.0,0.0
2024-01-29 00:00:00-05:00,17.358205795288086,17.358205795288086,17.358205795288086,17.358205795288086,100,0.0,0.0,0.0
2024-01-30 00:00:00-05:00,17.358205795288086,17.358205795288086,17.358205795288086,17.358205795288086,200,0.0,0.0,0.0
2024-01-31 00:00:00-05:00,17.452302333120365,17.452302333120365,17.43604850769043,17.43604850769043,100,0.0,0.0,0.0
2024-02-01 00:00:00-05:00,17.551172256469727,17.551172256469727,17.551172256469727,17.551172256469727,100,0.085,0.0,0.0
2024-02-02 00:00:00-05:00,17.33896944478319,17.362163543701172,17.33896944478319,17.362163543701172,100,0.0,0.0,0.0
2024-02-05 00:00:00-05:00,17.214406967163086,17.214406967163086,17.214406967163086,17.214406967163086,200,0.0,0.0,0.0
2024-02-06 00:00:00-05:00,17.34069061279297,17.34069061279297,17.34069061279297,17.34069061279297,100,0.0,0.0,0.0
2024-02-07 00:00:00-05:00,17.27625922442825,17.27625922442825,17.259077072143555,17.259077072143555,300,0.0,0.0,0.0
2024-02-08 00:00:00-05:00,17.284852590371788,17.284852590371788,17.25048828125,17.25048828125,700,0.0,0.0,0.0
2024-02-09 00:00:00-05:00,17.233309071087792,17.24190014983607,17.233309071087792,17.239322662353516,4800,0.0,0.0,0.0
2024-02-12 00:00:00-05:00,17.25478497909683,17.25478497909683,17.24275779724121,17.24275779724121,300,0.0,0.0,0.0
2024-02-13 00:00:00-05:00,17.065786361694336,17.065786361694336,17.065786361694336,17.065786361694336,100,0.0,0.0,0.0
2024-02-14 00:00:00-05:00,17.17145538330078,17.17145538330078,17.17145538330078,17.17145538330078,100,0.0,0.0,0.0
2024-02-15 00:00:00-05:00,17.224712371826172,17.224712371826172,17.224712371826172,17.224712371826172,100,0.0,0.0,0.0
2024-02-16 00:00:00-05:00,17.12677764892578,17.12677764892578,17.12677764892578,17.12677764892578,100,0.0,0.0,0.0
2024-02-20 00:00:00-05:00,17.15169334411621,17.15169334411621,17.15169334411621,17.15169334411621,100,0.0,0.0,0.0
2024-02-21 00:00:00-05:00,17.087260639632134,17.087260639632134,17.075233459472656,17.075233459472656,100,0.0,0.0,0.0
2024-02-22 00:00:00-05:00,17.130218117956677,17.130218117956677,17.095853805541992,17.095853805541992,6200,0.0,0.0,0.0
2024-02-23 00:00:00-05:00,17.16457641965179,17.1826171875,17.16457641965179,17.1826171875,200,0.0,0.0,0.0
2024-02-26 00:00:00-05:00,17.131072998046875,17.131072998046875,17.131072998046875,17.131072998046875,100,0.0,0.0,0.0
2024-02-27 00:00:00-05:00,17.070079803466797,17.070079803466797,17.070079803466797,17.070079803466797,100,0.0,0.0,0.0
2024-02-28 00:00:00-05:00,17.161142349243164,17.161142349243164,17.161142349243164,17.161142349243164,100,0.0,0.0,0.0
2024-02-29 00:00:00-05:00,17.178325653076172,17.178325653076172,17.178325653076172,17.178325653076172,100,0.0,0.0,0.0
2024-03-01 00:00:00-05:00,17.241287231445312,17.241287231445312,17.241287231445312,17.241287231445312,100,0.079,0.0,0.0
2024-03-04 00:00:00-05:00,17.2326602935791,17.2326602935791,17.2326602935791,17.2326602935791,100,0.0,0.0,0.0
2024-03-05 00:00:00-05:00,17.310290914901355,17.336166381835938,17.310290914901355,17.336166381835938,300,0.0,0.0,0.0
2024-03-06 00:00:00-05:00,17.31028689071097,17.31718635559082,17.24991246031265,17.31718635559082,2400,0.0,0.0,0.0
2024-03-07 00:00:00-05:00,17.3784236907959,17.3784236907959,17.3784236907959,17.3784236907959,0,0.0,0.0,0.0
2024-03-08 00:00:00-05:00,17.370662689208984,17.370662689208984,17.370662689208984,17.370662689208984,100,0.0,0.0,0.0
2024-03-11 00:00:00-04:00,17.37497901916504,17.37497901916504,17.37497901916504,17.37497901916504,100,0.0,0.0,0.0
2024-03-12 00:00:00-04:00,17.336166381835938,17.336166381835938,17.336166381835938,17.336166381835938,100,0.0,0.0,0.0
2024-03-13 00:00:00-04:00,17.314592361450195,17.314592361450195,17.314592361450195,17.314592361450195,100,0.0,0.0,0.0
2024-03-14 00:00:00-04:00,17.249907768395406,17.249907768395406,17.180908203125,17.180908203125,2100,0.0,0.0,0.0
2024-03-15 00:00:00-04:00,17.189533233642578,17.189533233642578,17.189533233642578,17.189533233642578,100,0.0,0.0,0.0
2024-03-18 00:00:00-04:00,17.1679744720459,17.1679744720459,17.1679744720459,17.1679744720459,100,0.0,0.0,0.0
2024-03-19 00:00:00-04:00,17.219724532386202,17.232661439770425,17.19816247171924,17.228349685668945,600,0.0,0.0,0.0
2024-03-20 00:00:00-04:00,17.28872299194336,17.28872299194336,17.28872299194336,17.28872299194336,100,0.0,0.0,0.0
2024-03-21 00:00:00-04:00,17.28786277770996,17.28786277770996,17.28786277770996,17.28786277770996,100,0.0,0.0,0.0
2024-03-22 00:00:00-04:00,17.331849290985303,17.331849290985303,17.327537536621094,17.327537536621094,200,0.0,0.0,0.0
2024-03-25 00:00:00-04:00,17.293032653061168,17.325807571411133,17.293032653061168,17.325807571411133,200,0.0,0.0,0.0
2024-03-26 00:00:00-04:00,17.30597915961904,17.35341669312566,17.30597915961904,17.336166381835938,2800,0.0,0.0,0.0
2024-03-27 00:00:00-04:00,17.396533966064453,17.396533966064453,17.396533966064453,17.396533966064453,100,0.0,0.0,0.0
2024-03-28 00:00:00-04:00,17.34478187561035,17.34478187561035,17.34478187561035,17.34478187561035,0,0.0,0.0,0.0
2024-04-01 00:00:00-04:00,17.258167266845703,17.258167266845703,17.258167266845703,17.258167266845703,100,0.085,0.0,0.0
2024-04-02 00:00:00-04:00,17.233919143676758,17.233919143676758,17.233919143676758,17.233919143676758,100,0.0,0.0,0.0
2024-04-03 00:00:00-04:00,17.241714477539062,17.241714477539062,17.241714477539062,17.241714477539062,100,0.0,0.0,0.0
2024-04-04 00:00:00-04:00,17.28675651550293,17.28675651550293,17.28675651550293,17.28675651550293,100,0.0,0.0,0.0
2024-04-05 00:00:00-04:00,17.21919337435866,17.21919337435866,17.206201553344727,17.206201553344727,200,0.0,0.0,0.0
2024-04-08 00:00:00-04:00,17.197538375854492,17.197538375854492,17.197538375854492,17.197538375854492,100,0.0,0.0,0.0
2024-04-09 00:00:00-04:00,17.236514926028384,17.240846633911133,17.236514926028384,17.240846633911133,2300,0.0,0.0,0.0
2024-04-10 00:00:00-04:00,17.032968521118164,17.032968521118164,17.032968521118164,17.032968521118164,100,0.0,0.0,0.0
2024-04-11 00:00:00-04:00,17.031240463256836,17.031240463256836,17.031240463256836,17.031240463256836,100,0.0,0.0,0.0
2024-04-12 00:00:00-04:00,17.08493995666504,17.08493995666504,17.08493995666504,17.08493995666504,100,0.0,0.0,0.0
2024-04-15 00:00:00-04:00,16.966272354125977,16.966272354125977,16.966272354125977,16.966272354125977,100,0.0,0.0,0.0
2024-04-16 00:00:00-04:00,16.885726928710938,16.885726928710938,16.885726928710938,16.885726928710938,100,0.0,0.0,0.0
2024-04-17 00:00:00-04:00,17.037302017211914,17.037302017211914,17.037302017211914,17.037302017211914,100,0.0,0.0,0.0
2024-04-18 00:00:00-04:00,16.957614747247607,16.957614747247607,16.94202423095703,16.94202423095703,500,0.0,0.0,0.0
2024-04-19 00:00:00-04:00,16.93336296081543,16.93336296081543,16.93336296081543,16.93336296081543,100,0.0,0.0,0.0
2024-04-22 00:00:00-04:00,16.950687408447266,16.950687408447266,16.950687408447266,16.950687408447266,600,0.0,0.0,0.0
2024-04-23 00:00:00-04:00,16.998321533203125,16.998321533203125,16.998321533203125,16.998321533203125,100,0.0,0.0,0.0
2024-04-24 00:00:00-04:00,16.976667404174805,16.976667404174805,16.976667404174805,16.976667404174805,100,0.0,0.0,0.0
2024-04-25 00:00:00-04:00,16.881391576249076,16.911706924438477,16.881391576249076,16.911706924438477,2300,0.0,0.0,0.0
2024-04-26 00:00:00-04:00,16.968013763427734,16.968013763427734,16.968013763427734,16.968013763427734,100,0.0,0.0,0.0
2024-04-29 00:00:00-04:00,16.985332489013672,16.985332489013672,16.985332489013672,16.985332489013672,100,0.0,0.0,0.0
2024-04-30 00:00:00-04:00,16.959349174233278,16.959349174233278,16.950687408447266,16.950687408447266,200,0.0,0.0,0.0
2024-05-01 00:00:00-04:00,16.981130451105727,17.034199921740214,16.955901627657326,17.032459259033203,2700,0.086,0.0,0.0
2024-05-02 00:00:00-04:00,17.051603740158185,17.125551223754883,17.051603740158185,17.125551223754883,700,0.0,0.0,0.0
2024-05-03 00:00:00-04:00,17.182100296020508,17.182100296020508,17.182100296020508,17.182100296020508,400,0.0,0.0,0.0
2024-05-06 00:00:00-04:00,17.186450958251953,17.186450958251953,17.186450958251953,17.186450958251953,100,0.0,0.0,0.0
2024-05-07 00:00:00-04:00,17.286498688575737,17.286498688575737,17.249958038330078,17.249958038330078,252000,0.0,0.0,0.0
2024-05-08 00:00:00-04:00,17.186450958251953,17.186450958251953,17.186450958251953,17.186450958251953,100,0.0,0.0,0.0
2024-05-09 00:00:00-04:00,17.208196739716538,17.260395050048828,17.190796749820986,17.260395050048828,2500,0.0,0.0,0.0
2024-05-10 00:00:00-04:00,17.221248626708984,17.221248626708984,17.221248626708984,17.221248626708984,100,0.0,0.0,0.0
2024-05-13 00:00:00-04:00,17.251700608900414,17.251700608900414,17.23430061340332,17.23430061340332,800,0.0,0.0,0.0
2024-05-14 00:00:00-04:00,17.312599182128906,17.312599182128906,17.312599182128906,17.312599182128906,100,0.0,0.0,0.0
2024-05-15 00:00:00-04:00,17.447441679349687,17.447441679349687,17.43874168395996,17.43874168395996,200,0.0,0.0,0.0
2024-05-16 00:00:00-04:00,17.39089192993023,17.39089192993023,17.338693618774414,17.338693618774414,500,0.0,0.0,0.0
2024-05-17 00:00:00-04:00,17.338693618774414,17.338693618774414,17.338693618774414,17.338693618774414,200,0.0,0.0,0.0
2024-05-20 00:00:00-04:00,17.273448944091797,17.273448944091797,17.273448944091797,17.273448944091797,100,0.0,0.0,0.0
2024-05-21 00:00:00-04:00,17.343048095703125,17.343048095703125,17.343048095703125,17.343048095703125,200,0.0,0.0,0.0
2024-05-22 00:00:00-04:00,17.24300019659085,17.269100189208984,17.24300019659085,17.269100189208984,200,0.0,0.0,0.0
2024-05-23 00:00:00-04:00,17.199499130249023,17.199499130249023,17.199499130249023,17.199499130249023,100,0.0,0.0,0.0
2024-05-24 00:00:00-04:00,17.199496744768762,17.269095044996604,17.199496744768762,17.260395050048828,2500,0.0,0.0,0.0
2024-05-28 00:00:00-04:00,17.170791708342247,17.170791708342247,17.16035270690918,17.16035270690918,500,0.0,0.0,0.0
2024-05-29 00:00:00-04:00,17.08640480041504,17.08640480041504,17.08640480041504,17.08640480041504,200,0.0,0.0,0.0
2024-05-30 00:00:00-04:00,17.16382598876953,17.16382598876953,17.16382598876953,17.16382598876953,100,0.0,0.0,0.0
2024-05-31 00:00:00-04:00,17.22472630591335,17.231685638427734,17.19949748103288,17.231685638427734,400,0.0,0.0,0.0
2024-06-03 00:00:00-04:00,17.245669141262823,17.30682373046875,17.245669141262823,17.30682373046875,400,0.083,0.0,0.0
2024-06-04 00:00:00-04:00,17.385445600248037,17.394182205200195,17.350500846776416,17.394182205200195,14300,0.0,0.0,0.0
2024-06-05 00:00:00-04:00,17.411657240605017,17.41864585876465,17.411657240605017,17.41864585876465,400,0.0,0.0,0.0
2024-06-06 00:00:00-04:00,17.429128646850586,17.429128646850586,17.429128646850586,17.429128646850586,200,0.0,0.0,0.0
2024-06-07 00:00:00-04:00,17.349634215534216,17.349634215534216,17.32866668701172,17.32866668701172,4000,0.0,0.0,0.0
2024-06-10 00:00:00-04:00,17.289350873820922,17.31119155883789,17.289350873820922,17.31119155883789,505400,0.0,0.0,0.0
2024-06-11 00:00:00-04:00,17.372343063354492,17.372343063354492,17.372343063354492,17.372343063354492,100,0.0,0.0,0.0
2024-06-12 00:00:00-04:00,17.420394897460938,17.420394897460938,17.420394897460938,17.420394897460938,200,0.0,0.0,0.0
2024-06-13 00:00:00-04:00,17.577648162841797,17.577648162841797,17.577648162841797,17.577648162841797,200,0.0,0.0,0.0
2024-06-14 00:00:00-04:00,17.560176849365234,17.560176849365234,17.560176849365234,17.560176849365234,100,0.0,0.0,0.0
2024-06-17 00:00:00-04:00,17.472814559936523,17.472814559936523,17.472814559936523,17.472814559936523,100,0.0,0.0,0.0
2024-06-18 00:00:00-04:00,17.547067642211914,17.547067642211914,17.547067642211914,17.547067642211914,0,0.0,0.0,0.0
2024-06-20 00:00:00-04:00,17.507756956247043,17.52522850036621,17.506008968666595,17.52522850036621,1200,0.0,0.0,0.0
2024-06-21 00:00:00-04:00,17.52086639404297,17.52086639404297,17.52086639404297,17.52086639404297,100,0.0,0.0,0.0
2024-06-24 00:00:00-04:00,17.50864083862907,17.50864083862907,17.49029445631638,17.49903106689453,1100,0.0,0.0,0.0
2024-06-25 00:00:00-04:00,17.507758089590315,17.507758089590315,17.437865243240967,17.50251579284668,6700,0.0,0.0,0.0
2024-06-26 00:00:00-04:00,17.429128058124487,17.464072810459523,17.394181639452494,17.442232131958008,8300,0.0,0.0,0.0
2024-06-27 00:00:00-04:00,17.4771785736084,17.4771785736084,17.4771785736084,17.4771785736084,100,0.0,0.0,0.0
2024-06-28 00:00:00-04:00,17.4771785736084,17.4771785736084,17.4771785736084,17.4771785736084,100,0.0,0.0,0.0
2024-07-01 00:00:00-04:00,17.38067125298279,17.38067125298279,17.30170794621755,17.313114166259766,600,0.085,0.0,0.0
2024-07-02 00:00:00-04:00,17.363121275775274,17.363121275775274,17.33679962158203,17.33679962158203,200,0.0,0.0,0.0
2024-07-03 00:00:00-04:00,17.399972915649414,17.399972915649414,17.399972915649414,17.399972915649414,200,0.0,0.0,0.0
2024-07-05 00:00:00-04:00,17.508766174316406,17.508766174316406,17.508766174316406,17.508766174316406,100,0.0,0.0,0.0
2024-07-08 00:00:00-04:00,17.50788688659668,17.50788688659668,17.50788688659668,17.50788688659668,100,0.0,0.0,0.0
2024-07-09 00:00:00-04:00,17.51666259765625,17.51666259765625,17.51666259765625,17.51666259765625,100,0.0,0.0,0.0
2024-07-10 00:00:00-04:00,17.512274653573492,17.534210205078125,17.512274653573492,17.534210205078125,251400,0.0,0.0,0.0
2024-07-11 00:00:00-04:00,17.600010866263244,17.661426390806653,17.600010866263244,17.61317253112793,900,0.0,0.0,0.0
2024-07-12 00:00:00-04:00,17.658796310424805,17.658796310424805,17.658796310424805,17.658796310424805,100,0.0,0.0,0.0
2024-07-15 00:00:00-04:00,17.58597755432129,17.58597755432129,17.58597755432129,17.58597755432129,100,0.0,0.0,0.0
2024-07-16 00:00:00-04:00,17.63510576628766,17.657039642333984,17.63510576628766,17.657039642333984,1300,0.0,0.0,0.0
2024-07-17 00:00:00-04:00,17.678974151611328,17.678974151611328,17.678974151611328,17.678974151611328,6400,0.0,0.0,0.0
2024-07-18 00:00:00-04:00,17.657039642333984,17.657039642333984,17.657039642333984,17.657039642333984,100,0.0,0.0,0.0
2024-07-19 00:00:00-04:00,17.61317253112793,17.61317253112793,17.61317253112793,17.61317253112793,100,0.0,0.0,0.0
2024-07-22 00:00:00-04:00,17.604393881765652,17.60965687283977,17.582460010856764,17.600006103515625,500,0.0,0.0,0.0
2024-07-23 00:00:00-04:00,17.608783611382798,17.608783611382798,17.602642059326172,17.602642059326172,200,0.0,0.0,0.0
2024-07-24 00:00:00-04:00,17.582469940185547,17.582469940185547,17.582469940185547,17.582469940185547,100,0.0,0.0,0.0
2024-07-25 00:00:00-04:00,17.60000904108598,17.60439682006836,17.60000904108598,17.60439682006836,200,0.0,0.0,0.0
2024-07-26 00:00:00-04:00,17.626331881179635,17.657039642333984,17.626331881179635,17.657039642333984,100,0.0,0.0,0.0
2024-07-29 00:00:00-04:00,17.68775177001953,17.68775177001953,17.68775177001953,17.68775177001953,100,0.0,0.0,0.0
2024-07-30 00:00:00-04:00,17.65265781101544,17.69652557373047,17.65265781101544,17.69652557373047,100,0.0,0.0,0.0
2024-07-31 00:00:00-04:00,17.775487899780273,17.775487899780273,17.775487899780273,17.775487899780273,100,0.0,0.0,0.0
2024-08-01 00:00:00-04:00,17.844219207763672,17.844219207763672,17.844219207763672,17.844219207763672,100,0.088,0.0,0.0
2024-08-02 00:00:00-04:00,18.095361709594727,18.095361709594727,18.095361709594727,18.095361709594727,100,0.0,0.0,0.0
2024-08-05 00:00:00-04:00,18.05394172668457,18.05394172668457,18.05394172668457,18.05394172668457,300,0.0,0.0,0.0
2024-08-06 00:00:00-04:00,17.946435928344727,17.946435928344727,17.946435928344727,17.946435928344727,100,0.0,0.0,0.0
2024-08-07 00:00:00-04:00,17.94996112853816,17.94996112853816,17.932336807250977,17.932336807250977,5600,0.0,0.0,0.0
2024-08-08 00:00:00-04:00,17.875062942504883,17.875062942504883,17.875062942504883,17.875062942504883,100,0.0,0.0,0.0
2024-08-09 00:00:00-04:00,17.932336807250977,17.932336807250977,17.932336807250977,17.932336807250977,100,0.0,0.0,0.0
2024-08-12 00:00:00-04:00,17.95436668395996,17.95436668395996,17.95436668395996,17.95436668395996,100,0.0,0.0,0.0
2024-08-13 00:00:00-04:00,18.02046012878418,18.02046012878418,18.02046012878418,18.02046012878418,100,0.0,0.0,0.0
2024-08-14 00:00:00-04:00,18.031036376953125,18.031036376953125,18.031036376953125,18.031036376953125,100,0.0,0.0,0.0
2024-08-15 00:00:00-04:00,18.002838134765625,18.002838134765625,18.002838134765625,18.002838134765625,100,0.0,0.0,0.0
2024-08-16 00:00:00-04:00,18.011648178100586,18.011648178100586,18.011648178100586,18.011648178100586,100,0.0,0.0,0.0
2024-08-19 00:00:00-04:00,18.04689598083496,18.04689598083496,18.04689598083496,18.04689598083496,100,0.0,0.0,0.0
2024-08-20 00:00:00-04:00,18.099763870239258,18.099763870239258,18.099763870239258,18.099763870239258,100,0.0,0.0,0.0
2024-08-21 00:00:00-04:00,18.135011672973633,18.135011672973633,18.135011672973633,18.135011672973633,100,0.0,0.0,0.0
2024-08-22 00:00:00-04:00,18.126198670505424,18.126198670505424,18.099763870239258,18.099763870239258,5700,0.0,0.0,0.0
2024-08-23 00:00:00-04:00,18.161449432373047,18.161449432373047,18.161449432373047,18.161449432373047,100,0.0,0.0,0.0
2024-08-26 00:00:00-04:00,18.12619777169625,18.143822091498258,18.11298037221857,18.113861083984375,300,0.0,0.0,0.0
2024-08-27 00:00:00-04:00,18.13501315875117,18.152637481689453,18.112983595452288,18.152637481689453,1000,0.0,0.0,0.0
2024-08-28 00:00:00-04:00,18.117389678955078,18.117389678955078,18.117389678955078,18.117389678955078,100,0.0,0.0,0.0
2024-08-29 00:00:00-04:00,18.126201840834316,18.143826164592795,18.117389678955078,18.117389678955078,400,0.0,0.0,0.0
2024-08-30 00:00:00-04:00,18.095361709594727,18.095361709594727,18.095361709594727,18.095361709594727,100,0.0,0.0,0.0
2024-09-03 00:00:00-04:00,18.097129910776147,18.141376495361328,18.097129910776147,18.141376495361328,200,0.087,0.0,0.0
2024-09-04 00:00:00-04:00,18.190052032470703,18.190052032470703,18.190052032470703,18.190052032470703,0,0.0,0.0,0.0
2024-09-05 00:00:00-04:00,18.238719940185547,18.238719940185547,18.238719940185547,18.238719940185547,100,0.0,0.0,0.0
2024-09-06 00:00:00-04:00,18.229874762289565,18.25642204284668,18.229874762289565,18.25642204284668,2300,0.0,0.0,0.0
2024-09-09 00:00:00-04:00,18.300668716430664,18.300668716430664,18.300668716430664,18.300668716430664,100,0.0,0.0,0.0
2024-09-10 00:00:00-04:00,18.27411735979473,18.371461868286133,18.27411735979473,18.371461868286133,200,0.0,0.0,0.0
2024-09-11 00:00:00-04:00,18.372346878051758,18.372346878051758,18.372346878051758,18.372346878051758,100,0.0,0.0,0.0
2024-09-12 00:00:00-04:00,18.334299087524414,18.334299087524414,18.334299087524414,18.334299087524414,100,0.0,0.0,0.0
2024-09-13 00:00:00-04:00,18.380308151245117,18.380308151245117,18.380308151245117,18.380308151245117,100,0.0,0.0,0.0
2024-09-16 00:00:00-04:00,18.398007456433376,18.398007456433376,18.3670328284046,18.380308151245117,300,0.0,0.0,0.0
2024-09-17 00:00:00-04:00,18.358190536499023,18.358190536499023,18.358190536499023,18.358190536499023,100,0.0,0.0,0.0
2024-09-18 00:00:00-04:00,18.406860221101862,18.406860221101862,18.309517392979547,18.340490341186523,3100,0.0,0.0,0.0
2024-09-19 00:00:00-04:00,18.36261474303818,18.380314053910404,18.36261474303818,18.36703872680664,1400,0.0,0.0,0.0
2024-09-20 00:00:00-04:00,18.309515621533812,18.309515621533812,18.2918163134425,18.305089950561523,2400,0.0,0.0,0.0
2024-09-23 00:00:00-04:00,18.29181671142578,18.29181671142578,18.29181671142578,18.29181671142578,100,0.0,0.0,0.0
2024-09-24 00:00:00-04:00,18.274122535473076,18.318370819091797,18.274122535473076,18.318370819091797,800,0.0,0.0,0.0
2024-09-25 00:00:00-04:00,18.247575759887695,18.247575759887695,18.247575759887695,18.247575759887695,100,0.0,0.0,0.0
2024-09-26 00:00:00-04:00,18.25199552940039,18.260845184326172,18.212172926183918,18.260845184326172,800,0.0,0.0,0.0
2024-09-27 00:00:00-04:00,18.30067106492492,18.309520721435547,18.30067106492492,18.309520721435547,300,0.0,0.0,0.0
2024-09-30 00:00:00-04:00,18.251996994018555,18.251996994018555,18.251996994018555,18.251996994018555,100,0.0,0.0,0.0
2024-10-01 00:00:00-04:00,18.308901386948406,18.308901386948406,18.29111671447754,18.29111671447754,200,0.099,0.0,0.0
2024-10-02 00:00:00-04:00,18.268892288208008,18.268892288208008,18.268892288208008,18.268892288208008,100,0.0,0.0,0.0
2024-10-03 00:00:00-04:00,18.221765518188477,18.221765518188477,18.221765518188477,18.221765518188477,100,0.0,0.0,0.0
2024-10-04 00:00:00-04:00,18.104390032144234,18.104390032144234,18.077713012695312,18.077713012695312,400,0.0,0.0,0.0
2024-10-07 00:00:00-04:00,18.015466690063477,18.015466690063477,18.015466690063477,18.015466690063477,2600,0.0,0.0,0.0
2024-10-08 00:00:00-04:00,18.073266983032227,18.073266983032227,18.073266983032227,18.073266983032227,0,0.0,0.0,0.0
2024-10-09 00:00:00-04:00,18.037695059079223,18.037695059079223,17.997680385185642,18.006572723388672,400,0.0,0.0,0.0
2024-10-10 00:00:00-04:00,18.019912719726562,18.019912719726562,18.019912719726562,18.019912719726562,100,0.0,0.0,0.0
2024-10-11 00:00:00-04:00,18.00923728942871,18.00923728942871,18.00923728942871,18.00923728942871,100,0.0,0.0,0.0
2024-10-14 00:00:00-04:00,17.971006393432617,17.971006393432617,17.971006393432617,17.971006393432617,100,0.0,0.0,0.0
2024-10-15 00:00:00-04:00,18.064373016357422,18.064373016357422,18.064373016357422,18.064373016357422,100,0.0,0.0,0.0
2024-10-16 00:00:00-04:00,18.0599308013916,18.0599308013916,18.0599308013916,18.0599308013916,100,0.0,0.0,0.0
2024-10-17 00:00:00-04:00,17.988788604736328,17.988788604736328,17.988788604736328,17.988788604736328,100,0.0,0.0,0.0
2024-10-18 00:00:00-04:00,18.006572723388672,18.006572723388672,18.006572723388672,18.006572723388672,100,0.0,0.0,0.0
2024-10-21 00:00:00-04:00,17.89986623195056,17.89986623195056,17.868743896484375,17.868743896484375,2600,0.0,0.0,0.0
2024-10-22 00:00:00-04:00,17.877639770507812,17.877639770507812,17.877639770507812,17.877639770507812,100,0.0,0.0,0.0
2024-10-23 00:00:00-04:00,17.810951232910156,17.810951232910156,17.810951232910156,17.810951232910156,100,0.0,0.0,0.0
2024-10-24 00:00:00-04:00,17.846515655517578,17.846515655517578,17.846515655517578,17.846515655517578,100,0.0,0.0,0.0
2024-10-25 00:00:00-04:00,17.815391540527344,17.815391540527344,17.815391540527344,17.815391540527344,0,0.0,0.0,0.0
2024-10-28 00:00:00-04:00,17.757592875762995,17.7664852142334,17.757592875762995,17.7664852142334,200,0.0,0.0,0.0
2024-10-29 00:00:00-04:00,17.7131278394219,17.791378021240234,17.7131278394219,17.791378021240234,1300,0.0,0.0,0.0
2024-10-30 00:00:00-04:00,17.81094974005627,17.81094974005627,17.77093505859375,17.77093505859375,100,0.0,0.0,0.0
2024-10-31 00:00:00-04:00,17.779821395874023,17.779821395874023,17.779821395874023,17.779821395874023,100,0.0,0.0,0.0
2024-11-01 00:00:00-04:00,17.752123769771114,17.752123769771114,17.702985763549805,17.702985763549805,1200,0.094,0.0,0.0
2024-11-04 00:00:00-05:00,17.76999472592234,17.76999472592234,17.754806518554688,17.754806518554688,200,0.0,0.0,0.0
2024-11-05 00:00:00-05:00,17.69852493231888,17.81020164489746,17.689590590826427,17.81020164489746,7300,0.0,0.0,0.0
2024-11-06 00:00:00-05:00,17.618120858765817,17.743199959007367,17.59131953332612,17.676193237304688,7500,0.0,0.0,0.0
2024-11-07 00:00:00-05:00,17.83253727798486,17.877208987028784,17.831644355019417,17.861127853393555,13100,0.0,0.0,0.0
2024-11-08 00:00:00-05:00,17.890607079728515,17.91294207901882,17.848617553710938,17.848617553710938,6400,0.0,0.0,0.0
2024-11-11 00:00:00-05:00,17.813776256804136,17.823605225952825,17.796802199645658,17.805736541748047,3300,0.0,0.0,0.0
2024-11-12 00:00:00-05:00,17.801263379260508,17.805731401047495,17.747659046173826,17.765527725219727,2600,0.0,0.0,0.0
2024-11-13 00:00:00-05:00,17.752129604792923,17.752129604792923,17.709245450574894,17.732473373413086,6900,0.0,0.0,0.0
2024-11-14 00:00:00-05:00,17.769995640006183,17.789651870343658,17.720857620239258,17.720857620239258,2500,0.0,0.0,0.0
2024-11-15 00:00:00-05:00,17.72979282037719,17.769996501767896,17.72979282037719,17.733367919921875,1100,0.0,0.0,0.0
2024-11-18 00:00:00-05:00,17.680654111200834,17.78786277770996,17.653851092548038,17.78786277770996,2300,0.0,0.0,0.0
2024-11-19 00:00:00-05:00,17.729793548583984,17.729793548583984,17.729793548583984,17.729793548583984,100,0.0,0.0,0.0
2024-11-20 00:00:00-05:00,17.73872655782486,17.743194580078125,17.73872655782486,17.743194580078125,200,0.0,0.0,0.0
2024-11-21 00:00:00-05:00,17.769994735717773,17.769994735717773,17.769994735717773,17.769994735717773,200,0.0,0.0,0.0
2024-11-22 00:00:00-05:00,17.761064171671386,17.778039932250977,17.743197192181622,17.778039932250977,2900,0.0,0.0,0.0
2024-11-25 00:00:00-05:00,17.932598114013672,17.932598114013672,17.932598114013672,17.932598114013672,100,0.0,0.0,0.0
2024-11-26 00:00:00-05:00,17.876311653665958,17.886138916015625,17.876311653665958,17.886138916015625,200,0.0,0.0,0.0
2024-11-27 00:00:00-05:00,17.921873092651367,17.921873092651367,17.921873092651367,17.921873092651367,100,0.0,0.0,0.0
2024-11-29 00:00:00-05:00,18.01121617597101,18.020150515532677,17.999601364135742,17.999601364135742,3000,0.0,0.0,0.0
2024-12-02 00:00:00-05:00,17.98164559737702,17.98164559737702,17.963685989379883,17.963685989379883,1800,0.102,0.0,0.0
2024-12-03 00:00:00-05:00,17.981645584106445,17.981645584106445,17.981645584106445,17.981645584106445,200,0.0,0.0,0.0
2024-12-04 00:00:00-05:00,18.00409507751465,18.00409507751465,18.00409507751465,18.00409507751465,200,0.0,0.0,0.0
2024-12-05 00:00:00-05:00,18.02205467224121,18.02205467224121,18.02205467224121,18.02205467224121,100,0.0,0.0,0.0
2024-12-06 00:00:00-05:00,18.084912401144404,18.084912401144404,18.08042335510254,18.08042335510254,2800,0.0,0.0,0.0
2024-12-09 00:00:00-05:00,18.111851815563504,18.111851815563504,18.08042335510254,18.08042335510254,900,0.0,0.0,0.0
2024-12-10 00:00:00-05:00,18.08042335510254,18.08042335510254,18.08042335510254,18.08042335510254,100,0.0,0.0,0.0
2024-12-11 00:00:00-05:00,18.066952832451054,18.066952832451054,18.02654457092285,18.02654457092285,300,0.0,0.0,0.0
2024-12-12 00:00:00-05:00,17.94123649597168,17.94123649597168,17.94123649597168,17.94123649597168,400,0.0,0.0,0.0
2024-12-13 00:00:00-05:00,17.90801620163647,17.90801620163647,17.866708755493164,17.866708755493164,1000,0.0,0.0,0.0
2024-12-16 00:00:00-05:00,17.88736343383789,17.88736343383789,17.88736343383789,17.88736343383789,400,0.0,0.0,0.0
2024-12-17 00:00:00-05:00,17.83348252233232,17.869400024414062,17.83348252233232,17.869400024414062,700,0.0,0.0,0.0
2024-12-18 00:00:00-05:00,17.932260193608688,17.932260193608688,17.766138076782227,17.766138076782227,800,0.0,0.0,0.0
2024-12-19 00:00:00-05:00,17.760747951274205,17.760747951274205,17.757156372070312,17.757156372070312,800,0.0,0.0,0.0
2024-12-20 00:00:00-05:00,17.824504852294922,17.824504852294922,17.81103428876966,17.824504852294922,4000,0.0,0.0,0.0
2024-12-23 00:00:00-05:00,17.71854497734841,17.72123908996582,17.71854497734841,17.72123908996582,500,0.0,0.0,0.0
2024-12-24 00:00:00-05:00,17.698784917713972,17.712255477905273,17.676336267691415,17.712255477905273,1100,0.0,0.0,0.0
2024-12-26 00:00:00-05:00,17.679933315777724,17.766138076782227,17.679933315777724,17.766138076782227,1100,0.0,0.0,0.0
2024-12-27 00:00:00-05:00,17.793328311801194,17.793328311801194,17.748910903930664,17.748910903930664,400,0.186,0.0,0.0
2024-12-30 00:00:00-05:00,17.812367081398133,17.85769220892976,17.80330205589181,17.820526123046875,3200,0.0,0.0,0.0
2024-12-31 00:00:00-05:00,17.803301361790723,17.857691512708154,17.803301361790723,17.839561462402344,1300,0.0,0.0,0.0
2025-01-02 00:00:00-05:00,17.83955895087865,17.83955895087865,17.803298855371867,17.830493927001953,1100,0.0,0.0,0.0
2025-01-03 00:00:00-05:00,17.794237907553523,17.80330293350671,17.744382858276367,17.744382858276367,4600,0.0,0.0,0.0
2025-01-06 00:00:00-05:00,17.748913513416106,17.748913513416106,17.730783462524414,17.730783462524414,5400,0.0,0.0,0.0
2025-01-07 00:00:00-05:00,17.66732869659572,17.680925369262695,17.660077368370228,17.680925369262695,900,0.0,0.0,0.0
2025-01-08 00:00:00-05:00,17.653729906842972,17.6763916015625,17.624722868442916,17.6763916015625,3600,0.0,0.0,0.0
2025-01-10 00:00:00-05:00,17.603875378930372,17.603875378930372,17.504161834716797,17.504161834716797,3200,0.0,0.0,0.0
2025-01-13 00:00:00-05:00,17.495091620952543,17.5576390634825,17.495091620952543,17.54222869873047,1600,0.0,0.0,0.0
2025-01-14 00:00:00-05:00,17.57667629018685,17.58574131295202,17.558547973632812,17.558547973632812,2300,0.0,0.0,0.0
2025-01-15 00:00:00-05:00,17.72987596227832,17.735315322875977,17.727156281979493,17.735315322875977,1300,0.0,0.0,0.0
2025-01-16 00:00:00-05:00,17.767041884702184,17.803300254081073,17.767041884702184,17.794235229492188,500,0.0,0.0,0.0
2025-01-17 00:00:00-05:00,17.821428298950195,17.821428298950195,17.821428298950195,17.821428298950195,100,0.0,0.0,0.0
2025-01-21 00:00:00-05:00,17.84862730251068,17.853158950805664,17.84862730251068,17.853158950805664,5400,0.0,0.0,0.0
2025-01-22 00:00:00-05:00,17.86675168782062,17.86675168782062,17.821428298950195,17.821428298950195,300,0.0,0.0,0.0
2025-01-23 00:00:00-05:00,17.803298950195312,17.803298950195312,17.803298950195312,17.803298950195312,200,0.0,0.0,0.0
2025-01-24 00:00:00-05:00,17.85768699645996,17.85768699645996,17.85768699645996,17.85768699645996,300,0.0,0.0,0.0
2025-01-27 00:00:00-05:00,17.794236661025458,17.91117427734597,17.791518709509123,17.87582015991211,6900,0.0,0.0,0.0
2025-01-28 00:00:00-05:00,17.884883995758326,17.916610717773438,17.884883995758326,17.916610717773438,300,0.0,0.0,0.0
2025-01-29 00:00:00-05:00,17.939274144049953,17.939274144049953,17.916610717773438,17.916610717773438,400,0.0,0.0,0.0
2025-01-30 00:00:00-05:00,17.952871322631836,17.952871322631836,17.952871322631836,17.952871322631836,100,0.0,0.0,0.0
2025-01-31 00:00:00-05:00,17.94017791748047,17.94017791748047,17.94017791748047,17.94017791748047,200,0.0,0.0,0.0
2025-02-03 00:00:00-05:00,17.921968460083008,17.950199327707757,17.921968460083008,17.921968460083008,1100,0.091,0.0,0.0
2025-02-04 00:00:00-05:00,17.91194653545456,17.98571014404297,17.91194653545456,17.98571014404297,600,0.0,0.0,0.0
2025-02-05 00:00:00-05:00,18.085885309502054,18.09772271316311,18.076778411865234,18.076778411865234,1200,0.0,0.0,0.0
2025-02-06 00:00:00-05:00,18.058566786816584,18.058566786816584,18.054014205932617,18.054014205932617,2500,0.0,0.0,0.0
2025-02-07 00:00:00-05:00,18.008480072021484,18.008480072021484,18.008480072021484,18.008480072021484,100,0.0,0.0,0.0
2025-02-10 00:00:00-05:00,18.05856783994202,18.05856783994202,18.017587661743164,18.017587661743164,500,0.0,0.0,0.0
2025-02-11 00:00:00-05:00,18.003925323486328,18.003925323486328,18.003925323486328,18.003925323486328,100,0.0,0.0,0.0
2025-02-12 00:00:00-05:00,17.89464569091797,17.89464569091797,17.89464569091797,17.89464569091797,100,0.0,0.0,0.0
2025-02-13 00:00:00-05:00,17.98571152785279,18.003925323486328,17.98571152785279,18.003925323486328,100,0.0,0.0,0.0
2025-02-14 00:00:00-05:00,18.076778411865234,18.076778411865234,18.076778411865234,18.076778411865234,100,0.0,0.0,0.0
2025-02-18 00:00:00-05:00,18.049462689735048,18.049462689735048,17.99026870727539,17.99026870727539,700,0.0,0.0,0.0
2025-02-19 00:00:00-05:00,18.026695251464844,18.026695251464844,18.026695251464844,18.026695251464844,100,0.0,0.0,0.0
2025-02-20 00:00:00-05:00,18.040347533119416,18.058561325073242,18.040347533119416,18.058561325073242,2600,0.0,0.0,0.0
2025-02-21 00:00:00-05:00,18.15873964642368,18.15873964642368,18.156917572021484,18.156917572021484,700,0.0,0.0,0.0
2025-02-24 00:00:00-05:00,18.149629592895508,18.17694854543641,18.149629592895508,18.149629592895508,2300,0.0,0.0,0.0
2025-02-25 00:00:00-05:00,18.277128219604492,18.277128219604492,18.277128219604492,18.277128219604492,100,0.0,0.0,0.0
2025-02-26 00:00:00-05:00,18.306262969970703,18.306262969970703,18.306262969970703,18.306262969970703,300,0.0,0.0,0.0
2025-02-27 00:00:00-05:00,18.30900001525879,18.30900001525879,18.30900001525879,18.30900001525879,100,0.0,0.0,0.0
2025-02-28 00:00:00-05:00,18.375478744506836,18.375478744506836,18.375478744506836,18.375478744506836,100,0.0,0.0,0.0
2025-03-03 00:00:00-05:00,18.3141846217452,18.35260581970215,18.3141846217452,18.35260581970215,800,0.091,0.0,0.0
2025-03-04 00:00:00-05:00,18.378221431275037,18.378221431275037,18.314186096191406,18.314186096191406,400,0.0,0.0,0.0
2025-03-05 00:00:00-05:00,18.277597835980366,18.277597835980366,18.254728317260742,18.254728317260742,300,0.0,0.0,0.0
2025-03-06 00:00:00-05:00,18.250152587890625,18.259298998247797,18.1925190357144,18.250152587890625,3100,0.0,0.0,0.0
2025-03-07 00:00:00-05:00,18.286745002643652,18.286745002643652,18.22270965576172,18.22270965576172,300,0.0,0.0,0.0
2025-03-10 00:00:00-04:00,18.328826694577707,18.328826694577707,18.309616088867188,18.309616088867188,300,0.0,0.0,0.0
2025-03-11 00:00:00-04:00,18.286743463815895,18.286743463815895,18.250152587890625,18.250152587890625,400,0.0,0.0,0.0
2025-03-12 00:00:00-04:00,18.199838638305664,18.199838638305664,18.199838638305664,18.199838638305664,200,0.0,0.0,0.0
2025-03-13 00:00:00-04:00,18.254728317260742,18.254728317260742,18.254728317260742,18.254728317260742,100,0.0,0.0,0.0
2025-03-14 00:00:00-04:00,18.19526698933228,18.213563303062095,18.19526698933228,18.2089900970459,800,0.0,0.0,0.0
2025-03-17 00:00:00-04:00,18.268448759423965,18.300466432985335,18.268448759423965,18.286745071411133,5000,0.0,0.0,0.0
2025-03-18 00:00:00-04:00,18.24100443270126,18.25472579306921,18.226367035431835,18.250152587890625,1400,0.0,0.0,0.0
2025-03-19 00:00:00-04:00,18.291318893432617,18.291318893432617,18.291318893432617,18.291318893432617,100,0.0,0.0,0.0
2025-03-20 00:00:00-04:00,18.350781565334962,18.350781565334962,18.335229873657227,18.335229873657227,3100,0.0,0.0,0.0
2025-03-21 00:00:00-04:00,18.36906905177873,18.36906905177873,18.314181883593818,18.337051391601562,21400,0.0,0.0,0.0
2025-03-24 00:00:00-04:00,18.267536825013014,18.286747431629294,18.213563919067383,18.213563919067383,7700,0.0,0.0,0.0
2025-03-25 00:00:00-04:00,18.222708560412485,18.222708560412485,18.176969528198242,18.176969528198242,2400,0.0,0.0,0.0
2025-03-26 00:00:00-04:00,18.21356155317931,18.231857865151294,18.21356155317931,18.225454330444336,600,0.0,0.0,0.0
2025-03-27 00:00:00-04:00,18.204414225587172,18.24100685119629,18.204414225587172,18.24100685119629,400,0.0,0.0,0.0
2025-03-28 00:00:00-04:00,18.28216904471722,18.31875991821289,18.28216904471722,18.31875991821289,300,0.0,0.0,0.0
2025-03-31 00:00:00-04:00,18.332483291625977,18.355352806000507,18.32790834185181,18.332483291625977,1800,0.0,0.0,0.0
2025-04-01 00:00:00-04:00,18.394076532953843,18.398671982463565,18.384883880615234,18.384883880615234,400,0.097,0.0,0.0
2025-04-02 00:00:00-04:00,18.412456473399892,18.412456473399892,18.366493225097656,18.366493225097656,1500,0.0,0.0,0.0
2025-04-03 00:00:00-04:00,18.495192066250922,18.503464225187336,18.4905948638916,18.4905948638916,1400,0.0,0.0,0.0
2025-04-04 00:00:00-04:00,18.596305381609685,18.596305381609685,18.5062198638916,18.5062198638916,2200,0.0,0.0,0.0
2025-04-07 00:00:00-04:00,18.440037659875323,18.559540384486002,18.305828094482422,18.305828094482422,3700,0.0,0.0,0.0
2025-04-08 00:00:00-04:00,18.34811190198175,18.34811190198175,18.225852966308594,18.225852966308594,700,0.0,0.0,0.0
2025-04-09 00:00:00-04:00,18.21022169708421,18.212060928344727,18.21022169708421,18.212060928344727,500,0.0,0.0,0.0
2025-04-10 00:00:00-04:00,17.98041371404787,18.026376970039685,17.98041371404787,17.994203567504883,800,0.0,0.0,0.0
2025-04-11 00:00:00-04:00,18.1458797454834,18.1458797454834,18.1458797454834,18.1458797454834,300,0.0,0.0,0.0
2025-04-14 00:00:00-04:00,18.122896194458008,18.122896194458008,18.122896194458008,18.122896194458008,100,0.0,0.0,0.0
2025-04-15 00:00:00-04:00,18.24699540263266,18.292956905466212,18.205629348754883,18.205629348754883,2600,0.0,0.0,0.0
2025-04-16 00:00:00-04:00,18.199193169042577,18.29663210808511,18.199193169042577,18.29295539855957,6000,0.0,0.0,0.0
2025-04-17 00:00:00-04:00,18.196434505061024,18.201029953463102,18.13208770751953,18.13208770751953,2100,0.0,0.0,0.0
2025-04-21 00:00:00-04:00,18.104512551724262,18.16426391008677,18.053953844903603,18.155071258544922,1900,0.0,0.0,0.0
2025-04-22 00:00:00-04:00,18.09531670371969,18.145875401609366,18.072335955584027,18.104509353637695,6900,0.0,0.0,0.0
2025-04-23 00:00:00-04:00,18.170699481955182,18.18265010487756,18.14587949690688,18.17805290222168,4300,0.0,0.0,0.0
2025-04-24 00:00:00-04:00,18.162422651026535,18.23596210183329,18.162422651026535,18.201030731201172,4700,0.0,0.0,0.0
2025-04-25 00:00:00-04:00,18.292954503281816,18.292954503281816,18.269973754882812,18.269973754882812,600,0.0,0.0,0.0
2025-04-28 00:00:00-04:00,18.292960627600415,18.3205385869033,18.292960627600415,18.297557830810547,500,0.0,0.0,0.0
2025-04-29 00:00:00-04:00,18.366498057004428,18.3756907090833,18.343517303466797,18.343517303466797,500,0.0,0.0,0.0
2025-04-30 00:00:00-04:00,18.357302357796772,18.357302357796772,18.352706909179688,18.352706909179688,400,0.0,0.0,0.0
2025-05-01 00:00:00-04:00,18.337012150924664,18.337012150924664,18.276073455810547,18.276073455810547,1100,0.088,0.0,0.0
2025-05-02 00:00:00-04:00,18.253916836530315,18.253916836530315,18.161585091224115,18.184667587280273,1100,0.0,0.0,0.0
2025-05-05 00:00:00-04:00,18.0784854888916,18.0784854888916,18.0784854888916,18.0784854888916,1100,0.0,0.0,0.0
2025-05-06 00:00:00-04:00,18.180047287520754,18.218826293945312,18.180047287520754,18.218826293945312,2600,0.0,0.0,0.0
2025-05-07 00:00:00-04:00,18.235447536116624,18.29084587097168,18.235447536116624,18.29084587097168,700,0.0,0.0,0.0
2025-05-08 00:00:00-04:00,18.34624379047015,18.34624379047015,18.198511979913427,18.23636817932129,1100,0.0,0.0,0.0
2025-05-09 00:00:00-04:00,18.24467658062561,18.267759067945484,18.15234487026522,18.249292373657227,900,0.0,0.0,0.0
2025-05-12 00:00:00-04:00,18.143110275268555,18.19389280052808,18.143110275268555,18.143110275268555,1000,0.0,0.0,0.0
2025-05-13 00:00:00-04:00,18.16157900489312,18.226210676623545,18.138496516572392,18.152345657348633,700,0.0,0.0,0.0
2025-05-14 00:00:00-04:00,18.069248579048477,18.096948623657227,18.069248579048477,18.096948623657227,800,0.0,0.0,0.0
2025-05-15 00:00:00-04:00,18.124643582250407,18.143110275268555,18.124643582250407,18.143110275268555,700,0.0,0.0,0.0
2025-05-16 00:00:00-04:00,18.216981293564256,18.216981293564256,18.156967163085938,18.156967163085938,700,0.0,0.0,0.0
2025-05-19 00:00:00-04:00,18.166197442123426,18.21697998046875,18.166197442123426,18.21697998046875,1100,0.0,0.0,0.0
2025-05-20 00:00:00-04:00,18.115415436751828,18.115415436751828,18.110797882080078,18.110797882080078,2700,0.0,0.0,0.0
2025-05-21 00:00:00-04:00,18.05078266290001,18.05078266290001,18.009233474731445,18.009233474731445,200,0.0,0.0,0.0
2025-05-22 00:00:00-04:00,17.967683384208627,18.08771514892578,17.967683384208627,18.08771514892578,19000,0.0,0.0,0.0
2025-05-23 00:00:00-04:00,18.004619973250243,18.032320022583008,18.004619973250243,18.032320022583008,800,0.0,0.0,0.0
2025-05-27 00:00:00-04:00,18.15234362177763,18.15234362177763,18.106178650313034,18.143110275268555,27500,0.0,0.0,0.0
2025-05-28 00:00:00-04:00,18.133880615234375,18.133880615234375,18.133880615234375,18.133880615234375,1100,0.0,0.0,0.0
2025-05-29 00:00:00-04:00,18.207744598388672,18.207744598388672,18.207744598388672,18.207744598388672,1300,0.0,0.0,0.0
2025-05-30 00:00:00-04:00,18.193894061187564,18.24467658996582,18.193894061187564,18.24467658996582,500,0.0,0.0,0.0
2025-06-02 00:00:00-04:00,18.133324742221163,18.16023504533749,18.123117446899414,18.123117446899414,1000,0.099,0.0,0.0
2025-06-03 00:00:00-04:00,18.158379046377007,18.158379046377007,18.109195709228516,18.109195709228516,500,0.0,0.0,0.0
2025-06-04 00:00:00-04:00,18.239110946655273,18.239110946655273,18.239110946655273,18.239110946655273,200,0.0,0.0,0.0
2025-06-05 00:00:00-04:00,18.192712783813477,18.192712783813477,18.192712783813477,18.192712783813477,100,0.0,0.0,0.0
2025-06-06 00:00:00-04:00,18.150954950468858,18.150954950468858,18.09156608581543,18.09156608581543,3000,0.0,0.0,0.0
2025-06-09 00:00:00-04:00,18.169517517089844,18.169517517089844,18.169517517089844,18.169517517089844,300,0.0,0.0,0.0
2025-06-10 00:00:00-04:00,18.206634881840195,18.229833602905273,18.206634881840195,18.229833602905273,2000,0.0,0.0,0.0
2025-06-11 00:00:00-04:00,18.3133487701416,18.3133487701416,18.3133487701416,18.3133487701416,100,0.0,0.0,0.0
2025-06-12 00:00:00-04:00,18.355106353759766,18.355106353759766,18.355106353759766,18.355106353759766,200,0.0,0.0,0.0
2025-06-13 00:00:00-04:00,18.29942834922066,18.30870819091797,18.29942834922066,18.30870819091797,500,0.0,0.0,0.0
2025-06-16 00:00:00-04:00,18.253033048868836,18.253033048868836,18.248394012451172,18.248394012451172,300,0.0,0.0,0.0
2025-06-17 00:00:00-04:00,18.3133487701416,18.3133487701416,18.3133487701416,18.3133487701416,400,0.0,0.0,0.0
2025-06-18 00:00:00-04:00,18.322628838438344,18.322628838438344,18.30870819091797,18.30870819091797,900,0.0,0.0,0.0
2025-06-20 00:00:00-04:00,18.30871141338324,18.344901563408293,18.30871141338324,18.317991256713867,3100,0.0,0.0,0.0
2025-06-23 00:00:00-04:00,18.36438714823125,18.40985713335394,18.36438714823125,18.36902618408203,2300,0.0,0.0,0.0
2025-06-24 00:00:00-04:00,18.392226709906033,18.485023365576446,18.366243858712195,18.457183837890625,251100,0.0,0.0,0.0
2025-06-25 00:00:00-04:00,18.43862356398493,18.494300842285156,18.39222435711077,18.494300842285156,1400,0.0,0.0,0.0
2025-06-26 00:00:00-04:00,18.512861249861302,18.540699005126953,18.509147897206972,18.540699005126953,1100,0.0,0.0,0.0
2025-06-27 00:00:00-04:00,18.466458544708306,18.485018224670515,18.438620794713486,18.447898864746094,1100,0.0,0.0,0.0
2025-06-30 00:00:00-04:00,18.53977250726641,18.540699960503364,18.52678108215332,18.52678108215332,700,0.0,0.0,0.0
2025-07-01 00:00:00-04:00,18.497847255115346,18.52117919921875,18.497847255115346,18.52117919921875,1500,0.114,0.0,0.0
2025-07-02 00:00:00-04:00,18.48757812905587,18.48851090822619,18.474512100219727,18.474512100219727,1200,0.0,0.0,0.0
2025-07-03 00:00:00-04:00,18.43718147277832,18.43718147277832,18.43718147277832,18.43718147277832,400,0.0,0.0,0.0
2025-07-07 00:00:00-04:00,18.413855643578326,18.413855643578326,18.394256591796875,18.394256591796875,3600,0.0,0.0,0.0
2025-07-08 00:00:00-04:00,18.348523051632856,18.369989439849867,18.348523051632856,18.368122100830078,1000,0.0,0.0,0.0
2025-07-09 00:00:00-04:00,18.40451527399669,18.460514068603516,18.40451527399669,18.460514068603516,700,0.0,0.0,0.0
2025-07-10 00:00:00-04:00,18.468916155718073,18.468916155718073,18.46518325805664,18.46518325805664,400,0.0,0.0,0.0
2025-07-11 00:00:00-04:00,18.40918320067317,18.413848876953125,18.40918320067317,18.413848876953125,500,0.0,0.0,0.0
2025-07-14 00:00:00-04:00,18.404517952974768,18.413851086767778,18.37185287475586,18.37185287475586,2000,0.0,0.0,0.0
2025-07-15 00:00:00-04:00,18.362524032592773,18.362524032592773,18.362524032592773,18.362524032592773,300,0.0,0.0,0.0
2025-07-16 00:00:00-04:00,18.357855320711156,18.357855320711156,18.348522186279297,18.348522186279297,700,0.0,0.0,0.0
2025-07-17 00:00:00-04:00,18.35785371454112,18.35785371454112,18.343854904174805,18.343854904174805,200,0.0,0.0,0.0
2025-07-18 00:00:00-04:00,18.367186546796404,18.385852813720703,18.367186546796404,18.385852813720703,300,0.0,0.0,0.0
2025-07-21 00:00:00-04:00,18.469850410057532,18.553845056335316,18.451184141945443,18.544513702392578,2500,0.0,0.0,0.0
2025-07-22 00:00:00-04:00,18.497843626321362,18.55384063720703,18.497843626321362,18.55384063720703,3800,0.0,0.0,0.0
2025-07-23 00:00:00-04:00,18.45118696524124,18.52585026900084,18.418521881103516,18.418521881103516,5400,0.0,0.0,0.0
2025-07-24 00:00:00-04:00,18.37185335058134,18.413851563681,18.37185335058134,18.399852752685547,5400,0.0,0.0,0.0
2025-07-25 00:00:00-04:00,18.40452098519801,18.423187255859375,18.40452098519801,18.423187255859375,600,0.0,0.0,0.0
2025-07-28 00:00:00-04:00,18.385856830942288,18.525850303236048,18.378389254473024,18.48851776123047,2300,0.0,0.0,0.0
2025-07-29 00:00:00-04:00,18.41385048405037,18.52117884898706,18.41385048405037,18.493181228637695,2500,0.0,0.0,0.0
2025-07-30 00:00:00-04:00,18.423187424645036,18.507183863277188,18.423187424645036,18.455852508544922,3200,0.0,0.0,0.0
2025-07-31 00:00:00-04:00,18.450246810913086,18.450246810913086,18.450246810913086,18.450246810913086,300,0.0,0.0,0.0
2025-08-01 00:00:00-04:00,18.615345001220703,18.615345001220703,18.615345001220703,18.615345001220703,400,0.1,0.0,0.0
2025-08-04 00:00:00-04:00,18.59189358256805,18.59189358256805,18.544992446899414,18.544992446899414,600,0.0,0.0,0.0
2025-08-05 00:00:00-04:00,18.629413561359513,18.67631469108394,18.573130058694097,18.596582412719727,700,0.0,0.0,0.0
2025-08-06 00:00:00-04:00,18.60127424592663,18.610654830932617,18.60127424592663,18.610654830932617,3000,0.0,0.0,0.0
2025-08-07 00:00:00-04:00,18.57782745361328,18.57782745361328,18.57782745361328,18.57782745361328,300,0.0,0.0,0.0
2025-08-08 00:00:00-04:00,18.554370880126953,18.554370880126953,18.554370880126953,18.554370880126953,400,0.0,0.0,0.0
2025-08-11 00:00:00-04:00,18.591891839995537,18.676315307617188,18.5750075043039,18.676315307617188,1400,0.0,0.0,0.0
2025-08-12 00:00:00-04:00,18.56375503540039,18.56375503540039,18.56375503540039,18.56375503540039,200,0.0,0.0,0.0
2025-08-13 00:00:00-04:00,18.601274490356445,18.601274490356445,18.601274490356445,18.601274490356445,1900,0.0,0.0,0.0
2025-08-14 00:00:00-04:00,18.573126489902094,18.58719825744629,18.573126489902094,18.58719825744629,300,0.0,0.0,0.0
2025-08-15 00:00:00-04:00,18.573134814830397,18.573134814830397,18.507472500736277,18.526233673095703,4500,0.0,0.0,0.0
2025-08-18 00:00:00-04:00,18.530921936035156,18.530921936035156,18.530921936035156,18.530921936035156,400,0.0,0.0,0.0
2025-08-19 00:00:00-04:00,18.55906105041504,18.55906105041504,18.55906105041504,18.55906105041504,100,0.0,0.0,0.0
2025-08-20 00:00:00-04:00,18.57313322382794,18.5825138092041,18.57313322382794,18.5825138092041,2900,0.0,0.0,0.0
2025-08-21 00:00:00-04:00,18.540298461914062,18.540298461914062,18.540298461914062,18.540298461914062,100,0.0,0.0,0.0
2025-08-22 00:00:00-04:00,18.652868270874023,18.652868270874023,18.652868270874023,18.652868270874023,100,0.0,0.0,0.0
2025-08-25 00:00:00-04:00,18.624725341796875,18.624725341796875,18.624725341796875,18.624725341796875,100,0.0,0.0,0.0
2025-08-26 00:00:00-04:00,18.676314291535142,18.703516731493753,18.676314291535142,18.681005477905273,1200,0.0,0.0,0.0
2025-08-27 00:00:00-04:00,18.676314291535142,18.681005477905273,18.676314291535142,18.681005477905273,400,0.0,0.0,0.0
2025-08-28 00:00:00-04:00,18.73259925842285,18.73259925842285,18.73259925842285,18.73259925842285,500,0.0,0.0,0.0
2025-08-29 00:00:00-04:00,18.69883155822754,18.69883155822754,18.69883155822754,18.69883155822754,100,0.0,0.0,0.0
2025-09-02 00:00:00-04:00,18.656407690312793,18.683745905185248,18.64698028564453,18.64698028564453,1800,0.099,0.0,0.0
2025-09-03 00:00:00-04:00,18.62812680795307,18.698829650878906,18.61869940261088,18.698829650878906,4300,0.0,0.0,0.0
2025-09-04 00:00:00-04:00,18.782730102539062,18.782730102539062,18.782730102539062,18.782730102539062,100,0.0,0.0,0.0
2025-09-05 00:00:00-04:00,18.849666901509927,18.849666901509927,18.82232688577252,18.82609748840332,3800,0.0,0.0,0.0
2025-09-08 00:00:00-04:00,18.948650360107422,18.958077764933623,18.948650360107422,18.948650360107422,3500,0.0,0.0,0.0
2025-09-09 00:00:00-04:00,18.94865293314084,18.94865293314084,18.89963150024414,18.89963150024414,800,0.0,0.0,0.0
2025-09-10 00:00:00-04:00,18.9580752808942,18.9580752808942,18.910938262939453,18.910938262939453,800,0.0,0.0,0.0
2025-09-11 00:00:00-04:00,18.99578604763336,18.99578604763336,18.986358642578125,18.986358642578125,300,0.0,0.0,0.0
2025-09-12 00:00:00-04:00,18.972217559814453,18.972217559814453,18.972217559814453,18.972217559814453,300,0.0,0.0,0.0
2025-09-15 00:00:00-04:00,18.995788520898024,19.1183430044791,18.995788520898024,19.024070739746094,4400,0.0,0.0,0.0
2025-09-16 00:00:00-04:00,19.005216598510742,19.005216598510742,19.005216598510742,19.005216598510742,200,0.0,0.0,0.0
2025-09-17 00:00:00-04:00,19.05234777263577,19.05234777263577,18.971275329589844,18.971275329589844,300,0.0,0.0,0.0
2025-09-18 00:00:00-04:00,18.901514053344727,18.901514053344727,18.901514053344727,18.901514053344727,300,0.0,0.0,0.0
2025-09-19 00:00:00-04:00,18.93922233581543,18.93922233581543,18.93922233581543,18.93922233581543,100,0.0,0.0,0.0
2025-09-22 00:00:00-04:00,18.93922383391726,18.93922383391726,18.864748591000698,18.873233795166016,4900,0.0,0.0,0.0
2025-09-23 00:00:00-04:00,18.873230446669037,18.9203656665304,18.82609342871429,18.910938262939453,700,0.0,0.0,0.0
2025-09-24 00:00:00-04:00,18.878889083862305,18.878889083862305,18.878889083862305,18.878889083862305,500,0.0,0.0,0.0
2025-09-25 00:00:00-04:00,18.882658671527345,18.882658671527345,18.86380386352539,18.86380386352539,1300,0.0,0.0,0.0
2025-09-26 00:00:00-04:00,18.882655883498053,18.882655883498053,18.83551887045296,18.849660873413086,2600,0.0,0.0,0.0
2025-09-29 00:00:00-04:00,18.882659912109375,18.882659912109375,18.882659912109375,18.882659912109375,200,0.0,0.0,0.0
2025-09-30 00:00:00-04:00,18.88266083601497,18.88266083601497,18.8543786207701,18.868518829345703,2700,0.0,0.0,0.0
2025-10-01 00:00:00-04:00,18.924402236938477,18.924402236938477,18.924402236938477,18.924402236938477,300,0.094,0.0,0.0
2025-10-02 00:00:00-04:00,18.943348835249218,18.970816055144688,18.914933161628074,18.948083877563477,2800,0.0,0.0,0.0
2025-10-03 00:00:00-04:00,18.933874130249023,18.933874130249023,18.933874130249023,18.933874130249023,200,0.0,0.0,0.0
2025-10-06 00:00:00-04:00,18.952816079310285,18.952816079310285,18.88651466369629,18.88651466369629,8900,0.0,0.0,0.0
2025-10-07 00:00:00-04:00,18.971761689446684,18.971761689446684,18.933874130249023,18.933874130249023,400,0.0,0.0,0.0
2025-10-08 00:00:00-04:00,19.019116429753712,19.019116429753712,18.97649383544922,18.97649383544922,500,0.0,0.0,0.0
2025-10-09 00:00:00-04:00,18.98123067299,18.98123067299,18.957550048828125,18.957550048828125,300,0.0,0.0,0.0
2025-10-10 00:00:00-04:00,19.009647369384766,19.009647369384766,19.009647369384766,19.009647369384766,200,0.0,0.0,0.0
2025-10-13 00:00:00-04:00,19.005858073683886,19.01438331604004,19.005858073683886,19.01438331604004,300,0.0,0.0,0.0
2025-10-14 00:00:00-04:00,19.03806312555794,19.066476988398964,18.97176170349121,18.97176170349121,3600,0.0,0.0,0.0
2025-10-15 00:00:00-04:00,19.05795438473002,19.104365382204207,19.052270889282227,19.052270889282227,1400,0.0,0.0,0.0
2025-10-16 00:00:00-04:00,19.11383444143493,19.11383444143493,19.028589248657227,19.028589248657227,3500,0.0,0.0,0.0
2025-10-17 00:00:00-04:00,19.13183061544893,19.13183061544893,19.128042221069336,19.128042221069336,300,0.0,0.0,0.0
2025-10-20 00:00:00-04:00,19.1611920789434,19.1611920789434,19.028589248657227,19.028589248657227,4400,0.0,0.0,0.0
2025-10-21 00:00:00-04:00,19.170667733289097,19.180139623966884,19.11383819580078,19.11383819580078,1500,0.0,0.0,0.0
2025-10-22 00:00:00-04:00,19.17066865128521,19.17066865128521,19.16593360900879,19.16593360900879,400,0.0,0.0,0.0
2025-10-23 00:00:00-04:00,19.13277906897744,19.151721040875422,19.128042221069336,19.128042221069336,10400,0.0,0.0,0.0
2025-10-24 00:00:00-04:00,19.168772508284217,19.168772508284217,19.03806295930652,19.066476821899414,12800,0.0,0.0,0.0
2025-10-27 00:00:00-04:00,19.142251069779658,19.16119485015404,19.142251069779658,19.15645980834961,11500,0.0,0.0,0.0
2025-10-28 00:00:00-04:00,19.19813396353337,19.19813396353337,19.175403594970703,19.175403594970703,500,0.0,0.0,0.0
2025-10-29 00:00:00-04:00,19.170664900138807,19.189608678694764,19.080684661865234,19.080684661865234,49100,0.0,0.0,0.0
2025-10-30 00:00:00-04:00,19.104360580444336,19.142246325224495,19.067421482474764,19.104360580444336,63900,0.0,0.0,0.0
2025-10-31 00:00:00-04:00,19.10436348983824,19.189608686797897,19.09489160055626,19.099628448486328,5900,0.0,0.0,0.0
2025-11-03 00:00:00-05:00,19.0605724368077,19.165353775024414,19.0605724368077,19.165353775024414,12600,0.114,0.0,0.0
2025-11-04 00:00:00-05:00,19.079627032142863,19.08915277506651,19.079627032142863,19.083436965942383,700,0.0,0.0,0.0
2025-11-05 00:00:00-05:00,19.05104892232176,19.155830272786403,19.003422026755796,19.017709732055664,1600,0.0,0.0,0.0
2025-11-06 00:00:00-05:00,19.097723722234235,19.203457101524357,19.079626083374023,19.079626083374023,5700,0.0,0.0,0.0
2025-11-07 00:00:00-05:00,19.132016408832587,19.132016408832587,19.07010180343391,19.089153289794922,800,0.0,0.0,0.0
2025-11-10 00:00:00-05:00,19.136777877807617,19.2510831484702,19.115822335451032,19.136777877807617,1600,0.0,0.0,0.0
2025-11-11 00:00:00-05:00,19.1558317050575,19.270136989702195,19.14630596186215,19.212032318115234,19700,0.0,0.0,0.0
2025-11-12 00:00:00-05:00,19.212985054220265,19.212985054220265,19.1082036920663,19.201555252075195,32100,0.0,0.0,0.0
2025-11-13 00:00:00-05:00,19.117726393747347,19.260608890500336,19.08915098450646,19.136777877807617,13100,0.0,0.0,0.0
2025-11-14 00:00:00-05:00,19.26061022997313,19.26061022997313,19.089152312055266,19.10820198059082,32400,0.0,0.0,0.0
2025-11-17 00:00:00-05:00,19.08915372393008,19.203459010996255,19.072006295705354,19.087247848510742,21100,0.0,0.0,0.0
2025-11-18 00:00:00-05:00,19.089149720032033,19.18440350032469,19.089149720032033,19.103437423706055,28100,0.0,0.0,0.0
2025-11-19 00:00:00-05:00,19.117728702486698,19.117728702486698,19.089153289794922,19.089153289794922,5400,0.0,0.0,0.0
2025-11-20 00:00:00-05:00,19.098674529897846,19.108200271738557,19.084386825561523,19.084386825561523,1900,0.0,0.0,0.0
2025-11-21 00:00:00-05:00,19.132016247564227,19.222509898591365,19.132016247564227,19.15106773376465,9100,0.0,0.0,0.0
2025-11-24 00:00:00-05:00,19.184403930628402,19.30823675474545,19.117725556188198,19.19392967224121,12600,0.0,0.0,0.0
2025-11-25 00:00:00-05:00,19.198696419676242,19.2606110244576,19.198696419676242,19.25108528137207,5400,0.0,0.0,0.0
2025-11-26 00:00:00-05:00,19.239653888840543,19.336813553319192,19.2320340217421,19.28061294555664,21500,0.0,0.0,0.0
2025-11-28 00:00:00-05:00,19.19393087425446,19.204408645629883,19.19393087425446,19.204408645629883,5000,0.0,0.0,0.0
2025-12-01 00:00:00-05:00,19.158430099487305,19.19674783668961,19.135439822583976,19.158430099487305,36800,0.113,0.0,0.0
2025-12-02 00:00:00-05:00,19.148846125564866,19.22547975471165,19.13447789106542,19.168004989624023,16300,0.0,0.0,0.0
2025-12-03 00:00:00-05:00,19.206323803084487,19.282957443851934,19.174713316974344,19.19195556640625,20100,0.0,0.0,0.0
2025-12-04 00:00:00-05:00,19.204406651354365,19.244639170778708,19.172794342041016,19.172794342041016,4700,0.0,0.0,0.0
2025-12-05 00:00:00-05:00,19.177587152727558,19.177587152727558,19.151722865273356,19.159385681152344,5500,0.0,0.0,0.0
2025-12-08 00:00:00-05:00,19.168007531627946,19.239850540742626,19.136395219029026,19.157470703125,7300,0.0,0.0,0.0
2025-12-09 00:00:00-05:00,19.18716576752369,19.235061105359105,19.14405923263581,19.152679443359375,6700,0.0,0.0,0.0
2025-12-10 00:00:00-05:00,19.206324522326717,19.62781047587664,19.139270312530403,19.24464225769043,17400,0.0,0.0,0.0
2025-12-11 00:00:00-05:00,19.273379380007857,19.273379380007857,19.18812370300293,19.18812370300293,9100,0.0,0.0,0.0
2025-12-12 00:00:00-05:00,19.1392681471989,19.272419156470377,19.1392681471989,19.148847579956055,8600,0.0,0.0,0.0
2025-12-15 00:00:00-05:00,19.168011524263594,19.321278834808105,19.1201143477869,19.206327438354492,18200,0.0,0.0,0.0
2025-12-16 00:00:00-05:00,19.20632352469677,19.300201240625526,19.19674591844352,19.220693588256836,3100,0.0,0.0,0.0
2025-12-17 00:00:00-05:00,19.215903780519838,19.235062648026567,19.206324346766472,19.212072372436523,5700,0.0,0.0,0.0
2025-12-18 00:00:00-05:00,19.273379199216244,19.273379199216244,19.21590260022642,19.24942970275879,8100,0.0,0.0,0.0
2025-12-19 00:00:00-05:00,19.254221871720794,19.254221871720794,19.230274200439453,19.230274200439453,1600,0.0,0.0,0.0
2025-12-22 00:00:00-05:00,19.263799128084518,19.369169235229492,19.20632253099817,19.369169235229492,8500,0.0,0.0,0.0
2025-12-23 00:00:00-05:00,19.18716630632743,19.27337937852418,19.18716630632743,19.235061645507812,17400,0.0,0.0,0.0
2025-12-24 00:00:00-05:00,19.235062095567955,19.30211630282545,19.230273292373898,19.254220962524414,46800,0.0,0.0,0.0
2025-12-26 00:00:00-05:00,19.302116485331137,19.302116485331137,19.263800578146046,19.27146339416504,2600,0.0,0.0,0.0
2025-12-29 00:00:00-05:00,19.244644978033925,19.30211976211371,19.244644978033925,19.282960891723633,3200,0.0,0.0,0.0
2025-12-30 00:00:00-05:00,19.224148706436807,19.348511055948897,19.21836389796217,19.290668487548828,6200,0.128,0.0,0.0
2025-12-31 00:00:00-05:00,19.27138900756836,19.3292315819386,19.242466800992094,19.27138900756836,29000,0.0,0.0,0.0
2026-01-02 00:00:00-05:00,19.28102940459961,19.28102940459961,19.24728775024414,19.24728775024414,3700,0.0,0.0,0.0
2026-01-05 00:00:00-05:00,19.290673720214997,19.30995519450589,19.285852432250977,19.285852432250977,8200,0.0,0.0,0.0
2026-01-06 00:00:00-05:00,19.261748355806603,19.281029826941296,19.252107620239258,19.252107620239258,4500,0.0,0.0,0.0
2026-01-07 00:00:00-05:00,19.281034469604492,19.30513539493495,19.266574282162765,19.281034469604492,6800,0.0,0.0,0.0
2026-01-08 00:00:00-05:00,19.281031229933948,19.290671966202808,19.242468284858514,19.266571044921875,8700,0.0,0.0,0.0
2026-01-09 00:00:00-05:00,19.377434378292904,19.41599547985857,19.377434378292904,19.388038635253906,7800,0.0,0.0,0.0
2026-01-12 00:00:00-05:00,19.377437180454105,19.522044550105804,19.366832921959627,19.454561233520508,4900,0.0,0.0,0.0
2026-01-13 00:00:00-05:00,19.483479266513147,19.483479266513147,19.329231178887348,19.348512649536133,5200,0.0,0.0,0.0
2026-01-14 00:00:00-05:00,19.377433694690854,19.420816081660647,19.37454129038858,19.39671516418457,10200,0.0,0.0,0.0
2026-01-15 00:00:00-05:00,19.41599678836853,19.41599678836853,19.367794948467413,19.3774356842041,49500,0.0,0.0,0.0
2026-01-16 00:00:00-05:00,19.415997786593163,19.415997786593163,19.362974656706484,19.367795944213867,600,0.0,0.0,0.0
2026-01-20 00:00:00-05:00,19.21354692179449,19.36779501655915,19.194265450253322,19.27621078491211,15600,0.0,0.0,0.0
2026-01-21 00:00:00-05:00,19.318632060222626,19.318632060222626,19.26175299382703,19.281034469604492,7000,0.0,0.0,0.0
2026-01-22 00:00:00-05:00,19.300311957771687,19.329232326679946,19.294527148477094,19.31959342956543,7300,0.0,0.0,0.0
2026-01-23 00:00:00-05:00,19.271389933153348,19.387076926232442,19.271389933153348,19.362974166870117,11300,0.0,0.0,0.0
2026-01-26 00:00:00-05:00,19.38707618343873,19.473840965228163,19.372614160618955,19.415996551513672,5000,0.0,0.0,0.0
2026-01-27 00:00:00-05:00,19.425638727222594,19.425638727222594,19.398645401000977,19.398645401000977,1600,0.0,0.0,0.0
2026-01-28 00:00:00-05:00,19.39671848912904,19.40635738674604,19.348514807131775,19.391897201538086,6600,0.0,0.0,0.0
2026-01-29 00:00:00-05:00,19.338871747986698,19.406355055895162,19.325375086405007,19.387075424194336,800,0.0,0.0,0.0
2026-01-30 00:00:00-05:00,19.406356052631843,19.473841202788666,19.3774356842041,19.3774356842041,1300,0.0,0.0,0.0
2026-02-02 00:00:00-05:00,19.40165306077702,19.40165306077702,19.343533950050347,19.358064651489258,8300,0.095,0.0,0.0
2026-02-03 00:00:00-05:00,19.36290650417484,19.36290650417484,19.33384694953606,19.353219985961914,1800,0.0,0.0,0.0
2026-02-04 00:00:00-05:00,19.34353137292066,19.391963958740234,19.324160186107072,19.391963958740234,6500,0.0,0.0,0.0
2026-02-05 00:00:00-05:00,19.382279251946336,19.421023476706598,19.382279251946336,19.411338806152344,4700,0.0,0.0,0.0
2026-02-06 00:00:00-05:00,19.410367048091704,19.430708179881655,19.391963958740234,19.391963958740234,1900,0.0,0.0,0.0
2026-02-09 00:00:00-05:00,19.372595638580396,19.508203216845757,19.372595638580396,19.401655197143555,8300,0.0,0.0,0.0
2026-02-10 00:00:00-05:00,19.488828754785146,19.488828754785146,19.450082683203135,19.46945571899414,39300,0.0,0.0,0.0
2026-02-11 00:00:00-05:00,19.45880129529525,19.459769392840027,19.430709838867188,19.430709838867188,2300,0.0,0.0,0.0
2026-02-12 00:00:00-05:00,19.479145764460974,19.546949554494024,19.478175819235705,19.53629493713379,5100,0.0,0.0,0.0
2026-02-13 00:00:00-05:00,19.542101716626565,19.59537664098028,19.53725938146458,19.5711612701416,3000,0.0,0.0,0.0
2026-02-17 00:00:00-05:00,19.542103393431546,19.542103393431546,19.50820150184558,19.52757453918457,14100,0.0,0.0,0.0
2026-02-18 00:00:00-05:00,19.53144644615932,19.613780921266507,19.513043356143775,19.522729873657227,5200,0.0,0.0,0.0
2026-02-19 00:00:00-05:00,19.53725814819336,19.53725814819336,19.53725814819336,19.53725814819336,200,0.0,0.0,0.0
2026-02-20 00:00:00-05:00,19.556631606284302,19.556631606284302,19.52272971901292,19.54210090637207,9200,0.0,0.0,0.0
2026-02-23 00:00:00-05:00,19.5595362276864,19.605060823838798,19.5595362276864,19.566316604614258,800,0.0,0.0,0.0
2026-02-24 00:00:00-05:00,19.585689121413346,19.585689121413346,19.580846786499023,19.580846786499023,3100,0.0,0.0,0.0
2026-02-25 00:00:00-05:00,19.53725938146458,19.57600360530359,19.53725938146458,19.5711612701416,1700,0.0,0.0,0.0
2026-02-26 00:00:00-05:00,19.614751236176545,19.62928009033203,19.60022238202106,19.62928009033203,10600,0.0,0.0,0.0
2026-02-27 00:00:00-05:00,19.680618146335497,19.69224085975695,19.66318130493164,19.66318130493164,6200,0.0,0.0,0.0
2026-03-02 00:00:00-05:00,19.60386427927087,19.60386427927087,19.545519963989825,19.5698299407959,2900,0.079,0.0,0.0
2026-03-03 00:00:00-05:00,19.535793816891825,19.55524253845215,19.535793816891825,19.55524253845215,900,0.0,0.0,0.0
2026-03-04 00:00:00-05:00,19.555245263320415,19.584416494993512,19.535796539050068,19.543575286865234,11200,0.0,0.0,0.0
2026-03-05 00:00:00-05:00,19.506620407104492,19.58441343730775,19.4628617116944,19.506620407104492,12900,0.0,0.0,0.0
2026-03-06 00:00:00-05:00,19.42590770384802,19.496893859128694,19.42590770384802,19.457998275756836,700,0.0,0.0,0.0
2026-03-09 00:00:00-04:00,19.448276999935427,19.58441434542066,19.448276999935427,19.560104370117188,6700,0.0,0.0,0.0
2026-03-10 00:00:00-04:00,19.50661821865464,19.50661821865464,19.457998275756836,19.457998275756836,800,0.0,0.0,0.0
2026-03-11 00:00:00-04:00,19.496897801568153,19.496897801568153,19.351036088648325,19.443416595458984,1300,0.0,0.0,0.0
2026-03-12 00:00:00-04:00,19.40354573522643,19.487173753660592,19.370483279713834,19.385068893432617,3800,0.0,0.0,0.0
2026-03-13 00:00:00-04:00,19.355896521978533,19.46772388158811,19.348115921020508,19.348115921020508,2800,0.0,0.0,0.0
2026-03-16 00:00:00-04:00,19.458002858399144,19.458002858399144,19.409381049318267,19.421051025390625,4300,0.0,0.0,0.0
2026-03-17 00:00:00-04:00,19.48717696365169,19.506623833569368,19.47258949279785,19.47258949279785,4100,0.0,0.0,0.0
2026-03-18 00:00:00-04:00,19.43855328272351,19.45800200550337,19.38020896911621,19.38020896911621,6500,0.0,0.0,0.0
2026-03-19 00:00:00-04:00,19.389935747871355,19.399660110473633,19.321867064387924,19.399660110473633,2400,0.0,0.0,0.0
2026-03-20 00:00:00-04:00,19.302414428130238,19.302414428130238,19.14682836748365,19.229482650756836,27900,0.0,0.0,0.0
2026-03-23 00:00:00-04:00,19.321863753001757,19.33158625920527,19.321863753001757,19.326725006103516,2300,0.0,0.0,0.0
2026-03-24 00:00:00-04:00,19.25379301892984,19.28296610142255,19.25379301892984,19.263517379760742,11700,0.0,0.0,0.0
2026-03-25 00:00:00-04:00,19.33158957225768,19.399660110473633,19.33158957225768,19.399660110473633,2200,0.0,0.0,0.0
2026-03-26 00:00:00-04:00,19.31214012344407,19.35103571392776,19.22462272644043,19.22462272644043,22000,0.0,0.0,0.0
2026-03-27 00:00:00-04:00,19.2460140874521,19.29269027709961,19.2460140874521,19.29269027709961,700,0.0,0.0,0.0
2026-03-30 00:00:00-04:00,19.34131361668367,19.3753479578655,19.34131361668367,19.351037979125977,2100,0.0,0.0,0.0
2026-03-31 00:00:00-04:00,19.419103622436523,19.50662101598849,19.38020803348687,19.419103622436523,2800,0.0,0.0,0.0
2026-04-01 00:00:00-04:00,19.46015564068422,19.538348055475478,19.422037234627506,19.44060707092285,3000,0.102,0.0,0.0
2026-04-02 00:00:00-04:00,19.460157853831717,19.489480711808575,19.460157853831717,19.465045928955078,1200,0.0,0.0,0.0
2026-04-06 00:00:00-04:00,19.4484286487992,19.509026235466397,19.43083381652832,19.43083381652832,1400,0.0,0.0,0.0
2026-04-07 00:00:00-04:00,19.421061240956334,19.450382232666016,19.411286955635006,19.450382232666016,1600,0.0,0.0,0.0
2026-04-08 00:00:00-04:00,19.499251441802564,19.53834671438763,19.489477157592773,19.489477157592773,1100,0.0,0.0,0.0
2026-04-09 00:00:00-04:00,19.517819784900983,19.517819784900983,19.494361877441406,19.494361877441406,700,0.0,0.0,0.0
2026-04-10 00:00:00-04:00,19.51880135047637,19.567672779548808,19.489480357287306,19.504140853881836,11200,0.0,0.0,0.0
2026-04-13 00:00:00-04:00,19.51879928815292,19.5236873626709,19.499252582843617,19.5236873626709,2900,0.0,0.0,0.0
2026-04-14 00:00:00-04:00,19.528570902715927,19.567668036497036,19.528570902715927,19.557893753051758,1101100,0.0,0.0,0.0
2026-04-15 00:00:00-04:00,19.606765371332614,19.606765371332614,19.499251970617376,19.538347244262695,11700,0.0,0.0,0.0
2026-04-16 00:00:00-04:00,19.587220161000072,19.587220161000072,19.489479173048625,19.533462524414062,2200,0.0,0.0,0.0
2026-04-17 00:00:00-04:00,19.56767314581795,19.645865569543062,19.56767314581795,19.572559356689453,6200,0.0,0.0,0.0
2026-04-20 00:00:00-04:00,19.587222750704363,19.587222750704363,19.54812560465288,19.562786102294922,4400,0.0,0.0,0.0
2026-04-21 00:00:00-04:00,19.53834671438763,19.53834671438763,19.440605736543823,19.489477157592773,3100,0.0,0.0,0.0
2026-04-22 00:00:00-04:00,19.51879996740362,19.611654743934505,19.499253261414093,19.553009033203125,3300,0.0,0.0,0.0
2026-04-23 00:00:00-04:00,19.54812099859742,19.636087692231435,19.489477157592773,19.489477157592773,4500,0.0,0.0,0.0
2026-04-24 00:00:00-04:00,19.509025879235487,19.533462524414062,19.509025879235487,19.533462524414062,1500,0.0,0.0,0.0
2026-04-27 00:00:00-04:00,19.518798145968052,19.518798145968052,19.489477157592773,19.489477157592773,800,0.0,0.0,0.0
2026-04-28 00:00:00-04:00,19.5090253106076,19.5090253106076,19.484590530395508,19.484590530395508,600,0.0,0.0,0.0
2026-04-29 00:00:00-04:00,19.450381245756073,19.450381245756073,19.409330368041992,19.409330368041992,2000,0.0,0.0,0.0
2026-04-30 00:00:00-04:00,19.440609286721433,19.440609286721433,19.426925659179688,19.426925659179688,2000,0.0,0.0,0.0
2026-05-01 00:00:00-04:00,19.395515103810165,19.464223612033805,19.375883566555856,19.434776306152344,1800,0.084,0.0,0.0
2026-05-04 00:00:00-04:00,19.444591163246475,19.444591163246475,19.395514194577796,19.400421142578125,355800,0.0,0.0,0.0
2026-05-05 00:00:00-04:00,19.375885115827582,19.405332424063612,19.375885115827582,19.390607833862305,5600,0.0,0.0,0.0
2026-05-06 00:00:00-04:00,19.464224521266985,19.469131469726562,19.464224521266985,19.469131469726562,1600,0.0,0.0,0.0
2026-05-07 00:00:00-04:00,19.46422305891323,19.49367036395788,19.366067247597453,19.444591522216797,3900,0.0,0.0,0.0
2026-05-08 00:00:00-04:00,19.512318819037336,19.512318819037336,19.48876134966943,19.498577117919922,6700,0.0,0.0,0.0
2026-05-11 00:00:00-04:00,19.49268581816867,19.49268581816867,19.474037170410156,19.474037170410156,1300,0.0,0.0,0.0
2026-05-12 00:00:00-04:00,19.405331210692783,19.415146979491038,19.39551544189453,19.39551544189453,400,0.0,0.0,0.0
2026-05-13 00:00:00-04:00,19.378829374692042,19.3955159949082,19.33662325260598,19.385700225830078,51600,0.0,0.0,0.0
2026-05-14 00:00:00-04:00,19.430850461854394,19.444592163561865,19.36606788635254,19.36606788635254,53100,0.0,0.0,0.0
2026-05-15 00:00:00-04:00,19.30619330886213,19.30619330886213,19.263004302978516,19.263004302978516,2600,0.0,0.0,0.0
2026-05-18 00:00:00-04:00,19.228652153278873,19.228652153278873,19.09123512702808,19.209020614624023,11200,0.0,0.0,0.0
2026-05-19 00:00:00-04:00,19.110862874782836,19.125587463378906,19.081417441923463,19.125587463378906,50400,0.0,0.0,0.0
2026-05-20 00:00:00-04:00,19.213927884939046,19.366067616821056,19.213927884939046,19.253189086914062,2700,0.0,0.0,0.0
2026-05-21 00:00:00-04:00,19.20901986433866,19.307175681612456,19.20901986433866,19.2728214263916,8700,0.0,0.0,0.0
2026-05-22 00:00:00-04:00,19.258098709058807,19.2728214263916,19.21883563328269,19.2728214263916,500,0.0,0.0,0.0
2026-05-26 00:00:00-04:00,19.356252563455204,19.356252563455204,19.29735982223352,19.341529846191406,1800,0.0,0.0,0.0
2026-05-27 00:00:00-04:00,19.357235005064275,19.395515192368453,19.346436349008595,19.36606788635254,54500,0.0,0.0,0.0
2026-05-28 00:00:00-04:00,19.385700473761084,19.454408986020173,19.385700473761084,19.41514778137207,65300,0.0,0.0,0.0
2026-05-29 00:00:00-04:00,19.434776391566334,19.464223697577214,19.424962495062484,19.44361114501953,15000,0.0,0.0,0.0
2026-06-01 00:00:00-04:00,19.405156333857207,19.415016903055236,19.375574626263127,19.410085678100586,2500,0.09,0.0,0.0
2026-06-02 00:00:00-04:00,19.39135109325069,19.41501608218314,19.365713238277543,19.390365600585938,17300,0.0,0.0,0.0
2026-06-03 00:00:00-04:00,19.336133625229323,19.38543458896575,19.31641248745027,19.350923538208008,12000,0.0,0.0,0.0
2026-06-04 00:00:00-04:00,19.434736402589117,19.434736402589117,19.345995040125104,19.37064552307129,70700,0.0,0.0,0.0
2026-06-05 00:00:00-04:00,19.326272872380645,19.336133441176315,19.30162239074707,19.30162239074707,11500,0.0,0.0,0.0
2026-06-08 00:00:00-04:00,19.355852882297167,19.395295157855276,19.326273056339794,19.350923538208008,4500,0.0,0.0,0.0
2026-06-09 00:00:00-04:00,19.34599470847461,19.415016811825197,19.34599470847461,19.385435104370117,14400,0.0,0.0,0.0
2026-06-10 00:00:00-04:00,19.434735339034187,19.434735339034187,19.390365600585938,19.390365600585938,5100,0.0,0.0,0.0
2026-06-11 00:00:00-04:00,19.424878192836907,19.553061835743808,19.424878192836907,19.493900299072266,6100,0.0,0.0,0.0
2026-06-12 00:00:00-04:00,19.42487768070236,19.592503597445074,19.415017111398516,19.459388732910156,3200,0.0,0.0,0.0
2026-06-15 00:00:00-04:00,19.485022137100373,19.513618348521067,19.45445494050579,19.48896598815918,3900,0.0,0.0,0.0
2026-06-16 00:00:00-04:00,19.503759476091894,19.602361403267295,19.503759476091894,19.528409957885742,500,0.0,0.0,0.0
2026-06-17 00:00:00-04:00,19.523478123963155,19.6220819287733,19.469247817993164,19.469247817993164,1900,0.0,0.0,0.0
2026-06-18 00:00:00-04:00,19.5629222529312,19.58264339190522,19.55306168344419,19.55799102783203,800,0.0,0.0,0.0
2026-06-22 00:00:00-04:00,19.48403845961963,19.57179620651995,19.444596183935058,19.464317321777344,3100,0.0,0.0,0.0
2026-06-23 00:00:00-04:00,19.503759265314812,19.503759265314812,19.405155458493812,19.479106903076172,6700,0.0,0.0,0.0
2026-06-24 00:00:00-04:00,19.572782516479492,19.612222913099718,19.533340239147968,19.572782516479492,8000,0.0,0.0,0.0
2026-06-25 00:00:00-04:00,19.622081995193376,19.622081995193376,19.55305989580598,19.5826416015625,4200,0.0,0.0,0.0
2026-06-26 00:00:00-04:00,19.622080907806655,19.65166261192386,19.602359771728516,19.602359771728516,1400,0.0,0.0,0.0
2026-06-29 00:00:00-04:00,19.57278302942773,19.6072940826416,19.57278302942773,19.6072940826416,700,0.0,0.0,0.0
2026-06-30 00:00:00-04:00,19.523479794108926,19.523479794108926,19.508689880371094,19.508689880371094,300,0.0,0.0,0.0
2026-07-01 00:00:00-04:00,19.506708536320605,19.61568327378392,19.500763875675574,19.521568298339844,1300,0.093,0.0,0.0
2026-07-02 00:00:00-04:00,19.536427299329855,19.536427299329855,19.51661491394043,19.51661491394043,1500,0.0,0.0,0.0
2026-07-06 00:00:00-04:00,19.546334049981173,19.546334049981173,19.49680025309803,19.526519775390625,6600,0.0,0.0,0.0
2026-07-07 00:00:00-04:00,19.44726523345759,19.44726523345759,19.42249833416677,19.432405471801758,1900,0.0,0.0,0.0
2026-07-08 00:00:00-04:00,19.39773117936816,19.42745259188162,19.387824041863674,19.408628463745117,900,0.0,0.0,0.0
2026-07-09 00:00:00-04:00,19.407638572510944,19.45717237109257,19.407638572510944,19.432405471801758,600,0.0,0.0,0.0
2026-07-10 00:00:00-04:00,19.46707911618633,19.46707911618633,19.407638181168302,19.417545318603516,6000,0.0,0.0,0.0
2026-07-13 00:00:00-04:00,19.313522707245717,19.313522707245717,19.28875391950572,19.30361557006836,1100,0.0,0.0,0.0
2026-07-14 00:00:00-04:00,19.359095498765903,19.39674186706543,19.359095498765903,19.39674186706543,1100,0.0,0.0,0.0
2026-07-15 00:00:00-04:00,19.368011105219114,19.506709150272954,19.288755889299804,19.377918243408203,52200,0.0,0.0,0.0
2026-07-16 00:00:00-04:00,19.377918243408203,19.377918243408203,19.377918243408203,19.377918243408203,300,0.0,0.0,0.0
2026-07-17 00:00:00-04:00,19.39773251978638,19.39773251978638,19.298663027488892,19.377918243408203,1800,0.0,0.0,0.0
2026-07-20 00:00:00-04:00,19.387823449472112,19.40862787071788,19.318475378652888,19.3531494140625,2600,0.0,0.0,0.0
2026-07-21 00:00:00-04:00,19.293710708618164,19.29866333299441,19.21940811582046,19.293710708618164,18400,0.0,0.0,0.0
2026-07-22 00:00:00-04:00,19.288756543804574,19.288756543804574,19.259037017822266,19.259037017822266,4200,0.0,0.0,0.0
2026-07-23 00:00:00-04:00,19.230303821789033,19.234268188476562,19.219406537381513,19.234268188476562,5500,0.0,0.0,0.0
2026-07-24 00:00:00-04:00,19.24912947122972,19.318477549842925,19.24417495727539,19.24417495727539,769400,0.0,0.0,0.0
2026-07-27 00:00:00-04:00,19.249127995821798,19.283802032470703,19.219406583154186,19.283802032470703,8900,0.0,0.0,0.0
2026-07-28 00:00:00-04:00,19.31946626177242,19.40763846351328,19.308568977313126,19.333335876464844,1700,0.0,0.0,0.0
2026-07-29 00:00:00-04:00,19.31847575614639,19.31847575614639,19.276866912841797,19.276866912841797,1100,0.0,0.0,0.0
2026-07-30 00:00:00-04:00,19.34819793701172,19.34819793701172,19.34819793701172,19.34819793701172,600,0.0,0.0,0.0
2026-07-31 00:00:00-04:00,19.219407411277682,19.219407411277682,19.159966472974556,19.205537796020508,1500,0.0,0.0,0.0
2026-08-03 00:00:00-04:00,19.246338890834274,19.246338890834274,19.107017501153557,19.221460342407227,7100,0.087,0.0,0.0
2026-08-04 00:00:00-04:00,19.28614401211139,19.345854805523476,19.236386915712874,19.32097625732422,4800,0.0,0.0,0.0
2026-08-05 00:00:00-04:00,19.266242312418917,19.32197086778095,19.266242312418917,19.32097625732422,3800,0.0,0.0,0.0
2026-08-06 00:00:00-04:00,19.256290596829583,19.271217346191406,19.18165305379733,19.271217346191406,8000,0.0,0.0,0.0
2026-08-07 00:00:00-04:00,19.2960958110134,19.345854805523476,19.28415479119792,19.32097625732422,2900,0.0,0.0,0.0
2026-08-10 00:00:00-04:00,19.281168651382078,19.28614360167143,19.2264347076416,19.2264347076416,2800,0.0,0.0,0.0
2026-08-11 00:00:00-04:00,19.28614442661117,19.30107307434082,19.28614442661117,19.30107307434082,4100,0.0,0.0,0.0
2026-08-12 00:00:00-04:00,19.335903583138684,19.35083033288098,19.286144587145,19.31599998474121,8400,0.0,0.0,0.0
2026-08-13 00:00:00-04:00,19.375708133163112,19.385659931977322,19.306047439575195,19.306047439575195,1900,0.0,0.0,0.0
2026-08-14 00:00:00-04:00,19.345854805523476,19.345854805523476,19.306047609915417,19.32097625732422,700,0.0,0.0,0.0
2026-08-17 00:00:00-04:00,19.28614351931063,19.30604711660608,19.206531028240335,19.276193618774414,50100,0.0,0.0,0.0
2026-08-18 00:00:00-04:00,19.266243158229496,19.30107350685986,19.266243158229496,19.29410743713379,3000,0.0,0.0,0.0
2026-08-19 00:00:00-04:00,19.345855204020747,19.495128394402666,19.345855204020747,19.415515899658203,5000,0.0,0.0,0.0
2026-08-20 00:00:00-04:00,19.286143266808878,19.415514749424023,19.286143266808878,19.311023712158203,1200,0.0,0.0,0.0
2026-08-21 00:00:00-04:00,19.296096801757812,19.296096801757812,19.276195101043502,19.296096801757812,700,0.0,0.0,0.0
2026-08-24 00:00:00-04:00,19.28614358925375,19.355806180040467,19.28614358925375,19.340877532958984,6900,0.0,0.0,0.0
2026-08-25 00:00:00-04:00,19.36575723359706,19.445371627807617,19.36575723359706,19.445371627807617,2500,0.0,0.0,0.0
2026-08-26 00:00:00-04:00,19.34585412879258,19.375707626342773,19.34585412879258,19.375707626342773,2400,0.0,0.0,0.0
2026-08-27 00:00:00-04:00,19.39561230144419,19.435419497872218,19.385660502337178,19.415515899658203,3100,0.0,0.0,0.0
2026-08-28 00:00:00-04:00,19.39561164768274,19.43044199432745,19.355806350708008,19.355806350708008,600,0.0,0.0,0.0
2026-08-31 00:00:00-04:00,19.286144587145,19.335903583138684,19.286144587145,19.31599998474121,6800,0.0,0.0,0.0
2026-09-01 00:00:00-04:00,19.260000228881836,19.27899932861328,19.239999771118164,19.249000549316406,1200,0.094,0.0,0.0
2026-09-02 00:00:00-04:00,19.219999313354492,19.260000228881836,19.219999313354492,19.240999221801758,2100,0.0,0.0,0.0
2026-09-03 00:00:00-04:00,19.260000228881836,19.260000228881836,19.239999771118164,19.2549991607666,3000,0.0,0.0,0.0
2026-09-04 00:00:00-04:00,19.239999771118164,19.329999923706055,19.239999771118164,19.309999465942383,5600,0.0,0.0,0.0
2026-09-08 00:00:00-04:00,19.280000686645508,19.309999465942383,19.264999389648438,19.264999389648438,3500,0.0,0.0,0.0
2026-09-09 00:00:00-04:00,19.239999771118164,19.350000381469727,19.209999084472656,19.274999618530273,13000,0.0,0.0,0.0
2026-09-10 00:00:00-04:00,19.18000030517578,19.18000030517578,19.020000457763672,19.1200008392334,21400,0.0,0.0,0.0
2026-09-11 00:00:00-04:00,19.149999618530273,19.149999618530273,19.139999389648438,19.145000457763672,700,0.0,0.0,0.0
