Date,Open,High,Low,Close,Volume,Dividends,Stock Splits
2007-12-31 00:00:00+08:00,10.798266765564158,11.188013488316695,10.798266765564158,11.142160415649414,3125705,0.0,0.0
2008-01-02 00:00:00+08:00,11.417273729842897,11.55483204951287,11.233864101922514,11.302642822265625,11244499,0.0,0.0
2008-01-03 00:00:00+08:00,11.050456460385554,11.050456460385554,10.912898115988675,11.004603385925293,5724764,0.0,0.0
2008-01-04 00:00:00+08:00,11.004602024595803,11.119233817581971,10.844118041805444,11.050455093383789,3664412,0.0,0.0
2008-01-07 00:00:00+08:00,10.844117945215801,10.844117945215801,10.293888156531292,10.38559341430664,7321789,0.0,0.0
2008-01-08 00:00:00+08:00,10.500224587901675,10.569002428453045,10.408518456543215,10.546076774597168,2737756,0.0,0.0
2008-01-09 00:00:00+08:00,10.408518799015765,10.408518799015765,10.270962234403251,10.316814422607422,12365130,0.0,0.0
2008-01-10 00:00:00+08:00,10.454373513901164,10.500226588315932,10.316816048624666,10.339741706848145,4732780,0.0,0.0
2008-01-11 00:00:00+08:00,10.408520354095547,10.408520354095547,10.041701035690187,10.064626693725586,7491642,0.0,0.0
2008-01-14 00:00:00+08:00,10.202185926000917,10.202185926000917,9.537323326368222,9.60610294342041,7850445,0.0,0.0
2008-01-15 00:00:00+08:00,9.674880665786127,9.720732860023222,9.262207401716736,9.514396667480469,23529225,0.0,0.0
2008-01-16 00:00:00+08:00,9.170502603756267,9.330985715912062,8.987092077029866,9.078797340393066,6296638,0.0,0.0
2008-01-17 00:00:00+08:00,9.170502703772742,9.37683888935243,9.124649632099132,9.353912353515625,5061431,0.0,0.0
2008-01-18 00:00:00+08:00,9.216355813585535,9.26220801083806,9.12465054009654,9.170503616333008,6219249,0.0,0.0
2008-01-21 00:00:00+08:00,9.399766360563522,9.399766360563522,9.12465054009654,9.170503616333008,9507773,0.0,0.0
2008-01-22 00:00:00+08:00,8.574418067932129,8.803680742932693,8.574418067932129,8.574418067932129,5370987,0.0,0.0
2008-01-23 00:00:00+08:00,8.803682738923927,8.849534932726286,8.666125278532979,8.757829666137695,5479532,0.0,0.0
2008-01-24 00:00:00+08:00,8.987092077029866,9.170502603756267,8.918313349253426,9.078797340393066,7575061,0.0,0.0
2008-01-25 00:00:00+08:00,9.353911932379791,9.674879903708895,9.216354481519836,9.491469383239746,15028512,0.0,0.0
2008-01-28 00:00:00+08:00,9.216353488356173,9.46854270707913,9.216353488356173,9.308058738708496,4564937,0.0,0.0
2008-01-29 00:00:00+08:00,9.308060903740273,9.445618371772422,9.216355632057533,9.376839637756348,2067387,0.0,0.0
2008-01-30 00:00:00+08:00,9.30806108707453,9.399766360563522,9.170503616333008,9.170503616333008,2850321,0.0,0.0
2008-01-31 00:00:00+08:00,9.170502603756267,9.330985715912062,8.803682429287308,9.078797340393066,6473527,0.0,0.0
2008-02-01 00:00:00+08:00,9.101722513634698,9.262205601769399,9.101722513634698,9.216353416442871,2502574,0.0,0.0
2008-02-12 00:00:00+08:00,9.078798342844014,9.26220801083806,9.055871804725781,9.170503616333008,3566922,0.0,0.0
2008-02-13 00:00:00+08:00,9.26220801083806,9.285134548956295,9.170503616333008,9.170503616333008,1020125,0.0,0.0
2008-02-14 00:00:00+08:00,9.308058218966668,9.76658268715783,9.308058218966668,9.651951789855957,8738909,0.0,0.0
2008-02-15 00:00:00+08:00,9.445616722106934,9.491468910448313,9.353911466440405,9.445616722106934,1638231,0.0,0.0
2008-02-18 00:00:00+08:00,9.353910924392798,9.44561617474512,9.262205674040475,9.308058738708496,1645266,0.0,0.0
2008-02-19 00:00:00+08:00,9.353911932379791,9.491469383239746,9.262206672145217,9.491469383239746,3224200,0.0,0.0
2008-02-20 00:00:00+08:00,9.468542501538867,9.468542501538867,9.262205472979312,9.422689437866211,1658332,0.0,0.0
2008-02-21 00:00:00+08:00,9.445617658597719,9.537322044372559,9.42269112266208,9.537322044372559,2155832,0.0,0.0
2008-02-22 00:00:00+08:00,9.514393638451342,9.514393638451342,9.285130982286804,9.33098316192627,2501569,0.0,0.0
2008-02-25 00:00:00+08:00,9.42269112266208,9.537322044372559,9.3997654657103,9.537322044372559,4039295,0.0,0.0
2008-02-26 00:00:00+08:00,9.995848013983734,10.202185090269865,9.858290549115582,10.156332015991211,9904767,0.0,0.0
2008-02-27 00:00:00+08:00,10.362668647868961,10.683636665344238,10.362668647868961,10.683636665344238,10792226,0.0,0.0
2008-02-29 00:00:00+08:00,10.6607093446369,10.6607093446369,10.385594423559485,10.477299690246582,4285533,0.0,0.0
2008-03-03 00:00:00+08:00,10.316815363542638,10.316815363542638,9.81243773136041,9.835363388061523,7408223,0.0,0.0
2008-03-04 00:00:00+08:00,9.835363243141643,9.995847232604017,9.76658451608403,9.949995040893555,5727779,0.0,0.0
2008-03-05 00:00:00+08:00,9.904142379760742,9.949994569297969,9.766584053181475,9.904142379760742,6361966,0.0,0.0
2008-03-06 00:00:00+08:00,9.904142494505011,10.1792573928833,9.904142494505011,10.1792573928833,6860471,0.0,0.0
2008-03-07 00:00:00+08:00,10.041700303298317,10.041700303298317,9.88121631383594,9.949995040893555,4796098,0.0,0.0
2008-03-10 00:00:00+08:00,9.445617192614366,9.674879903708895,9.422690657809769,9.491469383239746,8039394,0.0,0.0
2008-03-11 00:00:00+08:00,9.445617658597719,9.651953845066894,9.353912393839023,9.537322044372559,10074621,0.0,0.0
2008-03-12 00:00:00+08:00,9.85829009041221,9.85829009041221,9.629027366638184,9.629027366638184,4055376,0.0,0.0
2008-03-13 00:00:00+08:00,9.629027102284548,9.72073236507327,9.537321839495824,9.560248374938965,2877458,0.0,0.0
2008-03-14 00:00:00+08:00,9.560248374938965,9.651953637727686,9.560248374938965,9.560248374938965,3732755,0.0,0.0
2008-03-17 00:00:00+08:00,9.353912192902218,9.560248374938965,9.285133465556635,9.560248374938965,4894593,0.0,0.0
2008-03-18 00:00:00+08:00,9.560247632452267,9.560247632452267,9.399764533765554,9.445616722106934,2287493,0.0,0.0
2008-03-19 00:00:00+08:00,9.537321839495824,9.583174910382105,9.514396183036522,9.560248374938965,2169902,0.0,0.0
2008-03-20 00:00:00+08:00,9.399763785013583,9.468542501538867,9.330984189504598,9.422689437866211,3436265,0.0,0.0
2008-03-21 00:00:00+08:00,9.44561771500928,9.629027366638184,9.44561771500928,9.629027366638184,4142816,0.0,0.0
2008-03-24 00:00:00+08:00,9.949994017930116,10.04169927090662,9.789510044967171,9.858288764953613,4697603,0.0,0.0
2008-03-25 00:00:00+08:00,9.904142379760742,10.041699827356217,9.858289311239721,9.904142379760742,3641296,0.0,0.0
2008-03-26 00:00:00+08:00,9.90414149617335,10.133403302389933,9.858288431743063,10.08755111694336,10125878,0.0,0.0
2008-03-27 00:00:00+08:00,10.018771254437734,10.156328674042499,9.92706601504002,10.11047649383545,7496667,0.0,0.0
2008-03-28 00:00:00+08:00,9.949996045172682,10.087553513171942,9.927069507511497,10.041701316833496,2766902,0.0,0.0
2008-03-31 00:00:00+08:00,10.041698858775959,10.041698858775959,9.858288360350475,9.995845794677734,4616194,0.0,0.0
2008-04-01 00:00:00+08:00,10.133405709510388,10.202185322493941,9.972922582833865,10.041701316833496,4302619,0.0,0.0
2008-04-02 00:00:00+08:00,10.248035700809282,10.385593144405563,10.133403911823203,10.316814422607422,7070526,0.0,0.0
2008-04-03 00:00:00+08:00,10.133403312853995,10.591928683728076,10.133403312853995,10.569002151489258,8149950,0.0,0.0
2008-04-07 00:00:00+08:00,10.546076769838868,10.660707676017747,10.500224583164064,10.637781143188477,4446341,0.0,0.0
2008-04-08 00:00:00+08:00,10.546076704093185,10.637781076871097,10.316814014180945,10.454371452331543,3714664,0.0,0.0
2008-04-09 00:00:00+08:00,10.523152608077373,10.591931343078613,10.362668600079832,10.591931343078613,6005173,0.0,0.0
2008-04-10 00:00:00+08:00,10.637781143188477,10.683634208847018,10.477298050334793,10.637781143188477,1961857,0.0,0.0
2008-04-11 00:00:00+08:00,10.821192826262054,10.821192826262054,10.546077918286276,10.614855766296387,3018165,0.0,0.0
2008-04-14 00:00:00+08:00,10.454372948876427,10.569003870750114,10.408519876939867,10.500226020812988,3775972,0.0,0.0
2008-04-15 00:00:00+08:00,10.431444716023776,10.637780869221999,10.431444716023776,10.569002151489258,2819165,0.0,0.0
2008-04-16 00:00:00+08:00,10.59193098968637,11.142160851338266,10.59193098968637,11.004603385925293,5047361,0.0,0.0
2008-04-17 00:00:00+08:00,11.233865792924464,11.554833788829223,11.210939256364444,11.325571060180664,8850470,0.0,0.0
2008-04-18 00:00:00+08:00,11.233865792924464,11.371423254316824,11.073381794972084,11.325571060180664,4155881,0.0,0.0
2008-04-21 00:00:00+08:00,11.463126108240013,11.600683540672392,11.279716491324738,11.371420860290527,8040400,0.0,0.0
2008-04-22 00:00:00+08:00,11.279716619856186,11.325568804861565,11.142158306872647,11.165084838867188,4579007,0.0,0.0
2008-04-23 00:00:00+08:00,11.00460087287281,11.233863555867105,11.00460087287281,11.165084838867188,3132740,0.0,0.0
2008-04-24 00:00:00+08:00,11.165086007386162,11.188012541780154,11.004602024595803,11.050455093383789,2157842,0.0,0.0
2008-04-25 00:00:00+08:00,11.073383122556558,11.1421618614986,11.050457462231869,11.096309661865234,3379983,0.0,0.0
2008-04-28 00:00:00+08:00,11.18801322392559,11.18801322392559,10.889971774566954,11.073381423950195,4474482,0.0,0.0
2008-04-29 00:00:00+08:00,11.073383122556558,11.233867139749316,10.981678723289827,11.096309661865234,4779012,0.0,0.0
2008-04-30 00:00:00+08:00,11.142160415649414,11.279718754667389,11.004602955615312,11.142160415649414,5682552,0.0,0.0
2008-05-02 00:00:00+08:00,11.256792895244677,11.279719432956973,10.889972686767578,10.889972686767578,5647375,0.0,0.0
2008-05-05 00:00:00+08:00,10.133403778076172,10.202183377950282,10.133403778076172,10.133403778076172,6897658,0.0,0.0
2008-05-06 00:00:00+08:00,9.468544473243373,9.812438127481297,9.445617936632884,9.514396667480469,27200673,0.0,0.0
2008-05-07 00:00:00+08:00,9.514394633130822,9.835361682129696,9.514394633130822,9.720730781555176,28722318,0.0,0.0
2008-05-08 00:00:00+08:00,9.674880173170827,9.674880173170827,9.514396183036522,9.560248374938965,13880745,0.0,0.0
2008-05-09 00:00:00+08:00,9.560248580308196,9.606101652179474,9.514396387420778,9.537322044372559,15024492,0.0,0.0
2008-05-12 00:00:00+08:00,9.5373225847106,9.651954391899412,9.5373225847106,9.583175659179688,4764942,0.0,0.0
2008-05-13 00:00:00+08:00,9.629027366638184,9.674880438783307,9.583175173476924,9.629027366638184,8930874,0.0,0.0
2008-05-14 00:00:00+08:00,9.629025533705343,9.743657313263558,9.629025533705343,9.720730781555176,8789162,0.0,0.0
2008-05-15 00:00:00+08:00,9.789509643186845,10.087551043890477,9.720730926023213,9.995845794677734,10819363,0.0,0.0
2008-05-16 00:00:00+08:00,10.270961757911932,10.385592662596277,10.041699069559515,10.362666130065918,13610387,0.0,0.0
2008-05-19 00:00:00+08:00,10.546077615218595,10.63778199591928,10.156330920797357,10.270962715148926,12595286,0.0,0.0
2008-05-20 00:00:00+08:00,10.270963853193802,10.385594781262915,10.179258583348169,10.339741706848145,14728002,0.0,0.0
2008-05-21 00:00:00+08:00,10.133402701934395,10.293886659963485,9.949993092032337,10.248034477233887,5992108,0.0,0.0
2008-05-22 00:00:00+08:00,10.156329834605076,10.225108552266795,10.01877239928164,10.08755111694336,3707629,0.0,0.0
2008-05-23 00:00:00+08:00,10.087552287874242,10.17925754839596,9.972921371459961,9.972921371459961,5847380,0.0,0.0
2008-05-26 00:00:00+08:00,9.720732631944568,9.85829009041221,9.629027366638184,9.629027366638184,10987206,0.0,0.0
2008-05-27 00:00:00+08:00,9.674880291284959,9.81243774765547,9.651953755561923,9.743659019470215,3762907,0.0,0.0
2008-05-28 00:00:00+08:00,9.766584825105827,9.835363554339649,9.629027366638184,9.629027366638184,5086558,0.0,0.0
2008-05-29 00:00:00+08:00,9.766584938491976,9.881216741201749,9.697807087443532,9.812438011169434,3412144,0.0,0.0
2008-05-30 00:00:00+08:00,9.904142379760742,9.995846758835198,9.743658397904756,9.904142379760742,3284503,0.0,0.0
2008-06-02 00:00:00+08:00,9.972919074230685,10.156328674042499,9.881213834832971,10.11047649383545,5496618,0.0,0.0
2008-06-03 00:00:00+08:00,10.087552287874242,10.087552287874242,9.949994836583578,9.972921371459961,3989043,0.0,0.0
2008-06-04 00:00:00+08:00,9.972920485476696,10.546076774597168,9.949993952637081,10.546076774597168,11812352,0.0,0.0
2008-06-05 00:00:00+08:00,10.546078381829593,11.279718754667389,10.362667849128208,11.142160415649414,25349371,0.0,0.0
2008-06-06 00:00:00+08:00,11.11923472061634,11.142160377888414,10.889971995008521,10.95875072479248,12219397,0.0,0.0
2008-06-09 00:00:00+08:00,10.569001160085682,11.073378669141583,10.569001160085682,10.775338172912598,5397118,0.0,0.0
2008-06-10 00:00:00+08:00,10.775339183671194,10.821191369165117,10.569002151489258,10.569002151489258,5100628,0.0,0.0
2008-06-11 00:00:00+08:00,10.546076774597168,10.729486400362873,10.133403578402786,10.546076774597168,4355886,0.0,0.0
2008-06-12 00:00:00+08:00,10.316814286439623,10.36266647403861,10.133403778076172,10.133403778076172,3596068,0.0,0.0
2008-06-13 00:00:00+08:00,10.270962098840638,10.270962098840638,10.041699402878201,10.133403778076172,1757832,0.0,0.0
2008-06-16 00:00:00+08:00,10.179258122832193,10.454373040938819,10.179258122832193,10.293889045715332,1661347,0.0,0.0
2008-06-17 00:00:00+08:00,10.316814690721076,10.569003050873548,10.13340417517038,10.38559341430664,2829215,0.0,0.0
2008-06-18 00:00:00+08:00,10.316816305403176,10.500226849659406,10.270964108831082,10.408520698547363,1885473,0.0,0.0
2008-06-19 00:00:00+08:00,10.270963010310497,10.867045017930073,10.133404677338774,10.614855766296387,5019219,0.0,0.0
2008-06-20 00:00:00+08:00,10.660707961875737,10.775339750112108,10.225109100341797,10.225109100341797,5008164,0.0,0.0
2008-06-23 00:00:00+08:00,10.08755111694336,10.270961616697083,9.858288431743063,10.08755111694336,3984018,0.0,0.0
2008-06-24 00:00:00+08:00,10.156332247171573,10.293889715170833,10.041701316833496,10.041701316833496,3186008,0.0,0.0
2008-06-25 00:00:00+08:00,10.133403778076172,10.270962098840638,10.041699402878201,10.133403778076172,2589008,0.0,0.0
2008-06-26 00:00:00+08:00,10.13340432383105,10.660708465045305,10.041699943694155,10.1792573928833,4462422,0.0,0.0
2008-06-27 00:00:00+08:00,9.858290149896032,10.202184677124023,9.858290149896032,10.202184677124023,3489533,0.0,0.0
2008-06-30 00:00:00+08:00,10.179258140913126,10.316815600210775,10.087552875053404,10.202184677124023,1339731,0.0,0.0
2008-07-01 00:00:00+08:00,10.156330311367542,10.316814286439623,10.064625057185816,10.133403778076172,3126710,0.0,0.0
2008-07-02 00:00:00+08:00,10.179258079492618,10.179258079492618,9.583175173476924,9.629027366638184,5069472,0.0,0.0
2008-07-03 00:00:00+08:00,9.583175116243835,9.606101652179474,9.078797478546791,9.537322044372559,6785092,0.0,0.0
2008-07-04 00:00:00+08:00,9.85829009041221,9.85829009041221,9.491469908170542,9.629027366638184,3038266,0.0,0.0
2008-07-07 00:00:00+08:00,9.491467443951134,9.789508819580078,9.491467443951134,9.789508819580078,934696,0.0,0.0
2008-07-08 00:00:00+08:00,9.583174316085069,9.583174316085069,9.216354166662235,9.239280700683594,5153896,0.0,0.0
2008-07-09 00:00:00+08:00,9.445617617878993,9.49146981056875,9.308060160825868,9.353912353515625,3159877,0.0,0.0
2008-07-10 00:00:00+08:00,9.12465054009654,9.26220801083806,9.101724880962248,9.170503616333008,3060377,0.0,0.0
2008-07-11 00:00:00+08:00,9.285132406198558,9.812436508342806,9.26220587337115,9.766583442687988,4664437,0.0,0.0
2008-07-14 00:00:00+08:00,9.629026003691008,9.789509975515397,9.629026003691008,9.766583442687988,2278448,0.0,0.0
2008-07-15 00:00:00+08:00,9.720730970969514,9.720730970969514,9.216353416442871,9.216353416442871,1499534,0.0,0.0
2008-07-16 00:00:00+08:00,9.285134548956295,9.330986746208822,9.170503616333008,9.170503616333008,2342771,0.0,0.0
2008-07-17 00:00:00+08:00,9.399764198196499,9.422689852056864,9.078796254314002,9.193428039550781,5743860,0.0,0.0
2008-07-18 00:00:00+08:00,9.262205213950148,9.308058276340466,8.55149153673697,8.574418067932129,7155956,0.0,0.0
2008-07-21 00:00:00+08:00,8.82660756481195,9.147575528142903,8.803681909562446,8.941239356994629,4268447,0.0,0.0
2008-07-22 00:00:00+08:00,8.98709066030886,9.262205528045632,8.849533226440474,9.124648094177246,8913788,0.0,0.0
2008-07-23 00:00:00+08:00,9.274922429348123,9.627773131051917,9.249719219843916,9.375737190246582,7372000,1.698129,1.00505
2008-07-24 00:00:00+08:00,9.577364887810054,9.577364887810054,9.37573634561799,9.526957511901855,1541000,0.0,0.0
2008-07-25 00:00:00+08:00,9.375738540007983,9.375738540007983,9.098498388345247,9.199313163757324,1830000,0.0,0.0
2008-07-28 00:00:00+08:00,9.199313163757324,9.199313163757324,9.199313163757324,9.199313163757324,0,0.0,0.0
2008-07-29 00:00:00+08:00,9.199313163757324,9.199313163757324,9.199313163757324,9.199313163757324,0,0.0,0.0
2008-07-30 00:00:00+08:00,9.199313163757324,9.199313163757324,9.199313163757324,9.199313163757324,0,0.0,0.0
2008-07-31 00:00:00+08:00,9.199313163757324,9.199313163757324,9.199313163757324,9.199313163757324,0,0.0,0.0
2008-08-01 00:00:00+08:00,9.199313163757324,9.199313163757324,9.199313163757324,9.199313163757324,0,0.0,0.0
2008-08-04 00:00:00+08:00,9.199313163757324,9.199313163757324,9.199313163757324,9.199313163757324,0,0.0,0.0
2008-08-05 00:00:00+08:00,9.199313163757324,9.199313163757324,9.199313163757324,9.199313163757324,0,0.0,0.0
2008-08-06 00:00:00+08:00,9.199313163757324,9.199313163757324,9.199313163757324,9.199313163757324,0,0.0,0.0
2008-08-07 00:00:00+08:00,9.199313163757324,9.199313163757324,9.199313163757324,9.199313163757324,0,0.0,0.0
2008-08-08 00:00:00+08:00,9.199313163757324,9.199313163757324,9.199313163757324,9.199313163757324,0,0.0,0.0
2008-08-11 00:00:00+08:00,9.199313163757324,9.199313163757324,9.199313163757324,9.199313163757324,0,0.0,0.0
2008-08-12 00:00:00+08:00,9.199313163757324,9.199313163757324,9.199313163757324,9.199313163757324,0,0.0,0.0
2008-08-13 00:00:00+08:00,9.199313163757324,9.199313163757324,9.199313163757324,9.199313163757324,0,0.0,0.0
2008-08-14 00:00:00+08:00,9.199313163757324,9.199313163757324,9.199313163757324,9.199313163757324,0,0.0,0.0
2008-08-15 00:00:00+08:00,9.199313163757324,9.199313163757324,9.199313163757324,9.199313163757324,0,0.0,0.0
2008-08-18 00:00:00+08:00,8.367594996353521,8.367594996353521,7.888726234436036,7.888726234436035,5025000,0.0,0.0
2008-08-19 00:00:00+08:00,7.888723973866718,8.065149307250977,7.661891745744356,8.065149307250977,3114000,0.0,0.0
2008-08-20 00:00:00+08:00,8.014744228473164,8.065151618376214,7.813115630301958,7.888726234436035,1852000,0.0,0.0
2008-08-21 00:00:00+08:00,8.014743215791896,8.014743215791896,7.813114643096925,7.813114643096924,1486000,0.0,0.0
2008-08-22 00:00:00+08:00,7.863522026630886,7.989540004745352,7.712300356749439,7.813114643096924,2141000,0.0,0.0
2008-08-25 00:00:00+08:00,7.888725780265853,8.039947460548362,7.838318873985329,7.939133167266846,1793000,0.0,0.0
2008-08-26 00:00:00+08:00,7.888724241963125,7.888724241963125,7.762706279754638,7.762706279754639,2458000,0.0,0.0
2008-08-27 00:00:00+08:00,7.762708240398908,7.964337319290611,7.712301331216355,7.888726234436035,2574000,0.0,0.0
2008-08-28 00:00:00+08:00,7.888725802646809,8.039947483358347,7.888725802646809,7.9895405769348145,2633000,0.0,0.0
2008-08-29 00:00:00+08:00,7.9895399225303825,8.518815040588379,7.9895399225303825,8.518815040588379,8158000,0.0,0.0
2008-09-01 00:00:00+08:00,8.468407832209026,8.468407832209026,7.964336395263671,7.964336395263672,2698000,0.0,0.0
2008-09-02 00:00:00+08:00,8.065149307250977,8.115556682709439,7.888723973866718,8.065149307250977,1924000,0.0,0.0
2008-09-03 00:00:00+08:00,7.913928929444411,8.065150599325857,7.813114643096925,7.813114643096924,1777000,0.0,0.0
2008-09-04 00:00:00+08:00,7.813114913150436,7.863522298426685,7.283839290631638,7.409857273101807,3313000,0.0,0.0
2008-09-05 00:00:00+08:00,7.157821066289522,7.20822844986244,6.9057851098658025,6.956192493438721,3302000,0.0,0.0
2008-09-08 00:00:00+08:00,7.082209184653613,7.384651988969142,7.082209184653613,7.183023452758789,3342000,0.0,0.0
2008-09-09 00:00:00+08:00,7.157821427797328,7.157821427797328,6.7041568756103525,6.704156875610352,3085000,0.0,0.0
2008-09-10 00:00:00+08:00,6.552935099134079,6.80497106448539,6.452120809137646,6.502527713775635,3947000,0.0,0.0
2008-09-11 00:00:00+08:00,6.552934845288595,6.552934845288595,6.048862934112549,6.048862934112549,6689000,0.0,0.0
2008-09-12 00:00:00+08:00,6.074066554501227,6.20008453081569,5.8220306018723,5.922844886779785,4060000,0.0,0.0
2008-09-15 00:00:00+08:00,5.847234558495815,5.847234558495815,5.519587516784668,5.519587516784668,6607000,0.0,0.0
2008-09-16 00:00:00+08:00,5.166736587201596,5.2423471742383425,5.141532897949218,5.141532897949219,2450000,0.0,0.0
2008-09-17 00:00:00+08:00,5.242348236029597,5.494384218160261,5.141533939321429,5.343163013458252,7362000,0.0,0.0
2008-09-18 00:00:00+08:00,5.040718316031624,5.091125691480084,4.970148086547852,4.970148086547852,4340000,0.0,0.0
2008-09-19 00:00:00+08:00,5.141532546138484,5.317957878112793,5.0407182767476035,5.317957878112793,5981000,0.0,0.0
2008-09-22 00:00:00+08:00,5.519587128180461,5.670808792114258,5.494383437404759,5.670808792114258,7457000,0.0,0.0
2008-09-23 00:00:00+08:00,5.6708090007305145,6.048862934112549,5.544791022936503,6.048862934112549,13764000,0.0,0.0
2008-09-24 00:00:00+08:00,6.048862391829695,6.149676668882778,5.872437046446505,5.948048114776611,4885000,0.0,0.0
2008-09-25 00:00:00+08:00,5.948049163782822,6.149677753448486,5.84723486894999,6.149677753448486,6227000,0.0,0.0
2008-09-26 00:00:00+08:00,6.200085005905216,6.250491911861238,5.771623661316465,5.872437953948975,4756000,0.0,0.0
2008-09-29 00:00:00+08:00,5.872437953948975,5.872437953948975,5.872437953948975,5.872437953948975,0,0.0,0.0
2008-09-30 00:00:00+08:00,5.469180783418933,5.872437953948975,5.469180783418933,5.872437953948975,5768000,0.0,0.0
2008-10-01 00:00:00+08:00,5.8976418209812955,6.275695790027795,5.8976418209812955,6.250492095947266,3901000,0.0,0.0
2008-10-02 00:00:00+08:00,6.300898815723175,6.300898815723175,5.922844886779785,5.922844886779785,2011000,0.0,0.0
2008-10-03 00:00:00+08:00,5.670809838234826,6.0488638274504805,5.670809838234826,5.897642135620117,3211000,0.0,0.0
2008-10-06 00:00:00+08:00,5.721216067151389,5.771622967043931,5.494383335113525,5.494383335113525,2797000,0.0,0.0
2008-10-07 00:00:00+08:00,5.191941037710949,5.847234650751828,5.191941037710949,5.6960129737854,3036000,0.0,0.0
2008-10-08 00:00:00+08:00,5.645605430461063,5.7968271032106475,5.393569469451905,5.393569469451904,3418000,0.0,0.0
2008-10-09 00:00:00+08:00,5.292755328781747,5.7464198789605705,5.292755328781747,5.6960129737854,6543000,0.0,0.0
2008-10-13 00:00:00+08:00,5.519588478352076,5.6456064823360075,5.519588478352076,5.544792175292969,5618000,0.0,0.0
2008-10-14 00:00:00+08:00,5.897641195372807,5.922844886779785,5.796826910465322,5.922844886779785,4591000,0.0,0.0
2008-10-15 00:00:00+08:00,5.771623599685323,5.897641584310419,5.721216694267561,5.746419906616211,3080000,0.0,0.0
2008-10-16 00:00:00+08:00,5.569994926452637,5.569994926452637,5.569994926452637,5.569994926452637,873000,0.0,0.0
2008-10-17 00:00:00+08:00,5.595198526691499,5.670809122706069,5.393569469451905,5.393569469451904,7788000,0.0,0.0
2008-10-20 00:00:00+08:00,5.217143574440779,5.393568424535468,5.217143574440779,5.267550468444824,7318000,0.0,0.0
2008-10-21 00:00:00+08:00,5.494383642913943,5.494383642913943,5.191940784454345,5.191940784454346,1877000,0.0,0.0
2008-10-22 00:00:00+08:00,5.091126592997389,5.29275516905413,5.010474681854248,5.010474681854248,5209000,0.0,0.0
2008-10-23 00:00:00+08:00,4.839090824127197,4.975189998173028,4.839090824127197,4.839090824127197,1221000,0.0,0.0
2008-10-24 00:00:00+08:00,4.672746181488037,4.68786820206673,4.672746181488037,4.672746181488037,1023000,0.0,0.0
2008-10-27 00:00:00+08:00,4.350140571594238,4.486239735148597,4.350140571594238,4.350140571594238,1931000,0.0,0.0
2008-10-28 00:00:00+08:00,4.057778588117954,4.652583058809354,4.057778588117954,4.410628795623779,6079000,0.0,0.0
2008-10-29 00:00:00+08:00,4.718113039526088,4.718113039526088,4.521525296662781,4.536647319793701,4497000,0.0,0.0
2008-10-30 00:00:00+08:00,4.71307275462288,4.854212760925293,4.637461676420532,4.854212760925293,2735000,0.0,0.0
2008-10-31 00:00:00+08:00,4.854212760925293,5.141533608221034,4.8038053754570615,4.854212760925293,8809000,0.0,0.0
2008-11-03 00:00:00+08:00,4.526566223645476,4.637462195659924,4.51648503385535,4.546729564666748,10455000,0.0,0.0
2008-11-04 00:00:00+08:00,4.536647307255224,4.597135880332173,4.455995876485958,4.511443614959717,4142000,0.0,0.0
2008-11-05 00:00:00+08:00,4.592095083385747,4.758438780891545,4.566891871604011,4.58705472946167,4620000,0.0,0.0
2008-11-06 00:00:00+08:00,4.420711040496826,4.420711040496826,4.269489365911994,4.420711040496826,5810000,0.0,0.0
2008-11-07 00:00:00+08:00,4.123308286552298,4.531606255430111,4.123308286552298,4.466076850891113,2203000,0.0,0.0
2008-11-10 00:00:00+08:00,4.466077148933806,4.531606557845894,4.2190820173793275,4.304774284362793,3626000,0.0,0.0
2008-11-11 00:00:00+08:00,4.138430784739722,4.229163890798285,4.133389949798584,4.133389949798584,2907000,0.0,0.0
2008-11-12 00:00:00+08:00,4.1333890290504955,4.234203301813605,4.108185340679625,4.183796405792236,1608000,0.0,0.0
2008-11-13 00:00:00+08:00,3.9317607879638667,4.022493640476188,3.8914348353759642,3.931760787963867,3013000,0.0,0.0
2008-11-14 00:00:00+08:00,4.123309123294479,4.123309123294479,3.785580844061676,3.830947160720825,2676000,0.0,0.0
2008-11-17 00:00:00+08:00,3.7301321621364765,3.810783590390168,3.664602756500244,3.664602756500244,1539000,0.0,0.0
2008-11-18 00:00:00+08:00,3.614195438082593,3.614195438082593,3.4125666368934,3.528503179550171,4661000,0.0,0.0
2008-11-19 00:00:00+08:00,3.3268747582573335,3.523462747694114,3.2865490414867358,3.377281904220581,4051000,0.0,0.0
2008-11-20 00:00:00+08:00,3.276467366344699,3.276467366344699,3.17565308198587,3.185734510421753,2153000,0.0,0.0
2008-11-21 00:00:00+08:00,3.084919887412187,3.2462229776071494,3.0597164373056094,3.1756529808044434,5742000,0.0,0.0
2008-11-24 00:00:00+08:00,3.1706123691265664,3.1857346325401776,2.9740243869109584,3.054675817489624,4577000,0.0,0.0
2008-11-25 00:00:00+08:00,3.125246531663506,3.1504502296447754,3.064757944940793,3.1504502296447754,6390000,0.0,0.0
2008-11-26 00:00:00+08:00,3.1504492903376597,3.2159786932631325,3.074838459297515,3.1756529808044434,4238000,0.0,0.0
2008-11-27 00:00:00+08:00,3.2764680359204132,3.3974452018737797,3.256305174928186,3.3974452018737793,3406000,0.0,0.0
2008-11-28 00:00:00+08:00,3.447851755218575,3.6041140100411435,3.447851755218575,3.528503179550171,3435000,0.0,0.0
2008-12-01 00:00:00+08:00,3.5285032101551006,3.578910350799561,3.4024852383638473,3.5789103507995605,3199000,0.0,0.0
2008-12-02 00:00:00+08:00,3.331915140151978,3.331915140151978,3.331915140151978,3.3319151401519775,1335000,0.0,0.0
2008-12-03 00:00:00+08:00,3.1756526754369343,3.27646694688946,3.1252452993504884,3.2159783840179443,3690000,0.0,0.0
2008-12-04 00:00:00+08:00,3.2008566305749944,3.2260603226139413,3.1000423431396484,3.1000423431396484,3003000,0.0,0.0
2008-12-05 00:00:00+08:00,3.0748382636127323,3.145408255924316,3.0748382636127323,3.0849196910858154,1691000,0.0,0.0
2008-12-08 00:00:00+08:00,3.125245056754474,3.2613444328308105,3.125245056754474,3.2613444328308105,4150000,0.0,0.0
2008-12-09 00:00:00+08:00,3.2764673821669485,3.4125667868887053,3.1101236919914914,3.210937976837158,5732000,0.0,0.0
2008-12-10 00:00:00+08:00,3.130286619369348,3.432729721069336,3.130286619369348,3.432729721069336,6801000,0.0,0.0
2008-12-11 00:00:00+08:00,3.468014822555298,3.5839513722743335,3.45289255939185,3.5738699436187744,5319000,0.0,0.0
2008-12-12 00:00:00+08:00,3.528503582470554,3.6141958507881906,3.3268747582573335,3.377281904220581,5127000,0.0,0.0
2008-12-15 00:00:00+08:00,3.4982590956918673,3.5789105246405435,3.468014809836114,3.54866623878479,4091000,0.0,0.0
2008-12-16 00:00:00+08:00,3.4932186544166,3.6545217708312543,3.4932186544166,3.5889923572540283,3160000,0.0,0.0
2008-12-17 00:00:00+08:00,3.7855797517046494,3.8208646277733576,3.6898060702778,3.745253801345825,5361000,0.0,0.0
2008-12-18 00:00:00+08:00,3.795661645781944,4.007371649298993,3.7200508100600302,3.982168197631836,5041000,0.0,0.0
2008-12-19 00:00:00+08:00,3.9821678942842036,4.2392444277232535,3.9115978984876296,4.18883752822876,6004000,0.0,0.0
2008-12-22 00:00:00+08:00,4.335017996573327,4.335017996573327,3.896475315093994,3.896475315093994,5176000,0.0,0.0
2008-12-23 00:00:00+08:00,3.6797251452086477,3.765417170476056,3.624277166209552,3.6293177604675293,3011000,0.0,0.0
2008-12-24 00:00:00+08:00,3.4276892408874153,3.6797252074126594,3.4276892408874153,3.659562349319458,1738000,0.0,0.0
2008-12-25 00:00:00+08:00,3.649480516636909,3.704928494092615,3.599073373659093,3.6192362308502197,990000,0.0,0.0
2008-12-26 00:00:00+08:00,3.6293176077486877,3.674684155962616,3.6091547508447674,3.6141955852508545,920000,0.0,0.0
2008-12-29 00:00:00+08:00,3.6293175058758926,3.6293175058758926,3.528503224186087,3.604114055633545,513000,0.0,0.0
2008-12-30 00:00:00+08:00,3.6242774701859015,3.8158248752590382,3.6242774701859015,3.7805397510528564,1434000,0.0,0.0
2008-12-31 00:00:00+08:00,3.896475065397955,3.896475065397955,3.704927721657473,3.7553348541259766,1679000,0.0,0.0
2009-01-02 00:00:00+08:00,3.755334854125977,3.755334854125977,3.755334854125977,3.7553348541259766,0,0.0,0.0
2009-01-05 00:00:00+08:00,3.8863942835910956,3.956964280753366,3.765416905238425,3.8410277366638184,1680000,0.0,0.0
2009-01-06 00:00:00+08:00,3.9267201788179595,4.027534465165445,3.866231607009468,3.906557321548462,1913000,0.0,0.0
2009-01-07 00:00:00+08:00,4.022493226605832,4.072900361704114,3.931760383428923,4.032574653625488,3618000,0.0,0.0
2009-01-08 00:00:00+08:00,3.8712723091943975,3.8712723091943975,3.750295162200928,3.7502951622009277,4816000,0.0,0.0
2009-01-09 00:00:00+08:00,3.7553347744245724,3.7553347744245724,3.60411338022851,3.6545205116271973,1466000,0.0,0.0
2009-01-12 00:00:00+08:00,3.6797251024714805,3.6797251024714805,3.5133811674061497,3.5537071228027344,2821000,0.0,0.0
2009-01-13 00:00:00+08:00,3.553707188149491,3.6898065990799696,3.528503495608199,3.679725170135498,1733000,0.0,0.0
2009-01-14 00:00:00+08:00,3.674684155962616,3.6998878472726235,3.6041141567988944,3.6141955852508545,1139000,0.0,0.0
2009-01-15 00:00:00+08:00,3.473055435914638,3.488177699161737,3.3873631716882606,3.432729721069336,2541000,0.0,0.0
2009-01-16 00:00:00+08:00,3.5234621081600035,3.3873627185821533,3.3621592703552556,3.3873627185821533,3437000,0.0,0.0
2009-01-19 00:00:00+08:00,3.4276895101350653,3.4276895101350653,3.3067121117127614,3.3268749713897705,3282000,0.0,0.0
2009-01-20 00:00:00+08:00,3.326874796984355,3.326874796984355,3.155490498714288,3.165571928024292,4981000,0.0,0.0
2009-01-21 00:00:00+08:00,3.160531237597927,3.316793519222931,3.125246113220573,3.276467800140381,2338000,0.0,0.0
2009-02-02 00:00:00+08:00,3.1756534966879486,3.4176080511056997,3.1756534966879486,3.372241497039795,2485000,0.0,0.0
2009-02-03 00:00:00+08:00,3.3722406977180523,3.4176072410307317,3.3722406977180523,3.3873627185821533,2707000,0.0,0.0
2009-02-04 00:00:00+08:00,3.427688719071668,3.427688719071668,3.3319150375289976,3.3924036026000977,2634000,0.0,0.0
2009-02-05 00:00:00+08:00,3.3722408184152126,3.3924036738624626,3.276467134860677,3.281507968902588,3206000,0.0,0.0
2009-02-06 00:00:00+08:00,3.311752721198354,3.392404154411998,3.311752721198354,3.352078437805176,2548000,0.0,0.0
2009-02-09 00:00:00+08:00,3.40248525498832,3.473055252235368,3.3672001361846924,3.3672001361846924,3464000,0.0,0.0
2009-02-10 00:00:00+08:00,3.417608329974689,3.5033003696822065,3.3319160499069063,3.4730560779571533,4356000,0.0,0.0
2009-02-11 00:00:00+08:00,3.4276894265272864,3.4629743099212646,3.3520785844026677,3.4629743099212646,4026000,0.0,0.0
2009-02-12 00:00:00+08:00,3.488177178841757,3.578910023709365,3.3823220729827876,3.382322072982788,4986000,0.0,0.0
2009-02-13 00:00:00+08:00,3.427689192641005,3.5688291973067994,3.402485500199144,3.5587477684020996,4095000,0.0,0.0
2009-02-16 00:00:00+08:00,3.558747155594968,3.6041136980342263,3.4831363316495985,3.568828582763672,2272000,0.0,0.0
2009-02-17 00:00:00+08:00,3.5637883022293906,3.5637883022293906,3.432729497170223,3.457933187484741,1950000,0.0,0.0
2009-02-18 00:00:00+08:00,3.387362817075817,3.5032993552991374,3.3369556787961554,3.4680144786834717,2241000,0.0,0.0
2009-02-19 00:00:00+08:00,3.427689800589294,3.5285041075171044,3.352078950213303,3.4528932571411133,2121000,0.0,0.0
2009-02-20 00:00:00+08:00,3.4377711642184976,3.4579340252107253,3.387363771377666,3.3974452018737793,2120000,0.0,0.0
2009-02-23 00:00:00+08:00,3.3974447021347,3.6343586444854736,3.3772818441082797,3.6343586444854736,6204000,0.0,0.0
2009-02-24 00:00:00+08:00,3.7200510347325917,3.8863947391510005,3.7200510347325917,3.886394739151001,22705000,0.0,0.0
2009-02-25 00:00:00+08:00,4.072900633813338,4.153552055358887,4.072900633813338,4.153552055358887,10779000,0.0,0.0
2009-02-26 00:00:00+08:00,4.234203723992889,4.234203723992889,4.037615992683765,4.082982540130615,12415000,0.0,0.0
2009-02-27 00:00:00+08:00,4.133389418812305,4.365262508392334,4.1081857280648295,4.365262508392334,18806000,0.0,0.0
2009-03-02 00:00:00+08:00,4.365263404714794,4.425751986496647,4.209001355291801,4.214041709899902,11769000,0.0,0.0
2009-03-03 00:00:00+08:00,4.032575246915389,4.098104652364216,3.9216795333837107,4.067860126495361,8909000,0.0,0.0
2009-03-04 00:00:00+08:00,4.067860175360077,4.350140657552006,4.067860175360077,4.335018634796143,11200000,0.0,0.0
2009-03-05 00:00:00+08:00,4.3803842877427925,4.5920945091335765,4.3803842877427925,4.435832500457764,17300000,0.0,0.0
2009-03-06 00:00:00+08:00,4.3350182237765305,4.486239398438184,4.314855368440284,4.435832500457764,12604000,0.0,0.0
2009-03-09 00:00:00+08:00,4.496321933745281,4.526565982223118,4.183797375391567,4.425751686096191,10374000,0.0,0.0
2009-03-10 00:00:00+08:00,4.471117737946735,4.7332353591918945,4.46103654982523,4.7332353591918945,21808000,0.0,0.0
2009-03-11 00:00:00+08:00,5.040719305374681,5.040719305374681,4.793724174784231,4.829009056091309,20361000,0.0,0.0
2009-03-12 00:00:00+08:00,4.844131242653497,5.0003937579031765,4.7382761144444805,4.773561477661133,6212000,0.0,0.0
2009-03-13 00:00:00+08:00,4.990312049537669,5.065923129512765,4.884456922148908,4.889497756958008,14671000,0.0,0.0
2009-03-16 00:00:00+08:00,4.944946500384796,5.040719968264799,4.92982399436123,4.990312576293945,7578000,0.0,0.0
2009-03-17 00:00:00+08:00,4.990311193282935,5.1415328465655294,4.970148338226615,5.065922260284424,8877000,0.0,0.0
2009-03-18 00:00:00+08:00,5.065922913532923,5.065922913532923,4.944945767595051,5.035678386688232,8273000,0.0,0.0
2009-03-19 00:00:00+08:00,4.990311435657448,5.065922506331292,4.687868595123291,4.687868595123291,12114000,0.0,0.0
2009-03-20 00:00:00+08:00,4.682827472099735,4.682827472099735,4.461036069388007,4.541687488555908,10188000,0.0,0.0
2009-03-23 00:00:00+08:00,4.642502330454484,4.859253406524658,4.587054593173469,4.859253406524658,7564000,0.0,0.0
2009-03-24 00:00:00+08:00,5.191940240713544,5.191940240713544,5.040718586960647,5.091125965118408,14915000,0.0,0.0
2009-03-25 00:00:00+08:00,5.166736772029721,5.443976402282715,5.0407188019802165,5.443976402282715,15986000,0.0,0.0
2009-03-26 00:00:00+08:00,5.670808413603673,5.822030067443848,5.595197827043778,5.822030067443848,16893000,0.0,0.0
2009-03-27 00:00:00+08:00,6.200083961684093,6.200083961684093,5.569994137950351,5.822030067443848,17443000,0.0,0.0
2009-03-30 00:00:00+08:00,5.569994649243373,6.124473456594755,5.418772981521931,5.922844886779785,19828000,0.0,0.0
2009-03-31 00:00:00+08:00,6.0488638274504805,6.250492429410627,5.897642135620117,5.897642135620117,28608000,0.0,0.0
2009-04-02 00:00:00+08:00,6.1496771756489,6.200084558689475,5.746419553485602,5.973252296447754,13905000,0.0,0.0
2009-04-03 00:00:00+08:00,6.048862863094248,6.0992702459082055,5.796826910465322,5.922844886779785,11362000,0.0,0.0
2009-04-06 00:00:00+08:00,5.796827276899455,5.922845261179878,5.569995001338786,5.721216678619385,10909000,0.0,0.0
2009-04-07 00:00:00+08:00,5.645606142809681,5.897642135620117,5.469181236274679,5.897642135620117,7255000,0.0,0.0
2009-04-08 00:00:00+08:00,5.796826750837509,5.872437342255918,5.645605087280273,5.645605087280273,6543000,0.0,0.0
2009-04-09 00:00:00+08:00,5.796827424768861,6.023659706115723,5.746420037482682,6.023659706115723,14199000,0.0,0.0
2009-04-10 00:00:00+08:00,6.09927096802708,6.426917552947999,6.048863579245175,6.426917552947998,31424000,0.0,0.0
2009-04-13 00:00:00+08:00,6.401712861822042,6.527730833435549,6.275694890208536,6.351305961608887,15814000,0.0,0.0
2009-04-14 00:00:00+08:00,6.300898598709366,6.704156205170848,6.200084317274099,6.376509189605713,16804000,0.0,0.0
2009-04-15 00:00:00+08:00,6.376511072512803,6.527732779679863,6.275696761308281,6.300900459289551,10961000,0.0,0.0
2009-04-16 00:00:00+08:00,6.45212216645661,6.527732779679863,6.300900459289551,6.300900459289551,9703000,0.0,0.0
2009-04-17 00:00:00+08:00,6.452120559197473,6.502527461882816,5.922844956318538,6.048862934112549,19076000,0.0,0.0
2009-04-20 00:00:00+08:00,6.048862934112549,6.149677220203672,5.7212163841362935,6.048862934112549,9598000,0.0,0.0
2009-04-21 00:00:00+08:00,5.97325254501386,6.452120780944824,5.97325254501386,6.452120780944824,15337000,0.0,0.0
2009-04-22 00:00:00+08:00,6.552935235869897,6.880581805375206,6.552935235869897,6.7797675132751465,40712000,0.0,0.0
2009-04-23 00:00:00+08:00,6.704156774488956,6.754563679126946,6.32610282646199,6.502527713775635,15227000,0.0,0.0
2009-04-24 00:00:00+08:00,6.552935565312142,6.704157251424981,6.250492193086463,6.477324962615967,15899000,0.0,0.0
2009-04-27 00:00:00+08:00,6.502527461882816,6.527731153585706,6.048862934112549,6.048862934112549,15560000,0.0,0.0
2009-04-28 00:00:00+08:00,6.048863262004627,6.1244738604915,5.645605615060226,5.746419906616211,23282000,0.0,0.0
2009-04-29 00:00:00+08:00,5.796826362609863,5.9732517050644045,5.645604709180312,5.796826362609863,13236000,0.0,0.0
2009-04-30 00:00:00+08:00,6.200084686279297,6.200084686279297,5.998455630688163,6.200084686279297,18306000,0.0,0.0
2009-05-04 00:00:00+08:00,6.477323633081369,6.628544807434082,6.401712565184623,6.628544807434082,17305000,0.0,0.0
2009-05-05 00:00:00+08:00,6.754563086195778,6.804970467129345,6.174880609061813,6.351305961608887,28849000,0.0,0.0
2009-05-06 00:00:00+08:00,6.149677458427891,6.552935099134079,6.149677458427891,6.502527713775635,42966000,0.0,0.0
2009-05-07 00:00:00+08:00,6.578138247885684,6.578138247885684,6.149676949928525,6.401712894439697,24757000,0.0,0.0
2009-05-08 00:00:00+08:00,6.300898598709366,6.4017128801446335,6.225288007813019,6.376509189605713,10351000,0.0,0.0
2009-05-11 00:00:00+08:00,6.452120954795714,6.804971218109132,6.426917261547513,6.804971218109131,49848000,0.0,0.0
2009-05-12 00:00:00+08:00,6.754563384618716,7.057006722141526,6.527731121836824,6.855378150939941,49437000,0.0,0.0
2009-05-13 00:00:00+08:00,7.0065997786176295,7.082210858102848,6.754563808441162,6.754563808441162,23183000,0.0,0.0
2009-05-14 00:00:00+08:00,6.300899106250717,6.628545667487574,6.300899106250717,6.452120780944824,19826000,0.0,0.0
2009-05-15 00:00:00+08:00,6.45212131260573,6.6789536029778604,6.45212131260573,6.578139305114746,17961000,0.0,0.0
2009-05-18 00:00:00+08:00,6.6537498979871375,6.678953592593854,6.42691760796767,6.552935600280762,8699000,0.0,0.0
2009-05-19 00:00:00+08:00,6.7293602575936,7.006599426269532,6.678952873805009,7.006599426269531,50074000,0.0,0.0
2009-05-20 00:00:00+08:00,6.981396198272706,7.157821079666767,6.678952857710833,6.981396198272705,24867000,0.0,0.0
2009-05-21 00:00:00+08:00,6.981394916548437,7.283837720863966,6.981394916548437,7.183023452758789,21308000,0.0,0.0
2009-05-22 00:00:00+08:00,7.057006493499208,7.460264103557532,7.031802802735485,7.283838748931885,23816000,0.0,0.0
2009-05-25 00:00:00+08:00,7.30904273628784,7.40985702271324,6.9057851098658025,6.956192493438721,13069000,0.0,0.0
2009-05-26 00:00:00+08:00,6.956191871114093,7.031802458988653,6.6537485581750655,6.7293596267700195,7941000,0.0,0.0
2009-05-27 00:00:00+08:00,6.981394916548437,7.18302345275879,6.905783854929292,7.183023452758789,17953000,0.0,0.0
2009-06-01 00:00:00+08:00,7.359449774162004,7.435060365249255,7.107413829577284,7.20822811126709,15089000,0.0,0.0
2009-06-02 00:00:00+08:00,7.359449744897375,7.4098566451816295,6.880581067514282,7.157820701599121,14677000,0.0,0.0
2009-06-03 00:00:00+08:00,7.157820639514836,7.157820639514836,6.905784698118395,7.057006359100342,9097000,0.0,0.0
2009-06-04 00:00:00+08:00,7.107413754269832,7.2334317252269535,7.031802683263313,7.082210063934326,11651000,0.0,0.0
2009-06-05 00:00:00+08:00,7.208227139965171,7.208227139965171,7.057005497447232,7.183023452758789,10285000,0.0,0.0
2009-06-08 00:00:00+08:00,7.3594500596643355,7.3594500596643355,6.8553781509399405,6.855378150939941,7346000,0.0,0.0
2009-06-09 00:00:00+08:00,6.855378974120378,7.031803874926411,6.477324997181103,6.552935600280762,10787000,0.0,0.0
2009-06-10 00:00:00+08:00,6.704157332332312,6.779767935940974,6.552935644394495,6.653749942779541,6439000,0.0,0.0
2009-06-11 00:00:00+08:00,6.704156123417117,7.031802654266358,6.5025270822849315,7.031802654266357,7711000,0.0,0.0
2009-06-12 00:00:00+08:00,7.057006148520304,7.057006148520304,6.678952247706716,6.7293596267700195,5390000,0.0,0.0
2009-06-15 00:00:00+08:00,6.729360467168178,6.729360467168178,6.37650973109998,6.502527713775635,6345000,0.0,0.0
2009-06-16 00:00:00+08:00,6.351305961608887,6.477323933222393,6.250491199741752,6.351305961608887,6381000,0.0,0.0
2009-06-17 00:00:00+08:00,6.401713923313927,6.628546213686057,6.401713923313927,6.578139305114746,6723000,0.0,0.0
2009-06-18 00:00:00+08:00,6.578140175642401,6.754565100070176,6.300900459289551,6.300900459289551,3925000,0.0,0.0
2009-06-19 00:00:00+08:00,6.401714770494072,6.47732586443788,6.14967875212249,6.300900459289551,3875000,0.0,0.0
2009-06-22 00:00:00+08:00,6.452120809137646,6.502527713775636,6.32610282646199,6.502527713775635,4914000,0.0,0.0
2009-06-23 00:00:00+08:00,6.300898973714643,6.401713261149989,6.200084686279297,6.200084686279297,4616000,0.0,0.0
2009-06-24 00:00:00+08:00,6.200084331118925,6.552934557290484,6.200084331118925,6.401712894439697,5004000,0.0,0.0
2009-06-25 00:00:00+08:00,6.4017139564566765,6.754564241164589,6.4017139564566765,6.653749942779541,6255000,0.0,0.0
2009-06-26 00:00:00+08:00,6.552934220257725,6.7293595646297435,6.502526841659895,6.628544807434082,8368000,0.0,0.0
2009-06-29 00:00:00+08:00,6.62854570879377,6.62854570879377,6.47732451387777,6.527731418609619,4266000,0.0,0.0
2009-06-30 00:00:00+08:00,6.552935600280762,6.6537498979871375,6.527731905674045,6.552935600280762,4265000,0.0,0.0
2009-07-01 00:00:00+08:00,6.552934895053971,7.006599426269532,6.50252751126538,7.006599426269531,18215000,0.0,0.0
2009-07-02 00:00:00+08:00,7.084451046466374,7.447756634460789,7.006600131875596,7.188252925872803,11350000,0.4,0.0
2009-07-03 00:00:00+08:00,7.136352438174801,7.26610430068707,7.032551047157801,7.214203357696533,4091000,0.0,0.0
2009-07-06 00:00:00+08:00,7.214203156178782,7.214203156178782,6.824947579515235,7.006600379943848,3499000,0.0,0.0
2009-07-07 00:00:00+08:00,6.9546987660822275,7.240152927033038,6.9546987660822275,7.162302017211914,4807000,0.0,0.0
2009-07-08 00:00:00+08:00,7.058500748042613,7.162302127727117,7.032550279380481,7.084450721740723,2733000,0.0,0.0
2009-07-09 00:00:00+08:00,7.24015251570029,7.3180039160624775,7.110400676727296,7.110400676727295,7624000,0.0,0.0
2009-07-10 00:00:00+08:00,7.1623021843019625,7.266103564806392,7.006599866063307,7.03255033493042,5815000,0.0,0.0
2009-07-13 00:00:00+08:00,7.032550321633076,7.084450764305144,6.565443367800326,6.66924524307251,8410000,0.0,0.0
2009-07-14 00:00:00+08:00,6.747095515794375,6.876847352636574,6.695194583071904,6.798996448516846,3750000,0.0,0.0
2009-07-15 00:00:00+08:00,6.902798175811768,7.032550019360996,6.902798175811768,6.902798175811768,6508000,0.0,0.0
2009-07-16 00:00:00+08:00,7.032550929479477,7.08445137663747,6.747096737736283,6.954699516296387,8468000,0.0,0.0
2009-07-17 00:00:00+08:00,6.980649047808033,7.0065995153763,6.798996764758159,6.928748607635498,3277000,0.0,0.0
2009-07-20 00:00:00+08:00,6.876847891374068,7.1623020537823985,6.876847891374068,7.136351585388184,7204000,0.0,0.0
2009-07-21 00:00:00+08:00,7.266103293828942,7.629408359527587,7.110400981396949,7.629408359527588,26702000,0.0,0.0
2009-07-22 00:00:00+08:00,7.785113240929782,8.148418426513672,7.785113240929782,8.148418426513672,15077000,0.0,0.0
2009-07-23 00:00:00+08:00,8.356020347803469,8.667425023422066,8.122466593607477,8.433871269226074,29271000,0.0,0.0
2009-07-24 00:00:00+08:00,8.433870002627373,8.537671875553997,8.122465373775526,8.304118156433105,14778000,0.0,0.0
2009-07-27 00:00:00+08:00,8.304118156433105,8.459819975895016,8.096515400507883,8.304118156433105,5839000,0.0,0.0
2009-07-28 00:00:00+08:00,8.304118084069529,8.459819902174626,8.22626717501698,8.356019020080566,7078000,0.0,0.0
2009-07-29 00:00:00+08:00,8.433870268262465,8.459820242347435,8.07056518646858,8.096515655517578,5895000,0.0,0.0
2009-07-30 00:00:00+08:00,7.940813336187619,8.096515655517578,7.759160547808662,8.096515655517578,9191000,0.0,0.0
2009-07-31 00:00:00+08:00,8.304119189379211,8.641473833462111,8.174367327045161,8.252218246459961,23359000,0.0,0.0
2009-08-03 00:00:00+08:00,8.304117662857278,8.537671368096326,8.148415357685908,8.33006763458252,8573000,0.0,0.0
2009-08-04 00:00:00+08:00,8.485770939090685,8.485770939090685,8.22626724670215,8.304118156433105,9457000,0.0,0.0
2009-08-05 00:00:00+08:00,8.511721107861558,8.537672071653287,7.733210012814561,7.785110950469971,22574000,0.0,0.0
2009-08-06 00:00:00+08:00,7.629409854231414,7.7591617241842075,7.369906114325828,7.57750940322876,7790000,0.0,0.0
2009-08-10 00:00:00+08:00,7.525606667219732,7.73320941177813,7.36990436131894,7.4996562004089355,3148000,0.0,0.0
2009-08-11 00:00:00+08:00,7.629407167803219,7.837010383605958,7.577506735075481,7.837010383605957,11470000,0.0,0.0
2009-08-12 00:00:00+08:00,7.888912406314808,7.888912406314808,7.68130964363443,7.73321008682251,3652000,0.0,0.0
2009-08-13 00:00:00+08:00,7.785110317292761,7.992713061101641,7.759159850575655,7.914862155914307,4527000,0.0,0.0
2009-08-14 00:00:00+08:00,7.914862799644469,7.992713711163559,7.733210012814561,7.785110950469971,4843000,0.0,0.0
2009-08-17 00:00:00+08:00,7.837011963126728,7.862961937238754,7.707260112710484,7.73321008682251,4130000,0.0,0.0
2009-08-18 00:00:00+08:00,7.655358470719436,7.707259404099737,7.447755727126197,7.525606632232666,3796000,0.0,0.0
2009-08-19 00:00:00+08:00,7.525607846548649,7.759161094517691,7.525607846548649,7.681310176849365,2082000,0.0,0.0
2009-08-20 00:00:00+08:00,7.681309872004559,7.681309872004559,7.447756633304444,7.551558017730713,3133000,0.0,0.0
2009-08-21 00:00:00+08:00,7.681307048748838,7.785108395023039,7.447753895890919,7.473703861236572,4074000,0.0,0.0
2009-08-24 00:00:00+08:00,7.733209736160914,7.759160204060247,7.577507918692928,7.629408359527588,4365000,0.0,0.0
2009-08-25 00:00:00+08:00,7.681308937409587,7.733209375825905,7.473705698852364,7.525606632232666,3029000,0.0,0.0
2009-08-26 00:00:00+08:00,7.473705374845419,7.603457207707068,7.31800357138261,7.395854473114014,5260000,0.0,0.0
2009-08-27 00:00:00+08:00,7.34395469629497,7.525607488838763,7.214202843039129,7.2401533126831055,4848000,0.0,0.0
2009-08-28 00:00:00+08:00,7.2401527641376955,7.421805542918685,7.21420229645984,7.292053699493408,2368000,0.0,0.0
2009-08-31 00:00:00+08:00,7.369904160280189,7.369904160280189,7.18825188748776,7.2661027908325195,1885000,0.0,0.0
2009-09-01 00:00:00+08:00,7.26610383933544,7.551558017730712,7.214202899640283,7.551558017730713,4308000,0.0,0.0
2009-09-02 00:00:00+08:00,7.525606667219732,7.603457572688135,7.421805294940533,7.4996562004089355,3918000,0.0,0.0
2009-09-03 00:00:00+08:00,7.499657337669408,7.837012467438878,7.447756891141531,7.707260608673096,16678000,0.0,0.0
2009-09-04 00:00:00+08:00,7.681308937409587,7.681308937409587,7.499656165542516,7.525606632232666,8772000,0.0,0.0
2009-09-07 00:00:00+08:00,7.525606947430109,7.707259726905403,7.369904635731858,7.655358791351318,10479000,0.0,0.0
2009-09-08 00:00:00+08:00,7.681307048748838,7.681307048748838,7.473703861236573,7.473703861236572,12683000,0.0,0.0
2009-09-09 00:00:00+08:00,7.6034577712609295,7.629408238749451,7.34395408630371,7.343954086303711,8702000,0.0,0.0
2009-09-10 00:00:00+08:00,7.525606863759363,7.551557331247885,7.2920536462906655,7.343954086303711,5936000,0.0,0.0
2009-09-11 00:00:00+08:00,7.369904447546074,7.473705821039738,7.369904447546074,7.421805381774902,3262000,0.0,0.0
2009-09-14 00:00:00+08:00,7.369904571454565,7.473705946693418,7.292053663766425,7.318004131317139,2323000,0.0,0.0
2009-09-15 00:00:00+08:00,7.31800357138261,7.421804938679137,7.31800357138261,7.395854473114014,2605000,0.0,0.0
2009-09-16 00:00:00+08:00,7.447756928880323,7.7072606477268275,7.369905516247933,7.681310176849365,11571000,0.0,0.0
2009-09-17 00:00:00+08:00,7.785108395023039,7.785108395023039,7.395852975271888,7.473703861236572,11204000,0.0,0.0
2009-09-18 00:00:00+08:00,7.36990436131894,7.681308973120523,7.36990436131894,7.4996562004089355,8601000,0.0,0.0
2009-09-21 00:00:00+08:00,7.60345566782029,7.60345566782029,7.4218034355814035,7.473703861236572,5906000,0.0,0.0
2009-09-22 00:00:00+08:00,7.473705733598139,7.577507600841325,7.395854828129736,7.4996562004089355,8938000,0.0,0.0
2009-09-23 00:00:00+08:00,7.499656450988251,7.551557386343963,7.292053699493407,7.292053699493408,8280000,0.0,0.0
2009-09-24 00:00:00+08:00,7.26610430068707,7.36990569170407,7.188253381165339,7.214203357696533,4703000,0.0,0.0
2009-09-25 00:00:00+08:00,7.214202243825101,7.447755956257797,7.136351336323534,7.343954086303711,4982000,0.0,0.0
2009-09-28 00:00:00+08:00,7.266103395294751,7.343954305115875,7.162302017211914,7.162302017211914,3031000,0.0,0.0
2009-09-29 00:00:00+08:00,7.31800372303834,7.3958546263831,7.18825188748776,7.2661027908325195,8420000,0.0,0.0
2009-09-30 00:00:00+08:00,7.343953694177279,7.343953694177279,7.240152324729609,7.2661027908325195,4563000,0.0,0.0
2009-10-01 00:00:00+08:00,7.31800372303834,7.343953694177279,7.240152324729609,7.2661027908325195,3602000,0.0,0.0
2009-10-02 00:00:00+08:00,7.162302017211914,7.266103395294751,7.136351548950201,7.162302017211914,4641000,0.0,0.0
2009-10-05 00:00:00+08:00,7.1882526531690765,7.214202627072165,7.03255033493042,7.03255033493042,4928000,0.0,0.0
2009-10-06 00:00:00+08:00,7.1623020537823985,7.240152964001027,7.084450648599754,7.136351585388184,4760000,0.0,0.0
2009-10-07 00:00:00+08:00,7.240153038749491,7.240153038749491,7.058500748042613,7.084450721740723,5835000,0.0,0.0
2009-10-08 00:00:00+08:00,7.058500748042613,7.162302127727117,7.032550279380481,7.084450721740723,6204000,0.0,0.0
2009-10-09 00:00:00+08:00,7.084449885033715,7.162301281825492,6.928748081378088,6.980648517608643,8233000,0.0,0.0
2009-10-12 00:00:00+08:00,7.00659900660715,7.421804972658145,6.954698075239289,7.369904041290283,12316000,0.0,0.0
2009-10-13 00:00:00+08:00,7.31800357138261,7.525606305975664,7.162301272955838,7.395854473114014,13006000,0.0,0.0
2009-10-14 00:00:00+08:00,7.525606755268567,7.55155722238298,7.369904447546074,7.421805381774902,9791000,0.0,0.0
2009-10-15 00:00:00+08:00,7.52560646193368,7.551556928036591,7.2661027908325195,7.2661027908325195,7367000,0.0,0.0
2009-10-16 00:00:00+08:00,7.343953694177279,7.369904160280189,7.2661027908325195,7.2661027908325195,4827000,0.0,0.0
2009-10-19 00:00:00+08:00,7.266103074052409,7.473705821039738,7.266103074052409,7.421805381774902,6795000,0.0,0.0
2009-10-20 00:00:00+08:00,7.525606755268567,7.629408128762231,7.395854914660488,7.421805381774902,9957000,0.0,0.0
2009-10-21 00:00:00+08:00,7.369904607562973,7.473705983310395,7.266103231815552,7.292053699493408,7526000,0.0,0.0
2009-10-22 00:00:00+08:00,7.266103432395242,7.2920539007894565,7.136351585388184,7.136351585388184,4441000,0.0,0.0
2009-10-23 00:00:00+08:00,7.1623020537823985,7.214202495606812,7.110401116993969,7.136351585388184,4274000,0.0,0.0
2009-10-26 00:00:00+08:00,7.1623020537823985,7.240152964001027,7.136351585388184,7.136351585388184,3075000,0.0,0.0
2009-10-27 00:00:00+08:00,7.136351548950201,7.188252485473626,7.084450612426776,7.162302017211914,1847000,0.0,0.0
2009-10-28 00:00:00+08:00,7.16230270960208,7.188253180372461,7.0066003799438485,7.006600379943848,2935000,0.0,0.0
2009-10-29 00:00:00+08:00,6.928748081378088,7.006598983205901,6.7470953171612384,6.980648517608643,5483000,0.0,0.0
2009-10-30 00:00:00+08:00,7.343953551078378,7.343953551078378,6.980648517608643,6.980648517608643,7288000,0.0,0.0
2009-11-02 00:00:00+08:00,6.798997557268756,6.798997557268756,6.591394287487783,6.69519567489624,5561000,0.0,0.0
2009-11-03 00:00:00+08:00,6.695194809338621,6.798996678291586,6.591393435349649,6.617343902587891,4319000,0.0,0.0
2009-11-04 00:00:00+08:00,6.643294774254463,6.747096154562622,6.617344305436418,6.66924524307251,3973000,0.0,0.0
2009-11-05 00:00:00+08:00,6.695195814003635,6.747096756268249,6.591394424438476,6.591394424438477,4270000,0.0,0.0
2009-11-06 00:00:00+08:00,6.669246716310766,6.6951966958971445,6.59139529265923,6.643296241760254,3029000,0.0,0.0
2009-11-09 00:00:00+08:00,6.7211462851359425,6.7211462851359425,6.591394424438476,6.591394424438477,3010000,0.0,0.0
2009-11-10 00:00:00+08:00,6.5913939851805265,6.643294923986403,6.539493541338685,6.565443515777588,3838000,0.0,0.0
2009-11-11 00:00:00+08:00,6.591393196741836,7.006599172631301,6.5654427304429985,6.824946403503418,19407000,0.0,0.0
2009-11-12 00:00:00+08:00,6.824946454716263,6.902797854196953,6.7470955501995515,6.773046016693115,6261000,0.0,0.0
2009-11-13 00:00:00+08:00,6.773046016693115,6.850896921209826,6.7470955501995515,6.773046016693115,2857000,0.0,0.0
2009-11-16 00:00:00+08:00,6.850897789001465,6.9027987285627965,6.798997344404176,6.850897789001465,3340000,0.0,0.0
2009-11-17 00:00:00+08:00,6.980648152306801,7.006598616546055,6.798995892559895,6.876846790313721,5771000,0.0,0.0
2009-11-18 00:00:00+08:00,6.876846790313721,6.92874771879223,6.824945861835213,6.876846790313721,2268000,0.0,0.0
2009-11-19 00:00:00+08:00,6.90279781899781,6.954698256756303,6.77304598215561,6.798996448516846,4369000,0.0,0.0
2009-11-20 00:00:00+08:00,6.850898003490956,6.850898003490956,6.66924569926717,6.69519567489624,5259000,0.0,0.0
2009-11-23 00:00:00+08:00,6.695195597953898,6.773047008838603,6.695195597953898,6.747096538543701,2069000,0.0,0.0
2009-11-24 00:00:00+08:00,6.824946403503417,6.850896869802255,6.773045965869719,6.824946403503418,3024000,0.0,0.0
2009-11-25 00:00:00+08:00,6.850898127016335,7.006600458418447,6.773047208797312,6.954699516296387,9382000,0.0,0.0
2009-11-26 00:00:00+08:00,7.00659981071835,7.188252596389249,7.00659981071835,7.084450721740723,12757000,0.0,0.0
2009-11-27 00:00:00+08:00,6.954698616253057,7.032550019360996,6.902798175811768,6.902798175811768,8232000,0.0,0.0
2009-11-30 00:00:00+08:00,7.032549982944569,7.1363513582536395,6.928748607635497,6.928748607635498,5089000,0.0,0.0
2009-12-01 00:00:00+08:00,7.0066003799438485,7.03255085071423,6.902798991826382,7.006600379943848,2693000,0.0,0.0
2009-12-02 00:00:00+08:00,7.08445137663747,7.08445137663747,6.928749540199425,6.954699516296387,2822000,0.0,0.0
2009-12-03 00:00:00+08:00,7.006600458418447,7.032550929479477,6.9027990691383945,6.954699516296387,3125000,0.0,0.0
2009-12-04 00:00:00+08:00,7.006599738381126,7.318004369183671,7.006599738381126,7.136351585388184,11992000,0.0,0.0
2009-12-07 00:00:00+08:00,7.369904553792232,7.421805488769276,7.240152711313622,7.343954086303711,7974000,0.0,0.0
2009-12-08 00:00:00+08:00,7.3958545069742145,7.3958545069742145,7.188251771430699,7.369904041290283,6600000,0.0,0.0
2009-12-09 00:00:00+08:00,7.31800372303834,7.343953694177279,7.240152324729609,7.2661027908325195,5274000,0.0,0.0
2009-12-10 00:00:00+08:00,7.26610430068707,7.473707082721071,7.16230290967007,7.214203357696533,13523000,0.0,0.0
2009-12-11 00:00:00+08:00,7.21420229645984,7.369904607562973,7.21420229645984,7.292053699493408,8930000,0.0,0.0
2009-12-14 00:00:00+08:00,7.395856773672689,7.577509594169594,7.395856773672689,7.447757720947266,12221000,0.0,0.0
2009-12-15 00:00:00+08:00,7.525606667219732,7.551557134030528,7.343953894508144,7.4996562004089355,8178000,0.0,0.0
2009-12-16 00:00:00+08:00,7.395855021280754,7.47370592878232,7.318004113779187,7.343954086303711,3220000,0.0,0.0
2009-12-17 00:00:00+08:00,7.369904160280189,7.421805092486011,7.214201858626698,7.2661027908325195,4425000,0.0,0.0
2009-12-18 00:00:00+08:00,7.18825188748776,7.2920532569354295,7.084450023076117,7.2661027908325195,4907000,0.0,0.0
2009-12-21 00:00:00+08:00,7.369904571454565,7.369904571454565,7.292053663766425,7.318004131317139,2101000,0.0,0.0
2009-12-22 00:00:00+08:00,7.343953894508144,7.551557134030528,7.292053455850538,7.4996562004089355,12480000,0.0,0.0
2009-12-23 00:00:00+08:00,7.55155893024538,7.629409854231414,7.499657984278621,7.57750940322876,11024000,0.0,0.0
2009-12-24 00:00:00+08:00,7.68130964363443,7.940813344466918,7.629408705482321,7.73321008682251,19371000,0.0,0.0
2009-12-25 00:00:00+08:00,7.940812657754351,8.018663563286026,7.707259446195337,7.888911724090576,16619000,0.0,0.0
2009-12-28 00:00:00+08:00,7.992713711163559,7.992713711163559,7.78511095046997,7.785110950469971,12588000,0.0,0.0
2009-12-29 00:00:00+08:00,7.7851099630829825,7.914861795801032,7.681308595901335,7.811060428619385,7608000,0.0,0.0
2009-12-30 00:00:00+08:00,7.837012285686716,8.330068743605091,7.78511134539844,8.2003173828125,21096000,0.0,0.0
2009-12-31 00:00:00+08:00,8.563621774196701,8.563621774196701,8.304118084069529,8.356019020080566,17669000,0.0,0.0
2010-01-04 00:00:00+08:00,8.35601851472561,8.35601851472561,7.992712974548339,7.99271297454834,10361000,0.0,0.0
2010-01-05 00:00:00+08:00,8.148416098651545,8.304118417981504,7.940813336187619,8.096515655517578,14811000,0.0,0.0
2010-01-06 00:00:00+08:00,8.200316814536027,8.330068166336936,8.148415877844451,8.278167724609375,10673000,0.0,0.0
2010-01-07 00:00:00+08:00,8.278168025544508,8.381969407737122,8.044614791870117,8.044614791870117,9208000,0.0,0.0
2010-01-08 00:00:00+08:00,8.044615237171726,8.407920837402344,7.966764319958915,8.407920837402344,16016000,0.0,0.0
2010-01-11 00:00:00+08:00,8.459819216539879,8.952876583792373,8.330067381992164,8.926926612854004,23684000,0.0,0.0
2010-01-12 00:00:00+08:00,8.926927384845373,9.082629203796387,8.719323639673322,9.082629203796387,13160000,0.0,0.0
2010-01-13 00:00:00+08:00,8.926926750772134,9.056678587324473,8.745273981613268,8.823124885559082,15702000,0.0,0.0
2010-01-14 00:00:00+08:00,8.875025818165607,8.926926750772134,8.71932302034603,8.823124885559082,9503000,0.0,0.0
2010-01-15 00:00:00+08:00,8.823124954926191,8.92692682095533,8.745274050368318,8.771224021911621,5828000,0.0,0.0
2010-01-18 00:00:00+08:00,8.667424657719154,8.900977412132727,8.667424657719154,8.693374633789062,7413000,0.0,0.0
2010-01-19 00:00:00+08:00,8.77122555192692,8.978828330270584,8.693374633789062,8.693374633789062,8116000,0.0,0.0
2010-01-20 00:00:00+08:00,8.82312599452651,9.05667972564697,8.61552322793503,9.056679725646973,13816000,0.0,0.0
2010-01-21 00:00:00+08:00,9.03072769705651,9.03072769705651,8.719323088897053,8.771224021911621,11960000,0.0,0.0
2010-01-22 00:00:00+08:00,8.641472427746823,8.641472427746823,8.174365997314453,8.174365997314453,22700000,0.0,0.0
2010-01-25 00:00:00+08:00,7.992716062702241,8.2522198373999,7.9148651282786116,8.148418426513672,8168000,0.0,0.0
2010-01-26 00:00:00+08:00,8.252216811586273,8.304117745481125,7.707259480510265,7.862961292266846,10757000,0.0,0.0
2010-01-27 00:00:00+08:00,7.8889135941370006,7.8889135941370006,7.395856587309208,7.57750940322876,8215000,0.0,0.0
2010-01-28 00:00:00+08:00,7.733210150328242,8.07056526115928,7.603458298846466,8.044614791870117,8927000,0.0,0.0
2010-01-29 00:00:00+08:00,7.837010713005732,8.070563907506921,7.785109783132602,7.966762542724609,5993000,0.0,0.0
2010-02-01 00:00:00+08:00,7.655358470719436,7.7591598425160555,7.473705698852364,7.525606632232666,6891000,0.0,0.0
2010-02-02 00:00:00+08:00,7.681309229769241,7.681309229769241,7.292053699493407,7.292053699493408,5157000,0.0,0.0
2010-02-03 00:00:00+08:00,7.421807247309977,7.629410046480055,7.395856773672689,7.447757720947266,5338000,0.0,0.0
2010-02-04 00:00:00+08:00,7.577507954645407,7.655358863748774,7.4477561094971225,7.603457927703857,2293000,0.0,0.0
2010-02-05 00:00:00+08:00,7.473707082721071,7.473707082721071,7.16230290967007,7.214203357696533,4137000,0.0,0.0
2010-02-08 00:00:00+08:00,7.343954139885117,7.343954139885117,7.21420229645984,7.292053699493408,3897000,0.0,0.0
2010-02-09 00:00:00+08:00,7.292053663766425,7.473705946693418,7.266103196215711,7.318004131317139,5304000,0.0,0.0
2010-02-10 00:00:00+08:00,7.525606755268567,7.525606755268567,7.369904447546074,7.421805381774902,4318000,0.0,0.0
2010-02-22 00:00:00+08:00,7.707261273181552,7.707261273181552,7.577509403228759,7.57750940322876,2920000,0.0,0.0
2010-02-23 00:00:00+08:00,7.681310800198173,7.681310800198173,7.473707511295242,7.57750940322876,2180000,0.0,0.0
2010-02-24 00:00:00+08:00,7.421805260436047,7.577507565612968,7.421805260436047,7.525606632232666,2300000,0.0,0.0
2010-02-25 00:00:00+08:00,7.629409416728609,7.629409416728609,7.188253381165339,7.214203357696533,4995000,0.0,0.0
2010-02-26 00:00:00+08:00,7.214202900760367,7.318004780166796,7.162302456021196,7.188252925872803,2501000,0.0,0.0
2010-03-01 00:00:00+08:00,7.2142017421506655,7.3958545069742145,7.162301305746769,7.369904041290283,3604000,0.0,0.0
2010-03-02 00:00:00+08:00,7.4477557617513295,7.551557134030528,7.421805294940533,7.4996562004089355,3839000,0.0,0.0
2010-03-03 00:00:00+08:00,7.5515565886314135,8.01866297763379,7.525606123694848,7.966762542724609,16649000,0.0,0.0
2010-03-04 00:00:00+08:00,7.888912086022884,7.940813022067801,7.6034579277038565,7.603457927703857,5928000,0.0,0.0
2010-03-05 00:00:00+08:00,7.759160555898565,7.837011963126728,7.603458236406267,7.73321008682251,9031000,0.0,0.0
2010-03-08 00:00:00+08:00,7.7851109875977045,7.888912368439535,7.733210049694776,7.75916051864624,3217000,0.0,0.0
2010-03-09 00:00:00+08:00,7.811060248069167,8.070563907506921,7.785109783132602,7.966762542724609,6408000,0.0,0.0
2010-03-10 00:00:00+08:00,8.096515768277616,8.252217594812002,7.992713890635978,8.018664360046387,5642000,0.0,0.0
2010-03-11 00:00:00+08:00,8.044613994535853,8.174365833157399,7.888911689197201,7.914862155914307,3676000,0.0,0.0
2010-03-12 00:00:00+08:00,7.914862940388342,8.096515730448441,7.914862940388342,8.044614791870117,4598000,0.0,0.0
2010-03-15 00:00:00+08:00,8.04461406593484,8.096514999829692,7.785110386388555,7.862961292266846,2333000,0.0,0.0
2010-03-16 00:00:00+08:00,7.811060853335981,7.914862226161698,7.759159919441129,7.862961292266846,2182000,0.0,0.0
2010-03-17 00:00:00+08:00,7.940812077788044,8.096514372443485,7.914861612851478,7.966762542724609,4041000,0.0,0.0
2010-03-18 00:00:00+08:00,8.04461406593484,8.04461406593484,7.785110386388555,7.862961292266846,8587000,0.0,0.0
2010-03-19 00:00:00+08:00,7.862961257258688,7.940812657754351,7.837011285390788,7.888911724090576,2690000,0.0,0.0
2010-03-22 00:00:00+08:00,7.888911724090576,7.888911724090576,7.888911724090576,7.888911724090576,0,0.0,0.0
2010-03-23 00:00:00+08:00,7.888911689197201,8.018663527818747,7.862961222480095,7.914862155914307,7988000,0.0,0.0
2010-03-24 00:00:00+08:00,7.966763124586238,7.992713096454139,7.862961257258688,7.888911724090576,3134000,0.0,0.0
2010-03-25 00:00:00+08:00,7.862961257258688,7.966763124586238,7.862961257258688,7.888911724090576,2792000,0.0,0.0
2010-03-26 00:00:00+08:00,7.888911603767967,8.070564373856602,7.83701116585977,7.99271297454834,5292000,0.0,0.0
2010-03-29 00:00:00+08:00,8.044614499425315,8.485770976411663,8.018664031079528,8.278167724609375,13873000,0.0,0.0
2010-03-30 00:00:00+08:00,8.330068129700749,8.356019092896418,8.122465373775526,8.304118156433105,7782000,0.0,0.0
2010-03-31 00:00:00+08:00,8.25221704224696,8.511720729046726,8.25221704224696,8.459819793701172,8254000,0.0,0.0
2010-04-01 00:00:00+08:00,8.459819975895016,8.511720912358328,8.304118156433105,8.304118156433105,5193000,0.0,0.0
2010-04-02 00:00:00+08:00,8.407919707494631,8.407919707494631,8.070564623325481,8.174365997314453,6510000,0.0,0.0
2010-04-06 00:00:00+08:00,8.200316814536027,8.330068166336936,8.148415877844451,8.278167724609375,8496000,0.0,0.0
2010-04-07 00:00:00+08:00,8.278168298280864,8.304118768425003,8.174366912668361,8.2003173828125,4221000,0.0,0.0
2010-04-08 00:00:00+08:00,8.200315737225797,8.252216172134977,7.966762542724609,7.966762542724609,4742000,0.0,0.0
2010-04-09 00:00:00+08:00,7.966763878966665,8.096515730448441,7.966763878966665,8.044614791870117,3827000,0.0,0.0
2010-04-12 00:00:00+08:00,8.044614829456796,8.174366681544809,8.018664360046387,8.018664360046387,4476000,0.0,0.0
2010-04-13 00:00:00+08:00,7.992713061101641,8.018663527818747,7.914862155914307,7.914862155914307,2105000,0.0,0.0
2010-04-14 00:00:00+08:00,7.940813409677504,8.044614791870117,7.914862940388342,8.044614791870117,1583000,0.0,0.0
2010-04-15 00:00:00+08:00,8.148418426513672,8.22626985590147,8.044617015627441,8.148418426513672,3669000,0.0,0.0
2010-04-16 00:00:00+08:00,8.200317112641056,8.226267581930218,8.018664322580955,8.044614791870117,3117000,0.0,0.0
2010-04-19 00:00:00+08:00,7.966762207871196,8.018662640598933,7.811059919760124,7.837010383605957,4583000,0.0,0.0
2010-04-20 00:00:00+08:00,7.888911759214271,7.9667631600565505,7.811060853335981,7.862961292266846,4417000,0.0,0.0
2010-04-21 00:00:00+08:00,7.862960682978348,8.01866297763379,7.862960682978348,7.966762542724609,2489000,0.0,0.0
2010-04-22 00:00:00+08:00,7.96676300307623,8.018663440984428,7.888911603767967,7.99271297454834,2185000,0.0,0.0
2010-04-23 00:00:00+08:00,8.07056518646858,8.304118417981504,8.018664248370584,8.096515655517578,10585000,0.0,0.0
2010-04-26 00:00:00+08:00,8.252217789695436,8.304118729741942,8.174366874589724,8.22626781463623,7365000,0.0,0.0
2010-04-27 00:00:00+08:00,8.304117838541666,8.304117838541666,8.14841553007621,8.174365997314453,2889000,0.0,0.0
2010-04-28 00:00:00+08:00,8.0186652328978,8.096516649603346,7.966764783391524,8.070566177368164,4083000,0.0,0.0
2010-04-29 00:00:00+08:00,8.096515730448441,8.096515730448441,8.018664322580955,8.044614791870117,2130000,0.0,0.0
2010-04-30 00:00:00+08:00,8.096516649603346,8.226268515815168,8.0186652328978,8.070566177368164,6847000,0.0,0.0
2010-05-03 00:00:00+08:00,8.04461406593484,8.04461406593484,7.837011320283407,7.862961292266846,2520000,0.0,0.0
2010-05-04 00:00:00+08:00,7.914862554045342,7.99271346314871,7.52560701860049,7.603457927703857,6796000,0.0,0.0
2010-05-05 00:00:00+08:00,7.369904160280189,7.3958546263831,7.2661027908325195,7.2661027908325195,6193000,0.0,0.0
2010-05-06 00:00:00+08:00,7.2661026492505645,7.318003580445082,6.850896684586311,6.980648517608643,9599000,0.0,0.0
2010-05-07 00:00:00+08:00,6.7470966621681505,7.0066003799438485,6.643295274050684,7.006600379943848,6246000,0.0,0.0
2010-05-10 00:00:00+08:00,7.006600131875596,7.188252925872804,6.954699192172382,7.188252925872803,2752000,0.0,0.0
2010-05-11 00:00:00+08:00,7.3699043546732845,7.3699043546732845,7.006599304541697,7.110400676727295,5746000,0.0,0.0
2010-05-12 00:00:00+08:00,7.16230278982056,7.240153708039582,6.9027990691383945,6.954699516296387,5333000,0.0,0.0
2010-05-13 00:00:00+08:00,7.058501071578811,7.214202900760367,7.032550601727204,7.188252925872803,3263000,0.0,0.0
2010-05-14 00:00:00+08:00,7.162302456021196,7.188252925872804,7.084451046466374,7.188252925872803,2095000,0.0,0.0
2010-05-17 00:00:00+08:00,7.110401190402855,7.136351659064986,6.902798431033846,7.084450721740723,3346000,0.0,0.0
2010-05-18 00:00:00+08:00,7.0844504598022855,7.110400927504932,6.850897240406475,6.902798175811768,3900000,0.0,0.0
2010-05-19 00:00:00+08:00,6.9027987285627965,6.9027987285627965,6.77304687462351,6.850897789001465,3074000,0.0,0.0
2010-05-20 00:00:00+08:00,6.798996678291586,6.902798052280558,6.61734390258789,6.617343902587891,5658000,0.0,0.0
2010-05-21 00:00:00+08:00,6.279990136721428,6.435691970636192,6.279990136721428,6.33189058303833,4707000,0.0,0.0
2010-05-24 00:00:00+08:00,6.33189003307558,6.435691411657668,6.33189003307558,6.383790969848633,4319000,0.0,0.0
2010-05-25 00:00:00+08:00,6.33189005126911,6.33189005126911,5.9426345092448125,5.994535446166992,14157000,0.0,0.0
2010-05-26 00:00:00+08:00,5.968584293723431,6.046435195221196,5.605279261793927,5.760981559753418,13606000,0.0,0.0
2010-05-27 00:00:00+08:00,5.7609824776711624,6.150238037109375,5.73503200804914,6.150238037109375,12781000,0.0,0.0
2010-05-28 00:00:00+08:00,6.228088690310108,6.487592385739696,6.228088690310108,6.357840538024902,7948000,0.0,0.0
2010-05-31 00:00:00+08:00,6.357840607184009,6.669245243072509,6.279989695693897,6.66924524307251,5604000,0.0,0.0
2010-06-01 00:00:00+08:00,6.643295468489934,6.747096859645511,6.461642662744617,6.513543605804443,5452000,0.0,0.0
2010-06-02 00:00:00+08:00,6.435691448668171,6.5135428542754585,6.279989627381633,6.357840538024902,3191000,0.0,0.0
2010-06-03 00:00:00+08:00,6.4875931342745305,6.565444053900194,6.461642662744617,6.513543605804443,1312000,0.0,0.0
2010-06-04 00:00:00+08:00,6.539494077334357,6.539494077334357,6.435692191214704,6.513543605804443,1259000,0.0,0.0
2010-06-07 00:00:00+08:00,6.279988621074717,6.409740447998047,6.176186763564902,6.409740447998047,1802000,0.0,0.0
2010-06-08 00:00:00+08:00,6.409741475096427,6.409741475096427,6.279989627381633,6.357840538024902,2697000,0.0,0.0
2010-06-09 00:00:00+08:00,6.35784105367881,6.409741994959771,6.254039666080947,6.33189058303833,2069000,0.0,0.0
2010-06-10 00:00:00+08:00,6.331889054865686,6.461640881789015,6.331889054865686,6.409740447998047,1931000,0.0,0.0
2010-06-11 00:00:00+08:00,6.539493636525605,6.850897789001465,6.539493636525605,6.850897789001465,9568000,0.0,0.0
2010-06-14 00:00:00+08:00,6.850896921209826,6.902797854196953,6.7470955501995515,6.773046016693115,4808000,0.0,0.0
2010-06-15 00:00:00+08:00,6.798997679858342,7.006600458418447,6.773047208797312,6.954699516296387,6210000,0.0,0.0
2010-06-17 00:00:00+08:00,7.084449885033715,7.136350816228233,6.928748081378088,6.980648517608643,4409000,0.0,0.0
2010-06-18 00:00:00+08:00,6.980648517608643,7.058499914400419,6.928748081378088,6.980648517608643,1753000,0.0,0.0
2010-06-21 00:00:00+08:00,7.058501243591309,7.11040168959527,7.0066003026232915,7.058501243591309,3051000,0.0,0.0
2010-06-22 00:00:00+08:00,7.110401116993969,7.1623020537823985,7.006599738381126,7.136351585388184,4232000,0.0,0.0
2010-06-23 00:00:00+08:00,7.058500675169555,7.1623020537823985,7.006599738381126,7.136351585388184,4092000,0.0,0.0
2010-06-24 00:00:00+08:00,7.1363517154348495,7.1623021843019625,7.006599866063307,7.03255033493042,1883000,0.0,0.0
2010-06-25 00:00:00+08:00,6.876847708109121,7.00659955165835,6.876847708109121,6.902798175811768,1960000,0.0,0.0
2010-06-28 00:00:00+08:00,6.902798175811768,6.902798175811768,6.902798175811768,6.902798175811768,0,0.0,0.0
2010-06-29 00:00:00+08:00,6.980649083955703,7.00659955165835,6.824946772703829,6.902798175811768,2037000,0.0,0.0
2010-06-30 00:00:00+08:00,6.747095515794375,6.824946419914103,6.695194583071904,6.798996448516846,2415000,0.0,0.0
2010-07-01 00:00:00+08:00,6.773047008838603,6.773047008838603,6.669245622623048,6.747096538543701,1548000,0.0,0.0
2010-07-02 00:00:00+08:00,6.747095515794375,6.876847352636574,6.721145049433139,6.798996448516846,2032000,0.0,0.0
2010-07-05 00:00:00+08:00,6.798996764758159,6.928748607635497,6.798996764758159,6.928748607635498,1421000,0.0,0.0
2010-07-06 00:00:00+08:00,6.850896684586311,7.006598983205901,6.824946218989052,6.980648517608643,1980000,0.0,0.0
2010-07-07 00:00:00+08:00,7.0066003799438485,7.058501321484613,6.954699438403084,7.006600379943848,3241000,0.0,0.0
2010-07-08 00:00:00+08:00,7.0585015186530695,7.473707082721071,7.0585015186530695,7.214203357696533,13048000,0.0,0.0
2010-07-09 00:00:00+08:00,7.295168063481604,7.321890393504368,7.161556923053839,7.215001583099365,8398000,0.401494,0.0
2010-07-12 00:00:00+08:00,7.2684462431448935,7.2684462431448935,7.188279253076602,7.215001583099365,1950000,0.0,0.0
2010-07-13 00:00:00+08:00,7.295167685032035,7.321890013668531,7.188278880172076,7.241723537445068,2162000,0.0,0.0
2010-07-14 00:00:00+08:00,7.375334637015774,7.428778784356903,7.3218899799886215,7.348612308502197,3966000,0.0,0.0
2010-07-15 00:00:00+08:00,7.40205696552935,7.428778784356903,7.3218899799886215,7.348612308502197,2655000,0.0,0.0
2010-07-16 00:00:00+08:00,7.348612342305027,7.375334670941523,7.215001208808572,7.241723537445068,1806000,0.0,0.0
2010-07-19 00:00:00+08:00,7.21500117562034,7.348612308502197,7.161556518593187,7.348612308502197,1971000,0.0,0.0
2010-07-20 00:00:00+08:00,7.4555027196764545,7.4555027196764545,7.268447399139404,7.268447399139404,1873000,0.0,0.0
2010-07-21 00:00:00+08:00,7.2684462431448935,7.321890393504368,7.215001583099366,7.215001583099365,2133000,0.0,0.0
2010-07-22 00:00:00+08:00,7.2684462431448935,7.295168063481604,7.215001583099366,7.215001583099365,2126000,0.0,0.0
2010-07-23 00:00:00+08:00,7.321890013668531,7.375334670941523,7.215001208808572,7.241723537445068,4314000,0.0,0.0
2010-07-26 00:00:00+08:00,7.295167281374228,7.3753342628478995,7.268445463902335,7.3753342628479,2336000,0.0,0.0
2010-07-27 00:00:00+08:00,7.482222824157682,7.5891116197084525,7.375334028606911,7.428778171539307,7228000,0.0,0.0
2010-07-28 00:00:00+08:00,7.428778171539306,7.5623892933992645,7.321889375988535,7.428778171539307,11776000,0.0,0.0
2010-07-29 00:00:00+08:00,7.375334670941523,7.42877881852849,7.215001208808572,7.241723537445068,4575000,0.0,0.0
2010-07-30 00:00:00+08:00,7.215002591054205,7.215002591054205,7.081391431960609,7.108113765716553,5126000,0.0,0.0
2010-08-02 00:00:00+08:00,7.188280007234293,7.241724672886962,7.134835851267729,7.161557674407959,4638000,0.0,0.0
2010-08-03 00:00:00+08:00,7.2417233308274795,7.2417233308274795,7.1348345290172235,7.188278675079346,3962000,0.0,0.0
2010-08-04 00:00:00+08:00,7.134835851267729,7.268447005713297,7.134835851267729,7.161557674407959,4483000,0.0,0.0
2010-08-05 00:00:00+08:00,7.188280257298261,7.241724924810149,7.108113765716553,7.108113765716553,4297000,0.0,0.0
2010-08-06 00:00:00+08:00,7.108112201143157,7.188278675079346,7.0813898732690905,7.188278675079346,2851000,0.0,0.0
2010-08-09 00:00:00+08:00,7.16155655153558,7.2684458660815645,7.13483473258511,7.241723537445068,1959000,0.0,0.0
2010-08-10 00:00:00+08:00,7.3753340532793406,7.42877819639052,7.321889400482179,7.321889400482178,4832000,0.0,0.0
2010-08-11 00:00:00+08:00,7.295167049679347,7.428778171539306,7.26844523305614,7.428778171539307,5580000,0.0,0.0
2010-08-12 00:00:00+08:00,7.428777604116674,7.508944576920949,7.26844467788001,7.295166492462158,6792000,0.0,0.0
2010-08-13 00:00:00+08:00,7.321889400482179,7.3753340532793406,7.268445257370999,7.321889400482178,2492000,0.0,0.0
2010-08-16 00:00:00+08:00,7.482222557067871,7.6158336741583685,7.455500231712579,7.482222557067871,8087000,0.0,0.0
2010-08-17 00:00:00+08:00,7.58911245627996,7.58911245627996,7.402057170867919,7.40205717086792,5045000,0.0,0.0
2010-08-18 00:00:00+08:00,7.455500231712579,7.6692783248689524,7.402056090687958,7.482222557067871,10827000,0.0,0.0
2010-08-19 00:00:00+08:00,7.3753340532793406,7.42877819639052,7.295167074083597,7.321889400482178,7617000,0.0,0.0
2010-08-20 00:00:00+08:00,7.268445463902335,7.40205659000579,7.268445463902335,7.3753342628479,3516000,0.0,0.0
2010-08-23 00:00:00+08:00,7.375333465266434,7.402055789534525,7.26844467788001,7.295166492462158,3308000,0.0,0.0
2010-08-24 00:00:00+08:00,7.295168828853526,7.3486134945061945,7.161557674407958,7.161557674407959,4792000,0.0,0.0
2010-08-25 00:00:00+08:00,7.108111540996242,7.161555682094882,7.001222749112998,7.027944564819336,6135000,0.0,0.0
2010-08-26 00:00:00+08:00,7.027944318516396,7.108111291883752,6.9745001792907715,6.9745001792907715,6469000,0.0,0.0
2010-08-27 00:00:00+08:00,6.947779178619385,7.027945657575191,6.921056849072102,6.947779178619385,4673000,0.0,0.0
2010-08-30 00:00:00+08:00,6.9745001792907715,7.027944318516396,6.9745001792907715,6.9745001792907715,2012000,0.0,0.0
2010-08-31 00:00:00+08:00,6.947780669513633,6.947780669513633,6.787447167510703,6.8408918380737305,4734000,0.0,0.0
2010-09-01 00:00:00+08:00,6.840889871417499,7.0546674728393555,6.840889871417499,7.0546674728393555,2395000,0.0,0.0
2010-09-02 00:00:00+08:00,7.161556273550284,7.161556273550284,7.001223327326894,7.0546674728393555,1836000,0.0,0.0
2010-09-03 00:00:00+08:00,7.0813898732690905,7.188278675079346,7.0813898732690905,7.188278675079346,2512000,0.0,0.0
2010-09-06 00:00:00+08:00,7.188280257298261,7.215002591054205,7.081391431960609,7.108113765716553,1143000,0.0,0.0
2010-09-07 00:00:00+08:00,7.134836099472496,7.134836099472496,7.0546690982046645,7.108113765716553,1112000,0.0,0.0
2010-09-08 00:00:00+08:00,7.054666365660392,7.241722119811971,7.054666365660392,7.134833335876465,2369000,0.0,0.0
2010-09-09 00:00:00+08:00,7.188280257298261,7.188280257298261,7.081391431960609,7.108113765716553,2012000,0.0,0.0
2010-09-10 00:00:00+08:00,7.215001002953413,7.2417233308274795,7.1348345290172235,7.188278675079346,2514000,0.0,0.0
2010-09-13 00:00:00+08:00,7.188278880172076,7.241723537445068,7.16155655153558,7.241723537445068,2322000,0.0,0.0
2010-09-14 00:00:00+08:00,7.2684458660815645,7.321890013668531,7.215001208808572,7.241723537445068,2135000,0.0,0.0
2010-09-15 00:00:00+08:00,7.295167685032035,7.295167685032035,7.16155655153558,7.241723537445068,1926000,0.0,0.0
2010-09-16 00:00:00+08:00,7.241724924810149,7.268447258566093,7.081391431960609,7.108113765716553,2859000,0.0,0.0
2010-09-17 00:00:00+08:00,7.108113765716553,7.215002591054205,7.108113765716553,7.108113765716553,3097000,0.0,0.0
2010-09-20 00:00:00+08:00,7.108112201143157,7.215001002953413,7.108112201143157,7.188278675079346,1978000,0.0,0.0
2010-09-21 00:00:00+08:00,7.215000029343827,7.402055789534525,7.188277705075735,7.295166492462158,7013000,0.0,0.0
2010-09-23 00:00:00+08:00,7.348612342305027,7.348612342305027,7.215001208808572,7.241723537445068,3876000,0.0,0.0
2010-09-24 00:00:00+08:00,7.241725064866645,7.295169223726031,7.161558062048366,7.268447399139404,2314000,0.0,0.0
2010-09-27 00:00:00+08:00,7.295167476889602,7.321889804763669,7.188278675079346,7.188278675079346,1219000,0.0,0.0
2010-09-28 00:00:00+08:00,7.1348345290172235,7.215001002953413,7.1348345290172235,7.188278675079346,1570000,0.0,0.0
2010-09-29 00:00:00+08:00,7.188279253076602,7.321890393504368,7.188279253076602,7.215001583099365,3537000,0.0,0.0
2010-09-30 00:00:00+08:00,7.268445257370999,7.42877819639052,7.241722930972418,7.321889400482178,8032000,0.0,0.0
2010-10-01 00:00:00+08:00,7.32189155799879,7.348613892271549,7.241725064866645,7.268447399139404,1984000,0.0,0.0
2010-10-04 00:00:00+08:00,7.241724672886962,7.3218911616798605,7.08139118561506,7.161557674407959,6750000,0.0,0.0
2010-10-05 00:00:00+08:00,7.1615579235423175,7.1615579235423175,7.081391431960609,7.108113765716553,1675000,0.0,0.0
2010-10-06 00:00:00+08:00,7.161557674407958,7.215002340060628,7.108113518441395,7.161557674407959,1583000,0.0,0.0
2010-10-07 00:00:00+08:00,7.108112403948613,7.241723537445068,7.108112403948613,7.241723537445068,3431000,0.0,0.0
2010-10-08 00:00:00+08:00,7.268447258566093,7.268447258566093,7.108113765716553,7.108113765716553,2751000,0.0,0.0
2010-10-11 00:00:00+08:00,7.1615579235423175,7.1615579235423175,7.0546690982046645,7.108113765716553,3277000,0.0,0.0
2010-10-12 00:00:00+08:00,7.134836099472496,7.134836099472496,7.0012249403789,7.108113765716553,3280000,0.0,0.0
2010-10-13 00:00:00+08:00,7.134836099472496,7.188280257298261,7.02794676444872,7.108113765716553,1701000,0.0,0.0
2010-10-14 00:00:00+08:00,7.1615579235423175,7.1615579235423175,7.0546690982046645,7.108113765716553,2182000,0.0,0.0
2010-10-15 00:00:00+08:00,7.108113765716553,7.134836099472496,7.0546690982046645,7.108113765716553,1742000,0.0,0.0
2010-10-18 00:00:00+08:00,7.10811264621704,7.134834975764323,6.947779178619385,6.947779178619385,1995000,0.0,0.0
2010-10-19 00:00:00+08:00,6.947779076591389,7.001223734901122,6.894334418281656,6.921056747436523,1618000,0.0,0.0
2010-10-20 00:00:00+08:00,6.894334418281656,6.974501405746255,6.84089026965796,6.921056747436523,1629000,0.0,0.0
2010-10-21 00:00:00+08:00,6.9477788369211035,6.974501165154158,6.86761236190796,6.867612361907959,1160000,0.0,0.0
2010-10-22 00:00:00+08:00,6.89433479309082,6.947779454306061,6.867612972169263,6.89433479309082,1477000,0.0,0.0
2010-10-25 00:00:00+08:00,6.921055979726691,7.081389427185058,6.921055979726691,7.081389427185059,2592000,0.0,0.0
2010-10-26 00:00:00+08:00,7.108112368474463,7.134834696977597,7.001223564147949,7.001223564147949,1730000,0.0,0.0
2010-10-27 00:00:00+08:00,7.027944564819336,7.054666890211638,6.921055772936092,7.027944564819336,1484000,0.0,0.0
2010-10-28 00:00:00+08:00,7.108113765716553,7.1615579235423175,7.0012249403789,7.108113765716553,2925000,0.0,0.0
2010-10-29 00:00:00+08:00,7.1615579235423175,7.1615579235423175,7.02794676444872,7.108113765716553,1631000,0.0,0.0
2010-11-01 00:00:00+08:00,7.10811264621704,7.10811264621704,6.947779178619385,6.947779178619385,3256000,0.0,0.0
2010-11-02 00:00:00+08:00,6.9477788369211035,7.0012234933872115,6.86761236190796,6.867612361907959,2665000,0.0,0.0
2010-11-03 00:00:00+08:00,6.947780669513633,6.974503004795146,6.8408918380737305,6.8408918380737305,1850000,0.0,0.0
2010-11-04 00:00:00+08:00,6.84089026965796,6.947779076591389,6.84089026965796,6.921056747436523,1420000,0.0,0.0
2010-11-05 00:00:00+08:00,7.001223837713951,7.027945657575191,6.8943345195248185,6.947779178619385,2120000,0.0,0.0
2010-11-08 00:00:00+08:00,6.9477788369211035,7.0012234933872115,6.86761236190796,6.867612361907959,1776,0.0,0.0
2010-11-09 00:00:00+08:00,6.840890370116295,7.001223837713951,6.840890370116295,6.947779178619385,2499000,0.0,0.0
2010-11-10 00:00:00+08:00,6.9477788369211035,6.9477788369211035,6.86761236190796,6.867612361907959,1939000,0.0,0.0
2010-11-11 00:00:00+08:00,6.84089026965796,6.9210567474365225,6.84089026965796,6.921056747436523,2336000,0.0,0.0
2010-11-12 00:00:00+08:00,6.894334180454996,6.894334180454996,6.8408900336749054,6.867612361907959,1914000,0.0,0.0
2010-11-15 00:00:00+08:00,6.89433445458003,6.89433445458003,6.787445647083835,6.8141679763793945,1642000,0.0,0.0
2010-11-16 00:00:00+08:00,6.814167874090959,6.894334351088205,6.734001397093713,6.787445545196533,2546000,0.0,0.0
2010-11-17 00:00:00+08:00,6.787445611348227,6.947779076591389,6.73400146272453,6.921056747436523,3387000,0.0,0.0
2010-11-18 00:00:00+08:00,6.814167976379394,6.89433445458003,6.787445647083835,6.8141679763793945,5516000,0.0,0.0
2010-11-19 00:00:00+08:00,6.86761253187981,6.894334351088205,6.760723216302108,6.787445545196533,2331000,0.0,0.0
2010-11-22 00:00:00+08:00,6.814168251600552,6.814168251600552,6.7340017701620285,6.76072359085083,1761000,0.0,0.0
2010-11-23 00:00:00+08:00,6.7874459803464005,6.947779454306061,6.7874459803464005,6.89433479309082,5874000,0.0,0.0
2010-11-24 00:00:00+08:00,6.840890305674952,6.89433445458003,6.760723317788277,6.8141679763793945,2196000,0.0,0.0
2010-11-25 00:00:00+08:00,6.814167705441852,6.894334180454996,6.7874453772087975,6.867612361907959,3929000,0.0,0.0
2010-11-26 00:00:00+08:00,6.89433445458003,6.9210567838755885,6.787445647083835,6.8141679763793945,1579000,0.0,0.0
2010-11-29 00:00:00+08:00,6.814167976379394,6.89433445458003,6.787445647083835,6.8141679763793945,2764000,0.0,0.0
2010-11-30 00:00:00+08:00,6.8408912152184715,6.974502369774746,6.680557727813722,6.680557727813721,3566000,0.0,0.0
2010-12-01 00:00:00+08:00,6.734000278560596,7.054666642972181,6.734000278560596,6.9745001792907715,11978000,0.0,0.0
2010-12-02 00:00:00+08:00,7.108111012471108,7.241722119811971,7.054666365660392,7.134833335876465,8183000,0.0,0.0
2010-12-03 00:00:00+08:00,7.188279253076602,7.375335053549896,7.134835102717127,7.215001583099365,11512000,0.0,0.0
2010-12-06 00:00:00+08:00,7.134835102717127,7.295168063481604,7.134835102717127,7.215001583099365,7689000,0.0,0.0
2010-12-07 00:00:00+08:00,7.215002730593885,7.295169223726031,7.13483623746174,7.268447399139404,4404000,0.0,0.0
2010-12-08 00:00:00+08:00,7.2684462431448935,7.295168063481604,7.215001583099366,7.215001583099365,2282000,0.0,0.0
2010-12-09 00:00:00+08:00,7.215000604573837,7.3753340532793406,7.161555951776674,7.321889400482178,9698000,0.0,0.0
2010-12-10 00:00:00+08:00,7.2684458660815645,7.42877881852849,7.215001208808572,7.241723537445068,10716000,0.0,0.0
2010-12-13 00:00:00+08:00,7.241723705024715,7.402057170867919,7.215001375769842,7.40205717086792,11034000,0.0,0.0
2010-12-14 00:00:00+08:00,7.375334028606911,7.455500497848494,7.348611702297723,7.428778171539307,9538000,0.0,0.0
2010-12-15 00:00:00+08:00,7.4822221722519195,7.669277930432592,7.428777524290031,7.615833282470703,23341000,0.0,0.0
2010-12-16 00:00:00+08:00,7.615834105103124,7.749445229754056,7.562389451368355,7.696000576019287,13890000,0.0,0.0
2010-12-17 00:00:00+08:00,7.69600004695502,8.016666927947295,7.642555906580279,7.802889347076416,12588000,0.0,0.0
2010-12-20 00:00:00+08:00,7.856334691502029,7.856334691502029,7.508945941925049,7.508945941925049,5209000,0.0,0.0
2010-12-21 00:00:00+08:00,7.508945936933253,7.856334686279297,7.508945936933253,7.856334686279297,8141000,0.0,0.0
2010-12-22 00:00:00+08:00,7.909778407517071,7.9899448756586935,7.642556167463697,7.749444961547852,10019,0.0,0.0
2010-12-23 00:00:00+08:00,7.90977934449532,7.90977934449532,7.802890537749309,7.856334686279297,6124000,0.0,0.0
2010-12-24 00:00:00+08:00,7.856335788969256,7.856335788969256,7.722724634362002,7.776169300079346,3815000,0.0,0.0
2010-12-27 00:00:00+08:00,7.776170318443229,7.829614481473491,7.615836809980098,7.669281482696533,3211000,0.0,0.0
2010-12-28 00:00:00+08:00,7.6692802360559,7.829613208770751,7.642557904041394,7.829613208770752,4450000,0.0,0.0
2010-12-29 00:00:00+08:00,7.802892654801447,7.802892654801447,7.669281482696532,7.669281482696533,4367000,0.0,0.0
2010-12-30 00:00:00+08:00,7.722723515814245,7.989945786324676,7.696001186825995,7.963223457336426,7710000,0.0,0.0
2010-12-31 00:00:00+08:00,8.016667874868912,8.257167809177774,7.909779071807862,7.909779071807861,11402000,0.0,0.0
2011-01-03 00:00:00+08:00,8.016669023186198,8.07011368721521,7.802891386442336,7.829613208770752,3718000,0.0,0.0
2011-01-04 00:00:00+08:00,7.856334851370896,8.070112979041246,7.829612521701346,8.016668319702148,6048000,0.0,0.0
2011-01-05 00:00:00+08:00,8.07011185348629,8.07011185348629,7.696000309662787,7.749444961547852,6386000,0.0,0.0
2011-01-06 00:00:00+08:00,7.802890537749309,7.90977934449532,7.749445879533287,7.856334686279297,2574000,0.0,0.0
2011-01-07 00:00:00+08:00,7.909779141620764,8.20372373489756,7.909779141620764,8.043390274047852,11164000,0.0,0.0
2011-01-10 00:00:00+08:00,8.177001147538466,8.497667549397502,8.043390019342366,8.444223403930664,20826000,0.0,0.0
2011-01-11 00:00:00+08:00,8.604555870321065,8.711444148964347,8.39077778397666,8.551111221313477,19431000,0.0,0.0
2011-01-12 00:00:00+08:00,8.71144550184632,8.71144550184632,8.444223744366852,8.52439022064209,20915000,0.0,0.0
2011-01-13 00:00:00+08:00,8.6580042531825,8.711447905866322,8.310614904189825,8.39078140258789,13516000,0.0,0.0
2011-01-14 00:00:00+08:00,8.444224399773118,8.47094673050095,8.283890925092185,8.337335586547852,6265000,0.0,0.0
2011-01-17 00:00:00+08:00,8.417500108480453,8.631277685138912,8.39077778397666,8.551111221313477,11810000,0.0,0.0
2011-01-18 00:00:00+08:00,8.577835708774044,8.631280374433677,8.444225063997177,8.497669219970703,11685000,0.0,0.0
2011-01-19 00:00:00+08:00,8.631279529394495,9.032112953540112,8.551113048439795,8.764890670776367,25778000,0.0,0.0
2011-01-20 00:00:00+08:00,8.764890536548972,8.81833519615768,8.52439058768188,8.738168716430664,13492000,0.0,0.0
2011-01-21 00:00:00+08:00,8.577835708774044,8.658003216949599,8.497669219970703,8.497669219970703,10253000,0.0,0.0
2011-01-24 00:00:00+08:00,8.604556294403274,8.791612065463072,8.551111642761624,8.658000946044922,8617000,0.0,0.0
2011-01-25 00:00:00+08:00,8.738168850248838,8.818335331203539,8.658002369294136,8.764890670776367,7093000,0.0,0.0
2011-01-26 00:00:00+08:00,8.818333881597924,8.871778533239574,8.631278110538126,8.658000946044922,7857000,0.0,0.0
2011-01-27 00:00:00+08:00,8.764890124757633,8.791612962992545,8.524390187189692,8.631278991699219,8941000,0.0,0.0
2011-01-28 00:00:00+08:00,8.65800110672921,8.925223350524902,8.631278270726463,8.925223350524902,20751000,0.0,0.0
2011-02-08 00:00:00+08:00,9.032112994074636,9.299335278037626,8.84505719142612,9.245890617370605,18879000,0.0,0.0
2011-02-09 00:00:00+08:00,9.245889227582163,9.245889227582163,8.925223350524902,8.925223350524902,11332000,0.0,0.0
2011-02-10 00:00:00+08:00,8.925224445163762,9.005390924260137,8.658002168594454,8.711445808410645,15666000,0.0,0.0
2011-02-11 00:00:00+08:00,8.711444578314627,8.845055697732777,8.5243893169408,8.658000946044922,14480000,0.0,0.0
2011-02-14 00:00:00+08:00,9.085556567762309,9.112278385212813,8.8717789700423,8.978667259216309,8314000,0.0,0.0
2011-02-15 00:00:00+08:00,9.112279846040066,9.593280792236328,8.925225055155028,9.593280792236328,28771000,0.0,0.0
2011-02-16 00:00:00+08:00,9.700169098546041,9.780335583121365,9.513113288288846,9.593280792236328,18940000,0.0,0.0
2011-02-17 00:00:00+08:00,9.700168553368385,9.700168553368385,9.326057973252253,9.45966911315918,11689000,0.0,0.0
2011-02-18 00:00:00+08:00,9.620001183291794,9.860501620622891,9.539834710638763,9.700167655944824,17720000,0.0,0.0
2011-02-21 00:00:00+08:00,9.726890763841714,9.726890763841714,9.513112138320066,9.539834976196289,5516000,0.0,0.0
2011-02-22 00:00:00+08:00,9.112278193834321,9.352778623325774,9.085556376945037,9.165722846984863,9790000,0.0,0.0
2011-02-23 00:00:00+08:00,9.139002690436529,9.379502144249079,8.711446406927289,8.871780395507812,9761000,0.0,0.0
2011-02-24 00:00:00+08:00,8.925224438656308,9.112279216620772,8.871779779506996,8.951946258544922,6939000,0.0,0.0
2011-02-25 00:00:00+08:00,9.058835583448417,9.085557403356512,8.497668191029614,8.711445808410645,16527000,0.0,0.0
2011-03-01 00:00:00+08:00,8.79161184382806,9.112277706850135,8.604556077483904,9.058834075927734,11529000,0.0,0.0
2011-03-02 00:00:00+08:00,9.005391339234682,9.005391339234682,8.791613712002635,8.81833553314209,9634000,0.0,0.0
2011-03-03 00:00:00+08:00,8.9252236243153,9.032111913489308,8.8183343157693,8.978667259216309,9893000,0.0,0.0
2011-03-04 00:00:00+08:00,9.085555817768972,9.13900046763023,8.978666518046456,9.032111167907715,9693000,0.0,0.0
2011-03-07 00:00:00+08:00,9.032112043761355,9.032112043761355,8.764889787914145,8.79161262512207,6525000,0.0,0.0
2011-03-08 00:00:00+08:00,8.711446010349198,8.978668293112941,8.711446010349198,8.764890670776367,8194000,0.0,0.0
2011-03-09 00:00:00+08:00,8.551113046993766,8.658002367830033,8.177001953125,8.177001953125,31862000,0.0,0.0
2011-03-10 00:00:00+08:00,8.070112602470473,8.123556749629696,7.8296121563528995,8.043390274047852,15491000,0.0,0.0
2011-03-11 00:00:00+08:00,7.909779274512207,8.310612678527832,7.883056945640626,8.310612678527832,5806000,0.0,0.0
2011-03-14 00:00:00+08:00,8.310612714811606,8.364056863102073,7.802890502778994,7.963223457336426,7868000,0.0,0.0
2011-03-15 00:00:00+08:00,7.909780144985871,7.909780144985871,7.428779701421261,7.455502033233643,10492000,0.0,0.0
2011-03-16 00:00:00+08:00,7.4822250539492146,7.642558549899638,7.268447399139404,7.268447399139404,7781000,0.0,0.0
2011-03-17 00:00:00+08:00,7.161558062048366,7.295169223726031,7.081391568916221,7.268447399139404,9719000,0.0,0.0
2011-03-18 00:00:00+08:00,7.321889400482179,7.455500522789102,7.188278278175256,7.321889400482178,7566000,0.0,0.0
2011-03-21 00:00:00+08:00,7.375334028606911,7.428778171539306,7.295167049679347,7.428778171539307,5013000,0.0,0.0
2011-03-22 00:00:00+08:00,7.4822229804521925,7.749445229754056,7.428778326717422,7.696000576019287,7768000,0.0,0.0
2011-03-23 00:00:00+08:00,7.696000309662787,7.749444961547852,7.535667373379542,7.749444961547852,4426000,0.0,0.0
2011-03-24 00:00:00+08:00,7.883056640625,7.883056640625,7.69600085544763,7.883056640625,3254000,0.0,0.0
2011-03-25 00:00:00+08:00,7.909778681272373,7.96322282532115,7.615834105103124,7.696000576019287,5795000,0.0,0.0
2011-03-28 00:00:00+08:00,7.69600122643341,7.69600122643341,7.508945941925049,7.508945941925049,4270000,0.0,0.0
2011-03-29 00:00:00+08:00,7.482222824157682,7.5623892933992645,7.321889375988535,7.428778171539307,7367000,0.0,0.0
2011-03-30 00:00:00+08:00,7.455501384644865,7.56239019290955,7.428779055157183,7.53566837310791,2426000,0.0,0.0
2011-03-31 00:00:00+08:00,7.535667207778455,7.642555999513661,7.482222557067871,7.482222557067871,2703000,0.0,0.0
2011-04-01 00:00:00+08:00,7.482222466084142,7.829611162420808,7.482222466084142,7.802889347076416,5656000,0.0,0.0
2011-04-06 00:00:00+08:00,7.909780204814267,7.909780204814267,7.696002058384314,7.829613208770752,4289000,0.0,0.0
2011-04-07 00:00:00+08:00,7.829613208770751,7.856335540785257,7.72272439039882,7.829613208770752,1798000,0.0,0.0
2011-04-08 00:00:00+08:00,7.829611162420808,7.856333487451157,7.7494446970157185,7.802889347076416,2100000,0.0,0.0
2011-04-11 00:00:00+08:00,7.802889347076416,7.802889347076416,7.722722371985369,7.802889347076416,1456000,0.0,0.0
2011-04-12 00:00:00+08:00,7.802892654801447,7.802892654801447,7.589114473621881,7.669281482696533,1414000,0.0,0.0
2011-04-13 00:00:00+08:00,7.615835467586868,7.642557799234915,7.535668982328807,7.5623908042907715,2028000,0.0,0.0
2011-04-14 00:00:00+08:00,7.562389451368355,7.696000576019286,7.562389451368355,7.696000576019287,1898000,0.0,0.0
2011-04-15 00:00:00+08:00,7.7494449848969325,7.7494449848969325,7.642556190490722,7.642556190490723,2245000,0.0,0.0
2011-04-18 00:00:00+08:00,7.642557419275501,7.642557419275501,7.508946277363992,7.589112758636475,915000,0.0,0.0
2011-04-19 00:00:00+08:00,7.535667207778455,7.535667207778455,7.375333765332665,7.482222557067871,3438000,0.0,0.0
2011-04-20 00:00:00+08:00,7.508945070061465,7.642556190490722,7.508945070061465,7.642556190490723,1968000,0.0,0.0
2011-04-21 00:00:00+08:00,7.776168561187009,7.776168561187009,7.589112758636475,7.589112758636475,1792000,0.0,0.0
2011-04-22 00:00:00+08:00,7.589112522397232,7.615834851884914,7.508946043620229,7.53566837310791,1440000,0.0,0.0
2011-04-25 00:00:00+08:00,7.5623908042907715,7.642557799234915,7.50894665068076,7.5623908042907715,773000,0.0,0.0
2011-04-26 00:00:00+08:00,7.5356686076835055,7.589112758636475,7.482223947044479,7.589112758636475,1091000,0.0,0.0
2011-04-27 00:00:00+08:00,7.669278231610628,7.883055812481507,7.642555906580279,7.802889347076416,5971000,0.0,0.0
2011-04-28 00:00:00+08:00,7.856333487451157,7.936500462542204,7.802889347076416,7.802889347076416,3312000,0.0,0.0
2011-04-29 00:00:00+08:00,7.802890537749309,7.856334686279297,7.776168208641297,7.856334686279297,2298000,0.0,0.0
2011-05-03 00:00:00+08:00,7.829612087247563,7.936501399994628,7.642556809312231,7.909779071807861,3809000,0.0,0.0
2011-05-04 00:00:00+08:00,7.963223225231079,8.25716781616211,7.776167947137528,8.25716781616211,9077000,0.0,0.0
2011-05-05 00:00:00+08:00,8.28389014437148,8.36405661931357,8.09683435659191,8.25716781616211,5969000,0.0,0.0
2011-05-06 00:00:00+08:00,8.203723669429388,8.28389014437148,8.043390209859188,8.25716781616211,4931000,0.0,0.0
2011-05-09 00:00:00+08:00,8.123557090759277,8.28389055834181,7.963223623176742,8.123557090759277,3670000,0.0,0.0
2011-05-10 00:00:00+08:00,8.123557510294466,8.123557510294466,7.989946365356446,7.989946365356445,1854000,0.0,0.0
2011-05-11 00:00:00+08:00,8.016668115312925,8.070112773289425,7.802890502778994,7.963223457336426,1890000,0.0,0.0
2011-05-12 00:00:00+08:00,7.936500164274786,8.070111274719238,7.856333192196553,8.070111274719238,3037000,0.0,0.0
2011-05-13 00:00:00+08:00,8.150277737111534,8.150277737111534,7.989944302641004,8.070111274719238,1706000,0.0,0.0
2011-05-16 00:00:00+08:00,8.070112773289425,8.070112773289425,7.90977930904596,7.963223457336426,2292000,0.0,0.0
2011-05-17 00:00:00+08:00,7.856336817831708,7.963225653578405,7.669281482696532,7.669281482696533,4781000,0.0,0.0
2011-05-18 00:00:00+08:00,7.6158338644676755,7.7494449848969325,7.562389212421582,7.642556190490723,3532000,0.0,0.0
2011-05-19 00:00:00+08:00,7.589111256519581,7.802889347076416,7.589111256519581,7.802889347076416,1750000,0.0,0.0
2011-05-20 00:00:00+08:00,7.856334027537604,7.856334027537604,7.696000576019286,7.696000576019287,1011000,0.0,0.0
2011-05-23 00:00:00+08:00,7.642557419275501,7.69600157022847,7.5356686076835055,7.589112758636475,2211000,0.0,0.0
2011-05-24 00:00:00+08:00,7.535668266041265,7.856334686279297,7.535668266041265,7.856334686279297,1635000,0.0,0.0
2011-05-25 00:00:00+08:00,7.802889347076416,7.829611162420808,7.69600004695502,7.802889347076416,2750000,0.0,0.0
2011-05-26 00:00:00+08:00,7.856334851370896,8.016668319702148,7.802890701717842,8.016668319702148,3079000,0.0,0.0
2011-05-27 00:00:00+08:00,8.07011489930946,8.55111490907019,7.963225555197147,8.39078140258789,10391000,0.0,0.0
2011-05-30 00:00:00+08:00,8.551112850217894,8.791613306879107,8.497668191029614,8.711445808410645,11849000,0.0,0.0
2011-05-31 00:00:00+08:00,8.711446296015145,8.764890958194876,8.551113328848102,8.604557991027832,12119000,0.0,0.0
2011-06-01 00:00:00+08:00,8.604555870321065,8.604555870321065,8.497666572305889,8.551111221313477,2632000,0.0,0.0
2011-06-02 00:00:00+08:00,8.497667549397502,8.551112204550343,8.283889948158144,8.444223403930664,2063000,0.0,0.0
2011-06-03 00:00:00+08:00,8.497667926182787,8.524390254944073,8.31061264422585,8.417501449584961,2401000,0.0,0.0
2011-06-07 00:00:00+08:00,8.524392573042112,8.524392573042112,8.283892568161747,8.39078140258789,1640000,0.0,0.0
2011-06-08 00:00:00+08:00,8.39077953481501,8.444224194974478,8.283890724182129,8.283890724182129,1459000,0.0,0.0
2011-06-09 00:00:00+08:00,8.177000627918078,8.337334073501957,8.177000627918078,8.203722953796387,1660000,0.0,0.0
2011-06-10 00:00:00+08:00,8.28388942174534,8.41750054145091,8.203722953796387,8.203722953796387,1709000,0.0,0.0
2011-06-13 00:00:00+08:00,8.123556571791612,8.177001227466864,7.829611984949748,7.883056640625,3088000,0.0,0.0
2011-06-14 00:00:00+08:00,7.936500164274786,8.150277737111534,7.936500164274786,8.070111274719238,1604000,0.0,0.0
2011-06-15 00:00:00+08:00,8.070112602470473,8.096834421207074,7.963223288779987,8.043390274047852,1030000,0.0,0.0
2011-06-16 00:00:00+08:00,7.963223660363049,8.1770017880334,7.936501840379544,8.016668319702148,1680000,0.0,0.0
2011-06-17 00:00:00+08:00,8.123557128694301,8.123557128694301,7.989945990032598,8.016668319702148,1636000,0.0,0.0
2011-06-20 00:00:00+08:00,8.016668696281265,8.0701133581309,7.883057551343243,7.989946365356445,1015000,0.0,0.0
2011-06-21 00:00:00+08:00,8.01666815124133,8.09683462887933,7.749445879533287,7.856334686279297,2957000,0.0,0.0
2011-06-22 00:00:00+08:00,7.936501638034209,7.989945786324676,7.85633465106946,7.963223457336426,1005000,0.0,0.0
2011-06-23 00:00:00+08:00,7.883055812481507,7.909778137511855,7.7494446970157185,7.802889347076416,1874000,0.0,0.0
2011-06-24 00:00:00+08:00,7.802889883488826,7.883056354404988,7.696000576019286,7.696000576019287,3345000,0.0,0.0
2011-06-27 00:00:00+08:00,7.562391146896077,7.776169300079347,7.562391146896077,7.776169300079346,1177000,0.0,0.0
2011-06-28 00:00:00+08:00,7.802890268746813,7.9632232184953775,7.776167940560047,7.909779071807861,1638000,0.0,0.0
2011-06-29 00:00:00+08:00,7.989945822133319,8.01666815124133,7.856334686279297,7.856334686279297,1193000,0.0,0.0
2011-06-30 00:00:00+08:00,7.8563352204184245,7.989946365356446,7.8563352204184245,7.989946365356445,2232000,0.0,0.0
2011-07-01 00:00:00+08:00,8.016667881649818,8.337334800790218,7.963223225231079,8.25716781616211,4321000,0.0,0.0
2011-07-04 00:00:00+08:00,8.257168228797047,8.28389055834181,8.123557090759277,8.123557090759277,2397000,0.0,0.0
2011-07-05 00:00:00+08:00,8.016668696281265,8.043391027206082,7.963224034431628,7.989946365356445,2475000,0.0,0.0
2011-07-06 00:00:00+08:00,7.989944302641004,8.123555413085455,7.963221978614927,8.070111274719238,1486000,0.0,0.0
2011-07-07 00:00:00+08:00,8.016668696281265,8.016668696281265,7.989946365356446,7.989946365356445,2302000,0.0,0.0
2011-07-08 00:00:00+08:00,7.985139482575381,8.179898658566545,7.985139482575381,8.15207576751709,2547000,0.59136,0.0
2011-07-11 00:00:00+08:00,8.152074111270815,8.152074111270815,8.040783100361356,8.096428871154785,779000,0.0,0.0
2011-07-12 00:00:00+08:00,8.06860571463233,8.06860571463233,7.790377931369147,7.873846054077148,2130000,0.0,0.0
2011-07-13 00:00:00+08:00,7.873846054077149,7.985137591924328,7.790377931369147,7.873846054077148,2402000,0.0,0.0
2011-07-14 00:00:00+08:00,7.985138419290261,7.985138419290261,7.790378738555402,7.846024513244629,1874000,0.0,0.0
2011-07-15 00:00:00+08:00,7.846022489313704,8.068604469299316,7.818199609146178,8.068604469299316,3035000,0.0,0.0
2011-07-18 00:00:00+08:00,8.068606462430534,8.068606462430534,7.90166967086545,7.957315444946289,895000,0.0,0.0
2011-07-19 00:00:00+08:00,8.068606770242958,8.068606770242958,7.873847084207493,8.040783882141113,2522000,0.0,0.0
2011-07-20 00:00:00+08:00,8.12425254644665,8.12425254644665,7.985138636614875,8.040783882141113,2160000,0.0,0.0
2011-07-21 00:00:00+08:00,8.06860637664795,8.06860637664795,7.901669586857679,7.929492473602295,1408000,0.0,0.0
2011-07-22 00:00:00+08:00,7.929492473602295,7.985138247091527,7.901669586857679,7.929492473602295,1836000,0.0,0.0
2011-07-25 00:00:00+08:00,7.929492473602295,7.957315360346911,7.790378570556641,7.929492473602295,1442000,0.0,0.0
2011-07-26 00:00:00+08:00,7.957315444946289,7.9851383319867075,7.790378653381206,7.957315444946289,2485000,0.0,0.0
2011-07-27 00:00:00+08:00,7.92949255790587,7.957315444946289,7.846024427462043,7.957315444946289,682000,0.0,0.0
2011-07-28 00:00:00+08:00,7.901668938538944,7.929491823000738,7.846023700292736,7.873846054077148,1293000,0.0,0.0
2011-07-29 00:00:00+08:00,7.873847090969719,7.901669979095459,7.595619271067221,7.901669979095459,4068000,0.0,0.0
2011-08-01 00:00:00+08:00,7.901668938538944,7.957314707462533,7.762555046907352,7.873846054077148,1256000,0.0,0.0
2011-08-02 00:00:00+08:00,7.790378570556641,7.790378570556641,7.400859748164294,7.512150764465332,5108000,0.0,0.0
2011-08-03 00:00:00+08:00,7.456505167416816,7.456505167416816,7.011341091678898,7.150454998016357,8382000,0.0,0.0
2011-08-04 00:00:00+08:00,7.122631443826805,7.1504543286251385,6.705289763883953,6.816580772399902,8434000,0.0,0.0
2011-08-05 00:00:00+08:00,6.482707496747265,6.566176154754805,6.343593597412109,6.343593597412109,6327000,0.0,0.0
2011-08-08 00:00:00+08:00,6.148836581330405,6.232304737500927,5.92625394707969,5.981899738311768,6869000,0.0,0.0
2011-08-09 00:00:00+08:00,5.564556289349687,5.787138328652698,5.564556289349687,5.62020206451416,8208000,0.0,0.0
2011-08-10 00:00:00+08:00,5.981897440541277,6.009720325469971,5.787137776717814,6.009720325469971,10216000,0.0,0.0
2011-08-11 00:00:00+08:00,5.703670024871826,5.926252057473903,5.592379008570788,5.8427839279174805,13716000,0.0,0.0
2011-08-12 00:00:00+08:00,5.92625099932896,6.09318775931231,5.7593147700229395,5.81496000289917,13809000,0.0,0.0
2011-08-15 00:00:00+08:00,6.121011334507353,6.148834219436046,5.92625167068389,6.009720325469971,15778000,0.0,0.0
2011-08-16 00:00:00+08:00,6.06536660953255,6.093189499254302,5.9540755813230275,6.037544250488281,7400000,0.0,0.0
2011-08-17 00:00:00+08:00,6.009721654042551,6.204480830244145,5.981898762963035,6.1210126876831055,8187000,0.0,0.0
2011-08-18 00:00:00+08:00,5.95407587188352,6.148835578762622,5.95407587188352,6.1210126876831055,6914000,0.0,0.0
2011-08-19 00:00:00+08:00,5.7593147700229395,5.92625099932896,5.7593147700229395,5.81496000289917,3930000,0.0,0.0
2011-08-22 00:00:00+08:00,5.814960392030996,5.870606159308321,5.64802362087639,5.787137508392334,4244000,0.0,0.0
2011-08-23 00:00:00+08:00,5.787139999677091,5.981899738311768,5.787139999677091,5.981899738311768,3249000,0.0,0.0
2011-08-24 00:00:00+08:00,6.009722633927806,6.065367894482289,5.92625394707969,5.981899738311768,2793000,0.0,0.0
2011-08-25 00:00:00+08:00,6.037545529543845,6.037545529543845,5.954076842695729,5.981899738311768,3542000,0.0,0.0
2011-08-26 00:00:00+08:00,5.954074774225399,5.981897660175651,5.8706066470520515,5.9262518882751465,1551000,0.0,0.0
2011-08-29 00:00:00+08:00,5.954074555612584,6.037543210398664,5.92625167068389,6.009720325469971,1710000,0.0,0.0
2011-08-30 00:00:00+08:00,6.121011170008606,6.2044792918741365,6.037543048143076,6.093188285827637,2922000,0.0,0.0
2011-08-31 00:00:00+08:00,6.065366043970523,6.148834705352784,6.009720800393116,6.148834705352783,2769000,0.0,0.0
2011-09-01 00:00:00+08:00,6.176657669403728,6.538353614532418,6.176657669403728,6.454885482788086,6944000,0.0,0.0
2011-09-02 00:00:00+08:00,6.427062595314163,6.566176502006342,6.343593932892391,6.454885482788086,3811000,0.0,0.0
2011-09-05 00:00:00+08:00,6.343592960933319,6.343592960933319,6.148833839811532,6.176656723022461,2154000,0.0,0.0
2011-09-06 00:00:00+08:00,6.09318844957866,6.204479458616042,5.981897440541277,6.009720325469971,2342000,0.0,0.0
2011-09-07 00:00:00+08:00,6.065366422521766,6.260126113891602,6.065366422521766,6.260126113891602,2395000,0.0,0.0
2011-09-08 00:00:00+08:00,6.287949002755502,6.399240027533637,6.232303225027701,6.260126113891602,3521000,0.0,0.0
2011-09-09 00:00:00+08:00,6.260125721279486,6.343593851958906,6.204479947041585,6.2879486083984375,1814000,0.0,0.0
2011-09-13 00:00:00+08:00,6.148833839811532,6.2323019587669615,6.148833839811532,6.176656723022461,1379000,0.0,0.0
2011-09-14 00:00:00+08:00,6.232304737500927,6.232304737500927,5.92625394707969,5.981899738311768,2135000,0.0,0.0
2011-09-15 00:00:00+08:00,6.009721165520046,6.399240016937256,6.009721165520046,6.399240016937256,2814000,0.0,0.0
2011-09-16 00:00:00+08:00,6.399239373079861,6.510530386476202,6.3435936010429845,6.482707500457764,4405000,0.0,0.0
2011-09-19 00:00:00+08:00,6.45488473210146,6.45488473210146,6.232302188873292,6.232302188873291,1444000,0.0,0.0
2011-09-20 00:00:00+08:00,6.232302188873292,6.343593195148687,6.204479304635099,6.232302188873291,1985000,0.0,0.0
2011-09-21 00:00:00+08:00,6.2323032147077475,6.399240016937256,6.2323032147077475,6.399240016937256,3063000,0.0,0.0
2011-09-22 00:00:00+08:00,6.287948835576111,6.34359408114699,6.204480171203613,6.204480171203613,2158000,0.0,0.0
2011-09-23 00:00:00+08:00,6.037543687520537,6.148834705352784,5.981897913265696,6.148834705352783,2290000,0.0,0.0
2011-09-26 00:00:00+08:00,6.121012388976053,6.1488352786978036,5.898430332557007,6.037544250488281,1951000,0.0,0.0
2011-09-27 00:00:00+08:00,6.065366905524074,6.1210126876831055,6.009721654042551,6.1210126876831055,3066000,0.0,0.0
2011-09-28 00:00:00+08:00,6.1488352786978036,6.1488352786978036,5.9540755813230275,6.037544250488281,2472000,0.0,0.0
2011-09-29 00:00:00+08:00,6.009720325469971,6.009720325469971,5.92625167068389,6.009720325469971,1839000,0.0,0.0
2011-09-30 00:00:00+08:00,6.009720325469971,6.09318844957866,5.92625167068389,6.009720325469971,2183000,0.0,0.0
2011-10-03 00:00:00+08:00,5.898429533002304,5.954074774225399,5.787137989201294,5.9262518882751465,1547000,0.0,0.0
2011-10-04 00:00:00+08:00,5.8706066470520515,5.9262518882751465,5.787137989201294,5.9262518882751465,1627000,0.0,0.0
2011-10-05 00:00:00+08:00,5.89842882821292,5.9262511801613345,5.731492063135696,5.870605945587158,2631000,0.0,0.0
2011-10-06 00:00:00+08:00,5.898428672836455,6.009719669730527,5.898428672836455,5.954073905944824,2226000,0.0,0.0
2011-10-07 00:00:00+08:00,6.009719669730527,6.037542551623378,5.9262510240519735,5.954073905944824,2144000,0.0,0.0
2011-10-11 00:00:00+08:00,6.037542551623378,6.065364902838896,5.954073905944824,5.954073905944824,3161000,0.0,0.0
2011-10-12 00:00:00+08:00,5.981896787837676,6.009719669730527,5.9262510240519735,5.954073905944824,1510000,0.0,0.0
2011-10-13 00:00:00+08:00,5.9540760776846735,6.009721861767088,5.842785040197372,5.898430824279785,1589000,0.0,0.0
2011-10-14 00:00:00+08:00,5.898429701406712,5.898429701406712,5.8427839279174805,5.8427839279174805,1343000,0.0,0.0
2011-10-17 00:00:00+08:00,5.8706066470520515,5.981897660175651,5.8706066470520515,5.9262518882751465,2020000,0.0,0.0
2011-10-18 00:00:00+08:00,5.787137508392334,5.926251395908278,5.787137508392334,5.787137508392334,1695000,0.0,0.0
2011-10-19 00:00:00+08:00,5.787137297709872,5.954074062787096,5.787137297709872,5.870605945587158,2047000,0.0,0.0
2011-10-20 00:00:00+08:00,5.814960392030996,5.898429042946983,5.731492271792376,5.787137508392334,1890000,0.0,0.0
2011-10-21 00:00:00+08:00,5.731492271792376,5.814960392030996,5.731492271792376,5.787137508392334,1780000,0.0,0.0
2011-10-24 00:00:00+08:00,5.8427839279174805,5.926252057473903,5.7871381544282485,5.8427839279174805,2451000,0.0,0.0
2011-10-25 00:00:00+08:00,5.87060576645273,5.92625099932896,5.814960002899169,5.81496000289917,2295000,0.0,0.0
2011-10-26 00:00:00+08:00,5.7593147700229395,5.814960002899169,5.7593147700229395,5.81496000289917,2086000,0.0,0.0
2011-10-27 00:00:00+08:00,5.842785040197372,5.898430824279786,5.814962148156164,5.898430824279785,2720000,0.0,0.0
2011-10-28 00:00:00+08:00,6.009720163962107,6.2044792918741365,5.954074395600168,6.093188285827637,8726000,0.0,0.0
2011-10-31 00:00:00+08:00,5.981897440541277,6.09318844957866,5.92625167068389,6.009720325469971,3449000,0.0,0.0
2011-11-01 00:00:00+08:00,5.981897279781138,6.232302176055105,5.954074395600168,6.093188285827637,4179000,0.0,0.0
2011-11-02 00:00:00+08:00,5.981897071223317,6.176656723022462,5.954074188012388,6.176656723022461,2667000,0.0,0.0
2011-11-03 00:00:00+08:00,6.176658469842137,6.23230372132366,6.065366905524074,6.1210126876831055,3258000,0.0,0.0
2011-11-04 00:00:00+08:00,6.232302295792714,6.538352966308593,6.232302295792714,6.538352966308594,10505000,0.0,0.0
2011-11-07 00:00:00+08:00,6.593999613901472,6.677467748486571,6.510530948638916,6.510530948638916,6336000,0.0,0.0
2011-11-08 00:00:00+08:00,6.5105299212229575,6.733112462786935,6.454884683839993,6.62182092666626,4010000,0.0,0.0
2011-11-09 00:00:00+08:00,6.5383539303489355,6.621822066124957,6.399240016937256,6.399240016937256,6095000,0.0,0.0
2011-11-10 00:00:00+08:00,6.287948835576111,6.34359408114699,6.148834925632734,6.204480171203613,2551000,0.0,0.0
2011-11-11 00:00:00+08:00,6.2879486083984375,6.315771495517389,6.204479947041585,6.2879486083984375,3021000,0.0,0.0
2011-11-14 00:00:00+08:00,6.3435941571358105,6.538353845660511,6.315771799355818,6.371417045593262,2724000,0.0,0.0
2011-11-15 00:00:00+08:00,6.371417037212112,6.593999613901472,6.371417037212112,6.510530948638916,3777000,0.0,0.0
2011-11-16 00:00:00+08:00,6.649644633750673,6.649644633750673,6.3992397078402385,6.454885482788086,4079000,0.0,0.0
2011-11-17 00:00:00+08:00,6.371416483414623,6.482707496747265,6.287948356084494,6.343593597412109,3437000,0.0,0.0
2011-11-18 00:00:00+08:00,6.232303059327779,6.315771723700276,6.065366261260237,6.204480171203613,3742000,0.0,0.0
2011-11-21 00:00:00+08:00,6.065365787348998,6.176657331150008,5.842783761101799,5.9262518882751465,5437000,0.0,0.0
2011-11-22 00:00:00+08:00,5.954074555612584,6.009720325469971,5.8149606616465075,6.009720325469971,3378000,0.0,0.0
2011-11-23 00:00:00+08:00,6.093188847264173,6.121011734008789,5.8427839279174805,5.8427839279174805,2905000,0.0,0.0
2011-11-24 00:00:00+08:00,5.787137508392334,5.8427832756696585,5.731492271792376,5.787137508392334,1838000,0.0,0.0
2011-11-25 00:00:00+08:00,5.787137508392334,5.8427832756696585,5.620201267915094,5.787137508392334,1740000,0.0,0.0
2011-11-28 00:00:00+08:00,5.8427839279174805,5.981897830963135,5.7871381544282485,5.8427839279174805,3298000,0.0,0.0
2011-11-29 00:00:00+08:00,5.898429701406712,6.037543604452367,5.8427839279174805,5.8427839279174805,8695000,0.0,0.0
2011-11-30 00:00:00+08:00,5.84278342867473,5.926251551099131,5.436571121215819,5.43657112121582,42415000,0.0,0.0
2011-12-01 00:00:00+08:00,5.731492271792376,5.814960392030996,5.269634207693631,5.787137508392334,24983000,0.0,0.0
2011-12-02 00:00:00+08:00,5.703670024871826,5.8427839279174805,5.564556121826172,5.703670024871826,8712000,0.0,0.0
2011-12-05 00:00:00+08:00,5.648024421418955,5.7593159717479026,5.62020206451416,5.62020206451416,5759000,0.0,0.0
2011-12-06 00:00:00+08:00,5.620201501126185,5.7036696248283265,5.564555731539831,5.592378616333008,4717000,0.0,0.0
2011-12-07 00:00:00+08:00,5.648024251382594,5.703670024871826,5.564556121826172,5.703670024871826,2456000,0.0,0.0
2011-12-08 00:00:00+08:00,5.703670024871826,5.703670024871826,5.4810879922697495,5.564556121826172,3030000,0.0,0.0
2011-12-09 00:00:00+08:00,5.397619812055667,5.536733727472965,5.369796922836713,5.431007385253906,4050000,0.0,0.0
2011-12-12 00:00:00+08:00,5.4810875239324846,5.536732761989625,5.436571121215819,5.43657112121582,2040000,0.0,0.0
2011-12-13 00:00:00+08:00,5.431005940467847,5.481087021603624,5.35310197751471,5.419876575469971,1062000,0.0,0.0
2011-12-14 00:00:00+08:00,5.419877773368605,5.536733478287032,5.4087489365883705,5.497781753540039,1048000,0.0,0.0
2011-12-15 00:00:00+08:00,5.486652217963842,5.486652217963842,5.43100697441282,5.442135810852051,1184000,0.0,0.0
2011-12-16 00:00:00+08:00,5.486652055055923,5.558991347134066,5.442135649265899,5.531168460845947,1153000,0.0,0.0
2011-12-19 00:00:00+08:00,5.531168163652541,5.7036696248283265,5.531168163652541,5.592378616333008,4441000,0.0,0.0
2011-12-20 00:00:00+08:00,5.620201339383115,5.731492344675605,5.620201339383115,5.675846576690674,1795000,0.0,0.0
2011-12-21 00:00:00+08:00,5.8149601803356346,5.9262511801613345,5.759314945761457,5.870605945587158,3406000,0.0,0.0
2011-12-22 00:00:00+08:00,5.870606901314858,5.870606901314858,5.703670109060527,5.73149299621582,964000,0.0,0.0
2011-12-23 00:00:00+08:00,5.814960002899169,5.89842864822951,5.787137121122389,5.81496000289917,1811000,0.0,0.0
2011-12-26 00:00:00+08:00,5.89842882821292,5.89842882821292,5.787137297709872,5.870605945587158,1337000,0.0,0.0
2011-12-27 00:00:00+08:00,5.84278288467595,5.84278288467595,5.731491888246159,5.81496000289917,1067000,0.0,0.0
2011-12-28 00:00:00+08:00,5.7593147700229395,5.814960002899169,5.648023242915819,5.81496000289917,2244000,0.0,0.0
2011-12-29 00:00:00+08:00,5.703670024871826,5.8427839279174805,5.703670024871826,5.8427839279174805,1238000,0.0,0.0
2011-12-30 00:00:00+08:00,5.8149601803356346,5.870605945587157,5.759314945761457,5.870605945587158,1611000,0.0,0.0
2012-01-02 00:00:00+08:00,5.8149610411728645,5.8427839279174805,5.759315798361058,5.8427839279174805,1136000,0.0,0.0
2012-01-03 00:00:00+08:00,5.842783062961396,5.870605945587157,5.842783062961396,5.870605945587158,1379000,0.0,0.0
2012-01-04 00:00:00+08:00,5.7871392561149575,5.98189896972588,5.7871392561149575,5.898430824279785,1636000,0.0,0.0
2012-01-05 00:00:00+08:00,5.898429073151559,6.0653653144836435,5.870606189370422,6.065365314483643,1898000,0.0,0.0
2012-01-06 00:00:00+08:00,6.009720325469971,6.065365564649967,5.981897440541277,6.009720325469971,669000,0.0,0.0
2012-01-09 00:00:00+08:00,6.009720325469971,6.037543210398664,5.92625167068389,6.009720325469971,955000,0.0,0.0
2012-01-10 00:00:00+08:00,5.92625167068389,6.065365564649967,5.92625167068389,6.009720325469971,2584000,0.0,0.0
2012-01-11 00:00:00+08:00,5.9818984710447785,6.06536660953255,5.9540755813230275,6.037544250488281,1472000,0.0,0.0
2012-01-12 00:00:00+08:00,6.037544054337875,6.454885794572913,6.037544054337875,6.399240016937256,13158000,0.0,0.0
2012-01-13 00:00:00+08:00,6.399239626196809,6.427062513315759,6.204479947041585,6.2879486083984375,5946000,0.0,0.0
2012-01-16 00:00:00+08:00,6.287948692252444,6.371416824044967,6.204480029782481,6.315771579742432,4228000,0.0,0.0
2012-01-17 00:00:00+08:00,6.287948606567282,6.482707754988356,6.287948606567282,6.427062511444092,5529000,0.0,0.0
2012-01-18 00:00:00+08:00,6.427062595314163,6.48270783958457,6.343593932892391,6.454885482788086,6545000,0.0,0.0
2012-01-30 00:00:00+08:00,6.482706280868342,6.70528879646406,6.454883930761525,6.677465915679932,3811000,0.0,0.0
2012-01-31 00:00:00+08:00,6.677465915679932,6.844402669707392,6.649643034895803,6.677465915679932,3964000,0.0,0.0
2012-02-01 00:00:00+08:00,6.677467905298322,6.816581819992036,6.649645016224085,6.705290794372559,5050000,0.0,0.0
2012-02-02 00:00:00+08:00,6.760935012262125,6.983517560282817,6.733112658102254,6.955694675445557,8959000,0.0,0.0
2012-02-03 00:00:00+08:00,6.927871790608296,6.983517560282817,6.816580781936645,6.955694675445557,3334000,0.0,0.0
2012-02-06 00:00:00+08:00,6.95569410983923,7.011339874988883,6.927871227264404,6.927871227264404,3035000,0.0,0.0
2012-02-07 00:00:00+08:00,6.900049686431885,6.9556954624020815,6.844404441139138,6.900049686431885,2044000,0.0,0.0
2012-02-08 00:00:00+08:00,6.955695711482444,7.011341489445291,6.900049933519598,6.983518600463867,2075000,0.0,0.0
2012-02-09 00:00:00+08:00,7.066986819746908,7.066986819746908,6.927872903883081,7.011341571807861,1611000,0.0,0.0
2012-02-10 00:00:00+08:00,6.983518682499601,7.066986819746908,6.955695793191341,7.011341571807861,1785000,0.0,0.0
2012-02-13 00:00:00+08:00,7.011341571807861,7.011341571807861,6.927872903883081,7.011341571807861,1765000,0.0,0.0
2012-02-14 00:00:00+08:00,6.844404441139138,6.9556954624020815,6.844404441139138,6.900049686431885,2012000,0.0,0.0
2012-02-15 00:00:00+08:00,6.983519992070107,7.178279192394807,6.927874203018723,7.122633934020996,3402000,0.0,0.0
2012-02-16 00:00:00+08:00,7.150456828546688,7.400861817922773,7.094811039495304,7.122633934020996,6311000,0.0,0.0
2012-02-17 00:00:00+08:00,7.122633934020996,7.400861817922773,7.122633934020996,7.122633934020996,3188000,0.0,0.0
2012-02-20 00:00:00+08:00,7.48432796327422,7.51215085033688,7.317391171575692,7.400859832763672,3668000,0.0,0.0
2012-02-21 00:00:00+08:00,7.40086032035632,7.40086032035632,7.206100628763732,7.261746406555176,3670000,0.0,0.0
2012-02-22 00:00:00+08:00,7.122632110613377,7.261746016950837,7.122632110613377,7.150454998016357,4188000,0.0,0.0
2012-02-23 00:00:00+08:00,7.122632253359287,7.15045514131987,7.011341232194405,7.039163589477539,4000000,0.0,0.0
2012-02-24 00:00:00+08:00,7.122632253359287,7.178277498603004,6.927872568312656,7.039163589477539,2298000,0.0,0.0
2012-02-29 00:00:00+08:00,7.039163281839137,7.233922958374023,6.927872265538099,7.233922958374023,3041000,0.0,0.0
2012-03-01 00:00:00+08:00,7.233922871776233,7.233922871776233,7.039163197572829,7.066986083984375,1992000,0.0,0.0
2012-03-02 00:00:00+08:00,7.150456828546688,7.178279192394807,7.039165250443919,7.122633934020996,4326000,0.0,0.0
2012-03-05 00:00:00+08:00,7.066985532563891,7.261745191570651,7.066985532563891,7.178276538848877,7550000,0.0,0.0
2012-03-06 00:00:00+08:00,7.178276692788859,7.178276692788859,6.955694675445557,6.955694675445557,5429000,0.0,0.0
2012-03-07 00:00:00+08:00,6.844404054046843,7.122631856807468,6.844404054046843,7.066986083984375,1553000,0.0,0.0
2012-03-08 00:00:00+08:00,7.178277098953141,7.206099985364688,7.039163197572829,7.066986083984375,1145000,0.0,0.0
2012-03-09 00:00:00+08:00,7.066985693616552,7.12263146336587,7.039162808741892,7.094808578491211,2659000,0.0,0.0
2012-03-12 00:00:00+08:00,7.039162799279947,7.066985684117207,6.927871790608296,6.955694675445557,4876000,0.0,0.0
2012-03-13 00:00:00+08:00,6.955697097544415,7.122633934020996,6.955697097544415,7.122633934020996,2828000,0.0,0.0
2012-03-14 00:00:00+08:00,7.122631856807468,7.178277098953141,7.039163197572829,7.066986083984375,2265000,0.0,0.0
2012-03-15 00:00:00+08:00,7.066986083984375,7.122631856807468,7.039163197572829,7.066986083984375,1278000,0.0,0.0
2012-03-16 00:00:00+08:00,7.094811039495304,7.178279192394807,7.066988144969611,7.122633934020996,1790000,0.0,0.0
2012-03-19 00:00:00+08:00,7.122631942072985,7.400859748164294,7.122631942072985,7.233922958374023,3493000,0.0,0.0
2012-03-20 00:00:00+08:00,7.345213664688289,7.345213664688289,7.233922653084016,7.2895684242248535,2853000,0.0,0.0
2012-03-21 00:00:00+08:00,7.289570540803883,7.373038691073313,7.261747647154888,7.345215797424316,4200000,0.0,0.0
2012-03-22 00:00:00+08:00,7.345215217162234,7.5121520351908675,7.2895699649377,7.456506252288818,6220000,0.0,0.0
2012-03-23 00:00:00+08:00,7.456505567470297,7.456505567470297,7.233923517659454,7.261746406555176,4541000,0.0,0.0
2012-03-26 00:00:00+08:00,7.289567681563178,7.317390033621651,7.178276150619891,7.206099033355713,2571000,0.0,0.0
2012-03-27 00:00:00+08:00,7.261745845118639,7.289568731863255,7.1782771848847915,7.233922958374023,2151000,0.0,0.0
2012-03-28 00:00:00+08:00,7.233923517659454,7.289569295450899,7.206100628763732,7.261746406555176,797000,0.0,0.0
2012-03-29 00:00:00+08:00,7.206099985364688,7.233922871776233,7.0113408418387015,7.066986083984375,3304000,0.0,0.0
2012-03-30 00:00:00+08:00,6.955694684795305,7.345213481008364,6.955694684795305,7.094808578491211,3485000,0.0,0.0
2012-04-02 00:00:00+08:00,7.2895684242248535,7.373036550258708,7.1782768819431775,7.2895684242248535,2787000,0.0,0.0
2012-04-03 00:00:00+08:00,7.42868263490891,7.42868263490891,7.122631942072985,7.233922958374023,2123000,0.0,0.0
2012-04-05 00:00:00+08:00,7.12263084908622,7.373035730007614,7.03916220166086,7.317389965057373,2448000,0.0,0.0
2012-04-06 00:00:00+08:00,7.31739077911787,7.373036550258708,7.2895684242248535,7.2895684242248535,1036000,0.0,0.0
2012-04-09 00:00:00+08:00,7.2617447988273565,7.2617447988273565,7.150453798561418,7.206099033355713,771000,0.0,0.0
2012-04-10 00:00:00+08:00,7.317391171575692,7.428682719826332,7.317391171575692,7.400859832763672,1982000,0.0,0.0
2012-04-11 00:00:00+08:00,7.289570540803883,7.400861584722308,7.261747647154888,7.345215797424316,760000,0.0,0.0
2012-04-12 00:00:00+08:00,7.400858612482734,7.400858612482734,7.289567613259598,7.317389965057373,1684000,0.0,0.0
2012-04-13 00:00:00+08:00,7.400859130014797,7.790377919872968,7.400859130014797,7.734732151031494,5703000,0.0,0.0
2012-04-16 00:00:00+08:00,7.901669760332209,7.901669760332209,7.67908772284353,7.706910610198975,2279000,0.0,0.0
2012-04-17 00:00:00+08:00,7.790379235593593,7.790379235593593,7.456505627511451,7.5677971839904785,2078000,0.0,0.0
2012-04-18 00:00:00+08:00,7.679088209792036,7.790379235593593,7.456505627511451,7.5677971839904785,1261000,0.0,0.0
2012-04-19 00:00:00+08:00,7.623441867910088,7.623441867910088,7.373036945701012,7.400859832763672,1455000,0.0,0.0
2012-04-20 00:00:00+08:00,7.261744730784477,7.400858612482734,7.261744730784477,7.317389965057373,881000,0.0,0.0
2012-04-23 00:00:00+08:00,7.317392903775321,7.400861584722308,7.261747647154888,7.345215797424316,616000,0.0,0.0
2012-04-24 00:00:00+08:00,7.428682321399546,7.428682321399546,7.2895684242248535,7.2895684242248535,682000,0.0,0.0
2012-04-25 00:00:00+08:00,7.4286813735961905,7.4286813735961905,7.317389845513869,7.428681373596191,503000,0.0,0.0
2012-04-26 00:00:00+08:00,7.484327877720716,7.539973651209948,7.42868263490891,7.512150764465332,1088000,0.0,0.0
2012-04-27 00:00:00+08:00,7.567796537954564,7.818201457301257,7.512150764465332,7.512150764465332,2954000,0.0,0.0
2012-04-30 00:00:00+08:00,7.623442165974799,7.957315762425793,7.595619277824308,7.762556076049805,3858000,0.0,0.0
2012-05-02 00:00:00+08:00,7.95731519796152,8.29118824005127,7.929492311784688,8.29118824005127,10790000,0.0,0.0
2012-05-03 00:00:00+08:00,8.374657812022088,8.847644805908203,8.374657812022088,8.847644805908203,16626000,0.0,0.0
2012-05-04 00:00:00+08:00,8.9589357430329,8.9589357430329,8.652885044231633,8.680707931518555,8623000,0.0,0.0
2012-05-07 00:00:00+08:00,8.65288470472838,8.680707590923648,8.430302145843658,8.569416046142578,4651000,0.0,0.0
2012-05-08 00:00:00+08:00,8.569416696868682,8.625062473484729,8.346834651759414,8.48594856262207,6325000,0.0,0.0
2012-05-09 00:00:00+08:00,8.402479872185683,8.569416129628808,8.3190112127867,8.458125114440918,8701000,0.0,0.0
2012-05-10 00:00:00+08:00,8.625062303576133,8.652885191336061,8.402480262851599,8.430302619934082,11822000,0.0,0.0
2012-05-11 00:00:00+08:00,8.4024803661102,8.430302723534593,7.985138636614875,8.040783882141113,5991000,0.0,0.0
2012-05-14 00:00:00+08:00,8.096428338328467,8.40247899619632,8.068605454762777,8.346833229064941,5489000,0.0,0.0
2012-05-15 00:00:00+08:00,8.346835692816502,8.430303837473657,8.263367548159344,8.374658584594727,5426000,0.0,0.0
2012-05-16 00:00:00+08:00,8.374657238122367,8.513771143969326,8.346834350817488,8.402480125427246,7128000,0.0,0.0
2012-05-17 00:00:00+08:00,8.458126729251884,8.485949621030109,8.346835692816502,8.374658584594727,2825000,0.0,0.0
2012-05-18 00:00:00+08:00,8.291188234176312,8.291188234176312,7.873846533851785,8.012960433959961,3711000,0.0,0.0
2012-05-21 00:00:00+08:00,8.012959933884101,8.068605702725575,7.5677959058618365,7.734732151031494,5372000,0.0,0.0
2012-05-22 00:00:00+08:00,7.679087935444442,7.901669979095459,7.512151137367452,7.901669979095459,5119000,0.0,0.0
2012-05-23 00:00:00+08:00,7.846024344045873,7.846024344045873,7.595618894021754,7.790378570556641,1999000,0.0,0.0
2012-05-24 00:00:00+08:00,7.734732275062878,8.319010734558105,7.734732275062878,8.319010734558105,5965000,0.0,0.0
2012-05-25 00:00:00+08:00,8.402479872185683,8.65288478902779,8.179897311132484,8.458125114440918,7647000,0.0,0.0
2012-05-28 00:00:00+08:00,8.45812550769401,8.485948395453939,8.346834487331742,8.430302619934082,1571000,0.0,0.0
2012-05-29 00:00:00+08:00,8.458125369359568,8.569416387901647,8.319011463512611,8.402480125427246,3124000,0.0,0.0
2012-05-30 00:00:00+08:00,8.37465508978751,8.458123199612789,8.040781589131791,8.068604469299316,3469000,0.0,0.0
2012-05-31 00:00:00+08:00,7.846024344045873,8.625061988830566,7.846024344045873,8.625061988830566,7133000,0.0,0.0
2012-06-01 00:00:00+08:00,8.569416300493646,8.625062074535817,8.402480039721995,8.513771057128906,3852000,0.0,0.0
2012-06-04 00:00:00+08:00,8.235541219627176,8.346832209619983,7.929490599138984,8.068604469299316,4065000,0.0,0.0
2012-06-05 00:00:00+08:00,8.23554316643822,8.625061988830566,8.179897392948988,8.625061988830566,5673000,0.0,0.0
2012-06-06 00:00:00+08:00,8.680707590923648,8.736352832636767,8.34683401793527,8.569416046142578,2230000,0.0,0.0
2012-06-07 00:00:00+08:00,8.513769999781713,8.625061003367106,8.291187461933562,8.346833229064941,2751000,0.0,0.0
2012-06-08 00:00:00+08:00,8.51377039794898,8.652884291606062,8.235542610634813,8.319010734558105,3587000,0.0,0.0
2012-06-11 00:00:00+08:00,8.458124232650334,8.513769999781713,8.235542225479549,8.346833229064941,2171000,0.0,0.0
2012-06-12 00:00:00+08:00,8.2355447607622,8.346835798608137,8.124253722916265,8.263367652893066,1244000,0.0,0.0
2012-06-13 00:00:00+08:00,8.207719237888352,8.291187356850171,8.179896354675293,8.179896354675293,1722000,0.0,0.0
2012-06-14 00:00:00+08:00,8.179896354675293,8.291187356850171,8.124251118926532,8.179896354675293,1863000,0.0,0.0
2012-06-15 00:00:00+08:00,8.179898976500468,8.263367652893066,8.152076084369602,8.263367652893066,2227000,0.0,0.0
2012-06-18 00:00:00+08:00,8.374656504291895,8.45812462821519,8.179896840901023,8.319010734558105,2691000,0.0,0.0
2012-06-19 00:00:00+08:00,8.235542297363281,8.291187534302994,8.152073645937659,8.235542297363281,1249000,0.0,0.0
2012-06-20 00:00:00+08:00,8.235542225479549,8.40247899619632,8.20771934191386,8.346833229064941,2503000,0.0,0.0
2012-06-21 00:00:00+08:00,8.235542297363281,8.346833301920075,8.20771941355474,8.235542297363281,711000,0.0,0.0
2012-06-22 00:00:00+08:00,8.207719237888352,8.207719237888352,8.152073471462234,8.179896354675293,1166000,0.0,0.0
2012-06-25 00:00:00+08:00,8.12425022963437,8.235541219627176,8.012958708964264,8.068604469299316,2210000,0.0,0.0
2012-06-26 00:00:00+08:00,7.957314774321897,7.957314774321897,7.539973095920511,7.623441219329834,3893000,0.0,0.0
2012-06-27 00:00:00+08:00,7.623441694594513,7.734732709637569,7.456504906691219,7.484327793121338,2061000,0.0,0.0
2012-06-28 00:00:00+08:00,7.5399742948707225,7.679088209792036,7.5399742948707225,7.5677971839904785,1052000,0.0,0.0
2012-06-29 00:00:00+08:00,7.679086912867402,7.762555035452232,7.5677959058618365,7.734732151031494,848000,0.0,0.0
2012-07-02 00:00:00+08:00,7.790378570556641,7.901669586857679,7.762555683812025,7.790378570556641,1722000,0.0,0.0
2012-07-03 00:00:00+08:00,7.790378656382096,7.846024430484369,7.6790876388549805,7.6790876388549805,2705000,0.0,0.0
2012-07-04 00:00:00+08:00,7.762555683812025,7.846024344045873,7.706910441000218,7.790378570556641,1948000,0.0,0.0
2012-07-05 00:00:00+08:00,7.818201773954716,7.9016699068917715,7.595619201660155,7.595619201660156,2466000,0.0,0.0
2012-07-06 00:00:00+08:00,7.6790876388549805,7.7069105259061175,7.59561897770157,7.6790876388549805,1189000,0.0,0.0
2012-07-09 00:00:00+08:00,7.6790874674547505,7.734732709637569,7.484327793121338,7.484327793121338,2237000,0.0,0.0
2012-07-10 00:00:00+08:00,7.616922234942194,7.733656562291659,7.558554792950872,7.587738513946533,2653000,0.627172,0.0
2012-07-11 00:00:00+08:00,7.529372815469136,7.616923998729615,7.471005916595459,7.471005916595459,1413000,0.0,0.0
2012-07-12 00:00:00+08:00,7.471004310672417,7.616922361440889,7.354269981384277,7.354269981384277,1546000,0.0,0.0
2012-07-13 00:00:00+08:00,7.237534630071902,7.354269508486896,7.1791677474975595,7.179167747497559,1193000,0.0,0.0
2012-07-16 00:00:00+08:00,7.354269862538662,7.354269862538662,6.887331996298668,6.97488260269165,2448000,0.0,0.0
2012-07-17 00:00:00+08:00,6.974883246059165,7.120801307929161,6.916516355291106,7.091617584228516,998000,0.0,0.0
2012-07-18 00:00:00+08:00,7.091615971935556,7.149983406066895,7.062432811502991,7.1499834060668945,1144000,0.0,0.0
2012-07-19 00:00:00+08:00,7.208352081655667,7.646106243133544,7.208352081655667,7.646106243133545,3965000,0.0,0.0
2012-07-20 00:00:00+08:00,7.704471409341479,7.821205714994683,7.587737103688275,7.762838840484619,2736000,0.0,0.0
2012-07-23 00:00:00+08:00,7.646105626179419,7.675288789283299,7.44182014465332,7.44182014465332,676000,0.0,0.0
2012-07-24 00:00:00+08:00,7.354270344524607,7.529371568786398,7.354270344524607,7.412637233734131,721000,0.0,0.0
2012-07-25 00:00:00+08:00,7.41263693130704,7.558554983327388,7.354270044478818,7.52937126159668,453000,0.0,0.0
2012-07-26 00:00:00+08:00,7.587738705058097,7.733656757078445,7.529371261596681,7.52937126159668,582000,0.0,0.0
2012-07-27 00:00:00+08:00,7.733654463832877,7.733654463832877,7.5585527420043945,7.5585527420043945,772000,0.0,0.0
2012-07-30 00:00:00+08:00,7.587738513946533,7.675289120300337,7.587738513946533,7.587738513946533,703000,0.0,0.0
2012-07-31 00:00:00+08:00,7.6461060829212215,7.6461060829212215,7.354269981384277,7.354269981384277,2269000,0.0,0.0
2012-08-01 00:00:00+08:00,7.3834510201759125,7.587736455081314,7.3834510201759125,7.5585527420043945,797000,0.0,0.0
2012-08-02 00:00:00+08:00,7.5585527420043945,7.5585527420043945,7.5585527420043945,7.5585527420043945,0,0.0,0.0
2012-08-03 00:00:00+08:00,7.500187873840332,7.58773847980014,7.412636711247347,7.500187873840332,609000,0.0,0.0
2012-08-06 00:00:00+08:00,7.6461059559378555,7.675289120300337,7.558554792950872,7.587738513946533,742000,0.0,0.0
2012-08-07 00:00:00+08:00,7.821205714994683,7.850389430566254,7.616920819259845,7.762838840484619,1887000,0.0,0.0
2012-08-08 00:00:00+08:00,7.850390541522354,7.850390541522354,7.733656219349372,7.792023658752441,1542000,0.0,0.0
2012-08-09 00:00:00+08:00,7.762838840484619,7.821205714994683,7.704471409341479,7.762838840484619,1178000,0.0,0.0
2012-08-10 00:00:00+08:00,7.792023701392792,7.82120686462087,7.704472541809082,7.704472541809082,1058000,0.0,0.0
2012-08-13 00:00:00+08:00,7.733656852775839,7.762840574867671,7.646106243133544,7.646106243133545,809000,0.0,0.0
2012-08-14 00:00:00+08:00,7.704472541809082,7.762839981531555,7.646105658719767,7.704472541809082,682000,0.0,0.0
2012-08-15 00:00:00+08:00,7.762840317424727,7.762840317424727,7.646105989561919,7.675289154052734,1283000,0.0,0.0
2012-08-16 00:00:00+08:00,7.616921938858531,7.762839981531555,7.616921938858531,7.704472541809082,1668000,0.0,0.0
2012-08-17 00:00:00+08:00,7.704472541809082,7.850390584482107,7.704472541809082,7.704472541809082,3391000,0.0,0.0
2012-08-20 00:00:00+08:00,7.616922521041713,7.6752894085921755,7.616922521041713,7.646106243133545,1620000,0.0,0.0
2012-08-21 00:00:00+08:00,7.646107504232228,7.879576206207275,7.646107504232228,7.879576206207275,3402000,0.0,0.0
2012-08-22 00:00:00+08:00,7.879574261223889,7.908757980925423,7.762839939050907,7.792023658752441,1025000,0.0,0.0
2012-08-23 00:00:00+08:00,7.850390911102296,7.937942074328624,7.821207190026853,7.850390911102295,2381000,0.0,0.0
2012-08-24 00:00:00+08:00,7.82120682182082,7.879574261223889,7.792023658752441,7.792023658752441,978000,0.0,0.0
2012-08-27 00:00:00+08:00,7.821205927937879,8.083858818600024,7.7628390518386965,8.054675102233887,2711000,0.0,0.0
2012-08-28 00:00:00+08:00,8.113044228845947,8.34651346790501,8.113044228845947,8.288146018981934,5322000,0.0,0.0
2012-08-29 00:00:00+08:00,8.346512794494629,8.375696516601575,8.258961628173784,8.346512794494629,1977000,0.0,0.0
2012-08-30 00:00:00+08:00,8.404878941068125,8.87181678371261,8.346512058633285,8.725898742675781,6504000,0.0,0.0
2012-08-31 00:00:00+08:00,8.871816010692328,9.134468350346532,8.725897982369649,8.842632293701172,7759000,0.0,0.0
2012-09-03 00:00:00+08:00,8.871818542480469,8.988552887124962,8.813451648474853,8.871818542480469,4340000,0.0,0.0
2012-09-04 00:00:00+08:00,8.98855209350586,9.222021318814596,8.871817759168097,8.98855209350586,7870000,0.0,0.0
2012-09-05 00:00:00+08:00,8.988550322023851,9.046917756006165,8.842632293701172,8.842632293701172,4603000,0.0,0.0
2012-09-06 00:00:00+08:00,9.046919045744964,9.309571422843181,9.017735324593342,9.163653373718262,9004000,0.0,0.0
2012-09-07 00:00:00+08:00,9.3387553218327,9.513856538810508,9.22202099163643,9.280387878417969,7137000,0.0,0.0
2012-09-10 00:00:00+08:00,9.397123850411043,9.484674469010141,9.22202205657959,9.22202205657959,2955000,0.0,0.0
2012-09-11 00:00:00+08:00,9.280387214690336,9.338754653930664,9.163652892842833,9.338754653930664,4081000,0.0,0.0
2012-09-12 00:00:00+08:00,9.397122093170992,9.543040134638659,9.3095709343105,9.338754653930664,5944000,0.0,0.0
2012-09-13 00:00:00+08:00,9.397123850411043,9.397123850411043,9.163654606424686,9.22202205657959,5594000,0.0,0.0
2012-09-14 00:00:00+08:00,9.3387553218327,9.397122765247431,9.192837269929065,9.280387878417969,4502000,0.0,0.0
2012-09-17 00:00:00+08:00,9.367938486906873,9.367938486906873,9.163653548221697,9.280387878417969,2899000,0.0,0.0
2012-09-18 00:00:00+08:00,9.28038743735903,9.367938041687012,9.163653112710666,9.367938041687012,4804000,0.0,0.0
2012-09-19 00:00:00+08:00,9.251204619068119,9.484673277081464,9.251204619068119,9.455490112304688,4648000,0.0,0.0
2012-09-20 00:00:00+08:00,9.513855858385341,9.513855858385341,9.338754653930664,9.338754653930664,3838000,0.0,0.0
2012-09-21 00:00:00+08:00,9.426305867756163,9.980794906616211,9.367938424728834,9.980794906616211,15404000,0.0,0.0
2012-09-24 00:00:00+08:00,9.951609620833029,10.652016639709473,9.922426458907454,10.652016639709473,17657000,0.0,0.0
2012-09-25 00:00:00+08:00,10.85630285682738,11.381607600343827,10.622834205627441,10.622834205627441,18494000,0.0,0.0
2012-09-26 00:00:00+08:00,10.44773258287127,10.535283193783835,10.12671330510306,10.214263916015625,8119000,0.0,0.0
2012-09-27 00:00:00+08:00,10.272631375938914,10.91467104567255,10.185080764899423,10.739568710327148,11013000,0.0,0.0
2012-09-28 00:00:00+08:00,10.506100933726168,10.739569620711226,10.389366033600384,10.564468383789062,5773000,0.0,0.0
2012-10-01 00:00:00+08:00,10.506099436593445,10.506099436593445,10.097528457641603,10.097528457641602,6123000,0.0,0.0
2012-10-02 00:00:00+08:00,10.155896310721774,10.535283027533655,10.155896310721774,10.36018180847168,4936000,0.0,0.0
2012-10-03 00:00:00+08:00,10.506100370776414,11.060589446762862,10.506100370776414,10.973037719726562,12387000,0.0,0.0
2012-10-04 00:00:00+08:00,11.06058809600288,11.527525387928916,10.827118336773543,11.439974784851074,21926000,0.0,0.0
2012-10-05 00:00:00+08:00,11.439973535422421,11.527524128938333,11.206504914957922,11.381606101989746,8015000,0.0,0.0
2012-10-08 00:00:00+08:00,11.32323953814062,11.352423813731301,10.856302261352539,10.856302261352539,5722000,0.0,0.0
2012-10-09 00:00:00+08:00,10.797935708878743,10.943853758998726,10.65201765875876,10.827118873596191,8296000,0.0,0.0
2012-10-11 00:00:00+08:00,10.53528320905739,10.82711932136664,10.360181986978406,10.739568710327148,4549000,0.0,0.0
2012-10-12 00:00:00+08:00,10.506099733946783,10.739568394270101,10.009978134968241,10.155896186828613,7419000,0.0,0.0
2012-10-15 00:00:00+08:00,10.097529025954593,10.272631361046141,9.834877193216899,10.214263916015625,4318000,0.0,0.0
2012-10-16 00:00:00+08:00,10.21426288235054,10.914669925303958,10.21426288235054,10.885485649108887,6857000,0.0,0.0
2012-10-17 00:00:00+08:00,10.97303535797183,11.23568825601636,10.914669036865234,10.914669036865234,10251000,0.0,0.0
2012-10-18 00:00:00+08:00,10.914669036865234,11.089770226717446,10.797934168119617,10.914669036865234,3658000,0.0,0.0
2012-10-19 00:00:00+08:00,10.914671332815487,10.914671332815487,10.768753272822053,10.79793643951416,1785000,0.0,0.0
2012-10-22 00:00:00+08:00,10.506099413357088,10.652017460764826,10.447731971740723,10.447731971740723,2655000,0.0,0.0
2012-10-23 00:00:00+08:00,10.506098747253418,10.564466185169193,10.301813271181345,10.506098747253418,2555000,0.0,0.0
2012-10-24 00:00:00+08:00,10.389363240776174,10.97303535797183,10.301812645850069,10.914669036865234,5484000,0.0,0.0
2012-10-25 00:00:00+08:00,10.885486766481774,10.943854211596909,10.739568710327148,10.739568710327148,2970000,0.0,0.0
2012-10-26 00:00:00+08:00,10.739567385522378,11.264872100225539,10.710384223197979,10.856302261352539,10194000,0.0,0.0
2012-10-29 00:00:00+08:00,10.564467234984512,11.06058883666992,10.535282956493376,11.060588836669922,3818000,0.0,0.0
2012-10-30 00:00:00+08:00,11.08977255950103,11.177323172843801,10.79793643951416,10.79793643951416,5614000,0.0,0.0
2012-10-31 00:00:00+08:00,10.85630334029753,11.06058883666992,10.797935896581649,11.060588836669922,2831000,0.0,0.0
2012-11-01 00:00:00+08:00,11.031404337951857,11.177322387695312,10.797935681015606,11.177322387695312,5464000,0.0,0.0
2012-11-02 00:00:00+08:00,11.264872100225539,11.585892452125341,10.856302261352539,10.856302261352539,11624000,0.0,0.0
2012-11-05 00:00:00+08:00,10.418548146888858,10.856302261352539,10.301813271058698,10.856302261352539,4501000,0.0,0.0
2012-11-06 00:00:00+08:00,10.943854552892098,10.973037719726562,10.79793649218687,10.973037719726562,1982000,0.0,0.0
2012-11-07 00:00:00+08:00,10.885487660061221,11.148140628007049,10.885487660061221,11.089773178100586,3755000,0.0,0.0
2012-11-08 00:00:00+08:00,10.797934680444232,11.148138190030812,10.797934680444232,11.002220153808594,2861000,0.0,0.0
2012-11-09 00:00:00+08:00,10.856301602492426,11.06058706616415,10.856301602492426,10.914669036865234,1689000,0.0,0.0
2012-11-12 00:00:00+08:00,11.08977134347911,11.498342311966452,11.031403903228588,11.264872550964355,10475000,0.0,0.0
2012-11-13 00:00:00+08:00,11.352426146046415,11.352426146046415,10.885487660061221,11.089773178100586,4177000,0.0,0.0
2012-11-14 00:00:00+08:00,11.089772458157904,11.527526634137821,11.002221845615209,11.498343467712402,10216000,0.0,0.0
2012-11-15 00:00:00+08:00,11.498342670120277,11.498342670120277,11.206506573043786,11.352424621582031,7166000,0.0,0.0
2012-11-16 00:00:00+08:00,11.352425513786788,11.556709907182269,11.264873787169924,11.323241233825684,5968000,0.0,0.0
2012-11-19 00:00:00+08:00,11.352425513786788,11.410791847176096,11.206507453780615,11.323241233825684,3193000,0.0,0.0
2012-11-20 00:00:00+08:00,11.439973535422421,11.469156695505658,11.2648712351244,11.381606101989746,5056000,0.0,0.0
2012-11-21 00:00:00+08:00,11.439975093585186,11.469158257643269,11.148138999938965,11.148138999938965,1834000,0.0,0.0
2012-11-22 00:00:00+08:00,11.148140060532707,11.235690674302553,10.914671386057634,10.973037719726562,1965000,0.0,0.0
2012-11-23 00:00:00+08:00,11.089770048092573,11.439973535422421,11.060586888009334,11.381606101989746,5093000,0.0,0.0
2012-11-26 00:00:00+08:00,11.527524358940587,11.585891793537835,11.264871459886086,11.410789489746094,6168000,0.0,0.0
2012-11-27 00:00:00+08:00,11.35242307779637,11.4107893986615,11.235688209533693,11.235688209533691,5315000,0.0,0.0
2012-11-28 00:00:00+08:00,11.089771809118709,11.177322416537425,10.797935708878743,10.827118873596191,8510000,0.0,0.0
2012-11-29 00:00:00+08:00,10.827118579635924,10.85630285682738,10.5060993233943,10.622834205627441,15817000,0.0,0.0
2012-11-30 00:00:00+08:00,10.593649771249149,11.32323999121488,10.535282330998625,11.264872550964355,19885000,0.0,0.0
2012-12-03 00:00:00+08:00,11.235690054551174,11.235690054551174,11.00222139295404,11.060588836669922,9818000,0.0,0.0
2012-12-04 00:00:00+08:00,11.031404117173937,11.206506441321478,10.973036675791422,11.148138999938965,6269000,0.0,0.0
2012-12-05 00:00:00+08:00,11.002220153808594,11.206505627172954,10.973035878604389,11.002220153808594,6642000,0.0,0.0
2012-12-06 00:00:00+08:00,11.002220153808594,11.23568878911089,11.002220153808594,11.002220153808594,9825000,0.0,0.0
2012-12-07 00:00:00+08:00,11.089770543447202,11.323239174340209,11.060587382060419,11.118953704833984,7460000,0.0,0.0
2012-12-10 00:00:00+08:00,11.235688576913612,11.294056012953426,11.089770543447202,11.118953704833984,4761000,0.0,0.0
2012-12-11 00:00:00+08:00,11.20650688932643,11.235690054551174,11.031404558178783,11.060588836669922,3452000,0.0,0.0
2012-12-12 00:00:00+08:00,11.148137979487016,11.206505415526829,10.827117637901164,11.118953704833984,5753000,0.0,0.0
2012-12-13 00:00:00+08:00,11.118954493437387,11.877728989237974,11.060588166524232,11.615076065063477,16966000,0.0,0.0
2012-12-14 00:00:00+08:00,11.58589298205243,11.58589298205243,11.29405689239502,11.29405689239502,5468000,0.0,0.0
2012-12-17 00:00:00+08:00,11.29405689239502,11.52752554146768,11.206506288151063,11.29405689239502,4484000,0.0,0.0
2012-12-18 00:00:00+08:00,11.469156695505658,11.469156695505658,11.23568807504116,11.381606101989746,4375000,0.0,0.0
2012-12-19 00:00:00+08:00,11.585893630981445,11.585893630981445,11.381608134125905,11.585893630981445,3205000,0.0,0.0
2012-12-20 00:00:00+08:00,11.585891562371007,11.615074722454246,11.323238668557073,11.381606101989746,2934000,0.0,0.0
2012-12-21 00:00:00+08:00,11.381607879989422,11.381607879989422,11.14813922305317,11.177322387695312,4473000,0.0,0.0
2012-12-24 00:00:00+08:00,11.410790594957502,11.410790594957502,11.264872550964355,11.264872550964355,991000,0.0,0.0
2012-12-25 00:00:00+08:00,11.294058067131028,11.498343573792958,11.264873787169924,11.323241233825684,3783000,0.0,0.0
2012-12-26 00:00:00+08:00,11.323238668557073,11.498340968855095,11.323238668557073,11.381606101989746,4057000,0.0,0.0
2012-12-27 00:00:00+08:00,11.410790929643824,12.169565448623358,11.410790929643824,11.84854507446289,21214000,0.0,0.0
2012-12-28 00:00:00+08:00,11.965280409124869,12.023647853286075,11.673444301585238,11.760994911193848,6028000,0.0,0.0
2013-01-02 00:00:00+08:00,11.936094903874524,12.5781333239914,11.906910630881642,12.198746681213379,41362000,0.0,0.0
2013-01-03 00:00:00+08:00,12.373848716433047,12.66568476056339,12.344664444060315,12.490582466125488,18613000,0.0,0.0
2013-01-04 00:00:00+08:00,12.54895254847234,12.578135713743624,12.373851330311842,12.46140193939209,5733000,0.0,0.0
2013-01-07 00:00:00+08:00,12.519768416570646,13.132623746081247,12.461400977268134,12.811604499816895,15973000,0.0,0.0
2013-01-08 00:00:00+08:00,12.928336935439194,13.103439235336957,12.490582855594077,12.724051475524902,10288000,0.0,0.0
2013-01-09 00:00:00+08:00,12.986707567723844,13.541196650753472,12.8699726723703,13.307726860046387,17055000,0.0,0.0
2013-01-10 00:00:00+08:00,13.599562344184916,13.949765900473173,12.957523789800597,13.015890121459961,22080000,0.0,0.0
2013-01-11 00:00:00+08:00,13.249358701785855,13.249358701785855,12.86997090074498,12.986705780029297,5536000,0.0,0.0
2013-01-14 00:00:00+08:00,12.869973318447592,12.928340769054431,12.111199800358262,12.548954010009766,12415000,0.0,0.0
2013-01-15 00:00:00+08:00,12.43221589738059,12.490583332910303,12.227931542925953,12.315482139587402,12352000,0.0,0.0
2013-01-16 00:00:00+08:00,12.373851714135327,12.432218046488357,12.14038193165749,12.344667434692383,5846000,0.0,0.0
2013-01-17 00:00:00+08:00,12.373851825629758,12.373851825629758,11.877730203293702,12.023648262023926,7294000,0.0,0.0
2013-01-18 00:00:00+08:00,12.169563262888573,12.548949897604789,12.169563262888573,12.490582466125488,8926000,0.0,0.0
2013-01-21 00:00:00+08:00,12.548949897604789,12.66568476056339,12.315481284953746,12.490582466125488,3242000,0.0,0.0
2013-01-22 00:00:00+08:00,12.51976977155076,12.57813610390379,12.315484268515867,12.344667434692383,2769000,0.0,0.0
2013-01-23 00:00:00+08:00,12.519769223882012,12.753237882880493,12.315483729783448,12.607319831848145,6071000,0.0,0.0
2013-01-24 00:00:00+08:00,12.607317763439085,12.607317763439085,12.373849142744438,12.403032302856445,1570000,0.0,0.0
2013-01-25 00:00:00+08:00,12.257116933339,12.490585604654076,12.023648262023928,12.023648262023926,3577000,0.0,0.0
2013-01-28 00:00:00+08:00,12.023647625447056,12.140381398291051,11.731811523437498,11.7318115234375,5361000,0.0,0.0
2013-01-29 00:00:00+08:00,11.73181001082275,12.519767607308278,11.73181001082275,12.315482139587402,10967000,0.0,0.0
2013-01-30 00:00:00+08:00,12.519770110160191,12.869972566815656,12.286300321367936,12.578136444091797,13211000,0.0,0.0
2013-01-31 00:00:00+08:00,12.84078796881872,13.01588917763244,12.519768714904785,12.519768714904785,10262000,0.0,0.0
2013-02-01 00:00:00+08:00,12.519767990432348,13.045072699742416,12.519767990432348,12.899154663085938,11173000,0.0,0.0
2013-02-04 00:00:00+08:00,12.957523789800597,13.190992456237296,12.72405401009748,13.015890121459961,7981000,0.0,0.0
2013-02-05 00:00:00+08:00,13.015888310263874,13.89139652252197,13.015888310263874,13.891396522521973,18168000,0.0,0.0
2013-02-06 00:00:00+08:00,13.978948741352129,14.095682505927176,13.541194619346525,13.833030700683594,8308000,0.0,0.0
2013-02-18 00:00:00+08:00,14.124864936133386,14.183231254160242,13.833028892934482,14.008130073547363,6863000,0.0,0.0
2013-02-19 00:00:00+08:00,14.18323310676899,14.73772210658052,14.037315066109777,14.679354667663574,9026000,0.0,0.0
2013-02-20 00:00:00+08:00,14.825269466505661,15.292207762470301,14.825269466505661,15.117105484008789,15307000,0.0,0.0
2013-02-21 00:00:00+08:00,15.117108933936619,15.117108933936619,14.591804205202589,14.88364028930664,7340000,0.0,0.0
2013-02-22 00:00:00+08:00,14.32915284770461,14.883641913311005,14.32915284770461,14.825274467468262,4545000,0.0,0.0
2013-02-25 00:00:00+08:00,14.737723127615697,14.942008621344835,14.53343763388656,14.708539962768555,3701000,0.0,0.0
2013-02-26 00:00:00+08:00,14.299969191598422,14.737723350524904,14.299969191598422,14.737723350524902,4162000,0.0,0.0
2013-02-27 00:00:00+08:00,14.737723099391097,15.408945908987317,14.591805048902076,15.204660415649414,9004000,0.0,0.0
2013-03-01 00:00:00+08:00,15.642413563576586,16.25527000427246,15.61323040065758,16.25527000427246,16451000,0.0,0.0
2013-03-04 00:00:00+08:00,16.40119030692502,17.159963780107876,16.40119030692502,16.488740921020508,13991000,0.0,0.0
2013-03-05 00:00:00+08:00,16.78057597493002,17.043228913757222,16.634657922974107,16.80975914001465,10267000,0.0,0.0
2013-03-06 00:00:00+08:00,16.926495270600306,17.014045885553564,16.459557915338607,16.868127822875977,7629000,0.0,0.0
2013-03-07 00:00:00+08:00,16.86812697294212,16.955677583483972,16.372005362183092,16.547107696533203,5600000,0.0,0.0
2013-03-08 00:00:00+08:00,16.5471060085493,17.15996133309078,16.401187968109298,16.92649269104004,8612000,0.0,0.0
2013-03-11 00:00:00+08:00,17.101596851738577,17.101596851738577,16.459558253384206,16.576292037963867,4374000,0.0,0.0
2013-03-12 00:00:00+08:00,16.634657795286305,16.75139268126153,16.401189136602227,16.459556579589844,3969903,0.0,0.0
2013-03-13 00:00:00+08:00,16.51792323293186,16.693025565325325,15.846700408589586,16.167720794677734,7645000,0.0,0.0
2013-03-14 00:00:00+08:00,15.992615174388858,16.226083789648648,15.81751399126056,15.905064582824707,5110987,0.0,0.0
2013-03-15 00:00:00+08:00,15.992618462284272,16.226087125542488,15.905067852720741,16.167720794677734,3590838,0.0,0.0
2013-03-18 00:00:00+08:00,15.99262061143272,16.050988063407512,15.525683222167485,15.671601295471191,3030961,0.0,0.0
2013-03-19 00:00:00+08:00,15.671598370190676,15.75914897517728,15.408945441964518,15.642414093017578,5123487,0.0,0.0
2013-03-20 00:00:00+08:00,15.759150835846821,16.284455641055086,15.584049605199557,15.992619514465332,6960711,0.0,0.0
2013-03-21 00:00:00+08:00,16.13853544091582,16.167719717670497,15.61323070526123,15.61323070526123,3194000,0.0,0.0
2013-03-22 00:00:00+08:00,15.058745630938272,15.350581795206583,14.79609375105676,14.942011833190918,8249169,0.0,0.0
2013-03-25 00:00:00+08:00,15.000376035577885,15.408945908987317,15.000376035577885,15.204660415649414,5275153,0.0,0.0
2013-03-26 00:00:00+08:00,15.204661853634805,16.226088303659658,15.204661853634805,16.1969051361084,10944972,0.0,0.0
2013-03-27 00:00:00+08:00,16.28445575202866,16.51792443223819,16.16772196855714,16.1969051361084,6427412,0.0,0.0
2013-03-28 00:00:00+08:00,16.401186254862964,16.401186254862964,16.050982771735498,16.109350204467773,2943354,0.0,0.0
2013-03-29 00:00:00+08:00,16.284454345703125,16.284454345703125,16.02180252062495,16.284454345703125,2147324,0.0,0.0
2013-04-01 00:00:00+08:00,16.342818752581497,16.40118618506538,15.846697246367752,16.08016586303711,4352279,0.0,0.0
2013-04-02 00:00:00+08:00,16.080167108892375,16.313636856916624,15.963433348146516,16.138534545898438,2831823,0.0,0.0
2013-04-03 00:00:00+08:00,16.138534395236338,16.284452429756136,15.934248924255371,15.934248924255371,2654000,0.0,0.0
2013-04-08 00:00:00+08:00,15.584051164249912,15.75915241241455,15.525683710439504,15.75915241241455,3638268,0.0,0.0
2013-04-09 00:00:00+08:00,15.817518283818067,16.22608819308384,15.788334003199207,15.992619514465332,5452384,0.0,0.0
2013-04-10 00:00:00+08:00,16.22608388761373,16.284451320097613,15.875881519242784,16.08016586303711,5792899,0.0,0.0
2013-04-11 00:00:00+08:00,16.28445169344518,17.189144134521484,16.255268533167257,17.189144134521484,19559916,0.0,0.0
2013-04-12 00:00:00+08:00,17.218328189849853,17.9771015291808,16.955675280630384,17.510164260864258,13071030,0.0,0.0
2013-04-15 00:00:00+08:00,17.510166900324826,17.656084957827535,17.218330785319413,17.48098373413086,4428072,0.0,0.0
2013-04-16 00:00:00+08:00,16.98486373778111,17.802004715168316,16.809761384098223,17.597719192504883,6208698,0.0,0.0
2013-04-17 00:00:00+08:00,17.626900081931687,18.00628677198724,17.51016520194552,17.860368728637695,6894364,0.0,0.0
2013-04-18 00:00:00+08:00,17.685265173940188,18.152203548018658,17.685265173940188,17.802000045776367,7698231,0.0,0.0
2013-04-19 00:00:00+08:00,18.035471232847396,19.02771333104779,18.035471232847396,18.96934700012207,26042070,0.0,0.0
2013-04-22 00:00:00+08:00,18.969348758124422,18.969348758124422,18.502411387846422,18.589962005615234,4968469,0.0,0.0
2013-04-23 00:00:00+08:00,18.589959318023652,18.589959318023652,18.00628713292568,18.09383773803711,7241805,0.0,0.0
2013-04-24 00:00:00+08:00,18.093837375343703,18.21057225532987,17.772818125281233,17.860368728637695,5629786,0.0,0.0
2013-04-25 00:00:00+08:00,17.74363390743106,18.444040963135656,17.568532700138075,18.38567352294922,9422619,0.0,0.0
2013-04-26 00:00:00+08:00,18.385673462042796,18.385673462042796,17.860368728637695,17.860368728637695,4897865,0.0,0.0
2013-04-29 00:00:00+08:00,18.152206924313447,18.268940704595764,17.83118652368756,18.239757537841797,4761275,0.0,0.0
2013-04-30 00:00:00+08:00,18.560777610514936,18.96934864195597,18.444043825293566,18.765064239501953,8179314,0.0,0.0
2013-05-02 00:00:00+08:00,18.79424740749067,19.29036794289786,18.73587884498024,18.765064239501953,6993358,0.0,0.0
2013-05-03 00:00:00+08:00,18.910980752319233,19.844855410432338,18.794245863421892,19.523836135864258,9976530,0.0,0.0
2013-05-06 00:00:00+08:00,19.52383322087125,19.932404157744124,19.52383322087125,19.844852447509766,5687167,0.0,0.0
2013-05-07 00:00:00+08:00,20.428528394937647,20.428528394937647,19.202817581854546,19.494653701782227,8664009,0.0,0.0
2013-05-08 00:00:00+08:00,19.494653701782227,19.494653701782227,18.910981461926866,19.494653701782227,8087658,0.0,0.0
2013-05-09 00:00:00+08:00,19.494651076368097,19.494651076368097,18.560774282448296,18.823427200317383,11492750,0.0,0.0
2013-05-10 00:00:00+08:00,18.677508060341815,19.144445316543866,18.560773189658185,18.619140625,6880996,0.0,0.0
2013-05-13 00:00:00+08:00,18.619144769032907,18.85261344909668,18.385676088969134,18.85261344909668,5418173,0.0,0.0
2013-05-14 00:00:00+08:00,18.910979344106824,19.261181758188094,18.794244463902185,19.08608055114746,5998045,0.0,0.0
2013-05-15 00:00:00+08:00,19.086079836653372,19.72811831394498,18.96934496081874,19.61138343811035,12529842,0.0,0.0
2013-05-16 00:00:00+08:00,20.078321812651282,20.983013153076172,20.078321812651282,20.983013153076172,21726768,0.0,0.0
2013-05-17 00:00:00+08:00,20.98301508174336,21.537504091851417,20.72036215837295,20.778728485107422,9939997,0.0,0.0
2013-05-20 00:00:00+08:00,19.903219080499685,20.45770805872575,19.84485275712116,20.049137115478516,8882503,0.0,0.0
2013-05-21 00:00:00+08:00,20.10750754949296,20.311791926992072,19.90322094546113,20.25342559814453,5975284,0.0,0.0
2013-05-22 00:00:00+08:00,20.25342682536608,20.311793157750227,19.72812092777733,19.786489486694336,7107861,0.0,0.0
2013-05-23 00:00:00+08:00,19.90322242833608,20.457711499830392,19.78648976194392,19.990774154663086,9086228,0.0,0.0
2013-05-24 00:00:00+08:00,19.990772512198028,20.486892983201535,19.874037628864052,20.399343490600586,4637148,0.0,0.0
2013-05-27 00:00:00+08:00,20.399338592663227,20.895458944546874,20.370155435469865,20.866275787353516,6660693,0.0,0.0
2013-05-28 00:00:00+08:00,20.866281475162257,21.362401962280273,20.60362853576275,21.362401962280273,9790210,0.0,0.0
2013-05-29 00:00:00+08:00,21.479139183856635,22.52974882910693,21.420772847216686,22.179546356201172,22519704,0.0,0.0
2013-05-30 00:00:00+08:00,21.887704394837066,22.033622424135977,21.245665956534815,21.82933807373047,12795223,0.0,0.0
2013-05-31 00:00:00+08:00,21.946075163287855,22.179544948091444,21.128935369541054,21.741790771484375,53674187,0.0,0.0
2013-06-03 00:00:00+08:00,21.158118699048018,21.654239212412534,20.661998185683498,21.59587287902832,10912602,0.0,0.0
2013-06-04 00:00:00+08:00,21.36240154034945,21.36240154034945,20.74954617821035,20.80791473388672,8282016,0.0,0.0
2013-06-05 00:00:00+08:00,20.60362905385638,20.69118077803536,20.25342661020612,20.42852783203125,8801298,0.0,0.0
2013-06-06 00:00:00+08:00,20.428525945641464,20.428525945641464,19.40709964835939,19.728118896484375,8349929,0.0,0.0
2013-06-07 00:00:00+08:00,19.728118729379325,20.603626976776628,19.69893556643927,20.078323364257812,12332396,0.0,0.0
2013-06-10 00:00:00+08:00,20.632812219738426,20.632812219738426,20.311792941970218,20.42852783203125,4611022,0.0,0.0
2013-06-11 00:00:00+08:00,20.428530910530707,20.632815329022744,20.253429662318506,20.457714080810547,3628640,0.0,0.0
2013-06-13 00:00:00+08:00,20.19505955660624,20.399346186067277,19.582204121289127,20.165876388549805,5577271,0.0,0.0
2013-06-14 00:00:00+08:00,20.224243772719767,20.253426939075684,19.757304204893604,20.13669204711914,5462709,0.0,0.0
2013-06-17 00:00:00+08:00,20.195055590218544,21.07056381915633,19.93240490276326,21.012197494506836,6454220,0.0,0.0
2013-06-18 00:00:00+08:00,21.44995296893739,21.44995296893739,20.895463943481445,20.895463943481445,7969443,0.0,0.0
2013-06-19 00:00:00+08:00,21.012200867710767,21.420771885445063,20.924649140148805,20.953834533691406,7890363,0.0,0.0
2013-06-20 00:00:00+08:00,20.720362705410626,21.099750518798828,20.39934344683052,21.099750518798828,4938916,0.0,0.0
2013-06-21 00:00:00+08:00,20.720364164037825,20.77873049642197,19.64057142920111,19.786489486694336,8506031,0.0,0.0
2013-06-24 00:00:00+08:00,19.377917356417495,19.55301856994629,18.794245160299695,19.55301856994629,6519888,0.0,0.0
2013-06-25 00:00:00+08:00,19.553018788425934,19.553018788425934,18.560775598632095,18.706693649291992,5407833,0.0,0.0
2013-06-26 00:00:00+08:00,19.144445445232336,19.844852447509766,18.88179254106174,19.844852447509766,8253783,0.0,0.0
2013-06-27 00:00:00+08:00,19.844851265574945,20.107504154102262,19.66975008206752,19.8156681060791,5444478,0.0,0.0
2013-06-28 00:00:00+08:00,20.019953641446,20.311789706850558,19.55301638210521,19.844852447509766,4796062,0.0,0.0
2013-07-01 00:00:00+08:00,20.049139642840046,21.21648406982422,19.844855258730934,21.21648406982422,10445462,0.0,0.0
2013-07-02 00:00:00+08:00,21.216483849884977,21.216483849884977,20.311792373657227,20.311792373657227,10486287,0.0,0.0
2013-07-03 00:00:00+08:00,20.311791191633713,20.837097038374537,20.107506821530418,20.778728485107422,6394680,0.0,0.0
2013-07-04 00:00:00+08:00,20.778728485107422,20.8079138750073,20.311791191633713,20.778728485107422,3024339,0.0,0.0
2013-07-05 00:00:00+08:00,20.89546511909521,21.041383174712543,20.69118073184408,20.92464828491211,4818312,0.0,0.0
2013-07-08 00:00:00+08:00,20.924644743252383,20.924644743252383,20.224239976064442,20.837095260620117,6260229,0.0,0.0
2013-07-09 00:00:00+08:00,20.661994810926185,21.44995131557935,20.661994810926185,21.304033279418945,9795420,0.0,0.0
2013-07-10 00:00:00+08:00,21.07056874213742,21.39159028231161,20.57444818710417,20.69118309020996,8323379,0.0,0.0
2013-07-11 00:00:00+08:00,20.866284331602102,21.07056874213742,20.428530114855203,20.69118309020996,7708387,0.0,0.0
2013-07-12 00:00:00+08:00,20.691179567723697,21.012198826714176,20.574444684490963,20.895463943481445,6097000,0.0,0.0
2013-07-15 00:00:00+08:00,20.749542782104303,21.245665404755066,20.749542782104303,20.387666702270508,7588190,0.0,0.0
2013-07-16 00:00:00+08:00,20.976387390609126,21.24647008369728,19.746013221558076,20.316184997558594,12441962,0.960894,0.0
2013-07-17 00:00:00+08:00,20.316185734810286,20.346196704754515,19.385902904428153,19.59596824645996,12083358,0.0,0.0
2013-07-18 00:00:00+08:00,19.59596824744114,19.59596824744114,18.245555877685547,18.245555877685547,15825643,0.0,0.0
2013-07-19 00:00:00+08:00,17.015180186962905,17.015180186962905,16.985170364379883,16.985170364379883,6131427,0.0,0.0
2013-07-22 00:00:00+08:00,16.865132185906987,17.525333309970627,16.835122367456467,17.405296325683594,14060808,0.0,0.0
2013-07-23 00:00:00+08:00,17.82542809161931,18.60566520690918,17.73539976352162,18.60566520690918,14546801,0.0,0.0
2013-07-24 00:00:00+08:00,18.72569775837695,19.14582489557156,18.605660779317077,18.785715103149414,14481273,0.0,0.0
2013-07-25 00:00:00+08:00,18.30557203768285,18.785717731587873,18.30557203768285,18.72570037841797,5653890,0.0,0.0
2013-07-26 00:00:00+08:00,18.845739223084703,19.475931834290922,18.78572071562347,19.29587745666504,9604425,0.0,0.0
2013-07-29 00:00:00+08:00,18.96577413552688,19.205846994000346,18.725701277053414,18.93576431274414,5790353,0.0,0.0
2013-07-30 00:00:00+08:00,18.9357640693223,19.17583806946727,18.81572821400749,19.145828247070312,6876673,0.0,0.0
2013-07-31 00:00:00+08:00,19.085808143476363,19.145826638469952,17.82542547239888,18.00547981262207,10236391,0.0,0.0
2013-08-01 00:00:00+08:00,18.005479189566916,18.215543342396703,17.76540636265753,18.18553352355957,7524726,0.0,0.0
2013-08-02 00:00:00+08:00,18.305573832604193,18.725702214534273,18.305573832604193,18.60566520690918,8439948,0.0,0.0
2013-08-05 00:00:00+08:00,18.575657086206345,18.60566576663652,18.125520011207076,18.245555877685547,6623070,0.0,0.0
2013-08-06 00:00:00+08:00,18.545645690098578,18.725701191701248,18.09550865322843,18.215545654296875,12790409,0.0,0.0
2013-08-07 00:00:00+08:00,18.035490114874413,18.095508615282778,16.95516168655454,16.985170364379883,14161093,0.0,0.0
2013-08-08 00:00:00+08:00,16.985168025436497,17.58535065735662,16.80511369376347,17.405296325683594,8585022,0.0,0.0
2013-08-09 00:00:00+08:00,17.52533459219263,17.885443281885646,17.165224757742006,17.585351943969727,5924645,0.0,0.0
2013-08-12 00:00:00+08:00,17.825424407559918,17.825424407559918,17.46531460386787,17.615360260009766,3192125,0.0,0.0
2013-08-13 00:00:00+08:00,17.645371381575092,18.425609588623047,17.645371381575092,18.425609588623047,8432437,0.0,0.0
2013-08-14 00:00:00+08:00,18.84573807740162,18.995783764554115,18.425610840229286,18.60566520690918,7359349,0.0,0.0
2013-08-15 00:00:00+08:00,18.60566394307229,18.90575529699281,18.21554541192715,18.425609588623047,3665762,0.0,0.0
2013-08-16 00:00:00+08:00,18.18553587035381,18.57565555227768,18.18553587035381,18.275564193725586,2832509,0.0,0.0
2013-08-19 00:00:00+08:00,18.005482388917066,18.54564663163303,18.005482388917066,18.485628128051758,4178377,0.0,0.0
2013-08-20 00:00:00+08:00,18.48562769891172,18.48562769891172,17.61536342383838,17.79541778564453,4124237,0.0,0.0
2013-08-22 00:00:00+08:00,17.795415921822755,17.88544309329674,17.28526042379339,17.85543441772461,4510109,0.0,0.0
2013-08-23 00:00:00+08:00,18.03549106832883,18.665683638795574,18.005482388917066,18.485628128051758,6646846,0.0,0.0
2013-08-26 00:00:00+08:00,18.515636362088074,18.995782059987583,18.395599365234375,18.395599365234375,5542070,0.0,0.0
2013-08-27 00:00:00+08:00,18.30557024481117,18.575652886654016,18.27556157116531,18.33557891845703,2953509,0.0,0.0
2013-08-28 00:00:00+08:00,18.005481436232888,18.365591293909084,18.005481436232888,18.155527114868164,3439430,0.0,0.0
2013-08-29 00:00:00+08:00,18.245551285963998,18.96577088261366,18.245551285963998,18.695688247680664,7298587,0.0,0.0
2013-08-30 00:00:00+08:00,18.845739656086305,19.415912628173828,18.845739656086305,19.415912628173828,11683382,0.0,0.0
2013-09-02 00:00:00+08:00,19.41590945487415,19.505937775799346,19.175837748265806,19.235855102539062,3398416,0.0,0.0
2013-09-03 00:00:00+08:00,19.415911511477177,20.25616829739767,19.38590283116192,20.136131286621094,11569234,0.0,0.0
2013-09-04 00:00:00+08:00,20.106121952665294,20.406213325093134,19.625976214683845,20.316184997558594,12070791,0.0,0.0
2013-09-05 00:00:00+08:00,20.586266975263424,21.696606388370853,20.34619525937305,21.00639533996582,14587264,0.0,0.0
2013-09-06 00:00:00+08:00,21.426523704668213,21.666595420558586,20.946377983372074,21.00639533996582,9642356,0.0,0.0
2013-09-09 00:00:00+08:00,21.00639658908071,21.00639658908071,20.3461964692301,20.5262508392334,4882416,0.0,0.0
2013-09-10 00:00:00+08:00,20.586262208524957,20.856344829690105,20.196144901966292,20.67629051208496,5331090,0.0,0.0
2013-09-11 00:00:00+08:00,20.646286621372564,21.00639533996582,20.46622997256054,21.00639533996582,3040534,0.0,0.0
2013-09-12 00:00:00+08:00,21.066412696559563,21.21645837755932,20.946377983372074,21.00639533996582,6327382,0.0,0.0
2013-09-13 00:00:00+08:00,21.066415219235342,21.1864522363125,20.586269440442372,20.70630645751953,2195298,0.0,0.0
2013-09-16 00:00:00+08:00,20.466233331425478,21.306490198731037,20.466233331425478,21.036407470703125,6112963,0.0,0.0
2013-09-17 00:00:00+08:00,21.036407470703125,21.096427126662533,20.916370448300075,21.036407470703125,3191510,0.0,0.0
2013-09-18 00:00:00+08:00,21.246470538316355,21.276479218298153,21.036405199412734,21.06641387939453,3390859,0.0,0.0
2013-09-23 00:00:00+08:00,21.066411418053644,21.42652240430741,21.066411418053644,21.36650276184082,5485499,0.0,0.0
2013-09-24 00:00:00+08:00,21.156438997704655,21.276475988928002,20.04610198029786,20.346193313598633,9281725,0.0,0.0
2013-09-25 00:00:00+08:00,20.346196929390224,20.346196929390224,19.776022836888146,19.986085891723633,5404367,0.0,0.0
2013-09-26 00:00:00+08:00,19.98608186946285,19.98608186946285,18.78571656451595,19.20584487915039,9284276,0.0,0.0
2013-09-27 00:00:00+08:00,19.475932040724572,19.86604948146307,19.41591238786935,19.68599510192871,4943294,0.0,0.0
2013-09-30 00:00:00+08:00,19.685995345575915,19.685995345575915,18.995785355807943,19.415912628173828,4081480,0.0,0.0
2013-10-01 00:00:00+08:00,19.08580994034895,19.65598397933188,19.08580994034895,19.445920944213867,5317784,0.0,0.0
2013-10-02 00:00:00+08:00,19.56595355482841,19.776018856903192,19.085807890752676,19.20584487915039,5209294,0.0,0.0
2013-10-03 00:00:00+08:00,19.205845520667587,19.655982525058235,19.205845520667587,19.565954208374023,4146970,0.0,0.0
2013-10-04 00:00:00+08:00,19.62597384933523,20.01609121276467,19.3258825130748,19.565954208374023,6514098,0.0,0.0
2013-10-07 00:00:00+08:00,19.565953283696597,19.776018582860438,19.35589027404785,19.35589027404785,5327901,0.0,0.0
2013-10-08 00:00:00+08:00,19.23585355387104,19.325881867548105,18.45561656355858,19.20584487915039,10450720,0.0,0.0
2013-10-09 00:00:00+08:00,18.90575603405728,19.325884403828304,18.90575603405728,18.965774536132812,5886952,0.0,0.0
2013-10-11 00:00:00+08:00,19.505938392939736,19.505938392939736,18.99578285217285,18.99578285217285,5290270,0.0,0.0
2013-10-14 00:00:00+08:00,18.96577545614789,19.025793961134877,18.005482810629434,18.57565689086914,4784428,0.0,0.0
2013-10-15 00:00:00+08:00,18.755709128618015,19.385900497436523,18.755709128618015,19.385900497436523,4116938,0.0,0.0
2013-10-16 00:00:00+08:00,19.115818067788858,19.74601055152816,19.115818067788858,19.17583656311035,3356717,0.0,0.0
2013-10-17 00:00:00+08:00,19.68599245788115,19.68599245788115,19.08580974703407,19.145828247070312,2906350,0.0,0.0
2013-10-18 00:00:00+08:00,19.445923152939212,19.445923152939212,19.14583061563305,19.29587745666504,2824366,0.0,0.0
2013-10-21 00:00:00+08:00,19.265866389142506,19.56595778018532,19.115821838378906,19.115821838378906,3345224,0.0,0.0
2013-10-22 00:00:00+08:00,19.115820783444562,19.355893654078482,18.965775096203643,19.265865325927734,3432333,0.0,0.0
2013-10-23 00:00:00+08:00,19.325883225800442,19.625974573128044,19.23585490579605,19.505937576293945,3589162,0.0,0.0
2013-10-24 00:00:00+08:00,19.265863939523978,19.50593793763952,19.235855262138365,19.475929260253906,2719019,0.0,0.0
2013-10-25 00:00:00+08:00,19.265864389220482,19.38590139108011,18.875746995070916,18.99578285217285,3777100,0.0,0.0
2013-10-28 00:00:00+08:00,18.785719573589073,18.995783764554115,18.515638023569235,18.60566520690918,5584430,0.0,0.0
2013-10-29 00:00:00+08:00,18.605660779317077,18.785715103149414,18.605660779317077,18.785715103149414,1696889,0.0,0.0
2013-10-30 00:00:00+08:00,19.085807890752676,19.20584487915039,18.875744878193018,19.20584487915039,2409405,0.0,0.0
2013-10-31 00:00:00+08:00,19.05579912571455,19.355890450528953,18.695689306985756,19.08580780029297,2692124,0.0,0.0
2013-11-01 00:00:00+08:00,19.205849564369807,19.415912628173828,18.96577667376675,19.415912628173828,3873304,0.0,0.0
2013-11-04 00:00:00+08:00,19.475929260253906,19.6559836140829,19.38590093858175,19.475929260253906,2557136,0.0,0.0
2013-11-05 00:00:00+08:00,19.565954847168204,19.625974490088947,19.11581897283901,19.385900497436523,2774327,0.0,0.0
2013-11-06 00:00:00+08:00,18.905757730545933,19.29587745666504,18.78572071562347,19.29587745666504,3571332,0.0,0.0
2013-11-07 00:00:00+08:00,19.385901351666025,19.385901351666025,18.905755634719092,18.93576431274414,3559680,0.0,0.0
2013-11-08 00:00:00+08:00,18.755708507797568,19.145827015808237,18.605662839735185,19.02579116821289,4208506,0.0,0.0
2013-11-11 00:00:00+08:00,19.08580671888361,19.08580671888361,18.575652411410715,18.695688247680664,1962964,0.0,0.0
2013-11-12 00:00:00+08:00,18.845734969392957,19.08580780029297,18.695689306985756,19.08580780029297,3173096,0.0,0.0
2013-11-13 00:00:00+08:00,18.905756581214167,18.965775085026713,18.60566520690918,18.60566520690918,2791831,0.0,0.0
2013-11-14 00:00:00+08:00,18.725703493557855,18.93576655411311,18.605666477733863,18.845739364624023,2344982,0.0,0.0
2013-11-15 00:00:00+08:00,18.845735593453615,18.9357627649276,18.695689926077776,18.90575408935547,1738846,0.0,0.0
2013-11-18 00:00:00+08:00,19.055803970778328,19.055803970778328,18.785721251872033,18.875749588012695,972075,0.0,0.0
2013-11-19 00:00:00+08:00,18.845737172227164,19.205847033048357,18.78571867129735,18.99578285217285,2003598,0.0,0.0
2013-11-20 00:00:00+08:00,19.025794888360014,19.145830759426183,18.845739364624023,18.845739364624023,1070915,0.0,0.0
2013-11-21 00:00:00+08:00,18.785719501200376,18.785719501200376,18.365592265646956,18.485628128051758,3231819,0.0,0.0
2013-11-22 00:00:00+08:00,18.605667084699057,18.665685594569016,18.515639892273054,18.5456485748291,1236290,0.0,0.0
2013-11-25 00:00:00+08:00,18.905754685407995,18.905754685407995,18.485626345606985,18.665681838989258,2113115,0.0,0.0
2013-11-26 00:00:00+08:00,18.665683419869513,18.905756286621095,18.60566491699219,18.75571060180664,1850795,0.0,0.0
2013-11-27 00:00:00+08:00,18.90575737317583,19.445922785358515,18.81573018606465,19.325885772705078,4123781,0.0,0.0
2013-11-28 00:00:00+08:00,19.535942684727612,20.67629051208496,19.535942684727612,20.67629051208496,13776013,0.0,0.0
2013-11-29 00:00:00+08:00,20.6162721655824,21.276474423993804,20.466226509968223,20.856346130371094,6449722,0.0,0.0
2013-12-02 00:00:00+08:00,21.12643359892142,21.18645095908401,20.40621382939269,20.5262508392334,4283636,0.0,0.0
2013-12-03 00:00:00+08:00,20.646283919669205,20.8863556041446,20.3161816330535,20.40620994567871,5037198,0.0,0.0
2013-12-04 00:00:00+08:00,20.28617286682129,20.46622720174127,20.016090219683775,20.28617286682129,4620495,0.0,0.0
2013-12-05 00:00:00+08:00,20.46622904369224,20.526248687077366,19.9560746672528,20.1661376953125,4008885,0.0,0.0
2013-12-06 00:00:00+08:00,20.376201989025674,20.4662280153068,20.136128006578986,20.346193313598633,2668419,0.0,0.0
2013-12-09 00:00:00+08:00,20.526246851005077,20.826338172541657,20.406209864487426,20.796329498291016,3854298,0.0,0.0
2013-12-10 00:00:00+08:00,20.91636848449707,21.36650555910905,20.91636848449707,20.91636848449707,7472295,0.0,0.0
2013-12-11 00:00:00+08:00,21.126432494117275,21.45653253678004,20.766321483427102,21.246469497680664,6300318,0.0,0.0
2013-12-12 00:00:00+08:00,21.246469631301704,22.71691549327592,21.06641298006652,22.686906814575195,14879402,0.0,0.0
2013-12-13 00:00:00+08:00,23.107032871093903,23.107032871093903,21.12643051147461,21.12643051147461,14785424,0.0,0.0
2013-12-16 00:00:00+08:00,21.12643114966613,21.12643114966613,20.07611144197904,20.94637680053711,7692132,0.0,0.0
2013-12-17 00:00:00+08:00,21.03640200648131,21.03640200648131,20.346193313598633,20.346193313598633,4424782,0.0,0.0
2013-12-18 00:00:00+08:00,20.616273866585495,21.30648485516451,20.436219522895595,21.12643051147461,8297474,0.0,0.0
2013-12-19 00:00:00+08:00,21.42652249471958,21.486539847924163,20.586265812763806,20.94637680053711,4955794,0.0,0.0
2013-12-20 00:00:00+08:00,20.586265812763806,21.39651381811729,20.586265812763806,20.94637680053711,6096948,0.0,0.0
2013-12-23 00:00:00+08:00,21.246468060984576,21.306485413950163,20.796331045196894,20.826339721679688,2351096,0.0,0.0
2013-12-24 00:00:00+08:00,21.156438168328876,21.156438168328876,20.676292511773365,20.796329498291016,2139254,0.0,0.0
2013-12-25 00:00:00+08:00,20.856347864757815,20.97638485713428,20.556256528574252,20.616273880004883,2140294,0.0,0.0
2013-12-26 00:00:00+08:00,20.79633214984313,20.916366862150234,20.646286469943874,20.766321182250977,2910631,0.0,0.0
2013-12-27 00:00:00+08:00,20.946380491673853,20.976389173564225,20.586269440442372,20.70630645751953,2203099,0.0,0.0
2013-12-30 00:00:00+08:00,20.58626621211764,22.116731643676758,20.58626621211764,22.116731643676758,12339238,0.0,0.0
2013-12-31 00:00:00+08:00,22.32679795072035,22.416823986256336,21.186449851141262,21.246469497680664,8545212,0.0,0.0
2014-01-02 00:00:00+08:00,21.246470024482974,21.51655042730293,21.06641336991571,21.486541748046875,2992186,0.0,0.0
2014-01-03 00:00:00+08:00,21.4865406425361,21.66659499832386,21.27647760903627,21.546560287475586,2699510,0.0,0.0
2014-01-06 00:00:00+08:00,21.72661522241881,21.936678261518185,21.246469497680664,21.246469497680664,2652392,0.0,0.0
2014-01-07 00:00:00+08:00,21.546559566140786,21.78663126931557,21.33649425015816,21.606576919555664,3438578,0.0,0.0
2014-01-08 00:00:00+08:00,21.90666917726579,22.26677789177086,21.816640853881836,21.816640853881836,5176023,0.0,0.0
2014-01-09 00:00:00+08:00,21.996697908057588,21.996697908057588,21.03640416906588,21.246469497680664,4438423,0.0,0.0
2014-01-10 00:00:00+08:00,21.48654195841191,21.48654195841191,20.406213468008666,20.556259155273438,6130031,0.0,0.0
2014-01-13 00:00:00+08:00,20.73631087238135,20.91636521618845,20.556256528574252,20.616273880004883,3915888,0.0,0.0
2014-01-14 00:00:00+08:00,20.676292500410483,20.826338161096313,20.13612720613546,20.28617286682129,5401360,0.0,0.0
2014-01-15 00:00:00+08:00,20.406210304536433,20.706301632544324,20.34619295474091,20.376201629638672,3817104,0.0,0.0
2014-01-16 00:00:00+08:00,21.006394065102313,21.456531080783076,20.916365746160057,21.36650276184082,10418329,0.0,0.0
2014-01-17 00:00:00+08:00,21.726617447565037,21.90667182659281,21.546563068537267,21.75662612915039,10400670,0.0,0.0
2014-01-20 00:00:00+08:00,21.84665074351251,21.84665074351251,21.30648540888949,21.36650276184082,6432103,0.0,0.0
2014-01-21 00:00:00+08:00,21.366505258243542,21.576570597147168,21.066413879394528,21.06641387939453,5651741,0.0,0.0
2014-01-22 00:00:00+08:00,21.246469189540903,21.246469189540903,20.586266824274944,20.766321182250977,5283604,0.0,0.0
2014-01-23 00:00:00+08:00,20.856346846792295,21.006392507560587,20.676292511773365,20.796329498291016,3783447,0.0,0.0
2014-01-24 00:00:00+08:00,20.82634228869601,20.856350968877617,20.40621389760688,20.64628791809082,5108596,0.0,0.0
2014-01-27 00:00:00+08:00,20.55625615191104,20.55625615191104,19.776019150033505,20.10611915588379,8645633,0.0,0.0
2014-02-05 00:00:00+08:00,19.956073490541375,20.13612783104924,19.836036500364408,20.10611915588379,6871285,0.0,0.0
2014-02-06 00:00:00+08:00,20.466228028955467,21.036402020510216,20.286173686757962,20.886356353759766,7413644,0.0,0.0
2014-02-07 00:00:00+08:00,21.306490311799035,21.636590408022343,20.94638153219466,21.27648162841797,13092083,0.0,0.0
2014-02-10 00:00:00+08:00,21.57656714865911,21.726612814102474,21.15643882751465,21.15643882751465,9136873,0.0,0.0
2014-02-11 00:00:00+08:00,21.306485573450722,21.696605239193254,21.306485573450722,21.606576919555664,8261502,0.0,0.0
2014-02-12 00:00:00+08:00,21.696603374633575,22.956986004153624,21.606575062732823,22.65689468383789,22344361,0.0,0.0
2014-02-13 00:00:00+08:00,22.806944699099418,24.21737325810594,22.806944699099418,24.18736457824707,26597303,0.0,0.0
2014-02-14 00:00:00+08:00,24.307396916242553,25.147653527918695,24.00730559628894,24.097333908081055,20042849,0.0,0.0
2014-02-17 00:00:00+08:00,24.81755193794653,25.717825922967783,24.607488923914293,25.507762908935547,17218837,0.0,0.0
2014-02-18 00:00:00+08:00,25.447751553289216,25.447751553289216,24.30740332118064,24.577486038208008,18634225,0.0,0.0
2014-02-19 00:00:00+08:00,24.577478052604242,25.05762367713742,24.42743240184294,24.607486724853516,8988625,0.0,0.0
2014-02-20 00:00:00+08:00,25.027621563642157,25.297704263693525,24.72753018347742,25.20767593383789,9893161,0.0,0.0
2014-02-21 00:00:00+08:00,25.68781986544759,26.288002583282886,25.68781986544759,25.987911224365234,10878890,0.0,0.0
2014-02-24 00:00:00+08:00,25.807853512754253,25.807853512754253,25.32770785879207,25.567779541015625,7642238,0.0,0.0
2014-02-25 00:00:00+08:00,26.288003416457755,27.338323205958474,26.107949053303578,26.708131790161133,16597081,0.0,0.0
2014-02-26 00:00:00+08:00,26.94820518406122,26.94820518406122,26.017920131607138,26.3480224609375,9931320,0.0,0.0
2014-02-27 00:00:00+08:00,26.40803263573673,27.00821519563984,26.10794135578518,26.858169555664062,10476446,0.0,0.0
2014-03-03 00:00:00+08:00,26.85817519393519,27.158266536884184,26.528075174594342,26.73813819885254,6805165,0.0,0.0
2014-03-04 00:00:00+08:00,26.768149194461433,26.948205847443305,25.237683670723662,25.53777503967285,9386498,0.0,0.0
2014-03-05 00:00:00+08:00,26.257990026161085,27.00821831262283,26.017916058687312,26.918190002441406,12760958,0.0,0.0
2014-03-06 00:00:00+08:00,26.918193355080746,28.598706757673675,26.918193355080746,28.508678436279297,14495180,0.0,0.0
2014-03-07 00:00:00+08:00,28.808767567510188,29.498978539621177,27.33831959834883,27.608402252197266,14442021,0.0,0.0
2014-03-10 00:00:00+08:00,27.60840438010958,28.268604438610417,26.70813032423644,26.798158645629883,7059759,0.0,0.0
2014-03-11 00:00:00+08:00,27.698430586689152,28.65872192382812,27.248293593121172,28.658721923828125,11038091,0.0,0.0
2014-03-12 00:00:00+08:00,28.65872484010061,28.83877919794686,27.968513797255387,28.44866180419922,6824865,0.0,0.0
2014-03-13 00:00:00+08:00,29.108856165675533,30.429258346557614,28.988819187501722,30.429258346557617,13508386,0.0,0.0
2014-03-14 00:00:00+08:00,29.498979396609744,30.12917074755398,29.19888805906342,29.2589054107666,10303349,0.0,0.0
2014-03-17 00:00:00+08:00,29.408955375141005,29.709046756519992,27.848481107776475,28.058544158935547,13774508,0.0,0.0
2014-03-18 00:00:00+08:00,28.148569709203542,28.688732768629908,27.338321685791016,27.338321685791016,13075667,0.0,0.0
2014-03-19 00:00:00+08:00,27.4883694058461,27.4883694058461,25.447749435958293,25.627803802490234,17316081,0.0,0.0
2014-03-20 00:00:00+08:00,25.267692400496415,26.167966509153278,24.397429260407144,24.99761199951172,26359978,0.0,0.0
2014-03-21 00:00:00+08:00,25.447744675187145,26.46805332449368,25.387725037894665,25.837862014770508,19879271,0.0,0.0
2014-03-24 00:00:00+08:00,25.567785522681767,26.52807934478505,24.997613713060368,26.04793357849121,16485122,0.0,0.0
2014-03-25 00:00:00+08:00,26.348022228775637,26.43804826274171,25.80785686691772,25.987911224365234,14071655,0.0,0.0
2014-03-26 00:00:00+08:00,26.408039817443715,26.828168181533396,25.807857094319992,26.3480224609375,12182811,0.0,0.0
2014-03-27 00:00:00+08:00,26.708129717011737,26.708129717011737,26.077938350131365,26.468055725097656,7658937,0.0,0.0
2014-03-28 00:00:00+08:00,26.588094363872422,27.2482967376709,26.288003000195495,27.2482967376709,15484583,0.0,0.0
2014-03-31 00:00:00+08:00,27.668422815206267,28.088551182257042,27.068240087852416,27.2482967376709,12487941,0.0,0.0
2014-04-01 00:00:00+08:00,27.42835357285866,28.358636426294293,27.308316558653765,28.26860809326172,10516087,0.0,0.0
2014-04-02 00:00:00+08:00,28.38864171897229,28.568696074030377,27.938504686569406,28.358633041381836,10355364,0.0,0.0
2014-04-03 00:00:00+08:00,28.208586181078324,29.018831889622348,28.208586181078324,28.838777542114258,9324428,0.0,0.0
2014-04-07 00:00:00+08:00,28.208584909853727,28.418647924227432,27.188273933934713,27.608402252197266,8346285,0.0,0.0
2014-04-08 00:00:00+08:00,27.728441040785512,28.418649768165402,27.66842139741642,27.998523712158203,8372864,0.0,0.0
2014-04-09 00:00:00+08:00,28.418656535194753,28.418656535194753,27.428356223705695,27.54839324951172,7808253,0.0,0.0
2014-04-10 00:00:00+08:00,27.848474737929788,27.908492084671458,26.798155143345376,27.18827247619629,10132372,0.0,0.0
2014-04-11 00:00:00+08:00,26.768146599902074,27.008220587597926,26.5880922538878,26.88818359375,5534530,0.0,0.0
2014-04-14 00:00:00+08:00,25.807857033735264,25.807857033735264,25.027619953409136,25.057628631591797,17099556,0.0,0.0
2014-04-15 00:00:00+08:00,25.057626094797726,25.537771765657286,24.727526089176475,25.237680435180664,33223201,0.0,0.0
2014-04-16 00:00:00+08:00,25.387728824399893,25.657811508710452,25.267691821426823,25.29770278930664,25237710,0.0,0.0
2014-04-17 00:00:00+08:00,25.32770795047661,25.927890592480725,25.32770795047661,25.687816619873047,14124951,0.0,0.0
2014-04-18 00:00:00+08:00,26.017921215056855,26.017921215056855,25.38772978743732,25.627803802490234,8206777,0.0,0.0
2014-04-21 00:00:00+08:00,25.567785394079184,26.0179224769997,25.507768032162687,25.807859420776367,5319128,0.0,0.0
2014-04-22 00:00:00+08:00,25.987910464734703,26.888184515172505,25.62780176036571,26.55808448791504,11861942,0.0,0.0
2014-04-23 00:00:00+08:00,26.558087892310564,26.58809657326881,25.807859420776367,25.807859420776367,8052267,0.0,0.0
2014-04-24 00:00:00+08:00,25.507766505892796,25.777849197387695,25.447749147567468,25.777849197387695,5851971,0.0,0.0
2014-04-25 00:00:00+08:00,25.507762248591888,26.25799055002106,25.087633941888534,25.147653579711914,6564674,0.0,0.0
2014-04-28 00:00:00+08:00,24.547471574052263,25.747836887413936,24.427434584813067,25.507762908935547,4936655,0.0,0.0
2014-04-29 00:00:00+08:00,25.53777441101124,26.46805717394993,25.44774837625192,26.3480224609375,10021867,0.0,0.0
2014-04-30 00:00:00+08:00,26.528077758852984,26.948206137811844,24.727529525756836,24.727529525756836,20978213,0.0,0.0
2014-05-02 00:00:00+08:00,24.90758060311396,25.597791583825597,24.90758060311396,25.477754592895508,7498885,0.0,0.0
2014-05-05 00:00:00+08:00,25.927891411082953,26.077937076321263,25.087634769942355,25.237680435180664,2915347,0.0,0.0
2014-05-06 00:00:00+08:00,25.387724637480247,25.7478355870103,25.297698617234,25.327707290649414,2803964,0.0,0.0
2014-05-07 00:00:00+08:00,25.23767856165404,25.747835159301758,25.087632907554415,25.747835159301758,4986075,0.0,0.0
2014-05-08 00:00:00+08:00,25.74784133394063,25.807858694167365,25.20767593383789,25.20767593383789,6884163,0.0,0.0
2014-05-09 00:00:00+08:00,25.20767460099186,25.38772896166729,24.90758323669434,24.907583236694336,5418667,0.0,0.0
2014-05-12 00:00:00+08:00,25.117642652066124,25.777844931979697,25.057625303671745,25.687816619873047,7531985,0.0,0.0
2014-05-13 00:00:00+08:00,25.98790683215217,26.107943813334867,25.56777854277022,25.747835159301758,3656406,0.0,0.0
2014-05-14 00:00:00+08:00,26.04793357849121,26.167968302927964,25.747842188368114,26.04793357849121,4783418,0.0,0.0
2014-05-15 00:00:00+08:00,26.197977522706996,27.548388688011162,26.0479318376732,26.948205947875977,14132766,0.0,0.0
2014-05-16 00:00:00+08:00,26.948197855455437,27.45835211556717,26.528069605620306,26.858169555664062,8330380,0.0,0.0
2014-05-19 00:00:00+08:00,27.068239782533222,27.128259428300854,26.708131065988965,26.76814842224121,3804111,0.0,0.0
2014-05-20 00:00:00+08:00,27.008220865409687,27.008220865409687,26.618101203769893,26.73813819885254,4380104,0.0,0.0
2014-05-21 00:00:00+08:00,26.8281653268498,26.8281653268498,26.1679630279541,26.1679630279541,3382331,0.0,0.0
2014-05-22 00:00:00+08:00,26.648112969651024,26.91819335480071,26.408038972278728,26.798158645629883,5153145,0.0,0.0
2014-05-23 00:00:00+08:00,26.82816398177502,27.248292280096603,26.798155308219556,26.918190002441406,5169176,0.0,0.0
2014-05-26 00:00:00+08:00,27.038226986178294,27.218281317026104,26.888181328885945,26.918190002441406,3204862,0.0,0.0
2014-05-27 00:00:00+08:00,27.06824061283799,27.788460357534273,26.97821457569811,27.48836898803711,11990916,0.0,0.0
2014-05-28 00:00:00+08:00,27.9685143201987,28.988825419758616,27.608405597773046,28.68873405456543,22718036,0.0,0.0
2014-05-29 00:00:00+08:00,28.68873530110153,28.68873530110153,27.938506855520867,28.208589553833008,11535189,0.0,0.0
2014-05-30 00:00:00+08:00,28.208586292882117,28.35863196465277,27.48836661047995,27.90849494934082,12608038,0.0,0.0
2014-06-03 00:00:00+08:00,28.028534422216218,28.028534422216218,26.888186300153183,26.948205947875977,9965573,0.0,0.0
2014-06-04 00:00:00+08:00,27.48836833942792,27.698433666828556,27.278305301542687,27.66842269897461,7527686,0.0,0.0
2014-06-05 00:00:00+08:00,27.968512385601944,28.56869507447336,27.84847767943987,28.028532028198242,16222982,0.0,0.0
2014-06-06 00:00:00+08:00,28.388640809604492,28.808769150959034,27.938503791620757,28.148569107055664,11075068,0.0,0.0
2014-06-09 00:00:00+08:00,28.628715036220886,28.628715036220886,27.308312648080946,27.368330001831055,9470815,0.0,0.0
2014-06-10 00:00:00+08:00,27.908493126306336,27.908493126306336,27.42834746590731,27.518373489379883,4789022,0.0,0.0
2014-06-11 00:00:00+08:00,27.878489788011265,28.328626860079748,27.638415767101854,28.058544158935547,6662411,0.0,0.0
2014-06-12 00:00:00+08:00,28.178576616606172,28.208585291992488,27.758448292652183,28.11855697631836,5220577,0.0,0.0
2014-06-13 00:00:00+08:00,28.11855870182639,28.568695728789557,27.638412997635406,27.848478317260742,7067514,0.0,0.0
2014-06-16 00:00:00+08:00,27.848479348036694,28.08855106426048,27.66842269897461,27.66842269897461,2615509,0.0,0.0
2014-06-17 00:00:00+08:00,27.96851047528805,27.96851047528805,27.488364814889025,27.518373489379883,4212426,0.0,0.0
2014-06-18 00:00:00+08:00,27.90849294985436,27.90849294985436,27.278301631470345,27.788455963134766,4079980,0.0,0.0
2014-06-19 00:00:00+08:00,27.78845871340398,27.818467390675114,27.068239011320173,27.338321685791016,6301874,0.0,0.0
2014-06-20 00:00:00+08:00,27.488365262762944,27.608402252197266,27.09824790899533,27.608402252197266,4479518,0.0,0.0
2014-06-23 00:00:00+08:00,28.088552773069882,28.208589783242104,27.278306961059567,27.27830696105957,7901721,0.0,0.0
2014-06-24 00:00:00+08:00,27.068237939764273,27.368329279626472,26.798157565500475,26.88818359375,5464291,0.0,0.0
2014-06-25 00:00:00+08:00,26.88818187179502,27.368327526922325,26.88818187179502,27.12825584411621,3423355,0.0,0.0
2014-06-26 00:00:00+08:00,27.548390675969962,27.878490748962047,27.368334009323714,27.728445053100586,5593638,0.0,0.0
2014-06-27 00:00:00+08:00,27.728442136425627,27.99852481847016,27.608405134459684,27.938505172729492,5098508,0.0,0.0
2014-06-30 00:00:00+08:00,28.208590626505345,28.778764724731445,28.058544931683507,28.778764724731445,9643000,0.0,0.0
2014-07-01 00:00:00+08:00,28.808768136160715,30.42926180172279,28.598705117640616,29.408950805664062,13763360,0.0,0.0
2014-07-02 00:00:00+08:00,29.76905683840163,30.309222108618652,29.138865549491765,29.468965530395508,7761573,0.0,0.0
2014-07-03 00:00:00+08:00,29.16887509835935,30.54929698825494,28.928803418453853,29.138866424560547,11324828,0.0,0.0
2014-07-04 00:00:00+08:00,30.49914173326994,30.99708642954785,29.565494537353516,29.565494537353516,9013813,1.735408,0.0
2014-07-07 00:00:00+08:00,29.316513945284406,29.814460896089813,28.943056106567383,28.943056106567383,3748032,0.0,0.0
2014-07-08 00:00:00+08:00,29.067550659179688,29.254279628740925,28.538482475303898,29.067550659179688,3028698,0.0,0.0
2014-07-09 00:00:00+08:00,29.005307391311515,29.19203874366122,28.50736265861711,28.756336212158203,3826624,0.0,0.0
2014-07-10 00:00:00+08:00,29.254278163320013,30.18792533874512,29.254278163320013,30.187925338745117,9687280,0.0,0.0
2014-07-11 00:00:00+08:00,30.250165279775977,30.43689660045582,29.627733875876164,29.658857345581055,5854876,0.0,0.0
2014-07-14 00:00:00+08:00,30.312407085771678,30.312407085771678,29.534367901713818,29.68997573852539,3184562,0.0,0.0
2014-07-15 00:00:00+08:00,30.001192860789303,30.001192860789303,29.472124765451024,29.783340454101562,2054731,0.0,0.0
2014-07-16 00:00:00+08:00,29.68997707971283,29.845584923553684,28.69408545449899,28.849693298339844,4947855,0.0,0.0
2014-07-17 00:00:00+08:00,28.382869766817276,28.849693298339847,28.382869766817276,28.849693298339844,3661071,0.0,0.0
2014-07-18 00:00:00+08:00,28.631841335193865,28.787449168537307,28.38286785208951,28.569599151611328,2989294,0.0,0.0
2014-07-21 00:00:00+08:00,28.631847559831783,28.974184392734855,27.884929322523863,28.28951072692871,7105923,0.0,0.0
2014-07-22 00:00:00+08:00,28.382870992878733,28.507357748206353,28.102778761375795,28.258386611938477,2932395,0.0,0.0
2014-07-23 00:00:00+08:00,28.258386611938477,28.258386611938477,28.258386611938477,28.258386611938477,0,0.0,0.0
2014-07-24 00:00:00+08:00,28.507356643676758,28.787451238714677,28.3206277051139,28.507356643676758,2822108,0.0,0.0
2014-07-25 00:00:00+08:00,28.47623102514391,28.63183884495344,27.48034192811768,28.196136474609375,6008821,0.0,0.0
2014-07-28 00:00:00+08:00,28.38287194470074,28.569603271147905,27.884927281079005,28.165021896362305,3370773,0.0,0.0
2014-07-29 00:00:00+08:00,28.507359347713646,28.53848044469487,27.822685716576718,28.009414672851562,2581219,0.0,0.0
2014-07-30 00:00:00+08:00,27.97829050665077,28.00941160021801,27.386980231324273,27.51146697998047,4960289,0.0,0.0
2014-07-31 00:00:00+08:00,27.449224470093306,27.511469036267364,26.453335155182575,27.169132232666016,5797150,0.0,0.0
2014-08-01 00:00:00+08:00,26.764551162719727,27.106887970156095,26.26660649968615,26.764551162719727,4353117,0.0,0.0
2014-08-04 00:00:00+08:00,26.76454718428097,27.635951995849606,26.70230500104911,27.63595199584961,4143626,0.0,0.0
2014-08-05 00:00:00+08:00,27.075764591620526,27.20025134048244,26.453333221698216,26.515575408935547,8103466,0.0,0.0
2014-08-06 00:00:00+08:00,26.515576952690026,26.764550464909252,25.270714140368664,25.51968765258789,6980676,0.0,0.0
2014-08-07 00:00:00+08:00,25.519689889992208,25.64417665701603,25.208474159626448,25.30183982849121,7513041,0.0,0.0
2014-08-08 00:00:00+08:00,24.89725624642721,25.51968765258789,24.89725624642721,25.51968765258789,3676158,0.0,0.0
2014-08-11 00:00:00+08:00,26.017632035914794,26.54670015035997,25.83090309085835,26.39109230041504,3691963,0.0,0.0
2014-08-12 00:00:00+08:00,26.391092424177238,26.391092424177238,25.6441742660614,25.862024307250977,6056261,0.0,0.0
2014-08-13 00:00:00+08:00,25.768660872757597,26.20436095262215,25.768660872757597,25.92426872253418,6756351,0.0,0.0
2014-08-14 00:00:00+08:00,26.142113449994255,27.16912599957021,26.142113449994255,26.45332908630371,10491506,0.0,0.0
2014-08-15 00:00:00+08:00,26.76455053428694,26.982400577252925,26.577821586832183,26.92015838623047,6836975,0.0,0.0
2014-08-18 00:00:00+08:00,26.764544722613167,26.79566581136674,26.142113449994255,26.45332908630371,5494691,0.0,0.0
2014-08-19 00:00:00+08:00,26.733424952705573,26.857911688248063,26.51557257190947,26.608938217163086,5385670,0.0,0.0
2014-08-20 00:00:00+08:00,26.76455241983587,27.51147063666229,26.733431322132176,27.38698387145996,8767873,0.0,0.0
2014-08-21 00:00:00+08:00,27.138005381759466,27.138005381759466,26.45333185984767,26.889034271240234,5277447,0.0,0.0
2014-08-22 00:00:00+08:00,27.138005381759466,27.63595235157218,26.764547528787055,26.889034271240234,7418097,0.0,0.0
2014-08-25 00:00:00+08:00,26.88903560345508,26.88903560345508,26.01763073749628,26.048751831054688,9446722,0.0,0.0
2014-08-26 00:00:00+08:00,26.142119579531226,26.733429902040967,26.1109984834807,26.640064239501953,7767639,0.0,0.0
2014-08-27 00:00:00+08:00,26.8890357543408,27.5114671265506,26.795670098754428,27.449222564697266,10034577,0.0,0.0
2014-08-28 00:00:00+08:00,27.449223667210617,27.698197175849597,27.075765778639493,27.200252532958984,7066324,0.0,0.0
2014-08-29 00:00:00+08:00,27.106891778453218,27.23137855529785,26.889041699765947,27.23137855529785,2496017,0.0,0.0
2014-09-01 00:00:00+08:00,27.386979085018947,27.66707366417498,27.200250157043975,27.29361343383789,2415295,0.0,0.0
2014-09-02 00:00:00+08:00,27.38697973483423,27.44922192084034,26.76454837722436,27.324737548828125,3765662,0.0,0.0
2014-09-03 00:00:00+08:00,27.324742782210958,27.480350651416288,27.044648142763833,27.418106079101562,5005099,0.0,0.0
2014-09-04 00:00:00+08:00,27.169129796053063,27.200250889155345,26.795669555664062,26.795669555664062,3554947,0.0,0.0
2014-09-05 00:00:00+08:00,27.075765778639493,27.200252532958984,26.951279024320005,27.200252532958984,3830054,0.0,0.0
2014-09-09 00:00:00+08:00,27.35586132060123,27.35586132060123,26.515577480912416,26.640064239501953,4436265,0.0,0.0
2014-09-10 00:00:00+08:00,26.32884771665694,26.359968811745823,25.955389826815654,26.204360961914062,6141979,0.0,0.0
2014-09-11 00:00:00+08:00,26.142118453979492,26.51557633928141,25.893144947519996,26.142118453979492,7679358,0.0,0.0
2014-09-12 00:00:00+08:00,26.235485403444198,26.889037922074984,26.173240836572848,26.764551162719727,8053778,0.0,0.0
2014-09-15 00:00:00+08:00,27.075767671943467,28.631846273779296,27.075767671943467,28.133901596069336,14128534,0.0,0.0
2014-09-16 00:00:00+08:00,28.320627336502035,28.63184302151854,27.760438153717427,27.978290557861328,10076957,0.0,0.0
2014-09-17 00:00:00+08:00,28.382869346105355,28.538477187639675,27.853803634643555,27.853803634643555,8581319,0.0,0.0
2014-09-18 00:00:00+08:00,27.853805421525713,28.943060382144036,27.82268432609981,28.662965774536133,8115599,0.0,0.0
2014-09-19 00:00:00+08:00,28.38286853880577,28.413992005737168,27.884923934936523,27.884923934936523,6944969,0.0,0.0
2014-09-22 00:00:00+08:00,27.791561447784716,28.009411476177874,27.16913008164743,27.853803634643555,4422488,0.0,0.0
2014-09-23 00:00:00+08:00,27.698194503784183,27.978289080385267,27.293613184872935,27.69819450378418,3199850,0.0,0.0
2014-09-24 00:00:00+08:00,27.38698050369947,27.791561847259025,27.106885910034183,27.10688591003418,3739277,0.0,0.0
2014-09-25 00:00:00+08:00,26.98240043400473,27.635955308207773,26.98240043400473,27.262495040893555,4362194,0.0,0.0
2014-09-26 00:00:00+08:00,27.138002825027197,28.382865383503432,26.857910648879564,28.196136474609375,7661020,0.0,0.0
2014-09-29 00:00:00+08:00,28.631844702041573,29.254276108607694,28.538479041301702,29.129789352416992,11410372,0.0,0.0
2014-09-30 00:00:00+08:00,28.756334514756684,28.756334514756684,27.511471569307368,27.76044273376465,16899383,0.0,0.0
2014-10-01 00:00:00+08:00,27.63595430562703,28.911938163622047,27.449222991550496,28.63184356689453,8718763,0.0,0.0
2014-10-02 00:00:00+08:00,28.320630233313643,29.254277383862444,28.227264568503767,28.818574905395508,5946765,0.0,0.0
2014-10-03 00:00:00+08:00,28.974181156346827,29.565491460432956,28.382870852260698,28.600723266601562,9373141,0.0,0.0
2014-10-06 00:00:00+08:00,28.756331116393316,29.192033570687695,28.50735760697157,28.600723266601562,7042548,0.0,0.0
2014-10-07 00:00:00+08:00,28.72521511156251,29.12979416808206,28.569607234196273,28.756336212158203,8935391,0.0,0.0
2014-10-08 00:00:00+08:00,28.69409034566954,29.938953308594687,28.69409034566954,29.067550659179688,14693968,0.0,0.0
2014-10-09 00:00:00+08:00,29.316517486331055,29.81446449728186,28.880817413330078,28.880817413330078,10722595,0.0,0.0
2014-10-13 00:00:00+08:00,28.28950647244884,28.382869754079092,26.95127806626316,27.10688591003418,16167023,0.0,0.0
2014-10-14 00:00:00+08:00,26.76454718428097,28.00940984401497,26.73342609266504,27.63595199584961,7631364,0.0,0.0
2014-10-15 00:00:00+08:00,27.386981942061055,27.88492659340287,26.733429438775712,26.92015838623047,7616023,0.0,0.0
2014-10-16 00:00:00+08:00,26.577820068235898,28.1338984987604,26.577820068235898,27.449222564697266,16913728,0.0,0.0
2014-10-17 00:00:00+08:00,27.573709487915036,28.133898676191688,27.3558594560226,27.57370948791504,10851318,0.0,0.0
2014-10-20 00:00:00+08:00,28.009414672851562,28.63184611002604,27.97829357587034,28.009414672851562,10577637,0.0,0.0
2014-10-21 00:00:00+08:00,27.635955183641588,28.445115530927463,27.635955183641588,27.791563034057617,6541823,0.0,0.0
2014-10-22 00:00:00+08:00,28.44510933779691,28.880811698977208,28.165014793153375,28.351743698120117,5306643,0.0,0.0
2014-10-23 00:00:00+08:00,28.72520453057682,29.285391258116725,28.476231068745594,29.00529670715332,4900629,0.0,0.0
2014-10-24 00:00:00+08:00,29.254274948783547,29.28539604300054,28.507356815639273,28.63184356689453,5293893,0.0,0.0
2014-10-27 00:00:00+08:00,28.756334128944616,29.814468093257506,28.569605164510012,29.098670959472656,8383863,0.0,0.0
2014-10-28 00:00:00+08:00,29.689978568081457,30.125681027555217,28.818573649133935,29.129789352416992,11242530,0.0,0.0
2014-10-29 00:00:00+08:00,29.534369262706534,29.565490356625528,28.94305898069657,29.03642463684082,7416658,0.0,0.0
2014-10-30 00:00:00+08:00,29.192030484985107,29.254272668567644,28.38286785208951,28.569599151611328,5911098,0.0,0.0
2014-10-31 00:00:00+08:00,28.725203744987642,29.06754046485303,28.32062247417329,28.41398811340332,8668154,0.0,0.0
2014-11-03 00:00:00+08:00,28.63184197332927,29.752217923495156,28.569599788359504,29.68997573852539,15555734,0.0,0.0
2014-11-04 00:00:00+08:00,28.75632799708504,28.943056921702475,28.10277557373047,28.10277557373047,13758875,0.0,0.0
2014-11-05 00:00:00+08:00,28.102778761375795,28.351749897643668,28.009413101283236,28.258386611938477,6413767,0.0,0.0
2014-11-06 00:00:00+08:00,28.25838722813959,28.351750515880656,27.884926954013068,27.916048049926758,3865394,0.0,0.0
2014-11-07 00:00:00+08:00,27.91604502748076,28.165018516608963,27.729316097828185,27.884923934936523,3198508,0.0,0.0
2014-11-10 00:00:00+08:00,28.19613647460938,28.47623102514391,28.071649743884375,28.196136474609375,3700609,0.0,0.0
2014-11-11 00:00:00+08:00,28.631840449507518,29.036421753440152,28.507353711806164,28.943056106567383,8851047,0.0,0.0
2014-11-12 00:00:00+08:00,28.81857711683959,29.16091395676647,28.662969246473946,29.067550659179688,5149704,0.0,0.0
2014-11-13 00:00:00+08:00,29.22315852954533,29.565495369472213,28.94306388800964,29.067550659179688,4443467,0.0,0.0
2014-11-14 00:00:00+08:00,29.25427278504172,29.31651496887207,29.036422767248386,29.31651496887207,4204908,0.0,0.0
2014-11-17 00:00:00+08:00,29.19203177234342,29.441002892040206,28.53847694396973,28.538476943969727,5014505,0.0,0.0
2014-11-18 00:00:00+08:00,28.72520872763034,28.943058757772654,28.227261731212625,28.445114135742188,2982737,0.0,0.0
2014-11-19 00:00:00+08:00,28.44511432898598,28.849693298339847,28.44511432898598,28.849693298339844,3840746,0.0,0.0
2014-11-20 00:00:00+08:00,28.88082057204207,29.87670995409004,28.88082057204207,29.503252029418945,9997847,0.0,0.0
2014-11-21 00:00:00+08:00,29.68997844089857,30.62362554674829,29.378762738948662,29.658857345581055,15645875,0.0,0.0
2014-11-24 00:00:00+08:00,29.876707515173816,30.00119427136452,29.129789352416992,29.129789352416992,4173494,0.0,0.0
2014-11-25 00:00:00+08:00,29.37875831644469,29.62772941589356,29.192029398261283,29.627729415893555,2726554,0.0,0.0
2014-11-26 00:00:00+08:00,29.752223187737147,29.9700756224516,29.378765263066054,29.503252029418945,3414134,0.0,0.0
2014-11-27 00:00:00+08:00,29.65885812853548,29.97007383870107,29.44100570678711,29.44100570678711,3514012,0.0,0.0
2014-11-28 00:00:00+08:00,29.627735299518076,30.187924539700504,29.409885247440183,29.752222061157227,5450472,0.0,0.0
2014-12-01 00:00:00+08:00,29.254276755565243,29.90782927203549,29.254276755565243,29.44100570678711,3471960,0.0,0.0
2014-12-02 00:00:00+08:00,28.943056106567383,28.943056106567383,28.943056106567383,28.943056106567383,10990062,0.0,0.0
2014-12-03 00:00:00+08:00,29.44100570678711,29.44100570678711,29.44100570678711,29.44100570678711,10502604,0.0,0.0
2014-12-04 00:00:00+08:00,29.254270553588867,29.254270553588867,29.254270553588867,29.254270553588867,4626014,0.0,0.0
2014-12-05 00:00:00+08:00,29.316513524441394,29.53436590588821,29.1297846077634,29.2231502532959,1262350,0.0,0.0
2014-12-08 00:00:00+08:00,29.25427786969743,29.534372494391185,29.160912203337,29.192035675048828,3319480,0.0,0.0
2014-12-09 00:00:00+08:00,29.129783821036636,29.472120554765077,29.03642055241266,29.254270553588867,3381540,0.0,0.0
2014-12-10 00:00:00+08:00,29.254279628740925,29.53437427027662,29.00530608640083,29.067550659179688,4612093,0.0,0.0
2014-12-11 00:00:00+08:00,28.943058954399266,29.067545704349403,28.756330016667693,28.849693298339844,1706222,0.0,0.0
2014-12-12 00:00:00+08:00,29.098671758375282,29.254279628740925,28.88082168961845,29.067550659179688,1517326,0.0,0.0
2014-12-15 00:00:00+08:00,28.69408575532852,28.818572506583777,28.569601378460547,28.63184356689453,2258907,0.0,0.0
2014-12-16 00:00:00+08:00,28.75632497087043,28.818567147730395,28.351743698120117,28.351743698120117,3177181,0.0,0.0
2014-12-17 00:00:00+08:00,28.351747446261534,28.569599842845502,27.884923934936523,27.884923934936523,4331575,0.0,0.0
2014-12-18 00:00:00+08:00,28.196136517782193,29.16090452720111,28.133894339517838,29.00529670715332,4624753,0.0,0.0
2014-12-19 00:00:00+08:00,29.254273958670815,29.254273958670815,28.53847694396973,28.538476943969727,3432963,0.0,0.0
2014-12-22 00:00:00+08:00,28.631842567888548,29.565489608145782,28.600721474757414,29.53436851501465,4794887,0.0,0.0
2014-12-23 00:00:00+08:00,29.876712548209603,30.001199325371367,29.31652323817556,29.347646713256836,3010126,0.0,0.0
2014-12-24 00:00:00+08:00,29.565491692286997,29.970073054673243,29.472126031924827,29.938949584960938,4502483,0.0,0.0
2014-12-25 00:00:00+08:00,30.001194142848476,30.001194142848476,29.658857345581055,29.658857345581055,1381625,0.0,0.0
2014-12-26 00:00:00+08:00,30.2501659672552,31.090449806249048,30.187923775205622,30.90372085571289,11767135,0.0,0.0
2014-12-29 00:00:00+08:00,31.12156998877432,33.05110637832338,31.12156998877432,31.744001388549805,10270512,0.0,0.0
2014-12-30 00:00:00+08:00,32.0552140721735,33.300076754588005,32.0552140721735,32.988861083984375,8291149,0.0,0.0
2014-12-31 00:00:00+08:00,33.175589131086234,33.362318053615745,32.241942144051606,32.553157806396484,6151200,0.0,0.0
2015-01-05 00:00:00+08:00,32.366433009827226,32.864377658177865,32.117459498458224,32.8021354675293,4312718,0.0,0.0
2015-01-06 00:00:00+08:00,32.49091402248773,32.49091402248773,31.495022527430717,31.806238174438477,5120325,0.0,0.0
2015-01-07 00:00:00+08:00,31.432784689495055,31.868487130365512,30.810353309505054,31.18381118774414,6318283,0.0,0.0
2015-01-08 00:00:00+08:00,31.806241546287012,33.36231994628906,31.495025866286603,33.36231994628906,8316588,0.0,0.0
2015-01-09 00:00:00+08:00,33.673532328033474,33.73577688256915,32.67764319933242,32.92661666870117,6948116,0.0,0.0
2015-01-12 00:00:00+08:00,32.926621039163734,32.926621039163734,32.11745834350586,32.11745834350586,3240635,0.0,0.0
2015-01-13 00:00:00+08:00,32.30419096693849,33.11335132100781,32.117459645363944,32.739891052246094,6131257,0.0,0.0
2015-01-14 00:00:00+08:00,32.7398885580932,34.980642876798775,32.5531596251312,34.358211517333984,7520210,0.0,0.0
2015-01-15 00:00:00+08:00,34.3582123152789,34.60718344021466,32.864376068115234,32.864376068115234,5471094,0.0,0.0
2015-01-16 00:00:00+08:00,33.23784491807321,34.17149222055406,32.36643981933594,32.36643981933594,5121201,0.0,0.0
2015-01-19 00:00:00+08:00,32.98886231921968,33.4868069359531,32.42867314140257,32.67764663696289,2067163,0.0,0.0
2015-01-20 00:00:00+08:00,33.113347827103254,33.424563497706885,32.67764541338075,32.988861083984375,1933585,0.0,0.0
2015-01-21 00:00:00+08:00,33.23783797420667,34.420456218983574,33.05110665321108,33.735782623291016,6024818,0.0,0.0
2015-01-22 00:00:00+08:00,34.23372477056358,34.73166938325798,33.73578015786919,34.358211517333984,4352588,0.0,0.0
2015-01-23 00:00:00+08:00,34.73167419433594,36.163266044533536,34.420458471493525,34.73167419433594,6272214,0.0,0.0
2015-01-26 00:00:00+08:00,34.73166851187178,34.73166851187178,33.486805824174674,33.922508239746094,5200764,0.0,0.0
2015-01-27 00:00:00+08:00,33.922508239746094,34.17148172704037,33.30007689589754,33.922508239746094,5603367,0.0,0.0
2015-01-28 00:00:00+08:00,33.61129553147916,33.86026904072654,33.23783764199544,33.48680877685547,4954840,0.0,0.0
2015-01-29 00:00:00+08:00,33.549050750163175,33.86026642549164,32.98886158481707,33.17559051513672,4200233,0.0,0.0
2015-01-30 00:00:00+08:00,33.300079683998696,33.73578213604998,33.300079683998696,33.54905319213867,4974008,0.0,0.0
2015-02-02 00:00:00+08:00,33.36232187384002,33.67353757182131,33.05110617585872,33.54905319213867,2389577,0.0,0.0
2015-02-03 00:00:00+08:00,33.735778104382916,34.73166726915224,33.54904918278705,34.23372268676758,7877814,0.0,0.0
2015-02-04 00:00:00+08:00,34.73167168761735,36.34999475422982,34.48270055194515,35.354103088378906,11842230,0.0,0.0
2015-02-05 00:00:00+08:00,35.54083054503998,35.72756185695677,34.48269910757691,34.793914794921875,6479111,0.0,0.0
2015-02-06 00:00:00+08:00,35.41635690473638,35.789814892995054,34.98065433550928,35.2918701171875,7097408,0.0,0.0
2015-02-09 00:00:00+08:00,35.47858859661147,36.16326216363327,35.16737290716751,35.66531753540039,7144710,0.0,0.0
2015-02-10 00:00:00+08:00,34.85615400834517,34.85615400834517,33.92250702597878,34.23372268676758,12318607,0.0,0.0
2015-02-11 00:00:00+08:00,34.6694250867493,34.85615400834517,34.109235947574646,34.23372268676758,4902084,0.0,0.0
2015-02-12 00:00:00+08:00,34.358215806908746,34.482702569221146,33.237839694872186,33.611297607421875,6312755,0.0,0.0
2015-02-13 00:00:00+08:00,34.171483077176504,34.54494094848633,33.673536082913756,34.54494094848633,4118830,0.0,0.0
2015-02-24 00:00:00+08:00,34.85615525551892,35.291857671090334,33.922508239746094,33.922508239746094,7378026,0.0,0.0
2015-02-25 00:00:00+08:00,33.9847526550293,34.35821291048348,33.42456583342897,33.9847526550293,6809938,0.0,0.0
2015-02-26 00:00:00+08:00,33.735785159140185,34.10924308042866,33.54905619849595,34.047000885009766,3428708,0.0,0.0
2015-03-02 00:00:00+08:00,33.922508239746094,34.35821065531751,33.486805824174674,33.922508239746094,4615423,0.0,0.0
2015-03-03 00:00:00+08:00,33.922511230844705,34.046997985468394,33.48680877685547,33.48680877685547,3581332,0.0,0.0
2015-03-04 00:00:00+08:00,33.486807147258844,35.16737231692752,33.486807147258844,34.54494094848633,9162185,0.0,0.0
2015-03-05 00:00:00+08:00,34.60718776694248,35.22961921868164,33.922514119784424,34.047000885009766,7290780,0.0,0.0
2015-03-06 00:00:00+08:00,34.23372742471261,34.3582141811345,33.48680926056868,33.67353820800781,5409731,0.0,0.0
2015-03-09 00:00:00+08:00,33.54905125379908,33.61129344004427,32.988862080043454,33.36231994628906,4075889,0.0,0.0
2015-03-10 00:00:00+08:00,33.54905200405994,33.79802312899571,32.73988931845372,32.864376068115234,9472722,0.0,0.0
2015-03-11 00:00:00+08:00,32.677646137432724,33.051104000677086,32.36643045993337,32.49091720581055,6964000,0.0,0.0
2015-03-12 00:00:00+08:00,33.11335088737175,33.48680877685547,32.677648433382515,33.48680877685547,5907167,0.0,0.0
2015-03-13 00:00:00+08:00,33.61129538197999,34.48270028608256,33.48680862791001,33.54905319213867,8359889,0.0,0.0
2015-03-16 00:00:00+08:00,33.54905319213867,33.54905319213867,33.54905319213867,33.54905319213867,0,0.0,0.0
2015-03-17 00:00:00+08:00,33.86026952983434,34.171485233695364,33.611296016990565,33.67353820800781,6036445,0.0,0.0
2015-03-18 00:00:00+08:00,33.860268950821954,34.48270034790039,33.735782196528795,34.48270034790039,8849560,0.0,0.0
2015-03-19 00:00:00+08:00,34.79391604643961,34.85615823639252,34.23372683931407,34.48270034790039,7897441,0.0,0.0
2015-03-20 00:00:00+08:00,34.48269910757691,34.793914794921875,33.984752108315156,34.793914794921875,6369193,0.0,0.0
2015-03-23 00:00:00+08:00,34.7939144456177,35.04288556836183,34.358212012831416,34.54494094848633,5354913,0.0,0.0
2015-03-24 00:00:00+08:00,34.79391182594223,34.79391182594223,34.04699376517171,34.23372268676758,3591845,0.0,0.0
2015-03-25 00:00:00+08:00,34.29596609630036,34.4204528399475,33.73577931146895,33.922508239746094,3376780,0.0,0.0
2015-03-26 00:00:00+08:00,33.798026563696716,33.86027113204666,33.486810845109474,33.611297607421875,4196037,0.0,0.0
2015-03-27 00:00:00+08:00,33.61129153324647,33.79802045577598,31.370539714118202,32.553157806396484,10058392,0.0,0.0
2015-03-30 00:00:00+08:00,32.61540494317946,33.79802312899571,32.61540494317946,32.864376068115234,5928039,0.0,0.0
2015-03-31 00:00:00+08:00,33.11334991455078,33.61129454402931,32.802134224328285,33.11334991455078,6792148,0.0,0.0
2015-04-01 00:00:00+08:00,32.73989281092773,32.86437957386866,31.55727449895763,31.86849021911621,7052606,0.0,0.0
2015-04-02 00:00:00+08:00,32.055221405999276,32.988868631416736,31.930734634399414,31.930734634399414,9559331,0.0,0.0
2015-04-07 00:00:00+08:00,31.93073385807134,32.179707395217804,31.619518123832073,31.6817626953125,5831826,0.0,0.0
2015-04-08 00:00:00+08:00,31.681757539051755,31.743999726014536,30.997081610524983,31.059326171875,11616184,0.0,0.0
2015-04-09 00:00:00+08:00,30.872590953607094,31.059322239628912,29.0052970884844,29.254270553588867,17504404,0.0,0.0
2015-04-10 00:00:00+08:00,29.876706098629377,31.246055603027344,29.814463910678807,31.246055603027344,12928515,0.0,0.0
2015-04-13 00:00:00+08:00,31.24605734438432,31.432786293029785,30.374652418188926,31.121570587158203,9617161,0.0,0.0
2015-04-14 00:00:00+08:00,31.12156998877432,32.11745927866015,30.779233193775273,31.744001388549805,9681516,0.0,0.0
2015-04-15 00:00:00+08:00,31.121572514170225,31.49503043458525,30.094559671447588,30.187925338745117,12443753,0.0,0.0
2015-04-16 00:00:00+08:00,30.56138101398098,30.748112334857904,30.34353097214107,30.405773162841797,5554142,0.0,0.0
2015-04-17 00:00:00+08:00,30.15679924896011,30.15679924896011,29.347638972417364,29.68997573852539,9855763,0.0,0.0
2015-04-20 00:00:00+08:00,29.441003882554366,30.623624457660668,29.441003882554366,30.374650955200195,6426167,0.0,0.0
2015-04-21 00:00:00+08:00,30.46801579198991,30.997081502491316,30.125679016113285,30.12567901611328,4630045,0.0,0.0
2015-04-22 00:00:00+08:00,30.499134432412557,31.806239244046854,30.405768785415663,31.557268142700195,11372462,0.0,0.0
2015-04-23 00:00:00+08:00,32.05521917633386,32.05521917633386,31.432787736016692,31.86849021911621,6618073,0.0,0.0
2015-04-24 00:00:00+08:00,32.11745927866015,32.17970384327012,31.619514633717234,31.744001388549805,4461905,0.0,0.0
2015-04-27 00:00:00+08:00,32.24194961832047,32.24194961832047,30.65474984729732,31.028207778930664,9841096,0.0,0.0
2015-04-28 00:00:00+08:00,31.432785955022563,31.74400165754754,30.685867794085144,30.872596740722656,6427195,0.0,0.0
2015-04-29 00:00:00+08:00,31.12156889184593,31.18381107987471,29.876706136172093,29.97007179260254,6958892,0.0,0.0
2015-04-30 00:00:00+08:00,30.00119493484014,30.125681693783864,29.285397851704314,29.44100570678711,10829789,0.0,0.0
2015-05-04 00:00:00+08:00,27.44922542963953,27.947172478889115,27.386983235677082,27.542591094970703,28820898,0.0,0.0
2015-05-05 00:00:00+08:00,27.60483359324671,29.347643536057856,27.60483359324671,29.192035675048828,15527433,0.0,0.0
2015-05-06 00:00:00+08:00,28.943058472844324,30.37465013748391,28.445113855715846,30.12567901611328,17733316,0.0,0.0
2015-05-07 00:00:00+08:00,29.9389454443708,30.810350239276882,29.565487603346504,29.8767032623291,9837127,0.0,0.0
2015-05-08 00:00:00+08:00,29.876711110203498,30.34353472130043,28.94306388800964,29.067550659179688,9751282,0.0,0.0
2015-05-11 00:00:00+08:00,29.316511545488385,29.534363912229512,28.41398811340332,28.41398811340332,8218172,0.0,0.0
2015-05-12 00:00:00+08:00,28.41398824936693,28.78744605930041,28.165014793153375,28.351743698120117,8841321,0.0,0.0
2015-05-13 00:00:00+08:00,28.351745883276234,29.129785025925894,28.351745883276234,28.943056106567383,12580779,0.0,0.0
2015-05-14 00:00:00+08:00,28.943060405324633,29.721099663532286,28.943060405324633,29.129789352416992,12642445,0.0,0.0
2015-05-15 00:00:00+08:00,29.565491348347333,29.689978102586267,29.192033460017885,29.409883499145508,7511226,0.0,0.0
2015-05-18 00:00:00+08:00,29.409884610648035,29.5966135618699,28.974182141538726,29.44100570678711,4117063,0.0,0.0
2015-05-19 00:00:00+08:00,29.441007769687136,30.094560331951115,29.192036608741983,29.565494537353516,9132102,0.0,0.0
2015-05-20 00:00:00+08:00,29.565489929479845,29.689976677744575,29.503247742541095,29.59661102294922,10381881,0.0,0.0
2015-05-21 00:00:00+08:00,29.47212401109896,30.187921026428963,29.378760731525837,30.001192092895508,7375526,0.0,0.0
2015-05-22 00:00:00+08:00,30.187923886062006,30.405773933422942,29.254276755565243,29.44100570678711,7940885,0.0,0.0
2015-05-25 00:00:00+08:00,29.441004309979192,30.03231460611699,29.441004309979192,29.814464569091797,3764998,0.0,0.0
2015-05-26 00:00:00+08:00,30.09455537246863,30.156799933237924,29.783339691783794,30.001192092895508,3356072,0.0,0.0
2015-05-27 00:00:00+08:00,30.03231589297121,30.530260552070448,29.907829134599545,30.250165939331055,6478195,0.0,0.0
2015-05-28 00:00:00+08:00,30.561379746722977,30.561379746722977,30.125679681109897,30.4368953704834,5185565,0.0,0.0
2015-05-29 00:00:00+08:00,30.81035488128662,31.308299535803673,30.561381366834393,31.121570587158203,11863459,0.0,0.0
2015-06-01 00:00:00+08:00,31.24605734438432,31.24605734438432,31.028204925641766,31.121570587158203,5340076,0.0,0.0
2015-06-02 00:00:00+08:00,31.121565091105175,31.246051826346992,30.685862704952307,30.716983795166016,3630542,0.0,0.0
2015-06-03 00:00:00+08:00,30.561380633484095,30.716988482685924,28.725209912412403,29.409883499145508,5693878,0.0,0.0
2015-06-04 00:00:00+08:00,29.316520692695818,29.65885989376316,29.036428436386288,29.503252029418945,4323253,0.0,0.0
2015-06-05 00:00:00+08:00,29.44099946522375,29.44099946522375,28.320623621027522,29.254270553588867,8008645,0.0,0.0
2015-06-08 00:00:00+08:00,28.694087015654876,28.974181624684945,27.698197710645065,28.320629119873047,9599245,0.0,0.0
2015-06-09 00:00:00+08:00,27.760437688158035,28.227261207853882,26.32884603596822,26.795669555664062,13216883,0.0,0.0
2015-06-10 00:00:00+08:00,27.54258817271914,28.631843072205207,27.262493580830984,28.445114135742188,11515228,0.0,0.0
2015-06-11 00:00:00+08:00,28.943055829907976,29.596608228609142,28.694082356885147,29.160905838012695,20884466,0.0,0.0
2015-06-12 00:00:00+08:00,29.067542844268733,29.067542844268733,28.694082631164676,28.943056106567383,93614242,0.0,0.0
2015-06-15 00:00:00+08:00,28.631842567888548,29.596610701276916,28.53847691410794,29.53436851501465,8047589,0.0,0.0
2015-06-16 00:00:00+08:00,29.53437343903382,29.876710269325656,29.31652100202076,29.565494537353516,4555730,0.0,0.0
2015-06-17 00:00:00+08:00,29.5654942254016,29.81446775810738,29.378765263066054,29.503252029418945,4481866,0.0,0.0
2015-06-18 00:00:00+08:00,29.689974341816953,30.063432182841247,29.47212195589691,29.8767032623291,5560964,0.0,0.0
2015-06-22 00:00:00+08:00,29.938946809600957,30.685864900096412,29.503246766666834,30.499135971069336,7277573,0.0,0.0
2015-06-23 00:00:00+08:00,30.49913597106934,30.77923055180353,30.21904139033515,30.499135971069336,6975866,0.0,0.0
2015-06-24 00:00:00+08:00,30.312410226769572,31.24605734438432,30.312410226769572,31.121570587158203,8240759,0.0,0.0
2015-06-25 00:00:00+08:00,30.810354288886575,32.055217088437544,30.810354288886575,31.744001388549805,13679476,0.0,0.0
2015-06-26 00:00:00+08:00,31.744002036677983,32.05521774291992,31.495028521929466,32.05521774291992,10126820,0.0,0.0
2015-06-29 00:00:00+08:00,31.744002971757187,31.868489732798437,30.56138230344654,30.74811363220215,11446218,0.0,0.0
2015-06-30 00:00:00+08:00,30.49914011011965,30.934842586570284,30.18792439471027,30.74811363220215,7524904,0.0,0.0
2015-07-01 00:00:00+08:00,30.623628177819803,31.37054640154957,30.436899215484257,29.503252029418945,5090616,0.0,0.0
2015-07-02 00:00:00+08:00,31.28049232147552,31.543907998503595,29.96341896057129,29.96341896057129,9457390,2.598779,0.0
2015-07-03 00:00:00+08:00,30.22683825996079,30.35854360214022,29.634154171679842,29.930496215820312,4894297,0.0,0.0
2015-07-06 00:00:00+08:00,29.568295512454792,29.634148170208107,28.481709074700014,28.646343231201172,7988321,0.0,0.0
2015-07-07 00:00:00+08:00,28.942685040974954,29.436587507503134,28.942685040974954,29.23902702331543,8202250,0.0,0.0
2015-07-08 00:00:00+08:00,29.23902968900177,29.23902968900177,27.3621986378156,27.55975914001465,8765555,0.0,0.0
2015-07-09 00:00:00+08:00,26.736587832955685,27.32927184159656,26.47317467187377,26.868295669555664,10382619,0.0,0.0
2015-07-10 00:00:00+08:00,26.868295669555664,26.868295669555664,26.868295669555664,26.868295669555664,0,0.0,0.0
2015-07-13 00:00:00+08:00,27.395127518956652,28.185372113413123,27.098787994139002,27.921958923339844,6677128,0.0,0.0
2015-07-14 00:00:00+08:00,28.185369105310816,28.317076942350006,27.460979769772333,27.592687606811523,5790271,0.0,0.0
2015-07-15 00:00:00+08:00,27.592685081091957,27.65853773752465,26.736585474760037,26.802440643310547,10053249,0.0,0.0
2015-07-16 00:00:00+08:00,26.967079162597656,27.26342118875948,26.736589803530364,26.967079162597656,3985553,0.0,0.0
2015-07-17 00:00:00+08:00,26.83536688216179,27.098782531250993,26.637806401403793,26.703659057617188,4877653,0.0,0.0
2015-07-20 00:00:00+08:00,27.00000046407511,27.131708285835614,26.76951366008255,27.065853118896484,4697648,0.0,0.0
2015-07-21 00:00:00+08:00,27.197565028107903,27.197565028107903,25.353662782698883,26.110980987548828,5952370,0.0,0.0
2015-07-22 00:00:00+08:00,25.880492286448924,26.11098164298461,25.090247729403224,25.12317657470703,5008682,0.0,0.0
2015-07-23 00:00:00+08:00,24.95854377746582,25.386591156796456,23.871957137398947,24.95854377746582,8891877,0.0,0.0
2015-07-24 00:00:00+08:00,24.728053040125083,25.287810752753295,24.728053040125083,25.12317657470703,2956750,0.0,0.0
2015-07-27 00:00:00+08:00,25.156102156968373,25.814638849495722,23.70732093098458,24.300004959106445,8520238,0.0,0.0
2015-07-28 00:00:00+08:00,24.102443988098067,25.748785859200897,24.102443988098067,24.23415184020996,7621928,0.0,0.0
2015-07-29 00:00:00+08:00,24.46464127355952,24.629275461101322,23.60854148864746,23.60854148864746,8511548,0.0,0.0
2015-07-30 00:00:00+08:00,23.90487896543365,24.201220948863714,23.180489683376027,23.50975799560547,8066700,0.0,0.0
2015-07-31 00:00:00+08:00,23.970737059963664,25.15610262619963,23.74024770600895,24.36585807800293,13891419,0.0,0.0
2015-08-03 00:00:00+08:00,24.76097792521988,24.76097792521988,23.674393920931912,23.937807083129883,4358592,0.0,0.0
2015-08-04 00:00:00+08:00,23.904877989456427,24.234146288242652,22.489025811946313,22.587804794311523,9438055,0.0,0.0
2015-08-05 00:00:00+08:00,21.468296755024966,23.246346458419644,20.743907344661874,23.015859603881836,14068559,0.0,0.0
2015-08-06 00:00:00+08:00,23.18049693315656,23.476839009268637,22.884154857044486,23.3780574798584,8141816,0.0,0.0
2015-08-07 00:00:00+08:00,23.31220047163376,23.674395158665845,22.719516429495304,23.21341896057129,7030463,0.0,0.0
2015-08-10 00:00:00+08:00,23.246342340974774,23.575610653204212,22.81829504234722,23.50975799560547,2589656,0.0,0.0
2015-08-11 00:00:00+08:00,23.90487896543365,24.13536829126497,23.279268669774144,23.50975799560547,5105244,0.0,0.0
2015-08-12 00:00:00+08:00,23.18049693315656,23.509765348365836,22.785373327634247,23.3780574798584,4813728,0.0,0.0
2015-08-13 00:00:00+08:00,23.47683221070425,23.970734690490865,23.246342879533078,23.674392700195312,8230718,0.0,0.0
2015-08-14 00:00:00+08:00,23.44390707799554,23.904883301149262,23.4109807432242,23.57561492919922,2794265,0.0,0.0
2015-08-17 00:00:00+08:00,23.443904338858648,23.542685843749563,23.18049117934625,23.27927017211914,1589833,0.0,0.0
2015-08-18 00:00:00+08:00,23.246345293552718,23.542687314621944,22.950003272483492,23.21341896057129,4725238,0.0,0.0
2015-08-19 00:00:00+08:00,23.24634283776894,23.641466328159108,22.7853666883727,23.048782348632812,4799680,0.0,0.0
2015-08-20 00:00:00+08:00,22.456100741407507,23.509760981640515,22.456100741407507,23.21341896057129,5738569,0.0,0.0
2015-08-21 00:00:00+08:00,22.982933585683277,23.839030858476992,22.982933585683277,23.60854148864746,9807202,0.0,0.0
2015-08-24 00:00:00+08:00,23.246344162037357,25.682930365835063,23.04878366164685,24.662199020385742,15481699,0.0,0.0
2015-08-25 00:00:00+08:00,24.662199912173325,26.143907486857884,24.39878422738214,25.41951560974121,10134810,0.0,0.0
2015-08-26 00:00:00+08:00,25.057323164825863,25.287812537630064,24.728054785492755,24.925615310668945,4460350,0.0,0.0
2015-08-27 00:00:00+08:00,24.925613734670574,25.024395247072093,24.365858530043877,24.431711196899414,4262253,0.0,0.0
2015-08-28 00:00:00+08:00,24.760978698730472,25.880491581369046,24.431710351608427,24.76097869873047,10243224,0.0,0.0
2015-08-31 00:00:00+08:00,24.760979096042195,24.760979096042195,23.839029216577853,24.36585807800293,10593615,0.0,0.0
2015-09-01 00:00:00+08:00,24.135370631830288,24.36585746789557,23.839028619661992,24.102441787719727,4760500,0.0,0.0
2015-09-02 00:00:00+08:00,24.03658897469359,24.464638824295644,23.93780746721063,24.168296813964844,4990851,0.0,0.0
2015-09-03 00:00:00+08:00,24.464636286697125,25.353659713357327,24.464636286697125,25.05731773376465,6766685,0.0,0.0
2015-09-04 00:00:00+08:00,25.353660861387947,25.682929184263116,24.76097687536547,24.859758377075195,3566928,0.0,0.0
2015-09-07 00:00:00+08:00,24.79390900197866,25.485372069196117,24.629274818730774,24.695127487182617,2441092,0.0,0.0
2015-09-08 00:00:00+08:00,24.76097778523286,24.991467126985807,24.36585678811071,24.6292724609375,2709721,0.0,0.0
2015-09-09 00:00:00+08:00,25.35366373062134,26.539029324694276,25.0243953704834,26.341468811035156,11419562,0.0,0.0
2015-09-10 00:00:00+08:00,25.748784757939575,26.473176657513978,25.748784757939575,26.341468811035156,4787069,0.0,0.0
2015-09-11 00:00:00+08:00,25.913413442026673,26.242681732330027,25.682926643661407,25.748779296875,3091461,0.0,0.0
2015-09-14 00:00:00+08:00,25.880494848407945,26.012202706306603,25.189031734588042,25.84756851196289,2939300,0.0,0.0
2015-09-15 00:00:00+08:00,25.979270568055295,25.979270568055295,25.05731828077761,25.221952438354492,3797254,0.0,0.0
2015-09-16 00:00:00+08:00,25.48537078699808,25.814639136927983,25.189028769637538,25.41951560974121,5087100,0.0,0.0
2015-09-17 00:00:00+08:00,25.74878464016002,26.209760844668192,25.61707930640187,25.781713485717773,6622236,0.0,0.0
2015-09-18 00:00:00+08:00,25.584147082600055,25.748781240176935,25.221952438354492,25.221952438354492,4520011,0.0,0.0
2015-09-21 00:00:00+08:00,24.695125659862597,24.695125659862597,23.542686462402344,23.542686462402344,7490669,0.0,0.0
2015-09-22 00:00:00+08:00,23.970734957747904,24.497563772970484,23.83902712591277,24.332929611206055,6181625,0.0,0.0
2015-09-23 00:00:00+08:00,23.77317128360484,24.16829476796895,23.41097664035948,23.44390296936035,6064216,0.0,0.0
2015-09-24 00:00:00+08:00,23.70732071189261,24.102441718910246,23.476833876485337,23.641468048095703,3577103,0.0,0.0
2015-09-25 00:00:00+08:00,23.83902953832073,24.069516383268034,23.575613847993925,23.87195587158203,3792571,0.0,0.0
2015-09-29 00:00:00+08:00,23.87195587158203,23.87195587158203,23.87195587158203,23.87195587158203,0,0.0,0.0
2015-09-30 00:00:00+08:00,23.246344086857746,24.563417434692383,23.246344086857746,24.563417434692383,5038750,0.0,0.0
2015-10-01 00:00:00+08:00,24.859758916654087,25.189027246675995,24.56341691721077,25.02439308166504,4186582,0.0,0.0
2015-10-02 00:00:00+08:00,25.02439308166504,25.1561009160974,24.826832586075493,25.02439308166504,2617573,0.0,0.0
2015-10-05 00:00:00+08:00,25.353664172909657,25.353664172909657,25.09024847535679,25.320737838745117,3327157,0.0,0.0
2015-10-06 00:00:00+08:00,25.682933227328952,26.341469976747646,25.650006892281688,26.143909454345703,8631145,0.0,0.0
2015-10-07 00:00:00+08:00,26.473175121860834,27.856101149372265,25.94634627862401,27.55975914001465,10380771,0.0,0.0
2015-10-08 00:00:00+08:00,27.85610130943718,27.85610130943718,27.06585678398205,27.131711959838867,5185760,0.0,0.0
2015-10-12 00:00:00+08:00,27.559758454252517,27.5926872972314,27.000003293263767,27.460979461669922,7544329,0.0,0.0
2015-10-13 00:00:00+08:00,27.395125272520715,27.8561014574962,27.000004263752075,27.69146728515625,3601083,0.0,0.0
2015-10-14 00:00:00+08:00,27.59268898606925,27.59268898606925,27.296346965947528,27.428054809570312,1968091,0.0,0.0
2015-10-15 00:00:00+08:00,27.98780884152539,29.27195586726605,27.75732200885417,28.251224517822266,6196741,0.0,0.0
2015-10-16 00:00:00+08:00,27.98780860581105,28.11951644285024,27.13171143323338,27.592687606811523,2721615,0.0,0.0
2015-10-19 00:00:00+08:00,27.658541651821555,27.856102161196645,27.32927329882368,27.428054809570312,1511341,0.0,0.0
2015-10-20 00:00:00+08:00,27.59268768369107,28.053661346435547,27.395124671522805,28.053661346435547,2298127,0.0,0.0
2015-10-21 00:00:00+08:00,28.11951831189747,28.284152491109843,27.395126416092086,27.493907928466797,2573883,0.0,0.0
2015-10-22 00:00:00+08:00,27.197564768136395,27.823175125451833,27.197564768136395,27.69146728515625,2430425,0.0,0.0
2015-10-23 00:00:00+08:00,28.25121947784134,28.284145803474917,27.757317056984796,27.823169708251953,3174360,0.0,0.0
2015-10-26 00:00:00+08:00,28.119517657888995,28.481712341308594,28.02073614781176,28.481712341308594,2755517,0.0,0.0
2015-10-27 00:00:00+08:00,28.251223666970255,28.382928989034014,27.856100164425012,27.95488166809082,2677718,0.0,0.0
2015-10-28 00:00:00+08:00,28.11951384632652,28.152440174516425,27.0329274312349,27.329269409179688,3963053,0.0,0.0
2015-10-29 00:00:00+08:00,27.625615700324825,27.658542033655536,26.76951847313532,27.395126342773438,4477130,0.0,0.0
2015-10-30 00:00:00+08:00,27.395126712942584,27.625616073608395,26.83537150240235,27.6256160736084,2750167,0.0,0.0
2015-11-02 00:00:00+08:00,27.526832886495303,27.823174896694365,27.49390655472165,27.658540725708008,5114327,0.0,0.0
2015-11-03 00:00:00+08:00,27.92195959507507,28.613422689815053,27.889030747420197,28.02073860168457,3389050,0.0,0.0
2015-11-04 00:00:00+08:00,28.317079544067383,28.975616277650346,27.921958508764916,28.317079544067383,8782817,0.0,0.0
2015-11-05 00:00:00+08:00,28.778052116297534,28.810978446384098,28.35000228881836,28.35000228881836,1917975,0.0,0.0
2015-11-06 00:00:00+08:00,28.382932103556158,28.94268983222255,27.658542704244677,27.75732421875,3894563,0.0,0.0
2015-11-09 00:00:00+08:00,27.428053814429752,28.317077330421327,27.428053814429752,28.18536949157715,2903615,0.0,0.0
2015-11-10 00:00:00+08:00,27.987809067680722,27.987809067680722,27.526832886495303,27.658540725708008,1859000,0.0,0.0
2015-11-11 00:00:00+08:00,27.658542704244677,27.856103221137058,27.362200672846974,27.75732421875,3601300,0.0,0.0
2015-11-12 00:00:00+08:00,27.658539181085885,27.75732068300837,26.901221031994687,27.263418197631836,4971561,0.0,0.0
2015-11-13 00:00:00+08:00,27.00000688764811,27.526835787910255,26.078054428100586,26.078054428100586,4441082,0.0,0.0
2015-11-16 00:00:00+08:00,25.024397849763986,25.814642494811807,25.024397849763986,25.254884719848633,4561561,0.0,0.0
2015-11-17 00:00:00+08:00,25.48537157710016,26.6048845039928,25.48537157710016,26.341468811035156,4957380,0.0,0.0
2015-11-18 00:00:00+08:00,26.374394844086503,26.637810534042497,26.012200154485658,26.209760665893555,3087683,0.0,0.0
2015-11-19 00:00:00+08:00,26.670737171173098,26.670737171173098,26.14390829737604,26.341468811035156,2704660,0.0,0.0
2015-11-20 00:00:00+08:00,26.143907157631684,26.736588672771074,26.143907157631684,26.53902816772461,1659652,0.0,0.0
2015-11-23 00:00:00+08:00,26.90122284566281,27.23049119144629,26.143907157631684,26.53902816772461,2994500,0.0,0.0
2015-11-24 00:00:00+08:00,26.80244415510646,27.26342034688827,26.473175805564903,26.67073631286621,2705961,0.0,0.0
2015-11-25 00:00:00+08:00,26.9341539928766,26.9341539928766,26.045127875976274,26.769519805908203,2473800,0.0,0.0
2015-11-26 00:00:00+08:00,27.00000594739658,27.29634797851117,27.00000594739658,27.03293228149414,1562130,0.0,0.0
2015-11-27 00:00:00+08:00,27.032932997786638,27.032932997786638,26.670738288879836,26.769519805908203,1219880,0.0,0.0
2015-11-30 00:00:00+08:00,26.078050154202714,26.47317364873181,25.748781831487438,26.012197494506836,5822572,0.0,0.0
2015-12-01 00:00:00+08:00,26.47317684452719,27.164639903277887,26.20976114970871,27.0000057220459,1831372,0.0,0.0
2015-12-02 00:00:00+08:00,27.263419642775116,27.658540647173215,26.835369794578774,27.55975914001465,2520329,0.0,0.0
2015-12-03 00:00:00+08:00,27.13171304031786,27.329273551519663,26.670736839434852,26.835371017456055,2670010,0.0,0.0
2015-12-04 00:00:00+08:00,26.60488151617692,26.83536833754176,26.143905361329303,26.637807846069336,1553798,0.0,0.0
2015-12-07 00:00:00+08:00,27.00000396509766,27.59268798381289,26.736588287420208,27.55975914001465,3036205,0.0,0.0
2015-12-08 00:00:00+08:00,27.559756951435016,27.625612121683716,26.83536766352445,26.901220321655273,2269701,0.0,0.0
2015-12-09 00:00:00+08:00,26.670732750082916,27.098782552153594,26.176830291748047,26.176830291748047,2629115,0.0,0.0
2015-12-10 00:00:00+08:00,26.0122017576122,26.27561746380245,25.682933380933566,26.078054428100586,2254773,0.0,0.0
2015-12-11 00:00:00+08:00,26.275613157526234,27.131710294162364,26.012197494506836,26.012197494506836,3895603,0.0,0.0
2015-12-14 00:00:00+08:00,25.353665928931754,26.045129042751658,25.189031734588042,25.84756851196289,1392331,0.0,0.0
2015-12-15 00:00:00+08:00,26.143908482063217,27.09878723563239,26.078053302299473,27.0000057220459,3680538,0.0,0.0
2015-12-16 00:00:00+08:00,27.329271864535546,29.634150214556616,27.131711365528776,28.119516372680664,8558714,0.0,0.0
2015-12-17 00:00:00+08:00,28.580494305499464,28.843907483027184,28.18537077103059,28.547565460205078,4324979,0.0,0.0
2015-12-18 00:00:00+08:00,27.98781025985525,28.94268899467395,27.98781025985525,28.547565460205078,2926274,0.0,0.0
2015-12-21 00:00:00+08:00,28.119517657888995,28.87683335738122,28.119517657888995,28.481712341308594,1935235,0.0,0.0
2015-12-22 00:00:00+08:00,28.48171103954608,28.67927153855285,28.119516372680664,28.119516372680664,1578714,0.0,0.0
2015-12-23 00:00:00+08:00,28.514633169954106,28.646340987261603,27.8560965955343,27.987804412841797,2027258,0.0,0.0
2015-12-24 00:00:00+08:00,28.251224667058278,28.44878516926551,27.987808989369917,28.18536949157715,988794,0.0,0.0
2015-12-25 00:00:00+08:00,28.185371694927134,28.481713727463124,28.152445360671642,28.317079544067383,852511,0.0,0.0
2015-12-28 00:00:00+08:00,28.415857315063473,28.54756263473281,28.284149483276195,28.415857315063477,974679,0.0,0.0
2015-12-29 00:00:00+08:00,28.41585837724984,28.514637370694203,28.02073486711826,28.119516372680664,1537724,0.0,0.0
2015-12-30 00:00:00+08:00,27.987811452827053,28.218298307003014,27.72439575195312,27.724395751953125,1265809,0.0,0.0
2015-12-31 00:00:00+08:00,27.987808989369917,28.415858837583983,27.790248487162685,28.18536949157715,1224620,0.0,0.0
2016-01-04 00:00:00+08:00,28.514637441849768,28.514637441849768,27.395124595193717,27.592687606811523,1914760,0.0,0.0
2016-01-05 00:00:00+08:00,27.526832432232908,27.79024810631129,27.26341927027257,27.592687606811523,1400219,0.0,0.0
2016-01-06 00:00:00+08:00,27.856098988715875,27.856098988715875,27.526830673217773,27.526830673217773,2519671,0.0,0.0
2016-01-07 00:00:00+08:00,27.79024888654907,27.79024888654907,26.539028167724613,26.53902816772461,2682615,0.0,0.0
2016-01-08 00:00:00+08:00,26.341465852801726,27.329270822281792,26.20975802111413,26.637807846069336,3442883,0.0,0.0
2016-01-11 00:00:00+08:00,26.34146899711795,27.49390826574186,25.880492787244737,27.0000057220459,5048984,0.0,0.0
2016-01-12 00:00:00+08:00,27.000006662816624,27.395127706693437,26.70366462384985,26.769519805908203,2474706,0.0,0.0
2016-01-13 00:00:00+08:00,26.93415053309316,27.16463736039476,26.506100697112462,26.736587524414062,3569377,0.0,0.0
2016-01-14 00:00:00+08:00,26.341468811035156,26.6048845039928,26.045126784487366,26.341468811035156,2133184,0.0,0.0
2016-01-15 00:00:00+08:00,26.736589838353396,26.80244501765192,26.14390829737604,26.341468811035156,3336752,0.0,0.0
2016-01-18 00:00:00+08:00,25.22195241814051,27.526830622369605,25.22195241814051,26.901220321655273,3733633,0.0,0.0
2016-01-19 00:00:00+08:00,26.86829651350809,27.000004354245103,26.37439399483287,26.53902816772461,5280506,0.0,0.0
2016-01-20 00:00:00+08:00,26.341466659154648,26.539027156674706,25.38658799033669,25.68292999267578,4124486,0.0,0.0
2016-01-21 00:00:00+08:00,25.814639570793204,25.88049223703871,24.39878463745117,24.398784637451172,6759839,0.0,0.0
2016-01-22 00:00:00+08:00,24.826832646620794,24.958540481374353,24.300003819724562,24.4975643157959,5886156,0.0,0.0
2016-01-25 00:00:00+08:00,24.89268877448117,26.308543799046642,24.859762439236977,26.078054428100586,6537864,0.0,0.0
2016-01-26 00:00:00+08:00,26.143907999463657,26.209760665893555,25.35366344171387,26.209760665893555,3509792,0.0,0.0
2016-01-27 00:00:00+08:00,26.539025677699993,26.934149162838565,26.50609934863458,26.901220321655273,5266026,0.0,0.0
2016-01-28 00:00:00+08:00,27.06585874541244,28.843908428510098,27.03293241115695,28.317079544067383,6886194,0.0,0.0
2016-01-29 00:00:00+08:00,29.535371068471346,31.1487865447998,29.436592067135873,31.148786544799805,16873098,0.0,0.0
2016-02-01 00:00:00+08:00,33.65122628730023,33.71708146833275,32.23537380869808,32.59756851196289,14387370,0.0,0.0
2016-02-02 00:00:00+08:00,32.59756356507518,33.124392372794226,32.531710906154515,32.79512405395508,14420952,0.0,0.0
2016-02-03 00:00:00+08:00,32.531710906154515,32.860979224993656,32.3341479051567,32.79512405395508,7036605,0.0,0.0
2016-02-15 00:00:00+08:00,32.795124628622474,34.046345266983465,32.56463780624343,33.58536911010742,8297758,0.0,0.0
2016-02-16 00:00:00+08:00,33.91463905116162,33.9804917143749,32.992686693467284,33.45366287231445,4648163,0.0,0.0
2016-02-17 00:00:00+08:00,33.58536911010742,34.836589748468406,33.45366127784027,33.58536911010742,12327497,0.0,0.0
2016-02-18 00:00:00+08:00,34.11219792705806,34.11219792705806,32.89390613085233,33.58536911010742,7041234,0.0,0.0
2016-02-19 00:00:00+08:00,33.585370184148395,34.243906854425816,33.585370184148395,33.91463851928711,5786082,0.0,0.0
2016-02-22 00:00:00+08:00,34.24390524646301,35.231710205495595,33.58536860710795,34.04634475708008,11090354,0.0,0.0
2016-02-23 00:00:00+08:00,34.17805035679626,34.17805035679626,33.05853764053237,33.3878059387207,5931872,0.0,0.0
2016-02-24 00:00:00+08:00,33.3878109025899,33.58537140845128,32.926834714167924,33.190250396728516,5332850,0.0,0.0
2016-02-25 00:00:00+08:00,33.65122896892937,33.91464468981415,33.19025522555873,33.51952362060547,6699769,0.0,0.0
2016-02-26 00:00:00+08:00,33.98048670607918,34.112194525211734,33.25609746902667,33.65121841430664,4957741,0.0,0.0
2016-03-01 00:00:00+08:00,33.58536530403175,34.507317513303214,33.58536530403175,34.1121940612793,5202774,0.0,0.0
2016-03-02 00:00:00+08:00,34.770730635868155,35.560975027798314,33.98048624393799,34.1121940612793,8375179,0.0,0.0
2016-03-03 00:00:00+08:00,34.44146625166696,34.573174083934106,33.32195344557312,33.58536911010742,5552376,0.0,0.0
2016-03-04 00:00:00+08:00,33.58537071085908,33.848786387948344,33.321955033769825,33.45366287231445,4040660,0.0,0.0
2016-03-07 00:00:00+08:00,33.58536641521015,33.65121907000072,32.86097716404292,33.3878059387207,3000396,0.0,0.0
2016-03-08 00:00:00+08:00,33.38780913172398,33.38780913172398,32.99268562884016,33.124393463134766,3088588,0.0,0.0
2016-03-09 00:00:00+08:00,32.926838515815014,33.256106900973165,32.235375409406586,32.46586227416992,3370205,0.0,0.0
2016-03-10 00:00:00+08:00,32.92682981883349,33.51951376041959,32.92682981883349,33.3878059387207,4129165,0.0,0.0
2016-03-11 00:00:00+08:00,33.585369627106886,33.65122228819519,32.86098030666354,33.124393463134766,2435042,0.0,0.0
2016-03-14 00:00:00+08:00,33.256100836885295,33.65122182217932,32.82805100938513,33.05854034423828,3010294,0.0,0.0
2016-03-15 00:00:00+08:00,33.25609811702182,33.51951376041959,32.76219566973932,33.3878059387207,5401210,0.0,0.0
2016-03-16 00:00:00+08:00,33.65122896892937,33.782936829371764,32.99269217883589,33.51952362060547,4013916,0.0,0.0
2016-03-17 00:00:00+08:00,34.11220026145434,34.11220026145434,33.05854255544822,33.190250396728516,4088449,0.0,0.0
2016-03-18 00:00:00+08:00,33.25609811702182,33.51951376041959,32.92682981883349,33.3878059387207,3832490,0.0,0.0
2016-03-21 00:00:00+08:00,33.45365859351127,33.51951376041959,32.92682981883349,33.3878059387207,2075666,0.0,0.0
2016-03-22 00:00:00+08:00,33.71707909295614,33.71707909295614,32.9926872253418,32.9926872253418,3112137,0.0,0.0
2016-03-23 00:00:00+08:00,33.12439460866037,33.25610244750977,32.66341842874652,32.92683410644531,3021188,0.0,0.0
2016-03-24 00:00:00+08:00,33.058541945294714,33.19024978414411,32.79512626759592,32.92683410644531,1353704,0.0,0.0
2016-03-25 00:00:00+08:00,32.8939094543457,33.05854363328425,32.79512794213529,32.8939094543457,683277,0.0,0.0
2016-03-28 00:00:00+08:00,33.05854034423828,33.12439300441463,32.795124679296954,33.05854034423828,1076100,0.0,0.0
2016-03-29 00:00:00+08:00,33.05853764053237,33.45365859351127,33.05853764053237,33.3878059387207,3940417,0.0,0.0
2016-03-30 00:00:00+08:00,33.71707795412702,36.02195629555206,33.5853701179077,34.44146728515625,14147416,0.0,0.0
2016-03-31 00:00:00+08:00,34.17805362537362,34.17805362537362,32.531711976986024,33.124393463134766,11419088,0.0,0.0
2016-04-01 00:00:00+08:00,32.92683456106691,33.0585424017348,32.26829786984557,32.9926872253418,4332452,0.0,0.0
2016-04-06 00:00:00+08:00,32.33414840698242,32.66341673093181,32.169514245007726,32.33414840698242,6066002,0.0,0.0
2016-04-07 00:00:00+08:00,32.13658958320167,32.13658958320167,31.6097607399593,31.675613403320312,4773724,0.0,0.0
2016-04-08 00:00:00+08:00,31.28049033028739,32.46585577722207,31.28049033028739,32.26829528808594,4789855,0.0,0.0
2016-04-11 00:00:00+08:00,32.46585958425819,32.8939094543457,32.40000691753006,32.8939094543457,3323900,0.0,0.0
2016-04-12 00:00:00+08:00,32.92683410644531,33.12439460866037,32.63049209706369,32.92683410644531,2983796,0.0,0.0
2016-04-13 00:00:00+08:00,33.190247043000774,33.3219523588547,32.8609787291302,33.256099700927734,3518989,0.0,0.0
2016-04-14 00:00:00+08:00,33.387810209101175,33.58537071085908,33.25610237055655,33.45366287231445,1617786,0.0,0.0
2016-04-15 00:00:00+08:00,33.32195281982422,33.32195281982422,32.8609791837227,33.32195281982422,2766525,0.0,0.0
2016-04-18 00:00:00+08:00,33.32195495905509,33.980491638183594,33.25610229598947,33.980491638183594,4702210,0.0,0.0
2016-04-19 00:00:00+08:00,34.11219947643291,34.178054651616605,33.32195495905509,33.980491638183594,5939696,0.0,0.0
2016-04-20 00:00:00+08:00,33.98049455251482,34.046349733346574,33.453665666452245,33.84878921508789,13049979,0.0,0.0
2016-04-21 00:00:00+08:00,33.585371321657725,34.04634750888842,33.45366348071779,33.717079162597656,3049008,0.0,0.0
2016-04-22 00:00:00+08:00,33.51952289314188,34.24391234167612,33.51952289314188,33.782936096191406,4302195,0.0,0.0
2016-04-25 00:00:00+08:00,33.58536811754742,35.03414920543382,33.51951545941899,34.507320404052734,6132703,0.0,0.0
2016-04-26 00:00:00+08:00,34.309758419399806,34.309758419399806,33.058540293156774,33.58536911010742,10789199,0.0,0.0
2016-04-27 00:00:00+08:00,33.256102906677576,33.32195557095247,32.26829786984557,32.9926872253418,12346633,0.0,0.0
2016-04-28 00:00:00+08:00,32.63048784804043,33.3878059387207,32.63048784804043,33.3878059387207,8258665,0.0,0.0
2016-04-29 00:00:00+08:00,32.92683472471425,33.058542566036735,32.53171371286493,32.564640045166016,4595895,0.0,0.0
2016-05-03 00:00:00+08:00,32.169515916037966,32.46585792540935,31.741468579939824,32.30122375488281,5368683,0.0,0.0
2016-05-04 00:00:00+08:00,32.13658531975374,32.86097708121281,31.708538040458503,32.7621955871582,7331710,0.0,0.0
2016-05-05 00:00:00+08:00,33.05853979804749,34.17805258737467,33.05853979804749,34.04634475708008,7447349,0.0,0.0
2016-05-06 00:00:00+08:00,33.914636926785484,34.57317356614054,33.651221266196295,34.04634475708008,5175068,0.0,0.0
2016-05-09 00:00:00+08:00,34.96829445884791,35.10000228881836,34.17805250326099,35.10000228881836,7472275,0.0,0.0
2016-05-10 00:00:00+08:00,35.10000342743434,35.4951269301632,34.17805361196965,34.902442932128906,8013720,0.0,0.0
2016-05-11 00:00:00+08:00,35.23171126167729,35.4951269301632,34.24390627303214,34.902442932128906,8675586,0.0,0.0
2016-05-12 00:00:00+08:00,34.30975566637739,34.77073178626461,33.25609811702182,33.3878059387207,6617394,0.0,0.0
2016-05-13 00:00:00+08:00,32.8609791837227,34.24390511626308,32.8609791837227,33.32195281982422,5379254,0.0,0.0
2016-05-16 00:00:00+08:00,33.51951265141992,34.1121940612793,33.124389199396006,34.1121940612793,1728050,0.0,0.0
2016-05-17 00:00:00+08:00,34.24390898204985,34.836593026971066,33.256103915259956,34.573177337646484,2548144,0.0,0.0
2016-05-18 00:00:00+08:00,34.83658981323242,34.902442473429446,34.24390582298738,34.83658981323242,3283536,0.0,0.0
2016-05-19 00:00:00+08:00,35.165858660955465,35.23171132213094,34.24390633179082,34.375614166259766,2722470,0.0,0.0
2016-05-20 00:00:00+08:00,34.57317512137557,35.100003954134834,34.44146728515625,34.44146728515625,2074588,0.0,0.0
2016-05-23 00:00:00+08:00,34.11219534155676,35.2317080627982,34.11219534155676,35.165855407714844,2486700,0.0,0.0
2016-05-24 00:00:00+08:00,35.165855407714844,35.2317080627982,34.57317146349356,35.165855407714844,3995786,0.0,0.0
2016-05-25 00:00:00+08:00,35.69269004740286,35.824397891320885,35.29756651564879,35.626834869384766,5651852,0.0,0.0
2016-05-26 00:00:00+08:00,35.4292733836685,35.82439690453891,34.70488403024992,34.77073669433594,5492070,0.0,0.0
2016-05-27 00:00:00+08:00,34.968296664750646,35.231712341308594,34.77073616339122,35.231712341308594,3890296,0.0,0.0
2016-05-30 00:00:00+08:00,35.29756500438904,35.49512801786654,34.9024440016702,35.231712341308594,4205288,0.0,0.0
2016-05-31 00:00:00+08:00,35.42927284266802,35.758541182306416,34.77073616339122,35.231712341308594,8766105,0.0,0.0
2016-06-01 00:00:00+08:00,35.297566066007775,35.62683441554933,34.83659238634411,35.56098175048828,2745665,0.0,0.0
2016-06-02 00:00:00+08:00,35.56098184283003,35.56098184283003,35.03415298461914,35.03415298461914,1957096,0.0,0.0
2016-06-03 00:00:00+08:00,35.297566066007775,35.692689592728534,34.90244505140517,35.56098175048828,1951120,0.0,0.0
2016-06-06 00:00:00+08:00,35.69268730836351,36.219516131488845,35.56097947455268,35.95610046386719,2249152,0.0,0.0
2016-06-07 00:00:00+08:00,35.95610046386719,35.95610046386719,35.95610046386719,35.95610046386719,0,0.0,0.0
2016-06-08 00:00:00+08:00,36.02195732403485,36.28537049187632,35.23171279627424,35.29756546020508,3760724,0.0,0.0
2016-06-13 00:00:00+08:00,35.36341588508268,35.56097636245052,34.44146364120908,35.165855407714844,4135699,0.0,0.0
2016-06-14 00:00:00+08:00,34.704884544103855,35.62683441554933,34.704884544103855,35.56098175048828,4025880,0.0,0.0
2016-06-15 00:00:00+08:00,35.69269004740286,35.75854271330279,35.10000600583085,35.626834869384766,2371077,0.0,0.0
2016-06-16 00:00:00+08:00,35.56097636245052,35.62682901753388,34.836587108062524,35.165855407714844,3454122,0.0,0.0
2016-06-17 00:00:00+08:00,35.42927400024777,35.42927400024777,34.30976110647579,35.03415298461914,5169847,0.0,0.0
2016-06-20 00:00:00+08:00,35.1658601323434,35.36342063625402,34.770736612404036,35.29756546020508,2587589,0.0,0.0
2016-06-21 00:00:00+08:00,35.034152374916204,35.36342071958249,34.77073669433594,34.77073669433594,3170887,0.0,0.0
2016-06-22 00:00:00+08:00,35.03415289364541,35.56098175048828,34.83659238634411,35.56098175048828,3532292,0.0,0.0
2016-06-23 00:00:00+08:00,35.10000555870647,35.56098175048828,35.10000555870647,35.56098175048828,2615212,0.0,0.0
2016-06-24 00:00:00+08:00,35.231710798650475,35.36341863116248,34.04634533027835,34.83658981323242,8151853,0.0,0.0
2016-06-27 00:00:00+08:00,34.4414694929842,34.70488518230878,34.11220113738756,34.573177337646484,2177732,0.0,0.0
2016-06-28 00:00:00+08:00,34.441467219273896,35.10000388699277,34.24390672138183,34.96829605102539,2530568,0.0,0.0
2016-06-29 00:00:00+08:00,35.23170674050389,35.82439066248093,35.09999892316258,34.1121940612793,5778250,0.0,0.0
2016-06-30 00:00:00+08:00,36.30678913050949,36.58393859863281,36.02963701926776,36.58393859863281,4764650,2.567353,0.0
2016-07-01 00:00:00+08:00,36.99966784556367,37.55396944110951,36.7918024345053,37.276817321777344,3483282,0.0,0.0
2016-07-04 00:00:00+08:00,37.48468000268799,37.69254541326375,36.93037840842909,37.06895446777344,2233210,0.0,0.0
2016-07-05 00:00:00+08:00,37.34610613319243,37.34610613319243,36.72251519527064,36.93037796020508,1657190,0.0,0.0
2016-07-06 00:00:00+08:00,36.514651247606075,36.58393795263384,35.68319757168109,36.02963638305664,5375381,0.0,0.0
2016-07-07 00:00:00+08:00,36.02963592690775,36.23749868247778,35.89105987548828,35.89105987548828,1382279,0.0,0.0
2016-07-08 00:00:00+08:00,35.89105987548828,35.89105987548828,35.89105987548828,35.89105987548828,0,0.0,0.0
2016-07-11 00:00:00+08:00,36.514653476524146,37.62325668334961,36.37607741489133,37.62325668334961,5593931,0.0,0.0
2016-07-12 00:00:00+08:00,37.76183371110396,38.80115023526278,37.69254700007414,38.108272552490234,4485324,0.0,0.0
2016-07-13 00:00:00+08:00,38.73186315434512,38.73186315434512,37.276818448547225,38.17755889892578,3568354,0.0,0.0
2016-07-14 00:00:00+08:00,37.48467818091942,38.03898239135742,37.415391476173845,38.03898239135742,2232471,0.0,0.0
2016-07-15 00:00:00+08:00,37.83111945423957,37.96969551587239,37.415393912459656,37.62325668334961,2551949,0.0,0.0
2016-07-18 00:00:00+08:00,38.038985841460416,38.662574170084554,37.76183371110396,38.108272552490234,2600854,0.0,0.0
2016-07-19 00:00:00+08:00,38.38542571207186,38.801151275634766,37.969697505390286,38.801151275634766,2639429,0.0,0.0
2016-07-20 00:00:00+08:00,38.66256908624747,39.49402272486835,38.38541963545268,39.42473602294922,4371911,0.0,0.0
2016-07-21 00:00:00+08:00,39.49402663098814,40.5333431212773,39.35545057032588,39.63260269165039,4161336,0.0,0.0
2016-07-22 00:00:00+08:00,39.84046455625701,40.048327320970316,39.14758691180037,39.35544967651367,2159467,0.0,0.0
2016-07-25 00:00:00+08:00,39.84046409904734,40.11761621089678,38.80114764428958,39.21687316894531,2539859,0.0,0.0
2016-07-26 00:00:00+08:00,38.93972118016052,39.70188547374401,38.87043183512313,39.42473602294922,2370681,0.0,0.0
2016-07-27 00:00:00+08:00,39.56331289206987,39.84046501025819,38.93972459082388,39.49402618408203,2141943,0.0,0.0
2016-07-28 00:00:00+08:00,39.563316345214844,39.77118177355813,39.1475907747657,39.563316345214844,3112931,0.0,0.0
2016-07-29 00:00:00+08:00,39.632599083935744,40.18690063300876,39.1475842373275,40.04832458496094,4210010,0.0,0.0
2016-08-01 00:00:00+08:00,40.186903166818496,41.57265844843293,40.04832711003337,41.36479568481445,3825256,0.0,0.0
2016-08-02 00:00:00+08:00,40.39476567962779,40.39476567962779,39.21687316894531,39.21687316894531,6520021,0.0,0.0
2016-08-03 00:00:00+08:00,38.177558201955335,38.31613426328032,37.4153938293457,37.4153938293457,5207690,0.0,0.0
2016-08-04 00:00:00+08:00,37.692546035725286,37.96969551587239,37.415393912459656,37.62325668334961,1985124,0.0,0.0
2016-08-05 00:00:00+08:00,37.83111515422937,38.03898054461119,37.20752691243861,37.484676361083984,3562970,0.0,0.0
2016-08-08 00:00:00+08:00,37.553970857811166,37.90040969848633,37.41539479291738,37.90040969848633,1180348,0.0,0.0
2016-08-09 00:00:00+08:00,37.346105950997206,37.346105950997206,35.33675973249056,36.514652252197266,14218074,0.0,0.0
2016-08-10 00:00:00+08:00,36.3760782708919,37.90040969848633,36.30679156000431,37.90040969848633,7161065,0.0,0.0
2016-08-11 00:00:00+08:00,38.31613970183726,38.80115466375801,37.831124739916504,38.66257858276367,6259336,0.0,0.0
2016-08-12 00:00:00+08:00,39.14758780089175,39.63260269165039,38.31613408003672,39.63260269165039,5985970,0.0,0.0
2016-08-15 00:00:00+08:00,40.32547636348923,40.74120186124054,39.14758392903617,39.42473602294922,3933701,0.0,0.0
2016-08-16 00:00:00+08:00,39.42473746234515,39.42473746234515,38.17755563732013,38.52399444580078,2856609,0.0,0.0
2016-08-17 00:00:00+08:00,38.45470855199641,38.87043407368955,38.31613249705923,38.593284606933594,2215986,0.0,0.0
2016-08-18 00:00:00+08:00,38.45470828852821,39.07829920991386,38.31613223454046,38.87043380737305,2248402,0.0,0.0
2016-08-19 00:00:00+08:00,38.80115023526278,39.21687578767887,37.969696487312,38.108272552490234,3886445,0.0,0.0
2016-08-22 00:00:00+08:00,37.553970934895915,38.31613532869828,37.27681880453945,38.108272552490234,4507587,0.0,0.0
2016-08-23 00:00:00+08:00,37.484678553732394,38.87043380737305,37.484678553732394,38.87043380737305,2961375,0.0,0.0
2016-08-24 00:00:00+08:00,38.385422294669624,39.00901058449676,38.385422294669624,38.73186111450195,4029664,0.0,0.0
2016-08-25 00:00:00+08:00,39.147589059628686,41.29550881804229,39.009012994510705,40.94906997680664,7134828,0.0,0.0
2016-08-26 00:00:00+08:00,40.53334418970817,40.74120696462142,39.979042575566645,40.32548141479492,4920130,0.0,0.0
2016-08-29 00:00:00+08:00,40.325480437442494,40.53334320731785,39.70188948469789,39.8404655456543,4006163,0.0,0.0
2016-08-30 00:00:00+08:00,39.90974889232529,40.186900990889086,39.840462189243496,39.97903823852539,5315965,0.0,0.0
2016-08-31 00:00:00+08:00,39.97903996605393,41.226219177246094,39.35544903889864,41.226219177246094,6403014,0.0,0.0
2016-09-01 00:00:00+08:00,40.18690063300876,40.53333943156918,39.979037882496165,40.04832458496094,6254040,0.0,0.0
2016-09-02 00:00:00+08:00,39.84046183444834,40.256187335473534,39.77117513198357,40.04832458496094,3003237,0.0,0.0
2016-09-05 00:00:00+08:00,39.97903756765705,40.32547636348923,39.35544667791183,39.42473602294922,2097956,0.0,0.0
2016-09-06 00:00:00+08:00,39.35545160770832,40.32548141479492,39.14758883279507,40.32548141479492,3433254,0.0,0.0
2016-09-07 00:00:00+08:00,40.186904783171364,42.611976623535156,39.9097526584538,42.611976623535156,6823199,0.0,0.0
2016-09-08 00:00:00+08:00,41.57265244225181,42.265529982956004,41.50336574542862,42.19624328613281,6011850,0.0,0.0
2016-09-09 00:00:00+08:00,41.364794584038684,41.50337063713611,40.325478150485544,40.67191696166992,5587264,0.0,0.0
2016-09-12 00:00:00+08:00,39.90975261831963,40.117618033208046,39.63260313699932,39.77117919921875,3487411,0.0,0.0
2016-09-13 00:00:00+08:00,39.35545012498787,39.90975171824603,39.35545012498787,39.49402618408203,6904487,0.0,0.0
2016-09-14 00:00:00+08:00,39.355449224870036,39.701888043122615,39.21687316894531,39.21687316894531,6122079,0.0,0.0
2016-09-19 00:00:00+08:00,39.56331503789972,41.36479861759546,39.49402832615392,41.087646484375,4602622,0.0,0.0
2016-09-20 00:00:00+08:00,40.67191660372572,40.94906606436307,40.25618844809217,40.74120330810547,3586206,0.0,0.0
2016-09-21 00:00:00+08:00,40.94906751445906,41.84981056200319,40.81049410079237,41.36479568481445,3707219,0.0,0.0
2016-09-22 00:00:00+08:00,41.71123459590478,42.0576734170616,41.295506424645524,41.57265853881836,3818224,0.0,0.0
2016-09-23 00:00:00+08:00,41.57265844843293,41.64194515526627,40.81049410079237,41.36479568481445,2381692,0.0,0.0
2016-09-26 00:00:00+08:00,41.43408193859172,41.43408193859172,40.81049365455485,41.226219177246094,1600390,0.0,0.0
2016-09-27 00:00:00+08:00,41.226219177246094,41.226219177246094,41.226219177246094,41.226219177246094,0,0.0,0.0
2016-09-28 00:00:00+08:00,41.226219177246094,41.226219177246094,41.226219177246094,41.226219177246094,0,0.0,0.0
2016-09-29 00:00:00+08:00,40.87978017499939,41.22621899004176,40.04832649027403,40.81049346923828,3826369,0.0,0.0
2016-09-30 00:00:00+08:00,40.741206678576454,41.1569348686027,40.46405719501086,40.602630615234375,2781338,0.0,0.0
2016-10-03 00:00:00+08:00,41.087644190271575,42.19625001813647,41.01835748239436,41.919097900390625,2645293,0.0,0.0
2016-10-04 00:00:00+08:00,41.71123495825896,41.84981101654922,41.226220075802296,41.50337219238281,1648830,0.0,0.0
2016-10-05 00:00:00+08:00,41.01835605867396,41.43408157774468,41.01835605867396,41.29550552368164,1578626,0.0,0.0
2016-10-06 00:00:00+08:00,41.3647989859911,41.572661766198365,41.01836013793945,41.01836013793945,1276100,0.0,0.0
2016-10-07 00:00:00+08:00,40.94906760348871,41.57265853881836,40.87978089650472,41.57265853881836,1840919,0.0,0.0
2016-10-11 00:00:00+08:00,41.988388798234844,42.05767815614484,41.57266322324985,41.849815368652344,2670160,0.0,0.0
2016-10-12 00:00:00+08:00,41.84981463437229,42.12696413179329,41.57266249383259,41.98838806152344,1309936,0.0,0.0
2016-10-13 00:00:00+08:00,41.988388798234844,42.12696487093609,41.641949938041094,41.849815368652344,3172643,0.0,0.0
2016-10-14 00:00:00+08:00,41.84981260250918,42.54269027709961,41.84981260250918,42.54269027709961,2185502,0.0,0.0
2016-10-17 00:00:00+08:00,42.6812588436045,42.75054818905477,41.295503652018404,42.05767059326172,860429,0.0,0.0
2016-10-18 00:00:00+08:00,42.19624995813774,44.55203502627228,41.91909784078598,44.34416961669922,5006230,0.0,0.0
2016-10-19 00:00:00+08:00,44.3441686963406,48.08570898734171,44.13630593420019,45.59135055541992,8718082,0.0,0.0
2016-10-20 00:00:00+08:00,45.729922532830024,46.14564804406296,45.38348372576313,45.86849594116211,2712294,0.0,0.0
2016-10-21 00:00:00+08:00,45.86849774384903,47.11567961280026,45.59135091629265,46.42280197143555,2788451,0.0,0.0
2016-10-24 00:00:00+08:00,46.69995372316368,48.15499570150124,46.42280161151918,46.492088317871094,3350540,0.0,0.0
2016-10-25 00:00:00+08:00,46.42280215335335,46.7692409753933,45.868497923594674,45.93778991699219,2678801,0.0,0.0
2016-10-26 00:00:00+08:00,46.00707244873047,46.35351123932899,45.66063365813195,46.00707244873047,1961853,0.0,0.0
2016-10-27 00:00:00+08:00,45.937791588093354,46.07636500745552,45.383487338170475,45.45277404785156,2272912,0.0,0.0
2016-10-28 00:00:00+08:00,45.03704763452359,45.383486462481464,44.20559391880099,44.27488327026367,3160760,0.0,0.0
2016-10-31 00:00:00+08:00,44.34417050890785,45.38348700521038,44.27488379973509,44.62132263183594,4450763,0.0,0.0
2016-11-01 00:00:00+08:00,44.413454517104306,45.52205765516059,44.413454517104306,45.3141975402832,1469332,0.0,0.0
2016-11-02 00:00:00+08:00,44.967760372361205,45.03704707985205,44.34416943246971,44.82918167114258,1838620,0.0,0.0
2016-11-03 00:00:00+08:00,44.967760372361205,45.1063337873429,44.20559337436955,44.82918167114258,2241097,0.0,0.0
2016-11-04 00:00:00+08:00,44.274883999959705,44.274883999959705,41.988385583259074,42.40411376953125,5567859,0.0,0.0
2016-11-07 00:00:00+08:00,42.611975551636746,43.02770108513703,41.919097900390625,41.919097900390625,5908457,0.0,0.0
2016-11-08 00:00:00+08:00,42.19624984071562,42.404112606591774,41.08764401751204,41.50337219238281,3341210,0.0,0.0
2016-11-09 00:00:00+08:00,42.05767210671294,42.473397621901405,40.18690200212813,40.464054107666016,3418736,0.0,0.0
2016-11-10 00:00:00+08:00,41.57265898780368,42.126960579017364,40.94906804573923,41.71123504638672,4691264,0.0,0.0
2016-11-11 00:00:00+08:00,40.87978257804082,40.87978257804082,39.70189000903288,40.18690490722656,3500521,0.0,0.0
2016-11-14 00:00:00+08:00,40.04832594935919,40.87977962285448,39.07829886621332,40.464054107666016,2691818,0.0,0.0
2016-11-15 00:00:00+08:00,40.18690063300876,40.74120218208178,39.42473633342315,40.04832458496094,1995446,0.0,0.0
2016-11-16 00:00:00+08:00,40.186904376486076,40.464056498398904,39.8404655456543,39.8404655456543,1623595,0.0,0.0
2016-11-17 00:00:00+08:00,40.11761667128705,40.25619008568361,39.14758691180037,39.35544967651367,3452910,0.0,0.0
2016-11-18 00:00:00+08:00,39.3554469878401,40.39476338352136,39.3554469878401,40.04832458496094,4236826,0.0,0.0
2016-11-21 00:00:00+08:00,40.048329286164865,40.60263090030639,39.90975322184984,40.32548141479492,979354,0.0,0.0
2016-11-22 00:00:00+08:00,40.39476915419901,41.849813901887146,40.39476915419901,41.01836013793945,4370348,0.0,0.0
2016-11-23 00:00:00+08:00,41.018356507629065,41.78052084864024,40.87978045204928,41.43408203125,4161262,0.0,0.0
2016-11-24 00:00:00+08:00,41.57265780508413,41.71123385972476,40.741204120358766,40.81049346923828,6729922,0.0,0.0
2016-11-25 00:00:00+08:00,40.81049603180678,41.22622157871446,40.602630615234375,40.602630615234375,861955,0.0,0.0
2016-11-28 00:00:00+08:00,40.671918044007235,41.4340823916478,40.671918044007235,41.36479568481445,1101863,0.0,0.0
2016-11-29 00:00:00+08:00,41.01836013793945,41.434085698353975,41.01836013793945,41.01836013793945,1928544,0.0,0.0
2016-11-30 00:00:00+08:00,41.43408212298324,41.71123423475641,41.15693265432849,41.641944885253906,2987831,0.0,0.0
2016-12-01 00:00:00+08:00,41.29550588332183,41.43408193859172,41.08764312197621,41.226219177246094,2456878,0.0,0.0
2016-12-02 00:00:00+08:00,40.53333943156918,40.53333943156918,39.979037882496165,40.04832458496094,3951931,0.0,0.0
2016-12-05 00:00:00+08:00,40.186907344007274,40.394770129231844,39.563316345214844,39.563316345214844,2011129,0.0,0.0
2016-12-06 00:00:00+08:00,39.979038891045214,40.81049255718891,39.979038891045214,40.53334045410156,1905234,0.0,0.0
2016-12-07 00:00:00+08:00,40.53334374263369,40.67191980542025,39.84046607181944,40.18690490722656,1719290,0.0,0.0
2016-12-08 00:00:00+08:00,40.5333444245713,41.08764604192462,40.464057713571606,40.94906997680664,3489850,0.0,0.0
2016-12-09 00:00:00+08:00,41.15693247117036,41.29550588332183,40.7412043053607,41.226219177246094,1721782,0.0,0.0
2016-12-12 00:00:00+08:00,41.1569351575665,41.1569351575665,40.25619206107812,40.32548141479492,2072308,0.0,0.0
2016-12-13 00:00:00+08:00,40.18690200212813,40.60262751731659,40.11761529730284,40.464054107666016,1997033,0.0,0.0
2016-12-14 00:00:00+08:00,40.32547859955528,40.949066880760505,40.32547859955528,40.81049346923828,2204847,0.0,0.0
2016-12-15 00:00:00+08:00,40.60262715831423,40.81049255718891,40.39476440255789,40.53334045410156,2350035,0.0,0.0
2016-12-16 00:00:00+08:00,40.602628065718136,41.01835622964002,40.3947653053164,40.81049346923828,2546206,0.0,0.0
2016-12-19 00:00:00+08:00,40.741206515254255,40.741206515254255,40.18690490722656,40.18690490722656,2348361,0.0,0.0
2016-12-20 00:00:00+08:00,40.11761996544841,40.11761996544841,38.38542571207186,38.801151275634766,4212862,0.0,0.0
2016-12-21 00:00:00+08:00,38.93972637950299,39.009013090673484,38.31613540649414,38.31613540649414,1710977,0.0,0.0
2016-12-22 00:00:00+08:00,38.10827048565821,38.31613325059265,36.93037796020508,36.93037796020508,3918388,0.0,0.0
2016-12-23 00:00:00+08:00,36.791802874942526,37.7618326610989,36.7225161658393,37.4153938293457,2575875,0.0,0.0
2016-12-26 00:00:00+08:00,37.761829733516755,38.0389818346798,37.138238827459055,37.692543029785156,1267521,0.0,0.0
2016-12-27 00:00:00+08:00,37.6925427740602,38.24684432950732,37.55396672441885,37.96969223022461,856498,0.0,0.0
2016-12-28 00:00:00+08:00,38.66257049781671,38.73185984538385,38.24684498488727,38.52399444580078,1716910,0.0,0.0
2016-12-29 00:00:00+08:00,38.52399499396289,39.009009861360795,38.45470828852821,38.87043380737305,1597029,0.0,0.0
2016-12-30 00:00:00+08:00,39.0782961971126,39.21686959729843,38.73185741041167,38.939720153808594,852420,0.0,0.0
2017-01-03 00:00:00+08:00,39.07829993433428,39.21687334777247,38.454709001388714,38.73186111450195,903400,0.0,0.0
2017-01-04 00:00:00+08:00,38.73186456274717,39.009014057416216,38.52399913784704,38.801151275634766,1023726,0.0,0.0
2017-01-05 00:00:00+08:00,38.80114710193837,39.07829920991386,38.66257104795063,38.87043380737305,1395382,0.0,0.0
2017-01-06 00:00:00+08:00,39.14758289720552,39.28615894050952,38.80114411050458,38.939720153808594,1624078,0.0,0.0
2017-01-09 00:00:00+08:00,39.009010314941406,39.14758637054045,38.87043425934236,39.009010314941406,622130,0.0,0.0
2017-01-10 00:00:00+08:00,39.009010314941406,39.286162426139505,38.87043425934236,39.009010314941406,730100,0.0,0.0
2017-01-11 00:00:00+08:00,39.28616684595499,39.563316345214844,39.078304060730424,39.563316345214844,1626757,0.0,0.0
2017-01-12 00:00:00+08:00,39.70189000903288,40.741206515254255,39.70189000903288,40.18690490722656,3969196,0.0,0.0
2017-01-13 00:00:00+08:00,39.56331297868839,39.979041156881046,39.56331297868839,39.70188903808594,2021915,0.0,0.0
2017-01-16 00:00:00+08:00,39.701891758766834,39.701891758766834,38.662575206740904,38.801151275634766,2542552,0.0,0.0
2017-01-17 00:00:00+08:00,38.66257858276367,38.93973074475236,38.59329186382595,38.66257858276367,1622954,0.0,0.0
2017-01-18 00:00:00+08:00,38.593285592961536,39.07830047607422,38.31613347600616,39.07830047607422,2656089,0.0,0.0
2017-01-19 00:00:00+08:00,38.80115466375801,38.80115466375801,38.524002501769324,38.66257858276367,2875698,0.0,0.0
2017-01-20 00:00:00+08:00,38.45470428466797,38.80114306200732,38.45470428466797,38.45470428466797,1629462,0.0,0.0
2017-01-23 00:00:00+08:00,38.7318563637867,39.00900579978731,38.31612824510861,38.45470428466797,1925479,0.0,0.0
2017-01-24 00:00:00+08:00,38.80114755310204,39.009010314941406,38.73186084686173,39.009010314941406,2473710,0.0,0.0
2017-02-02 00:00:00+08:00,39.42473992221626,39.9097521698564,39.21687450966362,39.63260269165039,4674106,0.0,0.0
2017-02-03 00:00:00+08:00,39.355451012560465,40.04832868053906,39.355451012560465,39.77117919921875,4521054,0.0,0.0
2017-02-06 00:00:00+08:00,39.979038987454814,41.08764211624092,39.840462935576966,40.74120330810547,4793890,0.0,0.0
2017-02-07 00:00:00+08:00,40.67191980542025,40.741206515254255,40.04832884444,40.18690490722656,2547937,0.0,0.0
2017-02-08 00:00:00+08:00,39.84046546108452,39.9097521698564,39.49402663098814,39.63260269165039,3146790,0.0,0.0
2017-02-09 00:00:00+08:00,39.494027236412315,40.39476767984713,39.42474052657831,40.18690490722656,1540759,0.0,0.0
2017-02-10 00:00:00+08:00,40.11761819739256,40.39476767984713,39.70189000903288,40.18690490722656,4443669,0.0,0.0
2017-02-13 00:00:00+08:00,40.39476440255789,40.53334045410156,39.979038891045214,40.53334045410156,1482139,0.0,0.0
2017-02-14 00:00:00+08:00,40.25619272783224,41.43408532934126,40.18690601608644,41.087646484375,3045668,0.0,0.0
2017-02-15 00:00:00+08:00,41.08764276414628,41.572657631807715,40.741203950547884,41.29550552368164,2314129,0.0,0.0
2017-02-16 00:00:00+08:00,41.29550552368164,41.43408157774468,40.81049329913859,41.29550552368164,1459867,0.0,0.0
2017-02-17 00:00:00+08:00,41.29550881804229,41.29550881804229,40.94906997680664,40.94906997680664,1672740,0.0,0.0
2017-02-20 00:00:00+08:00,43.30485143624883,43.512714194519155,42.81983657153917,43.096988677978516,2636304,0.0,0.0
2017-02-21 00:00:00+08:00,43.09698709288467,43.09698709288467,42.05767069664043,42.265533447265625,3110729,0.0,0.0
2017-02-22 00:00:00+08:00,42.958412170410156,42.958412170410156,42.33482125907622,42.958412170410156,3196109,0.0,0.0
2017-02-23 00:00:00+08:00,42.75054818905477,42.889124236837034,41.64194244991493,42.05767059326172,4650056,0.0,0.0
2017-02-24 00:00:00+08:00,42.473396093490244,42.95841093916903,42.05767059326172,42.05767059326172,3716631,0.0,0.0
2017-03-01 00:00:00+08:00,41.64194683014222,42.611976623535156,41.5726601205221,42.611976623535156,3957128,0.0,0.0
2017-03-02 00:00:00+08:00,42.750548294136586,42.95841104476178,41.50336914726716,42.265533447265625,1857686,0.0,0.0
2017-03-03 00:00:00+08:00,42.196246641043984,42.26553334337598,41.84980784314746,42.05767059326172,2731267,0.0,0.0
2017-03-06 00:00:00+08:00,41.71123949190477,42.47340393066406,41.71123949190477,42.47340393066406,1225800,0.0,0.0
2017-03-07 00:00:00+08:00,42.473396197890814,42.473396197890814,41.91909464851754,42.265533447265625,1234298,0.0,0.0
2017-03-08 00:00:00+08:00,42.265536637600405,42.265536637600405,41.57265898780368,41.71123504638672,2004255,0.0,0.0
2017-03-09 00:00:00+08:00,41.64194433728004,41.71123368587075,41.156932112736996,41.29550552368164,2226271,0.0,0.0
2017-03-10 00:00:00+08:00,40.879783630371094,41.50337460740386,40.67192085239971,40.879783630371094,1395665,0.0,0.0
2017-03-13 00:00:00+08:00,41.01835748239436,41.919097900390625,40.879781423521436,41.919097900390625,1674505,0.0,0.0
2017-03-14 00:00:00+08:00,42.126960579017364,42.126960579017364,41.364796221488355,41.71123504638672,1454128,0.0,0.0
2017-03-15 00:00:00+08:00,41.71123495825896,41.78052166584485,41.29550678338819,41.50337219238281,1220292,0.0,0.0
2017-03-16 00:00:00+08:00,41.780521928053915,42.404112872714414,41.64194586889398,42.12696075439453,1744114,0.0,0.0
2017-03-17 00:00:00+08:00,42.26553334337598,42.26553334337598,41.64194244991493,42.05767059326172,1632222,0.0,0.0
2017-03-20 00:00:00+08:00,41.71123423475641,41.91909699702707,41.43408212298324,41.641944885253906,2120359,0.0,0.0
2017-03-21 00:00:00+08:00,41.91910208344359,42.12696487093609,41.78052601074234,41.849815368652344,3831936,0.0,0.0
2017-03-22 00:00:00+08:00,41.572654503905056,41.572654503905056,40.81049022858074,41.15692901611328,3076556,0.0,0.0
2017-03-23 00:00:00+08:00,41.36479541659916,41.84981029064299,41.22621936071258,41.641944885253906,2035884,0.0,0.0
2017-03-24 00:00:00+08:00,41.84981019798935,41.84981019798935,41.29550597567022,41.43408203125,785426,0.0,0.0
2017-03-27 00:00:00+08:00,41.434080924376374,41.57265697625422,40.464053847468115,40.74120330810547,2039630,0.0,0.0
2017-03-28 00:00:00+08:00,40.949065037866944,41.01835438362813,40.186900736321945,40.256187438964844,4960486,0.0,0.0
2017-03-29 00:00:00+08:00,40.67191558417708,40.87977833522405,40.186900736321945,40.256187438964844,3863079,0.0,0.0
2017-03-30 00:00:00+08:00,40.39476348736892,40.464052833130104,40.256187438964844,40.256187438964844,3408489,0.0,0.0
2017-03-31 00:00:00+08:00,40.18690063300876,40.53333943156918,40.04832458496094,40.04832458496094,4290981,0.0,0.0
2017-04-05 00:00:00+08:00,39.563308478969034,41.15692901611328,39.563308478969034,41.15692901611328,5827062,0.0,0.0
2017-04-06 00:00:00+08:00,40.879780542555324,41.641944885253906,40.67191778028466,41.641944885253906,3366344,0.0,0.0
2017-04-07 00:00:00+08:00,41.572657631807715,41.572657631807715,41.156932112736996,41.29550552368164,1931701,0.0,0.0
2017-04-10 00:00:00+08:00,41.50337219238281,41.5726588999687,41.29550678338819,41.50337219238281,994979,0.0,0.0
2017-04-11 00:00:00+08:00,41.57265734212564,41.57265734212564,40.5333409085725,40.67191696166992,2959620,0.0,0.0
2017-04-12 00:00:00+08:00,40.74120330810547,40.87977935998332,40.74120330810547,40.74120330810547,1654053,0.0,0.0
2017-04-13 00:00:00+08:00,40.74120330810547,40.87977935998332,40.25618844809217,40.74120330810547,1920951,0.0,0.0
2017-04-14 00:00:00+08:00,40.25619405804256,40.67192227161041,39.563316345214844,39.563316345214844,3274829,0.0,0.0
2017-04-17 00:00:00+08:00,39.63260570236885,40.04833127281799,39.42474291714428,39.563316345214844,2467298,0.0,0.0
2017-04-18 00:00:00+08:00,39.70188940042227,39.97904152174678,39.56331333976001,39.63260269165039,1527726,0.0,0.0
2017-04-19 00:00:00+08:00,39.63260600382434,39.909755505192265,39.216877787094354,39.28616714477539,2135105,0.0,0.0
2017-04-20 00:00:00+08:00,39.35544967651367,39.49402573402869,39.35544967651367,39.35544967651367,1959505,0.0,0.0
2017-04-21 00:00:00+08:00,39.424734983813536,39.56330838399936,38.80114411050458,38.939720153808594,2234913,0.0,0.0
2017-04-24 00:00:00+08:00,38.8011454152857,39.009008165672505,37.83111572265625,37.83111572265625,3031180,0.0,0.0
2017-04-25 00:00:00+08:00,38.10826991822522,39.009010314941406,37.90040715638586,39.009010314941406,2637357,0.0,0.0
2017-04-26 00:00:00+08:00,39.216873529550014,39.35544958674896,38.662571943872685,39.147586822509766,1834027,0.0,0.0
2017-04-27 00:00:00+08:00,39.009010314941406,39.286162426139505,38.662571497502995,39.009010314941406,1380905,0.0,0.0
2017-04-28 00:00:00+08:00,38.80114870074454,40.11761730319577,38.80114870074454,39.909751892089844,3128700,0.0,0.0
2017-05-02 00:00:00+08:00,39.909751892089844,40.18690401148542,39.70188912410241,39.909751892089844,1401685,0.0,0.0
2017-05-03 00:00:00+08:00,39.8404651838002,40.18690401148542,39.8404651838002,39.909751892089844,1347685,0.0,0.0
2017-05-04 00:00:00+08:00,39.909753143168984,40.4640573993363,39.84046643270736,40.117618560791016,1136955,0.0,0.0
2017-05-05 00:00:00+08:00,40.11761393054399,40.39476338352136,39.979037882496165,40.04832458496094,771573,0.0,0.0
2017-05-08 00:00:00+08:00,39.84046455625701,39.90975126345529,39.35544967651367,39.35544967651367,2827119,0.0,0.0
2017-05-09 00:00:00+08:00,38.03898777683407,38.45471335040173,37.13824462890625,37.13824462890625,10565154,0.0,0.0
2017-05-10 00:00:00+08:00,36.7225138562447,38.17755580084856,36.7225138562447,38.03898239135742,5621281,0.0,0.0
2017-05-11 00:00:00+08:00,37.761831189531826,39.21687316894531,37.553968427203955,39.21687316894531,6229494,0.0,0.0
2017-05-12 00:00:00+08:00,38.454715782831606,39.147593544684426,38.454715782831606,38.66257858276367,2394842,0.0,0.0
2017-05-15 00:00:00+08:00,38.59328834862622,38.66257506125308,38.17756014350903,38.38542556762695,1549315,0.0,0.0
2017-05-16 00:00:00+08:00,38.66257334458187,39.90975261831963,38.17755844837315,39.77117919921875,3265780,0.0,0.0
2017-05-17 00:00:00+08:00,39.424739476094196,39.56331289206987,39.078300649918035,39.49402618408203,1744208,0.0,0.0
2017-05-18 00:00:00+08:00,39.07830341342248,39.28616619520393,38.17756028717174,38.801151275634766,3448640,0.0,0.0
2017-05-19 00:00:00+08:00,39.286164303010025,39.90975261831963,39.00901217857117,39.77117919921875,2351020,0.0,0.0
2017-05-22 00:00:00+08:00,39.42473893690766,39.563312350988156,39.00901076531082,39.147586822509766,2234465,0.0,0.0
2017-05-23 00:00:00+08:00,38.66257858276367,39.216880263622144,38.66257858276367,38.66257858276367,2981954,0.0,0.0
2017-05-24 00:00:00+08:00,38.66257247263555,39.56331289206987,38.66257247263555,39.49402618408203,2000316,0.0,0.0
2017-05-25 00:00:00+08:00,39.49402635611498,40.3254800711832,39.49402635611498,39.909751892089844,2947162,0.0,0.0
2017-05-26 00:00:00+08:00,39.97904124349798,40.18690401148542,39.563313064404625,39.909751892089844,1760366,0.0,0.0
2017-05-31 00:00:00+08:00,39.909755505192265,40.32548372192226,39.28616714477539,39.28616714477539,4559236,0.0,0.0
2017-06-01 00:00:00+08:00,39.28616358812754,40.3254800711832,39.28616358812754,39.909751892089844,2645142,0.0,0.0
2017-06-02 00:00:00+08:00,39.77117875231265,40.18690429118091,39.49402663098814,39.63260269165039,1403460,0.0,0.0
2017-06-05 00:00:00+08:00,39.979042575566645,40.32548141479492,39.84046651125162,40.32548141479492,1727150,0.0,0.0
2017-06-06 00:00:00+08:00,40.32548141479492,40.53334418970817,40.25619206107812,40.32548141479492,2661361,0.0,0.0
2017-06-07 00:00:00+08:00,40.32547922360363,41.36479568481445,40.186903166818496,41.36479568481445,3934297,0.0,0.0
2017-06-08 00:00:00+08:00,41.36479523251598,41.43408193859172,41.08764312197621,41.226219177246094,2238130,0.0,0.0
2017-06-09 00:00:00+08:00,41.29550828882621,41.36479764205654,40.32548113166878,40.602630615234375,3847452,0.0,0.0
2017-06-12 00:00:00+08:00,40.39476338352136,40.53333943156918,40.04832458496094,40.04832458496094,1497487,0.0,0.0
2017-06-13 00:00:00+08:00,40.04832458496094,40.53333943156918,39.90974853691311,40.04832458496094,1724757,0.0,0.0
2017-06-14 00:00:00+08:00,40.04832494160719,40.186900990889086,39.5633100906797,39.97903823852539,1879554,0.0,0.0
2017-06-15 00:00:00+08:00,39.7018884081871,39.979040522584995,38.87043470811187,39.147586822509766,2026648,0.0,0.0
2017-06-16 00:00:00+08:00,38.939720153808594,39.494021683906446,38.939720153808594,38.939720153808594,1535977,0.0,0.0
2017-06-19 00:00:00+08:00,39.21687495034104,40.186904742758486,39.1475882407906,39.77117919921875,1349677,0.0,0.0
2017-06-20 00:00:00+08:00,39.70188948469789,40.186904376486076,39.70188948469789,39.8404655456543,1397446,0.0,0.0
2017-06-21 00:00:00+08:00,40.04832494160719,40.25618769397089,39.97903823852539,39.97903823852539,1825984,0.0,0.0
2017-06-22 00:00:00+08:00,40.4640537498889,40.949065965614245,40.25618835101422,40.53334045410156,4659936,0.0,0.0
2017-06-23 00:00:00+08:00,40.60263090030639,40.879783028936444,40.32548141479492,40.32548141479492,1175737,0.0,0.0
2017-06-26 00:00:00+08:00,40.81049735773219,41.01836013793945,40.602631934406276,41.01836013793945,1621742,0.0,0.0
2017-06-27 00:00:00+08:00,41.01836013793945,41.15693620578384,40.879784070095056,41.01836013793945,807179,0.0,0.0
2017-06-28 00:00:00+08:00,40.533340551847864,41.08764211624092,40.464053847468115,40.74120330810547,1993591,0.0,0.0
2017-06-29 00:00:00+08:00,41.01835686441085,41.64194515526627,40.94906751445906,41.36479568481445,2161990,0.0,0.0
2017-06-30 00:00:00+08:00,41.22621971766154,41.64194524580235,40.602628782331884,41.57265853881836,2410773,0.0,0.0
2017-07-03 00:00:00+08:00,41.57265844843293,41.71123450521806,41.01835686441085,41.36479568481445,2259887,0.0,0.0
2017-07-04 00:00:00+08:00,41.364795325019315,41.711234142409566,41.22621926943953,41.43408203125,2837266,0.0,0.0
2017-07-05 00:00:00+08:00,41.57265837987969,41.64194508659878,40.04832704399375,38.73186111450195,3188799,0.0,0.0
2017-07-06 00:00:00+08:00,40.97241356314278,41.19190807759764,40.60658844204329,40.679752349853516,2153806,2.96233,0.0
2017-07-07 00:00:00+08:00,40.67975771308342,40.752924421564146,39.58228220509349,39.65544891357422,2385903,0.0,0.0
2017-07-10 00:00:00+08:00,39.72861263981533,40.533429683082396,39.58228201458273,40.24076843261719,2131498,0.0,0.0
2017-07-11 00:00:00+08:00,40.313927874896734,40.67975300185959,40.313927874896734,40.46025848388672,757239,0.0,0.0
2017-07-12 00:00:00+08:00,40.46025783539866,40.899249655332554,40.46025783539866,40.679752349853516,889869,0.0,0.0
2017-07-13 00:00:00+08:00,40.97242042401216,40.97242042401216,40.6065952416549,40.752925872802734,1381463,0.0,0.0
2017-07-14 00:00:00+08:00,40.752924034898165,40.826087951660156,40.16760432772866,40.826087951660156,1971321,0.0,0.0
2017-07-17 00:00:00+08:00,41.118743896484375,41.265074502156395,40.972413290812355,41.118743896484375,2267697,0.0,0.0
2017-07-18 00:00:00+08:00,41.484567173694906,41.557731077771166,41.11874207126554,41.1919059753418,1165300,0.0,0.0
2017-07-19 00:00:00+08:00,41.045575376165246,41.338236574518355,40.826080872912435,41.1919059753418,1505570,0.0,0.0
2017-07-20 00:00:00+08:00,41.484570202873925,41.630900812735455,41.19190898315087,41.26507568359375,1158523,0.0,0.0
2017-07-21 00:00:00+08:00,41.41140765882966,41.41140765882966,40.826087951660156,40.826087951660156,960750,0.0,0.0
2017-07-24 00:00:00+08:00,40.75291750881906,41.55773162841797,40.67975081274929,41.55773162841797,2076083,0.0,0.0
2017-07-25 00:00:00+08:00,41.70406222953343,41.70406222953343,41.265073217211125,41.55773162841797,1263954,0.0,0.0
2017-07-26 00:00:00+08:00,41.85039520263672,42.21622033064749,41.704064593227564,41.85039520263672,1801728,0.0,0.0
2017-07-27 00:00:00+08:00,42.069889068603516,42.582044798078314,41.996725160546056,42.069889068603516,2378934,0.0,0.0
2017-07-28 00:00:00+08:00,41.77722878650423,42.06989000731263,41.338239746315885,41.41140365600586,1657495,0.0,0.0
2017-07-31 00:00:00+08:00,41.41140365600586,41.55773426641006,41.04557852550749,41.41140365600586,1202620,0.0,0.0
2017-08-01 00:00:00+08:00,41.04558268485972,41.338243935324925,40.24076843261719,40.24076843261719,4603600,0.0,0.0
2017-08-02 00:00:00+08:00,40.606590415960305,40.67975432732708,39.72860952443738,40.021270751953125,2145726,0.0,0.0
2017-08-03 00:00:00+08:00,39.87494161159651,40.02127223076138,39.65544707836141,39.72861099243164,1828464,0.0,0.0
2017-08-04 00:00:00+08:00,39.72860599136968,39.72860599136968,39.50911148576469,39.582275390625,1427198,0.0,0.0
2017-08-07 00:00:00+08:00,39.582273398247914,39.582273398247914,39.43594559589272,39.50910949707031,1718915,0.0,0.0
2017-08-08 00:00:00+08:00,39.50911148576469,39.874936592114366,39.50911148576469,39.582275390625,1913840,0.0,0.0
2017-08-09 00:00:00+08:00,39.5091179915396,39.5091179915396,38.557973116614846,38.70430374145508,3858226,0.0,0.0
2017-08-10 00:00:00+08:00,38.484801329331795,39.143287658691406,38.411637422080354,39.143287658691406,2476826,0.0,0.0
2017-08-11 00:00:00+08:00,38.63113204711247,38.92379325901697,38.1921430202799,38.55796813964844,2067460,0.0,0.0
2017-08-14 00:00:00+08:00,38.55796946820572,39.0701252111734,38.41163885721149,38.85062789916992,2215503,0.0,0.0
2017-08-15 00:00:00+08:00,38.85063157527079,39.07012890804341,38.557973116614846,38.70430374145508,1759320,0.0,0.0
2017-08-16 00:00:00+08:00,38.63112760180408,39.143283268190785,38.63112760180408,38.77745819091797,1613870,0.0,0.0
2017-08-17 00:00:00+08:00,38.77746081753154,38.85062472153236,38.11897451742799,38.63113021850586,3736443,0.0,0.0
2017-08-18 00:00:00+08:00,38.557968668340024,39.14328830915052,38.41163806038135,38.92379379272461,2682363,0.0,0.0
2017-08-21 00:00:00+08:00,38.92379116704904,39.14328566866855,38.70429666542953,39.07012176513672,914434,0.0,0.0
2017-08-22 00:00:00+08:00,38.850624472493195,39.28961626675623,38.77746056896137,39.07012176513672,1392693,0.0,0.0
2017-08-23 00:00:00+08:00,39.07012176513672,39.65544136646341,38.92379116704904,39.07012176513672,1930635,0.0,0.0
2017-08-24 00:00:00+08:00,39.07012247455471,39.948100496974675,39.07012247455471,39.582275390625,3129902,0.0,0.0
2017-08-25 00:00:00+08:00,39.50910949707031,39.87493458500615,39.43594559589272,39.50910949707031,1835942,0.0,0.0
2017-08-28 00:00:00+08:00,39.50911595665909,39.728610487102316,39.36278533935547,39.36278533935547,961466,0.0,0.0
2017-08-29 00:00:00+08:00,39.65544338252398,39.65544338252398,39.143287658691406,39.143287658691406,919640,0.0,0.0
2017-08-30 00:00:00+08:00,39.43594758090438,39.80177268725406,39.43594758090438,39.582275390625,1388636,0.0,0.0
2017-08-31 00:00:00+08:00,39.80177124793195,39.94809905236102,39.655440652478916,39.874935150146484,1622076,0.0,0.0
2017-09-01 00:00:00+08:00,39.948103003939245,39.948103003939245,39.28961944580078,39.28961944580078,1061679,0.0,0.0
2017-09-04 00:00:00+08:00,39.28962091709417,39.28962091709417,38.9969596862793,38.9969596862793,929413,0.0,0.0
2017-09-05 00:00:00+08:00,39.362780170288055,39.362780170288055,38.92379116704904,39.07012176513672,846208,0.0,0.0
2017-09-06 00:00:00+08:00,39.0701252111734,39.14328912115838,38.77746398918494,38.85062789916992,755981,0.0,0.0
2017-09-07 00:00:00+08:00,39.07012247455471,39.874936592114366,38.92379187381003,39.582275390625,1864227,0.0,0.0
2017-09-08 00:00:00+08:00,40.24076169846404,40.24076169846404,39.43594758090438,39.582275390625,1280773,0.0,0.0
2017-09-11 00:00:00+08:00,39.582279712108985,40.09443547511909,39.50911579926084,39.94810485839844,789468,0.0,0.0
2017-09-12 00:00:00+08:00,40.1676025390625,40.2407664525665,39.948105216501716,40.1676025390625,1236224,0.0,0.0
2017-09-13 00:00:00+08:00,40.16760470884109,40.24076862629727,39.65544891357422,39.65544891357422,1066180,0.0,0.0
2017-09-14 00:00:00+08:00,39.36278088502001,39.72860599136968,39.36278088502001,39.582275390625,659242,0.0,0.0
2017-09-15 00:00:00+08:00,39.58227467190756,39.65544136646341,39.07012176513672,39.07012176513672,2111466,0.0,0.0
2017-09-18 00:00:00+08:00,39.14328675709649,40.09443148457813,39.14328675709649,39.80177307128906,1176424,0.0,0.0
2017-09-19 00:00:00+08:00,39.94810552566674,39.94810552566674,39.58228037326677,39.72861099243164,509831,0.0,0.0
2017-09-20 00:00:00+08:00,39.72860455469345,39.874935150146484,39.50911005702588,39.874935150146484,824968,0.0,0.0
2017-09-21 00:00:00+08:00,39.87494013819526,40.09443466331991,39.72860952443738,40.021270751953125,1079096,0.0,0.0
2017-09-22 00:00:00+08:00,40.240759609260834,40.60658469661775,39.87493452190392,40.09442901611328,2024654,0.0,0.0
2017-09-25 00:00:00+08:00,40.09443769987602,40.09443769987602,38.41164249177461,38.70430374145508,1884381,0.0,0.0
2017-09-26 00:00:00+08:00,38.63112966221396,38.923790856050964,38.26530456542969,38.26530456542969,1518303,0.0,0.0
2017-09-27 00:00:00+08:00,38.045812414327656,38.63113204711247,37.972648506863614,38.55796813964844,1336661,0.0,0.0
2017-09-28 00:00:00+08:00,38.045812685032956,38.484801714989054,37.89948207803953,38.11897659301758,1367642,0.0,0.0
2017-09-29 00:00:00+08:00,38.04581006556393,38.41163516234819,37.89947946864542,38.26530456542969,1092687,0.0,0.0
2017-10-02 00:00:00+08:00,38.33847610348235,38.9969596862793,38.33847610348235,38.9969596862793,1489964,0.0,0.0
2017-10-03 00:00:00+08:00,39.21645303114337,39.28961973215261,38.70430007919995,38.85062789916992,842383,0.0,0.0
2017-10-05 00:00:00+08:00,38.63113424979555,39.435951232910156,38.63113424979555,39.435951232910156,1023708,0.0,0.0
2017-10-06 00:00:00+08:00,39.582273398247914,39.72860399162703,39.216448310312074,39.50910949707031,698249,0.0,0.0
2017-10-11 00:00:00+08:00,39.87494326504794,40.24076843261719,39.6554487227113,40.24076843261719,1692384,0.0,0.0
2017-10-12 00:00:00+08:00,40.240766952438435,40.60659210655152,40.1676030380256,40.53342819213867,2324885,0.0,0.0
2017-10-13 00:00:00+08:00,40.67975566236285,40.75292236715514,40.24076659770672,40.31393051147461,1289283,0.0,0.0
2017-10-16 00:00:00+08:00,40.4602614867014,40.53342819213867,39.801777883912514,40.53342819213867,1248446,0.0,0.0
2017-10-17 00:00:00+08:00,40.53342819213867,40.679756020964355,40.38709757228855,40.53342819213867,1005000,0.0,0.0
2017-10-18 00:00:00+08:00,40.679756020964355,40.679756020964355,40.09443633258832,40.53342819213867,824634,0.0,0.0
2017-10-19 00:00:00+08:00,40.24076824449065,40.97241857620867,40.24076824449065,40.826087951660156,2440744,0.0,0.0
2017-10-20 00:00:00+08:00,40.826086640814474,40.826086640814474,40.38709757228855,40.53342819213867,1250868,0.0,0.0
2017-10-23 00:00:00+08:00,40.752917699318694,40.752917699318694,40.38709259033203,40.38709259033203,729365,0.0,0.0
2017-10-24 00:00:00+08:00,40.38709392758843,40.679752349853516,40.16759941313357,40.679752349853516,1585639,0.0,0.0
2017-10-25 00:00:00+08:00,40.6797465389607,40.82607712470276,40.240757572758305,40.60658264160156,903390,0.0,0.0
2017-10-26 00:00:00+08:00,40.60658817214439,41.63089962082436,40.31392696080035,41.118743896484375,2117158,0.0,0.0
2017-10-27 00:00:00+08:00,41.11874574056276,43.16736593877431,41.11874574056276,41.77722930908203,4370363,0.0,0.0
2017-10-30 00:00:00+08:00,41.77722613457912,42.069887336810034,40.67975081274929,41.55773162841797,1799371,0.0,0.0
2017-10-31 00:00:00+08:00,41.630900684035105,41.92355911182918,41.11874494661518,41.85039520263672,1953922,0.0,0.0
2017-11-01 00:00:00+08:00,41.85039495439401,41.85039495439401,40.75291957687157,41.04557800292969,1247396,0.0,0.0
2017-11-02 00:00:00+08:00,40.97241461581751,41.70406487681426,40.31392826451075,41.41140365600586,2678150,0.0,0.0
2017-11-03 00:00:00+08:00,41.630899508400994,41.8503940208042,41.41140220497363,41.704063415527344,640307,0.0,0.0
2017-11-06 00:00:00+08:00,41.92355728149414,42.14305179051287,41.85039337549593,41.92355728149414,1172600,0.0,0.0
2017-11-07 00:00:00+08:00,41.99672333769731,42.36254844415452,41.41140093454652,42.14305114746094,2833700,0.0,0.0
2017-11-08 00:00:00+08:00,42.43572110588903,44.045352464662166,42.143059843921314,43.679527282714844,11185402,0.0,0.0
2017-11-09 00:00:00+08:00,43.899021833678304,44.41117764660948,43.38686602074713,43.679527282714844,5085666,0.0,0.0
2017-11-10 00:00:00+08:00,43.53319234418621,43.606356256926354,42.80154205268728,43.313697814941406,2912984,0.0,0.0
2017-11-13 00:00:00+08:00,43.094197119320434,43.46002221272375,42.801535928188194,43.02103042602539,1910149,0.0,0.0
2017-11-14 00:00:00+08:00,43.31369281274003,44.85015713103521,42.65520651002836,43.167362213134766,5682044,0.0,0.0
2017-11-15 00:00:00+08:00,43.53319234418621,44.045348106440336,42.655211436182626,43.313697814941406,3856669,0.0,0.0
2017-11-16 00:00:00+08:00,43.16736102159151,43.16736102159151,42.65520533262207,43.02103042602539,2992661,0.0,0.0
2017-11-17 00:00:00+08:00,43.16736704508464,44.63066762288412,43.16736704508464,43.899017333984375,4463357,0.0,0.0
2017-11-20 00:00:00+08:00,44.703833226184344,44.77699993245629,43.972182909611604,44.41117477416992,4645890,0.0,0.0
2017-11-21 00:00:00+08:00,44.63066682741394,48.80107116699219,44.63066682741394,48.80107116699219,14733654,0.0,0.0
2017-11-22 00:00:00+08:00,51.58134742699981,53.62997055053711,49.45956038806095,53.62997055053711,15677435,0.0,0.0
2017-11-23 00:00:00+08:00,52.678818121362454,53.62996568137309,51.80084005215912,52.8983154296875,9359672,0.0,0.0
2017-11-24 00:00:00+08:00,52.53249456361949,52.6056584783111,50.48387145996094,50.48387145996094,5840727,0.0,0.0
2017-11-27 00:00:00+08:00,50.19120721448443,50.19120721448443,49.02056790335141,49.679054260253906,4690848,0.0,0.0
2017-11-28 00:00:00+08:00,50.118041459251856,51.215516819673425,49.240063403733934,49.75221633911133,4570020,0.0,0.0
2017-11-29 00:00:00+08:00,50.48387003749639,52.459323588752845,49.8985475723581,52.16666793823242,3740571,0.0,0.0
2017-11-30 00:00:00+08:00,51.06918698074096,52.23982620239258,50.191203377966154,52.23982620239258,6193436,0.0,0.0
2017-12-01 00:00:00+08:00,52.38615380486821,52.75197890906707,50.3375365705834,50.84968948364258,5846554,0.0,0.0
2017-12-04 00:00:00+08:00,50.84968909664657,51.21551419806129,49.82537769627573,50.630191802978516,7541686,0.0,0.0
2017-12-05 00:00:00+08:00,51.21551363596081,51.800836024619564,49.60588544022124,50.264366149902344,12961275,0.0,0.0
2017-12-06 00:00:00+08:00,49.898544550777906,50.0448779492257,48.28891624219089,48.7279052734375,14780609,0.0,0.0
2017-12-07 00:00:00+08:00,46.825615855986044,47.11827707149563,43.89901486498692,46.16712951660156,9043470,0.0,0.0
2017-12-08 00:00:00+08:00,45.72813851492746,46.167127528261126,44.99648829868862,46.093963623046875,6077129,0.0,0.0
2017-12-11 00:00:00+08:00,46.82561651856266,46.82561651856266,45.508646612182936,45.947635650634766,3055463,0.0,0.0
2017-12-12 00:00:00+08:00,45.8013065046221,45.94763711912419,44.55750325891513,44.9233283996582,1847054,0.0,0.0
2017-12-13 00:00:00+08:00,44.338002708640815,45.65497535210518,43.89901368816878,45.28915023803711,5373951,0.0,0.0
2017-12-14 00:00:00+08:00,45.65497514522978,46.679283785364476,45.508644542060786,46.45978927612305,3223284,0.0,0.0
2017-12-15 00:00:00+08:00,46.02080140362511,46.09396531151943,44.19167579602513,44.63066482543945,5720814,0.0,0.0
2017-12-18 00:00:00+08:00,44.77699742116258,45.14282255893184,44.557502896705884,44.70383071899414,1399011,0.0,0.0
2017-12-19 00:00:00+08:00,44.70382808671003,45.21598380763473,44.411169668341735,44.85015869140625,1086008,0.0,0.0
2017-12-20 00:00:00+08:00,44.85016624727769,46.38663366889921,44.70383561792927,46.24030303955078,1874536,0.0,0.0
2017-12-21 00:00:00+08:00,45.72813887356198,45.72813887356198,44.850158048984774,45.06965255737305,1619466,0.0,0.0
2017-12-22 00:00:00+08:00,45.435477312022286,46.825613839285715,45.1428189001412,46.093963623046875,3231358,0.0,0.0
2017-12-25 00:00:00+08:00,46.09396310286088,48.87423612601142,46.09396310286088,48.28891372680664,2695395,0.0,0.0
2017-12-26 00:00:00+08:00,48.288913513490996,48.288913513490996,46.093962899241404,46.89877700805664,2150770,0.0,0.0
2017-12-27 00:00:00+08:00,46.898778994447106,47.48410141585747,46.38662606224928,46.97194290161133,1279567,0.0,0.0
2017-12-28 00:00:00+08:00,46.825619741586536,48.1425925296382,46.60612520725274,47.55727005004883,3264056,0.0,0.0
2017-12-29 00:00:00+08:00,47.92308862281568,49.093727839177134,46.75244940645423,48.28891372680664,2672100,0.0,0.0
2018-01-02 00:00:00+08:00,47.63042796073881,47.84992525842972,45.80130242014171,46.093963623046875,3808242,0.0,0.0
2018-01-03 00:00:00+08:00,46.459797382354736,47.04511989715684,46.167136124953686,46.82562255859375,2747658,0.0,0.0
2018-01-04 00:00:00+08:00,46.89877721523138,49.02056393478856,46.89877721523138,48.28891372680664,4379451,0.0,0.0
2018-01-05 00:00:00+08:00,48.28891244163455,48.727901438330726,47.19143715887013,47.41093444824219,5224547,0.0,0.0
2018-01-08 00:00:00+08:00,47.55726424730617,47.703592058324766,47.04511132669292,47.484100341796875,2034441,0.0,0.0
2018-01-09 00:00:00+08:00,47.55726225312493,47.630426155566305,46.45978697036051,47.41093444824219,2027766,0.0,0.0
2018-01-10 00:00:00+08:00,47.484102867264646,47.484102867264646,45.947635650634766,45.947635650634766,2699121,0.0,0.0
2018-01-11 00:00:00+08:00,45.58181660299519,46.24030303955078,45.58181660299519,46.24030303955078,1749898,0.0,0.0
2018-01-12 00:00:00+08:00,46.24030138828303,46.24030138828303,45.50865105869318,45.728145599365234,1851735,0.0,0.0
2018-01-15 00:00:00+08:00,46.02080036057637,46.167128173048546,45.72813915358378,45.87446975708008,1126547,0.0,0.0
2018-01-16 00:00:00+08:00,46.02080115865017,48.36207969109586,46.02080115865017,47.04511260986328,5539161,0.0,0.0
2018-01-17 00:00:00+08:00,49.75221633911133,49.97171364401498,48.508413163452886,49.75221633911133,15364268,0.0,0.0
2018-01-18 00:00:00+08:00,49.82537786756493,50.04487516198758,49.093727662220225,49.45955276489258,11862710,0.0,0.0
2018-01-19 00:00:00+08:00,49.752214513035675,51.50817614167009,49.60588670316953,49.82537841796875,5484841,0.0,0.0
2018-01-22 00:00:00+08:00,49.7522156418225,49.7522156418225,48.36207908836193,49.24006271362305,3217415,0.0,0.0
2018-01-23 00:00:00+08:00,49.38638903877952,49.75221414277048,47.77676081403854,48.28891372680664,4131446,0.0,0.0
2018-01-24 00:00:00+08:00,48.28891372680664,48.28891372680664,48.06941643159283,48.28891372680664,2546873,0.0,0.0
2018-01-25 00:00:00+08:00,48.727901438330726,48.727901438330726,47.41093444824219,47.41093444824219,3990188,0.0,0.0
2018-01-26 00:00:00+08:00,47.19144069975321,47.41093800559466,45.72814021293915,46.60612106323242,4647018,0.0,0.0
2018-01-29 00:00:00+08:00,47.33776257024956,47.41093205103927,46.606115209757654,47.11827087402344,2314534,0.0,0.0
2018-01-30 00:00:00+08:00,47.045109353987385,47.630426155566305,46.532950872801884,47.41093444824219,1977603,0.0,0.0
2018-01-31 00:00:00+08:00,47.99625236406667,48.435241370954095,46.02079904204923,48.14258575439453,5814124,0.0,0.0
2018-02-01 00:00:00+08:00,47.630431611992925,48.06942065897863,47.26460647583008,47.26460647583008,3576914,0.0,0.0
2018-02-02 00:00:00+08:00,47.26460881025414,48.435248187384026,46.825619741586536,47.55727005004883,4120307,0.0,0.0
2018-02-05 00:00:00+08:00,46.093964163712634,46.75245048246103,45.65497514522978,46.45978927612305,1780801,0.0,0.0
2018-02-06 00:00:00+08:00,44.411166582508976,45.14281676412848,42.43571053393151,44.04534149169922,5556863,0.0,0.0
2018-02-07 00:00:00+08:00,45.215991930483725,45.7281477434149,43.679527282714844,43.679527282714844,3956827,0.0,0.0
2018-02-08 00:00:00+08:00,45.362313762573486,45.80130277935004,45.06965255737305,45.06965255737305,3492810,0.0,0.0
2018-02-09 00:00:00+08:00,45.06965255737305,45.06965255737305,45.06965255737305,45.06965255737305,0,0.0,0.0
2018-02-12 00:00:00+08:00,46.898783493173255,47.04511690358691,45.728144120108254,46.02080535888672,3452239,0.0,0.0
2018-02-21 00:00:00+08:00,47.55726395798045,47.77676125522116,46.240294129656576,46.679283142089844,3979619,0.0,0.0
2018-02-22 00:00:00+08:00,46.38662482595204,46.53295263638055,45.581807913474876,46.093963623046875,2836696,0.0,0.0
2018-02-23 00:00:00+08:00,46.09396533464267,46.75245167011866,45.801304120870185,46.60612106323242,3453958,0.0,0.0
2018-02-26 00:00:00+08:00,46.60611933261888,46.752449934071464,45.72813851492746,46.093963623046875,2281182,0.0,0.0
2018-02-27 00:00:00+08:00,46.3134598262266,46.386626525145104,44.63066482543945,44.63066482543945,4880117,0.0,0.0
2018-03-01 00:00:00+08:00,44.484335391208774,44.99649113304174,44.411171481385885,44.77699661254883,5775966,0.0,0.0
2018-03-02 00:00:00+08:00,43.89901405523631,44.4111697774189,43.89901405523631,44.26483917236328,3744638,0.0,0.0
2018-03-05 00:00:00+08:00,44.264839703919456,44.85015934014662,44.264839703919456,44.63066482543945,1963254,0.0,0.0
2018-03-06 00:00:00+08:00,45.43548435111949,46.24030138828303,45.14282589389826,45.728145599365234,2507362,0.0,0.0
2018-03-07 00:00:00+08:00,45.50865105869318,46.24030138828303,45.50865105869318,45.728145599365234,2402748,0.0,0.0
2018-03-08 00:00:00+08:00,46.82561374324229,46.97194155337067,46.386624730809025,46.679283142089844,4245037,0.0,0.0
2018-03-09 00:00:00+08:00,46.82562255859375,46.971950396269676,46.459797382354736,46.82562255859375,1903274,0.0,0.0
2018-03-12 00:00:00+08:00,47.1914382063662,47.410935500610385,46.825613103991266,46.89877700805664,2812181,0.0,0.0
2018-03-13 00:00:00+08:00,47.33776823988274,47.41093772943594,46.60612079176159,47.04511260986328,3447065,0.0,0.0
2018-03-14 00:00:00+08:00,47.19144069975321,47.19144069975321,46.38662654841515,46.60612106323242,1103755,0.0,0.0
2018-03-15 00:00:00+08:00,46.38663150425167,46.971948412282124,46.16713417495964,46.75245666503906,1446399,0.0,0.0
2018-03-16 00:00:00+08:00,46.82561557804969,46.898779485980725,46.167129242573694,46.60612106323242,2422605,0.0,0.0
2018-03-19 00:00:00+08:00,46.53294851999178,47.191434772765476,46.53294851999178,47.11827087402344,3638736,0.0,0.0
2018-03-20 00:00:00+08:00,46.97193749449169,48.288910000039095,46.82560969700761,47.11827087402344,3012969,0.0,0.0
2018-03-21 00:00:00+08:00,47.11827087402344,47.191434772765476,46.53294851999178,47.11827087402344,1101180,0.0,0.0
2018-03-22 00:00:00+08:00,47.48410379034722,47.557267701170076,46.97194525049009,47.26460647583008,3691083,0.0,0.0
2018-03-23 00:00:00+08:00,46.16713030138776,46.16713030138776,45.3623161315918,45.3623161315918,2270324,0.0,0.0
2018-03-26 00:00:00+08:00,45.581810651443035,45.801305171294274,45.21598552134955,45.3623161315918,1594729,0.0,0.0
2018-03-27 00:00:00+08:00,45.80130784955606,47.84993093069355,45.728143935668754,47.337772369384766,6114834,0.0,0.0
2018-03-28 00:00:00+08:00,47.26460211043157,47.55726330874113,46.386624097550964,46.89877700805664,5040500,0.0,0.0
2018-03-29 00:00:00+08:00,47.191439500943886,47.264603407016324,46.45978927612305,46.45978927612305,3021613,0.0,0.0
2018-03-30 00:00:00+08:00,47.9230914853336,49.75221711454481,47.70359417700889,48.94740295410156,13707331,0.0,0.0
2018-04-02 00:00:00+08:00,48.94740094603154,49.166892663303166,47.630428314208984,47.630428314208984,5007809,0.0,0.0
2018-04-03 00:00:00+08:00,47.0451069752814,47.26459867150752,46.09395954549186,47.11827087402344,4198770,0.0,0.0
2018-04-09 00:00:00+08:00,47.410936801209424,47.410936801209424,46.02080025764019,46.45978927612305,3836425,0.0,0.0
2018-04-10 00:00:00+08:00,46.97194312031009,47.41093772943594,46.53295409323256,47.04511260986328,3589586,0.0,0.0
2018-04-11 00:00:00+08:00,47.191447734832764,47.191447734832764,46.5329613011927,46.82562255859375,2899124,0.0,0.0
2018-04-12 00:00:00+08:00,46.82562255859375,47.33777557250869,46.60612801105526,46.82562255859375,2229419,0.0,0.0
2018-04-13 00:00:00+08:00,46.825612382242284,46.9719401881176,46.38662338256836,46.38662338256836,1566200,0.0,0.0
2018-04-16 00:00:00+08:00,46.31346695871269,46.75245884675795,46.020808491040455,46.24030303955078,1254944,0.0,0.0
2018-04-17 00:00:00+08:00,46.24029476688162,46.679283785364476,45.94763356054364,46.45978927612305,2142190,0.0,0.0
2018-04-18 00:00:00+08:00,46.60612057476608,47.33776801948073,46.45978996941349,46.97194290161133,2877473,0.0,0.0
2018-04-19 00:00:00+08:00,47.045109353987385,47.41093444824219,46.45978697036051,47.41093444824219,2437621,0.0,0.0
2018-04-20 00:00:00+08:00,46.679285908737306,46.752452609162106,45.65497722200829,45.947635650634766,4141877,0.0,0.0
2018-04-23 00:00:00+08:00,45.65498020592585,46.09396927306912,45.4354828813298,46.02080535888672,933940,0.0,0.0
2018-04-24 00:00:00+08:00,45.65497385139529,45.801301659393324,43.89901224517853,44.3380012512207,3469363,0.0,0.0
2018-04-25 00:00:00+08:00,43.16736241564916,44.63066283651862,42.87470121506564,44.557498931884766,2055300,0.0,0.0
2018-04-26 00:00:00+08:00,44.850153767136206,45.215978843199345,43.53318405151367,43.53318405151367,2145787,0.0,0.0
2018-04-27 00:00:00+08:00,43.75268227792838,44.41116858752396,43.53318777173788,44.118507385253906,2510858,0.0,0.0
2018-04-30 00:00:00+08:00,44.338004913590744,44.48433552469989,43.53319073902684,44.19167709350586,2429819,0.0,0.0
2018-05-02 00:00:00+08:00,43.97217849029379,44.99648994695945,43.89901458239946,44.63066482543945,1597239,0.0,0.0
2018-05-03 00:00:00+08:00,43.97217653071774,44.923324037102134,43.53318752086652,44.557498931884766,4007872,0.0,0.0
2018-05-04 00:00:00+08:00,44.557501317065324,44.557501317065324,43.460025942664934,43.606353759765625,4587497,0.0,0.0
2018-05-07 00:00:00+08:00,43.752681732177734,44.19167353010703,43.606351132867964,43.752681732177734,1949672,0.0,0.0
2018-05-08 00:00:00+08:00,43.752685260178424,44.48433552469989,43.752685260178424,44.19167709350586,1729194,0.0,0.0
2018-05-09 00:00:00+08:00,43.97217837633311,45.58180946505433,43.97217837633311,45.21598434448242,2463834,0.0,0.0
2018-05-10 00:00:00+08:00,45.21598139839791,46.45978728550602,44.045342205251444,46.38662338256836,3239171,0.0,0.0
2018-05-11 00:00:00+08:00,46.459791915191985,46.75245313815409,45.36231651562052,46.31346130371094,3441452,0.0,0.0
2018-05-14 00:00:00+08:00,46.313460124356354,46.38662682374586,45.80130439272667,46.16712951660156,2103626,0.0,0.0
2018-05-15 00:00:00+08:00,45.65497589111328,46.16712882403582,45.508645285553634,45.65497589111328,3749798,0.0,0.0
2018-05-16 00:00:00+08:00,45.4354779465912,46.093964266812456,45.4354779465912,45.87446975708008,816882,0.0,0.0
2018-05-17 00:00:00+08:00,45.87447320738531,46.0208038218874,44.9233283996582,44.9233283996582,1048960,0.0,0.0
2018-05-18 00:00:00+08:00,44.99648829868862,46.38662482595204,44.99648829868862,46.093963623046875,1762570,0.0,0.0
2018-05-21 00:00:00+08:00,45.947631277091396,46.16712577542464,45.43547558696451,45.58180618286133,1909818,0.0,0.0
2018-05-22 00:00:00+08:00,45.94763356054364,47.045111688799004,45.65497514522978,46.45978927612305,2652803,0.0,0.0
2018-05-23 00:00:00+08:00,46.240297002021,46.31346091163,45.3623161315918,45.3623161315918,3384904,0.0,0.0
2018-05-24 00:00:00+08:00,45.65497514522978,46.898778294605904,45.508644542060786,46.45978927612305,3866212,0.0,0.0
2018-05-25 00:00:00+08:00,46.240295941528906,46.82561557804969,46.020801426711635,46.60612106323242,1969010,0.0,0.0
2018-05-28 00:00:00+08:00,46.6792814687086,47.776759542497,46.02079797366434,47.41093444824219,5482811,0.0,0.0
2018-05-29 00:00:00+08:00,47.410935710047575,48.581574926409026,46.53295211124042,48.28891372680664,5774375,0.0,0.0
2018-05-30 00:00:00+08:00,47.77676687037478,48.435247675391174,47.191444396972656,47.191444396972656,4770295,0.0,0.0
2018-05-31 00:00:00+08:00,47.63042506669614,48.435239139248424,47.33776388157318,47.99625015258789,7332442,0.0,0.0
2018-06-01 00:00:00+08:00,48.069417330800434,50.41070138936852,47.55726440845177,47.630428314208984,5789727,0.0,0.0
2018-06-04 00:00:00+08:00,47.92308935690083,48.069417167919426,46.89877793362614,47.484100341796875,3272085,0.0,0.0
2018-06-05 00:00:00+08:00,47.55727005004883,47.55727005004883,46.825619741586536,47.55727005004883,2881017,0.0,0.0
2018-06-06 00:00:00+08:00,47.55726691153502,48.362081081320525,47.264605691054335,48.069419860839844,2263587,0.0,0.0
2018-06-07 00:00:00+08:00,48.069417350739144,49.02056487212199,48.069417350739144,48.874237060546875,2759132,0.0,0.0
2018-06-08 00:00:00+08:00,48.874238671885294,49.7522167343785,48.28891624219089,48.7279052734375,2731296,0.0,0.0
2018-06-11 00:00:00+08:00,49.02056778679027,52.67881911416268,48.50841483377754,50.99602127075195,8255977,0.0,0.0
2018-06-12 00:00:00+08:00,50.48386956323304,50.92285861693838,49.16689682006836,49.16689682006836,5576879,0.0,0.0
2018-06-13 00:00:00+08:00,49.60588917754928,53.19097093652967,49.459555778335776,51.5081787109375,17037650,0.0,0.0
2018-06-14 00:00:00+08:00,51.06919113008854,51.654507997447006,49.97171572398677,51.215518951416016,11140504,0.0,0.0
2018-06-15 00:00:00+08:00,50.99602480143784,51.36184995950281,50.33754398256002,50.703369140625,9347000,0.0,0.0
2018-06-19 00:00:00+08:00,49.532716847556664,50.04487534237287,48.142585918029496,48.28891372680664,5702092,0.0,0.0
2018-06-20 00:00:00+08:00,47.77676524642814,49.02056848256941,46.825617654991674,48.80107116699219,6335877,0.0,0.0
2018-06-21 00:00:00+08:00,48.36207799111476,50.11803961974917,48.36207799111476,49.82537841796875,4133134,0.0,0.0
2018-06-22 00:00:00+08:00,49.02057035125956,50.55703487272509,48.36208396147466,50.118045806884766,3425708,0.0,0.0
2018-06-25 00:00:00+08:00,49.38639599344005,50.776532700776286,49.0937347526247,50.48387145996094,3170516,0.0,0.0
2018-06-26 00:00:00+08:00,49.89854623127446,51.94716922215053,49.38639327457973,51.215518951416016,4729065,0.0,0.0
2018-06-27 00:00:00+08:00,50.84969697103142,51.654511202364574,50.11804665490147,50.703369140625,5617320,0.0,0.0
2018-06-28 00:00:00+08:00,50.044881535153905,50.33754277097152,49.60589247245187,49.8985481262207,4026344,0.0,0.0
2018-06-29 00:00:00+08:00,49.605886736470325,51.06918716430664,49.605886736470325,51.06918716430664,5560627,0.0,0.0
2018-07-02 00:00:00+08:00,51.06918716430664,51.21551497427101,50.19120355837597,51.06918716430664,4891961,0.0,0.0
2018-07-03 00:00:00+08:00,50.55703537465256,50.8496966154679,48.874243008549854,50.48387145996094,5579100,0.0,0.0
2018-07-04 00:00:00+08:00,50.337536541975254,50.70336164596621,49.89854195154763,48.28891372680664,2777611,0.0,0.0
2018-07-05 00:00:00+08:00,50.35844078233244,50.894987825067474,50.051849155467195,50.5883903503418,3416694,3.0,0.0
2018-07-06 00:00:00+08:00,50.20514276785444,50.51174022913856,49.285356231862245,49.43865203857422,4091225,0.0,0.0
2018-07-09 00:00:00+08:00,50.20514162848978,52.35131796091275,49.89854417416363,52.121368408203125,3839193,0.0,0.0
2018-07-10 00:00:00+08:00,52.12137260285663,52.734567560857975,51.27823392150017,52.351322174072266,3811227,0.0,0.0
2018-07-11 00:00:00+08:00,51.584830855406864,51.96807623814284,51.201585472670885,51.354881286621094,3910518,0.0,0.0
2018-07-12 00:00:00+08:00,50.81833495192338,52.581260025551245,50.128492163173405,51.96807098388672,4059427,0.0,0.0
2018-07-13 00:00:00+08:00,51.73812288123264,52.65790939331055,51.584827078506336,52.65790939331055,1715083,0.0,0.0
2018-07-16 00:00:00+08:00,52.81120966127471,53.57770035055922,52.81120966127471,53.27110290527344,2418468,0.0,0.0
2018-07-17 00:00:00+08:00,53.041159779972595,53.654354744771354,52.9645118713379,52.96451187133789,2282985,0.0,0.0
2018-07-18 00:00:00+08:00,53.27110470205113,55.570576847463414,52.044720727403266,52.88785934448242,6749608,0.0,0.0
2018-07-19 00:00:00+08:00,53.50105764902511,55.11068708333195,53.04115851248562,54.34419631958008,4902644,0.0,0.0
2018-07-20 00:00:00+08:00,54.80408840314716,55.03403796636044,53.73100018791907,54.03759765625,3011196,0.0,0.0
2018-07-23 00:00:00+08:00,55.41728604172322,55.493933950577905,53.501059081053135,53.73100280761719,4117074,0.0,0.0
2018-07-24 00:00:00+08:00,54.57414094813739,57.79340571818212,54.03759974372687,56.4903678894043,7379835,0.0,0.0
2018-07-25 00:00:00+08:00,56.49036312680555,59.32638226949734,56.10711777086288,58.636539459228516,6755593,0.0,0.0
2018-07-26 00:00:00+08:00,58.10000089547417,58.48324626853703,56.79696311834425,58.3299446105957,5127111,0.0,0.0
2018-07-27 00:00:00+08:00,56.873610036751096,57.640100769579874,56.873610036751096,57.4868049621582,4024415,0.0,0.0
2018-07-30 00:00:00+08:00,57.4868032222927,60.16952070599969,57.18020576886847,59.17308044433594,5426692,0.0,0.0
2018-07-31 00:00:00+08:00,59.55632440963065,59.93956975550436,59.01978326455141,59.78627395629883,4528818,0.0,0.0
2018-08-01 00:00:00+08:00,59.78628040168763,61.089312378990456,58.71319214798267,59.47968292236328,6088037,0.0,0.0
2018-08-02 00:00:00+08:00,59.173085607177974,59.632984751370465,56.413719981325734,56.4903678894043,4283098,0.0,0.0
2018-08-03 00:00:00+08:00,57.25685579791232,59.326384299534126,57.25685579791232,59.0197868347168,6472898,0.0,0.0
2018-08-06 00:00:00+08:00,59.17308346452605,61.472555710782665,57.25685659264554,57.79340362548828,7551904,0.0,0.0
2018-08-07 00:00:00+08:00,57.9466966489597,60.092872981382676,57.870048747343176,58.636539459228516,5173469,0.0,0.0
2018-08-08 00:00:00+08:00,59.70962796455696,63.695377349853516,59.32638260643767,63.695377349853516,16222083,0.0,0.0
2018-08-09 00:00:00+08:00,63.388776801398706,63.61872634419634,61.31925430765912,62.468990325927734,10211213,0.0,0.0
2018-08-10 00:00:00+08:00,62.85224950325506,64.07863368984391,62.162406570842236,63.08219909667969,9581161,0.0,0.0
2018-08-13 00:00:00+08:00,62.16239683936438,62.16239683936438,58.329943201328845,58.943138122558594,5447243,0.0,0.0
2018-08-14 00:00:00+08:00,59.01979027221322,59.93957687237621,58.7131927895387,58.78984069824219,3553858,0.0,0.0
2018-08-15 00:00:00+08:00,59.40304040644802,59.55633623609443,56.79697036743164,56.79697036743164,4585723,0.0,0.0
2018-08-16 00:00:00+08:00,55.95382349650065,58.02334613599426,55.493930226375426,57.4868049621582,5812053,0.0,0.0
2018-08-17 00:00:00+08:00,57.7167591566078,58.55989786086315,57.0269162720859,57.56345748901367,3640331,0.0,0.0
2018-08-20 00:00:00+08:00,58.17665133445064,58.48324881582712,55.64722942292039,55.953826904296875,3276079,0.0,0.0
2018-08-21 00:00:00+08:00,55.95382158590088,58.40658950805665,55.95382158590088,58.40658950805664,4574951,0.0,0.0
2018-08-22 00:00:00+08:00,57.64010912620901,58.40659997016318,56.260429115808144,56.79697036743164,4614409,0.0,0.0
2018-08-23 00:00:00+08:00,56.030470399267884,57.10355857563027,55.800526692243146,56.6436653137207,2558528,0.0,0.0
2018-08-24 00:00:00+08:00,56.6436677702179,56.6436677702179,53.88430223123348,54.267547607421875,8005850,0.0,0.0
2018-08-27 00:00:00+08:00,55.110688368726535,56.796965749167,54.42084549568795,56.72031784057617,5191953,0.0,0.0
2018-08-28 00:00:00+08:00,57.10356727399324,58.71319685979535,57.10356727399324,58.25330352783203,6343260,0.0,0.0
2018-08-29 00:00:00+08:00,58.94314057043321,59.47968176289636,56.79696410485977,57.870052337646484,8570487,0.0,0.0
2018-08-30 00:00:00+08:00,57.87004497507438,58.17664240941492,55.647220885930054,56.41371154785156,6995403,0.0,0.0
2018-08-31 00:00:00+08:00,56.79696013475339,57.79340039151713,56.41371478182272,57.10355758666992,7033451,0.0,0.0
2018-09-03 00:00:00+08:00,57.33351773851568,57.870058992680875,56.18378146713792,56.26042938232422,4800402,0.0,0.0
2018-09-04 00:00:00+08:00,56.41372035835229,57.25685904857253,56.33707244976147,56.72031784057617,3079220,0.0,0.0
2018-09-05 00:00:00+08:00,56.413717366684374,57.10356020314,55.187333350685634,55.49393081665039,3971475,0.0,0.0
2018-09-06 00:00:00+08:00,54.72744316630987,55.26398437615326,53.424405324337854,53.73100280761719,5835861,0.0,0.0
2018-09-07 00:00:00+08:00,53.80764952795591,54.65079405031565,53.0411587606183,53.42440414428711,5614596,0.0,0.0
2018-09-10 00:00:00+08:00,52.19801518186035,52.27466308182057,49.055404500611886,49.59194564819336,9694490,0.0,0.0
2018-09-11 00:00:00+08:00,49.59194564819336,50.971631238917034,49.055404500611886,49.59194564819336,6911253,0.0,0.0
2018-09-12 00:00:00+08:00,49.1320605011601,49.1320605011601,46.90923887259912,47.292484283447266,7101809,0.0,0.0
2018-09-13 00:00:00+08:00,47.36913128230939,49.05541164229951,47.13918462502219,48.51886749267578,6154050,0.0,0.0
2018-09-14 00:00:00+08:00,48.51886182398588,51.2782301608333,47.98231773704915,50.665035247802734,8149701,0.0,0.0
2018-09-17 00:00:00+08:00,50.20514198695985,51.58482761734858,49.97519243260837,50.665035247802734,5573165,0.0,0.0
2018-09-18 00:00:00+08:00,49.97519504759748,50.20514461398125,48.825461835329634,49.0554084777832,7478786,0.0,0.0
2018-09-19 00:00:00+08:00,49.438654832237106,50.588390991126346,49.36200692454993,49.8985481262207,3467475,0.0,0.0
2018-09-20 00:00:00+08:00,50.20514850897375,51.20158891012825,49.74525518838738,51.124935150146484,4550586,0.0,0.0
2018-09-21 00:00:00+08:00,51.508174309439966,54.03759603757699,51.35487850379657,53.884300231933594,11170982,0.0,0.0
2018-09-25 00:00:00+08:00,53.6543484109236,53.6543484109236,52.3513165743737,52.734561920166016,4328823,0.0,0.0
2018-09-26 00:00:00+08:00,52.121374199860284,52.58126750852221,52.121374199860284,52.50461959838867,2115176,0.0,0.0
2018-09-27 00:00:00+08:00,52.12137382804328,52.581267133424475,51.04828555024673,52.2746696472168,3558835,0.0,0.0
2018-09-28 00:00:00+08:00,52.121368408203125,52.58126166576233,51.27822979470126,52.121368408203125,7401840,0.0,0.0
2018-10-01 00:00:00+08:00,52.12137683574608,52.88786767156587,51.81477933184596,52.19802474975586,2190769,0.0,0.0
2018-10-02 00:00:00+08:00,52.0447205065866,52.27466421143618,51.508173499550836,52.121368408203125,2511839,0.0,0.0
2018-10-03 00:00:00+08:00,52.35131796091275,53.65434983197381,52.121368408203125,52.121368408203125,3383040,0.0,0.0
2018-10-04 00:00:00+08:00,52.1213714795336,52.35132104579334,49.89854711451082,50.35844039916992,5232997,0.0,0.0
2018-10-05 00:00:00+08:00,49.74525250011484,49.74525250011484,46.52599065819043,48.1356201171875,7789756,0.0,0.0
2018-10-08 00:00:00+08:00,47.52242641761655,47.67572515213683,46.44933819990476,46.75593566894531,5466419,0.0,0.0
2018-10-09 00:00:00+08:00,46.679287573228066,46.679287573228066,44.456463241577154,45.989444732666016,7711991,0.0,0.0
2018-10-11 00:00:00+08:00,42.15699372468171,42.31029246846662,41.3905029296875,41.3905029296875,6828506,0.0,0.0
2018-10-12 00:00:00+08:00,39.627571159848635,43.99656888733982,39.627571159848635,43.919918060302734,5378325,0.0,0.0
2018-10-15 00:00:00+08:00,43.153427333512354,44.37981425073501,42.61688323997307,43.919918060302734,3054170,0.0,0.0
2018-10-16 00:00:00+08:00,43.383374763496384,44.83970834071561,42.69353485107422,42.69353485107422,4057180,0.0,0.0
2018-10-17 00:00:00+08:00,43.07678171512424,46.67928890689587,43.07678171512424,45.83614730834961,5996617,0.0,0.0
2018-10-18 00:00:00+08:00,45.452902629876625,45.52955346216846,43.68997442218841,43.8432731628418,4101977,0.0,0.0
2018-10-19 00:00:00+08:00,43.0001301275777,45.98944523759334,42.77018348617577,45.759498596191406,4429349,0.0,0.0
2018-10-22 00:00:00+08:00,44.07321867032982,45.1463069031795,43.91991993364698,44.7630615234375,4531150,0.0,0.0
2018-10-23 00:00:00+08:00,43.91992172954676,44.37981795840059,43.1534309387207,43.1534309387207,4452950,0.0,0.0
2018-10-24 00:00:00+08:00,42.54023541537198,42.770182049047435,40.547360691611274,42.15699005126953,6969047,0.0,0.0
2018-10-25 00:00:00+08:00,39.24433060372548,40.317415998322595,37.9412956237793,37.9412956237793,10772022,0.0,0.0
2018-10-26 00:00:00+08:00,38.93773040888676,39.93416782197029,37.59637156560078,38.24789047241211,10580734,0.0,0.0
2018-10-29 00:00:00+08:00,38.55448419553481,39.70422032218454,38.3245375549909,39.474273681640625,7517562,0.0,0.0
2018-10-30 00:00:00+08:00,38.86108298671552,41.160555318190646,38.63113633835407,40.54736328125,6121835,0.0,0.0
2018-10-31 00:00:00+08:00,42.080342548838075,44.53311056331241,41.927043816950906,43.689971923828125,16020957,0.0,0.0
2018-11-01 00:00:00+08:00,43.53666944434661,45.759493555546804,43.30672282827449,45.45289611816406,8984037,0.0,0.0
2018-11-02 00:00:00+08:00,44.83970802220166,47.675724328050016,44.83970802220166,46.67928695678711,7744495,0.0,0.0
2018-11-05 00:00:00+08:00,45.06965847249441,47.44578170776367,45.06965847249441,47.44578170776367,2613549,0.0,0.0
2018-11-06 00:00:00+08:00,48.13562114983771,48.13562114983771,45.299604634827,47.67572784423828,6623603,0.0,0.0
2018-11-07 00:00:00+08:00,47.21582863639088,47.75237274169922,46.14274334970436,47.75237274169922,5140057,0.0,0.0
2018-11-08 00:00:00+08:00,48.6721622188092,48.90210885710416,47.52242610340426,47.75237274169922,3419979,0.0,0.0
2018-11-09 00:00:00+08:00,47.2158318488417,47.52242933671523,45.68285025733476,45.91279983520508,6089696,0.0,0.0
2018-11-12 00:00:00+08:00,45.146306082139205,46.29604220045585,45.06965525322667,45.989444732666016,2857809,0.0,0.0
2018-11-13 00:00:00+08:00,44.45646805273225,46.52599387445588,43.76662513751422,46.29604721069336,4029507,0.0,0.0
2018-11-14 00:00:00+08:00,46.37269314308502,47.44578142671202,45.75950109126831,45.91279983520508,4000853,0.0,0.0
2018-11-15 00:00:00+08:00,46.67928745501269,47.90567147520591,46.14274334970436,47.75237274169922,3706917,0.0,0.0
2018-11-16 00:00:00+08:00,47.90567346932082,48.51886550494207,47.75237472943294,48.1356201171875,2545803,0.0,0.0
2018-11-19 00:00:00+08:00,48.67216319491123,48.67216319491123,46.06609344482422,46.06609344482422,4278369,0.0,0.0
2018-11-20 00:00:00+08:00,45.606198864156475,46.67928706582632,45.146305591400896,46.219390869140625,2680638,0.0,0.0
2018-11-21 00:00:00+08:00,46.67928516458133,47.44577587057491,45.75949573260303,47.062530517578125,2931806,0.0,0.0
2018-11-22 00:00:00+08:00,47.13918202814374,48.13561943744854,46.37269126345848,47.59907531738281,4401914,0.0,0.0
2018-11-23 00:00:00+08:00,47.82902886768412,48.05897553144665,46.06609762300037,46.29604721069336,4849144,0.0,0.0
2018-11-26 00:00:00+08:00,45.98944970972302,47.13918595246609,45.83615095923785,46.29604721069336,2021715,0.0,0.0
2018-11-27 00:00:00+08:00,46.296040124915294,47.59907199477929,45.759496042302466,47.36912536621094,3789451,0.0,0.0
2018-11-28 00:00:00+08:00,47.59907349558821,50.51174062905772,47.445777687662535,49.668601989746094,9677393,0.0,0.0
2018-11-29 00:00:00+08:00,50.205141945237294,50.74168310779809,49.132053772255624,49.362003326416016,5659301,0.0,0.0
2018-11-30 00:00:00+08:00,50.20514316534616,50.51174062905772,49.5153003339602,49.668601989746094,4343889,0.0,0.0
2018-12-03 00:00:00+08:00,52.42796608497198,53.27110470205113,51.50817371809102,52.88785934448242,6679251,0.0,0.0
2018-12-04 00:00:00+08:00,52.581263490168254,52.73456514658044,50.89498620465596,51.73812484741211,3751193,0.0,0.0
2018-12-05 00:00:00+08:00,51.048284479336154,51.048284479336154,47.90567346932082,48.1356201171875,6807936,0.0,0.0
2018-12-06 00:00:00+08:00,47.52242667803679,47.82902414875748,44.533111572265625,44.533111572265625,6846369,0.0,0.0
2018-12-07 00:00:00+08:00,45.14630651370702,46.2193918133691,44.149866195829844,44.533111572265625,8040649,0.0,0.0
2018-12-10 00:00:00+08:00,44.533109555860236,44.993005741117734,43.84326966386905,44.149864196777344,3469136,0.0,0.0
2018-12-11 00:00:00+08:00,44.14986657670614,45.06965607287298,44.14986657670614,44.7630615234375,1646845,0.0,0.0
2018-12-12 00:00:00+08:00,45.759497304827484,47.59907330805903,45.452899842323845,47.21582794189453,4094050,0.0,0.0
2018-12-13 00:00:00+08:00,48.902112626842445,49.05541137216654,46.60264021877214,46.98588562011719,4741478,0.0,0.0
2018-12-14 00:00:00+08:00,46.832583574240374,47.75237305743189,46.066092825569136,46.75593566894531,3548450,0.0,0.0
2018-12-17 00:00:00+08:00,46.9858777712184,48.51885912051707,46.52598453600075,47.98231506347656,2716350,0.0,0.0
2018-12-18 00:00:00+08:00,48.442216958604334,49.74525184458486,47.675726193195814,48.825462341308594,6027940,0.0,0.0
2018-12-19 00:00:00+08:00,49.5919496688648,51.04828327762107,48.67216309905052,49.0554084777832,7721007,0.0,0.0
2018-12-20 00:00:00+08:00,48.90211141472566,49.4386555480957,47.675727330391524,47.90567398071289,3588412,0.0,0.0
2018-12-21 00:00:00+08:00,47.59907649766421,49.05541015625,47.2158311058185,47.90567398071289,4437142,0.0,0.0
2018-12-24 00:00:00+08:00,47.82902488593257,48.28891817517164,47.59907531738281,47.59907531738281,1138379,0.0,0.0
2018-12-25 00:00:00+08:00,46.755933651254196,47.9056697246457,46.06609083764729,46.37268829345703,2562426,0.0,0.0
2018-12-26 00:00:00+08:00,47.06253243443268,47.75237234356605,46.219390869140625,46.219390869140625,3076955,0.0,0.0
2018-12-27 00:00:00+08:00,47.522430828133054,47.59907874054174,46.29604668601147,46.52599334716797,2742164,0.0,0.0
2018-12-28 00:00:00+08:00,46.75593733587185,46.98588398388517,45.146307875848365,45.606201171875,5286034,0.0,0.0
2019-01-02 00:00:00+08:00,46.219388268014654,48.442212450407894,45.98944164457775,48.28891372680664,6932906,0.0,0.0
2019-01-03 00:00:00+08:00,47.36913020569732,47.59907685775826,45.6828498840332,45.6828498840332,5456685,0.0,0.0
2019-01-04 00:00:00+08:00,44.30316513536167,44.533111777496806,43.46002647288941,43.9965705871582,4883500,0.0,0.0
2019-01-07 00:00:00+08:00,45.222955622224724,45.222955622224724,44.456464848966675,44.8397102355957,4519513,0.0,0.0
2019-01-08 00:00:00+08:00,45.14630754748056,45.14630754748056,43.843272652975585,44.073219299316406,3562238,0.0,0.0
2019-01-09 00:00:00+08:00,44.53311076443211,44.8397082295911,44.14986539494842,44.45646286010742,4200513,0.0,0.0
2019-01-10 00:00:00+08:00,44.456465867911064,44.68641252037281,43.07678302921023,43.1534309387207,8656862,0.0,0.0
2019-01-11 00:00:00+08:00,43.53667633413373,43.99657256298756,42.770185543307676,43.1534309387207,6105900,0.0,0.0
2019-01-14 00:00:00+08:00,43.30672685898174,43.460025591941154,42.15699074768134,42.69353485107422,7048878,0.0,0.0
2019-01-15 00:00:00+08:00,43.15342801907687,44.6864094970116,43.00012928649737,44.45646286010742,13461278,0.0,0.0
2019-01-16 00:00:00+08:00,44.073219462337654,45.452902269416086,43.919920722899995,44.8397102355957,5386095,0.0,0.0
2019-01-17 00:00:00+08:00,45.22295021013561,45.529547652318655,44.14986208642483,44.22651290893555,2145396,0.0,0.0
2019-01-18 00:00:00+08:00,44.60976197547207,46.21939137154332,44.37981533659477,45.989444732666016,6484630,0.0,0.0
2019-01-21 00:00:00+08:00,45.91279632861361,46.52598833359776,45.376252227778686,46.219390869140625,4240397,0.0,0.0
2019-01-22 00:00:00+08:00,46.3726902946097,47.062533137985874,46.21939156008942,46.75593566894531,3221811,0.0,0.0
2019-01-23 00:00:00+08:00,46.37269471262562,47.36913219604472,46.37269471262562,47.292484283447266,4346555,0.0,0.0
2019-01-24 00:00:00+08:00,47.13918553432192,47.292484283447266,46.52599346175097,47.292484283447266,4795350,0.0,0.0
2019-01-25 00:00:00+08:00,47.59907093256599,48.36556162664229,47.445775132894696,48.28891372680664,6103972,0.0,0.0
2019-01-28 00:00:00+08:00,48.44221467529595,50.28179067121042,48.44221467529595,49.43865203857422,11022313,0.0,0.0
2019-01-29 00:00:00+08:00,49.28535542431591,50.05184614103709,48.82545923992518,49.362003326416016,8388376,0.0,0.0
2019-01-30 00:00:00+08:00,50.12849981123059,51.738129331986926,49.59195273907131,51.04828643798828,11143139,0.0,0.0
2019-02-11 00:00:00+08:00,51.048284285109936,51.048284285109936,48.90211070663608,49.8985481262207,12522199,0.0,0.0
2019-02-12 00:00:00+08:00,49.43865570308655,50.05185067110629,48.51886617498725,48.67216491699219,7297389,0.0,0.0
2019-02-13 00:00:00+08:00,48.7488074676326,49.20870071916631,47.98231676578976,48.05896759033203,12196507,0.0,0.0
2019-02-14 00:00:00+08:00,48.90210718266496,50.665035247802734,48.825459280501164,50.665035247802734,18988890,0.0,0.0
2019-02-15 00:00:00+08:00,51.35488297557102,51.738128370911106,50.051850970559,50.20514678955078,11262953,0.0,0.0
2019-02-18 00:00:00+08:00,51.73812403833125,53.807646660720444,51.50817448123905,51.661476135253906,13320605,0.0,0.0
2019-02-19 00:00:00+08:00,51.50818012358084,51.81477761733589,50.051852262000764,51.278236389160156,9275622,0.0,0.0
2019-02-20 00:00:00+08:00,51.73812649466775,51.81477440138406,50.35844078233244,50.5883903503418,6375061,0.0,0.0
2019-02-21 00:00:00+08:00,51.12492850864562,51.66147551951238,50.665035247802734,50.665035247802734,5535649,0.0,0.0
2019-02-22 00:00:00+08:00,50.741684964298656,51.04828243177671,49.74525050482033,50.28179168701172,4856628,0.0,0.0
2019-02-25 00:00:00+08:00,50.818339918351164,50.894987825067474,50.205144968899816,50.5883903503418,3649765,0.0,0.0
2019-02-26 00:00:00+08:00,50.81834182148646,53.80765123039454,50.81834182148646,52.2746696472168,14901600,0.0,0.0
2019-02-27 00:00:00+08:00,51.891423190592256,53.11781311035156,51.50817780263261,53.11781311035156,4743615,0.0,0.0
2019-03-04 00:00:00+08:00,54.80409025464739,55.41728521202541,52.88786332266671,53.654354095458984,8402142,0.0,0.0
2019-03-05 00:00:00+08:00,53.731003609776415,53.80765151977539,53.34775821192086,53.80765151977539,6300470,0.0,0.0
2019-03-06 00:00:00+08:00,53.960953187634026,53.960953187634026,52.65791532620873,53.80765151977539,5389807,0.0,0.0
2019-03-07 00:00:00+08:00,53.27111039544544,53.8076516142409,52.50461959838867,52.50461959838867,2717387,0.0,0.0
2019-03-08 00:00:00+08:00,52.504619695258235,52.504619695258235,50.741688519630834,51.20158767700195,5415335,0.0,0.0
2019-03-11 00:00:00+08:00,50.741688003882636,51.35488297557102,49.97519721320247,50.20514678955078,10227242,0.0,0.0
2019-03-12 00:00:00+08:00,51.04828402339634,51.27823359313949,50.358441162027376,50.81834030151367,7524284,0.0,0.0
2019-03-13 00:00:00+08:00,51.12492971908987,51.50817508684275,50.74168435133699,50.97163391113281,5450682,0.0,0.0
2019-03-14 00:00:00+08:00,51.201583470928625,51.27823137490716,50.5117406394014,50.97163391113281,5628911,0.0,0.0
2019-03-15 00:00:00+08:00,51.584832935287515,51.584832935287515,50.435096740722656,50.435096740722656,6809768,0.0,0.0
2019-03-18 00:00:00+08:00,50.5117434665961,50.58839137486469,49.74525268818906,50.12849807739258,6812981,0.0,0.0
2019-03-19 00:00:00+08:00,50.435096365899085,50.81834176123917,50.12849888005489,50.20514678955078,3763042,0.0,0.0
2019-03-20 00:00:00+08:00,50.66504009438675,51.5081787945628,50.20514678955078,50.20514678955078,5735216,0.0,0.0
2019-03-21 00:00:00+08:00,50.43509273542287,50.97163391113281,50.28179107960558,50.97163391113281,3683295,0.0,0.0
2019-03-22 00:00:00+08:00,51.508178855627925,52.35132340466421,51.278235126867656,52.2746696472168,7860385,0.0,0.0
2019-03-25 00:00:00+08:00,51.431533913936065,52.27467266376564,50.66504307811627,52.19802474975586,7477050,0.0,0.0
2019-03-26 00:00:00+08:00,52.50461679484761,52.58126470088845,51.58483022663677,52.04472351074219,4842017,0.0,0.0
2019-03-27 00:00:00+08:00,52.12137205209305,52.12137205209305,51.354881286621094,51.354881286621094,4124371,0.0,0.0
2019-03-28 00:00:00+08:00,50.97163330717652,51.2015828642477,49.8985451206113,49.97519302368164,7538712,0.0,0.0
2019-03-29 00:00:00+08:00,50.20514317562705,50.97163391113281,49.59194824807836,50.97163391113281,4399161,0.0,0.0
2019-04-01 00:00:00+08:00,51.201585472670885,51.81477457633218,51.04828381086022,51.354881286621094,3596760,0.0,0.0
2019-04-02 00:00:00+08:00,51.73813177436401,52.427974700927734,51.73813177436401,52.427974700927734,3802730,0.0,0.0
2019-04-03 00:00:00+08:00,52.42796447396019,52.8112098197525,51.891417481135015,52.734561920166016,4316061,0.0,0.0
2019-04-08 00:00:00+08:00,53.117807106560484,53.57770035055922,52.65790801470188,53.27110290527344,4360623,0.0,0.0
2019-04-09 00:00:00+08:00,52.58126126200292,53.271104066974594,51.73812265497532,51.89141845703125,7095657,0.0,0.0
2019-04-10 00:00:00+08:00,51.12492952990553,51.89142026257494,50.665036259875926,51.508174896240234,4747575,0.0,0.0
2019-04-11 00:00:00+08:00,51.5081771005713,51.96807623814284,51.354881286621094,51.354881286621094,6613260,0.0,0.0
2019-04-12 00:00:00+08:00,51.73812445518514,51.89142026257494,51.508174896240234,51.508174896240234,2757679,0.0,0.0
2019-04-15 00:00:00+08:00,51.89141723680127,52.198014681563464,51.58482563989894,51.96807098388672,3741511,0.0,0.0
2019-04-16 00:00:00+08:00,51.738123052260455,52.27466421143618,51.738123052260455,52.121368408203125,2920742,0.0,0.0
2019-04-17 00:00:00+08:00,52.27466403863475,52.73456314253372,52.12136823590844,52.65790939331055,3387284,0.0,0.0
2019-04-18 00:00:00+08:00,52.73456515166539,53.50105589021948,52.73456515166539,53.04115676879883,6228657,0.0,0.0
2019-04-19 00:00:00+08:00,53.6543516987862,55.034037367327656,52.65791139952179,53.04115676879883,10571461,0.0,0.0
2019-04-22 00:00:00+08:00,53.11780808324746,53.34775178554491,52.58126108216679,52.81121063232422,3612172,0.0,0.0
2019-04-23 00:00:00+08:00,53.11781353646788,53.88430431853604,52.88786396270319,52.96451187133789,5559290,0.0,0.0
2019-04-24 00:00:00+08:00,52.811216054068495,53.34775726237198,52.657914388938515,52.96451187133789,5143446,0.0,0.0
2019-04-25 00:00:00+08:00,52.88786490406634,53.80765151977539,52.88786490406634,53.80765151977539,4526556,0.0,0.0
2019-04-26 00:00:00+08:00,53.194456574414616,53.27110447603114,51.891418855493505,52.121368408203125,6321034,0.0,0.0
2019-04-29 00:00:00+08:00,52.35132098276593,52.42796888880677,51.89142185080013,52.04472351074219,5234167,0.0,0.0
2019-04-30 00:00:00+08:00,52.19802210999382,52.811217086783515,51.89142462159898,52.50461959838867,4093337,0.0,0.0
2019-05-02 00:00:00+08:00,51.12493115622189,51.43152862861475,50.35844039916992,50.35844039916992,9548719,0.0,0.0
2019-05-03 00:00:00+08:00,50.20514863821177,50.43509822302731,48.90211366128889,49.821903228759766,11281268,0.0,0.0
2019-05-06 00:00:00+08:00,49.13205916500397,50.28179536628111,48.90211250953462,49.51530456542969,9377296,0.0,0.0
2019-05-07 00:00:00+08:00,49.515299962183,51.20158307600532,49.515299962183,50.74168395996094,4710798,0.0,0.0
2019-05-08 00:00:00+08:00,49.898547494174146,50.971635731783785,49.898547494174146,50.5883903503418,3858923,0.0,0.0
2019-05-09 00:00:00+08:00,50.3584409481954,50.51174260999338,48.825462341308594,48.825462341308594,5784615,0.0,0.0
2019-05-10 00:00:00+08:00,49.51530176269034,49.97519504759748,48.74881100522498,49.0554084777832,6140048,0.0,0.0
2019-05-13 00:00:00+08:00,49.59194784528619,49.74524949985834,49.13205457729009,49.43865203857422,2720048,0.0,0.0
2019-05-14 00:00:00+08:00,48.51886436277141,49.438653856515884,47.599074869026936,49.0554084777832,3624046,0.0,0.0
2019-05-15 00:00:00+08:00,49.05540628191541,49.66860119958341,49.05540628191541,49.208702087402344,2495649,0.0,0.0
2019-05-16 00:00:00+08:00,49.0554089861451,49.13205689311386,48.51886486557309,48.825462341308594,3460073,0.0,0.0
2019-05-17 00:00:00+08:00,48.82545779744604,49.132052320718586,47.90566837976849,48.28891372680664,5362199,0.0,0.0
2019-05-20 00:00:00+08:00,47.90566716558358,48.288912502908246,46.9858777712184,47.98231506347656,5608329,0.0,0.0
2019-05-21 00:00:00+08:00,45.989444732666016,46.21939137154332,45.06965525322667,45.989444732666016,10266892,0.0,0.0
2019-05-22 00:00:00+08:00,45.606203778611565,47.062537505820075,45.606203778611565,46.52599334716797,3356510,0.0,0.0
2019-05-23 00:00:00+08:00,46.06609412068841,47.1391823685694,45.836147474408264,46.602638244628906,2860373,0.0,0.0
2019-05-24 00:00:00+08:00,46.67929010747614,46.67929010747614,45.98944722946209,46.14274597167969,3904720,0.0,0.0
2019-05-27 00:00:00+08:00,46.37269010543824,46.37269010543824,45.452900625998886,45.989444732666016,4391308,0.0,0.0
2019-05-28 00:00:00+08:00,46.066088068999676,46.37268550638242,45.45289611816406,45.45289611816406,6267704,0.0,0.0
2019-05-29 00:00:00+08:00,45.45290210129157,45.606200840162195,43.99657139184622,44.073219299316406,4540689,0.0,0.0
2019-05-30 00:00:00+08:00,44.073217291581,44.763060123108225,43.689971923828125,43.689971923828125,6625708,0.0,0.0
2019-05-31 00:00:00+08:00,43.99656948558182,46.29604169721997,43.91991865750248,46.219390869140625,6445023,0.0,0.0
2019-06-03 00:00:00+08:00,45.759498596191406,45.98944523759334,44.99300784223152,45.759498596191406,2351403,0.0,0.0
2019-06-04 00:00:00+08:00,45.45290043429418,45.606199167542535,45.06965506313836,45.22295379638672,2580662,0.0,0.0
2019-06-05 00:00:00+08:00,45.836146502015325,46.29604270874937,45.606199860613394,45.759498596191406,2968479,0.0,0.0
2019-06-06 00:00:00+08:00,45.37625100091245,45.9127950872405,44.60976028442383,44.60976028442383,3615372,0.0,0.0
2019-06-10 00:00:00+08:00,45.14630737200839,47.062534290617734,45.14630737200839,45.83614730834961,6193760,0.0,0.0
2019-06-11 00:00:00+08:00,44.993007348244284,46.21939137154332,44.993007348244284,45.989444732666016,6775301,0.0,0.0
2019-06-12 00:00:00+08:00,45.452898849957826,46.37268829345703,45.29960012205296,46.37268829345703,6245281,0.0,0.0
2019-06-13 00:00:00+08:00,45.98944492027408,47.21582894857599,45.91279701497902,46.75593566894531,5479004,0.0,0.0
2019-06-14 00:00:00+08:00,46.52598401187735,47.36912257492156,46.37268529388844,46.44933319091797,4786466,0.0,0.0
2019-06-17 00:00:00+08:00,45.989442935659866,47.59907226883595,45.989442935659866,46.37268829345703,2360072,0.0,0.0
2019-06-18 00:00:00+08:00,46.60263465502976,47.36912536621094,46.52598675348365,47.36912536621094,1979054,0.0,0.0
2019-06-19 00:00:00+08:00,47.90566837976849,48.67215907384479,47.90566837976849,48.28891372680664,4458780,0.0,0.0
2019-06-20 00:00:00+08:00,48.28891372680664,49.05540442088294,48.21226582697099,48.28891372680664,4255665,0.0,0.0
2019-06-21 00:00:00+08:00,48.82545964975495,49.59194744897981,48.59551301759448,49.208702087402344,3831992,0.0,0.0
2019-06-24 00:00:00+08:00,49.20870248064608,49.668601596502356,48.672161309294,49.43865203857422,2117145,0.0,0.0
2019-06-25 00:00:00+08:00,49.43865185432911,49.97519302368164,48.59551322483506,49.97519302368164,6006293,0.0,0.0
2019-06-26 00:00:00+08:00,49.51530573162599,50.12850072589354,48.67216700040377,49.821903228759766,6258611,0.0,0.0
2019-06-27 00:00:00+08:00,49.898547494174146,51.124931545216405,49.668603774025215,50.5883903503418,6500870,0.0,0.0
2019-06-28 00:00:00+08:00,50.89498540410618,51.35487867038837,49.13205439418759,49.97519302368164,6421996,0.0,0.0
2019-07-01 00:00:00+08:00,50.5883934901765,51.35488430063372,50.43509766722937,51.278236389160156,3846505,0.0,0.0
2019-07-02 00:00:00+08:00,51.27823544716475,51.354883357230264,49.97519758460816,50.435096740722656,5006763,0.0,0.0
2019-07-03 00:00:00+08:00,50.511744945680825,50.511744945680825,48.82546459902162,49.51530456542969,7311000,0.0,0.0
2019-07-04 00:00:00+08:00,49.64409781702118,50.53060143029623,49.2411424676158,49.32173538208008,4074000,3.159818,0.0
2019-07-05 00:00:00+08:00,49.321737361144436,49.96646533120208,48.51582662999601,48.59641647338867,4679000,0.0,0.0
2019-07-08 00:00:00+08:00,48.354643868905235,48.91878199557022,48.354643868905235,48.59641647338867,2990000,0.0,0.0
2019-07-09 00:00:00+08:00,48.59641900309819,49.07996731154186,48.354646386029174,48.99937438964844,2570000,0.0,0.0
2019-07-10 00:00:00+08:00,49.160560607910156,49.72469880351783,48.918787973879965,49.160560607910156,2154000,0.0,0.0
2019-07-11 00:00:00+08:00,49.64410110199129,49.72469402178844,49.24114572592219,49.40232849121094,2029371,0.0,0.0
2019-07-12 00:00:00+08:00,49.4829181367033,49.885873486108686,49.32173538208008,49.32173538208008,1607876,0.0,0.0
2019-07-15 00:00:00+08:00,49.402327227015874,49.80528259277344,49.32173738358655,49.80528259277344,1435209,0.0,0.0
2019-07-16 00:00:00+08:00,50.04705323691414,51.01414669171021,50.04705323691414,50.530601501464844,3521213,0.0,0.0
2019-07-17 00:00:00+08:00,50.36942608440222,50.36942608440222,48.9187872280326,49.48292541503906,4437026,0.0,0.0
2019-07-18 00:00:00+08:00,49.40232813066298,49.96646626790364,49.241145366550576,49.56351089477539,2866190,0.0,0.0
2019-07-19 00:00:00+08:00,50.36942420467254,50.77237959830992,49.72469618971387,49.966468811035156,7403315,0.0,0.0
2019-07-22 00:00:00+08:00,50.12764848939757,50.85296630859375,50.12764848939757,50.85296630859375,3956378,0.0,0.0
2019-07-23 00:00:00+08:00,51.98124313354492,52.14242282335181,51.65887760532011,51.98124313354492,10364593,0.0,0.0
2019-07-24 00:00:00+08:00,52.30360866176973,52.78715387980143,51.49769791551322,51.98124313354492,4992278,0.0,0.0
2019-07-25 00:00:00+08:00,52.223015532364094,52.70656071998381,51.658874356298874,51.90065002441406,5334064,0.0,0.0
2019-07-26 00:00:00+08:00,51.57828903198242,51.90065456815455,50.85296811274793,51.57828903198242,3474478,0.0,0.0
2019-07-29 00:00:00+08:00,51.65887760532011,52.223018816866286,51.49769791551322,51.98124313354492,4121177,0.0,0.0
2019-07-30 00:00:00+08:00,51.981241841954514,52.142421527756525,51.09474127282165,51.175331115722656,4282893,0.0,0.0
2019-07-31 00:00:00+08:00,50.288834658523484,51.417107922919584,50.288834658523484,51.01415252685547,9710693,0.0,0.0
2019-08-01 00:00:00+08:00,50.691788448960516,50.85296814283635,50.28883306565974,50.369422912597656,3414630,0.0,0.0
2019-08-02 00:00:00+08:00,49.56351211667061,51.658878878872656,49.402329348584544,51.57828903198242,5880732,0.0,0.0
2019-08-05 00:00:00+08:00,51.5782870148571,51.5782870148571,49.2411446547742,49.8858757019043,5815708,0.0,0.0
2019-08-06 00:00:00+08:00,48.435236729189036,50.288833985729994,48.193464109646285,50.12765121459961,2795761,0.0,0.0
2019-08-07 00:00:00+08:00,50.12764811510167,50.77237608545268,49.64409983160932,49.80528259277344,2348006,0.0,0.0
2019-08-08 00:00:00+08:00,49.80528350379124,50.611194250047745,49.56351089477539,49.56351089477539,1866211,0.0,0.0
2019-08-12 00:00:00+08:00,49.563510535396155,50.12764866854632,49.563510535396155,49.724693298339844,1253503,0.0,0.0
2019-08-13 00:00:00+08:00,49.72469880351783,49.80528865675929,48.83819504633267,49.160560607910156,2615387,0.0,0.0
2019-08-14 00:00:00+08:00,49.724693658887794,50.288831796128456,49.56351089477539,49.56351089477539,1753767,0.0,0.0
2019-08-15 00:00:00+08:00,48.59641918849092,49.482922886866795,48.59641918849092,49.0799674987793,1904374,0.0,0.0
2019-08-16 00:00:00+08:00,49.16055269669586,50.530601501464844,48.91878010157318,50.530601501464844,2588827,0.0,0.0
2019-08-19 00:00:00+08:00,50.53060660527275,50.691789376403136,49.88587859505686,50.12765121459961,2438378,0.0,0.0
2019-08-20 00:00:00+08:00,50.20823815116387,50.45001075668491,49.8858757019043,49.8858757019043,1486550,0.0,0.0
2019-08-21 00:00:00+08:00,49.96646444880203,50.450009649229564,49.96646444880203,50.047054290771484,1923461,0.0,0.0
2019-08-22 00:00:00+08:00,50.45001075668491,50.45001075668491,49.8858757019043,49.8858757019043,1612065,0.0,0.0
2019-08-23 00:00:00+08:00,49.9664642880155,50.2888298034668,49.64409877256421,50.2888298034668,901901,0.0,0.0
2019-08-26 00:00:00+08:00,49.966466623858636,50.77237737585635,49.885876778381075,50.6111946105957,2981743,0.0,0.0
2019-08-27 00:00:00+08:00,50.852969753568686,51.09474545065171,50.61119713079136,51.01415252685547,3287274,0.0,0.0
2019-08-28 00:00:00+08:00,51.17533166505515,51.25592150882123,50.85296614137985,51.09474182128906,2190580,0.0,0.0
2019-08-29 00:00:00+08:00,50.77237409658753,50.85296393685997,50.04705323691414,50.530601501464844,1646138,0.0,0.0
2019-08-30 00:00:00+08:00,50.85296811274793,51.57828903198242,50.7723782658577,51.57828903198242,3252324,0.0,0.0
2019-09-02 00:00:00+08:00,51.25592294766299,51.8200641670839,51.014150335272284,51.658878326416016,1784529,0.0,0.0
2019-09-03 00:00:00+08:00,51.98124313354492,52.70656403489799,51.73946745022355,51.98124313354492,12007653,0.0,0.0
2019-09-04 00:00:00+08:00,51.73946941533684,52.706566036742515,51.41710694917393,52.46479034423828,4961184,0.0,0.0
2019-09-05 00:00:00+08:00,52.70655946416034,52.70655946416034,52.30360412597656,52.30360412597656,3361380,0.0,0.0
2019-09-06 00:00:00+08:00,52.384201716579184,53.27070236206055,51.90065646891766,53.27070236206055,5687717,0.0,0.0
2019-09-10 00:00:00+08:00,52.303603583331615,52.86773859149185,51.981238086407,52.384193420410156,5486052,0.0,0.0
2019-09-11 00:00:00+08:00,52.303603583331615,53.02892441425938,52.223013746253066,52.384193420410156,4189020,0.0,0.0
2019-09-12 00:00:00+08:00,53.02893028641722,53.673655203049606,52.38419922117371,52.86774444580078,4433262,0.0,0.0
2019-09-16 00:00:00+08:00,53.27070291831016,53.59306846965443,53.02893336626055,53.19011306762695,4955800,0.0,0.0
2019-09-17 00:00:00+08:00,53.19011306762695,53.43188876828803,53.02893336626055,53.19011306762695,3827617,0.0,0.0
2019-09-18 00:00:00+08:00,53.67365887451569,55.28548049926758,53.5930690230004,55.28548049926758,7792801,0.0,0.0
2019-09-19 00:00:00+08:00,55.44665556025618,56.33315605162268,54.47955908444791,54.963104248046875,4464120,0.0,0.0
2019-09-20 00:00:00+08:00,55.124294994621934,55.124294994621934,54.39897411009844,54.80192947387695,3851359,0.0,0.0
2019-09-23 00:00:00+08:00,54.8825161928923,54.96310603133849,53.67365017036775,54.47956085205078,2634763,0.0,0.0
2019-09-24 00:00:00+08:00,54.47956761813643,54.56015746659147,53.75424668481841,53.834842681884766,2364837,0.0,0.0
2019-09-25 00:00:00+08:00,53.83483919846121,53.83483919846121,52.78715279050304,53.351287841796875,3484690,0.0,0.0
2019-09-26 00:00:00+08:00,53.351288223812695,53.83483958393944,53.02892884854281,53.512474060058594,2427369,0.0,0.0
2019-09-27 00:00:00+08:00,51.90065030623383,52.46478533675164,50.04705323691414,50.530601501464844,9816629,0.0,0.0
2019-10-01 00:00:00+08:00,49.644103266402986,50.45001405367774,49.56351341739778,49.966468811035156,5993236,0.0,0.0
2019-10-02 00:00:00+08:00,49.805281530289854,50.530602402902566,49.563508930854084,50.2888298034668,2709782,0.0,0.0
2019-10-03 00:00:00+08:00,49.72469073148546,49.885873486108686,49.16055262745686,49.32173538208008,4018465,0.0,0.0
2019-10-04 00:00:00+08:00,49.32174011677067,49.80528535275341,48.83819180648229,49.0799674987793,3599300,0.0,0.0
2019-10-07 00:00:00+08:00,49.56350797686224,49.8052805716444,49.079962787297916,49.32173538208008,2269757,0.0,0.0
2019-10-08 00:00:00+08:00,49.40232617312844,50.61119224461269,49.40232617312844,50.2888298034668,3051225,0.0,0.0
2019-10-09 00:00:00+08:00,49.96646590560263,50.12764866854632,49.402327772452466,49.724693298339844,1711236,0.0,0.0
2019-10-14 00:00:00+08:00,50.28883251492058,50.61119497344748,49.96646698208811,50.45001220703125,2937046,0.0,0.0
2019-10-15 00:00:00+08:00,50.69178590970572,51.175331115722656,50.369420389490806,51.175331115722656,2487472,0.0,0.0
2019-10-16 00:00:00+08:00,51.739466903162196,52.94833300976515,51.658877059110864,52.061832427978516,5910068,0.0,0.0
2019-10-17 00:00:00+08:00,52.22301992636695,52.22301992636695,51.25592332114613,51.820064544677734,2944207,0.0,0.0
2019-10-18 00:00:00+08:00,51.65887760532011,51.98124313354492,50.69178716925671,50.772377014160156,2708061,0.0,0.0
2019-10-21 00:00:00+08:00,51.01415252685547,51.33651807342904,50.36942450801403,51.01415252685547,2521338,0.0,0.0
2019-10-22 00:00:00+08:00,51.25592095862367,51.25592095862367,50.772375752606735,51.175331115722656,1541822,0.0,0.0
2019-10-23 00:00:00+08:00,51.175333118751524,51.175333118751524,50.36942236097591,50.45001220703125,2871620,0.0,0.0
2019-10-24 00:00:00+08:00,50.772375942147725,52.303607557426744,50.772375942147725,52.14242172241211,5505625,0.0,0.0
2019-10-25 00:00:00+08:00,52.38419961959817,52.54537931282939,51.820064544677734,51.820064544677734,2554033,0.0,0.0
2019-10-28 00:00:00+08:00,52.384193420410156,52.54537309456724,51.981238086407,52.384193420410156,2728033,0.0,0.0
2019-10-29 00:00:00+08:00,52.70656420871333,52.86774389905175,51.49769808534197,51.73946762084961,3342787,0.0,0.0
2019-10-30 00:00:00+08:00,51.7394681724444,52.38419923789369,51.25592294766299,51.658878326416016,2673686,0.0,0.0
2019-10-31 00:00:00+08:00,51.658879023180496,52.545379638671875,51.41710640752881,52.545379638671875,4009573,0.0,0.0
2019-11-01 00:00:00+08:00,51.578289176065134,52.94833502285988,51.578289176065134,52.545379638671875,6404888,0.0,0.0
2019-11-04 00:00:00+08:00,53.19011352742558,54.47956959533783,52.94833782467448,54.318389892578125,6416000,0.0,0.0
2019-11-05 00:00:00+08:00,55.20488873818763,55.20488873818763,53.27070162566755,53.59306716918945,4908000,0.0,0.0
2019-11-06 00:00:00+08:00,54.07660745735621,54.07660745735621,52.787151549979626,53.754241943359375,2566000,0.0,0.0
2019-11-07 00:00:00+08:00,53.754245049052265,53.754245049052265,52.78715459979812,52.86774444580078,1814000,0.0,0.0
2019-11-08 00:00:00+08:00,53.35128431608808,53.35128431608808,52.30360412597656,52.30360412597656,1661632,0.0,0.0
2019-11-11 00:00:00+08:00,52.22301954583693,52.30360939186531,51.578288480387634,51.658878326416016,1995000,0.0,0.0
2019-11-12 00:00:00+08:00,51.98124258392718,52.22301826469216,51.658877059110864,52.061832427978516,962000,0.0,0.0
2019-11-13 00:00:00+08:00,51.900654391293344,52.22301992636695,51.578288856219736,51.820064544677734,1247000,0.0,0.0
2019-11-14 00:00:00+08:00,51.6588777756804,51.82006361462988,51.417105165867234,51.73946762084961,1138000,0.0,0.0
2019-11-15 00:00:00+08:00,52.142421053296246,53.75424249109348,51.98124136896085,53.67365264892578,4290255,0.0,0.0
2019-11-18 00:00:00+08:00,53.834840137466486,53.91542998211258,52.86774355588032,53.431884765625,2043000,0.0,0.0
2019-11-19 00:00:00+08:00,52.867746233418,54.07661241016664,52.867746233418,53.59306716918945,2131000,0.0,0.0
2019-11-20 00:00:00+08:00,53.67365594412054,54.237797171150476,52.545379638671875,52.545379638671875,4029000,0.0,0.0
2019-11-21 00:00:00+08:00,52.30360635328975,54.07660745735621,52.223016511943236,53.754241943359375,2985000,0.0,0.0
2019-11-22 00:00:00+08:00,53.91542890328642,55.04370515158841,53.754243068608474,54.80192947387695,6485080,0.0,0.0
2019-11-25 00:00:00+08:00,55.52725274933565,56.25257366509057,54.80193183358073,55.44666290283203,9159000,0.0,0.0
2019-11-26 00:00:00+08:00,55.52724799634234,58.83148060904609,55.52724799634234,58.025569915771484,18321000,0.0,0.0
2019-11-27 00:00:00+08:00,58.02556802238471,59.07325434889972,57.30024719238281,57.30024719238281,6839000,0.0,0.0
2019-11-28 00:00:00+08:00,58.02557301335682,59.23443911780175,57.62261764520851,58.347938537597656,5863000,0.0,0.0
2019-11-29 00:00:00+08:00,58.50911581169237,58.58970565227521,57.38083959770052,57.70320510864258,5128956,0.0,0.0
2019-12-02 00:00:00+08:00,57.38084156529343,57.62261724394316,56.171975469266656,56.97788619995117,4344000,0.0,0.0
2019-12-03 00:00:00+08:00,56.81670830653217,59.47621626117599,56.49434277436154,58.91207504272461,8496000,0.0,0.0
2019-12-04 00:00:00+08:00,60.20153045318418,64.31168018940109,59.717985233808974,61.410396575927734,26955000,0.0,0.0
2019-12-05 00:00:00+08:00,63.66695219388708,66.40705010030828,63.10281710224654,64.15049743652344,24693000,0.0,0.0
2019-12-06 00:00:00+08:00,64.47286810089487,65.1981890967523,61.97454569170756,62.78045654296875,14560930,0.0,0.0
2019-12-09 00:00:00+08:00,62.861037088408075,63.102812767423245,61.49099130361791,61.813350677490234,12808000,0.0,0.0
2019-12-10 00:00:00+08:00,61.57157968720314,62.78044575639452,61.08803448924875,61.24921417236328,10844000,0.0,0.0
2019-12-11 00:00:00+08:00,60.926849240949366,62.37749099731445,60.60448372302258,62.37749099731445,12987000,0.0,0.0
2019-12-12 00:00:00+08:00,62.78044321739142,62.78044321739142,61.732756873685716,62.05512237548828,9340000,0.0,0.0
2019-12-13 00:00:00+08:00,62.45807771558886,62.69985337909341,60.92684619348457,62.05512237548828,11320886,0.0,0.0
2019-12-16 00:00:00+08:00,62.055122225264334,63.34457808074253,61.8939425490585,62.296897888183594,9708000,0.0,0.0
2019-12-17 00:00:00+08:00,62.135719261288514,63.505771262189604,61.89394971897272,63.34458541870117,9529000,0.0,0.0
2019-12-18 00:00:00+08:00,63.908729934553115,65.27877585729871,63.34458867624904,63.42517852783203,10080000,0.0,0.0
2019-12-19 00:00:00+08:00,63.58636315623384,63.7475428562988,62.4580868099448,62.619266510009766,5072000,0.0,0.0
2019-12-20 00:00:00+08:00,62.86103966514467,62.94162951191622,62.055128900206924,62.21630859375,3703535,0.0,0.0
2019-12-23 00:00:00+08:00,62.53867758278307,62.78045328505954,62.296908029118136,62.69986343383789,2049000,0.0,0.0
2019-12-24 00:00:00+08:00,62.94162861562976,62.94162861562976,61.57158279418945,61.57158279418945,3004000,0.0,0.0
2019-12-25 00:00:00+08:00,61.81334787454392,63.50576525368505,61.81334787454392,63.10280990600586,4087000,0.0,0.0
2019-12-26 00:00:00+08:00,63.10282098838213,63.425180404251044,62.29691015148638,62.94163513183594,3664000,0.0,0.0
2019-12-27 00:00:00+08:00,63.586354093033876,65.60113079972943,63.344578428786185,64.47285461425781,15807874,0.0,0.0
2019-12-30 00:00:00+08:00,64.71463682783238,65.68172728547465,64.63404083251953,64.63404083251953,6347000,0.0,0.0
2019-12-31 00:00:00+08:00,63.989315584817135,64.392270964887,63.74753989733075,63.90872573852539,3314507,0.0,0.0
2020-01-02 00:00:00+08:00,63.98932071680242,64.23109027506773,63.34458959753832,63.505775451660156,5129000,0.0,0.0
2020-01-03 00:00:00+08:00,64.31169171890062,64.71464716538844,62.86104965209961,62.86104965209961,6356514,0.0,0.0
2020-01-06 00:00:00+08:00,62.69985979468892,63.34458471565327,61.89394903202511,62.45808410644531,4453000,0.0,0.0
2020-01-07 00:00:00+08:00,62.458080839643436,62.8610361998992,61.32980460120513,62.37749099731445,4598000,0.0,0.0
2020-01-08 00:00:00+08:00,61.49099222930096,62.29690297333577,61.329806391327374,61.89394760131836,2961000,0.0,0.0
2020-01-09 00:00:00+08:00,62.29690441335701,62.86103948777721,62.135718571657556,62.45808410644531,3640000,0.0,0.0
2020-01-10 00:00:00+08:00,62.94162933432136,63.50577055735273,62.29690441335701,62.45808410644531,3513000,0.0,0.0
2020-01-13 00:00:00+08:00,62.86103431257916,64.63403538502814,62.458078964421595,64.31167602539062,5822000,0.0,0.0
2020-01-14 00:00:00+08:00,64.55345146614869,67.05177362415678,64.55345146614869,66.97118377685547,12156000,0.0,0.0
2020-01-15 00:00:00+08:00,67.05176379248489,67.13235977657979,65.11758314641365,65.27876281738281,7134000,0.0,0.0
2020-01-16 00:00:00+08:00,65.19817490884385,65.27876474671028,64.06989873288232,64.5534439086914,5233000,0.0,0.0
2020-01-17 00:00:00+08:00,64.71463867677532,64.87581837478366,63.989317738515105,64.15049743652344,3432538,0.0,0.0
2020-01-20 00:00:00+08:00,64.55345065747049,64.63404050376224,63.586360204747265,63.90872573852539,5298132,0.0,0.0
2020-01-30 00:00:00+08:00,61.813347877266345,62.2968992133912,59.556801619329875,60.443302154541016,9246000,0.0,0.0
2020-01-31 00:00:00+08:00,60.68508436992616,61.329809306634345,59.798577590459026,60.604488372802734,4315218,0.0,0.0
2020-02-03 00:00:00+08:00,58.83148198479774,60.36271356754888,58.509116470227376,60.040348052978516,3695000,0.0,0.0
2020-02-04 00:00:00+08:00,60.12094027527515,62.69985834535318,60.12094027527515,61.89394760131836,5011000,0.0,0.0
2020-02-05 00:00:00+08:00,61.81335177842993,62.458082834879555,61.168626870591346,61.65217208862305,4609000,0.0,0.0
2020-02-06 00:00:00+08:00,62.377502261721276,63.58636856079102,62.29691240483901,63.586368560791016,5324000,0.0,0.0
2020-02-07 00:00:00+08:00,63.34458745752496,63.34458745752496,62.21631111123593,62.619266510009766,5987953,0.0,0.0
2020-02-10 00:00:00+08:00,62.05512292005992,62.94162344633866,61.32980207179165,61.97453308105469,2926666,0.0,0.0
2020-02-11 00:00:00+08:00,62.29689803899284,62.45807771558886,61.813346711983726,62.05512237548828,4546000,0.0,0.0
2020-02-12 00:00:00+08:00,62.45808157951209,63.58635783131579,62.45808157951209,63.26399230957031,4810000,0.0,0.0
2020-02-13 00:00:00+08:00,63.34458959753832,64.15050042231262,63.34458959753832,63.505775451660156,4168000,0.0,0.0
2020-02-14 00:00:00+08:00,63.66694641113281,63.828126094501485,63.18340121241599,63.66694641113281,2098505,0.0,0.0
2020-02-17 00:00:00+08:00,63.50576525368505,64.15049012080537,62.61925856990231,63.10280990600586,5684000,0.0,0.0
2020-02-18 00:00:00+08:00,63.022226109180004,63.183411968599344,62.699866687565,62.78045654296875,4004000,0.0,0.0
2020-02-19 00:00:00+08:00,62.619273924762055,63.02222937124987,62.45809420561179,62.86104965209961,2228000,0.0,0.0
2020-02-20 00:00:00+08:00,63.42517730755744,63.42517730755744,62.37749695991233,62.619266510009766,2841000,0.0,0.0
2020-02-21 00:00:00+08:00,62.941627334574676,63.50576853968246,62.53867196604524,63.18340301513672,6460751,0.0,0.0
2020-02-24 00:00:00+08:00,60.443312412983666,61.16863339166181,59.63740158081055,59.63740158081055,12720000,0.0,0.0
2020-02-25 00:00:00+08:00,58.83148800949003,60.926854845859175,58.42853261216476,60.68508529663086,6657000,0.0,0.0
2020-02-26 00:00:00+08:00,59.879175236502384,60.52390019096465,59.63739953569686,60.36272048950195,5010000,0.0,0.0
2020-02-27 00:00:00+08:00,60.04035970437432,60.12094956150343,59.234448835859226,59.798583984375,5767000,0.0,0.0
2020-03-02 00:00:00+08:00,58.831490748637435,60.9268576825652,58.831490748637435,59.63740158081055,4626000,0.0,0.0
2020-03-03 00:00:00+08:00,60.44330541950141,61.16862631425762,60.12093989420853,60.523895263671875,5075000,0.0,0.0
2020-03-04 00:00:00+08:00,60.36271247050686,60.84625765926898,59.71798145308358,60.2015266418457,4984000,0.0,0.0
2020-03-05 00:00:00+08:00,60.76567094479428,60.84626078896475,60.36271557533093,60.523895263671875,2584000,0.0,0.0
2020-03-06 00:00:00+08:00,60.20152773595831,60.76566892360914,60.040348052978516,60.040348052978516,2915000,0.0,0.0
2020-03-09 00:00:00+08:00,60.040348052978516,60.040348052978516,60.040348052978516,60.040348052978516,0,0.0,0.0
2020-03-10 00:00:00+08:00,58.75089076944076,59.39561563489406,56.574928208432944,58.025569915771484,6187000,0.0,0.0
2020-03-11 00:00:00+08:00,58.42852636338231,58.75089187648864,56.49433943335509,57.8643913269043,4204000,0.0,0.0
2020-03-12 00:00:00+08:00,56.81670564353995,58.83148243941016,56.17197460941715,57.54202651977539,10700000,0.0,0.0
2020-03-13 00:00:00+08:00,57.54202651977539,57.54202651977539,57.54202651977539,57.54202651977539,0,0.0,0.0
2020-03-16 00:00:00+08:00,56.655525252886754,56.736115093994535,53.67365194301281,53.99601745605469,6687000,0.0,0.0
2020-03-17 00:00:00+08:00,50.77237208439753,54.39897009042593,50.12764416485353,52.384193420410156,5309000,0.0,0.0
2020-03-18 00:00:00+08:00,51.17533364892006,52.30360995121691,50.7723782658577,51.57828903198242,4238000,0.0,0.0
2020-03-19 00:00:00+08:00,49.16055359206077,49.24114343380101,46.42045593261719,46.42045593261719,9735000,0.0,0.0
2020-03-20 00:00:00+08:00,46.9845951781432,49.482920298169255,46.74282257280016,47.468143463134766,17897000,0.0,0.0
2020-03-23 00:00:00+08:00,44.40568216288917,45.53395846973766,43.922136930985886,44.32509231567383,5770000,0.0,0.0
2020-03-24 00:00:00+08:00,45.533958071297164,46.259278987110854,45.37277530397128,45.69514083862305,8238000,0.0,0.0
2020-03-25 00:00:00+08:00,47.70991934499885,48.59641998357306,47.22637102679918,47.548736572265625,8792000,0.0,0.0
2020-03-26 00:00:00+08:00,48.11287473967907,48.19346458889284,46.178687615491754,47.548736572265625,9876000,0.0,0.0
2020-03-27 00:00:00+08:00,48.354643514333674,49.805282204902596,47.871098308912515,48.757598876953125,11090000,0.0,0.0
2020-03-30 00:00:00+08:00,47.14577810647537,47.70991623714044,46.58163997581029,47.22636795043945,9648000,0.0,0.0
2020-03-31 00:00:00+08:00,47.54873565299094,47.79050827026367,46.823414726867135,47.79050827026367,8284000,0.0,0.0
2020-04-01 00:00:00+08:00,47.387550545150106,47.62932315049315,47.06518809612787,47.468143463134766,5854000,0.0,0.0
2020-04-06 00:00:00+08:00,47.548731507373454,47.95168685913086,47.22636599624539,47.95168685913086,4933000,0.0,0.0
2020-04-07 00:00:00+08:00,48.51582468326931,49.64409781702118,48.19345917402287,49.32173538208008,9741000,0.0,0.0
2020-04-08 00:00:00+08:00,48.999372214213835,49.72469310752431,48.59641684555368,49.644100189208984,9132000,0.0,0.0
2020-04-09 00:00:00+08:00,50.12764704574115,50.2888298034668,49.48291908914396,50.2888298034668,8258000,0.0,0.0
2020-04-10 00:00:00+08:00,50.288832342222555,51.01415017714643,49.966466810497124,50.69178771972656,11501000,0.0,0.0
2020-04-13 00:00:00+08:00,50.69178716925671,51.41710499630426,50.3694216410319,50.772377014160156,5731000,0.0,0.0
2020-04-14 00:00:00+08:00,51.3365163880228,53.51247607019218,51.094743773183,52.78715515136719,9749000,0.0,0.0
2020-04-15 00:00:00+08:00,53.59306338254143,55.204884837655456,52.94833234105146,54.80192947387695,11023000,0.0,0.0
2020-04-16 00:00:00+08:00,54.23779458807259,55.849616048061534,53.83483922307535,54.56015396118164,8032000,0.0,0.0
2020-04-17 00:00:00+08:00,56.41374588745412,57.54202203492527,54.882514412215436,54.963104248046875,7496000,0.0,0.0
2020-04-20 00:00:00+08:00,54.963109159944,55.3660645237225,54.157198432386984,54.80192947387695,4637000,0.0,0.0
2020-04-21 00:00:00+08:00,54.560157651143825,54.88252319466573,53.512477320461805,53.59306716918945,4595000,0.0,0.0
2020-04-22 00:00:00+08:00,53.02892584449922,54.39897155761719,52.86774001738436,54.39897155761719,4095000,0.0,0.0
2020-04-23 00:00:00+08:00,54.47956632306512,54.96311155091201,53.91543124867895,54.237796783447266,1219000,0.0,0.0
2020-04-24 00:00:00+08:00,54.2377980727713,54.39897776968138,53.43188729099824,53.834842681884766,6582000,0.0,0.0
2020-04-27 00:00:00+08:00,54.96310603133849,55.20488169528762,53.67365017036775,54.47956085205078,8838000,0.0,0.0
2020-04-28 00:00:00+08:00,54.64074529921851,55.204880302721875,54.157193983518034,55.124290466308594,5125000,0.0,0.0
2020-04-29 00:00:00+08:00,55.12430079623701,55.36607035078286,54.560159538406914,55.28548049926758,7926000,0.0,0.0
2020-04-30 00:00:00+08:00,55.52725344276506,56.33316421508789,55.52725344276506,56.33316421508789,6760000,0.0,0.0
2020-05-04 00:00:00+08:00,54.237794451192755,56.57493064338978,54.0766086164341,56.01079559326172,5695000,0.0,0.0
2020-05-05 00:00:00+08:00,56.01080051941532,56.73612146809407,55.8496208190918,55.8496208190918,3909000,0.0,0.0
2020-05-06 00:00:00+08:00,56.01080051941532,56.5749356191591,55.68843497015683,55.8496208190918,2787000,0.0,0.0
2020-05-07 00:00:00+08:00,56.01079542883426,56.816706154429,56.01079542883426,56.25257110595703,3286000,0.0,0.0
2020-05-08 00:00:00+08:00,57.703204882376426,57.944980551787594,56.736114501953125,56.736114501953125,3338000,0.0,0.0
2020-05-11 00:00:00+08:00,56.97788747273221,57.5420286859798,56.413752408095675,56.57493209838867,2841000,0.0,0.0
2020-05-12 00:00:00+08:00,56.25257237993276,57.542028340365015,56.25257237993276,57.0584831237793,4845000,0.0,0.0
2020-05-13 00:00:00+08:00,56.73611637153354,58.83148303057144,56.6555265286111,58.67030334472656,6024000,0.0,0.0
2020-05-14 00:00:00+08:00,58.912070606404,60.765667665343344,56.8972938678224,57.78379440307617,10122000,0.0,0.0
2020-05-15 00:00:00+08:00,58.42852984938094,58.67030553578835,56.17197727161558,56.49434280395508,8217000,0.0,0.0
2020-05-18 00:00:00+08:00,55.84961270007826,56.252568040919776,54.47956085205078,54.47956085205078,4575000,0.0,0.0
2020-05-19 00:00:00+08:00,55.28547723689643,55.36606708365615,54.80193200772696,55.20488739013672,3068000,0.0,0.0
2020-05-20 00:00:00+08:00,55.36605997554844,55.76901530622524,54.72133513563179,55.124290466308594,3343000,0.0,0.0
2020-05-21 00:00:00+08:00,55.285477751623716,56.413754062597924,55.20488790411368,56.33316421508789,5198000,0.0,0.0
2020-05-22 00:00:00+08:00,55.84961590711396,56.333161114168135,55.688430072355295,56.01079559326172,3480000,0.0,0.0
2020-05-25 00:00:00+08:00,56.41375348284528,57.62261962890625,55.688432565486465,57.62261962890625,3223000,0.0,0.0
2020-05-26 00:00:00+08:00,58.025571331305834,58.26734700463059,57.139070776799706,57.38084030151367,4413000,0.0,0.0
2020-05-27 00:00:00+08:00,57.38084068693927,57.944981878949434,57.0584813184887,57.54202651977539,3392000,0.0,0.0
2020-05-28 00:00:00+08:00,57.78379494922542,58.50911581169237,57.46143558689407,57.70320510864258,3026000,0.0,0.0
2020-05-29 00:00:00+08:00,57.703208202243935,59.234439849853516,57.461438667533606,59.234439849853516,5415000,0.0,0.0
2020-06-01 00:00:00+08:00,59.073264519266736,59.315034071818076,58.42853341524018,59.15385437011719,4209000,0.0,0.0
2020-06-02 00:00:00+08:00,59.315033701858084,60.282130351865945,58.99266815185547,58.99266815185547,2262000,0.0,0.0
2020-06-03 00:00:00+08:00,59.95976517584464,59.95976517584464,58.91207866895435,59.15385437011719,2160000,0.0,0.0
2020-06-04 00:00:00+08:00,60.040350038908876,60.040350038908876,59.153849455976044,59.31502914428711,1608000,0.0,0.0
2020-06-05 00:00:00+08:00,60.040348600770095,60.36271411828163,59.47621355658303,59.95975875854492,2466000,0.0,0.0
2020-06-08 00:00:00+08:00,60.36271092986275,61.08803176879883,59.8791657534422,61.08803176879883,4550000,0.0,0.0
2020-06-09 00:00:00+08:00,61.32980128270384,61.89394244570324,61.08803176879883,61.08803176879883,3239000,0.0,0.0
2020-06-10 00:00:00+08:00,61.08803844172609,62.29690458913272,61.08803844172609,62.21630859375,4855000,0.0,0.0
2020-06-11 00:00:00+08:00,62.21630859375,63.828130123625506,61.49099382419497,62.21630859375,7264000,0.0,0.0
2020-06-12 00:00:00+08:00,61.24921433358697,61.32980417535637,60.44330361867135,61.00743865966797,4001000,0.0,0.0
2020-06-15 00:00:00+08:00,60.12093794472917,62.13571472671481,60.12093794472917,61.24921417236328,3992000,0.0,0.0
2020-06-16 00:00:00+08:00,61.65216703538771,62.29689803899284,61.08803201869112,62.05512237548828,5104000,0.0,0.0
2020-06-17 00:00:00+08:00,62.05512564207887,62.45808100339107,61.73276012330694,62.13571548461914,1804000,0.0,0.0
2020-06-18 00:00:00+08:00,62.13571221378629,62.13571221378629,61.813346711983726,62.05512237548828,2079000,0.0,0.0
2020-06-19 00:00:00+08:00,62.05512237548828,62.216302052084295,61.89394269889227,62.05512237548828,3402000,0.0,0.0
2020-06-22 00:00:00+08:00,61.73275803473021,63.666944933312465,61.73275803473021,63.10280990600586,4632000,0.0,0.0
2020-06-23 00:00:00+08:00,63.50577753882619,63.58636739422993,62.296911261934405,62.78045654296875,3800000,0.0,0.0
2020-06-24 00:00:00+08:00,62.86103423795408,63.82812461293988,62.86103423795408,63.10280990600586,3133000,0.0,0.0
2020-06-29 00:00:00+08:00,62.86103948777721,64.31168132001655,62.055128725113406,62.45808410644531,4940000,0.0,0.0
2020-06-30 00:00:00+08:00,63.022222838724474,63.98931949921879,62.37749788033978,62.69986343383789,5014000,0.0,0.0
2020-07-01 00:00:00+08:00,62.78045033801976,64.23108603774821,62.699860490581166,63.34458541870117,5080000,0.0,0.0
2020-07-02 00:00:00+08:00,63.34458035199316,64.15049105913967,63.26399051100066,63.747535705566406,7605000,0.0,0.0
2020-07-03 00:00:00+08:00,64.06989737097105,65.19817352294922,63.58635220544051,65.19817352294922,11305000,0.0,0.0
2020-07-06 00:00:00+08:00,66.12119257141539,67.37984466552734,65.61772661230212,67.37984466552734,9027000,3.2,0.0
2020-07-07 00:00:00+08:00,72.16272687783477,72.16272687783477,67.71548649788488,68.722412109375,9805000,0.0,0.0
2020-07-08 00:00:00+08:00,68.38676452636719,70.06496733683018,67.71548084144771,68.38676452636719,8275000,0.0,0.0
2020-07-09 00:00:00+08:00,68.72240135225289,69.14195202424243,66.96028981026389,67.96720886230469,6873000,0.0,0.0
2020-07-10 00:00:00+08:00,68.72241132422322,70.48452312190358,67.88330985848627,68.80632019042969,8137000,0.0,0.0
2020-07-13 00:00:00+08:00,69.47760278900441,70.14888010952859,68.80631906664419,69.05805206298828,4069000,0.0,0.0
2020-07-14 00:00:00+08:00,68.80631673238014,69.98106000573915,68.80631673238014,69.30977630615234,6282000,0.0,0.0
2020-07-15 00:00:00+08:00,70.65233970038072,70.73625496705277,68.89022793148021,69.05805206298828,6314000,0.0,0.0
2020-07-16 00:00:00+08:00,69.8971492407159,70.14887581983054,69.14195669970071,69.64541625976562,5419000,0.0,0.0
2020-07-17 00:00:00+08:00,70.31670146441282,71.15580288331114,67.2120223733876,68.1350326538086,9049000,0.0,0.0
2020-07-20 00:00:00+08:00,68.72240748813887,69.30977592063338,66.70856280241577,68.1350326538086,5816000,0.0,0.0
2020-07-21 00:00:00+08:00,68.38676679206617,70.73625336528869,68.38676679206617,69.22586822509766,6105000,0.0,0.0
2020-07-22 00:00:00+08:00,69.39368713907794,76.10649871826172,69.39368713907794,76.10649871826172,13888000,0.0,0.0
2020-07-23 00:00:00+08:00,78.20425004525117,82.2319394354783,76.10649648822366,76.6099624633789,31497000,0.0,0.0
2020-07-24 00:00:00+08:00,76.44213481980188,78.4559794222371,73.50527997511921,74.68002319335938,12239000,0.0,0.0
2020-07-27 00:00:00+08:00,77.70078402725557,80.97328058515748,77.36514220560288,78.79161834716797,26815000,0.0,0.0
2020-07-28 00:00:00+08:00,82.23193934575426,86.4274464552315,77.28123967620392,80.13418579101562,39180000,0.0,0.0
2020-07-29 00:00:00+08:00,81.3928390596803,81.3928390596803,78.20425105124713,79.88245391845703,11230000,0.0,0.0
2020-07-30 00:00:00+08:00,82.2319412990685,82.90322501326466,79.79854583740234,79.79854583740234,9649000,0.0,0.0
2020-07-31 00:00:00+08:00,80.05027804627956,81.3928390596803,79.79854505546372,79.88245391845703,6370000,0.0,0.0
2020-08-03 00:00:00+08:00,79.8824492909903,79.8824492909903,77.78469582849753,78.2042465209961,5975000,0.0,0.0
2020-08-04 00:00:00+08:00,78.28816255971151,79.21117281202258,77.44906116636771,78.1203384399414,7309000,0.0,0.0
2020-08-05 00:00:00+08:00,78.87552919653025,81.9802017211914,78.70771148237819,81.9802017211914,11149000,0.0,0.0
2020-08-06 00:00:00+08:00,81.22502303211502,81.39284076161074,77.19733350585761,77.28124237060547,25708000,0.0,0.0
2020-08-07 00:00:00+08:00,77.19733085155443,77.95252341199115,74.51220886093034,75.26739501953125,14067000,0.0,0.0
2020-08-10 00:00:00+08:00,74.68002466954309,75.77085905129314,72.91791300826931,73.16963958740234,9467000,0.0,0.0
2020-08-11 00:00:00+08:00,74.59611739245153,76.02258724330939,73.84092483535912,75.43521881103516,9087000,0.0,0.0
2020-08-12 00:00:00+08:00,74.93175997712024,75.0156688394366,73.08573299698124,74.00874328613281,5986000,0.0,0.0
2020-08-13 00:00:00+08:00,75.18348543801746,77.11342125156743,75.09957657695784,76.6938705444336,10401000,0.0,0.0
2020-08-14 00:00:00+08:00,76.19041020220243,77.28123818856697,75.35130879645939,76.77777862548828,6049000,0.0,0.0
2020-08-17 00:00:00+08:00,76.77777788104262,77.02951086105898,75.77085876464844,75.77085876464844,4018000,0.0,0.0
2020-08-18 00:00:00+08:00,76.27432135952895,76.35823022226317,74.76393622296962,75.18348693847656,3753000,0.0,0.0
2020-08-19 00:00:00+08:00,75.35131185008056,76.86169060052492,75.09957885742188,75.09957885742188,6596000,0.0,0.0
2020-08-20 00:00:00+08:00,74.68002311490534,75.0995738065621,68.97413114763904,71.15579986572266,6276000,0.0,0.0
2020-08-21 00:00:00+08:00,72.4983724608532,74.26048436890048,72.33054831609275,74.09266662597656,7600000,0.0,0.0
2020-08-24 00:00:00+08:00,74.76393953678492,77.95252767670208,74.68003067033155,77.1134262084961,7583000,0.0,0.0
2020-08-25 00:00:00+08:00,78.03643076239715,79.7146335744917,77.86861304192196,79.21117401123047,9023000,0.0,0.0
2020-08-26 00:00:00+08:00,79.7146288800195,79.88244659061174,78.20424387734816,78.62379455566406,5643000,0.0,0.0
2020-08-27 00:00:00+08:00,79.54681431618343,79.71463203341429,78.28816223144531,78.28816223144531,3952000,0.0,0.0
2020-08-28 00:00:00+08:00,78.28815881560658,79.04334491203102,78.20424355881696,78.79161834716797,3281000,0.0,0.0
2020-08-31 00:00:00+08:00,80.3859219297027,80.97329038732192,77.95252643044188,78.45598602294922,11002000,0.0,0.0
2020-09-01 00:00:00+08:00,78.1203384399414,78.87553097431795,77.78469660223676,78.1203384399414,4365000,0.0,0.0
2020-09-02 00:00:00+08:00,78.62380519916638,79.37899780273438,78.45598746585624,79.37899780273438,4328000,0.0,0.0
2020-09-03 00:00:00+08:00,80.05028185135112,81.22502519460491,79.12727151087893,80.55374145507812,10106000,0.0,0.0
2020-09-04 00:00:00+08:00,78.79162675942077,79.29508634473443,78.0364341805323,78.70771789550781,6517000,0.0,0.0
2020-09-07 00:00:00+08:00,80.13418049392305,86.00789005892264,80.13418049392305,80.97328186035156,15220000,0.0,0.0
2020-09-08 00:00:00+08:00,81.56066066253211,83.07104587554932,80.21809958531472,80.55374145507812,4614000,0.0,0.0
2020-09-09 00:00:00+08:00,79.71463842934078,81.22502361294693,78.20425324573463,80.7215576171875,4413000,0.0,0.0
2020-09-10 00:00:00+08:00,82.23193782067176,82.81930624437085,81.05719457143788,81.64456939697266,5217000,0.0,0.0
2020-09-11 00:00:00+08:00,82.06412697845465,82.06412697845465,79.79854915036064,81.72848510742188,4685000,0.0,0.0
2020-09-14 00:00:00+08:00,81.81238368388154,82.65148505499826,80.88937345602021,82.14802551269531,5559000,0.0,0.0
2020-09-15 00:00:00+08:00,81.89630253229552,82.23194440205891,80.55374145507812,80.55374145507812,5725000,0.0,0.0
2020-09-16 00:00:00+08:00,81.56065485366864,81.89629669952716,80.13418501106462,80.21809387207031,5254000,0.0,0.0
2020-09-17 00:00:00+08:00,79.8824520262118,81.05719528579874,79.6307254431947,80.21809387207031,2642000,0.0,0.0
2020-09-18 00:00:00+08:00,80.21809543524252,80.55373728764152,79.54681813228035,80.05027770996094,3183000,0.0,0.0
2020-09-21 00:00:00+08:00,79.46290520796387,79.63072934002369,78.37207715783734,78.45598602294922,3127000,0.0,0.0
2020-09-22 00:00:00+08:00,79.21117473066587,79.29508359166557,77.28123891849421,77.78469848632812,3584000,0.0,0.0
2020-09-23 00:00:00+08:00,78.20425224507102,79.2950866861439,77.61688379331547,78.5398941040039,2683000,0.0,0.0
2020-09-24 00:00:00+08:00,76.86169174944172,77.44906660714668,75.93868143228939,76.19041442871094,4465000,0.0,0.0
2020-09-25 00:00:00+08:00,76.77778369082029,76.94560142230621,74.68003003806562,74.7639389038086,5178000,0.0,0.0
2020-09-28 00:00:00+08:00,77.36514458750275,82.23193514671607,77.36514458750275,82.06411743164062,13719000,0.0,0.0
2020-09-29 00:00:00+08:00,83.6584120109273,84.74924645674857,79.71463775634766,79.71463775634766,14987000,0.0,0.0
2020-09-30 00:00:00+08:00,80.13418993731274,81.14110913495288,77.6168855413762,80.63764953613281,10011000,0.0,0.0
2020-10-05 00:00:00+08:00,81.47674837671035,82.06412322460855,79.54681890976579,79.96636962890625,7273000,0.0,0.0
2020-10-06 00:00:00+08:00,80.72155493720919,81.47674750393966,80.38591948696086,81.14110565185547,6899000,0.0,0.0
2020-10-07 00:00:00+08:00,80.55373117713731,81.39283254356582,80.30199820647461,80.97328186035156,3467000,0.0,0.0
2020-10-08 00:00:00+08:00,81.39283713713515,83.91014137848984,81.30892827612381,82.6514892578125,13368000,0.0,0.0
2020-10-12 00:00:00+08:00,82.81930431570844,83.49058798587684,81.22501680227067,83.07103729248047,8559000,0.0,0.0
2020-10-13 00:00:00+08:00,83.8262325174785,83.8262325174785,82.06412082889736,82.6514892578125,5478000,0.0,0.0
2020-10-14 00:00:00+08:00,82.90322528908412,83.91014446189244,82.65149229496406,83.40668487548828,5713000,0.0,0.0
2020-10-15 00:00:00+08:00,82.9871311036936,83.8262325174785,81.89629670503894,82.6514892578125,4142000,0.0,0.0
2020-10-16 00:00:00+08:00,82.56758151137778,82.98713222393373,81.47674709799799,82.3997573852539,3236000,0.0,0.0
2020-10-19 00:00:00+08:00,82.31584701520958,82.65148885947308,81.47674560546875,81.47674560546875,2275000,0.0,0.0
2020-10-20 00:00:00+08:00,81.72847898301626,82.6514892578125,81.56065485915784,82.6514892578125,2397000,0.0,0.0
2020-10-21 00:00:00+08:00,82.65148885947308,83.49059026921391,81.47674560546875,81.47674560546875,2636000,0.0,0.0
2020-10-22 00:00:00+08:00,81.47675020899058,81.98020980291393,80.63764875183962,80.7215576171875,3185000,0.0,0.0
2020-10-23 00:00:00+08:00,80.63764615028232,81.22502099243955,79.63072699492115,80.05027770996094,5523000,0.0,0.0
2020-10-26 00:00:00+08:00,80.21809543524252,80.55373728764152,79.4629028678037,80.05027770996094,4975000,0.0,0.0
2020-10-27 00:00:00+08:00,79.4628998111113,79.54681507235999,78.4559806944832,79.29508209228516,9197000,0.0,0.0
2020-10-28 00:00:00+08:00,79.37899511648872,79.79854583740234,78.87553553175958,79.79854583740234,3835000,0.0,0.0
2020-10-29 00:00:00+08:00,78.87553249854903,79.54681618693054,78.45598179376952,79.04335021972656,4352000,0.0,0.0
2020-10-30 00:00:00+08:00,79.12726316596132,79.29508088222653,78.2042465209961,78.2042465209961,5044000,0.0,0.0
2020-11-02 00:00:00+08:00,78.1203433807968,78.8755359629368,77.11342420583414,78.5398941040039,3663000,0.0,0.0
2020-11-03 00:00:00+08:00,78.95943605707667,79.29507787872934,78.37206767056094,78.79161834716797,2897000,0.0,0.0
2020-11-04 00:00:00+08:00,78.95944583753771,80.7215576171875,78.62380397431012,80.7215576171875,6067000,0.0,0.0
2020-11-05 00:00:00+08:00,83.07104713439942,84.74925010681153,82.4836786547897,83.91014862060547,30900000,0.0,0.0
2020-11-06 00:00:00+08:00,84.74923971754994,85.58834110089202,83.91013833420786,84.3296890258789,14111000,0.0,0.0
2020-11-09 00:00:00+08:00,85.58834305550289,87.26654586051275,84.74924165299795,86.42744445800781,5044000,0.0,0.0
2020-11-10 00:00:00+08:00,86.00789653951475,86.00789653951475,82.06412238087621,82.48367309570312,9179000,0.0,0.0
2020-11-11 00:00:00+08:00,82.4836665634446,83.15494381290462,81.81238291214923,82.23193359375,4895000,0.0,0.0
2020-11-12 00:00:00+08:00,82.2319354734567,82.6514861646478,81.47674294894561,81.89629364013672,3966000,0.0,0.0
2020-11-13 00:00:00+08:00,81.47675100144498,81.6445751356091,80.21809880347672,80.63764953613281,3940000,0.0,0.0
2020-11-16 00:00:00+08:00,81.4767459981465,82.90322224268226,81.22501941511247,82.6514892578125,4566000,0.0,0.0
2020-11-17 00:00:00+08:00,83.49058798587684,83.574496844189,82.39975362231208,83.07103729248047,4438000,0.0,0.0
2020-11-18 00:00:00+08:00,83.3227752299275,83.57450181985071,82.48367379317833,83.49059295654297,4628000,0.0,0.0
2020-11-19 00:00:00+08:00,83.65840570250117,83.65840570250117,82.48366888245977,83.07103729248047,2612000,0.0,0.0
2020-11-20 00:00:00+08:00,83.40668503687762,88.10565185546875,83.15495204227045,88.10565185546875,10156000,0.0,0.0
2020-11-23 00:00:00+08:00,91.88159200880263,96.49664914166486,88.52518682126646,90.62294006347656,24279000,0.0,0.0
2020-11-24 00:00:00+08:00,92.30115628355487,92.72070699393467,88.10564917975692,88.52519989013672,9092000,0.0,0.0
2020-11-25 00:00:00+08:00,88.94475286779269,90.62295575209066,88.5252021467182,89.36430358886719,5653000,0.0,0.0
2020-11-26 00:00:00+08:00,89.36430402483259,89.78385474795387,86.84699968610491,88.10565185546875,6187000,0.0,0.0
2020-11-27 00:00:00+08:00,88.94475020649277,90.62295304057754,88.10564878945038,89.78385162353516,3649000,0.0,0.0
2020-11-30 00:00:00+08:00,89.78385474795387,91.04250691731771,88.10565185546875,88.10565185546875,8334000,0.0,0.0
2020-12-01 00:00:00+08:00,88.52519949797157,89.78385162353516,86.84699666388681,89.78385162353516,5532000,0.0,0.0
2020-12-02 00:00:00+08:00,90.62295756208788,91.4620590209961,88.94475464427143,91.4620590209961,6982000,0.0,0.0
2020-12-03 00:00:00+08:00,92.30116321194556,92.72071395381803,90.20340950258316,91.04251098632812,4987000,0.0,0.0
2020-12-04 00:00:00+08:00,91.04250829154199,91.4620590209961,89.78385610317966,91.4620590209961,5091000,0.0,0.0
2020-12-07 00:00:00+08:00,93.1402553908169,96.49666099048598,92.72070469085827,96.07711029052734,13263000,0.0,0.0
2020-12-08 00:00:00+08:00,96.91620687659518,105.30722045898438,96.07710551835626,105.30722045898438,24633000,0.0,0.0
2020-12-09 00:00:00+08:00,105.72677414619972,107.82452760148145,102.37036861774892,103.62902069091797,19064000,0.0,0.0
2020-12-10 00:00:00+08:00,103.20947142256068,103.20947142256068,97.3357616668052,98.59441375732422,10854000,0.0,0.0
2020-12-11 00:00:00+08:00,99.01396481744175,99.85306621419973,93.55980573851487,97.33576202392578,9940000,0.0,0.0
2020-12-14 00:00:00+08:00,96.07710992878881,97.33576202392578,94.81845783365185,97.33576202392578,5065000,0.0,0.0
2020-12-15 00:00:00+08:00,97.33576551649307,97.75531622992622,92.30115695529514,94.39891052246094,7517000,0.0,0.0
2020-12-16 00:00:00+08:00,95.23801194932726,96.9162148030599,94.39891052246094,94.39891052246094,6803000,0.0,0.0
2020-12-17 00:00:00+08:00,95.65756451150645,99.4335210053817,95.23801378996477,96.49666595458984,8499000,0.0,0.0
2020-12-18 00:00:00+08:00,97.33576202392578,98.17486342068376,96.07710992878881,97.33576202392578,4966000,0.0,0.0
2020-12-21 00:00:00+08:00,96.91621398925781,97.33576469916802,93.97935901988636,96.91621398925781,3493000,0.0,0.0
2020-12-22 00:00:00+08:00,96.49666099048598,97.75531309036188,95.23800889061008,96.07711029052734,3374000,0.0,0.0
2020-12-23 00:00:00+08:00,96.07711029052734,96.91621169044461,95.65755959056871,96.07711029052734,2053000,0.0,0.0
2020-12-24 00:00:00+08:00,96.49666099048598,97.33576239040325,95.65755959056871,96.07711029052734,1479000,0.0,0.0
2020-12-25 00:00:00+08:00,96.49666595458984,97.33576739767324,95.65756451150645,96.49666595458984,1887000,0.0,0.0
2020-12-28 00:00:00+08:00,96.49666511406333,99.01396942138672,95.65756367828887,99.01396942138672,3578000,0.0,0.0
2020-12-29 00:00:00+08:00,99.43351866069594,99.85306937234444,95.23801154421088,95.65756225585938,4333000,0.0,0.0
2020-12-30 00:00:00+08:00,95.65755728162858,96.49665866129199,94.39890521213347,95.23800659179688,4934000,0.0,0.0
2020-12-31 00:00:00+08:00,95.65755923040982,98.17486342068376,95.65755923040982,97.33576202392578,4894000,0.0,0.0
2021-01-04 00:00:00+08:00,95.23801154421088,96.49666367915638,94.81846083256237,95.65756225585938,6081000,0.0,0.0
2021-01-05 00:00:00+08:00,96.07711296750789,96.07711296750789,94.39891012091385,95.65756225585938,3809000,0.0,0.0
2021-01-06 00:00:00+08:00,96.49666136344977,96.91621206503,93.14025575080804,94.8184585571289,5284000,0.0,0.0
2021-01-07 00:00:00+08:00,95.23800853203083,97.33576202392578,93.97935643689387,97.33576202392578,5320000,0.0,0.0
2021-01-08 00:00:00+08:00,99.01396481744175,100.69216761095771,94.81845783365185,97.33576202392578,10648000,0.0,0.0
2021-01-11 00:00:00+08:00,100.27262157504842,100.69217229293565,97.33576654983779,99.01396942138672,6768000,0.0,0.0
2021-01-12 00:00:00+08:00,99.01396713908922,100.27261926373865,97.3357643062233,98.17486572265625,5234000,0.0,0.0
2021-01-13 00:00:00+08:00,99.01396782167497,104.04857635498047,98.59441711056617,104.04857635498047,14430000,0.0,0.0
2021-01-14 00:00:00+08:00,102.3703842163086,103.20948572627833,100.27263044138424,102.3703842163086,7222000,0.0,0.0
2021-01-15 00:00:00+08:00,104.4681235130797,106.14632630043842,97.3357616668052,98.59441375732422,12315000,0.0,0.0
2021-01-18 00:00:00+08:00,98.59441912737016,99.01396984706109,95.6575640895336,97.75531768798828,7551000,0.0,0.0
2021-01-19 00:00:00+08:00,99.01396674948906,101.11172028231721,98.59441604292343,99.43351745605469,6826000,0.0,0.0
2021-01-20 00:00:00+08:00,101.11171989440918,103.20947341918945,98.59441566467285,100.69216918945312,11443000,0.0,0.0
2021-01-21 00:00:00+08:00,102.37037200927735,103.20947341918945,99.43351707458496,100.69216918945312,8243000,0.0,0.0
2021-01-22 00:00:00+08:00,101.5312698488313,104.8876754636687,100.69216844512195,103.20947265625,11545000,0.0,0.0
2021-01-25 00:00:00+08:00,105.72678024704392,110.76138883023648,104.46812810124578,108.66363525390625,24035000,0.0,0.0
2021-01-26 00:00:00+08:00,110.76138528963415,110.76138528963415,103.20947265625,103.20947265625,11312000,0.0,0.0
2021-01-27 00:00:00+08:00,104.04857675980548,107.40498246173469,101.95082319609972,102.78992462158203,7852000,0.0,0.0
2021-01-28 00:00:00+08:00,99.85306855552217,102.37037280482105,97.75531501443977,98.17486572265625,9092000,0.0,0.0
2021-01-29 00:00:00+08:00,99.43350577354431,100.69215774536133,93.9793472290039,93.9793472290039,10456000,0.0,0.0
2021-02-01 00:00:00+08:00,94.39891234688137,97.33576739767324,92.30115873917289,96.49666595458984,5836000,0.0,0.0
2021-02-02 00:00:00+08:00,97.75531726772502,100.27262157504842,97.75531726772502,99.01396942138672,6965000,0.0,0.0
2021-02-03 00:00:00+08:00,102.78992345013955,107.40498123769684,101.11172061830055,106.56587982177734,23544000,0.0,0.0
2021-02-04 00:00:00+08:00,106.5658825056355,108.24408537974,103.20947675742651,106.14633178710938,10684000,0.0,0.0
2021-02-05 00:00:00+08:00,107.40498666914682,108.24408812749954,105.7267837524414,105.7267837524414,6524000,0.0,0.0
2021-02-17 00:00:00+08:00,108.66363609826612,109.50273753531837,105.72678106858325,106.14633178710938,9455000,0.0,0.0
2021-02-18 00:00:00+08:00,106.14632483725606,106.5658755283124,103.20946999986162,103.62902069091797,10248000,0.0,0.0
2021-02-19 00:00:00+08:00,102.7899215882083,106.14632719108857,102.37037088784827,104.46812438964844,6855000,0.0,0.0
2021-02-22 00:00:00+08:00,104.88766977986491,105.72677113810383,104.04856842162599,105.30722045898438,5945000,0.0,0.0
2021-02-23 00:00:00+08:00,104.46813799123295,104.46813799123295,101.95083346132371,102.3703842163086,7182000,0.0,0.0
2021-02-24 00:00:00+08:00,101.53128270633884,104.46813799123295,100.27263044138424,102.3703842163086,6145000,0.0,0.0
2021-02-25 00:00:00+08:00,103.62902604706433,104.46812747254663,102.78992462158203,102.78992462158203,3011000,0.0,0.0
2021-02-26 00:00:00+08:00,99.85306621419973,100.69216761095771,97.33576202392578,97.33576202392578,13489000,0.0,0.0
2021-03-02 00:00:00+08:00,100.2726224484651,100.6921731700068,96.07711523304815,96.49666595458984,7346000,0.0,0.0
2021-03-03 00:00:00+08:00,96.49666408962675,96.9162148030599,92.30115695529514,94.39891052246094,13955000,0.0,0.0
2021-03-04 00:00:00+08:00,93.97936617943547,93.97936617943547,90.20340950258316,91.04251098632812,12377000,0.0,0.0
2021-03-05 00:00:00+08:00,88.10564652928765,90.62295071583874,87.26654513377063,88.94474792480469,12573000,0.0,0.0
2021-03-08 00:00:00+08:00,89.78384731126869,90.62294868800952,86.42744180430537,86.84699249267578,9160000,0.0,0.0
2021-03-09 00:00:00+08:00,84.7492367628144,86.42743947098896,82.65148337759624,86.00788879394531,14873000,0.0,0.0
2021-03-10 00:00:00+08:00,86.84699317590514,87.68609455924721,83.91013833420786,84.3296890258789,14203000,0.0,0.0
2021-03-11 00:00:00+08:00,83.9101379992915,86.42744213927025,83.23885433456299,85.58834075927734,15234000,0.0,0.0
2021-03-12 00:00:00+08:00,87.26654998349471,89.78385430994167,87.26654998349471,89.36430358886719,13782000,0.0,0.0
2021-03-15 00:00:00+08:00,90.20340001808023,90.62295071583874,88.10564652928765,88.94474792480469,7403000,0.0,0.0
2021-03-16 00:00:00+08:00,91.04251098632812,91.4620617282006,89.78385876071069,91.04251098632812,8096000,0.0,0.0
2021-03-17 00:00:00+08:00,91.88160280911427,92.7207042046313,88.94474792480469,88.94474792480469,12637000,0.0,0.0
2021-03-18 00:00:00+08:00,88.94475464427143,92.30116047990433,88.94475464427143,91.4620590209961,9934000,0.0,0.0
2021-03-19 00:00:00+08:00,90.20338941503454,90.62294006347656,88.52518682126646,90.62294006347656,8762000,0.0,0.0
2021-03-22 00:00:00+08:00,90.62295490421661,91.88160705566406,89.36430275276916,91.88160705566406,4464000,0.0,0.0
2021-03-23 00:00:00+08:00,92.30116321194556,92.72071395381803,90.62296024445564,91.04251098632812,7463000,0.0,0.0
2021-03-24 00:00:00+08:00,89.7838520212761,90.2034027316559,87.68609846937713,88.52519989013672,7077000,0.0,0.0
2021-03-25 00:00:00+08:00,88.10564652928765,89.3642986225632,86.84699443601212,88.94474792480469,8265000,0.0,0.0
2021-03-26 00:00:00+08:00,88.94475020649277,90.20340233205634,88.10564878945038,89.78385162353516,4962000,0.0,0.0
2021-03-29 00:00:00+08:00,91.4620413603606,91.4620413603606,90.20338941503454,90.62294006347656,3653000,0.0,0.0
2021-03-30 00:00:00+08:00,91.46205368041991,92.30115509033203,90.62295227050781,92.30115509033203,5094000,0.0,0.0
2021-03-31 00:00:00+08:00,92.30114265724464,92.30114265724464,90.62294006347656,90.62294006347656,6498000,0.0,0.0
2021-04-01 00:00:00+08:00,91.88160438537598,92.72070579528808,91.46205368041991,92.30115509033203,5001000,0.0,0.0
2021-04-07 00:00:00+08:00,94.8184616501267,94.8184616501267,91.88160664326436,93.1402587890625,7402000,0.0,0.0
2021-04-08 00:00:00+08:00,93.14025838216146,94.39891052246094,91.88160624186199,94.39891052246094,5137000,0.0,0.0
2021-04-09 00:00:00+08:00,95.23801336984266,98.59441912737016,94.39891193046078,97.75531768798828,12237000,0.0,0.0
2021-04-12 00:00:00+08:00,100.69216761095771,100.69216761095771,96.4966606271678,97.33576202392578,11894000,0.0,0.0
2021-04-13 00:00:00+08:00,98.59441912737016,99.01396984706109,96.9162162486064,97.75531768798828,6664000,0.0,0.0
2021-04-14 00:00:00+08:00,97.75531346819042,98.17486416977064,93.55980645238826,94.8184585571289,7894000,0.0,0.0
2021-04-15 00:00:00+08:00,95.23801154421088,95.65756225585938,93.55980869761684,95.65756225585938,5253000,0.0,0.0
2021-04-16 00:00:00+08:00,96.07711480922454,99.85307128644297,95.6575640895336,97.75531768798828,9499000,0.0,0.0
2021-04-19 00:00:00+08:00,98.17486342068376,98.59441411906276,96.4966606271678,97.33576202392578,4358000,0.0,0.0
2021-04-20 00:00:00+08:00,96.49666595458984,97.33576739767324,95.65756451150645,96.49666595458984,4057000,0.0,0.0
2021-04-21 00:00:00+08:00,95.65755728162858,96.07710797146028,93.97935452230176,95.23800659179688,3965000,0.0,0.0
2021-04-22 00:00:00+08:00,95.65755728162858,96.07710797146028,94.39890521213347,95.23800659179688,6775000,0.0,0.0
2021-04-23 00:00:00+08:00,94.81846265015172,97.75531768798828,94.39891193046078,97.75531768798828,3473000,0.0,0.0
2021-04-26 00:00:00+08:00,99.85306816262032,101.11172028231721,98.1748653363578,99.43351745605469,9310000,0.0,0.0
2021-04-27 00:00:00+08:00,99.85306284118397,100.69216420959728,98.594410788564,100.27261352539062,5243000,0.0,0.0
2021-04-28 00:00:00+08:00,100.27261848449707,100.69216918945312,98.59441566467285,100.69216918945312,4478000,0.0,0.0
2021-04-29 00:00:00+08:00,100.27261352539062,101.11171489380393,99.01396147277066,100.27261352539062,7071000,0.0,0.0
2021-05-03 00:00:00+08:00,99.4335210053817,99.8530717269234,96.07711523304815,96.49666595458984,6818000,0.0,0.0
2021-05-04 00:00:00+08:00,95.65755923040982,97.75531272230478,92.3011536433779,97.33576202392578,8931000,0.0,0.0
2021-05-05 00:00:00+08:00,97.33576074660633,100.27261559671945,92.3011524321267,92.720703125,15436000,0.0,0.0
2021-05-06 00:00:00+08:00,94.39891052246094,99.85306979709202,92.30115695529514,94.39891052246094,13230000,0.0,0.0
2021-05-07 00:00:00+08:00,96.07711296750789,96.49666367915638,94.81846083256237,95.65756225585938,4739000,0.0,0.0
2021-05-10 00:00:00+08:00,95.65755959056871,97.75531309036188,95.23800889061008,96.07711029052734,5200000,0.0,0.0
2021-05-11 00:00:00+08:00,94.39891135855898,96.91621566145388,91.46205633851491,91.88160705566406,9077000,0.0,0.0
2021-05-12 00:00:00+08:00,90.2034011615321,91.46205327076278,82.73539736639626,85.16879272460938,8976000,0.0,0.0
2021-05-13 00:00:00+08:00,86.00789451599121,93.55980720520019,85.58834381103516,92.30115509033203,13257000,0.0,0.0
2021-05-14 00:00:00+08:00,91.46205486279528,92.30115628355487,88.10564917975692,88.52519989013672,9251000,0.0,0.0
2021-05-17 00:00:00+08:00,86.0078933934846,89.3642989893279,85.16879199452377,87.68609619140625,10479000,0.0,0.0
2021-05-18 00:00:00+08:00,87.26655430947581,91.4620617282006,86.42745282573084,91.04251098632812,7480000,0.0,0.0
2021-05-19 00:00:00+08:00,90.62295575209066,91.04250647316516,88.1056514256437,89.36430358886719,5364000,0.0,0.0
2021-05-20 00:00:00+08:00,88.52519989013672,91.46205486279528,88.10564917975692,88.52519989013672,3760000,0.0,0.0
2021-05-21 00:00:00+08:00,89.36430537372554,92.30116047990433,88.94475464427143,91.4620590209961,5190000,0.0,0.0
2021-05-24 00:00:00+08:00,89.78383876659252,91.4620413603606,88.94473746970847,90.62294006347656,3137000,0.0,0.0
2021-05-25 00:00:00+08:00,90.6229541015625,95.65756266276043,90.20340338812935,94.39891052246094,6684000,0.0,0.0
2021-05-26 00:00:00+08:00,94.8184585571289,95.65755996028933,93.97935715396848,94.8184585571289,4169000,0.0,0.0
2021-05-27 00:00:00+08:00,95.23801336984266,97.75531768798828,94.81846265015172,97.75531768798828,10173000,0.0,0.0
2021-05-28 00:00:00+08:00,99.85306855552217,100.27261926373865,97.3357643062233,98.17486572265625,8212000,0.0,0.0
2021-05-31 00:00:00+08:00,98.59441870349949,99.01396942138672,97.75531726772502,99.01396942138672,3315000,0.0,0.0
2021-06-01 00:00:00+08:00,99.0139644541639,99.43351515100358,98.17486306048454,98.59441375732422,2099000,0.0,0.0
2021-06-02 00:00:00+08:00,99.85306621419973,99.85306621419973,95.65755923040982,97.33576202392578,5375000,0.0,0.0
2021-06-03 00:00:00+08:00,96.49666595458984,97.33576739767324,95.65756451150645,96.49666595458984,4212000,0.0,0.0
2021-06-04 00:00:00+08:00,95.65756225585938,96.49666367915638,94.81846083256237,95.65756225585938,2924000,0.0,0.0
2021-06-07 00:00:00+08:00,94.81845590196517,96.49665866129199,93.14025314263836,95.23800659179688,3620000,0.0,0.0
2021-06-08 00:00:00+08:00,95.23800889061008,97.75531309036188,95.23800889061008,96.07711029052734,3203000,0.0,0.0
2021-06-09 00:00:00+08:00,95.65756225585938,96.49666367915638,94.39891012091385,95.65756225585938,2756000,0.0,0.0
2021-06-10 00:00:00+08:00,96.4966606271678,99.01396481744175,95.65755923040982,97.33576202392578,5579000,0.0,0.0
2021-06-11 00:00:00+08:00,97.75531236364488,99.43351515100358,97.3357616668052,98.59441375732422,2601000,0.0,0.0
2021-06-15 00:00:00+08:00,99.85306924389255,105.72677919941565,99.85306924389255,104.04857635498047,12372000,0.0,0.0
2021-06-16 00:00:00+08:00,107.40498006687243,107.82453077025865,101.53127021946534,101.95082092285156,12068000,0.0,0.0
2021-06-17 00:00:00+08:00,100.69216585352353,104.04857138197433,99.85306447141085,103.62902069091797,3643000,0.0,0.0
2021-06-18 00:00:00+08:00,103.6290364812632,104.88768874621782,102.3703842163086,102.3703842163086,5347000,0.0,0.0
2021-06-21 00:00:00+08:00,102.37036662456417,102.37036662456417,98.59441047857615,101.53126525878906,4763000,0.0,0.0
2021-06-22 00:00:00+08:00,101.5312737287101,102.7899258823718,97.75531726772502,99.01396942138672,5533000,0.0,0.0
2021-06-23 00:00:00+08:00,99.85307267691584,101.53127557904888,98.59442050031606,101.11172485351562,3595000,0.0,0.0
2021-06-24 00:00:00+08:00,100.27262157504842,101.5312737287101,98.17486798561225,99.01396942138672,3130000,0.0,0.0
2021-06-25 00:00:00+08:00,99.0139644541639,100.27261654468293,98.59441375732422,98.59441375732422,2838000,0.0,0.0
2021-06-28 00:00:00+08:00,98.17486342068376,99.01396481744175,96.4966606271678,97.33576202392578,2667000,0.0,0.0
2021-06-29 00:00:00+08:00,99.0139644541639,99.0139644541639,97.75531236364488,98.59441375732422,2706000,0.0,0.0
2021-06-30 00:00:00+08:00,98.59441870349949,100.69217229293565,98.17486798561225,99.01396942138672,3388000,0.0,0.0
2021-07-01 00:00:00+08:00,99.01396481744175,99.85306621419973,97.33576202392578,97.33576202392578,2450000,0.0,0.0
2021-07-02 00:00:00+08:00,96.91621096996552,99.0139644541639,96.91621096996552,98.59441375732422,1829000,0.0,0.0
2021-07-05 00:00:00+08:00,99.01396942138672,100.27262157504842,98.17486798561225,99.01396942138672,2519000,0.0,0.0
2021-07-06 00:00:00+08:00,99.01396753880884,99.85306895862927,96.91621398925781,96.91621398925781,2960000,0.0,0.0
2021-07-07 00:00:00+08:00,96.9162162486064,98.59441912737016,96.49666552891547,97.75531768798828,2892000,0.0,0.0
2021-07-08 00:00:00+08:00,97.75531811921493,98.59441956229833,95.65756451150645,96.49666595458984,3714000,0.0,0.0
2021-07-09 00:00:00+08:00,95.65755728162858,96.07710797146028,94.81845590196517,95.23800659179688,1739000,0.0,0.0
2021-07-12 00:00:00+08:00,96.4966606271678,97.33576202392578,95.65755923040982,97.33576202392578,2579000,0.0,0.0
2021-07-13 00:00:00+08:00,98.17486270936597,101.53126827207934,97.7553120140268,99.85306549072266,6637000,0.0,0.0
2021-07-14 00:00:00+08:00,100.27261886918595,100.69216957575158,98.59441604292343,99.43351745605469,2886000,0.0,0.0
2021-07-15 00:00:00+08:00,99.853067779541,101.53127059936523,99.0139663696289,100.69216918945312,5000000,0.0,0.0
2021-07-16 00:00:00+08:00,99.0139644541639,99.0139644541639,97.3357616668052,98.59441375732422,3809000,0.0,0.0
2021-07-19 00:00:00+08:00,97.3357627666102,97.75531346819042,92.30115434764761,94.8184585571289,9063000,0.0,0.0
2021-07-20 00:00:00+08:00,94.39891012091385,96.07711296750789,93.97935940926536,95.65756225585938,4264000,0.0,0.0
2021-07-21 00:00:00+08:00,96.49666552891547,98.59441912737016,96.07711480922454,97.75531768798828,4936000,0.0,0.0
2021-07-22 00:00:00+08:00,98.17486572265625,99.85306855552217,97.3357643062233,98.17486572265625,3007000,0.0,0.0
2021-07-23 00:00:00+08:00,97.7553158141019,98.59441723739891,95.65756225585938,95.65756225585938,1822000,0.0,0.0
2021-07-26 00:00:00+08:00,95.65755959056871,97.33576239040325,95.23800889061008,96.07711029052734,2086000,0.0,0.0
2021-07-27 00:00:00+08:00,96.07710797146028,97.33576004095539,94.81845590196517,95.23800659179688,2853000,0.0,0.0
2021-07-28 00:00:00+08:00,95.6575603399576,96.49666174644847,92.30115471399418,93.55980682373047,4051000,0.0,0.0
2021-07-29 00:00:00+08:00,94.39890521213347,96.49665866129199,93.97935452230176,95.23800659179688,2699000,0.0,0.0
2021-07-30 00:00:00+08:00,95.65756185952719,99.01396753880884,95.23801114961698,96.91621398925781,6293000,0.0,0.0
2021-08-02 00:00:00+08:00,97.75531425476073,100.69216918945312,97.33576354980468,100.69216918945312,4767000,0.0,0.0
2021-08-03 00:00:00+08:00,99.85306740592046,101.95082092285156,98.59441529576179,101.95082092285156,5117000,0.0,0.0
2021-08-04 00:00:00+08:00,110.34183953674544,112.0200424194336,109.9222888160734,112.0200424194336,8194000,0.0,0.0
2021-08-05 00:00:00+08:00,113.27870053235989,122.9283676147461,111.18094681879766,122.9283676147461,47023000,0.0,0.0
2021-08-06 00:00:00+08:00,125.0261092819534,128.38251490026087,118.73284874762689,119.99150085449219,47127000,0.0,0.0
2021-08-09 00:00:00+08:00,119.99150085449219,123.34790647279966,118.31329804533846,119.99150085449219,11049000,0.0,0.0
2021-08-10 00:00:00+08:00,120.83061390118388,130.89983172628254,118.31330944490921,122.9283676147461,40807000,0.0,0.0
2021-08-11 00:00:00+08:00,122.92834258079529,125.44564652442932,118.7328360080719,120.8305892944336,23088000,0.0,0.0
2021-08-12 00:00:00+08:00,122.08925897006331,128.38251974171607,121.25015753384294,121.66970825195312,28886000,0.0,0.0
2021-08-13 00:00:00+08:00,122.50880545356671,123.76745756439102,117.05464630666134,118.73284912109375,16402000,0.0,0.0
2021-08-16 00:00:00+08:00,117.4742109818892,117.89376173539594,112.43960193980823,115.37645721435547,16383000,0.0,0.0
2021-08-17 00:00:00+08:00,115.37645721435547,115.37645721435547,115.37645721435547,115.37645721435547,0,0.0,0.0
2021-08-18 00:00:00+08:00,115.37644462863894,117.89374887508197,110.76138684349338,114.95689392089844,19770000,0.0,0.0
2021-08-19 00:00:00+08:00,114.95689162086038,116.6350944182452,112.02003672543694,114.11779022216797,8813000,0.0,0.0
2021-08-20 00:00:00+08:00,116.27096313940707,116.7015963362197,111.10336477765566,113.25653076171875,12829000,3.5,0.0
2021-08-23 00:00:00+08:00,116.27096788977889,124.45299896350407,115.8403346753723,119.285400390625,16958000,0.0,0.0
2021-08-24 00:00:00+08:00,121.86919472677666,125.74489349900631,120.57729513603344,122.73046112060547,14912000,0.0,0.0
2021-08-25 00:00:00+08:00,125.74488793861414,133.49628514030954,124.02235522712628,125.31425476074219,25593000,0.0,0.0
2021-08-26 00:00:00+08:00,127.03678634431627,129.62058538860745,124.02235412597656,124.02235412597656,15418000,0.0,0.0
2021-08-27 00:00:00+08:00,123.16109099211516,130.051221956709,122.29982462154094,127.89805603027344,13644000,0.0,0.0
2021-08-30 00:00:00+08:00,129.18997130938024,130.0512377847761,125.74490540779678,128.32870483398438,13044000,0.0,0.0
2021-08-31 00:00:00+08:00,127.03678930127943,127.46742248535156,124.45299019684661,127.46742248535156,8433000,0.0,0.0
2021-09-01 00:00:00+08:00,128.7593241811588,130.91249013736547,127.03679141619348,130.0512237548828,10085000,0.0,0.0
2021-09-02 00:00:00+08:00,130.48185834697648,137.3719894808102,129.62059195524728,131.7737579345703,23507000,0.0,0.0
2021-09-03 00:00:00+08:00,133.9269276808489,141.678325424435,130.48186201703285,136.51072692871094,28483000,0.0,0.0
2021-09-06 00:00:00+08:00,136.08009791518703,148.99909455270478,135.64946469393644,142.1089630126953,39911000,0.0,0.0
2021-09-07 00:00:00+08:00,143.4008519475731,148.13781702692236,138.66388686822384,147.70718383789062,39908000,0.0,0.0
2021-09-08 00:00:00+08:00,142.97020866297467,144.69274129746836,133.4962791732595,136.080078125,26645000,0.0,0.0
2021-09-09 00:00:00+08:00,133.49628355444932,141.67831383681877,132.63501720893674,141.2476806640625,21674000,0.0,0.0
2021-09-10 00:00:00+08:00,142.53958692743043,150.72161759698082,142.1089537342962,149.42971801757812,42389000,0.0,0.0
2021-09-13 00:00:00+08:00,151.58287519290124,152.44414152922454,138.6638801480517,139.525146484375,36599000,0.0,0.0
2021-09-14 00:00:00+08:00,141.24767761230467,142.53957710266113,136.9413459777832,137.8026123046875,25823000,0.0,0.0
2021-09-15 00:00:00+08:00,138.23325976061895,139.955792592527,134.3575608888259,136.51072692871094,14625000,0.0,0.0
2021-09-16 00:00:00+08:00,138.6638919320076,139.09452513676538,133.06566027015637,135.2188262939453,14685000,0.0,0.0
2021-09-17 00:00:00+08:00,133.92691529827354,139.525146484375,133.4962821301119,139.525146484375,15989000,0.0,0.0
2021-09-22 00:00:00+08:00,133.49627606280438,135.21880865716315,130.91247717126623,132.635009765625,14843000,0.0,0.0
2021-09-23 00:00:00+08:00,134.78818958684016,136.94135555468108,130.0512244575902,130.91249084472656,15916000,0.0,0.0
2021-09-24 00:00:00+08:00,133.0656456356957,136.0800777374752,131.77374616350446,135.64944458007812,11046000,0.0,0.0
2021-09-27 00:00:00+08:00,134.35755816709647,136.08009096411052,132.2043921708289,133.06565856933594,6217000,0.0,0.0
2021-09-28 00:00:00+08:00,132.63502605475028,133.9269256591797,130.05122684589153,133.9269256591797,6367000,0.0,0.0
2021-09-29 00:00:00+08:00,127.89804523296422,129.18994467976182,122.73044744577375,124.4529800415039,16885000,0.0,0.0
2021-09-30 00:00:00+08:00,124.88361119437138,130.91247518306517,123.16107862617315,130.48184204101562,13981000,0.0,0.0
2021-10-01 00:00:00+08:00,127.46743835858851,129.18997130938024,124.02237245700503,128.32870483398438,10616000,0.0,0.0
2021-10-04 00:00:00+08:00,129.62058538860745,130.91248491075305,123.1610877778795,124.02235412597656,8498000,0.0,0.0
2021-10-05 00:00:00+08:00,119.71602344840662,128.7593201837179,117.13222438117482,125.31425476074219,18944000,0.0,0.0
2021-10-06 00:00:00+08:00,126.17553864549471,129.6206045470782,124.8836389324009,128.32870483398438,13052000,0.0,0.0
2021-10-07 00:00:00+08:00,128.7593234761556,130.48185623168945,127.4674239095052,129.18995666503906,16526000,0.0,0.0
2021-10-08 00:00:00+08:00,130.0512286854439,131.77376151571468,124.02236377949616,126.60616302490234,12363000,0.0,0.0
2021-10-12 00:00:00+08:00,124.02235964511303,125.31425922474962,121.43856048583984,121.43856048583984,11311000,0.0,0.0
2021-10-13 00:00:00+08:00,121.86919933816661,124.02236540421195,117.13223399286684,118.85476684570312,15663000,0.0,0.0
2021-10-14 00:00:00+08:00,122.29982651679965,124.02235928464191,119.71602736503628,121.00792694091797,8951000,0.0,0.0
2021-10-15 00:00:00+08:00,125.31425364812216,127.4674195183648,122.73045460383098,124.02235412597656,17841000,0.0,0.0
2021-10-18 00:00:00+08:00,125.3142588605236,125.74489205248415,119.71602736503628,121.00792694091797,6898000,0.0,0.0
2021-10-19 00:00:00+08:00,122.29982251563841,125.74488793861414,120.57728980415055,125.31425476074219,8231000,0.0,0.0
2021-10-20 00:00:00+08:00,126.60616268639679,128.75932871847837,125.31426306714783,126.17552947998047,9259000,0.0,0.0
2021-10-21 00:00:00+08:00,125.74489385431463,127.46742664683948,122.73046146739613,123.16109466552734,6097000,0.0,0.0
2021-10-22 00:00:00+08:00,123.1610874082984,125.31425327207984,119.2853888534918,123.59172058105469,11161000,0.0,0.0
2021-10-25 00:00:00+08:00,122.29982687226423,122.29982687226423,119.28539451977885,121.43856048583984,7366000,0.0,0.0
2021-10-26 00:00:00+08:00,121.86918789002954,125.74488644483613,121.00792154451696,123.59172058105469,10770000,0.0,0.0
2021-10-27 00:00:00+08:00,123.5917392193071,129.18997130938024,122.2998395062133,128.32870483398438,13451000,0.0,0.0
2021-10-28 00:00:00+08:00,129.18995943936434,130.05122583562678,122.2998282692649,123.16109466552734,14537000,0.0,0.0
2021-10-29 00:00:00+08:00,124.4529800415039,124.88361319043645,120.57728170111105,124.4529800415039,12018000,0.0,0.0
2021-11-01 00:00:00+08:00,125.31425691855075,128.75932240084768,124.45299054797651,127.89805603027344,9803000,0.0,0.0
2021-11-02 00:00:00+08:00,129.18994758702533,140.38640971123417,129.18994758702533,136.080078125,53263000,0.0,0.0
2021-11-03 00:00:00+08:00,136.08007288765984,136.08007288765984,130.05120889896605,130.48184204101562,29937000,0.0,0.0
2021-11-04 00:00:00+08:00,131.77375086342417,132.20438403618044,123.1610874082984,123.59172058105469,17763000,0.0,0.0
2021-11-05 00:00:00+08:00,125.31424633936898,128.32867838189676,124.02234689257136,124.4529800415039,15320000,0.0,0.0
2021-11-08 00:00:00+08:00,124.88362511923147,130.48185659009357,124.45299192916515,129.62059020996094,12021000,0.0,0.0
2021-11-09 00:00:00+08:00,133.49629245770322,137.37199127099137,133.06565925622675,133.9269256591797,19937000,0.0,0.0
2021-11-10 00:00:00+08:00,130.91247717126623,132.635009765625,129.62057772549716,132.635009765625,7420000,0.0,0.0
2021-11-11 00:00:00+08:00,130.05122515111188,133.49629071802875,128.75932556351805,131.7737579345703,4473000,0.0,0.0
2021-11-12 00:00:00+08:00,131.77374346844562,135.64944180575284,131.77374346844562,132.635009765625,7824000,0.0,0.0
2021-11-15 00:00:00+08:00,133.92690880989795,134.78817510449537,131.77374307340443,132.20437622070312,6139000,0.0,0.0
2021-11-16 00:00:00+08:00,131.77375651984815,132.20438971108948,129.18995737240013,130.0512237548828,5979000,0.0,0.0
2021-11-17 00:00:00+08:00,130.91249257306836,134.78819136635,130.91249257306836,133.06565856933594,5722000,0.0,0.0
2021-11-18 00:00:00+08:00,133.0656595963698,135.21882560925604,132.2043931912153,134.35755920410156,3965000,0.0,0.0
2021-11-19 00:00:00+08:00,137.80262482471954,139.52515763502853,133.9269260015243,134.35755920410156,8161000,0.0,0.0
2021-11-22 00:00:00+08:00,136.08009438828614,138.66389364882323,134.3575615479281,137.3719940185547,6688000,0.0,0.0
2021-11-23 00:00:00+08:00,137.80260713558633,137.80260713558633,131.77374307340443,132.20437622070312,5127000,0.0,0.0
2021-11-24 00:00:00+08:00,130.91249013736547,132.6350229023308,129.18995737240013,130.0512237548828,5058000,0.0,0.0
2021-11-25 00:00:00+08:00,131.34310832511474,132.20437460921386,130.05120889896605,130.48184204101562,2660000,0.0,0.0
2021-11-26 00:00:00+08:00,130.05122158978435,131.34312114200077,127.46742248535156,127.46742248535156,5297000,0.0,0.0
2021-11-29 00:00:00+08:00,126.175523993961,130.0512226831953,125.3142576185756,128.7593231201172,3270000,0.0,0.0
2021-11-30 00:00:00+08:00,131.77377437468496,133.49630737304688,130.05124137632308,133.49630737304688,7630000,0.0,0.0
2021-12-01 00:00:00+08:00,130.91247984871032,136.51071089487226,130.48184669131325,135.64944458007812,6784000,0.0,0.0
2021-12-02 00:00:00+08:00,137.80263080018938,142.1089630126953,136.9413643576882,142.1089630126953,16706000,0.0,0.0
2021-12-03 00:00:00+08:00,143.40084652784392,144.6927460461128,138.66388162752477,141.2476806640625,12724000,0.0,0.0
2021-12-06 00:00:00+08:00,141.67832979144472,142.1089630126953,138.66389724269058,142.1089630126953,5009000,0.0,0.0
2021-12-07 00:00:00+08:00,139.95577965253665,140.81704598885997,138.23324697989005,139.525146484375,5636000,0.0,0.0
2021-12-08 00:00:00+08:00,141.2476925639986,142.10895898207178,136.51072726459623,136.9413604736328,8227000,0.0,0.0
2021-12-09 00:00:00+08:00,131.77374307340443,133.06564251530054,130.91247677880702,132.20437622070312,10528000,0.0,0.0
2021-12-10 00:00:00+08:00,132.63500936800185,134.78817510449537,131.3431099261057,132.20437622070312,5210000,0.0,0.0
2021-12-13 00:00:00+08:00,133.92692174275714,133.92692174275714,128.7593234761556,129.18995666503906,8860000,0.0,0.0
2021-12-14 00:00:00+08:00,129.18995807045386,131.77375723186293,127.8980584897493,130.91249084472656,4558000,0.0,0.0
2021-12-15 00:00:00+08:00,130.91247717126623,132.635009765625,129.18994457690746,132.635009765625,4009000,0.0,0.0
2021-12-16 00:00:00+08:00,134.35755886065616,134.35755886065616,133.06565925622675,133.9269256591797,3203000,0.0,0.0
2021-12-17 00:00:00+08:00,132.63502605475028,134.7881920621326,131.77375965179738,133.9269256591797,4936000,0.0,0.0
2021-12-20 00:00:00+08:00,133.49629176858946,135.2188245656035,133.06565856933594,133.06565856933594,2678000,0.0,0.0
2021-12-21 00:00:00+08:00,133.49629347491415,135.2188262939453,132.6350270653986,135.2188262939453,1750000,0.0,0.0
2021-12-22 00:00:00+08:00,135.21881180775316,136.5107112836234,134.35754549050634,136.080078125,2561000,0.0,0.0
2021-12-23 00:00:00+08:00,136.51072486803847,136.9413580695149,133.9269256591797,133.9269256591797,4248000,0.0,0.0
2021-12-24 00:00:00+08:00,134.7881924066788,136.08009201441055,134.35755920410156,134.35755920410156,3240000,0.0,0.0
2021-12-27 00:00:00+08:00,135.21881142268106,136.94134405226936,134.3575451078869,135.64944458007812,2408000,0.0,0.0
2021-12-28 00:00:00+08:00,136.51071281433104,137.8026123046875,136.0800796508789,137.8026123046875,3416000,0.0,0.0
2021-12-29 00:00:00+08:00,136.08009438828614,137.80262722864418,136.08009438828614,137.3719940185547,2106000,0.0,0.0
2021-12-30 00:00:00+08:00,136.94134444224684,137.37197760087025,135.21881180775316,136.080078125,2369000,0.0,0.0
2022-01-03 00:00:00+08:00,134.78817346151118,134.78817346151118,129.6205757569165,130.48184204101562,10768000,0.0,0.0
2022-01-04 00:00:00+08:00,130.9124897801599,132.20438935035884,129.18995701989462,129.62059020996094,8346000,0.0,0.0
2022-01-05 00:00:00+08:00,129.1899555861348,130.051221956709,127.03678965969921,127.89805603027344,7150000,0.0,0.0
2022-01-06 00:00:00+08:00,126.60616302490233,127.46742944003772,124.02236377949616,126.60616302490234,6785000,0.0,0.0
2022-01-07 00:00:00+08:00,126.60615989283512,128.32869268049274,122.29982792369107,122.73046112060547,7073000,0.0,0.0
2022-01-10 00:00:00+08:00,122.2998282692649,124.8836274580522,121.43856187300248,123.16109466552734,6978000,0.0,0.0
2022-01-11 00:00:00+08:00,122.73045898765646,123.16109217708683,119.28539347221347,120.14665985107422,8243000,0.0,0.0
2022-01-12 00:00:00+08:00,121.00792043981419,124.02235262158891,121.00792043981419,122.29981994628906,7622000,0.0,0.0
2022-01-13 00:00:00+08:00,121.86920001352433,122.73046644471532,119.28540071995138,119.71603393554688,6948000,0.0,0.0
2022-01-14 00:00:00+08:00,120.57730036673786,121.00793358233335,117.13223464197391,119.71603393554688,7670000,0.0,0.0
2022-01-17 00:00:00+08:00,121.00792694091797,122.29982651679965,120.14666055699684,121.00792694091797,6896000,0.0,0.0
2022-01-18 00:00:00+08:00,121.86918640136719,122.29981956886319,121.00792006637519,121.86918640136719,4476000,0.0,0.0
2022-01-19 00:00:00+08:00,119.285400390625,120.14666681943818,118.42413396181183,119.285400390625,4329000,0.0,0.0
2022-01-20 00:00:00+08:00,119.28539417307572,121.00792694091797,118.85476098111515,121.00792694091797,2523000,0.0,0.0
2022-01-21 00:00:00+08:00,118.85476684570312,120.57729969853939,115.40970114003056,118.85476684570312,9881000,0.0,0.0
2022-01-24 00:00:00+08:00,117.13223366477271,119.71603293678976,116.27096724076704,118.42413330078125,4737000,0.0,0.0
2022-01-25 00:00:00+08:00,117.13223464197391,120.14666715114237,116.70160142637842,119.71603393554688,5454000,0.0,0.0
2022-01-26 00:00:00+08:00,111.53399728358477,114.54842964260057,109.38083131285919,112.395263671875,13499000,0.0,0.0
2022-02-07 00:00:00+08:00,111.96463333932977,111.96463333932977,105.93576846721201,106.36640167236328,12534000,0.0,0.0
2022-02-08 00:00:00+08:00,106.36640167236328,107.65830128781708,105.07450205690948,106.36640167236328,10359000,0.0,0.0
2022-02-09 00:00:00+08:00,107.65829647288602,110.67272877412682,106.3663969152114,109.81146240234375,10208000,0.0,0.0
2022-02-10 00:00:00+08:00,110.67273089529454,113.25653006016522,109.38083131285919,112.395263671875,9631000,0.0,0.0
2022-02-11 00:00:00+08:00,112.3952643680935,114.11779715534398,110.67273158084303,113.25653076171875,7560000,0.0,0.0
2022-02-14 00:00:00+08:00,107.22766076364825,108.95019346667874,106.79702758789062,106.79702758789062,8453000,0.0,0.0
2022-02-15 00:00:00+08:00,107.22766293503169,112.82589433324618,107.22766293503169,109.38082885742188,10740000,0.0,0.0
2022-02-16 00:00:00+08:00,112.82589615634049,113.2565293477769,111.10336339059484,111.53399658203125,5284000,0.0,0.0
2022-02-17 00:00:00+08:00,111.96462172870488,111.96462172870488,109.81145592622978,111.10335540771484,3628000,0.0,0.0
2022-02-18 00:00:00+08:00,108.5195631980896,111.53399550914764,108.0889300107956,110.24209594726562,2931000,0.0,0.0
2022-02-21 00:00:00+08:00,109.3808361551036,110.24210258152173,108.51956972868545,108.95020294189453,3303000,0.0,0.0
2022-02-22 00:00:00+08:00,107.22767008905825,108.95020294189453,106.79703687584919,108.95020294189453,4368000,0.0,0.0
2022-02-23 00:00:00+08:00,108.08893517796773,108.95020159372844,106.79703555432668,107.22766876220703,3692000,0.0,0.0
2022-02-24 00:00:00+08:00,107.22766149902343,108.95019421386718,105.07449560546874,107.65829467773438,8288000,0.0,0.0
2022-02-25 00:00:00+08:00,108.08892822265625,108.5195614028262,106.79702868214642,108.08892822265625,4526000,0.0,0.0
2022-03-01 00:00:00+08:00,107.65829086303711,111.9646224975586,106.79702453613281,111.9646224975586,7148000,0.0,0.0
2022-03-02 00:00:00+08:00,111.10335875093268,114.97905731201172,110.24209240402622,114.97905731201172,5710000,0.0,0.0
2022-03-03 00:00:00+08:00,115.84033064932194,116.70159704820165,112.82589825324293,114.1177978515625,6029000,0.0,0.0
2022-03-04 00:00:00+08:00,111.96462796429012,112.82589433324618,108.5195624884658,109.38082885742188,7136000,0.0,0.0
2022-03-07 00:00:00+08:00,106.79703487751455,107.65830128781708,103.3519692363044,106.36640167236328,7541000,0.0,0.0
2022-03-08 00:00:00+08:00,105.07449265156895,106.79702531798812,102.921326818545,104.21322631835938,5933000,0.0,0.0
2022-03-09 00:00:00+08:00,104.21323463565014,106.36640064051895,104.21323463565014,105.07450103759766,5017000,0.0,0.0
2022-03-10 00:00:00+08:00,107.65829393940588,108.51956029092112,105.93576123637538,106.79702758789062,7189000,0.0,0.0
2022-03-11 00:00:00+08:00,107.22766876220703,107.65830197008738,105.93576913856599,107.22766876220703,3418000,0.0,0.0
2022-03-14 00:00:00+08:00,107.22766808266582,108.08893449296835,104.64386885175821,106.36640167236328,2711000,0.0,0.0
2022-03-15 00:00:00+08:00,105.50512223796272,105.93575538995441,99.47625811007913,100.3375244140625,7380000,0.0,0.0
2022-03-16 00:00:00+08:00,103.35197117017663,103.35197117017663,98.61500582487686,99.04563903808594,7049000,0.0,0.0
2022-03-17 00:00:00+08:00,103.35196890482088,107.65830094252175,102.49070249728071,105.9357681274414,8494000,0.0,0.0
2022-03-18 00:00:00+08:00,105.93576123637538,106.79702758789062,105.07449488486013,106.79702758789062,2528000,0.0,0.0
2022-03-21 00:00:00+08:00,107.65829393940588,108.0889271151635,105.93576123637538,106.79702758789062,2015000,0.0,0.0
2022-03-22 00:00:00+08:00,106.36640167236328,107.22766808266582,105.07450205690948,106.36640167236328,1341000,0.0,0.0
2022-03-23 00:00:00+08:00,106.79702832031249,107.65829467773438,106.36639514160156,107.65829467773438,1545000,0.0,0.0
2022-03-24 00:00:00+08:00,106.36640064051895,106.36640064051895,104.21323463565014,105.07450103759766,2653000,0.0,0.0
2022-03-25 00:00:00+08:00,105.07450103759766,106.36640064051895,104.6438678366239,105.07450103759766,3325000,0.0,0.0
2022-03-28 00:00:00+08:00,103.3519596084025,104.2132259384725,101.62942694826245,103.7825927734375,2603000,0.0,0.0
2022-03-29 00:00:00+08:00,104.64385948496417,105.07449265156895,103.78259315175458,104.21322631835938,1586000,0.0,0.0
2022-03-30 00:00:00+08:00,105.93576123637538,107.65829393940588,105.50512806061776,106.79702758789062,4075000,0.0,0.0
2022-03-31 00:00:00+08:00,107.22766876220703,107.65830197008738,106.36640234644634,107.22766876220703,2610000,0.0,0.0
2022-04-01 00:00:00+08:00,105.07450103759766,105.93576743954519,103.35196823370262,105.07450103759766,3883000,0.0,0.0
2022-04-06 00:00:00+08:00,102.06006586753716,102.49069905685167,97.75373397439213,101.62943267822266,13322000,0.0,0.0
2022-04-07 00:00:00+08:00,100.76817321777344,103.35197253104968,100.33753999889406,100.76817321777344,6679000,0.0,0.0
2022-04-08 00:00:00+08:00,101.19879071804587,102.06005702202924,99.04562495808744,100.3375244140625,4895000,0.0,0.0
2022-04-11 00:00:00+08:00,99.90690478943942,100.33753799973873,96.89247231734427,98.18437194824219,6025000,0.0,0.0
2022-04-12 00:00:00+08:00,96.46183051215279,99.0456295437283,94.73929782443577,96.89246368408203,6794000,0.0,0.0
2022-04-13 00:00:00+08:00,98.61500515854149,100.33753799973873,97.75373873794288,98.18437194824219,5146000,0.0,0.0
2022-04-14 00:00:00+08:00,99.04563699449811,99.90690340314592,96.03120456423078,96.46183776855469,5903000,0.0,0.0
2022-04-15 00:00:00+08:00,94.73929440533674,96.03119387450042,91.72486231062148,93.01676177978516,6957000,0.0,0.0
2022-04-18 00:00:00+08:00,92.15549546700936,94.73929440533674,91.29422915423358,93.01676177978516,2946000,0.0,0.0
2022-04-19 00:00:00+08:00,93.44739493617305,94.73929440533674,92.58612862339726,93.01676177978516,3496000,0.0,0.0
2022-04-20 00:00:00+08:00,94.30866969397309,94.73930288892274,93.44740330407379,93.87803649902344,3953000,0.0,0.0
2022-04-21 00:00:00+08:00,92.58613691417449,94.30866969397309,92.58613691417449,93.87803649902344,4385000,0.0,0.0
2022-04-22 00:00:00+08:00,92.15550159958174,93.01676796967129,90.86360204444742,91.29423522949219,5017000,0.0,0.0
2022-04-25 00:00:00+08:00,88.27980078539802,88.71043395996094,86.55726808714635,88.71043395996094,5389000,0.0,0.0
2022-04-26 00:00:00+08:00,89.57169955384497,90.00233272477692,87.41853369918523,87.84916687011719,2849000,0.0,0.0
2022-04-27 00:00:00+08:00,84.8347396850586,85.00699033523048,82.76769902829027,84.8347396850586,6783000,0.0,0.0
2022-04-28 00:00:00+08:00,86.04050994933591,90.86360021029117,85.78212741514834,89.14106750488281,7246000,0.0,0.0
2022-04-29 00:00:00+08:00,91.29423486790951,93.0167676012663,89.57170213455272,90.86360168457031,4414000,0.0,0.0
2022-05-03 00:00:00+08:00,89.57170104980469,90.00233422792874,87.41853515918439,89.57170104980469,3245000,0.0,0.0
2022-05-04 00:00:00+08:00,91.29423486790951,91.7248680512487,89.57170213455272,90.86360168457031,3768000,0.0,0.0
2022-05-05 00:00:00+08:00,92.1555026741915,93.44740224439045,90.43296991392623,92.58613586425781,4528000,0.0,0.0
2022-05-06 00:00:00+08:00,88.71043715366098,93.01676905432413,88.71043715366098,92.58613586425781,5521000,0.0,0.0
2022-05-09 00:00:00+08:00,90.00234678642235,90.4329800246349,85.69601440429688,85.69601440429688,8953000,0.0,0.0
2022-05-10 00:00:00+08:00,84.14572562830232,86.98790740966797,82.85382601330726,86.98790740966797,7710000,0.0,0.0
2022-05-11 00:00:00+08:00,86.98790052825329,88.71043321198108,86.55726735732134,87.84916687011719,3936000,0.0,0.0
2022-05-12 00:00:00+08:00,86.12664099967125,88.27980702466304,85.78213312148432,86.98790740966797,4168000,0.0,0.0
2022-05-13 00:00:00+08:00,88.71043469355656,90.00233422792874,88.2798015154325,89.57170104980469,3288000,0.0,0.0
2022-05-16 00:00:00+08:00,91.7248750896545,92.15550830603786,89.57170900773774,90.0023422241211,2798000,0.0,0.0
2022-05-17 00:00:00+08:00,90.8635952316712,92.1554946899414,90.43296207891446,92.1554946899414,3011000,0.0,0.0
2022-05-18 00:00:00+08:00,93.87803543445676,94.73930181458938,90.86360310399255,92.58613586425781,4746000,0.0,0.0
2022-05-19 00:00:00+08:00,89.57170284074238,92.58613514788274,88.7104364672737,91.72486877441406,3708000,0.0,0.0
2022-05-20 00:00:00+08:00,91.29423629405886,93.01676905432413,90.00233672385991,92.58613586425781,3679000,0.0,0.0
2022-05-23 00:00:00+08:00,92.58613514788274,93.87803470808575,90.86360240094538,91.72486877441406,6836000,0.0,0.0
2022-05-24 00:00:00+08:00,91.29424066350961,91.29424066350961,85.86825958060375,85.95439147949219,11273000,0.0,0.0
2022-05-25 00:00:00+08:00,86.04051567285983,86.98790740966797,85.17924926286312,86.98790740966797,7399000,0.0,0.0
2022-05-26 00:00:00+08:00,86.12663557100964,86.5572687488647,83.80121903896871,83.88734436035156,7507000,0.0,0.0
2022-05-27 00:00:00+08:00,85.00698816584983,85.43762135123092,84.14572179508767,84.57635498046875,6255000,0.0,0.0
2022-05-30 00:00:00+08:00,85.60987677298382,89.14106750488281,85.52375145190156,89.14106750488281,8352000,0.0,0.0
2022-05-31 00:00:00+08:00,88.71042946788752,92.1554946899414,88.27979631513078,92.1554946899414,10879000,0.0,0.0
2022-06-01 00:00:00+08:00,91.29423338664326,91.72486656299536,88.71043432853072,89.14106750488281,9103000,0.0,0.0
2022-06-02 00:00:00+08:00,88.27980702466304,89.14107343465975,86.55727420466961,86.98790740966797,5790000,0.0,0.0
2022-06-06 00:00:00+08:00,86.98790841451506,89.57170767435214,86.55727520454221,88.2798080444336,4796000,0.0,0.0
2022-06-07 00:00:00+08:00,87.41854095458984,87.8491741612627,86.55727454124413,87.41854095458984,3838000,0.0,0.0
2022-06-08 00:00:00+08:00,86.55726808714635,89.14106713452385,86.55726808714635,88.71043395996094,4013000,0.0,0.0
2022-06-09 00:00:00+08:00,88.71043321198108,88.71043321198108,87.84916687011719,87.84916687011719,2506000,0.0,0.0
2022-06-10 00:00:00+08:00,87.8491741612627,88.71044057460841,86.98790774791699,87.41854095458984,2867000,0.0,0.0
2022-06-13 00:00:00+08:00,83.11220772575167,84.40410732770636,82.33706665039062,82.33706665039062,12167000,0.0,0.0
2022-06-14 00:00:00+08:00,80.3561557232067,83.4567133708769,80.09777318134209,83.1122055053711,8757000,0.0,0.0
2022-06-15 00:00:00+08:00,82.59544627805282,83.88734583431764,81.82030523010573,82.25093841552734,4361000,0.0,0.0
2022-06-16 00:00:00+08:00,83.62896141794232,83.7150867389057,80.09777069091797,80.09777069091797,6411000,0.0,0.0
2022-06-17 00:00:00+08:00,78.37524672376026,78.97813060864334,77.5139802762464,78.0307388305664,8402000,0.0,0.0
2022-06-20 00:00:00+08:00,78.20298730579464,78.9781217650076,76.73883056640625,76.73883056640625,3954000,0.0,0.0
2022-06-21 00:00:00+08:00,77.60009910536876,77.94460696969928,76.65270740666558,76.9972152709961,3873000,0.0,0.0
2022-06-22 00:00:00+08:00,76.8249627932373,76.91109469283974,72.00187210786237,72.08799743652344,9524000,0.0,0.0
2022-06-23 00:00:00+08:00,71.82961527785532,73.03538948831608,71.05447424463479,71.485107421875,8439000,0.0,0.0
2022-06-24 00:00:00+08:00,72.34637672151415,72.77700991628507,71.31285968244038,71.57123565673828,5065000,0.0,0.0
2022-06-27 00:00:00+08:00,72.77700841567095,74.24115861932582,72.43250055276953,73.2076416015625,3617000,0.0,0.0
2022-06-28 00:00:00+08:00,73.6382751690307,73.6382751690307,71.14060136372919,71.31285858154297,3724000,0.0,0.0
2022-06-29 00:00:00+08:00,68.98743619567676,71.14060216040413,68.72906022247412,68.815185546875,6624000,0.0,0.0
2022-06-30 00:00:00+08:00,67.26489831656113,68.29842184372085,65.80074820009389,66.14525604248047,11308000,0.0,0.0
2022-07-01 00:00:00+08:00,66.14526521172486,66.74814909126941,63.04470077137724,63.13083267211914,10135000,0.0,0.0
2022-07-04 00:00:00+08:00,60.511846245659726,62.5289049891893,60.23678960109613,61.887115478515625,15122000,4.443495,0.0
2022-07-05 00:00:00+08:00,64.4542922347037,65.46282168037854,62.070486460404815,63.35407257080078,7832000,0.0,0.0
2022-07-06 00:00:00+08:00,61.428695717094115,62.52890836478085,59.870059967041016,59.870059967041016,9031000,0.0,0.0
2022-07-07 00:00:00+08:00,60.878590295895265,64.54597516920244,60.60353363240462,63.904178619384766,12093000,0.0,0.0
2022-07-08 00:00:00+08:00,65.00439635509537,67.47987827334357,64.72933969974277,65.82955932617188,10508000,0.0,0.0
2022-07-11 00:00:00+08:00,66.47135221328405,66.92977533199635,64.54597651368871,65.37113952636719,5969000,0.0,0.0
2022-07-12 00:00:00+08:00,63.81249235787823,63.81249235787823,61.24532726579728,62.25385665893555,7536000,0.0,0.0
2022-07-13 00:00:00+08:00,64.63766029617774,64.91271696777119,62.98733425658051,63.17070770263672,6139000,0.0,0.0
2022-07-14 00:00:00+08:00,62.620595900008425,65.00439453125,62.437222469924535,65.00439453125,5211000,0.0,0.0
2022-07-15 00:00:00+08:00,65.37114238429173,67.84662453556973,64.91271924553789,67.0214614868164,7992000,0.0,0.0
2022-07-18 00:00:00+08:00,67.02146228257733,67.66325888144209,66.47135590853756,66.92977905273438,6599000,0.0,0.0
2022-07-19 00:00:00+08:00,66.28799023806313,67.29651976830705,65.64619363155725,66.83809661865234,3295000,0.0,0.0
2022-07-20 00:00:00+08:00,68.76346821687659,69.49694800918263,67.38819885253906,67.38819885253906,7040000,0.0,0.0
2022-07-21 00:00:00+08:00,67.47988153654131,69.77199712538432,67.47988153654131,69.58863067626953,5803000,0.0,0.0
2022-07-22 00:00:00+08:00,70.32210003569864,70.78052313109427,68.39672443403322,68.94683074951172,6479000,0.0,0.0
2022-07-25 00:00:00+08:00,68.1216758633595,68.30504230645809,66.65471633864506,66.74640655517578,5381000,0.0,0.0
2022-07-26 00:00:00+08:00,66.19628955266917,66.28797976409814,64.54597067166347,65.09607696533203,5496000,0.0,0.0
2022-07-27 00:00:00+08:00,65.00439403621765,66.2879800571054,64.4542877401175,66.10460662841797,3742000,0.0,0.0
2022-07-28 00:00:00+08:00,66.92976957005874,67.29650943245254,65.18776046992402,66.10460662841797,4828000,0.0,0.0
2022-07-29 00:00:00+08:00,66.83808714576136,67.3881934483846,65.9212409763956,66.01292419433594,4601000,0.0,0.0
2022-08-01 00:00:00+08:00,66.19629130169035,66.56303117215299,64.72933881482105,64.8210220336914,6386000,0.0,0.0
2022-08-02 00:00:00+08:00,63.354066886325285,63.72080674138701,61.5203746059976,62.52890396118164,11927000,0.0,0.0
2022-08-03 00:00:00+08:00,60.78690707305889,65.64618783320198,60.60353363240462,63.904178619384766,17583000,0.0,0.0
2022-08-04 00:00:00+08:00,63.35407712900284,67.846625341128,63.17071066931694,66.92977905273438,12664000,0.0,0.0
2022-08-05 00:00:00+08:00,67.84662044822336,70.13873600390657,67.75493722499233,68.67178344726562,12883000,0.0,0.0
2022-08-08 00:00:00+08:00,68.30504589849892,69.13020892579928,67.11314297073373,67.29651641845703,6604000,0.0,0.0
2022-08-09 00:00:00+08:00,67.29651023044426,67.29651023044426,65.27944446085085,66.01292419433594,5538000,0.0,0.0
2022-08-10 00:00:00+08:00,64.63765795365988,65.27944750414335,64.3626012920347,64.54597473144531,4502000,0.0,0.0
2022-08-11 00:00:00+08:00,66.28798368341735,68.30504254445567,66.10461024469839,67.75493621826172,7612000,0.0,0.0
2022-08-12 00:00:00+08:00,68.30503978291085,70.59715521186759,68.21335656474882,70.23041534423828,9096000,0.0,0.0
2022-08-15 00:00:00+08:00,71.23894932121323,72.33916899494669,70.41379330964016,71.69737243652344,8731000,0.0,0.0
2022-08-16 00:00:00+08:00,71.7890606037746,71.88074382521994,69.68031153562497,69.86367797851562,6249000,0.0,0.0
2022-08-17 00:00:00+08:00,70.32210209867554,71.42232175689003,69.49694609874157,70.78052520751953,6763000,0.0,0.0
2022-08-18 00:00:00+08:00,69.86367955738616,69.95536977588505,68.94683333224997,69.68031311035156,7305000,0.0,0.0
2022-08-19 00:00:00+08:00,69.40525543158098,69.86367853745664,68.76346588134766,68.76346588134766,5984000,0.0,0.0
2022-08-22 00:00:00+08:00,67.57156627864777,68.67178598299057,67.47988305203133,68.30504608154297,2294000,0.0,0.0
2022-08-23 00:00:00+08:00,67.75493386445677,69.49694299937148,67.6632506457731,68.02998352050781,8058000,0.0,0.0
2022-08-24 00:00:00+08:00,69.3135706248245,69.863676940303,68.85514752942885,68.94683074951172,7778000,0.0,0.0
2022-08-25 00:00:00+08:00,69.68031209309896,69.68031209309896,68.48840921982968,68.76346588134766,3639000,0.0,0.0
2022-08-26 00:00:00+08:00,69.40525239081762,70.87221186133486,69.31356917265558,70.23041534423828,6757000,0.0,0.0
2022-08-29 00:00:00+08:00,68.30504686553817,68.30504686553817,66.10461442657814,67.11314392089844,6774000,0.0,0.0
2022-08-30 00:00:00+08:00,67.38820043927824,67.75494034406661,66.56303740224989,67.204833984375,4847000,0.0,0.0
2022-08-31 00:00:00+08:00,66.74641101960862,68.3050468751426,66.10461443587317,68.21336364746094,4639000,0.0,0.0
2022-09-01 00:00:00+08:00,66.92976705616918,67.29650690478819,66.10460414552162,66.47134399414062,4504000,0.0,0.0
2022-09-02 00:00:00+08:00,66.47134727901883,66.74640392782102,66.01292419433594,66.01292419433594,3841000,0.0,0.0
2022-09-05 00:00:00+08:00,66.01292750218532,66.37966738730486,64.63765817922312,65.55450439453125,3471000,0.0,0.0
2022-09-06 00:00:00+08:00,66.47134886201954,67.29651183309603,65.64618589094303,65.82955932617188,3916000,0.0,0.0
2022-09-07 00:00:00+08:00,65.18776279534289,66.5630320821433,63.90417672866625,65.82955932617188,4887000,0.0,0.0
2022-09-08 00:00:00+08:00,66.2879829137284,68.30504175134607,65.64618637813633,67.84661865234375,6927000,0.0,0.0
2022-09-12 00:00:00+08:00,69.03852254286564,70.50547508267142,68.305042775472,68.76346588134766,5248000,0.0,0.0
2022-09-13 00:00:00+08:00,69.40525211675234,69.68030876513349,68.48840594879006,69.22188568115234,4425000,0.0,0.0
2022-09-14 00:00:00+08:00,66.92977401072704,68.02998667592448,66.28798445519215,67.66325378417969,3588000,0.0,0.0
2022-09-15 00:00:00+08:00,67.84661719837509,69.58862633624852,67.84661719837509,69.13020324707031,3717000,0.0,0.0
2022-09-16 00:00:00+08:00,68.30504767432359,68.76347081307743,67.0214614868164,67.0214614868164,5244000,0.0,0.0
2022-09-19 00:00:00+08:00,67.20482369137864,67.57155654501683,66.28797756732152,66.47134399414062,2695000,0.0,0.0
2022-09-20 00:00:00+08:00,67.20482542090227,67.29650863667129,66.01292263096195,66.1962890625,3165000,0.0,0.0
2022-09-21 00:00:00+08:00,64.36260157332237,64.7293414587649,62.52890914109117,63.99586868286133,14674000,0.0,0.0
2022-09-22 00:00:00+08:00,62.620595739949806,63.44575169078427,62.34553909301758,62.34553909301758,6471000,0.0,0.0
2022-09-23 00:00:00+08:00,61.887116011451276,62.71227895726685,61.61205936451905,62.34553909301758,4539000,0.0,0.0
2022-09-26 00:00:00+08:00,61.88711692058689,62.16217357155976,58.95321195345526,59.04489517211914,7781000,0.0,0.0
2022-09-27 00:00:00+08:00,59.22826135265641,60.236790743548994,58.76983826634331,59.595001220703125,6463000,0.0,0.0
2022-09-28 00:00:00+08:00,59.59500479549034,59.87006146176986,58.0363655090332,58.0363655090332,5402000,0.0,0.0
2022-09-29 00:00:00+08:00,58.769840517546065,59.41163705995739,57.76131108802135,58.21973419189453,5963000,0.0,0.0
2022-09-30 00:00:00+08:00,57.027832636847876,59.7783676572359,56.936145921090905,59.595001220703125,4700000,0.0,0.0
2022-10-03 00:00:00+08:00,59.13658113697201,60.23679380199283,58.49478808404936,59.68668746948242,3389000,0.0,0.0
2022-10-04 00:00:00+08:00,60.69521421802788,62.16217369959642,60.60353099917515,61.70375061035156,4954000,0.0,0.0
2022-10-05 00:00:00+08:00,62.803970336914055,63.720816619204776,62.25386396653603,62.80397033691406,5873000,0.0,0.0
2022-10-06 00:00:00+08:00,62.7122853668225,63.44575817530506,62.16217901171512,63.07902526855469,3966000,0.0,0.0
2022-10-07 00:00:00+08:00,62.620596251789514,62.80396268792237,61.24532699584961,61.24532699584961,2561000,0.0,0.0
2022-10-11 00:00:00+08:00,58.86152506705763,58.86152506705763,55.92761993408203,55.92761993408203,6589000,0.0,0.0
2022-10-12 00:00:00+08:00,55.01077066817871,56.1109867810404,54.27729442543445,55.285823822021484,8106000,0.0,0.0
2022-10-13 00:00:00+08:00,55.01077066817871,56.84446302378467,55.01077066817871,55.285823822021484,3806000,0.0,0.0
2022-10-14 00:00:00+08:00,57.76131108802135,58.67815729576772,57.027834821322394,58.21973419189453,5176000,0.0,0.0
2022-10-17 00:00:00+08:00,56.5694104987666,58.49478609455906,56.019300687475436,58.40310287475586,2405000,0.0,0.0
2022-10-18 00:00:00+08:00,58.58647742525893,59.1365837823777,56.84446813189794,57.761314392089844,4852000,0.0,0.0
2022-10-19 00:00:00+08:00,57.76130879767132,58.95321161847288,57.48625564575195,57.48625564575195,3438000,0.0,0.0
2022-10-20 00:00:00+08:00,56.294358324805195,57.6696276308103,55.560878563609904,57.211204528808594,5335000,0.0,0.0
2022-10-21 00:00:00+08:00,57.94468102906877,59.961743385608926,57.39457120592651,58.21973419189453,7274000,0.0,0.0
2022-10-24 00:00:00+08:00,59.5950027939124,60.69521543211516,59.31994613687103,59.41163635253906,5005000,0.0,0.0
2022-10-25 00:00:00+08:00,60.053424714632,60.053424714632,57.394569396972656,57.394569396972656,4372000,0.0,0.0
2022-10-26 00:00:00+08:00,58.03636348982572,58.219733428468636,56.477724257596925,56.75278091430664,4433000,0.0,0.0
2022-10-27 00:00:00+08:00,57.11951736297483,59.5950027939124,56.93614742411081,59.41163635253906,4716000,0.0,0.0
2022-10-28 00:00:00+08:00,59.04489689949827,59.778369665248576,58.40310385760336,58.769840240478516,4993000,0.0,0.0
2022-10-31 00:00:00+08:00,59.87006019999307,61.15363929562813,59.31994687902781,60.87858963012695,5390000,0.0,0.0
2022-11-01 00:00:00+08:00,60.053422931854264,62.620594954414486,60.053422931854264,62.43722152709961,5574000,0.0,0.0
2022-11-02 00:00:00+08:00,60.05342535539107,61.06195476388992,58.76983929231011,60.51184844970703,17204000,0.0,0.0
2022-11-03 00:00:00+08:00,58.953214691129055,60.328484019895846,58.953214691129055,59.68668746948242,3625000,0.0,0.0
2022-11-04 00:00:00+08:00,58.953213762308266,60.053426409995,58.769840324372865,59.870059967041016,5045000,0.0,0.0
2022-11-07 00:00:00+08:00,60.23678960109613,61.887115478515625,60.14510638456861,61.887115478515625,5806000,0.0,0.0
2022-11-08 00:00:00+08:00,62.437226348372455,63.6291292355219,62.437226348372455,63.35407257080078,5296000,0.0,0.0
2022-11-09 00:00:00+08:00,63.99587372786761,66.92977905273438,63.81250027319965,66.92977905273438,11259000,0.0,0.0
2022-11-10 00:00:00+08:00,65.27944574400544,68.30504096037708,65.18776252426294,67.93830108642578,8557000,0.0,0.0
2022-11-11 00:00:00+08:00,73.16432976799604,74.72296551447722,71.33063736273279,74.17285919189453,21561000,0.0,0.0
2022-11-14 00:00:00+08:00,74.1728599800536,75.18138941466871,72.6142172220289,74.0811767578125,10520000,0.0,0.0
2022-11-15 00:00:00+08:00,74.90633197305779,80.13235952616643,74.72296553048474,78.39035034179688,20263000,0.0,0.0
2022-11-16 00:00:00+08:00,80.1323633143874,80.95752633493812,77.47350780149364,79.94898986816406,17484000,0.0,0.0
2022-11-17 00:00:00+08:00,78.39035369436829,83.79974792139707,78.11529702376379,83.15795135498047,13358000,0.0,0.0
2022-11-18 00:00:00+08:00,83.89142544371079,85.1750114943048,80.31572394383507,80.7741470336914,16379000,0.0,0.0
2022-11-21 00:00:00+08:00,80.68247005713204,81.14089318245665,76.28160525602304,76.74002838134766,11718000,0.0,0.0
2022-11-22 00:00:00+08:00,76.09823279466458,77.56518528086669,75.6398097055401,76.55665588378906,6033000,0.0,0.0
2022-11-23 00:00:00+08:00,78.66540666532545,79.3988794274726,76.28160095214844,76.28160095214844,8506000,0.0,0.0
2022-11-24 00:00:00+08:00,76.74002414172448,77.65687034172109,75.91486815771262,77.38182067871094,4956000,0.0,0.0
2022-11-25 00:00:00+08:00,76.92340087890625,77.93193034317453,76.28160431438522,76.92340087890625,3982000,0.0,0.0
2022-11-28 00:00:00+08:00,76.00654957583593,77.01507897291356,75.18138661641561,76.55665588378906,3425000,0.0,0.0
2022-11-29 00:00:00+08:00,75.73149448067288,77.01508055559574,75.54812803924735,76.373291015625,2772000,0.0,0.0
2022-11-30 00:00:00+08:00,75.91487455464274,76.28160746955885,74.99802827738851,75.45645141601562,6646000,0.0,0.0
2022-12-01 00:00:00+08:00,77.47350856940442,80.4074137882412,77.47350856940442,79.85730743408203,11859000,0.0,0.0
2022-12-02 00:00:00+08:00,80.04067559981726,80.77414835862983,78.84877274864749,79.5822525024414,5816000,0.0,0.0
2022-12-05 00:00:00+08:00,80.04067734054645,81.04920677771062,79.30719757080078,79.30719757080078,3934000,0.0,0.0
2022-12-06 00:00:00+08:00,78.8487706508719,79.03213708695124,77.5651846133731,77.7485580444336,4937000,0.0,0.0
2022-12-07 00:00:00+08:00,77.19844699702129,78.29866663051861,76.28160079993087,76.373291015625,5679000,0.0,0.0
2022-12-08 00:00:00+08:00,75.82318020743473,76.83171665355265,75.6398137599487,76.00655364990234,4306000,0.0,0.0
2022-12-09 00:00:00+08:00,76.00655128946127,77.01508070927696,75.45644496910558,76.28160095214844,5715000,0.0,0.0
2022-12-12 00:00:00+08:00,74.26454538584866,77.19845055371668,71.51400666785428,76.92340087890625,8436000,0.0,0.0
2022-12-13 00:00:00+08:00,77.29014156920866,79.76562364289191,76.6483449980814,76.83171844482422,9017000,0.0,0.0
2022-12-14 00:00:00+08:00,76.9233957540849,77.84024193233387,75.8231761431974,76.55665588378906,6008000,0.0,0.0
2022-12-15 00:00:00+08:00,76.28160332113139,77.01508310103867,75.82318020743473,76.00655364990234,3725000,0.0,0.0
2022-12-16 00:00:00+08:00,74.44791491505039,76.46498092199887,73.80612531896523,75.45645141601562,6181000,0.0,0.0
2022-12-19 00:00:00+08:00,74.63128056440901,79.12382825223231,74.63128056440901,77.565185546875,10849000,0.0,0.0
2022-12-20 00:00:00+08:00,76.3732889010274,78.02360781310787,74.53959655761719,74.53959655761719,7373000,0.0,0.0
2022-12-21 00:00:00+08:00,74.53959930908907,76.09823506052902,74.53959930908907,75.18138885498047,5279000,0.0,0.0
2022-12-22 00:00:00+08:00,76.28160332113139,77.47350621473534,75.73149698369171,76.00655364990234,5939000,0.0,0.0
2022-12-23 00:00:00+08:00,74.63127820953109,74.99801806951272,74.26453834954945,74.72296142578125,3251000,0.0,0.0
2022-12-26 00:00:00+08:00,74.99801777001463,74.99801777001463,72.98095204566114,73.71443176269531,2966000,0.0,0.0
2022-12-27 00:00:00+08:00,74.26454084073295,75.27307024327752,73.98948418777476,74.3562240600586,3721000,0.0,0.0
2022-12-28 00:00:00+08:00,73.8061248345412,73.89780806266846,71.14726924895885,71.33064270019531,6228000,0.0,0.0
2022-12-29 00:00:00+08:00,70.32210620584958,71.78906583581357,69.68031661397677,71.33064270019531,5269000,0.0,0.0
2022-12-30 00:00:00+08:00,71.9724340623425,72.52254043961875,71.05558776855469,71.05558776855469,2320000,0.0,0.0
2023-01-03 00:00:00+08:00,70.50547263808622,73.34769439697266,70.50547263808622,73.34769439697266,2512000,0.0,0.0
2023-01-04 00:00:00+08:00,73.25600791231929,74.26453726632255,72.61421141796745,73.80611419677734,3175000,0.0,0.0
2023-01-05 00:00:00+08:00,75.18138596943601,78.75708743283224,75.18138596943601,77.7485580444336,11893000,0.0,0.0
2023-01-06 00:00:00+08:00,84.34985410884053,84.34985410884053,80.31572925246486,83.24964141845703,30620000,0.0,0.0
2023-01-09 00:00:00+08:00,83.43300578943607,85.63343811035156,82.05773646323658,85.63343811035156,20483000,0.0,0.0
2023-01-10 00:00:00+08:00,85.5417581844536,86.64197088982372,83.70806567884885,84.07479858398438,12034000,0.0,0.0
2023-01-11 00:00:00+08:00,84.44153265475735,85.08332918440225,83.2496368053848,84.89995574951172,7659000,0.0,0.0
2023-01-12 00:00:00+08:00,83.89142837524415,83.98311159742298,80.40740997259661,82.51615905761719,11254000,0.0,0.0
2023-01-13 00:00:00+08:00,83.43300154404419,84.16648127868758,80.4074063823666,80.86582946777344,11915000,0.0,0.0
2023-01-16 00:00:00+08:00,80.59078070787395,82.3327898507481,80.49909748877135,81.8743667602539,6721000,0.0,0.0
2023-01-17 00:00:00+08:00,81.96605470657106,84.71659340816753,81.87437148218083,84.349853515625,9709000,0.0,0.0
2023-01-30 00:00:00+08:00,88.5673460614577,92.60147094726562,88.20060616366031,92.60147094726562,20576000,0.0,0.0
2023-01-31 00:00:00+08:00,92.60147171560678,92.60147171560678,87.55881731525194,91.4095687866211,24285000,0.0,0.0
2023-02-01 00:00:00+08:00,91.68461903025369,92.14304212540496,88.75071401927809,89.11744689941406,11724000,0.0,0.0
2023-02-02 00:00:00+08:00,89.48418994432092,90.85945927849075,88.75071716308594,88.75071716308594,10730000,0.0,0.0
2023-02-03 00:00:00+08:00,89.02576778180334,89.11745100606221,87.65049843297534,88.56734466552734,7228000,0.0,0.0
2023-02-06 00:00:00+08:00,88.20060170111691,88.20060170111691,85.81680297851562,85.81680297851562,7242000,0.0,0.0
2023-02-07 00:00:00+08:00,85.72512409173783,87.74218303708014,85.63344086603713,87.37545013427734,5051000,0.0,0.0
2023-02-08 00:00:00+08:00,87.83387008797895,89.66756251574485,87.65049664821348,87.74217987060547,9174000,0.0,0.0
2023-02-09 00:00:00+08:00,86.82533522013512,88.2006045657232,86.73365199609223,87.5588150024414,4004000,0.0,0.0
2023-02-10 00:00:00+08:00,88.93407824156905,90.58440414095145,88.65902159334495,90.49271392822266,11881000,0.0,0.0
2023-02-13 00:00:00+08:00,90.49271939038248,90.58440960864571,87.00870794080784,88.75071716308594,9440000,0.0,0.0
2023-02-14 00:00:00+08:00,88.75071401927809,89.85092664964861,88.10891748907753,89.11744689941406,5690000,0.0,0.0
2023-02-15 00:00:00+08:00,87.28375606261187,88.47565892907907,84.4415342213994,84.71659088134766,13398000,0.0,0.0
2023-02-16 00:00:00+08:00,85.08332839768185,86.00017457871299,84.53321509307818,84.99163818359375,6604000,0.0,0.0
2023-02-17 00:00:00+08:00,84.3498509997438,84.80827410300327,83.06626491162096,84.71659088134766,4871000,0.0,0.0
2023-02-20 00:00:00+08:00,84.25816800897968,86.00017720513559,84.25816800897968,85.7251205444336,3891000,0.0,0.0
2023-02-21 00:00:00+08:00,86.64197206999127,87.83387501286221,86.1835489373458,87.10039520263672,9439000,0.0,0.0
2023-02-22 00:00:00+08:00,85.45006796318793,85.5417581844536,82.14942285209577,84.07479858398438,14028000,0.0,0.0
2023-02-23 00:00:00+08:00,84.3498520069024,86.55028432781789,84.07479534366989,85.63343811035156,7225000,0.0,0.0
2023-02-24 00:00:00+08:00,86.18354261243665,87.742178351052,84.80827331542969,84.80827331542969,10363000,0.0,0.0
2023-03-01 00:00:00+08:00,82.51615957196974,85.63343811035156,82.4244763492194,85.63343811035156,5706000,0.0,0.0
2023-03-02 00:00:00+08:00,85.45006206422069,85.63343549911121,84.0747927799576,84.89995574951172,3424000,0.0,0.0
2023-03-03 00:00:00+08:00,85.90849189995278,86.45860525280878,83.89143292275364,83.98311614990234,5842000,0.0,0.0
2023-03-06 00:00:00+08:00,85.08332604240245,86.82532814215446,84.80826939771474,86.4585952758789,5850000,0.0,0.0
2023-03-07 00:00:00+08:00,86.55027770996094,87.0087007836419,85.63343156259901,86.55027770996094,3140000,0.0,0.0
2023-03-08 00:00:00+08:00,85.90848628738632,87.28375558971362,85.90848628738632,86.91702270507812,3156000,0.0,0.0
2023-03-09 00:00:00+08:00,87.65049362195046,87.9255502746112,85.81680125749551,86.09185791015625,5442000,0.0,0.0
2023-03-10 00:00:00+08:00,84.99164483678675,84.99164483678675,83.43300900501544,84.07479858398438,4639000,0.0,0.0
2023-03-13 00:00:00+08:00,83.43300401842272,85.266696414432,83.15794736102877,84.80827331542969,2831000,0.0,0.0
2023-03-14 00:00:00+08:00,84.349852509551,84.53321895614435,83.34132306332441,83.4330062866211,3368000,0.0,0.0
2023-03-15 00:00:00+08:00,84.53321561914909,85.35837858620856,83.89142608642578,83.89142608642578,2261000,0.0,0.0
2023-03-16 00:00:00+08:00,83.79974874803118,84.9916446774507,83.5246920747134,84.16648864746094,2570000,0.0,0.0
2023-03-17 00:00:00+08:00,85.45006342021846,88.01723558957359,85.45006342021846,87.92555236816406,9518000,0.0,0.0
2023-03-20 00:00:00+08:00,88.10891177437956,88.56733483979775,86.733642578125,86.733642578125,5261000,0.0,0.0
2023-03-21 00:00:00+08:00,87.10038826047031,87.55881135657805,85.54175253169653,85.90848541259766,4240000,0.0,0.0
2023-03-22 00:00:00+08:00,87.00870171944699,87.65049123151059,86.27522199567628,86.36690521240234,4507000,0.0,0.0
2023-03-23 00:00:00+08:00,86.3669108378841,90.12598592332893,86.00017794709277,89.8509292602539,10069000,0.0,0.0
2023-03-24 00:00:00+08:00,90.76777215173402,91.40956168208712,89.48418609604659,90.3093490600586,6540000,0.0,0.0
2023-03-27 00:00:00+08:00,91.68461500996291,92.14303808501272,90.58440242783576,90.76776885986328,8107000,0.0,0.0
2023-03-28 00:00:00+08:00,91.68461580059154,92.1430388795945,89.02576054337817,90.67608642578125,5089000,0.0,0.0
2023-03-29 00:00:00+08:00,90.67609016922688,91.04283004656584,87.65049492490712,88.0172348022461,6718000,0.0,0.0
2023-03-30 00:00:00+08:00,88.01723257211539,89.66755848083503,88.01723257211539,89.39250183105469,5320000,0.0,0.0
2023-03-31 00:00:00+08:00,89.02576604210245,89.48418914942016,88.65902615725199,88.84239959716797,3959000,0.0,0.0
2023-04-06 00:00:00+08:00,88.01723558957359,88.84239857222212,87.65049570895408,87.92555236816406,3006000,0.0,0.0
2023-04-07 00:00:00+08:00,88.47565963970442,88.8423995242539,87.55881342582148,87.74217987060547,2392000,0.0,0.0
2023-04-10 00:00:00+08:00,88.0172285602921,88.20059498846703,86.733642578125,86.733642578125,3400000,0.0,0.0
2023-04-11 00:00:00+08:00,87.00870513916016,87.46712823578905,86.27522538656139,87.00870513916016,2829000,0.0,0.0
2023-04-12 00:00:00+08:00,87.00870157027327,87.00870157027327,85.72511555336571,86.4585952758789,3941000,0.0,0.0
2023-04-13 00:00:00+08:00,86.45859699439322,87.10038651811315,85.72511725730084,86.18354034423828,3524000,0.0,0.0
2023-04-14 00:00:00+08:00,86.18353629861934,87.19206564354319,86.09185308453188,86.733642578125,4416000,0.0,0.0
2023-04-17 00:00:00+08:00,86.73364823156373,86.73364823156373,85.35837894566691,86.00017547607422,3162000,0.0,0.0
2023-04-18 00:00:00+08:00,86.64196828938617,86.73365151291831,84.44153594970703,84.44153594970703,3571000,0.0,0.0
2023-04-19 00:00:00+08:00,84.44153653248097,85.90848910406405,83.34132385253906,83.34132385253906,7717000,0.0,0.0
2023-04-20 00:00:00+08:00,83.7080601818521,83.79974340211528,82.79121398925781,82.79121398925781,6372000,0.0,0.0
2023-04-21 00:00:00+08:00,83.89142677633372,84.16648343260931,82.42447426448699,82.69952392578125,5525000,0.0,0.0
2023-04-24 00:00:00+08:00,82.3327923817838,82.60784204754701,81.23257273378658,81.50762939453125,5001000,0.0,0.0
2023-04-25 00:00:00+08:00,82.14942388835995,82.33279733822263,79.765625,79.765625,4322000,0.0,0.0
2023-04-26 00:00:00+08:00,79.30719654462492,79.49056298719796,77.65687058154188,78.39035034179688,6870000,0.0,0.0
2023-04-27 00:00:00+08:00,78.57371599624581,79.21551252877681,78.29866633514509,78.4820327758789,3793000,0.0,0.0
2023-04-28 00:00:00+08:00,80.59078207175929,80.59078207175929,79.21551277700225,79.49056243896484,4656000,0.0,0.0
2023-05-02 00:00:00+08:00,79.58225523939888,80.22404479980469,78.20698589997366,80.22404479980469,3406000,0.0,0.0
2023-05-03 00:00:00+08:00,78.84877068997582,82.05773228782368,78.20698116839871,80.86582946777344,4856000,0.0,0.0
2023-05-04 00:00:00+08:00,82.24109963666426,82.3327898507481,79.49056109369916,81.8743667602539,7540000,0.0,0.0
2023-05-05 00:00:00+08:00,82.14941328098004,82.97457621135993,82.05773006537805,82.24109649658203,3230000,0.0,0.0
2023-05-08 00:00:00+08:00,82.69951942181132,82.88289284766863,81.9660467033249,82.3327865600586,1807000,0.0,0.0
2023-05-09 00:00:00+08:00,81.9660527295627,82.69952550197486,81.87436950738386,82.51615905761719,1994000,0.0,0.0
2023-05-10 00:00:00+08:00,82.69952287945414,82.97457953224968,81.23257038616752,81.78267669677734,2399000,0.0,0.0
2023-05-11 00:00:00+08:00,81.87436950738386,82.69952550197486,81.78267929022356,82.51615905761719,2935000,0.0,0.0
2023-05-12 00:00:00+08:00,82.51615905761719,82.69952550197486,81.9660527295627,82.51615905761719,3216000,0.0,0.0
2023-05-15 00:00:00+08:00,82.05773595174153,82.69952550197486,81.59931284586588,82.51615905761719,2213000,0.0,0.0
2023-05-16 00:00:00+08:00,83.4330035260813,83.7080601818521,82.79121398925781,82.79121398925781,4435000,0.0,0.0
2023-05-17 00:00:00+08:00,82.97458058205684,83.43300367919528,82.33279104405557,82.69952392578125,3645000,0.0,0.0
2023-05-18 00:00:00+08:00,83.43300786852704,84.1664876587705,83.06626797340532,83.24964141845703,4340000,0.0,0.0
2023-05-19 00:00:00+08:00,83.43299913527868,83.61636556615504,82.05772991876309,82.3327865600586,2957000,0.0,0.0
2023-05-22 00:00:00+08:00,82.33278827544422,82.79121135716721,81.69099176404333,82.05773162841797,3168000,0.0,0.0
2023-05-23 00:00:00+08:00,82.60784227979602,83.34132204718965,82.14941917392038,82.51615905761719,2605000,0.0,0.0
2023-05-24 00:00:00+08:00,83.5246868996267,83.5246868996267,82.42447426448699,82.69952392578125,2274000,0.0,0.0
2023-05-25 00:00:00+08:00,82.69952298957156,83.06626286212686,82.24109989762276,82.88289642333984,2575000,0.0,0.0
2023-05-26 00:00:00+08:00,83.79974219690263,86.45859751618256,83.79974219690263,85.08332824707031,7847000,0.0,0.0
2023-05-29 00:00:00+08:00,86.55027942597476,87.55880880907257,86.18353956076254,86.27522277832031,5362000,0.0,0.0
2023-05-30 00:00:00+08:00,86.55028179143669,86.55028179143669,85.35837894566691,86.00017547607422,4123000,0.0,0.0
2023-05-31 00:00:00+08:00,86.0001736340123,86.0001736340123,85.0833274630526,85.17501068115234,4154000,0.0,0.0
2023-06-01 00:00:00+08:00,85.17501908778121,85.26670231492992,83.7080664684562,83.98311614990234,3647000,0.0,0.0
2023-06-02 00:00:00+08:00,83.89143118556056,84.34985430679313,81.9660554753801,84.25817108154297,5569000,0.0,0.0
2023-06-05 00:00:00+08:00,84.99163818359375,85.35837805500245,84.25816543575759,84.99163818359375,3686000,0.0,0.0
2023-06-06 00:00:00+08:00,85.35838018837566,85.35838018837566,83.34132133768703,83.70806121826172,3400000,0.0,0.0
2023-06-07 00:00:00+08:00,84.53321698505901,87.008705926237,84.44153376390014,86.91702270507812,5718000,0.0,0.0
2023-06-08 00:00:00+08:00,86.18353927776377,86.55027914177175,84.80827003396968,85.26669311523438,2225000,0.0,0.0
2023-06-09 00:00:00+08:00,86.09186121908473,86.27522766458539,85.1750150016184,85.63343811035156,3168000,0.0,0.0
2023-06-12 00:00:00+08:00,85.63343297924236,86.36690571227722,84.99163646848311,85.26669311523438,2381000,0.0,0.0
2023-06-13 00:00:00+08:00,85.90848595504272,86.36690905404504,84.6249068738213,84.80827331542969,4102000,0.0,0.0
2023-06-14 00:00:00+08:00,84.9916372499717,85.72511698473193,84.7165875956725,85.17501068115234,3362000,0.0,0.0
2023-06-15 00:00:00+08:00,85.45006033545155,85.6334337666322,84.80827081377222,85.17501068115234,2733000,0.0,0.0
2023-06-16 00:00:00+08:00,85.26669591126989,85.54175256704072,82.79121398925781,82.79121398925781,6726000,0.0,0.0
2023-06-19 00:00:00+08:00,82.51615628895327,83.06626259855004,81.8743667602539,81.8743667602539,3508000,0.0,0.0
2023-06-20 00:00:00+08:00,81.6909932134041,81.78267643237912,80.7741470336914,80.7741470336914,5723000,0.0,0.0
2023-06-21 00:00:00+08:00,81.04920289892488,82.24109872399394,80.86582946777344,80.86582946777344,3729000,0.0,0.0
2023-06-26 00:00:00+08:00,79.94899145488081,81.41595107385483,79.765625,79.765625,5246000,0.0,0.0
2023-06-27 00:00:00+08:00,79.3988850952565,80.5907880369274,79.12383541293528,79.765625,3992000,0.0,0.0
2023-06-28 00:00:00+08:00,79.9489888739299,80.59078543525773,79.03214263916016,79.03214263916016,4516000,0.0,0.0
2023-06-29 00:00:00+08:00,79.398883327053,79.67393999823062,78.8487769796795,78.94046020507812,4005000,0.0,0.0
2023-06-30 00:00:00+08:00,79.67393519111052,81.23257091379227,79.12382887692762,80.68246459960938,6710000,0.0,0.0
2023-07-03 00:00:00+08:00,81.59931253672245,82.05773564086134,80.40740966796875,80.40740966796875,5476000,0.0,0.0
2023-07-04 00:00:00+08:00,80.59077966460595,81.14088596708145,80.13235658004616,80.95751953125,5169000,0.0,0.0
2023-07-05 00:00:00+08:00,81.44056251558588,81.82698869296676,80.86090850830078,80.86090850830078,8542000,4.5,0.0
2023-07-06 00:00:00+08:00,79.79822046578789,81.343947261689,79.02536075314072,80.66769409179688,8672000,0.0,0.0
2023-07-07 00:00:00+08:00,79.21857523473894,80.86090860233833,77.76945495605469,77.76945495605469,8261000,0.0,0.0
2023-07-10 00:00:00+08:00,78.25249528884888,78.83214192797823,77.28641510009766,77.28641510009766,5193000,0.0,0.0
2023-07-11 00:00:00+08:00,78.05928592538979,78.83214569091797,77.57624580795694,78.83214569091797,3120000,0.0,0.0
2023-07-12 00:00:00+08:00,78.44570837835636,78.44570837835636,76.99658809522953,77.28641510009766,5612000,0.0,0.0
2023-07-13 00:00:00+08:00,76.4169430097304,77.18981012468728,76.4169430097304,76.99658966064453,4580000,0.0,0.0
2023-07-14 00:00:00+08:00,77.86605993985846,79.21857364697698,77.57624031229454,78.05928039550781,5652000,0.0,0.0
2023-07-17 00:00:00+08:00,77.86605971455893,79.41178650224761,77.67284663007536,78.54232025146484,3331000,0.0,0.0
2023-07-18 00:00:00+08:00,78.7355335637637,79.12196710445566,78.05928039550781,78.05928039550781,4004000,0.0,0.0
2023-07-19 00:00:00+08:00,78.542322293717,79.2185754776001,77.28641510009766,77.28641510009766,4595000,0.0,0.0
2023-07-20 00:00:00+08:00,78.44570972189888,78.44570972189888,76.51354931130425,77.47962951660156,6693000,0.0,0.0
2023-07-21 00:00:00+08:00,75.0644286677334,76.03050886871121,74.4847820212681,75.35425567626953,8177000,0.0,0.0
2023-07-24 00:00:00+08:00,74.87121267163803,75.25764621116137,74.1949595054272,74.96781921386719,7384000,0.0,0.0
2023-07-25 00:00:00+08:00,74.96782261463163,75.35425617168475,73.90513586069082,74.38817596435547,5743000,0.0,0.0
2023-07-26 00:00:00+08:00,74.2915669663692,74.6780005106713,72.93905324661523,73.03565979003906,5233000,0.0,0.0
2023-07-27 00:00:00+08:00,73.7119243302635,74.19496444416927,73.13227029709081,74.09835052490234,3757000,0.0,0.0
2023-07-28 00:00:00+08:00,74.09835026862426,75.16104441202727,73.90513717197308,74.58139038085938,3329000,0.0,0.0
2023-07-31 00:00:00+08:00,75.06442758212549,75.16104149731161,73.90513430596101,74.6780014038086,6639000,0.0,0.0
2023-08-01 00:00:00+08:00,75.06442398838524,76.51354419951706,74.87121090847695,75.74068450927734,6719000,0.0,0.0
2023-08-02 00:00:00+08:00,75.16104520218988,75.16104520218988,73.13227081298828,73.13227081298828,10504000,0.0,0.0
2023-08-04 00:00:00+08:00,73.22888340987882,73.7119235184648,72.64922938308993,72.93905639648438,6233000,0.0,0.0
2023-08-07 00:00:00+08:00,72.64922782160737,74.09834811621874,71.97297463236485,73.2288818359375,4163000,0.0,0.0
2023-08-08 00:00:00+08:00,75.06442716716668,75.06442716716668,71.97297353407981,72.069580078125,6726000,0.0,0.0
2023-08-09 00:00:00+08:00,72.0695819075588,72.55262201065318,71.48993525796696,71.7797622680664,3088000,0.0,0.0
2023-08-10 00:00:00+08:00,71.10350326352636,71.68314992585314,69.75098947102576,71.48993682861328,8789000,0.0,0.0
2023-08-11 00:00:00+08:00,71.68314749154558,71.77976140749178,70.04081410895763,70.13742065429688,3909000,0.0,0.0
2023-08-14 00:00:00+08:00,69.55776977539062,70.33063683224869,69.1713362469616,69.55776977539062,5895000,0.0,0.0
2023-08-15 00:00:00+08:00,69.75098918115506,70.52385630811702,69.26794906945563,69.36456298828125,2175000,0.0,0.0
2023-08-16 00:00:00+08:00,68.59169139612139,69.26794456023484,68.30186439972609,68.78490447998047,4248000,0.0,0.0
2023-08-17 00:00:00+08:00,68.4950895674085,68.97812968090135,67.91544290533851,68.88152313232422,4557000,0.0,0.0
2023-08-18 00:00:00+08:00,68.59169345353531,68.78490654318983,67.72221980887616,68.01204681396484,9130000,0.0,0.0
2023-08-21 00:00:00+08:00,68.01204592317578,68.49508601159236,65.98327902594751,66.36970520019531,9790000,0.0,0.0
2023-08-22 00:00:00+08:00,66.5629243207832,67.14257094111755,65.69345070497833,66.1764907836914,7148000,0.0,0.0
2023-08-23 00:00:00+08:00,65.69345383463511,66.36970702880765,65.59684728841145,66.07988739013672,5288000,0.0,0.0
2023-08-24 00:00:00+08:00,66.17648923445904,67.14256936926867,66.07988269509939,66.46631622314453,7796000,0.0,0.0
2023-08-25 00:00:00+08:00,65.69344959119725,66.17648966172077,64.34093591961012,65.50023651123047,9035000,0.0,0.0
2023-08-28 00:00:00+08:00,65.69344937757324,67.43239657404573,65.50023629823475,65.9832763671875,7254000,0.0,0.0
2023-08-29 00:00:00+08:00,66.36970386693397,66.5629243207832,65.8866637882209,66.1764907836914,4078000,0.0,0.0
2023-08-30 00:00:00+08:00,66.65953196970028,67.23917859966326,66.27309842618935,66.85274505615234,5125000,0.0,0.0
2023-08-31 00:00:00+08:00,66.949356505093,67.14256958443147,65.9832763671875,65.9832763671875,6228000,0.0,0.0
2023-09-01 00:00:00+08:00,65.69345464801688,68.01204863912714,65.69345464801688,67.23918151855469,6856000,0.0,0.0
2023-09-04 00:00:00+08:00,67.23918257725498,69.07473648956055,67.23918257725498,68.39848327636719,9420000,0.0,0.0
2023-09-05 00:00:00+08:00,67.72221667548321,68.10865020751953,67.33578314344689,68.10865020751953,3390000,0.0,0.0
2023-09-06 00:00:00+08:00,68.30186961764934,68.59169663618599,67.62561640187351,67.91544342041016,4321000,0.0,0.0
2023-09-07 00:00:00+08:00,67.62561350317668,68.20526014479681,67.43240041283894,67.52900695800781,4490000,0.0,0.0
2023-09-08 00:00:00+08:00,67.43239905672213,67.43239905672213,66.4663188832482,66.85274505615234,2836000,0.0,0.0
2023-09-11 00:00:00+08:00,67.23918043776939,67.23918043776939,66.17649369201895,66.56292724609375,3489000,0.0,0.0
2023-09-12 00:00:00+08:00,66.9493626783528,68.88152313232422,66.56292911343706,68.88152313232422,5892000,0.0,0.0
2023-09-13 00:00:00+08:00,68.9781265258789,69.94420670867663,68.49508643448004,68.9781265258789,5983000,0.0,0.0
2023-09-14 00:00:00+08:00,69.55777608471816,69.75098918115506,69.17134252123718,69.36456298828125,5081000,0.0,0.0
2023-09-15 00:00:00+08:00,69.65437631484626,69.7509828543019,69.07472970750597,69.55776977539062,4552000,0.0,0.0
2023-09-18 00:00:00+08:00,69.07473147637577,69.36455847277107,68.59169139612139,68.78490447998047,2835000,0.0,0.0
2023-09-19 00:00:00+08:00,68.78490654318983,69.26794663793304,67.91544026913759,68.01204681396484,3886000,0.0,0.0
2023-09-20 00:00:00+08:00,68.39848407127214,68.59169717139935,66.9493637084961,66.9493637084961,3627000,0.0,0.0
2023-09-21 00:00:00+08:00,67.1425749711349,67.72222162626069,66.85274795826845,67.23918151855469,3719000,0.0,0.0
2023-09-22 00:00:00+08:00,66.46631755705154,67.23917725804579,66.07988402125109,66.65953063964844,3754000,0.0,0.0
2023-09-25 00:00:00+08:00,66.65953042009751,67.52900403013315,66.3697034265501,67.14257049560547,4913000,0.0,0.0
2023-09-26 00:00:00+08:00,66.65953108843635,66.85274417233407,65.69345092773438,65.69345092773438,4287000,0.0,0.0
2023-09-27 00:00:00+08:00,65.01719644070695,65.88666267116405,65.01719644070695,65.50023651123047,5536000,0.0,0.0
2023-09-28 00:00:00+08:00,65.69345092773438,66.46631800453864,65.50023784383666,65.69345092773438,4931000,0.0,0.0
2023-10-02 00:00:00+08:00,66.17649500528593,66.94936212877299,65.98328190971773,66.75614166259766,6157000,0.0,0.0
2023-10-03 00:00:00+08:00,66.17649500528593,67.0459686765571,65.98328190971773,66.75614166259766,3352000,0.0,0.0
2023-10-04 00:00:00+08:00,65.98327704841005,68.10865042550223,65.98327704841005,67.6256103515625,4777000,0.0,0.0
2023-10-05 00:00:00+08:00,67.91543956872026,69.65437946949783,67.43239947895869,69.46116638183594,8614000,0.0,0.0
2023-10-06 00:00:00+08:00,69.84759878239885,69.84759878239885,68.20525808177665,68.30186462402344,5053000,0.0,0.0
2023-10-11 00:00:00+08:00,67.91544316105558,69.26794958744232,67.91544316105558,68.39848327636719,7486000,0.0,0.0
2023-10-12 00:00:00+08:00,69.07473017956224,71.68314361572266,68.78490318860815,71.68314361572266,11402000,0.0,0.0
2023-10-13 00:00:00+08:00,71.29671859514903,74.38817215192127,71.29671859514903,72.84244537353516,15233000,0.0,0.0
2023-10-16 00:00:00+08:00,72.6492244259841,73.51869803623313,70.13741750684758,70.23402404785156,8495000,0.0,0.0
2023-10-17 00:00:00+08:00,71.10350300889031,73.1322700050722,71.00689646061635,71.97297668457031,6494000,0.0,0.0
2023-10-18 00:00:00+08:00,71.68314992585314,72.55262360464691,70.81368361766658,71.48993682861328,8155000,0.0,0.0
2023-10-19 00:00:00+08:00,71.10350300889031,72.26280369999938,71.00689646061635,71.97297668457031,5506000,0.0,0.0
2023-10-20 00:00:00+08:00,71.48993391555152,71.77976092020867,70.52385372750352,71.10350036621094,7136000,0.0,0.0
2023-10-23 00:00:00+08:00,70.71707021535138,71.87637091908613,70.52385711669922,70.52385711669922,4768000,0.0,0.0
2023-10-24 00:00:00+08:00,70.8136828083818,72.45601622797301,70.04081568704056,70.33064270019531,5349000,0.0,0.0
2023-10-25 00:00:00+08:00,71.00689204007033,71.9729722038808,69.84759879174044,71.8763656616211,4902000,0.0,0.0
2023-10-26 00:00:00+08:00,70.0408164564642,70.33064347280279,68.88152313232422,68.88152313232422,6491000,0.0,0.0
2023-10-27 00:00:00+08:00,69.07473597301872,70.13742274463604,69.07473597301872,69.36456298828125,3730000,0.0,0.0
2023-10-30 00:00:00+08:00,69.17134009310577,69.46116709819447,67.81882635370341,68.01204681396484,6406000,0.0,0.0
2023-10-31 00:00:00+08:00,68.30186802748274,68.68830158633244,67.43240173332975,67.72222137451172,6372000,0.0,0.0
2023-11-01 00:00:00+08:00,68.59169429569552,69.55777449704334,68.30186728704837,69.17134094238281,4770000,0.0,0.0
2023-11-02 00:00:00+08:00,70.42724609375,70.62045918012903,69.65437900702027,70.42724609375,4486000,0.0,0.0
2023-11-03 00:00:00+08:00,70.42724472226539,70.52385126357362,68.59169095498255,69.75098419189453,7346000,0.0,0.0
2023-11-06 00:00:00+08:00,70.33064087522665,71.29672106653138,70.13742041460155,70.6204605102539,7672000,0.0,0.0
2023-11-07 00:00:00+08:00,70.52385104147011,71.20010419910457,69.84759788383565,70.23402404785156,5268000,0.0,0.0
2023-11-08 00:00:00+08:00,66.17649165615664,67.81882499719082,66.17649165615664,67.33578491210938,22132000,0.0,0.0
2023-11-09 00:00:00+08:00,67.04596485754871,67.2391779421113,65.21041107177734,65.21041107177734,22433000,0.0,0.0
2023-11-10 00:00:00+08:00,65.21041528890366,65.98328241834837,64.9205882727101,65.7900619506836,7276000,0.0,0.0
2023-11-13 00:00:00+08:00,66.6595337919607,66.6595337919607,66.17649369201895,66.56292724609375,6707000,0.0,0.0
2023-11-14 00:00:00+08:00,66.75613761703343,68.97812493444623,66.65953107510389,68.78490447998047,13857000,0.0,0.0
2023-11-15 00:00:00+08:00,69.07473439636944,69.46116795102996,68.59169429569552,69.17134094238281,10439000,0.0,0.0
2023-11-16 00:00:00+08:00,69.1713389204659,70.42724609375,69.07473237727638,70.42724609375,11524000,0.0,0.0
2023-11-17 00:00:00+08:00,71.0068954010053,71.77976251687812,70.04081519146781,71.29672241210938,15042000,0.0,0.0
2023-11-20 00:00:00+08:00,72.06958151882357,75.93390232273482,71.68314796431103,75.35425567626953,31116000,0.0,0.0
2023-11-21 00:00:00+08:00,76.32033696138363,78.44571048548312,75.54746984137995,76.03050994873047,38965000,0.0,0.0
2023-11-22 00:00:00+08:00,76.32033137725438,79.5083988007494,75.83729130524644,78.3490982055664,38312000,0.0,0.0
2023-11-23 00:00:00+08:00,79.70161703824897,83.85576487454598,79.50840394518694,80.57109069824219,62617000,0.0,0.0
2023-11-24 00:00:00+08:00,82.11681343658626,84.62862037346639,82.02020689489984,82.599853515625,66044000,0.0,0.0
2023-11-27 00:00:00+08:00,81.63377760917166,82.69646436428206,76.99658966064453,76.99658966064453,48468000,0.0,0.0
2023-11-28 00:00:00+08:00,77.47962547805241,78.54231954497321,76.41693878173828,76.41693878173828,36239000,0.0,0.0
2023-11-29 00:00:00+08:00,76.89998178919426,78.83214217269465,76.61016215403336,76.80337524414062,31597000,0.0,0.0
2023-11-30 00:00:00+08:00,77.57624076965485,78.34910048498853,77.09320068359375,77.09320068359375,35001000,0.0,0.0
2023-12-01 00:00:00+08:00,75.45086485859885,77.0932056800109,75.16104521054304,76.2237319946289,26856000,0.0,0.0
2023-12-04 00:00:00+08:00,76.80337763380321,78.92875117353981,76.61016453768431,78.15589141845703,21940000,0.0,0.0
2023-12-05 00:00:00+08:00,78.25249490017163,78.25249490017163,74.87121425633705,75.16104125976562,27067000,0.0,0.0
2023-12-06 00:00:00+08:00,75.83729602444556,76.416942672804,74.8712158203125,74.8712158203125,11408000,0.0,0.0
2023-12-07 00:00:00+08:00,75.74069081400106,76.41694402057854,74.96782368882064,75.0644302368164,9691000,0.0,0.0
2023-12-08 00:00:00+08:00,75.8372968540331,76.6101639740368,75.64408375933573,76.03050994873047,8167000,0.0,0.0
2023-12-11 00:00:00+08:00,76.32033246300642,76.51354554631567,75.45085884690147,75.93389892578125,6709000,0.0,0.0
2023-12-12 00:00:00+08:00,76.61015901441175,77.093199090491,76.03050502663135,76.89997863769531,7853000,0.0,0.0
2023-12-13 00:00:00+08:00,77.28641851532946,77.67285208202756,76.32033828388784,76.70677185058594,9654000,0.0,0.0
2023-12-14 00:00:00+08:00,77.28641510009766,77.3830216448514,76.51354800085392,77.28641510009766,6449000,0.0,0.0
2023-12-15 00:00:00+08:00,77.6728473127457,77.76945385583657,76.70676714062351,77.09320068359375,7646000,0.0,0.0
2023-12-18 00:00:00+08:00,76.70677211199587,76.70677211199587,75.64408532790999,76.2237319946289,4431000,0.0,0.0
2023-12-19 00:00:00+08:00,75.83729762091355,76.22373118482308,73.8085306236475,74.58139038085938,10351000,0.0,0.0
2023-12-20 00:00:00+08:00,74.96782343614538,75.93390365406118,74.77461034080507,75.54747009277344,5618000,0.0,0.0
2023-12-21 00:00:00+08:00,74.5813843457403,75.25764487051084,74.29156472421573,74.77460479736328,4310000,0.0,0.0
2023-12-22 00:00:00+08:00,75.16104390209281,75.64408401105072,74.87121688847522,75.54747009277344,5388000,0.0,0.0
2023-12-25 00:00:00+08:00,75.83729577675844,75.83729577675844,75.25764913029316,75.35425567626953,2046000,0.0,0.0
2023-12-26 00:00:00+08:00,75.83729553222656,76.03050862355633,75.45086197896006,75.83729553222656,2458000,0.0,0.0
2023-12-27 00:00:00+08:00,76.22372790211797,78.34910135617677,75.54746735174881,78.25249481201172,20911000,0.0,0.0
2023-12-28 00:00:00+08:00,78.44570474584668,78.83213827757434,77.76945159327819,78.3490982055664,9785000,0.0,0.0
2023-12-29 00:00:00+08:00,78.54232158021647,78.73553466796875,77.96266757574595,78.73553466796875,7131000,0.0,0.0
2024-01-02 00:00:00+08:00,78.83214353071182,79.50840409895085,76.89998311392668,76.99658966064453,8879000,0.0,0.0
2024-01-03 00:00:00+08:00,75.83729420366761,76.03050729161255,74.96782056670163,75.64408111572266,7489000,0.0,0.0
2024-01-04 00:00:00+08:00,75.64408244089681,76.41694217682283,75.35425543329518,75.83729553222656,4554000,0.0,0.0
2024-01-05 00:00:00+08:00,75.93389892578125,77.09319953745674,75.83729238412663,75.93389892578125,5022000,0.0,0.0
2024-01-08 00:00:00+08:00,76.12711960461796,76.70676622686497,75.45085906982422,75.45085906982422,3789000,0.0,0.0
2024-01-09 00:00:00+08:00,75.83729238412663,76.2237259213518,75.25764576359222,75.93389892578125,3793000,0.0,0.0
2024-01-10 00:00:00+08:00,76.22372569899267,76.41693878173828,75.45085862679694,76.41693878173828,3079000,0.0,0.0
2024-01-11 00:00:00+08:00,76.51355138193327,76.70677185058594,75.93390471718975,76.70677185058594,2973000,0.0,0.0
2024-01-12 00:00:00+08:00,76.03050911702937,76.1271230339283,74.8712158203125,74.8712158203125,7016000,0.0,0.0
2024-01-15 00:00:00+08:00,75.25764780403952,75.45086089258733,74.67800116778926,75.16104125976562,3376438,0.0,0.0
2024-01-16 00:00:00+08:00,74.48478301355269,74.67800347868653,72.64922913312023,73.4220962524414,9173000,0.0,0.0
2024-01-17 00:00:00+08:00,70.620458723927,71.87636588909805,70.52385218136155,71.39332580566406,12475000,0.0,0.0
2024-01-18 00:00:00+08:00,71.00689111709663,71.58653773372711,69.5577708902171,70.23402404785156,8924000,0.0,0.0
2024-01-19 00:00:00+08:00,72.45601228578604,73.61530553411593,71.48993212197556,71.8763656616211,14949000,0.0,0.0
2024-01-22 00:00:00+08:00,72.16619030151796,72.6492304169782,70.7170699551372,71.00689697265625,7532000,0.0,0.0
2024-01-23 00:00:00+08:00,71.20010490226153,72.45601205953616,71.10349836030349,72.35940551757812,6751000,0.0,0.0
2024-01-24 00:00:00+08:00,71.97297643025716,72.7458435549323,71.39332977205437,72.45601654052734,3621000,0.0,0.0
2024-01-25 00:00:00+08:00,72.74584149866187,73.71192169189453,72.55262103765118,73.71192169189453,6105000,0.0,0.0
2024-01-26 00:00:00+08:00,72.93905531779997,73.42209541924235,72.16618820724935,72.26280212402344,3958000,0.0,0.0
2024-01-29 00:00:00+08:00,71.97297039202425,72.26279738211394,71.00689025253399,72.16618347167969,4127000,0.0,0.0
2024-01-30 00:00:00+08:00,71.77976116218373,71.87636770719281,70.6204605102539,70.6204605102539,5437000,0.0,0.0
2024-01-31 00:00:00+08:00,70.4272503082254,71.5865436370871,69.75098972421672,71.00689697265625,8386000,0.0,0.0
2024-02-01 00:00:00+08:00,70.71707047915471,70.91029094913493,69.84760416136926,70.04081726074219,5956000,0.0,0.0
2024-02-02 00:00:00+08:00,71.00689430356395,71.68314749154558,70.04081410895763,70.13742065429688,7918000,0.0,0.0
2024-02-05 00:00:00+08:00,70.04081674173575,71.20011007059746,69.55777662627551,71.00689697265625,9881000,0.0,0.0
2024-02-15 00:00:00+08:00,73.13226568366235,73.13226568366235,70.4272456387961,71.39332580566406,9204000,0.0,0.0
2024-02-16 00:00:00+08:00,71.87636856874813,72.64922830869173,71.00689491203043,72.26280212402344,7534000,0.0,0.0
2024-02-19 00:00:00+08:00,72.26280188016814,72.84244852582154,71.68314786390773,72.74584197998047,4426000,0.0,0.0
2024-02-20 00:00:00+08:00,72.45601546415571,72.64922855715064,71.7797622680664,71.7797622680664,4775000,0.0,0.0
2024-02-21 00:00:00+08:00,71.77976410563554,71.97297720357675,71.00689697265625,71.00689697265625,4932000,0.0,0.0
2024-02-22 00:00:00+08:00,71.10350194783763,71.68314859943871,71.10350194783763,71.29672241210938,3924000,0.0,0.0
2024-02-23 00:00:00+08:00,71.6831458964273,71.77975981022362,70.42724609375,70.42724609375,4610000,0.0,0.0
2024-02-26 00:00:00+08:00,70.42724472226539,70.71706434619006,69.75098419189453,69.75098419189453,5243000,0.0,0.0
2024-02-27 00:00:00+08:00,69.7509828543019,71.10349651850024,69.55776977539062,69.55776977539062,8225000,0.0,0.0
2024-02-29 00:00:00+08:00,69.75098419189453,69.75098419189453,69.07473103213032,69.75098419189453,7606000,0.0,0.0
2024-03-01 00:00:00+08:00,69.75098710233296,70.91028775822471,69.75098710233296,70.13742065429688,5232000,0.0,0.0
2024-03-04 00:00:00+08:00,70.6204634061666,71.20011007059746,70.52385685719601,71.00689697265625,7737000,0.0,0.0
2024-03-05 00:00:00+08:00,71.00689430356395,71.00689430356395,70.13742065429688,70.13742065429688,4649000,0.0,0.0
2024-03-06 00:00:00+08:00,70.04081568704056,70.33064270019531,69.46116903133822,70.33064270019531,4132000,0.0,0.0
2024-03-07 00:00:00+08:00,70.33064087522665,71.00689406089718,70.13742041460155,70.6204605102539,6333000,0.0,0.0
2024-03-08 00:00:00+08:00,71.48993053549098,73.90513089141973,70.81367738407356,71.68314361572266,25194000,0.0,0.0
2024-03-11 00:00:00+08:00,71.48993234822952,71.48993234822952,70.81367917966463,71.39332580566406,7046000,0.0,0.0
2024-03-12 00:00:00+08:00,71.39332819656534,78.44570922851562,71.39332819656534,78.44570922851562,48832000,0.0,0.0
2024-03-13 00:00:00+08:00,80.76430244185231,83.08289637289161,79.41178870119549,79.89482879638672,62953000,0.0,0.0
2024-03-14 00:00:00+08:00,80.76430429311743,80.76430429311743,78.44571030893174,79.60501098632812,20874000,0.0,0.0
2024-03-15 00:00:00+08:00,79.6050102488343,81.73038374846004,78.8321431377302,81.05413055419922,23363000,0.0,0.0
2024-03-18 00:00:00+08:00,81.05413055419922,81.05413055419922,81.05413055419922,81.05413055419922,0,0.0,0.0
2024-03-19 00:00:00+08:00,81.92360394167731,88.49294488199419,81.5371703873982,87.72008514404297,53621000,0.0,0.0
2024-03-20 00:00:00+08:00,87.72008514404297,87.72008514404297,87.72008514404297,87.72008514404297,0,0.0,0.0
2024-03-21 00:00:00+08:00,87.81669218442481,87.81669218442481,86.46417842213592,86.7540054321289,21591000,0.0,0.0
2024-03-22 00:00:00+08:00,87.81668994546413,88.49294312406342,83.27610867144644,84.91844940185547,29526000,0.0,0.0
2024-03-25 00:00:00+08:00,84.91844940185547,84.91844940185547,84.91844940185547,84.91844940185547,0,0.0,0.0
2024-03-26 00:00:00+08:00,84.33880557436834,85.40149233494037,80.57109126815197,82.21342468261719,18712000,0.0,0.0
2024-03-27 00:00:00+08:00,82.88968161618932,83.27610778808594,81.53716790273084,83.27610778808594,8349000,0.0,0.0
2024-03-28 00:00:00+08:00,83.276105549661,83.85575953313862,81.92359924316406,81.92359924316406,8562000,0.0,0.0
2024-03-29 00:00:00+08:00,82.21342625977314,83.27611304073142,80.86091246100479,82.40664672851562,10468000,0.0,0.0
2024-04-01 00:00:00+08:00,83.08289860363139,83.08289860363139,81.44056518412803,81.73038482666016,9079000,0.0,0.0
2024-04-02 00:00:00+08:00,81.92359924316406,83.08289246890617,81.92359924316406,81.92359924316406,6223000,0.0,0.0
2024-04-03 00:00:00+08:00,81.53716703736812,82.5032471980701,80.86090650251272,82.11681365966797,5617000,0.0,0.0
2024-04-08 00:00:00+08:00,82.21342418699754,83.27611094116321,81.53717098996677,83.17950439453125,7153000,0.0,0.0
2024-04-09 00:00:00+08:00,83.37272436733473,85.01505776222584,83.37272436733473,84.14558410644531,12326000,0.0,0.0
2024-04-10 00:00:00+08:00,85.11166296562251,85.11166296562251,83.56593614117874,83.9523696899414,9554000,0.0,0.0
2024-04-11 00:00:00+08:00,83.5659400766546,85.01506042480469,83.27611305878169,85.01506042480469,11378000,0.0,0.0
2024-04-12 00:00:00+08:00,85.49809443468271,85.78792143185653,84.53201427157896,84.72522735595703,8630000,0.0,0.0
2024-04-15 00:00:00+08:00,83.75915019976306,83.75915019976306,81.34394970529922,82.02021026611328,11797000,0.0,0.0
2024-04-16 00:00:00+08:00,81.05413238737283,81.73038559692824,79.50840550081249,80.28126525878906,11041000,0.0,0.0
2024-04-17 00:00:00+08:00,80.76430149734325,82.11681522218294,80.474481865982,81.82698822021484,8924000,0.0,0.0
2024-04-18 00:00:00+08:00,81.44056598869882,83.37272644042969,80.66769885976359,83.37272644042969,9916000,0.0,0.0
2024-04-19 00:00:00+08:00,79.99144344375507,80.76430318076781,77.28641593769302,78.44570922851562,20779000,0.0,0.0
2024-04-22 00:00:00+08:00,78.44570922851562,79.12196979033463,77.28641593769302,78.44570922851562,11478000,0.0,0.0
2024-04-23 00:00:00+08:00,79.21857296769345,79.70161304676475,78.73553288862215,79.5083999633789,8315000,0.0,0.0
2024-04-24 00:00:00+08:00,80.28126272546356,82.50325012207031,79.50840299187506,82.50325012207031,17662000,0.0,0.0
2024-04-25 00:00:00+08:00,81.15073283400031,81.82698599270766,80.47447967529297,80.47447967529297,6128000,0.0,0.0
2024-04-26 00:00:00+08:00,81.24734095038625,81.92360149281161,80.08804769280958,80.18465423583984,5673000,0.0,0.0
2024-04-29 00:00:00+08:00,80.6676961613381,86.65739041309888,80.5710896161046,85.5947036743164,20696000,0.0,0.0
2024-04-30 00:00:00+08:00,85.49809376029081,85.59470030171784,82.98628683015501,83.08289337158203,14060000,0.0,0.0
2024-05-02 00:00:00+08:00,87.23704060308219,91.10136120794772,87.04382015047493,90.71492767333984,55342000,0.0,0.0
2024-05-03 00:00:00+08:00,90.81153784746834,90.81153784746834,88.10651036759886,89.6522445678711,19355000,0.0,0.0
2024-05-06 00:00:00+08:00,89.74884975445498,90.32849638548109,88.49294257839273,88.97598266601562,10886000,0.0,0.0
2024-05-07 00:00:00+08:00,89.07259318254069,90.0386734008789,88.68616699169111,90.0386734008789,9305000,0.0,0.0
2024-05-08 00:00:00+08:00,90.13528700317717,90.13528700317717,87.62347254781871,87.91329956054688,11875000,0.0,0.0
2024-05-09 00:00:00+08:00,87.7200842770761,87.7200842770761,85.78792389538373,86.07774353027344,8932000,0.0,0.0
2024-05-10 00:00:00+08:00,86.6573918424066,88.87937927246094,86.56078529557968,88.87937927246094,11273000,0.0,0.0
2024-05-13 00:00:00+08:00,88.87937434695381,89.74884796142578,86.94721403506351,89.74884796142578,8388000,0.0,0.0
2024-05-14 00:00:00+08:00,89.84545629785819,90.03866938466463,88.39633603498952,88.97598266601562,5160000,0.0,0.0
2024-05-15 00:00:00+08:00,89.3624162102353,90.32849638548109,88.87937612261241,88.97598266601562,7523000,0.0,0.0
2024-05-16 00:00:00+08:00,89.84545755386353,93.70977830886841,89.65224446435604,92.74369812011719,22073000,0.0,0.0
2024-05-17 00:00:00+08:00,91.7776182925228,95.15889896645785,91.7776182925228,94.86907196044922,15482000,0.0,0.0
2024-05-20 00:00:00+08:00,95.15890030572349,95.83515350178531,93.80638654299281,95.54533386230469,13374000,0.0,0.0
2024-05-21 00:00:00+08:00,96.12498051187298,96.41480752196063,93.90299308948636,95.54533386230469,8622000,0.0,0.0
2024-05-22 00:00:00+08:00,96.22158297436258,100.47233717512377,95.93176334718298,97.5740966796875,14362000,0.0,0.0
2024-05-23 00:00:00+08:00,99.50625700997834,99.98929709255106,96.60801651454209,97.5740966796875,10611000,0.0,0.0
2024-05-24 00:00:00+08:00,96.60801674003032,98.54017707483092,95.15889648892987,97.09105682373047,8349000,0.0,0.0
2024-05-27 00:00:00+08:00,97.5740966796875,100.47233717512377,97.5740966796875,97.5740966796875,8869000,0.0,0.0
2024-05-28 00:00:00+08:00,99.023220623223,99.023220623223,96.41480702821993,96.51141357421875,10763000,0.0,0.0
2024-05-29 00:00:00+08:00,97.0910565971148,104.33665783570545,95.44872326461027,97.5740966796875,32834000,0.0,0.0
2024-05-30 00:00:00+08:00,97.09106144434969,102.88754272460938,96.60802133766138,102.88754272460938,39406000,0.0,0.0
2024-05-31 00:00:00+08:00,101.92146201909975,104.81970264523528,101.43842191474383,103.85362243652344,42165000,0.0,0.0
2024-06-03 00:00:00+08:00,103.37057649916497,103.37057649916497,96.60801541978034,99.98929595947266,40219000,0.0,0.0
2024-06-04 00:00:00+08:00,98.54017594717082,102.40449657255006,97.0910557126536,99.50625610351562,25746000,0.0,0.0
2024-06-05 00:00:00+08:00,99.50625610351562,99.50625610351562,99.50625610351562,99.50625610351562,0,0.0,0.0
2024-06-06 00:00:00+08:00,95.15890148578661,107.23490421240929,93.7097811585919,101.92146301269531,70149000,0.0,0.0
2024-06-07 00:00:00+08:00,103.85362075255797,108.2009816212697,100.95538017341683,107.23490142822266,38050000,0.0,0.0
2024-06-11 00:00:00+08:00,107.23490071614583,108.68402099609375,103.85362006293403,108.68402099609375,35150000,0.0,0.0
2024-06-12 00:00:00+08:00,104.81969891172467,111.58226013183594,104.81969891172467,111.58226013183594,33933000,0.0,0.0
2024-06-13 00:00:00+08:00,111.5822605982618,119.79394211415119,110.1331403307519,110.61618041992188,29671000,0.0,0.0
2024-06-14 00:00:00+08:00,110.61618260470303,111.09922270341352,105.3027415188876,106.2688217163086,23327000,0.0,0.0
2024-06-17 00:00:00+08:00,107.23490142822266,109.16706181431675,106.75186133169913,107.23490142822266,8937000,0.0,0.0
2024-06-18 00:00:00+08:00,109.65010431862662,117.37874603271484,109.16706421149611,117.37874603271484,22902000,0.0,0.0
2024-06-19 00:00:00+08:00,117.37874338946004,122.69218444824219,117.37874338946004,122.69218444824219,23686000,0.0,0.0
2024-06-20 00:00:00+08:00,124.6243450782987,125.59042527270411,121.24306439787973,122.20914459228516,18897000,0.0,0.0
2024-06-21 00:00:00+08:00,118.82786584970901,120.27698616494938,116.41266532430843,118.3448257446289,17730000,0.0,0.0
2024-06-24 00:00:00+08:00,118.34482624697587,119.3109064612369,114.48050538993176,117.37874603271484,13563000,0.0,0.0
2024-06-25 00:00:00+08:00,116.41265959276932,118.34481991796052,113.99745918628034,114.48049926757812,12231000,0.0,0.0
2024-06-26 00:00:00+08:00,115.44658560419279,117.86178613984536,114.96354549706227,117.37874603271484,6795000,0.0,0.0
2024-06-27 00:00:00+08:00,115.44657965837898,115.44657965837898,112.5483391648632,113.9974594116211,9400000,0.0,0.0
2024-06-28 00:00:00+08:00,114.96354180413323,125.10738372802734,113.51442152929121,125.10738372802734,33128000,0.0,0.0
2024-07-01 00:00:00+08:00,129.45473899304028,137.18338012695312,128.97169892217073,137.18338012695312,51016000,0.0,0.0
2024-07-02 00:00:00+08:00,139.11554041043132,142.97986097738777,133.3190595599967,137.18338012695312,50826000,0.0,0.0
2024-07-03 00:00:00+08:00,138.14946542987386,139.5985856966208,126.55650329589844,126.55650329589844,36445000,0.0,0.0
2024-07-04 00:00:00+08:00,124.5,126.5,120.5,120.5,43627000,4.443495,0.0
2024-07-05 00:00:00+08:00,123.0,128.0,122.5,124.5,31614000,0.0,0.0
2024-07-08 00:00:00+08:00,124.5,126.0,121.0,123.0,20238000,0.0,0.0
2024-07-09 00:00:00+08:00,125.5,127.0,122.5,123.0,18208000,0.0,0.0
2024-07-10 00:00:00+08:00,127.0,127.0,121.5,122.0,12407000,0.0,0.0
2024-07-11 00:00:00+08:00,123.0,124.0,122.0,122.5,6490000,0.0,0.0
2024-07-12 00:00:00+08:00,120.5,121.5,116.0,121.5,23975000,0.0,0.0
2024-07-15 00:00:00+08:00,121.5,122.5,119.5,122.5,9302000,0.0,0.0
2024-07-16 00:00:00+08:00,121.5,122.0,117.0,119.5,16004000,0.0,0.0
2024-07-17 00:00:00+08:00,119.5,122.5,118.5,121.0,13450000,0.0,0.0
2024-07-18 00:00:00+08:00,118.5,121.0,117.0,120.5,14008000,0.0,0.0
2024-07-19 00:00:00+08:00,119.0,120.0,117.0,118.5,14240000,0.0,0.0
2024-07-22 00:00:00+08:00,117.5,120.0,115.0,115.5,15631000,0.0,0.0
2024-07-23 00:00:00+08:00,118.0,119.0,114.0,115.5,9932000,0.0,0.0
2024-07-26 00:00:00+08:00,112.0,113.0,109.0,112.5,15379000,0.0,0.0
2024-07-29 00:00:00+08:00,114.5,117.0,113.0,114.5,8047000,0.0,0.0
2024-07-30 00:00:00+08:00,112.5,120.5,109.0,120.0,17114000,0.0,0.0
2024-07-31 00:00:00+08:00,118.0,119.5,112.0,116.5,16103000,0.0,0.0
2024-08-01 00:00:00+08:00,119.5,121.5,118.0,118.0,9676000,0.0,0.0
2024-08-02 00:00:00+08:00,115.0,118.0,114.0,117.5,10541000,0.0,0.0
2024-08-05 00:00:00+08:00,114.5,117.5,107.5,117.5,22312000,0.0,0.0
2024-08-06 00:00:00+08:00,118.0,120.0,112.0,119.0,18994000,0.0,0.0
2024-08-07 00:00:00+08:00,119.0,120.0,117.5,119.0,12575000,0.0,0.0
2024-08-08 00:00:00+08:00,117.5,118.5,115.5,117.0,7788000,0.0,0.0
2024-08-09 00:00:00+08:00,119.5,121.5,118.0,118.5,8153000,0.0,0.0
2024-08-12 00:00:00+08:00,118.5,122.0,118.0,120.5,8416000,0.0,0.0
2024-08-13 00:00:00+08:00,121.0,121.0,118.0,119.5,4842000,0.0,0.0
2024-08-14 00:00:00+08:00,120.5,121.0,118.0,119.0,6456000,0.0,0.0
2024-08-15 00:00:00+08:00,120.0,120.5,117.0,117.0,3397000,0.0,0.0
2024-08-16 00:00:00+08:00,119.0,122.0,118.5,119.5,8356000,0.0,0.0
2024-08-19 00:00:00+08:00,120.5,127.5,119.0,126.0,19024000,0.0,0.0
2024-08-20 00:00:00+08:00,126.5,129.5,124.0,124.5,14154000,0.0,0.0
2024-08-21 00:00:00+08:00,124.0,124.0,119.0,119.0,10108000,0.0,0.0
2024-08-22 00:00:00+08:00,120.0,120.5,118.0,118.5,4384000,0.0,0.0
2024-08-23 00:00:00+08:00,116.5,122.0,115.5,122.0,6145000,0.0,0.0
2024-08-26 00:00:00+08:00,122.5,122.5,118.5,119.0,4302000,0.0,0.0
2024-08-27 00:00:00+08:00,119.5,122.5,119.0,122.5,5287000,0.0,0.0
2024-08-28 00:00:00+08:00,122.5,123.0,121.0,121.5,3184000,0.0,0.0
2024-08-29 00:00:00+08:00,120.0,123.0,120.0,122.0,3858000,0.0,0.0
2024-08-30 00:00:00+08:00,122.5,123.5,121.0,123.0,6581000,0.0,0.0
2024-09-02 00:00:00+08:00,124.0,125.0,122.0,125.0,6892000,0.0,0.0
2024-09-03 00:00:00+08:00,125.0,126.5,120.5,120.5,9113000,0.0,0.0
2024-09-04 00:00:00+08:00,116.0,123.5,114.5,121.0,16900000,0.0,0.0
2024-09-05 00:00:00+08:00,122.0,123.0,118.0,118.5,11599000,0.0,0.0
2024-09-06 00:00:00+08:00,119.0,121.0,117.5,118.0,6885000,0.0,0.0
2024-09-09 00:00:00+08:00,117.0,118.5,113.0,113.5,13779000,0.0,0.0
2024-09-10 00:00:00+08:00,114.5,115.0,107.0,107.5,14092000,0.0,0.0
2024-09-11 00:00:00+08:00,108.0,110.5,104.0,109.0,10289000,0.0,0.0
2024-09-12 00:00:00+08:00,109.5,111.5,106.0,106.0,11302000,0.0,0.0
2024-09-13 00:00:00+08:00,105.0,107.5,104.0,105.0,11730000,0.0,0.0
2024-09-16 00:00:00+08:00,105.0,107.5,104.5,106.5,4877000,0.0,0.0
2024-09-18 00:00:00+08:00,107.0,110.5,101.0,101.0,11897000,0.0,0.0
2024-09-19 00:00:00+08:00,104.0,110.0,104.0,107.0,16461000,0.0,0.0
2024-09-20 00:00:00+08:00,108.5,109.5,106.0,106.5,16256000,0.0,0.0
2024-09-23 00:00:00+08:00,106.64387512207031,109.606201171875,105.65642547607422,106.64387512207031,8461245,0.0,0.0
2024-09-24 00:00:00+08:00,106.15015411376953,106.64387512207031,105.16270446777344,105.65642547607422,6671775,0.0,0.0
2024-09-25 00:00:00+08:00,106.64387512207031,107.63131713867188,105.16270446777344,105.16270446777344,7260163,0.0,0.0
2024-09-26 00:00:00+08:00,107.1375961303711,107.1375961303711,103.18782043457031,103.6815414428711,6243396,0.0,0.0
2024-09-27 00:00:00+08:00,104.17526245117188,105.65642547607422,101.70665740966797,101.70665740966797,6994832,0.0,0.0
2024-09-30 00:00:00+08:00,102.20037841796875,104.66898345947266,101.70665740966797,102.20037841796875,5435248,0.0,0.0
2024-10-01 00:00:00+08:00,102.0,105.0,102.0,105.0,7498000,0.0,0.0
2024-10-04 00:00:00+08:00,103.5,104.0,100.0,100.0,10175000,0.0,0.0
2024-10-07 00:00:00+08:00,100.5,101.5,98.5999984741211,100.5,10852000,0.0,0.0
2024-10-08 00:00:00+08:00,100.0,102.0,98.5,101.5,7388000,0.0,0.0
2024-10-09 00:00:00+08:00,105.0,106.0,102.0,102.5,10353000,0.0,0.0
2024-10-11 00:00:00+08:00,105.5,106.5,102.0,102.0,8771000,0.0,0.0
2024-10-14 00:00:00+08:00,102.5,102.5,101.0,101.5,3458000,0.0,0.0
2024-10-15 00:00:00+08:00,101.5,103.0,101.5,102.0,5265000,0.0,0.0
2024-10-16 00:00:00+08:00,101.0,102.0,100.5,101.0,5940000,0.0,0.0
2024-10-17 00:00:00+08:00,101.5,103.5,101.5,103.0,4451000,0.0,0.0
2024-10-18 00:00:00+08:00,104.5,105.0,98.19999694824219,98.19999694824219,17897000,0.0,0.0
2024-10-21 00:00:00+08:00,99.5999984741211,101.0,98.4000015258789,100.5,11316000,0.0,0.0
2024-10-22 00:00:00+08:00,98.5,99.69999694824219,98.30000305175781,99.0,8171000,0.0,0.0
2024-10-23 00:00:00+08:00,99.0,99.30000305175781,97.5,98.0,7086000,0.0,0.0
2024-10-24 00:00:00+08:00,98.0,99.0999984741211,97.9000015258789,97.9000015258789,4605000,0.0,0.0
2024-10-25 00:00:00+08:00,98.5999984741211,99.5999984741211,98.5,99.0,4768000,0.0,0.0
2024-10-28 00:00:00+08:00,99.9000015258789,99.9000015258789,97.80000305175781,98.5999984741211,3485000,0.0,0.0
2024-10-29 00:00:00+08:00,98.0,98.19999694824219,96.69999694824219,97.0999984741211,6844000,0.0,0.0
2024-10-30 00:00:00+08:00,97.4000015258789,97.5999984741211,95.5,96.5,5605000,0.0,0.0
2024-11-01 00:00:00+08:00,90.0,95.0,88.80000305175781,95.0,26392000,0.0,0.0
2024-11-04 00:00:00+08:00,95.0,95.9000015258789,92.4000015258789,93.19999694824219,9628000,0.0,0.0
2024-11-05 00:00:00+08:00,93.0999984741211,94.5,93.0,93.5999984741211,5262000,0.0,0.0
2024-11-06 00:00:00+08:00,93.5999984741211,93.69999694824219,90.69999694824219,92.4000015258789,13490000,0.0,0.0
2024-11-07 00:00:00+08:00,91.5,94.69999694824219,91.4000015258789,94.30000305175781,6165000,0.0,0.0
2024-11-08 00:00:00+08:00,95.0,96.0,94.0999984741211,94.30000305175781,5804000,0.0,0.0
2024-11-11 00:00:00+08:00,94.80000305175781,95.80000305175781,93.80000305175781,93.80000305175781,6802000,0.0,0.0
2024-11-12 00:00:00+08:00,92.80000305175781,95.30000305175781,91.80000305175781,94.19999694824219,7612000,0.0,0.0
2024-11-13 00:00:00+08:00,92.9000015258789,93.4000015258789,92.0999984741211,92.4000015258789,8485000,0.0,0.0
2024-11-14 00:00:00+08:00,92.0999984741211,93.0,89.9000015258789,89.9000015258789,8117000,0.0,0.0
2024-11-15 00:00:00+08:00,90.69999694824219,92.9000015258789,90.69999694824219,90.9000015258789,9043000,0.0,0.0
2024-11-18 00:00:00+08:00,91.0999984741211,93.80000305175781,91.0999984741211,91.0999984741211,14023000,0.0,0.0
2024-11-19 00:00:00+08:00,91.19999694824219,92.30000305175781,90.5999984741211,90.69999694824219,17853000,0.0,0.0
2024-11-20 00:00:00+08:00,91.30000305175781,91.69999694824219,89.9000015258789,89.9000015258789,16691802,0.0,0.0
2024-11-21 00:00:00+08:00,90.0,91.69999694824219,89.4000015258789,91.69999694824219,15651000,0.0,0.0
2024-11-22 00:00:00+08:00,91.80000305175781,93.4000015258789,91.5999984741211,92.0999984741211,10475000,0.0,0.0
