Date,Open,High,Low,Close,Volume,Dividends,Stock Splits
2016-01-26 00:00:00+08:00,63.95575714111328,67.15354617157693,59.24221835141911,63.95575714111328,410259,0.0,0.0
2016-01-27 00:00:00+08:00,62.6766471862793,65.10696303371151,61.39753265599282,62.6766471862793,118425,0.0,0.0
2016-01-28 00:00:00+08:00,63.31620025634766,63.88540876314639,63.028398466035505,63.316200256347656,42084,0.0,0.0
2016-01-29 00:00:00+08:00,62.6766471862793,63.8918051099954,62.42082075999781,62.6766471862793,57955,0.0,0.0
2016-02-01 00:00:00+08:00,58.51951217651367,60.757963750497005,58.51951217651367,58.51951217651367,85574,0.0,0.0
2016-02-02 00:00:00+08:00,58.199737548828125,59.15907481690854,57.566572487738355,58.199737548828125,30060,0.0,0.0
2016-02-03 00:00:00+08:00,58.58348083496094,58.83930141020991,57.6241434104561,58.58348083496094,42516,0.0,0.0
2016-02-15 00:00:00+08:00,59.79863357543945,61.256827740528756,58.8392962353081,59.79863357543945,317020,0.0,0.0
2016-02-16 00:00:00+08:00,62.35686492919922,62.67025289199689,59.47885866700991,62.35686492919922,354735,0.0,0.0
2016-02-17 00:00:00+08:00,62.99003219604492,65.86803855574821,61.39753550013019,62.99003219604492,439571,0.0,0.0
2016-02-18 00:00:00+08:00,59.47886276245117,63.69994046885028,57.87996506932845,59.47886276245117,299482,0.0,0.0
2016-02-19 00:00:00+08:00,60.94983673095703,61.71730420588574,60.182363388988534,60.94983673095703,188875,0.0,0.0
2016-02-22 00:00:00+08:00,60.43818283081055,61.7172970973785,59.798622764007014,60.43818283081055,214616,0.0,0.0
2016-02-23 00:00:00+08:00,58.83930587768555,60.118420585130764,57.87996838034135,58.83930587768555,274243,0.0,0.0
2016-02-24 00:00:00+08:00,58.199737548828125,58.83929181618858,57.56017741442793,58.199737548828125,81402,0.0,0.0
2016-02-25 00:00:00+08:00,57.5601806640625,58.513122912632085,57.24040351232884,57.5601806640625,116714,0.0,0.0
2016-02-26 00:00:00+08:00,57.6880989074707,59.15268824688992,57.560185688794995,57.6880989074707,139598,0.0,0.0
2016-03-01 00:00:00+08:00,60.43818283081055,61.7172970973785,57.88634937030916,60.43818283081055,472904,0.0,0.0
2016-03-02 00:00:00+08:00,60.118412017822266,62.67664693518685,59.478857688761344,60.118412017822266,345702,0.0,0.0
2016-03-03 00:00:00+08:00,59.792247772216804,61.36555937651555,58.199750943571274,59.7922477722168,197748,0.0,0.0
2016-03-04 00:00:00+08:00,58.83930587768555,59.79864337502974,58.20614653232224,58.83930587768555,145912,0.0,0.0
2016-03-07 00:00:00+08:00,58.83930587768555,59.472471090089996,58.19975145748351,58.83930587768555,76532,0.0,0.0
2016-03-08 00:00:00+08:00,59.159080505371094,59.159080505371094,58.19974314504525,59.159080505371094,83049,0.0,0.0
2016-03-09 00:00:00+08:00,59.79863357543945,60.75797091557081,58.8392962353081,59.79863357543945,112184,0.0,0.0
2016-03-10 00:00:00+08:00,62.03709030151367,64.27554231584874,58.519523688564384,62.03709030151367,685344,0.0,0.0
2016-03-11 00:00:00+08:00,81.22381591796875,81.73546289871643,63.316200927001056,81.22381591796875,1778171,0.0,0.0
2016-03-14 00:00:00+08:00,83.77564239501953,88.89850095159755,81.86976386910204,83.77564239501953,1180316,0.0,0.0
2016-03-15 00:00:00+08:00,85.69432067871094,85.69432067871094,78.98536043734627,85.69432067871094,624390,0.0,0.0
2016-03-16 00:00:00+08:00,88.25894165039062,89.53166099315426,83.14887905918908,88.25894165039062,673288,0.0,0.0
2016-03-17 00:00:00+08:00,88.25894165039062,90.81077540930023,83.01457078408019,88.25894165039062,486127,0.0,0.0
2016-03-18 00:00:00+08:00,87.619384765625,90.8171738583722,86.97983046729958,87.619384765625,323253,0.0,0.0
2016-03-21 00:00:00+08:00,94.65453338623047,96.57320235641686,87.6193942720782,94.65453338623047,879775,0.0,0.0
2016-03-22 00:00:00+08:00,95.29407501220703,96.57318944364822,90.1776172864423,95.29407501220703,600669,0.0,0.0
2016-03-23 00:00:00+08:00,103.60194396972656,103.60833904425284,95.93365117455764,103.60194396972656,752187,0.0,0.0
2016-03-24 00:00:00+08:00,110.00390625,112.56213526347902,102.96877352941259,110.00390625,948313,0.0,0.0
2016-03-25 00:00:00+08:00,104.24790954589844,112.88192936167009,98.4918846013018,104.24790954589844,899879,0.0,0.0
2016-03-28 00:00:00+08:00,99.13143920898438,102.96878917947586,96.89938795705973,99.13143920898438,643170,0.0,0.0
2016-03-29 00:00:00+08:00,101.68966674804688,102.96878729280107,96.57320803719414,101.68966674804688,485060,0.0,0.0
2016-03-30 00:00:00+08:00,99.45121002197266,102.32922818180191,99.13143283400973,99.45121002197266,191744,0.0,0.0
2016-03-31 00:00:00+08:00,93.37541961669922,101.68326659903619,89.53806990801469,93.37541961669922,848657,0.0,0.0
2016-04-01 00:00:00+08:00,97.8523178100586,98.1721008637385,90.17763012847328,97.8523178100586,438271,0.0,0.0
2016-04-06 00:00:00+08:00,101.68966674804688,102.64901009013302,95.30048843417102,101.68966674804688,303631,0.0,0.0
2016-04-07 00:00:00+08:00,101.05009460449219,104.24148273035195,99.13781506477137,101.05009460449219,391506,0.0,0.0
2016-04-08 00:00:00+08:00,102.06060791015625,103.60833319901397,99.13782433490891,102.06060791015625,363122,0.0,0.0
2016-04-11 00:00:00+08:00,96.25343322753906,103.60834427400489,94.66093638225591,96.25343322753906,619074,0.0,0.0
2016-04-12 00:00:00+08:00,91.96839904785156,96.89299392726502,90.54858095154653,91.96839904785156,476434,0.0,0.0
2016-04-13 00:00:00+08:00,94.94232940673828,97.85231703645508,92.10909440293044,94.94232940673828,326802,0.0,0.0
2016-04-14 00:00:00+08:00,90.81078338623047,94.33474488032329,89.53806393166961,90.81078338623047,425789,0.0,0.0
2016-04-15 00:00:00+08:00,91.52070617675781,93.36902357595095,90.17763488163254,91.52070617675781,154803,0.0,0.0
2016-04-18 00:00:00+08:00,90.94509887695312,92.0899052092322,90.51659368651451,90.94509887695312,115153,0.0,0.0
2016-04-19 00:00:00+08:00,92.73585510253906,94.3283517553699,90.81718033661825,92.73585510253906,176362,0.0,0.0
2016-04-20 00:00:00+08:00,95.2557144165039,96.57319942486521,93.37541594927879,95.2557144165039,268922,0.0,0.0
2016-04-21 00:00:00+08:00,92.73585510253906,94.96791196635697,92.352121322763,92.73585510253906,158656,0.0,0.0
2016-04-22 00:00:00+08:00,93.04923248291016,94.65452506954675,92.43525846639646,93.04923248291016,130749,0.0,0.0
2016-04-25 00:00:00+08:00,93.5672836303711,94.9679163921072,92.7614397217667,93.5672836303711,96622,0.0,0.0
2016-04-26 00:00:00+08:00,95.22372436523438,96.25341334177945,93.7015795248042,95.22372436523438,247323,0.0,0.0
2016-04-27 00:00:00+08:00,96.22145080566406,98.17210103482786,95.2940887489372,96.22145080566406,532366,0.0,0.0
2016-04-28 00:00:00+08:00,91.7765121459961,96.57319290245553,91.1433529145774,91.7765121459961,269508,0.0,0.0
2016-04-29 00:00:00+08:00,85.38093566894531,92.08989614068913,84.49195587039779,85.38093566894531,747010,0.0,0.0
2016-05-03 00:00:00+08:00,84.42161560058594,87.29962215647085,83.14250092385475,84.42161560058594,129021,0.0,0.0
2016-05-04 00:00:00+08:00,85.06755065917969,86.97983020893574,83.46865905107542,85.06755065917969,82191,0.0,0.0
2016-05-05 00:00:00+08:00,84.42161560058594,85.04837985606069,83.83961686790738,84.42161560058594,64154,0.0,0.0
2016-05-06 00:00:00+08:00,76.74691009521484,83.14888345480321,75.47419068516969,76.74691009521484,562800,0.0,0.0
2016-05-09 00:00:00+08:00,73.86890411376953,79.55457687569111,72.3147837325185,73.86890411376953,283472,0.0,0.0
2016-05-10 00:00:00+08:00,75.03289031982422,76.68294830293894,71.76474972003358,75.03289031982422,173114,0.0,0.0
2016-05-11 00:00:00+08:00,73.54913330078125,75.46780828208477,70.415300235938,73.54913330078125,225022,0.0,0.0
2016-05-12 00:00:00+08:00,74.18868255615234,76.42713441260246,72.90956804775801,74.18868255615234,121054,0.0,0.0
2016-05-13 00:00:00+08:00,73.2293472290039,75.14162690404505,72.27640492849335,73.2293472290039,103291,0.0,0.0
2016-05-16 00:00:00+08:00,74.49567413330078,75.05848173529931,72.90957251507146,74.49567413330078,43334,0.0,0.0
2016-05-17 00:00:00+08:00,72.27001190185547,74.18868670527199,72.27001190185547,72.27001190185547,195569,0.0,0.0
2016-05-18 00:00:00+08:00,70.35773468017578,71.96302743678325,68.65651580713141,70.35773468017578,187267,0.0,0.0
2016-05-19 00:00:00+08:00,71.22113800048828,71.85430315338392,70.3513374996767,71.22113800048828,68601,0.0,0.0
2016-05-20 00:00:00+08:00,80.86566162109375,82.11280075727363,70.0507410568004,80.86566162109375,236307,0.0,0.0
2016-05-23 00:00:00+08:00,84.42161560058594,86.3402846821622,80.5842657033514,84.42161560058594,235388,0.0,0.0
2016-05-24 00:00:00+08:00,80.90403747558594,83.14248931405417,80.59064952456825,80.90403747558594,81787,0.0,0.0
2016-05-25 00:00:00+08:00,84.42161560058594,85.70073027731712,81.22382597523749,84.42161560058594,244280,0.0,0.0
2016-05-26 00:00:00+08:00,81.8633804321289,83.78205538196602,81.8633804321289,81.8633804321289,130099,0.0,0.0
2016-05-27 00:00:00+08:00,81.8633804321289,83.13610003498407,81.23022110156644,81.8633804321289,52544,0.0,0.0
2016-05-30 00:00:00+08:00,78.68477630615234,81.54359743671091,77.39287157100534,78.68477630615234,285029,0.0,0.0
2016-05-31 00:00:00+08:00,76.74691009521484,78.34580173316178,74.82823543604644,76.74691009521484,160268,0.0,0.0
2016-06-01 00:00:00+08:00,76.29922485351562,77.68706741775628,75.79397292641083,76.29922485351562,76292,0.0,0.0
2016-06-02 00:00:00+08:00,77.0730972290039,79.94471469940505,75.53176682348854,77.0730972290039,98843,0.0,0.0
2016-06-03 00:00:00+08:00,76.74691009521484,78.66558475438325,76.74691009521484,76.74691009521484,94632,0.0,0.0
2016-06-06 00:00:00+08:00,77.84696197509766,78.66559606647176,77.3864813987699,77.84696197509766,52424,0.0,0.0
2016-06-07 00:00:00+08:00,77.84696197509766,77.84696197509766,77.84696197509766,77.84696197509766,0,0.0,0.0
2016-06-08 00:00:00+08:00,76.13294219970703,77.31612480570567,76.10735603572917,76.13294219970703,61202,0.0,0.0
2016-06-13 00:00:00+08:00,74.649169921875,76.06259284470208,71.63685518366636,74.649169921875,148521,0.0,0.0
2016-06-14 00:00:00+08:00,78.97896575927734,80.58425244908327,76.06258336791868,78.97896575927734,162017,0.0,0.0
2016-06-15 00:00:00+08:00,77.62311553955078,78.97897694862857,76.7533149977088,77.62311553955078,62599,0.0,0.0
2016-06-16 00:00:00+08:00,78.97896575927734,79.60572991166372,77.20099448025148,78.97896575927734,76535,0.0,0.0
2016-06-17 00:00:00+08:00,79.18363189697266,79.94470438914094,78.34580678113383,79.18363189697266,108241,0.0,0.0
2016-06-20 00:00:00+08:00,81.79942321777344,82.81631628449458,79.25397834627745,81.79942321777344,160821,0.0,0.0
2016-06-21 00:00:00+08:00,80.4307632446289,81.5435941218788,80.39239280077909,80.4307632446289,64448,0.0,0.0
2016-06-22 00:00:00+08:00,79.9447021484375,81.22381667876766,79.30514194975225,79.9447021484375,40513,0.0,0.0
2016-06-23 00:00:00+08:00,79.30514526367188,80.58425984745232,78.1091725117979,79.30514526367188,46244,0.0,0.0
2016-06-24 00:00:00+08:00,76.49748229980469,78.6016257671536,76.49748229980469,76.49748229980469,88111,0.0,0.0
2016-06-27 00:00:00+08:00,76.76609802246094,77.6422935575264,76.74691280062339,76.76609802246094,89372,0.0,0.0
2016-06-28 00:00:00+08:00,77.5143814086914,78.58884185195004,77.02192550585822,77.5143814086914,59999,0.0,0.0
2016-06-29 00:00:00+08:00,77.4056625366211,78.23708673338626,77.19460748351842,77.4056625366211,82015,0.0,0.0
2016-06-30 00:00:00+08:00,77.14344787597656,77.63590971030294,77.01554051152287,77.14344787597656,28457,0.0,0.0
2016-07-01 00:00:00+08:00,77.17542266845703,77.69346475897741,77.0730897449958,77.17542266845703,91562,0.0,0.0
2016-07-04 00:00:00+08:00,79.9447021484375,81.85697593645935,77.38007214678363,79.9447021484375,182067,0.0,0.0
2016-07-05 00:00:00+08:00,79.62492370605469,80.77612500478348,79.30514067831872,79.62492370605469,129270,0.0,0.0
2016-07-06 00:00:00+08:00,78.66558837890625,79.624925752692,78.34580534295075,78.66558837890625,86705,0.0,0.0
2016-07-07 00:00:00+08:00,79.83598327636719,80.90404875415943,79.06851564391364,79.83598327636719,83085,0.0,0.0
2016-07-11 00:00:00+08:00,83.14249420166016,85.05476805394107,79.94470483485775,83.14249420166016,346111,0.0,0.0
2016-07-12 00:00:00+08:00,83.14249420166016,85.06116312810919,82.23431739826034,83.14249420166016,91382,0.0,0.0
2016-07-13 00:00:00+08:00,83.51344299316406,84.41521891101394,82.82911134453224,83.51344299316406,183005,0.0,0.0
2016-07-14 00:00:00+08:00,87.2292709350586,87.2292709350586,83.4622785732684,87.2292709350586,343345,0.0,0.0
2016-07-15 00:00:00+08:00,86.5884017944336,88.93605367755806,85.41784830350198,86.5884017944336,158851,2.495008,0.0
2016-07-18 00:00:00+08:00,86.95460510253906,87.28811309420001,86.32028362859862,86.95460510253906,63126,0.0,0.0
2016-07-19 00:00:00+08:00,87.62816619873047,88.91643185434951,86.9742220185865,87.62816619873047,180334,0.0,0.0
2016-07-20 00:00:00+08:00,85.32630157470703,87.62817524822427,84.42386103248884,85.32630157470703,120109,0.0,0.0
2016-07-21 00:00:00+08:00,84.43038940429688,86.32028198538168,84.41731160079325,84.43038940429688,52378,0.0,0.0
2016-07-22 00:00:00+08:00,87.11809539794922,87.26196324670916,85.01240688199233,87.11809539794922,151995,0.0,0.0
2016-07-25 00:00:00+08:00,86.67994689941406,86.97422147870253,86.17641546289191,86.67994689941406,80089,0.0,0.0
2016-07-26 00:00:00+08:00,86.97422790527344,87.22926909229793,86.64725879256746,86.97422790527344,48097,0.0,0.0
2016-07-27 00:00:00+08:00,86.97422790527344,88.60254656445466,86.64725879256746,86.97422790527344,123182,0.0,0.0
2016-07-28 00:00:00+08:00,87.56275939941406,87.582376102451,86.464140043461,87.56275939941406,96552,0.0,0.0
2016-07-29 00:00:00+08:00,87.30119323730469,89.2630198265675,86.97422413875846,87.30119323730469,128896,0.0,0.0
2016-08-01 00:00:00+08:00,86.9676742553711,87.62815727010914,85.73172593981492,86.9676742553711,39494,0.0,0.0
2016-08-02 00:00:00+08:00,87.28157806396484,87.28157806396484,85.73173827068543,87.28157806396484,48132,0.0,0.0
2016-08-03 00:00:00+08:00,86.05870056152344,86.90882376476284,86.05870056152344,86.05870056152344,24877,0.0,0.0
2016-08-04 00:00:00+08:00,96.11632537841797,96.12940318201653,86.58185668100171,96.11632537841797,930060,0.0,0.0
2016-08-05 00:00:00+08:00,100.3800277709961,101.35439615103192,95.47546736504366,100.3800277709961,746137,0.0,0.0
2016-08-08 00:00:00+08:00,99.392578125,102.01488784286215,96.16864741846128,99.392578125,324851,0.0,0.0
2016-08-09 00:00:00+08:00,97.11032104492188,98.74517255112882,96.26673668388428,97.11032104492188,128753,0.0,0.0
2016-08-10 00:00:00+08:00,104.30368041992188,105.27150989358935,97.4372874842704,104.30368041992188,877355,0.0,0.0
2016-08-11 00:00:00+08:00,103.31622314453125,107.24641518686312,100.71353618760611,103.31622314453125,667310,0.0,0.0
2016-08-12 00:00:00+08:00,102.00835418701172,103.32276956611759,99.73263016083631,102.00835418701172,239217,0.0,0.0
2016-08-15 00:00:00+08:00,103.64320373535156,103.64320373535156,100.70700845540968,103.64320373535156,263517,0.0,0.0
2016-08-16 00:00:00+08:00,102.01487731933594,103.64972266241328,101.04049701695816,102.01487731933594,218461,0.0,0.0
2016-08-17 00:00:00+08:00,100.57621002197266,102.01488847884029,100.0530558555643,100.57621002197266,115244,0.0,0.0
2016-08-18 00:00:00+08:00,100.63506317138672,100.69391928815716,99.47104863489153,100.63506317138672,107151,0.0,0.0
2016-08-19 00:00:00+08:00,100.05305480957031,103.24429699099672,99.08522531087608,100.05305480957031,161015,0.0,0.0
2016-08-22 00:00:00+08:00,98.1697006225586,100.05304828024336,98.0912278034884,98.1697006225586,180464,0.0,0.0
2016-08-23 00:00:00+08:00,99.59529113769531,100.38002534290014,98.12392425129906,99.59529113769531,82651,0.0,0.0
2016-08-24 00:00:00+08:00,98.74517059326172,100.37348916406656,98.43781820424121,98.74517059326172,54415,0.0,0.0
2016-08-25 00:00:00+08:00,99.392578125,100.04651632968908,98.17624634540638,99.392578125,86469,0.0,0.0
2016-08-26 00:00:00+08:00,101.68136596679688,101.68136596679688,99.3991151955731,101.68136596679688,104090,0.0,0.0
2016-08-29 00:00:00+08:00,104.63064575195312,106.25895225404858,102.00834220620662,104.63064575195312,355470,0.0,0.0
2016-08-30 00:00:00+08:00,103.00233459472656,104.88568239318727,102.34185748443005,103.00233459472656,146211,0.0,0.0
2016-08-31 00:00:00+08:00,102.01487731933594,103.64972266241328,101.36092718412068,102.01487731933594,152825,0.0,0.0
2016-09-01 00:00:00+08:00,101.72061920166016,102.08028283568183,101.18438120389638,101.72061920166016,75768,0.0,0.0
2016-09-02 00:00:00+08:00,103.97669982910156,105.28458820341072,101.3609350784685,103.97669982910156,302872,0.0,0.0
2016-09-05 00:00:00+08:00,101.36747741699219,104.63065356243848,101.03396940964241,101.36747741699219,149157,0.0,0.0
2016-09-06 00:00:00+08:00,103.97669982910156,104.29713002122034,102.02142416657792,103.97669982910156,115995,0.0,0.0
2016-09-07 00:00:00+08:00,103.3358383178711,104.36252990063753,103.3292994159802,103.3358383178711,74298,0.0,0.0
2016-09-08 00:00:00+08:00,104.43446350097656,104.43446350097656,102.67536681882306,104.43446350097656,120300,0.0,0.0
2016-09-09 00:00:00+08:00,113.13188934326172,113.5242594788392,104.63065638560926,113.13188934326172,907061,0.0,0.0
2016-09-12 00:00:00+08:00,110.70577239990234,113.1318973142986,108.86165782852625,110.70577239990234,251212,0.0,0.0
2016-09-13 00:00:00+08:00,109.21478271484375,111.17005842184798,107.90689431078141,109.21478271484375,255666,0.0,0.0
2016-09-14 00:00:00+08:00,109.20170593261719,109.20170593261719,107.26603491584478,109.20170593261719,109960,0.0,0.0
2016-09-19 00:00:00+08:00,111.43162536621094,112.49755027054071,109.20169203744948,111.43162536621094,204956,0.0,0.0
2016-09-20 00:00:00+08:00,111.16352081298828,111.55589093816738,110.18915239920605,111.16352081298828,102492,0.0,0.0
2016-09-21 00:00:00+08:00,111.68667602539062,111.68667602539062,109.93410634118253,111.68667602539062,227087,0.0,0.0
2016-09-22 00:00:00+08:00,119.37701416015625,119.37701416015625,112.47139444897033,119.37701416015625,801908,0.0,0.0
2016-09-23 00:00:00+08:00,117.9645309448242,122.65983512823202,116.07464404552707,117.96453094482422,549363,0.0,0.0
2016-09-26 00:00:00+08:00,118.36341094970703,119.67128718233162,116.73509256218611,118.36341094970703,326608,0.0,0.0
2016-09-27 00:00:00+08:00,118.36341094970703,118.36341094970703,118.36341094970703,118.36341094970703,0,0.0,0.0
2016-09-28 00:00:00+08:00,118.36341094970703,118.36341094970703,118.36341094970703,118.36341094970703,0,0.0,0.0
2016-09-29 00:00:00+08:00,120.38410186767577,122.28052743196288,119.01736336170849,120.38410186767578,402967,0.0,0.0
2016-09-30 00:00:00+08:00,118.48767089843751,120.84186772770387,117.72255932852315,118.4876708984375,180227,0.0,0.0
2016-10-03 00:00:00+08:00,119.01737213134766,120.95958215093361,117.58523250157785,119.01737213134766,287935,0.0,0.0
2016-10-04 00:00:00+08:00,119.31818389892578,120.97265818787453,118.66424566543922,119.31818389892578,365229,0.0,0.0
2016-10-05 00:00:00+08:00,116.40160369873047,120.32524503827038,115.47954648419035,116.40160369873047,308720,0.0,0.0
2016-10-06 00:00:00+08:00,116.40160369873047,117.8860425064462,114.77328504408023,116.40160369873047,259023,0.0,0.0
2016-10-07 00:00:00+08:00,112.83761596679688,116.08117552844388,112.11174980497192,112.83761596679688,488594,0.0,0.0
2016-10-11 00:00:00+08:00,112.15097045898438,113.13187769999648,107.25948806132911,112.15097045898438,482427,0.0,0.0
2016-10-12 00:00:00+08:00,110.56188201904297,111.5231845238324,109.86217156777099,110.56188201904297,106087,0.0,0.0
2016-10-13 00:00:00+08:00,107.89381408691406,111.82400611508731,106.59247661213224,107.89381408691406,275590,0.0,0.0
2016-10-14 00:00:00+08:00,107.61915588378906,109.1689956245102,106.79519424884404,107.61915588378906,160243,0.0,0.0
2016-10-17 00:00:00+08:00,106.5270767211914,107.90035413009053,104.63719005769127,106.5270767211914,155834,0.0,0.0
2016-10-18 00:00:00+08:00,105.28459167480469,106.26549898938963,104.35599557764219,105.28459167480469,233001,0.0,0.0
2016-10-19 00:00:00+08:00,107.82843017578125,108.55429632015068,105.28459322539369,107.82843017578125,110743,0.0,0.0
2016-10-20 00:00:00+08:00,108.88125610351561,110.51611350985199,106.98483063063387,108.88125610351562,93032,0.0,0.0
2016-10-21 00:00:00+08:00,110.51610565185547,112.47793200037096,109.54173737783879,110.51610565185547,149405,0.0,0.0
2016-10-24 00:00:00+08:00,105.5657958984375,111.03928933419247,104.37561963437841,105.5657958984375,758837,0.0,0.0
2016-10-25 00:00:00+08:00,107.24640655517578,108.41695390269179,105.93851828099758,107.24640655517578,168301,0.0,0.0
2016-10-26 00:00:00+08:00,106.85403442382812,107.70416358543423,105.28457812330744,106.85403442382812,49898,0.0,0.0
2016-10-27 00:00:00+08:00,109.0708999633789,109.84255029693647,106.91943349112192,109.0708999633789,91033,0.0,0.0
2016-10-28 00:00:00+08:00,108.87472534179688,109.07745530605798,108.16847591194154,108.87472534179688,64606,0.0,0.0
2016-10-31 00:00:00+08:00,110.31993865966797,111.56242601650315,108.22732205974278,110.31993865966797,274357,0.0,0.0
2016-11-01 00:00:00+08:00,108.22732543945312,110.18915206339854,107.23987922430614,108.22732543945312,163046,0.0,0.0
2016-11-02 00:00:00+08:00,106.58592224121094,108.22731855864109,105.28458480880718,106.58592224121094,151429,0.0,0.0
2016-11-03 00:00:00+08:00,108.55429077148438,108.87472096250885,103.12658223190276,108.55429077148438,411348,0.0,0.0
2016-11-04 00:00:00+08:00,107.2267837524414,109.18861005314083,104.94452730237906,107.2267837524414,357371,0.0,0.0
2016-11-07 00:00:00+08:00,105.16033172607422,106.91944024037012,104.6633392082374,105.16033172607422,182789,0.0,0.0
2016-11-08 00:00:00+08:00,104.91185760498047,105.61156817897118,104.70258872465764,104.91185760498047,148048,0.0,0.0
2016-11-09 00:00:00+08:00,102.0410385131836,106.91944319972679,102.02796070956154,102.0410385131836,243778,0.0,0.0
2016-11-10 00:00:00+08:00,105.5003890991211,106.58593086356012,104.63065510590529,105.5003890991211,141600,0.0,0.0
2016-11-11 00:00:00+08:00,94.5272445678711,105.50037944629202,94.16757498039544,94.5272445678711,880444,0.0,0.0
2016-11-14 00:00:00+08:00,92.53273010253906,95.25312935773282,90.24393438273454,92.53273010253906,639738,0.0,0.0
2016-11-15 00:00:00+08:00,93.38284301757812,94.30490010542321,92.53271984432328,93.38284301757812,201772,0.0,0.0
2016-11-16 00:00:00+08:00,100.7004623413086,101.3609394599831,94.1675830852997,100.7004623413086,726673,0.0,0.0
2016-11-17 00:00:00+08:00,100.7004623413086,100.7004623413086,100.7004623413086,100.7004623413086,0,0.0,0.0
2016-11-18 00:00:00+08:00,98.74517059326172,100.05305297209384,97.79695781828106,98.74517059326172,103318,0.0,0.0
2016-11-21 00:00:00+08:00,101.68791198730469,103.32276958133426,98.47052601594262,101.68791198730469,162918,0.0,0.0
2016-11-22 00:00:00+08:00,105.93199157714844,106.58592979054353,101.16475992520446,105.93199157714844,311407,0.0,0.0
2016-11-23 00:00:00+08:00,104.63064575195312,107.88073185243302,104.40829909832726,104.63064575195312,288787,0.0,0.0
2016-11-24 00:00:00+08:00,104.62411499023438,105.21920308278801,103.98978148646796,104.62411499023438,155542,0.0,0.0
2016-11-25 00:00:00+08:00,104.62411499023438,104.63065389243889,102.50534270417182,104.62411499023438,147919,0.0,0.0
2016-11-28 00:00:00+08:00,106.91290283203124,107.56030209438603,104.63064616150126,106.91290283203125,312221,0.0,0.0
2016-11-29 00:00:00+08:00,106.23280334472656,106.72325699678464,104.69604136948658,106.23280334472656,140304,0.0,0.0
2016-11-30 00:00:00+08:00,105.4611587524414,106.59248486372975,104.63719705122575,105.4611587524414,124244,0.0,0.0
2016-12-01 00:00:00+08:00,105.28459167480469,105.88621866710552,104.04210427713616,105.28459167480469,118353,0.0,0.0
2016-12-02 00:00:00+08:00,103.64320373535156,105.5592582041252,101.68791585029915,103.64320373535156,143921,0.0,0.0
2016-12-05 00:00:00+08:00,100.9620361328125,103.3227596658213,99.73915950638121,100.9620361328125,395393,0.0,0.0
2016-12-06 00:00:00+08:00,97.36534881591797,100.96203265409886,96.15555603383781,97.36534881591797,698412,0.0,0.0
2016-12-07 00:00:00+08:00,98.41820526123047,101.18437686817705,96.46291752070717,98.41820526123047,520235,0.0,0.0
2016-12-08 00:00:00+08:00,100.0465087890625,101.08627213586792,98.42473520483699,100.0465087890625,255365,0.0,0.0
2016-12-09 00:00:00+08:00,99.41873931884766,100.55005943534889,98.74517837094277,99.41873931884766,312534,0.0,0.0
2016-12-12 00:00:00+08:00,99.39911651611328,100.49119715168501,98.09777301656005,99.39911651611328,322968,0.0,0.0
2016-12-13 00:00:00+08:00,98.41820526123047,99.39911858260702,98.09777505599904,98.41820526123047,112458,0.0,0.0
2016-12-14 00:00:00+08:00,97.44383239746094,99.39258126685996,94.17412927267264,97.44383239746094,419705,0.0,0.0
2016-12-15 00:00:00+08:00,98.7386245727539,98.7386245727539,97.17570713241022,98.7386245727539,293950,0.0,0.0
2016-12-16 00:00:00+08:00,102.93038940429688,103.84590754130069,97.7707885325569,102.93038940429688,584173,0.0,0.0
2016-12-19 00:00:00+08:00,105.09495544433594,105.93853384675211,102.01489244367794,105.09495544433594,471068,0.0,0.0
2016-12-20 00:00:00+08:00,105.60501098632812,107.05021620044872,103.8524534055769,105.60501098632812,391594,0.0,0.0
2016-12-21 00:00:00+08:00,102.00179290771484,105.87313471998812,99.73262001288137,102.00179290771484,580664,0.0,0.0
2016-12-22 00:00:00+08:00,100.68738555908203,102.0345074170734,98.16317130017073,100.68738555908203,146464,0.0,0.0
2016-12-23 00:00:00+08:00,101.68136596679688,102.00834706110193,100.70699757984468,101.68136596679688,200894,0.0,0.0
2016-12-26 00:00:00+08:00,102.34186553955078,104.61758364080077,101.36094615215711,102.34186553955078,431200,0.0,0.0
2016-12-27 00:00:00+08:00,97.11032104492188,102.34839556508051,96.78335194347903,97.11032104492188,745087,0.0,0.0
2016-12-28 00:00:00+08:00,94.16757899106322,103.9766998029681,93.51364080306563,100.3800277709961,2802765,0.0,0.0
2016-12-29 00:00:00+08:00,98.74517436869169,101.03397011890603,98.09123615376924,98.41820526123047,816657,0.0,0.0
2016-12-30 00:00:00+08:00,99.39910512469474,100.05304325107875,96.1293964957985,97.4372787475586,609845,0.0,0.0
2017-01-03 00:00:00+08:00,97.43728652887243,97.43728652887243,94.49455272715439,95.14849090576172,452928,0.0,0.0
2017-01-04 00:00:00+08:00,95.14849646581534,97.1103231142628,93.84061403318134,96.12940979003906,517030,0.0,0.0
2017-01-05 00:00:00+08:00,97.11031931228108,98.41820169370997,96.12940602646125,96.45637512207031,536475,0.0,0.0
2017-01-06 00:00:00+08:00,96.78334257685286,97.43728071645084,94.16757202148438,94.16757202148438,486709,0.0,0.0
2017-01-09 00:00:00+08:00,94.16757783678113,94.16757783678113,89.26301749094755,89.91696166992188,671390,0.0,0.0
2017-01-10 00:00:00+08:00,90.57089984990367,92.53272638783412,88.93604840095665,89.91696166992188,502747,0.0,0.0
2017-01-11 00:00:00+08:00,90.24394390933337,91.5518264588607,90.24394390933337,90.89788818359375,255797,0.0,0.0
2017-01-12 00:00:00+08:00,91.22484619525979,91.22484619525979,89.5899887084961,89.5899887084961,207654,0.0,0.0
2017-01-13 00:00:00+08:00,89.26301185499099,89.58998092433747,85.66633409520333,88.93604278564453,576058,0.0,0.0
2017-01-16 00:00:00+08:00,88.28209689599603,92.20574964625723,86.64724558271524,90.57089233398438,477406,0.0,0.0
2017-01-17 00:00:00+08:00,90.89787463735821,95.475465878016,89.5899862837481,94.49455261230469,854510,0.0,0.0
2017-01-18 00:00:00+08:00,94.49456197381917,96.78335782089758,93.51364861092941,95.80244445800781,535314,0.0,0.0
2017-01-19 00:00:00+08:00,95.80242736892389,95.80242736892389,92.85968780517578,92.85968780517578,243418,0.0,0.0
2017-01-20 00:00:00+08:00,92.85968780517578,93.51363193011716,90.89786742833577,92.85968780517578,278017,0.0,0.0
2017-01-23 00:00:00+08:00,92.85970474259693,94.16758723204273,92.2057664973706,93.5136489868164,139069,0.0,0.0
2017-01-24 00:00:00+08:00,93.5136489868164,94.16758723204273,92.85970474259693,93.5136489868164,129979,0.0,0.0
2017-02-02 00:00:00+08:00,94.16758342825328,94.16758342825328,93.1866761000364,93.84061431884766,180918,0.0,0.0
2017-02-03 00:00:00+08:00,94.16758113495806,98.74517255112882,94.16758113495806,97.11032104492188,681809,0.0,0.0
2017-02-06 00:00:00+08:00,97.11031901696782,99.72608377187105,96.78334992235308,98.09123229980469,515349,0.0,0.0
2017-02-07 00:00:00+08:00,98.09123229980469,100.0530528664858,97.43728811158257,98.09123229980469,352960,0.0,0.0
2017-02-08 00:00:00+08:00,97.43728652887243,98.0912307064723,95.14849090576172,95.14849090576172,278055,0.0,0.0
2017-02-09 00:00:00+08:00,94.82152170121094,96.78334823263357,93.51363934659337,94.49455261230469,358435,0.0,0.0
2017-02-10 00:00:00+08:00,95.8024420560906,102.99579853827598,94.82152871779387,99.07215118408203,1146369,0.0,0.0
2017-02-13 00:00:00+08:00,99.39911887112054,100.38003219534426,96.12940979003906,96.12940979003906,416211,0.0,0.0
2017-02-14 00:00:00+08:00,96.45638270060557,97.76426518479421,94.82153109511806,95.80244445800781,151881,0.0,0.0
2017-02-15 00:00:00+08:00,96.12940979003906,98.4182055468968,96.12940979003906,96.12940979003906,178290,0.0,0.0
2017-02-16 00:00:00+08:00,96.45637299610115,97.43728626030094,95.14849064349895,96.7833480834961,282684,0.0,0.0
2017-02-17 00:00:00+08:00,96.7833480834961,97.11031717189852,95.47546573089389,96.7833480834961,243017,0.0,0.0
2017-02-20 00:00:00+08:00,97.43728389839195,106.91944122314453,97.43728389839195,106.91944122314453,2304584,0.0,0.0
2017-02-21 00:00:00+08:00,108.55429874657264,109.86218721250106,103.32276887883118,106.2655029296875,1431651,0.0,0.0
2017-02-22 00:00:00+08:00,108.22731790786081,108.88125607100619,105.6115532572945,105.93852233886719,561701,0.0,0.0
2017-02-23 00:00:00+08:00,106.91945276014857,112.47795172400274,105.93853341488922,107.90036010742188,1337671,0.0,0.0
2017-02-24 00:00:00+08:00,108.5542865359377,112.1509704141814,107.24641021511073,109.20823669433594,638394,0.0,0.0
2017-03-01 00:00:00+08:00,109.86218721250106,109.86218721250106,105.93853381270192,106.2655029296875,489437,0.0,0.0
2017-03-02 00:00:00+08:00,107.24640268503306,107.57337174228236,101.68789271784308,102.99578094482422,468515,0.0,0.0
2017-03-03 00:00:00+08:00,103.32275359379781,103.97669173102875,102.01487731933594,102.01487731933594,151622,0.0,0.0
2017-03-06 00:00:00+08:00,102.99579254685864,103.97669982910156,101.68790417254948,103.97669982910156,147280,0.0,0.0
2017-03-07 00:00:00+08:00,103.97668811657215,104.63063822905468,102.99578094482422,102.99578094482422,144805,0.0,0.0
2017-03-08 00:00:00+08:00,102.99579853827598,102.99579853827598,98.0912378457853,99.07215118408203,403094,0.0,0.0
2017-03-09 00:00:00+08:00,98.41819949592211,100.380026023752,97.11031714369967,99.72608184814453,249430,0.0,0.0
2017-03-10 00:00:00+08:00,100.05305852338579,100.38003363548002,98.0912378457853,99.07215118408203,101001,0.0,0.0
2017-03-13 00:00:00+08:00,99.39911046485928,107.24641039600385,99.39911046485928,104.63064575195312,612768,0.0,0.0
2017-03-14 00:00:00+08:00,105.93852207498611,105.93852207498611,102.99578835017712,104.63064575195312,278039,0.0,0.0
2017-03-15 00:00:00+08:00,104.63065728582623,106.9194531014222,104.63065728582623,105.61156463623047,294588,0.0,0.0
2017-03-16 00:00:00+08:00,107.57338334300388,107.90035243551357,104.30368041992188,104.30368041992188,305890,0.0,0.0
2017-03-17 00:00:00+08:00,105.61156113074748,106.26549934264463,103.32276539112172,103.64973449707031,400760,0.0,0.0
2017-03-20 00:00:00+08:00,104.30368727162102,113.7858395692242,103.32276793167028,113.13188934326172,1935411,0.0,0.0
2017-03-21 00:00:00+08:00,113.13188582500678,115.093712445912,110.5161209964617,111.17005920410156,1061519,0.0,0.0
2017-03-22 00:00:00+08:00,109.86218946148679,116.72857705270387,108.55430096878463,114.43978118896484,1220415,0.0,0.0
2017-03-23 00:00:00+08:00,115.4206850039922,116.40160434279414,111.49704364274234,111.82401275634766,957066,0.0,0.0
2017-03-24 00:00:00+08:00,112.15096658687142,112.15096658687142,106.91943748612732,107.24640655517578,724001,0.0,0.0
2017-03-27 00:00:00+08:00,107.2464146565882,109.86217940455558,103.32276153564453,103.32276153564453,578353,0.0,0.0
2017-03-28 00:00:00+08:00,104.30367693100374,107.24641066314274,102.01488136201012,105.93852233886719,678274,0.0,0.0
2017-03-29 00:00:00+08:00,107.90034837552422,111.82400133397465,107.24641021511073,109.20823669433594,943343,0.0,0.0
2017-03-30 00:00:00+08:00,111.17006253115105,114.1128085495709,110.51612430394039,111.82401275634766,1122298,0.0,0.0
2017-03-31 00:00:00+08:00,112.80490861965912,114.76673509966805,111.82400137864701,112.15097045898438,836406,0.0,0.0
2017-04-05 00:00:00+08:00,112.80490861965912,113.78582785865595,111.49703229830965,112.15097045898438,440200,0.0,0.0
2017-04-06 00:00:00+08:00,112.4779437028641,113.78583207061179,110.18914805779454,110.84308624267578,436850,0.0,0.0
2017-04-07 00:00:00+08:00,112.15097851354697,112.47794761736691,109.86218278882183,111.17005920410156,280306,0.0,0.0
2017-04-10 00:00:00+08:00,111.17006368044338,112.80492126335736,105.28459557873076,106.2655029296875,561711,0.0,0.0
2017-04-11 00:00:00+08:00,105.61156113074748,106.91944955252748,103.32276539112172,103.64973449707031,482183,0.0,0.0
2017-04-12 00:00:00+08:00,103.97669947401303,109.2082409553983,103.32276128808434,108.55429077148438,526771,0.0,0.0
2017-04-13 00:00:00+08:00,109.2082489170182,109.2082489170182,104.63065728582623,105.61156463623047,303785,0.0,0.0
2017-04-14 00:00:00+08:00,105.28458817694853,105.28458817694853,100.3800277709961,100.3800277709961,467827,0.0,0.0
2017-04-17 00:00:00+08:00,101.36093126659671,102.99578867350489,98.74516661433448,100.70699310302734,232064,0.0,0.0
2017-04-18 00:00:00+08:00,102.668823348149,104.9576190023686,102.01488516065348,103.32276153564453,274399,0.0,0.0
2017-04-19 00:00:00+08:00,103.64972651169361,106.9194413152456,102.34185018866063,104.63064575195312,341492,0.0,0.0
2017-04-20 00:00:00+08:00,104.63065346508138,105.61156077966633,103.97670325737245,105.28459167480469,203210,0.0,0.0
2017-04-21 00:00:00+08:00,106.5924839846208,108.55429868542927,105.61156463623047,105.61156463623047,330888,0.0,0.0
2017-04-24 00:00:00+08:00,106.91944526844905,107.24641436129654,104.63064962053141,104.9576187133789,295795,0.0,0.0
2017-04-25 00:00:00+08:00,107.24641812647324,109.20824475041864,105.61156060685447,108.22732543945312,507413,0.0,0.0
2017-04-26 00:00:00+08:00,108.88125969004685,111.49703642554222,108.55429059760621,110.84308624267578,504200,0.0,0.0
2017-04-27 00:00:00+08:00,110.51611693113897,110.51611693113897,109.2082405639693,109.53520965576172,184326,0.0,0.0
2017-04-28 00:00:00+08:00,109.86218679995454,109.86218679995454,107.57339099166411,107.90036010742188,187827,0.0,0.0
2017-05-02 00:00:00+08:00,108.55429833893741,108.55429833893741,107.24642187590634,107.90036010742188,78937,0.0,0.0
2017-05-03 00:00:00+08:00,107.2464142504942,107.2464142504942,103.976699329427,104.30368041992188,246992,0.0,0.0
2017-05-04 00:00:00+08:00,104.63064601257643,106.26549142043989,104.30367693100374,105.93852233886719,137181,0.0,0.0
2017-05-05 00:00:00+08:00,109.2082472452571,116.40160369873047,109.2082472452571,116.40160369873047,1589120,0.0,0.0
2017-05-08 00:00:00+08:00,117.70948442374073,119.0173729164429,113.78584294160693,114.43978118896484,1220539,0.0,0.0
2017-05-09 00:00:00+08:00,115.09371466492524,120.97919464111328,112.15098067582414,120.97919464111328,1439176,0.0,0.0
2017-05-10 00:00:00+08:00,121.63313611506692,132.7501461465911,119.34434028498801,127.19163513183594,3016833,0.0,0.0
2017-05-11 00:00:00+08:00,127.19163472249367,133.73105307281415,124.9028388997808,128.8264923095703,1216589,0.0,0.0
2017-05-12 00:00:00+08:00,128.17254277958043,131.44224566762676,125.22979698255514,126.2107162475586,647965,0.0,0.0
2017-05-15 00:00:00+08:00,126.21072708772806,136.34681770944147,124.90283862138466,131.76922607421875,1173141,0.0,0.0
2017-05-16 00:00:00+08:00,131.7692066196657,135.0389213037868,127.19161566028363,127.84556579589844,755981,0.0,0.0
2017-05-17 00:00:00+08:00,127.84556194818454,129.4804072430575,122.61402101063914,123.59494018554688,892847,0.0,0.0
2017-05-18 00:00:00+08:00,119.67131047466954,122.61404456882063,119.34434135287344,120.32524871826172,561229,0.0,0.0
2017-05-19 00:00:00+08:00,121.63313710151081,121.63313710151081,117.70948364727296,119.01737213134766,381850,0.0,0.0
2017-05-22 00:00:00+08:00,120.97918728315774,120.97918728315774,118.69039165350905,119.34432983398438,176921,0.0,0.0
2017-05-23 00:00:00+08:00,120.32524824303864,124.5758708055726,119.67131000202917,121.30616760253906,609679,0.0,0.0
2017-05-24 00:00:00+08:00,121.30615987906118,121.30615987906118,119.99827148232836,120.6522216796875,239301,0.0,0.0
2017-05-25 00:00:00+08:00,120.65220665679156,124.90281642144525,120.65220665679156,123.59494018554688,511709,0.0,0.0
2017-05-26 00:00:00+08:00,123.59495200304409,123.59495200304409,119.0173607437467,119.34432983398438,407662,0.0,0.0
2017-05-31 00:00:00+08:00,119.34434163877765,119.99827988393642,115.4206881718524,116.72857666015625,383565,0.0,0.0
2017-06-01 00:00:00+08:00,117.05553828032933,118.69039578643013,112.8049159632586,113.78583526611328,539294,0.0,0.0
2017-06-02 00:00:00+08:00,115.42068436535607,117.0555419223228,113.78583880637524,116.40160369873047,275590,0.0,0.0
2017-06-05 00:00:00+08:00,115.09372326056325,117.0555500658093,113.45886558986041,114.1128158569336,271742,0.0,0.0
2017-06-06 00:00:00+08:00,114.43977364875612,116.07463115741973,112.80491614009252,115.09371185302734,259803,0.0,0.0
2017-06-07 00:00:00+08:00,115.0937116726055,115.7476498758516,113.13188506488164,113.78583526611328,196150,0.0,0.0
2017-06-08 00:00:00+08:00,113.78583880637524,117.0555419223228,113.45885769659317,116.40160369873047,275685,0.0,0.0
2017-06-09 00:00:00+08:00,115.74765768368066,118.36343466908498,114.11281206528588,114.43978118896484,363299,0.0,0.0
2017-06-12 00:00:00+08:00,114.43978118896484,115.42068856000171,114.11281206528588,114.43978118896484,217778,0.0,0.0
2017-06-13 00:00:00+08:00,114.76673857468698,122.61403273434601,114.76673857468698,119.34432983398438,1052740,0.0,0.0
2017-06-14 00:00:00+08:00,120.97917541294017,122.61402070372091,117.05552271909849,118.36341094970703,693785,0.0,0.0
2017-06-15 00:00:00+08:00,119.67130681467805,119.67130681467805,116.40160369873047,116.40160369873047,349932,0.0,0.0
2017-06-16 00:00:00+08:00,117.05553822275651,119.01736482951544,115.42068071745982,117.38250732421875,313940,0.0,0.0
2017-06-19 00:00:00+08:00,118.03645276879507,119.01737213134766,117.70948364727296,119.01737213134766,143686,0.0,0.0
2017-06-20 00:00:00+08:00,119.34432608604624,119.998264245985,117.70946868821459,119.67129516601562,270660,0.0,0.0
2017-06-21 00:00:00+08:00,120.97919464111328,124.57586685046222,120.97919464111328,120.97919464111328,822923,0.0,0.0
2017-06-22 00:00:00+08:00,121.96010622303292,122.28707534455503,119.01737213134766,119.01737213134766,264692,0.0,0.0
2017-06-23 00:00:00+08:00,119.67130303243992,119.67130303243992,116.72856912129427,117.38250732421875,178045,0.0,0.0
2017-06-26 00:00:00+08:00,117.38249580276766,117.70946487213689,116.72855766402922,117.05552673339844,129618,0.0,0.0
2017-06-27 00:00:00+08:00,117.38249580276766,118.36341500885968,117.05552673339845,117.05552673339844,126853,0.0,0.0
2017-06-28 00:00:00+08:00,117.70948014591514,118.36343036749338,115.0937152535599,116.40160369873047,173999,0.0,0.0
2017-06-29 00:00:00+08:00,117.70947666809779,117.70947666809779,114.43977364875612,115.09371185302734,275583,0.0,0.0
2017-06-30 00:00:00+08:00,114.43977766317623,115.09371589038687,112.80492009716363,111.82401275634766,286243,0.0,0.0
2017-07-03 00:00:00+08:00,115.84162902832031,117.51564477222203,114.8372269531966,115.84162902832031,239361,3.326677,0.0
2017-07-04 00:00:00+08:00,115.84162902832031,116.84604338880624,115.84162902832031,115.84162902832031,117847,0.0,0.0
2017-07-05 00:00:00+08:00,116.51123826313712,119.85925733816585,116.51123826313712,117.8504409790039,387233,0.0,0.0
2017-07-06 00:00:00+08:00,119.18967141029925,119.18967141029925,117.5156555133891,118.18525695800781,150367,0.0,0.0
2017-07-07 00:00:00+08:00,118.18524612646986,118.18524612646986,115.50682830810547,115.50682830810547,166051,0.0,0.0
2017-07-10 00:00:00+08:00,115.84161781638561,116.17641847568923,112.49359893798828,112.49359893798828,191241,0.0,0.0
2017-07-11 00:00:00+08:00,112.49360649051567,113.83280921764077,111.15439147802871,111.82400512695312,252756,0.0,0.0
2017-07-12 00:00:00+08:00,112.8284117952718,112.8284117952718,108.47597818305708,110.81959533691406,418447,0.0,0.0
2017-07-13 00:00:00+08:00,111.82401577563388,115.17203519763078,111.82401577563388,114.16763305664062,265730,0.0,0.0
2017-07-14 00:00:00+08:00,114.16763306317293,115.17203520422055,112.49361720939717,114.50243377685547,145575,0.0,0.0
2017-07-17 00:00:00+08:00,117.5156478881836,119.52446437705758,116.51124578642789,117.5156478881836,597713,0.0,0.0
2017-07-18 00:00:00+08:00,119.52446746826172,121.19848329984472,117.8504516366787,119.52446746826172,505381,0.0,0.0
2017-07-19 00:00:00+08:00,121.19847120250209,124.88129092195113,119.5244555380098,122.20287322998047,939556,0.0,0.0
2017-07-20 00:00:00+08:00,125.21608308819133,129.90331680193972,124.54648178204465,127.22489929199219,1552873,0.0,0.0
2017-07-21 00:00:00+08:00,127.89450059813886,130.23811745501305,126.22049733277217,127.22489929199219,627893,0.0,0.0
2017-07-24 00:00:00+08:00,127.22489138715862,134.92534278547757,127.22489138715862,132.58172607421875,1450920,0.0,0.0
2017-07-25 00:00:00+08:00,134.59055586652494,145.63903928399722,133.92095453375734,142.6258087158203,1709648,0.0,0.0
2017-07-26 00:00:00+08:00,141.28660261363402,145.3042350832376,139.9473876953125,139.9473876953125,933995,0.0,0.0
2017-07-27 00:00:00+08:00,140.28219916305503,143.9650312582006,139.61259779497837,141.6214141845703,592663,0.0,0.0
2017-07-28 00:00:00+08:00,141.95621171326619,144.63462941140008,138.27339198534273,140.28219604492188,874422,0.0,0.0
2017-07-31 00:00:00+08:00,141.28661036007315,152.0002811526087,138.94299333853579,140.28219604492188,2069816,0.0,0.0
2017-08-01 00:00:00+08:00,141.95622249781331,142.96063688927086,139.2778045961975,141.28662109375,589593,0.0,0.0
2017-08-02 00:00:00+08:00,142.62580486211067,143.6302191194844,137.60377043132488,137.93858337402344,707312,0.0,0.0
2017-08-03 00:00:00+08:00,136.93418711800786,136.93418711800786,128.56413272815846,129.23373413085938,1093277,0.0,0.0
2017-08-04 00:00:00+08:00,131.9121381500487,141.95620727539062,131.9121381500487,141.95620727539062,1463471,0.0,0.0
2017-08-07 00:00:00+08:00,148.31746241100757,155.68311420119832,144.63463037323132,150.99588012695312,1775871,0.0,0.0
2017-08-08 00:00:00+08:00,151.33070258720412,151.66550331421584,143.295448282832,144.2998504638672,843402,0.0,0.0
2017-08-09 00:00:00+08:00,139.2778076116208,139.2778076116208,130.2381393196032,131.9121551513672,991261,0.0,0.0
2017-08-10 00:00:00+08:00,131.57735604513854,135.9297898895344,123.20728906970601,128.2293243408203,1175479,0.0,0.0
2017-08-11 00:00:00+08:00,124.54648178204465,129.23371549579304,124.54648178204465,127.22489929199219,423738,0.0,0.0
2017-08-14 00:00:00+08:00,128.5641262058328,129.9033289432941,123.20727839990161,123.5420913696289,436835,0.0,0.0
2017-08-15 00:00:00+08:00,126.55529798584551,128.56411418964635,123.87688047589798,127.22489929199219,262152,0.0,0.0
2017-08-16 00:00:00+08:00,126.55533312842151,128.56414989004156,124.21171562075881,125.21611785888672,222945,0.0,0.0
2017-08-17 00:00:00+08:00,132.5817404259973,137.60377502441406,131.91213908897146,137.60377502441406,1112581,0.0,0.0
2017-08-18 00:00:00+08:00,137.2690000992891,139.27781677246094,131.9121638277399,139.27781677246094,1119976,0.0,0.0
2017-08-21 00:00:00+08:00,138.27338505190212,138.27338505190212,133.2513505840507,134.25575256347656,571861,0.0,0.0
2017-08-22 00:00:00+08:00,134.5905607463167,136.59937710281363,132.91654506834226,133.25135803222656,401000,0.0,0.0
2017-08-23 00:00:00+08:00,135.26018721059972,135.26018721059972,129.9033507891701,130.5729522705078,541148,0.0,0.0
2017-08-24 00:00:00+08:00,130.90773051356638,136.93416681507318,130.90773051356638,132.91653442382812,886405,0.0,0.0
2017-08-25 00:00:00+08:00,133.92094852557636,134.92535047966666,131.24253102930814,132.24693298339844,604807,0.0,0.0
2017-08-28 00:00:00+08:00,133.58614025639258,133.58614025639258,130.57290999523119,132.58172607421875,185169,0.0,0.0
2017-08-29 00:00:00+08:00,132.2469404630459,133.2513547593048,131.24253845214844,131.24253845214844,125049,0.0,0.0
2017-08-30 00:00:00+08:00,133.2513625363164,134.25576460583426,130.90774542207924,131.5773468017578,258756,0.0,0.0
2017-08-31 00:00:00+08:00,131.57735295468132,140.61702114451072,130.90775154369032,136.26458740234375,1142564,0.0,0.0
2017-09-01 00:00:00+08:00,137.60378880067665,146.6434568969816,134.92537089906085,141.28662109375,1510606,0.0,0.0
2017-09-04 00:00:00+08:00,141.9562003424271,143.9650165264597,137.2689666748047,137.2689666748047,975174,0.0,0.0
2017-09-05 00:00:00+08:00,138.60820151110354,140.28220500095958,134.9253692626953,134.9253692626953,533986,0.0,0.0
2017-09-06 00:00:00+08:00,133.92094088866384,134.25574152093506,131.91212480967624,132.58172607421875,622002,0.0,0.0
2017-09-07 00:00:00+08:00,134.25575677020228,136.5993737476578,131.24253845214844,131.24253845214844,487573,0.0,0.0
2017-09-08 00:00:00+08:00,131.24255373280673,132.91655727920786,130.9077530235265,131.9121551513672,251578,0.0,0.0
2017-09-11 00:00:00+08:00,132.58174236009754,133.25135599225308,127.22490701502241,127.8945083618164,484663,0.0,0.0
2017-09-12 00:00:00+08:00,128.22929338484104,129.23370756780497,126.55529022216797,126.55529022216797,244808,0.0,0.0
2017-09-13 00:00:00+08:00,128.22931974144538,131.24255062432476,127.89451904009493,129.23373413085938,239590,0.0,0.0
2017-09-14 00:00:00+08:00,128.89890683387495,132.91652670649,126.89009075488737,132.58172607421875,427092,0.0,0.0
2017-09-15 00:00:00+08:00,134.25574889449055,134.25574889449055,130.57291716651926,130.90773010253906,180380,0.0,0.0
2017-09-18 00:00:00+08:00,130.57292163674225,131.57733590846678,129.23371898825775,129.9033203125,91562,0.0,0.0
2017-09-19 00:00:00+08:00,129.90333553356032,131.91215202702568,128.8989334295089,129.23373413085938,581962,0.0,0.0
2017-09-20 00:00:00+08:00,130.57294161969784,130.57294161969784,127.22492220074267,128.2293243408203,133466,0.0,0.0
2017-09-21 00:00:00+08:00,129.90331260514753,134.92534680972219,129.56851196289062,129.56851196289062,779396,0.0,0.0
2017-09-22 00:00:00+08:00,130.57290999523119,134.59054215320631,129.2337074661462,132.58172607421875,620474,0.0,0.0
2017-09-25 00:00:00+08:00,134.59057458385237,145.30425882487827,133.25137173207602,138.94300842285156,1840035,0.0,0.0
2017-09-26 00:00:00+08:00,142.62581406366837,145.9738454237657,133.92095955521117,134.59056091308594,1238761,0.0,0.0
2017-09-27 00:00:00+08:00,137.26896226243298,139.2777783818942,132.91652938449374,138.27337646484375,410199,0.0,0.0
2017-09-28 00:00:00+08:00,140.61701213245533,145.97384764779255,138.9429964269017,141.6214141845703,1223124,0.0,0.0
2017-09-29 00:00:00+08:00,143.96502016491607,144.63462148139632,138.9429857205921,139.9473876953125,559350,0.0,0.0
2017-10-02 00:00:00+08:00,143.96501099698278,153.6742786090881,140.95179297934737,148.31744384765625,1592147,0.0,0.0
2017-10-03 00:00:00+08:00,148.9870647723419,149.9914791009391,144.29983066652002,145.3042449951172,564046,0.0,0.0
2017-10-05 00:00:00+08:00,145.63902646694032,150.66106059145272,145.63902646694032,148.31744384765625,705428,0.0,0.0
2017-10-06 00:00:00+08:00,149.99149173747375,153.00471040640025,143.9650421142578,143.9650421142578,727557,0.0,0.0
2017-10-11 00:00:00+08:00,144.29981624693724,145.30423047516538,140.95179748535156,140.95179748535156,221500,0.0,0.0
2017-10-12 00:00:00+08:00,141.62140228505504,144.6346204735811,141.2866016291478,143.63021850585938,274268,0.0,0.0
2017-10-13 00:00:00+08:00,143.29542661547612,143.29542661547612,138.2733918989429,139.6125946044922,577693,0.0,0.0
2017-10-16 00:00:00+08:00,138.60818155927996,138.60818155927996,136.26456472546874,137.2689666748047,281572,0.0,0.0
2017-10-17 00:00:00+08:00,138.6082045960821,139.94740741777332,135.59498596191406,135.59498596191406,464469,0.0,0.0
2017-10-18 00:00:00+08:00,137.2689707871152,138.60818571171075,134.25575256347656,134.25575256347656,339317,0.0,0.0
2017-10-19 00:00:00+08:00,134.92535728906233,137.93858787412609,134.92535728906233,136.93417358398438,147900,0.0,0.0
2017-10-20 00:00:00+08:00,136.93416162341617,138.60817710386056,135.26014614297176,138.27337646484375,186372,0.0,0.0
2017-10-23 00:00:00+08:00,139.2777982731835,139.2777982731835,136.59938049316406,136.59938049316406,143596,0.0,0.0
2017-10-24 00:00:00+08:00,135.92976066283222,140.28218128603686,134.92534645335394,135.26014709472656,315269,0.0,0.0
2017-10-25 00:00:00+08:00,135.9297671446369,138.6081846886986,135.9297671446369,137.93858337402344,388547,0.0,0.0
2017-10-26 00:00:00+08:00,136.5993718364311,141.95620705699045,136.5993718364311,140.61700439453125,411221,0.0,0.0
2017-10-27 00:00:00+08:00,140.28220354573284,141.95621930358584,138.27339937874407,138.6082000732422,311427,0.0,0.0
2017-10-30 00:00:00+08:00,138.6082000732422,140.61701652559333,137.93859868424593,138.6082000732422,129859,0.0,0.0
2017-10-31 00:00:00+08:00,138.94298998382718,139.94739198936597,137.26897435590112,137.60377502441406,192384,0.0,0.0
2017-11-01 00:00:00+08:00,138.94298998382718,140.95180628026617,137.26897435590112,137.60377502441406,233265,0.0,0.0
2017-11-02 00:00:00+08:00,138.27338090950133,139.27778285883724,136.93416602502603,137.2689666748047,250219,0.0,0.0
2017-11-03 00:00:00+08:00,139.27779065234012,139.27779065234012,136.9341736873882,137.60377502441406,198396,0.0,0.0
2017-11-06 00:00:00+08:00,136.59938042606984,136.59938042606984,135.26016539403687,135.92977905273438,110759,0.0,0.0
2017-11-07 00:00:00+08:00,134.59054954514963,135.92976443314666,129.9033158652011,130.90773010253906,369141,0.0,0.0
2017-11-08 00:00:00+08:00,130.90776739770428,131.2425681437469,120.86368358960397,125.21611785888672,814145,0.0,0.0
2017-11-09 00:00:00+08:00,126.55533312842151,128.56414989004156,124.88131711284409,125.21611785888672,675750,0.0,0.0
2017-11-10 00:00:00+08:00,125.21608391333366,125.21608391333366,119.85924885813841,122.87246704101562,601525,0.0,0.0
2017-11-13 00:00:00+08:00,122.5376784137306,123.87689345166389,117.85044420900725,120.52886199951172,349195,0.0,0.0
2017-11-14 00:00:00+08:00,120.52886186978209,121.5332762184915,116.17642835788622,119.18965911865234,455709,0.0,0.0
2017-11-15 00:00:00+08:00,119.85928135147606,125.885719350972,117.18086309777071,125.21611785888672,512442,0.0,0.0
2017-11-16 00:00:00+08:00,125.21609164313622,125.88569299503104,121.8680725983005,122.53767395019531,151827,0.0,0.0
2017-11-17 00:00:00+08:00,124.54649482794949,125.21609620423507,119.85926062322613,120.52886199951172,350055,0.0,0.0
2017-11-20 00:00:00+08:00,120.5288517471102,120.5288517471102,112.49359905908987,113.16320037841797,850097,0.0,0.0
2017-11-21 00:00:00+08:00,113.83280514515515,118.5200390931261,112.49360246594141,116.17642211914062,498996,0.0,0.0
2017-11-22 00:00:00+08:00,118.18525531390951,127.55972454961487,117.51565387860575,123.20729064941406,1107735,0.0,0.0
2017-11-23 00:00:00+08:00,123.20730109726667,126.55533312842151,122.53769960518139,125.21611785888672,346298,0.0,0.0
2017-11-24 00:00:00+08:00,127.22489929199219,128.8989148427197,125.21608308819133,127.22489929199219,344228,0.0,0.0
2017-11-27 00:00:00+08:00,127.22490798418232,128.22931001202454,122.53767395019533,122.53767395019531,239289,0.0,0.0
2017-11-28 00:00:00+08:00,122.53765806103246,126.89009085470259,122.53765806103246,126.55529022216797,212824,0.0,0.0
2017-11-29 00:00:00+08:00,128.2293047165332,132.24693723270906,127.89450405441207,129.9033203125,969658,0.0,0.0
2017-11-30 00:00:00+08:00,129.90332563006632,129.90332563006632,122.20287322998047,122.20287322998047,668078,0.0,0.0
2017-12-01 00:00:00+08:00,127.22491907092184,128.2293211862905,122.53768462847596,124.21170043945312,578357,0.0,0.0
2017-12-04 00:00:00+08:00,124.2117050877329,126.22052167900736,122.53768921411032,123.20729064941406,159919,0.0,0.0
2017-12-05 00:00:00+08:00,120.52883550387448,125.88566990730014,117.85041830216164,118.52001953125,435276,0.0,0.0
2017-12-06 00:00:00+08:00,118.85485843086991,120.52886186978209,115.50682698232134,119.18965911865234,280159,0.0,0.0
2017-12-07 00:00:00+08:00,119.18966048670791,119.18966048670791,114.50242623322966,115.50682830810547,208135,0.0,0.0
2017-12-08 00:00:00+08:00,118.85483909203685,123.20725961038968,116.51122237352683,121.19845581054688,307914,0.0,0.0
2017-12-11 00:00:00+08:00,123.87689331833066,123.87689331833066,119.18965911865234,119.18965911865234,188776,0.0,0.0
2017-12-12 00:00:00+08:00,119.85924530029297,121.1984601670196,119.1896440096099,119.85924530029297,157514,0.0,0.0
2017-12-13 00:00:00+08:00,119.85926059124343,120.52886196735034,118.85485852708304,120.19406127929688,50500,0.0,0.0
2017-12-14 00:00:00+08:00,121.19844901832224,122.87245209104313,118.52001953125,118.52001953125,175843,0.0,0.0
2017-12-15 00:00:00+08:00,118.52004998993931,118.52004998993931,115.50683139930962,117.5156478881836,141907,0.0,0.0
2017-12-18 00:00:00+08:00,116.51125334646103,118.52005768031718,116.51125334646103,118.18525695800781,62524,0.0,0.0
2017-12-19 00:00:00+08:00,118.18521891670582,118.52001953125,116.17640294408135,118.52001953125,153943,0.0,0.0
2017-12-20 00:00:00+08:00,117.5156434895071,120.19406127929688,117.5156434895071,120.19406127929688,86572,0.0,0.0
2017-12-21 00:00:00+08:00,119.52445980643478,121.5332762184915,119.18965911865234,119.18965911865234,121446,0.0,0.0
2017-12-22 00:00:00+08:00,118.52004545772537,120.19406118199966,118.52004545772537,119.18965911865234,32464,0.0,0.0
2017-12-25 00:00:00+08:00,119.85926507764282,119.85926507764282,117.5156478881836,117.5156478881836,46893,0.0,0.0
2017-12-26 00:00:00+08:00,116.84603574410893,118.5200390931261,116.17642211914062,116.17642211914062,78192,0.0,0.0
2017-12-27 00:00:00+08:00,116.51124574728115,117.5156478486994,116.51124574728115,116.8460464477539,39679,0.0,0.0
2017-12-28 00:00:00+08:00,117.85044856902705,118.52004997008537,117.18084716796875,117.18084716796875,37430,0.0,0.0
2017-12-29 00:00:00+08:00,117.85044852920313,119.52446431664578,115.84163204134448,116.51124572753906,91394,0.0,0.0
2018-01-02 00:00:00+08:00,117.18084283272167,121.19847566115942,117.18084283272167,120.52886199951172,152932,0.0,0.0
2018-01-03 00:00:00+08:00,123.20727525745885,123.54208821864663,120.52885756548818,122.20287322998047,248898,0.0,0.0
2018-01-04 00:00:00+08:00,121.86808777880655,123.54210365242913,120.52887262283585,123.20729064941406,221241,0.0,0.0
2018-01-05 00:00:00+08:00,123.20727839990161,124.21169273835956,120.528860639617,123.5420913696289,138307,0.0,0.0
2018-01-08 00:00:00+08:00,123.87689345166389,124.2116941398067,120.19406131136893,120.52886199951172,60240,0.0,0.0
2018-01-09 00:00:00+08:00,119.52445980643478,121.19847553070906,118.85485843086991,119.18965911865234,60120,0.0,0.0
2018-01-10 00:00:00+08:00,119.18965924694054,120.52886199951172,117.18084283272167,120.52886199951172,111823,0.0,0.0
2018-01-11 00:00:00+08:00,120.52886199951172,121.19847566115942,118.52004558529285,120.52886199951172,102204,0.0,0.0
2018-01-12 00:00:00+08:00,119.52445993508334,121.19847566115942,119.52445993508334,120.52886199951172,34869,0.0,0.0
2018-01-15 00:00:00+08:00,120.5288695959938,121.19848329984472,119.52446746826172,119.52446746826172,27655,0.0,0.0
2018-01-16 00:00:00+08:00,118.85485843086991,119.85926049421722,118.85485843086991,119.18965911865234,57716,0.0,0.0
2018-01-17 00:00:00+08:00,119.18966975222834,125.21610724068853,119.18966975222834,123.20729064941406,353567,0.0,0.0
2018-01-18 00:00:00+08:00,123.87690733771754,127.89452833115075,123.2072936010091,124.5465087890625,442036,0.0,0.0
2018-01-19 00:00:00+08:00,124.54648178204465,131.91213300574057,124.54648178204465,127.22489929199219,689323,0.0,0.0
2018-01-22 00:00:00+08:00,126.55532077402424,130.57294161969784,125.88570706194277,128.2293243408203,308139,0.0,0.0
2018-01-23 00:00:00+08:00,128.56411003611987,131.91212874404948,127.8944964662456,129.56851196289062,297072,0.0,0.0
2018-01-24 00:00:00+08:00,130.23813052329686,136.93418111273758,130.23813052329686,135.92977905273438,1060819,0.0,0.0
2018-01-25 00:00:00+08:00,136.26457650913497,141.95621261828538,133.92095947265625,133.92095947265625,778735,0.0,0.0
2018-01-26 00:00:00+08:00,135.9297671446369,140.28218797538656,134.255751572588,137.93858337402344,387535,0.0,0.0
2018-01-29 00:00:00+08:00,137.603787040177,138.6082014187841,130.57293553137706,133.58616638183594,476872,0.0,0.0
2018-01-30 00:00:00+08:00,131.57733590846678,132.58173789483018,129.9033203125,129.9033203125,175670,0.0,0.0
2018-01-31 00:00:00+08:00,128.8989334295089,131.24255062432476,128.56413272815846,129.23373413085938,134692,0.0,0.0
2018-02-01 00:00:00+08:00,129.5685394796202,130.57294161969784,127.8945236274611,128.2293243408203,150480,0.0,0.0
2018-02-02 00:00:00+08:00,128.22930784873313,131.91213979274676,126.89010516753652,131.24253845214844,129992,0.0,0.0
2018-02-05 00:00:00+08:00,126.55529798584551,128.8989148427197,125.88568439433801,127.22489929199219,137169,0.0,0.0
2018-02-06 00:00:00+08:00,123.87689331833066,123.87689331833066,114.50242491897403,119.18965911865234,522136,0.0,0.0
2018-02-07 00:00:00+08:00,119.52445980643478,121.86807690627394,118.18524476994294,119.18965911865234,142123,0.0,0.0
2018-02-08 00:00:00+08:00,119.18964459025082,119.18964459025082,114.83721160888672,114.83721160888672,116767,0.0,0.0
2018-02-09 00:00:00+08:00,114.83721160888672,114.83721160888672,114.83721160888672,114.83721160888672,0,0.0,0.0
2018-02-12 00:00:00+08:00,119.18966365650623,119.18966365650623,116.51124576691045,117.18084716796875,87799,0.0,0.0
2018-02-21 00:00:00+08:00,119.18965911865234,120.19406118199966,119.18965911865234,119.18965911865234,98602,0.0,0.0
2018-02-22 00:00:00+08:00,118.85485530126576,119.52445665919916,117.8504409790039,117.8504409790039,70983,0.0,0.0
2018-02-23 00:00:00+08:00,118.52004561674299,122.8724791344785,118.52004561674299,120.86366271972656,171955,0.0,0.0
2018-02-26 00:00:00+08:00,120.86363611841865,121.53324963286641,118.52001953125,118.52001953125,135991,0.0,0.0
2018-02-27 00:00:00+08:00,120.19406888674978,120.5288695959938,118.52005305516676,119.52446746826172,105811,0.0,0.0
2018-03-01 00:00:00+08:00,119.52446744619647,119.52446744619647,117.51565090574027,118.85486602783203,28857,0.0,0.0
2018-03-02 00:00:00+08:00,117.51561768761746,118.85483243115358,117.18081707307329,118.52001953125,50500,0.0,0.0
2018-03-05 00:00:00+08:00,120.52885869609925,121.5332730183611,117.8504409790039,117.8504409790039,94989,0.0,0.0
2018-03-06 00:00:00+08:00,118.52004995011764,118.52004995011764,116.8460464477539,116.8460464477539,164740,0.0,0.0
2018-03-07 00:00:00+08:00,117.51564474321933,118.18524612646986,115.1720276164802,115.50682830810547,210444,0.0,0.0
2018-03-08 00:00:00+08:00,115.84163209989485,118.52004998993931,115.84163209989485,117.5156478881836,133466,0.0,0.0
2018-03-09 00:00:00+08:00,115.84162902832031,116.51124269709834,113.83281259271068,115.84162902832031,202207,0.0,0.0
2018-03-12 00:00:00+08:00,116.17642972002821,117.85044546392993,115.84162902832031,115.84162902832031,86572,0.0,0.0
2018-03-13 00:00:00+08:00,116.51124576691045,117.51564786849791,116.17643278101873,117.18084716796875,41012,0.0,0.0
2018-03-14 00:00:00+08:00,117.5156403000372,119.52445665919916,117.5156403000372,117.8504409790039,93787,0.0,0.0
2018-03-15 00:00:00+08:00,117.85044408216051,120.19406118199966,117.18084270659563,119.18965911865234,187574,0.0,0.0
2018-03-16 00:00:00+08:00,119.18965598023246,119.52445665919916,117.5156403000372,117.8504409790039,119037,0.0,0.0
2018-03-19 00:00:00+08:00,117.85043759876794,117.85043759876794,115.1720199584961,115.1720199584961,190223,0.0,0.0
2018-03-20 00:00:00+08:00,115.1720199584961,115.1720199584961,113.16320365695186,115.1720199584961,138276,0.0,0.0
2018-03-21 00:00:00+08:00,115.17202010973033,117.5156370837158,115.17202010973033,116.17642211914062,72168,0.0,0.0
2018-03-22 00:00:00+08:00,116.8460464674396,119.52446435703538,116.8460464674396,117.18084716796875,175598,0.0,0.0
2018-03-23 00:00:00+08:00,115.8416224642493,115.8416224642493,111.48918914794922,111.48918914794922,410081,0.0,0.0
2018-03-26 00:00:00+08:00,111.48918467471634,113.49800091589917,111.48918467471634,112.49359893798828,61324,0.0,0.0
2018-03-27 00:00:00+08:00,114.16761795040469,116.1764219665875,113.83280499567947,115.1720199584961,143145,0.0,0.0
2018-03-28 00:00:00+08:00,114.8372269531966,116.51124269709834,114.8372269531966,115.84162902832031,79418,0.0,0.0
2018-03-29 00:00:00+08:00,115.84162902832031,116.51124269709834,114.8372269531966,115.84162902832031,80681,0.0,0.0
2018-03-30 00:00:00+08:00,117.18083626004032,117.18083626004032,114.83721928913229,115.1720199584961,158019,0.0,0.0
2018-04-02 00:00:00+08:00,116.84603574410893,117.18083641391236,115.17202010973033,116.17642211914062,80620,0.0,0.0
2018-04-03 00:00:00+08:00,116.17642972002821,116.17642972002821,114.8372269531966,115.84162902832031,72162,0.0,0.0
2018-04-09 00:00:00+08:00,115.17202426959383,115.17202426959383,111.4891921980141,112.15880584716797,221283,0.0,0.0
2018-04-10 00:00:00+08:00,111.82400307842906,111.82400307842906,105.12795270938413,106.13235473632812,461162,0.0,0.0
2018-04-11 00:00:00+08:00,107.13676904863378,107.13676904863378,105.46275338503213,106.13235473632812,153967,0.0,0.0
2018-04-12 00:00:00+08:00,107.4715618587338,107.4715618587338,105.4627456665039,105.4627456665039,90240,0.0,0.0
2018-04-13 00:00:00+08:00,107.13677353276229,107.13677353276229,102.44953316410529,103.78874206542969,276612,0.0,0.0
2018-04-16 00:00:00+08:00,103.788746593827,103.788746593827,99.10151830602415,101.1103286743164,366793,0.0,0.0
2018-04-17 00:00:00+08:00,102.11471972566646,102.11471972566646,99.1015016095499,99.77110290527344,127466,0.0,0.0
2018-04-18 00:00:00+08:00,100.4407103436773,100.77551099153906,98.43189417114606,99.77110290527344,140988,0.0,0.0
2018-04-19 00:00:00+08:00,99.77111368892758,101.44512939453125,98.09710412600488,101.44512939453125,159979,0.0,0.0
2018-04-20 00:00:00+08:00,100.4407103436773,100.77551099153906,99.43630225741167,99.77110290527344,103407,0.0,0.0
2018-04-23 00:00:00+08:00,100.10590775680855,100.10590775680855,96.42308204763796,97.09268951416016,128656,0.0,0.0
2018-04-24 00:00:00+08:00,98.43189486431795,98.43189486431795,94.74906928386254,95.08386993408203,145490,0.0,0.0
2018-04-25 00:00:00+08:00,94.41427036353258,97.76229535511213,94.41427036353258,96.42308044433594,72144,0.0,0.0
2018-04-26 00:00:00+08:00,96.75789482373165,99.10151188717667,95.75348663330078,95.75348663330078,101001,0.0,0.0
2018-04-27 00:00:00+08:00,98.09709601146595,99.43630477956167,95.75347913162831,96.42308044433594,177955,0.0,0.0
2018-04-30 00:00:00+08:00,97.09270325348423,98.09711152405829,95.41869356431506,96.08829498291016,133526,0.0,0.0
2018-05-02 00:00:00+08:00,96.75789482373165,96.75789482373165,95.08387912545322,95.75348663330078,63739,0.0,0.0
2018-05-03 00:00:00+08:00,95.75348162161065,95.75348162161065,91.06624774004811,92.40545654296875,191217,0.0,0.0
2018-05-04 00:00:00+08:00,91.73586120170293,92.40546876305527,89.72705080300878,90.39665222167969,181586,0.0,0.0
2018-05-07 00:00:00+08:00,91.06624427441643,91.06624427441643,88.38782677050546,89.72703552246094,205941,0.0,0.0
2018-05-08 00:00:00+08:00,89.72704480487091,93.07507010245855,88.38783591437208,91.40105438232422,166051,0.0,0.0
2018-05-09 00:00:00+08:00,92.07064835835644,93.40985705190182,91.40104094024367,92.74024963378906,88556,0.0,0.0
2018-05-10 00:00:00+08:00,92.40546574631479,94.07947538102248,92.07066504790951,93.74467468261719,87835,0.0,0.0
2018-05-11 00:00:00+08:00,93.74466866978784,97.42749454407146,93.74466866978784,94.74907684326172,167530,0.0,0.0
2018-05-14 00:00:00+08:00,94.74909211272235,95.08389284360878,94.07948450826768,94.41429138183594,66312,0.0,0.0
2018-05-15 00:00:00+08:00,95.75347565031065,96.42307693867352,93.74465949986153,94.07946014404297,81823,0.0,0.0
2018-05-16 00:00:00+08:00,94.4142790271889,94.74907971426474,91.73585510253906,91.73585510253906,161482,0.0,0.0
2018-05-17 00:00:00+08:00,93.07505821149866,94.07946014404297,92.40545078045554,94.07946014404297,45811,0.0,0.0
2018-05-18 00:00:00+08:00,94.41427017396616,97.42748836046144,94.41427017396616,95.4186782836914,147908,0.0,0.0
2018-05-21 00:00:00+08:00,96.4230956922077,96.4230956922077,95.08388671233608,96.08829498291016,36096,0.0,0.0
2018-05-22 00:00:00+08:00,96.08828398622335,96.08828398622335,93.40986633300781,93.40986633300781,90204,0.0,0.0
2018-05-23 00:00:00+08:00,93.74465949986153,94.07946014404297,93.4098588556801,94.07946014404297,104608,0.0,0.0
2018-05-24 00:00:00+08:00,94.07948304865836,94.74909064272431,93.07508087158203,93.07508087158203,80607,0.0,0.0
2018-05-25 00:00:00+08:00,93.40987082328034,93.40987082328034,91.40105441546322,91.73585510253906,122644,0.0,0.0
2018-05-28 00:00:00+08:00,92.40544899607275,93.0750564141855,91.40104094024367,92.74024963378906,68596,0.0,0.0
2018-05-29 00:00:00+08:00,93.07507010245855,93.07507010245855,91.06625369536977,91.40105438232422,146754,0.0,0.0
2018-05-30 00:00:00+08:00,90.7314529752772,91.40105434894154,89.72704477209965,91.06625366210938,101001,0.0,0.0
2018-05-31 00:00:00+08:00,91.06625978303202,91.06625978303202,89.3922439509919,90.39665222167969,85394,0.0,0.0
2018-06-01 00:00:00+08:00,91.0662656449262,95.08389284360878,91.0662656449262,94.41429138183594,149698,0.0,0.0
2018-06-04 00:00:00+08:00,95.08389284360878,96.08830117894988,94.07948450826768,94.41429138183594,74669,0.0,0.0
2018-06-05 00:00:00+08:00,94.74909064272431,95.08389136841643,93.07508087158203,93.07508087158203,51841,0.0,0.0
2018-06-06 00:00:00+08:00,93.07506566202605,94.74907515961557,92.4054581773818,93.40986633300781,86572,0.0,0.0
2018-06-07 00:00:00+08:00,93.4098588556801,94.07946014404297,93.07505821149866,94.07946014404297,51703,0.0,0.0
2018-06-08 00:00:00+08:00,91.73585176660043,95.75348443613501,88.38783273222937,89.05743408203125,524267,0.0,0.0
2018-06-11 00:00:00+08:00,89.39223408962141,89.39223408962141,81.35698109589684,83.03099060058594,407012,0.0,0.0
2018-06-12 00:00:00+08:00,83.03099328920332,83.3658001151271,78.00895846983732,78.6785659790039,463402,0.0,0.0
2018-06-13 00:00:00+08:00,79.34817051093911,82.02658836909409,78.00896158186163,81.02218627929688,460820,0.0,0.0
2018-06-14 00:00:00+08:00,81.02218308497751,81.02218308497751,78.34375918973885,79.01336669921875,326151,0.0,0.0
2018-06-15 00:00:00+08:00,80.35257293601107,83.70059808807004,79.34816477612532,83.03099060058594,403165,0.0,0.0
2018-06-19 00:00:00+08:00,82.36139680666945,85.03981471680147,81.02218785160345,82.69619750976562,306852,0.0,0.0
2018-06-20 00:00:00+08:00,82.69619902937801,84.37020871830153,81.3569900497029,83.70060729980469,197277,0.0,0.0
2018-06-21 00:00:00+08:00,83.70059702193416,88.05302413575909,83.70059702193416,87.04862213134766,360744,0.0,0.0
2018-06-22 00:00:00+08:00,87.04862821668341,87.04862821668341,85.37461247361037,86.37902069091797,144324,0.0,0.0
2018-06-25 00:00:00+08:00,86.04420827954188,89.72703381292193,86.04420827954188,88.72262573242188,122708,0.0,0.0
2018-06-26 00:00:00+08:00,88.72263945954823,89.72704769544988,86.71382298774492,88.05303192138672,182791,0.0,0.0
2018-06-27 00:00:00+08:00,89.39223922971799,90.3966474473577,86.71382141113281,86.71382141113281,215289,0.0,0.0
2018-06-28 00:00:00+08:00,87.0486282454668,87.0486282454668,84.37020428420053,86.71382141113281,226354,0.0,0.0
2018-06-29 00:00:00+08:00,87.04862213134766,88.05302413575909,87.04862213134766,87.04862213134766,94087,0.0,0.0
2018-07-02 00:00:00+08:00,87.04863282033317,88.72264250925669,87.04863282033317,83.70060729980469,142020,0.0,0.0
2018-07-03 00:00:00+08:00,88.23437936631748,89.28063144217397,84.74685325091893,85.0956039428711,170772,4.158347,0.0
2018-07-04 00:00:00+08:00,84.74686187633145,90.67565623607048,84.39811114888394,87.53688049316406,234510,0.0,0.0
2018-07-05 00:00:00+08:00,87.88562505528053,89.97814207042438,86.49061584472656,86.49061584472656,153967,0.0,0.0
2018-07-06 00:00:00+08:00,87.18813076524499,89.9781494140625,87.18813076524499,89.9781494140625,194909,0.0,0.0
2018-07-09 00:00:00+08:00,91.37315251676819,92.76816174618915,88.23438335022747,88.931884765625,119037,0.0,0.0
2018-07-10 00:00:00+08:00,89.28063043908483,94.16316566606122,88.93187975105096,93.81441497802734,381221,0.0,0.0
2018-07-11 00:00:00+08:00,94.16316566606122,96.25568259151554,92.76815651530018,93.81441497802734,376355,0.0,0.0
2018-07-12 00:00:00+08:00,93.81442520642132,95.90694236001849,93.81442520642132,95.20943450927734,169081,0.0,0.0
2018-07-13 00:00:00+08:00,95.55818176269531,96.60444030147227,94.16317251053474,95.55818176269531,144528,0.0,0.0
2018-07-16 00:00:00+08:00,95.55817954160443,98.34820437970214,91.37315188239667,95.90693664550781,357413,0.0,0.0
2018-07-17 00:00:00+08:00,95.90695026035567,97.99946118769721,94.16318368917312,96.95320892333984,215380,0.0,0.0
2018-07-18 00:00:00+08:00,98.34819870294763,100.4407092124568,96.953189563733,99.04570007324219,220685,0.0,0.0
2018-07-19 00:00:00+08:00,99.04569788000467,99.74320563347933,95.90692898593208,99.39445495605469,322400,0.0,0.0
2018-07-20 00:00:00+08:00,98.69695737902616,98.69695737902616,95.55818176269531,95.55818176269531,220783,0.0,0.0
2018-07-23 00:00:00+08:00,94.86067962646484,95.20943033724018,91.37315332283359,94.86067962646484,266031,0.0,0.0
2018-07-24 00:00:00+08:00,93.46566428999348,94.86067344075451,93.46566428999348,93.81441497802734,44789,0.0,0.0
2018-07-25 00:00:00+08:00,95.20943033724018,96.60443957896749,94.1631718062882,94.86067962646484,58917,0.0,0.0
2018-07-26 00:00:00+08:00,98.34820516621645,104.27699279785156,96.25568812056527,104.27699279785156,1101796,0.0,0.0
2018-07-27 00:00:00+08:00,106.71825828321181,107.76451678379857,103.5794891800773,104.62574768066406,613016,0.0,0.0
2018-07-30 00:00:00+08:00,106.02076424514172,106.36951497001643,102.88198852539062,102.88198852539062,104670,0.0,0.0
2018-07-31 00:00:00+08:00,105.67201557855493,112.9958129367085,103.92824912296368,107.7645263671875,701542,0.0,0.0
2018-08-01 00:00:00+08:00,109.50828479845579,110.90328762290645,108.11326917675333,108.81078338623047,164903,0.0,0.0
2018-08-02 00:00:00+08:00,110.20579002714746,110.20579002714746,106.71826364936882,107.415771484375,134676,0.0,0.0
2018-08-03 00:00:00+08:00,107.41577938202622,109.85704738610075,107.41577938202622,109.1595458984375,163646,0.0,0.0
2018-08-06 00:00:00+08:00,109.8570344536257,114.73956988699803,108.81078234529663,114.04206848144531,297269,0.0,0.0
2018-08-07 00:00:00+08:00,114.73957719842024,115.43707864841905,112.29830932617188,112.29830932617188,310405,0.0,0.0
2018-08-08 00:00:00+08:00,111.60080787617306,112.29830932617188,109.50829072892411,112.29830932617188,218897,0.0,0.0
2018-08-09 00:00:00+08:00,111.60080257022322,111.60080257022322,108.11326989153544,109.50828552246094,204408,0.0,0.0
2018-08-10 00:00:00+08:00,109.85703930895744,109.85703930895744,106.36951293117879,107.415771484375,119165,0.0,0.0
2018-08-13 00:00:00+08:00,107.41576327304553,107.41576327304553,100.44071105069166,103.2307357788086,243005,0.0,0.0
2018-08-14 00:00:00+08:00,103.92824208978502,106.7182605515693,100.4407158132417,104.27699279785156,152743,0.0,0.0
2018-08-15 00:00:00+08:00,104.62575641745676,104.62575641745676,97.30195270039962,97.65070343017578,263397,0.0,0.0
2018-08-16 00:00:00+08:00,97.65069093402757,99.04570007324219,94.86067265559832,99.04570007324219,164728,0.0,0.0
2018-08-17 00:00:00+08:00,99.74322060608534,99.74322060608534,97.30195270039962,97.65070343017578,81763,0.0,0.0
2018-08-20 00:00:00+08:00,99.04571985068138,99.04571985068138,96.60445176992725,96.95320892333984,45825,0.0,0.0
2018-08-21 00:00:00+08:00,97.65069552925792,101.13822174072266,97.30194482769919,101.13822174072266,102204,0.0,0.0
2018-08-22 00:00:00+08:00,101.13821976320281,102.18447824604769,100.44071197509766,100.44071197509766,60204,0.0,0.0
2018-08-23 00:00:00+08:00,101.13822174072266,101.48697244228138,100.09196323742066,101.13822174072266,24066,0.0,0.0
2018-08-24 00:00:00+08:00,101.48697045794255,101.48697045794255,97.3019429251887,100.44071197509766,70001,0.0,0.0
2018-08-27 00:00:00+08:00,101.8357388148943,101.8357388148943,99.74322161776075,100.09197235107422,20440,0.0,0.0
2018-08-28 00:00:00+08:00,101.13821698137687,101.83572475029693,97.99944161917483,99.04570007324219,34894,0.0,0.0
2018-08-29 00:00:00+08:00,100.44070698832863,101.1382147418033,99.39445495605469,99.39445495605469,34929,0.0,0.0
2018-08-30 00:00:00+08:00,99.74321902054194,99.74321902054194,98.34820972498643,98.69696044921875,19238,0.0,0.0
2018-08-31 00:00:00+08:00,100.09195852730953,100.09195852730953,97.99944161917483,99.04570007324219,10821,0.0,0.0
2018-09-03 00:00:00+08:00,100.09198104179507,100.09198104179507,98.34822082519531,98.34822082519531,20500,0.0,0.0
2018-09-04 00:00:00+08:00,100.09196128035794,100.44071197509766,99.04570279751304,100.44071197509766,26452,0.0,0.0
2018-09-05 00:00:00+08:00,101.48698168295445,101.48698168295445,99.74322161776075,100.09197235107422,26512,0.0,0.0
2018-09-06 00:00:00+08:00,101.13821976320281,101.13821976320281,99.04570279751304,100.44071197509766,48096,0.0,0.0
2018-09-07 00:00:00+08:00,100.44072308438767,101.13823094964098,96.25569508874699,100.09197235107422,113145,0.0,0.0
2018-09-10 00:00:00+08:00,100.789464911099,100.789464911099,95.55817271265494,96.60443115234375,81997,0.0,0.0
2018-09-11 00:00:00+08:00,95.90693664550781,97.30194586524374,95.90693664550781,95.90693664550781,22846,0.0,0.0
2018-09-12 00:00:00+08:00,94.86068271848934,94.86068271848934,92.07066414409289,92.7681655883789,75871,0.0,0.0
2018-09-13 00:00:00+08:00,92.4194148662359,93.46567343129112,89.97814701398244,92.7681655883789,113025,0.0,0.0
2018-09-14 00:00:00+08:00,92.76815651530018,94.51192275272065,92.07065513923246,93.81441497802734,52905,0.0,0.0
2018-09-17 00:00:00+08:00,93.81441567449427,94.16316636511722,91.72189873350534,92.0706558227539,25310,0.0,0.0
2018-09-18 00:00:00+08:00,92.41941149604581,92.76816220547119,89.97814373281625,90.67565155029297,45691,0.0,0.0
2018-09-19 00:00:00+08:00,92.41940307617188,92.76815375382431,91.02439396693677,92.41940307617188,54108,0.0,0.0
2018-09-20 00:00:00+08:00,94.86068085514181,94.86068085514181,89.62939453125,89.62939453125,98717,0.0,0.0
2018-09-21 00:00:00+08:00,89.62940121087577,93.11692142096017,89.62940121087577,91.37316131591797,61346,0.0,0.0
2018-09-25 00:00:00+08:00,91.37315072226059,93.81441842545891,91.37315072226059,93.46566772460938,39899,0.0,0.0
2018-09-26 00:00:00+08:00,91.72191205720111,92.76817067967704,90.67565983335172,91.37316131591797,67334,0.0,0.0
2018-09-27 00:00:00+08:00,92.07066919711077,92.07066919711077,91.37316131591797,91.37316131591797,28857,0.0,0.0
2018-09-28 00:00:00+08:00,92.41941573339285,93.11691718422341,90.32689858364864,91.02440643310547,92584,0.0,0.0
2018-10-01 00:00:00+08:00,91.72190788393603,92.07066500797757,90.32689858364864,91.02440643310547,75150,0.0,0.0
2018-10-02 00:00:00+08:00,91.02440606572854,91.02440606572854,88.93188892442978,89.2806396484375,130280,0.0,0.0
2018-10-03 00:00:00+08:00,89.28062924935907,89.28062924935907,86.1418603016294,87.8856201171875,200837,0.0,0.0
2018-10-04 00:00:00+08:00,88.58313998336031,88.58313998336031,85.09561347721002,85.79312133789062,142087,0.0,0.0
2018-10-05 00:00:00+08:00,87.18813126042302,87.18813126042302,80.21307820013863,82.30559539794922,182789,0.0,0.0
2018-10-08 00:00:00+08:00,82.30559123090615,87.88562827772131,79.51557270749856,81.95684051513672,198426,0.0,0.0
2018-10-09 00:00:00+08:00,81.95684723132774,83.70060735169842,78.12056344898434,79.51557922363281,117836,0.0,0.0
2018-10-11 00:00:00+08:00,76.02804530552632,76.02804530552632,71.843017578125,71.843017578125,180379,0.0,0.0
2018-10-12 00:00:00+08:00,71.8430233181699,73.93553414974298,66.54197881518073,71.14551544189453,567546,0.0,0.0
2018-10-15 00:00:00+08:00,70.7967515947386,70.7967515947386,68.35548407772605,68.63448333740234,217634,0.0,0.0
2018-10-16 00:00:00+08:00,69.75049888672048,69.75049888672048,66.1234698220816,67.6579818725586,262123,0.0,0.0
2018-10-17 00:00:00+08:00,70.7967596884282,70.7967596884282,64.86796555522585,67.03022766113281,503927,0.0,0.0
2018-10-18 00:00:00+08:00,67.44873401031792,68.49498611877301,66.75122620605534,67.6579818725586,112093,0.0,0.0
2018-10-19 00:00:00+08:00,67.23948319527723,68.28574175597585,66.262976058442,67.30923461914062,119766,0.0,0.0
2018-10-22 00:00:00+08:00,67.65797633059732,69.40174249910646,67.44872848549643,68.63448333740234,59037,0.0,0.0
2018-10-23 00:00:00+08:00,68.49498405673106,69.19249183999516,66.68147277832031,66.68147277832031,71061,0.0,0.0
2018-10-24 00:00:00+08:00,67.65798884322153,67.65798884322153,66.40248234454766,66.96048736572266,69094,0.0,0.0
2018-10-25 00:00:00+08:00,65.56547100114385,66.89073531354252,64.86796953015907,66.82098388671875,131181,0.0,0.0
2018-10-26 00:00:00+08:00,66.96047857126186,68.35548774166827,64.72845877971106,65.07720947265625,104612,0.0,0.0
2018-10-29 00:00:00+08:00,65.63521442054395,66.26297078674581,64.17045383182337,65.07720947265625,46893,0.0,0.0
2018-10-30 00:00:00+08:00,65.3562199292786,66.0537213662185,65.07721423560173,65.28646850585938,32687,0.0,0.0
2018-10-31 00:00:00+08:00,66.05372430622361,69.61100226855272,66.05372430622361,68.7042465209961,138276,0.0,0.0
2018-11-01 00:00:00+08:00,68.63449693319492,75.33054447809786,68.56474550480249,73.58678436279297,285201,0.0,0.0
2018-11-02 00:00:00+08:00,76.72555646814938,80.91059112548828,76.02805495767743,80.91059112548828,418728,0.0,0.0
2018-11-05 00:00:00+08:00,83.70060729980469,87.18813393701042,80.91058854949074,83.70060729980469,744767,0.0,0.0
2018-11-06 00:00:00+08:00,84.74685702001725,86.49061695595705,80.91058004204895,81.25933074951172,388388,0.0,0.0
2018-11-07 00:00:00+08:00,83.00308699390685,87.88562227573968,82.30558561000252,85.0956039428711,352305,0.0,0.0
2018-11-08 00:00:00+08:00,87.53688139165259,88.58313998336031,85.09561347721002,85.79312133789062,209566,0.0,0.0
2018-11-09 00:00:00+08:00,85.7931209987172,85.7931209987172,83.70060382357428,84.04935455322266,42084,0.0,0.0
2018-11-12 00:00:00+08:00,83.70060382357428,84.39811168149737,83.0030959656512,84.04935455322266,26813,0.0,0.0
2018-11-13 00:00:00+08:00,81.25932998524588,83.70059771177638,81.25932998524588,83.00308990478516,34869,0.0,0.0
2018-11-14 00:00:00+08:00,83.70060729980469,84.39811518669647,83.0030994129129,83.70060729980469,20446,0.0,0.0
2018-11-15 00:00:00+08:00,83.0030994129129,85.79312456185345,81.95684718051511,83.70060729980469,52905,0.0,0.0
2018-11-16 00:00:00+08:00,84.39810598335069,84.74685668945312,82.30558894948427,84.74685668945312,39775,0.0,0.0
2018-11-19 00:00:00+08:00,86.49062605011864,86.49062605011864,83.35185655567209,83.70060729980469,9714,0.0,0.0
2018-11-20 00:00:00+08:00,83.70059477643682,86.14186241735322,83.70059477643682,85.0956039428711,52953,0.0,0.0
2018-11-21 00:00:00+08:00,84.04934959082713,85.79311593336718,84.04934959082713,85.4443588256836,44488,0.0,0.0
2018-11-22 00:00:00+08:00,86.14186241735322,87.53687158378752,85.0956039428711,85.0956039428711,61322,0.0,0.0
2018-11-23 00:00:00+08:00,86.49061310930539,86.49061310930539,85.0956039428711,85.0956039428711,38769,0.0,0.0
2018-11-26 00:00:00+08:00,87.18812908164482,87.18812908164482,85.79311978417365,86.8393783569336,32043,0.0,0.0
2018-11-27 00:00:00+08:00,86.83937294633444,86.83937294633444,85.7931144387625,86.49061584472656,34448,0.0,0.0
2018-11-28 00:00:00+08:00,87.18812482850527,91.72190322446694,85.4443584927596,88.931884765625,149097,0.0,0.0
2018-11-29 00:00:00+08:00,93.1169152088686,93.8144230435287,89.62939523144648,90.32689666748047,282685,0.0,0.0
2018-11-30 00:00:00+08:00,90.67565587465182,96.95320093681708,90.32689874996812,95.20943450927734,229780,0.0,0.0
2018-12-03 00:00:00+08:00,101.1382214782501,104.62574768066406,101.1382214782501,104.62574768066406,927832,0.0,0.0
2018-12-04 00:00:00+08:00,107.41576730618705,109.5082843311861,103.57949035943936,107.0670166015625,598508,0.0,0.0
2018-12-05 00:00:00+08:00,104.62574990454405,107.06701765826179,103.57949138171847,104.27699279785156,202243,0.0,0.0
2018-12-06 00:00:00+08:00,101.83574765702178,102.88199994780545,94.86069399336886,98.34822082519531,385208,0.0,0.0
2018-12-07 00:00:00+08:00,100.09197331794348,103.23074914396376,99.39447184457883,102.53324127197266,459373,0.0,0.0
2018-12-10 00:00:00+08:00,99.39445989087847,102.18447824604769,99.04570279751304,100.44071197509766,124087,0.0,0.0
2018-12-11 00:00:00+08:00,100.4407158132417,106.7182605515693,100.4407158132417,104.27699279785156,332183,0.0,0.0
2018-12-12 00:00:00+08:00,104.6257559895892,108.8107903242936,103.92824813426303,105.32325744628906,311657,0.0,0.0
2018-12-13 00:00:00+08:00,104.6257594529766,104.9745101928711,103.23075009477209,104.9745101928711,107194,0.0,0.0
2018-12-14 00:00:00+08:00,107.41577233244517,109.50828945535845,105.3232552095319,105.67201232910156,535194,0.0,0.0
2018-12-17 00:00:00+08:00,106.7182667583151,106.7182667583151,102.88198955058692,105.32325744628906,125049,0.0,0.0
2018-12-18 00:00:00+08:00,105.32325639676606,105.32325639676606,101.13822850239085,102.88198852539062,63847,0.0,0.0
2018-12-19 00:00:00+08:00,104.62575226275843,104.97450297868565,100.78947519168071,101.48697662353516,75751,0.0,0.0
2018-12-20 00:00:00+08:00,101.13822174072266,101.48697244228138,100.78947103916393,101.13822174072266,43934,0.0,0.0
2018-12-21 00:00:00+08:00,101.48697591428459,101.83573302640058,96.25568961743119,100.78947448730469,185289,0.0,0.0
2018-12-24 00:00:00+08:00,99.39447951460595,99.39447951460595,97.65071289937924,98.34822082519531,58917,0.0,0.0
2018-12-25 00:00:00+08:00,94.86068074587563,98.34820709066172,94.86068074587563,97.30194854736328,80582,0.0,0.0
2018-12-26 00:00:00+08:00,98.3482183411098,98.3482183411098,96.95320892333984,96.95320892333984,32544,0.0,0.0
2018-12-27 00:00:00+08:00,99.74320930272093,100.09195999297502,97.65069236394513,97.99944305419922,91863,0.0,0.0
2018-12-28 00:00:00+08:00,98.34822082519531,99.39447951460595,98.34822082519531,98.34822082519531,30204,0.0,0.0
2019-01-02 00:00:00+08:00,100.09198104179507,100.09198104179507,97.65071289937924,98.34822082519531,77073,0.0,0.0
2019-01-03 00:00:00+08:00,98.69696201813056,99.74322060608534,97.30195270039962,97.65070343017578,68536,0.0,0.0
2019-01-04 00:00:00+08:00,97.65070343017578,98.69696201813056,94.51193406493778,97.65070343017578,71158,0.0,0.0
2019-01-07 00:00:00+08:00,99.04569788000467,99.39445495605469,97.99943944910534,99.39445495605469,43472,0.0,0.0
2019-01-08 00:00:00+08:00,99.74320784216225,99.74320784216225,97.99944161917483,99.04570007324219,12033,0.0,0.0
2019-01-09 00:00:00+08:00,99.74322161776075,100.44072308438767,98.34821228588054,100.09197235107422,83493,0.0,0.0
2019-01-10 00:00:00+08:00,101.83573979860802,103.23074914396376,101.13823192661691,102.53324127197266,155109,0.0,0.0
2019-01-11 00:00:00+08:00,104.62575494701665,104.62575494701665,100.78947777751613,102.88198852539062,79479,0.0,0.0
2019-01-14 00:00:00+08:00,104.62575688363216,105.6720154762487,103.23074755968555,103.57949829101562,149242,0.0,0.0
2019-01-15 00:00:00+08:00,104.27700231445557,106.7182702909701,103.92825157456109,104.9745101928711,196135,0.0,0.0
2019-01-16 00:00:00+08:00,104.97449838131772,104.97449838131772,103.92823988073096,104.62574768066406,28857,0.0,0.0
2019-01-17 00:00:00+08:00,104.62574494355424,104.62574494355424,103.2307357788086,103.2307357788086,24203,0.0,0.0
2019-01-18 00:00:00+08:00,103.92823791503906,103.92823791503906,101.83572735206893,103.92823791503906,33681,0.0,0.0
2019-01-21 00:00:00+08:00,104.27699732875952,107.06702231039827,103.23074515909948,106.36951446533203,182969,0.0,0.0
2019-01-22 00:00:00+08:00,106.36951446533203,109.15953944697077,106.36951446533203,106.36951446533203,330793,0.0,0.0
2019-01-23 00:00:00+08:00,106.02075487663487,106.02075487663487,103.92823791503906,103.92823791503906,42264,0.0,0.0
2019-01-24 00:00:00+08:00,103.92824709864098,103.92824709864098,101.13822850239085,102.88198852539062,140680,0.0,0.0
2019-01-25 00:00:00+08:00,103.57949371635067,103.57949371635067,101.48697662353516,101.48697662353516,70941,0.0,0.0
2019-01-28 00:00:00+08:00,102.5332309455834,102.5332309455834,101.13822174072266,101.13822174072266,26856,0.0,0.0
2019-01-29 00:00:00+08:00,102.18448024402467,102.18448024402467,101.13822174072266,101.13822174072266,16963,0.0,0.0
2019-01-30 00:00:00+08:00,102.1844870756412,102.88198852539062,101.48697922726555,102.88198852539062,48247,0.0,0.0
2019-02-11 00:00:00+08:00,102.18448638916016,102.53323711169193,100.78947710040684,102.18448638916016,248898,0.0,0.0
2019-02-12 00:00:00+08:00,102.5332309455834,102.5332309455834,99.3944618343032,101.13822174072266,75881,0.0,0.0
2019-02-13 00:00:00+08:00,101.1382188323773,104.97449563508424,101.1382188323773,103.2307357788086,201142,0.0,0.0
2019-02-14 00:00:00+08:00,104.27700231445557,107.7645289092801,104.27700231445557,104.9745101928711,273495,0.0,0.0
2019-02-15 00:00:00+08:00,105.3232552095319,108.46202449527563,105.3232552095319,105.67201232910156,113049,0.0,0.0
2019-02-18 00:00:00+08:00,107.06702581444182,107.4157765490756,105.6720164772803,106.02076721191406,76496,0.0,0.0
2019-02-19 00:00:00+08:00,106.02076721191406,107.76452728370937,105.6720164772803,106.02076721191406,78566,0.0,0.0
2019-02-20 00:00:00+08:00,106.71826868118161,106.71826868118161,104.62575787475254,106.02076721191406,114228,0.0,0.0
2019-02-21 00:00:00+08:00,106.71826003602125,116.48333740234375,105.32325081186829,116.48333740234375,789461,0.0,0.0
2019-02-22 00:00:00+08:00,124.15589133449795,124.15589133449795,114.73957107318313,116.48333740234375,992330,0.0,0.0
2019-02-25 00:00:00+08:00,115.78582418077771,117.18083981546565,112.99580570865376,116.13457489013672,212477,0.0,0.0
2019-02-26 00:00:00+08:00,116.48333494123492,116.48333494123492,111.60079956054688,111.60079956054688,172063,0.0,0.0
2019-02-27 00:00:00+08:00,111.9495537267577,112.2983044365721,110.55453809024819,111.2520523071289,183533,0.0,0.0
2019-03-04 00:00:00+08:00,111.25205258802823,111.25205258802823,108.46202130796469,110.2057876586914,92766,0.0,0.0
2019-03-05 00:00:00+08:00,109.50829282277876,109.50829282277876,106.71826777355803,107.7645263671875,78516,0.0,0.0
2019-03-06 00:00:00+08:00,109.15953944697077,109.15953944697077,106.36951446533203,106.36951446533203,74608,0.0,0.0
2019-03-07 00:00:00+08:00,106.7182667583151,107.41577461364126,105.32325744628906,105.32325744628906,71231,0.0,0.0
2019-03-08 00:00:00+08:00,105.6720180712866,105.6720180712866,104.6257594529766,104.9745101928711,32464,0.0,0.0
2019-03-11 00:00:00+08:00,105.3232524726006,108.1132709648994,105.3232524726006,106.71826171875,56572,0.0,0.0
2019-03-12 00:00:00+08:00,107.4157695411377,108.1132709648994,106.71826171875,106.71826171875,37363,0.0,0.0
2019-03-13 00:00:00+08:00,107.76452305338866,108.11327377433214,105.3232552095319,105.67201232910156,80562,0.0,0.0
2019-03-14 00:00:00+08:00,106.02076305004505,106.36951377098853,104.62575376764492,105.67201232910156,73346,0.0,0.0
2019-03-15 00:00:00+08:00,105.3232552095319,106.02076305004505,104.62575376764492,105.67201232910156,72144,0.0,0.0
2019-03-18 00:00:00+08:00,106.02076721191406,106.36951794654784,105.32325934402009,106.02076721191406,21643,0.0,0.0
2019-03-19 00:00:00+08:00,106.71826364936882,109.15953787257739,106.02076221298877,107.415771484375,68559,0.0,0.0
2019-03-20 00:00:00+08:00,108.462019882866,110.5545369167938,108.462019882866,108.81078338623047,192397,0.0,0.0
2019-03-21 00:00:00+08:00,108.11327362060547,108.810787858753,107.41577217971027,108.11327362060547,55713,0.0,0.0
2019-03-22 00:00:00+08:00,108.46202783052291,108.46202783052291,106.71826777355803,107.7645263671875,48253,0.0,0.0
2019-03-25 00:00:00+08:00,106.71826518855204,106.71826518855204,105.672013018892,106.36951446533203,34929,0.0,0.0
2019-03-26 00:00:00+08:00,107.0670166015625,109.5082843311861,107.0670166015625,107.0670166015625,92584,0.0,0.0
2019-03-27 00:00:00+08:00,107.06702581444182,107.4157765490756,106.02076721191406,106.02076721191406,49299,0.0,0.0
2019-03-28 00:00:00+08:00,106.02076374211202,106.71826518855204,104.97450517382576,106.36951446533203,48096,0.0,0.0
2019-03-29 00:00:00+08:00,106.7182606592359,110.55453764771613,106.7182606592359,109.50828552246094,176873,0.0,0.0
2019-04-01 00:00:00+08:00,110.5545346662557,112.2983009585733,109.50828256921606,111.60079956054688,125714,0.0,0.0
2019-04-02 00:00:00+08:00,112.99580383300781,113.34455453657782,111.60080101872781,112.99580383300781,194852,0.0,0.0
2019-04-03 00:00:00+08:00,112.64706514719433,116.13458535221228,111.25206218408836,115.08833312988281,220099,0.0,0.0
2019-04-08 00:00:00+08:00,115.78582937341847,116.13458009841787,112.29830932617188,112.29830932617188,216552,0.0,0.0
2019-04-09 00:00:00+08:00,112.9958087833165,118.92460939550045,112.9958087833165,116.83209228515625,542626,0.0,0.0
2019-04-10 00:00:00+08:00,118.57583465249374,118.57583465249374,115.08831499695756,117.18083190917969,462023,0.0,0.0
2019-04-11 00:00:00+08:00,117.18085007866587,117.18085007866587,112.64706486540666,113.34456634521484,468190,0.0,0.0
2019-04-12 00:00:00+08:00,114.04207995772465,114.73958143346832,110.90329772237226,112.64706420898438,222580,0.0,0.0
2019-04-15 00:00:00+08:00,112.9958149468562,113.69332921985283,110.90329772237226,112.64706420898438,192565,0.0,0.0
2019-04-16 00:00:00+08:00,112.64706174412237,117.52959756199778,112.29831101388164,115.43708038330078,413342,0.0,0.0
2019-04-17 00:00:00+08:00,115.78582050332865,122.06337146416651,115.78582050332865,117.52958679199219,577170,0.0,0.0
2019-04-18 00:00:00+08:00,118.57584265290167,119.6221075782306,115.78582418077771,116.13457489013672,244375,0.0,0.0
2019-04-19 00:00:00+08:00,116.83210425726108,118.92462158203125,115.43708844166311,118.92462158203125,206271,0.0,0.0
2019-04-22 00:00:00+08:00,118.57583542159126,120.66835234738572,117.18083266922906,117.87833404541016,186646,0.0,0.0
2019-04-23 00:00:00+08:00,117.87833328083671,117.87833328083671,114.39081362530054,117.18083190917969,125085,0.0,0.0
2019-04-24 00:00:00+08:00,118.5758388868394,118.5758388868394,116.13457120161105,117.52958679199219,73031,0.0,0.0
2019-04-25 00:00:00+08:00,118.9245981355733,121.71461641945245,117.18083190917969,117.18083190917969,280219,0.0,0.0
2019-04-26 00:00:00+08:00,117.18084300400491,118.22709516055087,114.3908244559634,116.83209228515625,120240,0.0,0.0
2019-04-29 00:00:00+08:00,117.18084300400491,117.18084300400491,115.08832589366071,116.83209228515625,37281,0.0,0.0
2019-04-30 00:00:00+08:00,117.52959372285356,117.52959372285356,115.78582733135802,116.83209228515625,44508,0.0,0.0
2019-05-02 00:00:00+08:00,118.227088188557,118.92460238237334,116.48333469714497,117.52958679199219,84175,0.0,0.0
2019-05-03 00:00:00+08:00,118.227088188557,118.5758388868394,117.52958679199219,117.52958679199219,102204,0.0,0.0
2019-05-06 00:00:00+08:00,117.52960081856995,117.52960081856995,111.6008126456944,113.34456634521484,304217,0.0,0.0
2019-05-07 00:00:00+08:00,118.22709902247921,118.57584975271992,114.73957892281935,115.43708038330078,168456,0.0,0.0
2019-05-08 00:00:00+08:00,115.08832965306007,117.52959756199778,114.39082819257864,115.43708038330078,109418,0.0,0.0
2019-05-09 00:00:00+08:00,115.7858336470838,115.7858336470838,112.64706420898438,112.64706420898438,111077,0.0,0.0
2019-05-10 00:00:00+08:00,112.6470516575865,112.99580235659973,110.90328536526891,111.60079956054688,101001,0.0,0.0
2019-05-13 00:00:00+08:00,112.29831347111254,114.04207995772465,111.60081199536889,112.64706420898438,75751,0.0,0.0
2019-05-14 00:00:00+08:00,111.60081163960845,114.73958106770212,110.20579589531518,113.69332885742188,82977,0.0,0.0
2019-05-15 00:00:00+08:00,114.04206874096954,114.39081944453953,112.29830242586782,112.99580383300781,42084,0.0,0.0
2019-05-16 00:00:00+08:00,112.99581040574932,113.34456112960547,110.5545425415039,110.5545425415039,87775,0.0,0.0
2019-05-17 00:00:00+08:00,110.90329218143859,111.6008064195861,105.32325505977236,108.11327362060547,132535,0.0,0.0
2019-05-20 00:00:00+08:00,108.8107903242936,108.8107903242936,104.97450671793912,105.32325744628906,102413,0.0,0.0
2019-05-21 00:00:00+08:00,106.36951794654784,107.76452728370937,104.97450860938632,106.02076721191406,120537,0.0,0.0
2019-05-22 00:00:00+08:00,107.4157695411377,107.76452025301856,106.0207602949883,106.71826171875,62524,0.0,0.0
2019-05-23 00:00:00+08:00,107.76452025301856,107.76452025301856,104.97450176071976,106.71826171875,65049,0.0,0.0
2019-05-24 00:00:00+08:00,106.71826449193202,108.11327377433214,105.67201232910156,105.67201232910156,43286,0.0,0.0
2019-05-27 00:00:00+08:00,106.71826434018892,116.13457858265721,106.71826434018892,108.11327362060547,264528,0.0,0.0
2019-05-28 00:00:00+08:00,109.50829664226913,111.25206315868041,108.81079515460588,109.1595458984375,145502,0.0,0.0
2019-05-29 00:00:00+08:00,108.81078068352831,109.8570327758789,107.76451579392621,109.8570327758789,44488,0.0,0.0
2019-05-30 00:00:00+08:00,109.85704145392353,112.29830932617188,109.50829072892411,112.29830932617188,109418,0.0,0.0
2019-05-31 00:00:00+08:00,112.29830932617188,115.78582937341847,112.29830932617188,112.29830932617188,171961,0.0,0.0
2019-06-03 00:00:00+08:00,112.29831412550259,113.69332988237197,110.90329836863319,113.34456634521484,106282,0.0,0.0
2019-06-04 00:00:00+08:00,115.08832058977438,115.78582199532708,113.34455427864093,114.04206848144531,192654,0.0,0.0
2019-06-05 00:00:00+08:00,114.39083136218014,115.4370835818924,113.34456634521484,113.34456634521484,62765,0.0,0.0
2019-06-06 00:00:00+08:00,112.99580235659973,112.99580235659973,107.76451627689848,111.60079956054688,120240,0.0,0.0
2019-06-10 00:00:00+08:00,111.60079956054688,111.60079956054688,110.90328536526891,111.60079956054688,52965,0.0,0.0
2019-06-11 00:00:00+08:00,111.60081199536889,112.64706420898438,110.90329772237226,112.64706420898438,64929,0.0,0.0
2019-06-12 00:00:00+08:00,112.64706420898438,112.64706420898438,111.94956273324071,112.64706420898438,33667,0.0,0.0
2019-06-13 00:00:00+08:00,112.64704947631162,115.08831711938342,112.29829878405155,114.39081573486328,166075,0.0,0.0
2019-06-14 00:00:00+08:00,114.39081230647353,115.78581503370441,114.04206162466582,114.73956298828125,167332,0.0,0.0
2019-06-17 00:00:00+08:00,114.39081918422167,115.43707129255074,113.69331777866896,114.04206848144531,131103,0.0,0.0
2019-06-18 00:00:00+08:00,115.4370678116435,115.4370678116435,113.69331435034313,114.39081573486328,60120,0.0,0.0
2019-06-19 00:00:00+08:00,116.13456919616364,116.13456919616364,114.39081573486328,114.39081573486328,194940,0.0,0.0
2019-06-20 00:00:00+08:00,115.08831711938342,115.08831711938342,114.39081573486328,114.39081573486328,54108,0.0,0.0
2019-06-21 00:00:00+08:00,114.39083033094204,115.0883318044622,113.69332885742188,113.69332885742188,52905,0.0,0.0
2019-06-24 00:00:00+08:00,114.04206848144531,114.39081918422167,112.99580357586457,114.04206848144531,98596,0.0,0.0
2019-06-25 00:00:00+08:00,114.39081362530054,118.57583465249374,114.39081362530054,117.18083190917969,365163,0.0,0.0
2019-06-26 00:00:00+08:00,117.87835057145271,122.06338500976562,117.5295998344688,122.06338500976562,511486,0.0,0.0
2019-06-27 00:00:00+08:00,123.45835876464844,126.59714024981105,122.76085745561227,123.45835876464844,785611,0.0,0.0
2019-06-28 00:00:00+08:00,124.15588096635028,133.57218764406588,123.45836681458374,126.24839782714844,2120117,0.0,0.0
2019-07-01 00:00:00+08:00,129.78456107178152,134.8317391817277,126.53995035218308,127.6214828491211,1009195,4.910496,0.0
2019-07-02 00:00:00+08:00,129.78457459620594,130.8661204346327,126.17945266861692,129.0635528564453,567813,0.0,0.0
2019-07-03 00:00:00+08:00,129.7845967591752,130.145107690619,126.53998514739283,128.70306396484375,349898,0.0,0.0
2019-07-04 00:00:00+08:00,129.0635647294283,139.15792292983383,129.0635647294283,137.7158660888672,1404404,0.0,0.0
2019-07-05 00:00:00+08:00,140.5999589801172,140.5999589801172,134.11073661674504,135.5527801513672,963123,0.0,0.0
2019-07-08 00:00:00+08:00,136.63432130290707,139.5184215011337,135.91329956054688,135.91329956054688,643284,0.0,0.0
2019-07-09 00:00:00+08:00,136.9948644270405,136.9948644270405,131.9476845846806,134.1107635498047,424447,0.0,0.0
2019-07-10 00:00:00+08:00,136.2738295792333,144.20510954595798,135.5527945067764,139.8789520263672,1385165,0.0,0.0
2019-07-11 00:00:00+08:00,141.320999716518,145.2866328265948,138.79741019963754,143.84458923339844,611360,0.0,0.0
2019-07-12 00:00:00+08:00,145.64713690950668,147.0891936640105,142.76303662928524,144.20509338378906,488668,0.0,0.0
2019-07-15 00:00:00+08:00,145.64715323329645,145.64715323329645,139.51844110453257,139.8789520263672,747986,0.0,0.0
2019-07-16 00:00:00+08:00,140.96047821463995,141.68149995700014,135.19226458940085,135.91329956054688,759731,0.0,0.0
2019-07-17 00:00:00+08:00,135.91330866616792,140.59996353428127,135.91330866616792,138.7974090576172,674667,0.0,0.0
2019-07-18 00:00:00+08:00,139.87895335310483,143.1235649091789,138.07638549804688,138.07638549804688,756370,0.0,0.0
2019-07-19 00:00:00+08:00,140.2394483212816,142.7630377397022,139.15791566858118,142.40252685546875,538795,0.0,0.0
2019-07-22 00:00:00+08:00,143.4840850830078,146.0076747185701,140.96049544744557,143.4840850830078,598218,0.0,0.0
2019-07-23 00:00:00+08:00,144.9261331583253,144.9261331583253,139.1579318810001,140.5999755859375,502723,0.0,0.0
2019-07-24 00:00:00+08:00,142.402538651504,142.402538651504,138.0763812247688,140.9604949951172,370465,0.0,0.0
2019-07-25 00:00:00+08:00,142.4025335036623,152.13638074754493,141.32100080046953,148.8917694091797,1257230,0.0,0.0
2019-07-26 00:00:00+08:00,148.8917662120951,151.05483157203412,146.36817673004623,150.69432067871094,409264,0.0,0.0
2019-07-29 00:00:00+08:00,152.13638130182574,152.13638130182574,147.81022401571926,151.4153594970703,255305,0.0,0.0
2019-07-30 00:00:00+08:00,151.415365827171,151.415365827171,146.36818652530573,148.53126525878906,352928,0.0,0.0
2019-07-31 00:00:00+08:00,150.33380307464088,152.13637068957863,147.8102137052425,151.05482482910156,240093,0.0,0.0
2019-08-01 00:00:00+08:00,150.69433993172825,162.95177801468466,149.97331805296267,153.93896484375,1312385,0.0,0.0
2019-08-02 00:00:00+08:00,151.0548309543998,155.3809881141623,147.8102196989712,148.1707305908203,788173,0.0,0.0
2019-08-05 00:00:00+08:00,149.25229701694727,149.9733188997841,147.08921813964844,147.08921813964844,221889,0.0,0.0
2019-08-06 00:00:00+08:00,146.36818542349639,153.57843017578125,141.32100615962452,153.57843017578125,776479,0.0,0.0
2019-08-07 00:00:00+08:00,155.7415130799609,159.7071597062393,153.93895845782322,156.82305908203125,665402,0.0,0.0
2019-08-08 00:00:00+08:00,157.90458329236162,159.34664014065874,155.02048282455445,156.46253967285156,397032,0.0,0.0
2019-08-12 00:00:00+08:00,152.49689047893705,152.49689047893705,140.9604888182189,143.84458923339844,970210,0.0,0.0
2019-08-13 00:00:00+08:00,144.20511683296783,148.53127457116915,141.32101608376308,142.0420379638672,478990,0.0,0.0
2019-08-14 00:00:00+08:00,143.48410182890782,146.36820271632445,141.68153381347656,141.68153381347656,339351,0.0,0.0
2019-08-15 00:00:00+08:00,141.32100543919535,141.32100543919535,135.91331528815545,138.43690490722656,311782,0.0,0.0
2019-08-16 00:00:00+08:00,139.8789457897733,146.0076708740717,139.5184348840123,142.76304626464844,196499,0.0,0.0
2019-08-19 00:00:00+08:00,145.64716059317604,145.64716059317604,142.0420379638672,142.0420379638672,111943,0.0,0.0
2019-08-20 00:00:00+08:00,143.12355420801345,144.92612192829571,143.12355420801345,143.84458923339844,181712,0.0,0.0
2019-08-21 00:00:00+08:00,143.84458362118895,144.92611627388936,142.0420159712353,142.40252685546875,180480,0.0,0.0
2019-08-22 00:00:00+08:00,143.84459086077746,151.4153594970703,143.48407995839975,151.4153594970703,557006,0.0,0.0
2019-08-23 00:00:00+08:00,151.77588023542225,155.02049179587866,146.00767896599137,149.9733123779297,558202,0.0,0.0
2019-08-26 00:00:00+08:00,146.3681719011517,150.69431570709074,143.48407162093025,144.20509338378906,429461,0.0,0.0
2019-08-27 00:00:00+08:00,146.36818989173233,151.05484515515255,146.36818989173233,149.9733123779297,540034,0.0,0.0
2019-08-28 00:00:00+08:00,151.41534785875157,157.90457006033978,151.41534785875157,152.85739135742188,1100580,0.0,0.0
2019-08-29 00:00:00+08:00,155.74151440871762,156.4625494925122,152.49690283239966,155.02049255371094,330780,0.0,0.0
2019-08-30 00:00:00+08:00,156.8230425137912,157.18355340013102,151.77586364746094,151.77586364746094,340373,0.0,0.0
2019-09-02 00:00:00+08:00,152.85741318875364,162.9517720362814,152.85741318875364,161.8702392578125,1026560,0.0,0.0
2019-09-03 00:00:00+08:00,162.9517744286268,164.03332045176205,154.29947238748497,155.74151611328125,609072,0.0,0.0
2019-09-04 00:00:00+08:00,156.4625414146402,159.34664191455408,155.74150636807136,157.18356323242188,256159,0.0,0.0
2019-09-05 00:00:00+08:00,160.0676663273825,160.0676663273825,152.13638651683925,153.57843017578125,277027,0.0,0.0
2019-09-06 00:00:00+08:00,156.4625558131776,156.4625558131776,149.61280822753906,149.61280822753906,352495,0.0,0.0
2019-09-10 00:00:00+08:00,145.28664222301734,150.69433250482,145.28664222301734,149.25228881835938,153907,0.0,0.0
2019-09-11 00:00:00+08:00,151.05484476697197,151.05484476697197,147.44972229003906,147.44972229003906,437673,0.0,0.0
2019-09-12 00:00:00+08:00,147.44970753755254,147.44970753755254,142.763039526294,143.12355041503906,505369,0.0,0.0
2019-09-16 00:00:00+08:00,143.12355303039772,143.48407715451725,138.7974090576172,138.7974090576172,272464,0.0,0.0
2019-09-17 00:00:00+08:00,138.79742766093537,143.12357221355836,138.79742766093537,140.23947143554688,281361,0.0,0.0
2019-09-18 00:00:00+08:00,140.59995811192263,144.92611514664787,140.59995811192263,144.20509338378906,260981,0.0,0.0
2019-09-19 00:00:00+08:00,144.92614565822163,145.2866566155501,140.96051189881968,141.68153381347656,334362,0.0,0.0
2019-09-20 00:00:00+08:00,142.04201486642643,144.56560426521847,139.87893634906382,144.20509338378906,365557,0.0,0.0
2019-09-23 00:00:00+08:00,145.64713417771256,154.29944808487812,144.92611242837742,152.85739135742188,874734,0.0,0.0
2019-09-24 00:00:00+08:00,156.8230385511451,156.8230385511451,149.97329219741056,151.05482482910156,590684,0.0,0.0
2019-09-25 00:00:00+08:00,149.25228881835938,151.05484342643516,143.8445985365567,149.25228881835938,712160,0.0,0.0
2019-09-26 00:00:00+08:00,149.97330892858628,151.415365827171,148.17074111255224,148.53126525878906,417265,0.0,0.0
2019-09-27 00:00:00+08:00,148.53125850811543,152.4968916486092,148.53125850811543,148.8917694091797,535931,0.0,0.0
2019-10-01 00:00:00+08:00,152.85740949696822,152.85740949696822,148.17074111255224,148.53126525878906,309161,0.0,0.0
2019-10-02 00:00:00+08:00,148.89177617623838,149.612798011137,147.81023019510295,148.53126525878906,186552,0.0,0.0
2019-10-03 00:00:00+08:00,147.8102319031111,152.1363894200683,147.8102319031111,149.25228881835938,303072,0.0,0.0
2019-10-04 00:00:00+08:00,150.33381037982545,153.9389457848856,149.97329948507678,153.21791076660156,512643,0.0,0.0
2019-10-07 00:00:00+08:00,154.29945667963426,155.74150025862897,152.13637808235552,153.21791076660156,342696,0.0,0.0
2019-10-08 00:00:00+08:00,152.8573924440393,154.2994491817467,151.05482482910156,151.05482482910156,129883,0.0,0.0
2019-10-09 00:00:00+08:00,148.89178607552887,152.13639777708292,145.64716114518643,147.08921813964844,819437,0.0,0.0
2019-10-14 00:00:00+08:00,149.61279064742553,152.136380174151,146.00766842158353,146.36817932128906,339089,0.0,0.0
2019-10-15 00:00:00+08:00,146.36817551236413,147.81021907366002,145.2866296126057,145.6471405029297,151755,0.0,0.0
2019-10-16 00:00:00+08:00,144.92612136671508,146.36817818311036,133.38971975069987,134.47125244140625,1101330,0.0,0.0
2019-10-17 00:00:00+08:00,134.47126050256512,136.27382832392118,126.17946969038721,132.3081817626953,857738,0.0,0.0
2019-10-18 00:00:00+08:00,132.66869351091307,138.0763837800132,132.66869351091307,137.35536193847656,707218,0.0,0.0
2019-10-21 00:00:00+08:00,138.07639729520807,138.4369214800529,132.6687064967923,134.1107635498047,459336,0.0,0.0
2019-10-22 00:00:00+08:00,136.2738037109375,138.43688206012465,135.9132928575372,136.2738037109375,514651,0.0,0.0
2019-10-23 00:00:00+08:00,134.83176333830838,136.99484194850794,134.47125244140625,134.47125244140625,256124,0.0,0.0
2019-10-24 00:00:00+08:00,135.19229641797227,136.63435347098465,131.9476845846806,134.1107635498047,294720,0.0,0.0
2019-10-25 00:00:00+08:00,134.11074095419403,134.11074095419403,130.1450946481525,131.94766235351562,389032,0.0,0.0
2019-10-28 00:00:00+08:00,131.94764701256324,136.2738037109375,131.58713615916292,136.2738037109375,297014,0.0,0.0
2019-10-29 00:00:00+08:00,138.7974109015233,138.7974109015233,132.66868591308594,132.66868591308594,357649,0.0,0.0
2019-10-30 00:00:00+08:00,132.66868591308594,134.11074274236145,132.30817501296377,132.66868591308594,163763,0.0,0.0
2019-10-31 00:00:00+08:00,133.38972094211712,133.7502318422393,131.58715321271944,132.66868591308594,98755,0.0,0.0
2019-11-01 00:00:00+08:00,131.9476745662173,133.0292205810547,131.58716363753416,133.0292205810547,101001,0.0,0.0
2019-11-04 00:00:00+08:00,133.02919781548016,133.02919781548016,130.86611938476562,130.86611938476562,155109,0.0,0.0
2019-11-05 00:00:00+08:00,130.8661261199172,131.58714789100156,130.14509112004646,130.505615234375,127454,0.0,0.0
2019-11-06 00:00:00+08:00,129.7845916748047,130.50562673823347,129.0635698401634,129.7845916748047,103406,0.0,0.0
2019-11-07 00:00:00+08:00,129.42405023946884,129.42405023946884,126.53995035218308,127.6214828491211,173145,0.0,0.0
2019-11-08 00:00:00+08:00,125.81895497346639,128.70305546329413,124.737409021789,128.34254455566406,363215,0.0,0.0
2019-11-11 00:00:00+08:00,128.34254756394228,130.14510214434353,126.53997975475356,127.26100158691406,90180,0.0,0.0
2019-11-12 00:00:00+08:00,127.26100158691406,128.34254756394228,126.17946883867332,127.26100158691406,82965,0.0,0.0
2019-11-13 00:00:00+08:00,128.34251774253082,128.34251774253082,126.90046118449575,127.6214828491211,27655,0.0,0.0
2019-11-14 00:00:00+08:00,129.42405023946884,129.42405023946884,126.90046118449575,127.6214828491211,68536,0.0,0.0
2019-11-15 00:00:00+08:00,128.7030409540511,131.94765198573006,127.62149512430098,130.86611938476562,131079,0.0,0.0
2019-11-18 00:00:00+08:00,132.66871320870203,133.7502593603756,130.86615833722877,131.22666931152344,169538,0.0,0.0
2019-11-19 00:00:00+08:00,133.38972094211712,134.83176454260578,132.30817501296377,132.66868591308594,233265,0.0,0.0
2019-11-20 00:00:00+08:00,132.6686964235836,134.11075336710414,131.58716363753416,133.0292205810547,93787,0.0,0.0
2019-11-21 00:00:00+08:00,131.58715695084038,134.1107465521724,131.22664604047685,133.3897247314453,139478,0.0,0.0
2019-11-22 00:00:00+08:00,134.11075507389629,134.11075507389629,133.02922227408246,133.750244140625,49322,0.0,0.0
2019-11-25 00:00:00+08:00,133.75025422799257,136.27384418000733,133.75025422799257,134.831787109375,123847,0.0,0.0
2019-11-26 00:00:00+08:00,135.91333321954653,137.71588802185056,134.831787109375,134.831787109375,215229,0.0,0.0
2019-11-27 00:00:00+08:00,136.273810431727,137.3553430452673,135.55277546058096,135.91329956054688,104608,0.0,0.0
2019-11-28 00:00:00+08:00,136.27383390231205,136.27383390231205,133.750244140625,133.750244140625,54108,0.0,0.0
2019-11-29 00:00:00+08:00,134.47125746253593,134.47125746253593,132.668689681931,133.3897247314453,50524,0.0,0.0
2019-12-02 00:00:00+08:00,133.3897247314453,133.75023564180884,131.9476678612039,133.3897247314453,51703,0.0,0.0
2019-12-03 00:00:00+08:00,134.1107495840514,134.47126050256512,132.3081817626953,132.3081817626953,36072,0.0,0.0
2019-12-04 00:00:00+08:00,132.66868591308594,132.66868591308594,131.2266423125973,132.66868591308594,44488,0.0,0.0
2019-12-05 00:00:00+08:00,133.02920826824817,133.75023005887874,131.94766235351562,131.94766235351562,30060,0.0,0.0
2019-12-06 00:00:00+08:00,131.947670407516,131.947670407516,128.70305892284279,129.7845916748047,146876,0.0,0.0
2019-12-09 00:00:00+08:00,131.5871411187419,131.5871411187419,129.78457355501553,130.86611938476562,36072,0.0,0.0
2019-12-10 00:00:00+08:00,131.58715595312188,131.58715595312188,127.98203364803399,128.34254455566406,87775,0.0,0.0
2019-12-11 00:00:00+08:00,128.34254455566406,129.78458818618435,127.62150951161675,128.34254455566406,62524,0.0,0.0
2019-12-12 00:00:00+08:00,129.42408582773137,129.42408582773137,127.62151794172426,128.70306396484375,37274,0.0,0.0
2019-12-13 00:00:00+08:00,129.06353940715618,129.06353940715618,127.26097201680842,127.6214828491211,26452,0.0,0.0
2019-12-16 00:00:00+08:00,127.62150951161675,129.0635663709242,126.9004876963566,128.34254455566406,57715,0.0,0.0
2019-12-17 00:00:00+08:00,129.42408752441406,129.784598460584,128.34255471590427,129.42408752441406,58917,0.0,0.0
2019-12-18 00:00:00+08:00,129.78458818618435,129.78458818618435,128.34254455566406,128.34254455566406,40881,0.0,0.0
2019-12-19 00:00:00+08:00,128.34254455566406,128.34254455566406,127.62150951161675,128.34254455566406,28857,0.0,0.0
2019-12-20 00:00:00+08:00,128.7030656520742,129.42408752441406,128.34255471590427,129.42408752441406,34869,0.0,0.0
2019-12-23 00:00:00+08:00,129.42406268802736,131.22663025175376,128.7030409540511,130.86611938476562,75751,0.0,0.0
2019-12-24 00:00:00+08:00,131.2266554340519,131.2266554340519,129.42408752441406,129.42408752441406,42084,0.0,0.0
2019-12-25 00:00:00+08:00,128.34254455566406,129.0635663709242,128.34254455566406,128.34254455566406,16833,0.0,0.0
2019-12-26 00:00:00+08:00,129.42408582773137,129.42408582773137,127.98204210195611,128.70306396484375,33667,0.0,0.0
2019-12-27 00:00:00+08:00,128.70304198656498,133.38970975258076,128.70304198656498,129.0635528564453,257416,0.0,0.0
2019-12-30 00:00:00+08:00,128.7030285748435,128.7030285748435,127.6214828491211,127.6214828491211,46893,0.0,0.0
2019-12-31 00:00:00+08:00,129.42408411193125,129.42408411193125,127.62151624982113,127.98204040527344,21643,0.0,0.0
2020-01-02 00:00:00+08:00,127.98203364803399,129.42407727855428,127.26099860398668,128.34254455566406,57715,0.0,0.0
2020-01-03 00:00:00+08:00,128.3425466904225,128.3425466904225,126.53997889350234,126.9004898071289,74770,0.0,0.0
2020-01-06 00:00:00+08:00,126.1794752494036,126.1794752494036,122.57433944786204,124.37690734863281,156312,0.0,0.0
2020-01-07 00:00:00+08:00,124.73740233722455,125.09791322553517,120.77176933702127,121.85330200195312,99799,0.0,0.0
2020-01-08 00:00:00+08:00,121.85331002430105,122.21382093634631,119.69023132324219,119.69023132324219,74548,0.0,0.0
2020-01-09 00:00:00+08:00,121.85331135893027,122.93485733569928,118.96921080219205,122.57433319091797,131061,0.0,0.0
2020-01-10 00:00:00+08:00,121.85331095191863,127.98203618970535,121.85331095191863,124.73741149902344,139478,0.0,0.0
2020-01-13 00:00:00+08:00,126.1794752494036,126.1794752494036,124.01639641423628,124.37690734863281,27655,0.0,0.0
2020-01-14 00:00:00+08:00,124.0163900836808,125.09792283166234,122.57433319091797,122.57433319091797,46893,0.0,0.0
2020-01-15 00:00:00+08:00,122.57432494460002,122.57432494460002,119.32971369015263,120.05073547363281,101001,0.0,0.0
2020-01-16 00:00:00+08:00,119.69022256505507,122.2138119934986,119.32971167938976,121.49279022216797,91382,0.0,0.0
2020-01-17 00:00:00+08:00,121.49279521363718,122.57432791506733,120.05073838294342,120.41126251220703,81769,0.0,0.0
2020-01-20 00:00:00+08:00,120.4112676949549,122.57433319091797,119.69023263417975,122.57433319091797,85650,0.0,0.0
2020-01-30 00:00:00+08:00,119.6902247726142,119.6902247726142,110.31689527168281,112.47998046875,170740,0.0,0.0
2020-01-31 00:00:00+08:00,112.47998310580564,116.08510534225863,111.75894807548552,113.56151580810547,48096,0.0,0.0
2020-02-03 00:00:00+08:00,113.5615202372721,113.92203115209949,105.99075133953481,110.31690216064453,61322,0.0,0.0
2020-02-04 00:00:00+08:00,111.39843837513374,113.2010061271779,110.31689904678593,111.75894927978516,51703,0.0,0.0
2020-02-05 00:00:00+08:00,114.64305915291945,114.64305915291945,109.59588623046875,109.59588623046875,50500,0.0,0.0
2020-02-06 00:00:00+08:00,109.59587348705371,115.00356994373846,109.59587348705371,112.47998046875,144288,0.0,0.0
2020-02-07 00:00:00+08:00,110.31690652712474,110.31690652712474,102.38562640063014,104.18819427490234,274147,0.0,0.0
2020-02-10 00:00:00+08:00,102.02510375403024,102.38561464172271,99.86202519908906,100.58305358886719,215229,0.0,0.0
2020-02-11 00:00:00+08:00,100.94356423405439,102.74613189697266,100.94356423405439,102.74613189697266,113025,0.0,0.0
2020-02-12 00:00:00+08:00,103.10665089436134,106.71177988939088,103.10665089436134,105.26972961425781,107013,0.0,0.0
2020-02-13 00:00:00+08:00,107.07229341596184,108.87485465024243,105.99075402963595,106.35126495361328,58917,0.0,0.0
2020-02-14 00:00:00+08:00,105.99074073211504,107.07227998275182,105.99074073211504,106.7117691040039,29098,0.0,0.0
2020-02-17 00:00:00+08:00,106.71177988939088,108.5143410797088,105.26972961425781,105.26972961425781,64929,0.0,0.0
2020-02-18 00:00:00+08:00,105.63024310565861,107.43280433993918,105.63024310565861,106.35126495361328,44488,0.0,0.0
2020-02-19 00:00:00+08:00,107.07229255142128,107.07229255142128,105.99075317382812,105.99075317382812,167133,0.0,0.0
2020-02-20 00:00:00+08:00,105.99074073211504,107.07227998275182,105.99074073211504,106.7117691040039,25250,0.0,0.0
2020-02-21 00:00:00+08:00,105.63024139404297,107.07229168097946,104.90921294337785,105.63024139404297,42148,0.0,0.0
2020-02-24 00:00:00+08:00,105.63023222037006,105.63023222037006,102.3856143957531,102.74613189697266,50500,0.0,0.0
2020-02-25 00:00:00+08:00,101.30408391617307,102.74614081746536,100.2225511617945,100.94357299804688,119037,0.0,0.0
2020-02-26 00:00:00+08:00,99.86203319072189,99.86203319072189,98.41998291015625,98.41998291015625,127454,0.0,0.0
2020-02-27 00:00:00+08:00,97.69895538652264,97.69895538652264,90.48869778926748,91.93074798583984,284969,0.0,0.0
2020-03-02 00:00:00+08:00,88.68613807636962,94.81484985351562,88.68613807636962,94.81484985351562,125049,0.0,0.0
2020-03-03 00:00:00+08:00,96.25690146734544,97.33844080086509,92.29126165403576,92.65177917480469,186372,0.0,0.0
2020-03-04 00:00:00+08:00,93.73331597984522,100.58305608817152,92.65177667550036,96.61741638183594,259718,0.0,0.0
2020-03-05 00:00:00+08:00,97.69896021700178,100.5830607527436,97.69896021700178,98.0594711303711,129859,0.0,0.0
2020-03-06 00:00:00+08:00,97.3384426892388,100.2225498393743,95.17537059462929,98.0594711303711,121442,0.0,0.0
2020-03-09 00:00:00+08:00,98.05946689488825,98.05946689488825,93.3727987659438,94.45433807373047,104608,0.0,0.0
2020-03-10 00:00:00+08:00,93.01229008118004,94.45434032107507,90.12818960139002,92.65177917480469,193586,0.0,0.0
2020-03-11 00:00:00+08:00,94.81484654060343,94.81484654060343,90.48869603476682,91.20972442626953,78156,0.0,0.0
2020-03-12 00:00:00+08:00,89.76767645738116,89.76767645738116,82.19690792585325,82.55741882324219,270540,0.0,0.0
2020-03-13 00:00:00+08:00,76.42869994429026,80.03382873535156,74.62613885595628,80.03382873535156,299397,0.0,0.0
2020-03-16 00:00:00+08:00,81.47588158393485,82.55742091793647,75.70768062178429,76.06819152832031,143085,0.0,0.0
2020-03-17 00:00:00+08:00,72.82356845475334,74.26562520925717,69.5789572931025,72.10254669189453,169538,0.0,0.0
2020-03-18 00:00:00+08:00,73.54459905668462,76.06818853181369,70.0115737915039,70.0115737915039,126252,0.0,0.0
2020-03-19 00:00:00+08:00,70.0836814436162,71.02101378783657,63.0176304947618,63.30603790283203,396792,0.0,0.0
2020-03-20 00:00:00+08:00,67.05537047709701,67.34377787047056,64.82018837447688,65.97383117675781,205610,0.0,0.0
2020-03-23 00:00:00+08:00,64.82019166686031,65.18070919488055,61.28716619301774,63.45024490356445,50500,0.0,0.0
2020-03-24 00:00:00+08:00,67.19958028598906,67.63219470130403,66.3343448409655,66.69486236572266,82965,0.0,0.0
2020-03-25 00:00:00+08:00,69.7952672684921,70.94891012703708,69.21845245361328,69.21845245361328,181562,0.0,0.0
2020-03-26 00:00:00+08:00,69.2184499207036,73.90511146005555,69.2184499207036,73.18408966064453,311421,0.0,0.0
2020-03-27 00:00:00+08:00,75.7076864979071,75.7076864979071,71.59783935546875,71.59783935546875,209217,0.0,0.0
2020-03-30 00:00:00+08:00,69.93946990008655,72.82357025146484,69.57895900976257,72.82357025146484,108216,0.0,0.0
2020-03-31 00:00:00+08:00,73.90512001124263,74.62614850847363,71.38153019252539,73.54460906982422,66132,0.0,0.0
2020-04-01 00:00:00+08:00,73.54460231192323,73.90511322021484,72.46306297265481,73.90511322021484,56512,0.0,0.0
2020-04-06 00:00:00+08:00,73.18408775618207,73.54459864650605,72.1025484708169,72.82357025146484,90180,0.0,0.0
2020-04-07 00:00:00+08:00,77.14972834825986,80.03382873535156,77.14972834825986,80.03382873535156,169538,0.0,0.0
2020-04-08 00:00:00+08:00,82.91794091487382,84.35999131350532,82.19691902275522,83.63896942138672,303005,0.0,0.0
2020-04-09 00:00:00+08:00,83.63896220233121,83.63896220233121,81.11537256894387,81.47588348388672,134668,0.0,0.0
2020-04-10 00:00:00+08:00,82.19691902275522,84.7205088739589,82.19691902275522,83.63896942138672,125049,0.0,0.0
2020-04-13 00:00:00+08:00,83.6389552887797,83.6389552887797,81.11536586399093,81.83638763427734,69739,0.0,0.0
2020-04-14 00:00:00+08:00,83.2784491668184,83.2784491668184,81.83639881483822,82.91793823242188,139478,0.0,0.0
2020-04-15 00:00:00+08:00,85.80204171213681,85.80204171213681,82.55742996881452,83.63896942138672,137073,0.0,0.0
2020-04-16 00:00:00+08:00,83.63896942138672,83.63896942138672,81.83640146230164,83.63896942138672,74548,0.0,0.0
2020-04-17 00:00:00+08:00,84.35997772216797,86.16254539083921,83.27843844384387,84.35997772216797,150300,0.0,0.0
2020-04-20 00:00:00+08:00,84.35998187824896,89.76767853628517,83.63896006677315,87.9651107788086,187574,0.0,0.0
2020-04-21 00:00:00+08:00,86.52305822619604,87.96510842495341,82.55741852601491,84.72049713134766,234468,0.0,0.0
2020-04-22 00:00:00+08:00,82.91793771875993,84.72050560836412,81.475887375713,85.08101654052734,125049,0.0,0.0
2020-04-23 00:00:00+08:00,84.72050613319266,84.72050613319266,82.91793823242188,82.91793823242188,37274,0.0,0.0
2020-04-24 00:00:00+08:00,82.91793823242188,83.2784491668184,82.19691636362882,82.91793823242188,55310,0.0,0.0
2020-04-27 00:00:00+08:00,83.63896224520197,86.16255187988281,82.91793380055299,86.16255187988281,105811,0.0,0.0
2020-04-28 00:00:00+08:00,85.08101377928307,90.1281931233417,85.08101377928307,89.0466537475586,162324,0.0,0.0
2020-04-29 00:00:00+08:00,89.40716152888952,90.84921177450458,89.40716152888952,90.48870086669922,94989,0.0,0.0
2020-04-30 00:00:00+08:00,91.93074427445406,91.93074427445406,90.48869413609947,90.84920501708984,121442,0.0,0.0
2020-05-04 00:00:00+08:00,87.9651107788086,89.04665011041584,86.52306054146345,87.9651107788086,91382,0.0,0.0
2020-05-05 00:00:00+08:00,87.9651148207565,87.9651148207565,86.52306451714995,86.88357543945312,133466,0.0,0.0
2020-05-06 00:00:00+08:00,85.8020384048538,86.16255595141105,84.35998806180686,85.08101654052734,119037,0.0,0.0
2020-05-07 00:00:00+08:00,85.0810125201062,86.52306279501045,84.35998407545722,86.16255187988281,88977,0.0,0.0
2020-05-08 00:00:00+08:00,82.9179319840764,86.52306089955658,82.1969101696165,85.80203247070312,310219,0.0,0.0
2020-05-11 00:00:00+08:00,85.8020312595314,88.68613831983996,85.08100945524937,87.60459899902344,192384,0.0,0.0
2020-05-12 00:00:00+08:00,88.68614102063647,96.25690326812081,88.32562349312298,93.372802734375,652903,0.0,0.0
2020-05-13 00:00:00+08:00,94.45433916448494,101.6645968900642,93.73331736056309,99.50151824951172,912622,0.0,0.0
2020-05-14 00:00:00+08:00,98.0594730310195,99.5015233268411,93.01229368844697,93.73332214355469,551902,0.0,0.0
2020-05-15 00:00:00+08:00,98.05946922800938,98.05946922800938,90.12818960139002,92.65177917480469,408816,0.0,0.0
2020-05-18 00:00:00+08:00,88.6861343383789,90.48869538255357,88.32561683802942,88.6861343383789,149097,0.0,0.0
2020-05-19 00:00:00+08:00,90.84920692332156,92.65177459488173,88.68613497759986,91.20972442626953,193586,0.0,0.0
2020-05-20 00:00:00+08:00,90.1281967163086,91.20973613520735,89.7676857814737,90.1281967163086,93787,0.0,0.0
2020-05-21 00:00:00+08:00,90.84920868481223,92.29125888138459,90.48869778926748,91.93074798583984,78156,0.0,0.0
2020-05-22 00:00:00+08:00,91.93075434005101,91.93075434005101,89.0466537475586,89.0466537475586,105811,0.0,0.0
2020-05-25 00:00:00+08:00,88.32562168454649,88.68613920467793,85.8020321155941,87.9651107788086,205610,0.0,0.0
2020-05-26 00:00:00+08:00,88.68613920467793,89.40716101615374,87.9651107788086,87.9651107788086,82965,0.0,0.0
2020-05-27 00:00:00+08:00,87.96510990116445,88.68613831983996,86.5230596782069,87.60459899902344,88977,0.0,0.0
2020-05-28 00:00:00+08:00,89.40715934484777,92.65177727901721,88.32562003345797,92.291259765625,315029,0.0,0.0
2020-05-29 00:00:00+08:00,92.29126202011966,92.29126202011966,89.40716152888952,90.48870086669922,93787,0.0,0.0
2020-06-01 00:00:00+08:00,90.48869374320284,95.17536163330078,89.76767198435273,95.17536163330078,161121,0.0,0.0
2020-06-02 00:00:00+08:00,95.17537184770346,100.94357299513094,94.81485431519391,96.25690460205078,363125,0.0,0.0
2020-06-03 00:00:00+08:00,96.61741176539407,99.14100115015556,95.17536163330078,95.17536163330078,234468,0.0,0.0
2020-06-04 00:00:00+08:00,96.25689517873118,96.25689517873118,94.81484503304758,95.53587341308594,102204,0.0,0.0
2020-06-05 00:00:00+08:00,94.81484897152824,94.81484897152824,94.09382717593272,94.45433807373047,64929,0.0,0.0
2020-06-08 00:00:00+08:00,94.81484897152824,95.8963882793149,94.09382717593272,94.45433807373047,82965,0.0,0.0
2020-06-09 00:00:00+08:00,93.73333059985337,95.1753810257718,93.73333059985337,94.09384155273438,63727,0.0,0.0
2020-06-10 00:00:00+08:00,94.09384155273438,94.45435250561538,92.65179112681594,94.09384155273438,102204,0.0,0.0
2020-06-11 00:00:00+08:00,94.81485211778674,94.81485211778674,92.65178004482918,93.01229095458984,46893,0.0,0.0
2020-06-12 00:00:00+08:00,88.68613669715037,91.93074798583984,88.68613669715037,91.93074798583984,58917,0.0,0.0
2020-06-15 00:00:00+08:00,90.84920692332156,91.57023531482427,90.84920692332156,91.20972442626953,28857,0.0,0.0
2020-06-16 00:00:00+08:00,91.20973247226843,93.73332214355469,91.20973247226843,93.73332214355469,34869,0.0,0.0
2020-06-17 00:00:00+08:00,93.73331627813496,95.17536648371939,92.6517769703483,94.45433807373047,135871,0.0,0.0
2020-06-18 00:00:00+08:00,95.17537099251275,96.25690373714205,93.73332071861331,95.89639282226562,91382,0.0,0.0
2020-06-19 00:00:00+08:00,95.8963882793149,96.97792758710158,94.45433807373047,94.45433807373047,97394,0.0,0.0
2020-06-22 00:00:00+08:00,95.17537099251275,96.25690373714205,95.17537099251275,95.89639282226562,34869,0.0,0.0
2020-06-23 00:00:00+08:00,95.8963882793149,95.8963882793149,93.73331627813496,94.45433807373047,61322,0.0,0.0
2020-06-24 00:00:00+08:00,95.17536163330078,95.17536163330078,94.09382238063256,95.17536163330078,36072,0.0,0.0
2020-06-29 00:00:00+08:00,94.45433807373047,95.8963882793149,93.3727987659438,94.45433807373047,51703,0.0,0.0
2020-06-30 00:00:00+08:00,95.53587341308594,95.89638429590856,94.45433415022495,95.53587341308594,74548,0.0,0.0
2020-07-01 00:00:00+08:00,95.8963866969674,100.22254385672991,94.81484740702678,98.78048706054688,276552,0.0,0.0
2020-07-02 00:00:00+08:00,100.22254531295582,108.51433563232422,99.86202780147512,108.51433563232422,639677,0.0,0.0
2020-07-03 00:00:00+08:00,110.31690216064453,111.75895243434778,104.54870106583157,110.31690216064453,621641,0.0,0.0
2020-07-06 00:00:00+08:00,112.1194668798357,116.08511352539062,110.67742317511598,116.08511352539062,509818,0.0,0.0
2020-07-07 00:00:00+08:00,117.57972031687812,118.32863188207176,110.46501922607422,110.46501922607422,547092,4.98644,0.0
2020-07-08 00:00:00+08:00,111.21393838002302,113.0862241753473,111.21393838002302,111.58839416503906,119037,0.0,0.0
2020-07-09 00:00:00+08:00,115.70743102346762,118.32863531825137,111.21394089108585,111.96285247802734,436471,0.0,0.0
2020-07-10 00:00:00+08:00,113.83514850825296,114.20960431265254,108.59273976568093,112.33731842041016,264528,0.0,0.0
2020-07-13 00:00:00+08:00,113.0862255933021,115.33297407205784,112.71176980359088,113.83514404296875,151502,0.0,0.0
2020-07-14 00:00:00+08:00,114.5840549111832,114.5840549111832,111.58839487159868,112.7117691040039,68536,0.0,0.0
2020-07-15 00:00:00+08:00,113.08623002920933,114.20960431265254,111.21394413696694,112.33731842041016,152704,0.0,0.0
2020-07-16 00:00:00+08:00,112.7117691040039,113.83514333640915,111.9628506589857,112.7117691040039,61322,0.0,0.0
2020-07-17 00:00:00+08:00,113.08622868249144,113.08622868249144,104.47370406239881,110.09056854248047,192384,0.0,0.0
2020-07-20 00:00:00+08:00,109.71610622288522,109.71610622288522,104.84815363195221,107.09490203857422,93787,0.0,0.0
2020-07-21 00:00:00+08:00,108.5927371253854,110.46502297210552,107.46936286925562,107.84381866455078,70941,0.0,0.0
2020-07-22 00:00:00+08:00,109.34164683477304,109.71610260009766,108.21827266855547,109.71610260009766,55310,0.0,0.0
2020-07-23 00:00:00+08:00,109.71611470371275,109.71611470371275,107.84382193005543,108.2182846069336,63727,0.0,0.0
2020-07-24 00:00:00+08:00,106.72044924216469,107.46936081846387,102.60140809154261,103.35032653808594,171943,0.0,0.0
2020-07-27 00:00:00+08:00,103.72478088117386,105.22261088314904,99.98020244111383,101.10357666015625,224848,0.0,0.0
2020-07-28 00:00:00+08:00,103.35032653808594,105.59707500747177,100.35466649240094,103.35032653808594,216432,0.0,0.0
2020-07-29 00:00:00+08:00,104.84815469215738,105.22261047363281,103.3503246960116,105.22261047363281,114228,0.0,0.0
2020-07-30 00:00:00+08:00,104.84815656092844,104.84815656092844,102.60140809154261,103.35032653808594,101001,0.0,0.0
2020-07-31 00:00:00+08:00,104.09924383819904,108.21827807321462,104.09924383819904,106.34598541259766,151502,0.0,0.0
2020-08-03 00:00:00+08:00,107.46935926237724,110.8394819176588,107.09490347964953,109.3416519165039,123847,0.0,0.0
2020-08-04 00:00:00+08:00,110.09056344347741,111.21393766151192,109.34165187828377,110.46501922607422,92584,0.0,0.0
2020-08-05 00:00:00+08:00,111.21394413696694,112.71177422480974,110.4650256579233,112.33731842041016,128656,0.0,0.0
2020-08-06 00:00:00+08:00,112.3373074810472,113.08621901691765,109.34164759707778,110.8394775390625,93787,0.0,0.0
2020-08-07 00:00:00+08:00,113.0862241753473,113.83514261562348,107.8438157041464,111.58839416503906,147895,0.0,0.0
2020-08-10 00:00:00+08:00,111.58839534276049,111.58839534276049,104.84815679011382,108.59273529052734,67334,0.0,0.0
2020-08-11 00:00:00+08:00,108.59273201957421,108.59273201957421,105.59707205757421,107.09490203857422,38476,0.0,0.0
2020-08-12 00:00:00+08:00,105.22261375262698,105.97153220916003,104.0992463731938,105.59707641601562,52905,0.0,0.0
2020-08-13 00:00:00+08:00,105.5970770225355,108.96719292068056,105.5970770225355,107.84381866455078,57715,0.0,0.0
2020-08-14 00:00:00+08:00,105.97152926122234,110.8394819176588,105.97152926122234,109.3416519165039,146692,0.0,0.0
2020-08-17 00:00:00+08:00,110.46501993974685,113.0862241753473,110.46501993974685,111.58839416503906,217634,0.0,0.0
2020-08-18 00:00:00+08:00,113.08622348426911,113.08622348426911,108.59273348080443,109.3416519165039,138276,0.0,0.0
2020-08-19 00:00:00+08:00,108.96719622020092,109.34165889707909,107.84382193005543,108.2182846069336,50500,0.0,0.0
2020-08-20 00:00:00+08:00,108.21828530368063,111.21394551652604,102.60141381678977,104.09925079345703,202003,0.0,0.0
2020-08-21 00:00:00+08:00,105.97153220916003,106.34598800230442,104.47370216633819,105.59707641601562,67334,0.0,0.0
2020-08-24 00:00:00+08:00,106.34598541259766,106.7204480668675,104.4736996222248,106.34598541259766,45691,0.0,0.0
2020-08-25 00:00:00+08:00,107.09489924897883,110.8394775390625,107.09489924897883,110.8394775390625,141883,0.0,0.0
2020-08-26 00:00:00+08:00,111.58839416503906,112.33731260531523,110.46501993974685,111.58839416503906,126252,0.0,0.0
2020-08-27 00:00:00+08:00,112.33731715303297,117.20527003628571,111.96285448261357,115.33297729492188,379958,0.0,0.0
2020-08-28 00:00:00+08:00,117.57972574462862,119.82647428441273,114.58405873483501,116.45634460449219,696190,0.0,0.0
2020-08-31 00:00:00+08:00,116.45634352654166,117.20526885986328,116.08188773012516,117.20526885986328,167133,0.0,0.0
2020-09-01 00:00:00+08:00,117.57972201400898,123.57104210301226,117.20526622600731,119.07754516601562,397994,0.0,0.0
2020-09-02 00:00:00+08:00,121.32429398068784,122.4476750883865,119.45201503533735,122.0732192993164,147895,0.0,0.0
2020-09-03 00:00:00+08:00,123.19659039057746,123.19659039057746,119.07754910531713,120.57538604736328,163526,0.0,0.0
2020-09-04 00:00:00+08:00,117.95417675747011,120.2009252060724,117.20526518809875,119.82646942138672,161121,0.0,0.0
2020-09-07 00:00:00+08:00,119.82646276914825,119.82646276914825,115.33296612140286,116.83080291748047,157514,0.0,0.0
2020-09-08 00:00:00+08:00,120.57538597834963,121.32429757869966,114.95852149474685,115.33297729492188,228456,0.0,0.0
2020-09-09 00:00:00+08:00,113.8351471350699,116.45634460449219,112.71177286517785,116.45634460449219,114228,0.0,0.0
2020-09-10 00:00:00+08:00,117.95417276801824,119.82646536861007,116.83080545195578,118.32862854003906,88977,0.0,0.0
2020-09-11 00:00:00+08:00,116.83080798318963,119.07754266399185,115.33297112216677,117.57971954345703,125049,0.0,0.0
2020-09-14 00:00:00+08:00,122.82212262081602,122.82212262081602,116.83080291748047,116.83080291748047,182764,0.0,0.0
2020-09-15 00:00:00+08:00,117.95418154451117,117.95418154451117,116.08188880460963,116.45634460449219,69739,0.0,0.0
2020-09-16 00:00:00+08:00,117.2052674073198,117.5797231990956,114.58405625415645,116.0818862915039,111823,0.0,0.0
2020-09-17 00:00:00+08:00,116.83081555418302,116.83081555418302,112.33731842041016,112.33731842041016,121442,0.0,0.0
2020-09-18 00:00:00+08:00,113.08622628149513,114.9585189819336,112.71177048950514,114.9585189819336,92584,0.0,0.0
2020-09-21 00:00:00+08:00,114.20959912379617,114.5840549111832,112.33731331661689,112.7117691040039,66132,0.0,0.0
2020-09-22 00:00:00+08:00,113.8351415113641,115.70742728852623,110.83948151980705,113.46068572998047,109418,0.0,0.0
2020-09-23 00:00:00+08:00,112.33731514174237,112.33731514174237,109.34165505348786,111.96285247802734,127454,0.0,0.0
2020-09-24 00:00:00+08:00,109.34165495819235,109.34165495819235,105.59707641601562,105.59707641601562,169538,0.0,0.0
2020-09-25 00:00:00+08:00,106.72045121449638,106.72045121449638,99.60574988670042,101.47804260253906,221241,0.0,0.0
2020-09-28 00:00:00+08:00,101.85249839760907,102.6014099877491,101.47804260253906,101.47804260253906,60120,0.0,0.0
2020-09-29 00:00:00+08:00,104.47370595158274,105.59708024196178,102.60141317753617,102.97587585449219,27655,0.0,0.0
2020-09-30 00:00:00+08:00,102.97586748521051,102.97586748521051,101.4780375098549,101.85249328613281,39679,0.0,0.0
2020-10-05 00:00:00+08:00,100.72911908705512,104.47369746056611,100.72911908705512,101.85249328613281,61322,0.0,0.0
2020-10-06 00:00:00+08:00,102.97587649607887,105.97153670892429,102.97587649607887,104.09925079345703,75751,0.0,0.0
2020-10-07 00:00:00+08:00,104.0992463731938,105.59707641601562,103.72478370980514,105.59707641601562,58917,0.0,0.0
2020-10-08 00:00:00+08:00,107.09490832862019,107.84381992798431,104.84815979003906,104.84815979003906,66132,0.0,0.0
2020-10-12 00:00:00+08:00,105.5970716596438,105.5970716596438,101.4780375098549,101.85249328613281,85370,0.0,0.0
2020-10-13 00:00:00+08:00,103.72478416673552,103.72478416673552,101.10357986268927,102.60140991210938,31262,0.0,0.0
2020-10-14 00:00:00+08:00,102.97587585449219,104.09925014487123,102.22695737082466,102.97587585449219,24048,0.0,0.0
2020-10-15 00:00:00+08:00,103.7247874679152,103.7247874679152,101.10358308044563,102.97587585449219,28857,0.0,0.0
2020-10-16 00:00:00+08:00,102.22695419267907,102.97587265306339,101.47804260253906,101.47804260253906,20440,0.0,0.0
2020-10-19 00:00:00+08:00,102.60140738469093,102.60140738469093,101.4780400279814,102.2269515991211,7214,0.0,0.0
2020-10-20 00:00:00+08:00,102.97587265306339,102.97587265306339,101.10357993722475,101.47804260253906,20440,0.0,0.0
2020-10-21 00:00:00+08:00,101.85249436286173,101.85249436286173,99.2312901607185,99.9802017211914,120240,0.0,0.0
2020-10-22 00:00:00+08:00,98.85683110117132,99.2312868689862,96.6100827537944,97.35900115966797,250099,0.0,0.0
2020-10-23 00:00:00+08:00,97.35900621115735,98.10791778564453,96.610087766426,98.10791778564453,60120,0.0,0.0
2020-10-26 00:00:00+08:00,98.85684264002263,99.23129845154507,95.86117553710938,95.86117553710938,133466,0.0,0.0
2020-10-27 00:00:00+08:00,95.48671470295876,96.61008894868087,94.36334045723667,95.11225891113281,101001,0.0,0.0
2020-10-28 00:00:00+08:00,94.73779986632888,95.11225564529728,91.36767724488129,93.61442565917969,228456,0.0,0.0
2020-10-29 00:00:00+08:00,91.7421297712901,92.11659240722656,90.99321823990466,92.11659240722656,116632,0.0,0.0
2020-10-30 00:00:00+08:00,93.23996838658748,93.23996838658748,90.99322000828006,91.36767578125,317433,0.0,0.0
2020-11-02 00:00:00+08:00,91.74213339894347,91.74213339894347,89.12092919495971,89.49539184570312,126252,0.0,0.0
2020-11-03 00:00:00+08:00,90.61876247421195,92.11659240722656,89.86984407258277,92.11659240722656,48096,0.0,0.0
2020-11-04 00:00:00+08:00,93.23997308175882,95.11225891113281,93.23997308175882,95.11225891113281,188776,0.0,0.0
2020-11-05 00:00:00+08:00,95.11225891113281,95.86117049478472,94.36334045723667,95.11225891113281,16833,0.0,0.0
2020-11-06 00:00:00+08:00,95.11225891113281,95.48671470295876,94.36334045723667,95.11225891113281,52905,0.0,0.0
2020-11-09 00:00:00+08:00,95.11226207570218,96.98454796737076,95.11226207570218,96.61009216308594,45691,0.0,0.0
2020-11-10 00:00:00+08:00,97.35901064190004,97.35901064190004,95.86117368427182,96.61009216308594,37274,0.0,0.0
2020-11-11 00:00:00+08:00,96.61009216308594,97.73346644618486,96.61009216308594,96.61009216308594,49298,0.0,0.0
2020-11-12 00:00:00+08:00,96.61008198554029,96.98453775037747,95.11225205594786,96.23562622070312,22845,0.0,0.0
2020-11-13 00:00:00+08:00,94.73779629111068,96.23562622070312,94.73779629111068,96.23562622070312,25250,0.0,0.0
2020-11-16 00:00:00+08:00,96.23563444730567,98.48237609863281,95.8611717802142,98.48237609863281,64929,0.0,0.0
2020-11-17 00:00:00+08:00,98.85683876572428,98.85683876572428,98.10792030178567,98.48237609863281,26452,0.0,0.0
2020-11-18 00:00:00+08:00,98.10792030178567,98.48237609863281,98.10792030178567,98.48237609863281,25250,0.0,0.0
2020-11-19 00:00:00+08:00,99.60574488797744,102.22694906241072,99.60574488797744,101.85249328613281,84168,0.0,0.0
2020-11-20 00:00:00+08:00,105.59708022000893,111.2139448004919,104.09925012322978,108.2182846069336,466531,0.0,0.0
2020-11-23 00:00:00+08:00,108.59273529052734,113.08622536887708,108.59273529052734,108.59273529052734,357113,0.0,0.0
2020-11-24 00:00:00+08:00,109.34165558622003,109.34165558622003,106.34598861312583,107.84381866455078,92584,0.0,0.0
2020-11-25 00:00:00+08:00,110.09056200057422,110.09056200057422,107.09490203857422,107.09490203857422,192384,0.0,0.0
2020-11-26 00:00:00+08:00,107.46935963491902,107.84381541894477,106.34598541259766,106.34598541259766,34869,0.0,0.0
2020-11-27 00:00:00+08:00,106.72045066569308,107.09490645883747,104.47370216633819,105.59707641601562,120240,0.0,0.0
2020-11-30 00:00:00+08:00,104.84815469215738,106.34598468830316,104.84815469215738,105.22261047363281,115430,0.0,0.0
2020-12-01 00:00:00+08:00,105.59707757788529,105.59707757788529,104.09924751858303,103.72478485107422,34869,0.0,0.0
2020-12-02 00:00:00+08:00,104.09923808432777,105.59706800788541,104.09923808432777,104.47369384765625,99799,0.0,0.0
2020-12-03 00:00:00+08:00,104.84815979003906,105.59707825964756,104.09924819067494,104.84815979003906,66132,0.0,0.0
2020-12-04 00:00:00+08:00,104.84815911311199,104.84815911311199,102.97587325654527,103.72478485107422,63727,0.0,0.0
2020-12-07 00:00:00+08:00,103.72478088117386,103.72478088117386,99.60574665818105,101.10357666015625,127454,0.0,0.0
2020-12-08 00:00:00+08:00,101.10357737216744,102.60140738469093,99.98020314521378,102.2269515991211,115430,0.0,0.0
2020-12-09 00:00:00+08:00,104.09925192251488,107.46936798095703,104.09925192251488,107.46936798095703,312624,0.0,0.0
2020-12-10 00:00:00+08:00,110.8394897074815,111.21394551652604,102.60141381678977,104.09925079345703,373946,0.0,0.0
2020-12-11 00:00:00+08:00,105.59707757788529,105.59707757788529,101.47804319724301,103.72478485107422,78156,0.0,0.0
2020-12-14 00:00:00+08:00,104.09924683177377,104.09924683177377,101.85249832252147,102.60140991210938,67334,0.0,0.0
2020-12-15 00:00:00+08:00,101.85250025247493,101.85250025247493,99.98020750253941,100.7291259765625,81763,0.0,0.0
2020-12-16 00:00:00+08:00,100.72911908705512,101.85249328613281,100.72911908705512,101.85249328613281,46893,0.0,0.0
2020-12-17 00:00:00+08:00,103.35032326148843,103.35032326148843,101.4780375098549,101.85249328613281,24048,0.0,0.0
2020-12-18 00:00:00+08:00,101.85249581355124,103.72478161164459,101.85249581355124,102.2269515991211,25250,0.0,0.0
2020-12-21 00:00:00+08:00,102.97587392138436,106.3459898590117,101.8524996520938,104.84815979003906,104608,0.0,0.0
2020-12-22 00:00:00+08:00,104.09924751858303,105.59707757788529,103.35032905380974,103.72478485107422,56512,0.0,0.0
2020-12-23 00:00:00+08:00,102.60140129052641,105.9715237712139,102.60140129052641,104.47369384765625,46893,0.0,0.0
2020-12-24 00:00:00+08:00,105.97153405932963,105.97153405932963,104.09924819067494,104.84815979003906,40881,0.0,0.0
2020-12-25 00:00:00+08:00,104.84815911311199,104.84815911311199,103.35032905380974,103.72478485107422,19238,0.0,0.0
2020-12-28 00:00:00+08:00,103.35032326148843,103.35032326148843,101.85249328613281,101.85249328613281,75751,0.0,0.0
2020-12-29 00:00:00+08:00,103.35032326148843,103.35032326148843,101.10357486333304,101.85249328613281,36072,0.0,0.0
2020-12-30 00:00:00+08:00,101.85249839760907,102.22695419267907,100.72912414215475,101.47804260253906,40881,0.0,0.0
2020-12-31 00:00:00+08:00,101.4780393133331,103.35032509824107,100.72912087722347,101.10357666015625,52905,0.0,0.0
2021-01-04 00:00:00+08:00,101.10357924861344,101.85249770389692,99.98020500081036,100.35466766357422,94989,0.0,0.0
2021-01-05 00:00:00+08:00,101.85249581355124,102.60140738469093,101.10357737216744,102.2269515991211,42084,0.0,0.0
2021-01-06 00:00:00+08:00,102.22694906241072,102.22694906241072,100.72911908705512,101.85249328613281,44488,0.0,0.0
2021-01-07 00:00:00+08:00,101.10357486333304,101.85249328613281,100.35466331077721,101.85249328613281,32464,0.0,0.0
2021-01-08 00:00:00+08:00,104.09924498462928,105.59707500747177,102.22695230339302,103.35032653808594,177955,0.0,0.0
2021-01-11 00:00:00+08:00,104.09923808432777,104.84814961098473,103.35031968742709,104.47369384765625,69739,0.0,0.0
2021-01-12 00:00:00+08:00,105.22261756500576,105.59708024196178,102.60141317753617,102.97587585449219,54108,0.0,0.0
2021-01-13 00:00:00+08:00,103.35032972106643,104.84815979003906,103.35032972106643,104.84815979003906,103406,0.0,0.0
2021-01-14 00:00:00+08:00,105.22261822059065,105.59708089987974,103.72478811416794,104.09925079345703,72144,0.0,0.0
2021-01-15 00:00:00+08:00,105.59707825964756,105.59707825964756,103.35032972106643,104.84815979003906,131061,0.0,0.0
2021-01-18 00:00:00+08:00,104.84815986233907,111.96285441242622,104.09924826245853,110.09056854248047,375149,0.0,0.0
2021-01-19 00:00:00+08:00,110.83947676631523,111.58838829696444,107.84381003298711,109.71610260009766,165931,0.0,0.0
2021-01-20 00:00:00+08:00,110.83948571690566,110.83948571690566,105.9715328936103,106.72045135498047,151502,0.0,0.0
2021-01-21 00:00:00+08:00,106.72045135498047,107.46936294610634,104.47370284111426,106.72045135498047,87775,0.0,0.0
2021-01-22 00:00:00+08:00,106.72044769692182,110.09056348195932,105.97152926122234,109.3416519165039,183967,0.0,0.0
2021-01-25 00:00:00+08:00,108.59273344284607,111.58839344410873,108.59273344284607,110.46501922607422,180360,0.0,0.0
2021-01-26 00:00:00+08:00,110.46502110561202,110.46502110561202,106.3459868162304,108.59273529052734,84168,0.0,0.0
2021-01-27 00:00:00+08:00,107.46935963491902,107.84381541894477,105.9715296285719,106.34598541259766,75751,0.0,0.0
2021-01-28 00:00:00+08:00,104.84815795948258,105.59707641601562,104.0992463731938,105.59707641601562,68536,0.0,0.0
2021-01-29 00:00:00+08:00,105.59707500747177,105.59707500747177,102.97587074993636,103.35032653808594,43286,0.0,0.0
2021-02-01 00:00:00+08:00,103.3503316612037,103.3503316612037,101.10358308044563,102.97587585449219,54108,0.0,0.0
2021-02-02 00:00:00+08:00,102.60140738469093,103.72478161164459,101.85249581355124,102.2269515991211,70941,0.0,0.0
2021-02-03 00:00:00+08:00,102.22694906241072,102.60140483868865,101.85249328613281,101.85249328613281,25250,0.0,0.0
2021-02-04 00:00:00+08:00,102.2269515991211,102.2269515991211,101.10357737216744,102.2269515991211,54108,0.0,0.0
2021-02-05 00:00:00+08:00,102.60140809154261,104.47370077277886,102.60140809154261,103.35032653808594,37274,0.0,0.0
2021-02-17 00:00:00+08:00,105.9715237712139,105.9715237712139,102.60140129052641,104.47369384765625,63727,0.0,0.0
2021-02-18 00:00:00+08:00,107.09490312149808,107.09490312149808,104.47369891068195,105.22261047363281,68536,0.0,0.0
2021-02-19 00:00:00+08:00,105.9715237712139,105.9715237712139,103.35031968742709,104.47369384765625,75751,0.0,0.0
2021-02-22 00:00:00+08:00,104.84815469215738,105.97152890682773,104.47369891068195,105.22261047363281,66132,0.0,0.0
2021-02-23 00:00:00+08:00,105.22260867918638,105.97152709960938,104.4736971290073,105.97152709960938,57715,0.0,0.0
2021-02-24 00:00:00+08:00,105.97153405932963,110.09056846656544,104.84815979003906,104.84815979003906,214027,0.0,0.0
2021-02-25 00:00:00+08:00,106.34598868917324,107.0949071505434,105.22261443224014,106.72045135498047,54108,0.0,0.0
2021-02-26 00:00:00+08:00,106.34598287469892,106.34598287469892,103.7247787085843,105.97152709960938,64929,0.0,0.0
2021-03-02 00:00:00+08:00,106.72044947544268,109.71610952767583,106.72044947544268,108.59273529052734,173145,0.0,0.0
2021-03-03 00:00:00+08:00,109.3416519165039,109.3416519165039,105.97152926122234,109.3416519165039,107013,0.0,0.0
2021-03-04 00:00:00+08:00,106.72044216811457,106.72044216811457,104.47369384765625,104.47369384765625,94989,0.0,0.0
2021-03-05 00:00:00+08:00,102.60141317753617,103.3503316612037,102.22695737082466,102.97587585449219,55310,0.0,0.0
2021-03-08 00:00:00+08:00,103.35032582607475,104.09924426745856,102.2269515991211,102.2269515991211,49298,0.0,0.0
2021-03-09 00:00:00+08:00,101.4780400279814,102.2269515991211,101.10357737216744,102.2269515991211,38476,0.0,0.0
2021-03-10 00:00:00+08:00,104.09925014487123,104.09925014487123,102.22695737082466,102.97587585449219,12024,0.0,0.0
2021-03-11 00:00:00+08:00,103.72478811416794,104.47370660250158,103.3503323051234,104.09925079345703,42084,0.0,0.0
2021-03-12 00:00:00+08:00,104.0992463731938,105.97153220916003,103.72478370980514,105.59707641601562,69739,0.0,0.0
2021-03-15 00:00:00+08:00,104.84815795948258,105.97153220916003,104.84815795948258,105.59707641601562,76953,0.0,0.0
2021-03-16 00:00:00+08:00,105.59706800788541,106.72044216811457,103.72477545075557,104.47369384765625,94989,0.0,0.0
2021-03-17 00:00:00+08:00,104.47370216633819,108.21828070851491,104.47370216633819,105.59707641601562,188776,0.0,0.0
2021-03-18 00:00:00+08:00,106.34598800230442,106.34598800230442,105.22261375262698,105.59707641601562,94989,0.0,0.0
2021-03-19 00:00:00+08:00,105.22260537431322,105.22260537431322,103.35031968742709,104.47369384765625,111823,0.0,0.0
2021-03-22 00:00:00+08:00,104.0992463731938,105.59707641601562,103.72478370980514,105.59707641601562,44488,0.0,0.0
2021-03-23 00:00:00+08:00,105.59707757788529,105.97153337514976,103.35032905380974,103.72478485107422,111823,0.0,0.0
2021-03-24 00:00:00+08:00,104.09924498462928,104.09924498462928,102.22695230339302,103.35032653808594,114228,0.0,0.0
2021-03-25 00:00:00+08:00,106.34598361295222,108.59273201957421,105.22260940964122,107.09490203857422,371541,0.0,0.0
2021-03-26 00:00:00+08:00,108.21827342302831,111.58838907493295,107.46935501691405,110.8394775390625,349898,0.0,0.0
2021-03-29 00:00:00+08:00,114.20960070216223,121.69875090462288,113.83514490960026,120.200927734375,937872,0.0,0.0
2021-03-30 00:00:00+08:00,121.32428584312689,121.69874160708119,116.83080293518789,117.95417022705078,404006,0.0,0.0
2021-03-31 00:00:00+08:00,117.95417276801824,120.5753769126517,117.95417276801824,118.32862854003906,271742,0.0,0.0
2021-04-01 00:00:00+08:00,120.5753758769421,123.94549153666883,118.3286275236284,121.32428741455078,361922,0.0,0.0
2021-04-07 00:00:00+08:00,122.0732126926471,123.19657999906013,119.45200857052906,121.32428741455078,200800,0.0,0.0
2021-04-08 00:00:00+08:00,121.6987533569336,122.82213449774488,120.94984175671858,121.6987533569336,186372,0.0,0.0
2021-04-09 00:00:00+08:00,125.81778050679803,127.31560353898729,122.07320918583764,123.94548797607422,484567,0.0,0.0
2021-04-12 00:00:00+08:00,126.19224789634353,126.5667036889055,119.82647194181304,120.200927734375,363125,0.0,0.0
2021-04-13 00:00:00+08:00,120.94983906556632,122.82213176493381,116.0818862915039,116.0818862915039,442483,0.0,0.0
2021-04-14 00:00:00+08:00,119.82646796474731,119.82646796474731,113.83514113138793,117.57971954345703,264528,0.0,0.0
2021-04-15 00:00:00+08:00,119.0775426330638,119.45201215358829,117.95417529295446,118.70308685302734,120240,0.0,0.0
2021-04-16 00:00:00+08:00,119.45201215358829,119.82646793362473,118.3286310729909,118.70308685302734,86572,0.0,0.0
2021-04-19 00:00:00+08:00,119.8264731752674,119.8264731752674,116.45634352654166,117.20526885986328,149097,0.0,0.0
2021-04-20 00:00:00+08:00,117.20526885986328,117.95418045269628,115.70743193370866,117.20526885986328,117835,0.0,0.0
2021-04-21 00:00:00+08:00,117.95417905834205,117.95417905834205,114.58405631969936,114.9585189819336,179157,0.0,0.0
2021-04-22 00:00:00+08:00,116.45633998097982,116.45633998097982,111.21393838002302,111.58839416503906,387173,0.0,0.0
2021-04-23 00:00:00+08:00,113.46068318062261,114.58405049953244,112.3373089914689,114.2095947265625,129859,0.0,0.0
2021-04-26 00:00:00+08:00,116.0818888952719,116.8308142361107,114.20960302415243,115.33297729492188,99799,0.0,0.0
2021-04-27 00:00:00+08:00,115.3329747739236,116.45634214989359,114.58405631969936,114.9585189819336,46893,0.0,0.0
2021-04-28 00:00:00+08:00,114.95852279169618,114.95852279169618,111.9628557457661,112.33731842041016,156312,0.0,0.0
2021-04-29 00:00:00+08:00,114.95852149474685,117.95418163663575,113.086228753383,115.33297729492188,175550,0.0,0.0
2021-05-03 00:00:00+08:00,115.70743440049534,115.70743440049534,112.33731842041016,112.33731842041016,72144,0.0,0.0
2021-05-04 00:00:00+08:00,113.08622672868385,113.08622672868385,108.5927365963021,111.96285247802734,123847,0.0,0.0
2021-05-05 00:00:00+08:00,111.96284406228905,111.96284406228905,109.71610260009766,109.71610260009766,57715,0.0,0.0
2021-05-06 00:00:00+08:00,109.71610952767583,111.2139395537924,108.59273529052734,108.59273529052734,108216,0.0,0.0
2021-05-07 00:00:00+08:00,108.5927391256093,112.33731775826709,108.5927391256093,111.21394348144531,57715,0.0,0.0
2021-05-10 00:00:00+08:00,111.58839861248596,111.58839861248596,109.34165694259993,110.09056854248047,79358,0.0,0.0
2021-05-11 00:00:00+08:00,109.341649686147,109.341649686147,104.84815290409684,105.97152709960938,153907,0.0,0.0
2021-05-12 00:00:00+08:00,104.84815359763887,105.59707202301576,95.861166844336,97.73345947265625,322243,0.0,0.0
2021-05-13 00:00:00+08:00,95.86117368427182,98.8568407292838,93.61443198831842,96.61009216308594,422042,0.0,0.0
2021-05-14 00:00:00+08:00,96.98454474050682,99.98020481560292,94.36334045723667,95.11225891113281,121442,0.0,0.0
2021-05-17 00:00:00+08:00,92.86551348475602,94.36334357174061,85.75081885401809,86.12527465820312,765929,0.0,0.0
2021-05-18 00:00:00+08:00,86.87418183528578,93.61441978499573,86.87418183528578,92.8655014038086,214027,0.0,0.0
2021-05-19 00:00:00+08:00,93.61441978499573,95.86116118807,90.24429737501897,92.8655014038086,91382,0.0,0.0
2021-05-20 00:00:00+08:00,93.23996680752191,96.98453821429291,83.87851767986311,87.99755859375,745488,0.0,0.0
2021-05-21 00:00:00+08:00,89.86985034459254,95.86117049478472,88.37202030704448,95.11225891113281,306612,0.0,0.0
2021-05-24 00:00:00+08:00,95.11225281229105,99.2312868689862,93.6144228707877,97.35900115966797,217634,0.0,0.0
2021-05-25 00:00:00+08:00,98.1079152502227,99.60574523073252,96.23562949214643,97.73345947265625,164728,0.0,0.0
2021-05-26 00:00:00+08:00,98.48236846311264,98.48236846311264,95.11225281229105,97.35900115966797,126252,0.0,0.0
2021-05-27 00:00:00+08:00,98.8568344116211,98.8568344116211,95.86116755805376,98.8568344116211,74548,0.0,0.0
2021-05-28 00:00:00+08:00,100.35466181987674,101.1035733613065,99.60574340820312,99.60574340820312,46893,0.0,0.0
2021-05-31 00:00:00+08:00,100.35466766357422,102.97587195169999,99.98020500081036,100.35466766357422,81763,0.0,0.0
2021-06-01 00:00:00+08:00,101.10357486333304,103.35032326148843,100.35466331077721,101.85249328613281,171943,0.0,0.0
2021-06-02 00:00:00+08:00,102.60140857430098,102.60140857430098,99.23129272460938,99.23129272460938,140680,0.0,0.0
2021-06-03 00:00:00+08:00,101.4780419113773,101.4780419113773,98.48237496048768,100.35466766357422,102204,0.0,0.0
2021-06-04 00:00:00+08:00,100.72912018363715,101.10357596399155,99.6057459723299,98.8568344116211,50500,0.0,0.0
2021-06-07 00:00:00+08:00,100.35466766357422,101.10357924861344,99.60574920829075,100.35466766357422,40881,0.0,0.0
2021-06-08 00:00:00+08:00,102.60140991210938,102.60140991210938,99.98020560806312,102.60140991210938,20440,0.0,0.0
2021-06-09 00:00:00+08:00,101.85249839760907,104.09924690851771,101.10357993722475,101.47804260253906,176752,0.0,0.0
2021-06-10 00:00:00+08:00,100.72911908705512,102.97586748521051,100.72911908705512,101.85249328613281,85370,0.0,0.0
2021-06-11 00:00:00+08:00,101.85249581355124,102.9758700405049,100.35466580102774,102.2269515991211,86572,0.0,0.0
2021-06-15 00:00:00+08:00,102.60141058903645,104.47370331584752,101.8524989945075,103.72478485107422,91382,0.0,0.0
2021-06-16 00:00:00+08:00,104.84815656092844,105.22261234907803,102.22695230339302,103.35032653808594,132264,0.0,0.0
2021-06-17 00:00:00+08:00,103.72478232623553,103.72478232623553,101.1035780687001,103.35032653808594,163526,0.0,0.0
2021-06-18 00:00:00+08:00,102.97587074993636,103.35032653808594,102.22695230339302,103.35032653808594,56512,0.0,0.0
2021-06-21 00:00:00+08:00,101.85249509626588,103.35032509824107,100.72912087722347,101.10357666015625,155109,0.0,0.0
2021-06-22 00:00:00+08:00,101.85249770389692,102.97587195169999,99.60574920829075,100.35466766357422,134668,0.0,0.0
2021-06-23 00:00:00+08:00,100.35466181987674,101.47803600226523,99.23128763748825,99.60574340820312,167133,0.0,0.0
2021-06-24 00:00:00+08:00,100.35466696458798,101.10357854441091,98.85683693469791,99.23129272460938,311421,0.0,0.0
2021-06-25 00:00:00+08:00,100.72912087722347,101.10357666015625,99.23129087524826,101.10357666015625,105811,0.0,0.0
2021-06-28 00:00:00+08:00,102.22695411731542,103.35032837194157,101.10357986268927,102.60140991210938,137073,0.0,0.0
2021-06-29 00:00:00+08:00,103.3503284481334,103.3503284481334,100.72912414215475,101.47804260253906,170740,0.0,0.0
2021-06-30 00:00:00+08:00,101.85249328613281,102.60140483868865,101.10357486333304,101.85249328613281,168336,0.0,0.0
2021-07-01 00:00:00+08:00,101.85249509626588,103.35032509824107,99.98020244111383,101.10357666015625,220039,0.0,0.0
2021-07-02 00:00:00+08:00,101.85249509626588,102.22695087919865,100.72912087722347,101.10357666015625,120240,0.0,0.0
2021-07-05 00:00:00+08:00,101.47804453273059,111.21394348144531,101.47804453273059,111.21394348144531,990778,0.0,0.0
2021-07-06 00:00:00+08:00,111.96284775926324,113.46068461050722,106.72044626088521,107.09490203857422,521842,0.0,0.0
2021-07-07 00:00:00+08:00,107.84382379406291,108.5927422905193,105.59708204518301,107.46936798095703,232063,0.0,0.0
2021-07-08 00:00:00+08:00,108.21827807321462,108.96718964126613,105.59707384454614,106.34598541259766,218836,0.0,0.0
2021-07-09 00:00:00+08:00,104.47369746056611,104.84815323684403,101.85249328613281,101.85249328613281,511020,0.0,0.0
2021-07-12 00:00:00+08:00,103.35032326148843,103.35032326148843,100.72911908705512,101.85249328613281,395589,0.0,0.0
2021-07-13 00:00:00+08:00,102.6014099877491,104.47370270358772,101.10357993722475,101.47804260253906,391982,0.0,0.0
2021-07-14 00:00:00+08:00,101.4780393133331,101.85249509626588,99.98020244111383,101.10357666015625,143085,0.0,0.0
2021-07-15 00:00:00+08:00,101.8524989945075,104.84815911311199,101.47804319724301,103.72478485107422,220039,0.0,0.0
2021-07-16 00:00:00+08:00,103.72478255296534,109.34165373870772,102.60140831581685,108.59273529052734,523044,0.0,0.0
2021-07-19 00:00:00+08:00,111.58840253585556,112.33732103231195,107.09491216785115,107.46936798095703,652903,0.0,0.0
2021-07-20 00:00:00+08:00,107.09490385089326,111.21393808590885,104.84815540625056,106.34598541259766,644486,0.0,0.0
2021-07-21 00:00:00+08:00,109.34164834223861,114.58404973979003,107.84381151980239,113.08621978759766,1225246,0.0,0.0
2021-07-22 00:00:00+08:00,118.70309689133032,124.31996154785156,116.45634828062397,124.31996154785156,2586364,0.0,0.0
2021-07-23 00:00:00+08:00,126.56670177966721,136.67706298828125,124.31995331769873,136.67706298828125,2902596,0.0,0.0
2021-07-26 00:00:00+08:00,142.29391942532098,150.15753173828125,141.5450078927974,150.15753173828125,2407206,0.0,0.0
2021-07-27 00:00:00+08:00,157.646681096944,162.8890890665521,150.5319806409082,155.39993286132812,4578743,0.0,0.0
2021-07-28 00:00:00+08:00,156.14885974091374,160.2679008686973,140.79609006897604,154.27658081054688,2796784,0.0,0.0
2021-07-29 00:00:00+08:00,154.27658953957982,154.27658953957982,146.78743217290804,153.5276641845703,828454,0.0,0.0
2021-07-30 00:00:00+08:00,150.53199546883667,160.2679008686973,150.53199546883667,154.27658081054688,892181,0.0,0.0
2021-08-02 00:00:00+08:00,157.27223783017587,169.62933349609375,157.27223783017587,169.62933349609375,946289,0.0,0.0
2021-08-03 00:00:00+08:00,181.23753580159484,181.23753580159484,174.87174618214925,177.49295043945312,1232461,0.0,0.0
2021-08-04 00:00:00+08:00,177.49293496577653,186.10545856308897,175.2461866924587,185.7310028076172,862121,0.0,0.0
2021-08-05 00:00:00+08:00,185.73103626649623,204.0794677734375,185.73103626649623,204.0794677734375,1381558,0.0,0.0
2021-08-06 00:00:00+08:00,202.20715270330751,202.20715270330751,188.35222007463017,190.59896850585938,1371939,0.0,0.0
2021-08-09 00:00:00+08:00,190.59896341765935,198.83703161858557,187.9777592746152,190.97341918945312,923443,0.0,0.0
2021-08-10 00:00:00+08:00,196.96474279300176,196.96474279300176,178.24185766116582,187.22885131835938,763524,0.0,0.0
2021-08-11 00:00:00+08:00,179.739701436918,180.48861302368547,168.50597267345225,170.37826538085938,967932,0.0,0.0
2021-08-12 00:00:00+08:00,172.25054564307248,178.616335399931,168.5059739405882,173.74838256835938,983564,0.0,0.0
2021-08-13 00:00:00+08:00,172.62498828056076,177.8673965087181,166.25921274943582,167.75704956054688,529056,0.0,0.0
2021-08-16 00:00:00+08:00,167.00814067734387,175.99513494514875,158.02116015002792,171.12718200683594,1488572,0.0,0.0
2021-08-17 00:00:00+08:00,174.49728839827154,178.99078528525322,162.88910413747175,164.76138305664062,1292581,0.0,0.0
2021-08-18 00:00:00+08:00,162.8891177081962,181.237548828125,162.14019233764554,181.237548828125,2057327,0.0,0.0
2021-08-19 00:00:00+08:00,187.51517044870477,198.13795104062646,179.2016899854617,184.2821502685547,2139000,5.060024,1.202401
2021-08-20 00:00:00+08:00,182.89659976959229,188.43892097473145,177.35427856445312,177.35427856445312,710000,0.0,0.0
2021-08-23 00:00:00+08:00,181.51099652475656,194.90493774414062,179.20169631451793,194.90493774414062,1331000,0.0,0.0
2021-08-24 00:00:00+08:00,201.8328399658203,214.30306119940647,193.98121918911792,201.8328399658203,2317000,0.0,0.0
2021-08-25 00:00:00+08:00,201.83285052959735,217.07423283503607,200.44727032001202,216.1505126953125,1778000,0.0,0.0
2021-08-26 00:00:00+08:00,219.84538852941662,224.4639891287741,211.9937675105089,218.45980834960938,1184000,0.0,0.0
2021-08-27 00:00:00+08:00,217.0742124474567,220.7690926593283,208.76073197074558,212.4556121826172,597000,0.0,0.0
2021-08-30 00:00:00+08:00,215.22679904138616,233.70120239257812,212.45563853870738,233.70120239257812,1941000,0.0,0.0
2021-08-31 00:00:00+08:00,237.85792208265985,246.6332628973599,231.8537415252335,241.0909423828125,2803000,0.0,0.0
2021-09-01 00:00:00+08:00,240.167223568162,265.107666015625,240.167223568162,265.107666015625,2245000,0.0,0.0
2021-09-02 00:00:00+08:00,277.11603073846726,291.4336923266214,272.49743022615945,290.9718322753906,2450000,0.0,0.0
2021-09-03 00:00:00+08:00,290.97184401292066,300.20904541015625,274.34488149789667,282.1965026855469,3704000,0.0,0.0
2021-09-06 00:00:00+08:00,278.96346225738523,295.5904235839844,277.11602210998535,295.5904235839844,352000,0.0,0.0
2021-09-07 00:00:00+08:00,289.5862431049347,295.5904235839844,278.96346225738523,295.5904235839844,264000,0.0,0.0
2021-09-08 00:00:00+08:00,295.5904200819672,304.8276207095287,281.734619140625,281.734619140625,288000,0.0,0.0
2021-09-09 00:00:00+08:00,266.0313823605372,283.5820638357115,266.0313823605372,279.4253234863281,309000,0.0,0.0
2021-09-10 00:00:00+08:00,290.04811217292905,295.1285727364676,284.50579155815973,290.9718322753906,360000,0.0,0.0
2021-09-13 00:00:00+08:00,291.895557702106,318.6834411621094,288.20067722486414,318.6834411621094,308000,0.0,0.0
2021-09-14 00:00:00+08:00,322.8401954857079,350.5518002484296,322.8401954857079,341.7764587402344,345000,0.0,0.0
2021-09-15 00:00:00+08:00,341.77641749214354,341.77641749214354,325.14945664117437,328.3824768066406,264000,0.0,0.0
2021-09-16 00:00:00+08:00,330.691781451952,341.77642217101186,323.3020209725788,326.07318115234375,218000,0.0,0.0
2021-09-17 00:00:00+08:00,314.98855633924234,330.69179815087614,314.98855633924234,326.9969177246094,283000,0.0,0.0
2021-09-22 00:00:00+08:00,302.05649990505646,319.60718338577834,295.1285985310872,299.28533935546875,1329000,0.0,0.0
2021-09-23 00:00:00+08:00,308.52251785792663,328.8443603515625,305.75135751788537,328.8443603515625,1080000,0.0,0.0
2021-09-24 00:00:00+08:00,344.54760310149715,361.636425239239,344.54760310149715,358.8652648925781,1118000,0.0,0.0
2021-09-27 00:00:00+08:00,351.0136530949519,368.10247567983777,340.8527315579928,348.24249267578125,2558000,0.0,0.0
2021-09-28 00:00:00+08:00,348.242503102995,349.6280833540679,313.6029968261719,313.6029968261719,2528000,0.0,0.0
2021-09-29 00:00:00+08:00,298.3615953626648,311.29367689541186,285.4295138299177,286.8150939941406,1750000,0.0,0.0
2021-09-30 00:00:00+08:00,290.0481066054516,315.4504089355469,286.3532262665286,315.4504089355469,2063000,0.0,0.0
2021-10-01 00:00:00+08:00,309.4462343246218,313.14111473446803,288.20067196800596,290.9718322753906,1667000,0.0,0.0
2021-10-04 00:00:00+08:00,302.056480704964,307.59880145184405,282.1964980286437,284.50579833984375,2483000,0.0,0.0
2021-10-05 00:00:00+08:00,269.72628563505845,284.0439480574674,258.6416437596451,261.8746643066406,3642000,0.0,0.0
2021-10-06 00:00:00+08:00,267.8788102630876,276.6541505992922,254.02300973223825,270.1881103515625,3154000,0.0,0.0
2021-10-07 00:00:00+08:00,270.1881643041409,280.8109468323379,267.87886375453286,270.6500244140625,2130000,0.0,0.0
2021-10-08 00:00:00+08:00,264.6457984897165,272.95927907054534,258.6416180702291,259.5653381347656,1340000,0.0,0.0
2021-10-12 00:00:00+08:00,254.94674560546875,263.2602264404297,244.78582458496092,254.0230255126953,1652000,0.0,0.0
2021-10-13 00:00:00+08:00,254.9467637263446,258.6416443600598,229.54445936955304,231.853759765625,3145000,0.0,0.0
2021-10-14 00:00:00+08:00,239.24351022757733,242.9383906944125,230.4681691188438,235.5486297607422,1541000,0.0,0.0
2021-10-15 00:00:00+08:00,245.70957274955435,259.103515625,240.1672515597148,259.103515625,1206000,0.0,0.0
2021-10-18 00:00:00+08:00,273.42115631380443,274.3448764364862,253.09931361480545,254.48489379882812,3207000,0.0,0.0
2021-10-19 00:00:00+08:00,255.870489687533,279.425354261656,254.9467695081556,273.4211730957031,2333000,0.0,0.0
2021-10-20 00:00:00+08:00,271.57371471774195,300.6708984375,271.57371471774195,300.6708984375,2998000,0.0,0.0
2021-10-21 00:00:00+08:00,304.82763429967366,314.0648353390577,295.1285732083204,302.9801940917969,3715000,0.0,0.0
2021-10-22 00:00:00+08:00,297.4378745069782,333.0010986328125,297.4378745069782,333.0010986328125,2799000,0.0,0.0
2021-10-25 00:00:00+08:00,339.00526458310406,341.31456475056393,319.60714317644147,327.9206237792969,2506000,0.0,0.0
2021-10-26 00:00:00+08:00,327.45877203521525,359.32711515288787,320.53087135746034,351.4754943847656,3615000,0.0,0.0
2021-10-27 00:00:00+08:00,344.54760059557464,362.5601427178634,344.54760059557464,351.0136413574219,2105000,0.0,0.0
2021-10-28 00:00:00+08:00,351.0136426920098,362.09828404017856,315.9122784228088,316.83599853515625,4223000,0.0,0.0
2021-10-29 00:00:00+08:00,321.454594164823,321.454594164823,302.05647210315266,313.14111328125,2607000,0.0,0.0
2021-11-01 00:00:00+08:00,311.755556316045,327.9206592361362,311.755556316045,319.607177734375,1737000,0.0,0.0
2021-11-02 00:00:00+08:00,314.52669825428774,325.1494795462828,303.9039169622927,316.83599853515625,1838000,0.0,0.0
2021-11-03 00:00:00+08:00,314.5266884874942,321.454589114972,308.0606479018482,309.44622802734375,761000,0.0,0.0
2021-11-04 00:00:00+08:00,317.2978773172191,335.310420571035,313.1411365663385,319.607177734375,1700000,0.0,0.0
2021-11-05 00:00:00+08:00,321.4546086237981,332.077390230619,317.29786799504205,330.2299499511719,1465000,0.0,0.0
2021-11-08 00:00:00+08:00,332.5392257335574,333.00108576929847,317.75970458984375,317.75970458984375,866000,0.0,0.0
2021-11-09 00:00:00+08:00,320.9927243833189,322.8401645236545,311.7555236816406,311.7555236816406,665000,0.0,0.0
2021-11-10 00:00:00+08:00,315.91226861298975,319.1452889058127,304.82762760902517,309.44622802734375,867000,0.0,0.0
2021-11-11 00:00:00+08:00,308.98435902315026,319.14527964872474,307.59877893784466,314.0648193359375,742000,0.0,0.0
2021-11-12 00:00:00+08:00,314.5266882373441,343.6238708496094,314.5266882373441,343.6238708496094,2492000,0.0,0.0
2021-11-15 00:00:00+08:00,353.3229463084644,359.7889871559396,339.4671444924462,348.704345703125,2404000,0.0,0.0
2021-11-16 00:00:00+08:00,349.16617315707924,350.55175320928987,329.3061924087269,330.6917724609375,1320000,0.0,0.0
2021-11-17 00:00:00+08:00,335.31041543414483,348.24249757210083,333.4629751287226,333.9248352050781,1393000,0.0,0.0
2021-11-18 00:00:00+08:00,338.5434170657641,343.6238776220034,328.84435600385274,337.1578369140625,964000,0.0,0.0
2021-11-19 00:00:00+08:00,343.62390075376885,369.48806532663315,339.9290201005025,367.640625,3405000,0.0,0.0
2021-11-22 00:00:00+08:00,383.3438255114433,393.9666062183869,358.4033838516627,360.2508239746094,3151000,0.0,0.0
2021-11-23 00:00:00+08:00,364.8694373096645,364.8694373096645,333.4629540981997,335.3103942871094,1779000,0.0,0.0
2021-11-24 00:00:00+08:00,340.85272907595925,341.7764492089564,316.8360056180326,322.3783264160156,1696000,0.0,0.0
2021-11-25 00:00:00+08:00,322.3783335546304,323.76391378480787,307.5988110994038,315.91229248046875,1520000,0.0,0.0
2021-11-26 00:00:00+08:00,313.14110718740716,318.22156762850074,290.9718252626349,291.4336853027344,1991000,0.0,0.0
2021-11-29 00:00:00+08:00,283.58205926613726,290.97181976818644,265.5695180423924,281.734619140625,3098000,0.0,0.0
2021-11-30 00:00:00+08:00,290.0481126366592,305.2894943516429,283.12021185712115,302.9801940917969,2549000,0.0,0.0
2021-12-01 00:00:00+08:00,295.59042677238807,309.44622802734375,290.0481062704058,309.44622802734375,1660000,0.0,0.0
2021-12-02 00:00:00+08:00,309.4462348193657,315.91227554693455,300.6708938319509,302.9801940917969,1138000,0.0,0.0
2021-12-03 00:00:00+08:00,309.4462176809284,326.9968986837273,307.13691754898116,324.2257385253906,1880000,0.0,0.0
2021-12-06 00:00:00+08:00,316.83599675743324,338.5434192757997,316.83599675743324,333.0010986328125,1375000,0.0,0.0
2021-12-07 00:00:00+08:00,332.539231572455,337.61969205481194,327.458771090098,333.46295166015625,1025000,0.0,0.0
2021-12-08 00:00:00+08:00,340.85272216796875,349.1662031964558,339.9290020536924,340.85272216796875,1283000,0.0,0.0
2021-12-09 00:00:00+08:00,342.7001891569658,348.70437036861074,324.68764552203095,325.1495056152344,1184000,0.0,0.0
2021-12-10 00:00:00+08:00,325.1494845920139,332.53924560546875,321.45460408528646,332.53924560546875,658000,0.0,0.0
2021-12-13 00:00:00+08:00,333.0011174819048,339.46715859805835,327.9206566049271,329.7680969238281,548000,0.0,0.0
2021-12-14 00:00:00+08:00,333.46295058779623,333.46295058779623,314.0648288084508,315.4504089355469,658000,0.0,0.0
2021-12-15 00:00:00+08:00,314.06483623267565,329.76807804430945,314.06483623267565,326.9969177246094,872000,0.0,0.0
2021-12-16 00:00:00+08:00,333.00111037034253,340.8527315579928,327.920649601863,336.234130859375,1726000,0.0,0.0
2021-12-17 00:00:00+08:00,332.5392503004808,343.62389197716345,323.763908973107,336.234130859375,1518000,0.0,0.0
2021-12-20 00:00:00+08:00,338.08155486193334,345.00945557631724,335.3103945761798,341.3145751953125,1117000,0.0,0.0
2021-12-21 00:00:00+08:00,343.6238776220034,344.08573767257064,334.8485366612265,337.1578369140625,520000,0.0,0.0
2021-12-22 00:00:00+08:00,340.85272683095474,342.70016708478107,335.31040606947585,338.5434265136719,365000,0.0,0.0
2021-12-23 00:00:00+08:00,340.3908254745159,357.4796457493559,340.3908254745159,347.3187255859375,1763000,0.0,0.0
2021-12-24 00:00:00+08:00,354.70851715686274,362.09827793096406,349.6280566246681,353.32293701171875,1510000,0.0,0.0
2021-12-27 00:00:00+08:00,353.32294862967075,357.0178291382163,342.7001671676022,344.547607421875,597000,0.0,0.0
2021-12-28 00:00:00+08:00,348.2425047167304,351.4755253175489,339.4671630859375,339.4671630859375,530000,0.0,0.0
2021-12-29 00:00:00+08:00,341.31458931477863,346.3950500488281,335.3104084472656,346.3950500488281,529000,0.0,0.0
2021-12-30 00:00:00+08:00,346.8569032359498,352.861083984375,339.92900237238223,352.861083984375,615000,0.0,0.0
2022-01-03 00:00:00+08:00,354.70854096283784,357.47970143911,341.31459866085567,341.7764587402344,867000,0.0,0.0
2022-01-04 00:00:00+08:00,345.93317537334013,350.5517758456144,334.848534239882,335.3103942871094,653000,0.0,0.0
2022-01-05 00:00:00+08:00,337.15784119263566,339.0052814183488,321.45459927407455,322.8401794433594,871000,0.0,0.0
2022-01-06 00:00:00+08:00,322.3783335546304,327.45879439861454,315.4504324037429,315.91229248046875,671000,0.0,0.0
2022-01-07 00:00:00+08:00,307.5987918477663,314.0648325172388,290.9718301262654,295.1285705566406,1264000,0.0,0.0
2022-01-10 00:00:00+08:00,296.5141464999822,304.8276272429723,291.43368604593263,303.4420471191406,466000,0.0,0.0
2022-01-11 00:00:00+08:00,303.44205365862166,303.44205365862166,287.2769518655444,290.9718322753906,474000,0.0,0.0
2022-01-12 00:00:00+08:00,295.5904235839844,300.20902395248413,288.20066299438474,295.5904235839844,446000,0.0,0.0
2022-01-13 00:00:00+08:00,296.514164851262,300.20904541015625,292.8192842923678,300.20904541015625,244000,0.0,0.0
2022-01-14 00:00:00+08:00,296.5141721085599,298.3616124332238,284.0439499170784,287.73883056640625,403000,0.0,0.0
2022-01-17 00:00:00+08:00,293.74298095703125,294.2048409899826,289.1243806275182,293.74298095703125,208000,0.0,0.0
2022-01-18 00:00:00+08:00,293.74300915681863,301.13277039346815,290.97184869307506,291.89556884765625,388000,0.0,0.0
2022-01-19 00:00:00+08:00,282.1964980286437,293.28113952240386,280.8109178419237,284.50579833984375,350000,0.0,0.0
2022-01-20 00:00:00+08:00,286.3532290684263,287.27694916219536,277.1160281307351,283.1202087402344,454000,0.0,0.0
2022-01-21 00:00:00+08:00,282.65833152337217,284.50577159868834,273.42113114679137,276.1922912597656,344000,0.0,0.0
2022-01-24 00:00:00+08:00,267.41695090201387,276.65415127859467,259.5653305819202,276.1922912597656,498000,0.0,0.0
2022-01-25 00:00:00+08:00,275.26855706409015,275.26855706409015,260.4890372217229,260.9508972167969,737000,0.0,0.0
2022-01-26 00:00:00+08:00,260.9509238372383,260.9509238372383,235.08676147460938,235.08676147460938,2584000,0.0,0.0
2022-02-07 00:00:00+08:00,234.6249167242899,236.93421708574945,217.9979541217812,223.0784149169922,1627000,0.0,0.0
2022-02-08 00:00:00+08:00,230.93003973151522,230.93003973151522,220.76911798332856,225.84957885742188,1244000,0.0,0.0
2022-02-09 00:00:00+08:00,228.6207301548549,248.01885271344867,228.158870093936,242.47653198242188,1790000,0.0,0.0
2022-02-10 00:00:00+08:00,242.476534288983,243.4002544196077,233.23933298273604,238.31979370117188,1010000,0.0,0.0
2022-02-11 00:00:00+08:00,233.2393250824303,233.2393250824303,214.76492309570312,214.76492309570312,1358000,0.0,0.0
2022-02-14 00:00:00+08:00,200.44726424114802,201.3709843528584,193.5193634033203,193.5193634033203,1822000,0.0,0.0
2022-02-15 00:00:00+08:00,192.1337913876488,196.29053206670852,185.6677503313337,193.98123168945312,3302000,0.0,0.0
2022-02-16 00:00:00+08:00,201.83285297212146,204.14215334937685,191.67193131219773,193.98123168945312,1752000,0.0,0.0
2022-02-17 00:00:00+08:00,195.82867295401437,209.22261520794459,195.36681287629264,206.91331481933594,2264000,0.0,0.0
2022-02-18 00:00:00+08:00,201.37097783794317,205.9895782470703,199.52353767429233,205.9895782470703,806000,0.0,0.0
2022-02-21 00:00:00+08:00,201.3709847096647,211.0700458998091,199.98540453964407,205.52772521972656,685000,0.0,0.0
2022-02-22 00:00:00+08:00,202.75657066932092,205.06587101862982,190.2863487830529,192.1337890625,1065000,0.0,0.0
2022-02-23 00:00:00+08:00,199.06169810413508,206.45145951867372,194.4430972200484,204.60401916503906,659000,0.0,0.0
2022-02-24 00:00:00+08:00,198.59982634753715,200.90912665390385,186.59146475443026,189.3626251220703,1226000,0.0,0.0
2022-02-25 00:00:00+08:00,195.8286578282361,198.59981808052245,190.28633732366336,194.90493774414062,708000,0.0,0.0
2022-03-01 00:00:00+08:00,202.29470706204756,207.37516774168802,195.8286661970506,201.37098693847656,859000,0.0,0.0
2022-03-02 00:00:00+08:00,198.59982202923487,205.52772279769655,196.29052177308097,203.68028259277344,563000,0.0,0.0
2022-03-03 00:00:00+08:00,204.1421292622884,211.53188959757486,199.52352905273438,199.52352905273438,760000,0.0,0.0
2022-03-04 00:00:00+08:00,194.90493809491738,207.83701929552802,194.90493809491738,200.90911865234375,766000,0.0,0.0
2022-03-07 00:00:00+08:00,198.59982492953915,198.59982492953915,181.0491427264636,182.43472290039062,1552000,0.0,0.0
2022-03-08 00:00:00+08:00,175.0449653682566,189.36262744323272,170.88822476584417,185.2058868408203,1247000,0.0,0.0
2022-03-09 00:00:00+08:00,186.12960351682176,191.67192421707452,183.35844316669537,188.43890380859375,845000,0.0,0.0
2022-03-10 00:00:00+08:00,195.82867681664158,202.2947180322854,191.67193603515625,191.67193603515625,899000,0.0,0.0
2022-03-11 00:00:00+08:00,198.13796503403606,198.13796503403606,186.12960351682176,188.43890380859375,441000,0.0,0.0
2022-03-14 00:00:00+08:00,190.286345244617,194.44308579607707,187.51518487697695,189.3626251220703,273000,0.0,0.0
2022-03-15 00:00:00+08:00,187.97704969421227,187.97704969421227,173.65938743249095,175.0449676513672,715000,0.0,0.0
2022-03-16 00:00:00+08:00,183.35844033861918,183.35844033861918,173.65937926277283,174.58309936523438,640000,0.0,0.0
2022-03-17 00:00:00+08:00,182.8965763008099,191.67191708291946,181.04913613615525,188.9007568359375,839000,0.0,0.0
2022-03-18 00:00:00+08:00,188.90075838340903,195.8286590576172,187.0533182036202,195.8286590576172,622000,0.0,0.0
2022-03-21 00:00:00+08:00,197.21424385016175,201.3709843528584,190.74820306818924,193.5193634033203,535000,0.0,0.0
2022-03-22 00:00:00+08:00,195.36678950293896,196.2905095478701,191.67190932321435,194.4430694580078,196000,0.0,0.0
2022-03-23 00:00:00+08:00,196.2905095478701,199.06166968266356,193.05748939061107,194.4430694580078,439000,0.0,0.0
2022-03-24 00:00:00+08:00,191.671920115964,207.83702181249112,191.671920115964,202.75656127929688,1053000,0.0,0.0
2022-03-25 00:00:00+08:00,204.60399991161418,209.22260036108628,195.8286590576172,195.8286590576172,1489000,0.0,0.0
2022-03-28 00:00:00+08:00,197.2142262600436,197.2142262600436,184.74400586420947,186.59144592285156,844000,0.0,0.0
2022-03-29 00:00:00+08:00,190.28633318349682,193.51935340748827,185.20587283151025,186.1295928955078,468000,0.0,0.0
2022-03-30 00:00:00+08:00,190.28635115939804,192.59565153754608,187.0533306299908,187.97705078125,350000,0.0,0.0
2022-03-31 00:00:00+08:00,188.43890365407438,188.43890365407438,182.43472290039062,182.43472290039062,365000,0.0,0.0
2022-04-01 00:00:00+08:00,181.51099011414033,184.2821502685547,176.89238985678307,184.2821502685547,336000,0.0,0.0
2022-04-06 00:00:00+08:00,180.12541654512478,180.12541654512478,176.89239624816102,177.8161163330078,302000,0.0,0.0
2022-04-07 00:00:00+08:00,176.89241040204024,177.8161305607976,170.8882293701172,170.8882293701172,375000,0.0,0.0
2022-04-08 00:00:00+08:00,174.1212272541221,175.0449472926055,170.88820711943018,171.35006713867188,273000,0.0,0.0
2022-04-11 00:00:00+08:00,171.81193057789523,171.81193057789523,157.03240966796875,157.03240966796875,650000,0.0,0.0
2022-04-12 00:00:00+08:00,157.03242260952052,165.80776387299372,157.03242260952052,161.1891632080078,494000,0.0,0.0
2022-04-13 00:00:00+08:00,163.9603296180681,164.88404978493045,158.41800861689396,159.8035888671875,190000,0.0,0.0
2022-04-14 00:00:00+08:00,163.0365998293151,165.34590011018358,158.41799926757812,158.41799926757812,209000,0.0,0.0
2022-04-15 00:00:00+08:00,159.34173160129123,159.34173160129123,148.7189494945385,149.64266967773438,331000,0.0,0.0
2022-04-18 00:00:00+08:00,149.64266035799494,156.1087012376614,147.79522010666167,154.26126098632812,307000,0.0,0.0
2022-04-19 00:00:00+08:00,156.57055761755967,157.95613777346728,150.56637694196002,151.49009704589844,179000,0.0,0.0
2022-04-20 00:00:00+08:00,155.1849690008601,155.1849690008601,150.10450870618908,151.02822875976562,172000,0.0,0.0
2022-04-21 00:00:00+08:00,154.26125735771365,154.26125735771365,149.1807967860524,151.49009704589844,170000,0.0,0.0
2022-04-22 00:00:00+08:00,150.1045166500031,150.1045166500031,142.71475583031065,145.4859161376953,410000,0.0,0.0
2022-04-25 00:00:00+08:00,141.3291825215528,145.48592318395143,135.3250015647548,145.02406311035156,545000,0.0,0.0
2022-04-26 00:00:00+08:00,145.9477845245462,148.2570849125928,138.0961632051877,139.943603515625,372000,0.0,0.0
2022-04-27 00:00:00+08:00,133.47756242909446,140.40546359323432,133.47756242909446,139.943603515625,322000,0.0,0.0
2022-04-28 00:00:00+08:00,141.32917543120732,141.32917543120732,135.32499477563314,139.4817352294922,229000,0.0,0.0
2022-04-29 00:00:00+08:00,141.7910438260623,146.4096446021555,136.24872289475041,139.943603515625,229000,0.0,0.0
2022-05-03 00:00:00+08:00,139.94359116554259,147.7952117919922,138.55801105499268,147.7952117919922,264000,0.0,0.0
2022-05-04 00:00:00+08:00,149.18080010352196,149.18080010352196,142.25289916992188,142.25289916992188,250000,0.0,0.0
2022-05-05 00:00:00+08:00,146.87149534635017,153.33753602197567,144.56219510505537,150.56637573242188,470000,0.0,0.0
2022-05-06 00:00:00+08:00,149.18079231880807,153.7993927001953,144.1003318992821,153.7993927001953,333000,0.0,0.0
2022-05-09 00:00:00+08:00,149.64266140845513,151.49010167275705,142.25290035124746,143.17662048339844,328000,0.0,0.0
2022-05-10 00:00:00+08:00,139.01985958209053,145.4858995626529,139.01985958209053,144.5621795654297,224000,0.0,0.0
2022-05-11 00:00:00+08:00,145.02406074770033,146.40964094592678,141.32918021909651,143.17662048339844,127000,0.0,0.0
2022-05-12 00:00:00+08:00,140.40545533034975,146.40963598592393,139.0198751790634,139.4817352294922,179000,0.0,0.0
2022-05-13 00:00:00+08:00,143.17662048339844,144.56220068162486,141.32918021909651,143.17662048339844,148000,0.0,0.0
2022-05-16 00:00:00+08:00,145.94778325755127,149.18080377275018,143.1766228159522,145.02406311035156,241000,0.0,0.0
2022-05-17 00:00:00+08:00,147.7952154428681,151.49009582893981,145.94777524983226,150.56637573242188,372000,0.0,0.0
2022-05-18 00:00:00+08:00,154.2612608912578,154.72312095380647,148.257080078125,148.257080078125,339000,0.0,0.0
2022-05-19 00:00:00+08:00,143.17661611045278,151.49009704589844,143.17661611045278,151.49009704589844,199000,0.0,0.0
2022-05-20 00:00:00+08:00,154.26125779663775,165.34589907543807,150.566377370371,163.4984588623047,867000,0.0,0.0
2022-05-23 00:00:00+08:00,163.49846097647426,164.4221810949854,153.33753967285156,153.33753967285156,723000,0.0,0.0
2022-05-24 00:00:00+08:00,154.26126581505883,156.10870612422121,145.94778442382812,145.94778442382812,541000,0.0,0.0
2022-05-25 00:00:00+08:00,147.7952247329905,149.1808049648623,143.63848403737515,145.94778442382812,239000,0.0,0.0
2022-05-26 00:00:00+08:00,148.71893310546875,155.18497367527175,147.33335298336812,148.71893310546875,679000,0.0,0.0
2022-05-27 00:00:00+08:00,152.41381955434042,163.49846097647426,150.5663793173181,153.33753967285156,2288000,0.0,0.0
2022-05-30 00:00:00+08:00,157.9561426980155,159.80358296348936,154.26126216706774,155.1849822998047,541000,0.0,0.0
2022-05-31 00:00:00+08:00,157.9561395412538,170.42636108398438,156.5705593698393,170.42636108398438,2216000,0.0,0.0
2022-06-01 00:00:00+08:00,173.19751921154204,183.35844033861918,171.8119390578497,174.58309936523438,3380000,0.0,0.0
2022-06-02 00:00:00+08:00,173.65938743249095,179.20170830799597,171.35008706769716,175.0449676513672,1049000,0.0,0.0
2022-06-06 00:00:00+08:00,176.892399367241,176.892399367241,167.65519835589683,168.57891845703125,587000,0.0,0.0
2022-06-07 00:00:00+08:00,168.57891966276662,173.65938025534314,168.11705960889603,169.5026397705078,440000,0.0,0.0
2022-06-08 00:00:00+08:00,173.1975072156387,178.27796742729743,170.88820711943018,171.35006713867188,688000,0.0,0.0
2022-06-09 00:00:00+08:00,174.58310056987563,179.2017011140522,174.12124051545797,175.50682067871094,969000,0.0,0.0
2022-06-10 00:00:00+08:00,171.81195182596298,176.43055268149962,171.81195182596298,172.7356719970703,460000,0.0,0.0
2022-06-13 00:00:00+08:00,164.42218246240094,167.65520290407736,160.26544189453125,160.26544189453125,606000,0.0,0.0
2022-06-14 00:00:00+08:00,158.87984978170954,162.57473000919117,152.41380938361672,157.03240966796875,601000,0.0,0.0
2022-06-15 00:00:00+08:00,159.34170981014475,162.11286998075596,156.10868961109833,157.03240966796875,345000,0.0,0.0
2022-06-16 00:00:00+08:00,161.18915286064149,162.11287293434142,147.7952117919922,147.7952117919922,484000,0.0,0.0
2022-06-17 00:00:00+08:00,145.02404657999674,145.48590660095215,140.8673063913981,144.10032653808594,540000,0.0,0.0
2022-06-20 00:00:00+08:00,144.1003367630477,145.48591692423082,134.40127563476562,134.40127563476562,478000,0.0,0.0
2022-06-21 00:00:00+08:00,136.24870618184406,145.94776662190753,136.24870618184406,144.10032653808594,358000,0.0,0.0
2022-06-22 00:00:00+08:00,145.48593462530664,145.48593462530664,135.32501220703125,135.32501220703125,432000,0.0,0.0
2022-06-23 00:00:00+08:00,137.6343127566393,139.4817531963257,131.1682712177368,135.32501220703125,611000,0.0,0.0
2022-06-24 00:00:00+08:00,137.1724526467177,139.94361330624733,134.86315209710963,135.32501220703125,304000,0.0,0.0
2022-06-27 00:00:00+08:00,138.55801982264364,143.17662048339844,138.55801982264364,143.17662048339844,293000,0.0,0.0
2022-06-28 00:00:00+08:00,141.32916576168608,141.32916576168608,137.17242559222473,138.0961456298828,248000,0.0,0.0
2022-06-29 00:00:00+08:00,138.0961632051877,140.86732367084363,136.24872289475041,139.943603515625,329000,0.0,0.0
2022-06-30 00:00:00+08:00,140.40546507476478,140.40546507476478,128.8589630126953,128.8589630126953,508000,0.0,0.0
2022-07-01 00:00:00+08:00,129.32081434461807,129.32081434461807,116.38873291015625,116.38873291015625,1028000,0.0,0.0
2022-07-04 00:00:00+08:00,118.236171875,119.15989196777343,113.1557113647461,115.46501159667969,733000,0.0,0.0
2022-07-05 00:00:00+08:00,120.29144628261163,121.25377785287252,113.55512529078537,118.36678314208984,529000,5.015354,0.0
2022-07-06 00:00:00+08:00,119.32911747337407,120.29144906590128,110.66813314062918,112.5927963256836,361000,0.0,0.0
2022-07-07 00:00:00+08:00,115.96095297071669,123.65960545010037,113.0739582909478,121.25377655029297,828000,0.0,0.0
2022-07-08 00:00:00+08:00,117.40445157182894,121.25377785287252,114.03629107591583,118.36678314208984,1028000,0.0,0.0
2022-07-11 00:00:00+08:00,117.88562152176222,119.32911892815115,114.51746090685472,114.99862670898438,245000,0.0,0.0
2022-07-12 00:00:00+08:00,114.99862231527055,114.99862231527055,106.33763820784432,107.78113555908203,408000,0.0,0.0
2022-07-13 00:00:00+08:00,113.55512930259545,115.47979251111401,112.11163189620652,114.99862670898438,261000,0.0,0.0
2022-07-14 00:00:00+08:00,119.32911256883965,122.69727300425045,115.96095213342886,117.40444946289062,1064000,0.0,0.0
2022-07-15 00:00:00+08:00,117.88561461908132,122.21610658468023,114.99861997534872,118.84794616699219,487000,0.0,0.0
2022-07-18 00:00:00+08:00,119.81028064772313,125.10310429079524,118.84794907625547,123.65960693359375,386000,0.0,0.0
2022-07-19 00:00:00+08:00,122.6972753621261,124.14077271932759,121.25377800492461,123.65960693359375,185000,0.0,0.0
2022-07-20 00:00:00+08:00,127.02776018277866,129.43358897411917,121.73493684182955,122.21610260009766,472000,0.0,0.0
2022-07-21 00:00:00+08:00,122.69727230072021,131.8394220015582,122.69727230072021,130.87709045410156,568000,0.0,0.0
2022-07-22 00:00:00+08:00,131.35826102103897,132.80175839489652,126.06543731689453,126.06543731689453,418000,0.0,0.0
2022-07-25 00:00:00+08:00,126.06543520413912,126.06543520413912,123.1784405048077,125.10310363769531,137000,0.0,0.0
2022-07-26 00:00:00+08:00,124.14076398366905,124.62192973554373,118.8479407130475,119.81027221679688,358000,0.0,0.0
2022-07-27 00:00:00+08:00,120.29144375823266,124.1407699584961,119.32911220816679,124.1407699584961,345000,0.0,0.0
2022-07-28 00:00:00+08:00,125.10310634489981,126.06543793216828,119.32911682128906,119.32911682128906,272000,0.0,0.0
2022-07-29 00:00:00+08:00,121.25377931632843,123.17844248007968,119.32911615257719,120.77261352539062,217000,0.0,0.0
2022-08-01 00:00:00+08:00,120.29144287109375,121.73494018554688,119.81027709960938,120.29144287109375,121000,0.0,0.0
2022-08-02 00:00:00+08:00,119.81028473028078,119.81028473028078,113.55512930259545,114.99862670898438,262000,0.0,0.0
2022-08-03 00:00:00+08:00,115.47977878736413,116.92327602220618,110.66812133789062,110.66812133789062,392000,0.0,0.0
2022-08-04 00:00:00+08:00,112.1116250571558,114.51745392104327,108.74346464771335,113.55512237548828,280000,0.0,0.0
2022-08-05 00:00:00+08:00,116.44211362202961,117.40444513956704,113.55511906941732,115.47978210449219,327000,0.0,0.0
2022-08-08 00:00:00+08:00,113.07395540978298,116.92328155139262,113.07395540978298,116.4421157836914,148000,0.0,0.0
2022-08-09 00:00:00+08:00,117.88561735695939,120.77261206774207,115.47978843130716,118.36678314208984,392000,0.0,0.0
2022-08-10 00:00:00+08:00,115.47978697970694,117.88561587511751,115.47978697970694,115.96095275878906,105000,0.0,0.0
2022-08-11 00:00:00+08:00,120.29144628261163,121.25377785287252,118.36678314208984,118.36678314208984,295000,0.0,0.0
2022-08-12 00:00:00+08:00,118.36677653395284,125.58426290797436,118.36677653395284,122.21610260009766,510000,0.0,0.0
2022-08-15 00:00:00+08:00,124.62193928844523,128.95243138727153,124.14077349968676,127.5089340209961,427000,0.0,0.0
2022-08-16 00:00:00+08:00,127.50893190333146,129.4335950264006,126.06543456102959,126.54660034179688,211000,0.0,0.0
2022-08-17 00:00:00+08:00,127.02776889946625,128.95243206460967,125.10310573432282,126.06543731689453,301000,0.0,0.0
2022-08-18 00:00:00+08:00,127.02775950977282,131.35825131124236,124.62193073117865,130.3959197998047,397000,0.0,0.0
2022-08-19 00:00:00+08:00,132.32058840613382,133.28291995817844,128.47126219795538,129.43359375,305000,0.0,0.0
2022-08-22 00:00:00+08:00,128.9524292456333,128.9524292456333,126.54660034179688,126.54660034179688,76000,0.0,0.0
2022-08-23 00:00:00+08:00,124.62193721872772,129.4335950264006,124.14077143796044,126.54660034179688,186000,0.0,0.0
2022-08-24 00:00:00+08:00,126.54660928071435,130.3959357987589,126.54660928071435,128.9524383544922,175000,0.0,0.0
2022-08-25 00:00:00+08:00,130.39592530204462,131.83942263011153,128.95242797397768,129.43359375,197000,0.0,0.0
2022-08-26 00:00:00+08:00,131.35826742827,132.32059905778115,128.47127253973662,128.9524383544922,182000,0.0,0.0
2022-08-29 00:00:00+08:00,122.21610685836438,125.10310150856196,121.25377530829851,124.1407699584961,183000,0.0,0.0
2022-08-30 00:00:00+08:00,124.62194263471731,136.169921875,124.62194263471731,136.169921875,416000,0.0,0.0
2022-08-31 00:00:00+08:00,138.57574399967783,144.8308991107744,133.76408622191124,140.0192413330078,1553000,0.0,0.0
2022-09-01 00:00:00+08:00,137.13225012657625,150.12372645435718,136.65108433665844,143.3874053955078,1521000,0.0,0.0
2022-09-02 00:00:00+08:00,152.04837848068377,157.34120178222656,151.08604697131236,157.34120178222656,695000,0.0,0.0
2022-09-05 00:00:00+08:00,165.5210341671272,167.92686315211452,149.64256286621094,149.64256286621094,2913000,0.0,0.0
2022-09-06 00:00:00+08:00,151.08605490790472,151.08605490790472,138.09457884894476,138.57574462890625,1270000,0.0,0.0
2022-09-07 00:00:00+08:00,138.57574399967783,147.2367279996577,136.6510808885712,140.0192413330078,1668000,0.0,0.0
2022-09-08 00:00:00+08:00,142.90622543962036,144.83088840850414,139.53806524407375,140.50039672851562,741000,0.0,0.0
2022-09-12 00:00:00+08:00,142.4250702218911,143.8685675552211,139.05690977745448,140.0192413330078,479000,0.0,0.0
2022-09-13 00:00:00+08:00,142.425068359375,150.123720703125,141.94390258789062,144.3497314453125,918000,0.0,0.0
2022-09-14 00:00:00+08:00,138.57573748432276,144.83089230132342,138.09457172916885,143.86856079101562,449000,0.0,0.0
2022-09-15 00:00:00+08:00,145.79324075223641,145.79324075223641,140.98158264160156,140.98158264160156,305000,0.0,0.0
2022-09-16 00:00:00+08:00,140.01924828842758,141.4627456934629,136.169921875,136.169921875,276000,0.0,0.0
2022-09-19 00:00:00+08:00,136.65108039033456,138.0945777184015,129.43359375,129.43359375,346000,0.0,0.0
2022-09-20 00:00:00+08:00,132.32059269161016,132.32059269161016,129.43359794197502,131.35826110839844,283000,0.0,0.0
2022-09-21 00:00:00+08:00,131.35825075024235,136.65107404054515,130.87708499657847,131.83941650390625,432000,0.0,0.0
2022-09-22 00:00:00+08:00,130.87708391462053,137.1322386605399,127.9900894165039,134.72640991210938,288000,0.0,0.0
2022-09-23 00:00:00+08:00,137.1322499150815,137.61341570425725,129.91476307744566,132.8017578125,553000,0.0,0.0
2022-09-26 00:00:00+08:00,128.9524267578125,130.39592407226561,119.81027709960938,120.29144287109375,651000,0.0,0.0
2022-09-27 00:00:00+08:00,123.17843903186275,124.14077058679918,118.84794703464883,122.69727325439453,261000,0.0,0.0
2022-09-28 00:00:00+08:00,122.21610788685652,122.21610788685652,112.11162652613216,115.96095275878906,445000,0.0,0.0
2022-09-29 00:00:00+08:00,119.32911892815115,120.29145053241042,113.55512930259545,114.99862670898438,465000,0.0,0.0
2022-09-30 00:00:00+08:00,110.66813119644982,118.36678380142024,110.66813119644982,116.92328643798828,316000,0.0,0.0
2022-10-03 00:00:00+08:00,114.99861173594043,128.47125244140625,114.5174459964595,128.47125244140625,599000,0.0,0.0
2022-10-04 00:00:00+08:00,131.8394322313953,140.98158264160156,131.8394322313953,140.98158264160156,1416000,0.0,0.0
2022-10-05 00:00:00+08:00,141.94390780683875,143.38740517436594,129.91476307744566,132.8017578125,2013000,0.0,0.0
2022-10-06 00:00:00+08:00,131.83942078514923,135.68874693946015,130.8770892465715,133.7640838623047,542000,0.0,0.0
2022-10-07 00:00:00+08:00,132.80174857839887,132.80174857839887,128.47125677692932,130.3959197998047,402000,0.0,0.0
2022-10-11 00:00:00+08:00,123.17843878073771,123.65960455722497,117.40444946289062,117.40444946289062,526000,0.0,0.0
2022-10-12 00:00:00+08:00,116.44211519202408,118.36677825304926,112.59278906997369,117.88561248779297,593000,0.0,0.0
2022-10-13 00:00:00+08:00,118.3667881266276,118.3667881266276,108.2623062133789,108.2623062133789,536000,0.0,0.0
2022-10-14 00:00:00+08:00,113.55512325099258,117.88561523937788,112.59279169801806,117.40444946289062,358000,0.0,0.0
2022-10-17 00:00:00+08:00,114.03628482818603,115.47978210449219,108.74346148173014,115.47978210449219,356000,0.0,0.0
2022-10-18 00:00:00+08:00,118.36677665710448,119.81027393341064,114.51745058695475,115.47978210449219,245000,0.0,0.0
2022-10-19 00:00:00+08:00,114.99861634572346,118.8479424158732,114.03628482818603,115.47978210449219,269000,0.0,0.0
2022-10-20 00:00:00+08:00,113.55512930259545,116.44212411537329,112.59279769833616,114.99862670898438,217000,0.0,0.0
2022-10-21 00:00:00+08:00,115.96095213342886,117.40444946289062,113.55512325099258,117.40444946289062,245000,0.0,0.0
2022-10-24 00:00:00+08:00,120.2914468173323,122.69727575367894,111.63046264648438,111.63046264648438,471000,0.0,0.0
2022-10-25 00:00:00+08:00,112.11162352458739,113.55512082318722,110.18696045978761,111.1492919921875,411000,0.0,0.0
2022-10-26 00:00:00+08:00,112.59279422102303,113.07396000829236,111.14929685921504,111.63046264648438,192000,0.0,0.0
2022-10-27 00:00:00+08:00,113.55511906941732,116.44211362202961,113.55511906941732,115.47978210449219,188000,0.0,0.0
2022-10-28 00:00:00+08:00,115.479788944639,115.96095473190833,111.63046264648438,111.63046264648438,208000,0.0,0.0
2022-10-31 00:00:00+08:00,114.51745392104327,115.96095123937575,113.55512237548828,113.55512237548828,141000,0.0,0.0
2022-11-01 00:00:00+08:00,114.99862120062484,118.36678165419961,114.03628964246062,115.96095275878906,204000,0.0,0.0
2022-11-02 00:00:00+08:00,115.9609542164376,120.77261206774207,115.9609542164376,118.36678314208984,202000,0.0,0.0
2022-11-03 00:00:00+08:00,116.44212205948368,120.77261420219175,115.96095626584945,119.32911682128906,181000,0.0,0.0
2022-11-04 00:00:00+08:00,119.32911682128906,120.77261420219175,116.92328785311791,119.32911682128906,124000,0.0,0.0
2022-11-07 00:00:00+08:00,120.77260532529334,124.14076563317005,119.32910805048904,122.21610260009766,218000,0.0,0.0
2022-11-08 00:00:00+08:00,123.17844248007968,127.02776880758218,120.77261352539062,120.77261352539062,318000,0.0,0.0
2022-11-09 00:00:00+08:00,122.21611045063405,132.8017578125,122.21611045063405,132.8017578125,690000,0.0,0.0
2022-11-10 00:00:00+08:00,134.72641479926602,141.46273553922933,131.35825442928436,135.20758056640625,2128000,0.0,0.0
2022-11-11 00:00:00+08:00,141.4627315771841,142.42506308451186,130.87708499657847,131.83941650390625,1471000,0.0,0.0
2022-11-14 00:00:00+08:00,133.7640900664277,135.2075874412453,126.54660319233989,131.35826110839844,639000,0.0,0.0
2022-11-15 00:00:00+08:00,133.76408326498554,137.1322436349672,131.35825442928436,135.20758056640625,531000,0.0,0.0
2022-11-16 00:00:00+08:00,135.6887457404338,137.6134088005818,131.35825385510083,136.6510772705078,493000,0.0,0.0
2022-11-17 00:00:00+08:00,137.61340821163165,140.50040278949803,135.20757939674297,138.09457397460938,524000,0.0,0.0
2022-11-18 00:00:00+08:00,137.61341928003534,141.4627456934629,134.24525866828623,136.169921875,372000,0.0,0.0
2022-11-21 00:00:00+08:00,139.05691597678447,142.42507657137784,136.6510869806463,137.61341857910156,483000,0.0,0.0
2022-11-22 00:00:00+08:00,135.68875254755434,138.09458149343297,132.8017578125,132.8017578125,301000,0.0,0.0
2022-11-23 00:00:00+08:00,132.8017578125,135.68875254755434,129.91476307744566,132.8017578125,344000,0.0,0.0
2022-11-24 00:00:00+08:00,135.68874459102236,142.42506524447737,134.24524730813914,139.53807067871094,998000,0.0,0.0
2022-11-25 00:00:00+08:00,138.57574592752658,142.42507220329122,135.68875122070312,135.68875122070312,395000,0.0,0.0
2022-11-28 00:00:00+08:00,134.24525386729138,136.65108278964428,131.8394249449385,135.68875122070312,180000,0.0,0.0
2022-11-29 00:00:00+08:00,136.16991700517372,136.16991700517372,133.28292229835023,135.68875122070312,283000,0.0,0.0
2022-11-30 00:00:00+08:00,136.16991511079453,148.19905955521102,136.16991511079453,140.0192413330078,1249000,0.0,0.0
2022-12-01 00:00:00+08:00,143.8685571193695,153.97303771972656,143.38739137649534,153.97303771972656,1068000,0.0,0.0
2022-12-02 00:00:00+08:00,157.3412163474343,169.370361328125,156.8600505482067,169.370361328125,3172000,0.0,0.0
2022-12-05 00:00:00+08:00,164.55870270665824,186.21116358911328,164.55870270665824,181.39950561523438,4732000,0.0,0.0
2022-12-06 00:00:00+08:00,184.2864799093693,185.72997714103536,177.0689937510389,180.91831970214844,1654000,0.0,0.0
2022-12-07 00:00:00+08:00,183.3241666018308,187.17349293467763,175.14434814453125,175.14434814453125,2360000,0.0,0.0
2022-12-08 00:00:00+08:00,179.47483915212203,190.06048650157695,177.55017599767567,188.6169891357422,2657000,0.0,0.0
2022-12-09 00:00:00+08:00,192.46631176440746,192.94747754381848,178.51250416148793,185.2488250732422,2789000,0.0,0.0
2022-12-12 00:00:00+08:00,181.88065785947055,183.8053209056025,175.14433719800866,177.06900024414062,1292000,0.0,0.0
2022-12-13 00:00:00+08:00,180.4371599881154,182.84298878795695,176.10666814840064,178.5124969482422,596000,0.0,0.0
2022-12-14 00:00:00+08:00,180.43716370113313,186.69231870943906,177.550169081915,181.8806610107422,1275000,0.0,0.0
2022-12-15 00:00:00+08:00,179.9560089111328,183.80533530495384,178.0313457142223,179.9560089111328,664000,0.0,0.0
2022-12-16 00:00:00+08:00,175.62551261283255,179.95600470465584,175.1443468248522,178.03134155273438,508000,0.0,0.0
2022-12-19 00:00:00+08:00,183.80532931742695,183.80532931742695,169.8515215943762,170.3326873779297,1357000,0.0,0.0
2022-12-20 00:00:00+08:00,170.332690753768,173.70085130539616,163.11520385742188,163.11520385742188,724000,0.0,0.0
2022-12-21 00:00:00+08:00,165.03985595703125,169.37034780430028,164.55869019622358,165.03985595703125,538000,0.0,0.0
2022-12-22 00:00:00+08:00,167.44570323563775,168.88920067732428,156.8600553299365,159.26588439941406,1041000,0.0,0.0
2022-12-23 00:00:00+08:00,159.74704397292362,163.59637033371698,158.30354658762613,161.6717071533203,415000,0.0,0.0
2022-12-26 00:00:00+08:00,161.67170997902198,161.67170997902198,155.89772033691406,155.89772033691406,295000,0.0,0.0
2022-12-27 00:00:00+08:00,156.37887395070697,161.19053161072873,156.37887395070697,160.70936584472656,282000,0.0,0.0
2022-12-28 00:00:00+08:00,155.89770804099666,156.86003957211392,148.19905579205854,148.6802215576172,777000,0.0,0.0
2022-12-29 00:00:00+08:00,147.2367338812236,152.52955764819572,145.31207069323378,149.64256286621094,495000,0.0,0.0
2022-12-30 00:00:00+08:00,150.60490160649366,153.49189652546798,145.79324340820312,145.79324340820312,412000,0.0,0.0
2023-01-03 00:00:00+08:00,146.27439103036556,153.01071166992188,145.31205951042895,153.01071166992188,616000,0.0,0.0
2023-01-04 00:00:00+08:00,153.01071225120907,155.41654106019035,151.5672149658203,151.5672149658203,406000,0.0,0.0
2023-01-05 00:00:00+08:00,153.9730578271028,162.15287652416762,153.0107262156834,154.4542236328125,650000,0.0,0.0
2023-01-06 00:00:00+08:00,153.97303720007739,157.82236313007934,152.52953997632667,155.41653442382812,347000,0.0,0.0
2023-01-09 00:00:00+08:00,156.378889516041,160.2282160272051,156.378889516041,159.26588439941406,451000,0.0,0.0
2023-01-10 00:00:00+08:00,158.30353329159797,161.67169357439795,155.89770451816943,157.34120178222656,275000,0.0,0.0
2023-01-11 00:00:00+08:00,158.78471858551856,160.7093818411006,156.378889516041,159.26588439941406,237000,0.0,0.0
2023-01-12 00:00:00+08:00,162.15285819572014,164.0775212010106,158.30353218513923,160.2281951904297,696000,0.0,0.0
2023-01-13 00:00:00+08:00,162.63404232987733,164.07753974700643,154.4542236328125,154.4542236328125,473000,0.0,0.0
2023-01-16 00:00:00+08:00,154.45421264648436,157.82237304687501,154.45421264648436,156.37887573242188,298000,0.0,0.0
2023-01-17 00:00:00+08:00,158.3035459265245,165.03986702978085,156.86004854725525,163.11520385742188,700000,0.0,0.0
2023-01-30 00:00:00+08:00,166.96452393642693,170.81385013669038,164.07752928622935,165.52102661132812,568000,0.0,0.0
2023-01-31 00:00:00+08:00,165.03984999382632,167.4456787109375,162.15285553329292,167.4456787109375,398000,0.0,0.0
2023-02-01 00:00:00+08:00,170.3326893682065,171.29502094655797,164.0775341089221,166.002197265625,445000,0.0,0.0
2023-02-02 00:00:00+08:00,167.92685364461147,174.66317442118614,167.44568787485616,169.8515167236328,923000,0.0,0.0
2023-02-03 00:00:00+08:00,168.40802063515963,168.88918640840294,163.5963629027265,166.9645233154297,572000,0.0,0.0
2023-02-06 00:00:00+08:00,164.0775341089221,167.92686042232788,163.59636831974638,166.002197265625,252000,0.0,0.0
2023-02-07 00:00:00+08:00,166.00218096349994,170.33267264080862,164.0775179958072,168.88917541503906,394000,0.0,0.0
2023-02-08 00:00:00+08:00,169.85152032640244,173.7008465660943,166.96452564663358,173.2196807861328,768000,0.0,0.0
2023-02-09 00:00:00+08:00,176.1066736620526,176.58783943708553,165.52102661132812,165.52102661132812,1371000,0.0,0.0
2023-02-10 00:00:00+08:00,166.0021993092128,166.48336510431199,161.19054135822114,161.6717071533203,515000,0.0,0.0
2023-02-13 00:00:00+08:00,161.67170041106468,166.96452393642693,160.2282030859659,165.52102661132812,454000,0.0,0.0
2023-02-14 00:00:00+08:00,167.445689088673,170.81384950137618,164.55869444921314,166.9645233154297,677000,0.0,0.0
2023-02-15 00:00:00+08:00,166.4833637259857,167.9268610993324,164.07753477040788,164.55870056152344,260000,0.0,0.0
2023-02-16 00:00:00+08:00,166.48334722409302,169.37034168462642,166.0021814806708,167.4456787109375,387000,0.0,0.0
2023-02-17 00:00:00+08:00,167.44568971145986,170.81385013669038,165.0398608362952,165.52102661132812,786000,0.0,0.0
2023-02-20 00:00:00+08:00,166.0021899791246,172.25734496384524,166.0021899791246,171.29501342773438,700000,0.0,0.0
2023-02-21 00:00:00+08:00,176.1066660706426,176.587831824934,168.40801400198063,170.8138427734375,1230000,0.0,0.0
2023-02-22 00:00:00+08:00,167.92685424804688,174.18200927734375,167.4456884765625,168.40802001953125,789000,0.0,0.0
2023-02-23 00:00:00+08:00,168.40801881940178,174.6631738041224,168.40801881940178,171.29501342773438,658000,0.0,0.0
2023-02-24 00:00:00+08:00,172.2573525249094,172.73851831408513,166.002197265625,166.002197265625,575000,0.0,0.0
2023-03-01 00:00:00+08:00,165.52103631344835,167.44569952639543,164.07753890373803,166.48336791992188,242000,0.0,0.0
2023-03-02 00:00:00+08:00,167.4456884765625,168.40802001953125,166.00219116210937,168.40802001953125,211000,0.0,0.0
2023-03-03 00:00:00+08:00,169.370361328125,173.70085352117366,168.40802972966975,169.370361328125,745000,0.0,0.0
2023-03-06 00:00:00+08:00,170.8138587258079,172.7385219227184,169.370361328125,169.370361328125,1059000,0.0,0.0
2023-03-07 00:00:00+08:00,169.37034780430028,169.37034780430028,164.0775244354159,165.03985595703125,933000,0.0,0.0
2023-03-08 00:00:00+08:00,163.11519349042106,166.00218806547275,161.67169620289522,163.5963592529297,541000,0.0,0.0
2023-03-09 00:00:00+08:00,164.0775256057875,165.0398571342672,160.22819949186874,162.15286254882812,787000,0.0,0.0
2023-03-10 00:00:00+08:00,161.67170997902198,161.67170997902198,154.93538872989606,155.89772033691406,777000,0.0,0.0
2023-03-13 00:00:00+08:00,153.9730578271028,156.37888685565127,149.64256557571554,154.4542236328125,447000,0.0,0.0
2023-03-14 00:00:00+08:00,154.9353752983941,156.8600383455791,150.60488344222782,151.5672149658203,473000,0.0,0.0
2023-03-15 00:00:00+08:00,154.93536920547484,157.34119791984557,153.01070623397825,153.97303771972656,356000,0.0,0.0
2023-03-16 00:00:00+08:00,153.9730487292326,153.9730487292326,148.19905940188636,152.0483856201172,238000,0.0,0.0
2023-03-17 00:00:00+08:00,154.93538872989606,158.30354935445902,153.4918913193691,155.89772033691406,412000,0.0,0.0
2023-03-20 00:00:00+08:00,157.82238355095004,157.82238355095004,155.89772033691406,155.89772033691406,83000,0.0,0.0
2023-03-21 00:00:00+08:00,157.82237366859957,157.82237366859957,154.9353790283203,154.9353790283203,118000,0.0,0.0
2023-03-22 00:00:00+08:00,155.8977099609375,158.30353881835939,155.8977099609375,156.37887573242188,226000,0.0,0.0
2023-03-23 00:00:00+08:00,156.37887395070697,160.70936584472656,155.8977081847048,160.70936584472656,376000,0.0,0.0
2023-03-24 00:00:00+08:00,158.78471858551856,160.2282160272051,158.30355277162303,159.26588439941406,235000,0.0,0.0
2023-03-27 00:00:00+08:00,159.74702999230587,161.1905272512725,158.78469848632812,158.78469848632812,201000,0.0,0.0
2023-03-28 00:00:00+08:00,159.7470323094782,159.7470323094782,153.01071166992188,153.01071166992188,289000,0.0,0.0
2023-03-29 00:00:00+08:00,152.52954590995358,154.9353747097951,150.60488287008033,153.01071166992188,162000,0.0,0.0
2023-03-30 00:00:00+08:00,155.4165552442319,155.4165552442319,153.0107262156834,154.4542236328125,83000,0.0,0.0
2023-03-31 00:00:00+08:00,156.86004573740857,164.07753250446726,156.378879952938,158.3035430908203,949000,0.0,0.0
2023-04-06 00:00:00+08:00,160.70937008829512,163.59636476053993,156.86004385863535,162.634033203125,422000,0.0,0.0
2023-04-07 00:00:00+08:00,164.0775244354159,169.37034780430028,161.67169563137753,165.03985595703125,1289000,0.0,0.0
2023-04-10 00:00:00+08:00,167.92686248960948,167.92686248960948,161.19054135822114,161.6717071533203,740000,0.0,0.0
2023-04-11 00:00:00+08:00,162.1528709522192,167.44569463315216,162.1528709522192,166.002197265625,578000,0.0,0.0
2023-04-12 00:00:00+08:00,167.4456981312145,172.25735612349078,165.521034934304,169.370361328125,904000,0.0,0.0
2023-04-13 00:00:00+08:00,169.8515215943762,172.73851629569705,167.44569267660884,170.3326873779297,848000,0.0,0.0
2023-04-14 00:00:00+08:00,170.81385316148317,173.70084786280398,168.88919002726925,170.3326873779297,662000,0.0,0.0
2023-04-17 00:00:00+08:00,171.77618344624838,176.58784124586316,171.77618344624838,173.2196807861328,721000,0.0,0.0
2023-04-18 00:00:00+08:00,176.10667296378844,184.7676568800403,175.14434141753821,178.99366760253906,1620000,0.0,0.0
2023-04-19 00:00:00+08:00,179.95599853515625,186.21115356445313,176.58783813476563,180.43716430664062,1453000,0.0,0.0
2023-04-20 00:00:00+08:00,179.956012523938,180.91834414171308,172.25735958173746,172.738525390625,1030000,0.0,0.0
2023-04-21 00:00:00+08:00,176.10667236328126,177.06900390625,168.40802001953125,168.40802001953125,645000,0.0,0.0
2023-04-24 00:00:00+08:00,168.4080194143668,172.2573455724095,167.44568787485616,169.8515167236328,209000,0.0,0.0
2023-04-25 00:00:00+08:00,170.33268701024804,171.77618435779252,159.74703979492188,159.74703979492188,738000,0.0,0.0
2023-04-26 00:00:00+08:00,159.747046764986,161.190544175513,154.45422292638708,155.89772033691406,578000,0.0,0.0
2023-04-27 00:00:00+08:00,156.86005194393206,157.82238355095004,151.08606230182411,155.89772033691406,589000,0.0,0.0
2023-04-28 00:00:00+08:00,159.74705021330956,162.15287928278713,157.82238695772753,159.26588439941406,374000,0.0,0.0
2023-05-02 00:00:00+08:00,160.7093743963556,175.14434814453125,158.78471122993219,175.14434814453125,1922000,0.0,0.0
2023-05-03 00:00:00+08:00,175.6255139361371,178.9936744773781,172.2573533948961,175.14434814453125,1947000,0.0,0.0
2023-05-04 00:00:00+08:00,177.06900326996282,180.43716365825017,168.4080194143668,169.8515167236328,1269000,0.0,0.0
2023-05-05 00:00:00+08:00,170.3326818916235,173.2196764999561,170.3326818916235,171.29501342773438,362000,0.0,0.0
2023-05-08 00:00:00+08:00,173.7008428816755,175.14434019094148,169.8515167236328,169.8515167236328,321000,0.0,0.0
2023-05-09 00:00:00+08:00,167.9268517197063,167.9268517197063,161.67169678458828,162.15286254882812,663000,0.0,0.0
2023-05-10 00:00:00+08:00,162.15286742441754,163.59636476053993,160.70937008829512,162.634033203125,184000,0.0,0.0
2023-05-11 00:00:00+08:00,163.59635659314077,163.59635659314077,156.86003602754087,157.34120178222656,377000,0.0,0.0
2023-05-12 00:00:00+08:00,156.86004573740857,159.74704044423206,155.89771416846742,158.3035430908203,230000,0.0,0.0
2023-05-15 00:00:00+08:00,160.22819237709044,160.22819237709044,153.01070623397825,153.97303771972656,268000,0.0,0.0
2023-05-16 00:00:00+08:00,156.37888685565127,157.82238427278037,153.9730578271028,154.4542236328125,217000,0.0,0.0
2023-05-17 00:00:00+08:00,156.3788751276528,158.78470397577053,155.41654358840572,157.82237243652344,280000,0.0,0.0
2023-05-18 00:00:00+08:00,160.70937135995152,163.59636605504048,159.26587401240707,159.74703979492188,392000,0.0,0.0
2023-05-19 00:00:00+08:00,162.6340351510555,162.6340351510555,157.82237730634972,158.3035430908203,209000,0.0,0.0
2023-05-22 00:00:00+08:00,158.30353273333924,160.22819574529476,157.82236698035038,158.78469848632812,130000,0.0,0.0
2023-05-23 00:00:00+08:00,160.2282160272051,161.19054765499612,157.34122114383203,159.26588439941406,187000,0.0,0.0
2023-05-24 00:00:00+08:00,159.2658648009694,159.2658648009694,157.34120178222656,157.34120178222656,175000,0.0,0.0
2023-05-25 00:00:00+08:00,157.82236313007934,157.82236313007934,155.41653442382812,155.41653442382812,227000,0.0,0.0
2023-05-26 00:00:00+08:00,156.37888685565127,157.82238427278037,153.9730578271028,154.4542236328125,236000,0.0,0.0
2023-05-29 00:00:00+08:00,154.93539207435447,160.7093818411006,154.93539207435447,159.26588439941406,337000,0.0,0.0
2023-05-30 00:00:00+08:00,159.7470411054927,160.70937267841737,156.37888060025642,156.86004638671875,227000,0.0,0.0
2023-05-31 00:00:00+08:00,157.82236698035038,160.7093614982836,157.3412012273615,158.78469848632812,191000,0.0,0.0
2023-06-01 00:00:00+08:00,159.74702999230587,159.74702999230587,157.3412012273615,158.78469848632812,123000,0.0,0.0
2023-06-02 00:00:00+08:00,159.74704044423206,160.22820622870262,158.3035430908203,158.3035430908203,255000,0.0,0.0
2023-06-05 00:00:00+08:00,158.30355277162303,161.67171346889162,158.30355277162303,159.26588439941406,298000,0.0,0.0
2023-06-06 00:00:00+08:00,160.70936767578124,160.70936767578124,155.8977099609375,156.37887573242188,253000,0.0,0.0
2023-06-07 00:00:00+08:00,158.30355277162303,159.26588439941406,156.8600553299365,159.26588439941406,161000,0.0,0.0
2023-06-08 00:00:00+08:00,157.82237366859957,158.78470521535934,154.9353790283203,154.9353790283203,247000,0.0,0.0
2023-06-09 00:00:00+08:00,152.52955695474222,152.52955695474222,148.68023059626293,151.0860595703125,973000,0.0,0.0
2023-06-12 00:00:00+08:00,152.0483925559304,152.0483925559304,146.7555687644265,148.19906616210938,360000,0.0,0.0
2023-06-13 00:00:00+08:00,150.1237117767334,156.3788664340973,149.1613802909851,153.97303771972656,478000,0.0,0.0
2023-06-14 00:00:00+08:00,155.89770622973174,155.89770622973174,151.08604863004865,153.01071166992188,171000,0.0,0.0
2023-06-15 00:00:00+08:00,153.9730571228781,156.86005194393206,153.9730571228781,155.89772033691406,192000,0.0,0.0
2023-06-16 00:00:00+08:00,155.89770682198662,155.89770682198662,151.5672149658203,151.5672149658203,287000,0.0,0.0
2023-06-19 00:00:00+08:00,151.5672155526968,152.04838131635617,147.23672367976263,150.12371826171875,221000,0.0,0.0
2023-06-20 00:00:00+08:00,152.0483819165276,152.0483819165276,148.6802215576172,148.6802215576172,122000,0.0,0.0
2023-06-21 00:00:00+08:00,151.5672051182951,151.5672051182951,148.19904500455522,150.60487365722656,142000,0.0,0.0
2023-06-26 00:00:00+08:00,151.08605099347682,151.08605099347682,146.75555908602047,147.23672485351562,166000,0.0,0.0
2023-06-27 00:00:00+08:00,149.16138352147792,149.16138352147792,145.3120574951172,145.3120574951172,167000,0.0,0.0
2023-06-28 00:00:00+08:00,147.23672485351562,148.19905638850594,145.79322755103018,147.23672485351562,149000,0.0,0.0
2023-06-29 00:00:00+08:00,147.7178961603265,148.68022773140353,146.27439880371094,146.27439880371094,118000,0.0,0.0
2023-06-30 00:00:00+08:00,147.23673456365412,149.64256355979228,145.79323716597125,148.19906616210938,144000,0.0,0.0
2023-07-03 00:00:00+08:00,150.1237188542931,150.1237188542931,147.2367242609413,148.6802215576172,135000,0.0,0.0
2023-07-04 00:00:00+08:00,148.68023059626293,151.0860595703125,147.7178990066431,151.0860595703125,285000,0.0,0.0
2023-07-05 00:00:00+08:00,151.10854821456107,153.5776421396356,150.12091064453125,150.12091064453125,203000,4.022764,0.0
2023-07-06 00:00:00+08:00,149.62709045410156,151.60236557560785,149.133271673725,149.62709045410156,156000,0.0,0.0
2023-07-07 00:00:00+08:00,151.6023641422095,151.6023641422095,146.66417638513425,149.13327026367188,227000,0.0,0.0
2023-07-10 00:00:00+08:00,149.62707737513952,149.62707737513952,145.18270874023438,145.18270874023438,180000,0.0,0.0
2023-07-11 00:00:00+08:00,146.66417316581962,147.65181069555578,142.21980428200692,142.713623046875,217000,0.0,0.0
2023-07-12 00:00:00+08:00,142.71362367316857,143.20744244020378,132.3434295654297,132.3434295654297,921000,0.0,0.0
2023-07-13 00:00:00+08:00,130.8619746665529,137.2816187067989,130.8619746665529,132.83724975585938,734000,0.0,0.0
2023-07-14 00:00:00+08:00,135.8001520271436,140.24452063894103,134.31869582321113,139.75070190429688,402000,0.0,0.0
2023-07-17 00:00:00+08:00,141.72598945373318,141.72598945373318,136.78780166788883,138.76307678222656,256000,0.0,0.0
2023-07-18 00:00:00+08:00,140.24452136811757,140.24452136811757,134.31869652157738,134.81251525878906,246000,0.0,0.0
2023-07-19 00:00:00+08:00,136.78779458308566,139.25688834812328,135.8001570770706,136.29397583007812,125000,0.0,0.0
2023-07-20 00:00:00+08:00,136.29398288930437,140.24453311797987,136.29398288930437,138.76307678222656,158000,0.0,0.0
2023-07-21 00:00:00+08:00,138.26925084210825,138.76306959511578,135.8001570770706,136.29397583007812,119000,0.0,0.0
2023-07-24 00:00:00+08:00,136.29397970171118,136.29397970171118,132.3434295654297,132.3434295654297,202000,0.0,0.0
2023-07-25 00:00:00+08:00,132.3434271967368,138.26925229509814,130.36815216394967,136.7877960205078,317000,0.0,0.0
2023-07-26 00:00:00+08:00,138.7630735368871,138.7630735368871,131.8496107983945,132.3434295654297,170000,0.0,0.0
2023-07-27 00:00:00+08:00,134.31870363084533,138.2692537376349,134.31870363084533,137.2816162109375,236000,0.0,0.0
2023-07-28 00:00:00+08:00,136.2939842711104,140.2445345398382,135.8001654875194,139.25689697265625,226000,0.0,0.0
2023-07-31 00:00:00+08:00,139.256895560811,143.20744578948648,136.78780166788883,138.76307678222656,290000,0.0,0.0
2023-08-01 00:00:00+08:00,141.72598508107578,144.19507889781926,137.2816162109375,137.2816162109375,291000,0.0,0.0
2023-08-02 00:00:00+08:00,137.2816187067989,137.2816187067989,132.34343098353276,132.83724975585938,269000,0.0,0.0
2023-08-04 00:00:00+08:00,131.35578267714556,135.30633253209731,131.35578267714556,134.31869506835938,56000,0.0,0.0
2023-08-07 00:00:00+08:00,133.8248777843657,135.30633399600075,132.83724030994233,134.81251525878906,84000,0.0,0.0
2023-08-08 00:00:00+08:00,135.3063421676408,135.3063421676408,132.3434295654297,132.3434295654297,101000,0.0,0.0
2023-08-09 00:00:00+08:00,132.83724173664177,136.29397293424955,131.35578550909557,135.30633544921875,153000,0.0,0.0
2023-08-10 00:00:00+08:00,135.80015799156706,137.28161426056596,131.3557891845703,131.3557891845703,188000,0.0,0.0
2023-08-11 00:00:00+08:00,133.82488544627387,133.82488544627387,126.91142272949219,126.91142272949219,230000,0.0,0.0
2023-08-14 00:00:00+08:00,123.94850677740378,128.39287554631468,118.51650050429046,120.49177551269531,380000,0.0,0.0
2023-08-15 00:00:00+08:00,123.45469382501417,123.94851260031423,121.973237499114,122.46705627441406,65000,0.0,0.0
2023-08-16 00:00:00+08:00,122.46705052110015,123.45468802530257,120.49177551269531,120.49177551269531,98000,0.0,0.0
2023-08-17 00:00:00+08:00,120.49177926684183,124.93614817422534,119.99796049935478,124.44232940673828,151000,0.0,0.0
2023-08-18 00:00:00+08:00,123.45469382501417,124.93615015091434,121.47941872381395,122.46705627441406,136000,0.0,0.0
2023-08-21 00:00:00+08:00,122.46704905317645,122.46704905317645,119.50413657608347,119.99795532226562,187000,0.0,0.0
2023-08-22 00:00:00+08:00,120.4917740684478,121.47941156081212,119.99795532226562,119.99795532226562,69000,0.0,0.0
2023-08-23 00:00:00+08:00,119.99795818718111,121.47941446109694,119.99795818718111,120.985595703125,70000,0.0,0.0
2023-08-24 00:00:00+08:00,121.973237499114,124.44233137561429,120.9855999485139,122.46705627441406,175000,0.0,0.0
2023-08-25 00:00:00+08:00,121.47941301689774,122.96086927320137,120.49177551269531,120.49177551269531,98000,0.0,0.0
2023-08-28 00:00:00+08:00,120.98559281462995,122.46704905317645,119.99795532226562,119.99795532226562,82000,0.0,0.0
2023-08-29 00:00:00+08:00,120.49178117321384,123.94851260031423,120.49178117321384,122.46705627441406,106000,0.0,0.0
2023-08-30 00:00:00+08:00,124.44233082405663,127.89906223583597,123.45469327783395,124.93614959716797,304000,0.0,0.0
2023-08-31 00:00:00+08:00,125.42996359432445,127.4052386115579,124.44232608570772,125.92378234863281,99000,0.0,0.0
2023-09-01 00:00:00+08:00,125.92378377914429,127.89905881881714,125.92378377914429,126.4176025390625,172000,0.0,0.0
2023-09-04 00:00:00+08:00,126.41760537790698,127.40524291992188,125.42996783589209,127.40524291992188,75000,0.0,0.0
2023-09-05 00:00:00+08:00,126.91142312804264,135.80016093467597,126.91142312804264,132.3434295654297,402000,0.0,0.0
2023-09-06 00:00:00+08:00,131.84960209504337,131.84960209504337,129.38050842285156,129.38050842285156,119000,0.0,0.0
2023-09-07 00:00:00+08:00,128.39287095397484,131.84960209504337,128.39287095397484,129.38050842285156,96000,0.0,0.0
2023-09-08 00:00:00+08:00,128.39287757873535,128.39287757873535,125.92378377914429,126.4176025390625,105000,0.0,0.0
2023-09-11 00:00:00+08:00,125.4299669417124,126.91142324417356,124.44232940673828,124.44232940673828,72000,0.0,0.0
2023-09-12 00:00:00+08:00,126.41760396400778,127.899060260461,124.44232890207016,126.91142272949219,81000,0.0,0.0
2023-09-13 00:00:00+08:00,125.42996783589209,128.39288046193678,125.42996783589209,127.40524291992188,41000,0.0,0.0
2023-09-14 00:00:00+08:00,128.3928752395342,131.35578774506192,127.89905648861291,130.86196899414062,168000,0.0,0.0
2023-09-15 00:00:00+08:00,131.84961477426384,131.84961477426384,127.40524573692909,128.39288330078125,124000,0.0,0.0
2023-09-18 00:00:00+08:00,127.4052382759426,139.25688834812328,126.91141952293506,136.29397583007812,669000,0.0,0.0
2023-09-19 00:00:00+08:00,136.787801389341,138.7630764996564,133.33106994628906,133.33106994628906,381000,0.0,0.0
2023-09-20 00:00:00+08:00,134.31870025058961,134.31870025058961,129.87433149229804,130.86196899414062,199000,0.0,0.0
2023-09-21 00:00:00+08:00,130.86197864050152,131.35579742782417,127.89906591656565,128.88670349121094,148000,0.0,0.0
2023-09-22 00:00:00+08:00,127.89905648861291,131.35578774506192,127.89905648861291,130.86196899414062,68000,0.0,0.0
2023-09-25 00:00:00+08:00,132.3434337883418,135.3063464850957,131.35579622275714,133.82489013671875,207000,0.0,0.0
2023-09-26 00:00:00+08:00,133.82487853307688,133.82487853307688,129.3805098733068,129.87432861328125,94000,0.0,0.0
2023-09-27 00:00:00+08:00,128.88670208270733,129.8743396465595,127.89906451885517,128.39288330078125,102000,0.0,0.0
2023-09-28 00:00:00+08:00,129.8743396465595,130.86197721041165,128.39288330078125,128.39288330078125,62000,0.0,0.0
2023-10-02 00:00:00+08:00,129.87434106585624,129.87434106585624,128.88670349121094,128.88670349121094,83000,0.0,0.0
2023-10-03 00:00:00+08:00,129.87434106585624,130.3681598531789,128.88670349121094,128.88670349121094,55000,0.0,0.0
2023-10-04 00:00:00+08:00,128.39287757873535,128.39287757873535,125.92378377914429,126.4176025390625,104000,0.0,0.0
2023-10-05 00:00:00+08:00,128.39287095397484,130.86196462616664,127.89905221953646,129.38050842285156,99000,0.0,0.0
2023-10-06 00:00:00+08:00,128.39287804307116,132.34342813670412,128.39287804307116,131.849609375,149000,0.0,0.0
2023-10-11 00:00:00+08:00,133.33106874006066,133.824887513172,122.46705573161128,124.93614959716797,436000,0.0,0.0
2023-10-12 00:00:00+08:00,124.93614766755456,127.899060260461,124.44232890207016,126.91142272949219,228000,0.0,0.0
2023-10-13 00:00:00+08:00,124.93614906488463,127.89906169092933,124.44233029387718,127.40524291992188,98000,0.0,0.0
2023-10-16 00:00:00+08:00,125.92378660689953,127.89906169092933,125.42996783589209,127.40524291992188,87000,0.0,0.0
2023-10-17 00:00:00+08:00,130.86196468070202,139.75070190429688,130.86196468070202,139.75070190429688,2009000,0.0,0.0
2023-10-18 00:00:00+08:00,139.75070562189273,147.15798683860083,135.80015563964844,135.80015563964844,2705000,0.0,0.0
2023-10-19 00:00:00+08:00,149.13327026367188,149.13327026367188,149.13327026367188,149.13327026367188,350000,0.0,0.0
2023-10-20 00:00:00+08:00,162.4663652759388,162.96018401537935,160.49109031817665,160.9849090576172,3503000,0.0,0.0
2023-10-23 00:00:00+08:00,160.9849113199613,161.47873006634157,155.55290510977858,156.54054260253906,2217000,0.0,0.0
2023-10-24 00:00:00+08:00,155.5529022216797,157.03435843331474,153.08380853562127,155.5529022216797,1040000,0.0,0.0
2023-10-25 00:00:00+08:00,155.5529022216797,156.04672095889137,154.07144601004464,155.5529022216797,485000,0.0,0.0
2023-10-26 00:00:00+08:00,154.5652785088606,157.03437241475294,153.0838221653252,155.05909729003906,491000,0.0,0.0
2023-10-27 00:00:00+08:00,156.0467319977589,156.0467319977589,153.57763813703488,154.0714569091797,299000,0.0,0.0
2023-10-30 00:00:00+08:00,155.059083484468,156.04672095889137,155.059083484468,155.5529022216797,262000,0.0,0.0
2023-10-31 00:00:00+08:00,156.04672095889137,156.04672095889137,154.07144601004464,155.5529022216797,278000,0.0,0.0
2023-11-01 00:00:00+08:00,155.55290510977858,157.52818009529958,155.55290510977858,156.54054260253906,268000,0.0,0.0
2023-11-02 00:00:00+08:00,157.0343613489193,157.0343613489193,156.04672385615882,156.54054260253906,154000,0.0,0.0
2023-11-03 00:00:00+08:00,157.03435989573032,157.03435989573032,155.5529036702989,156.04672241210938,157000,0.0,0.0
2023-11-06 00:00:00+08:00,156.54054404204746,157.52818154389,156.04672529112617,157.03436279296875,289000,0.0,0.0
2023-11-07 00:00:00+08:00,157.52818583550854,159.00964212863246,157.03436707113391,158.5158233642578,278000,0.0,0.0
2023-11-08 00:00:00+08:00,159.0096449719125,159.9972825183219,158.5158261987078,159.5034637451172,249000,0.0,0.0
2023-11-09 00:00:00+08:00,159.0096392497,159.0096392497,157.03436422796457,157.52818298339844,333000,0.0,0.0
2023-11-10 00:00:00+08:00,158.0219959077381,158.0219959077381,155.5529022216797,155.5529022216797,225000,0.0,0.0
2023-11-13 00:00:00+08:00,157.0343656539917,159.00964069366455,157.0343656539917,158.02200317382812,438000,0.0,0.0
2023-11-14 00:00:00+08:00,158.0219966209739,160.9849090576172,158.0219966209739,160.9849090576172,396000,0.0,0.0
2023-11-15 00:00:00+08:00,159.99727085658483,159.99727085658483,155.5529022216797,155.5529022216797,241000,0.0,0.0
2023-11-16 00:00:00+08:00,154.0714474448675,156.54054115391983,154.0714474448675,156.04672241210938,93000,0.0,0.0
2023-11-17 00:00:00+08:00,159.99728393554688,165.4292904889142,158.0220088252315,159.99728393554688,735000,0.0,0.0
2023-11-20 00:00:00+08:00,160.49109842175636,160.49109842175636,158.5158233642578,158.5158233642578,130000,0.0,0.0
2023-11-21 00:00:00+08:00,159.99727965738174,160.49109842175636,158.0220045998832,158.5158233642578,135000,0.0,0.0
2023-11-22 00:00:00+08:00,158.51581877311773,168.8860125246301,158.51581877311773,167.40455627441406,861000,0.0,0.0
2023-11-23 00:00:00+08:00,168.8860125246301,173.82420002535028,166.41691877427002,167.40455627441406,568000,0.0,0.0
2023-11-24 00:00:00+08:00,166.91074279417475,168.8860178568277,163.45401143453208,163.9478302001953,180000,0.0,0.0
2023-11-27 00:00:00+08:00,164.44165293375653,164.44165293375653,159.99728393554688,159.99728393554688,128000,0.0,0.0
2023-11-28 00:00:00+08:00,161.47872847831567,166.4169158935547,161.47872847831567,166.4169158935547,142000,0.0,0.0
2023-11-29 00:00:00+08:00,168.88601341363508,168.88601341363508,162.46636962890625,162.46636962890625,124000,0.0,0.0
2023-11-30 00:00:00+08:00,163.94783443621733,165.9231095499067,162.46637810095032,165.42929077148438,146000,0.0,0.0
2023-12-01 00:00:00+08:00,165.92310812944422,165.92310812944422,162.96019548427557,164.9354705810547,81000,0.0,0.0
2023-12-04 00:00:00+08:00,163.4540027548199,164.93545897314152,160.9849090576172,160.9849090576172,158000,0.0,0.0
2023-12-05 00:00:00+08:00,160.49109603419447,162.96018981933594,159.50345852013788,162.96018981933594,83000,0.0,0.0
2023-12-06 00:00:00+08:00,162.96019515755006,162.96019515755006,159.5034637451172,159.5034637451172,77000,0.0,0.0
2023-12-07 00:00:00+08:00,159.99728109229426,160.49109986109764,159.0096435546875,159.0096435546875,52000,0.0,0.0
2023-12-08 00:00:00+08:00,159.0096377966539,160.49109404941774,155.55290654020487,157.03436279296875,173000,0.0,0.0
2023-12-11 00:00:00+08:00,159.0096348629722,159.0096348629722,156.04672241210938,156.04672241210938,62000,0.0,0.0
2023-12-12 00:00:00+08:00,158.51581612116175,158.51581612116175,155.5529036702989,156.04672241210938,91000,0.0,0.0
2023-12-13 00:00:00+08:00,155.5529036702989,156.04672241210938,155.05908492848843,156.04672241210938,67000,0.0,0.0
2023-12-14 00:00:00+08:00,159.0096475394668,159.0096475394668,154.5652785088606,155.05909729003906,135000,0.0,0.0
2023-12-15 00:00:00+08:00,155.0590944534693,155.0590944534693,153.57763813703488,154.0714569091797,50000,0.0,0.0
2023-12-18 00:00:00+08:00,154.0714569091797,155.5529132256141,153.08381936489008,154.0714569091797,64000,0.0,0.0
2023-12-19 00:00:00+08:00,153.57763385464074,153.57763385464074,151.6023588211405,152.58999633789062,52000,0.0,0.0
2023-12-20 00:00:00+08:00,155.05909587628543,155.5529146529615,154.0714583229333,154.56527709960938,32000,0.0,0.0
2023-12-21 00:00:00+08:00,154.0714583229333,158.51582731301792,154.0714583229333,154.56527709960938,78000,0.0,0.0
2023-12-22 00:00:00+08:00,154.56527709960938,156.04673342963758,154.0714583229333,154.56527709960938,32000,0.0,0.0
2023-12-25 00:00:00+08:00,154.56526474725632,157.03435843331474,154.56526474725632,155.5529022216797,47000,0.0,0.0
2023-12-26 00:00:00+08:00,155.5529036702989,157.03435989573032,155.5529036702989,156.04672241210938,42000,0.0,0.0
2023-12-27 00:00:00+08:00,156.04672813415527,158.51582193374634,156.04672813415527,158.02200317382812,123000,0.0,0.0
2023-12-28 00:00:00+08:00,161.47873595050564,165.4292860655027,158.5158233642578,158.5158233642578,266000,0.0,0.0
2023-12-29 00:00:00+08:00,158.51582049426614,159.50345800513384,157.03436422796457,157.52818298339844,51000,0.0,0.0
2024-01-02 00:00:00+08:00,157.03436422796457,159.9972767605677,157.03436422796457,157.52818298339844,74000,0.0,0.0
2024-01-03 00:00:00+08:00,156.04672385615882,158.02199884167982,155.0590863633983,156.54054260253906,67000,0.0,0.0
2024-01-04 00:00:00+08:00,156.04672813415527,158.51582193374634,156.04672813415527,158.02200317382812,83000,0.0,0.0
2024-01-05 00:00:00+08:00,157.0343613489193,157.0343613489193,155.55290510977858,156.54054260253906,91000,0.0,0.0
2024-01-08 00:00:00+08:00,156.54054932425643,156.54054932425643,153.0838179511656,153.57763671875,118000,0.0,0.0
2024-01-09 00:00:00+08:00,153.57763333928665,153.57763333928665,144.6888957183633,147.15798950195312,221000,0.0,0.0
2024-01-10 00:00:00+08:00,146.17035481770833,148.63944864908854,146.17035481770833,148.1456298828125,22000,0.0,0.0
2024-01-11 00:00:00+08:00,149.13326741536457,149.13326741536457,147.1579923502604,148.1456298828125,46000,0.0,0.0
2024-01-12 00:00:00+08:00,146.66416786812448,148.14562410921664,146.17034912109375,146.17034912109375,41000,0.0,0.0
2024-01-15 00:00:00+08:00,146.66416931152344,148.1456255671954,146.66416931152344,146.66416931152344,14018,0.0,0.0
2024-01-16 00:00:00+08:00,146.17035293579102,146.66417169570923,141.7259840965271,142.2198028564453,170000,0.0,0.0
2024-01-17 00:00:00+08:00,142.21979851973686,143.20743600945724,140.24452354029606,140.73834228515625,67000,0.0,0.0
2024-01-18 00:00:00+08:00,143.20744037628174,143.20744037628174,140.24452781677246,142.2198028564453,48000,0.0,0.0
2024-01-19 00:00:00+08:00,143.2074374752445,143.7012562251591,141.23216247558594,141.23216247558594,50000,0.0,0.0
2024-01-22 00:00:00+08:00,142.2198056977371,144.68889954665613,142.2198056977371,143.2074432373047,63000,0.0,0.0
2024-01-23 00:00:00+08:00,142.2198056977371,143.7012620070885,141.72598692795327,143.2074432373047,44000,0.0,0.0
2024-01-24 00:00:00+08:00,143.20744037628174,143.20744037628174,141.7259840965271,142.2198028564453,49000,0.0,0.0
2024-01-25 00:00:00+08:00,143.7012620070885,143.7012620070885,142.2198056977371,143.2074432373047,36000,0.0,0.0
2024-01-26 00:00:00+08:00,143.70126057661116,143.70126057661116,142.21980428200692,142.713623046875,29000,0.0,0.0
2024-01-29 00:00:00+08:00,143.20744181174308,143.70126057661116,142.713623046875,142.713623046875,57000,0.0,0.0
2024-01-30 00:00:00+08:00,143.20744465306862,145.18271975173164,143.20744465306862,143.70126342773438,49000,0.0,0.0
2024-01-31 00:00:00+08:00,143.7012620070885,145.18271831643992,143.2074432373047,143.2074432373047,36000,0.0,0.0
2024-02-01 00:00:00+08:00,143.2074422200521,153.0838175455729,143.2074422200521,148.1456298828125,296000,0.0,0.0
2024-02-02 00:00:00+08:00,151.6023538363182,152.09617257845605,145.67652893066406,145.67652893066406,108000,0.0,0.0
2024-02-05 00:00:00+08:00,146.66416786812448,148.14562410921664,145.18271162703232,146.17034912109375,54000,0.0,0.0
2024-02-15 00:00:00+08:00,149.1332630709767,149.1332630709767,144.68889430396084,146.66416931152344,99000,0.0,0.0
2024-02-16 00:00:00+08:00,147.65181013537992,153.0838165283203,147.65181013537992,153.0838165283203,242000,0.0,0.0
2024-02-19 00:00:00+08:00,154.5652785088606,157.5281911959314,154.0714597276821,155.05909729003906,214000,0.0,0.0
2024-02-20 00:00:00+08:00,155.05908720035117,155.05908720035117,150.61471845893985,151.60235595703125,89000,0.0,0.0
2024-02-21 00:00:00+08:00,150.12089970989413,153.57763095321405,150.12089970989413,151.60235595703125,79000,0.0,0.0
2024-02-22 00:00:00+08:00,152.09618435598443,152.59000313636102,149.62709045410156,149.62709045410156,77000,0.0,0.0
2024-02-23 00:00:00+08:00,151.10854821456107,153.08382335462068,150.12091064453125,150.12091064453125,114000,0.0,0.0
2024-02-26 00:00:00+08:00,150.12090436988902,161.97255471488026,150.12090436988902,158.5158233642578,321000,0.0,0.0
2024-02-27 00:00:00+08:00,159.00964608969397,159.00964608969397,153.57763954625725,154.56527709960938,185000,0.0,0.0
2024-02-29 00:00:00+08:00,155.05909729003906,157.5281911959314,153.57764094650366,155.05909729003906,126000,0.0,0.0
2024-03-01 00:00:00+08:00,156.04673094186722,160.98491862990102,156.04673094186722,159.0096435546875,193000,0.0,0.0
2024-03-04 00:00:00+08:00,159.99727965738174,160.49109842175636,158.0220045998832,158.5158233642578,115000,0.0,0.0
2024-03-05 00:00:00+08:00,158.02199737935126,158.02199737935126,155.05908492848843,156.04672241210938,142000,0.0,0.0
2024-03-06 00:00:00+08:00,155.0590863633983,159.99727382720081,155.0590863633983,156.54054260253906,141000,0.0,0.0
2024-03-07 00:00:00+08:00,156.5405478692824,156.5405478692824,152.58999776532573,153.0838165283203,101000,0.0,0.0
2024-03-08 00:00:00+08:00,151.10854800487948,152.09618557353883,144.19508502426407,144.68890380859375,184000,0.0,0.0
2024-03-11 00:00:00+08:00,143.20744605913555,146.17035873622112,142.71362727962128,144.19508361816406,119000,0.0,0.0
2024-03-12 00:00:00+08:00,144.1950755520702,149.62708182286735,144.1950755520702,146.66416931152344,70000,0.0,0.0
2024-03-13 00:00:00+08:00,147.65181651457178,149.62709165189048,144.19508502426407,144.68890380859375,86000,0.0,0.0
2024-03-14 00:00:00+08:00,143.7012620070885,145.67653708622373,143.2074432373047,143.2074432373047,64000,0.0,0.0
2024-03-15 00:00:00+08:00,142.21980142094947,143.70125768575105,141.23216391108178,141.72598266601562,72000,0.0,0.0
2024-03-18 00:00:00+08:00,141.72598266601562,141.72598266601562,141.72598266601562,141.72598266601562,0,0.0,0.0
2024-03-19 00:00:00+08:00,144.19507696164533,149.13326452882498,144.19507696164533,147.15798950195312,145000,0.0,0.0
2024-03-20 00:00:00+08:00,147.15799045562744,147.65180921554565,142.2198028564453,142.2198028564453,70000,0.0,0.0
2024-03-21 00:00:00+08:00,143.70125768575105,143.70125768575105,141.23216391108178,141.72598266601562,67000,0.0,0.0
2024-03-22 00:00:00+08:00,142.71362161636353,143.20744037628174,141.2321653366089,142.2198028564453,69000,0.0,0.0
2024-03-25 00:00:00+08:00,142.2198028564453,142.2198028564453,142.2198028564453,142.2198028564453,0,0.0,0.0
2024-03-26 00:00:00+08:00,142.2198028564453,142.2198028564453,142.2198028564453,142.2198028564453,0,0.0,0.0
2024-03-27 00:00:00+08:00,140.7383437256713,142.2197999754152,140.7383437256713,141.23216247558594,32000,0.0,0.0
2024-03-28 00:00:00+08:00,141.72597977487666,141.72597977487666,140.73834228515625,140.73834228515625,20000,0.0,0.0
2024-03-29 00:00:00+08:00,140.73834228515625,141.23216103001644,140.24452354029606,140.73834228515625,40000,0.0,0.0
2024-04-01 00:00:00+08:00,140.7383437256713,142.71361872532984,140.7383437256713,141.23216247558594,29000,0.0,0.0
2024-04-02 00:00:00+08:00,141.72598266601562,142.71362017588334,141.72598266601562,141.72598266601562,53000,0.0,0.0
2024-04-03 00:00:00+08:00,141.23216247558594,142.2197999754152,140.7383437256713,141.23216247558594,25000,0.0,0.0
2024-04-08 00:00:00+08:00,141.2321653366089,144.19507789611816,141.2321653366089,142.2198028564453,64000,0.0,0.0
2024-04-09 00:00:00+08:00,142.2198071037371,144.19508220240013,141.2321695544056,143.70126342773438,91000,0.0,0.0
2024-04-10 00:00:00+08:00,144.68890097706588,145.18271975173164,143.70126342773438,143.70126342773438,48000,0.0,0.0
2024-04-11 00:00:00+08:00,143.7012562251591,143.7012562251591,141.23216247558594,141.23216247558594,62000,0.0,0.0
2024-04-12 00:00:00+08:00,141.7259880065918,142.21980678013392,138.26925659179688,138.26925659179688,161000,0.0,0.0
2024-04-15 00:00:00+08:00,138.26925229509814,138.26925229509814,135.30633974591748,136.7877960205078,81000,0.0,0.0
2024-04-16 00:00:00+08:00,136.29397525427476,136.29397525427476,130.36815024321933,130.86196899414062,130000,0.0,0.0
2024-04-17 00:00:00+08:00,132.83724173664177,135.30633544921875,132.34342299412637,135.30633544921875,35000,0.0,0.0
2024-04-18 00:00:00+08:00,134.81251380022834,135.30633253209731,134.31869506835938,134.31869506835938,11000,0.0,0.0
2024-04-19 00:00:00+08:00,131.84960209504337,131.84960209504337,127.4052334850981,129.38050842285156,90000,0.0,0.0
2024-04-22 00:00:00+08:00,129.38051655691422,130.36815408788303,126.41760396400778,126.91142272949219,60000,0.0,0.0
2024-04-23 00:00:00+08:00,127.89906591656565,129.87434106585624,127.405247129243,128.88670349121094,41000,0.0,0.0
2024-04-24 00:00:00+08:00,130.36815024321933,131.84960649598318,129.87433149229804,130.86196899414062,38000,0.0,0.0
2024-04-25 00:00:00+08:00,127.89905548095703,128.8866929750185,127.40523673392632,127.89905548095703,25000,0.0,0.0
2024-04-26 00:00:00+08:00,129.3805222785336,130.86197864050152,128.39288470388829,128.88670349121094,34000,0.0,0.0
2024-04-29 00:00:00+08:00,129.87433291557142,131.8496079409033,129.87433291557142,131.3557891845703,30000,0.0,0.0
2024-04-30 00:00:00+08:00,132.3434201408835,135.80015126396628,132.3434201408835,134.31869506835938,84000,0.0,0.0
2024-05-02 00:00:00+08:00,133.82488206504047,136.78779458308566,133.33106331203294,136.29397583007812,47000,0.0,0.0
2024-05-03 00:00:00+08:00,137.28161041928036,137.28161041928036,134.31869796418798,135.30633544921875,26000,0.0,0.0
2024-05-06 00:00:00+08:00,137.28161041928036,137.77542916179573,134.31869796418798,135.30633544921875,59000,0.0,0.0
2024-05-07 00:00:00+08:00,136.78778872770422,136.78778872770422,134.31869506835938,134.31869506835938,16000,0.0,0.0
2024-05-08 00:00:00+08:00,137.28160894484748,137.28160894484748,134.81251525878906,134.81251525878906,25000,0.0,0.0
2024-05-09 00:00:00+08:00,135.30634255904877,138.26925516983087,135.30634255904877,137.7754364013672,60000,0.0,0.0
2024-05-10 00:00:00+08:00,139.2568912643323,139.2568912643323,135.80015992089142,137.2816162109375,52000,0.0,0.0
2024-05-13 00:00:00+08:00,140.24452585413835,140.24452585413835,134.81251957105553,136.29397583007812,42000,0.0,0.0
2024-05-14 00:00:00+08:00,137.2816096561056,140.24452209472656,136.7877909163354,140.24452209472656,71000,0.0,0.0
2024-05-15 00:00:00+08:00,142.2198053175403,144.68889915985872,137.7754364013672,137.7754364013672,75000,0.0,0.0
2024-05-16 00:00:00+08:00,138.76306443500854,139.75070190429688,138.2692457003644,139.75070190429688,30000,0.0,0.0
2024-05-17 00:00:00+08:00,140.24452209472656,141.72597831403706,137.77542839587574,140.24452209472656,37000,0.0,0.0
2024-05-20 00:00:00+08:00,139.25688461518624,141.2321595742669,138.76306587541606,140.24452209472656,37000,0.0,0.0
2024-05-21 00:00:00+08:00,141.23216923304966,141.23216923304966,138.26925659179688,138.26925659179688,22000,0.0,0.0
2024-05-22 00:00:00+08:00,139.25688461518624,140.7383408344967,139.25688461518624,140.24452209472656,62000,0.0,0.0
2024-05-23 00:00:00+08:00,140.2445316859654,140.2445316859654,138.26925659179688,138.26925659179688,40000,0.0,0.0
2024-05-24 00:00:00+08:00,137.2816176329035,139.75071147522192,136.78779886443982,137.7754364013672,64000,0.0,0.0
2024-05-27 00:00:00+08:00,140.24452585413835,140.24452585413835,135.8001570770706,136.29397583007812,210000,0.0,0.0
2024-05-28 00:00:00+08:00,137.77543813174532,145.6765385263974,136.7878005824138,143.70126342773438,327000,0.0,0.0
2024-05-29 00:00:00+08:00,143.20744605913555,146.17035873622112,141.72598972059276,144.19508361816406,150000,0.0,0.0
2024-05-30 00:00:00+08:00,142.71361872532984,144.6888937249884,140.7383437256713,141.23216247558594,70000,0.0,0.0
2024-05-31 00:00:00+08:00,143.20743600945724,144.19507349917762,140.73834228515625,140.73834228515625,52000,0.0,0.0
2024-06-03 00:00:00+08:00,141.23216815816946,143.7012620070885,140.24453061860183,143.2074432373047,41000,0.0,0.0
2024-06-04 00:00:00+08:00,144.19508502426407,144.68890380859375,142.71362867127507,144.68890380859375,89000,0.0,0.0
2024-06-05 00:00:00+08:00,146.17035293579102,146.17035293579102,142.2198028564453,142.2198028564453,65000,0.0,0.0
2024-06-06 00:00:00+08:00,142.21979557751766,142.21979557751766,139.75070190429688,139.75070190429688,80000,0.0,0.0
2024-06-07 00:00:00+08:00,139.75071460253574,144.19508361816406,139.75071460253574,144.19508361816406,67000,0.0,0.0
2024-06-11 00:00:00+08:00,143.70126602497507,143.70126602497507,139.25689697265625,139.25689697265625,67000,0.0,0.0
2024-06-12 00:00:00+08:00,141.23216247558594,142.2197999754152,140.24452497575666,141.23216247558594,26000,0.0,0.0
2024-06-13 00:00:00+08:00,140.24452354029606,142.71361726459705,140.24452354029606,140.73834228515625,35000,0.0,0.0
2024-06-14 00:00:00+08:00,140.73834515614791,143.70125768575105,140.24452640121407,141.72598266601562,97000,0.0,0.0
2024-06-17 00:00:00+08:00,142.71361505417596,147.6518024262928,142.71361505417596,145.18270874023438,209000,0.0,0.0
2024-06-18 00:00:00+08:00,147.5,149.0,143.5,143.5,112000,1.817287,0.0
2024-06-19 00:00:00+08:00,146.5,146.5,141.5,141.5,87000,0.0,0.0
2024-06-20 00:00:00+08:00,141.0,145.5,141.0,143.5,96000,0.0,0.0
2024-06-21 00:00:00+08:00,146.0,148.5,143.0,144.0,152000,0.0,0.0
2024-06-24 00:00:00+08:00,144.0,147.5,141.0,141.5,187000,0.0,0.0
2024-06-25 00:00:00+08:00,142.0,147.0,142.0,143.0,311000,0.0,0.0
2024-06-26 00:00:00+08:00,144.5,145.5,140.5,141.0,141000,0.0,0.0
2024-06-27 00:00:00+08:00,141.5,141.5,138.0,139.0,144000,0.0,0.0
2024-06-28 00:00:00+08:00,139.5,141.5,139.0,139.0,81000,0.0,0.0
2024-07-01 00:00:00+08:00,140.0,140.5,138.0,138.0,45000,0.0,0.0
2024-07-02 00:00:00+08:00,138.5,138.5,135.0,135.5,89000,0.0,0.0
2024-07-03 00:00:00+08:00,135.5,138.5,135.5,136.0,87000,0.0,0.0
2024-07-04 00:00:00+08:00,136.5,138.5,136.5,137.0,63000,0.0,0.0
2024-07-05 00:00:00+08:00,136.5,138.0,135.0,135.5,222000,0.0,0.0
2024-07-08 00:00:00+08:00,137.0,137.0,134.0,134.5,100000,0.0,0.0
2024-07-09 00:00:00+08:00,135.0,136.0,130.0,135.0,189000,0.0,0.0
2024-07-10 00:00:00+08:00,135.0,137.0,133.0,133.0,85000,0.0,0.0
2024-07-11 00:00:00+08:00,133.5,135.0,133.0,134.0,77000,0.0,0.0
2024-07-12 00:00:00+08:00,133.0,134.0,132.5,133.5,55000,0.0,0.0
2024-07-15 00:00:00+08:00,133.5,133.5,131.0,131.5,124000,0.0,0.0
2024-07-16 00:00:00+08:00,131.5,133.5,131.0,132.0,83000,0.0,0.0
2024-07-17 00:00:00+08:00,132.5,135.5,132.5,134.0,131000,0.0,0.0
2024-07-18 00:00:00+08:00,132.5,133.0,130.5,133.0,109000,0.0,0.0
2024-07-19 00:00:00+08:00,132.0,132.0,129.0,129.0,117000,0.0,0.0
2024-07-22 00:00:00+08:00,131.0,131.0,124.0,125.0,104000,0.0,0.0
2024-07-23 00:00:00+08:00,126.5,127.0,125.5,125.5,41000,0.0,0.0
2024-07-26 00:00:00+08:00,123.0,126.0,123.0,125.5,47000,0.0,0.0
2024-07-29 00:00:00+08:00,126.0,126.5,121.5,122.0,93000,0.0,0.0
2024-07-30 00:00:00+08:00,121.0,123.0,118.5,121.5,82000,0.0,0.0
2024-07-31 00:00:00+08:00,121.0,121.5,119.5,120.5,64000,0.0,0.0
2024-08-01 00:00:00+08:00,122.0,130.0,121.5,126.0,167000,0.0,0.0
2024-08-02 00:00:00+08:00,123.5,125.5,121.0,122.0,64000,0.0,0.0
2024-08-05 00:00:00+08:00,121.0,124.0,113.0,116.0,243000,0.0,0.0
2024-08-06 00:00:00+08:00,117.0,117.0,105.0,110.5,205000,0.0,0.0
2024-08-07 00:00:00+08:00,111.5,117.0,111.5,116.0,78000,0.0,0.0
2024-08-08 00:00:00+08:00,114.5,116.5,113.5,114.5,51000,0.0,0.0
2024-08-09 00:00:00+08:00,118.0,122.0,115.5,119.5,213000,0.0,0.0
2024-08-12 00:00:00+08:00,120.0,123.0,120.0,121.0,64000,0.0,0.0
2024-08-13 00:00:00+08:00,121.0,121.0,119.0,120.0,52000,0.0,0.0
2024-08-14 00:00:00+08:00,123.0,128.5,122.0,122.5,258000,0.0,0.0
2024-08-15 00:00:00+08:00,124.5,124.5,121.5,122.0,67000,0.0,0.0
2024-08-16 00:00:00+08:00,124.0,124.0,122.0,124.0,73000,0.0,0.0
2024-08-19 00:00:00+08:00,123.5,127.5,122.5,124.5,159000,0.0,0.0
2024-08-20 00:00:00+08:00,125.5,126.0,124.0,124.5,52000,0.0,0.0
2024-08-21 00:00:00+08:00,124.0,125.5,123.5,124.5,111000,0.0,0.0
2024-08-22 00:00:00+08:00,125.0,125.5,124.0,124.5,71000,0.0,0.0
2024-08-23 00:00:00+08:00,123.5,124.0,121.5,123.0,64000,0.0,0.0
2024-08-26 00:00:00+08:00,125.0,125.0,123.0,123.0,64000,0.0,0.0
2024-08-27 00:00:00+08:00,122.5,124.5,121.0,123.5,149000,0.0,0.0
2024-08-28 00:00:00+08:00,123.5,126.0,122.5,125.0,107000,0.0,0.0
2024-08-29 00:00:00+08:00,125.0,128.0,124.0,127.0,247000,0.0,0.0
2024-08-30 00:00:00+08:00,128.0,129.5,125.0,128.0,233000,0.0,0.0
2024-09-02 00:00:00+08:00,128.0,128.0,125.5,127.0,70000,0.0,0.0
2024-09-03 00:00:00+08:00,127.0,128.5,125.5,125.5,86000,0.0,0.0
2024-09-04 00:00:00+08:00,122.5,124.5,118.0,120.5,155000,0.0,0.0
2024-09-05 00:00:00+08:00,123.5,123.5,119.5,119.5,96000,0.0,0.0
2024-09-06 00:00:00+08:00,119.5,121.5,119.5,120.0,13000,0.0,0.0
2024-09-09 00:00:00+08:00,117.0,119.0,116.5,119.0,40000,0.0,0.0
2024-09-10 00:00:00+08:00,119.5,119.5,116.5,117.5,46000,0.0,0.0
2024-09-11 00:00:00+08:00,117.5,118.0,116.0,117.0,36000,0.0,0.0
2024-09-12 00:00:00+08:00,120.0,120.5,119.0,119.0,43000,0.0,0.0
2024-09-13 00:00:00+08:00,121.0,121.0,118.5,119.5,31000,0.0,0.0
2024-09-16 00:00:00+08:00,119.5,123.0,119.5,122.5,48000,0.0,0.0
2024-09-18 00:00:00+08:00,123.5,124.5,121.5,121.5,57000,0.0,0.0
2024-09-19 00:00:00+08:00,123.5,124.0,122.0,122.5,51000,0.0,0.0
2024-09-20 00:00:00+08:00,124.0,124.0,122.0,122.5,63000,0.0,0.0
2024-09-23 00:00:00+08:00,123.0,123.5,122.5,123.0,41000,0.0,0.0
2024-09-24 00:00:00+08:00,123.5,124.5,122.5,124.0,59000,0.0,0.0
2024-09-25 00:00:00+08:00,125.0,129.5,125.0,127.5,225000,0.0,0.0
2024-09-26 00:00:00+08:00,128.5,129.5,125.0,126.5,123000,0.0,0.0
2024-09-27 00:00:00+08:00,126.5,132.0,126.5,131.0,230000,0.0,0.0
2024-09-30 00:00:00+08:00,129.5,131.5,128.0,130.0,174000,0.0,0.0
2024-10-01 00:00:00+08:00,131.5,132.0,130.5,131.0,58000,0.0,0.0
2024-10-04 00:00:00+08:00,132.0,132.0,128.0,128.0,69000,0.0,0.0
2024-10-07 00:00:00+08:00,129.0,129.0,127.5,127.5,30000,0.0,0.0
2024-10-08 00:00:00+08:00,127.5,127.5,125.5,126.0,71000,0.0,0.0
2024-10-09 00:00:00+08:00,126.5,126.5,125.0,125.0,40000,0.0,0.0
2024-10-11 00:00:00+08:00,125.0,125.0,124.0,125.0,25000,0.0,0.0
2024-10-14 00:00:00+08:00,125.5,129.5,125.5,129.0,71000,0.0,0.0
2024-10-15 00:00:00+08:00,129.5,134.0,129.5,130.0,181000,0.0,0.0
2024-10-16 00:00:00+08:00,130.5,142.5,130.5,136.5,558000,0.0,0.0
2024-10-17 00:00:00+08:00,140.0,142.5,138.0,139.0,230000,0.0,0.0
2024-10-18 00:00:00+08:00,139.0,139.0,132.5,133.5,215000,0.0,0.0
2024-10-21 00:00:00+08:00,133.5,136.5,131.5,135.0,239000,0.0,0.0
2024-10-22 00:00:00+08:00,136.0,139.5,134.5,135.5,123000,0.0,0.0
2024-10-23 00:00:00+08:00,135.5,135.5,133.0,133.0,94000,0.0,0.0
2024-10-24 00:00:00+08:00,133.5,138.0,132.5,133.5,209000,0.0,0.0
2024-10-25 00:00:00+08:00,134.0,134.5,132.0,133.5,47000,0.0,0.0
2024-10-28 00:00:00+08:00,135.0,135.0,130.0,131.0,102000,0.0,0.0
2024-10-29 00:00:00+08:00,130.0,134.5,130.0,133.0,97000,0.0,0.0
2024-10-30 00:00:00+08:00,134.0,135.0,131.0,131.0,90000,0.0,0.0
2024-11-01 00:00:00+08:00,128.5,132.5,128.5,132.0,80000,0.0,0.0
2024-11-04 00:00:00+08:00,132.0,136.0,130.5,135.0,149000,0.0,0.0
2024-11-05 00:00:00+08:00,135.0,136.0,133.5,133.5,55000,0.0,0.0
2024-11-06 00:00:00+08:00,133.5,133.5,131.5,133.5,106000,0.0,0.0
2024-11-07 00:00:00+08:00,136.0,137.5,134.0,135.0,170000,0.0,0.0
2024-11-08 00:00:00+08:00,135.0,135.0,132.0,132.5,59000,0.0,0.0
2024-11-11 00:00:00+08:00,131.0,134.0,129.0,130.0,165000,0.0,0.0
2024-11-12 00:00:00+08:00,132.0,132.0,125.5,125.5,177000,0.0,0.0
2024-11-13 00:00:00+08:00,125.5,126.5,124.5,125.5,46000,0.0,0.0
2024-11-14 00:00:00+08:00,125.5,125.5,122.0,122.5,84000,0.0,0.0
2024-11-15 00:00:00+08:00,124.0,124.5,123.0,123.0,32000,0.0,0.0
2024-11-18 00:00:00+08:00,123.0,123.0,121.5,122.0,38000,0.0,0.0
2024-11-19 00:00:00+08:00,125.0,125.5,124.0,124.5,49000,0.0,0.0
2024-11-20 00:00:00+08:00,124.5,125.0,123.5,124.0,36495,0.0,0.0
2024-11-21 00:00:00+08:00,124.0,125.5,124.0,125.5,20000,0.0,0.0
2024-11-22 00:00:00+08:00,127.0,127.0,124.0,126.5,69000,0.0,0.0
2024-11-25 00:00:00+08:00,127.0,129.0,126.0,127.0,85000,0.0,0.0
2024-11-26 00:00:00+08:00,127.5,127.5,126.0,127.0,43000,0.0,0.0
2024-11-27 00:00:00+08:00,127.0,127.0,121.5,122.0,99000,0.0,0.0
2024-11-28 00:00:00+08:00,123.5,123.5,118.5,121.5,96000,0.0,0.0
2024-11-29 00:00:00+08:00,122.0,122.5,120.5,121.5,38000,0.0,0.0
2024-12-02 00:00:00+08:00,125.0,126.0,122.5,123.5,92000,0.0,0.0
2024-12-03 00:00:00+08:00,123.5,124.5,123.0,123.0,25000,0.0,0.0
2024-12-04 00:00:00+08:00,124.0,130.0,123.0,129.0,185000,0.0,0.0
2024-12-05 00:00:00+08:00,131.5,131.5,126.5,126.5,67000,0.0,0.0
2024-12-06 00:00:00+08:00,126.5,127.5,126.0,127.0,40000,0.0,0.0
2024-12-09 00:00:00+08:00,126.5,128.5,125.5,126.5,31000,0.0,0.0
2024-12-10 00:00:00+08:00,126.0,127.0,125.5,125.5,19000,0.0,0.0
2024-12-11 00:00:00+08:00,125.0,126.0,123.5,125.5,39000,0.0,0.0
2024-12-12 00:00:00+08:00,125.5,127.0,125.0,125.5,43000,0.0,0.0
2024-12-13 00:00:00+08:00,125.0,125.0,123.0,123.0,37000,0.0,0.0
2024-12-16 00:00:00+08:00,122.5,122.5,120.0,120.5,67000,0.0,0.0
2024-12-17 00:00:00+08:00,120.5,123.0,120.5,123.0,28000,0.0,0.0
2024-12-18 00:00:00+08:00,122.0,123.0,121.0,123.0,17000,0.0,0.0
2024-12-19 00:00:00+08:00,122.5,122.5,121.0,122.0,19000,0.0,0.0
2024-12-20 00:00:00+08:00,122.0,122.5,120.5,121.0,45000,0.0,0.0
2024-12-23 00:00:00+08:00,121.5,123.0,121.5,121.5,30000,0.0,0.0
2024-12-24 00:00:00+08:00,122.0,122.5,120.0,120.0,46000,0.0,0.0
2024-12-25 00:00:00+08:00,121.0,121.5,120.0,120.5,37000,0.0,0.0
2024-12-26 00:00:00+08:00,120.5,125.0,120.5,123.0,58000,0.0,0.0
2024-12-27 00:00:00+08:00,123.5,123.5,121.5,123.0,22000,0.0,0.0
2024-12-30 00:00:00+08:00,123.5,123.5,120.0,120.0,29000,0.0,0.0
2024-12-31 00:00:00+08:00,120.0,121.0,118.5,119.0,34000,0.0,0.0
2025-01-02 00:00:00+08:00,120.0,120.0,119.0,119.0,20000,0.0,0.0
2025-01-03 00:00:00+08:00,119.0,121.5,118.0,118.5,65000,0.0,0.0
2025-01-06 00:00:00+08:00,119.0,119.0,118.5,118.5,21000,0.0,0.0
2025-01-07 00:00:00+08:00,123.0,130.0,123.0,130.0,376000,0.0,0.0
2025-01-08 00:00:00+08:00,134.0,139.0,131.5,135.0,1498000,0.0,0.0
2025-01-09 00:00:00+08:00,135.0,144.0,134.5,138.0,1409000,0.0,0.0
2025-01-10 00:00:00+08:00,139.5,142.5,132.5,134.5,666000,0.0,0.0
2025-01-13 00:00:00+08:00,134.0,141.5,131.5,139.5,896000,0.0,0.0
2025-01-14 00:00:00+08:00,137.0,138.5,134.5,135.5,364000,0.0,0.0
2025-01-15 00:00:00+08:00,134.5,143.5,134.5,139.5,592000,0.0,0.0
2025-01-16 00:00:00+08:00,146.0,152.5,139.5,142.0,2177000,0.0,0.0
2025-01-17 00:00:00+08:00,141.0,142.5,136.0,136.5,520000,0.0,0.0
2025-01-20 00:00:00+08:00,139.0,143.5,137.5,140.0,426000,0.0,0.0
2025-01-21 00:00:00+08:00,139.0,142.5,138.0,140.0,233000,0.0,0.0
2025-01-22 00:00:00+08:00,140.0,154.0,136.0,154.0,1226000,0.0,0.0
2025-02-03 00:00:00+08:00,153.5,160.0,146.0,150.5,2308368,0.0,0.0
2025-02-04 00:00:00+08:00,157.0,165.5,157.0,165.5,1619536,0.0,0.0
2025-02-05 00:00:00+08:00,167.0,177.5,163.0,164.0,4256464,0.0,0.0
2025-02-06 00:00:00+08:00,166.5,173.0,162.5,165.0,1577503,0.0,0.0
2025-02-07 00:00:00+08:00,164.0,164.5,157.0,161.5,795468,0.0,0.0
2025-02-10 00:00:00+08:00,166.5,170.0,160.5,162.5,1126096,0.0,0.0
2025-02-11 00:00:00+08:00,165.0,165.0,159.0,159.5,525617,0.0,0.0
2025-02-12 00:00:00+08:00,160.5,162.0,157.0,159.5,562265,0.0,0.0
2025-02-13 00:00:00+08:00,162.5,173.5,162.0,167.5,1765342,0.0,0.0
2025-02-14 00:00:00+08:00,169.5,169.5,163.0,167.5,600215,0.0,0.0
2025-02-17 00:00:00+08:00,167.5,167.5,163.0,163.0,381051,0.0,0.0
2025-02-18 00:00:00+08:00,167.0,169.5,160.0,161.0,563093,0.0,0.0
2025-02-19 00:00:00+08:00,162.5,163.0,158.0,158.0,476118,0.0,0.0
2025-02-20 00:00:00+08:00,158.0,160.0,155.0,155.5,364160,0.0,0.0
2025-02-21 00:00:00+08:00,156.0,160.5,155.5,160.0,359020,0.0,0.0
2025-02-24 00:00:00+08:00,157.5,166.0,157.5,161.0,441101,0.0,0.0
2025-02-25 00:00:00+08:00,161.0,161.0,148.5,148.5,909506,0.0,0.0
2025-02-26 00:00:00+08:00,148.5,150.5,147.0,148.5,337067,0.0,0.0
2025-02-27 00:00:00+08:00,148.0,150.5,144.0,147.5,493132,0.0,0.0
